,0,1,2,3,4,5,6,7,8,9,10,11,12,13,14,15,16,17,18,19,20,21,22,23,24,25,26,27,28,29,30,31,32,33,34,35,36,37,38,39,40,41,42,43,44,45,46,47,48,49,50,51,52,53,54,55,56,57,58,59,60,61,62,63,64,65,66,67,68,69,70,71,72,73,74,75,76,77,78,79,80,81,82,83,84,85,86,87,88,89,90,91,92,93,94,95,96,97,98,99,100,101,102,103,104,105,106,107,108,109,110,111,112,113
0,0.0,4.6592336,6.675127,8.646037,12.070574,13.236288,17.215788,21.374796,22.607851,25.421986,28.690268,30.913786,32.246655,30.345484,30.492607,26.133308,26.836359,23.421778,25.755377,21.941303,22.647278,22.046627,21.77046,24.505245,19.905895,17.738457,17.097652,18.09823,16.519135,20.277245,18.435686,24.27808,26.672243,31.794016,31.159521,35.201214,36.230686,33.68422,32.281933,29.534578,26.030455,22.175884,21.176418,16.175854,15.617664,13.782506,12.331907,13.325487,13.679861,18.314196,15.110513,19.677925,20.679157,17.466866,17.90369,15.109219,12.876538,9.175314,8.072461,12.406392,12.819794,18.650593,20.28375,24.614775,26.260468,29.222443,31.975857,33.078976,34.114483,31.547916,29.085209,31.74507,27.789799,31.50491,28.225454,33.784256,31.626022,28.419807,30.806864,27.052685,23.870516,22.294285,23.236008,20.482037,22.060352,18.242325,23.421978,23.289497,24.24246,25.283884,27.63548,30.015926,29.380314,26.585827,30.162605,27.48765,26.062317,26.185345,26.775942,30.881378,28.480576,28.409397,23.089943,27.076284,23.665426,25.0641,27.906788,30.779503,29.752096,33.369312,29.210318,33.6149,32.324993,36.416073
1,4.6592336,0.0,5.2605996,6.2364225,9.115068,12.007932,14.628926,19.366888,20.927702,23.24567,26.481113,29.287718,30.747526,28.679544,29.222347,25.112722,25.991978,23.316534,25.25357,22.552427,22.90865,23.394545,22.7316,25.978962,21.455687,18.69028,18.91767,18.226189,16.79925,19.533335,17.413027,22.844868,24.3863,30.066732,28.742203,32.818874,33.57662,30.850115,30.028767,27.695541,23.363514,20.00086,18.993849,14.521797,13.812676,13.516721,12.203157,14.680546,15.604834,20.814201,18.293978,22.523476,24.058826,21.411497,21.95568,19.481276,16.720333,13.516814,12.05505,15.707835,15.360723,21.647001,22.777594,27.026535,28.76529,31.009872,33.91602,34.43168,34.95897,31.788498,29.725214,31.565994,27.75307,31.158669,27.74777,33.419373,31.188887,27.824495,30.2127,26.780424,23.450756,22.609026,23.338434,21.269447,22.729115,19.529518,24.700092,24.669224,26.166435,27.425947,30.158451,32.876743,32.782307,30.29102,34.023228,31.542831,30.213478,30.14708,30.45618,34.3732,31.761003,31.22309,25.869593,29.281544,25.338417,26.308111,28.738182,31.936588,30.638561,34.82237,30.247278,34.610336,33.522903,37.182587
2,6.675127,5.2605996,0.0,5.136188,6.9553947,7.368134,11.997927,15.410074,17.56012,19.686491,23.408337,25.698997,27.680143,26.082571,26.900743,22.946018,24.59903,21.96865,24.951794,22.530794,24.049427,24.536198,24.801329,28.440582,24.241566,21.26424,19.920116,19.86848,16.560751,19.97093,16.302643,22.357721,22.958538,28.598246,27.397705,31.191864,32.640194,30.181723,29.361675,27.204441,22.671068,19.987455,17.826805,13.82184,15.008665,14.0427685,14.7044525,16.622149,18.318655,22.919937,20.767914,25.271952,26.678854,23.532999,23.034286,20.322956,17.151564,13.925763,11.245974,13.707166,13.4389515,19.599277,21.0992,25.073221,27.830772,29.489035,33.018013,33.194065,33.62855,30.677372,28.004164,29.481026,25.139482,28.17144,24.336084,29.78181,27.04575,23.517433,25.577444,21.975346,18.49508,17.720102,19.116491,17.372831,19.590101,16.858114,22.66772,23.779333,25.69528,27.66634,30.558487,33.365406,33.17365,30.298084,33.564335,30.764896,29.049849,28.30107,28.038748,31.812794,28.596613,27.86033,22.512667,25.14416,21.340433,21.680124,24.012398,27.44223,26.36523,30.958323,26.79697,31.360693,30.810143,34.493153
3,8.646037,6.2364225,5.136188,0.0,3.7523384,7.390788,8.736553,13.811492,14.799965,17.421095,20.435396,23.196857,24.51802,22.460752,23.06927,19.051659,20.29344,18.009787,20.392714,18.63599,19.826693,21.134039,21.237246,25.35074,21.490017,18.005562,17.111267,15.750051,12.632868,15.233838,11.820348,17.517544,18.512379,24.160524,22.957922,26.938442,28.069792,25.542109,24.56378,22.321306,17.937881,14.934137,13.170544,8.967481,10.008523,9.787005,11.058193,13.749267,16.18646,20.913134,19.899155,23.9516,26.098354,23.791817,23.037743,21.085169,17.001232,14.895493,12.4881525,14.319508,12.838384,19.210909,19.684523,23.58987,25.83498,26.97102,30.31676,30.096098,30.17087,26.746244,24.64978,25.838045,21.980844,25.162237,21.733791,27.439882,25.38507,22.123713,24.792059,21.703346,18.690817,18.118116,17.967182,16.352003,17.484835,15.019831,20.1121,20.716877,22.967451,24.966673,28.192327,31.341133,31.88168,29.577875,33.186977,30.948206,29.723574,29.139818,28.878523,32.299942,29.589748,28.252056,23.07251,25.925472,21.246895,22.224695,24.222942,27.397547,25.691788,30.12275,25.14594,29.390472,28.526293,31.815744
4,12.070574,9.115068,6.9553947,3.7523384,0.0,6.061714,5.57026,10.727002,12.264877,14.250462,17.440493,20.488705,22.165606,20.224724,21.354996,17.772198,19.594997,18.12258,20.631424,20.008213,21.463194,23.413713,23.68101,28.098278,24.516394,20.803486,19.80971,17.811895,14.150907,16.022463,11.669627,16.943733,16.436396,22.497173,20.750246,24.561384,25.86071,23.362818,22.907803,21.194,15.998927,14.094897,11.5506315,8.769266,10.954285,11.706746,13.838743,16.794989,19.555426,24.161104,23.51253,27.46287,29.737366,27.480774,26.502695,24.580492,20.337147,18.351349,15.6490965,16.811295,15.119406,21.232933,21.528128,25.089506,27.752716,28.114008,31.758358,30.971428,30.619759,26.923548,24.901413,25.178545,21.28763,23.904696,20.232645,25.806702,23.509403,20.115276,22.619225,19.872541,16.833239,17.01876,16.839277,16.131704,17.398533,15.889869,20.914759,22.108158,24.818787,27.191122,30.617605,33.928616,34.714603,32.453835,35.913902,33.682507,32.377995,31.453531,30.825867,34.007946,30.992867,29.298277,24.27766,26.319702,21.461107,21.821545,23.336079,26.7565,24.946098,29.88578,24.882835,29.061466,28.627924,31.507015
5,13.236288,12.007932,7.368134,7.390788,6.061714,0.0,7.3265123,8.527851,10.923924,12.954524,16.929129,18.662302,21.045818,19.95099,21.137747,17.651646,20.29174,18.332071,22.258076,21.08993,23.816952,24.961517,26.199972,30.501907,27.077644,23.65062,20.983418,20.684593,15.449499,18.692877,13.243285,19.247952,18.37188,23.70298,22.6735,25.986826,28.235203,26.230879,25.400803,23.633139,19.10404,17.63227,14.103708,11.673207,15.236353,14.204458,17.31149,18.997242,21.828075,25.660679,24.823217,29.108513,30.902773,27.969236,26.186272,23.941042,19.834686,17.74733,14.3450165,14.264222,13.068351,18.44938,19.458673,22.655266,26.414255,26.578075,30.792637,30.042492,29.949213,26.982576,23.964945,24.387312,19.705309,22.01594,17.792551,22.983631,19.917543,16.28075,18.306252,14.927249,11.564123,11.394175,12.5108185,11.916051,14.521434,13.35841,19.176052,21.670492,24.41689,27.323929,30.59727,33.720947,34.03731,31.240553,34.070072,31.414843,29.659538,28.10213,26.972574,30.047878,26.42858,24.756113,19.815308,21.053837,16.655336,16.287836,17.923729,21.581324,20.246424,25.496267,21.322205,25.844967,25.998707,29.214787
6,17.215788,14.628926,11.997927,8.736553,5.57026,7.3265123,0.0,6.4657054,7.1593323,9.018349,11.883052,15.145226,16.815802,14.949646,16.513025,13.521249,16.057762,15.713444,18.46544,19.397009,21.475792,24.162132,24.980545,29.808233,26.926195,22.97193,21.372187,18.85858,14.270093,15.239228,9.763513,14.115623,11.813894,17.909203,15.9892645,19.506327,21.304468,19.116125,18.805317,17.602558,12.142376,11.762996,7.922654,7.8271966,11.82605,12.948574,16.595541,19.333647,22.724033,26.725155,27.051527,30.696297,33.28394,31.32056,29.644861,28.123463,23.377157,22.149036,19.232788,19.10408,16.82399,22.135649,21.79038,24.652397,27.670256,26.776714,30.719542,29.08737,28.130419,24.189459,22.324451,21.396364,17.665163,19.563019,15.882432,21.259495,19.137989,15.930353,18.624434,16.682364,14.300037,15.250179,13.933344,14.429398,15.172906,15.192306,19.438784,21.329073,24.64735,27.559471,31.24594,34.790607,36.09665,34.087315,37.3199,35.35757,34.173645,32.8563,31.752415,34.348297,31.313345,28.924011,24.41513,25.566334,20.28135,20.368666,21.092077,24.403807,22.183804,27.380196,22.145979,25.962904,25.949656,28.14045
7,21.374796,19.366888,15.410074,13.811492,10.727002,8.527851,6.4657054,0.0,5.027536,4.612972,9.110003,11.012828,14.206389,13.698937,16.023428,14.117713,17.87432,17.965118,21.770887,23.024052,26.095406,28.4603,30.010834,34.83688,32.184765,28.360693,25.670162,24.098408,18.466145,19.980017,13.80761,17.758194,13.837633,18.907366,17.253006,19.689548,22.610945,21.134363,21.05951,20.470394,15.514968,16.565823,12.034141,13.179202,17.858423,18.105362,22.339134,24.40832,27.886381,31.371159,31.666662,35.506527,37.810253,35.3991,33.124657,31.4011,26.768576,25.501318,22.138783,20.98833,19.049343,23.301859,23.309086,25.43342,29.491909,27.798841,32.319233,30.250483,29.126842,25.725037,23.179464,21.390196,17.155703,17.775229,13.400919,17.842173,14.6023445,11.017552,12.891791,11.292606,9.084049,11.334497,10.787198,12.993078,14.715353,16.157494,20.42212,23.705425,27.236712,30.708292,34.326626,37.775818,38.88218,36.54521,39.150715,36.927704,35.39117,33.385696,31.635853,33.81373,30.167574,27.492132,23.521435,23.05607,18.26052,16.973795,16.852709,20.474615,18.553255,24.464397,20.147045,23.94152,24.982937,26.861195
8,22.607851,20.927702,17.56012,14.799965,12.264877,10.923924,7.1593323,5.027536,0.0,4.5867863,6.6082807,8.410324,10.244515,9.231408,11.130489,9.122816,13.023414,13.606022,17.385975,19.356281,22.66864,25.348902,27.2037,32.143456,30.080154,26.231657,23.285877,21.45955,15.669156,16.609356,10.512575,13.611436,9.938117,14.260647,13.44452,15.941529,19.091524,17.90335,17.010273,16.156069,12.359537,13.4126835,8.839618,10.997631,16.037746,16.107908,20.996037,22.74002,26.540337,29.466185,30.62721,34.034733,36.656925,34.759876,32.09087,30.945028,25.91801,25.50716,22.391457,20.654415,18.11013,21.768871,20.937416,22.640049,26.34114,23.991343,28.391104,25.917421,24.489428,20.927149,18.669813,16.486069,12.563552,13.280105,9.311762,14.287314,12.252861,9.444303,12.575432,11.709746,10.88361,12.268676,9.237391,11.432764,11.631247,13.842605,16.88045,20.069881,23.831133,27.423763,31.145855,34.722878,36.323326,34.424892,37.071133,35.32906,34.193676,32.30725,30.573738,32.33702,29.30382,26.173056,22.592007,22.497396,17.098318,16.896713,16.59053,19.457836,16.833311,22.127949,17.02126,20.37118,21.105505,22.604094
9,25.421986,23.24567,19.686491,17.421095,14.250462,12.954524,9.018349,4.612972,4.5867863,0.0,4.70902,7.1434274,10.469314,10.244502,13.216317,12.572824,16.58605,17.906906,21.279114,23.78845,26.855867,29.787045,31.435755,36.421062,34.246155,30.314651,27.713968,25.54356,20.062576,20.57412,14.686562,17.004452,11.610801,16.027334,14.1290865,15.889974,19.18529,18.140842,18.395998,18.519611,13.85488,16.267899,11.78557,14.670312,19.399744,20.147308,24.710167,26.845558,30.559149,33.783104,34.7012,38.22637,40.81135,38.767185,36.28524,34.90699,30.021805,29.22151,25.970575,24.474134,22.189352,25.926956,25.34179,26.935495,30.832558,28.266825,32.72419,30.006828,28.321554,24.70798,22.673986,19.689718,16.159899,15.772418,11.884357,15.609296,12.931343,10.073113,12.026608,12.048118,11.243158,13.879378,12.008283,15.00817,15.75828,18.18626,21.277962,24.608225,28.39473,31.998995,35.72757,39.305534,40.873146,38.8852,41.441143,39.55334,38.24413,36.17335,34.263268,35.98301,32.588406,29.470547,26.037588,25.140463,20.20986,19.000677,18.113577,21.264048,18.94845,24.675352,20.212826,23.307978,24.608185,25.608547
10,28.690268,26.481113,23.408337,20.435396,17.440493,16.929129,11.883052,9.110003,6.6082807,4.70902,0.0,4.906934,6.806766,6.436108,9.938776,10.752019,14.591713,17.141956,19.80437,23.507618,26.439655,29.88403,31.588902,36.647,35.02344,31.06158,28.617416,25.885668,20.778465,20.25051,15.068139,15.52102,9.146766,12.35125,10.452513,11.486311,15.177685,14.673297,14.95905,15.723115,11.970663,15.450069,11.503655,15.701247,20.21118,21.316393,26.085932,28.183023,32.07313,34.947113,36.550175,39.667454,42.551342,40.975983,38.317593,37.370308,32.24519,31.994535,28.94794,27.193748,24.547691,27.822353,26.57557,27.705622,31.177122,27.869501,32.076183,28.789017,26.563133,22.71428,21.406815,17.36117,14.914573,13.738231,10.968957,13.961929,12.677227,11.097558,13.394596,14.583699,14.821133,17.16777,14.020137,17.105972,16.689373,19.720757,21.494255,24.559134,28.488316,32.094982,35.88596,39.565125,41.638847,40.097496,42.67339,41.215897,40.23345,38.243874,36.316704,37.626465,34.69052,31.209898,28.239517,27.362156,22.231323,21.552387,20.28192,22.757761,20.003311,25.112562,20.329311,22.591837,23.832537,23.94418
11,30.913786,29.287718,25.698997,23.196857,20.488705,18.662302,15.145226,11.012828,8.410324,7.1434274,4.906934,0.0,4.735669,6.8678923,9.818943,11.368593,15.522002,17.79416,21.228746,24.604704,28.257286,31.195717,33.501556,38.438892,37.065132,33.295082,29.980284,28.155174,22.426384,22.574554,17.253906,17.960087,12.622813,13.864942,13.540066,13.6188545,17.983706,18.169111,17.730526,18.235271,15.96894,18.903564,14.937176,18.564894,23.420853,23.619665,28.764359,30.22412,34.160267,36.47968,38.207287,41.34116,44.03807,42.28765,39.119877,38.23224,33.17404,33.17382,30.02185,27.543472,25.046732,27.312101,26.119835,26.568727,30.53522,26.686514,31.146908,27.653471,25.445139,22.355585,20.46374,16.136553,13.512748,11.172933,8.433525,9.854535,8.320606,7.672475,9.64365,11.90982,13.394881,15.662488,12.268367,16.002008,15.66343,19.491236,20.761198,24.602335,28.495014,32.394154,36.02335,39.54972,41.503086,39.85229,41.939144,40.473133,39.407913,37.059757,34.77594,35.607876,32.613182,28.893791,26.608381,24.872984,20.198166,19.182241,17.26809,19.271969,16.5641,21.550928,17.499086,19.365034,21.314701,21.10285
12,32.246655,30.747526,27.680143,24.51802,22.165606,21.045818,16.815802,14.206389,10.244515,10.469314,6.806766,4.735669,0.0,3.5180674,5.8095207,8.862857,12.410737,15.559049,18.305376,22.49224,26.017357,29.240007,31.631027,36.518734,35.703804,32.0183,28.802412,26.6653,21.385195,20.762033,16.366941,15.570551,10.846253,9.980097,10.916042,10.508796,15.054141,15.749445,14.498597,15.008052,14.4779215,17.413109,14.22823,18.303492,22.810135,23.045738,28.284138,29.532642,33.555195,35.42166,37.809277,40.490463,43.436172,42.188183,38.874313,38.46658,33.23258,33.82928,30.97364,28.331545,25.497969,27.33875,25.46254,25.540026,28.863113,24.470064,28.550167,24.635431,21.994398,18.730743,17.575085,12.435742,11.135718,8.32545,7.5716395,8.615832,9.70982,10.363887,13.045065,15.23045,16.964783,18.488941,13.968935,17.060705,15.424769,19.436993,19.3228,22.661457,26.567152,30.36435,33.988247,37.564297,39.98913,38.824688,40.98441,40.003117,39.339085,37.2267,35.0921,35.61274,33.27698,29.329733,27.369978,26.200396,21.237108,21.235859,19.480927,20.722923,17.556837,21.464676,16.794481,17.800629,19.261599,18.304441
13,30.345484,28.679544,26.082571,22.460752,20.224724,19.95099,14.949646,13.698937,9.231408,10.244502,6.436108,6.8678923,3.5180674,0.0,3.6858876,6.4419403,9.717432,13.30365,15.453373,20.030485,23.141819,26.71521,28.808077,33.759426,32.94665,29.18547,26.444057,23.747246,18.90651,17.705648,13.673489,12.261236,7.4385114,7.0239854,7.8374066,8.447564,12.608995,12.902721,11.330371,11.64292,11.103624,14.023745,11.155231,15.567812,19.782911,20.40119,25.496653,26.965908,30.991308,33.008575,35.523727,38.061634,41.176846,40.175392,37.10225,36.812702,31.491419,32.15694,29.475616,27.180496,24.15337,26.469156,24.368704,24.831064,27.653612,23.575197,27.402533,23.616297,20.952297,17.058424,16.420658,11.540195,10.506035,9.016018,8.360098,11.019543,12.223077,12.217131,15.398539,16.829124,17.932892,19.208754,14.482842,16.941908,14.88913,18.39141,18.24625,20.918114,24.855928,28.443758,32.176575,35.865208,38.464348,37.482685,39.985428,39.130264,38.630154,36.829315,34.988052,35.773018,33.65975,29.83801,27.471954,27.08843,21.72109,22.256708,21.016184,22.43908,19.139719,22.940748,17.569809,18.840916,19.560421,18.9253
14,30.492607,29.222347,26.900743,23.06927,21.354996,21.137747,16.513025,16.023428,11.130489,13.216317,9.938776,9.818943,5.8095207,3.6858876,0.0,4.602375,6.9133286,10.832138,12.764023,17.541357,20.808907,24.27257,26.62565,31.44082,31.058193,27.489092,24.514656,22.052,17.403812,16.048534,12.867362,10.715251,8.262431,5.5444446,8.721492,9.512671,13.193351,13.67248,10.771555,10.176729,11.776725,13.621961,11.53793,15.414077,19.32087,19.451298,24.614614,25.611143,29.633667,31.110233,34.07515,36.28788,39.4705,38.765484,35.482,35.555855,30.207039,31.378136,28.953424,26.409422,23.243883,24.984377,22.438448,22.565527,24.938116,20.560278,24.137732,20.18227,17.37287,13.457102,13.146719,8.025701,8.003686,7.0087485,7.9550376,10.616463,13.018836,13.554147,17.076645,18.237638,19.534088,20.12956,14.845732,16.63163,13.705761,17.193703,15.914822,18.241713,22.10761,25.645126,29.306927,32.96867,35.80314,35.116055,37.582973,37.05529,36.83048,35.19175,33.469284,34.022617,32.41982,28.516401,26.434946,26.516624,21.092968,22.40539,21.390913,22.2615,18.772945,21.689108,15.974673,16.76277,16.92231,16.100336
15,26.133308,25.112722,22.946018,19.051659,17.772198,17.651646,13.521249,14.117713,9.122816,12.572824,10.752019,11.368593,8.862857,6.4419403,4.602375,0.0,4.362411,6.882552,9.922681,13.691619,17.224087,20.413248,22.784988,27.65852,26.931662,23.333317,20.17686,17.992594,12.910526,12.218491,8.496509,7.8628006,7.624631,7.671788,10.218179,12.574272,15.485749,15.050013,11.819958,9.810736,10.713079,10.823012,8.514774,11.332301,15.40608,15.009474,20.291683,21.153788,25.182993,26.786808,29.556578,31.918388,35.034122,34.221657,31.028214,31.033949,25.67206,26.82011,24.468874,22.074375,18.837328,20.980162,18.499231,19.211998,21.567505,17.9879,21.727968,18.448849,16.315683,12.222821,11.136082,8.151621,6.2368703,7.9913864,7.4909916,12.160191,13.620328,13.21375,17.152832,17.173061,17.799648,17.804966,12.540976,13.397463,10.284447,13.1005745,12.41185,14.573835,18.51562,22.05653,25.82169,29.537346,32.13562,31.25589,33.96089,33.27167,33.005653,31.558496,30.078346,31.054298,29.4505,25.815706,23.176905,24.062721,18.336205,20.171673,19.867922,21.042484,17.613512,20.69847,14.454568,16.256195,15.764641,16.32269
16,26.836359,25.991978,24.59903,20.29344,19.594997,20.29174,16.057762,17.87432,13.023414,16.58605,14.591713,15.522002,12.410737,9.717432,6.9133286,4.362411,0.0,5.0202675,5.919424,10.907105,13.935292,17.528955,19.80847,24.576424,24.432224,21.0053,18.278994,15.610248,11.742175,9.80396,8.57955,5.5433607,8.871202,7.3243046,10.914144,13.455066,15.347289,14.90399,10.660541,7.5377665,10.98506,9.874045,9.53037,11.727534,14.577501,14.203199,19.104593,19.687439,23.626339,24.74666,28.172613,29.955965,33.32406,33.124565,30.005692,30.528269,25.17056,26.88685,25.038656,22.831465,19.437204,21.29387,18.198448,18.82945,19.981441,16.44724,19.39502,16.090746,13.783262,8.986295,9.40276,7.324961,7.650887,10.255229,11.16081,15.235564,17.46386,17.359968,21.33188,21.210527,21.74981,21.340992,16.043272,16.02176,12.229058,14.161495,12.06803,12.633841,16.366133,19.485704,23.241755,27.016953,30.099655,29.791819,32.737347,32.557705,32.744545,31.749483,30.644253,31.52618,30.630936,27.098263,24.60054,26.306808,20.615526,23.20871,23.23248,24.003752,20.545082,22.65645,16.233706,17.4327,15.932097,16.32296
17,23.421778,23.316534,21.96865,18.009787,18.12258,18.332071,15.713444,17.965118,13.606022,17.906906,17.141956,17.79416,15.559049,13.30365,10.832138,6.882552,5.0202675,0.0,5.696826,6.98721,11.293895,13.741065,16.60147,21.255928,20.840353,17.618862,13.869855,12.627291,7.76503,8.007118,6.823671,7.384631,12.298125,12.291994,15.332492,18.231068,20.08757,19.257189,15.192789,11.614914,13.959591,11.07522,10.60929,10.317867,13.046402,11.010102,16.061392,15.794044,19.695787,20.468988,23.783249,25.71564,28.871893,28.478594,25.134851,25.702646,20.380545,22.369476,20.696592,18.2914,14.901977,16.496365,13.313975,14.348387,15.5014925,12.886876,16.114178,13.8090515,12.697489,8.836621,7.455068,8.9342165,7.4333024,11.6953,11.80932,16.49358,18.097157,17.575527,21.59646,20.549395,20.729143,19.483088,14.510713,13.205565,9.213196,9.950721,7.747057,8.024097,11.884652,15.234018,19.045382,22.810904,25.53242,24.954649,27.970695,27.65536,27.830975,26.985737,26.099455,27.244003,26.520933,23.2882,20.521805,23.082663,17.454685,20.75272,21.476627,22.179585,18.96494,20.724394,14.261355,16.214735,14.069242,15.973589
18,25.755377,25.25357,24.951794,20.392714,20.631424,22.258076,18.46544,21.770887,17.385975,21.279114,19.80437,21.228746,18.305376,15.453373,12.764023,9.922681,5.919424,5.696826,0.0,6.730178,8.410392,12.537265,14.442996,19.081865,19.445517,16.284044,14.392675,11.106508,9.562698,6.240866,9.146289,5.64426,12.583728,11.65776,14.725275,17.713734,18.300806,17.391245,12.876124,8.791312,13.135981,9.782316,11.628157,11.913305,12.695623,12.08,15.973879,16.109999,19.743267,20.367907,24.422724,25.51172,29.144045,29.677505,26.892649,27.973986,22.795944,25.070324,23.971127,22.328693,18.937252,20.793144,17.304111,18.364206,17.825998,15.507661,17.19738,14.846085,13.235612,8.391862,10.170786,11.084383,11.962635,15.458958,16.430473,20.630806,22.823496,22.48396,26.517582,25.794577,25.867575,24.911661,19.98567,18.80953,14.907442,15.14933,12.472942,10.397437,13.370692,15.522943,19.238297,23.05821,26.522919,26.812363,30.241667,30.541363,31.219782,30.948067,30.500254,31.607319,31.45326,28.372599,25.697495,28.642088,23.08641,26.439653,27.117832,27.763119,24.476871,25.863256,19.459227,20.640179,18.055138,19.050385
19,21.941303,22.552427,22.530794,18.63599,20.008213,21.08993,19.397009,23.024052,19.356281,23.78845,23.507618,24.604704,22.49224,20.030485,17.541357,13.691619,10.907105,6.98721,6.730178,0.0,5.3436522,6.771291,9.910564,14.335137,14.340792,11.654225,8.065641,7.570915,6.0224338,6.627334,9.83478,10.604322,17.470089,17.795616,20.540514,23.810076,24.679298,23.457054,19.275293,15.183017,17.904171,13.318471,14.611053,12.207881,12.319003,9.280165,12.5867605,11.023169,14.421269,14.222159,18.368727,19.498348,22.893991,23.325811,20.285307,21.620922,16.616037,19.472445,18.921843,17.293959,14.156106,15.523027,12.0144615,13.786242,12.471554,12.336888,13.804002,13.428268,13.710867,10.831841,10.530119,14.485279,13.819034,18.290379,18.523216,23.102762,24.617228,23.873753,27.816263,26.137676,25.789522,23.936071,19.751188,17.214006,13.707348,12.03779,9.609707,5.5301995,7.6735373,9.590748,13.4555235,17.307732,20.299686,20.342663,24.034466,24.2593,25.052895,25.21235,25.265446,26.763884,27.008696,24.550013,21.622063,25.737076,20.63574,24.68473,26.187399,26.723164,23.89422,24.751394,18.76989,20.636314,17.459452,20.047153
20,22.647278,22.90865,24.049427,19.826693,21.463194,23.816952,21.475792,26.095406,22.66864,26.855867,26.439655,28.257286,26.017357,23.141819,20.808907,17.224087,13.935292,11.293895,8.410392,5.3436522,0.0,5.443277,6.054129,10.791665,11.243608,8.574895,8.449727,4.9308753,8.61553,6.623703,12.32504,11.758664,19.114962,19.727522,21.880608,25.376509,25.265377,23.723228,19.773405,15.720334,18.535398,13.449598,16.177004,13.685054,11.704396,10.092375,11.259363,10.2275915,12.933562,12.93773,17.524908,17.778383,21.659615,23.030378,21.006886,22.663315,18.104006,20.87238,20.958979,20.451767,17.544388,19.617739,16.425392,18.518906,16.143545,16.828878,17.078764,17.120405,17.269325,14.085282,15.192385,18.523193,18.532188,22.760244,23.057585,27.737804,29.29403,28.379774,32.3555,30.68426,30.008291,28.385412,24.426186,21.96751,18.737263,16.766006,14.937596,10.442207,11.235409,11.223049,14.538346,18.162489,21.46845,22.175705,26.350134,26.923395,28.033579,28.79884,29.340246,31.079248,31.576626,29.443848,26.314993,30.750154,25.672855,29.598213,31.189344,31.94639,29.1142,30.09298,24.083506,25.815594,22.542992,24.743406
21,22.046627,23.394545,24.536198,21.134039,23.413713,24.961517,24.162132,28.4603,25.348902,29.787045,29.88403,31.195717,29.240007,26.71521,24.27257,20.413248,17.528955,13.741065,12.537265,6.771291,5.443277,0.0,4.5567293,7.841225,8.589597,7.530348,5.2680473,7.122278,10.029997,10.917546,15.317491,16.332525,23.486921,24.089003,26.558266,29.991076,30.298445,28.838057,24.798681,20.684626,23.26187,18.084063,20.085402,16.673624,14.96598,11.7684765,12.161749,9.0593195,10.794481,8.745672,13.922664,13.757151,17.352139,18.881218,16.433508,18.664274,14.630224,18.183819,18.935902,18.284721,15.91978,16.847223,13.824007,15.959289,12.572104,15.091376,14.7054405,16.317652,17.700344,16.003897,16.079332,20.815603,20.326591,24.86295,25.048779,29.589321,30.953968,30.04238,33.87974,31.761663,31.04766,28.807316,25.319036,22.144125,19.215748,16.389666,14.460091,9.33193,8.228226,6.7979174,9.711451,13.175359,16.166317,16.96189,21.274588,22.053598,23.45872,24.69121,25.697983,27.501017,28.578644,26.979898,24.072317,29.201344,24.786535,29.154266,31.185146,31.617657,29.162043,29.431108,24.043352,25.868744,22.273151,25.240595
22,21.77046,22.7316,24.801329,21.237246,23.68101,26.199972,24.980545,30.010834,27.2037,31.435755,31.588902,33.501556,31.631027,28.808077,26.62565,22.784988,19.80847,16.60147,14.442996,9.910564,6.054129,4.5567293,0.0,5.098396,5.493389,4.5504837,7.1892486,6.2162924,11.86001,11.556368,16.770817,17.392424,24.518702,25.696636,27.529907,31.195341,30.889404,29.10911,25.459526,21.49944,23.598131,18.19692,20.89372,17.342701,14.312282,12.253592,10.805331,8.516814,9.299531,8.222692,13.15906,12.368207,16.410715,18.61638,17.447521,19.581118,16.014246,19.020668,20.14545,20.551111,18.352297,20.297506,17.726936,20.282413,16.988579,19.618326,19.044418,20.534105,21.58773,19.328331,19.975664,24.100285,23.702715,28.153019,28.123838,32.94815,34.14151,32.951508,36.80952,34.630817,33.56247,31.572332,28.32214,25.268578,22.616238,19.637806,18.501827,13.608228,12.774555,10.958106,13.144403,16.076954,18.833551,19.803608,24.38584,25.11513,26.505148,28.054499,29.319994,31.457243,32.379402,30.99924,27.722143,32.930428,28.394558,32.505043,34.597946,35.38831,32.912563,33.62924,28.067446,30.057997,26.576267,29.356562
23,24.505245,25.978962,28.440582,25.35074,28.098278,30.501907,29.808233,34.83688,32.143456,36.421062,36.647,38.438892,36.518734,33.759426,31.44082,27.65852,24.576424,21.255928,19.081865,14.335137,10.791665,7.841225,5.098396,0.0,4.9141273,7.5205936,10.370635,11.176345,16.600517,16.6461,21.781456,22.394024,29.585047,30.501621,32.489586,36.07552,35.62928,33.900913,30.202108,26.261486,28.613415,23.225267,25.982439,22.290516,19.078959,16.927162,14.666536,11.851336,10.926207,7.8723736,12.862974,10.249819,14.095035,17.5012,16.931858,19.744654,17.392132,20.705736,22.56915,23.234482,21.568047,22.742006,20.420177,22.710953,18.515432,22.050508,20.499575,22.869375,24.441238,22.956598,23.684916,28.291565,28.091576,32.5812,32.728004,37.373672,38.66044,37.552883,41.363422,39.044025,37.965508,35.720425,32.68383,29.359835,26.80626,23.568707,22.18399,17.050413,15.157768,12.074949,12.7590065,14.646448,17.179829,18.893705,23.477406,24.744354,26.59785,28.788094,30.575851,32.649784,34.206554,33.28844,30.322609,35.9214,31.875822,36.202255,38.49526,39.048584,36.761143,36.930435,31.76667,33.552437,29.825384,32.7149
24,19.905895,21.455687,24.241566,21.490017,24.516394,27.077644,26.926195,32.184765,30.080154,34.246155,35.02344,37.065132,35.703804,32.94665,31.058193,26.931662,24.432224,20.840353,19.445517,14.340792,11.243608,8.589597,5.493389,4.9141273,0.0,4.146848,8.426721,9.426034,14.725099,15.600775,19.983839,21.758345,28.453514,30.415161,31.818014,35.69573,35.403076,33.360027,30.079357,26.215845,27.33524,21.804274,24.184868,19.85665,16.405718,14.154263,10.879512,8.087343,6.271579,5.008236,8.895646,7.434722,11.582172,14.233534,14.354195,16.46622,14.087266,16.741213,18.70822,20.15224,18.732906,20.945063,19.302546,22.385199,19.192066,23.061111,22.50024,24.752316,26.28525,24.377893,24.403978,28.818937,27.783588,32.360344,31.798815,36.85829,37.50667,35.94047,39.616646,36.963722,35.454292,33.26113,30.813929,27.401375,25.474123,21.784044,21.739836,17.227772,15.848052,13.556805,14.791482,16.86742,18.397552,18.971048,23.74829,24.150026,25.440172,27.506226,29.293638,31.955423,32.852886,32.173134,28.589989,34.233067,30.173443,34.167305,36.6664,37.677883,35.563046,36.41324,31.237782,33.67267,30.287775,33.59185
25,17.738457,18.69028,21.26424,18.005562,20.803486,23.65062,22.97193,28.360693,26.231657,30.314651,31.06158,33.295082,32.0183,29.18547,27.489092,23.333317,21.0053,17.618862,16.284044,11.654225,8.574895,7.530348,4.5504837,7.5205936,4.146848,0.0,6.673111,5.55207,11.1907,11.788629,16.094398,17.980074,24.464394,26.788874,27.92185,31.884163,31.64061,29.509779,26.386091,22.591784,23.291449,17.755108,20.10479,15.810535,12.273977,10.266363,7.1635275,5.1382637,5.322642,6.9030237,10.259112,10.57116,14.562455,16.117842,15.753493,17.173355,13.702106,15.900281,17.13661,18.48043,16.579199,19.662567,17.87799,21.196909,18.81212,21.877483,22.06757,23.58406,24.65116,22.106497,22.090496,25.962011,24.740452,29.231434,28.465284,33.69851,34.225193,32.54285,36.251633,33.715435,32.159134,30.237696,27.650928,24.509205,22.570648,19.098701,19.450758,15.311564,14.877745,13.61678,15.841028,18.606264,20.414778,20.525602,25.241768,25.254858,26.165125,27.681816,29.016554,31.724838,32.064964,30.995226,27.12111,32.39161,27.891565,31.63879,33.95964,35.227455,32.95157,34.33351,28.823294,31.441936,28.308954,31.471237
26,17.097652,18.91767,19.920116,17.111267,19.80971,20.983418,21.372187,25.670162,23.285877,27.713968,28.617416,29.980284,28.802412,26.444057,24.514656,20.17686,18.278994,13.869855,14.392675,8.065641,8.449727,5.2680473,7.1892486,10.370635,8.426721,6.673111,0.0,6.8599625,7.8847384,11.127107,13.80406,16.886703,23.254066,25.061144,26.96087,30.661762,31.365911,29.626371,26.033604,22.038921,23.100615,17.8348,18.967596,14.547963,13.174611,8.904897,9.100602,5.0390434,7.2313128,6.6526628,10.3269005,11.865717,15.054116,15.321788,12.812104,14.262885,9.746388,12.999159,13.697626,13.465788,11.348496,13.303058,11.246322,14.572019,12.661044,16.017828,16.894484,18.67167,20.247528,18.49689,17.272194,21.93817,20.154343,24.817354,24.046087,29.017355,29.517654,28.065367,31.696217,29.046108,27.856527,25.445543,22.76764,19.233202,17.213116,13.486444,13.549321,9.698237,9.109741,8.865697,11.670471,14.8293495,16.36357,15.750761,20.173634,19.918465,20.659088,21.725363,22.754572,25.264372,25.636911,24.422205,20.79347,26.155962,21.877909,25.995827,28.401411,29.280825,27.152227,28.074785,22.911999,25.609205,22.475065,26.147964
27,18.09823,18.226189,19.86848,15.750051,17.811895,20.684593,18.85858,24.098408,21.45955,25.54356,25.885668,28.155174,26.6653,23.747246,22.052,17.992594,15.610248,12.627291,11.106508,7.570915,4.9308753,7.122278,6.2162924,11.176345,9.426034,5.55207,6.8599625,0.0,6.8622108,6.2373114,11.03354,12.434563,19.030407,21.253828,22.442986,26.369282,26.29007,24.258902,21.00633,17.176447,18.041672,12.53036,14.941261,11.202694,8.206413,6.481394,6.3436832,6.1365266,9.170278,11.118879,14.5224285,15.662204,19.483932,20.29524,18.950064,19.956743,15.39018,17.385073,17.48063,17.917253,15.217375,18.66207,16.312794,19.387733,17.849854,19.398983,20.355719,20.74363,21.097046,17.79702,17.95393,21.06022,19.950233,24.270632,23.60114,28.84272,29.561745,28.013868,31.846992,29.706823,28.418093,26.851822,23.651276,21.014025,18.63832,15.920582,16.008276,12.330932,13.268195,13.41058,16.637402,20.088036,22.49492,22.436262,26.856516,26.745398,27.409512,28.19961,28.865246,31.258617,31.163439,29.402424,25.55831,30.156113,25.081915,28.639845,30.538107,31.869055,29.26946,31.022774,25.072912,27.597902,24.708935,27.44401
28,16.519135,16.79925,16.560751,12.632868,14.150907,15.449499,14.270093,18.466145,15.669156,20.062576,20.778465,22.426384,21.385195,18.90651,17.403812,12.910526,11.742175,7.76503,9.562698,6.0224338,8.61553,10.029997,11.86001,16.600517,14.725099,11.1907,7.8847384,6.8622108,0.0,5.6929317,5.9397583,10.152753,15.651208,18.163214,19.620632,23.387257,24.479414,22.723066,19.433012,15.716454,15.849591,11.041776,11.293576,7.2704024,8.010168,3.8539047,8.645977,8.307345,12.315178,14.239117,16.731989,19.180195,22.320358,21.723577,19.187405,19.428743,14.105342,15.719545,14.518569,13.57558,10.301345,13.99314,11.752608,14.8879385,15.378606,15.922095,18.506771,18.223625,18.445276,15.250986,13.790197,16.66467,14.269794,18.664242,17.373783,22.781132,23.059221,21.406473,25.189531,22.949127,21.827139,20.15208,16.814657,14.191086,11.917376,9.365996,10.493304,8.896567,11.38206,13.573299,17.289577,20.938967,22.87357,21.835814,25.638428,24.84502,24.871367,24.724207,24.638988,26.934954,26.079386,23.891678,19.916565,23.893496,18.546982,21.921999,23.70422,25.14225,22.54918,24.782675,18.820992,21.865467,19.538454,22.633528
29,20.277245,19.533335,19.97093,15.233838,16.022463,18.692877,15.239228,19.980017,16.609356,20.57412,20.25051,22.574554,20.762033,17.705648,16.048534,12.218491,9.80396,8.007118,6.240866,6.627334,6.623703,10.917546,11.556368,16.6461,15.600775,11.788629,11.127107,6.2373114,5.6929317,0.0,6.322876,6.219854,12.999794,15.069496,16.325539,20.190794,20.40271,18.54844,15.1191845,11.2758465,12.400197,7.1856437,9.578089,7.5677924,6.7406025,6.558124,9.981364,11.088775,14.808518,16.820887,20.055899,21.65598,25.32325,25.597242,23.599735,24.218458,19.089916,20.709208,19.741615,19.226067,15.967785,19.456568,16.738548,19.197895,18.846804,18.386929,20.26322,19.147554,18.443008,14.151431,14.569538,16.133299,15.231229,19.116257,18.594786,23.764002,24.74606,23.418015,27.357698,25.839378,24.959604,23.966963,20.017773,18.302425,15.445166,14.190103,13.921257,11.608592,14.176203,15.806586,19.564585,23.35392,26.138533,25.912992,29.86986,29.625528,30.010397,30.031303,29.956663,31.924614,31.318083,28.817787,25.17387,28.721565,23.120144,26.244259,27.502525,28.901226,25.931807,28.179277,21.819717,24.133253,21.733519,23.740416
30,18.435686,17.413027,16.302643,11.820348,11.669627,13.243285,9.763513,13.80761,10.512575,14.686562,15.068139,17.253906,16.366941,13.673489,12.867362,8.496509,8.57955,6.823671,9.146289,9.83478,12.32504,15.317491,16.770817,21.781456,19.983839,16.094398,13.80406,11.03354,5.9397583,6.322876,0.0,6.575751,10.030023,13.625501,14.291837,18.137056,19.537525,17.737417,14.995574,11.910368,10.599855,6.9241233,5.580013,3.528023,7.442008,6.728483,11.954657,13.402325,17.39738,20.02393,22.137613,24.814299,27.9633,27.092419,24.702303,24.455269,19.120665,19.847908,17.829351,16.755932,13.4575405,17.556612,15.578496,18.11558,19.728386,18.650156,21.910866,20.340422,19.493027,15.402823,14.171986,14.68253,12.022517,15.575815,13.770317,19.40691,19.451256,17.618483,21.441055,19.78211,18.749846,18.067781,14.295958,13.146317,11.036185,10.527724,12.207136,12.532237,15.940775,18.725264,22.573378,26.320047,28.436377,27.294125,30.782505,29.7753,29.464071,28.712915,28.016808,30.090858,28.495008,25.775806,21.841345,24.459702,18.658142,21.014223,22.066086,23.982227,21.092495,24.409262,18.161741,21.217346,19.786306,22.035507
31,24.27808,22.844868,22.357721,17.517544,16.943733,19.247952,14.115623,17.758194,13.611436,17.004452,15.52102,17.960087,15.570551,12.261236,10.715251,7.8628006,5.5433607,7.384631,5.64426,10.604322,11.758664,16.332525,17.392424,22.394024,21.758345,17.980074,16.886703,12.434563,10.152753,6.219854,6.575751,0.0,7.451118,8.954794,10.270597,13.997887,14.509064,12.982896,9.300422,5.617108,7.584814,4.693351,6.4965262,8.557878,10.099221,11.307442,15.467363,17.065584,20.897154,22.913317,26.085096,27.836609,31.447702,31.48247,29.166094,29.562624,24.25508,25.574684,23.964865,22.837387,19.44038,22.646736,19.836966,21.503159,22.061264,19.849827,22.292097,19.78796,17.92113,12.875673,13.835805,12.830748,12.608469,15.372674,15.233118,19.959785,21.35821,20.427582,24.347178,23.748959,23.422977,23.218939,18.628744,18.242067,15.136779,15.747642,15.051663,14.365263,17.741627,20.137802,23.981058,27.838509,30.880888,30.627777,34.163532,33.88197,34.082283,33.520832,32.847237,34.35597,33.349403,30.244703,26.990976,29.335999,23.489544,25.950787,26.397985,27.804453,24.51778,27.205215,20.710972,22.53074,20.845104,21.718777
32,26.672243,24.3863,22.958538,18.512379,16.436396,18.37188,11.813894,13.837633,9.938117,11.610801,9.146766,12.622813,10.846253,7.4385114,8.262431,7.624631,8.871202,12.298125,12.583728,17.470089,19.114962,23.486921,24.518702,29.585047,28.453514,24.464394,23.254066,19.030407,15.651208,12.999794,10.030023,7.451118,0.0,6.6982803,4.5527706,8.5640545,10.152114,8.591263,7.2750382,7.1304784,3.706809,7.343248,5.5462127,10.885828,13.97064,16.096802,20.414486,22.772583,26.647026,29.381948,31.806765,34.1641,37.572052,36.975243,34.708767,34.45829,29.138071,29.598127,27.29044,26.11788,22.928686,26.566452,24.39207,25.906246,27.746403,24.84644,28.067383,24.941341,22.569975,17.702442,18.01639,14.703965,13.84746,14.631282,13.58893,17.806032,18.462952,17.319302,20.738216,20.975536,20.755,21.7984,17.58911,18.842766,16.759756,18.63363,19.152225,20.221643,23.97586,26.895742,30.778122,34.621384,37.364544,36.61575,39.854744,39.07728,38.77168,37.610737,36.39421,37.871754,35.97207,32.611904,29.342062,30.300837,24.50386,25.594572,25.261942,27.227781,23.997667,27.883741,21.815977,23.741884,23.36542,23.547665
33,31.794016,30.066732,28.598246,24.160524,22.497173,23.70298,17.909203,18.907366,14.260647,16.027334,12.35125,13.864942,9.980097,7.0239854,5.5444446,7.671788,7.3243046,12.291994,11.65776,17.795616,19.727522,24.089003,25.696636,30.501621,30.415161,26.788874,25.061144,21.253828,18.163214,15.069496,13.625501,8.954794,6.6982803,0.0,5.187827,6.3821063,8.564312,9.098102,5.4471893,5.7074203,9.083063,11.5989065,11.213535,15.736507,18.473331,19.752289,24.28338,25.787926,29.698736,31.35448,34.669426,36.439713,39.971935,39.842155,37.027462,37.363083,31.97648,33.250675,31.160215,29.242191,25.902487,28.197979,25.331526,25.804298,27.15071,23.085686,25.845673,21.90472,18.790577,14.045404,15.517788,10.808052,12.337008,12.15579,13.382021,15.992779,18.45228,18.718626,22.181044,23.24069,24.065775,24.783442,19.679495,21.01405,17.88483,20.554586,19.009958,19.917883,23.58169,26.530146,30.23212,33.99489,37.290817,37.105118,40.008,39.8211,39.909763,38.714035,37.36262,38.0891,36.83857,33.078205,30.735603,31.466917,25.854668,27.442642,26.683123,27.682667,24.183378,26.869568,20.924717,21.483112,20.9555,19.84707
34,31.159521,28.742203,27.397705,22.957922,20.750246,22.6735,15.9892645,17.253006,13.44452,14.1290865,10.452513,13.540066,10.916042,7.8374066,8.721492,10.218179,10.914144,15.332492,14.725275,20.540514,21.880608,26.558266,27.529907,32.489586,31.818014,27.92185,26.96087,22.442986,19.620632,16.325539,14.291837,10.270597,4.5527706,5.187827,0.0,4.3120017,5.7994976,5.1626935,4.6956134,7.066246,6.04001,10.703273,10.006739,15.309754,17.88842,20.26492,24.387869,26.728573,30.564426,33.056618,35.82704,37.894054,41.4396,41.112583,38.792362,38.736374,33.38964,34.037064,31.784927,30.476072,27.242905,30.502731,28.07439,29.154964,30.772175,27.267754,30.2115,26.584042,23.692364,18.802265,19.927996,15.562511,15.962054,15.714312,15.634787,18.661133,20.006298,19.526411,22.66346,23.673471,23.932009,25.276072,20.871033,22.54594,20.211136,22.559494,22.304766,23.277447,26.996197,29.843208,33.66294,37.49795,40.57714,40.13276,43.282856,42.760506,42.603954,41.402752,40.084217,41.23986,39.497475,35.91611,33.036995,33.63307,27.938192,28.899004,28.142683,29.820404,26.495016,30.089794,24.212263,25.408451,25.208374,24.470385
