,0,1,2,3,4,5,6,7,8,9,10,11,12,13,14,15,16,17,18,19,20,21,22,23,24,25,26,27,28,29,30,31,32,33,34,35,36,37,38,39,40,41,42,43,44,45,46,47,48,49,50,51,52,53,54,55,56,57,58,59,60,61,62,63,64,65,66,67,68,69,70,71,72,73,74,75,76,77,78,79,80,81,82,83,84,85,86,87,88,89,90,91,92,93,94,95,96,97,98,99,100,101,102,103,104,105,106,107,108,109
0,0.0,4.1327147,5.3516507,8.227563,10.521163,12.709711,10.798543,11.698785,11.625669,14.975861,16.8432,20.37753,23.50401,22.791473,22.752308,18.344297,17.231125,15.948318,14.903253,15.359862,16.324646,20.454536,18.607937,22.84854,26.839787,27.026878,22.127605,23.683956,20.534908,21.538218,18.594984,19.667555,22.012583,18.92047,23.133389,23.05375,26.033867,27.362974,23.710314,21.633778,25.807144,24.234121,23.437832,24.084448,25.261576,24.693472,27.647978,27.324362,29.847155,31.929842,30.314226,32.061604,31.52429,31.52133,29.365477,31.302444,28.679123,28.606163,32.635162,29.285099,26.318707,28.073952,26.207876,25.197124,29.890734,25.616144,24.712963,27.089067,22.753258,20.31353,21.210293,20.137768,20.312761,22.186985,21.276493,26.02508,23.541344,28.159222,27.349546,25.422834,25.451504,24.378794,20.308235,19.135769,15.80317,17.085184,14.596786,14.627536,16.946411,17.234724,22.487322,21.36072,25.080757,24.758345,22.040453,19.069214,16.288433,14.944746,9.870079,11.277886,7.7759867,9.7159605,12.048958,12.201283,9.236922,12.585792,13.340822,13.1683855,16.481739,18.841887
1,4.1327147,0.0,5.41554,6.2416406,8.933818,10.356157,10.312357,12.548119,13.800325,17.386288,19.8635,23.181349,26.49145,25.700314,25.238745,20.649715,19.040373,17.17366,15.391544,14.929323,14.881321,18.57193,15.939123,20.030994,24.407291,24.54569,20.0161,22.16541,19.624651,20.830912,18.957106,20.09288,23.875217,20.81546,25.300152,25.694437,28.21694,29.362886,25.266426,22.60338,27.009632,24.65604,24.36164,24.296547,24.579124,23.920357,26.356594,25.79283,28.193832,30.645874,29.253637,31.50776,30.935667,31.659378,29.700838,32.0398,29.690079,30.076834,34.327057,31.156551,28.061678,29.447119,26.912159,25.635126,29.636703,25.065275,23.863914,25.508678,21.14444,19.51919,20.63329,20.596884,21.298561,23.710655,23.16498,28.35803,26.266508,30.857876,30.363834,28.728275,28.800863,27.296438,23.432665,21.800575,18.103773,19.132238,15.73984,14.484145,16.196268,15.559208,20.698004,18.799414,22.381922,22.420822,19.305584,17.276665,13.827032,14.179383,8.862793,12.1240225,9.563315,12.915777,15.577708,14.932724,11.657653,13.978604,13.583892,12.13081,15.151468,16.836039
2,5.3516507,5.41554,0.0,5.356458,6.002377,9.504645,8.971682,8.866077,11.254616,14.066836,16.785162,19.44211,23.116434,22.910732,22.059511,18.25729,15.955709,15.200309,12.708949,13.493539,13.029375,17.844381,15.881,20.127201,24.163776,25.168846,20.656698,23.014778,19.393532,21.757355,18.411152,21.073315,23.859528,21.975903,25.815355,26.436302,29.51026,30.367382,26.723562,24.193716,27.493988,25.287321,24.061626,23.68017,24.97744,23.543446,26.714228,25.38919,27.424936,29.833591,28.736698,30.626108,30.888544,30.769701,29.35644,31.746826,28.609324,29.121655,32.97849,29.203388,26.490551,26.94224,24.829836,23.100645,27.36734,23.041094,21.361526,23.71069,18.927402,16.852243,18.899185,17.935019,19.382172,20.995054,21.26497,25.874708,24.38095,29.095934,28.825296,26.820114,27.66675,26.461061,23.16104,21.375965,18.389969,18.36944,16.534914,14.661983,17.275356,16.720076,22.609343,20.87594,24.723734,25.29247,22.77208,20.229189,16.793247,17.084747,10.965866,14.252636,9.222756,12.935013,15.749253,16.699453,13.98573,17.698778,17.589254,16.963924,19.647625,21.765245
3,8.227563,6.2416406,5.356458,0.0,3.5367153,4.513974,5.4062457,8.191844,11.4193735,14.727426,18.132559,20.742085,24.305958,23.609531,22.299885,17.990498,15.425597,13.447187,10.4813595,9.730989,8.726553,12.900259,10.706265,14.984406,19.059826,19.857447,15.413502,18.079174,14.910715,17.496649,15.229519,18.04918,22.449644,20.932735,24.903263,26.369064,28.821619,29.257107,25.172234,21.944494,25.173761,22.081564,21.390514,20.220776,20.631966,19.15282,21.891445,20.518274,22.614841,25.192474,24.148634,26.459213,26.581476,27.19579,25.938307,28.740751,26.014206,27.069082,31.211454,27.859104,24.930471,25.193357,22.193913,20.416452,23.93266,19.295664,17.74526,19.413496,14.939594,13.400185,15.0248375,15.440909,17.12807,19.66477,20.112907,25.426174,24.391779,28.933332,29.166264,27.821413,28.627462,26.616133,23.794767,21.228964,17.852964,17.383125,14.569953,11.097042,13.12712,11.803259,17.717356,15.6898,19.545935,20.435167,18.15912,15.863425,12.16863,13.783384,7.580107,12.614108,8.77635,14.085521,17.456167,17.534489,14.777069,18.160517,16.434435,15.3932295,17.041857,19.0671
4,10.521163,8.933818,6.002377,3.5367153,0.0,4.4917283,6.6396413,7.5216866,12.121811,14.682017,18.318058,20.25405,24.070065,23.807121,22.084438,18.453665,15.244495,14.028217,10.204456,10.134705,7.759598,12.671102,10.660929,14.7637205,18.690409,20.26578,16.27056,19.361921,15.771823,19.272888,16.467329,20.256056,24.287916,23.463938,27.06828,28.693756,31.353214,31.608437,27.739328,24.528734,27.099083,23.930668,22.789494,21.122803,21.896662,19.779375,22.76344,20.610653,22.235683,24.974775,24.351236,26.594418,27.387012,27.672739,26.95844,29.9114,26.756687,28.062319,31.931547,28.243591,25.610327,24.97377,22.061796,19.771498,23.039087,18.522291,16.283861,18.099667,13.171446,11.877892,14.652324,14.846006,17.443737,19.477345,20.722233,25.622213,25.170559,29.712694,30.172045,28.65829,29.955309,28.089388,25.660255,23.001417,20.05,18.93615,16.981716,12.974125,15.244954,13.638751,19.68966,17.457973,21.254505,22.680296,20.653067,18.595755,14.844641,16.908287,10.765335,15.679557,11.029903,16.272724,19.608944,20.331297,17.74745,21.449207,19.910765,18.92173,20.49553,22.418802
5,12.709711,10.356157,9.504645,4.513974,4.4917283,0.0,5.9607854,9.4008255,13.529523,16.452269,20.270744,22.346708,25.892912,25.14691,23.283596,19.203987,16.173725,13.854276,10.197333,8.3316965,5.331639,8.941741,6.395291,10.641659,14.73312,15.936958,12.005146,15.432377,12.575282,16.058123,14.637222,18.155764,23.509878,22.77959,26.491665,28.644272,30.722546,30.714752,26.51781,22.831661,25.46144,21.611713,21.117758,18.875729,18.61519,16.617645,19.000732,16.94162,18.711338,21.61972,20.979431,23.679192,24.160313,25.267145,24.578588,27.822407,25.221031,26.903162,31.02065,27.855183,25.017908,24.496824,20.838224,18.69901,21.174904,16.388472,14.478157,15.377682,10.989168,10.481076,12.426146,14.184654,16.652367,19.533333,20.64507,26.068792,25.786259,30.097912,30.843287,29.881031,30.953514,28.507471,26.329142,23.237318,19.984447,18.792595,15.948872,10.932945,12.312565,9.865274,15.676225,13.117995,16.855537,18.544468,16.753456,15.074241,11.23967,14.525067,9.122393,14.830774,11.7373085,17.472013,21.001806,20.940542,18.369493,21.574686,18.962946,17.671194,18.356804,20.08744
6,10.798543,10.312357,8.971682,5.4062457,6.6396413,5.9607854,0.0,5.4261045,7.9438515,11.22042,14.884356,17.396591,20.642967,19.560362,18.022442,13.499638,10.993746,8.318158,5.6845884,4.700599,6.412681,10.364223,10.315551,14.399198,17.301235,17.936474,12.937138,14.619452,10.491007,13.339705,10.002477,13.716836,17.908804,17.492937,20.907515,23.064281,25.405144,25.358685,21.491083,18.178764,20.47225,17.36181,16.245064,15.000093,16.165848,14.59064,17.98299,16.94556,19.328749,21.313454,19.924402,21.746393,21.931124,22.01494,20.764921,23.528997,20.632265,21.792658,25.908627,22.643066,19.695803,19.98079,16.907045,15.426868,19.374966,14.913763,14.227774,16.676287,12.937813,10.082288,10.473057,10.512711,11.778973,14.642717,15.074564,20.612549,19.935873,24.295528,24.918058,24.009228,25.022469,22.55768,20.515324,17.347599,14.323025,12.90725,10.7354765,6.4637313,9.288327,8.995902,15.114588,14.422804,18.406986,19.0354,17.92707,14.243153,11.719204,11.89633,6.4305325,10.567699,6.609756,12.368397,15.95233,16.380259,14.417036,18.555836,16.213165,16.36089,17.121721,19.986547
7,11.698785,12.548119,8.866077,8.191844,7.5216866,9.4008255,5.4261045,0.0,5.571103,7.3406897,11.234485,13.007266,16.697355,16.374668,14.564979,11.174161,7.8092165,7.6351714,4.463541,7.2946434,8.618683,13.596241,14.197177,18.102474,20.551884,21.967596,17.283966,18.80722,13.843117,17.24339,12.074017,16.753273,18.690742,19.153326,21.778685,23.627583,26.687622,26.627134,23.516623,20.891802,22.166386,19.940224,17.636847,16.720531,19.431297,17.300354,21.44066,19.853012,21.766676,23.469332,22.337923,23.420914,24.446579,23.21428,22.410074,24.83699,20.99523,21.894163,25.371105,21.297571,18.91355,18.339901,16.37435,14.499973,19.288004,15.477937,14.346939,17.999485,13.911372,10.114336,11.741812,9.371973,11.315782,12.489339,13.784409,18.239952,17.991829,22.509527,23.123339,21.605072,23.373526,21.574688,19.931013,17.080826,15.123591,12.9637575,13.194375,10.266942,13.731496,14.007202,20.014887,19.587759,23.53304,24.288483,23.348799,19.474844,17.141684,16.577372,11.20293,13.8067045,7.9323616,12.418619,15.643479,17.60657,16.123869,21.067558,19.829199,20.523996,21.83312,24.88865
8,11.625669,13.800325,11.254616,11.4193735,12.121811,13.529523,7.9438515,5.571103,0.0,4.075473,7.0631537,10.285301,13.283654,12.255083,11.479719,7.0288644,5.756531,5.6027846,6.567409,9.344551,12.910971,16.92703,18.010319,21.873505,23.965414,24.607986,19.456934,19.695644,14.814108,16.669806,10.704652,14.165379,14.172889,14.525223,16.824558,18.316841,21.672367,21.778175,19.111233,17.22105,18.454948,17.44151,14.8093815,15.579809,19.12405,17.93519,22.236599,21.861639,24.28459,25.278864,23.472794,23.902065,24.209068,22.364305,20.717981,22.370483,18.639675,18.604645,22.0871,18.150875,15.568579,16.701561,15.699893,15.062591,20.795692,17.541653,17.692402,21.653406,18.353664,14.040445,13.840841,10.480399,9.857977,10.7339735,10.222497,14.722352,13.295217,17.970272,18.113304,16.572994,17.958559,16.241936,14.380582,11.724889,10.154589,8.242507,9.774286,9.667213,13.356184,15.174457,20.52546,21.224941,25.098658,24.935349,24.264149,19.413185,18.118954,15.313471,11.22049,11.136744,5.6025186,7.9804153,10.897619,13.421782,12.843733,18.22013,17.510181,19.369484,20.734758,24.39126
9,14.975861,17.386288,14.066836,14.727426,14.682017,16.452269,11.22042,7.3406897,4.075473,0.0,4.0705013,6.300476,9.591147,9.181076,8.006017,5.2379265,3.700528,6.6878424,7.9335437,11.630665,14.959814,19.022432,20.671219,24.314182,25.914364,26.95102,22.045403,22.12878,16.892353,19.145714,12.516254,16.584377,15.00581,16.58374,17.808811,19.315714,22.952265,22.802715,20.907696,19.507677,19.523373,19.091953,15.678057,16.49056,20.938969,19.38907,24.046774,23.373741,25.478628,26.141497,24.501055,24.330353,25.23165,22.436031,21.245026,22.600288,18.245577,18.066668,20.826365,16.330706,14.41752,14.741462,14.840141,14.165179,20.258724,17.753113,17.932528,22.481344,19.411762,14.758788,14.826156,10.2408285,9.763515,8.821123,9.117744,12.149067,11.453009,16.024687,16.396538,14.523796,16.80271,15.55965,14.705643,12.279385,12.141111,9.363975,12.781813,12.780332,16.454348,18.343187,23.554413,24.472017,28.289993,28.287071,27.94089,22.995657,21.860289,19.057299,15.209539,14.881723,9.633511,10.73691,12.85379,16.232124,16.181723,21.669878,21.287333,23.369976,24.690983,28.416857
10,16.8432,19.8635,16.785162,18.132559,18.318058,20.270744,14.884356,11.234485,7.0631537,4.0705013,0.0,4.4195585,6.69246,6.357994,6.7654433,5.472218,6.6512938,9.696484,11.882567,15.39136,18.994797,22.90809,24.601643,28.257544,29.767916,30.611155,25.618048,25.25382,20.166733,21.740122,15.070406,18.205812,14.719634,16.370031,16.832027,17.65639,21.686117,21.71525,20.614523,20.091284,19.785418,20.469498,16.837868,18.6559,23.507286,22.36803,27.023111,26.782757,28.974106,29.304007,27.462696,26.851515,27.536455,24.214481,22.722517,23.394281,19.076841,18.09667,20.314583,15.81678,14.311794,15.514416,16.777176,16.745142,23.041744,21.051584,21.588356,26.263342,23.400383,18.681007,18.39712,13.573244,12.126044,10.329137,9.528977,10.91039,9.282165,13.75265,13.525129,11.044948,13.533088,13.129161,12.4614725,10.955741,12.0066,9.775402,14.253173,15.73655,19.276518,21.647934,26.513285,27.815462,31.57558,31.200415,30.902273,25.668648,24.91075,21.245726,18.004566,16.46736,11.893166,10.909158,11.9004135,15.990242,16.673536,22.129587,22.461039,25.081411,26.586222,30.49046
11,20.37753,23.181349,19.44211,20.742085,20.25405,22.346708,17.396591,13.007266,10.285301,6.300476,4.4195585,0.0,4.0992765,5.8583426,4.9127836,7.3866873,7.553561,11.762278,13.343033,17.234217,20.33272,24.236586,26.342325,29.740337,30.817219,32.133118,27.491617,27.24787,21.908644,24.142488,17.236486,21.202806,17.496565,20.144388,19.955639,21.093666,25.020327,24.681793,24.001987,23.481354,22.187908,22.831322,18.761393,19.997133,25.282463,23.62586,28.478983,27.72142,29.485437,29.634563,28.127737,27.119848,28.534977,24.560577,23.792696,24.444588,19.62782,18.918325,20.299986,15.347801,14.77391,14.363331,16.47798,16.135923,22.25792,20.97795,21.332668,26.327988,23.696012,18.96151,19.12476,13.7925625,13.10695,9.939046,10.68626,10.089811,10.328622,14.015088,14.423504,11.933426,15.442291,15.357656,15.8892565,14.370408,15.961177,13.033651,17.912062,18.562006,22.098776,24.209833,29.105103,30.36235,34.08366,34.06726,34.025932,28.894571,28.041834,24.895098,21.452747,20.496037,15.659756,15.293711,16.256733,20.406902,21.044937,26.521748,26.715157,29.18914,30.560125,34.41854
12,23.50401,26.49145,23.116434,24.305958,24.070065,25.892912,20.642967,16.697355,13.283654,9.591147,6.69246,4.0992765,0.0,3.470798,4.40193,8.539997,10.256574,14.031588,16.474327,20.100426,23.679983,27.138311,29.577936,32.83422,33.555782,34.625515,29.994291,29.173954,24.017933,25.672058,18.839773,22.169111,17.036562,20.29354,19.111048,20.105055,23.971653,23.457785,23.614813,23.752586,21.683447,23.216118,18.964296,20.889662,26.534283,25.24241,30.044785,29.75379,31.583492,31.258217,29.545427,28.00561,29.24671,24.719833,23.811384,23.796665,19.09551,17.766039,18.364355,13.595878,13.69906,13.959883,17.149368,17.573912,23.655205,23.008993,23.953997,28.98959,26.86419,22.044167,21.536425,16.178802,14.554775,10.95359,10.835916,8.104498,8.335215,11.062596,11.416588,8.933363,12.981719,13.377747,14.993716,13.969274,16.589615,13.757041,19.33502,20.81704,24.130919,26.686146,31.078707,32.859028,36.440487,36.12319,36.3988,30.962234,30.623192,26.838137,24.148897,22.380333,18.362339,17.1063,17.435175,21.611145,22.835752,28.143345,28.456358,31.37224,32.552998,36.59066
13,22.791473,25.700314,22.910732,23.609531,23.807121,25.14691,19.560362,16.374668,12.255083,9.181076,6.357994,5.8583426,3.470798,0.0,3.7681212,6.4047623,9.389368,12.329846,15.583882,18.783268,22.933569,25.955856,28.528097,31.724497,32.33706,33.002193,28.265598,27.007666,22.100447,23.158632,16.512634,19.258656,13.65259,17.19006,15.740116,17.026033,20.712955,20.060093,20.268923,20.53039,18.30965,20.14833,15.958229,18.428604,24.063581,23.200512,27.866913,28.10275,30.196945,29.686777,27.672125,26.083672,26.843447,22.427235,21.075983,20.84455,16.408098,14.745277,15.693218,11.182437,10.828763,12.454211,15.473543,16.496824,22.680857,21.935633,23.39612,28.260983,26.420214,21.542551,20.284573,15.203292,12.6226015,9.530793,8.123384,5.793403,4.90078,8.221364,8.670354,6.8128314,10.573941,10.211647,12.216706,10.846756,13.778956,10.891185,16.726362,18.770231,21.866001,24.770004,28.754866,30.90789,34.37147,33.76604,34.235657,28.604237,28.678139,24.446957,22.422268,20.127983,16.908426,15.432777,15.752028,19.54035,21.014215,26.168108,26.191883,29.340916,30.235352,34.373703
14,22.752308,25.238745,22.059511,22.299885,22.084438,23.283596,18.022442,14.564979,11.479719,8.006017,6.7654433,4.9127836,4.40193,3.7681212,0.0,5.6189427,7.1186156,10.650561,13.33257,16.702171,20.501759,23.455364,26.293564,29.288858,29.650827,30.662409,26.186039,25.212906,20.068716,21.903652,15.0798435,18.952362,14.642003,18.60353,17.566534,19.564342,22.965673,22.018572,21.69026,21.230616,18.752089,19.671701,15.298259,16.72071,22.443933,21.013689,25.830122,25.528463,27.344845,26.898752,25.174053,23.611217,24.958626,20.465353,19.763613,20.096674,15.189104,14.418349,15.478391,10.463225,10.209686,9.901737,12.760271,13.281033,19.412682,18.808224,20.095285,25.075632,23.361631,18.511646,17.51874,12.21977,10.407491,6.5887923,7.103118,5.318663,7.111736,10.265799,11.703696,10.473529,14.133256,13.080006,15.031837,12.807641,15.015502,11.295592,16.827507,17.592154,20.74523,23.25596,27.423124,29.352852,32.813972,32.63317,33.23885,27.826365,27.651642,24.193598,21.745628,20.400057,16.66319,16.49836,17.561714,21.134518,22.118914,27.426975,26.918007,29.674622,30.379166,34.398125
15,18.344297,20.649715,18.25729,17.990498,18.453665,19.203987,13.499638,11.174161,7.0288644,5.2379265,5.472218,7.3866873,8.539997,6.4047623,5.6189427,0.0,4.299454,5.983019,9.704729,12.529008,17.005219,19.855293,22.325806,25.55361,26.379568,26.877268,21.997639,20.951096,15.982236,17.261465,10.468623,13.913078,10.683367,13.794389,13.862708,16.112806,19.389648,18.69959,17.372156,16.376081,15.120134,15.493692,11.582423,13.387501,18.560673,17.607447,22.257689,22.455238,24.792612,24.69153,22.600313,21.737886,22.23523,18.824656,17.258356,18.023237,13.69716,13.022967,15.735371,11.466298,9.358432,11.068567,11.847469,12.498702,18.801176,17.027359,18.462866,23.005854,21.010902,16.192295,14.608395,10.00063,7.17485,5.9431047,4.1711526,7.726036,6.8876944,11.336255,12.213726,11.358643,13.58248,11.466719,11.993372,8.873288,9.945684,6.052007,11.259218,12.420603,15.622042,18.384323,22.592539,24.5392,28.059738,27.599363,27.99213,22.489836,22.396996,18.623096,16.404951,14.813729,11.536161,11.73434,13.375509,16.301514,17.077251,22.295767,21.413342,24.147255,24.762821,28.797112
16,17.231125,19.040373,15.955709,15.425597,15.244495,16.173725,10.993746,7.8092165,5.756531,3.700528,6.6512938,7.553561,10.256574,9.389368,7.1186156,4.299454,0.0,4.5162163,6.2882285,9.876962,13.58382,16.956455,19.362,22.607557,23.571878,24.644411,19.962757,19.760674,14.382299,16.988462,10.153347,15.089549,14.012508,16.678143,17.522367,19.903164,23.058348,22.379936,20.444685,18.676397,17.824524,16.937752,13.268417,13.42597,18.193422,16.37024,21.174013,20.421516,22.42961,22.816944,21.201546,20.807167,21.994638,18.981894,18.168457,19.759068,15.195821,15.560125,18.346884,13.86433,11.9447155,11.477349,11.188158,10.499552,16.665379,14.414175,15.051948,19.739231,17.29803,12.456193,11.885548,6.9221296,6.4176474,5.4168305,6.8439913,10.4647255,10.988197,15.196313,16.358189,15.266972,17.733704,15.756615,15.848984,12.668618,12.656306,8.838363,12.449784,11.505653,14.975174,16.877943,21.756355,22.991112,26.651766,26.821917,27.015577,22.011173,21.19582,18.714745,15.377667,15.425643,10.943176,12.94361,15.314378,18.1102,18.091627,23.410389,22.231258,24.260227,24.961155,28.703627
17,15.948318,17.17366,15.200309,13.447187,14.028217,13.854276,8.318158,7.6351714,5.6027846,6.6878424,9.696484,11.762278,14.031588,12.329846,10.650561,5.983019,4.5162163,0.0,4.6513133,6.5963216,11.409005,13.989873,16.420446,19.617344,20.641851,21.112593,16.161537,15.638783,10.473776,12.6118765,5.906369,10.945795,11.839887,14.00533,15.598399,18.483913,21.040071,20.29858,17.591213,15.12599,14.979197,13.218371,10.232013,10.170507,14.259612,12.876148,17.450888,17.28263,19.764463,20.247995,18.27145,18.38773,18.824717,16.797266,15.423518,17.424095,13.60225,14.304446,18.017004,14.41453,11.611566,12.316066,10.411166,10.139514,15.809204,12.80521,13.9806185,17.991863,15.834834,11.270347,9.427399,6.120483,4.4291267,6.86715,6.8129683,12.397979,12.238419,16.332363,17.486404,17.079592,18.653788,15.855314,15.46415,11.688115,10.488837,6.794695,8.7281685,7.1092653,10.489832,12.68181,17.350878,18.837889,22.443491,22.396353,22.723625,17.585762,17.084036,14.514902,11.793005,11.981879,8.71245,11.742783,14.616346,16.258108,15.99675,20.91516,18.911224,20.827785,21.03841,24.77815
18,14.903253,15.391544,12.708949,10.4813595,10.204456,10.197333,5.6845884,4.463541,6.567409,7.9335437,11.882567,13.343033,16.474327,15.583882,13.33257,9.704729,6.2882285,4.6513133,0.0,4.1317544,7.3648906,11.102497,13.103636,16.492643,18.002157,19.220623,14.545439,15.424337,10.095748,13.837011,8.343787,13.932961,16.351105,17.858496,20.023075,22.701351,25.281807,24.693327,21.606552,18.687693,19.09933,16.447979,14.024934,12.474254,15.459719,13.13137,17.538113,16.113308,18.154772,19.449331,18.144102,19.009857,20.12058,18.787363,18.186663,20.819927,17.007223,18.3631,21.931873,18.155308,15.68176,14.832742,12.205313,10.444408,15.249297,11.467511,11.201347,15.102083,11.995266,7.544511,7.692844,5.2936835,7.3840647,9.428435,11.062866,16.019646,16.432434,20.584171,21.775848,20.977757,22.804367,20.320385,19.530035,16.005535,14.276803,11.208516,11.682994,7.8234844,11.141571,11.774486,17.319098,17.620985,21.393959,22.145927,22.028522,17.765947,16.171682,15.4713955,11.273717,13.612285,9.185954,13.735218,17.005188,18.562132,17.489769,22.30157,20.201952,21.189148,21.630087,24.879274
19,15.359862,14.929323,13.493539,9.730989,10.134705,8.3316965,4.700599,7.2946434,9.344551,11.630665,15.39136,17.234217,20.100426,18.783268,16.702171,12.529008,9.876962,6.5963216,4.1317544,0.0,5.337027,7.710345,9.837128,13.090266,14.67076,15.399254,10.510222,11.586407,6.585005,10.595745,6.8881054,12.092249,16.596956,17.633043,20.282871,23.300486,25.252747,24.572882,20.92052,17.372017,18.350723,14.7128525,13.341847,11.017001,12.490518,10.299022,14.181801,12.956531,15.356717,16.955896,15.525234,17.137379,17.711365,17.616367,16.860395,19.944353,16.957632,18.729652,22.747309,19.70217,16.877113,16.47052,12.759265,11.230009,14.833005,10.396924,10.445388,13.189433,10.503351,7.0381293,5.8966455,6.8293996,8.461798,11.893343,12.946595,18.535149,18.77639,22.690836,23.961775,23.636892,24.967144,21.992792,21.0241,17.262676,14.828129,12.255841,10.891964,5.303724,7.8222823,7.7740545,13.360794,13.527711,17.269571,18.140951,18.174164,14.155898,12.588171,12.812899,9.188696,12.500038,9.727174,14.929309,18.392155,18.904535,17.533264,21.680933,18.704157,19.23181,19.050169,22.055092
20,16.324646,14.881321,13.029375,8.726553,7.759598,5.331639,6.412681,8.618683,12.910971,14.959814,18.994797,20.33272,23.679983,22.933569,20.501759,17.005219,13.58382,11.409005,7.3648906,5.337027,0.0,5.494769,6.25043,9.657928,12.1148205,14.003057,10.187871,13.249862,9.368601,14.176287,12.008397,16.928389,21.929596,22.630579,25.548552,28.384628,30.385801,29.81786,25.9896,22.260603,23.50919,19.468872,18.4166,15.325143,15.697469,12.828972,15.857812,13.09193,14.602033,17.247316,16.812796,19.183203,20.436838,21.009588,21.010489,24.450455,21.491793,23.653723,27.459793,24.256084,21.725134,20.2347,16.31705,13.822127,15.921254,11.187318,9.204635,10.796373,6.6219125,5.2502656,7.524867,9.787838,13.086262,15.864102,17.803724,22.942276,23.587814,27.570734,28.888231,28.265486,29.834488,27.103945,25.92422,22.347715,19.758455,17.426477,15.730636,9.90434,11.491805,9.41701,15.031997,13.471825,17.07255,19.036304,18.523275,16.09248,13.306781,15.898531,11.4070215,16.267511,12.982073,18.656271,22.218487,22.700127,20.741816,24.554377,21.62422,21.12131,21.144413,23.363699
21,20.454536,18.57193,17.844381,12.900259,12.671102,8.941741,10.364223,13.596241,16.92703,19.022432,22.90809,24.236586,27.138311,25.955856,23.455364,19.855293,16.956455,13.989873,11.102497,7.710345,5.494769,0.0,4.8158765,5.971651,7.0694647,8.647659,5.484211,9.12912,6.9627895,11.848307,12.182947,16.450193,22.725183,23.744997,26.49399,29.910124,31.155998,30.198586,26.197626,22.062943,22.983593,18.131739,17.986994,13.927582,12.5175295,9.564009,11.352163,8.174802,9.782384,12.781672,12.531554,15.711329,16.72849,18.613924,18.956327,22.789963,20.722292,23.453217,27.339687,24.97298,22.401882,20.911497,16.158548,14.051891,14.273828,9.555799,8.522126,7.814863,6.2558866,7.115109,6.8400965,11.616119,14.322831,17.798965,19.546515,24.859467,25.811674,29.287998,30.963604,30.99794,32.334213,29.049171,28.309025,24.405745,21.754171,19.382952,17.049236,10.825769,10.682822,7.737458,11.607013,10.084925,13.043331,15.57409,16.038084,14.277146,12.263887,15.891546,13.292028,17.991062,16.486889,22.037975,25.572634,25.353577,23.54386,26.734377,22.898542,22.207018,21.153605,23.034264
22,18.607937,15.939123,15.881,10.706265,10.660929,6.395291,10.315551,14.197177,18.010319,20.671219,24.601643,26.342325,29.577936,28.528097,26.293564,22.325806,19.362,16.420446,13.103636,9.837128,6.25043,4.8158765,0.0,4.3063493,8.607249,9.860583,7.1886272,11.722572,10.56263,14.373427,15.163135,18.559011,25.217659,25.129307,28.562262,31.464628,32.81142,32.30041,27.944588,23.763683,25.839518,21.068853,21.31146,17.878431,16.010098,13.794042,14.888094,12.236377,13.648851,17.027676,16.866123,20.316416,20.830866,23.135574,23.024778,26.739157,24.832571,27.231606,31.347652,28.848715,26.06899,25.05597,20.525566,18.388405,18.98947,14.247798,12.53074,11.367205,8.508801,10.180239,11.184223,15.162154,17.801859,21.256577,22.664757,28.213667,28.578257,32.41202,33.68464,33.371307,34.443523,31.396795,29.87577,26.295996,23.102764,21.494572,18.28943,12.34233,12.11338,8.343821,12.539541,9.259648,12.351379,15.145515,14.286395,13.815185,10.511151,15.602999,12.298338,17.91407,16.441021,22.19697,25.767918,25.169035,22.822166,25.476517,21.791252,20.236023,19.579273,20.796745
23,22.84854,20.030994,20.127201,14.984406,14.7637205,10.641659,14.399198,18.102474,21.873505,24.314182,28.257544,29.740337,32.83422,31.724497,29.288858,25.55361,22.607557,19.617344,16.492643,13.090266,9.657928,5.971651,4.3063493,0.0,5.1194525,6.8320107,6.8693357,11.666732,11.97133,15.632586,17.584234,20.795883,27.866102,28.134361,31.347427,34.580963,35.555973,34.78155,30.42967,26.09227,27.761984,22.614523,23.23132,19.194931,16.407534,14.118004,14.031133,10.822825,11.484383,15.236786,15.6949215,19.598413,20.267664,23.328646,23.728302,27.648392,26.178658,28.976046,32.952637,30.840134,28.208141,26.786621,21.92626,19.787447,18.987953,14.671655,13.039329,10.154532,9.048449,12.116,12.725755,17.512756,20.244053,23.756952,25.39331,30.810183,31.576202,35.113403,36.666584,36.648937,37.76742,34.482624,33.316513,29.560476,26.478218,24.681282,21.477232,15.453187,14.514197,10.588037,12.889817,9.372429,11.235646,14.878454,14.726165,15.342403,12.673573,18.321623,16.03376,21.4106,20.490616,26.184065,29.7393,28.955746,26.698395,29.064283,25.004557,23.28337,22.040644,22.825678
24,26.839787,24.407291,24.163776,19.059826,18.690409,14.73312,17.301235,20.551884,23.965414,25.914364,29.767916,30.817219,33.555782,32.33706,29.650827,26.379568,23.571878,20.641851,18.002157,14.67076,12.1148205,7.0694647,8.607249,5.1194525,0.0,4.4420705,7.1593614,10.770005,11.747519,15.497353,17.899641,21.334354,28.235386,29.4364,32.015495,35.757442,36.418465,35.177574,31.13131,26.802654,27.394913,22.076365,22.70032,18.001299,14.893473,12.261441,11.412391,7.3228207,6.928081,10.820271,11.9724245,16.015087,17.20318,20.565054,21.718668,25.767765,24.587864,27.833254,31.4538,29.774872,27.458315,25.466526,20.398125,18.405005,16.111444,12.593136,11.660631,7.5015535,9.303484,12.560335,12.172329,17.49289,20.149137,23.558779,25.497927,30.530228,31.931498,34.96938,36.956993,37.366554,38.6745,35.117683,34.701187,30.679005,28.052032,25.712944,23.102613,17.085579,15.835622,12.511508,13.336884,11.230672,12.121511,15.822292,17.077898,17.290466,15.803392,20.679125,19.274519,23.985018,23.326069,28.834114,32.34019,31.700964,29.836363,32.405888,28.066608,26.840101,25.06709,26.106436
25,27.026878,24.54569,25.168846,19.857447,20.26578,15.936958,17.936474,21.967596,24.607986,26.95102,30.611155,32.133118,34.625515,33.002193,30.662409,26.877268,24.644411,21.112593,19.220623,15.399254,14.003057,8.647659,9.860583,6.8320107,4.4420705,0.0,5.4322863,8.133084,11.12171,13.316157,17.33654,19.492594,27.030548,27.827557,30.51819,34.296604,34.459198,33.216488,29.006138,24.58592,25.575891,20.087662,21.560596,17.204908,12.852722,11.423024,9.138374,7.114182,8.099259,11.119237,11.32452,15.641723,15.484466,19.870165,20.377674,24.315842,23.981163,27.063944,30.942614,29.850328,27.265244,26.241114,21.066492,19.797571,17.85123,14.404196,14.59872,11.133866,12.890022,15.173945,13.498432,18.92228,20.58973,24.491493,25.663382,31.019468,31.96552,34.8375,36.698536,37.412518,38.255516,34.467228,33.925083,29.940996,27.100542,25.224504,21.936611,16.411617,14.265411,11.06737,9.984759,8.258764,8.224386,11.8613205,13.781927,14.355487,13.715479,18.557922,18.462856,22.692251,23.253721,28.4712,31.854967,30.62111,28.863598,30.870121,26.133516,24.901909,22.541363,23.407888
26,22.127605,20.0161,20.656698,15.413502,16.27056,12.005146,12.937138,17.283966,19.456934,22.045403,25.618048,27.491617,29.994291,28.265598,26.186039,21.997639,19.962757,16.161537,14.545439,10.510222,10.187871,5.484211,7.1886272,6.8693357,7.1593614,5.4322863,0.0,4.8485,6.5239162,8.999409,12.451644,14.712918,22.230686,22.745502,25.657633,29.240738,29.707651,28.6755,24.37625,19.972492,21.407425,16.081385,17.302885,13.470133,9.819285,8.488319,8.083726,7.089595,9.741459,12.252156,11.241181,15.007034,14.44638,17.92806,17.605673,21.415884,20.626535,23.297403,27.49412,26.055027,23.180286,22.83802,17.841928,16.760136,16.561855,12.364076,12.878047,11.304393,11.472714,12.190426,9.958494,14.966747,16.179995,20.319595,21.052465,26.730124,27.197412,30.343794,31.938745,32.47484,33.191143,29.513481,28.680624,24.768282,21.792765,20.064426,16.617104,11.018479,9.010831,5.7451997,6.69231,5.554501,7.985072,10.410152,11.763599,10.440741,9.620018,13.681101,13.280799,17.383795,17.905643,23.049416,26.424625,25.273104,23.579475,25.889645,21.32068,20.50156,18.465853,20.047836
27,23.683956,22.16541,23.014778,18.079174,19.361921,15.432377,14.619452,18.80722,19.695644,22.12878,25.25382,27.24787,29.173954,27.007666,25.212906,20.951096,19.760674,15.638783,15.424337,11.586407,13.249862,9.12912,11.722572,11.666732,10.770005,8.133084,4.8485,0.0,5.5211425,5.2854257,10.587087,11.612514,19.244919,20.208796,22.609144,26.551197,26.485645,25.120953,21.012196,16.648752,17.508083,12.014857,13.928041,10.328422,5.4083033,5.878321,4.576752,6.9849977,10.443231,11.372954,9.1223955,12.357508,10.485163,14.459526,13.54112,17.214542,17.24469,19.847078,24.0885,23.389256,20.45205,20.937862,16.027954,15.98045,15.972789,12.533765,14.56744,13.773991,14.824432,14.398711,10.535156,15.041088,14.864149,19.223753,19.231087,24.827063,25.181122,27.815218,29.51434,30.58026,31.004736,27.013288,26.64726,22.654335,19.992529,18.277737,14.978835,10.478314,7.6604075,6.6095886,4.585937,7.326279,8.89238,9.608505,12.382199,9.572728,10.864261,12.708855,14.129712,16.647243,18.297672,22.67505,25.761486,24.401592,23.287878,25.487818,20.68423,20.682434,18.065424,20.166195
28,20.534908,19.624651,19.393532,14.910715,15.771823,12.575282,10.491007,13.843117,14.814108,16.892353,20.166733,21.908644,24.017933,22.100447,20.068716,15.982236,14.382299,10.473776,10.095748,6.585005,9.368601,6.9627895,10.56263,11.97133,11.747519,11.12171,6.5239162,5.5211425,0.0,5.6148996,6.2729626,10.123295,16.49254,18.127998,20.341326,24.202728,25.011986,23.72157,19.923466,15.847965,16.13083,11.207546,11.288329,7.4243073,6.338297,4.3122597,7.6562796,7.734673,10.953438,11.930039,9.832835,12.016311,11.699415,13.223712,12.518224,16.177677,14.573256,17.10349,21.297281,19.59339,16.693203,16.624495,11.837014,11.323744,12.863448,8.815396,10.787471,11.855962,11.801778,9.883089,5.628248,9.6072855,9.821343,14.109046,14.633856,20.257744,20.861307,23.887077,25.629215,26.295519,27.226353,23.503618,23.263655,19.150345,16.812347,14.305685,12.149367,6.78118,5.9845686,5.9208703,8.652676,10.36541,13.263944,14.038434,15.634411,11.676745,11.808781,12.462111,11.935742,14.507687,14.490778,19.06271,22.28177,21.845436,20.827991,24.084694,19.994797,20.521074,18.90151,21.688208
29,21.538218,20.830912,21.757355,17.496649,19.272888,16.058123,13.339705,17.24339,16.669806,19.145714,21.740122,24.142488,25.672058,23.158632,21.903652,17.261465,16.988462,12.6118765,13.837011,10.595745,14.176287,11.848307,14.373427,15.632586,15.497353,13.316157,8.999409,5.2854257,5.6148996,0.0,6.927797,6.353667,14.117565,15.038812,17.339775,21.299417,21.240053,19.907473,15.807592,11.491054,12.55438,7.2242785,9.414246,7.4418826,4.2905602,6.645398,7.794094,10.975538,14.539483,14.679305,11.70816,13.436727,10.843613,13.294323,10.909734,13.976156,14.006383,15.85906,20.435272,19.829449,16.565462,18.468431,14.2214775,15.064201,16.85259,13.665697,16.270294,17.038774,17.299812,15.377233,10.963861,13.778874,12.010215,16.482004,15.3774395,21.138065,20.812078,23.39659,24.823902,26.019014,26.093924,22.039381,21.635326,17.702353,15.132613,13.68957,10.375582,7.48944,4.644865,6.8376474,6.2144547,10.208996,12.410839,11.459941,13.741139,8.776314,11.03569,9.708949,12.086471,12.831168,15.235237,18.717262,21.502062,20.121998,19.531357,21.936237,17.365644,18.399187,15.972296,18.983189
30,18.594984,18.957106,18.411152,15.229519,16.467329,14.637222,10.002477,12.074017,10.704652,12.516254,15.070406,17.236486,18.839773,16.512634,15.0798435,10.468623,10.153347,5.906369,8.343787,6.8881054,12.008397,12.182947,15.163135,17.584234,17.899641,17.33654,12.451644,10.587087,6.2729626,6.927797,0.0,6.40724,10.605564,12.876469,14.623045,18.439636,19.737896,18.507832,15.163915,11.749297,11.560671,8.139515,6.5165834,5.495619,8.564619,8.196235,12.289247,13.428483,16.485136,16.576212,13.984063,14.429088,13.726971,12.976983,10.956746,13.531082,11.093458,12.503316,16.944479,14.855708,11.557317,13.182246,9.718073,10.44651,14.596773,11.492107,13.896135,16.704636,15.865205,12.229255,8.214524,8.194792,5.481668,9.9240885,8.954716,14.959588,14.823661,18.010553,19.487783,20.156721,20.956413,17.251925,17.160307,12.98034,11.142552,8.145019,7.4582677,4.816872,6.2927237,9.257136,12.38706,14.948356,18.08434,17.66755,18.8699,13.499711,14.195072,11.609306,11.234595,11.354084,11.208754,14.454382,17.294249,17.420753,17.178457,21.088615,17.78316,19.58723,18.581781,22.23486
31,19.667555,20.09288,21.073315,18.04918,20.256056,18.155764,13.716836,16.753273,14.165379,16.584377,18.205812,21.202806,22.169111,19.258656,18.952362,13.913078,15.089549,10.945795,13.932961,12.092249,16.928389,16.450193,18.559011,20.795883,21.334354,19.492594,14.712918,11.612514,10.123295,6.353667,6.40724,0.0,8.3523,8.757434,11.1209955,14.947591,15.091396,14.00712,9.846036,5.750225,7.893387,4.748995,6.441616,8.5279875,9.225495,11.5066595,13.735432,16.791838,20.257925,20.034504,16.88253,17.377628,14.713693,15.11236,11.428677,12.9187355,12.707587,12.934573,17.726599,17.103443,13.515876,17.446558,14.670548,16.331787,19.941593,17.173061,19.847532,21.863823,21.29536,18.21097,14.098801,14.56699,11.070055,14.981211,12.171113,17.849672,16.248558,18.836891,19.649258,20.891708,20.355234,16.320114,15.606528,11.89517,9.408641,8.854345,5.6574087,7.3957434,6.57083,10.650205,11.415927,15.119616,17.634668,15.724088,17.111818,11.137177,13.563117,8.6592655,11.644333,9.344581,12.6961975,14.35822,16.517164,15.148781,15.431111,18.089895,14.28012,16.765226,15.019271,18.915478
32,22.012583,23.875217,23.859528,22.449644,24.287916,23.509878,17.908804,18.690742,14.172889,15.00581,14.719634,17.496565,17.036562,13.65259,14.642003,10.683367,14.012508,11.839887,16.351105,16.596956,21.929596,22.725183,25.217659,27.866102,28.235386,27.030548,22.230686,19.244919,16.49254,14.117565,10.605564,8.3523,0.0,6.2425623,4.4686546,8.922045,10.13912,8.641594,7.3012276,7.420611,5.557318,8.747869,6.786385,11.872515,15.615627,17.208933,20.385569,23.03607,26.148691,25.257036,22.140715,21.11451,19.188251,16.893179,13.124656,12.380148,11.152707,8.866018,12.825493,12.133222,8.916135,15.014402,14.893991,17.460285,22.408504,20.834496,23.723175,27.013468,26.246792,22.129622,18.414171,16.350006,11.563553,13.2164955,8.643293,12.368048,9.451002,11.27062,11.61653,13.412265,12.53615,8.2310915,9.124062,5.6147137,6.728875,5.934899,8.598265,13.040122,14.115165,18.17884,19.716373,23.295576,25.960379,24.027176,25.232119,19.19301,21.203434,15.4076805,17.103506,12.962836,14.753585,13.555762,14.253473,14.489555,16.361322,19.789228,17.952543,21.644836,20.962137,25.2057
33,18.92047,20.81546,21.975903,20.932735,23.463938,22.77959,17.492937,19.153326,14.525223,16.58374,16.370031,20.144388,20.29354,17.19006,18.60353,13.794389,16.678143,14.00533,17.858496,17.633043,22.630579,23.744997,25.129307,28.134361,29.4364,27.827557,22.745502,20.208796,18.127998,15.038812,12.876469,8.757434,6.2425623,0.0,5.051791,6.696348,7.950218,8.5498085,5.0905976,5.5364513,9.32081,11.369571,11.350792,15.727182,17.872673,19.889322,22.478962,25.313622,28.698568,28.454725,25.324911,25.206474,22.698566,21.759146,17.724363,17.439882,16.915754,15.00058,18.998392,18.237179,14.977102,20.640217,19.877811,21.824108,26.74929,24.26954,26.585424,29.435362,27.973768,24.207478,20.976362,19.519367,15.394155,17.643782,13.320171,17.574629,13.713497,16.181587,15.331714,16.191689,14.153261,10.88437,8.388352,6.551024,4.5743217,7.954527,6.956824,13.055122,13.799935,17.740812,19.284977,22.388111,25.073746,22.587423,22.903946,17.059547,19.016151,12.2934885,14.729353,9.2031765,12.912931,10.650392,10.882057,9.403448,11.516445,14.0072565,12.533304,16.660873,16.380894,20.63963
34,23.133389,25.300152,25.815355,24.903263,27.06828,26.491665,20.907515,21.778685,16.824558,17.808811,16.832027,19.955639,19.111048,15.740116,17.566534,13.862708,17.522367,15.598399,20.023075,20.282871,25.548552,26.49399,28.562262,31.347427,32.015495,30.51819,25.657633,22.609144,20.341326,17.339775,14.623045,11.1209955,4.4686546,5.051791,0.0,4.8585567,5.8034563,5.008468,4.9855285,7.6824403,7.577963,11.810554,10.947754,16.102297,19.199333,21.235653,24.007874,27.013077,30.242035,29.376934,26.16012,25.198458,22.814007,20.825893,16.779285,15.421296,15.04037,12.190218,15.426169,15.35293,12.61523,19.038092,19.3124,21.897495,26.866344,25.23996,28.038696,31.241327,30.282358,26.207382,22.638977,20.579268,15.88686,17.264917,12.536375,15.306362,11.381097,12.532163,11.702211,13.54769,11.249277,7.451869,7.3895893,5.99081,7.4521804,9.005841,10.732401,16.252333,17.097488,21.207474,22.383577,25.98628,28.503698,26.06659,27.000656,21.043776,23.301352,16.810696,19.136969,13.984593,16.673576,14.077188,13.745103,13.452219,16.008049,18.65342,17.535412,21.695757,21.208717,25.429497
35,23.05375,25.694437,26.436302,26.369064,28.693756,28.644272,23.064281,23.627583,18.316841,19.315714,17.65639,21.093666,20.105055,17.026033,19.564342,16.112806,19.903164,18.483913,22.701351,23.300486,28.384628,29.910124,31.464628,34.580963,35.757442,34.296604,29.240738,26.551197,24.202728,21.299417,18.439636,14.947591,8.922045,6.696348,4.8585567,0.0,4.606644,6.497618,7.5130506,10.958943,12.345746,16.382662,15.604791,20.633186,23.610218,25.56975,28.372616,31.242691,34.512863,33.897823,30.730236,29.931017,27.573557,25.634499,21.629803,20.218954,19.682808,16.645283,19.367264,18.977839,16.565077,22.852966,23.51156,25.840704,31.157915,29.310493,31.756025,35.096718,33.62541,29.475676,26.394014,23.995201,19.564987,20.534777,15.830451,17.965483,13.241471,14.430895,12.367348,13.404689,9.943071,7.8911967,5.6312065,7.257691,8.753598,11.715656,13.184052,19.246494,20.353474,24.324318,25.853168,29.078806,31.711391,29.093044,29.439676,23.673548,25.626196,18.835863,20.85648,15.13838,17.76116,13.722155,12.189107,11.896698,15.06485,17.188246,17.423666,21.855698,22.07245,26.19251
