,0,1,2,3,4,5,6,7,8,9,10,11,12,13,14,15,16,17,18,19,20,21,22,23,24,25,26,27,28,29,30,31,32,33,34,35,36,37,38,39,40,41,42,43,44,45,46,47,48,49,50,51,52,53,54,55,56,57,58,59,60,61,62,63,64,65,66,67,68,69,70,71,72,73,74,75,76,77,78,79,80,81,82,83,84,85,86,87,88,89,90,91,92,93,94,95,96,97,98,99,100,101,102,103,104,105,106,107,108,109
0,0.0,4.2135043,5.6864285,8.617385,11.156065,13.420399,10.507675,10.250538,8.757902,11.604162,12.867863,16.595802,19.466528,18.773197,19.095505,15.034207,14.453265,13.889774,13.841345,15.681051,17.07774,19.378063,21.260538,23.025265,26.467836,25.460602,21.508339,24.651907,20.781599,24.283905,21.475576,24.731161,26.396494,25.30351,29.210876,26.359077,28.597374,26.013287,25.277475,22.210629,26.323524,23.590086,23.675636,23.344164,24.878628,23.032486,24.313562,25.49248,28.648344,30.293276,28.67591,29.881214,29.873035,30.01186,29.895174,31.379005,28.016151,31.493284,31.518566,30.537971,31.44296,28.644547,26.359852,28.4624,28.019053,24.899397,27.259153,25.94411,23.154741,20.426935,18.060946,18.828424,17.658594,19.126616,18.318213,22.664879,20.321638,24.867199,23.882257,22.844034,21.8043,19.649746,15.4265585,13.363227,11.983297,9.41552,10.484331,10.259716,11.802421,13.986633,17.39838,19.44612,18.392384,22.7424,27.151299,24.16162,20.736477,21.21347,17.962912,19.809662,18.164759,18.367155,20.828978,18.688665,16.554193,16.265247,10.690295,12.502096,10.092734,11.882041
1,4.2135043,0.0,5.339598,6.418942,9.272123,11.010741,9.769736,11.199255,11.118688,14.552826,16.474691,20.122131,23.151085,22.272749,22.266993,17.784355,16.757107,15.284081,14.577363,15.16415,15.997068,17.887142,19.091436,20.565084,24.418144,23.309078,19.947891,23.539242,20.508371,23.760876,22.143763,25.489439,28.042112,26.655014,31.011982,28.558067,31.13029,28.78441,27.881277,24.605944,28.814386,25.469997,26.068783,25.119059,25.94945,23.871428,24.586046,25.63806,28.793863,30.766743,29.272148,31.032267,30.781313,31.724827,31.507893,33.230522,29.474333,32.796078,32.94805,31.364367,32.269688,28.74656,26.560131,28.182364,27.03958,24.369604,26.171085,25.176973,21.843512,19.940416,18.111256,19.849655,19.118237,21.318806,20.699461,25.63615,23.51178,28.040552,27.342688,26.589,25.58393,23.08722,19.296986,16.831707,14.937942,12.155118,11.949749,9.451704,10.354848,11.544668,14.705925,16.68794,16.9637,20.784481,25.583471,23.03976,19.616014,21.037582,18.375835,20.37164,19.842737,20.53121,23.253302,21.031586,19.034912,18.003775,12.322682,12.599208,9.608801,9.902633
2,5.6864285,5.339598,0.0,5.369632,6.36282,9.908106,8.675075,7.7194853,9.68865,12.267879,14.8291025,17.595266,21.19623,20.962603,20.273998,16.634928,14.517447,14.033075,12.079321,13.575088,13.418846,16.762182,17.485987,19.95097,23.88686,23.66825,20.400852,24.244877,20.790955,25.137804,22.770903,27.521122,29.303162,28.995914,32.802063,30.408274,32.43419,29.961287,28.367903,25.016726,27.99583,24.69298,24.513998,22.96033,24.461203,21.494753,22.880184,22.88204,25.689877,27.941256,26.916107,28.589294,29.20727,29.727417,30.408215,32.54276,29.375801,33.01892,33.828312,32.393112,32.673145,29.693146,26.650017,28.179901,26.8564,23.384418,25.064428,23.326107,19.641535,17.350178,16.61925,17.593878,17.94115,19.461847,19.984743,24.497402,23.200401,27.850836,27.339563,25.964605,25.708502,23.644833,19.448751,17.646873,15.33197,14.038042,12.740805,12.320243,11.984435,14.075366,16.238405,19.105892,19.194294,23.629976,27.889725,25.993587,22.732943,24.0301,20.726797,23.589407,21.765692,22.966387,25.74817,23.959929,22.0734,21.884632,16.218277,17.43706,14.632521,15.241873
3,8.617385,6.418942,5.369632,0.0,3.5401824,4.884972,4.979349,7.543954,10.13944,13.56188,16.779207,19.692972,23.132694,22.271854,21.216509,16.804007,14.5126295,12.486451,10.246621,9.827642,9.737635,12.056859,12.870281,14.846647,18.814352,18.41572,15.443985,19.578882,16.883062,21.071655,19.854378,24.970953,27.576733,27.318762,31.425411,29.710674,32.013638,29.939648,27.890238,24.272993,27.298187,23.196949,23.886934,21.704908,22.070324,19.223425,19.713562,20.080996,23.08408,25.411377,24.268248,26.551468,26.56785,28.170376,28.482096,30.842974,27.197712,30.603237,31.647293,29.52455,29.712547,26.063368,23.087463,24.133434,22.262268,19.282217,20.58073,19.331327,15.5593605,14.012059,13.318734,15.624576,16.197496,18.817774,19.355534,24.694504,23.746212,28.274525,28.356737,27.594633,27.534283,24.795437,21.587,19.052698,15.832442,14.740222,11.490315,9.542978,7.8191266,9.496634,11.002703,14.121576,14.826415,19.07061,23.238214,22.019424,18.962025,21.030003,18.151005,21.605652,20.53715,22.726803,25.968414,24.520542,23.214638,23.011276,17.246716,17.610321,15.273643,14.71386
4,11.156065,9.272123,6.36282,3.5401824,0.0,4.462031,6.4788594,7.5320888,11.784565,14.536071,18.09033,20.345528,24.074911,23.589367,22.06226,18.233824,15.223821,13.696104,10.346641,9.922334,8.169022,11.669387,11.32544,14.110529,18.331778,18.70919,16.326323,20.707462,18.216398,22.905,21.67442,27.529537,29.880209,30.142302,34.0088,32.42028,34.480507,32.398922,29.969707,26.324656,28.560358,24.383295,24.700804,21.90156,22.446314,18.860277,19.582008,18.93683,21.566511,24.297934,23.643211,26.102293,26.684988,28.29898,29.221073,31.91828,28.601286,32.10435,33.598206,31.408627,31.178835,27.701187,24.237196,24.964811,22.644243,19.32912,20.1403,18.440727,14.010943,12.769242,13.572085,15.634565,17.224005,19.516973,20.858309,25.940832,25.554884,30.077581,30.309649,29.251217,29.587032,27.071869,23.71513,21.513166,18.164677,17.662104,14.050372,12.824705,10.520294,12.09754,12.501871,16.013168,17.173735,21.363434,25.192312,24.597927,21.737864,23.949766,20.976377,24.775337,23.327023,25.756863,29.010315,27.701763,26.392523,26.342722,20.566069,21.071745,18.56684,17.966764
5,13.420399,11.010741,9.908106,4.884972,4.462031,0.0,5.7202053,9.493725,13.014266,16.210932,19.871645,22.353285,25.775637,24.759108,23.166029,18.79353,16.047455,13.349614,10.3879795,7.9268713,6.58883,8.1597395,8.089248,10.077087,14.311963,14.371497,12.304495,16.893755,15.26201,19.56202,19.459957,25.311987,28.329342,28.526192,32.59236,31.541012,33.82757,32.08962,29.456459,25.70987,28.114178,23.428335,24.538593,21.48714,20.96547,17.809343,17.571058,17.55492,20.393908,23.012335,22.130474,25.04305,24.918978,27.45138,27.87658,30.626259,26.89701,30.100124,31.666582,28.946054,28.724905,24.679379,21.444675,21.742952,18.97926,16.308802,16.772783,15.739236,11.451487,11.137248,11.691506,14.973355,16.439083,19.582344,20.669182,26.260866,25.98987,30.313545,30.933521,30.412825,30.764305,27.771852,25.194075,22.494047,18.733334,18.262388,13.689416,11.399156,8.137134,8.983946,8.342988,12.039665,13.747707,17.581434,21.22987,21.22879,18.648056,21.428835,18.961159,23.036285,22.29433,25.333529,28.827118,27.770027,26.899878,26.831305,21.179129,21.114288,19.103003,17.82159
6,10.507675,9.769736,8.675075,4.979349,6.4788594,5.7202053,0.0,5.580007,7.5813293,10.979014,14.5252075,17.265133,20.419653,19.168484,17.78018,13.145868,10.788213,7.9542723,6.014975,5.3999176,7.3382106,8.9588,11.713083,13.473393,16.36971,15.93536,12.085732,15.74424,12.332754,17.075546,15.261101,21.1784,23.453058,23.941849,27.690592,26.37684,28.449183,26.589207,23.957136,20.241997,22.834507,18.456423,19.425076,17.086752,17.138927,14.623396,14.998682,16.052265,19.353628,21.234161,19.737373,21.927265,21.67272,23.400528,23.55915,25.99405,22.375883,25.813839,27.145071,25.013386,24.948334,21.609543,18.336157,19.57883,18.227842,14.894721,16.846655,15.555656,12.915751,10.4614935,8.521898,10.988274,11.430561,14.463095,15.13568,20.726772,20.27645,24.6291,25.215828,24.748415,25.15573,22.140387,19.78795,17.08671,13.139631,13.292031,8.2658,8.105941,5.5646963,8.760902,10.022441,13.269082,12.128127,17.116882,20.442572,19.396719,16.609852,18.203293,14.883268,19.122427,17.281265,20.33633,23.806799,23.045948,22.396019,23.103823,17.58221,18.51117,17.147228,16.91685
7,10.250538,11.199255,7.7194853,7.543954,7.5320888,9.493725,5.580007,0.0,5.609541,7.306807,11.187255,13.051033,16.73705,16.334543,14.5751295,11.243713,7.8865075,7.7124743,4.758234,7.989116,8.803778,12.5118265,14.709233,17.476305,20.221302,20.533232,16.69407,19.94941,15.693371,21.030735,17.617613,23.933002,24.85154,26.067211,29.095905,27.30912,28.736656,26.51448,23.733921,20.239965,21.780834,18.18574,17.744444,15.485214,17.213387,13.940073,15.838881,15.767744,18.657305,20.549812,19.450228,20.916294,21.864384,22.21204,23.362408,25.866657,23.185284,27.009823,28.58256,27.234901,26.808887,24.617926,20.796741,22.432724,21.623625,17.355818,19.592245,17.30873,14.772857,11.15412,10.117884,10.081835,11.261408,12.53458,14.22024,18.739279,18.731627,23.214195,23.55655,22.254316,23.142967,20.884981,17.760128,16.030724,12.452682,13.639644,9.725576,12.22623,10.783153,14.2095375,15.532426,18.848328,17.212284,22.437572,25.420963,24.150808,21.36857,22.11284,18.147682,22.226807,18.928156,21.466106,24.57933,23.908382,22.983902,24.268232,18.849293,20.860281,19.268776,19.998472
8,8.757902,11.118688,9.68865,10.13944,11.784565,13.014266,7.5813293,5.609541,0.0,4.0832295,7.011922,10.32866,13.263612,12.1389265,11.41149,7.004055,5.799108,5.729125,6.8632116,10.35184,13.140394,15.316059,18.731874,20.680965,22.827812,22.274004,17.599436,19.916813,14.906089,19.461731,15.016412,20.114895,20.56905,21.412016,24.35574,22.138565,23.622353,21.246315,18.993288,15.628153,18.343033,15.371906,15.155161,14.605801,16.54287,14.931016,16.745249,18.298576,21.52393,22.529398,20.65921,21.392738,21.568865,21.28143,21.472523,23.22695,20.367046,24.14978,24.962072,24.219524,24.397882,22.625326,19.539537,21.989868,22.392035,18.50734,21.638128,19.89725,18.58651,14.6405525,11.2692795,10.6919775,9.313278,10.403539,10.33049,14.956628,13.900788,18.506035,18.535671,17.567167,17.987059,15.468198,12.561516,10.490132,6.8755183,8.452746,5.461852,10.098322,10.391668,14.195889,16.732622,19.277617,16.11572,21.47679,24.407228,22.028044,19.142435,18.793726,14.491954,17.981342,14.054357,16.098366,19.074883,18.519926,17.77949,19.644163,14.674405,17.423395,16.668673,18.191256
9,11.604162,14.552826,12.267879,13.56188,14.536071,16.210932,10.979014,7.306807,4.0832295,0.0,4.065427,6.352947,9.628839,9.162598,8.009227,5.3959,3.9117332,6.9464626,8.11243,12.595841,15.083913,17.757994,21.160095,23.453548,25.266926,25.101997,20.416206,22.35329,16.98588,21.781317,16.410276,21.723185,20.981863,22.647387,24.75955,22.399637,23.183752,20.659302,18.121723,15.109924,16.59904,14.493222,13.060673,12.948126,16.10298,14.437088,17.120682,18.233965,21.120382,21.809294,20.089268,20.10068,20.987846,19.565432,20.388813,22.08749,20.109377,24.057924,25.103157,24.9972,24.832645,24.0554,20.664865,23.33551,24.214602,19.88533,23.227924,21.033579,20.198664,15.74082,12.728671,10.512829,9.406633,8.572876,9.319914,12.536452,12.124061,16.629263,16.636507,15.007929,16.141077,14.332098,11.296705,10.413417,7.4831896,10.504843,8.580075,14.040233,14.2747555,18.150476,20.42077,23.070946,19.550137,24.991459,27.443035,25.13336,22.456104,21.567898,17.051437,20.45106,15.494946,17.294453,19.862219,19.716589,19.089392,21.61714,17.185564,20.527685,19.909712,21.847004
10,12.867863,16.474691,14.8291025,16.779207,18.09033,19.871645,14.5252075,11.187255,7.011922,4.065427,0.0,4.4691496,6.688519,6.309043,6.748929,5.5802236,6.81018,9.927374,12.03815,16.371485,19.114944,21.529089,25.12421,27.249401,28.921331,28.485285,23.58542,25.075397,19.527697,23.722921,17.82362,21.932121,20.38386,21.875374,23.51947,20.61441,21.073618,18.26908,16.403416,13.973937,15.837053,15.011394,13.146772,14.578858,18.123726,17.325169,20.072575,21.602488,24.411108,24.67598,22.761671,22.15194,22.899918,20.64841,21.119217,22.148579,20.554329,24.37597,24.856104,25.4915,25.661901,25.489775,22.60138,25.665606,27.17353,23.037764,26.66161,24.610703,24.141678,19.625307,16.177578,13.670887,11.609124,9.906399,9.391865,11.06717,9.699733,14.122886,13.461007,11.452408,12.358295,11.116117,7.6348944,7.802863,6.548577,9.852479,10.210272,15.974477,17.038803,20.821123,23.556484,25.860806,21.8603,27.167185,29.568085,26.651009,23.98872,22.36191,17.854467,20.419937,14.968505,15.728659,17.691841,17.645142,17.000582,20.069544,16.446373,20.399788,20.208027,22.76286
11,16.595802,20.122131,17.595266,19.692972,20.345528,22.353285,17.265133,13.051033,10.32866,6.352947,4.4691496,0.0,4.1241603,5.8902736,4.977024,7.593754,7.808269,12.069525,13.502946,18.205389,20.478148,23.33346,26.744583,29.219086,30.634254,30.694292,25.958633,27.313732,21.696342,26.278196,20.011805,24.733606,22.367422,24.785921,25.654982,22.981731,22.7011,19.9986,17.587221,15.597787,15.4545355,15.400496,12.259849,13.643162,18.13949,17.025703,20.434399,21.236483,23.54189,23.596415,22.040312,20.834188,22.46746,19.235136,20.654247,21.83097,21.267471,25.150877,26.15054,27.140215,26.76149,27.380785,24.044016,27.033998,28.672176,24.14367,27.722189,25.230108,25.06513,20.311855,17.583803,14.051815,12.910054,9.758568,10.722002,10.422647,10.691805,14.378114,14.016954,11.194007,13.3734045,13.162318,10.332824,11.586673,10.601036,14.290601,14.004581,19.940939,20.488564,24.38036,26.659184,29.231434,25.214428,30.625395,32.600952,30.097729,27.64259,25.962254,21.387259,24.23515,18.347025,19.339558,21.035358,21.395222,20.923231,24.239073,20.842306,24.850029,24.546112,27.071156
12,19.466528,23.151085,21.19623,23.132694,24.074911,25.775637,20.419653,16.73705,13.263612,9.628839,6.688519,4.1241603,0.0,3.5113153,4.517989,8.67334,10.455977,14.31751,16.624014,21.101536,23.853395,26.189865,30.021017,32.212177,33.21634,33.03827,28.111818,28.857334,23.139101,27.150457,20.460283,24.247334,20.952124,23.639082,23.730146,20.934214,20.061474,17.360518,15.210825,14.013152,13.516099,14.869794,11.447994,14.355129,18.873737,18.826115,22.096071,23.510178,25.77142,25.238981,23.3961,21.57292,22.876417,18.92772,19.881378,20.352764,20.36375,23.997084,24.6188,26.331842,26.108202,27.498972,24.61743,27.917465,30.25772,25.977156,29.8584,27.588058,28.081442,23.270407,19.96631,16.270082,14.311401,10.720308,10.652549,8.232408,8.361904,11.201808,10.641609,7.4647675,10.360852,10.878335,9.330735,11.369077,11.387781,15.361763,15.820227,22.033463,22.97317,26.833376,29.295383,31.556976,26.926668,32.18964,33.788765,30.974379,28.738289,26.397923,21.933533,24.268587,17.977734,18.518692,19.66427,20.54656,20.50015,24.392017,21.851433,26.099176,26.348644,29.119452
13,18.773197,22.272749,20.962603,22.271854,23.589367,24.759108,19.168484,16.334543,12.1389265,9.162598,6.309043,5.8902736,3.5113153,0.0,3.7873666,6.410376,9.4466095,12.513773,15.648101,19.72683,23.043755,24.725716,28.970304,30.766092,31.51617,30.997564,25.926378,26.322617,20.607576,24.189417,17.434805,20.789425,17.494818,20.15041,20.321634,17.617075,16.951777,14.304312,11.962977,10.5581,11.013958,12.212126,9.549209,13.081289,16.97522,17.680998,20.475618,22.692123,25.267036,24.538345,22.282501,20.60794,21.12623,17.647326,17.737354,17.955265,17.463493,21.036861,21.380373,23.075808,23.114733,24.424118,21.901659,25.37027,28.010582,24.066406,28.142082,26.24677,27.086592,22.364738,18.343306,15.023211,12.168191,9.073121,7.7210164,5.7516866,4.9995155,8.5197315,8.356004,6.3110704,8.956919,8.29454,8.00903,9.2129965,8.9365225,13.26401,13.562797,19.875776,21.008,24.793095,27.356915,29.332092,24.30968,29.4369,30.856564,27.881987,25.771774,23.179514,18.785156,21.040628,14.63181,15.438675,16.774218,17.970367,18.350191,22.434801,20.03323,24.148499,24.801529,27.439425
14,19.095505,22.266993,20.273998,21.216509,22.06226,23.166029,17.78018,14.5751295,11.41149,8.009227,6.748929,4.977024,4.517989,3.7873666,0.0,5.653292,7.165576,10.825068,13.355993,17.577808,20.598995,22.508999,26.617567,28.631157,29.239822,29.14427,24.279419,24.823898,19.13508,23.373026,16.675499,21.441505,18.42431,21.734179,22.004108,19.922276,19.285034,16.974628,13.638127,11.714458,10.526505,10.8285675,7.4271126,9.923823,14.366013,14.466751,17.647749,19.344984,21.732492,21.050558,19.019886,17.348848,18.458485,14.923034,15.900507,16.883038,16.623787,20.449503,21.647675,22.870914,22.29132,23.586853,20.375824,23.573393,25.925903,21.622078,25.557688,23.353025,24.294672,19.478168,15.9734745,12.0989485,10.147441,6.252041,7.004608,5.7107587,7.5206733,10.7842,11.576533,9.720052,12.727182,11.804254,11.250507,11.8472805,10.216183,14.816135,13.513602,19.88701,20.2941,24.197039,26.233526,28.539158,23.749546,29.042986,30.243256,27.919468,25.900455,23.79559,19.286978,22.380394,16.05021,17.865652,19.701845,20.88018,21.237843,25.039331,21.975498,25.810728,26.118362,28.380486
15,15.034207,17.784355,16.634928,16.804007,18.233824,18.79353,13.145868,11.243713,7.004055,5.3959,5.5802236,7.593754,8.67334,6.410376,5.653292,0.0,4.3631444,6.171606,9.833353,13.510393,17.18082,18.464918,22.859781,24.45347,25.297667,24.693184,19.633726,20.414528,14.718984,18.830055,12.550212,17.415863,15.864578,18.21228,19.758116,17.72809,18.263243,15.999284,12.907058,9.81986,11.563716,9.677588,8.804317,10.222311,13.005041,13.196614,15.446337,18.013678,21.080063,20.845985,18.42976,17.888954,17.843283,16.194595,16.010826,17.191208,15.159561,19.038898,19.87613,20.190964,20.154997,20.092758,17.149042,20.347084,22.343151,18.42011,22.385029,20.691832,21.256327,16.73154,12.285987,9.779922,6.516426,5.377515,4.048174,7.9730334,7.6191463,11.988553,12.726243,12.096982,13.582353,11.044865,10.27188,8.947176,5.595353,10.2066765,7.909292,14.307253,14.891484,18.736584,21.040314,23.13707,18.327347,23.631447,25.251753,22.710472,20.4763,18.677893,14.093233,17.486076,11.645471,14.111818,16.717913,17.512575,17.854351,21.188782,17.588352,20.986013,21.372486,23.289438
16,14.453265,16.757107,14.517447,14.5126295,15.223821,16.047455,10.788213,7.8865075,5.799108,3.9117332,6.81018,7.808269,10.455977,9.4466095,7.165576,4.3631444,0.0,4.5500813,6.266137,10.657827,13.621815,15.745729,19.648626,21.765253,22.910107,22.918425,18.227621,19.742466,14.271434,19.378931,13.798543,20.079302,19.196856,21.7027,23.521402,21.836357,22.439102,20.299383,16.873018,13.656061,14.145431,11.345403,10.108864,9.198026,12.239386,10.668423,13.432213,14.848908,17.808249,18.17769,16.275501,16.285137,17.094107,15.921948,16.865574,18.931421,17.024588,21.035152,22.640173,22.306078,21.69445,21.164116,17.382986,19.993204,21.084303,16.592676,20.130758,17.900658,17.87639,13.196237,9.815652,6.8799005,5.9729586,5.098388,7.1295834,10.937036,11.755975,15.921718,16.798252,15.658894,17.433493,15.247311,13.567678,12.367034,8.675759,12.439748,8.722217,14.430959,13.975919,17.913942,19.583977,22.265104,18.315168,23.793364,25.558056,23.799072,21.49571,20.626019,16.10715,20.180866,15.012544,17.87125,20.70839,21.142141,21.102674,23.874271,19.526783,22.553074,22.238869,23.740763
17,13.889774,15.284081,14.033075,12.486451,13.696104,13.349614,7.9542723,7.7124743,5.729125,6.9464626,9.927374,12.069525,14.31751,12.513773,10.825068,6.171606,4.5500813,0.0,4.667508,7.396959,11.4423275,12.304961,16.798956,18.283306,19.269978,18.809593,13.923128,15.471639,10.074405,15.190068,10.370472,17.04187,17.436668,19.456593,22.014997,20.825048,22.100197,20.313581,16.88854,13.232368,14.93627,10.838274,11.53617,10.063043,10.996146,9.928687,11.300906,13.816811,17.27529,17.767294,15.481966,16.388521,16.01457,16.480553,16.435352,18.60471,15.562783,19.364843,20.889427,19.706253,19.336872,17.729374,14.121949,16.563688,17.373732,13.340394,16.932804,15.348705,15.426573,11.2249565,6.519828,5.852276,3.9276247,6.7673984,7.4089804,12.97497,13.263652,17.330664,18.494692,18.239634,19.449905,16.429483,15.388159,13.07401,8.6451235,11.568686,5.959416,10.944955,10.068359,13.926326,15.474882,17.959326,13.8241625,19.294432,21.07849,19.499819,17.240932,16.840984,12.5189495,17.126238,12.88644,16.583794,19.911652,20.293055,20.507477,22.847578,18.282793,20.575378,20.45616,21.337873
18,13.841345,14.577363,12.079321,10.246621,10.346641,10.3879795,6.014975,4.758234,6.8632116,8.11243,12.03815,13.502946,16.624014,15.648101,13.355993,9.833353,6.266137,4.667508,0.0,4.829541,7.404084,9.888887,13.410249,15.728773,17.392712,17.76393,13.636505,16.291399,11.771516,17.505714,13.91633,21.114908,21.913296,23.901022,26.605698,25.481703,26.742426,24.907831,21.412003,17.806639,18.6634,14.454465,14.550118,11.595088,12.620952,9.459154,11.130031,11.745571,14.985834,16.455753,14.993285,16.623602,17.209223,18.100481,19.117638,21.88302,19.162558,22.935474,24.969704,23.379562,22.567959,20.567003,16.388824,17.975462,17.478441,12.962425,15.64535,13.380782,12.13052,7.847999,5.623241,5.5665274,7.387386,9.4480295,11.649666,16.567389,17.354353,21.479044,22.544283,21.754673,23.137499,20.48863,18.593803,16.59201,12.366407,14.583862,9.122066,12.371265,10.316893,13.92387,14.598677,17.808548,15.216115,20.555807,22.632069,21.885052,19.566097,20.150993,16.169558,20.90673,17.315245,20.838728,24.17527,24.172863,23.942772,25.746618,20.634916,22.566666,21.659065,22.128023
19,15.681051,15.16415,13.575088,9.827642,9.922334,7.9268713,5.3999176,7.989116,10.35184,12.595841,16.371485,18.205389,21.101536,19.72683,17.577808,13.510393,10.657827,7.396959,4.829541,0.0,4.7974186,5.1731396,9.417315,11.111974,12.721096,12.995398,9.194227,12.517886,9.217218,14.844545,13.20647,20.517725,22.51272,24.146788,27.336721,26.81251,28.507662,27.05059,23.511301,19.778423,21.034212,16.093306,17.354527,13.908927,13.047095,10.140685,9.941591,10.981115,14.402699,16.192974,14.719505,17.382467,17.085361,19.595974,20.053253,22.999527,19.615253,22.963188,25.129421,22.63403,21.812437,18.707052,14.650337,15.390567,13.785911,9.842012,11.858667,10.274397,8.627779,5.6621766,3.7912862,7.446698,9.337775,12.751858,14.414873,19.907503,20.612402,24.515942,25.855665,25.606165,26.75047,23.640469,22.228386,19.657034,15.25549,16.706345,10.576999,11.565455,8.306235,11.108443,10.617712,13.94506,12.148015,17.074892,19.037334,19.185207,17.140274,18.720608,15.487486,20.520445,18.223457,22.282366,25.882996,25.848005,25.814594,27.11938,21.925808,22.941998,22.06924,21.66264
20,17.07774,15.997068,13.418846,9.737635,8.169022,6.58883,7.3382106,8.803778,13.140394,15.083913,19.114944,20.478148,23.853395,23.043755,20.598995,17.18082,13.621815,11.4423275,7.404084,4.7974186,0.0,5.3480835,6.3424497,9.589932,12.301632,13.754883,11.596918,15.5929,13.449564,18.89297,17.892263,25.241129,27.281033,28.906084,32.12711,31.521727,33.15543,31.584175,28.020947,24.319849,25.053238,20.25159,20.932375,16.879128,16.397903,12.3218355,12.4316845,11.218705,13.869893,16.670355,16.207403,19.268965,19.862442,22.403282,23.676565,26.936651,23.928442,27.263514,29.719173,27.115166,26.009344,22.855648,18.603668,18.67687,15.9888935,12.122381,12.607017,10.392134,6.2852416,4.807045,7.7294674,10.408686,13.522792,16.193468,18.573275,23.651037,24.610004,28.624327,29.836723,29.156485,30.419859,27.61316,25.569393,23.287643,19.06726,20.224066,14.58443,14.811332,11.271348,13.277714,11.849796,15.617724,15.638015,19.988554,22.164854,22.937424,20.899576,23.043266,20.03902,24.929638,22.853765,26.653955,30.204859,29.885077,29.48814,30.416056,24.919392,25.706745,24.180338,23.475063
21,19.378063,17.887142,16.762182,12.056859,11.669387,8.1597395,8.9588,12.5118265,15.316059,17.757994,21.529089,23.33346,26.189865,24.725716,22.508999,18.464918,15.745729,12.304961,9.888887,5.1731396,5.3480835,0.0,5.4654436,6.162825,7.72072,8.554376,6.5114794,10.665857,9.947287,14.681242,15.344491,22.398623,25.26788,26.71176,30.130508,30.178564,32.101593,30.976862,27.357615,23.654694,24.811869,19.535448,21.372246,17.45557,15.349409,12.576272,10.887922,11.456896,14.420063,16.614773,15.5555725,19.087185,18.335564,22.145777,22.442677,25.587225,21.972967,24.797913,27.21465,23.941458,22.933855,18.982431,15.17008,14.607627,11.278165,8.534586,8.630727,8.003691,5.4497814,6.0530624,6.9749293,11.360744,13.558465,17.241188,18.86402,24.404379,25.260397,28.92542,30.49359,30.514664,31.614828,28.303946,27.156826,24.357521,19.962393,20.947311,14.820199,14.033408,10.151904,11.269817,8.744431,12.036953,12.01464,15.749107,17.302021,18.874905,17.369457,19.99859,17.749743,22.76212,21.613516,25.949577,29.65362,29.600206,29.682163,30.545277,25.365654,25.5829,24.63516,23.407804
22,21.260538,19.091436,17.485987,12.870281,11.32544,8.089248,11.713083,14.709233,18.731874,21.160095,25.12421,26.744583,30.021017,28.970304,26.617567,22.859781,19.648626,16.798956,13.410249,9.417315,6.3424497,5.4654436,0.0,4.179727,8.09448,10.249776,10.703124,15.089469,15.333869,19.615492,20.797276,27.643248,30.698507,31.902187,35.502167,35.404842,37.395496,36.13578,32.616005,28.88901,29.891348,24.712748,26.12124,21.85812,20.155724,16.590605,15.287074,14.087202,16.127357,19.165405,19.020863,22.804142,22.742395,26.523191,27.397963,30.731346,27.329956,30.133522,32.653812,29.277788,28.174006,24.089418,20.354076,19.291298,15.08777,12.941094,11.374041,10.516849,5.347423,8.548714,11.90306,15.6335535,18.490498,21.74406,23.770332,29.150095,30.029253,33.888016,35.26747,34.94881,36.01488,32.897594,31.126747,28.473166,24.227299,24.769297,19.083826,17.48318,13.544838,13.782765,10.523738,13.915952,16.075,18.954058,20.914722,22.9636,21.415287,24.621069,22.637625,27.38782,26.609114,30.63254,34.3097,33.888783,33.583,33.93872,28.483044,28.321161,26.728876,25.079868
23,23.025265,20.565084,19.95097,14.846647,14.110529,10.077087,13.473393,17.476305,20.680965,23.453548,27.249401,29.219086,32.212177,30.766092,28.631157,24.45347,21.765253,18.283306,15.728773,11.111974,9.589932,6.162825,4.179727,0.0,5.090907,6.605813,8.57294,12.779286,14.473737,17.661295,20.216478,26.417727,30.129755,30.99557,34.793327,35.09076,37.334137,36.36091,32.9512,29.26741,30.70005,25.33024,27.428349,23.400835,20.84387,18.178682,15.9670315,15.890767,18.064337,20.631975,20.101997,24.04734,23.101856,27.58037,27.75509,30.904026,27.094685,29.471361,31.814655,27.998974,27.097267,22.400782,19.304968,17.764399,13.078263,12.412067,10.315953,10.975674,7.498288,11.031113,13.088009,17.447506,19.631113,23.399279,24.861395,30.503807,31.186243,34.83944,36.363564,36.48998,37.356995,33.928177,32.654522,29.668106,25.408802,25.684181,19.938282,17.511715,13.615926,12.933066,8.855534,11.474029,14.291317,16.162916,17.775887,20.497446,19.382843,23.044403,21.788355,26.365068,26.432558,30.638184,34.361458,34.028793,33.983032,34.165714,28.972382,28.315674,27.081255,25.009056
24,26.467836,24.418144,23.88686,18.814352,18.331778,14.311963,16.36971,20.221302,22.827812,25.266926,28.921331,30.634254,33.21634,31.51617,29.239822,25.297667,22.910107,19.269978,17.392712,12.721096,12.301632,7.72072,8.09448,5.090907,0.0,4.165299,7.6464033,10.230912,13.217456,15.719363,19.001549,25.243244,28.859226,30.286425,33.64664,34.60015,36.643913,36.071827,32.293602,28.788754,29.636507,24.190588,26.730797,22.590996,19.11003,17.24017,14.1235285,14.692459,16.629091,18.559475,17.880095,21.985939,20.416042,25.648714,25.52377,28.699993,25.016943,26.917263,29.6214,25.500801,24.207169,19.609838,16.626217,14.284567,9.039408,9.706474,6.542967,8.710085,8.1175995,11.721999,13.272947,17.52825,19.614517,23.443611,24.908745,30.311577,31.451347,34.619995,36.59457,37.077473,38.232082,34.670174,34.181263,31.163877,26.77492,27.613571,21.49954,19.750475,16.004875,15.544698,11.55044,13.275579,14.728829,16.073864,16.008842,19.738333,19.42692,22.807892,21.88796,26.640087,26.641241,31.335052,35.060635,35.24112,35.689735,36.31328,31.456131,30.94587,30.263758,28.310902
25,25.460602,23.309078,23.66825,18.41572,18.70919,14.371497,15.93536,20.533232,22.274004,25.101997,28.485285,30.694292,33.03827,30.997564,29.14427,24.693184,22.918425,18.809593,17.76393,12.995398,13.754883,8.554376,10.249776,6.605813,4.165299,0.0,5.2691746,7.605211,11.538672,12.807206,17.136295,22.40168,26.661003,27.452484,31.143585,32.18029,34.545155,34.101894,30.707142,27.250591,28.969742,23.530033,26.597801,23.106785,19.357035,18.39267,15.045799,16.966684,19.422926,20.885511,19.551268,23.36644,21.021885,26.283594,25.330017,28.08567,23.865137,25.522388,27.668865,23.351776,22.645409,17.372082,15.288271,13.167849,8.405739,10.259794,8.455898,11.224011,11.110248,13.685729,13.520167,18.143469,19.205673,23.440159,24.098341,29.776535,30.386257,33.47908,35.35728,36.196114,36.970745,33.178055,32.978634,29.68465,25.451265,25.864944,20.025736,17.565544,14.1727915,13.123869,9.250543,10.015175,11.437936,12.052496,12.032576,15.858407,15.733516,19.403,19.07338,23.48409,24.278313,28.882256,32.577156,32.717667,33.30781,33.74293,29.18701,28.332605,27.999699,25.875818
26,21.508339,19.947891,20.400852,15.443985,16.326323,12.304495,12.085732,16.69407,17.599436,20.416206,23.58542,25.958633,28.111818,25.926378,24.279419,19.633726,18.227621,13.923128,13.636505,9.194227,11.596918,6.5114794,10.703124,8.57294,7.6464033,5.2691746,0.0,4.8031983,6.6643395,9.112328,12.286967,18.018776,21.982485,22.860115,26.551088,27.273752,29.596167,28.996452,25.658731,22.13421,24.226389,18.834278,21.953194,18.95421,15.499046,14.965555,11.954935,14.977185,18.114655,19.196213,17.23198,20.55003,18.074213,22.711195,21.48243,24.04255,19.623638,21.687857,23.585417,19.652998,19.21401,14.137202,11.689844,10.7895975,7.724043,7.9040885,8.619705,10.491509,10.866204,11.456473,9.336545,14.019598,14.326189,18.728058,18.995499,24.798014,25.179848,28.340006,30.128448,31.000664,31.71402,27.910023,27.822294,24.527252,20.289762,20.921503,14.979877,13.230875,10.026443,10.016721,7.4889045,8.81461,7.4808464,10.20893,10.848969,13.060389,12.319186,15.3177595,14.251722,19.013895,19.183186,23.845413,27.558117,27.805065,28.47052,29.28231,24.78112,24.436127,24.374027,22.816628
27,24.651907,23.539242,24.244877,19.578882,20.707462,16.893755,15.74424,19.94941,19.916813,22.35329,25.075397,27.313732,28.857334,26.322617,24.823898,20.414528,19.742466,15.471639,16.291399,12.517886,15.5929,10.665857,15.089469,12.779286,10.230912,7.605211,4.8031983,0.0,5.7237644,5.5681615,10.326824,15.364147,19.391575,20.665186,23.908543,25.380491,27.573156,27.476494,23.988691,20.79445,22.689074,17.43022,21.234344,18.73747,14.392316,15.45651,11.813952,16.084913,19.097635,19.23215,16.758411,19.7137,16.167786,21.283138,19.167818,21.376461,16.797802,18.172901,20.096254,15.754855,15.276725,9.848328,8.266549,6.908254,5.2786255,7.6252265,9.113601,11.814974,14.167084,14.332975,11.273366,15.243035,14.737335,19.062183,18.825483,24.242237,24.808817,27.310427,29.48374,30.880564,31.698622,27.75967,28.642921,25.338327,21.256681,22.311018,16.569132,15.605788,13.218898,13.365561,11.593841,11.740825,8.531272,10.22354,8.442989,11.3329315,11.749323,13.952779,13.532355,18.118996,18.410713,23.41514,26.990223,27.806393,29.050201,30.290459,26.423775,26.208208,26.821335,25.475792
28,20.781599,20.508371,20.790955,16.883062,18.216398,15.26201,12.332754,15.693371,14.906089,16.98588,19.527697,21.696342,23.139101,20.607576,19.13508,14.718984,14.271434,10.074405,11.771516,9.217218,13.449564,9.947287,15.333869,14.473737,13.217456,11.538672,6.6643395,5.7237644,0.0,6.0308948,5.831175,12.950318,15.812327,17.703955,20.716091,21.518045,23.428343,22.92468,19.22239,15.785161,17.71642,12.390726,15.956818,13.838018,10.257305,11.515293,8.882825,13.7755,17.26345,17.192106,14.313347,16.562647,13.487524,17.394077,15.462753,17.689976,13.143495,15.554402,17.466244,14.092121,13.626233,9.582733,6.4220333,7.7379127,8.533078,7.100079,10.707941,11.624745,13.821051,12.038305,7.1551943,10.447361,9.11111,13.514046,13.159616,18.721958,19.288567,22.048254,24.133347,25.29916,26.27324,22.465057,23.245094,20.138226,15.94631,17.657347,11.707676,12.6058445,10.652606,12.432702,12.15181,13.281752,8.296102,12.449106,12.185284,12.522747,11.780781,12.536316,10.312643,15.558941,14.10889,19.22493,22.835953,23.76813,24.943178,26.757502,22.786812,23.459074,24.097115,23.561953
29,24.283905,23.760876,25.137804,21.071655,22.905,19.56202,17.075546,21.030735,19.461731,21.781317,23.722921,26.278196,27.150457,24.189417,23.373026,18.830055,19.378931,15.190068,17.505714,14.844545,18.89297,14.681242,19.615492,17.661295,15.719363,12.807206,9.112328,5.5681615,6.0308948,0.0,7.0053463,9.919106,14.475409,15.309986,18.62827,20.32347,22.716814,22.892536,19.865023,16.98674,19.946747,15.237908,19.60828,18.55032,14.4547205,16.993408,13.93634,19.16099,22.403912,21.880827,18.815569,20.78872,16.614885,20.869831,17.580917,18.82866,13.702967,14.688423,15.560582,11.281902,11.996806,6.132949,6.9903774,7.8476973,9.745805,11.308811,14.048609,16.198341,18.73654,17.775719,13.17624,16.254934,14.044051,18.21219,16.655388,21.828829,21.759119,23.79791,25.92763,27.888119,28.342575,24.240734,25.935581,22.538002,18.95084,19.950033,15.0948105,14.709567,13.700118,14.197997,14.091454,13.504219,8.021606,9.736742,7.5809555,8.007121,8.846357,9.411497,9.476939,13.566965,14.176542,19.151123,22.524357,23.705183,25.424385,26.998135,23.925354,23.912226,25.301432,24.428066
30,21.475576,22.143763,22.770903,19.854378,21.67442,19.459957,15.261101,17.617613,15.016412,16.410276,17.82362,20.011805,20.460283,17.434805,16.675499,12.550212,13.798543,10.370472,13.91633,13.20647,17.892263,15.344491,20.797276,20.216478,19.001549,17.136295,12.286967,10.326824,5.831175,7.0053463,0.0,8.325782,10.035124,12.648525,15.0693655,15.978139,17.68474,17.396997,13.682813,10.48643,13.247733,8.579913,12.891162,12.811125,9.865426,13.129571,11.554742,16.995535,20.387733,19.426216,16.043947,16.869522,13.2930975,15.755575,12.524861,13.636144,8.61574,11.147892,12.245235,9.774356,10.128421,7.7586465,6.208112,9.682127,12.996018,11.703651,15.825884,16.406055,19.049656,16.347988,10.684352,11.856887,8.296175,11.880117,9.833714,14.824234,14.992676,17.09488,19.363441,21.142115,22.023464,18.123606,20.077124,17.117802,13.521675,15.83,11.116514,13.737901,13.395886,15.647372,16.683739,17.286394,11.040288,14.971115,14.347329,12.854944,12.266219,10.632072,7.8187304,12.542311,9.784235,15.095599,18.423449,20.054964,21.829975,24.429022,21.384167,22.718763,24.13308,24.370525
31,24.731161,25.489439,27.521122,24.970953,27.529537,25.311987,21.1784,23.933002,20.114895,21.723185,21.932121,24.733606,24.247334,20.789425,21.441505,17.415863,20.079302,17.04187,21.114908,20.517725,25.241129,22.398623,27.643248,26.417727,25.243244,22.40168,18.018776,15.364147,12.950318,9.919106,8.325782,0.0,6.3703103,5.520683,9.077672,10.876112,13.701288,14.355609,12.824816,11.162162,16.362402,13.9451275,18.218489,19.974312,17.490799,21.32956,19.756685,25.29593,28.633434,27.413527,23.917469,24.237621,20.128628,21.946991,17.450966,16.619644,11.713588,12.095046,9.789215,8.132525,11.48625,9.496519,12.267689,15.265023,19.019896,19.294674,22.98099,24.248674,26.714422,24.36843,18.646206,19.83972,15.591687,18.37004,14.641014,18.31871,16.785074,17.646189,19.403389,22.36601,22.036297,17.93753,21.242577,18.125776,16.176846,17.149271,15.133615,16.478241,17.75525,19.02284,20.971912,20.159632,13.757358,15.633367,14.695542,11.03045,11.320665,7.1157165,7.201736,8.007878,8.063566,12.046649,14.560313,16.717085,19.41289,21.935158,20.750097,21.591227,24.221508,24.610847
32,26.396494,28.042112,29.303162,27.576733,29.880209,28.329342,23.453058,24.85154,20.56905,20.981863,20.38386,22.367422,20.952124,17.494818,18.42431,15.864578,19.196856,17.436668,21.913296,22.51272,27.281033,25.26788,30.698507,30.129755,28.859226,26.661003,21.982485,19.391575,15.812327,14.475409,10.035124,6.3703103,0.0,6.224514,5.351652,7.4489427,8.580253,9.647482,7.2467103,6.9401183,11.452346,11.004809,14.667157,17.843481,16.407797,20.86811,20.21745,25.576166,28.633436,26.81799,23.272322,22.453304,18.77494,18.883919,14.189986,12.255143,8.635154,9.09897,6.010759,7.9191413,10.582439,12.110081,13.779692,17.402153,21.982336,21.256886,25.42301,25.98473,28.933172,25.788248,20.043087,19.695902,15.169745,16.41341,12.4321785,14.072103,12.929647,12.440081,14.727347,18.0496,18.307707,14.717603,19.14821,16.954742,15.657673,17.938046,16.58232,19.954521,21.283693,23.423084,25.483326,25.356607,18.788843,21.549658,20.507118,17.295998,17.261608,13.000762,11.443439,12.242755,8.809704,12.032487,13.697787,16.824104,19.788149,23.428917,22.675823,24.644365,27.237633,28.41832
33,25.30351,26.655014,28.995914,27.318762,30.142302,28.526192,23.941849,26.067211,21.412016,22.647387,21.875374,24.785921,23.639082,20.15041,21.734179,18.21228,21.7027,19.456593,23.901022,24.146788,28.906084,26.71176,31.902187,30.99557,30.286425,27.452484,22.860115,20.665186,17.703955,15.309986,12.648525,5.520683,6.224514,0.0,5.517944,6.14306,9.741682,10.499481,11.046572,10.617388,16.89644,16.07709,19.582369,22.52536,21.100716,24.917099,24.039774,29.382996,32.73571,31.440584,27.938055,27.68109,23.990501,24.593857,20.116066,18.458033,14.451255,14.762777,11.113112,11.754755,15.324302,14.748014,17.27787,20.549992,24.391893,24.205173,28.079473,28.995697,31.147758,28.356491,22.485983,23.005854,18.30356,20.201782,15.742216,18.239065,15.59087,15.767143,16.814768,20.225565,19.128033,15.276042,19.282425,16.552227,16.00874,16.595896,16.651514,18.491419,20.686121,22.139599,24.832895,24.009731,17.79082,19.70441,19.519836,14.992021,14.768897,9.897224,9.778112,7.7979565,7.4483156,8.982272,10.339927,13.064913,16.276009,19.25322,19.417372,20.72162,23.87587,24.971094
34,29.210876,31.011982,32.802063,31.425411,34.0088,32.59236,27.690592,29.095905,24.35574,24.75955,23.51947,25.654982,23.730146,20.321634,22.004108,19.758116,23.521402,22.014997,26.605698,27.336721,32.12711,30.130508,35.502167,34.793327,33.64664,31.143585,26.551088,23.908543,20.716091,18.62827,15.0693655,9.077672,5.351652,5.517944,0.0,4.692707,6.0908666,8.374309,8.998924,10.37068,15.185061,15.9493265,19.043924,22.800747,21.696865,26.137129,25.56518,30.908503,33.965916,32.09902,28.557035,27.53643,23.885221,23.586338,18.824785,16.196531,13.493695,13.026184,8.574417,11.432636,14.690955,16.308142,18.811768,22.248583,26.829453,26.45303,30.533985,31.246082,34.049088,30.932955,25.119074,24.784136,20.110872,21.044712,16.72088,17.425194,15.372422,13.919286,15.441541,19.294252,18.716646,15.542978,20.587519,18.705107,18.580063,20.138155,20.24245,23.165426,25.11122,26.953955,29.412842,28.859756,22.430662,24.528973,23.593897,19.716303,19.845188,15.085826,14.51776,13.258774,11.17693,12.241767,12.519469,16.020945,19.420294,23.084167,23.658903,25.538326,28.651625,30.081135
35,26.359077,28.558067,30.408274,29.710674,32.42028,31.541012,26.37684,27.30912,22.138565,22.399637,20.61441,22.981731,20.934214,17.617075,19.922276,17.72809,21.836357,20.825048,25.481703,26.81251,31.521727,30.178564,35.404842,35.09076,34.60015,32.18029,27.273752,25.380491,21.518045,20.32347,15.978139,10.876112,7.4489427,6.14306,4.692707,0.0,4.1363635,4.8429503,7.696722,9.140515,15.099461,16.244995,18.562857,22.69723,22.525517,26.353008,26.369122,31.353443,34.533432,32.98802,29.559675,28.47537,25.46928,24.513794,20.393385,18.0602,15.512238,16.113623,12.321011,15.007038,17.959637,19.106157,20.798077,24.45774,28.626312,27.601913,31.798754,32.102077,34.266594,30.820454,24.990732,24.368904,19.522627,20.062897,15.4008875,15.8863,12.717256,11.634911,12.163551,15.979326,14.688717,11.571879,16.628578,14.989097,15.743981,17.00166,18.378145,21.647861,24.092691,26.189814,29.18267,28.880186,22.621307,25.267797,25.343702,20.887703,20.244282,15.452276,14.114652,12.332129,9.329593,8.672982,8.239115,11.936438,15.30626,19.327185,20.267149,22.646288,25.752705,27.692837
36,28.597374,31.13029,32.43419,32.013638,34.480507,33.82757,28.449183,28.736656,23.622353,23.183752,21.073618,22.7011,20.061474,16.951777,19.285034,18.263243,22.439102,22.100197,26.742426,28.507662,33.15543,32.101593,37.395496,37.334137,36.643913,34.545155,29.596167,27.573156,23.428343,22.716814,17.68474,13.701288,8.580253,9.741682,6.0908666,4.1363635,0.0,3.2470016,6.190881,9.166959,13.4665785,15.94753,17.597895,22.30343,22.620535,26.65895,27.050388,31.848066,34.779625,32.900265,29.535137,27.872889,25.174612,23.349817,19.385117,16.551262,15.227523,15.704666,12.14748,15.905454,18.28008,20.676037,21.985903,25.740993,30.25019,28.898945,33.226498,33.25272,35.75679,32.028984,26.34973,25.031033,20.345036,20.042315,15.695029,14.594128,12.032571,9.497188,10.385435,14.416094,13.782161,11.520504,17.121002,16.308187,17.246914,19.30672,20.531658,24.598856,26.7933,29.227886,32.05058,32.05104,25.663408,28.617435,28.358156,24.304539,23.750284,19.04789,17.299175,16.225178,12.25465,11.820368,11.041872,14.802977,17.952206,22.35676,23.249884,26.063726,28.970358,31.129808
