,0,1,2,3,4,5,6,7,8,9,10,11,12,13,14,15,16,17,18,19,20,21,22,23,24,25,26,27,28,29,30,31,32,33,34,35,36,37,38,39,40,41,42,43,44,45,46,47,48,49,50,51,52,53,54,55,56,57,58,59,60,61,62,63,64,65,66,67,68,69,70,71,72,73,74,75,76,77,78,79,80,81,82,83,84,85,86,87,88,89,90,91,92,93,94,95,96,97,98,99,100,101,102,103,104,105,106,107,108,109,110,111,112
0,0.0,4.395237,6.5997286,9.25837,12.324257,13.536399,17.183626,19.33368,23.340687,26.261503,28.93792,32.100395,34.93008,37.458824,38.17,33.154472,35.69654,31.817175,34.741886,32.68768,36.262764,34.44635,36.019783,35.77879,35.46723,33.244995,29.23646,32.05774,27.688282,31.341963,27.20293,29.099442,32.632652,28.923365,32.302555,28.690556,31.200756,28.359951,28.487982,29.10766,24.427588,25.086731,25.195864,23.173153,26.708937,25.783426,30.79077,27.113092,24.003195,23.612331,23.77095,19.898481,20.905794,18.04665,21.622513,23.038622,27.198849,28.082422,31.805141,34.064034,31.262423,36.40047,33.687393,36.09667,37.238605,35.937477,39.747143,39.538044,40.526855,38.66943,33.443523,36.14785,32.42251,35.761105,32.31549,37.33783,35.49682,35.29352,34.655846,33.255836,29.803013,27.081617,25.245949,24.088758,25.413954,23.866282,24.536697,27.810287,25.355633,27.440485,26.108885,28.904411,23.320812,22.545849,17.920042,18.66214,14.935353,12.332523,11.997609,10.025356,11.892569,17.831902,16.509443,22.228111,22.739868,23.814337,27.693584,26.777405,31.944345,29.806288,34.515266,34.949833,38.262882
1,4.395237,0.0,5.3059688,5.978685,8.928637,11.866128,14.045302,17.016455,20.621052,23.560915,26.559345,29.434969,32.430782,34.86253,35.983223,30.926662,33.455273,29.747398,32.580013,30.83667,34.209377,32.980404,34.149853,34.28289,34.520588,32.66328,28.597048,31.62071,26.906122,31.126541,26.584187,29.52151,32.736313,29.810972,33.12744,29.871479,32.367878,29.573359,29.069649,29.225315,25.16025,24.848871,25.600155,23.097939,27.24178,25.956476,31.276752,27.676777,24.917353,24.84476,25.041069,20.968164,22.172865,18.822014,21.650375,23.081854,26.709568,27.27085,31.321598,33.121025,30.065304,35.47159,32.913853,35.153557,36.90997,35.125404,38.72233,38.75299,39.184303,37.082344,31.939093,34.518898,30.841726,34.125984,30.619835,35.802765,33.824997,34.011765,33.258507,31.428902,28.33026,25.82861,23.239368,22.409384,23.288767,22.42695,22.274075,25.918629,23.602428,25.595009,24.798088,27.393972,21.667908,21.782986,17.56283,18.893198,15.349971,12.653491,11.280535,8.559948,9.194797,15.434948,12.915778,18.88745,18.885931,19.68757,23.707262,23.063223,28.087814,26.487156,31.15571,31.805956,35.252705
2,6.5997286,5.3059688,0.0,5.301692,6.8875046,7.5806904,11.84535,13.148505,17.66293,20.183132,23.069126,25.984833,28.950085,31.685186,32.882355,28.13553,31.14442,27.703537,31.123072,29.882088,33.7406,32.574833,34.440575,34.91719,35.034283,32.99515,28.451159,30.736929,25.713444,29.428293,24.127699,26.66677,28.947456,26.225801,28.991251,25.685652,27.848501,24.909485,24.53892,24.941622,21.350744,21.560478,22.757912,21.503716,25.352997,25.215271,30.50211,27.77982,24.967316,24.305164,23.740746,19.61534,19.577265,15.983456,18.073126,18.83344,22.747438,22.94424,26.723272,28.9321,26.124063,31.858759,29.820505,32.45441,34.5145,33.256874,37.106728,37.70479,38.28733,35.755264,30.233177,32.233067,28.178715,31.074074,27.253067,32.11224,29.762636,29.60378,28.67417,26.992836,23.61598,21.17177,19.202702,18.694555,20.410276,19.641792,20.672256,25.05341,23.397793,26.066391,25.766714,29.121828,23.941416,24.568594,19.485987,21.465612,18.003363,15.13417,14.322756,10.202036,9.665181,16.136356,13.7137575,18.813265,19.801226,20.76464,24.17734,23.148613,27.59625,25.364777,29.997868,29.908058,33.54232
3,9.25837,5.978685,5.301692,0.0,3.711345,7.218555,8.117365,11.563865,14.694103,17.788002,20.72937,23.650682,26.586779,28.928576,30.089577,25.048286,27.659834,24.12743,27.143818,25.863852,29.388023,28.619915,29.98272,30.654951,31.238857,29.583008,25.168678,27.863213,22.71401,27.154198,21.989294,25.813446,28.486504,26.50981,29.68989,26.984201,29.506784,26.96168,25.55994,25.115318,21.82934,20.474697,21.983791,19.496557,24.047028,23.001307,28.52099,25.653229,23.311363,23.21785,23.032358,18.86518,19.790129,15.98061,17.65768,19.09552,22.016802,22.367413,26.708014,27.986712,24.746466,30.263605,27.916996,30.087866,32.466274,30.475172,33.986183,34.517433,34.58048,32.06883,26.824535,29.074266,25.338428,28.495857,24.953785,30.203577,28.27022,28.764023,28.117434,26.170904,23.413774,20.898808,17.723019,16.877996,17.475475,17.089796,16.731482,20.992779,19.231201,21.642673,21.703154,24.797752,19.63589,21.066826,16.485989,19.005686,15.947512,13.212765,11.616641,7.074947,4.968049,11.413411,8.415262,13.739359,14.581155,15.762127,19.149904,18.085445,22.896343,20.824963,25.50356,25.921667,29.418379
4,12.324257,8.928637,6.8875046,3.711345,0.0,6.019766,5.6602473,8.840172,12.152571,14.830298,18.141308,20.675386,23.813799,26.299475,28.013048,23.22311,26.164213,23.075518,26.3589,25.746101,29.31104,29.108362,30.500797,31.6452,32.558285,31.09796,26.523256,28.879019,23.460072,27.876461,22.093494,26.306644,28.057459,26.81101,29.487226,27.032269,29.226719,26.65687,25.010544,24.424301,22.046806,20.39019,22.607447,20.661963,25.243567,24.641558,30.160038,27.83366,25.706108,25.492527,24.966547,20.845861,21.162079,17.170454,17.738247,18.619186,21.158154,20.893076,25.205252,26.362593,23.132263,29.06645,27.28066,29.535652,32.560944,30.567595,34.002747,35.048122,34.765602,31.82577,26.511227,28.203487,24.3123,27.067759,23.268827,28.356108,25.980646,26.591562,25.657404,23.351622,20.7985,18.680387,15.1803255,15.11593,15.8467455,16.38587,16.02155,21.044428,19.913824,22.534979,23.282753,26.474957,21.668268,23.771692,19.327082,22.18088,19.326923,16.658272,14.974558,10.33421,7.14853,12.659864,8.574324,12.98864,13.831101,14.641355,17.682083,16.750662,20.812243,19.02074,23.57555,23.678333,27.479538
5,13.536399,11.866128,7.5806904,7.218555,6.019766,0.0,6.9309864,6.0634384,10.820263,13.220156,15.7011795,18.892918,21.641838,24.418356,25.490532,20.957275,24.286854,21.208979,25.112339,24.615143,28.821232,28.083033,30.524994,31.629528,31.948097,30.048176,25.098957,26.545809,21.125206,24.600323,18.361065,21.58766,22.757065,21.321327,23.677078,21.127764,23.21677,20.652948,19.061686,18.74763,16.43365,15.580207,17.917253,17.490746,21.400877,22.138277,27.372498,25.924463,23.649315,22.745462,21.47036,17.509098,16.551098,12.560247,12.502538,12.858837,15.974669,15.771772,19.839663,21.615517,18.706518,24.694355,23.135809,25.894268,28.711035,27.562426,31.408869,32.780533,33.118187,30.027327,24.29662,25.595108,21.307102,23.834991,19.835659,24.592957,22.201374,22.18941,21.4139,19.817022,16.634886,13.977089,11.731588,11.18695,13.330011,13.028118,14.936346,20.11431,19.521938,22.839073,23.557894,27.6033,23.514997,25.358307,19.940506,23.008173,20.225664,17.54637,16.868454,11.869307,9.449852,14.188269,12.412453,15.238745,17.733496,19.175724,21.27524,19.552769,23.257994,19.987795,24.423326,23.589397,27.21503
6,17.183626,14.045302,11.84535,8.117365,5.6602473,6.9309864,0.0,5.791752,6.832819,10.054245,13.112897,15.808007,18.751245,20.965961,22.56801,17.724583,20.626219,17.768538,21.139732,21.088194,24.682526,25.022058,26.545027,28.21934,29.471071,28.306934,23.643776,25.583567,19.997923,24.518145,18.42979,23.632078,24.896376,24.816141,27.386038,25.73028,27.984116,25.914476,23.22982,21.816797,20.434404,17.391506,20.31038,18.297363,23.030638,22.534933,27.927704,26.385607,24.848082,24.727974,23.98829,20.172354,20.417255,16.48207,15.657471,16.648293,17.850237,17.451225,22.05817,22.294064,18.815706,24.586885,22.961557,24.951942,28.59146,26.292192,29.482668,30.991013,30.276443,26.983461,21.743664,23.067581,19.273745,21.905273,18.235891,23.444685,21.376778,22.525463,21.916924,19.565132,17.715792,15.586498,11.086509,10.811127,10.63952,12.085779,11.0998,16.684498,16.378311,19.263208,20.930857,24.395203,20.580315,23.692684,19.426401,22.953188,20.778605,18.440813,16.858076,12.2606325,8.251327,10.899894,7.6271367,9.104011,11.393494,12.7847185,14.420813,12.781744,16.429457,13.76017,18.285547,18.133942,21.897594
7,19.33368,17.016455,13.148505,11.563865,8.840172,6.0634384,5.791752,0.0,5.667205,7.2337785,10.07648,12.902379,15.831332,18.72184,20.488428,16.371883,20.129194,17.899199,22.086035,22.725012,26.832499,27.059338,29.46495,31.309042,32.191708,30.741041,25.768026,26.68577,21.085428,24.536934,17.675146,21.935259,21.623417,21.983438,23.592567,22.015654,23.675528,21.53057,18.914112,17.783617,17.517092,15.293955,18.837128,18.817038,22.737047,23.77132,28.803928,28.22614,26.566092,25.77016,24.240753,20.657644,19.369864,15.560492,13.357602,13.012218,14.329313,13.019766,17.225094,18.124098,15.069383,21.537031,20.88969,23.519785,27.478191,26.113663,29.61557,31.792921,31.446098,27.73587,22.134853,22.464483,18.122437,19.931347,15.655456,20.205109,17.318113,17.848606,16.84722,14.62603,12.207152,10.157247,6.4037967,7.4154305,9.48616,11.208764,12.821207,18.80049,19.33245,22.76614,24.566807,28.607727,25.310263,28.188984,23.256441,26.813986,24.52197,22.066631,21.082167,16.164534,12.748128,15.572936,13.3576355,13.899128,16.77221,18.005194,18.92476,17.110374,19.43622,16.095743,20.078041,18.592674,22.488216
8,23.340687,20.621052,17.66293,14.694103,12.152571,10.820263,6.832819,5.667205,0.0,3.992393,6.3514795,9.329506,11.995353,14.241917,15.992884,11.5835,15.104772,13.247696,17.232683,18.549818,22.326532,23.367174,25.469213,27.84097,29.266521,28.335342,23.606894,24.399757,18.884226,22.680557,16.052694,21.687328,21.322357,22.964247,24.729002,24.101912,25.966257,24.478846,20.843365,18.662218,19.235664,15.211456,19.141747,18.313707,22.453888,22.93943,27.757032,27.608423,26.64697,26.27206,24.948849,21.758247,21.12516,17.628218,14.713948,14.986511,14.314196,13.128546,17.600525,16.827995,13.337723,19.196672,18.541113,20.48789,25.143627,23.045258,26.00131,28.501192,27.42499,23.444862,18.245268,18.26436,14.333384,16.081837,12.207242,17.116453,14.9349,16.60837,16.208614,13.827528,13.008556,11.294941,5.898203,6.328086,5.583395,9.258735,9.075677,15.177644,16.522934,19.7647,22.424158,26.248259,23.85431,27.583632,23.376518,27.276108,25.636536,23.56681,22.37978,17.936422,14.180689,14.589205,13.005649,10.942355,14.442762,15.932853,15.487657,13.239295,14.842508,10.804251,14.550148,12.976203,16.836227
9,26.261503,23.560915,20.183132,17.788002,14.830298,13.220156,10.054245,7.2337785,3.992393,0.0,4.1512246,5.8749013,9.049157,11.847912,14.677792,11.417026,15.439521,14.720832,18.830956,20.95246,24.601042,26.056194,28.249575,30.900219,32.42525,31.587934,26.891949,27.215929,21.854897,25.114048,18.323235,23.543808,21.8837,24.263174,25.1956,24.872223,26.169847,24.74044,21.104841,18.9804,20.724012,17.06777,21.341305,21.420301,25.12064,26.193775,30.747805,31.06293,30.151794,29.579588,27.97166,24.941433,23.686312,20.335854,16.750713,16.15265,15.023247,12.843808,16.665955,15.787278,12.75276,18.915533,19.366348,21.43139,26.590458,24.86011,27.656683,30.683634,29.436447,25.135675,20.153606,19.205809,15.3093405,15.965257,11.863183,15.823537,12.70495,14.470969,13.533883,10.544933,10.4527235,9.857863,4.6584506,7.4518375,7.6588273,11.828242,12.32071,18.196062,20.019867,23.23012,26.120855,29.918499,27.740807,31.558577,27.346247,31.242178,29.546984,27.413834,26.237566,21.68024,17.895208,18.556257,16.585588,14.365064,17.403658,18.407347,17.525291,15.642987,15.740141,12.337998,15.138796,12.632041,16.715929
10,28.93792,26.559345,23.069126,20.72937,18.141308,15.7011795,13.112897,10.07648,6.3514795,4.1512246,0.0,4.3843822,6.069028,8.778069,10.814998,7.989279,12.327838,12.243785,16.562386,19.177551,22.925575,24.395012,27.066566,29.854555,31.225555,30.412148,25.801382,25.425222,20.400621,22.984932,16.348387,21.467026,19.106215,22.40111,23.032957,23.413366,24.647488,23.759321,19.549501,16.887592,19.544008,15.410692,19.864204,20.522402,23.666086,25.22583,29.275896,30.347326,29.759298,29.068678,27.229979,24.689013,23.164072,20.297039,15.983695,15.284799,12.874154,10.629579,14.168058,12.328069,9.345375,15.110348,16.0569,18.0315,23.513502,22.047205,24.715223,28.169294,26.96511,22.477577,17.635912,15.947209,12.1043005,12.0978365,8.00749,11.700452,8.94005,11.198716,10.988769,8.776916,9.590861,8.930736,4.929282,6.6189413,6.4835086,10.669583,11.9577055,17.179314,19.663975,22.967611,26.063301,30.068834,28.66747,32.548706,28.317663,32.314167,30.941872,29.00637,28.137392,23.749195,20.23526,19.996044,19.187485,16.105976,19.800087,21.186264,19.679089,17.362164,17.13104,12.70473,14.764296,11.445946,14.886361
11,32.100395,29.434969,25.984833,23.650682,20.675386,18.892918,15.808007,12.902379,9.329506,5.8749013,4.3843822,0.0,3.6626117,6.759761,10.991957,9.936647,13.904064,14.99587,18.792196,22.058586,25.283886,27.438692,29.686775,32.79356,34.538635,34.021523,29.599314,29.212618,24.343,26.906862,20.487482,25.556831,22.558836,26.307587,26.417389,26.990265,27.795664,26.911686,22.870129,20.351143,23.578121,19.659672,24.143047,24.83516,27.94792,29.433485,33.398926,34.525818,34.034954,33.41998,31.6069,29.060968,27.488396,24.590687,20.245834,19.2172,16.74369,14.013175,16.694818,14.628743,12.387004,17.60798,19.37487,21.040663,26.867579,25.33332,27.551231,31.296053,29.604454,24.95212,20.711893,18.4276,15.2059555,14.271629,10.8253145,12.992511,9.553899,12.188288,11.307563,8.15787,10.516617,11.389032,8.140807,10.893172,10.595286,14.982196,15.495631,20.51827,23.165243,26.181778,29.566566,33.254322,31.912191,36.063328,32.130627,36.133835,34.740078,32.766685,31.659449,27.25463,23.502293,23.332901,21.78313,18.477934,21.471663,22.304634,20.35866,18.567432,16.845388,13.69819,14.711921,10.939211,14.564972
12,34.93008,32.430782,28.950085,26.586779,23.813799,21.641838,18.751245,15.831332,11.995353,9.049157,6.069028,3.6626117,0.0,3.645961,7.9067087,8.502142,12.165963,14.206926,17.774256,21.510271,24.578016,26.87101,29.35542,32.596493,34.284283,33.873497,29.646755,28.724346,24.286045,26.270054,20.278273,25.144915,21.583284,26.089926,25.896032,27.082325,27.778263,27.360764,22.975994,20.112732,24.004246,19.840284,24.286478,25.318235,27.956593,29.715004,33.201916,34.90542,34.70747,34.051704,32.12117,29.980217,28.289967,25.78491,21.075884,20.027191,16.697102,14.072753,16.13193,13.139471,11.405377,15.516029,17.89671,19.251272,25.30096,23.966526,25.863096,29.977543,28.20386,23.448479,19.666517,16.637377,13.924493,12.050979,9.3580675,10.262605,7.384482,10.667988,10.515126,8.373325,11.600284,12.546678,10.340325,12.275257,11.674526,15.71208,16.482765,20.747768,23.839848,26.787752,30.33132,34.057526,33.340958,37.562187,33.719643,37.772224,36.63697,34.82188,33.893436,29.638327,26.044739,25.253954,24.406862,20.548979,23.870438,24.92238,22.529713,20.51162,18.483751,14.868434,15.042746,10.743259,13.444406
13,37.458824,34.86253,31.685186,28.928576,26.299475,24.418356,20.965961,18.72184,14.241917,11.847912,8.778069,6.759761,3.645961,0.0,5.7646356,7.8384066,10.378222,13.424301,16.23955,20.473728,23.00193,25.792334,28.03033,31.50385,33.43036,33.354065,29.49047,28.413683,24.401413,26.296011,20.97211,26.145456,22.781298,27.706934,27.667782,29.252802,30.100548,29.99109,25.334766,22.142319,26.066416,21.374424,25.650385,26.279924,28.817066,30.261175,33.42111,35.36231,35.53387,35.087814,33.310513,31.434828,30.098854,27.800196,23.123737,22.454128,18.605196,16.459633,18.398867,14.622555,13.031631,15.68584,18.022049,18.653301,24.86245,23.177776,24.473122,28.76106,26.524418,21.740503,18.74894,15.309742,13.563638,11.247715,9.924992,10.1765585,9.016144,12.692449,13.212322,11.685847,15.060399,15.793169,13.469209,14.68394,13.165564,17.076334,17.085402,20.494537,23.903028,26.510338,30.324633,33.783188,33.663654,38.12178,34.71134,38.794643,37.979706,36.369278,35.413532,31.44371,27.887012,26.29048,25.848536,21.29304,24.596085,25.711256,22.73682,20.67817,18.088535,14.510351,13.626551,9.143796,10.870083
14,38.17,35.983223,32.882355,30.089577,28.013048,25.490532,22.56801,20.488428,15.992884,14.677792,10.814998,10.991957,7.9067087,5.7646356,0.0,5.4932394,6.674588,10.344425,12.871349,17.126888,19.763374,22.090609,24.99483,28.311277,29.812895,29.672369,26.070034,24.265915,20.968496,21.998161,17.585783,22.439526,19.224566,24.639221,24.814833,27.013683,28.164774,28.64926,23.579815,19.916294,23.891706,18.789661,22.650679,23.463844,25.296967,26.97649,29.419653,32.06025,32.610043,32.130882,30.298876,29.054811,27.810272,26.153465,21.394207,21.157238,16.480196,15.301412,17.003654,12.281915,10.939292,11.25716,13.445804,13.462622,19.679186,18.19494,19.266163,23.831327,21.877653,17.122377,14.513226,10.33565,9.439458,6.195153,7.048313,6.445374,8.58478,12.144554,14.101593,14.159489,16.891647,16.674004,15.072198,14.685754,12.816091,15.4753895,16.049822,18.070885,21.836086,24.41389,28.106113,31.753553,32.448856,36.69667,33.3145,37.35323,36.937374,35.61855,35.064095,31.443157,28.35794,25.9565,26.888006,22.036224,26.06145,27.795498,24.795082,22.158018,20.6114,15.712358,14.898118,10.892079,10.85451
15,33.154472,30.926662,28.13553,25.048286,23.22311,20.957275,17.724583,16.371883,11.5835,11.417026,7.989279,9.936647,8.502142,7.8384066,5.4932394,0.0,4.4535966,5.867249,9.636524,13.232437,16.558989,18.497269,21.38772,24.507618,26.00392,25.675386,21.719526,20.613693,16.589954,18.668863,13.626779,19.53087,17.861097,22.224579,23.4248,24.921246,26.69206,26.761578,21.744724,18.090958,20.801168,15.152872,19.0425,18.908281,21.503168,22.57019,25.668358,27.623367,27.986805,27.685377,26.107752,24.493507,23.781054,21.78795,17.492542,17.934893,13.787483,13.234391,16.360088,12.387523,9.559343,11.587921,11.793351,12.187898,18.16098,15.913389,17.702652,21.592083,19.82463,15.125395,11.198515,8.552429,6.118383,5.833209,4.8367476,8.630175,9.984957,13.184041,14.883406,14.387687,15.954247,14.74423,11.949386,10.636048,7.7698984,10.5644455,10.565714,13.152876,16.72198,19.52859,23.13185,26.923029,27.188337,31.393547,27.944357,32.002983,31.53324,30.20995,29.596735,26.05315,23.01527,20.469978,21.62225,16.859224,21.179403,23.200998,20.594362,17.663815,17.343994,11.5810995,12.151325,8.844748,9.89663
16,35.69654,33.455273,31.14442,27.659834,26.164213,24.286854,20.626219,20.129194,15.104772,15.439521,12.327838,13.904064,12.165963,10.378222,6.674588,4.4535966,0.0,4.615738,6.215933,10.62402,13.148577,15.689148,18.33724,21.704643,23.453215,23.599936,20.296309,19.010593,15.871347,17.820639,14.346783,20.458248,19.60199,24.070797,25.65964,27.501877,29.536516,29.931435,24.770811,20.906979,23.260675,17.203495,20.465693,19.526197,21.889606,22.283216,24.79614,27.009342,27.942572,28.000021,26.758322,25.60208,25.545662,23.93981,20.053171,21.068491,16.698915,16.862486,19.772257,15.393614,12.9356575,12.861647,12.274317,11.225258,16.973198,13.89638,14.690224,18.663551,16.203548,11.436751,8.882781,5.928507,6.276313,6.328982,8.142493,10.773573,13.567286,16.76857,18.848995,18.63702,20.34256,19.027163,16.242626,14.441065,10.9886675,12.868392,11.639945,12.106429,16.02437,18.173388,22.025713,25.395552,26.628187,31.005445,28.246899,32.230774,32.27254,31.310032,30.736273,27.755428,24.973223,21.340328,23.257305,17.868784,22.111837,24.308495,21.213596,18.196156,17.804625,12.060767,11.584915,9.176093,8.131585
17,31.817175,29.747398,27.703537,24.12743,23.075518,21.208979,17.768538,17.899199,13.247696,14.720832,12.243785,14.99587,14.206926,13.424301,10.344425,5.867249,4.615738,0.0,4.739379,7.411659,11.183254,12.684331,15.751463,18.700756,20.147871,19.929949,16.200048,15.41855,11.63642,14.452332,10.72429,17.516739,18.132776,21.566383,23.988064,25.31001,27.829576,28.006285,23.002419,19.259409,20.424187,14.102694,17.04582,15.242418,18.103706,18.004923,20.992882,22.725803,23.524235,23.68942,22.646414,21.332954,21.766361,20.099377,16.800234,18.496593,14.716564,15.662398,19.29005,15.664516,12.59314,13.27472,11.025951,10.373265,15.346987,11.792665,13.506945,16.649136,14.813854,10.416601,6.027179,5.8391247,4.7010794,7.764495,8.393546,12.732414,15.123552,17.790506,19.790098,19.550306,20.291962,18.214403,15.121442,12.352387,8.5018,9.29253,7.622752,7.760961,11.624616,14.154491,17.779528,21.507238,22.45753,26.631695,23.683731,27.661228,27.720749,26.819653,26.364092,23.560835,21.068432,17.184492,19.800407,14.745824,19.407248,22.002773,19.526484,16.193188,17.40697,11.018039,12.168603,10.838883,10.77081
18,34.741886,32.580013,31.123072,27.143818,26.3589,25.112339,21.139732,22.086035,17.232683,18.830956,16.562386,18.792196,17.774256,16.23955,12.871349,9.636524,6.215933,4.739379,0.0,4.8599687,6.9985747,9.805808,12.125798,15.527214,17.55031,18.113815,15.420182,14.803761,12.357299,15.189949,13.579185,20.180822,21.55907,24.927347,27.638329,29.16887,31.858799,32.238194,27.210596,23.40189,24.245687,17.860634,20.099026,17.338886,19.991377,18.844542,21.16883,22.900293,24.34525,25.025225,24.497904,23.609694,24.819107,23.4696,20.737568,22.807938,19.037014,20.263462,23.689617,19.78464,17.013739,16.453468,13.859407,11.926836,16.045301,11.458018,11.647905,14.405866,11.361549,7.1096134,5.5510654,6.457645,8.345666,10.792095,12.690053,16.130032,19.153389,21.997988,24.14451,23.907536,24.926228,22.945433,19.71154,16.994211,12.945625,13.424773,10.472008,7.874476,11.697101,12.973178,16.908266,19.836714,21.947794,26.347813,24.435663,28.230927,28.869528,28.386362,27.875418,25.777504,23.546173,18.627323,21.764902,16.21476,20.414064,23.043636,20.078354,16.857916,17.895088,12.109309,12.13543,12.008507,10.307701
19,32.68768,30.83667,29.882088,25.863852,25.746101,24.615143,21.088194,22.725012,18.549818,20.95246,19.177551,22.058586,21.510271,20.473728,17.126888,13.232437,10.62402,7.411659,4.8599687,0.0,4.873869,5.4378514,8.594291,11.342532,12.974081,13.358328,10.725016,10.796821,8.751008,12.351455,12.1673765,18.630127,21.71419,23.94827,27.466745,28.619028,31.761986,32.09021,27.327885,23.732595,23.324717,17.086414,18.371704,14.3732,17.141714,14.89158,17.196993,18.458975,20.151577,21.193634,21.157532,20.495148,22.568283,21.51931,19.79811,22.57132,19.481216,21.478436,25.166332,21.87484,18.966932,18.40383,14.570264,12.69331,15.109661,9.993822,10.587403,11.706246,9.393891,6.712013,4.8891363,8.92944,10.320461,13.8654585,15.363743,19.340637,22.319128,24.71412,26.89058,26.792994,27.11366,24.585611,21.411661,18.02889,14.183469,13.246311,10.099084,4.918223,8.06231,8.918019,12.4698515,15.558604,18.125929,22.180088,20.533918,24.137417,25.149265,25.0073,24.748962,23.305197,21.738028,16.235971,20.529417,15.62053,19.879995,22.881573,20.602146,17.27627,19.82265,14.1060705,15.19173,15.856155,14.667114
20,36.262764,34.209377,33.7406,29.388023,29.31104,28.821232,24.682526,26.832499,22.326532,24.601042,22.925575,25.283886,24.578016,23.00193,19.763374,16.558989,13.148577,11.183254,6.9985747,4.873869,0.0,5.365525,5.417487,9.165715,12.040071,13.734252,12.841663,13.3422575,12.801722,15.992441,16.922834,23.059132,26.19234,28.567154,32.07378,33.378357,36.519943,36.932858,32.136078,28.486305,28.140524,21.935156,23.017965,18.67755,21.240576,18.27973,19.896093,20.910614,23.088829,24.585627,24.999973,24.569075,27.085064,26.124866,24.643435,27.44156,24.271475,26.136482,29.719212,26.117273,23.337097,22.29665,18.74954,16.275766,18.266445,12.921744,11.810579,12.158224,8.192623,6.9975834,8.874917,12.003686,14.456531,17.3459,19.370216,22.851261,26.05824,28.739985,30.928507,30.669981,31.360525,29.056702,25.61533,22.52662,18.43174,17.982746,14.105138,8.89746,11.044197,10.105633,13.67963,15.23171,18.968323,23.234392,22.871256,26.160566,27.64383,27.840075,27.390179,26.535282,25.044363,19.010386,23.157778,17.91877,21.395117,24.192432,21.431839,18.464712,20.489956,15.766894,15.795411,17.318867,15.163317
21,34.44635,32.980404,32.574833,28.619915,29.108362,28.083033,25.022058,27.059338,23.367174,26.056194,24.395012,27.438692,26.87101,25.792334,22.090609,18.497269,15.689148,12.684331,9.805808,5.4378514,5.365525,0.0,5.5241437,6.8601775,7.807313,8.716882,7.9424267,8.34577,9.144138,11.911622,14.521657,19.767921,24.140215,25.60333,29.628145,30.761618,34.198303,34.736706,30.206743,26.778818,25.556398,19.78955,19.88242,15.15755,17.12742,13.697037,14.7397,15.9142475,18.396631,19.9641,20.598791,20.722063,23.638573,23.27545,22.496418,25.70416,22.97716,25.540306,29.039501,25.973108,23.31294,21.932035,17.492031,15.187346,15.486731,10.302324,9.948428,8.593799,6.8451867,7.45119,8.336313,12.788659,14.771265,18.280207,20.150858,23.805923,27.165604,29.294994,31.660141,31.846087,31.905624,29.121655,26.23622,22.53279,19.014706,17.209444,14.463413,8.396457,9.47505,8.665407,10.856758,13.177603,17.248215,20.598883,19.913568,22.940805,24.694616,25.162119,25.27172,24.829002,24.089628,18.160852,23.353434,19.110712,22.965862,26.08913,24.163563,21.008724,24.129887,18.902756,19.93446,21.071337,19.51084
22,36.019783,34.149853,34.440575,29.98272,30.500797,30.524994,26.545027,29.46495,25.469213,28.249575,27.066566,29.686775,29.35542,28.03033,24.99483,21.38772,18.33724,15.751463,12.125798,8.594291,5.417487,5.5241437,0.0,4.109218,8.0734,10.6608,11.36646,13.292975,13.798224,17.283169,19.380604,25.023712,29.376434,30.768103,34.854427,35.766476,39.223686,39.519115,35.041298,31.646402,30.297758,24.458757,24.75725,19.41106,21.997112,17.737581,19.059908,19.007093,21.507832,23.612116,24.786425,24.544098,27.984947,27.231216,26.79435,30.049467,27.5487,29.801443,33.58739,30.425077,27.528114,26.663818,22.540466,20.216555,20.932362,15.681883,14.625327,12.98504,9.9592905,11.061585,12.857891,16.817331,18.884027,22.221424,23.927069,27.756617,30.820219,33.30004,35.417984,35.096653,35.36709,32.76966,29.214962,25.88251,21.93479,20.863544,16.74225,10.970139,11.219901,8.593807,11.002091,11.127234,16.02747,19.871986,20.7455,23.475542,25.548712,26.2631,25.90072,26.052626,25.25198,18.810926,23.572752,19.12788,21.991545,24.867842,22.708935,20.012297,23.03636,18.984688,19.555183,21.761206,19.945272
23,35.77879,34.28289,34.91719,30.654951,31.6452,31.629528,28.21934,31.309042,27.84097,30.900219,29.854555,32.79356,32.596493,31.50385,28.311277,24.507618,21.704643,18.700756,15.527214,11.342532,9.165715,6.8601775,4.109218,0.0,4.5742836,7.704783,9.940984,12.500644,14.055945,17.188862,20.32215,25.206707,30.409008,31.054102,35.506664,36.20561,39.86586,40.18283,35.980328,32.80564,30.760826,25.365284,24.946571,19.224007,21.430313,16.514688,17.272589,16.663452,19.454185,21.880968,23.528744,23.659527,27.614012,27.2388,27.519953,31.04921,28.984852,31.6117,35.376987,32.57382,29.728888,28.746866,24.195265,21.99604,21.625977,16.73143,15.904429,13.000535,11.353108,13.553623,15.109204,19.51011,21.357422,24.958149,26.554012,30.485664,33.585915,35.786274,37.95648,37.806446,37.706837,34.84421,31.513035,27.900011,24.270079,22.528269,18.875864,12.9438925,12.145347,9.119962,9.765041,9.197553,14.893115,17.839529,19.288504,21.484108,24.002415,25.11851,25.081814,25.911112,25.770191,19.392488,24.71801,21.09274,23.833723,26.814838,25.244951,22.608538,26.28651,22.244213,23.279074,25.467869,23.89235
24,35.46723,34.520588,35.034283,31.238857,32.558285,31.948097,29.471071,32.191708,29.266521,32.42525,31.225555,34.538635,34.284283,33.43036,29.812895,26.00392,23.453215,20.147871,17.55031,12.974081,12.040071,7.807313,8.0734,4.5742836,0.0,3.674813,7.740926,9.953642,12.94788,15.012906,19.409025,23.15421,29.019732,29.054468,33.72414,34.390747,38.17313,38.673847,34.71409,31.742268,29.220531,24.370306,23.174978,17.621557,18.944223,13.932688,13.626393,13.257958,16.453358,18.881073,20.696304,21.496359,25.583967,25.826645,26.543482,30.213785,28.398506,31.443203,34.957153,32.49285,29.883783,28.482004,23.56685,21.494476,19.886526,15.645425,15.217456,11.290719,11.589639,14.463429,15.639522,20.259272,21.937092,25.654943,27.280775,31.07148,34.350937,36.153503,38.487183,38.74137,38.292023,35.174637,32.40014,28.449354,25.314022,22.778109,20.205082,14.254562,13.135974,10.852581,10.025281,10.383735,15.805002,17.556768,18.518734,20.340458,23.059801,24.387804,24.926416,25.975708,26.396883,20.438549,26.305805,23.334398,26.459639,29.61027,28.476786,25.659838,29.708647,25.137955,26.568727,28.28044,26.881372
25,33.244995,32.66328,32.99515,29.583008,31.09796,30.048176,28.306934,30.741041,28.335342,31.587934,30.412148,34.021523,33.873497,33.354065,29.672369,25.675386,23.599936,19.929949,18.113815,13.358328,13.734252,8.716882,10.6608,7.704783,3.674813,0.0,5.1410513,7.5390015,10.870789,12.547192,17.28827,20.343872,26.691185,26.138481,30.990417,31.457535,35.322563,35.81605,32.092304,29.343273,26.381079,21.977793,20.307222,14.8020935,15.753569,10.611894,10.121003,9.672577,12.968421,15.314933,17.172401,18.229311,22.381521,22.922848,23.993229,27.748392,26.291935,29.57237,32.99911,30.951157,28.424616,27.1479,22.013073,20.361778,18.197556,14.545549,15.052108,11.102347,12.764197,15.183042,15.247467,20.007427,21.130877,25.022276,26.346165,30.223335,33.36341,34.831196,37.15655,37.603683,36.802143,33.49828,31.093128,26.956043,24.272266,21.18155,19.433653,13.844903,12.402433,10.970269,9.31115,11.007528,15.44458,16.531784,16.551939,18.338974,20.931576,22.22738,23.146233,24.123665,24.868528,19.393784,25.527191,23.129284,26.572525,29.836838,29.110743,26.151918,30.553135,25.594482,27.517094,28.855505,27.8662
26,29.23646,28.597048,28.451159,25.168678,26.523256,25.098957,23.643776,25.768026,23.606894,26.891949,25.801382,29.599314,29.646755,29.49047,26.070034,21.719526,20.296309,16.200048,15.420182,10.725016,12.841663,7.9424267,11.36646,9.940984,7.740926,5.1410513,0.0,5.0146785,6.049037,9.118409,12.558884,16.25855,22.531462,21.917196,26.78746,27.032736,30.883606,31.164131,27.40036,24.678867,21.670689,17.092634,15.716451,9.895513,11.734106,6.5869627,8.420836,8.06915,10.498668,12.351122,13.635642,14.033661,17.929,18.104189,18.9742,22.743397,21.454573,24.698284,28.303484,26.526573,23.843151,23.279789,18.120594,17.109293,15.713399,12.139218,14.010695,11.491974,13.1507,13.940156,12.082449,16.940708,17.153872,21.303534,22.04511,26.273012,28.999691,30.325237,32.494038,32.879807,31.869337,28.499767,26.160406,21.973186,19.531425,16.19396,14.939875,9.943453,8.451066,8.549119,7.4121003,11.321161,14.050455,15.680321,13.938098,16.574968,18.412184,19.141106,20.028036,20.176243,20.628143,15.514655,21.629925,19.376196,23.308804,26.649141,26.1165,22.967165,27.507372,22.137758,24.58161,25.501984,25.114605
27,32.05774,31.62071,30.736929,27.863213,28.879019,26.545809,25.583567,26.68577,24.399757,27.215929,25.425222,29.212618,28.724346,28.413683,24.265915,20.613693,19.010593,15.41855,14.803761,10.796821,13.3422575,8.34577,13.292975,12.500644,9.953642,7.5390015,5.0146785,0.0,5.6387677,5.0877137,10.724371,13.3460455,19.297714,19.336407,23.87868,24.834356,28.530474,29.349426,25.32407,22.380434,20.105597,15.553735,13.974045,9.971766,9.879476,7.215086,6.736747,9.855876,12.348267,13.167934,13.416735,14.737993,17.451803,18.301403,18.24273,21.677704,19.636866,23.072348,26.055107,23.998617,21.8373,20.03718,14.811943,13.433557,10.999009,7.9659705,10.164982,7.897904,10.996975,11.783565,10.191732,14.49531,15.197564,18.894876,20.293839,23.731861,27.057695,28.17596,30.721014,31.688105,30.869621,27.570198,25.973663,21.686523,19.572031,16.022379,16.11754,11.366169,11.492473,12.421062,12.273395,16.113424,18.967943,20.572895,18.234709,20.887056,22.430021,22.907202,24.013762,23.52735,23.698122,19.078789,24.894964,22.18751,26.598944,29.922987,28.978403,25.632048,29.479977,23.571758,25.57814,25.752987,25.002525
28,27.688282,26.906122,25.713444,22.71401,23.460072,21.125206,19.997923,21.085428,18.884226,21.854897,20.400621,24.343,24.286045,24.401413,20.968496,16.589954,15.871347,11.63642,12.357299,8.751008,12.801722,9.144138,13.798224,14.055945,12.94788,10.870789,6.049037,5.6387677,0.0,5.8504996,6.6266365,11.68308,17.09599,17.228994,21.733416,22.195803,25.848728,26.13689,21.993801,19.011873,16.740675,11.46156,10.997835,6.131068,8.678024,6.5318027,9.780963,11.167026,12.261011,12.714375,12.417718,12.145797,14.52883,14.293189,13.828446,17.342112,15.54322,18.71929,22.323202,20.519209,17.813328,17.616856,12.5504265,12.223145,12.125225,8.946202,12.277474,12.00598,13.478136,12.285897,8.16207,12.514113,11.713901,15.937501,16.284822,20.584879,23.11904,24.309683,26.490171,27.032137,26.029333,22.687433,20.682718,16.407434,14.2710495,10.642268,10.809225,7.2032957,7.509055,10.028511,10.75044,15.534463,16.818586,19.128117,15.727207,19.113108,19.86929,19.726458,20.46033,19.110876,18.727015,14.458799,19.887863,17.268059,21.943552,25.233353,24.499706,21.102476,25.104656,19.072762,21.699507,21.696167,21.767067
29,31.341963,31.126541,29.428293,27.154198,27.876461,24.600323,24.518145,24.536934,22.680557,25.114048,22.984932,26.906862,26.270054,26.296011,21.998161,18.668863,17.820639,14.452332,15.189949,12.351455,15.992441,11.911622,17.283169,17.188862,15.012906,12.547192,9.118409,5.0877137,5.8504996,0.0,7.145161,8.506654,14.276891,14.547088,18.876379,20.121542,23.692688,24.737728,20.604176,17.636147,15.787648,11.492817,9.82476,8.172233,6.6455145,7.696905,7.634707,11.920584,13.326458,12.886062,11.750165,13.159999,14.345602,15.518876,14.610353,17.669867,15.371316,18.986107,21.521753,19.743238,17.96792,15.932214,10.667155,10.115832,7.374184,6.411779,10.330831,10.143961,13.479323,12.890394,9.778276,12.940381,12.761466,16.114305,17.255785,20.287756,23.54019,24.187931,26.834356,28.244246,27.246117,23.923447,23.15906,18.84655,17.54952,13.624955,15.595924,12.433319,13.323552,15.471826,15.746035,20.21441,22.055166,23.641365,20.09999,22.993202,23.830652,23.794794,25.046762,23.692331,23.602703,20.024143,25.321608,22.818342,27.62597,30.875967,30.0004,26.550337,30.052526,23.754461,25.910315,25.232195,24.87632
30,27.20293,26.584187,24.127699,21.989294,22.093494,18.361065,18.42979,17.675146,16.052694,18.323235,16.348387,20.487482,20.278273,20.97211,17.585783,13.626779,14.346783,10.72429,13.579185,12.1673765,16.922834,14.521657,19.380604,20.32215,19.409025,17.28827,12.558884,10.724371,6.6266365,7.145161,0.0,7.271683,10.953307,11.924843,15.787309,16.5172,19.860767,20.243876,15.722249,12.494163,11.293235,5.353755,6.5232763,6.4183097,7.8829184,10.261653,13.248976,15.626987,15.62566,14.681477,12.742785,12.051574,11.739323,11.3296,8.717577,11.548728,9.034788,12.408001,15.750698,14.311285,11.843723,12.216117,7.5316834,9.160363,10.509558,9.654957,13.983639,15.624361,17.224663,14.677145,9.211638,11.194253,8.501278,12.140344,11.592629,15.6135645,17.72665,18.322107,20.550945,21.590918,20.34603,16.953386,16.069859,11.740985,11.003371,6.831161,10.632451,10.46026,11.969615,15.442522,16.653927,21.632294,21.847212,24.126022,19.545593,23.081812,22.885824,22.008892,22.776363,20.119625,19.13656,16.699772,20.821188,18.48169,23.50933,26.531412,25.827677,22.421057,25.646854,19.279472,21.992817,20.694399,21.426394
31,29.099442,29.52151,26.66677,25.813446,26.306644,21.58766,23.632078,21.935259,21.687328,23.543808,21.467026,25.556831,25.144915,26.145456,22.439526,19.53087,20.458248,17.516739,20.180822,18.630127,23.059132,19.767921,25.023712,25.206707,23.15421,20.343872,16.25855,13.3460455,11.68308,8.506654,7.271683,0.0,7.612778,6.0405564,10.653036,11.65815,15.2558975,16.451002,12.654068,10.372896,8.179549,6.695284,3.9360275,9.057023,5.875903,11.701641,12.643611,16.216507,15.767168,13.603572,10.522928,11.521046,9.223812,11.154856,9.325941,11.34228,9.997536,13.909677,15.471615,15.46942,14.540227,13.573975,9.6339655,11.889716,10.192203,12.601299,16.983894,18.112339,21.289219,19.617182,15.155333,16.427801,14.221319,16.580301,16.226671,18.625029,20.744175,20.086252,22.466036,24.51675,22.651815,19.201242,20.227703,16.231974,17.088715,12.831428,17.664001,17.396044,18.283682,21.46111,21.612902,26.586584,26.788591,27.88392,22.838737,25.667572,25.372707,24.601797,26.137623,23.731188,23.606466,22.286085,26.476738,25.138546,30.05153,33.044952,32.765327,29.42317,32.739685,26.407726,29.091967,27.418758,28.090364
32,32.632652,32.736313,28.947456,28.486504,28.057459,22.757065,24.896376,21.623417,21.322357,21.8837,19.106215,22.558836,21.583284,22.781298,19.224566,17.861097,19.60199,18.132776,21.55907,21.71419,26.19234,24.140215,29.376434,30.409008,29.019732,26.691185,22.531462,19.297714,17.09599,14.276891,10.953307,7.612778,0.0,6.547402,6.438199,9.661005,11.579401,13.5020075,8.731294,5.616752,8.968833,8.499608,9.479937,15.328586,13.400862,18.875954,19.91752,23.693151,23.218409,21.020472,17.783293,18.048204,14.357388,15.265455,11.107536,10.471331,7.3060756,9.894351,9.327712,9.458817,10.240912,8.725944,8.070287,11.483248,12.183908,15.506249,19.41398,22.172266,24.539288,21.817917,17.378756,16.400288,13.73571,14.060646,13.416599,13.842697,15.607216,14.10676,16.719765,19.653452,18.195719,15.472472,18.061733,15.135927,16.96854,14.17923,19.816092,20.964754,22.87963,26.371279,27.468525,32.4679,32.521152,34.289135,29.07946,32.241787,31.52411,30.308483,31.447283,28.161108,27.155342,26.503971,29.493826,27.667711,32.622692,35.264458,34.53758,31.301634,33.38897,27.155085,29.280964,26.552568,27.393736
33,28.923365,29.810972,26.225801,26.50981,26.81101,21.321327,24.816141,21.983438,22.964247,24.263174,22.40111,26.307587,26.089926,27.706934,24.639221,22.224579,24.070797,21.566383,24.927347,23.94827,28.567154,25.60333,30.768103,31.054102,29.054468,26.138481,21.917196,19.336407,17.228994,14.547088,11.924843,6.0405564,6.547402,0.0,5.412015,5.725835,9.352964,10.777939,7.780938,7.175854,5.0143523,8.416594,6.753726,13.425476,10.728462,16.71044,17.865023,20.869019,19.6361,16.887136,13.3482,13.815098,9.298733,11.355514,9.212373,9.284973,9.565528,12.786253,13.011132,14.885239,14.873048,14.967171,12.909414,16.060234,15.0848875,18.188253,22.498253,24.00431,27.10308,25.076906,20.332312,20.77445,17.860928,19.363369,18.106905,19.760027,20.781467,19.076263,21.004461,23.468077,20.958511,17.684063,20.18395,16.93189,19.211657,15.421911,21.187849,22.264902,23.091343,26.554419,26.6426,31.709743,31.1196,31.919765,26.295357,28.933842,27.992624,26.815004,28.44255,25.514988,25.383022,25.529413,28.82194,28.260853,33.01499,35.749126,35.844078,32.679375,35.78143,29.672247,32.551113,30.37674,31.612558
34,32.302555,33.12744,28.991251,29.68989,29.487226,23.677078,27.386038,23.592567,24.729002,25.1956,23.032957,26.417389,25.896032,27.667782,24.814833,23.4248,25.65964,23.988064,27.638329,27.466745,32.07378,29.628145,34.854427,35.506664,33.72414,30.990417,26.78746,23.87868,21.733416,18.876379,15.787309,10.653036,6.438199,5.412015,0.0,4.549809,5.686172,8.450923,5.691608,6.2199473,8.217727,11.895022,11.734423,18.432926,15.968707,21.949617,22.901884,26.219013,25.04807,22.281088,18.72803,19.043283,14.183877,15.672469,12.585431,10.909519,10.657261,12.545045,10.731996,13.450761,14.728916,14.612558,14.471505,17.864637,17.628874,21.326645,25.353373,27.577265,30.431728,27.999865,23.407806,22.766455,19.798698,20.152208,18.793474,19.07424,19.627089,17.143028,18.958504,22.06261,19.683813,17.084663,20.810726,18.430752,21.298658,18.365469,24.421944,26.100721,27.41804,31.010008,31.51257,36.604534,35.991962,37.057236,31.357098,34.098835,32.955654,31.573156,33.03573,29.694828,29.15492,29.720285,32.358837,31.616476,36.35262,38.86998,38.76162,35.68121,38.09208,32.096916,34.64426,31.88136,33.195286
35,28.690556,29.871479,25.685652,26.984201,27.032269,21.127764,25.73028,22.015654,24.101912,24.872223,23.413366,26.990265,27.082325,29.252802,27.013683,24.921246,27.501877,25.31001,29.16887,28.619028,33.378357,30.761618,35.766476,36.20561,34.390747,31.457535,27.032736,24.834356,22.195803,20.121542,16.5172,11.65815,9.661005,5.725835,4.549809,0.0,4.07837,5.222799,4.5739455,7.164816,6.1906376,11.859396,11.354248,17.834242,15.884852,21.594206,23.201569,25.605001,23.845343,20.916294,17.381943,17.137068,11.820122,13.150039,11.064742,9.229597,11.223326,13.05445,12.136745,15.765519,16.330854,17.752045,17.065712,20.620249,20.425903,23.533108,27.830172,29.614473,32.47783,30.100817,25.065172,25.027033,21.590498,22.540417,20.479115,21.686308,21.473215,18.974075,20.163628,22.712868,19.606089,16.729258,20.36473,18.077534,21.381512,18.257113,24.345793,26.510271,27.270208,30.931908,31.055466,36.15484,34.843056,35.519844,29.528484,32.048244,30.534641,28.980541,30.52999,27.150595,26.907791,28.315968,30.653147,30.77853,35.25697,37.683628,38.127514,35.2004,38.0747,32.33403,35.380116,32.877342,34.65907
