,0,1,2,3,4,5,6,7,8,9,10,11,12,13,14,15,16,17,18,19,20,21,22,23,24,25,26,27,28,29,30,31,32,33,34,35,36,37,38,39,40,41,42,43,44,45,46,47,48,49,50,51,52,53,54,55,56,57,58,59,60,61,62,63,64,65,66,67,68,69,70,71,72,73,74,75,76,77,78,79,80,81,82,83,84,85,86,87,88,89,90,91,92,93,94,95,96,97,98,99,100,101,102,103,104,105,106,107,108
0,0.0,2.775511,7.2237453,6.025037,8.729847,13.276329,13.63045,17.031517,20.049664,22.6622,26.179068,28.378925,31.529598,30.225826,28.69314,24.270588,21.858496,19.233807,15.784989,14.048312,11.274465,13.403612,8.784278,11.811619,14.6381,16.842447,13.4193325,17.997028,15.975392,18.04838,19.379515,20.55911,26.936365,24.441677,29.44639,27.80686,31.195337,30.076614,27.04,24.674088,20.677671,17.140345,18.388645,15.105502,10.646478,13.781678,10.804003,15.360093,14.624485,18.2715,19.532269,23.257286,22.272335,25.54086,23.138454,26.179853,26.529339,28.660215,33.206444,32.893353,29.542978,32.614063,28.093222,29.374203,27.5649,27.60799,30.571394,27.968853,31.461067,30.835175,28.739872,31.06382,28.97819,33.278877,30.883259,37.01004,33.59791,38.27613,38.986206,35.958973,36.51183,33.921936,31.156528,27.441875,25.870033,25.317732,23.356386,22.569925,19.909985,20.81828,18.165163,21.1085,21.207443,20.31755,22.574104,23.321865,25.856262,26.210787,30.493708,30.566513,35.446007,39.42846,37.358566,34.32831,34.375202,27.773699,29.280104,24.68582,26.230968
1,2.775511,0.0,4.8893123,5.7142057,8.06705,11.762276,13.386961,16.188057,19.691786,22.275713,25.756586,28.017582,31.331123,30.233067,28.815744,24.51894,22.18063,19.921078,16.48572,15.49686,12.421394,15.484361,11.234342,14.49325,17.363888,19.406338,15.623322,20.012947,17.191875,19.288464,19.961168,20.923471,26.813005,23.825401,28.835623,26.805813,30.182081,28.844336,26.196875,24.187275,19.75328,16.755402,17.946749,15.323609,11.144101,14.979725,12.95798,17.431675,17.00123,20.816965,21.817549,25.55699,24.22878,27.546722,24.812485,27.62728,28.131372,29.973522,34.638664,34.348606,30.900114,34.38801,30.01228,31.305355,29.8615,29.63345,32.674675,30.18419,33.44983,32.540424,30.255356,32.375248,30.09583,34.235577,31.638496,37.669678,34.069363,38.70171,39.397274,36.444057,36.744278,34.228134,31.738844,28.144617,26.702332,26.483261,24.577824,24.396828,21.75597,22.960453,20.473246,23.258272,23.025017,21.920092,23.874453,24.653831,26.752768,27.027067,31.293835,31.02382,35.88721,39.643726,37.54929,34.62914,34.345463,27.944542,29.33856,24.643202,26.221897
2,7.2237453,4.8893123,0.0,5.2952275,6.6954226,7.86492,11.2915125,13.308262,17.03165,19.75471,22.93711,25.521767,28.878487,27.961155,26.955975,22.70573,20.84767,19.033783,16.166742,16.402134,13.589933,18.082788,14.526036,18.351036,20.843897,22.15533,17.550404,21.329245,17.001682,19.14061,18.461794,19.212439,24.006725,20.480282,25.330479,22.810858,26.095903,24.51773,22.339254,20.84798,15.95246,13.814337,15.008964,13.755576,10.344266,15.162765,15.150403,19.23106,19.701103,23.772224,24.448584,28.116777,26.156387,29.036673,25.725592,28.058935,28.547499,29.779367,34.64314,34.217453,30.606754,34.84547,30.841568,32.12429,31.616995,30.78075,34.05918,32.063614,34.84864,33.289673,30.39605,32.15096,29.403528,33.190735,30.182337,35.952633,32.033573,36.528408,37.179752,34.3894,34.31395,31.994394,29.937534,26.625118,25.415146,25.8478,24.093714,25.147266,22.711418,24.62188,22.714973,25.277863,24.301916,23.244246,24.414673,24.940735,26.274395,26.099976,30.44764,29.333704,34.12189,37.534214,35.24075,32.523335,31.618628,25.653494,26.737015,21.982256,23.539959
3,6.025037,5.7142057,5.2952275,0.0,3.5525892,7.826696,7.7770486,11.305694,14.15647,16.951666,20.327694,22.7917,25.90703,24.641304,23.384872,18.88268,16.813087,14.456355,11.478399,11.166245,8.774772,13.263861,10.16595,14.358985,16.587723,17.535809,12.702763,16.788649,12.426624,15.478049,14.807651,16.922523,22.1533,19.900852,24.5303,22.716253,25.825996,24.574759,21.383291,18.993578,15.531463,11.732016,13.911293,11.783666,7.2077236,11.940133,11.468535,15.51307,16.244299,20.00558,21.36318,24.925241,23.43874,25.530867,22.643135,25.275785,24.991865,26.53344,31.383448,30.47093,26.862238,30.525698,26.289152,27.294395,26.67896,25.636751,28.815636,26.79375,29.56186,28.079569,25.357542,27.24178,24.760082,28.7558,26.110651,32.098892,28.584366,33.222107,34.112408,31.32006,31.87357,29.611975,26.835678,23.32869,21.588173,21.966904,19.542793,20.20076,17.548506,19.3964,17.567745,20.050943,19.029842,18.193449,19.44112,19.879751,21.630482,21.56939,25.975168,25.369255,30.237753,34.008617,31.83913,28.918062,28.690235,22.244608,23.782495,19.117638,21.000704
4,8.729847,8.06705,6.6954226,3.5525892,0.0,5.8309197,5.9764047,8.337535,12.00938,14.259986,17.867378,19.955355,23.323692,22.40538,20.924269,16.960938,14.526719,13.023754,9.667971,10.708833,7.7657766,13.413014,11.562589,15.964264,18.480604,19.331501,14.403673,18.579638,13.360749,17.333405,15.270739,18.436459,22.561764,20.580791,24.734365,22.6117,25.315151,23.717524,20.579403,18.24662,15.602227,11.798614,14.931331,13.822637,9.545737,14.462895,14.320688,18.158869,19.086567,22.571722,24.313442,27.782854,26.45751,28.028116,25.234144,27.782766,27.02283,28.397882,33.30029,31.91902,28.24047,31.807585,27.595285,28.18015,27.846329,26.114859,29.042053,26.932953,29.164404,27.363405,24.931938,26.38533,24.130878,27.858946,25.463919,31.324686,28.082602,32.66887,33.90296,31.41225,32.149033,30.238958,27.310984,24.003159,21.904146,22.996462,19.791227,20.985064,18.0479,19.966293,18.286098,20.114689,18.614954,17.150843,17.991884,18.733295,19.826462,20.120707,24.136862,23.680515,28.441769,31.924015,30.135359,27.328192,27.25543,20.93258,22.912743,18.314608,20.804247
5,13.276329,11.762276,7.86492,7.826696,5.8309197,0.0,6.372189,6.0765233,10.168025,12.571297,15.515228,18.15937,21.5659,20.98718,20.251251,16.528522,15.100871,14.478593,12.536277,14.927634,12.842536,18.827894,17.197592,21.603924,23.736504,24.043835,18.718252,21.903343,15.527983,18.94633,15.37004,17.886745,20.21172,17.48172,21.228085,18.338531,20.815958,18.781689,16.43598,15.044585,11.862192,9.77001,12.843499,13.870175,11.271277,16.538328,18.293453,21.62773,23.200336,26.95429,28.11177,31.493765,29.466675,30.82362,27.418123,29.335144,28.77481,29.377369,34.383026,33.00461,29.2354,33.709084,30.082172,30.753693,31.461187,29.266804,32.434715,30.975887,32.68351,30.196356,27.015095,27.969791,25.09568,28.212576,25.232384,30.57497,26.872742,31.176613,32.29095,30.049868,30.18307,28.561707,26.369928,23.559391,21.94263,23.808285,21.133535,23.805256,21.375883,23.975454,22.95333,24.609533,22.472399,21.236408,21.099014,21.429491,21.412014,20.984978,24.976772,23.202581,27.740168,30.63473,28.536615,26.0915,24.991089,19.509127,20.906769,16.318422,18.707014
6,13.63045,13.386961,11.2915125,7.7770486,5.9764047,6.372189,0.0,5.229553,6.4216385,9.424823,12.623909,15.3359165,18.238377,16.932798,15.9506445,11.422816,9.908601,8.278678,6.9156475,9.42379,8.906162,14.598986,14.090505,18.400303,19.836296,19.396143,14.013562,16.89243,10.137798,14.725691,10.607285,15.126467,17.86237,17.021778,20.40072,18.732313,20.983889,19.655497,15.807021,12.951434,12.175567,7.631894,11.977306,12.027227,9.018601,13.406395,15.197725,17.88445,19.89556,23.099321,24.823,27.904625,26.34144,26.645761,23.746166,25.8419,24.351608,25.197985,30.11412,28.13516,24.398531,28.228035,24.471527,24.782204,25.645142,23.060764,26.167933,24.926764,26.481922,23.916225,20.671389,21.751753,19.030602,22.441494,19.814844,25.523964,22.28533,26.822914,28.21669,25.939373,26.902067,25.340876,22.213772,19.185541,16.852287,18.809402,15.228833,17.832205,15.321032,18.08705,17.55425,18.939922,16.474804,15.783817,15.334397,15.275486,15.657042,15.074865,19.41007,18.077835,22.862175,26.392134,24.290861,21.485952,21.307198,14.96758,17.017584,12.513107,15.392006
7,17.031517,16.188057,13.308262,11.305694,8.337535,6.0765233,5.229553,0.0,5.5205374,6.732325,10.148042,12.259892,15.810522,15.469073,14.388093,11.416771,9.739541,10.532731,9.24261,13.179337,11.905799,18.041616,18.1433,22.510279,24.42398,24.207382,18.979239,21.928623,15.005583,19.621922,14.522205,19.07141,20.005127,18.95051,21.542059,19.102251,20.644066,18.58957,15.519166,13.516649,13.480138,10.534586,14.972612,16.376526,13.875991,18.49008,20.31102,23.11208,25.038937,28.20093,30.027267,33.126156,31.545359,31.761074,28.804794,30.705004,29.112215,29.638573,34.531338,32.277466,28.552961,32.447353,28.913033,28.869757,30.045055,26.869858,29.613617,28.310787,29.150326,26.188852,23.371965,23.687815,21.26397,23.930038,21.572947,26.67983,23.736017,27.93782,29.6885,27.94379,28.797176,27.77067,24.940535,22.441767,20.075348,22.841597,18.908958,22.131872,19.538622,22.197083,21.715286,22.421383,19.596529,18.066135,16.999369,17.387846,16.363153,16.241951,19.613972,18.115799,22.456572,25.145157,23.627687,21.252897,20.856203,15.412869,17.790354,13.710886,17.158808
8,20.049664,19.691786,17.03165,14.15647,12.00938,10.168025,6.4216385,5.5205374,0.0,4.066891,6.307575,9.690603,12.222728,11.005641,10.751476,6.688306,6.978264,7.5695534,9.081744,12.981815,13.635959,18.965073,19.65781,23.750872,24.729647,23.551441,18.369389,20.066309,12.806673,17.329826,11.025803,16.475586,16.157717,16.633896,18.332125,16.801672,17.872599,16.458206,12.37028,9.520845,12.105399,8.815475,13.530032,15.41417,14.052079,17.560867,20.4442,22.236536,24.828474,27.638979,29.389114,32.081993,30.416218,29.607386,26.746904,28.257761,26.072859,26.197235,30.918524,28.203312,24.568134,28.493038,25.460438,25.215822,27.35264,23.675682,26.545979,26.109251,26.482689,22.993338,19.365805,19.40231,16.494806,18.823511,16.221552,21.188953,18.277376,22.457668,24.3365,22.75411,23.946238,23.22654,20.129791,17.96474,15.419312,18.84442,14.800999,19.071808,17.117134,20.294817,20.777378,21.246214,17.899647,17.411604,15.394372,14.807225,13.296739,11.949668,15.745876,13.1351595,17.586678,20.582542,18.515755,16.013481,15.596966,9.898941,12.4406805,8.655628,12.540019
9,22.6622,22.275713,19.75471,16.951666,14.259986,12.571297,9.424823,6.732325,4.066891,0.0,4.0416536,5.943801,9.154467,8.841564,7.888241,6.1687303,5.8230357,8.777198,10.044409,14.575131,14.9824,20.22106,21.712395,25.718496,26.95797,25.907804,21.028908,22.975653,16.015785,20.920551,14.577907,20.381227,19.396236,20.226118,21.305553,19.66669,20.082905,18.381561,14.745244,12.354072,15.712196,12.860498,17.532263,19.447998,17.793745,21.300941,23.669258,25.536633,27.962883,30.505396,32.63352,35.27589,33.921787,32.857555,30.287725,31.86677,29.333405,29.501154,34.07516,30.976877,27.464067,30.862219,27.85018,27.113697,29.229267,25.03779,27.375916,26.769493,26.469988,22.774797,19.948841,19.320164,17.18963,18.900536,17.159315,21.574732,19.528004,23.35952,25.739683,24.677307,26.216816,25.959229,22.717146,20.89787,18.0426,21.801487,17.09762,21.227694,19.044453,21.874426,22.378675,22.13376,18.567629,17.423765,14.902124,14.761772,12.10271,11.613035,14.11912,12.141851,16.073753,18.473564,17.373007,15.180006,15.466371,10.617456,13.940897,11.210129,15.378454
10,26.179068,25.756586,22.93711,20.327694,17.867378,15.515228,12.623909,10.148042,6.307575,4.0416536,0.0,4.5126233,6.3690968,6.0953975,6.8620877,6.3046837,8.213127,11.06632,13.487673,17.757084,18.715532,23.673767,25.220177,29.137455,29.997898,28.522844,23.692974,24.874895,17.901592,22.26843,15.396546,20.937534,18.346666,19.861113,19.88453,18.531843,18.176674,16.657242,13.159316,11.186626,16.033653,14.097601,18.367458,21.00254,20.204609,23.282612,26.363764,27.74914,30.514101,32.97139,34.883923,37.30904,35.74562,34.192757,31.548738,32.708748,30.00074,29.680279,34.053917,30.732718,27.370079,30.958054,28.536713,27.697691,30.589258,26.09704,28.430061,28.481588,27.701416,23.592707,20.293745,19.141932,16.725409,17.513203,15.626363,19.15935,17.243948,20.606586,23.136248,22.546955,24.050436,24.309523,21.36618,20.207863,17.605421,21.905994,17.605661,22.508392,20.900116,23.974285,25.006496,24.62923,20.856007,20.237993,17.20128,16.514471,13.20173,11.784676,13.797014,10.32325,13.62452,15.453628,14.065406,12.287885,11.99459,8.526668,11.611399,10.04517,14.098729
11,28.378925,28.017582,25.521767,22.7917,19.955355,18.15937,15.3359165,12.259892,9.690603,5.943801,4.5126233,0.0,4.137789,5.96358,5.054022,8.116668,8.716456,12.807955,14.640359,19.134035,19.833868,24.511034,26.772978,30.537228,31.66867,30.401234,25.921122,27.499903,20.89943,25.751013,19.127766,25.098452,22.725454,24.368834,24.301117,22.90391,22.301596,20.611927,17.503593,15.683157,20.391647,18.19454,22.649,24.925219,23.574951,26.722374,29.116146,30.659887,33.172688,35.350212,37.698593,40.106514,38.945644,37.252163,34.962276,36.338047,33.322536,33.24143,37.49014,33.864822,30.623766,33.515903,30.952402,29.649204,32.24052,27.391996,29.109198,28.833443,27.455954,23.345789,21.177969,19.496115,18.175528,18.518255,17.809675,20.845785,20.020945,23.026705,25.990355,25.789759,27.708176,28.21741,25.002325,23.920837,20.966629,25.241184,20.274256,24.630505,22.696848,25.293005,26.217941,25.181974,21.37371,20.090448,16.801788,16.68385,12.567169,12.44354,12.715948,10.863596,13.216569,14.253493,14.503238,13.147653,14.162252,11.583012,15.196851,14.234495,18.321898
12,31.529598,31.331123,28.878487,25.90703,23.323692,21.5659,18.238377,15.810522,12.222728,9.154467,6.3690968,4.137789,0.0,3.4706128,4.535662,8.780421,10.74197,14.406623,17.188622,21.307434,22.706276,26.86637,29.36961,32.922337,33.59133,31.86802,27.63185,28.499462,22.217113,26.711979,19.973017,25.933376,22.673584,25.216938,24.369997,23.598982,22.484844,21.262312,18.063251,16.264853,22.025375,20.039923,24.207642,26.623999,25.79946,28.352032,31.116316,32.123844,34.888355,36.792805,39.08962,41.20544,40.058735,37.74827,35.63391,36.721542,33.3628,32.996037,36.920128,32.971516,29.989292,32.627403,30.587807,29.035702,32.240818,27.086763,28.623991,28.987514,27.065918,22.63696,20.272352,18.038467,16.836721,16.185936,15.912126,17.925573,17.842628,20.271183,23.520945,23.831533,26.065062,27.046432,23.83085,23.307951,20.415049,24.95936,20.168594,24.864294,23.448896,26.109085,27.576197,26.304022,22.363686,21.687065,17.962986,17.286263,12.788022,11.941218,11.333716,8.579461,9.728159,10.176723,10.732467,9.866655,11.416398,10.455294,13.947577,14.322057,18.08152
13,30.225826,30.233067,27.961155,24.641304,22.40538,20.98718,16.932798,15.469073,11.005641,8.841564,6.0953975,5.96358,3.4706128,0.0,3.8495452,6.336749,9.366475,12.244333,15.753942,19.461157,21.43946,25.268702,27.689945,31.108936,31.392817,29.361296,25.20953,25.620975,19.540335,23.81438,17.160074,23.222864,20.125713,23.184896,22.39904,22.147938,21.285194,20.509108,16.683582,14.322444,20.43818,18.11185,22.14409,24.31416,23.743227,25.816717,28.781343,29.435276,32.351624,34.13524,36.332592,38.29745,37.13869,34.58018,32.544857,33.55252,30.067022,29.671871,33.52109,29.519545,26.572655,29.186636,27.254932,25.749577,29.197542,24.08074,25.83435,26.536715,24.78887,20.280296,17.273794,15.192474,13.531404,13.034464,12.4855,14.954447,14.709553,17.482862,20.700182,20.786568,23.260765,24.114746,20.62437,20.057669,17.07394,21.624529,16.89851,21.77752,20.662655,23.492247,25.248184,24.13957,20.170225,20.123726,16.34429,15.115838,10.952768,9.117122,9.410152,5.3850446,7.660627,9.682823,8.963289,7.2231984,9.241024,7.2881713,11.109268,11.706495,15.390259
14,28.69314,28.815744,26.955975,23.384872,20.924269,20.251251,15.9506445,14.388093,10.751476,7.888241,6.8620877,5.054022,4.535662,3.8495452,0.0,5.809863,7.001034,10.743318,13.544134,17.400856,19.117296,22.769716,25.635199,28.962688,29.557919,27.856176,23.903475,24.976824,19.118872,24.032114,17.784586,24.337234,22.430843,25.090563,25.013294,24.489084,24.065416,23.021727,19.095844,16.425535,21.76365,18.723991,23.146952,24.705473,23.360928,25.658932,27.81796,28.807482,31.386251,33.0328,35.628788,37.710926,36.929604,34.592327,32.813812,34.238186,30.685421,30.785349,34.73881,30.735697,27.71682,29.813887,27.32539,25.620886,28.33286,23.179329,24.59141,24.630678,22.855967,18.57575,16.592665,14.62056,13.870815,14.104177,14.295845,17.475206,17.510054,20.60395,23.832563,23.63674,26.300812,26.82158,22.942568,21.84772,18.452797,22.615873,17.150791,21.194324,19.48738,21.891678,23.302963,21.847813,17.919756,17.22443,13.44141,12.826911,8.299143,8.081318,7.686382,6.7261486,9.384063,11.680049,12.1110325,10.16594,12.966026,9.729041,14.016284,13.690786,17.68809
15,24.270588,24.51894,22.70573,18.88268,16.960938,16.528522,11.422816,11.416771,6.688306,6.1687303,6.3046837,8.116668,8.780421,6.336749,5.809863,0.0,4.3676834,5.9871454,9.872132,13.317483,15.551478,19.363441,21.484945,24.93127,25.211922,23.307148,18.960112,19.766998,13.5138035,18.298044,12.008643,18.656569,17.668634,20.220474,20.851978,20.574337,20.91603,20.207369,15.599668,12.179544,17.057606,13.427784,17.781784,19.009954,17.876421,19.94054,22.515522,23.369719,26.147045,28.050976,30.312986,32.463963,31.395796,29.29412,27.237871,28.674618,25.391735,25.548624,29.766361,26.135645,22.856817,25.591713,22.872797,21.74619,24.470575,19.840834,22.13246,22.292377,21.625189,17.585865,14.132884,13.358762,11.069085,12.844257,11.457586,16.234407,14.803374,18.806732,21.425518,20.374054,22.776075,22.63924,18.616756,16.916767,13.501945,17.455805,12.183361,16.630913,15.04348,18.034294,19.46959,18.895767,15.031389,15.177248,11.937944,10.595091,7.8776298,5.76988,9.254771,6.831763,11.4934435,15.163658,13.565591,10.709537,12.358754,6.4152727,10.649009,9.00431,13.061221
16,21.858496,22.18063,20.84767,16.813087,14.526719,15.100871,9.908601,9.739541,6.978264,5.8230357,8.213127,8.716456,10.74197,9.366475,7.001034,4.3676834,0.0,4.5882654,6.556095,10.622683,12.185808,16.175404,18.698715,22.190971,23.064749,21.775785,17.535273,19.495516,13.514701,19.037167,13.590298,20.348509,20.755356,22.49835,23.927057,23.163223,23.929058,22.827047,18.436804,15.084568,18.593756,14.364917,19.041534,19.537485,17.296047,19.876835,21.309385,22.811228,25.06367,26.948633,29.644108,32.041344,31.36149,29.79563,27.948694,29.897146,26.766981,27.504978,31.852606,28.416222,25.067211,27.34267,23.946424,22.758875,24.389484,19.98215,21.95457,21.102468,20.73266,17.21715,15.050606,14.665889,13.398362,15.814679,15.088093,20.137878,18.923864,23.026495,25.6062,24.346855,26.72517,26.261662,22.111237,19.907343,16.335579,19.594208,13.840848,16.938002,14.4276,16.82785,17.523046,16.731585,13.02479,12.026986,9.163825,8.997532,6.7156143,7.2249465,10.020946,10.2434225,14.605896,18.097866,17.383263,14.62008,16.645939,10.734114,14.818035,12.415836,16.46502
17,19.233807,19.921078,19.033783,14.456355,13.023754,14.478593,8.278678,10.532731,7.5695534,8.777198,11.06632,12.807955,14.406623,12.244333,10.743318,5.9871454,4.5882654,0.0,4.8179984,7.381594,10.155824,13.567511,15.5909605,18.952402,19.29666,17.664566,13.265962,14.938404,9.025377,14.645515,9.923736,16.769173,18.53812,20.358294,22.398186,22.116497,23.492992,22.851269,18.043755,14.196643,16.969275,12.017871,16.344877,15.946547,13.708547,15.632163,17.111813,18.309294,20.707516,22.592058,25.154673,27.507965,26.793213,25.245464,23.419083,25.489975,22.424631,23.413092,27.827688,24.651278,21.22489,23.58801,19.927187,19.12979,20.582386,16.685305,19.27167,18.552095,19.108757,15.988617,12.9163065,13.639095,11.648847,15.152702,13.787126,19.612127,17.798525,22.290749,24.392904,22.539974,24.881033,23.882256,19.52429,16.786644,13.191154,15.750303,10.07103,12.814061,10.305502,13.129195,13.948139,13.927384,10.412534,10.639841,8.613915,7.568047,7.853701,7.143351,11.663875,11.531949,16.333761,20.553705,18.939772,15.811241,17.521523,10.762211,14.183957,11.212487,14.661508
18,15.784989,16.48572,16.166742,11.478399,9.667971,12.536277,6.9156475,9.24261,9.081744,10.044409,13.487673,14.640359,17.188622,15.753942,13.544134,9.872132,6.556095,4.8179984,0.0,4.755639,5.716211,10.207457,12.214786,15.905269,17.261091,16.703918,12.303354,15.668382,10.362312,16.177517,12.724094,18.830975,21.76822,22.461294,25.268255,24.348577,26.123487,25.043283,20.654484,17.146193,18.314337,13.227743,17.572805,16.524427,12.996083,15.798844,15.823742,18.086622,19.71229,21.815315,24.681725,27.42855,26.990337,26.413452,24.639635,27.193014,24.651806,26.134912,30.675797,27.956388,24.487392,26.6724,22.460533,21.867203,22.042175,18.838593,21.145908,19.269867,20.446249,18.139812,16.32403,17.352352,16.05699,19.710997,18.578985,24.418882,22.536354,27.062613,29.064192,27.053764,29.116386,27.829386,23.673288,20.61677,17.266796,19.109426,13.792148,15.015589,11.658732,13.574376,13.028837,13.232369,10.472233,9.049156,8.617098,9.267872,10.318647,11.317873,14.927993,15.867205,20.502766,24.419018,23.295815,20.282257,21.89891,15.233863,18.536877,15.000463,18.382
19,14.048312,15.49686,16.402134,11.166245,10.708833,14.927634,9.42379,13.179337,12.981815,14.575131,17.757084,19.134035,21.307434,19.461157,17.400856,13.317483,10.622683,7.381594,4.755639,0.0,4.5748606,6.3777127,8.451119,11.655566,12.575147,12.018266,7.992959,11.985073,8.617751,14.077841,12.806218,18.291548,22.776287,23.54234,26.839323,26.401493,28.608353,27.916054,23.326963,19.587957,20.058338,14.631158,18.192863,15.75862,11.870627,13.498381,12.186531,14.315292,15.546107,17.300295,20.481716,23.17638,23.197681,22.774828,21.481516,24.430851,21.951155,24.041227,28.401966,25.998344,22.692472,24.263783,19.608484,19.266817,18.428621,16.119581,18.563002,16.276356,18.526293,17.135233,15.532461,17.493925,16.404663,20.666073,19.637644,25.73364,23.84804,28.467857,30.146667,27.75051,29.922314,28.207514,23.859657,20.42426,17.190874,17.82592,12.928107,12.24733,8.539517,9.80942,8.60475,9.683131,7.947025,7.538006,8.871298,9.280081,12.341535,13.197455,17.072435,18.494162,23.125673,27.50258,26.1169,22.9205,24.726713,17.851095,20.733547,17.23214,19.912148
20,11.274465,12.421394,13.589933,8.774772,7.7657766,12.842536,8.906162,11.905799,13.635959,14.9824,18.715532,19.833868,22.706276,21.43946,19.117296,15.551478,12.185808,10.155824,5.716211,4.5748606,0.0,6.267783,7.2614007,11.204155,13.6414995,14.432764,10.514329,15.39377,11.820874,16.941818,15.618166,20.467583,25.04431,24.799686,28.478828,27.328539,29.688398,28.526403,24.441607,21.142317,20.56803,15.508457,19.118654,16.86564,12.269885,15.178033,13.17892,16.437353,16.994444,19.237679,22.283558,25.368782,25.291,25.861336,24.27957,27.33806,25.48329,27.569204,32.092617,30.047852,26.644114,28.578201,23.871983,23.7307,22.488909,20.540009,22.767658,19.951334,22.226774,21.042217,19.933798,21.619787,20.585146,24.642458,23.468607,29.511215,27.384151,32.02364,33.702824,31.322128,33.120464,31.351078,27.364485,23.90779,20.921667,21.670776,17.131113,16.668882,12.996387,13.852351,11.766641,12.877148,11.7378025,9.76692,11.591579,12.920279,15.181303,16.58562,20.053984,21.48077,26.108454,30.08907,28.964006,25.90433,27.363668,20.582567,23.4789,19.543669,22.411907
21,13.403612,15.484361,18.082788,13.263861,13.413014,18.827894,14.598986,18.041616,18.965073,20.22106,23.673767,24.511034,26.86637,25.268702,22.769716,19.363441,16.175404,13.567511,10.207457,6.3777127,6.267783,0.0,5.265172,6.782796,8.957889,10.327574,8.847703,13.90585,13.511729,17.878992,18.47474,23.04225,28.544197,28.901041,32.641518,32.121555,34.59455,33.822365,29.403595,25.767624,25.432278,20.118362,23.15933,19.830011,15.398595,16.462946,12.563051,15.140607,14.747894,15.710429,19.608967,22.318838,23.375519,23.758354,23.301455,26.77767,24.665634,27.468699,31.462875,29.488329,26.520605,27.053055,21.986906,21.671545,18.921265,17.90633,19.53283,15.86711,19.03495,19.171143,19.242687,21.537727,21.399744,25.73794,25.287035,31.308949,29.75677,34.325813,35.944252,33.427208,35.67419,33.723267,29.340149,25.747686,22.673538,22.404139,18.005259,15.322691,11.610813,10.643104,7.3911242,8.634483,9.485684,8.093937,11.645467,13.055184,16.781576,18.572521,21.631353,24.181234,28.552645,32.91669,31.969637,28.784597,30.96505,24.131376,27.039473,23.556564,26.033457
22,8.784278,11.234342,14.526036,10.16595,11.562589,17.197592,14.090505,18.1433,19.65781,21.712395,25.220177,26.772978,29.36961,27.689945,25.635199,21.484945,18.698715,15.5909605,12.214786,8.451119,7.2614007,5.265172,0.0,4.441548,7.4724603,9.80715,7.621617,13.122717,12.984731,16.236036,17.976528,21.120369,27.5471,26.98819,31.341766,30.644232,33.59134,32.858875,28.757618,25.412683,23.666035,18.7143,20.9493,17.056337,12.419266,13.580894,8.81212,12.43005,11.483726,13.521559,16.679256,19.901783,20.421059,22.088377,21.070442,24.61896,23.507553,26.324764,30.486767,29.322083,26.250603,27.633808,22.63111,23.188204,20.454279,20.428072,22.772467,19.605509,23.314058,23.372038,22.368279,24.960514,23.924322,28.443094,27.133251,33.325066,30.967121,35.647747,36.790714,33.91657,35.55408,33.192898,29.338469,25.53884,23.098375,22.27639,19.102568,16.63458,13.456713,13.177092,9.934388,12.7127695,13.618515,13.024458,16.101152,16.983517,20.565748,21.559124,25.364506,26.86578,31.533995,35.94343,34.379826,31.158052,32.525345,25.598772,27.85871,23.894184,25.839203
23,11.811619,14.49325,18.351036,14.358985,15.964264,21.603924,18.400303,22.510279,23.750872,25.718496,29.137455,30.537228,32.922337,31.108936,28.962688,24.93127,22.190971,18.952402,15.905269,11.655566,11.204155,6.782796,4.441548,0.0,4.5031524,8.297267,8.904816,13.749504,15.747732,18.21424,21.06379,23.847382,30.717318,30.431269,34.803062,34.433617,37.44384,36.910324,32.684895,29.21403,27.560352,22.595,24.472595,20.111006,15.862287,15.83427,10.044445,12.785545,10.734654,11.522239,15.205468,18.098219,19.570312,21.382236,21.238216,25.011433,23.94257,27.21083,30.905348,29.962116,27.265165,27.733835,22.634155,23.207304,19.383373,20.33948,22.252802,18.701262,22.977196,23.91661,23.57408,26.463535,25.901802,30.492186,29.556997,35.661804,33.60609,38.203724,39.26372,36.309612,38.141926,35.661118,31.677765,27.856054,25.479307,24.01404,21.17157,17.483301,14.643771,13.263001,9.595875,12.492416,14.611724,14.454021,18.049795,18.924297,23.041307,24.201193,27.743582,29.770481,34.2746,38.852264,37.38039,34.113743,35.82033,28.912956,31.14645,27.433367,29.145285
24,14.6381,17.363888,20.843897,16.587723,18.480604,23.736504,19.836296,24.42398,24.729647,26.95797,29.997898,31.66867,33.59133,31.392817,29.557919,25.211922,23.064749,19.29666,17.261091,12.575147,13.6414995,8.957889,7.4724603,4.5031524,0.0,4.310052,7.2876625,10.747746,14.719143,16.223928,20.128021,22.527668,29.649557,29.952026,34.14167,34.37187,37.377003,37.26365,32.787994,29.13608,27.862764,22.863836,24.310623,19.60292,16.119633,14.611948,8.920169,10.055562,7.9128876,7.487127,11.706629,14.1831,16.148455,17.387714,17.870905,21.697517,20.427656,23.95549,27.271318,26.444977,24.056526,23.976723,18.927963,19.728672,15.523402,17.350689,19.449078,16.417873,21.15971,22.383999,21.684772,24.942997,24.313503,28.952272,28.041777,33.993633,32.03666,36.49568,37.328194,34.263657,36.22996,33.64571,29.594963,25.814453,23.634167,21.501919,19.307022,14.767519,12.669385,10.953884,7.7936673,11.376386,13.908806,15.140947,18.443499,18.618612,23.158188,23.773083,27.498478,29.343632,33.7242,38.544697,36.7648,33.46148,35.23697,28.465384,30.38122,27.035355,28.282343
25,16.842447,19.406338,22.15533,17.535809,19.331501,24.043835,19.396143,24.207382,23.551441,25.907804,28.522844,30.401234,31.86802,29.361296,27.856176,23.307148,21.775785,17.664566,16.703918,12.018266,14.432764,10.327574,9.80715,8.297267,4.310052,0.0,5.542203,7.0936685,12.356767,13.4172325,17.616972,20.130394,27.00763,28.032055,31.840542,32.573708,35.410366,35.624683,30.912115,27.097902,26.519138,21.480907,22.81462,18.197618,15.47014,12.99275,8.642733,8.000809,7.274737,6.1850867,10.510384,12.470739,14.3075905,14.156141,14.90677,18.619194,16.686083,20.246885,23.439709,22.323002,20.03463,19.689205,14.622952,15.480158,11.558157,13.523012,16.076641,13.892144,18.661684,19.649658,18.296543,21.765247,20.948483,25.565643,24.646284,30.439106,28.596874,32.926205,33.665,30.601599,32.760143,30.231289,26.029484,22.347898,20.191574,17.769402,15.844195,10.827422,9.404865,7.8407717,5.926268,9.880329,12.072517,14.548657,17.198511,16.6366,21.310186,21.334879,25.231283,26.761408,31.004044,35.964157,33.926994,30.630621,32.45568,25.88877,27.58329,24.64681,25.604689
26,13.4193325,15.623322,17.550404,12.702763,14.403673,18.718252,14.013562,18.979239,18.369389,21.028908,23.692974,25.921122,27.63185,25.20953,23.903475,18.960112,17.535273,13.265962,12.303354,7.992959,10.514329,8.847703,7.621617,8.904816,7.2876625,5.542203,0.0,5.5415883,7.4329634,9.730005,12.844847,15.842046,22.511963,23.155727,27.074612,27.438185,30.289663,30.309608,25.688625,21.961428,21.177286,16.053661,17.711403,13.40934,10.295448,8.793012,5.7055564,6.6847672,7.8008404,9.568581,12.509031,15.217416,15.358658,15.469584,14.513262,17.941023,16.129383,18.994595,23.059332,21.7184,18.72396,20.108597,15.206293,16.157534,14.253104,14.451665,17.716408,16.006908,19.898872,19.589708,17.107943,20.225924,18.525969,23.193125,21.55686,27.646255,25.200901,29.761467,30.56256,27.498783,29.330154,26.855604,22.807035,18.987764,16.734764,15.131772,12.741829,9.699375,7.509418,8.253777,6.8356056,10.649414,11.065715,13.083077,15.060159,14.375753,18.444685,18.066721,22.546633,23.221796,27.806883,32.620205,30.33731,27.039755,28.319868,21.573761,23.221394,19.82392,20.998053
27,17.997028,20.012947,21.329245,16.788649,18.579638,21.903343,16.89243,21.928623,20.066309,22.975653,24.874895,27.499903,28.499462,25.620975,24.976824,19.766998,19.495516,14.938404,15.668382,11.985073,15.39377,13.90585,13.122717,13.749504,10.747746,7.0936685,5.5415883,0.0,7.401125,6.863811,11.716042,13.735496,20.380245,22.000998,25.429277,26.715286,29.44684,30.10639,25.30881,21.519604,21.392279,16.705038,17.49468,13.237147,12.131725,8.41388,8.111653,5.4286027,8.301301,9.095336,10.993096,12.738088,12.494507,10.829249,10.118533,13.301754,10.770835,13.81488,17.63983,16.307764,13.516911,14.830952,10.133771,11.852728,10.960174,11.86027,15.825376,15.695803,19.506802,19.053558,15.41042,18.866005,16.632069,21.162588,19.253864,24.967442,22.470066,26.757727,27.118498,23.867834,25.786476,23.165995,19.106297,15.39524,13.667684,10.847305,10.203603,6.537654,6.953754,8.44463,9.254545,12.664167,12.823327,16.209528,17.317564,15.60859,19.61412,18.157486,22.837423,22.775036,27.052956,32.04163,29.19298,25.95546,27.058546,20.835897,21.731974,19.070255,19.312822
28,15.975392,17.191875,17.001682,12.426624,13.360749,15.527983,10.137798,15.005583,12.806673,16.015785,17.901592,20.89943,22.217113,19.540335,19.118872,13.5138035,13.514701,9.025377,10.362312,8.617751,11.820874,13.511729,12.984731,15.747732,14.719143,12.356767,7.4329634,7.401125,0.0,5.8742704,5.457745,10.098216,15.453379,16.756968,20.10243,20.674606,23.220781,23.43931,18.599855,14.744622,15.001074,9.862604,11.946791,9.141093,7.74571,7.1059985,9.800077,9.966586,13.091652,15.487558,17.038593,19.421412,18.056107,17.0127,14.64333,16.902243,14.616168,16.052916,20.754078,18.778164,15.179165,18.491571,14.571441,15.47618,16.54131,14.902493,18.817617,18.65003,21.134007,19.17091,14.733988,17.207071,14.010441,18.350302,15.602711,21.715773,18.548752,23.20802,23.981838,20.98778,22.600546,20.371563,16.388266,12.638373,10.275793,10.099025,7.498067,8.732839,7.609799,11.066115,11.817543,14.2359295,12.457515,14.691501,14.648504,12.964462,15.595089,13.685256,18.916868,17.747469,22.463327,27.119457,24.16824,20.954668,21.432383,14.830444,15.985974,12.510167,13.5849495
29,18.04838,19.288464,19.14061,15.478049,17.333405,18.94633,14.725691,19.621922,17.329826,20.920551,22.26843,25.751013,26.711979,23.81438,24.032114,18.298044,19.037167,14.645515,16.177517,14.077841,16.941818,17.878992,16.236036,18.21424,16.223928,13.4172325,9.730005,6.863811,5.8742704,0.0,7.1067405,6.8896017,14.102664,15.314695,18.911242,20.315697,23.254177,24.171618,19.649544,16.263563,15.480061,11.6638155,11.302138,7.513902,8.80784,4.7844067,9.627716,7.810499,11.668264,14.167335,14.15107,16.13992,13.747606,12.71632,9.419489,11.258583,9.851223,11.131955,15.980091,15.137601,11.631971,16.062128,12.88844,15.129427,16.580503,16.451588,20.784452,21.432009,24.392164,22.79529,17.71927,20.528112,16.821398,20.865469,17.480726,23.016184,19.224089,23.52484,23.349154,19.83359,20.764734,17.840485,14.6268015,10.772844,10.251417,7.817403,9.492569,10.179003,11.0234,14.063319,15.06823,18.126902,17.073929,19.94692,20.097855,18.089811,20.840101,18.297346,23.574,21.630075,26.027712,30.68923,27.033155,23.983747,23.691168,17.900845,17.656023,14.692143,13.992549
30,19.379515,19.961168,18.461794,14.807651,15.270739,15.37004,10.607285,14.522205,11.025803,14.577907,15.396546,19.127766,19.973017,17.160074,17.784586,12.008643,13.590298,9.923736,12.724094,12.806218,15.618166,18.47474,17.976528,21.06379,20.128021,17.616972,12.844847,11.716042,5.457745,7.1067405,0.0,7.023161,10.190553,12.251775,14.904098,15.821361,18.095047,18.647575,13.676968,9.813459,11.18416,6.925122,8.774165,8.385985,9.439952,9.422032,14.233674,14.0186825,17.56248,20.141172,20.908398,23.028706,20.850254,19.351116,16.256063,17.387783,15.215506,15.246827,20.076008,17.919943,14.160092,18.94089,16.25055,17.207035,19.932995,17.663254,21.674042,22.440758,24.091751,21.284071,15.817131,17.529398,13.245955,16.746475,12.842784,18.539415,14.475184,19.078863,19.622341,16.662882,17.80122,15.764043,12.193284,8.762369,6.959251,8.554082,7.3242598,11.708184,11.688665,15.547366,16.931742,18.824347,16.361212,18.49754,17.379164,15.265678,16.46015,13.359902,18.717281,15.699551,20.234697,24.547506,20.876833,17.897982,17.234339,11.210132,11.268388,7.746373,8.172913
31,20.55911,20.923471,19.212439,16.922523,18.436459,17.886745,15.126467,19.07141,16.475586,20.381227,20.937534,25.098452,25.933376,23.222864,24.337234,18.656569,20.348509,16.769173,18.830975,18.291548,20.467583,23.04225,21.120369,23.847382,22.527668,20.130394,15.842046,13.735496,10.098216,6.8896017,7.023161,0.0,8.28598,8.649923,12.415479,13.986739,17.136963,18.417515,14.46861,12.00694,10.363201,8.836757,6.326993,5.7058215,10.038721,8.485687,14.776289,13.897673,17.511827,20.56104,19.719831,21.682552,18.269613,17.692822,13.453886,13.557712,13.382314,12.535477,17.398804,16.985014,13.497747,19.73905,17.955893,20.138634,22.833046,22.015587,26.35515,27.446838,29.726646,27.340347,21.5789,23.600866,19.052608,22.1775,17.710772,22.470999,17.55902,21.503677,20.754738,17.243984,16.753628,13.695679,12.165944,9.063642,10.340969,9.708751,12.609578,15.858503,16.723816,20.246544,21.347408,24.061882,22.29907,24.666935,24.072956,21.994238,23.471088,20.23131,25.543314,21.945658,26.119188,30.162859,25.856194,23.225859,21.343775,16.655783,14.994437,12.037191,9.968191
32,26.936365,26.813005,24.006725,22.1533,22.561764,20.21172,17.86237,20.005127,16.157717,19.396236,18.346666,22.725454,22.673584,20.125713,22.430843,17.668634,20.755356,18.53812,21.76822,22.776287,25.04431,28.544197,27.5471,30.717318,29.649557,27.00763,22.511963,20.380245,15.453379,14.102664,10.190553,8.28598,0.0,6.1298847,5.543031,8.763235,10.447649,12.658098,8.913315,7.686627,9.613038,10.815598,9.310899,12.691417,16.506683,16.394882,22.513401,21.750607,25.483612,28.256207,27.706964,29.360031,26.034248,24.406427,20.544388,19.726366,18.739922,16.508282,20.57068,19.191256,16.130377,22.631628,22.119604,23.52322,27.721256,25.5921,29.61982,31.456545,32.50956,29.159592,22.945105,23.789322,18.823898,20.337507,15.300959,18.393158,12.8679495,15.950883,14.978342,12.165521,10.597125,8.698427,8.867493,8.333937,10.41545,12.567442,14.935113,20.231699,21.301243,25.18437,26.938313,28.762102,26.112885,28.271288,26.50791,24.149683,24.039467,20.059277,24.7069,19.442476,22.705284,25.822712,20.946486,19.063848,15.600246,13.319856,9.867557,8.788239,4.826817
33,24.441677,23.825401,20.480282,19.900852,20.580791,17.48172,17.021778,18.95051,16.633896,20.226118,19.861113,24.368834,25.216938,23.184896,25.090563,20.220474,22.49835,20.358294,22.461294,23.54234,24.799686,28.901041,26.98819,30.431269,29.952026,28.032055,23.155727,22.000998,16.756968,15.314695,12.251775,8.649923,6.1298847,0.0,5.4724736,5.7484984,9.432147,10.842368,8.676008,8.962047,5.828461,9.452055,6.1549273,10.7845545,14.835376,15.8248,21.879236,22.002718,25.323273,28.785015,27.840738,29.995543,26.251398,26.117437,21.690489,21.145218,21.434103,19.6441,23.973175,23.548475,20.35757,27.02753,25.890842,27.667522,30.973135,29.345318,33.500538,34.62206,36.197823,33.097637,27.239616,28.322,23.51535,25.53365,20.620102,24.18708,18.72992,21.87187,20.935278,18.226917,16.082836,13.961079,14.762408,13.529299,15.246126,16.675955,18.751371,23.383902,23.803707,27.567682,28.557116,30.846119,28.452242,30.011892,28.772102,26.935522,26.988321,23.588022,28.430761,23.52308,27.19406,30.11637,25.577106,23.680687,20.035118,17.225647,14.510301,11.93219,9.430489
34,29.44639,28.835623,25.330479,24.5303,24.734365,21.228085,20.40072,21.542059,18.332125,21.305553,19.88453,24.301117,24.369997,22.39904,25.013294,20.851978,23.927057,22.398186,25.268255,26.839323,28.478828,32.641518,31.341766,34.803062,34.14167,31.840542,27.074612,25.429277,20.10243,18.911242,14.904098,12.415479,5.543031,5.4724736,0.0,4.651836,5.9607954,8.841559,7.4458656,9.009308,9.56364,13.191288,11.156859,15.744149,19.636238,20.371872,26.515612,26.231987,29.78907,32.915947,32.094234,33.918842,30.25978,29.236845,25.079283,24.026024,23.738905,21.282572,25.072172,24.1567,21.328474,27.967068,27.625732,29.060495,33.222046,31.04433,35.02264,36.722084,37.64854,34.11922,28.02656,28.53473,23.636112,24.668829,19.690351,21.947285,16.50461,18.714594,17.519003,15.468789,12.628571,11.53985,13.498149,13.737737,15.8197975,18.08704,20.247427,25.625679,26.415365,30.314388,31.81574,33.65212,30.886723,32.594696,30.740433,28.632956,27.98283,24.161104,28.48536,22.792694,25.676102,27.982182,23.137049,21.82708,17.346636,16.479668,12.816694,11.996771,8.843376
35,27.80686,26.805813,22.810858,22.716253,22.6117,18.338531,18.732313,19.102251,16.801672,19.66669,18.531843,22.90391,23.598982,22.147938,24.489084,20.574337,23.163223,22.116497,24.348577,26.401493,27.328539,32.121555,30.644232,34.433617,34.37187,32.573708,27.438185,26.715286,20.674606,20.315697,15.821361,13.986739,8.763235,5.7484984,4.651836,0.0,4.1032777,5.3447413,5.5372987,8.470817,7.1917815,12.0373,10.464786,15.699241,18.953186,20.850882,26.64024,27.147636,30.432774,33.920982,33.296387,35.534733,31.913944,31.580116,27.270594,26.698473,26.604605,24.614094,28.76268,27.851454,24.74156,31.262123,30.29937,31.624355,35.29195,32.96798,36.883404,38.02071,38.99211,35.436718,29.726427,30.135685,25.43846,26.687475,21.898968,24.616343,19.373611,21.897238,21.272593,19.44124,17.008553,16.051418,17.340483,16.987734,18.323013,20.839499,22.014486,27.311337,27.456728,31.309965,32.36096,34.185467,31.358105,32.438046,30.696127,29.01673,28.105627,24.75857,29.001581,23.535507,26.663643,28.697758,24.311754,23.002687,18.538239,17.231615,14.37085,12.545836,10.764007
36,31.195337,30.182081,26.095903,25.825996,25.315151,20.815958,20.983889,20.644066,17.872599,20.082905,18.176674,22.301596,22.484844,21.285194,24.065416,20.91603,23.929058,23.492992,26.123487,28.608353,29.688398,34.59455,33.59134,37.44384,37.377003,35.410366,30.289663,29.44684,23.220781,23.254177,18.095047,17.136963,10.447649,9.432147,5.9607954,4.1032777,0.0,3.5264118,5.5378985,9.3476515,10.57417,14.887572,14.117388,19.316772,22.355312,24.252121,30.019144,30.407784,33.810097,37.1202,36.698227,38.81285,35.315014,34.48072,30.354967,29.634066,29.103962,26.869501,30.765976,29.431118,26.493685,32.823986,32.201992,33.20005,37.310093,34.52159,38.238277,39.630066,40.09566,36.23205,30.548096,30.475723,25.877632,26.420143,21.800928,23.611282,18.681332,20.528475,20.05639,18.932919,16.440903,16.396523,17.958387,18.351803,19.575634,22.68712,23.54404,29.26365,29.488361,33.389854,34.704983,36.154724,33.04923,34.072468,31.899778,30.14795,28.635519,25.170832,28.88637,23.000072,25.495192,26.886839,22.517305,21.729057,16.73675,16.947783,13.8353195,13.181596,11.612733
