,0,1,2,3,4,5,6,7,8,9,10,11,12,13,14,15,16,17,18,19,20,21,22,23,24,25,26,27,28,29,30,31,32,33,34,35,36,37,38,39,40,41,42,43,44,45,46,47,48,49,50,51,52,53,54,55,56,57,58,59,60,61,62,63,64,65,66,67,68,69,70,71,72,73,74,75,76,77,78,79,80,81,82,83,84,85,86,87,88,89,90,91,92,93,94,95,96,97,98,99,100,101,102,103,104,105,106,107,108,109,110
0,0.0,4.264375,6.771568,9.913603,12.417523,15.003558,18.118895,21.662918,24.969875,27.604244,32.048157,31.898203,34.333153,35.802746,35.440865,33.805904,36.17685,32.49518,36.622375,32.82351,34.767365,34.556328,36.83861,38.8777,39.680626,36.49388,32.231403,32.06235,28.914038,34.218666,29.236233,36.176933,35.88563,40.73921,40.03055,43.398876,45.73023,42.802982,42.354443,40.495487,37.171627,33.99835,30.345625,27.10358,31.5084,27.894484,29.469767,29.32222,26.673275,30.819944,32.310886,32.59965,34.444492,34.4138,34.72573,38.694515,36.649384,39.763546,40.44857,38.305847,35.4745,33.26184,29.763737,26.838062,24.989618,20.897125,19.448858,19.325392,13.565991,14.626239,19.644184,20.970572,24.606289,25.991386,29.147266,31.384068,34.507248,37.00415,36.492878,35.368294,35.384827,33.16571,29.269934,28.120983,24.917654,26.73642,22.174028,25.543936,23.23539,24.455307,25.751078,25.617125,29.903952,30.259735,30.576338,28.544912,23.79809,20.96347,25.451252,28.967611,32.01671,34.319473,34.171013,34.727913,32.067005,30.008629,33.576576,27.221325,29.330904,26.766771,27.403877
1,4.264375,0.0,5.1770773,6.7693706,8.764439,12.372266,14.443366,18.80675,21.572205,24.464102,28.730427,28.78906,30.94562,32.16947,31.65202,29.84093,32.062298,28.308508,32.37346,28.577816,30.537754,30.449652,32.786457,34.88194,35.793835,32.637577,28.418375,28.047441,24.756466,30.002321,24.984417,31.933544,31.83178,36.57108,36.009384,39.40486,41.753212,38.8744,38.263706,36.324924,33.165604,29.89999,26.237215,22.947697,27.516336,23.89278,25.68751,25.712229,23.464947,27.630062,28.904398,29.37859,30.899426,31.008694,30.970398,34.98356,32.755066,35.806778,36.633995,34.717396,31.843128,29.894783,26.14415,23.511395,21.574791,17.609444,16.492485,16.030685,10.264057,11.108117,15.658543,17.519958,20.901917,23.018871,25.668919,28.335382,31.364452,33.673454,33.206196,32.253464,31.99111,29.67143,25.600096,24.260794,20.884474,22.614931,17.917423,21.309095,19.16253,20.532467,22.06614,21.828945,26.246712,26.345823,27.072739,25.150484,20.547659,17.594229,21.929317,25.769796,28.967808,30.915253,30.54837,30.875648,28.126705,26.18942,29.772566,23.422678,25.860191,23.333954,24.441061
2,6.771568,5.1770773,0.0,5.2915244,6.9394283,8.64718,12.32226,15.079595,18.784552,21.043806,25.678553,25.81743,28.611515,30.024067,30.27128,28.485899,31.505728,27.955496,32.494038,29.428024,31.434963,32.112564,34.16576,36.80779,37.58012,34.15223,30.562601,29.418291,26.02723,30.536762,25.061512,31.724445,30.431364,35.713936,34.448467,37.80237,39.990215,36.980175,36.980408,35.533215,31.615837,29.195738,25.274378,23.018194,27.903505,24.907492,26.920448,27.57351,25.689991,29.12487,29.968473,29.802639,31.191113,30.410042,30.443726,34.072,31.661842,34.703434,34.929386,32.861965,29.819754,28.149921,24.947496,22.173653,21.733732,16.716608,16.929276,17.778368,12.42326,10.545443,14.899064,15.270829,18.76622,19.646309,22.860653,25.030327,27.931406,30.475235,29.923378,28.778646,29.054993,27.136194,23.205639,22.61777,19.668573,22.276182,18.393757,22.471262,21.309935,22.876162,25.136003,24.724218,29.291092,28.641396,29.98368,27.839865,23.388859,19.62297,23.032349,27.456194,30.85051,32.53825,32.094933,32.170067,29.03874,26.830399,29.379484,22.901186,24.621191,21.430557,22.075167
3,9.913603,6.7693706,5.2915244,0.0,3.8214068,6.2359357,8.735856,12.711338,15.323862,18.44432,22.49328,22.154655,24.4273,25.93927,25.688097,24.264986,27.050459,23.710955,28.394978,25.520357,27.93567,28.812874,31.42936,33.755016,35.146236,32.070427,28.28554,26.96395,23.0195,27.375317,21.52194,28.087158,26.858274,31.868317,30.906313,34.018814,36.61011,33.911392,33.689682,32.234768,28.607624,26.513296,22.257963,20.351995,25.864334,22.787477,25.36727,26.190117,25.094719,28.768322,29.293335,29.649477,30.344986,29.928137,29.089436,32.74199,29.702572,32.476875,32.904675,31.554853,28.271843,27.563963,23.918335,21.93119,21.44076,16.85826,17.735773,17.646807,12.724568,10.636344,12.895228,14.371033,16.770067,19.08014,20.927114,24.20529,26.374762,28.380045,27.446747,26.141289,25.780619,23.348022,19.747238,18.483677,15.775768,17.792967,14.529777,18.793018,18.076471,20.316008,22.335983,21.32235,25.710627,24.492538,25.753544,23.316563,18.983269,14.800591,17.848196,22.381714,25.828335,27.43013,27.037807,27.201138,24.071695,21.705988,24.337433,17.881344,19.685509,16.879509,17.737858
4,12.417523,8.764439,6.9394283,3.8214068,0.0,5.4002714,5.7305107,10.584924,12.877184,15.846014,20.009768,20.417229,22.64927,23.678669,23.66691,21.671328,24.581308,21.029379,25.661264,22.920422,25.106693,26.288311,28.533777,31.247795,32.377586,29.123072,25.777094,24.04065,20.228933,24.258627,18.441145,24.977598,23.692152,28.847599,27.765259,31.086048,33.4266,30.572506,30.355215,28.888088,25.151484,22.936834,18.758228,16.960873,22.455143,19.684557,22.314686,23.475996,22.700937,25.927109,26.180593,26.360525,26.891155,26.275812,25.383024,28.965473,25.948397,28.768137,29.168346,27.745272,24.491402,23.77544,20.131735,18.249298,18.133371,13.450765,15.014598,15.28812,11.141354,7.7102757,9.225594,10.622094,13.031212,15.673993,17.419415,20.752333,23.134249,25.175926,24.53686,23.607573,23.249516,21.045572,16.8834,15.891644,12.776937,15.38634,11.886079,16.313902,16.104782,18.179255,20.850842,20.02072,24.55938,23.099098,25.199919,23.157536,19.271582,15.20881,17.651365,22.65452,26.227077,27.206797,26.413635,26.06316,22.72062,20.633718,22.879177,16.429508,18.579842,15.396216,16.957266
5,15.003558,12.372266,8.64718,6.2359357,5.4002714,0.0,6.120132,6.834225,10.64225,12.961909,17.377338,17.219276,20.28244,21.936846,22.754774,21.356022,25.163906,22.253624,27.402958,25.68012,28.080061,29.958296,32.178852,35.0892,36.349308,33.09161,30.201946,27.93633,23.99185,27.107187,20.889912,26.699589,23.864567,29.45078,27.60015,30.57738,32.97369,30.197008,30.743351,29.979168,25.47657,24.708084,20.205175,19.981441,25.72051,23.60823,26.437132,28.017986,27.567968,30.304054,30.208576,29.943644,30.226084,28.840033,27.819391,30.85801,27.465738,30.062626,29.745152,28.480833,24.972973,25.057213,22.128714,20.413351,21.817926,16.56407,19.137966,20.178154,16.272852,11.884539,12.486094,12.001162,13.699489,14.715899,16.590239,19.589058,21.196985,23.2881,22.141243,20.580511,20.783308,18.868767,15.546634,15.397947,13.603596,16.755634,15.147537,19.879082,20.55574,22.891281,25.653833,24.493242,28.83113,26.706106,28.81466,26.338741,22.591278,17.917723,19.287828,24.37749,27.925186,28.917204,28.324942,28.024351,24.500443,21.973982,22.937714,16.678888,17.395613,13.617713,14.000546
6,18.118895,14.443366,12.32226,8.735856,5.7305107,6.120132,0.0,6.8142214,7.3920703,10.778821,14.502389,15.23603,17.278769,18.043411,18.348114,16.21646,19.63559,16.38587,21.39847,19.68184,22.031086,24.158937,26.359419,29.329681,30.699112,27.58696,24.95105,22.339006,18.28278,21.05423,14.7823925,20.6323,18.375347,23.750916,22.338776,25.534782,27.954563,25.214954,25.234026,24.152159,20.085571,18.915989,14.341902,14.193099,20.182741,18.252941,21.401293,23.266743,23.622868,26.13225,25.659674,25.77874,25.443756,24.469732,22.74897,25.878605,22.173182,24.651579,24.78145,24.002398,20.474936,21.075733,17.594406,16.733347,17.91224,13.588614,16.72756,17.13675,14.631826,10.139679,7.7835937,8.723798,9.046023,12.64786,12.767156,17.02079,18.517859,20.09115,19.223852,18.344793,17.6487,15.409408,11.17327,10.342129,7.677682,11.043357,9.5008745,14.234514,15.68992,18.118858,21.205574,19.973093,24.198227,21.680225,24.601727,22.606298,19.577314,15.300854,15.90786,21.37032,24.986841,25.171728,24.078466,23.21263,19.562265,17.489578,18.479292,12.2748785,14.143773,10.513043,12.760435
7,21.662918,18.80675,15.079595,12.711338,10.584924,6.834225,6.8142214,0.0,5.4084024,6.250865,10.961569,11.6360235,15.272309,16.626207,18.635098,17.066797,21.760094,19.458881,24.749447,24.389595,26.639835,29.522558,31.294178,34.66075,35.840984,32.604664,30.748377,27.574108,23.796108,25.318506,19.14511,23.648903,19.212704,25.166294,22.467113,25.255438,27.39369,24.620197,25.887236,25.866817,20.658587,21.484709,16.982635,18.803139,24.435234,23.488085,26.524551,28.829931,29.306416,31.044476,30.211676,29.552502,29.111774,26.97534,25.443676,27.69011,23.839203,26.03267,25.01731,24.195992,20.507828,21.925566,19.776272,18.939348,22.077805,17.095568,21.140703,22.709934,20.26286,14.826989,12.909774,10.907367,10.572299,10.707104,11.328025,14.490094,14.966793,16.824223,15.432838,13.794557,14.38825,13.173248,10.121876,11.516665,11.1405115,15.128978,15.582085,20.120644,22.217003,24.538141,27.844734,26.561861,30.617321,27.637688,30.668276,28.419712,25.55924,20.917967,20.57662,25.940311,29.441296,29.522503,28.576775,27.63432,23.880646,21.542297,20.657076,15.290675,15.064655,10.560575,11.100287
8,24.969875,21.572205,18.784552,15.323862,12.877184,10.64225,7.3920703,5.4084024,0.0,4.5794106,7.2314477,8.176535,10.712682,11.579609,13.327774,11.695925,16.484238,14.57376,19.945692,20.3078,22.741816,26.071115,28.06515,31.22755,32.83031,30.000975,28.39581,24.916737,20.96314,21.637877,15.434305,19.133387,14.3949585,20.134613,17.648033,20.253746,22.787554,20.347658,21.338133,21.394396,16.502207,18.027287,13.364416,16.263275,22.04376,21.461853,24.844393,27.364359,28.689835,30.289038,29.072687,28.87389,27.669413,25.95208,23.47601,25.540764,21.067572,22.795113,22.03792,22.226942,18.4388,21.103601,18.653316,18.969751,21.930086,18.046535,22.30242,23.134192,21.59703,16.614761,12.687966,11.920687,9.4857855,11.988506,9.673565,14.463647,13.781505,14.5022545,12.7422,11.329215,10.46125,8.416958,5.230785,6.2950363,7.2980247,10.8886175,13.209824,17.256313,20.25009,22.808384,25.986322,24.376982,27.962345,24.368824,27.766073,25.685888,23.619873,19.285162,17.722656,23.04989,26.424871,25.838188,24.649435,23.353428,19.584223,17.460318,15.769348,11.070451,10.846117,6.428655,8.527245
9,27.604244,24.464102,21.043806,18.44432,15.846014,12.961909,10.778821,6.250865,4.5794106,0.0,5.228837,8.023286,11.539421,12.000726,15.221926,13.36643,18.631668,17.114649,22.138666,23.142422,25.13007,28.816538,30.15473,33.769176,34.908226,31.866526,30.973818,27.135168,23.684238,23.58803,17.930147,20.713108,14.836643,20.87865,17.411945,19.953655,21.803492,19.110975,21.029713,21.76447,16.092243,18.670918,14.544432,18.30692,23.435316,23.595047,26.698278,29.514685,30.863703,31.759758,30.289186,29.470533,28.257277,25.70854,23.541407,24.933313,20.650833,22.244932,20.646303,20.587137,16.855532,19.883595,18.493008,18.827099,23.018152,18.943762,23.723537,25.357141,24.164963,18.602169,14.924726,12.556363,9.958266,9.964382,7.7449403,11.369426,9.932546,10.99708,9.239358,7.796896,8.504776,8.391265,5.893055,9.27013,10.630519,14.592412,16.860386,20.667562,23.829102,26.02344,29.576712,28.230688,31.849253,28.258093,31.999853,30.09983,28.133394,23.84331,22.223763,27.497854,30.8115,30.017593,28.726728,27.181118,23.435392,21.532495,19.039177,15.188958,14.373004,10.142021,11.276544
10,32.048157,28.730427,25.678553,22.49328,20.009768,17.377338,14.502389,10.961569,7.2314477,5.228837,0.0,5.130321,7.509394,7.400383,11.581463,10.435172,15.887591,15.599457,20.318707,22.557358,24.624178,28.786798,30.240667,33.595123,35.124046,32.5566,32.051487,27.972425,24.543278,23.3289,18.121603,19.246902,12.377115,17.85313,14.070959,15.805414,18.000883,15.951364,18.216768,19.641232,14.240152,18.480145,14.731565,19.66045,24.511925,25.172365,28.439537,31.408653,33.429253,34.115948,32.301636,31.762999,29.887356,27.54671,24.628836,25.471106,20.713465,21.517448,19.786274,20.951498,17.363777,21.772972,20.587112,21.868736,26.00902,22.76694,27.585482,28.76001,28.064285,22.849997,18.291052,16.675493,13.054584,14.024196,9.848247,13.76758,10.433228,9.572516,6.6133585,4.714282,3.430915,3.9291935,5.1478543,8.60144,11.820535,14.582878,18.57042,21.679913,25.482279,27.829391,31.129261,29.4816,32.529346,28.383518,32.236485,30.400013,29.172497,25.161404,22.42759,27.28401,30.286623,28.929193,27.570389,25.794891,22.256111,20.576452,16.686613,14.592755,12.913141,9.793119,10.967013
11,31.898203,28.78906,25.81743,22.154655,20.417229,17.219276,15.23603,11.6360235,8.176535,8.023286,5.130321,0.0,4.78933,7.4845934,10.821939,11.757596,16.830328,17.108715,22.111095,24.258154,26.889517,30.805002,32.99266,35.796932,37.91511,35.623676,34.46529,30.729296,26.795912,26.12414,20.489119,21.934206,15.60559,20.372467,17.259449,18.202797,21.17973,19.820742,21.747684,23.060652,18.335793,22.324873,18.217224,22.591768,27.980467,28.034601,31.539808,34.2387,36.125534,37.45718,35.88143,35.70473,33.912624,31.98215,28.948242,30.117737,25.218304,25.973568,24.568747,25.937025,22.313026,26.524086,24.875807,25.91189,29.427345,25.907305,30.360176,31.099977,29.665125,24.785772,20.646646,19.700634,16.582106,17.924301,14.449564,18.491013,15.33006,14.478236,11.135678,8.173836,6.5883117,4.703131,8.301763,9.75353,13.51345,15.297656,19.81368,23.144054,26.71783,29.531563,32.292316,30.216635,33.07729,28.75313,31.836552,29.449236,28.12031,23.851112,20.736214,25.189466,28.014004,27.055115,26.173853,24.971653,21.594257,19.35624,15.199259,13.357105,10.170838,7.660383,7.0633645
12,34.333153,30.94562,28.611515,24.4273,22.64927,20.28244,17.278769,15.272309,10.712682,11.539421,7.509394,4.78933,0.0,4.0679703,6.5762916,8.952928,13.336938,14.641158,19.198902,22.028057,24.788185,28.819729,31.285143,33.639805,36.20049,34.411285,33.334206,29.630411,25.689116,24.43542,19.266665,19.658854,13.710075,17.369926,14.941274,15.174032,18.811342,18.187922,19.561373,20.88192,17.152878,21.455385,17.67534,22.291126,27.460686,27.636148,31.252213,33.90901,36.302,37.661667,35.93467,36.216293,33.964355,32.57981,28.954218,30.042774,24.888346,25.16588,24.216063,26.413857,22.962444,27.705088,25.768398,27.420727,30.412872,27.683388,31.960566,32.09453,31.129038,26.778038,21.950977,21.905855,18.236471,20.852472,16.37582,21.018028,17.643831,15.95059,12.754626,10.665481,7.2917347,4.1611786,9.172687,9.214888,13.653196,14.012704,19.603231,22.156126,26.07433,28.979454,31.366451,29.05263,31.325624,26.648695,29.722408,27.49964,26.931425,23.187328,19.19791,23.115974,25.60425,24.073479,23.090559,21.709314,18.631817,16.714617,11.549695,11.656124,8.231541,7.8827624,8.423509
13,35.802746,32.16947,30.024067,25.93927,23.678669,21.936846,18.043411,16.626207,11.579609,12.000726,7.400383,7.4845934,4.0679703,0.0,5.059989,6.113103,10.625612,12.274366,16.314634,19.786705,22.17232,26.52009,28.569775,31.099272,33.467834,31.770243,31.261387,27.300562,23.747427,21.654346,17.136114,16.450544,10.090614,13.553189,10.912503,11.18613,14.817178,14.247213,15.544298,17.067177,13.525602,18.380213,15.139785,20.336544,24.941769,25.660276,29.156792,31.989569,34.764133,35.6584,33.66891,33.94643,31.363222,30.008312,26.114126,26.875885,21.674437,21.61654,20.720839,23.368158,20.124102,25.305275,23.553993,25.725391,28.827164,26.736195,31.135252,31.259802,31.034863,26.727743,21.329926,21.325668,17.13191,20.142706,14.880919,19.584911,16.075758,13.836169,11.12423,10.222034,6.04916,3.698885,8.155956,8.507678,12.923318,13.18198,18.961937,20.90315,25.189222,27.789576,30.378954,28.265959,30.364347,25.630451,29.320635,27.627472,27.508032,24.20791,20.15829,24.121277,26.574196,24.450714,23.016703,21.039377,18.003292,16.778156,11.389955,12.274106,10.215433,9.909726,11.760368
14,35.440865,31.65202,30.27128,25.688097,23.66691,22.754774,18.348114,18.635098,13.327774,15.221926,11.581463,10.821939,6.5762916,5.059989,0.0,4.8962045,7.2050104,9.602808,13.410569,16.783815,19.611004,23.63399,26.387386,28.195238,31.20014,30.003412,28.990498,25.437914,21.619953,19.801739,15.444793,14.733022,10.506196,12.47412,11.835835,11.939004,16.268879,16.199038,16.054268,16.66959,14.712748,18.322544,15.1271,19.467505,24.154879,24.37722,28.009201,30.515366,33.488277,34.87137,33.038322,33.975662,31.258236,30.784416,26.54674,27.792107,22.548496,22.449944,22.50836,25.40895,22.277761,27.104193,24.593214,26.896585,28.893736,27.372904,31.21587,30.529375,30.372473,26.886635,21.336922,22.557005,18.506289,22.845444,17.617788,22.92655,20.142647,18.085917,15.794296,15.089122,10.951695,7.758843,10.439534,8.476277,12.509514,10.903205,17.250784,18.506775,22.742472,25.553673,27.516052,25.09435,26.661312,21.725193,25.089548,23.43073,23.875366,21.119045,16.513838,19.91288,22.10618,19.653368,18.172468,16.198128,13.409071,12.39684,6.566222,9.3129425,7.9742665,9.685125,12.238609
15,33.805904,29.84093,28.485899,24.264986,21.671328,21.356022,16.21646,17.066797,11.695925,13.36643,10.435172,11.757596,8.952928,6.113103,4.8962045,0.0,5.4577093,6.1938233,10.481011,13.69414,16.08365,20.40814,22.563177,25.009342,27.459019,25.890802,25.297716,21.404657,17.879446,15.714011,11.356899,10.721427,6.019878,9.486487,8.553422,10.312867,14.015446,13.019302,12.531852,12.698421,10.24219,13.493824,10.325634,15.110298,19.563046,20.162722,23.68799,26.41329,29.482073,30.451246,28.474813,29.245344,26.479712,25.906733,21.664331,22.948975,17.714735,17.820076,18.050714,20.764534,17.658226,22.366419,19.828491,22.351572,24.469528,23.313026,27.28216,26.802753,27.255539,23.653198,17.732323,18.86675,14.539746,19.304428,13.799858,19.218475,17.042757,15.218125,13.756427,14.013626,10.132202,7.5874915,7.655067,5.9646854,9.302978,8.455708,14.316312,15.395439,19.898073,22.306957,24.84717,22.867216,24.815695,20.15103,24.388323,23.276613,23.541256,20.915709,17.1008,21.183775,23.737766,21.211231,19.244171,16.72082,13.5477915,13.088059,8.97325,9.594955,10.208304,10.241155,13.820128
16,36.17685,32.062298,31.505728,27.050459,24.581308,25.163906,19.63559,21.760094,16.484238,18.631668,15.887591,16.830328,13.336938,10.625612,7.2050104,5.4577093,0.0,4.49503,6.297442,10.542934,12.981735,17.17214,19.767149,21.3649,24.454767,23.708515,23.12914,19.592836,16.335697,13.528032,10.803865,8.350892,7.833653,7.408753,9.578207,10.627092,14.504846,14.4084015,12.220146,11.381936,11.828679,13.731055,11.805449,15.475501,19.043676,19.59223,22.994707,25.407566,28.99725,30.060942,28.059729,29.542099,26.386227,26.824516,22.135553,23.517685,18.515228,18.136309,19.43386,22.702564,20.14636,24.61491,21.68949,24.617933,25.61634,25.585684,28.922037,27.62183,28.668358,26.049784,20.004944,22.181131,18.044458,23.602734,18.141909,23.516996,21.730658,19.741587,18.704994,19.293686,15.324653,12.86659,12.805912,10.249195,12.274628,9.451035,15.064898,14.499093,19.00491,21.24833,23.092234,20.987907,21.97091,17.106543,21.437632,20.946829,22.302645,20.800135,16.631433,19.714504,21.742603,18.436447,16.077234,12.993787,10.564087,11.440424,8.058332,10.94469,12.6737585,14.125069,17.818764
17,32.49518,28.308508,27.955496,23.710955,21.029379,22.253624,16.38587,19.458881,14.57376,17.114649,15.599457,17.108715,14.641158,12.274366,9.602808,6.1938233,4.49503,0.0,5.513308,7.5136347,10.192251,14.287787,16.892859,19.002262,21.74415,20.453365,19.485302,15.883934,12.278346,10.377839,6.429811,6.5160265,7.5038433,9.084191,10.823408,13.301372,16.458015,15.312743,12.958202,11.1297865,10.945234,10.824793,8.281846,11.128019,15.223408,15.351308,18.885998,21.294641,24.68558,25.934528,24.100521,25.62596,22.751131,23.361004,18.88516,20.928942,16.06876,16.446169,18.119421,20.600504,17.913292,21.540344,18.084623,20.769651,21.314877,21.369925,24.505726,23.127783,24.303608,21.860785,15.80652,18.420193,14.590573,20.731262,15.775938,21.285172,20.489435,19.212004,18.622152,19.367083,15.868574,13.340569,11.373444,8.449163,8.882238,6.087054,10.8668585,10.279971,14.900355,17.06351,19.32308,17.467943,19.1062,14.577889,19.41255,19.081083,19.874384,18.303907,15.060001,18.867008,21.366556,18.537815,16.051172,13.028197,9.985685,10.756838,9.569438,9.6868305,12.783766,13.251993,17.447798
18,36.622375,32.37346,32.494038,28.394978,25.661264,27.402958,21.39847,24.749447,19.945692,22.138666,20.318707,22.111095,19.198902,16.314634,13.410569,10.481011,6.297442,5.513308,0.0,5.7681394,7.126309,11.490803,13.729016,15.27443,18.287489,17.90812,17.80744,14.353838,12.008645,8.127585,8.292301,4.129015,9.5961685,7.5147643,11.509038,13.471361,16.025537,15.555736,11.827565,9.023627,11.940199,10.923127,10.793766,12.7780905,14.712972,15.53788,18.498701,20.727179,24.815332,25.533882,23.445475,25.458885,22.020613,23.446732,18.58009,20.235613,15.89711,15.489278,18.07962,21.189129,19.330292,22.894905,19.636671,22.892794,22.774696,24.174477,26.839567,25.032536,27.187836,25.473965,19.461927,22.319376,18.575047,24.709787,19.648012,24.661186,23.959122,22.346598,22.270456,23.574799,20.023518,18.002,16.337498,13.87992,13.961787,11.08423,14.46762,12.082944,16.356817,17.735931,19.507034,17.992107,18.503836,14.23265,19.446062,20.177427,22.036829,21.631542,18.469646,21.250439,23.150988,19.622837,16.770544,13.187313,11.456011,13.606002,12.918307,14.577896,17.693521,18.670753,22.784767
19,32.82351,28.577816,29.428024,25.520357,22.920422,25.68012,19.68184,24.389595,20.3078,23.142422,22.557358,24.258154,22.028057,19.786705,16.783815,13.69414,10.542934,7.5136347,5.7681394,0.0,3.7972467,6.859533,10.389519,11.725825,14.9574585,14.301992,12.790988,9.979873,6.914135,5.8681765,6.032816,7.0602036,13.258033,12.891578,16.18377,18.80577,21.125744,19.968529,16.360647,12.915606,15.095928,11.39274,10.921224,9.831112,11.904075,11.276489,14.309903,15.979134,19.869871,21.372553,19.806194,22.430054,19.518059,21.844925,17.47666,20.262512,16.602095,17.19822,20.302343,22.286827,20.423185,22.46964,18.365948,21.008108,19.376846,21.25122,22.992887,20.446522,22.764181,22.088861,16.645834,20.526674,17.74445,24.419111,20.392212,25.409729,25.840034,25.018005,25.135614,26.269548,23.075418,20.691357,17.83425,14.876834,13.2737465,10.2072525,11.062831,7.3499856,11.0380535,12.195371,13.763948,12.459649,13.257875,9.558303,15.27678,16.51172,18.10735,18.330103,16.43117,19.258623,21.371199,18.425156,15.550583,12.347591,10.607107,12.855326,14.762538,14.51066,18.736963,19.364384,23.639917
20,34.767365,30.537754,31.434963,27.93567,25.106693,28.080061,22.031086,26.639835,22.741816,25.13007,24.624178,26.889517,24.788185,22.17232,19.611004,16.08365,12.981735,10.192251,7.126309,3.7972467,0.0,4.8900127,6.919993,9.030908,11.621715,11.069265,10.799534,7.6037188,6.542522,3.2482607,7.5065045,6.9671836,14.2560215,13.276008,16.756622,19.552834,21.12542,19.864191,15.87773,11.9635935,15.078001,10.370128,11.494909,9.966999,9.853333,10.159923,12.469393,14.223978,18.606363,19.30905,17.450033,20.216494,16.96081,19.748035,15.319472,17.939615,14.937092,15.356486,18.980354,20.905151,19.639801,21.296679,17.444092,20.401798,18.521915,21.36001,22.898493,20.44896,23.64637,23.172478,17.850788,21.462553,18.782856,25.201685,21.290964,25.775038,26.527191,25.732407,26.360044,27.952961,24.96894,23.057432,19.915377,17.529264,15.694722,13.394601,13.44752,9.461775,12.530574,12.590478,14.423279,13.958218,14.491032,11.813656,17.605007,19.43859,21.110575,21.61966,20.112303,22.842915,24.835752,21.81254,18.888762,15.627596,14.2707815,16.642239,18.2561,18.077467,22.206797,22.520298,26.849783
21,34.556328,30.449652,32.112564,28.812874,26.288311,29.958296,24.158937,29.522558,26.071115,28.816538,28.786798,30.805002,28.819729,26.52009,23.63399,20.40814,17.17214,14.287787,11.490803,6.859533,4.8900127,0.0,5.2983565,5.319754,8.780517,9.085735,7.268881,6.3568316,6.516951,7.037192,10.898112,11.856936,19.04075,18.053747,21.645193,24.374224,25.941973,24.691868,20.648003,16.649933,19.797527,14.40261,15.461802,12.191019,11.227035,10.200815,11.648656,12.17228,16.45435,17.800793,16.569626,20.143148,17.402088,21.237495,17.489079,20.58025,18.478104,19.20218,23.062542,24.441841,23.40828,24.03398,19.893944,22.301239,18.979826,22.48115,22.89679,19.61949,23.097382,23.892519,19.445425,23.664764,21.77915,28.274954,25.044052,29.389496,30.676725,30.189642,30.853737,32.321415,29.411064,27.266642,23.886768,21.202595,18.798214,16.295954,14.890251,10.223646,11.464561,10.660136,11.341589,11.489468,11.197171,10.107463,15.488393,18.161156,20.068985,21.587473,20.975489,23.039253,24.759151,22.048258,19.242104,16.44089,15.78627,18.338076,21.27683,20.722261,25.230543,25.687178,29.959265
22,36.83861,32.786457,34.16576,31.42936,28.533777,32.178852,26.359419,31.294178,28.06515,30.15473,30.240667,32.99266,31.285143,28.569775,26.387386,22.563177,19.767149,16.892859,13.729016,10.389519,6.919993,5.2983565,0.0,5.2295313,4.9326487,4.661184,6.7947125,4.987516,8.480333,6.9963284,12.767544,12.637023,19.796526,18.71514,21.98108,24.971313,25.604607,24.08603,20.01254,15.90205,19.39126,13.339495,15.874501,12.719218,9.070238,9.784267,9.798478,10.689887,15.453958,15.114281,13.290996,16.765429,13.577636,17.827383,14.296284,17.00664,16.043358,16.649656,20.82477,21.886536,21.631796,21.678831,18.13727,20.841602,17.646997,22.1241,22.545084,19.887316,24.336658,24.902996,20.575613,24.084082,22.273746,28.176863,25.157375,28.699102,30.35801,29.970001,31.247023,33.241688,30.692225,29.172472,25.44801,23.527945,20.995884,19.451742,17.747347,13.536527,14.767583,13.008709,14.640941,15.678161,15.830554,15.327053,20.644875,23.345192,24.918716,26.109581,25.660046,28.132727,29.981241,27.220957,24.36687,21.38553,20.496548,22.923159,25.112562,24.43831,28.765665,28.680277,33.02642
23,38.8777,34.88194,36.80779,33.755016,31.247795,35.0892,29.329681,34.66075,31.22755,33.769176,33.595123,35.796932,33.639805,31.099272,28.195238,25.009342,21.3649,19.002262,15.27443,11.725825,9.030908,5.319754,5.2295313,0.0,5.273099,8.172779,8.130648,8.916951,11.2302885,10.725012,15.873229,15.514425,23.068968,21.140348,25.102098,27.564377,28.634901,27.662722,23.304134,19.234858,23.32024,17.85794,19.882778,16.695484,14.037407,13.722836,13.826191,13.6477165,17.984959,18.55353,17.359182,21.260805,18.427977,22.949602,19.525675,22.134089,21.011938,21.313911,25.499712,26.941254,26.568014,26.855654,23.15346,25.676756,21.973425,26.303827,26.227829,22.868212,26.9381,28.244484,24.144846,28.185976,26.416624,32.656555,29.477581,33.418198,34.805496,34.208874,35.15096,36.89351,33.987213,32.06222,28.789244,26.291208,23.984293,21.547884,20.101692,15.4334545,16.013956,14.458505,14.395393,15.196945,13.778933,13.925615,18.451433,21.781683,24.162634,26.29054,25.795317,27.262135,28.550669,25.67077,22.899366,20.165941,20.204748,23.050535,25.891968,25.882345,30.309572,30.909721,35.18861
24,39.680626,35.793835,37.58012,35.146236,32.377586,36.349308,30.699112,35.840984,32.83031,34.908226,35.124046,37.91511,36.20049,33.467834,31.20014,27.459019,24.454767,21.74415,18.287489,14.9574585,11.621715,8.780517,4.9326487,5.273099,0.0,4.502073,7.629894,8.457969,12.60931,11.907183,17.609604,17.37134,24.582556,23.11458,26.52822,29.37169,29.712479,28.318449,24.157263,20.093094,23.919289,17.815649,20.637466,17.108023,12.707739,13.206116,11.949494,11.662418,16.002357,15.195763,13.80735,17.6604,14.907644,19.861437,17.153748,19.583275,19.704035,20.189388,24.458109,25.238926,25.488434,24.854242,21.624676,24.043798,20.155039,25.26893,24.905947,22.012768,26.864605,28.199385,24.52249,28.049839,26.653543,32.31549,29.661936,32.836014,34.780445,34.482906,35.94377,38.047222,35.567516,34.102013,30.324957,28.417854,25.743359,24.18191,22.013536,17.700584,18.00539,15.616528,16.435926,18.073898,17.519989,18.193972,22.842396,26.066412,27.845041,29.629026,29.587257,31.600746,33.17632,30.489712,27.711216,24.92714,24.513641,27.101292,29.659456,29.067562,33.492226,33.480743,37.81506
25,36.49388,32.637577,34.15223,32.070427,29.123072,33.09161,27.58696,32.604664,30.000975,31.866526,32.5566,35.623676,34.411285,31.770243,30.003412,25.890802,23.708515,20.453365,17.90812,14.301992,11.069265,9.085735,4.661184,8.172779,4.502073,0.0,5.925439,5.499595,10.336789,10.297124,15.400296,16.235031,22.770311,22.385733,25.083324,28.399374,28.607445,26.66766,22.92702,18.933378,21.762316,15.107959,17.854414,13.845092,8.847224,9.523739,7.727233,7.971294,12.523191,11.219701,9.522273,13.334058,10.666313,15.692227,13.320307,16.282461,16.639313,17.752634,21.839994,21.93362,22.119219,20.84653,17.527485,19.716393,15.756115,21.029995,20.730326,18.242344,23.349485,24.391737,20.916822,24.154676,23.079954,28.445538,26.27391,29.127136,31.511053,31.585123,33.22838,35.370586,33.247223,31.964954,27.72114,26.169886,23.124334,22.297266,19.49958,15.689234,15.984865,13.330863,15.297055,17.202585,17.85864,18.356867,23.36158,26.118097,27.147436,28.307098,28.601965,31.309185,33.31994,30.934996,28.184025,25.413713,24.34291,26.501827,28.94521,27.532888,31.947899,31.366535,35.672348
26,32.231403,28.418375,30.562601,28.28554,25.777094,30.201946,24.95105,30.748377,28.39581,30.973818,32.051487,34.46529,33.334206,31.261387,28.990498,25.297716,23.12914,19.485302,17.80744,12.790988,10.799534,7.268881,6.7947125,8.130648,7.629894,5.925439,0.0,4.765524,7.687509,11.014497,14.215362,17.047676,23.47284,23.689924,26.455973,29.787462,30.831652,28.88062,25.248348,21.235254,23.400892,16.763132,17.995018,12.817659,10.23575,8.01537,7.221559,5.8973556,9.923629,11.521923,11.214814,15.418767,13.877686,18.614471,16.410246,20.191616,19.57913,21.173306,25.002083,24.971811,24.335405,23.005936,18.798607,20.224195,15.232336,19.803926,18.774609,15.152685,19.626976,21.639479,18.71833,22.90515,22.35283,28.260391,26.442858,29.947369,32.423687,32.72257,33.860466,35.451206,33.181675,31.282732,26.963734,24.746769,21.31256,20.009062,16.30851,12.2711115,11.234166,8.297171,9.490312,11.710684,12.587715,13.957639,18.43468,21.2012,21.960098,23.535198,24.516516,26.944475,28.948656,27.093466,24.579203,22.332193,21.34836,23.299913,26.857954,24.838379,29.56377,29.179697,33.368874
27,32.06235,28.047441,29.418291,26.96395,24.04065,27.93633,22.339006,27.574108,24.916737,27.135168,27.972425,30.729296,29.630411,27.300562,25.437914,21.404657,19.592836,15.883934,14.353838,9.979873,7.6037188,6.3568316,4.987516,8.916951,8.457969,5.499595,4.765524,0.0,4.883453,6.7665267,10.379291,12.876742,19.03139,19.53236,21.96868,25.461151,26.327217,24.219238,20.729294,16.790358,18.701433,12.006599,13.557913,8.928565,5.903545,4.9423666,5.423889,6.7536225,11.392967,11.849736,10.375021,13.82669,11.370561,15.415581,12.394549,16.11934,14.9644375,16.563354,20.327646,20.507854,19.76703,19.023958,14.866812,16.934896,13.137955,17.456442,17.672852,14.960183,19.396301,20.027937,16.07739,19.799616,18.601906,24.520126,22.222672,25.744722,27.975426,28.130922,29.374722,31.14889,28.931173,27.311499,22.978628,21.125864,17.90231,17.003662,14.014784,10.237975,10.959058,8.864965,11.650885,13.014112,14.588368,14.298993,19.63655,21.828976,22.458302,23.146473,23.406204,26.496794,28.787838,26.619215,23.9357,21.26533,19.722216,21.548622,24.167162,22.241285,26.729593,26.084661,30.363647
28,28.914038,24.756466,26.02723,23.0195,20.228933,23.99185,18.28278,23.796108,20.96314,23.684238,24.543278,26.795912,25.689116,23.747427,21.619953,17.879446,16.335697,12.278346,12.008645,6.914135,6.542522,6.516951,8.480333,11.2302885,12.60931,10.336789,7.687509,4.883453,0.0,6.3504343,6.695087,11.208244,16.656599,17.886295,20.122398,23.569736,25.175213,23.100405,19.90938,16.244678,17.285088,11.331499,11.119993,6.2915497,7.4757166,4.8520417,7.905282,9.369883,13.00284,14.857801,13.762505,16.654018,14.559266,17.509787,14.184585,18.046606,15.5877285,17.345285,20.605711,21.039879,19.432846,19.446411,14.799933,16.617485,13.395954,16.168312,16.92548,14.038116,17.259022,17.461645,12.9813795,17.303059,15.888685,22.373075,19.84957,24.135012,26.00407,26.139637,26.84668,28.149696,25.741943,23.665436,19.435741,17.065159,13.763546,12.441998,9.407045,5.372635,7.054301,6.487926,9.648191,9.934365,12.326188,10.962937,16.451885,17.977049,18.290384,18.531776,18.630651,22.018972,24.536482,22.57378,19.996,17.497059,15.520236,16.997108,19.90704,17.538858,22.139183,21.605465,25.849407
29,34.218666,30.002321,30.536762,27.375317,24.258627,27.107187,21.05423,25.318506,21.637877,23.58803,23.3289,26.12414,24.43542,21.654346,19.801739,15.714011,13.528032,10.377839,8.127585,5.8681765,3.2482607,7.037192,6.9963284,10.725012,11.907183,10.297124,11.014497,6.7665267,6.3504343,0.0,6.536776,6.1630363,12.934243,12.776698,15.533335,18.807486,19.879454,18.12633,14.38322,10.427811,12.984224,7.447988,9.307957,7.9554825,7.1143303,8.524773,10.7773485,13.183442,17.572834,17.607576,15.41202,17.707432,14.2901325,16.674143,12.134399,14.772257,11.792657,12.485494,16.140554,17.76602,16.615744,18.110273,14.407359,17.58074,16.202045,19.152218,21.049498,19.178291,22.679935,21.708189,16.275043,19.37408,16.647106,22.77697,18.9861,23.10415,24.12863,23.51442,24.496218,26.363844,23.711885,22.210348,18.628395,16.849669,14.784932,13.471122,13.168773,9.823248,13.070721,12.820873,15.566479,15.487812,16.759789,14.320829,20.169827,21.75235,22.86957,22.845789,21.551443,24.853182,27.127224,24.288712,21.418125,18.181826,16.34458,18.2988,19.385824,18.636902,22.605873,22.305494,26.654858
30,29.236233,24.984417,25.061512,21.52194,18.441145,20.889912,14.7823925,19.14511,15.434305,17.930147,18.121603,20.489119,19.266665,17.136114,15.444793,11.356899,10.803865,6.429811,8.292301,6.032816,7.5065045,10.898112,12.767544,15.873229,17.609604,15.400296,14.215362,10.379291,6.695087,6.536776,0.0,7.029508,10.368754,12.807945,14.205633,17.731071,19.736326,17.599705,15.0267935,12.112968,11.755787,7.7342305,5.5282917,4.905329,9.3812475,8.990722,12.604533,15.108755,18.38297,19.590004,17.907417,19.55369,17.027555,18.126125,14.058321,17.1109,13.019067,14.4962,16.866459,18.040955,15.626788,17.50499,13.275768,15.695425,15.176696,16.058521,18.688307,17.15954,19.18441,17.277958,11.339802,14.672903,11.725103,18.398394,14.642042,19.635769,20.50485,20.220945,20.546938,21.740929,19.123535,17.086588,13.108775,10.858745,8.34626,7.315744,7.4506297,5.957757,10.405354,11.737591,14.967852,14.039635,16.58364,13.303602,18.760252,19.096836,19.199478,17.971754,16.603977,20.817547,23.629929,21.395239,18.84405,16.04841,13.1263275,13.982567,15.03511,12.818184,16.843252,16.079374,20.41894
31,36.176933,31.933544,31.724445,28.087158,24.977598,26.699589,20.6323,23.648903,19.133387,20.713108,19.246902,21.934206,19.658854,16.450544,14.733022,10.721427,8.350892,6.5160265,4.129015,7.0602036,6.9671836,11.856936,12.637023,15.514425,17.37134,16.235031,17.047676,12.876742,11.208244,6.1630363,7.029508,0.0,7.646929,6.7470856,9.790648,12.764069,14.368396,13.091521,9.337604,5.9525833,8.707672,6.962217,7.8869185,10.562612,11.805103,13.598802,16.344393,19.04912,23.171818,23.169212,20.774956,22.308907,18.73035,19.694542,14.754654,16.184067,11.776308,11.438093,14.145465,17.120386,15.4423485,19.000826,16.049927,19.59868,20.047514,21.651417,24.638056,23.404596,26.019413,23.875866,17.762869,20.023642,16.174433,21.981817,16.963566,21.520882,21.16756,19.737986,20.259571,22.078213,18.9831,17.619596,15.16186,13.612583,13.221589,11.7217045,14.268009,12.22941,16.57428,17.443539,20.06359,19.111637,20.283676,16.540298,22.126379,22.924461,24.202944,23.415749,20.806631,24.234465,26.461954,23.231361,20.415365,16.93833,14.7903805,16.493053,15.584835,16.134615,19.184523,19.21651,23.414303
32,35.88563,31.83178,30.431364,26.858274,23.692152,23.864567,18.375347,19.212704,14.3949585,14.836643,12.377115,15.60559,13.710075,10.090614,10.506196,6.019878,7.833653,7.5038433,9.5961685,13.258033,14.2560215,19.04075,19.796526,23.068968,24.582556,22.770311,23.47284,19.03139,16.656599,12.934243,10.368754,7.646929,0.0,6.2219477,4.2491493,8.069186,10.133619,8.145746,7.236429,7.4845138,4.330402,8.86424,7.4255404,13.264794,16.174776,18.064665,21.087105,24.206894,27.64854,27.540516,25.104733,25.493338,22.326,21.412382,16.962584,17.536558,12.303768,11.967894,12.201642,15.396508,12.754761,17.978458,16.09859,19.366734,22.021723,21.779205,25.96206,25.920176,27.499092,23.79347,17.608067,18.152187,13.510077,17.956165,12.047447,16.685514,14.867833,12.843542,12.858104,14.675463,11.591326,11.008723,9.420362,9.580484,11.160671,11.472347,15.665962,15.943302,20.553686,22.088078,25.24027,23.95842,25.933893,21.739328,26.82942,26.52959,26.960705,24.779924,21.653679,25.824554,28.386183,25.561579,23.19159,20.136284,17.22272,17.596186,14.410765,14.677526,16.021305,15.207013,18.869356
33,40.73921,36.57108,35.713936,31.868317,28.847599,29.45078,23.750916,25.166294,20.134613,20.87865,17.85313,20.372467,17.369926,13.553189,12.47412,9.486487,7.408753,9.084191,7.5147643,12.891578,13.276008,18.053747,18.71514,21.140348,23.11458,22.385733,23.689924,19.53236,17.886295,12.776698,12.807945,6.7470856,6.2219477,0.0,5.1008563,6.4278393,8.550396,8.772589,5.337073,5.2126565,7.8805113,11.226772,11.798142,16.44719,17.897833,20.13266,22.824366,25.683182,29.769657,29.43581,26.815634,27.81023,24.06063,24.063486,19.142689,19.208466,14.516404,12.9229145,14.173022,18.425108,16.793217,21.95597,20.158154,23.884586,25.668175,26.537292,30.201227,29.50093,31.667807,28.732586,22.467142,23.728403,19.246208,23.968956,18.121914,22.378757,20.410862,17.892183,17.970741,19.850319,16.42057,15.727721,15.304811,14.589345,16.153286,14.879788,19.2459,18.107653,22.682732,23.95847,26.423779,25.084776,25.963724,21.661882,26.748354,27.058025,28.567947,27.313137,23.66554,26.83713,28.784441,25.215532,22.622757,19.177673,17.23992,18.614225,15.346829,17.718672,19.213099,19.670658,23.297588
34,40.03055,36.009384,34.448467,30.906313,27.765259,27.60015,22.338776,22.467113,17.648033,17.411945,14.070959,17.259449,14.941274,10.912503,11.835835,8.553422,9.578207,10.823408,11.509038,16.18377,16.756622,21.645193,21.98108,25.102098,26.52822,25.083324,26.455973,21.96868,20.122398,15.533335,14.205633,9.790648,4.2491493,5.1008563,0.0,4.2938914,5.9377174,4.8529468,4.641096,7.0835834,5.2640414,11.435511,11.270167,17.078413,19.091642,21.534506,24.276697,27.451426,31.134567,30.563845,27.888304,28.123886,24.659813,23.527542,19.01829,18.633158,13.690772,12.307271,11.963826,16.098192,14.071892,19.953125,18.908707,22.444183,25.476263,25.471123,29.757374,29.859398,31.649477,27.854326,21.712433,21.861465,17.171524,20.770369,14.739677,18.545235,15.870406,13.032616,13.133896,15.309073,12.266491,12.580851,12.459292,13.1435995,15.285493,15.402282,19.868328,19.859287,24.494658,25.891134,28.917255,27.640158,29.222366,24.922407,29.983694,29.806839,30.613537,28.566132,25.046368,28.854548,31.145248,27.997732,25.62965,22.457142,19.939594,20.529715,16.51811,17.983797,18.64488,18.206911,21.445404
35,43.398876,39.40486,37.80237,34.018814,31.086048,30.57738,25.534782,25.255438,20.253746,19.953655,15.805414,18.202797,15.174032,11.18613,11.939004,10.312867,10.627092,13.301372,13.471361,18.80577,19.552834,24.374224,24.971313,27.564377,29.37169,28.399374,29.787462,25.461151,23.569736,18.807486,17.731071,12.764069,8.069186,6.4278393,4.2938914,0.0,4.5876675,6.454316,6.8316536,9.889266,9.482017,15.527915,15.379257,21.052153,23.04044,25.412275,28.18378,31.257298,35.07608,34.57986,31.880442,32.24396,28.653505,27.623253,23.064848,22.380388,17.651342,15.834875,15.316594,19.769121,17.986095,24.041603,23.187342,26.717035,29.727968,29.666622,33.947033,33.909008,35.53361,31.761866,25.619858,25.813341,21.098207,24.434677,18.372423,22.008049,18.62774,15.312858,14.831856,16.610144,13.329154,13.742659,15.189362,15.693156,18.529533,18.092432,23.20955,23.10196,27.77985,29.366655,32.042152,30.510462,31.672388,27.111927,31.84583,31.559887,32.736115,30.770744,26.697752,30.007637,31.95954,28.576632,26.352547,23.257187,21.14545,21.778896,16.935688,19.695436,19.622885,19.880215,22.658926
