,0,1,2,3,4,5,6,7,8,9,10,11,12,13,14,15,16,17,18,19,20,21,22,23,24,25,26,27,28,29,30,31,32,33,34,35,36,37,38,39,40,41,42,43,44,45,46,47,48,49,50,51,52,53,54,55,56,57,58,59,60,61,62,63,64,65,66,67,68,69,70,71,72,73,74,75,76,77,78,79,80,81,82,83,84,85,86,87,88,89,90,91,92,93,94,95,96,97,98,99,100,101,102,103,104,105,106,107,108
0,0.0,4.334865,6.448026,9.468313,11.923414,14.734982,17.243412,21.886679,24.364363,27.362358,31.072104,31.305523,27.948252,26.989685,22.164688,22.192513,17.171959,17.64362,14.602459,13.963756,14.891759,14.253866,18.293451,15.065876,20.324245,22.595129,20.896732,20.56587,19.171392,20.092228,21.315794,18.716436,24.917685,20.970867,26.220972,25.855015,28.99218,29.9264,25.850811,22.76599,27.427387,24.60353,25.091047,24.958746,25.142452,24.266493,26.00158,28.342997,31.876253,33.810863,32.495842,35.280254,32.43563,35.851734,32.036896,34.886276,31.326857,31.784277,34.162357,36.57303,33.541683,36.592262,32.501522,34.88225,32.68296,34.489986,34.059586,31.07427,29.45268,31.399084,27.919493,32.717297,30.782564,37.555202,33.798935,38.72855,38.052372,36.28293,37.778835,39.375664,35.525684,32.95872,30.955427,27.00724,25.704142,21.60066,22.461113,17.297462,17.77634,18.12601,15.302245,11.732831,11.981292,15.756898,17.22004,20.672157,23.312895,27.386412,28.549145,31.113956,35.525475,38.16836,38.230686,35.22066,36.65812,30.97111,32.243263,28.012932,29.267591
1,4.334865,0.0,5.3878536,6.37261,8.563052,12.304404,13.773064,19.117546,20.887535,24.197924,27.564394,28.25309,25.236872,24.006319,19.404867,18.739332,13.826631,13.683823,10.683533,9.629742,10.804696,10.763759,15.010483,12.711551,17.827457,19.442787,17.714907,16.820469,15.099757,16.025734,16.984245,14.729503,21.076115,17.652605,22.875292,22.93878,26.005873,26.54073,22.499916,19.236786,23.560093,20.478516,20.81735,20.663849,21.127333,20.262365,22.238228,24.772642,28.439232,30.059761,28.598072,31.191378,28.292696,31.569529,27.73183,30.61778,27.06745,27.64786,30.080513,32.34174,29.324411,32.270496,28.181519,30.626688,28.59764,30.454884,30.230282,27.475037,26.051975,27.608068,23.83726,28.576065,26.609802,33.375233,29.704903,34.5302,34.014496,32.417385,34.0815,35.832092,32.077805,29.65603,27.220303,23.390497,21.818369,17.87955,18.545713,13.293726,14.292098,14.968912,12.507639,8.963894,9.115856,13.0573635,13.8991585,17.499083,20.147903,23.90889,25.370884,27.438166,31.85281,34.39806,34.330723,31.401712,32.72508,27.089872,28.512619,24.296892,25.894396
2,6.448026,5.3878536,0.0,5.314844,6.6029577,9.017083,11.668457,15.747831,18.690792,21.27075,25.415205,25.325676,21.905106,21.374928,16.442457,16.985802,12.545182,13.197467,11.889837,11.540174,14.266139,15.156195,19.608593,17.907555,22.910484,24.05559,21.959074,20.683002,17.941784,19.288172,18.275354,16.242605,21.076899,17.908997,22.518358,22.082623,25.822231,26.74974,23.285149,20.716091,24.423138,22.527945,21.920595,22.710098,24.394083,23.45248,25.992367,28.727234,32.333565,33.684525,32.01378,34.063152,31.016253,33.554947,29.368593,31.81391,27.609997,27.871172,29.654976,32.365772,29.209501,33.0278,29.376966,32.042908,31.0181,32.139072,32.485264,30.441473,28.405758,29.211203,25.050232,29.419527,26.852808,33.44314,29.133911,34.290466,33.038002,30.910612,32.11976,33.542976,29.607828,27.040394,25.500824,21.474972,20.861942,16.375307,18.515345,14.313099,15.643884,17.374378,14.3878565,11.4209385,9.262012,12.989729,12.576919,16.843016,17.88699,22.653147,22.972635,26.121368,30.256632,32.897343,33.47149,30.522188,32.861614,26.992847,28.983078,25.145243,26.991713
3,9.468313,6.37261,5.314844,0.0,3.8030612,6.1897545,8.469857,13.178637,15.20733,18.581945,21.786575,22.179016,19.065521,17.717394,13.099534,12.737209,7.7546144,8.740696,6.7884393,8.0059185,10.78535,13.279942,16.893366,16.48511,20.855019,21.418625,20.21556,17.897188,15.262522,15.469165,14.29613,11.143673,15.985914,12.655043,17.40794,17.232903,20.772623,21.52117,17.999073,15.448921,19.179754,17.674255,17.298601,18.895521,20.505705,20.271769,22.801247,25.840105,29.839504,30.41766,28.390425,30.241808,26.849022,29.34777,24.936056,27.108278,23.07006,23.090881,25.18852,28.086565,25.16834,29.04143,25.57113,28.636705,27.91874,29.525211,30.23972,28.437206,27.166292,27.33822,22.49679,26.592375,23.772083,30.242634,25.883184,30.656837,29.398144,27.442162,29.02528,30.919672,27.10163,25.131624,22.787249,19.076181,18.326418,13.934015,16.461504,12.386966,15.005728,17.03968,14.957078,12.216773,10.340595,13.975557,11.977404,16.671488,16.993093,21.409124,21.862675,24.189999,28.10866,30.428844,31.004936,28.34791,30.639185,24.92932,27.377743,23.638737,26.157106
4,11.923414,8.563052,6.6029577,3.8030612,0.0,5.4327583,5.322544,10.76902,12.5130625,15.637339,19.274801,19.84414,17.001999,16.053318,11.550525,10.951989,7.151657,6.7760463,7.421805,7.2112985,11.163732,13.710593,17.695353,17.847387,22.014095,21.93852,20.035656,17.643925,14.115856,15.297656,12.513013,11.253516,15.11686,13.301001,17.32765,17.540546,21.305956,21.635813,18.611748,16.21962,18.805424,17.252354,15.862198,17.372337,20.094137,19.363682,22.394402,25.43469,29.159754,29.71813,27.707613,29.129513,25.921207,27.834635,23.452961,25.645653,21.200573,21.462582,23.092213,25.803568,22.659609,26.731796,23.374857,26.334171,26.151464,27.130087,28.140945,26.863306,25.151812,24.828499,19.901573,23.8229,20.842157,27.280426,22.795467,27.835466,26.520203,24.48941,25.91016,27.607521,23.77091,21.562778,19.37985,15.530058,14.88599,10.362194,13.264358,9.945268,12.7728,15.48869,13.440091,11.446265,8.506423,11.536191,8.48497,13.389946,13.191914,17.734898,18.075863,20.564478,24.515196,26.942575,27.578657,24.84566,27.43043,21.63427,24.267029,20.748928,23.41298
5,14.734982,12.304404,9.017083,6.1897545,5.4327583,0.0,5.9831896,7.6087327,11.059438,13.702992,17.338194,16.811647,13.272089,12.463298,7.494351,8.909322,5.542722,8.238961,9.42787,11.6273155,15.2095375,18.506212,21.849794,22.259758,26.24839,26.170073,24.95211,22.073854,18.722584,18.922026,15.541142,12.736064,14.431809,12.020258,15.192628,14.449884,18.734331,19.850367,17.466673,16.207975,18.577438,19.037205,17.538012,20.61824,23.476288,23.45542,26.424313,29.65267,33.613018,33.553585,31.211979,32.27395,28.690338,30.151442,25.39261,26.726006,22.09214,21.505978,22.739843,26.29829,23.457287,28.398794,25.766226,29.19087,29.866003,30.801266,32.336918,31.490488,29.979612,29.00745,23.60403,26.8584,23.259111,29.125608,24.028477,28.829863,26.564877,24.003061,25.14859,26.884102,22.959278,21.31629,19.77676,16.228348,16.914366,12.256792,16.869255,14.71698,17.900171,20.830156,18.8132,16.816751,13.65388,16.43415,12.452156,17.496456,15.107762,20.295582,19.19975,22.315033,25.512838,27.660324,29.107042,26.716408,30.215658,24.561304,27.875658,24.833157,27.871056
6,17.243412,13.773064,11.668457,8.469857,5.322544,5.9831896,0.0,6.658307,7.253152,10.529129,14.033158,14.888931,12.593046,11.672688,7.927695,6.6041446,5.669057,4.34861,8.668711,8.994519,13.185151,16.588509,19.922052,21.283375,24.706118,23.718554,21.947836,18.87068,14.799004,15.851779,10.812095,10.830696,11.953263,12.156765,14.656754,15.266281,19.157127,19.0784,17.030643,15.417132,16.272701,15.859879,13.227598,15.89404,19.884237,19.353783,22.772417,25.943304,29.563143,29.38472,27.097843,27.69767,24.417038,25.323275,20.75165,22.362951,17.442331,17.498198,18.481047,21.418118,18.269104,23.033945,20.342428,23.591692,24.690094,25.145077,26.964642,26.680418,25.054853,23.470606,17.942049,20.9853,17.35629,23.31125,18.349392,23.36828,21.551125,19.305012,20.664751,22.455057,18.639296,16.795454,14.481116,10.832127,10.9757395,6.3884506,11.178943,10.219903,13.832673,17.245884,15.917145,14.947818,11.640509,13.34129,8.163433,12.860383,10.21459,14.733225,14.302347,16.615284,20.057903,22.266893,23.346048,20.89511,24.236712,18.614393,22.06963,19.260555,22.596338
7,21.886679,19.117546,15.747831,13.178637,10.76902,7.6087327,6.658307,0.0,5.523045,6.391077,10.797309,9.659527,6.4091206,6.9643316,3.5920873,6.228822,8.50692,9.7359295,13.931742,15.514763,19.48301,23.168653,26.236216,27.69653,31.070078,30.010136,28.512783,25.214582,21.16921,21.774237,16.14493,15.476042,13.501146,14.173104,14.644826,14.323108,18.674206,19.239712,18.55366,18.418976,18.253107,20.097664,17.047724,21.007288,25.371218,25.252855,28.688,31.924011,35.53495,34.833,32.315815,32.312897,28.885317,28.887236,24.1554,24.649603,19.480856,18.60766,18.408014,22.195845,19.443832,25.276367,23.743664,27.239515,29.573631,29.503258,31.969439,32.396893,30.671118,28.28558,22.607294,24.575432,20.340939,25.101553,19.458284,24.14805,20.926264,17.802544,18.381447,19.875134,15.94917,14.784471,14.105137,11.204499,13.656102,9.869942,15.967345,16.507141,19.940025,23.57223,22.094,21.216518,17.439749,18.79764,13.24159,17.491697,12.183008,17.182888,14.468303,17.868645,19.976583,21.80995,24.1301,22.18565,26.878607,21.690472,25.839935,23.890081,27.427008
8,24.364363,20.887535,18.690792,15.20733,12.5130625,11.059438,7.253152,5.523045,0.0,4.6391478,6.7873297,8.242115,7.576619,6.536246,6.3975544,4.351826,9.066496,8.379489,13.5141,14.672609,18.257318,22.255999,24.63532,27.064318,29.648577,27.846102,26.580074,22.882961,18.86624,19.247911,12.778358,13.557957,10.044177,13.09857,12.577114,13.562046,17.163088,16.615614,16.437517,16.364895,14.645719,16.534176,12.768234,17.092815,21.989742,22.02783,25.513182,28.70335,32.15615,30.911655,28.290817,27.768198,24.436228,23.849392,19.205835,19.474653,14.206958,13.488215,13.071046,16.684486,13.935321,19.857204,18.676245,22.296576,25.239697,25.136232,28.00372,28.965578,27.727257,24.632082,18.699787,19.997826,15.587885,19.988703,14.36479,18.792393,15.76937,12.983339,14.223921,16.367186,12.719972,12.255521,9.863121,7.7519646,9.931396,7.570097,13.242928,14.978283,18.770983,22.400866,21.796797,21.504808,18.246164,19.014584,13.14713,16.563622,11.322462,14.689772,12.766515,14.349987,16.20255,17.671736,19.71978,18.105597,22.56878,17.81794,22.276312,20.743893,24.707312
9,27.362358,24.197924,21.27075,18.581945,15.637339,13.702992,10.529129,6.391077,4.6391478,0.0,6.036287,5.7709517,5.873799,7.3212833,8.303847,8.536728,13.091525,12.703436,17.8861,18.697716,22.53788,26.237278,28.944712,31.185163,33.935944,32.097176,30.408295,26.952179,22.654966,23.595346,16.825583,18.187792,14.264086,17.387453,16.22623,16.783243,20.432941,20.081491,20.536682,20.84971,18.724167,20.938183,16.873035,20.88002,26.186352,25.903294,29.538225,32.613155,35.771526,34.602055,32.077667,31.195364,28.135492,26.89937,22.543924,22.459047,17.169964,16.414856,14.813642,18.246395,15.63723,21.820053,21.2945,24.58645,28.204277,27.2832,30.433266,31.912844,30.170565,26.681053,21.112282,21.782679,17.301476,20.749947,14.941342,19.34057,15.507423,12.039636,12.139909,13.507322,9.632167,9.198438,8.983855,7.546354,11.339069,9.715758,15.496663,18.124819,21.447144,25.279495,24.464188,24.463278,20.74306,21.014305,15.085106,17.964132,11.323993,14.781673,11.191949,13.855617,14.725247,16.130198,19.06755,17.663342,23.107965,18.701166,23.3453,22.475657,26.288082
10,31.072104,27.564394,25.415205,21.786575,19.274801,17.338194,14.033158,10.797309,6.7873297,6.036287,0.0,4.7848306,7.932625,7.2228928,10.86788,9.465653,14.904528,14.477913,19.296978,20.733269,23.82991,28.033762,29.72491,32.802708,34.75386,32.42104,31.571508,27.582935,23.83902,23.743109,17.111227,18.230833,12.214505,16.800177,13.918256,15.120358,17.725058,16.70349,18.341171,19.49597,15.844479,19.372158,15.368435,20.279512,25.376398,25.850065,29.172247,32.23482,35.43935,33.35382,30.567932,29.104725,25.932646,24.010067,19.748392,18.578989,13.768315,12.251193,9.88801,13.9167185,12.228256,18.651218,19.214022,22.829872,27.197636,26.669989,30.263102,32.175507,31.343687,27.234463,21.454943,21.115501,16.58179,18.707676,13.15688,16.06754,11.662439,8.353349,9.319013,11.995399,9.272655,11.215348,9.293762,10.091302,13.054723,12.917264,17.69586,20.646479,24.347898,27.940548,27.804743,27.875263,24.732973,25.050516,19.164848,21.690365,15.749688,17.58135,14.920946,15.298456,15.040297,15.299074,18.253525,17.815035,22.866133,19.477262,24.332329,23.937431,28.120892
11,31.305523,28.25309,25.325676,22.179016,19.84414,16.811647,14.888931,9.659527,8.242115,5.7709517,4.7848306,0.0,4.3877606,5.7342744,9.672681,10.548635,15.603584,16.306581,20.907438,22.79548,26.223223,30.41443,32.52221,35.088085,37.544136,35.63227,34.674927,30.809515,26.934608,26.914759,20.47815,20.604994,14.975371,18.19461,15.413574,15.509904,18.68168,18.641008,20.292538,21.743494,18.953749,22.889473,19.217478,24.214283,29.125307,29.570856,32.935493,36.098415,39.460217,37.620422,34.829494,33.621727,30.313354,28.681639,24.283623,23.130209,18.355227,16.59231,14.451588,18.630342,17.003838,23.428276,23.85001,27.441456,31.593842,30.995094,34.454273,36.147026,34.95244,31.125406,25.380693,25.403402,20.840025,23.133617,17.484657,20.569754,15.861259,12.226843,12.090464,13.815293,10.884192,12.47985,12.503523,12.55105,16.189798,15.034288,20.614567,23.10298,26.72107,30.45213,29.770031,29.51992,25.956194,26.551868,20.608868,23.630547,17.066502,20.036207,16.323631,18.24421,17.910963,18.38418,21.854414,21.25348,26.785782,23.095762,27.923498,27.37187,31.379702
12,27.948252,25.236872,21.905106,19.065521,17.001999,13.272089,12.593046,6.4091206,7.576619,5.873799,7.932625,4.3877606,0.0,4.03709,6.232695,8.928046,13.054736,14.629325,18.814646,21.024641,24.640835,28.744967,31.218643,33.23265,36.16139,34.739075,33.715595,30.016323,26.136602,26.142008,20.150162,19.319105,14.832165,16.570047,14.793556,14.159429,18.056253,18.739311,19.608416,20.766508,19.233873,22.846865,19.595201,24.492102,29.042313,29.429781,32.78174,36.04655,39.6419,38.212284,35.45759,34.800003,31.295969,30.413734,25.73789,25.103586,20.163633,18.48146,17.22254,21.543364,19.53336,25.884277,25.550018,29.22985,32.643715,32.35934,35.425777,36.53262,35.13297,31.93163,26.112476,26.973139,22.441792,25.766111,19.984797,23.713535,19.422588,15.871006,15.910759,17.422306,14.002407,14.433904,14.568703,13.322832,16.755337,14.350828,20.403427,21.956053,25.552286,29.255238,28.110313,27.43398,23.721678,24.79033,19.00158,22.689177,16.38716,20.486618,16.799347,19.715775,20.300684,21.337914,24.528233,23.38445,28.75008,24.373154,29.001425,27.83729,31.671299
13,26.989685,24.006319,21.374928,17.717394,16.053318,12.463298,11.672688,6.9643316,6.536246,7.3212833,7.2228928,5.7342744,4.03709,0.0,5.0405693,6.2683563,10.721835,12.5511675,16.305037,19.113573,22.276594,26.72357,28.647352,30.997013,33.582127,32.08675,31.639252,27.646196,24.17532,23.438848,17.875715,16.234201,11.168602,12.982154,10.773645,10.342413,14.136482,14.719781,15.636691,17.033676,15.423465,19.532421,16.69321,22.073776,26.164864,27.037237,30.148972,33.476658,37.28424,35.538845,32.646267,32.082172,28.355186,27.74248,22.921928,22.149618,17.468836,15.4611025,14.864582,19.4995,17.711903,23.90458,23.475658,27.424816,30.59113,30.935207,33.9308,34.81717,33.98566,30.874111,24.817415,25.7768,21.297613,24.816906,19.21044,22.587187,18.651072,15.534774,16.39902,18.642605,15.408618,16.178024,14.86184,13.707842,16.358467,13.995522,19.703259,20.80873,24.74838,28.242144,27.401276,26.547443,23.291233,24.67127,18.93927,22.814018,17.292406,21.000643,18.250982,20.186264,21.063587,21.931751,24.659332,23.600666,28.3654,24.033693,28.621382,27.206074,31.216375
14,22.164688,19.404867,16.442457,13.099534,11.550525,7.494351,7.927695,3.5920873,6.3975544,8.303847,10.86788,9.672681,6.232695,5.0405693,0.0,4.86556,7.1057854,9.688898,13.050883,15.797127,19.280663,23.417545,25.935415,27.590588,30.75204,29.774908,28.982574,25.351873,21.783804,21.442244,16.396551,14.230097,11.640743,11.605666,11.722631,10.94128,15.394478,16.366169,15.801799,16.168869,16.24615,18.993681,16.525368,21.192038,24.97863,25.485151,28.639046,31.98656,35.89258,34.81596,32.106026,32.182568,28.453651,28.67104,23.756243,23.894,19.037657,17.632202,17.852247,22.097353,19.72809,25.571959,24.176975,27.984032,30.221859,30.738768,33.210125,33.453003,32.270206,29.927338,24.001139,25.927296,21.6619,26.303728,20.725443,24.90963,21.611315,18.621052,19.546408,21.495605,17.791386,17.337372,16.05222,13.609476,15.712757,12.099423,17.92294,17.943525,21.712578,25.125544,23.808231,22.578968,19.212437,21.034632,15.647663,20.104733,15.323379,19.96009,17.608643,20.340767,22.2608,23.770998,26.057186,24.363758,28.798317,23.774668,27.97781,25.905437,29.605639
15,22.192513,18.739332,16.985802,12.737209,10.951989,8.909322,6.6041446,6.228822,4.351826,8.536728,9.465653,10.548635,8.928046,6.2683563,4.86556,0.0,5.44839,6.3377857,10.380145,12.913071,16.047533,20.483881,22.461887,24.833504,27.416597,25.954782,25.412577,21.470182,18.042236,17.3619,12.027497,10.420251,7.2772107,8.910127,9.067198,9.810521,13.638683,13.53339,12.726792,12.665369,12.025805,14.379371,11.682739,16.591772,20.474594,21.159262,24.282722,27.63135,31.526817,30.163332,27.391748,27.356236,23.6145,23.844013,18.913433,19.222912,14.401349,13.233797,14.038707,18.032433,15.614789,21.137426,19.561909,23.479622,25.653294,26.493614,29.002281,29.308079,28.60511,26.0858,19.994286,21.850615,17.687672,22.499054,17.220446,21.217667,18.570995,16.173859,17.845222,20.329351,16.856468,16.600552,13.786207,11.605142,12.706946,9.711266,14.808849,15.016864,19.127035,22.405258,21.74205,20.813265,18.005323,19.599693,14.179065,18.24981,14.276981,17.845255,16.652311,17.974747,20.157055,21.529814,23.203918,21.58641,25.348278,20.502234,24.655897,22.545773,26.466661
16,17.171959,13.826631,12.545182,7.7546144,7.151657,5.542722,5.669057,8.50692,9.066496,13.091525,14.904528,15.603584,13.054736,10.721835,7.1057854,5.44839,0.0,4.6211143,5.9894385,9.584716,12.52255,16.846874,19.086794,20.69974,23.804705,23.106998,22.735462,19.088228,16.1304,15.145219,11.701429,7.873523,9.064443,6.9724674,10.302369,10.444361,14.291474,14.799701,12.287002,10.996978,13.050087,13.890214,12.649578,16.567326,19.223074,19.921282,22.725668,26.096922,30.278316,29.503458,26.894758,27.76137,23.929117,25.388851,20.507002,21.622366,17.307083,16.543964,18.368399,21.960756,19.428013,24.13262,21.625097,25.366756,26.174234,27.696198,29.448921,28.75722,28.105446,26.70145,20.890741,23.822666,20.206034,25.884047,21.039299,25.255035,23.31405,21.222076,22.998722,25.363083,21.751326,20.832533,18.000338,15.071921,15.1409645,11.241893,15.384162,13.502103,17.448244,20.249163,19.179743,17.470396,15.12232,17.652088,13.265009,17.926636,15.755099,19.79897,19.438513,21.076488,24.092808,25.83289,26.96317,24.918936,27.922768,22.650831,26.142555,23.20531,26.698997
17,17.64362,13.683823,13.197467,8.740696,6.7760463,8.238961,4.34861,9.7359295,8.379489,12.703436,14.477913,16.306581,14.629325,12.5511675,9.688898,6.3377857,4.6211143,0.0,5.5107083,6.6016083,10.059433,14.230428,16.671942,18.7961,21.609875,20.3311,19.340677,15.6949835,12.157431,12.067915,7.4536524,6.610825,8.766249,9.108956,12.133274,13.460735,16.691729,16.115274,13.603384,11.501348,12.554223,11.589694,9.4964485,12.520348,15.9804,16.05335,19.233747,22.534626,26.444113,25.851336,23.391676,24.138174,20.61401,21.958162,17.286757,19.053787,14.573788,14.700977,16.582848,19.36546,16.46192,20.669958,17.71847,21.211512,21.900677,23.194561,24.914968,24.379229,23.609262,22.082008,16.301495,19.436695,16.044476,22.109505,17.616327,22.086449,20.864529,19.21404,21.214289,23.54938,20.06631,18.7975,15.2792845,12.261618,11.291111,7.7883043,10.966604,9.348487,13.518646,16.46023,15.891918,14.841425,12.679044,14.557471,10.0718975,14.19096,12.849103,16.03417,16.680887,17.510235,20.964575,22.847965,23.400002,21.180506,23.66741,18.354418,21.648932,18.641214,22.190886
18,14.602459,10.683533,11.889837,6.7884393,7.421805,9.42787,8.668711,13.931742,13.5141,17.8861,19.296978,20.907438,18.814646,16.305037,13.050883,10.380145,5.9894385,5.5107083,0.0,5.2678995,6.824056,11.332229,13.201152,14.868408,17.838285,17.374807,17.383043,13.811226,11.73076,10.070591,9.297528,4.382703,10.547224,7.785326,12.774605,13.750639,16.375906,16.218752,12.406931,9.255064,12.917114,10.980488,11.30039,13.522656,14.716984,15.462663,17.81388,21.11717,25.468306,25.098673,22.70692,24.370125,20.658247,23.288961,18.79938,20.89231,17.416296,17.449484,20.268484,22.944632,20.413403,23.755802,20.343573,23.7247,23.067327,25.453465,26.42969,24.837261,24.715885,24.288054,18.963547,22.678392,19.95055,26.156876,22.245344,26.272343,25.525028,24.192606,26.419153,28.924631,25.512627,24.303654,20.652002,17.695944,16.218533,12.886004,14.642196,11.021325,14.685996,16.576294,15.967472,13.954797,13.121811,15.978827,13.209211,17.279238,17.59039,20.649008,21.86654,22.527775,26.191898,28.035192,28.205782,25.970219,27.613514,22.431454,25.053892,21.490084,24.592426
19,13.963756,9.629742,11.540174,8.0059185,7.2112985,11.6273155,8.994519,15.514763,14.672609,18.697716,20.733269,22.79548,21.024641,19.113573,15.797127,12.913071,9.584716,6.6016083,5.2678995,0.0,4.450179,7.722035,11.040937,12.493905,15.74328,14.992589,13.4477825,10.516392,7.389204,8.237903,7.359033,7.420632,13.552306,12.629953,17.01794,18.451347,21.043861,20.29455,16.726831,13.242831,15.830429,11.917523,11.468276,11.297391,13.121227,12.358873,15.207013,18.267813,22.15039,22.653425,20.726437,22.55651,19.498411,22.187498,18.250484,21.234785,17.692282,18.718689,21.276814,23.014269,20.056683,22.66771,18.614626,21.312038,19.994621,21.950092,22.475311,20.649942,19.935453,20.035816,15.283992,19.665754,17.566357,24.229225,20.860188,25.294123,25.282175,24.257969,26.407825,28.579275,25.229612,23.363537,19.656187,16.454924,14.01242,11.116884,10.941119,6.2083325,9.521099,11.324594,10.912165,9.400375,9.058558,11.433777,9.744557,13.001202,15.143448,17.473475,19.760183,20.097069,24.343071,26.511606,26.061693,23.4626,24.433975,19.110186,21.044573,17.109749,19.80497
20,14.891759,10.804696,14.266139,10.78535,11.163732,15.2095375,13.185151,19.48301,18.257318,22.53788,23.82991,26.223223,24.640835,22.276594,19.280663,16.047533,12.52255,10.059433,6.824056,4.450179,0.0,5.001552,6.7919445,8.9979315,11.5950985,10.9625225,10.626886,7.3910117,6.5344973,5.2314286,8.589453,7.5543575,14.825677,13.405756,18.088787,19.762943,21.545586,20.557035,16.519672,12.487217,15.810959,10.703939,11.974523,10.8106985,10.363335,10.229246,12.155434,15.17539,19.407885,19.914955,18.075747,20.595377,17.55622,21.223255,17.712908,21.003222,18.469791,19.626404,22.835533,24.192966,21.621933,23.251226,18.93925,21.4292,19.004051,22.006464,21.956125,19.365774,19.676636,20.472324,16.253172,20.70308,19.289246,25.734684,23.085152,26.894764,27.484074,26.935766,29.405361,31.827726,28.712431,27.121777,22.944021,20.138405,17.264597,15.07574,13.873299,9.048692,11.494266,11.924414,12.353154,10.716978,12.066291,14.368046,13.80116,16.300064,19.23956,20.82402,23.668186,23.249128,27.440947,29.392435,28.487238,26.073084,26.119,21.310446,22.68345,18.618927,21.011862
21,14.253866,10.763759,15.156195,13.279942,13.710593,18.506212,16.588509,23.168653,22.255999,26.237278,28.033762,30.41443,28.744967,26.72357,23.417545,20.483881,16.846874,14.230428,11.332229,7.722035,5.001552,0.0,5.3775773,5.377965,8.862589,9.16275,7.2006063,6.4300885,6.780392,7.865106,12.091232,12.554843,19.723768,18.316042,23.087532,24.682137,26.48532,25.49472,21.394192,17.280724,20.591167,14.861903,16.078472,13.226985,12.036697,10.566378,11.894651,14.112231,17.734867,19.61173,18.557583,21.671349,19.452356,23.495073,20.758762,24.55382,22.314493,23.919252,27.004946,27.808495,25.110188,26.013824,21.32634,22.994781,19.408915,22.302986,21.290815,17.778996,17.754128,19.97772,17.101807,22.019342,21.44533,27.956459,25.904064,29.828953,30.933928,30.561316,32.913635,35.061157,31.974838,29.918438,25.963842,23.004494,19.731987,17.810463,15.333966,9.972207,10.448747,9.275625,9.907594,8.322191,11.4374075,13.391688,14.915258,16.384073,20.996628,22.125252,25.625036,25.197973,29.736061,31.914776,30.537523,27.877851,27.163326,22.499796,22.85919,18.469557,19.8629
22,18.293451,15.010483,19.608593,16.893366,17.695353,21.849794,19.922052,26.236216,24.63532,28.944712,29.72491,32.52221,31.218643,28.647352,25.935415,22.461887,19.086794,16.671942,13.201152,11.040937,6.7919445,5.3775773,0.0,5.3104763,5.036785,4.6411815,6.6901093,4.915002,8.586101,6.477969,13.244076,12.876663,19.912024,18.57588,23.064285,24.994225,25.872387,24.510881,20.342499,16.150536,19.503706,13.262372,15.891514,12.840055,9.124847,9.141621,8.740628,10.862081,15.08277,16.275063,15.151315,18.828718,16.577967,21.435097,19.195927,22.96064,21.863146,23.435223,27.06464,27.561478,25.41829,25.450459,20.871325,22.499353,18.259853,22.34078,21.132645,17.30428,18.9307,21.059269,18.35901,22.76468,22.59918,28.560371,27.123339,30.195614,31.757193,31.863586,34.579216,37.093918,34.30832,32.79035,28.244526,25.829403,22.375437,21.055588,18.419931,13.829276,14.761975,13.340679,14.855547,13.662713,16.683332,18.446161,19.374796,20.696978,24.911062,25.444948,29.140512,27.854574,32.06722,33.85234,32.19658,29.933403,28.560616,24.595612,24.856562,20.768269,22.316061
23,15.065876,12.711551,17.907555,16.48511,17.847387,22.259758,21.283375,27.69653,27.064318,31.185163,32.802708,35.088085,33.23265,30.997013,27.590588,24.833504,20.69974,18.7961,14.868408,12.493905,8.9979315,5.377965,5.3104763,0.0,5.339941,8.248878,8.324975,9.07851,11.569957,11.109961,16.869793,15.963712,23.471891,21.164885,26.222631,27.611069,28.950333,28.166798,23.73355,19.547468,23.664776,17.931982,20.204117,17.349453,14.364959,13.656364,13.440138,14.922602,18.412048,20.667702,20.0062,23.816618,21.810356,26.57206,24.247566,28.00771,26.450666,27.904015,31.35197,32.138004,29.71587,30.166956,25.481348,26.964006,22.580019,26.127851,24.516806,20.25169,20.951637,23.990025,21.764473,26.576307,26.353752,32.656948,30.910662,34.501083,35.79042,35.54412,38.014816,40.283936,37.2131,35.24947,31.230055,28.31344,25.06622,23.087725,20.677286,15.333044,15.370296,13.384973,13.942423,12.0049515,15.721341,17.904404,20.03025,21.465414,26.28052,27.448719,30.980076,30.526505,35.03958,37.14721,35.634132,33.052044,31.91618,27.555334,27.542173,23.16605,24.085863
24,20.324245,17.827457,22.910484,20.855019,22.014095,26.24839,24.706118,31.070078,29.648577,33.935944,34.75386,37.544136,36.16139,33.582127,30.75204,27.416597,23.804705,21.609875,17.838285,15.74328,11.5950985,8.862589,5.036785,5.339941,0.0,4.501134,7.678449,8.5807705,12.870732,11.281403,18.165134,17.675982,24.723467,23.033468,27.606955,29.428234,30.02082,28.730516,24.465433,20.326908,23.930359,17.69627,20.669752,17.18109,12.613007,12.52541,10.780972,11.500846,14.928684,16.980618,16.652168,20.899807,19.344862,24.601309,23.077059,26.911762,26.384478,28.035233,31.770031,31.988115,30.000593,29.423607,24.818243,25.92573,20.825024,25.16611,23.189867,18.617409,20.673082,23.79446,22.127571,26.492146,26.88847,32.61987,31.666437,34.50975,36.417145,36.7052,39.45092,41.935806,39.210274,37.59814,33.069633,30.66233,27.074324,25.85579,22.826178,18.162708,18.276138,15.9796,17.567335,16.39282,20.11646,21.777609,23.620203,24.537535,29.398216,29.717745,33.688732,32.309566,36.594322,38.389694,36.44315,34.176537,32.209316,28.597082,28.229261,24.147554,25.002888
25,22.595129,19.442787,24.05559,21.418625,21.93852,26.170073,23.718554,30.010136,27.846102,32.097176,32.42104,35.63227,34.739075,32.08675,29.774908,25.954782,23.106998,20.3311,17.374807,14.992589,10.9625225,9.16275,4.6411815,8.248878,4.501134,0.0,5.9278245,5.6085734,10.534238,8.743151,15.573497,16.339247,22.678482,22.107058,26.086401,28.360954,28.761126,26.940973,23.0672,19.029818,21.597248,14.912446,17.710217,13.600016,8.687543,8.57202,6.3148866,7.2120004,11.188112,12.700639,12.228944,16.427668,15.041315,20.269472,19.105713,23.098055,22.91777,24.862846,28.54597,28.296795,26.464195,25.345367,20.774553,21.695011,16.497755,21.120096,19.29564,15.010476,17.745329,20.293272,18.647278,22.663946,23.350044,28.722252,28.215359,30.675789,32.950447,33.57468,36.43091,38.9752,36.528625,35.13791,30.311993,28.32126,24.509695,23.981995,20.489408,16.622631,17.009764,14.99052,17.317171,16.863085,20.181927,21.303766,22.552898,23.056515,27.699438,27.317072,31.543419,29.469624,33.539207,35.122383,32.93719,30.886913,28.551678,25.377167,24.980793,21.18681,22.317905
26,20.896732,17.714907,21.959074,20.21556,20.035656,24.95211,21.947836,28.512783,26.580074,30.408295,31.571508,34.674927,33.715595,31.639252,28.982574,25.412577,22.735462,19.340677,17.383043,13.4477825,10.626886,7.2006063,6.6901093,8.324975,7.678449,5.9278245,0.0,4.7859406,7.802137,9.643491,14.546666,17.24826,23.554646,23.492828,27.558388,29.77168,30.967264,29.213644,25.486221,21.410767,23.535355,16.769825,18.060486,13.05903,10.723929,7.931505,7.861648,8.540103,11.118296,14.255135,14.26008,17.801958,16.95499,21.263453,20.046312,24.398493,23.27163,25.624815,28.709322,28.258123,25.860468,24.992895,20.10577,20.521967,15.337755,18.67559,16.489265,11.966713,13.125204,16.531282,15.627876,20.245562,21.186451,26.95971,26.424597,29.58856,31.894197,32.341305,34.872715,36.974957,34.43228,32.453484,28.070177,25.788677,21.779385,21.366219,17.048523,13.145326,12.296443,9.594487,12.303462,12.661549,16.25067,16.63936,18.881773,18.527685,24.151106,23.480333,28.072361,26.26005,30.68074,32.62553,30.28542,27.849203,25.45012,21.972225,21.005249,16.911732,17.395853
27,20.56587,16.820469,20.683002,17.897188,17.643925,22.073854,18.87068,25.214582,22.882961,26.952179,27.582935,30.809515,30.016323,27.646196,25.351873,21.470182,19.088228,15.6949835,13.811226,10.516392,7.3910117,6.4300885,4.915002,9.07851,8.5807705,5.6085734,4.7859406,0.0,4.962338,4.944565,10.4892,12.922977,18.967463,19.198376,22.99165,25.369478,26.388475,24.495047,20.889109,16.895971,18.761189,11.985638,13.513179,9.014695,6.50333,4.5824842,5.533839,8.052383,12.053993,13.26533,12.166033,15.3568325,13.524039,17.863571,15.961777,20.135578,18.940645,21.089418,24.37798,24.23494,21.963766,21.503284,16.7281,17.955132,13.645853,17.459991,16.344908,12.877287,14.49447,16.199198,13.669688,18.063847,18.32147,24.168575,23.201641,26.216763,28.226511,28.632502,31.336441,33.722187,31.187834,29.628119,24.919434,22.824633,18.967722,18.52231,14.8842945,11.224991,11.991219,10.736371,13.18908,13.176417,15.80139,16.596556,17.286556,17.731133,22.157597,21.749132,25.936613,23.968195,28.14277,29.874922,27.863628,25.6405,23.825644,20.150185,20.161327,16.219929,17.883423
28,19.171392,15.099757,17.941784,15.262522,14.115856,18.722584,14.799004,21.16921,18.86624,22.654966,23.83902,26.934608,26.136602,24.17532,21.783804,18.042236,16.1304,12.157431,11.73076,7.389204,6.5344973,6.780392,8.586101,11.569957,12.870732,10.534238,7.802137,4.962338,0.0,5.712579,7.060019,11.42673,16.83251,17.717937,21.281166,23.580885,25.29984,23.518122,20.259,16.53733,17.763126,11.669976,11.404389,7.2360964,8.641375,5.8403635,9.112857,11.757444,15.100498,16.14249,14.773489,16.837368,14.793647,17.856613,15.241641,19.281542,16.87323,19.09059,21.791153,21.89759,19.108881,19.618374,14.850268,16.396597,13.514512,15.92679,15.645933,13.324331,13.293127,14.006975,10.431806,15.255964,14.832205,21.244339,19.591152,23.362118,24.918217,24.955929,27.406212,29.553778,26.84481,24.9924,20.55877,18.188372,14.342937,13.784669,10.032815,6.391092,7.7634864,7.8974605,10.063676,10.535115,12.079957,12.489167,12.52135,12.980545,17.204899,16.975914,21.048391,19.451681,23.821632,25.803085,24.087486,21.594202,20.577152,16.172335,16.72988,12.605787,14.838752
29,20.092228,16.025734,19.288172,15.469165,15.297656,18.922026,15.851779,21.774237,19.247911,23.595346,23.743109,26.914759,26.142008,23.438848,21.442244,17.3619,15.145219,12.067915,10.070591,8.237903,5.2314286,7.865106,6.477969,11.109961,11.281403,8.743151,9.643491,4.944565,5.712579,0.0,7.283248,8.253311,14.217044,14.452074,18.090649,20.532848,21.455782,19.575834,15.980158,12.044597,13.948686,7.406414,9.439654,6.972834,5.15463,6.0357776,7.758091,11.102739,15.58071,15.155563,13.025644,15.465209,12.380675,16.397322,13.345872,16.977398,15.430587,17.0522,20.600803,21.168493,19.022476,19.501265,15.124815,17.4736,14.717013,18.527348,18.56746,16.2265,17.774584,18.016645,13.895767,17.798613,16.970816,22.840302,21.077757,24.037247,25.395575,25.551628,28.375942,31.0533,28.429647,27.320679,22.44985,20.450777,17.077791,16.247927,14.036374,10.721671,13.152623,13.304637,15.023796,14.449281,15.934334,17.297508,16.363874,17.915037,20.760777,21.027594,24.43627,22.680029,26.525705,28.06114,26.640985,24.63424,23.805857,19.832495,21.007868,17.35686,19.998291
30,21.315794,16.984245,18.275354,14.29613,12.513013,15.541142,10.812095,16.14493,12.778358,16.825583,17.111227,20.47815,20.150162,17.875715,16.396551,12.027497,11.701429,7.4536524,9.297528,7.359033,8.589453,12.091232,13.244076,16.869793,18.165134,15.573497,14.546666,10.4892,7.060019,7.283248,0.0,7.563445,10.364497,12.934638,15.27864,17.88364,19.690966,17.678898,15.2497425,12.396916,11.97819,7.62718,5.101012,5.117088,9.698262,9.283397,12.776156,15.957346,19.582626,18.724806,16.352257,16.945618,13.8143,15.372226,11.291127,14.340476,10.773784,12.528888,15.084099,16.019773,13.173701,15.323419,11.395368,14.517966,14.498228,16.374838,17.942019,17.515419,17.632307,15.866574,10.124238,13.486836,11.181297,17.469646,14.567626,18.365507,18.986818,18.719305,21.347391,23.890131,21.172653,20.067366,15.197312,13.253326,10.069304,9.60666,8.343913,7.5165033,11.307113,13.465905,14.673734,14.821422,14.264273,14.893494,11.808933,13.563826,14.503348,14.79687,17.626492,15.921662,19.605553,21.210413,20.349749,18.28983,18.85176,14.270189,16.789175,13.729034,17.419168
31,18.716436,14.729503,16.242605,11.143673,11.253516,12.736064,10.830696,15.476042,13.557957,18.187792,18.230833,20.604994,19.319105,16.234201,14.230097,10.420251,7.873523,6.610825,4.382703,7.420632,7.5543575,12.554843,12.876663,15.963712,17.675982,16.339247,17.24826,12.922977,11.42673,8.253311,7.563445,0.0,7.626859,6.3657026,10.560301,12.526291,14.195412,13.162523,9.408532,5.9236574,8.945971,6.796088,7.8414526,10.958556,11.901487,13.595789,15.731591,19.148678,23.631172,22.401949,19.693657,21.02687,17.03965,19.593992,15.0205965,16.89273,13.944762,13.917081,17.266104,19.74862,17.632658,20.553408,17.376072,21.006483,20.617496,23.48237,24.748367,23.497482,24.186556,23.188984,17.64332,20.78385,18.139544,23.863754,20.34566,23.655813,23.241966,22.39105,25.008644,27.881237,24.853659,24.241592,19.88512,17.668192,15.898251,13.633052,14.860897,12.226785,16.14815,17.90755,18.16428,16.732023,16.26922,18.52392,15.418171,18.861374,18.923708,21.015036,22.541197,22.117367,25.400557,26.829838,26.778189,24.941492,26.185606,21.570204,24.31891,21.101706,24.543434
32,24.917685,21.076115,21.076899,15.985914,15.11686,14.431809,11.953263,13.501146,10.044177,14.264086,12.214505,14.975371,14.832165,11.168602,11.640743,7.2772107,9.064443,8.766249,10.547224,13.552306,14.825677,19.723768,19.912024,23.471891,24.723467,22.678482,23.554646,18.967463,16.83251,14.217044,10.364497,7.626859,0.0,6.361032,5.24165,8.384136,9.852688,7.989517,7.1381507,7.3847923,4.758605,8.716341,7.290518,13.352655,16.0391,18.037016,20.443567,23.782812,27.913767,25.54702,22.45355,22.28741,18.16048,18.681366,13.67371,13.516066,9.9153,8.223803,11.000543,14.72425,13.255393,17.599594,16.176731,20.433844,22.316708,24.386465,26.860067,27.056646,27.75834,25.148394,19.04409,20.463518,16.87464,21.122597,16.961798,19.466932,17.90667,16.812752,19.49553,22.744722,20.116798,20.724442,16.384525,15.397746,14.997355,13.659022,16.526709,16.448708,20.712994,23.261608,23.618956,22.778717,21.24658,22.83773,18.17257,21.48834,19.053097,20.9001,21.14528,20.390417,22.350763,23.069462,23.877708,22.815306,25.185709,21.233559,25.043634,22.979084,27.072857
33,20.970867,17.652605,17.908997,12.655043,13.301001,12.020258,12.156765,14.173104,13.09857,17.387453,16.800177,18.19461,16.570047,12.982154,11.605666,8.910127,6.9724674,9.108956,7.785326,12.629953,13.405756,18.316042,18.57588,21.164885,23.033468,22.107058,23.492828,19.198376,17.717937,14.452074,12.934638,6.3657026,6.361032,0.0,5.589356,6.468503,8.597931,8.977505,5.5281105,4.9520583,8.209478,10.856013,11.585439,16.475079,17.518185,19.745855,21.667953,25.067122,29.626772,27.84666,24.890747,25.770218,21.492899,23.346922,18.481392,18.89445,15.901562,14.400328,17.318712,21.039608,19.465837,23.466194,21.362011,25.42714,26.048605,28.697092,30.466429,29.632975,30.283482,28.772066,22.88154,25.313137,21.99056,26.970798,22.756632,25.693052,24.106186,22.67596,25.056955,28.06643,25.013098,25.087637,21.35609,19.43612,19.03439,16.325066,19.40128,17.485022,21.587467,23.746864,23.479694,21.699184,20.468216,23.043499,19.092209,23.223238,21.53267,24.502901,24.666729,24.982605,27.515133,28.631556,29.480616,28.001993,30.2797,25.746006,29.172468,26.36957,30.073551
34,26.220972,22.875292,22.518358,17.40794,17.32765,15.192628,14.656754,14.644826,12.577114,16.22623,13.918256,15.413574,14.793556,10.773645,11.722631,9.067198,10.302369,12.133274,12.774605,17.01794,18.088787,23.087532,23.064285,26.222631,27.606955,26.086401,27.558388,22.99165,21.281166,18.090649,15.27864,10.560301,5.24165,5.589356,0.0,3.5927503,4.898448,4.761512,5.039959,7.7979507,6.7751613,12.546379,12.342066,18.304644,20.086987,22.566235,24.574781,27.920479,32.27775,29.729427,26.549746,26.5348,22.240898,22.914461,18.04901,17.123266,14.286847,11.73346,14.052604,18.390617,17.524017,22.032715,21.10521,25.403458,27.265636,29.55629,31.996021,32.00039,32.822727,30.375769,24.27674,25.630754,21.951569,25.77225,21.444117,23.549507,21.31176,19.853111,22.2235,25.46678,22.863958,23.879513,20.234797,19.282743,19.6217,17.720215,21.340023,20.818783,25.094248,27.601366,27.584751,26.24649,24.596771,26.68277,21.973858,25.820335,22.861502,25.423811,24.922232,24.845718,26.424417,26.970533,28.29889,27.415327,30.194515,26.266943,30.204437,28.122267,32.18121
35,25.855015,22.93878,22.082623,17.232903,17.540546,14.449884,15.266281,14.323108,13.562046,16.783243,15.120358,15.509904,14.159429,10.342413,10.94128,9.810521,10.444361,13.460735,13.750639,18.451347,19.762943,24.682137,24.994225,27.611069,29.428234,28.360954,29.77168,25.369478,23.580885,20.532848,17.88364,12.526291,8.384136,6.468503,3.5927503,0.0,4.5939584,6.9322457,7.089887,9.86884,10.265364,15.659155,15.543727,21.35063,23.021463,25.392239,27.41006,30.791159,35.245026,32.93123,29.794483,29.983316,25.668484,26.48818,21.600607,20.694193,17.71704,15.119818,16.997477,21.572638,20.615528,25.435276,24.487356,28.773767,30.556835,32.748566,35.118057,34.95472,35.515907,33.263412,27.13516,28.700363,24.872078,28.825048,24.183466,26.549166,23.876335,21.999407,24.01282,27.046398,24.252357,25.182796,22.16633,20.922144,21.727812,19.243689,23.453312,22.617231,26.843887,29.42783,28.995956,27.33984,25.448057,27.835632,23.114906,27.357319,24.067362,27.304205,26.275236,26.945673,28.509415,29.174742,30.854338,29.86302,33.04663,28.85267,32.8699,30.666319,34.64997
36,28.99218,26.005873,25.822231,20.772623,21.305956,18.734331,19.157127,18.674206,17.163088,20.432941,17.725058,18.68168,18.056253,14.136482,15.394478,13.638683,14.291474,16.691729,16.375906,21.043861,21.545586,26.48532,25.872387,28.950333,30.02082,28.761126,30.967264,26.388475,25.29984,21.455782,19.690966,14.195412,9.852688,8.597931,4.898448,4.5939584,0.0,3.9700248,5.7320457,9.761981,9.521174,15.6910715,16.464195,22.275265,23.12825,26.147268,27.64706,30.89629,35.37851,32.489113,29.246204,29.313797,24.945713,25.801336,21.23004,19.768167,17.936926,15.055473,17.386604,21.683289,21.427889,25.54379,24.959538,29.242401,30.953323,33.656837,36.020065,35.858772,37.092346,34.767998,28.7569,29.972742,26.443892,29.837421,25.764902,27.257551,24.958385,23.635267,25.947042,29.252117,26.895746,28.267767,24.792204,24.051554,24.491962,22.59,26.160376,25.348747,29.58092,31.866364,31.844236,30.243471,28.824736,31.170126,26.645405,30.606264,27.680649,30.311104,29.679686,29.60051,30.920406,31.231333,32.65115,31.992928,34.6667,30.979849,34.870186,32.794037,36.829243
