,0,1,2,3,4,5,6,7,8,9,10,11,12,13,14,15,16,17,18,19,20,21,22,23,24,25,26,27,28,29,30,31,32,33,34,35,36,37,38,39,40,41,42,43,44,45,46,47,48,49,50,51,52,53,54,55,56,57,58,59,60,61,62,63,64,65,66,67,68,69,70,71,72,73,74,75,76,77,78,79,80,81,82,83,84,85,86,87,88,89,90,91,92,93,94,95,96,97,98,99,100,101,102,103,104,105,106,107,108,109
0,0.0,4.3577185,6.794643,9.521428,12.164662,14.346681,17.668028,20.502264,24.128153,27.060755,29.433697,32.980816,34.68808,31.198252,33.621353,29.913519,31.464724,30.16161,30.175615,32.43706,30.36498,33.8403,30.251333,33.85846,32.034153,31.009083,35.90878,31.867506,33.55536,28.22757,30.365347,26.387514,23.78556,24.971647,22.784218,24.019934,20.454607,18.879463,16.8725,18.517359,17.332962,21.843288,21.644804,24.47552,28.84765,29.52895,33.15673,33.47906,38.37075,35.18292,31.726353,30.840542,26.9107,25.882048,22.598557,19.13528,19.482111,16.0877,16.940554,20.535496,22.54628,25.971771,27.25939,31.204208,34.385593,35.912407,39.72685,40.356873,44.52781,41.543507,35.868465,37.145912,33.707493,37.874687,33.702774,35.830227,34.36442,32.49026,32.74704,34.216835,29.921482,28.012447,30.73003,29.16519,29.240833,29.182976,30.941793,33.087807,33.724213,36.362793,39.4565,41.000233,45.732025,47.174084,45.801132,48.580807,45.82432,48.285515,44.164513,41.65294,38.805588,38.181797,36.500443,35.680824,36.5419,35.26376,34.74994,36.57974,34.400158,37.72624
1,4.3577185,0.0,5.3540926,6.3431363,8.56347,11.937761,14.071493,17.815266,21.078957,23.802809,26.748117,29.930107,31.59125,28.180435,30.355507,26.351925,27.985392,26.336512,26.557673,28.496277,26.468222,29.977228,26.425928,30.30552,28.459612,27.14921,31.880178,27.744137,29.362022,24.215286,26.263945,22.667318,20.373253,21.903772,20.06728,21.779108,18.500738,16.486189,14.005693,15.139102,13.6852045,17.701385,17.31541,20.27908,24.517212,25.336044,28.931646,29.408646,34.276237,31.25089,27.813955,26.98198,23.035917,22.024187,18.458357,15.212333,15.268206,11.880386,13.227883,16.932434,18.715433,22.171677,23.115942,27.128775,30.236397,31.696516,35.518677,36.076168,40.209736,37.243317,31.565042,32.966316,29.602339,34.028465,29.969494,32.28833,31.17025,29.5144,29.98937,31.5913,27.326967,25.095827,27.407692,25.512476,25.369894,25.122536,26.784893,28.756336,29.404114,32.024227,35.147522,36.68296,41.42602,42.827297,41.478664,44.30661,41.60456,44.09109,40.074448,37.554295,34.758682,34.30246,32.752922,32.044147,32.724354,31.75319,30.860867,32.920204,30.682537,34.156384
2,6.794643,5.3540926,0.0,5.25179,6.7000017,8.148154,12.052851,13.913581,17.92737,20.649458,22.868837,26.628176,28.104015,24.533072,27.051619,23.63237,25.338087,24.44198,24.841475,27.718159,26.200691,30.283009,27.528763,31.240374,30.246212,29.073254,33.22119,28.810083,29.59692,24.187372,25.37197,21.370558,17.62938,19.460325,16.500942,18.087305,14.298026,12.290529,11.0686455,12.480924,13.051367,17.03486,17.802856,22.005941,25.820576,27.17505,30.65271,31.728783,36.54065,34.136284,30.794382,30.110546,26.229534,25.01586,20.939423,18.102242,16.598797,13.066311,13.669158,18.224834,19.167166,23.86049,24.58224,28.65429,32.276917,32.82069,37.06908,37.619713,41.216194,37.68546,31.630045,32.848644,28.992773,33.28477,28.558784,31.289047,29.432137,27.99549,27.861135,28.918573,24.535189,22.862362,25.079609,23.895233,23.705982,24.415277,25.758415,28.816788,29.563278,32.656258,35.729706,36.696857,41.99243,43.021767,41.28169,43.782524,40.75443,43.57501,39.024204,37.283665,33.770493,33.46246,31.99211,30.558138,31.258402,29.363102,29.010832,30.386148,28.24303,31.403936
3,9.521428,6.3431363,5.25179,0.0,3.7721407,6.2108645,8.343311,12.175603,14.988682,18.103765,20.880987,23.892513,25.919,22.738232,25.393675,21.6819,24.111721,22.546043,23.901169,26.080437,24.800886,28.898897,26.120623,30.424425,29.088339,27.19045,31.048355,26.505466,27.151407,22.472748,23.005764,20.33528,16.556486,19.738705,16.944883,19.50817,16.062315,13.020839,11.8942995,11.711866,12.666624,14.514187,14.604119,19.303637,22.26652,24.190994,27.4757,28.704258,33.305714,30.745815,27.477978,26.305601,22.752678,20.788845,16.93308,13.8660145,12.050036,8.559884,8.474833,13.026823,14.055249,18.794014,19.867144,23.83331,27.9089,28.211128,32.58047,33.564884,37.016457,33.374683,27.530651,28.376738,24.656635,28.631243,24.239008,26.573452,25.065838,23.487797,23.768225,25.270836,20.995092,18.818077,21.252146,19.663652,19.92688,20.069057,22.309675,25.085716,26.344978,29.300453,32.60877,33.45688,38.85848,39.49778,37.72833,40.580833,37.652927,40.95365,36.64604,35.136623,31.627302,31.971199,30.897953,29.61327,29.758745,28.297836,26.842665,28.363512,25.650894,28.815653
4,12.164662,8.56347,6.7000017,3.7721407,0.0,5.400321,5.744723,9.831985,12.781555,15.2604265,18.550318,21.510057,23.090267,19.774916,22.0448,18.15144,20.396034,18.852236,20.156044,22.497257,21.373463,25.663288,23.283726,27.517912,26.624697,24.8022,28.295511,23.66066,23.955101,19.143862,19.486395,16.663462,12.834751,16.133299,13.532674,16.347942,13.290992,10.079358,8.676828,8.012377,9.527589,11.085631,11.825027,17.01492,19.919071,21.936079,25.159447,26.715523,31.292986,29.286417,26.121824,25.377327,21.785786,20.268473,15.862679,13.715484,10.8146,7.551138,8.375553,13.201848,13.26069,18.402802,18.58161,22.64879,26.464388,26.477493,30.890545,31.511625,34.80032,31.08236,24.989851,26.181797,22.320778,26.86593,22.233011,25.261305,23.889618,22.844427,23.046179,24.322254,20.06203,17.8345,19.348253,17.657503,17.22913,17.759531,19.202206,22.29277,23.330362,26.495434,29.687502,30.397379,35.920567,36.605667,34.76974,37.401863,34.395588,37.571007,33.121445,31.716154,28.055727,28.359707,27.310162,25.8891,26.04605,24.53989,23.224297,24.819958,22.330132,25.662014
5,14.346681,11.937761,8.148154,6.2108645,5.400321,0.0,6.170902,6.4985785,10.055616,13.359719,15.183339,18.775436,20.753489,17.529892,20.794249,17.949167,20.804298,20.106697,22.112843,25.178768,24.72135,29.369518,27.657246,31.781534,31.36898,29.506855,32.465477,27.721079,27.248274,22.71528,21.8027,19.302067,13.592521,17.796364,13.6171465,16.45708,12.8061075,9.260036,10.612281,9.750738,13.6791,14.2929535,15.738516,21.625044,23.667229,26.276793,29.222506,31.158947,35.500725,33.72767,30.695913,29.671766,26.399675,24.244307,20.109396,17.842436,14.385556,11.528575,10.360864,15.1427355,14.761603,20.724087,21.419413,25.186968,29.792038,28.848303,33.643375,34.674664,37.309483,32.988598,26.871399,27.338028,23.084251,26.673206,21.500275,24.329046,21.882244,20.717558,20.182743,20.94866,16.555096,15.129541,17.314074,16.786564,17.110134,18.572508,20.513653,24.629482,26.126266,29.549662,32.753242,32.795265,38.823887,38.85284,36.59082,39.065704,35.782814,39.63575,34.781464,34.421883,30.051214,30.835897,30.052862,27.911718,27.843153,25.32205,24.180473,24.714636,21.934246,24.570986
6,17.668028,14.071493,12.052851,8.343311,5.744723,6.170902,0.0,6.7321386,7.7007155,10.241959,14.042955,16.242384,18.176626,15.310622,17.814596,14.071093,17.310366,15.579718,18.33299,20.454773,20.213194,24.763172,23.24251,27.72614,27.235308,24.868984,27.295912,22.51907,21.798462,18.01104,16.540878,15.45566,10.642696,15.809009,12.957187,16.617275,14.22772,10.405033,10.545756,7.8391757,11.463992,9.271624,10.420831,16.751385,17.899326,20.944847,23.608534,25.8365,29.922276,28.483927,25.666235,24.711271,21.754612,19.608362,15.343071,14.058844,9.528353,7.697309,7.059395,11.412767,9.925165,15.975483,15.852531,19.59449,24.062128,22.873196,27.669167,28.620289,31.153366,26.868515,20.732016,21.404943,17.250847,21.514019,16.608374,19.91051,18.479572,17.855555,18.03925,19.270891,15.194026,12.7519045,13.673152,11.990044,11.736628,12.692955,14.673567,18.505968,20.194061,23.555094,26.838488,26.844118,32.87475,32.798218,30.604635,33.277428,30.133171,34.080727,29.522413,29.117012,24.91776,26.156366,25.717247,23.915121,23.363342,21.692505,19.417864,20.58287,17.49771,20.593111
7,20.502264,17.815266,13.913581,12.175603,9.831985,6.4985785,6.7321386,0.0,5.092581,7.432886,8.99817,12.89672,14.386129,11.070911,14.609918,12.557399,15.844289,15.899929,18.694225,22.25537,22.727512,27.665314,27.140684,31.012388,31.496607,29.63092,31.473074,26.730433,25.111893,21.14111,18.690746,16.910118,9.8939295,15.238705,10.496302,13.853782,11.1970825,7.544917,10.825095,8.696111,14.582028,13.228858,15.796434,22.197498,23.165255,26.271353,28.712816,31.317297,35.24124,34.435947,31.767244,31.090063,28.181866,26.203007,21.884106,20.789314,16.17553,14.3765545,13.3018875,17.506336,15.65049,21.98959,21.7599,25.170572,29.75774,27.712473,32.66269,33.479656,35.273705,30.499193,24.264292,24.629969,20.069775,23.649937,17.907154,21.669716,18.856722,18.7115,17.59524,17.535833,13.40687,12.596965,13.102886,13.4621935,13.145591,16.026035,16.978859,22.198008,23.741526,27.484074,30.425167,29.684008,36.138126,35.645416,32.992626,35.002205,31.46108,35.688545,30.447563,31.197691,26.141497,27.43205,27.065437,24.228312,23.801819,20.506107,19.46911,19.116032,16.382214,18.602308
8,24.128153,21.078957,17.92737,14.988682,12.781555,10.055616,7.7007155,5.092581,0.0,4.458065,6.7296214,8.909455,11.483505,9.246374,13.094586,11.346452,15.679862,15.2043085,19.27233,22.01583,23.046038,27.842245,27.679546,31.827263,32.23796,29.839241,30.991674,26.312922,24.170895,21.400969,17.73573,17.91218,11.4443865,17.642519,13.744238,17.438263,15.594802,12.053569,14.737964,11.733234,17.230227,13.664814,15.753558,22.260191,21.843376,25.591356,27.522678,30.432398,33.8626,33.279564,30.91427,29.922453,27.614998,25.103449,21.275364,20.615627,15.634225,14.844858,13.059438,16.169706,13.536217,19.767845,19.538313,22.396122,27.408798,24.511698,29.608269,30.855434,32.025795,26.897654,20.9795,20.630167,16.0365,18.879206,13.051306,16.787714,13.921966,14.188296,13.138772,13.179349,9.330413,8.227914,8.010555,8.769642,9.205195,12.3587055,14.241457,19.627754,21.835087,25.442814,28.456245,27.211775,33.877068,32.679173,29.81107,32.022762,28.507147,33.47477,28.434326,29.925604,24.726007,26.923141,27.132872,24.342129,23.181797,20.246897,17.867702,17.190699,13.589257,15.375233
9,27.060755,23.802809,20.649458,18.103765,15.2604265,13.359719,10.241959,7.432886,4.458065,0.0,5.5524697,6.8794513,7.93781,5.4500337,8.710333,7.2691393,11.789157,11.774537,16.184317,19.083155,20.678553,25.466963,26.103716,29.88264,30.913963,28.708086,29.143276,24.63463,21.82603,19.446392,14.999957,15.655328,9.437749,15.585249,12.342822,15.976662,15.2512865,12.318068,14.954391,11.73028,17.258402,13.010321,15.726597,21.927172,21.124039,24.814762,26.417042,29.644308,32.810215,32.971447,30.866476,30.382574,28.19946,26.284487,22.28757,22.491442,17.272562,16.966719,16.040318,18.879446,15.748368,21.530903,20.308125,22.951077,27.322664,24.078253,28.985321,29.707186,30.471006,25.323807,19.330196,19.43328,14.856669,18.368343,12.480832,17.29011,14.961784,16.243744,15.199167,14.737194,11.776086,10.985644,8.266603,9.07844,7.66481,11.896103,11.867045,17.839598,19.683853,23.44575,26.106178,24.464918,31.230988,29.970852,26.959972,28.70606,25.041458,29.923967,24.638487,26.664104,21.142637,23.501917,23.936522,20.816397,19.473375,16.222652,13.952762,12.816307,9.425616,11.308711
10,29.433697,26.748117,22.868837,20.880987,18.550318,15.183339,14.042955,8.99817,6.7296214,5.5524697,0.0,5.195499,6.676999,5.0850787,10.00796,11.217086,15.157554,16.359524,20.42279,23.900839,25.692888,30.52184,31.393627,34.943146,36.221745,34.173504,34.540436,30.082962,27.093088,24.67571,20.14592,20.362934,13.561734,19.108316,14.873161,17.840706,16.789362,14.306926,18.181461,15.6071825,21.65749,18.308842,21.101969,27.394901,26.633093,30.365868,31.9319,35.184605,38.2793,38.436172,36.32625,35.661972,33.50729,31.274853,27.411297,27.159403,22.054844,21.383944,19.789,22.740576,19.863335,25.84123,25.210423,27.650833,32.413708,28.78758,33.768543,34.7653,35.0738,29.676538,24.060364,23.51631,19.041677,21.0662,15.187849,19.208742,15.580781,16.834047,14.67073,12.988101,10.467778,11.522746,9.650871,12.400221,12.288558,16.54183,16.962313,23.00033,24.945444,28.668737,31.192411,29.1665,36.001602,34.307713,31.052803,32.46716,28.697899,33.891888,28.421476,31.245564,25.44134,27.861038,28.35127,24.762915,23.5076,19.331959,17.970375,15.501006,12.581859,12.69447
11,32.980816,29.930107,26.628176,23.892513,21.510057,18.775436,16.242384,12.89672,8.909455,6.8794513,5.195499,0.0,4.6299415,6.262741,9.831108,11.440923,15.768866,16.358494,21.24156,23.747936,26.003038,30.505882,31.752277,35.407734,36.65432,34.2269,33.87392,29.650177,26.212765,25.029024,19.638483,21.57318,15.85335,21.607986,18.36588,21.55945,21.05734,18.462126,21.66396,18.57424,24.115335,19.385014,21.715433,27.688946,25.768064,29.857086,30.860535,34.335007,36.85605,37.363632,35.62414,34.83029,33.259323,30.817837,27.453083,27.728928,22.57798,22.70888,20.979933,22.940813,19.599297,24.903347,24.036655,25.78769,30.538511,26.169476,31.03806,32.272835,31.844923,26.242937,21.231306,20.057047,15.910831,16.991573,11.470965,15.528256,12.259356,14.473828,12.54602,10.776716,9.734989,10.646907,6.8151345,10.150435,10.312554,14.500569,15.163027,20.955444,23.321966,26.755247,29.161472,26.609262,33.465176,31.074734,27.634485,29.104631,25.425022,31.269773,26.130169,29.720213,23.957386,27.201302,28.249813,24.861073,22.926857,19.40653,16.744707,13.965357,10.38335,9.442585
12,34.68808,31.59125,28.104015,25.919,23.090267,20.753489,18.176626,14.386129,11.483505,7.93781,6.676999,4.6299415,0.0,4.042317,6.0347714,9.4127245,12.866283,14.440831,18.922361,21.821978,24.434563,28.857027,30.76829,33.885098,35.76373,33.744785,32.95372,28.948557,25.109604,23.941038,18.395044,20.065208,14.820841,19.759045,17.044384,19.77418,20.14783,18.26203,21.4578,18.579002,24.03295,19.562283,22.429192,28.045837,26.319492,30.070354,30.95377,34.562286,37.002975,38.096302,36.47748,36.231106,34.538895,32.761944,29.078081,29.822508,24.573904,24.694199,23.671846,25.937004,22.482454,27.682678,26.098059,27.934628,31.970705,27.708601,32.297215,32.860756,32.29666,26.913647,21.824469,21.416018,17.451748,19.488825,14.262677,19.000555,16.417242,18.893791,17.130518,15.279088,14.301622,15.045796,10.8023615,13.274643,11.89519,16.426394,15.17055,21.150251,22.846027,26.389557,28.35177,25.596497,32.362064,30.192995,26.72025,27.495369,23.669155,29.055578,23.579662,27.58532,21.588606,24.628643,25.722977,21.952427,20.114624,15.991856,14.285304,10.620096,8.218682,6.6603684
13,31.198252,28.180435,24.533072,22.738232,19.774916,17.529892,15.310622,11.070911,9.246374,5.4500337,5.0850787,6.262741,4.042317,0.0,4.931668,7.165709,10.650477,12.468534,16.47632,20.035845,22.249329,26.943426,28.506462,31.623539,33.4569,31.670355,31.442905,27.231602,23.778927,21.6651,16.75936,17.226274,11.272149,16.255316,13.100188,15.898278,16.112696,14.261378,17.569809,14.878765,20.537912,16.801985,20.012115,25.804853,24.903986,28.384386,29.694834,33.133987,36.02614,36.850983,34.96276,34.861507,32.746727,31.217525,27.151505,27.680979,22.449417,22.144907,21.445162,24.30831,21.089235,26.668516,25.077076,27.44973,31.403542,27.780119,32.45517,32.79069,32.934155,27.754467,22.075079,22.271309,17.983799,21.069866,15.426917,20.409992,17.811232,19.72566,18.08331,16.611574,14.558983,14.900824,11.41572,13.255273,11.431065,16.038897,14.523935,20.699234,22.07075,25.856947,27.97712,25.764816,32.51226,31.019512,27.77379,28.687834,24.835766,29.626232,23.956385,27.036541,21.08052,23.446543,24.07253,20.258005,18.936792,14.501979,13.56676,10.686802,8.556086,8.923846
14,33.621353,30.355507,27.051619,25.393675,22.0448,20.794249,17.814596,14.609918,13.094586,8.710333,10.00796,9.831108,6.0347714,4.931668,0.0,5.2000456,7.1136384,9.679081,13.419144,16.812979,19.527887,23.906168,26.255987,28.84508,31.24858,29.739773,28.80788,24.978827,21.049196,19.483099,14.275903,15.221545,11.076253,14.8456335,13.35732,15.720926,17.197367,16.032135,18.476562,15.847324,20.655157,16.642746,20.010962,25.00966,23.905968,27.037436,28.000772,31.578566,34.166496,35.690796,34.085922,34.535614,32.544506,31.708992,27.599264,28.868137,23.70588,23.791344,23.849415,26.477709,23.070063,28.063726,25.636847,27.82619,30.880718,27.319988,31.557325,31.215292,31.145494,26.312878,20.799868,21.747776,17.92001,21.823227,16.796438,22.275835,20.646793,22.987562,21.781645,20.513515,18.821434,18.714624,14.414561,15.393452,12.342297,16.725164,13.312708,19.182434,19.860027,23.572199,25.171682,22.75832,29.286932,28.009007,24.82644,25.145838,21.263794,25.529734,19.68794,23.105663,17.045181,19.382719,20.232903,16.21445,14.740725,10.093985,9.721707,6.1922216,5.9364734,6.697096
15,29.913519,26.351925,23.63237,21.6819,18.15144,17.949167,14.071093,12.557399,11.346452,7.2691393,11.217086,11.440923,9.4127245,7.165709,5.2000456,0.0,4.808301,5.3070855,9.807847,12.89057,15.169091,19.795504,21.565302,24.594944,26.555218,24.873821,24.413452,20.30865,16.78838,14.721136,9.740676,10.698133,6.993686,11.505618,10.8131895,13.888707,15.172553,13.518448,14.837181,11.824054,16.025387,11.508618,14.876023,19.837708,19.058294,22.085722,23.32592,26.777758,29.685335,30.910006,29.145967,29.672077,27.499287,26.90132,22.64094,24.074451,19.021448,19.218447,19.832504,22.453657,19.156658,23.951738,21.25054,23.773554,26.577818,23.654362,27.895855,27.403364,28.107971,23.545057,17.494125,19.11464,15.166386,20.322273,15.339241,20.988264,20.059614,21.987104,21.44333,21.01868,18.66657,17.573214,13.644077,13.229997,9.418206,13.281346,9.386636,15.205968,15.729732,19.622911,21.578163,19.85785,26.391428,25.754702,22.911705,23.871923,20.139124,24.02005,18.394464,20.36861,14.619024,16.65646,17.190462,13.756991,12.384987,9.030217,7.312973,6.815533,5.512631,9.020683
16,31.464724,27.985392,25.338087,24.111721,20.396034,20.804298,17.310366,15.844289,15.679862,11.789157,15.157554,15.768866,12.866283,10.650477,7.1136384,4.808301,0.0,4.499689,6.3716393,10.494294,12.979702,17.378222,19.905323,22.046053,24.811363,23.853607,23.07111,19.396872,15.778162,13.37582,9.332038,8.840576,7.7186465,9.225724,10.461159,12.443257,15.027719,14.532883,15.172404,12.953389,16.077824,12.792576,16.398869,20.281307,20.161043,22.353397,23.537895,26.88281,29.756435,31.520351,29.87793,31.080486,28.739264,29.022863,24.58408,26.405659,21.691595,21.793282,23.149813,25.935705,22.839188,27.256626,24.050295,26.626883,28.479652,26.102427,29.830221,28.536106,29.402552,25.45147,19.610378,22.06399,18.621311,24.253508,19.708578,25.423037,24.78385,26.76453,26.247318,25.735214,23.38258,22.333603,18.436556,17.84367,13.761115,17.089186,11.9804125,16.811754,16.156454,19.914799,21.227352,19.759521,25.732302,25.835526,23.300209,23.531445,19.915104,22.491222,16.67017,18.192102,12.561869,13.483646,13.687887,9.698901,9.053828,4.6736746,6.3716173,6.6795917,8.385188,11.552665
17,30.16161,26.336512,24.44198,22.546043,18.852236,20.106697,15.579718,15.899929,15.2043085,11.774537,16.359524,16.358494,14.440831,12.468534,9.679081,5.3070855,4.499689,0.0,5.527393,7.59178,10.007096,14.510951,16.60721,19.44706,21.610748,20.11482,19.359076,15.442919,11.851411,9.860004,4.98717,6.7289658,7.5721483,9.925024,11.870843,14.529481,16.510305,15.286063,14.879279,12.132167,14.24616,9.55123,12.662419,16.249964,15.693707,18.035679,19.163403,22.565695,25.44756,27.099459,25.495838,26.666159,24.479044,24.83274,20.553644,22.76867,18.21086,18.817657,20.481884,22.75362,19.642456,23.47186,19.935328,22.455162,24.029194,21.904377,25.549603,24.230434,25.45527,21.673386,15.660627,18.53754,15.317122,21.589626,17.52496,23.130348,23.260088,25.104046,25.17477,25.271368,22.867702,21.149895,17.317707,15.741189,11.357153,13.78467,8.21573,12.539671,11.854432,15.707022,17.360222,16.269905,22.354881,22.650965,20.324692,21.231012,17.802322,20.496326,15.127672,15.699252,10.402347,11.813543,12.1875105,9.380156,8.06554,6.9705024,4.7388206,7.8058376,8.101293,12.211716
18,30.175615,26.557673,24.841475,23.901169,20.156044,22.112843,18.33299,18.694225,19.27233,16.184317,20.42279,21.24156,18.922361,16.47632,13.419144,9.807847,6.3716393,5.527393,0.0,5.678443,7.196678,11.58895,14.081544,15.816855,18.822294,18.4392,17.982243,14.550473,11.74899,8.192406,7.1171165,4.1803503,8.889383,7.118958,11.492994,12.858567,15.796296,15.72966,14.29301,12.748153,13.189083,11.035566,14.196366,16.330715,17.338291,18.325983,19.743109,22.667305,25.808498,27.68064,26.027143,27.9364,25.332495,26.726948,22.215395,24.533945,20.602177,20.800413,23.270893,25.915781,23.29323,26.847792,23.108706,25.889217,26.519997,25.441294,28.530806,26.432737,28.267052,25.326,19.591982,23.131334,20.290129,26.850527,22.943073,28.470804,28.609304,30.244802,30.290625,30.371664,27.668354,25.961992,22.544142,20.900532,16.613468,18.614317,13.051637,15.954276,14.001254,17.422623,18.44538,18.252308,23.270023,24.775356,23.043497,23.397657,20.349195,21.21091,16.105284,14.994031,10.822715,9.637731,8.673117,5.8316026,6.8496594,6.5406003,8.375868,11.547491,13.223388,16.98757
19,32.43706,28.496277,27.718159,26.080437,22.497257,25.178768,20.454773,22.25537,22.01583,19.083155,23.900839,23.747936,21.821978,20.035845,16.812979,12.89057,10.494294,7.59178,5.678443,0.0,3.7640915,7.124389,10.482044,12.441073,15.263932,14.410505,12.792325,9.788335,6.3816066,5.393801,5.0702953,6.7942924,13.041174,12.134148,16.550236,18.248133,20.805061,20.231312,18.10967,16.216217,15.276193,11.8186655,13.578644,13.835847,13.8364935,14.330273,15.034094,18.066172,20.682161,23.195389,22.018759,24.339329,22.283882,24.247028,20.33243,23.528969,20.15833,21.212715,24.00158,25.683907,23.057446,25.332607,20.953419,23.183607,22.643448,21.961355,24.31263,21.608452,23.58303,21.419382,16.336517,20.570126,18.721655,25.570362,22.782509,28.003363,29.185553,30.92102,31.561068,32.10017,29.718245,27.531483,23.883238,21.48823,17.12014,17.88955,11.937107,12.602372,9.628552,12.459507,13.050193,13.439398,17.875992,19.984587,18.797764,19.379667,16.881348,16.957073,12.783663,10.01361,7.1685615,5.9178042,5.5996914,5.8641067,5.5626106,9.576107,8.567302,13.199134,14.595596,18.460587
20,30.36498,26.468222,26.200691,24.800886,21.373463,24.72135,20.213194,22.727512,23.046038,20.678553,25.692888,26.003038,24.434563,22.249329,19.527887,15.169091,12.979702,10.007096,7.196678,3.7640915,0.0,5.0116444,7.095331,9.459144,11.9375305,11.418196,11.017425,7.7811036,6.4939213,2.8142383,7.0281997,6.386551,13.617897,11.91,16.731943,18.239143,20.527191,20.041416,17.073528,15.656001,13.302237,11.075681,12.329546,11.440356,12.8765335,12.398773,13.731762,16.199673,19.397566,21.43533,19.990362,22.596462,20.148445,22.681812,18.668953,21.83308,19.066416,19.935366,23.235146,24.988152,22.83342,24.808657,20.503353,23.043697,22.122194,22.437288,24.596354,21.757133,24.591806,22.898802,17.820715,22.208652,20.406412,27.42847,24.660452,29.639097,30.871908,32.234657,33.03818,33.83661,31.127645,28.708529,25.628853,22.926567,18.796204,19.061275,13.834257,13.796053,10.665496,13.100275,13.904451,15.383894,19.084253,21.90805,21.168156,22.113184,19.946522,19.512785,16.01551,11.883521,10.536211,8.309682,6.765835,8.314718,9.079801,12.611466,12.0195875,16.592216,17.574726,21.641981
21,33.8403,29.977228,30.283009,28.898897,25.663288,29.369518,24.763172,27.665314,27.842245,25.466963,30.52184,30.505882,28.857027,26.943426,23.906168,19.795504,17.378222,14.510951,11.58895,7.124389,5.0116444,0.0,5.366425,5.736239,9.006107,9.310959,7.4825954,6.5427165,6.7131863,6.7522736,10.989616,11.322144,18.62591,16.431686,21.55532,22.72458,25.178276,24.88255,21.61329,20.445383,17.316965,15.498977,15.886854,12.999591,14.168017,12.304969,12.813986,14.660888,17.162119,20.008512,19.16142,22.508173,20.521431,23.957777,20.635967,24.276844,22.300898,23.504883,27.039015,28.259974,26.308563,27.292976,22.697334,24.72589,22.450994,23.513826,24.639463,20.974249,24.01479,23.493391,19.486946,24.229094,23.2829,30.219597,28.216516,32.93781,34.721977,36.147533,37.2115,38.164196,35.63301,33.06965,29.885078,26.95163,22.870779,22.559742,17.369104,15.760143,11.94808,12.93895,12.634286,15.058217,16.924683,20.871199,20.966467,21.621897,20.253578,18.180891,16.082468,10.07785,11.469529,8.234429,6.6216664,10.427861,11.279316,16.071043,15.489484,20.201353,21.52636,25.39221
22,30.251333,26.425928,27.528763,26.120623,23.283726,27.657246,23.24251,27.140684,27.679546,26.103716,31.393627,31.752277,30.76829,28.506462,26.255987,21.565302,19.905323,16.60721,14.081544,10.482044,7.095331,5.366425,0.0,5.2362847,5.010504,4.898789,7.006432,5.186783,8.667933,6.8503723,12.752411,12.143239,19.049553,17.143723,21.859768,23.220198,24.915506,24.321703,20.344484,19.47015,15.07819,14.246448,13.631203,9.231478,12.187995,9.206721,10.886396,11.729003,15.365271,16.8809,15.451593,18.882748,16.365381,20.316286,17.060448,20.536406,19.478329,20.554996,24.485266,25.569729,24.265985,24.770462,20.50481,22.880241,20.485544,22.716713,23.846638,20.532644,24.651043,24.328196,20.177284,24.770357,23.75787,30.706396,28.725645,32.999687,34.83407,35.735554,37.050724,38.39501,35.534634,32.663033,30.26677,26.963705,23.351995,22.38206,18.388605,16.321276,13.052477,13.838406,14.473482,17.689758,19.452328,23.477287,23.755053,25.252806,23.9579,22.527138,20.659725,14.699202,15.866781,13.3530855,11.647574,14.7692375,15.642165,19.68537,18.620598,23.380856,23.863096,28.016369
23,33.85846,30.30552,31.240374,30.424425,27.517912,31.781534,27.72614,31.012388,31.827263,29.88264,34.943146,35.407734,33.885098,31.623539,28.84508,24.594944,22.046053,19.44706,15.816855,12.441073,9.459144,5.736239,5.2362847,0.0,5.2496605,8.25611,8.611819,9.282562,11.781451,10.58675,16.134977,14.854584,22.200247,19.031918,24.364729,24.993174,27.29033,27.364445,23.412027,23.01742,18.613182,18.671364,18.604477,14.422828,17.158482,13.97106,14.931607,15.352413,18.084774,20.36027,19.435408,23.278004,20.991663,25.299437,22.22005,25.615913,24.621246,25.492748,29.467209,30.755098,29.41506,29.98752,25.656328,27.847013,24.9745,27.202633,27.853626,23.992945,27.773512,27.961288,24.25222,29.002232,28.146803,35.108032,33.125935,37.63218,39.409496,40.50862,41.66559,42.785393,39.960995,37.2708,34.58556,31.50696,27.639526,27.05263,22.436167,20.513134,16.831018,17.253143,16.86444,20.018234,20.647573,25.31027,25.924091,26.617857,25.6319,22.808596,21.400793,14.8453455,17.08731,13.304899,11.082644,14.943857,16.536743,20.862326,20.986063,25.59934,26.894016,30.861965
24,32.034153,28.459612,30.246212,29.088339,26.624697,31.36898,27.235308,31.496607,32.23796,30.913963,36.221745,36.65432,35.76373,33.4569,31.24858,26.555218,24.811363,21.610748,18.822294,15.263932,11.9375305,9.006107,5.010504,5.2496605,0.0,4.448737,7.851871,8.599144,12.88249,11.838704,17.714096,16.873604,23.706478,21.36876,26.151663,27.206446,28.7937,28.374481,24.036785,23.590456,18.494232,18.624235,17.48098,11.982766,15.290358,11.222836,12.577258,11.858621,15.121499,16.35403,15.227834,19.205303,16.879967,21.685581,19.174377,22.563913,22.561771,23.602642,27.733755,28.512394,27.703474,27.435463,23.36596,25.494213,22.191729,25.446957,25.789839,22.164873,26.760672,27.357794,23.934803,28.53057,27.948236,34.743507,33.148766,37.105064,39.1843,39.901188,41.404243,42.936497,40.021263,37.01595,34.88881,31.424074,28.014643,26.659925,23.081581,20.350695,17.102562,17.007547,17.190039,21.007181,21.358648,26.055492,26.939075,28.425571,27.649187,25.389027,24.409101,17.769142,20.088442,17.209314,15.389617,19.020378,20.124641,24.382544,23.518381,28.305716,28.83846,32.97248
25,31.009083,27.14921,29.073254,27.19045,24.8022,29.506855,24.868984,29.63092,29.839241,28.708086,34.173504,34.2269,33.744785,31.670355,29.739773,24.873821,23.853607,20.11482,18.4392,14.410505,11.418196,9.310959,4.898789,8.25611,4.448737,0.0,5.9819207,5.659735,10.610441,10.523211,15.71681,16.197695,22.510565,21.38341,25.63593,27.315271,28.536613,27.525318,23.397455,22.367392,17.669945,16.454426,14.629055,8.617367,11.162925,6.8611493,8.320775,7.708316,11.570651,12.496127,11.22443,15.095145,12.99243,17.660051,15.426036,19.203669,19.250948,20.780258,24.726645,24.98011,24.116035,23.372555,19.19769,21.133574,17.753965,21.124804,21.511518,18.148458,22.986658,23.487911,20.172667,24.640097,24.289532,30.911137,29.68005,33.313843,35.684086,36.34079,38.070614,39.81435,37.059906,33.890175,31.843224,28.157341,24.999287,23.138878,20.118599,16.77641,13.889466,13.554643,14.32125,18.276337,19.068466,23.320711,24.125834,26.214327,25.430958,24.039074,23.10872,16.88861,18.859358,17.068733,15.87185,19.191591,19.567633,23.888811,21.911213,26.768854,26.718977,30.84542
26,35.90878,31.880178,33.22119,31.048355,28.295511,32.465477,27.295912,31.473074,30.991674,29.143276,34.540436,33.87392,32.95372,31.442905,28.80788,24.413452,23.07111,19.359076,17.982243,12.792325,11.017425,7.4825954,7.006432,8.611819,7.851871,5.9819207,0.0,4.7860284,7.905744,11.081193,14.698874,16.987637,23.645052,22.693905,27.236235,28.972742,30.789026,29.827091,26.293812,24.768656,21.11945,18.428362,17.135756,12.196826,11.949969,8.727156,7.689127,8.510253,10.041906,13.539404,13.577166,17.42876,16.523775,20.609192,18.732498,22.98689,22.214865,24.214333,27.735323,27.704794,26.142101,25.318634,20.586855,21.725609,17.749268,20.108261,19.877209,15.646181,19.562628,20.572098,18.11733,22.882732,23.187357,29.680536,29.01159,32.827976,35.585564,36.798584,38.5143,40.04625,37.786938,34.768185,31.881796,28.329033,24.810965,23.102839,19.12948,15.130304,11.5519705,10.278295,9.658552,13.768945,13.549214,18.292595,19.466387,21.080038,20.764982,18.526567,18.45213,11.824122,15.116843,13.65167,13.292305,17.14703,16.940182,22.196306,19.852959,24.762726,25.224163,29.011639
27,31.867506,27.744137,28.810083,26.505466,23.66066,27.721079,22.51907,26.730433,26.312922,24.63463,30.082962,29.650177,28.948557,27.231602,24.978827,20.30865,19.396872,15.442919,14.550473,9.788335,7.7811036,6.5427165,5.186783,9.282562,8.599144,5.659735,4.7860284,0.0,5.0007772,6.943338,10.717608,12.96275,19.202463,18.844185,22.975943,25.021572,26.537357,25.31916,21.896849,20.166111,16.807884,13.661193,12.437487,8.165937,8.278946,5.9008675,6.4319263,8.557834,11.697081,13.877079,12.906283,16.061544,14.40978,17.828142,15.118229,19.218292,17.86748,19.7491,23.227072,23.536036,21.844662,21.731636,17.051039,18.82602,16.110529,17.926981,18.90107,15.536725,19.49737,19.203672,15.436424,20.123148,19.685162,26.46231,25.172972,29.18068,31.564121,32.654312,34.243248,35.750652,33.300026,30.291224,27.589323,24.053688,20.544096,18.995787,15.146766,11.859073,8.519539,8.739319,9.7074795,13.12088,15.198136,18.819641,19.118362,21.144133,20.019903,19.28547,17.834713,12.274113,13.532188,12.613395,12.140288,15.071938,14.7349,19.289148,16.637247,21.537561,21.544847,25.551384
28,33.55536,29.362022,29.59692,27.151407,23.955101,27.248274,21.798462,25.111893,24.170895,21.82603,27.093088,26.212765,25.109604,23.778927,21.049196,16.78838,15.778162,11.851411,11.74899,6.3816066,6.4939213,6.7131863,8.667933,11.781451,12.88249,10.610441,7.905744,5.0007772,0.0,6.393684,7.097821,11.33506,17.183975,17.385939,21.344114,23.549967,25.436357,24.199738,21.592867,19.376276,17.486792,13.024503,12.849064,11.007534,9.314774,9.352541,9.0455475,12.3080435,14.432564,17.310665,16.61649,19.128986,17.823673,20.166609,17.19692,21.173388,18.664957,20.612473,23.525375,24.028204,21.617723,22.282038,17.451008,18.99932,17.171978,17.224121,18.748728,15.577703,18.180536,16.973833,12.782073,17.549288,16.918177,23.736403,22.272415,26.74326,28.994486,30.568092,31.901123,33.05648,30.928778,28.207777,24.785877,21.597836,17.676516,16.794151,11.773876,9.169308,5.251225,6.7345753,7.5104647,9.48217,13.1665745,15.892033,15.500514,17.146706,15.531594,15.436832,13.168554,8.707116,8.721937,8.94123,9.469768,11.684009,10.491036,15.294828,12.091208,16.999899,17.321827,21.134182
29,28.22757,24.215286,24.187372,22.472748,19.143862,22.71528,18.01104,21.14111,21.400969,19.446392,24.67571,25.029024,23.941038,21.6651,19.483099,14.721136,13.37582,9.860004,8.192406,5.393801,2.8142383,6.7522736,6.8503723,10.58675,11.838704,10.523211,11.081193,6.943338,6.393684,0.0,6.3759117,6.032562,12.690475,11.925215,16.165165,18.118568,19.844616,18.909592,15.749975,14.101018,11.500886,8.75029,9.58617,8.855237,10.602307,10.435356,12.272425,14.757558,18.383177,19.804876,18.066593,20.367958,17.748632,20.050093,15.914142,19.024624,16.294342,17.230967,20.59738,22.261808,20.230774,22.154709,17.95882,20.708008,20.10278,20.59506,23.02,20.562065,23.736874,21.848597,16.498726,20.755037,18.816881,25.868156,23.081089,27.854805,29.128057,30.263767,31.212492,32.229084,29.40346,26.797028,24.056868,21.117022,17.212965,17.10905,12.509218,12.359273,9.678484,12.325262,13.831397,15.492032,19.54107,22.111187,21.300316,22.809956,20.593786,20.863201,17.426607,13.53748,11.956859,10.667422,9.494833,10.616781,10.914343,13.914067,12.454845,17.025463,17.270184,21.497648
30,30.365347,26.263945,25.37197,23.005764,19.486395,21.8027,16.540878,18.690746,17.73573,14.999957,20.14592,19.638483,18.395044,16.75936,14.275903,9.740676,9.332038,4.98717,7.1171165,5.0702953,7.0281997,10.989616,12.752411,16.134977,17.714096,15.71681,14.698874,10.717608,7.097821,6.3759117,0.0,6.9223275,10.729651,12.3985195,15.290567,17.960121,19.68598,18.216957,16.626078,13.896382,14.104573,8.62501,10.360573,12.406357,11.270814,13.350113,14.230303,17.680649,20.467287,22.281443,20.864834,22.327528,20.392075,21.286114,17.343033,20.313524,16.36411,17.672,19.920218,21.404163,18.476917,21.092722,16.925968,19.227964,19.81649,18.36058,21.512247,19.747967,21.541918,18.42344,12.57725,16.357653,13.97751,20.865767,17.849783,23.03941,24.200302,25.877235,26.617857,27.324675,24.991964,22.659924,19.051096,16.466358,12.148688,12.855489,7.0113416,8.840509,7.2708015,11.063448,12.888338,12.629939,18.379059,19.317204,17.543467,19.035652,16.134533,18.22803,13.812741,12.669437,8.660096,10.0821085,10.5717945,9.739212,8.162005,10.355828,6.691033,11.276104,11.130055,15.301267
31,26.387514,22.667318,21.370558,20.33528,16.663462,19.302067,15.45566,16.910118,17.91218,15.655328,20.362934,21.57318,20.065208,17.226274,15.221545,10.698133,8.840576,6.7289658,4.1803503,6.7942924,6.386551,11.322144,12.143239,14.854584,16.873604,16.197695,16.987637,12.96275,11.33506,6.032562,6.9223275,0.0,7.442581,6.1211734,10.381186,12.268383,14.324409,13.7756405,11.353546,9.821878,9.210353,7.5369253,10.647717,12.962307,14.954567,15.826639,17.896826,20.517141,24.239153,25.346617,23.312458,25.040413,22.069813,23.451002,18.734118,20.802843,17.12159,17.1042,19.933767,22.70639,20.461159,23.975891,20.463026,23.63947,24.444868,23.994385,27.241865,25.408472,27.963623,25.090506,19.070576,22.60386,19.615347,26.362492,22.395866,27.623905,27.807417,28.980698,29.259943,29.729727,26.64965,24.588648,21.881767,19.787504,15.817186,17.231579,12.597172,15.147251,13.455603,16.9152,18.551609,19.062567,24.051132,25.796858,24.256996,25.328188,22.422327,23.521166,18.849398,16.805166,13.295765,12.17918,10.8466,9.409725,10.2792845,10.458624,10.788483,14.229088,14.711619,18.833685
32,23.78556,20.373253,17.62938,16.556486,12.834751,13.592521,10.642696,9.8939295,11.4443865,9.437749,13.561734,15.85335,14.820841,11.272149,11.076253,6.993686,7.7186465,7.5721483,8.889383,13.041174,13.617897,18.62591,19.049553,22.200247,23.706478,22.510565,23.645052,19.202463,17.183975,12.690475,10.729651,7.442581,0.0,6.3489037,5.10376,8.748092,9.395927,7.7332067,7.9194345,5.27487,9.6833,7.843675,11.853149,16.976465,18.387074,20.60179,22.845236,25.659016,29.480604,29.864502,27.519522,28.189156,25.164822,25.006996,20.150694,20.921782,16.31496,15.466204,16.923628,20.55722,18.135706,23.243475,20.903885,24.319109,26.976118,25.48212,29.699001,29.033539,31.041216,27.03045,20.57935,22.752188,18.71815,24.45148,19.328579,24.499191,23.377407,24.33251,23.933804,23.968414,20.585085,19.095467,16.928526,15.880708,12.670898,15.477651,12.591041,17.395817,17.364338,21.263063,23.524189,23.100826,29.099129,29.607061,27.32849,28.645723,25.206076,27.995602,22.668451,22.56575,17.750957,18.080677,17.390701,14.569389,14.683033,11.911634,12.039495,13.206844,12.354089,15.953612
33,24.971647,21.903772,19.460325,19.738705,16.133299,17.796364,15.809009,15.238705,17.642519,15.585249,19.108316,21.607986,19.759045,16.255316,14.8456335,11.505618,9.225724,9.925024,7.118958,12.134148,11.91,16.431686,17.143723,19.031918,21.36876,21.38341,22.693905,18.844185,17.385939,11.925215,12.3985195,6.1211734,6.3489037,0.0,5.734575,6.3305883,9.16246,9.975809,8.407084,8.369983,9.4929695,10.925205,14.65134,17.88997,20.571358,21.482738,23.84596,26.255686,30.198008,30.975399,28.681177,30.191381,26.847929,27.884596,22.899374,24.004856,20.192204,19.159575,21.553303,25.267866,23.264248,27.765514,24.966158,28.452528,29.972937,29.32814,32.937866,31.394733,33.80895,30.550383,24.32422,27.320484,23.756086,29.98983,25.212578,30.501907,29.6531,30.647167,30.280281,30.2371,26.846123,25.417698,23.20445,22.022903,18.484058,20.871687,16.911844,20.628294,19.364197,22.95295,24.554667,24.725399,29.862062,31.388285,29.56812,30.272152,27.084238,28.323633,23.147991,21.905653,17.911255,16.457495,14.807662,12.211288,13.8479395,11.463273,14.086907,15.862711,16.648592,20.20548
34,22.784218,20.06728,16.500942,16.944883,13.532674,13.6171465,12.957187,10.496302,13.744238,12.342822,14.873161,18.36588,17.044384,13.100188,13.35732,10.8131895,10.461159,11.870843,11.492994,16.550236,16.731943,21.55532,21.859768,24.364729,26.151663,25.63593,27.236235,22.975943,21.344114,16.165165,15.290567,10.381186,5.10376,5.734575,0.0,3.9783013,4.669535,4.9086137,6.330271,6.192257,10.623132,11.89871,15.773643,20.548164,22.880447,24.609692,27.124876,29.651285,33.71332,33.93525,31.411709,32.19475,28.819845,28.835339,23.836374,24.034735,19.80615,18.192625,19.589407,23.827303,21.880304,27.289537,25.354832,28.974184,31.666088,30.459003,34.66467,33.90953,36.0702,32.12758,25.681055,27.796179,23.666756,29.095438,23.692749,28.710318,26.951408,27.65948,26.81377,26.482712,22.866762,21.919855,20.399118,19.985891,17.25553,20.269806,17.67022,22.441578,22.163134,26.004208,28.085232,27.791166,33.574932,34.341763,32.093918,33.088417,29.608078,31.976664,26.486635,26.278053,21.576092,21.125408,19.94276,16.854517,17.781546,14.130811,16.073063,16.527645,16.31029,19.334593
35,24.019934,21.779108,18.087305,19.50817,16.347942,16.45708,16.617275,13.853782,17.438263,15.976662,17.840706,21.55945,19.77418,15.898278,15.720926,13.888707,12.443257,14.529481,12.858567,18.248133,18.239143,22.72458,23.220198,24.993174,27.206446,27.315271,28.972742,25.021572,23.549967,18.118568,17.960121,12.268383,8.748092,6.3305883,3.9783013,0.0,4.3703446,7.225299,8.201459,9.493284,12.572915,15.173392,18.974188,23.100208,25.91763,27.166075,29.721054,32.081726,36.18427,36.56582,34.04861,35.143684,31.613424,32.046246,26.989742,27.186913,23.26685,21.481115,23.1019,27.46014,25.693539,31.004467,28.98546,32.645912,35.001377,34.033134,38.06108,36.98883,39.225777,35.492382,29.107805,31.45377,27.418104,32.925793,27.530518,32.614433,30.75482,31.487226,30.488043,29.956535,26.37222,25.658987,24.154678,23.910494,21.099115,24.149618,21.15157,25.721527,25.023481,28.773449,30.555403,30.379667,35.85188,36.95221,34.81486,35.437992,32.003307,33.771976,28.25842,27.84184,23.3843,22.22981,20.69235,17.547653,19.109434,15.22439,18.450418,18.758617,19.282835,22.072754
36,20.454607,18.500738,14.298026,16.062315,13.290992,12.8061075,14.22772,11.1970825,15.594802,15.2512865,16.789362,21.05734,20.14783,16.112696,17.197367,15.172553,15.027719,16.510305,15.796296,20.805061,20.527191,25.178276,24.915506,27.29033,28.7937,28.536613,30.789026,26.537357,25.436357,19.844616,19.68598,14.324409,9.395927,9.16246,4.669535,4.3703446,0.0,3.9212077,6.2198734,8.073967,11.942197,15.067441,18.560364,23.27195,26.273119,27.784843,30.61187,32.820324,37.156357,36.904667,34.144276,34.763588,31.10935,31.004124,26.001484,25.48682,21.700834,19.42682,20.616894,25.27234,23.889145,29.497393,28.14358,31.974623,34.919884,34.036156,38.330925,37.754913,40.197132,36.257847,29.768251,31.689548,27.445538,32.56227,26.997679,31.64147,29.420332,29.67985,28.615238,28.225105,24.337324,23.658049,23.070723,22.93228,20.820425,23.703495,21.862291,26.540415,26.36343,30.142212,32.33814,32.267036,37.96098,38.858303,36.65434,37.73892,34.266724,36.576633,31.114613,30.661747,26.14938,25.39845,23.941141,21.026943,22.254347,18.531319,20.737728,20.977148,20.596443,23.346548
