,0,1,2,3,4,5,6,7,8,9,10,11,12,13,14,15,16,17,18,19,20,21,22,23,24,25,26,27,28,29,30,31,32,33,34,35,36,37,38,39,40,41,42,43,44,45,46,47,48,49,50,51,52,53,54,55,56,57,58,59,60,61,62,63,64,65,66,67,68,69,70,71,72,73,74,75,76,77,78,79,80,81,82,83,84,85,86,87,88,89,90,91,92,93,94,95,96,97,98,99,100,101,102,103,104,105,106,107,108
0,0.0,4.2734447,6.4168773,9.899743,12.178674,14.634547,17.775469,21.606152,24.558523,27.37625,30.697615,31.84972,28.45712,27.526682,22.540638,23.099463,17.802309,18.94958,15.164435,16.239658,15.666291,11.229682,15.346137,17.453825,17.007708,14.287481,20.014925,22.577417,19.720242,24.44122,22.839909,28.875809,31.759295,34.609863,36.187984,38.957565,42.17998,40.44048,38.29098,34.85951,34.643433,31.126638,28.185549,27.046215,23.745127,22.704807,18.631676,20.348763,19.056038,16.949907,16.339428,14.783303,11.715504,16.0901,19.491957,23.637316,24.760645,27.267542,31.770315,31.723652,28.39821,33.757973,33.207672,33.28464,38.28056,34.737423,38.369186,36.19272,39.759014,35.48609,31.602707,31.408373,29.54847,27.303263,29.966663,25.513464,28.630098,31.181456,32.574436,36.17232,35.04075,31.421524,33.812557,30.037252,29.108149,25.081717,26.474775,20.98391,22.540293,21.309948,22.60497,22.560493,23.589363,26.597357,28.491264,27.69403,29.069662,27.278406,30.867565,30.059347,34.595825,37.03512,38.476616,35.702072,40.50427,34.82562,38.799347,37.091927,39.993134
1,4.2734447,0.0,5.308357,6.5000196,8.947456,12.103796,14.727203,19.135225,21.428087,24.675129,27.580858,29.188576,26.055141,24.724396,19.914156,19.7619,14.451805,15.102186,11.097157,11.997719,11.488941,7.2762833,11.817986,13.607856,14.163249,11.368868,17.358852,19.464424,16.045467,20.65924,19.064169,24.932901,28.156979,30.67231,32.5207,35.26582,38.42675,36.794075,34.420227,30.893751,31.045992,27.436163,24.682203,23.725828,20.546755,19.840273,15.884042,18.236774,17.589132,15.809346,14.646149,14.144926,10.643536,15.503785,17.915707,22.048628,22.525394,25.388754,29.609325,29.524958,26.095121,31.227781,30.187498,30.191813,34.861465,31.230183,34.795113,32.458374,35.825863,31.563816,27.651037,27.237473,25.36746,23.035305,25.764576,21.368317,24.65292,27.284988,28.866913,32.45502,31.53947,27.79323,30.167845,26.301949,25.095152,21.22462,22.316689,16.805252,18.55547,17.521929,19.257076,19.50483,21.254951,24.114134,25.827545,24.691204,25.704731,23.756721,27.175516,26.027098,30.628277,33.065823,34.36508,31.5626,36.27774,30.583437,34.570217,32.872112,35.850742
2,6.4168773,5.308357,0.0,5.180845,6.8308344,8.437988,11.91216,15.231055,18.4775,21.06742,24.56876,25.512247,22.152815,21.442562,16.387012,17.354359,12.392888,13.973701,11.749209,13.215463,14.272598,11.15913,16.031551,16.53498,17.578331,13.687112,19.24943,20.839489,16.310911,20.873428,18.2798,24.643078,26.297337,29.564238,30.724203,33.381924,36.787235,35.08471,33.30608,30.288038,29.595507,26.861961,23.406527,23.327505,19.242378,19.681152,15.88228,18.250044,17.36475,14.69452,12.790153,11.273591,6.84611,10.98856,14.188564,17.969501,19.45434,22.210926,26.400934,26.999361,23.955206,29.656355,28.931753,29.671944,34.354874,31.521093,35.21397,33.359737,36.801426,33.091125,28.774694,28.640991,25.993383,24.501589,25.95942,21.429857,24.223228,26.297121,27.476707,31.044647,29.481186,25.991951,28.173187,24.57204,24.272158,19.95948,22.507048,17.924692,20.052485,19.988964,21.65885,22.810335,24.113243,27.749998,29.794008,28.698824,29.137957,27.578087,30.260237,28.750715,33.30322,35.52395,36.627983,33.858826,38.054173,32.185383,35.83041,33.51378,36.3526
3,9.899743,6.5000196,5.180845,0.0,3.8335547,6.03276,9.062958,13.008163,15.168226,18.564873,21.142014,22.814348,19.75393,18.264988,13.538745,13.301958,8.048432,9.22067,6.642255,8.618566,10.143527,8.287684,13.222617,13.261149,15.961732,12.410742,17.898115,18.689543,13.1124935,17.305939,14.453328,20.53205,22.517517,25.12771,26.814083,29.310266,32.741634,31.319235,29.154627,26.034708,26.039507,23.311129,20.129433,20.617786,16.686966,17.93758,14.537573,17.7867,17.85038,15.801067,13.240672,13.331769,8.8809595,12.956448,14.425756,17.875435,18.410654,21.71681,25.321383,25.979103,22.867174,28.15477,26.61613,27.28732,31.33503,28.406303,31.945578,29.80453,32.81278,29.138842,24.812397,24.124157,21.391045,19.5493,20.890419,16.3135,19.184319,21.448906,22.822971,26.4115,25.21551,21.547571,23.98182,20.251707,19.584898,15.514921,17.84241,13.49613,16.196402,16.613008,19.04568,20.524427,22.881329,26.02638,27.651962,26.05452,26.043694,24.05911,26.59757,24.38191,29.052204,31.301384,32.043625,29.177729,33.11132,27.153332,30.69216,28.358805,31.185274
4,12.178674,8.947456,6.8308344,3.8335547,0.0,5.3342385,5.7825513,10.931595,12.680983,15.91106,19.111988,20.821053,18.240053,17.078451,12.4406395,12.031108,7.7915998,7.7792754,7.8136997,8.0959425,10.887632,10.194271,14.288772,12.818611,15.389713,11.227184,15.970594,16.327085,10.379047,14.567176,11.515719,17.900904,19.642838,22.860695,24.07925,26.880829,30.121202,28.398294,26.498585,23.466581,22.882465,20.228905,16.78961,17.31006,13.087164,14.710181,11.547841,14.881126,15.153312,13.089757,10.08273,10.816238,6.8785152,10.638373,11.025921,14.532495,14.640487,17.977488,21.584265,22.147753,19.051199,24.39844,22.986217,23.8556,28.041727,25.429173,29.054848,27.264324,30.514355,27.173073,22.65864,22.618675,19.57221,18.939331,19.860106,15.602901,18.722782,20.504478,22.055279,25.559278,24.06686,20.348915,21.947842,18.1803,17.700773,13.323966,15.983226,12.072985,14.466422,15.461393,17.484547,19.659216,21.522081,25.257063,27.231867,25.856133,25.353586,24.219204,25.823896,23.94515,28.275455,30.231386,31.187418,28.572033,32.42055,26.674995,30.268633,27.710693,30.805979
5,14.634547,12.103796,8.437988,6.03276,5.3342385,0.0,6.0125155,7.2807293,10.611392,13.329504,16.265053,17.265158,13.970196,13.037965,8.017306,9.294786,5.3467054,8.135935,9.334288,11.54968,14.46271,13.91711,18.49349,17.414083,20.598133,16.553549,21.13596,21.096478,14.454141,17.867735,13.735252,19.832108,19.452738,22.758373,23.643127,25.842136,29.616095,28.284761,26.831778,24.50652,23.660324,22.34666,18.465662,20.509235,15.706384,18.822891,16.162222,19.4295,19.60633,17.08475,13.723629,13.470444,9.042967,10.753945,11.796519,13.994632,15.494926,18.834873,21.841652,23.55338,21.099735,26.71377,25.222294,26.822075,30.426079,28.588324,32.094223,30.497211,33.30471,30.44736,25.819792,25.275011,21.661804,20.89667,20.334803,15.911376,17.79076,19.137978,19.90745,23.374203,21.374746,18.113861,20.343523,17.09749,17.768147,13.409751,17.749668,15.319877,18.35583,19.94316,22.334837,24.669096,26.777103,30.40101,32.180225,30.537165,29.856031,28.208187,29.860662,27.121473,31.573393,33.509415,33.859844,31.096375,34.158386,28.167698,31.07861,28.005468,30.530996
6,17.775469,14.727203,11.91216,9.062958,5.7825513,6.0125155,0.0,6.60403,7.318994,10.362567,13.98504,15.715954,13.860415,13.033371,9.089735,8.502379,7.143787,6.305534,10.437371,10.187603,14.131474,15.007827,18.339779,15.535341,18.71313,14.558654,17.728802,16.85031,9.980786,12.791293,8.486334,14.723275,14.542869,18.53513,18.991735,21.814003,25.111584,23.306553,21.957178,19.542229,18.134436,16.668007,12.60925,14.788476,9.819402,13.772186,11.979468,15.367178,16.227695,14.299392,10.618459,12.059768,9.340736,10.574507,8.661637,10.727697,10.4268265,14.083124,16.84218,18.12601,15.57254,20.894466,19.218204,20.91912,24.511562,22.95171,26.48189,25.249378,28.282848,25.841087,21.09716,21.392376,17.542616,18.469826,17.689045,14.021209,16.58938,17.366405,18.76526,22.029488,19.984648,16.471405,17.140049,13.6358385,14.117412,9.478901,13.78522,12.164395,14.603991,16.934166,18.844904,21.969555,23.699009,27.711338,29.746984,28.320477,26.96169,26.395588,26.778694,24.542538,28.424349,29.94382,30.614798,28.254416,31.292484,25.762024,28.871996,25.721212,28.775305
7,21.606152,19.135225,15.231055,13.008163,10.931595,7.2807293,6.60403,0.0,5.3403487,6.337764,10.113908,10.354001,7.6270967,7.8798084,4.0966964,6.8766,8.175087,9.860378,14.320567,15.628043,19.41328,20.14724,24.01314,21.68247,25.219448,21.0704,24.282372,23.202885,16.228947,18.13498,13.278555,18.345537,14.953691,19.12312,18.754452,20.64853,24.571966,23.274677,22.809265,21.597382,19.631716,20.201286,15.883996,19.701244,14.610067,19.615984,18.275883,21.342018,21.945444,19.558084,15.8329315,16.06453,13.137615,12.192372,11.046557,10.671982,12.46332,15.608655,17.200878,20.109676,18.680243,24.031792,22.461737,25.061762,27.812962,27.38586,30.654236,29.792982,32.26704,30.537117,25.820375,25.654371,21.316841,22.234787,19.666992,16.224535,17.018381,16.849373,17.060194,20.029766,17.042418,14.466566,15.509762,13.172327,15.540573,11.500443,17.48909,17.533487,20.394293,23.08818,25.24659,28.431913,30.28303,34.24278,36.137287,34.50311,32.996162,31.995203,32.386555,29.374714,33.26178,34.68786,34.712765,32.285378,34.32671,28.713362,30.914478,27.15552,29.453447
8,24.558523,21.428087,18.4775,15.168226,12.680983,10.611392,7.318994,5.3403487,0.0,4.5932646,6.7004533,9.024923,8.502307,7.4535975,6.510313,5.18917,9.043872,8.515451,14.372474,14.686266,18.7493,20.712626,23.641733,20.508047,24.62876,20.996103,23.271519,21.35797,14.334633,14.898767,9.992687,13.810448,9.753891,13.809341,13.562418,15.612397,19.446554,18.217337,17.504814,16.401781,14.728219,15.777802,11.784427,16.587227,12.11329,17.95448,17.563745,20.855972,22.221844,20.610138,16.918606,18.452087,16.150898,15.812381,13.00748,12.362641,11.936123,15.301229,15.840204,18.449926,17.111408,21.495644,19.058592,21.659872,23.541878,23.381378,26.375727,25.548006,27.604277,26.32995,21.721268,21.507545,16.960964,18.777891,15.437035,12.852706,13.60255,12.831729,13.529435,16.305449,13.543942,10.633999,10.641219,8.057882,10.670821,7.0624795,13.37254,15.033356,17.734255,21.054207,23.30455,26.856117,29.06794,32.693794,34.355953,32.56978,30.495655,29.776638,29.365881,26.14367,29.608704,30.749647,30.572945,28.37472,29.961,24.692646,26.702307,22.8169,25.305017
9,27.37625,24.675129,21.06742,18.564873,15.91106,13.329504,10.362567,6.337764,4.5932646,0.0,6.154555,6.2451797,6.805331,7.9471426,8.217697,9.046661,12.932397,12.999462,18.693792,19.01998,23.130552,24.79867,27.889305,24.624727,28.29651,24.370378,26.296682,24.362858,17.79327,18.14693,13.518578,16.771835,10.81815,15.700933,13.950429,15.711711,19.45226,18.065222,18.558136,18.425869,15.43646,17.769176,13.590842,18.666653,14.147921,20.161924,20.10128,22.870743,23.978113,22.122656,18.503641,19.539532,17.841667,16.140783,13.136121,10.8981905,11.426983,14.026159,13.685921,17.316195,16.898329,21.296822,19.482018,22.766453,24.483261,25.310942,28.196482,28.00732,30.10743,29.435678,24.893831,25.183294,20.571272,23.065102,19.25572,17.172756,17.377125,15.892551,15.964706,18.145802,14.632847,12.8206005,11.695299,10.538681,14.068231,11.129143,17.284882,19.288734,21.644087,25.018494,26.861229,30.595787,32.252934,36.27986,38.192997,36.61512,34.430355,34.1062,33.340023,30.35574,33.54463,34.44928,34.309135,32.32337,33.55617,28.591812,30.268835,26.180336,28.418655
10,30.697615,27.580858,24.56876,21.142014,19.111988,16.265053,13.98504,10.113908,6.7004533,6.154555,0.0,4.536135,6.835455,5.8179855,9.356343,8.459993,13.857296,13.859861,19.462582,20.236517,24.063509,26.442871,29.189058,26.121586,30.712172,27.396965,29.343122,26.987316,20.178417,19.648008,15.147431,16.6884,9.877463,12.600767,11.591456,11.868274,16.270647,16.100063,16.228653,16.782316,15.287581,18.487831,15.30796,21.110256,17.428926,23.643066,23.832628,27.028423,28.572134,27.070192,23.413635,24.839603,22.583763,21.641909,18.855143,17.008299,16.809423,19.514257,18.415886,21.806393,21.442175,24.845926,22.050634,25.087046,25.441223,26.382586,28.753149,28.228838,29.293552,28.997334,24.804178,24.047955,19.430004,21.464897,16.335524,15.0932865,13.777219,11.382674,10.707059,12.353742,8.590878,7.5854,6.8775115,7.259018,11.659482,10.543211,16.48376,19.918938,22.647673,26.293571,28.745829,32.38338,34.92834,38.202545,39.54647,37.500877,35.053257,34.08791,33.287373,29.362019,32.43574,33.290455,32.339813,30.311987,30.5095,25.699364,26.477785,22.10979,23.690847
11,31.84972,29.188576,25.512247,22.814348,20.821053,17.265158,15.715954,10.354001,9.024923,6.2451797,4.536135,0.0,4.5409856,6.3273115,9.893575,11.16317,15.979806,16.874638,22.234179,23.374464,27.249233,29.071121,32.30245,29.418005,33.651524,29.938158,32.09631,30.008242,23.222025,23.151398,18.514183,20.66172,13.457335,16.811275,14.958976,15.005974,19.19573,18.90438,19.877361,20.817913,18.450119,21.986616,18.4153,24.058886,19.950186,26.120543,26.120783,29.037376,30.19147,28.276203,24.619183,25.360151,23.211401,21.362581,19.050482,16.437874,17.471228,19.672321,18.409445,22.514832,22.63844,26.437862,24.328917,27.756977,28.417303,29.776537,32.240673,32.04304,33.34514,33.153595,28.874458,28.416443,23.771473,25.786911,20.81619,19.26306,17.879341,15.591754,14.390728,15.729116,11.572546,11.534564,10.982028,11.761666,16.1383,14.543119,20.713755,23.624123,26.344997,29.861916,32.124134,35.77524,37.928215,41.58466,43.167854,41.267918,38.968807,38.07462,37.42356,33.66669,36.82579,37.692146,36.847008,34.810966,35.034,30.199553,30.901619,26.498299,27.825146
12,28.45712,26.055141,22.152815,19.75393,18.240053,13.970196,13.860415,7.6270967,8.502307,6.805331,6.835455,4.5409856,0.0,3.997692,6.382093,9.346947,13.194062,15.1851635,19.822256,21.673855,25.341946,26.565153,30.320436,28.04493,32.20114,28.32739,31.253101,29.667706,22.579155,23.395037,18.475494,21.814484,15.884005,19.211916,18.19958,18.598902,22.942978,22.552685,22.904161,23.081963,21.133173,23.640045,19.735577,24.841864,20.221165,26.002598,25.291286,28.34873,29.169611,26.887262,23.174541,23.34745,20.583427,18.906473,17.654556,15.6747055,17.624449,20.15036,19.997204,23.934742,23.522402,28.098577,26.195913,29.355215,30.775213,31.405174,34.184334,33.599117,35.20918,34.338963,29.86687,29.145271,24.567627,25.61814,21.304096,18.80087,17.64518,16.197887,14.985531,17.024185,13.166039,12.427106,13.593322,13.28678,17.128738,14.684025,21.075691,22.896063,25.962723,29.11374,31.572931,34.916027,37.1613,40.825325,42.418125,40.479416,38.60609,37.260197,37.359756,33.537785,37.18665,38.401085,37.65189,35.29733,36.043945,30.701994,31.737528,27.484669,28.829721
13,27.526682,24.724396,21.442562,18.264988,17.078451,13.037965,13.033371,7.8798084,7.4535975,7.9471426,5.8179855,6.3273115,3.997692,0.0,5.107786,6.375198,10.8137045,12.694785,17.173985,19.240627,22.714258,24.314384,27.843681,25.743053,30.384933,26.894815,29.96264,28.26944,20.991228,21.646473,16.759657,19.808771,14.677507,17.00746,17.01719,17.27718,21.79106,21.736609,21.320757,21.129858,20.223259,22.285845,18.755627,23.875702,19.545326,25.264942,24.496555,27.90931,29.009727,26.996431,23.24597,23.872913,20.704964,20.00575,18.669575,17.475721,18.585266,21.58195,21.62378,25.046314,24.184267,28.522673,26.04185,28.803638,29.970978,30.107412,32.79789,31.784607,33.08699,31.984285,27.617687,26.319105,21.848969,22.283907,17.877155,15.30201,13.817884,12.590834,11.385709,13.796253,10.3637905,9.062854,11.501847,10.7999935,14.2860365,12.183525,18.357473,20.354324,23.67635,26.82466,29.656183,32.841335,35.63267,38.832035,40.10601,37.921616,36.046005,34.284016,34.588387,30.371124,34.129654,35.464375,34.46139,31.974047,32.627525,27.15483,28.110588,23.914764,25.188475
14,22.540638,19.914156,16.387012,13.538745,12.4406395,8.017306,9.089735,4.0966964,6.510313,8.217697,9.356343,9.893575,6.382093,5.107786,0.0,4.979575,6.9749455,9.779939,13.683618,15.973135,19.412039,20.309723,24.291376,22.506697,26.69573,22.92431,26.53528,25.398878,18.11622,19.812634,14.873383,19.399345,15.925955,18.975723,19.278206,20.480993,24.75693,24.08451,23.28772,22.19648,21.143497,21.931997,18.008795,22.184069,17.399849,22.463127,21.03106,24.420515,25.173647,22.891207,19.17851,19.421715,15.882304,15.569181,14.991174,14.747976,16.32752,19.558147,20.783615,23.759348,22.321835,27.359587,25.29513,27.74763,29.95238,29.3773,32.46089,31.250498,33.208626,31.41548,26.82831,25.836622,21.531052,21.532692,18.4971,14.916008,14.81134,14.74944,14.439256,17.476997,14.643181,12.259967,14.675295,12.618305,15.07957,11.642369,17.67382,18.078321,21.430624,24.123278,26.829044,29.781866,32.305805,35.74329,37.242397,35.250927,33.797585,32.06513,32.879135,29.155565,33.25745,34.843655,34.364502,31.723146,33.350365,27.543596,29.317972,25.482967,27.304695
15,23.099463,19.7619,17.354359,13.301958,12.031108,9.294786,8.502379,6.8766,5.18917,9.046661,8.459993,11.16317,9.346947,6.375198,4.979575,0.0,5.5372615,6.3798375,11.220824,12.914406,16.438768,18.391272,21.597872,19.406818,24.230055,21.028759,24.213312,22.609863,15.246177,16.251226,11.457509,15.262418,12.812405,14.899507,16.183933,17.52143,21.663982,21.151749,19.579779,18.052242,18.03392,18.378849,15.03978,19.342308,15.211078,20.35653,19.319958,23.046034,24.382675,22.745022,19.090322,20.3906,17.046288,17.772192,16.200283,16.4669,16.407877,19.974222,20.946907,23.261879,21.502192,25.84898,23.04343,25.067572,26.77777,25.829805,28.730688,27.185917,28.803934,26.952133,22.494076,21.093405,16.81704,16.73645,13.530381,10.030931,10.202091,10.405963,10.898487,14.241322,12.194468,8.835183,11.524088,8.684875,10.378736,7.205496,13.016982,14.127169,17.607388,20.57876,23.586363,26.603352,29.673124,32.62041,33.804123,31.594835,29.853209,28.045181,28.57475,24.555433,28.551779,30.100899,29.456299,26.830582,28.37573,22.600342,24.45881,20.689306,22.796793
16,17.802309,14.451805,12.392888,8.048432,7.7915998,5.3467054,7.143787,8.175087,9.043872,12.932397,13.857296,15.979806,13.194062,10.8137045,6.9749455,5.5372615,0.0,4.5735307,6.714192,9.580251,12.599828,13.554554,17.475584,16.237892,20.747887,17.4957,21.72701,20.980549,13.806814,16.262888,11.959356,17.100443,16.946476,19.03624,20.78078,22.566423,26.455616,25.646183,23.642172,21.276005,21.546354,20.406525,17.09289,19.885256,15.655834,19.436491,17.373653,21.164421,22.092052,20.255116,16.8296,17.696869,13.624315,15.599775,15.322101,16.99082,17.308065,20.979778,23.15394,24.843979,22.419939,27.292492,24.87498,26.30662,28.984705,27.051748,30.252201,28.283888,30.403996,27.63671,23.162352,21.729813,18.05426,16.65164,15.537941,11.010373,12.547311,14.195086,15.103225,18.664888,17.243444,13.728943,16.731293,13.384501,13.644166,9.886112,14.132627,12.693221,16.341105,18.404848,21.522772,23.931517,27.041275,29.914211,31.13337,28.989319,27.941122,25.707748,27.281576,23.639118,28.151312,30.120552,29.902239,27.01113,29.5762,23.477201,26.069723,22.933855,25.285992
17,18.94958,15.102186,13.973701,9.22067,7.7792754,8.135935,6.305534,9.860378,8.515451,12.999462,13.859861,16.874638,15.1851635,12.694785,9.779939,6.3798375,4.5735307,0.0,6.144486,6.5870113,10.379497,12.653105,15.448097,13.057926,17.90506,14.971315,18.389317,17.107267,9.84504,11.818631,7.7275095,12.775118,14.10604,15.999881,18.101809,20.394325,23.821869,22.755651,20.327272,17.448462,18.096495,16.226135,13.321525,15.812652,12.150261,15.880342,14.329315,18.30096,19.792974,18.628084,15.327564,17.322384,14.078937,16.450342,14.885399,16.781898,15.650887,19.422754,21.442295,22.449017,19.777239,24.058107,21.249102,22.30669,24.87256,22.63552,25.802837,23.73283,25.928667,23.112236,18.604694,17.421246,13.740332,13.03518,12.430135,8.164138,11.084376,12.802319,14.646315,18.114336,17.131111,13.17041,15.160237,11.260648,10.408558,6.4725347,9.81665,8.435466,12.02194,14.521606,17.62708,20.388248,23.618717,26.416113,27.6339,25.520494,24.063463,22.374119,23.250233,19.861166,24.126152,25.935707,25.972912,23.269657,26.107737,20.228931,23.261034,20.297018,23.255844
18,15.164435,11.097157,11.749209,6.642255,7.8136997,9.334288,10.437371,14.320567,14.372474,18.693792,19.462582,22.234179,19.822256,17.173985,13.683618,11.220824,6.714192,6.144486,0.0,4.799373,6.2087708,7.475822,11.013006,10.782935,15.637375,13.469632,18.187128,17.97692,11.9057455,14.891947,12.281618,17.054111,19.984781,21.068596,23.825834,25.959826,29.298714,28.401915,25.500158,22.150124,23.593515,20.75226,18.444777,19.494947,16.45211,18.326168,15.803787,19.665663,20.757694,19.646736,16.963291,18.440966,14.579731,18.299427,18.197884,21.046356,20.34122,24.011787,26.738602,27.284746,24.182636,28.539864,25.926498,26.263165,29.242014,26.028152,29.178339,26.489676,28.692112,24.954306,20.887575,19.047737,16.537338,13.489433,15.109799,10.508915,13.617514,16.499565,18.288984,21.819727,21.537823,17.66367,20.613293,16.79294,15.147227,12.085746,13.179407,9.29751,12.82467,13.707967,17.248007,18.775984,22.605976,24.633236,25.451872,23.130371,22.63518,19.77655,22.341248,18.975134,23.84681,26.220785,26.35818,23.29055,26.909657,20.814156,24.24841,22.12245,24.910917
19,16.239658,11.997719,13.215463,8.618566,8.0959425,11.54968,10.187603,15.628043,14.686266,19.01998,20.236517,23.374464,21.673855,19.240627,15.973135,12.914406,9.580251,6.5870113,4.799373,0.0,4.2222176,7.315452,8.99871,6.7066946,11.863538,9.909136,13.822445,13.293147,7.6270623,10.693933,9.249472,13.845602,18.403755,19.62393,22.348976,25.043741,27.8094,26.494093,23.403315,19.581367,21.040672,17.246595,15.43176,15.427443,13.181752,14.1987915,11.984165,15.883207,17.446411,17.05596,14.704503,17.193123,14.379449,18.301525,17.184336,20.305656,18.48185,22.0288,24.799389,24.566353,21.204304,25.021975,22.344963,22.172504,25.386612,21.734465,24.9423,22.217768,24.815067,20.875143,16.7761,15.661573,13.478157,11.472133,14.202374,10.367927,14.579525,17.197975,19.62103,22.974491,22.79995,18.724508,20.50466,16.434158,14.01925,11.063652,10.492356,5.163023,8.216066,9.135431,12.560621,14.500462,18.26107,20.487366,21.555971,19.45901,18.600859,16.738724,18.479,15.969882,20.522814,22.713505,23.484907,20.729364,24.94029,19.279789,23.317507,21.481142,24.91659
20,15.666291,11.488941,14.272598,10.143527,10.887632,14.46271,14.131474,19.41328,18.7493,23.130552,24.063509,27.249233,25.341946,22.714258,19.412039,16.438768,12.599828,10.379497,6.2087708,4.2222176,0.0,4.7843285,5.253652,5.3651958,10.536376,10.075931,14.34115,14.514671,10.645339,13.545132,13.115089,16.903494,22.233328,22.79768,25.968458,28.518469,31.156311,30.005846,26.578726,22.53445,24.620266,20.385536,19.143242,18.415777,16.865162,16.770952,14.320898,17.849335,19.234715,19.134737,17.37115,19.626442,16.770613,21.226622,20.707233,24.143124,22.40219,25.844952,28.810843,28.283068,24.764805,28.332218,25.674183,24.978678,28.176682,23.93205,26.942902,23.787098,26.19615,21.700104,18.197834,16.561054,15.45018,11.971625,16.114246,12.54141,16.639162,19.759834,22.205395,25.497425,25.814373,21.789675,24.004517,20.00407,17.169716,14.8328,13.174337,7.4405165,9.597143,8.8482895,12.504305,13.154518,17.602537,18.824303,19.37575,17.02596,16.92304,14.063184,17.158392,14.7874155,19.620874,22.18494,23.033976,20.118729,24.859842,19.31944,23.591103,22.46801,25.792524
21,11.229682,7.2762833,11.15913,8.287684,10.194271,13.91711,15.007827,20.14724,20.712626,24.79867,26.442871,29.071121,26.565153,24.314384,20.309723,18.391272,13.554554,12.653105,7.475822,7.315452,4.7843285,0.0,5.3057947,7.945833,10.689419,9.695248,15.194487,16.511364,13.163442,16.992666,16.225286,20.918825,25.624128,26.853727,29.633478,32.24556,35.10614,33.80015,30.683311,26.758894,28.217165,24.060709,22.27945,21.239237,19.121496,18.44817,15.174963,18.261978,18.84571,18.244202,16.840258,18.159138,15.007452,19.879967,20.541351,24.411215,23.486223,26.763767,30.326529,29.875422,26.274042,30.455595,28.421112,27.84626,31.707212,27.494457,30.714167,27.759172,30.547405,25.966148,22.447048,21.230246,20.044453,16.715525,20.525635,16.548,20.277678,23.382397,25.474905,28.924885,28.874208,24.921646,27.405624,23.405073,21.13026,18.17321,17.527079,11.664809,13.484257,12.101023,14.877824,14.839436,18.383583,19.96123,20.847609,18.964745,19.750841,16.955559,20.74914,19.072704,23.835686,26.457664,27.534737,24.634443,29.503515,23.95378,28.131666,26.973234,30.084862
22,15.346137,11.817986,16.031551,13.222617,14.288772,18.49349,18.339779,24.01314,23.641733,27.889305,29.189058,32.30245,30.320436,27.843681,24.291376,21.597872,17.475584,15.448097,11.013006,8.99871,5.253652,5.3057947,0.0,5.440422,7.8845778,9.443918,13.485231,14.7627,13.420044,16.420626,17.150362,20.566368,26.749786,27.288301,30.472193,33.21712,35.53643,34.203705,30.657198,26.359598,28.505423,23.587473,22.795162,20.802763,20.016905,18.28417,15.619168,18.361576,19.43789,19.845243,19.02675,21.161777,18.888306,23.781176,23.663855,27.561037,25.706434,28.85201,32.21511,31.074566,27.327898,30.597143,28.30493,26.960299,30.564865,25.693684,28.59645,25.265942,27.921711,22.919458,20.094347,18.876328,18.844862,15.329107,20.497677,17.416454,21.560062,24.766304,27.303019,30.518442,31.00386,26.979473,29.018478,24.997807,21.91548,19.739433,17.298046,11.242278,11.798788,9.149017,11.812109,10.706685,15.143741,15.493885,15.8506565,13.7725115,14.899265,12.001611,16.23084,15.396039,19.864567,22.560537,24.066074,21.38459,26.866007,21.958353,26.544186,26.147173,29.546024
23,17.453825,13.607856,16.53498,13.261149,12.818611,17.414083,15.535341,21.68247,20.508047,24.624727,26.121586,29.418005,28.04493,25.743053,22.506697,19.406818,16.237892,13.057926,10.782935,6.7066946,5.3651958,7.945833,5.440422,0.0,6.0588703,6.8733187,9.560974,9.80925,8.493843,11.140919,12.588943,15.689408,22.3532,23.19523,26.072508,29.14084,31.126553,29.499487,26.065334,21.694029,23.544739,18.35336,17.780888,15.438717,15.14688,13.346453,11.323694,14.325356,16.090296,16.955122,15.945763,18.991581,17.421604,21.85644,20.588463,24.227642,21.58511,24.650677,27.70711,26.276268,22.554989,25.408295,22.96198,21.544624,25.157349,20.351631,23.38109,20.260857,23.280783,18.506031,15.255477,14.912326,14.582179,12.753021,17.633106,15.041254,19.62538,22.318321,25.140097,28.234352,28.503935,24.41993,25.526676,21.482428,18.272633,16.127117,13.176182,7.0031457,6.6255026,4.1932397,7.2554445,7.9970064,12.382237,13.882084,14.948389,13.128958,12.7897005,11.785175,13.752815,13.330883,17.396917,19.656408,21.52377,19.178324,24.592464,19.886621,24.637854,23.876709,27.718138
24,17.007708,14.163249,17.578331,15.961732,15.389713,20.598133,18.71313,25.219448,24.62876,28.29651,30.712172,33.651524,32.20114,30.384933,26.69573,24.230055,20.747887,17.90506,15.637375,11.863538,10.536376,10.689419,7.8845778,6.0588703,0.0,4.8753586,6.3315516,8.91885,11.272233,14.25957,16.476456,19.718054,26.48785,28.0236,30.345848,33.78352,35.454235,33.368484,30.252975,25.867334,26.951939,21.311914,20.791615,16.929045,17.193947,13.213294,10.865495,12.282977,13.422418,14.990505,15.37444,18.226463,17.843664,22.409237,21.504229,25.609385,22.970678,25.4318,29.069542,26.884277,22.989689,25.658678,24.167252,22.218184,26.767105,21.677027,24.76358,22.038445,25.79634,20.945707,18.22745,19.191414,19.354513,18.43626,23.384106,20.93283,25.548073,28.067825,30.873135,33.98585,33.981533,29.893805,30.542816,26.4973,23.520853,21.054192,18.311102,12.395512,10.744113,7.3904366,6.7427893,5.650471,7.718436,10.197016,12.456358,12.126302,12.901194,13.748018,15.469608,17.306057,20.451914,22.417425,25.195143,23.35805,29.202776,25.142065,30.048996,29.541983,33.511177
25,14.287481,11.368868,13.687112,12.410742,11.227184,16.553549,14.558654,21.0704,20.996103,24.370378,27.396965,29.938158,28.32739,26.894815,22.92431,21.028759,17.4957,14.971315,13.469632,9.909136,10.075931,9.695248,9.443918,6.8733187,4.8753586,0.0,6.0342116,8.477149,8.604233,12.707795,13.8077965,18.32364,23.922632,26.347595,28.104126,31.621424,33.624207,31.378366,28.744522,24.666533,24.856812,19.773373,18.269857,14.971652,13.96254,10.562598,7.188817,9.198818,9.99774,10.761358,10.692143,13.468779,13.068288,17.544119,16.744003,20.962976,18.748873,21.260792,25.189856,23.404608,19.522303,23.113722,21.968863,20.787643,25.782518,21.41444,24.904514,22.692686,26.711573,22.379433,18.842964,20.06702,19.081291,18.815332,22.6405,19.662045,24.12953,26.34755,28.905766,32.154198,31.588423,27.542103,28.0962,24.047184,21.748419,18.54245,17.21187,11.397919,10.605011,8.833416,8.686921,9.73503,10.57227,14.546661,17.1378,16.741385,16.878479,17.548117,18.820417,19.70956,23.171408,25.014263,27.446657,25.451576,30.803719,26.216568,30.8838,29.660004,33.5587
26,20.014925,17.358852,19.24943,17.898115,15.970594,21.13596,17.728802,24.282372,23.271519,26.296682,29.343122,32.09631,31.253101,29.96264,26.53528,24.213312,21.72701,18.389317,18.187128,13.822445,14.34115,15.194487,13.485231,9.560974,6.3315516,6.0342116,0.0,4.0870786,9.326131,11.636042,14.5735035,17.46086,23.92691,26.298817,27.738857,31.576588,32.786137,30.178009,27.621202,23.47982,23.46326,17.750763,17.281101,12.333354,13.380327,7.955537,6.7458954,6.9134245,8.868267,11.507944,12.355362,16.053555,17.13137,20.741058,18.673267,22.434029,19.02976,20.918642,24.414623,21.571966,17.720196,19.860525,18.923044,16.82092,22.03873,17.320852,20.648726,18.789232,23.313492,19.216497,16.247585,18.88088,18.580223,19.884521,23.826593,21.898159,26.51376,28.304058,31.158493,34.08305,33.62274,29.661547,29.163599,25.319069,22.725262,20.16773,17.736326,13.026994,10.436133,8.693335,5.7565823,7.70224,6.1826854,11.436171,14.766018,15.250012,14.619505,17.50179,16.84816,19.339052,21.591002,22.80951,25.987246,24.706848,30.15389,26.530779,31.315325,30.37379,34.600006
27,22.577417,19.464424,20.839489,18.689543,16.327085,21.096478,16.85031,23.202885,21.35797,24.362858,26.987316,30.008242,29.667706,28.26944,25.398878,22.609863,20.980549,17.107267,17.97692,13.293147,14.514671,16.511364,14.7627,9.80925,8.91885,8.477149,4.0870786,0.0,7.3812957,8.199769,11.958068,13.8247,20.658371,22.797829,24.220861,28.090294,29.03044,26.413929,23.785933,19.639053,19.757206,13.857962,13.924844,8.746596,10.823823,5.867164,6.591608,7.615158,10.554936,13.09923,13.134765,17.360292,18.287502,21.413174,18.439465,21.628485,17.540049,19.54038,22.36365,19.484512,15.763022,17.234177,15.593117,13.3325615,18.170082,13.385881,16.782276,14.932599,19.492731,15.693773,12.478617,15.61346,15.197817,17.526142,21.028364,19.697092,24.241945,25.704882,28.673624,31.374542,31.005531,27.143345,26.156322,22.467604,19.73141,17.644972,14.730183,11.097947,7.948171,7.516582,4.709068,8.526724,8.358588,12.747819,15.596879,15.62613,13.863096,17.080372,15.209348,17.36577,19.263126,20.162746,23.231333,22.150276,27.229841,23.847555,28.490244,27.425106,31.740328
28,19.720242,16.045467,16.310911,13.1124935,10.379047,14.454141,9.980786,16.228947,14.334633,17.79327,20.178417,23.222025,22.579155,20.991228,18.11622,15.246177,13.806814,9.84504,11.9057455,7.6270623,10.645339,13.163442,13.420044,8.493843,11.272233,8.604233,9.326131,7.3812957,0.0,4.78536,5.426832,10.012117,15.425748,17.954754,19.524706,23.111914,25.030159,22.806551,20.231075,16.3293,16.38909,11.682366,9.927958,8.133811,6.65954,6.8077593,5.9903193,9.826513,12.278742,12.828983,10.796013,14.730772,14.070413,17.039728,14.051176,16.982412,13.526235,16.599009,19.287704,18.012903,14.446199,17.68835,15.279766,14.873585,18.920084,15.396907,18.991817,17.07202,20.740683,17.388252,12.91987,14.359209,11.9909315,13.829913,15.908791,13.629854,17.969536,19.382408,22.087395,25.043888,24.346415,20.408386,20.046316,16.118612,13.878266,10.882936,9.7416935,6.064972,5.7689815,7.983037,9.160852,12.864596,14.790428,18.490906,20.564283,19.418686,17.615496,18.480059,17.74942,17.125229,20.314095,21.644604,23.39151,21.531515,25.782116,21.163742,25.357042,23.380108,27.382349
29,24.44122,20.65924,20.873428,17.305939,14.567176,17.867735,12.791293,18.13498,14.898767,18.14693,19.648008,23.151398,23.395037,21.646473,19.812634,16.251226,16.262888,11.818631,14.891947,10.693933,13.545132,16.992666,16.420626,11.140919,14.25957,12.707795,11.636042,8.199769,4.78536,0.0,4.9788837,5.8846035,12.857363,14.674766,16.384136,20.08114,21.377249,19.119629,16.236553,12.10901,12.732922,7.345533,7.1255627,5.498278,6.545655,7.8187404,9.319993,12.346633,15.331967,16.431519,14.5298815,18.695469,18.375366,20.690659,16.865479,18.86927,14.536336,17.35205,18.888424,17.358875,14.227693,15.943207,12.500431,11.791922,14.77027,11.248381,14.663091,12.737914,16.20456,13.400883,8.731097,10.898732,8.425534,12.321166,13.833506,13.011136,17.14362,18.011719,20.98319,23.474054,23.097322,19.366865,18.059526,14.465619,11.699818,10.102127,7.275913,6.758625,5.3442297,8.900225,9.83813,14.007166,16.151524,19.240517,20.95742,19.690903,16.936668,18.45,16.204054,15.489426,17.835264,18.629354,20.292076,18.876926,22.624294,18.663864,22.67184,20.7259,24.925255
30,22.839909,19.064169,18.2798,14.453328,11.515719,13.735252,8.486334,13.278555,9.992687,13.518578,15.147431,18.514183,18.475494,16.759657,14.873383,11.457509,11.959356,7.7275095,12.281618,9.249472,13.115089,16.225286,17.150362,12.588943,16.476456,13.8077965,14.5735035,11.958068,5.426832,4.9788837,0.0,6.518454,10.184525,12.982646,14.383058,17.839924,20.094244,18.091976,15.678784,12.253764,12.121802,8.926018,6.233965,8.260632,5.5946403,9.944917,10.30847,13.906507,16.31103,16.280495,13.438571,16.97665,15.820311,17.64924,13.9656515,15.57056,12.046443,15.455569,16.968592,16.751562,13.926261,17.067015,13.846606,14.61675,17.33531,15.14873,18.47824,16.931965,19.800623,17.506834,12.743119,13.559051,9.750296,12.731364,12.491033,10.607498,14.266089,14.897081,17.482656,20.25625,19.305803,15.514527,14.670034,10.819997,9.089067,5.9445205,6.6828647,6.964685,8.260891,11.86028,13.691874,17.554045,19.863935,23.207207,24.89234,23.343334,20.968843,21.333738,20.094278,18.123672,21.187748,22.248886,23.123238,21.245295,24.301434,19.535015,22.997747,20.263556,24.044376
31,28.875809,24.932901,24.643078,20.53205,17.900904,19.832108,14.723275,18.345537,13.810448,16.771835,16.6884,20.66172,21.814484,19.808771,19.399345,15.262418,17.100443,12.775118,17.054111,13.845602,16.903494,20.918825,20.566368,15.689408,19.718054,18.32364,17.46086,13.8247,10.012117,5.8846035,6.518454,0.0,8.550611,9.025143,11.201011,14.665689,15.773455,13.923146,10.549613,6.3484454,8.366553,4.580162,5.8129244,8.377165,9.293268,12.884546,14.803969,17.738182,20.683613,21.46533,19.095978,22.985325,22.26744,23.847528,19.632563,20.448118,16.139328,18.916613,18.965263,18.277905,16.130655,16.923174,12.43766,12.633507,13.031742,11.119128,13.646251,12.012207,13.933422,12.673966,8.240141,9.342831,5.432109,11.354675,10.364077,11.228373,14.303513,14.201934,17.19615,19.089619,18.960503,15.652486,13.451688,10.47628,7.520391,8.089917,5.078858,9.504416,9.418435,13.40058,14.95027,18.899586,21.546837,23.954254,25.089436,23.390783,20.078913,21.054539,18.171734,16.062574,17.86145,18.186073,18.754696,17.539892,19.724127,16.086428,19.186794,16.66483,20.725607
32,31.759295,28.156979,26.297337,22.517517,19.642838,19.452738,14.542869,14.953691,9.753891,10.81815,9.877463,13.457335,15.884005,14.677507,15.925955,12.812405,16.946476,14.10604,19.984781,18.403755,22.233328,25.624128,26.749786,22.3532,26.48785,23.922632,23.92691,20.658371,15.425748,12.857363,10.184525,8.550611,0.0,6.1641693,4.545539,8.175141,10.662802,8.866694,8.005268,7.8107014,5.6116056,9.15166,7.2661796,13.336956,11.724671,17.619423,19.296432,22.097412,24.471317,24.22384,21.16155,24.143122,23.220066,23.118792,18.674742,17.580698,14.320573,16.79717,15.185382,16.644506,16.021278,17.49136,13.610054,16.199093,15.7198,16.876383,18.98641,18.833372,20.037344,20.378775,16.426502,16.986809,12.590826,17.324596,13.095863,13.683421,14.451717,12.393965,14.071908,15.387715,13.709321,11.492939,7.1532264,5.965472,7.602146,8.013353,10.952486,15.757543,16.996176,21.017769,22.669397,26.736536,28.897022,32.0091,33.407833,31.708923,28.564758,29.046282,26.616411,23.772667,25.735004,25.933329,25.661127,24.391842,24.958656,21.218548,22.773197,18.990177,21.92946
33,34.609863,30.67231,29.564238,25.12771,22.860695,22.758373,18.53513,19.12312,13.809341,15.700933,12.600767,16.811275,19.211916,17.00746,18.975723,14.899507,19.03624,15.999881,21.068596,19.62393,22.79768,26.853727,27.288301,23.19523,28.0236,26.347595,26.298817,22.797829,17.954754,14.674766,12.982646,9.025143,6.1641693,0.0,5.131247,6.481039,8.54482,8.725091,5.354069,5.3549995,8.254819,10.939213,11.324392,16.448551,16.060764,21.17665,22.858744,25.932798,28.60842,28.720484,25.760197,28.968615,27.568539,28.180832,24.087332,23.43976,20.170425,22.788229,21.212404,22.241817,21.408318,22.008465,17.484158,19.069231,17.070219,17.701485,18.945206,18.061571,17.709106,18.40918,15.272276,14.334866,10.452279,14.774897,9.516222,12.102587,11.963491,9.571299,11.672024,12.146066,12.156396,10.31497,6.514828,6.4037127,5.972918,9.632941,10.119058,16.259594,17.55381,21.523829,23.713152,27.413622,30.503542,32.554974,33.224545,31.067318,27.663605,27.547611,24.943905,21.21186,22.761395,22.816877,21.622618,20.453915,19.852633,16.618086,17.337746,13.498639,16.290533
34,36.187984,32.5207,30.724203,26.814083,24.07925,23.643127,18.991735,18.754452,13.562418,13.950429,11.591456,14.958976,18.19958,17.01719,19.278206,16.183933,20.78078,18.101809,23.825834,22.348976,25.968458,29.633478,30.472193,26.072508,30.345848,28.104126,27.738857,24.220861,19.524706,16.384136,14.383058,11.201011,4.545539,5.131247,0.0,4.2190485,6.141786,5.006376,5.034979,7.473337,6.0185795,11.295887,10.89802,16.593935,15.863462,21.454634,23.487093,26.12203,28.619194,28.552174,25.586712,28.595728,27.737177,27.4538,22.949461,21.428642,18.229097,20.247658,17.738937,19.272957,19.275558,19.623165,15.569912,18.124763,16.007452,18.161325,19.44498,19.65814,19.852688,21.256329,18.01953,18.337545,14.384799,19.3532,14.376577,16.158413,16.009977,13.217388,14.512054,14.743647,13.423992,12.357679,6.905364,8.049072,9.736827,11.74813,13.719048,19.306833,20.346767,24.39647,26.023495,30.05362,32.341774,35.097866,36.244022,34.45481,31.012117,31.54929,28.623724,25.567715,26.919071,26.728703,25.982203,25.090218,24.567297,21.659891,22.343718,18.500336,20.97922
35,38.957565,35.26582,33.381924,29.310266,26.880829,25.842136,21.814003,20.64853,15.612397,15.711711,11.868274,15.005974,18.598902,17.27718,20.480993,17.52143,22.566423,20.394325,25.959826,25.043741,28.518469,32.24556,33.21712,29.14084,33.78352,31.621424,31.576588,28.090294,23.111914,20.08114,17.839924,14.665689,8.175141,6.481039,4.2190485,0.0,4.6141996,6.2765603,6.843714,10.243259,10.080644,15.260083,15.002798,20.721418,19.84197,25.526285,27.369232,30.160688,32.612217,32.38571,29.275892,32.060646,30.837492,30.442438,26.23404,24.452444,21.807627,23.821161,21.065338,23.062302,23.290157,23.64324,19.669584,22.198893,19.53807,21.846794,22.74399,22.839647,22.267498,23.972527,21.101732,20.649254,16.884518,21.100388,15.323379,17.516111,16.226353,12.832801,13.365877,12.616711,11.4786625,11.673848,6.3168397,9.294799,11.5028715,14.174877,16.336508,22.202543,23.591843,27.62404,29.579048,33.465233,36.113586,38.58003,39.461697,37.43524,33.98137,34.02669,31.288183,27.64314,28.955128,28.751625,27.372938,26.461998,24.99197,22.332605,22.077337,18.017113,19.667694
36,42.17998,38.42675,36.787235,32.741634,30.121202,29.616095,25.111584,24.571966,19.446554,19.45226,16.270647,19.19573,22.942978,21.79106,24.75693,21.663982,26.455616,23.821869,29.298714,27.8094,31.156311,35.10614,35.53643,31.126553,35.454235,33.624207,32.786137,29.03044,25.030159,21.377249,20.094244,15.773455,10.662802,8.54482,6.141786,4.6141996,0.0,3.8929439,5.599192,10.148414,10.022906,15.3967,16.257515,21.325665,21.488394,26.644297,29.043646,31.476536,34.121788,34.315018,31.49992,34.612072,33.871597,33.502296,28.908068,27.11662,23.869253,25.456038,22.258848,23.62272,24.147379,23.266912,19.211779,21.455439,17.617764,20.69002,20.873724,21.512606,20.418936,23.09816,20.927467,21.044678,17.933313,22.926624,17.69673,20.566769,19.706865,16.545027,17.42471,16.387424,15.836519,16.026085,10.777219,13.1822405,14.407914,17.388727,18.302986,24.347506,25.078117,29.054813,30.575878,34.503975,36.88443,39.178852,40.015472,38.17226,34.41898,35.098244,31.580019,28.46617,28.967236,28.26297,27.008255,26.693336,24.838007,23.27175,22.874537,19.330683,21.101406
