,0,1,2,3,4,5,6,7,8,9,10,11,12,13,14,15,16,17,18,19,20,21,22,23,24,25,26,27,28,29,30,31,32,33,34,35,36,37,38,39,40,41,42,43,44,45,46,47,48,49,50,51,52,53,54,55,56,57,58,59,60,61,62,63,64,65,66,67,68,69,70,71,72,73,74,75,76,77,78,79,80,81,82,83,84,85,86,87,88,89,90,91,92,93,94,95,96,97,98,99,100,101,102,103,104,105,106,107
0,0.0,4.2920513,6.504266,9.620398,12.391129,14.718687,18.042154,21.876732,25.060797,27.86562,32.58068,34.65062,36.572193,37.525795,36.906864,34.675053,36.61621,33.05976,37.342155,33.876797,36.492508,36.419205,38.654903,40.78625,39.09549,34.882427,35.457188,35.758,31.342209,34.84022,31.619612,37.792477,37.089577,41.13297,40.98543,43.616405,46.872818,44.547222,44.04701,42.27723,39.82512,37.71457,33.40593,34.517868,29.89593,31.377241,28.861605,29.05233,28.80282,25.08563,22.116709,19.666521,15.092446,15.21433,18.687761,20.944134,24.805777,26.490452,29.83594,32.20193,31.668781,32.17574,28.593588,31.480192,28.011862,31.663757,33.274475,33.141476,32.22235,32.663376,28.904879,25.256777,25.730333,20.064894,21.923912,18.169552,18.951742,22.039303,22.220148,24.409771,25.221556,23.95859,29.091005,26.321592,26.079838,22.783567,25.158325,21.040329,23.912464,23.535162,25.484842,25.998571,25.039415,21.465528,21.251251,17.787539,24.098053,21.320812,26.59211,29.189629,31.592438,34.17098,31.621609,36.40474,30.815056,33.411053,31.608267,32.762863
1,4.2920513,0.0,5.1586995,6.56334,9.078414,12.576126,14.771502,19.467642,22.07801,25.13601,29.807127,31.68599,33.72065,34.3504,33.806503,31.239056,33.16778,29.441418,33.670975,30.171663,32.656845,32.79693,34.770336,37.14255,35.302944,31.264553,31.527252,31.684845,27.379736,30.776398,27.692726,33.805134,33.27185,37.445667,37.262447,40.080643,43.176243,40.72984,40.170284,38.33468,35.821594,33.55877,29.302856,30.26446,25.686607,27.17945,24.802994,25.058249,25.028234,21.350163,18.251266,16.033363,11.46362,11.629721,14.640944,17.226707,20.759432,22.654953,26.095448,28.183256,27.549255,27.983816,24.331493,27.222235,23.93236,27.561255,29.294827,29.238691,28.61993,29.065054,25.18071,21.489277,21.754887,16.022547,17.761238,14.223634,15.134026,18.33648,18.92281,21.177559,22.389286,20.928917,25.93809,23.036219,22.379492,19.440716,21.342712,17.4511,20.498915,20.244072,22.663149,23.239063,22.925879,19.728655,19.513203,15.420442,21.494831,18.547674,23.39989,25.928797,28.237436,30.87477,28.389807,33.220818,27.539774,30.419395,28.477743,30.025206
2,6.504266,5.1586995,0.0,5.4330115,6.8424916,8.883844,12.267665,15.78953,19.324154,21.733189,26.558458,28.926004,31.208683,32.248096,32.231678,30.00109,32.666878,29.288425,34.195625,31.315958,33.97984,34.703995,36.803516,39.56544,37.919956,34.274498,34.13894,33.737114,28.995388,31.823477,28.226706,34.167747,32.33446,36.825356,36.089233,38.663746,41.84694,39.447227,39.433445,38.111107,35.05675,33.713264,29.22363,30.999186,26.375622,28.90548,27.04743,27.730309,28.24416,24.721615,21.416033,19.658895,15.354393,14.987937,16.782837,19.740154,22.88345,25.36929,28.455221,30.141388,29.550903,28.906029,25.043488,27.381659,23.153378,26.73854,27.961437,27.734701,26.287115,26.936129,23.805643,19.962706,21.296286,15.480961,19.106419,15.668571,17.893616,21.445074,22.579386,25.101254,26.405102,24.417868,29.057013,25.747635,24.506613,21.516508,22.331955,17.335966,19.72303,18.577847,20.78942,22.023478,21.41089,18.232073,18.846565,15.717089,21.594372,19.988827,24.171593,27.521633,30.086462,32.105713,29.267452,33.401474,27.381891,29.581022,27.134382,28.11577
3,9.620398,6.56334,5.4330115,0.0,3.8239405,6.669444,8.813153,13.319794,15.679012,18.930298,23.47389,25.247833,27.19503,27.963453,27.509483,25.171106,27.483717,24.05223,28.866673,26.007107,28.788727,29.519121,31.910551,34.630177,33.325348,29.821249,29.889902,29.28072,24.030428,26.888296,23.09736,29.142614,27.667177,31.827047,31.470135,34.041756,37.321472,35.07067,34.708965,33.2048,30.61964,29.10338,24.588749,26.65728,21.842932,24.695728,22.715473,23.889427,24.713482,21.52222,17.930325,17.254793,12.797856,13.876634,14.754368,18.355442,20.41254,23.084305,26.658108,27.62303,26.494955,26.11568,21.839539,23.89621,20.269054,23.058989,24.84218,24.110231,23.450853,23.305567,19.397148,15.910167,16.622877,11.288744,14.524125,10.716873,13.552198,17.280167,18.655416,21.55153,22.651276,20.13841,24.4081,20.883127,19.502094,16.390701,17.091307,12.030632,14.583986,13.939639,16.211983,17.090729,16.918264,14.04258,14.390708,10.717843,16.38358,14.806907,18.746058,22.185408,24.810999,26.696732,23.837324,28.018446,22.04944,24.475748,22.258516,23.59688
4,12.391129,9.078414,6.8424916,3.8239405,0.0,5.382293,5.758763,10.903334,13.278615,16.18923,20.879892,22.904568,25.319904,25.953884,26.117077,23.529818,26.405466,22.988987,28.102163,25.581345,28.177446,29.4872,31.42409,34.616444,33.08915,30.010422,29.394846,28.409525,23.407715,25.71796,21.960249,27.698118,25.54729,30.225748,29.332842,32.04054,35.09827,32.631527,32.644257,31.416662,28.22575,27.109087,22.559752,24.77008,20.134918,23.461668,22.09279,23.343367,24.571817,21.522392,18.006548,17.502357,13.808854,13.971984,13.682034,17.395792,19.067427,22.145414,25.30196,25.971418,24.990662,23.784922,19.520346,21.303555,17.092676,20.133293,21.550396,21.03096,19.979439,20.303692,17.005371,13.134633,14.591198,8.885836,13.622615,10.740476,14.189818,17.865122,19.830744,22.575724,24.194717,21.600082,25.489079,21.859007,19.733166,17.33005,16.637749,11.397026,13.564501,12.230142,15.159122,16.721668,17.201233,14.971658,15.871866,12.492483,17.239674,16.312687,19.111431,22.74457,25.263298,26.907122,24.028418,27.78005,21.578497,23.875843,21.0719,22.501608
5,14.718687,12.576126,8.883844,6.669444,5.382293,0.0,5.8471427,7.211602,10.966926,13.328981,17.994669,20.35422,22.552816,23.934355,24.212217,22.503881,25.843796,23.13323,28.770079,26.997082,29.947697,31.471891,34.038815,37.171608,36.269302,33.426937,33.052803,31.682287,25.942343,27.834745,23.4052,28.91601,25.54201,29.941477,28.855972,30.954727,34.38152,32.323948,32.69625,31.970901,28.810247,28.737694,24.053118,27.389547,22.724447,26.970165,25.751492,27.516628,29.010185,26.219887,22.588703,22.579975,18.677324,19.311579,18.890987,22.680027,23.947466,27.170992,30.305597,30.562855,29.382914,27.715578,23.264349,24.279646,19.728039,21.854305,22.97997,21.702568,20.026068,19.756529,17.001614,13.723741,16.039562,11.678747,17.10393,14.023178,18.079475,21.809639,23.708172,26.771666,27.879642,24.843592,28.342321,24.489662,22.436531,19.540619,18.583529,12.426253,13.362576,11.198199,12.830264,14.830674,14.340409,12.010083,13.809031,12.278473,16.52244,17.2757,19.64571,24.058071,26.891865,27.736998,24.500795,27.386671,21.189629,22.403965,19.474993,19.87694
6,18.042154,14.771502,12.267665,8.813153,5.758763,5.8471427,0.0,6.546982,7.7251344,10.769253,15.308375,17.253859,19.898031,20.452375,21.114754,18.540855,22.081476,19.049543,24.667986,23.01756,25.617281,27.687916,29.619526,33.213696,32.040447,29.709055,28.652689,26.917376,21.549028,22.925238,18.75302,23.964258,20.586716,25.503458,24.144678,26.718536,29.767591,27.359116,27.736876,26.969675,23.429012,23.263226,18.617638,21.887053,17.424204,22.024843,21.405724,23.332333,25.289734,22.894604,19.432127,20.086098,17.19365,17.630505,15.738248,19.626348,19.83397,23.341492,26.244602,25.85537,24.568983,22.425158,17.915005,18.567106,14.075237,16.01803,17.274776,16.10167,14.915826,14.7618475,11.880492,8.124548,10.742531,6.5023155,12.9042225,11.147114,15.57279,19.006042,21.53895,24.389774,26.03814,22.935438,25.833958,21.988497,19.096119,17.291008,14.741797,9.123017,9.899388,7.485005,10.841955,13.211556,14.537379,13.559711,15.126425,12.818404,15.619803,16.315224,17.19766,21.360922,23.87371,24.687561,21.66871,24.417662,18.099491,19.833418,16.41928,17.794785
7,21.876732,19.467642,15.78953,13.319794,10.903334,7.211602,6.546982,0.0,5.3852854,6.242575,10.941532,13.778211,16.47811,18.121502,19.462126,18.16288,22.541365,20.651693,26.762192,26.216026,29.032612,31.461815,33.857994,37.44888,36.870842,34.92602,33.947018,31.782547,25.966593,26.635538,21.959967,26.444508,21.237843,25.868017,23.936214,25.637259,28.983404,27.070763,28.189795,28.290417,24.569477,26.001139,21.465052,25.901974,21.780674,27.185366,26.895452,29.198875,31.38776,29.222683,25.75041,26.610588,23.541595,24.043894,22.207472,26.023506,26.060265,29.664583,32.33987,31.612959,30.28781,27.479446,23.081732,22.816795,17.996567,18.830986,19.313465,17.351667,14.96203,14.276085,13.150624,10.756815,14.449097,12.3460245,18.663723,16.90772,21.54103,24.944304,27.395065,30.43654,31.709965,28.298632,30.774979,26.812996,23.99114,21.909986,19.053125,13.176597,12.1982565,8.696971,9.799997,13.063766,13.418675,13.018502,15.663746,15.596742,17.33591,19.888575,20.021519,24.833946,27.543535,27.369371,24.07463,25.444498,19.391659,19.463924,15.686159,15.448719
8,25.060797,22.07801,19.324154,15.679012,13.278615,10.966926,7.7251344,5.3852854,0.0,4.614054,8.056609,9.6484,12.291527,13.25382,14.569447,12.861429,17.421772,15.702602,21.858553,21.83448,24.532955,27.344908,29.685583,33.394855,33.104122,31.69329,30.575829,28.02533,22.10159,22.18092,17.424185,21.429771,15.918693,20.496262,18.612505,20.416243,23.790083,21.92971,22.857744,22.983875,19.477654,21.187243,16.76369,21.786219,17.925068,23.83091,23.905287,26.628305,29.189545,27.61506,24.31817,26.069159,23.604681,24.635239,22.000734,25.843702,24.774202,28.38339,31.100388,29.598476,27.889551,25.08049,20.626532,19.642132,15.736729,15.076642,16.039108,13.250215,12.03943,9.868603,8.184432,7.095963,10.589085,10.873302,16.44342,15.6029625,20.27576,23.234718,25.925678,28.909254,30.148985,26.536283,28.166712,24.273033,21.074705,19.673904,15.733161,10.76956,8.638842,4.9906898,6.3801675,9.901252,11.850061,12.935787,15.236374,15.205447,15.079915,18.20451,16.740847,21.442177,23.932041,23.283485,20.124065,20.896372,14.9965925,15.010073,10.867175,11.325886
9,27.86562,25.13601,21.733189,18.930298,16.18923,13.328981,10.769253,6.242575,4.614054,0.0,4.945302,8.287061,11.808054,13.31035,15.949454,14.892576,20.050255,18.990429,25.092514,25.633873,28.114485,31.268478,33.313267,37.23068,36.87694,35.76933,34.263298,31.49955,25.97145,25.502007,20.989098,24.191006,17.496384,22.258787,19.473064,20.848606,23.93091,22.112509,23.939577,24.819633,20.634125,23.440632,19.358013,24.494173,21.175207,27.212889,27.739033,30.365898,33.04001,31.475716,28.2889,29.805262,27.493916,27.947607,25.156618,28.816908,27.816334,31.543926,33.794815,32.22775,30.790457,27.209557,23.111433,21.70605,17.240196,16.570469,16.447763,13.830665,11.093217,9.7138,10.841573,10.075907,14.22694,14.484099,20.485876,19.934652,24.58067,27.530201,30.318607,33.204086,34.624638,31.07132,32.655125,28.794088,25.456423,24.259562,20.068127,15.341987,13.136601,9.5623,10.174611,13.7639475,15.212572,16.389772,19.048462,19.522333,19.384499,22.779985,21.137798,25.80825,28.200472,27.260159,24.175045,24.205118,18.717924,17.92937,13.597561,13.0850725
10,32.58068,29.807127,26.558458,23.47389,20.879892,17.994669,15.308375,10.941532,8.056609,4.945302,0.0,4.184806,8.004882,9.756713,13.354135,13.206043,18.601307,18.602995,24.419992,25.9358,28.24077,31.734621,33.80704,37.716747,37.8067,37.275024,35.700726,32.57466,27.103685,25.884314,21.488972,23.562304,15.880712,20.0317,16.815218,17.419834,20.472214,19.154572,21.467014,23.05477,19.066038,23.0311,19.52717,25.198942,22.512602,28.823235,29.720081,32.630768,35.547974,34.43395,31.411629,33.420578,31.39242,32.110477,28.981869,32.576965,30.956465,34.642864,36.772816,34.647213,33.021156,29.25269,25.385942,23.241068,19.55628,17.528145,17.210524,13.941056,11.725485,9.112377,11.651412,12.625531,16.198689,18.048727,23.324324,23.240036,27.796408,30.428583,33.263004,36.114864,37.382637,33.690357,34.58568,30.850634,27.436716,26.614256,21.9564,18.109442,15.191269,12.1853485,11.709297,14.903142,16.62482,18.754887,21.359102,22.52832,21.084314,25.18861,22.464783,26.976864,29.16118,27.493443,24.597511,23.382748,18.769756,16.962616,12.7435875,11.538896
11,34.65062,31.68599,28.926004,25.247833,22.904568,20.35422,17.253859,13.778211,9.6484,8.287061,4.184806,0.0,4.3286037,5.59024,9.521285,9.830108,15.137794,15.840108,21.323315,23.455578,25.66405,29.271936,31.486507,35.255123,35.770706,35.611988,34.187916,30.879366,25.333878,23.709314,19.381678,20.762033,12.882387,16.294111,13.265273,13.451597,16.809147,15.934558,18.002563,19.743265,16.449484,20.768711,17.664345,23.69008,21.339437,27.716244,28.705486,31.879482,34.923454,34.227543,31.348186,33.887104,32.091152,33.2942,29.968067,33.557262,31.372118,34.919495,37.18489,34.624825,32.689594,29.246752,25.420675,22.901686,20.260094,17.122904,17.341972,13.458086,12.79105,8.710461,10.712489,13.085792,15.669715,18.867937,23.146105,23.401987,27.759129,30.041733,32.838036,35.65115,36.699905,32.9168,33.180264,29.612345,26.233019,25.73603,20.837536,17.93687,14.578969,12.381662,11.330815,13.854135,16.149282,19.013704,21.269053,22.653322,20.06231,24.494612,20.861431,25.085653,27.057772,24.89426,22.212027,20.21004,16.320433,14.01873,10.064392,8.953543
12,36.572193,33.72065,31.208683,27.19503,25.319904,22.552816,19.898031,16.47811,12.291527,11.808054,8.004882,4.3286037,0.0,3.9203556,6.567959,8.910499,13.372672,15.132548,20.155207,22.85418,25.206335,28.591812,31.3792,34.72527,35.887142,35.854065,34.94583,31.632414,25.723318,24.072943,19.641281,20.648455,13.2694,14.954859,12.889242,11.954415,15.934093,16.062946,17.53814,19.288929,17.372509,21.651423,18.8901,25.116802,22.819433,29.096758,29.837358,33.249836,36.258015,35.795612,32.91643,35.800125,33.85951,35.637695,32.49321,36.16921,33.811676,37.203747,39.76592,37.047726,34.825474,31.916374,28.01109,25.464691,23.527275,19.906303,20.654068,16.504513,16.733778,12.140306,12.842526,15.843789,17.51851,21.289846,24.75663,24.802513,29.003056,31.110477,33.67697,36.58642,37.181957,33.261425,33.0703,29.630663,26.618742,25.96,21.441986,19.01835,15.3881855,13.967255,11.718351,13.309023,15.329859,18.769882,20.79025,22.918911,19.356726,24.362535,20.273478,24.374573,26.309076,23.543743,20.950668,18.013706,15.132231,11.723855,8.790823,6.5501237
13,37.525795,34.3504,32.248096,27.963453,25.953884,23.934355,20.452375,18.121502,13.25382,13.31035,9.756713,5.59024,3.9203556,0.0,5.088771,6.261198,10.816888,12.747122,17.346878,20.397306,22.362835,26.067528,28.419474,31.924961,33.03404,33.416637,32.22166,28.73094,23.257954,21.082386,17.086575,17.276537,9.656363,11.35797,8.969209,8.357023,12.332248,12.288978,13.629997,15.487299,13.650724,18.179173,15.881049,22.075703,20.316317,26.499063,27.58692,31.030504,34.176437,34.065968,31.458643,34.63231,33.20566,34.97989,31.471075,34.960907,32.098618,35.376934,37.77982,34.706142,32.397743,29.512537,25.860807,22.982464,21.82847,17.529083,18.483515,14.220935,15.504824,10.525563,11.252246,14.96739,16.00649,20.647167,23.411974,24.139982,28.048271,29.776432,32.45837,35.13821,35.893185,32.083237,31.45165,28.221766,24.977123,25.008167,19.96713,18.612402,15.026632,14.141862,12.716276,13.976092,16.912615,20.445198,22.085308,23.544859,19.592016,24.154919,19.382952,22.936142,24.496885,21.669073,19.449997,16.275852,13.836869,11.020354,8.156321,7.858424
14,36.906864,33.806503,32.231678,27.509483,26.117077,24.212217,21.114754,19.462126,14.569447,15.949454,13.354135,9.521285,6.567959,5.088771,0.0,4.772371,7.208484,9.995477,14.197086,17.39797,19.73939,22.911915,26.112518,29.031448,30.77996,30.991833,30.590433,27.322287,21.247902,19.540302,15.275919,15.837158,10.282882,9.873528,10.038014,9.226388,13.774108,14.35467,14.018801,14.83573,14.971918,18.166803,15.895616,21.986279,19.888557,25.720388,26.223179,29.865263,32.82934,32.88187,30.254969,33.752132,32.12859,34.62748,31.483656,35.061333,32.165874,35.1887,38.082638,35.056225,32.41244,30.488945,26.611399,24.118397,23.662647,19.363302,21.214693,16.924536,19.04472,13.862312,12.253758,16.110275,15.93736,20.868023,22.496262,22.86784,26.457127,27.970486,30.307987,33.08756,33.297718,29.387693,28.367584,25.285019,22.569122,22.33349,17.983473,17.261705,13.668074,13.913033,11.6675415,11.5681305,14.504467,18.387323,19.467442,21.275448,16.366856,21.198818,16.046396,19.387617,20.965178,17.680775,15.479735,11.70621,10.150498,6.454315,5.43461,5.5582876
15,34.675053,31.239056,30.00109,25.171106,23.529818,22.503881,18.540855,18.16288,12.861429,14.892576,13.206043,9.830108,8.910499,6.261198,4.772371,0.0,5.5018635,6.4920564,11.530728,14.173661,16.322794,19.897324,22.476192,25.88446,27.033699,27.258993,26.383188,23.036087,17.197142,15.330409,11.059378,11.969513,6.2956295,7.9896283,7.8394117,9.22088,13.152285,12.477614,11.767983,11.868461,11.243663,13.797282,11.169665,17.306822,15.201945,21.133358,21.886892,25.467018,28.541603,28.661152,26.181883,29.737062,28.552267,30.830385,27.378803,30.805542,27.654919,30.661173,33.430485,30.315022,27.689806,25.747034,21.921421,19.406822,19.331112,14.890381,17.13227,12.95386,15.885755,10.780831,8.245586,12.432858,11.700559,17.177486,18.434523,19.449318,22.886435,24.22832,26.80873,29.393177,30.020634,26.259125,25.310856,22.216694,19.004955,19.40438,14.292185,14.256842,10.904941,11.464868,10.740835,10.902709,14.862718,18.301441,19.169235,19.743202,15.295971,19.187626,13.8287735,16.914392,18.318352,15.683535,13.563434,11.124586,8.2197075,7.085113,4.649119,7.7583447
16,36.61621,33.16778,32.666878,27.483717,26.405466,25.843796,22.081476,22.541365,17.421772,20.050255,18.601307,15.137794,13.372672,10.816888,7.208484,5.5018635,0.0,4.474623,6.998879,10.647541,12.745329,15.919432,19.159443,21.890873,23.906235,24.439896,24.298166,21.099794,15.207782,13.370002,9.745093,9.74901,8.372994,6.1156864,9.418143,10.386292,13.961161,14.051368,11.476374,10.24321,12.623618,13.512272,11.976195,17.222012,15.554925,20.496769,20.876026,24.608213,27.517225,28.18986,26.03537,30.094276,29.160383,32.115936,28.879166,32.122353,28.622353,31.151882,34.208282,30.894442,27.90968,27.075232,23.467615,21.185205,22.436836,17.84545,20.725979,16.889252,20.648996,15.754151,12.274996,16.235992,14.022743,19.785248,19.158613,20.29944,22.898838,23.555788,25.731216,28.137894,28.228758,24.546288,22.60821,20.052498,17.4405,18.248304,13.894274,15.734625,12.944239,14.833643,13.883804,12.591375,16.418749,19.90964,19.944258,20.438751,14.983478,18.435295,12.273442,14.018827,14.84654,11.393079,10.05579,6.2644343,6.4803076,6.185269,7.44565,10.692815
17,33.05976,29.441418,29.288425,24.05223,22.988987,23.13323,19.049543,20.651693,15.702602,18.990429,18.602995,15.840108,15.132548,12.747122,9.995477,6.4920564,4.474623,0.0,6.1837854,7.735695,10.283342,13.51537,16.555445,19.699854,21.004236,21.02091,20.727608,17.674385,11.305167,10.137328,5.6278243,8.039983,8.237606,8.663107,11.0941,13.3963585,16.521276,15.552421,13.00637,10.873911,12.198922,11.426407,8.939485,13.920232,11.518119,16.50651,16.655888,20.38432,23.282019,23.789675,21.58313,25.629854,24.82217,27.749035,24.513279,27.722902,24.271402,26.782587,29.979345,26.870562,23.87347,23.341766,19.53828,17.712849,19.08064,15.019248,18.379269,14.950044,18.945204,14.565937,9.825206,13.237371,10.199993,15.945141,14.7317915,16.118176,18.575462,19.215977,21.544525,23.935707,24.31032,20.665943,19.114893,16.328674,13.300738,14.386645,9.542626,12.063011,9.846068,12.2812395,12.458252,11.205159,15.474592,18.365986,18.177385,17.591244,12.813076,15.25732,9.202827,10.981301,11.982589,9.683492,7.973362,7.416223,4.6417327,7.536388,7.6484876,11.886935
18,37.342155,33.670975,34.195625,28.866673,28.102163,28.770079,24.667986,26.762192,21.858553,25.092514,24.419992,21.323315,20.155207,17.346878,14.197086,11.530728,6.998879,6.1837854,0.0,5.0902157,6.1482735,9.353292,12.4645605,14.955145,17.27548,18.307192,18.479776,15.489871,10.387628,8.523597,7.2388387,6.1497574,11.307033,8.824317,13.11532,15.117606,17.252913,16.81356,12.837023,9.437976,13.653847,11.331564,11.189497,14.142948,13.336247,16.402956,16.608616,20.228317,22.950497,24.397545,22.958118,27.4696,27.408577,30.671797,27.463884,30.166695,26.136854,27.976376,31.089275,27.560726,24.299417,24.807589,21.769382,19.94636,22.893782,18.556723,22.084959,19.141129,23.819635,19.678562,15.431618,18.726612,15.043023,20.720709,17.751097,19.707222,20.911499,20.44889,22.320324,24.107872,24.114508,20.931732,17.864515,16.243193,13.959858,16.211336,12.487713,16.917341,15.443284,18.255848,18.41987,16.64091,20.555946,23.371223,22.593643,21.778887,16.675045,18.065165,11.92983,10.916332,10.25293,7.284707,8.12311,6.8969135,8.952114,11.6250725,13.28671,17.11457
19,33.876797,30.171663,31.315958,26.007107,25.581345,26.997082,23.01756,26.216026,21.83448,25.633873,25.9358,23.455578,22.85418,20.397306,17.39797,14.173661,10.647541,7.735695,5.0902157,0.0,3.730902,5.8272614,9.634949,12.169512,13.847572,13.86485,14.579625,12.183259,6.070401,6.5643554,5.6320295,7.907277,14.013775,13.340608,16.85586,19.447353,21.595152,20.511494,16.81867,13.116436,16.101576,12.097328,11.1982765,12.704042,11.049809,12.994929,12.272505,15.869062,18.32636,19.720173,18.346632,22.939062,23.012867,26.541449,23.67741,26.234896,22.392866,23.934187,27.417856,24.303513,20.952171,22.437586,19.284811,18.404972,21.524397,18.211573,22.114424,19.764359,24.351469,20.82627,15.678844,17.961704,13.597683,18.399883,14.1157675,16.096466,16.513895,15.653673,17.35696,19.05724,19.059456,15.982264,12.940638,11.353707,9.14124,11.964877,9.042466,14.612555,14.250822,17.538847,18.420137,16.46648,20.251417,22.315857,21.100103,19.241634,15.01776,14.804174,9.479821,7.0927043,5.9707766,5.367056,6.499348,9.285726,9.391321,13.6309595,14.943355,19.06509
20,36.492508,32.656845,33.97984,28.788727,28.177446,29.947697,25.617281,29.032612,24.532955,28.114485,28.24077,25.66405,25.206335,22.362835,19.73939,16.322794,12.745329,10.283342,6.1482735,3.730902,0.0,4.6973243,6.4713383,9.619327,11.186251,12.419928,12.503008,9.819812,6.05214,5.0694814,7.2677827,6.988688,14.801278,13.85386,17.377066,20.177534,21.575985,20.362103,16.339611,12.246358,15.772411,10.916473,11.433956,11.467443,11.296966,11.967686,11.954705,15.241057,17.75632,19.809978,19.100294,23.782248,24.617882,27.84264,24.695854,26.804356,22.469566,23.664305,26.754126,23.231588,19.847303,21.61193,19.15631,18.082663,22.140255,18.62343,22.455862,20.519726,25.481056,22.25964,17.663136,19.994709,15.591493,20.495712,15.807852,18.502533,18.39645,16.943335,18.63375,19.701704,20.016848,17.51598,13.900637,13.17754,10.999812,14.704492,11.711902,17.61196,17.370892,20.454697,21.66203,19.958275,23.871664,25.946861,24.773584,22.6808,18.712973,18.135536,13.132331,10.245787,8.269224,8.162191,10.073176,11.975178,12.81337,16.734783,17.866095,22.049002
21,36.419205,32.79693,34.703995,29.519121,29.4872,31.471891,27.687916,31.461815,27.344908,31.268478,31.734621,29.271936,28.591812,26.067528,22.911915,19.897324,15.919432,13.51537,9.353292,5.8272614,4.6973243,0.0,6.072099,6.666868,9.470595,9.852049,12.007509,10.769006,7.5842423,9.031909,10.783864,11.670108,19.213408,17.89497,21.768898,24.279903,25.899965,24.929861,20.80381,16.721716,20.455492,15.464503,15.681533,15.094629,14.450151,13.757901,12.475706,15.315958,17.047132,19.263966,18.812944,23.487717,24.251915,28.040274,25.594519,27.519972,23.57224,24.219095,27.696033,24.668903,21.253914,24.149645,21.75646,21.439068,25.417202,22.543411,26.486273,24.67895,29.4506,26.279322,21.197142,23.093,18.509829,22.597956,17.07686,19.151896,18.137363,16.138287,16.993753,17.819302,17.334057,15.187729,10.656358,11.018213,10.458268,13.9121475,13.015943,19.09324,19.419016,22.853498,23.84998,21.647232,25.061419,26.749342,25.054838,22.772867,19.027296,17.504965,13.464009,9.095162,6.1126246,7.4307485,10.233083,13.334311,14.751402,18.876802,20.648052,24.649586
22,38.654903,34.770336,36.803516,31.910551,31.42409,34.038815,29.619526,33.857994,29.685583,33.313267,33.80704,31.486507,31.3792,28.419474,26.112518,22.476192,19.159443,16.555445,12.4645605,9.634949,6.4713383,6.072099,0.0,5.0693192,4.986411,8.045357,7.8050866,6.263783,8.107223,8.161105,12.455029,11.766861,20.07743,19.493227,22.658306,25.721657,26.389769,24.858526,20.831772,16.630154,19.844603,13.886335,15.387649,12.572629,13.7364025,11.091479,11.10817,13.12746,15.009659,18.068668,18.609596,23.16421,25.146782,28.112837,25.12698,26.32605,21.718288,21.902157,24.607216,21.053604,17.74455,20.974133,19.701275,19.322664,24.385233,21.643864,25.367094,24.388426,29.442526,27.008965,22.649153,24.316654,19.785713,23.787636,18.018333,21.20622,19.747156,17.20235,18.393826,18.250875,18.870304,17.63559,13.479318,14.354477,12.9717455,17.467754,15.632834,21.931917,22.47507,25.528597,27.304499,25.695236,29.495747,31.103142,29.67591,26.81631,23.74701,21.849056,18.07951,14.225233,11.521243,13.147255,15.532451,18.1454,18.975779,23.134464,24.104788,28.36543
23,40.78625,37.14255,39.56544,34.630177,34.616444,37.171608,33.213696,37.44888,33.394855,37.23068,37.716747,35.255123,34.72527,31.924961,29.031448,25.88446,21.890873,19.699854,14.955145,12.169512,9.619327,6.666868,5.0693192,0.0,5.3588896,8.016683,10.431612,10.553415,11.883951,12.800545,16.330679,15.850314,24.189463,22.709877,26.487867,29.11277,29.940756,28.879707,24.567451,20.357313,24.331856,18.67943,20.065794,17.61632,18.368948,15.503259,14.601582,16.173456,17.184446,20.346926,21.102743,25.550772,27.357452,30.830269,28.471613,29.556475,25.338842,25.067757,28.000654,24.877348,21.64828,25.55443,24.301609,24.24259,29.139679,26.529322,30.319029,29.162167,34.165627,31.473648,26.796938,28.486536,23.857212,27.594223,21.476467,24.031157,22.05704,19.202217,19.54135,19.13689,18.792183,18.03852,13.05033,15.060969,15.142352,19.07175,18.680223,24.966116,25.634583,28.969929,30.315699,28.237358,31.65194,33.15763,31.341814,28.661652,25.427177,23.202875,19.898647,15.240721,12.102138,13.828974,16.838654,19.527422,21.367819,25.395256,27.087646,31.151814
24,39.09549,35.302944,37.919956,33.325348,33.08915,36.269302,32.040447,36.870842,33.104122,36.87694,37.8067,35.770706,35.887142,33.03404,30.77996,27.033699,23.906235,21.004236,17.27548,13.847572,11.186251,9.470595,4.986411,5.3588896,0.0,5.1007385,5.5413904,6.833145,11.033131,12.267178,16.48334,16.50336,24.625267,24.434505,27.407751,30.610735,31.180174,29.453882,25.565977,21.403896,24.15506,17.886944,19.2366,15.352455,16.51048,12.09074,11.487386,12.120406,12.968557,16.54197,17.980846,22.16628,24.796236,27.644508,25.121704,25.654015,21.274672,20.589758,23.163742,20.079685,17.012224,21.497236,20.87459,21.32196,26.532387,24.656336,28.30438,27.883337,32.761158,30.827442,26.364883,27.432482,22.87933,25.949335,19.580015,22.699703,20.262724,17.072742,17.653933,16.5719,17.29419,17.170008,13.114562,15.06014,14.519491,19.015913,18.320559,24.580278,25.732903,28.806581,30.891594,29.269585,32.855835,34.00451,32.348995,28.949373,26.666683,23.802425,21.138643,16.902517,14.137684,16.778925,19.156628,22.526358,23.044111,27.472887,28.375912,32.660797
25,34.882427,31.264553,34.274498,29.821249,30.010422,33.426937,29.709055,34.92602,31.69329,35.76933,37.275024,35.611988,35.854065,33.416637,30.991833,27.258993,24.439896,21.02091,18.307192,13.86485,12.419928,9.852049,8.045357,8.016683,5.1007385,0.0,5.663187,8.288722,10.315762,13.397546,16.39671,18.264662,25.713387,26.095743,28.973898,32.23641,33.409664,31.568504,27.908352,23.793705,25.956268,19.752808,19.917553,16.470085,16.189056,11.69668,9.397992,9.679667,9.684608,12.862392,14.192405,18.264067,20.619343,23.888056,22.064821,22.672895,19.00499,18.161528,21.494478,19.328999,16.293457,21.353724,20.1313,21.428627,25.877636,24.835028,28.62447,28.210037,32.67041,30.864195,25.83009,26.273863,21.69928,23.777689,16.996902,19.490446,16.39964,12.936354,12.955407,11.723708,12.221777,12.446216,8.807167,11.178474,11.48531,15.563346,16.242119,22.204422,23.95161,27.129631,29.30097,27.562231,30.758898,31.370152,29.486479,25.677841,24.196726,20.479313,19.038677,14.755416,12.36752,16.10782,18.009598,22.539268,22.207796,26.9657,27.81383,32.009552
26,35.457188,31.527252,34.13894,29.889902,29.394846,33.052803,28.652689,33.947018,30.575829,34.263298,35.700726,34.187916,34.94583,32.22166,30.590433,26.383188,24.298166,20.727608,18.479776,14.579625,12.503008,12.007509,7.8050866,10.431612,5.5413904,5.663187,0.0,4.0146585,9.673258,11.44847,15.420762,16.535664,23.690996,24.93281,27.020058,30.69135,31.311174,28.972971,25.704071,21.784414,23.020655,16.569572,17.252625,12.499321,13.401354,7.7301903,7.326662,7.0172296,8.213968,11.870197,13.63283,17.576302,20.771267,22.955927,20.168331,20.405958,15.891169,15.142902,17.659708,14.659036,11.585398,16.497093,16.077864,17.188446,22.290625,21.324547,24.827673,25.027534,29.557407,28.353075,24.052502,24.385906,20.06553,22.29863,15.966701,19.533869,16.951233,13.7930155,14.945842,13.633234,15.647485,15.650248,13.163605,14.278113,12.813485,17.499603,16.34695,22.182966,23.77377,26.485445,29.234287,28.116072,31.765955,32.542397,31.136326,27.16224,25.863022,22.616913,20.614176,17.226662,15.17804,18.362331,19.884481,23.844849,22.877583,27.563883,27.63467,31.997828
27,35.758,31.684845,33.737114,29.28072,28.409525,31.682287,26.917376,31.782547,28.02533,31.49955,32.57466,30.879366,31.632414,28.73094,27.322287,23.036087,21.099794,17.674385,15.489871,12.183259,9.819812,10.769006,6.263783,10.553415,6.833145,8.288722,4.0146585,0.0,7.4318814,7.8617167,12.357606,12.788066,19.923033,21.24797,23.154781,26.877665,27.363756,24.980125,21.757683,17.901371,19.0551,12.588885,13.617036,8.873426,10.439461,5.6685123,6.9118066,8.144405,10.596183,13.677877,14.647331,18.86015,21.639114,23.693216,20.270594,21.011213,16.07423,16.19836,18.519968,14.801684,11.509914,15.029834,14.28529,14.508071,19.885979,18.14274,21.676355,21.641933,26.414705,24.999662,20.993055,21.776056,17.497581,20.599882,14.845358,18.80002,17.149614,14.5990095,16.425982,15.884602,17.891449,17.021795,14.463008,14.714865,12.277397,17.133265,14.62913,20.50887,21.59126,24.163399,26.859247,25.925406,29.86048,31.026049,29.901999,26.293427,24.442207,22.009615,19.07221,16.185694,14.284571,16.706602,18.076656,21.366783,20.385204,24.847816,24.719784,29.116493
28,31.342209,27.379736,28.995388,24.030428,23.407715,25.942343,21.549028,25.966593,22.10159,25.97145,27.103685,25.333878,25.723318,23.257954,21.247902,17.197142,15.207782,11.305167,10.387628,6.070401,6.05214,7.5842423,8.107223,11.883951,11.033131,10.315762,9.673258,7.4318814,0.0,4.805932,6.174368,9.6206665,15.778502,17.099735,19.38858,22.807013,24.444675,22.432613,19.257885,15.519824,16.767094,11.305051,10.174491,9.081587,7.2316637,7.201715,6.271578,9.888929,12.604646,14.121202,13.167344,17.810892,18.822695,21.839582,18.712109,20.807085,16.672295,17.978823,21.413914,18.402273,15.034444,17.204742,14.329338,14.320041,18.048872,15.872754,19.87336,18.624367,23.157166,20.79021,15.6977825,16.77059,12.114084,15.822168,10.25776,13.4179125,12.878952,11.382792,13.572025,14.698767,15.845424,13.377205,11.192907,9.734533,6.353866,10.86,7.7235355,13.9515295,14.794253,17.791035,19.996275,18.711405,22.556185,23.84861,22.693224,19.498966,17.08648,15.22039,11.6826935,9.383374,8.309434,10.551843,11.091292,15.031958,13.251317,17.96106,18.044302,22.38073
29,34.84022,30.776398,31.823477,26.888296,25.71796,27.834745,22.925238,26.635538,22.18092,25.502007,25.884314,23.709314,24.072943,21.082386,19.540302,15.330409,13.370002,10.137328,8.523597,6.5643554,5.0694814,9.031909,8.161105,12.800545,12.267178,13.397546,11.44847,7.8617167,4.805932,0.0,5.309215,5.3882685,12.500947,13.642779,15.743009,19.320162,20.36565,18.271692,14.9480715,11.12641,12.654622,6.9058924,7.2745223,6.4419746,6.7960153,8.195163,9.565666,12.859401,15.971602,17.77804,17.04784,21.511282,22.75828,25.182074,21.410984,23.426912,18.770885,20.34306,23.009739,19.209873,15.94849,16.856804,14.458508,13.074334,17.451454,13.98332,17.793491,16.366209,21.417877,18.848482,14.703851,16.683365,12.421059,17.362919,13.139693,16.721283,16.99354,15.844085,18.263945,19.246338,20.593904,18.178398,15.71691,14.37942,10.91887,15.009584,10.508796,16.07523,15.963561,18.504784,20.58576,19.68111,23.922544,25.823273,25.099966,22.522238,19.410452,18.765003,14.122405,12.53388,11.397132,11.925747,12.630461,14.646749,13.558261,17.556519,17.379387,21.753033
30,31.619612,27.692726,28.226706,23.09736,21.960249,23.4052,18.75302,21.959967,17.424185,20.989098,21.488972,19.381678,19.641281,17.086575,15.275919,11.059378,9.745093,5.6278243,7.2388387,5.6320295,7.2677827,10.783864,12.455029,16.330679,16.48334,16.39671,15.420762,12.357606,6.174368,5.309215,0.0,6.299056,10.038812,11.883417,13.773718,17.105354,19.232628,17.340908,14.581089,11.480113,12.161004,8.590051,6.0557933,9.110955,6.527519,10.89546,11.231531,14.926578,17.961985,18.750433,16.963005,21.217567,21.282305,23.985512,20.46403,23.2581,19.35129,21.594093,24.732248,21.52013,18.415768,18.516798,14.950771,13.603075,16.170387,12.690155,16.584724,14.241938,18.790417,15.556816,10.50913,12.764652,8.493591,13.968654,10.957255,13.623413,15.140931,15.111479,17.699892,19.605124,20.608183,17.403667,15.852348,13.348232,9.5820265,12.272994,6.8043303,11.537841,10.8784485,13.548491,15.3238325,14.392289,18.682573,20.7197,20.206758,18.077534,14.664872,14.971028,9.856872,10.034501,10.274845,10.06931,9.30365,11.442589,8.703315,12.848606,12.36639,16.763199
31,37.792477,33.805134,34.167747,29.142614,27.698118,28.91601,23.964258,26.444508,21.429771,24.191006,23.562304,20.762033,20.648455,17.276537,15.837158,11.969513,9.74901,8.039983,6.1497574,7.907277,6.988688,11.670108,11.766861,15.850314,16.50336,18.264662,16.535664,12.788066,9.6206665,5.3882685,6.299056,0.0,8.512484,8.469701,10.914904,14.242208,15.173963,13.505118,9.785737,5.902417,8.854549,5.2744336,6.693422,9.039427,9.855467,13.10683,14.805653,18.146448,21.325687,22.950735,21.893282,26.242153,27.00196,29.345308,25.39137,27.723337,23.14547,25.110163,27.488665,23.455063,20.402866,20.043627,17.602394,15.095255,18.830713,14.0619335,17.418566,15.090779,20.274252,16.88764,13.6730175,16.85603,13.36927,19.305695,16.662004,19.801258,21.036491,20.471159,22.941729,24.286715,25.334219,22.530584,19.933084,18.30295,14.948335,18.1919,13.083214,17.560843,16.28076,18.42004,19.746778,18.994196,23.36808,25.981215,25.651749,24.10561,20.019745,20.905867,15.242265,14.617544,13.853878,12.474362,12.943376,12.538052,12.410181,15.153707,15.04873,19.152845
32,37.089577,33.27185,32.33446,27.667177,25.54729,25.54201,20.586716,21.237843,15.918693,17.496384,15.880712,12.882387,13.2694,9.656363,10.282882,6.2956295,8.372994,8.237606,11.307033,14.013775,14.801278,19.213408,20.07743,24.189463,24.625267,25.713387,23.690996,19.923033,15.778502,12.500947,10.038812,8.512484,0.0,6.3405533,4.3222637,8.282751,10.189721,7.9809937,7.1651697,7.3378363,4.9579697,8.559307,7.2475166,13.019136,12.563865,18.18274,20.059088,23.384182,26.742058,27.375284,25.510305,29.184698,29.065708,30.736376,26.577532,29.472025,25.560076,28.428205,30.513042,26.793444,24.290895,21.828041,18.792501,15.4824095,16.692013,11.246342,13.400575,9.680446,14.044596,9.734304,8.727376,12.891466,11.7219,17.753536,18.32632,20.735216,23.594055,24.331846,27.225317,29.21742,30.501842,27.184723,25.835598,23.187038,19.399963,21.210257,15.256936,16.725838,14.1593685,14.693711,15.602661,16.143358,20.43464,23.458822,24.180622,23.654362,19.790668,22.421236,16.945015,18.811317,19.385492,17.334108,16.156893,14.278719,12.221077,12.761897,10.654658,13.91065
33,41.13297,37.445667,36.825356,31.827047,30.225748,29.941477,25.503458,25.868017,20.496262,22.258787,20.0317,16.294111,14.954859,11.35797,9.873528,7.9896283,6.1156864,8.663107,8.824317,13.340608,13.85386,17.89497,19.493227,22.709877,24.434505,26.095743,24.93281,21.24797,17.099735,13.642779,11.883417,8.469701,6.3405533,0.0,5.1769495,6.4459124,8.587739,8.859865,5.5833116,5.3787107,8.775211,11.233429,11.585107,16.377153,16.433733,21.098593,22.571594,26.097473,29.284039,30.441917,28.78209,32.910027,32.745872,35.132,31.273296,34.138237,30.024757,32.496227,34.860313,30.937866,28.101736,26.608997,23.788868,20.6705,22.696123,17.264175,19.595066,16.005142,20.25545,15.670763,14.106638,18.394905,16.511883,22.711678,22.151707,24.268438,26.66381,26.940533,29.386927,31.333174,31.923098,28.573454,26.208618,24.070707,21.01759,22.852053,17.750114,20.139011,17.44179,18.749672,18.48729,17.976255,21.959099,25.454134,25.748722,25.914625,20.846102,23.853363,17.667334,18.649624,18.728344,15.51842,15.134376,11.282223,12.283892,11.938245,12.036241,14.836757
34,40.98543,37.262447,36.089233,31.470135,29.332842,28.855972,24.144678,23.936214,18.612505,19.473064,16.815218,13.265273,12.889242,8.969209,10.038014,7.8394117,9.418143,11.0941,13.11532,16.85586,17.377066,21.768898,22.658306,26.487867,27.407751,28.973898,27.020058,23.154781,19.38858,15.743009,13.773718,10.914904,4.3222637,5.1769495,0.0,4.304364,5.9806876,4.785374,4.754676,7.20188,6.1479077,11.326477,11.261402,16.508701,16.695036,21.99681,24.008934,27.336657,30.701801,31.52884,29.752346,33.486702,33.349777,35.044174,30.86557,33.724533,29.734446,32.5524,34.45615,30.544062,28.08413,25.442232,22.749277,19.17337,20.379335,14.797772,16.236956,12.55957,16.327513,11.966469,12.385333,16.629847,15.925135,21.856192,22.619802,24.893208,27.789715,28.470333,31.272694,33.250248,34.3582,31.00775,29.30052,26.813902,23.243822,24.983793,19.24537,20.577087,17.697096,18.015629,18.183657,18.689049,22.685886,26.070377,26.932245,27.041454,22.703089,25.885916,20.13846,21.91356,22.340502,19.642487,18.712358,15.493075,14.750414,14.0505085,12.465812,14.788116
35,43.616405,40.080643,38.663746,34.041756,32.04054,30.954727,26.718536,25.637259,20.416243,20.848606,17.419834,13.451597,11.954415,8.357023,9.226388,9.22088,10.386292,13.3963585,15.117606,19.447353,20.177534,24.279903,25.721657,29.11277,30.610735,32.23641,30.69135,26.877665,22.807013,19.320162,17.105354,14.242208,8.282751,6.4459124,4.304364,0.0,4.575245,6.3741555,6.915543,9.977724,10.2882,15.402876,15.385801,20.690006,20.719019,26.024813,27.804625,31.242825,34.549698,35.36663,33.463757,37.23553,36.782578,38.689125,34.685265,37.693512,33.842815,36.684143,38.7034,34.82586,32.32401,29.736952,26.967089,23.434582,24.302235,18.843777,20.006752,16.182907,19.230045,14.657903,15.425954,19.730774,19.346367,25.145853,26.171288,28.014288,31.079397,31.87741,34.531372,36.671898,37.455387,33.953594,32.090714,29.605593,26.345695,27.677507,22.307005,23.231075,20.019909,20.213873,19.487478,19.842339,23.376547,27.073627,28.053717,28.935572,24.150946,27.997,22.150614,24.109426,24.636913,21.341967,20.38667,16.072618,16.266417,14.289834,13.315556,14.540044
36,46.872818,43.176243,41.84694,37.321472,35.09827,34.38152,29.767591,28.983404,23.790083,23.93091,20.472214,16.809147,15.934093,12.332248,13.774108,13.152285,13.961161,16.521276,17.252913,21.595152,21.575985,25.899965,26.389769,29.940756,31.180174,33.409664,31.311174,27.363756,24.444675,20.36565,19.232628,15.173963,10.189721,8.587739,5.9806876,4.575245,0.0,4.0537624,5.6736927,9.7774105,9.919621,15.42708,16.572428,20.998463,22.05657,26.84818,29.17394,32.39078,35.77444,36.903835,35.36447,39.16111,39.234165,40.827183,36.509583,39.1943,34.9931,37.690926,39.234077,35.032524,32.684017,29.818615,27.7057,23.828394,25.293913,19.63284,20.364027,17.13718,20.392595,16.5536,18.136114,22.282413,21.841372,27.701704,28.468267,30.859306,33.6524,34.148094,36.899883,38.72087,39.778748,36.518024,34.389874,32.189323,28.764458,30.682673,25.061039,26.524147,23.551594,23.715221,23.510412,24.00804,27.717964,31.315315,32.26278,32.76637,28.134453,31.556908,25.62716,27.069893,27.193447,24.10439,23.605473,19.475252,20.000391,18.578806,17.541367,19.010714
