,0,1,2,3,4,5,6,7,8,9,10,11,12,13,14,15,16,17,18,19,20,21,22,23,24,25,26,27,28,29,30,31,32,33,34,35,36,37,38,39,40,41,42,43,44,45,46,47,48,49,50,51,52,53,54,55,56,57,58,59,60,61,62,63,64,65,66,67,68,69,70,71,72,73,74,75,76,77,78,79,80,81,82,83,84,85,86,87,88,89,90,91,92,93,94,95,96,97,98,99,100,101,102,103,104,105,106,107,108,109,110
0,0.0,4.3816624,6.0188093,9.632718,12.013828,13.987431,17.892666,19.434425,23.246098,26.13917,28.352959,31.900692,34.38502,31.498884,34.90925,31.043106,34.790833,32.597317,34.716896,35.552616,34.753567,38.25897,36.172882,41.33547,39.507793,35.78645,37.549908,33.480095,33.235214,30.54619,29.79881,28.2846,25.451113,29.973818,25.823214,28.597443,26.74848,23.199589,26.2361,27.619995,21.714815,24.136614,24.59322,27.622711,27.597683,30.95667,31.61327,35.044113,36.586617,33.75389,31.203577,28.08895,26.491575,21.440102,21.798414,19.013357,19.368921,19.436357,15.530958,13.272426,14.783578,15.746316,20.241432,21.295586,27.17376,26.82604,30.937454,34.575424,37.331112,33.132034,30.225983,27.626135,26.6277,24.921787,24.519886,20.961174,22.784199,23.65494,24.23972,27.305777,28.16026,26.691874,30.634592,31.240885,29.271051,33.782326,32.69544,34.861145,37.067867,38.28818,42.853096,43.230736,48.275562,50.96164,48.729244,48.98565,44.25815,44.475117,41.105824,40.06501,38.704845,36.076855,34.701607,33.14915,33.330494,34.70138,34.59199,34.775646,37.866955,37.527985,41.56303
1,4.3816624,0.0,5.362265,6.432264,9.0540085,12.063204,14.959009,17.85846,21.075289,24.083986,26.826477,29.86475,32.48261,29.791481,32.982677,29.019754,32.76634,30.158598,32.64384,32.94814,32.352093,35.606647,33.810352,38.962917,37.220608,33.302486,34.548412,30.650866,30.134085,28.012281,26.88527,26.17679,23.699558,28.715734,24.812923,27.998392,26.710299,22.924976,25.515419,26.391848,20.006636,21.887512,21.880516,24.383183,24.75248,27.759754,28.531511,31.963947,33.255684,30.83713,28.465254,25.416634,24.090437,18.94865,19.45837,17.471418,17.422638,18.200413,14.49698,11.420703,12.173271,12.513744,16.80468,17.46206,23.59108,22.755665,26.98417,30.775793,33.260315,28.918777,26.234478,23.424723,22.687263,20.74549,20.783436,17.056772,19.444832,20.730211,21.640038,24.684216,25.88971,24.319038,27.720858,28.239473,26.04196,30.675707,29.188358,31.648037,33.63763,35.037937,39.336502,40.064384,44.825676,47.713295,45.746445,45.77294,41.21344,41.144184,37.91174,36.523403,35.516712,32.476135,31.185432,29.684742,29.518223,30.86207,30.429155,30.783926,33.697693,33.450546,37.42542
2,6.0188093,5.362265,0.0,5.2219033,6.7948723,8.138139,12.286048,13.437569,17.259592,20.154884,22.37907,25.899342,28.375286,25.547285,29.058104,25.393648,29.349112,27.292992,29.820875,30.942125,30.55799,34.345512,32.91772,37.906487,36.752903,33.171032,34.417995,30.144424,29.243681,26.741674,25.04419,23.815367,20.012882,24.927565,20.60227,23.403276,22.15197,18.553026,21.69472,23.18711,16.78409,19.930813,19.714045,23.466955,24.428936,27.567244,28.852957,32.503246,34.47724,32.27023,29.597357,27.134434,25.10856,20.406822,19.567373,17.300652,16.066624,16.069466,11.821909,10.597988,10.820329,13.848417,17.443846,19.088615,25.226353,24.36832,28.941357,32.202248,34.62419,30.092224,26.413488,23.943417,22.178894,21.072428,19.614624,16.77798,17.950527,18.319187,19.076944,22.38235,22.789982,21.006683,25.110786,25.557474,23.70862,28.105911,27.509445,29.66115,32.176582,33.521904,38.493526,38.862537,44.09038,46.756817,44.247746,44.205574,39.419655,39.615334,35.949387,35.013138,33.249126,30.946814,29.368828,27.800802,28.449,29.809788,30.438204,30.360846,33.903046,33.74592,37.96678
3,9.632718,6.432264,5.2219033,0.0,3.8656676,6.2917295,8.999554,12.432991,14.9477005,18.288591,21.01695,23.700483,26.565489,24.187614,27.53052,23.959503,28.017927,25.441643,28.68256,29.119122,29.171032,32.626186,31.763264,36.659462,35.73144,31.929731,32.323658,28.322874,26.843433,25.308245,22.709303,22.867533,19.220293,24.889399,20.89527,24.079567,23.745342,20.03323,22.59429,23.458832,16.43186,18.946913,17.716095,20.82288,22.702587,25.181488,26.75616,30.390657,31.984304,30.494635,28.128557,25.840298,24.236881,19.589493,18.884686,17.83549,15.910008,16.855246,13.1026745,11.130403,9.777534,12.214981,15.009799,16.003424,22.474005,20.59341,25.409529,28.891365,30.700096,25.77877,22.38037,19.361685,17.804415,15.9800005,15.010477,11.6544075,13.35067,14.359265,15.436012,18.641367,19.670559,17.94746,21.314686,21.881256,19.930532,24.586489,23.713507,26.526855,28.82119,30.568737,35.22378,36.194008,40.989876,43.983883,41.82348,41.3036,36.778557,36.47331,32.89236,31.327826,29.962547,27.003256,25.25488,23.57538,23.781006,25.305277,25.540009,25.986431,29.327787,29.52825,33.67273
4,12.013828,9.0540085,6.7948723,3.8656676,0.0,5.40489,6.0000296,9.786259,12.508231,15.253577,18.601803,21.27216,23.714132,21.119259,24.154243,20.328876,24.272413,21.673782,24.820187,25.352566,25.422127,29.011053,28.291574,33.106087,32.42452,28.77235,29.14,24.990726,23.40888,21.712984,19.033665,19.043064,15.497206,21.185863,17.40486,20.831272,20.692493,16.911922,19.097975,19.750935,12.6574955,15.222452,13.931254,17.43579,19.501125,22.031773,23.83317,27.551512,29.548456,28.191277,25.684317,23.842472,21.873148,17.664663,16.152006,15.386287,12.672607,13.645759,10.166687,8.84659,6.5951786,10.526473,12.547643,14.305522,20.490562,18.936451,23.79557,26.77075,28.761404,24.02717,19.945612,17.588282,15.460798,15.105279,13.130003,11.250631,12.859631,13.360665,15.046824,18.51211,18.958586,16.556278,19.826782,19.735077,17.36456,21.844645,20.790869,23.157394,25.568089,27.127956,32.02375,32.71972,37.751244,40.591675,38.238117,37.851368,33.2134,33.119736,29.494728,28.29848,26.771729,24.20689,22.826935,21.480839,22.016506,23.14977,23.982365,23.616076,27.30761,27.215153,31.49687
5,13.987431,12.063204,8.138139,6.2917295,5.40489,0.0,6.241574,6.7956805,9.470985,13.070796,14.994186,18.074911,21.010479,18.70796,22.576906,19.692997,24.12461,22.25199,25.875147,27.220844,27.788364,31.749529,31.63209,36.147144,36.08399,32.73156,32.817703,28.565548,26.391224,24.801315,21.054657,21.10785,15.44475,21.214003,16.816872,19.425741,19.773167,16.522997,19.520672,20.98827,14.041942,18.043816,16.02753,20.540417,23.486029,25.75934,28.018814,31.776981,34.015266,33.01848,30.47741,28.950422,26.773293,22.837896,20.791748,19.85946,16.519337,16.73283,13.021152,13.353984,11.1034975,15.871677,17.387934,19.20586,25.291409,23.209478,28.223698,31.013016,32.474594,27.37084,22.9488,20.37024,17.50963,16.750885,13.654977,12.012646,11.361701,10.738777,11.574864,15.1012535,14.947082,12.8973055,17.214342,17.79197,16.56791,20.840279,21.446293,24.043398,26.998898,28.81892,34.20058,34.906925,40.078762,42.859146,40.12223,39.29362,34.628883,34.481586,30.342478,29.185139,26.833506,24.790314,22.47334,20.620691,21.97472,23.591208,25.257338,25.32766,29.355484,29.84147,34.15291
6,17.892666,14.959009,12.286048,8.999554,6.0000296,6.241574,0.0,6.745903,7.399215,10.037427,13.941785,15.821757,18.312748,16.114737,19.014563,15.619463,19.785925,17.170435,21.201897,21.778536,22.643705,26.291658,26.680223,31.006205,31.235306,27.877491,27.291893,23.237755,20.596914,19.738567,15.309018,16.58582,11.983574,18.232542,14.860985,18.22363,19.391144,16.042192,17.62727,17.96595,10.906005,13.703945,10.701911,14.752299,18.546076,20.22079,22.832138,26.534819,28.802977,28.4595,26.10626,25.18167,23.100765,19.873808,17.376398,17.7518,13.603539,14.687075,12.273671,12.412015,8.849762,13.437753,13.223893,15.155032,20.677244,18.346401,23.329103,25.64092,26.895096,21.90425,17.021973,14.976785,11.640963,12.543328,8.574051,9.114694,9.379838,8.978206,11.399054,14.876375,14.739451,11.700785,14.487308,13.899322,11.492124,15.895894,15.487119,18.088333,20.854713,22.744303,27.990595,28.885286,33.897724,36.77822,34.238033,33.292576,28.739006,28.419317,24.449232,23.170317,21.210121,18.908182,17.199903,15.878578,17.049885,18.11574,20.038738,19.358753,23.565128,23.841848,28.205269
7,19.434425,17.85846,13.437569,12.432991,9.786259,6.7956805,6.745903,0.0,5.1071477,7.0642543,9.215201,12.897107,14.973227,12.203382,16.140642,13.542816,18.083206,16.99757,20.590307,22.875404,23.789745,28.162445,28.675587,32.677048,33.449333,30.707113,30.658562,26.252993,23.678406,21.84598,17.489912,17.055523,9.769285,15.32543,10.918942,13.18108,14.49351,11.824658,14.543016,16.281525,10.184905,15.227877,12.834274,18.52656,22.03194,24.118065,26.873615,30.595333,33.57387,32.95082,30.25872,29.640692,26.89505,24.021347,20.689026,20.095177,15.620673,15.172743,12.511917,14.902223,12.2281,18.238846,18.38853,21.085554,26.199139,24.57436,29.394665,31.167244,32.64441,27.93248,22.495806,21.154448,17.251783,18.771782,13.904719,15.036758,13.375742,11.211953,12.534239,15.979464,14.136075,10.950701,15.42941,14.8826065,13.762786,17.0226,18.575119,20.110472,23.61418,25.102173,31.13384,31.219616,36.847748,39.199833,35.852413,35.066113,30.225054,30.53957,26.04841,25.816065,22.53675,21.930523,19.875696,18.521463,21.041332,22.071888,25.2514,24.073105,28.715607,28.95731,33.34652
8,23.246098,21.075289,17.259592,14.9477005,12.508231,9.470985,7.399215,5.1071477,0.0,4.5589714,6.7742267,8.800977,11.77582,10.1295805,14.0771475,12.511892,17.165026,15.924708,20.525238,22.341555,24.012733,28.037962,29.459505,33.051655,34.36129,31.670706,30.656822,26.630371,23.234789,22.575811,16.862211,18.151834,10.967055,16.68687,13.237551,15.209448,17.72982,15.593029,17.433187,18.516146,12.844098,16.943604,13.288254,18.32243,23.009604,24.190367,27.369047,30.944029,33.685654,33.910248,31.537628,31.293995,28.865559,26.32758,23.029411,23.339212,18.538872,18.699224,16.649742,18.494307,15.180925,20.512865,19.71023,21.892704,26.726177,24.207865,29.021727,30.622414,31.254637,26.269157,20.88466,19.371109,15.149001,16.63581,11.141518,13.41586,10.628221,7.717354,9.302837,12.3538685,10.157684,6.4596353,10.469141,9.891452,9.515046,12.630415,15.263582,17.505863,21.083454,23.1035,29.008045,29.664972,34.856583,37.432632,34.24873,32.71856,28.215322,27.979858,23.311188,22.522661,19.07114,18.319002,15.547416,13.916465,16.886303,18.14135,21.862206,21.080038,25.761469,26.593805,30.836863
9,26.13917,24.083986,20.154884,18.288591,15.253577,13.070796,10.037427,7.0642543,4.5589714,0.0,5.547338,7.289791,8.522532,6.109954,9.665365,8.109518,12.771075,12.105554,16.598246,18.995296,20.861376,25.050276,26.844458,30.017014,31.831827,29.604546,28.574995,24.551256,21.055843,20.228941,14.405601,15.343782,7.8323855,12.907387,10.258602,12.011871,15.28968,13.738552,14.689307,15.531329,11.23962,15.206751,11.602875,16.96384,21.678925,22.707966,26.061047,29.497404,32.694866,33.077774,30.653067,30.988226,28.27141,26.494577,22.582453,23.135563,18.010122,17.884348,16.781826,19.390123,16.16394,21.691238,20.20712,22.856867,26.842049,24.917269,29.386118,30.243965,31.055906,26.625252,20.746223,20.350433,15.830023,18.968561,13.14849,16.688595,14.391147,11.587658,13.398982,16.055918,13.367987,9.5463,12.292346,10.285525,9.462023,11.134154,13.971194,14.899138,18.776857,20.350834,26.627762,26.709118,32.22502,34.428005,30.840752,29.503265,24.855148,25.075716,20.270142,20.406544,16.35612,16.93808,14.964235,14.189594,17.67506,18.137321,22.661037,20.695196,25.632969,26.030327,30.236712
10,28.352959,26.826477,22.37907,21.01695,18.601803,14.994186,13.941785,9.215201,6.7742267,5.547338,0.0,5.043823,7.037499,5.8661437,10.804999,11.608399,15.886068,16.460148,20.60279,23.681606,25.672209,29.953827,31.90408,34.823006,36.89999,34.892082,33.919968,29.914797,26.388712,25.466085,19.720629,20.22778,12.142757,15.893914,12.909748,12.909582,16.410128,15.817429,17.60969,19.342154,15.737447,20.347595,17.06868,22.49827,27.145725,28.219137,31.58257,35.000126,38.229225,38.59904,36.12515,36.3699,33.571045,31.592655,27.70791,27.78912,22.796585,22.187927,20.60579,23.561163,20.618084,26.427637,25.421883,27.990501,32.274746,30.119488,34.697357,35.673786,36.226425,31.59125,25.89328,25.09881,20.621588,22.796307,17.055063,19.919294,16.465372,13.025737,13.585459,15.632027,11.896939,9.000354,12.6771755,11.829688,12.980661,13.822524,18.286655,19.336533,23.289713,24.937754,31.21687,31.26437,36.68199,38.726624,34.895645,33.25389,28.815264,29.022879,24.044525,24.245872,19.643572,20.793758,17.98048,16.69264,20.678648,21.635426,26.415573,25.117146,29.968048,30.818645,34.889824
11,31.900692,29.86475,25.899342,23.700483,21.27216,18.074911,15.821757,12.897107,8.800977,7.289791,5.043823,0.0,4.6236315,6.4057574,9.876432,11.968318,15.698309,16.067139,20.83955,23.244532,25.841278,29.620573,32.338905,34.809185,37.323242,35.406258,33.60247,30.059578,25.957375,26.089247,19.54826,21.473486,14.402221,18.01714,16.152122,16.372675,20.370033,19.823502,20.772837,21.721256,18.4136,22.027903,18.073715,22.57149,27.929129,28.205439,31.816166,35.001442,37.98748,39.088135,36.92935,37.522045,35.01702,33.390087,29.579163,30.379519,25.233759,25.141205,23.991314,26.4932,23.152267,28.391808,26.665918,28.829094,32.65297,29.949896,34.315258,35.009254,34.846832,30.23323,24.761936,24.094566,19.643665,21.98647,16.279074,19.992796,16.268526,12.895739,13.6041565,14.774823,11.068847,8.46489,9.845247,8.48264,10.723466,10.234788,15.859071,17.224184,21.020285,23.04233,28.974617,29.517979,34.38411,36.570854,32.96663,30.621544,26.654053,26.331114,21.339859,21.110125,16.37873,17.722298,14.492508,13.294433,17.678247,18.559776,23.833212,22.701567,27.399223,28.682205,32.4634
12,34.38502,32.48261,28.375286,26.565489,23.714132,21.010479,18.312748,14.973227,11.77582,8.522532,7.037499,4.6236315,0.0,4.0123143,5.96334,9.626356,12.485354,13.940854,18.103373,21.124022,23.810417,27.625843,30.617203,32.582737,35.552544,34.14803,32.443546,28.98155,24.980007,24.885834,18.69827,20.07072,13.535403,15.621331,14.843177,14.43418,18.87364,19.028553,19.209448,19.976086,18.225163,21.54231,18.00796,22.495033,27.568808,27.770092,31.400263,34.396465,37.768787,38.912804,36.71097,37.75576,35.014347,34.002766,29.777958,30.65849,25.44511,25.071798,24.609316,27.632397,24.474607,29.832636,27.746418,30.276098,33.427914,31.336636,35.37506,35.448887,35.538116,31.50105,25.724075,25.9607,21.423033,24.89948,19.081642,23.377375,20.184406,16.974257,18.024153,19.338566,15.692223,12.939861,13.858221,11.543745,12.873469,11.132004,16.399218,16.284927,20.156443,21.580267,27.707247,27.572071,32.697712,34.40218,30.363024,28.281347,24.25591,24.499392,19.504953,20.40808,15.151433,18.028221,15.862792,15.584547,20.030268,20.155949,25.85016,23.674444,28.467836,29.261875,32.94659
13,31.498884,29.791481,25.547285,24.187614,21.119259,18.70796,16.114737,12.203382,10.1295805,6.109954,5.8661437,6.4057574,4.0123143,0.0,5.0100236,6.876795,10.484018,11.9630375,15.743395,19.255777,21.48578,25.702248,28.135683,30.45451,33.100365,31.634174,30.521544,26.714039,23.132133,22.258146,16.631445,16.98697,9.8768015,12.033435,10.848477,10.622212,14.990127,15.028696,15.276622,16.296202,14.601012,18.336714,15.2611685,20.378067,24.944075,25.675201,29.143875,32.28737,35.886593,36.53271,34.11748,35.030632,32.07004,31.00265,26.637526,27.199223,22.033241,21.38607,20.975262,24.306856,21.384535,27.011168,25.180859,28.056927,31.302227,29.74076,33.83973,33.98325,34.678757,30.750626,24.716963,25.10425,20.51704,24.305593,18.414036,22.476974,19.793247,16.692278,18.029707,20.026308,16.550325,13.269965,15.239148,12.830876,13.033995,12.359772,16.41548,15.8993,19.913107,20.978195,27.424948,26.85459,32.482567,34.09557,29.911879,28.506443,24.009224,24.723024,19.772709,21.058311,16.035505,18.650982,17.03232,16.83339,20.965672,20.969475,26.332335,23.749592,28.708572,29.020447,32.95448
14,34.90925,32.982677,29.058104,27.53052,24.154243,22.576906,19.014563,16.140642,14.0771475,9.665365,10.804999,9.876432,5.96334,5.0100236,0.0,5.281962,6.715571,9.197145,12.515508,16.078451,18.673899,22.549894,25.610466,27.21382,30.451735,29.500723,28.049318,24.637083,20.955717,20.475021,15.039786,15.691148,10.782193,11.122143,12.124466,11.976719,16.469082,16.866901,15.679477,15.684177,15.734691,18.140305,15.291641,19.490105,23.969257,24.16169,27.683186,30.458763,34.238823,35.289543,33.0523,34.57319,31.632414,31.388563,26.813387,27.925928,22.800917,22.324276,22.868496,26.16927,23.274946,28.412468,25.867523,28.776648,31.020365,29.842756,33.41374,32.812344,33.456596,30.208736,24.141954,25.493559,21.047081,25.887468,20.186312,24.990715,22.85571,20.092276,21.83397,23.664223,20.458555,17.12654,17.831236,14.592151,14.167084,12.157847,15.485236,13.493141,17.294508,17.803991,24.172365,23.133476,28.762257,29.997898,25.568653,24.23891,19.831226,20.928722,16.121338,18.41202,13.200687,17.178396,16.734055,17.481615,21.470108,20.67695,26.338526,22.808788,27.652636,27.568092,31.232607
15,31.043106,29.019754,25.393648,23.959503,20.328876,19.692997,15.619463,13.542816,12.511892,8.109518,11.608399,11.968318,9.626356,6.876795,5.281962,0.0,4.6917806,5.394763,9.062425,12.529643,14.613471,18.909601,21.302132,23.597382,26.251226,24.941721,23.953773,20.14653,16.814114,15.679806,10.588126,10.609123,6.067983,7.430631,8.521875,10.099049,13.913009,13.3829565,11.688525,11.091453,10.798972,12.861865,10.276625,14.879801,18.969427,19.617027,23.003668,25.97837,29.86969,30.484653,28.09491,29.473362,26.44091,26.184385,21.555717,22.70208,17.602129,17.2597,18.134981,21.317822,18.539478,23.529404,20.978971,24.128319,26.31932,25.652252,29.220274,28.73052,29.99861,26.876886,20.630737,22.209614,17.878998,23.167889,17.696936,22.324507,21.11874,18.838087,21.073824,23.501421,20.874823,17.097034,18.242714,14.878862,12.983301,12.407442,13.683355,11.471365,15.271703,15.515473,22.127373,20.913603,26.996984,28.424006,24.191797,23.593597,18.649569,19.983843,15.3998375,17.598022,13.264962,16.123798,16.39982,17.256147,20.579077,19.60786,24.621313,20.673075,25.592728,24.943014,28.890491
16,34.790833,32.76634,29.349112,28.017927,24.272413,24.12461,19.785925,18.083206,17.165026,12.771075,15.886068,15.698309,12.485354,10.484018,6.715571,4.6917806,0.0,4.5443306,5.852492,10.036679,12.316518,16.307535,19.259756,20.658249,23.994347,23.424381,22.344269,18.97588,15.882733,14.852043,10.891176,10.530947,9.457643,7.753261,11.153173,12.167794,15.715391,15.818859,12.903213,11.348074,13.519671,14.104277,12.43194,15.710009,19.157604,19.363525,22.617186,25.114706,29.278738,30.1426,27.90425,29.910902,26.852434,27.504177,22.730633,24.226254,19.462421,19.102934,20.874973,24.07428,21.586218,26.03338,23.01739,26.194756,27.30911,27.247536,30.184269,28.903404,30.281153,27.996016,21.879519,24.377937,20.37308,26.331385,21.191944,26.138445,25.274714,23.170214,25.507977,27.782347,25.184452,21.474455,22.001701,18.31173,16.27785,14.760835,15.238532,11.441335,14.635013,13.884458,20.286312,18.190584,24.435638,25.260347,20.605497,20.489319,15.538291,17.669872,13.553574,17.083162,12.975282,17.022547,18.408463,19.942251,23.04637,21.451187,26.524014,21.770828,26.418026,25.26562,28.867239
17,32.597317,30.158598,27.292992,25.441643,21.673782,22.25199,17.170435,16.99757,15.924708,12.105554,16.460148,16.067139,13.940854,11.9630375,9.197145,5.394763,4.5443306,0.0,5.6067653,7.3249583,9.928436,13.786269,16.74744,18.780817,21.649641,20.438793,18.899063,15.454597,11.8829775,11.551632,6.460565,8.043344,8.629842,9.289415,11.861605,14.240853,17.288263,16.318321,13.473913,11.13788,11.7559395,11.124223,8.800178,11.318809,15.342374,15.231157,18.677437,21.318764,25.249046,26.314169,24.200825,26.143143,23.358501,23.955225,19.418055,21.501045,16.725325,17.116291,18.974081,21.419794,18.678553,22.496408,19.072687,22.019798,22.986036,22.762611,25.67302,24.491941,25.851812,23.505974,17.380438,20.056374,16.247751,22.523989,17.791576,22.82483,22.61805,21.031374,23.72268,26.089048,24.103804,20.300135,20.395746,16.589914,13.660454,12.826662,11.666029,7.8716407,11.02708,10.546962,17.120478,15.642679,21.865505,23.30785,19.266472,19.017872,13.887036,15.453202,11.384773,14.158979,10.941734,13.767904,15.6934595,17.408384,19.888823,18.097513,22.701317,17.748453,22.37738,21.04731,24.808298
18,34.716896,32.64384,29.820875,28.68256,24.820187,25.875147,21.201897,20.590307,20.525238,16.598246,20.60279,20.83955,18.103373,15.743395,12.515508,9.062425,5.852492,5.6067653,0.0,5.694894,6.8638444,11.136457,13.630024,15.050151,18.268095,18.005367,17.51681,14.157523,12.104565,10.183987,9.010702,7.125131,11.001446,8.399958,12.723777,14.660644,16.866116,16.491003,12.461231,9.291435,13.16569,11.558447,11.564104,13.351952,15.211879,15.542989,18.309887,20.49516,24.995216,25.537931,23.3008,25.720953,22.604288,24.13331,19.357904,21.211416,17.120985,16.984907,19.835005,22.653318,20.700636,24.20155,20.907408,24.199303,24.203503,25.287071,27.54531,25.716578,27.88172,26.540459,20.683456,24.020948,20.682137,27.163567,22.783497,27.494473,27.684515,26.168848,28.840673,31.39614,29.30791,25.451038,25.928102,22.168049,19.210749,18.350317,16.717804,12.219016,14.270298,12.34899,18.175848,15.114079,21.779154,22.266935,17.702545,19.000175,13.815121,16.744745,13.853028,17.803518,15.25074,18.510466,21.05817,22.945345,25.198675,23.1559,27.378487,21.922842,26.15092,24.056128,27.516922
19,35.552616,32.94814,30.942125,29.119122,25.352566,27.220844,21.778536,22.875404,22.341555,18.995296,23.681606,23.244532,21.124022,19.255777,16.078451,12.529643,10.036679,7.3249583,5.694894,0.0,3.7731586,6.5080094,10.292366,11.647456,14.898358,14.278869,12.452731,9.759738,7.0949697,7.404075,6.8096704,8.148748,14.139166,13.410866,16.958141,19.625559,21.644135,20.522038,16.678774,12.959794,15.281702,11.711641,11.435143,10.308213,12.18862,11.143883,14.007804,15.77127,20.02609,21.368708,19.631174,22.525309,20.026918,22.170843,17.961643,20.919268,17.292011,18.226755,21.308878,22.98108,20.864134,22.992273,18.916111,21.591969,20.435127,21.596085,23.1558,20.745275,22.767965,22.13451,16.782787,20.90033,18.329554,25.172812,21.708632,26.539825,27.501799,26.62688,29.596146,31.992292,30.558374,26.781797,26.357643,22.476282,18.925253,18.172922,14.686394,9.9269705,10.478341,7.8486276,13.007764,10.057395,16.722534,17.679987,13.8713255,15.282326,10.160487,12.779413,10.98456,14.563225,13.777882,16.006847,19.633142,21.979069,23.305487,20.756382,24.231604,18.276443,21.934618,19.2979,22.482323
20,34.753567,32.352093,30.55799,29.171032,25.422127,27.788364,22.643705,23.789745,24.012733,20.861376,25.672209,25.841278,23.810417,21.48578,18.673899,14.613471,12.316518,9.928436,6.8638444,3.7731586,0.0,4.9766855,7.0020742,9.170247,11.790249,11.286209,10.864355,7.6775246,7.143568,5.110442,8.321003,7.2669554,14.909363,13.651178,17.225035,20.072079,21.310757,20.056896,15.93978,11.874001,15.004878,10.670901,11.946457,10.601719,10.404637,10.211574,12.298762,13.979016,18.642647,19.183552,17.208763,20.210426,17.465609,20.099915,15.874951,18.704737,15.736965,16.558884,20.158287,21.750715,20.210407,21.92933,18.11578,21.016094,19.426216,21.600786,22.859013,20.384459,23.266407,23.081501,17.992226,22.153759,19.936998,26.627182,23.48611,27.827717,29.214949,28.508432,31.502554,34.147472,32.815453,28.968506,29.009382,25.286568,21.53511,21.348871,17.593672,13.278584,13.626537,10.947314,15.155261,11.777381,18.27772,18.899868,15.355101,17.785467,12.97727,15.817123,14.600991,17.936848,17.454645,19.183743,22.751608,24.921488,26.022646,23.583998,26.528858,20.642847,24.065493,21.011295,24.160212
21,38.25897,35.606647,34.345512,32.626186,29.011053,31.749529,26.291658,28.162445,28.037962,25.050276,29.953827,29.620573,27.625843,25.702248,22.549894,18.909601,16.307535,13.786269,11.136457,6.5080094,4.9766855,0.0,5.50739,5.6633306,9.047942,9.288826,7.4066405,6.5742326,7.0578475,7.7444367,11.40356,11.981449,19.641878,18.56089,22.173227,25.001476,26.263086,24.977139,20.860767,16.756315,19.579058,14.683815,15.761909,12.577075,11.693017,9.992809,11.3079195,11.641977,16.030415,17.447412,16.246822,19.965519,17.977373,21.490574,18.054653,21.485258,19.24513,20.5344,24.23094,25.153776,23.684052,24.307676,20.103962,22.319447,19.306934,21.812384,21.980776,18.561893,21.332647,22.385925,18.278543,23.05292,21.634457,28.364782,25.966568,30.351849,32.140285,31.774961,34.876366,37.319653,36.294918,32.554432,31.944904,28.142595,24.289564,23.816824,19.27666,14.9096365,13.865763,10.612853,12.57399,8.64318,14.502274,14.846716,12.102062,15.348573,11.46682,14.272169,14.708668,17.92818,18.769617,20.157776,24.438963,26.963741,27.465664,24.631187,26.967064,20.799946,23.353222,19.76575,22.189245
22,36.172882,33.810352,32.91772,31.763264,28.291574,31.63209,26.680223,28.675587,29.459505,26.844458,31.90408,32.338905,30.617203,28.135683,25.610466,21.302132,19.259756,16.74744,13.630024,10.292366,7.0020742,5.50739,0.0,5.260747,5.0040355,4.821196,7.0272717,5.314171,9.104921,6.9856396,13.48525,12.083694,20.503523,19.36054,22.535158,25.62289,25.919989,24.331718,20.282871,16.17642,19.174334,13.790577,16.379759,13.336363,9.78116,9.731722,9.43236,9.712432,14.537247,14.2281885,12.555154,16.248781,13.961015,18.089054,14.958785,18.09322,17.039623,18.252075,22.324684,22.927795,22.270594,22.225677,18.620905,21.02701,17.692553,21.511564,21.44396,18.377422,22.366066,23.634415,19.861933,24.303913,23.26029,29.560839,27.559172,31.184326,33.484013,33.346855,36.441845,39.20798,38.355576,34.558067,34.604534,31.064735,26.97742,27.325672,22.617615,18.886417,18.179632,15.375362,17.203583,13.804748,18.966875,19.247288,17.083649,20.714224,16.9712,19.596617,19.809841,22.54428,23.312222,24.042963,27.990656,30.171148,30.46745,27.932125,29.646162,23.84196,26.278288,22.449686,25.006227
23,41.33547,38.962917,37.906487,36.659462,33.106087,36.147144,31.006205,32.677048,33.051655,30.017014,34.823006,34.809185,32.582737,30.45451,27.21382,23.597382,20.658249,18.780817,15.050151,11.647456,9.170247,5.6633306,5.260747,0.0,5.3152666,8.269106,8.733822,9.395708,12.0529175,11.413717,16.681025,15.797324,23.911856,21.911243,25.78682,28.372469,29.016855,27.980457,23.611103,19.513996,23.371332,18.349276,20.433725,17.355068,14.739703,13.7085085,13.532518,12.70225,16.94802,17.588745,16.647139,20.702662,18.841387,23.219255,20.218298,23.287264,22.092049,23.075014,27.177132,28.071724,27.265041,27.389967,23.588821,25.780846,21.990875,25.529308,24.955149,21.164719,24.539305,26.520323,23.067831,27.879578,26.82559,33.390476,31.256529,35.338173,37.36989,37.06066,40.154003,42.72395,41.6712,37.87973,37.50946,33.72834,29.861841,29.432888,24.925226,20.547617,19.365906,15.99555,16.698086,12.326329,16.854853,16.014635,13.797812,18.384956,15.470922,18.633972,19.806152,23.238655,24.214333,25.745354,30.093687,32.619976,33.029472,30.170727,32.174072,26.045626,28.149689,24.24128,26.159454
24,39.507793,37.220608,36.752903,35.73144,32.42452,36.08399,31.235306,33.449333,34.36129,31.831827,36.89999,37.323242,35.552544,33.100365,30.451735,26.251226,23.994347,21.649641,18.268095,14.898358,11.790249,9.047942,5.0040355,5.3152666,0.0,4.502289,8.030177,8.843102,13.205096,11.792536,18.32857,16.96154,25.406073,23.988985,27.229519,30.214344,30.19735,28.684828,24.61306,20.593498,23.8107,18.355417,21.181526,17.676157,13.374621,13.081961,11.493881,10.178242,14.251747,13.600146,12.679807,16.718336,15.142239,20.036327,17.842566,20.85216,20.821129,22.042225,26.209328,26.427605,26.202675,25.333668,21.95985,23.92087,19.592823,24.087809,23.05297,19.510113,23.780256,26.102076,23.261227,27.81901,27.3466,33.434547,31.9484,35.3377,37.959476,38.025528,41.148266,43.90282,43.203842,39.436073,39.36715,35.83851,31.69711,32.015087,27.02694,23.339851,22.125212,19.173836,19.59729,16.120556,20.035475,19.73701,18.460876,22.788279,19.908928,22.524326,23.596722,26.27741,27.591211,28.18125,32.380943,34.662952,34.639126,31.981049,33.188393,27.42153,29.21203,25.064737,26.99847
25,35.78645,33.302486,33.171032,31.929731,28.77235,32.73156,27.877491,30.707113,31.670706,29.604546,34.892082,35.406258,34.14803,31.634174,29.500723,24.941721,23.424381,20.438793,18.005367,14.278869,11.286209,9.288826,4.821196,8.269106,4.502289,0.0,5.963599,5.8132777,10.773269,9.441811,16.035435,15.201957,23.490181,23.144337,25.711615,29.137054,29.083506,27.041323,23.388235,19.438328,21.376213,15.627004,18.386333,14.384121,9.482677,9.419222,7.2547746,6.4394116,10.903883,9.793194,8.477407,12.528854,11.035687,15.870205,13.994321,17.453617,17.574419,19.312464,23.237177,22.864037,22.59118,21.176079,17.753357,19.521591,15.147472,19.824602,18.921467,15.816279,20.481855,22.440762,19.716291,24.019335,23.83757,29.601685,28.511915,31.526241,34.465866,34.8091,37.948284,40.73377,40.34623,36.663647,36.639313,33.330647,29.032393,29.904966,24.588419,21.595572,20.437912,18.023602,18.75998,16.260696,20.299786,20.971943,19.956713,23.468164,20.241554,22.224827,22.86467,24.76469,26.26634,26.00447,29.9792,32.041477,31.709333,29.252922,29.994303,24.56626,26.340425,22.23735,24.492624
26,37.549908,34.548412,34.417995,32.323658,29.14,32.817703,27.291893,30.658562,30.656822,28.574995,33.919968,33.60247,32.443546,30.521544,28.049318,23.953773,22.344269,18.899063,17.51681,12.452731,10.864355,7.4066405,7.0272717,8.733822,8.030177,5.963599,0.0,4.779368,7.6672397,9.838218,14.217292,15.843442,23.607908,23.933517,26.603754,30.069637,30.88528,28.828106,25.236856,21.194803,22.329927,16.615866,17.850813,12.645284,10.070567,7.2658906,6.3959665,4.8017917,8.75425,10.886722,10.713026,14.812283,14.174333,18.267035,16.435644,20.60405,19.638315,21.843597,25.342068,24.81033,23.642931,22.275747,17.964046,19.073244,14.321018,17.682795,16.44544,12.442141,16.062351,18.449774,16.076422,20.931551,21.00792,27.033827,26.174572,29.740223,32.57084,33.0232,36.23923,38.651928,38.43476,34.894108,33.999218,30.558558,26.315123,26.72261,20.965662,18.031328,16.0114,13.660258,13.166278,11.458614,14.826677,16.204956,15.930007,18.70957,16.016998,17.265852,18.568535,19.97451,22.343853,21.752806,26.17405,28.551056,27.879274,25.092,25.710861,20.034908,21.353086,17.113834,19.011448
27,33.480095,30.650866,30.144424,28.322874,24.990726,28.565548,23.237755,26.252993,26.630371,24.551256,29.914797,30.059578,28.98155,26.714039,24.637083,20.14653,18.97588,15.454597,14.157523,9.759738,7.6775246,6.5742326,5.314171,9.395708,8.843102,5.8132777,4.779368,0.0,5.017067,5.197701,10.523054,11.312423,19.161905,19.679178,22.056532,25.648952,26.301563,24.114815,20.64588,16.677195,17.620817,11.874376,13.515246,8.99567,5.923473,4.467832,4.9021287,6.3788433,11.104213,11.663899,10.10576,13.560572,11.793951,15.292835,12.524711,16.53316,15.078784,17.167572,20.693584,20.510687,19.32693,18.68964,14.507607,16.440989,13.014507,16.335709,16.436384,13.617106,17.504988,18.377506,14.692875,19.153955,18.50352,24.660202,23.182924,26.681345,29.317144,29.552898,32.726906,35.37251,34.954666,31.30134,30.990492,27.62183,23.334486,24.137094,18.77835,15.904434,14.896151,12.815512,14.596977,12.739538,17.599724,19.099295,17.619864,20.041664,16.255638,17.790457,17.7696,19.341562,20.711718,20.26749,24.17404,26.254993,26.044373,23.578156,24.736778,19.161522,21.463675,17.655897,20.495956
28,33.235214,30.134085,29.243681,26.843433,23.40888,26.391224,20.596914,23.678406,23.234789,21.055843,26.388712,25.957375,24.980007,23.132133,20.955717,16.814114,15.882733,11.8829775,12.104565,7.0949697,7.143568,7.0578475,9.104921,12.0529175,13.205096,10.773269,7.6672397,5.017067,0.0,5.747247,6.684368,10.194317,16.784138,18.070503,20.318531,23.863316,25.321466,23.184177,19.96485,16.204786,16.238691,11.165298,10.948376,6.075652,7.351445,4.4404488,7.688605,9.709704,13.463652,15.264457,13.93096,16.780933,15.1330805,17.401457,14.259231,18.273224,15.503675,17.67354,20.599115,20.68733,18.61507,18.85072,14.204555,16.034801,13.7775345,15.214012,16.192596,13.703357,16.212566,16.024054,11.395434,16.035473,14.791254,21.404852,19.455204,23.627003,25.800463,25.871101,29.062122,31.469387,30.980629,27.386227,26.592745,23.083248,18.872982,19.33991,13.910752,10.971505,9.972423,8.283582,11.281875,10.323172,15.627171,17.797997,15.992002,17.141554,13.00995,13.930393,13.249783,14.489666,15.8053055,15.29512,19.287027,21.516697,21.469492,18.876244,20.638828,14.797769,17.655502,14.290975,17.573133
29,30.54619,28.012281,26.741674,25.308245,21.712984,24.801315,19.738567,21.84598,22.575811,20.228941,25.466085,26.089247,24.885834,22.258146,20.475021,15.679806,14.852043,11.551632,10.183987,7.404075,5.110442,7.7444367,6.9856396,11.413717,11.792536,9.441811,9.838218,5.197701,5.747247,0.0,7.2670803,6.1416817,14.210514,14.6099615,16.890348,20.484203,21.127201,18.996817,15.496742,11.561546,12.768604,7.2624846,9.4052515,7.2000775,5.418782,6.610327,8.537294,11.202448,15.78076,15.535736,13.159181,15.610298,12.755206,15.038795,10.906902,14.152528,11.520686,13.05923,16.633703,17.416952,16.068075,17.046448,13.279453,16.260107,14.882804,17.49576,18.997734,17.227757,20.774025,20.233467,15.275882,19.064936,17.288683,23.555988,21.03064,24.658855,26.712816,26.47215,29.536453,32.38816,31.538845,27.742937,28.095926,24.743078,20.611977,21.552927,17.13981,14.120645,14.479726,12.698039,16.627354,14.497086,20.429281,21.80853,19.164125,21.196682,16.543465,18.45622,17.06476,19.078344,19.062395,19.272474,22.495462,24.274323,24.839746,22.729496,24.810637,19.414064,22.735464,19.600893,23.095362
30,29.79881,26.88527,25.04419,22.709303,19.033665,21.054657,15.309018,17.489912,16.862211,14.405601,19.720629,19.54826,18.69827,16.631445,15.039786,10.588126,10.891176,6.460565,9.010702,6.8096704,8.321003,11.40356,13.48525,16.681025,18.32857,16.035435,14.217292,10.523054,6.684368,7.2670803,0.0,6.6400375,10.567499,12.991292,14.540583,18.091738,20.088818,17.956789,15.301043,12.245948,11.034647,7.7935615,5.438209,4.906496,9.565233,9.161448,12.762731,15.719359,19.341536,20.392166,18.397512,20.19043,17.811844,18.442638,14.397231,17.40726,13.101332,14.709209,16.834494,17.902802,15.150494,17.494965,13.429876,16.081156,16.549047,16.580791,19.327234,18.308405,20.14472,17.944723,11.892383,15.08093,12.068049,18.722836,15.2029295,19.794613,21.000488,20.424881,23.50279,26.057432,25.070757,21.322622,21.13683,17.613638,13.560226,14.290308,10.249357,7.6234818,9.303793,9.04166,14.751004,14.116341,19.98069,22.154346,19.269255,19.373535,14.479873,15.312331,12.357473,13.56468,12.675868,12.743684,15.455226,17.195398,18.263027,16.283955,19.417397,14.223405,18.492125,16.497253,20.505392
31,28.2846,26.17679,23.815367,22.867533,19.043064,21.10785,16.58582,17.055523,18.151834,15.343782,20.22778,21.473486,20.07072,16.98697,15.691148,10.609123,10.530947,8.043344,7.125131,8.148748,7.2669554,11.981449,12.083694,15.797324,16.96154,15.201957,15.843442,11.312423,10.194317,6.1416817,6.6400375,0.0,8.447202,8.677892,10.788848,14.353091,15.235373,13.29041,9.778545,6.0789723,7.766721,4.531198,6.462565,8.979203,9.752967,11.753026,14.202362,17.22745,21.62482,21.09419,18.380013,19.967014,16.593313,17.386253,12.488612,14.191945,10.030869,10.294469,13.395567,15.735345,14.077402,17.333994,14.469121,18.139582,18.8409,20.405987,23.08259,22.165298,25.167603,23.37745,17.554352,20.32035,17.332409,23.318296,19.525925,23.255426,24.330685,23.382063,26.195324,29.207335,27.738998,23.832628,25.027569,21.779676,18.132544,19.099333,16.394701,13.523544,15.509481,14.35142,19.902212,17.788073,24.24132,25.510313,21.92977,23.32474,18.150965,20.21993,17.411072,19.738005,18.009377,19.086824,21.227005,22.545845,24.11988,22.533049,25.664122,20.764496,24.961567,22.692114,26.616741
32,25.451113,23.699558,20.012882,19.220293,15.497206,15.44475,11.983574,9.769285,10.967055,7.8323855,12.142757,14.402221,13.535403,9.8768015,10.782193,6.067983,9.457643,8.629842,11.001446,14.139166,14.909363,19.641878,20.503523,23.911856,25.406073,23.490181,23.607908,19.161905,16.784138,14.210514,10.567499,8.447202,0.0,6.3081346,4.509337,8.270191,10.494003,8.507142,7.604612,7.729,4.9904237,8.918443,7.367275,13.411141,16.434044,18.346272,21.270515,24.66918,28.555044,28.160315,25.395214,26.056282,22.776571,21.789234,17.181433,17.520414,12.42547,11.68763,12.142578,15.653356,13.234652,18.76371,17.108732,20.676594,23.646791,23.500963,27.400503,27.603556,29.68021,26.335495,20.148373,21.168613,17.082903,21.76357,16.657282,20.13462,19.622108,17.716423,19.996595,23.069027,20.88873,17.020414,19.437557,16.778992,14.275031,15.658653,15.787319,14.566367,18.042152,18.284159,24.693583,23.503572,29.77214,31.399643,27.497059,27.575731,22.41267,23.780771,19.582127,21.13807,17.71508,18.94744,19.024256,19.313541,22.0108,21.472008,25.482578,21.956326,26.808182,25.873035,30.133562
33,29.973818,28.715734,24.927565,24.889399,21.185863,21.214003,18.232542,15.32543,16.68687,12.907387,15.893914,18.01714,15.621331,12.033435,11.122143,7.430631,7.753261,9.289415,8.399958,13.410866,13.651178,18.56089,19.36054,21.911243,23.988985,23.144337,23.933517,19.679178,18.070503,14.6099615,12.991292,8.677892,6.3081346,0.0,5.05813,6.5031857,8.55024,8.716145,5.306433,5.174158,9.031293,11.333371,11.708491,16.621496,18.339716,20.284359,22.874893,25.804893,30.262552,29.673677,26.838104,28.13213,24.495695,24.572933,19.598793,19.696438,15.278469,13.6987095,15.417388,19.552471,17.992382,23.137878,21.35502,25.18047,27.049784,27.889273,31.159296,30.529802,33.00663,30.538494,24.34491,26.281616,22.370455,27.66918,22.630245,26.37438,25.844017,23.773186,25.914377,28.83947,26.241798,22.444847,24.681837,21.69695,19.449118,19.648695,19.82395,17.013258,20.189802,19.36734,25.690662,23.258,29.886368,30.629198,26.074017,27.003319,21.810873,24.225058,20.427603,23.42212,19.76556,22.478474,23.323143,24.140436,27.053398,26.017187,30.376385,26.048237,30.785294,29.323586,33.30897
34,25.823214,24.812923,20.60227,20.89527,17.40486,16.816872,14.860985,10.918942,13.237551,10.258602,12.909748,16.152122,14.843177,10.848477,12.124466,8.521875,11.153173,11.861605,12.723777,16.958141,17.225035,22.173227,22.535158,25.78682,27.229519,25.711615,26.603754,22.056532,20.318531,16.890348,14.540583,10.788848,4.509337,5.05813,0.0,4.306597,6.0182743,4.885433,4.7055564,7.123227,6.808413,11.516693,11.395839,17.35904,19.402834,21.818727,24.40566,27.73217,31.865456,30.945992,27.968811,28.514727,24.923052,23.916374,19.226147,18.606396,14.020058,12.149659,12.439557,16.868395,15.273377,21.165033,20.24257,24.0404,27.07888,27.415419,31.2655,31.457264,33.87008,30.668423,24.522501,25.483839,21.454733,25.764956,20.645504,23.605446,22.791117,20.613121,22.46069,25.587471,23.013296,19.345402,22.509401,20.180525,18.243263,19.410774,20.167124,18.65598,22.145952,22.046673,28.483545,26.750738,33.233013,34.45549,30.195215,30.680588,25.47308,27.307,23.147552,25.207582,21.447853,23.234114,23.133476,23.263887,26.217665,25.820961,29.921867,26.457497,31.310764,30.294678,34.530045
35,28.597443,27.998392,23.403276,24.079567,20.831272,19.425741,18.22363,13.18108,15.209448,12.011871,12.909582,16.372675,14.43418,10.622212,11.976719,10.099049,12.167794,14.240853,14.660644,19.625559,20.072079,25.001476,25.62289,28.372469,30.214344,29.137054,30.069637,25.648952,23.863316,20.484203,18.091738,14.353091,8.270191,6.5031857,4.306597,0.0,4.6120815,6.425184,6.897188,9.977712,11.091602,15.665004,15.484263,21.353365,23.443802,25.724127,28.344166,31.541943,35.806812,34.939728,31.956158,32.626,28.950537,28.062204,23.349583,22.473143,18.12729,15.936451,16.051905,20.708609,19.304653,25.329332,24.54293,28.324223,31.346256,31.622293,35.470867,35.524014,37.79935,34.593903,28.38484,29.329683,25.13206,29.29821,23.910736,26.913622,25.48363,22.898724,24.344423,27.246496,24.158867,20.74467,24.137215,21.960428,20.743517,21.30494,23.03488,21.304642,24.948782,24.760883,31.290176,29.291992,35.803143,36.71328,32.1033,32.533504,27.438301,29.485,25.195574,27.638645,23.34176,25.865887,25.478031,25.533054,28.9308,28.622158,33.15128,29.749077,34.681973,33.832863,37.99248
