,0,1,2,3,4,5,6,7,8,9,10,11,12,13,14,15,16,17,18,19,20,21,22,23,24,25,26,27,28,29,30,31,32,33,34,35,36,37,38,39,40,41,42,43,44,45,46,47,48,49,50,51,52,53,54,55,56,57,58,59,60,61,62,63,64,65,66,67,68,69,70,71,72,73,74,75,76,77,78,79,80,81,82,83,84,85,86,87,88,89,90,91,92,93,94,95,96,97,98,99,100,101,102,103,104,105,106,107,108,109
0,0.0,4.311865,6.1961713,9.457847,11.625013,14.020662,16.611063,20.782074,24.712019,25.628464,30.295559,32.80004,31.377407,28.161589,25.614544,21.209526,19.120354,18.50287,13.446426,15.213042,11.633479,13.220434,12.27857,13.51316,15.277765,15.327002,20.046679,16.99592,21.221798,16.61064,23.00448,23.329779,28.065933,27.602108,30.105932,31.206755,31.722395,30.933765,26.237995,23.010906,23.238811,17.79595,20.964058,16.204865,21.735922,18.560171,21.052238,20.916698,24.227274,25.623236,24.157213,27.91249,24.52909,29.642729,26.49112,28.885221,28.040722,28.007952,31.80148,33.76189,31.191786,33.52555,29.509022,32.25051,29.75148,33.755253,32.09636,29.550507,30.440887,31.951597,28.148771,32.42791,30.837904,37.165653,33.967224,37.826515,36.43487,36.321224,38.029545,40.00372,38.139473,35.100292,32.08144,29.457115,27.67542,24.912262,24.895325,19.713785,21.665741,20.054153,25.865383,22.268946,20.041033,23.456665,20.094172,23.629343,22.253895,27.685814,29.269463,30.649015,33.61126,35.537197,37.93463,38.276012,35.757015,36.92344,31.828346,33.2697,29.020056,30.865902
1,4.311865,0.0,5.3820434,6.391241,8.390467,11.95822,13.452468,18.397818,21.759909,22.834743,27.630302,29.910635,28.903852,25.77265,23.486597,18.708952,17.159246,15.675774,11.339013,12.373811,8.749697,11.631901,9.935946,12.743674,13.714274,12.662234,17.029497,13.433981,17.369421,12.631829,18.832306,19.51036,24.051165,24.04242,26.405758,27.80638,28.226744,27.181488,22.596182,19.364897,19.30855,13.63112,16.65806,12.021775,17.677307,14.811533,17.582672,17.691998,21.497282,22.476843,20.691093,24.189695,20.628483,25.561758,22.266672,24.722963,23.765543,23.850534,27.666828,29.49232,26.915945,29.22449,25.24795,28.091137,25.921259,29.828856,28.459898,26.303185,27.281986,28.297674,24.203472,28.32093,26.661612,32.92459,29.786085,33.546516,32.256435,32.27235,34.104176,36.14501,34.497257,31.600681,28.29133,25.8424,23.833128,21.440065,21.112175,16.302553,18.449518,17.23235,23.265032,20.359888,18.28232,21.457172,17.684721,20.712566,19.408749,24.306616,25.92652,26.946007,30.055126,31.629284,33.913338,34.208393,31.78813,32.933693,27.919575,29.536669,25.397778,27.57599
2,6.1961713,5.3820434,0.0,5.1927514,6.5274787,8.050463,11.065027,14.658475,18.811441,19.733908,24.235458,26.981867,25.574097,22.193396,19.983349,15.522629,13.911386,13.700898,8.912121,12.23755,10.077991,12.924048,13.583093,15.723299,17.919298,16.87058,20.30374,16.335562,19.571352,14.034633,20.019575,18.652075,23.56995,22.238018,25.062164,25.766684,26.699293,26.39972,21.676937,18.220116,19.741285,14.435058,18.250183,15.248196,20.658426,18.624842,21.35236,22.116125,26.017035,27.083261,25.073086,28.186018,24.379545,28.748953,24.859428,27.00278,25.165197,24.801538,28.145395,30.60421,27.80761,31.1118,27.435118,30.561224,29.230099,32.410294,31.435453,29.885284,30.140358,30.680584,26.114866,30.108015,27.807741,34.056282,30.175053,34.397568,32.356483,31.789192,33.167538,35.03387,32.82049,29.609632,27.093184,24.414362,23.256847,20.08197,21.277555,16.743565,19.51089,19.026781,25.30592,22.426453,19.742807,22.377876,17.932756,20.935453,18.592165,24.177465,24.623373,26.662064,28.79841,31.04617,33.56422,34.42514,31.930761,34.078217,28.662622,30.809473,26.85942,29.183363
3,9.457847,6.391241,5.1927514,0.0,3.717266,6.237175,8.31854,12.688833,15.972894,17.764025,22.134047,24.956244,24.404009,20.962952,19.639078,14.580291,14.364473,12.910115,9.889065,12.19668,10.408888,14.599739,13.976328,17.583008,18.51605,16.346992,19.36128,14.802172,17.240528,11.568741,16.562332,15.2931595,19.218721,18.665306,20.767353,21.83077,22.271328,21.630558,16.897028,13.620311,14.608544,9.664058,13.862934,11.853533,17.529564,16.170656,19.365696,20.12119,24.612434,24.712898,22.239893,24.826366,20.70769,24.632137,20.451454,22.192463,20.411432,19.800215,23.216337,25.832952,23.23732,26.73665,23.420979,26.892273,26.264511,29.426132,29.033903,28.04356,28.710339,28.422739,23.33918,26.793772,24.238546,30.15977,26.26574,30.089056,27.924543,27.680756,29.147177,31.334944,29.39221,26.327232,23.570988,21.461874,20.168009,17.722086,18.786282,15.387544,18.513378,18.703077,25.040396,23.146067,20.836437,23.145302,18.314205,20.372559,18.061243,22.571035,22.674665,24.18493,26.244213,27.727375,29.939299,30.966255,28.79447,31.07092,25.882978,28.484463,24.846046,27.766666
4,11.625013,8.390467,6.5274787,3.717266,0.0,5.44071,5.092324,10.349333,13.394119,14.581023,19.294178,21.712711,21.031603,17.772089,16.211153,11.087999,10.965006,9.22421,6.9178443,9.321578,8.73132,13.069415,13.521908,17.102495,18.42395,16.029116,18.017206,13.358475,15.200426,9.306954,14.243323,12.242942,17.087498,15.991555,18.86965,19.905888,20.953817,20.478565,15.945702,12.262257,14.250496,8.741141,12.62884,11.541652,16.333054,15.610415,18.481012,19.9288,24.314634,24.747398,22.273155,24.592903,20.596388,24.121185,19.80508,21.865562,19.29417,18.967854,22.041273,24.506372,21.568874,25.307486,21.924742,25.294865,25.013956,27.549858,27.293882,26.737349,26.800072,26.246214,21.047523,24.571697,21.834976,27.904526,23.785454,28.063837,25.879393,25.264246,26.695948,28.606205,26.568125,23.48994,20.687971,18.222488,17.015665,14.212216,15.633998,12.338746,15.724523,16.446342,22.780718,21.235598,18.778772,20.599972,15.450219,17.209229,14.573476,19.18399,19.08718,20.87496,22.838127,24.704134,27.126005,28.148363,25.806593,28.375265,22.976315,25.690485,22.14114,25.082396
5,14.020662,11.95822,8.050463,6.237175,5.44071,0.0,6.000729,7.1980534,11.492316,13.373513,17.123371,20.640081,19.876043,16.089489,15.440074,10.863826,11.559659,11.559675,9.693885,13.70627,13.749615,17.60959,18.720432,21.835318,23.589754,21.403254,23.40187,18.735876,20.153837,14.305976,18.185287,14.213018,18.153702,15.751016,18.357704,18.40201,19.596815,20.043734,15.422655,12.046349,15.42977,11.845251,16.273684,16.430958,21.215097,20.847658,23.815199,25.209312,29.6965,29.855848,27.217176,29.26567,25.075409,28.122528,23.465345,24.74745,21.88968,20.756172,23.27875,26.594963,23.83176,28.467615,25.715332,29.384438,29.840044,32.02319,32.18354,31.982166,31.886013,30.925617,25.429333,28.48303,25.206165,30.804955,26.084764,30.329687,27.23223,26.229858,27.042152,28.98695,26.360985,22.950157,21.366283,19.170973,19.158913,15.989236,19.069424,16.677357,20.294445,21.405725,27.679224,26.113214,23.398567,24.935183,19.587763,21.156868,17.771511,22.450624,20.849722,23.51416,24.12477,26.281199,28.675547,30.457565,28.327791,31.841843,26.39606,29.645401,26.459545,29.554155
6,16.611063,13.452468,11.065027,8.31854,5.092324,6.000729,0.0,6.375066,8.51566,9.612352,14.341808,16.695768,16.34919,13.10613,12.289226,7.0728145,8.791426,6.899248,7.85355,10.143637,11.566307,15.678817,16.963753,20.554934,21.926325,19.144833,19.766258,15.120274,15.405977,9.950089,12.840491,8.394738,13.485796,11.250199,14.798272,15.519961,17.255968,17.273031,13.134959,9.263401,13.055477,8.7137165,12.177331,13.6125,17.03728,17.624922,20.204412,22.28123,26.67328,26.887291,24.216969,25.777058,21.829645,24.285814,19.63931,21.395033,17.763487,17.26317,19.52326,22.267237,19.123503,23.705694,20.869965,24.358374,25.272875,26.76999,27.208569,27.639362,27.10805,25.612444,19.99383,22.93283,19.560087,25.276493,20.54953,25.174227,22.423704,21.258226,22.363304,24.080332,21.756582,18.564388,16.176968,13.66055,13.249472,10.149573,13.165291,11.631954,15.411987,17.321066,23.28219,22.650124,20.191744,21.055702,15.55002,16.162352,12.798537,16.691912,15.150327,17.528831,18.492134,20.61703,23.141993,24.666313,22.407032,25.952637,20.458656,23.835314,20.884169,24.165672
7,20.782074,18.397818,14.658475,12.688833,10.349333,7.1980534,6.375066,0.0,5.1183224,6.894701,9.954149,13.8280735,13.382991,9.464113,10.431469,6.954097,10.045944,10.602322,11.99304,15.5020685,17.383385,20.999344,23.03442,26.170172,28.039106,25.44938,25.94581,21.400352,21.284739,16.157175,17.916294,11.533562,15.085235,10.663813,14.149115,13.241217,15.713788,17.166428,13.508674,10.412616,15.870504,13.78829,17.315063,19.749813,22.982088,23.91824,26.473944,28.604977,33.01891,33.08603,30.299835,31.533007,27.510921,29.339237,24.471655,25.453281,21.403843,20.146847,21.408152,24.952604,22.029871,27.532047,25.49923,29.12549,30.893602,31.763693,32.676823,33.589603,32.70831,30.746809,25.005356,27.313732,23.420593,28.342756,22.982332,27.576912,23.769703,21.901466,22.060385,23.56513,20.392332,16.793127,16.395618,14.264989,15.726938,12.356876,17.316921,16.917313,20.664581,22.949764,28.647953,28.084435,25.3846,25.796602,20.268461,20.568565,16.537855,20.175966,16.637611,20.171513,19.112446,21.757137,24.244308,26.714264,24.748816,29.469385,24.089823,27.979097,25.615747,28.921888
8,24.712019,21.759909,18.811441,15.972894,13.394119,11.492316,8.51566,5.1183224,0.0,4.5765567,6.676283,10.221934,11.345561,8.09576,10.760407,8.184413,12.432185,11.861508,15.068662,17.235512,19.658535,23.41802,25.105377,28.670803,29.989166,26.924236,26.53844,22.129929,20.866491,16.667112,16.390604,9.194767,11.242079,5.950789,9.709098,8.650461,11.8173065,13.499991,10.889913,8.471584,14.412218,13.759962,16.280403,20.296871,22.4019,24.279343,26.628439,29.018246,33.429913,33.056774,30.137398,30.647236,26.81073,27.642239,22.79237,23.413956,18.80871,17.51093,17.892221,21.436924,18.588524,24.492739,23.148586,26.7497,29.517864,29.638514,31.216434,32.933586,31.930027,29.105688,23.218752,24.684757,20.45766,24.62071,19.027515,23.499807,19.323555,17.154055,17.057531,18.548601,15.357749,11.775704,11.727846,10.289262,12.545437,10.178762,15.565185,17.062323,20.663008,23.6267,28.774267,29.168465,26.82523,26.668093,21.267601,20.451193,16.653528,18.564907,14.039979,17.281025,15.307679,17.438183,19.710102,22.610584,21.00775,26.307976,21.320333,25.677547,24.040266,27.657791
9,25.628464,22.834743,19.733908,17.764025,14.581023,13.373513,9.612352,6.894701,4.5765567,0.0,5.390278,7.3164616,7.2593637,4.224592,6.5640664,5.579154,9.908075,9.978976,14.064778,15.9998665,19.20401,22.272394,24.903791,27.91181,29.731325,26.930696,25.909447,21.919094,20.484264,16.7183,16.630909,9.3427,13.215431,7.5116463,12.65431,11.735535,15.49485,17.045008,14.873019,12.223411,17.826283,16.023182,17.960865,21.54937,22.95541,24.869884,26.723328,29.530434,33.537964,33.826447,31.165842,31.786612,28.264639,29.165127,24.573185,25.8255,20.921116,20.30136,20.5621,23.406162,20.211805,25.714815,24.022827,27.14987,29.686152,29.254704,30.602251,32.40893,30.683325,28.047117,22.561314,24.333906,20.297321,24.699501,19.174852,24.28704,20.592947,17.878864,17.781487,18.432299,15.055001,11.555276,11.56888,8.848987,11.527049,8.110217,14.199972,15.641453,18.971266,22.13749,26.858091,27.32833,24.889124,24.204514,19.012201,17.972158,13.919246,15.999966,10.975889,15.209954,12.910935,16.399,19.182125,21.771385,19.72971,25.15511,19.950888,24.035744,22.470015,25.678068
10,30.295559,27.630302,24.235458,22.134047,19.294178,17.123371,14.341808,9.954149,6.676283,5.390278,0.0,5.2445564,6.7420473,4.8855925,9.744634,10.664457,14.741013,15.342817,19.233936,21.388544,24.5508,27.63552,30.238274,33.287006,35.075024,32.185253,31.072807,27.089262,25.32405,21.817472,20.896639,13.482414,15.0990095,8.979294,12.750736,10.441953,14.659745,17.21602,16.11404,14.565693,20.402946,20.084757,21.953522,26.243498,27.502262,29.740467,31.641544,34.41869,38.507465,38.458385,35.667206,35.895523,32.369785,32.63977,28.01311,28.603535,23.580357,22.47819,21.822489,25.050587,22.278538,28.220377,27.346592,30.510311,33.80772,32.901745,34.74622,37.014816,35.237007,32.09357,26.61223,27.622889,23.354113,26.65937,20.970875,25.582363,21.164995,18.00336,16.913486,17.254206,13.245993,9.738632,12.293043,10.98049,14.770096,12.451932,18.524096,20.806568,24.003126,27.34577,31.779428,32.525917,30.12971,29.205214,24.172943,22.805027,18.858358,20.047533,14.081579,18.25235,14.241413,17.384602,19.71934,23.103071,21.647625,27.783054,23.14751,27.52589,26.61536,29.883131
11,32.80004,29.910635,26.981867,24.956244,21.712711,20.640081,16.695768,13.8280735,10.221934,7.3164616,5.2445564,0.0,4.523133,6.1335335,9.855042,11.967364,15.6637945,15.783355,20.589989,21.683523,25.382013,28.001844,30.859737,33.7251,35.437927,32.52831,30.500303,27.068867,24.635826,22.18656,20.387047,13.55008,15.443417,9.927335,14.203345,12.709467,17.041168,19.043266,18.669264,17.155327,22.473072,21.810608,22.683681,27.186375,27.286755,29.959888,31.309282,34.44832,38.11998,38.331875,35.74393,35.669415,32.6037,32.418877,28.193758,29.155622,23.844473,23.412495,22.361898,24.707077,21.7935,27.235622,26.447783,29.04849,32.585888,30.827501,32.81382,35.56006,33.21446,29.793585,24.81311,25.503637,21.453928,24.328234,18.909592,23.801151,19.962555,16.330992,15.25906,14.593315,10.736637,7.9210134,10.463184,8.830243,12.979716,11.233224,16.917759,20.11343,22.744352,26.426167,29.98897,31.388496,29.274284,27.681026,23.186556,21.025541,17.510553,17.363947,10.876873,15.129589,10.197152,14.118914,16.67219,19.824038,18.27779,24.61126,20.320965,24.52372,24.221657,27.20217
12,31.377407,28.903852,25.574097,24.404009,21.031603,19.876043,16.34919,13.382991,11.345561,7.2593637,6.7420473,4.523133,0.0,4.022534,6.4304376,10.216142,13.078818,14.3106575,18.688217,20.267195,24.119226,26.191898,29.809746,32.0723,34.4048,31.92467,30.062645,26.767965,24.91352,22.107143,21.546173,14.830402,18.39899,12.7233305,17.646482,16.19762,20.489656,22.443207,21.279753,19.106697,24.59279,22.829445,24.09494,27.670341,28.121769,30.281797,31.523518,34.731293,38.21405,39.032604,36.629063,37.05535,33.967815,34.44507,30.213854,31.649206,26.440554,26.18847,25.71731,28.000233,24.823563,30.00341,28.56707,31.05144,33.82733,32.323956,33.735474,35.99389,33.321938,30.596952,25.880432,27.343674,23.5704,27.216694,21.946568,27.223885,23.768028,20.274302,19.53271,18.813435,15.131208,12.356398,14.019213,11.289765,14.769789,11.722836,17.521582,19.476702,22.039835,25.423729,29.063517,29.888332,27.485327,25.869047,21.46814,19.870964,16.025433,17.223806,11.287099,16.352854,12.373205,17.231632,20.146505,22.728369,20.663424,26.525616,21.785164,25.491812,24.672808,27.197878
13,28.161589,25.77265,22.193396,20.962952,17.772089,16.089489,13.10613,9.464113,8.09576,4.224592,4.8855925,6.1335335,4.022534,0.0,4.9690213,7.4214616,10.8190365,12.282967,16.105549,18.413517,21.889029,24.371859,27.739697,30.202559,32.531437,30.035238,28.840822,25.11972,23.760645,20.165598,20.304857,13.205845,17.00397,11.072156,15.994072,14.439698,18.527323,20.541916,18.71672,16.288307,21.99747,20.14825,22.0633,25.390709,26.651653,28.479494,30.114605,33.06737,36.85341,37.501606,34.96666,35.651154,32.246777,33.129025,28.632902,29.944094,24.945623,24.367094,24.330097,27.091938,23.918945,29.365053,27.734869,30.619747,33.134884,32.325417,33.591797,35.45498,33.258366,30.757973,25.623072,27.402523,23.475386,27.611372,22.132908,27.339886,23.613188,20.480627,19.930733,19.944101,16.197931,12.867936,14.104819,11.351841,14.522371,10.96184,17.084305,18.333023,21.373995,24.509892,28.883055,29.227425,26.63306,25.599339,20.702347,19.715477,15.531497,17.780273,12.307286,17.220861,14.055914,18.360823,21.231998,23.907299,21.82408,27.495678,22.403297,26.27189,24.915598,27.725733
14,25.614544,23.486597,19.983349,19.639078,16.211153,15.440074,12.289226,10.431469,10.760407,6.5640664,9.744634,9.855042,6.4304376,4.9690213,0.0,5.2578006,6.8682437,9.251874,12.778032,15.03437,18.73545,20.517954,24.584482,26.43167,29.239584,27.174555,25.947475,22.573679,21.735546,18.158548,19.48102,13.338708,18.860506,13.66021,19.076298,18.237259,22.058643,23.490723,21.075865,17.999954,23.230255,19.959667,21.806267,23.994907,25.240885,26.56637,27.905794,30.95882,34.389645,35.720318,33.483353,34.63806,31.4088,32.927944,28.66053,30.655128,25.857136,25.793718,26.396791,28.671116,25.213781,30.01899,27.640991,30.216661,31.819334,31.252388,31.862377,33.203377,30.700182,28.969221,24.274008,26.855925,23.410328,28.33566,23.245539,28.819527,25.842365,22.950684,22.985182,22.912363,19.600191,16.49096,16.389997,12.719457,14.733237,10.2918825,15.70308,15.567122,18.347631,21.120722,25.441994,25.300558,22.528658,21.479563,16.75457,16.334042,12.022306,15.635711,11.501853,16.592949,14.912961,19.771832,22.97599,24.841011,22.21912,27.102304,21.657627,24.858055,22.9429,25.241524
15,21.209526,18.708952,15.522629,14.580291,11.087999,10.863826,7.0728145,6.954097,8.184413,5.579154,10.664457,11.967364,10.216142,7.4214616,5.2578006,0.0,4.4196672,5.2560787,8.78014,11.263392,14.520772,17.166216,20.43237,22.918707,25.280382,22.945913,22.314701,18.430153,17.977917,13.649186,15.640338,9.704648,15.754102,11.370046,16.54869,16.3671,19.54312,20.425863,17.320036,13.834422,18.697416,14.934864,17.195354,19.09391,21.01078,22.084232,23.83063,26.61019,30.387661,31.390026,29.01126,30.351948,26.87313,28.779966,24.366621,26.38396,21.928213,21.792131,23.036127,25.451416,22.000504,26.745796,24.079432,27.002213,28.290503,28.516224,29.0126,29.985304,28.181728,26.568659,21.421797,24.294294,20.825056,26.282993,21.24035,26.627096,23.75741,21.500973,22.055508,22.751572,19.818586,16.540808,15.228852,11.666295,12.639863,8.068274,13.073998,12.229774,15.609722,18.17377,23.316607,22.951523,20.206402,19.919325,14.583376,14.621043,10.292596,14.547881,11.505206,15.660715,15.320589,19.177164,22.237223,23.926,21.323326,25.696756,20.021664,23.349205,20.88021,23.631739
16,19.120354,17.159246,13.911386,14.364473,10.965006,11.559659,8.791426,10.045944,12.432185,9.908075,14.741013,15.6637945,13.078818,10.8190365,6.8682437,4.4196672,0.0,4.610792,6.054276,9.137456,12.376552,14.082208,18.286915,19.92573,22.992258,21.286512,20.920694,17.441525,17.885458,13.535047,17.046072,12.61756,19.330656,15.550773,20.67808,20.704988,23.69859,24.329071,20.907864,17.192368,21.430485,16.600115,18.858885,19.283508,21.39989,21.723202,23.201242,25.943964,29.332304,31.056534,29.015112,30.903126,27.60558,30.191174,26.069729,28.596622,24.511303,24.718975,26.42692,28.491337,24.950087,29.071552,25.823599,28.426075,28.74046,29.317356,29.113153,29.415646,27.40236,26.715843,22.140894,25.724775,22.805134,28.738203,24.128735,29.62065,27.295761,25.209066,26.015522,26.579885,23.824017,20.690712,19.01038,15.158077,15.356982,10.679673,14.29027,11.552941,14.519403,16.33948,21.537756,20.340263,17.283056,17.252384,12.113482,13.317749,9.113679,14.971186,13.518207,17.467346,18.129368,22.266228,25.455128,26.573338,23.65791,27.264711,21.476547,24.04654,21.040455,23.165257
17,18.50287,15.675774,13.700898,12.910115,9.22421,11.559675,6.899248,10.602322,11.861508,9.978976,15.342817,15.783355,14.3106575,12.282967,9.251874,5.2560787,4.610792,0.0,5.5893116,6.1407213,9.810324,12.3596945,15.5529785,18.082508,20.273335,17.975576,17.166632,13.4787445,13.432599,9.236592,12.4811735,8.953766,16.044554,13.453162,18.370499,19.196552,21.79489,21.757698,18.43502,14.693841,18.177769,12.998402,14.619029,15.2810545,16.898956,17.575882,19.036411,21.907412,25.42724,26.857965,24.739807,26.424646,23.205772,25.661749,21.653402,24.397741,20.383602,20.958317,22.877836,24.52229,20.94408,24.692755,21.2819,23.863354,24.198513,24.874506,24.77306,25.23463,23.494038,22.515873,17.704506,21.338291,18.521557,24.676954,20.34224,25.730083,23.861296,22.181124,23.462696,24.275034,22.08073,19.218672,16.437695,12.683172,11.817089,7.5879364,10.087337,7.3503704,10.740066,12.988442,18.401268,17.86088,15.206015,15.227444,9.723818,10.272744,6.3398337,11.691026,11.223204,14.14869,15.924043,19.321583,22.388405,23.129622,20.21137,23.35732,17.557829,20.175798,17.029299,19.55345
18,13.446426,11.339013,8.912121,9.889065,6.9178443,9.693885,7.85355,11.99304,15.068662,14.064778,19.233936,20.589989,18.688217,16.105549,12.778032,8.78014,6.054276,5.5893116,0.0,5.3822236,6.9333177,9.299166,12.838342,14.751611,17.674133,16.14536,16.997013,13.28074,15.161063,10.113657,15.591241,13.365659,19.999954,17.780516,22.124142,22.860094,24.969177,24.860998,20.834394,16.945873,19.793308,13.881017,16.423985,14.992325,18.14697,17.407816,19.18589,21.40901,24.886728,26.701992,24.788717,27.300846,23.932823,27.437805,23.545412,26.37162,23.177853,23.553894,26.15973,28.01235,24.618895,28.02374,24.21345,26.85837,26.089493,27.841932,27.036015,26.38959,25.198448,25.320566,20.881857,25.0443,22.649605,29.07598,25.028048,30.100895,28.320412,27.025795,28.382668,29.49998,27.248545,24.210096,21.538761,18.031044,16.944107,13.033245,14.572164,9.911318,12.83693,13.432677,19.454401,17.380383,14.331072,15.671161,10.525201,13.106143,10.094554,16.289291,16.76199,19.348413,21.503922,24.677097,27.62539,28.231396,25.331911,27.816248,22.099756,24.167967,20.425528,22.515469
19,15.213042,12.373811,12.23755,12.19668,9.321578,13.70627,10.143637,15.5020685,17.235512,15.9998665,21.388544,21.683523,20.267195,18.413517,15.03437,11.263392,9.137456,6.1407213,5.3822236,0.0,4.3369517,6.5413103,9.651523,12.0590515,14.225295,12.293688,11.966551,8.664033,10.39137,6.572767,12.234113,12.375628,19.168074,18.21857,22.4664,23.952555,25.876562,25.08792,21.504234,17.776508,19.552635,13.199491,14.224212,12.283257,14.027657,13.418112,14.539198,17.208088,20.31302,22.48198,20.832571,23.277336,20.418495,23.89929,20.583036,24.043755,21.033129,22.20832,24.92839,25.848412,22.402254,24.80523,20.574514,22.669113,21.345222,23.046637,21.897022,21.174177,19.824436,20.209251,16.239508,20.799498,19.073215,25.7079,22.410406,27.396196,26.565456,25.61138,27.470268,28.4737,26.898382,24.354834,20.697403,17.208902,14.968049,11.959526,11.172182,5.305133,7.679462,8.129531,14.252219,12.702376,10.060353,11.329103,6.1482425,8.711829,7.1642094,12.710774,15.109243,16.430368,19.984169,22.669867,25.525604,25.326815,22.289831,23.739492,18.222137,19.61705,15.575731,17.458397
20,11.633479,8.749697,10.077991,10.408888,8.73132,13.749615,11.566307,17.383385,19.658535,19.20401,24.5508,25.382013,24.119226,21.889029,18.73545,14.520772,12.376552,9.810324,6.9333177,4.3369517,0.0,4.784895,5.999658,9.046056,10.923797,9.229905,10.859205,7.4191875,10.97085,6.9472847,13.662099,14.989219,21.085344,20.84317,24.43968,26.11641,27.471367,26.375357,22.441242,18.80601,19.600616,12.947353,14.295542,10.461703,13.499176,11.565642,13.113372,14.987223,18.219196,20.40372,18.880445,21.95865,19.018436,23.322668,20.247995,23.726755,21.592728,22.688898,25.968687,26.897692,23.725185,25.666117,21.22254,23.37897,21.194777,23.967094,22.381834,20.750528,20.341091,21.415987,17.712763,22.397303,21.045658,27.695564,24.766146,29.264614,28.622675,28.162436,30.192654,31.55841,30.136076,27.562151,23.734266,20.612526,18.102669,15.57035,14.227694,8.378057,10.064114,8.971628,15.245789,12.797471,10.444066,13.035577,8.992985,12.098236,11.387133,16.37145,19.11309,19.918116,23.760796,25.889837,28.507961,28.18891,25.327303,26.164703,20.950912,22.043488,17.750874,19.51617
21,13.220434,11.631901,12.924048,14.599739,13.069415,17.60959,15.678817,20.999344,23.41802,22.272394,27.63552,28.001844,26.191898,24.371859,20.517954,17.166216,14.082208,12.3596945,9.299166,6.5413103,4.784895,0.0,6.121439,5.9243283,9.641841,9.678688,10.857235,9.452912,13.183927,10.8200245,17.061455,18.706036,25.18012,24.670578,28.663248,30.248482,31.891666,30.874086,27.062199,23.386341,24.299105,17.646374,18.53502,14.33857,16.32808,14.014421,14.486085,16.375816,18.414125,21.772015,20.938547,24.293278,22.001106,26.433317,23.921492,27.722128,25.665216,27.069464,30.249012,30.79853,27.558338,28.980053,24.318525,25.837667,22.861784,25.446762,23.149372,20.912373,19.891438,22.09043,19.525476,24.543213,23.771305,30.433584,27.887356,32.53734,32.30649,31.686445,33.740334,34.75828,33.357185,30.882092,27.085173,23.637533,21.100042,18.391596,16.660477,10.368848,10.619156,8.202567,13.525343,9.716694,6.96525,10.251888,7.829134,12.022253,12.193186,17.469036,21.039808,21.88102,26.030216,28.615253,31.379625,30.643879,27.553753,27.828423,22.791016,23.015898,18.589464,19.301207
22,12.27857,9.935946,13.583093,13.976328,13.521908,18.720432,16.963753,23.03442,25.105377,24.903791,30.238274,30.859737,29.809746,27.739697,24.584482,20.43237,18.286915,15.5529785,12.838342,9.651523,5.999658,6.121439,0.0,5.2691183,5.0128164,4.0805373,8.011004,6.6552596,11.530776,9.953498,15.967582,19.443983,24.777185,25.652906,28.674664,30.804436,31.64838,29.987188,26.202818,22.916058,22.294056,15.85412,16.215965,10.482732,12.953094,9.416322,10.268378,11.109231,13.5364065,16.441933,15.682683,19.502285,17.307232,22.367184,20.390812,24.21418,23.25768,24.806273,28.476957,28.687208,25.878035,26.461529,21.69646,23.19771,19.456623,23.260143,20.77766,17.819283,18.379253,20.727266,18.270016,23.101685,22.814568,29.272285,27.382017,31.231504,31.475954,31.621067,34.02549,35.51569,34.61804,32.35048,28.0067,25.210705,22.057774,20.399853,17.57191,11.981392,12.041421,9.198617,14.223708,11.184585,10.118528,13.691554,11.8349495,14.899217,15.759857,19.588394,23.565601,23.300867,28.006601,29.462933,31.775593,30.785305,28.052183,27.49674,23.02181,23.10575,18.644806,19.737194
23,13.51316,12.743674,15.723299,17.583008,17.102495,21.835318,20.554934,26.170172,28.670803,27.91181,33.287006,33.7251,32.0723,30.202559,26.43167,22.918707,19.92573,18.082508,14.751611,12.0590515,9.046056,5.9243283,5.2691183,0.0,5.3067074,7.8448253,10.724658,11.077574,15.598782,14.443188,20.466635,23.490707,29.382597,29.67256,33.170193,35.058453,36.241135,34.819992,30.965767,27.504265,27.361206,20.814411,21.314356,15.748509,17.675392,14.196138,14.156449,14.893839,15.849784,19.869684,19.80275,23.768484,22.090845,27.140438,25.46597,29.400198,28.343782,29.955551,33.517662,33.657627,30.734444,31.19547,26.341875,27.415226,23.180143,26.676008,23.620062,20.130592,20.025728,23.416656,21.891829,26.938372,26.940493,33.43164,31.63232,35.73759,36.090675,35.966957,38.28659,39.486732,38.422787,36.095116,31.952518,28.776812,25.813478,23.680359,21.059464,15.01776,14.403678,10.83805,14.586948,9.985772,8.816172,12.894956,12.58351,16.44867,17.586502,21.99493,26.293705,26.401487,31.107529,33.155697,35.675766,34.503136,31.546719,30.777538,26.34037,25.8262,21.326092,21.46397
24,15.277765,13.714274,17.919298,18.51605,18.42395,23.589754,21.926325,28.039106,29.989166,29.731325,35.075024,35.437927,34.4048,32.531437,29.239584,25.280382,22.992258,20.273335,17.674133,14.225295,10.923797,9.641841,5.0128164,5.3067074,0.0,4.2198296,8.308159,9.572082,14.093721,14.179639,19.344795,23.808983,28.798805,30.182766,33.001507,35.353466,36.00685,34.060856,30.464409,27.381144,26.110638,19.983316,19.689304,13.559528,14.9122,10.870729,10.512562,10.308196,10.956262,14.903691,15.187218,19.368696,18.15874,23.420366,22.460445,26.44837,26.216862,28.094667,31.854063,31.497066,28.940226,28.518866,23.665014,24.457546,19.564272,23.831186,20.588867,16.537569,17.681717,21.193876,20.065577,24.835482,25.387304,31.541859,30.442884,33.872036,34.78329,35.23329,37.84425,39.29275,38.728344,36.686237,32.07778,29.40161,25.939589,24.711233,21.126844,15.847093,14.904854,11.313468,14.378065,11.061927,11.280736,15.031237,14.932447,17.832726,19.583044,22.710714,27.441833,26.590181,31.782585,32.9392,35.077343,33.57432,30.910904,29.341326,25.520699,24.742195,20.367517,20.680809
25,15.327002,12.662234,16.87058,16.346992,16.029116,21.403254,19.144833,25.44938,26.924236,26.930696,32.185253,32.52831,31.92467,30.035238,27.174555,22.945913,21.286512,17.975576,16.14536,12.293688,9.229905,9.678688,4.0805373,7.8448253,4.2198296,0.0,5.7854643,5.8813953,10.392279,10.650774,15.398259,20.2793,24.854298,26.651232,29.187216,31.715538,32.211845,30.108177,26.683805,23.75152,22.216043,16.242273,15.573282,9.550594,10.777715,6.7243967,6.9349546,7.212353,9.519509,12.453778,12.009346,15.978807,14.341232,19.517525,18.301619,22.317265,22.001799,23.934103,27.676239,27.284494,24.759413,24.414812,19.591728,20.665436,16.240566,20.590929,17.859114,14.459742,15.904951,18.439806,16.56517,21.189428,21.536701,27.66812,26.511856,29.8117,30.684978,31.275427,33.94229,35.52207,35.102844,33.16131,28.41423,26.00803,22.411144,21.601377,17.79401,13.074687,12.483844,9.598981,13.488909,11.49546,11.6063385,14.822807,13.712217,15.883759,17.502466,20.032003,24.549768,23.391134,28.576035,29.327518,31.32367,29.919796,27.403006,26.0081,22.160286,21.81378,17.508436,18.546986
26,20.046679,17.029497,20.30374,19.36128,18.017206,23.40187,19.766258,25.94581,26.53844,25.909447,31.072807,30.500303,30.062645,28.840822,25.947475,22.314701,20.920694,17.166632,16.997013,11.966551,10.859205,10.857235,8.011004,10.724658,8.308159,5.7854643,0.0,4.868755,7.023175,10.111685,13.049104,18.70103,23.378973,25.330559,28.186678,30.88546,31.752396,29.59233,26.808681,23.966856,22.779636,17.08284,15.180554,11.03028,8.973352,7.050652,4.8646765,7.6852746,8.901706,12.374339,12.122406,14.987032,14.148172,18.148443,17.339426,21.779877,20.782999,23.331444,26.51246,25.396156,22.686409,21.803646,16.874527,17.138689,12.696363,15.986748,13.000223,10.172047,10.438997,13.057187,11.977602,16.851162,17.791533,23.818802,23.175825,26.639223,28.134115,28.564238,31.357166,32.508667,32.450485,30.924484,25.910086,23.466782,19.549473,19.326767,14.453698,10.5934725,8.60747,5.9157987,8.36,8.406423,9.504299,11.42259,11.204224,12.081749,14.836714,15.858384,21.266943,19.379274,25.091654,25.75307,27.732004,25.76491,23.132862,21.094444,17.56542,16.498878,12.215774,12.843029
27,16.99592,13.433981,16.335562,14.802172,13.358475,18.735876,15.120274,21.400352,22.129929,21.919094,27.089262,27.068867,26.767965,25.11972,22.573679,18.430153,17.441525,13.4787445,13.28074,8.664033,7.4191875,9.452912,6.6552596,11.077574,9.572082,5.8813953,4.868755,0.0,4.917207,5.4822226,9.813195,14.747953,19.566904,21.281094,24.077457,26.64534,27.458767,25.460999,22.346388,19.356766,18.449507,12.421479,11.1889515,7.0210643,6.949203,5.214875,5.927656,8.643348,11.998397,13.841505,12.397356,15.145894,12.9067745,17.054417,14.979858,19.133327,17.664679,19.743757,23.087343,22.739302,19.849735,20.167002,15.349381,16.81915,13.862558,17.11009,15.311034,13.6717005,14.058377,14.959319,11.740745,16.487232,16.214142,22.63506,20.994034,24.754293,25.38376,25.682667,28.303558,29.743448,29.320475,27.469246,22.652391,20.226635,16.553156,15.968586,11.937039,7.7362733,7.6382995,6.442209,11.528871,11.226554,10.827383,12.803281,10.301403,11.311066,12.697669,14.585401,18.859081,17.609896,22.728115,23.490992,25.586073,24.354366,21.757553,21.034327,16.70269,17.043114,12.755558,14.718899
28,21.221798,17.369421,19.571352,17.240528,15.200426,20.153837,15.405977,21.284739,20.866491,20.484264,25.32405,24.635826,24.91352,23.760645,21.735546,17.977917,17.885458,13.432599,15.161063,10.39137,10.97085,13.183927,11.530776,15.598782,14.093721,10.392279,7.023175,4.917207,0.0,5.899343,6.0917587,12.297518,16.512028,18.805569,21.469015,24.306982,25.21396,23.051907,20.693556,18.068182,17.212725,12.148054,9.451782,8.426074,4.9524274,6.869093,6.801715,10.352998,13.501592,14.444239,12.684992,13.984005,12.028862,14.64196,12.554053,16.827547,14.64524,17.22136,19.997885,19.075756,16.06007,16.168085,11.399331,12.705114,11.024805,13.064816,12.179848,12.307808,12.095971,11.212018,6.9871483,11.711833,11.416494,17.853981,16.433691,20.247297,21.263372,21.580187,24.35659,25.62681,25.624538,24.199934,19.053198,16.963158,12.885653,13.442117,8.244695,6.7217097,6.3258114,7.504909,11.174417,13.001941,12.997217,13.522504,10.986342,9.900813,11.644979,11.256654,15.709872,13.476664,18.94315,19.130898,21.059752,19.549744,17.024029,16.183733,11.93323,12.562692,8.602688,11.52051
29,16.61064,12.631829,14.034633,11.568741,9.306954,14.305976,9.950089,16.157175,16.667112,16.7183,21.817472,22.18656,22.107143,20.165598,18.158548,13.649186,13.535047,9.236592,10.113657,6.572767,6.9472847,10.8200245,9.953498,14.443188,14.179639,10.650774,10.111685,5.4822226,5.899343,0.0,6.789906,9.671875,14.964301,16.049004,19.064629,21.392727,22.434977,20.80667,17.496653,14.250225,14.39549,8.151643,7.9429946,6.5484643,8.0926485,8.444279,10.408207,12.990108,17.035915,17.771877,15.528322,17.447786,14.240545,17.498981,14.032743,17.542988,14.916398,16.373632,19.47525,20.048256,16.843433,18.841526,14.577281,17.128078,16.26467,18.556974,18.044474,17.805483,17.69186,16.983545,12.0847225,16.200878,14.438719,20.994343,18.09971,22.371714,21.909561,21.786194,24.098318,25.674486,24.79816,22.628798,18.14373,15.667549,12.475737,11.40512,8.875463,5.4561257,7.9611955,9.123823,14.86439,14.902008,13.542181,14.776155,10.417718,10.783996,10.3123,12.685762,15.225904,14.856616,18.997774,20.026114,22.306124,21.960905,19.404133,20.363144,15.29196,17.163555,13.348424,16.35413
30,23.00448,18.832306,20.019575,16.562332,14.243323,18.185287,12.840491,17.916294,16.390604,16.630909,20.896639,20.387047,21.546173,20.304857,19.48102,15.640338,17.046072,12.4811735,15.591241,12.234113,13.662099,17.061455,15.967582,20.466635,19.344795,15.398259,13.049104,9.813195,6.0917587,6.789906,0.0,7.4478483,10.449258,13.370985,15.52485,18.544855,19.344994,17.166094,15.253907,13.0150385,12.532865,8.934264,5.683781,9.309274,7.012658,10.566784,11.819593,14.6993,18.563059,18.014826,15.4409275,15.511617,12.695051,13.645326,10.071909,13.431554,9.778937,12.051441,14.356952,14.03751,10.672198,12.630003,8.81566,11.685836,13.186351,14.030416,15.131315,16.871239,16.719177,13.776419,7.7358227,10.36713,7.8622847,14.272499,11.512334,15.624358,15.652079,15.894433,18.60284,20.222883,20.189455,18.77849,13.562252,12.179874,8.182295,9.902274,5.8513055,8.2646,9.888762,12.600521,16.414982,18.511454,17.934013,17.94393,14.219583,12.231199,12.262355,10.851736,12.87177,10.682964,15.0352,14.48137,16.250828,15.691266,13.565882,14.650939,10.048843,12.94638,10.465805,14.568077
31,23.329779,19.51036,18.652075,15.2931595,12.242942,14.213018,8.394738,11.533562,9.194767,9.3427,13.482414,13.55008,14.830402,13.205845,13.338708,9.704648,12.61756,8.953766,13.365659,12.375628,14.989219,18.706036,19.443983,23.490707,23.808983,20.2793,18.70103,14.747953,12.297518,9.671875,7.4478483,0.0,7.227201,6.654809,10.612355,12.621958,14.642929,13.867746,11.641028,8.795258,11.859857,9.264224,9.334366,13.834506,14.064531,16.72192,18.492887,21.293163,25.377142,25.079916,22.349844,22.586178,19.257559,19.947035,15.547498,17.423944,12.586916,13.04101,14.227737,15.93702,12.389969,17.083899,14.819448,18.054838,20.55008,20.54443,22.027416,23.96974,23.004766,19.969273,14.030838,15.828436,11.916052,17.244553,12.324903,17.368042,15.03025,13.707505,15.336998,16.83413,15.375927,12.98999,8.9066515,6.6621423,5.107668,4.5729303,6.938507,9.852399,13.008681,16.342825,20.90378,22.274448,20.67593,20.312574,15.406499,13.60146,11.18236,11.263023,9.243257,10.116995,11.387279,12.475609,14.9361925,16.277647,14.145476,18.144491,12.927148,17.057274,15.211352,19.111403
32,28.065933,24.051165,23.56995,19.218721,17.087498,18.153702,13.485796,15.085235,11.242079,13.215431,15.0990095,15.443417,18.39899,17.00397,18.860506,15.754102,19.330656,16.044554,19.999954,19.168074,21.085344,25.18012,24.777185,29.382597,28.798805,24.854298,23.378973,19.566904,16.512028,14.964301,10.449258,7.227201,0.0,6.149769,5.3678727,8.870371,9.366295,7.5797486,7.553187,7.411458,9.068552,11.013118,10.185289,16.6318,16.384651,19.812992,21.807106,24.058378,28.363134,26.665434,23.586098,22.639925,19.35843,18.300634,13.843846,13.890128,8.688297,8.035119,7.579201,10.275738,7.433581,13.639172,13.482106,17.20288,21.48949,21.14075,23.837284,26.60091,26.45665,22.292952,16.322657,15.961565,11.614556,14.543391,9.39549,12.782103,9.080323,8.612973,10.321784,13.040425,12.485134,10.947589,7.0119176,8.66751,8.225025,10.73911,12.089298,16.337814,19.00279,22.275242,26.26534,28.29673,27.137194,26.792017,22.235836,19.991589,18.152145,16.51388,13.831821,13.25055,13.097465,11.252894,12.186435,14.551751,13.962711,18.35234,14.777033,19.445314,18.844742,23.131859
33,27.602108,24.04242,22.238018,18.665306,15.991555,15.751016,11.250199,10.663813,5.950789,7.5116463,8.979294,9.927335,12.7233305,11.072156,13.66021,11.370046,15.550773,13.453162,17.780516,18.21857,20.84317,24.670578,25.652906,29.67256,30.182766,26.651232,25.330559,21.281094,18.805569,16.049004,13.370985,6.654809,6.149769,0.0,5.615259,6.368749,9.491259,10.205696,9.213181,7.820187,12.639884,13.119987,13.943346,19.364527,19.97564,22.824053,24.827812,27.402561,31.670858,30.81815,27.859865,27.574926,24.11617,23.869928,19.273151,19.726505,14.622979,13.720994,13.266655,16.298061,13.42546,19.45084,18.753061,22.20571,25.916925,25.327513,27.56472,30.066467,29.110168,25.42587,19.524769,20.018862,15.586894,18.993492,13.320265,17.677711,13.493238,11.26198,11.522499,13.258229,10.792867,7.748901,6.1368237,6.097099,8.365909,8.373564,12.752612,16.288486,19.436275,22.893333,27.28149,28.738081,26.96822,26.377428,21.383978,19.450178,16.475561,16.137259,11.569159,13.407444,11.345524,12.054006,13.997864,17.034662,15.839041,21.341452,16.937515,21.657516,20.790113,24.727196
34,30.105932,26.405758,25.062164,20.767353,18.86965,18.357704,14.798272,14.149115,9.709098,12.65431,12.750736,14.203345,17.646482,15.994072,19.076298,16.54869,20.67808,18.370499,22.124142,22.4664,24.43968,28.663248,28.674664,33.170193,33.001507,29.187216,28.186678,24.077457,21.469015,19.064629,15.52485,10.612355,5.3678727,5.615259,0.0,3.7883377,4.486694,4.8782816,6.0615535,7.389727,10.739137,14.044565,14.581673,20.732193,21.401703,24.483791,26.763948,28.858282,33.349865,31.553759,28.36804,27.49682,23.998987,22.929457,18.386274,17.537144,12.899182,10.943402,9.448953,13.486066,11.663388,18.092941,18.600723,22.34734,26.794853,26.402792,29.195513,31.932821,31.719732,27.56832,21.620584,21.120134,16.717283,18.71428,13.438624,16.098188,11.068041,9.857783,9.855142,12.782446,11.203396,9.174622,8.236084,10.541317,12.068805,13.473678,16.546728,20.408728,23.432343,26.722042,31.040089,32.732918,31.226555,30.898273,26.000095,24.019695,21.477936,20.510248,16.451048,17.091236,15.101766,13.773017,14.444999,17.890738,17.70477,22.901922,19.476486,24.301764,23.848742,28.055119
35,31.206755,27.80638,25.766684,21.83077,19.905888,18.40201,15.519961,13.241217,8.650461,11.735535,10.441953,12.709467,16.19762,14.439698,18.237259,16.3671,20.704988,19.196552,22.860094,23.952555,26.11641,30.248482,30.804436,35.058453,35.353466,31.715538,30.88546,26.64534,24.306982,21.392727,18.544855,12.621958,8.870371,6.368749,3.7883377,0.0,4.3657756,7.2172394,8.022776,9.098066,13.505177,16.50237,17.733385,23.515839,24.622868,27.469477,29.817932,31.975695,36.50611,34.943115,31.763262,31.105793,27.49994,26.665117,22.049335,21.183065,16.647278,14.53368,12.997958,17.135136,15.403348,21.829042,22.290276,25.985746,30.333765,29.840363,32.538197,35.210026,34.726963,30.703024,24.765537,24.463634,19.996143,21.953728,16.518358,19.332163,14.053351,12.187071,11.221749,13.6212225,11.070318,8.50937,9.758278,11.677936,14.2204275,14.730315,18.858683,22.397364,25.60945,28.936167,33.433723,34.857876,33.07411,32.67343,27.595524,25.799526,22.779617,22.360336,17.498573,19.082956,16.093176,15.645838,16.50671,20.348164,20.096272,25.783878,22.178734,27.047764,26.572206,30.649084
36,31.722395,28.226744,26.699293,22.271328,20.953817,19.596815,17.255968,15.713788,11.8173065,15.49485,14.659745,17.041168,20.489656,18.527323,22.058643,19.54312,23.69859,21.79489,24.969177,25.876562,27.471367,31.891666,31.64838,36.241135,36.00685,32.211845,31.752396,27.458767,25.21396,22.434977,19.344994,14.642929,9.366295,9.491259,4.486694,4.3657756,0.0,3.91091,6.129169,8.959277,11.70932,16.30104,17.425148,23.33911,24.661045,27.476324,30.053614,31.786911,36.468433,34.278976,30.976818,30.068071,26.41385,25.283983,20.764528,19.082954,15.271879,12.482706,10.785682,15.482571,14.542242,20.81764,21.794647,25.688635,30.174934,30.127472,32.991505,35.585472,35.73814,31.621572,25.656681,24.996567,20.709755,22.164083,17.25261,18.935549,13.659634,12.986007,12.3749275,15.469619,13.877521,12.068373,12.4320965,14.853079,16.537565,17.646276,20.862598,24.318203,27.48421,30.579624,35.153362,36.605133,35.007114,34.933014,29.890612,28.207808,25.507822,24.937706,20.769901,21.574251,19.309715,17.832478,18.079166,21.726397,21.88915,26.98632,23.827015,28.626444,28.14745,32.393486
