,0,1,2,3,4,5,6,7,8,9,10,11,12,13,14,15,16,17,18,19,20,21,22,23,24,25,26,27,28,29,30,31,32,33,34,35,36,37,38,39,40,41,42,43,44,45,46,47,48,49,50,51,52,53,54,55,56,57,58,59,60,61,62,63,64,65,66,67,68,69,70,71,72,73,74,75,76,77,78,79,80,81,82,83,84,85,86,87,88,89,90,91,92,93,94,95,96,97,98,99,100,101,102,103,104,105,106,107,108
0,0.0,4.346245,6.4233875,9.467924,12.124016,14.065831,17.759108,20.261156,24.215525,26.084019,29.42705,33.00071,33.656876,35.09462,33.434128,33.346436,34.557514,31.99757,36.37289,33.11055,36.63186,36.583736,40.146282,40.98273,39.060112,34.440277,36.77009,37.654568,32.665844,36.64707,32.887047,39.04497,38.61614,41.820847,42.537693,44.451973,48.354546,46.847954,45.469997,43.118217,42.365242,39.663677,36.093925,33.453026,37.516796,33.482086,35.966774,34.325893,36.920006,37.75972,37.407703,39.65135,37.018707,39.311428,39.59842,42.90304,39.94677,42.924904,43.000153,40.881344,37.872707,36.581314,33.473732,30.042475,29.018353,24.367142,24.763857,21.180323,23.553963,19.418741,19.994595,24.441946,22.7005,28.961803,26.45164,30.743952,31.336733,33.26693,35.542503,35.293392,36.463154,34.843403,30.510197,29.670559,25.75212,28.153534,23.46704,27.626495,25.27583,26.87221,22.823086,21.422852,22.761238,22.019627,17.002272,18.399706,20.671942,15.4757,12.773718,15.954353,18.759975,21.64305,23.98886,21.398191,26.9687,22.71057,25.26586,26.100916,26.933807
1,4.346245,0.0,5.2824025,6.454641,8.723079,11.895114,14.42487,18.064367,21.339296,23.738144,27.189121,30.409142,31.04673,32.11655,30.303175,29.858377,30.859888,28.083954,32.333138,28.905664,32.3528,32.332348,35.811684,36.656914,34.76111,30.181982,32.532185,33.3777,28.362846,32.396366,28.736473,34.913982,34.89831,38.00441,38.882713,40.941383,44.73825,43.19326,41.621296,39.103348,38.542316,35.61638,32.19268,29.385502,33.34497,29.286963,31.826614,30.193783,32.889385,33.86636,33.526012,35.990913,33.61714,35.933903,35.93816,39.320107,36.208008,39.129475,39.38632,37.50209,34.39331,33.377357,30.01945,26.853287,25.730654,21.184307,21.862103,17.957844,20.454184,15.90008,16.073727,20.50785,18.811628,25.119846,23.037569,27.175032,28.220097,30.147018,32.638348,32.74458,33.739277,31.783644,27.695787,26.422342,22.301363,24.513132,19.493752,23.40628,20.956015,22.557783,18.503143,17.140303,18.653927,17.944233,12.715378,14.475809,16.98211,11.644375,8.70662,12.541765,15.59973,18.587246,20.731712,18.047138,23.561369,19.098038,22.136389,22.829184,24.184643
2,6.4233875,5.2824025,0.0,5.304919,6.8174906,8.311158,12.040939,14.163682,18.21933,19.840372,23.563326,26.999731,28.037695,29.439545,28.318512,28.037663,29.917036,27.33771,32.171185,29.276989,32.887436,33.55716,36.82173,38.12767,36.40363,32.159134,33.895454,34.170452,28.71457,32.28641,28.162043,34.249653,33.054626,36.667027,36.941208,38.877213,42.75859,41.146893,40.114716,38.060265,36.822235,34.570038,30.709091,28.563364,33.171165,29.443874,32.280426,31.278116,33.893665,34.477497,33.574265,35.880203,33.14328,34.838356,34.854485,37.78849,34.692844,37.600426,37.327297,35.173607,32.15079,31.112585,28.374224,24.986443,25.037281,20.093184,21.331812,17.916487,21.525326,17.421267,16.305172,20.706713,18.079111,24.270596,20.80015,25.089521,25.314611,27.106955,29.277554,28.936758,30.086058,28.593922,24.206375,23.592731,19.867567,22.607107,18.471195,23.47107,21.8296,24.198454,20.309704,18.112158,20.445475,20.726864,14.4183655,16.103535,19.445623,15.06285,11.177164,13.371016,17.68381,20.97329,22.173986,18.985712,23.734406,18.610146,20.850842,20.928947,21.602192
3,9.467924,6.454641,5.304919,0.0,3.8353505,5.9373403,8.842777,12.100016,15.242401,17.833776,20.889309,24.152973,24.623335,25.803114,24.045233,23.890255,25.22983,22.813559,27.467203,24.710749,28.515469,28.961323,32.65532,34.06144,32.863174,28.740866,30.93517,31.056131,25.089401,28.633862,24.508297,30.37535,29.452475,32.505215,33.27268,35.051353,39.01892,37.683292,36.285454,34.13294,33.491055,31.279037,27.549555,25.580694,30.281849,26.622997,29.793875,28.849096,31.783867,32.785126,31.88537,34.737812,32.57725,34.173923,33.455105,36.360893,32.724735,35.365856,35.21663,33.712273,30.385908,30.309185,27.30805,24.553305,24.796913,20.09477,21.959877,18.10106,21.759241,17.000315,14.830486,19.058714,16.173672,22.44742,19.31929,23.096174,24.030409,25.42331,27.89039,28.010572,28.465643,26.567087,22.085129,20.924822,17.072304,18.99195,14.799198,19.272123,17.727331,20.061571,16.354885,13.799385,15.685289,16.553783,10.269473,11.128756,14.621936,11.256336,7.068447,8.111242,12.740126,16.095938,16.948969,13.69852,18.476528,13.57322,16.059347,16.644844,17.752892
4,12.124016,8.723079,6.8174906,3.8353505,0.0,5.351195,5.719404,10.267395,12.779421,15.483915,19.215038,22.007917,22.96174,23.774332,22.459858,21.665833,23.405993,20.60364,25.455647,22.617378,26.25529,27.21466,30.397966,31.961397,30.589903,26.673746,28.319386,28.194775,22.27678,25.680908,21.468311,27.479803,26.522804,29.994022,30.466747,32.53012,36.326725,34.732918,33.46538,31.298542,30.311087,28.00648,24.209814,22.183432,26.998034,23.438585,26.645472,25.996798,28.835566,29.62566,28.497374,31.29165,29.073725,30.479216,29.734518,32.57501,28.998974,31.69751,31.53519,29.923176,26.633057,26.475315,23.504635,20.780441,21.33483,16.62662,18.853498,15.161436,19.306879,14.813898,11.755659,15.843202,12.607795,18.81176,15.498087,19.355412,20.307903,21.847267,24.382988,24.65583,25.266724,23.22084,19.077164,17.730742,13.7092705,16.063923,11.711538,16.772387,15.526055,18.317595,14.744726,11.957811,14.9207535,16.083279,9.215756,11.069547,15.105887,12.015545,7.8466253,9.049558,14.129659,17.435808,17.639847,14.199752,18.183891,12.476168,15.244622,14.855626,16.364206
5,14.065831,11.895114,8.311158,5.9373403,5.351195,0.0,6.219966,6.374677,10.4888115,12.31354,15.413074,18.950209,19.75551,21.33666,20.381203,20.548176,22.951847,20.994883,26.241167,24.391434,28.332779,29.574453,33.02583,34.998512,34.220703,30.665312,32.221,31.596733,25.104914,27.88455,23.279594,28.719578,26.251287,29.719318,29.838717,31.344757,35.441048,34.154175,33.35877,31.843006,30.541407,29.34053,25.151838,24.278355,29.72088,26.648317,30.2026,30.066334,32.926037,33.59405,32.051834,34.856747,32.558815,33.312695,32.29417,34.543095,30.747467,33.185753,32.377583,30.861124,27.562057,27.96715,25.761274,23.149496,24.948412,20.162424,22.820564,19.600275,24.169167,19.957548,16.343601,20.048788,16.148125,21.81245,17.089188,20.595457,20.67614,21.571169,23.681938,23.40285,23.647522,22.24172,17.242243,16.868462,13.769632,15.973939,13.554074,19.003033,18.727125,21.817427,18.68716,15.305947,17.849386,19.90575,13.343763,13.736075,17.714844,15.92539,11.758864,10.394169,15.675759,18.963642,18.450798,14.887966,18.01832,12.630141,13.622864,13.321635,13.406401
6,17.759108,14.42487,12.040939,8.842777,5.719404,6.219966,0.0,6.820349,7.408254,10.719804,14.515186,16.707092,17.89207,18.361097,17.485344,16.323318,18.71599,15.985547,21.255018,19.095123,22.78155,24.501028,27.389591,29.484812,28.63526,25.40506,26.510933,25.609688,19.110601,21.787827,17.188969,22.83857,21.029491,24.738895,24.908552,26.94986,30.747948,29.15583,28.106068,26.255205,24.980938,23.290321,19.216354,18.067257,23.5183,20.559061,24.226158,24.393475,27.251513,27.931639,26.246521,29.273075,27.34641,27.98003,26.535904,28.84798,24.859129,27.26426,26.753345,25.522182,22.072693,22.880522,20.331415,18.277853,20.226093,15.916173,19.137676,16.01841,20.70308,16.732197,11.896967,14.878695,10.674738,15.9891615,11.713156,14.897188,15.859065,16.8551,19.452354,19.978672,20.063627,17.858746,13.685205,12.1220665,8.25337,10.573482,7.471035,13.346134,13.492515,17.002302,14.335778,10.782586,14.398644,16.835512,10.401787,11.640654,15.938066,14.851427,11.262441,10.246249,15.412755,18.424955,17.212494,13.6875725,15.764186,9.506291,11.64455,9.970939,11.732162
7,20.261156,18.064367,14.163682,12.100016,10.267395,6.374677,6.820349,0.0,5.426798,5.9924536,9.5386095,12.953648,14.430419,16.147514,16.398767,16.562447,20.17016,18.684399,24.275858,23.428696,27.242018,29.34591,32.296917,34.80243,34.461468,31.641287,32.46295,31.059977,24.321148,26.116543,21.254866,25.949858,21.914215,25.824577,25.181187,26.47168,30.567757,29.281826,29.133026,28.30639,26.301401,26.213528,21.708181,22.123539,28.095316,25.81738,29.637981,30.369778,33.073845,33.433247,31.276375,34.039448,31.82763,31.648514,30.16408,31.633402,27.677357,29.769114,28.305336,26.962929,23.736607,24.918465,23.615166,21.533478,24.88871,20.500875,23.888834,21.437798,26.513037,22.956474,18.188631,20.911612,16.407202,20.764935,14.824278,17.491697,16.753893,16.878044,18.586157,18.0627,17.847546,16.892384,11.469187,12.009599,10.292022,12.54821,12.7087755,18.459848,19.542553,23.146688,20.837482,17.077574,20.103178,23.035746,16.798454,16.997862,21.077894,20.578634,16.718828,14.314837,19.458582,22.432247,20.691057,17.205355,18.225067,12.859195,12.275978,10.361141,9.361667
8,24.215525,21.339296,18.21933,15.242401,12.779421,10.4888115,7.408254,5.426798,0.0,4.5624714,7.5608373,9.3052,10.907073,11.605256,12.061234,11.389365,15.399899,13.9006195,19.529459,19.187002,22.824282,25.391045,28.013054,30.801989,30.879833,28.645157,29.175234,27.297419,20.392319,21.560286,16.688353,20.844591,16.512249,20.442211,19.805103,21.235882,25.277409,23.984148,23.710571,22.940788,21.022404,21.237713,16.754421,17.865578,23.97512,22.229269,26.251936,27.461174,30.168869,30.621756,28.256369,31.308321,29.653957,29.090096,26.87672,28.051418,23.678782,25.405214,23.935076,23.278893,19.854774,22.168516,20.917582,19.785894,23.597044,19.942654,23.77448,21.536608,26.47791,23.149717,17.645126,19.37163,14.857692,18.06016,12.492637,13.907497,13.839766,13.28184,15.311918,15.615446,14.500843,12.838015,7.695646,7.2486653,6.2483,7.4899306,9.658856,14.785967,16.837765,20.576189,19.12065,15.339445,18.470678,21.95847,16.571087,16.589716,20.48339,21.153519,17.921717,15.069695,19.69444,22.24086,19.67639,16.486841,15.909793,10.759539,9.903911,6.3875623,6.3775682
9,26.084019,23.738144,19.840372,17.833776,15.483915,12.31354,10.719804,5.9924536,4.5624714,0.0,5.7557845,7.8744326,10.6862545,12.125711,14.109895,13.894745,18.634573,17.609577,23.14542,23.24297,26.662352,29.547438,31.811909,34.727985,34.73588,32.67728,32.751053,30.669632,24.063303,24.793634,19.982422,23.659746,18.118813,22.511147,20.943823,22.086569,26.021732,24.656834,25.243715,25.152227,22.357672,23.4432,18.818876,20.579435,26.747631,25.362677,29.245274,30.766972,33.22019,33.27544,30.610197,33.250828,31.228626,30.15391,28.219479,28.849533,24.847233,26.50008,24.38932,23.30394,20.270245,22.314661,22.000751,20.665712,25.275387,21.587732,25.406591,23.72522,28.93251,26.052444,20.67203,22.338955,17.752518,20.43298,13.963916,15.295741,13.718691,12.8037815,13.929515,13.247375,12.323232,11.924365,6.2205677,8.262759,8.988462,10.871863,13.723961,18.986752,21.158337,24.96136,23.455063,19.726118,22.995737,26.376934,20.684137,20.892912,24.853325,25.154688,21.626387,18.94905,23.755545,26.401436,23.88523,20.676435,20.010073,15.1845455,13.640502,10.293674,8.640073
10,29.42705,27.189121,23.563326,20.889309,19.215038,15.413074,14.515186,9.5386095,7.5608373,5.7557845,0.0,4.684035,5.8601437,8.711703,10.836807,12.434098,17.043633,17.472952,22.580544,23.83015,27.378513,30.073402,32.81498,35.94642,36.785824,35.068604,35.545864,33.231586,26.278944,26.494362,21.862833,24.378147,17.966997,21.215,19.908588,19.941967,24.22952,23.71362,24.385563,24.950022,22.761703,24.938808,20.606186,23.310991,29.42003,28.440062,32.521248,34.164963,36.785465,37.143997,34.485977,37.43572,35.86537,34.59242,32.08645,32.349632,27.986794,29.052614,26.730686,26.525616,23.489378,26.603195,26.458336,25.705345,30.336958,26.866465,30.760187,28.846392,33.902023,30.674164,25.187614,26.740078,22.239708,24.67965,18.784971,19.225115,18.073093,16.298437,17.078993,16.52658,14.244235,14.243532,9.074234,11.029674,12.734893,12.66063,16.7427,20.837004,23.459963,27.008986,25.977192,22.149338,24.50657,28.400015,23.447893,22.565407,26.028069,27.51046,24.29279,20.40215,24.511864,26.73672,23.622316,20.868406,18.97122,15.732639,12.481764,9.94914,6.426717
11,33.00071,30.409142,26.999731,24.152973,22.007917,18.950209,16.707092,12.953648,9.3052,7.8744326,4.684035,0.0,4.353304,5.4868994,9.520179,10.168337,15.340849,16.008282,20.701382,22.55963,25.624903,28.824394,30.93735,34.28332,35.36834,34.254257,34.231834,31.500992,24.863167,24.286053,19.969393,21.503845,14.254656,17.668083,15.7356415,15.705721,19.82984,19.264017,20.34037,21.395617,18.840078,21.82684,17.713099,21.301916,27.22727,26.922153,30.935396,33.05443,35.481197,35.725273,32.845757,35.773315,34.553154,32.806343,29.872412,29.626305,25.203194,25.822361,23.253794,23.581005,20.69546,24.615322,24.902449,24.884668,29.92843,27.110067,31.172108,29.65051,34.5819,31.76681,26.003214,26.78752,22.4996,23.744408,18.28379,17.586695,16.506489,14.0197935,14.52731,14.480706,11.264334,11.231661,7.4267683,9.337089,12.465236,11.623272,17.006346,20.29337,23.519735,27.03577,26.629436,23.01827,25.512136,29.542168,25.127262,24.427832,27.747389,29.653254,26.75743,23.026499,26.87018,28.839453,25.35495,22.863815,20.023794,17.164278,14.108557,10.8046665,8.447012
12,33.656876,31.04673,28.037695,24.623335,22.96174,19.75551,17.89207,14.430419,10.907073,10.6862545,5.8601437,4.353304,0.0,3.9182136,6.540356,9.197689,13.458476,15.194521,19.437105,21.868418,25.142872,27.869879,30.605896,33.94717,35.58183,34.500378,35.06746,32.42062,25.497229,24.952621,20.812227,21.876902,15.057821,17.013393,16.09824,15.250818,19.723663,19.951855,20.445133,21.5138,20.085957,23.121553,19.373219,22.938356,28.686686,28.322495,32.45788,34.363506,37.018517,37.647743,34.996273,38.257477,37.36351,35.874332,32.652203,32.586113,27.871962,28.281813,26.015167,26.891464,23.844065,28.12588,27.982811,28.105835,32.697155,29.824125,33.855656,31.906593,36.655357,33.39629,27.694672,28.631765,24.448887,26.053965,21.170778,20.44795,20.113453,17.695982,18.505865,18.747662,15.368662,14.940067,11.306233,12.207552,14.664913,12.769185,18.001448,20.443432,23.671673,26.875261,26.687407,23.079597,24.77766,29.047937,25.248085,23.769897,26.633013,29.324787,26.739305,22.298943,25.505217,27.120905,23.340473,21.257116,17.726841,16.150406,12.226328,10.027831,7.160299
13,35.09462,32.11655,29.439545,25.803114,23.774332,21.33666,18.361097,16.147514,11.605256,12.125711,8.711703,5.4868994,3.9182136,0.0,5.1431565,6.200386,10.796914,12.57917,16.444363,19.231798,22.129932,25.182941,27.472776,30.925213,32.725277,32.061443,32.354477,29.47945,22.798903,21.757492,17.924246,18.300009,11.302798,13.163848,12.233239,11.588998,16.094257,16.243345,16.538094,17.644138,16.352654,19.614063,16.16175,20.140896,25.628782,25.669907,29.738928,31.882524,34.437378,35.09521,32.40832,35.75141,35.227814,33.60627,30.034843,29.832266,24.990593,25.115232,22.990173,24.387857,21.332727,26.163416,25.981182,26.66374,31.21813,28.858624,32.943054,31.161095,35.681313,32.66897,26.850328,27.209522,23.318178,24.132103,19.970037,18.490036,18.710356,16.076069,17.072157,18.00929,14.3048935,13.2200775,10.853073,10.822459,13.691726,11.008849,16.859245,18.433641,22.045755,25.136223,25.463634,22.119558,23.883614,28.177286,24.924927,23.645489,26.353004,29.327139,27.085144,22.92183,25.879398,27.28766,23.32376,21.452614,17.363672,15.965211,12.669349,9.895616,8.671832
14,33.434128,30.303175,28.318512,24.045233,22.459858,20.381203,17.485344,16.398767,12.061234,14.109895,10.836807,9.520179,6.540356,5.1431565,0.0,4.9503736,7.2655735,9.905407,13.497001,16.343231,19.686079,21.96765,25.180346,28.453798,30.614588,29.712921,30.843182,28.320246,21.298697,20.801476,17.101545,17.734913,12.70862,12.9992895,14.024605,13.406976,17.968927,18.529844,17.507172,17.711416,18.027266,20.179077,17.10137,20.216913,25.437885,25.0221,29.181086,30.819424,33.686443,34.850197,32.5948,36.32939,36.093697,35.08513,31.40937,31.824963,26.723497,26.973219,25.556324,27.176987,23.815865,28.539728,27.501455,28.107851,31.803185,29.317043,33.25206,30.89691,35.08352,31.548786,25.963066,26.571009,22.921093,24.421227,21.085312,19.989573,21.20752,19.099087,20.740755,21.98144,18.63781,16.8624,14.073773,12.915769,14.332395,10.822472,15.623699,16.19681,19.54419,22.21862,22.693369,19.45588,20.322681,24.761995,22.289982,20.279388,22.450909,26.17533,24.406715,19.770542,21.95214,22.976578,18.799618,17.36523,12.656493,12.574625,8.966522,7.64493,7.3925242
15,33.346436,29.858377,28.037663,23.890255,21.665833,20.548176,16.323318,16.562447,11.389365,13.894745,12.434098,10.168337,9.197689,6.200386,4.9503736,0.0,5.4717975,6.4060893,10.554521,13.034686,16.008858,19.036123,21.42914,24.817877,26.66385,26.027569,26.57948,23.82825,17.006828,16.169666,12.444507,13.12369,8.3070135,9.720118,10.612139,11.404214,15.624787,15.352394,13.988174,13.591322,13.635355,15.288895,12.179587,15.421723,20.606586,20.44509,24.553648,26.469654,29.182196,30.222845,27.869768,31.591097,31.547283,30.458647,26.619822,27.066183,21.91244,22.160906,21.007275,22.784964,19.366413,24.282913,23.113855,24.14907,27.805283,25.834774,29.793896,27.748274,31.753344,28.665842,22.957048,22.908957,19.540846,20.16389,17.508642,15.782377,17.59578,15.5731125,17.5579,19.444496,16.284937,13.715167,12.118404,9.847662,11.371583,7.2718267,12.68849,12.748399,16.558765,19.382042,20.220417,17.26325,18.835255,23.083971,20.742262,19.551973,21.924711,25.268824,23.658253,19.904907,22.326553,23.45373,19.474957,17.877281,13.540577,12.266429,10.433553,7.5794334,9.303411
16,34.557514,30.859888,29.917036,25.22983,23.405993,22.951847,18.71599,20.17016,15.399899,18.634573,17.043633,15.340849,13.458476,10.796914,7.2655735,5.4717975,0.0,4.5390897,6.2767224,9.803435,12.799805,14.980381,18.193691,21.45617,24.099949,23.692036,25.052013,22.556751,15.885905,15.1615,12.474585,12.273719,10.724093,9.199399,12.477245,12.974671,16.693771,17.063742,14.284349,12.984172,15.322152,15.954174,14.112227,16.443974,20.580984,20.355288,24.307167,25.799995,28.704762,30.334316,28.498163,32.59076,33.163864,32.57089,28.470854,29.317484,24.071169,24.10054,23.749964,26.086332,22.658844,27.628752,25.791084,27.099913,29.791159,28.127033,31.827072,29.402575,32.7781,29.407618,24.115488,23.901337,21.226625,21.904745,20.745687,19.016205,21.76648,20.109846,22.368526,24.558681,21.516209,18.650946,17.355625,14.576949,15.017457,10.579368,14.151149,11.848742,15.402735,17.293081,18.903273,16.566713,16.829432,21.098097,20.402386,18.526876,19.88462,24.30076,23.577744,19.676706,20.783749,21.15315,16.939613,16.304625,11.000723,12.02174,10.867862,9.959344,12.495594
17,31.99757,28.083954,27.33771,22.813559,20.60364,20.994883,15.985547,18.684399,13.9006195,17.609577,17.472952,16.008282,15.194521,12.57917,9.905407,6.4060893,4.5390897,0.0,5.639144,6.690713,10.1275835,12.830891,15.6843,18.859468,20.719084,19.943048,21.088577,18.708912,11.699379,11.629775,8.374286,9.9920635,10.112426,10.41979,13.151041,14.961097,18.29258,17.69366,14.8015375,12.447362,14.282747,13.313032,11.197634,12.438336,16.768444,16.076092,20.120745,21.501833,24.460804,26.064537,24.295431,28.424438,28.919489,28.628479,24.709957,26.032322,20.825754,21.313707,21.40603,23.337196,19.7712,24.247496,21.920496,23.163012,25.44504,23.914545,27.520771,25.123093,28.351639,25.142654,19.871994,19.428364,16.972322,17.579473,17.052391,15.484491,18.819372,17.734797,20.411963,22.848442,20.427507,17.059605,16.021626,12.521339,12.039944,7.7529607,10.284063,7.4693265,11.288001,13.517063,15.094886,12.887906,13.940829,17.97165,17.07007,15.993594,17.724098,21.450693,20.753443,17.7311,19.250954,19.950806,16.233574,15.142592,11.123156,10.28549,10.904533,9.197081,12.847696
18,36.37289,32.333138,32.171185,27.467203,25.455647,26.241167,21.255018,24.275858,19.529459,23.14542,22.580544,20.701382,19.437105,16.444363,13.497001,10.554521,6.2767224,5.639144,0.0,5.253,6.937266,9.268834,12.06581,15.347065,18.46034,18.740265,20.146006,17.697262,11.950158,10.893256,10.062369,8.77738,11.888327,9.437193,13.76703,15.292822,17.702507,17.652184,13.650076,10.667377,14.739415,13.442416,13.2664795,14.344398,16.820086,16.880116,20.359509,21.70195,24.509737,26.536089,25.162588,29.457857,30.79982,30.593506,26.254435,27.482992,22.39198,22.234816,22.952919,25.745356,22.491945,27.340652,24.90038,26.80015,28.489164,27.71122,31.047476,28.744316,31.250563,28.272121,23.505823,22.425508,20.896029,20.592243,21.530724,19.373491,23.145002,21.987673,24.54217,27.309107,24.68734,21.26472,21.112482,17.600561,17.356773,13.160197,15.050506,10.283032,13.515582,14.318391,17.105766,16.006159,15.878562,19.469616,20.436905,19.091509,19.704983,24.205225,24.380838,21.551254,21.870758,21.753164,18.03302,18.008307,13.420352,14.603687,15.329878,14.517721,17.923859
19,33.11055,28.905664,29.276989,24.710749,22.617378,24.391434,19.095123,23.428696,19.187002,23.24297,23.83015,22.55963,21.868418,19.231798,16.343231,13.034686,9.803435,6.690713,5.253,0.0,4.3509245,6.380768,9.674741,12.472329,14.540741,13.952296,15.83571,13.991929,7.800881,8.669501,7.8723536,9.466477,14.2989235,13.620106,17.171753,19.477839,21.793413,20.997133,17.144127,13.394511,16.693117,13.414983,13.129731,12.069353,14.155692,13.121048,16.566273,17.249325,20.319296,22.615047,21.668491,26.090357,27.37759,27.882393,23.95501,26.014135,21.139183,21.659748,23.010996,25.14581,21.797195,25.69947,22.478207,24.069517,24.768614,24.070078,27.067148,24.562054,26.611439,23.611574,19.287243,18.112347,17.214458,17.257595,19.269716,17.757128,22.072311,21.71543,24.659838,27.479027,25.59136,21.855398,21.54079,17.617592,16.145866,12.718402,12.35032,6.364443,8.822963,9.219179,12.316503,11.913551,11.9794855,15.020334,16.488466,15.822438,16.385782,20.273085,20.822586,19.035706,19.30596,19.33424,16.365404,16.14773,13.184137,13.170404,15.550083,14.775459,18.845514
20,36.63186,32.3528,32.887436,28.515469,26.25529,28.332779,22.78155,27.242018,22.824282,26.662352,27.378513,25.624903,25.142872,22.129932,19.686079,16.008858,12.799805,10.1275835,6.937266,4.3509245,0.0,4.810764,5.5702953,8.8195,11.544466,12.361147,13.575421,11.398252,7.2846365,6.794408,8.608757,8.19026,15.183999,13.947641,17.595533,20.183804,21.619055,20.674545,16.442787,12.180817,16.209011,12.196545,13.435799,12.1105175,12.28133,12.17642,14.875989,15.819899,18.506195,20.936604,20.208534,24.61323,26.598225,27.05263,22.85804,24.81948,20.23666,20.334188,22.282148,24.90017,21.921251,25.920115,22.721523,24.94376,25.288189,25.455193,28.211248,26.144026,27.61247,25.26333,21.335068,19.335533,19.246202,17.99682,21.191854,19.064976,23.626137,23.297092,26.125957,29.24694,27.414537,23.588152,24.213453,20.228262,19.09568,15.850301,15.633317,9.558531,11.538805,11.106561,14.800356,15.21972,15.326139,17.606417,19.790081,19.570984,19.816315,23.456602,24.335642,23.07785,23.127792,22.932089,20.218815,20.262833,17.340387,17.48208,19.82637,18.78742,22.783789
21,36.583736,32.332348,33.55716,28.961323,27.21466,29.574453,24.501028,29.34591,25.391045,29.547438,30.073402,28.824394,27.869879,25.182941,21.96765,19.036123,14.980381,12.830891,9.268834,6.380768,4.810764,0.0,6.089356,7.672644,11.134992,11.438205,14.443397,13.50167,10.321915,11.200987,12.78855,12.948148,19.55048,17.697634,21.813326,23.953484,25.54125,25.00771,20.608047,16.512487,20.910559,16.980194,18.085213,16.269678,16.037539,15.208394,17.426332,17.31437,20.152472,23.089457,23.04824,27.477768,29.560093,30.608696,26.720922,29.067038,24.666006,24.916447,27.022928,29.484913,26.462368,30.085627,26.52198,28.378862,27.952179,27.925749,30.332907,27.81732,28.763021,26.00925,22.791016,21.232279,21.518976,21.170713,24.556725,23.036034,27.640999,27.50426,30.444754,33.433125,31.638027,27.834204,27.861721,23.889753,22.245144,19.05074,17.88313,11.568557,12.211329,10.372701,14.35089,15.496861,14.166226,15.88211,19.629665,18.877186,18.076223,22.2599,23.912271,22.756302,21.705185,20.882967,18.584148,19.390856,16.894451,18.154749,20.837183,20.7824,24.820055
22,40.146282,35.811684,36.82173,32.65532,30.397966,33.02583,27.389591,32.296917,28.013054,31.811909,32.81498,30.93735,30.605896,27.472776,25.180346,21.42914,18.193691,15.6843,12.06581,9.674741,5.5702953,6.089356,0.0,3.6796267,7.555463,10.325687,11.1440325,9.487332,9.522929,8.854109,12.569434,11.381932,19.473003,17.980307,21.49155,24.222298,24.820848,23.745743,19.381348,14.956549,19.219868,14.461621,16.95462,14.841988,12.497421,12.93341,14.087882,14.647094,16.738749,19.517208,19.537205,23.75761,26.56179,27.375132,23.278517,25.429644,21.565237,21.425,24.171204,26.95643,24.465088,28.007027,24.623695,27.21518,26.623236,27.678465,29.883745,28.149734,28.644844,26.95351,23.916828,21.28743,22.29536,20.222635,24.749952,22.500187,27.245567,27.20605,29.969019,33.274345,31.714104,27.835344,29.054304,25.025148,23.79426,20.952253,20.141933,14.073143,15.012692,13.493332,17.488466,18.933508,18.772215,19.980639,23.2253,23.424974,23.132545,26.405321,27.858189,27.361422,26.941412,26.441454,24.280212,24.666193,22.240526,22.533127,25.218874,24.256645,28.308437
23,40.98273,36.656914,38.12767,34.06144,31.961397,34.998512,29.484812,34.80243,30.801989,34.727985,35.94642,34.28332,33.94717,30.925213,28.453798,24.817877,21.45617,18.859468,15.347065,12.472329,8.8195,7.672644,3.6796267,0.0,5.3880653,8.810295,10.266501,9.867734,11.620159,11.810263,15.537882,14.937605,23.08055,21.644075,25.154306,27.8918,28.405739,27.308332,22.955612,18.538546,22.695274,17.62788,20.167051,17.422977,14.349111,14.357273,14.667729,14.395932,16.254314,19.369625,20.086248,24.146606,27.204033,28.530642,24.789915,27.296381,23.857279,23.880894,26.947237,29.513823,27.156158,30.173393,26.502625,28.962196,27.57954,28.885817,30.6592,28.895788,28.72244,27.207441,24.91176,22.231276,23.853952,21.914743,27.014334,25.08424,29.917429,30.165712,32.99643,36.29191,34.96067,31.040686,32.18182,28.102636,26.516832,23.94216,22.410381,16.355392,16.45141,14.19435,18.171644,20.269924,19.73653,20.171404,24.20399,24.567072,23.82941,26.835957,28.749105,28.77581,27.92842,27.213966,25.560442,26.184965,24.334852,24.727814,27.784933,27.092117,31.243156
24,39.060112,34.76111,36.40363,32.863174,30.589903,34.220703,28.63526,34.461468,30.879833,34.73588,36.785824,35.36834,35.58183,32.725277,30.614588,26.66385,24.099949,20.719084,18.46034,14.540741,11.544466,11.134992,7.555463,5.3880653,0.0,4.998015,5.379141,6.689339,10.782667,12.161041,15.690393,16.689695,24.692085,24.513227,27.328716,30.56105,31.1647,29.471663,25.543634,21.030958,24.070288,18.164944,20.412203,16.440392,12.581745,11.764877,10.972345,9.779926,11.419295,14.777375,16.14708,20.023575,23.096123,25.06709,21.974125,25.13133,22.29926,22.927683,26.357674,28.18129,26.008116,27.952854,23.885254,26.110632,23.777565,25.548517,26.787134,25.299759,24.450514,23.565042,22.038607,18.976847,21.471024,19.277624,25.24472,23.770294,28.627317,29.475569,32.381725,35.620045,34.929634,30.968216,32.20974,28.11567,26.0363,24.299274,21.765402,16.41999,15.67484,13.402647,16.822384,19.44931,19.685356,19.265364,22.947548,24.26955,23.883762,25.628681,27.518045,28.589186,28.18367,27.876823,26.83203,26.991505,26.193842,25.432,29.085201,28.067863,32.341255
25,34.440277,30.181982,32.159134,28.740866,26.673746,30.665312,25.40506,31.641287,28.645157,32.67728,35.068604,34.254257,34.500378,32.061443,29.712921,26.027569,23.692036,19.943048,18.740265,13.952296,12.361147,11.438205,10.325687,8.810295,4.998015,0.0,5.663015,8.254371,10.036339,13.197095,15.333578,18.1128,25.311749,25.745337,28.479761,31.707243,32.96566,31.218767,27.466225,22.986378,25.538565,19.599424,20.771767,16.17927,13.678774,11.195817,11.055118,8.524709,11.128045,14.637853,16.171307,20.13376,22.383097,24.948837,22.430767,26.118162,23.12637,24.421455,27.553318,28.687012,26.183914,27.523823,23.019432,24.447412,21.566935,22.692627,23.729218,21.696795,20.718647,19.294653,18.242384,15.731718,18.415998,17.493484,23.244133,22.672152,27.472729,28.683155,31.786121,34.762077,34.35671,30.406942,30.900213,26.83092,24.071037,22.789322,19.141441,14.294651,12.424788,9.744724,12.639109,15.750394,15.98134,14.892131,18.712914,20.355501,19.95961,21.056458,23.11515,24.756117,24.339397,24.213766,23.72551,23.70284,23.913618,22.659227,26.804163,26.070652,30.392057
26,36.77009,32.532185,33.895454,30.93517,28.319386,32.221,26.510933,32.46295,29.175234,32.751053,35.545864,34.231834,35.06746,32.354477,30.843182,26.57948,25.052013,21.088577,20.146006,15.83571,13.575421,14.443397,11.1440325,10.266501,5.379141,5.663015,0.0,4.0475893,9.599338,11.6365795,14.535486,16.892775,24.20304,25.33965,27.295822,30.94954,31.658186,29.393534,26.053295,21.663214,23.389706,17.050861,18.79857,13.961147,9.820722,8.188969,6.3050804,4.485034,6.192785,9.61138,11.155354,15.01334,17.863441,20.19144,17.63601,21.310541,18.961533,20.220926,23.756422,24.79698,22.802504,23.786665,19.49563,21.558615,18.726301,20.960125,21.931875,20.918304,19.891272,19.756296,18.460032,14.863163,17.942215,15.156627,21.732052,20.558535,25.271135,26.609056,29.4872,32.627464,32.52686,28.62682,30.073532,26.100666,23.801239,22.9228,19.904072,15.724722,14.759122,13.352699,15.874982,18.37566,19.835337,19.206377,21.570768,23.823967,24.232687,24.786577,26.151121,27.91111,28.381672,28.687609,27.854216,27.338978,27.171246,25.136782,29.024733,27.44444,31.662191
27,37.654568,33.3777,34.170452,31.056131,28.194775,31.596733,25.609688,31.059977,27.297419,30.669632,33.231586,31.500992,32.42062,29.47945,28.320246,23.82825,22.556751,18.708912,17.697262,13.991929,11.398252,13.50167,9.487332,9.867734,6.689339,8.254371,4.0475893,0.0,7.410094,8.127162,11.621613,13.252439,20.644304,21.850616,23.575191,27.309582,27.816376,25.46319,22.212864,17.8882,19.476917,13.133788,15.284,10.896013,6.170048,5.9270124,4.865737,6.025758,7.551164,10.049426,10.2486925,14.4369755,17.367067,18.74719,15.367097,18.525192,15.723246,16.635105,20.135986,21.63533,19.630627,21.38378,17.496927,20.14531,18.499537,20.718517,22.320774,21.53851,21.407211,21.182272,18.812885,15.030536,17.343697,13.711041,19.971132,18.050909,22.787071,23.76548,26.526884,29.81807,29.45478,25.558876,27.451477,23.499899,21.761002,20.586834,18.565535,14.307763,14.437537,13.807713,16.577785,18.341333,20.163778,20.420765,22.083391,24.09181,24.889116,25.940517,26.83744,27.926548,28.785555,29.212059,27.781204,27.108976,26.186485,24.12457,27.552402,25.573845,29.679337
28,32.665844,28.362846,28.71457,25.089401,22.27678,25.104914,19.110601,24.321148,20.392319,24.063303,26.278944,24.863167,25.497229,22.798903,21.298697,17.006828,15.885905,11.699379,11.950158,7.800881,7.2846365,10.321915,9.522929,11.620159,10.782667,10.036339,9.599338,7.410094,0.0,4.7125072,5.3227124,9.448103,15.562527,17.102734,19.076548,22.542841,24.125448,22.097076,18.86026,14.6936455,16.219378,10.665698,10.897352,6.8223796,7.375778,5.3684883,8.873645,9.947775,12.878128,14.893997,13.911594,18.350447,19.775156,20.640894,17.016424,19.816748,15.54079,16.762089,19.02127,20.423615,17.418062,20.116718,16.274231,18.211834,18.030537,18.452011,21.067278,19.323738,20.78586,19.013447,15.08703,12.410643,12.909837,11.033911,15.417497,13.79961,18.657887,19.26219,22.323862,25.4079,24.580845,20.61095,21.448431,17.346975,15.366901,13.657506,11.7669,7.0221725,8.232475,8.959884,11.61032,12.207273,14.367701,15.893631,16.527784,17.972557,19.296682,20.987629,21.328741,21.45272,22.708942,23.400215,21.440315,20.443607,19.218626,16.891733,20.159765,18.21071,22.367987
29,36.64707,32.396366,32.28641,28.633862,25.680908,27.88455,21.787827,26.116543,21.560286,24.793634,26.494362,24.286053,24.952621,21.757492,20.801476,16.169666,15.1615,11.629775,10.893256,8.669501,6.794408,11.200987,8.854109,11.810263,12.161041,13.197095,11.6365795,8.127162,4.7125072,0.0,4.8812923,5.3970833,12.728308,13.881745,15.695094,19.321463,20.266369,18.147264,14.785951,10.502732,12.342057,6.641477,8.437927,6.2574854,5.9720745,7.153223,10.06856,12.504348,14.637509,16.171349,14.591569,18.816875,20.714746,20.598946,16.195478,18.028286,13.498546,13.793051,16.0688,18.462017,15.720775,19.550734,16.565346,19.384766,20.240744,21.138828,24.001902,22.832798,24.526201,23.204151,18.961632,16.025047,16.099255,12.946248,16.809792,13.928831,18.575922,18.51653,21.239414,24.598158,23.31357,19.39991,21.220997,17.261396,16.488052,14.2110405,14.346675,9.92358,12.355035,13.236439,16.075766,16.184517,18.187927,20.20847,20.68149,21.72681,23.084053,25.298843,25.411097,24.889515,26.240303,26.819374,24.298307,23.412363,21.086033,19.275274,21.660398,19.287052,23.137451
30,32.887047,28.736473,28.162043,24.508297,21.468311,23.279594,17.188969,21.254866,16.688353,19.982422,21.862833,19.969393,20.812227,17.924246,17.101545,12.444507,12.474585,8.374286,10.062369,7.8723536,8.608757,12.78855,12.569434,15.537882,15.690393,15.333578,14.535486,11.621613,5.3227124,4.8812923,0.0,6.4839773,10.476669,12.994833,14.284861,17.824076,19.742334,17.617924,14.884294,11.313572,11.838081,7.4767437,6.1573286,4.405331,8.586693,8.139879,12.160312,14.282101,16.825436,18.027916,16.026285,20.135809,20.966558,20.731432,16.703032,18.530064,13.546567,14.503384,15.729174,17.383635,14.028731,17.889418,14.962198,17.046055,18.760208,18.58193,21.93347,20.41696,23.037977,21.12901,16.122976,13.966795,12.782784,10.800194,12.968043,10.470972,15.0285225,14.917168,17.880972,20.993372,19.690317,15.738313,16.76609,12.704078,11.686128,9.397422,9.854564,6.6078634,9.933159,12.151061,14.061179,13.109871,15.819764,18.44725,17.537521,18.549095,20.598686,22.590225,22.048779,21.155296,23.198954,24.22838,21.557417,20.124084,17.982954,15.269604,17.515451,14.7634115,18.58162
31,39.04497,34.913982,34.249653,30.37535,27.479803,28.719578,22.83857,25.949858,20.844591,23.659746,24.378147,21.503845,21.876902,18.300009,17.734913,13.12369,12.273719,9.9920635,8.77738,9.466477,8.19026,12.948148,11.381932,14.937605,16.689695,18.1128,16.892775,13.252439,9.448103,5.3970833,6.4839773,0.0,8.401957,8.673863,10.650064,14.12138,14.952305,13.1461315,9.494263,5.2508497,8.082536,4.919252,6.9237905,8.692326,10.109516,12.112889,15.084905,17.84525,19.79217,20.980118,18.921947,22.81589,24.510687,23.494682,18.719795,19.331844,14.42609,13.746217,14.943825,18.264206,15.54024,20.711723,18.81675,21.799557,23.966871,24.44902,27.756226,26.636356,28.995796,27.413536,22.565834,20.108162,19.163904,16.259193,18.317188,14.758433,18.699995,17.62817,19.936075,23.285751,21.155346,17.498547,19.620079,16.017155,16.549303,13.410138,15.779539,11.94827,15.437172,16.791847,19.528187,18.79197,20.534536,23.38588,23.399387,23.702696,25.184347,28.13776,27.870876,26.286287,27.762106,28.284777,25.066273,24.233294,20.700396,19.556562,20.734083,18.150358,21.468447
32,38.61614,34.89831,33.054626,29.452475,26.522804,26.251287,21.029491,21.914215,16.512249,18.118813,17.966997,14.254656,15.057821,11.302798,12.70862,8.3070135,10.724093,10.112426,11.888327,14.2989235,15.183999,19.55048,19.473003,23.08055,24.692085,25.311749,24.20304,20.644304,15.562527,12.728308,10.476669,8.401957,0.0,6.095377,4.2745895,7.9068847,10.2737875,8.3637905,7.359751,7.4018173,5.365845,8.818861,6.777056,11.9873495,16.12998,17.654762,21.15484,24.119432,26.08679,26.578379,23.769682,27.11054,27.643332,25.67455,21.247467,20.727182,15.71941,15.030506,13.763562,16.69105,13.833606,19.817556,19.446814,21.830557,25.924408,25.37345,29.266945,28.28796,31.880196,30.025152,24.383245,22.862167,20.332733,18.28945,17.04651,13.386124,15.444809,13.028062,14.592995,17.47528,14.335975,11.330945,13.478555,10.993761,13.62986,10.485359,15.744122,14.832074,18.935858,21.515516,23.131643,21.01502,23.331383,26.978569,25.10332,25.049759,27.402443,30.19997,28.835825,26.261608,28.769098,29.840364,26.133398,24.644106,20.625902,18.878256,18.297918,14.836819,16.761608
33,41.820847,38.00441,36.667027,32.505215,29.994022,29.719318,24.738895,25.824577,20.442211,22.511147,21.215,17.668083,17.013393,13.163848,12.9992895,9.720118,9.199399,10.41979,9.437193,13.620106,13.947641,17.697634,17.980307,21.644075,24.513227,25.745337,25.33965,21.850616,17.102734,13.881745,12.994833,8.673863,6.095377,0.0,5.071959,6.329816,8.306149,8.58417,5.185189,5.5527887,8.324893,11.444118,11.394467,15.6872635,18.55799,20.320038,23.618208,26.296515,28.393368,29.457687,27.114407,30.776072,31.979494,30.314734,25.57905,25.151928,20.219578,18.968815,18.362253,22.004738,19.378786,25.4205,24.671368,27.239355,30.658964,30.247044,34.00348,32.643368,35.824406,33.61628,28.19698,26.674976,24.531246,22.75313,22.377275,18.917221,21.42706,19.102386,20.629194,23.39437,19.96393,17.259527,18.737103,16.260244,18.36273,14.403396,19.140654,16.561167,20.590628,22.364613,24.69173,22.936428,24.077616,27.861187,27.27712,26.412575,27.940151,31.817034,31.064117,27.9465,29.438446,29.851322,25.818247,25.130869,20.12285,20.266102,19.343151,17.01897,18.985699
34,42.537693,38.882713,36.941208,33.27268,30.466747,29.838717,24.908552,25.181187,19.805103,20.943823,19.908588,15.7356415,16.09824,12.233239,14.024605,10.612139,12.477245,13.151041,13.76703,17.171753,17.595533,21.813326,21.49155,25.154306,27.328716,28.479761,27.295822,23.575191,19.076548,15.695094,14.284861,10.650064,4.2745895,5.071959,0.0,4.241545,6.0205355,4.774941,4.689513,7.306024,5.790819,11.237586,10.457445,15.779956,19.140352,21.222076,24.441246,27.574102,29.357613,29.821152,26.990938,30.17822,30.971539,28.645817,24.055113,22.892288,18.225605,16.800058,15.195036,18.749994,16.480696,22.74452,22.92707,25.556995,29.832222,29.476645,33.35827,32.512295,36.060192,34.278873,28.654678,27.05563,24.599174,22.322035,21.07949,17.263496,18.830238,16.049587,16.94555,19.613804,16.01874,13.786288,16.260483,14.507449,17.600004,14.411099,19.889631,18.676693,22.806622,25.135223,27.006407,24.941795,26.88528,30.645468,29.073044,28.696917,30.822622,34.025093,32.733494,29.806887,32.06967,32.927616,28.98168,27.76293,23.169321,22.214523,21.023567,17.879683,19.219059
35,44.451973,40.941383,38.877213,35.051353,32.53012,31.344757,26.94986,26.47168,21.235882,22.086569,19.941967,15.705721,15.250818,11.588998,13.406976,11.404214,12.974671,14.961097,15.292822,19.477839,20.183804,23.953484,24.222298,27.8918,30.56105,31.707243,30.94954,27.309582,22.542841,19.321463,17.824076,14.12138,7.9068847,6.329816,4.241545,0.0,4.6146317,6.22381,6.843613,10.296656,9.902271,15.354137,14.520692,19.751585,23.190283,25.13671,28.449484,31.439392,33.35042,33.949276,31.181948,34.41371,35.167976,32.819443,28.269222,26.98001,22.402288,20.892332,19.050024,22.531849,20.364788,26.587635,26.93122,29.34566,33.755127,33.090523,37.047653,36.00045,39.70883,37.619343,31.915533,30.656517,27.944576,26.189924,24.430578,20.916086,22.090542,19.07643,19.657787,21.862791,17.856552,16.295992,18.022385,16.872293,20.171772,16.770517,22.553318,21.421438,25.56108,27.82034,29.663689,27.391481,28.893078,32.905426,31.390797,30.482388,32.442303,36.087658,34.755474,31.243088,33.294857,33.994846,29.803787,28.790154,23.695957,23.526308,21.530218,18.85952,19.497267
36,48.354546,44.73825,42.75859,39.01892,36.326725,35.441048,30.747948,30.567757,25.277409,26.021732,24.22952,19.82984,19.723663,16.094257,17.968927,15.624787,16.693771,18.29258,17.702507,21.793413,21.619055,25.54125,24.820848,28.405739,31.1647,32.96566,31.658186,27.816376,24.125448,20.266369,19.742334,14.952305,10.2737875,8.306149,6.0205355,4.6146317,0.0,3.9557948,5.6664205,10.142342,9.763796,15.602129,15.939798,21.170458,23.601974,26.250782,29.081196,32.368454,33.89749,34.333694,31.54009,34.519165,35.67435,32.998062,28.273926,26.454185,22.336422,20.174984,18.45153,22.53551,20.982725,27.334776,28.02161,30.948128,35.300957,35.247623,39.07859,38.400166,41.82164,40.173466,34.607597,32.844517,30.556864,27.947823,26.906448,22.921228,24.15202,21.179281,21.471972,23.889795,20.088705,18.634163,21.38588,20.190214,23.526594,20.319742,25.841354,24.230677,28.33352,30.337194,32.52099,30.600712,32.151398,35.950657,34.80556,34.145535,35.973896,39.59282,38.44633,35.239456,37.173695,37.75813,33.62065,32.74521,27.645937,27.523817,25.878122,23.128387,23.988865
