,0,1,2,3,4,5,6,7,8,9,10,11,12,13,14,15,16,17,18,19,20,21,22,23,24,25,26,27,28,29,30,31,32,33,34,35,36,37,38,39,40,41,42,43,44,45,46,47,48,49,50,51,52,53,54,55,56,57,58,59,60,61,62,63,64,65,66,67,68,69,70,71,72,73,74,75,76,77,78,79,80,81,82,83,84,85,86,87,88,89,90,91,92,93,94,95,96,97,98,99,100,101,102,103,104,105,106,107,108,109,110,111,112,113
0,0.0,4.4083734,7.0195494,9.18206,10.844073,15.42185,16.124744,21.905905,23.699818,27.54079,30.998238,35.47269,32.544827,31.55928,27.127453,24.96359,21.402683,20.473202,16.098969,13.659216,12.502642,8.855611,9.99063,11.858991,11.9774,15.919204,15.142888,17.588127,16.735073,15.84369,19.400215,18.08926,25.698126,23.564938,27.955442,28.874695,32.68305,34.75585,31.723211,30.720844,32.013824,30.464523,26.049122,26.521658,25.211903,24.25768,27.41268,25.970293,22.754517,26.846766,27.008497,22.14783,25.176392,29.145588,25.175718,22.12745,27.828375,27.946495,23.96594,25.083593,31.0092,28.039871,24.680933,28.263504,31.062527,27.516762,26.479095,22.28925,22.36305,24.172482,22.966484,24.06078,28.046576,27.768524,32.95587,32.290676,37.40247,39.996628,38.510468,43.96523,41.38347,39.320942,37.63859,33.348446,29.896263,26.310781,23.642073,20.646105,16.92773,13.653697,10.573564,12.637676,9.986047,14.368616,18.129969,18.476734,20.767824,23.08296,25.288242,30.762321,30.950583,35.23924,35.05735,31.479156,30.634256,35.422676,37.97851,35.768612,32.50258,31.754702,26.670172,25.124096,21.169353,20.541178
1,4.4083734,0.0,4.8813686,6.427633,6.9998155,11.548034,12.128836,17.621305,19.669006,23.316746,27.05522,31.441284,28.304249,27.510153,22.94997,21.047186,17.561514,16.903925,13.059683,10.720619,10.961307,8.223824,10.218029,13.151031,14.790353,17.774912,16.186888,18.311455,15.909736,15.401584,17.474955,16.215496,23.043009,20.775383,25.041796,25.740791,29.82852,31.973032,29.36091,28.750801,29.933784,28.522076,24.736462,25.102243,24.549093,23.433369,27.456144,26.171995,23.365034,26.778946,26.510021,21.569872,24.922848,28.282993,23.775732,21.3258,26.642084,26.052412,21.978682,23.596409,29.182041,25.501534,22.463911,26.224451,28.60741,24.550404,23.743288,20.08692,19.219528,20.806995,19.098894,20.543417,24.341879,24.369537,29.439734,29.060171,34.263836,36.90179,35.852547,41.28376,39.090977,36.89637,35.252636,30.91594,27.244219,23.538244,21.17862,17.304203,13.448033,10.4075165,8.015064,9.756275,9.37658,14.219206,16.801424,16.136412,18.581375,20.209047,22.561987,27.597757,27.982292,32.0551,32.135742,28.357557,27.069292,31.83027,34.340343,31.927778,28.691082,27.738152,22.86514,21.010218,17.222885,16.246103
2,7.0195494,4.8813686,0.0,5.1331983,7.949248,9.829244,12.975572,17.266058,19.991516,23.389526,26.966969,31.428509,27.689886,26.626425,21.905485,20.378609,16.305864,16.645412,11.1809635,11.358328,10.755302,9.134303,12.802722,14.641151,16.564955,19.351145,18.944902,19.736223,17.85628,15.987649,18.399038,15.253782,22.089329,18.619507,23.272459,23.287958,27.507128,29.99339,27.633541,27.32081,29.119997,28.394691,24.7805,26.040495,25.286486,25.37561,29.200087,28.704668,26.520721,29.879656,29.065739,24.675507,28.607454,31.531366,26.963806,25.334805,30.500944,29.488039,25.754948,27.785471,33.069695,29.018227,26.554895,30.432034,32.545254,28.115395,27.500883,24.200197,22.551497,23.960829,21.515158,23.433245,26.787355,26.896873,31.886503,31.399675,36.8298,38.85864,38.32351,43.62049,41.430847,38.785397,36.83194,32.545605,29.062168,24.766521,23.241465,19.254637,15.639644,13.506798,12.173647,13.744505,14.252779,18.97348,21.224234,19.869148,21.871048,22.952791,24.857763,29.34758,29.173344,33.425274,32.895893,28.677761,27.681606,32.623966,35.331284,33.0564,29.727753,29.152456,24.40921,22.430244,19.266176,17.438572
3,9.18206,6.427633,5.1331983,0.0,4.5045915,7.108605,9.377641,14.514433,16.271313,20.203829,23.037828,27.672726,24.669483,23.153898,18.98303,16.550522,12.683477,12.168154,6.9308343,6.445004,6.0159388,5.737565,9.970064,12.061598,15.452536,16.922785,16.136417,16.197815,13.515282,11.680613,13.363336,10.387546,17.2379,14.511687,18.95054,19.704952,23.608042,25.789202,23.149738,22.67168,24.202991,23.315845,19.8272,21.034761,20.571842,20.794024,24.925152,24.785181,23.252647,26.093277,24.79545,20.80658,25.237658,27.538315,22.92877,22.275312,27.114578,25.727907,22.54194,25.04433,29.892914,25.819777,24.305418,28.37005,30.490374,26.193293,26.53376,23.944284,22.04384,22.804659,20.043175,20.990648,24.070402,23.440456,28.619925,27.473862,33.03457,34.484097,33.972664,39.181587,36.80907,33.980755,31.900824,27.65038,24.328794,19.867197,18.594788,15.136263,11.924371,10.571302,10.42491,13.748409,14.109378,17.82378,19.062607,16.89455,18.15651,19.052984,20.457247,24.907198,24.358982,28.824032,27.970476,23.819883,23.227945,28.249361,31.079706,29.197083,25.75955,25.959557,20.719967,19.569155,16.508768,15.424099
4,10.844073,6.9998155,7.949248,4.5045915,0.0,6.216163,5.4483385,11.486593,12.920777,16.890198,20.170313,24.658236,21.905104,20.819717,16.645088,14.203277,11.013157,9.939293,7.595834,4.721752,7.643913,7.6567745,10.333404,13.736722,17.427765,18.519413,16.303791,17.193857,12.868278,12.770626,12.310156,11.389848,16.758467,15.006394,18.786345,19.791948,23.826984,25.78249,23.468569,23.190613,24.06379,22.776062,19.919598,20.213778,20.700119,19.747822,24.719622,24.077906,22.4347,24.664946,23.443977,19.06714,23.218653,25.241924,20.25455,19.62599,24.075739,22.329,18.90251,21.57228,26.195332,21.750454,20.282473,24.354809,26.235641,21.794724,22.34297,20.211666,17.97381,18.479086,15.681715,16.49343,19.61132,19.175955,24.2957,23.492739,28.976131,30.921028,30.456955,35.732533,33.747337,31.15403,29.371536,25.058609,21.370255,17.290207,15.717531,11.30921,7.7781067,6.5050735,7.3694406,10.527268,12.167451,15.641872,15.883735,13.143365,14.727854,15.203879,17.072393,21.436563,21.555622,25.629112,25.557703,21.567633,20.21839,25.07095,27.701212,25.495365,22.145782,21.869995,16.706211,15.373788,12.073508,11.333204
5,15.42185,11.548034,9.829244,7.108605,6.216163,0.0,6.4452567,8.182727,11.128317,14.197246,17.508236,21.913315,18.064327,16.811235,12.194466,10.757477,6.612184,8.225918,4.9488196,7.764949,10.315894,12.042052,15.746509,18.294073,22.272825,23.025389,21.602407,21.244434,17.051394,15.889242,14.541058,11.512631,14.915854,11.349403,15.283651,14.982653,19.603132,22.069124,20.710344,21.33631,22.789177,22.574022,20.807484,22.003256,22.899767,23.161118,28.201065,28.42758,27.593954,29.340517,27.427666,23.802742,28.352093,29.53194,24.442368,24.921087,28.742172,26.213917,23.285915,26.4287,30.290936,25.189196,24.567886,28.57961,29.774769,24.796856,25.593426,24.241083,20.775908,20.90265,17.067858,18.757736,20.837263,20.893997,25.423136,24.858252,30.417624,31.636793,32.215076,37.13766,35.58691,32.460766,30.430496,26.33129,22.87129,18.252483,18.256758,13.3932905,10.9466,11.49618,13.2866,15.07633,18.088423,21.733,21.409567,17.884386,18.984535,18.186922,19.457735,22.282732,21.903366,25.743954,25.20332,20.564285,19.103924,23.97631,26.729406,24.534258,21.224213,21.237757,16.86189,15.090298,13.377856,11.048652
6,16.124744,12.128836,12.975572,9.377641,5.4483385,6.4452567,0.0,7.0323753,7.5858617,11.648657,15.0093,19.373371,16.963255,16.080418,12.268355,9.661807,7.7124553,6.185784,8.264583,5.824275,10.628126,12.018688,13.936972,17.518047,21.769955,21.952002,19.040411,19.621801,13.979663,14.906729,11.635992,12.077501,14.5267725,13.732408,16.415571,17.555012,21.547642,23.234415,21.569584,21.78278,22.066189,20.791199,19.267233,19.013554,20.772806,19.381342,25.135267,24.646452,23.682451,24.758076,23.061707,19.105677,23.239235,24.142107,18.84464,19.435343,22.759386,20.01592,17.042479,20.341785,23.91543,18.746054,18.448837,22.472052,23.67898,18.950035,20.425344,19.67627,16.409552,15.987532,12.463542,12.855812,15.17659,14.753664,19.616686,18.939272,24.4718,26.280424,26.419132,31.535872,30.09599,27.40304,25.768034,21.54777,17.671005,13.740922,12.903952,7.258748,4.6546793,6.3320293,9.573016,11.918017,15.069831,17.5906,16.02345,11.901188,12.951432,11.86791,13.604762,16.905554,17.378393,20.97009,21.414783,17.378527,15.248972,19.96428,22.498407,20.129908,16.806643,16.585085,11.497914,10.300917,7.686681,7.3079133
7,21.905905,17.621305,17.266058,14.514433,11.486593,8.182727,7.0323753,0.0,5.035767,6.306393,11.008229,14.788265,10.708055,10.590675,5.8550034,6.0217423,5.57776,7.558985,11.078545,12.024767,16.323221,18.36281,20.844795,24.125982,28.477608,28.571342,25.933855,25.953375,20.294107,20.777758,16.646255,16.06887,15.435392,13.752361,15.390298,15.028619,19.450592,21.401354,21.336533,22.701767,23.100365,22.792938,22.871832,22.995798,25.473913,24.674435,30.590294,30.592031,30.17767,30.619118,28.483955,25.130283,29.187134,29.21505,23.914886,25.315376,27.675768,24.115974,21.627577,25.15532,27.614895,21.735144,22.24937,25.867786,25.977093,20.721165,22.364851,22.811476,18.141373,17.155352,12.616342,14.321688,14.886988,15.719166,19.15113,19.457556,24.640306,26.07253,27.612326,32.166004,31.722775,28.750273,27.194962,23.424908,19.777002,16.064007,16.899149,11.048492,10.394241,12.794695,16.027649,16.567114,21.224333,23.979847,21.828478,17.319654,18.149044,15.558996,16.829456,17.600283,18.197287,20.681028,21.42696,17.013655,13.7862425,17.930435,20.235918,17.402493,14.451601,13.747257,10.784884,8.33305,8.942929,6.25403
8,23.699818,19.669006,19.991516,16.271313,12.920777,11.128317,7.5858617,5.035767,0.0,4.776755,7.5558343,11.789869,10.104851,9.288163,7.1015453,4.4148135,6.7691636,5.9154315,12.269552,11.803403,16.330263,18.75388,20.452898,23.698053,28.404049,27.672937,24.626898,24.42803,18.296371,19.568054,14.09757,15.217356,13.026525,13.541794,13.982655,15.028974,18.508512,19.699175,19.347107,20.445013,20.023027,19.2296,19.946712,19.402328,22.563566,21.345592,27.452705,27.544449,27.689621,27.374243,24.955414,22.177288,26.204697,25.44567,20.31327,22.735188,24.334259,20.359056,18.70601,22.55512,24.235497,18.498663,20.272722,23.828905,23.937418,19.233541,21.983978,23.103027,18.855549,17.198483,13.070036,12.743459,12.673905,12.160994,15.764134,15.087365,20.43002,21.28303,22.822092,27.317915,26.77353,23.730202,22.205544,18.505169,14.923468,11.494422,12.849893,7.778714,8.961739,12.472501,16.350033,17.94273,21.799435,23.428627,20.376225,15.39689,15.227338,12.003014,12.529131,12.670139,13.215324,15.700404,16.57863,12.429819,8.963142,13.32767,15.804603,13.407041,10.120277,10.860979,6.719325,6.7009554,7.900465,8.01065
9,27.54079,23.316746,23.389526,20.203829,16.890198,14.197246,11.648657,6.306393,4.776755,0.0,6.0086966,8.837032,5.9199443,6.79405,5.345994,6.2004375,9.446548,10.236022,16.02438,16.377625,20.854227,23.244946,25.080042,28.397333,33.03596,32.434647,29.336094,29.196804,23.045544,24.284672,18.740913,19.529793,16.252056,16.358551,16.074343,16.136906,19.571438,20.762697,21.530127,23.24686,22.775713,22.451727,23.981613,23.454895,26.908335,25.711319,31.848358,31.962618,32.175133,31.559336,29.127878,26.494904,30.212349,29.114069,24.079702,26.56578,27.593264,23.318842,21.806883,25.552277,26.545467,20.53651,22.5375,25.667677,25.001057,20.129528,22.84714,24.731176,19.829641,17.86513,13.550116,14.025807,12.677324,13.383044,15.410995,15.881668,20.51749,21.429972,23.919512,27.890837,28.257086,25.319082,24.097706,20.899044,17.588352,14.968166,16.782482,11.883673,13.170505,16.460217,20.213406,20.750807,25.434153,27.223722,23.917501,18.992157,19.028957,15.302871,15.855419,14.301296,15.354201,16.440672,18.01085,14.189144,9.788181,12.780101,14.667851,11.63359,9.121903,8.820326,7.831228,6.704762,10.022913,9.19993
10,30.998238,27.05522,26.966969,23.037828,20.170313,17.508236,15.0093,11.008229,7.5558343,6.0086966,0.0,4.779331,6.4890804,4.860841,8.088327,6.9462833,11.397486,11.211199,17.738998,18.28909,22.211174,25.242525,26.893711,29.658401,34.65441,33.17086,30.345007,29.32099,23.378489,24.539629,18.289732,19.473516,13.823531,15.600824,13.56374,14.527939,16.52587,16.834944,17.993599,19.882332,18.801716,18.770706,21.606453,21.102842,25.054707,24.452106,30.274046,31.09014,32.28978,30.953653,27.916761,26.480001,30.417885,28.291586,23.811224,27.65521,27.948473,23.345385,23.132395,27.124533,27.204689,21.751778,25.126541,28.14396,27.5435,23.436344,27.001604,29.194767,24.743986,22.476906,18.57075,17.594864,15.66928,14.705041,16.291742,15.114162,19.486362,18.343079,21.486032,24.816154,25.048174,21.568125,20.061943,17.459448,15.113626,12.781663,16.066036,13.402559,15.878075,19.659933,23.650087,25.301043,29.089643,30.149681,26.451488,21.329039,20.190134,16.271067,15.317499,12.09695,11.8257675,12.592827,13.161038,9.495031,5.6680894,8.21325,10.622158,9.32915,6.8702707,10.379961,9.278347,11.107953,14.182555,14.587513
11,35.47269,31.441284,31.428509,27.672726,24.658236,21.913315,19.373371,14.788265,11.789869,8.837032,4.779331,0.0,6.687751,6.836123,11.181382,11.477796,15.864631,15.97292,22.429438,22.973164,26.97569,29.948708,31.447414,34.306515,39.28668,37.728546,34.7077,33.78977,27.762472,29.170792,22.737268,24.1799,18.018606,19.921236,17.344898,17.900469,19.30218,19.224861,21.183374,23.329163,21.930855,22.058878,25.558086,24.787918,29.02953,28.206673,33.976048,34.74778,36.098953,34.307163,31.28862,30.129349,33.672626,31.075754,26.882326,30.92525,30.49827,25.681728,25.858458,29.717985,28.941326,23.584948,27.417244,29.959814,28.744595,24.932396,28.700607,31.603426,26.968712,24.395891,20.75347,19.766567,16.895908,16.397385,16.370934,15.842291,19.054314,17.520494,21.626226,24.110613,25.317966,22.102839,21.067703,19.264797,17.446312,16.280945,19.618147,17.292727,19.975315,23.734,27.73266,28.892313,33.025146,33.895176,29.820107,24.756956,23.58939,19.368673,18.352617,13.779016,14.062233,12.98399,14.426414,12.072227,8.26185,7.6728497,8.766631,7.612165,7.0980487,10.29192,11.7830925,13.489076,17.293203,17.724094
12,32.544827,28.304249,27.689886,24.669483,21.905104,18.064327,16.963255,10.708055,10.104851,5.9199443,6.4890804,6.687751,0.0,4.0396495,6.0483513,9.10341,12.55963,14.423079,19.605925,21.259075,25.289488,28.070114,30.320354,33.296253,38.068947,37.29342,34.60221,33.875298,27.99993,28.708282,23.155203,23.103695,18.320492,18.010902,16.679384,15.657745,18.544872,19.657146,21.804052,24.278023,23.968124,24.533033,27.04037,27.01871,30.60311,30.162655,36.06602,36.714394,37.407223,36.536827,33.74965,31.696115,35.55451,33.95935,29.171797,32.18445,32.8478,28.34332,27.3327,31.121834,31.541271,25.626774,28.08853,30.974989,29.88822,25.1581,27.895115,30.135147,24.957897,22.926657,18.649645,19.452318,17.359976,18.2246,19.02619,19.600441,23.480024,23.310232,26.822243,29.96601,30.872833,27.664211,26.385645,23.853104,21.276419,18.846169,21.579098,17.466467,18.931774,22.233528,25.935726,26.325735,31.184048,33.12161,29.807972,24.846193,24.620071,20.730618,20.69495,17.818462,18.228983,18.46188,19.50633,15.876422,12.040814,13.597927,15.057797,12.662753,11.286408,11.777853,12.850721,12.156924,15.860019,14.529407
13,31.55928,27.510153,26.626425,23.153898,20.819717,16.811235,16.080418,10.590675,9.288163,6.79405,4.860841,6.836123,4.0396495,0.0,5.4576807,6.836842,10.55945,12.227826,17.391626,19.470768,23.064842,26.226212,28.622375,31.187672,36.12924,35.002075,32.712048,31.394596,25.835958,26.139458,20.623732,20.190561,14.693583,14.626346,12.791543,12.070172,14.651032,15.677115,17.778801,20.324186,20.129658,20.998404,23.68715,24.07164,27.537504,27.743717,33.37702,34.480873,35.56922,34.718185,31.626802,30.010672,34.251846,32.511246,27.872778,31.33676,32.18081,27.730135,27.055792,31.014868,31.594429,25.935558,28.673384,31.830822,31.19741,26.626387,29.596172,31.44501,26.588434,24.65719,20.327808,20.562347,18.90349,18.77866,20.341152,19.787766,24.092375,23.021015,26.333033,29.525122,29.796198,26.169071,24.463055,21.89968,19.646328,16.648987,19.903225,16.540926,18.179092,21.648943,25.418753,26.680563,30.891407,32.700092,29.547972,24.49115,23.804737,20.146286,19.532291,16.897713,16.274805,17.307898,17.160934,13.080163,10.31882,12.667267,14.81368,13.416472,11.427829,13.630901,13.086622,13.394449,16.459139,15.478155
14,27.127453,22.94997,21.905485,18.98303,16.645088,12.194466,12.268355,5.8550034,7.1015453,5.345994,8.088327,11.181382,6.0483513,5.4576807,0.0,4.983494,6.931891,9.89285,13.906332,16.282875,20.043898,22.7872,25.533882,28.339369,32.993782,32.571598,30.323174,29.501411,24.00474,24.06416,19.379515,18.238918,15.018666,13.3144045,13.42506,12.1106825,16.186964,18.073393,19.322199,21.518036,21.949064,22.51676,23.90124,24.463898,27.34537,27.350954,33.113773,33.800297,34.153347,34.059772,31.37578,28.877789,33.155437,32.344593,27.297941,29.726473,31.430864,27.381811,25.731462,29.510246,31.09167,25.1879,26.751467,30.15687,29.807096,24.728039,26.901512,28.045563,23.089254,21.675371,17.085936,18.416866,17.714396,18.333838,20.735725,20.813643,25.617373,25.826157,28.390661,32.271206,32.233887,28.84276,27.13772,23.922974,20.935846,17.322338,19.555588,14.810598,15.297163,18.22334,21.657553,22.406841,26.977467,29.48508,26.963194,22.15713,22.274908,19.085823,19.401207,18.390104,18.296106,20.14278,20.33007,15.809341,12.764601,16.210253,18.466589,16.149212,13.634432,14.102498,12.652899,11.285494,13.577055,11.411875
15,24.96359,21.047186,20.378609,16.550522,14.203277,10.757477,9.661807,6.0217423,4.4148135,6.2004375,6.9462833,11.477796,9.10341,6.836842,4.983494,0.0,4.4530926,5.4821916,11.025848,12.638586,16.33947,19.40445,21.835833,24.44409,29.330828,28.40073,26.156576,25.02532,19.49902,19.695494,14.588971,14.044247,10.569772,10.179826,10.230487,10.70753,14.33734,15.818723,15.964826,17.601301,17.736673,17.862425,19.03429,19.485212,22.407047,22.475372,28.175747,29.021305,29.668547,29.469881,26.611591,24.420498,28.93708,27.984268,23.072693,25.948875,27.712688,23.75683,22.486097,26.410303,28.082079,22.556656,24.517162,28.140821,28.321028,23.646988,26.298553,27.180645,22.867874,21.397903,17.095081,17.152355,16.925476,16.232729,19.541801,18.402334,23.652122,23.383955,25.360067,29.493698,28.745068,25.18533,23.216684,19.763174,16.822554,12.710667,15.111069,11.171572,12.135826,15.440203,19.10222,21.079197,24.659122,26.600355,23.984032,19.069841,18.574406,15.636828,15.417023,15.0772505,14.317466,17.134363,16.650698,11.88344,9.671573,14.131777,16.9271,15.294891,12.132832,14.02748,10.598859,10.820681,12.156201,11.369062
16,21.402683,17.561514,16.305864,12.683477,11.013157,6.612184,7.7124553,5.57776,6.7691636,9.446548,11.397486,15.864631,12.55963,10.55945,6.931891,4.4530926,0.0,4.5319357,7.048679,10.00351,13.240332,16.206476,19.304188,21.719053,26.4056,25.978241,24.249887,23.091425,18.127665,17.487974,13.7621765,11.606743,10.723567,8.1821575,10.353123,10.247136,14.68718,16.829094,16.308228,17.639902,18.60471,18.825983,18.766367,19.858913,21.88889,22.41624,27.821991,28.646233,28.864439,29.468954,26.83334,24.185587,28.930805,28.784378,23.773138,25.862738,28.53219,25.113255,23.224123,26.93827,29.541216,24.152996,25.148315,29.021532,29.655413,24.786692,26.745169,26.720541,22.650904,21.799208,17.502964,18.267166,19.020521,18.56166,22.504816,21.472433,26.949596,27.10908,28.523966,32.97601,31.777554,28.261406,26.129902,22.383902,19.29502,14.642133,16.222359,11.8945675,11.463249,13.950539,17.069685,19.183884,22.50263,25.111073,23.398922,18.894644,18.915928,16.84633,17.114704,18.223238,17.340494,20.821043,19.966139,15.092361,13.60468,18.346577,21.204855,19.457705,16.19141,17.405079,13.405264,12.733724,12.77329,11.149049
17,20.473202,16.903925,16.645412,12.168154,9.939293,8.225918,6.185784,7.558985,5.9154315,10.236022,11.211199,15.97292,14.423079,12.227826,9.89285,5.4821916,4.5319357,0.0,7.181174,7.372638,11.09091,14.173875,16.454023,18.989313,23.914827,22.93528,20.749706,19.653582,14.201492,14.348163,9.612726,9.339968,8.695109,8.786409,10.477301,12.326574,15.758018,17.16832,15.621476,16.151295,16.398819,15.711496,15.32209,15.756545,18.059444,18.028612,23.63697,24.317184,24.700193,25.034164,22.352358,19.830818,24.623703,24.301502,19.367847,21.836,24.372324,21.013327,19.464745,23.265223,25.791203,20.778217,22.17905,26.108397,27.088417,22.70999,25.166956,25.180069,21.730387,20.683271,16.867188,16.32196,17.34493,15.846108,20.340242,18.481274,24.11726,24.182608,24.9927,29.64545,27.997715,24.57312,22.426899,18.473839,15.29309,10.493699,11.789085,8.213498,8.426061,11.413375,14.876019,18.02923,20.457739,22.229246,20.1308,15.510759,14.93115,13.070888,12.983878,14.876544,13.8375635,17.885057,16.979147,12.391267,11.394053,16.458746,19.444786,18.072628,14.576087,16.459324,11.277677,11.936114,11.231994,11.298363
18,16.098969,13.059683,11.1809635,6.9308343,7.595834,4.9488196,8.264583,11.078545,12.269552,16.02438,17.738998,22.429438,19.605925,17.391626,13.906332,11.025848,7.048679,7.181174,0.0,6.2180266,7.1340446,10.202466,14.151857,15.761887,20.235367,20.139305,19.44042,17.897715,14.328843,12.193347,11.303963,6.809883,11.220795,7.7496395,12.153539,12.844971,16.769392,19.00981,16.833925,16.996346,18.715027,18.616467,16.458973,18.329258,18.776886,20.074932,24.61669,25.531565,25.368782,27.076408,24.737907,21.871994,26.918028,27.792122,23.0911,24.334879,28.154161,25.728292,23.513828,26.808083,30.520805,25.92566,25.999147,30.113632,31.659494,27.14636,28.538637,27.208687,24.249298,24.13941,20.490273,21.044407,23.013412,21.993412,26.818174,25.188845,30.871492,31.144686,31.507612,36.30845,34.143963,30.710543,28.315788,24.310116,21.370634,16.336752,16.752295,13.545271,11.790507,12.720698,14.598656,17.968525,19.504314,22.402557,22.094252,18.53534,18.702766,18.268667,18.65072,21.700323,20.335491,24.805073,23.210308,18.606665,18.457317,23.529387,26.57162,25.174644,21.702503,23.011726,17.94127,17.498205,15.789312,14.609295
19,13.659216,10.720619,11.358328,6.445004,4.721752,7.764949,5.824275,12.024767,11.803403,16.377625,18.28909,22.973164,21.259075,19.470768,16.282875,12.638586,10.00351,7.372638,6.2180266,0.0,4.9709325,6.9966607,9.326692,12.172567,16.813637,16.555784,14.434037,14.178079,9.326763,9.204108,7.6896777,7.4142165,12.753723,12.267226,15.601349,17.605734,20.960032,22.48913,19.678253,19.037083,19.645689,18.14425,15.235663,15.586827,16.216322,15.6939125,20.742617,20.682793,19.91885,21.659264,19.830696,16.204115,20.985945,22.302013,17.493704,18.170635,22.241335,20.233381,17.742298,20.835928,24.914766,20.773348,20.528664,24.664135,26.656534,22.658222,24.1903,22.677887,20.578085,20.464823,17.609556,17.094236,19.736773,18.159822,23.472605,21.610857,27.22523,28.2402,27.695517,32.84163,30.42317,27.540722,25.490797,21.225286,17.89226,13.458179,12.262778,9.351637,7.040808,7.4082737,9.402208,13.974847,14.531522,16.606718,16.055792,12.714638,12.929588,13.36127,14.2271595,18.668468,18.01086,22.563705,21.774542,17.899698,17.462238,22.440792,25.286892,23.772608,20.290041,21.269234,15.481061,15.5671835,12.681806,13.081624
20,12.502642,10.961307,10.755302,6.0159388,7.643913,10.315894,10.628126,16.323221,16.330263,20.854227,22.211174,26.97569,25.289488,23.064842,20.043898,16.33947,13.240332,11.09091,7.1340446,4.9709325,0.0,4.085667,7.640041,8.674877,13.405224,13.040744,12.578083,11.118896,8.638296,5.8807664,8.384086,5.677599,13.621397,12.648819,16.51093,18.6346,21.500036,23.055285,19.542603,18.30462,19.5286,18.230495,14.121725,15.502935,14.613875,15.506194,19.286535,19.782352,19.147629,21.684153,19.870634,16.778275,21.79488,23.550875,19.42541,19.905445,24.46688,23.12926,20.949284,23.679516,28.077255,24.642916,24.217886,28.307798,30.711147,27.053583,28.35895,26.258894,24.754816,24.954859,22.338848,21.815699,24.599113,22.72916,28.122637,25.80959,31.374249,31.886229,31.026829,36.073452,33.06554,30.057755,27.719254,23.60726,20.85097,16.30975,15.183136,13.858117,11.761209,11.336915,11.9588,16.987642,15.967172,17.987114,18.587484,16.178675,16.098381,17.351427,17.729795,22.444832,21.069168,26.028128,24.35548,20.610016,21.20697,26.214558,29.20999,28.142002,24.630125,26.088085,20.204851,20.521465,17.613855,17.84211
21,8.855611,8.223824,9.134303,5.737565,7.6567745,12.042052,12.018688,18.36281,18.75388,23.244946,25.242525,29.948708,28.070114,26.226212,22.7872,19.40445,16.206476,14.173875,10.202466,6.9966607,4.085667,0.0,4.7622576,6.390635,10.31869,11.264492,10.602913,10.737314,9.152699,7.2819757,11.067844,9.710486,17.613953,16.570251,20.542067,22.458593,25.52126,27.13461,23.60573,22.241276,23.345526,21.720776,17.213562,18.033464,16.727922,16.696447,20.1034,19.756845,18.069994,21.395166,20.389763,16.533598,20.969734,23.69668,19.712376,18.842968,24.026186,23.393637,20.62586,22.774548,27.83784,24.783344,23.387608,27.37762,30.112312,26.657555,27.348337,24.543087,23.757736,24.428455,22.386702,22.058737,25.395245,23.808224,29.293608,27.33778,32.753246,33.980297,32.659515,37.895348,34.84988,32.253487,30.163061,25.978094,23.012623,18.953424,16.917532,15.361204,12.583497,10.849102,10.043275,15.075186,12.932075,15.249812,16.947311,15.590065,16.219439,18.25023,19.269587,24.60286,23.786186,28.590372,27.44125,23.940596,24.141869,29.063334,31.904177,30.526,27.074001,27.868874,22.034386,21.91854,18.413376,18.684763
22,9.99063,10.218029,12.802722,9.970064,10.333404,15.746509,13.936972,20.844795,20.452898,25.080042,26.893711,31.447414,30.320354,28.622375,25.533882,21.835833,19.304188,16.454023,14.151857,9.326692,7.640041,4.7622576,0.0,4.609335,8.196416,8.760181,6.289507,8.529364,7.0565276,7.5636735,11.230289,12.505169,19.773499,20.036745,23.436874,25.960426,28.68224,29.8807,26.072084,24.301632,24.727007,22.340658,17.55313,17.268337,15.859487,14.367969,17.533892,16.219168,13.759999,17.470213,17.177246,12.830822,16.755756,20.130194,16.586193,14.902242,20.38713,20.525295,17.812847,19.421915,24.735363,22.552969,20.921034,24.69717,27.868624,25.170778,25.9556,23.020037,23.216541,23.866053,22.624851,21.429482,25.018963,22.989502,28.51568,26.320257,31.402523,32.96745,30.922232,36.21523,32.905533,30.80646,29.00032,24.883108,21.991655,18.766563,15.753041,15.309735,12.840176,10.640427,9.193879,14.816772,10.979372,11.757797,13.752696,13.4280615,13.903584,16.91801,18.042795,24.027737,23.57311,28.237108,27.490128,24.681965,24.916706,29.52792,32.16486,30.896042,27.587402,28.31762,22.358152,22.72469,18.848469,20.108322
23,11.858991,13.151031,14.641151,12.061598,13.736722,18.294073,17.518047,24.125982,23.698053,28.397333,29.658401,34.306515,33.296253,31.187672,28.339369,24.44409,21.719053,18.989313,15.761887,12.172567,8.674877,6.390635,4.609335,0.0,5.2283416,4.8956723,5.9963613,5.8989286,8.3412285,6.5861187,12.628919,12.757313,20.556347,20.75333,24.198992,26.865955,29.087263,30.18923,25.94814,23.754738,24.517809,22.328009,16.89201,17.392738,14.733778,14.718854,16.30052,15.779707,13.899417,18.089214,17.635258,14.456481,18.487381,21.771082,19.036491,17.867989,23.196192,23.630167,21.552063,23.0544,28.149479,26.43543,25.159111,28.838087,32.13311,29.644663,30.52669,27.51147,27.80999,28.461632,27.094292,25.84016,29.263248,26.922258,32.45851,29.794931,34.871304,35.773357,33.63814,38.73272,34.960575,32.671963,30.593,26.700909,24.376059,20.991995,18.444948,18.96013,16.857452,15.062885,13.741868,19.205254,15.014282,15.517668,17.840448,17.697079,17.59543,20.63325,21.130228,26.969147,25.829294,30.788923,29.252144,26.534613,27.56933,32.22408,35.014076,34.17437,30.80941,32.12291,26.027262,26.705812,23.049366,24.155804
24,11.9774,14.790353,16.564955,15.452536,17.427765,22.272825,21.769955,28.477608,28.404049,33.03596,34.65441,39.28668,38.068947,36.12924,32.993782,29.330828,26.4056,23.914827,20.235367,16.813637,13.405224,10.31869,8.196416,5.2283416,0.0,5.2011347,7.7399364,9.297164,13.004628,11.697838,17.770174,17.77635,25.734762,25.601517,29.24796,31.699318,33.99908,35.18985,30.892935,28.602896,29.46903,27.254112,21.646238,22.033615,18.960186,18.658838,19.137653,17.995363,15.161037,20.155315,20.641136,17.380583,20.2973,24.462156,22.342173,19.961773,25.573622,26.839977,24.487831,25.236633,30.746965,29.64217,27.559252,30.93503,34.52696,32.397766,32.658794,28.978086,30.076963,31.162659,30.314236,29.287298,33.036198,30.935772,36.431435,34.017475,38.881298,40.209717,37.69789,42.820827,38.94102,36.9999,35.087482,31.279459,28.980768,25.934576,23.018837,23.435728,21.02789,18.589895,16.307154,21.06585,15.784519,16.163372,19.76598,20.823404,21.204748,24.69043,25.526272,31.607182,30.731981,35.57804,34.24501,31.681608,32.59079,37.18903,39.891994,38.90489,35.589874,36.506783,30.518263,30.88382,26.9479,27.943441
25,15.919204,17.774912,19.351145,16.922785,18.519413,23.025389,21.952002,28.571342,27.672937,32.434647,33.17086,37.728546,37.29342,35.002075,32.571598,28.40073,25.978241,22.93528,20.139305,16.555784,13.040744,11.264492,8.760181,4.8956723,5.2011347,0.0,5.7830396,4.8068213,10.382176,9.149098,15.21562,16.068178,23.299623,24.236916,27.25306,30.33815,31.962408,32.692894,28.080713,25.39865,25.895264,23.420452,17.667084,17.941584,14.408872,14.564727,14.196065,13.704728,12.025267,16.62704,16.595673,14.495278,17.904293,21.31439,19.76799,18.66475,23.692343,24.824648,23.423752,24.482622,29.31565,28.565214,27.543095,30.9216,34.48646,32.66259,33.734653,30.733583,31.593418,32.16686,31.142262,29.341656,32.695415,29.888662,35.3433,32.20789,36.969566,37.525284,34.893017,39.75874,35.49763,33.440125,31.386858,27.846802,26.103756,23.269783,20.62127,22.39664,20.783049,19.14005,17.788229,23.282703,18.346958,17.68675,20.080942,20.56404,19.9231,23.350471,23.411964,29.310629,27.915188,32.869156,31.028557,28.904089,30.506834,34.902832,37.63118,37.204323,33.939342,35.642014,29.471598,30.654528,27.025942,28.562391
26,15.142888,16.186888,18.944902,16.136417,16.303791,21.602407,19.040411,25.933855,24.626898,29.336094,30.345007,34.7077,34.60221,32.712048,30.323174,26.156576,24.249887,20.749706,19.44042,14.434037,12.578083,10.602913,6.289507,5.9963613,7.7399364,5.7830396,0.0,5.8750486,7.3512716,9.263705,13.077439,16.026983,22.49958,24.103577,26.8164,30.073437,32.022453,32.64917,28.345522,25.928907,25.7457,22.701565,17.526178,16.395803,14.231215,11.859499,13.307979,11.170702,8.1636505,12.739847,13.273809,9.652904,12.852648,16.740414,14.75437,12.9552765,18.210075,19.495384,17.82334,18.714104,23.690895,23.07356,21.906277,25.19359,28.815239,27.28074,28.492748,25.74602,26.885973,27.305098,26.721054,24.449625,27.889093,25.046549,30.41821,27.489481,32.040096,33.26233,30.360748,35.413193,31.442638,29.800028,28.146555,24.440496,22.266222,20.051783,16.592173,18.364264,16.879776,15.103218,13.814342,19.381573,14.366713,12.669689,14.495403,15.291601,14.719532,18.534706,19.003736,25.237165,24.58806,29.177498,28.241951,26.401852,27.34105,31.495392,33.973484,33.279465,30.168037,31.434456,25.390947,26.657566,22.855078,24.993084
27,17.588127,18.311455,19.736223,16.197815,17.193857,21.244434,19.621801,25.953375,24.42803,29.196804,29.32099,33.78977,33.875298,31.394596,29.501411,25.02532,23.091425,19.653582,17.897715,14.178079,11.118896,10.737314,8.529364,5.8989286,9.297164,4.8068213,5.8750486,0.0,6.694421,5.8220315,11.063861,12.8773155,19.223839,21.041399,23.501703,27.0193,28.300663,28.732922,24.078024,21.31397,21.430279,18.733555,13.055924,13.138121,9.751667,10.183718,10.562413,10.912108,10.712607,14.162216,13.065326,11.626838,16.026224,18.335098,16.571424,16.953278,21.381512,21.831505,21.053967,22.716509,26.902887,25.893215,25.84302,29.345024,32.64817,30.755016,32.509598,30.22773,30.52542,30.622604,29.273518,27.016222,29.94163,26.718504,32.09901,28.538338,33.34177,33.332996,30.903702,35.64427,31.33993,29.014418,26.811642,23.315834,21.79466,18.917128,16.638706,19.179846,18.239986,17.432732,17.101135,22.98913,18.951288,18.01704,19.065126,18.550676,17.13888,20.155033,19.624193,25.218683,23.466087,28.492443,26.36848,24.393435,26.34123,30.620844,33.378365,33.272484,30.04087,32.287773,26.068558,27.806572,24.553408,26.410364
28,16.735073,15.909736,17.85628,13.515282,12.868278,17.051394,13.979663,20.294107,18.296371,23.045544,23.378489,27.762472,27.99993,25.835958,24.00474,19.49902,18.127665,14.201492,14.328843,9.326763,8.638296,9.152699,7.0565276,8.3412285,13.004628,10.382176,7.3512716,6.694421,0.0,5.320412,5.772353,10.268504,15.466138,17.85111,19.986946,23.553513,25.334059,25.795752,21.724224,19.591734,19.135216,16.116499,11.573766,10.36378,9.672746,7.6308255,11.932352,11.467434,11.151779,13.071249,11.3768015,8.363413,13.643348,15.219909,11.825811,12.986953,17.156334,16.530296,15.462216,17.873648,21.828815,19.892157,20.289112,24.017723,26.936317,24.679443,26.85514,25.255938,24.939661,24.645655,23.11665,20.582556,23.31746,20.08628,25.49803,22.13072,27.141382,27.55109,25.456554,30.480503,26.765823,24.379572,22.362173,18.405191,16.089436,13.074582,10.352434,12.533344,11.938272,11.786691,12.574816,18.496908,15.829044,14.952664,14.426466,12.653493,10.982952,13.583591,13.240411,18.99519,17.792469,22.680286,21.345402,19.153402,20.31671,24.621307,27.294258,26.849781,23.62416,25.634634,19.426933,21.287146,18.14324,20.403238
29,15.84369,15.401584,15.987649,11.680613,12.770626,15.889242,14.906729,20.777758,19.568054,24.284672,24.539629,29.170792,28.708282,26.139458,24.06416,19.695494,17.487974,14.348163,12.193347,9.204108,5.8807664,7.2819757,7.5636735,6.5861187,11.697838,9.149098,9.263705,5.8220315,5.320412,0.0,7.0008335,7.156516,14.251524,15.3811035,18.20304,21.4257,23.129387,23.925556,19.585438,17.343971,17.958075,15.877815,10.621859,11.746461,9.590772,11.034217,13.717381,14.71102,14.868885,17.378347,15.367906,13.383635,18.593159,20.138412,17.025942,18.159632,22.471891,21.711014,20.536612,23.019354,27.077969,24.758219,24.97591,28.85209,31.649958,28.87212,30.71606,28.766384,28.015818,27.968191,25.865852,24.182781,26.851816,23.998684,29.418747,26.155529,31.422863,31.283712,29.737305,34.581425,30.82321,27.931932,25.487787,21.665325,19.67389,15.730749,14.29634,15.574734,14.497378,14.292265,14.800692,20.573523,18.09145,18.45759,18.886843,17.028833,15.83043,17.839663,17.349876,22.438759,20.499039,25.700369,23.437155,20.584127,22.27911,26.94316,29.905598,29.570385,26.168304,28.445015,22.265192,23.69367,20.784595,22.063011
30,19.400215,17.474955,18.399038,13.363336,12.310156,14.541058,11.635992,16.646255,14.09757,18.740913,18.289732,22.737268,23.155203,20.623732,19.379515,14.588971,13.7621765,9.612726,11.303963,7.6896777,8.384086,11.067844,11.230289,12.628919,17.770174,15.21562,13.077439,11.063861,5.772353,7.0008335,0.0,6.9392176,9.873135,13.0384865,14.51233,18.331213,19.934605,20.298395,16.536648,14.851567,14.297275,11.666751,8.41237,7.907176,9.162924,8.911854,14.137543,15.048136,16.076797,16.569965,13.665236,11.948097,17.380608,17.270876,13.319136,16.327648,19.313036,17.196373,16.676365,19.999664,22.91301,19.884499,21.465994,25.325336,27.508015,24.627258,27.388828,26.667118,25.134094,24.320868,21.906298,19.510695,21.393713,18.086246,23.268028,19.678337,25.021069,24.531693,23.477634,28.280422,24.968206,21.82207,19.411272,15.370831,13.055304,8.768502,8.038767,9.988622,10.478361,12.079721,14.391731,19.775213,18.988285,18.90163,17.265308,13.850658,11.715496,12.3631,11.112078,15.583607,13.572901,18.754992,16.784748,13.916707,15.436597,19.988132,22.920391,22.739574,19.396324,22.202337,16.056576,18.350853,16.169733,18.150608
31,18.08926,16.215496,15.253782,10.387546,11.389848,11.512631,12.077501,16.06887,15.217356,19.529793,19.473516,24.1799,23.103695,20.190561,18.238918,14.044247,11.606743,9.339968,6.809883,7.4142165,5.677599,9.710486,12.505169,12.757313,17.77635,16.068178,16.026983,12.8773155,10.268504,7.156516,6.9392176,0.0,8.439976,8.231027,11.471629,14.307653,16.385237,17.649797,13.901571,12.660375,14.112393,13.4389305,10.0917015,12.624324,12.285695,14.844925,18.58494,20.336517,21.15793,22.637926,19.823439,18.163113,23.61564,24.049551,20.152945,22.35399,25.961252,23.892342,22.743713,26.006777,29.40151,25.804932,26.699804,30.75703,32.78105,29.123217,31.21699,29.96751,27.835348,27.447561,24.319643,23.377577,25.291952,22.921839,27.99003,25.039265,30.607012,29.878515,29.60942,34.22353,31.161936,27.585281,24.857342,21.057793,18.950504,13.948533,14.45402,14.172355,13.48624,14.616205,16.41409,21.30638,21.03014,22.514946,22.05998,18.773335,17.67238,17.958391,17.198378,20.736952,18.314718,23.442966,20.723066,16.799616,18.41878,23.355192,26.545765,26.174316,22.68904,25.320658,19.56561,20.727304,18.841528,19.172901
32,25.698126,23.043009,22.089329,17.2379,16.758467,14.915854,14.5267725,15.435392,13.026525,16.252056,13.823531,18.018606,18.320492,14.693583,15.018666,10.569772,10.723567,8.695109,11.220795,12.753723,13.621397,17.613953,19.773499,20.556347,25.734762,23.299623,22.49958,19.223839,15.466138,14.251524,9.873135,8.439976,0.0,6.3687925,5.016651,9.658444,10.210695,10.485323,7.4463,7.5348086,7.9820256,8.584542,9.675458,11.944963,14.071963,16.732307,20.971167,23.419706,25.518845,25.261414,21.55998,21.260433,26.557814,25.128172,21.388802,25.476887,27.422867,24.147783,24.223284,28.072672,29.803446,25.800817,28.425432,32.209682,33.403595,29.785515,32.897003,33.055363,30.037354,28.774458,25.175745,23.706043,24.132896,21.407915,25.47662,22.05686,27.286337,25.007315,25.96849,29.796999,27.285254,23.065361,20.093477,16.95332,15.685016,10.7787895,13.976345,14.434287,15.753507,18.57424,21.653095,25.893503,26.943596,27.887598,25.857626,21.508307,19.51771,18.064966,16.0584,16.907389,13.39921,18.048183,14.30471,10.013987,12.783534,17.180288,20.459469,21.011,17.844221,21.967932,17.110132,19.391188,19.267742,19.878242
33,23.564938,20.775383,18.619507,14.511687,15.006394,11.349403,13.732408,13.752361,13.541794,16.358551,15.600824,19.921236,18.010902,14.626346,13.3144045,10.179826,8.1821575,8.786409,7.7496395,12.267226,12.648819,16.570251,20.036745,20.75333,25.601517,24.236916,24.103577,21.041399,17.85111,15.3811035,13.0384865,8.231027,6.3687925,0.0,4.914491,6.124603,9.12608,11.376199,9.619025,10.774747,13.105325,14.570891,14.376214,17.311428,18.334394,21.239534,25.32736,27.516533,28.795097,29.510733,26.237545,24.967836,30.34011,29.855274,25.644459,28.594831,31.402943,28.325848,27.370352,31.10193,33.65624,29.103405,30.675388,34.659492,35.811916,31.493723,33.790775,33.38252,29.967613,29.192612,25.179888,25.092087,25.898752,24.258373,28.427265,26.021465,31.481176,30.026567,31.237036,35.29594,33.14377,29.045612,26.218784,22.885,20.999962,15.850073,18.26011,16.653275,16.654839,18.845402,21.4645,25.026016,26.658504,28.81538,27.645227,23.470945,22.50115,21.197624,20.21236,21.46653,18.759268,23.093588,20.049461,15.306151,16.610182,21.250856,24.468102,24.152655,20.90732,23.868326,19.374922,20.122692,19.873976,19.03728
34,27.955442,25.041796,23.272459,18.95054,18.786345,15.283651,16.415571,15.390298,13.982655,16.074343,13.56374,17.344898,16.679384,12.791543,13.42506,10.230487,10.353123,10.477301,12.153539,15.601349,16.51093,20.542067,23.436874,24.198992,29.24796,27.25306,26.8164,23.501703,19.986946,18.20304,14.51233,11.471629,5.016651,4.914491,0.0,4.9054027,5.606481,6.996572,6.130355,8.438623,10.123993,12.3646145,14.155239,16.848402,18.74678,21.742664,25.822063,28.393637,30.380295,30.25824,26.574825,26.125788,31.40405,29.996578,26.08873,29.993196,31.955505,28.437109,28.259716,32.190212,33.857517,29.375717,31.894447,35.68177,36.509792,32.444305,35.350407,35.64352,32.02997,30.78374,26.740217,26.084332,26.130625,24.113022,27.692377,24.882874,29.99702,27.559752,29.315563,32.826733,30.871609,26.508375,23.589058,20.800402,19.5813,14.862741,18.346138,17.634878,18.681479,21.532143,24.63523,28.209322,30.034796,31.62918,29.720549,25.19637,23.630802,21.72382,20.020914,19.934357,16.64544,20.538427,16.864725,12.308349,14.407367,18.427963,21.609093,22.022657,19.08647,23.010931,19.068914,20.646896,21.223917,20.883562
