,0,1,2,3,4,5,6,7,8,9,10,11,12,13,14,15,16,17,18,19,20,21,22,23,24,25,26,27,28,29,30,31,32,33,34,35,36,37,38,39,40,41,42,43,44,45,46,47,48,49,50,51,52,53,54,55,56,57,58,59,60,61,62,63,64,65,66,67,68,69,70,71,72,73,74,75,76,77,78,79,80,81,82,83,84,85,86,87,88,89,90,91,92,93,94,95,96,97,98,99,100,101,102,103,104,105,106,107,108,109
0,0.0,4.2896695,6.3297377,9.738128,12.123913,14.912077,17.615637,22.121763,24.845345,27.61121,31.69726,29.183222,27.394896,26.31754,21.590015,21.142239,16.387716,15.90766,13.852629,11.500986,14.063228,10.882344,16.587175,18.709322,19.217125,19.916079,22.825222,23.389387,17.608875,21.980701,18.501104,24.435091,22.915457,29.104782,28.866718,31.627579,33.218754,31.450037,31.641438,28.70848,29.398373,22.985668,24.89378,19.237179,23.80334,19.180393,21.22325,21.084064,21.736284,23.443838,22.84727,26.28239,25.763226,30.52176,29.778639,31.66656,29.037226,29.19645,33.327908,33.730034,31.197243,35.72069,32.556774,36.103912,36.509064,37.659477,41.50193,40.373978,41.802734,40.016148,36.137234,32.955307,30.858883,29.53231,25.61804,22.649158,20.57005,20.722885,18.134636,19.807497,15.96839,15.502067,17.235666,17.349688,21.392595,18.91439,25.192984,26.618345,29.44561,32.721653,33.233524,37.03415,38.03238,38.60953,36.585648,38.205837,37.21296,32.375244,34.12004,31.24952,31.08131,31.10433,30.918844,34.545174,34.27001,38.915886,35.11838,39.87215,38.395077,42.37027
1,4.2896695,0.0,5.2969837,6.695179,8.844985,12.514963,14.277439,19.4989,21.542692,24.652344,28.388716,26.080797,24.73402,23.315088,18.877762,17.712461,13.168648,12.0336,10.100712,7.2315073,10.072856,7.6914554,13.3718,15.709432,16.705809,17.408588,19.736801,19.813427,13.5893135,17.785767,14.22488,20.15896,18.954283,25.020771,25.037184,27.810713,29.44691,27.708311,27.597538,24.74599,25.178127,18.8941,20.834427,15.290254,20.066145,15.904737,18.423307,18.7571,19.985798,21.722479,20.931967,24.821072,24.544594,29.021357,27.621038,29.62066,26.518255,26.986269,30.997192,30.878675,28.134272,32.66523,29.381525,32.75413,33.446884,34.14368,38.06676,36.749546,38.366753,36.289845,32.31239,29.428938,27.277134,26.400112,22.645365,19.573217,18.076488,18.5619,16.493607,18.676567,15.007527,13.515402,14.83957,14.345097,18.153015,15.404638,21.528585,22.83674,25.467796,28.749754,29.074684,32.887203,33.91437,34.358578,32.3091,33.933334,32.952744,28.137018,29.951534,27.192749,27.111464,27.42758,27.509598,31.033075,30.514635,35.2198,31.153889,35.88753,34.33529,38.26332
2,6.3297377,5.2969837,0.0,5.242773,6.7562375,8.998374,11.963134,15.928869,19.035507,21.48776,25.824947,23.396387,21.474583,20.789238,16.011353,15.981484,11.878969,11.556745,11.593413,9.7584305,13.720462,12.555185,17.947395,20.204515,20.890732,20.78451,22.46697,22.30291,15.973425,19.809496,15.522564,21.870872,19.262852,25.61439,24.487448,27.6351,28.606503,26.443224,27.089636,23.886992,25.449734,18.65995,21.044243,16.059164,20.692665,17.196598,18.93421,19.738867,20.467014,21.25403,19.711416,23.145267,21.809877,26.64424,25.645359,28.12984,25.764065,26.655201,31.030712,31.004845,28.341862,32.017815,28.345976,31.650427,31.379686,32.652332,36.34682,35.158134,36.150124,34.647396,31.01909,27.44034,25.77236,23.758759,20.408335,17.047827,15.240087,16.124798,13.9957,16.419662,13.374162,11.966592,15.166062,14.064214,17.433271,14.294739,20.726997,21.495562,24.695087,27.80382,28.906424,32.607327,33.779335,34.864693,33.04329,35.27207,34.32161,29.876995,31.111118,29.282707,28.14853,28.835722,28.854185,31.90186,31.444365,35.452477,31.452171,36.040714,34.216225,38.142113
3,9.738128,6.695179,5.242773,0.0,3.8694549,6.145836,8.770312,13.325415,15.5095215,18.831663,22.330578,19.594564,18.115583,16.698397,12.1864195,11.413212,6.87697,6.7993026,6.8224125,6.6123033,10.84265,11.331217,16.098795,18.814308,20.530973,20.832172,21.751728,20.720654,13.669179,16.552305,11.723139,17.599947,14.151151,20.58582,19.502447,22.508776,23.717463,21.83983,22.513258,19.514788,21.197287,14.856523,17.957264,13.774787,18.826712,16.596048,19.063272,20.550497,22.032291,22.841393,21.02095,24.910746,23.715672,28.123608,26.238295,28.968967,26.020302,27.419357,31.542896,30.688303,27.701283,31.2129,27.236645,30.076088,30.024754,30.414574,34.18287,32.462116,33.450916,31.38237,27.724766,24.619848,23.310043,21.670506,19.296156,15.371302,15.069289,16.857433,15.7180395,18.774694,16.191053,13.552639,16.13156,13.9799795,16.528357,12.51111,18.530348,18.222889,21.125364,23.929873,24.762194,28.370836,29.061432,30.334785,28.708435,30.730816,30.417595,26.096512,27.746151,26.256556,25.51673,26.959942,27.555391,30.342844,29.337217,33.376064,28.673689,33.12743,30.909185,34.613964
4,12.123913,8.844985,6.7562375,3.8694549,0.0,5.2961,5.5029173,10.904229,12.811537,15.81721,19.65901,17.635645,16.490204,15.380537,11.238329,9.9673,7.220219,5.4941754,8.422971,7.1667924,11.40007,12.704174,16.705605,18.964708,20.212967,19.801746,20.033989,18.818863,12.153461,14.845274,10.056455,16.316624,13.464858,19.579039,18.298819,21.688309,22.362034,20.008633,20.43076,17.171642,18.913124,12.095737,14.96248,11.017532,15.782135,14.1115265,16.2098,18.117922,19.60847,19.992739,17.849052,21.7507,20.530905,24.71336,22.589405,25.441858,22.543413,24.211311,28.349253,27.35782,24.384645,27.561337,23.48961,26.32552,26.178135,26.728497,30.480715,28.928337,30.003418,28.139341,24.463263,21.1551,19.668274,18.035707,15.427432,11.563987,11.341962,13.340866,12.670996,15.979675,13.949172,10.764235,13.624244,10.9068575,12.978004,8.83293,14.93446,14.914996,18.049637,21.066961,22.223316,25.886953,27.184874,28.351006,26.621437,29.162651,28.292948,24.182673,25.224133,24.205856,22.698301,24.210049,24.745237,27.255022,26.330421,30.04078,25.530512,29.959574,27.819695,31.631449
5,14.912077,12.514963,8.998374,6.145836,5.2961,0.0,5.9643703,7.642165,11.0364685,13.755592,17.594007,14.586336,12.507698,11.933953,7.124122,8.169596,5.9031334,7.390479,10.5158,11.518524,15.660566,17.124084,21.276997,23.828892,25.40919,25.084307,25.113808,23.611647,16.924473,18.765175,13.662699,19.018185,13.872911,20.024677,17.362095,20.745806,20.955084,18.584574,20.336517,17.06742,20.33973,14.108109,17.816738,15.269106,19.702839,18.972784,20.716566,22.868382,24.107397,23.91625,21.26818,24.651981,22.415567,26.70688,24.81954,28.148108,25.858656,27.94326,32.16866,31.023996,28.091026,30.362692,25.899809,28.27458,27.10666,27.721895,31.136517,29.328484,29.462063,27.901258,24.801569,21.08032,20.739374,17.75918,16.836233,12.40455,12.927306,15.722202,15.3795,18.748661,17.414183,14.543083,18.281471,15.307787,16.5258,12.09928,17.441294,15.715293,19.0959,21.34556,23.119503,26.386787,27.094309,29.240343,28.041569,30.72137,30.652693,27.040125,28.030933,27.876236,26.064505,28.195808,28.93875,30.947779,29.805262,32.86939,28.085949,32.133453,29.45443,32.947918
6,17.615637,14.277439,11.963134,8.770312,5.5029173,5.9643703,0.0,6.6878915,7.453735,10.553282,14.242013,12.78572,12.26881,11.338451,8.347656,6.468811,7.3872614,5.4694614,10.948994,10.804848,14.2982,16.88255,19.711601,21.721233,23.05565,22.19018,21.209848,19.253345,13.314532,14.384253,9.762414,14.981695,11.464653,16.810545,14.658881,18.414331,18.246674,15.392566,16.067244,12.562897,15.294769,8.644133,12.082193,10.438516,14.316798,14.874352,16.533476,19.257633,20.909151,20.537964,17.771904,21.454397,19.885372,23.413204,20.648062,23.929295,21.14975,23.582436,27.494669,25.812597,22.77562,24.871742,20.36355,22.59101,21.953835,22.142397,25.747976,23.946405,24.700392,22.872324,19.418108,15.931848,15.052474,13.034351,11.844657,7.4234824,9.272016,12.395065,13.1674795,16.745132,16.016981,12.299714,15.153683,11.476981,11.513966,6.8961425,11.564363,10.031841,13.468159,16.173065,17.955942,21.414204,22.972095,24.56801,23.10065,26.247839,25.439993,22.030008,22.462404,22.75695,20.369223,22.724644,23.618162,25.285955,24.039429,26.93582,22.157707,26.215565,23.667898,27.30638
7,22.121763,19.4989,15.928869,13.325415,10.904229,7.642165,6.6878915,0.0,5.389142,6.4234715,10.78927,8.628325,6.7807155,7.928692,5.8113475,7.5612283,10.373087,11.019653,16.016726,17.034428,20.655241,23.1374,26.233816,28.369041,29.724478,28.697582,27.51205,25.45484,19.896217,20.362762,15.921517,19.998472,14.707858,19.256746,15.278541,18.990515,17.637642,14.448664,16.945356,13.5652685,18.250488,13.058668,16.642157,16.57556,19.558455,20.907845,21.843283,24.710503,25.887901,24.69763,21.374285,24.13416,21.297743,24.685284,22.363491,26.169619,24.47019,27.365057,31.30171,29.573881,26.792393,27.429235,22.605083,24.126987,21.834108,22.422476,25.32627,23.428255,22.693727,21.732515,19.37972,15.098302,16.032291,11.710783,13.290161,9.011354,11.436434,15.104799,16.283308,19.655447,19.92822,16.774714,20.58769,16.953318,16.148088,12.2090225,15.173197,11.7741375,15.343433,16.774168,19.69579,22.383284,23.559559,26.359266,25.590786,29.128149,28.950167,26.414495,26.364357,27.857376,24.7857,27.641705,28.591991,29.493528,28.185333,29.905855,25.25405,28.59408,25.534027,28.674139
8,24.845345,21.542692,19.035507,15.5095215,12.811537,11.0364685,7.453735,5.389142,0.0,4.83856,6.8587704,6.002206,7.1277514,6.6499233,7.4830513,6.235999,11.188733,10.769069,16.113997,17.302752,20.087523,23.464449,25.429195,27.358065,29.009197,28.02146,26.063063,23.413624,18.502657,17.68065,13.960835,16.546259,11.812151,15.018722,11.096008,14.921638,13.18374,9.672942,11.716874,8.345109,13.388988,9.510597,13.170791,14.921994,17.226692,20.042074,21.26307,24.493662,26.206911,25.162056,21.979668,25.04644,23.005184,25.555796,22.292404,25.93303,23.590282,26.774387,30.181286,27.675179,24.740599,25.13073,20.286423,21.1532,19.51793,18.80946,21.836843,19.355103,19.029541,17.182297,14.60732,11.095425,12.414017,9.442464,12.3345375,8.530336,12.657061,16.317516,18.242561,21.652868,22.044468,18.363167,21.011492,17.048746,15.219679,11.523725,12.461963,7.463375,10.495996,11.495385,14.430734,17.00403,18.311926,21.074522,20.42171,24.130322,24.084118,22.03464,21.875221,24.05973,21.019474,24.519835,25.941517,26.379387,24.615908,26.126928,20.99417,24.039951,20.672855,23.606493
9,27.61121,24.652344,21.48776,18.831663,15.81721,13.755592,10.553282,6.4234715,4.83856,0.0,5.8666363,7.2207637,7.8702,9.54042,10.667588,10.864945,15.392043,14.984393,20.498283,21.158075,24.160456,27.260128,29.370184,31.04191,32.15957,30.645319,28.495848,26.073656,21.87345,21.261307,17.932423,20.672396,16.600468,19.227903,15.121719,18.753677,16.213278,12.465282,14.654049,11.582633,16.534117,13.013222,15.649295,17.686058,19.082205,22.08715,22.441418,25.711565,26.95026,25.205402,21.699495,23.98497,21.323805,23.45932,20.51334,24.388243,22.96785,26.399435,29.782774,27.458725,24.885752,24.14931,19.272125,19.83692,16.88956,17.109394,19.561853,17.576275,16.350666,15.835952,14.127016,9.49456,11.68117,6.6714416,11.175932,8.419254,12.260338,15.848505,18.175276,21.245808,22.513823,19.241713,22.362942,18.553661,16.181492,13.4025755,13.462198,9.09429,12.177103,12.786112,16.58889,18.651455,20.645163,23.511219,22.985048,27.19636,26.596882,25.078043,24.024248,26.808195,22.80663,26.109566,27.22482,27.13136,25.707645,26.221138,21.888023,24.473515,21.270329,24.06249
10,31.69726,28.388716,25.824947,22.330578,19.65901,17.594007,14.242013,10.78927,6.8587704,5.8666363,0.0,5.2698636,8.509152,9.085,12.611454,12.060788,17.458292,17.280611,22.375235,23.8238,26.177938,29.899048,31.256502,32.9726,34.63437,33.443817,30.817463,27.853294,24.00171,22.189547,19.449247,20.309608,16.042778,16.77656,12.29062,15.294046,11.887325,8.283889,11.121156,9.180907,14.71509,13.867615,16.558228,20.116781,21.114225,25.168758,25.949228,29.389202,31.063585,29.549866,26.234695,28.695694,26.514257,28.06432,24.56999,28.2218,26.376743,29.968792,32.80563,29.759438,27.113031,25.971478,21.26825,20.777554,18.299892,16.739761,18.774855,15.773938,14.065505,12.487863,11.573232,8.72627,12.396664,9.435635,15.143821,12.946767,17.388514,20.874918,23.404545,26.512728,27.640862,24.081266,26.465973,22.514671,19.71469,17.023457,15.61469,9.80036,11.140265,9.815094,13.676779,14.744054,16.025581,19.64799,19.83357,23.955027,24.305065,23.703938,22.791119,26.46761,22.910526,26.983568,28.667234,28.02739,26.017763,26.072168,21.187939,22.948025,19.117216,21.071728
11,29.183222,26.080797,23.396387,19.594564,17.635645,14.586336,12.78572,8.628325,6.002206,7.2207637,5.2698636,0.0,4.060198,4.0877934,8.348347,8.968496,14.027967,15.098685,19.586502,21.917387,24.559572,28.060482,30.0201,32.221905,34.33585,33.6572,31.654171,28.774193,23.768385,22.390902,18.746456,20.065464,13.901254,15.840996,10.560765,13.562597,10.871572,7.8925376,12.169748,10.074458,16.069292,14.3495655,18.137396,20.556522,22.76382,25.909006,27.226202,30.481344,32.19958,31.054256,27.77647,30.57358,28.12294,30.5158,27.37958,31.133911,29.09912,32.44214,35.68861,32.93842,30.074364,29.807259,24.985226,25.095724,22.841228,21.586351,23.903017,20.90675,19.319904,17.510334,16.207594,13.456846,16.339598,13.041505,17.589426,14.196864,18.231758,21.950232,23.85184,27.212957,27.714035,24.165665,26.9947,23.038652,21.147438,17.510473,17.879515,12.084783,13.943119,13.130325,16.155739,17.592844,17.510986,21.567108,21.82895,25.23723,26.486662,25.213923,25.296635,28.153439,25.453434,29.441399,31.151447,31.1745,29.103271,30.025072,24.689095,26.950424,23.056662,25.12431
12,27.394896,24.73402,21.474583,18.115583,16.490204,12.507698,12.26881,6.7807155,7.1277514,7.8702,8.509152,4.060198,0.0,3.9658425,6.287757,9.064342,13.0477495,14.937383,19.192059,21.597061,24.758902,27.740004,30.443388,32.83971,34.8459,34.201366,32.698936,30.145292,24.585396,23.985195,19.748953,22.10838,15.368103,18.542395,13.328666,16.340702,14.246402,11.600034,15.795126,13.35487,19.15838,16.188185,20.185638,21.523632,24.26991,26.560806,27.789793,30.847387,32.278324,31.083834,27.723543,30.375845,27.442059,30.367836,27.791727,31.672394,29.979137,33.159836,36.77146,34.487804,31.662994,31.628115,26.738394,27.321354,24.667095,24.25531,26.596207,23.98325,22.203737,20.987854,19.633228,16.182255,18.69788,14.483784,18.326252,14.516488,17.79601,21.53151,22.986513,26.324015,26.70045,23.457716,26.940382,23.138689,21.840452,17.92363,19.51887,14.388897,16.932615,16.737236,19.752457,21.48511,21.39135,25.353336,25.441765,28.72283,29.865007,28.133732,28.35823,30.700981,27.994864,31.624134,33.066544,33.443085,31.62964,32.798306,27.656618,30.243116,26.533245,28.855194
13,26.31754,23.315088,20.789238,16.698397,15.380537,11.933953,11.338451,7.928692,6.6499233,9.54042,9.085,4.0877934,3.9658425,0.0,5.0254645,6.3332295,10.684444,12.657264,16.4781,19.395742,22.149937,25.440535,27.773165,30.285566,32.702564,32.432976,30.92505,28.160986,22.411419,21.42984,17.232605,18.97249,11.744031,14.914958,9.739764,12.728392,11.250434,9.030173,13.167419,10.945987,16.559135,14.077713,18.428516,19.858784,22.910183,25.291922,27.05438,30.103065,31.902044,31.15471,28.042793,31.1741,28.794233,31.741905,28.772375,32.47124,30.142408,33.216007,36.69451,34.16198,31.137794,31.675459,26.852518,27.458853,25.65363,24.515728,27.19231,24.228212,23.10702,20.979239,19.130264,16.465979,18.588812,15.545734,18.913687,14.884055,18.465492,22.163351,23.545675,27.041487,26.945665,23.409254,26.319681,22.464342,21.322361,17.138268,18.756168,13.395354,15.489931,15.295595,17.613708,19.499514,18.841925,22.721485,22.807951,25.664442,27.281565,25.378325,26.181131,28.24644,26.240112,30.04135,31.73919,32.320255,30.242453,31.92084,26.31523,29.039759,25.236986,27.537022
14,21.590015,18.877762,16.011353,12.1864195,11.238329,7.124122,8.347656,5.8113475,7.4830513,10.667588,12.611454,8.348347,6.287757,5.0254645,0.0,4.8437777,6.9516206,9.661653,13.271106,15.971072,19.314066,21.960052,25.102705,27.762848,29.985964,29.78819,28.935791,26.62587,20.252256,20.36913,15.527086,18.829107,11.732126,16.726547,12.539598,15.747553,15.26026,13.062281,16.20243,13.384795,18.16737,13.837239,18.267796,18.073526,21.874067,23.032722,24.864246,27.593365,29.185705,28.651613,25.66132,28.907946,26.448172,30.035128,27.524342,31.164898,28.862349,31.579914,35.429993,33.453552,30.417076,31.681858,26.901342,28.271446,26.623669,26.268637,29.294588,26.784378,26.117043,24.25537,21.832956,18.559185,19.694225,16.402851,18.133493,13.631649,16.191395,19.714455,20.442923,23.94706,23.377779,20.07983,23.406778,19.81334,19.590868,15.070943,18.361324,14.253004,17.091516,18.020721,20.11971,22.680328,22.493618,25.701828,25.24892,27.973972,29.026365,26.310602,27.321886,28.431087,26.56483,29.757912,31.104494,32.31222,30.576406,32.892677,27.506533,30.853903,27.450396,30.29184
15,21.142239,17.712461,15.981484,11.413212,9.9673,8.169596,6.468811,7.5612283,6.235999,10.864945,12.060788,8.968496,9.064342,6.3332295,4.8437777,0.0,5.5170145,6.3769054,10.645138,13.154289,15.875947,19.225903,21.51523,24.014301,26.425676,26.317394,25.094406,22.47691,16.29833,15.804305,11.191668,14.013871,7.3392267,12.541065,9.241889,12.785995,12.847335,10.651089,12.543238,9.640726,13.678791,9.42529,14.038626,14.25674,18.035866,19.698116,21.946167,24.795874,26.83546,26.65518,23.939108,27.63079,25.992088,29.209454,26.086342,29.453117,26.460417,29.140448,32.687874,30.34586,27.154383,28.859032,24.22872,25.568848,24.89231,23.829765,27.19658,24.506691,24.71123,22.102484,19.075182,16.540728,17.02756,15.22112,16.42688,12.098428,15.23414,18.602812,19.616404,23.194532,22.423851,18.684116,21.020414,17.285166,16.80887,12.288827,15.061384,10.993992,13.392605,14.701245,16.146132,19.062494,19.106428,21.689627,20.940256,23.566126,24.429216,21.528297,22.776058,23.707401,22.222834,25.552172,27.132004,28.406763,26.461187,29.169672,23.503044,27.00996,23.698553,26.66162
16,16.387716,13.168648,11.878969,6.87697,7.220219,5.9031334,7.3872614,10.373087,11.188733,15.392043,17.458292,14.027967,13.0477495,10.684444,6.9516206,5.5170145,0.0,4.517403,6.3600874,9.614185,12.817603,15.31034,18.600365,21.519073,24.11635,24.559628,24.351288,22.268751,15.226386,16.034761,10.894776,14.963832,8.786875,15.206613,13.209311,16.118486,17.270296,15.726694,17.142914,14.459036,17.221588,12.157782,16.437302,14.566326,19.31594,19.274303,21.948492,24.22415,26.17383,26.574734,24.262465,28.17883,26.701637,30.560059,27.923542,31.054832,27.929396,30.0527,33.863407,32.076645,28.87042,31.542934,27.145365,29.127382,28.812696,28.206379,31.793036,29.370876,29.888231,27.330835,24.015284,21.40018,21.145662,19.449913,19.144043,14.719493,16.45562,19.298899,19.33643,22.808392,21.115358,17.741924,20.121778,16.964312,17.91222,13.257362,17.740522,15.206915,17.698566,19.590805,20.450207,23.648176,23.48256,25.557251,24.504204,26.474686,27.306435,23.62581,25.52337,25.17163,24.502506,27.137001,28.439741,30.494127,28.80649,32.322628,26.819283,30.77824,27.84371,31.052752
17,15.90766,12.0336,11.556745,6.7993026,5.4941754,7.390479,5.4694614,11.019653,10.769069,14.984393,17.280611,15.098685,14.937383,12.657264,9.661653,6.3769054,4.517403,0.0,5.728213,6.823623,9.877166,12.974828,15.597625,18.121485,20.407045,20.529255,19.980345,17.829622,10.920661,11.863066,6.6558847,11.752017,7.9874787,14.163513,13.277856,16.47007,17.58213,15.687712,15.809184,12.928572,14.497904,8.602906,12.421403,10.070795,14.902964,14.918062,17.749878,20.113209,22.309021,22.881958,20.780573,24.95772,24.139172,27.678406,24.708975,27.572489,24.04756,26.072996,29.720747,27.853804,24.610424,27.662525,23.474842,25.6662,26.024673,25.34502,29.161629,26.959469,28.191347,25.495735,21.732887,19.344799,18.238733,17.542568,16.239973,12.232276,13.9193125,16.428087,16.677929,20.114574,18.401215,14.701764,16.299437,13.048392,13.937895,9.4483,13.967539,12.516901,14.909076,17.507639,18.065508,21.639956,22.32768,23.563128,22.021858,24.223219,24.133411,20.164183,21.823944,21.146004,20.349384,22.730412,23.967287,26.165503,24.578953,28.379583,23.059647,27.276407,24.719795,28.222042
18,13.852629,10.100712,11.593413,6.8224125,8.422971,10.5158,10.948994,16.016726,16.113997,20.498283,22.375235,19.586502,19.192059,16.4781,13.271106,10.645138,6.3600874,5.728213,0.0,5.140504,7.172045,9.645278,12.708578,15.918374,19.057674,20.33307,20.77202,18.964815,11.739105,13.173605,8.705069,12.759882,9.508515,15.600247,15.873653,18.140718,20.362623,19.392426,19.351776,17.142656,17.79284,13.070702,16.40699,13.211159,18.315786,17.159925,20.60917,22.302055,24.622152,25.969414,24.46619,28.81822,28.379385,32.169926,29.412342,31.943607,28.128637,29.634136,33.17567,31.522692,28.27133,32.111042,28.261858,30.598406,31.463448,30.553421,34.45532,32.138477,33.576435,30.518774,26.671972,24.7903,23.54034,23.251272,21.613636,17.785835,18.865294,20.861284,20.424475,23.583132,21.017178,17.806309,18.723795,16.32348,18.185825,14.165232,18.810575,17.798872,19.624403,22.054163,21.796675,25.277542,25.165451,26.090033,24.547764,25.685698,26.243647,21.825418,24.525547,22.711317,23.392382,25.37323,26.63625,29.400805,27.777044,32.274654,26.870535,31.16385,28.765608,32.12542
19,11.500986,7.2315073,9.7584305,6.6123033,7.1667924,11.518524,10.804848,17.034428,17.302752,21.158075,23.8238,21.917387,21.597061,19.395742,15.971072,13.154289,9.614185,6.823623,5.140504,0.0,4.3517013,6.207627,9.765597,12.463428,14.727496,15.575386,16.382812,15.167936,7.9902115,11.144836,7.303249,12.943331,12.534222,18.159521,18.906664,21.548637,23.398712,21.893053,21.087,18.567814,18.316298,12.67744,14.808515,10.032021,15.162792,12.713763,16.183853,17.500746,19.785095,21.461014,20.380733,24.829617,24.98537,28.711092,26.114485,28.251335,24.323578,25.3982,28.959082,27.736801,24.61559,29.03059,25.569223,28.412918,29.716969,29.316809,33.35303,31.562847,33.533,30.768614,26.628874,24.563036,22.427643,22.61546,19.575457,16.40211,16.512747,17.719099,16.945225,19.781746,16.879072,13.841828,14.043279,12.219711,14.863247,11.607643,16.747961,17.488142,19.473194,22.632607,22.402378,26.193787,27.106098,27.274786,25.213911,26.705359,25.955727,21.187038,23.350311,20.847765,21.200796,22.30623,23.089367,26.289639,25.149237,29.961775,25.2253,29.844017,28.068201,31.814089
20,14.063228,10.072856,13.720462,10.84265,11.40007,15.660566,14.2982,20.655241,20.087523,24.160456,26.177938,24.559572,24.758902,22.149937,19.314066,15.875947,12.817603,9.877166,7.172045,4.3517013,0.0,4.7226305,5.804728,8.782608,12.02479,13.766657,14.610288,13.2776165,6.8134685,9.484694,7.4986258,11.407551,13.188539,17.77134,19.776945,21.893026,24.252995,23.208157,21.611528,19.64521,18.13088,13.742721,15.123616,10.677507,15.2449,12.902133,16.872559,17.897728,20.609451,22.83997,22.296665,26.891302,27.756668,31.060152,28.141869,29.872992,25.4424,26.246517,29.302797,27.840488,24.707487,29.636106,26.602974,29.309692,31.421646,30.443935,34.554325,32.662285,35.140423,31.917797,27.610292,26.322752,23.88791,25.086079,21.977629,19.272314,19.65639,20.565718,19.96861,22.550041,19.556593,16.611048,15.431699,14.087794,16.513325,13.9871025,18.04097,19.140722,20.357574,23.472015,22.436865,26.165161,26.942804,26.39825,24.151735,24.977736,24.205832,19.181398,21.962029,18.595446,20.175264,21.040007,22.025185,25.471281,24.181002,29.50139,24.74972,29.326948,27.833075,31.444681
21,10.882344,7.6914554,12.555185,11.331217,12.704174,17.124084,16.88255,23.1374,23.464449,27.260128,29.899048,28.060482,27.740004,25.440535,21.960052,19.225903,15.31034,12.974828,9.645278,6.207627,4.7226305,0.0,5.818283,8.580668,10.998271,13.170374,15.524854,15.357224,9.794901,13.561064,11.766345,16.079412,17.470547,22.381931,24.112143,26.2711,28.63004,27.489313,26.173698,24.01458,22.729565,17.854286,19.00654,13.7141485,18.130808,14.267164,17.879045,18.070992,20.308298,22.931026,22.830828,27.235357,28.188608,31.84219,29.543167,31.025934,26.878597,27.130978,30.352364,29.615652,26.721046,32.029453,29.247473,32.3596,34.363632,33.97867,38.09221,36.50441,38.948383,36.03783,31.724443,30.037926,27.416836,28.213516,24.450289,21.852188,21.286083,21.650639,20.303108,22.439558,18.8502,16.74177,15.583836,15.266727,18.6267,16.483091,21.258123,22.951687,24.524418,27.814302,26.993582,30.77328,31.640966,31.094124,28.787113,29.55341,28.542295,23.431229,26.040627,22.20896,23.733496,23.840101,24.300222,28.148832,27.318964,32.775307,28.53397,33.23289,32.013115,35.76159
22,16.587175,13.3718,17.947395,16.098795,16.705605,21.276997,19.711601,26.233816,25.429195,29.370184,31.256502,30.0201,30.443388,27.773165,25.102705,21.51523,18.600365,15.597625,12.708578,9.765597,5.804728,5.818283,0.0,3.5693665,7.8787713,11.073801,12.818717,12.352866,8.836734,11.360754,11.871941,14.072513,18.004034,21.450056,24.42242,26.123632,28.756577,27.962465,25.663515,24.099552,21.41524,18.009775,18.189295,13.75565,17.12891,14.047497,18.00195,18.139505,20.956009,23.947046,24.29268,28.821682,30.578754,33.505634,30.632027,31.681068,26.94329,27.052887,29.520824,28.296988,25.41842,31.097471,28.841377,31.65693,34.611732,33.49168,37.626575,35.96026,39.02659,35.640373,31.192026,30.442722,27.484987,29.51899,25.804522,23.79925,23.78877,23.997982,23.213266,25.208128,21.951984,19.596416,16.997614,16.810205,19.437016,18.075222,21.359196,23.434578,24.115871,27.329737,25.686806,29.313826,30.272057,28.809153,26.27551,26.439825,25.117336,19.93451,22.96606,18.296398,21.090225,20.926594,21.668282,25.602076,24.584108,30.452095,26.321613,30.844584,30.02765,33.570984
23,18.709322,15.709432,20.204515,18.814308,18.964708,23.828892,21.721233,28.369041,27.358065,31.04191,32.9726,32.221905,32.83971,30.285566,27.762848,24.014301,21.519073,18.121485,15.918374,12.463428,8.782608,8.580668,3.5693665,0.0,4.8796988,8.51307,10.435398,10.605994,9.4053,11.850935,13.58012,15.37593,20.491957,23.390759,26.644152,28.373892,30.845541,29.93168,27.183302,25.697893,22.419348,19.317915,18.625433,14.27548,16.691511,13.362682,17.075485,16.779854,19.65266,22.938974,23.77252,28.18495,30.523314,33.050243,30.157888,30.764011,25.892801,25.626774,27.682283,26.591496,23.921873,29.939154,28.206182,31.09223,34.531525,33.445126,37.55068,36.15532,39.60154,36.27575,31.76707,31.245604,27.893185,30.455385,26.302101,24.886444,24.647285,24.404444,23.681454,25.303606,22.15485,20.061453,16.588747,16.990444,19.510038,19.001415,21.663519,24.510666,24.951408,28.319324,26.518734,30.114882,31.539011,29.532585,26.768517,26.946484,24.855677,19.721724,22.412504,17.201347,20.1887,19.276686,19.747696,23.899115,23.171808,29.215797,25.675222,30.157188,29.848738,33.423717
24,19.217125,16.705809,20.890732,20.530973,20.212967,25.40919,23.05565,29.724478,29.009197,32.15957,34.63437,34.33585,34.8459,32.702564,29.985964,26.425676,24.11635,20.407045,19.057674,14.727496,12.02479,10.998271,7.8787713,4.8796988,0.0,4.3044486,7.8158145,9.7605915,10.681884,13.899841,15.8764715,18.463997,23.81645,26.846725,29.779335,31.870525,33.92295,32.57859,29.731289,27.965569,24.668842,21.039518,19.587402,14.7892685,16.28855,11.866831,14.807612,13.635216,16.200094,19.846241,21.331638,25.435583,28.343855,30.597418,28.072775,28.152481,23.460857,22.56653,24.447077,24.033213,21.750034,28.111893,26.939096,30.185747,33.786877,33.309143,37.343086,36.49046,40.150394,37.27578,32.759487,31.966337,28.162207,30.801796,25.845856,25.111378,24.12871,23.150383,22.2103,23.197739,20.090586,18.663599,14.411202,15.884018,18.674803,19.201067,21.736727,25.649426,26.293293,29.979713,28.504295,32.17409,34.310642,32.09287,29.120955,29.809372,26.730474,21.763172,23.511744,18.236988,20.32955,18.320866,17.98959,22.457453,22.451359,28.419695,25.858232,30.399559,30.650267,34.44042
25,19.916079,17.408588,20.78451,20.832172,19.801746,25.084307,22.19018,28.697582,28.02146,30.645319,33.443817,33.6572,34.201366,32.432976,29.78819,26.317394,24.559628,20.529255,20.33307,15.575386,13.766657,13.170374,11.073801,8.51307,4.3044486,0.0,4.8705387,8.025565,10.428193,13.8581085,15.940697,19.078922,24.51449,27.54209,30.073095,32.514618,34.06583,32.30574,29.401974,27.40402,24.213846,20.214924,18.144693,13.33315,13.901099,9.010936,11.178691,9.612391,12.175928,15.864535,17.638159,21.565907,24.847725,26.753014,24.309357,24.113482,19.505737,18.373425,20.247225,20.142073,18.04585,24.480965,23.592688,27.053858,30.675314,30.648998,34.590954,34.146008,37.899696,35.43389,30.977993,29.95839,25.86538,28.57771,23.150812,23.045166,21.685015,20.239813,19.434925,20.056273,17.342451,16.134766,11.259512,13.287648,15.911232,17.338829,19.468542,24.14325,24.929762,28.814735,27.719896,31.415743,34.194496,31.94953,28.869608,30.209259,26.376625,21.657427,22.456362,17.635078,18.488388,15.892387,14.972819,19.50778,20.004795,25.703695,23.806082,28.376934,28.942125,32.907043
26,22.825222,19.736801,22.46697,21.751728,20.033989,25.113808,21.209848,27.51205,26.063063,28.495848,30.817463,31.654171,32.698936,30.92505,28.935791,25.094406,24.351288,19.980345,20.77202,16.382812,14.610288,15.524854,12.818717,10.435398,7.8158145,4.8705387,0.0,3.8990982,9.326072,11.358127,14.509572,16.734753,23.025574,25.203169,27.882854,30.304817,31.540882,29.712553,26.352566,24.578176,20.87984,17.666328,14.754245,11.181192,10.244313,7.1837173,9.270185,8.807114,12.04082,15.076163,16.504904,20.4933,23.951895,25.170893,22.009682,21.797888,16.722857,16.077955,17.473164,16.427034,14.097528,20.509644,19.775623,22.923742,27.04143,26.546944,30.441004,30.00051,34.053787,31.47917,27.054865,26.525265,22.271011,25.755127,20.620409,21.040197,20.34472,19.10012,19.154428,20.006172,18.13208,16.24713,11.147224,12.300502,13.582667,15.625005,16.227495,21.16752,21.446812,25.263119,24.020647,27.568277,30.769575,28.188646,25.015497,26.65268,22.22228,17.809807,18.001078,13.423566,13.824648,11.025475,10.276394,14.783243,15.152486,20.925919,19.136019,23.61915,24.414196,28.335361
27,23.389387,19.813427,22.30291,20.720654,18.818863,23.611647,19.253345,25.45484,23.413624,26.073656,27.853294,28.774193,30.145292,28.160986,26.62587,22.47691,22.268751,17.829622,18.964815,15.167936,13.2776165,15.357224,12.352866,10.605994,9.7605915,8.025565,3.8990982,0.0,7.310205,7.9029665,11.773927,13.158847,19.892523,21.56368,24.42551,26.729818,27.954609,26.254837,22.679838,21.11899,17.111845,14.516614,11.478344,8.886405,7.804673,7.016431,9.863776,10.746239,14.224866,16.609262,17.260878,21.47736,24.460928,25.649433,21.93263,22.21858,16.913908,17.125488,18.558517,16.523321,13.712826,19.632526,18.371716,21.086456,25.264658,24.094526,28.068645,27.216116,31.269697,28.327707,23.857176,23.711767,19.64467,23.479946,19.044617,19.213718,19.38002,18.79271,19.375597,20.804993,19.21615,16.589058,12.126316,11.983191,12.389647,13.919064,13.798713,18.208193,18.103888,21.781878,20.28582,23.812267,26.913591,24.30942,21.149958,22.83074,18.551315,14.036165,14.440999,9.989852,10.642157,8.927881,9.315934,13.378325,12.900925,18.848423,16.12905,20.68531,21.115967,24.981007
28,17.608875,13.5893135,15.973425,13.669179,12.153461,16.924473,13.314532,19.896217,18.502657,21.87345,24.00171,23.768385,24.585396,22.411419,20.252256,16.29833,15.226386,10.920661,11.739105,7.9902115,6.8134685,9.794901,8.836734,9.4053,10.681884,10.428193,9.326072,7.310205,0.0,5.014412,5.517252,9.766332,14.182393,17.621311,19.708567,22.294535,23.804651,22.108889,19.589575,17.469955,14.995294,10.426026,9.864829,4.9735265,8.634591,6.917806,11.019743,12.609235,15.761524,17.756884,17.301575,21.945951,23.509558,26.000237,22.588139,24.010715,19.226217,20.149363,22.902132,21.1202,17.951971,22.98877,20.264902,23.062443,25.783178,24.85084,28.99079,27.529497,30.604898,27.601635,23.126347,22.03914,18.803358,21.05645,17.211683,15.66118,16.077908,16.494257,16.647413,19.009027,16.7979,13.493613,10.997861,9.430146,10.974556,9.895081,12.545285,15.289801,16.215244,19.87631,18.93686,22.809446,24.933147,23.678349,20.975128,22.713596,20.269512,15.352036,16.88469,13.666039,14.052872,14.528017,15.372014,18.771158,17.703915,23.020405,18.802616,23.553461,22.618507,26.534681
29,21.980701,17.785767,19.809496,16.552305,14.845274,18.765175,14.384253,20.362762,17.68065,21.261307,22.189547,22.390902,23.985195,21.42984,20.36913,15.804305,16.034761,11.863066,13.173605,11.144836,9.484694,13.561064,11.360754,11.850935,13.899841,13.8581085,11.358127,7.9029665,5.014412,0.0,5.2121773,5.51868,12.12379,13.878432,16.804893,18.995857,20.55419,19.21338,15.902763,14.461665,10.792867,8.410884,7.40762,6.325805,8.34467,10.05761,13.708085,15.868638,19.208649,20.783604,20.052599,24.566216,26.095455,27.987936,23.936985,25.45322,20.444536,21.89481,24.048418,21.293692,17.986725,22.397686,19.627705,21.607344,24.75677,22.705093,26.790262,24.852808,28.160593,24.541552,20.063768,20.016289,17.05147,20.266483,17.62768,16.239056,17.943405,18.91331,19.856617,22.408466,20.833794,17.201876,14.859793,12.654419,12.483172,11.375245,11.743276,13.466201,13.250716,16.508154,14.789117,18.514763,20.548845,18.864107,16.102922,17.719515,15.41464,10.48662,12.539641,9.7780695,10.920279,12.730544,14.577152,17.200447,15.290775,20.51596,15.494944,19.980694,18.768877,22.401482
30,18.501104,14.22488,15.522564,11.723139,10.056455,13.662699,9.762414,15.921517,13.960835,17.932423,19.449247,18.746456,19.748953,17.232605,15.527086,11.191668,10.894776,6.6558847,8.705069,7.303249,7.4986258,11.766345,11.871941,13.58012,15.8764715,15.940697,14.509572,11.773927,5.517252,5.2121773,0.0,6.6524887,8.808892,12.8397665,14.325349,17.071272,18.537487,16.904371,14.896698,12.659005,11.252057,6.2814674,8.108272,5.670367,10.122938,10.875124,14.411461,16.78468,19.695097,20.86809,19.4769,24.006119,24.549583,27.230307,23.579601,25.753246,21.31063,23.066467,26.024235,23.690458,20.338964,24.198105,20.648882,22.822468,24.731068,23.291481,27.357924,25.263239,27.701859,24.420717,20.120531,18.969168,16.694983,18.304768,16.051466,13.447852,15.219331,16.86247,17.531652,20.562155,18.831404,14.977694,14.267057,11.346669,11.761036,8.803972,11.419507,11.799325,12.8644285,16.066917,15.37487,19.224686,20.682585,20.368345,18.136995,20.10139,18.938202,14.429883,16.312044,14.721898,14.706994,16.857218,18.362514,20.826933,19.083193,23.648077,18.372644,22.835873,20.907393,24.571026
31,24.435091,20.15896,21.870872,17.599947,16.316624,19.018185,14.981695,19.998472,16.546259,20.672396,20.309608,20.065464,22.10838,18.97249,18.829107,14.013871,14.963832,11.752017,12.759882,12.943331,11.407551,16.079412,14.072513,15.37593,18.463997,19.078922,16.734753,13.158847,9.766332,5.51868,6.6524887,0.0,8.367091,8.635431,12.457127,14.001249,16.090813,15.52829,12.135219,11.554223,7.818129,8.193974,9.11664,10.443897,12.597298,15.295103,18.779085,21.20272,24.45814,25.710615,24.52027,28.944332,29.85965,31.814072,27.577137,29.51825,24.719254,26.633757,28.725456,25.506557,22.168749,25.650417,22.482487,23.654945,26.353786,23.426624,27.30616,24.609173,27.444868,23.20339,19.02456,19.658682,17.81542,20.785803,19.863787,17.806656,20.561949,22.336035,23.537682,26.470901,25.058851,21.179394,19.747051,16.985596,16.304806,14.157464,14.034944,13.262805,12.331016,14.476704,12.099314,15.482196,16.241905,15.038561,12.793339,13.811617,13.564211,9.1551075,12.522818,11.291947,13.166153,16.356062,18.796347,20.573427,17.976158,22.49406,16.525702,20.32058,18.172977,21.148981
32,22.915457,18.954283,19.262852,14.151151,13.464858,13.872911,11.464653,14.707858,11.812151,16.600468,16.042778,13.901254,15.368103,11.744031,11.732126,7.3392267,8.786875,7.9874787,9.508515,12.534222,13.188539,17.470547,18.004034,20.491957,23.81645,24.51449,23.025574,19.892523,14.182393,12.12379,8.808892,8.367091,0.0,6.524056,6.702591,9.01633,11.219255,10.74285,10.344361,9.034491,10.237744,8.797553,12.883677,13.758629,17.359901,19.482069,22.641281,25.323738,28.058138,28.692772,26.65242,30.859093,30.344965,33.109657,29.36339,32.172897,28.205763,30.598438,33.516888,30.628777,27.259083,29.780096,25.669733,26.738338,27.609074,25.22888,28.824724,25.715385,26.968393,23.132145,19.647932,19.016665,18.833174,19.371508,20.0616,16.514286,19.762585,22.56661,23.597971,27.037573,25.72089,21.778168,22.411627,18.985142,18.553118,14.652442,16.221655,12.751968,13.244953,14.368711,13.70967,16.651464,15.793635,17.384962,16.482515,17.889193,19.64383,16.44535,19.081335,19.335882,19.709799,23.300577,25.455738,26.930832,24.455172,27.968668,21.733374,25.180056,21.9737,24.629969
33,29.104782,25.020771,25.61439,20.58582,19.579039,20.024677,16.810545,19.256746,15.018722,19.227903,16.77656,15.840996,18.542395,14.914958,16.726547,12.541065,15.206613,14.163513,15.600247,18.159521,17.77134,22.381931,21.450056,23.390759,26.846725,27.54209,25.203169,21.56368,17.621311,13.878432,12.8397665,8.635431,6.524056,0.0,5.601534,5.5646377,8.350432,9.417775,7.1629143,8.424331,7.8593125,11.270431,14.056872,17.085861,19.202541,22.750422,25.788513,28.64182,31.64328,32.217308,30.290537,34.39182,34.271244,36.265545,31.981058,34.575306,30.381403,32.96888,35.180443,31.57421,28.288458,30.24248,26.484035,26.62168,28.076437,24.427284,27.689566,24.088324,25.629238,20.979359,17.86668,19.019333,19.261442,21.109121,22.783875,20.069893,23.958876,26.69579,28.284946,31.603434,30.685171,26.620955,26.530888,23.107925,21.750616,18.697796,18.07759,14.127804,12.762813,12.466856,10.349081,12.291803,10.2327,11.607819,11.324627,12.075442,15.3253765,13.423079,16.38621,17.76914,18.785786,23.080778,25.800018,26.495773,23.469677,26.450773,19.926622,22.440468,18.9629,20.724497
34,28.866718,25.037184,24.487448,19.502447,18.298819,17.362095,14.658881,15.278541,11.096008,15.121719,12.29062,10.560765,13.328666,9.739764,12.539598,9.241889,13.209311,13.277856,15.873653,18.906664,19.776945,24.112143,24.42242,26.644152,29.779335,30.073095,27.882854,24.42551,19.708567,16.804893,14.325349,12.457127,6.702591,5.601534,0.0,3.9169986,4.5352364,4.8206477,6.100153,6.314512,9.790435,11.360501,15.149251,18.14473,20.561024,24.07578,26.653849,29.739822,32.36811,32.374714,29.91104,33.69261,32.73658,34.95814,30.97028,34.04804,30.496553,33.42782,36.06984,32.66857,29.435396,30.61158,26.333548,26.39051,26.584255,23.481758,26.475092,22.812641,23.242607,19.181187,16.645132,16.728518,18.059856,18.33793,21.14459,17.945889,22.12901,25.357798,27.056208,30.527252,29.997684,25.971802,26.98674,23.210808,21.661377,18.070358,17.874846,12.5932045,12.228237,11.335226,11.21054,12.884011,10.853193,14.224866,14.503455,16.416027,19.257856,17.744493,19.606728,21.750835,21.328318,25.725615,28.171383,28.609995,25.809519,28.0398,21.660503,24.05814,20.135523,21.91777
35,31.627579,27.810713,27.6351,22.508776,21.688309,20.745806,18.414331,18.990515,14.921638,18.753677,15.294046,13.562597,16.340702,12.728392,15.747553,12.785995,16.118486,16.47007,18.140718,21.548637,21.893026,26.2711,26.123632,28.373892,31.870525,32.514618,30.304817,26.729818,22.294535,18.995857,17.071272,14.001249,9.01633,5.5646377,3.9169986,0.0,4.2844715,7.1181016,7.8792243,9.512135,11.727011,14.689707,18.102287,21.257883,23.535213,27.135132,29.912613,32.925335,35.700993,35.888542,33.557316,37.405693,36.591038,38.717598,34.61824,37.593723,33.886368,36.76953,39.193127,35.594067,32.366444,33.566647,29.478918,29.253344,29.71181,26.127012,28.921135,25.033964,25.451332,21.056898,18.894407,19.76885,21.245789,21.908232,24.88313,21.818884,26.007488,29.1833,30.853382,34.314873,33.65812,29.622759,30.366423,26.689432,25.185886,21.718437,21.268446,16.122215,15.151002,13.68296,12.734526,13.553797,9.927595,13.551454,14.465374,15.332409,19.47504,18.472845,20.866096,23.030762,23.38793,27.906958,30.572367,30.91042,27.890463,30.104027,23.63279,25.592709,21.623451,22.794165
36,33.218754,29.44691,28.606503,23.717463,22.362034,20.955084,18.246674,17.637642,13.18374,16.213278,11.887325,10.871572,14.246402,11.250434,15.26026,12.847335,17.270296,17.58213,20.362623,23.398712,24.252995,28.63004,28.756577,30.845541,33.92295,34.06583,31.540882,27.954609,23.804651,20.55419,18.537487,16.090813,11.219255,8.350432,4.5352364,4.2844715,0.0,3.8513284,6.3722544,8.079119,11.779897,14.779831,18.053967,21.88533,23.654968,27.770462,30.059483,33.291748,35.867054,35.580826,32.961826,36.470016,35.334087,37.176277,33.08945,36.233963,32.9432,36.111652,38.51375,34.835476,31.743824,32.126114,27.90407,27.290499,27.119791,23.547253,25.985348,22.016396,21.83621,17.686396,16.120016,16.90759,19.15886,19.377447,23.297873,20.496214,24.983547,28.314854,30.324102,33.745102,33.608135,29.591381,30.700882,26.839518,24.791468,21.510124,20.400452,14.629564,13.668279,11.389578,11.534284,11.788611,8.617149,13.304297,14.545776,16.520195,20.02169,19.66142,21.043983,24.1431,23.420904,28.128613,30.709194,30.543188,27.596704,28.99438,22.744764,24.29975,20.070995,21.039345
