,0,1,2,3,4,5,6,7,8,9,10,11,12,13,14,15,16,17,18,19,20,21,22,23,24,25,26,27,28,29,30,31,32,33,34,35,36,37,38,39,40,41,42,43,44,45,46,47,48,49,50,51,52,53,54,55,56,57,58,59,60,61,62,63,64,65,66,67,68,69,70,71,72,73,74,75,76,77,78,79,80,81,82,83,84,85,86,87,88,89,90,91,92,93,94,95,96,97,98,99,100,101,102,103,104,105,106,107
0,0.0,4.280557,6.3208857,9.551422,11.943998,14.227711,17.495846,21.036415,24.41457,26.703825,30.796776,31.104445,29.403908,28.50138,23.72382,23.369183,18.426193,18.162212,15.393539,13.637479,14.341919,10.573681,16.013231,13.387242,17.650005,16.6012,21.250654,20.855843,17.528416,19.33912,19.056067,20.680307,25.830843,23.19515,27.826145,28.961933,31.392645,31.666039,27.412796,23.935179,28.368355,25.313456,25.22446,23.85427,25.656242,23.501287,26.833546,27.78426,30.572603,33.296814,33.167053,37.47591,38.212368,40.233337,36.812775,39.582996,35.031223,35.776382,37.522507,39.33498,35.82755,38.98138,35.301006,36.030155,35.286415,34.25103,36.4961,33.37056,32.866753,29.795671,28.90518,27.375322,28.875603,28.667337,32.963066,31.566664,36.23341,36.323364,39.07785,41.958267,40.757446,36.904366,35.78386,32.663998,31.513924,27.936409,27.47678,22.927048,21.435492,21.638659,20.379257,15.617301,19.144659,22.177582,21.806387,25.785591,26.742968,30.7606,31.212425,35.864826,40.452427,36.540066,33.627747,30.98893,26.863937,24.690804,20.845446,19.000954
1,4.280557,0.0,5.262837,6.568249,8.591884,12.027095,14.225602,18.74291,21.443645,24.166763,27.766514,28.482653,27.251001,26.03795,21.557487,20.484589,15.817922,14.764617,12.287927,9.652436,10.503879,6.738786,12.590589,10.915873,14.646856,13.482681,17.628857,17.007324,13.255778,15.269304,14.961577,17.055254,22.470423,20.5155,24.855776,26.474045,28.877764,28.72079,24.57168,20.918127,24.852688,21.47956,21.27869,19.633373,21.562122,19.32984,22.698225,23.886728,26.621065,29.27222,28.994995,33.32141,34.036457,35.97345,32.542225,35.33741,30.816317,31.652824,33.463657,35.17425,31.691587,34.76079,31.055191,31.880487,31.220795,30.333773,32.664673,29.722116,29.36949,26.461184,25.353258,23.451351,24.994503,24.47077,28.93405,27.474981,32.200695,32.401363,35.173534,38.13234,37.064114,33.160496,32.330063,29.028027,27.76451,24.137533,23.677639,18.890911,17.664995,17.880838,17.209421,12.77575,16.713253,19.465656,19.419544,23.145697,23.585718,27.59738,27.882055,32.497036,37.175056,33.594013,30.709478,28.46175,24.072266,22.47508,18.346994,17.267914
2,6.3208857,5.262837,0.0,5.232865,6.717182,8.266323,11.77974,14.775133,18.377518,20.427744,24.7425,25.023014,23.341042,22.691805,17.914646,17.840942,13.306685,13.161292,11.88992,10.425161,12.967821,10.587471,16.708569,15.90845,19.340006,17.722557,21.440899,20.588789,15.2018,17.325321,15.501566,18.151722,21.66936,19.760212,23.964994,25.053778,28.147814,28.338144,24.586628,21.48962,25.04303,22.72405,21.577099,20.815594,24.056047,21.854376,25.240318,27.166811,29.750824,32.142536,31.30126,35.625233,35.872543,37.4428,33.95791,36.45481,31.644258,32.53747,33.723965,35.28789,31.62272,34.935566,31.61535,32.12241,32.26345,30.653547,33.363987,30.147818,30.613941,26.992802,25.262632,24.072504,24.713196,25.056055,28.360878,27.006092,31.42967,31.296047,34.075184,36.73117,35.515686,31.77141,30.121239,27.235363,26.14562,22.776777,22.387106,18.717613,17.23028,18.4364,18.171648,13.189472,15.782763,18.577745,16.87586,20.78514,21.40241,25.550367,25.518671,30.290348,34.823742,30.796124,27.744555,25.438108,20.965479,18.919678,15.211234,13.201791
3,9.551422,6.568249,5.232865,0.0,3.7659066,6.071436,8.801981,12.984183,15.515863,18.530827,21.839779,22.20506,20.977009,19.540522,15.141067,13.99163,9.26164,8.633863,6.746441,5.7151937,8.632866,7.953296,13.609594,14.259633,17.414625,16.644835,19.129951,17.43365,11.518908,12.760775,10.808769,12.9887295,16.658953,14.917028,19.038465,20.504766,23.397013,23.316187,19.560768,16.386358,19.831837,17.614544,16.574732,16.314308,19.77792,18.128891,21.798769,23.94633,26.169128,28.578564,27.538546,31.932423,32.50304,33.611565,29.7736,31.962025,27.052792,27.687029,28.87167,30.773956,27.180725,30.947172,27.858986,28.898653,29.569565,28.391085,31.368862,28.644756,29.435545,26.2481,23.995049,21.935532,22.419407,21.738169,25.133669,23.145624,27.624834,27.30836,29.916992,32.761875,31.32968,27.516113,26.4427,23.3628,22.685379,18.836077,19.496891,15.805037,15.342264,16.933619,18.040453,13.936289,16.896347,19.088594,17.49489,20.837395,20.210484,24.4152,23.41087,28.283157,32.983097,29.55779,26.384836,25.1896,19.898853,19.064903,15.1816635,14.220513
4,11.943998,8.591884,6.717182,3.7659066,0.0,5.291325,5.6431813,10.775021,12.8867,15.839044,19.183088,20.144424,19.357265,18.143858,14.068326,12.60404,9.016672,7.148503,7.926181,5.52147,9.578113,9.322273,14.583994,15.83601,17.949121,16.372341,18.457352,17.011654,10.181196,12.410873,9.405229,13.3304825,16.13141,15.785857,19.15463,20.982882,24.183056,23.679813,20.406256,17.374744,19.6077,17.32122,15.423104,14.770606,18.972513,16.887287,20.24611,22.907776,25.146898,27.23187,25.861849,30.146564,30.22815,31.369333,27.791424,30.106627,25.22593,26.251852,27.2589,28.639414,24.948088,28.32659,25.203815,25.865831,26.667576,25.115683,28.188848,25.34431,26.49846,23.054508,20.543755,18.806103,18.98134,18.902466,21.925224,20.331888,24.759989,24.63612,27.432178,30.16112,29.075464,25.268738,23.931767,20.802834,19.651129,16.151682,16.07181,12.578919,11.856814,13.839316,15.344757,11.49955,13.899222,15.796772,14.033715,17.190369,16.457157,20.655416,19.862474,24.684855,29.381865,25.94012,22.842007,21.583584,16.35595,15.702187,11.687609,11.388708
5,14.227711,12.027095,8.266323,6.071436,5.291325,0.0,5.959092,7.236441,10.7857275,13.118252,17.079859,16.903236,15.272447,14.428277,9.733446,9.848601,5.9982576,6.9483747,8.352798,9.209002,13.15544,13.654424,18.844318,20.156403,22.804293,21.59436,23.49787,21.674534,14.639398,15.852801,12.196162,14.97285,15.353594,14.332473,17.66318,18.525011,22.32472,22.501453,19.637413,17.47812,19.761599,19.10426,16.746206,17.720646,22.576246,21.081781,24.508183,27.431505,29.36177,31.349844,29.636957,33.868385,33.87244,34.425373,30.614449,32.324245,27.21442,27.914837,28.218256,29.848646,26.134035,30.145008,27.708347,28.39383,30.174353,28.241426,31.65501,28.82865,30.655256,26.88566,23.831099,22.52265,21.776758,22.015692,23.691711,21.795624,25.689114,24.89398,27.427113,29.83848,28.227964,24.6903,22.592035,20.119482,19.80185,16.398897,17.434393,15.67991,15.251505,18.025219,19.86135,15.903801,17.198658,18.96073,15.474564,18.475286,17.510693,21.72078,19.886726,24.886555,29.362549,25.640472,22.249819,21.546926,15.903116,15.171161,12.143933,10.642281
6,17.495846,14.225602,11.77974,8.801981,5.6431813,5.959092,0.0,6.745751,7.4214554,10.707255,13.604986,15.009003,14.876502,13.711459,10.511076,8.524517,7.4931836,4.852754,9.421078,8.30406,12.598678,13.869475,18.00763,20.33123,21.559093,19.869406,20.710098,18.994673,11.4456215,13.3778515,8.804153,13.586877,13.556393,14.978595,17.019154,18.978407,22.645874,21.811855,19.524181,17.27072,17.73109,16.53026,13.253691,13.532672,19.06835,17.26693,20.214727,23.691057,25.469025,27.024347,24.931162,28.968767,28.531176,29.042957,25.520342,27.396254,22.419624,23.619625,23.901955,24.875359,21.096264,24.57981,22.054665,22.50316,24.487906,22.439116,25.982468,23.344666,25.602375,21.965776,18.493462,17.057045,15.95171,16.356424,17.786097,16.181084,20.171028,19.775024,22.582897,25.058311,24.033,20.360476,18.511253,15.569914,14.463773,11.275579,11.537129,10.009855,9.986246,13.283288,16.22242,13.541335,14.39922,15.283964,12.3354435,14.472254,12.491162,16.64008,14.738441,19.683968,24.348827,21.11592,17.87623,17.684439,11.7873125,12.392557,9.04283,9.919228
7,21.036415,18.74291,14.775133,12.984183,10.775021,7.236441,6.745751,0.0,5.288258,6.0068517,10.818223,10.619055,9.267784,9.5888195,6.0856194,7.491314,8.297641,9.044609,13.389886,14.279642,18.49182,19.753874,24.278255,26.339315,28.0927,26.39775,27.455233,25.668589,18.129955,19.49776,14.7914295,18.361809,15.554039,16.56892,18.049677,18.709558,23.123468,23.046795,21.566467,20.439878,20.63728,21.231943,17.540428,19.241396,25.140862,23.715471,26.544735,30.21255,31.77993,33.145115,30.724749,34.554756,33.79241,33.7608,30.279552,31.509735,26.502346,27.474037,26.801283,27.71005,24.025257,27.825943,26.20381,26.320663,29.287577,26.574139,30.338318,27.606531,30.60119,26.475037,22.60908,22.18893,20.02655,21.375246,20.814886,19.364336,22.255714,21.089455,23.532106,25.288155,23.822912,20.761345,17.37441,15.762574,15.588988,13.41256,14.415976,15.41794,15.201641,18.90336,21.597519,18.612682,18.11462,18.882935,13.888725,15.626286,13.856052,17.612915,14.667124,19.53296,23.611975,19.79544,16.265411,16.629057,10.715213,10.976636,9.81136,9.060372
8,24.41457,21.443645,18.377518,15.515863,12.8867,10.7857275,7.4214554,5.288258,0.0,4.6252956,6.386346,7.7998443,8.693445,7.9021463,7.196481,5.81048,9.475448,8.724264,14.147916,14.808044,18.706806,20.872215,24.325514,27.252728,28.181082,26.67577,26.62298,24.602983,17.242332,18.229998,13.307535,17.07183,12.944692,15.875646,15.970393,17.35802,21.54379,20.719324,20.005573,19.219746,17.791069,18.755476,14.440608,16.522282,22.763752,21.692345,24.122831,28.128962,29.260683,30.244158,27.44132,30.993107,30.077478,29.538967,26.107405,26.992777,22.105614,23.171125,22.128168,22.737654,19.118773,22.963,21.821602,22.072662,25.819195,23.256855,27.23387,25.056795,28.565226,24.891306,20.55237,19.73187,16.97865,17.889643,16.381409,14.660177,17.168688,15.834939,18.255436,20.028585,18.689695,15.584167,12.31442,10.491685,10.501736,8.545967,10.535066,12.99724,13.839206,17.782885,21.529366,19.738752,19.20167,19.15951,14.900966,15.425964,12.074543,15.3582535,11.021573,15.825198,20.020664,17.161116,13.6854315,15.755585,9.454348,11.968637,11.097784,12.321798
9,26.703825,24.166763,20.427744,18.530827,15.839044,13.118252,10.707255,6.0068517,4.6252956,0.0,6.090931,6.8757315,7.294022,8.722051,8.56373,9.508034,12.936517,12.94222,18.130566,18.737743,22.84618,24.540789,28.43818,31.021975,32.0379,30.09246,30.410631,28.703188,21.262838,22.671434,17.727064,21.637188,17.194572,19.805502,19.79461,20.564806,24.985361,24.480568,24.078854,23.569845,22.130302,23.363853,18.98881,20.896814,27.15519,25.829487,28.037704,32.128384,33.353577,34.16729,31.266144,34.62247,33.2466,32.73207,29.68842,30.516233,25.853386,27.08269,25.674725,25.793135,22.323925,25.633673,24.786577,24.396433,28.27974,25.079905,28.995047,26.553865,30.417202,26.29911,21.93488,22.157032,18.944265,21.048384,18.519533,17.641474,19.36151,17.993132,20.27356,21.335123,20.24283,17.775871,13.312423,12.696333,12.508446,12.073159,12.779331,16.150372,16.27114,20.246317,23.527435,21.613348,20.08346,19.907328,14.642998,14.757635,12.053152,14.794343,10.629553,14.986495,18.56164,14.990298,11.460582,13.516441,7.94555,10.081003,10.92797,11.6192
10,30.796776,27.766514,24.7425,21.839779,19.183088,17.079859,13.604986,10.818223,6.386346,6.090931,0.0,4.7613826,8.334325,8.171191,10.879589,9.937775,14.962884,14.3888,19.727797,20.59072,24.1619,26.750204,29.56252,32.931026,33.35287,31.87513,31.08098,29.011335,22.089592,22.7261,17.992058,21.297974,15.372924,19.464916,17.91308,19.088112,23.070816,21.955639,22.59518,22.733936,19.701002,21.750998,17.117844,19.73247,25.971678,25.314556,27.1224,31.394512,32.018944,32.440624,29.17531,32.123318,30.746723,29.408903,26.370203,26.470667,22.09777,23.170958,21.086582,20.988638,17.85213,21.39908,21.544718,21.515636,26.472898,23.689138,27.76585,26.173025,30.492928,27.08941,22.376886,21.973654,18.278076,19.45705,15.633477,14.236305,14.844535,12.839439,14.673618,15.484645,14.23166,12.093893,7.260799,7.4426003,8.534677,9.099062,11.591476,16.341578,17.66595,21.578083,25.768442,24.855038,23.631443,22.861431,18.611948,17.771969,13.691186,15.462895,9.496681,13.022126,16.332827,14.569429,11.486273,15.876221,10.79758,14.620932,15.308979,17.064701
11,31.104445,28.482653,25.023014,22.20506,20.144424,16.903236,15.009003,10.619055,7.7998443,6.8757315,4.7613826,0.0,4.170168,4.648487,8.513835,9.294741,14.244478,15.124257,19.805984,21.759403,25.311779,27.952589,31.12104,34.288353,35.388397,34.25832,33.818935,31.468275,24.396126,24.52542,19.85574,22.154606,15.458753,18.433344,16.969265,17.065338,21.35365,21.018002,21.83165,22.536297,20.192427,23.151937,18.879185,22.319773,28.492182,28.151728,30.395102,34.498127,35.12479,35.8275,32.68894,35.82751,34.83756,33.34316,29.936556,29.71994,25.172064,25.70361,23.454384,24.113451,21.10801,25.34472,25.656357,26.001682,30.934261,28.305357,32.391544,30.700901,34.839226,31.303574,26.67807,26.136,22.695099,23.50434,20.175476,18.267786,18.929682,16.466124,17.738516,18.403479,16.219334,14.485171,9.841064,10.762893,12.936441,12.532019,15.910715,19.92527,21.144009,25.113842,29.05328,27.429888,26.438782,26.130587,21.312393,21.089249,17.569748,19.677088,14.020184,17.489363,20.407299,18.3404,15.208578,19.12215,13.986096,16.85217,17.60191,18.257359
12,29.403908,27.251001,23.341042,20.977009,19.357265,15.272447,14.876502,9.267784,8.693445,7.294022,8.334325,4.170168,0.0,4.010919,6.2504478,9.205966,13.058962,15.035459,19.100304,21.555061,25.226118,27.519413,31.264349,33.9811,35.68999,34.60188,34.776333,32.424587,25.155794,25.302217,20.666489,22.641638,16.42773,18.006098,17.443357,16.781017,21.362057,21.741528,22.054247,22.70292,21.517376,24.454807,20.524588,24.00468,30.101963,29.65653,32.271862,36.196365,37.067375,38.08012,35.164337,38.577614,37.79459,36.577816,32.975048,32.95454,28.184214,28.561907,26.596458,27.66663,24.53067,28.975191,28.9088,29.304579,33.81521,31.133316,35.179436,33.13714,36.981632,33.158085,28.722368,28.264538,25.146824,26.056805,23.45217,21.490744,22.68554,20.33035,21.691088,22.512356,20.141426,18.28135,13.942536,14.4905615,16.42084,15.333051,18.46882,21.65716,22.449017,26.40633,29.874008,27.533602,26.663118,26.833063,21.560328,22.020008,19.225248,21.801687,16.797628,20.62709,23.623993,20.830046,17.533379,20.421087,15.209134,16.974426,17.630716,17.255882
13,28.50138,26.03795,22.691805,19.540522,18.143858,14.428277,13.711459,9.5888195,7.9021463,8.722051,8.171191,4.648487,4.010919,0.0,5.0805016,6.3172812,10.804509,12.701313,16.526379,19.376604,22.675919,25.468042,28.686308,31.73943,33.37147,32.75012,32.51163,29.85192,22.871601,22.41253,18.013292,19.304811,12.586547,14.42919,13.480226,13.0552025,17.57943,17.768955,18.176083,18.999506,17.607729,20.887922,17.132933,21.11142,27.03955,27.007113,29.72712,33.543327,34.211002,35.300697,32.433357,35.89404,35.50063,34.088905,30.18508,29.981792,25.125765,25.205507,23.323366,24.887308,21.78298,26.743008,26.712685,27.65209,32.217373,30.05585,34.135704,32.40112,36.05696,32.634468,28.194597,27.014362,24.157385,24.121088,22.011303,19.379015,20.82842,18.311049,19.54772,20.826633,18.067389,15.858536,12.466512,12.453421,14.986353,13.087792,17.376844,20.133514,21.499067,25.353718,29.17211,27.023502,26.79511,26.977722,22.341848,22.90759,19.599604,22.380735,17.061817,21.086298,24.45967,22.225798,18.899338,22.063566,16.286438,18.531733,18.361092,18.414438
14,23.72382,21.557487,17.914646,15.141067,14.068326,9.733446,10.511076,6.0856194,7.196481,8.56373,10.879589,8.513835,6.2504478,5.0805016,0.0,4.914678,6.989038,9.815072,13.133947,16.033606,19.58801,21.791506,25.724876,28.203642,30.352999,29.610521,30.134624,27.652723,20.462564,20.386591,16.01524,17.573061,12.766479,13.071575,13.996418,13.644568,18.284399,18.813465,17.912416,17.846678,18.060583,20.284548,16.912014,20.230972,26.004318,25.547215,28.636992,32.204525,33.309517,34.76938,32.262566,36.080547,35.852783,35.089546,31.097689,31.533924,26.433117,26.660683,25.521292,27.254341,23.83408,28.652803,27.767378,28.63593,32.345665,30.16077,34.10719,31.90692,35.02959,31.34793,27.263288,26.10006,23.831795,23.96659,23.095913,20.626076,23.057009,21.075771,22.836983,24.552767,22.120056,19.354023,16.305717,15.298052,16.819101,14.139045,17.505878,18.899103,19.67751,23.376186,26.587992,23.719568,23.835258,24.571472,19.8807,21.324636,18.805914,22.253689,17.98139,22.600311,26.433437,23.390974,19.861238,21.616798,15.589385,16.697884,15.802781,15.037224
15,23.369183,20.484589,17.840942,13.99163,12.60404,9.848601,8.524517,7.491314,5.81048,9.508034,9.937775,9.294741,9.205966,6.3172812,4.914678,0.0,5.454077,6.4538383,10.561775,13.133124,16.389853,19.280891,22.380486,25.490986,27.065012,26.596762,26.394867,23.69124,16.72651,16.250736,11.862467,13.470059,8.42514,10.312106,10.719259,11.78982,16.044477,15.659473,14.687786,14.287004,13.69005,15.643639,12.044144,15.568592,21.384335,21.186197,24.202553,27.811579,28.705978,30.099636,27.548779,31.348671,31.324102,30.453417,26.322067,26.76947,21.626915,21.844608,20.945868,22.822392,19.356314,24.355955,23.367332,24.641207,28.360447,26.664814,30.612427,28.790873,31.80316,28.62127,24.505804,22.62329,20.559937,19.793713,19.397524,16.430231,19.23027,17.39093,19.262428,21.477953,19.152712,15.90398,13.94677,11.992103,13.529967,10.042941,14.295163,15.332523,16.858524,20.431166,24.215889,22.011694,22.652895,23.105003,19.406939,20.571465,17.31988,20.760002,16.285442,20.934034,25.116606,22.763557,19.34277,21.518429,15.17126,17.180784,15.54911,15.958324
16,18.426193,15.817922,13.306685,9.26164,9.016672,5.9982576,7.4931836,8.297641,9.475448,12.936517,14.962884,14.244478,13.058962,10.804509,6.989038,5.454077,0.0,4.5215273,6.1567073,9.625137,12.814081,15.184378,18.980865,21.42669,23.836971,23.634888,24.276102,21.606087,14.813264,14.312271,10.588286,11.55347,9.861,8.809954,11.74509,12.604397,16.46809,16.63734,14.144956,12.693543,14.567111,15.293954,12.902793,15.610119,20.678877,20.26311,23.800528,26.86043,28.162891,30.077953,28.096674,32.251896,32.67966,32.42271,28.140589,29.111343,23.894077,24.005466,23.94683,26.226568,22.7035,27.595007,25.841042,27.259584,29.952335,28.541475,32.227493,30.08121,32.297173,29.089169,25.546595,23.411964,22.291035,21.270012,22.483875,19.59486,23.175438,21.789871,23.849932,26.381344,24.153006,20.682844,19.238256,16.856766,17.730299,13.744877,16.985933,16.042543,17.00791,20.057554,23.047342,19.998508,21.516624,22.698036,19.427044,21.592205,19.268059,23.212612,19.879164,24.78959,29.231436,26.370256,22.908447,23.811832,17.551813,18.338928,15.763901,15.279301
17,18.162212,14.764617,13.161292,8.633863,7.148503,6.9483747,4.852754,9.044609,8.724264,12.94222,14.3888,15.124257,15.035459,12.701313,9.815072,6.4538383,4.5215273,0.0,5.665304,6.7191424,10.282874,12.936551,16.239721,19.195148,20.743475,20.235949,20.401234,17.848543,10.746336,10.805005,6.4486747,9.393593,9.237113,10.244481,12.524024,14.70663,18.059156,17.228708,14.6998,12.472426,13.359902,12.673275,9.841472,11.529842,16.886505,16.097202,19.489693,22.73715,24.111706,25.906715,23.882929,28.046015,28.338999,28.344402,24.225336,25.61796,20.453789,20.994873,21.35555,23.23061,19.59392,24.020054,21.826845,23.198309,25.550276,24.30394,27.908762,25.85884,27.953196,24.984617,21.50495,19.033636,18.177645,16.895208,18.74256,15.995276,20.04165,19.196392,21.59562,24.392517,22.738743,18.963495,18.065521,14.976754,15.009966,10.8133335,13.411849,11.700444,12.969619,15.891711,19.265528,16.86608,18.60795,19.484499,17.116573,19.024965,16.403873,20.313162,17.425926,22.264242,26.926485,24.371197,21.100657,21.890034,15.720564,16.969759,13.860402,14.516738
18,15.393539,12.287927,11.88992,6.746441,7.926181,8.352798,9.421078,13.389886,14.147916,18.130566,19.727797,19.805984,19.100304,16.526379,13.133947,10.561775,6.1567073,5.665304,0.0,5.3159723,7.0904875,9.931732,13.169619,15.690004,18.341457,18.948832,19.576998,16.67509,10.952168,9.652369,7.734813,7.272657,10.51107,8.446678,12.57143,14.420943,16.916931,16.628763,12.84586,9.778142,13.38588,12.086519,11.408471,12.931017,16.616587,16.351599,20.254154,22.59453,24.046139,26.41343,25.066616,29.428875,30.542343,30.755756,26.337593,27.768066,22.722738,22.692785,23.686993,26.34236,22.968245,27.649492,25.216288,27.116575,28.76387,28.201014,31.497087,29.545605,30.823927,28.265121,25.393896,22.384338,22.44143,20.281616,23.342848,20.282587,24.53671,23.713785,25.851797,28.884073,26.909763,23.139898,22.952147,19.85585,20.222282,15.7561035,18.528255,15.573663,16.710096,18.747534,21.365248,18.468428,21.329811,22.78227,21.102228,23.594543,21.514847,25.513279,23.017807,27.819632,32.519657,29.961151,26.701298,27.07942,21.05816,21.677896,18.179495,18.086323
19,13.637479,9.652436,10.425161,5.7151937,5.52147,9.209002,8.30406,14.279642,14.808044,18.737743,20.59072,21.759403,21.555061,19.376604,16.033606,13.133124,9.625137,6.7191424,5.3159723,0.0,4.372157,6.2730594,10.020199,12.539696,14.33932,14.081082,14.992546,12.674546,6.3538957,7.16244,5.4851594,8.4060755,13.448532,13.16515,16.520494,19.060047,21.406332,20.42399,16.797375,13.199486,15.714417,12.482414,11.654388,10.728739,14.125304,12.685474,16.469894,18.796778,20.765564,23.121176,21.993086,26.406273,27.230106,28.192366,24.237259,26.47631,21.67534,22.341904,23.897608,25.819239,22.357222,26.048164,22.854294,24.347263,25.016361,24.480562,27.459702,25.301682,26.081186,23.60509,21.213854,18.157434,18.935453,17.034409,21.12591,18.78253,23.472448,23.414448,25.981134,29.109718,27.891436,23.9437,23.85251,20.310413,19.515886,15.39194,16.403847,12.045,12.691472,14.045246,16.315105,13.696692,17.073698,18.527132,18.031492,20.591885,18.949139,22.886732,21.564653,26.189678,31.001238,28.404911,25.41757,25.020884,19.55247,19.942274,15.90261,16.500013
20,14.341919,10.503879,12.967821,8.632866,9.578113,13.15544,12.598678,18.49182,18.706806,22.84618,24.1619,25.311779,25.226118,22.675919,19.58801,16.389853,12.814081,10.282874,7.0904875,4.372157,0.0,4.6518464,6.167171,9.360511,11.310042,12.513434,12.94648,10.102374,6.4481173,5.318329,7.0470567,7.24661,14.59238,13.735533,17.21742,19.987978,21.432655,20.288795,16.23626,12.145228,15.45016,11.226767,12.11664,10.692931,12.102072,11.289694,15.274762,16.718681,18.596363,21.344084,20.802685,25.243715,26.795738,27.861858,23.770533,26.05549,21.564453,21.877253,24.040369,26.383455,23.246737,26.930046,23.604052,25.617989,25.753471,26.034765,28.689638,26.943783,27.083002,25.352757,23.440704,19.726036,21.191854,18.23266,23.201933,20.579351,25.326212,25.39901,27.74896,31.098867,29.82748,25.87938,26.603357,22.918612,22.307688,18.0406,19.393856,14.521286,15.55573,16.072527,18.078726,16.000134,20.04216,21.484852,21.854391,24.333166,22.631407,26.373493,25.11466,29.529964,34.339478,32.128136,29.25986,28.989706,23.632862,24.16593,20.050875,20.735325
21,10.573681,6.738786,10.587471,7.953296,9.322273,13.654424,13.869475,19.753874,20.872215,24.540789,26.750204,27.952589,27.519413,25.468042,21.791506,19.280891,15.184378,12.936551,9.931732,6.2730594,4.6518464,0.0,6.1224446,6.5893145,9.579754,9.925778,12.39789,10.843698,8.121207,9.195319,10.532123,11.886064,18.85696,17.610506,21.47293,23.91051,25.589907,24.736166,20.558529,16.496704,20.076195,15.767924,16.422565,14.227363,15.154133,13.3722315,16.988615,17.928705,20.406336,23.22798,23.110428,27.486534,28.784496,30.526602,26.876348,29.62985,25.326258,25.970999,28.248734,30.210789,26.995544,30.113895,26.37542,27.867252,27.1651,27.18911,29.495888,27.28187,26.808155,24.843752,23.595589,20.436235,22.396381,20.325447,25.601612,23.630032,28.48582,28.838734,31.426779,34.684345,33.66505,29.688196,29.9435,26.274155,25.151258,21.193783,21.401964,16.016354,15.9823475,15.851951,16.47322,13.712103,18.236412,20.199795,21.070656,24.047298,23.303772,27.111656,26.819603,31.242992,36.045597,33.352997,30.564955,29.325714,24.48977,24.171103,19.847553,20.095505
22,16.013231,12.590589,16.708569,13.609594,14.583994,18.844318,18.00763,24.278255,24.325514,28.43818,29.56252,31.12104,31.264349,28.686308,25.724876,22.380486,18.980865,16.239721,13.169619,10.020199,6.167171,6.1224446,0.0,5.034514,5.706115,8.882619,9.009231,6.5999928,8.526249,7.7979984,11.695689,11.472724,19.6743,18.988989,22.174356,25.188095,25.878963,24.420124,20.335455,16.118069,19.25057,13.882317,15.985138,13.028177,11.364505,10.415872,13.793367,13.571936,15.762119,18.904375,19.469408,23.695957,25.830727,27.609098,23.966415,26.775778,23.0841,23.472343,26.449242,28.620235,25.903957,28.74036,24.932304,27.047865,25.83053,26.980743,28.898462,27.479137,26.44776,25.681095,24.797665,20.69899,23.281776,19.787731,25.90444,23.665342,28.450005,29.071276,31.390783,34.874123,33.999794,30.079361,31.434319,27.551004,26.51413,22.55079,23.123587,17.457737,18.299503,17.449533,18.525913,17.359297,22.053297,23.45257,25.301807,27.696165,26.366905,29.766487,29.32706,33.343864,38.09468,36.18691,33.630157,32.96111,28.183619,28.59729,24.30606,25.28137
23,13.387242,10.915873,15.90845,14.259633,15.83601,20.156403,20.33123,26.339315,27.252728,31.021975,32.931026,34.288353,33.9811,31.73943,28.203642,25.490986,21.42669,19.195148,15.690004,12.539696,9.360511,6.5893145,5.034514,0.0,5.4663763,8.301648,11.015573,10.274647,12.168798,12.501794,15.665111,15.74376,23.771759,22.286465,26.061625,28.643301,29.489704,28.487288,24.12938,19.926023,23.790607,18.732119,20.644365,17.728455,16.202864,14.760541,17.74339,17.003588,19.556791,22.70237,23.655666,27.735064,29.713331,31.955816,28.611193,31.63076,28.008148,28.493223,31.443296,33.511425,30.704418,33.33948,29.325893,31.064615,29.287817,30.179733,31.81519,29.98516,28.403116,27.421461,27.11779,23.592478,26.438097,23.717793,29.874609,27.999151,32.857952,33.535633,35.996872,39.41521,38.55652,34.599228,35.520035,31.694391,30.46842,26.58132,26.601713,20.734177,20.763859,19.5629,19.331116,17.472944,22.435524,24.349428,26.405321,29.280033,28.759056,32.275772,32.45529,36.578888,41.336143,38.951176,36.381275,34.950047,30.49768,30.150898,25.763996,26.152174
24,17.650005,14.646856,19.340006,17.414625,17.949121,22.804293,21.559093,28.0927,28.181082,32.0379,33.35287,35.388397,35.68999,33.37147,30.352999,27.065012,23.836971,20.743475,18.341457,14.33932,11.310042,9.579754,5.706115,5.4663763,0.0,5.173638,6.124743,6.562291,11.319798,12.218081,15.869561,16.805296,24.807787,24.59715,27.59988,30.759052,31.465853,29.804918,25.87561,21.684765,24.260256,18.48098,20.370314,16.2931,13.572856,11.652724,13.738043,12.282623,15.088402,18.12074,19.504663,23.307577,25.294962,27.994406,25.179995,28.624243,25.607061,26.463617,29.788208,31.325129,28.793709,30.555075,26.26009,27.916399,25.344738,26.805666,27.963299,26.54499,24.425474,24.278372,24.479824,20.618116,24.057238,20.975582,27.677309,26.216042,30.973848,32.155403,34.641045,38.076252,37.740795,33.844006,35.22805,31.2379,29.54179,26.078686,25.430067,19.302608,19.525875,17.52564,17.359165,17.054766,21.938093,23.263527,26.398626,28.697794,27.993565,31.030537,31.658676,35.2839,39.903843,38.043842,35.83058,34.495842,30.506506,30.610266,26.272642,27.50552
25,16.6012,13.482681,17.722557,16.644835,16.372341,21.59436,19.869406,26.39775,26.67577,30.09246,31.87513,34.25832,34.60188,32.75012,29.610521,26.596762,23.634888,20.235949,18.948832,14.081082,12.513434,9.925778,8.882619,8.301648,5.173638,0.0,5.7764935,8.089814,10.61804,13.464509,15.786519,18.566523,25.754326,26.119366,29.0479,32.208805,33.57811,31.8886,28.158745,24.02118,26.029224,20.395004,21.156391,16.58774,15.223155,12.017064,13.628595,13.101256,16.402613,18.902052,19.846125,23.5736,24.576971,27.749506,25.441156,29.269226,26.170824,27.627972,30.663239,31.50601,28.728533,29.886879,25.309378,26.172117,23.16947,23.955275,24.959768,22.976624,20.68697,20.051846,20.66307,17.516426,21.141478,19.274141,25.802382,25.11349,29.873499,31.336393,34.13079,37.36871,37.425217,33.524487,34.30879,30.359491,28.049599,25.0712,23.218868,16.97609,16.338257,13.816145,12.654002,12.610449,17.420328,18.745201,22.471348,24.757141,24.672161,27.552912,29.03844,32.502666,37.021557,34.86621,32.847073,30.853523,27.502764,27.227942,22.954731,24.369068
26,21.250654,17.628857,21.440899,19.129951,18.457352,23.49787,20.710098,27.455233,26.62298,30.410631,31.08098,33.818935,34.776333,32.51163,30.134624,26.394867,24.276102,20.401234,19.576998,14.992546,12.94648,12.39789,9.009231,11.015573,6.124743,5.7764935,0.0,4.0489964,9.694572,11.584862,14.6901245,17.079191,24.136873,25.452698,27.535734,31.169247,32.070568,29.804512,26.537237,22.582077,23.48802,17.476332,18.607746,13.498963,10.672671,7.6543107,8.451265,7.3295703,10.633851,13.166967,14.338422,18.010746,19.492275,22.564533,20.307259,24.201025,21.617327,23.090446,26.469107,27.20578,24.831873,25.643091,21.099506,22.479633,19.39044,21.170162,22.082014,21.029146,18.858458,19.32822,19.655706,15.461113,19.272167,16.017664,22.985558,22.083345,26.640316,28.31608,30.87352,34.20721,34.461662,30.688541,32.301617,28.26028,26.032677,23.199186,21.748184,15.699408,16.201265,13.643418,14.183016,15.643371,19.920431,20.412403,24.260712,25.777103,24.706633,27.179495,28.133528,31.194363,35.61392,34.303482,32.469322,31.40248,27.898981,28.60148,24.513033,26.671207
27,20.855843,17.007324,20.588789,17.43365,17.011654,21.674534,18.994673,25.668589,24.602983,28.703188,29.011335,31.468275,32.424587,29.85192,27.652723,23.69124,21.606087,17.848543,16.67509,12.674546,10.102374,10.843698,6.5999928,10.274647,6.562291,8.089814,4.0489964,0.0,7.56016,8.0126,11.84224,13.328122,20.623266,21.849669,23.830492,27.501652,28.180977,25.89037,22.612553,18.686388,19.661978,13.603729,15.199117,10.496173,7.339596,5.179911,7.553633,7.171874,9.770066,12.708615,13.407992,17.517494,19.504648,21.75046,18.693766,22.119034,19.11018,20.156195,23.524092,24.843779,22.431742,24.092249,19.90405,21.923153,19.93545,21.75446,23.255232,22.407928,21.089304,21.256283,20.699642,16.073751,19.24695,15.161232,21.933336,20.257366,24.876936,26.171719,28.544386,32.004696,31.862625,28.057255,29.9355,25.89545,24.204601,20.92952,20.571442,14.770531,16.029022,14.362737,16.024324,16.830322,21.081516,21.617924,24.563549,26.108511,24.420782,27.146727,27.172638,30.499277,35.040062,33.84383,31.758524,31.332972,27.166906,28.234535,24.146465,26.197739
28,17.528416,13.255778,15.2018,11.518908,10.181196,14.639398,11.4456215,18.129955,17.242332,21.262838,22.089592,24.396126,25.155794,22.871601,20.462564,16.72651,14.813264,10.746336,10.952168,6.3538957,6.4481173,8.121207,8.526249,12.168798,11.319798,10.61804,9.694572,7.56016,0.0,4.8692355,5.31818,9.749379,15.537062,17.110415,19.247524,22.657885,24.434227,22.488548,19.352615,15.637802,16.411913,11.49279,10.934628,7.032017,9.367547,6.753573,10.283267,12.807771,14.967961,17.152178,16.152266,20.532885,21.311869,22.813286,19.288883,22.239923,17.996286,19.268482,21.542624,22.78019,19.569628,22.131966,18.276852,19.793982,19.483826,19.678268,22.251757,20.544737,20.803923,19.229485,17.309393,13.329625,15.14865,12.27057,17.844357,15.989312,20.883905,21.686804,24.386217,27.678068,27.249336,23.287289,24.085377,20.138487,18.462769,14.892495,14.639163,8.961733,10.213612,10.21731,13.074003,12.567996,16.214912,16.883795,18.311066,20.064625,18.12854,21.421745,20.88028,24.823069,29.572718,27.741562,25.276442,24.94077,20.202976,21.255594,17.19392,19.15332
29,19.33912,15.269304,17.325321,12.760775,12.410873,15.852801,13.3778515,19.49776,18.229998,22.671434,22.7261,24.52542,25.302217,22.41253,20.386591,16.250736,14.312271,10.805005,9.652369,7.16244,5.318329,9.195319,7.7979984,12.501794,12.218081,13.464509,11.584862,8.0126,4.8692355,0.0,4.9498806,5.6264853,12.788166,13.997425,15.994681,19.585789,20.656107,18.579645,15.271637,11.432819,12.568057,7.221212,8.270607,5.77725,7.1846704,7.0592604,11.049293,13.084432,14.400471,16.875202,15.933358,20.356342,22.034836,22.74217,18.513042,20.760902,16.381372,16.800434,19.251965,21.46421,18.523626,22.052856,18.797207,21.253765,21.679316,22.514874,25.21137,24.12198,24.552689,23.46977,21.290455,16.878843,18.290909,14.172285,19.389456,16.4914,21.168318,21.477638,23.70374,27.190163,26.205597,22.290447,23.85597,19.968504,19.28433,15.166545,16.817009,12.1432495,14.294734,14.751341,17.913195,17.293098,20.905231,21.560358,22.395199,24.03885,21.49833,24.76438,23.146479,27.115652,31.825024,30.41572,27.802504,28.319115,23.047121,24.553,20.692438,22.368748
30,19.056067,14.961577,15.501566,10.808769,9.405229,12.196162,8.804153,14.7914295,13.307535,17.727064,17.992058,19.85574,20.666489,18.013292,16.01524,11.862467,10.588286,6.4486747,7.734813,5.4851594,7.0470567,10.532123,11.695689,15.665111,15.869561,15.786519,14.6901245,11.84224,5.31818,4.9498806,0.0,6.415401,10.349938,12.478735,14.208624,17.609646,19.706074,17.823792,15.032422,11.819452,12.038817,8.547237,6.681937,5.673735,10.568076,9.701979,13.229365,16.341183,17.683855,19.5975,17.848553,22.15576,22.909235,23.299757,19.160116,21.157581,16.265574,17.052008,18.545395,20.341137,16.910286,20.734829,17.792492,19.699411,21.11133,20.913998,24.13969,22.624609,23.995369,22.03055,19.087898,15.358458,15.68909,12.687364,16.600422,13.748575,18.434988,18.445578,20.93156,24.208162,23.169365,19.1873,19.864824,16.05357,15.304741,11.06294,12.860106,9.008824,11.231182,12.932725,16.699415,15.64857,18.381859,18.895723,18.647495,20.171062,17.349787,20.824982,18.754332,23.028982,27.790993,26.05344,23.255484,23.962795,18.397732,20.082268,16.462856,18.228027
31,20.680307,17.055254,18.151722,12.9887295,13.3304825,14.97285,13.586877,18.361809,17.07183,21.637188,21.297974,22.154606,22.641638,19.304811,17.573061,13.470059,11.55347,9.393593,7.272657,8.4060755,7.24661,11.886064,11.472724,15.74376,16.805296,18.566523,17.079191,13.328122,9.749379,5.6264853,6.415401,0.0,8.422556,8.645684,10.811229,14.236534,15.11826,13.358725,9.741964,5.909905,8.246174,5.074907,6.618171,8.416511,10.815849,12.135468,15.872945,17.962505,18.610374,20.931778,19.633007,23.852049,25.719149,25.455433,20.702154,21.826323,17.072084,16.53764,18.222084,21.41499,18.538578,23.35867,21.101402,23.936537,25.62075,26.208412,29.320286,28.330933,29.427,28.018454,25.22716,21.084806,21.534525,17.48975,21.258478,17.528543,21.707314,21.102411,22.847113,26.264439,24.41543,20.647408,22.23139,18.752224,19.340124,14.76868,18.360525,15.198584,17.636572,19.068253,22.538252,21.215761,24.410795,25.179943,24.720701,26.402573,23.426102,26.85757,24.014832,28.227633,32.854584,31.459898,28.542543,29.829325,23.931164,25.672852,22.196634,23.31207
32,25.830843,22.470423,21.66936,16.658953,16.13141,15.353594,13.556393,15.554039,12.944692,17.194572,15.372924,15.458753,16.42773,12.586547,12.766479,8.42514,9.861,9.237113,10.51107,13.448532,14.59238,18.85696,19.6743,23.771759,24.807787,25.754326,24.136873,20.623266,15.537062,12.788166,10.349938,8.422556,0.0,6.2013636,4.368386,8.162236,10.421847,8.514481,7.6324396,7.6651073,5.303963,8.85447,6.581236,11.929666,16.468369,17.87356,20.892845,23.983265,24.08549,25.579947,23.23014,26.924011,28.010324,26.512133,21.728008,21.512701,16.477144,15.602885,15.20423,18.53701,15.634968,21.553558,20.865372,23.538351,27.212328,26.996946,30.717663,29.888382,32.367107,30.432331,26.615862,23.220621,21.968842,18.729254,19.599863,15.34877,18.25022,16.393902,17.5419,20.517008,17.781303,14.364841,15.526898,12.903989,15.203054,10.921768,16.710901,16.56933,19.388407,22.105942,26.409712,25.113935,26.934946,27.204782,25.143627,26.081852,22.232832,25.30748,20.753546,24.790604,28.987326,27.963663,24.933527,27.698616,21.504,24.147913,21.836113,22.981024
33,23.19515,20.5155,19.760212,14.917028,15.785857,14.332473,14.978595,16.56892,15.875646,19.805502,19.464916,18.433344,18.006098,14.42919,13.071575,10.312106,8.809954,10.244481,8.446678,13.16515,13.735533,17.610506,18.988989,22.286465,24.59715,26.119366,25.452698,21.849669,17.110415,13.997425,12.478735,8.645684,6.2013636,0.0,5.115624,6.3811817,8.497049,8.808881,5.5453496,5.39667,8.661922,11.402351,11.136428,15.564303,19.099865,20.486135,24.078505,26.50864,26.944086,29.008818,27.258799,31.230274,32.77439,31.695404,26.794935,26.810778,21.872807,20.704939,20.784922,24.484013,21.680504,27.520618,26.434969,29.08958,32.107845,31.917425,35.512566,34.298817,36.25434,34.094444,30.6212,27.276598,26.539839,23.492393,25.179369,21.135374,24.343422,22.53382,23.678364,26.539345,23.548285,20.334822,20.916231,18.60553,20.762878,16.348162,21.474234,20.338528,22.519861,25.024866,28.564585,26.294481,28.658745,29.605635,27.303099,29.055523,25.933666,29.493446,25.370176,29.812244,34.125538,32.418427,29.141449,31.151495,24.791653,26.47642,23.849424,23.938782
34,27.826145,24.855776,23.964994,19.038465,19.15463,17.66318,17.019154,18.049677,15.970393,19.79461,17.91308,16.969265,17.443357,13.480226,13.996418,10.719259,11.74509,12.524024,12.57143,16.520494,17.21742,21.47293,22.174356,26.061625,27.59988,29.0479,27.535734,23.830492,19.247524,15.994681,14.208624,10.811229,4.368386,5.115624,0.0,4.2826157,6.1095448,5.0185156,5.0065846,7.322039,6.204627,11.345021,10.423909,15.8250675,19.60052,21.481739,24.575968,27.3283,27.221918,28.82158,26.637032,30.20747,31.637169,29.819206,24.911795,24.148642,19.411018,17.88095,17.174795,21.079578,18.648645,24.842327,24.61029,27.490158,31.3287,31.251215,34.96558,34.23281,36.689857,34.792324,30.97524,27.572895,26.303976,22.968597,23.62062,19.263958,21.662697,19.418333,19.986948,22.698086,19.366405,16.517721,17.761425,15.880157,18.838335,14.861556,20.886072,20.916489,23.64507,26.362503,30.522297,28.922785,30.845242,31.28881,28.914236,29.991138,26.211813,29.290758,24.434435,28.395657,32.38236,31.408342,28.322245,31.304998,25.044525,27.541758,25.41034,26.081549
35,28.961933,26.474045,25.053778,20.504766,20.982882,18.525011,18.978407,18.709558,17.35802,20.564806,19.088112,17.065338,16.781017,13.0552025,13.644568,11.78982,12.604397,14.70663,14.420943,19.060047,19.987978,23.91051,25.188095,28.643301,30.759052,32.208805,31.169247,27.501652,22.657885,19.585789,17.609646,14.236534,8.162236,6.3811817,4.2826157,0.0,4.6957254,6.4738364,7.041217,10.052776,10.356086,15.439782,14.559027,19.869905,23.701347,25.461006,28.68618,31.396706,31.38862,33.064587,30.910847,34.487537,35.860672,33.98372,29.109692,28.179441,23.513884,21.906681,20.851007,24.71535,22.370018,28.604963,28.58634,31.287428,35.299778,34.937023,38.74312,37.812794,40.401867,38.194122,34.281055,31.198704,29.718208,26.845531,27.07377,22.85826,24.964293,22.420301,22.78863,25.109497,21.41682,19.019018,19.511118,18.325855,21.615553,17.90426,23.900497,24.271599,26.694504,29.626493,33.57775,31.497498,33.24355,33.883804,30.8939,32.145332,28.577448,31.740726,26.675505,30.70993,34.518368,33.26152,30.05504,33.058662,26.770979,28.963898,27.143448,27.22741
36,31.392645,28.877764,28.147814,23.397013,24.183056,22.32472,22.645874,23.123468,21.54379,24.985361,23.070816,21.35365,21.362057,17.57943,18.284399,16.044477,16.46809,18.059156,16.916931,21.406332,21.432655,25.589907,25.878963,29.489704,31.465853,33.57811,32.070568,28.180977,24.434227,20.656107,19.706074,15.11826,10.421847,8.497049,6.1095448,4.6957254,0.0,3.995368,5.6793118,9.792919,10.179814,15.506184,15.862995,21.121414,23.887863,26.314117,29.4216,31.682993,31.293365,33.008892,31.106989,34.48617,36.407986,34.2723,29.272142,27.953817,23.71668,21.51286,20.713104,25.142717,23.320747,29.628897,29.796246,32.973217,36.8469,37.075428,40.7198,40.16873,42.488304,40.76791,37.02707,33.474865,32.329082,28.697245,29.374949,24.902945,26.889431,24.422533,24.402952,26.84664,23.085257,20.919775,22.456808,21.187449,24.552557,20.807148,26.95304,26.927513,29.643295,32.23623,36.246204,34.436756,36.590477,37.206997,34.72826,35.950924,32.240387,35.30901,30.270905,34.102512,37.881107,37.04742,33.959652,37.104946,30.830444,33.177193,31.127407,31.398842
