,0,1,2,3,4,5,6,7,8,9,10,11,12,13,14,15,16,17,18,19,20,21,22,23,24,25,26,27,28,29,30,31,32,33,34,35,36,37,38,39,40,41,42,43,44,45,46,47,48,49,50,51,52,53,54,55,56,57,58,59,60,61,62,63,64,65,66,67,68,69,70,71,72,73,74,75,76,77,78,79,80,81,82,83,84,85,86,87,88,89,90,91,92,93,94,95,96,97,98,99,100,101,102,103,104,105,106,107,108,109
0,0.0,3.6659896,6.643959,10.326583,12.711558,15.505863,18.017925,21.412676,24.955482,27.080746,31.900513,31.188263,27.595083,26.632523,21.770006,22.929527,17.653557,19.556871,15.510818,17.662203,17.352364,12.946238,17.99949,20.249308,20.64591,22.676758,23.096052,24.809587,22.656061,27.047401,24.906595,31.297775,31.59138,36.652554,36.09067,39.033962,42.31532,40.08204,39.330116,36.940018,34.47792,32.226685,28.16671,26.990362,22.88511,22.190468,19.506819,19.169067,18.511042,18.482258,18.92053,20.532042,24.704185,22.966908,19.423365,18.373379,19.434782,18.614243,21.816252,20.49583,24.208035,23.217178,25.509153,29.227264,30.98228,34.713207,37.26456,39.712177,42.32883,39.49804,36.836323,41.206234,38.209034,44.68084,40.650444,42.09299,43.522446,41.017212,42.31221,43.29222,41.04912,37.92145,35.30692,32.339825,32.902905,28.19263,31.385221,27.049496,28.88958,29.308538,30.597202,33.18917,31.757225,33.10536,32.575798,36.397465,34.297173,34.82451,33.76437,36.949688,33.10259,36.25614,37.46761,35.959198,34.385723,32.37489,29.354546,29.344782,25.644484,26.362474
1,3.6659896,0.0,4.5912557,7.234565,9.1305,12.458383,14.453163,18.292635,21.523863,23.836336,28.591026,28.168934,24.804245,23.717348,18.837248,19.687773,14.4142065,16.018717,12.306706,14.294471,14.506438,10.5771055,15.992999,17.55004,18.69253,20.145447,20.621864,21.927494,19.24602,23.573736,21.277294,27.687195,27.99157,32.99912,32.51824,35.47657,38.750355,36.561737,35.719685,33.30866,30.965668,28.726135,24.63668,23.686094,19.40793,19.117119,16.454813,16.63418,16.352041,16.421137,16.592415,18.830032,22.924349,21.298326,17.148764,15.531517,16.500244,15.258841,18.657078,17.408407,21.135838,20.278154,22.256699,26.128002,27.864426,31.500803,34.113403,36.38737,39.166733,36.40592,33.58813,37.8293,34.710308,41.159687,37.023224,38.501728,39.883335,37.38577,38.70893,39.704178,37.542698,34.391636,31.73906,28.727673,29.261301,24.553246,27.795767,23.64028,25.555756,26.24712,27.640593,30.517979,29.265865,30.758604,29.756777,33.459377,31.118788,31.44672,30.494318,33.442554,29.706684,32.79016,33.990295,32.65233,31.083069,29.382664,26.215456,26.583271,22.902819,24.073742
2,6.643959,4.5912557,0.0,5.2654023,7.8903847,9.296015,12.667424,14.995553,18.98277,20.857145,25.639698,24.651762,20.968382,20.128447,15.241633,16.946007,11.995792,14.725242,11.905418,14.993654,16.027048,13.036447,18.79811,19.915493,22.128553,22.924368,23.492155,24.107706,20.310545,24.24736,21.139664,27.519817,26.485302,31.668016,30.850924,33.4714,37.010567,35.025467,34.56109,32.609474,30.085829,28.72618,24.32483,24.53628,19.774885,20.924643,18.559324,19.57763,19.678326,19.561672,19.04306,21.40289,24.898174,22.59082,18.219137,15.862969,17.967224,16.157845,20.043112,19.335047,22.954102,22.44127,23.575682,27.754944,28.968132,32.730137,35.311172,37.164955,40.36595,37.957333,34.85156,38.68388,35.14304,41.424244,36.662018,38.1202,38.978077,36.14795,37.07269,37.766098,35.33184,32.46903,29.678873,27.058449,28.26513,23.50944,27.667576,24.407133,26.690443,28.055115,29.636724,32.94296,31.993523,33.550583,31.899319,35.415318,32.446434,32.22808,31.180653,33.16634,29.467098,31.905216,32.66894,31.244982,30.106852,28.015911,25.722874,26.141716,22.935043,24.448519
3,10.326583,7.234565,5.2654023,0.0,4.1483374,5.672756,8.751907,12.144973,15.372704,18.145075,22.219948,21.956083,18.6309,16.954023,12.328558,12.682562,7.3438015,9.887473,6.7864213,10.501516,11.861088,10.128637,15.768767,16.440979,19.912138,20.013231,21.480549,21.646341,16.685852,20.670767,17.210413,23.679338,23.047688,27.709246,27.518766,29.97778,33.67478,32.02372,31.08802,28.903028,27.202131,25.604326,21.340542,21.914015,16.946358,18.526354,15.794512,17.415508,17.507345,16.893599,15.57657,18.168074,21.097054,18.70891,13.927417,10.993915,13.679971,11.809438,15.826876,15.901166,19.255728,19.823252,20.684425,24.921566,26.698069,29.699047,32.56371,34.024757,37.417076,34.796783,31.286142,34.7946,31.09911,37.175846,32.35499,33.45055,34.38435,31.550426,32.54205,33.49546,30.978456,27.88665,25.601784,22.706778,23.7059,18.968616,23.15897,20.056187,22.7868,24.474636,26.60381,30.311178,29.016966,30.292957,28.220901,31.81373,28.210608,27.83458,26.39889,28.253717,24.380596,26.823946,27.665125,26.1079,24.891306,22.846844,20.467716,20.991718,17.874292,19.732035
4,12.711558,9.1305,7.8903847,4.1483374,0.0,5.4859805,5.368077,10.367369,12.630367,15.559466,19.862888,20.167866,17.484028,15.969431,11.360121,11.18696,6.3399644,7.2432046,6.3108826,8.300159,10.994874,10.405938,15.4874115,14.733553,18.531904,17.890837,18.790283,18.382538,13.2070465,16.868305,13.38525,19.81254,19.342089,24.162191,23.884007,26.618807,30.095945,28.260145,27.273956,25.036346,23.174587,21.511492,17.21895,17.919489,12.878666,15.064402,12.865628,15.150202,16.02076,16.03275,14.905078,18.381077,21.386543,19.739388,14.428253,10.831276,12.311751,9.393027,13.501263,13.242784,16.501345,16.660004,16.950853,21.281284,22.729698,25.860514,28.635681,30.045992,33.51211,31.1261,27.669426,31.160713,27.4377,33.61725,28.79704,30.246761,31.18809,28.491188,29.658579,30.58302,28.440193,25.333755,22.623768,19.639568,20.484528,15.731355,19.797308,16.942966,19.418188,21.380892,23.275902,27.121527,26.42498,28.135536,25.543747,28.74322,25.26947,24.658726,23.832504,25.42559,22.00442,24.441208,25.345133,24.396828,23.10844,22.072693,19.105639,20.583704,17.4759,20.064161
5,15.505863,12.458383,9.296015,5.672756,5.4859805,0.0,5.8389554,6.7056575,10.477694,12.996068,16.855326,16.339931,13.019651,11.33042,6.665707,7.6845074,3.4832826,7.586802,8.073446,11.747346,14.413845,14.415296,19.479412,19.023127,23.483757,22.600801,23.916203,23.095518,17.037043,20.021542,15.666418,21.615543,19.284641,23.957766,23.462936,25.4683,29.437117,28.115118,27.53299,25.935581,24.229828,23.767166,19.36239,21.528185,16.336998,19.753212,17.763765,20.343916,21.078678,20.585175,18.770798,21.69831,23.81977,21.221626,16.290257,12.439107,15.663442,12.977609,17.039183,17.697338,20.525333,21.403463,20.993937,25.355747,26.4177,29.329329,32.0749,32.884705,36.759205,34.678593,30.887045,33.71616,29.558762,35.259342,29.725431,30.846882,31.079063,27.898985,28.423473,29.007042,26.28253,23.555246,21.040506,18.664972,20.530499,15.937387,21.22484,19.702042,22.68208,25.246449,27.465778,31.612722,30.901297,32.36333,29.363588,32.444077,28.187824,27.00829,25.72339,26.057196,22.5645,23.992046,24.229406,22.873512,22.268427,20.29369,18.96892,20.108337,17.887472,20.55112
6,18.017925,14.453163,12.667424,8.751907,5.368077,5.8389554,0.0,6.7711444,7.439078,10.844223,14.776536,15.719419,13.862795,12.239055,8.38077,7.224989,4.8653774,4.046539,7.9352026,8.846339,12.770702,14.072157,18.155138,16.080473,20.831697,19.049124,19.861624,18.320433,11.98095,14.384341,9.960683,15.898779,14.307226,19.082838,18.780594,21.327753,24.941898,23.352858,22.397808,20.466263,18.837858,17.954548,13.608021,15.929263,10.78202,14.970035,13.691367,16.957924,18.469183,18.596474,17.024033,20.833328,23.040253,21.544905,16.143253,11.878803,13.288,9.617928,13.359806,13.751289,16.180534,16.794956,15.629623,19.964588,20.843924,23.624352,26.32839,27.05351,30.968977,29.053198,25.30297,28.116415,23.98133,29.84536,24.460619,26.00932,26.46896,23.5927,24.570627,25.319477,23.247782,20.288595,17.29201,14.469686,15.795407,11.099438,16.04507,14.801739,17.444342,20.322023,22.316206,26.598143,26.494827,28.383244,24.811455,27.403156,23.331816,21.921947,21.417831,21.633692,18.743803,20.400463,20.935566,20.497423,19.576155,19.280268,16.71991,19.16296,16.827291,20.275238
7,21.412676,18.292635,14.995553,12.144973,10.367369,6.7056575,6.7711444,0.0,5.348098,6.4646378,10.737033,9.922862,7.2447166,6.553206,2.6099467,5.5836153,7.0249577,9.107975,13.044152,15.261478,18.900543,19.985428,24.436369,22.716358,27.57291,25.785206,26.41952,24.5865,18.225597,19.631876,14.841554,19.420319,14.700587,19.572262,18.264042,19.838121,23.917019,22.800499,22.90066,22.233688,20.131657,21.294342,16.957079,20.8792,16.017363,21.169683,20.364832,23.673817,25.19167,25.173853,23.348864,26.760132,28.461815,26.18347,21.170927,16.909105,19.508343,16.119522,19.730366,20.44837,22.62162,23.222933,21.3839,25.602024,25.463488,28.449596,30.80624,30.937511,35.2302,34.016445,30.215574,32.2848,27.78351,32.99278,26.789003,28.296452,27.622305,24.191643,24.18138,24.098963,21.489157,19.465132,16.048384,14.689473,17.687826,13.725551,19.826826,20.316717,23.022507,26.363255,28.268358,32.640427,32.927868,34.825317,30.903446,33.1259,28.650246,26.591269,26.043116,24.554379,22.086212,22.227928,21.712467,21.220036,21.359774,20.338726,19.857744,22.062765,20.76749,24.193178
8,24.955482,21.523863,18.98277,15.372704,12.630367,10.477694,7.439078,5.348098,0.0,4.628342,7.362714,9.085862,8.980436,7.7085686,6.9417605,5.588399,9.09072,8.43536,14.043666,14.753265,18.788443,21.037212,24.502794,21.779114,27.043745,24.476418,25.137197,22.630093,15.971975,16.268892,11.426079,14.885623,9.806669,14.271019,13.422643,15.028105,19.139868,18.254862,17.890854,17.17578,15.818503,17.173761,13.309429,18.050112,13.7694645,19.540573,19.286034,23.010868,24.87821,24.995108,23.061949,26.763985,28.035652,26.390678,21.377277,17.034595,18.760506,15.222265,18.06567,19.09121,20.477337,21.462885,18.818735,22.682508,22.465038,24.729734,27.05853,26.654905,31.124912,30.120613,26.176096,27.697638,23.065111,27.947937,21.581547,23.15839,22.342964,18.963127,19.098541,19.136915,16.886452,14.693055,10.964116,9.434062,12.599961,9.097008,15.319056,17.071201,19.633524,23.407387,25.347431,29.87589,30.484358,32.445274,27.941427,29.639427,24.934391,22.404562,22.252249,19.893358,18.112442,17.800453,17.208221,17.517689,17.71073,18.067123,17.244379,20.416433,19.548883,23.510084
9,27.080746,23.836336,20.857145,18.145075,15.559466,12.996068,10.844223,6.4646378,4.628342,0.0,6.071123,6.140201,6.9074044,7.9140863,8.018412,9.175889,12.6141,12.7753525,18.078873,18.955305,23.060535,24.886032,28.670794,25.904078,30.837753,28.318785,28.298304,25.638525,19.579853,19.341204,14.84186,17.345255,10.36208,15.22202,12.883591,14.098134,18.079689,17.091526,17.92581,18.30198,15.823686,18.677729,14.894423,20.201609,16.28376,22.429884,22.730078,26.444918,28.574518,29.00447,27.315643,31.113207,32.575783,30.833216,25.78669,21.426554,23.129307,19.422646,22.334522,22.9502,24.409134,24.669264,21.65338,25.404009,24.129683,26.985386,28.845581,28.304266,32.851635,32.53427,28.910007,30.200132,25.585548,30.172852,23.597397,25.621775,24.135908,20.716047,20.312185,19.517925,17.49361,16.328333,11.696715,11.716155,15.496067,12.818513,18.744165,21.048527,23.171347,26.992119,28.452148,32.832474,34.082394,36.37384,31.742796,33.034447,28.661442,25.901382,26.280285,23.265137,22.112225,21.182615,20.101788,20.832804,21.48521,21.896864,21.653112,24.80925,24.116947,28.031101
10,31.900513,28.591026,25.639698,22.219948,19.862888,16.855326,14.776536,10.737033,7.362714,6.071123,0.0,4.886254,8.360808,8.197753,11.211786,10.5305195,15.52301,15.213311,20.761295,21.548923,25.425962,28.077234,31.225058,28.319054,33.830624,30.893354,31.568712,28.608856,22.074047,21.202646,16.807617,17.870577,10.620917,13.052857,11.701967,11.136943,15.6684,16.079466,16.572212,17.482664,16.794506,20.09182,17.29728,23.044188,19.694702,25.811275,26.00269,29.850563,31.806822,31.824108,29.647856,33.13281,33.71029,31.896809,27.350023,23.174507,25.167181,21.914997,24.22006,25.623781,26.391619,27.669516,24.363268,27.673922,26.770555,28.418722,30.330574,28.946943,33.663715,33.44259,29.503222,29.768957,25.008547,28.497004,21.599916,22.89989,20.626421,16.890305,15.685027,14.586003,11.996896,11.530478,7.669913,9.21361,13.684189,12.56159,18.275587,21.98323,24.349287,28.474924,30.361149,34.900063,35.89,37.768547,32.768536,33.793705,28.740583,25.506575,25.489676,21.039923,20.413664,18.13759,16.252836,17.211206,18.659845,19.359667,20.401358,23.6554,24.013948,28.009369
11,31.188263,28.168934,24.651762,21.956083,20.167866,16.339931,15.719419,9.922862,9.085862,6.140201,4.886254,0.0,4.598517,6.5624356,9.862556,11.377513,15.909166,16.943619,21.884253,23.543537,27.336048,29.289423,33.13205,30.764122,36.068985,33.560505,34.057125,31.399616,24.956375,24.649393,20.050184,21.944267,14.442117,17.684124,15.562426,15.05422,19.312536,19.43698,20.677376,21.833189,20.17368,23.716257,20.413351,25.98735,22.184698,28.285328,28.301157,32.003494,33.85697,33.863434,31.756046,35.124943,35.980537,33.6746,29.093647,24.87965,27.458717,24.13883,27.002432,28.176142,29.469385,30.364614,27.355873,30.983479,29.819962,32.177826,34.01672,32.960983,37.637894,37.46935,33.64961,34.268005,29.529171,33.2649,26.389072,27.7776,25.48065,21.732628,20.329826,18.938953,16.181877,16.104376,12.519198,13.937229,18.334066,16.5573,22.596321,25.618212,28.07898,32.060276,33.847355,38.33851,39.313244,41.266487,36.52219,37.81629,32.899807,29.869818,29.698933,25.691324,24.622978,22.588753,20.694084,21.051388,22.565489,22.203352,23.693047,26.35657,26.530308,30.249058
12,27.595083,24.804245,20.968382,18.6309,17.484028,13.019651,13.862795,7.2447166,8.980436,6.9074044,8.360808,4.598517,0.0,4.092929,6.420309,9.605332,13.239462,15.442018,19.515778,21.99069,25.516106,26.857368,31.206415,29.495047,34.630054,32.616886,33.296967,31.117462,24.611032,25.195503,20.371765,23.530195,16.850136,20.794737,18.90441,19.03719,23.323957,23.036924,24.017948,24.572205,22.626093,25.391327,21.538557,26.496265,22.102364,27.794956,27.302465,30.754797,32.30801,32.138504,30.037743,33.183662,34.282017,31.583372,27.023746,22.885277,26.003504,22.812077,26.139866,27.234358,29.025639,29.882517,27.484627,31.457483,30.706642,33.445442,35.518326,34.960903,39.524822,38.909443,35.038948,36.24888,31.534967,35.83563,29.104948,30.379696,28.606117,24.834896,23.765863,22.814991,19.780214,19.047474,15.823761,16.241386,20.307753,17.576397,23.911915,25.859201,28.591139,32.30906,34.238873,38.711994,39.259514,41.08707,36.771774,38.6028,33.71883,31.096048,30.496227,27.446888,25.574047,24.25318,22.734632,22.330824,23.513742,22.15927,23.545214,25.599102,25.371037,28.76064
13,26.632523,23.717348,20.128447,16.954023,15.969431,11.33042,12.239055,6.553206,7.7085686,7.9140863,8.197753,6.5624356,4.092929,0.0,5.0193114,6.3731737,10.692676,12.850641,16.77304,19.440266,22.707947,24.424221,28.480097,26.958471,32.416553,30.377724,31.726307,29.664268,22.724564,23.62837,18.682882,22.17454,16.51363,19.904846,19.027231,19.186401,23.702614,23.65922,23.849943,23.81349,22.790012,24.759401,21.003347,25.666489,21.142876,26.50431,25.549105,28.963442,30.217205,29.66477,27.244902,30.131063,30.843115,28.03543,23.698908,19.671389,23.13963,20.300758,23.491236,25.063225,26.709227,28.287325,26.168095,30.12853,30.154785,32.307175,34.705276,34.105938,38.639133,37.550175,33.410763,34.595963,29.868046,34.139256,27.522308,28.283375,26.834547,23.020214,22.140388,21.743048,18.343353,16.990717,14.698214,14.427572,18.202589,15.31736,21.68166,23.417341,26.516478,30.19312,32.550827,37.12974,37.110157,38.56183,34.346962,36.465546,31.217659,28.721289,27.546066,24.741854,22.409166,21.231066,19.858793,18.91613,20.010603,18.207777,19.820168,21.62954,21.58732,24.916637
14,21.770006,18.837248,15.241633,12.328558,11.360121,6.665707,8.38077,2.6099467,6.9417605,8.018412,11.211786,9.862556,6.420309,5.0193114,0.0,5.1853566,6.9929833,10.009495,13.298743,16.220314,19.508835,20.528599,25.07379,23.803751,28.814068,27.183813,28.24141,26.570799,19.99131,21.617006,16.744461,21.357565,16.650583,21.087372,20.028696,21.19781,25.464752,24.663158,24.722532,24.109543,22.381672,23.557543,19.313646,23.194906,18.282427,23.208862,22.058851,25.247992,26.469774,26.11437,24.036251,27.097355,28.515558,25.826496,21.09332,16.973152,20.2438,17.20575,20.853157,21.904758,24.086336,25.109447,23.488865,27.709091,27.859795,30.612537,33.07841,33.11285,37.431156,36.072678,32.12815,34.07314,29.520426,34.54631,28.269764,29.420885,28.644936,25.07412,24.839247,24.769136,21.783434,19.83092,16.97626,15.756056,18.88305,15.032985,21.250437,21.736107,24.71491,28.034523,30.195242,34.616783,34.553364,36.184746,32.370865,34.794518,30.03868,28.006418,27.003658,25.437412,22.68977,22.638172,21.960733,20.99956,21.33744,19.594494,19.816444,21.543833,20.513514,23.715992
15,22.929527,19.687773,16.946007,12.682562,11.18696,7.6845074,7.224989,5.5836153,5.588399,9.175889,10.5305195,11.377513,9.605332,6.3731737,5.1853566,0.0,5.434138,6.647217,10.856426,13.179157,16.444939,18.573273,22.270248,20.649368,26.243004,24.188017,25.987549,24.145552,16.988914,18.545513,13.622209,18.142338,14.743919,18.22147,18.388287,19.542873,23.874071,23.405922,22.540651,21.314812,20.865358,21.23281,17.424746,21.151295,16.45011,21.145452,19.722383,23.061686,24.135887,23.443491,20.954185,23.958529,24.796333,22.3821,17.744009,13.5710335,16.782665,14.031311,17.19172,18.950882,20.609468,22.623814,20.991943,24.995201,25.955793,27.743414,30.509867,30.287146,34.591225,32.84121,28.591509,30.288918,25.729246,30.567083,24.457418,25.10452,24.684643,21.194426,21.28953,21.841948,18.806309,16.16293,14.249377,12.18949,14.769777,10.907689,17.02383,17.66245,20.999706,24.429874,27.064226,31.641138,31.124767,32.397884,28.42439,30.924587,25.708256,23.649061,22.18975,20.65968,17.63914,17.73647,17.326948,16.15941,16.245272,14.771702,14.694724,16.742357,15.95415,19.49473
16,17.653557,14.4142065,11.995792,7.3438015,6.3399644,3.4832826,4.8653774,7.0249577,9.09072,12.6141,15.52301,15.909166,13.239462,10.692676,6.9929833,5.434138,0.0,4.735242,6.311573,9.767042,12.623237,13.757322,18.1555,17.316074,22.413256,21.084442,22.969296,21.890488,15.221346,18.08102,13.578289,19.417368,17.650377,21.723646,21.87671,23.758966,27.791838,26.744299,25.695623,23.845325,22.92714,22.161766,18.039013,20.341393,15.271675,18.775696,16.645561,19.480255,20.171171,19.400385,17.156399,20.110884,21.718472,19.247086,14.273363,10.137343,13.54765,10.950242,14.76812,16.062784,18.481869,20.15959,19.581423,23.815294,25.334517,27.57018,30.497171,31.030775,34.964844,32.706253,28.66933,31.236364,27.023193,32.528374,27.03044,27.830538,28.18553,25.039158,25.679169,26.54853,23.791128,20.791248,18.803856,16.09814,17.68559,13.143477,18.391457,17.074137,20.358006,23.107534,25.68934,30.016357,29.048843,30.275589,27.040117,30.128704,25.462132,24.181095,22.590046,22.824305,19.190948,20.644037,20.992115,19.532612,18.817648,16.985725,15.51943,16.869684,14.823806,17.825026
17,19.556871,16.018717,14.725242,9.887473,7.2432046,7.586802,4.046539,9.107975,8.43536,12.7753525,15.213311,16.943619,15.442018,12.850641,10.009495,6.647217,4.735242,0.0,6.0026517,6.6703253,10.422779,12.906875,16.20597,14.131745,19.638866,17.585663,19.524853,18.002966,10.918056,13.564586,9.124004,15.057765,14.748479,18.41864,19.198206,21.460928,25.176706,24.035217,22.381384,19.992994,19.65834,18.115042,14.336545,16.37634,11.588533,15.123866,13.217583,16.474222,17.544348,17.03295,14.819814,18.374735,19.920025,18.434639,13.174728,8.819704,10.630828,7.4545126,10.866223,12.357448,14.304612,16.334475,15.425774,19.507,21.386545,23.09554,26.14122,26.599503,30.483318,28.096588,23.98176,26.550777,22.409857,28.035164,22.828146,23.727764,24.516113,21.701292,22.866394,24.109983,21.87426,18.47988,16.553474,13.187773,13.873856,9.187823,13.854478,12.399602,15.684886,18.61036,21.28319,25.731237,24.894617,26.245241,22.634218,25.520967,20.829412,19.499065,18.218262,18.726616,15.295504,17.27952,18.112251,17.250614,16.031796,15.646356,12.735969,15.1694355,12.894703,16.532824
18,15.510818,12.306706,11.905418,6.7864213,6.3108826,8.073446,7.9352026,13.044152,14.043666,18.078873,20.761295,21.884253,19.515778,16.77304,13.298743,10.856426,6.311573,6.0026517,0.0,5.162604,6.569469,7.8115153,11.920216,11.858531,16.873154,16.068232,18.950058,18.720129,12.654626,16.736864,13.381127,19.68153,20.598412,24.112823,25.114393,27.440424,31.104979,29.872036,28.047968,25.287773,25.025736,22.622927,18.987703,19.434526,14.814297,16.141521,12.877458,14.947344,14.822057,13.455416,11.025318,13.843864,15.8787985,13.878595,8.553743,4.6483874,7.951242,6.5848446,10.273914,11.744687,14.404447,16.763144,17.570948,21.511227,24.381813,26.027006,29.278027,30.329325,33.724686,30.632744,26.689882,29.851551,26.196182,31.969362,27.479649,27.96666,29.347445,26.7544,28.093925,29.63217,27.213173,23.640064,22.357866,18.863028,18.978262,14.49425,17.9249,14.557632,17.858965,19.678255,22.593449,26.616356,24.632273,25.371273,22.970276,26.752361,22.450037,22.13721,20.033997,22.30214,18.072786,20.99263,22.277447,20.557919,18.88138,17.252525,13.986026,14.71038,11.371043,13.757578
19,17.662203,14.294471,14.993654,10.501516,8.300159,11.747346,8.846339,15.261478,14.753265,18.955305,21.548923,23.543537,21.99069,19.440266,16.220314,13.179157,9.767042,6.6703253,5.162604,0.0,4.3660707,7.566728,9.792059,7.6064787,13.108142,11.433564,14.326874,13.829392,7.797689,12.22678,9.868855,16.033241,18.812147,21.974993,23.373346,26.15502,29.300528,27.816801,25.51184,22.21293,22.281847,18.862774,15.7622595,15.177136,11.197889,11.588761,8.24633,10.720532,11.144612,10.385291,8.362617,12.423346,14.840395,14.537662,9.127124,5.8467555,4.499676,1.4324505,5.429276,6.7303076,9.288572,11.873519,12.845485,16.558157,19.975319,21.206802,24.545792,25.791649,28.937153,25.632906,21.80064,25.27546,21.943472,27.967987,24.113789,24.875414,26.833109,24.76455,26.677155,28.494474,26.749311,22.965633,21.566977,17.683187,16.74853,12.542482,14.421074,10.0018835,12.964265,14.556553,17.449709,21.485008,19.637909,20.686228,18.032043,21.71163,17.801052,17.781883,16.292435,19.4305,15.635307,19.32013,21.1607,20.22775,18.026922,18.07317,13.226296,15.0896,11.432192,14.296016
20,17.352364,14.506438,16.027048,11.861088,10.994874,14.413845,12.770702,18.900543,18.788443,23.060535,25.425962,27.336048,25.516106,22.707947,19.508835,16.444939,12.623237,10.422779,6.569469,4.3660707,0.0,4.9550433,5.8704586,5.8535976,11.072419,10.447546,14.6701975,15.226968,10.60012,15.258936,13.747749,19.490465,22.988234,25.715704,27.485058,30.165686,33.290363,31.917389,29.363401,25.828558,26.317726,22.428453,19.712183,18.311316,14.919861,13.737031,9.643254,10.612888,9.547714,7.4232874,4.5568047,8.124169,10.868757,10.835076,5.7436457,4.652168,2.2846963,4.657491,5.9508576,7.590157,9.899948,13.214892,15.412581,18.547243,22.786728,23.480564,26.941135,28.406942,31.128592,27.266504,23.56221,27.195765,24.321873,30.13524,26.923841,27.19082,29.57503,27.718948,29.751495,31.849977,29.999683,26.069578,25.309422,21.335295,20.027792,16.182579,17.235348,12.0186,14.836957,15.412283,18.595833,22.159126,19.123392,19.34824,17.796467,22.148518,18.490038,19.284355,17.010004,21.351131,17.118313,21.32245,23.469013,22.000072,19.496773,18.949093,13.900705,14.559123,10.35975,12.018426
21,12.946238,10.5771055,13.036447,10.128637,10.405938,14.415296,14.072157,19.985428,21.037212,24.886032,28.077234,29.289423,26.857368,24.424221,20.528599,18.573273,13.757322,12.906875,7.8115153,7.566728,4.9550433,0.0,5.7941866,8.309626,10.953857,12.081763,15.350362,16.850578,13.575741,18.496456,17.03489,23.152973,26.051579,29.51532,30.677713,33.543232,36.7052,35.01725,32.875854,29.521223,29.155825,25.42751,22.31185,20.494144,16.903685,15.122737,10.96568,10.80063,9.114719,7.249378,6.191542,8.627644,12.720043,12.201256,7.905003,7.7156987,7.0290666,8.190838,10.158297,10.116864,13.218859,14.874121,17.740755,21.003088,24.829245,26.418962,29.665075,31.634752,34.15183,30.374166,27.10179,31.170475,28.442677,34.516613,31.295727,31.884886,34.155834,32.18445,34.09058,35.951668,33.98711,30.197481,28.937557,25.136381,24.268187,20.086576,21.622526,16.313456,18.618097,18.72351,21.24432,24.299955,21.392824,21.814842,21.136099,25.533918,22.703846,23.724787,21.81333,26.189754,22.023954,26.080013,28.050442,26.4717,24.152071,23.004217,18.516146,18.615313,14.41441,15.213156
22,17.99949,15.992999,18.79811,15.768767,15.4874115,19.479412,18.155138,24.436369,24.502794,28.670794,31.225058,33.13205,31.206415,28.480097,25.07379,22.270248,18.1555,16.20597,11.920216,9.792059,5.8704586,5.7941866,0.0,5.561326,7.4164267,8.905391,13.780546,15.787643,13.794002,18.449131,18.238888,23.459904,28.027094,30.572084,32.48418,35.37893,38.19693,36.633938,33.873466,30.027733,30.579464,25.95342,23.734428,20.973288,18.536392,15.3264475,11.082378,9.841091,6.918274,3.216434,2.058506,4.0278816,8.775456,10.547606,7.898584,9.6755295,6.432718,9.651801,9.073873,9.36623,11.198481,13.9674,17.583899,19.845074,24.766335,25.13895,28.523447,30.54971,32.518192,28.123495,25.013481,29.11681,27.065016,32.797745,30.628292,30.807657,33.75987,32.350956,34.679558,36.988815,35.375458,31.36314,30.763193,26.702665,24.888742,21.407532,21.297071,15.268967,17.117428,16.174778,18.997349,21.551172,17.446865,17.000214,17.28416,22.093071,19.728296,21.605154,19.3949,25.075554,21.027605,25.74462,28.246729,26.774427,23.977226,23.54875,18.206911,18.180674,13.932711,14.066193
23,20.249308,17.55004,19.915493,16.440979,14.733553,19.023127,16.080473,22.716358,21.779114,25.904078,28.319054,30.764122,29.495047,26.958471,23.803751,20.649368,17.316074,14.131745,11.858531,7.6064787,5.8535976,8.309626,5.561326,0.0,6.288542,4.664489,9.751252,10.80811,8.707152,13.103357,13.625418,18.318897,23.670822,25.984987,27.987679,31.081339,33.53724,31.858185,28.93013,24.9363,25.632774,20.665339,18.862938,15.807708,13.962515,10.567713,6.615889,6.4487963,5.418251,4.419251,4.101702,8.530159,11.796441,14.040343,10.319334,10.212097,4.720595,6.6907034,4.578888,4.2260075,5.6667957,8.973532,12.291717,14.436887,19.512325,19.619223,23.045708,24.991877,27.052446,22.78715,19.587063,23.785501,21.729803,27.66453,25.616547,26.20303,29.257729,28.107464,30.680908,32.981457,31.858505,27.883478,26.975105,22.878305,20.636915,17.472286,16.533514,10.246989,11.652081,10.833028,13.725947,16.779013,13.416816,13.928525,12.83094,17.297617,14.941085,16.644375,15.351589,20.946066,17.556492,22.35716,24.97666,24.31566,21.446684,22.378757,16.378323,17.832045,13.844743,15.424746
24,20.64591,18.69253,22.128553,19.912138,18.531904,23.483757,20.831697,27.57291,27.043745,30.837753,33.830624,36.068985,34.630054,32.416553,28.814068,26.243004,22.413256,19.638866,16.873154,13.108142,11.072419,10.953857,7.4164267,6.288542,0.0,4.4598727,7.78737,11.042388,12.863681,16.78387,18.396704,22.58886,28.395924,30.96331,32.64599,36.07625,38.137703,36.050644,33.234978,29.166239,29.318262,23.902483,22.456577,18.016222,17.221226,11.889875,8.805261,5.49135,2.6304495,4.2593985,7.7260666,10.301378,14.519628,17.572334,14.932734,15.671874,10.696296,12.334508,10.631876,8.42846,9.544743,9.813357,14.484786,15.593266,20.654987,21.101345,24.093311,26.890144,28.028608,23.578163,21.496359,26.326094,25.185204,31.127743,30.013031,30.947262,34.305374,33.513935,36.275707,38.53839,37.71073,33.797596,32.547672,28.521357,26.152422,23.123215,21.638672,15.267012,15.267253,12.906815,14.309269,15.705708,12.044612,12.755479,13.896298,18.158451,18.043224,20.544302,20.055292,26.215992,23.29727,28.223907,30.95629,30.491861,27.550306,28.57112,22.527418,23.678799,19.627285,20.436678
25,22.676758,20.145447,22.924368,20.013231,17.890837,22.600801,19.049124,25.785206,24.476418,28.318785,30.893354,33.560505,32.616886,30.377724,27.183813,24.188017,21.084442,17.585663,16.068232,11.433564,10.447546,12.081763,8.905391,4.664489,4.4598727,0.0,6.047196,7.8597527,9.29326,12.739181,14.838292,18.445442,24.795889,26.936134,28.875349,32.272717,34.16385,32.18454,29.149857,24.97401,25.555231,19.951626,18.900429,14.5339,14.1830015,9.079282,6.424267,4.772745,4.745617,6.284193,8.105447,11.713207,14.998143,18.078966,14.873513,14.827545,9.270615,10.296232,7.6650887,5.40256,5.3148103,6.5642133,10.827166,11.779714,17.254305,17.101936,20.303177,22.788486,24.178782,19.723679,17.261944,21.990953,20.732267,26.698633,25.594267,26.604586,30.00718,29.372412,32.24931,34.560364,33.98877,30.107323,28.91396,24.893744,22.215225,19.56749,17.461971,11.143262,10.837129,8.540018,10.425555,12.675232,9.377771,10.74493,10.235784,14.393105,13.845376,16.173002,16.123537,22.12043,19.60938,24.492506,27.274992,27.236244,24.286234,26.076647,19.800156,21.718529,17.968529,19.544842
26,23.096052,20.621864,23.492155,21.480549,18.790283,23.916203,19.861624,26.41952,25.137197,28.298304,31.568712,34.057125,33.296967,31.726307,28.24141,25.987549,22.969296,19.524853,18.950058,14.326874,14.6701975,15.350362,13.780546,9.751252,7.78737,6.047196,0.0,4.1882744,9.911235,12.232284,15.173435,18.155592,24.271004,27.041058,28.153906,31.987999,33.358444,30.789412,28.221937,24.29934,23.699078,18.071045,17.199648,11.679835,12.542894,6.1382732,6.3451276,4.568663,7.341125,10.801243,13.276526,17.161022,20.900558,23.640795,19.880787,19.017273,13.834155,13.229587,11.696882,7.9924173,8.470813,4.115388,8.626749,9.057385,13.372091,14.72409,17.24813,20.564922,21.588703,17.8501,16.46844,21.744629,20.81129,27.099314,26.128443,28.1421,31.283987,30.791725,33.680927,35.589634,35.477753,31.912472,29.736456,26.043644,23.619785,21.017605,18.977673,13.520231,11.847945,9.609016,8.835732,10.202735,10.02456,13.400989,12.532581,15.006355,16.180155,18.031023,19.642351,24.697346,23.06451,27.485455,30.015831,30.661873,27.967926,30.245512,24.124754,26.66822,23.006441,25.049822
27,24.809587,21.927494,24.107706,21.646341,18.382538,23.095518,18.320433,24.5865,22.630093,25.638525,28.608856,31.399616,31.117462,29.664268,26.570799,24.145552,21.890488,18.002966,18.720129,13.829392,15.226968,16.850578,15.787643,10.80811,11.042388,7.8597527,4.1882744,0.0,7.4596353,8.464107,12.040304,14.22347,20.609951,23.170216,24.28868,28.15232,29.324053,26.756117,24.119974,20.200987,19.692167,13.92733,13.415206,7.745916,9.49474,3.685341,6.1269984,6.984778,10.280261,13.227714,14.797548,19.094902,22.278921,24.761448,20.600374,19.038403,14.0588875,12.600611,11.040915,7.695802,7.3744693,2.0310607,4.6621404,5.1382146,9.618575,10.972758,13.677241,16.73841,18.26678,14.8871565,13.131001,18.312267,17.067171,23.50794,22.282318,24.632792,27.597376,27.177395,30.085518,31.893116,32.049965,28.63446,26.273718,22.728432,20.217896,17.98364,15.626847,10.963246,8.690435,7.364848,6.1735835,8.947438,10.387576,14.222649,11.613781,13.217508,13.922898,15.0709915,17.46821,21.68661,20.639193,24.687057,27.08231,28.210484,25.683643,28.564589,22.56547,25.756573,22.48277,25.135664
28,22.656061,19.24602,20.310545,16.685852,13.2070465,17.037043,11.98095,18.225597,15.971975,19.579853,22.074047,24.956375,24.611032,22.724564,19.99131,16.988914,15.221346,10.918056,12.654626,7.797689,10.60012,13.575741,13.794002,8.707152,12.863681,9.29326,9.911235,7.4596353,0.0,4.940608,5.6274624,10.276754,15.565814,18.32383,19.788303,23.239096,25.36125,23.369267,20.676039,16.873264,16.954233,12.192368,10.170155,7.9274406,5.878636,5.604911,5.1007895,8.823354,11.319557,12.585695,12.206498,16.8283,19.258455,20.57408,15.767726,13.174945,9.302305,6.5673814,6.0233636,4.710516,5.2761874,6.0412526,5.2451816,8.927714,12.451454,13.472626,16.759903,18.245565,21.252464,18.193678,14.653233,18.605782,15.646677,22.169378,19.083595,20.88013,23.2722,22.021572,24.56748,26.390724,25.848999,22.243454,20.149595,16.321299,14.245558,11.162993,10.386546,5.71865,6.4800487,8.495483,10.479464,14.836785,14.757619,17.176033,13.313625,15.735866,12.944085,12.736734,13.713116,16.822737,14.873602,18.635674,20.769613,21.472271,19.146345,21.577332,15.98231,19.42618,16.419836,19.74241
29,27.047401,23.573736,24.24736,20.670767,16.868305,20.021542,14.384341,19.631876,16.268892,19.341204,21.202646,24.649393,25.195503,23.62837,21.617006,18.545513,18.08102,13.564586,16.736864,12.22678,15.258936,18.496456,18.449131,13.103357,16.78387,12.739181,12.232284,8.464107,4.940608,0.0,4.964111,5.9966598,12.838422,14.831229,16.465456,20.063656,21.544468,19.479465,16.477505,12.4636545,13.0047455,7.6090174,6.9987235,5.259574,5.8819947,7.5108986,9.326339,12.733598,15.584157,17.109074,16.770304,21.230341,23.132683,24.644053,20.03211,17.28723,13.737848,11.073993,10.086923,9.293001,8.235448,8.183337,4.27189,6.793954,9.24487,9.5404625,12.735787,13.628692,17.07814,14.689182,11.013435,14.533963,11.344326,17.992966,14.9369335,17.45537,19.762865,18.951855,21.717016,23.442087,23.642176,20.339825,17.97042,14.491898,11.909785,10.191868,7.8306146,6.025573,4.8004136,8.152265,9.202319,13.750263,15.251661,18.170685,13.274046,14.0984,11.514557,10.253344,12.9953375,14.709809,14.3142185,17.36021,19.349152,21.08449,19.012014,22.653418,17.350515,21.548887,19.281017,22.957014
30,24.906595,21.277294,21.139664,17.210413,13.38525,15.666418,9.960683,14.841554,11.426079,14.84186,16.807617,20.050184,20.371765,18.682882,16.744461,13.622209,13.578289,9.124004,13.381127,9.868855,13.747749,17.03489,18.238888,13.625418,18.396704,14.838292,15.173435,12.040304,5.6274624,4.964111,0.0,6.545683,10.083508,13.147106,14.415616,17.73369,20.163923,18.397352,15.90482,12.564614,12.626684,9.361479,6.5415397,8.309353,5.32821,9.801354,10.341441,14.251086,16.725267,17.620197,16.516808,20.932167,22.658777,23.140497,18.137987,14.6407995,12.617566,9.149736,9.816409,10.027661,10.231498,11.119437,8.027093,11.577388,13.013077,14.206059,17.144384,17.490845,21.418703,19.426702,15.491651,18.183577,14.186255,20.38476,15.82114,17.949509,19.385506,17.611267,19.795853,21.25609,20.696337,17.343973,14.664818,11.021301,9.617645,6.3117223,7.4695897,6.9458213,8.452786,12.150362,13.948722,18.535927,19.325068,21.705748,16.990902,18.471752,14.636,12.788423,14.0364065,14.436051,13.146422,15.527564,16.985535,18.257349,16.587675,19.428,14.899174,19.0654,16.998055,20.998198
31,31.297775,27.687195,27.519817,23.679338,19.81254,21.615543,15.898779,19.420319,14.885623,17.345255,17.870577,21.944267,23.530195,22.17454,21.357565,18.142338,19.417368,15.057765,19.68153,16.033241,19.490465,23.152973,23.459904,18.318897,22.58886,18.445442,18.155592,14.22347,10.276754,5.9966598,6.545683,0.0,8.540123,9.045465,11.266295,14.598047,15.844764,14.224751,10.7551565,6.6440225,8.827142,5.053338,6.0010633,8.7555485,9.392638,13.233956,15.095727,18.666748,21.395018,22.546926,21.621847,25.856218,26.9966,28.043505,23.525803,20.363108,17.951242,15.1299095,14.533608,14.785523,13.507414,14.15193,9.824658,11.211247,11.424775,10.829522,13.270752,12.246194,16.665398,15.634542,11.719176,13.032063,8.674052,14.568466,9.959308,13.144878,14.547999,13.680867,16.36144,17.855587,18.612797,15.756279,13.192048,10.343111,7.676553,8.02817,5.52346,9.071017,8.612663,12.602527,13.576054,17.856821,19.888086,22.516693,16.990978,16.691454,13.220565,10.185247,13.423493,11.903629,13.11826,14.427671,15.757869,18.52395,17.143614,21.654778,17.470629,22.24481,21.043308,25.137594
32,31.59138,27.99157,26.485302,23.047688,19.342089,19.284641,14.307226,14.700587,9.806669,10.36208,10.620917,14.442117,16.850136,16.51363,16.650583,14.743919,17.650377,14.748479,20.598412,18.812147,22.988234,26.051579,28.027094,23.670822,28.395924,24.795889,24.271004,20.609951,15.565814,12.838422,10.083508,8.540123,0.0,6.2149067,4.66057,8.143667,10.857226,9.287949,8.309014,7.977039,6.637433,9.641117,7.7921414,13.894679,12.338075,18.393333,19.992594,23.907612,26.639479,27.617483,26.304802,30.537443,31.74305,31.515957,26.59174,22.6052,22.089546,18.50551,19.657934,20.082455,20.070467,20.248743,15.980063,18.494719,16.793003,18.316257,19.874626,18.53413,23.228203,23.432775,19.98105,20.52557,16.020536,20.356415,14.031865,17.095913,16.004686,13.584398,14.467529,14.314746,14.469136,12.832017,7.708154,7.0185685,8.743742,8.476661,11.524118,15.681001,16.518408,20.595587,21.513506,25.74106,27.931961,30.5687,25.22022,25.227243,21.38022,18.071125,20.10392,16.412586,17.23615,16.41373,16.008215,18.705568,18.709173,22.032145,20.001398,24.509443,23.880066,28.207592
33,36.652554,32.99912,31.668016,27.709246,24.162191,23.957766,19.082838,19.572262,14.271019,15.22202,13.052857,17.684124,20.794737,19.904846,21.087372,18.22147,21.723646,18.41864,24.112823,21.974993,25.715704,29.51532,30.572084,25.984987,30.96331,26.936134,27.041058,23.170216,18.32383,14.831229,13.147106,9.045465,6.2149067,0.0,5.1334734,6.301708,8.189365,8.604619,5.405935,5.284251,8.8421755,11.218075,11.732197,16.943377,16.555391,21.744055,23.267536,27.070122,29.596619,30.262157,28.659773,32.56075,32.93789,33.044292,28.703213,25.116528,24.410437,21.484562,21.674486,22.758835,21.78033,22.970192,18.639532,20.1247,19.049494,18.54649,20.006268,17.441973,22.12734,22.52059,18.893326,17.823736,13.331683,15.944728,9.151921,11.908221,10.018172,7.9075646,9.110836,9.402843,10.867238,9.5334015,6.314495,6.583949,6.7937756,9.845557,10.569357,16.483118,17.1236,21.237791,22.44073,26.546972,28.55367,30.742788,25.04104,24.386501,20.118126,16.23528,18.366356,12.91875,15.325522,13.288672,12.598632,16.395657,16.684072,21.245134,19.6168,24.375391,24.58784,28.891369
34,36.09067,32.51824,30.850924,27.518766,23.884007,23.462936,18.780594,18.264042,13.422643,12.883591,11.701967,15.562426,18.90441,19.027231,20.028696,18.388287,21.87671,19.198206,25.114393,23.373346,27.485058,30.677713,32.48418,27.987679,32.64599,28.875349,28.153906,24.28868,19.788303,16.465456,14.415616,11.266295,4.66057,5.1334734,0.0,4.2512965,6.2379065,5.1391,5.2162113,7.4742866,6.666944,11.611404,11.253637,17.193226,16.528027,22.378517,24.308327,28.176037,30.996517,32.032196,30.712254,34.889393,35.841686,35.669586,30.908895,26.977266,26.483664,23.027954,23.908243,24.391994,24.035143,24.158936,19.62829,21.499807,19.117401,20.15546,21.101694,18.984291,23.671892,24.748144,21.65097,21.178312,16.918076,19.94637,13.587236,16.891447,14.761627,12.639538,12.933093,11.906342,13.126791,12.739639,7.6242795,9.039121,10.852183,12.212523,14.3007765,19.356604,19.806715,23.847166,24.469559,28.438778,31.092333,33.772823,28.206957,27.543705,23.894945,20.24575,22.673176,17.84457,19.703623,17.899216,16.938993,20.296047,20.7973,24.5605,23.167501,27.761951,27.617813,31.966764
35,39.033962,35.47657,33.4714,29.97778,26.618807,25.4683,21.327753,19.838121,15.028105,14.098134,11.136943,15.05422,19.03719,19.186401,21.19781,19.542873,23.758966,21.460928,27.440424,26.15502,30.165686,33.543232,35.37893,31.081339,36.07625,32.272717,31.987999,28.15232,23.239096,20.063656,17.73369,14.598047,8.143667,6.301708,4.2512965,0.0,4.629369,6.384576,7.0500994,10.160041,10.723534,15.551224,15.356006,21.272228,20.40992,26.276089,27.914913,31.820127,34.455803,35.191612,33.553932,37.498985,38.011646,37.55125,33.03596,29.12473,29.17035,25.904945,26.80022,27.726015,27.264553,27.935656,23.501135,25.31835,23.205034,23.728306,24.660467,22.092625,26.731783,27.906385,24.686674,23.502146,19.26383,21.17584,14.650563,17.18848,14.012665,11.583544,10.744489,8.745067,10.197752,11.062226,6.6255527,9.7488785,12.1885395,14.270309,16.60233,22.19283,22.986553,27.119036,28.052685,32.07488,34.45066,36.829872,31.175642,30.492846,26.395945,22.534363,24.471222,18.658941,20.767193,17.928259,16.24611,19.713451,20.851368,24.488081,24.130814,28.55874,29.021868,33.331238
36,42.31532,38.750355,37.010567,33.67478,30.095945,29.437117,24.941898,23.917019,19.139868,18.079689,15.6684,19.312536,23.323957,23.702614,25.464752,23.874071,27.791838,25.176706,31.104979,29.300528,33.290363,36.7052,38.19693,33.53724,38.137703,34.16385,33.358444,29.324053,25.36125,21.544468,20.163923,15.844764,10.857226,8.189365,6.2379065,4.629369,0.0,4.0342793,5.616072,9.977707,10.572405,15.751082,16.688807,22.15392,22.31422,27.818163,29.999617,33.791523,36.655293,37.70553,36.3565,40.432186,41.035866,41.000202,36.490547,32.688305,32.137173,28.88757,29.392323,29.995808,29.210886,29.419779,24.733839,25.872866,23.096184,23.322006,23.605564,20.626705,25.00529,26.998806,24.388418,22.657005,19.005213,20.05784,14.379004,17.523638,14.280887,13.037174,12.5796385,10.535981,13.370714,14.546569,10.900256,13.538515,14.926097,17.539892,18.55468,24.271334,24.34523,28.243744,28.614393,32.224964,35.256233,37.88249,32.149094,30.740849,27.367022,23.484411,26.224638,20.402376,23.330765,20.622705,19.201403,23.128576,24.079123,28.315681,27.526382,32.1487,32.5363,36.85397
