,0,1,2,3,4,5,6,7,8,9,10,11,12,13,14,15,16,17,18,19,20,21,22,23,24,25,26,27,28,29,30,31,32,33,34,35,36,37,38,39,40,41,42,43,44,45,46,47,48,49,50,51,52,53,54,55,56,57,58,59,60,61,62,63,64,65,66,67,68,69,70,71,72,73,74,75,76,77,78,79,80,81,82,83,84,85,86,87,88,89,90,91,92,93,94,95,96,97,98,99,100,101,102,103,104,105,106,107,108,109
0,0.0,4.2786813,6.843763,9.415477,12.155073,13.923411,17.53835,20.756262,24.055119,26.678297,30.630157,29.222715,26.95906,27.478855,22.833809,23.884119,21.049143,21.134699,22.009342,21.085308,24.368965,22.898521,28.561049,29.101938,30.451296,26.792213,30.827682,30.805567,24.740454,27.38653,24.096804,28.188633,29.716106,28.765589,32.48434,33.213448,36.957855,37.27218,33.87539,31.310383,34.13098,32.22322,30.061127,29.676512,33.836365,30.207153,33.632896,33.669407,36.130142,36.486076,34.61304,37.704628,34.799263,38.582764,37.6595,40.87458,36.80963,39.40598,40.080185,38.454075,35.25176,34.329052,31.130075,27.82446,26.626081,22.29319,23.084356,19.177816,21.810017,17.316967,17.909561,22.112022,20.910652,27.041891,25.823263,29.19453,31.250639,32.626495,35.739403,36.4897,37.40156,34.741344,31.16027,29.879139,25.9935,28.883408,22.717455,25.36763,23.124063,24.547499,23.879202,23.19492,19.382578,18.632143,17.35754,13.784847,16.483845,14.8103695,10.187976,10.527744,13.420945,13.711745,16.25731,16.5875,14.613174,17.435915,16.86809,16.991537,20.379623,20.19427
1,4.2786813,0.0,4.9759603,7.287226,8.970823,11.934679,14.433307,18.439465,21.449581,24.017555,28.173208,27.24712,25.532227,25.898905,21.526302,21.89336,19.485956,18.759449,20.149672,18.524538,21.929356,20.648966,25.91708,26.800264,27.539946,23.663244,27.372944,27.471594,21.330524,24.39769,21.035921,25.736286,27.518576,27.275352,30.680595,31.89083,35.598633,35.48508,32.18692,29.446636,31.76402,29.43496,27.157373,26.278246,30.38779,26.544327,29.93548,29.844809,32.160217,32.382195,30.482485,33.48115,30.540684,34.391,33.564453,36.89435,32.97265,35.667404,36.524456,34.8401,31.67854,30.624308,27.202797,23.984777,22.499784,18.305843,19.155302,15.10823,17.817257,13.187639,13.670977,17.852827,16.855516,22.914845,22.166094,25.50704,27.81949,29.42482,32.641823,33.61411,34.66496,31.815107,28.69338,27.015314,22.92883,25.5087,19.171782,21.36635,19.061369,20.332521,19.810795,19.366957,15.618919,15.034623,14.270429,10.458141,13.286079,12.65158,7.627785,6.6512494,10.418244,11.943993,15.014807,15.380809,12.814691,16.411152,14.455932,15.395494,18.199045,18.514233
2,6.843763,4.9759603,0.0,5.242268,6.84767,7.844687,11.690906,14.254782,17.963966,20.13266,24.393421,23.538725,21.703941,22.640451,18.552927,19.781557,18.151978,17.829208,20.5485,19.599024,23.251534,22.94101,27.84814,29.459185,30.063053,26.419718,29.370008,29.039806,22.195707,25.055807,20.962593,25.85944,26.113535,26.394104,29.27535,30.225004,34.288097,34.226128,31.451847,29.22882,30.849674,29.241003,26.304222,26.034164,30.619572,27.204453,30.916271,31.107943,33.140762,32.901253,30.513226,33.359325,30.09253,33.3732,32.59112,35.515274,31.596228,34.3697,34.71243,32.62078,29.643847,28.197622,25.355406,21.742807,21.20389,16.517569,17.580675,14.122943,17.843185,14.010208,13.865869,17.774132,15.915206,22.022808,19.951202,23.722836,25.245861,26.805391,29.854815,30.39413,31.728811,29.273088,25.934528,24.690725,20.613045,23.86408,17.736055,20.991528,19.44001,20.9241,21.39112,21.651508,17.760464,18.031004,18.05842,14.174445,15.763977,16.330679,11.967155,9.222063,11.774658,14.444616,17.582235,16.718113,13.764203,15.810125,13.313257,12.92857,15.343565,14.722064
3,9.415477,7.287226,5.242268,0.0,3.7953146,5.7351503,8.545713,12.449897,14.894087,18.032347,21.613554,20.200647,18.40039,18.61742,14.269092,14.915915,12.974255,12.723528,15.480616,15.029073,18.702114,18.984556,23.756111,25.759588,26.718273,23.673897,26.267033,25.372215,18.271273,20.551659,16.36031,20.858128,21.068619,21.171558,24.158182,25.19091,29.154707,29.084597,26.221485,24.014706,25.785988,24.386562,21.550804,21.789848,26.488985,23.565397,27.477882,28.153309,30.40138,30.383326,27.973488,31.31448,28.631903,31.671175,30.132767,32.82979,28.457518,30.906635,31.175316,29.629251,26.369385,25.932074,23.21444,20.122461,20.63444,16.001194,18.213848,14.693816,19.118174,14.949785,12.577334,16.549055,13.780174,19.943901,17.32493,20.583958,22.307905,23.394367,26.445618,27.216787,27.994694,25.359144,21.775717,20.52367,16.702389,19.938297,14.099812,18.115368,16.860935,19.206148,19.780733,20.016731,15.6045,16.906986,17.465881,13.865112,12.939941,14.159122,11.551492,8.202964,8.028142,10.967564,13.944487,12.229875,9.137087,10.745278,8.217064,8.189282,11.059017,11.464366
4,12.155073,8.970823,6.84767,3.7953146,0.0,5.279191,5.4944143,10.56604,12.659451,15.583896,19.491388,18.815088,17.794085,17.963448,14.277258,14.120565,13.150057,11.785395,15.482883,14.289878,17.99311,18.66662,22.738228,25.17034,25.4006,22.228,24.223833,23.40844,16.171885,18.91696,14.504762,19.804314,19.994396,21.128248,23.538776,25.082937,28.992065,28.43172,25.835045,23.560125,24.52802,22.755032,19.625942,19.330294,24.063456,20.982801,24.895517,25.46489,27.444765,27.145927,24.581947,27.757677,24.940203,27.921944,26.525806,29.288055,25.086784,27.709658,28.095057,26.343445,23.166763,22.422163,19.531425,16.416172,16.894838,12.29613,14.778492,11.404221,16.170023,12.382358,9.347555,13.054639,10.103894,16.255056,13.812565,17.221146,19.108387,20.532316,23.70557,24.66602,25.722752,22.930056,19.948065,18.239437,14.085547,17.082647,10.955563,14.75183,13.720306,15.94968,17.047497,17.786612,13.632554,15.364943,16.623478,13.204436,12.005099,14.524934,12.116423,7.652024,7.5933614,11.937214,15.089452,13.462663,10.02938,12.058011,7.4837036,8.50245,9.871705,10.832178
5,13.923411,11.934679,7.844687,5.7351503,5.279191,0.0,6.0237417,6.99065,10.471471,12.973232,16.768728,15.699191,14.03331,15.13701,11.654957,13.393232,13.2511835,13.241328,17.772512,17.859802,21.493631,22.7961,26.7468,29.484869,29.995556,27.164818,28.777533,27.560598,20.095078,22.167732,17.346987,22.040035,20.201132,21.418455,23.349045,24.195227,28.517069,28.32423,26.327951,24.835915,25.342707,24.78512,21.119337,21.949207,27.012548,24.641584,28.724216,29.60845,31.37137,30.739614,27.808615,30.789072,27.757088,30.007826,28.617361,30.760355,26.557697,29.104084,28.73231,26.604954,23.69177,22.656519,20.786522,17.314737,19.125444,14.271059,16.71911,14.324015,19.445145,16.506817,13.815609,16.897139,13.369037,18.968405,14.690627,18.42476,18.972723,20.047922,22.841621,23.046904,24.312607,22.22284,18.580568,17.870974,14.118332,18.155647,13.014349,18.039642,17.852612,20.143154,21.825462,22.853832,18.765936,20.63152,21.843472,18.317997,17.036396,19.299652,16.794245,12.686071,12.218781,15.958183,18.777119,16.265942,13.170243,12.81647,9.296872,7.2087555,8.283228,7.011653
6,17.53835,14.433307,11.690906,8.545713,5.4944143,6.0237417,0.0,6.835108,7.478747,10.569533,14.292805,14.147943,14.053365,14.151574,11.681704,11.014799,11.957913,10.096586,15.45163,14.675238,18.106318,20.02049,22.89312,26.191212,25.96059,23.356768,24.051361,22.712358,15.285078,17.590334,12.680548,18.131466,16.75307,19.25767,20.552452,22.357304,26.325584,25.35872,23.51305,21.750433,21.362175,20.128586,16.277235,16.45468,21.48855,19.16517,23.23573,24.204964,25.755383,24.97674,21.947742,25.028095,22.30312,24.440481,22.73138,24.946634,20.667326,23.256725,23.191793,21.242418,18.157324,17.492905,15.236484,12.261932,14.624472,10.254623,13.727215,11.646006,16.972664,14.438221,10.050967,12.299213,8.108594,13.308357,9.03869,12.566228,13.816659,15.162022,18.284634,19.190552,20.409384,17.723892,15.049758,13.300533,9.040032,12.521408,7.0879183,12.260961,12.66172,15.217067,17.472382,18.983727,15.263714,17.964453,20.055222,17.153646,14.558553,18.244661,16.86982,12.163663,10.671057,15.357169,18.096735,15.690454,12.464574,12.913111,7.180541,7.7556233,6.360813,7.8939443
7,20.756262,18.439465,14.254782,12.449897,10.56604,6.99065,6.835108,0.0,5.3461046,6.194756,10.40724,10.628212,10.334739,12.266313,11.2071295,12.970659,15.197388,14.809258,20.618343,20.875387,24.172335,26.478651,29.210497,32.719727,32.571545,30.123497,30.456339,28.916677,21.576492,23.337835,18.321726,23.0003,19.247902,22.107574,22.475653,23.456423,27.81639,27.162231,26.301718,25.544174,24.297295,24.47638,20.091665,21.322794,26.425608,24.83416,28.865894,29.97841,31.08915,29.773008,26.361622,28.83439,25.685568,26.780897,25.471909,26.809444,22.969168,25.515093,24.413782,21.649677,19.304712,17.639662,17.056906,13.597751,17.34412,13.08873,15.890759,15.251999,20.569845,19.177172,15.937393,17.47741,13.508432,17.37798,11.356779,15.149688,14.054816,15.110745,17.471313,17.07017,19.044386,17.625347,14.567149,14.337452,11.080931,15.485164,12.168894,17.55339,18.712477,20.83,23.629967,25.456968,21.974363,24.475025,26.438454,23.277529,21.313581,24.658157,22.666334,18.044481,17.079184,21.393219,24.028116,21.090744,18.10359,16.78569,12.482634,10.208583,7.87411,5.6010866
8,24.055119,21.449581,17.963966,14.894087,12.659451,10.471471,7.478747,5.3461046,0.0,4.61676,6.8882394,7.151002,8.524302,9.099243,9.478771,9.615843,13.143666,12.278923,18.424593,18.960613,21.782068,24.853823,26.656013,30.641476,30.389402,28.630156,28.134901,26.101442,19.075722,20.116413,15.266908,19.395643,14.829731,18.636541,18.171717,19.590641,23.698677,22.617136,22.193445,21.717104,19.60001,20.160603,15.581994,17.393856,22.431324,21.686523,25.692032,27.260828,28.278368,26.981642,23.517372,26.25778,23.833288,24.361412,22.234972,23.080643,18.860733,21.013134,19.64147,17.388388,14.809967,14.471155,14.439408,12.12037,17.226482,13.848737,17.44918,17.032383,22.2959,20.941608,16.42763,17.277542,12.889523,15.55387,8.698023,11.36912,9.906468,10.217089,12.602614,12.582249,14.0442095,12.353766,9.394349,9.060224,6.3629766,10.933394,9.498229,15.30848,17.270239,19.863888,22.910816,24.872421,21.565634,24.75254,27.162405,24.493944,21.098286,25.026869,24.2268,19.601814,17.337564,21.563492,23.760845,20.512722,17.884493,16.059927,11.622824,10.190009,6.0782833,6.2964883
9,26.678297,24.017555,20.13266,18.032347,15.583896,12.973232,10.569533,6.194756,4.61676,0.0,5.2937007,8.178668,10.353232,12.018048,13.368402,14.059166,17.735994,16.806995,22.96705,23.18839,25.991547,28.991856,30.552114,34.59674,33.885063,31.909979,31.108122,29.314278,22.546495,23.910198,19.19745,23.533981,18.710224,22.924208,21.908524,23.234158,27.256489,26.02435,26.136549,25.90033,23.121387,23.745546,19.072329,20.453724,25.219423,24.453205,28.222105,29.543858,30.06963,28.256384,24.59034,26.603518,23.70965,23.61259,22.193438,22.646948,19.225542,21.599693,19.85435,16.638662,14.946846,12.992884,13.948846,11.297016,16.797338,13.898006,16.899607,17.568626,22.544474,22.197184,18.457933,18.638178,14.75448,16.42028,9.575378,12.4729,9.6081505,10.510282,12.275438,11.420487,14.150865,13.347566,11.646168,11.637323,9.5680485,13.339359,12.550258,17.383772,19.622591,21.554586,25.034752,27.361362,24.50294,27.475994,29.9864,27.281649,24.627453,28.690351,27.343117,22.542677,21.081495,25.589333,27.992981,24.925852,22.136034,20.549612,15.965303,14.395617,10.568126,9.53029
10,30.630157,28.173208,24.393421,21.613554,19.491388,16.768728,14.292805,10.40724,6.8882394,5.2937007,0.0,4.937361,8.736399,9.85951,13.115875,13.666954,18.10096,17.684332,23.65087,24.646442,26.97903,30.578442,31.54937,35.887978,35.419743,34.14561,32.802326,30.486618,24.136095,24.522987,20.169786,23.269575,16.99094,21.56372,19.515265,20.541584,24.319845,23.061556,24.060492,24.6302,21.055254,22.86764,18.242723,20.73447,25.232883,25.57462,29.23616,31.053242,31.51114,29.754581,26.11855,28.251675,26.093412,25.194633,23.061396,22.560732,19.03175,20.64425,18.052288,15.430406,14.05598,13.692541,15.912001,14.553571,20.75669,18.441538,21.691801,22.37441,27.311077,26.839489,22.484371,22.474798,18.416485,19.268805,12.300135,13.58964,9.722982,8.850912,9.33519,7.4991574,9.799193,10.164685,8.442439,9.918621,10.060924,13.3859215,14.825789,19.80435,22.504772,24.808598,28.295734,30.57208,27.697786,31.055502,33.686,31.177376,27.586277,31.706102,31.090553,26.431128,24.071766,28.16936,30.128004,26.639872,24.31901,21.73339,18.034403,16.20411,12.054238,11.422121
11,29.222715,27.24712,23.538725,20.200647,18.815088,15.699191,14.147943,10.628212,7.151002,8.178668,4.937361,0.0,4.3010883,5.154304,9.0696335,10.604473,14.902391,15.583639,21.178547,23.096195,25.384977,29.062159,30.464634,34.664364,34.95601,33.966465,33.072506,30.444159,23.880175,23.645378,19.267962,21.465956,14.466081,18.131012,16.376072,16.665821,20.768398,20.150606,21.011957,21.931782,19.117393,21.73643,17.33198,20.842426,25.541763,26.127048,30.007427,32.122574,33.07699,31.814726,28.366411,31.09626,29.24882,28.820284,26.174078,25.867619,21.717085,22.967955,20.469793,18.81355,16.830452,17.717073,19.284304,17.878708,23.731564,20.790688,24.298187,24.156725,29.393675,28.06839,23.39044,24.15008,19.730677,21.609983,14.62297,15.832203,12.953771,11.384626,12.005192,10.563111,10.996318,11.210095,7.0816913,9.801718,10.368961,14.294872,15.3705015,21.170696,23.503593,26.356272,29.381557,31.239498,27.831724,31.242413,33.58906,30.957216,26.878035,30.515839,30.23869,25.899017,22.903027,26.38521,28.016096,24.143497,22.212196,18.626183,16.176765,13.549113,9.892101,9.096624
12,26.95906,25.532227,21.703941,18.40039,17.794085,14.03331,14.053365,10.334739,8.524302,10.353232,8.736399,4.3010883,0.0,3.970765,6.5050263,10.1532755,13.500462,15.263506,20.460608,22.901987,25.407154,28.771004,30.931828,34.80745,35.665833,34.5463,34.3269,31.72658,24.836716,24.573317,20.053427,22.02681,15.278764,17.573421,16.772388,16.270208,20.733671,20.86868,21.20056,22.091463,20.45309,23.18726,19.036654,22.753311,27.65517,27.925684,31.981764,34.069374,35.382584,34.405262,31.063814,34.052498,32.05038,32.140137,29.54742,29.623987,25.253847,26.583477,24.348478,22.843729,20.584126,21.379528,22.363367,20.452284,25.730234,22.158197,25.549868,24.849512,30.235826,28.36225,23.9355,25.41185,20.90541,23.835346,16.986954,18.736391,16.5182,15.216268,16.160881,14.862119,15.002953,14.979154,10.085129,12.668167,12.549186,16.918951,16.767632,22.988783,24.796526,27.820518,30.465927,31.998688,28.166111,31.338991,33.30398,30.40946,26.548922,29.585821,29.094069,25.040918,22.060823,25.09106,26.655678,22.61342,20.828505,16.621065,15.248168,11.557447,9.057632,7.0874534
13,27.478855,25.898905,22.640451,18.61742,17.963448,15.13701,14.151574,12.266313,9.099243,12.018048,9.85951,5.154304,3.970765,0.0,5.0447936,7.1918015,10.951762,12.77898,17.626448,20.427645,22.560326,26.236061,28.00854,31.983906,33.022964,32.365314,31.929129,29.051699,22.494633,21.630348,17.45203,18.622828,11.481574,13.835015,12.801767,12.472285,16.916693,16.950516,17.252459,18.28208,16.626617,19.706263,15.792522,20.040195,24.770695,25.497622,29.490736,31.843008,33.308846,32.608948,29.451973,32.767437,31.305384,31.438349,28.31271,28.353928,23.656252,24.617098,22.513678,21.775904,19.187029,21.121336,21.89945,20.603468,25.929472,22.621222,26.354528,25.378902,30.713297,28.536003,23.530626,24.949745,20.39233,23.075848,16.569036,17.53937,15.877804,14.052135,15.046214,14.402966,13.525501,13.003139,7.5858135,10.31731,10.985732,14.889184,15.482979,21.633696,23.506016,26.834988,29.283976,30.65834,26.83956,30.272745,32.330544,29.73857,25.087976,28.203182,28.488903,24.629414,20.911392,23.600645,24.787968,20.62989,19.229517,14.75403,13.819205,10.861837,8.254826,8.3026705
14,22.833809,21.526302,18.552927,14.269092,14.277258,11.654957,11.681704,11.2071295,9.478771,13.368402,13.115875,9.0696335,6.5050263,5.0447936,0.0,5.4411664,7.2631097,9.945921,14.456518,17.363554,19.89405,23.009491,25.717907,29.251951,30.705442,29.709242,30.114508,27.47437,20.543715,20.03668,15.65431,17.236425,11.863634,12.676049,13.585863,13.3302145,17.918566,18.3249,17.273064,17.403515,17.419735,19.523558,15.938619,19.66198,24.609451,24.551027,28.70151,30.839622,32.720882,32.375813,29.416529,33.02236,31.372383,32.343296,29.367575,30.16474,25.241041,26.529968,25.118626,24.384117,21.345573,22.981886,22.7096,20.90992,25.275455,21.41818,25.054905,23.320845,28.652552,25.798002,21.00915,23.192286,18.706453,22.559652,16.666792,18.270779,17.752844,16.62848,18.41016,18.315409,17.698101,16.300407,11.004855,12.335709,11.470135,15.620732,14.306289,20.604692,21.730751,25.177555,27.098091,28.076372,23.876036,27.011114,28.686295,25.9243,21.506033,24.066732,24.209753,20.67565,16.937048,19.254688,20.496819,16.317598,14.883067,10.197829,9.996557,6.294333,5.495958,5.872564
15,23.884119,21.89336,19.781557,14.915915,14.120565,13.393232,11.014799,12.970659,9.615843,14.059166,13.666954,10.604473,10.1532755,7.1918015,5.4411664,0.0,4.796061,5.6931186,10.632056,13.26661,15.394575,19.059517,20.942944,24.823816,26.004543,25.436264,25.305233,22.427929,15.834253,14.870402,10.7022505,12.069465,7.123679,9.175891,9.996146,11.346591,15.439849,14.947438,13.441744,12.940844,12.628382,14.128639,10.57004,14.431593,19.26521,19.521233,23.594948,25.945406,27.889853,27.77007,25.019257,28.91106,27.870838,28.918768,25.457546,26.377815,21.207338,22.24847,21.302471,21.28425,17.878689,20.555557,19.84725,18.881823,23.163448,19.9441,23.92739,22.116142,27.182983,24.290375,18.755804,20.498003,16.120043,19.292269,14.190943,14.769059,15.25005,13.96409,16.075985,16.997433,15.81494,13.409621,8.799781,8.780307,8.2124,11.358065,10.849125,16.717503,18.03264,21.73443,23.557228,24.517288,20.594368,24.160278,26.20277,23.99836,18.570065,21.74583,22.899174,19.394089,14.86716,17.261078,18.228432,14.227988,12.973224,9.258042,7.927569,7.2685537,5.434087,8.953537
16,21.049143,19.485956,18.151978,12.974255,13.150057,13.2511835,11.957913,15.197388,13.143666,17.735994,18.10096,14.902391,13.500462,10.951762,7.2631097,4.796061,0.0,4.4896455,7.240816,10.725011,13.012599,16.050793,18.987478,22.251623,24.227303,23.611572,24.437595,21.713646,15.202238,14.194513,10.489032,11.2964945,9.275326,8.333737,11.475355,12.426291,16.197136,16.330778,13.524122,12.155559,14.175425,14.86007,12.435559,15.676265,20.249325,19.936989,23.96411,26.173723,28.614147,29.021488,26.65737,30.83199,29.856182,31.605385,28.205797,29.660254,24.42064,25.504116,25.105667,25.317282,21.724308,24.316412,22.86798,21.675724,24.936237,21.417807,25.197405,22.628832,27.480429,23.823273,18.554117,21.061836,17.038025,21.103678,17.040985,17.884253,19.22426,18.314928,20.647148,21.741377,20.5218,17.926062,13.540545,13.132794,11.907639,14.554917,12.584833,17.9135,18.298246,22.104206,23.115576,23.445385,19.143478,22.370327,23.895788,21.701271,16.149847,18.430723,19.985146,17.23254,12.268129,13.524197,14.104927,9.860038,9.178581,4.673362,6.124275,6.1873837,7.454454,10.748688
17,21.134699,18.759449,17.829208,12.723528,11.785395,13.241328,10.096586,14.809258,12.278923,16.806995,17.684332,15.583639,15.263506,12.77898,9.945921,5.6931186,4.4896455,0.0,6.1625156,7.6755714,10.246588,13.570347,15.927539,19.581919,20.761024,19.948656,20.376146,17.758398,10.934097,10.494114,6.203212,8.9050255,8.853594,9.867725,12.315957,14.574455,17.85007,17.007782,14.140913,11.891299,13.103284,12.16642,9.500823,11.637524,16.373297,15.608952,19.7084,21.807167,24.191626,24.575562,22.259598,26.485086,25.632069,27.592419,24.196232,25.988583,20.786766,22.056528,22.18986,22.429981,18.695213,21.30553,19.310316,18.454193,21.342073,18.276295,22.156565,19.637632,24.236156,20.75962,15.070464,17.182032,13.333144,17.040041,13.841149,14.3522625,16.563911,16.102001,18.82601,20.517746,19.570105,16.333643,13.036167,11.308419,9.402505,11.182437,8.783496,13.57958,13.99231,17.8631,18.957579,19.471216,15.426439,18.993141,20.972511,19.112743,13.137304,16.4124,18.23654,15.13233,10.040099,12.268983,13.231686,9.748919,8.366954,7.072271,4.5176024,7.5856104,7.5091143,11.769725
18,22.009342,20.149672,20.5485,15.480616,15.482883,17.772512,15.45163,20.618343,18.424593,22.96705,23.65087,21.178547,20.460608,17.626448,14.456518,10.632056,7.240816,6.1625156,0.0,5.067272,6.2516685,9.279948,12.228669,15.160428,17.724867,17.762287,18.963861,16.21208,11.0267725,9.26859,7.8212547,7.0406747,11.05982,9.082892,13.218934,15.316718,17.505356,17.079086,12.911869,9.548868,13.56913,11.90226,11.629948,13.336388,16.768732,16.146124,19.678183,21.873228,24.857796,26.122536,24.58232,29.138313,28.98404,31.393143,27.730045,29.753904,24.570353,25.36689,26.030304,27.09705,23.302303,26.550617,24.172846,23.72724,25.754637,22.981281,26.615467,23.563072,27.538143,23.437288,18.09461,20.483568,17.4927,21.053116,19.287495,19.232285,22.051445,21.427473,23.98001,25.93662,24.404066,21.092297,18.056273,16.410921,15.183463,15.835118,13.814655,16.91588,16.451221,20.260464,20.146055,19.690895,15.741863,18.92788,20.308777,19.139462,12.442398,14.359983,17.857658,16.304024,10.715595,10.244743,9.562446,6.441181,7.447112,7.241147,8.640226,11.897168,13.278814,17.17343
19,21.085308,18.524538,19.599024,15.029073,14.289878,17.859802,14.675238,20.875387,18.960613,23.18839,24.646442,23.096195,22.901987,20.427645,17.363554,13.26661,10.725011,7.6755714,5.067272,0.0,3.7146697,5.9819336,9.173356,12.190989,13.728054,13.014449,14.504571,12.308871,6.808449,6.8228445,5.908169,8.030844,13.849556,13.50904,16.841976,19.590849,21.639868,20.54477,16.601236,12.789999,15.738226,12.135027,11.982836,11.371122,14.4999075,12.51532,15.968347,17.668941,20.784672,22.200474,20.935152,25.461563,25.298573,28.277742,24.950386,27.59493,22.713285,23.867443,25.247332,26.107498,22.326666,25.076708,21.934505,21.608433,22.560045,20.254854,23.624378,20.430796,23.795921,19.708107,14.465546,16.656515,14.474873,17.843987,17.67715,17.612452,21.29165,21.37274,24.273474,26.614504,25.602192,21.882572,19.774868,17.217598,15.192632,15.033907,12.071784,13.503303,12.322916,15.916253,15.324356,14.687274,10.942838,14.24909,15.935054,15.253897,8.154687,11.050258,14.906875,13.402098,8.205154,8.436951,8.441029,7.377296,7.2397804,10.335338,9.02922,13.621422,14.603745,18.657845
20,24.368965,21.929356,23.251534,18.702114,17.99311,21.493631,18.106318,24.172335,21.782068,25.991547,26.97903,25.384977,25.407154,22.560326,19.89405,15.394575,13.012599,10.246588,6.2516685,3.7146697,0.0,4.712574,6.0541706,9.432076,11.516531,12.148767,13.126858,10.44829,7.272622,5.4057074,7.298077,6.7153053,14.269091,13.545825,16.75796,19.740417,21.005735,19.721554,15.563947,11.397336,14.84228,10.678656,11.976165,11.235232,13.161007,11.911516,14.747498,16.76495,20.061255,21.953545,21.173515,25.822393,26.375069,29.220484,25.544271,28.044254,23.236065,23.904047,25.529459,27.049559,23.323328,26.749733,23.70188,23.970716,24.949793,23.153374,26.52881,23.49225,26.520166,22.593643,17.390469,19.078573,17.2567,19.725157,20.074938,19.273083,23.099573,22.894983,25.568182,28.145458,26.701626,22.93514,21.261822,18.671335,17.352303,16.394762,14.630992,15.23021,14.220576,17.635908,16.716015,15.812633,12.862685,16.052147,17.690489,17.708155,10.596605,12.951102,17.615412,16.667036,11.715508,11.075368,10.088748,9.629596,10.473644,12.963673,12.473897,16.848005,17.600779,21.800179
21,22.898521,20.648966,22.94101,18.984556,18.66662,22.7961,20.02049,26.478651,24.853823,28.991856,30.578442,29.062159,28.771004,26.236061,23.009491,19.059517,16.050793,13.570347,9.279948,5.9819336,4.712574,0.0,6.142629,6.952588,9.846102,9.738933,12.685494,11.259406,9.37132,9.2903385,11.050249,11.402757,18.806723,17.545639,21.210297,23.8972,25.181091,24.174376,19.81043,15.620125,19.51776,15.1920595,16.526827,14.986425,16.403772,14.073934,16.305136,17.520401,21.054949,23.299822,22.97284,27.448833,27.834843,31.320063,28.119638,31.106865,26.585135,27.516098,29.47808,30.744192,27.055424,29.897602,26.35338,26.301128,26.20222,24.380081,27.269672,23.800304,26.183672,21.8597,17.579884,19.668512,18.659756,21.585121,22.815763,22.490816,26.588125,26.791817,29.651834,32.210415,31.05797,27.24325,25.49385,22.829016,20.954327,20.191813,17.37741,17.21077,15.23377,18.069649,16.112442,14.340498,11.596583,13.783027,14.671664,15.241934,8.827218,9.671976,15.108396,15.41732,11.356486,9.321213,7.829516,9.512191,10.670365,14.702481,14.527484,19.007566,20.464,24.364386
22,28.561049,25.91708,27.84814,23.756111,22.738228,26.7468,22.89312,29.210497,26.656013,30.552114,31.54937,30.464634,30.931828,28.00854,25.717907,20.942944,18.987478,15.927539,12.228669,9.173356,6.0541706,6.142629,0.0,4.808411,6.1373525,8.837369,9.0787325,6.671291,8.773573,7.244659,11.450627,10.429613,18.729263,18.423899,21.003208,24.33508,24.767628,23.014046,19.07728,14.8816,17.752756,12.454683,15.099864,12.730892,12.244542,10.895602,12.012715,13.731825,17.250654,19.957394,20.233654,24.739885,26.20715,29.265953,25.614614,28.344347,24.13501,24.457996,26.85907,28.907368,25.441053,29.06769,25.70336,26.67336,26.81966,25.993551,29.018766,26.166538,28.215631,24.656427,19.974731,20.852703,20.176975,21.36144,23.382605,21.905367,26.226656,26.210907,28.762419,31.73222,30.235989,26.322586,25.668304,22.676533,21.60415,19.529512,18.43987,16.991613,15.707087,18.28753,16.561804,15.174755,13.930078,16.57206,18.201912,19.461967,13.087012,15.09135,20.313166,20.06639,16.079525,15.177989,13.922749,14.887945,15.814085,18.960617,18.078527,22.682634,23.116896,27.395134
23,29.101938,26.800264,29.459185,25.759588,25.17034,29.484869,26.191212,32.719727,30.641476,34.59674,35.887978,34.664364,34.80745,31.983906,29.251951,24.823816,22.251623,19.581919,15.160428,12.190989,9.432076,6.952588,4.808411,0.0,5.5246034,8.501922,10.660203,9.834798,12.726125,11.954616,15.723243,14.718536,23.027496,21.925594,25.021873,28.033548,28.318708,26.918287,22.702326,18.494476,22.124847,17.09744,19.82607,17.444712,16.701471,14.916702,15.343371,16.3007,19.880411,22.938782,23.69381,27.97346,29.423851,32.902702,29.581764,32.571476,28.585585,28.982407,31.546623,33.52654,30.083359,33.42546,29.793667,30.539015,29.981222,29.107244,31.77447,28.600355,30.12496,26.278526,22.393597,23.58773,23.435196,24.98489,27.445406,26.288599,30.712402,30.852516,33.483902,36.414707,34.974987,31.066929,30.19393,27.277359,25.954124,24.126335,22.414248,20.72898,18.834507,20.937431,18.382936,16.23525,15.4164295,16.99939,17.793617,19.649963,14.256666,14.722737,20.367834,21.249493,17.903812,15.884292,14.096286,16.236233,17.62197,21.36445,21.140314,25.711052,26.737648,30.842716
24,30.451296,27.539946,30.063053,26.718273,25.4006,29.995556,25.96059,32.571545,30.389402,33.885063,35.419743,34.95601,35.665833,33.022964,30.705442,26.004543,24.227303,20.761024,17.724867,13.728054,11.516531,9.846102,6.1373525,5.5246034,0.0,5.0637903,5.5575247,6.2161098,11.362695,11.845011,15.714651,16.128736,24.18926,24.43289,26.77961,30.277672,30.717573,28.721241,25.017742,20.884895,23.088924,17.303076,19.715479,15.939212,14.3755045,11.75551,11.167462,11.385731,14.886994,18.138533,19.392626,23.3679,25.133139,28.75663,25.757006,29.0351,25.630594,26.16739,29.240925,31.08857,27.919384,30.894201,26.999147,28.150248,26.979538,26.939384,29.321526,26.576239,27.446617,24.294125,20.65296,20.938833,21.591858,22.036745,25.715145,24.263327,28.98555,29.537455,32.197525,35.35388,34.29432,30.260874,30.249554,26.859219,25.361483,22.861597,21.355658,18.18883,16.286514,17.63915,14.965965,13.039295,13.686946,15.278387,16.767523,19.127254,14.358405,16.062073,21.004963,21.335411,18.724169,18.02452,17.177773,19.219585,19.705612,23.87944,22.196669,27.067993,27.416697,31.575266
25,26.792213,23.663244,26.419718,23.673897,22.228,27.164818,23.356768,30.123497,28.630156,31.909979,34.14561,33.966465,34.5463,32.365314,29.709242,25.436264,23.611572,19.948656,17.762287,13.014449,12.148767,9.738933,8.837369,8.501922,5.0637903,0.0,5.7824388,7.966116,10.385471,12.778933,15.244319,17.522486,24.966995,25.522291,28.08147,31.488106,32.631714,30.747341,27.030914,22.873007,24.902006,19.173918,20.492735,16.310114,15.921084,11.816838,12.019005,11.272493,14.658586,17.399704,18.296892,22.049545,22.907747,27.13457,24.819883,28.592785,25.2907,26.511229,29.56471,30.615704,27.434011,29.42757,25.105555,25.674767,23.652046,23.476751,25.449108,22.492386,22.964745,19.702795,16.752094,17.24763,18.49375,19.515903,23.652447,22.944826,27.760603,28.84095,31.79873,34.80027,34.319035,30.249454,30.034233,26.515913,24.238607,22.224346,19.468336,15.971311,13.297289,14.1342,10.819804,8.369369,9.417065,10.397841,11.955536,14.5390005,10.854987,12.740035,16.974277,17.37472,15.805566,15.63904,15.597475,18.048637,17.840511,22.828226,20.398357,25.329239,25.840147,29.699669
26,30.827682,27.372944,29.370008,26.267033,24.223833,28.777533,24.051361,30.456339,28.134901,31.108122,32.802326,33.072506,34.3269,31.929129,30.114508,25.305233,24.437595,20.376146,18.963861,14.504571,13.126858,12.685494,9.0787325,10.660203,5.5575247,5.7824388,0.0,4.00007,9.58857,11.378052,14.60436,16.544098,23.67852,25.2662,26.83659,30.669573,31.43776,28.97152,25.871716,21.992735,22.716427,16.646809,18.266073,13.381751,11.568555,7.8914146,6.630212,5.994676,9.524507,12.660491,14.029385,17.855028,19.742233,23.38157,20.62999,24.14887,21.199726,22.008884,25.400862,26.934925,24.038666,26.567911,22.536947,24.053482,22.61124,23.323017,25.565153,23.40507,23.979155,21.658554,17.966352,17.233503,18.399063,17.65071,22.232285,20.531364,25.380917,26.317554,28.976732,32.246742,31.623898,27.565407,28.312366,24.577436,22.933926,19.925707,18.722557,14.32194,12.743227,13.466902,11.313726,10.34079,12.075513,14.141985,16.582464,18.767632,14.420306,17.559383,21.462702,20.784756,18.670944,19.465355,19.524805,21.001196,20.611187,24.749514,21.710464,26.615417,26.19963,30.29748
27,30.805567,27.471594,29.039806,25.372215,23.40844,27.560598,22.712358,28.916677,26.101442,29.314278,30.486618,30.444159,31.72658,29.051699,27.47437,22.427929,21.713646,17.758398,16.21208,12.308871,10.44829,11.259406,6.671291,9.834798,6.2161098,7.966116,4.00007,0.0,7.5139275,7.910046,11.837672,12.886101,20.117338,21.716524,23.090103,26.972263,27.557652,25.037952,22.001228,18.199434,18.825706,12.74693,14.763978,10.300334,8.350169,5.7851944,5.542981,7.113962,10.588178,13.413267,14.1361885,18.459938,20.472294,23.495157,20.024843,23.038282,19.512127,19.955866,23.046133,24.999712,21.915932,25.212326,21.619312,23.299849,22.966137,23.295815,26.075176,23.94903,25.35881,22.843157,18.271208,17.76678,17.945826,17.329632,20.853317,18.775322,23.446373,23.916502,26.432705,29.71172,28.690073,24.657228,25.292671,21.704256,20.552208,17.425785,17.007648,13.520489,12.651697,14.386062,13.086034,12.54119,12.961896,15.848081,18.397297,19.977669,14.431688,17.86565,22.078207,20.988672,17.896921,18.680637,18.491783,19.268497,19.103165,22.487267,19.784153,24.562185,23.97657,28.25499
28,24.740454,21.330524,22.195707,18.271273,16.171885,20.095078,15.285078,21.576492,19.075722,22.546495,24.136095,23.880175,24.836716,22.494633,20.543715,15.834253,15.202238,10.934097,11.0267725,6.808449,7.272622,9.37132,8.773573,12.726125,11.362695,10.385471,9.58857,7.5139275,0.0,4.7907066,5.254333,9.552316,15.346381,17.306618,19.019915,22.620556,24.35646,22.231573,19.155958,15.514287,16.104736,10.919768,10.674882,6.9274983,9.392076,5.9849896,9.686469,11.255233,14.128767,15.393445,14.239994,18.806519,19.114283,22.15707,18.833988,21.849253,17.409199,18.717186,20.89973,21.816223,18.259209,20.928604,17.312233,17.939646,18.371914,17.453209,20.728413,18.27853,20.924562,17.909542,12.39955,12.834971,11.63583,12.868255,14.767073,13.714298,18.23374,18.86226,21.815203,24.704346,24.085293,20.044827,19.656929,16.143202,14.097575,12.1255245,10.070002,8.388552,7.5390224,10.871747,10.750265,10.974177,8.907811,12.879792,15.732947,15.856257,9.530405,14.096975,17.330576,15.1066265,11.4306965,13.495053,14.233927,13.946749,12.8805485,16.080433,12.47805,17.258072,16.670633,20.86188
29,27.38653,24.39769,25.055807,20.551659,18.91696,22.167732,17.590334,23.337835,20.116413,23.910198,24.522987,23.645378,24.573317,21.630348,20.03668,14.870402,14.194513,10.494114,9.26859,6.8228445,5.4057074,9.2903385,7.244659,11.954616,11.845011,12.778933,11.378052,7.910046,4.7907066,0.0,5.032577,5.363141,12.505349,13.99587,15.58484,19.324272,20.428375,18.228935,14.989985,11.227384,12.202282,6.7944145,8.097835,6.0839453,7.9048686,7.446588,10.614365,13.241748,16.115637,17.673498,16.69678,21.38923,22.395275,24.702417,20.66762,22.919699,18.161179,18.618023,20.454233,22.279741,18.669064,22.569906,19.732065,20.79317,22.29247,21.276443,24.849634,22.544397,25.54661,22.482103,16.77877,17.304049,15.465899,16.376343,17.063208,15.291462,19.292982,19.041842,21.573606,24.497341,23.052109,19.118095,18.58097,15.463089,14.642326,12.433259,12.281319,11.987538,12.044785,15.447607,15.443409,15.451096,13.345809,17.159973,19.652397,19.77286,12.862006,16.621964,20.57098,18.630638,14.027107,15.095147,14.922211,13.968618,13.847718,15.677109,13.504019,17.859577,17.243912,21.66504
30,24.096804,21.035921,20.962593,16.36031,14.504762,17.346987,12.680548,18.321726,15.266908,19.19745,20.169786,19.267962,20.053427,17.45203,15.65431,10.7022505,10.489032,6.203212,7.8212547,5.908169,7.298077,11.050249,11.450627,15.723243,15.714651,15.244319,14.60436,11.837672,5.254333,5.032577,0.0,6.49396,10.411525,12.675163,14.264325,17.699713,19.890652,17.995604,15.101908,11.940716,12.290421,8.593994,6.9068646,6.212158,10.612499,9.455727,13.51287,15.716441,18.177105,18.871923,16.970825,21.468145,21.399036,23.617102,19.925861,22.143053,17.08575,18.217651,19.38731,20.258625,16.47123,19.649992,16.927662,17.199438,19.297478,17.507029,21.321241,19.022026,22.763924,19.679426,13.653469,14.648011,11.794963,13.844597,13.042829,12.163523,15.819464,15.758111,18.61381,21.186668,20.21905,16.340603,15.04024,11.946628,10.258605,9.24826,7.804913,9.631744,10.08449,13.970415,14.849784,15.439602,12.357369,16.389515,18.982006,18.149061,11.542087,15.818296,18.59131,15.732867,11.01782,13.361737,14.100527,12.194648,11.071377,12.392379,8.997912,13.253104,12.34277,16.73648
31,28.188633,25.736286,25.85944,20.858128,19.804314,22.040035,18.131466,23.0003,19.395643,23.533981,23.269575,21.465956,22.02681,18.622828,17.236425,12.069465,11.2964945,8.9050255,7.0406747,8.030844,6.7153053,11.402757,10.429613,14.718536,16.128736,17.522486,16.544098,12.886101,9.552316,5.363141,6.49396,0.0,8.379174,8.863002,10.686501,14.248111,15.209943,13.357545,9.747215,5.971664,8.127741,4.988932,6.549683,8.626609,11.006845,12.305971,15.388538,18.331427,20.981884,22.291145,20.962772,25.580137,26.46159,28.144228,23.795763,25.275589,20.164825,20.169382,21.049673,23.15913,19.515978,24.027658,22.066475,22.908615,25.541681,23.902216,27.778694,25.492767,29.189596,25.927835,20.016945,21.031693,18.268356,19.746428,18.566511,16.884558,19.881159,18.77014,20.893375,23.437523,21.297726,17.76111,16.267847,14.081414,14.280578,12.974709,13.761956,15.586424,16.165697,19.891567,20.2637,20.30522,17.500265,21.280111,23.442204,23.002747,15.89204,18.992737,22.880276,20.866768,15.554748,16.090117,15.445842,13.249912,13.770159,13.509956,12.991534,16.353903,15.865304,20.207373
32,29.716106,27.518576,26.113535,21.068619,19.994396,20.201132,16.75307,19.247902,14.829731,18.710224,16.99094,14.466081,15.278764,11.481574,11.863634,7.123679,9.275326,8.853594,11.05982,13.849556,14.269091,18.806723,18.729263,23.027496,24.18926,24.966995,23.67852,20.117338,15.346381,12.505349,10.411525,8.379174,0.0,6.0582614,4.341261,7.95371,10.463249,8.7032385,7.567088,7.702609,5.570708,8.795137,6.3715515,11.862241,15.501157,17.569273,21.053211,24.054941,25.936077,26.185255,23.886473,28.000614,28.21322,28.72492,24.383022,24.706135,19.464981,19.369802,18.518723,20.141592,16.7949,21.406836,21.038666,21.556612,26.02927,23.906322,28.052946,26.500288,31.089758,28.40173,22.369225,23.277792,19.392258,20.846,16.911537,15.487305,16.387058,14.183043,15.569809,17.286795,14.62747,11.949203,9.104746,8.687924,10.716254,11.039033,13.587779,17.792257,19.560612,23.33326,24.969368,25.823528,22.5893,26.53024,28.86264,27.490923,21.00469,24.396902,26.922493,23.87073,18.755669,20.399414,20.46629,16.881956,16.655142,13.606667,13.077335,14.052267,12.22333,15.867143
33,28.765589,27.275352,26.394104,21.171558,21.128248,21.418455,19.25767,22.107574,18.636541,22.924208,21.56372,18.131012,17.573421,13.835015,12.676049,9.175891,8.333737,9.867725,9.082892,13.50904,13.545825,17.545639,18.423899,21.925594,24.43289,25.522291,25.2662,21.716524,17.306618,13.99587,12.675163,8.863002,6.0582614,0.0,5.127491,6.40495,8.589289,8.884758,5.407592,5.442846,8.551873,11.480279,10.989768,15.77532,18.953648,20.642258,24.000849,26.954992,29.390535,30.226444,28.311932,32.70008,32.942528,34.01822,29.727518,30.406666,25.123758,25.017735,24.444881,26.16253,22.740156,27.110855,26.31028,26.38976,30.24658,27.610086,31.641771,29.415112,33.98996,30.548313,24.774542,26.497284,22.7292,25.21723,21.623482,20.774923,22.010206,20.020218,21.47733,22.89657,20.195911,17.86941,14.289872,14.39247,15.564485,16.433346,17.403784,21.647005,22.574354,26.503239,27.360725,27.536127,23.87342,27.447937,29.16177,27.788992,21.18149,23.394314,26.429127,24.241268,18.766497,18.926332,18.181473,14.420672,15.329909,11.420578,13.704722,14.371135,14.356343,17.67694
34,32.48434,30.680595,29.27535,24.158182,23.538776,23.349045,20.552452,22.475653,18.171717,21.908524,19.515265,16.376072,16.772388,12.801767,13.585863,9.996146,11.475355,12.315957,13.218934,16.841976,16.75796,21.210297,21.003208,25.021873,26.77961,28.08147,26.83659,23.090103,19.019915,15.58484,14.264325,10.686501,4.341261,5.127491,0.0,4.2546015,6.133799,4.990106,4.73513,7.212684,5.8464313,11.027931,10.001322,15.557773,18.470625,21.123625,24.30087,27.48011,29.415071,29.847355,27.725983,31.832958,32.31025,32.586815,28.080862,28.01456,22.913385,22.342703,21.163465,23.21101,20.156647,25.060362,25.093283,25.692934,30.336466,28.153318,32.296688,30.704447,35.35308,32.52753,26.5387,27.584297,23.68889,25.150259,21.082916,19.5813,20.044113,17.447031,18.214949,19.542463,16.271946,14.417135,11.451693,12.165888,14.733635,15.134067,17.896347,22.076405,23.769968,27.567698,29.026602,29.684067,26.397598,30.258636,32.393314,31.054943,24.438595,27.34198,30.146679,27.411152,22.118639,23.091976,22.68543,18.965532,19.345839,15.503041,16.414349,16.737387,15.389967,18.512146
35,33.213448,31.89083,30.225004,25.19091,25.082937,24.195227,22.357304,23.456423,19.590641,23.234158,20.541584,16.665821,16.270208,12.472285,13.3302145,11.346591,12.426291,14.574455,15.316718,19.590849,19.740417,23.8972,24.33508,28.033548,30.277672,31.488106,30.669573,26.972263,22.620556,19.324272,17.699713,14.248111,7.95371,6.40495,4.2546015,0.0,4.63821,6.293365,6.800646,10.025526,9.95468,15.18295,14.093149,19.63523,22.699665,25.174986,28.443775,31.575644,33.580215,33.984673,31.765972,35.829243,36.05426,36.2834,31.907953,31.70896,26.65386,26.145693,24.598686,26.356606,23.465433,28.018755,28.331535,28.537191,33.360397,30.776329,34.87209,33.203632,38.08052,35.097603,29.292862,30.692354,26.58917,28.557646,23.90887,22.892761,22.82615,20.124802,20.633385,21.32587,18.052042,16.958351,13.203582,14.91164,17.371862,18.5845,20.85698,25.603264,27.17673,31.021528,32.459625,33.028713,29.435726,33.141495,35.026054,33.40898,27.025944,29.461689,32.013756,29.39795,24.161764,24.804556,24.294777,20.290276,20.877407,16.095697,18.118397,17.399208,16.538269,18.892239
36,36.957855,35.598633,34.288097,29.154707,28.992065,28.517069,26.325584,27.81639,23.698677,27.256489,24.319845,20.768398,20.733671,16.916693,17.918566,15.439849,16.197136,17.85007,17.505356,21.639868,21.005735,25.181091,24.767628,28.318708,30.717573,32.631714,31.43776,27.557652,24.35646,20.428375,19.890652,15.209943,10.463249,8.589289,6.133799,4.63821,0.0,3.9198527,5.702153,9.901328,9.894583,15.44965,15.606948,21.002779,23.116785,26.288582,29.069132,32.39737,34.390984,35.064888,33.19412,37.29453,38.109417,38.172794,33.49562,33.057484,28.164822,27.104445,25.703506,28.201815,25.470102,30.638676,30.997782,31.719107,36.461853,34.25685,38.394463,36.734016,41.39998,38.409973,32.46629,33.63427,29.77558,31.21488,27.150314,25.535297,25.710764,22.838135,23.045933,24.01074,20.283646,19.253986,16.493053,17.87798,20.747503,21.09788,24.014404,28.07223,29.664118,33.47875,34.70541,35.123833,31.83815,35.587345,37.490772,36.25336,29.5296,31.862415,35.01255,32.691704,27.26561,27.482046,26.531828,22.87331,23.904171,19.572979,21.768476,21.62685,20.79275,23.410795
37,37.27218,35.48508,34.226128,29.084597,28.43172,28.32423,25.35872,27.162231,22.617136,26.02435,23.061556,20.150606,20.86868,16.950516,18.3249,14.947438,16.330778,17.007782,17.079086,20.54477,19.721554,24.174376,23.014046,26.918287,28.721241,30.747341,28.97152,25.037952,22.231573,18.228935,17.995604,13.357545,8.7032385,8.884758,4.990106,6.293365,3.9198527,0.0,4.8230968,8.747685,6.6367908,12.513533,12.816652,18.11627,19.880424,23.448137,26.036772,29.433681,31.210485,31.792822,29.973455,33.979084,35.061886,34.923443,30.127645,29.554554,24.770689,23.489202,22.20232,25.0357,22.372873,27.8823,28.276567,29.428028,34.1857,32.420143,36.575977,35.151615,39.631943,36.940117,30.865374,31.59211,27.908657,28.684061,25.005262,22.889816,23.222471,20.314257,20.454891,21.821701,17.974579,16.636383,14.797669,15.655237,18.856094,18.472052,22.113903,25.637268,27.481947,31.173782,32.55499,33.15895,30.22546,34.12945,36.314316,35.289963,28.443708,31.275423,34.52225,31.982325,26.601187,27.253153,26.481392,23.029043,23.77344,20.103952,21.252771,21.719551,20.300238,23.324017
38,33.87539,32.18692,31.451847,26.221485,25.835045,26.327951,23.51305,26.301718,22.193445,26.136549,24.060492,21.011957,21.20056,17.252459,17.273064,13.441744,13.524122,14.140913,12.911869,16.601236,15.563947,19.81043,19.07728,22.702326,25.017742,27.030914,25.871716,22.001228,19.155958,14.989985,15.101908,9.747215,7.567088,5.407592,4.73513,6.800646,5.702153,4.8230968,0.0,4.26428,6.083555,10.4082575,11.409795,16.320501,18.237278,21.171944,23.887112,27.175816,29.403387,30.39042,28.791796,33.11771,34.116295,34.70549,29.99774,30.158154,25.105867,24.228,23.637543,26.277197,23.146788,28.393637,27.96336,28.831057,32.908016,30.909433,35.01422,33.09115,37.431164,34.282898,28.297514,29.430275,25.919231,27.33157,24.222511,22.431023,23.620834,21.207035,22.092117,23.774935,20.393915,18.274881,15.914979,16.000248,18.22986,17.924341,20.41095,23.777042,25.056324,28.863626,29.737568,29.957262,26.859455,30.595448,32.52745,31.624012,24.67696,27.104033,30.688381,28.585957,23.057745,23.13739,22.068434,18.812529,19.941694,16.67274,18.404396,19.464827,18.815748,22.243853
39,31.310383,29.446636,29.22882,24.014706,23.560125,24.835915,21.750433,25.544174,21.717104,25.90033,24.6302,21.931782,22.091463,18.28208,17.403515,12.940844,12.155559,11.891299,9.548868,12.789999,11.397336,15.620125,14.8816,18.494476,20.884895,22.873007,21.992735,18.199434,15.514287,11.227384,11.940716,5.971664,7.702609,5.442846,7.212684,10.025526,9.901328,8.747685,4.26428,0.0,6.454052,7.922489,9.690795,13.694926,15.55388,17.920528,20.64773,23.809479,26.324272,27.609106,26.245743,30.755684,31.779024,32.92217,28.321709,29.084436,23.960659,23.390339,23.486639,26.012993,22.602009,27.62259,26.475018,27.295427,30.682596,28.751665,32.7594,30.544306,34.60035,31.242615,25.33243,26.567707,23.387806,24.991772,22.719976,21.011377,23.03159,21.136454,22.589891,24.667997,21.741032,18.949541,16.784807,15.919588,17.287483,16.640476,18.301178,21.080376,21.927029,25.718983,26.197018,26.167694,23.144379,26.792528,28.659847,28.000822,20.939272,23.30833,27.229742,25.406319,19.85494,19.691889,18.498114,15.663882,16.919603,14.715659,16.161581,18.179188,17.902752,21.77905
40,34.13098,31.76402,30.849674,25.785988,24.52802,25.342707,21.362175,24.297295,19.60001,23.121387,21.055254,19.117393,20.45309,16.626617,17.419735,12.628382,14.175425,13.103284,13.56913,15.738226,14.84228,19.51776,17.752756,22.124847,23.088924,24.902006,22.716427,18.825706,16.104736,12.202282,12.290421,8.127741,5.570708,8.551873,5.8464313,9.95468,9.894583,6.6367908,6.083555,6.454052,0.0,6.101042,6.55605,11.5446415,13.350582,16.850191,19.49682,22.863623,24.62377,25.22454,23.472887,27.605167,28.811832,29.015928,24.192598,24.158142,19.19704,18.163494,17.706741,20.60359,17.540825,23.153582,22.845549,24.314966,28.55355,27.224201,31.334398,29.930887,34.050552,31.538265,25.397825,25.738188,22.420362,22.711409,20.000292,17.470074,18.80119,16.41459,17.285845,19.53103,16.264826,13.59755,12.74886,11.857974,14.535122,13.059478,16.857994,19.494793,21.367281,24.942833,26.318624,27.043827,24.491848,28.503925,30.972914,30.240034,23.353695,26.779379,30.103853,27.414543,22.200583,23.387403,22.942373,19.96297,20.247547,17.998426,17.588703,19.322079,17.529228,21.321133
41,32.22322,29.43496,29.241003,24.386562,22.755032,24.78512,20.128586,24.47638,20.160603,23.745546,22.86764,21.73643,23.18726,19.706263,19.523558,14.128639,14.86007,12.16642,11.90226,12.135027,10.678656,15.1920595,12.454683,17.09744,17.303076,19.173918,16.646809,12.74693,10.919768,6.7944145,8.593994,4.988932,8.795137,11.480279,11.027931,15.18295,15.44965,12.513533,10.4082575,7.922489,6.101042,0.0,4.691953,6.7513957,7.8473,11.112664,13.620469,16.979063,19.023825,20.064785,18.763433,23.183979,24.718576,25.659502,20.902592,21.798368,16.885363,16.219936,17.173782,20.027533,16.677315,21.977026,20.520529,22.25725,25.356405,24.523705,28.437824,26.815306,30.315308,27.775942,21.738293,21.791859,19.226994,19.138304,18.251911,15.481535,18.3056,16.89095,18.55342,21.449963,19.024965,15.477468,15.467324,13.005462,14.253395,11.587226,14.517823,15.440493,16.882353,20.273058,21.190044,21.738867,19.734804,23.7069,26.313044,26.128788,19.207201,22.914608,26.623323,24.209902,19.262114,20.4908,20.1084,18.067776,18.194176,17.84852,16.370422,19.528166,17.996172,22.298676
42,30.061127,27.157373,26.304222,21.550804,19.625942,21.119337,16.277235,20.091665,15.581994,19.072329,18.242723,17.33198,19.036654,15.792522,15.938619,10.57004,12.435559,9.500823,11.629948,11.982836,11.976165,16.526827,15.099864,19.82607,19.715479,20.492735,18.266073,14.763978,10.674882,8.097835,6.9068646,6.549683,6.3715515,10.989768,10.001322,14.093149,15.606948,12.816652,11.409795,9.690795,6.55605,4.691953,0.0,5.649314,9.3274,11.522094,14.889282,17.918478,19.625122,19.894741,17.780325,22.019274,22.729477,23.452,18.921846,19.730984,14.481273,14.462317,14.777688,16.779968,13.2001295,18.154417,16.980722,18.348867,22.1307,20.969887,25.024227,23.676182,27.620476,25.344059,19.201368,19.244892,16.072962,16.224995,14.107255,11.600043,14.005175,12.56741,14.5134735,17.280796,15.249697,11.506987,11.2092705,8.426469,9.630108,7.3251686,10.752769,12.94541,14.96752,18.49435,20.173573,21.251415,18.84175,22.957409,25.741158,24.972073,18.442364,22.613352,25.407864,22.289091,17.564041,19.773064,20.095404,17.508419,16.859035,16.052229,13.551104,16.254076,14.022933,18.21392
43,29.676512,26.278246,26.034164,21.789848,19.330294,21.949207,16.45468,21.322794,17.393856,20.453724,20.73447,20.842426,22.753311,20.040195,19.66198,14.431593,15.676265,11.637524,13.336388,11.371122,11.235232,14.986425,12.730892,17.444712,15.939212,16.310114,13.381751,10.300334,6.9274983,6.0839453,6.212158,8.626609,11.862241,15.77532,15.557773,19.63523,21.002779,18.11627,16.320501,13.694926,11.5446415,6.7513957,5.649314,0.0,5.204242,6.0163884,9.580535,12.39288,14.099465,14.496324,12.644546,17.140734,18.165476,19.582338,15.212186,17.050716,12.139233,12.687023,14.516453,16.268616,12.74786,16.98468,14.588712,16.438972,18.885384,18.598795,22.32916,21.021435,24.159681,22.193026,16.273643,15.564141,13.477467,12.549207,13.001808,10.136864,14.113893,13.926529,16.348204,19.555996,18.42485,14.379066,15.243574,11.57051,11.209022,7.547118,9.738379,8.944782,10.81223,13.919547,15.444343,16.677597,15.190438,19.264454,22.369463,22.183634,16.043335,20.702696,23.533253,20.543015,16.57217,19.138233,19.757853,18.254593,17.236202,18.343077,14.653341,18.43428,16.374977,20.618856
44,33.836365,30.38779,30.619572,26.488985,24.063456,27.012548,21.48855,26.425608,22.431324,25.219423,25.232883,25.541763,27.65517,24.770695,24.609451,19.26521,20.249325,16.373297,16.768732,14.4999075,13.161007,16.403772,12.244542,16.701471,14.3755045,15.921084,11.568555,8.350169,9.392076,7.9048686,10.612499,11.006845,15.501157,18.953648,18.470625,22.699665,23.116785,19.880424,18.237278,15.55388,13.350582,7.8473,9.3274,5.204242,0.0,5.2964077,6.435326,9.873089,11.379405,12.513953,11.869111,16.23276,18.653246,19.881542,15.263339,16.966873,12.947457,12.521137,15.270146,18.03148,15.119906,19.748352,17.413403,20.054705,21.824938,22.431,25.819284,24.694609,27.05855,25.38083,19.874622,18.608223,17.514536,15.418042,17.337757,13.915343,17.853514,17.601267,19.512316,22.954168,21.532278,17.678358,19.437134,15.914789,16.158031,11.991943,14.660335,12.227669,13.701388,15.981688,16.888895,17.832296,17.50247,21.254883,24.3394,24.922607,18.887058,23.248955,26.703697,24.265856,20.503437,22.455164,22.614767,21.746239,21.199247,22.69597,19.496637,23.467554,21.553717,25.812305
45,30.207153,26.544327,27.204453,23.565397,20.982801,24.641584,19.16517,24.83416,21.686523,24.453205,25.57462,26.127048,27.925684,25.497622,24.551027,19.521233,19.936989,15.608952,16.146124,12.51532,11.911516,14.073934,10.895602,14.916702,11.75551,11.816838,7.8914146,5.7851944,5.9849896,7.446588,9.455727,12.305971,17.569273,20.642258,21.123625,25.174986,26.288582,23.448137,21.171944,17.920528,16.850191,11.112664,11.522094,6.0163884,5.2964077,0.0,4.2222595,6.5417175,8.882649,10.2352,9.6174345,14.275942,15.91702,18.461725,14.734501,17.712576,13.929246,14.7872925,17.81925,19.358398,16.296034,19.443937,15.974217,17.979252,18.370567,18.989931,22.037327,20.56295,22.453573,20.642561,15.514612,14.223881,13.944618,12.27698,15.683278,13.213124,17.903542,18.58263,21.129393,24.449362,23.811117,19.770784,20.989159,17.142872,15.950307,12.357002,12.66589,8.722248,9.183778,11.173739,11.637956,12.576618,12.636019,16.232254,19.436968,20.201832,14.790056,19.35987,22.454767,20.13679,17.138973,19.393738,20.010748,19.823614,18.82826,21.572348,17.665276,22.133228,20.644154,24.797619
46,33.632896,29.93548,30.916271,27.477882,24.895517,28.724216,23.23573,28.865894,25.692032,28.222105,29.23616,30.007427,31.981764,29.490736,28.70151,23.594948,23.96411,19.7084,19.678183,15.968347,14.747498,16.305136,12.012715,15.343371,11.167462,12.019005,6.630212,5.542981,9.686469,10.614365,13.51287,15.388538,21.053211,24.000849,24.30087,28.443775,29.069132,26.036772,23.887112,20.64773,19.49682,13.620469,14.889282,9.580535,6.435326,4.2222595,0.0,3.5313332,5.8723273,8.357661,9.315222,13.469238,16.238165,18.716805,15.160397,18.139126,15.307596,15.683928,19.267824,21.232918,18.64805,21.816793,18.409964,20.903042,20.693064,22.047995,24.701414,23.467,24.599157,23.182264,18.663347,16.91164,17.434206,14.915402,19.20538,16.429647,21.019033,21.722485,23.988014,27.440916,26.735683,22.800943,24.585087,20.751411,19.880999,15.9484625,16.7201,12.089359,12.316171,13.273988,13.168452,13.836871,15.109309,18.131721,21.215431,22.619345,17.710846,21.899767,25.252256,23.375484,20.743242,22.609419,22.971317,23.260244,22.514143,25.495102,21.803991,26.3306,24.855244,28.99563
47,33.669407,29.844809,31.107943,28.153309,25.46489,29.60845,24.204964,29.97841,27.260828,29.543858,31.053242,32.122574,34.069374,31.843008,30.839622,25.945406,26.173723,21.807167,21.873228,17.668941,16.76495,17.520401,13.731825,16.3007,11.385731,11.272493,5.994676,7.113962,11.255233,13.241748,15.716441,18.331427,24.054941,26.954992,27.48011,31.575644,32.39737,29.433681,27.175816,23.809479,22.863623,16.979063,17.918478,12.39288,9.873089,6.5417175,3.5313332,0.0,3.6273975,6.7817526,8.665863,12.22021,14.913209,18.061087,15.351114,18.886852,16.738886,17.55612,21.346754,22.793581,20.43199,22.732279,18.90075,21.22534,19.937092,21.736362,23.879845,22.710732,23.080175,21.987053,18.229286,16.146746,17.589876,14.847126,20.178415,17.82448,22.533703,23.703646,26.101728,29.504128,29.208532,25.282658,27.112719,23.172806,21.816397,18.083738,18.044855,12.58943,12.207564,12.139505,11.537398,12.181369,14.500585,16.927258,19.988523,21.759136,17.824799,21.882166,24.87746,23.217066,21.379274,23.342798,23.935778,24.707579,23.751835,27.335415,23.323557,27.959587,26.614695,30.586405
48,36.130142,32.160217,33.140762,30.40138,27.444765,31.37137,25.755383,31.08915,28.278368,30.06963,31.51114,33.07699,35.382584,33.308846,32.720882,27.889853,28.614147,24.191626,24.857796,20.784672,20.061255,21.054949,17.250654,19.880411,14.886994,14.658586,9.524507,10.588178,14.128767,16.115637,18.177105,20.981884,25.936077,29.390535,29.415071,33.580215,34.390984,31.210485,29.403387,26.324272,24.62377,19.023825,19.625122,14.099465,11.379405,8.882649,5.8723273,3.6273975,0.0,3.7180882,6.741862,9.356384,12.841507,15.584664,13.225801,16.749815,15.561123,16.355589,20.389147,21.704206,19.869919,21.80619,18.18306,20.969896,19.568033,22.11643,23.989647,23.458689,23.4682,23.17706,19.7455,16.975956,18.714493,14.854139,20.604448,17.991114,22.432472,23.782322,25.948639,29.369522,29.328098,25.577423,28.048897,24.079329,22.889626,18.890951,19.43276,13.611,13.80881,13.062982,13.173008,14.399094,17.074514,19.360909,22.539028,24.228403,20.774132,25.02424,27.577782,25.61391,24.094471,26.469692,27.269299,27.867285,26.689552,30.083466,25.68394,30.122826,28.36725,32.1772
49,36.486076,32.382195,32.901253,30.383326,27.145927,30.739614,24.97674,29.773008,26.981642,28.256384,29.754581,31.814726,34.405262,32.608948,32.375813,27.77007,29.021488,24.575562,26.122536,22.200474,21.953545,23.299822,19.957394,22.938782,18.138533,17.399704,12.660491,13.413267,15.393445,17.673498,18.871923,22.291145,26.185255,30.226444,29.847355,33.984673,35.064888,31.792822,30.39042,27.609106,25.22454,20.064785,19.894741,14.496324,12.513953,10.2352,8.357661,6.7817526,3.7180882,0.0,3.7737546,5.652328,9.466074,11.899327,9.904788,13.671931,13.158743,14.3626175,18.384457,19.150328,17.723011,19.00087,15.505985,18.566063,17.228985,20.32555,22.040274,22.141613,22.121021,22.547152,19.258602,15.910561,17.704378,12.905841,18.849298,16.20862,20.336761,21.977669,24.033003,27.364578,27.74062,24.17353,27.060543,23.097488,21.867712,17.865221,18.68696,12.738435,13.586768,12.4154825,13.577488,15.536289,18.06119,20.43627,23.809462,25.096495,22.005339,26.602413,28.524908,26.039991,24.806871,27.785688,28.94376,29.20002,27.65657,30.78689,25.884327,30.018978,27.846956,31.392866
50,34.61304,30.482485,30.513226,27.973488,24.581947,27.808615,21.947742,26.361622,23.517372,24.59034,26.11855,28.366411,31.063814,29.451973,29.416529,25.019257,26.65737,22.259598,24.58232,20.935152,21.173515,22.97284,20.233654,23.69381,19.392626,18.296892,14.029385,14.1361885,14.239994,16.69678,16.970825,20.962772,23.886473,28.311932,27.725983,31.765972,33.19412,29.973455,28.791796,26.245743,23.472887,18.763433,17.780325,12.644546,11.869111,9.6174345,9.315222,8.665863,6.741862,3.7737546,0.0,4.694308,7.257628,9.495869,6.9793143,11.128953,10.056167,11.923944,15.663215,15.873783,14.336979,15.307493,11.748596,14.915628,14.232581,17.254156,19.255142,19.61914,20.210506,20.76356,17.085215,13.572737,14.861697,9.579795,15.267036,12.620523,16.658447,18.477781,20.622816,23.86933,24.506796,20.98441,23.887135,19.941479,18.591911,14.710952,15.663245,9.942913,11.554783,10.690427,12.93129,15.422393,17.185534,19.942154,23.48045,24.187778,20.973116,25.89758,27.39281,24.37448,23.070591,26.536287,27.965994,27.764002,25.939354,28.681684,23.458849,27.291592,24.821627,28.193579
51,37.704628,33.48115,33.359325,31.31448,27.757677,30.789072,25.028095,28.83439,26.25778,26.603518,28.251675,31.09626,34.052498,32.767437,33.02236,28.91106,30.83199,26.485086,29.138313,25.461563,25.822393,27.448833,24.739885,27.97346,23.3679,22.049545,17.855028,18.459938,18.806519,21.38923,21.468145,25.580137,28.000614,32.70008,31.832958,35.829243,37.29453,33.979084,33.11771,30.755684,27.605167,23.183979,22.019274,17.140734,16.23276,14.275942,13.469238,12.22021,9.356384,5.652328,4.694308,0.0,5.091805,6.5247545,6.4077086,10.439527,11.607617,13.520761,17.135632,16.714354,16.183594,15.900507,12.820201,16.120415,14.745074,18.738922,19.960905,21.163107,20.938206,22.565071,19.838633,15.834704,17.712008,11.854303,17.699923,15.343242,18.616417,20.758873,22.558779,25.593401,26.725775,23.594795,26.997715,23.19856,21.881031,18.193735,19.21962,13.608751,15.161284,13.390692,15.7549095,18.420774,20.714169,22.979683,26.44777,27.20724,24.849108,29.708654,30.699106,27.615189,26.93594,30.624828,32.244488,32.12317,30.113426,32.896656,27.406336,30.99224,28.30746,31.317816
52,34.799263,30.540684,30.09253,28.631903,24.940203,27.757088,22.30312,25.685568,23.833288,23.70965,26.093412,29.24882,32.05038,31.305384,31.372383,27.870838,29.856182,25.632069,28.98404,25.298573,26.375069,27.834843,26.20715,29.423851,25.133139,22.907747,19.742233,20.472294,19.114283,22.395275,21.399036,26.46159,28.21322,32.942528,32.31025,36.05426,38.109417,35.061886,34.116295,31.779024,28.811832,24.718576,22.729477,18.165476,18.653246,15.91702,16.238165,14.913209,12.841507,9.466074,7.257628,5.091805,0.0,5.307864,7.5047708,11.7539,12.515765,15.403518,18.276072,16.508982,15.934524,13.839293,10.197811,12.584886,10.170977,14.631588,15.323315,17.070652,16.682825,19.006351,16.968557,12.702268,14.906405,9.11684,15.158414,13.977721,16.929642,19.719446,21.818523,24.453331,26.281189,23.283892,26.20747,22.522665,20.468204,17.66277,17.506952,12.250589,13.693875,11.361374,14.458041,17.553818,19.483122,21.48306,24.904411,25.139805,23.694082,28.574663,28.61997,25.186823,25.24937,29.429022,31.512007,31.293839,28.853388,31.702763,25.792353,29.01904,26.343143,28.848587
53,38.582764,34.391,33.3732,31.671175,27.921944,30.007826,24.440481,26.780897,24.361412,23.61259,25.194633,28.820284,32.140137,31.438349,32.343296,28.918768,31.605385,27.592419,31.393143,28.277742,29.220484,31.320063,29.265953,32.902702,28.75663,27.13457,23.38157,23.495157,22.15707,24.702417,23.617102,28.144228,28.72492,34.01822,32.586815,36.2834,38.172794,34.923443,34.70549,32.92217,29.015928,25.659502,23.452,19.582338,19.881542,18.461725,18.716805,18.061087,15.584664,11.899327,9.495869,6.5247545,5.307864,0.0,5.1544027,7.8249664,10.507337,13.068048,15.480202,13.422777,14.024185,11.730942,9.927805,13.286234,13.014003,17.3364,18.289015,20.667725,20.893883,23.422295,20.945665,16.816975,18.012777,11.874561,16.10244,14.213373,15.92875,18.442165,19.804977,22.297445,24.271719,21.82408,25.607306,22.246988,21.028887,18.002773,19.43692,15.176799,17.507332,15.9187565,19.312513,22.418833,23.931328,26.314987,29.80782,29.815477,27.796598,32.8632,33.01809,29.25865,28.823048,33.14038,35.14211,34.41431,32.01123,34.078033,28.21773,30.968596,27.71519,30.024702
54,37.6595,33.564453,32.59112,30.132767,26.525806,28.617361,22.73138,25.471909,22.234972,22.193438,23.061396,26.174078,29.54742,28.31271,29.367575,25.457546,28.205797,24.196232,27.730045,24.950386,25.544271,28.119638,25.614614,29.581764,25.757006,24.819883,20.62999,20.024843,18.833988,20.66762,19.925861,23.795763,24.383022,29.727518,28.080862,31.907953,33.49562,30.127645,29.99774,28.321709,24.192598,20.902592,18.921846,15.212186,15.263339,14.734501,15.160397,15.351114,13.225801,9.904788,6.9793143,6.4077086,7.5047708,5.1544027,0.0,4.6062446,5.8321457,8.214818,11.1990385,10.348284,10.2926,10.397546,8.731303,12.935716,14.261783,17.648508,19.6626,21.26269,22.442194,23.901045,20.210224,16.497355,16.788399,10.722614,14.246776,11.168812,13.383811,15.245174,16.599579,19.576855,20.795284,18.01779,21.998375,18.5089,17.904406,14.177132,16.791195,12.815401,15.671048,15.138555,18.45779,21.355316,22.37175,25.352303,28.945953,28.972757,25.776735,30.948082,31.842613,28.106066,26.72005,30.762594,32.428833,31.434368,29.338236,31.000814,25.515848,28.418087,25.087488,27.87957
55,40.87458,36.89435,35.515274,32.82979,29.288055,30.760355,24.946634,26.809444,23.080643,22.646948,22.560732,25.867619,29.623987,28.353928,30.16474,26.377815,29.660254,25.988583,29.753904,27.59493,28.044254,31.106865,28.344347,32.571476,29.0351,28.592785,24.14887,23.038282,21.849253,22.919699,22.143053,25.275589,24.706135,30.406666,28.01456,31.70896,33.057484,29.554554,30.158154,29.084436,24.158142,21.798368,19.730984,17.050716,16.966873,17.712576,18.139126,18.886852,16.749815,13.671931,11.128953,10.439527,11.7539,7.8249664,4.6062446,0.0,5.3291016,6.3179865,8.386381,7.82865,9.218911,10.12509,10.657739,15.003798,17.67012,20.730516,22.917154,24.786226,26.381224,27.87685,23.922707,20.437786,20.060467,14.318849,16.093494,12.609975,13.389046,14.54568,14.944823,17.767487,18.845839,16.719894,21.46533,18.474316,18.85462,15.136373,19.082804,16.24946,19.46696,19.399866,22.802877,25.648888,26.323557,29.52837,33.127033,32.978153,29.360212,34.568596,35.577312,31.660458,29.861055,33.892807,35.4351,34.015526,32.029667,32.95287,27.72614,30.155062,26.442791,29.048786
56,36.80963,32.97265,31.596228,28.457518,25.086784,26.557697,20.667326,22.969168,18.860733,19.225542,19.03175,21.717085,25.253847,23.656252,25.241041,21.207338,24.42064,20.786766,24.570353,22.713285,23.236065,26.585135,24.13501,28.585585,25.630594,25.2907,21.199726,19.512127,17.409199,18.161179,17.08575,20.164825,19.464981,25.123758,22.913385,26.65386,28.164822,24.770689,25.105867,23.960659,19.19704,16.885363,14.481273,12.139233,12.947457,13.929246,15.307596,16.738886,15.561123,13.158743,10.056167,11.607617,12.515765,10.507337,5.8321457,5.3291016,0.0,3.6130614,5.9237423,6.1769857,5.1830654,8.559588,8.434346,12.630077,16.224836,18.227346,21.172739,22.301554,24.725416,25.306536,20.56918,17.685186,16.453878,11.515144,12.251765,8.134962,9.686393,10.471891,11.548594,14.8477335,15.384955,12.507921,16.8271,13.536564,13.981775,9.945087,14.431603,12.398432,15.885135,16.767075,20.146482,22.811167,22.73703,26.306082,29.863243,29.485003,25.212229,30.40109,31.673817,27.735325,25.36661,29.266945,30.695084,29.024744,27.148499,27.796652,22.789202,25.266424,21.62919,24.56235
57,39.40598,35.667404,34.3697,30.906635,27.709658,29.104084,23.256725,25.515093,21.013134,21.599693,20.64425,22.967955,26.583477,24.617098,26.529968,22.24847,25.504116,22.056528,25.36689,23.867443,23.904047,27.516098,24.457996,28.982407,26.16739,26.511229,22.008884,19.955866,18.717186,18.618023,18.217651,20.169382,19.369802,25.017735,22.342703,26.145693,27.104445,23.489202,24.228,23.390339,18.163494,16.219936,14.462317,12.687023,12.521137,14.7872925,15.683928,17.55612,16.355589,14.3626175,11.923944,13.520761,15.403518,13.068048,8.214818,6.3179865,3.6130614,0.0,4.1890635,7.1929355,6.754205,11.46213,11.987765,16.093225,19.802929,21.681738,24.732437,25.69396,28.158213,28.510595,23.538927,20.841885,19.483543,14.827281,15.251053,10.903856,12.041561,11.84717,12.185089,15.551333,15.250012,12.62705,17.363577,14.391715,15.78235,11.495828,16.817207,15.06672,18.448263,19.585781,22.63136,25.053347,24.99451,28.686901,32.21416,32.0099,27.22891,32.316757,34.080208,30.315424,27.485088,31.029514,32.128845,30.359264,28.81794,29.120811,24.622396,27.082079,23.456985,26.559834
58,40.080185,36.524456,34.71243,31.175316,28.095057,28.73231,23.191793,24.413782,19.64147,19.85435,18.052288,20.469793,24.348478,22.513678,25.118626,21.302471,25.105667,22.18986,26.030304,25.247332,25.529459,29.47808,26.85907,31.546623,29.240925,29.56471,25.400862,23.046133,20.89973,20.454233,19.38731,21.049673,18.518723,24.444881,21.163465,24.598686,25.703506,22.20232,23.637543,23.486639,17.706741,17.173782,14.777688,14.516453,15.270146,17.81925,19.267824,21.346754,20.389147,18.384457,15.663215,17.135632,18.276072,15.480202,11.1990385,8.386381,5.9237423,4.1890635,0.0,4.965038,5.3936124,10.668387,12.726918,16.397602,21.196177,22.549278,25.756952,26.89932,29.892944,30.233387,25.13865,22.76141,20.734951,16.68016,15.314414,11.254107,10.68446,9.634866,8.958514,12.087075,11.647678,9.753355,15.030109,12.799741,15.003442,11.459998,17.399433,17.088413,20.677288,22.150873,25.452555,27.92894,27.323126,31.136822,34.608093,34.00005,29.114523,34.168694,35.6919,31.66455,28.64669,32.30428,33.452908,31.188679,29.60707,29.102715,24.825033,26.568428,22.622791,25.324575
59,38.454075,34.8401,32.62078,29.629251,26.343445,26.604954,21.242418,21.649677,17.388388,16.638662,15.430406,18.81355,22.843729,21.775904,24.384117,21.28425,25.317282,22.429981,27.09705,26.107498,27.049559,30.744192,28.907368,33.52654,31.08857,30.615704,26.934925,24.999712,21.816223,22.279741,20.258625,23.15913,20.141592,26.16253,23.21101,26.356606,28.201815,25.0357,26.277197,26.012993,20.60359,20.027533,16.779968,16.268616,18.03148,19.358398,21.232918,22.793581,21.704206,19.150328,15.873783,16.714354,16.508982,13.422777,10.348284,7.82865,6.1769857,7.1929355,4.965038,0.0,3.8090765,6.1782618,9.502279,12.861446,18.069502,19.497215,22.407228,24.12504,27.137243,28.033646,23.445257,20.89585,18.882067,14.760183,12.770662,9.576326,7.6759105,7.8074627,7.3555045,9.964696,11.357338,9.873211,14.838235,12.696831,13.944326,11.3747635,16.313595,16.294456,19.966206,21.04751,24.820387,27.624657,26.94107,30.539783,34.009148,33.047337,28.945387,34.08928,34.7967,30.432543,28.083414,32.26869,33.880802,31.584002,29.530535,29.1466,24.265753,25.602243,21.43313,23.516878
60,35.25176,31.67854,29.643847,26.369385,23.166763,23.69177,18.157324,19.304712,14.809967,14.946846,14.05598,16.830452,20.584126,19.187029,21.345573,17.878689,21.724308,18.695213,23.302303,22.326666,23.323328,27.055424,25.441053,30.083359,27.919384,27.434011,24.038666,21.915932,18.259209,18.669064,16.47123,19.515978,16.7949,22.740156,20.156647,23.465433,25.470102,22.372873,23.146788,22.602009,17.540825,16.677315,13.2001295,12.74786,15.119906,16.296034,18.64805,20.43199,19.869919,17.723011,14.336979,16.183594,15.934524,14.024185,10.2926,9.218911,5.1830654,6.754205,5.3936124,3.8090765,0.0,6.3743668,8.147156,11.286436,16.613823,17.446938,20.791042,21.901466,25.253128,25.538788,20.528131,18.346811,15.95081,12.417157,10.027254,6.3120737,5.4500346,5.451997,6.4517355,9.757571,10.566427,7.851775,12.2931185,9.507045,10.543485,7.584925,12.809816,13.1967125,16.880665,18.453503,22.078873,24.717424,23.691349,27.429516,30.84752,29.844639,25.420494,30.51917,31.425314,27.14073,24.50032,28.57194,30.117086,27.802332,25.809164,25.491257,20.654932,22.248205,18.213827,20.71811
61,34.329052,30.624308,28.197622,25.932074,22.422163,22.656519,17.492905,17.639662,14.471155,12.992884,13.692541,17.717073,21.379528,21.121336,22.981886,20.555557,24.316412,21.30553,26.550617,25.076708,26.749733,29.897602,29.06769,33.42546,30.894201,29.42757,26.567911,25.212326,20.928604,22.569906,19.649992,24.027658,21.406836,27.110855,25.060362,28.018755,30.638676,27.8823,28.393637,27.62259,23.153582,21.977026,18.154417,16.98468,19.748352,19.443937,21.816793,22.732279,21.80619,19.00087,15.307493,15.900507,13.839293,11.730942,10.397546,10.12509,8.559588,11.46213,10.668387,6.1782618,6.3743668,0.0,4.913971,7.2634673,12.7243395,14.080436,16.660892,18.834763,21.844734,23.199152,19.3073,16.683895,14.840568,11.037502,8.748847,7.495621,5.4173427,8.122946,9.371669,11.136793,13.972061,12.205173,15.575399,13.166139,12.4443865,11.164468,13.721248,13.777465,17.18448,17.778202,21.89064,24.932392,24.145721,27.361437,30.731092,29.416142,26.37928,31.485735,31.259281,26.664219,25.25108,29.924706,32.054626,29.96561,27.39928,27.57453,21.999916,23.196426,19.156973,20.701979
62,31.130075,27.202797,25.355406,23.21444,19.531425,20.786522,15.236484,17.056906,14.439408,13.948846,15.912001,19.284304,22.363367,21.89945,22.7096,19.84725,22.86798,19.310316,24.172846,21.934505,23.70188,26.35338,25.70336,29.793667,26.999147,25.105555,22.536947,21.619312,17.312233,19.732065,16.927662,22.066475,21.038666,26.31028,25.093283,28.331535,30.997782,28.276567,27.96336,26.475018,22.845549,20.520529,16.980722,14.588712,17.413403,15.974217,18.409964,18.90075,18.18306,15.505985,11.748596,12.820201,10.197811,9.927805,8.731303,10.657739,8.434346,11.987765,12.726918,9.502279,8.147156,4.913971,0.0,4.403697,8.6145525,10.440262,13.153936,14.922883,17.638615,18.840162,14.969371,11.980884,10.7377615,6.1932287,6.410973,5.5668054,6.9788084,10.197998,12.565743,14.808597,17.080553,14.3692665,16.913519,13.705965,11.734065,10.058116,10.886802,9.471824,12.656438,12.910302,17.052273,20.152203,19.629396,22.69316,26.104366,24.996637,22.278198,27.420595,27.183966,22.752909,21.711744,26.418776,28.652906,27.072971,24.410501,25.550919,19.619978,21.635756,18.11272,20.166983
63,27.82446,23.984777,21.742807,20.122461,16.416172,17.314737,12.261932,13.597751,12.12037,11.297016,14.553571,17.878708,20.452284,20.603468,20.90992,18.881823,21.675724,18.454193,23.72724,21.608433,23.970716,26.301128,26.67336,30.539015,28.150248,25.674767,24.053482,23.299849,17.939646,20.79317,17.199438,22.908615,21.556612,26.38976,25.692934,28.537191,31.719107,29.428028,28.831057,27.295427,24.314966,22.25725,18.348867,16.438972,20.054705,17.979252,20.903042,21.22534,20.969896,18.566063,14.915628,16.120415,12.584886,13.286234,12.935716,15.003798,12.630077,16.093225,16.397602,12.861446,11.286436,7.2634673,4.403697,0.0,6.561147,6.822125,9.710626,11.600765,14.999344,16.1604,12.775448,10.4489155,8.698465,6.627234,4.782456,7.1736536,7.8694882,11.336755,14.031278,15.548021,18.252365,15.759118,17.030947,14.213522,11.196354,11.280049,9.912593,9.96718,12.460561,12.75837,16.87915,19.905064,18.790298,21.542955,24.697416,23.03925,21.088026,25.982395,24.927225,20.259056,19.84406,24.82357,27.406185,25.760832,22.774487,23.932577,17.812326,19.326717,16.029856,17.437447
64,26.626081,22.499784,21.20389,20.63444,16.894838,19.125444,14.624472,17.34412,17.226482,16.797338,20.75669,23.731564,25.730234,25.929472,25.275455,23.163448,24.936237,21.342073,25.754637,22.560045,24.949793,26.20222,26.81966,29.981222,26.979538,23.652046,22.61124,22.966137,18.371914,22.29247,19.297478,25.541681,26.02927,30.24658,30.336466,33.360397,36.461853,34.1857,32.908016,30.682596,28.55355,25.356405,22.1307,18.885384,21.824938,18.370567,20.693064,19.937092,19.568033,17.228985,14.232581,14.745074,10.170977,13.014003,14.261783,17.67012,16.224836,19.802929,21.196177,18.069502,16.613823,12.7243395,8.6145525,6.561147,0.0,4.9397545,5.4339423,7.881345,9.273773,11.72319,10.37627,7.009835,8.430553,6.439534,9.866495,12.017736,14.189223,17.584736,20.373672,22.083548,24.64766,21.860092,22.944498,19.798029,16.275265,15.932833,12.857891,10.360919,11.197868,9.555843,13.358071,16.498026,16.447128,18.19376,21.226137,19.965267,19.741499,24.348663,22.699339,18.504763,19.623514,24.50497,27.316711,26.676867,23.574568,26.19877,19.94712,22.23602,19.925396,21.393435
65,22.29319,18.305843,16.517569,16.001194,12.29613,14.271059,10.254623,13.08873,13.848737,13.898006,18.441538,20.790688,22.158197,22.621222,21.41818,19.9441,21.417807,18.276295,22.981281,20.254854,23.153374,24.380081,25.993551,29.107244,26.939384,23.476751,23.323017,23.295815,17.453209,21.276443,17.507029,23.902216,23.906322,27.610086,28.153318,30.776329,34.25685,32.420143,30.909433,28.751665,27.224201,24.523705,20.969887,18.598795,22.431,18.989931,22.047995,21.736362,22.11643,20.32555,17.254156,18.738922,14.631588,17.3364,17.648508,20.730516,18.227346,21.681738,22.549278,19.497215,17.446938,14.080436,10.440262,6.822125,4.9397545,0.0,4.1573052,4.8102074,8.963233,9.71181,7.786824,6.5290766,5.919803,7.9430223,8.356977,11.944887,13.8128395,16.929934,19.985466,21.325563,23.77319,21.025745,20.923119,18.147802,14.0536995,15.047518,10.526935,10.337094,10.744539,10.4212675,13.810418,16.49967,15.105261,16.936474,19.646606,17.592587,17.387848,21.724236,19.56452,14.993056,16.189936,21.23981,24.256714,23.298147,20.001637,22.350555,16.168776,17.980698,16.040903,17.13285
66,23.084356,19.155302,17.580675,18.213848,14.778492,16.71911,13.727215,15.890759,17.44918,16.899607,21.691801,24.298187,25.549868,26.354528,25.054905,23.92739,25.197405,22.156565,26.615467,23.624378,26.52881,27.269672,29.018766,31.77447,29.321526,25.449108,25.565153,26.075176,20.728413,24.849634,21.321241,27.778694,28.052946,31.641771,32.296688,34.87209,38.394463,36.575977,35.01422,32.7594,31.334398,28.437824,25.024227,22.32916,25.819284,22.037327,24.701414,23.879845,23.989647,22.040274,19.255142,19.960905,15.323315,18.289015,19.6626,22.917154,21.172739,24.732437,25.756952,22.407228,20.791042,16.660892,13.153936,9.710626,5.4339423,4.1573052,0.0,4.3638606,6.321672,9.036437,9.834261,8.408373,9.533065,10.815914,12.296098,15.68769,17.307981,20.593687,23.47744,24.637945,27.401573,24.839703,24.890957,22.20712,18.163536,19.073805,14.626683,13.673965,13.544474,12.15602,15.106295,17.731796,17.002813,17.958885,20.351156,18.386372,19.651857,23.561272,20.683264,16.498945,18.837622,23.722622,26.878761,26.341604,22.99633,25.74331,19.704538,21.364983,19.753149,20.37027
67,19.177816,15.10823,14.122943,14.693816,11.404221,14.324015,11.646006,15.251999,17.032383,17.568626,22.37441,24.156725,24.849512,25.378902,23.320845,22.116142,22.628832,19.637632,23.563072,20.430796,23.49225,23.800304,26.166538,28.600355,26.576239,22.492386,23.40507,23.94903,18.27853,22.544397,19.022026,25.492767,26.500288,29.415112,30.704447,33.203632,36.734016,35.151615,33.09115,30.544306,29.930887,26.815306,23.676182,21.021435,24.694609,20.56295,23.467,22.710732,23.458689,22.141613,19.61914,21.163107,17.070652,20.667725,21.26269,24.786226,22.301554,25.69396,26.89932,24.12504,21.901466,18.834763,14.922883,11.600765,7.881345,4.8102074,4.3638606,0.0,5.41494,5.3032765,6.2625513,6.5958447,7.652241,11.118158,12.602396,16.075947,18.39572,21.345646,24.512112,25.854668,28.114115,25.227161,24.586487,21.83883,17.507513,18.657711,13.168603,12.562388,11.479001,10.606112,12.772683,14.898598,13.523492,14.266803,16.434078,14.177951,15.756864,19.373362,16.32378,12.179621,14.930306,19.66622,22.884789,22.623856,19.290455,22.56914,16.770008,18.81705,17.969074,18.908527
68,21.810017,17.817257,17.843185,19.118174,16.170023,19.445145,16.972664,20.569845,22.2959,22.544474,27.311077,29.393675,30.235826,30.713297,28.652552,27.182983,27.480429,24.236156,27.538143,23.795921,26.520166,26.183672,28.215631,30.12496,27.446617,22.964745,23.979155,25.35881,20.924562,25.54661,22.763924,29.189596,31.089758,33.98996,35.35308,38.08052,41.39998,39.631943,37.431164,34.60035,34.050552,30.315308,27.620476,24.159681,27.05855,22.453573,24.599157,23.080175,23.4682,22.121021,20.210506,20.938206,16.682825,20.893883,22.442194,26.381224,24.725416,28.158213,29.892944,27.137243,25.253128,21.844734,17.638615,14.999344,9.273773,8.963233,6.321672,5.41494,0.0,5.2472043,9.455088,8.597387,11.748981,13.48316,16.912779,19.770206,22.411396,25.569872,28.652996,30.190416,32.559925,29.587704,29.482216,26.4776,22.292564,22.730463,17.635054,15.3541765,13.744838,11.371004,12.695689,14.677397,14.847412,14.40297,16.279741,14.876368,17.992283,21.158371,17.940165,14.854292,18.45794,22.67895,25.79255,26.3013,23.156313,27.1425,21.514332,23.952694,23.271006,24.314495
69,17.316967,13.187639,14.010208,14.949785,12.382358,16.506817,14.438221,19.177172,20.941608,22.197184,26.839489,28.06839,28.36225,28.536003,25.798002,24.290375,23.823273,20.75962,23.437288,19.708107,22.593643,21.8597,24.656427,26.278526,24.294125,19.702795,21.658554,22.843157,17.909542,22.482103,19.679426,25.927835,28.40173,30.548313,32.52753,35.097603,38.409973,36.940117,34.282898,31.242615,31.538265,27.775942,25.344059,22.193026,25.38083,20.642561,23.182264,21.987053,23.17706,22.547152,20.76356,22.565071,19.006351,23.422295,23.901045,27.87685,25.306536,28.510595,30.233387,28.033646,25.538788,23.199152,18.840162,16.1604,11.72319,9.71181,9.036437,5.3032765,5.2472043,0.0,6.1483154,7.705205,10.088462,13.816459,16.573275,19.486078,22.570011,25.310184,28.610952,30.252731,32.09233,28.87903,28.020504,25.074469,20.747429,21.512865,15.643201,14.124476,11.694192,10.406888,10.715364,11.899908,10.894873,10.242767,11.843772,9.863271,13.293134,16.088736,12.719377,9.702455,13.703069,17.641945,20.787556,21.528126,18.467045,22.88889,17.724882,20.475706,20.569674,21.926043
70,17.909561,13.670977,13.865869,12.577334,9.347555,13.815609,10.050967,15.937393,16.42763,18.457933,22.484371,23.39044,23.9355,23.530626,21.00915,18.755804,18.554117,15.070464,18.09461,14.465546,17.390469,17.579884,19.974731,22.393597,20.65296,16.752094,17.966352,18.271208,12.39955,16.77877,13.653469,20.016945,22.369225,24.774542,26.5387,29.292862,32.46629,30.865374,28.297514,25.33243,25.397825,21.738293,19.201368,16.273643,19.874622,15.514612,18.663347,18.229286,19.7455,19.258602,17.085215,19.838633,16.968557,20.945665,20.210224,23.922707,20.56918,23.538927,25.13865,23.445257,20.528131,19.3073,14.969371,12.775448,10.37627,7.786824,9.834261,6.2625513,9.455088,6.1483154,0.0,4.3059483,4.6996565,9.663953,11.782054,14.284972,17.79279,20.154387,23.537796,25.447912,26.799442,23.366615,22.471333,19.352678,15.144872,15.696212,9.7447,8.713699,6.4629383,7.0736427,8.408759,10.07172,7.658115,9.4811125,12.194618,10.265377,9.84823,14.12001,12.553172,8.409391,9.790667,14.437336,17.404608,17.38959,14.306195,18.308458,12.668494,16.05726,15.674308,17.909882
71,22.112022,17.852827,17.774132,16.549055,13.054639,16.897139,12.299213,17.47741,17.277542,18.638178,22.474798,24.15008,25.41185,24.949745,23.192286,20.498003,21.061836,17.182032,20.483568,16.656515,19.078573,19.668512,20.852703,23.58773,20.938833,17.24763,17.233503,17.76678,12.834971,17.304049,14.648011,21.031693,23.277792,26.497284,27.584297,30.692354,33.63427,31.59211,29.430275,26.567707,25.738188,21.791859,19.244892,15.564141,18.608223,14.223881,16.91164,16.146746,16.975956,15.910561,13.572737,15.834704,12.702268,16.816975,16.497355,20.437786,17.685186,20.841885,22.76141,20.89585,18.346811,16.683895,11.980884,10.4489155,7.009835,6.5290766,8.408373,6.5958447,8.597387,7.705205,4.3059483,0.0,4.561803,6.29126,10.620621,12.494715,16.229128,18.961176,22.219948,24.371443,25.967836,22.520561,22.651733,19.200762,15.296779,14.870042,10.101824,6.82626,5.394638,4.1717305,7.286869,10.08653,9.449678,11.417631,14.605951,13.539334,12.885967,17.512201,16.459393,12.629186,13.587604,18.131542,20.839373,20.785793,17.865492,21.535583,15.604232,18.99569,17.7366,20.088163
72,20.910652,16.855516,15.915206,13.780174,10.103894,13.369037,8.108594,13.508432,12.889523,14.75448,18.416485,19.730677,20.90541,20.39233,18.706453,16.120043,17.038025,13.333144,17.4927,14.474873,17.2567,18.659756,20.176975,23.435196,21.591858,18.49375,18.399063,17.945826,11.63583,15.465899,11.794963,18.268356,19.392258,22.7292,23.68889,26.58917,29.77558,27.908657,25.919231,23.387806,22.420362,19.226994,16.072962,13.477467,17.514536,13.944618,17.434206,17.589876,18.714493,17.704378,14.861697,17.712008,14.906405,18.012777,16.788399,20.060467,16.453878,19.483543,20.734951,18.882067,15.95081,14.840568,10.7377615,8.698465,8.430553,5.919803,9.533065,7.652241,11.748981,10.088462,4.6996565,4.561803,0.0,6.2239556,7.135248,9.6854315,13.100001,15.512085,18.88016,20.84757,22.276873,18.886467,18.42334,15.181704,11.038268,11.451837,5.916256,5.6893835,5.707546,7.331803,10.365316,12.714866,10.51531,13.37824,16.406967,14.652048,12.47704,17.303556,16.490318,12.0173025,11.623753,16.553024,19.257967,18.302256,15.250272,17.977066,11.798626,14.868158,13.247912,15.730841
73,27.041891,22.914845,22.022808,19.943901,16.255056,18.968405,13.308357,17.37798,15.55387,16.42028,19.268805,21.609983,23.835346,23.075848,22.559652,19.292269,21.103678,17.040041,21.053116,17.843987,19.725157,21.585121,21.36144,24.98489,22.036745,19.515903,17.65071,17.329632,12.868255,16.376343,13.844597,19.746428,20.846,25.21723,25.150259,28.557646,31.21488,28.684061,27.33157,24.991772,22.711409,19.138304,16.224995,12.549207,15.418042,12.27698,14.915402,14.847126,14.854139,12.905841,9.579795,11.854303,9.11684,11.874561,10.722614,14.318849,11.515144,14.827281,16.68016,14.760183,12.417157,11.037502,6.1932287,6.627234,6.439534,7.9430223,10.815914,11.118158,13.48316,13.816459,9.663953,6.29126,6.2239556,0.0,7.088409,7.2847586,11.208333,14.024511,17.031958,19.517115,21.120861,17.717457,19.096146,15.410408,12.344599,10.658704,8.597835,4.5084524,6.8228936,6.754742,10.900298,14.00006,13.665424,16.586823,20.045471,19.232563,16.808668,21.928335,21.8143,17.737959,17.103485,21.677809,23.979738,23.129866,20.448902,22.8775,16.824436,19.90904,17.377436,20.021675
74,25.823263,22.166094,19.951202,17.32493,13.812565,14.690627,9.03869,11.356779,8.698023,9.575378,12.300135,14.62297,16.986954,16.569036,16.666792,14.190943,17.040985,13.841149,19.287495,17.67715,20.074938,22.815763,23.382605,27.445406,25.715145,23.652447,22.232285,20.853317,14.767073,17.063208,13.042829,18.566511,16.911537,21.623482,21.082916,23.90887,27.150314,25.005262,24.222511,22.719976,20.000292,18.251911,14.107255,13.001808,17.337757,15.683278,19.20538,20.178415,20.604448,18.849298,15.267036,17.699923,15.158414,16.10244,14.246776,16.093494,12.251765,15.251053,15.314414,12.770662,10.027254,8.748847,6.410973,4.782456,9.866495,8.356977,12.296098,12.602396,16.912779,16.573275,11.782054,10.620621,7.135248,7.088409,0.0,4.4658003,6.0962925,8.784595,12.04233,13.84218,15.707243,12.711994,13.103859,10.066632,6.5653615,7.2757235,5.6362424,8.09724,10.85612,12.6224985,16.364027,18.985651,16.996422,20.294123,23.395618,21.594585,18.44267,23.340046,22.912586,18.241856,16.687977,21.480354,23.827301,21.761553,18.953117,19.590199,13.647108,15.270291,11.809288,13.950436
75,29.19453,25.50704,23.722836,20.583958,17.221146,18.42476,12.566228,15.149688,11.36912,12.4729,13.58964,15.832203,18.736391,17.53937,18.270779,14.769059,17.884253,14.3522625,19.232285,17.612452,19.273083,22.490816,21.905367,26.288599,24.263327,22.944826,20.531364,18.775322,13.714298,15.291462,12.163523,16.884558,15.487305,20.774923,19.5813,22.892761,25.535297,22.889816,22.431023,21.011377,17.470074,15.481535,11.600043,10.136864,13.915343,13.213124,16.429647,17.82448,17.991114,16.20862,12.620523,15.343242,13.977721,14.213373,11.168812,12.609975,8.134962,10.903856,11.254107,9.576326,6.3120737,7.495621,5.5668054,7.1736536,12.017736,11.944887,15.68769,16.075947,19.770206,19.486078,14.284972,12.494715,9.6854315,7.2847586,4.4658003,0.0,4.908203,6.926973,10.025107,12.762533,13.902211,10.433041,12.309182,8.656094,6.8443956,4.510461,6.8972664,7.6333957,11.197668,13.111647,16.771124,19.382334,17.91238,21.570702,24.905714,23.674376,19.61076,24.718777,25.239328,20.888077,18.594276,22.960342,24.847347,22.809143,20.455105,20.963072,15.459687,17.60745,13.9993105,16.82274
76,31.250639,27.81949,25.245861,22.307905,19.108387,18.972723,13.816659,14.054816,9.906468,9.6081505,9.722982,12.953771,16.5182,15.877804,17.752844,15.25005,19.22426,16.563911,22.051445,21.29165,23.099573,26.588125,26.226656,30.712402,28.98555,27.760603,25.380917,23.446373,18.23374,19.292982,15.819464,19.881159,16.387058,22.010206,20.044113,22.82615,25.710764,23.222471,23.620834,23.03159,18.80119,18.3056,14.005175,14.113893,17.853514,17.903542,21.019033,22.533703,22.432472,20.336761,16.658447,18.616417,16.929642,15.92875,13.383811,13.389046,9.686393,12.041561,10.68446,7.6759105,5.4500346,5.4173427,6.9788084,7.8694882,14.189223,13.8128395,17.307981,18.39572,22.411396,22.570011,17.79279,16.229128,13.100001,11.208333,6.0962925,4.908203,0.0,3.5280862,6.2518706,8.316636,10.469553,8.02467,10.3925905,7.9393897,7.3309093,7.000035,10.109674,12.362456,15.783928,17.528076,21.354208,24.030857,22.317162,25.874224,29.086191,27.466187,23.646517,28.586859,28.66393,24.056337,21.8414,26.299097,28.256533,25.703543,23.29319,22.755295,17.573778,18.447401,14.249476,16.093672
77,32.626495,29.42482,26.805391,23.394367,20.532316,20.047922,15.162022,15.110745,10.217089,10.510282,8.850912,11.384626,15.216268,14.052135,16.62848,13.96409,18.314928,16.102001,21.427473,21.37274,22.894983,26.791817,26.210907,30.852516,29.537455,28.84095,26.317554,23.916502,18.86226,19.041842,15.758111,18.77014,14.183043,20.020218,17.447031,20.124802,22.838135,20.314257,21.207035,21.136454,16.41459,16.89095,12.56741,13.926529,17.601267,18.58263,21.722485,23.703646,23.782322,21.977669,18.477781,20.758873,19.719446,18.442165,15.245174,14.54568,10.471891,11.84717,9.634866,7.8074627,5.451997,8.122946,10.197998,11.336755,17.584736,16.929934,20.593687,21.345646,25.569872,25.310184,20.154387,18.961176,15.512085,14.024511,8.784595,6.926973,3.5280862,0.0,3.4060678,6.0209217,7.1544857,4.5159826,7.583478,5.6622295,7.108028,6.7687116,11.384873,14.338791,17.765656,19.976755,23.554005,26.003054,24.025923,27.798206,30.950716,29.340998,24.87239,29.682821,30.210165,25.730059,22.85562,26.945913,28.58532,25.683401,23.607803,22.309542,17.823835,18.374586,14.068108,16.063004
78,35.739403,32.641823,29.854815,26.445618,23.70557,22.841621,18.284634,17.471313,12.602614,12.275438,9.33519,12.005192,16.160881,15.046214,18.41016,16.075985,20.647148,18.82601,23.98001,24.273474,25.568182,29.651834,28.762419,33.483902,32.197525,31.79873,28.976732,26.432705,21.815203,21.573606,18.61381,20.893375,15.569809,21.47733,18.214949,20.633385,23.045933,20.454891,22.092117,22.589891,17.285845,18.55342,14.5134735,16.348204,19.512316,21.129393,23.988014,26.101728,25.948639,24.033003,20.622816,22.558779,21.818523,19.804977,16.599579,14.944823,11.548594,12.185089,8.958514,7.3555045,6.4517355,9.371669,12.565743,14.031278,20.373672,19.985466,23.47744,24.512112,28.652996,28.610952,23.537796,22.219948,18.88016,17.031958,12.04233,10.025107,6.2518706,3.4060678,0.0,3.5671408,4.6273775,3.8457084,8.2496605,7.6781273,10.182626,9.72499,14.75829,17.52416,21.024834,23.13634,26.74485,29.219725,27.34658,31.149487,34.32187,32.740273,28.166523,32.945442,33.562706,29.089746,26.111448,30.076572,31.58499,28.52954,26.610182,24.873161,20.798,20.978582,16.630613,18.259144
79,36.4897,33.61411,30.39413,27.216787,24.66602,23.046904,19.190552,17.07017,12.582249,11.420487,7.4991574,10.563111,14.862119,14.402966,18.315409,16.997433,21.741377,20.517746,25.93662,26.614504,28.145458,32.210415,31.73222,36.414707,35.35388,34.80027,32.246742,29.71172,24.704346,24.497341,21.186668,23.437523,17.286795,22.89657,19.542463,21.32587,24.01074,21.821701,23.774935,24.667997,19.53103,21.449963,17.280796,19.555996,22.954168,24.449362,27.440916,29.504128,29.369522,27.364578,23.86933,25.593401,24.453331,22.297445,19.576855,17.767487,14.8477335,15.551333,12.087075,9.964696,9.757571,11.136793,14.808597,15.548021,22.083548,21.325563,24.637945,25.854668,30.190416,30.252731,25.447912,24.371443,20.84757,19.517115,13.84218,12.762533,8.316636,6.0209217,3.5671408,0.0,4.31477,6.0765233,8.776985,9.602826,11.90769,12.603903,16.871851,20.262173,23.647953,25.734621,29.42314,31.920582,29.810518,33.513756,36.57119,34.701035,30.396536,35.022186,35.262726,30.674295,27.86187,31.878931,33.49062,30.199196,28.202526,25.965368,22.141125,21.536367,17.156055,17.950903
80,37.40156,34.66496,31.728811,27.994694,25.722752,24.312607,20.409384,19.044386,14.0442095,14.150865,9.799193,10.996318,15.002953,13.525501,17.698101,15.81494,20.5218,19.570105,24.404066,25.602192,26.701626,31.05797,30.235989,34.974987,34.29432,34.319035,31.623898,28.690073,24.085293,23.052109,20.21905,21.297726,14.62747,20.195911,16.271946,18.052042,20.283646,17.974579,20.393915,21.741032,16.264826,19.024965,15.249697,18.42485,21.532278,23.811117,26.735683,29.208532,29.328098,27.74062,24.506796,26.725775,26.281189,24.271719,20.795284,18.845839,15.384955,15.250012,11.647678,11.357338,10.566427,13.972061,17.080553,18.252365,24.64766,23.77319,27.401573,28.114115,32.559925,32.09233,26.799442,25.967836,22.276873,21.120861,15.707243,13.902211,10.469553,7.1544857,4.6273775,4.31477,0.0,4.0790915,7.0419135,8.534619,12.180045,12.380521,17.483044,21.024149,24.3651,26.87521,30.245644,32.4737,30.219233,34.128277,37.145336,35.44531,30.431726,34.91833,35.805004,31.47281,27.988667,31.520231,32.72201,29.272491,27.715849,25.035141,21.963312,21.501791,17.335453,18.711567
81,34.741344,31.815107,29.273088,25.359144,22.930056,22.22284,17.723892,17.625347,12.353766,13.347566,10.164685,11.210095,14.979154,13.003139,16.300407,13.409621,17.926062,16.333643,21.092297,21.882572,22.93514,27.24325,26.322586,31.066929,30.260874,30.249454,27.565407,24.657228,20.044827,19.118095,16.340603,17.76111,11.949203,17.86941,14.417135,16.958351,19.253986,16.636383,18.274881,18.949541,13.59755,15.477468,11.506987,14.379066,17.678358,19.770784,22.800943,25.282658,25.577423,24.17353,20.98441,23.594795,23.283892,21.82408,18.01779,16.719894,12.507921,12.62705,9.753355,9.873211,7.851775,12.205173,14.3692665,15.759118,21.860092,21.025745,24.839703,25.227161,29.587704,28.87903,23.366615,22.520561,18.886467,17.717457,12.711994,10.433041,8.02467,4.5159826,3.8457084,6.0765233,4.0790915,0.0,5.5083013,5.1092806,8.927299,8.407753,13.906965,17.213167,20.528471,23.160824,26.394634,28.546978,26.355362,30.317036,33.377567,31.854485,26.67567,31.260508,32.381397,28.14886,24.560467,28.090698,29.277351,26.052902,24.479269,22.356434,18.915833,19.199774,15.077538,17.260864
82,31.16027,28.69338,25.934528,21.775717,19.948065,18.580568,15.049758,14.567149,9.394349,11.646168,8.442439,7.0816913,10.085129,7.5858135,11.004855,8.799781,13.540545,13.036167,18.056273,19.774868,21.261822,25.49385,25.668304,30.19393,30.249554,30.034233,28.312366,25.292671,19.656929,18.58097,15.04024,16.267847,9.104746,14.289872,11.451693,13.203582,16.493053,14.797669,15.914979,16.784807,12.74886,15.467324,11.2092705,15.243574,19.437134,20.989159,24.585087,27.112719,28.048897,27.060543,23.887135,26.997715,26.20747,25.607306,21.998375,21.46533,16.8271,17.363577,15.030109,14.838235,12.2931185,15.575399,16.913519,17.030947,22.944498,20.923119,24.890957,24.586487,29.482216,28.020504,22.471333,22.651733,18.42334,19.096146,13.103859,12.309182,10.3925905,7.583478,8.2496605,8.776985,7.0419135,5.5083013,0.0,4.0273447,7.39174,9.407822,12.96004,17.923819,20.663555,23.793638,26.680958,28.476961,25.490025,29.35753,32.04827,30.098507,24.876345,28.956926,29.901325,25.780365,21.902971,25.122633,26.265182,22.588852,21.107983,18.04721,15.419824,14.7538805,10.859459,12.828776
83,29.879139,27.015314,24.690725,20.52367,18.239437,17.870974,13.300533,14.337452,9.060224,11.637323,9.918621,9.801718,12.668167,10.31731,12.335709,8.780307,13.132794,11.308419,16.410921,17.217598,18.671335,22.829016,22.676533,27.277359,26.859219,26.515913,24.577436,21.704256,16.143202,15.463089,11.946628,14.081414,8.687924,14.39247,12.165888,14.91164,17.87798,15.655237,16.000248,15.919588,11.857974,13.005462,8.426469,11.57051,15.914789,17.142872,20.751411,23.172806,24.079329,23.097488,19.941479,23.19856,22.522665,22.246988,18.5089,18.474316,13.536564,14.391715,12.799741,12.696831,9.507045,13.166139,13.705965,14.213522,19.798029,18.147802,22.20712,21.83883,26.4776,25.074469,19.352678,19.200762,15.181704,15.410408,10.066632,8.656094,7.9393897,5.6622295,7.6781273,9.602826,8.534619,5.1092806,4.0273447,0.0,4.4690104,5.3856573,9.648681,14.06426,16.93843,20.025341,22.936089,24.816633,22.119532,26.062311,28.938633,27.255373,21.976505,26.396725,27.50933,23.371809,19.580713,23.056044,24.310432,21.052147,19.389801,17.416643,13.81971,14.395596,10.445863,13.3509655
84,25.9935,22.92883,20.613045,16.702389,14.085547,14.118332,9.040032,11.080931,6.3629766,9.5680485,10.060924,10.368961,12.549186,10.985732,11.470135,8.2124,11.907639,9.402505,15.183463,15.192632,17.352303,20.954327,21.60415,25.954124,25.361483,24.238607,22.933926,20.552208,14.097575,14.642326,10.258605,14.280578,10.716254,15.564485,14.733635,17.371862,20.747503,18.856094,18.22986,17.287483,14.535122,14.253395,9.630108,11.209022,16.158031,15.950307,19.880999,21.816397,22.889626,21.867712,18.591911,21.881031,20.468204,21.028887,17.904406,18.85462,13.981775,15.78235,15.003442,13.944326,10.543485,12.4443865,11.734065,11.196354,16.275265,14.0536995,18.163536,17.507513,22.292564,20.747429,15.144872,15.296779,11.038268,12.344599,6.5653615,6.8443956,7.3309093,7.108028,10.182626,11.90769,12.180045,8.927299,7.39174,4.4690104,0.0,4.7612104,5.6811624,11.046814,13.595703,16.650253,19.610916,21.551886,18.653076,22.41449,25.241776,23.326584,18.62737,23.134373,23.664114,19.310352,16.031837,20.03717,21.770899,18.78799,16.572342,15.485737,10.717184,11.713255,7.739709,10.889399
85,28.883408,25.5087,23.86408,19.938297,17.082647,18.155647,12.521408,15.485164,10.933394,13.339359,13.3859215,14.294872,16.918951,14.889184,15.620732,11.358065,14.554917,11.182437,15.835118,15.033907,16.394762,20.191813,19.529512,24.126335,22.861597,22.224346,19.925707,17.425785,12.1255245,12.433259,9.24826,12.974709,11.039033,16.433346,15.134067,18.5845,21.09788,18.472052,17.924341,16.640476,13.059478,11.587226,7.3251686,7.547118,11.991943,12.357002,15.9484625,18.083738,18.890951,17.865221,14.710952,18.193735,17.66277,18.002773,14.177132,15.136373,9.945087,11.495828,11.459998,11.3747635,7.584925,11.164468,10.058116,11.280049,15.932833,15.047518,19.073805,18.657711,22.730463,21.512865,15.696212,14.870042,11.451837,10.658704,7.2757235,4.510461,7.000035,6.7687116,9.72499,12.603903,12.380521,8.407753,9.407822,5.3856573,4.7612104,0.0,6.473174,9.045142,12.206563,15.099175,18.08153,20.145807,18.048178,22.029331,25.186626,23.955345,18.809671,23.68515,24.957418,20.882612,17.485666,21.269981,22.69805,20.234108,18.342112,18.096746,13.397568,15.587056,12.087997,15.587254
86,22.717455,19.171782,17.736055,14.099812,10.955563,13.014349,7.0879183,12.168894,9.498229,12.550258,14.825789,15.3705015,16.767632,15.482979,14.306289,10.849125,12.584833,8.783496,13.814655,12.071784,14.630992,17.37741,18.43987,22.414248,21.355658,19.468336,18.722557,17.007648,10.070002,12.281319,7.804913,13.761956,13.587779,17.403784,17.896347,20.85698,24.014404,22.113903,20.41095,18.301178,16.857994,14.517823,10.752769,9.738379,14.660335,12.66589,16.7201,18.044855,19.43276,18.68696,15.663245,19.21962,17.506952,19.43692,16.791195,19.082804,14.431603,16.817207,17.399433,16.313595,12.809816,13.721248,10.886802,9.912593,12.857891,10.526935,14.626683,13.168603,17.635054,15.643201,9.7447,10.101824,5.916256,8.597835,5.6362424,6.8972664,10.109674,11.384873,14.75829,16.871851,17.483044,13.906965,12.96004,9.648681,5.6811624,6.473174,0.0,6.3698125,8.166136,11.381131,14.098196,16.000471,13.128328,16.827803,19.767166,18.036161,13.667214,18.504107,18.92482,14.598562,11.846067,16.30109,18.402004,16.332773,13.718421,14.775639,8.8823805,11.810277,9.281858,12.768989
87,25.36763,21.36635,20.991528,18.115368,14.75183,18.039642,12.260961,17.55339,15.30848,17.383772,19.80435,21.170696,22.988783,21.633696,20.604692,16.717503,17.9135,13.57958,16.91588,13.503303,15.23021,17.21077,16.991613,20.72898,18.18883,15.971311,14.32194,13.520489,8.388552,11.987538,9.631744,15.586424,17.792257,21.647005,22.076405,25.603264,28.07223,25.637268,23.777042,21.080376,19.494793,15.440493,12.94541,8.944782,12.227669,8.722248,12.089359,12.58943,13.611,12.738435,9.942913,13.608751,12.250589,15.176799,12.815401,16.24946,12.398432,15.06672,17.088413,16.294456,13.1967125,13.777465,9.471824,9.96718,10.360919,10.337094,13.673965,12.562388,15.3541765,14.124476,8.713699,6.82626,5.6893835,4.5084524,8.09724,7.6333957,12.362456,14.338791,17.52416,20.262173,21.024149,17.213167,17.923819,14.06426,11.046814,9.045142,6.3698125,0.0,3.6874335,6.066585,9.240777,11.751091,10.678389,14.264213,17.738853,17.097517,13.329108,18.558867,19.377462,15.614952,13.9239855,18.096394,20.079268,19.270197,16.894478,19.53931,13.857553,17.648901,15.602102,18.973845
88,23.124063,19.061369,19.44001,16.860935,13.720306,17.852612,12.66172,18.712477,17.270239,19.622591,22.504772,23.503593,24.796526,23.506016,21.730751,18.03264,18.298246,13.99231,16.451221,12.322916,14.220576,15.23377,15.707087,18.834507,16.286514,13.297289,12.743227,12.651697,7.5390224,12.044785,10.08449,16.165697,19.560612,22.574354,23.769968,27.17673,29.664118,27.481947,25.056324,21.927029,21.367281,16.882353,14.96752,10.81223,13.701388,9.183778,12.316171,12.207564,13.80881,13.586768,11.554783,15.161284,13.693875,17.507332,15.671048,19.46696,15.885135,18.448263,20.677288,19.966206,16.880665,17.18448,12.656438,12.460561,11.197868,10.744539,13.544474,11.479001,13.744838,11.694192,6.4629383,5.394638,5.707546,6.8228936,10.85612,11.197668,15.783928,17.765656,21.024834,23.647953,24.3651,20.528471,20.663555,16.93843,13.595703,12.206563,8.166136,3.6874335,0.0,3.9405296,6.028584,8.288536,7.1031213,10.583667,14.080525,13.649439,10.319768,15.467852,16.256002,12.900818,11.801483,15.764152,17.863188,17.75737,15.371486,19.044971,13.583437,17.818829,16.64006,19.969107
89,24.547499,20.332521,20.9241,19.206148,15.94968,20.143154,15.217067,20.83,19.863888,21.554586,24.808598,26.356272,27.820518,26.834988,25.177555,21.73443,22.104206,17.8631,20.260464,15.916253,17.635908,18.069649,18.28753,20.937431,17.63915,14.1342,13.466902,14.386062,10.871747,15.447607,13.970415,19.891567,23.33326,26.503239,27.567698,31.021528,33.47875,31.173782,28.863626,25.718983,24.942833,20.273058,18.49435,13.919547,15.981688,11.173739,13.273988,12.139505,13.062982,12.4154825,10.690427,13.390692,11.361374,15.9187565,15.138555,19.399866,16.767075,19.585781,22.150873,21.04751,18.453503,17.778202,12.910302,12.75837,9.555843,10.4212675,12.15602,10.606112,11.371004,10.406888,7.0736427,4.1717305,7.331803,6.754742,12.6224985,13.111647,17.528076,19.976755,23.13634,25.734621,26.87521,23.160824,23.793638,20.025341,16.650253,15.099175,11.381131,6.066585,3.9405296,0.0,4.206685,7.4299064,8.240111,10.493828,14.023028,14.03828,12.515277,17.269974,17.414984,14.341981,14.588716,18.48344,20.717768,21.09892,18.639902,22.660587,17.102053,21.12914,19.906559,22.852665
90,23.879202,19.810795,21.39112,19.780733,17.047497,21.825462,17.472382,23.629967,22.910816,25.034752,28.295734,29.381557,30.465927,29.283976,27.098091,23.557228,23.115576,18.957579,20.146055,15.324356,16.716015,16.112442,16.561804,18.382936,14.965965,10.819804,11.313726,13.086034,10.750265,15.443409,14.849784,20.2637,24.969368,27.360725,29.026602,32.459625,34.70541,32.55499,29.737568,26.197018,26.318624,21.190044,20.173573,15.444343,16.888895,11.637956,13.168452,11.537398,13.173008,13.577488,12.93129,15.7549095,14.458041,19.312513,18.45779,22.802877,20.146482,22.63136,25.452555,24.820387,22.078873,21.89064,17.052273,16.87915,13.358071,13.810418,15.106295,12.772683,12.695689,10.715364,8.408759,7.286869,10.365316,10.900298,16.364027,16.771124,21.354208,23.554005,26.74485,29.42314,30.245644,26.394634,26.680958,22.936089,19.610916,18.08153,14.098196,9.240777,6.028584,4.206685,0.0,3.3083472,5.832972,7.230059,10.7158985,11.677979,10.65224,14.799808,15.475025,13.500257,14.067795,17.067366,19.039473,20.26855,18.177542,22.983181,18.094784,22.50805,22.015556,25.121607
91,23.19492,19.366957,21.651508,20.016731,17.786612,22.853832,18.983727,25.456968,24.872421,27.361362,30.57208,31.239498,31.998688,30.65834,28.076372,24.517288,23.445385,19.471216,19.690895,14.687274,15.812633,14.340498,15.174755,16.23525,13.039295,8.369369,10.34079,12.54119,10.974177,15.451096,15.439602,20.30522,25.823528,27.536127,29.684067,33.028713,35.123833,33.15895,29.957262,26.167694,27.043827,21.738867,21.251415,16.677597,17.832296,12.576618,13.836871,12.181369,14.399094,15.536289,15.422393,18.420774,17.553818,22.418833,21.355316,25.648888,22.811167,25.053347,27.92894,27.624657,24.717424,24.932392,20.152203,19.905064,16.498026,16.49967,17.731796,14.898598,14.677397,11.899908,10.07172,10.08653,12.714866,14.00006,18.985651,19.382334,24.030857,26.003054,29.219725,31.920582,32.4737,28.546978,28.476961,24.816633,21.551886,20.145807,16.000471,11.751091,8.288536,7.4299064,3.3083472,0.0,4.7215147,5.069281,8.280488,10.101406,9.251454,12.642697,13.948545,12.996637,13.585126,15.677051,17.348705,19.221085,17.504868,22.77931,18.565535,23.1654,23.239716,26.44567
92,19.382578,15.618919,17.760464,15.6045,13.632554,18.765936,15.263714,21.974363,21.565634,24.50294,27.697786,27.831724,28.166111,26.83956,23.876036,20.594368,19.143478,15.426439,15.741863,10.942838,12.862685,11.596583,13.930078,15.4164295,13.686946,9.417065,12.075513,12.961896,8.907811,13.345809,12.357369,17.500265,22.5893,23.87342,26.397598,29.435726,31.83815,30.22546,26.859455,23.144379,24.491848,19.734804,18.84175,15.190438,17.50247,12.636019,15.109309,14.500585,17.074514,18.06119,17.185534,20.714169,19.483122,23.931328,22.37175,26.323557,22.73703,24.99451,27.323126,26.94107,23.691349,24.145721,19.629396,18.790298,16.447128,15.105261,17.002813,13.523492,14.847412,10.894873,7.658115,9.449678,10.51531,13.665424,16.996422,17.91238,22.317162,24.025923,27.34658,29.810518,30.219233,26.355362,25.490025,22.119532,18.653076,18.048178,13.128328,10.678389,7.1031213,8.240111,5.832972,4.7215147,0.0,4.137517,7.3413105,7.601173,4.842206,9.150764,10.527326,9.002907,8.867956,11.286629,13.304051,14.805452,12.860026,18.187881,14.125972,18.715761,19.215994,22.404472
93,18.632143,15.034623,18.031004,16.906986,15.364943,20.63152,17.964453,24.475025,24.75254,27.475994,31.055502,31.242413,31.338991,30.272745,27.011114,24.160278,22.370327,18.993141,18.92788,14.24909,16.052147,13.783027,16.57206,16.99939,15.278387,10.397841,14.141985,15.848081,12.879792,17.159973,16.389515,21.280111,26.53024,27.447937,30.258636,33.141495,35.587345,34.12945,30.595448,26.792528,28.503925,23.7069,22.957409,19.264454,21.254883,16.232254,18.131721,16.927258,19.360909,20.43627,19.942154,22.979683,21.48306,26.314987,25.352303,29.52837,26.306082,28.686901,31.136822,30.539783,27.429516,27.361437,22.69316,21.542955,18.19376,16.936474,17.958885,14.266803,14.40297,10.242767,9.4811125,11.417631,13.37824,16.586823,20.294123,21.570702,25.874224,27.798206,31.149487,33.513756,34.128277,30.317036,29.35753,26.062311,22.41449,22.029331,16.827803,14.264213,10.583667,10.493828,7.230059,5.069281,4.137517,0.0,3.600399,5.117151,6.697712,8.769242,9.095075,9.062716,10.882892,12.462236,14.505808,16.843616,15.027926,20.781435,17.140331,21.430325,22.373941,25.16482
94,17.35754,14.270429,18.05842,17.465881,16.623478,21.843472,20.055222,26.438454,27.162405,29.9864,33.686,33.58906,33.30398,32.330544,28.686295,26.20277,23.895788,20.972511,20.308777,15.935054,17.690489,14.671664,18.201912,17.793617,16.767523,11.955536,16.582464,18.397297,15.732947,19.652397,18.982006,23.442204,28.86264,29.16177,32.393314,35.026054,37.490772,36.314316,32.52745,28.659847,30.972914,26.313044,25.741158,22.369463,24.3394,19.436968,21.215431,19.988523,22.539028,23.809462,23.48045,26.44777,24.904411,29.80782,28.945953,33.127033,29.863243,32.21416,34.608093,34.009148,30.84752,30.731092,26.104366,24.697416,21.226137,19.646606,20.351156,16.434078,16.279741,11.843772,12.194618,14.605951,16.406967,20.045471,23.395618,24.905714,29.086191,30.950716,34.32187,36.57119,37.145336,33.377567,32.04827,28.938633,25.241776,25.186626,19.767166,17.738853,14.080525,14.023028,10.7158985,8.280488,7.3413105,3.600399,0.0,3.8905284,8.002074,7.7105455,7.502607,9.340517,11.909154,12.341816,14.198366,17.181568,15.680171,21.65491,18.781776,22.80704,24.334896,26.876755
95,13.784847,10.458141,14.174445,13.865112,13.204436,18.317997,17.153646,23.277529,24.493944,27.281649,31.177376,30.957216,30.40946,29.73857,25.9243,23.99836,21.701271,19.112743,19.139462,15.253897,17.708155,15.241934,19.461967,19.649963,19.127254,14.5390005,18.767632,19.977669,15.856257,19.77286,18.149061,23.002747,27.490923,27.788992,31.054943,33.40898,36.25336,35.289963,31.624012,28.000822,30.240034,26.128788,24.972073,22.183634,24.922607,20.201832,22.619345,21.759136,24.228403,25.096495,24.187778,27.20724,25.139805,29.815477,28.972757,32.978153,29.485003,32.0099,34.00005,33.047337,29.844639,29.416142,24.996637,23.03925,19.965267,17.592587,18.386372,14.177951,14.876368,9.863271,10.265377,13.539334,14.652048,19.232563,21.594585,23.674376,27.466187,29.340998,32.740273,34.701035,35.44531,31.854485,30.098507,27.255373,23.326584,23.955345,18.036161,17.097517,13.649439,14.03828,11.677979,10.101406,7.601173,5.117151,3.8905284,0.0,7.169715,7.107045,4.449147,5.709833,9.436266,10.589624,13.153736,15.530693,13.513829,19.2928,16.278368,19.856289,21.598566,23.749193
96,16.483845,13.286079,15.763977,12.939941,12.005099,17.036396,14.558553,21.313581,21.098286,24.627453,27.586277,26.878035,26.548922,25.087976,21.506033,18.570065,16.149847,13.137304,12.442398,8.154687,10.596605,8.827218,13.087012,14.256666,14.358405,10.854987,14.420306,14.431688,9.530405,12.862006,11.542087,15.89204,21.00469,21.18149,24.438595,27.025944,29.5296,28.443708,24.67696,20.939272,23.353695,19.207201,18.442364,16.043335,18.887058,14.790056,17.710846,17.824799,20.774132,22.005339,20.973116,24.849108,23.694082,27.796598,25.776735,29.360212,25.212229,27.22891,29.114523,28.945387,25.420494,26.37928,22.278198,21.088026,19.741499,17.387848,19.651857,15.756864,17.992283,13.293134,9.84823,12.885967,12.47704,16.808668,18.44267,19.61076,23.646517,24.87239,28.166523,30.396536,30.431726,26.67567,24.876345,21.976505,18.62737,18.809671,13.667214,13.329108,10.319768,12.515277,10.65224,9.251454,4.842206,6.697712,8.002074,7.169715,0.0,5.234307,7.902024,7.1058574,5.2583556,6.4668894,8.554416,10.25969,8.579522,14.345611,11.521491,16.036238,17.504042,20.667606
97,14.8103695,12.65158,16.330679,14.159122,14.524934,19.299652,18.244661,24.658157,25.026869,28.690351,31.706102,30.515839,29.585821,28.203182,24.066732,21.74583,18.430723,16.4124,14.359983,11.050258,12.951102,9.671976,15.09135,14.722737,16.062073,12.740035,17.559383,17.86565,14.096975,16.621964,15.818296,18.992737,24.396902,23.394314,27.34198,29.461689,31.862415,31.275423,27.104033,23.30833,26.779379,22.914608,22.613352,20.702696,23.248955,19.35987,21.899767,21.882166,25.02424,26.602413,25.89758,29.708654,28.574663,32.8632,30.948082,34.568596,30.40109,32.316757,34.168694,34.08928,30.51917,31.485735,27.420595,25.982395,24.348663,21.724236,23.561272,19.373362,21.158371,16.088736,14.12001,17.512201,17.303556,21.928335,23.340046,24.718777,28.586859,29.682821,32.945442,35.022186,34.91833,31.260508,28.956926,26.396725,23.134373,23.68515,18.504107,18.558867,15.467852,17.269974,14.799808,12.642697,9.150764,8.769242,7.7105455,7.107045,5.234307,0.0,5.8404365,8.3225565,7.7386894,5.324689,6.612943,10.092392,9.492247,15.437869,14.45476,18.316734,20.756031,23.501854
98,10.187976,7.627785,11.967155,11.551492,12.116423,16.794245,16.86982,22.666334,24.2268,27.343117,31.090553,30.23869,29.094069,28.488903,24.209753,22.899174,19.985146,18.23654,17.857658,14.906875,17.615412,15.108396,20.313166,20.367834,21.004963,16.974277,21.462702,22.078207,17.330576,20.57098,18.59131,22.880276,26.922493,26.429127,30.146679,32.013756,35.01255,34.52225,30.688381,27.229742,30.103853,26.623323,25.407864,23.533253,26.703697,22.454767,25.252256,24.87746,27.577782,28.524908,27.39281,30.699106,28.61997,33.01809,31.842613,35.577312,31.673817,34.080208,35.6919,34.7967,31.425314,31.259281,27.183966,24.927225,22.699339,19.56452,20.683264,16.32378,17.940165,12.719377,12.553172,16.459393,16.490318,21.8143,22.912586,25.239328,28.66393,30.210165,33.562706,35.262726,35.805004,32.381397,29.901325,27.50933,23.664114,24.957418,18.92482,19.377462,16.256002,17.414984,15.475025,13.948545,10.527326,9.095075,7.502607,4.449147,7.902024,5.8404365,0.0,4.9012146,8.228515,8.119373,10.772583,13.080923,11.279548,16.84048,15.000383,17.978209,20.529232,22.356983
99,10.527744,6.6512494,9.222063,8.202964,7.652024,12.686071,12.163663,18.044481,19.601814,22.542677,26.431128,25.899017,25.040918,24.629414,20.67565,19.394089,17.23254,15.13233,16.304024,13.402098,16.667036,15.41732,20.06639,21.249493,21.335411,17.37472,20.784756,20.988672,15.1066265,18.630638,15.732867,20.866768,23.87073,24.241268,27.411152,29.39795,32.691704,31.982325,28.585957,25.406319,27.414543,24.209902,22.289091,20.543015,24.265856,20.13679,23.375484,23.217066,25.61391,26.039991,24.37448,27.615189,25.186823,29.25865,28.106066,31.660458,27.735325,30.315424,31.66455,30.432543,27.14073,26.664219,22.752909,20.259056,18.504763,14.993056,16.498945,12.179621,14.854292,9.702455,8.409391,12.629186,12.0173025,17.737959,18.241856,20.888077,24.056337,25.730059,29.089746,30.674295,31.47281,28.14886,25.780365,23.371809,19.310352,20.882612,14.598562,15.614952,12.900818,14.341981,13.500257,12.996637,9.002907,9.062716,9.340517,5.709833,7.1058574,8.3225565,4.9012146,0.0,5.59688,8.523336,11.860495,12.678565,9.84381,14.889626,11.544247,14.505194,16.45322,18.24116
100,13.420945,10.418244,11.774658,8.028142,7.5933614,12.218781,10.671057,17.079184,17.337564,21.081495,24.071766,22.903027,22.060823,20.911392,16.937048,14.86716,12.268129,10.040099,10.715595,8.205154,11.715508,11.356486,16.079525,17.903812,18.724169,15.805566,18.670944,17.896921,11.4306965,14.027107,11.01782,15.554748,18.755669,18.766497,22.118639,24.161764,27.26561,26.601187,23.057745,19.85494,22.200583,19.262114,17.564041,16.57217,20.503437,17.138973,20.743242,21.379274,24.094471,24.806871,23.070591,26.93594,25.24937,28.823048,26.72005,29.861055,25.36661,27.485088,28.64669,28.083414,24.50032,25.25108,21.711744,19.84406,19.623514,16.189936,18.837622,14.930306,18.45794,13.703069,9.790667,13.587604,11.623753,17.103485,16.687977,18.594276,21.8414,22.85562,26.111448,27.86187,27.988667,24.560467,21.902971,19.580713,16.031837,17.485666,11.846067,13.9239855,11.801483,14.588716,14.067795,13.585126,8.867956,10.882892,11.909154,9.436266,5.2583556,7.7386894,8.228515,5.59688,0.0,5.1094584,8.205345,7.8559613,4.828532,10.143691,7.118248,11.094814,13.146421,15.910646
101,13.711745,11.943993,14.444616,10.967564,11.937214,15.958183,15.357169,21.393219,21.563492,25.589333,28.16936,26.38521,25.09106,23.600645,19.254688,17.261078,13.524197,12.268983,10.244743,8.436951,11.075368,9.321213,15.177989,15.884292,18.02452,15.63904,19.465355,18.680637,13.495053,15.095147,13.361737,16.090117,20.399414,18.926332,23.091976,24.804556,27.482046,27.253153,23.13739,19.691889,23.387403,20.4908,19.773064,19.138233,22.455164,19.393738,22.609419,23.342798,26.469692,27.785688,26.536287,30.624828,29.429022,33.14038,30.762594,33.892807,29.266945,31.029514,32.30428,32.26869,28.57194,29.924706,26.418776,24.82357,24.50497,21.23981,23.722622,19.66622,22.67895,17.641945,14.437336,18.131542,16.553024,21.677809,21.480354,22.960342,26.299097,26.945913,30.076572,31.878931,31.520231,28.090698,25.122633,23.056044,20.03717,21.269981,16.30109,18.096394,15.764152,18.48344,17.067366,15.677051,11.286629,12.462236,12.341816,10.589624,6.4668894,5.324689,8.119373,8.523336,5.1094584,0.0,3.4163728,5.0998254,4.4187393,10.178939,10.238027,13.702763,16.593449,19.322136
102,16.25731,15.014807,17.582235,13.944487,15.089452,18.777119,18.096735,24.028116,23.760845,27.992981,30.128004,28.016096,26.655678,24.787968,20.496819,18.228432,14.104927,13.231686,9.562446,8.441029,10.088748,7.829516,13.922749,14.096286,17.177773,15.597475,19.524805,18.491783,14.233927,14.922211,14.100527,15.445842,20.46629,18.181473,22.68543,24.294777,26.531828,26.481392,22.068434,18.498114,22.942373,20.1084,20.095404,19.757853,22.614767,20.010748,22.971317,23.935778,27.269299,28.94376,27.965994,32.244488,31.512007,35.14211,32.428833,35.4351,30.695084,32.128845,33.452908,33.880802,30.117086,32.054626,28.652906,27.406185,27.316711,24.256714,26.878761,22.884789,25.79255,20.787556,17.404608,20.839373,19.257967,23.979738,23.827301,24.847347,28.256533,28.58532,31.58499,33.49062,32.72201,29.277351,26.265182,24.310432,21.770899,22.69805,18.402004,20.079268,17.863188,20.717768,19.039473,17.348705,13.304051,14.505808,14.198366,13.153736,8.554416,6.612943,10.772583,11.860495,8.205345,3.4163728,0.0,4.407415,6.035625,10.689396,12.17466,15.532328,18.4835,21.426498
103,16.5875,15.380809,16.718113,12.229875,13.462663,16.265942,15.690454,21.090744,20.512722,24.925852,26.639872,24.143497,22.61342,20.62989,16.317598,14.227988,9.860038,9.748919,6.441181,7.377296,9.629596,9.512191,14.887945,16.236233,19.219585,18.048637,21.001196,19.268497,13.946749,13.968618,12.194648,13.249912,16.881956,14.420672,18.965532,20.290276,22.87331,23.029043,18.812529,15.663882,19.96297,18.067776,17.508419,18.254593,21.746239,19.823614,23.260244,24.707579,27.867285,29.20002,27.764002,32.12317,31.293839,34.41431,31.434368,34.015526,29.024744,30.359264,31.188679,31.584002,27.802332,29.96561,27.072971,25.760832,26.676867,23.298147,26.341604,22.623856,26.3013,21.528126,17.38959,20.785793,18.302256,23.129866,21.761553,22.809143,25.703543,25.683401,28.52954,30.199196,29.272491,26.052902,22.588852,21.052147,18.78799,20.234108,16.332773,19.270197,17.75737,21.09892,20.26855,19.221085,14.805452,16.843616,17.181568,15.530693,10.25969,10.092392,13.080923,12.678565,7.8559613,5.0998254,4.407415,0.0,3.474269,6.375724,8.982463,11.83039,14.880513,17.844799
104,14.613174,12.814691,13.764203,9.137087,10.02938,13.170243,12.464574,18.10359,17.884493,22.136034,24.31901,22.212196,20.828505,19.229517,14.883067,12.973224,9.178581,8.366954,7.447112,7.2397804,10.473644,10.670365,15.814085,17.62197,19.705612,17.840511,20.611187,19.103165,12.8805485,13.847718,11.071377,13.770159,16.655142,15.329909,19.345839,20.877407,23.904171,23.77344,19.941694,16.919603,20.247547,18.194176,16.859035,17.236202,21.199247,18.82826,22.514143,23.751835,26.689552,27.65657,25.939354,30.113426,28.853388,32.01123,29.338236,32.029667,27.148499,28.81794,29.60707,29.530535,25.809164,27.39928,24.410501,22.774487,23.574568,20.001637,22.99633,19.290455,23.156313,18.467045,14.306195,17.865492,15.250272,20.448902,18.953117,20.455105,23.29319,23.607803,26.610182,28.202526,27.715849,24.479269,21.107983,19.389801,16.572342,18.342112,13.718421,16.894478,15.371486,18.639902,18.177542,17.504868,12.860026,15.027926,15.680171,13.513829,8.579522,9.492247,11.279548,9.84381,4.828532,4.4187393,6.035625,3.474269,0.0,6.033831,6.2966347,9.591283,12.532798,15.409966
105,17.435915,16.411152,15.810125,10.745278,12.058011,12.81647,12.913111,16.78569,16.059927,20.549612,21.73339,18.626183,16.621065,14.75403,10.197829,9.258042,4.673362,7.072271,7.241147,10.335338,12.963673,14.702481,18.960617,21.36445,23.87944,22.828226,24.749514,22.487267,16.080433,15.677109,12.392379,13.509956,13.606667,11.420578,15.503041,16.095697,19.572979,20.103952,16.67274,14.715659,17.998426,17.84852,16.052229,18.343077,22.69597,21.572348,25.495102,27.335415,30.083466,30.78689,28.681684,32.896656,31.702763,34.078033,31.000814,32.95287,27.796652,29.120811,29.102715,29.1466,25.491257,27.57453,25.550919,23.932577,26.19877,22.350555,25.74331,22.56914,27.1425,22.88889,18.308458,21.535583,17.977066,22.8775,19.590199,20.963072,22.755295,22.309542,24.873161,25.965368,25.035141,22.356434,18.04721,17.416643,15.485737,18.096746,14.775639,19.53931,19.044971,22.660587,22.983181,22.77931,18.187881,20.781435,21.65491,19.2928,14.345611,15.437869,16.84048,14.889626,10.143691,10.178939,10.689396,6.375724,6.033831,0.0,6.266807,6.652969,10.010177,12.521783
106,16.86809,14.455932,13.313257,8.217064,7.4837036,9.296872,7.180541,12.482634,11.622824,15.965303,18.034403,16.176765,15.248168,13.819205,9.996557,7.927569,6.124275,4.5176024,8.640226,9.02922,12.473897,14.527484,18.078527,21.140314,22.196669,20.398357,21.710464,19.784153,12.47805,13.504019,8.997912,12.991534,13.077335,13.704722,16.414349,18.118397,21.768476,21.252771,18.404396,16.161581,17.588703,16.370422,13.551104,14.653341,19.496637,17.665276,21.803991,23.323557,25.68394,25.884327,23.458849,27.406336,25.792353,28.21773,25.515848,27.72614,22.789202,24.622396,24.825033,24.265753,20.654932,21.999916,19.619978,17.812326,19.94712,16.168776,19.704538,16.770008,21.514332,17.724882,12.668494,15.604232,11.798626,16.824436,13.647108,15.459687,17.573778,17.823835,20.798,22.141125,21.963312,18.915833,15.419824,13.81971,10.717184,13.397568,8.8823805,13.857553,13.583437,17.102053,18.094784,18.565535,14.125972,17.140331,18.781776,16.278368,11.521491,14.45476,15.000383,11.544247,7.118248,10.238027,12.17466,8.982463,6.2966347,6.266807,0.0,4.9553337,6.451057,9.895712
107,16.991537,15.395494,12.92857,8.189282,8.50245,7.2087555,7.7556233,10.208583,10.190009,14.395617,16.20411,13.549113,11.557447,10.861837,6.294333,7.2685537,6.1873837,7.5856104,11.897168,13.621422,16.848005,19.007566,22.682634,25.711052,27.067993,25.329239,26.615417,24.562185,17.258072,17.859577,13.253104,16.353903,14.052267,14.371135,16.737387,17.399208,21.62685,21.719551,19.464827,18.179188,19.322079,19.528166,16.254076,18.43428,23.467554,22.133228,26.3306,27.959587,30.122826,30.018978,27.291592,30.99224,29.01904,30.968596,28.418087,30.155062,25.266424,27.082079,26.568428,25.602243,22.248205,23.196426,21.635756,19.326717,22.23602,17.980698,21.364983,18.81705,23.952694,20.475706,16.05726,18.99569,14.868158,19.90904,15.270291,17.60745,18.447401,18.374586,20.978582,21.536367,21.501791,19.199774,14.7538805,14.395596,11.713255,15.587056,11.810277,17.648901,17.818829,21.12914,22.50805,23.1654,18.715761,21.430325,22.80704,19.856289,16.036238,18.316734,17.978209,14.505194,11.094814,13.702763,15.532328,11.83039,9.591283,6.652969,4.9553337,0.0,4.4232936,6.0521455
108,20.379623,18.199045,15.343565,11.059017,9.871705,8.283228,6.360813,7.87411,6.0782833,10.568126,12.054238,9.892101,9.057632,8.254826,5.495958,5.434087,7.454454,7.5091143,13.278814,14.603745,17.600779,20.464,23.116896,26.737648,27.416697,25.840147,26.19963,23.97657,16.670633,17.243912,12.34277,15.865304,12.22333,14.356343,15.389967,16.538269,20.79275,20.300238,18.815748,17.902752,17.529228,17.996172,14.022933,16.374977,21.553717,20.644154,24.855244,26.614695,28.36725,27.846956,24.821627,28.30746,26.343143,27.71519,25.087488,26.442791,21.62919,23.456985,22.622791,21.43313,18.213827,19.156973,18.11272,16.029856,19.925396,16.040903,19.753149,17.969074,23.271006,20.569674,15.674308,17.7366,13.247912,17.377436,11.809288,13.9993105,14.249476,14.068108,16.630613,17.156055,17.335453,15.077538,10.859459,10.445863,7.739709,12.087997,9.281858,15.602102,16.64006,19.906559,22.015556,23.239716,19.215994,22.373941,24.334896,21.598566,17.504042,20.756031,20.529232,16.45322,13.146421,16.593449,18.4835,14.880513,12.532798,10.010177,6.451057,4.4232936,0.0,4.441307
109,20.19427,18.514233,14.722064,11.464366,10.832178,7.011653,7.8939443,5.6010866,6.2964883,9.53029,11.422121,9.096624,7.0874534,8.3026705,5.872564,8.953537,10.748688,11.769725,17.17343,18.657845,21.800179,24.364386,27.395134,30.842716,31.575266,29.699669,30.29748,28.25499,20.86188,21.66504,16.73648,20.207373,15.867143,17.67694,18.512146,18.892239,23.410795,23.324017,22.243853,21.77905,21.321133,22.298676,18.21392,20.618856,25.812305,24.797619,28.99563,30.586405,32.1772,31.392866,28.193579,31.317816,28.848587,30.024702,27.87957,29.048786,24.56235,26.559834,25.324575,23.516878,20.71811,20.701979,20.166983,17.437447,21.393435,17.13285,20.37027,18.908527,24.314495,21.926043,17.909882,20.088163,15.730841,20.021675,13.950436,16.82274,16.093672,16.063004,18.259144,17.950903,18.711567,17.260864,12.828776,13.3509655,10.889399,15.587254,12.768989,18.973845,19.969107,22.852665,25.121607,26.44567,22.404472,25.16482,26.876755,23.749193,20.667606,23.501854,22.356983,18.24116,15.910646,19.322136,21.426498,17.844799,15.409966,12.521783,9.895712,6.0521455,4.441307,0.0
