,0,1,2,3,4,5,6,7,8,9,10,11,12,13,14,15,16,17,18,19,20,21,22,23,24,25,26,27,28,29,30,31,32,33,34,35,36,37,38,39,40,41,42,43,44,45,46,47,48,49,50,51,52,53,54,55,56,57,58,59,60,61,62,63,64,65,66,67,68,69,70,71,72,73,74,75,76,77,78,79,80,81,82,83,84,85,86,87,88,89,90,91,92,93,94,95,96,97,98,99,100,101,102,103,104,105,106,107,108,109,110,111,112,113
0,0.0,4.3262773,6.659423,10.002597,12.492278,15.152636,18.304197,21.428608,25.079266,27.314968,31.376816,32.111145,29.065918,28.655075,23.545086,24.91717,19.865175,21.443562,18.231094,19.721802,20.08376,16.243834,20.82929,21.8199,20.83927,16.196625,20.510912,22.838827,20.87774,25.251398,23.912733,29.821302,32.531944,36.6646,37.229393,40.8391,43.268353,40.622314,38.92588,35.533237,34.02424,29.350912,27.419182,22.55019,23.773626,19.51161,19.981928,16.54376,14.106631,11.695171,13.168519,11.167896,11.674461,15.931391,18.59543,20.578594,23.901724,26.841116,28.77908,32.182667,31.125452,34.982513,32.122215,35.1984,33.829216,35.98373,38.421307,36.63771,37.23971,34.36196,32.587612,29.152481,30.882528,27.789013,32.130474,28.575249,32.497482,34.932587,36.08617,39.702633,38.745712,35.208984,37.526104,33.631584,32.773617,28.387821,29.958916,25.09614,26.075796,26.252401,26.537523,29.45445,31.423124,30.61348,34.757664,37.240376,36.25003,39.10065,41.820724,41.47306,40.51379,35.33397,35.17164,30.779446,29.40198,24.862225,21.64839,23.670675,26.705296,29.148497,30.942522,34.737858,35.979286,40.186256
1,4.3262773,0.0,5.310583,6.5513167,8.946566,12.428403,14.851756,18.876087,21.904293,24.589197,28.346214,29.55279,26.828865,26.045036,20.956411,21.634333,16.49432,17.56417,14.248458,15.430305,15.894049,12.319081,16.96808,17.639776,17.144875,12.394081,16.98628,19.0714,16.660234,21.125017,19.818144,25.719734,28.790262,32.645267,33.478756,37.07542,39.491825,36.962223,35.022923,31.504648,30.332727,25.515013,23.69132,18.769054,20.095564,15.680662,16.602528,13.443825,11.358055,8.963821,9.895753,8.875042,9.0067425,13.768873,15.494946,17.737644,20.433449,23.641792,25.604927,28.651234,27.376383,31.13369,28.092846,31.031141,29.73317,31.713366,34.21167,32.39524,33.17725,30.261507,28.34507,24.89243,26.558722,23.585117,27.941042,24.512554,28.598122,31.073896,32.432716,36.05045,35.267345,31.625017,33.81136,29.834211,28.720171,24.435905,25.725204,20.786121,21.818129,22.097822,22.635015,25.528376,27.331665,26.84932,30.969475,33.207485,32.234634,35.279613,37.919643,37.490105,36.798233,31.555775,31.50896,27.274519,25.72891,21.436201,18.305746,20.380508,23.203337,25.796993,27.095333,31.037998,32.040203,36.266197
2,6.659423,5.310583,0.0,5.3186297,6.9904714,8.81544,12.305479,14.792564,18.667135,20.718468,24.86678,25.489775,22.51656,22.259068,17.130072,18.826069,14.19883,16.094872,14.281469,16.101915,17.687757,15.030651,20.041786,20.074877,20.703375,15.8006935,19.928076,21.19095,17.489004,21.504122,19.188705,25.365238,26.927242,31.372543,31.545591,35.023468,37.675262,35.093613,33.734276,30.753347,28.863888,24.856941,22.200804,17.960426,20.714529,16.608397,18.212475,15.615997,12.844547,9.464048,9.027237,5.7008185,5.279694,9.274479,12.29616,14.6538725,18.276384,21.226627,23.834942,27.239613,26.043291,30.629978,28.220837,31.346537,31.054852,32.814796,35.743996,34.1196,35.59496,32.708427,30.145142,26.578436,27.442862,24.377317,27.655964,23.717941,27.283205,29.400017,30.245188,33.850353,32.579372,29.130785,31.549713,27.804522,27.487677,22.91493,25.462793,21.27928,23.055252,24.199947,25.13924,28.249052,29.208776,28.775839,33.475048,34.991695,33.552338,36.971905,39.204952,38.297794,37.296192,32.37542,31.479576,27.982288,25.380901,21.146194,17.916622,18.913713,22.090696,23.532276,25.959324,29.33696,30.686049,34.83669
3,10.002597,6.5513167,5.3186297,0.0,4.023766,6.3379025,9.353409,13.115514,15.877701,18.933847,22.13657,23.454746,20.805752,19.678547,14.6673975,15.140953,9.970663,11.568174,8.981994,11.196092,12.710277,10.51309,15.592759,15.737651,17.488232,12.999998,17.618687,18.513159,13.687994,17.930035,15.3462,21.68368,23.80148,27.532063,28.34835,31.65497,34.499336,32.272095,30.412222,27.211077,26.136135,21.978764,19.362581,15.278601,18.446117,14.147717,16.632761,14.673766,12.855225,10.016906,8.301617,7.079377,3.8819957,8.839901,9.223061,11.257924,13.962954,17.143494,19.410385,22.505037,21.248611,25.513344,22.963879,26.138004,25.7957,27.736359,30.649958,29.259277,30.775906,28.202864,25.62335,21.714098,22.620962,19.162773,22.684107,18.83222,22.563427,24.965336,26.108528,29.722048,28.921284,25.381653,27.991936,24.079063,23.308552,18.891508,21.100742,16.679235,18.927721,20.198334,21.784794,24.555065,25.41508,25.878792,30.173162,31.313728,30.08796,33.854843,35.979153,34.96458,34.64507,29.604557,29.03284,25.889812,22.974998,19.403545,16.459082,17.350882,20.031961,21.433704,22.88952,26.47756,27.169943,31.368946
4,12.492278,8.946566,6.9904714,4.023766,0.0,5.421483,5.9084053,10.731987,13.060703,15.975835,19.625198,21.220425,19.083508,18.193317,13.250252,13.420447,9.049406,9.574045,9.074616,10.005077,12.734508,11.840246,16.3146,15.086677,17.131586,12.661177,16.259289,16.453598,11.2808695,15.015208,12.256028,18.528719,20.286575,24.452969,24.91626,28.404182,31.04137,28.622383,26.964449,23.903767,22.399857,18.389025,15.640111,11.603404,15.30871,11.370092,14.208179,12.885634,11.003936,8.199541,5.276401,5.007469,3.472898,6.898386,7.175258,10.745067,12.820772,16.432323,19.45702,22.014345,20.237549,24.960333,22.379517,25.143885,25.464676,26.580122,29.782711,28.093904,30.2106,27.22285,24.129843,20.705725,20.963167,18.412563,21.065096,17.226181,21.003134,22.997997,24.146069,27.767149,26.648197,22.96989,25.038597,21.157034,20.570501,16.048273,18.518436,14.657012,16.82625,18.63502,20.146631,23.215313,23.395575,23.524437,28.32394,29.081127,27.477383,31.309778,33.21642,32.007385,31.353195,26.511127,25.516212,22.674358,19.362982,15.792249,12.870101,13.395506,16.168459,17.5354,19.295345,22.806084,23.842499,28.027895
5,15.152636,12.428403,8.81544,6.3379025,5.421483,0.0,6.079025,7.035292,10.533466,13.173491,16.40493,17.267794,14.493906,13.662455,8.5463085,10.115519,6.1456447,9.047885,9.781348,12.409161,15.249065,14.772153,19.409431,18.690315,21.724257,17.58739,21.342878,21.164007,14.971191,18.111307,14.171123,20.441494,20.41352,24.579998,24.687208,27.675547,30.905201,28.813362,27.592098,25.171722,23.479576,20.648636,16.959873,14.449031,19.429003,15.967732,19.220772,18.228802,16.255842,13.23463,10.142583,8.103195,3.7218058,4.005972,3.8101645,6.205439,10.011577,12.822485,16.166735,19.435812,18.207834,23.536432,21.962484,25.19969,26.334393,27.829445,31.224901,30.172333,32.58427,30.19117,26.87591,23.006338,22.72361,19.367151,21.04074,16.655989,19.442238,21.280302,21.739868,25.301655,23.95144,20.674341,23.670555,20.11048,20.418367,15.81111,19.754326,16.789051,20.004799,22.33321,24.455772,27.239496,26.965662,27.740067,32.436325,32.515026,30.802582,35.034985,36.540638,34.895607,34.447178,29.947598,28.419262,26.528902,22.251013,19.34563,16.718266,15.930717,18.604668,18.120089,20.697697,23.392033,24.253582,28.255068
6,18.304197,14.851756,12.305479,9.353409,5.9084053,6.079025,0.0,6.788493,7.4526067,10.669585,14.122986,16.218575,14.915735,13.95507,9.671877,8.987428,6.841065,6.075429,9.567952,9.772819,13.751925,14.826565,18.374752,16.016895,19.375013,15.753257,18.14168,17.02255,10.576381,12.735617,8.653878,14.692514,14.846581,19.321095,19.36181,22.733902,25.54936,23.243462,21.8923,19.368578,17.535812,14.600853,10.921837,8.630403,14.254027,11.607454,15.294218,15.424548,14.088217,11.952536,8.176259,8.758397,7.461298,6.593274,4.084267,8.709798,9.383125,13.109016,17.013094,18.848694,16.61616,22.031923,19.9903,22.393362,24.081598,24.366192,28.003578,26.459923,29.51416,26.588123,22.758108,19.66881,18.656536,16.812418,17.562025,13.572388,16.793123,18.162754,19.077312,22.645203,21.175354,17.469368,19.316431,15.569565,15.614306,10.951287,14.724596,12.499876,15.438777,18.32674,20.38528,23.327833,22.249235,22.81294,27.843151,27.444574,25.394054,29.676289,30.937828,29.135288,28.513699,24.210428,22.428276,20.972479,16.29567,13.836147,11.645215,10.321053,12.66664,12.452691,14.696972,17.614586,18.692265,22.773521
7,21.428608,18.876087,14.792564,13.115514,10.731987,7.035292,6.788493,0.0,5.37147,6.3471494,10.414905,10.827081,8.681897,8.916929,4.7952943,7.570589,8.185672,9.975636,14.105991,15.704463,19.449924,20.350239,24.250772,22.409906,26.063766,22.33796,24.8882,23.691711,17.1778,18.654728,14.060188,19.217276,16.47187,21.288147,20.222881,22.899632,26.261086,24.196192,23.932337,22.602707,19.964003,18.956692,14.43975,14.199721,20.295002,18.170744,21.68061,21.700264,19.81318,17.133368,13.577292,12.045979,9.93102,5.7030773,4.84387,7.21767,9.733313,11.753228,16.337437,18.85258,17.31386,23.498873,22.823534,25.543634,28.212776,28.69529,32.496353,31.520609,34.881813,32.418674,28.409492,25.150621,23.578758,21.252373,20.623217,16.284956,17.81476,18.480282,18.119303,21.437601,19.139503,16.196499,18.94212,16.07317,17.835638,13.472375,18.966557,18.062538,21.54992,24.733215,27.003866,29.82452,28.346447,29.067581,34.16218,33.20056,30.916637,35.36924,36.170185,33.92132,33.11232,29.441103,26.836218,26.384365,20.966766,19.01048,17.0799,14.513675,16.82935,14.078523,18.078077,19.446579,20.785418,24.347975
8,25.079266,21.904293,18.667135,15.877701,13.060703,10.533466,7.4526067,5.37147,0.0,4.6569223,6.6782312,9.203645,9.165523,8.143799,6.369398,5.1776023,8.472995,8.098857,13.843183,14.449875,18.447756,20.582066,23.528406,21.023064,25.390806,22.478456,24.337646,22.428402,15.597822,15.942618,11.110725,15.239682,11.694576,16.083168,15.20539,17.733152,21.269249,19.532106,19.032936,17.938751,15.79467,15.541188,10.914774,12.355565,18.730091,17.440054,21.308695,22.210346,21.093382,19.123236,15.352225,15.354256,13.495006,10.325157,6.8922896,8.7431,7.9199085,10.017663,14.751615,15.908108,13.740719,19.95985,19.428055,21.581852,25.024033,24.80029,28.743755,27.858997,31.727247,29.392439,25.091106,22.222311,19.89839,18.332485,16.360718,12.379922,13.460476,13.613522,13.417681,16.745676,14.505202,11.207703,13.668386,10.704903,12.720782,8.680538,14.70461,15.128291,18.841269,22.445705,25.071281,27.551086,25.372946,26.660624,31.477198,29.755981,27.40189,32.091442,32.476944,29.930128,29.5476,26.22767,23.535263,24.043941,18.12538,17.443455,16.334427,13.208224,14.464433,10.840125,13.991129,14.96294,15.778334,19.250439
9,27.314968,24.589197,20.718468,18.933847,15.975835,13.173491,10.669585,6.3471494,4.6569223,0.0,6.056754,6.851012,7.538865,8.570115,8.101395,9.081406,12.554791,12.686366,18.270945,18.835707,22.92881,24.837015,27.958605,25.25925,29.27818,26.126421,27.621986,25.615305,19.31616,19.223349,14.73925,18.058464,12.82707,17.905231,15.6858225,17.967178,21.292955,19.336817,19.985727,19.810585,16.512169,17.48463,12.787711,14.919124,21.19023,20.381584,23.903658,24.82561,23.33584,21.238901,17.639345,17.043236,15.9009495,11.622829,10.167446,11.964866,12.180546,13.445206,18.248106,19.45952,17.526459,23.80679,23.706463,25.643223,29.445772,28.879435,32.877903,31.913961,36.00561,33.502995,29.050177,26.552498,23.96904,22.866308,20.336609,16.645046,17.032907,16.406494,15.451958,18.274431,15.119519,12.585863,14.397047,12.515619,15.585227,12.18122,18.26615,19.300714,22.650536,26.333454,28.644497,31.326832,28.85499,29.590612,34.759285,32.86988,30.184881,34.697742,34.819096,32.084206,31.079205,28.31301,24.911697,25.906113,19.790071,19.120808,18.146648,14.400008,15.778004,10.940314,15.711242,15.542449,17.228952,20.143888
10,31.376816,28.346214,24.86678,22.13657,19.625198,16.40493,14.122986,10.414905,6.6782312,6.056754,0.0,4.4782763,7.33812,6.4955673,9.198234,8.261045,13.520413,13.4510145,19.168802,19.960318,23.680876,26.283583,28.80948,26.36267,31.21627,28.74099,30.359295,28.083267,21.291798,20.753242,16.133343,18.483896,12.623005,15.812404,14.156045,15.166818,19.29701,18.461048,18.859402,19.246677,17.264694,19.118517,14.730861,17.88482,24.11124,23.491158,27.367765,28.620417,27.63741,25.745863,21.990517,21.794466,19.703796,16.076254,12.932504,12.870231,11.292603,11.041204,15.315581,15.568282,13.924997,19.977587,20.917107,22.676788,27.30347,26.750687,30.70385,30.435324,34.73997,32.982685,28.559965,25.957214,22.91189,21.605911,17.779583,14.549862,13.266722,11.950521,10.141993,12.616046,9.351367,7.4569616,10.678247,9.660092,13.405836,11.292068,17.504515,19.57197,23.453257,27.268538,30.180166,32.256824,29.463663,31.256601,35.72292,33.10797,30.670214,35.496788,35.206898,32.178223,32.0814,29.64277,26.491974,28.34625,22.034565,22.50285,22.013767,18.3392,18.810421,13.59903,16.603947,15.695499,15.977292,18.307302
11,32.111145,29.55279,25.489775,23.454746,21.220425,17.267794,16.218575,10.827081,9.203645,6.851012,4.4782763,0.0,4.3594546,5.794867,9.344099,10.661414,15.444685,16.484694,21.769249,23.17297,26.851097,28.925013,31.963825,29.848219,34.494053,31.592615,33.52566,31.495823,24.710613,24.562946,19.851751,22.649971,16.596441,20.126093,17.981117,18.755302,22.743374,21.829147,22.818142,23.462893,20.927393,22.882286,18.32992,21.075031,27.405415,26.52555,30.277752,31.17325,29.748209,27.476755,23.808735,22.776697,20.596434,16.389534,14.379567,13.846468,13.801099,12.94308,17.115967,18.219112,17.234121,23.301292,24.590097,26.68265,31.178375,30.997057,34.913914,34.741646,38.90783,37.183525,32.81777,30.001425,27.17177,25.422237,21.97263,18.509207,17.117783,15.92848,13.648772,15.659868,12.169163,11.355588,14.581338,14.061623,17.883577,15.568926,21.85006,23.500032,27.410574,31.15552,33.958927,36.21571,33.608883,35.131817,39.817944,37.39374,34.889645,39.645344,39.40389,36.381855,35.963165,33.572063,30.18843,31.87595,25.57552,25.55333,24.757309,21.014704,21.9653,16.5868,20.514023,19.410242,20.150858,22.253828
12,29.065918,26.828865,22.51656,20.805752,19.083508,14.493906,14.915735,8.681897,9.165523,7.538865,7.33812,4.3594546,0.0,3.9892237,6.504045,9.72845,13.465369,15.654591,20.150091,22.29209,25.75989,27.184595,30.75347,29.204903,33.636528,30.347528,32.900414,31.334303,24.40767,25.092476,20.210537,24.087513,19.080694,22.888966,21.216463,22.427896,26.42537,25.266016,25.85508,25.856997,23.379318,24.340805,19.647413,21.305855,27.674694,26.111727,29.831444,30.193886,28.455921,25.813969,22.248077,20.530615,17.862492,13.68929,12.265442,11.138619,12.629419,11.742079,15.911728,18.173218,17.601927,23.783531,24.864473,27.548975,31.417362,31.943789,35.78137,35.629196,39.37838,37.682804,33.53802,30.221193,27.95284,25.386393,23.00877,19.019093,18.235462,17.882086,15.933477,18.35383,15.439527,14.209135,18.007446,16.721592,19.929537,16.856031,23.108744,23.709385,27.758013,31.26752,34.044804,36.430244,34.376625,35.82539,40.573345,38.68904,36.351482,41.0999,41.252274,38.475662,38.04222,35.12949,32.043034,32.93829,26.883259,26.089111,24.760675,21.446556,22.991959,18.341087,22.409187,22.115082,22.909786,25.500303
13,28.655075,26.045036,22.259068,19.678547,18.193317,13.662455,13.95507,8.916929,8.143799,8.570115,6.4955673,5.794867,3.9892237,0.0,5.1371064,6.768899,11.059055,13.201215,17.536,19.85974,23.05591,24.774364,28.044315,26.7427,31.56027,28.630533,31.388117,29.81282,22.583551,23.368984,18.407717,22.33291,18.046328,21.042542,20.216803,21.305756,25.568321,24.746462,24.661615,24.31014,22.707783,23.287695,18.752384,20.347591,26.670097,24.949568,28.897617,29.352844,27.971724,25.490612,21.813604,20.577188,17.31201,13.950478,11.039748,8.950543,9.386525,7.900925,12.016699,14.197302,13.771308,19.885769,21.113905,23.943268,27.795906,28.599699,32.351078,32.471687,36.102825,34.750023,30.753387,27.203688,25.009,22.050396,19.693192,15.703591,14.703678,14.722329,12.947415,15.612054,13.378017,11.891533,16.448881,14.807088,17.548807,14.622331,20.669102,21.184076,25.50815,28.95039,32.034473,34.11562,32.165016,34.18056,38.512318,36.54547,34.47531,39.36808,39.562214,36.83298,36.96389,33.848602,31.204874,32.062584,26.084665,25.575243,24.327965,21.294954,22.557167,18.301947,21.308567,21.391438,21.454876,24.188725
14,23.545086,20.956411,17.130072,14.6673975,13.250252,8.5463085,9.671877,4.7952943,6.369398,8.101395,9.198234,9.344099,6.504045,5.1371064,0.0,5.1629815,7.1104064,10.073229,13.841452,16.400764,19.657934,20.762157,24.536741,23.372004,27.704788,24.348345,27.419304,26.247179,19.15601,20.716854,15.815709,20.827024,17.928667,21.661524,21.132092,23.118378,27.032602,25.61685,25.111109,23.936806,22.152727,21.48596,16.982008,17.252449,23.421421,21.133339,24.944454,24.975021,23.3737,20.70177,17.119549,15.613724,12.182214,9.030279,6.2486844,4.7671227,7.3534737,7.8845477,12.341045,15.305195,14.465624,20.635643,20.755915,23.868858,26.801432,27.876501,31.59184,31.262854,34.52772,32.758495,28.90854,25.164175,23.574244,20.364355,19.439644,14.989567,15.608267,16.473036,15.698216,18.914951,17.012207,14.52879,18.496284,15.865082,17.73293,13.807497,19.504665,18.787914,22.905275,26.085474,28.895403,31.270283,29.844414,31.426443,35.985672,34.71299,32.711018,37.43706,38.103058,35.724606,35.59476,31.938,29.597105,29.50497,23.94342,22.568726,20.827908,18.344332,20.187506,17.043718,20.176735,21.281086,21.745804,25.108318
15,24.91717,21.634333,18.826069,15.140953,13.420447,10.115519,8.987428,7.570589,5.1776023,9.081406,8.261045,10.661414,9.72845,6.768899,5.1629815,0.0,5.527194,6.526628,11.291896,13.171633,16.447496,18.58137,21.509819,20.000511,24.95436,22.336603,25.072948,23.516792,16.141739,17.23867,12.303995,16.865282,14.680401,17.433949,17.818624,19.745457,23.737194,22.665545,21.432774,19.94408,19.187313,18.359406,14.198565,14.958866,20.9978,19.030708,23.128967,23.71642,22.837515,20.759449,17.042725,16.894371,13.590944,11.641073,6.7158246,5.606904,3.265638,4.9265814,9.624849,11.365514,9.78926,16.039238,15.925519,18.80643,22.035488,22.834698,26.593916,26.365797,29.823467,28.236065,24.326378,20.648832,18.75707,15.723729,14.287389,9.878498,10.634602,11.809796,11.73067,15.237511,14.052818,10.969972,14.9931135,11.892809,13.081934,9.381697,14.8625555,14.570671,18.967901,22.283989,25.457645,27.45411,25.76697,27.995277,32.10729,30.459044,28.635603,33.52537,34.06449,31.644297,32.114265,28.454428,26.501585,26.737017,21.17523,20.593954,19.332672,16.979137,18.072193,15.252862,16.86184,18.246641,17.881918,21.338129
16,19.865175,16.49432,14.19883,9.970663,9.049406,6.1456447,6.841065,8.185672,8.472995,12.554791,13.520413,15.444685,13.465369,11.059055,7.1104064,5.527194,0.0,4.676174,6.7346935,9.807434,12.653971,13.776827,17.456505,16.708197,21.173466,18.12162,21.717386,20.917747,13.704625,16.261936,11.781537,17.631039,17.672298,20.581886,21.518354,24.009262,27.625904,26.187208,24.432583,22.022879,21.48477,19.058033,15.398719,14.085058,19.448996,16.448597,20.366106,20.230925,19.240393,16.969696,13.541994,13.255129,9.229631,9.2244835,4.1285133,3.4294624,4.0850816,7.404118,10.635062,13.403301,12.0974245,17.422768,16.15023,19.51764,21.20691,22.827541,26.293375,25.784414,28.465744,26.699873,23.280317,19.090065,18.380167,14.477901,15.538485,11.035327,13.54803,15.732385,16.437387,20.007439,19.33233,16.0444,19.598722,15.968211,15.914619,11.719186,15.723919,13.318899,17.449543,20.12615,23.090414,25.23912,24.530998,26.523676,30.565235,29.882116,28.399546,33.051037,34.221016,32.32208,32.767635,28.413992,27.147644,26.100386,21.3841,19.76394,17.858952,16.671764,18.351252,17.286364,18.502876,21.049288,20.848896,24.736155
17,21.443562,17.56417,16.094872,11.568174,9.574045,9.047885,6.075429,9.975636,8.098857,12.686366,13.4510145,16.484694,15.654591,13.201215,10.073229,6.526628,4.676174,0.0,6.173632,6.7355785,10.430066,12.90673,15.543255,13.590735,18.439293,16.000946,18.716434,17.325338,9.891066,11.83835,7.3205814,13.047989,14.122169,16.716032,18.137749,20.924438,24.1927,22.707436,20.47669,17.675198,17.639757,14.8176985,11.603739,10.4632015,15.6972475,13.239183,17.378849,17.991217,17.675495,16.156534,12.6693945,13.938616,11.25253,11.419048,6.3071995,7.8524737,5.1727138,9.22443,12.307021,13.405763,11.022805,16.04891,13.955198,16.599636,18.482716,19.198763,22.835003,21.904854,24.991545,22.837458,19.092796,15.345872,14.194853,11.358409,12.087286,7.867755,11.442932,13.551321,15.041552,18.639828,18.187904,14.438265,16.994154,13.001021,12.090973,7.8550224,11.169471,8.903524,13.100671,16.121752,19.197847,21.303236,20.137524,22.270134,26.297884,25.332867,23.777985,28.489185,29.572657,27.658451,28.253153,23.910366,22.822441,21.971924,17.271803,16.231205,14.822317,13.718711,14.757624,14.324684,14.368671,17.366377,16.91939,20.95609
18,18.231094,14.248458,14.281469,8.981994,9.074616,9.781348,9.567952,14.105991,13.843183,18.270945,19.168802,21.769249,20.150091,17.536,13.841452,11.291896,6.7346935,6.173632,0.0,4.8388104,6.1643686,7.3310575,10.74819,10.76959,15.28234,12.859459,17.051846,16.840595,10.274999,13.946038,11.011607,16.753447,19.750458,21.644182,23.771025,26.529251,29.649342,28.239588,25.496105,22.069433,22.749125,18.809591,16.55207,13.771709,17.316618,13.733791,17.35234,17.016256,16.937117,15.479066,12.864754,14.077611,10.742433,13.340563,9.348442,9.771816,8.68849,12.005372,13.2241955,15.052835,13.539028,16.925016,14.022554,17.260519,17.077053,19.291096,22.252913,21.461746,23.271603,21.487438,18.78891,14.189914,14.910697,10.453353,14.342084,10.852885,14.888836,17.864439,19.684153,23.15349,23.398798,19.85087,22.667856,18.656595,16.893167,13.294424,14.499232,10.040506,13.549641,15.222249,18.238941,20.013103,20.339645,22.729486,25.99415,26.100513,25.296259,29.666918,31.392763,30.109821,31.129374,26.196365,26.175743,24.116161,20.721096,18.973423,17.112438,17.483305,18.776495,19.77348,19.128222,22.76537,22.022903,26.08279
19,19.721802,15.430305,16.101915,11.196092,10.005077,12.409161,9.772819,15.704463,14.449875,18.835707,19.960318,23.17297,22.29209,19.85974,16.400764,13.171633,9.807434,6.7355785,4.8388104,0.0,4.3362517,7.5310664,9.2111635,6.9747615,11.890045,10.128227,13.180032,12.396052,5.7581286,9.438677,7.6304398,12.868618,17.396275,19.078552,21.506649,24.60187,27.146519,25.56062,22.44351,18.556461,19.61643,14.987101,13.680266,10.504337,13.091862,9.913912,13.604961,14.043113,14.776305,14.261408,11.849085,14.562715,12.799085,15.147553,11.367936,13.206402,11.093189,14.820625,16.408571,17.01319,14.672502,17.636442,13.90043,16.06297,15.763022,16.752981,19.80744,18.224527,20.384995,17.79621,14.755628,10.801857,11.445722,8.811226,12.793094,10.22354,14.976747,17.621561,19.98516,23.365973,23.629179,19.806692,21.475714,17.34886,14.812758,11.596897,11.141252,5.8856244,8.796129,10.61429,13.629548,15.583301,15.635538,17.915182,21.313528,21.433743,20.568598,24.862509,26.674122,25.539612,26.54719,21.498707,21.83705,19.587296,16.660189,15.227002,13.816725,14.710717,15.434494,17.542755,15.803513,19.960524,19.219593,23.327631
20,20.08376,15.894049,17.687757,12.710277,12.734508,15.249065,13.751925,19.449924,18.447756,22.92881,23.680876,26.851097,25.75989,23.05591,19.657934,16.447496,12.653971,10.430066,6.1643686,4.3362517,0.0,4.787329,5.132297,5.170203,10.155013,9.4937935,13.280155,13.330906,8.560089,12.27914,11.583455,15.92392,21.219267,22.089432,25.076307,27.94811,30.44431,29.114346,25.625978,21.51375,23.292643,18.428797,17.711405,14.399188,15.732443,12.430616,15.385708,15.388723,16.563799,16.359245,14.679134,17.28019,15.263328,18.421204,14.832649,15.861124,13.849336,17.073267,17.541994,18.092897,16.242271,17.834002,13.647088,15.892225,13.96329,16.022709,18.388628,17.043312,18.111385,16.052713,14.087605,9.553136,11.811947,8.233674,14.082971,12.333058,16.951471,20.015972,22.59365,25.80236,26.621275,22.972645,24.840044,20.798567,17.813278,15.22995,13.710972,8.155095,10.032286,10.347762,13.403408,14.577944,15.819842,18.675972,20.969248,21.69826,21.574339,25.562534,27.699272,27.001938,28.587524,23.368967,24.542192,21.854803,19.869905,18.50182,17.149822,18.648258,19.2312,21.744526,19.429703,23.681578,22.50041,26.447956
21,16.243834,12.319081,15.030651,10.51309,11.840246,14.772153,14.826565,20.350239,20.582066,24.837015,26.283583,28.925013,27.184595,24.774364,20.762157,18.58137,13.776827,12.90673,7.3310575,7.5310664,4.787329,0.0,5.2636976,7.816322,10.181308,8.30506,13.5436945,14.831616,11.191066,15.645228,14.930847,19.905136,24.897919,26.444141,29.035685,32.079113,34.623375,33.029728,29.80373,25.712324,26.882032,21.77261,20.825823,16.72004,17.730776,13.681724,15.951222,14.77808,15.471366,14.937826,14.002083,15.950477,13.901827,18.047247,15.5610695,16.535246,16.009106,19.15186,19.553267,21.092276,19.71937,21.524368,17.662851,20.308975,17.85732,20.507475,22.515188,21.19887,21.481792,19.475992,18.155914,13.874707,16.530115,12.7582,18.66655,16.452768,20.899776,24.037977,26.314169,29.648035,30.230505,26.596422,28.797737,24.698412,22.114595,19.020714,18.187881,12.538964,13.874136,13.546317,15.652438,17.11762,19.252281,21.241606,23.632198,25.242142,25.195501,28.766584,31.263018,30.859093,32.02156,26.611715,27.799763,24.348888,22.816748,20.495783,18.539433,20.525713,21.768456,24.529753,23.04925,27.37765,26.664265,30.728373
22,20.82929,16.96808,20.041786,15.592759,16.3146,19.409431,18.374752,24.250772,23.528406,27.958605,28.80948,31.963825,30.75347,28.044315,24.536741,21.509819,17.456505,15.543255,10.74819,9.2111635,5.132297,5.2636976,0.0,5.430788,7.9543686,9.015362,12.843214,13.943204,11.813608,15.413747,15.958712,19.503723,25.680292,26.134047,29.432928,32.30665,34.49345,33.194103,29.421494,25.04291,27.236952,21.93808,21.96955,18.231613,18.01724,14.787725,16.636604,16.215618,17.93774,18.328218,17.615633,20.361713,18.775131,22.582716,19.550947,20.501133,18.806442,21.806553,21.672762,22.135519,20.575935,21.039478,16.575047,18.36907,14.750997,17.277037,18.634422,17.14318,16.691896,14.847858,14.423879,10.453653,14.132116,11.222593,17.779694,16.85982,21.33886,24.493027,27.247845,30.296856,31.416779,27.832981,29.496504,25.516094,22.16974,20.021303,17.528795,12.0126915,12.233292,10.7482815,12.974645,13.37195,16.164896,18.957304,20.081015,21.87495,22.504356,25.80451,28.420061,28.378767,30.263508,24.894062,26.966047,23.561522,22.871588,21.37127,20.094402,22.377403,22.858234,26.152245,23.37026,27.836973,26.551262,30.355892
23,21.8199,17.639776,20.074877,15.737651,15.086677,18.690315,16.016895,22.409906,21.023064,25.25925,26.36267,29.848219,29.204903,26.7427,23.372004,20.000511,16.708197,13.590735,10.76959,6.9747615,5.170203,7.816322,5.430788,0.0,6.0034356,7.343683,9.280244,9.193634,7.2007356,10.238228,11.739297,14.585815,21.342136,21.969725,25.118404,28.256083,30.021772,28.49737,24.719389,20.211666,22.332315,16.81256,17.419634,13.759499,12.972668,10.404919,12.47688,13.1154585,15.31067,16.238005,15.256261,18.85974,18.166292,21.248207,18.140661,20.06578,17.815485,21.288782,22.089441,21.972641,19.65401,20.818409,16.181667,17.183146,14.791985,15.435461,17.455576,15.016124,15.9387455,12.68832,10.948314,7.927956,10.768786,10.065389,15.485895,14.820448,19.591581,22.23851,25.13846,28.188343,28.972857,25.198582,25.999687,22.038311,18.528048,16.545738,13.368757,7.9100165,7.017347,5.7747445,8.373136,9.60149,11.462246,14.001892,16.036263,17.433416,17.5613,21.07418,23.582842,23.385477,24.95377,19.563265,21.539818,18.236616,17.582308,16.433327,15.614575,17.942778,17.981401,21.752571,18.509928,23.130215,22.07646,25.880157
24,20.83927,17.144875,20.703375,17.488232,17.131586,21.724257,19.375013,26.063766,25.390806,29.27818,31.21627,34.494053,33.636528,31.56027,27.704788,24.95436,21.173466,18.439293,15.28234,11.890045,10.155013,10.181308,7.9543686,6.0034356,0.0,5.018507,5.690322,7.8738728,10.387796,13.339763,15.913188,18.387453,25.491825,26.632416,29.424566,32.88066,34.141975,32.22032,28.5898,23.974588,25.601933,19.57163,20.84061,16.32227,13.474866,10.97097,10.925163,10.772415,13.615558,15.484526,15.934411,19.757273,20.214556,23.852444,21.907452,24.382265,22.962908,26.622887,27.607822,27.851461,25.577627,26.763527,22.076216,22.863628,19.855772,20.2755,21.661797,18.683424,18.588516,14.747373,14.203051,12.802425,15.892558,15.985826,21.323553,20.686272,25.498995,28.015305,30.868126,33.960884,34.507095,30.63815,31.056139,27.108936,23.705492,21.590322,18.326927,13.208555,10.797093,8.057351,7.4799194,9.14615,12.742339,13.243766,15.021617,18.270164,18.69482,20.964207,24.182182,24.8113,25.748375,20.215557,22.821375,18.14695,19.31286,17.304722,16.334793,19.781998,20.073107,24.930338,21.979088,26.787565,26.336782,30.075836
25,16.196625,12.394081,15.8006935,12.999998,12.661177,17.58739,15.753257,22.33796,22.478456,26.126421,28.74099,31.592615,30.347528,28.630533,24.348345,22.336603,18.12162,16.000946,12.859459,10.128227,9.4937935,8.30506,9.015362,7.343683,5.018507,0.0,5.7325206,8.232108,8.848879,12.895362,14.354399,18.257338,24.306509,26.544577,28.654633,32.323788,33.894516,31.646753,28.545412,24.18208,24.752836,18.807135,19.152918,14.022494,12.271953,8.487445,8.845651,7.4351215,9.418715,10.743353,11.339897,14.916155,15.647493,19.48023,18.269043,21.092022,20.595888,24.424011,25.950174,26.946136,24.745378,27.006617,22.695633,24.182512,21.98651,22.716858,24.723978,22.015247,22.57567,18.860113,17.400803,15.208367,17.573738,16.758453,21.756418,20.081228,24.92636,27.40042,29.86983,33.21419,33.257183,29.313128,30.11076,26.037554,23.293991,20.313423,18.483686,13.128096,11.878994,10.682495,10.563954,13.27196,15.749531,15.529833,18.791878,21.535185,21.19178,23.84559,26.836763,27.009018,27.16998,21.6147,23.176168,18.429453,18.615036,15.538798,13.712435,17.133247,18.262337,22.811327,21.137005,25.876427,26.03066,30.04698
26,20.510912,16.98628,19.928076,17.618687,16.259289,21.342878,18.14168,24.8882,24.337646,27.621986,30.359295,33.52566,32.900414,31.388117,27.419304,25.072948,21.717386,18.716434,17.051846,13.180032,13.280155,13.5436945,12.843214,9.280244,5.690322,5.7325206,0.0,3.8923764,9.354444,11.525348,14.731592,16.818731,23.578165,25.658041,27.659454,31.492,32.2868,29.843517,26.699091,22.263954,22.875168,16.704184,18.358955,13.502586,9.252769,7.443649,5.738835,6.2760606,9.74354,12.494103,13.408271,17.730734,19.532406,22.55856,21.418472,24.826498,23.737818,27.702272,29.588142,29.892256,27.230793,29.370016,24.89,25.455612,23.567072,22.921751,24.826937,21.36419,22.28232,17.668758,16.105251,15.709997,17.552374,18.77845,22.85376,21.920631,26.710417,28.690992,31.343071,34.489864,34.416454,30.441128,30.180676,26.349514,23.381893,21.04044,18.203741,13.87023,10.845585,9.144715,6.9929156,10.415354,12.574608,10.6753645,14.456909,17.701244,17.194386,19.11752,22.33011,22.910912,22.616228,17.12704,19.229223,13.833447,15.650204,12.938338,12.050048,16.06348,16.435839,21.999178,19.598108,24.370358,24.791216,28.501236
27,22.838827,19.0714,21.19095,18.513159,16.453598,21.164007,17.02255,23.691711,22.428402,25.615305,28.083267,31.495823,31.334303,29.81282,26.247179,23.516792,20.917747,17.325338,16.840595,12.396052,13.330906,14.831616,13.943204,9.193634,7.8738728,8.232108,3.8923764,0.0,7.45218,8.211356,12.139447,13.259681,20.237345,22.150137,24.137972,27.965391,28.555231,26.13315,22.932398,18.502783,19.248606,13.083174,15.241341,10.943424,6.1178393,5.839608,5.0964007,7.7254424,10.95983,13.518694,13.576711,18.15951,19.892609,22.185465,20.566044,24.113432,22.436155,26.384949,28.510029,28.341059,25.4059,27.658047,23.290724,23.437916,22.291245,20.832632,23.050766,19.418068,21.180525,16.311605,13.923871,14.141025,15.121069,17.347605,20.47018,19.834492,24.460218,26.10068,28.793081,31.803394,31.6715,27.731693,26.990337,23.31194,20.28628,18.316221,15.122753,11.600411,8.070099,7.1963573,5.2569647,9.190734,9.798281,7.783772,12.5978775,14.880174,13.85725,16.267138,19.158873,19.39175,19.073221,13.540958,15.496009,10.467838,12.025431,10.064789,9.950949,13.613085,13.334018,19.005848,16.04633,20.795725,21.185856,24.786226
28,20.87774,16.660234,17.489004,13.687994,11.2808695,14.971191,10.576381,17.1778,15.597822,19.31616,21.291798,24.710613,24.40767,22.583551,19.15601,16.141739,13.704625,9.891066,10.274999,5.7581286,8.560089,11.191066,11.813608,7.2007356,10.387796,8.848879,9.354444,7.45218,0.0,4.7649283,5.668053,9.734156,15.538989,17.809624,19.82644,23.476944,25.149479,23.016949,19.93781,15.74311,16.343895,10.752884,10.75493,6.5671644,7.3874288,4.87392,8.6472,10.278385,11.726725,12.339644,10.40827,14.435355,14.674458,16.492449,13.763224,16.978249,14.990382,18.941875,21.258028,21.329865,18.441914,21.509262,17.601921,18.595196,18.56608,17.857416,20.928257,18.27145,20.89168,17.05413,13.5487,11.557314,11.594943,12.104885,14.798208,13.096409,17.779917,19.627773,22.10206,25.3453,25.1573,21.173302,21.407663,17.405033,14.716833,11.8494425,10.188953,5.7627406,5.7387633,7.9400134,9.851492,12.785534,12.162352,13.021351,17.48953,17.820194,16.414875,20.398613,22.352573,21.39223,21.640747,16.439358,16.802141,13.945233,11.633055,9.966018,9.006779,10.781156,11.0522785,14.862727,12.576956,17.256308,17.25301,21.340704
29,25.251398,21.125017,21.504122,17.930035,15.015208,18.111307,12.735617,18.654728,15.942618,19.223349,20.753242,24.562946,25.092476,23.368984,20.716854,17.23867,16.261936,11.83835,13.946038,9.438677,12.27914,15.645228,15.413747,10.238228,13.339763,12.895362,11.525348,8.211356,4.7649283,0.0,4.973329,5.4569335,12.369498,14.208388,16.280272,20.004608,21.11597,18.966545,15.670041,11.322655,12.338243,6.5795245,8.081873,5.8805857,6.070281,6.9163814,10.009682,12.906222,14.613796,15.629184,13.612771,17.686232,18.289883,19.086885,16.131586,19.412243,16.62222,20.321964,22.862822,22.054466,18.768003,21.686928,17.985935,17.980726,18.905983,16.72303,19.989763,16.995035,20.52793,16.386724,12.157952,11.737543,10.288888,13.050942,13.822427,13.083706,17.249228,18.360548,20.957487,23.86861,23.609577,19.716671,18.788937,15.129842,12.1826935,10.407613,7.4937115,5.953368,4.672442,8.063652,9.79494,12.456281,9.980662,10.814605,15.642637,14.776208,12.714738,17.039621,18.452122,17.076315,17.27842,12.373923,12.418712,10.70655,7.714732,8.079441,8.778445,9.680424,8.395274,12.474131,8.644475,13.448047,13.377418,17.266052
30,23.912733,19.818144,19.188705,15.3462,12.256028,14.171123,8.653878,14.060188,11.110725,14.73925,16.133343,19.851751,20.210537,18.407717,15.815709,12.303995,11.781537,7.3205814,11.011607,7.6304398,11.583455,14.930847,15.958712,11.739297,15.913188,14.354399,14.731592,12.139447,5.668053,4.973329,0.0,6.4192853,10.206749,12.999513,14.5871105,18.183304,20.271133,18.250362,15.511023,11.915483,12.043525,7.846603,6.1420326,4.863702,9.388738,8.688373,12.698663,14.729403,15.382925,15.237125,12.254356,15.436822,15.118922,15.232767,11.655141,14.76921,11.944104,15.659777,18.653801,18.26895,15.048156,19.053316,16.031404,16.907642,18.764584,17.422583,21.120195,18.988771,22.702404,19.365374,15.026727,13.123251,11.191719,11.9859085,11.957325,9.796763,13.812231,14.973111,17.170225,20.383312,19.81136,15.816574,15.873089,11.872805,9.765654,6.4516897,6.775118,5.5398393,7.936564,11.636609,14.120845,16.595514,14.392854,15.785681,20.407944,19.16547,17.099798,21.699768,22.714842,20.837805,21.025845,16.656176,15.594311,14.831988,10.17433,9.991933,9.704251,8.926817,8.647743,10.331164,8.290586,12.477392,12.441339,16.663927
31,29.821302,25.719734,25.365238,21.68368,18.528719,20.441494,14.692514,19.217276,15.239682,18.058464,18.483896,22.649971,24.087513,22.33291,20.827024,16.865282,17.631039,13.047989,16.753447,12.868618,15.92392,19.905136,19.503723,14.585815,18.387453,18.257338,16.818731,13.259681,9.734156,5.4569335,6.4192853,0.0,8.093695,8.920675,11.257183,14.804996,15.786764,13.972154,10.342999,6.0117497,8.137632,4.50678,6.3464527,8.356777,10.09105,11.991998,14.959709,18.065397,19.469517,20.165667,17.662811,21.224695,21.438091,21.14089,17.63147,20.453196,16.81482,19.90306,22.568287,20.868063,17.34456,20.255087,17.314106,16.530724,19.060432,15.777257,19.387035,16.794165,21.350376,17.754435,12.993447,13.285683,10.013059,13.882442,11.898725,11.987584,14.989684,15.130825,17.670599,20.131254,19.828283,16.200773,14.211222,11.069927,8.056093,8.01704,4.753713,7.9563093,8.078144,11.784228,13.878543,15.661178,11.750094,13.386705,17.593822,14.886344,12.284475,17.101656,17.318516,14.935771,15.513858,11.895538,10.748481,12.011758,7.3421154,10.390109,12.022731,11.012986,8.495834,10.402951,4.6205425,8.890053,8.036104,11.839066
32,32.531944,28.790262,26.927242,23.80148,20.286575,20.41352,14.846581,16.47187,11.694576,12.82707,12.623005,16.596441,19.080694,18.046328,17.928667,14.680401,17.672298,14.122169,19.750458,17.396275,21.219267,24.897919,25.680292,21.342136,25.491825,24.306509,23.578165,20.237345,15.538989,12.369498,10.206749,8.093695,0.0,6.392954,4.740706,8.7665,10.761209,8.629411,7.471459,7.1827946,5.015153,8.086451,5.878761,11.326203,15.599067,17.218342,20.442469,23.148067,23.46338,23.223614,20.067436,22.363056,22.299423,20.160746,16.93048,19.414818,16.114239,18.276045,21.850618,20.25961,16.935587,21.26668,20.049301,19.735624,23.967802,21.013992,24.923632,23.252445,28.181927,25.259993,20.448843,20.04634,16.227228,18.59572,14.393155,13.429133,14.29552,12.798414,13.892802,16.020983,14.274762,11.079789,8.0041485,5.9396815,7.0159917,7.101686,9.702155,13.880337,15.706991,19.6106,21.763674,23.737715,19.780994,20.916569,25.414106,22.181234,19.215677,23.741816,23.061192,19.915117,19.521536,17.628496,14.256522,17.336983,11.116146,13.872339,15.169724,11.778384,9.809335,6.109432,4.8119597,3.6180236,4.7043076,8.215106
33,36.6646,32.645267,31.372543,27.532063,24.452969,24.579998,19.321095,21.288147,16.083168,17.905231,15.812404,20.126093,22.888966,21.042542,21.661524,17.433949,20.581886,16.716032,21.644182,19.078552,22.089432,26.444141,26.134047,21.969725,26.632416,26.544577,25.658041,22.150137,17.809624,14.208388,12.999513,8.920675,6.392954,0.0,5.1266346,6.673541,8.650492,8.851013,5.3317804,5.4275565,8.466805,11.166942,10.921184,15.596274,18.722614,20.512112,23.70988,26.67601,27.636381,27.734701,24.668755,27.315952,26.658117,25.110758,21.001852,22.565138,18.14336,19.674147,22.120993,19.192173,15.885564,18.526697,17.57233,16.054073,20.9098,17.102695,20.792135,19.612383,24.893932,22.723606,18.098038,18.331047,13.902473,17.229935,11.650922,12.728395,12.589668,10.637116,12.49999,13.685703,13.442988,10.953124,7.0192523,6.2786756,5.0641794,8.928922,8.6436405,14.292534,15.943764,19.551168,22.161142,23.108707,18.730461,21.265146,24.36561,20.109892,17.676342,22.371971,21.091871,17.67717,18.99552,17.70445,15.476974,19.355167,14.196583,18.010004,19.688347,17.13166,14.6258955,12.401495,8.258486,7.1246047,2.7247782,4.772462
34,37.229393,33.478756,31.545591,28.34835,24.91626,24.687208,19.36181,20.222881,15.20539,15.6858225,14.156045,17.981117,21.216463,20.216803,21.132092,17.818624,21.518354,18.137749,23.771025,21.506649,25.076307,29.035685,29.432928,25.118404,29.424566,28.654633,27.659454,24.137972,19.82644,16.280272,14.5871105,11.257183,4.740706,5.1266346,0.0,4.273113,6.2207904,5.138475,4.9603467,7.5800686,6.6031394,11.595901,10.480527,15.945215,19.63207,21.658543,24.711329,27.617409,28.07985,27.938408,24.80472,27.019299,26.807127,24.418718,21.063795,23.0093,19.362934,20.811792,24.034822,21.733183,18.57828,22.265831,21.718096,20.74652,25.648634,22.120308,25.866415,24.528503,29.761324,27.2358,22.49801,22.636635,18.390383,21.260456,15.939663,15.9088545,15.531897,13.0906315,13.781047,14.868495,13.149334,11.033791,6.0177603,6.6829424,8.443379,10.547415,12.363153,17.452366,19.111656,22.894848,25.08724,26.612175,22.21214,23.66535,27.581436,23.570734,20.62834,24.972641,23.55487,20.01655,19.957916,19.266787,15.744627,20.080933,14.320277,17.878355,19.554,16.165253,13.855282,9.938408,8.300528,4.4765906,3.848481,4.5652556
