,0,1,2,3,4,5,6,7,8,9,10,11,12,13,14,15,16,17,18,19,20,21,22,23,24,25,26,27,28,29,30,31,32,33,34,35,36,37,38,39,40,41,42,43,44,45,46,47,48,49,50,51,52,53,54,55,56,57,58,59,60,61,62,63,64,65,66,67,68,69,70,71,72,73,74,75,76,77,78,79,80,81,82,83,84,85,86,87,88,89,90,91,92,93,94,95,96,97,98,99,100,101,102,103,104,105,106,107,108,109
0,0.0,4.2840505,6.311708,9.439824,11.993528,14.379812,17.631191,21.416348,24.70767,27.107792,31.675573,28.936361,26.901953,25.71951,20.844967,20.80114,15.737983,15.982345,13.931797,13.836207,16.523544,14.445159,19.981834,23.118414,24.806692,27.08944,27.904352,29.62394,26.18334,30.463844,28.356747,34.145138,36.562412,37.303406,40.8414,42.297085,45.765575,46.19551,43.12674,39.811695,42.674545,38.85749,36.75398,37.826843,35.163883,35.09848,31.996311,35.072308,35.28623,33.962856,31.642733,33.719536,30.6539,35.102085,37.212772,40.37344,38.050255,40.89278,43.210598,41.377625,38.606937,37.569912,32.766186,31.02756,27.493366,25.354261,25.409988,21.451437,21.015066,16.910896,15.5182295,17.3924,19.957872,20.07747,24.45762,22.279156,26.802048,30.337782,32.623146,36.083916,36.03972,32.087345,32.505245,28.760578,26.36739,23.72213,21.600252,17.382517,14.686413,13.559035,10.622015,13.412705,9.807457,10.849539,10.422976,14.771042,12.724314,16.686903,18.976007,23.385942,23.770624,28.141342,32.975407,31.325205,27.888092,30.06842,24.024157,24.667496,22.070879,21.933125
1,4.2840505,0.0,5.343548,6.442168,8.659268,12.153735,14.311388,19.014002,21.66166,24.385628,28.654734,26.224358,24.666903,23.22451,18.59242,17.771812,12.958697,12.304396,10.566845,9.701033,12.691804,11.151344,16.5733,19.605425,21.245617,23.22371,24.139431,25.654577,22.031504,26.35525,24.413862,30.0849,32.928364,33.585476,37.245705,38.830563,42.12849,42.43233,39.244267,35.810993,38.705036,34.718,32.74099,33.661156,31.169483,31.034933,28.059525,31.249708,31.68228,30.569172,28.343431,30.80692,28.074085,32.58532,34.23844,37.215626,34.55736,37.294373,39.47544,37.686195,34.802425,34.14618,29.363825,27.791515,24.700684,22.472265,23.065928,19.106853,19.31079,15.158651,12.72637,14.114859,16.205496,16.243044,20.251493,18.054647,22.545961,26.060545,28.38059,31.821598,31.84975,27.91369,28.3853,24.596344,22.156294,19.486105,17.416792,13.226668,10.720275,10.17496,7.983989,12.063479,8.452327,8.543235,7.0052056,10.998432,8.461813,12.45698,14.841165,19.427378,19.816835,24.255337,29.042126,27.577284,24.162056,26.584673,20.339281,21.45653,18.856594,19.377539
2,6.311708,5.343548,0.0,5.224945,6.8303766,8.484875,12.053013,15.224203,18.838629,20.92794,25.708668,23.126965,20.996908,20.208084,15.266487,15.745495,11.313311,11.808933,11.91963,12.25537,16.112234,15.732261,20.899275,23.797142,25.226004,26.579683,27.041449,27.89598,23.203182,26.952917,24.056593,29.726147,31.26783,31.912043,35.328484,36.56025,40.20954,40.867752,37.992218,34.97411,37.925446,34.687912,32.54376,34.321606,31.754816,32.648125,29.992144,33.481937,34.021313,32.743256,30.108797,32.49852,29.288267,33.394085,34.985474,37.76804,35.118294,38.158455,40.000504,37.62043,34.814533,33.3901,28.807966,26.482767,23.619244,20.557129,20.913403,16.650229,17.425783,12.573562,10.692042,13.876799,15.75545,17.591465,21.347326,20.240156,24.56293,27.69429,30.275715,33.521435,33.67847,29.77276,29.326315,25.770712,22.8348,21.177452,17.768353,14.638232,11.223695,10.989679,8.150452,11.55219,10.500168,11.831708,10.210367,13.738014,10.166693,14.949267,15.65675,20.506453,19.773182,24.42868,29.232828,26.84747,23.375158,24.70033,18.872446,18.847948,16.269815,15.718726
3,9.439824,6.442168,5.224945,0.0,3.8048956,6.205707,8.873118,13.185228,15.665309,18.702572,22.675327,19.886614,18.376617,16.78703,12.222587,11.445369,6.723568,6.861365,6.999625,8.1711855,12.171986,13.082804,17.74428,20.64035,22.604675,23.59761,24.751509,25.282585,20.186346,23.96242,21.322033,26.390072,28.686775,28.603811,32.527596,33.68893,37.026657,37.72564,34.464893,31.233152,34.737396,31.194874,29.61111,31.050571,29.156042,29.800024,27.520765,31.166912,32.18426,31.418348,29.115767,32.143646,29.59236,33.775826,34.627735,37.065212,33.782516,36.555756,38.065296,35.74557,32.666584,32.042843,27.607702,25.45739,23.66036,20.191776,21.55531,17.305721,19.288464,14.462912,10.8595915,13.435992,13.771182,15.851441,18.064152,16.798063,20.58512,23.562166,25.927153,29.21374,29.037,25.098705,24.434834,20.968662,18.344236,16.699276,13.853884,11.914845,9.095065,10.768871,9.571755,14.239915,12.864483,12.881871,10.116707,12.39397,6.928039,11.048063,10.966589,15.430556,14.934327,19.401623,24.248081,22.098343,18.63885,20.703363,14.884519,15.720649,13.892104,14.2391
4,11.993528,8.659268,6.8303766,3.8048956,0.0,5.296834,5.677524,10.831231,13.0778475,15.837987,20.035921,18.002268,16.811699,15.607289,11.325469,10.332436,7.233233,5.8421226,8.72705,8.452862,12.798658,14.265157,18.311152,20.729477,22.009047,22.42062,22.981764,23.054482,17.47157,20.917423,17.898497,23.172039,25.11164,25.400167,29.095736,30.409063,33.8304,34.41731,31.344877,28.221611,31.409222,28.114494,26.272312,28.084251,25.987667,27.167343,25.034437,28.809923,29.860596,29.016836,26.530075,29.600454,27.004246,30.958536,31.574604,33.84836,30.517544,33.39435,34.765785,32.250534,29.223337,28.369192,24.001698,21.710602,20.159618,16.482243,18.076223,13.886258,16.443123,11.741389,7.5752535,10.36164,10.2865715,13.25194,15.431375,15.021068,18.843906,21.599356,24.28354,27.356396,27.625807,23.824375,22.962723,19.517782,16.29295,15.301908,11.246555,9.626427,6.424975,8.630144,8.186071,12.688999,12.628986,12.697521,9.797493,11.113307,5.9312954,10.361755,9.541024,14.71176,13.269957,18.137596,22.82482,20.387281,16.927462,18.332878,12.18671,12.814142,10.391789,11.144017
5,14.379812,12.153735,8.484875,6.205707,5.296834,0.0,6.0296226,7.365639,10.89339,13.338381,17.678457,14.673094,12.616615,11.800167,6.92908,8.107778,5.661742,7.498183,10.730009,12.623801,16.73171,18.653994,22.68179,25.225985,26.882298,27.063354,27.779238,27.439142,21.242632,24.032135,20.365492,24.927975,25.63991,25.236198,28.948381,29.584164,33.239292,34.4135,31.48698,28.817116,32.506847,29.95443,28.39526,30.798386,29.102081,30.933687,29.245935,33.159763,34.412567,33.63715,31.050783,34.12224,31.36173,34.991142,35.446636,37.450977,34.014183,36.980717,37.911713,34.929867,31.92681,30.672306,26.720282,23.765955,22.900911,18.353788,19.895185,15.630098,18.878757,13.85462,10.583224,14.52223,13.817656,17.927925,19.131077,19.312325,22.452253,24.700897,27.243052,30.1278,30.092302,26.383577,24.496078,21.577747,18.509981,18.439184,14.236557,14.368142,11.353803,13.55441,12.608724,16.317059,17.005806,17.60897,14.909242,16.394238,10.947569,14.710533,12.398225,16.483604,14.351531,18.72123,23.288082,19.946484,16.592375,17.01144,12.191338,11.356012,10.200145,9.177732
6,17.631191,14.311388,12.053013,8.873118,5.677524,6.0296226,0.0,6.7515717,7.637985,10.602491,14.479874,13.087747,12.617861,11.64926,8.552374,7.089402,7.607827,5.8097296,11.2833395,11.282397,15.194623,17.91425,20.812239,22.656742,23.631712,23.020529,23.3543,22.406126,15.773501,18.15512,14.395496,18.93841,20.128132,19.994164,23.759449,24.85558,28.316204,29.110477,26.108154,23.250534,26.686516,23.991798,22.374956,24.827076,23.205105,25.320837,23.962297,27.966125,29.438482,28.869337,26.380716,29.77213,27.486383,30.910269,30.708729,32.370018,28.588099,31.427883,32.130352,29.150946,26.06299,25.211346,21.386866,18.66841,18.701622,14.109861,16.613987,12.835928,16.992987,12.825489,8.442037,11.111765,8.776508,13.630704,13.740416,14.874916,17.642708,19.533407,22.333002,24.957016,25.411615,21.920404,20.032457,17.112959,13.449184,14.151858,8.907679,10.410339,8.232886,11.470923,12.229822,15.9508915,17.218805,17.1406,14.183592,13.961755,9.220589,11.965995,8.71919,13.268281,10.161932,14.973343,19.256426,16.055792,12.734988,12.999165,7.0734687,7.1662273,5.220243,6.853899
7,21.416348,19.014002,15.224203,13.185228,10.831231,7.365639,6.7515717,0.0,5.321913,6.1670504,11.028223,8.939323,7.080242,8.084456,5.6667657,8.009163,10.343866,11.250453,16.239445,17.597036,21.473764,24.235893,27.32935,29.261086,30.33446,29.519587,29.659615,28.29575,21.32687,22.671892,18.15469,21.66931,20.452414,19.770878,23.051973,23.179028,27.10909,28.686419,26.253576,24.334011,27.962742,26.674673,25.188936,28.606993,27.24455,30.366991,29.490068,33.530415,35.05968,34.393627,31.680307,34.82534,32.188507,35.050976,34.77219,36.09221,32.447495,35.451824,35.61848,31.998644,29.165964,27.424316,24.319584,20.715963,21.467875,16.069582,18.136747,14.644381,19.319683,15.177889,12.453886,16.27136,14.160091,19.727692,19.488579,21.300388,23.481754,24.727058,27.401684,29.613255,29.962791,26.775301,23.787418,21.660751,18.21058,19.944496,14.748194,17.031082,14.644299,17.2036,17.169706,19.901604,22.17863,22.818283,20.142305,20.436598,15.713113,18.58065,14.76163,18.072536,14.307036,18.093973,21.768465,17.346443,14.563566,12.366594,9.5896015,6.12368,6.519098,3.8156254
8,24.70767,21.66166,18.838629,15.665309,13.0778475,10.89339,7.637985,5.321913,0.0,4.694552,7.0139556,5.9904237,6.9883122,6.834786,7.457638,6.9974165,11.525871,11.281675,16.68208,17.729614,20.976713,24.503094,26.589314,28.059183,29.084143,27.649813,28.02263,26.105896,18.948637,19.616516,15.339035,17.566755,16.819233,15.130178,19.022564,19.106745,22.66444,24.253344,21.439514,19.409252,23.591244,22.300879,21.45782,24.750845,24.191244,27.379007,27.13491,31.17705,33.121395,32.927326,30.570759,34.14071,32.198708,34.90636,33.845634,34.683975,30.51041,33.16538,32.85094,29.268791,26.269188,25.388933,22.756989,19.515594,21.646448,16.363197,19.3727,16.526026,21.67514,18.172478,14.710794,17.247618,13.767384,19.266705,17.169968,19.51368,20.62696,21.176262,23.648983,25.510015,25.819965,22.967915,19.425226,17.844257,14.586795,17.297344,12.525803,16.629852,15.347435,18.657522,19.614502,22.721014,24.708157,24.69298,21.7438,20.992826,16.43276,17.923756,13.213467,15.349657,10.97112,14.024754,17.104567,12.458798,10.042499,7.082159,5.6477304,1.8969702,5.9286113,6.4374323
9,27.107792,24.385628,20.92794,18.702572,15.837987,13.338381,10.602491,6.1670504,4.694552,0.0,5.912433,7.083416,7.4183865,9.470293,10.266012,11.381767,15.400751,15.342732,20.837427,21.567526,25.062635,28.295444,30.549885,31.910906,32.461018,30.87036,30.57151,28.422354,21.283216,21.267305,16.458181,18.589207,15.666481,14.736347,17.515516,17.279,21.378899,23.188852,21.22812,20.029556,23.421936,23.287573,21.960577,26.088963,25.140137,29.185638,29.061617,33.04143,34.79328,34.314476,31.672739,34.872036,32.596405,34.784904,33.753445,34.398975,30.570375,33.437286,32.907795,28.889038,26.25641,24.375662,22.223953,18.416544,20.834196,15.329807,17.939554,15.658916,20.97141,18.014187,15.647928,18.520943,15.459731,21.350693,19.844698,22.782335,24.040602,24.380165,27.041914,28.566912,29.317532,26.733837,23.136267,21.767,18.25406,21.24135,15.891459,19.491518,17.909325,20.594633,21.332962,23.535423,26.487312,26.92664,24.289331,23.64459,19.704668,21.705446,17.340044,19.850878,15.336499,18.246267,20.783537,15.957961,14.092463,9.588243,9.546539,4.913133,7.0624065,5.743101
10,31.675573,28.654734,25.708668,22.675327,20.035921,17.678457,14.479874,11.028223,7.0139556,5.912433,0.0,5.595681,8.663282,9.83301,13.019464,13.013726,18.137499,17.957941,23.217682,24.213627,27.056593,30.89789,32.341652,33.37811,34.111942,32.030056,32.144577,29.515268,22.47271,21.65095,17.444632,17.384,14.423636,11.370221,14.704123,13.589362,17.167856,19.527248,17.300093,16.557072,20.842829,21.283152,21.066025,25.015255,25.263725,29.320564,29.98065,33.856052,36.051453,36.101532,33.885574,37.43958,35.839096,37.82821,36.046673,36.125546,31.824171,34.22565,33.02285,29.037909,26.354496,25.431393,24.092129,20.765263,24.458551,19.30254,22.439514,20.67285,26.101515,23.4379,20.599924,22.714767,18.837315,24.335207,21.143427,24.302156,24.329113,23.804014,25.968607,26.956656,27.427395,25.403719,20.994772,20.648113,17.898071,21.710373,17.453001,22.394499,21.625378,24.839655,26.074099,28.675823,31.218147,31.202753,28.332003,27.105415,23.055866,23.938337,18.9772,19.859516,15.318578,16.600258,17.888288,12.842617,12.223894,6.3219614,10.377717,7.3951936,11.239569,11.389575
11,28.936361,26.224358,23.126965,19.886614,18.002268,14.673094,13.087747,8.939323,5.9904237,7.083416,5.595681,0.0,4.085183,4.4933963,8.640818,9.455878,14.497311,15.573248,20.191156,22.326406,25.232422,29.029797,30.986938,32.540752,34.033394,32.513844,33.310524,31.216106,24.11138,24.32633,20.295155,21.056513,19.483004,16.30369,20.148247,19.037872,22.32366,24.73715,22.047028,20.75221,25.631752,25.156105,25.110922,28.438097,28.675558,31.964705,32.185966,36.176785,38.360348,38.406376,36.19848,39.856712,38.04333,40.577446,39.263046,39.789417,35.473713,37.945534,37.149563,33.4134,30.497486,29.76745,27.751263,24.41922,27.133486,21.755348,24.63841,21.97976,27.168203,23.582695,20.42446,23.21701,19.719173,25.10589,22.34321,24.571018,24.963987,24.9975,26.96191,28.50863,28.275402,25.767706,21.345636,20.693848,18.350475,21.405733,17.661144,22.250324,21.050856,24.441856,25.137173,28.29804,30.16368,30.207336,27.176933,26.626871,21.604254,22.755852,17.711866,18.345734,14.325359,15.67179,17.830994,12.658393,11.374715,7.387646,10.312082,7.5906835,11.809995,11.147714
12,26.901953,24.666903,20.996908,18.376617,16.811699,12.616615,12.617861,7.080242,6.9883122,7.4183865,8.663282,4.085183,0.0,3.978613,6.4740844,9.413434,13.403272,15.393533,19.741505,22.270332,25.576517,28.947407,31.587126,33.49467,35.106216,34.00328,34.71747,32.975952,25.853012,26.559025,22.259855,23.980474,22.147722,19.713465,23.207558,22.177519,25.785646,28.178532,25.724695,24.42093,28.963736,28.40665,27.899319,31.344593,31.041616,34.30052,34.09394,38.138805,40.08079,39.831398,37.384266,40.811462,38.545467,41.208755,40.39684,41.24746,37.229866,39.95436,39.479496,35.684433,32.828102,31.533619,29.168386,25.552822,27.462542,21.944117,24.298668,21.262516,26.160267,22.194824,19.472008,22.984222,20.185755,25.692934,23.976778,25.876287,26.971779,27.506672,29.645607,31.499117,31.261972,28.444061,24.377836,23.25527,20.681686,23.139633,19.018642,22.688745,20.850462,23.876202,23.962849,26.940474,28.889727,29.324036,26.43363,26.54863,21.287186,23.239725,18.588484,19.992096,16.237684,18.310724,21.096386,16.080769,14.255557,11.047617,12.144295,8.805144,12.04098,10.045555
13,25.71951,23.22451,20.208084,16.78703,15.607289,11.800167,11.64926,8.084456,6.834786,9.470293,9.83301,4.4933963,3.978613,0.0,5.055186,6.475902,10.912623,12.998564,16.898472,19.827463,22.757399,26.378565,28.762737,30.711864,32.716274,31.706839,32.959652,31.367748,24.402433,25.476372,21.680182,23.240253,22.779781,19.859257,24.028444,23.246502,26.43938,28.644545,25.61422,23.781761,28.830938,27.534237,27.435535,30.252314,30.314417,32.94082,32.72645,36.750355,38.849903,38.8553,36.6719,40.36216,38.416805,41.393204,40.479748,41.40043,37.126213,39.64852,39.268154,35.794785,32.711563,32.148327,29.555822,26.346512,28.219542,22.89198,25.570953,22.30635,27.119226,22.934118,19.51062,22.611208,19.550268,24.589497,22.358747,23.766209,24.588915,25.1833,27.056273,29.084751,28.447544,25.520359,21.473764,20.352888,18.247158,20.438469,17.146486,21.120735,19.635286,23.054337,23.355986,26.94988,28.148026,28.181665,25.086687,25.06463,19.451675,20.824707,16.017757,16.71289,13.382937,15.10413,18.134203,13.396929,11.389964,9.725499,10.5146675,8.681977,12.246152,11.382542
14,20.844967,18.59242,15.266487,12.222587,11.325469,6.92908,8.552374,5.6667657,7.457638,10.266012,13.019464,8.640818,6.4740844,5.055186,0.0,4.9545755,7.1335325,9.964966,13.694347,16.672247,20.114252,23.138054,26.280628,28.57375,30.570642,30.093903,31.208282,30.143929,23.353516,25.20809,21.33584,24.270496,24.241278,22.399506,26.416916,26.213276,29.6994,31.51292,28.514832,26.298649,30.840067,28.991846,28.252571,30.95191,30.260849,32.58341,31.732897,35.766533,37.532654,37.207394,34.826797,38.28216,35.947132,39.216324,38.900795,40.296112,36.34892,39.101685,39.27563,35.95158,32.86744,31.942556,28.733727,25.509607,26.255552,21.068735,23.287258,19.519274,23.814198,19.196692,15.867617,19.453238,17.239103,22.083012,21.200006,22.077692,23.890816,25.235275,27.40672,29.877932,29.419601,26.062634,22.866125,20.898563,18.347286,19.580011,15.832308,18.434116,16.301739,19.339888,19.106068,22.734531,23.730324,24.021265,21.0582,21.692257,15.92272,18.230602,14.173815,16.273565,13.376583,16.435,20.369074,16.16626,13.343289,12.764426,10.648553,8.949971,10.73423,9.364862
15,20.80114,17.771812,15.745495,11.445369,10.332436,8.107778,7.089402,8.009163,6.9974165,11.381767,13.013726,9.455878,9.413434,6.475902,4.9545755,0.0,5.470703,6.611362,10.738896,13.373098,16.315945,19.929827,22.35457,24.407242,26.523527,25.84697,27.370966,26.252613,19.61852,21.659391,18.4239,21.0445,22.514753,20.384695,24.942112,25.167131,28.192188,29.629688,26.125038,23.353495,28.161264,25.55882,25.200603,27.242884,26.955542,28.69832,27.975136,31.962938,33.94968,33.968346,31.936096,35.728916,33.94846,37.39431,36.717804,38.021206,33.745056,36.203026,36.379017,33.418102,30.132446,30.101944,26.822733,24.183659,25.268175,20.46221,23.265165,19.656355,24.007635,19.66668,15.441556,17.920326,14.989194,19.256939,17.365568,17.988037,19.334509,20.623001,22.624968,25.186687,24.569704,21.157743,18.111883,16.022818,13.723723,14.882684,11.88878,15.312715,14.033474,17.721762,18.300106,22.514091,22.869225,22.457993,19.222958,19.084509,13.2782755,14.439571,9.849974,11.357632,8.55116,11.709122,15.9553995,12.308423,9.140195,10.406204,7.2668376,7.9270396,9.9353075,10.672788
16,15.737983,12.958697,11.313311,6.723568,7.233233,5.661742,7.607827,10.343866,11.525871,15.400751,18.137499,14.497311,13.403272,10.912623,7.1335325,5.470703,0.0,4.645706,6.6269584,10.242935,13.530157,16.30602,19.739822,22.382454,24.884272,25.084461,26.836403,26.550524,20.574957,23.613976,20.74888,24.448515,26.542849,25.132362,29.557343,30.123148,33.23656,34.411713,30.888275,27.825455,32.26864,29.073063,28.324106,29.91708,29.063877,30.088137,28.654844,32.520344,34.16009,33.93336,31.862585,35.425896,33.364594,37.25385,37.251312,39.090546,35.15779,37.718086,38.500145,35.87252,32.5936,32.44957,28.583647,26.158201,25.959105,21.62056,23.839705,19.766657,23.161388,18.37625,14.229215,16.894564,15.24608,18.532534,18.227865,17.647638,20.02182,22.193827,24.20357,27.250353,26.525242,22.736841,20.80225,18.015827,15.869472,15.38831,12.942827,14.160576,12.283895,15.449338,15.283055,19.873085,19.236471,18.894258,15.753299,16.643175,10.37558,12.459478,9.560537,12.188667,11.08338,14.77369,19.506556,16.81175,13.488553,15.695977,11.207609,12.149689,12.375501,12.763511
17,15.982345,12.304396,11.808933,6.861365,5.8421226,7.498183,5.8097296,11.250453,11.281675,15.342732,17.957941,15.573248,15.393533,12.998564,9.964966,6.611362,4.645706,0.0,5.7412386,6.886844,10.372486,13.585526,16.4383,18.699776,20.739796,20.666523,22.255932,21.904894,16.017843,19.300997,16.837362,20.845253,23.844933,22.922348,27.33407,28.448927,31.369349,32.065258,28.447603,25.051075,29.111576,25.429937,24.528797,25.786232,24.788143,25.543053,24.027107,27.87899,29.537289,29.391752,27.44058,31.151186,29.404997,33.341167,33.13079,34.94608,30.925335,33.368607,34.274677,31.90067,28.576454,28.832666,24.845499,22.886223,22.73521,18.864363,21.422064,17.634653,21.007305,16.741558,12.003257,13.510918,11.405851,14.222774,13.66411,13.046671,15.625552,17.993896,20.236214,23.342691,23.00832,19.174183,17.83921,14.604707,12.022737,11.228702,8.531191,9.763504,8.546964,12.278509,13.111457,17.895695,17.209438,16.308321,12.977911,12.861308,6.819654,8.307343,5.178764,9.243301,8.099343,12.621195,17.434301,15.354542,11.910213,14.703052,8.921529,11.184131,10.590612,12.461946
18,13.931797,10.566845,11.91963,6.999625,8.72705,10.730009,11.2833395,16.239445,16.68208,20.837427,23.217682,20.191156,19.741505,16.898472,13.694347,10.738896,6.6269584,5.7412386,0.0,5.3776135,7.556268,10.167211,13.6111555,16.59043,19.735016,20.656782,23.206938,23.729475,19.07723,23.013247,21.449823,25.347704,29.213026,28.09383,32.697617,33.829945,36.499126,37.1205,33.240986,29.591053,33.8163,29.545803,28.935032,29.348223,28.52282,28.157627,26.284086,29.808659,31.349339,31.345215,29.762014,33.41568,31.86716,36.21648,36.35248,38.471672,34.572254,36.79069,38.05118,36.178673,32.81298,33.542934,29.340425,27.820826,27.042416,23.745222,25.970709,22.07147,24.557917,20.196981,15.760043,16.820326,15.700849,16.790045,16.766294,14.507745,17.131617,19.99305,21.628769,25.09002,24.101433,20.10693,19.687876,16.356495,15.033759,12.628795,12.482974,12.132009,11.338494,14.262167,14.541792,19.656061,17.250233,15.909903,12.765216,13.487814,7.7032695,8.21754,7.8780594,10.185634,11.560816,14.948375,19.742212,18.740843,15.569609,19.50548,14.257543,16.789146,16.271585,17.816265
19,13.836207,9.701033,12.25537,8.1711855,8.452862,12.623801,11.282397,17.597036,17.729614,21.567526,24.213627,22.326406,22.270332,19.827463,16.672247,13.373098,10.242935,6.886844,5.3776135,0.0,4.3535333,6.785981,10.064735,12.694319,15.002835,15.977881,18.106617,18.938593,14.938746,19.347431,18.372221,22.897333,27.425213,27.206808,31.48208,33.21635,35.795753,35.86948,32.1152,28.253496,31.690964,27.011986,25.945326,26.004946,24.64068,23.86388,21.567694,24.971611,26.284595,26.161396,24.629692,28.2423,26.880438,31.342497,31.539978,33.81401,30.090853,32.25174,33.87308,32.357494,29.079283,29.988945,25.57529,24.6354,23.416222,20.973331,23.169088,19.667484,21.630402,17.995708,13.485183,13.078659,12.347212,11.996377,12.831225,9.99214,13.581846,16.976503,18.986076,22.505707,22.223501,18.257717,18.931711,15.095643,13.23525,10.013815,9.810904,7.5436854,7.6648464,10.366061,11.612246,16.648989,14.019329,11.991712,8.77642,8.436735,3.8271785,3.4272408,6.254289,10.237393,11.600843,15.568415,20.13167,19.67802,16.552773,20.371563,14.24509,17.252174,15.668948,18.057447
20,16.523544,12.691804,16.112234,12.171986,12.798658,16.73171,15.194623,21.473764,20.976713,25.062635,27.056593,25.232422,25.576517,22.757399,20.114252,16.315945,13.530157,10.372486,7.556268,4.3535333,0.0,4.72492,6.2137847,9.048022,12.390838,13.775675,17.008595,18.262827,15.54338,20.070366,20.157074,24.003782,29.545898,29.046413,33.4942,35.347347,37.49055,37.34997,33.335636,29.22722,32.74316,27.517326,26.931389,26.071178,25.212564,23.382927,21.140038,24.168486,25.618656,25.94594,25.020317,28.800474,28.122833,32.688393,32.654922,34.854836,31.008528,32.735382,34.41779,33.430202,30.108278,31.845705,27.564505,27.21136,26.212568,24.264387,26.62373,23.419369,25.181618,21.933989,17.47902,16.293406,15.369271,13.770518,13.647336,9.706953,12.434161,15.932915,17.29227,20.948748,20.242634,16.344213,17.987728,14.23035,13.5475855,9.323527,11.715884,9.885467,11.247309,13.614463,15.175243,20.003939,16.673758,14.037336,11.299611,10.260816,7.8256903,4.393316,8.18476,9.973734,12.871987,15.755749,19.88489,20.540993,17.826622,22.49721,16.858383,20.477598,19.284739,22.01592
21,14.445159,11.151344,15.732261,13.082804,14.265157,18.653994,17.91425,24.235893,24.503094,28.295444,30.89789,29.029797,28.947407,26.378565,23.138054,19.929827,16.30602,13.585526,10.167211,6.785981,4.72492,0.0,5.5597343,8.915918,11.934202,14.577688,17.419193,19.59787,18.013048,22.809948,23.028618,27.496517,32.904865,32.982414,37.168457,39.20308,41.501377,41.210598,37.36678,33.269295,36.316666,31.031305,30.008274,29.048735,27.584517,25.389051,22.54199,25.177113,26.060118,26.017488,25.08619,28.362112,27.463394,32.265076,32.90189,35.53723,32.233715,34.017174,36.215225,35.511143,32.380653,33.817356,29.267572,29.107733,27.12759,25.803465,27.574574,24.39281,25.15459,22.135723,18.323555,16.905565,17.298815,14.686483,16.435184,12.213679,15.672268,19.42908,20.820515,24.436886,23.985844,20.253765,22.452309,18.661926,17.80784,13.484956,15.256133,11.594759,12.485244,13.451774,14.433005,18.840778,14.431517,11.551549,9.65075,9.647668,9.133561,7.5055995,12.259046,14.695297,17.355267,20.467442,24.572783,25.188198,22.37985,26.745914,20.750336,23.969667,22.147177,24.555107
22,19.981834,16.5733,20.899275,17.74428,18.311152,22.68179,20.812239,27.32935,26.589314,30.549885,32.341652,30.986938,31.587126,28.762737,26.280628,22.35457,19.739822,16.4383,13.6111555,10.064735,6.2137847,5.5597343,0.0,3.6127424,7.9431677,10.640433,14.690686,17.00108,16.859646,21.440247,22.84945,26.39729,32.870937,32.759884,36.991924,39.2412,40.98117,40.344063,36.315342,32.018005,34.934387,29.149538,28.647089,26.691267,25.85665,22.605337,20.043695,22.21901,23.396746,24.030142,23.87739,27.483034,27.60851,32.274147,32.270676,34.576836,31.010418,32.217304,34.315216,34.19297,31.050611,33.515133,29.30296,29.8469,28.538116,27.685701,29.88982,27.21414,28.215746,25.777264,21.73301,19.402826,18.991402,15.526124,15.653873,10.924873,13.004341,16.548391,17.270193,20.78447,20.19852,16.84097,20.137548,16.625025,16.751047,12.041221,15.7733555,13.148249,15.372233,16.730354,18.605005,22.76282,18.734972,15.493508,13.7955475,12.098312,12.683101,8.935237,13.435779,14.291877,17.685606,19.798082,23.126453,24.845423,22.575918,27.478758,21.99336,25.884848,24.420853,27.483185
23,23.118414,19.605425,23.797142,20.64035,20.729477,25.225985,22.656742,29.261086,28.059183,31.910906,33.37811,32.540752,33.49467,30.711864,28.57375,24.407242,22.382454,18.699776,16.59043,12.694319,9.048022,8.915918,3.6127424,0.0,5.093613,7.735248,12.30914,14.765312,15.911673,20.222042,22.410076,25.50599,32.491573,32.55337,36.610607,39.08702,40.51911,39.569504,35.572895,31.220917,33.75087,27.734259,27.362814,24.813644,24.160479,20.241388,17.77063,19.531832,20.780546,21.77296,22.110285,25.80787,26.570889,31.076965,30.723536,32.845448,29.252771,30.099375,32.219707,32.521538,29.470823,32.473804,28.493692,29.553642,28.518377,28.155785,30.494345,28.252123,29.225096,27.312954,23.325157,20.369326,19.709642,15.640687,15.143878,10.480718,11.716684,15.0140295,15.445438,18.729616,18.435766,15.51416,19.57029,16.286558,16.713316,12.136277,16.409891,14.112503,16.948181,18.236313,20.586426,24.39711,20.711407,17.34275,15.881138,13.35353,14.923209,10.743475,14.9562,15.386763,18.70252,20.410187,23.158537,25.391651,23.447573,28.325848,23.078924,27.182287,25.708015,29.118793
24,24.806692,21.245617,25.226004,22.604675,22.009047,26.882298,23.631712,30.33446,29.084143,32.461018,34.111942,34.033394,35.106216,32.716274,30.570642,26.523527,24.884272,20.739796,19.735016,15.002835,12.390838,11.934202,7.9431677,5.093613,0.0,4.235227,7.780729,10.99038,13.965278,18.041382,20.813557,24.135038,31.141361,32.044415,35.553555,38.426826,39.807724,38.436977,34.78984,30.530048,32.10493,26.105303,25.21132,22.457293,21.159971,16.840752,13.870228,15.164109,16.011894,16.915388,17.521042,21.081717,22.296839,26.670742,26.267542,28.442371,25.173775,25.870607,28.35575,29.068008,26.286577,29.357023,25.459925,27.12394,25.854136,26.405975,28.561129,26.95654,27.473738,26.45164,22.923506,19.1118,18.790602,13.726416,13.926459,9.862303,11.391733,14.531694,15.424935,18.238396,19.060747,16.637918,20.988356,17.744345,17.486448,13.485033,16.743967,13.809554,17.00639,17.620468,20.418808,23.420708,20.312782,16.938728,16.04264,12.706854,16.127588,12.4685335,16.710102,18.00246,20.444454,22.512518,24.954306,27.054647,25.18506,29.408163,24.005402,27.92549,25.918718,29.547974
25,27.08944,23.22371,26.579683,23.59761,22.42062,27.063354,23.020529,29.519587,27.649813,30.87036,32.030056,32.513844,34.00328,31.706839,30.093903,25.84697,25.084461,20.666523,20.656782,15.977881,13.775675,14.577688,10.640433,7.735248,4.235227,0.0,5.349686,7.4531536,11.041167,14.551788,17.948809,20.58157,27.930384,28.834084,32.198048,35.18088,36.291462,34.733715,31.127958,26.888527,28.232122,22.148872,21.450375,18.35886,17.418032,12.844635,10.312701,11.830369,13.365239,14.829301,15.657341,19.726156,21.425306,25.403275,24.21548,25.903181,22.178095,22.645721,24.774225,25.52926,22.686813,26.296703,22.773117,24.710432,24.283443,24.848448,27.38731,26.158955,27.216682,26.471542,22.79563,18.773693,17.60598,12.87239,11.424191,8.231798,8.418053,11.009447,11.993117,14.490367,15.899639,13.85622,18.298552,15.349201,15.08964,11.811758,15.134779,13.436379,17.06405,18.183767,21.441586,24.373245,22.163187,18.980707,17.735054,13.742632,16.837688,12.876947,16.06524,16.965944,18.927954,20.644331,22.528593,24.809237,23.281897,27.24372,22.319304,26.356121,24.58117,28.525381
26,27.904352,24.139431,27.041449,24.751509,22.981764,27.779238,23.3543,29.659615,28.02263,30.57151,32.144577,33.310524,34.71747,32.959652,31.208282,27.370966,26.836403,22.255932,23.206938,18.106617,17.008595,17.419193,14.690686,12.30914,7.780729,5.349686,0.0,4.1656837,9.785219,12.709433,16.206476,19.465816,26.171688,28.173878,30.798573,34.12915,35.406574,33.52605,30.477303,26.530018,26.740551,21.089203,19.40655,16.756884,14.462557,10.244476,6.5604773,7.9625998,8.762083,9.644253,10.322639,14.405569,16.347878,20.144087,18.947433,20.804882,17.474474,18.112339,20.774424,21.697811,19.204145,22.40712,18.869623,21.346907,20.515594,22.078913,24.276335,23.77101,24.31718,24.53884,21.560883,16.92587,16.297674,11.017057,11.04702,9.547444,10.720956,12.83717,14.655776,16.476389,18.95513,17.249325,21.083845,18.177195,16.830477,14.512375,15.82444,13.43098,16.866968,17.177704,20.638884,22.568996,21.283228,18.443932,17.733856,13.457372,17.83031,15.00559,17.983267,20.030415,20.904406,23.248558,25.108498,26.73894,25.13394,28.096807,23.008354,26.498745,24.094015,28.007317
27,29.62394,25.654577,27.89598,25.282585,23.054482,27.439142,22.406126,28.29575,26.105896,28.422354,29.515268,31.216106,32.975952,31.367748,30.143929,26.252613,26.550524,21.904894,23.729475,18.938593,18.262827,19.59787,17.00108,14.765312,10.99038,7.4531536,4.1656837,0.0,7.180617,8.967382,13.08803,15.629739,22.521965,24.555603,27.004114,30.411413,31.496756,29.490967,26.521173,22.654554,22.621273,16.992897,15.343369,12.612812,10.457331,6.3812294,3.0427902,6.081941,8.152238,9.546651,10.013997,14.605937,16.685799,19.87724,17.740095,18.924994,14.837178,15.414678,17.488188,18.150581,15.452185,19.188904,16.068071,18.703678,18.999838,20.329504,22.969282,22.791775,24.053595,24.390396,21.280851,16.777534,15.172918,10.946603,9.036125,9.262864,9.2394705,10.352923,12.5176115,13.803864,16.889143,15.546411,18.86493,16.346973,14.769834,13.571748,14.392488,13.489261,17.006584,17.90363,21.591125,23.543276,23.106138,20.547544,19.41765,14.937691,18.470413,15.633334,17.415815,19.16577,19.374153,21.43685,22.80526,24.339226,23.05205,25.544968,21.044102,24.484459,22.375074,26.488716
28,26.18334,22.031504,23.203182,20.186346,17.47157,21.242632,15.773501,21.32687,18.948637,21.283216,22.47271,24.11138,25.853012,24.402433,23.353516,19.61852,20.574957,16.017843,19.07723,14.938746,15.54338,18.013048,16.859646,15.911673,13.965278,11.041167,9.785219,7.180617,0.0,4.863681,6.919482,10.8743515,17.217945,18.806149,21.830841,24.882034,26.59296,25.25618,22.056807,18.152044,19.305569,14.145826,12.261269,11.79768,9.756831,9.730001,8.393172,12.431209,14.486621,14.954857,13.734824,18.229944,18.56355,21.783188,19.851364,20.934322,16.304302,18.004139,19.117147,17.91666,14.580453,17.08145,13.47771,14.524153,15.6808,15.179766,18.49837,17.667664,20.239313,19.669325,15.9555645,12.317395,9.153143,7.449232,2.400343,6.064282,6.912082,8.221195,11.629415,13.504232,16.085066,13.807319,15.18464,12.297872,9.189615,9.339087,7.818509,8.817667,12.026231,14.074686,17.7602,20.319191,20.715902,18.673403,16.67733,12.458274,13.986704,11.837902,11.845866,14.320632,13.244862,16.058702,18.058256,18.416313,16.769924,18.71751,13.995508,17.309856,15.372923,19.593231
29,30.463844,26.35525,26.952917,23.96242,20.917423,24.032135,18.15512,22.671892,19.616516,21.267305,21.65095,24.32633,26.559025,25.476372,25.20809,21.659391,23.613976,19.300997,23.013247,19.347431,20.070366,22.809948,21.440247,20.222042,18.041382,14.551788,12.709433,8.967382,4.863681,0.0,5.1562996,6.918429,13.65003,15.709491,18.100525,21.466251,22.787085,21.038853,18.14999,14.488426,14.708778,9.727496,7.452541,7.5197086,5.5883164,7.920269,8.539691,12.244847,14.63364,15.381321,14.320838,18.673225,19.457718,21.701122,18.761478,18.908108,13.763335,15.223676,15.410739,13.820831,10.317611,13.637956,11.126761,12.64784,15.564146,15.25011,18.836405,18.882557,21.891762,21.935322,18.657516,15.332524,11.753955,11.431334,6.549968,10.721813,9.869524,9.1539955,12.288505,12.87523,16.199604,14.904161,15.534337,13.708717,10.796777,12.635939,10.811724,13.183935,15.914468,17.930952,21.53716,23.583588,24.79339,23.043505,21.130682,17.028425,18.267456,16.354792,15.347738,17.073776,15.224508,17.242458,18.155222,18.397747,17.464508,18.319424,15.024538,17.858677,16.40905,20.626684
30,28.356747,24.413862,24.056593,21.322033,17.898497,20.365492,14.395496,18.15469,15.339035,16.458181,17.444632,20.295155,22.259855,21.680182,21.33584,18.4239,20.74888,16.837362,21.449823,18.372221,20.157074,23.028618,22.84945,22.410076,20.813557,17.948809,16.206476,13.08803,6.919482,5.1562996,0.0,6.6595054,10.621083,13.086966,15.540759,18.629442,20.876371,19.77749,17.16161,13.9602375,14.750876,11.417354,8.502339,11.3350525,9.092674,12.93945,12.987016,16.811485,18.717415,18.709648,16.734085,20.629627,20.1558,22.35049,20.009926,20.38621,15.662754,17.992386,18.010178,15.173504,11.855505,12.783855,9.805793,9.408237,12.807168,11.028965,14.960639,14.749187,18.559788,18.248375,15.090285,12.747365,8.621046,10.876309,7.276289,12.007351,12.450347,12.328633,15.659972,16.643162,19.340828,17.477787,16.756374,14.751747,10.808572,13.371942,9.143266,12.072811,13.728525,15.928485,19.16618,21.081907,23.1429,22.001057,19.893784,16.439165,16.633022,15.991677,14.004611,16.683569,13.650064,16.536768,18.124529,16.890945,15.507405,15.09653,11.572621,13.485689,11.753141,15.814855
31,34.145138,30.0849,29.726147,26.390072,23.172039,24.927975,18.93841,21.66931,17.566755,18.589207,17.384,21.056513,23.980474,23.240253,24.270496,21.0445,24.448515,20.845253,25.347704,22.897333,24.003782,27.496517,26.39729,25.50599,24.135038,20.58157,19.465816,15.629739,10.8743515,6.918429,6.6595054,0.0,8.277639,9.17996,11.744933,14.946504,15.954892,14.420078,11.299286,7.7804074,8.864441,5.2223167,4.507534,7.687169,8.749622,12.936498,14.941033,18.156948,20.749447,21.650352,20.546707,24.555231,25.0744,26.590948,23.184673,22.43818,17.233524,18.51177,17.050392,14.258657,10.96282,13.87502,13.172399,13.389533,18.343874,16.658636,20.615189,20.785776,24.894182,24.590483,21.345177,19.346344,14.970616,16.93238,11.459925,15.850804,14.039472,11.985913,14.409793,14.019575,16.896544,16.258396,14.694658,14.316833,11.696932,15.495829,13.186082,17.640347,19.642109,22.298206,25.53477,27.704107,29.562408,28.202099,25.90429,22.276632,21.925434,20.330633,17.56164,18.220236,15.24562,16.141457,15.85148,15.269516,15.313685,14.529021,13.839438,15.93799,15.96036,19.84388
32,36.562412,32.928364,31.26783,28.686775,25.11164,25.63991,20.128132,20.452414,16.819233,15.666481,14.423636,19.483004,22.147722,22.779781,24.241278,22.514753,26.542849,23.844933,29.213026,27.425213,29.545898,32.904865,32.870937,32.491573,31.141361,27.930384,26.171688,22.521965,17.217945,13.65003,10.621083,8.277639,0.0,6.079951,5.304103,8.78346,11.382978,10.5655365,9.783028,9.416391,8.82378,10.984201,9.105565,14.537808,14.2019005,19.91101,21.545303,24.658726,26.651854,26.761786,24.866343,28.027143,27.512032,28.139484,24.994087,23.904896,19.609024,21.58042,19.564178,15.27182,13.177898,12.541502,13.268059,11.548247,17.622074,15.106519,18.599802,19.51697,24.098886,24.189999,22.079905,21.355925,17.449995,21.165537,17.537745,22.210495,21.515207,19.974833,22.500341,22.14347,24.720438,23.940163,21.334393,21.086456,17.911348,21.976202,17.859156,21.994057,22.754793,25.00207,27.597502,28.89503,32.104733,31.588663,29.43102,26.538832,25.67111,25.522041,22.140877,23.645706,19.589031,20.994467,20.933197,18.481224,18.497383,14.832038,15.707066,15.321511,15.5296,18.098505
33,37.303406,33.585476,31.912043,28.603811,25.400167,25.236198,19.994164,19.770878,15.130178,14.736347,11.370221,16.30369,19.713465,19.859257,22.399506,20.384695,25.132362,22.922348,28.09383,27.206808,29.046413,32.982414,32.759884,32.55337,32.044415,28.834084,28.173878,24.555603,18.806149,15.709491,13.086966,9.17996,6.079951,0.0,5.3363833,6.6069493,8.629058,9.289722,6.567837,6.121611,9.552089,11.310501,11.854021,16.028404,17.389837,22.082216,24.044008,27.309866,29.79439,30.413881,28.867016,32.516827,32.224617,33.364216,30.205118,29.194944,24.49091,26.067795,23.872587,20.087889,17.639053,18.313562,18.622095,16.89494,22.534336,19.197472,22.958742,22.908882,27.944422,27.016191,24.135773,23.949354,19.455347,23.447666,18.593515,22.813847,21.303232,19.318527,21.260138,20.823685,22.5388,21.908615,18.193167,18.787823,16.405075,21.003994,17.796217,23.148752,23.987297,26.994875,29.491833,31.656979,34.24236,33.51647,30.915897,28.152292,26.13578,25.48549,21.278246,21.471455,17.410423,17.593504,16.74492,14.0207405,14.888435,10.902019,14.088372,14.064181,15.976461,18.472647
34,40.8414,37.245705,35.328484,32.527596,29.095736,28.948381,23.759449,23.051973,19.022564,17.515516,14.704123,20.148247,23.207558,24.028444,26.416916,24.942112,29.557343,27.33407,32.697617,31.48208,33.4942,37.168457,36.991924,36.610607,35.553555,32.198048,30.798573,27.004114,21.830841,18.100525,15.540759,11.744933,5.304103,5.3363833,0.0,3.9986417,6.247107,6.211591,6.762991,8.781406,8.5145035,12.850414,12.583075,17.467474,18.316702,23.80541,25.962769,28.87523,31.072922,31.458914,29.803425,32.951466,32.634953,32.992607,29.583984,28.058334,23.853508,25.391653,22.704325,18.524141,16.903349,16.630236,18.216116,16.555435,22.682285,19.971048,23.28233,24.145313,28.904348,28.787083,26.670786,26.365078,22.308514,26.211504,22.039915,26.576298,25.283243,23.241714,25.272867,24.44818,26.679506,26.381874,23.074379,23.645176,21.090784,25.535673,21.931139,26.66045,27.372442,29.881275,32.344913,33.797634,37.010315,36.51977,34.205868,31.40304,30.006483,29.68757,25.815659,26.504284,22.402914,22.870598,21.93373,19.345356,20.152012,15.798609,18.62878,17.89562,19.15512,21.196596
35,42.297085,38.830563,36.56025,33.68893,30.409063,29.584164,24.85558,23.179028,19.106745,17.279,13.589362,19.037872,22.177519,23.246502,26.213276,25.167131,30.123148,28.448927,33.829945,33.21635,35.347347,39.20308,39.2412,39.08702,38.426826,35.18088,34.12915,30.411413,24.882034,21.466251,18.629442,14.946504,8.78346,6.6069493,3.9986417,0.0,4.6078954,6.992242,7.867223,10.661108,11.722429,16.060972,16.34091,20.970844,22.124397,27.42014,29.55914,32.580612,34.8616,35.274532,33.567486,36.758408,36.2495,36.695213,33.440502,31.974726,27.824947,29.389854,26.658897,22.487535,20.899374,20.4226,21.87688,19.78899,25.712828,22.456049,25.659931,26.199024,31.19352,30.66703,28.540506,28.819202,24.706783,29.054882,24.814535,29.182442,27.845596,25.799946,27.64918,26.88594,28.656754,28.328217,24.432892,25.298492,22.97043,27.556744,23.980803,29.027178,29.459684,32.16629,34.3752,35.99309,39.229378,38.873455,36.409634,33.889896,31.862747,31.700714,27.412323,27.769024,23.542273,23.646782,22.530691,19.46301,20.547714,15.572865,19.584368,18.329199,20.30691,21.772516
36,45.765575,42.12849,40.20954,37.026657,33.8304,33.239292,28.316204,27.10909,22.66444,21.378899,17.167856,22.32366,25.785646,26.43938,29.6994,28.192188,33.23656,31.369349,36.499126,35.795753,37.49055,41.501377,40.98117,40.51911,39.807724,36.291462,35.406574,31.496756,26.59296,22.787085,20.876371,15.954892,11.382978,8.629058,6.247107,4.6078954,0.0,3.9184713,5.8088737,9.911382,10.570181,15.578429,16.904997,20.770601,22.859705,27.786438,30.462084,33.14766,35.62905,36.426735,35.142746,38.43584,38.492798,38.77718,35.059937,33.19149,28.904379,29.908983,26.707087,22.974382,21.57768,22.162285,24.141808,22.763195,28.913654,26.11173,29.44978,30.116121,35.010963,34.603355,32.232994,32.087948,27.786398,31.615181,26.715155,30.995682,28.963223,26.398605,27.775328,26.447908,28.190308,28.5006,24.654503,26.140429,24.450438,29.110891,26.36523,31.669512,32.53143,35.37434,37.832672,39.626015,42.58282,41.954266,39.447475,36.61154,34.762215,34.023815,29.792929,29.444307,25.596472,24.912584,22.918991,20.665041,22.363867,18.081844,22.46312,21.893852,24.041576,25.873812
