,0,1,2,3,4,5,6,7,8,9,10,11,12,13,14,15,16,17,18,19,20,21,22,23,24,25,26,27,28,29,30,31,32,33,34,35,36,37,38,39,40,41,42,43,44,45,46,47,48,49,50,51,52,53,54,55,56,57,58,59,60,61,62,63,64,65,66,67,68,69,70,71,72,73,74,75,76,77,78,79,80,81,82,83,84,85,86,87,88,89,90,91,92,93,94,95,96,97,98,99,100,101,102,103,104,105,106,107,108
0,0.0,4.2165375,6.2558665,9.727874,12.118467,14.215774,17.69416,20.937057,24.615496,26.744654,31.135778,30.264223,28.013552,29.549717,26.080774,27.206356,26.690317,25.61417,28.47064,26.723482,30.349272,29.267578,34.298943,33.915623,35.485325,32.352325,33.732224,34.548496,29.416788,32.090393,30.109608,33.30174,35.710354,34.569584,37.999115,38.558155,42.39407,42.624985,39.586075,36.87826,39.79769,37.35252,36.012352,34.495106,38.114132,33.978897,36.76776,35.309155,37.933807,37.50126,36.020973,39.860146,37.93171,42.18068,40.271324,43.29589,38.998363,41.670074,42.58616,39.162613,36.409046,35.46142,33.042183,29.823486,30.774864,25.28966,26.142487,22.267908,24.635912,20.740108,19.920101,24.226492,22.028147,28.45606,26.710247,30.592924,32.171795,33.528008,36.667,37.43239,39.135334,36.66429,33.51498,31.895721,27.520756,30.117746,24.03482,24.669767,22.949066,23.131218,23.629036,23.961054,21.73143,17.719002,17.060143,15.094432,18.274155,14.094913,20.83325,19.134691,22.285671,25.360977,24.849485,21.957329,24.206118,21.354109,21.048613,22.676334,21.603111
1,4.2165375,0.0,5.156904,6.685795,8.887278,12.078027,14.597027,18.841599,21.871426,24.456394,28.578823,28.100258,25.857334,26.927435,23.323332,23.93679,23.22105,21.809906,24.581028,22.611555,26.2276,25.229204,30.158125,29.941069,31.422607,28.336233,29.614882,30.346613,25.242393,27.933365,26.074884,29.316156,32.09729,31.073992,34.54026,35.37388,39.082634,39.128006,35.982998,33.085033,36.001038,33.324287,32.122562,30.461578,33.976044,29.846588,32.63466,31.256979,33.95757,33.623238,32.198753,36.174725,34.527992,38.729103,36.674397,39.8144,35.54087,38.175186,39.356213,36.15822,33.237366,32.65276,29.942068,27.024605,27.823114,22.535059,23.646349,19.54086,21.842323,17.525562,16.27099,20.746723,18.59281,24.990068,23.68166,27.298042,29.301659,30.653849,33.871395,34.945866,36.41154,33.676346,30.709196,28.786636,24.375214,26.665367,20.461857,20.78604,18.850046,19.009466,19.429295,19.935034,17.97155,13.952925,13.770936,11.644549,14.333301,9.894095,16.801794,15.070357,18.419422,21.548147,21.242603,18.23424,21.02306,17.8021,18.18325,19.778236,19.40231
2,6.2558665,5.156904,0.0,5.3160553,6.734511,8.350564,11.860055,14.766591,18.549454,20.50441,25.037035,24.33361,22.446003,24.019855,21.041077,21.998531,22.377974,21.199303,25.057156,23.671186,27.4424,27.304129,32.007885,32.53185,33.80366,30.779568,31.28493,31.692795,25.674755,28.20973,25.576864,28.997179,30.430803,29.739767,32.756058,33.29784,37.341164,37.466885,34.80476,32.40115,34.816956,32.848034,31.015682,29.939121,34.060825,30.220085,33.442913,32.49112,35.050575,34.321377,32.354603,36.178844,34.055386,37.93529,35.623722,38.2989,33.749973,36.260273,36.893948,33.46231,30.735765,30.063425,28.02074,24.970661,26.865473,21.319996,22.989405,19.347248,22.763527,18.753828,16.73836,20.30995,17.273758,23.703247,21.064552,24.99144,26.2788,27.472017,30.558693,31.229403,32.94474,30.58629,27.408752,25.911823,21.583857,24.470543,18.595491,20.1418,18.994446,20.06192,21.074484,21.984247,20.484167,16.37505,17.404343,15.708145,17.065098,12.086566,19.304567,16.209265,20.268179,23.403297,22.289846,19.052855,20.684484,16.954697,16.400263,17.245897,16.053305
3,9.727874,6.685795,5.3160553,0.0,3.8612518,6.010593,8.915172,12.876293,15.627315,18.576275,22.213417,21.621218,19.264055,20.242704,16.712255,17.488457,17.269644,16.22917,19.845934,18.783789,22.579025,22.630241,27.506054,28.205997,29.814835,27.279593,27.756744,27.63929,21.650763,23.67454,21.36535,24.16271,26.078535,24.919321,28.275,28.88041,32.719955,32.907986,29.965755,27.445267,30.273249,28.291224,26.844397,26.049276,30.131466,26.552235,29.896755,29.326828,32.139336,31.72438,29.865572,34.017353,32.519215,36.158543,33.344994,36.084213,31.39711,33.622055,34.60575,31.697145,28.624683,29.003235,26.692507,24.355211,26.306562,21.223589,23.438417,19.57769,22.783524,18.172916,15.176047,18.811718,15.500051,21.76545,19.378317,22.645231,24.55064,25.348715,28.479055,29.498436,30.57458,27.896593,24.4953,22.840548,18.56525,21.356348,15.141234,17.054348,15.326914,16.80952,17.196363,19.046474,18.386354,14.608007,16.20085,13.934731,14.557965,8.57347,15.045176,11.332949,15.336892,18.407204,17.035654,13.790758,15.485504,11.85217,11.7140665,13.124505,12.837744
4,12.118467,8.887278,6.734511,3.8612518,0.0,5.346717,5.710006,10.786816,13.127022,15.931749,19.93563,20.013393,18.335178,19.054777,16.153217,16.068785,16.693375,14.900662,19.277416,17.88353,21.643833,22.23864,26.496176,27.747297,28.750362,25.986986,25.845127,25.82698,19.363869,21.747295,18.895155,22.478508,23.934343,23.648699,26.517765,27.47854,31.417528,31.220089,28.573324,26.049335,28.215773,26.173634,24.287186,23.298946,27.570341,23.96663,27.436634,26.947878,29.566515,28.857794,26.732874,30.745481,29.011517,32.569817,29.784119,32.444435,27.773535,30.107998,31.031319,27.997314,24.979067,25.16409,22.866905,20.517279,22.693733,17.649883,20.152283,16.514894,20.16929,15.780141,12.335012,15.4036255,11.813147,18.091482,15.603491,19.023048,20.917973,21.954609,25.150166,26.30119,27.570793,24.810892,21.873646,19.9149,15.511477,18.09211,11.998378,13.854837,12.770152,14.581378,15.752778,17.386538,16.936625,13.263713,15.834057,14.358123,13.648473,8.471015,15.073103,11.002251,15.749407,18.786888,17.598164,14.133549,16.06026,11.170012,11.742107,11.903393,12.112875
5,14.215774,12.078027,8.350564,6.010593,5.346717,0.0,6.078787,7.1368213,10.804952,13.169255,17.025805,16.110321,14.166376,15.734248,13.204776,14.451852,15.947682,15.40163,20.305864,20.20061,23.927246,25.101503,29.475605,31.072668,32.429653,30.15159,29.701668,29.073307,22.225822,23.771477,20.586563,23.300297,23.26822,22.507835,25.195145,25.377647,29.60567,29.916119,27.653362,25.889814,28.028694,27.123857,24.933142,25.116428,29.872484,26.89057,30.696106,30.772808,33.384533,32.58637,30.14659,34.080997,32.225945,35.28055,32.020878,34.09561,29.072536,30.96044,31.285805,28.310364,25.430368,26.150438,24.747805,22.632683,25.963703,21.01253,23.95714,20.811943,24.956009,20.813519,17.06234,19.260777,14.980268,20.693855,16.545338,19.816715,20.831594,21.145147,24.047056,24.59635,25.7406,23.521797,19.679865,18.689281,14.688092,18.37885,12.928412,16.803799,16.177713,18.778381,19.702892,22.02676,22.027273,18.508743,21.064768,19.256258,18.675117,13.047624,18.708641,13.845395,18.137543,20.890438,18.573278,15.394983,15.192006,11.132071,9.42906,9.313994,7.7975016
6,17.69416,14.597027,11.860055,8.915172,5.710006,6.078787,0.0,6.8253226,7.7032514,10.768026,14.556982,15.324882,14.398416,14.6722145,12.806455,11.854211,14.00826,11.977493,17.523287,16.767305,20.29617,22.087631,25.553473,27.802675,28.408203,26.010557,24.83157,24.235764,17.024542,18.957977,15.269781,19.031313,19.061165,19.578178,21.75635,22.836536,26.93481,26.503588,24.380188,22.277538,23.652157,22.267773,19.73911,19.459463,24.28988,21.308153,25.197487,25.44618,27.875616,26.89305,24.27832,28.161476,26.406767,29.316202,25.968357,28.140055,23.178738,25.192682,25.854029,23.003895,19.928303,20.888588,19.085068,17.419352,20.72186,16.328648,19.712828,16.851095,21.041628,17.130713,12.731381,13.967754,9.457049,14.7759075,11.039586,14.072823,15.788909,16.449846,19.606472,20.837013,21.904202,19.119204,16.23633,14.227191,9.83718,12.799773,7.1221385,10.976675,11.077965,14.141996,15.7634325,18.00129,18.606888,15.701422,19.304903,18.295187,16.030853,11.76857,16.60897,11.705056,16.554834,19.139036,17.433455,14.11567,14.999389,9.260549,9.937704,8.1075115,9.136579
7,20.937057,18.841599,14.766591,12.876293,10.786816,7.1368213,6.8253226,0.0,5.261793,6.1725173,10.5526705,10.06685,9.818724,11.559523,11.432313,12.099568,15.8811455,15.397562,21.294916,21.856651,25.182623,27.536425,30.927336,33.534767,34.33535,32.317776,30.762463,29.681705,22.275093,23.340992,19.276823,22.056534,19.590986,20.000175,21.39205,21.41106,25.946278,26.052687,24.824007,23.934002,24.770702,25.034206,21.920633,23.109587,28.386211,26.219027,30.339409,31.133282,33.369465,32.140064,29.129772,32.6375,30.506292,32.715836,29.01563,30.237646,25.005377,26.424274,25.995127,23.078506,20.505169,21.790293,21.520498,20.036545,24.751183,20.54632,24.184263,22.07729,26.815784,23.397411,19.133944,19.4485,14.7055,18.812628,12.946225,15.7237,15.563059,15.203813,17.748888,17.849865,19.055021,17.349844,13.33328,13.084471,9.815106,14.274817,10.907642,16.406998,17.209812,20.641808,22.160885,24.688576,25.415169,22.46352,25.924086,24.709702,22.819473,18.1174,22.720055,17.427156,21.741932,24.020267,21.312311,18.4276,17.021269,12.647455,10.682635,7.6542716,5.8089123
8,24.615496,21.871426,18.549454,15.627315,13.127022,10.804952,7.7032514,5.261793,0.0,4.5985403,6.8565297,8.236519,8.754589,8.66226,9.4888935,8.330916,13.048369,12.211618,18.307959,19.179554,22.072714,25.118853,27.788458,30.980068,31.518093,29.9189,27.807331,26.26475,18.873095,19.378515,15.127214,17.677637,14.462994,15.613211,16.5052,17.009413,21.460882,21.168995,20.140451,19.36132,19.65901,20.221733,16.90441,18.654287,24.030743,22.462101,26.679422,28.019238,30.171282,29.00491,25.938555,29.43316,27.79369,29.484743,25.305729,26.345032,21.031963,22.05202,21.878794,19.607342,16.7304,19.33837,18.998522,18.58477,23.34301,20.113403,24.082537,22.254576,26.67895,23.374998,18.699684,18.164042,13.613208,16.308413,10.721098,12.088267,12.489993,11.493734,14.068852,14.848609,15.212179,12.923349,8.928383,8.13769,5.0764227,9.719743,7.6322193,13.854994,15.053567,18.899216,20.333843,23.252174,24.764418,22.523766,26.458015,25.455105,22.617697,18.678019,21.783575,16.535599,20.503006,22.309055,19.665684,17.122002,15.651171,11.100858,10.35073,6.101554,7.1645074
9,26.744654,24.456394,20.50441,18.576275,15.931749,13.169255,10.768026,6.1725173,4.5985403,0.0,5.9494925,7.5417404,9.963549,10.79088,13.016041,12.370705,17.41974,16.689875,22.776508,23.587408,26.374245,29.52906,31.89969,35.25355,35.474354,33.68368,31.246506,29.88479,22.438492,23.130764,18.584467,21.430109,16.955723,18.877903,18.774883,18.974424,23.499681,23.13962,22.96205,22.769106,22.150185,23.311468,19.449602,21.368404,26.803242,25.43862,29.615366,30.977947,32.79358,31.23636,27.858555,30.854383,28.623486,29.96629,25.95774,26.358702,21.114782,22.022358,20.92063,18.210947,16.00465,18.013868,18.808628,18.234571,23.795818,20.69066,24.67848,23.51652,28.349325,25.632221,21.243555,20.028467,15.546055,17.56662,10.927174,12.528878,11.118369,9.892672,11.963088,11.769247,13.000315,11.744369,8.0717745,8.539078,6.956365,11.289536,11.016122,16.768396,18.664043,22.38351,24.289837,26.776684,28.047241,25.704172,29.707197,28.9824,26.16376,22.403408,26.080744,20.897396,25.034336,26.890944,24.250608,21.69422,20.012568,15.662923,14.416501,10.269754,9.809471
10,31.135778,28.578823,25.037035,22.213417,19.93563,17.025805,14.556982,10.5526705,6.8565297,5.9494925,0.0,4.5849867,8.007938,7.3209,11.3476095,10.422168,15.85468,16.006866,21.536848,23.384937,25.610548,29.3392,31.284292,35.037064,35.469406,34.454735,31.756598,29.63571,22.643127,22.110546,17.972319,19.209263,13.109038,14.925656,13.969377,13.634429,18.12688,17.988722,18.452528,19.212194,18.22568,20.742632,17.05139,20.409992,25.718485,25.389511,29.570122,31.64103,33.477932,32.203804,28.944221,31.934528,30.445354,31.057394,26.437725,26.361303,21.170738,21.091503,19.999376,18.594812,16.349714,20.198473,21.170681,21.75336,27.144974,24.874138,28.990711,27.85245,32.29276,29.425062,24.745033,23.314384,19.129835,20.030201,14.254609,13.926741,12.894426,10.163753,11.217,11.150626,10.27421,9.264606,3.7849557,6.5118,7.7715597,11.354723,12.770385,18.757982,20.42143,24.380936,25.68015,28.822557,30.787968,28.934256,33.015564,32.053997,28.93244,25.245178,27.451973,22.297932,25.587185,26.820812,23.794296,21.9379,19.209383,16.116186,14.804768,10.703619,11.228482
11,30.264223,28.100258,24.33361,21.621218,20.013393,16.110321,15.324882,10.06685,8.236519,7.5417404,4.5849867,0.0,4.466931,5.8462586,9.94588,11.121845,16.078709,17.275255,22.571249,24.91242,27.381237,30.794617,33.432392,36.81627,37.813004,36.891964,34.670204,32.473034,25.498064,24.793617,20.9999,21.542908,16.00161,16.152422,16.010107,14.560718,19.133753,19.911484,20.081295,21.086103,21.095636,23.789581,20.609426,24.051144,29.327377,28.81298,33.029617,34.96404,37.048393,35.950325,32.8142,36.030956,34.52342,35.407013,30.84305,30.910212,25.69046,25.667158,24.541555,23.022926,20.836264,24.27991,25.191324,25.287321,30.657965,27.779308,31.806677,30.290865,34.845562,31.606268,26.92925,26.22292,21.745592,23.643236,17.653435,18.03119,17.00586,14.519677,15.514897,14.857308,14.155062,13.732739,8.217278,10.935776,11.244642,15.367461,15.357869,21.643297,22.72455,26.671133,27.60046,30.992409,32.73411,30.493435,34.228737,32.81899,30.354977,25.874235,28.397219,23.018843,26.104996,27.408752,23.87144,22.118174,18.461023,16.33066,13.665229,10.227396,9.259903
12,28.013552,25.857334,22.446003,19.264055,18.335178,14.166376,14.398416,9.818724,8.754589,9.963549,8.007938,4.466931,0.0,3.9632928,6.418441,9.338273,13.355944,15.381756,20.233866,22.93823,25.565992,28.613724,31.871315,34.841255,36.39782,35.65758,33.987637,31.684978,24.925,24.00946,20.748848,20.616749,16.429705,14.974803,16.17074,14.420759,18.900684,20.217781,19.470444,20.121408,21.415104,23.697498,21.224195,24.500494,29.623209,28.85351,33.038853,34.823498,37.234764,36.48521,33.64525,37.259735,36.07474,37.36375,32.78812,33.366306,28.090237,28.251728,27.701479,26.241957,23.66535,27.117598,27.337114,27.207384,32.078407,28.801464,32.708294,30.619448,34.934044,31.193005,26.486254,26.605295,22.075842,24.819094,19.34301,20.011295,19.86356,17.718973,19.166874,18.950779,18.111948,17.089296,11.501291,13.322542,12.654578,16.880018,15.381669,21.6326,21.919205,25.764946,26.129272,29.849915,31.547466,29.176311,32.55052,30.700119,28.728827,23.739946,26.008505,20.619116,23.292166,24.56489,20.703896,19.124336,14.862008,13.6851015,10.191563,7.780634,6.4611406
13,29.549717,26.927435,24.019855,20.242704,19.054777,15.734248,14.6722145,11.559523,8.66226,10.79088,7.3209,5.8462586,3.9632928,0.0,5.011962,6.430427,10.770939,12.841801,17.438581,20.440598,22.702394,26.112877,28.929314,32.182884,33.648792,33.248436,31.369051,28.756079,22.287884,20.861746,17.841028,17.082186,12.655329,11.089564,12.266283,10.753852,15.269695,16.40822,15.536475,16.253593,17.527994,20.018402,17.755053,21.416838,26.381224,26.018335,30.14718,32.231335,34.62999,34.04284,31.32601,34.967876,34.237766,35.286346,30.496742,31.097713,25.917255,25.819965,25.663166,24.757746,21.974182,26.152712,26.09394,26.532616,31.115454,28.367512,32.34361,30.292862,34.286987,30.555569,25.71369,25.570337,21.328438,23.395643,18.610172,18.452967,18.914001,16.560156,17.975782,18.363714,16.815594,15.27764,9.91374,11.320512,11.231267,14.7909565,13.914205,19.9736,20.219269,24.122911,24.270023,28.217127,30.357912,28.44125,31.993336,30.251842,27.79136,23.311125,24.551588,19.365074,21.645658,22.544853,18.792364,17.54643,13.355006,12.333164,9.962713,7.3412366,8.318237
14,26.080774,23.323332,21.041077,16.712255,16.153217,13.204776,12.806455,11.432313,9.4888935,13.016041,11.3476095,9.94588,6.418441,5.011962,0.0,4.935528,7.159429,9.943205,14.12817,17.166998,19.769102,22.594936,26.189068,28.877958,30.856377,30.45586,29.259735,26.755154,20.527336,19.230104,16.82547,15.861339,14.030959,11.076148,14.095544,13.12999,17.146547,18.371098,16.181437,15.77978,18.55412,19.81506,18.357872,21.20664,25.907288,24.959223,28.977806,30.688225,33.422493,33.180233,30.827076,34.86928,34.394085,36.029434,31.434853,32.724514,27.571695,27.920212,28.409916,27.306757,24.162943,27.956335,27.067091,27.126154,31.004185,27.833763,31.569517,28.922892,32.559826,28.35661,23.606577,24.4121,20.27591,23.313913,19.306698,19.67196,21.041342,19.342659,21.341702,22.153929,20.943043,18.78509,13.818874,14.008955,12.515718,15.92091,13.117354,18.67646,17.975767,21.61688,21.193209,25.360771,27.362541,25.331924,28.475254,26.350813,24.38098,19.509668,20.50257,15.355986,17.310846,18.3271,14.359066,13.079142,8.585626,8.275566,5.3803477,4.715999,6.651359
15,27.206356,23.93679,21.998531,17.488457,16.068785,14.451852,11.854211,12.099568,8.330916,12.370705,10.422168,11.121845,9.338273,6.430427,4.935528,0.0,5.453034,6.4476013,11.462312,14.06777,16.402296,19.832539,22.62293,25.862972,27.252039,26.850937,25.128729,22.528528,16.176035,14.787288,12.084991,11.520007,9.78807,8.152931,10.96257,11.474373,15.380566,15.595089,13.261147,12.195737,14.415606,15.184624,13.505907,16.300709,21.061691,20.29052,24.34814,26.283352,28.890478,28.613903,26.24812,30.240524,30.03273,31.485611,26.801413,28.189487,23.149963,23.484575,24.411482,23.608973,20.273594,24.475372,23.256977,23.841208,27.424913,24.897678,28.69784,26.296507,29.673464,25.730467,20.873186,21.05584,17.293041,19.41725,16.209167,15.805952,17.8682,16.299437,18.44631,19.960676,18.53673,15.694932,11.660891,10.6884165,9.3171015,11.745691,9.594544,14.84778,14.478466,18.269377,18.074373,22.211094,24.656898,23.171995,26.76282,25.140558,22.257296,18.40631,18.65407,13.744252,15.905903,16.740583,13.508701,12.117681,9.411995,7.169137,7.4958467,5.364828,9.312975
16,26.690317,23.22105,22.377974,17.269644,16.693375,15.947682,14.00826,15.8811455,13.048369,17.41974,15.85468,16.078709,13.355944,10.770939,7.159429,5.453034,0.0,4.5513,6.9890556,10.582995,12.831153,15.743846,19.271255,21.928974,24.138023,24.26488,23.37949,20.541763,15.307588,13.333911,12.3824835,10.195143,12.1366825,8.399369,12.954938,13.611062,16.42945,16.94485,13.275924,11.110387,15.359064,14.979085,14.972007,17.05146,20.919622,19.968649,23.629787,25.375528,28.353376,28.705694,26.984945,31.31947,31.779228,33.5711,29.055208,31.013634,26.29488,26.744349,28.362356,27.821926,24.30158,28.42036,26.455292,26.987192,29.60293,27.05384,30.497183,27.56009,30.206543,25.825113,21.218628,22.362423,19.181011,21.73552,19.880657,19.521612,22.358067,21.160728,23.432951,25.219189,23.672121,20.603737,16.985111,15.64289,13.941126,15.519247,12.304802,15.966946,14.243742,17.39655,15.99067,20.615145,23.229094,22.047632,25.050714,22.97121,20.523752,16.73794,15.294459,11.052596,11.66509,11.971124,8.372801,7.8543596,5.0354652,5.592546,7.4009576,8.345407,12.20263
17,25.61417,21.809906,21.199303,16.22917,14.900662,15.40163,11.977493,15.397562,12.211618,16.689875,16.006866,17.275255,15.381756,12.841801,9.943205,6.4476013,4.5513,0.0,6.158905,7.6612196,10.340711,13.524493,16.588583,19.580666,21.044361,20.630583,19.398352,16.900215,11.005494,9.853683,8.366354,8.208332,11.471607,9.997486,13.733081,15.565513,18.378708,17.910875,14.395392,11.306008,14.622895,12.803002,12.456576,13.360929,17.36019,15.830307,19.600159,21.146084,24.092234,24.320305,22.575142,26.970568,27.416988,29.431301,25.121311,27.440008,22.846697,23.70321,25.69742,24.970736,21.33631,25.10948,22.655743,23.221428,25.369738,23.073175,26.425056,23.564627,26.00275,21.787714,17.172737,18.08768,15.286114,17.590654,16.65968,16.246937,19.697657,19.084978,21.66333,23.889942,22.729279,19.205116,16.52695,14.162863,11.893768,12.5695505,8.933075,11.595616,9.844654,13.092143,12.082229,16.553009,19.338043,18.443388,21.847782,20.301655,17.08287,14.197072,12.771919,8.614023,10.286062,11.031595,8.93866,7.40236,8.149152,4.9614854,9.080881,8.9558935,13.282268
18,28.47064,24.581028,25.057156,19.845934,19.277416,20.305864,17.523287,21.294916,18.307959,22.776508,21.536848,22.571249,20.233866,17.438581,14.12817,11.462312,6.9890556,6.158905,0.0,5.0390773,6.1975536,9.159893,12.541291,15.09787,17.583582,18.399746,18.036034,14.907337,11.700664,9.096985,10.758198,7.654173,14.125425,11.208741,15.632019,17.551506,19.030718,18.717329,14.268686,10.360597,15.318921,12.609343,14.458725,14.969857,17.28763,16.237473,19.14116,20.754837,23.94805,25.024836,24.166279,28.652071,30.094555,32.055992,27.894485,30.51928,26.50985,27.122,29.73695,29.649443,26.007856,30.048405,27.149014,28.032457,29.218138,27.402372,30.337715,27.257256,28.70765,24.390467,20.34475,21.779654,19.933144,21.797222,22.182617,21.31787,25.170425,24.547213,26.927784,29.365969,27.748528,24.171635,21.827105,19.534817,17.802664,17.705732,14.636626,15.532336,12.860071,14.78356,12.157011,16.92341,20.117767,20.073378,22.69617,20.87368,18.014627,16.086445,11.653233,9.830611,8.175734,7.040501,5.876754,6.905967,8.783399,9.275137,13.154313,14.395615,18.469448
19,26.723482,22.611555,23.671186,18.783789,17.88353,20.20061,16.767305,21.856651,19.179554,23.587408,23.384937,24.91242,22.93823,20.440598,17.166998,14.06777,10.582995,7.6612196,5.0390773,0.0,3.805223,5.9866705,9.611225,12.00073,13.819672,13.797264,13.708241,11.315206,8.241927,7.448084,9.466838,9.225521,16.4173,15.129492,18.903915,21.409218,23.0748,22.142736,17.994535,13.699186,17.528936,13.317189,14.931089,13.522256,15.347148,13.108551,15.738341,16.627832,19.974049,21.144415,20.596628,25.211985,26.708452,29.187534,25.56457,28.764803,25.078964,26.274868,29.261446,28.833368,25.183615,28.447922,24.920254,25.565052,25.830051,24.158785,26.681503,23.49395,24.34765,20.107765,16.480297,18.22841,17.216406,19.117428,20.782406,20.222729,24.531063,24.631096,27.301899,30.007242,28.929493,25.079004,23.435738,20.464542,18.122257,17.37083,13.779704,12.684653,9.42191,10.363648,7.308666,11.995565,15.332759,15.787198,18.432196,17.102518,13.677034,13.160817,7.977929,7.644155,6.519354,6.1584187,7.788193,7.4602723,11.989173,10.37007,15.127284,16.081614,20.130665
20,30.349272,26.2276,27.4424,22.579025,21.643833,23.927246,20.29617,25.182623,22.072714,26.374245,25.610548,27.381237,25.565992,22.702394,19.769102,16.402296,12.831153,10.340711,6.1975536,3.805223,0.0,4.729876,6.453856,9.636613,11.450375,12.626344,12.409397,9.208279,8.639073,6.4935293,10.294283,8.67075,16.799484,15.614768,19.101624,21.916042,22.84648,21.650455,17.41117,12.894908,16.72497,11.992449,14.709757,13.201115,13.782828,12.350117,14.293121,15.61306,18.88237,20.519215,20.45666,24.898333,27.100687,29.205067,25.592733,28.780043,25.560242,26.449299,29.792835,29.928036,26.35364,29.9961,26.393965,27.544497,27.426092,26.452364,28.849796,25.92606,26.293262,22.421665,19.115753,20.391407,19.925905,20.851767,23.171888,21.972082,26.433231,26.416973,28.85283,31.754906,30.321386,26.433735,25.257544,22.251308,20.492222,19.109037,16.535034,14.957929,12.102407,12.537124,9.404758,13.501788,17.191858,18.395159,20.84575,19.788315,16.234026,16.62808,10.622818,11.367918,9.327844,7.776927,9.978607,10.683531,14.5798435,13.772206,18.369118,19.187496,23.378845
21,29.267578,25.229204,27.304129,22.630241,22.23864,25.101503,22.087631,27.536425,25.118853,29.52906,29.3392,30.794617,28.613724,26.112877,22.594936,19.832539,15.743846,13.524493,9.159893,5.9866705,4.729876,0.0,6.0997405,6.407275,9.681399,10.833636,12.555564,10.507398,11.479965,10.762039,14.28862,13.373637,21.408476,19.808142,23.62127,26.182224,27.131212,26.183739,21.794748,17.346342,21.43316,16.616428,19.293531,17.174608,17.207346,15.060949,16.216291,16.485308,19.88069,21.887632,22.397362,26.853113,29.10916,31.731066,28.655151,32.212933,29.191832,30.417103,33.84566,33.680706,30.108543,33.148636,29.208902,29.886585,29.084732,27.819271,29.712769,26.412447,26.117498,22.076189,19.497696,21.71844,21.686556,23.324495,26.031239,25.407063,29.927633,30.228018,32.856525,35.71077,34.561172,30.6508,29.293188,26.252539,24.00107,22.879015,19.468727,17.241682,13.775554,13.054994,9.119271,12.56692,15.750541,17.212072,18.67618,17.416235,14.675937,15.734282,8.521246,11.423637,8.139734,6.335942,10.299532,11.1978445,16.130379,15.745642,20.264673,21.784088,25.66097
22,34.298943,30.158125,32.007885,27.506054,26.496176,29.475605,25.553473,30.927336,27.788458,31.89969,31.284292,33.432392,31.871315,28.929314,26.189068,22.62293,19.271255,16.588583,12.541291,9.611225,6.453856,6.0997405,0.0,5.066176,5.5525956,8.5776615,9.102316,6.1939025,10.900414,9.738056,14.271179,13.367472,21.536793,21.125696,23.984652,27.195879,27.49426,25.82148,21.848467,17.366629,20.2952,14.744395,18.087038,15.289893,13.4879265,12.256388,12.140631,12.941039,15.977905,18.497005,19.646013,23.663702,26.82922,28.879765,26.018728,29.575209,27.384024,28.348852,32.258263,32.748753,29.39264,32.67379,28.615004,30.035418,28.639374,28.59424,30.332685,27.687971,26.833607,23.658775,21.42145,22.487844,23.30985,23.291258,27.102602,25.60878,30.327791,30.694784,33.02485,36.210865,34.818016,30.836298,30.503273,27.191172,25.615791,23.418297,21.476433,18.33542,15.74633,14.698641,11.669903,13.951913,17.642145,20.10438,21.945934,21.615063,17.984217,20.339333,13.678742,16.311651,13.957028,12.215413,15.603831,16.468262,20.84553,19.957432,24.677834,25.405773,29.592426
23,33.915623,29.941069,32.53185,28.205997,27.747297,31.072668,27.802675,33.534767,30.980068,35.25355,35.037064,36.81627,34.841255,32.182884,28.877958,25.862972,21.928974,19.580666,15.09787,12.00073,9.636613,6.407275,5.066176,0.0,5.2223,8.4334,11.448598,10.200124,14.792928,14.344506,18.548626,17.751883,26.02527,24.948185,28.296648,31.197182,31.542887,30.225433,25.995846,21.538939,25.043177,19.675297,22.935707,20.038433,18.302114,16.513903,15.980237,15.706765,18.705217,21.460627,23.042692,27.011564,30.098158,32.613117,30.196915,33.997906,31.855982,33.073284,36.960194,37.157894,33.76776,36.595467,32.32035,33.26713,31.4036,30.971178,32.275204,29.263094,27.851734,24.521671,22.949066,24.907118,25.918497,26.69071,30.559202,29.606968,34.331688,34.877476,37.388268,40.487274,39.2887,35.296246,34.60824,31.339119,29.331453,27.527647,24.758823,21.439035,18.321217,16.574509,13.035392,14.656881,17.620054,20.20328,20.960241,20.413408,17.806997,20.53878,13.319836,17.302488,14.111219,12.281097,16.44066,17.536077,22.431223,22.0802,26.66146,28.04097,31.972057
24,35.485325,31.422607,33.80366,29.814835,28.750362,32.429653,28.408203,34.33535,31.518093,35.474354,35.469406,37.813004,36.39782,33.648792,30.856377,27.252039,24.138023,21.044361,17.583582,13.819672,11.450375,9.681399,5.5525956,5.2223,0.0,4.8932033,7.2791896,7.151828,13.47067,13.908794,17.892141,18.34778,26.235723,26.396818,29.027523,32.41231,32.800297,30.893248,27.131645,22.662096,24.99396,19.11691,22.05593,18.216198,15.551828,13.618773,12.022408,11.298842,13.968379,16.97539,19.072887,22.672142,26.145668,28.560774,26.649355,30.614584,29.110306,30.477983,34.610863,34.912838,31.747583,34.218987,29.756868,30.971926,28.44042,28.83732,29.849506,27.354013,25.44108,22.89467,21.781378,22.960915,24.785706,24.533497,29.35204,28.111252,32.920834,33.801178,36.2225,39.520954,38.507305,34.461124,34.58478,30.992311,29.150536,26.64568,24.618942,20.315252,17.863008,15.635326,13.066649,13.428283,16.55261,19.848589,21.042812,21.446093,17.958899,21.828974,15.489273,19.203888,17.198605,15.943639,19.915993,20.384033,25.43258,23.983017,28.840336,29.531107,33.57901
25,32.352325,28.336233,30.779568,27.279593,25.986986,30.15159,26.010557,32.317776,29.9189,33.68368,34.454735,36.891964,35.65758,33.248436,30.45586,26.850937,24.26488,20.630583,18.399746,13.797264,12.626344,10.833636,8.5776615,8.4334,4.8932033,0.0,5.096475,7.5547338,12.12916,14.249113,17.156832,19.284004,26.656874,27.358572,29.918625,33.341667,34.350613,32.3597,28.76569,24.261633,26.209291,20.234234,22.22657,17.692175,15.743426,12.46176,11.1160755,8.964255,11.824547,14.420106,16.429842,20.16455,23.062437,26.136106,24.688086,28.960697,27.392958,29.305319,33.29716,33.00723,29.903503,31.551798,26.858469,27.59661,24.590807,24.830034,25.489843,22.95513,20.711573,18.343971,17.783482,19.156763,21.476585,21.505526,26.698957,25.994284,30.760489,32.096893,34.725147,37.973625,37.49101,33.425133,33.66374,29.873182,27.568611,25.112745,22.670105,17.630299,15.291482,12.310282,10.463328,9.358535,12.146892,15.786331,17.036667,18.07157,14.258862,19.026161,13.816057,17.61459,16.708618,16.363838,20.319515,19.962606,25.498692,23.037329,27.950123,28.419195,32.240955
26,33.732224,29.614882,31.28493,27.756744,25.845127,29.701668,24.83157,30.762463,27.807331,31.246506,31.756598,34.670204,33.987637,31.369051,29.259735,25.128729,23.37949,19.398352,18.036034,13.708241,12.409397,12.555564,9.102316,11.448598,7.2791896,5.096475,0.0,4.417991,9.185276,11.574611,14.077139,16.921314,23.550049,25.269089,27.090117,30.831154,31.823847,29.404018,26.31569,22.006893,22.899471,16.856335,18.452314,13.48521,11.107893,7.8212314,6.0566683,4.3105965,7.5343657,10.046094,11.875971,15.671251,18.891068,21.509369,19.825796,24.02301,22.684679,24.488867,28.606905,28.598886,25.62978,27.52061,22.927048,24.26989,21.453648,22.482414,23.50784,21.605879,19.862324,18.015612,16.883026,16.879454,19.352428,18.062094,23.649992,22.32154,27.09179,28.419693,30.83724,34.222057,33.66537,29.625761,30.506327,26.598038,24.759884,21.685022,20.36294,15.111752,13.754533,11.408465,10.756492,9.979002,13.395962,16.814487,19.219248,20.517286,15.785165,20.141052,15.779666,18.221827,18.188143,17.939978,21.2003,20.594818,25.572313,22.49343,27.439404,27.155313,31.140188
27,34.548496,30.346613,31.692795,27.63929,25.82698,29.073307,24.235764,29.681705,26.26475,29.88479,29.63571,32.473034,31.684978,28.756079,26.755154,22.528528,20.541763,16.900215,14.907337,11.315206,9.208279,10.507398,6.1939025,10.200124,7.151828,7.5547338,4.417991,0.0,7.5324016,8.1099615,11.673903,13.174515,20.23417,21.626465,23.47692,27.21553,27.87525,25.50732,22.29085,17.966766,19.123425,13.052051,15.393087,11.160187,8.633615,6.662807,5.994673,7.166089,10.152852,12.442285,13.550731,17.48302,20.797297,22.744753,20.13153,23.885109,22.138533,23.374739,27.491116,27.954607,24.816507,27.706085,23.493372,25.254074,23.445808,24.25922,25.918583,23.927797,22.99562,20.628326,18.541079,18.409897,19.967852,18.63919,23.419048,21.580301,26.366512,27.147314,29.402834,32.788837,31.719517,27.688015,28.329172,24.622917,23.212519,20.17929,19.22852,15.002726,13.513598,12.289184,10.927584,12.025884,15.934472,18.757736,21.440298,22.047562,17.367945,20.54534,15.484952,17.297945,16.73751,15.955871,18.83055,18.694637,23.074621,20.611446,25.501827,25.246473,29.459076
28,29.416788,25.242393,25.674755,21.650763,19.363869,22.225822,17.024542,22.275093,18.873095,22.438492,22.643127,25.498064,24.925,22.287884,20.527336,16.176035,15.307588,11.005494,11.700664,8.241927,8.639073,11.479965,10.900414,14.792928,13.47067,12.12916,9.185276,7.5324016,0.0,4.839538,5.16007,9.650928,15.300857,17.219114,19.066296,22.596973,24.36044,22.197937,19.228765,15.160575,16.073092,10.782671,11.0603695,7.005647,8.869824,5.3834295,8.907112,10.186073,13.090002,13.557115,12.516694,17.08777,18.677078,20.971817,17.50347,21.00229,17.830103,19.422607,22.882751,22.541142,19.086075,22.00348,18.059666,19.431942,19.070873,18.831898,21.337872,19.158905,19.821083,16.820961,13.361112,12.9160185,13.241058,12.634669,16.308987,14.865972,19.635632,20.413904,22.986656,26.185759,25.476452,21.410593,21.591091,17.796894,15.879816,13.217813,11.703581,7.916043,6.8229136,7.485533,7.5629897,10.026249,13.857389,15.23649,19.027382,19.341011,14.270402,15.869633,12.961624,12.471354,13.871192,14.209663,15.719111,14.471595,18.356167,14.533859,19.29362,18.40424,22.507956
29,32.090393,27.933365,28.20973,23.67454,21.747295,23.771477,18.957977,23.340992,19.378515,23.130764,22.110546,24.793617,24.00946,20.861746,19.230104,14.787288,13.333911,9.853683,9.096985,7.448084,6.4935293,10.762039,9.738056,14.344506,13.908794,14.249113,11.574611,8.1099615,4.839538,0.0,4.913048,5.4062204,12.471755,13.71497,15.707213,19.305685,20.452097,18.34449,15.039561,10.764173,12.317355,6.853244,8.769965,6.7542396,8.270099,7.532655,10.613483,13.081452,15.836831,16.730104,15.879126,20.11527,22.197054,23.679909,19.628412,22.50989,19.286392,19.996696,23.44091,23.878157,20.400452,24.458069,21.09811,22.962725,23.28545,23.128292,25.904661,23.772121,24.647888,21.496967,17.797153,17.392555,16.997175,16.249363,18.836206,16.71239,21.233551,21.20526,23.41341,26.57094,25.080605,21.10602,20.961994,17.592567,16.514782,14.035568,13.324525,11.580136,10.404086,11.782644,10.683121,14.094968,18.033998,19.262081,22.769672,22.485611,17.88255,18.52684,14.543698,13.7324505,13.934508,13.363668,14.320384,14.005058,16.860384,14.380036,18.90474,18.214083,22.585033
30,30.109608,26.074884,25.576864,21.36535,18.895155,20.586563,15.269781,19.276823,15.127214,18.584467,17.972319,20.9999,20.748848,17.841028,16.82547,12.084991,12.3824835,8.366354,10.758198,9.466838,10.294283,14.28862,14.271179,18.548626,17.892141,17.156832,14.077139,11.673903,5.16007,4.913048,0.0,6.616827,10.323534,12.913581,14.260309,17.791689,19.8757,17.715267,15.15294,11.64121,11.939372,7.913977,6.7917457,5.1366396,9.569585,8.222289,12.326881,14.536362,16.948135,16.849566,14.916038,19.095112,20.098677,21.626339,17.260958,19.859333,15.872848,16.863924,19.812084,19.681534,16.083235,20.093994,17.045807,18.801464,20.07642,19.584675,22.811163,20.930962,22.724092,19.687807,15.465847,14.338933,13.180603,12.346051,14.065111,11.95129,16.416761,16.463007,18.861162,21.971684,20.84796,16.814978,16.74579,13.110703,11.813961,9.191493,8.887159,7.99362,8.158493,10.822353,11.232203,14.38679,17.877468,18.344124,22.440493,22.306742,17.5374,17.450285,15.523263,13.242159,15.110405,15.456153,15.490468,14.211324,16.434141,12.561099,16.738043,15.100259,19.317595
31,33.30174,29.316156,28.997179,24.16271,22.478508,23.300297,19.031313,22.056534,17.677637,21.430109,19.209263,21.542908,20.616749,17.082186,15.861339,11.520007,10.195143,8.208332,7.654173,9.225521,8.67075,13.373637,13.367472,17.751883,18.34778,19.284004,16.921314,13.174515,9.650928,5.4062204,6.616827,0.0,8.315416,8.472214,10.765976,14.158815,15.180155,13.436023,9.791982,5.5330777,8.316286,5.108678,7.2585883,9.035219,11.611439,12.306914,15.507853,18.35429,20.905777,21.57134,20.28079,24.26066,25.99598,26.926798,22.287663,24.328176,20.598993,20.557667,23.38507,24.169447,20.710985,25.670229,23.165401,25.157434,26.66586,26.111443,29.353582,27.23309,28.8582,25.445974,21.226429,20.791698,19.293707,18.884403,19.684954,17.312181,21.188438,20.25523,22.115932,24.957697,22.810389,19.126421,18.197964,15.573824,15.2976265,13.639877,13.522747,14.259366,13.368102,15.788059,14.5887,18.641605,22.372452,22.907326,26.434334,25.56094,21.453571,20.60576,17.037737,14.968946,14.942914,14.097017,13.453595,13.64625,14.457354,13.1487465,16.811455,16.023539,20.399303
32,35.710354,32.09729,30.430803,26.078535,23.934343,23.26822,19.061165,19.590986,14.462994,16.955723,13.109038,16.00161,16.429705,12.655329,14.030959,9.78807,12.1366825,11.471607,14.125425,16.4173,16.799484,21.408476,21.536793,26.02527,26.235723,26.656874,23.550049,20.23417,15.300857,12.471755,10.323534,8.315416,0.0,6.267987,4.319009,8.185386,10.371919,8.181044,7.387728,7.324331,5.2920065,8.456283,6.254216,11.503189,15.572425,17.049152,20.691624,23.840744,25.744465,25.449049,23.1207,26.374199,27.099747,27.094929,21.894518,22.461285,18.152525,17.168978,18.640945,19.74253,16.700993,22.600943,21.693602,24.055128,27.29463,26.785536,30.59868,29.211111,31.9758,29.0051,24.382534,22.815533,20.328695,19.208536,17.71373,14.689808,17.034447,14.894209,15.90976,18.327291,15.426969,12.286988,11.344336,9.806644,11.73548,10.640695,13.310975,16.52105,17.303988,20.697409,20.762138,24.481625,27.814295,27.62474,31.679235,30.88786,26.767818,24.921228,23.41321,19.854523,21.168728,20.967966,18.99946,18.568298,17.144823,15.367669,17.18936,14.749971,18.432562
33,34.569584,31.073992,29.739767,24.919321,23.648699,22.507835,19.578178,20.000175,15.613211,18.877903,14.925656,16.152422,14.974803,11.089564,11.076148,8.152931,8.399369,9.997486,11.208741,15.129492,15.614768,19.808142,21.125696,24.948185,26.396818,27.358572,25.269089,21.626465,17.219114,13.71497,12.913581,8.472214,6.267987,0.0,5.066806,6.385639,8.402602,8.55829,5.2384524,5.384141,8.512703,11.140116,11.204313,15.605161,19.143044,20.175499,23.68061,26.56068,28.99323,29.24002,27.348797,31.07971,32.02331,32.54708,27.479788,28.468176,24.102016,23.367266,24.8339,25.611364,22.442293,27.954336,26.756277,28.515285,31.584253,30.282051,34.01831,31.926338,34.595745,30.91397,26.209473,25.830963,22.987133,23.34733,21.547024,19.475122,21.874153,19.736101,21.00408,22.913927,20.08552,17.357279,14.6449995,13.952162,14.7697935,15.127111,15.438721,19.126072,18.671377,21.984118,21.019896,25.424276,28.68964,28.221962,31.736992,30.215796,26.879187,24.150911,21.993284,18.395012,18.66604,18.066439,15.261155,15.626648,12.840226,13.312519,14.482136,13.436638,17.047955
34,37.999115,34.54026,32.756058,28.275,26.517765,25.195145,21.75635,21.39205,16.5052,18.774883,13.969377,16.010107,16.17074,12.266283,14.095544,10.96257,12.954938,13.733081,15.632019,18.903915,19.101624,23.62127,23.984652,28.296648,29.027523,29.918625,27.090117,23.47692,19.066296,15.707213,14.260309,10.765976,4.319009,5.066806,0.0,4.278976,6.126262,4.7645297,4.836713,7.352123,6.259736,11.19436,10.153122,15.541362,19.09993,20.944912,24.396473,27.666683,29.626291,29.512424,27.313622,30.501562,31.332434,31.114647,25.866358,26.083063,21.920507,20.517754,21.558912,22.95962,20.19935,26.240925,25.727674,28.038496,31.526087,30.844698,34.71493,33.224655,36.089104,32.927788,28.229395,26.93749,24.202887,23.425045,21.39117,18.561361,20.332903,17.726757,18.270247,20.140478,16.713497,14.381641,12.645278,12.439401,14.742689,14.48945,16.804775,20.541172,21.004938,24.428514,24.09354,28.11057,31.453283,31.13022,35.001198,33.8703,30.09342,27.740702,26.001205,22.340755,23.124123,22.626495,20.11569,20.194914,17.604086,17.184343,18.144278,16.088654,19.355173
35,38.558155,35.37388,33.29784,28.88041,27.47854,25.377647,22.836536,21.41106,17.009413,18.974424,13.634429,14.560718,14.420759,10.753852,13.12999,11.474373,13.611062,15.565513,17.551506,21.409218,21.916042,26.182224,27.195879,31.197182,32.41231,33.341667,30.831154,27.21553,22.596973,19.305685,17.791689,14.158815,8.185386,6.385639,4.278976,0.0,4.636985,6.1751337,6.879099,10.260826,10.367524,15.2956295,14.313203,19.602749,23.306965,24.92837,28.469051,31.614279,33.696503,33.570053,31.292612,34.53892,35.105156,34.963417,29.71278,29.740417,25.404442,23.972956,24.4482,25.604448,23.014256,28.888327,28.7646,30.751677,34.675667,33.528027,37.494,35.86201,39.03742,35.651913,30.840908,29.86534,26.678192,26.543173,23.63228,21.297777,22.458384,19.536194,19.878067,21.079588,17.58203,16.005842,13.133329,14.112411,16.392145,17.202225,18.958214,23.475887,23.771433,27.359278,26.893097,31.110384,34.261135,33.55535,37.278908,35.812164,32.478096,29.404331,28.055338,24.027079,24.736397,24.298576,21.154022,21.354832,17.606539,18.092352,17.921183,16.105185,18.668581
36,42.39407,39.082634,37.341164,32.719955,31.417528,29.60567,26.93481,25.946278,21.460882,23.499681,18.12688,19.133753,18.900684,15.269695,17.146547,15.380566,16.42945,18.378708,19.030718,23.0748,22.84648,27.131212,27.49426,31.542887,32.800297,34.350613,31.823847,27.87525,24.36044,20.452097,19.8757,15.180155,10.371919,8.402602,6.126262,4.636985,0.0,3.9811375,5.6762576,10.163814,10.140773,15.547934,15.642485,21.0132,23.824492,26.164375,29.269756,32.71044,34.686436,34.855946,32.90927,35.996895,37.131615,36.62723,31.362532,31.274658,27.446388,25.610786,26.416199,28.263968,25.801006,31.980488,31.725216,34.0991,37.63664,36.942707,40.816757,39.227962,42.035126,38.710907,34.004528,32.96634,30.17412,29.546656,27.361094,24.585241,26.009617,23.118855,23.200314,24.582932,20.74701,19.25924,17.233374,17.962399,20.433775,20.55552,22.6164,26.467081,26.581623,29.890192,29.070621,33.33084,36.75279,36.451313,40.07021,38.613815,35.17612,32.52349,30.25412,26.79046,26.787132,25.829042,22.996319,23.78785,20.254803,21.434422,21.67937,20.292862,23.051146
