,0,1,2,3,4,5,6,7,8,9,10,11,12,13,14,15,16,17,18,19,20,21,22,23,24,25,26,27,28,29,30,31,32,33,34,35,36,37,38,39,40,41,42,43,44,45,46,47,48,49,50,51,52,53,54,55,56,57,58,59,60,61,62,63,64,65,66,67,68,69,70,71,72,73,74,75,76,77,78,79,80,81,82,83,84,85,86,87,88,89,90,91,92,93,94,95,96,97,98,99,100,101,102,103,104,105,106,107,108
0,0.0,4.2008977,6.561483,9.863246,12.317058,14.556948,18.008484,21.38849,24.840975,27.239029,31.751934,31.581778,30.288734,31.576542,28.336073,28.922455,28.517492,26.958023,30.138334,27.39439,31.10409,30.2264,34.4773,34.879993,33.499706,29.335163,32.52865,33.93682,29.275034,33.16436,32.545486,35.069927,39.293957,38.162254,41.714283,42.7119,46.29245,46.337353,42.889217,39.723373,42.63578,39.36361,38.008858,39.25855,38.656208,36.059734,33.70044,37.301083,39.47107,39.551334,38.011597,40.69439,37.837257,41.711826,40.55314,43.776993,39.633728,42.13014,43.234,40.5756,37.59114,36.80879,33.696964,30.611675,29.367422,24.899961,25.015003,20.820395,21.62485,17.12604,17.856928,22.456758,21.553724,27.728434,26.832708,30.683384,32.449993,34.010353,37.039555,37.686733,38.782806,35.657986,33.179604,30.867405,26.580004,28.828188,22.437908,24.120533,21.32671,23.060104,21.316309,21.333532,18.858755,18.503197,14.540332,12.467797,15.163082,13.032622,20.273066,18.83946,22.52879,25.647478,25.20747,22.125048,24.373358,21.074247,20.68545,21.835007,20.119852
1,4.2008977,0.0,5.1784673,6.7692814,8.925621,12.204636,14.700555,19.000628,21.838299,24.645704,28.952858,28.943913,27.674946,28.56825,25.257864,25.420406,24.886444,23.051764,26.181107,23.28451,26.977886,26.265356,30.43365,30.927498,29.629095,25.545353,28.622847,29.871769,25.096628,28.964327,28.417627,30.931461,35.332657,34.29693,37.843487,39.013744,42.49314,42.417896,38.926666,35.680355,38.56972,35.195736,33.926476,35.137573,34.536312,32.00221,29.773027,33.45081,35.658726,35.86546,34.333885,37.2252,34.596893,38.4033,36.9714,40.21001,36.004715,38.397747,39.650646,37.229702,34.123943,33.72619,30.45408,27.682533,26.487844,22.185457,22.671425,18.311974,19.323378,14.410984,14.313711,18.96369,18.044003,24.166254,23.625822,27.218903,29.35945,30.864126,33.964363,34.87016,35.70362,32.423077,30.017086,27.478638,23.19642,25.10309,18.70334,20.148247,17.302235,19.254164,17.600147,18.0712,15.22679,15.669148,11.728201,9.162472,11.361316,8.928074,16.287252,14.765817,18.625288,21.77587,21.492418,18.33836,21.073908,17.422182,17.691349,18.856054,17.852747
2,6.561483,5.1784673,0.0,5.243923,6.729519,8.411006,11.972379,14.945792,18.575272,20.738062,25.398123,25.49511,24.649864,26.002554,23.346472,23.723696,24.264719,22.564085,26.720568,24.181332,28.187788,28.237421,32.375137,33.283833,32.147152,28.169363,30.449417,31.362368,25.732029,29.487053,28.074533,30.90134,34.136116,33.28878,36.497925,37.356182,41.18326,41.241665,38.14114,35.303677,37.787727,35.06352,33.21202,35.020367,35.076134,32.804783,30.60713,34.62445,36.47807,36.432068,34.40621,37.12416,34.02667,37.45238,35.98481,38.813126,34.41459,36.813896,37.528244,34.752728,31.82377,31.161713,28.469688,25.364412,25.173496,20.271542,21.19849,16.987028,19.28923,14.619653,13.864652,18.36155,16.458345,22.822632,20.906157,24.873537,26.27796,27.709766,30.663704,31.18377,32.38275,29.356497,26.940395,24.75254,20.466919,23.146112,16.91378,19.700708,17.640522,19.914997,19.334202,20.787756,18.23749,19.366388,15.301437,13.057197,13.974793,11.34467,18.73717,15.90361,20.452677,23.58459,22.578375,19.19579,20.87238,16.632507,16.112028,16.30165,14.603843
3,9.863246,6.7692814,5.243923,0.0,3.8960977,6.0157466,9.004238,12.8695345,15.4906435,18.546755,22.513191,22.250914,20.909393,21.858912,18.71899,19.099003,19.170519,17.685856,21.707508,19.509779,23.6643,23.720156,28.160137,29.39888,28.898323,25.377962,27.748537,28.12906,22.125765,25.455734,24.326616,26.420748,29.958061,28.612236,32.129723,32.932114,36.611378,36.812183,33.49913,30.622412,33.563305,30.9615,29.471325,31.589134,31.78051,29.80906,28.130661,32.264,34.272522,34.59851,32.63017,35.822186,33.233055,36.41793,34.277824,36.980614,32.29821,34.30946,35.106945,32.873047,29.679873,30.049658,27.322939,24.87451,25.151045,20.550241,22.231995,17.938437,20.539904,15.491976,12.914657,17.294407,14.918633,21.15456,19.312803,22.67223,24.577677,25.520615,28.450462,29.161692,29.69573,26.63702,23.706102,21.47421,17.432922,19.787382,13.796027,16.971407,15.065179,18.112045,17.718124,19.808304,16.381708,18.738333,15.221199,12.222883,12.378861,8.0352745,14.842993,11.292543,15.782529,18.8355,17.467764,14.092978,15.66221,11.581851,11.282463,12.1176605,11.227025
4,12.317058,8.925621,6.729519,3.8960977,0.0,5.3497543,5.7770457,10.842335,13.04966,16.036646,20.244877,20.679718,20.006516,20.639875,18.107569,17.63624,18.406229,16.218485,20.769258,18.227966,22.300627,23.043901,26.95079,28.237902,27.45757,23.893814,25.547098,25.894804,19.64822,23.169243,21.510794,24.336082,27.42583,26.767702,29.876236,30.931353,34.69002,34.600796,31.539047,28.718935,31.06165,28.451622,26.562654,28.631805,29.01103,27.055923,25.251455,29.509363,31.28505,31.43317,29.256783,32.339764,29.607399,32.675438,30.572111,33.226467,28.579958,30.707685,31.501282,29.139168,25.987162,26.187122,23.439886,20.991423,21.455828,16.848228,18.8203,14.641771,17.765232,12.923635,9.624304,13.776727,11.103062,17.382187,15.515572,18.978334,20.942503,22.124083,25.16739,26.090742,26.784721,23.527073,21.151842,18.605482,14.315739,16.607067,10.380255,13.672793,12.154962,15.191291,15.511627,18.266945,15.354738,18.144892,14.758791,12.342157,11.301946,8.310103,14.4485,10.658233,15.662755,18.637432,17.54152,14.0666,16.058592,10.792792,11.498353,11.144089,11.125112
5,14.556948,12.204636,8.411006,6.0157466,5.3497543,0.0,6.134187,7.105727,10.702013,13.0697,17.29454,17.098915,16.33885,17.831043,15.760281,16.383936,18.081532,16.91835,22.120546,20.61202,24.911058,25.942057,30.15013,31.886728,31.684278,28.493628,29.877563,29.738739,22.900442,25.796408,23.626148,25.87066,27.730581,26.573801,29.598242,29.943708,34.017315,34.420326,31.658035,29.406567,31.816126,30.195433,28.0566,30.999897,32.067486,30.567204,29.121843,33.542942,35.108604,35.222122,32.72805,35.76338,32.835964,35.385418,33.0225,35.08949,30.153215,31.987572,32.065586,29.590153,26.602869,27.029985,25.172083,22.652561,24.425743,19.477913,21.903479,18.114323,22.009115,17.554012,14.086649,17.647362,14.032087,19.97531,16.239155,19.717129,20.670351,21.239157,23.896631,24.114317,24.89832,22.231342,19.09451,17.443914,13.639709,17.05025,11.94277,16.979002,16.37335,19.679852,20.536911,23.55288,20.529047,23.44974,20.019484,17.431255,16.581713,12.815964,18.428816,13.814735,18.488646,21.2007,19.018667,15.729987,15.622976,11.064748,9.576768,8.40833,6.657168
6,18.008484,14.700555,11.972379,9.004238,5.7770457,6.134187,0.0,6.8719006,7.612242,10.83768,14.822741,15.828073,15.882141,16.149797,14.63296,13.389337,15.543772,13.132602,18.672482,16.649527,20.674747,22.526478,25.963793,27.756361,27.365261,24.373905,24.90061,24.55024,17.518595,20.486057,17.857948,20.885359,22.628899,22.392773,25.007034,25.968279,29.934895,29.810637,27.182716,24.801928,26.56976,24.69542,22.275747,25.060867,26.266474,24.869036,23.500292,28.000538,29.371407,29.469418,26.865862,29.996649,27.28931,29.655642,27.038055,29.13056,24.18116,26.023697,26.39361,24.1248,20.962654,21.771997,19.607769,17.6237,19.574982,15.166129,18.19478,14.738268,18.912588,14.881754,10.070837,12.653268,8.6143265,14.135501,10.866687,13.98913,15.739242,16.540342,19.518887,20.493359,21.023941,17.7681,15.476166,12.883377,8.581549,11.362894,5.8388047,11.211354,11.401669,14.806518,16.570253,20.399323,17.81967,21.495335,18.706997,16.670773,14.410559,12.041013,15.906024,11.339117,16.165474,18.614235,17.053633,13.841776,14.925795,8.949814,10.093322,7.8212605,9.261634
7,21.38849,19.000628,14.945792,12.8695345,10.842335,7.105727,6.8719006,0.0,5.243404,6.0752873,10.689194,11.267148,12.056091,13.688589,13.704682,13.813054,17.524912,16.469,22.49452,21.654951,25.698702,27.858383,31.428288,33.609684,33.67106,30.984804,31.153118,30.412638,23.073624,25.292084,21.99884,24.450176,24.143465,23.592674,25.71152,25.682137,30.089617,30.539309,28.5872,27.133919,28.5996,28.140236,25.273254,29.017548,31.068327,30.195765,29.130735,33.682037,34.683506,34.597748,31.60965,34.43231,31.369678,33.01597,30.325617,31.549046,26.450052,27.945604,27.196274,24.613539,21.937262,22.691946,21.983063,19.819042,23.370327,18.686459,21.956947,19.154182,24.009232,20.511684,16.266851,18.276302,13.818197,18.320232,12.646574,15.6677065,15.406236,15.338091,17.581596,17.328627,18.320393,16.105755,13.023371,12.124993,9.110575,13.51796,10.760843,16.991043,17.95715,21.198954,23.319212,27.179264,24.660583,28.178524,25.12052,22.970993,21.11644,18.175686,22.203394,17.216635,21.610033,23.765522,21.222002,18.357729,17.151684,12.519254,11.121284,7.304392,6.690724
8,24.840975,21.838299,18.575272,15.4906435,13.04966,10.702013,7.612242,5.243404,0.0,4.5833774,7.256049,8.55749,9.807703,10.055072,10.804052,9.567608,14.04703,12.791245,18.93397,18.513649,22.233034,24.995657,28.121859,30.588247,31.04773,28.9503,28.56637,27.26678,19.794327,21.328789,17.775517,19.89453,18.956034,18.580418,20.49043,20.591278,24.977991,25.317007,23.474344,22.202806,23.463158,23.402609,20.51728,24.68415,27.14526,26.744589,26.229176,30.748455,31.628555,31.760618,28.764954,31.843115,29.311712,30.505894,27.192255,28.116781,22.833023,23.854025,23.113783,21.179981,18.283676,20.318007,19.729692,18.589893,22.595835,18.753853,22.50621,20.07355,24.840775,21.592413,16.495968,17.52455,13.043233,16.18639,10.750718,12.365294,12.675877,11.843257,14.071553,14.394961,14.402028,11.892006,8.410676,7.123461,4.7909846,9.041505,8.475311,14.758768,16.56714,19.93265,22.554293,26.869547,24.344315,28.505714,26.067299,24.001726,21.459385,18.804775,21.064201,16.129538,19.901516,21.52584,19.000729,16.613117,15.342603,10.814125,10.699629,6.4480343,8.757396
9,27.239029,24.645704,20.738062,18.546755,16.036646,13.0697,10.83768,6.0752873,4.5833774,0.0,5.493217,8.020539,10.903358,11.893455,14.042827,13.198196,18.166023,17.109589,23.21232,22.86661,26.405539,29.39862,32.242695,34.694828,34.955147,32.785454,31.96059,30.726336,23.376186,24.868229,20.796844,23.329058,21.017302,21.263105,22.318995,22.070873,26.622334,26.981464,25.868742,25.171957,25.603329,26.18783,22.774426,27.070139,29.912628,29.639038,28.990458,33.468174,33.972233,33.76706,30.48164,33.094215,30.140467,30.898827,27.88201,28.279697,23.168991,24.215738,22.721617,20.240898,17.928528,19.2751,19.69941,18.275948,23.15298,19.246445,23.011745,21.172388,26.323885,23.653173,19.060701,19.681322,15.177295,17.698769,11.104784,12.86329,11.383281,10.34117,11.995842,11.376215,12.42459,10.683524,8.039144,8.150626,7.102251,11.477802,11.816288,17.828142,19.928976,22.880856,25.809004,30.143764,28.042162,31.944012,29.306503,27.485027,24.984177,22.697008,25.413927,20.547485,24.453325,26.081831,23.553263,21.189783,19.62375,15.353561,14.664672,10.312863,11.221699
10,31.751934,28.952858,25.398123,22.513191,20.244877,17.29454,14.822741,10.689194,7.256049,5.493217,0.0,4.458692,8.500854,8.638745,12.479581,11.549066,17.022211,16.77721,22.437897,23.091135,26.219582,29.548075,32.154305,34.974705,35.905228,34.42895,33.297756,31.432322,24.161173,24.599192,20.5404,21.914932,18.148312,18.022444,18.5894,17.640505,22.2477,23.005539,22.38988,22.485136,22.791641,24.57384,21.355608,26.347082,29.755701,30.151339,30.219374,34.547653,34.92515,34.982674,31.744612,34.53175,32.151146,32.269264,28.633608,28.377626,23.228615,23.415113,21.449287,19.914675,17.770649,20.592257,21.619078,21.231876,26.491941,23.30444,27.273996,25.672821,30.680983,28.062159,23.025606,23.165941,18.83169,20.195597,14.181365,14.188433,12.706608,10.109191,10.559828,9.608323,8.924052,8.42169,4.0555067,6.7574096,8.806378,11.842537,14.548101,20.153809,22.699911,25.7655,28.858213,33.38859,31.074133,35.40984,33.15498,31.183212,28.467215,25.908493,27.400059,22.56968,25.636538,26.674498,23.817966,22.131613,19.663876,16.655403,15.975785,11.975,13.720686
11,31.581778,28.943913,25.49511,22.250914,20.679718,17.098915,15.828073,11.267148,8.55749,8.020539,4.458692,0.0,4.4159255,5.804403,9.83422,10.612268,15.708727,16.6115,21.985312,23.307981,26.636852,29.51984,32.704235,35.681664,37.089794,35.744377,35.205322,33.21257,25.848782,26.039705,22.591766,22.854223,19.692259,18.122618,19.470222,17.826181,22.349337,23.78918,22.792704,22.958754,24.305323,26.243793,23.661356,28.820364,32.065,32.494476,32.760967,37.110153,37.7858,38.105816,35.05626,38.119965,35.919437,36.25124,32.459198,32.34983,27.12322,27.133934,25.33696,24.159296,21.881407,24.941721,25.671938,25.184784,30.087833,26.604416,30.485088,28.409267,33.302273,30.14674,25.019123,25.796701,21.38633,23.491787,17.755562,17.998755,17.019762,14.4808445,14.862175,13.7235565,12.517876,12.472147,7.225088,9.859357,11.510311,14.517581,16.510876,22.394667,24.509998,27.952045,30.621313,34.981857,32.13109,36.51802,34.175068,31.790026,29.44567,26.043978,27.587454,22.553461,25.262571,26.210611,22.780832,21.322102,17.740843,15.958214,14.2060375,10.787141,12.053813
12,30.288734,27.674946,24.649864,20.909393,20.006516,16.33885,15.882141,12.056091,9.807703,10.903358,8.500854,4.4159255,0.0,3.9195585,6.4764643,9.109669,13.246289,15.132809,20.055548,21.858503,25.349897,27.69204,31.424463,34.466064,36.26878,35.03763,35.14144,33.095688,25.772072,25.832771,23.124147,22.45002,20.5179,17.68399,20.047285,18.238907,22.491508,24.321974,22.639713,22.495821,24.972578,26.596712,24.709831,29.791464,32.68038,33.032658,33.444267,37.774235,38.809223,39.421505,36.63748,40.028793,38.080196,38.767597,34.83067,35.08,29.76097,29.738182,28.399292,27.529581,24.937654,28.242165,28.391027,27.871462,32.194878,28.550077,32.310154,29.741531,34.347515,30.672487,25.463367,26.803009,22.488514,25.233696,20.108734,20.522148,20.349695,18.03375,18.75568,17.972591,16.41981,16.016968,10.439104,12.258392,13.274692,15.984914,17.15174,22.977701,24.598114,28.342424,30.52171,34.649036,31.298435,35.721523,33.42118,30.681393,28.67456,24.573761,25.94974,20.892332,23.144463,23.999773,20.146622,18.928045,14.484312,13.973743,11.446866,9.10559,10.303366
13,31.576542,28.56825,26.002554,21.858912,20.639875,17.831043,16.149797,13.688589,10.055072,11.893455,8.638745,5.804403,3.9195585,0.0,5.081492,6.204003,10.660507,12.56771,17.170036,19.30672,22.435062,25.093533,28.460873,31.629442,33.6688,32.835686,32.66539,30.318558,23.179384,22.722979,20.136335,18.94067,16.8253,13.773994,16.235674,14.544423,18.762276,20.522442,18.723406,18.637354,21.192902,23.004848,21.35356,26.550247,29.548048,30.176231,30.944551,35.138065,36.145866,36.934906,34.274868,37.815514,36.2867,36.80526,32.566444,32.752487,27.465141,27.133347,26.018703,25.71021,22.992243,26.993166,26.995,27.050484,31.27085,28.14569,32.015614,29.589962,33.996914,30.457945,24.96149,25.841158,21.772556,23.796097,19.377405,19.00559,19.424803,16.900959,17.618122,17.451069,15.1175785,14.464886,8.929689,10.462047,12.246487,13.909427,16.125704,21.36055,23.253592,26.93216,29.247864,33.503147,30.212734,34.91086,33.018387,30.399626,28.041677,24.272255,24.547365,19.777822,21.499342,21.951818,18.289011,17.493927,13.377043,13.071889,11.827353,9.7614,12.385521
14,28.336073,25.257864,23.346472,18.71899,18.107569,15.760281,14.63296,13.704682,10.804052,14.042827,12.479581,9.83422,6.4764643,5.081492,0.0,4.8776875,7.045607,9.791475,14.035643,16.233206,19.725183,21.634693,25.703157,28.772745,30.96834,30.038677,30.684063,28.516504,21.49008,21.30669,19.64686,17.960295,18.179375,14.322262,18.032295,16.958052,20.679451,22.334627,19.526058,18.476772,22.219963,22.913897,21.964235,26.642143,28.941605,29.203926,29.882717,34.052917,35.509064,36.542225,34.212276,38.043587,36.6809,37.795048,33.6255,34.4532,29.140766,29.09259,28.68722,28.377954,25.288197,29.104506,28.264906,28.099674,31.438845,28.134886,31.748219,28.788939,32.748978,28.70226,23.2708,24.80241,21.00066,23.858534,20.302593,20.422894,21.7515,19.843685,21.205647,21.471964,19.395264,17.972244,12.708249,12.862678,13.202766,14.614037,15.215222,20.128029,21.285604,25.201979,26.877527,30.783525,27.02873,31.672956,29.849508,26.938484,24.940554,20.590307,20.727333,16.002832,17.359163,17.894001,13.883254,13.127913,8.408919,9.26682,7.749136,7.4604764,10.436616
15,28.922455,25.420406,23.723696,19.099003,17.63624,16.383936,13.389337,13.813054,9.567608,13.198196,11.549066,10.612268,9.109669,6.204003,4.8776875,0.0,5.506964,6.386655,11.373911,13.126901,16.339417,19.06919,22.408998,25.502522,27.484695,26.715113,26.713001,24.371365,17.29801,16.931028,14.897658,13.610073,13.759145,10.743551,14.306208,14.148131,17.940472,18.897688,16.02666,14.634247,17.878218,18.300371,17.12282,21.81356,24.262463,24.66079,25.47783,29.614433,30.916206,31.950624,29.6101,33.467728,32.343384,33.307556,28.988604,29.832579,24.568853,24.454538,24.351143,24.31096,21.092714,25.287563,24.259777,24.592928,27.86486,25.14136,28.864725,26.241703,30.085117,26.444338,20.772528,21.55624,18.00848,19.939632,17.089619,16.499237,18.44582,16.632185,18.213718,19.2066,16.88186,14.829672,10.34643,9.469464,10.141922,10.363688,12.135344,16.397245,18.087646,21.792732,23.894651,28.093796,24.752258,29.643852,28.197052,25.695137,23.07092,19.675938,18.852821,14.442898,15.809071,16.14131,12.936189,12.18649,9.544804,8.477275,9.5616665,8.381064,12.545594
16,28.517492,24.886444,24.264719,19.170519,18.406229,18.081532,15.543772,17.524912,14.04703,18.166023,17.022211,15.708727,13.246289,10.660507,7.045607,5.506964,0.0,4.537224,7.0142403,9.834458,12.970989,14.791232,18.814604,21.96138,24.58277,24.217745,25.087337,22.659172,16.288418,15.552476,15.266054,12.374488,15.365892,11.176722,15.893081,16.152967,18.936726,19.920958,16.039698,13.737699,18.541143,17.964336,18.156942,22.102186,23.72413,24.001373,25.11036,28.941477,30.735636,32.22021,30.439701,34.637722,34.06593,35.44235,31.070982,32.402317,27.3556,27.20438,27.827585,28.212763,24.81577,29.111378,27.37449,27.838121,30.117947,27.62546,31.01835,28.029003,31.147997,27.144474,21.637976,22.807993,19.959103,22.136965,20.705473,20.1498,22.902853,21.461123,23.242844,24.532984,22.078543,19.8452,15.7558775,14.436067,14.410689,13.7860775,14.368835,17.247004,18.098799,21.831253,23.11739,26.821165,22.974485,27.909344,26.931065,24.197414,21.89417,18.121943,15.893184,12.230659,11.966469,11.684724,8.1046095,8.483858,5.9356556,7.675222,9.671303,10.849615,14.796026
17,26.958023,23.051764,22.564085,17.685856,16.218485,16.91835,13.132602,16.469,12.791245,17.109589,16.77721,16.6115,15.132809,12.56771,9.791475,6.386655,4.537224,0.0,6.1502676,6.773424,10.341433,12.925059,16.426373,19.354307,21.278545,20.560997,21.041058,18.795853,12.016053,11.947154,11.334528,9.924775,13.868525,11.418472,15.585364,16.884565,19.748743,19.85955,16.047512,13.079435,17.020706,15.345505,15.108356,18.592405,19.991596,19.944952,20.769344,24.741337,26.515171,27.888964,26.07738,30.270618,29.666878,31.238932,27.01173,28.681303,23.70524,23.902052,24.960835,25.159248,21.627775,25.651033,23.466463,24.00482,25.881393,23.688026,27.007198,24.159565,27.096853,23.349653,17.783878,18.56542,16.04079,17.904062,17.315552,16.708263,20.061441,19.168602,21.37091,23.165712,21.079613,18.176908,15.0567465,12.682745,11.927035,10.51478,10.758298,12.821642,13.831142,17.449589,18.992887,22.931068,19.455246,24.513298,23.693302,21.345894,18.537914,15.700383,13.139773,9.617907,10.101605,10.227881,8.072289,7.5020685,8.2559805,6.524515,10.462492,10.838949,15.164202
18,30.138334,26.181107,26.720568,21.707508,20.769258,22.120546,18.672482,22.49452,18.93397,23.21232,22.437897,21.985312,20.055548,17.170036,14.035643,11.373911,7.0142403,6.1502676,0.0,4.789948,6.390968,8.25036,11.904575,15.15404,18.311924,18.786928,19.819464,17.099878,12.206785,10.661276,12.597002,8.508436,15.009937,11.745418,16.37007,18.04682,19.59098,19.603989,15.047328,11.358804,16.66633,14.247398,15.9274025,18.449442,19.018772,19.274902,20.893656,24.129148,26.278046,28.252718,27.186989,31.643383,31.972408,33.58328,29.185345,31.026108,26.534464,26.322079,27.999157,29.007086,25.529984,29.984024,27.453455,28.522936,29.617228,28.123293,31.122889,28.311384,30.415627,26.743872,21.57608,22.160904,20.606676,21.779215,22.59523,21.461903,25.261333,24.359774,26.38177,28.431835,25.880411,23.138605,20.348644,18.133564,17.814953,15.579903,16.069292,16.229479,16.662582,19.717047,20.496864,23.769438,20.151756,25.163284,25.249874,22.98421,20.418793,17.91001,12.930097,11.58298,9.060975,7.245093,6.3728175,8.341413,10.12402,11.16371,14.927868,16.421926,20.476635
19,27.39439,23.28451,24.181332,19.509779,18.227966,20.61202,16.649527,21.654951,18.513649,22.86661,23.091135,23.307981,21.858503,19.30672,16.233206,13.126901,9.834458,6.773424,4.789948,0.0,4.38734,6.5684295,10.093151,12.753496,14.799013,14.501082,15.706484,13.524736,8.336125,8.394214,10.601783,9.0063925,16.274826,14.671414,18.646,20.93457,22.74058,22.111536,17.831789,13.801053,17.899809,14.103041,15.2715845,16.777773,16.59593,16.046318,17.04707,20.448437,22.807133,24.668129,23.698973,28.147926,28.353258,30.456934,26.449148,28.867105,24.542168,24.91243,27.061163,27.636806,24.075037,27.84145,24.708723,25.574886,25.877644,24.564053,27.249348,24.417011,26.07574,22.52275,17.622387,18.138592,17.225517,18.47895,20.322779,19.567282,23.807232,23.604427,26.058146,28.39345,26.41611,23.137033,21.03889,18.099213,16.818142,14.37207,13.635078,12.459842,12.384945,15.207286,15.773321,19.03217,15.611809,20.679106,20.95376,19.033287,16.16681,14.613205,9.086722,8.581523,6.5518775,5.5876985,6.98891,7.492355,11.782998,10.596055,15.255302,16.483957,20.443752
20,31.10409,26.977886,28.187788,23.6643,22.300627,24.911058,20.674747,25.698702,22.233034,26.405539,26.219582,26.636852,25.349897,22.435062,19.725183,16.339417,12.970989,10.341433,6.390968,4.38734,0.0,4.7425704,6.098222,9.206763,12.117689,13.184374,13.916038,11.0717535,8.159589,6.4873943,10.563201,7.850986,16.13817,15.006484,18.55406,21.3396,22.315254,21.242895,16.906942,12.603352,16.584389,12.050089,14.423342,14.936369,14.1391,13.999133,15.814451,18.48948,20.925941,23.200739,22.766096,27.296606,28.299244,30.193762,26.056065,28.46886,24.651184,24.673777,27.27948,28.490055,25.078568,29.18272,25.956907,27.424099,27.357452,26.855501,29.379559,26.93945,28.099937,25.053997,20.48454,20.300377,20.068388,20.176884,22.976618,21.561209,26.034073,25.813292,28.085537,30.70726,28.442312,25.23132,23.701674,20.77361,20.006311,16.845087,17.03027,14.678901,14.791515,16.763845,17.23619,20.118876,17.280716,22.138756,23.170187,21.703236,18.76474,18.116232,11.591709,12.530182,9.650812,7.650011,10.160967,11.503008,15.5324,14.943277,19.528244,20.67292,24.738564
21,30.2264,26.265356,28.237421,23.720156,23.043901,25.942057,22.526478,27.858383,24.995657,29.39862,29.548075,29.51984,27.69204,25.093533,21.634693,19.06919,14.791232,12.925059,8.25036,6.5684295,4.7425704,0.0,5.7659483,8.021677,11.504255,12.615931,15.155922,13.110404,11.609553,10.916161,15.096841,12.420677,20.66353,18.790752,22.749239,25.200249,26.022282,25.27994,20.73811,16.516525,21.029629,16.557022,19.146112,19.249538,17.740923,17.109201,18.53838,20.780003,23.61959,26.011312,25.99346,30.479803,31.51511,33.8471,30.02585,32.741932,29.036386,29.250578,31.933622,32.964127,29.505453,33.26878,29.781565,30.86841,30.2255,29.470362,31.636848,28.817192,29.457575,26.050869,22.00329,22.543814,22.577566,23.526682,26.38463,25.521673,29.981577,29.891916,32.290855,34.761494,32.605686,29.391312,27.414589,24.55621,23.357605,20.71478,19.800758,17.49276,16.623852,18.527842,17.903362,19.844563,16.506067,20.938955,22.279957,20.609024,18.403357,17.418798,10.209066,12.501298,8.188222,5.54849,9.334761,11.206695,15.751289,16.125345,20.388523,22.386406,26.03885
22,34.4773,30.43365,32.375137,28.160137,26.95079,30.15013,25.963793,31.428288,28.121859,32.242695,32.154305,32.704235,31.424463,28.460873,25.703157,22.408998,18.814604,16.426373,11.904575,10.093151,6.098222,5.7659483,0.0,3.5719354,8.073815,11.12024,12.210755,9.529887,11.134185,9.407986,14.479441,12.129121,20.355095,19.765821,22.774258,25.888882,26.040846,24.553106,20.39719,16.18539,19.554838,14.295656,17.597687,16.271942,13.916142,13.630698,15.822613,17.059963,19.830004,22.576065,23.15292,27.563818,29.463474,31.505697,27.701674,30.425499,27.445932,27.41843,30.628819,32.208588,29.00169,32.89941,29.315882,31.07548,30.031683,30.317257,32.313663,30.135883,30.317022,27.755205,24.01876,23.506382,24.275166,23.76552,27.727953,26.162344,30.854616,30.910067,33.16855,36.02548,33.761326,30.508463,29.472618,26.443525,25.631983,22.19514,22.21879,18.638618,18.25515,19.142881,18.843355,20.631388,18.493639,22.629639,24.676975,23.786129,21.141611,21.547094,14.237795,16.94975,13.403626,11.150122,14.784911,16.419714,20.882696,20.606604,25.18711,26.573383,30.504242
23,34.879993,30.927498,33.283833,29.39888,28.237902,31.886728,27.756361,33.609684,30.588247,34.694828,34.974705,35.681664,34.466064,31.629442,28.772745,25.502522,21.96138,19.354307,15.15404,12.753496,9.206763,8.021677,3.5719354,0.0,5.2649503,9.134663,10.811732,9.022236,12.570794,11.722307,16.69521,15.29987,23.399866,23.21096,26.030571,29.281878,29.401104,27.725487,23.72046,19.541328,22.432013,16.828945,19.958063,17.776726,14.588007,13.716876,15.512234,16.034077,19.05019,21.865946,22.956173,27.191528,29.333872,31.685032,28.30769,31.373821,28.802824,29.029373,32.53166,33.985455,30.85399,34.308422,30.416618,32.098984,30.345266,30.948551,32.534676,30.452362,29.998968,27.713015,24.606842,24.036488,25.411692,24.82943,29.413666,28.042498,32.84268,33.22146,35.61038,38.56736,36.529457,33.12381,32.34542,29.129335,27.99185,24.577866,24.085989,19.850836,19.029003,19.287508,18.438515,19.482815,17.858747,21.417334,23.991173,23.521425,21.081398,22.239601,14.911089,18.470915,15.043739,13.144508,17.242506,18.610647,23.561571,22.974957,27.621964,29.068483,32.84004
24,33.499706,29.629095,32.147152,28.898323,27.45757,31.684278,27.365261,33.67106,31.04773,34.955147,35.905228,37.089794,36.26878,33.6688,30.96834,27.484695,24.58277,21.278545,18.311924,14.799013,12.117689,11.504255,8.073815,5.2649503,0.0,4.8419147,6.6522193,6.8232446,12.079303,12.865996,17.101469,17.733591,25.386833,26.139826,28.576746,32.0742,32.590588,30.582664,26.899984,22.723642,24.648174,18.590586,20.828144,17.761173,13.822041,11.771461,12.444619,12.49208,15.791367,18.3984,19.84673,23.809376,25.914114,28.763338,26.071468,29.659994,27.522902,28.321547,32.119,33.113922,30.103527,32.702873,28.40362,29.886917,27.219744,28.272846,29.32264,27.517557,26.346031,24.641552,22.374355,21.475512,23.70067,22.869425,28.292345,27.25361,32.120697,33.073513,35.68729,38.77912,37.263756,33.578014,33.371326,29.814768,28.13989,24.793354,23.617462,18.429928,17.220856,16.460604,15.236745,15.664157,15.183633,18.108028,21.13022,21.437698,18.89659,21.44098,14.819109,18.847834,16.50135,15.521595,19.80652,20.336922,25.903036,24.15798,28.974749,30.067457,33.638317
25,29.335163,25.545353,28.169363,25.377962,23.893814,28.493628,24.373905,30.984804,28.9503,32.785454,34.42895,35.744377,35.03763,32.835686,30.038677,26.715113,24.217745,20.560997,18.786928,14.501082,13.184374,12.615931,11.12024,9.134663,4.8419147,0.0,5.792931,7.9032273,11.221811,13.730142,16.982082,18.913305,26.274567,27.14954,29.72396,33.089985,34.244442,32.354557,28.693378,24.481758,26.310604,20.312393,21.579765,18.881903,15.261381,12.3551035,11.506916,12.496954,15.850313,17.851963,18.87294,22.697803,23.970116,27.416388,25.193207,29.136301,26.766157,28.155725,31.808498,32.089348,29.006441,30.84631,26.279186,27.14111,23.994816,24.694853,25.429907,23.401731,21.931435,20.122713,18.37333,17.821058,20.394556,20.269972,25.743906,25.409378,30.191114,31.535496,34.409172,37.38631,36.364784,32.481888,32.265236,28.529144,26.203262,23.346891,21.077452,15.698815,13.787259,12.66577,10.757075,10.825447,10.650008,13.431432,16.453226,17.079052,14.526407,17.847504,12.163477,16.36702,15.065186,15.04077,19.211008,18.93695,24.886486,22.298328,27.040653,28.012653,31.23333
26,32.52865,28.622847,30.449417,27.748537,25.547098,29.877563,24.90061,31.153118,28.56637,31.96059,33.297756,35.205322,35.14144,32.66539,30.684063,26.713001,25.087337,21.041058,19.819464,15.706484,13.916038,15.155922,12.210755,10.811732,6.6522193,5.792931,0.0,4.0543957,9.526787,11.712632,14.296175,17.36828,23.695473,25.81217,27.464243,31.206625,32.22363,29.811152,26.75702,22.846985,23.313765,17.204931,18.047684,14.381052,10.389589,7.1040525,6.1994486,6.79089,10.124935,12.297352,13.479964,17.39964,19.284706,22.31338,20.001911,23.92187,22.095476,23.415148,27.367243,27.935762,25.142872,27.031437,22.552904,24.14193,21.108595,22.857323,23.769806,22.627062,21.438053,20.652737,18.63406,16.645712,19.487062,17.577816,23.777306,22.690058,27.489368,28.927986,31.608799,34.85729,33.847675,29.997877,30.701618,26.910925,25.055319,21.602577,20.555109,14.518297,13.863094,11.99408,11.869323,13.187419,14.163851,17.123962,19.715488,20.671312,17.373592,21.030521,15.865005,18.892656,18.251892,18.06717,21.769527,21.431452,26.93572,23.761257,28.691317,28.86435,32.41493
27,33.93682,29.871769,31.362368,28.12906,25.894804,29.738739,24.55024,30.412638,27.26678,30.726336,31.432322,33.21257,33.095688,30.318558,28.516504,24.371365,22.659172,18.795853,17.099878,13.524736,11.0717535,13.110404,9.529887,9.022236,6.8232446,7.9032273,4.0543957,0.0,7.5047255,8.250272,11.5261755,13.784617,20.262148,22.31417,23.89106,27.69148,28.445206,26.009459,22.920969,19.031471,19.572018,13.403153,14.823894,11.298359,7.4174194,5.084078,6.5518303,7.7090898,10.601692,13.180046,13.953973,18.250732,20.371284,22.685297,19.533066,22.937449,20.781677,21.524965,25.399534,26.515001,23.64119,26.437164,22.35464,24.403755,22.380753,23.94346,25.466799,24.268759,23.885214,22.738323,19.783556,17.73843,19.801273,17.569572,23.255274,21.560907,26.40653,27.375874,29.839842,33.11621,31.658255,27.983658,28.560865,24.945988,23.67124,19.83996,19.814194,14.281023,14.378029,13.430242,14.045556,16.188044,16.224342,19.920933,22.139389,22.51333,19.032307,21.726086,15.95127,18.4189,17.30239,16.590714,20.04193,20.133097,25.182322,22.476887,27.451342,27.5908,31.462885
28,29.275034,25.096628,25.732029,22.125765,19.64822,22.900442,17.518595,23.073624,19.794327,23.376186,24.161173,25.848782,25.772072,23.179384,21.49008,17.29801,16.288418,12.016053,12.206785,8.336125,8.159589,11.609553,11.134185,12.570794,12.079303,11.221811,9.526787,7.5047255,0.0,4.76311,5.9515595,9.551692,15.635082,17.242176,19.337807,22.690952,24.452211,22.575338,19.315926,15.46781,16.619928,11.366432,11.309314,10.733905,9.865367,8.464702,8.926416,12.781161,14.827549,16.437437,15.374142,19.82876,20.304554,22.486391,18.73276,21.697174,18.000399,18.913792,21.925789,22.409689,19.052576,22.196033,18.437933,19.96265,19.408012,19.561682,21.972652,20.162043,21.292084,19.168207,14.790545,13.253171,13.858728,12.648002,16.945213,15.538,20.36615,21.072107,23.71654,26.729946,25.33421,21.566689,21.534948,17.865105,16.366436,12.755572,12.632311,8.048924,9.01635,9.966602,11.846017,15.686066,14.365257,19.128683,19.943768,19.44116,15.5804205,16.961905,12.293113,12.7564335,12.903606,12.856616,15.077651,14.48525,19.006584,15.573028,20.497335,20.243225,24.197292
29,33.16436,28.964327,29.487053,25.455734,23.169243,25.796408,20.486057,25.292084,21.328789,24.868229,24.599192,26.039705,25.832771,22.722979,21.30669,16.931028,15.552476,11.947154,10.661276,8.394214,6.4873943,10.916161,9.407986,11.722307,12.865996,13.730142,11.712632,8.250272,4.76311,0.0,5.1401753,5.677873,12.63849,14.117109,16.07048,19.65467,20.745422,18.727657,15.319134,11.354513,12.760669,7.2240973,8.765978,8.596835,8.435079,8.858361,11.168861,14.138059,15.890145,17.952553,17.12733,21.61924,22.814636,24.18933,19.817104,22.078497,18.49364,18.45019,21.408203,22.862873,19.63814,23.87247,20.739565,22.920767,23.09755,23.498072,26.17228,24.574919,25.934692,23.867153,19.266624,17.65735,17.751825,15.955664,19.568415,17.26656,21.90018,21.908817,24.080658,27.130611,25.01681,21.645617,21.513391,18.279667,17.916037,13.832118,15.488785,12.087845,13.546385,14.699189,16.519073,20.109306,18.555685,23.360407,24.351294,23.5889,19.910975,20.536886,15.118621,15.405568,14.412041,13.358846,15.282192,15.65159,19.316803,17.092884,21.848234,21.705057,25.98573
30,32.545486,28.417627,28.074533,24.326616,21.510794,23.626148,17.857948,21.99884,17.775517,20.796844,20.5404,22.591766,23.124147,20.136335,19.64686,14.897658,15.266054,11.334528,12.597002,10.601783,10.563201,15.096841,14.479441,16.69521,17.101469,16.982082,14.296175,11.5261755,5.9515595,5.1401753,0.0,6.702195,10.100721,13.005892,14.088171,17.625038,19.547415,17.449387,14.856117,11.718897,11.522037,7.4535913,5.7933006,7.652013,9.616912,10.137562,11.574858,15.316614,16.271961,17.564655,15.691488,19.915287,20.283213,21.237427,16.637455,18.495811,14.245491,14.370089,16.905113,17.982164,14.647775,19.052505,16.316772,18.619244,19.83072,20.072111,23.190304,21.939323,24.124859,22.342093,17.395298,15.261738,14.664533,12.148834,15.083261,12.312552,16.860281,16.8677,19.05632,22.19656,20.319166,16.803114,17.315222,13.926586,13.800678,9.379201,12.307991,9.671905,12.408735,13.766126,16.708363,20.99313,19.741768,24.559101,24.850065,24.126545,20.18063,20.769209,16.971699,15.895433,16.424156,16.108316,17.010431,16.598675,19.483665,16.179039,20.635674,19.494965,23.756224
31,35.069927,30.931461,30.90134,26.420748,24.336082,25.87066,20.885359,24.450176,19.89453,23.329058,21.914932,22.854223,22.45002,18.94067,17.960295,13.610073,12.374488,9.924775,8.508436,9.0063925,7.850986,12.420677,12.129121,15.29987,17.733591,18.913305,17.36828,13.784617,9.551692,5.677873,6.702195,0.0,8.376074,8.575352,11.033737,14.351041,15.373777,13.8393545,9.9884815,5.9446335,8.963605,5.83058,7.8744326,10.659878,12.424436,13.918853,16.46473,19.41178,20.745882,22.672476,21.436728,25.75132,26.702536,27.38806,22.53956,23.827414,19.76665,18.91048,20.95055,22.873266,19.70134,24.895863,22.711262,24.967909,26.44757,26.269342,29.459211,27.741753,29.91442,27.46503,22.271484,21.054874,19.989666,18.576702,20.381552,17.674206,21.68662,20.74265,22.396252,25.124271,22.28701,19.501753,18.638582,16.148027,16.971806,13.066429,16.242037,14.985972,16.942997,18.967674,21.032183,24.886889,22.68621,27.73065,28.218195,26.868784,23.378714,22.679493,17.709148,16.722153,15.530646,14.0814905,14.500821,15.424492,17.319826,16.239325,20.365772,20.135386,24.6034
32,39.293957,35.332657,34.136116,29.958061,27.42583,27.730581,22.628899,24.143465,18.956034,21.017302,18.148312,19.692259,20.5179,16.8253,18.179375,13.759145,15.365892,13.868525,15.009937,16.274826,16.13817,20.66353,20.355095,23.399866,25.386833,26.274567,23.695473,20.262148,15.635082,12.63849,10.100721,8.376074,0.0,6.1924186,4.214196,8.117645,9.904134,7.897619,6.7360954,6.7807503,4.6728263,8.110894,6.7786384,12.195391,16.214588,18.488535,20.854671,23.860468,24.1001,25.338766,23.25599,26.860037,27.343313,26.699366,21.5226,21.185368,16.963451,15.029158,15.536863,18.129847,15.589032,21.746485,21.24367,23.991629,27.246317,27.13394,30.823751,29.82388,32.96297,31.05397,25.659159,23.846497,21.912184,19.495466,19.448816,15.703265,18.318956,16.327522,16.861969,19.435371,15.906442,14.10185,14.245211,12.949567,15.832663,12.184067,17.92708,18.337929,21.41228,23.411806,26.47192,30.859915,29.06113,34.077312,33.974003,32.66311,28.977293,28.10107,24.633202,22.388166,22.42137,21.455671,20.677132,21.09234,21.162739,19.71514,22.751898,21.156075,25.459372
33,38.162254,34.29693,33.28878,28.612236,26.767702,26.573801,22.392773,23.592674,18.580418,21.263105,18.022444,18.122618,17.68399,13.773994,14.322262,10.743551,11.176722,11.418472,11.745418,14.671414,15.006484,18.790752,19.765821,23.21096,26.139826,27.14954,25.81217,22.31417,17.242176,14.117109,13.005892,8.575352,6.1924186,0.0,5.0746784,6.4177823,8.373608,8.750368,5.289082,5.20589,8.718624,11.395966,11.837066,16.785881,19.938963,21.872389,24.250769,27.407808,28.270546,29.8304,27.99465,31.92827,32.288982,32.189705,27.103775,27.14869,22.675426,21.067791,21.387468,23.489477,20.717936,26.582592,25.86083,27.944506,31.080898,30.131533,33.8585,32.125576,35.339706,32.600628,26.958233,26.163464,23.776155,22.900938,22.126642,19.278042,21.787537,19.506327,20.140995,22.015623,18.25813,16.840294,14.791241,14.139212,16.807453,14.122323,18.774696,20.204472,22.621382,25.350657,27.78441,31.970837,29.294168,34.44661,34.17886,32.26758,29.040663,26.991205,23.405275,20.838852,20.178968,18.898802,17.2262,18.245686,17.09235,17.35638,19.782976,19.035599,23.277847
34,41.714283,37.843487,36.497925,32.129723,29.876236,29.598242,25.007034,25.71152,20.49043,22.318995,18.5894,19.470222,20.047285,16.235674,18.032295,14.306208,15.893081,15.585364,16.37007,18.646,18.55406,22.749239,22.774258,26.030571,28.576746,29.72396,27.464243,23.89106,19.337807,16.07048,14.088171,11.033737,4.214196,5.0746784,0.0,4.2312026,5.833314,4.8543196,4.6120996,7.11107,6.250454,11.283465,10.849551,16.019554,19.957287,22.407713,24.941721,27.82968,28.093885,29.413275,27.39111,30.923878,31.42489,30.56429,25.377146,24.627695,20.546803,18.291124,18.124735,20.89298,18.676624,24.922098,24.90956,27.534592,31.156404,30.767075,34.564064,33.44038,36.786964,34.64687,29.117596,27.623169,25.35064,23.361443,22.555187,18.976086,20.954166,18.415205,18.380379,20.395348,16.349274,15.503583,14.88915,14.653725,18.114283,15.149215,20.881458,22.03246,24.982512,27.260199,30.184746,34.543087,32.41772,37.509045,37.295,35.709972,32.204605,30.736658,27.31342,24.806128,24.538967,23.357655,22.015669,22.780151,21.818775,21.36076,23.750484,22.297121,26.444231
35,42.7119,39.013744,37.356182,32.932114,30.931353,29.943708,25.968279,25.682137,20.591278,22.070873,17.640505,17.826181,18.238907,14.544423,16.958052,14.148131,16.152967,16.884565,18.04682,20.93457,21.3396,25.200249,25.888882,29.281878,32.0742,33.089985,31.206625,27.69148,22.690952,19.65467,17.625038,14.351041,8.117645,6.4177823,4.2312026,0.0,4.6094575,6.4314523,6.970464,10.082571,10.378138,15.404869,14.887933,20.19389,24.108883,26.433565,28.817862,31.878368,32.199142,33.447384,31.283474,34.754173,34.93873,34.0354,28.926216,27.94692,23.72336,21.504938,20.644583,23.089033,21.04777,27.1452,27.579296,29.861147,33.947693,33.065456,36.99425,35.69929,39.387646,36.978123,31.33077,30.2359,27.484974,26.111307,24.291954,21.072853,22.356548,19.362095,18.903908,20.221205,15.915305,15.94352,14.401963,15.228227,19.075785,16.995031,22.577776,24.707737,27.574406,30.197666,33.06867,37.472107,35.02367,40.145874,39.624428,37.749886,34.45398,32.357624,29.448387,26.445051,26.284506,25.181993,23.148865,23.939478,21.873127,22.072027,23.62294,22.138556,25.959532
36,46.29245,42.49314,41.18326,36.611378,34.69002,34.017315,29.934895,30.089617,24.977991,26.622334,22.2477,22.349337,22.491508,18.762276,20.679451,17.940472,18.936726,19.748743,19.59098,22.74058,22.315254,26.022282,26.040846,29.401104,32.590588,34.244442,32.22363,28.445206,24.452211,20.745422,19.547415,15.373777,9.904134,8.373608,5.833314,4.6094575,0.0,3.914535,5.714392,9.930487,10.032691,15.554297,16.126812,20.776253,24.504524,27.249424,30.121292,32.673645,32.9492,34.456146,32.66716,36.1462,36.938103,35.818893,30.60024,29.485588,25.791862,23.16261,22.667841,25.791393,23.951345,30.24766,30.562204,33.228554,36.973816,36.54288,40.367638,39.171204,42.538353,40.24015,34.64935,33.354874,30.993496,29.191858,28.131533,24.630342,26.211016,23.35616,22.818775,24.312548,19.968792,20.052956,18.951874,19.546013,23.24491,20.705162,26.256382,27.65029,30.424305,32.81648,35.532536,39.75921,37.380802,42.51442,42.37622,40.58261,37.25933,35.349785,31.651566,29.212069,28.367344,26.815487,25.169773,26.463272,24.676455,25.432264,27.258488,26.181604,30.103159
