,0,1,2,3,4,5,6,7,8,9,10,11,12,13,14,15,16,17,18,19,20,21,22,23,24,25,26,27,28,29,30,31,32,33,34,35,36,37,38,39,40,41,42,43,44,45,46,47,48,49,50,51,52,53,54,55,56,57,58,59,60,61,62,63,64,65,66,67,68,69,70,71,72,73,74,75,76,77,78,79,80,81,82,83,84,85,86,87,88,89,90,91,92,93,94,95,96,97,98,99,100,101,102,103,104,105,106,107,108
0,0.0,4.209366,6.658909,9.839729,12.745479,14.79438,18.399044,21.583683,24.901184,28.059816,29.778599,32.03365,28.554655,26.709791,22.367353,22.545813,17.099928,19.185822,14.483138,17.312893,16.58146,12.393662,17.292538,19.891853,20.766195,18.971302,24.68699,26.53027,22.919548,27.269659,25.542334,31.075808,33.588295,36.06362,37.899338,39.979565,43.612545,42.52257,40.12883,36.95389,37.34081,34.37459,31.446325,31.792591,27.477627,27.040993,23.064053,23.568014,21.781464,18.81366,17.611639,13.948366,11.24418,12.720345,17.83085,21.012987,24.142654,25.835585,30.051338,31.153955,28.176125,34.077545,34.306343,34.61476,39.44439,36.15309,39.66778,37.361,39.46313,35.093502,31.00817,30.668879,30.273954,27.425055,30.31979,26.037867,29.068882,30.994358,31.793747,35.34529,34.002525,30.796991,34.09741,30.553692,30.191141,26.076488,28.198545,22.995756,25.815887,24.971928,26.982887,27.395847,30.471214,34.956097,35.558372,34.0391,39.727535,36.055653,43.047188,39.364204,43.963314,47.254734,46.22557,42.68918,45.47523,39.141464,41.72729,39.264954,41.00566
1,4.209366,0.0,5.074054,7.2405043,9.459666,12.705518,15.197158,19.227922,22.109861,25.332209,27.438482,29.828382,26.68647,24.829754,20.314774,20.07461,14.57561,15.95341,11.428407,13.577688,13.1315155,8.992622,14.129826,16.06576,17.0579,14.927928,20.604797,22.34799,18.795471,23.205772,21.677826,27.249098,30.123816,32.717693,34.48254,36.807293,40.25791,38.980316,36.562912,33.274147,33.573605,30.385775,27.531418,27.66472,23.471191,22.872658,18.914717,19.531683,17.903774,14.997286,13.643877,10.326638,7.3181663,9.908307,14.528148,18.2121,20.73193,22.580324,26.967972,27.740444,24.556252,30.305357,30.394447,30.537594,35.370647,31.97268,35.485863,33.180466,35.37118,31.007248,26.948317,26.867678,26.582367,24.157404,27.217552,23.101772,26.505686,28.366291,29.47482,33.04706,31.775587,28.31613,31.231026,27.530127,26.907024,22.786154,24.562862,19.213991,21.862701,21.087435,23.004957,23.712936,26.75135,31.204716,31.961761,30.568796,36.13362,32.619484,39.61765,35.918583,40.624237,43.89961,42.973644,39.452206,42.246895,35.914257,38.736565,36.227173,38.252575
2,6.658909,5.074054,0.0,5.2460628,7.0911756,8.549519,12.385259,15.028981,18.602068,21.503397,23.563858,25.606096,22.164001,20.553598,15.959239,16.540361,11.214006,13.759313,10.584703,13.628127,14.542317,11.629449,17.109283,17.987932,20.037651,17.107647,22.364248,23.408407,18.47518,22.722963,20.174847,26.01661,27.523094,30.372293,31.842813,33.84971,37.609417,36.53002,34.455288,31.631908,31.59335,29.281713,25.954454,27.047007,22.204296,22.88998,19.079842,20.225227,19.224638,15.785446,13.554735,10.312274,6.8153334,7.0056725,11.988383,14.775187,18.123953,20.07673,23.94053,25.517818,22.76084,28.854242,28.87207,29.714258,34.272755,31.642355,35.208595,33.33211,35.58104,31.728909,27.31971,27.51432,26.39089,24.7001,26.534586,22.159811,25.059608,26.386963,27.059835,30.538298,28.730024,25.499512,28.328636,24.88909,25.042513,20.636763,23.676426,19.2542,22.471521,22.515495,24.741766,25.980986,29.196102,33.709515,34.235157,32.80446,37.77561,33.842907,40.57853,36.30674,41.066742,44.23477,42.818047,39.24604,41.32422,34.93487,37.267723,34.36513,36.013252
3,9.839729,7.2405043,5.2460628,0.0,3.9755783,6.422492,9.037355,13.171663,15.520578,19.208443,20.563923,23.305983,20.435923,18.112917,13.994554,13.078213,7.591389,9.454814,5.434664,9.207752,10.268557,8.651084,13.880667,14.47353,17.862263,15.373527,20.382118,20.811737,15.348032,19.117105,16.753056,21.977156,24.19626,26.3122,28.376604,30.323284,33.95242,33.0777,30.548357,27.512398,28.236536,25.707457,22.82789,23.959316,19.679663,20.89811,17.4398,19.323431,18.91424,15.968715,13.122305,11.414077,6.509893,8.838929,12.036853,15.113766,17.340578,20.09453,23.726181,25.220098,22.200912,27.944443,27.091599,27.712765,31.645527,28.827286,32.15487,30.03225,31.752932,28.019266,23.445053,23.08195,21.706875,19.722364,21.396353,16.987585,19.957865,21.507462,22.401237,25.94827,24.551567,21.1543,24.293997,20.719738,20.471727,16.31836,19.058737,14.769565,18.381813,18.655518,21.425327,22.42875,25.975954,30.77343,30.493153,28.836086,33.477688,29.169006,35.781277,31.385796,36.076263,39.236454,37.729294,34.14911,36.313,29.929993,32.3012,29.599874,31.342514
4,12.745479,9.459666,7.0911756,3.9755783,0.0,5.35014,5.739367,10.630781,12.756331,16.179497,18.386902,20.953556,18.383448,16.421383,11.971625,11.091502,5.898848,6.916034,5.49215,7.6511054,10.2183,9.623612,14.368725,13.438867,16.94047,13.699304,18.099348,18.12994,12.128825,15.992187,13.257595,18.94466,20.845861,23.524837,25.161783,27.373505,30.919207,29.781347,27.50125,24.561073,24.752562,22.363451,19.201189,20.511328,15.901204,17.494694,14.1764555,16.33567,16.409943,13.427533,10.126726,9.307737,4.848124,6.7976627,8.510131,11.737623,13.451567,16.346317,19.973217,21.352465,18.325563,24.037945,23.165308,23.942263,27.921509,25.3677,28.782204,26.943281,28.972939,25.479343,20.866552,21.2205,19.673874,18.889772,20.207418,16.061306,19.2787,20.355543,21.450981,24.907187,23.268127,19.66825,22.00561,18.338602,18.180475,13.7568,16.72718,12.79714,16.262417,17.05133,19.583439,21.293806,24.637003,29.194082,29.281757,27.887465,32.138035,28.065266,34.523277,29.961166,34.79585,37.868423,36.349705,32.799686,34.639603,28.265884,30.745016,27.749197,29.71409
5,14.79438,12.705518,8.549519,6.422492,5.35014,0.0,6.0814133,7.1095977,10.482252,13.650934,15.041755,17.294207,14.123805,12.135697,7.7233477,8.166206,3.5531583,7.7467117,8.338877,11.670727,14.444633,14.305438,19.044645,18.207994,22.186396,18.936472,22.977863,22.525963,15.753619,18.876423,15.119457,20.42853,20.387688,22.945438,24.439178,25.946423,29.963444,29.328466,27.384466,25.12974,25.23666,24.1025,20.630318,23.129131,18.185095,21.180017,18.27333,20.6655,21.062124,17.860188,14.393667,13.387062,9.574789,8.759503,10.305947,11.462707,14.29672,17.213951,19.77856,22.322096,20.026024,25.87162,24.846432,26.408707,29.79161,28.156343,31.444618,30.02101,31.83358,28.959875,24.172989,24.394423,21.948517,21.46498,21.225601,16.848246,18.915539,19.379572,19.63944,22.92661,20.633715,17.565914,20.239464,17.132572,18.19385,13.743302,18.401354,16.019575,19.928694,21.297201,24.108965,25.840624,29.316004,33.91203,33.54281,31.996986,35.69676,31.130608,37.15875,32.12873,36.79779,39.71776,37.613037,34.06417,35.110126,28.809307,30.47005,27.162245,28.403486
6,18.399044,15.197158,12.385259,9.037355,5.739367,6.0814133,0.0,6.7847733,7.2815633,10.923552,13.27209,15.988545,14.191749,12.24025,8.33451,6.4927616,3.947849,3.103939,7.5265727,8.241305,12.195492,13.618974,17.177011,14.736633,19.143074,15.771765,18.69289,17.494194,10.273948,12.934658,9.045817,14.498189,15.2701435,18.052923,19.52941,21.650976,25.267033,24.24202,22.109127,19.539225,19.597893,18.052359,14.690127,17.125635,12.452897,15.988158,13.711582,16.690187,17.872854,15.3556795,11.641519,12.613725,9.552053,10.066483,8.597964,10.316162,10.712736,14.288067,16.86102,18.666048,16.013147,21.26152,19.573803,20.86874,23.95305,22.216816,25.420162,24.03931,25.873426,23.234135,18.457886,19.188963,16.650352,17.444443,17.119524,13.340228,16.108511,16.318779,17.382534,20.60191,18.651789,14.986199,16.570538,12.968831,13.356858,8.709863,12.98236,11.128054,14.766342,16.733112,19.398201,21.650854,24.918486,29.266996,28.93598,27.625036,30.77821,26.499424,32.314842,27.250822,32.044983,34.890358,32.962555,29.473497,30.5013,24.2259,26.37225,22.98322,24.890823
7,21.583683,19.227922,15.028981,13.171663,10.630781,7.1095977,6.7847733,0.0,5.2530875,6.8159237,9.356527,10.751408,7.9240265,7.0633254,2.3237329,5.373736,6.651168,8.927161,13.281119,14.971616,18.774523,19.808498,23.796062,21.515575,25.742691,22.034279,24.676722,23.273346,15.986886,17.921316,13.163368,17.946074,15.190589,18.499012,18.98406,20.197853,24.423492,23.851915,22.722944,21.436924,20.58365,21.074787,17.162163,20.994663,15.8594,20.57964,18.715906,21.496536,22.828878,19.923647,16.30536,16.645752,14.3152685,12.292617,10.707158,9.284717,11.267435,14.245381,15.102233,18.539917,17.190174,22.484398,21.09063,23.56727,26.085897,25.835176,28.910961,28.341837,30.251617,28.449268,23.784245,24.831648,21.589535,23.069487,21.158628,17.552181,18.84299,17.936941,17.837162,20.511616,17.3579,14.665009,15.71772,13.317752,15.734854,11.524555,17.474083,17.345043,20.88949,23.237911,25.783993,28.257874,31.421072,35.56822,35.251225,33.97915,36.5567,32.102722,37.327473,31.877449,36.439964,39.012043,36.4888,33.11719,32.966915,27.020277,28.09523,24.174908,25.129225
8,24.901184,22.109861,18.602068,15.520578,12.756331,10.482252,7.2815633,5.2530875,0.0,4.6708713,6.258635,9.031695,8.514568,6.8124466,5.6695924,3.811805,8.143969,7.9157043,13.67476,14.301368,18.28056,20.52555,23.515871,20.557285,25.381536,22.106342,23.863934,21.71071,14.401013,14.9868555,10.284811,13.633572,10.645083,13.303608,14.283687,15.5104475,19.640633,19.251638,17.720451,16.461773,16.239672,17.039928,13.647249,17.931034,13.777139,19.314798,18.3108,21.565084,23.464296,21.237507,17.59433,19.06279,16.643366,15.899137,13.284461,12.415211,12.127863,15.572657,15.877483,18.770428,17.336105,21.624905,19.142397,21.432798,22.885643,22.82486,25.487629,24.952898,26.32355,25.095806,20.510742,21.40234,17.64641,19.96012,17.075487,14.146162,15.099479,13.643455,13.843857,16.315899,13.394134,10.36993,10.706084,8.136209,10.820631,7.105653,13.421215,14.927586,18.28319,21.159685,23.827267,26.297197,29.406408,33.432228,32.529068,31.251923,33.031155,28.477055,33.147877,27.531551,31.943796,34.351154,31.664705,28.383268,27.887245,22.076862,23.072016,19.0598,20.210253
9,28.059816,25.332209,21.503397,19.208443,16.179497,13.650934,10.923552,6.8159237,4.6708713,0.0,6.0946803,6.393467,6.7203584,7.4002194,7.2140856,8.070184,12.114869,12.207544,17.978233,18.321262,22.463772,24.49192,27.559828,24.233704,28.62034,24.960295,26.179926,23.882084,16.912714,17.19364,12.369223,15.410497,9.818412,13.699897,13.023757,14.008312,18.253716,17.723354,17.382069,17.172665,15.495273,17.74102,13.94965,18.856888,14.518687,20.499643,19.946396,22.983664,25.118341,22.898386,19.46285,21.042416,19.502745,17.76301,14.413626,12.090346,11.589845,14.340016,13.203012,16.773832,16.329447,20.15563,17.936869,21.005735,22.121262,23.219713,25.79663,26.012156,27.738571,27.119417,22.86753,24.499384,20.743105,23.95173,20.73877,18.353954,18.979836,16.926579,16.797184,18.58735,15.13326,12.953444,11.523248,10.22278,13.588831,10.675318,16.5841,18.660316,21.495268,24.550394,26.781557,29.684217,32.466965,36.09431,35.639843,34.630806,36.003788,31.807638,36.053825,30.425463,34.71628,36.878963,34.08617,31.01033,29.77616,24.44087,25.035969,20.727015,21.5795
10,29.778599,27.438482,23.563858,20.563923,18.386902,15.041755,13.27209,9.356527,6.258635,6.0946803,0.0,4.3414764,6.04493,4.5931325,8.230981,7.579208,12.986092,13.462436,18.765842,19.885912,23.576717,26.054392,28.91705,26.15734,31.297188,28.24224,29.784552,27.329199,20.202263,19.926207,15.527124,16.974821,11.795208,12.901811,13.726115,13.165355,17.713985,18.470083,17.47176,17.585146,17.710243,20.190563,17.397894,22.27685,18.881624,24.881203,24.307741,27.597155,29.634754,27.43499,23.810015,25.132189,22.576204,21.446106,19.089243,17.327393,17.30202,20.303482,19.269506,22.783804,22.161022,25.751247,22.948341,25.660044,25.879143,26.82305,28.945269,28.827532,29.597034,29.237955,24.897705,25.395935,21.07224,23.5286,19.089186,16.798355,15.948602,13.39782,12.249723,13.626862,9.692817,8.509162,8.320866,8.298968,12.5482,10.83885,17.007093,19.934483,23.234879,26.3237,29.145475,31.406523,34.547832,38.513012,36.995827,35.59127,36.56714,31.690393,35.46269,29.604143,33.47361,35.503445,32.160667,29.134363,27.42724,22.314995,21.927114,17.745361,17.59348
11,32.03365,29.828382,25.606096,23.305983,20.953556,17.294207,15.988545,10.751408,9.031695,6.393467,4.3414764,0.0,4.491578,6.1712036,9.681469,10.944425,15.897677,16.808754,22.178223,23.290398,27.162832,29.31413,32.457928,29.53844,34.345783,30.922956,32.30255,29.875134,22.848927,22.674274,18.074507,19.780077,13.143711,15.171259,14.598206,13.652991,18.199423,18.909203,19.000727,19.898157,18.876255,22.262861,19.122435,24.292936,20.58288,26.726297,26.27143,29.35821,31.45117,29.122566,25.616428,26.815887,24.809292,22.851706,20.240143,17.527246,17.775843,20.166254,18.1871,22.230171,22.355793,25.727129,23.343729,26.601301,26.743887,28.477468,30.605412,31.006876,32.127285,32.068153,27.89578,28.93308,24.691206,27.596443,23.203447,21.05165,20.240438,17.533129,16.223263,17.097664,12.94648,12.537772,11.212819,11.914426,16.243822,14.533802,20.612356,23.519907,26.607271,29.752607,32.30053,34.879036,37.84217,41.58863,40.48945,39.261734,40.12845,35.500633,39.10676,33.26657,37.08263,38.961273,35.572525,32.693275,30.506838,25.771818,25.10995,20.809032,20.356684
12,28.554655,26.68647,22.164001,20.435923,18.383448,14.123805,14.191749,7.9240265,8.514568,6.7203584,6.04493,4.491578,0.0,3.9784021,6.4659405,9.48558,13.488903,15.514638,20.234737,22.032816,25.795013,27.301006,31.033117,28.615343,33.213936,29.616222,31.698029,29.756105,22.495327,23.242397,18.400606,21.389,15.797196,18.344723,18.115656,17.74678,22.30538,22.677494,22.471416,22.700136,21.65654,24.189318,20.597446,25.440962,20.959902,26.645756,25.53155,28.425634,30.122581,27.378454,23.841537,24.358515,22.218102,19.781662,17.94808,15.14582,16.674929,19.003624,17.694845,22.032396,21.918861,26.200312,24.43308,27.635307,28.755466,29.914686,32.45841,32.558353,34.013535,33.283276,28.8382,29.796827,25.81956,27.957672,24.311653,21.391592,21.030367,18.93942,17.647642,19.17915,15.079242,14.16271,14.281957,13.965288,17.927694,15.196556,21.61204,23.35432,26.794725,29.61355,32.248936,34.740425,37.870655,41.861027,41.033993,39.71615,41.320072,36.599045,40.857365,35.071472,39.14686,41.29285,38.083317,34.99182,33.44607,28.243307,27.969767,23.785606,23.515266
13,26.709791,24.829754,20.553598,18.112917,16.421383,12.135697,12.24025,7.0633254,6.8124466,7.4002194,4.5931325,6.1712036,3.9784021,0.0,5.0942645,6.471411,10.915841,12.95272,17.388208,19.487816,22.999044,24.750595,28.313349,26.208687,31.176247,27.961699,30.313183,28.381868,21.00264,21.716642,17.088528,19.832651,15.5127945,17.129995,18.013388,17.714258,22.268703,22.834442,21.797913,21.471817,21.465555,23.290228,20.064255,24.628069,20.457413,25.981962,24.706083,27.788698,29.390005,26.719734,23.043795,23.56132,20.73433,19.102993,17.73291,15.898158,17.267475,20.15736,19.659796,23.543585,22.783632,27.237183,25.075283,27.804873,28.91326,29.413074,31.91327,31.544384,32.6184,31.628075,27.031662,27.382038,23.338402,24.837887,21.151764,18.001501,17.46466,15.637239,14.295414,16.205498,12.342202,11.082893,12.534988,11.762357,15.481644,12.755104,19.195057,20.82802,24.552666,27.266344,30.220196,32.33411,35.681187,39.922516,38.624756,37.093582,38.809513,33.794857,38.166294,32.379944,36.426365,38.682747,35.462425,32.271515,31.10176,25.67483,25.489382,21.52221,21.303514
14,22.367353,20.314774,15.959239,13.994554,11.971625,7.7233477,8.33451,2.3237329,5.6695924,7.2140856,8.230981,9.681469,6.4659405,5.0942645,0.0,5.000523,7.225489,9.978868,14.08765,16.243433,19.86606,20.982712,24.992647,22.973087,27.447958,23.921661,26.674458,25.2091,17.850742,19.541924,14.815088,19.075579,15.962686,18.72525,19.429266,20.173922,24.552813,24.349146,23.190584,22.125046,21.612696,22.425163,18.703915,22.723083,17.824497,22.702436,20.888155,23.726486,25.03134,22.110407,18.472023,18.639254,15.983622,14.027016,12.924143,11.403679,13.514876,16.42197,16.925856,20.58183,19.396515,24.556152,22.99762,25.536709,27.719246,27.608662,30.54963,29.969194,31.616892,29.953634,25.248857,25.967655,22.490501,23.725458,21.355778,17.694454,18.440771,17.390371,16.875227,19.441393,16.09833,13.772176,15.257387,13.233657,16.031351,12.128657,18.343685,18.56194,22.292175,24.6747,27.421257,29.698313,32.988853,37.2478,36.600307,35.193333,37.642673,32.940426,38.012154,32.45384,36.882565,39.405327,36.666756,33.309425,32.945435,27.07879,27.783535,23.87912,24.452944
15,22.545813,20.07461,16.540361,13.078213,11.091502,8.166206,6.4927616,5.373736,3.811805,8.070184,7.579208,10.944425,9.48558,6.471411,5.000523,0.0,5.5090337,6.5415807,11.306872,13.054855,16.59924,18.653875,21.931538,19.769583,24.870234,21.924768,24.446262,22.650818,15.2797365,16.36685,12.071964,15.471951,13.915804,15.530888,17.376875,18.299898,22.43514,22.366806,20.333546,18.683973,19.365002,19.47891,16.441734,20.16714,16.131405,21.021444,19.479364,22.68476,24.17744,21.740044,18.016184,18.861937,15.588268,15.281637,13.944376,13.783759,14.442568,17.959614,18.9074,21.760311,19.970953,24.674023,22.32234,24.249573,25.963049,25.272116,27.968369,26.954433,28.038662,26.344109,21.57321,21.675508,18.004604,19.005455,16.38904,12.72848,13.548928,12.730535,12.692375,15.626294,12.965284,9.871494,12.154811,9.422327,11.595978,7.769281,13.9272375,14.568769,18.479197,20.98155,24.05686,26.003252,29.443548,33.846836,32.559174,30.987123,33.210033,28.267935,33.257355,27.68001,32.06265,34.63313,31.920994,28.51369,28.477312,22.45639,23.417137,19.748833,20.675758
16,17.099928,14.57561,11.214006,7.591389,5.898848,3.5531583,3.947849,6.651168,8.143969,12.114869,12.986092,15.897677,13.488903,10.915841,7.225489,5.5090337,0.0,4.627497,6.884606,9.738006,12.904455,13.934092,17.97598,16.612108,21.263346,18.293112,21.839622,20.881168,13.822441,16.338097,12.613666,17.35754,17.731636,19.777939,21.686817,23.204401,27.103771,26.577389,24.316591,21.930653,22.545567,21.332788,18.190012,20.801107,16.346674,19.81744,17.34669,20.169176,20.98994,18.225996,14.587349,14.586299,10.660625,10.9615755,11.162424,12.458447,14.03162,17.420525,19.731045,22.062809,19.634956,25.040031,23.376036,24.780388,27.635767,25.958519,29.040724,27.528387,28.990881,26.330526,21.483871,21.465271,18.71257,18.446655,17.766083,13.462266,15.54287,15.963557,16.457169,19.798946,17.759016,14.42819,17.17341,13.884419,14.715166,10.352494,15.08323,13.284186,17.3644,19.071627,22.11983,23.815592,27.3725,32.005894,31.178856,29.566175,32.862164,28.12447,33.943584,28.790157,33.415726,36.290657,34.105217,30.564793,31.55786,25.257418,26.95315,23.692585,25.070538
17,19.185822,15.95341,13.759313,9.454814,6.916034,7.7467117,3.103939,8.927161,7.9157043,12.207544,13.462436,16.808754,15.514638,12.95272,9.978868,6.5415807,4.627497,0.0,6.134256,6.5736923,10.413911,12.747298,15.671179,13.271838,18.346796,15.620924,18.416538,16.975342,9.874579,11.922514,8.6590605,13.126087,15.08623,16.883158,19.12026,21.167723,24.604374,23.788805,21.112705,18.200607,19.207443,17.225437,14.531646,16.685253,12.917914,16.352884,14.360893,17.539745,18.793207,16.708641,13.121121,14.406587,10.890645,12.523718,11.326348,13.334493,13.103153,16.796413,19.266665,20.775412,17.960485,22.729994,20.510305,21.394573,23.997238,21.891718,24.845137,23.116625,24.426754,21.746956,16.890299,16.930893,14.232498,14.555123,14.193769,10.291385,13.283248,13.865758,15.245574,18.591845,17.182373,13.3245535,15.431913,11.61584,11.302718,6.919459,10.674752,8.873914,12.899971,14.929565,18.006124,19.865522,23.3456,27.888437,26.932537,25.418715,28.447437,23.87257,29.67233,24.580093,29.323332,32.21561,30.27777,26.750149,28.041323,21.696468,23.975624,20.85739,22.902819
18,14.483138,11.428407,10.584703,5.434664,5.49215,8.338877,7.5265727,13.281119,13.67476,17.978233,18.765842,22.178223,20.234737,17.388208,14.08765,11.306872,6.884606,6.134256,0.0,4.8728456,6.3967323,7.5704837,11.311685,11.027958,15.831614,13.970076,18.214113,17.90168,12.246466,15.212645,13.422586,17.6623,21.045876,22.330118,25.007738,27.032612,30.333597,29.556025,26.52099,23.159636,24.713678,21.770132,19.567265,20.498814,17.161356,18.72598,15.903754,18.42554,18.67084,16.51743,13.4524145,13.483128,8.819356,12.20555,13.351051,16.53056,17.215973,20.531076,23.877857,25.005358,21.771254,26.836557,25.114511,25.351633,28.575607,25.49342,28.500206,26.108263,27.264772,23.668188,19.01621,18.084188,16.532772,14.367268,16.069998,11.778611,15.191513,17.040611,18.46676,22.040956,21.263763,17.584305,20.752916,16.981407,15.940999,12.279555,14.106266,9.8868885,13.836841,14.417842,17.703531,18.514084,22.30242,27.264103,26.203623,24.386095,28.586468,23.995998,30.475405,25.993683,30.658346,33.813072,32.317894,28.740728,31.09071,24.725523,27.339708,24.901749,26.958076
19,17.312893,13.577688,13.628127,9.207752,7.6511054,11.670727,8.241305,14.971616,14.301368,18.321262,19.885912,23.290398,22.032816,19.487816,16.243433,13.054855,9.738006,6.5736923,4.8728456,0.0,4.2857337,7.3174257,9.247504,6.9181247,12.150643,10.32533,13.781745,13.167154,8.039418,11.00356,10.396002,14.418303,19.27125,20.703646,23.255678,25.860788,28.633623,27.398794,24.23843,20.456417,21.943348,18.119051,16.355145,16.360567,13.763498,14.571697,12.111636,14.800314,15.423092,14.073431,11.283831,12.742887,9.267264,13.329992,12.99935,16.650139,15.884823,19.170696,22.72183,22.966467,19.416914,23.81709,21.876217,21.501764,24.77573,21.159496,24.131716,21.532223,22.830387,18.987019,14.433184,13.929325,13.032022,11.688419,14.437193,11.056223,15.363683,17.151958,19.29806,22.699669,22.272331,18.296509,20.454088,16.45215,14.463399,11.1890135,11.139247,5.729561,9.204975,9.809161,12.957157,14.220138,17.849789,22.674257,21.938745,20.395859,24.557487,20.483055,27.091457,22.852842,27.706404,30.873724,29.819807,26.318596,29.000412,22.731586,26.020016,23.703756,26.430305
20,16.58146,13.1315155,14.542317,10.268557,10.2183,14.444633,12.195492,18.774523,18.28056,22.463772,23.576717,27.162832,25.795013,22.999044,19.86606,16.59924,12.904455,10.413911,6.3967323,4.2857337,0.0,4.772923,5.366575,5.4028554,10.492098,10.288837,14.281327,14.409681,11.20555,13.892424,14.292041,17.495804,23.160454,24.012028,26.956007,29.496254,32.08273,30.941475,27.468132,23.435228,25.48545,21.14909,19.977444,19.241405,17.405357,17.122198,14.590621,16.698442,16.696566,15.745908,13.666555,14.533862,10.954419,15.760478,16.401588,20.379423,19.8583,22.951704,26.768236,26.755457,23.055372,27.287106,25.447798,24.583586,27.88536,23.67783,26.443472,23.369968,24.274942,19.949387,15.861046,14.358182,14.441645,11.191969,15.462641,12.340827,16.665947,19.155094,21.39923,24.816181,24.925802,21.073412,23.75576,19.825788,17.39397,14.748036,13.614795,7.6927395,10.260063,9.4164,12.647781,12.629146,16.484037,21.591188,20.473793,18.649775,23.588406,19.578875,26.522276,22.896492,27.546883,30.84736,30.187408,26.742348,30.201832,24.103056,27.618784,25.882065,28.653812
21,12.393662,8.992622,11.629449,8.651084,9.623612,14.305438,13.618974,19.808498,20.52555,24.49192,26.054392,29.31413,27.301006,24.750595,20.982712,18.653875,13.934092,12.747298,7.5704837,7.3174257,4.772923,0.0,5.48745,7.835777,10.404851,9.884021,15.15066,16.382301,13.690605,17.310762,17.291916,21.472551,26.483685,27.9872,30.545359,33.124603,35.950623,34.672943,31.505606,27.607176,29.041943,24.822483,23.120062,22.331188,19.740929,18.735949,15.4626465,16.799053,15.897318,14.4565325,12.879431,12.387454,8.830497,13.915274,15.917461,20.2143,20.598783,23.254484,27.540218,27.547789,23.827517,28.578012,27.510496,26.755825,30.819855,26.594622,29.655548,26.701897,28.12986,23.539436,19.661947,18.694927,19.060526,15.872268,20.131004,16.704794,20.781157,23.208235,25.123339,28.647182,28.377565,24.593218,27.420639,23.479542,21.54733,18.341217,18.02729,12.009176,14.221223,12.891314,15.301724,15.287249,18.732601,23.61145,23.407896,21.782276,27.33675,23.78857,30.852829,27.512888,32.123066,35.4448,34.910072,31.481426,34.964672,28.837458,32.24517,30.357214,32.95545
22,17.292538,14.129826,17.109283,13.880667,14.368725,19.044645,17.177011,23.796062,23.515871,27.559828,28.91705,32.457928,31.033117,28.313349,24.992647,21.931538,17.97598,15.671179,11.311685,9.247504,5.366575,5.48745,0.0,5.4622507,7.653685,9.671909,13.697148,14.94376,14.316532,16.978838,18.434633,21.274303,27.722502,28.542484,31.454763,34.222607,36.48385,35.119785,31.558968,27.285286,29.356918,24.349123,23.641775,21.839327,20.719238,18.839197,16.32078,17.504187,16.767616,16.58033,15.638769,16.223707,13.559477,18.762714,19.850357,24.235504,23.60817,26.29047,30.521345,29.880735,25.986208,29.847095,28.372131,26.845234,30.478233,25.574415,28.196648,24.739365,25.625559,20.729746,17.539804,15.847734,17.371592,13.456573,19.096445,16.71049,21.031668,23.81329,26.22676,29.554817,30.00232,26.184431,28.773352,24.853397,22.033957,19.770359,17.596327,11.476803,12.323918,9.868282,12.05113,10.7986765,14.257129,19.253754,18.556684,16.835022,22.808926,19.72823,26.872568,24.30591,28.694002,32.042046,32.111862,28.877802,33.11229,27.377657,31.288004,30.024233,33.0334
23,19.891853,16.06576,17.987932,14.47353,13.438867,18.207994,14.736633,21.515575,20.557285,24.233704,26.15734,29.53844,28.615343,26.208687,22.973087,19.769583,16.612108,13.271838,11.027958,6.9181247,5.4028554,7.835777,5.4622507,0.0,6.0585318,6.7713623,9.465641,9.820598,9.333046,11.726946,13.770587,16.469204,23.233704,24.399208,26.940557,30.027,32.023525,30.350718,26.959211,22.659924,24.340162,19.124763,18.520279,16.407019,15.668881,13.7499,11.765354,13.448216,13.586556,13.870645,12.7044735,14.7062235,12.78628,17.626896,17.206928,21.4204,19.77989,22.495184,26.497759,25.49271,21.595522,24.940475,23.185848,21.512033,25.027538,20.127642,22.813505,19.479717,20.71241,15.8880825,12.442702,11.741658,13.32465,11.350157,16.61799,14.74373,19.402271,21.621319,24.315666,27.487198,27.760662,23.777445,25.424452,21.474451,18.458399,16.308025,13.519097,7.348258,7.348595,5.213738,7.549035,8.0225525,11.515403,16.445814,16.250082,14.9748955,20.214785,17.369028,24.396706,21.424202,26.148457,29.398615,29.41529,26.187336,29.996048,24.249142,28.382326,26.802994,30.14508
24,20.766195,17.0579,20.037651,17.862263,16.94047,22.186396,19.143074,25.742691,25.381536,28.62034,31.297188,34.345783,33.213936,31.176247,27.447958,24.870234,21.263346,18.346796,15.831614,12.150643,10.492098,10.404851,7.653685,6.0585318,0.0,4.834108,7.1426744,9.784844,12.580915,15.328003,17.843765,20.856098,27.581886,29.3759,31.362146,34.78479,36.541664,34.427856,31.372963,27.09328,28.019941,22.454382,21.855656,18.742609,18.236267,14.214221,12.132841,12.132559,11.163029,12.557615,13.098958,14.805845,14.546465,19.294968,19.143393,23.66118,21.985224,23.916265,28.405693,26.586176,22.602932,25.52119,24.675343,22.405815,26.734674,21.364634,24.106163,20.78481,22.694569,17.46593,15.29622,15.596657,18.220125,16.70689,22.359474,20.777065,25.442205,27.603909,30.318224,33.4666,33.626984,29.607164,30.881332,26.929903,23.976389,21.716871,18.820772,12.961118,11.656117,8.770162,8.1545105,8.577612,10.287731,14.259122,16.220455,15.76287,21.723162,20.474043,27.344652,25.36077,29.868279,33.030045,33.709244,30.72916,34.841602,29.42644,33.808983,32.30553,35.83072
25,18.971302,14.927928,17.107647,15.373527,13.699304,18.936472,15.771765,22.034279,22.106342,24.960295,28.24224,30.922956,29.616222,27.961699,23.921661,21.924768,18.293112,15.620924,13.970076,10.32533,10.288837,9.884021,9.671909,6.7713623,4.834108,0.0,5.7742577,8.315407,9.507445,13.261634,14.842273,19.048586,24.710243,27.33717,28.769066,32.250088,34.301167,32.04806,29.448679,25.47809,25.555035,20.528866,19.04144,16.535484,14.764905,10.953808,8.001526,8.090402,7.1796856,7.936795,8.293937,10.410516,10.871127,15.128345,14.539131,19.03927,17.437647,19.212185,23.830477,22.132753,18.155027,21.632126,21.178373,19.451328,24.354452,19.566332,22.816027,20.08168,22.727053,17.887989,15.029407,16.423674,18.084631,17.72756,22.325026,20.24894,24.870123,26.548975,29.034851,32.23108,31.800037,27.746658,28.678024,24.715048,22.354868,19.447441,17.686768,12.00303,11.4341135,9.864938,9.611657,11.746118,13.561911,17.218803,19.539066,19.189903,24.448036,22.788574,29.546663,26.796686,31.586843,34.692013,34.878593,31.752972,35.13013,29.427904,33.526054,31.428331,34.797905
26,24.68699,20.604797,22.364248,20.382118,18.099348,22.977863,18.69289,24.676722,23.863934,26.179926,29.784552,32.30255,31.698029,30.313183,26.674458,24.446262,21.839622,18.416538,18.214113,13.781745,14.281327,15.15066,13.697148,9.465641,7.1426744,5.7742577,0.0,4.0097985,9.606391,11.758665,14.750497,17.673603,23.908424,26.546041,27.557255,31.389717,32.73804,30.074596,27.654783,23.688242,23.397102,17.868122,17.196375,13.370384,13.366271,7.948401,7.1963696,6.791783,7.39525,10.164478,11.112624,14.489297,15.75324,19.298481,17.272947,21.209467,18.233875,19.654753,23.805096,21.143333,17.292171,19.107327,18.43439,15.751945,20.473326,15.173273,18.17737,15.439402,18.520744,13.757883,12.0779705,14.741283,17.154419,18.357626,22.800058,21.797466,26.378048,27.703201,30.490807,33.34012,33.115597,29.099838,29.047497,25.309542,22.566093,20.44713,17.503183,13.078973,10.673523,9.395337,7.0542006,10.506682,10.83541,13.265339,16.750126,17.216543,21.633528,21.155973,27.282927,25.021055,29.661522,32.521866,33.14756,30.33631,33.641212,28.489386,32.88957,30.945599,34.698643
27,26.53027,22.34799,23.408407,20.811737,18.12994,22.525963,17.494194,23.273346,21.71071,23.882084,27.329199,29.875134,29.756105,28.381868,25.2091,22.650818,20.881168,16.975342,17.90168,13.167154,14.409681,16.382301,14.94376,9.820598,9.784844,8.315407,4.0097985,0.0,7.410526,8.247169,11.900102,13.986801,20.512066,22.940279,23.93617,27.813229,28.940304,26.264366,23.783997,19.81581,19.62012,13.9299555,13.656939,9.545162,10.508592,5.809272,6.686872,7.8434834,9.823148,12.048261,12.009949,15.983225,16.741322,19.98459,17.147053,20.606297,16.95364,18.722555,22.295656,19.723577,16.004677,17.29131,15.72521,12.943167,17.0176,11.639668,14.632555,11.840402,14.923746,10.441696,8.418038,11.872564,13.972685,16.362198,20.086582,19.562944,23.965334,24.96945,27.840908,30.470856,30.322378,26.382727,25.865992,22.285814,19.409134,17.752335,14.372114,11.038799,8.103789,8.025658,5.954945,10.265129,10.8403015,13.31189,15.880103,16.310793,19.71538,18.970768,24.733624,22.082346,26.779814,29.528784,29.948046,27.170963,30.116993,25.079432,29.451561,27.4556,31.296434
28,22.919548,18.795471,18.47518,15.348032,12.128825,15.753619,10.273948,15.986886,14.401013,16.912714,20.202263,22.848927,22.495327,21.00264,17.850742,15.2797365,13.822441,9.874579,12.246466,8.039418,11.20555,13.690605,14.316532,9.333046,12.580915,9.507445,9.606391,7.410526,0.0,4.74999,5.421967,10.074651,15.228162,18.04428,19.2646,22.767248,24.853487,22.681503,20.182608,16.482409,16.348694,11.961617,9.912999,8.940223,6.407386,6.9479613,5.921949,9.387096,11.580822,11.371952,9.061265,12.882643,12.282657,14.919873,11.734726,14.857838,11.65757,14.527127,17.857313,16.842857,13.175264,16.416595,14.281905,13.495822,17.188965,13.564033,16.906855,14.882248,17.386276,13.981717,9.699223,12.196333,11.698128,14.239669,16.24107,14.5633135,18.728245,19.355232,21.82127,24.65941,23.919834,19.93151,19.797804,16.004675,13.903798,11.125926,9.926311,6.807221,7.13625,9.144308,10.366761,13.828826,16.157917,19.786419,20.526232,19.995638,23.062351,20.336271,26.237814,22.127155,27.108515,29.949049,29.215412,26.015736,28.064346,22.264885,25.921465,23.204042,26.525509
29,27.269659,23.205772,22.722963,19.117105,15.992187,18.876423,12.934658,17.921316,14.9868555,17.19364,19.926207,22.674274,23.242397,21.716642,19.541924,16.36685,16.338097,11.922514,15.212645,11.00356,13.892424,17.310762,16.978838,11.726946,15.328003,13.261634,11.758665,8.247169,4.74999,0.0,4.9437256,5.9941235,12.78782,14.791129,16.212975,19.870901,21.33136,19.102568,16.262419,12.288949,12.763921,7.634998,7.0282645,5.56376,6.194755,8.138269,9.335441,12.60166,15.269271,15.691722,13.638161,17.58438,16.84728,19.268261,15.64195,17.952244,13.997261,16.86514,19.164381,17.991842,14.814283,16.540438,13.185845,12.036679,14.106916,10.50529,13.299489,11.232787,13.178451,10.595621,6.158943,9.366105,8.400956,12.922337,13.985358,13.623633,17.401716,17.62889,20.386232,22.768387,22.4591,18.645914,17.66694,14.214282,11.44811,10.202974,7.156629,7.0928297,6.0834446,9.291864,10.380082,13.845942,15.832657,19.018408,18.99241,18.584335,20.319582,17.658783,22.800001,18.51533,23.402472,26.033989,25.258595,22.22267,23.979147,18.52133,22.345366,19.785048,23.440899
30,25.542334,21.677826,20.174847,16.753056,13.257595,15.119457,9.045817,13.163368,10.284811,12.369223,15.527124,18.074507,18.400606,17.088528,14.815088,12.071964,12.613666,8.6590605,13.422586,10.396002,14.292041,17.291916,18.434633,13.770587,17.843765,14.842273,14.750497,11.900102,5.421967,4.9437256,0.0,6.577611,9.915516,13.076328,14.084919,17.457006,19.83618,17.889835,15.569353,12.389205,11.998681,9.179416,6.168007,8.270163,5.033503,9.923892,10.04765,13.597381,16.167236,15.441126,12.553659,16.030876,14.954271,16.326086,12.377652,13.928913,10.339945,13.713723,15.64455,15.61216,12.756671,15.755647,12.626307,13.123378,15.373582,13.450166,16.450489,15.300522,17.335382,15.416805,10.97612,13.371032,11.006119,14.9806385,14.580062,13.106038,16.362164,16.017778,18.195557,20.709455,19.562164,15.758038,14.791267,11.219936,9.879574,7.0973835,7.816235,8.381916,9.747126,12.880894,14.597178,17.8548,20.269405,23.729036,23.656473,22.978563,24.823524,21.492424,26.54938,21.67839,26.51567,29.089266,27.615944,24.430273,25.324444,19.544827,22.532942,19.24841,22.289116
31,31.075808,27.249098,26.01661,21.977156,18.94466,20.42853,14.498189,17.946074,13.633572,15.410497,16.974821,19.780077,21.389,19.832651,19.075579,15.471951,17.35754,13.126087,17.6623,14.418303,17.495804,21.472551,21.274303,16.469204,20.856098,19.048586,17.673603,13.986801,10.074651,5.9941235,6.577611,0.0,8.570188,9.0448265,11.103101,14.509103,15.742136,13.975459,10.558994,6.475532,8.510966,4.9659095,5.823582,7.529611,9.065436,13.302518,14.880472,18.225716,21.04079,21.124249,18.640139,22.31641,20.992641,22.78491,18.942385,20.122267,16.194641,19.265396,20.158453,19.81939,17.529995,18.574118,14.20342,14.010355,13.514808,11.897051,13.521729,12.334485,12.788343,12.4242735,8.66457,10.576609,7.3236327,13.399122,11.553688,12.301655,14.747163,13.954454,16.620253,18.34503,18.19991,14.823981,12.774335,10.008202,7.158444,8.078191,5.266122,9.948763,9.953487,13.581663,15.210293,17.981096,20.036596,23.011303,21.72538,21.082571,21.170748,17.825542,21.608963,16.521038,21.05731,23.3096,21.697817,18.750887,19.231783,13.937235,17.20548,14.300619,17.961424
32,33.588295,30.123816,27.523094,24.19626,20.845861,20.387688,15.2701435,15.190589,10.645083,9.818412,11.795208,13.143711,15.797196,15.5127945,15.962686,13.915804,17.731636,15.08623,21.045876,19.27125,23.160454,26.483685,27.722502,23.233704,27.581886,24.710243,23.908424,20.512066,15.228162,12.78782,9.915516,8.570188,0.0,6.119235,4.504047,7.86774,10.565899,9.022748,8.083968,8.028119,5.962903,9.511733,7.418379,12.601599,11.407349,17.613699,18.936962,22.1866,25.119421,24.325592,21.43024,24.593815,23.531502,23.455317,19.056759,18.149302,14.635199,17.29906,16.076387,17.297201,16.59348,17.657324,13.498319,15.71993,14.44267,16.155346,17.737709,18.39916,19.4579,20.24991,16.921503,19.103544,15.354505,20.71887,17.038275,16.899578,17.70643,15.313301,16.494423,17.47438,15.6414,13.287974,8.954147,8.072177,9.464095,9.607673,12.153144,16.64461,17.845858,21.43694,23.071926,26.161177,28.256233,31.071875,30.253216,29.65024,29.461243,25.994246,29.004679,23.608881,27.578882,29.321255,26.791864,24.133913,22.468876,17.902172,19.082867,14.948191,17.099447
33,36.06362,32.717693,30.372293,26.3122,23.524837,22.945438,18.052923,18.499012,13.303608,13.699897,12.901811,15.171259,18.344723,17.129995,18.72525,15.530888,19.777939,16.883158,22.330118,20.703646,24.012028,27.9872,28.542484,24.399208,29.3759,27.33717,26.546041,22.940279,18.04428,14.791129,13.076328,9.0448265,6.119235,0.0,5.1236415,6.3452716,8.2944565,8.6236315,5.2275643,5.425807,8.229866,11.038907,11.301498,15.345133,15.761914,21.391998,22.77573,26.199202,29.042078,28.464355,25.484016,28.593817,26.747747,27.416723,23.6288,23.228819,20.093689,23.077532,22.142664,23.309221,22.303234,23.15382,18.616426,19.983994,17.563051,18.700039,19.382767,19.492695,18.971281,20.366014,17.314247,18.076445,13.764876,18.901274,13.800201,14.883709,14.480779,11.635274,12.923167,13.080295,12.411435,10.684878,5.9368405,6.5260005,7.123421,10.075742,11.277286,17.178572,18.38561,21.98324,24.071033,26.395319,28.660448,31.605457,29.494316,28.5692,27.476301,23.480898,25.529222,19.911291,23.322996,24.80765,21.723076,19.200575,16.829655,12.593852,13.101661,8.93641,11.249079
34,37.899338,34.48254,31.842813,28.376604,25.161783,24.439178,19.52941,18.98406,14.283687,13.023757,13.726115,14.598206,18.115656,18.013388,19.429266,17.376875,21.686817,19.12026,25.007738,23.255678,26.956007,30.545359,31.454763,26.940557,31.362146,28.769066,27.557255,23.93617,19.2646,16.212975,14.084919,11.103101,4.504047,5.1236415,0.0,4.201755,6.0769587,4.998348,5.0179806,7.496639,5.85796,11.209858,10.64786,15.296819,15.322931,21.246323,22.995358,26.172602,29.217674,28.642574,25.847319,29.085125,27.985653,27.910252,23.514217,22.358852,18.855326,21.222248,19.341417,20.504877,20.292633,20.373278,15.988491,18.114548,15.25631,17.925589,18.625547,19.77299,20.123047,21.973326,19.29467,21.231327,17.383055,23.049139,18.575245,19.28941,19.274467,16.395348,17.304264,17.361412,15.837715,14.443938,9.042355,9.951018,11.421621,13.003032,14.792361,20.105997,20.978638,24.619537,26.161484,29.081411,30.974916,33.467434,32.243202,31.701626,30.577623,27.2526,29.19933,23.87998,27.25759,28.531507,25.703272,23.468872,20.721693,17.212296,17.590342,13.546531,15.3188505
35,39.979565,36.807293,33.84971,30.323284,27.373505,25.946423,21.650976,20.197853,15.5104475,14.008312,13.165355,13.652991,17.74678,17.714258,20.173922,18.299898,23.204401,21.167723,27.032612,25.860788,29.496254,33.124603,34.222607,30.027,34.78479,32.250088,31.389717,27.813229,22.767248,19.870901,17.457006,14.509103,7.86774,6.3452716,4.201755,0.0,4.5928755,6.332808,6.9177284,10.28789,9.93334,15.180987,14.712272,19.400122,19.197742,25.257105,26.766575,30.019873,32.975086,32.156128,29.166548,32.108974,30.641893,30.342056,26.260227,24.745314,21.853176,24.2477,21.981607,23.76434,23.81657,24.143257,19.948963,22.268276,19.22549,22.056707,22.547922,23.663036,23.55433,25.585884,22.860674,24.20682,20.03105,25.197258,19.913754,20.652021,19.681002,16.33488,16.512722,15.825318,14.096972,13.800016,8.113738,10.63087,12.986301,14.946869,17.38631,22.94147,24.222586,27.859932,29.712343,32.363518,34.46151,37.12496,35.434994,34.690033,33.31754,29.621016,31.118696,25.672552,28.627075,29.665298,26.329506,24.272535,20.669973,17.738554,16.914066,12.823366,13.421445
36,43.612545,40.25791,37.609417,33.95242,30.919207,29.963444,25.267033,24.423492,19.640633,18.253716,17.713985,18.199423,22.30538,22.268703,24.552813,22.43514,27.103771,24.604374,30.333597,28.633623,32.08273,35.950623,36.48385,32.023525,36.541664,34.301167,32.73804,28.940304,24.853487,21.33136,19.83618,15.742136,10.565899,8.2944565,6.0769587,4.5928755,0.0,3.9422436,5.6489353,10.149685,9.928887,15.336862,16.026981,19.979273,21.016357,26.60142,28.679838,31.80101,34.92105,34.55701,31.834463,35.129757,33.913822,33.913853,29.579105,28.281803,24.835825,27.010303,24.676977,25.771166,25.913963,25.183796,20.73456,22.593807,18.379192,21.676912,21.382517,22.885107,22.304642,25.219166,23.295616,24.783726,20.982578,26.647177,21.479828,23.07173,22.159313,18.960903,19.508493,18.435972,17.533241,17.353193,11.78458,14.113092,15.408226,18.075712,19.128687,25.019932,25.600101,29.205692,30.681843,33.3109,34.994137,37.133373,35.36292,34.861465,32.648727,29.526314,30.071836,25.046358,27.478436,28.06736,24.894186,23.35693,19.199688,17.513268,16.668482,13.287351,14.231797
