,0,1,2,3,4,5,6,7,8,9,10,11,12,13,14,15,16,17,18,19,20,21,22,23,24,25,26,27,28,29,30,31,32,33,34,35,36,37,38,39,40,41,42,43,44,45,46,47,48,49,50,51,52,53,54,55,56,57,58,59,60,61,62,63,64,65,66,67,68,69,70,71,72,73,74,75,76,77,78,79,80,81,82,83,84,85,86,87,88,89,90,91,92,93,94,95,96,97,98,99,100,101,102,103,104,105,106,107,108
0,0.0,4.289839,6.40093,9.463634,12.135802,14.351368,17.890816,21.74646,24.988754,27.994783,31.688732,31.020638,29.49041,30.329462,26.430782,27.127838,25.322475,24.373014,26.14825,23.809483,27.25014,25.678463,30.20482,28.864107,30.098642,31.162148,30.711351,31.778025,28.262459,30.496847,32.036552,32.21513,38.118286,36.124107,40.509674,41.65809,44.26413,44.566555,40.393642,36.751827,41.005867,37.133064,36.908043,37.416145,36.129654,35.52819,33.03934,36.45934,38.674553,38.535236,36.42469,39.78027,36.818443,40.980743,39.164726,42.495537,38.333492,40.73516,43.20371,39.13422,36.31445,35.21603,32.239136,29.001093,28.073729,23.40286,23.64708,19.59781,21.152096,16.826763,16.317179,21.634546,20.612972,26.697756,26.082115,29.868143,31.780752,33.678635,36.907757,37.841377,39.34252,36.497574,33.765663,31.721714,27.229116,29.29088,22.927284,23.779078,20.752659,22.160784,23.353025,21.939346,21.025698,18.804298,14.93413,14.976186,14.71529,14.688596,14.60589,16.877699,17.335367,21.385553,20.128582,18.3529,21.41083,20.678057,20.829496,23.65509,22.663565
1,4.289839,0.0,5.286645,6.5213766,8.762941,12.150474,14.594124,19.35849,21.970457,25.356808,28.850798,28.590084,27.181051,27.605072,23.84621,23.92952,22.240047,20.78026,22.756866,20.027325,23.510574,22.321253,26.5913,25.526,26.582148,27.40489,26.710825,27.711098,24.00997,26.360903,27.817175,28.259178,34.166054,32.4951,36.728687,38.08215,40.708145,40.82263,36.718346,33.018456,37.03254,33.080795,32.73383,33.22245,31.849321,31.301544,28.83283,32.34051,34.512676,34.405113,32.27009,35.72036,32.89382,36.99363,35.03851,38.403946,34.26101,36.642292,39.26442,35.338947,32.418625,31.5866,28.433765,25.435879,24.520266,19.996582,20.593672,16.352446,18.126078,13.42957,12.320598,17.58552,16.578676,22.60278,22.352045,25.954273,28.178362,30.099188,33.387604,34.57307,35.927887,32.895058,30.411896,28.099062,23.591347,25.349737,18.974634,19.51539,16.463356,17.966122,19.506168,18.220413,17.75503,15.591288,11.77919,11.248418,10.907825,10.441282,10.814254,13.038033,14.186049,18.603443,17.49653,15.338165,19.070427,17.453487,18.315979,20.823805,20.408892
2,6.40093,5.286645,0.0,5.266722,6.8823123,8.473837,12.162896,15.580559,19.15209,21.872553,25.937437,25.532309,24.595552,25.63209,22.396547,23.008799,22.382633,21.210157,24.247942,22.050903,26.003233,25.542425,29.866505,29.403936,30.47531,30.925835,29.632072,30.424698,25.669474,27.991858,28.611414,29.147697,34.0143,32.135048,36.359943,37.23746,40.268448,40.74782,36.873283,33.566944,37.558414,34.31581,33.514328,34.843594,32.931408,33.25808,30.772097,34.627377,36.42372,36.054905,33.459026,36.687057,33.37576,37.141205,35.10963,38.03824,33.629116,35.96944,38.01967,33.691357,31.062689,29.715597,27.214685,23.764832,23.806738,18.681747,19.516905,15.713837,18.696037,14.637817,13.269872,18.053574,16.130571,22.41181,20.654066,24.723394,26.084257,27.98824,31.135883,31.854366,33.626854,30.989056,28.378939,26.478357,22.040297,24.405476,18.346054,20.207438,17.948885,20.296768,22.08157,21.907322,21.52592,18.966784,15.671649,14.227809,14.789621,12.766306,14.269117,14.423483,16.408844,21.082373,18.74448,16.18341,18.447777,16.688831,16.258652,18.423393,17.003092
3,9.463634,6.5213766,5.266722,0.0,3.8560424,6.1592946,9.075232,13.343048,15.79973,19.222616,22.473604,22.07512,20.718649,21.249357,17.75141,18.051998,17.170874,15.986801,19.060497,17.136532,21.247946,21.099604,25.575346,25.587854,27.087893,27.63387,26.406824,26.582747,21.553907,23.3715,24.181889,24.142725,29.247145,27.131763,31.480194,32.4276,35.27155,35.73206,31.752028,28.407932,32.60644,29.441885,28.903208,30.387335,28.838835,29.496078,27.44989,31.452234,33.30675,33.248302,30.707935,34.30114,31.466583,34.954105,32.329697,35.17444,30.559067,32.57341,34.9242,30.788225,27.880337,27.523523,25.002409,22.128752,22.814013,17.918121,19.710941,15.7404785,19.156874,14.611027,11.721548,15.93443,13.305515,19.613815,17.780632,21.371265,23.193785,24.70032,27.883602,28.81877,30.046616,27.22975,24.315113,22.364513,17.906942,20.368774,14.064504,16.46475,14.309219,17.166887,20.250216,19.392658,20.326378,18.36098,15.15619,13.216113,12.561387,9.2632065,10.667292,9.462491,11.645003,16.410858,13.818144,11.035037,13.674004,11.623617,11.929027,14.358907,13.978749
4,12.135802,8.762941,6.8823123,3.8560424,0.0,5.3087482,5.836381,11.1629505,13.353458,16.817818,20.431242,20.735346,20.09317,20.438147,17.697456,17.27921,17.367878,15.435746,19.303308,16.92919,21.058277,21.663095,25.486141,25.861946,26.806412,26.781979,24.936136,25.261429,19.685013,21.939306,22.038929,22.855394,27.280811,25.778597,29.772215,30.812674,33.96664,34.282993,30.595287,27.3795,31.013718,28.01498,26.907236,28.647223,26.503645,27.46262,25.224245,29.363638,30.92583,30.625324,27.839785,31.239578,28.164148,31.535875,28.999718,31.750956,27.156807,29.31298,31.499994,27.293861,24.487803,23.791426,21.280495,18.296318,19.177935,14.206595,16.273611,12.514204,16.507668,12.387356,9.174422,12.819346,9.8977785,16.243061,14.218227,18.042433,19.755302,21.544626,24.77878,25.83246,27.319038,24.435457,22.086096,19.848867,15.362858,17.537422,11.484274,13.875701,12.269182,15.443316,18.374348,18.681501,19.513443,17.335218,14.809768,12.14871,12.5399275,8.553782,11.385696,9.421715,13.068135,17.95958,15.418766,12.181599,14.784829,11.166222,11.773738,13.026696,12.744453
5,14.351368,12.150474,8.473837,6.1592946,5.3087482,0.0,6.054191,7.5264673,11.116644,13.733474,17.564177,17.086954,16.502916,17.731337,15.306215,16.124342,17.05852,16.239084,20.607307,19.48567,23.846012,24.699469,28.914753,29.7028,31.14983,31.23078,29.34798,29.169704,23.054184,24.646404,24.303753,24.340916,27.798979,25.487251,29.677462,29.990053,33.32776,34.231358,30.671127,27.967785,31.965557,29.866692,28.758083,31.328573,29.19645,31.0251,29.136784,33.4468,34.795334,34.49855,31.48663,34.80249,31.612017,34.477474,31.62146,33.789047,28.867466,30.657833,32.287167,27.753344,25.219404,24.563166,23.046041,19.946362,22.199158,16.999958,19.409702,16.313711,20.902569,17.2906,14.145552,16.97597,13.214268,19.171625,15.199518,19.078394,19.712118,20.977785,23.907187,24.247427,25.866106,23.589073,20.48021,19.163116,15.000463,18.310345,12.984935,17.222376,16.40577,20.031693,23.39392,23.655191,24.795639,22.638577,20.057928,17.45708,17.565802,13.30071,15.595943,12.276905,15.258365,19.739958,15.990476,12.981934,13.198894,10.655387,8.91608,10.311721,8.561952
6,17.890816,14.594124,12.162896,9.075232,5.836381,6.054191,0.0,6.8273745,7.854678,11.452939,15.104319,16.150074,16.40504,16.568846,15.129693,14.10953,15.969275,13.768733,18.817263,16.951452,21.096157,22.901886,26.118206,27.404686,28.204546,27.625513,25.102825,24.92593,18.312374,20.309261,19.184275,20.339392,23.199451,21.962162,25.59042,26.354599,29.926346,30.38201,27.153805,24.460684,27.60281,25.505653,23.77011,26.489851,23.785051,25.937187,24.005096,28.407547,29.441334,29.010128,25.834604,29.064919,25.93256,28.569994,25.599129,27.739336,22.840925,24.732336,26.498735,22.089285,19.425226,18.935715,17.16137,14.405252,17.054539,12.299646,15.4901085,12.815468,17.729809,14.677152,10.925859,12.093518,7.7910643,13.303604,9.260845,13.166967,14.257012,15.874219,19.044462,19.999245,21.60043,18.85586,16.736153,14.568386,10.238095,12.807939,7.8011475,12.024691,12.161258,16.055115,19.575865,20.834326,22.329842,20.368603,18.736261,15.50539,16.157084,11.372866,14.749095,10.753251,15.209402,19.655355,16.568224,13.159692,14.403275,9.410941,9.714473,8.960695,9.062798
7,21.74646,19.35849,15.580559,13.343048,11.1629505,7.5264673,6.8273745,0.0,5.402302,6.3828645,11.098855,11.421548,12.694951,14.2080965,14.113271,14.57668,17.8489,16.997763,22.385777,21.864368,26.065603,28.118412,31.594328,33.27263,34.465057,33.92381,31.31983,30.717272,23.734951,25.017834,23.236805,23.644192,24.741453,22.712444,26.263615,25.952503,29.86492,31.085323,28.291937,26.473696,29.73482,28.958767,27.0897,30.804293,28.018204,31.168259,29.605148,34.074493,34.758423,34.24087,30.82728,33.73702,30.430084,32.322987,29.158165,30.385958,25.281384,26.650764,27.39392,22.601364,20.612165,19.913523,19.80843,17.015968,21.24463,16.584564,19.7709,18.05373,23.327257,20.88991,17.551329,18.25051,13.849483,18.133474,11.966917,15.485611,14.496549,15.271414,17.737946,17.427336,19.477926,17.883316,14.996771,14.440431,11.281401,15.116184,12.26243,17.769768,18.60432,22.631008,26.234138,27.584919,29.141062,27.07393,25.335161,22.18266,22.77506,17.944466,20.870405,16.204966,19.857157,23.804398,19.685818,16.706978,15.272444,11.8024845,9.174307,7.2229104,4.352322
8,24.988754,21.970457,19.15209,15.79973,13.353458,11.116644,7.854678,5.402302,0.0,4.622572,7.26879,9.052233,10.693265,10.871127,11.8674555,10.913353,15.196557,13.933511,19.591923,19.346716,23.21301,26.001066,28.871181,31.144556,32.307,31.53315,28.763939,27.635849,20.435108,21.208971,18.905699,19.239902,19.476261,17.711586,20.98126,20.761442,24.779202,25.874569,23.313356,21.748634,24.6289,24.338242,22.298235,26.468765,23.721014,27.517944,26.4526,30.913984,31.392818,31.06535,27.69644,30.719543,27.949184,29.306532,25.580761,26.501688,21.252277,22.162134,23.10108,18.575916,16.336733,17.012297,17.129509,15.432068,20.33892,16.625849,20.433329,18.986149,24.093197,21.784182,17.912132,17.276142,12.717212,15.61594,9.167842,11.446679,10.693188,10.717333,13.260294,13.425414,14.771602,12.805585,9.826373,9.055275,6.2502723,10.394481,9.14524,15.178588,16.907928,21.013239,25.237434,26.538189,28.884014,27.320269,26.052433,22.732193,22.92123,17.866224,20.758905,15.365246,19.207342,22.576738,18.765951,15.918929,14.548762,10.098356,8.928895,4.970995,5.896823
9,27.994783,25.356808,21.872553,19.222616,16.817818,13.733474,11.452939,6.3828645,4.622572,0.0,5.731356,7.723703,11.020056,12.162528,14.382997,14.23418,18.969753,18.2096,23.808626,23.882057,27.67999,30.551691,33.36745,35.73377,36.833183,35.920887,32.9599,31.86926,24.601341,25.333696,22.560427,22.99558,21.89135,20.152952,22.91333,22.008219,26.27566,27.748842,25.750725,24.838285,27.34508,27.834026,25.515932,30.090477,27.064058,31.2611,30.206673,34.627,34.801903,34.26291,30.725712,33.3345,30.305668,31.207325,27.656055,27.952229,22.830217,23.525442,23.524324,18.805984,17.361103,17.352112,18.640856,16.830357,22.39088,18.808886,22.422354,21.626467,26.90424,25.1219,21.631687,20.840103,16.462774,18.791994,11.78581,13.837058,11.397426,11.017654,12.66847,11.616992,13.750447,13.00853,10.366603,10.953764,9.78711,13.51007,13.559764,19.323088,21.265068,25.306435,29.18346,30.93164,33.000175,31.225359,30.025135,26.663568,27.217218,22.213577,25.20157,19.89285,23.593845,26.891266,22.805038,20.114178,17.879482,14.299778,12.047358,8.182113,7.1167936
10,31.688732,28.850798,25.937437,22.473604,20.431242,17.564177,15.104319,11.098855,7.26879,5.731356,0.0,4.531851,8.299419,8.418844,12.342665,11.900039,17.29192,17.143127,22.36641,23.4253,26.791803,30.065502,32.62641,35.52526,37.00237,36.18948,33.424488,31.608103,24.498415,24.204128,21.33776,20.70041,18.371607,16.00152,18.537106,16.982256,21.209166,23.084854,21.42728,21.24907,23.736385,25.261814,23.255804,28.361235,25.919508,30.761097,30.461046,34.755035,34.844303,34.67202,31.35763,34.140118,31.847324,32.1562,27.983381,27.797356,22.676142,22.485317,22.552437,18.489088,17.005268,18.87976,20.512367,19.85846,25.628645,22.734703,26.639687,25.761616,30.824907,28.816616,24.891172,23.577986,19.211895,20.612694,14.164967,14.499696,12.412336,10.372613,11.153689,9.936984,10.302664,10.151221,5.999603,8.498551,9.354808,12.986148,14.5782175,20.49692,22.823446,26.822767,31.387018,32.526493,35.398598,34.11485,32.989388,29.680502,29.522165,24.44233,26.92724,21.099201,24.217539,26.612328,22.590435,20.466604,17.460278,14.556672,12.79624,8.714249,9.771978
11,31.020638,28.590084,25.532309,22.07512,20.735346,17.086954,16.150074,11.421548,9.052233,7.723703,4.531851,0.0,4.5704246,6.5071816,10.215834,11.607327,16.486286,17.469095,22.300337,24.070446,27.616175,30.419338,33.647972,36.38746,38.41283,38.05689,35.715977,33.746502,26.812208,26.167337,24.030952,22.333178,20.913193,17.316738,20.547106,18.587349,22.319628,24.66992,22.606255,22.403763,25.821901,27.276731,25.943844,30.873419,29.010815,33.595516,33.378265,37.70884,38.10063,38.117622,34.918903,37.9578,35.69459,36.290302,32.07254,32.10328,26.9281,26.73169,26.998905,22.997133,21.377651,23.209923,24.546135,23.532856,29.002415,25.564522,29.35491,27.996237,33.124794,30.602186,26.56995,26.069569,21.504381,23.851429,17.496517,18.316063,16.668465,14.820412,15.650756,14.256784,14.301794,14.347336,9.39276,12.046682,12.136621,16.318129,16.597126,22.889997,24.662573,28.768526,33.606537,34.048256,37.017082,35.72069,34.10666,30.990858,30.380028,25.290565,27.282778,21.391205,23.763348,25.90175,21.405958,19.674881,15.5069685,14.202021,11.264227,8.254617,8.596993
12,29.49041,27.181051,24.595552,20.718649,20.09317,16.502916,16.40504,12.694951,10.693265,11.020056,8.299419,4.5704246,0.0,3.940431,6.3847227,9.278367,13.282544,15.266546,19.467339,21.917807,25.448122,27.835608,31.543638,34.170525,36.72564,36.836147,35.01323,32.794422,26.244644,25.129875,23.869602,21.079828,20.989319,16.393707,20.412352,18.60239,21.69187,24.14354,21.430946,20.888958,25.246252,26.316458,25.761286,30.323845,29.20189,33.405598,33.39212,37.671844,38.43293,38.765324,35.823147,39.249447,37.284225,38.21733,33.830845,34.26947,29.042398,28.840734,29.74915,25.962687,23.879358,26.204811,26.866909,25.861986,30.792158,27.130846,30.896267,28.938608,33.870605,30.746199,26.497925,26.569283,22.000505,24.943579,19.256908,20.111496,19.4636,17.730436,18.934969,18.092758,17.521143,16.989353,11.462463,13.6368,13.056486,17.380516,16.553692,22.850359,24.1029,28.152082,33.383926,32.91739,36.216827,35.153114,33.18664,30.334402,29.03735,24.079683,25.405638,19.520323,21.020824,22.65676,17.996733,16.787859,11.840663,12.06377,8.969003,7.567202,8.772278
13,30.329462,27.605072,25.63209,21.249357,20.438147,17.731337,16.568846,14.2080965,10.871127,12.162528,8.418844,6.5071816,3.940431,0.0,5.16111,6.310963,10.879556,12.678597,16.725239,19.394644,22.57928,25.338966,28.630064,31.558702,34.09999,34.141438,32.36356,29.840086,23.465563,21.918232,20.67649,17.49075,17.284742,12.477714,16.636951,15.05049,18.05079,20.34503,17.512157,16.983515,21.356203,22.571264,22.17893,26.7989,25.970839,30.312475,30.637754,34.798836,35.540733,36.064285,33.29941,36.836998,35.30191,36.07113,31.450188,31.891592,26.746033,26.294956,27.585573,24.20671,21.88719,25.042484,25.478397,25.048893,29.858194,26.680864,30.605541,28.645142,33.337845,30.212667,25.781733,25.350517,20.964603,23.260841,18.216576,18.30409,18.284422,16.26763,17.493454,17.250929,15.91347,14.923735,9.287576,11.260955,11.182857,15.046718,14.862514,20.849583,22.350044,26.245747,31.733477,31.083935,34.798897,34.06707,32.359528,29.50817,27.956148,23.065468,24.266764,18.251503,19.736609,20.926792,16.745787,15.687438,11.41125,10.944879,9.540507,7.7740684,10.713445
14,26.430782,23.84621,22.396547,17.75141,17.697456,15.306215,15.129693,14.113271,11.8674555,14.382997,12.342665,10.215834,6.3847227,5.16111,0.0,4.93954,7.094104,9.90059,13.415481,16.299139,19.770882,21.7858,25.834684,28.318235,31.2734,31.813705,30.557653,28.141916,22.192003,20.68793,20.59072,16.883087,19.106352,14.115929,18.990875,18.221258,20.59573,22.479431,18.794191,17.211142,22.479753,22.436224,22.712013,26.503113,26.182388,29.664438,29.819342,33.957863,35.176853,35.876827,33.32598,37.201103,35.691067,37.109734,32.630234,33.753796,28.596186,28.570105,30.482998,27.034147,24.282722,27.173578,26.73472,25.925745,29.903458,26.31831,30.019184,27.407484,31.825617,28.101402,23.630095,24.100502,19.83542,23.146425,18.88803,19.608833,20.51365,19.187849,21.057312,21.269672,20.23638,18.543144,13.222542,13.907031,12.276385,16.147795,13.930818,19.649378,20.277891,24.069294,29.694433,28.203941,31.957829,31.319904,29.184654,26.656744,24.541859,19.883675,20.441286,14.65649,15.303786,16.407541,11.897555,11.1397505,6.310078,7.54009,6.3971415,7.22114,10.343658
15,27.127838,23.92952,23.008799,18.051998,17.27921,16.124342,14.10953,14.57668,10.913353,14.23418,11.900039,11.607327,9.278367,6.310963,4.93954,0.0,5.5371556,6.3917947,10.764857,13.097347,16.324694,19.157017,22.395767,25.273792,27.804726,27.960768,26.429632,23.857054,17.761608,16.12278,15.713963,12.214938,14.561852,10.1906805,15.065217,15.107485,17.687159,18.936995,15.168236,13.16601,18.067003,17.79114,17.81056,21.703075,21.277435,24.950104,25.280924,29.378197,30.474447,31.234741,28.76095,32.66554,31.477287,32.738743,28.122862,29.307943,24.257677,24.161104,26.470446,23.366776,20.373596,23.872595,23.137344,22.923378,26.756773,23.82187,27.675636,25.267736,29.42883,25.972609,21.389957,20.99048,16.991215,19.36304,15.871921,15.802487,17.440014,16.10518,18.151796,19.106857,17.719048,15.330435,10.681647,10.334845,8.844575,11.950212,10.495744,15.792311,16.945004,20.611542,26.372307,25.166504,29.225916,28.855383,27.25143,24.570507,22.562658,17.909222,18.796028,12.849955,14.337512,15.456262,11.959018,10.741333,8.579602,6.4817767,8.247992,7.4956193,11.868359
16,25.322475,22.240047,22.382633,17.170874,17.367878,17.05852,15.969275,17.8489,15.196557,18.969753,17.29192,16.486286,13.282544,10.879556,7.094104,5.5371556,0.0,4.570485,6.3411365,9.853016,12.960644,14.85771,18.935707,21.450718,24.716728,25.612783,24.971722,22.251709,17.29171,15.215012,16.608397,12.023307,17.083775,12.674911,17.730581,18.41467,19.924723,20.775824,16.310532,13.367558,19.141756,17.577765,18.810438,21.45827,22.12002,24.674511,25.13829,28.959229,30.61798,31.753523,29.758305,34.012897,33.192066,34.972645,30.483088,32.263702,27.457216,27.556408,30.481174,27.659689,24.389687,27.883984,26.359095,26.05854,28.869648,25.858011,29.388687,26.360054,29.929386,25.858858,21.321594,21.762383,18.314129,21.273285,19.185112,19.349686,21.83475,20.934101,23.21453,24.458155,23.013784,20.352102,16.085491,15.219947,13.112413,15.460672,12.451802,16.40847,16.440207,19.579523,25.549793,22.96627,27.382984,27.423584,25.445786,23.319443,20.324228,16.332006,15.955168,10.702192,10.310186,10.306994,7.169809,7.1936474,6.4068127,6.6722956,9.753263,11.223365,15.126923
17,24.373014,20.78026,21.210157,15.986801,15.435746,16.239084,13.768733,16.997763,13.933511,18.2096,17.143127,17.469095,15.266546,12.678597,9.90059,6.3917947,4.570485,0.0,5.6967745,6.726721,10.284547,13.01528,16.364517,18.996078,21.538568,21.937313,20.835106,18.335909,12.881178,11.362233,12.595927,9.215186,15.054449,12.189688,16.769283,18.275047,20.199461,20.33663,16.032104,12.516677,17.406778,14.959381,15.578181,17.998613,18.13403,20.520718,20.722118,24.663666,26.281898,27.306541,25.261805,29.531733,28.70947,30.632566,26.262678,28.33438,23.6338,24.040646,27.269924,24.535692,21.089596,24.494745,22.495686,22.389383,24.794579,22.176338,25.692173,22.781122,26.114399,22.280607,17.727427,17.609856,14.47339,16.994938,15.810203,15.796485,18.945286,18.50763,21.100594,22.881887,21.691002,18.46915,15.19922,13.221812,10.631356,12.050626,8.737512,11.937543,12.185117,15.331355,21.335018,19.251057,23.696022,23.784435,22.261871,19.925385,17.275637,13.196201,13.464098,8.091495,9.400433,10.491238,8.61796,7.263282,9.262774,6.0058064,10.641748,11.164207,15.305028
18,26.14825,22.756866,24.247942,19.060497,19.303308,20.607307,18.817263,22.385777,19.591923,23.808626,22.36641,22.300337,19.467339,16.725239,13.415481,10.764857,6.3411365,5.6967745,0.0,5.2692966,7.0289993,8.94141,12.76238,15.42676,18.98755,20.246841,20.34057,17.283697,13.9457245,11.249542,14.437733,9.547425,17.03593,14.052349,18.394087,20.293077,20.99813,20.772453,16.091091,12.1131935,17.526676,14.247439,16.485828,17.539904,19.31265,20.666912,21.504364,24.811686,26.887356,28.462952,27.128769,31.615742,31.537903,33.5702,29.224976,31.543154,27.295872,27.493757,31.182703,29.046867,25.531525,29.369165,27.016087,27.229628,28.896154,26.635092,29.857008,26.672857,29.26989,25.147236,20.862059,21.08497,18.783411,20.96902,21.022673,20.637558,24.186623,23.656471,26.080307,28.018064,26.353933,23.157156,20.011223,18.207373,16.131546,16.8641,13.862376,15.285382,14.740682,16.73892,22.732018,19.088066,24.135439,24.948954,23.343147,21.728176,18.054543,15.241344,13.927219,10.391877,9.016624,7.2712383,7.9204044,8.687914,11.501154,10.763022,15.093665,16.44651,20.428696
19,23.809483,20.027325,22.050903,17.136532,16.92919,19.48567,16.951452,21.864368,19.346716,23.882057,23.4253,24.070446,21.917807,19.394644,16.299139,13.097347,9.853016,6.726721,5.2692966,0.0,4.392886,6.781845,10.092327,12.328103,14.979801,15.861497,15.6489315,13.216331,9.827704,8.552709,12.197632,9.757096,17.778404,16.43995,20.206644,22.695269,23.907175,23.101706,18.756075,14.478572,18.58119,14.059617,15.479007,15.601337,16.696386,17.061342,17.229582,20.631544,22.9163,24.332514,23.03564,27.564646,27.360834,29.887304,25.96615,28.847454,24.843248,25.63083,29.592236,27.445333,23.827581,27.068182,24.020857,24.152657,24.887905,22.928713,25.832222,22.591103,24.643015,20.614496,16.55741,16.705894,15.201446,17.279604,18.706713,18.577307,22.688744,22.890074,25.665022,27.99169,26.867287,23.240929,21.017605,18.320194,15.60812,15.473427,11.738486,11.261103,10.085283,11.580055,17.51165,13.923809,18.999771,19.914087,18.660845,17.056557,13.527306,11.151562,10.116849,7.6996274,7.8047037,7.997599,9.702334,9.074178,13.883064,11.213269,16.131922,17.17642,20.900759
20,27.25014,23.510574,26.003233,21.247946,21.058277,23.846012,21.096157,26.065603,23.21301,27.67999,26.791803,27.616175,25.448122,22.57928,19.770882,16.324694,12.960644,10.284547,7.0289993,4.392886,0.0,4.7513595,6.0972404,9.225406,12.186733,13.359861,13.969647,10.794321,9.801291,7.428026,12.3018875,9.60079,18.035408,17.376835,20.468967,23.440842,23.958044,22.596697,18.39647,14.0124235,17.495586,12.217472,14.579824,13.361763,15.744397,15.268717,16.201338,18.887308,21.384398,23.276396,22.64648,27.212675,27.819471,30.169481,26.273977,29.225744,25.766895,26.305525,30.619335,29.144135,25.549274,29.278324,26.073238,26.775364,27.074207,25.836658,28.577244,25.525461,26.948719,23.20268,19.521593,19.16053,18.408552,19.397049,21.809418,21.004072,25.39718,25.467558,28.03383,30.619463,29.100677,25.43009,23.683043,20.936512,18.842466,17.94335,15.280403,13.608373,12.623392,12.872332,18.358864,14.144922,19.663218,21.282068,20.533972,19.375511,15.69534,14.43562,12.961338,11.88421,11.294271,9.964519,12.998884,13.099379,17.657518,15.426408,20.324572,21.192486,25.096287
21,25.678463,22.321253,25.542425,21.099604,21.663095,24.699469,22.901886,28.118412,26.001066,30.551691,30.065502,30.419338,27.835608,25.338966,21.7858,19.157017,14.85771,13.01528,8.94141,6.781845,4.7513595,0.0,5.987109,6.865956,11.210017,13.6905775,15.519655,13.132568,13.487969,11.967182,16.865602,14.225753,22.68329,21.503658,24.897812,27.658712,27.977573,26.801207,22.443966,18.116491,21.963736,16.696915,19.273556,17.518528,20.043509,18.623821,19.161793,21.434551,24.313915,26.226847,25.863552,30.403599,30.901606,33.711353,30.172428,33.405838,30.012716,30.789454,35.09882,33.432343,29.815617,33.09657,29.652328,29.904037,29.643663,28.04185,30.392935,26.922165,27.915106,23.748732,20.449022,21.180708,20.703276,22.57383,25.054184,24.860586,29.199348,29.479906,32.196896,34.642166,33.3216,29.684658,27.554255,24.929699,22.379816,21.951054,18.308714,16.599348,14.5976305,14.323803,19.202835,13.659848,18.947803,20.794304,19.52871,19.12566,14.711156,14.5953,11.831905,12.527716,10.320574,8.064424,12.532326,13.3044195,18.3972,17.229647,21.85981,23.542439,27.06155
22,30.20482,26.5913,29.866505,25.575346,25.486141,28.914753,26.118206,31.594328,28.871181,33.36745,32.62641,33.647972,31.543638,28.630064,25.834684,22.395767,18.935707,16.364517,12.76238,10.092327,6.0972404,5.987109,0.0,4.3863754,7.3709583,9.431598,11.85785,8.847974,12.073019,10.388617,15.530868,14.063735,22.035698,22.329817,24.63195,28.021437,28.017694,26.062729,22.291082,18.095846,20.342812,14.411495,17.11788,13.778525,17.092411,14.5504875,15.790895,17.11325,20.07243,22.399689,22.776522,27.182953,28.590874,31.112137,27.762373,31.07251,28.458164,29.092628,33.727535,32.866062,29.358099,32.99511,29.345327,30.3504,29.58309,29.08297,31.29215,28.339088,28.670616,25.252722,22.363192,21.91653,22.32159,22.57979,26.331278,25.320364,29.995878,30.3122,32.825966,35.68009,34.125977,30.355839,29.217596,26.250765,24.30951,22.753027,20.41303,17.244986,15.884763,14.478353,18.593092,13.551275,19.014353,21.503735,21.364515,21.019062,17.31993,17.753658,15.802756,16.69296,15.73255,13.954443,18.07034,18.437649,23.392427,21.3052,26.212006,27.134985,30.927996
23,28.864107,25.526,29.403936,25.587854,25.861946,29.7028,27.404686,33.27263,31.144556,35.73377,35.52526,36.38746,34.170525,31.558702,28.318235,25.273792,21.450718,18.996078,15.42676,12.328103,9.225406,6.865956,4.3863754,0.0,5.2372165,8.828669,12.368871,10.813045,14.671997,14.061422,19.045462,18.083578,26.166529,26.320045,28.852194,32.16186,32.27051,30.410734,26.5533,22.30611,24.701017,18.724636,21.145874,17.585676,20.441484,17.051678,17.560953,18.504185,21.76366,23.938738,24.521992,28.802637,30.01859,33.05112,30.195591,33.84776,31.354969,32.353428,36.979465,35.923008,32.40595,35.471775,31.502174,32.116093,30.641323,29.995707,31.740673,28.53962,28.274961,24.71337,22.380133,22.694632,23.57594,24.399302,28.470295,27.995028,32.693184,33.346996,36.054543,38.87506,37.63586,33.797813,32.564648,29.496649,27.092604,25.72832,22.606052,19.07532,16.933054,14.901291,18.073559,12.092402,17.081707,19.8724,19.602228,19.979523,16.054604,17.688503,15.143227,17.569185,16.150198,14.554092,19.16203,19.586977,25.04682,23.226675,28.002329,29.355421,32.80164
24,30.098642,26.582148,30.47531,27.087893,26.806412,31.14983,28.204546,34.465057,32.307,36.833183,37.00237,38.41283,36.72564,34.09999,31.2734,27.804726,24.716728,21.538568,18.98755,14.979801,12.186733,11.210017,7.3709583,5.2372165,0.0,4.102583,8.452923,8.391857,13.886184,14.54376,18.862112,19.687273,27.089241,28.333015,30.291765,33.900463,34.31186,32.081627,28.660887,24.510944,25.794846,19.59621,21.160685,16.883904,19.040352,14.4286785,14.412379,14.572527,17.97538,20.060566,21.104025,25.089334,26.578379,29.791525,27.552702,31.49615,29.63249,30.94273,35.63233,34.89011,31.533129,34.17859,29.883333,30.719803,28.413479,28.558619,29.879221,27.091322,26.039455,23.211416,21.570381,21.257586,23.106285,23.018759,28.161142,27.553196,32.378834,33.41586,36.125652,39.188816,38.21835,34.25333,33.83024,30.375635,28.029196,25.977472,23.31116,18.557932,16.58011,13.5058975,15.199622,10.068154,14.500744,17.696468,18.489113,18.980455,16.068382,18.31135,16.639172,19.507017,19.270458,18.711964,22.877754,22.647387,28.346613,25.563147,30.421282,31.28192,34.61141
25,31.162148,27.40489,30.925835,27.63387,26.781979,31.23078,27.625513,33.92381,31.53315,35.920887,36.18948,38.05689,36.836147,34.141438,31.813705,27.960768,25.612783,21.937313,20.246841,15.861497,13.359861,13.6905775,9.431598,8.828669,4.102583,0.0,4.7072816,5.8285513,12.036154,13.50654,17.03054,19.176886,25.788078,27.858137,29.326874,33.09787,33.7872,31.336042,28.304731,24.32535,24.752281,18.615726,19.389627,14.90447,16.324312,11.11372,10.765162,10.567651,13.992322,16.016724,17.238857,21.098585,22.813644,25.957344,23.965937,27.99792,26.52834,27.968227,32.657295,32.180004,28.973904,31.47031,27.091345,28.249392,25.680178,26.48642,27.730198,25.412273,24.155106,21.990671,20.560192,19.359684,21.681404,20.630127,26.384499,25.486448,30.33327,31.536104,34.159897,37.38146,36.53984,32.54328,32.767284,29.09768,26.976662,24.377724,22.392693,16.966963,15.542424,12.098512,13.108722,9.698465,13.782544,16.881956,18.47096,18.537893,16.56327,18.473545,17.741653,20.127453,20.887613,20.969923,24.593067,23.876837,29.472292,25.92218,30.804983,31.121666,34.45034
26,30.711351,26.710825,29.632072,26.406824,24.936136,29.34798,25.102825,31.31983,28.763939,32.9599,33.424488,35.715977,35.01323,32.36356,30.557653,26.429632,24.971722,20.835106,20.34057,15.6489315,13.969647,15.519655,11.85785,12.368871,8.452923,4.7072816,0.0,4.4946733,9.139207,11.857474,14.142146,17.769026,23.45117,26.155851,27.327095,31.093128,32.29075,29.833508,27.109797,23.320137,23.174519,17.355103,16.99473,13.07126,12.994949,7.806161,6.31469,7.021307,10.3053875,11.937218,12.695859,16.700388,18.188913,21.360338,19.404734,23.548824,22.137733,23.820759,28.419767,27.936985,24.847563,27.079979,22.648035,24.01086,21.40742,22.691023,24.015388,22.152445,21.057652,19.47546,18.034338,15.852318,18.469421,16.53273,22.723837,21.660183,26.456875,27.864723,30.452652,33.756115,33.1629,29.158123,29.94147,26.084076,24.096704,21.073023,19.684544,13.746534,13.021801,9.564401,10.328149,9.382998,13.077801,15.582599,17.696444,17.019632,16.058868,17.199135,17.58542,19.178747,21.064865,21.972628,24.788158,23.490461,28.841537,24.494593,29.266325,29.009697,32.243694
27,31.778025,27.711098,30.424698,26.582747,25.261429,29.169704,24.92593,30.717272,27.635849,31.86926,31.608103,33.746502,32.794422,29.840086,28.141916,23.857054,22.251709,18.335909,17.283697,13.216331,10.794321,13.132568,8.847974,10.813045,8.391857,5.8285513,4.4946733,0.0,7.297462,8.310129,11.449267,14.07456,20.091763,22.62202,23.731905,27.576916,28.397614,25.876102,23.07792,19.28256,19.220901,13.211044,13.583905,9.337159,10.69522,6.308739,7.139836,8.397008,11.325777,13.554463,14.128633,18.426193,20.244228,22.684582,19.808134,23.465015,21.672586,22.73453,27.493036,27.171713,23.933819,27.140394,23.144306,24.826567,23.335403,24.258978,26.215885,24.21929,23.991749,21.933025,19.638872,17.369322,18.983955,17.075016,22.479856,20.881035,25.737812,26.591228,29.012716,32.299152,31.17422,27.224825,27.705769,24.073711,22.492363,19.52716,18.622261,13.48888,13.271481,10.853813,13.625804,11.683506,16.395582,18.751139,20.172848,19.196058,17.424002,17.687202,17.716095,18.28856,19.746763,19.927073,22.79433,21.855247,26.816153,22.806263,27.731983,27.447708,31.099157
28,28.262459,24.00997,25.669474,21.553907,19.685013,23.054184,18.312374,23.734951,20.435108,24.601341,24.498415,26.812208,26.244644,23.465563,22.192003,17.761608,17.29171,12.881178,13.9457245,9.827704,9.801291,13.487969,12.073019,14.671997,13.886184,12.036154,9.139207,7.297462,0.0,4.7639,5.9502163,9.890164,15.435183,17.641617,19.319323,22.738499,24.522657,22.62519,19.644402,15.9078,16.565971,11.50648,10.367759,9.54665,8.288375,8.266389,7.8576403,11.849494,13.564225,14.698928,13.269821,17.808842,18.112911,20.429453,16.709185,20.043741,16.885103,18.12054,22.567356,21.303812,17.82819,21.02051,17.31363,18.70648,18.543957,18.691257,21.413755,19.434147,20.653631,18.379036,15.1127405,12.271492,12.676296,10.95469,15.421943,13.923736,18.774448,19.636923,22.273556,25.41995,24.588005,20.577229,20.881042,17.11302,15.276842,12.383309,11.526658,6.8086424,7.9513707,7.773788,12.56943,12.281468,16.789722,17.867775,18.690178,16.552725,15.324146,13.574434,14.884486,13.453479,16.30644,17.66915,18.970201,17.264622,21.597912,16.734238,21.447592,20.622608,24.231682
29,30.496847,26.360903,27.991858,23.3715,21.939306,24.646404,20.309261,25.017834,21.208971,25.333696,24.204128,26.167337,25.129875,21.918232,20.68793,16.12278,15.215012,11.362233,11.249542,8.552709,7.428026,11.967182,10.388617,14.061422,14.54376,13.50654,11.857474,8.310129,4.7639,0.0,5.20703,5.9129767,12.717793,14.430034,16.154663,19.724598,20.855457,18.867489,15.607038,11.670072,12.798207,7.3388805,7.815283,7.259154,8.448661,9.626147,11.065654,14.273686,15.921961,17.630009,16.6298,21.081593,21.979172,23.599476,19.34629,22.017729,18.777275,19.123964,23.608389,22.6889,19.20207,23.456295,20.419687,22.079258,22.78853,22.661057,25.690432,23.59903,25.194717,22.569029,18.930916,16.539978,16.047367,14.713147,17.826756,15.781172,20.383202,20.423292,22.727177,25.756668,24.155582,20.321825,20.052595,16.778858,15.632883,13.1418085,12.961618,10.295571,11.426428,11.83342,17.020565,15.457273,20.54385,21.870264,22.214691,20.255552,18.154596,16.12003,16.59078,14.37502,16.17,16.323118,17.79984,16.793854,20.51717,16.486586,21.298717,20.616476,24.713236
30,32.036552,27.817175,28.611414,24.181889,22.038929,24.303753,19.184275,23.236805,18.905699,22.560427,21.33776,24.030952,23.869602,20.67649,20.59072,15.713963,16.608397,12.595927,14.437733,12.197632,12.3018875,16.865602,15.530868,19.045462,18.862112,17.03054,14.142146,11.449267,5.9502163,5.20703,0.0,6.732025,9.693555,12.960924,13.782189,17.319826,19.286612,17.309189,14.913525,11.90123,11.504204,7.9669003,5.224768,7.678322,5.6459312,9.792506,10.873303,14.55336,15.1380205,16.211666,14.38869,18.483423,19.03205,19.951256,15.249131,17.41059,13.832357,14.023903,18.426924,17.564848,14.140406,18.789303,16.20291,18.44072,20.00111,20.357733,23.685417,22.339796,24.429863,22.558882,18.942917,15.431885,14.630645,11.828598,14.54651,11.572788,16.04633,15.996534,18.096264,21.331938,19.816683,15.934492,16.738422,13.200624,12.867042,9.339726,11.471114,9.308616,12.062288,13.200744,17.869377,18.196674,22.568136,23.32994,24.021496,21.497639,20.448547,17.680017,19.264982,16.163721,19.08657,20.054638,20.431675,18.829132,21.686075,16.812578,21.103962,19.372936,23.3552
31,32.21513,28.259178,29.147697,24.142725,22.855394,24.340916,20.339392,23.644192,19.239902,22.99558,20.70041,22.333178,21.079828,17.49075,16.883087,12.214938,12.023307,9.215186,9.547425,9.757096,9.60079,14.225753,14.063735,18.083578,19.687273,19.176886,17.769026,14.07456,9.890164,5.9129767,6.732025,0.0,8.457768,8.703256,11.043773,14.301678,15.326103,13.854861,10.107662,6.108007,8.953595,5.8202505,7.1120706,9.826892,11.211208,14.547608,16.356358,19.589552,20.71628,22.294176,20.903824,25.08015,25.734089,26.627508,21.802021,23.479538,19.664778,19.160097,23.112663,22.034922,18.668558,23.738558,21.774412,23.440668,25.617626,24.917162,28.459078,26.439552,28.96791,26.150578,22.004711,19.80737,17.997234,17.153427,18.049192,15.64968,19.477064,18.528149,20.40451,23.046453,20.748049,17.309025,16.17376,13.730245,13.554205,11.967138,12.891842,13.094004,14.793378,16.479828,22.09756,20.546547,25.61128,26.552698,26.339216,24.089626,21.801577,18.751719,19.194307,15.355575,16.755554,16.381351,16.6946,16.051474,18.071287,14.748344,19.05374,18.072414,22.520947
32,38.118286,34.166054,34.0143,29.247145,27.280811,27.798979,23.199451,24.741453,19.476261,21.89135,18.371607,20.913193,20.989319,17.284742,19.106352,14.561852,17.083775,15.054449,17.03593,17.778404,18.035408,22.68329,22.035698,26.166529,27.089241,25.788078,23.45117,20.091763,15.435183,12.717793,9.693555,8.457768,0.0,6.198992,4.285835,8.007696,10.124355,8.486878,7.510446,7.551616,5.7662416,8.947513,7.1430345,12.747673,12.325216,17.922215,19.94426,22.978191,22.844337,23.920681,22.084528,25.327246,26.001472,25.353071,20.133781,20.108435,16.442957,14.541026,17.574484,17.298838,14.731218,20.888134,20.546003,23.092453,26.685371,26.665998,30.500385,29.533808,32.598892,30.721088,26.698502,23.410192,21.24517,18.857075,18.33388,14.598347,16.969646,14.87126,15.430432,18.003773,14.748127,12.036416,12.545988,11.061045,13.645947,11.513223,16.013157,17.310904,20.30686,22.379961,27.354473,27.42125,31.95959,32.494633,32.6907,29.952188,28.621946,24.986803,26.362019,21.76733,24.001661,24.115976,23.31261,22.306215,22.629406,19.028591,22.061588,19.568714,23.765745
33,36.124107,32.4951,32.135048,27.131763,25.778597,25.487251,21.962162,22.712444,17.711586,20.152952,16.00152,17.316738,16.393707,12.477714,14.115929,10.1906805,12.674911,12.189688,14.052349,16.43995,17.376835,21.503658,22.329817,26.320045,28.333015,27.858137,26.155851,22.62202,17.641617,14.430034,12.960924,8.703256,6.198992,0.0,5.133075,6.3045664,8.281139,8.815242,5.6327605,5.7248025,8.979582,11.620365,11.7875,16.676155,17.101542,21.999672,23.769724,27.13137,27.569622,28.753136,26.81344,30.413973,30.588196,30.520025,25.353882,25.600256,21.367775,19.857054,22.423143,21.138014,18.469778,24.035816,23.815365,25.437618,29.394434,28.235632,32.219772,30.642746,34.200787,31.566893,27.161839,24.950462,21.9525,21.329782,19.433096,16.793566,18.717173,16.330437,17.115295,18.819088,15.519748,13.330455,11.050609,10.857492,12.878083,12.861148,15.644814,18.651724,20.989365,23.67807,29.303358,28.422688,33.153507,33.52789,32.951565,30.290508,28.347204,24.331226,25.190184,19.988827,21.406044,21.100765,19.555496,19.037418,18.118023,15.852887,18.329208,16.410347,20.731073
34,40.509674,36.728687,36.359943,31.480194,29.772215,29.677462,25.59042,26.263615,20.98126,22.91333,18.537106,20.547106,20.412352,16.636951,18.990875,15.065217,17.730581,16.769283,18.394087,20.206644,20.468967,24.897812,24.63195,28.852194,30.291765,29.326874,27.327095,23.731905,19.319323,16.154663,13.782189,11.043773,4.285835,5.133075,0.0,4.19311,5.907957,5.109602,5.1307545,7.5428925,6.5654745,11.518708,10.935957,16.153994,16.427675,21.883066,24.104351,27.012104,26.89987,28.070936,26.316883,29.458324,30.153265,29.278427,24.059786,23.591562,20.021935,17.7552,20.105001,19.896324,17.73569,23.884525,24.107355,26.48804,30.511784,30.184263,34.123764,33.086258,36.41757,34.34563,30.165716,27.192532,24.647863,22.749088,21.38839,17.886908,19.53421,16.88417,16.885244,18.815277,14.959731,13.212642,12.855043,12.717393,15.790627,14.637552,18.89957,21.037012,23.857843,26.144812,31.344713,31.035858,35.720943,36.241203,36.1624,33.44289,31.842258,28.027645,29.1408,24.21716,25.947361,25.607882,24.466755,23.853224,23.202065,20.528456,22.989351,20.568924,24.709936
35,41.65809,38.08215,37.23746,32.4276,30.812674,29.990053,26.354599,25.952503,20.761442,22.008219,16.982256,18.587349,18.60239,15.05049,18.221258,15.107485,18.41467,18.275047,20.293077,22.695269,23.440842,27.658712,28.021437,32.16186,33.900463,33.09787,31.093128,27.576916,22.738499,19.724598,17.319826,14.301678,8.007696,6.3045664,4.19311,0.0,4.6151834,6.5489235,7.24304,10.359147,10.57576,15.537687,14.996118,20.301466,20.327536,25.879683,27.881447,30.973532,30.823433,31.832457,29.839891,32.855907,33.170437,32.184612,27.003464,26.165586,22.387615,20.039179,21.57972,20.991373,19.21408,25.065994,25.93644,27.998886,32.614964,31.880133,35.927586,34.93266,38.67653,36.536964,32.25432,29.5433,26.523712,25.12658,22.645014,19.491318,20.240686,17.147287,16.669622,17.832035,13.695166,12.971853,11.793929,12.9994135,16.485367,16.294043,20.480782,23.612875,26.415121,29.102018,34.41167,34.15151,38.730583,39.00314,38.653755,35.82011,34.25631,30.102934,31.277006,25.933931,27.573116,27.304518,25.49485,24.943428,23.240381,21.168097,22.773264,20.19493,24.0228
36,44.26413,40.708145,40.268448,35.27155,33.96664,33.32776,29.926346,29.86492,24.779202,26.27566,21.209166,22.319628,21.69187,18.05079,20.59573,17.687159,19.924723,20.199461,20.99813,23.907175,23.958044,27.977573,28.017694,32.27051,34.31186,33.7872,32.29075,28.397614,24.522657,20.855457,19.286612,15.326103,10.124355,8.281139,5.907957,4.6151834,0.0,3.8845007,5.735266,9.996932,10.055187,15.51118,16.12732,20.709007,21.859648,27.002426,29.521862,32.20357,32.195988,33.5716,32.032463,35.151947,36.017693,34.992878,29.79035,29.046377,25.682178,23.168129,25.038233,24.990925,23.161043,29.22105,29.79276,32.017582,36.264374,35.65575,39.65474,38.453815,41.94028,39.592407,35.269577,32.68028,29.882145,28.474356,26.624254,23.403622,24.585585,21.610933,21.190126,22.416992,18.22471,17.502905,16.23295,17.251312,20.359138,20.015226,23.7466,26.403868,28.932497,31.286873,36.722054,35.826702,40.737015,41.351048,40.978443,38.378395,36.36595,32.526787,33.19395,28.144709,29.108437,28.06314,26.7813,26.774569,25.176008,23.811445,25.7015,23.660965,27.649147
