,0,1,2,3,4,5,6,7,8,9,10,11,12,13,14,15,16,17,18,19,20,21,22,23,24,25,26,27,28,29,30,31,32,33,34,35,36,37,38,39,40,41,42,43,44,45,46,47,48,49,50,51,52,53,54,55,56,57,58,59,60,61,62,63,64,65,66,67,68,69,70,71,72,73,74,75,76,77,78,79,80,81,82,83,84,85,86,87,88,89,90,91,92,93,94,95,96,97,98,99,100,101,102,103,104,105,106,107,108,109,110,111,112
0,0.0,4.327469,6.0768723,9.898272,12.0351715,14.3982935,17.485966,21.16902,24.36663,26.794386,31.122898,29.310434,27.25896,26.600586,21.673534,22.15383,17.311531,18.004139,15.382913,15.56393,15.600692,11.83949,15.808201,16.36385,15.3700905,11.376497,16.079485,18.801252,16.38866,21.111393,19.832928,25.798119,29.137829,32.313065,33.61392,36.820534,39.602997,37.275837,35.303474,31.754179,31.408422,26.789639,24.966724,21.729813,22.479122,18.439774,14.453552,16.226124,15.609915,14.499268,15.05746,14.866613,12.951557,17.762527,20.23817,24.624928,24.94617,27.257229,31.80818,31.471743,28.01962,32.96646,32.03062,31.753841,36.328186,32.267456,35.453674,34.20057,33.577637,29.516708,25.485943,24.055159,25.258308,22.253794,26.37641,22.623337,26.080868,28.948587,29.943344,33.462543,33.253326,29.894205,33.515533,29.782093,28.554092,24.55618,25.56499,19.98321,21.21773,20.477732,21.613153,21.913084,25.80173,26.409935,26.205631,28.856094,30.472723,31.319231,34.44772,27.59931,33.84525,30.879938,34.67153,33.445427,35.721397,38.86145,38.996098,36.14767,40.81569,35.266064,38.63691,36.939903,39.562588
1,4.327469,0.0,5.2568483,6.6794286,9.106391,12.237755,14.780814,19.223028,21.662447,24.641653,28.414196,26.737568,25.125263,23.970032,19.266441,18.993729,14.010111,14.334532,11.193436,11.411821,11.39232,7.852803,12.238548,12.73358,13.033045,9.007449,14.545304,16.76255,13.223992,17.942047,16.402006,22.329687,25.837172,28.569414,30.222698,33.268795,36.137676,34.051815,31.838226,28.26393,28.385454,23.863745,22.037033,19.465559,20.454193,16.478132,12.619221,15.415953,15.703241,14.968627,14.747107,15.406746,12.820736,17.865007,19.57424,23.847258,23.56634,26.241098,30.458681,30.04043,26.516565,31.062714,29.570753,29.154219,33.283848,29.119339,32.124367,30.692286,29.910852,26.062944,21.956821,20.142921,21.226814,17.972393,22.113401,18.453657,21.983217,24.951155,26.151848,29.64917,29.70042,26.241821,29.923254,26.14847,24.65723,20.85798,21.654257,16.083529,17.689547,17.184765,18.988241,19.457499,23.696682,24.75194,25.094845,27.79602,29.229662,29.673037,32.419724,25.304758,31.206186,27.683218,31.507385,29.829105,32.049797,35.17932,35.052612,32.156357,36.708584,31.182123,34.446075,32.841778,35.42757
2,6.0768723,5.2568483,0.0,5.1284466,6.920258,8.378257,11.968607,15.147716,18.546701,20.938936,25.284271,23.305155,21.18885,20.655123,15.700728,16.515142,12.021775,13.144142,12.052027,12.775887,14.331188,11.94922,16.476913,15.7255745,16.501839,11.785459,16.441504,17.924868,13.65975,18.044096,15.6576,22.028093,24.055801,27.762594,28.558334,31.719847,34.673965,32.29424,30.760328,27.63094,26.661808,22.715813,20.172945,17.414326,19.05829,16.146795,12.648338,15.075771,14.840096,12.957571,12.000203,11.519309,8.0713,12.994529,15.454255,19.61708,20.226759,22.925465,27.134872,27.401009,24.16433,29.327557,28.091791,28.434155,32.642918,29.295204,32.614887,31.781242,31.601381,28.233397,23.706984,22.471771,22.579166,20.124666,22.943377,18.731594,21.926718,24.399672,25.030489,28.587967,27.924265,24.678392,28.253628,24.677954,24.051537,19.738472,21.841503,17.15663,18.950123,19.369474,20.682,22.47244,25.859646,25.789768,27.137104,29.08154,30.105244,30.454256,33.029804,26.181105,32.474144,28.827776,33.51727,31.42616,34.301647,37.56791,37.174248,34.02664,38.071903,32.105164,35.209534,32.975697,35.396255
3,9.898272,6.6794286,5.1284466,0.0,3.8303983,6.0775456,8.983511,13.141061,15.333329,18.630608,22.071054,20.132784,18.642761,17.306744,12.693277,12.384413,7.479551,8.445495,7.1193743,8.5876,10.674955,9.526457,14.104637,13.095745,15.724243,11.459832,16.472364,17.126749,11.191438,15.223014,12.024876,18.42612,20.234154,23.41115,24.613634,27.494682,30.67585,28.65657,26.885393,23.84961,23.420067,19.860489,17.097544,15.604757,17.766575,15.318706,12.373195,15.885705,16.686817,15.34136,13.488783,14.040127,10.05432,14.595381,15.889603,19.627125,19.485184,22.67505,26.276745,26.556427,23.335789,27.908657,25.876148,26.148039,29.613785,26.29685,29.346375,28.338686,28.002935,25.115435,20.507547,18.763622,18.379513,15.6470375,17.979494,13.68724,16.812193,19.37418,20.166113,23.721981,23.363436,20.017632,23.823359,20.227467,19.401016,15.258623,17.501406,13.262289,15.79111,16.826492,18.993605,21.094336,24.73033,25.146086,27.179514,29.10818,29.865604,29.689249,31.694324,24.65117,30.37021,25.938272,30.719404,27.898153,30.73731,33.958977,33.105793,29.870132,33.58858,27.5994,30.431324,28.209711,30.479784
4,12.0351715,9.106391,6.920258,3.8303983,0.0,5.2979436,5.6774354,10.7962885,12.652521,15.689892,19.37969,18.142946,16.94636,15.928494,11.584045,10.866801,7.2684627,6.7188954,8.071921,7.9367423,11.228363,11.355277,14.980332,12.551276,15.235141,10.923614,14.896754,14.79835,8.578728,12.214498,8.949351,15.4268465,17.233973,20.86498,21.721802,24.91826,27.804338,25.513802,23.871183,20.827908,19.997702,16.325335,13.568174,11.787767,14.096627,12.223637,9.862124,13.383972,14.473475,13.186657,10.750929,11.96054,8.460252,12.597249,12.799645,16.465294,15.821613,19.04497,22.587076,22.75549,19.542505,24.115881,22.159386,22.607414,26.239643,23.20812,26.460308,25.840275,25.969076,23.299868,18.51534,17.607285,16.735205,15.419169,17.103546,12.895339,16.409807,18.500998,19.375324,22.988808,22.192217,18.61257,21.70122,17.987045,17.302563,12.937821,15.253884,11.4203825,13.599784,15.173318,16.812544,19.86926,22.748169,22.52169,25.30514,26.721966,27.168348,26.830315,28.651482,21.81722,27.674482,23.328884,28.591137,25.766172,29.075825,32.390064,31.638037,28.316061,31.925896,25.752182,28.833475,26.355839,28.885618
5,14.3982935,12.237755,8.378257,6.0775456,5.2979436,0.0,6.017062,7.4538302,10.7939415,13.514175,17.404926,14.975632,12.941187,12.305166,7.380717,8.767915,5.7625012,8.0234995,10.445079,12.113997,15.382844,15.312806,19.527327,17.55408,20.493446,16.09432,20.002615,19.742712,13.416471,16.261372,12.0455885,18.289743,17.603619,21.925041,21.938955,24.799685,28.11715,25.858095,25.041,22.809961,21.01441,18.69624,14.914689,13.969968,17.136831,16.511261,14.583291,17.558695,18.089914,15.929586,13.06389,12.641259,7.9126325,10.821263,12.282714,15.241229,16.086658,19.450325,22.558413,23.845095,21.183455,26.14012,24.191221,25.457132,28.60999,26.509716,29.74388,29.469254,29.83321,27.743744,22.914944,21.855062,20.258041,18.736258,19.050152,14.481643,16.726772,18.322416,18.242926,21.734003,20.359125,17.421274,20.973446,17.828455,18.346773,13.799361,17.883913,15.488687,18.075987,20.137373,21.7923,25.119883,27.808367,27.15109,30.311697,31.404001,31.623114,31.192837,32.76059,26.250496,32.01288,27.397902,33.015057,29.638979,33.129883,36.398964,35.156055,31.710358,34.600033,28.263193,30.708286,27.727285,29.65619
6,17.485966,14.780814,11.968607,8.983511,5.6774354,6.017062,0.0,6.4838233,7.2164297,10.202542,13.839724,13.208188,12.546961,11.837391,8.476452,7.3102856,7.069059,5.617534,10.737531,10.376226,14.537642,16.054277,18.929407,15.5153475,18.838524,15.045331,17.605577,16.193535,9.7169075,11.213518,6.88114,12.695822,12.331403,16.920328,16.838148,20.164541,22.996082,20.495684,19.496386,17.108982,15.212702,12.700429,8.948927,8.437459,11.947304,12.432873,11.8386135,14.907337,16.268196,14.85619,11.452547,12.75122,9.700435,11.733994,10.307415,12.817469,11.818412,15.411703,18.116056,18.873854,16.140856,20.544287,18.269445,19.548067,22.616625,20.751719,24.070724,24.16623,25.013105,23.35015,18.508636,18.403236,16.19392,16.56464,16.145426,12.120284,15.05931,16.08161,16.55587,20.056726,18.447819,14.926099,17.18872,13.684303,13.992706,9.370012,13.15847,11.708076,13.813338,16.584389,17.820023,22.11725,23.92957,22.844673,26.962141,27.500887,27.281422,26.44603,27.531813,21.343283,26.828032,22.16427,28.192997,24.723806,28.668106,31.975077,30.841322,27.357609,30.127192,23.696777,26.51437,23.389383,25.795536
7,21.16902,19.223028,15.147716,13.141061,10.7962885,7.4538302,6.4838233,0.0,5.513998,6.395529,11.072831,9.111065,7.0684752,8.148351,5.3101583,7.627079,9.632865,10.551595,15.682104,16.491627,20.51776,21.639877,25.060633,21.953108,25.12842,21.046654,23.480854,22.05377,16.088495,17.029535,12.715282,17.374172,13.7690325,19.308287,17.679485,20.586214,23.63305,21.012772,21.429935,20.29616,16.822264,16.335323,11.867575,12.067063,15.976124,17.7392,17.41551,19.667166,20.288969,18.002447,14.393838,13.926346,10.620306,10.0885315,9.590467,10.354359,11.710174,15.110939,17.002478,19.400627,17.678282,22.476566,20.614159,23.008795,25.560986,25.085154,28.37062,29.050177,30.314192,29.24454,24.48459,24.48106,21.738392,22.123245,20.459661,16.436546,17.904345,18.025997,17.2525,20.349903,17.648039,15.20928,17.304575,14.913472,16.973696,12.685678,17.949833,17.860712,20.001547,22.977892,23.933338,28.490711,29.908903,28.126493,32.606396,32.650455,32.144726,31.293785,32.13017,26.625391,32.018986,27.438795,33.792454,29.996876,34.18103,37.413143,35.90295,32.35978,34.279408,27.816961,29.939232,26.218536,27.926937
8,24.36663,21.662447,18.546701,15.333329,12.652521,10.7939415,7.2164297,5.513998,0.0,4.7895603,6.7750187,6.4549212,7.263464,6.7514405,6.8901787,5.6425595,10.070811,9.42066,15.428181,15.77089,19.924479,22.189548,24.780823,21.263718,25.275475,21.935402,23.945065,21.7698,15.520067,15.087345,10.645434,13.737989,8.550173,14.035732,12.284872,15.094633,18.266008,15.907035,16.27065,15.591807,12.32235,13.055443,8.392295,11.108113,15.144661,17.69236,18.238798,20.88336,22.290707,20.763727,17.069763,17.835018,15.038089,14.921744,12.792835,12.809844,12.139857,15.668419,16.36506,18.398903,16.889273,20.400896,17.571703,19.970219,21.417736,21.424625,24.33723,25.143051,26.56067,26.308107,21.810877,21.951813,18.480532,19.82048,16.868351,13.577318,14.627362,13.969662,13.359868,16.274662,13.438034,10.707761,11.952542,9.593057,12.127304,8.408985,14.081944,15.768607,17.9479,21.489927,22.723417,27.56951,28.707642,27.189926,32.264954,32.126225,31.297548,29.921293,30.038958,24.837305,29.330004,24.248878,30.653065,26.264044,30.534655,33.627277,31.754517,28.211264,29.52234,23.127499,24.967354,21.048508,22.703867
9,26.794386,24.641653,20.938936,18.630608,15.689892,13.514175,10.202542,6.395529,4.7895603,0.0,6.010341,6.959605,7.240331,9.027256,9.726845,10.203845,14.287353,13.809228,19.811375,19.79818,24.054054,26.100084,28.686798,24.833363,28.20263,24.702559,25.993309,23.653015,18.352993,17.595951,13.950161,16.310286,10.517063,16.577995,13.514878,16.447535,18.888784,15.965198,17.454523,17.396145,12.656877,14.184687,9.918187,11.72756,15.568682,19.065456,20.058107,21.8652,22.854614,21.03786,17.319712,17.591866,15.677213,14.003212,11.301357,9.7294855,9.886638,12.906832,12.884732,15.9128685,15.213791,18.999956,16.992382,20.192648,21.853685,22.849459,25.945183,27.39836,29.366096,29.242165,24.839989,25.702148,22.244612,24.24108,21.306528,18.242796,19.283188,18.276148,17.389,19.892628,16.448952,14.417636,14.3619795,12.828201,15.815038,12.574445,17.705978,19.493725,21.068047,24.562523,25.028994,30.295582,30.690247,28.277649,33.71078,32.969513,31.855928,30.54648,30.57904,26.145784,30.780378,26.331545,32.99545,28.960072,33.555264,36.644814,34.99151,31.505718,32.597744,26.315502,28.199585,24.07925,25.711777
10,31.122898,28.414196,25.284271,22.071054,19.37969,17.404926,13.839724,11.072831,6.7750187,6.010341,0.0,5.252102,8.51272,8.784505,12.007503,10.982722,16.236162,15.470883,21.41279,21.621675,25.681044,28.451488,30.580463,26.81549,31.01483,28.083223,29.424507,26.685135,21.050488,19.402302,15.726907,16.372679,8.356112,13.372174,9.611432,11.460979,14.312686,12.1555605,14.309442,15.583685,11.299209,15.000413,11.172265,15.168636,18.814661,22.552244,23.910141,26.154142,27.651415,26.26269,22.550568,23.304346,21.109253,19.909927,17.142262,15.424751,14.6048765,17.35216,15.958333,18.71748,18.483702,20.619022,17.614574,20.774294,20.627073,22.482433,24.863657,26.396486,28.386517,29.294058,25.336372,25.970919,21.87281,24.253736,19.877293,17.76504,17.61982,15.563641,14.306632,15.9924755,12.158824,10.968317,9.477644,9.440636,13.443765,11.804641,16.99887,20.555973,22.350464,26.200949,27.164288,32.379696,32.766033,30.831669,36.595833,35.82454,34.476612,32.685654,31.958101,27.920076,31.403025,26.397478,32.856487,28.05783,32.51684,35.32368,33.040916,29.634813,29.629238,23.691347,24.686995,20.292366,21.261818
11,29.310434,26.737568,23.305155,20.132784,18.142946,14.975632,13.208188,9.111065,6.4549212,6.959605,5.252102,0.0,4.019455,4.0598044,8.2476015,8.705253,13.778898,14.500305,19.896872,21.212503,25.096743,27.277954,30.166203,27.095407,31.44657,28.065235,30.365091,28.208138,21.834024,21.25736,16.758497,19.031618,11.837814,16.47702,13.777148,15.102771,18.69524,17.024786,18.618513,19.36565,15.799599,18.39431,13.972601,17.251104,21.242756,24.119915,24.634691,27.207516,28.400343,26.548765,22.832869,22.83368,19.725586,18.725328,17.393114,16.247168,16.781889,19.85766,19.386803,22.434755,21.780107,24.840904,21.985628,24.874428,25.197876,26.254713,28.723131,29.72869,31.19229,31.630438,27.37507,27.166012,23.327297,24.282694,20.196901,17.328081,16.615997,14.972504,12.96116,14.852054,10.979575,10.338985,11.433394,11.216459,15.107673,12.720468,18.7558,21.408709,23.86773,27.519562,28.99328,33.768906,34.954395,33.4249,38.662186,38.390907,37.400356,35.874554,35.61977,30.844662,34.831196,29.542002,35.865498,30.955927,35.10593,37.97776,35.51323,32.025112,32.259323,26.199438,26.928316,22.677246,23.200289
12,27.25896,25.125263,21.18885,18.642761,16.94636,12.941187,12.546961,7.0684752,7.263464,7.240331,8.51272,4.019455,0.0,3.9983764,6.267474,8.983099,12.9938965,14.639548,19.680527,21.349857,25.205399,26.721485,30.154987,27.34154,31.279171,27.454247,30.068415,28.342712,21.987827,22.185287,17.545918,20.934511,14.695618,19.734285,17.27437,18.965609,22.468494,20.503597,21.942194,22.1776,18.436232,20.1162,15.4956,17.60142,21.648724,24.10293,24.121574,26.525774,27.28432,25.009604,21.379292,20.664078,17.289223,16.003273,15.683476,14.789919,16.484137,19.542467,19.789993,23.09332,22.26163,26.17547,23.836096,26.733702,27.856245,28.493864,31.276972,32.169273,33.520153,33.393044,28.88325,28.543842,25.101295,25.43156,22.159636,18.662786,18.340227,17.360376,15.37035,17.584187,14.046756,13.245284,15.194774,14.4245205,17.85622,14.693811,20.793993,22.37491,24.9034,28.286757,29.659132,34.285194,35.700123,34.04076,38.930992,38.8023,38.0199,36.807774,37.01458,31.944246,36.55718,31.484219,37.856544,33.269985,37.404915,40.411,38.177074,34.641308,35.37642,29.15822,30.18276,26.066801,26.748499
13,26.600586,23.970032,20.655123,17.306744,15.928494,12.305166,11.837391,8.148351,6.7514405,9.027256,8.784505,4.0598044,3.9983764,0.0,5.0512147,6.1886444,10.642244,12.357179,17.069828,19.116808,22.744095,24.543472,27.839426,25.333302,29.810587,26.27664,29.285038,27.576347,20.731726,20.931646,16.011831,19.35625,13.36003,17.568094,15.936869,17.273518,21.246645,19.788403,20.59768,20.672726,17.918013,19.468708,14.889722,17.716673,21.765593,23.774311,23.651628,26.5862,27.718182,25.767162,22.166285,21.970066,18.178541,17.960176,17.55074,17.351574,18.148132,21.51669,21.900307,24.627508,23.423609,26.927286,23.985956,26.423592,27.133945,27.324017,29.833624,30.325403,31.306751,31.301968,26.894865,26.028505,22.5196,22.38977,18.810469,15.414681,14.585023,13.621921,11.534537,13.896515,10.732375,9.767416,12.778458,11.870134,15.093534,12.184947,18.385231,20.202887,23.104315,26.515194,28.434704,32.736874,34.58414,33.562283,38.29004,38.50752,37.841957,36.493336,36.598263,31.193748,35.458908,29.956154,36.051277,31.146744,34.98773,37.90831,35.419216,31.900112,32.553375,26.414274,27.184717,23.222347,23.72818
14,21.673534,19.266441,15.700728,12.693277,11.584045,7.380717,8.476452,5.3101583,6.8901787,9.726845,12.007503,8.2476015,6.267474,5.0512147,0.0,4.919371,6.9943776,9.631005,13.861999,16.077978,19.659283,20.756975,24.531425,22.272013,26.267952,22.3523,25.768959,24.600628,17.757341,18.984127,14.013954,18.802345,14.795655,19.304672,18.364328,20.453869,24.231962,22.364052,22.49627,21.561975,19.070688,19.017532,14.449399,15.850802,19.786812,20.895838,20.100107,23.064453,23.92648,21.787477,18.37028,17.901775,13.662868,14.209571,14.680374,15.63221,16.76114,20.267992,21.823029,24.145758,22.345345,26.633127,24.083101,26.145422,27.92154,27.174173,30.047338,30.22682,30.955189,30.096918,25.421185,24.396502,21.554424,20.72364,18.600601,14.43057,14.799338,15.051476,13.765914,16.804516,14.509009,12.518798,16.098196,14.024972,16.143478,12.194893,17.983593,18.160492,21.095667,24.075726,25.952751,29.928497,32.152466,31.242105,35.399784,35.957962,35.636486,34.653374,35.360687,29.43621,34.391785,29.153683,35.155956,30.783295,34.525528,37.62484,35.59108,32.046535,33.636944,27.303425,28.76985,25.160082,26.26124
15,22.15383,18.993729,16.515142,12.384413,10.866801,8.767915,7.3102856,7.627079,5.6425595,10.203845,10.982722,8.705253,8.983099,6.1886444,4.919371,0.0,5.4506097,6.2143903,11.196101,12.951457,16.612606,18.686552,21.716825,19.189419,23.862953,20.577797,23.814177,22.241491,15.078367,15.666578,10.560516,14.7624855,11.205499,14.914842,14.836205,16.900303,20.768486,19.22921,18.639057,17.454483,15.9733925,15.84465,11.544718,14.105725,17.904154,18.975872,18.577261,22.008116,23.540031,22.098152,18.682577,19.376968,15.517934,16.848082,16.067808,17.213137,16.767393,20.441072,21.742353,23.322512,21.287228,24.743235,21.522074,23.108625,24.363699,23.302671,25.889223,25.826357,26.388824,25.833107,21.317123,20.14698,16.988758,16.512625,13.8180685,9.863855,10.40537,10.651607,10.061175,13.452527,11.727321,8.730296,12.496259,9.808558,11.365929,7.5032916,13.339826,14.23903,17.36342,20.603674,22.870775,26.822332,29.0874,28.670433,32.990555,33.647736,33.256,31.97563,32.348377,26.361137,30.734083,25.117085,30.944315,26.265062,29.896446,32.927334,30.745691,27.205704,28.747128,22.432896,23.938564,20.454468,21.773006
16,17.311531,14.010111,12.021775,7.479551,7.2684627,5.7625012,7.069059,9.632865,10.070811,14.287353,16.236162,13.778898,12.9938965,10.642244,6.9943776,5.4506097,0.0,4.520994,6.8934383,9.766457,12.892518,14.003152,17.77435,16.12791,20.534718,16.98441,21.213974,20.524458,13.263524,15.41643,10.583246,16.219454,15.314583,18.418179,19.292349,21.54866,25.282314,23.718946,22.41669,20.320078,19.652142,17.916843,14.173966,15.148481,18.43711,17.926254,16.422894,20.1733,21.520432,20.09729,17.184366,17.767256,13.401257,16.195564,16.531502,18.917776,18.682518,22.322927,24.662952,25.715061,23.08074,27.032446,24.123428,25.046637,27.126005,24.896536,27.59813,26.912928,26.864038,25.337177,20.715149,18.81533,16.757544,14.589226,14.043454,9.429668,11.09777,12.960505,13.100498,16.632896,15.994301,12.91415,17.230032,14.0958395,14.211085,10.172738,14.434765,12.971787,16.36326,18.808708,21.454832,24.521606,27.655514,27.868353,31.213543,32.550674,32.679382,31.799513,32.82472,26.172386,31.031603,25.620413,30.938156,26.803984,29.954283,33.056286,31.248405,27.799892,30.277126,24.086214,26.026958,23.20909,24.81785
17,18.004139,14.334532,13.144142,8.445495,6.7188954,8.0234995,5.617534,10.551595,9.42066,13.809228,15.470883,14.500305,14.639548,12.357179,9.631005,6.2143903,4.520994,0.0,6.167442,6.782671,10.675199,13.025285,15.683469,12.999459,17.739595,14.715327,18.2209,16.959187,9.560553,11.092402,6.2508516,11.827843,12.379874,15.121197,16.522503,19.171682,22.481195,20.824938,18.95436,16.345741,16.291157,13.920975,10.7305975,11.989406,14.971158,14.529011,13.631274,17.57228,19.49808,18.732971,15.812019,17.5056,14.041996,16.918219,15.90205,18.320776,16.815638,20.413578,22.664394,23.012527,20.184668,23.560549,20.407999,20.924885,23.031101,20.463516,23.169779,22.464178,22.52512,21.026855,16.35963,14.90372,12.627275,11.648528,11.191748,6.809351,10.021552,11.837192,12.943334,16.538942,16.05883,12.264608,15.589057,11.865523,11.050454,6.8671527,10.217701,8.73919,12.04922,14.839928,17.449717,20.890638,23.679317,23.946085,27.622332,28.81593,28.805153,27.722237,28.547009,21.929554,26.566042,21.103344,26.505564,22.422571,25.761702,28.932457,27.341576,23.869024,26.631031,20.35143,22.839369,20.14886,22.367193
18,15.382913,11.193436,12.052027,7.1193743,8.071921,10.445079,10.737531,15.682104,15.428181,19.811375,21.41279,19.896872,19.680527,17.069828,13.861999,11.196101,6.8934383,6.167442,0.0,4.783262,6.318109,7.8571014,11.192255,10.571348,15.508858,12.945777,17.81965,17.70369,10.902826,13.781359,10.396113,15.59522,17.928707,19.344152,21.752851,23.99382,27.364216,26.138779,23.64042,20.590122,21.721792,18.626802,16.295818,16.784603,18.937521,16.794037,14.766372,19.011923,20.868612,20.448315,18.368975,19.997591,16.330545,20.335293,20.324976,23.4331,22.114717,25.565271,28.321112,28.244505,25.07532,28.379244,25.299488,25.030302,27.25577,23.628344,25.96331,24.348783,23.39399,21.10551,16.848063,13.858424,13.197564,9.18739,11.514076,7.604476,10.838599,13.992625,15.556102,18.925846,19.649147,16.151005,20.227354,16.649248,14.821202,11.778735,13.005376,9.413977,12.943247,14.36328,17.901976,19.600859,23.743261,25.312037,27.624857,29.785473,30.379208,29.60578,30.887825,23.772783,28.222057,22.874102,27.127064,23.467264,25.782167,28.799173,27.358982,24.161171,27.621267,21.932081,24.36892,22.625551,24.727224
19,15.56393,11.411821,12.775887,8.5876,7.9367423,12.113997,10.376226,16.491627,15.77089,19.79818,21.621675,21.212503,21.349857,19.116808,16.077978,12.951457,9.766457,6.782671,4.783262,0.0,4.3000045,7.4836183,9.022406,6.452991,11.661023,9.6063385,13.67706,13.186448,6.645537,9.5903635,7.5587487,12.348599,16.716566,17.949402,20.603458,23.32202,26.053757,24.564617,21.634432,17.974943,19.546236,15.467991,14.140189,14.0301,15.404487,12.785619,11.11601,15.438747,17.784828,18.076796,16.23797,18.830343,16.198862,20.215809,19.222645,22.46028,20.217531,23.407309,26.292717,25.46812,22.08417,24.972164,22.031094,21.227348,23.909237,19.725124,22.199461,20.552904,19.72277,16.95983,12.531304,10.228981,10.085791,7.741232,11.1851015,8.183887,12.657309,15.43346,17.561443,20.920567,21.453693,17.526402,20.478075,16.550375,14.021438,11.163627,10.541894,5.310963,8.381988,9.667768,13.125877,15.1270485,19.003044,20.621153,23.046053,25.13978,25.714025,24.911171,26.256832,19.080633,23.623322,18.569574,22.848125,19.708395,22.249651,25.425476,24.572891,21.406702,25.500397,19.81451,23.074366,21.55423,24.369816
20,15.600692,11.39232,14.331188,10.674955,11.228363,15.382844,14.537642,20.51776,19.924479,24.054054,25.681044,25.096743,25.205399,22.744095,19.659283,16.612606,12.892518,10.675199,6.318109,4.3000045,0.0,4.7361283,5.1881623,5.1913548,10.446184,9.640349,14.207025,14.54158,9.603424,12.590683,11.60347,15.464514,20.505047,20.888157,24.105555,26.529537,29.225304,28.055552,24.753542,20.948523,23.266165,19.028595,18.198639,17.977814,18.838701,15.453392,13.381471,17.528648,19.826406,20.488987,19.254944,21.827755,19.277214,23.685917,23.075691,26.530294,24.298664,27.36659,30.387058,29.283186,25.793566,28.403452,25.48006,24.157347,26.70491,21.941069,23.985382,21.702465,20.099445,16.838997,13.154265,9.695009,11.136817,6.8366766,12.316124,10.312229,14.344994,17.561499,19.940636,23.062428,24.250881,20.490213,23.686169,19.893284,16.895433,14.767773,13.159969,7.72082,10.106824,9.912705,13.957538,14.186331,19.069418,21.80228,23.111584,25.902933,26.882744,26.253101,27.795177,20.561827,24.593353,19.788841,22.918577,20.22804,21.83177,24.792854,24.136524,21.304512,25.866028,20.840942,24.025003,23.246254,25.983372
21,11.83949,7.852803,11.94922,9.526457,11.355277,15.312806,16.054277,21.639877,22.189548,26.100084,28.451488,27.277954,26.721485,24.543472,20.756975,18.686552,14.003152,13.025285,7.8571014,7.4836183,4.7361283,0.0,5.283403,7.670074,10.453406,8.87073,14.488478,16.018072,11.900382,15.870343,14.780197,19.493027,24.154202,25.196266,28.039593,30.592539,33.434063,32.042305,29.006033,25.218365,26.956524,22.500406,21.349348,20.237402,21.045227,17.028915,14.0034275,17.78599,19.42323,19.796963,19.114704,21.077003,18.429968,23.268106,23.628504,27.50625,25.970327,28.938953,32.484394,31.546143,27.946386,31.235107,28.79761,27.628376,30.757706,25.970615,28.249071,26.03911,24.442198,20.72958,17.172453,14.035885,15.825869,11.319581,16.667997,14.1123905,17.750877,21.122528,23.09692,26.312431,27.363857,23.769463,27.421427,23.639212,21.078371,18.403412,17.601057,11.908232,13.891441,13.022617,16.384651,15.829144,21.058775,23.697744,24.05449,27.227442,28.607391,28.480268,30.610052,23.301914,27.916859,23.705183,26.624313,24.547941,25.967127,28.8672,28.49794,25.8138,30.513062,25.574045,28.685543,27.854242,30.438272
22,15.808201,12.238548,16.476913,14.104637,14.980332,19.527327,18.929407,25.060633,24.780823,28.686798,30.580463,30.166203,30.154987,27.839426,24.531425,21.716825,17.77435,15.683469,11.192255,9.022406,5.1881623,5.283403,0.0,5.3577695,8.0121155,9.156097,13.316984,14.688831,12.253103,15.33809,15.732721,18.916756,25.017555,25.067915,28.515831,31.009064,33.35945,32.182873,28.586569,24.477436,27.19673,22.376047,22.275932,21.3257,21.348152,17.051323,14.693299,18.237812,20.413708,21.681238,21.308977,24.066547,22.166658,26.855696,26.370096,30.127823,27.740572,30.480108,33.829334,32.19452,28.53761,30.92583,28.388319,26.468481,29.382792,23.983662,25.804089,23.109896,21.01479,16.890673,14.19013,10.882965,13.989062,10.0786705,16.430832,15.222874,19.125349,22.378485,24.915829,27.902096,29.308376,25.553375,28.528173,24.722094,21.419115,19.610111,17.075438,11.294594,12.236519,10.234377,13.905424,11.969107,17.669603,21.38428,21.171494,24.707026,26.217052,25.980484,27.980543,20.883669,24.638988,20.783705,22.627054,21.186672,21.932549,24.665613,24.801554,22.486794,27.747198,23.49155,26.952492,26.834574,29.766193
23,16.36385,12.73358,15.7255745,13.095745,12.551276,17.55408,15.5153475,21.953108,21.263718,24.833363,26.81549,27.095407,27.34154,25.333302,22.272013,19.189419,16.12791,12.999459,10.571348,6.452991,5.1913548,7.670074,5.3577695,0.0,6.0906153,6.8196125,9.77765,10.01282,7.3783503,10.095762,11.300302,14.111212,20.806633,21.216255,24.364956,27.233654,29.215868,27.716795,24.181137,19.907202,22.39999,17.257776,17.576916,16.44629,16.1964,12.128731,10.474841,14.185192,16.859814,18.365625,17.652199,20.99907,19.622026,23.875172,22.506784,26.029385,23.102036,25.715786,28.905622,27.035267,23.398888,25.582197,23.099012,21.176243,24.389853,19.065386,21.267576,19.023668,17.627563,13.506141,9.91275,7.9890227,10.557303,9.14422,14.58,13.272347,17.803185,20.547834,23.139118,26.263273,27.105585,23.09274,25.293076,21.340818,18.074574,16.111757,13.166116,6.9766364,7.151141,5.3857117,9.109069,9.120478,13.938178,16.89418,17.961191,20.823502,21.920074,21.41966,23.242481,16.00466,20.26178,16.273802,19.184416,17.619518,19.406801,22.509779,22.786997,20.14144,25.374435,20.568161,24.54614,23.9681,27.31682
24,15.3700905,13.033045,16.501839,15.724243,15.235141,20.493446,18.838524,25.12842,25.275475,28.20263,31.01483,31.44657,31.279171,29.810587,26.267952,23.862953,20.534718,17.739595,15.508858,11.661023,10.446184,10.453406,8.0121155,6.0906153,0.0,4.8882523,5.8504148,8.282568,10.028264,13.032341,15.406662,18.094872,25.239176,26.184633,28.924858,32.159573,33.72157,31.819141,28.415585,23.966757,25.984438,20.182953,21.057777,18.438595,17.115944,11.951439,9.792116,12.022735,14.248183,16.511137,17.067318,20.523968,20.334496,24.657444,23.474194,27.351963,24.511473,26.511892,30.294395,27.894196,24.119154,26.499313,25.032562,22.797533,27.039003,21.47527,23.89219,21.863415,20.693954,15.76334,13.046678,12.71415,15.811055,15.126956,20.601868,19.181929,23.773897,26.460894,28.928589,32.150166,32.70707,28.640663,30.577656,26.56081,23.50209,21.250572,18.339592,12.241177,10.958143,7.777409,8.672718,6.6406035,11.546049,14.589019,13.709317,17.285204,19.104433,19.467007,22.303621,15.419822,20.307686,18.175442,20.301033,20.563929,22.112684,25.078661,26.392353,24.16398,29.848234,25.448418,29.783672,29.337938,32.923325
25,11.376497,9.007449,11.785459,11.459832,10.923614,16.09432,15.045331,21.046654,21.935402,24.702559,28.083223,28.065235,27.454247,26.27664,22.3523,20.577797,16.98441,14.715327,12.945777,9.6063385,9.640349,8.87073,9.156097,6.8196125,4.8882523,0.0,5.946386,8.353251,7.7872686,12.02079,13.160066,17.355125,23.332153,25.301882,27.424807,30.828342,32.7527,30.560158,27.687632,23.488203,24.49325,18.891504,18.8258,15.740246,15.11433,10.006931,6.6329355,9.529939,11.32493,12.751658,13.011955,16.069933,15.548036,20.028364,19.361038,23.457207,21.27162,23.476429,27.551609,25.763674,21.975883,25.367594,24.034563,22.602362,27.13514,22.221418,25.153414,23.651382,23.002392,18.585415,14.864681,14.454948,16.404049,15.376043,20.153576,17.708788,22.258348,24.90514,26.93878,30.371815,30.484835,26.482803,28.775167,24.726856,22.312397,19.246563,17.745888,11.561725,11.235919,9.559808,10.408811,10.833156,14.701426,16.119915,16.399118,19.218056,20.715418,21.10575,23.963268,16.880169,22.696875,20.013142,23.409779,22.81017,25.088793,28.259531,29.012718,26.368486,31.569286,26.448158,30.566246,29.436007,32.81266
26,16.079485,14.545304,16.441504,16.472364,14.896754,20.002615,17.605577,23.480854,23.945065,25.993309,29.424507,30.365091,30.068415,29.285038,25.768959,23.814177,21.213974,18.2209,17.81965,13.67706,14.207025,14.488478,13.316984,9.77765,5.8504148,5.946386,0.0,4.130366,9.101258,11.575987,14.671948,17.159727,24.050093,25.94472,27.828495,31.51427,32.638027,30.17511,27.261135,22.911469,23.889204,17.804832,19.016129,15.221073,13.093429,7.7295218,6.1823335,6.7346272,9.144671,12.057677,13.016987,16.922134,17.999168,21.633902,19.827507,23.571241,20.550703,21.99284,26.008518,23.30583,19.54855,22.223236,21.634714,19.658894,24.83824,19.809425,22.836601,21.738668,21.638428,17.022116,13.950491,15.453692,17.50702,18.503227,22.817833,21.028711,25.752745,27.932108,30.131306,33.463226,33.29256,29.17841,30.432981,26.439116,23.936512,21.285261,18.874083,13.434011,11.343667,9.147691,7.191973,8.285172,10.049491,10.615717,10.793977,13.318685,14.915747,15.632727,18.958218,12.395803,18.582245,17.409805,20.58285,21.27318,23.806684,26.935083,28.489992,26.10976,31.505823,26.737455,31.343176,30.335299,34.135464
27,18.801252,16.76255,17.924868,17.126749,14.79835,19.742712,16.193535,22.05377,21.7698,23.653015,26.685135,28.208138,28.342712,27.576347,24.600628,22.241491,20.524458,16.959187,17.70369,13.186448,14.54158,16.018072,14.688831,10.01282,8.282568,8.353251,4.130366,0.0,7.4126716,8.317463,12.284717,13.693677,20.846567,22.628412,24.388462,28.130453,28.94128,26.435282,23.509169,19.174437,20.190998,14.045804,15.841492,12.339864,9.798332,4.9848094,5.774813,6.637956,9.903785,12.720313,12.787771,17.140574,18.233816,21.301897,18.556726,21.803389,18.079067,19.504953,23.0552,20.096094,16.385994,18.484793,17.65914,15.545947,20.728296,15.815454,19.003145,18.270615,18.691559,14.560936,11.248068,13.802349,15.145075,17.513247,20.92968,19.473125,24.160639,25.919882,28.166317,31.376547,31.026814,26.904432,27.529728,23.63471,21.152206,18.81162,16.062792,11.512148,8.754244,7.4651356,4.337289,8.374089,8.570128,8.136453,10.818423,12.201149,12.979287,12.970923,15.738594,8.846557,15.356473,13.882148,17.876093,18.225101,21.356327,24.583864,26.010471,23.508707,28.611002,23.736404,28.440437,27.26743,31.192959
28,16.38866,13.223992,13.65975,11.191438,8.578728,13.416471,9.7169075,16.088495,15.520067,18.352993,21.050488,21.834024,21.987827,20.731726,17.757341,15.078367,13.263524,9.560553,10.902826,6.645537,9.603424,11.900382,12.253103,7.3783503,10.028264,7.7872686,9.101258,7.4126716,0.0,4.7550287,5.6960263,9.84808,15.6618805,17.854359,19.701569,23.226347,25.035965,22.777315,20.027983,15.974922,16.757505,11.370172,11.213955,9.140153,9.312592,6.186004,5.554397,9.611522,12.460221,13.403443,11.70009,15.376816,14.449752,17.871033,15.603858,18.864105,15.725869,18.382277,21.609022,20.010653,16.389719,19.340096,17.156363,16.181616,20.18472,15.94823,19.157217,18.300568,18.498106,15.359764,10.6506195,11.279173,11.12243,12.422525,15.023246,12.641612,17.268831,19.14501,21.17182,24.53135,24.199263,20.09212,21.56685,17.534952,15.30657,12.252759,10.895076,5.885025,5.794781,7.28102,8.426956,12.410001,14.582462,14.771673,18.082188,19.41783,19.727448,19.030302,20.67436,13.572615,19.21681,15.181303,20.266216,18.193937,21.627678,25.010511,25.042141,21.937664,26.314327,20.55635,24.635494,22.853619,26.312239
29,21.111393,17.942047,18.044096,15.223014,12.214498,16.261372,11.213518,17.029535,15.087345,17.595951,19.402302,21.25736,22.185287,20.931646,18.984127,15.666578,15.41643,11.092402,13.781359,9.5903635,12.590683,15.870343,15.33809,10.095762,13.032341,12.02079,11.575987,8.317463,4.7550287,0.0,5.126678,5.678584,12.807131,14.444965,16.341787,19.956768,21.17261,18.915031,15.897919,11.656303,12.952649,7.280572,8.596052,7.8239594,7.5236516,6.8071127,8.722722,11.6865,14.850974,16.087774,14.086115,18.024021,17.531174,20.02785,16.631195,18.986279,14.835806,17.286146,19.625935,17.577017,14.216893,15.892306,13.100663,11.804312,15.461121,11.293742,14.615226,14.21391,15.10872,12.8617115,8.212515,10.459816,9.17866,12.983742,14.122626,12.800202,17.152454,18.290436,20.499413,23.550617,23.073977,18.978308,19.25256,15.391782,12.95709,10.853504,8.239587,5.865226,4.26301,7.411976,7.8142815,13.059341,13.742234,13.397319,18.092478,18.581303,18.195639,16.785038,17.511017,10.868522,15.824511,11.301388,17.18539,14.678884,18.77663,22.168425,22.13884,18.988873,22.991814,17.23111,21.543987,19.668041,23.423916
30,19.832928,16.402006,15.6576,12.024876,8.949351,12.0455885,6.88114,12.715282,10.645434,13.950161,15.726907,16.758497,17.545918,16.011831,14.013954,10.560516,10.583246,6.2508516,10.396113,7.5587487,11.60347,14.780197,15.732721,11.300302,15.406662,13.160066,14.671948,12.284717,5.6960263,5.126678,0.0,6.4927998,10.20798,12.890152,14.396016,17.839481,20.05189,17.901733,15.49082,12.01777,12.305824,8.317167,6.632169,7.4220805,9.571396,9.6786375,10.296809,13.8864565,16.475435,16.6073,13.829259,16.863249,15.085674,17.539698,14.776337,17.042118,13.8464,17.053385,19.249647,18.488562,15.411417,18.068474,14.917756,14.914609,17.65922,14.690883,17.7831,17.45805,18.153275,16.570913,11.78082,12.190086,9.799523,11.970235,11.889789,9.26553,13.341919,14.472532,16.24448,19.537071,18.82526,14.734834,15.943412,11.93103,10.240269,6.7661023,7.1640654,5.7283025,7.4067974,10.844812,12.460889,17.012693,18.614346,18.310001,22.750261,23.392815,23.054413,21.737328,22.357656,15.946483,20.664978,15.532593,21.433775,17.864243,21.82256,25.14511,24.22295,20.796135,24.02414,17.739607,21.241732,18.700518,21.854816
31,25.798119,22.329687,22.028093,18.42612,15.4268465,18.289743,12.695822,17.374172,13.737989,16.310286,16.372679,19.031618,20.934511,19.35625,18.802345,14.7624855,16.219454,11.827843,15.59522,12.348599,15.464514,19.493027,18.916756,14.111212,18.094872,17.355125,17.159727,13.693677,9.84808,5.678584,6.4927998,0.0,8.50991,8.960958,11.224855,14.614914,15.676685,13.802692,10.388464,6.1494484,8.676649,4.9385233,6.6657734,9.53533,10.303317,11.941138,14.207708,16.976843,20.010378,20.889633,18.352913,21.888107,20.92663,22.674206,18.846416,20.10067,15.7071295,18.263414,19.161682,17.539001,15.00776,15.2670765,11.112788,10.290466,11.672968,8.720092,11.527512,11.682154,13.210096,13.088083,9.174802,11.316222,7.9390974,13.317278,11.841722,11.642631,15.01092,15.133331,17.374363,19.941923,19.398663,15.512541,14.617242,11.118285,8.568761,8.085203,4.8130903,7.784129,7.4309626,11.268458,12.2433815,17.229118,17.41015,17.04314,22.422712,22.359198,21.37124,19.261421,18.635466,13.3391285,16.287302,10.610119,16.943789,12.795045,17.383919,20.581108,19.637081,16.280876,19.042143,12.957963,16.936125,14.562949,18.340738
32,29.137829,25.837172,24.055801,20.234154,17.233973,17.603619,12.331403,13.7690325,8.550173,10.517063,8.356112,11.837814,14.695618,13.36003,14.795655,11.205499,15.314583,12.379874,17.928707,16.716566,20.505047,24.154202,25.017555,20.806633,25.239176,23.332153,24.050093,20.846567,15.6618805,12.807131,10.20798,8.50991,0.0,6.1940746,4.5427485,8.297999,10.666981,8.488813,7.768701,7.5404477,5.361572,8.318785,5.8430448,11.433648,14.25625,17.610466,19.538324,22.157803,24.49909,24.191381,20.819881,23.093292,21.360044,21.684706,18.00476,17.692154,14.456757,17.335556,16.679588,17.18404,15.960237,16.757128,12.507607,14.379794,13.90951,14.671882,16.903214,18.10847,20.035297,21.124596,17.470016,18.525969,14.28358,18.061497,13.882383,12.906254,14.037881,12.432635,13.140279,15.263076,13.189976,10.079506,7.7313843,5.19206,6.8964634,6.4065166,9.396659,14.008915,15.264954,19.236654,20.338049,25.452456,25.68343,24.44485,30.228931,29.670153,28.34046,26.222145,25.194267,20.937765,23.709238,18.298336,24.604164,19.701723,24.198095,27.037256,24.997932,21.589945,22.18358,16.039564,18.021708,14.008857,16.353271
33,32.313065,28.569414,27.762594,23.41115,20.86498,21.925041,16.920328,19.308287,14.035732,16.577995,13.372174,16.47702,19.734285,17.568094,19.304672,14.914842,18.418179,15.121197,19.344152,17.949402,20.888157,25.196266,25.067915,21.216255,26.184633,25.301882,25.94472,22.628412,17.854359,14.444965,12.890152,8.960958,6.1940746,0.0,5.0836563,6.3961596,8.456838,8.519632,5.3379703,5.5651274,8.352843,10.983188,10.648712,15.999986,17.945677,20.565218,22.56338,25.49745,28.286201,28.558983,25.485737,28.226347,26.388592,27.35287,23.757462,23.755362,20.12252,22.785963,21.934902,21.65565,20.399786,19.71593,14.8803,15.417193,12.905235,13.330925,14.156925,14.785884,16.299452,18.625002,16.003435,16.675623,12.134576,16.559452,11.403962,12.615226,13.052417,11.058554,12.73165,13.96117,13.351866,10.574394,7.3595924,5.8774314,4.8174114,8.332344,8.076739,14.312587,15.420998,19.205294,20.922077,25.339573,25.705881,25.52965,31.076443,30.789015,29.456205,26.956497,25.283506,21.390192,22.451065,16.473621,21.850378,16.132608,20.126076,22.57647,19.897095,16.624136,16.301943,10.431235,11.927601,7.9127913,10.725703
34,33.61392,30.222698,28.558334,24.613634,21.721802,21.938955,16.838148,17.679485,12.284872,13.514878,9.611432,13.777148,17.27437,15.936869,18.364328,14.836205,19.292349,16.522503,21.752851,20.603458,24.105555,28.039593,28.515831,24.364956,28.924858,27.424807,27.828495,24.388462,19.701569,16.341787,14.396016,11.224855,4.5427485,5.0836563,0.0,4.216013,6.185743,4.7453322,4.9772525,7.444182,6.0063725,11.0490465,9.906296,15.395122,17.755867,21.432972,23.682074,26.142889,28.578766,28.42552,25.098177,27.39943,25.797586,25.81461,21.960264,21.061663,17.765627,20.181347,18.491125,19.006884,18.486094,17.956646,13.485342,15.405473,13.024405,15.229106,16.590048,18.21148,20.421623,22.573528,19.65582,20.87967,16.421585,20.693106,15.674134,15.792326,16.017284,13.605978,14.142223,15.261135,13.194934,11.09666,6.4822946,6.338902,8.34248,9.978391,11.835893,17.426876,18.415136,22.345516,23.393553,28.429878,28.253391,27.04355,33.070972,32.220165,30.60152,28.165823,26.443888,23.13266,24.738987,19.416342,25.340132,20.111565,24.491726,26.966238,24.541769,21.366634,20.732664,15.237089,16.377333,12.103721,13.990462
