,0,1,2,3,4,5,6,7,8,9,10,11,12,13,14,15,16,17,18,19,20,21,22,23,24,25,26,27,28,29,30,31,32,33,34,35,36,37,38,39,40,41,42,43,44,45,46,47,48,49,50,51,52,53,54,55,56,57,58,59,60,61,62,63,64,65,66,67,68,69,70,71,72,73,74,75,76,77,78,79,80,81,82,83,84,85,86,87,88,89,90,91,92,93,94,95,96,97,98,99,100,101,102,103,104,105,106,107,108,109
0,0.0,4.3327394,6.4083896,9.623769,12.1581545,15.023798,17.934492,21.833689,25.040955,27.46602,31.469267,31.817377,28.7111,27.7802,22.77769,23.88307,18.50776,20.6967,15.81622,18.7525,17.807056,13.6438465,18.086554,21.807423,22.672508,22.91751,27.499506,28.721857,25.043549,29.498844,27.414389,33.39626,35.184597,38.17388,39.740555,41.973206,45.57536,44.146442,41.89422,38.66545,38.477272,35.02471,32.768166,29.122862,31.302172,27.404459,30.130634,28.84146,32.395016,35.246048,36.90483,40.987713,44.283108,45.760933,43.53675,46.893475,42.579906,45.072468,46.55169,41.634758,39.435207,41.00023,39.899925,39.40551,43.882034,39.66356,42.97104,40.946144,44.662067,39.513477,36.676876,38.53868,37.01238,39.46193,39.46609,37.08234,40.288692,38.50122,40.172615,42.360996,39.42605,35.542156,36.03541,32.21783,32.393803,27.90284,30.57855,25.874317,28.38463,28.27666,32.301773,30.318024,33.402477,31.87501,30.52374,32.11501,30.098806,26.058441,26.105291,23.065863,22.65624,17.886051,15.80326,17.124107,19.701311,23.01646,26.328947,28.48802,32.216633,34.6205
1,4.3327394,0.0,5.2824826,6.033089,8.718529,12.205216,14.415861,18.945316,21.572842,24.424025,28.104013,28.905226,25.949255,24.66537,19.674809,20.175936,14.676872,16.508492,11.511254,14.483229,13.73421,9.908434,14.862564,18.329042,19.83771,19.85986,24.155254,25.006214,21.077179,25.41013,23.38714,29.228535,31.292995,34.06945,35.82361,38.083935,41.600224,40.22246,37.802143,34.49601,34.558475,31.04797,28.95059,25.417124,27.57906,23.881802,26.798096,25.857454,29.397528,32.203663,33.639378,37.745487,40.9533,42.173454,39.841488,43.22702,38.82651,41.243137,42.918114,37.946404,35.61769,37.259434,35.930954,35.51992,39.85818,35.738083,39.136234,37.087326,40.73761,35.61321,32.654648,34.355583,32.746803,35.193386,35.13375,32.78203,36.019753,34.28865,36.059036,38.30618,35.514675,31.575348,31.997467,28.105398,28.125761,23.666758,26.255358,21.624954,24.271864,24.386986,28.748497,26.801355,29.771923,28.412245,26.696115,28.581108,26.410221,22.319187,22.008368,19.118383,18.370903,13.701921,12.128081,13.119415,15.498689,19.227232,22.13977,24.526396,28.108797,30.672132
2,6.4083896,5.2824826,0.0,5.386821,6.916162,9.099101,12.360425,15.65308,19.221125,21.268984,25.57752,25.668108,22.75751,22.17457,17.076117,18.837137,13.814167,16.525814,12.930407,16.347754,16.908043,13.738503,19.174213,22.048534,23.517317,22.607494,26.83043,27.356392,22.264942,26.492462,23.591469,29.64635,30.245571,33.41293,34.736618,36.695564,40.53904,39.266464,37.326252,34.51264,34.009224,31.33308,28.529264,25.618013,28.868704,25.211979,28.55876,28.009108,31.59079,34.10606,35.100193,39.507294,42.23872,43.55498,40.682304,43.641006,38.977036,41.170353,42.359886,37.442608,35.299114,37.69831,36.771317,36.932907,41.56154,37.973545,41.61179,39.88126,43.619568,38.68168,35.323544,36.69416,34.50122,37.08166,36.120316,33.78808,36.486458,34.277527,35.63584,37.499535,34.320194,30.575268,30.998882,27.437511,28.290268,23.698406,27.413282,23.728962,26.734842,27.56265,32.06278,30.64523,33.515137,32.449703,30.16573,32.38712,29.827463,25.645006,24.729706,22.044111,20.178148,16.011456,14.528332,13.809623,16.293657,18.775017,22.273499,23.731653,27.670073,29.563707
3,9.623769,6.033089,5.386821,0.0,3.9398696,6.484027,9.013813,13.145241,15.71952,18.660084,22.117876,22.965204,20.029331,18.675852,13.670435,14.315496,8.938492,11.517884,7.7560925,11.829807,12.665218,10.689028,16.184479,18.711063,21.251114,20.378838,23.978312,23.8868,18.589487,22.445698,19.74687,25.37893,26.575289,29.123602,30.991653,32.893673,36.62908,35.560944,33.201576,30.209963,30.383251,27.595552,25.177942,22.554358,25.606598,22.40979,25.939268,25.880995,29.345316,31.82713,32.555542,36.868496,39.550575,40.378582,37.439114,40.506947,35.720505,37.760548,39.37896,34.359184,31.93507,34.44357,32.97682,33.21319,37.418503,33.90656,37.608486,35.68286,39.13947,34.18614,30.82366,31.791111,29.654642,31.890999,31.041277,28.537634,31.32352,29.251846,30.734669,32.815834,29.812735,25.95012,26.626995,22.867403,23.429697,18.905888,22.4862,18.960833,22.25103,23.296003,28.397343,26.698761,29.22945,28.218655,25.472393,27.769993,24.965424,20.780386,19.635298,17.018784,14.935831,10.863555,9.759347,8.461357,10.942181,13.802877,17.128601,18.9346,22.766886,25.01683
4,12.1581545,8.718529,6.916162,3.9398696,0.0,5.4732785,5.7900257,10.860579,13.171919,15.918615,19.928751,20.852648,18.560806,17.516169,12.419387,13.182663,8.217717,10.107201,7.909111,10.907902,12.942374,11.417676,16.944395,18.649324,20.86323,19.12059,22.567976,22.307034,16.318258,20.190187,16.974848,22.907652,23.431128,26.513744,27.91573,29.938286,33.700565,32.454464,30.420685,27.638107,27.25317,24.762234,21.952175,19.497534,23.171597,19.984823,23.745897,23.98731,27.42293,29.655714,30.076082,34.560684,36.924965,37.87219,34.6599,37.492786,32.64003,34.649242,35.992123,31.016636,28.738626,31.485357,30.390028,30.909998,35.44617,32.297043,36.12219,34.58729,38.277996,33.59244,29.884317,30.940882,28.317245,31.13955,29.62616,27.548752,30.088167,27.804655,29.26398,31.048733,28.07375,24.26711,24.249739,20.665602,21.558142,16.947676,20.998095,18.054655,21.297237,22.885931,27.675907,26.800272,29.406858,28.889175,25.908651,28.847816,26.076681,22.025484,20.028912,18.089146,14.783179,11.786219,12.158166,9.313166,10.799885,13.681268,16.0388,17.60544,21.27724,23.210943
5,15.023798,12.205216,9.099101,6.484027,5.4732785,0.0,5.983193,7.0094314,10.714093,12.869164,16.631538,16.822363,13.866654,13.140565,8.004677,10.439353,6.759854,10.6427145,10.310567,14.297088,16.641157,15.991261,21.361588,23.033514,25.862999,24.122278,27.123722,26.303608,19.770079,22.89502,19.236822,24.480528,23.74011,26.288088,27.890324,29.175116,33.307327,32.619865,30.717777,28.447926,28.300922,26.826145,23.742699,22.461523,26.712976,24.0602,28.04376,28.738014,32.0474,34.079754,34.071877,38.58223,40.55869,41.164455,37.517895,40.000565,34.856808,36.399467,37.601612,32.69401,30.391068,34.031586,32.776165,33.854733,38.03038,35.374992,39.322536,37.720192,41.00979,36.41079,32.66101,32.877766,30.069975,32.130554,30.085867,27.545242,29.453037,26.782938,27.6278,29.217487,25.735554,22.19711,23.160255,19.942545,21.679647,17.29321,22.344675,20.585371,24.273598,26.253618,31.623291,30.422619,32.546417,31.924324,28.380816,30.98287,27.695194,23.661121,21.75379,19.667868,16.251997,13.665728,13.066221,9.340212,11.295096,11.443524,15.472889,15.660162,19.897642,21.170212
6,17.934492,14.415861,12.360425,9.013813,5.7900257,5.983193,0.0,6.72518,7.632545,10.655932,14.559076,15.931149,14.433829,13.389436,8.769775,9.177427,6.1537066,7.2201347,8.903824,10.906716,14.420815,14.674278,19.58474,20.130466,22.802673,20.28408,22.717524,21.550718,14.526912,17.464237,13.481604,18.956882,18.238264,21.31198,22.591894,24.356432,28.277191,27.233358,25.393587,23.046833,22.540485,20.98,17.788866,16.601486,21.187983,18.802872,22.926382,24.082655,27.205187,28.951193,28.590448,33.13575,34.8473,35.421333,31.63446,34.035713,28.892937,30.48563,31.700224,26.766537,24.472076,28.089718,27.010899,28.24758,32.649334,30.303156,34.31987,33.10823,36.628605,32.363842,28.29969,28.734285,25.488081,28.36989,25.827564,23.97799,25.904213,23.25998,24.466812,25.90523,22.872238,19.206955,18.857683,15.571841,17.192938,12.706873,17.843227,16.62305,20.089365,22.62056,27.56097,27.287176,29.444675,29.458881,25.756828,29.188477,26.14535,22.4092,19.447586,18.378002,13.650821,12.615223,14.213127,9.524451,9.579659,11.104903,12.415873,13.12428,16.656199,18.053722
7,21.833689,18.945316,15.65308,13.145241,10.860579,7.0094314,6.72518,0.0,5.2711477,5.9595866,10.298709,10.132464,8.234455,8.469332,4.4775667,8.237093,8.627961,11.313728,14.207384,16.965668,20.420053,20.924826,25.878077,26.518192,29.475714,26.924437,29.072277,27.518785,20.250467,22.286512,17.958975,22.297705,19.410194,21.944496,23.078817,23.732784,28.14267,27.806904,26.484028,25.098143,24.533232,24.565674,20.98173,21.328169,26.501114,24.66186,28.859861,30.364552,33.331566,34.795994,33.97141,38.51283,39.66894,39.978256,35.68682,37.483753,32.120903,33.080624,33.854855,29.21226,27.108643,31.806158,30.82176,32.76107,36.802437,35.173927,39.259136,38.128254,41.244606,37.216343,33.123436,32.69188,29.195894,31.292517,27.925081,25.74185,26.621426,23.411022,23.633183,24.513186,20.758913,17.728765,18.443266,16.126915,19.092873,15.329056,21.434044,21.68137,25.378445,28.236149,33.50381,33.060493,34.779484,34.736717,30.57304,33.665054,30.180042,26.555773,23.736881,22.592772,17.97542,17.316082,17.885073,12.925369,13.380045,11.426987,14.279327,12.635139,16.616285,16.57585
8,25.040955,21.572842,19.221125,15.71952,13.171919,10.714093,7.632545,5.2711477,0.0,4.5937257,6.9580245,9.0772,8.821688,7.8191676,5.979969,6.1676435,8.741962,9.311884,14.036289,15.588226,19.51728,21.131186,25.37362,25.179443,28.454248,25.674713,26.947035,24.787464,17.515053,18.58707,14.326378,17.712755,14.624161,16.710867,18.152678,18.798964,23.128551,22.916208,21.354654,20.044216,19.86112,20.256762,16.942734,18.169754,23.282927,22.218475,26.37864,28.445438,31.067411,32.243073,30.984262,35.33975,36.18359,36.067833,31.622284,33.298664,27.876017,28.576115,29.627916,25.005495,22.735147,27.700138,26.434591,28.68127,32.371124,31.212816,35.30419,34.328415,37.236588,33.55804,29.36969,28.562735,24.802578,26.941235,23.064295,21.187178,21.795946,18.517948,18.84767,19.666344,16.185951,13.018888,13.202761,10.941702,14.207393,10.890133,17.23148,18.687046,22.254234,25.569252,30.76469,30.692982,32.049732,32.418644,27.943108,31.388313,27.952456,24.754824,21.293495,20.982922,15.718148,16.597113,18.359243,13.009599,12.097641,10.066837,10.632972,8.573384,11.931323,11.782233
9,27.46602,24.424025,21.268984,18.660084,15.918615,12.869164,10.655932,5.9595866,4.5937257,0.0,6.0915213,6.096961,7.374647,8.472057,7.933048,10.077196,12.769237,13.841639,18.237217,19.842829,23.820652,25.039612,29.519518,29.346972,32.25753,29.167618,30.54256,28.47551,21.083817,22.052746,17.523787,20.677961,15.820185,18.331602,18.81736,18.885126,23.445953,23.38498,22.704966,22.233166,21.199701,22.662094,18.83669,20.67451,26.298285,25.256176,29.408388,31.524757,34.096542,35.038715,33.545544,37.97495,38.399525,38.444626,33.701427,34.84981,29.438803,29.849169,30.22427,25.950462,24.109837,29.592049,28.907639,31.535204,35.382042,34.68742,38.77716,38.11624,41.073845,37.64331,33.358223,32.499176,28.506289,30.73556,26.301117,24.703783,24.658564,21.12335,20.845446,20.928978,17.20069,14.883492,14.817736,13.724843,17.603304,14.854699,21.201948,23.047487,26.466906,29.892365,34.812172,35.073666,36.47742,36.949257,32.473698,35.9613,32.5068,29.327265,25.86929,25.55299,20.309319,21.026375,22.45197,17.165676,16.59218,14.051237,14.965469,12.147687,15.050319,13.646555
10,31.469267,28.104013,25.57752,22.117876,19.928751,16.631538,14.559076,10.298709,6.9580245,6.0915213,0.0,4.60803,6.899086,6.617376,9.444184,9.618584,14.394438,14.90251,20.111631,21.574308,25.42198,27.59973,31.48068,30.985544,34.58735,31.784739,32.39934,29.71901,22.754078,22.606588,18.716183,20.05913,15.270527,15.715815,17.224743,16.25288,20.751192,21.627161,20.50712,20.453482,20.694342,22.803024,19.804117,22.595695,27.639633,27.44384,31.446653,33.982227,36.240795,37.03445,35.218594,39.297096,39.481564,38.812035,34.008987,35.006615,29.6072,29.448715,30.288387,26.25663,24.189842,29.976122,28.59406,31.521719,34.407524,34.231213,38.224045,37.407413,39.680733,36.551476,32.477657,30.65417,26.760164,27.943619,23.16436,21.293636,20.407562,16.711794,15.73647,15.6182,11.57639,9.829797,11.284923,11.101741,15.339049,13.919085,19.965702,23.09837,26.514387,30.119333,35.375053,35.31886,36.048298,36.58115,31.708292,34.915558,31.279041,28.599388,25.129751,25.232122,20.227602,21.944143,23.480843,18.313225,17.213158,13.249932,13.475401,9.29933,11.337683,8.786782
11,31.817377,28.905226,25.668108,22.965204,20.852648,16.822363,15.931149,10.132464,9.0772,6.096961,4.60803,0.0,4.670964,7.031285,9.897829,12.169069,16.316946,17.858648,22.457392,24.525223,28.294096,29.880648,34.238094,34.147167,37.52904,34.676132,35.763184,33.369503,26.164959,26.508327,22.316174,24.26833,18.930527,19.948675,20.822054,19.631897,24.199781,25.071724,24.509604,24.73129,24.372879,26.685423,23.259102,25.840961,31.239468,30.649652,34.748844,37.06924,39.50714,40.35567,38.635628,42.880753,43.03647,42.64722,37.756535,38.58049,33.189423,33.03885,33.406517,29.520653,27.7236,33.630745,32.636818,35.584644,38.750523,38.513107,42.54056,41.75898,44.167465,40.92674,36.824154,35.156284,31.278913,32.480274,27.767933,25.806005,24.853422,21.14902,19.885277,19.486729,15.321387,14.133026,15.689938,15.654715,19.880447,18.110748,24.314709,26.963963,30.494518,33.97898,39.262234,39.130463,40.061516,40.416935,35.632645,38.687126,34.95816,32.028843,28.842947,28.505754,23.692337,24.660295,25.534985,20.452898,20.024279,15.782932,17.367867,13.285435,15.803434,13.20738
12,28.7111,25.949255,22.75751,20.029331,18.560806,13.866654,14.433829,8.234455,8.821688,7.374647,6.899086,4.670964,0.0,3.883436,6.6688147,10.018699,13.729805,16.31638,20.171041,23.087053,26.437641,27.767864,32.31722,32.781994,36.400604,34.008717,35.49728,33.317463,26.18304,27.055014,23.001617,25.55024,21.508142,22.368357,23.928623,23.117163,27.639732,28.412308,27.248222,26.797157,26.978706,28.378242,25.135746,26.914934,32.019253,31.020538,35.18067,37.170513,39.85418,41.062885,39.749496,44.058136,44.71339,44.383854,39.76047,41.057262,35.616455,35.79015,36.538467,32.32507,30.252104,35.75136,34.392467,36.924583,40.0807,39.2264,43.267467,42.065697,44.440094,40.76365,36.83899,35.235374,31.743656,32.555134,28.598537,26.009102,25.63085,22.11555,21.119879,21.441727,17.145145,15.312301,17.866684,16.87299,20.600449,18.228624,24.399742,26.202229,30.004019,33.130768,38.82926,38.036922,39.02738,38.96171,34.27484,36.891987,33.023716,29.852688,27.209347,26.285044,22.04303,22.25303,22.35299,17.6063,17.832176,13.100184,16.364428,12.598992,16.093576,14.473073
13,27.7802,24.66537,22.17457,18.675852,17.516169,13.140565,13.389436,8.469332,7.8191676,8.472057,6.617376,7.031285,3.883436,0.0,5.167242,6.8357816,11.293579,13.642563,17.67846,20.590609,23.766562,25.552538,29.766241,30.167408,34.152367,32.05341,33.304897,30.963943,24.116625,24.799828,21.135653,23.377573,20.423267,20.6483,22.95733,22.34763,26.696999,27.51608,25.730639,24.83942,25.772331,26.655933,23.899479,25.502325,30.127306,29.298296,33.385098,35.41095,38.039177,39.353256,38.128014,42.294308,43.16162,42.59378,38.171204,39.763687,34.341976,34.59156,35.836838,31.46124,29.104624,34.315483,32.475758,34.806263,37.636528,36.588566,40.579536,39.13345,41.302155,37.533955,33.76256,31.969667,28.712536,29.152885,25.569916,22.667463,22.563086,19.21637,18.48159,19.348732,15.1593685,12.800141,16.014212,14.500854,17.813034,15.495501,21.40537,23.199501,27.058935,30.095154,36.020264,34.90794,35.694725,35.547638,30.78716,33.248417,29.33271,26.27021,23.707026,22.829727,18.78551,19.273663,19.49798,14.816113,14.807221,9.582888,12.999134,9.236165,12.998653,12.051601
14,22.77769,19.674809,17.076117,13.670435,12.419387,8.004677,8.769775,4.4775667,5.979969,7.933048,9.444184,9.897829,6.6688147,5.167242,0.0,5.187414,7.182641,10.471828,13.617625,16.945019,20.046892,21.182312,25.81075,26.575546,30.230824,28.181496,30.014326,28.147158,21.195389,22.790697,18.954138,22.507364,20.384161,21.707027,23.75403,24.032864,28.368896,28.505363,26.62612,25.09535,25.573711,25.501984,22.516884,23.073883,27.70503,26.21672,30.354277,31.969631,34.85964,36.4311,35.614937,39.961056,41.241653,41.115204,36.93087,38.89383,33.500397,34.2822,35.534206,30.859165,28.46973,33.155857,31.521511,33.409492,36.830208,35.14988,39.185333,37.682804,40.334717,36.20835,32.361065,31.34834,28.172081,29.357527,26.319086,23.541164,24.367424,21.248728,21.309355,22.55186,18.675247,15.577462,17.652288,15.180096,17.944748,14.50304,20.440445,20.936872,24.859741,27.617834,33.428604,32.320953,33.6205,33.3329,28.927313,31.551676,27.806305,24.296541,21.81948,20.50848,16.387054,15.8971,15.9995575,11.142363,11.707818,7.995065,12.150404,10.032521,14.404614,14.624985
15,23.88307,20.175936,18.837137,14.315496,13.182663,10.439353,9.177427,8.237093,6.1676435,10.077196,9.618584,12.169069,10.018699,6.8357816,5.187414,0.0,5.556568,6.9663086,11.338373,13.931192,17.069359,19.284382,23.149614,23.3999,27.564283,25.718039,26.886534,24.59731,18.061937,19.041494,15.819218,18.595938,17.85286,18.295973,21.177029,21.702978,25.68068,25.863878,23.289225,21.287313,22.712362,22.143278,19.91363,20.535494,24.484509,23.515705,27.49839,29.373432,32.0301,33.57544,32.682285,36.76728,38.133278,37.602737,33.61348,35.824005,30.507683,31.276615,33.123844,28.37649,25.679457,30.039705,27.809282,29.55701,32.492947,30.780754,34.75541,33.076878,35.46557,31.384848,27.637695,26.33003,23.294252,24.203539,21.419611,18.483994,19.657822,16.804422,17.368979,19.16421,15.769468,12.118495,14.374117,11.27575,13.354361,10.064628,15.665165,16.56853,20.509943,23.377087,29.381802,28.143261,29.09886,28.948719,24.313892,27.040817,23.288363,20.059248,17.236286,16.431452,12.037989,12.749132,13.890022,8.848516,8.116082,4.0105433,7.037283,5.4308777,9.911107,11.27128
16,18.50776,14.676872,13.814167,8.938492,8.217717,6.759854,6.1537066,8.627961,8.741962,12.769237,14.394438,16.316946,13.729805,11.293579,7.182641,5.556568,0.0,4.7444444,6.478987,10.2337055,12.934337,14.2831,18.694115,19.630983,23.522509,22.009565,23.987333,22.394634,16.09346,18.358797,15.322368,19.568378,20.14767,21.551958,24.117382,25.426281,29.238188,28.798552,26.147907,23.490446,24.5226,22.716858,20.484888,19.59381,23.160275,21.31261,25.240398,26.470167,29.466024,31.421776,31.15873,35.36526,37.333515,37.286564,33.737698,36.42831,31.278973,32.65081,34.5545,29.580877,26.883005,30.400038,28.332,29.389847,32.858337,30.281376,34.20844,32.345116,35.199753,30.652822,26.996195,26.651913,23.995705,25.540922,23.7506,20.958847,23.119774,20.742464,21.944788,24.007668,20.952358,17.093721,18.422466,14.742391,15.792016,11.567015,16.290112,15.020881,18.967653,21.210514,27.131693,25.631292,27.205133,26.724236,22.665045,25.357649,21.87007,18.082617,15.718366,14.097885,10.140619,8.860126,9.691835,4.42182,5.073784,5.5062084,8.949939,10.030194,14.054341,16.218893
17,20.6967,16.508492,16.525814,11.517884,10.107201,10.6427145,7.2201347,11.313728,9.311884,13.841639,14.90251,17.858648,16.31638,13.642563,10.471828,6.9663086,4.7444444,0.0,5.8169127,7.013148,10.541456,13.092072,16.63477,16.570784,20.61806,18.83254,20.10575,18.101395,11.837398,13.711235,11.045114,15.089281,16.86937,18.181997,20.917894,22.720886,26.13099,25.42451,22.454851,19.385395,20.70834,18.346064,16.622967,15.624446,18.769707,17.34807,21.204933,22.782593,25.543222,27.359533,26.928156,30.999853,32.936462,32.705853,29.254091,32.094078,27.04199,28.508852,30.742338,25.740849,22.89751,26.049896,23.749767,24.708334,28.123308,25.57272,29.523848,27.775778,30.732555,26.333307,22.501326,22.31626,19.479511,21.607256,19.798204,17.482878,20.031628,17.954168,19.753323,21.951536,19.554306,15.517911,15.807388,11.764149,11.941711,7.506998,11.771231,10.648016,14.554452,17.197414,22.980377,21.986538,23.50017,23.49532,19.292141,22.661917,19.440914,15.988515,12.649304,12.091235,6.817468,7.647917,10.784315,6.0393624,3.582397,6.9720106,6.0809894,8.888673,11.792013,14.65136
18,15.81622,11.511254,12.930407,7.7560925,7.909111,10.310567,8.903824,14.207384,14.036289,18.237217,20.111631,22.457392,20.171041,17.67846,13.617625,11.338373,6.478987,5.8169127,0.0,5.152088,6.6683826,8.011827,12.225183,13.515369,17.477432,16.6686,18.984776,17.986895,12.989721,16.12334,14.324776,19.063938,21.960781,23.575373,26.193243,28.309628,31.555355,30.564102,27.513153,24.042627,25.268597,21.90293,20.478159,18.017508,20.172335,17.821608,21.295568,21.905502,25.006205,27.379438,27.805227,31.802944,34.4775,34.64869,31.856806,35.176743,30.459267,32.40513,34.738354,29.6885,26.903252,29.07473,26.816948,26.921057,30.499327,26.983751,30.688688,28.544632,31.708872,26.790216,23.419222,24.08509,22.097292,24.195292,23.742426,21.301954,24.530823,22.943867,24.96612,27.433537,25.117796,21.066778,21.53125,17.418947,16.899673,12.656603,15.141603,11.4326515,14.970549,16.31996,22.054869,20.226135,22.318487,21.63396,18.292686,21.102041,18.20868,14.211417,12.179243,10.236931,7.254553,4.0235353,6.615318,4.2168026,4.430972,9.967567,10.94358,14.196345,17.150276,20.287935
19,18.7525,14.483229,16.347754,11.829807,10.907902,14.297088,10.906716,16.965668,15.588226,19.842829,21.574308,24.525223,23.087053,20.590609,16.945019,13.931192,10.2337055,7.013148,5.152088,0.0,4.3687806,7.371391,10.037604,9.710226,13.644586,12.344974,14.041871,12.84496,8.237509,11.5857115,10.674199,15.425316,19.672653,21.49814,23.90668,26.603376,29.3308,27.909342,24.745216,20.897562,22.065895,17.864862,17.058533,13.928864,15.241097,13.018305,16.329292,17.14152,20.079115,22.395731,22.817492,26.710997,29.487951,29.666471,27.129786,30.675663,26.219213,28.422958,30.993107,25.999043,23.202562,24.616568,22.325453,22.069319,25.843916,22.14797,25.847864,23.922274,27.462078,22.69309,19.095798,20.460215,18.365177,21.497843,21.18116,19.582449,23.153967,21.96208,24.493778,26.916258,25.266253,21.253313,20.507944,16.412615,15.000982,11.109472,12.04606,7.449951,10.486851,12.085752,17.361355,16.438473,18.807919,18.799414,15.631945,19.416445,17.162212,13.73289,10.635366,10.234738,6.426134,6.1919446,10.637187,8.851939,7.079115,13.08203,11.239386,15.269207,17.074345,20.478998
20,17.807056,13.73421,16.908043,12.665218,12.942374,16.641157,14.420815,20.420053,19.51728,23.820652,25.42198,28.294096,26.437641,23.766562,20.046892,17.069359,12.934337,10.541456,6.6683826,4.3687806,0.0,4.8726435,6.163977,6.995796,11.562073,11.86417,13.845806,13.36591,11.081786,14.313104,14.460792,18.63515,23.736917,25.178429,27.84161,30.569746,33.08233,31.671034,28.258804,24.168657,25.74828,21.044092,20.820433,17.229393,17.275066,14.930187,17.46394,17.53917,20.435791,23.131481,24.190699,27.691746,31.013384,31.202845,29.328133,33.215786,29.135864,31.511845,34.347416,29.446737,26.639137,27.296968,24.745789,23.809834,27.170864,22.793964,26.120039,23.705076,27.08597,21.952679,19.016027,20.784645,19.653585,22.277681,23.19497,21.394573,25.408794,24.688942,27.378279,30.09327,28.612219,24.597208,24.270548,20.129427,18.204556,14.7486925,14.431783,8.600447,10.813974,10.838091,16.155767,14.058852,16.687151,16.030815,13.655056,16.832754,15.005413,11.488884,9.701795,8.550781,7.6165123,5.798753,9.570786,10.156257,9.2294,15.376973,14.197988,18.498606,20.234444,23.953697
21,13.6438465,9.908434,13.738503,10.689028,11.417676,15.991261,14.674278,20.924826,21.131186,25.039612,27.59973,29.880648,27.767864,25.552538,21.182312,19.284382,14.2831,13.092072,8.011827,7.371391,4.8726435,0.0,5.619702,8.480914,11.066144,11.611738,15.134231,15.824979,13.557689,17.64086,17.196709,22.279388,26.613249,28.821726,30.975208,33.798027,36.537437,34.9031,31.883043,27.948442,28.75605,24.102203,23.288755,19.143784,19.56932,16.31545,18.723976,17.942259,21.210405,24.142458,25.69634,29.372648,32.90987,33.714024,31.961521,35.817856,31.8286,34.44162,36.864502,31.959555,29.395048,29.933542,28.003254,26.937943,30.856775,26.32467,29.528862,27.330858,31.034525,25.929022,23.113258,25.376081,24.206362,27.118217,27.873096,26.128687,30.005404,29.027895,31.54226,34.095387,32.271065,28.217505,27.804705,23.698494,22.312922,18.441505,18.903261,13.200625,15.049762,14.6655655,18.874826,17.06198,20.218262,19.300312,17.810982,20.51147,18.984756,15.355066,14.377509,12.563991,11.99537,8.662728,10.540147,11.712011,11.998958,17.88037,17.89443,21.741093,24.047888,27.449396
22,18.086554,14.862564,19.174213,16.184479,16.944395,21.361588,19.58474,25.878077,25.37362,29.519518,31.48068,34.238094,32.31722,29.766241,25.81075,23.149614,18.694115,16.63477,12.225183,10.037604,6.163977,5.619702,0.0,4.5305367,7.6030674,10.209497,12.780222,13.889228,14.416282,17.80126,18.847975,22.875957,28.670364,30.338919,32.741375,35.799393,37.97326,36.231915,32.856407,28.573277,29.946785,24.574596,24.816437,20.373968,19.016361,16.295904,17.593481,16.421024,19.186792,22.296402,24.319628,27.30772,31.31619,31.909348,30.988707,35.223976,31.810772,34.57813,37.4805,32.795506,30.190048,29.64532,27.311512,25.461699,28.775585,23.665722,26.362648,23.826618,27.400597,22.227112,20.111591,23.00136,22.748386,25.5843,27.487135,26.087648,30.397348,30.099022,32.994255,35.770264,34.550922,30.574999,29.948555,25.884392,23.590122,20.473368,19.115091,12.782543,13.261221,11.416985,14.818318,12.370267,15.811532,14.758189,14.486221,17.019936,16.552519,13.760982,13.408176,12.326087,13.331871,11.258525,13.604018,15.660582,15.270048,21.337467,20.24834,24.635687,26.158535,29.95985
23,21.807423,18.329042,22.048534,18.711063,18.649324,23.033514,20.130466,26.518192,25.179443,29.346972,30.985544,34.147167,32.781994,30.167408,26.575546,23.3999,19.630983,16.570784,13.515369,9.710226,6.995796,8.480914,4.5305367,0.0,5.5625825,7.6065993,8.740079,9.554825,11.529473,14.348013,16.26604,19.631704,26.120445,27.684223,29.962782,33.246346,35.00862,33.095375,29.67852,25.294384,26.733389,21.026997,21.863625,17.378847,15.09065,12.903387,13.779084,13.001444,15.432367,18.410248,20.272686,23.085653,27.071135,27.48588,26.731285,31.061312,27.883347,30.699827,33.79538,29.270166,26.687542,25.62982,23.187677,21.092772,24.372013,19.212687,21.92056,19.573208,23.440933,18.466661,16.10291,19.490955,19.158031,22.674606,24.531572,23.776455,28.109161,28.054468,31.168854,33.836506,33.06852,29.227943,27.942043,24.07663,21.348568,18.768105,16.423742,10.224975,9.632496,7.6969337,10.560707,9.282002,12.979736,12.939867,12.536711,16.158169,16.063597,13.950154,12.463931,12.788281,12.858966,12.558095,16.103102,17.129093,15.823143,21.929333,19.459177,24.009035,24.823673,28.641987
24,22.672508,19.83771,23.517317,21.251114,20.86323,25.862999,22.802673,29.475714,28.454248,32.25753,34.58735,37.52904,36.400604,34.152367,30.230824,27.564283,23.522509,20.61806,17.477432,13.644586,11.562073,11.066144,7.6030674,5.5625825,0.0,4.794122,7.2271748,10.246722,13.503711,16.692348,18.574574,22.333315,28.484718,30.838398,32.37238,35.998947,37.58287,35.206497,32.263206,28.016777,28.528042,22.622103,23.326134,18.151167,15.33918,12.493434,12.212762,9.956904,12.444857,15.715295,18.447092,21.088701,25.461151,26.698252,26.5318,30.88345,28.285131,31.481295,34.197815,29.94992,27.78861,25.860525,24.29106,21.728582,25.639044,20.409143,22.678778,21.023598,25.44604,21.040882,18.87931,23.145966,22.71518,27.013092,28.618559,28.445053,32.638924,32.514412,35.642693,38.05892,37.32754,33.53351,31.57852,27.90532,25.389174,22.758736,20.591507,14.856596,13.6120205,11.724627,11.461507,12.163829,16.239937,16.605219,17.28994,20.797438,21.272814,19.396353,17.975578,18.298065,17.976448,17.355814,20.57907,21.454952,20.37915,26.54404,24.09079,28.446194,29.284203,32.840553
25,22.91751,19.85986,22.607494,20.378838,19.12059,24.122278,20.28408,26.924437,25.674713,29.167618,31.784739,34.676132,34.008717,32.05341,28.181496,25.718039,22.009565,18.83254,16.6686,12.344974,11.86417,11.611738,10.209497,7.6065993,4.794122,0.0,5.066315,8.054128,10.106043,13.656948,15.042304,19.289085,24.75084,27.726442,28.703667,32.463818,34.097927,31.505398,28.965904,24.958958,24.71633,19.002357,19.260054,13.871634,11.667018,8.158863,8.439883,6.514245,9.782569,12.868691,15.131804,18.533873,22.476274,24.020906,23.22971,27.340837,24.495901,27.752563,30.109718,25.820398,23.82124,22.165018,21.174799,19.067186,23.821438,19.196337,21.932415,20.979744,25.792332,21.766245,18.78031,22.918074,21.546833,26.596859,27.120802,27.324219,31.14494,30.669212,33.67909,35.75624,34.964794,31.264961,28.700953,25.251846,23.127508,20.406418,18.861961,13.92815,12.943925,12.507087,12.378752,14.589492,18.402977,19.39032,19.043116,23.267965,23.20176,21.083426,18.639917,19.310917,17.46825,17.410107,21.142166,20.813313,19.422342,25.374634,22.492762,26.512892,27.280441,30.460333
26,27.499506,24.155254,26.83043,23.978312,22.567976,27.123722,22.717524,29.072277,26.947035,30.54256,32.39934,35.763184,35.49728,33.304897,30.014326,26.886534,23.987333,20.10575,18.984776,14.041871,13.845806,15.134231,12.780222,8.740079,7.2271748,5.066315,0.0,4.0673556,9.686286,11.507007,14.364496,16.981813,23.510614,25.868937,26.95316,30.830215,31.847103,29.2102,26.446466,22.311838,22.555586,16.432882,17.88257,12.925003,8.637536,6.982273,5.6064487,5.0103297,6.8501983,9.685987,11.687479,14.557138,18.628986,19.64863,19.30985,23.69384,21.287903,24.535398,27.389322,23.388111,21.34792,18.793861,17.35084,14.667326,19.068708,14.297214,16.896042,16.164476,21.140076,17.556774,14.585082,19.162485,17.996275,23.42684,24.20468,25.06472,28.878477,28.867373,32.086967,34.1361,33.955254,30.498814,27.539299,24.39721,21.661493,19.88023,16.980078,12.834903,10.542168,10.158105,8.319529,12.245917,15.63307,17.488514,17.202274,21.845287,22.206627,20.887121,18.027174,19.698597,17.833488,19.100868,23.393587,22.84577,20.80928,26.524298,22.52318,26.651161,26.570393,29.823591
27,28.721857,25.006214,27.356392,23.8868,22.307034,26.303608,21.550718,27.518785,24.787464,28.47551,29.71901,33.369503,33.317463,30.963943,28.147158,24.59731,22.394634,18.101395,17.986895,12.84496,13.36591,15.824979,13.889228,9.554825,10.246722,8.054128,4.0673556,0.0,7.4540524,7.9456673,11.58555,13.251439,20.365604,22.192059,23.598965,27.384893,28.283026,25.832893,22.774586,18.517916,19.344435,13.143915,15.139504,10.872322,6.222264,6.2777576,6.071887,7.8099284,8.968507,10.880393,11.534491,14.494982,17.93762,18.13956,17.183254,21.55838,18.728045,21.711199,24.937735,20.800188,18.45297,16.335236,14.139335,11.786649,15.997922,11.458257,14.683987,13.855111,18.692064,15.119418,11.496208,15.652325,14.059106,19.696964,20.175283,21.214298,24.935036,25.015156,28.280474,30.320803,30.363552,27.03014,24.004555,20.98529,17.984495,16.695675,13.245,9.933884,7.3233657,8.167975,7.642992,11.615596,14.276206,16.523506,15.261741,20.304403,20.32339,19.210176,15.728978,18.001043,15.59355,17.866125,22.539602,21.480576,18.982277,24.30228,19.630363,23.703768,23.16737,26.427132
28,25.043549,21.077179,22.264942,18.589487,16.318258,19.770079,14.526912,20.250467,17.515053,21.083817,22.754078,26.164959,26.18304,24.116625,21.195389,18.061937,16.09346,11.837398,12.989721,8.237509,11.081786,13.557689,14.416282,11.529473,13.503711,10.106043,9.686286,7.4540524,0.0,4.8036203,5.076246,9.857423,15.014744,17.752996,19.04876,22.594946,24.528744,22.309456,19.552153,15.644796,15.759182,10.639861,10.430874,6.3256583,7.2418756,5.75091,9.469473,11.680248,14.015608,15.567173,15.165524,19.282269,21.56003,21.88058,19.10129,22.618807,18.340376,20.88476,23.432318,18.575218,15.959515,16.590708,14.87184,14.688548,19.4646,16.415228,20.301105,19.57112,23.84855,20.114042,15.818841,18.069578,14.989149,20.22445,18.845037,19.126408,22.279604,21.292166,24.108692,25.905418,25.125546,21.582582,18.623075,15.328779,13.494894,10.922353,10.327414,8.032065,8.70485,11.611385,14.449117,16.531322,18.89697,20.416653,17.563164,22.518078,21.117867,18.891024,14.703328,16.29745,11.862323,14.102595,18.801168,16.269585,13.699701,18.51341,14.179225,17.706362,17.90729,20.750671
29,29.498844,25.41013,26.492462,22.445698,20.190187,22.89502,17.464237,22.286512,18.58707,22.052746,22.606588,26.508327,27.055014,24.799828,22.790697,19.041494,18.358797,13.711235,16.12334,11.5857115,14.313104,17.64086,17.80126,14.348013,16.692348,13.656948,11.507007,7.9456673,4.8036203,0.0,4.820811,5.6692386,12.673477,14.400966,16.010288,19.626022,20.937885,18.792246,15.597704,11.403291,12.456057,6.9123545,8.503625,6.4958005,6.1569214,7.819013,10.469697,13.665002,14.952707,15.743472,14.379711,17.965332,19.59422,19.025793,15.93513,19.38381,15.029976,17.237438,20.395031,15.686651,12.76477,13.399794,10.748431,11.071947,15.3310995,13.093373,17.166834,16.73154,20.678694,17.577553,13.0132065,14.652196,10.9642725,16.715034,14.806392,15.927222,18.836063,18.225313,21.232023,22.916285,22.850275,19.684978,16.163975,13.403062,10.81209,9.913789,7.5831866,8.080444,7.871549,11.622899,14.098145,16.720654,18.203293,20.32875,17.073458,22.239372,20.93954,19.475048,14.859111,17.416481,12.95497,16.557154,21.449429,18.712896,15.623657,19.56767,13.9850445,17.274614,16.256897,19.022585
30,27.414389,23.38714,23.591469,19.74687,16.974848,19.236822,13.481604,17.958975,14.326378,17.523787,18.716183,22.316174,23.001617,21.135653,18.954138,15.819218,15.322368,11.045114,14.324776,10.674199,14.460792,17.196709,18.847975,16.26604,18.574574,15.042304,14.364496,11.58555,5.076246,4.820811,0.0,6.565163,10.022649,13.126613,14.216571,17.649681,19.888718,17.83324,15.281658,11.836245,11.574051,7.8513737,6.4324365,5.1870694,9.043323,9.109134,12.856907,15.744486,17.648624,18.477568,17.028605,21.173405,22.385824,22.290058,18.478575,21.224613,16.258192,18.176842,20.45735,15.426229,12.638546,15.144619,13.569818,14.887466,19.457487,17.799711,21.871319,21.542078,25.369005,22.17615,17.62377,18.64937,14.639529,19.675484,16.699587,17.176962,19.458353,17.918036,20.397795,21.751167,20.90075,17.597942,13.99875,11.107719,10.125593,7.864966,9.083011,9.987866,11.42543,15.163072,18.354733,20.429636,22.1381,23.795372,20.185404,25.093884,23.164452,21.000242,16.38469,18.165388,12.764518,15.777577,20.326836,16.665068,13.800992,17.133846,12.202047,14.717457,14.50853,16.682705
31,33.39626,29.228535,29.64635,25.37893,22.907652,24.480528,18.956882,22.297705,17.712755,20.677961,20.05913,24.26833,25.55024,23.377573,22.507364,18.595938,19.568378,15.089281,19.063938,15.425316,18.63515,22.279388,22.875957,19.631704,22.333315,19.289085,16.981813,13.251439,9.857423,5.6692386,6.565163,0.0,8.46943,8.971524,10.941609,14.370837,15.445526,13.650261,10.059124,5.8399415,8.104036,4.699218,6.8492904,8.918821,10.163742,12.747223,15.190945,18.754286,19.569616,19.662117,17.339643,20.504005,20.891043,19.510479,15.472655,17.92595,13.04632,14.153402,17.453897,12.888881,9.6616745,12.312378,9.269743,11.590104,14.719927,14.533886,18.503525,18.508198,21.566113,19.364574,14.872926,14.724051,10.078083,15.297005,11.345932,13.216705,14.9481325,14.0952,16.875362,18.07057,18.499977,15.926324,11.583828,9.886757,7.5362506,8.751593,7.141172,11.410329,11.763722,15.822981,18.481882,20.910748,21.523937,23.788965,19.892984,24.818367,23.12103,22.008957,17.177252,20.016802,15.143512,19.472986,24.160175,20.694767,17.382029,19.68154,13.444176,15.536506,13.361729,15.373443
32,35.184597,31.292995,30.245571,26.575289,23.431128,23.74011,18.238264,19.410194,14.624161,15.820185,15.270527,18.930527,21.508142,20.423267,20.384161,17.85286,20.14767,16.86937,21.960781,19.672653,23.736917,26.613249,28.670364,26.120445,28.484718,24.75084,23.510614,20.365604,15.014744,12.673477,10.022649,8.46943,0.0,6.058372,4.628547,7.947063,10.708646,9.02562,7.980925,7.7601194,5.4813585,8.9385,6.4752502,11.640137,16.007648,17.616716,20.67152,24.128523,25.240734,24.972813,22.175768,25.755089,25.022108,24.181274,19.08747,19.74648,14.369403,14.282882,15.511361,11.185307,8.9414215,14.980443,14.32353,17.926247,21.334095,22.357542,26.141485,26.69259,29.59277,27.75016,23.309027,22.625134,17.874012,21.938625,16.356937,17.730854,17.484364,15.112847,16.326591,15.988841,15.558578,13.85761,8.156699,8.757568,10.413474,11.075304,13.759203,18.158266,19.560139,23.669205,26.553417,28.945686,29.76432,31.748734,27.545422,32.21991,29.908024,28.218094,23.45528,25.52271,19.869312,23.48073,27.489826,22.862408,20.041742,20.459877,15.469723,15.106248,13.433507,12.973981
33,38.17388,34.06945,33.41293,29.123602,26.513744,26.288088,21.31198,21.944496,16.710867,18.331602,15.715815,19.948675,22.368357,20.6483,21.707027,18.295973,21.551958,18.181997,23.575373,21.49814,25.178429,28.821726,30.338919,27.684223,30.838398,27.726442,25.868937,22.192059,17.752996,14.400966,13.126613,8.971524,6.058372,0.0,5.170462,6.3206077,8.263231,8.513422,5.188332,5.513525,8.005777,11.208614,11.114497,15.832687,18.723034,21.046188,23.770958,27.372894,28.19956,27.95268,25.107319,28.050924,27.28209,25.445963,20.683908,21.34901,16.417696,15.515518,17.763165,14.226926,11.767186,17.1322,15.003435,18.666412,20.318642,21.925411,25.485237,25.676664,27.580809,26.102365,22.052681,20.020948,15.462915,18.119282,11.831911,13.388901,12.10805,9.940608,11.105703,10.72622,11.509794,10.538909,4.9275928,7.1571407,8.072596,11.072792,12.532694,18.34897,19.678656,23.773924,27.093403,28.869173,28.85224,30.842354,26.290125,30.56071,28.155878,27.09144,22.460035,24.945341,19.844816,24.198984,28.129816,23.795977,20.724413,20.292242,14.725045,14.026139,10.76046,10.17625
34,39.740555,35.82361,34.736618,30.991653,27.91573,27.890324,22.591894,23.078817,18.152678,18.81736,17.224743,20.822054,23.928623,22.95733,23.75403,21.177029,24.117382,20.917894,26.193243,23.90668,27.84161,30.975208,32.741375,29.962782,32.37238,28.703667,26.95316,23.598965,19.04876,16.010288,14.216571,10.941609,4.628547,5.170462,0.0,4.2288437,6.1217933,4.777665,4.9244094,7.4061723,5.4845586,11.052433,9.94506,15.428936,18.991896,21.273504,23.863947,27.523254,28.187477,27.514072,24.304176,27.331814,25.883558,24.50242,19.289925,19.064407,14.127265,12.871132,13.908121,10.729276,9.122911,15.418745,14.8533535,18.974688,21.41471,23.555525,27.009497,27.91365,30.282986,29.175554,24.976713,23.703505,18.999903,22.561298,16.387133,18.422508,17.146116,15.009964,15.726195,14.560406,15.064665,14.539795,8.642377,11.002449,12.529172,14.493152,16.355757,21.543383,22.595009,26.704823,29.243462,31.826593,32.207664,34.419037,30.16116,34.734726,32.50998,31.250206,26.495356,28.872366,23.447302,27.418533,31.411139,26.815813,23.91155,23.745968,18.597029,17.71322,15.193776,13.952793
35,41.973206,38.083935,36.695564,32.893673,29.938286,29.175116,24.356432,23.732784,18.798964,18.885126,16.25288,19.631897,23.117163,22.34763,24.032864,21.702978,25.426281,22.720886,28.309628,26.603376,30.569746,33.798027,35.799393,33.246346,35.998947,32.463818,30.830215,27.384893,22.594946,19.626022,17.649681,14.370837,7.947063,6.3206077,4.2288437,0.0,4.6198997,6.0829515,6.9204125,10.301432,9.652087,15.125769,13.9775,19.394278,23.063305,25.25854,27.97287,31.607265,32.3427,31.715048,28.502686,31.429434,29.846088,28.239689,23.078432,22.50181,17.880405,16.111414,16.799768,14.408356,13.160228,19.364231,18.61837,22.772573,24.575142,26.979654,30.340446,31.082924,32.988064,31.979725,27.949133,26.010424,21.463001,24.02119,17.523203,19.161816,16.918037,14.4781065,14.23673,12.217632,12.798849,13.350777,8.234314,11.814489,14.077612,16.38038,18.751215,24.313871,25.684088,29.81039,32.77606,34.946606,35.05643,37.112396,32.593933,36.864723,34.377712,33.170048,28.56798,30.810957,25.484129,29.452375,33.098774,28.350681,25.588913,24.407343,19.752682,17.938019,15.245503,12.949056
36,45.57536,41.600224,40.53904,36.62908,33.700565,33.307327,28.277191,28.14267,23.128551,23.445953,20.751192,24.199781,27.639732,26.696999,28.368896,25.68068,29.238188,26.13099,31.555355,29.3308,33.08233,36.537437,37.97326,35.00862,37.58287,34.097927,31.847103,28.283026,24.528744,20.937885,19.888718,15.445526,10.708646,8.263231,6.1217933,4.6198997,0.0,3.8822572,5.7195706,10.206673,9.959509,15.582517,15.601405,21.033545,23.744902,26.586884,28.73395,32.530083,32.76221,31.756031,28.254374,30.574919,28.476755,26.402939,21.424433,20.286688,16.388477,13.885326,14.777791,13.518987,12.724501,18.204664,17.496517,21.778593,22.761591,26.0461,28.99083,30.153597,31.702648,31.460943,27.711273,25.666725,21.314547,23.887413,17.444319,20.011389,17.533352,15.950002,15.950853,13.838667,15.658443,16.600424,11.619549,15.05406,16.255676,19.256964,20.296154,26.108118,26.849777,30.86523,33.133076,35.729008,35.545017,37.93085,33.632915,37.948483,35.82473,35.09341,30.4619,33.127125,28.073877,32.39482,36.317616,31.830643,28.857317,28.071188,22.874025,21.55047,18.291414,16.441347
