,0,1,2,3,4,5,6,7,8,9,10,11,12,13,14,15,16,17,18,19,20,21,22,23,24,25,26,27,28,29,30,31,32,33,34,35,36,37,38,39,40,41,42,43,44,45,46,47,48,49,50,51,52,53,54,55,56,57,58,59,60,61,62,63,64,65,66,67,68,69,70,71,72,73,74,75,76,77,78,79,80,81,82,83,84,85,86,87,88,89,90,91,92,93,94,95,96,97,98,99,100,101,102,103,104,105,106,107,108,109,110
0,0.0,4.3285956,7.2263637,9.802916,13.02042,15.472635,18.42745,23.654394,25.123667,29.290962,32.939167,35.19102,37.04155,34.686077,30.069876,29.32245,27.718111,26.960339,26.846567,25.467838,27.670826,24.869938,27.8457,30.793669,30.021978,31.966173,30.464022,30.54092,31.732737,30.774654,35.15661,31.57116,36.959988,33.70847,37.825497,38.362934,38.21061,39.22573,34.7109,32.63997,37.691517,35.360237,37.759495,36.956005,35.62271,36.199726,35.642696,35.319336,35.347286,32.434998,34.74321,34.975166,39.702087,39.002575,42.90041,40.845333,39.211597,41.25924,44.198708,43.931194,40.92237,37.39054,39.524567,37.79952,40.166233,38.241158,33.597733,35.326714,29.820013,28.605593,25.967123,28.667461,24.721807,25.027952,24.038261,24.502802,20.74313,22.303524,19.692564,20.127024,19.263294,19.77915,23.014444,22.152533,19.694668,20.928854,17.019314,19.106867,20.216156,20.432095,21.1404,23.489918,23.679655,28.238453,27.09977,29.576149,28.926014,25.49775,23.71037,21.246918,19.501547,17.799187,14.674049,14.200419,13.768374,15.28353,17.361431,20.527906,22.521769,26.422829,28.581709
1,4.3285956,0.0,4.709877,5.917562,8.893858,12.305642,14.31925,20.029331,21.39091,25.47734,29.415594,31.587322,33.83533,31.193588,26.765226,25.738295,24.406939,23.364475,24.004375,22.491518,25.24102,22.506573,25.913208,28.374186,27.218378,29.22117,27.274797,27.489435,28.299196,27.781815,31.765427,28.628637,33.935455,31.017794,35.274704,35.962303,36.19478,37.050632,32.464993,30.206705,34.990112,32.563366,34.64245,33.669544,32.6674,32.80242,32.686317,32.0255,32.350502,29.106169,31.184242,31.255318,35.89659,35.003597,39.049164,37.18954,35.38684,37.50363,40.226936,40.104057,37.251656,33.530373,35.421257,33.59092,35.948208,34.243645,29.468983,31.067307,25.609173,24.396906,21.648687,24.378473,20.460585,20.934074,20.087667,20.888376,17.369986,19.479033,17.292614,18.605982,17.839466,19.520262,22.756018,21.56268,18.489033,19.064215,14.971961,16.156384,16.74424,16.718075,17.718353,19.978117,20.841476,25.203829,24.710505,27.228497,26.282488,23.244719,20.59752,18.61787,16.02065,14.860989,11.252043,10.679814,11.368432,12.8904505,16.522205,18.659018,21.489803,24.960016,27.458775
2,7.2263637,4.709877,0.0,5.2721963,7.3348403,8.807581,12.517318,17.062832,19.398436,23.1214,26.903671,29.64264,32.065628,30.121708,26.088459,25.531084,24.870245,24.065,25.492794,24.782097,28.029911,25.618456,29.299343,31.358671,29.940243,31.753271,29.1679,29.118456,29.173199,28.822113,31.604578,28.780987,33.28344,30.044937,34.47114,34.57318,35.254196,36.498604,31.987684,30.00641,34.918648,33.05625,34.69645,34.12115,33.897858,33.786205,34.480972,33.858696,34.75001,31.237242,32.93538,32.473557,37.00349,35.54348,39.855362,38.29324,35.879234,37.745052,40.246456,39.785816,36.97895,33.502834,34.887688,33.08223,34.8783,33.281746,28.94426,29.819057,24.345318,23.767658,20.949675,24.203762,20.587301,21.654312,21.420681,22.86089,19.953098,22.655478,20.807898,22.765251,21.755203,23.899204,26.805008,25.098719,21.837933,21.715384,18.050793,17.726236,18.511478,17.348148,17.746244,19.054682,19.861673,23.269842,22.89745,24.79763,23.54426,20.41295,18.262024,17.039555,14.209644,14.80222,12.106544,12.540318,13.84112,14.345601,18.739807,19.822956,22.784113,26.186945,28.213375
3,9.802916,5.917562,5.2721963,0.0,3.7525718,7.3338223,8.753279,14.347378,15.475161,19.605343,23.52503,25.690462,28.10472,25.545525,21.352432,20.48652,19.688398,18.807602,20.360485,19.785698,23.26625,21.10447,24.976583,26.6871,25.166706,26.815964,24.018219,23.905012,23.906044,23.638914,26.596596,23.855263,28.67253,25.855333,30.260202,30.869015,31.567722,32.426018,27.845625,25.580732,30.211132,28.078175,29.706488,28.944115,28.687973,28.516579,29.282658,28.723988,29.805521,26.343838,28.014534,27.390514,32.016132,30.627668,34.813267,33.130917,30.753729,32.61507,35.283333,34.832745,31.981121,28.456448,30.174244,28.530703,30.589357,28.67378,24.238293,25.759497,20.166433,19.21481,16.90237,20.157537,16.57362,16.936796,17.42418,18.206734,16.065971,18.705019,16.889643,19.752575,18.236773,21.333574,23.816076,21.697334,18.069544,17.318876,13.864241,12.675612,13.422364,12.087016,12.651938,14.35954,15.639988,19.571186,19.642288,22.100777,20.910452,18.302965,14.917752,13.482007,10.177836,10.114952,6.9502754,7.620641,9.562283,9.892935,15.389803,15.583765,19.21103,22.102959,24.576893
4,13.02042,8.893858,7.3348403,3.7525718,0.0,6.11625,5.4865417,11.678392,13.195097,16.889383,21.25506,23.551008,26.624348,23.948437,20.285461,19.143589,19.00969,17.743101,20.516949,19.821173,23.818737,21.81156,25.936626,27.05539,25.104555,26.814009,23.51555,23.612053,22.952408,23.373947,25.420183,23.468872,27.826155,25.40142,29.918394,30.494154,31.736412,32.52482,28.003891,25.675735,29.896162,27.82711,28.906397,28.010195,28.334879,27.508242,28.94768,27.89095,29.33787,25.467243,26.710691,25.856598,30.214453,28.452593,32.900158,31.610304,28.932356,30.85757,33.078266,32.822258,30.262564,26.5163,27.626266,25.750381,27.615595,26.215788,21.671982,22.591852,17.113737,16.445652,13.719984,17.153843,13.757633,14.840452,15.495818,17.169373,15.476558,18.776018,17.748665,21.080837,20.006485,23.666157,26.183971,24.038755,20.180622,18.921041,15.624,13.360293,13.164712,11.234679,12.118417,13.13177,15.444844,18.471985,19.481583,21.616068,19.939222,17.919086,13.697566,13.528196,8.843127,10.739544,7.7845716,8.435024,11.6605425,11.770046,18.008041,17.187544,21.296532,23.647882,26.219643
5,15.472635,12.305642,8.807581,7.3338223,6.11625,0.0,7.0058584,8.576398,11.551969,14.901445,18.319614,21.460321,24.09095,22.894087,19.629137,19.789894,20.307028,20.0487,22.77288,23.721924,27.705463,26.224125,30.269548,31.301294,29.498636,30.683588,26.991297,26.34669,25.030558,25.000103,25.600697,23.552969,26.663889,23.399681,27.979242,27.584116,29.134117,30.59053,26.287048,24.583902,29.213152,28.180632,28.951818,28.97485,30.115736,29.59426,31.72247,31.38704,33.394283,29.748896,30.743187,29.16339,33.4625,31.154266,35.58684,34.392998,31.005318,32.275646,34.592525,33.420486,30.658716,27.807455,28.699419,27.31298,28.276081,26.345879,23.045872,23.389711,17.927242,18.260641,16.417633,20.467632,17.85069,18.875881,20.672235,22.071169,21.216055,24.32949,22.984781,26.513247,24.636177,28.164474,30.081814,27.299812,23.636297,21.926832,19.498503,16.213938,17.317965,14.175712,13.329351,12.764605,13.837171,15.498103,16.024096,17.264637,15.423371,12.958339,10.225178,10.806235,7.2058883,11.231987,10.884633,12.969894,15.07913,13.841664,19.604866,18.00097,21.559856,23.997942,25.585331
6,18.42745,14.31925,12.517318,8.753279,5.4865417,7.0058584,0.0,7.3584347,8.365601,11.650794,16.374989,18.562101,22.23551,19.454111,16.539427,15.317449,16.20039,14.887859,19.067923,19.112686,23.611734,22.257736,26.534523,26.768929,24.449877,25.806839,21.745417,21.686472,19.955727,21.036592,21.529388,20.578419,24.099049,22.215199,26.75185,27.341753,29.23577,29.87586,25.545065,23.218565,26.822906,25.043793,25.36477,24.544636,25.819618,24.362833,26.866234,25.66534,27.863302,23.809282,24.419579,22.847996,26.900455,24.540075,29.143345,28.238775,24.957743,26.657274,28.547499,28.133713,25.7927,22.134842,22.71505,20.922338,22.40025,21.095518,16.859386,17.378868,11.857365,11.706511,9.483381,13.493163,11.000437,12.209208,14.395877,16.226192,16.2162,19.728552,19.377558,23.548603,22.250658,26.682983,28.65597,26.08006,22.071577,19.866465,17.46019,13.377055,12.732554,9.505208,10.04639,9.661311,13.192081,14.882914,17.178942,19.008512,16.894266,16.000633,10.530153,12.02236,6.1677747,10.446616,9.087717,10.355185,14.004044,13.29053,20.011862,17.53908,22.06068,23.49666,26.016111
7,23.654394,20.029331,17.062832,14.347378,11.678392,8.576398,7.3584347,0.0,5.336016,6.6701837,10.452869,13.945142,17.722242,16.866003,15.343205,15.730625,17.921196,17.761774,22.217377,24.044085,28.518936,27.872446,32.02555,31.857286,29.594439,30.304916,25.73113,24.909618,22.07076,23.000263,20.883745,20.619995,21.922205,19.595175,24.082273,23.551739,26.323416,27.55888,23.734842,22.172995,25.62398,25.225594,24.66466,24.9334,27.598194,26.138506,29.810637,29.261127,32.247093,28.463074,28.519773,25.982162,29.58226,26.407116,30.90341,30.391016,26.139744,26.910233,28.560675,27.039688,24.737503,22.326246,22.156132,21.06383,21.024412,19.301552,17.15691,16.43263,11.5934725,13.276291,12.772567,16.975546,16.039625,17.16352,20.509396,22.092634,23.11397,26.441427,26.010267,30.453749,28.519644,33.013165,34.366844,31.177,27.342072,24.551493,23.14022,18.015938,18.394522,14.213961,12.909895,10.016764,12.526829,10.915202,13.96894,14.252013,11.387833,11.551773,6.849737,11.047849,6.931697,13.37663,14.52118,16.74146,19.526373,17.708843,23.906883,20.288507,24.29161,25.290829,26.7807
8,25.123667,21.39091,19.398436,15.475161,13.195097,11.551969,8.365601,5.336016,0.0,4.793963,8.45398,10.3716345,13.957215,11.935464,10.154857,10.465925,12.93985,13.139255,17.711073,20.247168,24.631958,24.529211,28.519436,27.953379,25.776617,26.062454,21.336752,20.187357,17.0545,17.979486,15.569119,15.499737,17.010115,15.289522,19.732092,20.00011,22.673368,23.355047,19.49908,17.619755,20.631596,20.035126,19.385801,19.606764,22.424713,21.029839,24.903507,24.736885,27.995749,24.577682,24.572163,21.675901,25.391682,22.331568,26.508377,25.71692,21.413828,21.977598,24.126392,22.318636,19.71843,17.479685,18.117373,17.577105,17.956478,15.09231,13.150231,13.999137,8.89037,10.00781,11.3649025,15.261721,14.754933,14.482351,18.939768,19.319876,21.465387,24.238482,23.810993,28.659126,26.258162,31.118841,31.877548,28.434744,24.68539,21.38679,20.788918,14.946111,15.48241,11.038987,9.23055,5.5684886,9.0012045,7.628645,11.643445,12.934142,10.663226,11.78073,5.4816427,9.260095,5.9515142,11.08275,13.099582,15.405065,17.873747,15.754912,21.727022,17.238771,21.406326,21.602423,23.349045
9,29.290962,25.47734,23.1214,19.605343,16.889383,14.901445,11.650794,6.6701837,4.793963,0.0,5.3917403,7.9656224,12.932632,11.757711,12.138372,12.555676,15.929478,15.972957,21.216734,23.708458,28.176497,28.278988,32.243553,31.190126,28.776552,28.972633,24.003155,22.991768,19.134375,20.736372,16.501822,17.893585,17.733732,16.769875,20.804136,20.663385,24.129467,24.8264,21.55388,20.031216,22.106182,22.072626,20.442371,20.825712,24.573107,22.488981,27.195845,26.674242,30.317663,26.776054,26.159374,22.894897,25.850254,22.181044,26.407284,26.30678,21.513195,21.742168,23.012957,21.097498,19.145199,17.294209,16.525795,16.063253,15.269296,13.162206,12.493124,11.560892,7.901225,10.4760475,12.193787,15.683408,16.27544,16.665741,21.138397,22.150778,24.6567,27.664202,27.740936,32.65304,30.56295,35.566433,36.352173,32.949112,29.198288,25.785912,25.285168,19.37725,19.360708,15.100936,13.659576,9.8676815,12.997851,9.453159,14.238368,14.325908,11.572889,13.893544,8.822625,13.408968,10.54149,15.858067,17.724033,19.792843,22.542856,20.519949,26.454668,21.759064,25.808687,25.62503,27.131992
10,32.939167,29.415594,26.903671,23.52503,21.25506,18.319614,16.374989,10.452869,8.45398,5.3917403,0.0,4.709794,8.781122,10.222472,12.016913,14.003285,17.553944,18.64018,23.088245,26.769682,30.881859,31.473694,35.17133,34.017056,31.891525,31.548433,26.611172,24.958988,20.850887,21.84613,16.11688,17.700249,15.494739,14.3230295,17.833437,16.858845,20.908522,21.925243,19.362112,18.61952,20.31083,21.514368,19.393305,20.857645,25.277212,23.701023,28.741228,29.073217,33.010986,30.025644,29.318071,25.623379,28.34399,24.591536,28.214268,28.062437,22.979578,22.271944,23.769781,20.64666,18.531378,18.345806,17.800676,18.423683,16.753105,13.486241,15.18063,14.5741825,12.2556715,14.72161,17.298841,20.495573,21.359192,21.167027,26.03811,26.369928,29.283827,31.913973,31.681477,36.685482,34.01961,38.955704,39.18256,35.393005,31.914785,28.252405,28.475964,22.323887,23.116966,18.75115,16.45475,12.287715,13.703047,8.097837,12.817873,11.783456,9.314306,12.970048,9.959237,14.412399,13.677398,18.355831,21.270779,23.724438,25.798733,23.26832,28.455734,23.275276,26.66828,26.05099,26.75501
11,35.19102,31.587322,29.64264,25.690462,23.551008,21.460321,18.562101,13.945142,10.3716345,7.9656224,4.709794,0.0,5.913094,6.2862706,9.784026,11.74049,15.557937,16.904224,21.229193,25.291367,29.129953,30.217924,33.62881,32.01488,29.97204,29.227415,24.310059,22.470718,18.024265,19.19841,12.330143,14.986328,11.892674,12.244197,15.144253,15.118644,19.20815,19.476055,17.30359,16.432781,16.914087,18.204485,15.457861,17.020674,21.938677,20.231083,25.635607,26.23348,30.419174,27.866129,26.925373,22.921768,25.326504,21.63483,24.732525,24.55014,19.384825,18.179562,19.877579,16.239891,14.060609,14.656618,14.529064,15.99174,14.367662,9.86362,12.956412,13.514863,12.132869,14.076124,17.789606,20.324316,21.6675,20.659788,25.979588,25.562267,29.24222,31.42185,31.346962,36.49636,33.676437,38.792297,38.591106,34.747807,31.447947,27.529716,28.366108,22.079288,22.744036,18.694921,16.472998,12.594165,14.096891,9.091778,13.887565,13.64561,12.08159,15.881685,12.459477,15.988498,15.702796,19.16228,22.244356,24.50257,26.3687,23.850998,28.629313,23.04625,26.35745,24.957182,25.816923
12,37.04155,33.83533,32.065628,28.10472,26.624348,24.09095,22.23551,17.722242,13.957215,12.932632,8.781122,5.913094,0.0,6.466469,9.716069,13.269054,16.265902,18.789623,21.439281,26.717056,29.905022,31.442034,34.420727,32.994125,31.501053,30.188555,25.67295,23.06932,19.069977,18.93991,11.880008,13.498558,8.342382,8.123928,10.042323,9.469048,13.833644,14.263869,12.913659,13.025492,13.268434,16.046202,13.457774,16.45695,21.307306,20.886202,25.84317,27.7177,31.847168,30.105537,29.48857,25.4176,28.012026,24.833927,27.115822,26.326424,21.48008,19.506504,22.181353,17.437668,14.5350065,16.883314,18.195597,20.417465,19.088926,13.524708,17.243944,18.982409,17.37791,18.685663,22.646833,25.211914,26.197115,24.443272,29.965376,28.577303,32.395798,33.98651,33.33752,38.421898,34.87382,39.72047,38.820827,34.614655,31.772095,27.757334,29.41119,23.236156,24.939285,21.024637,18.054087,14.505529,13.999238,9.0471945,12.19999,11.815897,11.696618,15.613816,14.020742,16.263554,18.010448,20.155933,24.11603,26.678669,27.610207,24.670403,28.279165,22.471346,24.830639,22.9617,22.928875
13,34.686077,31.193588,30.121708,25.545525,23.948437,22.894087,19.454111,16.866003,11.935464,11.757711,10.222472,6.2862706,6.466469,0.0,5.3242803,7.446013,10.822173,12.919738,16.232023,20.994865,24.287256,25.911373,28.893206,27.092337,25.404873,24.152727,19.497902,17.169964,12.836874,13.519561,6.168483,9.231194,6.6084995,8.738796,11.280984,13.258901,16.341642,15.523523,13.163241,11.63614,11.255734,12.015595,9.258717,10.947781,15.8633,14.736655,19.936005,21.350552,25.53675,23.716686,23.030558,18.959906,21.715546,18.75012,21.128542,20.128712,15.359456,13.858147,17.004438,12.966161,9.594573,10.798889,13.113233,15.280182,15.142902,8.980262,11.707811,15.006501,13.261549,13.671641,18.184555,20.185856,21.291018,18.927647,24.579466,22.771034,27.050032,28.417345,28.141144,33.30225,30.074284,35.191063,34.3976,30.483038,27.509663,23.408213,25.054712,18.893936,19.845322,16.38695,14.112968,11.224173,12.325338,9.712638,13.597613,14.980842,14.52644,17.64026,13.767252,15.503898,16.035378,17.342585,20.637598,22.683409,23.91265,21.42011,25.3691,19.542204,22.640451,20.442009,21.659317
14,30.069876,26.765226,26.088459,21.352432,20.285461,19.629137,16.539427,15.343205,10.154857,12.138372,12.016913,9.784026,9.716069,5.3242803,0.0,4.4985867,6.6622787,9.55671,11.9225445,17.099636,20.358747,21.747059,24.818764,23.639801,22.203676,21.10741,16.65431,14.048139,10.660113,10.16556,6.502817,5.8250318,7.658632,7.550814,11.269803,13.641341,15.518339,14.845007,11.19963,8.754173,10.618308,10.110037,9.521425,10.67813,13.921707,13.8471365,17.818905,19.6299,23.310268,21.504356,21.593744,18.05945,21.84302,19.560637,22.180376,20.39279,16.352182,15.735008,19.640526,16.453888,12.654873,12.395931,15.854062,17.234589,18.236994,12.578748,12.726334,16.871294,13.465278,12.977933,16.908161,19.307455,19.409815,16.558586,22.05611,19.674036,23.519455,24.632217,23.800993,28.870972,25.295736,30.257502,29.442484,25.43545,22.43854,18.36931,20.057379,13.923955,15.62277,12.162928,9.383386,7.1793723,7.758595,7.9143553,10.794404,13.537102,13.458011,15.410212,11.127466,11.428167,12.461564,12.410426,15.954836,18.118542,18.869265,16.264046,20.045876,14.23389,17.527325,15.644472,17.294271
15,29.32245,25.738295,25.531084,20.48652,19.143589,19.789894,15.317449,15.730625,10.465925,12.555676,14.003285,11.74049,13.269054,7.446013,4.4985867,0.0,4.1102953,5.5354567,9.7769785,13.720038,17.395712,18.670952,21.925268,20.342405,18.497404,17.702368,12.906487,10.960254,7.1027656,8.2880945,6.3630695,7.039768,10.736169,11.874123,15.151135,18.004284,19.665895,18.53564,14.925154,11.98481,12.996695,10.762409,10.258322,9.386666,12.097622,10.835501,14.963833,15.780215,19.508108,17.279238,17.248056,13.789806,17.779955,15.646199,18.590363,16.800379,12.973187,13.272843,17.021751,15.055662,11.667889,9.506645,13.269815,14.108944,16.084297,11.149563,9.452784,14.501192,11.121036,9.6826725,13.819187,15.618288,15.845019,12.555082,18.138031,15.618038,19.895182,21.016285,20.73685,25.908052,22.88996,28.150293,27.677395,24.097784,20.87524,16.863554,18.169813,12.168631,12.558935,9.627655,8.254062,7.2485914,9.999842,11.302591,14.492176,17.385664,16.830887,18.444593,13.060767,13.440869,12.7384815,12.407816,14.707,16.175558,17.542986,15.623988,19.955023,14.58659,18.5568,16.730639,19.378836
16,27.718111,24.406939,24.870245,19.688398,19.00969,20.307028,16.20039,17.921196,12.93985,15.929478,17.553944,15.557937,16.265902,10.822173,6.6622787,4.1102953,0.0,4.0073957,5.7131753,10.501339,13.764146,15.206105,18.262613,17.030012,15.616863,14.648723,10.314056,7.83282,5.677672,5.0957108,7.9838266,5.979829,12.13858,12.824911,15.83458,19.16953,19.840498,18.45073,14.56586,11.218392,12.801621,9.411959,10.647639,9.300815,9.903695,10.000567,12.474605,14.04832,17.21085,15.515175,16.263372,13.468349,18.046679,16.904305,19.379185,16.814507,14.1084,14.760749,19.091846,17.494013,13.937279,11.745962,16.334654,17.013565,19.60166,14.862485,12.523368,17.946844,14.266125,12.15616,15.579597,17.161766,16.654228,12.657664,17.783613,14.135997,18.274174,18.65991,17.86999,22.920858,19.464947,24.611422,23.804056,20.168455,17.122162,13.044239,14.89805,9.288711,10.330651,8.392075,7.2283225,8.267419,10.025443,13.346735,15.301739,18.862713,18.78978,19.660658,14.623666,13.561135,13.448422,11.055825,13.167568,14.365719,14.943813,13.187268,16.720856,11.566052,15.46846,13.485839,16.736382
17,26.960339,23.364475,24.065,18.807602,17.743101,20.0487,14.887859,17.761774,13.139255,15.972957,18.64018,16.904224,18.789623,12.919738,9.55671,5.5354567,4.0073957,0.0,6.699498,8.441998,12.566993,13.487085,16.963388,15.403918,13.30594,13.071199,8.25382,7.3391776,5.215079,7.201554,10.297154,9.833484,15.463438,16.487244,19.604738,22.815638,23.763395,22.3901,18.548662,15.220336,16.435032,12.71183,13.471631,11.025185,11.230172,9.781024,12.178133,12.01256,15.081472,12.46073,13.111546,10.634322,15.44929,14.387854,17.425411,15.122829,12.729728,14.405056,18.052383,17.672031,14.795159,11.06522,15.075335,14.945081,18.181679,14.580849,10.640679,16.100033,12.47312,9.6718235,12.689343,13.718748,13.177754,8.873884,13.985251,10.436199,14.944031,15.635422,15.58117,20.745937,18.133137,23.555773,23.399185,20.346731,16.986443,13.265364,14.14535,8.962077,7.932771,6.737608,7.593158,9.200036,12.438584,15.612961,18.11766,21.503532,20.922567,21.681772,15.934783,15.405407,13.730851,11.89077,12.513549,12.934884,14.460991,13.527641,17.84942,13.516325,17.884735,16.414944,20.084564
18,26.846567,24.004375,25.492794,20.360485,20.516949,22.77288,19.067923,22.217377,17.711073,21.216734,23.088245,21.229193,21.439281,16.232023,11.9225445,9.7769785,5.7131753,6.699498,0.0,6.795372,8.689633,10.566257,13.051059,12.354079,11.811572,10.561976,7.756223,4.9185257,7.169332,4.437993,12.253351,8.927647,16.084217,16.5719,18.943743,22.694052,22.239275,20.503378,16.709957,13.300571,14.984368,10.524404,13.455937,11.490406,8.795653,10.672911,9.894409,12.368932,14.250643,13.61203,15.469478,13.965463,18.835835,19.049246,20.78937,17.433552,16.429476,17.543156,22.168453,21.23467,17.81812,15.532108,20.611485,21.074408,24.29979,19.93502,17.007847,22.683779,18.9916,16.3203,18.901169,19.94906,18.758484,14.242409,18.215965,13.203067,16.910131,15.966855,14.524479,19.14359,15.173762,20.063639,18.676538,15.149542,12.554101,8.575883,11.49499,7.864608,9.321395,9.795148,9.693203,12.501539,13.318192,18.045868,18.837847,22.844881,23.186113,23.304974,18.754568,16.429417,16.686993,12.266024,13.413772,13.794852,13.143151,12.149593,13.879348,9.962616,13.277561,11.134025,15.334706
19,25.467838,22.491518,24.782097,19.785698,19.821173,23.721924,19.112686,24.044085,20.247168,23.708458,26.769682,25.291367,26.717056,20.994865,17.099636,13.720038,10.501339,8.441998,6.795372,0.0,4.8172207,5.121893,8.688437,7.8348174,6.2478714,7.0565214,5.2757688,6.544165,9.830788,10.062983,17.203606,15.283547,22.126167,22.87504,25.515203,29.145493,28.95349,27.274288,23.444487,20.02075,21.435953,16.711695,19.029919,15.944247,12.739157,12.782513,10.702742,10.193419,10.499181,8.827971,11.623069,11.9984045,16.900524,17.985855,20.015785,16.873058,17.136703,19.543123,23.210852,23.94686,21.373009,17.540314,21.811256,21.218763,25.22503,22.38818,17.822088,23.125212,19.630121,16.340803,17.597511,17.639076,15.943606,11.401584,13.611847,7.795295,11.30139,9.575593,9.028676,13.65842,11.156346,16.465471,16.244486,14.210341,11.296951,8.798739,9.605541,8.637744,6.6769633,9.982226,12.275801,15.760016,17.95222,22.742285,24.023043,27.929976,27.72451,27.521227,22.252905,20.317987,18.838509,14.789028,13.50972,12.24232,12.516566,13.331003,15.650878,13.84026,17.48311,16.467085,21.01365
20,27.670826,25.24102,28.029911,23.26625,23.818737,27.705463,23.611734,28.518936,24.631958,28.176497,30.881859,29.129953,29.905022,24.287256,20.358747,17.395712,13.764146,12.566993,8.689633,4.8172207,0.0,3.7019258,4.66101,4.2462993,5.1983876,4.9622703,6.993354,7.8518124,12.513676,11.65463,19.760658,17.33687,24.31748,25.208475,27.257145,31.22719,30.373463,28.364998,24.866829,21.564648,22.639347,17.687157,20.649485,17.580967,12.997151,14.297286,10.053779,10.772612,9.501954,10.121663,13.379115,14.471282,18.863068,20.823029,21.859938,18.235325,19.565083,21.734146,25.705242,26.428856,23.832232,20.597874,25.341919,25.086388,29.172712,26.070442,21.974085,27.53636,24.289042,21.003363,22.383831,22.199377,20.552366,16.062632,17.649712,11.700179,14.408493,11.326361,10.198302,13.477579,10.551044,14.975466,13.661591,12.080436,10.446914,8.901455,10.874213,11.826301,10.994454,14.40746,16.206417,19.794966,21.193552,26.30611,27.016405,31.105028,31.28704,30.942707,26.153198,23.650799,22.928926,18.116777,17.056776,15.712984,14.848231,15.851429,16.199102,15.339155,17.866564,16.504715,21.083939
21,24.869938,22.506573,25.618456,21.10447,21.81156,26.224125,22.257736,27.872446,24.529211,28.278988,31.473694,30.217924,31.442034,25.911373,21.747059,18.670952,15.206105,13.487085,10.566257,5.121893,3.7019258,0.0,4.325673,5.9263835,6.041952,7.701314,9.110439,10.5730505,14.668378,14.189584,21.988955,19.480968,26.563354,26.971352,29.464369,33.103516,32.38645,30.720324,26.92095,23.604576,25.299847,20.505808,23.36667,20.363256,16.266165,17.039167,13.430846,13.060032,11.479082,10.9109535,14.341428,15.912832,20.381216,22.15597,23.772398,20.490768,21.616129,24.115637,27.728947,28.729912,26.207912,22.476372,26.728775,25.971947,30.118223,27.489416,22.778315,27.886225,24.29229,20.980097,21.52629,21.400034,19.201488,15.155073,15.744017,10.137133,11.556584,8.127979,6.5974545,9.842767,7.397187,12.164863,11.957993,11.067255,8.919183,8.376007,8.718568,11.065409,9.598012,13.68692,16.048935,19.93296,21.598461,26.949133,27.620247,31.682476,31.652542,30.93816,26.05822,23.534815,22.25344,17.504562,15.507388,13.594379,12.907171,14.648392,15.384713,15.472015,18.291803,17.834555,22.459372
22,27.8457,25.913208,29.299343,24.976583,25.936626,30.269548,26.534523,32.02555,28.519436,32.243553,35.17133,33.62881,34.420727,28.893206,24.818764,21.925268,18.262613,16.963388,13.051059,8.688437,4.66101,4.325673,0.0,4.5654497,6.9595613,7.72922,11.191464,12.45527,17.138174,16.193209,24.404015,21.753761,28.805447,29.453154,31.45883,35.37624,34.21247,32.257256,28.787056,25.586424,26.866713,21.959013,25.13522,22.09814,17.209845,18.64737,13.798585,14.096148,11.442284,12.585755,16.094538,18.08881,22.075838,24.492908,25.326101,21.763449,23.686829,26.025932,29.787912,30.850496,28.387213,25.056452,29.629267,29.132133,33.36348,30.576153,26.203121,31.55666,28.245037,24.899967,25.679653,25.305857,23.301485,19.195408,19.588255,13.96802,15.240229,11.224061,9.790485,11.214169,8.946171,12.117613,10.749109,10.736043,10.205057,10.540297,11.773948,14.777979,13.877344,17.824509,19.865822,23.71469,24.942055,30.385946,30.759272,34.918888,35.1512,34.4334,29.836784,27.02804,26.246134,21.136866,19.441511,17.608286,16.306593,17.998135,17.334162,17.974712,19.894623,19.095007,23.596521
23,30.793669,28.374186,31.358671,26.6871,27.05539,31.301294,26.768929,31.857286,27.953379,31.190126,34.017056,32.01488,32.994125,27.092337,23.639801,20.342405,17.030012,15.403918,12.354079,7.8348174,4.2462993,5.9263835,4.5654497,0.0,3.5301929,3.629236,8.09166,10.075111,14.573356,14.517125,22.200397,20.530006,27.19082,28.664194,30.44731,34.64543,33.84414,31.559633,28.333578,25.04403,25.407724,20.30702,22.93873,19.39535,14.579855,15.275937,10.299304,9.86536,6.907115,8.851811,12.192311,14.3215065,17.922987,20.700308,21.088755,17.504316,19.932276,22.383774,25.926449,27.385515,25.294561,21.877457,26.417654,26.056189,30.39587,27.825153,23.629732,29.152845,26.521988,23.110533,24.40651,23.509565,22.1841,17.81234,18.688356,12.860894,15.5811405,11.969328,11.939808,14.25432,12.700008,16.474993,15.289134,14.805295,13.794086,12.94472,14.449323,15.799461,14.142369,17.8043,19.961952,23.396862,25.150982,29.982262,30.989153,35.015163,35.097958,34.936275,29.917488,27.689253,26.625568,22.143503,20.759851,19.081266,18.582577,19.887953,20.191513,19.58192,21.95764,20.414331,24.918518
24,30.021978,27.218378,29.940243,25.166706,25.104555,29.498636,24.449877,29.594439,25.776617,28.776552,31.891525,29.97204,31.501053,25.404873,22.203676,18.497404,15.616863,13.30594,11.811572,6.2478714,5.1983876,6.041952,6.9595613,3.5301929,0.0,3.5793076,6.0672197,9.128472,12.871551,13.8695965,20.842684,19.824438,26.30039,27.919552,30.01692,34.07774,33.76727,31.604239,28.220064,24.82606,25.16176,20.096582,22.181984,18.379238,14.348609,13.872855,10.095284,7.9363065,5.604042,5.6358476,9.1369705,11.468168,15.245056,17.810621,18.721514,15.471359,17.628893,20.459902,23.599367,25.436432,23.58049,19.593372,23.705322,23.026785,27.458725,25.351685,20.758352,26.071358,23.604584,20.143877,21.298895,20.146143,18.981106,14.6668825,15.51398,9.760344,13.117289,10.063058,11.0050745,14.086003,13.186695,17.64217,17.289352,16.620111,14.793561,13.481963,14.270882,14.788632,12.186121,15.818701,18.387924,21.632753,24.027288,28.50011,30.013502,33.881485,33.65497,33.670147,28.254154,26.531523,24.837555,21.01953,19.371119,17.591341,17.924637,19.248835,20.736055,19.614716,22.674559,21.262049,25.820292
25,31.966173,29.22117,31.753271,26.815964,26.814009,30.683588,25.806839,30.304916,26.062454,28.972633,31.548433,29.227415,30.188555,24.152727,21.10741,17.702368,14.648723,13.071199,10.561976,7.0565214,4.9622703,7.701314,7.72922,3.629236,3.5793076,0.0,5.1065135,7.1770477,11.419786,11.849405,19.050539,17.970587,24.294361,26.245726,27.887909,32.206226,31.676514,29.237692,26.166628,22.85779,22.677237,17.546654,19.794785,16.036928,11.431334,11.703931,6.9152317,6.5224195,4.7464004,6.9669256,9.858749,11.283016,14.964421,17.623556,17.855753,14.128721,16.447826,18.788248,22.441015,23.801939,21.771353,18.469473,23.165228,23.08333,27.346571,24.60754,20.770452,26.497555,24.21487,20.868557,22.770676,21.82021,21.011305,16.396225,18.19363,12.333584,16.208502,13.356823,13.680731,16.879025,15.0337925,19.350946,18.093294,16.851551,15.408656,13.584318,15.484232,15.353068,13.65153,16.690338,18.61562,21.634281,23.574165,27.911736,29.283848,33.181217,33.21945,33.465935,28.303608,26.449108,25.421715,21.376093,20.528942,19.2342,19.121414,19.908033,20.842379,19.174389,21.8362,19.773682,24.175417
26,30.464022,27.274797,29.1679,24.018219,23.51555,26.991297,21.745417,25.73113,21.336752,24.003155,26.611172,24.310059,25.67295,19.497902,16.65431,12.906487,10.314056,8.25382,7.756223,5.2757688,6.993354,9.110439,11.191464,8.09166,6.0672197,5.1065135,0.0,3.874003,6.8192143,8.551296,14.813783,14.3708315,20.469572,22.489582,24.534517,28.623896,28.70546,26.492033,23.207214,19.807623,19.72601,14.780665,16.370699,12.522741,9.33923,8.250886,6.3822856,5.176897,7.0291786,6.0860844,8.045625,7.7606125,12.426153,13.974573,15.20948,11.77361,12.633443,15.07708,18.774845,19.856041,17.683296,13.932226,18.557838,18.454538,22.594381,19.739258,15.781542,21.574957,19.221876,15.942298,18.283516,17.597664,17.108656,12.326108,15.344014,9.800951,14.721705,13.236488,13.801807,18.133375,16.09912,21.181305,20.45186,18.421227,16.023123,13.201188,14.778965,12.707753,10.687668,12.8159,14.670353,17.226208,19.704546,23.499844,25.41821,29.10439,28.883013,29.441893,23.975948,22.702463,21.329205,18.091759,17.60762,16.743158,17.40274,17.667562,19.99819,17.186737,20.623322,18.566319,22.851917
27,30.54092,27.489435,29.118456,23.905012,23.612053,26.34669,21.686472,24.909618,20.187357,22.991768,24.958988,22.470718,23.06932,17.169964,14.048139,10.960254,7.83282,7.3391776,4.9185257,6.544165,7.8518124,10.5730505,12.45527,10.075111,9.128472,7.1770477,3.874003,0.0,4.9776645,4.852828,12.149853,10.904344,17.252419,19.169079,20.983503,25.19233,25.021055,22.731642,19.514748,16.14684,16.090025,11.089285,13.200712,9.831784,6.2493463,6.9407067,5.434091,7.6034307,9.962159,9.910603,11.44891,10.022519,14.592842,15.533679,16.571323,12.935214,12.919262,14.438807,18.92779,18.854515,16.03222,13.30699,18.592665,19.14136,22.810366,18.938843,15.933757,21.974283,19.332537,16.368464,19.30898,19.332714,18.849812,14.044086,17.867033,12.498889,17.186045,15.870088,15.547832,20.021662,16.971714,21.944584,20.579947,17.790995,15.541397,12.118759,14.673344,11.781074,11.300322,12.483413,13.28248,15.618368,17.315174,21.156183,22.704903,26.465351,26.582558,27.22236,22.212048,20.6208,20.176823,16.578375,17.11337,16.920399,16.966509,16.531185,18.37385,14.863052,17.968231,15.399806,19.47517
28,31.732737,28.299196,29.173199,23.906044,22.952408,25.030558,19.955727,22.07076,17.0545,19.134375,20.850887,18.024265,19.069977,12.836874,10.660113,7.1027656,5.677672,5.215079,7.169332,9.830788,12.513676,14.668378,17.138174,14.573356,12.871551,11.419786,6.8192143,4.9776645,0.0,4.855323,8.052314,8.85571,14.010025,16.573547,18.58974,22.59168,23.300968,21.140955,18.032852,14.765182,14.136907,9.809091,10.25748,6.6842704,6.686929,4.6515584,8.066607,8.983965,12.817736,11.591946,11.749012,8.607702,12.918362,12.49537,14.176584,11.2518425,9.336006,10.530783,15.000797,14.474589,11.58318,8.59399,13.934824,14.829753,18.146643,13.976331,11.48697,17.626633,15.440388,12.835191,16.655222,16.832384,17.155214,12.684946,17.553663,13.335046,18.502821,18.322546,18.499716,23.392424,20.639954,25.892622,24.943352,21.908096,19.211218,15.429296,17.44046,12.986259,12.26604,11.868921,12.199324,13.273187,15.638559,18.16541,20.625183,23.933702,23.72836,25.030067,19.727016,19.166105,18.38906,16.270308,17.387974,17.729137,18.632774,17.649437,20.72522,16.210766,19.779308,17.182394,20.700598
29,30.774654,27.781815,28.822113,23.638914,23.373947,25.000103,21.036592,23.000263,17.979486,20.736372,21.84613,19.19841,18.93991,13.519561,10.16556,8.2880945,5.0957108,7.201554,4.437993,10.062983,11.65463,14.189584,16.193209,14.517125,13.8695965,11.849405,8.551296,4.852828,4.855323,0.0,8.539401,6.128176,12.715359,14.436995,16.15947,20.377626,20.193222,17.955256,14.7061615,11.3526,11.481082,6.699019,9.237038,7.1462755,5.221639,7.4619455,8.332258,11.718985,14.632296,14.465063,15.487571,13.020315,17.342934,17.277517,18.460684,15.114972,13.660674,14.012167,19.025496,17.479641,13.905807,12.551857,18.100029,19.306578,22.20884,17.26762,15.550474,21.505415,18.61424,16.250528,19.804323,20.653795,20.31291,15.802152,20.456848,15.721099,20.193098,19.46822,18.574608,23.244793,19.482769,24.335321,22.65137,19.081226,16.823273,12.852296,15.916962,11.715766,12.811345,12.399116,11.697505,13.225676,13.987597,17.452118,18.744707,22.43782,22.87132,23.762741,19.317078,17.662945,18.280853,14.8663435,16.780333,17.519323,17.241335,15.822691,17.597752,12.927237,15.7583,12.669576,16.134562
30,35.15661,31.765427,31.604578,26.596596,25.420183,25.600697,21.529388,20.883745,15.569119,16.501822,16.11688,12.330143,11.880008,6.168483,6.502817,6.3630695,7.9838266,10.297154,12.253351,17.203606,19.760658,21.988955,24.404015,22.200397,20.842684,19.050539,14.813783,12.149853,8.052314,8.539401,0.0,5.8951716,6.5135593,10.460929,11.882209,15.713106,17.313988,15.233407,12.906436,10.4807,8.499615,7.0899563,4.3870025,4.8245645,9.824189,9.103024,14.096474,16.249104,20.392216,19.437082,18.946201,14.986336,17.917389,16.002031,17.417479,15.509664,11.615259,10.089516,14.684433,11.132498,6.992572,8.148818,12.921944,15.345195,16.689363,10.585391,11.989713,17.154493,15.5689745,14.584547,19.303358,20.441093,21.401144,17.901571,23.45693,20.350035,25.19313,25.665802,25.419256,30.452997,27.101866,32.19312,30.892813,27.14357,24.554283,20.423025,22.794296,17.226082,17.974695,15.686341,14.066987,12.8802185,13.984309,14.01309,16.817741,19.28324,19.363691,21.73696,17.504932,17.808313,18.421997,17.734285,20.587322,22.070599,22.801762,20.702625,23.752272,18.11234,21.01703,18.000637,19.952906
31,31.57116,28.628637,28.780987,23.855263,23.468872,23.552969,20.578419,20.619995,15.499737,17.893585,17.700249,14.986328,13.498558,9.231194,5.8250318,7.039768,5.979829,9.833484,8.927647,15.283547,17.33687,19.480968,21.753761,20.530006,19.824438,17.970587,14.3708315,10.904344,8.85571,6.128176,5.8951716,0.0,7.241342,8.324493,10.3087635,14.29391,14.526846,12.663437,9.201274,5.945621,6.929007,4.694878,6.4059625,7.642084,9.354664,11.2657995,13.927921,17.26945,20.605556,20.025723,20.576664,17.374725,21.290665,20.099619,21.617918,18.930445,16.024408,15.187725,20.111343,16.935646,12.775301,13.21837,18.188488,19.976103,21.701359,15.8032465,15.852708,21.075235,18.048042,16.709576,20.67348,22.42085,22.30428,18.49722,23.739264,19.975052,24.119728,24.153013,22.95087,27.764153,23.645351,28.342043,26.654545,22.536535,20.20404,16.07411,18.989233,13.718364,15.948669,13.812785,11.426829,11.219951,10.594336,12.760048,13.872089,17.22682,18.006622,19.402668,15.870864,14.548353,16.473934,14.105373,17.53057,19.288034,18.97663,16.553898,18.58183,12.886182,15.276881,12.155471,14.123371
32,36.959988,33.935455,33.28344,28.67253,27.826155,26.663889,24.099049,21.922205,17.010115,17.733732,15.494739,11.892674,8.342382,6.6084995,7.658632,10.736169,12.13858,15.463438,16.084217,22.126167,24.31748,26.563354,28.805447,27.19082,26.30039,24.294361,20.469572,17.252419,14.010025,12.715359,6.5135593,7.241342,0.0,5.577179,5.638653,9.454889,11.323524,9.493036,8.0841055,7.279148,5.1327014,8.116539,5.821638,9.819735,14.095876,15.038312,19.159277,22.297031,26.19596,25.589401,25.356556,21.478413,24.327772,22.279865,23.469284,21.639116,17.780828,15.529002,19.792791,14.980093,10.999693,14.095327,17.886942,20.598383,20.831001,14.371192,17.227278,21.325472,19.49827,19.316963,23.805643,25.676592,26.386501,23.255354,28.851555,25.884586,30.253307,30.767036,29.873787,34.80661,30.81007,35.518696,33.80458,29.581327,27.312605,23.20013,25.937637,20.296906,22.309866,19.425455,16.660635,14.713174,13.7418585,12.429806,14.126891,15.934268,16.84098,19.552645,17.193357,17.302813,19.668192,19.174755,23.114605,25.268274,25.34831,22.5897,24.855135,18.981369,20.802732,17.718256,18.109577
33,33.70847,31.017794,30.044937,25.855333,25.40142,23.399681,22.215199,19.595175,15.289522,16.769875,14.3230295,12.244197,8.123928,8.738796,7.550814,11.874123,12.824911,16.487244,16.5719,22.87504,25.208475,26.971352,29.453154,28.664194,27.919552,26.245726,22.489582,19.169079,16.573547,14.436995,10.460929,8.324493,5.577179,0.0,4.6120563,6.3651567,8.083591,8.116147,5.100036,5.226644,7.8951793,10.819537,10.543602,14.080204,17.218115,18.76897,22.120941,25.331268,28.861725,27.928936,28.195057,24.622965,28.130754,26.026995,27.856306,25.86809,22.014376,20.33717,24.531252,20.03173,16.055792,18.107618,21.59066,23.698555,23.86931,17.68763,19.646166,23.232635,20.272615,20.322685,24.12306,26.758108,26.779572,23.994602,29.383398,26.679705,30.269066,30.994743,29.506615,34.293404,29.959684,34.33421,32.744305,28.280796,25.98326,22.058191,24.544456,18.95177,21.906807,18.57323,15.059403,12.892985,10.232677,8.954981,9.095899,11.061818,12.637157,14.837504,13.771435,13.249303,16.87874,16.36437,20.910465,23.547386,23.204424,20.035585,22.081692,16.306824,17.705284,15.423336,14.976562
34,37.825497,35.274704,34.47114,30.260202,29.918394,27.979242,26.75185,24.082273,19.732092,20.804136,17.833437,15.144253,10.042323,11.280984,11.269803,15.151135,15.83458,19.604738,18.943743,25.515203,27.257145,29.464369,31.45883,30.44731,30.01692,27.887909,24.534517,20.983503,18.58974,16.15947,11.882209,10.3087635,5.638653,4.6120563,0.0,5.0144196,5.766476,4.3819146,4.4699,6.370626,6.1807466,10.812992,10.267211,14.571108,17.71362,19.80991,22.966635,26.817852,30.3577,30.080202,30.242107,26.590252,29.6867,27.832077,28.91489,26.83587,23.275784,20.982735,25.32226,20.307621,16.446375,19.70928,23.437426,26.074232,26.085348,19.679285,22.49542,26.280771,23.970303,23.957071,28.082304,30.39304,30.67332,27.608772,33.070427,29.956034,33.863514,34.211636,32.713562,37.4072,32.882236,37.102417,35.000305,30.498894,28.6478,24.753859,27.786499,22.520252,25.48691,22.524036,19.17996,17.311813,14.663727,13.387257,13.148698,14.57313,16.484825,18.814949,18.329947,17.668945,21.470066,20.545376,25.061277,27.567518,26.91631,23.806337,25.013622,19.40233,20.012463,17.057152,15.982828
35,38.362934,35.962303,34.57318,30.869015,30.494154,27.584116,27.341753,23.551739,20.00011,20.663385,16.858845,15.118644,9.469048,13.258901,13.641341,18.004284,19.16953,22.815638,22.694052,29.145493,31.22719,33.103516,35.37624,34.64543,34.07774,32.206226,28.623896,25.19233,22.59168,20.377626,15.713106,14.29391,9.454889,6.3651567,5.0144196,0.0,4.8409758,6.8078294,7.34596,9.934025,11.1860285,15.625171,14.877649,19.078781,22.465229,24.229172,27.632957,31.174192,34.76805,34.08393,34.209873,30.482649,33.611954,31.3332,32.840862,31.07261,27.104319,24.84012,28.710989,23.544563,19.950514,23.113102,26.041504,28.507511,27.897062,21.780813,24.883694,27.759005,25.322084,25.892626,29.679365,32.441113,32.650158,30.142715,35.556343,33.02796,36.54971,37.31288,35.689667,40.376583,35.849403,39.94891,38.100513,33.510807,31.529379,27.764553,30.379398,24.990286,28.17405,24.72357,21.065617,18.5837,15.437263,12.756177,11.876418,11.908869,14.148155,16.672121,17.724499,17.545914,21.771828,21.791265,26.548529,29.384365,28.823662,25.489586,26.92871,21.495676,21.928213,19.76693,17.960882
