,0,1,2,3,4,5,6,7,8,9,10,11,12,13,14,15,16,17,18,19,20,21,22,23,24,25,26,27,28,29,30,31,32,33,34,35,36,37,38,39,40,41,42,43,44,45,46,47,48,49,50,51,52,53,54,55,56,57,58,59,60,61,62,63,64,65,66,67,68,69,70,71,72,73,74,75,76,77,78,79,80,81,82,83,84,85,86,87,88,89,90,91,92,93,94,95,96,97,98,99,100,101,102,103,104,105,106,107,108,109,110,111,112,113,114,115
0,0.0,3.967969,7.640334,9.74136,12.780674,14.451506,17.731148,22.927845,24.30856,27.72672,31.640099,33.670265,34.719296,31.085316,26.167025,25.834278,21.876774,21.993767,16.268753,19.031034,16.327633,17.707142,16.716438,18.88036,21.360235,19.812773,21.715216,19.940454,23.98056,20.051613,27.762228,22.625917,28.885847,27.59618,28.795757,31.939365,28.866179,27.565908,24.658405,22.765253,25.529331,22.438929,26.956015,26.374407,21.600807,25.913158,21.393932,25.339195,24.274202,26.800722,29.618092,29.879198,34.048893,35.836426,36.137123,32.047348,33.043854,33.74805,38.77223,37.494213,33.61781,33.248444,38.85589,39.978848,43.15227,38.185577,36.322426,42.078377,38.47699,35.38371,36.510933,36.789875,35.114113,30.555256,32.01816,26.753452,27.639355,25.594574,22.184723,24.01626,18.878065,18.752014,20.505203,16.688417,17.023722,20.744009,21.092337,23.774696,23.093563,26.534332,28.257805,27.244032,28.74564,29.705584,33.934067,33.151665,38.21295,42.186745,43.654236,46.060238,45.308826,45.380642,41.537018,40.034405,37.53641,37.086754,32.408367,33.720627,32.932064,35.641594,33.567543,39.207478,34.50372,38.450283,37.610428,40.473595
1,3.967969,0.0,4.3480287,5.8153954,8.870278,10.745431,13.782765,19.043964,20.40431,23.766613,27.727066,29.761875,30.995277,27.41212,22.394497,22.157257,18.27354,18.709446,13.407588,16.410488,14.521954,15.94191,15.855873,17.694267,19.652794,18.170393,19.24521,17.17671,20.86749,16.850605,24.398558,19.125113,25.510538,24.033924,25.56455,28.618126,25.83942,24.680635,21.414705,19.349697,22.504591,19.431925,23.88233,23.422546,19.067379,23.229013,19.359337,23.306175,22.814571,24.801577,27.48247,27.361288,31.751373,33.146164,33.79277,29.79971,30.28247,30.946405,35.963993,34.542934,30.578917,30.071697,35.547047,36.556557,39.693108,34.748062,32.742393,38.40814,34.664562,31.575256,32.594994,32.958508,31.214243,26.683418,28.176455,22.983578,23.86215,22.045185,18.635338,20.864796,15.732427,16.381317,18.557005,14.658836,14.24965,17.913605,18.973484,20.868004,20.524303,24.136538,25.629627,24.29509,25.398144,26.333498,30.27809,29.618025,34.616936,38.557384,40.16109,42.667328,42.118324,42.378468,38.576035,37.270214,34.66635,34.723324,30.015282,31.783346,31.175789,33.734333,31.436375,36.803158,31.729483,35.579773,34.436977,37.205013
2,7.640334,4.3480287,0.0,5.0364165,6.8179154,7.6991386,11.5525055,15.848601,18.08476,20.90199,25.04418,27.544249,29.397726,26.243837,21.00646,21.009226,17.400864,17.993736,13.755783,16.321024,15.492879,16.208557,17.082792,19.189627,20.585825,19.639874,19.881134,17.812273,20.929918,17.071278,24.10343,18.627308,24.972425,22.74918,24.888193,27.368208,24.900469,24.342651,20.599506,18.57061,22.653555,19.932129,24.144379,23.93795,20.330061,24.023607,21.042068,24.55239,24.467459,25.631184,28.275229,27.912493,32.60777,33.48594,34.742264,30.95547,30.777142,31.495438,36.38302,34.85046,30.802479,29.94303,35.08625,35.73882,38.876644,34.110474,31.648285,37.01273,32.9134,29.80433,30.210146,30.62246,28.505732,24.253315,25.068886,20.200632,20.342867,18.527136,14.880337,16.739464,11.948767,12.461068,15.353702,12.04882,11.685955,15.401089,17.495836,18.98094,19.619638,22.990726,24.587002,23.19257,23.63042,25.083258,28.298132,28.394865,33.04057,37.052105,38.672974,41.271072,40.992325,41.479485,37.59956,36.47961,33.561428,34.120342,29.417446,31.257128,31.145763,33.743305,31.404179,36.51623,31.146803,35.006947,33.383804,36.221287
3,9.74136,5.8153954,5.0364165,0.0,3.697365,6.470145,8.096247,13.785086,14.707479,18.138556,22.094189,23.966917,25.356197,21.783089,16.670868,16.6343,12.941736,14.230647,10.113321,13.56829,13.336068,14.9254675,16.203945,17.120466,18.095074,16.646746,16.169203,13.534648,16.343578,12.210753,19.222258,13.802248,20.32756,18.708183,20.735268,23.734858,21.543419,20.511595,16.725353,14.307292,17.941814,14.939667,19.155252,18.931856,15.488276,19.29798,16.75204,20.658773,21.20874,22.341799,24.630798,23.787506,28.382296,29.127115,30.22288,26.445665,26.08505,26.599741,31.577522,29.888323,25.822374,25.198332,30.439135,31.345978,34.36112,29.407139,27.311844,32.854282,28.931646,25.884642,26.887432,27.452032,25.688034,21.151907,22.966198,17.913502,19.00351,17.821285,14.602558,17.808508,12.952097,15.316904,17.978916,14.195822,12.212442,15.341813,17.532587,17.70563,17.790113,21.661585,22.554676,20.57406,20.96017,21.597214,25.085077,24.407482,29.356997,33.156467,35.05953,37.733727,37.52037,38.08839,34.450512,33.50677,30.84742,31.76475,27.116598,29.723858,29.302477,31.475523,28.810648,33.593212,27.967083,31.527988,29.936249,32.42442
4,12.780674,8.870278,6.8179154,3.697365,0.0,6.150286,5.1298885,11.4253845,12.636091,15.392877,19.774248,21.583555,23.673182,19.974964,14.664539,14.267886,10.7161665,11.675116,8.822361,11.608945,12.534138,13.564672,15.7433405,16.600513,16.929941,16.04184,14.7663145,12.397267,14.704597,11.176408,17.91907,12.785669,19.542929,17.797215,20.520842,23.2788,21.778788,21.019068,16.78757,14.0602045,18.03586,14.915061,18.649548,18.191021,15.385037,18.333544,16.609945,19.730223,20.605143,20.900362,23.129833,22.177542,27.003479,27.359386,29.03457,25.50757,24.680817,25.463808,30.170237,28.717354,24.746677,23.45985,28.432821,28.96057,32.135086,27.573418,24.857412,30.231285,26.287212,23.116446,23.818727,24.155977,22.344402,17.83902,19.438257,14.286172,15.538814,14.255024,11.265252,14.953134,10.1162615,13.508192,15.976395,12.380651,9.594789,12.284332,15.120039,14.512697,15.152362,18.897356,19.692705,17.611422,17.597061,18.584017,21.75794,21.609205,26.310286,30.262566,31.998577,34.66998,34.54501,35.211014,31.508009,30.669413,27.825567,29.091509,24.487879,27.259502,27.157225,29.26961,26.561144,31.096128,25.29675,28.87244,27.000198,29.61189
5,14.451506,10.745431,7.6991386,6.470145,6.150286,0.0,7.155817,8.80725,11.155193,14.2163925,17.817944,20.77398,22.59199,20.443775,15.386026,16.676346,14.06791,16.605886,14.659366,17.611977,18.645603,19.619448,21.674673,22.67346,23.041382,21.974554,20.387615,17.540133,18.885633,14.948755,19.723959,14.010286,19.320517,16.048777,18.657768,20.399769,18.366096,18.522919,14.358585,12.667457,17.875864,16.428013,20.039871,20.904955,19.110832,22.447718,21.454063,25.137402,26.390312,26.689634,28.641987,27.153244,31.86397,31.747057,33.41446,29.998432,28.545855,28.660522,33.49849,31.129635,26.898,26.4749,31.004765,31.626879,34.226192,29.19481,27.067799,31.96191,27.221035,24.437586,24.47055,25.68956,23.163,19.306257,20.185736,16.3257,15.64321,15.497875,11.889488,14.554287,11.535716,13.772462,17.900927,15.603919,13.698775,16.37763,20.155697,19.263752,20.752756,24.228037,24.968458,22.669743,21.680256,22.630795,24.491049,24.683178,29.042788,32.56427,34.955063,37.901276,38.34782,39.423874,35.923325,35.45923,32.494762,34.414967,29.926548,32.852703,33.000107,35.02619,32.235386,36.372,30.268282,33.509304,31.10643,33.282284
6,17.731148,13.782765,11.5525055,8.096247,5.1298885,7.155817,0.0,7.5880237,7.9136915,10.500258,14.894039,16.490675,18.912136,15.386783,10.018684,10.063014,7.401887,9.887937,9.970082,12.391373,14.893778,15.883553,18.815802,18.832369,18.238897,17.487595,14.699116,12.0591755,12.5540085,9.599216,14.349547,9.5095825,15.819147,13.83279,17.22222,19.653694,19.047073,18.58381,14.033005,11.137432,15.464071,12.925796,15.80309,15.765866,14.63191,16.701622,16.83575,19.56113,21.4506,20.84414,22.456903,20.688313,25.493069,25.025858,27.183636,24.075964,22.224472,22.760246,27.247879,25.460226,21.484793,20.082403,24.550333,24.907228,27.857914,23.343079,20.511478,25.61472,21.369081,18.27707,18.85357,19.535141,17.631956,13.174657,15.222271,10.53054,12.010322,11.988851,9.750098,14.325624,10.911082,15.44505,18.094414,15.242359,11.632015,12.996108,16.719004,14.123386,15.334059,18.93539,18.9383,16.170414,14.986619,15.512992,17.727016,17.662539,22.160948,25.870497,28.025864,30.907173,31.243507,32.3035,28.87976,28.52593,25.683863,27.97064,23.650246,27.218155,27.326328,28.933605,25.945637,29.6204,23.354126,26.426504,23.983345,26.15361
7,22.927845,19.043964,15.848601,13.785086,11.4253845,8.80725,7.5880237,0.0,5.1403823,5.848369,9.602548,13.159047,16.36449,15.400245,11.02191,13.163883,12.731426,16.041334,17.489494,19.426142,22.304272,22.824663,25.995747,26.270363,25.438677,24.927046,21.678686,19.063074,18.245575,15.809345,17.193197,12.888887,16.391432,12.251144,16.29578,16.68625,16.718931,17.861542,13.336555,11.85142,17.371367,17.003246,18.863726,20.18048,20.727213,22.391277,23.75198,26.347313,28.671139,27.527716,28.749773,26.438824,31.045689,29.676613,32.28941,29.687723,26.790165,26.755236,30.857613,28.266819,24.320646,23.381979,26.608784,26.592022,28.790695,24.37082,21.733795,25.581953,20.282343,17.820307,16.752445,18.545435,15.472678,12.616861,12.915473,11.101231,9.225444,11.5003395,9.485024,12.783753,12.614918,16.404604,20.227386,19.091307,16.160387,16.98201,21.84682,18.613884,21.14978,24.013083,23.902548,21.07408,18.34616,19.169939,18.785204,19.952873,23.239399,26.30323,29.10169,32.255054,33.47891,35.164696,32.078617,32.34364,29.288788,32.639893,28.71789,32.414833,33.10215,34.516846,31.534393,34.350594,27.865314,30.3567,27.042389,28.636328
8,24.30856,20.40431,18.08476,14.707479,12.636091,11.155193,7.9136915,5.1403823,0.0,5.0122533,7.5310826,9.662961,11.879395,10.451723,6.3033442,9.494001,9.983187,14.496087,16.631397,18.971361,22.079203,23.238628,26.347103,25.726574,24.625221,23.687832,19.901592,16.942633,15.133708,12.943012,12.468599,8.706751,11.347808,7.6484547,11.952541,12.998723,13.718342,14.28461,9.81772,8.006509,12.917211,13.000918,14.151459,15.88517,17.455801,18.844595,21.138432,23.905834,26.82413,25.711128,26.40816,23.521912,27.762646,26.15274,28.49119,26.053574,22.799288,22.31033,26.449778,23.447369,19.464918,19.076591,22.255154,22.67514,24.555386,19.65579,17.78238,21.882195,16.65306,14.372998,14.466449,16.749786,14.391909,11.167947,13.5291195,11.723711,11.839516,14.486531,13.251746,17.316008,16.387335,20.737646,24.087282,22.223362,18.691982,19.273516,23.587065,19.698982,21.381231,24.569862,23.760727,20.437445,17.772707,17.277256,17.100899,16.90541,20.594913,23.193134,26.546972,29.813484,31.141718,32.922806,30.238428,30.726082,28.113485,31.73746,28.007418,32.34502,32.618343,33.56216,30.333471,32.704254,26.110964,28.091404,24.881086,25.855814
9,27.72672,23.766613,20.90199,18.138556,15.392877,14.2163925,10.500258,5.848369,5.0122533,0.0,5.1491656,7.8907485,12.360399,11.745785,8.668728,10.872979,12.2871475,15.700928,19.066792,20.391865,24.102196,24.587685,28.154951,27.727331,26.19548,25.898748,21.78656,19.483534,17.265774,16.194828,15.093733,12.7020855,14.666256,11.226059,15.739722,15.767092,17.438036,18.537579,14.360377,12.849468,17.258793,17.239992,17.688204,18.962141,20.968353,21.346914,24.171011,25.952164,28.920832,26.989225,27.581072,24.755386,29.019407,26.877207,29.964289,28.007622,24.29091,24.182098,27.606146,25.061438,21.5431,20.181814,22.395702,21.98352,23.903484,20.066671,17.111221,20.244215,14.775755,12.550764,11.038857,13.315508,10.2549305,8.146313,9.163451,9.244197,8.299706,12.010249,11.939444,15.596056,16.107872,20.60188,23.62067,22.571281,19.053816,18.781357,23.507595,18.949497,21.461842,23.946405,23.040686,19.875227,16.293377,16.45401,14.585233,15.962294,18.476282,21.08389,24.209948,27.469774,29.1522,31.193148,28.553877,29.327187,26.479435,30.681837,27.302286,31.582945,32.376778,33.21442,30.121647,31.916815,25.376734,27.152287,23.415415,24.412258
10,31.640099,27.727066,25.04418,22.094189,19.774248,17.817944,14.894039,9.602548,7.5310826,5.1491656,0.0,4.982855,8.971086,11.00634,10.17077,13.427389,15.71079,19.75209,23.276695,24.886202,28.586311,29.357899,32.839912,32.07915,30.473318,29.913235,25.573109,23.046013,20.154442,19.223122,15.917849,14.513608,13.8385725,10.034842,14.160939,12.834037,15.582287,17.288412,13.971491,13.51288,17.291718,18.665655,18.199015,20.344248,23.403511,23.64799,27.20473,29.190248,32.554035,30.646307,30.798311,27.493559,31.270256,28.67312,31.58248,29.988821,25.75361,24.973034,28.083912,24.80975,21.506388,21.049446,22.307514,22.083286,23.02724,19.068483,17.287321,19.366863,13.511894,12.460864,10.77285,14.2951765,11.479734,11.013786,12.195955,13.831406,12.651369,16.784344,16.857462,20.020525,21.05709,25.258345,28.552082,27.63595,24.174091,23.915386,28.597158,23.849522,26.17271,28.632528,27.393091,24.06068,20.293781,19.715658,16.967564,17.77367,19.61113,21.103493,25.005768,28.380188,30.621836,33.01392,30.956593,32.155357,29.629839,34.299427,31.25329,35.848896,36.55852,37.05038,33.86321,35.02817,28.531507,29.629503,25.738115,25.873362
11,33.670265,29.761875,27.544249,23.966917,21.583555,20.77398,16.490675,13.159047,9.662961,7.8907485,4.982855,0.0,5.896384,7.5672235,8.886692,11.635612,14.944668,18.883366,23.218456,24.59004,28.550629,29.527376,33.035534,31.630224,29.658981,29.06378,24.3358,22.0372,18.308414,18.373232,13.293471,13.805512,11.999214,10.1913185,13.915742,13.349691,16.908686,17.808983,14.994253,14.191502,16.3755,17.658638,16.076586,17.977057,21.977234,21.301893,25.775139,27.247278,31.014034,28.809566,28.426065,24.767284,28.045467,25.030897,27.988804,26.877684,22.216782,21.280981,23.861803,20.629185,17.76922,17.194532,17.70456,17.489113,18.118372,14.365612,12.842318,14.614467,8.783797,8.235307,7.7452016,11.645298,10.092761,9.856431,12.741938,14.382219,14.924757,18.812344,19.49661,23.242496,23.685717,28.406763,31.125813,29.768442,25.891317,25.236258,29.401302,24.130957,25.862726,28.257534,26.422264,22.890787,19.164856,17.575819,14.5793085,14.391646,15.947734,16.808565,21.151457,24.560972,26.95279,29.462635,27.87244,29.349796,27.272203,32.23151,29.591349,34.60839,35.093334,35.099155,31.830042,32.323383,25.972513,26.433586,22.597752,22.069016
12,34.719296,30.995277,29.397726,25.356197,23.673182,22.59199,18.912136,16.36449,11.879395,12.360399,8.971086,5.896384,0.0,6.294283,9.870403,13.341068,16.54648,21.231766,24.882368,26.9694,30.483082,32.103386,35.199245,33.3305,31.577585,30.358377,25.764973,23.018347,19.078707,18.793884,12.005889,13.354372,8.546151,7.977901,10.046803,9.46058,13.697981,14.1844015,12.761291,12.809612,13.327093,16.020163,13.592948,16.554838,21.273548,20.98606,25.717033,27.893787,31.904814,30.331684,29.61518,25.585327,28.244804,25.344263,27.378767,26.300447,21.658272,19.721416,22.490072,18.134493,15.249017,16.63292,17.058752,18.00651,17.613476,12.577611,13.828432,15.689101,10.762447,11.200854,12.636727,16.398647,15.645851,14.860073,18.473991,19.260698,20.202806,23.845112,23.964949,27.921766,27.718176,32.342937,35.34133,33.47124,29.550566,29.363861,33.200825,28.2118,29.224537,32.07033,30.067001,26.351782,23.250309,20.776033,18.847857,16.895758,19.0309,19.019493,23.916246,27.265215,29.600662,32.03647,30.881714,32.374016,30.793344,35.508156,32.87235,38.13533,38.117203,37.909985,34.497623,34.95272,28.728212,28.825865,25.494965,24.316559
13,31.085316,27.41212,26.243837,21.783089,19.974964,20.443775,15.386783,15.400245,10.451723,11.745785,11.00634,7.5672235,6.294283,0.0,5.3685246,7.710081,11.146251,15.60193,19.474274,21.406015,24.928097,26.698524,29.702879,27.490507,25.615938,24.37465,19.694357,17.111324,12.905831,13.231305,6.123713,8.74894,6.157147,8.156337,10.677359,12.78502,15.66813,14.798076,12.482974,10.9333725,10.673218,11.505399,8.913825,10.832535,15.60917,14.811087,19.746702,21.624735,25.685125,24.10107,23.362282,19.353449,22.203724,19.595938,21.650938,20.293678,15.813465,14.312096,17.644335,13.9318695,10.508398,10.996091,12.915382,14.16412,15.054938,9.428963,9.68487,13.75626,9.627229,8.519553,11.809443,14.375457,14.384822,11.987474,16.909391,16.07642,18.613491,21.404493,21.593342,26.187723,24.887554,29.903933,32.26641,29.79237,25.61611,25.339888,28.535578,23.602026,23.921398,26.944109,24.77928,21.004272,18.53505,15.493324,15.096601,11.9191065,15.43122,16.39267,20.767998,24.037066,25.670362,27.692501,26.203068,27.338915,25.872887,30.120222,27.344208,32.67071,32.35109,32.122753,28.662853,29.455627,23.212889,23.598505,20.687546,19.9375
14,26.167025,22.394497,21.00646,16.670868,14.664539,15.386026,10.018684,11.02191,6.3033442,8.668728,10.17077,8.886692,9.870403,5.3685246,0.0,4.450713,6.758801,11.740098,15.059289,17.228542,20.656982,22.2897,25.346014,23.665686,22.08074,20.925772,16.509499,13.651568,10.419182,9.570233,6.4786816,5.236107,7.6381884,7.5446024,11.162156,13.732393,15.292033,14.495532,10.820615,8.229236,10.191014,9.502152,9.199176,10.413685,13.357936,13.600066,17.24528,19.548796,23.10851,21.766096,21.79903,18.368921,22.171076,20.313345,22.514454,20.357996,16.722694,16.088709,20.153532,17.248726,13.350069,12.8245,16.24649,17.09171,19.0675,13.912615,12.382548,17.25462,12.87498,10.4783325,12.695292,14.618289,13.767517,10.012338,14.610118,12.371208,14.918308,17.170153,16.830435,21.562225,19.77785,24.739532,27.17014,24.592062,20.498339,20.557346,23.932331,19.429665,19.985302,23.289528,21.667244,17.979813,15.724506,13.614082,14.267419,12.108544,16.482475,18.809797,22.356104,25.57566,26.718506,28.41308,26.117025,26.728807,24.702538,28.413948,25.020033,29.952593,29.757004,30.120995,26.709867,28.539595,22.029123,23.458158,20.58782,21.024412
15,25.834278,22.157257,21.009226,16.6343,14.267886,16.676346,10.063014,13.163883,9.494001,10.872979,13.427389,11.635612,13.341068,7.710081,4.450713,0.0,4.1229515,7.938941,12.399472,13.807428,17.61846,19.103262,22.302639,20.31382,18.34164,17.51382,12.757654,10.514996,6.8328657,7.6452737,6.4518237,6.6478925,10.770592,11.88396,15.1020355,18.0813,19.481222,18.266655,14.650569,11.618361,12.709205,10.255272,10.038198,9.224399,11.589866,10.65082,14.502266,15.819552,19.424248,17.597904,17.606459,14.318054,18.416372,16.69129,19.300663,17.141994,13.7133665,14.030566,17.899107,16.201904,12.694335,10.443015,14.497684,15.010184,17.896265,13.594138,10.700809,16.275606,12.97267,9.940847,12.763312,13.386457,13.3457775,8.915397,14.078186,10.8199625,14.870277,16.25239,16.43374,21.434374,19.046576,24.31261,25.900948,23.017508,18.689857,18.283424,21.00849,16.267384,16.276398,19.509295,17.60505,13.863973,12.058665,9.486423,11.528727,8.829916,13.907076,16.951708,19.734642,22.744452,23.370207,24.75508,22.209972,22.582588,20.60631,24.072472,20.68495,25.712872,25.414478,25.689035,22.268103,24.183847,17.686424,19.356535,16.751526,17.672186
16,21.876774,18.27354,17.400864,12.941736,10.7161665,14.06791,7.401887,12.731426,9.983187,12.2871475,15.71079,14.944668,16.54648,11.146251,6.758801,4.1229515,0.0,5.4357147,8.4805565,10.557257,13.953997,15.681571,18.670382,16.934994,15.403907,14.344624,10.090026,7.3417277,5.5260954,4.522502,8.371421,6.1066537,12.499079,13.206836,16.156136,19.581612,20.006435,18.537151,14.664058,11.268901,12.861078,9.227475,10.755706,9.402574,9.473648,9.879493,11.938873,13.962731,16.983377,15.8414755,16.575638,13.994995,18.551313,17.816141,19.946995,17.081451,14.843827,15.527378,19.897976,18.538359,14.846787,12.859881,17.718988,18.408005,21.555962,17.17819,14.473998,20.212078,17.066227,13.940771,16.314358,16.58671,16.181849,11.346581,15.716578,11.151286,15.15229,15.576442,15.031545,20.073322,16.724453,21.795908,23.29824,19.94184,15.708529,15.885771,18.286,14.410186,14.003943,17.75354,16.424498,12.9416065,12.19684,10.499208,13.986255,11.782707,17.066677,20.546799,22.770876,25.570429,25.688698,26.657207,23.663328,23.480429,21.325195,23.876183,19.961357,24.52148,24.03777,24.816702,21.483473,24.441872,18.096317,20.564854,18.500267,20.145195
17,21.993767,18.709446,17.993736,14.230647,11.675116,16.605886,9.887937,16.041334,14.496087,15.700928,19.75209,18.883366,21.231766,15.60193,11.740098,7.938941,5.4357147,0.0,6.3036876,6.0142584,10.290575,11.366113,14.741468,12.941801,10.817663,10.751278,6.3537903,5.7736588,5.8739796,7.1988406,12.552961,11.378564,17.660242,18.596155,21.570871,24.979895,25.384102,23.86709,19.988531,16.560068,17.897022,13.608869,15.101828,12.417657,11.059359,10.203532,11.063371,11.106352,13.479437,11.526809,12.862287,11.406705,16.43287,16.29045,18.894102,16.078474,14.797884,16.764807,20.45435,20.611818,17.642786,14.184437,18.985058,19.056826,22.953474,19.820904,15.975178,21.599672,19.438444,16.064463,18.21163,17.18659,17.30351,12.523572,16.276722,10.930387,15.875812,14.961309,15.023587,19.884148,15.957422,21.03879,21.272358,17.669321,13.377383,12.850646,14.078414,10.221476,8.839868,12.6186695,11.26903,8.027327,8.81273,7.89233,13.153404,11.649468,16.645693,20.822021,21.778858,24.110123,23.478386,23.900215,20.384384,19.6182,17.305592,19.045527,14.861501,19.181694,18.692234,19.71366,16.502283,20.11575,14.036853,17.331001,15.842137,18.511612
18,16.268753,13.407588,13.755783,10.113321,8.822361,14.659366,9.970082,17.489494,16.631397,19.066792,23.276695,23.218456,24.882368,19.474274,15.059289,12.399472,8.4805565,6.3036876,0.0,4.513788,5.7504296,8.254333,10.460647,9.174148,8.828218,7.558522,6.1484385,4.695352,8.847791,7.2060966,15.457245,12.606274,19.693161,20.369482,22.671078,26.518429,25.76536,23.906548,20.212406,16.852524,18.276333,13.473706,16.507133,14.009913,10.015192,11.720696,9.03886,11.088418,11.862532,12.265121,14.598192,14.24381,18.960888,20.120302,21.458475,17.824507,18.09128,19.741127,24.091433,23.979797,20.69078,18.466549,23.921383,24.602432,28.296083,24.447157,21.57244,27.434092,25.03334,21.749317,23.852386,23.216803,22.858032,17.960426,21.11538,15.35706,19.229136,17.611336,16.346746,20.738756,15.5900135,19.706074,20.042986,15.572307,12.021589,13.155458,13.416399,12.34359,10.167842,14.458615,14.421245,12.353381,14.28907,14.072832,19.378693,17.753607,22.90849,26.966455,27.963337,30.177162,29.233444,29.291544,25.665504,24.395597,22.227283,22.585947,18.056856,21.204855,20.206038,21.937763,19.111311,23.926712,18.667543,22.330437,21.577784,24.352638
19,19.031034,16.410488,16.321024,13.56829,11.608945,17.611977,12.391373,19.426142,18.971361,20.391865,24.886202,24.59004,26.9694,21.406015,17.228542,13.807428,10.557257,6.0142584,4.513788,0.0,4.7295322,5.4209204,8.782862,7.625133,6.10061,6.883051,5.516091,6.8634806,10.2456,10.517179,17.791628,15.854947,22.708403,23.443726,26.146084,29.763342,29.45738,27.787882,23.927565,20.50802,21.972761,17.191422,19.572021,16.569727,13.177675,13.2491455,11.102828,10.696595,10.904137,9.944946,12.712576,13.253658,18.083858,19.253635,21.256287,18.06415,18.448929,20.85159,24.471851,25.276426,22.485256,19.16033,24.174976,24.252728,28.35098,25.456308,21.672485,27.227898,25.360035,21.95692,23.786282,22.369555,22.340807,17.698065,20.415375,14.624721,18.999674,16.738544,16.28583,20.450806,15.461112,19.675234,18.889296,14.613876,11.01402,11.032453,10.188151,9.01475,5.8566694,10.092649,10.186231,8.76109,11.684414,12.258523,17.909538,17.020248,21.624926,26.021677,26.18848,28.07149,26.74909,26.519197,22.597137,21.009424,18.681301,18.537542,13.900052,16.7515,15.959571,17.920382,15.273715,20.405138,15.49846,19.61014,19.105942,22.476725
20,16.327633,14.521954,15.492879,13.336068,12.534138,18.645603,14.893778,22.304272,22.079203,24.102196,28.586311,28.550629,30.483082,24.928097,20.656982,17.61846,13.953997,10.290575,5.7504296,4.7295322,0.0,3.7951016,4.830991,4.1409407,5.189272,5.125404,7.467421,8.681307,13.247381,12.606285,20.710073,18.30383,25.309263,26.115585,28.33707,32.23965,31.314651,29.378428,25.784771,22.480633,23.700361,18.729704,21.700623,18.693974,14.066604,15.19953,11.047868,11.400972,9.958272,11.019434,14.245292,15.600259,19.914352,21.965076,23.087778,19.52719,20.99612,23.277678,27.118881,27.954342,25.142553,22.428345,27.775797,28.21808,32.230434,29.03834,25.801271,31.524504,29.700632,26.350672,28.327894,27.061798,26.935244,22.223139,24.81222,18.930521,22.816547,20.256533,19.175644,22.872023,17.319899,20.582119,19.589674,14.827707,12.281752,13.319121,11.280399,12.469252,9.061947,12.730363,13.578221,12.992458,16.314503,16.841442,22.626451,21.420265,26.166128,30.461107,30.590208,32.336548,30.740202,30.207811,26.322603,24.41097,22.377153,21.190697,16.655447,18.44422,17.127697,19.476694,17.29811,23.045544,18.989872,23.133396,23.22035,26.567383
21,17.707142,15.94191,16.208557,14.9254675,13.564672,19.619448,15.883553,22.824663,23.238628,24.587685,29.357899,29.527376,32.103386,26.698524,22.2897,19.103262,15.681571,11.366113,8.254333,5.4209204,3.7951016,0.0,4.1883235,5.833223,6.1461835,7.97536,9.728341,11.493808,15.496636,15.284517,23.05398,20.655867,27.712484,28.11386,30.747898,34.328526,33.583527,31.969149,28.09254,24.776663,26.52785,21.697325,24.513872,21.534945,17.391153,17.96345,14.479355,13.835421,12.204843,12.149249,15.535196,17.283653,21.684324,23.485329,25.195032,21.971407,23.16897,25.748047,29.228361,30.364618,27.666737,24.384895,29.372742,29.334803,33.5434,30.843157,26.948898,32.368767,30.556904,27.11181,28.562565,26.906595,26.681406,22.235292,24.09754,18.300951,21.996424,18.866768,18.110355,21.332193,15.929323,18.941208,17.102137,12.58399,10.389413,10.893106,7.8263283,10.131231,6.923357,9.922649,11.617514,11.907204,15.367636,16.892752,22.335176,22.074831,26.305935,30.851398,30.498947,32.082806,30.3852,29.762743,25.61297,23.53415,21.168303,19.665163,15.083622,16.068687,15.311185,18.149939,16.351961,22.284142,18.536152,22.982779,22.963926,26.74002
22,16.716438,15.855873,17.082792,16.203945,15.7433405,21.674673,18.815802,25.995747,26.347103,28.154951,32.839912,33.035534,35.199245,29.702879,25.346014,22.302639,18.670382,14.741468,10.460647,8.782862,4.830991,4.1883235,0.0,4.5976205,7.031196,8.087951,11.709135,13.42947,17.966812,17.40411,25.53518,23.038206,30.091757,30.718767,32.94367,36.787315,35.646385,33.76943,30.173811,26.946781,28.321367,23.369516,26.45655,23.398714,18.54975,19.639147,15.0251045,14.718465,11.986333,13.375601,16.86717,19.130848,23.036953,25.496033,26.500284,23.080502,25.096184,27.606535,31.175795,32.413097,29.781553,26.90975,32.13682,32.4034,36.55216,33.671593,30.217125,35.79786,34.13293,30.73856,32.455673,30.897614,30.730034,26.19077,28.201178,22.360771,25.90492,22.750332,21.645937,24.601915,18.970478,21.245335,19.319958,14.660477,13.4019375,14.507316,10.958023,14.227173,10.879665,13.3800955,15.131621,15.686711,19.412294,20.580362,26.284336,25.56425,29.970339,34.401108,34.03004,35.494015,33.558594,32.68358,28.647314,26.353409,24.349934,22.095413,17.779673,18.062294,16.744064,19.67406,18.26566,24.47505,21.425404,25.777514,26.269474,29.948542
23,18.88036,17.694267,19.189627,17.120466,16.600513,22.67346,18.832369,26.270363,25.726574,27.727331,32.07915,31.630224,33.3305,27.490507,23.665686,20.31382,16.934994,12.941801,9.174148,7.625133,4.1409407,5.833223,4.5976205,0.0,3.5311112,3.84936,8.301999,10.583216,15.00332,15.138837,22.823353,21.170166,27.869215,29.274582,31.230892,35.380642,34.520958,32.2957,28.979439,25.669611,26.17006,21.032396,23.677286,20.19885,15.392513,15.915489,11.229586,10.321581,7.4001446,9.366602,12.743703,15.092723,18.712118,21.469511,22.106146,18.66963,21.083244,23.675325,27.098469,28.610163,26.270342,23.424854,28.699343,29.215883,33.297543,30.511778,27.425982,33.096046,31.925558,28.673056,31.011168,29.462376,29.781284,25.164946,27.99374,22.2212,26.456963,23.842058,23.064032,26.691214,21.194605,24.276577,22.763197,18.07783,15.8977585,16.546186,13.491289,15.013408,10.806158,13.722575,14.357375,14.371886,18.393528,18.532515,24.71165,23.074339,27.67205,31.840092,31.552042,32.956947,30.907042,29.953447,26.209816,23.978231,22.468136,20.310501,16.161062,17.41445,15.3957405,17.651398,15.843884,21.836239,18.800783,22.836489,23.727419,27.07086
24,21.360235,19.652794,20.585825,18.095074,16.929941,23.041382,18.238897,25.438677,24.625221,26.19548,30.473318,29.658981,31.577585,25.615938,22.08074,18.34164,15.403907,10.817663,8.828218,6.10061,5.189272,6.1461835,7.031196,3.5311112,0.0,3.6450408,6.1453576,9.3694515,13.058019,14.190657,21.172575,20.184488,26.664093,28.270195,30.47051,34.514908,34.133198,31.989042,28.567612,25.159481,25.558695,20.4453,22.548557,18.826385,14.775018,14.201599,10.728074,8.383379,6.315963,6.387313,9.869617,12.270118,16.12829,18.568844,19.758589,16.6344,18.658367,21.563597,24.625948,26.471008,24.36134,20.93873,25.938967,26.19808,30.401186,28.058468,24.61842,30.122663,29.257551,26.029642,28.421432,26.61915,27.235397,22.772093,25.759632,20.181757,24.842073,22.40101,22.164776,26.047579,20.91806,24.576317,22.983356,18.563255,15.798129,15.688484,12.862701,13.126002,8.540603,11.405995,11.377741,11.266216,15.495483,15.436057,21.708652,20.07817,24.464123,28.64421,28.146187,29.474512,27.384272,26.438251,22.686943,20.498049,19.014896,17.103027,12.92454,14.869,12.871619,14.821942,12.671422,18.51991,15.271814,19.331436,20.236122,23.640554
25,19.812773,18.170393,19.639874,16.646746,16.04184,21.974554,17.487595,24.927046,23.687832,25.898748,29.913235,29.06378,30.358377,24.37465,20.925772,17.51382,14.344624,10.751278,7.558522,6.883051,5.125404,7.97536,8.087951,3.84936,3.6450408,0.0,5.1115813,7.3943906,11.644446,12.146767,19.416958,18.288277,24.669031,26.553207,28.31987,32.623924,31.98212,29.570091,26.449528,23.122417,23.062025,17.88059,20.207958,16.54987,11.881116,12.118141,7.5547166,6.797145,4.9466867,7.2256737,10.176984,11.852242,15.565229,18.250086,18.691637,15.084583,17.422953,19.88562,23.454601,24.824636,22.510582,19.847847,25.246513,26.035591,29.971373,27.003326,24.305658,30.091724,29.053911,25.929834,28.699265,27.367882,27.909605,23.22914,26.690254,21.055214,25.622734,23.589153,22.926294,27.054468,21.752144,25.432693,24.51225,19.842428,16.977451,17.483458,15.35584,15.405578,11.192004,14.60593,14.331883,13.457356,17.192028,16.416485,22.743896,20.353365,25.223957,29.139355,29.219482,30.765963,28.890192,28.120577,24.648382,22.713524,21.438063,20.009085,15.942076,18.362097,16.188362,17.750149,15.3716,20.800522,17.207867,20.868578,21.693672,24.613714
26,21.715216,19.24521,19.881134,16.169203,14.7663145,20.387615,14.699116,21.678686,19.901592,21.78656,25.573109,24.3358,25.764973,19.694357,16.509499,12.757654,10.090026,6.3537903,6.1484385,5.516091,7.467421,9.728341,11.709135,8.301999,6.1453576,5.1115813,0.0,3.8995664,6.9446425,8.684023,15.05513,14.58571,20.709435,22.729183,24.82001,28.934278,28.88716,26.652214,23.37658,19.961737,19.910294,14.884425,16.559723,12.807004,9.463026,8.42853,6.5972548,5.4349327,7.1699333,6.48703,8.466506,8.455661,13.088598,14.699604,16.029272,12.63096,13.57672,16.07398,19.690102,20.816277,18.394833,15.238428,20.560177,21.209171,25.164673,22.224337,19.250992,25.049648,23.95168,20.841717,23.74701,22.488628,23.197083,18.564377,22.476522,17.136562,22.079859,20.667797,20.453573,25.03558,20.322088,24.786516,24.347157,20.050385,16.365475,16.280552,15.433441,13.456056,9.814877,13.533982,12.2778015,10.218676,13.236665,11.716383,17.997717,15.308357,20.33138,24.200584,24.615253,26.421495,24.945995,24.605488,21.239195,19.802847,18.366652,18.330511,14.258074,18.049488,16.37032,17.332369,14.285883,18.79075,13.999942,17.399311,17.562645,20.231195
27,19.940454,17.17671,17.812273,13.534648,12.397267,17.540133,12.0591755,19.063074,16.942633,19.483534,23.046013,22.0372,23.018347,17.111324,13.651568,10.514996,7.3417277,5.7736588,4.695352,6.8634806,8.681307,11.493808,13.42947,10.583216,9.3694515,7.3943906,3.8995664,0.0,4.9438877,4.9293156,12.269529,11.016774,17.39109,19.281878,21.19113,25.402344,25.127146,22.838974,19.607824,16.219557,16.22863,11.170006,13.343878,10.075012,6.3792553,7.0519457,5.4928136,7.6582065,9.964536,10.180754,11.583292,10.342824,14.85644,15.971779,16.983183,13.311014,13.537539,15.158988,19.54286,19.571196,16.517752,14.331687,19.98854,21.058605,24.633564,20.782728,18.45392,24.472927,22.694332,19.644289,22.61424,22.042414,22.34878,17.525976,21.68488,16.395378,20.919773,20.029043,19.31549,24.07559,19.421942,23.934746,24.34261,20.040781,16.23393,16.734394,16.930868,14.73796,12.039673,16.120665,15.014786,12.386353,14.289907,12.511515,18.182856,15.200908,20.63469,24.272104,25.492704,27.680866,26.720596,26.795218,23.619675,22.581482,20.996954,21.710854,17.613415,21.595156,20.150513,21.104805,17.960363,22.06054,16.744621,19.776707,19.317198,21.500671
28,23.98056,20.86749,20.929918,16.343578,14.704597,18.885633,12.5540085,18.245575,15.133708,17.265774,20.154442,18.308414,19.078707,12.905831,10.419182,6.8328657,5.5260954,5.8739796,8.847791,10.2456,13.247381,15.496636,17.966812,15.00332,13.058019,11.644446,6.9446425,4.9438877,0.0,4.7913814,8.176521,8.917269,14.126938,16.677887,18.732834,22.769485,23.346872,21.155464,18.075598,14.775538,14.187047,9.749874,10.309716,6.8456445,6.6386385,4.7142034,8.03338,9.134336,12.87465,11.745259,11.817189,8.862475,13.211102,13.003505,14.641748,11.603105,9.995419,11.324353,15.655314,15.325614,12.26001,9.635878,15.214756,16.361332,19.783976,15.8847,13.625726,19.689594,18.073483,15.213428,18.722107,18.375807,19.107325,14.55543,19.476051,15.034076,19.836205,19.884043,19.780153,24.80323,21.03146,26.04514,26.780336,22.976439,18.786255,18.65256,19.661137,16.010214,14.025208,17.671478,15.703297,12.355823,13.026196,9.915666,14.946225,11.004304,16.596434,19.82831,21.586681,24.000235,23.503195,24.016626,21.30738,20.902548,19.528503,21.472677,17.904415,22.751925,21.551243,21.795626,18.369253,21.156067,15.3056345,17.456627,16.438726,17.862434
29,20.051613,16.850605,17.071278,12.210753,11.176408,14.948755,9.599216,15.809345,12.943012,16.194828,19.223122,18.373232,18.793884,13.231305,9.570233,7.6452737,4.522502,7.1988406,7.2060966,10.517179,12.606285,15.284517,17.40411,15.138837,14.190657,12.146767,8.684023,4.9293156,4.7913814,0.0,8.561097,6.1474257,12.766213,14.453592,16.291515,20.506092,20.225956,17.992441,14.728703,11.350034,11.552745,6.7305074,9.319162,7.3224096,5.249644,7.502517,8.196531,11.745429,14.6078825,14.755894,15.557555,13.189557,17.393248,17.586887,18.576021,15.0991125,13.99259,14.429402,19.368584,17.975767,14.204283,13.244552,18.826189,20.247372,23.237907,18.423042,16.87451,22.883896,20.266382,17.417929,20.384823,20.716976,20.583117,15.801247,20.231562,15.48095,19.354393,19.406439,18.353647,23.25518,19.170229,23.794056,25.23338,21.281742,17.359173,18.16916,19.672115,16.859074,15.355317,19.452314,18.26933,15.096704,15.552111,13.46305,17.875092,14.706936,20.276615,23.48087,25.668026,28.282444,28.01958,28.643742,25.771143,25.282196,23.562454,25.28637,21.302834,25.649214,24.54055,25.337423,22.041985,25.47024,19.6008,22.089273,20.840033,22.356428
30,27.762228,24.398558,24.10343,19.222258,17.91907,19.723959,14.349547,17.193197,12.468599,15.093733,15.917849,13.293471,12.005889,6.123713,6.4786816,6.4518237,8.371421,12.552961,15.457245,17.791628,20.710073,23.05398,25.53518,22.823353,21.172575,19.416958,15.05513,12.269529,8.176521,8.561097,0.0,5.895382,6.5256276,10.508264,11.898333,15.817757,17.272932,15.110838,12.899612,10.438934,8.393985,6.9077134,4.202459,4.7262135,9.7209635,9.100834,13.959195,16.334341,20.392752,19.531395,18.820787,14.886553,17.73862,16.099361,17.259293,15.156899,11.548927,10.116032,14.709961,11.481947,7.2941713,8.131891,12.5423975,14.6593685,16.417244,10.595226,11.063432,16.579817,14.018878,12.218945,16.239086,17.63337,18.112295,14.481135,19.83123,17.197857,20.793407,22.495657,22.263405,27.211542,24.59652,29.599072,31.520887,28.255213,24.060822,24.141226,26.406193,22.145096,21.318579,24.793022,22.659374,18.966017,17.87204,14.324724,16.469559,11.962721,16.887068,18.549866,22.104818,25.040169,25.740284,27.106524,25.338547,25.878912,24.714737,27.946264,24.892147,30.120459,29.185822,29.020565,25.52369,27.041021,21.035757,21.858862,19.94711,19.70353
31,22.625917,19.125113,18.627308,13.802248,12.785669,14.010286,9.5095825,12.888887,8.706751,12.7020855,14.513608,13.805512,13.354372,8.74894,5.236107,6.6478925,6.1066537,11.378564,12.606274,15.854947,18.30383,20.655867,23.038206,21.170166,20.184488,18.288277,14.58571,11.016774,8.917269,6.1474257,5.895382,0.0,7.2347383,8.329324,10.373287,14.387186,14.498995,12.59773,9.175074,5.8976192,6.8623357,4.5977335,6.3760605,7.673325,9.255834,11.270093,13.70664,17.324327,20.591553,20.384108,20.686699,17.531567,21.272919,20.404776,21.5558,18.668427,16.140419,15.292868,20.219748,17.222944,12.927204,13.509506,18.16758,19.789793,21.854624,16.138588,15.648741,21.114601,17.442242,15.113942,17.827457,19.38486,18.716806,14.50069,18.96525,15.534476,18.26748,19.657639,18.493912,23.268461,20.34303,24.943188,27.409414,24.130814,20.241354,21.075932,23.791527,20.300713,19.95935,23.818546,22.494616,18.971796,17.945131,15.716,18.120552,15.123746,20.23262,22.68784,25.953688,28.9761,29.570347,30.8275,28.382742,28.530508,26.716019,29.50795,25.774397,30.459368,29.733358,30.31466,26.909662,29.524294,23.262947,25.077154,22.991247,23.684195
32,28.885847,25.510538,24.972425,20.32756,19.542929,19.320517,15.819147,16.391432,11.347808,14.666256,13.8385725,11.999214,8.546151,6.157147,7.6381884,10.770592,12.499079,17.660242,19.693161,22.708403,25.309263,27.712484,30.091757,27.869215,26.664093,24.669031,20.709435,17.39109,14.126938,12.766213,6.5256276,7.2347383,0.0,5.5626845,5.612895,9.548538,11.257333,9.331683,8.075865,7.2404666,5.0204473,8.064238,5.79651,9.798973,14.038074,15.06798,18.969652,22.338825,26.143888,25.747732,25.241463,21.373934,24.032303,22.301588,23.090435,21.075636,17.547064,15.248606,19.549248,14.930328,10.8766575,13.781084,16.75,18.965103,19.485598,13.021299,15.051238,19.308977,15.590528,14.668843,17.720495,20.371088,19.973444,17.071735,21.684658,19.997768,22.092003,24.580832,23.802065,28.325106,26.397335,30.945408,33.818684,30.929735,27.033436,27.603529,30.628124,26.557615,26.426466,30.009188,28.209217,24.488665,22.775202,19.824015,20.6503,17.078665,21.23305,22.19702,26.50917,29.671774,30.9842,32.71947,31.135248,31.922853,30.554197,34.115692,30.949848,36.07848,35.341515,35.364998,31.872698,33.392216,27.251463,27.979298,25.63822,25.05115
33,27.59618,24.033924,22.74918,18.708183,17.797215,16.048777,13.83279,12.251144,7.6484547,11.226059,10.034842,10.1913185,7.977901,8.156337,7.5446024,11.88396,13.206836,18.596155,20.369482,23.443726,26.115585,28.11386,30.718767,29.274582,28.270195,26.553207,22.729183,19.281878,16.677887,14.453592,10.508264,8.329324,5.5626845,0.0,4.523374,6.3880305,7.933403,7.9000688,4.9656997,5.1438427,7.7597613,10.775118,10.516764,14.07896,17.127817,18.798597,21.893993,25.432755,28.878456,28.362448,28.385809,24.827671,28.149471,26.396133,27.75099,25.529606,22.031946,20.24723,24.495611,20.16182,16.137226,18.037483,20.809902,22.307684,23.002935,17.003567,17.780235,21.592373,16.72234,15.602629,17.131721,20.233501,18.761183,16.145388,19.643192,18.437458,19.15698,22.026419,20.855099,24.873991,23.66572,27.80998,31.295143,28.97019,25.39112,26.191671,29.956936,26.053543,26.813553,30.315771,28.98871,25.366865,23.08289,21.147518,21.147465,19.064466,22.85998,24.212786,28.487062,31.812946,33.388702,35.305786,33.345955,34.12334,32.19139,35.94024,32.491085,37.328007,37.04125,37.48772,34.0593,35.92413,29.474092,30.658821,27.788008,27.672535
34,28.795757,25.56455,24.888193,20.735268,20.520842,18.657768,17.22222,16.29578,11.952541,15.739722,14.160939,13.915742,10.046803,10.677359,11.162156,15.1020355,16.156136,21.570871,22.671078,26.146084,28.33707,30.747898,32.94367,31.230892,30.47051,28.31987,24.82001,21.19113,18.732834,16.291515,11.898333,10.373287,5.612895,4.523374,0.0,5.062443,5.7386317,4.2968464,4.6127653,6.4875574,6.226892,10.932124,10.341155,14.611575,17.737432,19.877905,22.795517,26.866625,30.320936,30.363228,30.202438,26.548128,29.366768,27.850859,28.443687,26.20281,23.01576,20.612743,24.962538,20.05588,16.146505,19.393126,22.14789,24.263287,24.43955,18.038685,20.18789,23.908855,19.57229,18.884869,20.953135,24.110153,22.958952,20.373533,24.112623,22.74902,23.631275,26.357664,24.967064,28.95158,27.416077,31.334814,34.923206,32.319622,28.844925,29.926334,33.38277,29.768745,30.06824,33.77149,32.380653,28.740702,26.85303,24.501322,24.941582,22.121258,26.05244,26.96994,31.443966,34.703186,36.21999,38.06176,36.352608,37.113792,35.484886,39.023502,35.60816,40.51052,39.89839,40.228138,36.763767,38.62929,32.359787,33.33662,30.811403,30.363134
