,0,1,2,3,4,5,6,7,8,9,10,11,12,13,14,15,16,17,18,19,20,21,22,23,24,25,26,27,28,29,30,31,32,33,34,35,36,37,38,39,40,41,42,43,44,45,46,47,48,49,50,51,52,53,54,55,56,57,58,59,60,61,62,63,64,65,66,67,68,69,70,71,72,73,74,75,76,77,78,79,80,81,82,83,84,85,86,87,88,89,90,91,92,93,94,95,96,97,98,99,100,101,102,103,104,105,106,107
0,0.0,3.7205894,5.4005733,8.773195,11.212696,13.888145,16.71626,19.289652,23.046877,25.9845,29.31918,31.998085,37.807163,34.24168,32.40301,27.868149,25.50641,21.71239,20.215797,16.73372,14.910207,12.658497,10.684976,14.154858,13.120137,16.047316,17.902605,17.556973,17.35954,17.590918,20.362865,20.028973,26.233025,24.52838,29.732225,31.291506,33.06901,30.0324,30.007013,25.198774,27.25401,23.13454,23.603462,24.146574,22.878517,23.476395,21.202505,24.745663,28.708136,27.908865,28.291943,34.230392,37.735172,37.849407,38.916096,37.347763,35.64658,32.1004,35.61279,31.75097,31.75457,32.74382,30.59174,34.795593,29.899696,33.176594,34.717365,34.810123,40.3166,40.292637,42.00666,37.095,41.55454,37.735462,42.011723,40.225994,36.708626,41.97176,37.137184,41.965717,40.446526,37.333057,33.028767,29.694157,29.020842,25.020817,21.955158,20.503237,18.207554,19.372873,23.356627,26.042885,27.766624,31.279837,33.90119,34.172188,35.128895,39.610107,36.6361,40.969013,43.156174,42.105946,39.070873,40.533264,33.565067,34.738674,30.878567,30.868086
1,3.7205894,0.0,4.2770715,6.237346,8.447984,11.605615,13.922204,16.825377,20.31371,23.123749,26.58507,28.990776,34.88442,31.121313,29.122374,24.751652,22.304726,18.41971,17.226032,13.265449,12.225585,9.941854,8.75913,12.429131,12.484903,15.692754,16.923664,16.693241,15.728189,15.189444,18.025393,16.799133,23.024721,20.970133,26.327286,27.69471,29.497738,26.445337,26.573057,21.797752,24.158297,20.45834,21.179455,22.297285,21.774769,22.725372,20.91577,24.705473,28.399704,28.142044,28.694517,34.470116,37.583477,37.43539,38.188,36.45538,34.340298,30.701906,34.357048,29.931566,30.156784,30.834755,28.908133,32.632595,27.412548,30.72565,31.982204,31.846838,37.491135,37.38402,39.239124,34.173077,38.64419,34.861347,39.092354,37.283607,33.75255,39.044056,34.345943,39.163902,37.953476,35.0197,30.735357,27.358002,26.99461,23.033068,20.366663,19.359447,17.615816,19.38416,23.416002,25.442476,26.853806,30.81351,33.074295,32.86976,33.760975,37.78453,34.77988,38.91437,40.922394,39.807686,36.90901,38.120842,31.245813,32.504665,28.416107,28.575207
2,5.4005733,4.2770715,0.0,5.2366347,6.2454653,8.584337,11.906607,14.019971,18.170273,20.87748,24.382298,27.006413,32.771736,29.624458,27.824638,23.433,20.786118,17.207258,15.203144,12.584887,9.852069,8.651467,7.0056267,11.565576,11.859918,14.058267,15.221522,13.7629595,12.814379,13.244812,15.360394,15.897483,21.46824,20.453142,25.196432,27.249115,29.013483,26.370308,25.99752,21.579565,22.934853,19.203472,19.03749,20.415792,18.64393,20.124668,17.619263,21.939098,25.67883,25.005638,25.165003,31.172007,34.394573,33.932774,34.679672,33.29916,31.227587,27.743074,31.818619,27.588295,28.341291,29.442823,28.0265,32.067383,27.11954,30.990019,32.436684,31.878534,37.320084,36.86336,38.248497,33.103252,37.28017,33.234234,37.390865,35.378326,31.760477,36.898342,31.931202,36.71621,35.08135,31.950722,27.646244,24.38792,23.623777,19.753788,16.643837,15.507857,13.538908,15.126705,19.18679,21.262615,22.83008,26.608372,29.053968,29.003487,30.07246,34.3061,31.467073,35.7062,37.868652,36.96941,33.962746,35.66765,28.668789,30.241287,26.409008,26.930035
3,8.773195,6.237346,5.2366347,0.0,4.968348,7.0594845,8.350318,11.755116,14.5547695,17.977785,20.825249,23.775806,29.480482,25.633953,24.03588,19.210247,17.305746,13.569931,12.92142,9.514882,9.181077,9.620853,9.762288,14.3510895,15.831301,18.14372,18.603058,16.860878,14.708968,14.181435,15.487981,14.841343,19.299276,17.547638,22.36286,23.926413,26.238928,24.014309,24.114283,20.179968,21.97975,19.63214,19.46295,22.252922,20.966406,23.265917,20.94395,25.712711,29.120441,28.730385,28.689447,34.66684,37.54898,36.48395,36.77389,35.55419,32.87839,29.45015,34.023746,29.023369,30.437729,31.1586,30.244232,33.48875,28.06262,31.947807,32.800743,31.730099,37.40587,36.686085,38.24553,32.704826,36.68657,32.56197,36.45516,34.07842,30.23328,35.12271,30.134075,34.50497,33.17601,30.536285,26.301802,23.478428,22.445581,19.620344,16.556126,16.759336,15.533553,17.122952,21.20665,21.604174,23.70085,27.490099,29.993565,29.048864,30.631062,33.83842,31.49191,35.226074,37.068092,36.48726,33.763035,35.473236,28.664066,30.800606,26.682457,27.850384
4,11.212696,8.447984,6.2454653,4.968348,0.0,3.6500206,6.3764553,8.522363,12.615957,14.887874,18.7568,20.94199,26.812973,23.71825,21.732203,17.701988,14.644754,11.141186,9.023208,6.7872543,4.2769,5.4972568,6.4570456,10.842695,13.259563,14.972626,14.768948,12.817969,10.092929,9.341796,10.579762,10.5772915,15.332823,14.507832,18.995684,21.234861,23.040934,20.775827,20.3108,16.4098,17.49886,14.928122,14.506686,17.498528,16.481394,19.02011,17.167759,21.967241,25.034153,25.13192,25.351967,30.961798,33.44675,32.30049,32.41601,30.986877,28.149313,24.668335,29.250465,24.09203,25.693432,26.438566,25.880505,29.082214,23.81893,28.053595,29.036222,27.708813,33.19244,32.310715,33.62124,28.127844,32.063225,27.898342,31.87757,29.638584,25.902533,30.977749,26.071583,30.80483,29.50783,26.632002,22.361536,19.132631,18.75066,15.163448,12.771182,12.822448,12.26592,14.840102,18.617325,19.148481,20.104746,24.553095,26.323956,25.352757,26.420832,29.755236,27.019794,30.869556,32.753372,31.898594,29.119843,30.669582,23.819834,25.844002,21.758028,22.97274
5,13.888145,11.605615,8.584337,7.0594845,3.6500206,0.0,4.6621,5.4390836,10.140997,12.465361,16.123749,18.689438,24.341644,21.767761,20.13227,16.031708,13.069712,10.190729,7.4826713,7.673294,4.1202245,7.8367553,8.76929,12.946432,15.492063,16.338358,15.883082,12.765623,9.696639,9.817122,9.321285,11.287008,14.242246,14.542007,18.048655,20.846941,22.752758,21.167858,20.349176,17.22608,17.273354,15.393616,13.9063,17.660099,15.489563,18.857635,16.462011,21.744417,24.617374,24.405518,24.14567,29.838743,32.263313,30.578287,30.501137,29.529585,26.532682,23.30711,28.45462,23.320513,25.685673,26.702162,26.79964,29.966375,24.965494,29.55974,30.516096,28.702047,33.947147,32.67022,33.55491,27.945402,31.431606,27.016949,30.758625,28.175753,24.287317,29.039864,23.829006,28.341715,26.664236,23.74853,19.469273,16.598557,15.547773,12.631577,9.650725,10.457787,10.247538,12.582698,16.193865,15.849107,17.168253,21.428501,23.390661,22.17166,23.678152,26.798748,24.473959,28.222408,30.151054,29.676525,26.901384,29.011555,22.171854,24.768686,20.953377,22.796614
6,16.71626,13.922204,11.906607,8.350318,6.3764553,4.6621,0.0,4.4841137,6.40649,9.678831,12.669715,15.481069,21.165071,17.757978,16.240597,11.673627,9.396615,6.325726,5.8874593,5.7177305,6.522582,10.492546,12.373259,16.137331,19.179565,20.370604,19.552773,16.809975,13.237486,12.219666,11.125416,11.171533,12.338462,11.809098,15.215647,17.48992,19.973513,18.92621,18.618177,16.213001,16.743467,16.528809,15.315621,20.108772,18.858768,22.508911,20.5676,25.805593,28.342262,28.475513,28.196117,33.659405,35.711365,33.630943,33.13969,32.227768,28.741386,25.640743,30.964933,25.229052,28.009386,28.56444,29.023302,31.347918,26.008804,30.443348,30.814045,28.564758,33.941246,32.4525,33.538204,27.645044,30.894808,26.514915,29.922087,27.023077,22.962172,27.414183,22.302275,26.341713,25.140726,22.863325,18.781025,16.48384,15.373838,13.876272,11.608098,13.722148,14.231337,16.362179,19.694345,17.885057,19.450598,23.598566,25.391092,23.258516,25.124344,27.00644,25.189745,28.272873,29.779482,29.574482,27.187426,29.122997,22.710394,25.733517,21.713978,24.076324
7,19.289652,16.825377,14.019971,11.755116,8.522363,5.4390836,4.4841137,0.0,5.7374835,7.2687054,11.043298,13.5136795,19.012577,17.014175,15.59954,11.980857,8.868673,7.4275923,4.5315604,8.3316765,6.542273,11.379961,13.117691,16.354044,19.55147,19.802063,18.611818,15.089967,11.379485,11.158429,8.435108,11.114154,10.705095,12.375778,14.260814,17.6255,19.606537,19.07031,17.952501,16.248297,15.190262,15.217447,12.868057,18.072634,15.958065,20.20562,18.16412,23.52228,25.675255,25.780777,25.284159,30.487652,32.28409,29.806198,29.113241,28.475214,24.877575,22.022837,27.71498,22.130428,25.551224,26.424604,27.529612,29.939062,25.115349,29.947205,30.512157,27.89468,32.82885,30.991562,31.497606,25.686031,28.502518,23.907997,27.18083,24.13086,20.056494,24.351294,18.964277,23.142797,21.465311,18.834152,14.649785,12.365864,10.996962,9.677489,7.5191894,10.367244,11.6935005,13.988859,16.703,14.356008,15.324507,19.662357,21.093245,18.815353,20.688005,22.609447,20.853128,24.01713,25.675896,25.605862,23.119938,25.521734,19.075724,22.476744,18.863949,21.69286
8,23.046877,20.31371,18.170273,14.5547695,12.615957,10.140997,6.40649,5.7374835,0.0,5.0021605,6.2838116,9.857137,15.100774,11.977379,11.209319,6.667716,5.6638637,5.772276,7.0276937,9.930743,11.378291,15.893845,18.060066,21.242844,24.660517,25.273804,23.952608,20.735239,16.886961,15.931508,13.161219,13.828847,10.811826,11.644855,12.477551,15.076027,17.874731,18.418573,17.952747,17.475752,16.877443,18.761227,16.795782,22.634552,21.224606,25.585228,23.778019,29.083418,30.985165,31.240786,30.605728,35.628147,37.119415,34.20145,33.096725,32.68733,28.69577,26.140888,31.935476,25.959595,29.769846,30.211254,31.674883,33.222183,28.18256,32.753643,32.679764,29.5939,34.525875,32.41556,33.06061,27.053902,29.364359,24.899586,27.534552,24.023405,19.814651,23.319086,18.118105,21.23884,20.098852,18.553722,14.960577,14.025497,12.280894,13.44237,12.080832,15.653954,17.151743,18.920303,21.382973,17.577007,19.141033,22.843515,24.258286,20.982815,23.442432,23.640219,22.859955,24.970673,26.026548,26.520105,24.637684,26.955269,21.355753,25.236403,21.64832,24.999266
9,25.9845,23.123749,20.87748,17.977785,14.887874,12.465361,9.678831,7.2687054,5.0021605,0.0,5.588917,6.277547,11.992104,10.484421,9.002053,7.403711,4.162535,6.735047,6.6017585,11.39781,12.252645,16.650967,19.100437,21.320911,25.113407,25.226477,23.342272,20.30297,16.327553,15.102939,11.58195,12.631108,7.1962953,10.188932,8.968957,12.704284,14.738813,15.868426,14.700295,15.326204,13.462296,16.464483,14.15189,20.390152,19.63759,24.104443,23.06174,27.963797,29.216133,30.065788,29.688448,33.987488,34.82435,31.700283,30.203321,29.634182,25.30997,22.96095,28.678692,22.502476,26.748821,27.016964,29.126257,30.135302,25.503784,30.17628,29.995295,26.461603,30.93817,28.499828,28.788164,22.84941,24.733356,20.23895,22.662846,19.064928,14.850418,18.392338,13.204276,16.73661,15.911001,14.350226,10.8734455,9.916193,9.455169,10.885439,11.474972,15.176127,17.570837,19.896452,21.670565,17.821346,17.796082,22.010168,22.243076,18.540447,20.35067,19.884754,18.89186,20.670069,21.52135,21.805029,20.11524,22.17965,16.985863,21.05587,17.71004,21.493027
10,29.31918,26.58507,24.382298,20.825249,18.7568,16.123749,12.669715,11.043298,6.2838116,5.588917,0.0,5.4439807,9.224605,7.193013,7.9422965,5.794869,7.10105,10.0709915,11.634327,15.385216,16.9292,21.47768,23.784876,26.485195,30.122711,30.327194,28.643133,25.269146,21.412321,20.49291,16.941025,17.889833,12.113075,14.091158,12.07274,14.666896,17.344578,19.456442,18.827063,20.12438,18.580873,22.024208,19.675108,25.906229,24.570686,29.248478,27.713402,32.84341,34.13357,34.568733,33.72449,38.163704,39.059025,35.47777,33.80551,33.823296,29.485302,27.55241,33.490795,27.51887,32.064762,32.36253,34.65692,35.457993,30.861832,35.401318,34.947296,31.212421,35.53738,32.899067,33.08009,27.227186,28.466019,24.151808,25.80944,21.80568,17.73851,19.832348,14.90167,16.561396,15.650414,15.275819,12.7907295,13.676314,11.741067,15.339761,15.155865,19.263887,21.38373,22.895267,24.514706,19.434614,20.613993,23.710852,24.500835,20.24458,23.031267,21.281721,21.675373,22.515259,22.947296,24.188612,23.003138,25.543001,21.202644,25.647652,22.708649,26.739086
11,31.998085,28.990776,27.006413,23.775806,20.94199,18.689438,15.481069,13.5136795,9.857137,6.277547,5.4439807,0.0,6.0588026,5.7755094,5.0259132,7.5359006,7.1065173,11.111663,12.4036665,16.513733,18.30382,22.419674,25.075598,26.873234,30.855515,30.910385,28.74506,25.95723,22.014015,20.487152,16.92978,17.096766,9.725897,12.549602,8.396876,11.346915,13.251536,16.175877,15.242927,17.828182,15.707492,20.392578,18.338512,24.635996,24.559746,29.010395,28.43823,33.024952,33.728065,34.926483,34.543804,38.233418,38.440052,34.880005,32.845173,32.45348,27.804409,26.012241,31.516893,25.279259,29.926254,29.772665,32.52322,32.47596,28.197227,32.524773,31.74391,27.618511,31.486948,28.604448,28.666683,22.964258,23.735031,19.684162,20.918612,16.892717,12.9890175,14.888179,10.556379,12.333441,12.74893,12.966693,11.18992,12.088788,12.179084,15.303163,16.850088,20.68436,23.379227,25.542236,26.813154,22.174883,21.811707,25.507006,25.054232,20.548998,22.330212,19.717846,19.751255,19.945517,19.850687,20.66698,19.969208,21.659866,18.235355,22.527124,19.78174,23.983976
12,37.807163,34.88442,32.771736,29.480482,26.812973,24.341644,21.165071,19.012577,15.100774,11.992104,9.224605,6.0588026,0.0,6.778551,8.39458,12.019936,13.045828,17.037338,18.364958,22.536299,24.183273,28.389921,30.968344,32.704483,36.667175,36.45642,34.208504,31.20384,27.415438,26.17946,22.329966,22.956099,15.2648115,18.164574,13.189682,15.292437,16.727047,20.571482,19.644396,23.105555,20.5616,25.681255,23.394596,29.549194,29.181152,33.75973,33.159206,37.61961,37.940277,39.07045,38.41552,41.673923,41.48368,37.414783,34.987507,35.106293,30.414812,29.2907,34.745003,28.906162,33.964413,33.806442,37.093475,36.592144,32.84236,37.026646,36.02337,31.57072,34.72992,31.489347,31.050442,25.872208,25.453396,21.88596,21.869802,17.618685,14.527112,13.943469,10.903303,9.497692,10.520309,12.701423,12.879809,15.446304,15.128443,19.616781,21.335552,25.308979,28.131012,29.886879,30.610807,25.213411,24.874252,27.703392,26.92527,21.929068,23.982332,19.58914,21.015701,19.740023,18.858738,20.638872,20.82772,22.747416,20.95825,25.43367,23.550568,28.004763
13,34.24168,31.121313,29.624458,25.633953,23.71825,21.767761,17.757978,17.014175,11.977379,10.484421,7.193013,5.7755094,6.778551,0.0,3.794657,6.5620375,9.523782,13.053663,16.053745,18.72281,21.85661,25.82435,28.589941,30.73694,34.702305,35.269474,33.2779,30.675125,26.63073,24.781416,21.724234,20.638432,13.907636,14.61857,11.171904,11.74825,14.587834,17.948895,18.118475,20.809591,19.957712,24.83018,23.359913,29.654648,29.840601,34.216953,33.495445,38.253666,39.188667,40.29489,39.845943,43.806828,44.159157,40.59529,38.573006,38.2281,33.575176,31.741713,37.16661,30.794842,35.208942,34.786427,37.277378,36.883392,32.25902,36.182053,34.960743,30.884964,34.91431,32.159187,32.6638,27.019047,27.721884,24.12725,24.958027,21.046799,17.54544,18.608274,15.358785,15.596135,16.733418,17.924063,16.673141,17.8469,17.417698,20.729946,21.608362,25.536179,27.883366,29.788054,31.40151,26.43216,26.947697,30.237003,30.29214,25.676094,27.867039,24.79841,25.334932,25.077694,24.608742,25.711914,25.381796,26.781446,23.82241,27.938206,25.026144,29.032951
14,32.40301,29.122374,27.824638,24.03588,21.732203,20.13227,16.240597,15.59954,11.209319,9.002053,7.9422965,5.0259132,8.39458,3.794657,0.0,5.9501476,7.145006,10.732445,13.72871,16.21003,19.607105,23.225098,26.160975,27.921238,32.00667,32.681667,30.555832,28.403234,24.310163,22.030106,19.31778,17.436192,10.702037,11.126565,7.5020423,8.097517,10.963803,14.168426,14.379042,17.122824,16.520782,21.57743,20.526615,26.73086,27.676403,31.780567,31.510592,36.03151,36.91059,38.381783,38.292606,42.11289,42.36637,39.12966,37.180405,36.387505,31.705385,29.620079,34.749203,28.166012,32.27675,31.626322,33.968796,33.401066,28.66788,32.48067,31.207153,27.181545,31.353039,28.728071,29.48583,23.745346,24.853027,21.287512,22.50364,18.85561,15.284987,17.279629,14.110805,15.520422,17.036268,17.695793,16.027308,16.325024,16.857561,19.076729,20.436193,24.06107,26.5008,28.8658,30.622171,26.316498,26.21361,30.123697,29.835518,25.468355,27.05685,24.54411,24.269207,24.405754,24.053629,24.49064,23.997934,24.807236,21.604214,25.362696,22.151562,25.936483
15,27.868149,24.751652,23.433,19.210247,17.701988,16.031708,11.673627,11.980857,6.667716,7.403711,5.794869,7.5359006,12.019936,6.5620375,5.9501476,0.0,5.143396,7.3550196,11.210499,12.862703,16.47965,20.362692,23.036722,25.675053,29.44106,30.426432,28.791689,26.273453,22.220772,20.304865,17.857225,16.31294,11.493361,10.89495,10.323762,11.172255,14.6901,16.40139,16.825815,17.77521,17.90625,21.529444,20.345966,26.477545,26.469492,30.661074,29.58603,34.584568,36.12059,36.957977,36.59085,41.182537,42.160866,39.09869,37.589874,36.97759,32.592922,30.185698,35.675934,29.227892,33.089058,32.856304,34.57804,34.973164,29.78739,33.838203,32.98737,29.501665,34.304337,32.041172,33.010548,27.017855,28.881859,24.903904,26.85226,23.23841,19.269875,21.998835,17.788303,19.811977,20.05757,19.85572,17.227938,17.05675,16.29206,18.218285,18.097164,21.740026,23.55901,25.529888,27.82199,23.612045,24.719143,28.393618,29.189642,25.238523,27.482513,26.13396,25.776852,26.8066,27.078884,27.660532,26.522778,28.050783,23.597761,27.441547,23.82757,27.356174
16,25.50641,22.304726,20.786118,17.305746,14.644754,13.069712,9.396615,8.868673,5.6638637,4.162535,7.10105,7.1065173,13.045828,9.523782,7.145006,5.143396,0.0,4.038883,6.738984,9.552197,12.51258,16.310247,19.135403,21.258553,25.20407,25.965546,24.093489,21.815172,17.703356,15.539062,13.081786,11.541347,6.5746207,7.046468,6.9560366,9.497539,12.223482,13.132644,12.844039,13.35998,13.002405,16.43476,15.250528,21.380365,21.84046,25.864948,25.239746,29.97882,31.36823,32.55229,32.52725,36.867764,37.70447,34.93244,33.50651,32.504864,28.145876,25.521008,30.810972,24.283167,27.983816,27.757027,29.460915,30.011719,24.895233,29.156204,28.582476,25.15824,30.00438,27.813335,28.727953,22.676609,24.964447,20.801184,23.317297,19.988062,15.916369,19.699356,15.237556,18.639494,18.76923,17.709213,14.525288,13.230272,13.546195,14.050763,14.658874,17.9326,20.039051,22.618711,24.844622,21.473421,21.540825,25.949947,26.198263,22.615383,24.118746,23.586985,22.30505,23.93874,24.516766,24.437817,22.95426,24.177143,19.197874,22.75412,18.928917,22.310776
17,21.71239,18.41971,17.207258,13.569931,11.141186,10.190729,6.325726,7.4275923,5.772276,6.735047,10.0709915,11.111663,17.037338,13.053663,10.732445,7.3550196,4.038883,0.0,4.9986296,5.697432,9.663729,13.114742,15.946238,18.410925,22.20568,23.434734,21.865181,19.89353,15.847952,13.447647,11.991672,9.49055,7.8421454,6.332528,9.3673935,11.200794,13.927077,13.477072,13.553791,12.416846,13.257274,15.310972,14.694018,20.34262,20.908731,24.572145,23.805624,28.58918,30.423826,31.480938,31.610533,36.323105,37.56977,35.259724,34.21689,32.968727,28.898445,25.90448,31.000738,24.550869,27.617378,27.443499,28.451836,29.495075,24.010147,28.181381,27.833097,24.973083,30.265228,28.520088,29.819368,23.773476,26.758696,22.634325,25.683487,22.733877,18.737823,23.076666,18.585367,22.430855,22.325323,20.78901,17.182014,15.12182,15.338262,14.506281,14.323421,17.010897,18.567213,21.25869,24.020514,21.503424,21.906801,26.490482,27.185223,24.196905,25.59693,26.10126,24.317225,26.592897,27.49418,27.100613,25.26144,26.371689,20.759846,23.838179,19.639347,22.398882
18,20.215797,17.226032,15.203144,12.92142,9.023208,7.4826713,5.8874593,4.5315604,7.0276937,6.6017585,11.634327,12.4036665,18.364958,16.053745,13.72871,11.210499,6.738984,4.9986296,0.0,5.892471,5.9800377,10.085494,12.704248,14.9384775,18.750406,19.325222,17.613495,15.207168,11.112476,9.207656,7.0687613,7.1090975,6.831532,8.168771,10.648394,13.943455,15.58789,14.646214,13.55913,11.767188,11.121509,11.852692,10.365327,15.98858,15.927499,19.734081,18.920385,23.708153,25.500206,26.516617,26.692532,31.330364,32.621952,30.42942,29.546335,28.24709,24.360878,21.262735,26.460688,20.269459,23.409271,23.691988,24.790628,26.536098,21.427225,26.090204,26.364412,23.641241,28.714643,26.958355,27.810738,21.900452,25.031904,20.630518,24.096954,21.348545,17.388103,22.204784,17.344423,21.977999,21.194372,18.78035,14.746416,11.797527,12.35294,10.013608,10.027644,12.294437,14.112527,17.21388,19.76575,17.988745,17.621164,22.616016,23.056398,20.605413,21.571968,23.121578,20.735394,23.715988,25.084698,24.396965,22.097795,23.510298,17.233517,20.198906,16.1031,18.782673
19,16.73372,13.265449,12.584887,9.514882,6.7872543,7.673294,5.7177305,8.3316765,9.930743,11.39781,15.385216,16.513733,22.536299,18.72281,16.21003,12.862703,9.552197,5.697432,5.892471,0.0,6.262652,8.184651,11.062613,13.646379,17.22354,19.08722,17.890656,16.718773,13.036085,10.2197275,10.791329,7.0051937,10.516686,8.059572,13.178476,14.69318,16.750341,14.632067,14.774708,11.451844,13.531638,13.241757,13.605971,18.023758,19.062717,21.899965,21.268728,25.770151,28.076612,29.151043,29.688768,34.621098,36.27385,34.73915,34.21678,32.50063,28.91501,25.482239,30.024933,23.869091,25.88104,25.765417,25.77703,27.522547,21.76916,25.761927,25.87362,23.909847,29.578175,28.476358,30.16889,24.361563,28.188042,24.229975,27.9347,25.61402,21.872498,26.894419,22.506506,27.026672,26.719692,24.555847,20.598526,17.574114,18.151842,15.374388,14.6815815,16.037743,16.844847,19.866888,23.13824,22.24929,22.498201,27.39013,28.286755,26.229902,27.11526,28.991192,26.38647,29.45446,30.748682,29.785849,27.524899,28.313921,22.09665,24.300152,19.80912,21.51366
20,14.910207,12.225585,9.852069,9.181077,4.2769,4.1202245,6.522582,6.542273,11.378291,12.252645,16.9292,18.30382,24.183273,21.85661,19.607105,16.47965,12.51258,9.663729,5.9800377,6.262652,0.0,4.8521857,6.878254,9.968232,13.290679,14.148136,13.075135,10.804928,7.18551,5.955963,6.3876157,7.51595,11.868171,12.274104,16.0467,18.957111,20.289312,18.217388,17.159819,13.643642,13.720541,11.3503,10.383662,14.080967,13.391278,16.414549,15.145135,19.933535,22.478333,23.098135,23.488344,28.62632,30.611406,29.219608,29.043165,27.486395,24.352613,20.87986,25.610374,20.14991,22.197742,22.925354,22.96076,25.920324,20.850018,25.451864,26.441498,24.69118,29.92942,28.776014,29.787886,24.274006,28.042387,23.793365,27.774218,25.575872,21.912617,27.080597,22.255316,27.242363,26.009176,22.99732,18.75285,15.208694,15.522002,11.360899,10.003413,10.255274,10.808574,14.172266,17.36778,17.615637,17.427519,22.437906,23.425894,22.238417,22.869873,26.079958,23.076735,26.918482,28.78001,27.736322,24.962788,26.397467,19.553507,21.636528,17.573708,19.074505
21,12.658497,9.941854,8.651467,9.620853,5.4972568,7.8367553,10.492546,11.379961,15.893845,16.650967,21.47768,22.419674,28.389921,25.82435,23.225098,20.362692,16.310247,13.114742,10.085494,8.184651,4.8521857,0.0,3.2869377,5.7626395,9.129751,11.00221,10.235107,9.940687,7.472683,5.3724,8.894141,7.8842607,14.718978,14.138259,18.748821,21.103245,22.0085,18.986742,18.152843,13.532897,14.710244,10.6664295,11.32088,13.025851,13.8511,15.382298,14.953507,18.828562,21.61663,22.639826,23.72903,28.640436,30.729319,30.201784,30.40026,28.227406,25.544905,21.79296,25.53257,20.416552,21.15508,21.665781,20.643454,23.972878,18.792326,22.94284,24.253523,23.36534,28.745382,28.212883,29.658352,24.554686,28.910252,25.087439,29.398563,27.822819,24.538412,30.055214,25.692291,30.974873,30.039156,26.929304,22.768164,18.81887,19.834072,14.818044,13.943466,12.941871,12.854825,16.378252,19.642689,21.276579,20.592276,25.71903,26.467028,25.892359,25.850246,29.648952,26.04944,30.14156,32.055424,30.463905,27.618061,28.360819,21.587227,22.645262,18.484045,18.80046
22,10.684976,8.75913,7.0056267,9.762288,6.4570456,8.76929,12.373259,13.117691,18.060066,19.100437,23.784876,25.075598,30.968344,28.589941,26.160975,23.036722,19.135403,15.946238,12.704248,11.062613,6.878254,3.2869377,0.0,4.872894,6.8439226,8.769923,8.908541,8.564688,7.4038396,7.0639296,10.545487,11.02317,17.675272,17.398691,21.869057,24.359121,25.243008,22.205915,21.256367,16.599396,17.466053,12.754963,13.081316,13.642908,13.420423,14.393229,13.407785,17.164213,20.406776,20.934706,21.988726,27.162796,29.690582,29.5148,30.0936,28.006355,25.819515,22.098295,25.632704,21.222675,21.560186,22.491344,21.0685,25.10951,20.349722,24.412523,26.11968,25.610723,30.801779,30.426348,31.717468,26.87841,31.23266,27.421158,31.787024,30.296202,27.07529,32.553246,28.064451,33.376076,32.08994,28.738722,24.5355,20.591072,21.24286,16.022781,14.547603,12.734956,11.83441,15.058405,18.421114,21.002024,20.51667,25.341515,26.420418,26.446722,26.392786,30.843561,27.189587,31.576553,33.719894,32.15228,29.122791,30.127985,23.238209,24.100618,20.262754,20.23753
23,14.154858,12.429131,11.565576,14.3510895,10.842695,12.946432,16.137331,16.354044,21.242844,21.320911,26.485195,26.873234,32.704483,30.73694,27.921238,25.675053,21.258553,18.410925,14.9384775,13.646379,9.968232,5.7626395,4.872894,0.0,4.30671,6.2503304,5.5248284,8.140855,7.9301777,6.749451,11.303816,11.041328,18.337688,18.276217,22.529676,24.996569,25.13443,21.63806,20.414118,15.522217,16.322144,10.527338,11.9489765,10.591671,12.576014,12.120154,12.980978,15.303799,18.07929,19.6549,21.599077,25.851545,27.88967,28.343098,28.976599,26.19049,24.22951,20.374197,22.856087,18.695438,17.96032,18.634184,16.59224,20.839521,16.385242,20.223867,22.325161,22.345263,27.257801,27.259592,28.640827,24.353315,28.981478,25.618341,30.15784,29.313007,26.59758,32.280693,28.378004,33.990017,33.04363,29.608423,25.633703,21.309721,23.018215,17.076122,16.89575,14.59792,14.262539,17.90849,20.619692,23.767641,22.022913,27.226284,27.385386,27.68607,26.696959,31.36724,27.083315,31.536156,33.64178,31.465355,28.466524,28.696104,22.14024,22.002396,18.310411,17.264889
24,13.120137,12.484903,11.859918,15.831301,13.259563,15.492063,19.179565,19.55147,24.660517,25.113407,30.122711,30.855515,36.667175,34.702305,32.00667,29.44106,25.20407,22.20568,18.750406,17.22354,13.290679,9.129751,6.8439226,4.30671,0.0,4.29713,5.9066434,9.140635,10.574446,10.710832,14.905195,15.317711,22.562468,22.453152,26.801817,29.233896,29.416555,25.83079,24.663607,19.701338,20.518839,14.503982,15.694855,13.244294,14.20172,12.64126,13.091421,14.5623865,17.8472,18.870958,20.950071,25.276491,27.82591,28.928047,30.067678,27.31227,26.061363,22.33232,24.252037,21.137123,19.678726,20.723173,17.981924,22.928326,19.130848,22.480894,24.9694,25.590628,30.233566,30.540033,31.86186,27.983551,32.617218,29.387186,33.942722,33.240383,30.617664,36.255684,32.29101,37.905823,36.693096,33.079132,29.088764,24.817415,26.173677,20.193241,19.459728,16.550192,15.414442,18.487528,21.158758,25.305744,23.815111,28.575836,29.067076,30.018341,28.99391,34.272152,29.954838,34.642967,36.94147,34.763382,31.629866,32.02047,25.496397,25.07052,21.782423,20.304256
25,16.047316,15.692754,14.058267,18.14372,14.972626,16.338358,20.370604,19.802063,25.273804,25.226477,30.327194,30.910385,36.45642,35.269474,32.681667,30.426432,25.965546,23.434734,19.325222,19.08722,14.148136,11.00221,8.769923,6.2503304,4.29713,0.0,3.2808914,6.3895,9.239161,10.739733,14.146945,16.42439,22.846886,23.810785,27.390785,30.399887,30.321518,27.084934,25.37226,20.912378,20.54017,14.343031,14.619959,11.265604,11.000126,8.748166,9.333727,10.267454,13.651105,14.604178,16.872042,20.989311,23.575003,24.815794,26.134905,23.429945,22.577757,19.005024,20.791895,18.451582,17.04402,18.773647,16.468092,22.02536,19.072239,22.838154,25.658352,26.009472,30.118042,30.174854,30.898895,27.300266,31.591082,28.301855,32.774345,32.143166,29.69863,35.158882,31.197655,36.834465,35.280746,31.416813,27.58494,23.337042,24.73495,18.54707,18.072126,14.575239,13.534981,16.596786,18.591307,23.334597,21.163128,25.810959,25.95738,27.42357,26.026909,31.807274,27.361156,32.240135,34.73194,32.522778,29.259758,29.922028,23.479008,22.89216,20.204866,18.673185
26,17.902605,16.923664,15.221522,18.603058,14.768948,15.883082,19.552773,18.611818,23.952608,23.342272,28.643133,28.74506,34.208504,33.2779,30.555832,28.791689,24.093489,21.865181,17.613495,17.890656,13.075135,10.235107,8.908541,5.5248284,5.9066434,3.2808914,0.0,5.4846396,7.627838,8.57918,11.975079,14.228505,20.385355,21.69248,24.911345,28.0366,27.68626,24.526363,22.59334,18.370857,17.600601,11.339658,11.697146,8.017019,9.100102,7.0235476,8.968871,10.017203,12.66052,14.556121,17.01928,20.66364,22.625416,23.560455,24.509956,21.536121,20.254084,16.53358,18.386997,15.462432,14.217573,15.794841,13.888459,19.226576,16.203026,20.298689,23.054024,23.10284,27.134184,27.036566,27.675716,24.047075,28.312502,25.0573,29.538364,29.013163,26.698761,32.188545,28.44411,34.15086,32.811707,29.007519,25.289474,20.917002,22.85868,16.482555,16.81711,13.576474,13.355203,16.939434,18.69525,22.842981,20.02801,25.103485,24.662807,25.789404,24.071615,29.55565,24.916372,29.685017,32.06469,29.668844,26.481293,26.852139,20.498384,19.75826,16.995691,15.411643
27,17.556973,16.693241,13.7629595,16.860878,12.817969,12.765623,16.809975,15.089967,20.735239,20.30297,25.269146,25.95723,31.20384,30.675125,28.403234,26.273453,21.815172,19.89353,15.207168,16.718773,10.804928,9.940687,8.564688,8.140855,9.140635,6.3895,5.4846396,0.0,4.1249523,7.790252,9.216464,14.142474,18.868702,21.050663,23.668087,27.344969,27.431082,25.019024,22.870665,19.291517,17.575195,12.30732,10.633342,9.218205,5.579419,6.522611,5.102472,9.210864,12.274484,12.718424,13.950253,18.737675,21.164564,21.046944,21.874636,19.85615,18.291063,14.779335,18.32213,15.258232,15.933067,18.123196,17.619268,22.639416,19.560225,24.25999,26.67833,25.844986,29.89528,29.125591,29.241571,25.088545,28.775269,24.918613,29.146759,27.929348,25.19323,30.343397,25.966572,31.423729,29.448183,25.476574,21.622902,17.576347,18.578953,12.503622,11.973275,8.328347,7.9656544,11.632822,13.336127,17.390085,14.902003,19.832767,19.940968,21.112951,20.057281,25.754406,21.62434,26.53588,29.126738,27.369892,24.015863,25.524641,18.746386,19.202686,16.636686,16.455019
28,17.35954,15.728189,12.814379,14.708968,10.092929,9.696639,13.237486,11.379485,16.886961,16.327553,21.412321,22.014015,27.415438,26.63073,24.310163,22.220772,17.703356,15.847952,11.112476,13.036085,7.18551,7.472683,7.4038396,7.9301777,10.574446,9.239161,7.627838,4.1249523,0.0,4.4531546,5.288548,10.526921,14.892905,17.09616,19.684626,23.366652,23.650782,21.446287,19.383566,15.999069,14.29441,9.791513,7.74681,8.835561,6.532153,9.296604,8.370058,12.862532,15.296586,16.130133,16.999184,21.710983,23.66639,22.798405,23.018585,21.125656,18.643957,15.036225,19.35947,14.937886,16.564278,18.181263,18.256397,22.378342,18.541952,23.478556,25.37755,23.988775,28.408451,27.348694,27.647564,22.916327,26.59056,22.484514,26.678427,25.10716,22.054504,27.287704,22.748135,28.1868,26.462252,22.716236,18.687641,14.565041,15.68939,9.653816,9.387516,6.9049144,7.6687403,11.845207,13.985469,16.384598,14.180815,19.567223,19.660852,19.801468,19.176228,23.974401,20.06245,24.67242,27.02574,25.432093,22.230438,23.712482,16.718283,17.871002,14.648199,15.301307
29,17.590918,15.189444,13.244812,14.181435,9.341796,9.817122,12.219666,11.158429,15.931508,15.102939,20.49291,20.487152,26.17946,24.781416,22.030106,20.304865,15.539062,13.447647,9.207656,10.2197275,5.955963,5.3724,7.0639296,6.749451,10.710832,10.739733,8.57918,7.790252,4.4531546,0.0,4.7781296,6.356867,12.143963,13.482985,16.699757,19.917145,20.073492,17.416262,15.617799,11.7403965,10.956333,6.368418,6.072128,8.286318,9.792573,11.851806,12.413706,16.072237,18.061228,19.787327,21.098288,25.292572,26.72473,25.933151,25.811447,23.444757,20.476961,16.71037,20.57936,15.151033,16.467299,17.12765,17.025196,20.255121,15.572774,20.382778,21.869583,20.414236,25.290781,24.369143,25.249155,20.233543,24.342972,20.417795,24.768421,23.358593,20.317225,25.885612,21.729015,27.289295,26.332247,22.99831,19.025446,14.716346,16.709326,10.91767,11.663515,10.508703,11.687261,15.811217,18.168324,19.66035,17.494055,23.112522,22.832962,22.221739,21.45651,25.297495,21.272354,25.433882,27.387053,25.490393,22.594173,23.191307,16.409939,17.317926,13.293794,13.807806
30,20.362865,18.025393,15.360394,15.487981,10.579762,9.321285,11.125416,8.435108,13.161219,11.58195,16.941025,16.92978,22.329966,21.724234,19.31778,17.857225,13.081786,11.991672,7.0687613,10.791329,6.3876157,8.894141,10.545487,11.303816,14.905195,14.146945,11.975079,9.216464,5.288548,4.7781296,0.0,7.6976724,9.834261,12.966631,14.669594,18.681503,18.982777,17.423653,15.171781,12.800045,10.259194,8.045273,4.8746195,9.694205,8.995317,12.811547,12.54246,16.931866,18.466314,19.802603,20.403534,24.605516,25.79449,24.043165,23.461567,21.75094,18.25552,14.850414,19.875422,14.188985,17.149416,18.14094,19.313253,22.10882,17.893347,23.033583,24.239578,21.92924,26.407997,24.80053,25.034193,19.735106,23.053553,18.652176,22.62765,20.600147,17.23433,22.45139,17.811985,23.231518,21.863762,18.427332,14.365431,10.163303,11.946889,6.2698603,7.71946,7.7575574,10.1366415,14.105948,15.947025,16.137629,13.751855,19.454674,19.017168,17.812822,17.44607,20.836145,17.209003,21.255144,23.244228,21.82033,18.90532,20.327795,13.357508,15.488035,11.781334,13.808557
31,20.028973,16.799133,15.897483,14.841343,10.5772915,11.287008,11.171533,11.114154,13.828847,12.631108,17.889833,17.096766,22.956099,20.638432,17.436192,16.31294,11.541347,9.49055,7.1090975,7.0051937,7.51595,7.8842607,11.02317,11.041328,15.317711,16.42439,14.228505,14.142474,10.526921,6.356867,7.6976724,0.0,7.949779,7.4881516,11.603088,14.013183,14.328401,11.411079,10.288053,6.172054,7.450536,6.457392,7.983874,12.146687,15.400119,17.657005,18.638277,22.165798,23.689621,25.860645,27.142921,31.044178,31.9449,30.750784,30.070257,27.644669,23.986261,20.417645,24.21838,17.815683,19.480738,18.978352,19.26246,20.631561,15.01531,19.356007,19.697346,17.577988,23.039288,21.961227,23.54927,17.949142,22.160475,18.41925,22.548935,20.967476,17.781408,23.397411,19.707966,24.995474,25.067646,22.56516,18.855282,14.95615,17.467815,13.139802,14.583079,15.113244,16.764063,20.650213,23.155626,23.099794,21.339117,26.9597,26.48325,24.718168,24.255749,26.434904,22.838917,26.071894,27.366262,25.509266,23.219759,23.038372,16.980879,18.24198,13.584233,14.752748
32,26.233025,23.024721,21.46824,19.299276,15.332823,14.242246,12.338462,10.705095,10.811826,7.1962953,12.113075,9.725897,15.2648115,13.907636,10.702037,11.493361,6.5746207,7.8421454,6.831532,10.516686,11.868171,14.718978,17.675272,18.337688,22.562468,22.846886,20.385355,18.868702,14.892905,12.143963,9.834261,7.949779,0.0,5.8626394,4.840637,9.190646,9.657872,9.670914,7.803701,8.67568,6.5709167,10.944616,10.027706,16.092781,18.095194,21.642326,22.236786,26.172327,26.95405,29.006138,29.633133,33.140915,33.38196,30.98193,29.46169,27.770489,23.32295,20.545456,25.227097,18.450294,21.989075,21.461243,23.487528,23.668972,18.872961,23.3073,22.899017,19.281908,23.87746,21.62783,22.398254,16.347597,19.019964,14.802894,17.938763,15.2244625,11.408512,16.44933,12.535379,17.379519,17.90981,16.18463,13.031536,10.285005,13.101329,11.474025,14.084209,16.429338,19.097914,22.491695,24.250273,22.056171,20.211975,25.450361,24.44605,21.310461,21.360397,21.403978,18.844477,20.849075,21.526636,20.34937,18.714502,18.928291,13.83288,16.720997,12.6611,15.93717
33,24.52838,20.970133,20.453142,17.547638,14.507832,14.542007,11.809098,12.375778,11.644855,10.188932,14.091158,12.549602,18.164574,14.61857,11.126565,10.89495,7.046468,6.332528,8.168771,8.059572,12.274104,14.138259,17.398691,18.276217,22.453152,23.810785,21.69248,21.050663,17.09616,13.482985,12.966631,7.4881516,5.8626394,0.0,6.0980296,6.990636,8.695715,7.2114797,7.75321,7.0353074,9.217378,12.6619005,13.526048,18.7885,21.65902,24.60333,25.234509,29.147488,30.416975,32.495525,33.357353,37.25731,37.839867,35.91369,34.674496,32.681236,28.44307,25.347004,29.547295,22.722103,25.243023,24.237793,25.266148,25.174603,19.567463,23.231564,22.341587,19.28925,24.633125,23.033178,24.857483,18.908113,22.247229,18.704779,21.863565,19.606613,16.175678,20.98671,17.713152,21.954592,23.00543,21.723286,18.598574,16.003628,18.140923,16.30676,17.819937,19.88078,21.863512,25.244051,27.718367,25.87378,24.866476,30.059095,29.659828,26.695711,26.981846,27.196707,24.67999,26.671976,27.207617,25.966452,24.459414,24.144482,19.257662,21.442078,17.002104,19.280426
34,29.732225,26.327286,25.196432,22.36286,18.995684,18.048655,15.215647,14.260814,12.477551,8.968957,12.07274,8.396876,13.189682,11.171904,7.5020423,10.323762,6.9560366,9.3673935,10.648394,13.178476,16.0467,18.748821,21.869057,22.529676,26.801817,27.390785,24.911345,23.668087,19.684626,16.699757,14.669594,11.603088,4.840637,6.0980296,0.0,4.9029937,5.793939,7.8240666,7.078356,10.127712,9.264695,14.814628,14.539617,20.35892,22.8514,26.310358,27.06789,30.907509,31.509926,33.730133,34.35183,37.670856,37.631374,35.047657,33.248875,31.608818,26.978472,24.490248,28.914639,22.074173,25.600388,24.578035,26.774597,25.963877,21.201815,25.013535,23.859163,19.860538,24.229195,21.796806,22.8428,16.90508,18.94994,15.321219,17.573277,14.697874,11.175838,15.3040695,12.429389,16.184135,17.882057,17.317383,15.042019,13.455773,16.069311,15.799089,18.3532,21.064844,23.72566,26.93172,28.67977,25.838348,24.280436,29.20973,28.10028,24.431007,24.669134,23.417448,21.509258,22.497877,22.495975,21.557539,20.65742,20.310482,16.599684,19.453259,15.740079,19.0405
35,31.291506,27.69471,27.249115,23.926413,21.234861,20.846941,17.48992,17.6255,15.076027,12.704284,14.666896,11.346915,15.292437,11.74825,8.097517,11.172255,9.497539,11.200794,13.943455,14.69318,18.957111,21.103245,24.359121,24.996569,29.233896,30.399887,28.0366,27.344969,23.366652,19.917145,18.681503,14.013183,9.190646,6.990636,4.9029937,0.0,4.009039,6.5855093,8.12614,11.206677,12.449411,17.835653,18.502178,23.912775,27.086834,30.217216,31.140945,34.891514,35.621803,37.992203,38.77926,42.175537,42.15699,39.77213,38.00654,36.169415,31.569618,28.993612,33.040565,26.134861,29.121326,27.643694,29.416113,27.995136,22.951248,25.988918,24.213884,20.407299,24.922066,22.82616,24.588476,18.951124,21.07669,18.245768,20.122766,17.695217,14.813666,18.275368,16.410019,19.278147,21.667398,21.697634,19.717724,18.352934,20.723682,20.505804,22.688768,25.342506,27.739534,30.938017,33.005135,30.174747,29.001175,33.88185,32.964626,29.239643,29.562284,28.046843,26.283846,26.97239,26.669418,25.705833,25.118233,24.212214,21.07413,23.461552,19.667072,22.431671
36,33.06901,29.497738,29.013483,26.238928,23.040934,22.752758,19.973513,19.606537,17.874731,14.738813,17.344578,13.251536,16.727047,14.587834,10.963803,14.6901,12.223482,13.927077,15.58789,16.750341,20.289312,22.0085,25.243008,25.13443,29.416555,30.321518,27.68626,27.431082,23.650782,20.073492,18.982777,14.328401,9.657872,8.695715,5.793939,4.009039,0.0,4.7759237,5.662686,10.219728,10.855557,16.768354,17.765087,22.704453,26.698994,29.48269,31.056446,34.281322,34.582153,37.42534,38.523567,41.346756,40.892864,38.67147,36.78442,34.62798,30.024857,27.559958,31.047094,24.202616,26.995758,25.172533,27.20833,25.134254,20.505894,23.29701,21.318195,17.191898,21.292353,19.056818,20.840149,15.41059,17.442263,15.069527,16.857681,14.998097,12.77094,16.41346,15.511383,18.682312,21.515835,21.495617,19.860489,18.240025,21.507898,20.764502,23.710995,26.019075,28.648914,32.113583,33.8913,31.444454,29.454786,34.566097,33.002415,29.424742,29.062153,27.508053,25.31979,25.85822,25.401815,23.890556,23.510098,21.7752,19.337282,21.140919,17.592152,20.113722
