,0,1,2,3,4,5,6,7,8,9,10,11,12,13,14,15,16,17,18,19,20,21,22,23,24,25,26,27,28,29,30,31,32,33,34,35,36,37,38,39,40,41,42,43,44,45,46,47,48,49,50,51,52,53,54,55,56,57,58,59,60,61,62,63,64,65,66,67,68,69,70,71,72,73,74,75,76,77,78,79,80,81,82,83,84,85,86,87,88,89,90,91,92,93,94,95,96,97,98,99,100,101,102,103,104,105,106,107,108,109,110
0,0.0,4.3947296,6.9588447,10.184694,12.448948,15.3910055,18.046673,21.630066,25.131998,28.03299,30.375784,35.833485,31.609692,29.548103,24.724178,23.704273,19.441023,19.12501,15.942128,15.081896,14.542146,13.141242,17.643518,18.176018,21.458906,23.566057,21.263435,22.832663,22.251106,22.734627,23.889427,23.354399,27.332657,25.778606,29.847824,30.091352,33.42987,34.35798,31.568895,31.318058,29.000635,29.445076,27.87045,26.93484,27.567024,24.314877,27.60476,25.544744,25.94227,28.877018,31.22728,31.272451,33.622112,36.300514,38.64179,38.597767,35.697407,37.477726,35.564358,38.77198,34.3174,35.116085,35.36398,35.93138,37.666824,35.40455,38.99009,38.933884,40.282246,45.67258,41.60359,44.63341,38.479214,42.3137,39.955196,37.38178,39.326492,35.258728,40.175175,36.395382,39.33594,40.97865,36.338722,33.50337,30.283194,28.483511,25.526007,21.702099,19.534779,15.714603,13.561553,10.137659,9.555945,12.20442,15.3045,17.981417,20.271833,22.400837,25.594906,27.800716,32.996265,32.1282,36.578644,39.224003,40.295433,37.41796,40.092384,33.6247,36.502586,32.717472,35.5174
1,4.3947296,0.0,5.3714437,6.7114987,8.664643,12.560751,14.243857,18.54042,21.565887,25.03089,27.110315,32.71722,28.924253,26.725899,22.210783,20.473577,16.40914,15.398606,12.201158,10.828515,10.554538,9.244691,13.946824,14.987979,17.983587,19.905655,17.133253,18.695032,17.956207,18.703506,19.771803,19.780552,23.923079,23.02239,26.99017,27.708649,30.863817,31.423185,28.405064,27.847208,25.445478,25.50011,23.768585,22.659143,23.314194,19.99177,23.389784,21.55249,22.12997,25.185123,27.235685,27.30852,29.946457,32.5224,34.62864,34.503773,31.458529,33.175854,31.193853,34.437233,29.940874,30.868713,31.207825,31.963196,33.82318,31.763147,35.533913,35.753754,37.127422,42.37447,38.33946,41.13977,35.00196,38.708927,36.120426,33.568577,35.335815,31.187706,36.100845,32.237556,35.274063,36.95639,32.29102,29.329786,26.042976,24.26889,21.173304,17.403599,15.145529,11.345609,9.3308525,5.7981977,6.012507,8.934353,12.464724,14.187987,16.397741,18.230528,21.432789,23.419594,28.751837,27.813162,32.327503,35.047176,36.081676,33.156,35.967934,29.45855,32.453205,28.818447,31.707712
2,6.9588447,5.3714437,0.0,5.3160233,6.869307,8.8289585,12.085088,14.811639,18.64524,21.143082,23.672302,28.976429,24.769575,22.896227,17.863243,17.155603,13.000408,13.112113,10.959615,10.962531,12.199269,12.483409,17.094412,19.126335,21.855017,23.312477,19.769983,20.56367,18.815203,19.191471,19.031492,19.170128,21.725262,20.781466,24.23886,24.576746,28.206894,28.89663,26.633575,26.04766,24.637218,24.45164,24.116043,22.566984,24.662237,21.585123,25.530935,24.223337,24.486063,28.226315,29.825218,29.017326,32.43434,35.29343,36.660954,36.629147,32.87201,34.67202,32.203304,35.463127,30.189566,31.269999,31.007456,32.201797,32.84184,31.244808,34.28229,34.2732,35.03515,40.295315,35.745804,38.6195,32.278923,35.952507,33.79106,31.08532,33.285473,29.46345,34.50122,31.183002,34.1749,36.224968,31.59436,29.085936,25.52249,24.76289,21.193626,18.062714,16.317049,12.819745,12.077673,7.624805,10.442426,13.422211,16.948456,17.456465,18.81633,20.5303,22.632153,24.073153,29.092676,27.527822,32.023926,34.547974,35.1633,32.34612,34.37357,28.061228,30.720816,26.73135,29.674713
3,10.184694,6.7114987,5.3160233,0.0,3.9253628,6.3174334,9.085793,12.689302,15.461844,19.158243,20.733282,26.540112,22.615746,20.191048,16.121115,13.95029,9.83154,9.125543,5.891655,6.171401,7.34223,8.773707,12.874358,15.748387,18.29166,19.204035,15.995322,15.665471,13.840082,13.903902,14.097345,14.022421,17.328796,16.70603,20.402752,21.304667,24.481981,24.87589,22.088982,21.416847,19.57277,19.504755,18.871689,17.634462,19.703411,17.563662,21.265188,20.856808,21.932444,25.330524,26.24986,26.191435,29.859434,32.136395,33.32827,32.903206,29.145174,30.407648,27.79656,30.648478,25.507727,26.174109,25.90935,26.923128,27.851732,26.10407,29.427387,29.611391,30.673931,35.892,31.686676,34.530987,28.383188,32.234005,29.877905,27.511774,29.634295,25.897545,31.186234,27.852108,31.222946,33.48725,28.805065,25.948456,22.03827,21.547798,17.193686,14.637764,12.131565,9.250119,8.437663,4.308413,8.425343,11.825768,15.58671,14.898536,16.426546,16.9626,19.559223,19.94663,25.707724,23.712004,28.54929,31.334099,31.643522,28.59126,30.66824,24.09387,26.529417,22.641394,25.33642
4,12.448948,8.664643,6.869307,3.9253628,0.0,5.909869,5.6593018,10.2786875,12.962619,16.716091,18.713781,24.278519,21.083185,19.008406,14.758143,12.394818,9.004241,7.1361194,5.993689,5.11246,8.441432,9.829314,13.685617,16.628096,18.38954,19.25456,14.747343,15.250432,12.756245,13.715588,12.723349,14.495025,16.849016,17.566977,20.532833,21.86411,25.069986,24.960897,22.38181,21.072472,19.74858,18.503769,18.22106,16.052357,18.667229,15.53715,19.768936,19.107756,19.576086,23.546797,24.41742,23.423693,27.460707,30.125198,30.876251,30.73243,26.600468,28.303774,25.624058,28.974163,23.45662,24.915222,24.733435,26.45957,27.120434,26.096247,29.364737,29.908566,30.61458,35.53152,30.990847,33.35792,27.01315,30.37103,27.747433,25.013233,26.887121,22.890251,27.9599,24.533892,27.716793,29.901226,25.232273,22.567532,18.798235,18.404213,14.412591,11.756583,10.226191,7.4351745,8.415575,5.214792,9.950761,12.083594,15.361553,13.666259,14.277418,15.17807,16.695568,17.446041,22.575554,20.71798,25.332853,27.962914,28.444752,25.547222,27.753248,21.351202,24.27707,20.542831,23.770803
5,15.3910055,12.560751,8.8289585,6.3174334,5.909869,0.0,7.0097594,7.2037573,10.693456,13.410632,15.151004,20.76031,16.434704,14.222571,9.8218,8.439957,4.1846485,5.828376,5.92093,8.54825,11.357563,14.016748,17.248941,20.83602,22.809078,23.096039,19.271551,17.94082,14.941971,14.4899645,12.64177,13.065927,13.447867,13.386265,15.978029,16.71443,20.372152,20.651129,18.913355,18.000456,17.761347,17.106276,18.61298,16.80933,20.787548,19.332764,23.354403,23.783941,24.601072,28.514658,28.711645,27.775639,32.284714,34.67064,34.875473,34.480103,29.961329,31.14443,27.967241,30.647001,24.679585,25.483881,24.395164,26.049889,25.262667,24.343353,26.615952,26.641596,26.836187,31.929602,27.082705,29.90148,23.529198,27.313532,25.476149,23.024534,25.707092,22.565525,28.005623,25.531404,28.89497,31.686115,27.178581,24.91915,20.696445,21.75286,16.847166,15.724379,14.125705,12.461703,13.2324705,9.97399,14.543653,17.497719,20.995783,19.135805,19.655802,19.763056,20.886202,20.196724,25.389181,22.479296,27.194527,29.715782,29.321854,26.423367,27.350103,21.148838,22.94128,18.653889,21.336214
6,18.046673,14.243857,12.085088,9.085793,5.6593018,7.0097594,0.0,6.460642,7.9266405,12.176728,14.075312,19.41769,17.294012,15.519446,11.952573,8.814667,7.468827,4.0599093,7.099254,6.708128,11.163507,13.290295,15.899364,19.317762,20.074608,20.29471,14.9426985,15.006009,11.441625,12.817388,9.740586,13.65915,14.073984,16.63767,18.367916,20.329433,23.31556,22.48601,20.32766,18.232565,17.918125,15.202947,16.118732,12.881003,16.94436,13.913613,18.444973,18.53386,18.725492,23.09441,23.15226,21.249422,26.093163,28.786983,28.522469,28.451824,23.638063,25.412773,22.337791,25.839823,19.666275,21.803589,21.337776,23.971756,23.770258,23.797394,26.666937,27.60956,27.766989,32.207172,27.331156,29.109236,22.66064,25.468216,22.642332,19.638613,21.398008,17.391832,22.45479,19.322311,22.53318,25.030056,20.43813,18.10732,14.114711,14.963251,10.6650305,9.496153,9.420409,8.619746,11.399743,10.004135,14.57157,15.828771,18.451942,15.153533,14.478142,14.696476,14.429855,14.214886,18.641775,16.171429,20.65877,23.133776,23.267176,20.474642,22.309458,16.114243,19.219894,15.606832,19.313148
7,21.630066,18.54042,14.811639,12.689302,10.2786875,7.2037573,6.460642,0.0,4.988546,6.5071087,9.256799,14.265116,11.244765,10.035705,5.7502327,4.7239757,5.387457,6.049,10.329406,12.109078,16.06637,18.831795,21.340559,25.114183,26.08035,25.967459,21.051619,19.941687,16.073856,16.273773,12.159371,15.099343,12.306384,14.89386,15.231089,16.641874,20.125414,19.414162,18.724009,16.726614,18.237871,15.602985,18.814468,15.764717,21.182688,19.460066,23.74977,24.537428,24.68117,29.122238,28.718584,26.420296,31.649204,34.30238,33.361553,33.249332,28.014187,29.496017,25.99174,28.947788,22.281843,24.07583,22.601591,25.492025,23.327784,23.998446,25.477594,25.978065,25.148975,29.48643,23.907467,25.830723,19.170937,21.991482,20.132391,17.088367,19.830402,16.959705,22.11246,20.384893,23.436773,26.538406,22.369032,20.948082,16.887897,19.395397,14.934592,15.254724,15.367394,14.975193,17.336817,15.202977,19.976242,21.884066,24.74922,21.60629,20.814835,20.782026,19.844435,18.600883,22.248838,18.862564,22.942991,24.975489,24.158146,21.670532,21.72769,16.32743,18.145948,13.967362,17.3594
8,25.131998,21.565887,18.64524,15.461844,12.962619,10.693456,7.9266405,4.988546,0.0,6.029185,6.291349,11.821402,10.538843,8.990329,7.989402,4.21509,7.618634,6.6240635,11.403663,12.909229,16.693537,19.728697,21.198715,25.18152,25.519138,24.85325,20.118954,18.276556,14.204956,14.410163,9.397629,13.529477,9.741746,14.165597,13.629477,16.037428,18.64527,17.085287,16.236704,13.514456,15.485075,11.730506,15.673103,12.31743,18.371006,17.59819,21.457714,23.142986,23.659407,27.761368,26.577087,24.500013,29.980297,32.14386,30.651657,30.295767,24.915716,25.95492,22.234587,24.842861,18.054672,19.915068,18.24199,21.608751,19.090118,20.470278,21.89896,22.90085,21.99506,25.88439,20.44635,21.84215,15.244734,17.809069,15.464849,12.504757,15.155569,12.434716,17.895077,16.464201,19.858479,23.283724,19.275625,17.829863,13.55649,17.056522,12.249302,14.136368,14.52317,15.451897,18.182756,17.198067,21.727678,23.244461,25.774666,21.781706,20.666977,19.666903,18.26349,15.681609,19.176222,15.108665,19.216301,21.325403,19.959808,17.350075,17.087694,11.582124,13.167029,9.0496025,12.750966
9,28.03299,25.03089,21.143082,19.158243,16.716091,13.410632,12.176728,6.5071087,6.029185,0.0,5.0604196,8.061693,6.644984,7.419318,6.0275674,7.137282,10.590204,11.541962,16.160027,18.010454,21.91747,24.864883,26.836575,30.753906,31.270607,30.774675,25.775692,24.280588,20.214048,20.274685,15.340621,18.668192,13.411913,17.09214,15.369316,16.829218,19.895409,18.577557,19.327272,16.920864,20.105497,16.68552,21.419817,18.15748,24.328543,23.234617,27.245272,28.591846,28.512335,32.993687,31.984276,29.037083,34.641697,37.219635,35.342888,35.298084,29.682728,31.029411,27.291782,29.927105,23.052038,25.096422,23.023888,26.567455,22.77931,24.730703,24.96061,25.561176,23.635693,27.110947,20.978249,22.1445,15.623665,17.413954,16.248325,13.002963,16.20355,14.635834,19.188051,18.99365,21.596123,25.117292,21.672909,21.288013,17.658918,21.554472,17.637255,19.294653,20.153183,20.565596,23.294987,21.58,26.318789,27.985767,30.594603,26.913273,25.551458,25.176294,23.103611,21.063267,23.296732,19.39567,22.565035,23.966541,22.302729,20.400955,18.777727,15.0027275,15.775034,12.02255,15.2076845
10,30.375784,27.110315,23.672302,20.733282,18.713781,15.151004,14.075312,9.256799,6.291349,5.0604196,0.0,6.248287,5.5351267,5.011471,7.936946,6.9279037,11.372816,12.21162,16.514545,18.743462,22.113047,25.45527,26.620668,30.794498,31.13825,30.127287,25.902216,23.218359,19.267962,18.67059,13.726864,16.531343,10.080956,14.572188,11.860078,13.969851,16.200438,14.297013,15.328389,12.711457,16.655798,13.237137,18.859018,16.167362,22.594645,23.046879,26.423132,28.75374,29.39501,33.321915,31.631197,29.543234,35.176643,37.057083,34.97051,34.46224,28.969326,29.500883,25.576122,27.337963,20.67508,21.935741,19.346746,22.784555,18.212105,20.523546,20.226488,20.924599,18.810497,22.103765,16.031157,17.231499,10.633857,13.00057,12.056634,9.640739,13.468417,12.950108,17.883293,18.28988,21.358099,25.228157,21.991009,21.36161,17.469482,21.942276,17.382648,20.068218,20.43919,21.626963,24.142986,22.99797,27.5415,29.360477,31.98651,27.947567,26.797358,25.461752,23.777393,20.400654,23.123602,18.529219,21.88373,23.485008,21.034142,18.914198,16.520802,12.827986,12.0884905,8.1665125,10.49698
11,35.833485,32.71722,28.976429,26.540112,24.278519,20.76031,19.41769,14.265116,11.821402,8.061693,6.248287,0.0,6.6523824,8.987434,12.176911,12.961084,17.236044,18.167068,22.648619,24.677822,28.237453,31.46667,32.6437,36.746445,36.84077,35.79153,31.260912,28.915485,24.950422,24.594898,19.516388,22.562956,15.715281,20.019815,16.388123,17.977415,19.75682,17.655964,19.891651,17.342043,21.952547,18.289785,24.167614,21.311327,27.730558,27.974077,31.276537,33.548668,33.715824,37.803387,35.94614,33.070374,38.833847,40.873486,38.114243,37.852455,32.178005,32.868587,28.994253,30.690664,24.187685,25.876677,23.126215,26.962982,21.431969,24.72012,23.364449,24.089985,20.992262,22.99621,16.696394,16.625004,11.164274,11.152561,11.568476,9.231597,12.921506,14.086818,17.413773,19.392698,21.536268,25.447737,23.131933,23.590126,20.533657,25.517065,21.933592,24.894835,25.921362,27.194807,29.996876,28.829668,33.44514,35.03742,37.47648,33.266075,31.665232,30.536713,27.956144,24.70878,25.91832,21.499907,23.638052,24.42334,21.493967,20.286251,16.387918,15.23059,13.765046,11.48752,13.073141
12,31.609692,28.924253,24.769575,22.615746,21.083185,16.434704,17.294012,11.244765,10.538843,6.644984,5.5351267,6.6523824,0.0,3.747677,6.9610906,9.425443,12.945543,15.361692,19.193342,22.017008,25.232668,28.639942,30.286379,34.49362,35.320633,34.476166,30.400753,27.624949,23.75384,22.713245,18.213745,19.675915,12.899142,15.535562,12.340493,12.913184,15.774764,14.764919,17.155851,15.516291,19.86017,17.654821,23.409111,21.171562,27.512255,27.967155,31.491352,33.615715,34.162525,38.26086,36.830154,34.66011,40.269104,42.339138,40.384846,39.930374,34.434483,35.00892,31.08154,32.694347,26.115047,26.971945,24.124823,27.080524,21.90905,23.85875,22.644066,22.542448,19.81886,23.169748,16.827085,18.635378,12.679411,15.148282,15.77009,13.92995,17.98124,18.121792,22.57504,23.434605,26.1652,30.002537,26.931227,26.576097,22.782497,27.078619,22.509214,24.67142,24.781084,25.368849,27.52612,25.621069,30.2731,32.580772,35.526855,32.001007,31.09056,30.121296,28.687696,25.688742,28.464577,23.993784,27.212317,28.608665,26.108406,24.23107,21.328402,18.28401,17.041187,13.341629,14.598455
13,29.548103,26.725899,22.896227,20.191048,19.008406,14.222571,15.519446,10.035705,8.990329,7.419318,5.011471,8.987434,3.747677,0.0,6.0619874,6.8828773,10.362684,12.905795,16.309126,19.404552,22.258163,25.823523,27.234127,31.522144,32.46784,31.508963,27.916214,24.623745,20.90158,19.466297,15.306225,16.094877,9.323077,11.834164,8.866015,9.8438225,12.815519,11.869027,13.709709,12.221041,16.32376,14.637704,20.297213,18.498383,24.695139,25.72018,29.037418,31.43358,32.43529,36.24078,34.731247,33.254948,38.732174,40.49896,38.86088,38.15067,32.86474,33.111702,29.179813,30.521965,24.097597,24.416298,21.555056,24.104483,19.296227,20.68285,19.838837,19.666029,17.472954,21.458303,15.404927,17.87603,11.656869,15.255077,15.419095,13.948497,18.006407,17.767418,22.806847,23.131433,26.322945,30.169825,26.786922,25.868061,21.717094,25.763052,20.638712,22.80846,22.3719,23.062775,24.916388,23.159794,27.669193,30.169533,33.220825,29.75283,29.186548,27.86296,27.08036,23.74291,27.3706,22.760218,26.516369,28.31267,25.867733,23.576862,21.199837,17.247635,15.936121,11.793795,12.77945
14,24.724178,22.210783,17.863243,16.121115,14.758143,9.8218,11.952573,5.7502327,7.989402,6.0275674,7.936946,12.176911,6.9610906,6.0619874,0.0,5.479026,7.0738945,10.2661915,13.691319,16.561804,19.860779,23.018007,25.386475,29.392561,30.682465,30.327782,26.089817,23.964207,20.189281,19.382862,15.420525,16.669577,11.96312,13.495773,12.678936,13.076941,16.980156,16.749422,17.466467,16.09581,18.812277,17.097023,21.537588,19.207253,25.022593,24.49842,28.460258,29.814247,30.27179,34.534626,33.82949,31.82852,37.147224,39.55092,38.407352,38.08115,32.790966,33.79772,30.073278,32.32703,25.679005,26.698647,24.491327,27.067827,23.555805,24.303343,24.545788,24.403942,22.873466,27.232061,21.34323,23.765692,17.32828,20.53018,19.917234,17.46896,21.038181,19.464022,24.551952,23.90528,26.91002,30.372402,26.56602,25.515757,21.413246,24.588396,19.80273,20.706476,20.397871,20.109524,21.944746,19.430187,24.126598,26.646498,29.802464,26.908472,26.392193,26.022465,25.309788,23.332499,27.008904,23.082766,27.007475,28.85562,27.300104,24.963629,23.709614,19.037106,19.354944,14.978161,17.26433
15,23.704273,20.473577,17.155603,13.95029,12.394818,8.439957,8.814667,4.7239757,4.21509,7.137282,6.9279037,12.961084,9.425443,6.8828773,5.479026,0.0,4.501721,6.040727,9.904025,12.635845,15.856289,19.241604,20.93566,25.097162,26.058369,25.406631,21.43049,18.795832,14.975505,14.145951,9.968498,11.866486,7.726648,10.753073,10.637582,12.489205,15.622039,14.745386,14.072644,12.143178,14.143872,11.956858,16.095566,13.769806,19.596739,19.636227,23.318245,25.164644,26.138659,30.013346,28.956942,27.623238,32.8884,34.84972,33.792973,33.192173,28.072357,28.726402,24.998947,27.083096,20.565285,21.399666,19.39855,21.95625,19.215824,19.777529,20.90842,21.2837,20.484303,24.977053,19.585558,21.89768,15.350109,18.91259,17.341587,15.076099,18.273666,16.157148,21.736572,20.488966,23.995289,27.454853,23.416819,21.752,17.319666,20.410797,15.057152,16.443052,15.795613,16.20964,18.154242,16.516039,21.072908,23.354912,26.353403,22.948326,22.514406,21.431349,21.087345,18.420738,22.816217,18.69394,23.098557,25.358881,23.840853,21.096596,20.553226,14.989922,15.606815,11.099929,13.657442
16,19.441023,16.40914,13.000408,9.83154,9.004241,4.1846485,7.468827,5.387457,7.618634,10.590204,11.372816,17.236044,12.945543,10.362684,7.0738945,4.501721,0.0,4.5228615,6.668265,9.949109,12.852367,16.128763,18.467224,22.48179,24.038578,23.773977,20.084013,17.736816,14.314314,13.361229,10.527282,11.107781,9.653516,10.488445,12.256383,13.409432,16.931744,16.853966,15.4594145,14.290893,14.90206,13.929115,16.639174,14.81351,19.704103,19.295639,23.095623,24.395018,25.486776,29.293371,28.805584,27.916616,32.79626,34.861034,34.51764,33.920666,29.147947,29.932373,26.455267,28.707787,22.516645,23.083763,21.509794,23.392956,21.745613,21.268524,23.046732,23.121939,22.981533,27.944706,22.95672,25.734478,19.364433,23.252502,21.611198,19.404055,22.36936,19.742668,25.34906,23.426764,26.961287,30.112467,25.780176,23.689358,19.240328,21.265398,15.862386,16.009134,14.5976,14.062253,15.307928,12.948121,17.490423,20.256504,23.585405,20.933887,21.11367,20.439766,21.086233,19.235474,24.359295,20.771122,25.489788,27.97485,26.993631,24.082735,24.333242,18.298323,19.426683,14.994616,17.411299
17,19.12501,15.398606,13.112113,9.125543,7.1361194,5.828376,4.0599093,6.049,6.6240635,11.541962,12.21162,18.167068,15.361692,12.905795,10.2661915,6.040727,4.5228615,0.0,4.9067664,6.682635,10.37604,13.459453,15.473926,19.433933,20.453815,20.176668,15.913427,14.123891,10.453218,10.519314,7.3238935,10.118105,10.2560835,12.601014,14.491476,16.535011,19.379356,18.653395,16.388887,14.53783,14.284504,12.216259,13.826333,11.312289,15.956412,14.849101,18.817574,19.992573,21.062439,24.87115,24.352268,23.426252,28.29494,30.358072,30.0396,29.500624,24.767576,25.747856,22.403133,25.08353,18.93243,20.0837,19.107285,21.33486,20.720194,20.42051,23.083057,23.802063,24.064272,28.73653,24.03192,26.23796,19.895851,23.329823,20.833473,18.388426,20.646261,17.267101,22.806265,20.182991,23.799194,26.698484,22.209005,19.754705,15.319573,16.89296,11.494321,11.5248575,10.29033,10.225382,12.174735,10.822574,15.330658,17.355812,20.316793,17.035517,16.926992,16.080256,16.59695,14.875334,20.158995,16.875078,21.732168,24.392908,23.838886,20.806608,21.993876,15.561285,17.663155,13.653589,16.717543
18,15.942128,12.201158,10.959615,5.891655,5.993689,5.92093,7.099254,10.329406,11.403663,16.160027,16.514545,22.648619,19.193342,16.309126,13.691319,9.904025,6.668265,4.9067664,0.0,4.120311,6.186733,9.605221,11.859699,15.8397455,17.619846,17.53025,14.482021,12.195563,9.562632,8.8894825,8.488991,8.582491,11.8426285,12.219607,15.646624,17.318348,19.97696,19.846504,16.757923,15.7539625,13.955452,13.625351,13.5192375,12.373818,15.387601,14.837796,18.29071,19.352186,21.12336,24.292377,24.11273,24.443615,28.665049,30.353653,30.886414,30.067892,26.010649,26.63111,23.622448,25.932617,20.579855,20.839834,20.232866,21.375982,21.972128,20.443075,23.757524,24.195257,25.27346,30.340044,26.301062,29.019058,23.045918,27.000141,24.561943,22.579594,24.745003,21.349907,26.903606,23.90422,27.646248,30.302876,25.711353,22.754196,18.406796,18.900263,13.47345,12.507262,9.670231,8.80121,9.085047,7.4890194,11.537312,14.358985,17.745842,15.345959,16.387922,15.363228,17.660912,16.254658,22.524965,19.680607,24.79177,27.72783,27.427528,24.19729,25.901052,19.215487,21.146461,17.29862,19.695257
19,15.081896,10.828515,10.962531,6.171401,5.11246,8.54825,6.708128,12.109078,12.909229,18.010454,18.743462,24.677822,22.017008,19.404552,16.561804,12.635845,9.949109,6.682635,4.120311,0.0,4.5005984,6.8698964,9.441865,13.032051,14.431721,14.745468,10.831972,10.1873865,7.875048,8.929877,9.050442,10.874429,14.842644,16.002384,19.253439,21.233427,23.678553,23.222486,19.82822,18.429941,16.153103,15.045752,13.578723,11.913204,13.781512,11.658504,15.39098,15.655654,17.2359,20.474237,20.717506,20.968018,24.921139,26.815447,27.670933,27.053013,23.218523,24.276787,21.633774,24.549454,19.502707,20.451706,20.58942,21.950588,23.538288,22.171532,26.080297,26.93997,28.210842,33.014595,29.104958,31.378122,25.428438,28.918528,25.94289,23.691933,25.237602,21.244125,26.436285,22.782269,26.348204,28.559916,23.889896,20.665491,16.692707,16.110865,11.3922,9.253828,6.2285843,4.6923056,5.5197735,5.178465,9.030375,10.90698,13.992016,11.275414,12.322331,11.6451,14.272388,13.904785,20.101824,18.06257,23.04488,26.03124,26.374071,23.191267,25.813435,19.111177,21.928314,18.57496,21.44453
20,14.542146,10.554538,12.199269,7.34223,8.441432,11.357563,11.163507,16.06637,16.693537,21.91747,22.113047,28.237453,25.232668,22.258163,19.860779,15.856289,12.852367,10.37604,6.186733,4.5005984,0.0,3.878515,5.943221,9.728205,11.98513,12.281138,10.569251,8.848001,8.325196,8.37993,10.938961,10.528763,16.370056,16.385216,20.410732,22.23303,24.25591,24.12353,20.141504,19.370943,15.979631,16.250332,13.473611,13.296718,13.490383,12.73294,15.3262615,15.889009,18.410955,20.597706,20.881365,22.637758,25.878906,27.099161,28.650867,27.632402,24.561108,25.002234,22.694532,24.95463,20.847815,20.79503,21.201614,21.523169,24.128685,21.79994,26.182537,26.87163,28.824627,33.795822,30.563543,33.168022,27.642265,31.515276,28.615068,26.849562,28.366047,24.572334,29.788198,26.060638,29.766348,31.874214,27.264622,23.722551,19.859304,18.779629,14.143001,12.046958,7.9884143,6.716491,4.508152,5.444101,7.0232887,9.670968,12.958036,11.249941,13.556725,12.215743,16.464884,15.836289,22.653294,20.794897,25.869833,29.045996,29.37571,26.052664,28.860924,22.08939,24.500153,21.322088,23.547508
21,13.141242,9.244691,12.483409,8.773707,9.829314,14.016748,13.290295,18.831795,19.728697,24.864883,25.45527,31.46667,28.639942,25.823523,23.018007,19.241604,16.128763,13.459453,9.605221,6.8698964,3.878515,0.0,4.769922,6.994316,9.7070055,10.964774,9.45022,9.896706,10.399398,11.379957,14.138532,14.235024,20.18716,20.215273,24.286568,26.05024,28.102568,27.987497,23.926033,23.118591,19.527754,19.624535,16.137972,15.857302,14.855751,12.852382,15.196438,14.578739,16.923512,18.796106,19.864426,21.845333,24.383482,25.738163,27.949625,27.120186,24.58726,25.37799,23.588966,26.204964,22.646162,22.9427,23.873678,24.123726,27.394487,25.017773,29.67806,30.474958,32.573776,37.47068,34.328537,36.79336,31.268343,34.944668,31.82507,29.890057,31.09028,26.973577,31.873602,27.739943,31.206303,32.89022,28.295952,24.642056,21.261751,19.18562,15.58523,12.493056,8.7273655,6.562997,2.6357956,5.186538,4.0101404,6.0597105,9.351263,8.776717,11.861856,11.2975855,16.20468,16.83993,23.2871,22.260002,27.061611,30.19806,31.069307,27.854183,31.244713,24.575487,27.46197,24.527008,26.971197
22,17.643518,13.946824,17.094412,12.874358,13.685617,17.248941,15.899364,21.340559,21.198715,26.836575,26.620668,32.6437,30.286379,27.234127,25.386475,20.93566,18.467224,15.473926,11.859699,9.441865,5.943221,4.769922,0.0,4.4152894,6.495661,6.760226,7.908287,6.648901,8.911604,9.69317,13.746344,13.502041,20.271738,20.597528,24.596275,26.76456,28.092838,27.69229,23.129528,22.344286,18.026054,18.418833,13.670151,14.373603,11.726606,11.467766,12.347222,12.902519,16.468382,17.123512,17.428698,20.941383,23.122246,23.476988,25.85278,24.491194,22.561749,22.546831,21.024378,22.960888,20.382423,19.986912,21.358091,21.004465,25.336891,22.62943,27.791466,28.86681,31.457888,36.07883,33.632725,35.92866,30.955793,34.59454,31.292143,29.840607,30.704939,26.79,31.53676,27.385796,31.00569,32.633972,28.234158,24.291737,21.043318,18.874647,15.261281,13.08451,8.960386,8.859686,6.1076217,9.7282,8.340228,9.003773,10.940229,9.436678,12.585771,10.252046,16.006262,15.5810795,22.457254,21.440413,26.223598,29.529627,30.266533,26.95667,30.587996,24.050312,26.66824,24.27443,26.240366
23,18.176018,14.987979,19.126335,15.748387,16.628096,20.83602,19.317762,25.114183,25.18152,30.753906,30.794498,36.746445,34.49362,31.522144,29.392561,25.097162,22.48179,19.433933,15.8397455,13.032051,9.728205,6.994316,4.4152894,0.0,4.1576796,6.1102076,8.839261,9.8823595,12.698466,13.928385,17.925222,17.86069,24.68317,24.894903,28.985744,31.078999,32.393867,32.046925,27.411757,26.6721,22.206766,22.582315,17.42029,18.112713,14.479412,13.329231,13.456153,12.761992,16.23104,15.956777,17.100986,21.222233,22.315517,22.498255,25.74821,24.499208,23.46305,23.641453,22.820995,24.895716,23.160734,22.9615,24.80576,24.258018,29.200434,26.401236,31.753057,32.8881,35.66017,40.19357,37.93339,40.131382,35.23951,38.736507,35.27436,33.74908,34.330376,30.213228,34.61893,30.160442,33.524487,34.71247,30.429314,26.421803,23.72624,20.691284,18.184727,15.398332,11.881761,11.319511,8.334082,12.039119,8.980394,8.188291,8.872362,9.053909,12.791656,11.176949,17.315626,17.997126,24.279045,24.09441,28.495552,31.724846,32.946434,29.777176,33.900738,27.548473,30.47709,28.324232,30.385342
24,21.458906,17.983587,21.855017,18.29166,18.38954,22.809078,20.074608,26.08035,25.519138,31.270607,31.13825,36.84077,35.320633,32.46784,30.682465,26.058369,24.038578,20.453815,17.619846,14.431721,11.98513,9.7070055,6.495661,4.1576796,0.0,3.278773,6.700299,9.024705,12.223394,14.265276,17.94269,18.984768,25.477646,26.567377,30.21472,32.706734,33.772453,32.98721,28.294159,27.134668,22.742489,22.361128,16.749334,17.168837,12.597207,11.042498,10.204842,9.377384,13.358023,12.245724,13.154028,17.96288,18.687525,18.457825,21.82895,20.507355,19.910343,20.069027,19.695086,21.943148,20.85187,21.076248,23.446218,23.186615,28.595718,26.25365,31.796318,33.35371,36.09359,40.22635,38.107536,39.830826,35.14782,38.20653,34.427597,32.930756,33.007984,28.806932,32.74822,28.11248,31.298681,32.17838,28.126886,24.03726,21.845821,18.355883,16.711454,14.217493,11.368975,11.853539,10.105135,14.429228,12.069783,10.140334,9.5446,8.141736,11.229472,8.824754,14.991093,15.764179,21.56861,21.931664,25.942942,29.128206,30.609362,27.576893,32.152603,26.163412,29.369219,27.775877,29.931316
25,23.566057,19.905655,23.312477,19.204035,19.25456,23.096039,20.29471,25.967459,24.85325,30.774675,30.127287,35.79153,34.476166,31.508963,30.327782,25.406631,23.773977,20.176668,17.53025,14.745468,12.281138,10.964774,6.760226,6.1102076,3.278773,0.0,7.068073,7.0995197,10.86956,12.571511,16.566029,17.428774,23.9668,25.262316,28.71965,31.406487,32.088192,31.127417,26.307789,25.143982,20.581059,20.30772,14.326259,15.301765,10.089903,10.382795,8.57492,9.64642,14.289282,12.88581,12.544286,18.05173,19.128035,18.223106,21.144833,19.351494,18.754204,18.160765,17.662882,19.289848,18.59753,18.270401,20.738905,20.194988,25.949041,23.542929,29.194548,30.886856,33.775944,37.715927,35.939686,37.575134,33.233376,36.285168,32.51762,31.353561,31.363735,27.443058,31.398539,26.973934,30.337656,31.40486,27.466478,23.310177,20.9762,17.984665,15.876222,14.342117,11.321727,12.761274,11.397042,15.731078,14.032278,12.7566805,12.597653,10.263052,12.759902,9.148387,15.119173,14.582773,20.750536,20.693817,24.791227,28.074236,29.200724,26.084295,30.503956,24.615562,27.46123,26.120502,27.922491
26,21.263435,17.133253,19.769983,15.995322,14.747343,19.271551,14.9426985,21.051619,20.118954,25.775692,25.902216,31.260912,30.400753,27.916214,26.089817,21.43049,20.084013,15.913427,14.482021,10.831972,10.569251,9.45022,7.908287,8.839261,6.700299,7.068073,0.0,6.9290876,8.111676,11.669989,13.541278,16.759174,21.870312,24.204556,27.10428,29.891386,31.259441,30.033209,25.813316,23.92114,20.498156,18.561409,13.911062,12.598532,9.550717,4.7916627,6.5462174,5.3457966,8.807059,10.135088,10.511022,13.039849,15.550576,16.559546,18.516207,17.719269,15.436106,16.579813,15.45239,18.93433,16.276854,17.968626,20.119127,21.282671,25.570452,24.362463,29.502794,31.339273,33.35218,37.281673,34.438957,35.71349,30.645378,33.204918,29.22548,27.275986,27.18521,22.69076,26.531488,21.78666,24.914715,25.91226,21.687292,17.66559,15.366361,11.896507,10.356795,7.640874,5.7132974,7.382297,8.143073,12.42108,12.245209,10.217474,10.13565,5.2065234,6.2779636,2.4406652,8.609329,9.738853,15.494749,15.77877,19.872244,23.015661,24.579374,21.605217,26.255201,20.313484,24.1048,22.565386,25.367085
27,22.832663,18.695032,20.56367,15.665471,15.250432,17.94082,15.006009,19.941687,18.276556,24.280588,23.218359,28.915485,27.624949,24.623745,23.964207,18.795832,17.736816,14.123891,12.195563,10.1873865,8.848001,9.896706,6.648901,9.8823595,9.024705,7.0995197,6.9290876,0.0,4.1001844,5.7779846,9.541032,11.046404,17.019112,18.988243,21.995617,24.911835,25.633432,24.432325,19.815338,18.31445,14.1856,13.354418,7.8553185,8.547618,5.131901,7.5708256,7.7916484,10.996826,15.097818,15.759331,14.296857,17.895945,20.953575,20.765072,21.960001,20.20807,17.701223,16.999796,14.973216,16.598522,13.84801,13.435437,15.050407,15.257533,19.807154,17.849592,23.180515,24.893518,27.331701,31.377947,29.124498,30.814163,26.22342,29.414387,25.81265,24.680658,25.120628,21.455164,26.017946,22.085299,25.89501,27.736242,23.572773,19.568745,16.22376,14.886868,10.719963,10.624335,7.0432634,9.78751,9.711102,13.295875,13.843179,13.969837,15.276566,11.379334,12.773389,8.486145,13.086141,10.356408,17.645222,16.009253,20.843958,24.253408,24.54671,21.163624,24.771297,18.485487,20.93975,19.225904,21.016037
28,22.251106,17.956207,18.815203,13.840082,12.756245,14.941971,11.441625,16.073856,14.204956,20.214048,19.267962,24.950422,23.75384,20.90158,20.189281,14.975505,14.314314,10.453218,9.562632,7.875048,8.325196,10.399398,8.911604,12.698466,12.223394,10.86956,8.111676,4.1001844,0.0,4.173539,5.8043647,9.187658,13.945445,16.675034,19.222866,22.23751,23.317564,21.949142,17.768967,15.813888,12.606773,10.663275,6.8017497,5.604768,5.975278,7.066749,9.260812,12.137613,15.261566,17.186464,15.72109,17.608566,21.605371,22.164492,22.542847,21.168037,17.594584,17.44984,14.706315,16.897095,12.531732,12.961286,13.834362,15.140919,18.207182,17.017252,21.789936,23.48816,25.314415,29.421488,26.49025,28.108532,23.05029,26.164392,22.590351,21.12075,21.822222,18.060472,22.955479,19.210396,23.134445,25.332048,21.000137,17.23367,13.342407,12.974358,7.6895614,8.29468,5.042185,8.283064,9.507831,12.193779,14.139721,14.643844,16.407282,12.014089,12.53725,8.865725,11.829135,8.547043,15.89917,13.503034,18.65383,22.00212,22.018755,18.588112,21.769756,15.202523,17.819431,15.691878,17.954748
29,22.734627,18.703506,19.191471,13.903902,13.715588,14.4899645,12.817388,16.273773,14.410163,20.274685,18.67059,24.594898,22.713245,19.466297,19.382862,14.145951,13.361229,10.519314,8.8894825,8.929877,8.37993,11.379957,9.69317,13.928385,14.265276,12.571511,11.669989,5.7779846,4.173539,0.0,5.3445783,5.384535,11.407162,13.291777,16.233788,19.149931,19.909456,18.804546,14.291502,12.918459,8.99976,8.769583,5.196991,6.4234247,7.61816,11.159357,12.549586,15.965083,19.362082,20.948118,19.266088,21.674849,25.581577,25.740921,26.115181,24.410343,21.02027,20.14442,17.221115,18.235956,14.099182,12.902074,12.9408045,13.271814,16.031569,13.969807,18.725563,20.067497,22.220154,26.663557,24.056755,26.23875,21.432463,25.198921,22.13538,21.231462,22.510088,19.463604,24.722668,21.625826,25.749725,28.324518,24.101055,20.531666,16.357351,16.830545,11.100957,12.1901655,8.720488,11.050848,11.289026,13.167416,15.170357,16.707531,19.00271,15.330364,16.391756,12.814756,15.971253,12.116655,19.406229,16.323952,21.54829,24.874205,24.236053,20.725975,23.003525,16.43969,17.865248,15.357765,16.722445
30,23.889427,19.771803,19.031492,14.097345,12.723349,12.64177,9.740586,12.159371,9.397629,15.340621,13.726864,19.516388,18.213745,15.306225,15.420525,9.968498,10.527282,7.3238935,8.488991,9.050442,10.938961,14.138532,13.746344,17.925222,17.94269,16.566029,13.541278,9.541032,5.8043647,5.3445783,0.0,6.728331,8.571852,12.505494,14.090994,17.31954,18.533136,16.904713,13.3845,10.931406,9.358486,6.2201457,6.709177,4.375002,9.661672,11.457954,14.085086,17.157652,19.491138,22.143026,20.349524,20.941662,25.71237,26.57688,25.973019,24.721994,20.308395,20.086872,16.578197,18.310606,12.571118,12.850731,12.077258,14.249983,14.793374,14.463252,18.134274,19.659386,20.70612,24.909702,21.29687,23.053019,17.586267,20.964722,17.787333,16.342659,17.848915,14.725716,20.261814,17.53993,21.67841,24.631485,20.400084,17.325798,12.769612,14.65516,8.423807,10.741238,8.909208,11.396388,13.181191,14.176427,17.438988,18.792206,21.096054,16.807287,16.72492,13.807509,14.839549,10.60959,16.993526,13.113565,18.345055,21.44368,20.443546,17.014273,18.665255,11.9472065,13.612398,10.6138735,12.894992
31,23.354399,19.780552,19.170128,14.022421,14.495025,13.065927,13.65915,15.099343,13.529477,18.668192,16.531343,22.562956,19.675915,16.094877,16.669577,11.866486,11.107781,10.118105,8.582491,10.874429,10.528763,14.235024,13.502041,17.86069,18.984768,17.428774,16.759174,11.046404,9.187658,5.384535,6.728331,0.0,7.5210376,8.007586,11.397363,14.032671,14.811279,14.190733,9.755349,9.249397,5.669397,7.8530364,7.9339,9.53191,12.504772,16.21848,17.869188,21.23718,24.34496,26.262701,24.592024,26.567184,30.762947,31.04662,31.135635,29.420628,25.743103,24.698519,21.44803,21.845287,17.338585,15.380174,14.053095,13.95376,14.659173,12.136003,15.831164,16.38387,18.35696,23.371693,20.587776,23.564774,18.75412,23.281408,21.09695,20.591036,22.770262,20.571518,26.202776,23.974693,28.17346,31.23181,27.085398,23.96399,19.4586,20.977749,14.831891,16.23056,13.033814,14.509674,14.483305,14.85841,17.475052,20.039824,22.93189,19.813164,20.938128,17.882893,20.539421,16.510313,23.387985,19.573101,24.77357,27.9139,26.577744,23.129314,24.100185,17.734785,17.866356,14.621738,15.119995
32,27.332657,23.923079,21.725262,17.328796,16.849016,13.447867,14.073984,12.306384,9.741746,13.411913,10.080956,15.715281,12.899142,9.323077,11.96312,7.726648,9.653516,10.2560835,11.8426285,14.842644,16.370056,20.18716,20.271738,24.68317,25.477646,23.9668,21.870312,17.019112,13.945445,11.407162,8.571852,7.5210376,0.0,6.0895133,5.601951,9.134069,10.247678,8.70952,6.5774884,4.64745,7.087285,6.689269,11.813089,11.569321,16.99762,20.023558,22.328701,25.71573,27.97019,30.704172,28.71136,29.14482,34.128582,34.880554,33.853764,32.446636,27.88774,27.116447,23.321333,23.763323,18.155273,16.948013,14.243232,15.707512,12.564173,12.389509,13.451249,13.815575,13.8278675,18.71551,14.469212,17.482859,11.965062,16.748072,15.40059,15.012842,18.132036,17.10379,22.77956,21.910755,25.926619,29.5643,25.806435,23.629456,19.06175,22.320501,16.269188,18.804953,17.073572,18.625563,19.781836,19.275143,22.981174,25.470901,28.398077,24.759192,24.905968,22.316233,23.07124,18.607204,24.033524,19.3381,24.015154,26.638529,24.388096,21.307365,20.441357,14.936554,13.657763,9.693429,9.712021
33,25.778606,23.02239,20.781466,16.70603,17.566977,13.386265,16.63767,14.89386,14.165597,17.09214,14.572188,20.019815,15.535562,11.834164,13.495773,10.753073,10.488445,12.601014,12.219607,16.002384,16.385216,20.215273,20.597528,24.894903,26.567377,25.262316,24.204556,18.988243,16.675034,13.291777,12.505494,8.007586,6.0895133,0.0,5.0822015,6.2999263,7.993095,8.835842,6.7061944,8.117498,8.626536,11.603243,14.98792,15.946042,20.191944,23.460005,25.607851,28.746082,31.328081,33.823135,32.246246,33.37443,37.99049,38.644936,38.30292,36.7465,32.594223,31.667116,28.090378,28.22748,23.219229,21.194279,18.674513,18.683176,16.265402,14.293825,15.084538,14.093539,14.811901,20.430847,16.966463,21.04261,16.322319,21.566196,20.973507,20.834808,24.143892,23.134926,28.84238,27.800299,31.827301,35.37513,31.4331,29.033855,24.388334,26.96796,20.765064,22.333647,19.72942,20.43559,20.495525,19.289335,22.561657,25.883614,29.25189,26.589762,27.53533,25.157675,27.023783,23.095945,29.195164,24.79203,29.694613,32.44517,30.392141,27.239973,26.52718,20.947016,19.655716,15.755331,15.245121
34,29.847824,26.99017,24.23886,20.402752,20.532833,15.978029,18.367916,15.231089,13.629477,15.369316,11.860078,16.388123,12.340493,8.866015,12.678936,10.637582,12.256383,14.491476,15.646624,19.253439,20.410732,24.286568,24.596275,28.985744,30.21472,28.71965,27.10428,21.995617,19.222866,16.233788,14.090994,11.397363,5.601951,5.0822015,0.0,3.8963015,5.0659537,4.75311,5.678319,6.4414377,10.019228,11.5693245,16.68112,17.066395,22.193064,25.541336,27.746576,31.169226,33.46082,36.190067,34.22218,34.73363,39.72229,40.424686,39.387897,37.90015,33.38403,32.404964,28.596146,28.531923,23.238129,21.438942,18.291115,19.019419,14.625906,14.152069,13.206912,12.184678,11.363014,16.700005,12.416498,16.558567,11.899245,17.223043,17.399052,17.689606,21.358397,21.31323,26.738222,26.606277,30.453087,34.268368,30.721424,28.8598,24.35482,27.832462,21.826641,24.19413,22.319141,23.446249,24.191866,23.061712,26.733068,29.748396,32.96015,29.761686,30.138956,27.701275,28.600039,24.202414,29.457413,24.643482,29.088428,31.50859,28.87337,26.016409,24.21134,19.53925,17.239643,13.51501,12.237935
35,30.091352,27.708649,24.576746,21.304667,21.86411,16.71443,20.329433,16.641874,16.037428,16.829218,13.969851,17.977415,12.913184,9.8438225,13.076941,12.489205,13.409432,16.535011,17.318348,21.233427,22.23303,26.05024,26.76456,31.078999,32.706734,31.406487,29.891386,24.911835,22.23751,19.149931,17.31954,14.032671,9.134069,6.2999263,3.8963015,0.0,4.4949117,6.5434737,8.610907,10.219489,13.25914,15.372741,20.152054,20.618004,25.592335,28.682589,31.05244,34.213448,36.42144,39.276535,37.564915,38.01369,42.97476,43.835297,42.97136,41.540504,37.01988,36.15946,32.372044,32.366123,27.076422,25.241371,22.120005,22.549276,18.175953,17.343348,15.920643,14.161726,13.098,18.40183,14.279765,18.779158,14.567898,19.773523,20.545683,20.76496,24.640455,24.687956,30.07035,30.040007,33.786274,37.6175,34.028297,32.260666,27.730614,31.096266,25.086754,27.041893,25.034533,25.67898,26.12781,24.446482,28.09426,31.471094,34.90577,32.15167,32.72807,30.600801,31.679966,27.643232,32.946857,28.208536,32.661747,35.02154,32.42576,29.637907,27.66399,23.113813,20.849794,17.040104,15.832258
