,0,1,2,3,4,5,6,7,8,9,10,11,12,13,14,15,16,17,18,19,20,21,22,23,24,25,26,27,28,29,30,31,32,33,34,35,36,37,38,39,40,41,42,43,44,45,46,47,48,49,50,51,52,53,54,55,56,57,58,59,60,61,62,63,64,65,66,67,68,69,70,71,72,73,74,75,76,77,78,79,80,81,82,83,84,85,86,87,88,89,90,91,92,93,94,95,96,97,98,99,100,101,102,103,104,105,106,107,108
0,0.0,4.1608505,6.177329,9.653994,12.068765,13.809696,17.287529,19.89017,23.143538,25.405798,28.765915,30.786488,33.308796,30.531982,33.800167,29.941359,29.25692,29.458643,26.396255,31.742405,31.480076,33.34011,36.214493,37.351807,38.07624,37.3414,37.065796,38.109173,35.870453,39.99514,34.230743,40.508907,36.47235,38.157085,35.504974,32.049656,30.575258,32.343025,29.812025,27.207212,26.578892,28.028294,25.852703,21.832253,23.631355,24.632732,19.112537,17.746593,19.986094,21.32945,25.810484,22.370102,25.603397,28.131216,29.2466,31.788698,29.896563,34.05525,35.294903,31.6496,33.02181,38.033447,41.317005,41.737213,37.39143,36.732662,42.040634,41.815342,37.299107,40.02637,43.214752,41.19977,37.623905,40.715908,36.5819,39.109615,35.808125,31.90705,31.237663,26.509783,23.975311,20.97883,19.92186,23.198164,26.023504,27.747585,31.24154,35.282276,38.660877,42.23163,43.65756,45.927902,45.25714,42.955574,42.493816,41.05829,36.041805,36.089825,29.781836,30.674046,26.154264,22.908909,24.308855,27.289228,27.595482,30.834446,33.455517,35.45051,39.19512
1,4.1608505,0.0,5.1334295,6.2865224,9.008834,12.019637,14.236017,17.831015,20.596643,23.225897,26.572453,28.544764,30.724663,27.758516,30.449686,26.621244,25.60208,25.780064,22.379948,27.775738,27.433521,29.225975,32.216103,33.344936,34.04996,33.332756,33.25308,34.3873,32.356514,36.568478,31.101213,37.612602,33.93714,35.839878,32.875526,29.24709,28.22387,30.145487,27.150333,24.419792,24.493116,25.638292,22.977228,19.31595,21.730242,22.092686,16.04968,15.6053505,18.244635,20.021982,23.980152,20.060028,24.10446,26.578268,27.123068,29.189627,27.105455,31.151321,32.875206,29.507227,30.268799,35.483173,38.662964,39.44401,35.159634,34.14098,39.28645,38.89982,34.247826,36.95995,39.96652,37.825745,34.242798,37.20117,33.263367,35.68262,32.272053,28.585922,27.743704,23.252886,20.463259,17.586721,16.10403,19.407848,22.420555,23.893337,27.560253,31.457481,34.81725,38.378654,39.693745,41.897984,41.16049,38.827766,38.33543,36.910652,31.888258,32.02244,25.727316,26.685019,22.20867,19.017418,20.651686,23.515404,24.290358,27.13588,30.029896,31.972168,35.833355
2,6.177329,5.1334295,0.0,5.473716,6.614328,7.8116965,11.57821,13.721317,17.141249,19.231924,22.64637,24.611814,27.191664,24.478634,28.136274,24.398592,24.075514,24.64392,22.327652,27.795273,28.304369,30.369837,33.688618,33.805008,34.145103,33.030598,32.46515,33.084805,30.684383,34.55271,28.719059,34.8331,30.487822,32.40256,30.00845,26.408943,24.825022,27.059357,24.707287,21.825457,21.315796,23.647728,21.271742,16.919003,19.324612,21.286324,15.49098,13.894019,17.324102,18.032955,22.485224,20.173721,23.670807,25.456833,26.773033,29.079386,26.442427,30.692373,32.337814,28.112673,28.872679,34.173775,37.12879,37.65403,32.993195,31.992874,37.303555,36.775322,32.502808,35.79532,38.5808,36.315334,33.186882,36.804474,32.759136,35.81931,32.67414,28.79901,28.866835,24.03684,21.824385,19.712576,17.462534,20.029877,22.12837,24.614851,27.1282,31.769627,34.743965,38.50756,39.76161,42.291443,41.531708,39.244583,39.147663,37.750202,32.86281,32.534092,26.963783,26.93901,22.888678,19.794823,20.304373,23.12396,22.591795,25.89977,28.192022,30.0028,33.683537
3,9.653994,6.2865224,5.473716,0.0,3.782242,7.2192564,8.274315,12.554405,14.614409,17.744402,20.814425,22.97059,24.853523,21.935232,24.499094,20.436768,19.718437,19.825651,17.190285,22.51952,22.88666,25.033297,28.248312,28.429342,28.911556,28.032784,27.505846,28.478823,26.23079,30.40547,24.820913,31.332403,27.821287,29.74644,26.676306,22.986849,22.146818,24.212984,21.060974,18.199398,18.683676,20.037388,17.062815,13.409392,16.508635,17.165743,10.758606,10.666371,14.346163,15.884137,19.37875,16.231682,20.725147,22.544157,22.993597,24.707445,21.984646,26.069597,28.214876,24.53724,24.656528,30.114302,33.04649,34.00969,29.57915,28.235117,33.329784,32.76547,28.197336,31.234764,33.99878,31.742886,28.380558,31.709728,27.803501,30.651886,27.394508,23.69497,23.574957,18.960087,16.573229,14.741263,12.062304,14.585493,16.910955,19.156862,21.952868,26.384724,29.463047,33.175922,34.48112,36.958744,36.30847,34.125965,34.096313,32.88519,27.952108,28.078968,22.616858,22.75867,18.965523,16.115055,17.118156,19.53216,19.93366,22.141884,25.056293,26.508595,30.529766
4,12.068765,9.008834,6.614328,3.782242,0.0,5.4386864,5.368717,9.452563,11.915863,14.528633,17.935177,19.733149,21.764214,18.751019,21.747118,18.147024,17.521692,18.399712,16.15444,21.765965,22.72562,24.786999,28.51921,27.947449,27.985306,26.62304,26.173124,26.622993,24.439943,28.274572,22.863474,29.24646,25.261017,27.684822,24.98872,21.009037,20.122454,22.916492,19.977522,16.695425,17.518913,19.90986,16.67047,12.847379,16.623407,18.140846,11.752326,11.684841,16.097279,16.970072,20.32137,18.182222,22.649458,23.882736,24.473951,25.904652,22.62239,26.647316,29.173464,25.128984,24.590506,30.268955,32.839073,33.933655,29.25319,27.521717,32.53694,31.580347,27.284023,30.891867,33.13435,30.52056,27.696114,31.428507,27.775846,30.970018,27.815405,24.357523,24.65398,20.292564,18.070614,16.928429,13.369515,15.151597,16.847057,19.47072,21.44836,26.242228,28.88162,32.732445,33.69991,36.280254,35.36135,33.038254,33.120415,31.760855,27.004574,26.521557,21.592495,20.964504,17.435682,14.681666,14.728367,17.17193,16.710293,19.443323,21.931849,23.552572,27.388517
5,13.809696,12.019637,7.8116965,7.2192564,5.4386864,0.0,6.1857505,6.4999413,9.693609,11.985797,15.014066,17.35296,19.895262,17.54087,21.807318,17.890654,18.615229,19.283022,18.851927,23.81658,25.50457,27.983494,31.461943,30.124548,30.054321,28.624918,27.21936,27.337137,24.441381,27.95308,21.736134,27.436558,22.822548,24.66617,22.589191,19.047539,17.135681,19.713785,17.816225,14.788271,14.080447,17.659552,15.415539,10.647572,13.580887,17.139399,12.107274,9.8769455,14.470962,13.97303,17.980019,17.824682,21.038048,21.615206,23.300425,25.340044,21.872849,26.108593,27.99715,23.027647,23.163494,28.581804,31.08689,31.588682,26.605217,25.33673,30.641758,29.883469,26.050262,29.973873,32.360325,29.99023,27.4463,31.768734,27.770273,31.561314,28.86866,25.0021,26.331913,21.468504,20.221106,19.58712,16.383823,17.4488,17.966541,21.7223,22.419397,27.855122,30.21804,34.12413,35.355225,38.29454,37.683693,35.673748,36.278625,35.18673,30.624804,30.129486,26.004389,24.71775,21.852978,19.413929,18.698622,20.77175,19.043533,21.697186,23.512592,24.546488,28.220726
6,17.287529,14.236017,11.57821,8.274315,5.368717,6.1857505,0.0,6.1343265,6.9593377,10.158654,13.190694,15.061773,16.670767,13.668077,16.612621,12.903289,12.788146,13.932225,13.092964,18.321672,20.23029,22.510544,26.421993,24.70292,24.360783,22.701277,21.772669,21.833702,19.441385,23.0775,17.634268,23.962023,20.04954,22.69994,20.010159,15.846206,15.2645645,18.52283,15.524151,11.942606,13.606185,16.54398,12.988554,9.588608,14.182221,16.142748,10.468189,10.928854,15.742048,16.07294,18.476446,17.602205,22.030367,22.426317,22.885038,23.778107,19.868525,23.67745,26.65361,22.413773,20.938902,26.757729,28.885832,30.209,25.425442,23.21914,28.039307,26.75869,22.708378,26.795025,28.555986,25.72223,23.386038,27.556862,24.137743,27.769651,24.912466,21.705166,22.81745,18.780972,17.236153,17.363316,13.116146,13.42532,13.78457,17.197598,17.712835,23.011585,25.111801,29.06459,29.899584,32.73395,31.84968,29.693935,30.273588,29.133278,24.688507,24.064362,20.431847,18.768902,16.404621,14.432375,13.459381,15.050403,13.843365,15.707173,17.98984,18.983574,22.92291
7,19.89017,17.831015,13.721317,12.554405,9.452563,6.4999413,6.1343265,0.0,4.858769,5.5434074,9.06933,10.935186,13.708069,11.483714,16.757442,13.733987,15.193971,16.906977,17.889637,22.467075,25.146902,27.52004,31.457159,28.823559,28.069233,25.994041,24.413185,23.609085,20.72838,23.43609,17.582441,22.705112,17.331589,20.014338,18.710058,14.852191,12.867854,16.817593,15.518703,12.041724,12.123029,17.300165,14.886246,10.837288,14.486572,18.80154,14.632035,13.222771,18.003918,16.802357,19.685629,20.976124,24.123306,23.700502,25.280565,26.615635,22.429354,26.253147,28.733503,23.50878,22.351015,27.8488,29.578556,30.347336,25.152317,23.175356,28.088276,26.658756,23.514894,28.283152,29.684366,26.831253,25.36187,30.24893,26.815277,31.073801,28.740915,25.432621,27.472185,23.26031,22.451332,22.87036,18.871006,18.70889,17.986034,22.166025,21.23109,27.014807,28.50458,32.475388,33.224483,36.33832,35.47069,33.463196,34.446167,33.349197,29.313324,28.118149,25.427345,22.903673,21.134007,19.378075,17.266373,18.68466,15.411388,18.053782,18.868713,19.598677,22.871717
8,23.143538,20.596643,17.141249,14.614409,11.915863,9.693609,6.9593377,4.858769,0.0,4.817865,6.4405065,9.054025,10.605812,8.478332,12.937602,9.253427,11.495306,12.801658,15.16859,18.858051,22.060356,24.614904,28.333303,25.05627,24.20985,22.209526,20.064857,19.237608,16.067379,18.850615,12.757931,18.12831,13.418002,16.063221,14.178055,10.1145935,8.780074,12.949264,11.183287,7.535998,8.960762,13.879481,11.233711,8.362811,12.435783,16.255045,13.095416,12.59448,17.064749,15.950555,17.515127,19.328588,22.55415,21.635426,22.71893,23.44887,18.975367,22.451263,25.302763,20.317957,18.286268,23.811815,25.24166,26.331017,21.243683,18.81451,23.508791,21.919857,18.79365,23.72251,24.880772,21.991055,20.70968,25.752419,22.50859,26.937292,24.874716,21.836792,24.384516,20.603481,20.35829,21.62644,17.553665,16.403055,14.674377,19.199934,17.193659,23.118689,24.268854,28.202034,29.010315,32.274143,31.62847,29.91544,31.306463,30.557533,26.778067,25.938187,24.155369,21.321634,20.477007,19.357594,17.2821,17.847408,15.02383,15.931501,16.981892,16.719055,20.298319
9,25.405798,23.225897,19.231924,17.744402,14.528633,11.985797,10.158654,5.5434074,4.817865,0.0,4.2974815,5.392309,8.425178,6.7925215,13.233619,11.426003,13.830784,16.199596,18.665384,22.363916,25.810482,28.080158,32.13692,28.42492,27.128475,24.614492,22.722067,21.061937,18.195288,19.899384,14.599407,18.701748,12.635398,16.106895,15.749543,11.951788,10.040394,15.02228,14.552515,11.255428,11.999459,17.86612,15.707884,12.901608,16.37384,20.894506,17.842234,16.920069,21.409006,19.797888,21.661026,24.020609,26.890186,25.716314,27.190578,27.96544,23.426777,26.71694,29.507896,24.273321,22.152256,27.391504,28.36714,29.30391,24.132399,21.64379,25.979185,23.99828,21.71025,27.04618,27.532194,24.385767,24.005764,29.255695,26.400629,30.95199,29.076687,26.314125,28.953148,25.367886,25.050385,26.237734,21.998915,20.923185,19.179272,23.514305,21.130545,26.95365,27.600681,31.48171,31.865284,35.112007,34.142574,32.288696,33.691097,32.722153,29.294455,27.673016,26.437344,22.99727,22.3931,21.363739,18.406431,18.992386,14.666279,16.644127,16.34404,16.38035,19.109232
10,28.765915,26.572453,22.64637,20.814425,17.935177,15.014066,13.190694,9.06933,6.4405065,4.2974815,0.0,3.8756282,5.9442873,6.15506,12.323948,10.54376,14.074339,15.867766,19.74003,22.363438,26.249187,28.693495,32.3795,28.04531,26.663338,24.256739,21.584318,19.686226,16.387793,17.536833,12.010829,15.04931,8.658108,11.886087,12.154455,8.971224,6.617525,11.82306,12.33347,9.785296,10.283459,16.331905,14.910852,13.027416,15.75602,20.528933,18.8493,17.867947,21.828304,19.809153,20.84835,24.290644,26.558834,24.758133,26.329128,26.898499,22.296059,25.206774,27.845163,22.537655,20.13933,24.926033,25.46092,26.272467,21.160936,18.618938,22.664505,20.609442,18.992476,24.52194,24.717596,21.751457,21.923828,27.423954,24.720367,29.525698,28.1538,25.550524,28.84134,25.497562,25.851248,27.581757,23.576769,21.886765,19.297302,23.94639,20.473087,26.327051,26.52427,30.248556,30.754148,34.18831,33.530796,32.078224,33.949055,33.345657,30.262857,28.921482,28.501429,24.85078,24.937447,24.292412,21.405521,21.443232,17.334475,18.039011,17.517117,16.467533,18.996813
11,30.786488,28.544764,24.611814,22.97059,19.733149,17.35296,15.061773,10.935186,9.054025,5.392309,3.8756282,0.0,4.073893,4.7514915,11.543852,11.593745,14.629828,17.338465,20.925213,23.616308,27.59936,29.70148,33.738503,29.131786,27.356987,24.512436,22.373734,19.865566,17.20383,17.541992,13.398311,15.737388,9.025036,13.41562,14.397214,11.236776,9.802103,15.091552,15.560884,12.956631,14.10607,19.919245,18.173994,16.517548,19.559164,24.003937,21.893272,21.289198,25.43682,23.580265,24.623632,27.733072,30.299019,28.556759,29.91726,30.210972,25.541933,28.231552,31.19232,26.12416,23.256552,27.998734,28.189888,29.249134,24.307632,21.44462,24.948088,22.443386,21.242807,26.913443,26.422451,23.089966,23.904766,29.31475,27.125074,31.805338,30.422508,28.235403,31.318535,28.348232,28.435232,30.170135,25.872469,24.170147,21.716175,25.969843,22.436096,28.021776,27.830904,31.491983,31.502794,34.805817,33.764618,32.122364,33.91257,33.099922,30.356949,28.393372,28.530851,24.427813,24.861984,24.45457,20.9994,20.853956,15.979468,17.083876,15.585769,14.752264,16.54495
12,33.308796,30.724663,27.191664,24.853523,21.764214,19.895262,16.670767,13.708069,10.605812,8.425178,5.9442873,4.073893,0.0,3.672611,8.50322,9.532791,12.8321085,15.452465,19.79512,21.567608,25.840122,27.84632,31.726269,26.59802,24.600058,21.698488,19.349022,16.484152,13.989475,13.700284,10.460128,12.284251,6.2417827,11.46726,12.233239,9.248001,9.281947,14.359696,14.536182,12.366768,14.6010685,19.505566,17.667393,17.170486,20.251722,23.87386,22.333057,22.444113,26.301235,24.71576,24.877539,27.961374,30.664259,28.721241,29.539618,29.233929,24.537653,26.694233,30.01271,25.480097,21.793825,26.31299,26.05257,27.529509,22.942194,19.585072,22.421185,19.531162,18.6915,24.40595,23.288174,19.768265,21.190676,26.519114,24.86579,29.461214,28.348387,26.689264,29.929798,27.584484,27.930105,30.145819,25.868898,23.626167,20.697847,24.71315,20.464485,25.724293,25.01919,28.50605,28.325249,31.641382,30.647367,29.22143,31.303425,30.729847,28.405626,26.573212,27.622217,23.297014,24.523346,24.635551,21.24974,20.44891,16.106968,15.720172,14.152008,12.271417,14.002629
13,30.531982,27.758516,24.478634,21.935232,18.751019,17.54087,13.668077,11.483714,8.478332,6.7925215,6.15506,4.7514915,3.672611,0.0,7.0274353,7.6577377,10.17347,13.378207,16.857069,19.365166,23.3867,25.29298,29.466879,24.776188,22.862991,19.88634,18.143986,15.610297,13.397871,14.092123,10.633253,14.299899,9.149923,14.091647,13.624708,9.681484,10.114117,15.348941,14.379448,11.468178,14.409546,19.030134,16.428259,15.651505,19.434278,22.54004,20.100256,20.63974,24.794691,23.677557,24.125214,26.285955,29.603441,28.12452,28.63535,28.30809,23.59806,26.01004,29.618746,25.265844,21.556166,26.591932,26.760435,28.485168,23.8273,20.373602,23.581066,20.7999,19.05768,24.614342,23.852314,20.145018,20.878885,26.001068,24.202545,28.586496,27.021479,25.293213,28.02971,25.631882,25.51393,27.500288,23.020597,21.01571,18.568455,22.329727,18.79942,24.086166,23.779444,27.454212,27.219044,30.407742,29.191858,27.436335,29.17161,28.35645,25.695675,23.772678,24.294338,20.070972,20.989622,20.999432,17.620552,16.95824,12.700743,12.647971,11.569204,10.39218,12.92578
14,33.800167,30.449686,28.136274,24.499094,21.747118,21.807318,16.612621,16.757442,12.937602,13.233619,12.323948,11.543852,8.50322,7.0274353,0.0,5.6148353,6.4855375,9.820371,13.760022,14.59932,18.88818,20.369228,24.437538,19.073536,16.693913,13.4460335,12.092919,9.006235,8.142912,8.585815,8.322349,12.48404,11.09093,15.673492,13.800328,10.251047,13.19937,17.25721,14.977539,12.768644,17.414726,19.829224,16.67161,17.807482,21.767193,22.804773,20.830923,22.901005,26.520142,26.255169,25.45047,26.676937,30.593664,29.211077,28.47442,27.005335,22.484804,23.936583,28.377243,25.406101,20.382383,25.170801,24.878237,27.560287,23.75013,19.566088,21.588245,18.348618,16.478973,21.537634,19.836483,15.639247,16.905972,21.328417,20.680107,24.450584,23.021238,22.47234,24.884352,23.873142,23.8313,26.47505,22.098473,19.336178,16.567223,19.196531,15.031993,19.257502,18.166307,21.587877,20.788294,23.8324,22.441374,20.799862,22.833363,22.321615,20.323439,18.671844,20.802025,16.368362,18.79478,19.853138,16.96157,15.026128,12.781545,9.2457695,8.98347,5.6472073,9.170328
15,29.941359,26.621244,24.398592,20.436768,18.147024,17.890654,12.903289,13.733987,9.253427,11.426003,10.54376,11.593745,9.532791,7.6577377,5.6148353,0.0,4.4974656,5.9218936,10.934528,12.194642,16.440838,18.719988,22.358564,17.619398,16.122845,13.834263,11.310406,9.996413,7.11881,10.183216,5.816218,12.352068,10.925572,14.235623,10.973592,6.7367363,9.766334,13.277269,10.040421,7.5212965,12.620522,14.484327,11.090917,12.399236,16.368963,17.223402,15.494108,17.5339,20.9611,20.81038,19.919811,21.134476,24.99171,23.713717,23.038605,21.884073,17.275988,19.241058,23.470694,20.224834,15.599936,20.87774,21.292933,23.736563,19.619503,15.7226,18.803883,16.274618,13.195695,18.226944,17.910696,14.235102,13.905456,18.743483,16.927954,21.080776,19.399761,17.966331,20.689192,18.923002,19.152498,21.818716,17.669922,14.829416,11.709407,15.294369,11.1734085,16.48821,16.427399,20.229183,20.48161,23.806824,23.113583,21.710222,23.712908,23.45562,20.538889,20.021673,20.547638,17.062407,18.402477,18.824974,16.819084,15.551526,14.196377,11.242342,12.773306,10.533013,14.594745
16,29.25692,25.60208,24.075514,19.718437,17.521692,18.615229,12.788146,15.193971,11.495306,13.830784,14.074339,14.629828,12.8321085,10.17347,6.4855375,4.4974656,0.0,4.71536,7.361064,9.414428,13.302165,15.127129,19.36509,15.078321,13.474001,10.905002,10.078311,9.320301,8.268893,11.724499,9.54642,15.9858055,15.140133,18.65919,15.191186,11.1366205,14.099254,17.406727,13.512432,10.874319,16.113113,17.144703,13.023309,14.356342,18.825903,18.426968,15.590556,18.644281,22.140675,22.775698,21.999376,21.67678,26.383629,25.730661,24.37195,22.852985,18.539225,20.362356,25.055656,22.5846,17.844898,23.241879,23.874657,26.71683,22.951982,19.028347,21.8123,19.324108,15.781412,20.057795,19.69388,15.876365,15.055491,18.939766,17.585695,20.947292,18.696676,17.786095,19.41275,18.266712,17.689655,20.19178,15.772912,13.072627,10.930001,13.162043,10.364409,14.862037,15.078988,18.918922,18.720238,21.665594,20.467537,18.546394,20.055777,19.479343,16.304924,15.682358,16.09982,12.6438675,14.242062,15.060782,13.3527775,11.672164,11.740055,7.725574,10.617874,9.118271,13.651246
17,29.458643,25.780064,24.64392,19.825651,18.399712,19.283022,13.932225,16.906977,12.801658,16.199596,15.867766,17.338465,15.452465,13.378207,9.820371,5.9218936,4.71536,0.0,6.58946,6.5526986,10.717497,13.322328,16.597918,12.356563,11.569585,10.313208,7.9500256,9.009292,7.033323,11.782846,8.759981,15.534685,16.10415,18.34432,13.866597,10.562083,13.908073,15.799222,11.1501255,9.469534,14.828381,14.040817,9.952282,12.704663,16.586853,14.888344,13.250001,16.816156,19.492107,20.490578,18.81824,18.297403,22.913315,22.239923,20.317862,18.39275,14.229954,15.768576,20.621307,18.781858,13.808185,19.142767,20.043047,23.056456,19.683924,15.883361,18.667824,16.722223,12.413717,16.020113,16.415741,13.137754,11.090229,14.836959,13.0305,16.430689,14.17292,13.130279,15.158458,14.207664,14.319246,17.431063,13.658508,10.211752,7.021445,9.62516,5.760156,10.923888,11.691308,15.665778,16.363852,19.554676,19.195398,17.905676,19.763437,19.846807,16.525616,17.37411,17.437262,15.08126,16.436548,17.132027,16.537859,15.043856,16.114326,11.9725685,15.214858,13.279644,17.679478
18,26.396255,22.379948,22.327652,17.190285,16.15444,18.851927,13.092964,17.889637,15.16859,18.665384,19.74003,20.925213,19.79512,16.857069,13.760022,10.934528,7.361064,6.58946,0.0,6.1335497,7.671672,9.643546,14.010523,12.134587,11.941516,10.974739,11.652604,13.316357,13.007119,17.385355,15.183319,21.982273,21.830692,24.528254,20.199295,16.521544,19.166523,21.370626,16.509583,14.214688,19.039278,18.13518,13.536195,15.061702,19.450832,16.75648,12.901589,17.40966,20.269602,22.262539,21.44389,18.608042,24.317871,24.762564,22.388594,20.643553,17.19996,19.059208,23.863138,22.582747,18.51808,23.922874,25.424831,28.418297,25.165081,21.786684,24.759407,23.097528,18.500837,21.185293,22.023205,18.968824,16.292318,18.570536,16.88912,18.954056,15.684149,14.768316,14.486115,13.774642,11.980643,14.150799,9.892561,7.522765,7.7746468,7.458694,8.796541,11.854067,13.889512,17.578812,17.909636,20.239166,19.225836,17.072205,17.607561,16.971504,12.546138,13.643731,11.596482,10.546578,10.818332,11.466399,12.228606,11.042777,14.354875,10.81321,15.312942,15.0546255,19.497002
19,31.742405,27.775738,27.795273,22.51952,21.765965,23.81658,18.321672,22.467075,18.858051,22.363916,22.363438,23.616308,21.567608,19.365166,14.59932,12.194642,9.414428,6.5526986,6.1335497,0.0,4.633248,7.0783753,10.170763,6.402132,6.535449,7.041628,6.974627,10.173669,10.593503,14.938978,14.308116,20.280418,22.146742,24.145847,19.393452,16.758345,20.295902,21.497194,16.59097,15.54781,20.647001,18.313072,14.3736725,17.633324,21.168003,17.399384,15.84044,20.48891,22.364376,24.366657,22.152517,19.782324,24.964478,24.952343,21.74963,18.85202,15.840654,16.268242,21.560808,21.617004,16.59169,21.131151,22.08715,25.67464,23.374973,19.75641,21.532335,19.921488,15.497059,17.139906,17.483894,14.735466,11.986276,13.131016,12.610438,13.960656,11.084258,11.828413,11.894138,13.25373,12.823876,16.17128,13.240687,9.752743,8.207843,6.5287623,5.3594036,6.260389,7.798439,11.446373,12.007813,14.56693,14.243345,12.951308,14.459228,14.97398,11.616589,14.173649,14.525438,13.585328,15.491351,16.897148,17.630323,15.682414,18.940767,13.865414,17.937286,16.332932,20.459593
20,31.480076,27.433521,28.304369,22.88666,22.72562,25.50457,20.23029,25.146902,22.060356,25.810482,26.249187,27.59936,25.840122,23.3867,18.88818,16.440838,13.302165,10.717497,7.671672,4.633248,0.0,3.4873443,6.38582,6.2577276,7.967925,9.6825,10.986431,14.434604,15.191975,19.44054,18.823063,24.823074,26.65268,28.528702,23.629614,21.022812,24.305197,25.25402,20.165148,19.136257,23.900324,20.955887,17.044956,20.05494,23.432535,18.66594,16.721313,21.807674,23.231676,25.910467,23.785727,19.987556,25.550674,26.216373,22.462109,19.457537,17.331324,17.610544,22.688305,23.56948,19.201212,23.433525,24.802574,28.361364,26.423246,23.206041,24.980467,23.791046,19.174284,19.851173,20.746286,18.552114,15.228137,15.005531,14.563199,14.520295,11.071303,12.212634,10.21552,12.616426,11.343786,14.281359,12.194131,9.4644165,9.852101,5.5278378,8.447812,6.747646,9.581725,12.274933,13.011454,14.625396,14.372076,12.972433,13.481233,13.9987,10.15633,13.991776,13.139574,13.903108,15.1737795,16.555414,18.432152,16.753502,21.156912,16.4887,20.955433,19.983639,24.026785
21,33.34011,29.225975,30.369837,25.033297,24.786999,27.983494,22.510544,27.52004,24.614904,28.080158,28.693495,29.70148,27.84632,25.29298,20.369228,18.719988,15.127129,13.322328,9.643546,7.0783753,3.4873443,0.0,5.4052496,6.562272,7.925924,9.638762,12.461761,15.624262,17.223856,21.003012,21.307856,27.08076,28.99858,31.20704,26.466131,23.76758,27.170357,28.402853,23.374817,22.192184,27.097788,24.39638,20.41813,23.25021,26.804731,22.105028,19.824556,24.94309,26.489975,29.243898,27.247955,23.21977,28.876637,29.65798,25.81629,22.717264,20.769499,20.833738,25.917324,27.023546,22.549877,26.613003,27.772018,31.479311,29.68884,26.342594,27.785225,26.39416,22.044254,22.627134,23.015856,20.696487,17.881603,17.133293,17.441465,16.836866,13.624263,15.393286,12.885373,15.775908,14.14557,16.6052,14.617078,12.437461,13.247573,8.838885,11.643707,9.048967,11.012347,12.995248,12.862646,13.661837,12.769544,10.925718,10.640543,11.029048,7.281581,11.821091,11.518948,12.8726015,14.621855,16.500154,18.582687,16.636229,21.65089,16.80752,21.252571,20.559229,24.27471
22,36.214493,32.216103,33.688618,28.248312,28.51921,31.461943,26.421993,31.457159,28.333303,32.13692,32.3795,33.738503,31.726269,29.466879,24.437538,22.358564,19.36509,16.597918,14.010523,10.170763,6.38582,5.4052496,0.0,6.7525196,9.668398,12.858259,14.583464,18.415424,19.807138,23.553377,23.937061,29.222364,32.036877,33.501163,28.46925,26.46082,29.9398,30.279875,25.26836,24.816507,29.39867,25.552496,22.196503,25.638968,28.444647,22.777449,21.783875,26.922913,27.534492,30.567991,27.86238,23.525776,28.722866,29.606413,25.115362,21.481411,20.58369,19.736954,24.511633,26.907309,22.71932,25.821657,27.021868,30.806032,29.874725,26.935844,27.80434,26.987223,22.706518,21.90045,22.713715,21.331316,18.012987,15.671565,16.473185,14.339051,11.438527,14.2710285,10.932926,15.422566,14.552984,17.238527,16.716047,14.516211,15.140418,10.240576,13.101249,8.348586,10.674195,11.276605,12.120078,12.278008,12.801217,12.362768,12.410315,13.894967,11.501122,16.555088,16.427319,18.230152,19.782001,21.431833,23.81975,22.009253,26.929337,21.977928,26.317474,25.18725,28.839317
23,37.351807,33.344936,33.805008,28.429342,27.947449,30.124548,24.70292,28.823559,25.05627,28.42492,28.04531,29.131786,26.59802,24.776188,19.073536,17.619398,15.078321,12.356563,12.134587,6.402132,6.2577276,6.562272,6.7525196,0.0,3.4043543,7.136145,8.131953,11.982133,13.766999,17.059237,18.422745,23.106133,26.46644,28.037418,23.269894,21.506144,25.41533,25.964884,21.290508,21.013096,25.996828,22.757504,19.48228,23.371487,26.32173,21.699137,21.253801,26.024248,27.167973,29.403194,26.419369,23.820417,28.630007,28.591084,24.623413,20.838251,18.881992,17.834425,23.119883,24.770727,19.501574,22.708065,23.11752,27.179173,26.065502,22.528282,22.88368,21.451927,17.688234,17.656086,17.289452,15.288655,12.9803915,11.412418,13.0963335,12.27854,10.17909,13.331752,12.545453,16.19432,16.256823,19.742617,17.978466,14.694255,13.411973,10.293353,9.401043,4.976232,4.8178644,6.5683427,6.7731094,8.613391,9.070466,8.958321,10.9861965,12.8181095,11.159523,15.08646,17.049364,16.846296,19.577726,21.54471,22.648727,20.291449,24.118776,18.403791,22.172092,20.174196,23.636677
24,38.07624,34.04996,34.145103,28.911556,27.985306,30.054321,24.360783,28.069233,24.20985,27.128475,26.663338,27.356987,24.600058,22.862991,16.693913,16.122845,13.474001,11.569585,11.941516,6.535449,7.967925,7.925924,9.668398,3.4043543,0.0,3.9578443,6.1502705,9.3347435,11.950778,14.679694,16.999306,21.401848,24.703485,26.729923,22.316425,20.391743,24.463789,25.529577,21.09645,20.571735,25.80272,23.33794,19.928154,23.629108,26.892284,23.044827,22.27186,26.8405,28.472261,30.35493,27.5883,25.590391,30.390818,30.073593,26.503723,22.897272,20.39815,19.573666,24.951843,25.979198,20.33925,23.76749,23.782515,27.882736,26.479906,22.58711,22.800217,20.82622,17.49979,18.301487,17.056456,14.376776,13.168176,12.514306,14.472993,14.481493,12.749039,15.544258,15.420286,18.429312,18.392385,21.822733,19.402365,16.045574,14.396086,12.109174,10.097625,7.3634562,5.598922,7.6479716,6.268131,8.4672985,7.812619,7.152919,9.800967,11.425549,10.325512,13.328531,16.486977,15.36652,18.773188,21.015308,21.489553,18.807983,22.23479,16.185068,19.581123,17.363333,20.566011
25,37.3414,33.332756,33.030598,28.032784,26.62304,28.624918,22.701277,25.994041,22.209526,24.614492,24.256739,24.512436,21.698488,19.88634,13.4460335,13.834263,10.905002,10.313208,10.974739,7.041628,9.6825,9.638762,12.858259,7.136145,3.9578443,0.0,5.4693327,6.937571,10.244985,12.521913,15.320471,19.778214,22.421682,25.12666,21.160276,18.779987,22.827904,24.653357,20.460407,19.429125,24.839258,23.430244,19.767735,22.965979,26.66061,23.761398,22.329403,26.622986,28.875412,30.406158,28.123642,26.604086,31.49384,31.013792,27.9834,24.784767,21.675104,21.420122,26.807735,26.926704,21.167637,25.094137,24.96283,28.913448,26.935741,22.767427,23.278727,20.786768,17.74017,19.69302,17.972076,14.532775,14.213205,14.930784,16.452644,17.449492,15.68665,17.719109,18.051182,20.14258,19.815844,23.034418,19.869621,16.616777,14.840896,13.476328,10.941864,10.286513,8.504169,11.009144,9.102011,11.307199,9.582138,7.8873787,10.329841,11.046367,9.923614,11.328392,15.242638,12.984906,16.886635,19.276669,19.008106,16.085676,18.97508,12.72249,15.791855,13.522195,16.64322
26,37.065796,33.25308,32.46515,27.505846,26.173124,27.21936,21.772669,24.413185,20.064857,22.722067,21.584318,22.373734,19.349022,18.143986,12.092919,11.310406,10.078311,7.9500256,11.652604,6.974627,10.986431,12.461761,14.583464,8.131953,6.1502705,5.4693327,0.0,4.257433,5.906994,8.974668,11.0578575,15.280902,18.759602,20.632116,16.375584,14.695915,18.937517,20.03033,16.058403,15.78371,20.988966,19.17521,16.134645,19.959145,23.0326,20.406384,20.28791,24.105587,25.995941,27.093353,24.278595,23.895264,28.071623,27.04146,24.243761,21.022245,17.698711,17.193995,22.459799,22.394072,16.356726,20.027803,19.654985,23.581055,21.677929,17.46187,17.813652,15.379626,12.326885,14.515198,12.783879,9.256129,8.999992,10.822107,12.034319,14.072269,12.978931,14.615572,16.462276,18.040232,18.769337,22.461798,19.532312,15.756283,12.63432,12.785547,7.8107142,8.607424,6.2263865,9.503328,9.1924,12.616853,12.525023,12.225451,15.249222,16.386705,14.932684,16.474672,19.350838,16.958643,20.131924,21.917528,21.406319,18.897177,20.647291,14.8100395,17.458328,14.346461,17.721401
27,38.109173,34.3873,33.084805,28.478823,26.622993,27.337137,21.833702,23.609085,19.237608,21.061937,19.686226,19.865566,16.484152,15.610297,9.006235,9.996413,9.320301,9.009292,13.316357,10.173669,14.434604,15.624262,18.415424,11.982133,9.3347435,6.937571,4.257433,0.0,4.4619026,5.5946684,9.583688,12.992283,16.162247,18.760113,15.337284,13.497569,17.757635,19.63317,16.370312,15.7582445,20.950092,20.421125,17.474533,20.7412,24.031126,22.609703,22.148548,25.454277,27.869354,28.441154,26.02907,26.436369,30.42985,29.086567,26.911095,24.074402,20.325138,20.175774,25.21946,24.322258,18.258062,22.011744,21.20351,24.899754,22.591576,18.133902,18.397593,15.276581,13.237695,16.558014,13.931442,9.732227,11.314956,14.10356,15.242476,17.863142,17.029165,18.230598,20.421629,21.38509,21.979687,25.47197,22.026735,18.417906,15.192378,16.147648,11.02782,12.839299,10.307615,13.1236515,12.035488,15.234565,14.462042,13.826749,16.852512,17.556913,16.54917,16.78898,20.404915,17.035109,20.576862,22.435768,21.046375,18.377464,19.023842,13.228901,14.829944,11.124892,14.046076
28,35.870453,32.356514,30.684383,26.23079,24.439943,24.441381,19.441385,20.72838,16.067379,18.195288,16.387793,17.20383,13.989475,13.397871,8.142912,7.11881,8.268893,7.033323,13.007119,10.593503,15.191975,17.223856,19.807138,13.766999,11.950778,10.244985,5.906994,4.4619026,0.0,4.9780045,5.3541274,9.93603,12.85979,14.927377,11.060413,9.267269,13.599908,15.184859,12.000541,11.679459,16.692589,16.290268,13.6936035,17.031647,19.985998,19.171114,19.27949,22.04096,24.375765,24.56375,22.125023,23.36186,26.89278,25.254332,23.557274,21.138338,17.056305,17.329836,22.058804,20.444113,14.516699,18.576141,17.974672,21.32706,18.52786,14.072625,15.104153,12.100358,9.613106,13.899455,12.076526,7.915708,8.991887,13.315477,13.159315,16.84069,16.095213,16.261524,19.337164,19.334497,20.396082,23.91532,20.528471,16.859114,12.990999,15.312597,9.3875265,12.971574,11.293794,14.566388,14.671613,18.219452,18.0921,17.624258,20.52971,21.181376,19.389872,19.809036,22.161762,18.919235,21.596142,22.858734,21.427053,19.298409,19.23326,14.31913,15.912882,12.306138,15.668039
29,39.99514,36.568478,34.55271,30.40547,28.274572,27.95308,23.0775,23.43609,18.850615,19.899384,17.536833,17.541992,13.700284,14.092123,8.585815,10.183216,11.724499,11.782846,17.385355,14.938978,19.44054,21.003012,23.553377,17.059237,14.679694,12.521913,8.974668,5.5946684,4.9780045,0.0,7.286348,7.930484,11.956867,14.324081,11.967042,11.146627,15.227178,17.044111,15.171952,15.08876,19.563541,19.961203,17.95653,20.987442,23.697138,23.633402,23.959398,26.306688,28.74391,28.4872,26.062738,28.024635,31.143045,29.11984,27.739813,25.310122,21.317587,21.218382,25.651775,23.955563,18.034466,21.259487,19.775928,23.025646,20.544891,16.062464,15.897972,12.205342,11.873773,16.159512,12.803411,8.574588,12.039347,15.960073,16.760382,20.234974,20.127207,20.751863,23.964462,24.213581,25.366196,28.884727,25.408655,21.795696,17.95971,20.155985,14.214052,16.996744,14.370879,16.862955,16.20711,19.546185,19.19199,18.986946,22.191097,22.8968,22.038254,21.782022,25.292614,21.478605,24.741402,26.263025,24.231747,21.84313,20.958424,16.079885,16.340954,12.079558,14.122912
30,34.230743,31.101213,28.719059,24.820913,22.863474,21.736134,17.634268,17.582441,12.757931,14.599407,12.010829,13.398311,10.460128,10.633253,8.322349,5.816218,9.54642,8.759981,15.183319,14.308116,18.823063,21.307856,23.937061,18.422745,16.999306,15.320471,11.0578575,9.583688,5.3541274,7.286348,0.0,7.0406604,8.261989,10.022406,6.224104,4.081924,8.419093,10.321455,8.158832,7.9808407,12.280139,13.291244,11.4955015,14.103653,16.599325,17.564312,18.077023,19.62417,22.140528,21.466839,19.445473,22.153357,24.902054,22.785728,22.194517,20.698057,16.227978,17.312574,21.208916,18.148014,12.957444,17.243534,16.802494,19.272114,15.527984,11.275682,13.549431,10.695452,8.659319,14.208261,13.271811,9.847189,10.749976,16.159397,14.663164,19.258234,18.657316,17.551485,21.380957,20.039106,21.40549,24.631992,21.195839,17.850504,13.726564,17.537704,11.761867,16.66912,15.741572,19.069391,19.72905,23.365011,23.422503,22.902714,25.65018,26.066889,23.813187,23.870337,25.295298,21.908245,23.768044,24.390085,22.557907,21.058517,19.682629,16.210878,17.13692,13.82253,17.047356
31,40.508907,37.612602,34.8331,31.332403,29.24646,27.436558,23.962023,22.705112,18.12831,18.701748,15.04931,15.737388,12.284251,14.299899,12.48404,12.352068,15.9858055,15.534685,21.982273,20.280418,24.823074,27.08076,29.222364,23.106133,21.401848,19.778214,15.280902,12.992283,9.93603,7.930484,7.0406604,0.0,7.190523,7.109025,6.5747995,8.500328,11.241313,11.949088,12.561202,13.639697,16.18901,17.497435,17.233091,19.78317,21.150173,22.851418,24.492172,25.365547,27.443653,26.083536,23.664913,27.694315,29.349382,26.490366,26.354586,24.79464,20.769089,20.97896,24.114798,21.20049,16.293182,18.656977,16.76702,18.812962,15.88649,12.001883,12.04558,8.483944,10.349876,15.395299,12.828981,10.216045,13.635004,18.605663,18.115873,22.549618,23.054789,22.515812,26.85892,25.936485,27.841473,31.246714,28.08209,24.639292,20.30767,23.933477,17.650736,21.574087,19.613312,22.069939,22.495667,26.07404,26.425325,26.538761,29.785372,30.534746,29.15691,28.997587,31.491098,27.735912,30.140738,30.98038,28.743225,27.025984,24.946512,21.50458,21.256048,17.353605,19.12375
32,36.47235,33.93714,30.487822,27.821287,25.261017,22.822548,20.04954,17.331589,13.418002,12.635398,8.658108,9.025036,6.2417827,9.149923,11.09093,10.925572,15.140133,16.10415,21.830692,22.146742,26.65268,28.99858,32.036877,26.46644,24.703485,22.421682,18.759602,16.162247,12.85979,11.956867,8.261989,7.190523,0.0,5.4888206,7.426477,6.873379,7.2199163,10.610346,12.135635,11.692149,13.267891,17.299677,16.718092,17.367905,19.196999,22.75786,23.065289,22.971731,25.939108,23.999758,23.095818,27.36422,29.125547,26.492117,27.39448,26.89736,22.416403,23.95984,26.80537,22.411465,18.63787,22.17428,21.309917,22.524635,18.274204,15.027819,17.243135,14.423438,14.782114,20.433313,19.130217,16.259865,18.293839,23.78101,22.209381,27.0271,26.695507,25.142696,29.197565,27.080444,28.348467,31.082487,27.391132,24.618507,20.85143,25.173895,19.845255,24.929232,23.834044,26.965424,27.280525,30.839296,30.579878,29.893673,32.57526,32.631912,30.578995,29.583279,31.074026,27.02707,28.610332,28.88033,26.04684,24.976034,21.530788,19.884546,18.938196,15.994064,17.73347
33,38.157085,35.839878,32.40256,29.74644,27.684822,24.66617,22.69994,20.014338,16.063221,16.106895,11.886087,13.41562,11.46726,14.091647,15.673492,14.235623,18.65919,18.34432,24.528254,24.145847,28.528702,31.20704,33.501163,28.037418,26.729923,25.12666,20.632116,18.760113,14.927377,14.324081,10.022406,7.109025,5.4888206,0.0,5.369411,8.08957,7.6195674,7.885772,11.215197,12.418234,12.495925,15.639532,16.545166,17.68839,18.070032,21.822556,23.680344,23.053734,25.132833,22.773722,21.203053,26.599102,27.244379,24.042887,25.340694,25.047218,20.974924,22.17739,24.137728,19.64077,16.55041,18.953564,17.806034,18.28248,14.217428,11.743208,13.771727,11.7354145,13.111656,18.247566,17.489803,15.781218,17.6461,23.079168,21.178152,26.12313,26.393175,24.600075,29.2526,27.009363,28.999445,31.89631,28.843609,25.952927,21.82553,26.424425,20.780533,25.722599,24.715311,27.540592,28.512041,32.201313,32.619377,32.458237,35.4202,35.880943,33.77981,33.469257,34.750244,31.108812,32.54306,32.68097,30.31333,29.33891,26.378942,24.465694,24.05366,20.934397,22.869484
34,35.504974,32.875526,30.00845,26.676306,24.98872,22.589191,20.010159,18.710058,14.178055,15.749543,12.154455,14.397214,12.233239,13.624708,13.800328,10.973592,15.191186,13.866597,20.199295,19.393452,23.629614,26.466131,28.46925,23.269894,22.316425,21.160276,16.375584,15.337284,11.060413,11.967042,6.224104,6.5747995,7.426477,5.369411,0.0,4.6079526,6.2459474,5.468811,6.637499,8.525318,9.971527,11.384742,11.90151,14.126824,14.792294,17.25252,19.408514,19.541584,21.362253,19.682508,17.418308,22.121702,23.294058,20.35111,20.865438,20.13259,15.9426565,17.089176,19.584824,15.538424,11.597149,14.756304,14.09543,15.350726,11.098051,7.6155434,10.60964,8.662201,8.254293,13.690293,13.648445,11.855754,12.686925,18.250738,15.988144,20.995758,21.087646,19.244705,23.896894,21.826498,23.95132,27.057018,24.220505,21.109549,16.805805,21.324957,15.62317,20.59802,19.931942,22.894365,24.238012,27.972872,28.62313,28.526163,31.438433,32.057583,29.706991,30.00748,30.965923,27.791933,29.15864,29.353056,27.574488,26.5143,24.583965,21.972986,22.563477,19.407726,22.200241
35,32.049656,29.24709,26.408943,22.986849,21.009037,19.047539,15.846206,14.852191,10.1145935,11.951788,8.971224,11.236776,9.248001,9.681484,10.251047,6.7367363,11.1366205,10.562083,16.521544,16.758345,21.022812,23.76758,26.46082,21.506144,20.391743,18.779987,14.695915,13.497569,9.267269,11.146627,4.081924,8.500328,6.873379,8.08957,4.6079526,0.0,4.3650436,7.029454,5.8124156,5.3610706,8.623712,11.180965,9.994073,11.536988,13.683801,16.146578,16.692318,17.213282,19.903044,18.611946,17.194355,20.77345,23.008694,20.72499,21.03649,20.407183,15.805195,17.68594,20.855104,16.66507,12.591425,17.116114,17.183702,18.809813,14.276085,10.692516,14.261015,12.089533,10.076902,15.702672,15.791148,13.057715,13.207847,18.822329,16.390717,21.30495,20.566309,18.540342,22.569422,20.22299,21.624392,24.467382,21.070517,18.159597,14.219695,18.814022,13.693035,19.228664,18.969389,22.41822,23.420404,27.070642,27.185865,26.521713,29.050865,29.26931,26.568165,26.498922,27.03882,23.768837,24.88324,24.972855,23.052967,22.124292,20.097467,17.822565,18.585188,15.874117,19.102455
36,30.575258,28.22387,24.825022,22.146818,20.122454,17.135681,15.2645645,12.867854,8.780074,10.040394,6.617525,9.802103,9.281947,10.114117,13.19937,9.766334,14.099254,13.908073,19.166523,20.295902,24.305197,27.170357,29.9398,25.41533,24.463789,22.827904,18.937517,17.757635,13.599908,15.227178,8.419093,11.241313,7.2199163,7.6195674,6.2459474,4.3650436,0.0,5.3804765,6.578248,5.881175,6.064133,11.017324,10.776091,10.612975,12.063244,16.402946,16.874758,16.063206,18.914267,16.802155,16.32449,20.827488,22.36238,19.926527,21.328358,21.645481,17.150442,19.65596,21.964708,16.744364,14.1843605,18.521698,18.966848,19.656513,14.576881,12.083137,16.370441,14.812389,13.2013645,18.560768,19.27126,17.019905,16.880337,22.495466,19.505466,24.531424,23.72618,21.038431,25.108133,21.935875,23.285992,25.645641,22.344063,19.991438,16.464834,21.478493,17.060297,22.86145,23.012497,26.503511,27.678997,31.326155,31.436138,30.645622,33.0029,33.032803,30.039925,29.759384,29.621195,26.419157,26.89184,26.496746,24.432814,24.051348,21.320843,20.27359,20.707008,18.570658,21.5853
