,0,1,2,3,4,5,6,7,8,9,10,11,12,13,14,15,16,17,18,19,20,21,22,23,24,25,26,27,28,29,30,31,32,33,34,35,36,37,38,39,40,41,42,43,44,45,46,47,48,49,50,51,52,53,54,55,56,57,58,59,60,61,62,63,64,65,66,67,68,69,70,71,72,73,74,75,76,77,78,79,80,81,82,83,84,85,86,87,88,89,90,91,92,93,94,95,96,97,98,99,100,101,102,103,104,105,106,107,108,109,110,111,112
0,0.0,3.00667,6.6593394,10.015107,12.93306,16.983496,18.727703,22.528938,25.079485,27.291449,31.059296,33.551735,33.189037,34.69845,30.905325,30.83502,31.804707,30.369482,34.01995,31.299809,35.02029,34.080944,39.905247,36.12871,33.105083,30.023872,28.206259,23.774021,23.533533,19.89386,22.19701,19.836037,16.727633,20.575272,24.02129,23.06587,22.919325,26.832474,28.498772,27.136513,28.589447,33.595757,32.405605,32.089447,34.61088,38.601204,37.00793,37.4418,41.113907,38.938255,38.849,42.927864,44.870674,42.273136,43.40199,42.704453,38.21121,39.54784,42.617996,38.399834,34.243046,37.029415,35.513702,37.64606,34.489727,30.911871,31.331184,27.76161,28.847038,34.330772,31.19654,27.375511,30.70289,35.198666,35.504963,39.675938,39.760315,39.446907,43.55092,42.39113,43.296146,45.922306,41.66986,38.7101,35.33887,37.65298,31.943829,34.85612,32.153225,34.319668,31.833933,33.956604,38.259716,37.824585,40.83378,39.451653,38.834293,37.784836,35.609585,35.07753,33.302773,30.201942,27.616808,26.7153,28.835096,31.285057,29.61759,27.401438,29.2089,25.56338,25.842949,25.688435,25.066711
1,3.00667,0.0,4.0693097,7.0368624,9.953159,13.999941,15.855351,19.574549,22.214813,24.312452,28.121874,30.578615,30.244274,31.808073,28.184847,28.152563,29.295708,28.020325,31.80893,29.383581,33.22788,32.50896,38.312298,34.40135,31.472054,28.2771,26.57244,22.215656,21.779764,18.630018,20.234812,18.563644,14.656509,18.874287,22.121674,20.8162,20.484812,24.660976,26.193466,24.622993,26.032215,31.226322,29.923643,29.378912,32.007206,36.09572,34.36646,34.65083,38.422516,36.267635,36.37547,40.334545,42.358635,39.87725,41.063248,40.506466,35.960434,37.52221,40.59324,36.212917,32.183212,35.26183,34.012524,36.133133,32.692314,29.101675,29.973675,26.477528,27.135088,32.803947,29.996222,26.096357,29.044224,33.785286,33.767902,38.107582,38.019123,37.456898,41.53406,40.129116,40.945637,43.440193,39.151546,36.32091,33.01113,35.51217,29.935066,33.20319,30.793713,33.242214,31.093298,33.434162,37.673153,37.37713,40.28528,39.07302,38.284985,36.896458,34.696774,33.833607,32.299843,29.51407,26.672237,25.238062,27.472858,29.862152,27.832092,25.558838,26.932228,23.225939,23.251816,22.96666,22.181768
2,6.6593394,4.0693097,0.0,4.4457145,7.795889,11.46228,14.088489,17.275024,20.401573,21.813728,25.874146,28.066193,27.727558,29.647354,26.356098,26.790405,28.237358,27.5019,31.285994,29.593706,33.47741,33.008484,38.642906,34.77571,32.12812,28.73017,27.43114,23.259342,22.646135,20.316021,20.796274,20.127949,14.9529295,19.375395,22.496344,20.699219,19.752989,24.27989,25.779797,23.826788,24.832695,30.547506,29.13967,27.929783,30.655764,35.158173,33.161163,32.87364,36.879955,34.637875,35.32675,39.15342,41.20739,38.929996,40.401848,40.223698,35.62104,37.625595,40.575653,35.811478,32.21973,35.704838,34.900936,36.84854,32.948303,29.502102,31.09248,27.796326,27.894344,33.78951,31.505484,27.585278,29.93922,35.002724,34.464207,39.043358,38.68675,37.69022,41.687405,39.8082,40.421574,42.588436,38.21995,35.730446,32.612434,35.44057,30.214428,34.03638,32.10972,34.912506,33.214138,35.758133,39.888565,39.70646,42.443844,41.346455,40.28719,38.48187,36.391964,35.10891,33.668102,31.425299,28.452215,26.231941,28.34957,30.482609,27.912832,25.749115,26.164658,22.752779,22.005276,21.60036,20.141958
3,10.015107,7.0368624,4.4457145,0.0,3.891268,7.135111,10.101332,12.922357,16.15018,17.633562,21.625668,23.846977,23.43107,25.251795,21.980608,22.374474,23.905855,23.322609,27.189451,25.81836,29.781767,29.590105,35.13999,31.130444,28.632605,25.168167,24.07686,20.141495,19.41108,17.891083,17.586922,18.243969,12.576774,17.529665,19.81526,17.357643,16.512777,21.420927,22.324541,20.018824,21.3665,27.021376,25.258669,23.94638,27.014181,31.268526,28.991386,28.849197,32.98456,30.982296,31.75711,35.14872,37.52237,35.479588,36.756382,36.57572,31.931086,34.123093,37.23273,32.507885,28.868212,32.775913,32.289505,34.3925,30.270739,26.710382,28.788347,25.608278,24.978426,30.934727,29.057585,25.06708,26.802147,32.01082,31.191141,35.84591,35.20484,34.018974,37.854263,35.823643,36.267612,38.314342,33.90383,31.531078,28.556955,31.440054,26.491215,30.60719,29.094734,32.176624,30.979458,33.687237,37.648464,37.596565,40.13315,39.2429,37.973263,35.771606,33.700256,32.034065,30.918049,29.12554,25.932611,23.077747,25.291374,27.326971,24.378704,22.158941,22.107248,18.64694,17.67134,17.20529,15.713077
4,12.93306,9.953159,7.795889,3.891268,0.0,4.7368383,6.3134108,9.952912,12.642942,14.414475,18.291523,20.734266,20.73918,22.371454,19.861162,19.568897,21.62377,20.874453,25.378801,24.085459,28.346989,28.616188,34.145382,29.675686,27.138683,23.797989,22.389423,18.82195,17.396648,16.668686,14.941893,16.208736,9.82904,14.722441,16.660526,14.021456,12.811998,17.817188,18.709808,16.37567,17.495985,23.26569,21.622116,20.180689,23.13763,27.547709,25.431635,25.118067,29.174427,27.113241,27.90078,31.42883,33.66896,31.62244,33.005173,32.996532,28.36989,30.737494,33.676014,28.79202,25.414196,29.442263,29.233633,31.19209,26.85259,23.414919,25.947037,23.008469,22.032612,28.057632,26.640316,22.81037,24.135212,29.549973,28.268084,33.085644,32.445248,30.921473,34.877033,32.54179,33.112175,35.117863,30.814068,28.496096,25.419754,28.703953,23.76633,28.300638,27.085543,30.414034,29.527548,32.53627,36.34964,36.628246,39.1439,38.663467,37.455753,35.014004,32.688473,30.697575,30.399237,28.742746,25.077215,21.969915,24.710585,26.821524,23.569992,21.09092,20.67355,16.550463,15.600278,14.321325,12.927431
5,16.983496,13.999941,11.46228,7.135111,4.7368383,0.0,5.3315034,5.8670306,9.706995,10.639791,14.653079,16.7513,16.328674,18.20243,15.585649,16.060642,18.158075,18.249208,22.320656,22.063908,26.103937,26.633064,31.766142,27.553759,25.537903,22.05473,21.502117,18.459902,17.313131,17.810188,15.361672,18.52052,12.351888,17.183512,17.860197,14.268642,13.139829,18.418245,18.26364,15.198216,16.675997,22.357,20.033377,18.015839,21.628805,25.708685,22.863941,22.47767,26.918411,25.263311,26.576984,29.161692,31.977934,30.465738,31.644056,31.764114,27.135965,29.89429,33.029366,28.19538,24.979439,29.64273,29.956434,32.049343,27.451658,24.0302,27.215927,24.550655,22.546711,28.433096,27.61981,23.801392,24.108484,29.535189,27.903511,32.70415,31.519266,29.714397,33.208447,30.58533,30.663263,32.25978,27.811544,25.929382,23.368494,26.614876,22.519663,27.387424,26.902622,30.500942,30.328823,33.322334,36.846554,37.111412,39.236378,38.80422,37.188282,34.25496,32.261116,29.814112,29.478292,28.67993,25.172955,21.125404,23.417622,25.071232,21.288378,19.115753,17.46255,14.152242,12.096271,11.088123,8.828218
6,18.727703,15.855351,14.088489,10.101332,6.3134108,5.3315034,0.0,5.786404,6.658683,9.324152,12.643676,15.504662,16.13958,17.242239,16.052706,14.517055,17.405058,16.51398,21.852524,20.935873,25.47439,26.517502,31.778158,26.757948,24.364885,21.317814,19.706514,17.115103,14.767804,15.865133,11.655032,14.872584,8.504228,12.651019,12.919252,9.46523,7.826161,13.093119,13.209113,10.472517,11.633247,17.380745,15.570406,13.869085,17.008617,21.341,19.23197,18.868458,22.896313,21.003716,21.820667,25.135326,27.477678,25.631252,26.946722,27.14621,22.5416,25.283709,28.107378,23.112072,20.087938,24.582981,25.015142,26.880068,22.18437,18.912794,22.387901,20.014757,17.964798,23.89488,23.468227,19.99419,20.161821,25.774357,23.682384,28.668535,27.81911,25.71478,29.656738,26.819025,27.435272,29.296896,25.14491,23.003897,19.929237,23.78659,19.220253,24.430191,23.975187,27.695347,27.583231,30.942286,34.34703,35.08827,37.382923,37.51863,36.28561,33.388065,30.842804,28.268595,29.201406,28.055182,23.885288,20.241959,23.536058,25.566523,21.888123,19.195482,18.00479,13.146812,12.197323,9.436317,8.486543
7,22.528938,19.574549,17.275024,12.922357,9.952912,5.8670306,5.786404,0.0,4.760393,5.235732,8.909442,11.108323,10.859633,12.458443,11.001747,10.963067,13.836818,14.462167,18.813911,19.505493,23.526756,24.784588,29.415369,24.976908,23.397915,20.169655,19.953363,18.020456,16.480833,18.655699,14.593896,19.491642,13.937911,17.952044,17.067322,12.852911,11.790129,16.709015,15.367138,11.755222,13.459957,18.616365,15.756161,13.1792965,17.338184,20.938732,17.589603,17.158195,21.801588,20.622456,22.266542,23.966415,27.22501,26.230759,27.181316,27.50846,23.001925,26.187046,29.303617,24.570154,21.783937,26.968615,27.965912,30.022072,25.219,22.047993,26.015213,23.92986,20.829737,26.327215,26.483807,23.037487,22.05558,27.429136,25.11417,29.890553,28.278753,25.945116,29.081932,25.96122,25.748465,26.961023,22.552164,21.126331,18.987564,22.554895,19.399336,24.779385,25.230278,29.131472,29.818628,32.975025,36.03161,36.604633,38.374737,38.4042,36.62037,33.18793,31.22045,28.189634,28.745415,28.700758,25.00289,20.299774,22.701883,24.03203,19.775192,17.682365,14.7299,11.548514,8.71462,6.583371,3.440695
8,25.079485,22.214813,20.401573,16.15018,12.642942,9.706995,6.658683,4.760393,0.0,4.7768164,6.450884,9.656473,10.6227255,10.991548,11.400757,8.864331,12.682065,12.447443,17.906668,18.227482,22.55221,24.375391,28.91475,23.829777,22.088127,19.376667,18.43576,17.276924,14.856499,17.922031,12.412204,17.842192,13.075459,16.000374,14.051601,9.8608,8.863848,13.083537,11.089674,7.3893743,9.27329,13.93211,11.067885,8.535954,12.814949,16.246098,13.240926,13.051973,17.456179,16.368496,17.606936,19.480911,22.637829,21.581694,22.434855,22.825672,18.347393,21.679968,24.619728,19.88089,17.329762,22.615,23.955645,25.874334,21.016365,18.068243,22.46111,20.857405,17.28907,22.513824,23.319185,20.334427,18.723661,24.106365,21.232355,26.088015,24.573097,21.837965,25.195114,21.751898,21.89499,23.25778,19.101173,17.550158,15.096495,19.295174,16.13687,21.891039,22.69159,26.7143,27.725039,31.12807,33.91347,34.90537,36.673218,37.2387,35.709724,32.2201,29.874517,26.633627,28.379232,28.264257,24.12588,19.675707,22.786741,24.308424,20.183151,17.768114,15.128864,10.830291,9.210917,5.0963645,4.663103
9,27.291449,24.312452,21.813728,17.633562,14.414475,10.639791,9.324152,5.235732,4.7768164,0.0,4.3746057,6.3634267,7.482297,9.1975355,10.972602,10.368638,14.226045,15.395238,19.825323,21.39886,25.255331,27.12173,31.160976,26.638279,25.457245,22.631739,22.48026,21.410883,19.401781,22.398369,17.172907,22.390968,16.999357,19.875433,18.423553,14.479341,12.751212,16.66012,15.064705,11.543163,11.953141,16.857561,14.200632,10.313744,14.280834,18.196882,14.746341,12.971207,17.804934,16.682858,19.257484,20.524334,23.652397,23.135025,24.455982,25.489431,21.315792,25.05917,27.608913,22.624683,21.061514,26.379904,28.096685,29.674082,24.6116,22.13821,26.835972,25.430092,21.839882,26.872648,27.977072,25.088638,23.249458,28.504993,25.386616,30.137959,28.365095,25.316412,28.22028,24.302221,23.9622,24.545586,20.46055,19.828144,18.168322,22.317703,20.153488,25.920649,27.097557,31.143562,32.354122,35.68222,38.37638,39.28801,40.866245,41.32589,39.538277,35.834892,33.823547,30.4272,31.784012,32.15117,28.302395,23.463419,25.953644,27.02446,22.586718,20.673996,16.827671,14.105949,11.092876,8.078247,5.2224755
10,31.059296,28.121874,25.874146,21.625668,18.291523,14.653079,12.643676,8.909442,6.450884,4.3746057,0.0,3.4669657,5.9329886,6.1291647,10.427253,8.599258,12.861765,14.178993,18.545923,20.610186,24.234825,26.598074,30.116497,25.500078,24.651484,22.293081,22.243319,22.052608,19.89779,23.674625,17.94185,23.748365,19.271097,21.465502,19.035053,15.222612,13.974462,16.860106,14.3371935,11.034252,11.55278,14.93678,11.981753,7.827024,12.02429,14.913685,11.050909,9.258049,14.184166,13.816792,16.516508,16.66126,20.252886,20.301996,21.250727,22.423426,18.57114,22.539799,24.977833,20.367273,19.296125,24.755632,26.953594,28.469069,23.530745,21.412945,26.397556,25.504423,21.329672,25.67882,27.489544,25.058908,22.36169,27.246744,23.70836,28.208931,26.175844,22.763817,25.257362,20.966198,20.413559,20.6177,16.760181,16.661514,15.538034,19.820583,18.680408,24.47623,26.315691,30.38591,32.156113,35.495808,37.77474,38.912373,40.224575,41.044067,39.240295,35.325836,33.329567,29.65791,31.729591,32.504307,28.638348,23.74143,26.268177,27.14105,22.735716,20.954943,16.79069,14.387994,11.798406,8.596763,7.3948474
11,33.551735,30.578615,28.066193,23.846977,20.734266,16.7513,15.504662,11.108323,9.656473,6.3634267,3.4669657,0.0,3.9502583,4.9587975,10.629215,10.249575,14.017871,16.211557,19.610096,22.539095,25.703333,28.11378,31.12665,27.00245,26.621912,24.28494,24.814125,24.790552,22.955025,26.793463,21.285343,27.183304,22.57567,24.84101,22.487104,18.684727,17.365114,20.137419,17.631758,14.429402,14.654578,17.7054,14.812758,10.565156,14.279299,16.780046,12.659173,10.244412,15.053243,15.065959,18.428934,17.63925,21.369349,21.98027,22.951046,24.394026,20.893059,24.965073,27.239374,22.797825,22.191143,27.633377,30.033575,31.447897,26.53155,24.633389,29.691656,28.904034,24.624432,28.74114,30.72712,28.350586,25.433094,30.112942,26.52289,30.816998,28.538857,25.039595,27.019945,22.575157,21.55115,21.094656,17.422312,18.090174,17.706268,21.646559,21.337145,26.972933,29.116936,33.16347,35.1569,38.394226,40.53358,41.60055,42.701153,43.46549,41.45498,37.370804,35.661972,31.87645,33.71952,34.918564,31.304653,26.159754,28.221949,28.734005,24.215057,22.833805,17.991592,16.718771,13.579126,11.212727,9.4639225
12,33.189037,30.244274,27.727558,23.43107,20.73918,16.328674,16.13958,10.859633,10.6227255,7.482297,5.9329886,3.9502583,0.0,3.6956067,7.5448155,9.263045,12.092968,15.199583,17.463165,21.06567,23.788378,25.96908,28.736174,25.194439,25.18829,22.64858,23.97627,23.903303,22.76459,26.53077,21.837687,28.088305,23.603172,26.556713,24.172848,19.976114,19.208246,22.555124,19.694721,16.17146,17.430162,20.381695,16.88612,13.333406,17.600151,19.320448,14.620753,13.556262,18.292599,18.711237,21.648346,20.194952,24.533995,25.259626,25.674881,26.595722,22.993649,26.807856,29.640966,25.62461,24.241001,29.860287,32.00974,33.85373,29.101349,26.763554,31.514256,30.40231,26.015188,30.179522,31.805326,29.115551,26.22519,30.760378,27.645744,31.757128,29.165789,26.099539,27.654736,23.715746,22.184572,21.690344,17.656702,18.341824,18.378546,21.53903,21.58121,26.886562,29.067947,33.046757,35.131504,38.11348,40.25012,41.002846,41.89594,42.33435,40.022057,35.826965,34.53188,30.754286,31.892979,33.509937,30.329283,24.851027,26.25212,26.40868,21.799068,20.844736,15.439301,15.455713,11.682508,10.63729,8.593829
13,34.69845,31.808073,29.647354,25.251795,22.371454,18.20243,17.242239,12.458443,10.991548,9.1975355,6.1291647,4.9587975,3.6956067,0.0,7.221066,7.1596875,10.052507,13.024129,15.325769,19.022945,21.62747,24.178293,26.676682,22.908482,23.04337,20.9169,22.192978,22.764778,21.540136,25.794994,20.91173,27.517813,23.843477,26.435263,23.363777,19.263508,19.045712,21.843822,18.320387,15.024812,16.80206,18.542498,14.751864,11.836327,16.204128,16.673136,11.664969,11.71249,16.144512,17.26488,19.665829,17.32423,22.178988,23.17106,22.98562,23.645739,20.247425,23.971148,26.942059,23.467314,22.004734,27.639647,29.940239,31.902248,27.410967,25.149021,29.860004,29.011513,24.287647,27.924086,29.887701,27.491203,24.08619,28.265177,25.047321,28.894796,26.12761,23.00078,24.232307,20.287567,18.575062,18.010014,13.980676,14.880581,15.331333,18.34537,19.080114,24.24369,26.823324,30.758368,33.20241,36.15205,37.98981,38.89137,39.6136,40.32042,38.059277,33.77639,32.43608,28.51397,30.25646,32.060207,28.851421,23.465395,25.00627,25.131062,20.680813,19.707727,14.472374,14.410145,11.405039,10.193991,9.633203
14,30.905325,28.184847,26.356098,21.980608,19.861162,15.585649,16.052706,11.001747,11.400757,10.972602,10.427253,10.629215,7.5448155,7.221066,0.0,6.059292,6.0813785,10.074799,10.7849655,14.699488,16.990528,18.787302,21.695566,18.524097,18.748621,15.963176,18.326387,18.362303,18.411081,22.129932,19.047861,25.798338,22.50993,26.250286,23.42764,18.869852,19.624659,23.451067,19.8083,16.167538,19.528936,21.696571,17.333504,15.7346,20.728716,20.934208,15.898984,17.662128,22.071302,22.982666,24.413088,22.543404,27.692781,28.1432,27.382149,26.996695,23.13759,26.126892,30.066769,27.025772,23.88636,29.562698,31.042511,33.769592,29.601273,26.421968,30.29286,28.662786,24.190187,28.193289,29.057076,25.964302,23.201841,27.29203,25.253128,28.947365,26.041502,24.036097,25.181137,22.583374,20.717663,21.028309,16.404984,16.110826,16.256554,17.886932,17.963121,22.411802,24.437788,28.177046,30.344505,32.861774,34.962425,35.251072,35.89318,35.902218,33.290886,29.0534,28.210716,24.551634,24.8437,26.896212,24.32456,18.55443,19.166265,19.02651,14.403353,13.858768,8.039407,9.94276,6.0771294,7.97674,7.744701
15,30.83502,28.152563,26.790405,22.374474,19.568897,16.060642,14.517055,10.963067,8.864331,10.368638,8.599258,10.249575,9.263045,7.1596875,6.059292,0.0,4.499512,6.029101,10.048655,12.301105,15.655861,18.149963,21.580925,16.92706,16.372822,14.167982,15.0422125,15.753151,14.693327,19.17487,14.88196,21.89973,19.478643,22.350767,18.731047,14.437794,15.666372,18.667324,14.4349985,11.114161,15.008183,16.061401,11.525199,10.891172,15.85907,15.341133,10.557357,13.546998,17.515171,18.566736,19.100576,17.513426,22.612488,22.794693,21.724688,21.10273,17.137293,20.092339,24.060717,21.209976,17.909132,23.585804,25.205917,27.904896,23.885296,20.816843,24.793507,23.5381,18.75392,22.457335,23.795355,21.117014,17.843206,22.008125,19.491749,23.355522,20.63721,18.276081,19.96053,17.098148,15.84564,16.850695,12.180249,11.063005,10.449954,13.0259285,12.648819,17.708849,19.950361,23.875858,26.210377,29.081635,31.0466,31.850973,32.717854,33.366673,31.25527,27.129017,25.521141,21.700602,23.639517,25.077406,21.721155,16.44882,18.487877,19.097313,14.8651285,13.290579,9.279768,7.6737456,6.3110714,5.28936,7.726486
16,31.804707,29.295708,28.237358,23.905855,21.62377,18.158075,17.405058,13.836818,12.682065,14.226045,12.861765,14.017871,12.092968,10.052507,6.0813785,4.499512,0.0,4.6799445,5.707178,9.22379,11.746273,14.174288,17.267986,13.130678,13.244816,11.038703,13.351347,14.545433,14.727243,19.121967,16.333336,23.44108,21.838345,25.091972,21.350517,17.09104,19.041798,22.119392,17.663944,14.601631,19.071917,19.555435,14.891558,15.13819,19.994001,18.497334,13.749227,17.606276,21.217909,22.684385,22.783413,20.440056,25.943722,26.302994,24.54192,23.243021,19.540861,21.843945,26.333431,24.337572,20.36015,25.841127,27.117037,30.278011,26.757605,23.405563,26.731567,25.266815,20.494629,23.709007,24.63359,21.83568,18.533339,21.978212,20.32061,23.540035,20.424845,18.926203,19.764,17.989866,16.14834,17.245955,12.559102,11.311419,11.558957,12.155296,12.743524,16.633318,19.045107,22.670765,25.29538,27.687836,29.431295,29.854805,30.31972,30.663033,28.178356,23.856194,22.826153,18.969473,20.24588,22.430244,19.785019,14.202999,15.231263,15.295114,11.097472,10.208107,5.7377944,6.951864,6.31953,8.056652,10.5634575
17,30.369482,28.020325,27.5019,23.322609,20.874453,18.249208,16.51398,14.462167,12.447443,15.395238,14.178993,16.211557,15.199583,13.024129,10.074799,6.029101,4.6799445,0.0,6.7255225,6.538779,10.523385,13.086625,17.113075,11.646414,10.4959135,8.614673,9.34175,11.0088005,10.651847,15.449774,12.574125,19.670229,19.176907,22.00107,17.847948,13.950958,16.691088,19.275549,14.617319,12.126251,17.24033,16.981289,12.455507,14.107516,18.598112,16.708113,12.84548,17.56271,20.64102,21.917568,20.994635,19.454178,24.598871,24.42064,22.366547,20.49501,16.616634,18.366007,23.161354,21.513119,16.74872,21.99385,22.915878,26.335432,23.177925,19.592062,22.462431,20.970264,16.2079,19.277523,20.010363,17.27291,13.922722,17.41518,15.988811,19.321077,16.482521,15.323872,16.858427,15.623597,14.633101,16.812418,12.368922,9.656637,8.550357,9.192903,8.243925,12.35408,14.525618,18.284334,20.835386,23.431545,25.26517,25.936018,26.710163,27.36256,25.308342,21.234331,19.5035,15.680876,18.03908,19.434187,16.162298,11.071316,13.4492655,14.407295,10.899985,8.897941,7.5666447,5.029718,7.495366,7.9424214,11.715804
18,34.01995,31.80893,31.285994,27.189451,25.378801,22.320656,21.852524,18.813911,17.906668,19.825323,18.545923,19.610096,17.463165,15.325769,10.7849655,10.048655,5.707178,6.7255225,0.0,6.152701,6.5242248,9.1255245,11.579411,7.9320908,9.251994,7.813037,11.827472,13.993536,15.50575,19.625631,18.554148,25.386574,25.104511,28.37991,24.387207,20.48716,23.209175,25.997923,21.31464,18.781046,23.735641,23.30591,18.708605,20.01318,24.60156,21.968847,17.64563,22.43854,25.469042,27.346756,26.725119,23.766191,29.4983,29.951618,27.360907,25.222889,21.980864,23.35128,28.308847,27.456833,22.812462,27.817371,28.667322,32.30201,29.53674,26.006931,28.453423,26.919643,22.284792,24.584,25.095514,22.449825,19.131079,21.338503,20.81059,22.999514,19.560003,19.27624,19.063372,18.870895,16.667418,18.077782,13.947407,12.393108,13.358824,11.453578,13.203134,15.026599,17.611324,20.598936,23.637102,25.33155,26.599516,26.617645,26.49642,26.604975,23.748192,19.215693,18.924894,15.091445,15.871224,19.072582,17.466946,12.144463,11.784647,11.058801,7.765348,8.106177,5.817214,9.252066,10.338877,12.981309,15.748178
19,31.299809,29.383581,29.593706,25.81836,24.085459,22.063908,20.935873,19.505493,18.227482,21.39886,20.610186,22.539095,21.06567,19.022945,14.699488,12.301105,9.22379,6.538779,6.152701,0.0,4.9154444,7.0310187,11.793005,5.9004164,4.158316,2.695015,5.8566937,8.803894,10.7232275,14.620051,14.708306,20.928444,22.0915,25.079353,21.01894,17.724192,21.244978,23.664434,19.18815,17.355083,22.769781,21.946806,17.786566,20.28371,24.450525,21.832157,18.56642,23.835855,26.470198,27.929237,26.310461,24.565353,29.713377,29.431541,26.683249,23.895678,20.500885,20.99894,26.254585,25.781513,20.183012,24.594917,24.695696,28.705173,26.520496,22.646442,24.126392,22.321144,18.173141,20.261272,19.969059,17.223635,14.483912,16.386164,16.886616,18.95528,16.0508,16.771605,17.427378,18.27081,17.213423,19.85614,16.069273,13.0325775,12.422991,10.134456,9.544023,10.241815,11.918953,14.812182,17.569065,19.278868,20.8435,20.891636,21.230503,21.43934,19.03945,14.837923,13.613708,9.852863,11.636592,13.734663,11.519304,6.639853,7.9431396,8.86107,7.041865,5.55885,8.358837,8.048445,11.590559,13.490453,17.066872
20,35.02029,33.22788,33.47741,29.781767,28.346989,26.103937,25.47439,23.526756,22.55221,25.255331,24.234825,25.703333,23.788378,21.62747,16.990528,15.655861,11.746273,10.523385,6.5242248,4.9154444,0.0,3.6933272,6.930244,1.6787345,4.3106756,5.2033477,9.707078,12.734425,15.330205,18.713083,19.55141,25.526243,26.90321,29.953636,25.86335,22.634457,26.121805,28.479525,23.868004,22.0515,27.398785,26.221006,21.99618,24.422663,28.608757,25.335236,21.883257,27.361042,29.83094,31.730438,30.159906,27.477829,32.962894,33.0936,29.900356,26.890245,24.011374,24.220667,29.510555,29.69879,24.266289,28.450296,28.571604,32.66086,30.826902,27.106272,28.33368,26.678381,22.592522,23.93389,23.687836,21.288292,18.454655,19.229053,20.243166,21.325882,18.074572,19.383297,18.73986,20.38256,18.658495,20.874165,17.553617,15.183108,15.752289,12.12743,13.51346,12.634689,14.679591,16.649525,19.819572,20.682331,21.522646,21.097061,20.538683,20.4304,17.40382,12.793409,13.014952,9.434021,10.038593,13.935549,13.453907,9.507439,8.111878,7.241607,7.092599,7.8658266,10.197696,12.358245,15.0697,17.628807,20.86383
21,34.080944,32.50896,33.008484,29.590105,28.616188,26.633064,26.517502,24.784588,24.375391,27.12173,26.598074,28.11378,25.96908,24.178293,18.787302,18.149963,14.174288,13.086625,9.1255245,7.0310187,3.6933272,0.0,6.058815,4.092049,5.46778,5.7250896,10.500706,12.676202,16.118027,18.584335,20.69185,26.136415,27.67125,31.061504,27.380373,24.199808,27.759504,30.428827,26.123425,24.253841,29.673552,28.955738,24.796753,27.140224,31.42194,28.568659,25.137184,30.42139,33.094883,34.767693,33.22211,30.933754,36.316113,36.247044,33.191933,30.126905,27.11158,27.182058,32.51641,32.59234,26.889864,30.914322,30.656614,34.87084,33.133984,29.198849,30.018456,28.016603,24.399881,25.94822,25.034876,22.363974,20.304882,20.996748,22.625084,23.635628,20.705898,22.410133,21.982819,23.862436,22.29859,24.56742,21.202238,18.761042,18.992128,15.55956,16.06176,14.757922,15.862353,17.338285,19.924349,20.289612,21.341076,20.315773,19.713982,18.828451,15.456155,11.026242,12.022837,9.3353615,7.257429,11.762785,12.41413,8.962987,5.7010474,3.998325,5.994542,7.5544343,11.1733885,13.69353,16.365587,19.394299,22.383244
22,39.905247,38.312298,38.642906,35.13999,34.145382,31.766142,31.778158,29.415369,28.91475,31.160976,30.116497,31.12665,28.736174,26.676682,21.695566,21.580925,17.267986,17.113075,11.579411,11.793005,6.930244,6.058815,0.0,6.4697256,10.058355,11.377328,15.969098,18.640827,21.823206,24.553143,26.269758,31.919285,33.443832,36.687733,32.710587,29.504358,32.96422,35.40961,30.777506,28.916843,34.21948,32.9378,28.68186,30.94952,35.18439,31.529512,27.934298,33.404774,35.791824,38.014088,36.561268,33.14402,38.859524,39.34254,35.82802,32.67254,30.249454,30.203606,35.446617,36.16812,30.860785,34.79886,34.8404,39.00169,37.49125,33.84776,34.766262,33.13485,29.246908,30.066511,29.670515,27.486795,24.846552,24.728443,26.287975,26.492945,23.165173,25.004316,23.279888,25.603354,23.363508,24.995483,22.290846,20.683891,22.048697,17.777838,20.1592,18.24315,20.155348,21.111677,24.279501,24.1286,24.231373,23.093946,21.475399,20.670568,16.944733,12.53872,14.925282,12.603642,10.807053,16.174406,17.72026,14.931045,11.484434,8.876219,10.82265,13.13033,14.970777,18.71744,20.729631,23.873743,26.674807
23,36.12871,34.40135,34.77571,31.130444,29.675686,27.553759,26.757948,24.976908,23.829777,26.638279,25.500078,27.00245,25.194439,22.908482,18.524097,16.92706,13.130678,11.646414,7.9320908,5.9004164,1.6787345,4.092049,6.4697256,0.0,4.1172028,6.161784,10.06176,13.415643,15.964335,19.294794,20.269445,26.06404,27.827213,30.679955,26.472824,23.449152,27.053995,29.172604,24.519571,22.919725,28.272856,26.745525,22.634996,25.317518,29.3443,25.758648,22.529612,28.195528,30.438658,32.438065,30.639713,27.850197,33.292885,33.436466,30.03513,26.830328,24.163721,24.092249,29.39607,29.94141,24.467941,28.418148,28.465576,32.605183,31.033155,27.382748,28.381317,26.838423,22.814447,23.74269,23.508972,21.341785,18.447258,18.721008,19.996824,20.682917,17.425152,19.069334,18.148836,20.232407,18.56556,20.892515,17.870388,15.443178,16.099806,12.043117,13.712785,12.117547,14.247184,15.898694,19.263178,19.92262,20.4727,20.052002,19.279608,19.313778,16.310375,11.652156,11.980422,8.3976965,9.584319,13.613322,13.368702,10.080876,8.772413,7.9703903,8.554954,9.2478485,11.86049,13.703468,16.604177,18.979393,22.327759
24,33.105083,31.472054,32.12812,28.632605,27.138683,25.537903,24.364885,23.397915,22.088127,25.457245,24.651484,26.621912,25.18829,23.04337,18.748621,16.372822,13.244816,10.4959135,9.251994,4.158316,4.3106756,5.46778,10.058355,4.1172028,0.0,3.8128057,6.1418777,9.749667,12.273617,15.429094,16.79596,22.2062,24.481968,27.184978,23.080124,20.35146,24.201656,26.209723,21.820822,20.504446,25.949625,24.533663,20.693129,23.740475,27.58119,24.426847,21.669983,27.285723,29.506403,31.096893,28.962671,27.137396,32.158924,31.807587,28.627613,25.324446,22.35978,22.071846,27.426193,27.765137,21.883488,25.622194,25.290548,29.536283,28.060223,24.215418,24.84748,23.089846,19.380228,20.536943,19.813463,17.44671,15.026042,15.565576,17.212168,18.268074,15.505891,17.361492,17.494642,19.557386,18.676413,21.601131,18.422731,15.254023,14.785698,11.364499,11.0720415,9.329729,10.60722,12.513679,15.520825,16.525906,17.64493,17.402044,17.362562,17.531528,15.058044,10.783792,9.725739,5.930024,8.382046,10.888959,9.603809,6.5596495,7.077282,8.013918,8.551237,7.7945585,11.94641,11.853663,15.603784,17.483591,21.110558
25,30.023872,28.2771,28.73017,25.168167,23.797989,22.05473,21.317814,20.169655,19.376667,22.631739,22.293081,24.28494,22.64858,20.9169,15.963176,14.167982,11.038703,8.614673,7.813037,2.695015,5.2033477,5.7250896,11.377328,6.161784,3.8128057,0.0,5.4252086,7.608917,10.565313,13.635491,15.003098,20.728493,22.109358,25.386814,21.690971,18.482317,22.09745,24.766739,20.606993,18.77841,24.232067,23.798908,19.764029,22.208313,26.402708,24.153442,20.976915,26.059965,28.826569,30.07594,28.444916,27.073624,32.089043,31.615788,28.98551,26.1364,22.661592,22.987204,28.26062,27.720387,21.89058,26.101374,25.840342,29.96077,27.891365,23.8322,24.904089,22.778362,19.0864,21.342922,20.420233,17.40623,15.425483,17.223417,18.327946,20.3007,17.690706,18.820543,19.623203,20.748808,19.832558,22.532997,18.762163,15.696478,14.847806,12.616628,11.30699,11.395017,12.1557665,14.67016,16.936668,18.334366,20.161179,19.803564,20.229246,19.945593,17.413162,13.375464,12.358916,9.082686,9.487182,11.503805,9.724697,4.633335,5.280411,6.6633964,5.585013,4.037252,8.76678,8.696546,12.307004,14.622879,17.994944
26,28.206259,26.57244,27.43114,24.07686,22.389423,21.502117,19.706514,19.953363,18.43576,22.48026,22.243319,24.814125,23.97627,22.192978,18.326387,15.0422125,13.351347,9.34175,11.827472,5.8566937,9.707078,10.500706,15.969098,10.06176,6.1418777,5.4252086,0.0,4.4985294,6.2324038,9.597674,10.925848,16.068777,18.641901,21.223486,17.362963,14.9025755,18.95967,20.98167,17.133926,16.095654,21.506289,20.682386,17.29317,20.506819,24.079185,22.044626,19.892427,24.977741,27.312458,28.153912,25.836395,25.607424,29.91451,28.84667,26.34638,23.301548,19.727833,19.5665,24.748463,24.245739,18.002577,21.685425,20.961845,25.177002,23.430983,19.26362,19.760952,17.551003,14.214877,16.479916,15.099256,12.014564,10.518622,12.646545,14.087633,16.429256,14.627603,15.958661,17.95874,19.167135,19.33506,22.705763,19.231413,15.445519,13.277859,11.932463,8.093667,8.130166,7.525822,10.5873,12.371489,14.553023,16.906431,17.183006,18.504755,18.884502,17.394753,14.165748,11.448371,8.569467,11.38727,10.920656,6.981005,3.8569567,8.504448,11.173584,10.527691,7.8121676,12.438289,9.131775,13.701605,14.521601,18.31875
27,23.774021,22.215656,23.259342,20.141495,18.82195,18.459902,17.115103,18.020456,17.276924,21.410883,22.052608,24.790552,23.903303,22.764778,18.362303,15.753151,14.545433,11.0088005,13.993536,8.803894,12.734425,12.676202,18.640827,13.415643,9.749667,7.608917,4.4985294,0.0,4.4627633,6.0376444,9.172323,13.640259,15.705637,19.015852,16.114511,13.528239,17.37995,20.143248,17.12804,15.809239,21.004402,21.49856,18.33534,20.928244,24.597157,23.857664,21.663383,25.946465,28.742392,28.980013,27.04266,27.76891,31.734348,30.2983,28.501122,25.885824,21.903862,22.113472,27.007761,25.619772,19.429764,23.12729,22.094536,26.126759,23.990314,19.567837,20.003426,17.127752,14.615432,18.102526,15.918571,12.030792,12.20479,15.329685,16.644896,19.61899,18.359951,19.30864,21.94446,22.565811,22.901192,26.135149,22.323437,18.65012,16.021746,15.77918,11.025035,12.150703,10.4365015,13.239608,13.512383,15.786993,18.972912,18.917202,20.795404,20.537876,19.173452,16.51466,13.925835,11.979022,12.784628,11.172845,6.987124,3.9038513,8.727329,11.894172,10.897454,7.7524095,12.626016,8.547771,12.8319235,13.737044,17.0289
28,23.533533,21.779764,22.646135,19.41108,17.396648,17.313131,14.767804,16.480833,14.856499,19.401781,19.89779,22.955025,22.76459,21.540136,18.411081,14.693327,14.727243,10.651847,15.50575,10.7232275,15.330205,16.118027,21.823206,15.964335,12.273617,10.565313,6.2324038,4.4627633,0.0,5.2061324,4.9443364,10.230549,12.467383,15.113849,11.753186,9.395296,13.488513,15.798213,12.9073,12.042092,17.0747,17.456768,14.751317,17.60588,20.81641,20.473688,18.910072,22.894741,25.436619,25.358978,23.189037,24.712967,28.155437,26.39932,24.935108,22.560425,18.413158,18.775047,23.36719,21.557657,15.430839,19.13996,18.212385,22.050817,19.645084,15.198756,15.998421,13.18804,10.425205,14.630071,12.795772,8.775866,8.937313,13.261397,13.653377,17.416399,16.612324,16.85759,20.365353,20.329664,21.274479,24.644785,20.986744,17.170208,13.774428,14.813491,8.858115,11.440853,9.753219,13.199005,13.371983,16.517878,19.722136,20.42599,22.653355,23.115623,22.272066,19.718586,16.520702,14.336257,16.705568,14.817574,9.970516,7.911922,12.94847,15.93178,14.30645,10.964113,14.376934,8.6603155,12.897134,12.272796,15.772672
29,19.89386,18.630018,20.316021,17.891083,16.668686,17.810188,15.865133,18.655699,17.922031,22.398369,23.674625,26.793463,26.53077,25.794994,22.129932,19.17487,19.121967,15.449774,19.625631,14.620051,18.713083,18.584335,24.553143,19.294794,15.429094,13.635491,9.597674,6.0376444,5.2061324,0.0,7.178943,8.449638,11.724618,14.684414,12.966961,11.650951,15.290771,17.765017,16.227596,15.675549,20.040071,21.209364,19.13325,21.68159,24.581865,25.025074,23.771648,27.24737,29.856644,29.307684,27.144127,29.459785,32.43743,30.278671,29.19355,26.860863,22.78469,22.831387,27.098814,25.139935,19.094397,21.954224,20.236187,23.946913,21.92065,17.466639,17.113878,13.612238,12.862579,17.096601,13.866443,9.594655,12.230342,15.9214115,17.238813,20.654562,20.529114,21.284693,24.942833,25.239332,26.377651,29.823498,26.191263,22.364296,18.913183,19.797907,13.788911,15.268,12.269678,14.643945,13.113063,15.886357,19.801485,20.057217,22.846102,22.712664,22.276457,20.62243,17.40011,16.371286,17.44546,14.172445,9.632853,9.633759,14.140139,17.465212,16.593311,13.437182,17.662304,12.451506,16.185173,15.904941,18.716297
30,22.19701,20.234812,20.796274,17.586922,14.941893,15.361672,11.655032,14.593896,12.412204,17.172907,17.94185,21.285343,21.837687,20.91173,19.047861,14.88196,16.333336,12.574125,18.554148,14.708306,19.55141,20.69185,26.269758,20.269445,16.79596,15.003098,10.925848,9.172323,4.9443364,7.178943,0.0,7.1630216,8.281192,10.428081,7.059028,4.714859,8.82986,11.106611,9.118781,8.655841,12.964215,14.229834,12.370096,14.817071,17.432236,18.441528,17.548775,20.47904,22.971891,22.189545,20.156551,23.018631,25.650835,23.427229,22.844275,21.17098,16.778028,17.69025,21.541067,18.639156,13.090093,16.818003,16.105621,19.326368,16.190994,11.770119,13.409899,10.566661,8.085846,13.681618,12.347497,8.545826,9.236204,14.624236,13.698528,18.296204,18.057085,17.266987,21.603357,20.52276,21.995382,25.210451,21.653454,18.054993,14.083994,16.741705,10.431966,14.369414,12.905945,16.417854,16.176565,19.772371,23.039919,24.18617,26.70881,27.48004,26.953747,24.539154,21.135933,18.946482,21.649242,19.554802,14.603783,12.772275,17.65665,20.520748,18.314325,14.944944,16.995249,10.536984,13.743115,11.587413,14.611881
31,19.836037,18.563644,20.127949,18.243969,16.208736,18.52052,14.872584,19.491642,17.842192,22.390968,23.748365,27.183304,28.088305,27.517813,25.798338,21.89973,23.44108,19.670229,25.386574,20.928444,25.526243,26.136415,31.919285,26.06404,22.2062,20.728493,16.068777,13.640259,10.230549,8.449638,7.1630216,0.0,7.2122493,7.2367373,7.033299,8.758841,11.25052,12.109487,12.923263,13.882729,16.300676,17.836576,17.636324,20.018255,21.353985,23.231438,23.494188,25.699675,27.661673,26.148727,23.693594,28.030907,29.441082,26.439894,26.462017,24.877226,20.951412,21.100561,24.026466,21.130266,16.145288,17.82659,15.832609,18.489443,16.241516,12.288036,11.704294,8.01019,9.70749,14.7217,11.783338,8.561526,12.451254,16.854422,16.792048,20.90108,21.944502,21.682749,26.48032,25.808481,27.93704,31.387856,28.235111,24.52876,20.341164,22.889591,16.29653,18.889908,16.037376,18.428034,16.39249,19.910416,23.652555,24.88806,28.153717,28.881447,29.21429,27.844791,24.035868,22.918348,25.416656,21.926586,17.105307,17.400797,22.275785,25.510658,24.045874,20.699457,23.568636,17.288265,20.283117,18.131887,20.449242
32,16.727633,14.656509,14.9529295,12.576774,9.82904,12.351888,8.504228,13.937911,13.075459,16.999357,19.271097,22.57567,23.603172,23.843477,22.50993,19.478643,21.838345,19.176907,25.104511,22.0915,26.90321,27.67125,33.443832,27.827213,24.481968,22.109358,18.641901,15.705637,12.467383,11.724618,8.281192,7.2122493,0.0,5.472417,7.5691495,7.025441,6.9392824,10.300638,12.037017,11.592533,12.889763,17.083565,16.618439,17.110048,18.8462,22.56574,22.073893,22.775816,25.602419,23.493576,22.511896,27.141088,28.57436,25.776014,26.842033,26.32852,21.947044,23.471489,26.086174,21.676266,17.84236,20.818375,20.032995,21.945305,18.14351,14.582909,16.389807,13.436973,13.451017,19.392641,17.799286,14.481651,16.62112,21.950735,20.6604,25.45541,25.750463,24.41655,29.12393,27.219755,28.849894,31.633118,27.995377,24.918465,20.954033,24.483662,18.43121,22.602766,20.78904,23.909399,22.630438,26.127127,29.840385,30.845448,33.788788,34.18351,33.840393,31.819365,28.512661,26.737976,28.413828,25.790068,21.149218,19.552114,23.889505,26.728842,24.179295,20.95489,22.137882,16.031069,17.43883,14.784129,15.801752
33,20.575272,18.874287,19.375395,17.529665,14.722441,17.183512,12.651019,17.952044,16.000374,19.875433,21.465502,24.84101,26.556713,26.435263,26.250286,22.350767,25.091972,22.00107,28.37991,25.079353,29.953636,31.061504,36.687733,30.679955,27.184978,25.386814,21.223486,19.015852,15.113849,14.684414,10.428081,7.2367373,5.472417,0.0,5.4576015,8.178145,7.510852,7.629691,11.150698,12.381394,12.23578,15.441566,16.46385,17.479597,17.746687,21.61544,22.425142,22.837732,24.73028,22.265535,20.585798,26.285467,26.626823,23.286564,24.745186,24.44487,20.524984,21.692657,23.395445,18.920742,15.893378,17.639961,16.690752,17.81132,14.20694,11.397958,12.911872,10.615376,11.929009,17.302633,16.111643,13.9213505,16.30262,21.285576,19.571081,24.26875,25.292217,23.730501,28.860579,26.843082,29.139278,32.06239,29.021107,25.912783,21.689222,25.582644,19.453989,23.422783,21.546404,24.40922,22.974304,26.701078,30.165024,31.705502,34.841843,35.81498,35.982872,34.20304,30.46539,28.79123,31.521406,28.590242,23.673292,22.84273,27.625563,30.587315,28.248999,24.916506,26.221737,19.810564,21.567091,18.301634,19.627323
34,24.02129,22.121674,22.496344,19.81526,16.660526,17.860197,12.919252,17.067322,14.051601,18.423553,19.035053,22.487104,24.172848,23.363777,23.42764,18.731047,21.350517,17.847948,24.387207,21.01894,25.86335,27.380373,32.710587,26.472824,23.080124,21.690971,17.362963,16.114511,11.753186,12.966961,7.059028,7.033299,7.5691495,5.4576015,0.0,4.6233454,6.183645,5.25745,6.5323653,8.481592,9.785878,11.161977,11.808703,13.980424,14.5367985,17.037504,17.929045,19.412354,21.027138,19.269766,16.857014,21.828438,22.746712,19.667313,20.268167,19.47024,15.427757,16.48758,18.75335,14.7752905,10.766086,13.257368,12.701723,14.602394,10.800549,7.016817,9.579884,7.5969634,6.8874035,12.597139,12.23891,10.181563,11.319292,16.521393,14.328749,19.20122,19.99294,18.287195,23.406116,21.470446,23.839243,26.921318,24.049515,20.791838,16.499907,20.37022,14.349011,18.49195,17.15555,20.313856,19.698666,23.606974,26.661646,28.455858,31.281466,32.64141,32.688618,30.574839,26.784067,24.729288,28.278103,25.835821,20.74617,19.655867,24.646616,27.492882,25.171507,21.835697,23.126772,16.61917,18.954597,15.548915,17.810085
35,23.06587,20.8162,20.699219,17.357643,14.021456,14.268642,9.46523,12.852911,9.8608,14.479341,15.222612,18.684727,19.976114,19.263508,18.869852,14.437794,17.09104,13.950958,20.48716,17.724192,22.634457,24.199808,29.504358,23.449152,20.35146,18.482317,14.9025755,13.528239,9.395296,11.650951,4.714859,8.758841,7.025441,8.178145,4.6233454,0.0,4.311686,6.8879232,5.637279,5.238514,8.448634,10.951854,9.835428,11.395429,13.487632,15.924577,15.460499,17.164047,19.682222,18.300694,16.71928,20.556324,22.558058,20.127668,20.457659,19.695662,15.177234,16.963614,19.992664,15.895298,11.547873,15.609305,15.690997,18.028175,13.883135,9.964968,13.228463,11.131466,8.524109,14.473757,14.349157,11.4431715,11.394334,17.05143,14.775194,19.824564,19.671673,17.784119,22.437471,20.229523,21.905167,24.723927,21.28832,18.176676,14.111134,18.052532,12.31678,17.252335,16.529638,20.178583,20.182045,23.95155,27.012318,28.454578,30.93439,31.962475,31.435429,28.83133,25.45187,22.965351,25.94827,24.180105,19.244074,16.955225,21.627811,24.224354,21.427147,18.171053,18.82278,12.37825,14.3782215,10.953281,13.314436
