,0,1,2,3,4,5,6,7,8,9,10,11,12,13,14,15,16,17,18,19,20,21,22,23,24,25,26,27,28,29,30,31,32,33,34,35,36,37,38,39,40,41,42,43,44,45,46,47,48,49,50,51,52,53,54,55,56,57,58,59,60,61,62,63,64,65,66,67,68,69,70,71,72,73,74,75,76,77,78,79,80,81,82,83,84,85,86,87,88,89,90,91,92,93,94,95,96,97,98,99,100,101,102,103,104,105,106,107,108,109,110,111
0,0.0,4.3255496,6.026488,9.487933,11.899861,14.162965,17.17395,21.558664,24.449598,26.719316,31.248117,28.630108,26.853077,26.071945,21.204887,21.400826,16.456923,16.92409,14.249248,13.880412,14.556767,10.462563,14.769382,16.682194,15.737352,18.145248,19.506493,21.803444,18.87019,23.140015,21.775606,26.61009,30.380096,32.20141,35.405266,36.135567,39.881493,39.587746,36.877743,33.59382,34.72495,31.269302,29.06836,27.87813,25.486332,24.176577,20.027493,20.110573,18.551533,16.928745,16.726902,13.485709,15.2826395,15.265395,19.276386,23.015902,23.94957,23.96946,28.78868,28.737505,25.646086,31.367472,30.936415,32.103165,35.11001,34.287994,37.931564,36.38239,41.431225,39.07067,35.141537,37.896267,34.748894,39.56088,35.49218,35.234978,35.886612,33.298237,33.58468,35.03233,31.931377,29.393116,27.012972,25.023977,25.938313,21.819855,25.241795,21.646015,23.226337,23.895468,24.161013,25.103949,29.432926,30.642433,32.433487,33.259876,33.920914,32.561924,30.28679,31.559002,29.511549,29.46483,31.072166,30.427608,33.975235,33.26164,32.08159,37.57494,34.41262,38.05577,38.41648,41.14409
1,4.3255496,0.0,5.3157024,6.4819093,8.766763,12.107764,14.21908,19.3679,21.536602,24.17167,28.337677,25.861881,24.581055,23.43544,18.821104,18.21129,13.425905,13.130644,10.570037,9.581861,10.49336,6.9568453,11.496889,12.795918,12.787565,14.467608,16.386936,18.186802,14.9094305,19.003914,17.878736,22.468819,26.776705,28.421852,31.779242,32.65766,36.227486,35.847015,32.95851,29.527998,30.88089,27.18708,25.24646,23.984312,21.874632,20.690298,16.71998,17.212694,16.036531,15.06294,14.756534,12.431301,14.345971,14.264403,17.496038,21.124706,21.375042,21.78694,26.776207,26.398434,23.011108,28.395998,27.691046,28.553116,31.587708,30.403502,33.97074,32.235107,37.336243,34.99883,30.975323,33.613632,30.457481,35.240726,31.258175,30.99741,31.800724,29.343287,29.81366,31.430748,28.516935,25.74121,23.46497,21.208029,21.81248,17.716898,20.927801,17.370605,19.0834,20.017483,20.586143,21.778723,26.153399,27.554047,29.21162,29.84048,30.271982,28.730604,26.251156,27.56176,25.289156,25.469147,26.932604,26.565123,30.362297,29.491484,28.127571,33.616688,30.237202,33.94674,34.21143,37.054276
2,6.026488,5.3157024,0.0,5.143298,6.8027554,8.3947735,11.600501,15.576275,18.728582,20.801805,25.4586,22.943186,21.059246,20.606234,15.69437,16.334482,11.923757,12.730428,11.747523,11.781737,14.109088,11.516443,16.338667,16.755943,16.882515,17.8518,18.677889,20.09081,15.568498,19.855982,17.471241,22.656487,25.21406,27.396305,30.224413,30.84145,34.747215,34.53549,32.181835,29.278698,29.974718,27.274141,24.632965,24.437628,21.299875,21.179562,17.22237,18.171509,17.61802,15.689898,14.338216,11.370851,11.85449,10.502213,14.215749,17.98802,19.42607,20.058662,24.663153,25.270552,22.186481,28.021948,26.946638,28.53165,30.802822,30.64286,34.120895,32.748325,37.813446,36.047318,32.31853,35.13896,31.602438,36.640007,31.966196,32.33708,32.611656,29.842989,30.280958,31.335192,28.517845,26.235897,22.956118,21.480679,22.531013,19.040533,22.447166,20.043531,21.717684,23.371546,23.751019,25.72271,29.73707,30.755661,32.00506,32.274452,32.36174,31.359129,28.729269,30.630278,27.969486,28.989216,29.965103,30.185656,34.30988,32.83865,31.170235,36.27719,32.286827,35.671425,35.461784,37.892086
3,9.487933,6.4819093,5.143298,0.0,3.8027031,6.079867,8.767432,13.383014,15.429644,18.435057,22.324997,19.481705,18.1899,16.95888,12.357908,11.935935,7.243268,7.8066683,6.891178,7.716584,10.632779,9.415075,14.282433,14.1920595,16.137238,15.938956,17.808792,18.219753,12.607972,16.268316,13.831284,18.338852,21.39356,22.886574,26.204424,26.74262,30.553455,30.511732,27.8025,24.800598,26.162119,23.388193,21.239515,21.467545,18.656555,19.30476,15.86763,17.6249,17.727169,16.756098,15.258508,13.626805,14.00896,12.235726,14.481242,17.954979,18.615433,20.079575,24.72885,25.071873,21.621483,26.843725,25.106739,26.244045,28.250734,27.575005,30.774359,28.905928,34.161648,32.656994,28.707031,31.052906,27.327742,32.030888,27.169813,27.41016,27.531778,24.728373,25.150719,26.288544,23.515121,21.124777,17.967018,16.351307,17.532043,14.033118,17.907515,16.117739,18.444794,20.634195,21.737602,23.842688,27.944487,29.370182,30.45516,30.423235,30.093914,28.663939,25.594553,27.399164,24.092112,25.428335,25.691048,26.12448,30.424593,28.467152,26.651873,31.514393,27.409689,30.652344,30.474571,32.809193
4,11.899861,8.766763,6.8027554,3.8027031,0.0,5.320897,5.4614606,11.061536,12.885838,15.4653015,19.613392,17.528606,16.530586,15.696308,11.371805,10.688738,7.5496416,6.796236,8.576847,7.8943305,11.677609,11.584755,15.630505,14.265595,15.951181,15.053113,15.983349,15.9985695,9.911092,13.774976,10.834358,16.020042,18.54247,20.823856,23.605623,24.451757,28.18354,27.830673,25.43884,22.539963,23.207672,20.634592,18.035713,18.449558,15.202638,16.204298,12.912475,15.024584,15.699722,14.64303,12.656285,11.694285,11.56291,9.672302,11.073944,14.384412,14.862036,16.523996,21.086832,21.532495,18.121025,23.346392,21.491842,22.87696,24.719261,24.460453,27.72299,26.238964,31.352688,29.969374,26.29907,29.01764,25.27331,30.429182,25.56185,26.387486,26.689613,24.060532,24.92451,25.983938,23.718515,21.266687,17.536385,16.032024,16.559181,13.832473,16.588259,15.351143,17.060326,19.638016,20.378916,23.161665,26.792292,27.855307,28.590225,28.292807,27.757118,26.799692,23.796417,26.11261,22.91523,24.896498,25.327057,26.462482,31.065607,29.082731,26.93641,31.686375,26.9541,30.239882,29.503393,31.934929
5,14.162965,12.107764,8.3947735,6.079867,5.320897,0.0,5.871073,7.770145,10.946813,13.490866,17.689053,14.66703,12.703257,12.309053,7.39761,8.950543,6.1860175,8.4004965,10.401704,12.017273,15.661982,15.333445,19.973688,19.093927,21.18026,20.249254,21.17468,20.91079,14.241532,17.411228,13.520077,18.115105,18.53809,20.524284,23.119352,23.238472,27.423033,27.675615,25.66632,23.490076,24.10529,22.82372,20.018402,21.853899,18.023424,20.314793,17.42527,19.77874,20.688042,19.199118,16.783077,15.318326,14.075802,10.722115,12.082464,15.172684,17.021612,19.132828,23.005066,24.452564,21.41023,26.624073,24.200531,26.024101,26.835423,27.321527,30.181099,28.674643,33.77983,33.131157,29.616915,31.963758,27.84944,32.61872,26.99347,28.050703,27.459904,24.378265,24.794243,25.138756,22.718735,21.088232,16.661032,16.317762,17.977386,15.77948,19.478916,19.385838,21.564625,24.46991,25.463367,28.285244,31.913795,33.004555,33.585754,33.079006,32.2519,31.357689,28.129921,30.505125,26.76905,29.066578,28.652393,29.818668,34.386673,31.747976,29.59654,33.771023,28.999525,31.6857,30.86982,32.586258
6,17.17395,14.21908,11.600501,8.767432,5.4614606,5.871073,0.0,6.6353836,7.796442,10.086492,14.289314,12.860345,12.256641,11.949365,8.520177,7.895378,7.98009,7.003883,11.542208,11.126578,15.282728,16.371265,19.839645,17.486887,19.599686,17.646755,17.804274,16.748293,9.798295,12.620339,8.264876,13.481125,13.815796,16.871391,18.892553,19.74869,23.572628,23.191874,21.36464,19.066128,18.922224,17.544926,14.358444,16.337543,12.236026,15.146675,12.916606,15.8119545,17.535732,16.540283,13.862284,13.938615,12.5484915,9.814434,8.893657,11.273849,11.945644,14.614293,18.405342,19.531673,16.397648,21.136415,18.431925,20.252869,20.975554,21.612797,24.524843,23.378246,28.312056,27.703836,24.492594,27.22752,23.208242,28.511856,23.167433,24.87213,24.816988,22.208033,23.38644,23.955381,22.364109,20.312948,15.640984,14.971629,15.2788,14.127701,15.97472,16.557568,17.941563,21.250095,21.954615,25.457771,28.4456,29.214828,29.34978,28.483517,27.345825,26.889887,23.748644,26.632174,23.087694,26.108217,25.946165,27.975246,32.85727,30.343386,27.805395,31.895494,26.417437,29.282866,27.79485,29.861649
7,21.558664,19.3679,15.576275,13.383014,11.061536,7.770145,6.6353836,0.0,5.176685,6.1454115,10.673334,8.608856,6.5920763,8.143311,5.6600003,8.284224,10.414426,11.651783,16.014902,17.096457,21.144447,22.023878,25.95737,23.905888,26.204592,24.243135,24.19652,22.931896,15.978403,17.907846,13.082957,16.972925,13.7377405,16.75162,17.812227,17.7172,22.0368,22.350983,21.469332,20.466309,19.737417,20.468534,17.051632,20.764755,16.206062,20.40476,18.771662,21.707571,23.638393,22.186863,19.14896,18.808647,16.360085,12.525033,11.122353,12.450821,14.854777,17.86505,20.311876,22.752804,20.363949,24.751657,21.446095,23.854977,23.034555,24.904238,27.154913,26.266209,30.874338,31.302279,28.56453,30.911125,26.61472,31.433346,25.366922,27.595022,26.52747,23.588135,24.400969,23.962433,22.62103,21.68712,16.209185,17.136608,18.404282,18.221544,20.537815,22.31674,23.940496,27.505987,28.320717,31.945456,34.77357,35.436737,35.305065,34.155174,32.66833,32.480953,29.237354,32.261005,28.311216,31.75374,30.787281,33.016975,37.876602,34.712727,32.11255,35.42505,29.79805,31.875652,30.053255,31.192196
8,24.449598,21.536602,18.728582,15.429644,12.885838,10.946813,7.796442,5.176685,0.0,4.818534,6.914209,5.369831,6.25548,6.339231,6.7213745,6.4267077,10.877634,10.842851,16.048155,16.835575,20.760973,22.717766,25.90901,23.252779,26.34394,23.561134,23.868416,21.74054,14.7358265,15.293307,10.584541,12.973355,8.7876005,11.6411495,12.765276,12.829466,17.059862,17.363455,16.302279,15.467782,14.965961,16.186699,13.235657,17.82766,13.789954,18.906708,18.246523,21.608116,24.011213,23.363125,20.509443,21.163057,19.135813,15.948672,13.50478,14.037749,14.839052,18.423664,20.643208,22.498703,19.971441,23.243322,19.298712,21.152763,19.788927,21.279999,23.05642,21.86708,26.457493,27.334421,24.686462,26.61353,22.226816,26.78158,20.600567,23.184853,22.042925,19.3327,20.50526,20.05238,19.389486,18.42181,12.875889,14.0233345,14.771663,15.779301,17.258366,20.203276,21.81529,25.716265,26.875832,30.637121,33.1423,33.94863,33.534462,32.051098,30.136765,29.811436,26.386446,29.430914,25.173843,29.10914,27.602118,30.347843,35.264557,31.826164,29.022835,31.821833,25.87604,27.686953,25.479425,26.51158
9,26.719316,24.17167,20.801805,18.435057,15.4653015,13.490866,10.086492,6.1454115,4.818534,0.0,5.7753944,7.342324,7.579332,9.752873,10.268152,11.164884,15.06525,14.961166,20.217718,20.4383,24.516233,26.229689,29.397501,26.457779,28.764673,26.08485,25.342321,23.345093,16.967176,17.730646,13.043683,15.919451,10.009709,14.358148,13.6058655,13.924085,17.86589,17.741758,17.923769,17.792364,15.560701,17.80623,14.06579,18.897453,14.2792015,19.559376,19.155289,22.309679,24.910261,23.814236,20.681084,21.444365,18.759857,15.543304,12.274907,11.709953,13.3529215,16.863321,18.025867,20.737495,18.93158,22.11297,18.217058,20.857073,18.772379,21.65866,23.375753,23.156027,27.138844,28.288877,26.322367,28.751322,24.605324,29.506878,23.628872,26.759418,25.784168,23.364052,24.749138,24.085434,23.810686,23.016739,17.475807,18.699478,19.002062,20.223618,20.881119,23.705454,24.631002,28.45621,29.036493,33.153736,35.220535,35.51777,34.821106,33.19897,31.249193,31.656261,28.593689,32.044243,28.25677,32.431076,31.352604,34.38485,39.376743,36.13168,33.23431,36.0021,29.816853,31.598164,28.959955,29.938866
10,31.248117,28.337677,25.4586,22.324997,19.613392,17.689053,14.289314,10.673334,6.914209,5.7753944,0.0,5.5818715,8.341234,9.5658245,12.552306,12.406763,17.50051,17.219172,22.533382,23.095764,26.890379,29.298273,32.050694,28.911299,32.03091,28.776674,28.562122,25.879011,19.630259,19.02375,14.891357,15.477708,7.4848537,10.760275,8.931122,8.584968,12.532718,12.983238,13.74108,14.816777,12.72111,16.6078,13.882446,19.739723,16.064684,22.005602,22.475239,25.875172,28.741217,28.24595,25.305756,26.53258,24.133976,21.120564,17.695456,16.781397,17.341675,21.082138,21.769196,24.05756,22.333721,24.197054,19.697458,21.664082,18.49527,21.161028,21.876347,21.342117,24.975143,27.093882,25.440016,27.033138,22.849676,26.893766,20.819374,24.357912,22.820663,20.650099,22.1035,20.941685,21.542383,21.324343,16.03634,17.988592,18.214031,20.648733,20.853058,24.887959,26.00012,30.056637,31.088541,35.16594,36.97738,37.484665,36.52549,34.56603,32.14532,32.35385,29.11354,32.424706,28.239891,32.81416,30.872063,34.288048,39.17094,35.450203,32.456,34.29685,28.02185,29.066467,26.022133,26.329393
11,28.630108,25.861881,22.943186,19.481705,17.528606,14.66703,12.860345,8.608856,5.369831,7.342324,5.5818715,0.0,4.046897,4.1148005,8.110074,8.661589,13.690843,14.595174,19.234064,20.960915,24.603832,26.666142,29.953209,27.560263,31.184902,28.271357,28.97844,26.609894,19.62068,19.482616,15.135807,15.848042,10.016033,10.964923,11.713259,10.286798,14.84017,16.250223,15.671366,16.073606,16.038647,18.687225,16.484722,21.814209,18.236446,23.738678,23.429424,26.855934,29.30916,28.731224,25.871134,26.39977,24.235792,20.77369,18.435448,18.641953,19.70377,23.366386,25.00825,27.149546,24.874235,27.5779,23.281715,24.96207,22.686884,24.317434,25.314795,23.87815,28.168032,29.881887,27.453499,28.594719,24.112799,27.682718,21.080256,23.76536,21.629309,18.75194,19.463486,18.081312,17.843061,17.99518,12.4302225,14.937877,16.47196,18.21704,20.122541,23.883398,25.888893,29.902426,31.430471,35.056526,37.554478,38.543995,38.0247,36.3657,34.17564,33.676975,30.087456,32.93336,28.255835,32.331776,29.947893,32.72829,37.46512,33.443985,30.685081,32.598198,26.824533,27.766712,25.468931,25.521538
12,26.853077,24.581055,21.059246,18.1899,16.530586,12.703257,12.256641,6.5920763,6.25548,7.579332,8.341234,4.046897,0.0,4.0219135,6.235459,9.079353,12.951311,14.869854,19.015863,21.151972,24.898233,26.258286,30.118586,28.183155,31.4117,29.014809,29.597822,27.750895,20.584692,21.324461,16.676392,18.533255,13.432455,14.798514,15.662157,14.281653,18.823685,20.185158,19.657282,19.773352,19.607393,21.80184,19.157763,24.040934,19.994925,25.076153,24.130367,27.354883,29.516945,28.441238,25.464535,25.343239,22.942375,19.0856,17.410471,18.040922,20.081112,23.467922,25.253693,27.815598,25.588154,29.061832,25.097063,27.174723,25.258255,27.147783,28.530474,27.250305,31.657227,33.041393,30.468998,31.911505,27.41541,31.219807,24.621853,26.996593,24.888956,21.765223,22.136023,20.768673,19.858616,20.064335,14.457191,16.817019,18.856598,19.708008,22.382456,25.412071,27.539934,31.395195,32.76518,36.299625,39.088234,40.03182,39.72268,38.284863,36.365738,35.907516,32.367657,35.202396,30.63419,34.3847,32.303555,34.689953,39.403713,35.505566,32.89571,35.19177,29.660545,30.806576,28.85457,28.987598
13,26.071945,23.43544,20.606234,16.95888,15.696308,12.309053,11.949365,8.143311,6.339231,9.752873,9.5658245,4.1148005,4.0219135,0.0,5.025249,6.2913494,10.647507,12.566563,16.421963,18.984001,22.434027,24.134584,27.792835,26.01237,29.868353,27.305166,28.630291,26.591,19.314281,19.641716,15.360036,16.387672,12.597594,12.554237,14.741189,13.253758,17.762245,19.361639,17.958174,17.653147,18.7107,20.278873,18.351234,23.02189,19.575691,24.51993,23.627094,26.958834,29.042837,28.42048,25.705994,25.73375,23.859694,20.258223,18.818361,19.8214,21.072435,24.551699,26.867815,28.802107,26.170023,29.439981,25.403671,26.899374,25.356802,26.317389,27.621912,25.702398,30.39744,31.653385,28.70808,29.687006,25.120104,28.497887,21.796362,23.73788,21.45321,18.154959,18.32242,17.070751,15.917951,16.09333,10.534884,13.084993,15.555505,16.426363,19.601505,22.8376,25.404682,29.265621,31.067087,34.31523,37.29297,38.589,38.414066,37.02338,35.0773,34.121952,30.377869,32.873383,28.007776,31.593925,29.102577,31.321253,35.921436,31.843647,29.307135,31.466566,26.15657,27.214033,25.57153,25.681324
14,21.204887,18.821104,15.69437,12.357908,11.371805,7.39761,8.520177,5.6600003,6.7213745,10.268152,12.552306,8.110074,6.235459,5.025249,0.0,4.9239345,6.909545,9.72975,13.104863,15.757942,19.347565,20.315199,24.469606,23.108578,26.45421,24.485157,25.772213,24.375254,17.045729,18.505535,14.110397,16.731287,14.765429,15.657589,18.188156,17.409826,21.850603,22.892416,21.153429,19.952753,20.916471,21.245584,18.873875,22.532543,18.786385,22.861872,21.156082,24.204079,25.867224,24.903408,22.251205,21.695824,19.97445,16.299667,15.803187,17.63306,19.291296,22.362701,25.319948,27.169273,24.328472,28.472746,24.99008,26.672262,26.067768,26.849794,28.83901,27.0196,31.999102,32.47149,29.201801,30.727585,26.245932,30.225752,23.83294,25.33622,23.686024,20.337065,20.504408,19.94831,18.001358,17.398005,12.116797,13.465381,15.932388,15.391647,19.194063,21.18428,23.777084,27.345545,28.92121,32.000267,35.32195,36.592583,36.73979,35.69769,34.179985,33.188118,29.563076,32.005733,27.45692,30.53681,28.77066,30.51249,35.132473,31.53179,29.153154,32.177082,27.092098,28.840384,27.626204,28.403423
15,21.400826,18.21129,16.334482,11.935935,10.688738,8.950543,7.895378,8.284224,6.4267077,11.164884,12.406763,8.661589,9.079353,6.2913494,4.9239345,0.0,5.4941235,6.3199143,10.581606,12.746088,16.199203,18.178013,21.573746,19.736065,23.77359,21.220629,23.054707,21.13966,13.841171,14.488205,10.5705,12.239993,11.991119,12.156485,15.647667,15.376003,19.443838,20.218174,17.709045,15.849408,17.680069,17.190426,15.516407,18.914127,15.931179,19.981651,18.726221,21.982683,23.818851,23.610577,21.278313,21.483002,20.385023,17.422922,16.419909,18.115374,18.393328,21.638155,24.91016,25.929564,22.751768,26.27512,22.673588,23.667816,23.410118,23.256098,25.175743,22.877941,28.050545,28.344152,24.826843,26.084442,21.607723,25.5002,19.236933,20.570244,19.25483,16.057371,16.601948,16.640375,14.889336,13.528706,8.3143425,8.959321,11.030015,10.813216,14.382866,16.84794,19.60071,23.311453,25.232124,28.251791,31.47971,32.977856,33.081112,31.953146,30.299131,28.96927,25.19625,27.480026,22.738297,25.940996,23.960402,25.933142,30.635412,27.014292,24.499758,27.542397,22.282179,24.23142,23.01121,24.170122
16,16.456923,13.425905,11.923757,7.243268,7.5496416,6.1860175,7.98009,10.414426,10.877634,15.06525,17.50051,13.690843,12.951311,10.647507,6.909545,5.4941235,0.0,4.608364,6.212688,9.559569,12.736926,13.647932,17.811562,17.029978,20.81697,19.170065,21.579275,20.55224,13.592802,15.493529,12.25671,15.029287,16.876572,17.114439,20.913559,20.816725,24.770573,25.386703,22.54902,20.060553,22.18985,20.479843,18.846811,20.81224,18.030231,20.647856,18.395178,21.138086,22.216434,21.815525,19.854366,19.233706,18.756138,16.040031,16.545393,19.195469,19.71747,22.313845,26.32017,27.038895,23.604452,27.909521,25.022404,25.948612,26.74439,26.09071,28.5398,26.13258,31.497034,30.984154,27.051376,28.517324,24.289783,28.254211,22.516432,22.95866,22.098112,18.885086,19.019928,19.624626,16.93022,15.096052,11.215051,10.562855,12.917595,10.486705,15.370115,15.949054,19.088177,22.20964,24.140451,26.568476,30.410809,32.12783,32.759335,32.13829,31.040949,29.358006,25.704,27.554356,23.128323,25.347012,23.974884,24.991835,29.464924,26.32543,24.220407,28.065418,23.587765,26.053667,25.657856,27.246056
17,16.92409,13.130644,12.730428,7.8066683,6.796236,8.4004965,7.003883,11.651783,10.842851,14.961166,17.219172,14.595174,14.869854,12.566563,9.72975,6.3199143,4.608364,0.0,5.6509433,6.4385533,10.089667,12.263474,15.385536,13.532169,17.582294,15.261819,17.715467,16.258373,9.32402,10.966189,8.26349,11.172739,14.774224,15.410413,19.240122,19.888052,23.383059,23.396889,20.288374,17.193874,19.309916,16.655716,15.25936,16.516296,14.262915,16.529089,14.588324,17.482418,18.805912,19.0291,17.302227,17.581291,17.555155,15.638048,15.444357,17.825962,17.170948,19.7596,23.955845,23.97974,20.345995,24.211939,21.439661,21.935623,23.234642,22.005255,24.635113,22.204409,27.600838,26.709217,22.694445,24.417343,20.349112,24.763578,19.509216,20.056032,20.023373,17.306078,18.156631,19.388361,17.261074,14.595668,11.123614,9.26121,10.01296,7.559985,11.278837,11.740481,14.606523,17.907566,19.823723,22.499493,26.105555,27.785555,28.302385,27.601883,26.457289,24.76635,21.128191,23.118446,18.842628,21.307276,20.362345,21.843967,26.58141,23.78991,21.433828,25.625147,20.73052,23.705841,23.046583,25.282652
18,14.249248,10.570037,11.747523,6.891178,8.576847,10.401704,11.542208,16.014902,16.048155,20.217718,22.533382,19.234064,19.015863,16.421963,13.104863,10.581606,6.212688,5.6509433,0.0,5.2565336,7.012705,8.123114,11.9589405,12.007703,16.397684,15.147396,18.873968,18.255007,12.618816,14.57302,13.1977825,15.483387,20.179413,19.939623,24.320398,24.717138,28.121185,28.374908,24.854052,21.508066,24.417818,21.128633,20.333769,20.598728,19.049864,20.06841,17.567535,19.76715,20.182062,20.529274,19.469913,18.988499,19.767754,18.237926,19.30591,22.228155,21.732183,23.77417,28.378489,28.067375,24.304867,28.40771,26.163479,26.320868,28.269781,26.363384,29.074793,26.247215,31.702475,30.308409,25.915825,27.235807,23.49882,27.235712,22.497982,21.894897,21.929998,19.180239,19.345081,20.967686,17.998821,15.189801,13.364745,10.954644,12.456926,8.199727,13.4648485,12.121415,15.73649,18.118595,20.444052,22.002396,26.328821,28.521158,29.637228,29.454842,28.801762,26.429823,22.884668,23.985043,19.886797,21.000404,20.160526,20.299065,24.518372,22.030592,20.299747,24.957495,21.316055,24.434404,24.841623,27.15478
19,13.880412,9.581861,11.781737,7.716584,7.8943305,12.017273,11.126578,17.096457,16.835575,20.4383,23.095764,20.960915,21.151972,18.984001,15.757942,12.746088,9.559569,6.4385533,5.2565336,0.0,4.1649756,6.703739,9.081382,7.4962626,11.658891,9.99728,13.674561,13.158101,8.43045,10.934907,10.696232,13.699128,19.641806,20.36456,24.267527,25.415348,28.432974,27.964209,24.513968,20.720327,23.008154,18.773565,17.902351,16.829792,15.78953,15.603735,12.995034,14.929334,15.271483,16.158607,15.524941,15.794542,17.195253,16.69962,17.437551,20.195303,18.762875,20.378048,25.207537,24.18553,20.323961,24.25983,22.571487,22.465197,25.228039,22.96631,26.08958,23.620174,28.920502,26.866068,22.523958,24.537312,21.215433,25.71329,21.802582,21.462559,22.553804,20.442955,21.380539,23.427444,21.109032,17.765945,15.990861,12.97017,12.603944,8.642098,11.400374,8.52445,11.288553,13.486014,15.392166,17.263338,21.444656,23.424147,24.551607,24.480413,24.062664,21.887285,18.629309,19.97855,16.612028,17.719248,18.196997,18.780869,23.266315,21.654089,19.713892,24.958391,20.925543,24.69881,24.721336,27.7704
20,14.556767,10.49336,14.109088,10.632779,11.677609,15.661982,15.282728,21.144447,20.760973,24.516233,26.890379,24.603832,24.898233,22.434027,19.347565,16.199203,12.736926,10.089667,7.012705,4.1649756,0.0,4.761905,5.4494133,5.394623,10.4769945,9.4438925,14.430678,14.285638,11.390384,13.218529,14.132325,16.11681,22.981758,23.067175,27.317686,28.471136,31.21552,30.766056,26.966614,22.929337,25.822556,21.03534,20.865828,19.047216,18.914814,17.910841,15.467525,16.815424,16.569624,17.99882,18.062601,18.286304,20.28134,20.240885,21.2879,24.074326,22.354265,23.674055,28.59814,27.097837,23.215805,26.785954,25.452063,24.825277,28.04396,25.039804,28.08499,25.278847,30.490093,28.013956,23.454287,25.0529,22.18283,26.084759,22.909307,21.74986,23.19905,21.383585,22.119135,24.584417,22.089514,18.52596,17.983028,14.54807,14.070883,9.645809,12.340861,8.100284,11.192979,12.334416,14.744532,15.455203,20.1035,22.603453,24.161257,24.461834,24.383852,21.563128,18.470194,18.931417,15.897611,15.771114,16.565557,16.163612,20.23645,19.188175,17.711689,23.352217,20.277296,24.250158,24.957859,28.239126
21,10.462563,6.9568453,11.516443,9.415075,11.584755,15.333445,16.371265,22.023878,22.717766,26.229689,29.298273,26.666142,26.258286,24.134584,20.315199,18.178013,13.647932,12.263474,8.123114,6.703739,4.761905,0.0,5.4409294,8.070624,10.668686,11.608695,15.859858,16.863333,14.197606,17.03237,17.266562,20.215855,26.298233,26.75051,30.868137,31.82684,34.922405,34.594036,31.006496,27.139816,29.67481,25.176744,24.439764,22.659315,21.892488,20.541145,17.345192,18.126701,17.1542,17.816881,18.047472,17.189962,19.439732,19.493675,21.587254,24.824984,23.854937,24.732538,29.815588,28.617987,24.864794,29.186079,28.225283,28.072012,31.395102,28.901806,32.170433,29.657602,34.847885,32.281002,27.834845,29.703678,26.834305,30.840435,27.490013,26.364952,27.528114,25.431637,25.834278,28.042625,25.130508,21.89774,21.038507,18.009798,18.255507,13.667548,16.974878,12.714279,15.242614,15.796173,17.494078,17.784956,22.624592,24.89208,26.767,27.435886,27.77573,25.233858,22.499205,22.94063,20.423416,19.825348,21.01328,20.007935,23.557701,22.861286,21.78034,27.433533,24.793678,28.636057,29.52063,32.609577
22,14.769382,11.496889,16.338667,14.282433,15.630505,19.973688,19.839645,25.95737,25.90901,29.397501,32.050694,29.953209,30.118586,27.792835,24.469606,21.573746,17.811562,15.385536,11.9589405,9.081382,5.4494133,5.4409294,0.0,5.10953,8.07629,9.082719,14.360097,15.349681,14.872485,16.852594,18.567114,20.608982,27.923538,28.179527,32.322838,33.678226,36.229675,35.544876,31.708296,27.495043,30.262964,24.95456,24.94156,22.035637,22.483564,20.11797,17.51131,17.797066,16.573925,18.3438,19.34144,19.398504,22.183075,22.996635,24.556032,27.42804,25.494545,26.118883,31.174152,29.123943,25.36645,28.837029,28.32305,27.42823,31.386896,27.993235,31.22418,28.588379,33.48725,30.322596,25.837936,27.567442,25.404726,29.134882,26.945927,25.37261,27.359562,25.931097,26.651627,29.372557,26.850414,23.212198,23.25044,19.695766,18.916119,14.640604,16.33969,10.965721,12.826232,12.1376,14.05334,13.24119,18.264578,20.954285,23.13662,24.115274,24.784761,21.754034,19.41337,19.114786,17.458452,15.776883,17.97997,16.535269,19.734518,20.1115,19.288786,25.290396,23.212902,27.417013,28.538984,32.145355
23,16.682194,12.795918,16.755943,14.1920595,14.265595,19.093927,17.486887,23.905888,23.252779,26.457779,28.911299,27.560263,28.183155,26.01237,23.108578,19.736065,17.029978,13.532169,12.007703,7.4962626,5.394623,8.070624,5.10953,0.0,6.2378764,4.598991,10.327252,10.501167,10.604354,12.200215,14.594259,16.564915,24.167625,24.90378,28.635384,30.38166,32.658276,31.587801,27.91702,23.628944,25.942839,20.384007,20.395761,17.049274,17.890205,15.303318,13.183859,13.747275,13.170508,15.563126,16.429472,17.539602,20.131218,21.137371,21.802977,24.216145,21.59331,22.33084,27.224852,24.866573,21.077915,24.056314,23.502867,22.39607,26.481947,22.96987,26.28245,23.876184,28.673025,25.424208,21.045109,23.225435,21.116835,25.460201,23.45583,22.463541,24.876118,23.747519,25.060965,27.801311,25.874285,22.056255,21.614637,17.979378,16.220331,12.709808,12.653629,6.988039,7.943431,7.750318,9.6729965,10.202489,14.863487,17.310549,19.057114,19.65743,20.030718,17.250744,14.76514,15.15073,13.531483,12.883836,15.5714,15.534245,19.53499,19.692612,18.175913,24.105642,20.967785,25.38256,25.785397,29.662666
24,15.737352,12.787565,16.882515,16.137238,15.951181,21.18026,19.599686,26.204592,26.34394,28.764673,32.03091,31.184902,31.4117,29.868353,26.45421,23.77359,20.81697,17.582294,16.397684,11.658891,10.4769945,10.668686,8.07629,6.2378764,0.0,4.695564,7.430198,10.083843,12.70502,15.387465,17.59146,20.788616,27.697937,29.492464,32.564026,34.580055,36.91994,35.465168,32.269077,28.090105,29.330456,23.804852,23.066654,18.882654,19.421415,15.279446,12.504918,11.4119005,9.384454,11.788218,13.745676,14.72477,18.092314,20.262974,21.45379,23.876814,21.307793,20.949057,25.876015,23.148,19.725954,23.124899,23.760012,23.033417,27.786537,24.840193,28.597311,27.092838,31.420233,27.647915,23.836788,26.914341,25.270523,30.19059,28.57821,28.029484,30.663473,29.595516,31.05978,33.668438,31.76572,28.026037,27.014328,23.597176,21.778515,18.491062,17.895472,12.445447,11.460695,9.99582,9.290263,9.600537,13.754053,15.2109165,17.374792,18.670372,19.97523,18.18842,16.919472,17.640823,17.731262,16.795107,20.774902,20.7218,24.231518,25.253027,23.910732,29.8838,26.762077,31.266565,31.388903,35.410847
25,18.145248,14.467608,17.8518,15.938956,15.053113,20.249254,17.646755,24.243135,23.561134,26.08485,28.776674,28.271357,29.014809,27.305166,24.485157,21.220629,19.170065,15.261819,15.147396,9.99728,9.4438925,11.608695,9.082719,4.598991,4.695564,0.0,5.925967,6.4874835,9.261031,11.059651,13.96242,16.501451,23.809183,25.478405,28.480972,30.659649,32.721027,31.147724,27.895267,23.664543,24.986504,19.268373,18.895178,14.590863,15.700276,11.872326,9.926911,9.823186,9.245596,12.320301,13.594944,15.57942,18.324648,20.049284,20.246166,22.245714,19.042665,19.28229,24.036802,21.167383,17.533777,20.241402,20.334257,19.197048,23.827442,20.482628,24.119009,22.435015,26.834448,23.192902,19.254572,22.319836,20.598856,25.666277,24.117197,23.804693,26.61366,25.775537,27.54146,30.186735,28.70047,24.88742,23.876268,20.41089,18.003029,15.353199,13.660543,8.489718,6.863074,6.2006545,6.15606,8.163906,12.035778,13.714492,15.270146,15.899799,16.534807,14.542707,12.701153,13.906526,13.498429,13.50268,17.21689,18.078886,22.140162,22.665928,20.88442,26.632008,22.916695,27.422117,27.179468,31.27413
26,19.506493,16.386936,18.677889,17.808792,15.983349,21.17468,17.804274,24.19652,23.868416,25.342321,28.562122,28.97844,29.597822,28.630291,25.772213,23.054707,21.579275,17.715467,18.873968,13.674561,14.430678,15.859858,14.360097,10.327252,7.430198,5.925967,0.0,4.2853246,9.581049,12.018455,14.386452,18.009483,23.982622,26.93877,28.912508,31.434458,33.44034,31.393345,28.887218,25.008419,24.841873,19.575352,18.21761,13.404117,13.96754,8.696604,6.5542517,4.664038,3.9406133,7.792585,9.554778,12.597559,15.315973,17.942188,17.692072,19.15966,15.600943,14.915323,19.446005,16.141068,12.855019,15.787663,16.919683,16.352882,21.391617,19.057184,23.08372,22.605318,26.425219,22.669397,19.61604,23.740467,22.245628,28.084755,26.59899,27.200512,30.045412,29.263947,31.349808,33.68431,32.5243,28.88961,26.994162,23.953238,21.340834,19.422003,16.976683,13.055499,10.204267,9.937927,7.320551,10.798507,12.694554,12.563527,13.498024,14.026386,14.951183,14.79589,13.958093,16.312445,16.857124,17.765574,21.77844,23.361086,27.47171,28.034586,26.01322,31.475628,27.124166,31.525173,30.557951,34.623055
27,21.803444,18.186802,20.09081,18.219753,15.9985695,20.91079,16.748293,22.931896,21.74054,23.345093,25.879011,26.609894,27.750895,26.591,24.375254,21.13966,20.55224,16.258373,18.255007,13.158101,14.285638,16.863333,15.349681,10.501167,10.083843,6.4874835,4.2853246,0.0,7.3540382,8.382731,11.551745,14.327111,20.61972,23.414282,25.298107,27.977623,29.676277,27.515192,24.94833,21.04333,20.933865,15.440108,14.48719,9.35166,10.780644,5.7699294,5.4638553,5.745167,7.34653,10.73817,11.433525,14.937143,16.893763,18.8183,17.62172,18.621157,14.429044,14.604013,18.807526,15.451311,11.943679,13.826256,14.144225,12.975981,17.93397,15.05093,18.997715,18.33146,22.256742,18.651773,15.464835,19.632713,18.054592,24.036358,22.623156,23.499466,26.457777,25.918098,28.25288,30.583252,29.829754,26.206587,24.369553,21.376684,18.27187,17.128544,13.642846,10.694024,7.270425,8.233615,6.3661103,10.937115,12.35295,12.517551,12.699687,12.340074,12.3066,12.02357,10.554163,13.564958,13.584909,15.523536,19.015146,21.366074,25.780134,25.88647,23.552294,28.64007,23.835508,28.124456,26.807556,30.880066
28,18.87019,14.9094305,15.568498,12.607972,9.911092,14.241532,9.798295,15.978403,14.7358265,16.967176,19.630259,19.62068,20.584692,19.314281,17.045729,13.841171,13.592802,9.32402,12.618816,8.43045,11.390384,14.197606,14.872485,10.604354,12.70502,9.261031,9.581049,7.3540382,0.0,4.729401,5.0305953,9.677132,15.140642,17.854206,20.218603,22.352476,24.83462,23.351652,20.684208,17.0048,17.33712,12.895322,11.040744,9.125909,7.7563057,7.4632893,5.8160267,8.936824,11.0330305,12.373301,11.215722,13.64036,14.430013,14.659984,13.286676,14.813006,11.736217,13.516049,17.989418,16.454638,12.575397,15.929825,14.185659,14.216596,17.249596,15.507237,19.080053,17.725994,22.6123,20.492874,16.869665,20.236746,17.124853,23.034607,19.601206,20.821167,22.622938,21.223877,23.25039,25.086542,24.047142,20.769451,17.98328,15.45103,13.175129,11.978644,10.29596,9.150912,8.751411,11.944615,12.367442,16.256649,18.79741,19.635918,19.76729,18.97369,18.033762,17.272943,14.359548,17.330305,14.777679,17.665825,18.998209,21.42835,26.333515,24.97807,22.373093,27.131294,21.735903,25.569523,24.146738,27.52738
29,23.140015,19.003914,19.855982,16.268316,13.774976,17.411228,12.620339,17.907846,15.293307,17.730646,19.02375,19.482616,21.324461,19.641716,18.505535,14.488205,15.493529,10.966189,14.57302,10.934907,13.218529,17.03237,16.852594,12.200215,15.387465,11.059651,12.018455,8.382731,4.729401,0.0,4.8675504,5.996749,13.0778265,15.110534,17.547714,19.998383,21.818428,20.114405,17.104094,13.120668,13.99367,8.697455,8.228459,6.1508913,6.9509654,7.9156675,8.756054,11.826876,14.295541,16.318428,15.353988,18.205097,18.812473,18.845901,16.739069,17.522266,13.795638,16.034773,19.754135,17.868307,14.234974,15.759829,13.327417,12.243242,14.965301,12.040944,15.224371,13.26821,18.339472,16.397173,12.533019,15.606866,12.399125,18.40117,15.30003,16.764416,18.974333,18.137154,20.599522,22.62207,22.242775,18.878181,16.655573,14.0336485,10.660941,10.953275,6.965875,7.892129,7.1684947,11.120081,12.256332,16.225311,18.130327,19.206593,18.866617,17.517967,15.842115,14.743979,11.332874,14.508781,11.359956,15.271823,15.938211,19.226591,24.226011,22.593164,19.709206,23.928532,18.11875,21.861284,20.040462,23.601164
30,21.775606,17.878736,17.471241,13.831284,10.834358,13.520077,8.264876,13.082957,10.584541,13.043683,14.891357,15.135807,16.676392,15.360036,14.110397,10.5705,12.25671,8.26349,13.1977825,10.696232,14.132325,17.266562,18.567114,14.594259,17.59146,13.96242,14.386452,11.551745,5.0305953,4.8675504,0.0,6.181239,10.177444,13.108286,15.305485,17.351112,19.984646,18.703041,16.192259,12.915887,13.101616,9.845608,7.5182805,8.681894,6.1449995,9.634811,9.470047,13.011584,15.599757,16.46054,14.591128,16.812895,16.527552,15.606113,13.224177,14.101157,11.415166,14.369655,17.993595,17.362984,13.838832,16.528059,13.395815,13.7488785,15.099941,14.0763855,17.021914,15.484091,20.56114,19.611916,16.236235,19.087683,15.277508,21.05383,16.593616,18.59037,19.68338,18.078094,20.22828,21.577381,20.987654,18.145466,14.599263,12.831353,10.663975,11.017976,9.420132,11.146285,11.587952,15.46072,16.420937,20.377995,22.592304,23.4514,23.117195,21.773052,20.094606,19.484074,16.168325,19.34817,15.822282,19.675463,19.616522,22.650087,27.706356,25.446009,22.554136,26.47495,20.46926,23.686377,21.687069,24.51575
31,26.61009,22.468819,22.656487,18.338852,16.020042,18.115105,13.481125,16.972925,12.973355,15.919451,15.477708,15.848042,18.533255,16.387672,16.731287,12.239993,15.029287,11.172739,15.483387,13.699128,16.11681,20.215855,20.608982,16.564915,20.788616,16.501451,18.009483,14.327111,9.677132,5.996749,6.181239,0.0,8.754748,9.321484,12.364908,14.602768,16.277264,15.028067,11.506655,7.4760323,9.841208,5.793407,6.7732916,8.857238,9.169204,12.887261,14.17409,17.510681,20.137365,21.773006,20.30746,22.791597,22.690714,21.719404,19.136747,19.522697,16.453072,19.53465,22.472725,21.430792,18.188585,19.012074,15.3589525,14.328782,14.886514,12.289359,14.071835,11.1308155,16.555405,16.274866,12.612655,14.139754,9.84502,15.116416,10.424125,12.73265,14.047455,13.102849,15.80614,17.442383,17.745495,14.832388,12.406952,10.558507,6.955884,9.743852,6.029083,10.71953,11.57127,15.669244,17.57254,21.132254,22.925686,24.262762,23.633995,21.872343,19.532406,18.224113,14.4518795,17.218887,12.768174,17.406181,15.937118,19.745714,24.73145,21.912186,18.769054,21.74285,15.302863,18.160229,15.709381,18.620655
32,30.380096,26.776705,25.21406,21.39356,18.54247,18.53809,13.815796,13.7377405,8.7876005,10.009709,7.4848537,10.016033,13.432455,12.597594,14.765429,11.991119,16.876572,14.774224,20.179413,19.641806,22.981758,26.298233,27.923538,24.167625,27.697937,23.809183,23.982622,20.61972,15.140642,13.0778265,10.177444,8.754748,0.0,6.0872345,5.4189034,7.7156854,10.355785,9.388054,8.342789,7.9664865,6.2696567,9.220821,7.4189916,13.425443,11.123217,17.061703,18.417044,21.939367,24.993116,25.513485,23.119884,25.266134,23.785917,21.767395,18.174406,17.438051,15.765652,19.53264,20.913244,21.625746,19.3536,20.142696,15.469164,16.17055,13.635174,14.610837,15.308835,14.095895,18.239622,20.019556,18.073954,19.579723,15.406627,19.853739,14.2083,17.993013,17.475449,16.036829,18.35789,18.256813,19.295021,18.00434,13.692393,14.370094,12.917715,16.156384,14.561854,19.145258,19.856596,23.944109,25.183794,29.216713,30.67006,31.350271,30.265327,28.155476,25.514986,25.42238,22.121447,25.37241,21.25097,26.092356,24.229692,28.094368,32.987583,29.57856,26.434761,28.351246,21.788012,23.274824,19.95537,21.174955
33,32.20141,28.421852,27.396305,22.886574,20.823856,20.524284,16.871391,16.75162,11.6411495,14.358148,10.760275,10.964923,14.798514,12.554237,15.657589,12.156485,17.114439,15.410413,19.939623,20.36456,23.067175,26.75051,28.179527,24.90378,29.492464,25.478405,26.93877,23.414282,17.854206,15.110534,13.108286,9.321484,6.0872345,0.0,5.5054555,6.0098147,8.26731,9.026506,5.775031,5.668757,8.662609,10.87244,11.537154,16.668655,15.6677265,21.001078,22.244858,25.7866,28.574203,29.50194,27.385456,29.291962,28.203247,26.017853,23.061932,22.90874,21.283865,24.994133,26.808376,27.162088,24.5699,25.162619,20.607052,20.40262,18.236149,17.612587,17.538918,14.831837,19.137426,21.276506,18.831123,18.70099,14.316399,16.974318,10.436597,13.843112,12.188237,10.58586,12.791554,12.444038,14.11799,13.287868,9.885817,11.19925,10.267367,14.431283,13.596258,19.056385,20.718298,24.774845,26.883574,30.299395,32.07157,33.40242,32.52867,30.474188,27.72938,26.679443,22.986168,25.444614,20.553465,25.18703,21.99557,25.69306,30.277166,26.190763,23.146137,24.107494,17.829567,18.456755,15.281722,15.734798
34,35.405266,31.779242,30.224413,26.204424,23.605623,23.119352,18.892553,17.812227,12.765276,13.6058655,8.931122,11.713259,15.662157,14.741189,18.188156,15.647667,20.913559,19.240122,24.320398,24.267527,27.317686,30.868137,32.322838,28.635384,32.564026,28.480972,28.912508,25.298107,20.218603,17.547714,15.305485,12.364908,5.4189034,5.5054555,0.0,3.6231964,4.9628205,4.7052846,5.045223,7.6949883,6.3852625,11.611149,11.398636,17.326694,15.922609,21.757288,23.543478,27.023623,30.140705,30.828588,28.478043,30.676378,29.1115,26.951187,23.279785,22.247551,20.695433,24.426098,25.178984,25.973986,24.062744,23.939949,19.13985,19.420588,15.837748,16.803461,16.122953,14.773235,17.971817,21.012905,19.722372,20.119455,16.228619,19.202473,13.617629,17.84089,16.557426,15.610671,17.87879,17.112762,19.19873,18.730547,15.084151,16.553598,15.334552,19.38035,17.679081,22.968775,23.81131,27.858929,29.365908,33.239727,34.41364,35.188,33.877502,31.524673,28.55326,28.390228,25.132782,28.114603,23.835371,28.83812,26.164333,30.25721,34.88149,31.05096,27.921036,28.698637,22.273489,22.727047,18.92589,19.12605
35,36.135567,32.65766,30.84145,26.74262,24.451757,23.238472,19.74869,17.7172,12.829466,13.924085,8.584968,10.286798,14.281653,13.253758,17.409826,15.376003,20.816725,19.888052,24.717138,25.415348,28.471136,31.82684,33.678226,30.38166,34.580055,30.659649,31.434458,27.977623,22.352476,19.998383,17.351112,14.602768,7.7156854,6.0098147,3.6231964,0.0,4.5616455,6.782207,7.1059027,10.018947,9.985802,14.805635,14.569362,20.499304,18.786587,24.673943,26.066212,29.609581,32.60141,33.07989,30.604712,32.41111,30.691963,28.11886,24.73552,23.93296,23.030449,26.838055,27.670265,28.84416,26.876118,27.217937,22.416746,22.895094,19.349663,20.367186,19.680157,18.061754,21.276953,24.405561,22.916168,22.904716,18.896183,21.169893,15.148765,18.94953,16.772585,15.367492,17.065208,15.602844,17.73249,17.997412,14.213812,16.476898,16.193676,20.122787,19.47124,24.809746,26.173397,30.264065,32.01566,35.726284,37.227627,38.19679,37.044056,34.7855,31.877369,31.457691,28.025627,30.788101,26.17433,30.982523,27.84425,31.639923,36.154655,31.949728,28.9399,29.381573,23.261776,23.222345,19.719908,19.148645
