,0,1,2,3,4,5,6,7,8,9,10,11,12,13,14,15,16,17,18,19,20,21,22,23,24,25,26,27,28,29,30,31,32,33,34,35,36,37,38,39,40,41,42,43,44,45,46,47,48,49,50,51,52,53,54,55,56,57,58,59,60,61,62,63,64,65,66,67,68,69,70,71,72,73,74,75,76,77,78,79,80,81,82,83,84,85,86,87,88,89,90,91,92,93,94,95,96,97,98,99,100,101,102,103,104,105,106,107,108,109,110
0,0.0,3.9340734,7.5869346,10.015111,12.588254,15.81477,17.890848,22.128368,25.073116,26.985765,30.960495,31.449392,31.904419,28.350931,26.889057,27.345913,23.711382,26.214687,20.34559,25.884996,24.45933,24.338522,26.804874,29.822626,31.242352,31.204279,32.1539,34.29349,33.974934,38.55616,35.37524,42.693844,40.524723,43.173225,39.406837,35.51959,36.079754,38.22845,33.955444,31.23742,33.410526,33.004585,29.260082,27.697428,31.0513,28.54941,22.447783,25.179663,27.386492,30.391788,32.496838,26.560034,32.03847,34.87063,33.156704,33.539158,31.706394,34.59145,37.715714,36.219357,35.482323,40.06307,42.9958,44.883972,41.463455,39.61612,43.752308,43.29171,38.055264,39.95572,42.39386,40.56473,36.061047,38.329453,35.136547,36.012203,32.323048,30.118397,26.96651,25.076624,21.085888,17.737411,17.569687,21.100443,25.139008,23.760286,29.410881,31.39666,34.641483,38.012665,39.452484,39.47937,41.774853,41.697224,41.11078,41.501373,41.16313,36.52671,40.5164,43.182995,39.958023,35.36045,37.950397,38.711357,34.434906,33.53363,30.700705,30.257317,26.781153,27.389286,23.358162
1,3.9340734,0.0,5.2395444,6.2423577,8.881783,12.592596,14.116061,18.670893,21.367268,23.425184,27.316742,27.905205,28.240797,24.729134,23.171131,23.432182,19.827194,22.344585,16.63397,22.33869,21.275549,21.43931,24.243067,26.675913,27.981049,27.795008,28.51031,30.548609,30.110268,34.698902,31.444557,38.76247,36.630173,39.29793,35.526688,31.614544,32.257378,34.47159,30.162254,27.398827,29.755339,29.432463,25.557617,24.088238,27.658722,25.249804,19.004137,21.985481,24.470833,27.367723,29.303543,23.673288,29.33289,31.894001,30.205,30.468546,28.333649,31.24953,34.56018,32.903244,31.854078,36.572483,39.39736,41.363895,37.863617,35.87921,40.004795,39.456074,34.25191,36.3397,38.673668,36.755264,32.335453,34.814217,31.59949,32.74472,29.089275,26.775799,23.934134,21.897583,17.908978,14.866832,14.025504,17.47717,21.429417,20.284176,25.716473,27.993086,31.14274,34.634758,36.0008,36.11393,38.243908,38.044754,37.558735,37.8071,37.524193,32.900726,36.96105,39.446182,36.13251,31.574755,34.32015,35.233376,31.016344,29.935806,27.356771,26.577126,23.280006,23.877981,20.049887
2,7.5869346,5.2395444,0.0,5.4031353,6.511641,8.590809,11.592501,14.902066,18.295225,19.942839,23.980963,24.522728,25.501818,22.046482,21.794361,22.018759,19.137272,22.084866,17.499184,23.527763,23.338486,24.121414,27.220657,28.70491,29.798439,29.23299,29.221056,30.812096,29.70636,34.273552,30.110725,37.29874,34.42944,36.925186,33.543247,29.618292,29.599842,31.909313,28.074205,25.15483,26.768553,27.243109,23.65811,21.258764,24.682966,23.446085,16.856127,18.795996,21.724007,24.132296,26.844534,21.982016,27.188646,29.6175,28.77802,29.720863,27.284554,30.719368,33.65558,31.095991,30.623608,35.471756,38.3739,39.939705,35.994278,34.252792,38.835133,38.33017,33.268375,35.889996,38.339287,36.339325,32.133255,35.297195,31.6635,33.487003,29.872877,26.843548,24.90355,21.790823,18.172438,15.181151,13.659971,17.356691,20.872295,21.071005,25.80218,29.08109,32.1231,35.85458,37.163555,37.551857,39.188347,38.558918,38.25401,37.86031,37.4341,32.72833,36.43768,38.72377,35.26101,30.510733,33.136127,34.06157,30.147148,29.064295,27.467098,26.578346,23.858646,24.941896,21.734806
3,10.015111,6.2423577,5.4031353,0.0,3.8300447,7.311231,8.472145,13.161042,15.346828,17.914616,21.580885,22.594349,23.05295,19.744116,18.594898,17.96735,14.815576,17.200144,12.396524,18.300447,18.114561,19.194674,22.267487,23.468311,24.650002,24.277487,24.044922,25.90152,24.86164,29.556707,25.69482,32.973804,30.810587,33.219666,29.430641,25.595821,26.145191,28.238228,23.974012,21.2254,23.536974,23.304281,19.410017,17.870596,21.57903,19.484287,13.008474,16.147429,19.004358,21.67784,23.491056,18.485216,24.203306,26.363045,24.94369,25.309586,22.73732,25.901983,29.22908,27.10038,25.980423,30.849878,33.637054,35.500378,31.802563,29.823992,34.12781,33.614086,28.450964,30.847078,33.246548,31.330986,26.982634,29.966652,26.439825,28.183374,24.590662,21.747742,19.772415,16.971148,13.247103,10.774194,8.605543,12.132015,15.798851,15.686323,20.541979,23.680517,26.775084,30.477417,31.886587,32.39392,34.15619,33.656773,33.609314,33.427425,33.349964,28.814447,32.972946,34.854034,31.209526,26.787172,29.963144,31.27914,27.363747,25.817068,24.220854,22.42824,19.87484,20.344095,17.334211
4,12.588254,8.881783,6.511641,3.8300447,0.0,5.487925,5.32446,9.991068,12.660216,14.573564,18.438341,19.111696,19.617027,16.21437,15.572474,15.511771,12.717721,15.850007,12.069809,18.142736,18.885872,20.09402,23.752794,23.958513,24.677267,23.728022,23.374481,24.62424,23.381596,27.864483,23.725126,30.92564,28.149443,30.864958,27.48763,23.413177,23.695498,26.330624,22.37312,19.246555,21.520752,22.317957,18.32698,16.231773,20.367123,19.434887,12.671427,15.279145,18.934004,20.941772,23.077679,19.198704,24.669445,26.349281,25.490852,25.98841,22.857597,26.19462,29.624924,26.83557,25.386854,30.548063,33.09303,34.94276,30.872389,28.689156,33.131058,32.32242,27.381052,30.455538,32.509327,30.232725,26.334545,29.891613,26.415771,28.763577,25.359274,22.329218,21.148727,18.052166,14.733265,13.036843,9.63843,12.56012,15.533205,16.341242,20.199507,23.992725,26.631727,30.530045,31.550777,31.99204,33.259663,32.405685,32.18628,31.550476,31.18156,26.535015,30.334435,32.342815,28.789152,24.110374,26.989737,28.183285,24.387247,22.977362,21.861467,20.400936,18.123707,19.278582,16.720074
5,15.81477,12.592596,8.590809,7.311231,5.487925,0.0,5.998515,7.169335,10.2880335,12.487088,16.186996,17.42863,19.00045,16.047098,17.229353,16.125057,14.681891,17.342949,15.15367,20.693933,21.824238,23.70391,26.91875,26.691599,27.51561,26.652298,25.211277,26.304604,24.16479,28.668234,23.379827,30.243658,27.038074,29.015013,25.848875,22.129942,21.566107,23.696304,20.289574,17.38597,18.349173,19.480936,16.218002,13.021678,16.487616,16.633348,9.9379425,10.914533,14.764584,16.387344,19.38009,16.181286,20.91727,22.610758,22.648903,24.044756,20.985727,24.865513,27.515726,23.923187,23.703499,28.664738,31.486475,32.69012,28.328419,26.76686,31.723907,31.310427,26.507988,29.69936,32.224224,30.266918,26.40405,30.37353,26.315853,29.090733,25.76298,21.939608,21.639791,17.367954,14.812118,13.091343,10.11111,13.120868,15.400377,17.66417,20.834345,25.395971,28.158903,32.056473,33.358055,34.313747,35.284748,34.154152,34.487423,33.33879,33.150578,28.705624,32.287327,33.620842,29.745564,25.275227,28.350117,29.80474,26.561289,24.898058,25.04025,22.874537,21.52535,22.533695,20.775185
6,17.890848,14.116061,11.592501,8.472145,5.32446,5.998515,0.0,5.9154496,7.6512094,9.70775,13.325306,14.229836,14.642866,11.467089,11.412199,10.712291,8.916505,12.240033,10.723608,16.177555,18.130426,19.912834,23.812565,22.578623,22.870747,21.480902,20.34997,21.000711,19.205091,23.52206,18.86323,25.929613,22.868534,25.632944,22.474924,18.296864,18.479137,21.44192,17.696634,14.314887,16.792238,18.36844,14.296204,12.029523,16.661352,16.7749,10.353071,12.681701,16.97026,18.195871,20.079231,17.76989,22.877855,23.76222,23.35171,23.79061,20.02836,23.418186,26.955814,23.582336,21.600374,26.982334,29.212046,31.062782,26.71399,24.302395,28.811695,27.784098,23.10018,26.810667,28.56311,26.057972,22.630318,26.81808,23.339464,26.419647,23.35057,20.082817,20.115702,16.726305,14.287553,13.9535675,9.447384,10.9861145,12.6399975,14.845499,17.114218,21.765224,23.903997,27.93695,28.69263,29.347797,30.031849,28.778135,28.796553,27.611841,27.276268,22.762794,26.41437,27.938223,24.206768,19.60072,22.70123,24.204786,20.824396,19.053385,19.122875,16.940609,15.688165,17.016674,15.689099
7,22.128368,18.670893,14.902066,13.161042,9.991068,7.169335,5.9154496,0.0,4.7977076,5.3500996,9.218501,10.289501,12.258458,9.741125,12.801627,11.849177,12.252413,15.244253,15.787379,20.431116,22.964972,25.121557,28.85803,26.94376,27.033865,25.401478,23.413288,23.387806,20.710901,24.579285,18.725578,25.043432,20.833103,23.145283,20.828625,16.893589,15.698145,18.800137,16.241646,12.8091755,13.550454,16.888004,13.796735,9.813254,13.960483,16.538076,10.923975,10.661204,15.523954,15.434122,18.347864,17.956388,21.828726,22.205706,23.145212,24.455044,20.514244,24.33743,27.11175,22.541382,21.491262,26.728313,28.91496,30.091446,25.200247,23.261076,28.271057,27.352045,23.210869,27.52222,29.333021,26.875454,24.05143,28.884514,25.093065,28.840647,26.078215,22.207014,23.388765,19.145432,17.649912,17.501677,13.407563,14.614706,15.057453,18.734997,19.655483,25.082012,26.91181,30.920492,31.59433,32.584312,32.622677,30.878145,31.200623,29.197617,28.732895,24.48436,27.37044,28.37468,24.58247,20.108469,22.859224,24.383984,21.83404,20.126507,21.811079,19.603409,19.44912,21.107162,20.672415
8,25.073116,21.367268,18.295225,15.346828,12.660216,10.2880335,7.6512094,4.7977076,0.0,4.8498178,6.765328,9.246097,10.606955,9.052591,11.610415,8.725897,10.370418,12.224542,14.490031,17.960062,20.980387,23.553493,27.024384,24.329805,24.318624,22.754766,19.984241,19.834284,16.667885,20.51382,14.262542,20.545267,16.853283,18.837267,16.138357,12.280748,11.3888235,14.32971,11.504498,8.014765,9.433055,12.7233305,9.529183,6.046728,10.75627,13.474926,9.1672325,9.313477,13.920177,13.497184,15.288023,16.003662,19.657251,19.336489,20.150492,21.072445,16.795517,20.411627,23.32706,18.725376,17.025532,22.32242,24.288963,25.59157,20.712477,18.544226,23.496656,22.566252,18.489534,22.972889,24.700117,22.315674,19.664024,24.708277,20.940685,25.024302,22.585712,18.722984,20.735352,16.647781,16.005123,16.947996,12.737845,12.64111,11.826753,16.27584,15.937262,21.686258,23.249825,27.17071,27.870375,29.16629,29.001474,27.16816,27.983274,25.864632,25.831562,21.984587,25.136599,25.313238,21.190722,17.308027,20.77123,22.867424,20.716993,18.39474,20.766275,17.341623,18.088898,19.122065,19.59539
9,26.985765,23.425184,19.942839,17.914616,14.573564,12.487088,9.70775,5.3500996,4.8498178,0.0,4.276602,5.0260615,7.3787627,5.9179134,10.825334,10.092174,12.241987,14.998085,17.528124,21.08725,24.451574,26.68836,30.626656,27.59407,27.13291,24.991615,22.67879,21.720255,18.750298,21.83577,15.803419,21.34273,16.277262,18.992563,17.575203,13.576958,11.8851595,15.968893,14.367883,10.766506,11.454332,16.434523,13.765071,10.122602,14.161588,18.056763,13.882116,13.217039,17.947947,16.82053,19.172092,20.604351,23.794119,23.22025,24.598083,25.656166,21.294239,24.777689,27.61357,22.642603,20.798836,26.013893,27.5543,28.760859,23.655098,21.374063,26.154392,24.7701,21.376556,26.441708,27.541952,24.711819,22.907316,28.205013,24.834768,29.139631,26.909153,23.266783,25.353289,21.460949,20.664772,21.387217,17.009577,17.0865,16.289268,20.499737,19.728325,25.435028,26.449444,30.390182,30.534632,31.510971,30.80255,28.604433,28.91344,26.245424,25.573647,21.660852,23.860727,24.491142,20.854921,16.56972,18.961554,20.577469,18.804987,17.063112,20.11587,17.910793,18.8405,20.843782,21.473932
10,30.960495,27.316742,23.980963,21.580885,18.438341,16.186996,13.325306,9.218501,6.765328,4.276602,0.0,3.781098,6.247313,7.089096,12.067438,10.408407,13.805991,15.590234,19.510578,21.999044,25.755932,28.230701,31.951265,28.214529,27.544828,25.33699,22.396696,20.958866,17.51938,19.982569,13.553164,18.103977,12.59454,15.001579,14.24069,10.63999,8.183434,12.64265,12.104036,8.922213,8.977718,14.942061,13.0807495,9.99475,13.273074,18.039356,15.38515,14.285665,18.533787,16.673468,18.406479,21.312037,23.734377,22.411982,24.17835,25.159622,20.689821,23.89016,26.478315,21.224709,19.152729,24.078907,25.193413,26.220575,21.024601,18.7405,23.384304,21.89201,19.17664,24.589228,25.37604,22.570595,21.498768,27.031803,23.846113,28.508017,26.74519,23.175694,26.063398,22.30557,22.252766,23.58802,19.348389,18.681185,16.922604,21.59992,19.56065,25.40207,25.94252,29.68397,29.672674,30.887928,29.693316,27.22102,27.908607,24.794563,24.313782,20.991875,22.825062,22.576859,18.87334,15.3441105,17.831306,19.808243,18.903013,16.87732,20.988556,18.189714,20.08365,21.789883,23.247286
11,31.449392,27.905205,24.522728,22.594349,19.111696,17.42863,14.229836,10.289501,9.246097,5.0260615,3.781098,0.0,4.1741395,5.2935696,11.301983,11.54036,14.638044,17.163073,20.783594,23.531958,27.38878,29.520288,33.63088,29.843262,28.89112,26.297113,23.990313,22.14572,19.195797,21.221031,15.548512,19.773365,13.6487,16.9369,16.895136,13.164863,11.0102415,15.907881,15.553278,12.273413,12.701019,18.678736,16.574268,13.534465,16.976906,21.60207,18.345703,17.439474,21.912941,20.141932,22.138206,24.700212,27.344398,26.148733,27.866575,28.749865,24.229673,27.333918,30.136393,24.982191,22.598661,27.579264,28.471457,29.66023,24.514763,22.021152,26.352829,24.493816,22.04369,27.632355,27.96845,24.802076,24.09725,29.611528,26.764183,31.382332,29.614376,26.288118,28.881891,25.348919,24.90917,26.026491,21.546133,21.092585,19.668045,23.934233,22.048164,27.695356,27.960255,31.747137,31.331451,32.16826,30.742443,28.13386,28.248688,24.934002,23.878881,20.403067,21.537487,21.978615,18.826015,14.841599,16.278622,17.706734,16.938742,15.518267,19.785538,18.144423,19.880821,22.291506,23.652636
12,31.904419,28.240797,25.501818,23.05295,19.617027,19.00045,14.642866,12.258458,10.606955,7.3787627,6.247313,4.1741395,0.0,3.6741292,8.309341,9.361849,12.649125,15.088843,19.214628,21.336784,25.46448,27.371311,31.663086,27.43944,26.1292,23.225353,21.289865,19.004065,16.517458,18.118254,13.406108,17.68288,11.886677,16.24232,16.077114,12.02638,11.138558,16.445158,15.604346,12.282173,14.231941,19.537493,16.947088,15.014863,18.90002,22.611515,19.445427,19.55336,23.937626,22.556139,23.773075,26.020037,29.121431,27.817951,28.907505,29.12414,24.463482,27.087301,30.441177,25.859592,22.33966,27.417141,27.900105,29.648357,24.804256,21.69048,25.417755,23.072483,20.764896,26.469599,26.177965,22.61448,22.321339,27.723137,25.455406,30.009428,28.445093,25.682161,28.18513,25.36236,24.878859,26.381489,21.681644,20.703089,19.081491,22.858316,20.492548,25.781982,25.549944,29.279438,28.434885,28.976418,27.335566,24.658255,24.442257,21.077244,19.819717,16.314966,17.387972,18.061821,15.06744,10.819259,12.170159,13.750601,12.983384,11.417805,16.054432,14.561772,16.673855,19.262308,21.070112
13,28.350931,24.729134,22.046482,19.744116,16.21437,16.047098,11.467089,9.741125,9.052591,5.9179134,7.089096,5.2935696,3.6741292,0.0,6.2696743,8.297471,10.497553,13.811873,16.83094,19.819773,23.632698,25.362854,29.827412,26.190765,25.093273,22.29172,20.843569,19.095196,16.953674,19.300821,14.726583,20.061817,14.920746,19.11349,18.125673,13.72801,13.21043,18.216404,16.483082,12.781995,15.127977,19.844501,16.651964,14.434854,18.846033,21.897638,17.766636,18.322886,22.943508,22.10197,23.635052,24.832306,28.510284,27.728619,28.481905,28.71833,24.127699,26.970814,30.531443,26.164345,22.813047,28.155529,29.041054,30.92382,26.104836,23.011765,26.972326,24.814869,21.816063,27.207897,27.292051,23.788685,22.736586,27.946394,25.46161,29.725761,27.770042,24.943142,26.828245,23.949917,22.929625,24.03784,19.246777,18.731146,17.803154,21.196396,19.833292,25.035212,25.257257,29.168621,28.540346,28.929714,27.81099,25.442814,24.990887,22.160358,20.880228,16.781288,18.493307,19.915508,16.85037,11.980249,13.575345,14.8707485,12.967419,11.555092,14.91821,13.799904,14.955096,17.785736,18.867044
14,26.889057,23.171131,21.794361,18.594898,15.572474,17.229353,11.412199,12.801627,11.610415,10.825334,12.067438,11.301983,8.309341,6.2696743,0.0,5.8275056,6.2832856,9.836047,12.556402,14.956512,18.826921,20.096437,24.833918,21.057026,19.677467,16.629921,16.196133,14.5518,13.641524,16.17118,13.539174,19.573595,16.248623,20.870102,18.913172,14.391198,15.714073,20.31522,17.408419,13.921639,17.997711,21.014622,17.049198,16.436672,21.252758,22.410885,18.237516,20.437683,24.694311,24.734247,25.284206,25.331833,29.835653,29.26159,28.865484,28.152132,23.647238,25.826145,30.171917,26.953394,22.391052,27.79983,28.476042,31.144377,26.94802,23.2561,26.447899,24.001509,20.649855,25.555647,25.198116,21.443344,20.180079,24.784382,23.00152,26.738314,24.812027,22.886084,24.089333,22.398367,21.052626,22.525944,17.680532,16.572165,15.890711,17.938166,16.74357,21.04701,20.985567,24.876282,23.945631,23.837654,23.074303,21.073034,20.103489,18.049116,16.82161,12.185885,15.121244,17.242455,14.260857,9.037204,11.4236355,12.929537,9.668432,7.668876,9.351097,8.010554,8.694345,11.800913,13.036688
15,27.345913,23.432182,22.018759,17.96735,15.511771,16.125057,10.712291,11.849177,8.725897,10.092174,10.408407,11.54036,9.361849,8.297471,5.8275056,0.0,4.4716144,5.743036,10.60819,12.094143,16.219744,18.403303,22.422346,18.319221,17.397621,15.051547,12.830846,11.811275,9.536827,13.157202,9.009067,15.96845,13.696765,17.300892,14.264599,9.797747,11.771726,15.549339,11.969839,8.702711,13.49833,15.512655,11.505262,11.882026,16.498951,17.14804,14.03057,16.487022,20.222895,20.320696,20.090118,20.512026,24.789845,23.966345,23.381178,22.520548,17.960161,20.092306,24.381226,21.279156,16.57689,22.01204,22.869144,25.501959,21.396713,17.747486,21.17174,19.115297,15.25971,20.07167,20.266268,16.905468,15.0351715,19.944916,17.63065,21.662092,19.786894,17.521908,19.424225,17.52041,16.927614,19.091816,14.468166,12.508653,10.801307,13.7923765,11.69075,16.754498,17.059942,21.029728,20.776419,21.493515,20.992275,19.095316,19.416824,17.506283,17.4865,13.567641,17.43425,17.773453,13.703356,9.734638,14.016362,16.530554,14.108131,11.1216545,13.293559,8.794467,10.522599,11.458889,13.348453
16,23.711382,19.827194,19.137272,14.815576,12.717721,14.681891,8.916505,12.252413,10.370418,12.241987,13.805991,14.638044,12.649125,10.497553,6.2832856,4.4716144,0.0,4.6387525,6.655395,9.56179,13.153558,14.934806,19.332987,16.095392,15.457051,13.318307,12.355567,12.379766,11.377166,15.428134,12.611893,19.726866,18.074556,21.627932,18.20558,13.924366,16.010855,19.360838,15.195125,12.088099,16.829802,17.83702,13.341571,13.812356,18.634388,17.958055,13.81666,17.266752,20.922907,21.8519,21.735117,20.546196,25.610226,25.459824,24.19035,23.086063,18.863232,20.938568,25.543503,23.137537,18.591436,24.017918,25.212187,28.069277,24.296339,20.746634,24.016396,22.167498,17.825773,21.805515,22.275658,19.112993,16.425686,20.553402,18.318623,21.579773,19.230202,17.316767,17.965538,16.551458,15.042495,16.79949,12.118061,10.556962,10.26387,11.718847,11.561473,15.796145,16.690145,20.746675,20.698954,21.022043,21.340302,20.030273,19.882408,18.911186,18.835987,14.504022,18.90637,20.131664,16.430128,12.272986,16.18126,18.248198,14.8901205,12.305888,12.276761,8.356985,8.04638,8.909549,9.524126
17,26.214687,22.344585,22.084866,17.200144,15.850007,17.342949,12.240033,15.244253,12.224542,14.998085,15.590234,17.163073,15.088843,13.811873,9.836047,5.743036,4.6387525,0.0,6.673672,6.4699874,10.657085,13.112857,16.802277,12.718286,12.196616,10.595923,8.249889,9.013871,7.7756205,12.420077,10.199119,17.280828,17.25274,20.13224,15.999183,12.358592,15.388749,17.775867,13.180911,11.015944,16.291134,15.853639,11.523714,13.6987,17.926685,16.192013,13.666077,17.555107,20.381918,21.461185,20.203218,19.217724,24.091038,23.629196,21.768427,19.961538,15.844439,17.2187,22.1313,20.504957,15.164152,20.347597,21.349312,24.553118,21.32918,17.59689,20.315493,18.591755,14.0416765,17.52504,17.993856,15.07288,11.979375,15.919017,13.856731,17.11104,15.030669,13.595909,14.719164,14.12582,13.481465,16.234247,12.176331,9.227814,7.6418138,8.8647785,7.131355,11.426738,12.24806,16.324589,16.592142,17.392035,17.953915,16.893454,17.593021,17.047253,17.893696,14.3435,19.319324,19.439302,15.3884325,12.5632515,17.305347,19.917156,17.09379,13.989661,14.229914,8.545205,9.374541,8.017155,9.894787
18,20.34559,16.63397,17.499184,12.396524,12.069809,15.15367,10.723608,15.787379,14.490031,17.528124,19.510578,20.783594,19.214628,16.83094,12.556402,10.60819,6.655395,6.673672,0.0,6.1486545,7.6535964,9.35542,13.543388,12.11398,12.620329,11.964851,11.928461,14.025948,14.041354,18.555319,16.832508,23.935368,23.652683,26.51964,22.262886,18.587828,21.052649,23.26474,18.379276,16.058287,20.69559,19.648806,15.085025,16.476736,20.795889,17.80069,13.6818695,18.412645,21.102253,23.220953,22.575106,19.291956,25.084959,25.72967,23.245562,21.565195,18.21339,19.840054,24.66658,23.674377,19.46682,24.440893,26.114092,29.189114,26.192005,22.969706,25.87305,24.623901,19.699308,22.058788,23.216766,20.839634,16.905474,19.544844,17.324455,19.17728,16.241526,15.018018,13.753512,13.537053,11.106517,12.676735,8.939918,7.4495835,9.166203,7.439111,10.582299,12.988963,15.153529,18.966204,19.784286,20.06723,21.814053,21.538038,21.597624,22.021168,22.56165,18.58412,23.620277,24.848093,21.258848,17.864138,21.897413,23.874945,20.15623,17.761803,15.864386,12.066479,10.054373,8.671949,6.985549
19,25.884996,22.33869,23.527763,18.300447,18.142736,20.693933,16.177555,20.431116,17.960062,21.08725,21.999044,23.531958,21.336784,19.819773,14.956512,12.094143,9.56179,6.4699874,6.1486545,0.0,4.6040535,7.0199604,10.4834,6.6165404,6.8505893,6.8902793,6.441373,9.633462,10.702646,14.810663,15.054144,21.317492,22.77563,25.332832,20.807997,17.909967,21.346342,22.945549,18.076006,16.70803,21.868149,19.870895,15.7837105,18.751152,22.495289,18.884321,16.85153,21.6019,23.578098,25.514778,23.602547,21.09319,26.383375,26.415295,23.334959,20.58228,17.47113,17.747725,23.016539,23.14493,17.678427,22.035946,23.0301,26.701597,24.560658,20.977304,22.657461,21.250359,16.689604,18.262709,18.739578,16.506948,12.756554,14.417821,13.402956,14.784583,12.5898485,13.01072,12.223217,13.997008,12.993542,15.860927,13.094494,9.996026,9.7258005,6.8798485,7.3791895,7.7805614,9.268201,12.967547,13.725857,14.120426,16.265135,16.48447,17.101856,18.296766,19.684572,16.694117,22.15498,22.47867,18.990566,17.038599,21.514315,23.907846,20.7508,17.942163,16.233824,11.08365,10.390968,6.6538854,7.541102
20,24.45933,21.275549,23.338486,18.114561,18.885872,21.824238,18.130426,22.964972,20.980387,24.451574,25.755932,27.38878,25.46448,23.632698,18.826921,16.219744,13.153558,10.657085,7.6535964,4.6040535,0.0,3.5863585,6.242312,5.466791,7.501038,9.305114,9.933676,13.692925,14.996719,18.977596,19.354397,25.490698,27.219482,29.47497,24.70705,22.031782,25.334517,26.492048,21.443794,20.300776,25.151543,22.355309,18.419024,21.4031,24.844194,20.1871,18.166708,23.271667,24.69771,27.256,25.256882,21.49952,27.0428,27.64185,23.926193,20.956652,18.689585,18.692778,23.78586,24.795881,19.999474,23.854853,25.20441,28.80834,27.140429,23.958857,25.502516,24.56285,19.871773,20.32562,21.340221,19.796354,15.552949,15.888539,14.942005,14.877761,12.308331,13.424974,10.823939,13.7546015,12.249271,14.685768,13.153301,10.648618,11.641152,6.8706346,10.049175,8.380437,10.984642,13.863388,15.37278,15.655526,18.774502,19.683084,20.286802,22.159994,23.652422,20.792366,26.26058,26.779356,23.457838,21.556746,25.877663,28.100351,24.697624,22.118162,19.638615,15.221952,13.648899,9.909449,8.986533
21,24.338522,21.43931,24.121414,19.194674,20.09402,23.70391,19.912834,25.121557,23.553493,26.68836,28.230701,29.520288,27.371311,25.362854,20.096437,18.403303,14.934806,13.112857,9.35542,7.0199604,3.5863585,0.0,5.2348657,6.2090316,7.7864003,9.523401,11.923974,15.339098,17.391106,20.943031,22.036762,28.049316,29.707588,32.33398,27.74839,24.91813,28.260113,29.742752,24.746483,23.392822,28.343248,25.8507,21.810009,24.535053,28.182106,23.635727,21.17647,26.30356,27.903755,30.532822,28.739868,24.734629,30.40454,31.145067,27.392395,24.414879,22.262745,22.18745,27.261587,28.380638,23.52026,27.321268,28.516445,32.22852,30.629461,27.33778,28.669783,27.527308,23.045807,23.495647,24.119673,22.41223,18.574373,18.537355,18.179314,17.734003,15.423495,16.92073,13.9447975,17.055882,15.164109,17.031126,15.609167,13.668204,15.040629,10.310488,13.4272585,11.2142315,13.116151,15.526545,16.530903,16.06203,19.440939,20.64998,20.597311,22.95451,24.197813,21.343836,26.705097,27.775442,24.895346,22.915346,26.801031,28.710184,25.0873,22.860075,19.471584,16.009863,13.707611,10.125491,8.292825
22,26.804874,24.243067,27.220657,22.267487,23.752794,26.91875,23.812565,28.85803,27.024384,30.626656,31.951265,33.63088,31.663086,29.827412,24.833918,22.422346,19.332987,16.802277,13.543388,10.4834,6.242312,5.2348657,0.0,6.6249523,9.45173,12.627485,14.151209,18.138418,20.058456,23.454168,24.794825,30.311403,32.823505,34.798943,29.898092,27.679216,31.143072,31.827803,26.805027,26.095268,30.802855,27.25033,23.723196,27.00932,30.007893,24.539986,23.175943,28.354155,29.10932,32.055275,29.654947,25.226019,30.575232,31.460678,27.0833,23.63803,22.436491,21.612734,26.372162,28.64601,24.15347,27.086273,28.351776,32.04172,31.237915,28.339272,29.142338,28.521553,24.153933,23.285494,24.2974,23.469852,19.343758,17.877077,17.887947,16.009974,13.966989,16.507645,12.747169,17.156769,15.859623,17.860596,17.765427,15.714773,16.95216,11.692492,14.923054,11.00186,13.415236,14.706642,16.64011,16.61144,20.698935,22.50246,23.129251,25.936424,27.7247,25.444868,30.870018,31.337606,28.389637,27.043945,31.198439,33.315395,29.920406,27.516075,24.41104,20.504412,18.699408,14.768402,13.504366
23,29.822626,26.675913,28.70491,23.468311,23.958513,26.691599,22.578623,26.94376,24.329805,27.59407,28.214529,29.843262,27.43944,26.190765,21.057026,18.319221,16.095392,12.718286,12.11398,6.6165404,5.466791,6.2090316,6.6249523,0.0,3.2843328,6.884513,7.8592587,11.792397,14.119592,17.034616,19.264063,24.24638,27.207048,29.310743,24.659752,22.631462,26.479282,27.353626,22.625256,22.068216,27.145187,24.107876,20.646729,24.360193,27.483698,22.915014,22.10223,26.985865,28.15982,30.377607,27.656982,24.836323,29.812336,29.835081,25.949228,22.314463,20.252747,19.15392,24.349657,26.090773,20.414465,23.555723,24.107254,28.150015,27.222845,23.78982,24.122492,22.955872,19.019321,18.790632,18.842821,17.471188,14.048005,13.025283,13.845352,13.110814,11.855624,14.57808,12.917684,16.864399,16.444313,19.446852,18.025833,14.909058,14.590643,10.503378,10.712576,6.576806,7.4200044,9.3533125,10.57383,10.67105,14.377031,15.958115,16.906647,19.562134,21.648588,19.823372,25.256037,25.140203,22.216307,21.52488,25.818983,28.198689,25.319172,22.632336,20.342072,15.578203,14.976478,10.533002,11.420891
24,31.242352,27.981049,29.798439,24.650002,24.677267,27.51561,22.870747,27.033865,24.318624,27.13291,27.544828,28.89112,26.1292,25.093273,19.677467,17.397621,15.457051,12.196616,12.620329,6.8505893,7.501038,7.7864003,9.45173,3.2843328,0.0,3.929225,6.3006334,9.510867,12.630074,14.924238,18.05448,22.70308,25.666458,28.165218,23.866545,21.747902,25.743526,27.03984,22.561323,21.841888,27.124058,24.739937,21.216,24.816994,28.17698,24.294786,23.314384,28.005098,29.571966,31.435379,28.822725,26.65633,31.543285,31.255033,27.725252,24.180275,21.682898,20.645334,25.931225,27.227041,21.050732,24.375422,24.491638,28.675825,27.571907,23.80384,23.9047,22.242216,18.722748,19.154734,18.39159,16.426828,13.8829775,13.36116,14.739011,14.728101,13.923183,16.42277,15.53464,18.980076,18.593798,21.64127,19.597641,16.391087,15.653864,12.345137,11.308822,8.018783,7.0893383,9.1656475,9.016539,8.375996,11.721992,13.211707,13.743771,16.556635,18.58116,16.972332,22.324846,22.282001,19.667887,19.228046,23.284971,25.602243,22.896059,20.280752,17.987038,13.34105,13.122047,8.661484,10.578437
25,31.204279,27.795008,29.23299,24.277487,23.728022,26.652298,21.480902,25.401478,22.754766,24.991615,25.33699,26.297113,23.225353,22.29172,16.629921,15.051547,13.318307,10.595923,11.964851,6.8902793,9.305114,9.523401,12.627485,6.884513,3.929225,0.0,5.555158,7.131035,10.82842,12.779048,16.193066,20.917707,23.26409,26.372818,22.52502,20.00699,23.952404,25.934137,21.703024,20.544388,25.969421,24.570704,20.84333,23.999891,27.741573,24.77665,23.244709,27.66637,29.808477,31.29271,29.085688,27.495985,32.398556,31.902794,28.914831,25.734055,22.642244,22.081963,27.41302,27.860468,21.437012,25.258898,25.176939,29.318136,27.669947,23.60131,23.958248,21.776314,18.479084,20.064417,18.783628,15.9962635,14.216445,14.979018,16.135813,17.19911,16.360569,18.077953,17.824783,20.369717,19.790466,22.719156,19.896206,16.797287,15.846745,13.505766,11.764154,10.328526,8.715071,11.361998,10.044556,8.8626375,10.792243,11.471075,11.1418915,13.528905,15.100428,13.155741,18.518095,18.885056,16.449198,15.739771,19.535505,21.744389,19.047213,16.511705,14.225024,9.694769,9.8084,5.5968976,8.790929
26,32.1539,28.51031,29.221056,24.044922,23.374481,25.211277,20.34997,23.413288,19.984241,22.67879,22.396696,23.990313,21.289865,20.843569,16.196133,12.830846,12.355567,8.249889,11.928461,6.441373,9.933676,11.923974,14.151209,7.8592587,6.3006334,5.555158,0.0,4.324777,6.402934,9.312107,11.8188095,16.58,19.545666,21.86745,17.607552,15.598376,19.716955,21.004148,16.807116,16.270937,21.562742,19.65839,16.376406,20.131905,23.348146,20.469685,20.072771,24.153101,25.91963,27.108938,24.420849,23.690044,28.04054,27.124758,24.307898,21.1012,17.853601,17.124859,22.384865,22.713058,16.056814,19.807478,19.679482,23.785742,22.16005,18.114124,18.505684,16.524864,12.972322,14.67514,13.672826,10.983921,8.702392,10.366333,11.039173,13.085492,12.504594,13.804765,14.930377,16.99971,17.383387,20.90213,18.130695,14.431225,12.268384,11.185409,7.163011,6.9309564,4.997065,8.7346735,8.3860035,9.315227,10.499682,10.459904,12.121152,13.27071,15.555116,13.911724,19.236187,18.214193,14.807773,14.637398,19.327368,22.156282,20.038324,16.886198,16.526514,10.436612,12.09626,8.356423,11.87323
27,34.29349,30.548609,30.812096,25.90152,24.62424,26.304604,21.000711,23.387806,19.834284,21.720255,20.958866,22.14572,19.004065,19.095196,14.5518,11.811275,12.379766,9.013871,14.025948,9.633462,13.692925,15.339098,18.138418,11.792397,9.510867,7.131035,4.324777,0.0,4.4703026,5.742625,9.7576,13.809281,16.559338,19.506159,16.012508,13.907481,18.084866,20.043438,16.543823,15.786139,21.070116,20.370764,17.26456,20.571884,23.934717,22.296547,21.75027,25.271494,27.508442,28.099436,25.692354,25.976894,30.009628,28.677292,26.533497,23.6755,19.996603,19.52684,24.55771,24.089975,17.188028,21.062967,20.377111,24.400322,22.404068,18.040926,18.269342,15.532213,12.910157,15.877471,13.8268795,10.128498,9.882942,12.596444,13.525143,16.365541,16.170107,16.948734,18.770159,20.10709,20.524534,23.932459,20.584759,17.04755,14.523007,14.616657,9.931495,11.029291,8.330129,11.373915,9.626304,10.028095,9.235122,7.8799415,9.204867,9.281692,11.492511,10.158784,15.250526,13.898452,10.554908,10.960719,15.510291,18.449265,16.890242,13.685796,14.306808,8.208913,11.280783,8.739587,13.144173
28,33.974934,30.110268,29.70636,24.86164,23.381596,24.16479,19.205091,20.710901,16.667885,18.750298,17.51938,19.195797,16.517458,16.953674,13.641524,9.536827,11.377166,7.7756205,14.041354,10.702646,14.996719,17.391106,20.058456,14.119592,12.630074,10.82842,6.402934,4.4703026,0.0,4.981211,5.5461307,10.706423,13.159817,15.619841,11.743468,9.612524,13.859998,15.584905,12.138549,11.606977,16.760376,16.219908,13.408618,16.771183,19.847595,18.83263,18.804338,21.79015,23.97453,24.18351,21.761786,22.882635,26.468758,24.843754,23.204023,20.766062,16.746967,16.717432,21.462412,20.250343,13.446728,17.678164,17.182158,20.888144,18.360651,13.97168,14.969291,12.335742,9.225019,13.310224,11.900396,8.098705,7.539404,11.992554,11.6089115,15.5520525,15.205315,14.885028,17.71735,18.010197,18.910467,22.418152,18.96521,15.379128,12.121692,13.776289,8.162173,11.373068,9.632819,12.960675,12.231759,13.631213,12.6494255,10.823713,12.886837,11.650147,13.64759,12.046101,16.628923,14.614403,10.355776,10.447598,15.551003,18.810009,17.567478,14.084193,16.093555,9.676385,13.080504,11.221283,15.150684
29,38.55616,34.698902,34.273552,29.556707,27.864483,28.668234,23.52206,24.579285,20.51382,21.83577,19.982569,21.221031,18.118254,19.300821,16.17118,13.157202,15.428134,12.420077,18.555319,14.810663,18.977596,20.943031,23.454168,17.034616,14.924238,12.779048,9.312107,5.742625,4.981211,0.0,7.234452,8.525915,12.350302,14.966287,12.365065,11.327321,15.4733925,17.232138,15.049285,14.95341,19.578146,19.630867,17.525135,20.733624,23.457455,23.095379,23.508835,26.082499,28.246368,28.016775,25.44477,27.373566,30.456469,28.386154,27.023872,24.477556,20.653494,20.093876,24.488008,23.386187,16.431688,19.788176,18.270859,22.035658,19.986326,15.531249,15.1314,11.695395,10.8279085,14.7974615,11.694831,7.365014,9.940141,13.512953,14.537463,18.22253,18.734154,19.017279,22.082893,22.712515,23.823587,27.385366,23.93186,20.358824,17.035282,18.553062,12.735878,14.778946,11.761014,13.982176,12.010375,13.07687,10.465499,7.6864467,10.13492,7.970022,10.556759,10.735152,14.38227,11.046263,7.332407,9.95943,14.3020315,17.60949,17.44447,14.191083,16.914904,11.311248,15.421975,13.950534,18.398115
30,35.37524,31.444557,30.110725,25.69482,23.725126,23.379827,18.86323,18.725578,14.262542,15.803419,13.553164,15.548512,13.406108,14.726583,13.539174,9.009067,12.611893,10.199119,16.832508,15.054144,19.354397,22.036762,24.794825,19.264063,18.05448,16.193066,11.8188095,9.7576,5.5461307,7.234452,0.0,7.3258796,8.193952,10.405993,6.7915773,4.2626333,8.550545,10.662184,8.3146925,7.9164643,12.374291,13.344581,11.384688,13.978457,16.600939,17.4766,17.8779,19.59423,21.980587,21.265205,19.228252,21.978975,24.70028,22.53519,22.082336,20.56062,16.178766,16.93508,20.823618,18.133766,12.051832,16.457657,15.960921,18.84723,15.338145,11.044573,13.184095,10.493362,8.046884,13.737115,12.791202,9.278141,9.658469,15.088966,13.625358,18.38915,18.01827,16.425241,20.19745,19.061794,20.329535,23.615671,19.947443,16.77288,13.093345,16.53497,11.041469,15.640254,14.504671,17.601475,17.143106,18.83323,17.218285,14.799777,16.897396,14.303153,15.699843,14.131235,17.505568,14.887786,10.280488,10.186872,15.040208,18.427069,17.95825,14.534403,18.254965,12.509186,16.213972,15.522932,19.069475
31,42.693844,38.76247,37.29874,32.973804,30.92564,30.243658,25.929613,25.043432,20.545267,21.34273,18.103977,19.773365,17.68288,20.061817,19.573595,15.96845,19.726866,17.280828,23.935368,21.317492,25.490698,28.049316,30.311403,24.24638,22.70308,20.917707,16.58,13.809281,10.706423,8.525915,7.3258796,0.0,7.045462,7.2314825,6.6249895,8.398301,11.199353,11.889318,12.408205,13.508442,16.095192,17.256575,17.00274,19.591219,20.93446,22.56954,24.300245,25.250473,27.084991,25.655386,23.11087,27.316193,28.819471,25.838533,25.90503,24.303421,20.501307,20.332495,23.281946,20.845667,15.073915,17.545166,15.457493,17.984856,15.412303,11.551703,11.2835,7.6915812,9.62776,14.634063,11.985818,8.993929,12.686444,17.080685,16.931747,21.46613,22.261444,21.317507,25.698336,24.959368,26.861448,30.359722,27.004366,23.699245,19.750057,23.033367,16.886517,20.308617,18.102623,19.982336,18.905354,20.776693,17.925867,15.067633,17.829483,14.505425,16.301615,16.802168,18.61024,14.057725,10.590309,13.414593,16.961693,20.301378,21.38285,18.328358,22.888433,17.782686,22.057669,21.336216,25.411983
32,40.524723,36.630173,34.42944,30.810587,28.149443,27.038074,22.868534,20.833103,16.853283,16.277262,12.59454,13.6487,11.886677,14.920746,16.248623,13.696765,18.074556,17.25274,23.652683,22.77563,27.219482,29.707588,32.823505,27.207048,25.666458,23.26409,19.545666,16.559338,13.159817,12.350302,8.193952,7.045462,0.0,5.570233,7.473275,6.758801,7.226966,10.593183,11.986363,11.557835,13.230998,17.112871,16.505524,17.217852,19.079065,22.532219,22.88315,22.948183,25.71688,23.717823,22.649752,27.11195,28.724504,25.978096,27.04522,26.482162,22.157133,23.32939,26.116112,22.142414,17.570812,21.130539,20.072664,21.784878,17.774826,14.419501,16.43007,13.575024,13.860013,19.673119,18.175474,14.982373,17.10015,22.327375,21.056599,25.955107,25.851278,23.848793,27.954765,26.035799,27.294563,30.155289,26.209934,23.665792,20.201405,24.273424,19.13454,23.799797,22.326664,25.038342,23.988195,25.38676,22.682669,19.584929,21.10045,17.089327,17.409418,16.604738,17.503735,14.272563,10.855264,11.38608,14.033902,17.027264,18.327871,15.695983,21.229534,17.266273,21.3027,21.926657,25.467388
33,43.173225,39.29793,36.925186,33.219666,30.864958,29.015013,25.632944,23.145283,18.837267,18.992563,15.001579,16.9369,16.24232,19.11349,20.870102,17.300892,21.627932,20.13224,26.51964,25.332832,29.47497,32.33398,34.798943,29.310743,28.165218,26.372818,21.86745,19.506159,15.619841,14.966287,10.405993,7.2314825,5.570233,0.0,5.384325,7.9840517,7.513105,7.7412953,11.05596,12.274213,12.322859,15.400376,16.329544,17.424362,17.790918,21.538088,23.424923,22.845407,24.71938,22.28245,20.607311,26.217354,26.683706,23.373672,24.93042,24.630493,20.787106,21.703098,23.498655,19.375877,15.735797,18.161861,16.850647,17.72007,13.855524,11.388568,13.257307,11.229502,12.665201,17.892237,16.90867,14.885601,17.136097,22.081894,20.52628,25.429577,25.706175,23.491648,28.218987,26.078959,28.059736,31.081335,27.717102,25.069897,21.238941,25.675825,20.261726,24.847881,23.621027,25.906023,25.448294,27.485346,24.953335,22.100077,24.510784,20.839233,21.853725,21.503048,22.678015,18.799992,15.421335,16.609674,19.546446,22.564102,23.842188,21.084217,26.359896,21.768446,25.724197,25.712551,29.207197
34,39.406837,35.526688,33.543247,29.430641,27.48763,25.848875,22.474924,20.828625,16.138357,17.575203,14.24069,16.895136,16.077114,18.125673,18.913172,14.264599,18.20558,15.999183,22.262886,20.807997,24.70705,27.74839,29.898092,24.659752,23.866545,22.52502,17.607552,16.012508,11.743468,12.365065,6.7915773,6.6249895,7.473275,5.384325,0.0,4.603262,6.281854,5.360363,6.497301,8.469827,9.885692,11.127118,11.710897,13.944478,14.551001,16.970675,19.21969,19.399416,20.9733,19.219145,16.825924,21.73888,22.735643,19.667618,20.41862,19.674604,15.711287,16.534058,18.849447,15.17331,10.605964,13.721279,12.912998,14.503564,10.448958,6.956909,9.82845,8.056576,7.679521,13.202041,12.991188,11.110441,12.209401,17.362537,15.320782,20.289003,20.381956,18.114325,22.86598,20.908386,23.055672,26.291336,23.189465,20.272541,16.26933,20.614908,15.153365,19.815592,19.029903,21.486658,21.5984,23.926037,22.112112,19.683771,22.473251,19.551546,21.094866,20.234804,22.685493,19.16381,15.01286,15.719477,19.803434,23.094957,23.409847,20.224234,24.64531,19.209469,22.851547,22.178425,25.48963
35,35.51959,31.614544,29.618292,25.595821,23.413177,22.129942,18.296864,16.893589,12.280748,13.576958,10.63999,13.164863,12.02638,13.72801,14.391198,9.797747,13.924366,12.358592,18.587828,17.909967,22.031782,24.91813,27.679216,22.631462,21.747902,20.00699,15.598376,13.907481,9.612524,11.327321,4.2626333,8.398301,6.758801,7.9840517,4.603262,0.0,4.350828,6.953669,5.7031984,5.3188324,8.571327,11.009562,9.860711,11.442099,13.560834,15.982014,16.602255,17.21998,19.697609,18.30773,16.771067,20.577015,22.64143,20.23286,20.74139,20.095245,15.617686,17.156078,20.253347,16.37245,11.593755,16.046104,15.990314,17.95923,13.583488,9.917579,13.409401,11.390853,9.201805,15.067559,15.020758,12.263884,12.296775,17.88832,15.542698,20.53381,19.919504,17.398697,21.51869,19.314972,20.732763,23.70128,20.053543,17.367409,13.7179785,18.143576,13.286534,18.552782,18.067688,21.181799,21.1256,22.99688,21.435202,18.971407,21.02661,18.105673,19.115435,17.317814,20.076902,17.56132,13.115012,12.392174,16.703104,19.911158,19.661608,16.467325,20.736832,15.516757,18.91618,18.733662,21.780672
