,0,1,2,3,4,5,6,7,8,9,10,11,12,13,14,15,16,17,18,19,20,21,22,23,24,25,26,27,28,29,30,31,32,33,34,35,36,37,38,39,40,41,42,43,44,45,46,47,48,49,50,51,52,53,54,55,56,57,58,59,60,61,62,63,64,65,66,67,68,69,70,71,72,73,74,75,76,77,78,79,80,81,82,83,84,85,86,87,88,89,90,91,92,93,94,95,96,97,98,99,100,101,102,103,104,105,106,107,108
0,0.0,4.2591214,6.4020104,9.556107,12.031906,14.1087055,17.563168,20.51006,24.100786,26.209831,30.35575,31.81841,29.30048,28.088022,23.253338,23.27666,17.966583,18.486792,14.756713,14.317997,14.271654,9.775568,13.594354,15.899939,15.464235,16.213692,20.665983,18.774162,24.438124,23.987095,28.875254,27.562065,35.350864,36.033894,37.9071,41.757324,41.25111,38.433525,35.69533,32.168964,32.508076,28.004644,31.53277,28.92212,24.542412,25.887148,23.389019,25.323008,28.178244,30.804602,31.881886,36.182625,39.196156,40.68787,37.93863,41.85529,38.44491,40.696934,42.17446,42.948147,39.880848,42.046288,37.49579,38.239445,37.48797,35.076324,37.5244,33.64035,33.977673,28.834293,26.582996,30.294622,28.696936,33.531387,33.056396,34.28607,36.84905,36.640385,39.273197,40.751106,39.396126,35.71534,33.347973,30.095348,28.78199,25.37795,24.955547,20.486206,19.351244,19.044844,18.296713,15.664473,19.520979,21.6743,25.018244,24.10375,28.98194,29.133638,33.995155,33.11434,38.613262,37.487194,36.0276,32.896572,30.828238,26.486507,24.314123,21.087807,18.813766
1,4.2591214,0.0,5.3443594,6.561762,8.698134,11.962033,14.291369,18.310892,21.25392,23.827919,27.678316,29.563583,27.418198,25.950161,21.351093,20.670265,15.661646,15.283856,11.959967,10.475547,10.650131,6.707373,10.644546,12.001668,12.223691,12.446966,16.834505,14.899168,20.282372,20.038654,24.885267,23.877625,31.8006,32.446156,34.533733,38.346626,38.067543,35.400154,32.399086,28.668364,29.245832,24.463512,27.860182,25.1467,20.909094,21.955706,19.605309,21.538467,24.403084,26.864576,27.772356,32.12618,35.036163,36.47118,33.718864,37.656986,34.27294,36.60858,38.157627,38.838406,35.8049,37.85819,33.2854,34.103497,33.378033,31.098673,33.629143,29.860538,30.276,25.129473,22.643099,26.188528,24.677446,29.352879,29.109085,30.239992,32.977375,32.942097,35.58288,37.248596,35.87174,32.103268,30.008696,26.54594,25.048752,21.605217,21.074076,16.345606,15.414422,15.157129,14.845991,12.725589,16.980314,18.64751,22.231884,20.69519,25.759232,25.602896,30.772635,29.768324,35.360737,34.517185,33.180332,30.028107,28.107033,23.350107,21.667593,18.094992,16.519545
2,6.4020104,5.3443594,0.0,5.1561303,6.744143,8.005456,11.826544,14.148251,17.957932,19.835098,24.18111,25.471062,23.095804,22.082872,17.202806,17.522131,12.367566,13.184265,10.672651,10.679425,12.347664,9.106312,14.383218,15.211327,16.825487,16.154291,20.444006,18.091175,22.090796,21.2855,26.318993,24.161762,32.28988,32.001095,34.44238,38.011528,37.066753,34.58962,31.572495,28.044039,29.415537,25.182375,29.076128,27.221992,23.429096,24.734247,23.035385,25.11055,27.939304,29.971756,30.306957,34.80664,37.208347,38.2564,35.169174,38.819923,34.849724,37.077408,37.971584,38.615074,35.39159,37.87823,33.55476,34.14304,34.199017,31.226793,34.018345,30.1743,31.43364,26.157555,23.363111,26.717949,24.334995,29.498688,28.077854,29.66483,31.762909,31.357382,34.148457,35.50634,34.55988,31.009514,28.01769,25.002892,23.578945,20.643467,19.948317,16.490093,15.231096,16.062292,15.02238,12.232102,15.531276,17.499395,20.04378,19.425516,23.689867,23.830332,28.25236,27.239376,32.6437,31.320831,29.928705,26.743422,25.022234,20.636702,18.468607,15.631874,13.06633
3,9.556107,6.561762,5.1561303,0.0,3.8211877,6.079178,8.660728,12.5810375,15.172165,18.075365,21.409843,23.549538,21.310415,19.549688,15.14483,14.137446,9.176961,8.945299,5.9279637,5.76236,7.6233582,5.722892,11.080342,11.402737,14.561317,14.002785,17.227726,14.14023,17.564686,16.309984,21.387947,19.036327,27.140577,27.018044,29.368988,32.991135,32.256157,29.744387,26.678902,23.086323,24.321667,20.02793,23.956556,22.332989,18.731182,20.382576,19.180368,21.652594,24.671875,26.459743,26.438036,30.993097,33.341793,34.088074,30.713144,34.203133,30.210627,32.259197,33.259487,34.19006,31.036682,33.859413,29.632769,30.706606,31.137499,28.548063,31.641895,28.15144,29.614334,24.43459,21.0276,23.674171,21.236002,25.778599,24.412706,25.452366,27.671202,27.230793,29.81072,31.207947,29.94947,26.318907,23.793684,20.578428,19.469854,16.05923,16.29998,12.742147,12.6625185,14.153632,14.198618,12.555871,16.186323,17.180407,19.756165,18.03852,22.276838,21.603958,26.361227,24.66562,30.244116,29.264864,28.36505,25.004005,24.151,18.79171,17.78526,14.695129,13.31158
4,12.031906,8.698134,6.744143,3.8211877,0.0,5.2986255,5.609457,10.391037,12.672733,15.511121,19.208347,21.295235,19.683504,18.210943,13.982406,12.869655,8.754694,7.492555,7.281784,5.4900904,8.9880495,8.665302,13.229307,11.911491,15.339507,13.4985485,16.875761,14.3574295,16.524513,15.781936,20.665482,18.547426,26.885342,26.140146,29.109255,32.4857,31.74261,29.637974,26.135603,22.311686,24.481121,20.060858,23.83306,22.28186,19.185328,20.046785,19.13069,21.19265,23.894247,25.326313,25.028246,29.582272,31.533453,32.253136,29.000475,32.508156,28.347523,30.649595,31.411842,31.907953,28.670696,31.194115,26.957745,27.66974,28.201555,25.253428,28.358759,24.806574,26.60798,21.41551,17.950546,20.656603,17.965815,22.943745,21.396671,22.92697,25.107265,24.87854,27.73682,29.348562,28.492338,24.85031,22.075596,18.781183,17.006731,14.185865,13.2484455,10.059683,9.359916,11.331105,11.108755,9.659951,12.898651,13.613995,16.015226,14.281555,18.468336,17.9118,22.715546,21.29609,26.881533,25.987885,24.912209,21.632433,20.49129,15.164384,14.166509,10.911924,9.955857
5,14.1087055,11.962033,8.005456,6.079178,5.2986255,0.0,5.993496,6.805349,10.376805,12.534316,16.31855,17.87588,15.461883,14.15782,9.437452,9.636564,4.8383374,6.6529045,6.855411,8.675191,11.886857,11.413836,16.58586,16.154509,20.079842,18.683401,21.630903,18.51283,19.927717,18.180527,23.038816,19.428997,27.425936,25.976854,28.8591,32.023186,30.485033,28.38396,25.24383,21.979195,24.437849,21.03537,25.310667,24.818546,22.064814,23.732914,23.334967,25.75039,28.561962,29.771702,29.064848,33.62199,35.26672,35.50638,31.823757,34.84787,30.223686,32.09614,32.216015,33.048477,29.726006,33.04698,29.272085,30.069551,31.529007,28.226614,31.600426,28.21212,30.676899,25.583405,21.894867,24.017744,20.572412,25.426123,22.538229,24.107431,25.40153,24.485958,27.225216,28.233528,27.604671,24.337776,20.646881,18.130114,17.142029,14.722586,14.77249,13.524406,13.24987,15.989954,15.438406,13.658342,15.75006,16.616138,17.598188,16.83617,19.668499,19.16117,22.804823,20.920822,26.196568,24.684044,23.87888,20.45367,20.25649,15.227022,14.089783,12.297562,10.2447
6,17.563168,14.291369,11.826544,8.660728,5.609457,5.993496,0.0,6.7883997,7.3484716,10.736831,13.924696,16.37526,15.418721,13.869173,10.503025,8.649214,6.8408995,4.256333,8.343375,7.2861915,11.420853,12.962988,16.824427,14.471178,18.973654,16.503647,18.772518,16.19502,15.773308,14.664247,19.05787,16.15467,24.323002,22.461905,26.065592,29.001047,27.928133,26.340075,22.513956,18.746485,22.169966,18.333935,22.131145,21.582222,19.574154,20.267672,20.406967,22.408257,24.838717,25.506685,24.368034,28.836245,30.03482,30.16671,26.604906,29.642141,24.973343,27.155043,27.25732,27.632637,24.284956,27.225317,23.400713,24.0809,25.69562,22.383114,25.881601,22.716852,25.507717,20.629822,16.620567,18.250343,14.629945,19.499638,16.735765,18.530859,20.132193,19.706173,22.710707,24.263418,23.84892,20.3843,17.066929,13.999175,12.002077,10.049733,8.839435,8.291086,8.341227,11.903357,11.976885,11.589974,13.295693,12.940284,13.8881035,11.981379,14.821966,13.694927,18.004217,16.023178,21.591845,20.715008,20.004753,16.605875,16.498224,10.565611,10.786484,8.421226,8.717591
7,20.51006,18.310892,14.148251,12.5810375,10.391037,6.805349,6.7883997,0.0,5.286717,5.810342,10.524065,11.343538,9.650398,9.333422,5.3402925,7.014141,6.61525,8.13099,11.862853,13.253096,17.038506,17.737602,22.408598,20.902706,25.308495,23.015902,25.53895,22.760023,22.087767,20.382793,24.538866,20.400976,27.87881,24.952288,28.606758,31.0621,28.924084,27.613487,24.205791,21.266098,25.257648,22.674723,26.799759,27.225357,25.509922,26.699696,27.060396,29.169764,31.582035,32.099823,30.702093,35.076305,35.854298,35.601654,31.838333,34.333332,29.234282,31.016203,30.181065,30.616982,27.217848,30.727676,27.56335,27.908228,30.405428,26.461338,29.995243,26.92356,30.402763,25.713982,21.939377,23.276983,19.002106,23.891245,19.524632,21.791616,22.026785,20.810734,23.78197,24.539993,24.863369,22.106892,17.317383,15.707546,14.479048,13.92047,13.117404,14.699296,14.268311,17.834587,16.987654,15.7508335,15.975982,16.179369,15.149618,15.301649,16.030565,15.635456,17.710047,15.70599,20.460321,18.47322,17.795145,14.380184,15.161947,10.7658,10.0495825,10.401243,8.822293
8,24.100786,21.25392,17.957932,15.172165,12.672733,10.376805,7.3484716,5.286717,0.0,4.650083,6.6238213,9.278526,9.082241,7.777092,6.680283,5.1990137,8.324825,7.6678486,12.978151,13.726698,17.424265,19.448524,23.202782,20.8755,25.895803,23.369764,24.861856,22.129904,19.783974,17.988295,21.420593,17.1638,24.120007,20.554045,24.658306,26.764633,24.718714,23.877361,20.120867,17.175583,22.004421,19.798763,23.583996,24.606567,23.771732,24.717934,25.80761,27.835793,30.024696,29.99749,28.048485,32.215412,32.5114,31.810305,27.883312,29.97055,24.699648,26.328522,25.157074,25.57933,22.201363,26.039494,23.26181,23.853334,27.097008,23.368864,27.15794,24.65713,28.559696,24.322496,20.200258,20.414745,15.874702,19.939148,14.929828,16.99131,16.851397,15.531566,18.535471,19.41156,19.91999,17.240408,12.378411,10.871601,9.6096735,10.05253,9.659148,13.084041,13.662772,17.678354,17.625065,17.528631,17.611145,16.738638,15.385295,14.4939,14.320805,12.83281,14.716783,11.643942,16.535898,15.061373,15.174095,11.629602,14.001669,8.686548,10.390127,10.961022,11.496242
9,26.209831,23.827919,19.835098,18.075365,15.511121,12.534316,10.736831,5.810342,4.650083,0.0,6.1921253,6.104952,6.6092863,7.5540557,6.9918394,8.433008,11.214407,11.823972,16.639475,17.667961,21.507456,22.952333,27.1621,24.990679,29.689665,26.931297,28.92043,26.410149,24.217127,22.613482,25.95576,21.686428,28.299816,24.259567,28.445868,30.188297,27.680517,27.1605,23.622421,21.112957,26.170801,24.336025,28.09638,29.228945,28.392225,29.20495,30.167295,32.026955,34.088303,34.026302,32.08212,36.167465,36.202877,35.490963,31.737225,33.66529,28.32794,29.940207,28.281693,28.36079,25.02758,28.645046,26.200521,26.215319,29.644142,25.396782,28.987822,26.429728,30.655325,26.55074,22.822432,23.235744,18.54856,22.932514,17.420319,20.110048,19.270956,17.816082,20.854286,21.370487,22.609905,20.47847,15.0493,14.515174,13.223415,14.515298,13.251622,16.939903,16.685226,20.51774,19.755777,19.197308,18.293505,17.75471,15.223963,15.818389,14.367993,13.8377495,13.953232,11.632424,15.546231,13.14404,12.902022,9.566964,12.149704,8.892942,9.532518,11.798571,11.509961
10,30.35575,27.678316,24.18111,21.409843,19.208347,16.31855,13.924696,10.524065,6.6238213,6.1921253,0.0,4.7326007,6.3854713,5.632742,8.893869,8.2982855,13.288264,13.371658,18.34974,19.763325,23.079084,25.414972,28.932026,26.663172,31.992702,29.547249,30.43608,27.590778,24.164791,21.97024,24.467743,19.542519,24.771832,19.954689,24.146889,25.312265,22.39668,22.385761,19.048122,17.313725,22.849497,22.221094,25.695454,27.903315,27.953548,29.108864,30.831696,32.89208,34.91403,34.409973,31.928463,35.740864,35.376785,33.987007,29.865253,31.012062,25.523788,26.466877,24.186348,24.774529,21.647308,26.214954,24.595144,25.243935,29.672115,25.994238,29.833834,28.048693,32.530434,28.914068,24.842716,23.995106,19.315948,22.111998,15.883826,17.6124,15.717488,13.43986,15.922857,15.798779,17.281849,15.817593,9.982257,10.926432,11.11719,13.221675,13.844358,18.608444,19.585697,23.63938,23.69349,23.827211,23.298483,22.141684,19.7462,19.318428,17.303373,15.598932,15.014412,11.112014,14.154064,12.225742,13.713876,10.746593,15.571639,12.06112,14.521104,16.430738,17.109385
11,31.81841,29.563583,25.471062,23.549538,21.295235,17.87588,16.37526,11.343538,9.278526,6.104952,4.7326007,0.0,4.6529746,6.94941,9.808168,11.403679,15.542895,16.529106,21.22423,22.858767,26.405636,28.147007,32.188133,30.118784,35.16043,32.542015,34.018856,31.306131,28.325825,26.311823,29.027014,24.166212,29.461243,24.566414,28.671827,29.666588,26.44063,26.541681,23.492693,21.989822,27.412868,26.807907,30.383604,32.4475,32.24773,33.32883,34.791477,36.753555,38.744347,38.33682,35.97871,39.815212,39.371407,38.104534,34.1685,35.34561,29.87044,30.898565,28.395561,28.656132,25.582062,29.76971,28.263323,28.374342,32.72467,28.582098,32.207355,30.243479,34.887745,31.261435,27.519314,27.092115,22.327866,25.67441,19.339388,21.657112,19.524654,17.373705,19.836933,19.455395,21.423477,20.328957,14.46217,15.639908,15.448435,17.631943,17.354424,21.95221,22.195179,26.124348,25.56465,25.220356,24.03758,23.268368,20.128632,20.878788,18.17308,17.385933,15.5360775,12.688096,14.634435,11.689799,12.730914,10.265161,14.929295,13.23129,14.603688,17.485125,17.414255
12,29.30048,27.418198,23.095804,21.310415,19.683504,15.461883,15.418721,9.650398,9.082241,6.6092863,6.3854713,4.6529746,0.0,3.9276934,6.383492,9.312649,12.800584,14.958349,18.762617,21.324003,24.594982,25.867138,30.228167,28.911232,33.956238,31.8797,33.53772,30.36679,28.268023,25.768478,28.999746,23.606361,29.168045,24.824463,28.353842,29.766348,26.350145,25.8183,23.193245,21.799515,26.458755,25.93636,29.94166,31.983387,31.304876,33.02726,34.25598,36.58306,38.920662,38.88084,36.77594,40.844315,40.891895,39.75404,35.583942,36.962418,31.497578,32.389362,30.270617,31.097132,27.963701,32.515015,30.645996,31.164452,35.175236,31.215082,34.940628,32.66787,36.961273,32.903683,28.97938,28.984459,24.283913,27.85123,21.88788,23.748098,22.082607,19.728354,21.966469,21.375574,22.589136,21.245272,15.416891,16.302486,16.751013,17.757366,18.449718,22.12354,22.520605,26.433617,25.868786,25.049734,24.508205,24.231737,21.75122,22.375242,20.759127,19.977503,19.24209,16.299398,19.005428,16.206657,16.951576,14.158675,17.933289,15.342743,15.997726,18.231993,17.293081
13,28.088022,25.950161,22.082872,19.549688,18.210943,14.15782,13.869173,9.333422,7.777092,7.5540557,5.632742,6.94941,3.9276934,0.0,5.0625186,6.2504473,10.539947,12.452528,16.128729,18.942959,21.880512,23.542318,27.546844,26.33503,31.653708,29.911936,31.0936,27.643362,25.43721,22.575916,25.75107,20.057316,25.487953,21.382952,24.6876,26.30833,22.997149,22.184792,19.59265,18.210066,22.618475,22.26346,26.328493,28.57295,27.987719,30.032047,31.435919,33.96924,36.42912,36.397137,34.249752,38.323902,38.54059,37.302727,32.933323,34.26539,28.845364,29.549622,27.673761,28.942133,25.834372,30.756325,28.809813,29.83819,33.8475,30.321232,34.20013,32.044323,36.13591,32.035122,27.840548,27.592585,23.031378,26.131348,20.423431,21.637001,20.226553,17.726994,19.738098,19.149979,19.759562,18.196363,12.588947,13.315799,14.444946,14.868218,16.705599,20.161604,21.21398,25.197596,25.13143,24.586191,24.699846,24.221983,22.405277,22.150787,21.19393,19.791353,19.979836,16.39368,19.701693,17.489891,18.568539,15.479179,19.392618,15.564153,16.854345,18.2713,17.739243
14,23.253338,21.351093,17.202806,15.14483,13.982406,9.437452,10.503025,5.3402925,6.680283,6.9918394,8.893869,9.808168,6.383492,5.0625186,0.0,4.9595246,6.546382,9.574211,12.599217,15.586365,18.694178,19.612206,24.156578,23.311893,28.22557,26.585735,28.454603,25.030691,24.039019,21.417227,25.348078,20.081692,26.673801,23.452173,26.626495,28.8782,26.08522,24.693558,21.914442,19.794178,23.55762,22.140106,26.492683,27.860346,26.463541,28.495302,29.289677,31.837502,34.461605,34.87455,33.203472,37.52344,38.235752,37.51383,33.31892,35.286156,30.022243,31.173557,29.961609,31.06683,27.793154,32.206184,29.551924,30.426401,33.613625,29.970203,33.726334,31.03721,34.696705,30.163916,26.10125,26.744408,22.35124,26.335203,21.366434,22.897207,22.427378,20.458385,22.86148,22.85652,23.02719,20.762785,15.618827,15.015434,15.301057,14.673674,15.8606615,18.016563,18.544573,22.286295,21.894579,20.808195,21.297495,21.363937,20.156338,20.069386,20.211163,19.276884,20.558907,17.643671,21.812185,19.606077,19.803988,16.445354,18.824675,14.590647,14.761479,15.517011,14.143038
15,23.27666,20.670265,17.522131,14.137446,12.869655,9.636564,8.649214,7.014141,5.1990137,8.433008,8.2982855,11.403679,9.312649,6.2504473,4.9595246,0.0,5.47522,6.3242226,10.304339,12.804526,15.695843,17.69644,21.430199,20.097616,25.481325,23.922775,24.97709,21.423302,19.686018,16.830246,20.530542,15.170373,21.844004,18.787558,22.065626,24.49794,22.164396,20.689222,17.535233,15.032646,18.921684,17.337938,21.60347,23.132998,22.097734,24.151731,25.334316,27.960575,30.566633,30.786472,28.919128,33.169,33.88204,33.00732,28.671398,30.579525,25.374998,26.453423,25.513666,26.866114,23.633678,28.2476,25.554506,26.91688,30.174126,27.049671,30.94911,28.558891,32.087,27.715675,23.359175,23.446617,19.24321,22.526957,17.894573,18.765547,18.672852,16.798939,19.085154,19.399454,19.035618,16.375505,11.801581,10.520253,11.192064,9.986275,12.410868,14.680934,16.177765,20.054691,20.447454,20.124027,21.168612,20.6194,20.029427,18.71124,19.30017,17.509472,19.674501,16.114431,20.755592,19.328707,19.944233,16.45771,19.184914,13.767662,15.19247,15.082603,14.955778
16,17.966583,15.661646,12.367566,9.176961,8.754694,4.8383374,6.8408995,6.61525,8.324825,11.214407,13.288264,15.542895,12.800584,10.539947,6.546382,5.47522,0.0,4.675089,6.0830407,9.50601,12.294516,13.133972,17.634485,17.171246,22.032967,20.939104,22.77893,19.086527,19.298004,16.649246,21.207464,16.497656,23.976297,22.153366,24.885462,27.903654,26.025839,23.926498,20.998117,18.12755,20.72134,18.152407,22.641537,23.13065,20.991034,23.274282,23.628803,26.391832,29.281485,30.13002,28.920946,33.39891,34.785656,34.485786,30.37078,32.89206,28.037682,29.431711,29.227633,30.548428,27.29215,31.38194,28.051605,29.33819,31.607916,28.549356,32.23615,29.319147,32.186275,27.358847,23.223152,24.358635,20.60786,24.603745,21.04886,22.024096,22.82113,21.411045,23.79427,24.414043,23.60989,20.559908,16.74378,14.652775,14.68932,12.20305,13.993401,14.018786,14.975735,18.312609,18.438578,17.403633,19.26964,19.458101,19.872738,18.642017,20.635355,19.38955,22.548225,19.737474,24.824963,23.35608,23.27807,19.736343,20.990608,15.506615,15.622465,14.474714,13.326593
17,18.486792,15.283856,13.184265,8.945299,7.492555,6.6529045,4.256333,8.13099,7.6678486,11.823972,13.371658,16.529106,14.958349,12.452528,9.574211,6.3242226,4.675089,0.0,5.7042866,6.553876,9.876907,12.130326,15.6748705,13.967884,19.209743,17.64807,18.959501,15.506069,14.868732,12.583888,17.087706,13.097247,21.102957,19.475586,22.622175,25.72754,24.542774,22.630804,19.097963,15.542272,18.485186,15.070986,19.249176,19.345604,17.462404,19.148869,19.73092,22.305597,25.039072,25.675587,24.334959,28.796772,30.123878,29.886065,25.872412,28.587341,23.852322,25.536003,25.678999,26.771328,23.520796,27.26036,23.70218,25.10487,27.170328,24.404434,28.110985,25.343233,28.089287,23.394068,19.090508,19.962336,16.435215,20.21215,17.276573,18.085438,19.519,18.625566,21.157839,22.374517,21.406206,17.941566,14.900496,11.883941,11.213889,8.197594,9.881915,9.579135,11.224545,14.711049,15.501078,15.347654,17.471157,16.989841,17.922644,15.644107,18.11494,16.342302,20.370285,17.504374,22.942663,22.136583,22.089933,18.584333,19.643194,13.454538,14.458929,12.526181,12.78172
18,14.756713,11.959967,10.672651,5.9279637,7.281784,6.855411,8.343375,11.862853,12.978151,16.639475,18.34974,21.22423,18.762617,16.128729,12.599217,10.304339,6.0830407,5.7042866,0.0,5.2664766,6.580793,7.587237,11.665108,11.931771,16.768648,16.637135,18.114813,14.003671,15.819287,13.162752,18.149815,14.406315,22.165913,21.930668,23.97209,27.585058,26.638943,23.986551,21.176657,17.906971,18.939388,15.325956,19.678598,19.181189,16.195065,18.900627,18.765884,21.834042,25.02229,26.337439,25.646559,30.159134,32.244507,32.323624,28.3572,31.296322,27.046337,28.535023,29.306404,30.874367,27.804081,31.532871,27.75939,29.494091,30.875294,28.604776,32.116726,29.177141,31.16172,26.272768,22.221909,23.642921,20.818705,24.35016,22.3385,22.588835,24.414627,23.500053,25.635471,26.675634,25.048328,21.558653,19.24835,16.27904,16.284529,12.40481,14.8074,12.516848,14.11035,16.594576,17.477068,16.744772,19.90746,20.095873,21.939161,19.680214,23.046621,21.51934,25.89548,23.192417,28.646431,27.771456,27.6245,24.108654,24.725677,18.721558,18.968582,16.491114,15.862706
19,14.317997,10.475547,10.679425,5.76236,5.4900904,8.675191,7.2861915,13.253096,13.726698,17.667961,19.763325,22.858767,21.324003,18.942959,15.586365,12.804526,9.50601,6.553876,5.2664766,0.0,4.1999836,6.67236,9.606991,7.80062,12.73294,11.724295,13.403572,9.905553,11.967405,10.660139,15.696668,13.805732,22.04806,22.115116,24.647446,28.268436,28.070656,25.73625,22.316895,18.380524,19.758926,14.969458,18.628422,16.957012,13.800691,15.215757,14.697015,17.324793,20.337212,21.705523,21.253336,25.81996,28.027805,28.547474,25.028679,28.473738,24.568605,26.63281,27.889544,28.880692,25.84166,28.666245,24.455841,25.962118,26.569626,24.508219,27.789358,24.748472,26.291039,21.397858,17.495564,19.309607,17.095638,20.824865,19.971544,20.422709,23.047613,22.886541,25.306095,27.021852,25.488968,21.671139,20.018389,16.335398,15.169039,11.287838,12.179062,8.18293,9.74916,11.708037,13.114995,13.083699,16.693619,16.510996,19.207777,16.185972,20.41488,18.863466,24.109716,21.934862,27.60118,27.246536,26.776026,23.435774,23.203972,17.093304,17.493113,14.121425,14.486698
20,14.271654,10.650131,12.347664,7.6233582,8.9880495,11.886857,11.420853,17.038506,17.424265,21.507456,23.079084,26.405636,24.594982,21.880512,18.694178,15.695843,12.294516,9.876907,6.580793,4.1999836,0.0,4.7798448,5.8583393,5.56912,10.628951,11.295327,12.0309105,7.7254224,11.601248,9.967073,14.921844,13.569437,21.221685,22.432362,24.150003,28.071125,28.30046,25.566519,22.590055,18.849136,18.823786,13.8587885,17.283802,15.101432,11.201446,13.513924,12.640524,15.792845,19.15036,20.90341,20.836607,25.28138,28.019968,28.64073,25.14242,28.614017,25.20964,27.022432,28.817797,30.232523,27.436424,30.309198,26.10827,28.073519,28.331581,26.96057,30.113752,27.27591,28.250982,23.555965,19.832571,21.47056,19.90573,22.817612,22.689047,22.424828,25.319956,25.171356,27.185537,28.845022,26.75433,22.931768,22.1092,18.413755,17.856468,13.487487,15.41747,10.982144,13.028155,14.189049,16.03978,16.133253,20.173965,20.050068,23.139652,19.8564,24.303007,22.56232,27.959675,25.599472,31.225393,31.036846,30.749546,27.409153,27.330345,21.150005,21.677715,18.20275,18.525656
21,9.775568,6.707373,9.106312,5.722892,8.665302,11.413836,12.962988,17.737602,19.448524,22.952333,25.414972,28.147007,25.867138,23.542318,19.612206,17.69644,13.133972,12.130326,7.587237,6.67236,4.7798448,0.0,5.6517267,8.035434,10.750692,12.089648,14.363131,10.797778,16.001448,14.731228,19.632456,18.174967,25.702263,26.889929,28.440084,32.397644,32.327286,29.422695,26.71212,23.17009,22.96852,18.337683,21.834826,19.502975,15.234484,17.450325,15.762301,18.620434,21.948372,24.173428,24.627783,29.032513,31.99993,32.93482,29.666237,33.27514,29.911613,31.79073,33.510406,34.829853,31.95041,34.685688,30.360329,31.984138,31.890093,30.200594,33.15673,29.927402,30.64345,25.698013,22.406002,24.832247,23.236675,26.83813,26.553215,26.747183,29.500332,29.24062,31.414118,32.92287,30.991186,27.241955,25.851269,22.359627,21.691813,17.550858,18.811651,14.216366,15.093058,15.728069,16.750637,15.839703,20.1317,20.812826,24.102343,21.547297,26.2733,25.139065,30.421547,28.45546,34.120308,33.55584,32.914352,29.549824,28.889872,23.14754,22.726803,19.229212,18.548336
22,13.594354,10.644546,14.383218,11.080342,13.229307,16.58586,16.824427,22.408598,23.202782,27.1621,28.932026,32.188133,30.228167,27.546844,24.156578,21.430199,17.634485,15.6748705,11.665108,9.606991,5.8583393,5.6517267,0.0,5.4895334,7.3150244,10.526289,11.008964,7.4079404,14.016827,13.28726,17.448425,17.560558,24.21043,26.580563,27.567064,31.674776,32.444294,29.44057,26.880198,23.325928,22.053465,17.028912,19.59456,16.292698,11.575045,13.816061,11.618243,14.679227,18.152283,20.686579,21.601624,25.703503,29.18493,30.34263,27.375013,31.098614,28.52079,30.333387,32.780994,34.249825,31.71647,34.071846,29.71314,31.752611,31.072948,30.331463,33.05476,30.205116,30.204493,25.70999,22.649498,24.704222,24.053799,26.613724,27.542738,27.0202,30.31601,30.416338,32.246162,34.00794,31.596907,27.783407,27.586077,23.841402,23.290354,18.889585,20.564026,15.371951,16.957432,16.830563,18.745434,18.746037,23.275965,23.465887,27.259075,23.919415,28.94009,27.395853,33.117775,31.04891,36.69388,36.640957,36.191505,32.922745,32.339798,26.36447,26.54782,22.72866,22.87324
23,15.899939,12.001668,15.211327,11.402737,11.911491,16.154509,14.471178,20.902706,20.8755,24.990679,26.663172,30.118784,28.911232,26.33503,23.311893,20.097616,17.171246,13.967884,11.931771,7.80062,5.56912,8.035434,5.4895334,0.0,5.938665,6.7220135,6.587975,2.9359715,9.335358,9.907263,13.937668,15.1729,22.304056,24.171942,25.964788,29.836096,30.88335,28.394053,25.157732,21.130201,20.944563,15.300151,17.448868,13.703086,9.546805,9.9883175,7.926206,10.647044,13.987396,16.160135,16.8022,21.116224,24.325846,25.582893,22.79758,26.777336,24.184753,26.437403,28.925306,29.871119,27.328993,29.134737,24.61561,26.471285,25.597832,24.929514,27.608585,24.86981,24.91049,20.529577,17.371899,19.288397,18.964073,21.432453,22.927395,22.561073,26.195219,26.755789,28.794748,30.979296,28.85652,24.91116,24.938267,20.89034,19.619204,15.576433,16.334204,10.7504015,12.577494,12.2603035,14.813452,15.760981,20.060734,19.60554,23.501442,19.605661,24.681087,22.953081,28.936117,27.088104,32.67396,33.004196,32.505257,29.42609,28.666994,22.706495,23.362644,19.364414,20.456427
24,15.464235,12.223691,16.825487,14.561317,15.339507,20.079842,18.973654,25.308495,25.895803,29.689665,31.992702,35.16043,33.956238,31.653708,28.22557,25.481325,22.032967,19.209743,16.768648,12.73294,10.628951,10.750692,7.3150244,5.938665,0.0,5.04365,6.387602,6.7388067,13.695539,15.325637,18.574812,20.837578,27.454443,29.763798,31.365547,35.25445,36.593235,34.06163,30.920568,26.909698,26.367706,20.71396,22.242716,17.715641,13.486504,12.7953,9.192867,10.449063,13.296219,16.376677,18.28722,22.082344,25.843332,27.888103,25.988508,30.291817,28.428381,30.919088,33.78747,34.38808,32.011395,32.966488,28.253082,29.710783,27.64719,27.319546,29.33309,26.409508,25.317577,21.173079,19.145847,21.909971,22.479242,25.091564,27.47856,27.371632,31.279799,32.153625,34.281853,36.642956,34.565445,30.612064,30.735819,26.635546,25.00065,21.233196,21.067968,15.080303,15.718178,13.881788,16.020458,16.746855,21.290455,21.272827,25.855202,22.214472,27.837578,26.6305,32.82746,31.61529,37.170387,37.558887,36.6663,33.751385,32.11634,26.690748,26.723589,22.435755,23.281496
25,16.213692,12.446966,16.154291,14.002785,13.4985485,18.683401,16.503647,23.015902,23.369764,26.931297,29.547249,32.542015,31.8797,29.911936,26.585735,23.922775,20.939104,17.64807,16.637135,11.724295,11.295327,12.089648,10.526289,6.7220135,5.04365,0.0,5.6703477,7.469148,12.32609,14.816756,18.034086,20.43539,27.5821,29.005507,31.410494,35.024708,36.215168,34.118916,30.467726,26.178501,26.826733,21.025644,22.603563,18.306906,14.818087,12.88492,9.87694,10.162188,12.383396,14.917845,16.467514,20.471941,23.681414,25.824604,24.12351,28.585003,26.433813,29.346611,31.896244,31.889212,29.378181,29.83647,24.976683,25.87867,23.64217,22.864925,24.792973,21.634861,20.694025,16.308338,14.385446,17.654247,18.297787,21.503416,23.983686,24.492523,28.430378,29.59029,32.05738,34.65642,33.074665,29.101877,28.87777,24.716822,22.355839,19.220545,17.718813,11.691935,11.56374,9.106958,11.385916,12.727267,16.995327,16.651457,21.357435,17.605722,23.335936,22.337988,28.601748,27.85034,33.302658,33.808037,32.679035,29.967928,27.887619,22.806856,22.82792,18.46208,19.83388
26,20.665983,16.834505,20.444006,17.227726,16.875761,21.630903,18.772518,25.53895,24.861856,28.92043,30.43608,34.018856,33.53772,31.0936,28.454603,24.97709,22.77893,18.959501,18.114813,13.403572,12.0309105,14.363131,11.008964,6.587975,6.387602,5.6703477,0.0,4.859143,8.86533,11.985271,14.009278,17.81508,23.88294,26.110264,28.081398,31.661823,33.519142,31.476349,27.975988,23.818855,23.781599,17.960962,18.56044,13.685525,10.660765,7.7288775,4.429674,4.7452126,7.6819367,10.289095,11.918739,15.842868,19.480358,21.524513,19.838514,24.265226,22.773384,25.483625,28.609665,28.899437,26.772453,27.193172,22.527264,24.181917,21.969517,22.349636,24.33803,22.00511,20.896732,17.341242,15.123065,16.912779,18.243223,19.743055,23.105824,22.59745,26.848902,28.189732,30.168259,32.87336,30.843182,26.94183,27.854078,23.661083,21.751669,18.449394,18.041275,12.449022,13.923465,12.167772,15.335639,17.414122,21.328205,20.274794,24.600588,20.153605,25.38321,23.61414,29.894484,28.591722,33.875313,34.83949,34.222324,31.54632,30.277958,24.77499,25.782196,21.613176,23.62532
27,18.774162,14.899168,18.091175,14.14023,14.3574295,18.51283,16.19502,22.760023,22.129904,26.410149,27.590778,31.306131,30.36679,27.643362,25.030691,21.423302,19.086527,15.506069,14.003671,9.905553,7.7254224,10.797778,7.4079404,2.9359715,6.7388067,7.469148,4.859143,0.0,7.4006767,8.674758,11.914702,14.297087,20.830227,23.113003,24.784605,28.601177,30.091867,27.72136,24.464886,20.439363,20.006,14.2312,15.6728115,11.399438,7.443787,7.1386127,5.0737033,8.110813,11.558126,13.615092,14.244277,18.463135,21.815722,23.085098,20.410667,24.429113,22.234106,24.47927,27.3084,28.267855,25.942236,27.520817,23.061052,25.179462,24.142725,24.046753,26.641966,24.267681,24.091066,20.11901,17.01086,18.371225,18.566736,20.211357,22.362211,21.555767,25.434229,26.220703,28.051394,30.389017,28.09958,24.17999,24.87476,20.776735,19.55628,15.607365,16.571037,11.194478,13.526581,13.071799,16.077644,17.586254,21.681805,20.827364,24.699553,20.422157,25.34939,23.32429,29.37091,27.427237,32.877983,33.522873,33.197823,30.226526,29.66506,23.65842,24.77588,20.815868,22.39444
28,24.438124,20.282372,22.090796,17.564686,16.524513,19.927717,15.773308,22.087767,19.783974,24.217127,24.164791,28.325825,28.268023,25.43721,24.039019,19.686018,19.298004,14.868732,15.819287,11.967405,11.601248,16.001448,14.016827,9.335358,13.695539,12.32609,8.86533,7.4006767,0.0,4.595698,5.952041,9.853588,15.970692,17.458359,19.975134,23.284828,25.102644,23.485168,19.651562,15.429414,16.33441,10.70791,11.270561,7.902942,7.3639097,5.193964,7.436835,9.315133,11.559711,11.532075,10.048502,14.443977,16.6624,17.041748,13.690681,17.53825,14.905788,17.342165,20.099241,20.879805,18.637714,20.315987,16.079788,18.738092,18.714142,18.9858,21.988352,20.452818,21.199543,17.93536,14.159113,13.487024,13.66295,13.681223,16.155119,14.631129,18.737694,19.900919,21.54223,24.213655,22.061348,18.210485,19.761032,15.673209,14.30167,11.124488,12.350102,8.949671,12.59207,13.29635,16.75626,19.24349,22.240389,20.346159,23.258774,18.431793,22.19956,19.357323,25.061115,22.695515,27.718039,28.93782,29.12725,26.421614,26.746927,20.698591,23.116135,19.771137,22.476723
29,23.987095,20.038654,21.2855,16.309984,15.781936,18.180527,14.664247,20.382793,17.988295,22.613482,21.97024,26.311823,25.768478,22.575916,21.417227,16.830246,16.649246,12.583888,13.162752,10.660139,9.967073,14.731228,13.28726,9.907263,15.325637,14.816756,11.985271,8.674758,4.595698,0.0,5.1058364,5.835229,12.9103,14.466366,16.600441,20.234362,21.628656,19.603594,16.013535,11.898747,12.328165,6.5741463,8.5899515,6.9260497,6.2751546,7.7119617,10.09623,12.982843,15.645854,15.781431,14.147795,18.271906,20.254238,19.942612,15.850439,18.884806,15.591232,17.208424,19.49548,21.172895,18.799362,21.84786,18.140854,21.14879,22.215048,22.048317,25.41667,23.861889,25.213003,21.6943,17.547045,16.728502,15.771269,15.9189,16.732935,14.802814,18.198736,18.576242,19.916986,22.071632,19.518095,15.653548,17.083054,13.16976,12.996147,8.972137,12.451058,10.037888,14.098274,15.754684,18.828808,20.704672,23.752832,22.136927,24.547077,20.103886,23.402912,20.409382,25.619635,22.565796,27.625826,28.483006,29.033875,26.065832,27.201843,20.808111,23.30885,20.342882,22.52732
30,28.875254,24.885267,26.318993,21.387947,20.665482,23.038816,19.05787,24.538866,21.420593,25.95576,24.467743,29.027014,28.999746,25.75107,25.348078,20.530542,21.207464,17.087706,18.149815,15.696668,14.921844,19.632456,17.448425,13.937668,18.574812,18.034086,14.009278,11.914702,5.952041,5.1058364,0.0,6.710956,10.354991,12.764953,14.632648,17.878721,20.321392,18.808329,15.309995,11.633112,11.664024,6.892039,5.7266693,4.3114514,7.3243494,7.321017,11.084344,13.2102585,15.080609,14.258169,11.852593,15.234861,16.816715,15.914473,11.581799,14.262901,11.672849,13.021825,16.109447,17.991459,16.237288,19.021278,15.843415,19.520557,20.714197,21.625214,24.79262,24.09509,25.272745,22.675344,18.822203,16.785963,16.677086,14.780156,16.679384,13.627225,17.243887,18.071566,18.735806,21.13113,18.279156,14.760279,17.83189,14.320779,14.415082,11.510356,14.848752,13.473609,17.525532,18.884485,22.227182,24.625437,27.349499,25.292248,27.514194,22.779303,25.54462,22.192635,27.10456,23.960627,28.44997,29.874048,30.77818,28.138336,29.644957,23.525574,26.617016,23.880657,26.595453
31,27.562065,23.877625,24.161762,19.036327,18.547426,19.428997,16.15467,20.400976,17.1638,21.686428,19.542519,24.166212,23.606361,20.057316,20.081692,15.170373,16.497656,13.097247,14.406315,13.805732,13.569437,18.174967,17.560558,15.1729,20.837578,20.43539,17.81508,14.297087,9.853588,5.835229,6.710956,0.0,8.376418,9.077296,11.242252,14.868393,15.852526,13.834536,10.199402,6.236912,7.2122264,3.0809467,6.479092,8.940045,10.202688,12.668654,15.608545,18.46951,20.885464,20.481989,18.15583,21.760876,22.916918,21.575422,16.808384,18.524176,14.533444,15.005606,16.417719,19.084923,16.798674,21.336786,18.662088,22.100063,24.617743,24.287825,27.973097,26.877283,29.027058,25.769638,21.37013,19.63865,17.8423,17.163958,16.326305,13.590826,15.81973,15.343803,15.952194,17.500517,14.463998,10.815591,12.869666,9.700876,11.43351,7.9044137,13.52397,13.557141,17.680859,20.19662,22.927858,24.580908,27.09619,25.38229,26.817713,22.75944,24.847168,21.506521,25.653757,21.784014,26.324625,27.087866,28.333435,25.379534,27.811987,21.473387,24.540855,22.449007,24.501451
32,35.350864,31.8006,32.28988,27.140577,26.885342,27.425936,24.323002,27.87881,24.120007,28.299816,24.771832,29.461243,29.168045,25.487953,26.673801,21.844004,23.976297,21.102957,22.165913,22.04806,21.221685,25.702263,24.21043,22.304056,27.454443,27.5821,23.88294,20.830227,15.970692,12.9103,10.354991,8.376418,0.0,6.1914024,4.6357484,8.195795,11.304624,9.716589,7.9169855,7.4792504,4.6933684,7.3744097,5.611151,11.070972,14.545394,16.979805,20.60163,23.136698,24.997604,23.938179,21.203415,23.502975,24.067972,21.681446,16.908619,16.655375,13.953913,12.262753,13.8988,18.020638,17.0588,22.041567,20.937479,25.100227,28.15063,28.92742,32.37972,32.266113,34.31015,31.953224,27.825638,25.025064,23.86439,21.146639,20.751802,16.69624,18.036606,17.411016,16.172188,17.04135,12.959233,11.049437,15.765812,14.403042,17.195538,15.194567,20.647646,21.428642,25.59342,27.901827,30.84856,32.776176,35.1415,33.160053,34.311817,30.153658,31.543663,27.888184,31.239727,27.039865,30.530365,31.740786,33.680084,31.109695,34.383286,28.422928,31.998419,30.294079,32.56152
33,36.033894,32.446156,32.001095,27.018044,26.140146,25.976854,22.461905,24.952288,20.554045,24.259567,19.954689,24.566414,24.824463,21.382952,23.452173,18.787558,22.153366,19.475586,21.930668,22.115116,22.432362,26.889929,26.580563,24.171942,29.763798,29.005507,26.110264,23.113003,17.458359,14.466366,12.764953,9.077296,6.1914024,0.0,5.3078437,6.86158,7.962179,7.96491,4.0132403,4.0872045,7.421732,10.051447,10.243741,15.159292,18.216621,20.027641,23.600004,25.923624,27.65832,26.320864,23.149233,25.68111,25.40918,22.707848,17.789412,17.161283,13.024214,11.376074,10.828375,14.893025,13.483749,19.476017,18.936005,22.710875,26.899319,26.860407,30.559671,30.518566,33.433735,31.081701,26.789629,23.654638,21.622116,19.113424,17.023367,13.200165,13.202902,11.89612,10.348333,10.904588,6.8575125,5.0978775,10.2719755,9.979476,13.357161,12.793955,18.067835,20.548058,24.439121,27.369102,29.914877,31.77829,33.41451,31.278782,31.540339,27.839676,28.162476,24.464964,26.837564,22.357752,25.301954,26.44596,28.7334,26.35718,30.32586,24.814066,28.72828,27.78597,30.149632
34,37.9071,34.533733,34.44238,29.368988,29.109255,28.8591,26.065592,28.606758,24.658306,28.445868,24.146889,28.671827,28.353842,24.6876,26.626495,22.065626,24.885462,22.622175,23.97209,24.647446,24.150003,28.440084,27.567064,25.964788,31.365547,31.410494,28.081398,24.784605,19.975134,16.600441,14.632648,11.242252,4.6357484,5.3078437,0.0,4.235212,6.891668,5.5627913,5.293954,7.6034007,5.7602158,10.706115,10.139861,15.622061,18.767235,21.4455,24.992817,27.60978,29.506634,28.384882,25.498785,27.74026,27.898981,25.175457,20.385775,19.424467,16.413057,14.082393,14.324004,18.86493,18.050581,23.733788,23.316803,27.344732,31.124939,31.544857,35.132893,35.115227,37.632565,35.258907,31.00317,28.044203,26.350208,23.711052,22.208279,18.251688,18.44103,17.09494,15.18002,15.071081,10.80223,10.167552,14.791753,14.69173,18.278345,16.929255,22.647419,24.307802,28.362349,31.075098,33.769844,35.489243,37.558987,35.616825,36.21578,32.4297,33.16068,29.504887,32.064125,27.553265,30.512398,31.521803,33.8463,31.372396,35.333645,29.63753,33.322643,32.15503,34.218678
35,41.757324,38.346626,38.011528,32.991135,32.4857,32.023186,29.001047,31.0621,26.764633,30.188297,25.312265,29.666588,29.766348,26.30833,28.8782,24.49794,27.903654,25.72754,27.585058,28.268436,28.071125,32.397644,31.674776,29.836096,35.25445,35.024708,31.661823,28.601177,23.284828,20.234362,17.878721,14.868393,8.195795,6.86158,4.235212,0.0,5.022936,6.2893066,7.0084414,10.265455,9.958942,14.719313,13.779457,19.186846,22.670418,24.902798,28.60453,30.968796,32.589657,31.129436,27.975336,29.82312,29.393467,26.246756,21.653067,19.823866,17.045996,14.067718,13.345805,18.072155,17.808071,23.609257,24.065125,28.029297,32.3194,32.83082,36.344498,36.72863,39.505997,37.500793,33.333504,29.933313,28.210543,25.037653,23.228888,19.16948,18.569153,17.107216,14.434505,13.786985,9.75383,10.673828,15.603287,16.412567,20.03972,19.574745,24.918491,27.282045,31.237204,34.06575,36.69858,38.537067,40.25921,38.14017,38.328335,34.67525,34.78197,31.064075,32.9501,28.38601,30.61619,31.7978,34.452686,32.28977,36.689846,31.411667,35.35774,34.57779,36.806408
36,41.25111,38.067543,37.066753,32.256157,31.74261,30.485033,27.928133,28.924084,24.718714,27.680517,22.39668,26.44063,26.350145,22.997149,26.08522,22.164396,26.025839,24.542774,26.638943,28.070656,28.30046,32.327286,32.444294,30.88335,36.593235,36.215168,33.519142,30.091867,25.102644,21.628656,20.321392,15.852526,11.304624,7.962179,6.891668,5.022936,0.0,4.043311,5.8136744,10.151808,11.176219,16.166052,16.610651,21.99592,24.820805,27.412937,30.882656,33.477047,35.359512,34.102715,30.968498,33.27156,32.83327,29.804796,25.051888,23.54138,19.948595,17.410395,15.683808,20.051884,19.266506,25.561184,25.955288,29.53085,34.26994,34.021114,37.748783,37.824547,41.068195,38.698906,34.34561,31.222109,28.783041,26.443558,23.383095,19.955687,18.495718,16.209879,13.621239,11.8904085,8.30211,9.995429,13.356945,15.203889,19.34353,19.208502,24.673164,27.624529,31.347286,34.581326,36.83941,38.306065,39.76645,37.84602,37.542046,34.405605,34.057556,30.52352,31.777122,27.014448,29.024008,29.711676,32.53422,30.334478,35.19063,30.152328,33.94287,33.65318,35.49004
