,0,1,2,3,4,5,6,7,8,9,10,11,12,13,14,15,16,17,18,19,20,21,22,23,24,25,26,27,28,29,30,31,32,33,34,35,36,37,38,39,40,41,42,43,44,45,46,47,48,49,50,51,52,53,54,55,56,57,58,59,60,61,62,63,64,65,66,67,68,69,70,71,72,73,74,75,76,77,78,79,80,81,82,83,84,85,86,87,88,89,90,91,92,93,94,95,96,97,98,99,100,101,102,103,104,105,106,107,108,109,110
0,0.0,4.6905017,6.620622,9.071397,12.471245,13.896152,17.36073,21.102867,23.349361,28.248028,32.179195,34.61465,36.350105,36.21338,34.17479,33.00556,31.69935,29.845541,28.033878,24.340942,26.72462,22.830667,23.635773,21.835194,19.694914,18.405579,14.818369,19.23443,20.911745,23.754124,26.90178,29.353382,36.27373,36.695904,39.683533,42.829258,44.007595,42.200233,38.521805,34.428024,36.168587,30.919403,31.969675,27.127636,24.77067,22.367424,20.841413,16.868727,17.42618,18.542667,22.659452,23.34237,27.005,31.24234,30.565487,34.190197,33.851406,36.78592,41.45512,38.777115,36.034374,33.916348,29.864279,29.958998,26.211653,29.07628,25.769506,20.637861,20.62834,22.461657,23.112314,27.489254,27.927841,32.178463,33.22375,36.876324,39.4292,42.431908,43.428097,46.670258,43.878536,40.764664,37.491375,34.436546,31.966475,30.259825,23.804237,23.196463,18.69506,16.995302,13.59635,11.959725,10.910978,15.49023,18.56581,19.068138,22.183895,21.797575,26.532452,26.516363,31.363026,30.583836,35.43795,39.31167,36.03551,33.181583,31.432224,26.31536,24.577713,20.922686,19.272896
1,4.6905017,0.0,5.2800922,6.1833425,9.202261,12.279903,14.186993,19.07332,20.587807,26.41009,29.68202,32.52289,34.337902,34.021954,32.56843,30.94576,30.065783,27.697449,26.280817,22.304583,24.760344,21.825153,22.120367,19.477814,17.738672,15.667983,11.32993,15.718642,16.99585,20.426832,23.102484,26.148659,32.707912,33.705524,36.36793,39.66624,41.02838,38.995544,35.571777,31.55462,32.659927,27.425407,28.133255,23.014107,20.988937,18.215902,16.939945,12.645134,13.195842,14.037804,18.181854,18.736773,22.597712,26.701775,26.290728,30.003393,29.518644,32.598118,37.147125,34.454453,31.821983,29.445704,25.344006,25.40459,21.532072,24.619656,21.404179,16.349682,16.842747,18.463076,18.847435,23.3231,23.838507,28.040913,29.270416,32.745876,35.487926,38.356007,39.55204,42.926743,40.353706,37.459816,34.00305,31.226887,28.447348,27.310299,20.586859,20.355951,15.930256,14.627618,11.951991,11.021117,11.37912,15.040618,17.594622,17.749449,20.471622,19.807766,24.234137,23.719788,28.580095,27.338493,32.094707,35.67945,32.39915,29.676058,27.704758,22.675499,21.029676,17.11522,16.04599
2,6.620622,5.2800922,0.0,5.0908327,6.9984274,8.355562,11.652328,15.137734,17.548428,22.352636,26.501736,28.646563,30.880724,31.025707,29.5624,28.623138,28.044947,26.253536,25.383326,21.614386,25.094172,21.917929,23.445072,20.67436,20.133556,18.248898,13.399876,16.741264,17.097445,20.828074,22.480227,25.7021,32.012543,32.29271,35.48342,38.381756,40.08429,38.479378,34.782066,30.795746,32.67334,27.765701,28.11059,23.474985,22.423119,19.473742,19.38261,14.2261505,16.29883,16.995768,20.846504,19.974468,24.860748,27.984394,27.592976,31.21846,30.003887,32.782784,37.41808,34.16916,31.402227,29.202545,25.372519,25.2212,22.502777,24.35991,21.64186,16.72974,15.438883,16.762423,17.75875,21.824272,22.466036,26.596748,27.779924,31.538252,34.147243,37.336704,38.440285,41.151722,38.66104,35.44158,32.40532,29.441256,26.89771,25.712467,19.128868,19.488377,15.025324,14.74877,11.8155775,12.332195,11.343491,14.082415,16.405195,15.7107315,18.328669,16.996758,21.681852,21.03044,25.895445,24.862696,29.614508,33.538666,29.993017,27.139973,25.2403,20.365042,18.30543,15.009761,12.839823
3,9.071397,6.1833425,5.0908327,0.0,3.872937,6.761465,8.527578,13.317691,14.658598,20.59292,23.621552,26.636,28.214228,27.84647,26.435364,24.84392,24.162888,21.90084,20.916763,16.972168,20.26192,17.641775,18.83455,15.721151,15.62717,13.616636,8.685602,11.722028,12.454546,15.799689,18.067213,20.892977,27.48329,27.941748,30.941095,34.018192,35.494328,33.741413,30.103512,26.083803,27.831457,22.822365,23.457664,18.935837,17.538313,14.893793,14.869101,9.841683,12.673556,14.338049,17.483665,16.404512,20.922142,24.095163,23.152802,26.659096,25.76823,28.4226,33.20313,30.296278,27.409086,25.795382,21.967768,22.559958,19.980892,22.783422,20.741093,16.223793,15.6761265,15.697517,15.214108,19.649931,19.311644,23.689983,24.343967,28.135658,30.47934,33.573914,34.457912,37.639572,34.812828,31.718231,28.436882,25.435926,22.908257,21.447184,14.829067,14.757672,10.2614155,9.827766,7.4028134,8.649611,8.998991,10.678278,12.553042,12.037054,14.506082,13.639577,18.066517,17.686207,22.540836,21.614594,26.480999,30.343103,27.293453,24.399063,23.240206,17.60994,16.557257,12.686266,12.077064
4,12.471245,9.202261,6.9984274,3.872937,0.0,5.4327297,5.007073,10.476587,11.44289,17.753998,20.623667,23.585215,25.53095,25.299189,24.50705,22.944195,22.930267,20.593908,20.433758,16.51999,20.423922,18.662859,20.07248,16.34684,17.327206,14.956094,9.673949,11.299966,10.578119,14.783483,15.551194,19.185312,25.118343,25.673286,28.68837,31.632698,33.5148,31.835741,28.296822,24.42276,26.029844,21.345484,21.324799,16.934456,16.729828,13.658593,14.851838,9.289617,13.017701,14.125026,16.834503,14.575699,19.899141,22.151142,21.526554,25.000502,23.446074,26.019444,30.709684,27.406128,24.543991,22.787355,19.132551,19.542126,17.77177,19.859295,18.363794,14.287597,13.012204,12.303677,11.819425,16.05233,15.836342,20.139566,20.955502,24.781319,27.238693,30.425638,31.456074,34.31957,31.771973,28.675304,25.495949,22.664268,19.962788,19.134886,12.364826,13.326006,9.194747,10.304452,9.041524,11.490921,12.000939,12.257916,13.225965,11.756565,13.455979,11.727256,15.830638,14.710744,19.582323,18.267399,23.046791,26.85826,23.599249,20.73282,19.399729,13.890228,12.688163,8.906112,8.401428
5,13.896152,12.279903,8.355562,6.761465,5.4327297,0.0,6.205292,7.274573,10.137585,14.388613,18.53848,20.72745,22.616812,22.812254,21.297604,20.695631,20.456005,19.16469,19.097645,15.778909,20.433481,17.767975,20.654932,17.688494,19.292688,17.830406,13.348693,14.257856,13.681585,16.68176,17.410791,19.964647,26.028006,25.231247,29.003876,31.414597,33.26359,32.204933,28.202108,24.336485,27.334805,23.048073,23.278862,19.955793,19.904839,17.510302,18.962233,13.853917,17.952284,19.48341,21.928625,19.241297,24.488457,26.247187,25.131659,28.256165,26.528397,28.526201,33.350494,29.875427,26.812773,25.886997,22.700111,23.295517,22.529129,23.870205,22.869652,19.030375,16.596395,15.5252285,15.273038,18.77203,18.064814,22.2002,22.387793,26.554052,28.415785,31.920464,32.47801,34.761013,31.879747,28.313366,25.725025,22.39109,20.46896,18.67045,12.848398,13.584288,9.763494,11.217302,9.293573,12.339572,11.1794815,10.434493,11.248946,9.096008,11.01018,8.999015,13.768163,13.464905,18.19159,17.911804,22.742645,27.149677,24.028265,20.92387,20.504238,14.927179,13.912023,11.377459,9.832804
6,17.36073,14.186993,11.652328,8.527578,5.007073,6.205292,0.0,6.911914,6.583164,13.627683,15.790239,19.0173,20.953192,20.697298,20.511862,18.895525,19.596743,17.26959,18.110998,14.518121,19.093706,18.370369,20.22457,16.156929,18.600811,16.325222,11.614926,11.0064745,8.730943,12.914342,11.934671,15.879596,21.111814,21.379131,24.56783,27.25202,29.46919,28.025627,24.49128,20.818268,22.687525,18.583805,18.013685,14.481409,15.648972,12.793978,15.435466,10.333034,14.97508,16.11394,17.669361,13.965296,19.592756,20.507704,19.716566,22.833448,20.633389,22.737186,27.425276,23.807985,20.829535,19.681984,16.557972,17.324,17.182814,18.572453,18.398989,15.444315,13.471614,10.973917,9.465241,13.0475,11.961227,16.224413,16.573318,20.618671,22.786278,26.159523,27.037613,29.587248,27.032913,23.827381,20.837921,18.003279,15.3822155,14.870184,8.335674,10.496464,7.5270076,10.476212,10.6764555,14.203416,14.841253,13.274517,12.948359,10.508868,10.913239,8.3276,11.64508,9.865335,14.700593,13.29086,18.090393,22.048258,18.91009,15.940302,15.341946,9.364174,9.015426,5.803841,6.6784887
7,21.102867,19.07332,15.137734,13.317691,10.476587,7.274573,6.911914,0.0,4.7228503,7.3503575,11.820766,13.541628,15.973218,16.64387,16.136375,16.15068,17.270811,16.536167,18.180063,15.724814,21.14648,19.91458,23.306395,20.029058,23.1947,21.716976,17.654324,16.529613,14.346553,17.048456,15.268948,17.94059,22.412426,20.846912,24.980005,26.702019,29.17394,28.672321,24.731396,21.378897,24.860914,21.724924,21.072678,19.188993,20.921413,18.770466,21.70285,17.017626,21.779282,23.015297,24.420732,20.274303,25.839659,25.867826,24.81427,27.380728,24.708582,25.960457,30.518175,26.541395,23.508867,23.307821,21.087996,21.77169,23.049286,23.06999,23.555305,21.03269,17.6514,14.947698,14.282625,16.215467,14.885555,18.307009,17.941517,22.198565,23.545261,27.29824,27.643253,28.988064,26.311388,22.499826,20.632013,17.374638,15.966779,14.711609,10.550871,12.835078,11.144813,14.394403,14.201769,18.06502,17.325539,14.711622,13.79109,10.408166,9.97885,6.2555943,9.301453,7.982128,12.13435,12.1252575,16.589447,21.269781,18.21699,15.070284,15.7217,10.665896,10.432681,10.114377,9.221952
8,23.349361,20.587807,17.548428,14.658598,11.44289,10.137585,6.583164,4.7228503,0.0,8.026663,9.232108,12.660613,14.487134,14.407129,14.951973,13.793842,15.598319,13.982549,16.323885,13.871129,19.097067,19.27608,21.994228,18.23064,22.035004,20.319735,16.668583,14.369249,11.409359,13.9418,10.92469,14.000258,17.856373,16.837017,20.643475,22.570723,25.214302,24.471766,20.797995,17.589672,20.508387,17.687326,16.60379,15.202354,17.713274,15.78557,19.384098,15.357284,20.255077,21.540258,22.079859,17.424513,22.690569,22.029232,20.85234,23.15629,20.294964,21.337107,25.86405,21.947569,18.871298,19.13473,17.231007,18.449518,20.390255,20.712748,21.994955,20.22675,17.536354,13.810199,11.758148,13.364673,10.924329,14.356855,13.469526,17.781643,19.00824,22.721264,23.057371,24.788996,22.031878,18.403955,16.158136,13.057488,11.301869,10.700489,6.6985726,9.994368,9.638671,13.555864,14.649764,18.704475,18.988422,15.837452,14.211157,10.955956,9.414604,5.8894176,6.800888,3.8891554,8.522299,7.8432274,12.636245,17.191158,14.504874,11.309332,12.815246,6.994178,8.574591,8.3680725,9.721001
9,28.248028,26.41009,22.352636,20.59292,17.753998,14.388613,13.627683,7.3503575,8.026663,0.0,7.107082,6.5190477,9.59365,11.424687,11.806172,13.4862,15.826448,16.494316,19.427216,18.409353,23.87196,23.416763,27.363953,24.47826,28.50506,27.404577,24.020685,21.887936,19.314867,20.91686,17.847813,19.457426,22.031097,18.996574,23.549582,24.098461,26.95731,27.406511,23.556007,21.059673,25.402435,23.716867,22.644983,22.567543,25.21497,23.694622,27.223911,23.208303,28.117813,29.368942,30.085423,25.317657,30.58732,29.384409,28.166374,29.984087,26.823347,27.078165,31.176702,27.0535,24.199863,25.143496,24.080868,24.9417,27.74724,26.834623,28.408197,26.830786,23.041895,19.655117,18.775824,19.10588,17.182575,19.296892,17.998322,21.942945,22.201832,26.04497,25.800587,25.80319,23.190533,19.07392,18.64126,15.558136,15.594959,14.429255,13.698372,16.180763,16.339691,19.872425,20.317633,24.332392,23.45285,19.920218,18.138277,14.683397,12.833674,9.696077,9.265436,8.25187,9.301583,10.819689,13.734461,18.569689,16.260666,13.4770155,16.02035,12.790131,13.617397,15.2306385,14.850114
10,32.179195,29.68202,26.501736,23.621552,20.623667,18.53848,15.790239,11.820766,9.232108,7.107082,0.0,5.8031855,5.93104,6.0799704,9.230361,9.286303,13.121436,13.17635,17.27317,16.97165,21.793755,23.167612,26.400494,23.364532,28.155611,27.07887,24.584993,21.185726,18.265812,18.745316,14.583024,15.298554,15.976168,12.599227,16.975538,17.168993,20.342552,20.954676,17.496538,15.735917,19.85089,19.406086,17.93299,19.501278,22.87895,22.13581,26.169983,23.349073,28.194183,29.64546,29.228325,24.139328,28.494,26.293272,24.69481,25.720474,22.506386,21.907114,25.682335,21.928099,19.168608,21.530586,21.387297,23.076935,26.784834,26.296696,28.887415,28.224628,25.33102,21.021093,18.688807,18.339645,14.980937,16.284416,13.587568,17.15785,16.336788,20.060326,19.245565,19.394869,16.26256,12.077441,11.985147,9.087097,10.200932,9.56318,11.935621,14.545902,16.585928,20.364616,22.097248,26.213028,26.336004,22.118195,19.527786,16.426165,13.445687,11.284613,7.6215186,6.3948045,3.2476387,6.3634415,8.057593,12.857866,12.193729,9.799919,14.693341,11.8154545,14.671694,16.37969,17.906828
11,34.61465,32.52289,28.646563,26.636,23.585215,20.72745,19.0173,13.541628,12.660613,6.5190477,5.8031855,0.0,5.519277,8.484493,11.224449,13.484975,17.01871,18.160913,22.022331,21.888163,26.937822,27.557127,31.328411,28.484573,33.05369,31.994144,29.04494,26.15714,23.176834,24.200188,19.996405,21.081831,21.41466,17.76769,22.048878,21.51864,24.83927,25.973627,22.680037,21.249891,25.499083,25.203716,23.573906,24.87766,28.349323,27.235083,31.238752,27.833384,32.715897,33.838535,33.87674,28.683289,33.561123,31.249739,30.085161,31.21366,27.661274,27.085052,30.49724,26.388485,23.925232,25.72651,25.73645,26.719952,30.691444,29.15278,31.661968,31.004545,27.261606,23.337725,22.119791,21.22611,18.93965,19.705769,17.745224,20.942263,20.223003,23.86188,23.193031,21.873314,19.647665,15.630907,16.676403,14.449808,15.598272,15.335545,17.079206,19.75478,21.105923,24.826761,25.911358,30.008965,29.456223,25.504374,23.239496,19.943707,17.38724,14.841459,12.325039,11.170495,9.0120125,11.023291,11.438254,15.623986,14.414518,12.542721,16.517014,15.210335,16.843365,19.40221,19.732586
12,36.350105,34.337902,30.880724,28.214228,25.53095,22.616812,20.953192,15.973218,14.487134,9.59365,5.93104,5.519277,0.0,3.6396923,6.791478,9.45014,13.143338,15.0125265,19.071611,19.918842,24.445892,25.543896,29.395699,27.12881,32.046963,31.50772,29.451092,26.067522,23.63616,23.301252,19.894274,19.216072,19.375982,14.476155,19.039225,18.003977,20.773588,22.456726,19.009277,18.000008,23.133097,23.438223,22.447834,24.774683,27.768425,27.491268,31.303043,28.691572,33.579765,35.300907,34.886456,29.918468,33.987637,31.754688,29.82317,30.452948,27.5126,26.368338,29.829203,26.460829,23.889885,26.904583,27.089174,28.86324,32.69889,32.09866,34.73935,34.005882,30.864079,26.71003,24.59542,24.127562,20.82917,21.754173,18.778938,21.850655,20.160192,23.567509,22.018955,21.212507,17.863121,13.763402,15.195562,12.621515,15.033633,13.399875,17.07233,18.827322,21.071424,24.490833,26.012722,30.036062,29.67864,25.123947,22.362549,19.482733,16.45535,15.031955,11.33402,11.832121,8.4140005,12.06542,12.248026,16.222477,16.581553,14.829252,19.926514,17.698463,20.27402,22.102211,23.15099
13,36.21338,34.021954,31.025707,27.84647,25.299189,22.812254,20.697298,16.64387,14.407129,11.424687,6.0799704,8.484493,3.6396923,0.0,5.4898186,6.495469,10.627653,12.171406,16.47363,17.65595,21.754333,23.500324,27.019297,24.85568,29.964344,29.566004,28.033676,24.28125,22.069386,21.018986,17.920658,16.372759,16.37933,11.05625,15.7303,14.774264,17.294886,18.967024,15.429954,14.55909,19.90726,20.503872,19.790077,22.655895,25.460182,25.64798,29.386654,27.360035,32.144005,34.12851,33.34032,28.529184,32.03557,29.816004,27.497591,27.851542,25.280056,23.890688,27.419159,24.509241,21.865866,25.49377,25.742922,28.001137,31.705023,31.750708,34.488575,33.815044,31.211872,26.876497,24.127851,23.909296,20.01218,21.056566,17.56027,20.557821,18.488087,21.745098,19.834873,19.831345,15.758946,11.680064,12.806814,9.99164,12.9626665,10.718486,15.506037,16.831228,19.696003,22.974203,24.94104,28.893091,28.947063,24.163942,21.134314,18.554075,15.250849,14.454968,10.019618,11.102972,7.156915,11.278642,11.55125,15.348466,16.44938,14.713387,20.26021,17.458982,20.64293,21.984552,23.679033
14,34.17479,32.56843,29.5624,26.435364,24.50705,21.297604,20.511862,16.136375,14.951973,11.806172,9.230361,11.224449,6.791478,5.4898186,0.0,5.0341406,7.051993,10.322281,13.661228,15.392819,19.505781,20.179176,24.441978,23.083311,27.953054,28.146595,26.971266,23.660074,22.364424,20.707642,19.428183,16.901812,19.038172,13.372876,18.389015,17.904287,19.300453,20.947353,16.73883,15.141073,21.580412,21.32749,21.704762,24.031721,25.661854,26.11383,29.206566,27.150398,31.94818,34.440437,34.052036,29.762531,33.152187,31.922756,29.11733,29.736355,27.858398,26.80223,30.823736,28.240017,25.308525,28.791122,28.367802,30.779102,33.608486,34.335014,36.430737,35.006207,32.462307,28.546545,25.874962,26.569632,22.686018,24.600155,21.280947,24.712975,22.96248,26.244013,24.276623,24.998829,20.528002,16.549795,16.914776,13.378786,15.995968,11.926343,15.868623,16.028429,18.47155,21.137573,22.663046,26.382418,25.960003,20.992191,17.95395,15.735168,12.697922,12.846015,9.300828,12.226125,10.1333065,14.50846,16.165503,20.343159,20.970531,18.748686,23.75007,19.785713,22.619837,23.178284,24.439014
15,33.00556,30.94576,28.623138,24.84392,22.944195,20.695631,18.895525,16.15068,13.793842,13.4862,9.286303,13.484975,9.45014,6.495469,5.0341406,0.0,4.4853907,5.938118,10.083526,11.857732,15.539569,17.441895,20.915594,19.290098,24.436316,24.556824,23.892532,20.065382,18.889696,16.520191,15.5076275,12.125173,14.525388,9.019352,14.049626,14.320821,15.470317,16.536871,12.110801,10.145141,16.665028,16.43796,17.094296,19.820961,21.316107,22.21979,25.30278,23.953222,28.559958,31.225037,30.351439,26.23491,28.991201,27.768723,24.634232,25.043816,23.557129,22.417665,26.576027,24.444328,21.438639,25.332424,24.902344,27.78859,30.417479,31.854036,34.06052,32.819096,30.991322,26.872234,23.48476,24.426357,19.994225,22.056768,18.391308,21.72891,19.909576,23.003365,20.960787,22.816004,17.888792,14.173626,13.570406,9.79324,12.447097,7.6107197,12.645657,12.37474,15.680793,18.289755,20.55018,24.210962,24.581263,19.518414,16.201683,14.324761,10.934314,11.704027,7.3084106,10.484207,8.452219,12.54689,14.51233,18.397863,19.450926,17.252872,22.396101,17.911034,21.363203,21.373203,23.498785
16,31.69935,30.065783,28.044947,24.162888,22.930267,20.456005,19.596743,17.270811,15.598319,15.826448,13.121436,17.01871,13.143338,10.627653,7.051993,4.4853907,0.0,4.6554327,6.9469476,9.715522,12.881332,14.061127,18.009962,17.31849,22.212263,22.978004,22.962927,19.504091,19.360617,16.198393,17.139383,12.813444,16.914581,11.825391,16.440409,17.133656,17.222511,18.088245,13.433361,10.961405,17.904621,16.953575,18.696665,20.954105,21.20711,22.529123,24.868862,23.829956,28.243101,31.391323,30.717968,27.234371,29.577776,29.241064,25.66723,26.199114,25.48814,24.607546,29.02302,27.337963,24.220388,28.004364,27.09221,30.146631,31.977127,34.119385,35.82489,34.05787,32.523037,28.76804,25.347889,27.001095,22.60329,25.21409,21.720781,25.186138,23.582346,26.547636,24.477505,26.900629,21.77437,18.300081,17.26287,13.421786,15.591908,9.973277,13.773308,12.118198,15.08505,16.814264,18.855059,22.12119,22.337835,17.129341,13.746809,12.661596,9.725303,11.845216,8.8262005,12.938101,12.254985,16.0587,18.643427,22.56815,23.42291,21.027145,25.736755,20.555122,23.75388,23.044659,24.988272
17,29.845541,27.697449,26.253536,21.90084,20.593908,19.16469,17.26959,16.536167,13.982549,16.494316,13.17635,18.160913,15.0125265,12.171406,10.322281,5.938118,4.6554327,0.0,4.642651,6.482361,9.626342,12.260232,15.122931,13.648807,18.845459,19.263357,19.45527,15.538968,15.40954,11.787795,13.082488,8.269537,13.416866,9.630713,13.773422,15.547292,15.723734,15.571652,10.904744,7.474422,13.928614,12.384595,14.374999,16.527185,16.667719,18.217064,20.614004,20.056864,24.3044,27.480145,26.460804,23.105871,25.06196,24.810884,21.093561,21.668852,21.212997,20.54676,25.1606,23.687431,20.509846,24.23907,23.168808,26.483253,28.038563,30.704866,32.418213,30.81158,29.86508,26.032753,22.142086,24.032341,19.405373,22.206629,18.747637,22.153315,20.872446,23.70325,21.92125,25.22714,20.143663,16.987625,14.920278,11.12704,12.562879,6.7461944,10.380325,8.283981,12.009704,13.801747,16.570974,19.838154,20.879911,15.861911,12.435057,11.526924,8.509205,10.7516,7.6930513,11.266825,11.255626,14.157079,17.122564,20.769295,21.563807,19.181765,23.580639,18.070675,21.55904,20.377266,22.975975
18,28.033878,26.280817,25.383326,20.916763,20.433758,19.097645,18.110998,18.180063,16.323885,19.427216,17.27317,22.022331,19.071611,16.47363,13.661228,10.083526,6.9469476,4.642651,0.0,4.197415,5.996514,7.9810834,11.134508,10.83147,15.629381,16.82798,17.919285,14.598983,15.835186,11.470606,15.156351,10.096831,16.599209,13.685877,17.13726,19.278996,18.675386,18.15459,13.710606,10.159715,15.892249,13.366177,16.430458,17.699223,16.238302,18.217066,19.55776,19.474894,23.304522,26.982162,26.200405,23.723759,25.124735,25.97414,21.922653,22.71348,23.13654,22.890934,27.65781,26.625805,23.433018,26.799442,25.195856,28.574265,29.154951,32.583538,33.699722,31.561882,31.050655,27.702803,23.863163,26.469326,22.065384,25.340384,22.22789,25.669106,24.728294,27.400623,25.740166,29.513006,24.405527,21.459396,19.086655,15.426889,16.294384,10.681177,12.257272,8.741265,11.561907,11.943794,14.514458,17.12744,18.259003,13.318278,10.000059,10.4386,8.553858,11.943077,10.687334,14.437821,15.448379,17.997166,21.402351,25.051369,25.569609,23.049217,26.876982,20.864378,23.96586,22.034422,24.43169
19,24.340942,22.304583,21.614386,16.972168,16.51999,15.778909,14.518121,15.724814,13.871129,18.409353,16.97165,21.888163,19.918842,17.65595,15.392819,11.857732,9.715522,6.482361,4.197415,0.0,5.5497694,6.8402047,9.517773,7.7519164,12.6554575,13.272677,13.806602,10.598008,12.046574,8.153258,12.576334,8.889288,16.44761,14.797043,18.065779,20.783367,20.782236,19.643019,15.398745,11.368882,15.815385,12.076156,14.912811,14.866515,13.114872,14.59144,15.865621,15.361837,19.286112,22.928783,22.426588,20.059963,21.83769,23.156769,19.384535,20.800962,21.082514,21.516111,26.52344,25.147638,21.875122,24.414799,22.308964,25.490255,25.560255,29.184153,29.950834,27.59411,27.278738,24.166683,20.398375,23.436293,19.351274,23.039585,20.481205,24.118397,23.904827,26.703306,25.632805,29.595764,24.900745,21.92596,18.986446,15.34309,15.157338,10.19756,9.342099,5.3005443,7.526095,7.861161,10.763602,13.617115,15.162052,10.49599,7.354964,7.7514544,6.4378633,9.662701,9.659954,12.723216,14.934211,16.631523,20.645016,24.399954,24.224749,21.538336,24.585243,18.240574,21.017485,18.595884,21.028175
20,26.72462,24.760344,25.094172,20.26192,20.423922,20.433481,19.093706,21.14648,19.097067,23.87196,21.793755,26.937822,24.445892,21.754333,19.505781,15.539569,12.881332,9.626342,5.996514,5.5497694,0.0,6.233676,5.9779973,6.269175,10.744519,12.435219,15.11798,12.04512,14.652871,9.346589,15.29808,10.37938,17.57197,16.674713,18.784882,21.796322,20.730051,19.15182,15.506715,11.951288,15.368596,11.734004,15.779285,16.140408,12.887925,15.69317,15.807314,17.168377,20.027327,24.110004,23.017067,21.698132,21.812153,23.7226,19.32458,20.193298,21.808968,22.075523,26.834116,26.547321,23.51512,26.474762,24.447836,28.046715,27.542671,32.076008,32.757973,30.511051,31.046568,28.087097,23.95427,27.12977,22.88361,26.388023,23.673445,26.784159,26.320961,28.553476,27.243277,31.944897,27.029745,24.67533,21.546782,18.439283,18.38482,13.7364855,13.686473,9.487834,11.637447,10.448536,13.491357,15.01932,17.321354,13.390676,10.912774,12.570855,11.891741,15.181816,14.891919,17.774149,19.476704,21.014723,24.587866,27.737852,28.145529,25.740932,28.832012,22.630878,25.589842,22.840158,25.6426
21,22.830667,21.825153,21.917929,17.641775,18.662859,17.767975,18.370369,19.91458,19.27608,23.416763,23.167612,27.557127,25.543896,23.500324,20.179176,17.441895,14.061127,12.260232,7.9810834,6.8402047,6.233676,0.0,5.685203,7.627875,10.094839,12.480229,14.474047,13.198917,16.350868,12.573285,18.60347,15.043694,22.697607,21.107042,24.06153,26.75755,25.996552,24.856686,20.816452,17.075346,21.16196,17.128277,20.67643,19.866652,16.363668,18.09965,17.569304,17.610504,20.523205,24.693861,24.774961,23.797073,24.846645,27.543259,23.632322,25.197105,26.403242,27.161978,32.124176,31.214733,28.023235,30.181227,27.616316,30.660254,29.57388,33.872078,33.80398,30.71979,30.817387,28.534534,25.202467,28.864088,25.26021,29.234617,27.024834,30.63115,30.58775,33.240536,32.153717,36.33791,31.529398,28.63425,25.738792,22.138512,21.936096,17.017088,15.425726,11.311881,11.303256,8.976887,10.253467,11.17424,12.434634,8.578427,6.8092346,9.74189,10.624948,14.226944,15.652199,18.903046,21.474041,23.23857,27.414682,31.2308,30.88263,28.102324,30.660696,24.114458,26.254793,23.245657,25.022701
22,23.635773,22.120367,23.445072,18.83455,20.07248,20.654932,20.22457,23.306395,21.994228,27.363953,26.400494,31.328411,29.395699,27.019297,24.441978,20.915594,18.009962,15.122931,11.134508,9.517773,5.9779973,5.685203,0.0,4.983541,6.097508,9.203632,13.157821,11.942439,15.9085245,11.550464,18.594538,15.096711,22.568613,22.405954,24.280394,27.546326,26.460068,24.5643,21.239891,17.69146,20.006136,15.607954,19.621096,18.41815,13.693215,16.20021,14.583018,16.352415,18.128569,22.55059,22.051365,22.100327,21.735987,25.118471,20.987873,22.421816,24.609331,25.623577,30.374207,30.194973,27.250135,29.252356,26.575392,29.861391,28.067429,33.25868,33.057278,30.19566,31.314816,29.173655,25.446287,29.29462,25.702143,29.59652,27.562483,30.71267,30.881664,33.063496,32.181374,37.099403,32.43922,30.11689,26.71111,23.65764,22.96232,18.80847,16.914862,12.748053,12.919364,9.917189,11.951187,11.768012,14.558492,12.157398,11.145197,13.907666,14.692387,17.88779,19.033815,21.600826,24.187483,25.250557,29.263191,32.491394,32.32108,29.782389,31.976467,25.549274,27.818163,24.375757,26.76415
23,21.835194,19.477814,20.67436,15.721151,16.34684,17.688494,16.156929,20.029058,18.23064,24.47826,23.364532,28.484573,27.12881,24.85568,23.083311,19.290098,17.31849,13.648807,10.83147,7.7519164,6.269175,7.627875,4.983541,0.0,5.3639154,6.2044992,9.252501,7.0662994,10.976799,6.88928,14.041164,11.694533,19.326374,19.968525,21.774933,25.340057,24.97869,22.755766,19.493195,15.674294,17.210886,12.178756,15.656661,13.703911,9.1552515,11.310526,10.283585,11.7799835,14.079232,18.344622,17.688484,17.231655,17.397493,20.563597,16.687717,18.572514,20.26186,21.642462,26.533676,25.927338,22.952698,24.501154,21.679071,24.891794,23.19184,28.295809,28.23968,25.604403,26.783226,24.458982,20.575062,24.42163,20.924774,24.869108,23.125229,26.28539,26.866007,29.123941,28.653566,33.555527,29.272314,26.975899,23.26977,20.381992,19.060875,15.665253,12.756925,8.944516,9.015427,6.4926295,9.65969,10.519663,13.908263,11.427275,10.22155,12.057179,12.561941,15.059685,16.233992,18.020489,20.94181,21.34853,25.460161,28.57294,28.080692,25.582632,27.387714,21.043558,23.305822,19.788832,22.530346
24,19.694914,17.738672,20.133556,15.62717,17.327206,19.292688,18.600811,23.1947,22.035004,28.50506,28.155611,33.05369,32.046963,29.964344,27.953054,24.436316,22.212263,18.845459,15.629381,12.6554575,10.744519,10.094839,6.097508,5.3639154,0.0,3.8615727,8.732801,9.310312,13.881549,11.274453,18.263454,16.817934,24.223537,25.28566,26.851103,30.539478,30.045746,27.629654,24.630863,20.923395,21.79838,16.6459,19.972946,17.039516,11.672422,13.26915,10.288039,12.311099,12.932207,17.403284,17.378878,18.519293,18.03125,22.524622,19.09616,21.31006,23.503887,25.406511,30.102245,29.694777,26.90938,27.654593,24.393574,27.222355,24.30736,29.957226,29.051588,25.916212,27.750383,26.292892,22.915958,27.201475,24.400785,28.487524,27.328184,30.37582,31.398344,33.521763,33.352875,38.407448,34.332645,32.13266,28.298822,25.534098,23.88737,20.869896,17.13041,13.719614,12.422211,8.813876,10.315534,8.992254,12.93202,12.449158,12.682105,15.126014,16.585169,18.897263,20.923458,22.480862,25.846289,25.942305,30.223188,33.287357,32.422794,29.905897,30.957167,24.67017,26.281326,22.295195,24.584343
25,18.405579,15.667983,18.248898,13.616636,14.956094,17.830406,16.325222,21.716976,20.319735,27.404577,27.07887,31.994144,31.50772,29.566004,28.146595,24.556824,22.978004,19.263357,16.82798,13.272677,12.435219,12.480229,9.203632,6.2044992,3.8615727,0.0,5.5531993,6.559159,11.041088,9.716998,16.072502,15.967631,23.050558,24.79839,26.20199,30.057566,30.068201,27.424667,24.604303,20.863878,20.974033,15.571686,18.217533,14.396746,9.196036,9.9741335,6.679627,8.70581,9.128759,13.603871,13.614232,14.835874,14.666525,19.360683,16.41759,19.102938,20.938591,23.274359,27.936455,27.227411,24.528894,24.61902,21.135818,23.743002,20.537285,26.27543,25.27043,22.23121,24.353645,22.976141,19.627598,23.98804,21.538296,25.624563,24.912127,27.863316,29.331064,31.438509,31.6824,36.69276,33.0252,30.917816,26.898302,24.38282,22.205753,20.022879,15.456721,12.779369,11.071379,8.020643,9.801506,9.052727,13.315472,13.147238,13.445896,15.163836,16.508844,18.121925,20.251997,21.06584,24.681936,24.158617,28.446436,31.329588,30.130293,27.697994,28.19276,22.12707,23.51755,19.389746,21.866495
26,14.818369,11.32993,13.399876,8.685602,9.673949,13.348693,11.614926,17.654324,16.668583,24.020685,24.584993,29.04494,29.451092,28.033676,26.971266,23.892532,22.962927,19.45527,17.919285,13.806602,15.11798,14.474047,13.157821,9.252501,8.732801,5.5531993,0.0,4.9573994,8.15239,9.8561945,14.341173,16.209602,23.04773,24.7305,26.638435,30.33739,31.15215,28.702707,25.647291,21.743744,22.094456,16.673744,18.13163,13.377399,10.007364,8.396884,6.711551,4.3567595,6.5741425,10.434403,11.777272,11.959959,14.174666,18.37431,16.481676,19.820465,20.312664,23.044046,27.799183,26.07417,23.299511,22.409204,18.5655,20.443026,17.21734,22.231401,20.885637,17.405163,19.049158,17.94622,15.204402,19.828203,18.140703,22.459122,22.438637,25.686663,27.730387,30.205265,30.902668,35.304333,32.11402,29.704475,25.774849,23.198435,20.537071,19.058855,13.085028,11.691133,8.5448885,6.5959716,7.489799,7.910497,11.617642,11.918618,12.62554,13.291959,14.8800335,15.389752,18.262144,18.253462,22.476017,21.425491,25.978168,29.10673,27.112186,24.547503,24.233236,18.26416,18.909252,14.594505,16.637402
27,19.23443,15.718642,16.741264,11.722028,11.299966,14.257856,11.0064745,16.529613,14.369249,21.887936,21.185726,26.15714,26.067522,24.28125,23.660074,20.065382,19.504091,15.538968,14.598983,10.598008,12.04512,13.198917,11.942439,7.0662994,9.310312,6.559159,4.9573994,0.0,4.5842013,4.9723434,9.891992,11.327801,18.130463,19.970661,21.69628,25.44365,26.274199,23.78377,20.806755,16.98046,17.193878,11.814335,13.336165,9.161001,6.077348,5.330787,5.9326634,5.1740184,8.802746,12.403899,12.043898,10.651507,12.628897,15.628555,12.9577875,15.955144,16.347672,18.662203,23.584742,21.990347,19.067978,19.127228,15.734532,18.415945,16.468138,21.374382,21.199337,18.674345,19.980692,17.664154,13.817061,17.942444,15.143709,19.317995,18.576036,21.787268,23.393742,25.820704,26.248587,30.833458,27.429422,25.15,21.142927,18.658834,16.110653,14.616784,9.295077,7.7052054,6.266727,5.830535,8.954346,10.862442,14.315339,12.717982,12.036403,12.216393,12.654394,13.331928,15.012588,15.037203,18.720854,17.76656,22.076595,25.026812,23.609987,21.15426,21.741285,15.636429,17.373966,13.512639,16.610434
28,20.911745,16.99585,17.097445,12.454546,10.578119,13.681585,8.730943,14.346553,11.409359,19.314867,18.265812,23.176834,23.63616,22.069386,22.364424,18.889696,19.360617,15.40954,15.835186,12.046574,14.652871,16.350868,15.9085245,10.976799,13.881549,11.041088,8.15239,4.5842013,0.0,5.8284554,6.40329,10.347233,15.908141,18.14231,19.878298,23.487629,25.06988,22.660349,19.855778,16.26572,16.078863,11.270776,11.17654,6.5650697,7.0447254,4.476343,8.148991,5.750159,10.178995,12.384343,11.745766,8.254324,12.018645,13.363194,11.496134,14.653923,13.631715,16.052101,20.941502,18.549328,15.582809,15.205399,11.855129,14.425282,13.573956,17.642057,18.166424,16.291578,17.067112,13.99516,9.678943,13.507493,10.567611,14.795278,14.329045,17.647186,19.618185,22.230492,23.02375,27.216002,24.284721,22.005083,18.000528,15.829715,12.711495,12.576265,6.6317844,7.384082,6.6845713,8.685122,11.504874,14.253052,17.050303,15.106566,14.055819,13.05997,12.719207,12.210615,13.30028,12.107745,15.762729,14.020747,18.222204,21.035837,19.275885,16.896427,17.217146,11.298877,13.271525,9.726372,13.535836
29,23.754124,20.426832,20.828074,15.799689,14.783483,16.68176,12.914342,17.048456,13.9418,20.91686,18.745316,24.200188,23.301252,21.018986,20.707642,16.520191,16.198393,11.787795,11.470606,8.153258,9.346589,12.573285,11.550464,6.88928,11.274453,9.716998,9.8561945,4.9723434,5.8284554,0.0,7.219277,6.5051975,13.632382,15.365633,16.919144,20.695696,21.33162,18.857517,15.862892,12.093542,12.502255,7.217846,9.401199,7.29561,5.220423,6.832193,8.937716,9.624263,13.09992,16.39581,14.922012,12.575394,13.754242,15.194359,11.528545,13.58643,14.068526,15.48461,20.54661,19.320892,16.247532,17.856308,15.332701,18.794388,18.287271,22.801777,23.678036,21.967,22.879835,19.682955,15.169091,18.408875,14.444723,18.151896,16.318298,19.40593,20.186056,22.518597,22.393501,27.212936,23.360535,21.21654,17.214334,14.747088,12.725881,10.715196,7.490532,5.215648,7.147969,7.9717665,11.874353,14.336742,17.419617,14.47093,12.60774,12.5146475,11.664929,12.798239,12.804629,13.276955,15.933554,15.476633,19.32397,22.07523,21.56727,19.283682,21.150267,15.163795,18.030243,15.007061,18.662699
30,26.90178,23.102484,22.480227,18.067213,15.551194,17.410791,11.934671,15.268948,10.92469,17.847813,14.583024,19.996405,19.894274,17.920658,19.428183,15.5076275,17.139383,13.082488,15.156351,12.576334,15.29808,18.60347,18.594538,14.041164,18.263454,16.072502,14.341173,9.891992,6.40329,7.219277,0.0,6.6486764,9.913373,12.6525545,14.046235,17.530344,19.637186,17.344402,14.882537,11.918373,11.295629,8.059214,6.1443815,4.9361067,9.096757,8.44322,12.917253,12.01092,15.922649,17.591808,15.792303,11.1925,14.133055,12.6482,10.418573,12.29068,10.045399,11.251033,16.226624,13.557917,10.281876,11.874035,10.134737,13.596048,15.37642,18.212744,20.398483,19.92888,20.049438,15.826971,10.941586,12.697477,7.9479613,11.172945,9.111095,12.40297,13.579986,16.290203,16.744467,20.984758,17.905521,15.828291,11.685516,9.997016,6.665016,8.075974,5.493771,7.730448,10.127614,13.105976,16.40094,19.642548,22.08234,19.002748,16.947226,15.364335,13.524543,12.812995,11.415937,9.689486,11.580867,9.623515,12.9426155,15.2878475,14.544187,12.537002,14.568542,9.415989,13.13829,11.479506,15.844129
31,29.353382,26.148659,25.7021,20.892977,19.185312,19.964647,15.879596,17.94059,14.000258,19.457426,15.298554,21.081831,19.216072,16.372759,16.901812,12.125173,12.813444,8.269537,10.096831,8.889288,10.37938,15.043694,15.096711,11.694533,16.817934,15.967631,16.209602,11.327801,10.347233,6.5051975,6.6486764,0.0,7.9207306,8.950839,10.619064,14.23526,15.023281,12.872157,9.611497,5.9678473,7.620386,4.5929976,6.3635187,8.859355,9.936587,11.830909,14.905405,15.499889,19.172863,21.942469,19.899622,16.487383,17.578623,16.790241,12.934906,13.446139,13.162364,12.869918,17.769169,16.65828,13.508426,17.172989,16.11076,19.959198,21.384636,24.787367,26.834114,25.99627,26.180975,22.138403,17.400389,19.236269,14.309188,16.963966,13.709371,16.537195,15.962239,18.28934,17.292505,22.023674,17.584375,15.49628,11.732786,9.280977,8.521432,5.8647633,7.8000364,6.6913776,10.999309,13.020858,16.793385,19.80906,22.232887,18.247128,15.466484,14.660741,12.305837,13.336013,10.851576,11.603693,12.206515,12.549155,15.336184,17.781769,18.554272,16.62494,20.178236,14.954207,18.87057,17.222095,21.08832
32,36.27373,32.707912,32.012543,27.48329,25.118343,26.028006,21.111814,22.412426,17.856373,22.031097,15.976168,21.41466,19.375982,16.37933,19.038172,14.525388,16.914581,13.416866,16.599209,16.44761,17.57197,22.697607,22.568613,19.326374,24.223537,23.050558,23.04773,18.130463,15.908141,13.632382,9.913373,7.9207306,0.0,6.398962,4.5403967,8.41628,10.553456,8.095506,7.332375,7.358819,4.920777,8.066925,5.970799,11.673617,15.160716,16.695337,20.453575,21.308094,24.59858,26.45555,23.599506,19.530376,20.14704,16.866383,13.891662,12.691023,11.138615,8.616019,12.283922,11.533049,9.083919,14.808719,15.815565,19.69002,22.94778,25.193594,28.518564,29.076693,29.1523,24.538944,19.788946,19.797348,14.76204,15.254502,11.097054,12.150933,9.9309025,11.432838,9.697247,14.982585,10.626982,10.020613,6.268373,6.9772997,7.23425,8.751893,13.199521,14.011766,18.132807,20.674944,24.361515,27.512972,29.899237,25.892458,23.025517,21.714273,18.880898,19.029345,15.258637,14.725427,12.944222,12.606411,12.640605,12.963795,15.579924,14.963317,19.368147,16.44483,20.833868,20.571297,24.759811
33,36.695904,33.705524,32.29271,27.941748,25.673286,25.231247,21.379131,20.846912,16.837017,18.996574,12.599227,17.76769,14.476155,11.05625,13.372876,9.019352,11.825391,9.630713,13.685877,14.797043,16.674713,21.107042,22.405954,19.968525,25.28566,24.79839,24.7305,19.970661,18.14231,15.365633,12.6525545,8.950839,6.398962,0.0,5.0920076,6.3477316,8.389956,8.44114,5.0898776,5.2844014,9.243221,11.520709,11.107124,15.942613,18.593773,20.113401,23.688005,23.753325,27.717358,30.008148,27.855547,23.640797,25.098778,22.532927,19.364744,18.632885,17.177683,14.967976,18.460352,17.217796,14.657935,19.934143,20.594358,24.10423,27.414812,29.170153,32.256577,32.18949,31.374428,26.74972,22.441626,22.602364,17.559378,18.470242,14.056964,16.061975,13.283211,15.513577,12.945381,16.278915,10.882687,8.579514,6.9077163,5.153657,8.390567,6.6007347,13.349105,13.701104,18.056944,20.737677,24.067331,27.513456,29.14619,24.491755,21.247087,19.735197,16.447107,16.906504,12.299924,13.0879755,10.11846,11.991709,12.119161,13.868087,16.617832,15.495348,20.951904,17.567152,21.899044,21.997505,25.477095
34,39.683533,36.36793,35.48342,30.941095,28.68837,29.003876,24.56783,24.980005,20.643475,23.549582,16.975538,22.048878,19.039225,15.7303,18.389015,14.049626,16.440409,13.773422,17.13726,18.065779,18.784882,24.06153,24.280394,21.774933,26.851103,26.20199,26.638435,21.69628,19.878298,16.919144,14.046235,10.619064,4.5403967,5.0920076,0.0,4.287046,6.093785,4.491723,4.585228,7.0784616,6.7000337,11.123712,10.249792,16.030796,18.88255,20.8319,24.307959,25.312704,28.680307,30.783022,27.935635,24.01165,24.370821,21.160961,17.998413,16.307447,15.296467,12.243811,14.852051,14.82449,12.925288,18.941513,20.26915,24.053041,27.482758,29.5386,32.96841,33.492844,33.32351,28.647125,24.028471,23.868353,18.842875,19.044151,14.65161,15.379144,12.113849,13.127959,10.12705,14.739498,9.560768,9.384505,7.439408,8.294427,10.392415,10.557933,16.418049,16.735704,21.14014,23.536638,27.183794,30.341902,32.497227,28.103882,24.973104,23.768103,20.68265,21.200644,16.882849,17.1004,14.345391,15.104222,14.365622,14.445437,17.972069,17.575253,22.66541,20.008743,24.441814,24.457726,28.40754
35,42.829258,39.66624,38.381756,34.018192,31.632698,31.414597,27.25202,26.702019,22.570723,24.098461,17.168993,21.51864,18.003977,14.774264,17.904287,14.320821,17.133656,15.547292,19.278996,20.783367,21.796322,26.75755,27.546326,25.340057,30.539478,30.057566,30.33739,25.44365,23.487629,20.695696,17.530344,14.23526,8.41628,6.3477316,4.287046,0.0,4.593338,6.0195246,6.6228013,9.878993,10.925166,15.305403,14.33971,20.006546,23.026573,24.812248,28.400965,29.064087,32.654827,34.69361,31.98568,27.820866,28.514843,25.03034,22.136442,20.388142,19.027025,15.7689,17.632706,17.406378,15.863884,21.87149,23.578878,27.07759,31.008493,32.435966,36.098892,36.740982,36.116077,31.32445,26.986847,26.380003,21.505291,21.242086,16.755703,17.234089,13.295994,14.162632,10.508446,13.509669,8.049472,8.181337,8.45395,9.669394,12.731237,12.799964,19.285885,19.803284,24.19704,26.777962,30.245787,33.572033,35.384254,30.746004,27.4814,26.070726,22.775795,23.161087,18.446396,18.798256,15.138827,16.49021,14.797493,14.542334,18.703796,18.623808,24.210117,22.189884,26.569818,27.132471,30.791138
