,0,1,2,3,4,5,6,7,8,9,10,11,12,13,14,15,16,17,18,19,20,21,22,23,24,25,26,27,28,29,30,31,32,33,34,35,36,37,38,39,40,41,42,43,44,45,46,47,48,49,50,51,52,53,54,55,56,57,58,59,60,61,62,63,64,65,66,67,68,69,70,71,72,73,74,75,76,77,78,79,80,81,82,83,84,85,86,87,88,89,90,91,92,93,94,95,96,97,98,99,100,101,102,103,104,105,106,107,108
0,0.0,3.908889,7.614574,9.667178,12.646566,15.321256,17.405186,21.037468,23.49896,25.976881,29.286152,31.459269,33.924828,33.32894,38.26049,33.242916,36.63267,34.250664,40.747326,38.152924,43.010685,43.973972,49.38252,46.266743,42.807346,42.09006,37.31554,39.05253,35.261383,39.089394,32.632923,38.142902,33.909206,34.770985,32.685184,29.508385,26.88051,29.410662,28.391722,25.54257,23.992416,27.98779,26.040884,21.214125,23.129036,26.860514,23.638504,18.903126,21.82305,23.281818,27.832468,25.32428,30.432547,32.49935,33.33253,35.15784,31.771503,35.83965,38.382458,34.38138,33.89164,39.594707,41.031784,40.34332,36.70723,37.416515,43.011116,43.202236,39.651497,44.370358,42.442352,43.431927,37.766094,40.929054,36.21135,39.01406,35.726795,31.141266,30.393347,26.338366,24.370571,21.137672,21.234337,21.76092,25.28986,23.053095,29.122797,29.912489,33.690716,35.73003,38.198544,38.370155,39.181187,36.40553,35.452576,32.04806,27.960413,30.3609,24.179338,27.968088,24.98011,23.853157,28.443308,29.339933,34.81268,33.154354,37.87591,39.20664,43.01758
1,3.908889,0.0,5.1129546,6.0664687,8.925733,12.327361,13.650146,17.62783,19.888054,22.38001,25.680275,27.751713,30.218409,29.543419,34.59769,29.653276,33.077766,30.90312,37.40995,35.103363,39.995697,41.176167,46.590073,43.140774,39.67072,38.822315,34.123745,35.73737,31.93634,35.704693,29.323973,34.84777,30.487482,31.700062,29.605433,26.186108,23.744946,26.689026,25.483496,22.407423,21.338844,25.59738,23.321993,18.59432,21.116116,24.874737,21.345182,17.109829,20.7237,22.254534,26.324202,24.090775,29.427637,31.260115,31.68764,33.110058,29.458452,33.349224,36.297874,32.503468,31.363535,37.14566,38.772327,38.28896,34.416626,34.74403,40.3238,40.26324,36.667023,41.392864,39.180756,40.15098,34.38285,37.438225,32.737377,35.422894,32.06957,27.55244,26.685137,22.773355,20.712603,17.556934,17.674532,18.599764,22.13669,20.503744,26.301474,27.70561,31.366955,33.63581,35.810894,35.818485,36.98059,34.086056,33.6882,30.261276,25.95129,27.91906,21.567375,25.016903,21.883694,20.608469,25.108377,26.088495,31.319883,29.803915,34.49592,35.807816,39.715504
2,7.614574,5.1129546,0.0,5.5048027,6.5886703,8.32492,11.185007,13.758593,16.86135,18.838837,22.333942,24.512632,27.141031,26.971312,32.229984,27.760777,31.60145,29.934631,36.44571,34.82609,39.82289,41.26486,46.61819,42.929443,39.628235,38.37602,33.475677,34.49566,30.351555,33.681087,26.951485,31.807493,26.988306,27.933628,26.478025,23.328642,20.35927,23.428427,23.062845,20.146786,18.417715,23.66178,21.918211,17.033688,19.16997,24.13905,21.179892,16.550615,20.42874,21.04176,25.15319,24.46387,29.162333,30.390997,31.192106,32.645073,28.577335,32.416943,35.384335,31.088902,29.547396,35.47997,36.824677,36.063286,31.815943,32.12926,37.68569,37.511486,34.429573,39.40198,37.245697,38.80183,33.07057,36.510014,32.08123,34.951435,31.645111,27.231852,26.599813,22.983631,21.051311,18.420517,18.164804,19.71669,22.73406,22.050323,27.041328,28.859743,32.605698,34.798916,36.593903,36.851833,38.595074,35.77815,35.890965,32.68302,28.109451,29.891857,23.829588,26.484224,23.575525,22.207869,26.370237,27.360094,31.933544,30.398067,35.063396,35.94457,40.153385
3,9.667178,6.0664687,5.5048027,0.0,3.7695324,7.5820556,8.0378685,12.494657,14.091427,17.100214,20.034328,22.327757,24.525928,23.774574,28.598904,23.641075,27.156277,25.134413,31.659712,29.7243,34.6856,36.088768,41.470833,37.787556,34.410156,33.321075,28.52521,29.88679,25.984041,29.668213,23.285194,28.86934,24.702885,26.072472,23.75775,20.193338,17.993917,21.183014,19.706663,16.47435,15.928856,20.351408,17.818676,13.25154,16.454784,20.286963,16.650549,13.096898,17.530893,18.972115,22.225378,20.757866,26.062336,27.43974,27.438406,28.411814,24.410345,28.091764,31.417128,27.798939,25.91985,31.760513,33.536465,33.26695,29.17687,29.118906,34.659977,34.411232,30.788847,35.53231,33.18867,34.2809,28.498142,31.719673,27.134844,30.031595,26.791021,22.222248,21.90057,17.861305,16.259962,13.879642,12.9863405,14.241786,17.288183,16.630629,21.626469,23.661718,27.27406,29.630924,31.356823,31.443462,33.211586,30.341314,30.679447,27.472363,22.841808,24.441738,18.4936,21.016453,18.344149,17.283466,21.486818,22.173725,26.986696,25.106813,29.845573,30.735664,34.867188
4,12.646566,8.925733,6.5886703,3.7695324,0.0,5.5609784,4.8007407,9.0805435,11.040225,13.55847,16.773376,18.87084,21.3016,20.759552,26.045483,21.527897,25.31342,23.908783,30.37154,29.14748,34.11883,35.864204,41.168613,37.023037,33.723972,32.32223,27.623287,28.525558,24.478043,27.801924,21.372519,26.508148,21.765585,23.514189,21.686289,17.949049,15.691567,19.554201,18.422102,15.02903,14.788509,19.992052,17.464073,13.20682,16.673107,20.973925,17.489246,14.528347,19.266722,20.24257,23.029585,22.514513,27.516048,28.424818,28.285452,28.898558,24.55633,27.936522,31.606745,28.007698,25.323391,31.225668,33.017334,32.791164,28.324064,27.850185,33.303795,32.69775,29.34977,34.198143,31.53119,32.881218,27.012829,30.200409,25.800686,28.502794,25.16623,20.863308,20.264658,16.836998,15.03274,13.01973,12.341522,14.543829,17.244177,17.784716,21.92235,24.730042,28.116383,30.628023,31.900291,31.866955,34.120403,31.198708,32.19574,29.089146,24.374506,25.375725,19.510847,21.297543,18.490808,17.115177,20.861383,21.784437,25.859137,24.389612,28.95261,29.727783,34.031067
5,15.321256,12.327361,8.32492,7.5820556,5.5609784,0.0,6.3066206,6.622092,9.577384,11.980192,14.872825,17.65611,19.871376,20.041288,24.837202,20.745964,24.896313,23.725853,30.052084,29.267525,34.261093,36.001213,41.161552,37.284416,34.30014,32.579094,27.498486,27.798092,23.369736,26.216805,19.267256,23.642456,18.922022,19.622105,18.281858,15.350147,12.095349,15.413365,15.520234,12.799068,10.882787,17.042725,15.692958,11.269659,13.471794,19.210512,16.959225,13.208385,17.57684,17.375702,20.308279,21.588234,25.514093,25.80655,26.396852,27.396572,22.844275,26.316387,29.532959,25.164024,22.632349,28.60083,29.859278,29.141108,24.472073,24.3948,29.860228,29.478708,26.75624,31.868776,29.76793,31.887068,26.36079,30.299147,26.351719,29.63925,26.706757,22.461935,22.903711,19.478266,18.51701,17.432106,15.745299,17.595785,19.294323,20.106394,23.340185,25.75432,29.364435,31.414927,32.495384,33.088097,35.693207,33.108345,34.123436,31.42553,26.659233,28.034935,23.089582,24.213648,22.313702,21.37478,24.742064,25.234562,28.816216,26.738459,31.265768,31.285376,35.784294
6,17.405186,13.650146,11.185007,8.0378685,4.8007407,6.3066206,0.0,5.913754,6.501631,9.350719,12.231463,14.316755,16.588182,15.959983,21.34186,17.072071,20.997396,20.127659,26.444183,25.905695,30.820606,32.892612,38.063435,33.51465,30.340542,28.644766,24.083403,24.567743,20.486784,23.529703,17.281212,22.247362,17.402481,19.739756,17.933748,13.858567,12.148227,16.680393,15.33071,11.746123,12.686909,17.955507,15.175722,11.8779545,15.874597,19.850119,16.48181,14.953172,19.880695,20.675716,22.374935,22.630667,27.342058,27.75858,27.105888,27.089611,22.50418,25.37576,29.501863,26.317823,22.633905,28.42607,30.404465,30.473368,25.778019,24.66293,29.923302,28.921669,25.640049,30.440552,27.408041,28.861038,22.964163,26.102207,21.93184,24.559519,21.286345,17.237295,16.876387,13.94969,12.540805,11.719142,10.439289,13.280203,15.131273,17.100185,19.887695,23.509253,26.533062,29.16015,29.850502,29.717558,32.540375,29.656494,31.451397,28.604969,23.88709,24.216946,18.98251,19.619316,17.223017,15.944116,18.908958,19.70319,22.887424,21.470972,25.820175,26.264292,30.721796
7,21.037468,17.62783,13.758593,12.494657,9.0805435,6.622092,5.913754,0.0,4.82711,5.427079,8.811044,11.221965,13.791109,14.393263,19.919878,16.911718,21.320677,21.40409,27.276703,27.790258,32.58637,34.89048,39.78823,35.133545,32.347107,30.164417,25.546515,25.042849,20.634207,22.675758,16.1297,19.465492,13.625538,15.548936,15.194802,11.874967,9.118451,13.996884,14.435608,11.660835,11.421998,17.831478,16.279821,13.44567,16.18599,21.374004,19.220282,17.359995,21.869457,21.495724,23.046984,25.171469,28.78309,28.43644,28.354628,28.439533,23.602047,26.21035,30.096796,26.347246,22.250599,27.961615,29.420082,29.06861,23.937798,22.764479,27.8016,26.597185,24.323494,29.374634,26.54639,28.936565,23.426245,27.03908,23.60017,26.355543,23.43082,19.967794,20.055986,17.984035,17.030289,16.923983,15.550007,18.378107,19.350988,21.882677,23.605053,27.218418,30.208563,32.532215,32.80825,33.052887,36.3486,33.715145,35.806553,33.295444,28.59356,28.905218,24.338545,24.289614,22.39766,21.190376,23.523706,24.245548,26.386078,25.03244,29.015003,28.82609,33.435154
8,23.49896,19.888054,16.86135,14.091427,11.040225,9.577384,6.501631,4.82711,0.0,4.780147,6.0557323,8.935737,10.621364,10.471684,15.592279,12.148956,16.51938,16.68639,22.496943,23.204723,27.926336,30.361935,35.18794,30.373802,27.625908,25.38026,20.87741,20.332256,16.020496,18.207962,11.935693,16.01316,10.91726,13.677322,12.250843,8.122634,6.9732733,12.237185,11.379768,8.308274,10.238933,15.477298,13.274814,11.72733,15.193656,19.067408,16.763052,16.555656,21.074766,21.131819,21.523079,23.47567,27.14196,26.676226,25.799362,25.216787,20.400057,22.520975,26.859015,23.901764,19.063675,24.563797,26.453917,26.656006,21.644583,19.813452,24.71488,23.260168,20.5023,25.358418,22.172745,24.284128,18.680944,22.212883,18.820145,21.668213,18.922003,15.540154,16.31045,14.338,14.1844015,15.150925,12.991486,15.665411,15.816535,19.16668,19.810568,23.880503,26.494316,28.88926,28.78446,28.908781,32.486282,29.925486,32.509987,30.237347,25.679203,25.540981,21.735043,20.859228,19.610987,18.811377,20.547886,20.866966,22.550896,20.865622,24.706947,24.221613,28.852379
9,25.976881,22.38001,18.838837,17.100214,13.55847,11.980192,9.350719,5.427079,4.780147,0.0,4.307862,5.842975,8.78504,9.7838125,15.921927,14.184309,18.528276,19.782282,24.963211,26.580908,31.044006,33.766533,38.342216,33.111507,30.556255,28.046446,24.029728,22.8664,18.748001,19.969961,14.370408,16.58825,10.035444,13.515109,13.91343,10.492896,9.263534,14.585984,14.913537,12.462785,13.801604,19.401436,17.69162,16.293158,19.254267,23.551512,21.506088,21.055702,25.502848,25.168417,25.67857,28.137402,31.519405,30.78695,30.095148,29.418802,24.59105,26.367401,30.705074,27.699875,22.540972,27.749685,29.420378,29.489319,24.260788,22.145708,26.579317,24.656082,22.730486,27.48002,24.006397,26.466011,21.152746,24.272741,21.432625,23.58574,20.81306,18.288544,18.16108,17.45801,16.742447,17.610197,16.459831,19.674765,19.93679,23.617027,24.040415,28.429724,30.811993,33.28774,32.908928,32.847866,36.61792,34.018467,36.919704,34.63093,30.12778,29.607094,25.61274,24.59185,22.91807,21.664291,22.955208,23.744108,24.51302,23.774385,27.113546,26.709671,31.280134
10,29.286152,25.680275,22.333942,20.034328,16.773376,14.872825,12.231463,8.811044,6.0557323,4.307862,0.0,3.8227284,5.0986495,6.49847,11.889608,10.908507,15.203032,17.055838,21.657154,23.933388,28.139011,30.995945,35.294174,30.031113,27.776909,25.033648,21.199179,19.479385,15.474551,16.073864,11.010977,12.499715,6.088398,10.433686,10.78625,7.653766,7.9065537,12.795058,12.9709635,11.217792,13.425762,17.979084,16.494282,16.345514,19.069128,22.608187,21.071892,21.63343,25.744013,25.30616,24.86773,27.850895,30.72524,29.606796,28.56125,27.433334,22.71315,23.880714,28.310497,25.79516,20.050661,24.79546,26.527925,26.874847,21.720196,19.040794,23.058485,20.819323,19.085773,23.655605,20.062323,22.769146,17.810884,21.055292,18.814362,21.102636,18.863655,16.839502,17.66875,17.303148,17.497822,19.255535,17.43718,20.231827,19.579466,23.77058,23.004044,27.484072,29.525557,31.822058,30.99021,31.057991,35.16202,32.810577,36.100395,34.192352,29.895515,29.13995,26.11997,24.316236,23.461794,22.664797,23.339798,23.663774,23.718126,22.600277,25.569368,24.55222,29.09177
11,31.459269,27.751713,24.512632,22.327757,18.87084,17.65611,14.316755,11.221965,8.935737,5.842975,3.8227284,0.0,3.7291348,5.5418067,11.8941,12.214553,16.005192,18.614967,22.628553,25.478539,29.389017,32.492195,36.58629,30.861216,28.676208,25.854856,22.692434,20.781755,17.298513,17.39552,13.589118,14.196893,7.8591847,12.906545,13.888314,10.985213,11.713346,16.44667,16.5002,14.701211,17.231035,21.594646,19.858597,19.844967,22.817842,26.070087,24.26006,25.08922,29.331482,29.055864,28.557281,31.261534,34.31872,33.23031,31.92934,30.494398,25.882277,26.704517,31.349329,29.245079,23.243425,27.649858,29.514854,30.069426,24.994406,21.972635,25.505426,22.844463,21.355036,25.506472,21.40423,23.843184,19.063124,21.464354,19.567295,20.958418,18.632786,17.440422,17.355272,18.141647,17.954523,19.821857,18.742594,21.930359,21.369564,25.937418,24.963816,29.896036,31.582926,34.09783,33.024933,32.69412,36.893383,34.439194,38.10576,36.148506,31.975576,30.683992,27.562445,25.544792,24.355787,23.25696,23.383898,24.059845,23.257748,23.069508,25.516132,24.748472,29.125757
12,33.924828,30.218409,27.141031,24.525928,21.3016,19.871376,16.588182,13.791109,10.621364,8.78504,5.0986495,3.7291348,0.0,3.406186,8.3767,9.856737,13.284205,16.463099,19.770144,23.198595,26.803165,29.993887,33.805832,28.092834,26.202795,23.207071,20.308456,17.917265,14.729918,14.156657,11.377966,11.165183,5.9965773,11.452031,12.160068,9.826252,11.747577,15.712635,15.484078,14.31027,17.391592,20.71559,19.151102,20.079834,22.84247,25.35713,23.947908,25.548193,29.475,29.177092,27.947416,30.935047,33.58794,32.239513,30.622711,28.808432,24.402367,24.665525,29.33386,27.747206,21.393644,25.258757,27.198921,28.041206,23.181028,19.713985,22.751379,19.816137,18.46223,22.294474,18.051165,20.621578,16.280092,18.67909,17.426222,18.898684,17.168903,16.49032,17.32536,18.278614,18.868654,21.34227,19.708117,22.443333,21.174221,26.013943,24.100906,29.005854,30.374893,32.706924,31.263514,31.039478,35.46941,33.256332,37.19921,35.581074,31.631912,30.182528,27.921305,25.318264,24.8549,24.181505,23.863228,24.09219,22.75968,22.168406,24.24825,22.915041,27.200203
13,33.32894,29.543419,26.971312,23.774574,20.759552,20.041288,15.959983,14.393263,10.471684,9.7838125,6.49847,5.5418067,3.406186,0.0,7.057671,7.5334797,10.738054,13.894161,17.349287,20.589949,24.211475,27.45525,31.37698,25.465954,23.374325,20.492134,17.772118,15.7518635,12.826213,12.8640785,10.583619,11.929046,8.231174,13.506885,12.877779,9.809992,12.463849,16.474318,15.127343,13.581309,17.548864,20.239939,18.019463,19.258226,22.548561,24.261148,22.414103,24.6586,28.664034,28.854933,27.391016,29.646809,32.692432,31.605486,29.500425,27.374092,23.10351,23.228947,28.214535,27.17164,20.74056,24.559063,26.923172,28.145853,23.523602,19.918978,23.05918,20.1812,17.998678,21.597305,16.938753,18.777454,14.017281,15.980331,14.397197,15.675442,13.783605,13.218091,14.115153,15.3155365,16.17088,19.02054,17.307697,19.932722,18.474863,23.561266,21.3667,26.552444,27.66621,30.175713,28.66782,28.154783,32.56587,30.275255,34.400604,32.777824,28.961338,27.199322,25.146824,22.28847,21.965805,21.431618,20.805317,20.911783,19.408257,18.83129,20.85259,19.63635,23.944809
14,38.26049,34.59769,32.229984,28.598904,26.045483,24.837202,21.34186,19.919878,15.592279,15.921927,11.889608,11.8941,8.3767,7.057671,0.0,6.0506954,6.7686405,11.176583,12.297458,16.923695,19.661766,23.00407,26.213938,20.518606,19.234718,15.985845,13.994508,10.704918,9.031211,6.948777,8.775346,8.3405285,9.718875,13.50755,12.043905,10.894211,14.846828,16.82356,15.039694,14.997927,19.299665,19.732512,18.118635,21.021126,23.578892,23.76708,22.922243,26.404285,29.575499,29.670023,26.884104,29.646585,31.711817,30.131495,27.473484,24.63201,21.058958,19.893675,24.701408,24.853008,18.079048,20.385113,22.871796,24.72173,20.870861,16.567343,18.365402,15.065401,13.053974,15.564148,10.540122,12.619332,9.355443,11.373212,11.807464,13.471568,13.467779,14.014148,16.933445,17.987719,20.171982,23.656874,21.066092,22.578457,19.887526,24.99435,21.052168,25.746424,26.181643,28.129465,25.868944,25.718231,30.498356,28.848776,33.350174,32.50924,29.275795,27.405172,27.203524,23.442995,24.62773,24.950903,23.728823,22.901855,20.683544,19.02749,20.177723,17.57969,21.462214
15,33.242916,29.653276,27.760777,23.641075,21.527897,20.745964,17.072071,16.911718,12.148956,14.184309,10.908507,12.214553,9.856737,7.5334797,6.0506954,0.0,4.499971,6.625838,10.801479,13.396645,17.304167,20.323366,24.481417,19.130798,16.970802,14.15942,10.53716,8.800598,5.453296,7.194229,5.610432,10.122869,10.69302,14.013073,10.610394,7.8720126,11.9983015,14.254851,10.985206,10.175011,15.258631,15.384306,12.8422165,15.731656,18.883402,18.62429,17.162943,20.925749,24.246706,24.862518,22.27656,24.154621,26.90389,25.841318,22.999662,20.347591,16.46117,16.061323,21.267685,21.18015,14.6927,18.103745,21.019913,22.862055,18.955713,15.24428,18.4777,16.162897,12.401508,15.809695,11.298045,12.531181,7.033569,10.471838,8.475566,11.793919,10.93132,9.515187,13.439634,12.977023,15.604043,19.025198,15.778747,16.850468,14.067716,19.02279,15.436911,20.166729,21.052788,23.199957,21.488064,21.414177,25.964613,24.0588,28.15123,27.043674,23.542183,22.0595,21.61911,18.136238,19.491241,20.10647,19.531118,18.396305,17.67024,14.892358,17.266315,14.998251,19.422625
16,36.63267,33.077766,31.60145,27.156277,25.31342,24.896313,20.997396,21.320677,16.51938,18.528276,15.203032,16.005192,13.284205,10.738054,6.7686405,4.499971,0.0,4.8725243,6.6523314,10.387336,13.549573,16.858305,20.64049,14.919788,13.014479,9.989875,7.515162,5.350571,4.7540283,5.925025,8.597446,12.061521,14.391127,17.409903,13.872206,11.985904,16.233696,17.7406,14.095459,13.785249,18.960653,17.746618,15.17523,18.805822,21.837568,20.195986,18.883844,23.600634,26.491037,27.430822,24.154139,25.518423,28.058142,27.006205,23.456844,20.070084,17.013851,15.54326,20.825788,22.093111,15.7144165,17.825186,21.125006,23.61262,20.509396,16.535055,18.758753,16.347109,12.287316,14.257316,9.193872,8.888796,3.6214957,6.0115356,5.320433,8.549713,9.155095,9.267607,13.87835,14.056292,17.262924,21.078497,17.856106,18.310175,14.888268,19.886814,15.008438,19.701035,19.664623,21.697884,19.326756,18.9646,23.749483,22.15259,26.789047,26.155903,23.286943,21.229818,22.11434,17.901932,20.120493,21.191328,19.82159,18.194777,16.540648,13.489564,14.851999,11.778757,15.853275
17,34.250664,30.90312,29.934631,25.134413,23.908783,23.725853,20.127659,21.40409,16.68639,19.782282,17.055838,18.614967,16.463099,13.894161,11.176583,6.625838,4.8725243,0.0,6.530839,6.8971643,11.287287,14.034584,18.624983,13.768424,11.207826,8.960445,4.2669563,5.1243196,4.148377,8.243222,9.0282755,14.441835,16.825241,19.054491,14.488429,12.4041395,16.259495,17.224619,12.617626,12.222792,17.448076,15.131627,12.036115,16.020718,19.124277,16.34378,14.821491,20.191837,22.757889,24.184258,20.73426,21.2152,24.04679,23.401901,19.479795,16.03366,13.165592,11.989322,17.473043,19.020435,13.33228,15.745479,19.37027,21.95641,19.285135,16.000416,18.868631,17.397615,12.349941,14.492135,10.675949,9.600673,3.9872968,7.4314523,4.4720607,9.556466,9.915035,8.197845,13.867072,12.35425,16.1269,19.72947,15.841359,15.273183,11.386561,15.827388,10.537334,14.872168,15.021646,17.014097,14.971,14.928444,19.58103,17.990942,22.258165,21.675772,18.801367,17.223753,18.70339,14.603863,17.610678,19.262882,18.472942,16.268276,16.170013,11.601091,13.96049,10.963159,15.101672
18,40.747326,37.40995,36.44571,31.659712,30.37154,30.052084,26.444183,27.276703,22.496943,24.963211,21.657154,22.628553,19.770144,17.349287,12.297458,10.801479,6.6523314,6.530839,0.0,6.1239185,7.4027915,10.845237,14.084273,8.572041,7.451652,4.2452602,4.3238726,2.9779427,7.405095,8.126366,13.103174,16.045578,20.184175,22.21237,18.16741,17.254513,21.441753,21.702574,17.654991,18.105463,23.02599,19.872416,17.64564,22.1091,24.587963,21.05562,20.384573,26.100214,28.057934,29.323168,25.098217,25.867126,27.745125,26.704977,22.33603,18.133438,16.646399,13.762811,18.563026,21.73938,16.248316,16.322462,19.97263,23.234047,21.571152,17.831978,18.801,16.994715,12.615921,12.254698,8.237312,4.4083023,4.047339,3.5847628,6.180932,9.067363,11.756411,12.601784,17.807432,17.641342,21.434088,25.305794,21.79149,21.087132,17.03283,21.192577,14.969794,18.472696,17.257734,18.581411,15.335055,15.15131,20.047146,19.31013,24.194092,24.506792,22.694538,20.526726,23.528933,18.861605,22.437872,24.270649,22.531376,20.115747,18.370998,14.367457,14.596493,10.348157,13.086901
19,38.152924,35.103363,34.82609,29.7243,29.14748,29.267525,25.905695,27.790258,23.204723,26.580908,23.933388,25.478539,23.198595,20.589949,16.923695,13.396645,10.387336,6.8971643,6.1239185,0.0,5.0183573,7.230968,12.179466,8.453618,5.893289,5.3991675,2.9669673,6.9324737,9.466,12.392256,14.986348,19.698349,23.31154,24.903042,20.052713,18.728453,22.392916,22.367392,17.57067,17.754799,22.477472,18.415413,15.710221,20.123117,22.649446,17.781105,16.790321,23.069658,24.557325,26.509153,22.255653,21.535421,23.85338,23.500103,18.604704,14.296869,13.586968,11.079436,15.811635,19.516094,15.361483,15.708169,19.62676,22.89445,21.782612,19.002756,20.789232,20.033682,14.864567,14.94621,12.575496,9.175907,7.706507,8.34767,7.449708,11.1792,13.0862465,12.341188,17.937426,16.29104,20.384472,23.88266,19.967667,18.141937,13.907204,16.918707,10.309444,12.808727,11.248562,12.474351,9.333959,9.422627,14.277298,13.653363,18.207386,18.737795,17.263973,15.55988,19.624727,15.220813,19.663929,22.10822,20.94159,17.962376,17.953579,12.579895,13.769782,10.096897,12.572265
20,43.010685,39.995697,39.82289,34.6856,34.11883,34.261093,30.820606,32.58637,27.926336,31.044006,28.139011,29.389017,26.803165,24.211475,19.661766,17.304167,13.549573,11.287287,7.4027915,5.0183573,0.0,3.6761,7.5194306,3.9349244,3.3052406,4.5840244,7.083581,9.416163,13.265172,14.895393,19.014797,22.657843,27.019022,28.538021,23.933437,23.073322,26.916456,26.592974,22.047518,22.553099,27.177887,22.733883,20.455368,25.013496,27.240005,21.97629,21.418997,27.779966,28.871805,30.791695,26.162197,25.41431,27.1154,26.628666,21.518372,16.922373,17.31955,14.010589,17.76359,22.552868,18.856377,17.73498,21.503832,25.13286,24.80041,21.93432,22.582928,21.811424,17.206114,15.704637,13.871767,9.312445,10.729216,9.4463005,10.696129,12.787368,15.717158,16.220657,21.41353,20.50793,24.556871,28.168095,24.522211,22.635094,18.457602,21.194357,14.508204,16.184692,13.571243,14.058465,10.113,9.91163,14.404625,14.729997,19.50235,20.82178,20.38519,18.307425,23.351004,18.779242,23.438187,25.978714,24.24143,21.172634,20.245413,15.450974,15.143601,11.128369,11.807561
21,43.973972,41.176167,41.26486,36.088768,35.864204,36.001213,32.892612,34.89048,30.361935,33.766533,30.995945,32.492195,29.993887,27.45525,23.00407,20.323366,16.858305,14.034584,10.845237,7.230968,3.6761,0.0,5.4178867,6.071516,6.2038603,8.240099,9.825211,12.466584,15.940475,17.790102,21.473383,25.299643,29.851305,30.957272,26.134508,25.470186,29.085657,28.329372,23.731962,24.413454,28.68997,23.637802,21.600006,26.149359,28.018587,22.080376,21.857187,28.285065,28.80713,30.888342,26.077337,24.832882,26.168177,25.876825,20.591877,16.018158,17.4182,14.063523,16.91621,22.31474,19.66996,17.987978,21.616179,25.283516,25.626417,23.28185,23.800692,23.588821,18.999353,17.219614,16.419333,12.173748,13.844253,13.104142,13.925323,16.160645,18.886662,18.946037,24.153862,22.727837,26.800875,30.18328,26.395002,24.018114,19.916777,21.77633,15.30359,15.602301,12.628345,12.223994,8.151072,8.717175,12.503395,13.665064,17.80881,19.737226,19.949703,18.396656,24.15662,19.944899,24.924732,27.713045,26.255873,23.002474,22.73816,17.64942,17.522175,13.92051,14.018814
22,49.38252,46.590073,46.61819,41.470833,41.168613,41.161552,38.063435,39.78823,35.18794,38.342216,35.294174,36.58629,33.805832,31.37698,26.213938,24.481417,20.64049,18.624983,14.084273,12.179466,7.5194306,5.4178867,0.0,6.9767356,9.428123,11.385395,14.364441,16.011652,20.029665,20.89573,25.588995,28.42293,33.608616,34.558853,30.02759,29.825804,33.58915,32.536697,28.252235,29.253065,33.430714,28.15896,26.549818,31.256264,32.817757,26.823645,27.044067,33.41663,33.650204,35.530132,30.432364,29.540798,30.17215,29.613993,24.431349,19.891844,21.862856,18.05833,19.962698,25.90739,23.554016,20.74969,23.99028,27.821396,28.822903,26.425617,25.876793,25.668352,21.828018,18.842585,18.680285,14.262268,17.60281,16.114862,18.142006,19.544455,22.805222,23.623487,28.61981,27.731497,31.770506,35.269646,31.623672,29.34179,25.247831,27.122814,20.675924,20.703451,17.493458,16.584269,12.670203,13.128907,15.937568,17.759516,21.623976,24.04916,24.864063,23.17804,29.247711,24.963682,29.925186,32.68742,30.864523,27.652899,26.659714,22.131195,21.108156,17.432247,16.414873
23,46.266743,43.140774,42.929443,37.787556,37.023037,37.284416,33.51465,35.133545,30.373802,33.111507,30.031113,30.861216,28.092834,25.465954,20.518606,19.130798,14.919788,13.768424,8.572041,8.453618,3.9349244,6.071516,6.9767356,0.0,3.7657473,5.110858,9.884484,11.213078,15.583817,16.344734,21.394638,24.265654,28.753296,30.585081,26.353931,25.541931,29.586882,29.475765,25.124762,25.59146,30.385027,26.226624,23.96028,28.494223,30.84266,25.813345,25.17359,31.49642,32.74162,34.601543,29.958832,29.34223,30.99186,30.39279,25.318237,20.68921,21.088894,17.611776,21.193556,26.106918,22.143826,20.66827,24.300743,28.021868,27.72196,24.539661,24.603186,23.442423,19.353157,17.191141,15.019847,10.010117,12.515162,9.644603,12.188505,12.824078,16.352903,17.94549,22.638512,22.609936,26.521244,30.300434,27.017818,25.427614,21.335724,24.410582,17.735123,19.789581,16.847729,17.435257,13.421184,12.536968,16.673365,17.10952,22.195469,23.611792,23.496899,20.85356,25.934927,21.136612,25.594961,27.992373,25.681046,22.755505,20.765987,16.831966,15.359663,11.275642,10.77646
24,42.807346,39.67072,39.628235,34.410156,33.723972,34.30014,30.340542,32.347107,27.625908,30.556255,27.776909,28.676208,26.202795,23.374325,19.234718,16.970802,13.014479,11.207826,7.451652,5.893289,3.3052406,6.2038603,9.428123,3.7657473,0.0,3.356187,7.5437865,9.987909,13.816481,15.522258,19.615314,23.395426,27.152775,29.273777,24.844006,23.472387,27.398537,27.711248,23.073273,23.096312,28.057787,24.25681,21.492104,25.750639,28.498241,23.593525,22.369013,28.688368,30.240047,32.350132,28.068996,26.950277,29.276928,28.994255,23.916082,19.432098,19.338116,16.442015,20.61223,25.00224,20.896132,20.404993,24.2334,27.767126,26.972763,23.867092,24.78425,23.613047,19.00399,17.861904,15.121313,10.394194,10.918601,8.182896,9.331561,10.298366,13.413444,14.578454,19.309155,19.021666,22.94807,26.665096,23.407743,21.75889,17.719444,20.872738,14.247067,16.848894,14.003537,15.240918,11.491489,10.013286,14.528378,14.323186,19.669254,20.642088,20.205376,17.360907,22.211432,17.382679,21.834518,24.264112,22.059992,19.074549,17.513885,13.200213,12.197813,8.1772375,8.528013
25,42.09006,38.822315,38.37602,33.321075,32.32223,32.579094,28.644766,30.164417,25.38026,28.046446,25.033648,25.854856,23.207071,20.492134,15.985845,14.15942,9.989875,8.960445,4.2452602,5.3991675,4.5840244,8.240099,11.385395,5.110858,3.356187,0.0,5.645718,7.017222,11.106032,12.3691,16.903181,20.273777,24.112316,26.320398,22.118816,20.866423,24.944368,25.345137,20.94675,21.078411,26.109962,22.671093,20.054672,24.397484,27.123169,22.840689,21.763662,27.864056,29.67675,31.438898,27.192078,26.879322,29.08098,28.465511,23.65881,19.236143,18.493027,15.557423,20.094753,23.997923,19.202837,18.948006,22.731577,26.179344,24.97729,21.53772,22.428223,20.906326,16.445639,15.529887,12.166256,7.548221,7.9213715,5.0346255,7.144354,8.592343,11.852419,13.203183,18.12742,18.109873,21.998125,25.864302,22.558979,21.395567,17.312588,21.085651,14.525772,17.772223,15.617783,17.003195,13.419814,12.438845,17.206377,16.672882,21.932068,22.552807,21.46084,18.76061,22.737299,17.85296,21.893276,24.032402,21.879793,19.158115,17.22971,13.1468525,12.478173,8.067284,9.685297
26,37.31554,34.123745,33.475677,28.52521,27.623287,27.498486,24.083403,25.546515,20.87741,24.029728,21.199179,22.692434,20.308456,17.772118,13.994508,10.53716,7.515162,4.2669563,4.3238726,2.9669673,7.083581,9.825211,14.364441,9.884484,7.5437865,5.645718,0.0,4.340149,6.6490135,9.641033,12.306997,16.922752,20.430975,22.198833,17.50866,16.140686,19.983929,20.18547,15.546878,15.7273035,20.626675,17.098402,14.416919,18.850143,21.477608,17.413353,16.425339,22.395174,24.262169,25.887407,21.791977,21.840334,24.162733,23.527323,18.999374,14.904269,13.310822,10.991163,16.141405,19.120827,14.128306,15.0232315,18.882374,21.991297,20.309397,17.160078,19.134418,17.99874,12.863979,13.521531,10.416075,7.646133,4.8115783,6.5893655,5.543942,9.971919,11.658291,10.89853,16.605127,15.216192,19.2205,22.84143,18.939575,17.667513,13.481938,17.181986,10.90542,14.212916,13.352534,14.819976,12.0234785,12.131924,16.977703,16.016407,20.528286,20.664629,18.62286,16.921524,19.999542,15.59338,19.501997,21.617603,20.48024,17.803339,17.458406,12.439617,13.880062,10.138622,13.365218
27,39.05253,35.73737,34.49566,29.88679,28.525558,27.798092,24.567743,25.042849,20.332256,22.8664,19.479385,20.781755,17.917265,15.7518635,10.704918,8.800598,5.350571,5.1243196,2.9779427,6.9324737,9.416163,12.466584,16.011652,11.213078,9.987909,7.017222,4.340149,0.0,4.6414776,5.656039,10.28905,13.431393,17.719505,19.43125,15.254463,14.564919,18.7286,18.77232,14.851253,15.559545,20.318153,17.228846,15.276969,19.809153,22.060825,18.963276,18.594276,24.016829,25.993217,26.965029,22.78865,24.186043,25.876411,24.628725,20.588589,16.650915,14.629667,11.982522,16.936255,19.47541,13.627713,14.18376,17.752363,20.808922,18.803976,15.007643,16.369081,14.589299,9.971534,10.519215,6.385273,4.4992194,1.8297275,5.550908,6.701637,10.605799,12.516337,12.490317,17.874857,17.215769,20.930628,24.664434,20.918419,20.358759,16.382374,20.529911,14.699581,18.116076,17.598845,18.83531,15.967715,16.334604,21.195904,20.34294,24.826433,24.940495,22.677475,21.032663,23.447475,19.090466,22.421011,24.122128,22.868246,20.595358,19.420513,15.24858,16.281559,12.335867,15.596392
28,35.261383,31.93634,30.351555,25.984041,24.478043,23.369736,20.486784,20.634207,16.020496,18.748001,15.474551,17.298513,14.729918,12.826213,9.031211,5.453296,4.7540283,4.148377,7.405095,9.466,13.265172,15.940475,20.029665,15.583817,13.816481,11.106032,6.6490135,4.6414776,0.0,4.736704,5.831992,10.541077,13.94899,15.57144,11.077776,10.006001,14.112217,14.407694,10.445506,11.048866,15.82336,13.494623,11.500516,15.770106,18.0904,16.105015,15.653721,20.410238,22.769281,23.444843,19.776472,21.775764,23.713255,22.42184,19.037077,15.837135,12.6078415,11.200496,16.395617,17.365456,10.973064,13.336109,16.632772,19.046764,16.063631,12.355402,15.096062,13.397107,8.562149,11.395636,7.6190267,8.521493,3.5285578,8.909608,7.815321,12.395474,12.904537,11.481986,16.724058,15.361219,18.767399,22.201437,18.2731,18.102869,14.505818,18.71134,13.944453,17.573175,18.161314,19.613007,17.5546,18.222494,22.878822,21.59432,25.529573,25.09306,22.070866,21.028654,22.169275,18.41098,21.06845,22.444233,21.928404,20.00894,19.720554,15.587515,17.77055,14.558555,18.538702
29,39.089394,35.704693,33.681087,29.668213,27.801924,26.216805,23.529703,22.675758,18.207962,19.969961,16.073864,17.39552,14.156657,12.8640785,6.948777,7.194229,5.925025,8.243222,8.126366,12.392256,14.895393,17.790102,20.89573,16.344734,15.522258,12.3691,9.641033,5.656039,4.736704,0.0,7.1346326,7.949372,13.013765,14.463118,11.10437,11.374663,15.579324,15.499575,12.863602,14.118244,18.295435,16.291971,15.292488,19.459463,21.198627,19.78928,19.986753,24.335066,26.530666,26.652905,22.802704,25.77222,26.940975,25.103355,22.030436,18.793924,15.928916,13.841241,18.356981,19.457458,12.862963,13.965493,16.756044,19.196026,16.303493,11.917191,13.189146,10.51162,7.045954,9.077831,4.201439,7.1187854,5.1842794,9.367134,10.485532,13.903864,15.048972,14.869714,19.578648,19.188744,22.33448,25.878876,22.290436,22.54502,19.05554,23.42711,18.538246,22.052374,22.32608,23.504572,21.01142,21.721178,26.51778,25.515152,29.690493,29.505304,26.686646,25.423477,26.678705,22.736128,25.229263,26.382757,25.470074,23.75868,22.448883,19.037329,20.377771,16.814806,20.387053
30,32.632923,29.323973,26.951485,23.285194,21.372519,19.267256,17.281212,16.1297,11.935693,14.370408,11.010977,13.589118,11.377966,10.583619,8.775346,5.610432,8.597446,9.0282755,13.103174,14.986348,19.014797,21.473383,25.588995,21.394638,19.615314,16.903181,12.306997,10.28905,5.831992,7.1346326,0.0,7.0530643,8.98556,10.118174,5.5312114,4.504528,8.622983,9.180431,6.384606,7.3286233,11.358154,10.971533,9.91686,13.165676,15.029658,15.454271,15.369226,18.442032,21.178123,21.001139,18.193014,21.594551,23.325079,21.716694,19.62953,17.623514,13.392581,13.42679,17.957159,16.786337,10.205295,14.196844,16.530218,17.838894,13.545848,10.03926,14.033955,12.314961,8.767628,13.433162,10.570569,13.4570055,9.11074,14.133635,12.597552,16.769325,16.238686,14.056073,18.27939,16.59293,19.144115,21.986214,18.201607,18.818575,16.135149,20.079397,16.983028,20.417755,22.03198,23.474123,22.112427,23.090193,27.467592,25.935017,29.252274,28.35139,24.678726,24.309822,23.954788,21.07191,22.674114,23.447256,23.728472,22.435461,22.72199,19.189632,22.018166,19.439528,23.73314
31,38.142902,34.84777,31.807493,28.86934,26.508148,23.642456,22.247362,19.465492,16.01316,16.58825,12.499715,14.196893,11.165183,11.929046,8.3405285,10.122869,12.061521,14.441835,16.045578,19.698349,22.657843,25.299643,28.42293,24.265654,23.395426,20.273777,16.922752,13.431393,10.541077,7.949372,7.0530643,0.0,7.1955047,7.1099463,6.2470994,8.68435,11.673245,11.270847,11.55366,13.35383,15.688156,15.794678,16.251234,19.1896,19.965654,21.150784,21.976725,24.430359,26.778364,25.734917,22.809095,27.537388,28.1233,25.754719,24.254293,22.295317,18.616976,17.799503,21.38051,20.19721,13.817212,16.05149,17.343573,18.302015,14.080792,9.949754,11.761276,8.69618,8.654684,12.534867,10.18038,14.684471,12.657991,16.893257,17.187538,20.420212,20.51205,19.621834,23.301565,22.731182,24.966934,27.87022,24.566988,25.634447,23.004992,27.123291,23.708141,27.023464,28.294813,29.413921,27.557358,28.663755,33.269596,32.04888,35.641354,35.037163,31.56574,30.979063,30.810238,27.681915,29.15738,29.672075,29.516594,28.458782,27.62577,24.817137,26.803385,23.824804,27.757252
32,33.909206,30.487482,26.988306,24.702885,21.765585,18.922022,17.402481,13.625538,10.91726,10.035444,6.088398,7.8591847,5.9965773,8.231174,9.718875,10.69302,14.391127,16.825241,20.184175,23.31154,27.019022,29.851305,33.608616,28.753296,27.152775,24.112316,20.430975,17.719505,13.94899,13.013765,8.98556,7.1955047,0.0,5.4576726,7.2243266,6.915813,8.271585,10.865454,12.073946,12.165276,13.9810705,17.123613,16.859837,18.003859,19.539486,22.612078,22.346016,23.45588,26.770853,25.727976,24.31593,28.577911,30.239548,28.395172,27.442213,26.113953,21.68088,22.10488,26.07487,23.751572,17.69104,21.548805,22.839,23.150478,18.108454,14.971242,18.144377,15.59458,15.041835,19.439835,16.417557,20.112165,16.359356,20.138699,19.11812,21.81657,20.616272,19.19853,21.339163,20.99234,22.10693,24.385296,21.880766,23.968079,22.40457,26.62392,24.682653,28.66971,30.47569,32.22915,30.933207,31.532295,35.94501,34.089634,37.52993,36.188885,32.16357,31.541618,29.717823,27.30591,27.46576,27.20913,27.507713,27.254816,26.762562,24.958254,27.468884,25.499998,29.853207
33,34.770985,31.700062,27.933628,26.072472,23.514189,19.622105,19.739756,15.548936,13.677322,13.515109,10.433686,12.906545,11.452031,13.506885,13.50755,14.013073,17.409903,19.054491,22.21237,24.903042,28.538021,30.957272,34.558853,30.585081,29.273777,26.320398,22.198833,19.43125,15.57144,14.463118,10.118174,7.1099463,5.4576726,0.0,5.4290705,8.226218,8.237171,8.032652,11.209855,12.69613,12.714834,15.35917,16.609201,17.81183,17.870586,21.436766,22.350609,22.855371,25.393093,23.56093,22.043684,27.529453,28.096756,25.755552,25.604517,24.87346,20.625858,21.22132,24.231583,21.118217,15.795552,19.40376,19.820484,19.409756,14.287561,11.891881,15.027923,13.21802,13.79671,18.432207,16.962387,21.370848,18.420212,22.969059,22.166037,25.572023,24.74044,22.899801,25.75139,24.585062,25.978275,28.030434,25.02839,26.56664,24.875813,28.401869,26.556255,29.594696,31.738867,32.93158,31.819803,33.1166,37.39717,35.881187,38.804253,37.718307,33.715572,33.80589,32.3436,30.171331,30.762808,30.795242,31.533411,30.969498,31.071419,28.501198,31.257288,28.904858,33.196903
34,32.685184,29.605433,26.478025,23.75775,21.686289,18.281858,17.933748,15.194802,12.250843,13.91343,10.78625,13.888314,12.160068,12.877779,12.043905,10.610394,13.872206,14.488429,18.16741,20.052713,23.933437,26.134508,30.02759,26.353931,24.844006,22.118816,17.50866,15.254463,11.077776,11.10437,5.5312114,6.2470994,7.2243266,5.4290705,0.0,4.657704,6.303701,5.1240673,6.2231183,8.359563,9.54559,10.617842,11.56448,13.680253,14.044421,16.473059,17.405867,18.807814,21.215792,19.920027,17.709412,22.721678,23.53373,21.396576,20.643562,19.659302,15.326152,15.996328,19.36155,16.605024,10.809341,15.011576,16.090826,16.237389,11.131108,8.364702,12.758353,11.451346,10.023262,15.166565,13.727798,17.687979,14.30854,19.365185,18.123056,22.162035,21.472075,19.146574,22.808327,20.943209,22.916483,25.183502,21.58153,22.471792,20.379114,23.70054,21.534206,24.286785,26.438843,27.532078,26.509995,27.957369,32.14096,30.714844,33.500935,32.544697,28.659008,28.918716,27.997309,25.719063,26.878437,27.356812,28.169735,27.169401,27.773447,24.448652,27.452236,24.963776,29.2534
35,29.508385,26.186108,23.328642,20.193338,17.949049,15.350147,13.858567,11.874967,8.122634,10.492896,7.653766,10.985213,9.826252,9.809992,10.894211,7.8720126,11.985904,12.4041395,17.254513,18.728453,23.073322,25.470186,29.825804,25.541931,23.472387,20.866423,16.140686,14.564919,10.006001,11.374663,4.504528,8.68435,6.915813,8.226218,4.657704,0.0,4.336112,6.960054,5.6786137,5.383065,8.506742,10.906756,9.983577,11.466753,13.462635,15.914953,15.435329,16.983732,20.282995,19.762005,18.156052,21.777369,23.893198,22.46804,21.233418,20.07374,15.397864,16.534042,20.719948,18.262968,12.397354,17.302109,19.103415,19.613874,14.663708,12.043722,16.674938,15.175984,12.5296335,17.520971,14.918757,17.906464,13.212275,17.871231,15.673769,19.510683,18.149508,15.399671,18.580467,16.654125,18.364212,20.58382,17.144869,18.416567,16.659237,20.330526,18.661901,22.154879,24.366049,26.030718,25.211384,26.094658,30.20446,28.346645,31.272596,29.898232,25.789286,25.741276,24.130352,22.002125,22.661299,22.916994,23.817327,23.058006,23.895452,20.897234,24.20307,22.276447,26.784285
36,26.88051,23.744946,20.35927,17.993917,15.691567,12.095349,12.148227,9.118451,6.9732733,9.263534,7.9065537,11.713346,11.747577,12.463849,14.846828,11.9983015,16.233696,16.259495,21.441753,22.392916,26.916456,29.085657,33.58915,29.586882,27.398537,24.944368,19.983929,18.7286,14.112217,15.579324,8.622983,11.673245,8.271585,8.237171,6.303701,4.336112,0.0,5.408879,6.534066,5.863831,5.9136367,10.874039,10.719669,10.391024,11.740519,16.11017,15.76883,15.579646,18.997103,17.923576,17.478638,21.534878,23.607428,22.270212,22.005033,21.744007,16.9279,18.92097,22.499327,18.86791,14.070913,19.459389,20.675367,20.40403,15.172108,13.686669,18.70343,17.729317,15.688068,20.892467,18.906458,22.075338,17.419786,22.111855,19.591385,23.41034,21.66749,18.464365,21.010769,18.622896,19.667978,21.11046,17.926285,19.39823,18.440145,21.364925,20.94327,23.954285,26.723305,28.314898,28.012905,29.083008,32.869392,30.911762,33.262444,31.622576,27.249887,27.775461,25.352592,24.027403,24.103024,24.057459,25.651196,25.201849,26.732466,23.883106,27.569937,26.007856,30.576395
