,0,1,2,3,4,5,6,7,8,9,10,11,12,13,14,15,16,17,18,19,20,21,22,23,24,25,26,27,28,29,30,31,32,33,34,35,36,37,38,39,40,41,42,43,44,45,46,47,48,49,50,51,52,53,54,55,56,57,58,59,60,61,62,63,64,65,66,67,68,69,70,71,72,73,74,75,76,77,78,79,80,81,82,83,84,85,86,87,88,89,90,91,92,93,94,95,96,97,98,99,100,101,102,103,104,105,106,107,108,109
0,0.0,4.3459597,6.6755323,9.0878105,12.300685,14.658944,17.817509,20.634748,23.974745,26.870443,30.367798,34.396313,33.03528,31.28007,26.190632,25.567457,21.169636,21.642973,16.70152,17.504745,16.719852,16.427038,19.242931,21.166925,24.16041,24.01523,22.495571,21.963522,23.396942,22.125618,26.629786,25.426435,31.07937,31.465214,35.152164,38.411102,34.76814,34.384777,27.841074,30.32852,26.285221,28.46407,25.422136,26.229342,26.515676,26.551407,28.305704,29.884884,30.034601,32.899776,32.176376,31.367704,35.799805,37.431175,35.56232,38.78526,38.634933,36.1774,38.138313,34.275375,36.214424,30.786331,32.32955,29.528564,30.645264,29.558645,27.650673,31.002218,33.311146,32.560425,33.930042,31.075563,34.500336,30.520048,35.06932,30.616224,34.796562,31.38937,31.421143,32.93859,27.906109,31.709694,28.48541,24.3536,20.435461,17.75699,13.846468,14.010441,9.613834,12.092129,12.878551,15.782971,19.407125,21.747818,22.420488,23.075312,18.52688,20.819195,25.584547,25.716282,21.937202,21.147106,20.694149,24.185232,24.324255,27.974432,26.680845,31.38633,32.3897,36.08142
1,4.3459597,0.0,5.3480844,6.5806684,9.2720375,12.606437,15.038312,18.758959,21.809357,24.747799,28.401005,32.376675,31.64808,30.137383,25.12468,24.040438,19.953732,19.686476,15.61247,15.330979,15.380852,14.674058,18.327799,19.76226,22.20634,22.480425,20.274817,20.693956,21.419113,21.473585,25.384212,24.962275,30.121626,31.276588,34.86146,38.398293,35.08115,34.728863,28.122972,30.107824,26.265614,27.624107,24.561625,24.664734,24.971796,24.341967,26.514753,27.515038,27.29397,30.66907,30.202261,29.934845,34.520023,36.414417,34.803387,38.157158,37.39418,35.085262,36.31448,32.54359,33.889935,28.501032,29.491367,26.416319,27.30724,25.80615,23.837975,27.042376,29.560709,28.828506,30.485495,27.825521,31.586576,27.923609,32.666225,28.684292,33.00507,30.295305,30.726265,32.833755,27.98343,32.359688,29.614252,25.583944,21.653248,18.68596,15.189127,13.466013,8.326438,9.398098,10.151615,12.416664,16.545523,18.196484,18.60036,19.600945,14.763435,16.67512,21.643806,22.219769,18.672281,17.409868,16.913378,20.745632,20.98448,24.984459,24.077538,28.853271,30.310282,33.74543
2,6.6755323,5.3480844,0.0,5.3220515,7.012353,8.711531,12.168413,14.408266,18.21357,20.679174,24.655773,28.290966,27.366867,26.05782,20.670023,20.446976,16.275166,17.033371,12.839454,14.757952,15.557396,16.065722,19.843094,22.133928,24.464464,23.869698,20.829002,20.858797,20.36995,19.338087,22.993855,21.487686,26.902502,27.368914,31.464018,34.768696,31.27353,31.386606,24.8124,27.200336,23.851316,25.341547,23.471811,23.774633,24.996994,24.509558,28.060835,29.21933,28.3519,31.630186,30.259533,30.363329,34.69827,36.191147,33.87928,36.654324,35.870934,32.978283,34.432888,30.26765,31.837347,26.29698,27.205965,24.608097,25.024008,24.716026,22.213058,25.978907,27.933666,27.573624,28.836966,26.673635,30.161057,26.522173,31.393099,27.166891,32.069977,28.760414,29.573738,31.069284,26.699436,31.05886,28.206585,24.399979,20.387678,17.936243,13.529525,12.758214,8.246946,10.095828,12.628977,15.054367,18.633734,20.559849,20.180387,20.586409,15.312093,17.283182,22.206158,22.005934,17.665522,16.17871,15.239378,18.314713,18.881521,21.926561,21.435892,25.935625,27.308414,31.088472
3,9.0878105,6.5806684,5.3220515,0.0,3.771805,6.8003583,8.988282,13.085767,15.503213,18.806906,22.039177,26.297098,25.474792,23.858595,19.174719,17.572021,13.627788,13.109259,9.371931,9.583407,10.662746,11.095034,15.232376,17.450718,19.496885,18.81805,15.528597,15.912595,15.424517,15.563448,19.022297,18.903034,23.730059,25.371138,28.795649,32.50032,29.498457,29.151455,22.59762,24.182556,20.67057,21.484104,19.0124,18.89819,19.913013,19.234932,22.905384,23.992752,23.063072,26.318317,25.042501,25.264788,29.675446,31.35174,29.371737,32.443073,31.37593,28.864363,29.9768,26.078384,27.49458,22.044697,23.26779,20.45667,21.71936,20.8859,19.316584,22.714912,24.683472,23.831884,24.942928,22.159542,25.590631,21.79585,26.583103,22.472794,27.154696,24.339684,25.202078,27.357079,22.95831,27.77128,25.491035,21.793005,17.943884,15.105445,11.931593,8.724076,4.0826397,4.9160995,8.133773,10.704824,13.662107,16.08107,15.73247,15.641282,10.772538,13.615873,17.909542,17.260653,13.053417,12.621434,12.682443,15.686611,15.39703,19.257853,17.701426,22.477655,23.757462,27.256664
4,12.300685,9.2720375,7.012353,3.771805,0.0,4.5357943,5.7797847,10.390747,12.787803,15.827284,19.43633,23.397186,23.186857,21.993196,17.281248,15.690102,12.269802,11.440656,9.251602,9.53405,12.017792,12.657159,17.147194,19.16618,20.564482,19.88976,15.649847,16.785156,14.78605,15.756989,18.218534,18.301783,22.595064,24.572594,28.113745,31.874134,29.119162,29.06393,22.668036,23.959585,21.041636,21.097214,19.398512,18.675943,20.201561,18.934584,23.6259,24.204733,22.579187,26.213476,24.736732,25.67627,29.98452,31.658926,29.59376,32.419075,30.791857,28.140596,28.623465,24.636755,25.517267,20.062883,20.54516,17.710285,18.362408,17.834757,15.813296,19.44376,21.292404,20.70645,21.907204,19.696852,23.341932,19.972704,25.00911,21.341457,26.42701,24.040195,25.470547,27.767904,23.913532,29.009232,27.093124,23.702065,20.002625,17.398048,14.385967,10.713322,7.1901035,6.3704004,9.867784,11.35191,14.16143,15.78765,14.627253,14.53995,9.217248,11.470601,15.840797,15.1939125,10.733954,9.417557,9.126551,12.023093,12.079186,15.796656,15.033527,19.710876,21.486097,24.886978
5,14.658944,12.606437,8.711531,6.8003583,4.5357943,0.0,4.4208865,6.2964993,9.502848,12.26156,15.993736,19.835724,19.147482,17.988455,12.9348345,12.12689,8.538277,9.184225,7.0526834,10.365455,13.043731,14.827866,18.790024,21.530516,22.95968,21.42902,16.934837,17.292803,14.339521,13.76566,15.886014,14.770067,19.305532,20.621656,24.578941,28.125154,25.247543,25.567146,19.28579,20.899868,18.533978,18.753683,18.374588,18.045181,20.43494,19.605383,25.22003,26.136204,24.156181,27.342428,24.95862,26.051376,29.96362,31.158693,28.413048,30.62189,29.123854,25.909224,26.810581,22.451448,23.781538,18.240734,18.972519,16.902666,17.340876,18.33456,16.156963,20.15862,21.191154,20.88653,21.395279,19.55999,22.579077,19.149809,24.081367,20.060482,25.563866,22.441584,24.147018,25.729893,22.427477,27.345444,25.397451,22.347162,18.78526,16.830185,13.482882,11.0012045,9.173558,9.5309725,13.484176,15.266943,17.21011,19.301077,17.819515,16.996609,12.255667,14.551052,18.168978,16.47178,11.487927,10.725628,10.302312,11.493423,11.589639,13.856109,13.052284,17.342257,18.756382,22.596111
6,17.817509,15.038312,12.168413,8.988282,5.7797847,4.4208865,0.0,6.442898,7.298484,10.538076,13.896165,17.899042,18.121695,17.211597,13.084933,10.901822,8.686589,7.1877275,8.108047,9.041191,12.820112,14.316407,18.509136,20.723711,21.386187,20.056923,14.84736,16.27367,12.125765,13.739991,14.541479,15.11532,18.322952,20.988253,24.334852,28.181007,25.968737,26.128157,20.221401,20.842482,18.889257,17.822884,17.489134,16.167875,18.640785,17.044636,23.301977,23.62388,21.084589,24.6085,22.340658,24.13291,28.002792,29.412865,27.035372,29.335724,27.102022,24.214191,24.105453,19.991377,20.494713,15.070663,15.119504,12.701601,13.200212,13.947387,12.149124,15.977213,16.959023,16.498335,17.060646,15.311278,18.616354,15.580657,20.700962,17.389181,22.961088,20.872751,23.047949,25.34791,22.474304,27.795414,26.552269,23.815792,20.593859,18.530897,16.281147,12.246228,11.032984,9.718454,13.332231,14.139726,15.452883,16.946955,14.907479,13.824351,9.540253,11.558251,14.415997,12.45821,7.5174665,6.8151765,7.09577,7.6829424,7.2361045,10.311848,9.489255,14.009843,16.030653,19.405144
7,20.634748,18.758959,14.408266,13.085767,10.390747,6.2964993,6.442898,0.0,5.321676,6.3906865,10.832644,13.904958,13.503423,13.12858,7.9076605,8.54256,6.8450503,8.809027,9.631141,13.959977,17.182617,19.526518,23.12088,26.029743,26.95642,24.912535,19.885109,20.231592,15.62424,14.631901,14.870069,12.878966,16.361725,17.324486,21.626566,24.872784,22.34648,23.382433,17.902096,19.283537,18.411674,17.861757,19.57757,19.028484,22.372023,21.460342,28.259857,28.985851,26.260088,29.216795,26.010967,27.82346,31.117416,31.848034,28.548351,29.837347,27.919682,24.15905,24.718325,20.11652,21.222612,16.026255,16.072027,15.161787,14.577392,17.639536,15.170541,19.333694,19.20351,19.50044,19.241777,18.59711,20.886168,18.160767,22.83207,19.256454,25.173124,22.025114,24.457678,25.457636,23.437613,28.185337,26.712198,24.434895,21.420143,20.278683,17.329155,15.48249,15.058001,15.160191,19.088234,20.398659,21.596663,23.3669,21.233908,19.920588,15.960943,17.584488,20.153732,17.698704,12.945026,12.196314,11.538303,10.1394415,10.6117935,10.054652,10.461041,13.456351,14.954353,18.97361
8,23.974745,21.809357,18.21357,15.503213,12.787803,9.502848,7.298484,5.321676,0.0,4.430766,6.652141,10.986336,10.98038,10.375609,7.414875,4.9638762,6.0551996,5.881409,9.92506,12.794014,16.40045,18.876143,22.087254,24.805569,25.110884,22.78151,17.47225,18.1413,12.4282255,12.794667,11.243414,11.212702,12.795474,15.618187,18.879183,22.527199,20.916069,21.564138,16.7097,16.750118,16.513756,14.511757,16.804321,15.562213,19.256691,18.104599,25.548737,26.061493,22.900957,25.572065,22.00509,24.380236,27.30472,27.970772,24.80354,25.951174,23.41827,19.851086,19.677618,15.1952715,15.925478,10.832682,10.988504,10.623015,10.96882,14.591629,13.505165,17.012255,16.22331,16.099337,15.042296,14.184915,15.850818,13.298211,17.773003,14.622111,20.585701,18.118275,21.054344,22.54161,21.241625,26.237198,25.631847,23.89162,21.447248,20.42933,18.837385,15.855323,16.649094,15.967716,19.586937,20.450535,20.487537,22.301004,19.96035,17.901766,15.33805,17.137268,18.178402,14.725897,10.57666,11.415453,11.955242,9.172881,8.168301,7.088837,5.44527,8.326548,9.82111,13.729818
9,26.870443,24.747799,20.679174,18.806906,15.827284,12.26156,10.538076,6.3906865,4.430766,0.0,5.536015,7.6840153,8.820781,9.743077,6.9448223,7.341094,9.286181,10.255114,13.823394,17.172146,20.782015,23.230259,26.506325,29.209772,29.434296,27.16326,21.791655,22.519863,16.677204,16.603031,14.586174,13.475244,14.380866,16.199364,19.845648,22.943483,21.461094,22.81176,18.663174,18.922878,19.539091,17.570532,20.759485,19.578035,23.425009,22.194105,29.792149,30.110577,26.701382,29.418804,25.730284,28.36954,31.002707,31.449888,28.05904,28.613052,25.934893,22.101318,21.637434,17.240276,17.518047,13.241791,12.161256,12.674158,11.267429,16.164074,14.264512,17.845476,16.409119,17.089638,15.877791,16.470291,17.814453,16.231277,20.302532,17.821886,23.69701,21.340252,24.4891,25.45792,24.766071,29.43573,28.827723,27.336712,24.9878,24.26357,22.263605,19.961056,20.430195,19.88541,23.564257,24.277288,24.610178,25.97126,23.361496,21.583628,18.847687,19.936815,21.02786,17.946257,14.212398,13.993574,13.765036,10.186415,10.34099,6.6291013,8.193908,8.807914,10.676257,14.291205
10,30.367798,28.401005,24.655773,22.039177,19.43633,15.993736,13.896165,10.832644,6.652141,5.536015,0.0,5.491752,5.7257395,6.2738085,7.540279,6.045427,10.21121,10.537557,15.1938925,18.070032,21.37109,24.111616,26.628626,29.405062,29.313623,26.517477,21.43685,21.789326,15.647102,15.567023,11.952534,11.878767,10.34968,13.442983,15.889411,19.086357,18.600555,19.69291,16.705791,15.782383,17.464016,14.500114,18.814135,17.561735,21.72054,20.831976,28.654884,29.12709,25.584658,27.504189,23.192081,26.050663,27.963936,27.989304,24.41683,24.359251,21.424776,17.5278,16.864143,12.592043,13.110683,9.736819,9.623485,11.713932,11.802414,17.011606,16.747192,19.406296,17.25199,17.398943,15.000186,15.234628,15.004883,13.6625395,16.686502,14.526618,20.031343,17.844496,21.320454,22.10728,22.501755,26.908503,27.075869,26.324991,24.708433,24.438568,23.546267,21.116932,22.804281,22.197927,25.6522,26.365406,25.656773,27.439922,24.945545,22.446167,21.018896,22.547993,22.387224,18.36833,15.43373,16.81315,17.497272,13.605766,12.4975605,8.865404,7.48246,5.6822243,5.7924695,9.559551
11,34.396313,32.376675,28.290966,26.297098,23.397186,19.835724,17.899042,13.904958,10.986336,7.6840153,5.491752,0.0,5.624568,8.747586,10.409224,11.199313,14.974355,15.807122,20.150917,23.25769,26.70588,29.349306,32.052513,34.740444,34.52673,31.891954,26.687656,27.26257,21.040125,20.892933,17.255854,16.398214,14.473486,16.219818,18.752277,21.054165,20.909763,22.72608,20.670053,19.986237,22.30032,19.49741,24.209541,22.9257,27.066576,25.978647,33.870308,34.056282,30.267124,32.31697,28.067257,31.196165,32.841393,32.711597,29.0923,28.46107,25.370275,21.483248,20.314224,16.615055,16.31121,14.2541275,12.6207485,15.196858,13.540385,19.53867,18.59659,21.080132,18.3008,19.28138,16.858728,18.661171,18.237494,18.071396,20.589743,19.380407,24.51976,22.728743,26.289503,26.662865,27.577751,31.639227,31.820518,31.269234,29.699316,29.59222,28.302238,26.266487,27.539885,26.928747,30.447823,30.957327,30.559673,31.83347,29.061157,26.878353,25.250446,26.106703,25.97719,22.434778,19.840237,20.260593,20.343761,16.005243,15.811117,10.715249,12.062216,9.004856,9.729579,11.935738
12,33.03528,31.64808,27.366867,25.474792,23.186857,19.147482,18.121695,13.503423,10.98038,8.820781,5.7257395,5.624568,0.0,3.7429986,7.090541,8.941329,12.585789,14.673196,18.054855,22.325577,25.104094,28.228987,30.362656,33.606163,33.88917,30.67906,26.02648,25.51648,19.94543,17.857395,14.614502,12.161458,10.526486,10.776399,13.819257,15.9022045,15.367224,17.411936,15.6885395,15.438935,18.167933,16.199684,21.597591,21.26962,25.590366,25.411581,33.026604,33.9652,30.651972,32.060165,27.312086,29.733915,31.173273,30.592737,26.352602,25.332373,23.200405,18.732382,19.32719,15.185796,16.77007,14.3024645,14.905874,17.381031,17.193878,22.658995,22.009365,24.824974,22.47747,22.904621,20.365854,20.798384,19.97174,18.614792,20.860157,18.35942,23.403913,20.165228,23.35442,22.736538,23.87938,27.388628,27.373142,27.123552,25.860632,26.296028,25.145296,24.136549,26.122526,26.263844,29.945143,31.122175,30.53788,32.716843,30.364382,27.844437,26.132408,27.830105,28.02301,23.98689,20.784443,22.00765,22.324402,18.581242,17.919405,13.915392,13.06654,11.023185,9.683675,13.030357
13,31.28007,30.137383,26.05782,23.858595,21.993196,17.988455,17.211597,13.12858,10.375609,9.743077,6.2738085,8.747586,3.7429986,0.0,6.0032487,6.804764,10.363087,12.653939,15.6498575,20.107706,22.457296,25.775772,27.50883,30.9567,31.433651,27.943686,23.668701,22.610498,17.477854,14.571299,11.466553,8.646956,7.082392,7.5532503,10.683556,13.342261,12.536501,14.14342,12.088064,11.735629,14.463937,12.735444,18.308554,18.426039,22.756166,23.060146,30.416883,31.744652,28.747662,29.782888,24.859232,26.86963,28.274408,27.570307,23.136997,22.208023,20.534683,15.883205,17.441711,13.037635,15.706214,12.839213,14.850033,17.064327,17.985493,22.841675,22.655235,25.483389,23.475342,23.41297,20.852211,20.279442,19.310217,17.167131,19.309643,16.01237,20.97309,17.013796,19.98353,19.139557,20.217155,23.659048,23.64832,23.491394,22.410881,23.021269,22.269115,21.4492,23.983309,24.377453,27.992575,29.458761,28.591488,31.285543,29.236603,26.471989,24.969189,27.201893,27.37224,23.033442,19.678755,21.60967,22.290886,18.98871,17.813086,14.844842,12.371786,11.190928,8.854439,12.757714
14,26.190632,25.12468,20.670023,19.174719,17.281248,12.9348345,13.084933,7.9076605,7.414875,6.9448223,7.540279,10.409224,7.090541,6.0032487,0.0,5.61319,6.737851,10.509816,12.076714,17.590809,20.083391,23.279669,25.68452,29.217081,30.150917,27.062794,22.55133,21.645138,16.85758,13.571457,12.449723,8.27728,10.763322,10.127486,14.800534,17.51095,15.185447,16.835377,12.655499,14.014041,14.940959,14.484159,18.594776,18.867466,22.94604,23.023672,30.17472,31.506748,28.732504,30.510283,26.151497,27.84476,30.129585,29.940271,25.728624,25.737526,24.32784,19.83776,21.481363,16.736814,19.087908,14.800886,16.218515,17.15249,17.40757,21.810886,20.518578,24.094162,22.823298,22.985626,21.345285,20.683426,21.136913,18.437525,21.8529,17.952723,23.548433,19.322285,21.90654,21.454828,20.964375,24.847422,23.811089,22.659422,20.641827,20.763985,18.744444,18.296026,19.868376,20.619778,24.518126,26.223965,26.284615,28.874516,26.87567,24.661154,21.966465,24.137596,25.49127,21.816896,17.57411,18.53595,18.621563,16.03569,15.547369,13.1898,11.785246,12.588957,11.941195,16.345692
15,25.567457,24.040438,20.446976,17.572021,15.690102,12.12689,10.901822,8.54256,4.9638762,7.341094,6.045427,11.199313,8.941329,6.804764,5.61319,0.0,4.588975,5.895028,9.566031,13.451184,16.178461,19.296537,21.538189,24.789265,25.310305,22.180323,17.53205,16.960583,11.597336,9.846501,7.5768948,6.7408795,7.994699,10.973426,13.966664,17.72192,16.230005,16.677135,12.166682,11.904143,12.30997,10.348336,14.000765,13.593153,17.733751,17.596512,24.95912,26.15349,23.287424,24.960793,20.613935,22.56331,24.932924,25.022173,21.236944,21.843567,19.863834,15.818216,16.869396,12.102107,14.388287,9.587967,11.951496,12.645185,14.367745,18.032406,17.926239,20.97804,19.845284,19.317347,17.471527,15.844525,16.15498,12.993728,16.53257,12.4860325,18.234566,14.5925665,17.474802,18.17728,17.51435,22.126226,21.765062,20.599653,18.744625,18.430923,17.592827,15.458987,17.685238,17.691786,21.258705,22.654955,21.935875,24.650183,22.722551,20.055979,18.299017,20.825321,21.322922,17.116407,13.27308,15.504424,16.522303,13.946622,12.311048,11.21401,7.3039894,8.9576025,8.011692,12.4975395
16,21.169636,19.953732,16.275166,13.627788,12.269802,8.538277,8.686589,6.8450503,6.0551996,9.286181,10.21121,14.974355,12.585789,10.363087,6.737851,4.588975,0.0,4.959191,5.4963255,11.048345,13.360292,16.572353,19.031683,22.565918,23.70989,20.712372,16.366474,15.341167,11.172553,8.098231,8.731795,6.570108,10.873856,12.448082,16.090797,19.75129,17.305023,17.551651,11.755103,12.810288,11.5892315,11.346116,13.373044,13.662335,17.310034,17.47889,24.143124,25.690252,23.385265,25.2748,21.386936,22.601639,25.545946,25.883698,22.211836,23.45374,22.177834,18.321756,20.110289,15.430609,18.010609,12.762762,15.241954,14.840941,16.577578,19.252232,18.614681,22.081041,21.736462,21.118847,20.003658,17.821655,18.993492,15.202718,19.208733,14.498488,20.11493,15.878448,18.000132,18.675436,16.699217,21.388859,20.171524,18.245382,15.715107,15.06127,13.416312,11.7278,13.651048,14.331248,18.117886,20.067072,19.947699,23.051193,21.503498,19.17838,16.556091,19.502777,21.014252,17.320198,12.746112,14.645046,15.430892,14.100875,12.769004,13.095939,9.61661,12.754961,12.345481,16.703293
17,21.642973,19.686476,17.033371,13.109259,11.440656,9.184225,7.1877275,8.809027,5.881409,10.255114,10.537557,15.807122,14.673196,12.653939,10.509816,5.895028,4.959191,0.0,5.982362,7.6666393,10.904825,13.670717,16.412315,19.33361,19.8429,17.140108,12.176272,12.287585,6.971568,7.8273945,7.3679757,9.44876,11.709869,15.573426,17.925854,22.072916,20.437906,20.047873,14.619348,14.211784,12.649101,10.7282295,11.3609705,10.245557,13.723446,13.074069,20.159203,21.221369,18.622816,20.860674,17.322903,19.0723,22.319965,23.189293,20.294374,22.247332,20.154531,17.081675,17.64122,13.353344,15.0404415,9.50346,11.985149,10.80968,13.609325,15.256775,15.600326,18.51758,18.430601,17.268736,16.274803,13.341011,14.907588,10.892093,15.370014,11.039794,16.756037,13.901906,16.32608,18.493027,16.331081,21.692564,21.18536,19.217184,16.830294,15.487136,14.962063,10.964942,12.925967,12.235973,15.569825,16.850916,16.06528,18.9375,17.272366,14.60877,12.841507,15.919884,16.598555,12.553851,8.303386,11.39208,13.085274,11.84385,9.520782,11.364382,6.4139433,10.638399,10.855171,14.538497
18,16.70152,15.61247,12.839454,9.371931,9.251602,7.0526834,8.108047,9.631141,9.92506,13.823394,15.1938925,20.150917,18.054855,15.6498575,12.076714,9.566031,5.4963255,5.982362,0.0,7.0942726,8.545971,11.717602,14.311612,17.953056,19.652086,16.91047,13.159931,11.791419,9.608372,6.864079,10.232905,9.678596,14.5369625,16.3888,19.45297,23.26153,20.57587,20.067276,13.672691,14.884972,11.8235655,12.527943,11.747683,12.383626,14.976223,15.384505,20.879688,22.751474,21.212618,23.213568,20.102522,20.50762,24.10727,24.92922,21.877687,24.142164,23.312002,20.174307,22.188168,17.944763,20.532501,15.136273,17.958534,16.472593,18.89698,19.916233,19.531763,22.84574,23.402094,22.320688,21.871662,18.707668,20.558733,16.187521,20.378012,15.337097,20.374666,16.261108,17.49371,18.89214,15.379908,20.331743,18.620588,15.79043,12.588922,10.935957,9.212575,6.3350697,8.424872,9.592554,13.261595,15.787968,15.879658,19.582657,18.714075,16.615885,13.761084,17.404675,19.471325,16.302227,11.672892,13.898831,14.999081,15.287648,13.746143,16.081877,12.25057,16.44406,16.307047,20.240332
19,17.504745,15.330979,14.757952,9.583407,9.53405,10.365455,9.041191,13.959977,12.794014,17.172146,18.070032,23.25769,22.325577,20.107706,17.590809,13.451184,11.048345,7.6666393,7.0942726,0.0,4.3413587,6.1104445,9.698915,12.164025,13.125648,11.180838,6.692339,7.5352974,6.1325626,9.488414,11.755809,14.8635235,17.782354,21.634335,23.420681,27.66776,25.819822,24.637182,18.791147,18.496887,15.1543865,14.218629,10.820266,9.625885,10.670456,9.847837,14.869942,16.138014,14.741927,17.389315,15.523373,16.157928,20.465122,22.249619,20.661652,24.067398,22.46298,20.659529,21.265032,17.97255,19.387104,14.381473,16.873482,14.245187,17.71373,16.57968,17.488947,19.811853,21.107777,19.261202,19.380947,15.159518,17.70602,13.348001,17.63186,13.502805,17.713495,15.7365055,16.832407,20.193556,16.288536,21.813095,21.002892,18.13561,15.338454,12.659973,12.93858,6.522198,8.016487,6.202962,8.510265,10.123288,9.034672,12.982694,12.494179,10.063973,8.592998,12.860408,14.003808,11.071921,7.6383276,11.243618,13.514923,14.701444,12.327916,16.660154,12.286882,16.972397,17.486202,20.296604
20,16.719852,15.380852,15.557396,10.662746,12.017792,13.043731,12.820112,17.182617,16.40045,20.782015,21.37109,26.70588,25.104094,22.457296,20.083391,16.178461,13.360292,10.904825,8.545971,4.3413587,0.0,3.7695,5.942004,9.422251,11.492971,9.010879,6.9484944,5.3719974,8.032443,9.413175,13.064635,15.8524065,19.21604,22.601414,24.04109,28.159388,26.134094,24.490906,18.674925,18.5871,14.4616165,14.615948,9.820102,9.93512,9.81248,10.452176,13.404669,15.717579,15.5279,17.235828,15.630696,14.918902,19.30373,21.04277,19.62895,23.408789,22.698616,21.21343,22.76081,19.775135,21.923317,17.266127,20.54258,18.158852,21.954096,20.660013,21.760946,23.938194,25.317472,23.314552,23.330734,18.737883,20.791727,16.16728,19.707705,15.144794,18.374655,15.769813,15.8273735,19.034416,14.308764,19.472929,18.373978,15.197748,12.464828,9.418156,10.840902,4.4194984,7.5060043,7.1049843,8.256732,10.859136,9.313538,14.322087,14.838876,12.54913,11.734102,16.1239,17.273184,14.60463,11.83451,15.362091,17.50151,18.984283,16.668648,20.869081,16.146242,20.611052,20.486242,23.301836
21,16.427038,14.674058,16.065722,11.095034,12.657159,14.827866,14.316407,19.526518,18.876143,23.230259,24.111616,29.349306,28.228987,25.775772,23.279669,19.296537,16.572353,13.670717,11.717602,6.1104445,3.7695,0.0,4.8790526,6.7119765,8.8553505,7.883034,6.6371083,6.9772525,10.241709,13.116974,16.33695,19.537167,22.644968,26.304491,27.647942,31.818707,29.887974,28.191738,22.438114,22.213108,18.109196,17.96789,12.73945,12.174938,10.941241,10.771385,12.099259,13.935258,14.311834,16.525463,16.183382,15.402643,20.091566,22.351849,21.772793,25.945435,24.995823,24.038017,24.971552,22.373884,23.900522,19.467096,22.190311,19.310675,23.018072,20.72423,21.977804,23.771812,25.66182,23.50391,24.036228,19.34866,21.891516,17.618296,21.142288,17.294107,20.004019,18.45296,18.385801,22.100533,17.316559,22.322254,21.339819,18.082018,15.429604,12.135983,13.459833,7.2303295,8.195846,6.5842667,5.7585087,7.978194,6.2092147,11.42855,12.643365,10.907957,10.553122,14.780708,15.950428,14.225489,12.321249,15.452201,17.664795,19.826982,17.613823,22.448854,18.179369,22.763033,23.089474,25.53614
22,19.242931,18.327799,19.843094,15.232376,17.147194,18.790024,18.509136,23.12088,22.087254,26.506325,26.628626,32.052513,30.362656,27.50883,25.68452,21.538189,19.031683,16.412315,14.311612,9.698915,5.942004,4.8790526,0.0,4.575989,7.7672534,5.456419,7.9070015,5.8173714,11.727429,13.562897,17.03262,20.50504,23.281494,26.913305,27.495575,31.534554,29.816376,27.576042,22.366364,21.823696,17.451586,17.74589,11.6064625,11.960446,9.567855,11.002195,9.95085,13.159947,14.712841,15.351188,15.076875,12.884506,17.337849,19.495066,19.318943,23.804947,23.631954,23.23196,24.872072,22.812473,24.950876,21.105532,24.691633,22.253983,26.560755,24.410767,26.224867,27.747585,29.376274,26.98136,27.072803,21.968946,23.676481,19.223017,21.758919,17.72605,19.188723,17.411367,16.358425,20.076653,15.021053,19.432697,18.737406,15.736377,13.901986,10.9057045,14.026591,9.0890665,11.673741,11.193527,10.09834,12.213714,9.442193,14.791805,16.475037,14.359596,15.176843,19.352686,19.767193,17.592598,16.233202,19.96931,22.341257,24.12391,21.61963,26.146889,21.131226,25.332058,24.925005,27.168266
23,21.166925,19.76226,22.133928,17.450718,19.16618,21.530516,20.723711,26.029743,24.805569,29.209772,29.405062,34.740444,33.606163,30.9567,29.217081,24.789265,22.565918,19.33361,17.953056,12.164025,9.422251,6.7119765,4.575989,0.0,4.0469656,4.9636974,8.605693,8.874956,14.107147,17.584595,20.35699,24.50641,26.77315,30.94354,31.310156,35.457905,34.008305,31.722652,26.666119,25.767376,21.627268,21.26027,15.045281,14.422046,11.193627,11.495036,8.013265,10.438821,12.930052,13.889374,15.303971,13.291322,17.840017,20.625563,21.54471,26.34479,25.692108,25.954462,26.704933,25.180668,26.542252,23.10776,26.132067,23.317757,27.627344,24.51197,26.722862,27.646072,29.655819,27.051003,27.545986,22.369713,24.37605,20.441565,22.759449,19.70634,20.50366,20.167933,19.224003,23.562765,18.849808,23.146282,22.864002,20.061037,18.417902,15.417161,18.269434,13.001563,14.401777,12.905339,10.512545,11.346034,7.894093,12.580217,14.965178,13.3305435,15.231345,18.899849,18.770432,17.443235,17.24108,20.753956,23.27315,25.410759,22.898396,27.897697,23.199291,27.37005,27.373758,29.099554
24,24.16041,22.20634,24.464464,19.496885,20.564482,22.95968,21.386187,26.95642,25.110884,29.434296,29.313623,34.52673,33.88917,31.433651,30.150917,25.310305,23.70989,19.8429,19.652086,13.125648,11.492971,8.8553505,7.7672534,4.0469656,0.0,4.729738,7.886824,9.92008,14.005548,19.013514,20.761263,25.776236,27.193624,32.078144,32.084946,36.362144,35.364574,33.069828,28.317484,26.827194,23.15281,21.83516,15.85614,14.217644,10.656688,9.841434,5.419045,6.5829897,9.420441,10.696336,13.203322,11.946448,16.46223,19.682709,21.297176,26.175653,24.81859,25.595982,25.393303,24.388374,25.02116,22.137774,24.765066,21.87662,26.351755,22.718306,25.563265,25.864187,27.863369,25.039494,25.571411,20.331741,22.274141,18.867023,20.819012,18.730274,18.995926,20.033335,19.483564,24.435045,20.353165,24.86503,25.21961,22.812567,21.403046,18.56253,21.445417,15.625094,16.952759,14.648371,12.269835,11.872433,7.3889184,11.067776,13.385446,11.531078,14.873778,18.086033,16.833645,15.618775,16.566833,20.28839,23.088547,24.96399,22.251451,27.33098,22.678408,26.546007,26.760658,27.898878
25,24.01523,22.480425,23.869698,18.81805,19.88976,21.42902,20.056923,24.912535,22.78151,27.16326,26.517477,31.891954,30.67906,27.943686,27.062794,22.180323,20.712372,17.140108,16.91047,11.180838,9.010879,7.883034,5.456419,4.9636974,4.729738,0.0,5.844516,5.7708755,10.871268,15.03722,16.855297,21.889101,23.186687,27.962547,27.700417,31.90961,30.981777,28.536476,24.028645,22.383963,18.712997,17.522877,11.341352,10.234428,6.4831557,7.303793,4.6242795,8.091401,9.95333,9.945174,10.470438,8.505863,13.20261,16.00326,16.966473,21.791903,20.842966,21.393816,21.973137,20.805676,22.246994,19.313435,22.824953,20.484703,25.341583,22.71234,25.55771,26.27467,27.706638,24.940174,24.802166,19.375834,20.597046,16.597534,18.29616,15.330185,15.601788,15.696246,14.890412,19.725056,15.655601,20.23324,20.773914,18.63817,17.569805,15.096382,18.620974,13.132663,15.825715,14.240442,13.00264,13.672513,9.270314,13.945295,15.490101,12.737776,15.56819,19.37285,18.194958,15.669501,15.783079,20.195807,23.058924,24.303244,21.351112,25.888285,20.52158,24.205006,23.770807,25.157747
26,22.495571,20.274817,20.829002,15.528597,15.649847,16.934837,14.84736,19.885109,17.47225,21.791655,21.43685,26.687656,26.02648,23.668701,22.55133,17.53205,16.366474,12.176272,13.159931,6.692339,6.9484944,6.6371083,7.9070015,8.605693,7.886824,5.844516,0.0,5.208875,6.2416234,12.450301,13.420926,18.667526,19.858286,24.96428,25.32161,29.717299,28.742643,26.86709,21.961868,20.363607,17.202133,15.14627,10.196389,7.633346,6.119284,4.2417955,8.464739,9.596759,8.632721,10.851936,10.0416975,10.6375675,15.260219,17.784771,17.70035,21.912119,19.924248,19.617239,19.364782,17.461063,18.294394,14.654337,17.546614,14.918492,19.583218,17.181595,19.85551,20.808926,22.124996,19.508894,19.427378,14.179087,16.053753,11.94706,14.921529,11.911049,14.101882,14.2599535,14.9051285,19.678873,16.112638,21.527872,21.883924,19.635595,17.889154,15.346953,17.601934,11.2338915,13.431321,11.045896,10.966943,11.205191,7.1456437,11.393157,11.703502,8.323644,10.832478,14.683992,13.485255,10.296892,10.0006695,14.659976,17.634829,18.540668,15.5224905,20.100224,14.9797945,18.900627,19.055023,20.61882
27,21.963522,20.693956,20.858797,15.912595,16.785156,17.292803,16.27367,20.231592,18.1413,22.519863,21.789326,27.26257,25.51648,22.610498,21.645138,16.960583,15.341167,12.287585,11.791419,7.5352974,5.3719974,6.9772525,5.8173714,8.874956,9.92008,5.7708755,5.208875,0.0,6.6020484,9.270671,11.624923,16.162708,17.962269,22.34064,22.490269,26.703817,25.477575,23.247543,18.405628,17.05448,13.261229,12.391804,6.35312,6.159339,4.7071958,6.8818808,9.608071,12.650059,12.693225,13.003891,10.869253,9.639933,13.93857,15.734616,14.79974,19.008991,18.285587,17.633724,19.155333,17.000996,19.351652,15.651897,19.775034,17.905956,22.639133,21.32229,23.571938,25.058613,25.990517,23.574137,22.962673,17.802624,18.775146,14.092139,16.426586,11.999959,13.882754,11.862472,11.490687,15.663067,11.379375,16.641115,16.776972,14.539589,13.138665,10.918982,14.248943,8.94874,12.865644,12.102111,12.567316,14.235775,10.873136,15.893181,16.48506,13.336128,14.6392565,18.862736,18.40178,14.890142,13.418899,18.040365,20.697474,21.375908,18.451931,22.321642,16.606676,20.35057,19.509493,21.634434
28,23.396942,21.419113,20.36995,15.424517,14.78605,14.339521,12.125765,15.62424,12.4282255,16.677204,15.647102,21.040125,19.94543,17.477854,16.85758,11.597336,11.172553,6.971568,9.608372,6.1325626,8.032443,10.241709,11.727429,14.107147,14.005548,10.871268,6.2416234,6.6020484,0.0,7.8160777,7.418961,12.978058,13.761793,19.040373,19.575592,24.00749,23.113317,21.574814,16.787725,14.998769,12.607569,9.77797,7.039242,4.205016,6.914631,6.3157725,13.403712,14.75923,12.591443,14.127049,10.748732,12.267905,15.89689,17.347612,15.5667,18.73527,16.528814,14.979407,15.205971,12.24447,13.898085,9.452942,13.297029,11.644644,16.380856,15.999893,18.257156,19.884724,20.210192,18.011974,16.971197,12.199937,13.206272,8.369249,11.938927,7.4216337,11.745657,10.223286,12.052065,16.028364,13.393496,19.090826,19.518143,17.756577,16.098148,14.376297,16.104187,10.645922,13.795558,12.322468,14.142905,15.053291,12.319427,15.992244,15.140267,11.589501,12.482805,16.199715,15.289897,10.73998,8.717368,13.727916,16.469206,16.00948,12.833472,16.09955,10.108267,13.776268,13.313029,15.542112
29,22.125618,21.473585,19.338087,15.563448,15.756989,13.76566,13.739991,14.631901,12.794667,16.603031,15.567023,20.892933,17.857395,14.571299,13.571457,9.846501,8.098231,7.8273945,6.864079,9.488414,9.413175,13.116974,13.562897,17.584595,19.013514,15.03722,12.450301,9.270671,7.8160777,0.0,5.542154,7.014023,10.464354,13.400622,14.699872,18.765074,16.836224,15.273723,9.63811,9.317957,5.7228703,6.366479,5.885696,8.090955,11.202784,13.154154,18.508045,21.151611,19.872742,20.325794,16.188929,16.057142,18.822947,18.979666,15.36542,17.429815,17.246033,14.195808,17.454796,13.626399,17.525986,13.058391,17.707321,17.190907,20.964495,22.201607,23.218517,25.795609,25.738436,24.158037,22.755583,18.854647,19.12519,14.367962,17.101833,11.335881,15.43828,10.072011,10.913301,12.062335,8.914353,14.097998,13.379923,11.607804,9.913035,9.489197,10.999779,8.825443,13.379398,14.293252,17.002916,19.392227,17.727482,22.148705,21.595098,18.542059,17.723291,21.676445,22.167648,17.927109,14.477712,18.343117,20.193615,19.597153,17.177967,18.972933,13.357273,16.453331,14.666466,18.17722
30,26.629786,25.384212,22.993855,19.022297,18.218534,15.886014,14.541479,14.870069,11.243414,14.586174,11.952534,17.255854,14.614502,11.466553,12.449723,7.5768948,8.731795,7.3679757,10.232905,11.755809,13.064635,16.33695,17.03262,20.35699,20.761263,16.855297,13.420926,11.624923,7.418961,5.542154,0.0,6.9630694,6.4887643,11.944015,12.200828,16.630985,15.943349,14.585708,10.531576,8.093317,7.505824,3.5244734,7.051391,7.166847,11.426716,12.564137,19.277637,21.212904,18.996328,19.323402,14.4345455,15.69227,17.69973,17.596468,13.800187,15.071722,13.526666,10.063545,12.407085,8.213951,12.245962,8.200626,13.388027,13.857803,17.894842,19.88679,21.522676,23.641174,22.841978,21.265005,19.125944,15.578805,14.805982,10.460896,12.64269,7.097297,11.9501505,7.2343035,9.941496,11.574993,10.889533,15.903427,16.551638,15.917464,15.045594,14.915906,16.414724,13.582749,17.549892,17.474405,20.173166,21.733036,19.547808,23.25087,22.094793,18.661442,18.68847,22.104992,21.502092,16.633558,13.922991,18.11852,20.194614,18.43606,15.682936,16.483461,10.320509,12.17418,9.657979,12.855921
31,25.426435,24.962275,21.487686,18.903034,18.301783,14.770067,15.11532,12.878966,11.212702,13.475244,11.878767,16.398214,12.161458,8.646956,8.27728,6.7408795,6.570108,9.44876,9.678596,14.8635235,15.8524065,19.537167,20.50504,24.50641,25.776236,21.889101,18.667526,16.162708,12.978058,7.014023,6.9630694,0.0,6.4509563,6.8614063,9.996626,13.632072,11.207323,11.016577,5.523492,6.593435,6.6824875,7.5242977,11.780706,13.47566,17.367634,18.841661,25.067242,27.353031,25.395346,25.96146,21.213564,21.82254,23.75937,23.17466,18.620464,18.843449,18.64363,14.243743,17.896929,13.402835,17.64102,13.5405655,17.600832,18.327913,20.894987,23.949121,24.166954,27.178137,26.29391,25.42495,23.482626,20.939068,20.6097,16.682314,19.18241,13.951155,18.61868,12.86039,14.594609,13.563915,12.856016,16.574804,15.752561,15.016897,13.764705,14.547141,14.35258,14.285291,17.832396,19.08677,22.486155,24.769636,23.728827,27.547178,26.348595,23.448568,21.908876,25.233503,25.949627,21.581024,17.70936,20.604921,21.760612,20.029015,18.25262,17.90809,13.377299,14.9804,12.562021,16.736868
32,31.07937,30.121626,26.902502,23.730059,22.595064,19.305532,18.322952,16.361725,12.795474,14.380866,10.34968,14.473486,10.526486,7.082392,10.763322,7.994699,10.873856,11.709869,14.5369625,17.782354,19.21604,22.644968,23.281494,26.77315,27.193624,23.186687,19.858286,17.962269,13.761793,10.464354,6.4887643,6.4509563,0.0,6.953786,6.7323456,10.982743,11.029119,10.543398,8.774477,5.911225,9.132887,6.2960076,12.595319,13.242905,17.432001,18.63319,25.356201,27.230045,24.744478,24.736294,19.433914,20.883635,21.8029,20.77284,16.13432,15.269783,14.073488,9.307517,12.526051,8.249396,12.88066,10.447134,14.899695,16.860605,19.82005,23.36405,24.535982,26.789455,25.144743,24.14917,21.364475,19.136404,17.367018,14.283965,15.360931,11.133732,15.197224,10.319576,13.112689,12.283889,13.953089,17.387835,18.23923,18.657576,18.406937,19.268824,20.179008,18.93083,22.70669,23.074013,26.153074,27.780684,25.897385,29.33067,27.840117,24.504482,24.180868,27.168667,26.594372,21.691998,18.92912,22.383787,23.950117,21.268242,19.044786,17.854832,12.865033,12.521195,8.719333,12.029068
33,31.465214,31.276588,27.368914,25.371138,24.572594,20.621656,20.988253,17.324486,15.618187,16.199364,13.442983,16.219818,10.776399,7.5532503,10.127486,10.973426,12.448082,15.573426,16.3888,21.634335,22.601414,26.304491,26.913305,30.94354,32.078144,27.962547,24.96428,22.34064,19.040373,13.400622,11.944015,6.8614063,6.953786,0.0,5.6436195,7.73714,5.334469,6.988109,6.163767,7.0961866,10.5359745,11.258769,17.032969,18.829756,22.814987,24.484901,30.749735,33.067314,30.925856,30.96122,25.736963,26.47291,27.40379,26.012428,20.895403,19.387651,19.707466,14.835732,19.091192,15.109336,19.599108,16.976776,20.710445,22.557255,24.556547,28.6293,28.782333,31.682775,30.0871,29.566628,27.037336,25.306255,23.996798,20.898796,22.31179,17.86946,21.767706,15.993136,17.740923,14.919993,16.423973,18.40508,18.076622,18.682257,18.466612,20.14774,20.01611,20.983944,24.503233,25.891851,29.342398,31.571655,30.416265,34.11239,32.718933,29.713165,28.358944,31.393826,31.805803,27.243128,23.677383,26.331774,27.246187,24.776033,23.276615,21.4861,17.76171,17.588232,14.353439,17.995392
34,35.152164,34.86146,31.464018,28.795649,28.113745,24.578941,24.334852,21.626566,18.879183,19.845648,15.889411,18.752277,13.819257,10.683556,14.800534,13.966664,16.090797,17.925854,19.45297,23.420681,24.04109,27.647942,27.495575,31.310156,32.084946,27.700417,25.32161,22.490269,19.575592,14.699872,12.200828,9.996626,6.7323456,5.6436195,0.0,4.457951,5.8883805,5.1296835,8.16396,5.8155155,10.674713,10.269698,16.418129,18.220024,21.94697,24.008757,29.841576,32.276035,30.263296,29.420044,23.918621,24.546513,24.529116,22.568384,17.328386,14.820291,15.572738,10.891976,15.9711275,13.028292,18.033213,16.80744,21.235079,23.499405,26.29963,30.062183,31.147045,33.449005,31.636364,30.730293,27.760962,25.639668,23.357178,20.499561,20.572086,16.604433,19.142097,13.565407,15.11887,11.689824,15.0066595,16.203424,17.24483,18.918755,19.742434,21.661776,22.867128,23.231411,27.413467,28.460003,31.502928,33.54287,31.583696,35.437733,34.202812,30.809025,30.48495,33.670635,33.215904,28.281475,25.492777,28.922848,30.341896,27.712246,25.671766,24.13283,19.545101,18.766855,14.737523,17.316296
35,38.411102,38.398293,34.768696,32.50032,31.874134,28.125154,28.181007,24.872784,22.527199,22.943483,19.086357,21.054165,15.9022045,13.342261,17.51095,17.72192,19.75129,22.072916,23.26153,27.66776,28.159388,31.818707,31.534554,35.457905,36.362144,31.90961,29.717299,26.703817,24.00749,18.765074,16.630985,13.632072,10.982743,7.73714,4.457951,0.0,4.7990785,5.366684,10.821827,9.717466,14.30039,14.626925,20.581757,22.598982,26.214931,28.415207,34.05005,36.597248,34.651737,33.6268,28.094841,28.5526,28.178148,25.883272,20.60074,17.392342,18.76147,14.428566,19.483004,17.007025,21.780878,20.97795,25.090025,27.587317,30.038792,34.136215,35.012016,37.392044,35.39588,34.679134,31.61137,29.820425,27.372538,24.787079,24.608324,20.940662,23.111406,17.6607,18.847446,14.6548195,18.354733,18.413715,19.326944,21.463776,22.61385,24.921566,25.92602,27.043083,31.16985,32.488087,35.611843,37.785336,35.93865,39.83906,38.59338,35.236656,34.755615,37.896168,37.5607,32.65151,29.781359,33.000084,34.232136,31.484325,29.658165,27.67826,23.56808,22.4283,18.439539,20.77452
36,34.76814,35.08115,31.27353,29.498457,29.119162,25.247543,25.968737,22.34648,20.916069,21.461094,18.600555,20.909763,15.367224,12.536501,15.185447,16.230005,17.305023,20.437906,20.57587,25.819822,26.134094,29.887974,29.816376,34.008305,35.364574,30.981777,28.742643,25.477575,23.113317,16.836224,15.943349,11.207323,11.029119,5.334469,5.8883805,4.7990785,0.0,3.8769128,7.670703,8.839663,12.475953,14.261913,19.757702,22.214691,25.843288,28.123846,33.69503,36.433067,34.67488,34.066082,28.722708,28.861654,29.179321,27.22098,21.864557,19.538301,21.113537,16.533485,21.785563,18.522669,23.421072,21.467209,25.553753,27.538042,29.766945,33.761948,34.083347,36.91331,35.274555,34.66218,31.99066,30.066456,28.356989,25.240448,25.971348,21.551237,24.487947,18.34077,19.279982,15.055939,17.400444,17.67421,17.416605,18.970757,19.661127,22.068363,22.395298,24.357141,28.233213,30.015879,33.299736,35.7913,34.444084,38.49202,37.350983,34.235786,33.081566,36.331127,36.693382,32.033638,28.581072,31.451311,32.418133,30.079859,28.520048,26.80377,22.920732,22.593029,19.034138,22.205399
