,0,1,2,3,4,5,6,7,8,9,10,11,12,13,14,15,16,17,18,19,20,21,22,23,24,25,26,27,28,29,30,31,32,33,34,35,36,37,38,39,40,41,42,43,44,45,46,47,48,49,50,51,52,53,54,55,56,57,58,59,60,61,62,63,64,65,66,67,68,69,70,71,72,73,74,75,76,77,78,79,80,81,82,83,84,85,86,87,88,89,90,91,92,93,94,95,96,97,98,99,100,101,102,103,104,105,106,107,108
0,0.0,4.092148,6.5137043,9.8316345,11.981368,13.895538,16.924635,20.296835,23.214134,25.678179,29.213463,31.108965,33.968796,32.31726,32.077133,28.889002,27.521553,26.939932,23.893642,26.792646,25.300005,27.137451,29.315474,31.61603,32.321968,31.54584,32.42733,34.0062,33.163403,36.977867,32.878677,39.684593,36.60226,38.79643,35.5916,31.957777,30.954985,33.02999,30.057173,27.240215,27.383047,28.609846,25.906462,22.250786,24.719954,25.024944,20.769722,18.58873,21.17653,22.927902,26.922958,22.880775,26.77948,29.353561,29.987825,32.248505,30.103796,34.136593,35.926548,32.44227,33.353645,38.40624,41.49149,42.49193,38.08528,37.07476,42.260075,41.976025,37.300156,40.383488,43.02529,41.030006,37.328053,41.189785,37.28591,40.58494,37.503254,33.906082,33.634445,29.334208,26.569633,23.98341,21.855816,24.757181,26.839537,28.974314,31.52311,36.260803,38.68051,42.35876,44.52887,47.335438,43.61584,45.094303,45.590336,41.435024,45.70985,47.06527,42.696373,39.505226,43.03955,44.362938,40.15475,38.35951,35.068916,32.584766,28.925583,26.639393,22.481146
1,4.092148,0.0,5.152861,6.4107833,8.6454315,11.51082,13.682322,17.811504,20.161547,23.067663,26.43974,28.498571,31.07021,29.413517,28.710087,25.334396,23.90592,23.038965,20.152384,22.793348,21.442581,23.484169,25.695549,27.705864,28.424187,27.71842,28.435225,30.140635,29.299067,33.238724,29.232597,36.1325,33.477333,35.614826,32.13377,28.52538,27.832138,29.782879,26.498404,23.741543,24.267008,25.072044,22.157816,18.828882,21.557205,21.357866,16.87623,15.333858,18.08181,20.13785,23.686232,19.428602,23.790665,26.27587,26.552673,28.537357,26.282223,30.248707,32.275955,28.963211,29.553913,34.678616,37.70388,38.881004,34.569862,33.415367,38.505093,38.22129,33.44653,36.433025,39.06899,37.115543,33.3191,37.11611,33.24813,36.529095,33.4413,29.895737,29.687965,25.440088,22.68648,20.320772,17.91348,20.702417,22.766619,24.914991,27.446732,32.177376,34.62104,38.28753,40.492104,43.333492,39.698856,41.284313,41.8963,37.809757,42.26018,43.437153,39.05083,36.031586,39.76678,41.25088,37.115677,35.143692,31.964617,29.106411,25.665915,23.059576,19.132896
2,6.5137043,5.152861,0.0,5.3595896,6.55664,7.66059,11.02118,13.81341,16.996037,19.20539,22.805286,24.627703,27.577812,26.00222,26.264175,23.151604,22.164852,22.099405,19.685743,23.2254,22.683256,24.877956,27.91617,28.880136,29.027885,27.674473,28.162313,29.178602,28.046503,31.552563,27.269281,33.881256,30.376106,32.812675,29.932854,26.119457,24.996803,27.585135,24.823687,21.695045,21.989899,24.158945,21.251686,17.262787,20.36544,21.686543,17.146578,14.789673,18.535616,19.588963,23.528225,20.828918,24.815327,26.60646,27.531206,29.580008,26.673904,30.798231,32.947475,28.839767,29.118399,34.411747,37.183636,38.313114,33.607647,32.239468,37.419964,36.805374,32.394676,36.10989,38.334785,36.021072,32.814644,37.182056,33.416542,37.22817,34.42205,30.9382,31.51596,27.173325,24.867857,23.192905,20.126251,22.133997,23.334166,26.182352,27.552452,32.77096,34.68727,38.471203,40.66413,43.132614,39.02511,40.417145,41.010628,36.960114,41.04095,42.08463,37.5158,34.432335,37.998608,39.483486,35.46003,33.490265,30.929314,28.007566,24.538202,22.417328,18.42295
3,9.8316345,6.4107833,5.3595896,0.0,3.7283318,6.0485864,8.152651,12.24307,14.019781,17.353563,20.380417,22.756088,25.172573,23.824165,23.367252,19.54891,18.782911,17.858515,16.34603,19.00006,18.905094,21.58718,24.333435,24.811716,25.114914,24.031862,23.865896,25.227674,23.814981,27.701532,23.155172,29.968708,27.22363,29.216904,25.80232,22.230305,21.430029,23.44077,20.268553,17.42989,17.94434,19.215752,16.255625,12.609353,15.765265,16.39696,11.807259,9.933579,13.74758,15.233413,18.614092,15.713671,20.035713,21.762615,22.34636,24.243538,21.340342,25.45817,27.641113,23.732058,23.973179,29.23668,32.088398,33.26848,28.727772,27.414185,32.57352,32.18062,27.595394,31.007973,33.47546,31.430643,27.954258,32.20655,28.267384,32.04873,29.304934,25.682755,26.449074,21.959833,19.900784,18.526814,15.401495,17.187307,18.217773,21.373674,22.687384,28.001856,30.099977,33.821075,36.217087,38.833076,34.994648,36.73354,37.671402,33.818542,38.30214,38.86323,34.190937,31.596722,35.628944,37.471127,33.637474,31.291666,29.031927,25.269663,22.37574,19.510921,16.207285
4,11.981368,8.6454315,6.55664,3.7283318,0.0,5.432816,5.037536,9.861404,11.784921,14.767128,18.124964,20.1176,22.501577,20.816975,20.242733,16.917372,15.784688,15.546029,13.515142,17.040218,17.155846,19.674217,23.098986,23.073252,22.964249,21.461111,21.66852,22.645777,21.539307,25.130611,21.135565,27.910015,25.07808,27.6447,24.348269,20.40268,19.985405,22.660608,19.290802,16.046913,17.459127,19.18943,15.639053,12.357732,16.422123,17.078241,11.99127,11.367586,15.70605,16.96906,19.764524,17.321133,21.992733,23.280066,23.551205,24.864918,21.483894,25.397741,28.189867,24.313065,23.564304,29.093956,31.575928,33.151264,28.563498,26.698067,31.636919,30.827871,26.301294,30.103971,32.081562,29.648882,26.465895,30.877726,27.342516,31.25374,28.515337,25.316435,26.237572,22.222918,20.132399,19.337214,15.49288,16.683979,17.413378,20.409298,21.232647,26.528843,28.24231,32.048,34.22917,36.623333,32.499115,33.974354,34.717537,30.778522,35.050686,35.808098,31.188313,28.339388,32.202877,33.95214,30.088438,27.818115,25.618437,22.023746,18.980448,16.44333,12.981922
5,13.895538,11.51082,7.66059,6.0485864,5.432816,0.0,6.144045,7.0169673,9.876869,12.362025,15.510963,17.775648,20.666866,19.627964,20.627443,17.04778,17.242838,17.36588,17.03415,20.47405,21.506222,24.284819,27.7747,26.942966,26.551588,24.727777,24.04748,24.44398,22.502266,25.72832,20.663935,26.940807,23.034822,25.300406,22.758682,19.016998,17.490202,20.34691,18.087654,14.824553,14.831257,18.183266,15.498981,11.00965,14.502926,17.434206,13.404391,10.506801,15.2333145,15.090791,18.729097,18.277662,21.712664,22.381207,23.831755,25.75681,22.139496,26.294641,28.49464,23.620495,23.478134,28.77327,31.231915,32.27726,27.282211,25.744833,30.957993,30.167248,26.201223,30.520992,32.433487,29.998316,27.410917,32.338387,28.581648,32.975582,30.718878,27.25438,29.040274,24.58894,23.259762,22.751478,19.211145,19.896145,19.650927,23.617277,23.27192,29.0718,30.438326,34.20091,36.593273,38.6954,34.350803,35.894196,36.897293,33.228252,37.22803,37.440666,32.536213,30.064087,33.924015,35.848793,32.300694,29.893728,28.65734,24.690231,22.056326,19.828915,16.887766
6,16.924635,13.682322,11.02118,8.152651,5.037536,6.144045,0.0,6.1347494,7.1540694,10.182755,13.4409895,15.359985,17.533619,15.8414755,15.422154,12.153398,11.43769,11.920639,11.066311,15.042741,16.367073,19.023846,23.023956,21.570068,20.833733,18.751015,18.472248,18.7551,17.39799,20.608248,16.640457,23.230425,20.2465,23.172762,20.083408,15.8792095,15.740005,19.024218,15.703296,12.101854,14.34275,16.812809,12.965156,10.107884,14.902446,16.194641,11.361631,11.588786,16.30843,16.883417,18.889784,17.923134,22.378923,22.809317,23.073906,23.871021,19.858486,23.537441,26.756197,22.626793,20.883583,26.538204,28.550407,30.38273,25.689356,23.31075,28.035616,26.820227,22.580545,26.968742,28.398352,25.615578,23.006683,27.81874,24.62161,28.906372,26.512201,23.679995,25.369564,21.718067,20.233648,20.470232,16.164526,16.097303,15.678933,19.134958,18.515757,24.066507,25.156593,28.985039,31.117804,33.13918,28.68933,30.069052,30.919844,27.159554,31.238401,31.63854,26.857225,24.200113,28.137802,30.091986,26.508297,24.019835,22.709227,18.576353,16.050945,13.7356205,11.141124
7,20.296835,17.811504,13.81341,12.24307,9.861404,7.0169673,6.1347494,0.0,4.836247,5.4400964,9.145655,10.869915,13.956272,12.856221,14.978767,12.276017,13.204174,14.835685,15.541236,19.617893,21.72531,24.33504,28.577162,26.2743,25.044426,22.442028,21.519976,20.743896,18.701248,20.91338,16.259207,21.802158,17.124119,20.314453,18.567337,14.395814,13.04896,17.309807,15.526788,11.79368,12.899084,17.66407,14.754142,11.212608,15.404145,18.991917,15.332904,13.951254,18.801476,17.927631,20.341618,21.503317,24.794382,24.4066,25.707306,26.820438,22.484047,26.14176,28.968401,23.921793,22.276604,27.618912,29.26531,30.719458,25.634043,23.281324,28.002687,26.463829,23.151262,28.336449,29.245998,26.200106,24.692177,30.054249,27.008715,31.770191,29.962002,27.194096,29.746075,26.000237,25.205545,25.788956,21.660154,21.070217,19.67761,23.767477,21.733236,27.529346,27.920347,31.63238,33.77185,35.22799,30.385265,31.554556,32.49843,29.081444,32.482655,32.424435,27.462046,25.087599,28.68416,30.684256,27.543808,25.08552,25.033411,20.939903,18.883972,17.51934,15.53955
8,23.214134,20.161547,16.996037,14.019781,11.784921,9.876869,7.1540694,4.836247,0.0,4.853093,6.597656,9.373346,11.312497,10.68234,11.920928,8.138554,10.142236,11.206383,13.796192,16.862606,19.807402,22.672186,26.67874,23.508665,22.17565,19.660917,17.801437,16.953127,14.345062,16.727997,11.520535,17.327324,13.409966,16.302048,13.959674,9.721842,8.958599,13.137025,10.940523,7.139248,9.350652,13.753157,10.780193,8.337268,12.69236,15.94251,12.947288,12.723506,17.163317,16.25394,17.470152,19.348236,22.507421,21.608171,22.55618,23.189999,18.639688,22.005997,25.031857,20.14909,17.833761,23.151918,24.583424,26.23171,21.260244,18.621674,23.223465,21.662855,18.32774,23.600185,24.438778,21.460037,20.043482,25.508629,22.514648,27.397646,25.871784,23.25853,26.300291,22.800209,22.567911,23.825264,19.767286,18.387928,16.20931,20.60999,17.703617,23.582247,23.795382,27.406761,29.702703,31.121794,26.429516,27.913149,29.255116,26.164848,29.854101,29.152927,24.036737,22.34219,26.415098,28.827589,26.047327,23.187853,23.75974,18.782324,17.68988,15.815454,15.092198
9,25.678179,23.067663,19.20539,17.353563,14.767128,12.362025,10.182755,5.4400964,4.853093,0.0,4.3712473,5.4555,8.60808,7.8178463,11.443882,9.758865,11.795602,14.37093,16.373953,20.214878,23.138018,25.604832,30.071371,26.646713,24.862045,21.84397,20.445547,18.690054,16.438309,17.548779,13.306292,17.710005,12.37121,16.30467,15.4403715,11.257153,10.202154,15.347396,14.274645,10.775548,12.574884,17.866503,15.255613,12.986628,16.8977,20.688564,17.778687,17.267721,21.772,20.4639,21.8692,24.178823,27.113777,25.975576,27.172268,27.707584,23.074404,26.17091,29.260294,24.259663,21.615791,26.663221,27.594765,29.273817,24.30707,21.433372,25.548283,23.454329,20.926285,26.630995,26.706589,23.296589,22.844635,28.40029,25.97916,30.905342,29.596663,27.40501,30.555447,27.386602,27.135157,28.46521,24.235115,22.772665,20.527414,24.605204,21.242884,26.80212,26.383945,29.892935,31.853943,32.738415,27.642876,28.57893,29.606237,26.617563,29.493309,28.938501,23.952065,22.001982,25.40902,27.582472,25.02288,22.45931,23.699013,19.412174,18.293251,17.581682,16.8394
10,29.213463,26.43974,22.805286,20.380417,18.124964,15.510963,13.4409895,9.145655,6.597656,4.3712473,0.0,3.8730307,5.804008,6.8797994,11.115082,9.227495,12.634579,14.751785,18.317982,21.19597,24.74624,27.363413,31.557007,27.413778,25.520893,22.588799,20.240211,18.143984,15.199823,15.766324,10.904497,14.203437,8.273103,12.039274,11.87362,8.232112,6.790346,12.176144,12.129768,9.395059,10.8569765,16.408861,14.616188,13.16923,16.253443,20.440998,18.600492,18.212759,22.183414,20.391968,21.06037,24.555323,26.804409,25.02602,26.391731,26.747503,22.085815,24.811844,27.6764,22.580694,19.698616,24.24364,24.782595,26.314457,21.41995,18.50072,22.313354,20.107859,18.309866,24.227373,24.003412,20.689203,20.953617,26.618143,24.349564,29.409529,28.632082,26.597248,30.346704,27.33959,27.73613,29.529762,25.568298,23.57106,20.63068,24.98786,20.694645,26.162401,25.37461,28.612673,30.69655,31.300861,26.337433,27.472652,28.911158,26.474363,29.251183,27.865383,22.79574,21.763443,25.326206,27.836926,25.877197,23.07456,25.236311,20.436754,20.267696,19.408274,19.591566
11,31.108965,28.498571,24.627703,22.756088,20.1176,17.775648,15.359985,10.869915,9.373346,5.4555,3.8730307,0.0,4.028286,4.588689,10.533615,10.649513,13.428992,16.53944,19.375887,22.815792,26.24644,28.494448,33.038155,28.76784,26.542522,23.266424,21.513645,18.838291,16.546633,16.15251,12.880887,15.110979,8.880632,13.65538,14.321559,10.834657,10.173946,15.51928,15.509472,12.822062,14.711495,20.060572,18.011194,16.775173,20.090683,23.985186,21.79249,21.713385,25.847403,24.186764,24.867386,28.070026,30.576672,28.844429,30.021692,30.115643,25.407583,27.89688,31.0547,26.199316,22.859283,27.333069,27.496792,29.280985,24.601313,21.394524,24.643908,22.001318,20.61061,26.615824,25.768778,22.09097,22.912518,28.44739,26.746637,31.680227,30.918648,29.31362,32.92485,30.30298,30.510906,32.366688,28.16985,26.120905,23.297071,27.204727,22.8169,27.893303,26.664831,29.826477,31.535942,31.746674,26.50058,27.102694,28.171791,25.780844,27.87697,26.765757,21.936506,20.582417,23.516472,25.777308,24.005686,21.497444,24.108292,19.97755,19.822659,19.833809,20.081932
12,33.968796,31.07021,27.577812,25.172573,22.501577,20.666866,17.533619,13.956272,11.312497,8.60808,5.804008,4.028286,0.0,3.559321,8.756722,9.633658,12.840712,15.827003,19.489595,22.205273,26.04078,28.199062,32.57888,27.672886,25.24786,21.994013,19.788057,16.67954,14.331279,13.071908,10.671232,11.599185,5.8841915,11.266222,12.154292,9.207062,9.78092,14.65598,14.687109,12.68742,15.237565,19.75253,17.882967,17.776815,20.848883,24.12614,22.422756,23.1625,26.902592,25.355076,25.16769,28.613514,31.037855,29.002708,29.774885,29.329372,24.6506,26.572794,29.931208,25.548943,21.48412,25.59288,25.22838,27.306997,23.03403,19.460287,21.992273,19.004456,18.14317,24.151089,22.732029,18.921001,20.430298,25.81334,24.644032,29.460514,29.044537,27.925518,31.772408,29.679834,30.231808,32.546978,28.450907,25.905762,22.689114,26.348503,21.307486,25.923885,24.21941,27.110699,28.704123,28.589926,23.39724,23.989859,25.275732,23.34729,25.2977,23.596127,18.787634,18.14518,21.171947,23.721771,22.492596,19.79257,23.19089,18.762484,19.533775,19.585964,20.770315
13,32.31726,29.413517,26.00222,23.824165,20.816975,19.627964,15.8414755,12.856221,10.68234,7.8178463,6.8797994,4.588689,3.559321,0.0,6.4619117,8.531407,10.655415,14.410757,17.04291,20.394295,23.907125,25.80389,30.46345,25.816572,23.284647,19.817225,18.43232,15.29057,13.738445,12.671351,11.355,13.465562,8.998809,14.36918,14.297385,10.63799,11.798628,16.801083,15.811427,13.242681,16.560888,20.692936,18.071468,17.909433,21.65032,24.288244,21.842413,23.04471,27.064825,25.9964,25.98286,28.500496,31.57273,29.94805,30.328081,29.729967,25.013063,27.02434,30.797026,26.696161,22.394299,26.947468,26.75221,29.169096,24.9296,21.16138,23.791456,20.774128,19.22679,25.09051,23.72308,19.692513,20.689316,25.939138,24.895094,29.552908,28.735376,27.749844,31.135084,29.216099,29.313814,31.494385,27.140526,24.753998,21.942354,25.16315,20.605103,25.09981,23.476517,26.570837,27.939066,27.953463,22.545776,22.847698,23.718575,21.325111,23.290901,22.327028,17.565903,16.024496,18.95254,21.294668,19.626385,17.030876,20.0476,15.969054,16.367384,16.830563,17.856318
14,32.077133,28.710087,26.264175,23.367252,20.242733,20.627443,15.422154,14.978767,11.920928,11.443882,11.115082,10.533615,8.756722,6.4619117,0.0,5.499476,5.8512764,9.796094,12.423049,15.051351,18.706856,20.329098,24.860737,19.807411,17.079409,13.574351,12.4477005,9.101774,8.71123,7.8879156,9.178498,12.513965,11.636155,16.22669,14.252639,10.594072,13.6535845,17.57371,14.934211,12.691552,17.500416,19.543484,16.196125,17.489864,21.55231,22.210346,19.548965,22.476158,26.08109,25.941202,25.023405,26.34787,30.136621,28.832417,28.072174,26.63823,22.102272,23.553041,28.046007,25.098305,19.875715,24.603502,24.314062,27.473803,23.84418,19.644026,21.801609,18.792652,16.336134,21.57453,20.127512,15.955392,16.280193,21.041607,20.519577,24.722342,23.617165,23.255447,26.175383,25.089392,25.020912,27.562773,23.197691,20.42397,17.758795,20.013008,15.5402355,19.364632,17.63484,20.834148,22.008125,22.29359,16.862965,17.298134,18.189356,15.449222,18.337894,17.568203,12.599737,10.780763,14.77401,17.50129,15.538518,12.383109,15.112763,10.08727,11.491753,11.632504,14.008556
15,28.889002,25.334396,23.151604,19.54891,16.917372,17.04778,12.153398,12.276017,8.138554,9.758865,9.227495,10.649513,9.633658,8.531407,5.499476,0.0,4.475677,6.1975403,10.901717,12.688933,16.71621,19.183796,23.20764,18.45038,16.411036,13.586767,11.057906,9.19717,6.7387285,8.746348,5.7704597,11.782038,10.883715,14.296899,11.020852,6.835008,9.863072,13.278766,9.90717,7.404685,12.524508,14.193211,10.741667,12.148952,16.131388,16.83171,14.447251,17.263485,20.679117,20.526367,19.542273,21.079906,24.677666,23.387182,22.81316,21.765892,17.114418,19.100746,23.296701,19.942148,15.215313,20.357471,20.752125,23.564415,19.531809,15.659371,18.869095,16.552328,13.150773,18.485891,18.222883,14.630302,13.731505,19.047691,17.280487,21.938175,20.695093,19.40487,22.655235,20.732635,20.913893,23.363363,19.20433,16.456903,13.443549,16.802502,12.325746,17.402431,16.651314,20.14204,22.126223,23.197805,18.34894,19.82751,21.374004,18.634375,22.505709,21.304766,16.1501,15.072031,19.64143,22.487623,20.256983,16.97714,18.5421,12.711351,13.473669,11.720337,13.53939
16,27.521553,23.90592,22.164852,18.782911,15.784688,17.242838,11.43769,13.204174,10.142236,11.795602,12.634579,13.428992,12.840712,10.655415,5.8512764,4.475677,0.0,4.7870693,6.9359436,9.801761,13.305533,15.3621,19.840008,15.4523325,13.257855,10.098746,9.300693,7.885571,7.691883,9.98665,9.591191,15.3621855,15.049105,18.693813,15.249406,11.243806,14.162361,17.407707,13.425718,10.802646,15.996398,16.868196,12.700257,14.078396,18.565992,18.036125,14.623234,18.311981,21.832027,22.458336,21.637789,21.610912,26.07739,25.420774,24.192963,22.84923,18.453836,20.345722,25.000694,22.351444,17.556896,22.885248,23.42297,26.570293,22.859465,19.00062,21.970503,19.732002,15.854545,20.435127,20.22384,16.63126,15.007527,19.627954,18.215954,22.306334,20.438948,19.500992,21.800783,20.358984,19.756275,22.011492,17.508987,15.011465,12.940519,15.1241455,11.870744,16.359371,15.869712,19.569864,21.157217,22.502481,17.61072,18.735989,19.705427,16.282866,20.45218,20.287127,15.471038,13.25897,17.784925,20.323133,17.46853,14.317487,14.731117,8.9784775,9.187287,7.280496,9.425233
17,26.939932,23.038965,22.099405,17.858515,15.546029,17.36588,11.920639,14.835685,11.206383,14.37093,14.751785,16.53944,15.827003,14.410757,9.796094,6.1975403,4.7870693,0.0,6.7608957,6.646746,10.877758,13.666982,17.233963,12.750778,11.294902,9.302329,6.81967,7.5336237,6.438645,10.669409,9.073287,15.59995,16.535421,18.932074,14.437294,11.13202,14.182214,16.037664,11.241243,9.4099045,14.589398,13.628985,9.322922,11.917112,15.927892,14.005529,11.0243225,15.752014,18.5189,19.638483,18.103268,17.576038,22.13448,21.619505,19.833715,18.235836,14.003099,15.859958,20.612207,18.50296,13.763057,19.193127,20.166597,23.315971,19.870146,16.311945,19.524502,17.978956,13.286516,17.09156,17.822893,14.957777,11.985516,16.441063,14.281716,18.35303,16.247677,14.867622,17.227005,15.60129,15.251891,17.810173,13.608611,10.651874,8.182065,10.811726,7.6110697,12.848027,13.31515,17.129652,19.299597,21.351978,17.247873,19.240221,20.783611,17.652231,22.586246,21.912384,17.193867,15.922197,20.859228,23.589672,20.889816,17.639793,17.528404,11.445589,11.99497,8.494593,10.785312
18,23.893642,20.152384,19.685743,16.34603,13.515142,17.03415,11.066311,15.541236,13.796192,16.373953,18.317982,19.375887,19.489595,17.04291,12.423049,10.901717,6.9359436,6.7608957,0.0,5.983486,7.3285513,9.259516,14.068298,11.533679,10.257616,8.077728,9.931669,11.020663,12.255729,15.504659,15.395185,21.636282,21.769054,24.974731,20.891174,17.098759,19.605448,22.169163,17.456192,14.921582,19.656872,19.181908,14.547842,15.667702,20.256023,17.92623,13.376092,17.986282,21.194382,23.038048,22.520374,20.041586,25.55455,25.988985,23.969284,22.604698,18.929892,20.974377,25.728207,23.964054,19.919727,25.375628,26.58202,29.752659,26.352625,22.993916,26.183674,24.593706,19.918465,23.190865,23.879059,20.955078,17.863441,21.352493,19.63636,22.815298,19.951311,18.843994,19.46559,18.18798,16.26084,17.775438,13.041208,11.561643,11.648871,12.134837,12.187085,15.887378,16.787373,20.557302,21.984709,24.207457,20.118692,21.28345,21.748089,17.714956,22.468771,23.494184,19.449083,16.527388,20.70219,22.65046,19.002447,16.417784,14.054716,9.535243,7.745461,3.5546453,4.4264736
19,26.792646,22.793348,23.2254,19.00006,17.040218,20.47405,15.042741,19.617893,16.862606,20.214878,21.19597,22.815792,22.205273,20.394295,15.051351,12.688933,9.801761,6.646746,5.983486,0.0,4.678441,7.521579,10.592758,6.7284756,6.3855543,6.336414,6.513396,9.750039,10.984024,15.010502,15.18381,21.17328,23.038532,25.194588,20.378988,17.578648,20.60251,21.784555,16.680334,15.362812,20.063715,17.553719,13.371238,16.139784,19.781822,15.636459,12.2999,18.202446,20.14928,22.488579,20.701874,17.728426,23.15583,23.587387,20.551691,18.316528,15.259051,16.462162,21.48631,21.05176,16.731625,21.683418,22.915565,26.31147,23.71876,20.575237,23.244394,22.212196,17.19167,19.111506,20.332203,18.209223,14.129766,16.626463,14.872489,17.386951,14.239579,13.444104,13.683743,13.275207,11.679006,14.137266,10.058961,7.3550177,7.493532,6.3698688,7.4987073,10.467898,12.339728,15.988838,17.796345,20.69837,17.638618,19.637577,20.754253,17.334959,22.828207,23.055456,19.273512,17.636583,22.287973,24.611256,21.573063,18.739347,16.790054,11.710019,11.888118,7.5725517,10.038687
20,25.300005,21.442581,22.683256,18.905094,17.155846,21.506222,16.367073,21.72531,19.807402,23.138018,24.74624,26.24644,26.04078,23.907125,18.706856,16.71621,13.305533,10.877758,7.3285513,4.678441,0.0,3.6410105,6.9411216,6.4237385,7.432777,8.405529,10.682031,13.862485,15.597091,19.394464,19.734886,25.8117,27.36774,29.693876,24.898329,21.925756,24.651491,25.937513,20.799456,19.247679,23.61716,21.06646,16.873983,18.9474,22.615509,18.018745,14.140163,19.861538,21.667,24.576176,23.280989,18.896933,24.783674,25.927795,22.657356,20.64769,18.254158,19.55248,24.287004,24.2329,20.61961,25.446531,26.959393,30.23195,27.745966,24.894297,27.647182,26.79297,21.71297,23.153187,24.611021,22.696182,18.455826,20.239983,18.566704,20.307095,16.737919,15.963896,14.664161,14.508937,11.697135,13.097032,9.194018,8.231041,10.499014,7.888572,11.619419,13.327047,15.690726,18.993362,20.392403,23.524424,20.901903,22.561277,23.145903,19.451118,24.807272,25.892925,22.618958,20.38568,24.539701,26.38841,22.952785,20.611488,17.286076,13.603744,12.707859,8.709126,9.788977
21,27.137451,23.484169,24.877956,21.58718,19.674217,24.284819,19.023846,24.33504,22.672186,25.604832,27.363413,28.494448,28.199062,25.80389,20.329098,19.183796,15.3621,13.666982,9.259516,7.521579,3.6410105,0.0,5.4183364,6.36673,7.316716,8.624441,12.387384,15.272623,17.809437,21.063477,22.402418,28.10969,29.849909,32.463314,27.806156,24.791498,27.706875,29.2066,24.099977,22.49078,27.037603,24.610447,20.403175,22.45931,26.231396,21.624825,17.752415,23.372911,25.214169,28.181313,26.903584,22.34327,28.25788,29.481644,26.0411,23.8085,21.627289,22.569136,27.398634,27.696047,23.852518,28.498968,29.764317,33.236748,30.977394,27.972446,30.347794,29.31589,24.413607,25.650974,26.724035,24.725702,20.746504,21.96722,20.988176,22.176727,18.600183,18.550516,16.66871,17.383978,14.453932,15.6399145,12.233893,11.592129,13.907075,10.513315,14.249571,14.734287,16.774527,19.755085,20.551737,23.580193,21.184975,22.395397,22.470583,18.681427,23.803541,25.558052,22.883055,20.31171,23.956654,25.431547,21.931635,20.012646,15.9284935,13.462117,12.493961,9.403359,10.600275
22,29.315474,25.695549,27.91617,24.333435,23.098986,27.7747,23.023956,28.577162,26.67874,30.071371,31.557007,33.038155,32.57888,30.46345,24.860737,23.20764,19.840008,17.233963,14.068298,10.592758,6.9411216,5.4183364,0.0,6.7217717,9.479459,12.339199,14.985648,18.583578,20.870647,24.380217,25.570662,31.110622,33.572666,35.55576,30.554663,28.084215,31.018414,31.715036,26.541754,25.532946,29.72983,26.194054,22.504517,25.005827,28.068703,22.399143,19.372665,25.219238,26.083345,29.51237,27.731634,22.358185,28.074127,29.651146,25.542995,22.978924,21.855787,22.202953,26.674795,28.11362,24.77248,28.7524,30.19573,33.566235,31.970434,29.429564,31.496977,31.019005,26.055553,26.071869,27.686867,26.480566,21.991743,22.038876,21.06671,21.122385,17.337534,17.544453,14.246755,15.962281,12.862461,13.833857,12.035019,11.863207,14.924127,10.230073,15.564844,14.65998,17.56352,19.891226,20.731441,24.271528,23.073362,24.695312,25.045547,21.827852,27.094688,28.508179,26.22641,24.35564,28.03975,29.571959,26.415104,24.526463,20.595537,18.192518,17.786383,14.599279,15.818016
23,31.61603,27.705864,28.880136,24.811716,23.073252,26.942966,21.570068,26.2743,23.508665,26.646713,27.413778,28.76784,27.672886,25.816572,19.807411,18.45038,15.4523325,12.750778,11.533679,6.7284756,6.4237385,6.36673,6.7217717,0.0,3.3570774,6.9512243,8.7268505,12.379059,14.926997,18.112448,20.119839,25.02026,28.184462,30.084846,25.20491,23.060703,26.510767,27.155426,22.11737,21.453327,26.134512,22.671675,19.05262,22.414007,25.516602,20.306917,17.849482,24.055607,25.193933,27.957693,25.492966,21.786085,27.076897,27.71484,23.726421,20.559536,18.699589,18.51318,23.606636,24.887098,20.365143,24.280548,25.08421,28.852127,27.376514,24.332537,25.84182,25.004599,20.324556,20.58444,21.529728,20.065777,15.943276,16.129787,15.823153,16.327024,12.909859,13.970342,12.330427,14.542861,12.863504,15.525024,12.9192915,10.592242,11.676467,7.1129956,10.163551,8.74236,11.041326,13.690734,14.684978,18.095497,16.530647,18.443447,19.280594,16.352901,21.953827,22.529184,20.012539,18.833729,22.960136,24.998312,22.372366,19.98306,17.459095,13.741459,14.812845,11.540298,14.555384
24,32.321968,28.424187,29.027885,25.114914,22.964249,26.551588,20.833733,25.044426,22.17565,24.862045,25.520893,26.542522,25.24786,23.284647,17.079409,16.411036,13.257855,11.294902,10.257616,6.3855543,7.432777,7.316716,9.479459,3.3570774,0.0,3.8399646,6.638838,9.633866,12.818778,15.474286,18.29073,22.868793,25.994955,28.267399,23.677979,21.378696,25.04537,26.127703,21.238876,20.38575,25.394987,22.579865,18.798943,22.14358,25.564669,21.07808,18.447731,24.48701,26.112764,28.476746,26.097923,23.190342,28.384876,28.647188,25.020271,21.888391,19.442558,19.320261,24.627588,25.385817,20.297766,24.392641,24.812014,28.758783,27.079878,23.63172,24.967655,23.656807,19.239027,20.188349,20.434809,18.407282,14.919318,15.645356,15.844102,16.909649,13.942427,15.247484,14.628888,16.53578,15.223525,18.03997,14.879951,12.185643,12.341585,8.889374,9.789591,8.77729,9.789269,12.74291,13.4507885,16.36419,14.022657,15.63459,16.338245,13.189393,18.816881,19.442898,16.827936,15.479211,19.634354,21.747187,19.204144,16.71362,14.626262,10.627174,12.303086,9.485161,13.27205
25,31.54584,27.71842,27.674473,24.031862,21.461111,24.727777,18.751015,22.442028,19.660917,21.84397,22.588799,23.266424,21.994013,19.817225,13.574351,13.586767,10.098746,9.302329,8.077728,6.336414,8.405529,8.624441,12.339199,6.9512243,3.8399646,0.0,5.64112,7.1794744,10.8043785,13.010416,16.16111,20.74581,23.268864,26.094835,21.88288,19.157747,22.83835,24.595062,19.895075,18.58708,23.832647,22.007023,17.969614,20.92335,24.778343,21.277168,18.2281,23.852184,26.115412,28.053123,26.066181,23.875784,29.037617,29.031826,25.981346,23.205252,20.087543,20.430689,25.781773,25.648787,20.302845,24.79785,25.052431,28.982172,26.797865,23.020655,24.569183,22.770517,18.554976,20.606009,20.338009,17.58962,14.817799,16.663446,16.816935,18.785215,16.192358,17.112432,17.41091,18.489826,17.285854,19.98968,16.18598,13.447106,12.935249,10.987098,10.217173,10.77301,10.691102,14.0059,14.645645,16.832033,13.28186,14.419156,14.898068,11.209141,16.689346,17.49339,14.368058,12.35012,16.659029,18.851782,16.095665,13.39417,11.706157,6.9381094,8.922524,6.4952145,10.920877
26,32.42733,28.435225,28.162313,23.865896,21.66852,24.04748,18.472248,21.519976,17.801437,20.445547,20.240211,21.513645,19.788057,18.43232,12.4477005,11.057906,9.300693,6.81967,9.931669,6.513396,10.682031,12.387384,14.985648,8.7268505,6.638838,5.64112,0.0,4.2422204,6.2923937,9.545824,11.837995,16.349735,19.7437,21.69935,17.127848,15.119676,19.029829,19.956026,15.340948,14.863511,19.984282,17.511667,14.044823,17.894817,21.083277,17.640062,15.793087,21.406828,23.202297,24.740133,22.038708,21.021248,25.464174,24.870176,21.904112,18.909636,15.581609,15.577448,20.945358,20.802736,15.037072,19.32593,19.43683,23.38876,21.338982,17.536938,18.969147,17.362284,12.988171,15.067907,15.006654,12.445688,9.249362,11.857616,11.575607,14.330096,12.273184,12.974173,14.755647,15.4955,15.509732,18.910196,15.4933815,11.834564,9.643037,9.144692,5.357159,7.297168,7.0063906,10.833508,12.659339,14.991024,11.516425,13.907104,15.720293,13.126013,18.639648,17.64939,13.738464,13.475463,18.479174,21.337326,19.305117,16.08466,16.19204,10.302183,12.82739,9.853619,13.944846
27,34.0062,30.140635,29.178602,25.227674,22.645777,24.44398,18.7551,20.743896,16.953127,18.690054,18.143984,18.838291,16.67954,15.29057,9.101774,9.19717,7.885571,7.5336237,11.020663,9.750039,13.862485,15.272623,18.583578,12.379059,9.633866,7.1794744,4.2422204,0.0,4.5094604,5.9001966,10.074807,13.6631975,16.927942,19.507477,15.647315,13.475664,17.630066,19.27153,15.266617,14.536724,19.839508,18.591597,15.247827,18.712015,22.123972,19.938646,18.041767,22.993498,25.309706,26.250055,23.808058,23.822113,27.953175,26.928408,24.569435,21.822512,18.065723,18.17857,23.376904,22.521206,16.424187,20.635324,20.176989,24.148928,21.846334,17.616835,18.720005,16.336039,12.811175,16.038975,14.816507,11.296607,9.967338,13.319664,13.711985,16.892157,15.564885,16.399912,18.771278,19.258492,19.45742,22.758806,19.06079,15.5111685,12.895838,13.297544,8.641845,10.643254,8.724452,12.118647,13.427413,14.627786,9.935646,11.72573,13.496836,10.995219,15.964113,14.622731,10.138559,9.972613,15.120881,18.210829,16.544115,13.1255665,14.6404705,8.537385,11.8630905,10.137717,14.439851
28,33.163403,29.299067,28.046503,23.814981,21.539307,22.502266,17.39799,18.701248,14.345062,16.438309,15.199823,16.546633,14.331279,13.738445,8.71123,6.7387285,7.691883,6.438645,12.255729,10.984024,15.597091,17.809437,20.870647,14.926997,12.818778,10.8043785,6.2923937,4.5094604,0.0,4.862365,5.804231,10.321532,13.541587,15.500962,11.26703,9.327421,13.547545,14.797644,10.940118,10.649889,15.761035,14.635804,11.763153,15.430793,18.403608,16.970823,15.809454,20.17942,22.377726,22.808613,20.230442,21.391235,24.886896,23.42066,21.607714,19.242155,15.110895,15.56742,20.40087,18.797628,12.715914,17.103237,16.78707,20.45812,17.698427,13.423318,15.1364765,12.831404,9.032978,13.340313,12.5736065,9.017957,7.7211432,12.604497,11.8349085,16.05201,15.185644,15.079001,18.509659,18.019522,18.866932,22.203138,18.676474,15.012344,11.4726515,13.608116,7.756513,11.602429,10.192826,13.501489,15.641931,16.860374,12.538527,14.8478565,17.147457,15.161094,19.725416,17.599634,12.713773,13.265548,18.36393,21.602808,20.07162,16.572224,18.462847,12.1771555,14.7314825,12.499038,16.00009
29,36.977867,33.238724,31.552563,27.701532,25.130611,25.72832,20.608248,20.91338,16.727997,17.548779,15.766324,16.15251,13.071908,12.671351,7.8879156,8.746348,9.98665,10.669409,15.504659,15.010502,19.394464,21.063477,24.380217,18.112448,15.474286,13.010416,9.545824,5.9001966,4.862365,0.0,7.33937,8.292189,12.267249,14.789815,11.964748,10.60305,14.88537,16.61957,13.96189,13.749133,18.554289,18.385616,16.004114,19.282778,22.170101,21.515146,20.474957,24.407099,26.805584,26.82053,24.30311,26.106682,29.28661,27.474483,25.92968,23.470516,19.440426,19.455414,24.085226,22.47388,16.236288,19.80984,18.586218,22.332777,19.920618,15.422975,15.901615,12.70277,10.806632,15.24766,12.838416,8.531209,10.004378,14.203313,14.848331,18.628798,18.424723,19.10581,22.588491,22.621899,23.573606,26.981056,23.415092,19.758793,16.301018,17.978874,12.111386,14.513236,11.766414,14.281869,15.657225,15.647259,10.671197,12.247207,14.565807,13.338473,16.886408,14.02187,8.964843,10.548474,15.261301,18.683441,18.01666,14.586709,18.025589,12.366514,15.723162,14.809073,18.593735
30,32.878677,29.232597,27.269281,23.155172,21.135565,20.663935,16.640457,16.259207,11.520535,13.306292,10.904497,12.880887,10.671232,11.355,9.178498,5.7704597,9.591191,9.073287,15.395185,15.18381,19.734886,22.402418,25.570662,20.119839,18.29073,16.16111,11.837995,10.074807,5.804231,7.33937,0.0,7.053447,8.5662775,10.099814,5.930979,3.6683168,8.015266,9.5712185,6.9126077,6.890998,11.27465,11.887595,10.074137,12.898254,15.3060875,16.087046,15.659973,18.376923,20.779398,20.129902,17.956203,21.019253,23.490551,21.37383,20.869757,19.48561,14.97776,16.196655,20.005116,16.804495,11.50085,15.823638,15.636709,18.432558,14.680097,10.494455,13.274346,10.882171,8.031396,13.887712,13.40811,10.103801,10.142302,15.78015,14.021095,18.954151,18.668715,17.528429,21.77396,20.066954,21.377024,24.383207,20.97784,17.66438,13.696178,17.449053,11.634254,16.400984,15.266012,18.186174,20.601994,21.446096,17.205084,19.367373,21.765354,20.064873,23.922863,21.348118,16.242075,16.988892,21.706593,24.948944,23.574589,20.132616,22.59091,16.47475,18.300333,16.278301,18.729538
31,39.684593,36.1325,33.881256,29.968708,27.910015,26.940807,23.230425,21.802158,17.327324,17.710005,14.203437,15.110979,11.599185,13.465562,12.513965,11.782038,15.3621855,15.59995,21.636282,21.17328,25.8117,28.10969,31.110622,25.02026,22.868793,20.74581,16.349735,13.6631975,10.321532,8.292189,7.053447,0.0,7.2302923,7.3712997,6.4930935,8.092895,11.229304,11.857712,11.940449,13.056205,15.90356,16.791424,16.37022,19.176905,20.616665,21.920475,22.398788,24.725224,26.727116,25.514462,22.89212,27.04166,28.594627,25.795189,25.52608,23.805145,19.826391,19.929483,23.160168,20.44851,15.108815,17.379896,15.609395,18.2909,15.612312,11.511031,11.628914,8.024897,9.171013,14.501397,12.012662,8.702414,12.151762,16.807915,16.583227,20.938139,21.835112,21.675116,26.311932,25.393196,27.282532,30.630465,27.551052,23.971567,19.814625,22.99555,16.616371,19.811747,17.465975,19.26291,21.234371,20.854797,16.955954,18.792858,21.536674,21.180801,23.87551,19.99785,15.4654875,17.88152,21.834946,25.20955,25.079462,21.824453,25.792068,20.212158,22.947683,21.791288,24.766161
32,36.60226,33.477333,30.376106,27.22363,25.07808,23.034822,20.2465,17.124119,13.409966,12.37121,8.273103,8.880632,5.8841915,8.998809,11.636155,10.883715,15.049105,16.535421,21.769054,23.038532,27.36774,29.849909,33.572666,28.184462,25.994955,23.268864,19.7437,16.927942,13.541587,12.267249,8.5662775,7.2302923,0.0,5.4927917,7.4382963,6.6959352,7.400056,10.703219,12.000808,11.58578,13.379429,17.173332,16.528345,17.354195,19.211317,22.544184,22.217106,22.990953,25.891006,23.989132,22.886457,27.458054,28.975683,26.318064,27.217808,26.638597,22.205397,23.62776,26.457907,22.172733,18.13776,21.337347,20.570763,22.335852,18.330282,14.914609,16.990826,14.10177,14.302377,20.228428,18.756227,15.485373,17.673409,22.99333,21.759428,26.614304,26.877113,25.761202,30.237734,28.2078,29.553448,32.245132,28.70409,25.75939,21.932106,25.930393,20.18983,24.64593,22.861423,25.322407,27.290989,27.122097,22.540955,23.805117,25.859789,24.650743,26.967844,24.10427,19.282907,20.116735,23.637236,26.623585,25.914888,22.894613,26.60571,21.42311,22.969934,22.225368,24.024294
33,38.79643,35.614826,32.812675,29.216904,27.6447,25.300406,23.172762,20.314453,16.302048,16.30467,12.039274,13.65538,11.266222,14.36918,16.22669,14.296899,18.693813,18.932074,24.974731,25.194588,29.693876,32.463314,35.55576,30.084846,28.267399,26.094835,21.69935,19.507477,15.500962,14.789815,10.099814,7.3712997,5.4927917,0.0,5.444752,8.0446825,7.858971,8.115566,11.24062,12.464335,12.738087,15.695225,16.552454,17.831602,18.23271,21.791212,22.816912,23.222015,25.226593,22.90698,21.150272,26.82825,27.245085,24.02019,25.294628,24.867182,20.888794,21.943373,23.864222,19.542503,16.210869,18.185915,17.215412,18.219547,14.430761,11.757391,13.533311,11.320592,12.752282,18.1069,17.037977,14.857295,17.256138,22.264473,20.697792,25.469973,26.340862,25.00264,29.951023,27.777672,29.808136,32.62841,29.719856,26.669739,22.529554,26.847725,20.934572,25.239824,23.68903,25.72042,28.079956,28.022642,24.223673,26.081911,28.677025,27.938227,30.573484,27.022577,22.371704,24.065306,27.85288,31.03448,30.54243,27.374687,31.016949,25.421125,27.21892,25.846287,27.786194
34,35.5916,32.13377,29.932854,25.80232,24.348269,22.758682,20.083408,18.567337,13.959674,15.4403715,11.87362,14.321559,12.154292,14.297385,14.252639,11.020852,15.249406,14.437294,20.891174,20.378988,24.898329,27.806156,30.554663,25.20491,23.677979,21.88288,17.127848,15.647315,11.26703,11.964748,5.930979,6.4930935,7.4382963,5.444752,0.0,4.5955734,6.305385,5.389049,6.4270344,8.397832,9.863975,11.108384,11.661857,13.96394,14.570514,16.921684,18.05957,19.355717,21.09503,19.41993,17.015959,22.05564,22.9676,19.998756,20.560118,19.788677,15.666297,16.76121,19.179775,15.172686,11.084012,13.933681,13.49643,15.172035,11.050909,7.5153728,10.541151,8.661505,8.051716,13.744816,13.538227,11.421643,12.530642,17.832907,15.6829,20.648815,21.207285,19.645658,24.547642,22.36139,24.420181,27.34819,24.566246,21.402082,17.193583,21.54204,15.729124,20.296837,19.250786,21.550703,24.235613,24.827692,21.217426,23.583649,26.337664,25.250244,28.738348,25.439087,20.565077,22.086535,26.51505,29.817228,28.86846,25.483984,28.378567,22.344786,24.133064,22.083134,24.18517
35,31.957777,28.52538,26.119457,22.230305,20.40268,19.016998,15.8792095,14.395814,9.721842,11.257153,8.232112,10.834657,9.207062,10.63799,10.594072,6.835008,11.243806,11.13202,17.098759,17.578648,21.925756,24.791498,28.084215,23.060703,21.378696,19.157747,15.119676,13.475664,9.327421,10.60305,3.6683168,8.092895,6.6959352,8.0446825,4.5955734,0.0,4.371244,7.004778,5.75075,5.315001,8.568297,11.059549,9.894328,11.469523,13.581809,15.994344,15.720584,17.147343,19.800398,18.471478,16.956266,20.923779,22.862122,20.539812,20.964113,20.376022,15.795898,17.649923,20.743969,16.500795,12.333395,16.575735,16.749084,18.768713,14.332466,10.734378,14.326639,12.256068,10.094926,16.034176,15.9564,13.044496,13.230406,18.904226,16.61833,21.713493,21.471266,19.730478,24.101994,21.670116,22.989008,25.626114,22.250107,19.334036,15.47102,19.864307,14.48557,19.675236,18.827934,21.734694,24.23374,25.043377,20.785069,22.808315,25.097086,23.306528,26.901743,24.416027,19.272154,19.74377,24.212915,27.337221,25.857983,22.521257,24.958347,19.030138,20.266497,18.332241,20.045519
36,30.954985,27.832138,24.996803,21.430029,19.985405,17.490202,15.740005,13.04896,8.958599,10.202154,6.790346,10.173946,9.78092,11.798628,13.6535845,9.863072,14.162361,14.182214,19.605448,20.60251,24.651491,27.706875,31.018414,26.510767,25.04537,22.83835,19.029829,17.630066,13.547545,14.88537,8.015266,11.229304,7.400056,7.858971,6.305385,4.371244,0.0,5.394066,6.572583,5.8329864,6.016994,10.968624,10.744383,10.563972,11.983151,16.297773,16.267141,16.013609,18.81598,16.65944,16.092028,20.971533,22.194498,19.723953,21.250446,21.608046,17.15758,19.626713,21.845911,16.592552,14.038664,17.996187,18.649382,19.73587,14.739343,12.201482,16.443195,14.9296255,13.284636,18.943571,19.374466,16.917446,17.008469,22.633062,19.819723,24.978466,24.7357,22.387821,26.787754,23.619669,24.924423,27.096186,23.873388,21.466146,17.848936,22.751774,17.931105,23.454498,22.957783,25.87301,28.493483,29.365177,25.151955,27.123444,29.331697,27.42837,30.869907,28.50859,23.36169,23.571785,27.825405,30.807844,29.181776,25.972408,28.230698,22.515558,23.143908,21.219282,22.134853
