,0,1,2,3,4,5,6,7,8,9,10,11,12,13,14,15,16,17,18,19,20,21,22,23,24,25,26,27,28,29,30,31,32,33,34,35,36,37,38,39,40,41,42,43,44,45,46,47,48,49,50,51,52,53,54,55,56,57,58,59,60,61,62,63,64,65,66,67,68,69,70,71,72,73,74,75,76,77,78,79,80,81,82,83,84,85,86,87,88,89,90,91,92,93,94,95,96,97,98,99,100,101,102,103,104,105,106,107,108,109,110,111,112,113
0,0.0,4.0831466,7.561137,9.8702965,12.715501,16.0394,18.179697,22.875319,25.554834,28.394796,32.099762,34.03355,35.90988,33.708145,33.68073,29.737604,26.659252,25.395727,20.40713,21.374733,16.817581,16.991205,12.252529,17.257658,20.88729,21.076628,26.43592,27.381495,30.697203,33.303436,34.283188,40.448776,40.437283,42.96314,38.07257,34.73086,35.666065,37.303436,32.731434,30.491632,32.991066,31.584095,27.766438,27.0382,30.192047,26.506214,22.396946,24.498878,25.881624,29.490421,30.7982,24.396713,30.296116,33.332874,31.77805,31.802425,31.031708,33.82101,36.612804,36.38652,36.309467,41.41821,44.115433,46.337975,42.89267,41.47739,45.95474,45.71721,40.56664,42.40099,45.209904,43.184746,39.12,42.11883,38.972183,42.14778,39.26728,35.367874,35.572147,31.16808,29.15253,25.059366,27.197153,29.453087,26.724304,25.619783,32.31252,31.877474,29.141567,30.945864,34.523174,35.63233,31.40327,35.66946,37.923744,37.593105,37.90218,34.702606,39.810783,33.935226,36.020298,35.71985,37.373707,33.5915,29.733185,31.630087,32.803085,29.81125,28.53436,28.478756,27.334072,24.884413,26.487478,23.012373
1,4.0831466,0.0,5.2544804,6.558904,8.994366,13.06399,14.424151,19.441935,21.99363,24.724392,28.412117,30.210007,31.98099,29.702456,29.642141,25.839626,22.70009,21.719954,16.512121,18.049974,13.764557,14.436547,10.475634,14.811253,18.380667,18.096712,23.359924,23.9222,27.219727,29.660671,30.672508,36.678974,36.53514,39.238594,34.47595,30.990862,32.080658,33.943516,29.306171,26.9407,29.776775,28.586996,24.518257,23.934328,27.458467,23.921265,19.47595,22.026646,23.885801,27.318031,28.40639,22.516436,28.628214,31.307142,29.721207,29.586044,28.321688,31.170856,34.319027,33.823868,33.31983,38.61911,41.186916,43.41696,39.742203,38.19599,42.73074,42.33273,37.255432,39.45012,42.081234,39.87092,36.013958,39.348476,36.1951,39.673298,36.93662,32.95081,33.732304,29.005165,27.276115,23.358465,25.144522,26.943672,23.855412,23.031292,29.62683,28.755812,25.912537,27.951992,31.409224,32.19355,27.97389,32.595783,34.433395,33.939976,34.118412,30.80882,35.856117,29.97176,31.955017,31.76133,33.338627,29.52278,25.677845,27.708641,29.020454,26.071278,24.632868,24.847805,23.46209,21.280985,22.986628,19.834597
2,7.561137,5.2544804,0.0,5.5105677,6.664443,9.419113,11.6816845,15.8528,19.139503,21.552948,25.486906,27.386698,29.74355,27.718792,28.716612,24.821054,22.270718,21.804724,16.905529,19.511196,15.805742,17.490374,14.082434,16.54682,20.05927,19.1004,24.16916,24.454285,27.091856,29.8581,29.709974,35.98117,35.081264,37.590816,32.85386,29.205282,29.67328,31.923277,27.708565,24.964796,27.270723,27.145039,23.146687,21.526434,25.213652,23.008314,18.270952,19.477398,22.02661,24.946737,26.941774,21.841217,27.622414,30.101627,29.375166,29.925495,28.209599,31.586245,34.47808,33.014973,32.943253,38.396957,41.20051,42.963043,38.980206,37.82084,42.75831,42.490772,37.59143,40.113987,42.939106,40.770245,37.098015,40.879482,37.312153,41.143612,38.813206,34.604862,35.835796,30.689373,29.559881,25.8106,27.889755,29.15025,25.7261,26.012777,32.306797,30.674992,28.062315,30.60604,33.761425,33.811417,29.943188,35.201584,36.156853,35.282402,35.028404,31.354685,35.99261,29.727442,31.011389,30.765125,31.661081,27.93589,24.623375,26.286114,27.64626,25.412636,24.050045,25.458786,24.1262,22.824406,24.942333,22.55338
3,9.8702965,6.558904,5.5105677,0.0,3.9952033,7.0789347,9.046849,13.649652,15.795315,18.990416,22.447346,24.634527,26.454477,24.561491,24.929184,20.47736,17.997162,16.79768,12.5000725,14.386121,10.776044,12.964673,10.272394,11.293713,14.695799,13.621237,18.705294,19.221224,21.89893,24.868141,24.876965,31.294485,30.971825,33.269894,28.361473,24.993216,25.798607,27.549522,23.057467,20.664076,23.251143,22.305809,18.265944,17.3874,20.991924,17.97856,13.263467,15.663118,17.960884,21.128857,22.307554,17.152132,23.212477,25.521908,24.356274,24.604204,22.842882,26.11917,29.159641,27.950516,27.64487,33.066486,35.813942,37.710114,33.85394,32.604122,37.44695,37.26146,32.287304,34.648552,37.559982,35.538044,31.726078,35.4509,31.818697,35.655685,33.392963,29.151623,30.54955,25.29078,24.353249,20.763838,22.84195,23.882433,20.447851,21.370422,27.455431,25.666018,23.471134,26.275686,29.278057,29.20684,25.952541,31.37006,32.125095,31.622812,31.176928,27.721521,32.763138,27.284912,28.275421,28.911894,29.446692,25.174389,22.178034,24.8532,26.780094,24.454351,22.410032,23.943758,21.279669,20.30151,21.636694,19.435526
4,12.715501,8.994366,6.664443,3.9952033,0.0,5.5784817,5.4720426,10.566969,13.157218,15.734718,19.46278,21.320948,23.337883,21.299473,22.146994,18.16856,15.742124,15.579839,10.925905,14.412846,11.856117,14.515239,13.092512,13.232874,16.147057,14.316819,18.832823,18.524858,20.918678,23.540648,23.28063,29.387072,28.447311,31.091421,26.480047,22.712257,23.499962,25.931543,21.57287,18.722816,21.652042,21.681063,17.330133,16.147793,20.403563,18.38112,13.26293,15.494495,18.709265,21.252245,22.562996,18.602718,24.468658,26.236347,25.382961,25.628128,23.151999,26.548294,29.911472,28.094046,27.328018,32.97823,35.5601,37.322037,33.069466,31.737501,36.718884,36.283367,31.531704,34.50201,37.10864,34.787235,31.42279,35.63364,32.039993,36.25385,34.241493,29.98406,32.06714,26.574594,26.034132,22.804005,24.351616,24.765837,20.93939,22.111916,27.835012,25.456987,23.04275,26.040756,28.80144,28.207056,24.843834,30.632263,30.750324,29.792934,29.169807,25.42757,30.06309,24.206562,24.99044,25.41546,25.827385,21.738485,18.78136,21.174911,23.100073,21.085844,19.099306,21.279928,18.860245,18.46185,20.298672,18.798794
5,16.0394,13.06399,9.419113,7.0789347,5.5784817,0.0,5.7890043,7.563808,10.40628,13.477692,17.011206,19.578209,22.111116,20.83989,22.72627,18.060368,16.933197,16.447226,13.6798115,16.660583,14.691002,17.81695,16.346575,14.720392,17.302814,15.26042,19.26491,19.29569,20.61649,24.018925,22.080378,28.785294,27.452385,29.269228,24.42752,20.982624,20.792353,22.998882,19.263042,16.384062,18.057093,18.839378,15.078568,12.479231,16.400139,15.854596,11.002214,11.004254,14.715025,16.73707,19.092075,15.977756,21.13142,22.77423,22.94218,24.140234,21.600372,25.527626,28.142242,25.413694,25.655504,31.167316,34.165775,35.323196,31.057842,30.42188,35.7563,35.79114,31.231606,34.022717,37.14595,35.278957,31.865673,36.150173,32.01426,36.288605,34.748184,30.351051,32.482178,26.827255,26.913382,23.916674,26.144459,26.241604,22.558115,25.116552,30.331026,27.48721,25.8901,29.298613,31.676498,30.498953,28.137066,34.228245,33.642673,32.748634,31.605112,27.851538,32.230766,26.78932,26.466732,27.478949,26.67565,22.401693,20.697506,23.191584,25.41999,24.268225,22.122355,25.329733,22.362776,22.818253,24.323479,23.339119
6,18.179697,14.424151,11.6816845,9.046849,5.4720426,5.7890043,0.0,5.774044,8.255434,10.32083,14.124005,15.864232,18.063435,16.167326,17.829704,14.047025,12.396695,13.316682,9.795616,14.454169,13.657381,16.89364,16.948626,15.197955,17.203493,14.536917,17.840275,16.685043,18.198885,20.650053,19.472483,25.34277,23.685612,26.412752,22.096397,18.031546,18.648586,21.7204,17.694696,14.394358,17.561377,18.794209,14.346485,12.792173,17.631666,17.060452,11.94726,13.7954235,17.901545,19.480942,20.760183,18.686815,23.960342,24.896553,24.535797,24.910927,21.592508,25.150234,28.661375,25.971243,24.820456,30.597902,33.038086,34.475067,29.81582,28.576687,33.75337,33.197838,28.825325,32.396774,34.80195,32.35689,29.530008,34.276485,30.574604,35.200523,33.70661,29.452776,32.375534,26.646791,26.85853,24.267122,25.412706,24.899559,20.80602,23.009304,27.836514,24.571404,22.479797,25.887802,28.059015,26.540636,23.82617,30.104782,29.061071,27.74228,26.59132,22.638044,26.741314,21.042974,20.870417,21.729155,21.237347,17.043764,14.951435,17.515516,19.855715,18.680353,16.400576,19.928892,17.015224,17.98215,19.82106,19.572556
7,22.875319,19.441935,15.8528,13.649652,10.566969,7.563808,5.774044,0.0,4.7232246,6.0911956,9.987696,12.293954,15.365439,14.425145,17.758278,13.94933,14.091582,15.312949,13.896637,18.161875,18.134659,21.614677,21.81236,18.900694,20.400654,17.50031,19.7858,18.536549,18.658648,21.450855,18.337238,24.292208,21.694216,23.735071,19.583431,15.641011,15.010008,18.526655,15.56685,11.940156,13.862105,16.974106,13.278379,10.096598,14.857896,16.718212,12.338657,11.83713,16.634525,16.946325,19.09296,18.927008,23.05527,23.365017,24.137976,25.29547,21.607466,25.521128,28.438038,24.56891,24.034742,29.631624,32.26647,32.98337,28.110464,27.53703,33.021187,32.755917,28.870358,32.589165,35.209213,33.063347,30.576313,35.556732,31.491291,36.27928,35.391617,31.13015,34.39015,28.578712,29.494974,27.328482,28.74488,27.713266,23.744053,27.069656,31.163607,27.325474,25.938686,29.643103,31.287594,29.013435,27.280691,33.77528,31.78826,30.318974,28.597319,24.64698,28.017584,22.806585,21.25335,22.597916,20.59945,16.558096,16.246557,18.499905,21.034643,21.084812,18.86389,23.498232,20.427763,22.359674,24.02038,24.46727
8,25.554834,21.99363,19.139503,15.795315,13.157218,10.40628,8.255434,4.7232246,0.0,4.692571,6.873698,9.919425,12.159786,11.751924,14.690464,10.205021,11.467113,12.363564,12.923344,16.431536,17.484568,21.04981,22.186628,18.02782,18.690825,15.576959,16.709412,15.273397,14.601961,17.54358,13.73892,19.878029,17.580564,19.285925,14.921112,11.121266,10.689669,13.99643,10.892927,7.220376,9.747221,12.855419,9.247383,6.677417,11.628727,13.780416,10.148562,10.452206,14.984626,14.849022,15.952409,17.095522,20.730742,20.379404,21.021814,21.969944,17.882135,21.680735,24.677704,20.604925,19.665916,25.230667,27.747353,28.405407,23.454327,22.89149,28.400566,28.208118,24.46716,28.256506,30.880747,28.890285,26.549868,31.618082,27.493275,32.370796,31.813948,27.654758,31.311914,25.550253,26.96257,25.36468,26.531054,24.950724,21.124779,25.265194,28.565346,24.371307,23.638092,27.533178,28.732819,26.039576,25.273815,31.7869,29.285315,28.10056,26.035145,22.392155,25.84206,21.786518,19.588018,22.042526,19.389864,14.825162,15.503589,18.734152,21.737495,21.861038,19.135216,23.807913,19.671127,22.147478,23.03409,23.98839
9,28.394796,24.724392,21.552948,18.990416,15.734718,13.477692,10.32083,6.0911956,4.692571,0.0,4.3675494,6.2159834,9.590197,9.207676,13.783563,11.181227,12.752522,15.15142,15.3323145,19.715155,21.078289,24.5523,25.89748,22.190666,22.817942,19.594553,20.336683,18.197285,17.266264,19.242006,15.360063,20.171684,16.561783,18.83903,15.564688,11.332367,10.579634,15.238832,13.16881,9.389405,11.750871,16.27708,13.101427,10.695303,15.198332,18.206673,14.803075,14.690119,19.325619,18.622843,19.9209,21.730038,25.033136,24.323448,25.227663,26.092552,21.740162,25.290485,28.42301,24.024204,22.627508,28.032349,30.18157,30.61608,25.395897,24.772562,30.1404,29.58443,26.39881,30.771193,32.850807,30.532528,28.908194,34.27631,30.440344,35.47943,35.126213,31.13923,35.185295,29.48813,30.988256,29.552776,30.284498,28.422043,24.485329,28.290445,31.263922,26.801401,25.773903,29.557539,30.496685,27.392576,26.460363,32.998966,29.895973,28.122797,25.908176,22.067776,24.500746,20.131863,17.32336,19.38718,16.104914,12.230732,13.755975,16.065561,18.93719,19.954615,17.601227,22.99935,19.638224,22.687105,24.083479,25.630444
10,32.099762,28.412117,25.486906,22.447346,19.46278,17.011206,14.124005,9.987696,6.873698,4.3675494,0.0,3.8863745,6.6134953,7.8032517,12.6360655,10.383478,13.325887,15.561063,17.3401,20.987585,23.089067,26.531687,28.42281,23.949884,23.948746,20.709532,20.339233,18.05517,16.103687,17.86779,12.91243,17.128902,13.079541,14.799113,11.950667,8.049555,6.6489644,11.804234,10.799728,7.5305824,9.420538,14.69897,12.471733,10.679759,14.296934,18.114985,15.804038,15.621349,19.801416,18.395388,19.056673,22.310564,24.753754,23.328163,24.447315,25.292433,20.705832,23.994642,26.925844,22.121887,20.491205,25.53172,27.469442,27.545538,22.236355,21.855988,27.157684,26.679348,24.031145,28.52879,30.492674,28.382168,27.203926,32.629852,28.809494,33.868443,33.99608,30.230831,34.63029,29.127268,31.123737,30.246742,30.782057,28.42423,24.759602,29.190706,31.296925,26.525097,26.152727,30.00306,30.414038,26.810884,26.893703,33.31437,29.556816,27.933065,25.322847,21.875624,23.868582,20.803587,17.089005,20.105757,15.8523035,12.061097,15.053849,17.726694,20.788534,22.161028,19.63005,25.062607,21.14292,24.668898,25.495338,27.52301
11,34.03355,30.210007,27.386698,24.634527,21.320948,19.578209,15.864232,12.293954,9.919425,6.2159834,3.8863745,0.0,4.3522296,5.4285607,11.296337,11.103273,13.825086,17.061438,18.466087,22.617504,25.001287,28.30295,30.517748,26.401173,26.338886,23.034761,22.448465,19.611,17.808645,18.558903,14.404961,17.053394,12.126787,14.85792,13.299567,9.274042,8.784233,14.217734,13.477984,10.499583,12.9165125,17.956902,15.619399,14.418448,18.06904,21.530128,19.064386,19.391165,23.596752,22.266914,22.685366,25.858202,28.459543,26.93934,27.809402,28.281267,23.557917,26.496262,29.775696,25.177746,22.860128,27.77865,29.249083,29.427036,24.032583,23.281403,28.227446,27.272701,25.037323,30.003014,31.336212,28.834055,28.270664,33.872654,30.469471,35.606888,35.769894,32.19773,36.89088,31.488346,33.42906,32.673008,32.717934,30.166113,26.424133,30.40469,32.21339,27.329716,26.649649,30.311272,30.505175,26.667042,26.56708,32.867767,28.690374,26.61914,23.957678,20.463573,21.570238,18.519066,14.340452,17.189487,12.433027,9.378002,13.199008,15.235821,18.184048,20.136225,17.8709,23.565659,20.192608,24.102533,25.17914,27.688631
12,35.90988,31.98099,29.74355,26.454477,23.337883,22.111116,18.063435,15.365439,12.159786,9.590197,6.6134953,4.3522296,0.0,3.5440612,8.236609,9.32525,12.625015,15.934444,18.361778,21.909845,25.016087,28.103558,31.020771,26.553734,25.925217,22.673473,21.159824,17.958557,15.771145,15.640222,11.9129,13.124177,7.971992,11.550679,10.834094,7.0569315,8.195108,13.100251,12.410337,10.310512,13.477589,17.522123,15.477227,15.66098,18.901817,21.668053,19.78039,21.10425,24.815172,23.566689,22.923618,26.462395,28.898445,27.028465,27.379114,27.275278,22.430653,24.781286,28.353926,24.144117,20.906294,25.561401,26.500854,26.87714,21.490812,20.304577,24.86969,23.582106,21.725029,26.991182,27.825108,25.175556,25.143532,30.80097,27.763523,32.896397,33.26645,30.005665,35.04648,29.929714,32.070923,31.807257,31.321327,28.353321,24.839985,28.913363,29.886702,24.842592,24.518711,28.07326,27.789661,23.600712,24.234907,30.28319,25.603323,23.664845,20.743418,17.680542,18.52164,16.924604,12.255594,16.241417,11.273428,8.025208,12.694071,15.481439,18.619545,20.349545,17.799402,23.071482,19.09298,23.32635,23.785976,26.774408
13,33.708145,29.702456,27.718792,24.561491,21.299473,20.83989,16.167326,14.425145,11.751924,9.207676,7.8032517,5.4285607,3.5440612,0.0,6.1164336,8.083369,10.341961,14.404681,15.923556,20.018015,23.036848,26.004133,28.992708,25.059034,24.628527,21.356895,20.276728,16.79294,15.46155,14.949483,12.723954,14.123382,9.802811,14.22101,13.0629015,8.778202,10.75788,15.492768,13.688472,11.176984,15.2950115,18.628193,15.769983,16.216505,20.088995,21.915386,19.376451,21.427156,25.291876,24.61765,23.943727,26.506748,29.654016,28.190508,28.063257,27.623955,22.826532,25.140574,29.173294,25.493315,21.931108,26.923933,27.810669,28.688574,23.343449,21.654335,26.12427,24.534649,22.235956,27.611183,28.24908,25.200275,25.003395,30.709373,27.885284,33.05624,33.023006,29.694323,34.664352,29.471313,31.238445,30.733402,30.009644,27.224503,23.4837,26.918047,28.255653,23.348558,22.413122,25.855303,25.825247,21.880974,21.710651,27.850527,23.449965,21.246788,18.579142,15.102602,16.239916,13.693849,9.438964,13.209424,8.940502,4.7773547,9.154083,12.213839,15.474158,16.903744,14.27176,19.54304,15.745215,19.998013,20.746986,23.775997
14,33.68073,29.642141,28.716612,24.929184,22.146994,22.72627,17.829704,17.758278,14.690464,13.783563,12.6360655,11.296337,8.236609,6.1164336,0.0,6.1939363,7.547968,11.574251,13.914749,16.986387,20.814255,23.263376,27.16218,23.202423,22.146822,19.129633,17.20085,13.220217,12.417205,10.274014,10.98758,11.015833,9.153076,14.296193,13.215242,9.736324,13.503702,16.730371,13.971737,12.54194,17.58727,18.758701,15.787127,18.020824,21.60919,21.60952,19.465452,23.153904,26.309895,26.273056,24.351768,26.329653,29.768265,28.347218,27.125944,25.678375,21.042734,22.477634,27.16743,24.69189,19.944994,24.78302,25.0437,26.737947,21.7256,19.0483,22.837967,20.67825,18.173203,23.743895,23.714241,20.181543,20.235542,25.913954,23.741285,28.821749,28.59405,25.614016,30.799246,26.004875,27.639994,27.578316,26.01802,22.92757,19.42213,22.437115,22.958418,18.040936,17.169872,20.400473,19.99296,15.87924,16.173218,22.095982,17.462578,15.570405,12.772635,9.611604,11.811392,11.098369,7.8281035,12.839215,10.484121,6.250253,8.698903,13.206369,16.484428,16.653385,13.5252075,17.355558,12.34329,16.687887,16.378487,19.902952
15,29.737604,25.839626,24.821054,20.47736,18.16856,18.060368,14.047025,13.94933,10.205021,11.181227,10.383478,11.103273,9.32525,8.083369,6.1939363,0.0,4.4248548,6.6888347,10.422089,12.798449,16.405525,19.276857,22.770966,18.047022,17.026516,13.863332,12.213782,8.773013,7.7376437,8.206449,7.2260156,11.427399,10.829055,14.177017,10.757612,7.006509,10.652209,13.092579,9.041812,7.431445,12.916905,13.17284,9.72164,12.345217,15.950073,15.465952,13.341484,17.285707,20.207796,20.444443,18.46382,20.146349,23.702707,22.540924,21.33172,20.223444,15.569641,17.696068,22.19121,19.568129,15.536677,20.98647,22.133465,23.806995,18.792198,16.57615,21.275398,20.033323,16.420395,21.255316,22.579891,19.783575,18.33309,23.8793,20.722599,25.87331,25.45913,21.89819,26.69178,21.434595,23.158503,22.782265,22.081537,19.28959,15.593293,19.726248,21.15517,16.294474,15.9692135,19.808048,20.058119,16.566935,17.007977,23.320223,19.849588,18.94495,16.507568,13.482102,17.319288,15.679562,13.399648,17.621088,15.41485,10.345227,11.51164,16.456017,19.871881,19.436165,16.02403,19.724829,13.977937,17.370377,16.780415,19.153538
16,26.659252,22.70009,22.270718,17.997162,15.742124,16.933197,12.396695,14.091582,11.467113,12.752522,13.325887,13.825086,12.625015,10.341961,7.547968,4.4248548,0.0,5.0094533,6.575191,9.850084,13.327535,15.972941,19.6472,15.823136,15.1676855,12.090439,11.531852,7.916862,9.23874,9.227437,10.934465,14.715521,14.660371,18.42773,15.077857,11.411168,14.81606,17.213373,12.693355,10.875733,16.366243,15.885906,11.735455,14.338973,18.38727,16.559544,13.553933,18.40208,21.307325,22.35188,20.494064,20.551662,25.026611,24.526943,22.714863,21.190834,16.98146,18.946308,23.833767,22.08811,18.049051,23.588036,24.685337,26.885744,22.181684,19.589697,23.915983,22.434362,18.381666,22.945456,24.061483,20.9134,19.0855,24.389898,21.603998,26.58068,25.502712,21.885462,26.325115,21.059055,22.054466,21.20934,20.192005,17.874186,13.811645,16.751034,19.057093,14.622513,13.141836,16.8796,17.7764,15.029884,13.945692,20.465023,17.876307,16.893717,15.107291,11.694985,16.473938,13.753613,13.06538,16.445538,15.7824955,10.819332,9.773277,14.950436,18.176815,16.810638,13.296668,16.207232,10.24107,13.1629925,12.720835,14.858565
17,25.395727,21.719954,21.804724,16.79768,15.579839,16.447226,13.316682,15.312949,12.363564,15.15142,15.561063,17.061438,15.934444,14.404681,11.574251,6.6888347,5.0094533,0.0,6.3784876,6.259508,10.239726,12.894931,16.762869,11.880158,10.592359,7.5760026,6.588597,3.579841,6.1942196,8.07449,10.105569,15.263495,16.708204,19.300611,15.083992,12.469038,15.6629095,16.557863,11.477369,10.683616,15.651636,13.174755,9.168521,12.919997,16.18845,12.718695,10.375065,16.222862,18.171381,19.75842,17.146826,16.519081,21.080307,20.833977,18.380348,16.523827,12.67078,14.591676,19.521997,18.530914,14.746279,20.315134,21.767942,24.256577,20.041794,17.54302,21.902956,20.992313,16.254433,19.892672,21.797565,19.26085,16.318365,21.192377,17.94654,22.754059,21.440037,17.535885,21.653526,16.223997,17.251656,16.434893,15.799697,13.581539,9.531457,13.682228,16.237612,12.072703,11.58033,15.574094,16.730122,14.642167,14.427548,20.553442,18.851688,18.956179,17.389528,14.820206,20.201927,18.323673,17.867105,21.377104,20.68951,15.661556,14.704242,19.826405,22.97966,21.246937,17.763979,19.860727,13.642897,15.404844,13.987408,15.059859
18,20.40713,16.512121,16.905529,12.5000725,10.925905,13.6798115,9.795616,13.896637,12.923344,15.3323145,17.3401,18.466087,18.361778,15.923556,13.914749,10.422089,6.575191,6.3784876,0.0,6.0796022,7.6760955,10.372505,13.476036,11.0184355,11.539979,8.885264,11.191806,9.269168,12.571599,13.718057,15.945768,20.723534,21.120298,24.461086,20.419832,16.916431,19.613913,21.593592,16.585163,14.621669,19.491259,18.066273,13.455757,15.496026,19.672571,16.269974,12.242397,17.703781,20.300665,22.484663,21.131908,18.755167,24.333687,24.940578,22.676762,21.172867,17.925121,20.135563,24.853477,23.958138,20.882317,26.489687,28.069103,30.579561,26.340048,23.911089,28.191986,27.060253,22.37171,25.924814,27.574617,24.697697,21.829298,26.37112,23.520452,28.013357,26.087126,22.198736,25.511456,20.169878,20.069597,18.107813,17.636105,16.686283,12.433546,13.874129,18.342339,15.232569,12.713617,16.099573,18.339739,17.314217,14.458707,20.623465,20.105463,19.535835,18.789337,15.497013,20.915289,16.886461,17.865833,19.805096,20.475695,15.850033,12.905713,17.308306,19.985033,17.474876,14.320844,15.8224745,10.678252,11.222439,11.265169,11.272546
19,21.374733,18.049974,19.511196,14.386121,14.412846,16.660583,14.454169,18.161875,16.431536,19.715155,20.987585,22.617504,21.909845,20.018015,16.986387,12.798449,9.850084,6.259508,6.0796022,0.0,4.803601,6.7355065,11.225949,7.332703,6.3677425,4.576319,6.778282,6.6705585,10.95202,12.597364,15.900159,20.822968,22.843271,25.368698,21.023266,18.651236,21.566387,22.061552,16.881693,16.195616,20.59185,17.09617,13.261514,16.622932,19.58839,14.277973,11.692603,18.141039,19.2893,22.016258,19.471117,16.303732,21.76344,22.570326,19.243223,16.891132,14.537081,15.972043,20.764433,21.291332,18.173874,23.303223,24.845432,27.841204,24.379055,21.811682,25.57739,24.799452,19.692049,22.155586,24.18879,21.844103,18.090408,21.851347,19.02876,23.04671,20.71164,16.809277,19.652136,14.491352,14.058792,12.240319,11.591019,10.890226,6.780161,8.973966,13.687992,11.299647,9.84846,13.236776,15.640609,15.490196,13.84684,19.180857,19.565615,20.277441,19.715738,17.523106,23.502535,21.128744,22.091478,24.726122,25.265947,20.49157,18.132654,22.884172,25.6108,22.900309,19.694405,20.22202,14.558077,14.348766,12.560209,11.7179785
20,16.817581,13.764557,15.805742,10.776044,11.856117,14.691002,13.657381,18.134659,17.484568,21.078289,23.089067,25.001287,25.016087,23.036848,20.814255,16.405525,13.327535,10.239726,7.6760955,4.803601,0.0,3.5868404,6.568043,4.356915,5.973706,5.516273,10.219891,11.152839,15.082298,17.294016,19.791965,25.302465,26.90111,29.296886,24.620638,22.043844,24.383936,24.997952,19.841494,18.765076,22.60531,19.267204,15.372655,17.682976,20.672731,15.112362,11.888484,17.807556,18.79275,22.139114,20.438406,15.63563,21.695805,23.338194,20.202965,18.438137,16.864588,18.74734,22.870287,23.46585,21.442652,26.518515,28.495188,31.330315,28.02289,25.84905,29.77814,29.286705,24.095531,26.059347,28.48134,26.39949,22.350101,25.612097,22.652618,26.242002,23.5862,19.625055,21.335466,16.3321,15.076187,12.032875,12.663085,13.494574,10.112348,10.7500305,16.73607,15.414743,13.586464,16.315405,19.30212,19.850481,17.347473,22.24429,23.512697,24.09236,23.864927,21.430193,27.345175,23.985275,25.342392,27.270815,28.136211,23.439215,20.530228,24.748732,27.190407,24.218388,21.35002,21.603664,16.917833,15.744341,14.80289,12.583373
21,16.991205,14.436547,17.490374,12.964673,14.515239,17.81695,16.89364,21.614677,21.04981,24.5523,26.531687,28.30295,28.103558,26.004133,23.263376,19.276857,15.972941,12.894931,10.372505,6.7355065,3.5868404,0.0,5.4741397,5.935219,7.0266376,7.968192,11.971099,13.174943,17.383583,19.10315,22.453182,27.491789,29.549427,32.022125,27.491066,25.103968,27.664064,28.06406,22.90189,22.07829,25.952305,22.185244,18.550018,21.128727,23.85238,17.827644,15.130597,21.045542,21.578234,25.125921,23.130611,17.892296,23.822828,25.649569,22.04762,19.82005,18.874863,20.128773,24.235874,25.654612,23.475916,28.183838,29.920464,33.06697,30.129986,27.738604,31.194096,30.613914,25.41389,26.957434,29.148785,27.089592,22.943964,25.607794,23.163101,26.257208,23.184088,19.568241,20.656582,16.313822,14.272028,11.068718,11.174624,12.870051,10.232495,8.89692,15.436878,15.234364,13.190355,15.157012,18.501307,19.944494,17.121769,21.158468,23.39861,24.35661,24.576117,22.56308,28.602606,25.5513,27.44435,29.200321,30.576822,26.055466,22.818998,26.941479,29.187529,25.83746,23.1242,22.468351,18.090607,16.144476,14.766887,11.756452
22,12.252529,10.475634,14.082434,10.272394,13.092512,16.346575,16.948626,21.81236,22.186628,25.89748,28.42281,30.517748,31.020771,28.992708,27.16218,22.770966,19.6472,16.762869,13.476036,11.225949,6.568043,5.4741397,0.0,6.7302165,9.687778,10.903834,15.874033,17.52784,21.337984,23.747368,26.052032,31.800047,33.361652,35.594036,30.714619,28.177422,30.102444,30.589987,25.5655,24.41686,27.620255,24.189487,20.636312,22.130405,24.729338,18.953403,15.921202,20.725452,21.075586,25.012022,24.018642,17.622808,23.749891,26.308668,23.223955,21.865316,21.447414,23.282179,26.611446,27.743513,26.695705,31.40515,33.642277,36.462166,33.569706,31.666853,35.462734,35.226852,29.96402,31.21203,33.89549,32.122177,27.75691,30.227709,27.412104,30.278303,27.196955,23.476557,23.707521,19.486032,17.215406,13.266363,14.951464,17.353691,15.081622,14.059799,20.612482,20.610855,18.646738,20.484678,23.925331,25.386852,22.305952,26.277538,28.698612,29.407421,29.63279,27.27508,33.164333,29.258724,31.131914,32.401062,33.735683,29.231905,25.846619,29.471027,31.507032,28.205084,25.811966,25.375975,21.835691,19.61505,19.158257,15.699164
23,17.257658,14.811253,16.54682,11.293713,13.232874,14.720392,15.197955,18.900694,18.02782,22.190666,23.949884,26.401173,26.553734,25.059034,23.202423,18.047022,15.823136,11.880158,11.0184355,7.332703,4.356915,5.935219,6.7302165,0.0,3.699249,4.7488446,9.827796,12.173349,15.413884,18.56584,20.107813,26.254183,28.132313,29.744877,24.695553,22.680462,24.549433,24.393183,19.442648,18.834627,21.798899,17.707993,14.499731,16.688782,18.788769,12.541226,10.180962,15.791801,15.794906,19.518686,17.730152,12.010547,18.055332,20.12698,16.899153,15.49436,14.741008,16.83484,20.203049,21.059166,20.053614,24.815794,27.235401,29.86656,26.96933,25.29683,29.304564,29.38915,24.119772,25.290176,28.42264,27.003605,22.467106,25.250267,21.795488,25.038382,22.459606,18.335358,19.318512,14.264966,13.061576,9.588913,11.876006,13.189711,10.58286,12.591512,18.096104,16.995844,16.277424,19.050392,21.780123,22.269728,20.746933,25.426094,26.601892,27.51704,27.043373,24.790838,30.702038,27.694113,28.515789,30.813032,31.089514,26.16631,23.848106,28.186453,30.78369,28.096733,25.154552,25.823763,20.940268,20.050877,18.905823,16.755722
24,20.88729,18.380667,20.05927,14.695799,16.147057,17.302814,17.203493,20.400654,18.690825,22.817942,23.948746,26.338886,25.925217,24.628527,22.146822,17.026516,15.1676855,10.592359,11.539979,6.3677425,5.973706,7.0266376,9.687778,3.699249,0.0,3.3204186,6.8305926,9.850938,13.028473,16.084528,18.11988,23.91267,26.466665,27.846405,22.940414,21.439299,23.652895,22.945183,18.028093,18.069668,21.147373,16.282028,13.535408,16.745722,18.36264,11.616292,10.477791,16.597301,16.17622,19.591064,16.754332,11.959076,17.382715,18.939299,15.077935,12.842444,12.1558485,13.629632,17.360285,18.835142,17.257973,21.781523,23.967216,26.842262,24.200872,22.328564,26.021051,26.13992,20.85173,21.749418,24.88142,23.632442,18.94904,21.571714,18.1413,21.362316,18.812422,14.664478,15.991263,10.774496,9.894252,7.095209,8.950194,9.722262,7.347071,10.63967,15.264322,14.070721,14.194694,17.059557,19.397598,19.785679,19.20319,23.673643,24.611433,25.931969,25.321138,23.51479,29.480568,27.40901,27.992563,30.829859,30.887245,25.89924,24.007727,28.721966,31.50027,28.904379,25.750513,26.380053,20.903513,20.379961,18.498997,16.870594
25,21.076628,18.096712,19.1004,13.621237,14.316819,15.26042,14.536917,17.50031,15.576959,19.594553,20.709532,23.034761,22.673473,21.356895,19.129633,13.863332,12.090439,7.5760026,8.885264,4.576319,5.516273,7.968192,10.903834,4.7488446,3.3204186,0.0,5.393648,7.535515,10.677303,13.908634,15.501795,21.515545,23.595713,25.198751,20.286333,18.42522,20.67336,20.415789,15.35339,15.050127,18.499643,14.244299,10.89064,14.1285095,16.345137,10.282123,8.27178,14.741743,15.162267,18.182436,15.578417,11.794042,17.31632,18.429182,15.1301365,13.266805,11.354226,13.447494,17.5598,17.995817,16.037579,21.109314,23.303837,25.967373,22.75865,20.854523,24.972387,24.904146,19.674149,21.378687,24.358038,22.778746,18.463655,21.878801,18.254757,22.098898,19.961237,15.688251,17.978836,12.402459,12.335146,10.16126,11.307542,10.99413,7.607779,11.597881,15.951184,13.720205,13.569158,16.942167,19.071497,18.73003,18.086975,23.23487,23.428204,24.326418,23.435732,21.276628,27.089268,24.783361,25.0589,27.969418,27.766638,22.731323,21.039886,25.791817,28.670507,26.33345,23.102613,24.277296,18.656363,18.69241,17.126999,16.103466
26,26.43592,23.359924,24.16916,18.705294,18.832823,19.26491,17.840275,19.7858,16.709412,20.336683,20.339233,22.448465,21.159824,20.276728,17.20085,12.213782,11.531852,6.588597,11.191806,6.778282,10.219891,11.971099,15.874033,9.827796,6.8305926,5.393648,0.0,4.136329,6.4911323,9.658003,11.895255,17.233257,20.33242,21.545591,16.98528,16.02466,18.82195,17.76671,12.941921,13.777923,17.352848,12.306386,9.936547,14.594171,16.05365,10.325966,10.318324,16.554962,16.644363,18.808054,14.870711,13.435345,17.516216,17.509193,13.777146,10.891337,8.207592,9.249707,14.236842,15.049471,11.6612,16.582289,18.30599,21.261799,18.172134,15.856472,19.678253,19.57456,14.318404,16.108688,19.013952,17.567516,13.23004,16.97977,13.226284,17.508747,15.87423,11.6427145,15.271563,9.690377,11.027565,10.811891,10.651286,8.390693,5.342962,11.565578,13.549729,10.388131,11.886471,15.477209,16.579342,15.47356,16.685274,21.624516,20.898354,22.233332,20.919844,19.433084,25.05061,24.284822,23.946398,27.710203,26.982553,21.980732,21.224585,26.372902,29.48291,27.49284,24.042204,25.38097,19.089594,19.952955,17.558329,17.660532
27,27.381495,23.9222,24.454285,19.221224,18.524858,19.29569,16.685043,18.536549,15.273397,18.197285,18.05517,19.611,17.958557,16.79294,13.220217,8.773013,7.916862,3.579841,9.269168,6.6705585,11.152839,13.174943,17.52784,12.173349,9.850938,7.535515,4.136329,0.0,4.5088935,6.3937006,9.775784,14.442583,17.178814,19.23368,15.135081,13.548984,16.950752,16.798983,11.89472,12.23877,16.761751,13.011551,9.975169,14.582731,16.9049,12.593243,11.617075,17.686323,18.776129,20.417606,16.877928,16.435287,20.508,20.062628,16.947203,14.348622,10.774175,11.808271,17.061735,16.976595,12.607918,17.82134,19.012987,21.90044,18.149967,15.345812,19.26886,18.456305,13.45306,16.663286,18.651592,16.351057,12.971483,17.669828,14.4534,19.212362,17.892996,14.066594,18.44048,13.217679,14.55202,14.453946,13.369675,10.575352,6.921812,12.111018,13.636342,9.378378,10.161058,14.110652,14.881917,12.899059,13.967314,19.51601,17.933176,18.78978,17.235397,15.495825,21.00453,20.33674,19.880182,23.778051,23.068241,18.16521,17.522938,22.754057,25.903074,24.077267,20.57421,22.143848,15.684649,17.209188,14.915439,15.946715
28,30.697203,27.219727,27.091856,21.89893,20.918678,20.61649,18.198885,18.658648,14.601961,17.266264,16.103687,17.808645,15.771145,15.46155,12.417205,7.7376437,9.23874,6.1942196,12.571599,10.95202,15.082298,17.383583,21.337984,15.413884,13.028473,10.677303,6.4911323,4.5088935,0.0,4.9931846,5.5957127,10.981147,13.937249,15.1487465,10.926096,10.216066,13.5776825,12.730752,8.239743,9.611508,13.690169,9.997916,8.072211,13.021757,14.624349,11.692166,11.899014,16.947168,17.986403,18.725906,14.819122,16.45032,19.34606,18.02703,15.544706,13.397525,8.999228,10.18119,15.102229,13.950765,9.058444,14.464937,15.722162,18.13412,13.955933,11.373737,15.908895,15.415089,10.698371,14.396146,16.718264,14.850789,11.960194,17.08192,13.336015,18.42483,18.070393,14.416579,19.301083,14.246488,16.588604,17.11807,16.446339,13.1802025,10.428438,16.22894,16.60163,11.978878,13.747199,17.586145,17.562595,14.627139,17.019903,22.453732,19.78958,20.513914,18.31829,16.758486,21.474113,21.560549,19.953747,24.4694,22.67603,17.799809,18.504408,23.697695,27.035048,25.922516,22.393637,24.793219,18.334997,20.64079,18.540258,20.1208
29,33.303436,29.660671,29.8581,24.868141,23.540648,24.018925,20.650053,21.450855,17.54358,19.242006,17.86779,18.558903,15.640222,14.949483,10.274014,8.206449,9.227437,8.07449,13.718057,12.597364,17.294016,19.10315,23.747368,18.56584,16.084528,13.908634,9.658003,6.3937006,4.9931846,0.0,7.2741117,8.681579,12.4707775,14.828444,12.213786,11.442542,15.60116,15.430656,11.716442,12.775023,17.320606,14.582603,12.697193,17.29591,19.250744,16.673088,16.472784,21.609682,22.939396,23.572834,19.696232,21.320795,24.244526,22.774065,20.117094,17.433521,13.421274,13.411637,18.571024,17.98819,12.176511,16.630377,16.638988,19.452555,15.406005,11.832171,15.193529,13.488895,9.321802,14.2243595,14.86417,11.852012,10.346878,15.972877,13.556712,18.622261,18.347101,15.480391,20.877905,16.571217,18.662313,19.64958,17.723225,13.964318,11.461403,16.04599,15.080248,9.964993,11.672003,15.180061,14.339386,10.5348015,13.798357,18.950111,15.404519,16.14104,13.742155,12.817412,17.309486,18.742514,17.296144,22.100622,20.705544,16.350004,17.123825,22.305735,25.526377,24.385355,20.915682,22.829176,16.337694,19.032328,16.49093,18.985703
30,34.283188,30.672508,29.709974,24.876965,23.28063,22.080378,19.472483,18.337238,13.73892,15.360063,12.91243,14.404961,11.9129,12.723954,10.98758,7.2260156,10.934465,10.105569,15.945768,15.900159,19.791965,22.453182,26.052032,20.107813,18.11988,15.501795,11.895255,9.775784,5.5957127,7.2741117,0.0,7.4976845,9.244266,9.737485,5.4112473,5.478779,8.915152,8.176255,5.074806,7.105514,10.624891,9.232246,8.557307,12.372217,13.660905,13.641846,14.111453,17.387888,19.010086,18.469765,15.1147995,18.925049,20.71851,18.51567,17.445446,16.356245,11.59672,13.123145,16.947262,13.917422,9.322702,14.291213,15.427457,16.680979,11.577544,9.720309,14.910241,14.484805,11.19984,15.68699,17.702303,16.022455,14.590194,19.918213,16.229515,21.307972,21.871895,18.631876,23.707716,18.946983,21.726038,22.393335,21.959015,18.566788,16.009785,21.653238,21.572186,16.673485,18.362392,22.124495,21.578287,17.765776,20.555843,26.096615,22.266762,22.355616,19.54802,17.848831,21.263992,21.738417,18.783611,23.716393,20.639006,16.086872,18.393337,23.195412,26.62331,26.467804,23.070086,26.499962,20.404459,23.588003,22.042728,24.27272
31,40.448776,36.678974,35.98117,31.294485,29.387072,28.785294,25.34277,24.292208,19.878029,20.171684,17.128902,17.053394,13.124177,14.123382,11.015833,11.427399,14.715521,15.263495,20.723534,20.822968,25.302465,27.491789,31.800047,26.254183,23.91267,21.515545,17.233257,14.442583,10.981147,8.681579,7.4976845,0.0,6.146525,7.4366264,8.154302,9.485637,13.051344,12.714894,12.024543,13.721458,16.81394,16.235497,16.050455,19.593517,20.729713,20.915092,21.47767,24.805967,26.412493,25.597614,22.02586,26.153955,27.536654,24.917679,23.637213,21.880516,17.598104,17.583466,21.382704,19.140675,13.578264,16.528515,15.725104,17.027617,12.46396,9.590615,12.582048,10.59995,9.796118,15.411159,15.182315,12.827698,14.061946,19.38255,17.277866,22.009481,23.235924,21.15432,26.786625,23.055326,25.921673,27.362886,25.783113,21.798271,19.855291,24.64665,22.776134,17.808674,19.789711,22.860071,21.122707,16.445261,20.56917,25.154188,19.972813,19.975227,16.721447,16.267776,18.013226,21.035587,17.559795,23.040087,19.784056,16.519388,19.70684,24.102062,27.31233,27.568998,24.40704,27.479511,21.696901,25.417553,23.486376,26.708405
32,40.437283,36.53514,35.081264,30.971825,28.447311,27.452385,23.685612,21.694216,17.580564,16.561783,13.079541,12.126787,7.971992,9.802811,9.153076,10.829055,14.660371,16.708204,21.120298,22.843271,26.90111,29.549427,33.361652,28.132313,26.466665,23.595713,20.33242,17.178814,13.937249,12.4707775,9.244266,6.146525,0.0,5.6091013,7.605658,7.2154436,9.989447,11.929926,12.12776,12.46516,15.32757,17.273832,16.600664,18.694876,20.516619,22.3693,22.045319,24.303295,26.852036,25.521162,23.19635,27.647114,29.205091,26.62649,26.326988,25.434814,20.752066,21.829952,25.366062,21.852015,17.376217,20.892323,20.78137,21.234407,16.171585,14.477481,18.084372,16.447206,15.783444,21.24726,21.310734,18.883125,19.950075,25.40297,22.962267,27.840145,28.89874,26.38713,31.874063,27.558384,30.247082,31.03837,29.893517,26.22064,23.561985,28.12864,27.309677,22.174183,23.138123,26.418068,25.124306,20.39213,23.127014,28.340084,22.919985,21.819317,18.459211,16.931747,17.531376,19.291965,14.713434,19.962406,15.5418215,12.801359,17.192337,20.800344,23.94085,25.109625,22.259602,26.3961,21.41785,25.660166,24.763412,28.171648
33,42.96314,39.238594,37.590816,33.269894,31.091421,29.269228,26.412752,23.735071,19.285925,18.83903,14.799113,14.85792,11.550679,14.22101,14.296193,14.177017,18.42773,19.300611,24.461086,25.368698,29.296886,32.022125,35.594036,29.744877,27.846405,25.198751,21.545591,19.23368,15.1487465,14.828444,9.737485,7.4366264,5.6091013,0.0,5.549017,8.400884,9.440048,9.138777,11.470405,13.056015,13.985377,15.826155,16.738218,18.657064,19.082682,21.79241,22.632235,24.00298,25.898912,23.919373,21.369188,27.05283,27.378237,24.218088,24.531517,24.143244,19.764471,20.720613,23.193317,19.083544,15.414898,17.888647,17.916918,17.343008,12.428274,12.044138,15.714409,15.127134,15.239238,19.831442,20.576838,19.313969,20.238325,25.17701,22.321175,26.85957,28.561039,26.225424,31.518705,27.510904,30.692726,31.824842,31.17993,27.456404,25.312561,30.681025,29.547464,24.547804,26.36428,29.739346,28.330887,23.71513,27.244625,32.272644,27.039398,26.513323,23.155422,21.999557,22.880106,24.832283,20.281225,25.452824,20.759369,17.943148,22.30438,25.96541,29.152718,30.36797,27.445074,31.649672,26.377466,30.397514,29.223482,32.28631
34,38.07257,34.47595,32.85386,28.361473,26.480047,24.42752,22.096397,19.583431,14.921112,15.564688,11.950667,13.299567,10.834094,13.0629015,13.215242,10.757612,15.077857,15.083992,20.419832,21.023266,24.620638,27.491066,30.714619,24.695553,22.940414,20.286333,16.98528,15.135081,10.926096,12.213786,5.4112473,8.154302,7.605658,5.549017,0.0,4.7002606,5.983731,4.6897826,5.940113,8.048062,9.188049,10.400784,11.251402,13.393591,13.830604,16.286587,17.175436,18.650661,20.454128,18.749413,16.112442,21.545147,22.174257,19.292896,19.549181,19.417664,14.853261,16.540188,19.127151,14.715165,11.435811,15.205448,16.345205,16.19193,10.7982645,10.519768,15.623204,15.6388645,13.94659,18.174921,20.115042,18.977535,18.421839,23.467657,19.796463,24.579092,25.812529,22.86466,27.85006,23.34495,26.427635,27.18216,27.084703,23.691538,21.330502,27.062729,26.778763,21.86269,23.619741,27.31428,26.50914,22.359802,25.363394,30.84591,26.426235,26.155447,23.048449,21.358217,23.610268,24.301275,20.357855,25.337463,21.144897,17.231527,20.754755,24.92813,28.300821,28.972704,25.80715,29.955563,24.314734,27.914124,26.764112,29.229887
