,0,1,2,3,4,5,6,7,8,9,10,11,12,13,14,15,16,17,18,19,20,21,22,23,24,25,26,27,28,29,30,31,32,33,34,35,36,37,38,39,40,41,42,43,44,45,46,47,48,49,50,51,52,53,54,55,56,57,58,59,60,61,62,63,64,65,66,67,68,69,70,71,72,73,74,75,76,77,78,79,80,81,82,83,84,85,86,87,88,89,90,91,92,93,94,95,96,97,98,99,100,101,102,103,104,105,106,107,108,109,110
0,0.0,4.395437,6.432685,8.950517,12.159114,13.727779,16.270432,19.215967,21.93703,25.282219,28.016027,31.180014,34.175285,32.82315,32.310047,27.431581,26.262962,23.66759,21.522718,21.382294,18.865814,22.04022,17.599874,19.947014,23.689203,21.066221,22.084946,21.995848,19.4604,18.229008,20.411179,17.827276,23.711464,19.017414,24.476551,22.497381,26.391079,25.476082,23.838621,22.801556,16.55342,15.64888,14.404121,12.607391,11.079695,14.519735,15.712954,19.23828,19.994823,24.16034,23.592506,27.173115,24.127974,27.799053,23.892206,25.678003,27.413069,28.069468,32.558044,33.47214,30.131413,35.416904,32.254913,34.351078,34.62248,34.336018,38.129105,37.178963,39.798386,38.04495,33.13376,36.15613,32.59543,36.281902,32.416092,37.666313,32.931377,37.120796,36.859516,33.758556,32.280525,29.335766,28.551447,25.457487,25.685799,25.204285,25.552774,26.727537,26.155088,28.6084,27.023607,31.582634,31.065079,29.371151,28.82898,29.111862,28.2271,28.185194,30.845127,30.421091,35.16957,33.90125,38.788906,42.393745,39.783558,37.064064,35.892105,29.873375,30.929598,26.16165,27.47441
1,4.395437,0.0,5.2612286,5.9675508,9.031476,12.113416,14.1239195,17.206074,20.324314,23.349804,26.508055,29.231882,32.41604,31.170927,30.188736,25.555702,23.800398,21.308495,18.516003,18.278572,15.185195,18.301579,13.76028,16.29781,20.353407,18.257307,19.32679,20.122875,17.588226,17.586084,19.651525,18.530598,24.690525,20.58951,26.009794,23.95887,27.633606,26.445992,24.317745,22.778484,17.37826,15.241934,15.2947235,12.983523,9.83118,13.867638,13.886787,17.928963,18.41737,22.183794,22.45075,26.198868,23.82734,27.471338,23.925583,26.261044,27.395393,28.525988,33.161205,33.59061,30.124287,34.86151,31.222528,32.975502,32.82059,32.309475,35.835564,34.416843,37.03402,35.46269,30.947617,34.161716,31.031944,34.933186,31.4947,37.084023,32.75601,37.18812,37.30242,34.2753,33.383007,30.532495,28.982725,25.60415,25.162493,24.756105,24.141035,24.825842,23.70334,25.879509,23.866468,28.365492,27.555767,25.460201,25.04413,25.630463,24.971956,25.299164,28.09157,28.21652,32.682224,32.129982,37.03209,40.692867,38.52601,35.717075,35.15891,28.841051,30.52027,25.800774,27.73761
2,6.432685,5.2612286,0.0,5.3687334,7.070447,7.659554,11.501634,13.416411,17.031992,19.909658,22.880548,25.67754,28.983858,28.059217,27.321741,23.007818,21.46482,19.69147,17.181885,18.089808,15.080082,19.713276,16.091217,19.463518,23.221436,21.130436,20.849352,21.648504,17.513662,18.185036,18.301819,17.747103,22.434961,17.885563,23.032337,20.293499,23.737452,22.131767,20.533052,19.557634,13.984828,12.683825,13.246842,12.848515,10.367935,15.371331,16.997961,20.610445,21.87005,25.617168,26.108166,29.797398,27.322874,30.144625,26.2796,28.305128,28.932945,29.536745,34.36535,34.324062,30.70504,35.882027,32.533424,34.006985,34.658455,33.33359,36.85214,35.689125,37.661835,35.503372,30.790253,33.441364,30.07833,33.571125,29.947933,35.232044,30.88138,35.16597,35.550365,32.851955,31.814205,29.364319,27.957615,24.898544,24.314539,24.90672,23.77322,25.677704,24.39738,27.06205,25.300224,30.009588,28.415895,26.999367,25.270023,25.546759,24.351856,24.830997,26.73443,26.680422,31.013863,29.85757,34.64346,37.86317,35.738197,33.16662,32.18288,26.306253,27.903183,23.222092,25.245975
3,8.950517,5.9675508,5.3687334,0.0,3.6499486,7.767312,8.248997,11.775216,14.609312,17.57517,20.833384,23.462996,26.59496,25.32748,24.242144,19.671183,17.834803,15.471241,12.728924,12.997099,10.198731,14.515047,11.173945,14.811865,18.18945,16.12205,15.543255,16.734657,12.812084,14.348415,14.931329,15.644575,21.208315,17.921566,22.998516,20.970608,24.254887,22.926342,20.159145,18.136456,13.989813,10.669751,12.338202,10.581458,6.554052,11.684413,12.695792,16.310076,17.64952,21.054337,22.138987,25.82348,23.897404,26.353413,22.837454,25.303165,25.317888,26.3859,31.266924,30.816626,27.153366,31.746881,28.04437,29.297426,29.671515,28.269375,31.673069,30.359648,32.425877,30.455074,25.921457,28.868803,25.82367,29.633575,26.400663,32.074024,28.096966,32.63982,33.20595,30.43488,30.092352,27.590876,25.343243,21.935942,20.804642,21.139524,19.408049,20.72735,19.219599,21.748251,19.931892,24.648108,23.169647,21.955267,20.36491,20.56825,19.547619,19.903639,22.320326,22.463573,26.840551,26.311863,31.190317,34.810535,32.828266,30.021242,29.75783,23.363283,25.459997,20.859438,23.351246
4,12.159114,9.031476,7.070447,3.6499486,0.0,5.798019,6.217316,8.865089,12.43554,14.84413,18.39089,20.585592,23.95928,23.013153,21.636003,17.592821,15.287776,13.653997,10.407644,11.610451,8.299419,13.75256,11.395717,15.470052,18.676477,17.188679,15.774276,17.662867,12.938806,15.856191,15.0551815,17.19417,21.808178,18.865467,23.512758,21.167833,24.02531,22.320171,19.562414,17.531189,14.366648,10.808326,13.668619,12.807309,8.875956,13.978163,14.950394,18.351974,19.812557,22.758528,24.42887,28.053432,26.517235,28.517056,25.17368,27.711367,27.142105,28.19661,33.13699,32.15825,28.426226,32.775017,28.991898,29.800577,30.318712,28.287138,31.402525,29.890188,31.508486,29.33536,25.09253,27.782047,25.017431,28.676443,25.752884,31.40437,27.816092,32.36406,33.35044,30.873812,30.856634,28.693243,26.083878,22.783115,21.10821,22.085398,19.330992,20.976294,18.937775,21.4597,19.496675,24.157835,21.89729,20.839073,18.39441,18.65366,17.45669,18.31058,20.15853,20.724155,24.683475,24.429193,29.195349,32.559044,31.00614,28.300621,28.311975,22.054407,24.601908,20.215563,23.190014
5,13.727779,12.113416,7.659554,7.767312,5.798019,0.0,6.413369,6.0150237,10.351245,12.668015,15.656199,18.23201,21.684933,21.146364,20.407879,16.763252,15.237233,14.673993,12.61804,15.088804,12.752817,18.77439,17.059374,21.189716,24.09579,22.331362,20.13524,21.347948,15.498181,18.044703,15.309415,17.237692,19.826523,16.241339,20.376646,17.211697,19.757202,17.560722,15.712068,14.726313,11.246901,9.567024,12.450545,13.925537,11.758164,16.92208,19.52355,22.408316,24.439419,27.637655,28.928028,32.438477,30.44276,31.921465,28.160145,30.135084,29.497278,29.815683,34.78798,33.65243,29.899216,34.90543,31.713337,32.45978,33.92343,31.354998,34.55655,33.57563,34.5624,31.750631,27.180693,29.074133,25.855974,28.839968,25.504965,30.525661,26.735863,30.933882,32.04058,29.931812,29.46636,27.7409,25.709764,22.983824,21.565063,23.526096,20.912054,24.009483,22.265959,25.289635,23.873219,28.563837,25.883467,25.625004,22.108423,21.878708,20.039087,20.781626,21.401312,21.378908,25.222961,23.774954,28.318626,31.056395,29.324818,26.994295,26.114695,20.66272,22.738626,18.44006,21.183228
6,16.270432,14.1239195,11.501634,8.248997,6.217316,6.413369,0.0,5.2274494,6.483187,9.504739,12.711306,15.422988,18.378387,17.095354,16.117367,11.636511,10.092147,8.479858,6.9852195,9.305287,8.6741705,14.33352,13.939196,18.075886,19.879597,17.995623,14.707734,15.933993,9.645871,13.493385,10.234411,14.189251,17.318901,15.626878,19.430817,17.485321,19.76843,18.256853,14.7045355,12.119903,11.137822,6.78404,11.169904,11.64701,9.208312,13.434335,16.129555,18.244738,20.671883,23.360535,25.110598,28.368208,26.89212,27.507149,24.129185,26.31683,24.828371,25.424799,30.371357,28.653124,24.889936,29.323326,25.979958,26.403635,27.995605,25.090729,28.228718,27.422653,28.279451,25.409054,20.773191,22.804453,19.731133,23.01563,20.009817,25.48116,22.09513,26.59109,27.903923,25.748753,26.128426,24.43055,21.421564,18.42895,16.293674,18.313967,14.844373,17.929937,16.089464,19.2688,18.275103,22.944462,20.369968,21.117235,17.253166,16.41884,14.393456,14.61884,15.60627,15.385614,19.601322,18.515085,23.297495,26.673872,24.863018,22.177286,22.102417,15.87471,18.550528,14.351122,17.700098
7,19.215967,17.206074,13.416411,11.775216,8.865089,6.0150237,5.2274494,0.0,5.5527253,6.8025365,10.18596,12.330047,15.889553,15.555963,14.546182,11.589575,9.873728,10.628408,9.2842045,12.880153,11.753939,17.916986,17.939106,22.178684,24.155632,22.767002,19.277214,20.839678,14.36386,18.38804,13.907417,18.07379,19.312546,17.37861,20.385641,17.597078,19.14914,16.864367,14.278989,12.731536,12.488354,9.965808,14.285382,16.123653,14.146802,18.557644,21.271997,23.458006,25.837132,28.391193,30.306139,33.55992,32.11502,32.59989,29.19462,31.211058,29.566725,29.867031,34.77024,32.761524,29.036684,33.486027,30.367245,30.446838,32.34618,28.886309,31.679724,30.802156,31.002466,27.793335,23.576036,24.876627,22.05399,24.657745,21.894842,26.75746,23.76371,27.899519,29.650455,28.028423,28.346712,27.185698,24.40522,21.931503,19.681835,22.48924,18.566961,22.203463,20.090813,23.15805,22.092197,26.499023,23.098387,23.900995,19.127132,18.391745,16.088129,17.004269,16.50304,16.64272,19.912903,18.563389,22.888128,25.39481,24.14135,21.917635,21.60368,16.383966,19.184818,15.541395,19.037945
8,21.93703,20.324314,17.031992,14.609312,12.43554,10.351245,6.483187,5.5527253,0.0,4.0822015,6.3348103,9.7156315,12.268309,11.029608,10.757265,6.6981306,6.834317,7.3977513,8.827885,12.113982,13.223788,18.451138,19.422583,23.426336,24.353958,22.560244,18.123297,18.871714,12.131804,16.183983,10.233014,15.608891,15.641495,15.397459,17.458181,15.64115,16.644445,15.032771,11.228251,8.717632,11.389399,8.530689,13.11728,15.335406,14.49254,17.659767,21.239883,22.38242,25.314817,27.62928,29.447542,32.315567,30.948366,30.385061,27.11142,28.81249,26.512823,26.492285,31.221443,28.696175,25.081417,29.430016,26.773603,26.612877,29.324694,25.416828,28.251526,28.111065,27.840101,24.1721,19.580143,20.300392,17.135546,19.378565,16.505396,21.218534,18.408669,22.519672,24.477407,23.078072,23.86152,23.062683,19.893084,17.766783,15.209361,18.704975,14.527524,19.144314,17.519608,20.949865,20.828407,25.054783,21.932207,24.126818,18.9529,17.272621,14.50855,14.420062,13.351331,12.281468,16.006573,13.563289,18.026335,20.870499,19.039026,16.674166,16.303562,10.834174,13.773825,10.414658,14.263261
9,25.282219,23.349804,19.909658,17.57517,14.84413,12.668015,9.504739,6.8025365,4.0822015,0.0,4.0474105,5.9483933,9.182361,8.872884,7.930027,6.2476225,5.6671576,8.634702,9.812705,13.6201725,14.58929,19.76732,21.404163,25.388977,26.179544,24.946487,20.282272,21.621162,15.135604,19.793465,13.774396,19.56222,18.932632,19.023827,20.468122,18.492691,18.804909,16.861732,13.644359,11.68231,15.064078,12.603014,17.157408,19.358467,18.16863,21.365612,24.434483,25.60892,28.386976,30.318487,32.551224,35.366447,34.34743,33.61959,30.60661,32.406483,29.776531,29.844473,34.454628,31.54935,28.037817,31.864164,29.180153,28.550112,31.217487,26.825983,29.154465,28.78392,27.927843,24.126139,20.273611,20.47159,18.040815,19.790068,17.741772,22.000227,20.091545,23.883743,26.3349,25.409468,26.572615,26.174797,22.80909,20.951426,18.044395,21.776552,16.902405,21.290073,19.230747,22.316154,22.078117,25.916586,22.110516,24.493683,18.64032,16.990038,14.128907,14.683951,12.350934,12.039756,14.465218,12.536109,16.440239,18.634583,17.736908,15.722155,15.9902115,11.5297,15.003097,12.732744,16.714125
10,28.016027,26.508055,22.880548,20.833384,18.39089,15.656199,12.711306,10.18596,6.3348103,4.0474105,0.0,4.528257,6.3678365,6.041846,6.802502,6.25571,7.971309,10.859278,13.232801,16.69332,18.308239,23.147732,24.957577,28.854752,29.300337,27.828493,22.876226,23.612942,17.192621,21.29109,14.572439,20.226177,17.960197,18.84778,19.176065,17.52085,16.999748,15.273662,12.212962,10.737788,15.614148,14.106781,18.200537,21.06774,20.710194,23.430634,27.115753,27.807972,30.872126,32.800095,34.808563,37.404655,36.262726,34.965263,31.93086,33.346607,30.478132,30.100641,34.487743,31.316637,27.990654,31.88619,29.781887,29.016443,32.371,27.706345,29.98046,30.201561,28.859922,24.686354,20.772226,20.115877,17.500797,18.334555,16.260965,19.602427,18.016638,21.302916,24.013062,23.590443,24.829533,24.978134,21.81993,20.62106,17.868444,22.146557,17.582836,22.660952,21.075018,24.296112,24.625566,28.255545,24.61636,27.650568,21.660904,19.611683,16.617579,16.62228,13.580295,12.285905,14.313493,10.85111,14.172966,15.81784,14.560028,12.959091,12.5536175,9.4312525,12.474228,11.220927,14.906563
11,31.180014,29.231882,25.67754,23.462996,20.585592,18.23201,15.422988,12.330047,9.7156315,5.9483933,4.528257,0.0,4.1446996,5.980687,5.0715866,8.157157,8.517562,12.6331215,14.395362,18.02642,19.42391,24.016626,26.406912,30.211336,30.529707,29.660828,24.628822,26.042252,19.950485,24.721087,18.305174,24.385506,22.389204,23.351164,23.636261,21.89703,21.149172,19.227285,16.616753,15.252427,19.932972,18.086967,22.419077,24.903875,23.96247,26.783716,29.79786,30.610512,33.43638,34.95196,37.430603,40.00545,39.28316,37.96706,35.24234,36.894775,33.760406,33.659664,37.965317,34.504524,31.260984,34.500698,32.191376,30.987026,34.027077,29.020575,30.718523,30.542753,28.713474,24.60815,21.674114,20.724764,19.12895,19.691294,18.699762,21.741018,21.148748,24.178972,27.245064,27.118439,28.767836,29.074974,25.619997,24.404419,21.297169,25.463017,20.237185,24.707355,22.627724,25.380398,25.477903,28.657818,24.416199,27.481506,21.065172,19.181807,16.322916,17.019255,13.068395,12.935056,13.238286,11.217669,13.551547,14.338206,14.6809635,13.534107,14.401516,12.303205,15.774858,15.263821,18.996838
12,34.175285,32.41604,28.983858,26.59496,23.95928,21.684933,18.378387,15.889553,12.268309,9.182361,6.3678365,4.1446996,0.0,3.5015864,4.5298953,8.821831,10.591755,14.278147,16.999434,20.175484,22.34429,26.371052,29.11789,32.739952,32.5383,31.536964,26.202688,27.163717,21.414793,25.876137,19.212101,25.36459,22.46207,24.398352,23.862844,22.763561,21.466358,20.037136,17.303875,15.947241,21.689032,20.06927,24.109192,26.707912,26.283716,28.48991,31.795729,32.067623,35.089054,36.40598,38.80314,41.090023,40.453205,38.5082,35.97047,37.36328,33.865517,33.525112,37.51559,33.700848,30.721436,33.633583,31.808762,30.337744,33.896267,28.615023,30.097633,30.467237,28.111351,23.734596,21.009865,19.210232,17.82509,17.458464,16.981445,19.06997,19.308376,21.78155,25.154312,25.528076,27.56398,28.338394,24.830488,24.142475,21.03407,25.453304,20.35769,25.095238,23.404062,26.125021,26.799389,29.628237,25.632841,29.436079,23.014502,20.704119,17.82526,17.923853,13.493528,12.552054,12.115158,9.031661,10.220804,10.382108,10.849305,10.219944,11.384488,10.96119,14.126048,14.888758,18.26854
13,32.82315,31.170927,28.059217,25.32748,23.013153,21.146364,17.095354,15.555963,11.029608,8.872884,6.041846,5.980687,3.5015864,0.0,3.8193905,6.3442316,9.244692,12.130793,15.599059,18.3342,21.1107,24.761229,27.542898,31.031841,30.535883,29.263702,23.8142,24.363792,18.819197,23.038424,16.394087,22.664705,19.889526,22.388227,21.870165,21.316532,20.249752,19.285122,15.825558,13.86157,20.049103,18.120825,22.019781,24.383127,24.239752,25.95085,29.429747,29.354937,32.50135,33.788353,36.036674,38.18027,37.532146,35.327896,32.85891,34.16295,30.5459,30.17173,34.089268,30.2183,27.274778,30.167543,28.456444,27.035051,30.814144,25.584831,27.27206,27.975962,25.763025,21.282473,18.07488,16.26367,14.477881,14.201282,13.503556,15.952058,16.067701,18.818052,22.134348,22.346167,24.597881,25.292606,21.55895,20.875452,17.699617,22.136745,17.139137,22.073072,20.699974,23.57248,24.60363,27.474531,23.918255,28.062267,21.902266,19.28336,16.336449,15.788326,11.687166,9.793261,10.279898,5.9670963,8.242199,9.936573,9.072833,7.5866413,9.032966,7.6188893,11.127619,12.010527,15.482783
14,32.310047,30.188736,27.321741,24.242144,21.636003,20.407879,16.117367,14.546182,10.757265,7.930027,6.802502,5.0715866,4.5298953,3.8193905,0.0,5.820363,6.897242,10.604184,13.389185,16.240433,18.793629,22.27801,25.40003,28.825462,28.34528,27.547318,22.157333,23.446331,18.072119,23.049074,16.932388,23.637249,22.087065,24.123154,24.358974,23.51661,22.923346,21.66561,18.09347,15.764679,21.208225,18.508522,22.839989,24.596863,23.693521,25.63641,28.374264,28.591642,31.443253,32.461155,35.13115,37.382687,37.074936,35.196598,32.9309,34.63646,31.00355,31.112741,35.165985,31.320284,28.26245,30.74163,28.455118,26.869616,29.979889,24.703716,26.112953,26.1667,24.00025,19.767384,17.126448,15.862559,14.825767,15.340437,15.206558,18.471693,18.663504,21.808954,25.035461,24.920975,27.302343,27.622543,23.536678,22.307861,18.780476,22.797842,17.12158,21.26177,19.26945,21.797388,22.399124,25.129066,21.110754,25.048544,18.680044,16.241297,13.370285,13.470746,8.979798,8.5435295,8.266932,6.730718,9.344718,11.362742,11.783163,10.042663,12.606475,9.959869,14.099493,14.219411,18.106306
15,27.431581,25.555702,23.007818,19.671183,17.592821,16.763252,11.636511,11.589575,6.6981306,6.2476225,6.25571,8.157157,8.821831,6.3442316,5.820363,0.0,4.341364,5.877731,9.767897,12.233031,15.268454,18.862146,21.399065,24.879076,24.506865,23.051981,17.708752,18.3961,12.622574,17.308367,11.13547,17.915442,17.245853,19.211031,20.115477,19.570766,19.750298,18.857597,14.466074,11.283133,16.412529,13.163316,17.417234,18.893684,18.266943,19.957464,23.13398,23.25017,26.301373,27.716408,29.992086,32.328545,31.671457,29.960974,27.414564,29.091625,25.731464,25.831818,30.12363,26.661564,23.360865,26.521221,24.088646,23.080135,26.258131,21.490938,23.744143,24.03003,22.825674,18.71323,14.576797,14.371278,11.873458,13.634643,12.002448,16.629745,15.365246,19.330223,21.964663,21.100748,23.163664,22.924038,18.777811,17.069345,13.58887,17.502611,12.082416,16.775255,15.164313,18.323282,19.070787,22.49476,19.255362,22.98353,17.281784,14.709166,11.693788,10.856782,8.276093,6.268931,9.663855,7.044352,11.684361,15.160532,13.6157875,10.918724,12.335875,6.772144,11.122264,9.724015,13.93666
16,26.262962,23.800398,21.46482,17.834803,15.287776,15.237233,10.092147,9.873728,6.834317,5.6671576,7.971309,8.517562,10.591755,9.244692,6.897242,4.341364,0.0,4.5558734,6.510614,9.64815,11.969425,15.842528,18.583208,22.149677,22.110378,21.24927,16.165516,17.986065,12.331874,17.91419,12.777634,19.526356,20.253733,21.294056,23.045353,21.95716,22.590254,21.250174,17.146431,14.053492,17.743082,13.816717,18.480669,19.26884,17.526493,19.820326,21.985,22.737305,25.339466,26.579195,29.325857,31.910917,31.551483,30.499973,28.090605,30.248438,27.111662,27.754826,32.21394,28.982666,25.561388,28.404108,25.292316,24.26225,26.480196,21.892117,23.908258,23.265947,22.391584,18.769241,15.294261,15.970645,14.303394,16.754305,15.621009,20.623781,19.390245,23.517271,26.025734,24.892529,26.849913,26.225407,22.006466,19.750654,16.182589,19.381128,13.537504,16.970266,14.466414,17.201859,17.083004,20.585417,16.710653,19.748518,13.774445,11.669433,8.694332,9.135044,6.8957295,7.442829,10.076826,10.1441965,14.460375,17.732283,17.179934,14.586195,16.540342,11.071299,15.384429,13.417089,17.679207
17,23.66759,21.308495,19.69147,15.471241,13.653997,14.673993,8.479858,10.628408,7.3977513,8.634702,10.859278,12.6331215,14.278147,12.130793,10.604184,5.877731,4.5558734,0.0,4.7828674,6.4136777,9.9428005,13.140018,15.623207,19.016312,18.726204,17.317268,12.126622,13.506709,7.8277993,13.544527,9.215431,15.994118,18.078745,19.25553,21.581478,21.028988,22.285372,21.435759,16.793436,13.070128,16.089455,11.364669,15.737902,15.633103,13.926651,15.5702505,17.780563,18.255125,20.98448,22.339207,24.891113,27.45292,27.017027,25.985695,23.566727,25.82004,22.77418,23.630331,28.165321,25.195114,21.679817,24.6645,21.325504,20.675495,22.752546,18.638544,21.219204,20.755302,20.675585,17.336378,12.96054,14.636447,12.316436,15.715611,13.996344,19.744896,17.84314,22.368126,24.36169,22.66595,24.56477,23.445827,19.064861,16.321785,12.768356,15.349799,9.61097,12.865582,10.599004,13.786247,13.905181,17.86567,14.929002,17.976004,12.997647,10.725365,8.025478,7.149003,7.5795302,7.074834,11.505083,11.390896,16.193905,20.25933,18.82267,15.809785,17.486757,10.948537,14.856815,12.134983,16.187044
18,21.522718,18.516003,17.181885,12.728924,10.407644,12.61804,6.9852195,9.2842045,8.827885,9.812705,13.232801,14.395362,16.999434,15.599059,13.389185,9.767897,6.510614,4.7828674,0.0,4.1364384,5.5395565,9.966624,12.1221695,15.84497,16.441145,15.662768,11.347897,14.100451,8.930933,14.860048,12.078111,17.91065,21.180857,21.143108,24.287338,23.075909,24.776134,23.469807,19.315462,15.976705,17.257868,12.292606,16.741756,15.985595,12.918602,15.572481,16.509735,18.058908,20.13234,21.527481,24.432095,27.376562,27.07701,27.083754,24.680218,27.369846,24.899616,26.204424,30.881325,28.398258,24.807213,27.713978,23.822784,23.392576,24.367214,20.836699,23.247005,21.794102,22.326849,19.699972,16.063065,18.411448,16.658468,20.28934,18.714466,24.522274,22.4436,27.023544,28.856817,26.941587,28.485422,27.015205,22.898315,19.792147,16.568172,18.364117,13.079009,14.79534,11.799293,14.312293,13.057457,17.280857,13.886194,15.341905,10.589654,9.503028,7.482265,8.4151125,9.80822,11.10766,14.557397,15.643371,20.230368,23.970697,23.103249,20.222454,21.908356,15.513251,19.331564,16.165382,20.126915
19,21.382294,18.278572,18.089808,12.997099,11.610451,15.088804,9.305287,12.880153,12.113982,13.6201725,16.69332,18.02642,20.175484,18.3342,16.240433,12.233031,9.64815,6.4136777,4.1364384,0.0,5.0422196,6.7790537,9.51508,12.709769,12.626412,11.758722,7.2740135,10.561102,6.9625244,12.891747,11.998622,17.389355,21.866114,22.165707,25.580006,24.930048,26.93735,26.04186,21.56112,17.8704,18.825035,13.451414,17.273989,15.27567,11.960087,13.489145,13.429186,14.686139,16.533583,17.557318,20.70789,23.556414,23.621983,23.667608,21.65676,24.63551,22.137197,23.938663,28.477543,26.156384,22.665104,25.049517,20.771637,20.469055,20.78395,17.76695,20.311829,18.651487,19.920614,17.87719,14.247319,17.46303,15.94429,20.12187,18.740767,24.833885,22.761036,27.44765,28.964365,26.72881,28.457853,26.654554,22.322937,18.90519,15.739783,16.505339,11.478861,11.619432,8.411637,10.672027,9.213869,13.7238035,11.190451,12.62433,9.213504,8.140446,7.0607076,7.1014495,10.569434,11.741626,15.487883,17.134178,21.715628,25.952969,24.85489,21.760729,23.740845,17.052578,20.651968,17.480259,21.132576
20,18.865814,15.185195,15.080082,10.198731,8.299419,12.752817,8.6741705,11.753939,13.223788,14.58929,18.308239,19.42391,22.34429,21.1107,18.793629,15.268454,11.969425,9.9428005,5.5395565,5.0422196,0.0,6.3396177,7.128056,11.089514,12.862835,12.615319,10.134545,13.838565,10.377544,15.474905,15.033517,19.41876,24.284847,23.328136,27.323204,25.916662,28.227064,26.856543,22.99868,19.843096,19.330177,14.291167,18.029724,16.021872,11.714811,14.695658,13.785128,16.409004,17.56256,18.993292,22.08157,25.352276,25.200941,26.395777,24.138205,27.25951,25.53201,27.377745,32.06105,30.26299,26.69245,29.455465,25.058834,25.072695,24.817268,22.356567,24.789848,22.563683,24.130764,22.446566,19.223421,22.388565,20.857431,24.907385,23.263855,29.291656,26.863865,31.566936,33.00446,30.680689,31.892502,29.907557,26.052488,22.541872,19.788954,20.445303,16.081429,16.106096,12.993315,14.673541,12.158101,16.511877,13.715789,12.890028,10.204346,10.703169,10.186301,11.562217,14.319016,16.070637,19.352123,21.034672,25.594824,29.408854,28.59064,25.652582,27.262175,20.683558,24.2067,20.599958,24.2287
21,22.04022,18.301579,19.713276,14.515047,13.75256,18.77439,14.33352,17.916986,18.451138,19.76732,23.147732,24.016626,26.371052,24.761229,22.27801,18.862146,15.842528,13.140018,9.966624,6.7790537,6.3396177,0.0,5.246085,6.993043,7.0772943,8.258973,6.925706,11.779505,11.693591,16.207617,17.717644,21.817104,27.582775,27.375698,31.354973,30.653896,33.04999,32.10518,27.812082,24.222647,24.061533,18.721504,21.858425,18.620752,14.4088745,15.426088,12.336908,14.347736,14.547056,14.614931,18.574524,21.504148,22.430393,23.641043,22.417822,25.967487,24.058662,26.682365,30.91169,29.168486,25.948933,27.39661,22.49904,22.3699,20.719475,19.047098,21.058975,18.087221,20.570848,20.042713,17.763483,21.724142,21.092571,25.505259,24.607584,30.739445,28.799833,33.48469,34.740147,32.237564,33.933567,31.736773,27.49923,23.827408,21.033419,20.50936,16.4201,13.985966,10.691733,10.747795,7.22602,11.121555,9.516736,7.6324573,8.097831,9.213889,10.354823,11.225559,15.470775,17.531012,20.42872,23.26366,27.545633,31.806776,31.113955,28.014023,30.365221,23.700686,27.228777,24.006721,27.426065
22,17.599874,13.76028,16.091217,11.173945,11.395717,17.059374,13.939196,17.939106,19.422583,21.404163,24.957577,26.406912,29.11789,27.542898,25.40003,21.399065,18.583208,15.623207,12.1221695,9.51508,7.128056,5.246085,0.0,4.2555013,7.6578207,7.675674,8.882635,12.590862,12.48898,15.589463,18.186787,20.76753,27.349539,26.129908,30.72408,29.756918,32.644447,31.666138,27.757967,24.511982,22.806583,17.841509,20.236025,16.513546,11.840385,13.420294,9.570059,12.964369,12.642021,13.875033,17.018446,20.456232,20.651009,23.11419,21.375002,24.922426,24.056728,26.601643,30.972248,30.045952,26.738842,29.016956,24.232958,24.877907,23.180761,22.397078,24.950245,22.314138,25.243992,24.69414,21.730885,25.728422,24.328259,28.805172,27.118683,33.30517,30.581127,35.333233,36.173393,33.35013,34.362007,31.789238,28.181967,24.354311,22.249062,21.316137,18.457047,16.410286,13.942672,14.537959,11.3863325,15.3439,14.655496,11.87519,13.060663,14.256628,14.929383,15.585013,19.669352,21.160294,24.68348,26.626875,31.216135,35.44968,34.296566,31.174894,32.768467,25.918793,28.984558,25.157751,28.218613
23,19.947014,16.29781,19.463518,14.811865,15.470052,21.189716,18.075886,22.178684,23.426336,25.388977,28.854752,30.211336,32.739952,31.031841,28.825462,24.879076,22.149677,19.016312,15.84497,12.709769,11.089514,6.993043,4.2555013,0.0,4.959711,6.3223333,9.843597,13.376917,15.212988,17.546877,21.203365,23.329796,30.370066,29.385147,34.010784,33.354923,36.333206,35.54712,31.516123,28.143414,26.43528,21.482424,23.454308,19.176058,14.81786,15.227345,9.903479,12.891021,11.380027,11.62485,15.134244,18.356098,19.260162,22.18028,21.17214,24.927464,24.28548,27.283033,31.268099,30.625671,27.614552,29.150208,24.181177,24.92102,22.214764,22.338232,24.622522,21.628819,25.195782,25.41696,23.014498,27.32961,26.338425,30.92459,29.546547,35.713566,33.16317,37.864967,38.52664,35.576782,36.722973,33.989426,30.347212,26.484434,24.535866,22.886894,20.533882,17.263062,15.101546,14.725385,11.402712,14.415341,14.94895,11.299139,14.557286,16.024933,17.31357,17.760487,22.279373,23.856333,27.175247,29.564346,34.010384,38.420803,37.30601,34.12507,35.988018,29.125326,32.1224,28.44309,31.32819
24,23.689203,20.353407,23.221436,18.18945,18.676477,24.09579,19.879597,24.155632,24.353958,26.179544,29.300337,30.529707,32.5383,30.535883,28.34528,24.506865,22.110378,18.726204,16.441145,12.626412,12.862835,7.0772943,7.6578207,4.959711,0.0,4.3702087,7.7636614,11.32674,14.796241,17.187853,21.049591,23.695034,30.539682,30.540804,34.726658,34.641853,37.37669,36.899776,32.43504,28.70582,28.02888,22.810894,24.867079,20.482489,16.745012,15.866189,10.668951,11.932884,10.464127,9.00612,13.478902,16.055292,17.939093,19.821875,19.654333,23.49131,22.141226,25.468168,29.074371,28.050508,25.327671,25.826832,20.70286,21.107485,17.807974,18.172697,20.148733,17.025454,20.948418,21.687754,19.820595,24.331297,23.903416,28.494068,27.694887,33.73272,31.715906,36.286816,36.978363,34.11237,35.787766,33.17935,29.128391,25.373251,23.206526,21.188427,18.726568,14.285703,12.276915,10.914315,7.796392,10.017152,11.896584,9.263033,13.380376,14.366309,16.04009,15.876075,20.796896,22.271948,25.334305,28.16155,32.322636,36.956154,35.878174,32.660305,35.012012,28.289368,31.314014,28.127638,30.958635
25,21.066221,18.257307,21.130436,16.12205,17.188679,22.331362,17.995623,22.767002,22.560244,24.946487,27.828493,29.660828,31.536964,29.263702,27.547318,23.051981,21.24927,17.317268,15.662768,11.758722,12.615319,8.258973,7.675674,6.3223333,4.3702087,0.0,5.6684723,7.7935066,11.866851,13.191629,17.853384,19.750332,26.911077,26.930735,31.154947,31.33749,34.2143,34.00587,29.509544,25.80339,24.848495,19.796804,21.325962,16.669725,13.417705,11.753763,6.641791,7.601454,6.6361365,6.5081186,10.349174,13.3440275,14.422231,16.289703,15.57541,19.383326,18.270515,21.475704,25.253637,24.522438,21.684128,22.90769,17.956432,18.957373,16.414236,16.998617,19.815075,17.713993,21.582653,21.734793,18.773558,23.246763,22.029255,26.65641,25.253359,31.272831,28.765608,33.32747,33.706055,30.648409,32.03866,29.262966,25.47192,21.670773,19.913828,17.545374,15.9753,11.875212,10.734047,10.489539,8.5365095,11.80249,13.873972,12.722061,15.33523,15.543958,16.506886,15.608015,20.58039,21.19536,25.007656,26.87321,31.258146,36.031506,34.353107,31.082926,32.892498,26.093588,28.668486,25.284838,27.754097
26,22.084946,19.32679,20.849352,15.543255,15.774276,20.13524,14.707734,19.277214,18.123297,20.282272,22.876226,24.628822,26.202688,23.8142,22.157333,17.708752,16.165516,12.126622,11.347897,7.2740135,10.134545,6.925706,8.882635,9.843597,7.7636614,5.6684723,0.0,4.979596,7.497028,10.805611,13.687745,17.274324,23.383112,24.165302,27.821085,28.096449,30.523315,30.309277,25.539446,21.604118,21.957863,16.628408,18.973642,15.217777,12.355461,11.100341,8.9933815,8.956656,10.302522,10.521691,13.965623,16.53848,17.25336,17.334192,16.163507,19.600096,17.2532,19.964397,24.063993,22.303448,19.169664,20.61653,15.771747,16.072765,15.005321,13.71497,16.726664,15.122392,18.02878,17.23865,13.696946,17.998947,16.689947,21.314562,20.067339,26.16208,23.98501,28.591192,29.390755,26.638273,28.465694,26.114962,21.7907,18.096851,15.5921335,14.166106,11.032877,7.614286,5.508142,6.6116776,5.522695,10.06256,10.8386,11.987458,12.196435,11.367454,11.71607,10.243124,15.171016,15.536769,19.478678,21.219624,25.590403,30.370056,28.729704,25.46555,27.492062,20.757032,23.610327,20.544981,23.355612
27,21.995848,20.122875,21.648504,16.734657,17.662867,21.347948,15.933993,20.839678,18.871714,21.621162,23.612942,26.042252,27.163717,24.363792,23.446331,18.3961,17.986065,13.506709,14.100451,10.561102,13.838565,11.779505,12.590862,13.376917,11.32674,7.7935066,4.979596,0.0,6.796604,7.2468896,11.732607,14.072413,20.47922,21.816494,25.246494,26.231203,28.73731,29.078669,24.187963,20.240782,20.608229,15.729537,17.067757,13.05241,11.741132,8.552665,8.225424,5.998279,8.769286,9.764249,11.761117,13.9866905,13.991712,13.137275,11.609942,14.8349905,12.3207,14.99997,19.133268,17.618069,14.46421,16.489073,11.931563,13.099892,13.02193,12.436141,16.323397,16.162783,19.094336,18.018692,13.499419,17.571262,15.388582,19.899246,18.038671,23.8959,21.249966,25.712542,25.977575,22.938404,24.604155,22.028091,17.904089,14.203773,12.381608,9.867427,8.762156,5.3892193,6.3219614,8.384589,9.400224,13.104982,14.837912,16.743458,16.762657,15.35152,15.144949,12.731247,17.256292,16.293217,20.859962,21.377625,25.730467,30.683338,28.253277,24.979925,26.396505,19.82391,21.840511,18.820566,20.883776
28,19.4604,17.588226,17.513662,12.812084,12.938806,15.498181,9.645871,14.36386,12.131804,15.135604,17.192621,19.950485,21.414793,18.819197,18.072119,12.622574,12.331874,7.8277993,8.930933,6.9625244,10.377544,11.693591,12.48898,15.212988,14.796241,11.866851,7.497028,6.796604,0.0,6.181673,6.3006268,10.898908,16.167065,17.023977,20.449154,20.711155,23.041878,22.950699,18.112263,14.17805,14.904507,9.674491,12.297774,9.870361,8.444249,8.140762,10.758987,10.6957445,13.817108,15.864071,17.61993,20.284729,19.360071,18.749044,16.016241,18.497856,16.104025,17.411087,22.153784,20.17684,16.509247,20.118925,16.427723,17.048792,18.592173,16.211246,19.875841,19.770555,21.356827,18.963459,13.713107,16.788248,13.655227,17.88491,15.190947,21.285198,18.15163,22.895817,23.699038,20.981108,22.309559,20.136433,16.054693,12.391251,9.862628,10.1085615,6.7972775,8.606125,7.898808,11.519203,11.928042,16.451199,15.847998,17.99758,15.652491,13.9216795,12.509562,10.524336,13.785439,12.487776,17.60099,17.072392,21.872107,26.459105,23.98941,20.782686,21.62245,14.741647,17.119942,13.478252,16.258165
29,18.229008,17.586084,18.185036,14.348415,15.856191,18.044703,13.493385,18.38804,16.183983,19.793465,21.29109,24.721087,25.876137,23.038424,23.049074,17.308367,17.91419,13.544527,14.860048,12.891747,15.474905,16.207617,15.589463,17.546877,17.187853,13.191629,10.805611,7.2468896,6.181673,0.0,7.124273,6.891792,14.068166,14.886682,18.568644,19.700068,22.529083,23.18361,18.568186,15.041237,14.409882,10.448456,10.434821,6.736466,7.9957504,4.423552,9.500919,8.144062,11.919402,14.935199,14.928637,17.367533,15.27456,14.610241,10.967746,12.9418125,11.49039,12.417417,17.336645,16.476828,12.8303995,17.706553,14.734452,16.64907,18.540438,17.634132,21.875065,22.62359,24.775429,22.683708,17.084614,20.017199,16.22446,20.087513,16.5823,22.065367,18.00315,22.432005,22.193596,18.86074,19.366625,16.466171,13.304964,9.4547,9.046797,7.2286735,8.73825,10.248144,11.686028,14.918778,15.902391,20.04181,20.78207,22.617203,21.360191,19.738846,18.547487,16.204111,19.46361,17.363853,22.681583,21.136343,25.744543,30.3707,27.06285,23.959167,23.812386,17.424593,18.333813,14.556525,15.808265
30,20.411179,19.651525,18.301819,14.931329,15.0551815,15.309415,10.234411,13.907417,10.233014,13.774396,14.572439,18.305174,19.212101,16.394087,16.932388,11.13547,12.777634,9.215431,12.078111,11.998622,15.033517,17.717644,18.186787,21.203365,21.049591,17.853384,13.687745,11.732607,6.3006268,7.124273,0.0,7.0790133,10.043834,11.784519,14.417537,15.149891,17.195097,17.575558,12.536371,8.5519285,10.550511,6.6057544,8.709224,8.945676,10.320553,10.298316,15.335936,14.801723,18.438675,20.996822,21.76169,24.126007,22.336796,20.947609,17.52845,18.83331,16.463146,16.272566,21.055017,18.921684,15.212051,20.272196,17.985447,18.767342,21.993538,19.21322,23.031534,24.022135,24.781836,21.55484,15.688992,17.311172,12.913877,16.063728,12.005219,17.464106,13.34039,17.98714,18.66272,16.054398,16.865564,15.028652,11.370741,8.257995,6.2752647,8.822037,7.1486,12.274986,12.734095,16.63727,17.79249,22.023726,21.161299,23.93884,20.67349,18.500015,16.357115,14.155788,15.621729,12.799685,18.177483,15.335863,20.020145,24.24326,20.84109,17.881872,17.261736,10.804301,11.977424,7.8186975,10.133263
31,17.827276,18.530598,17.747103,15.644575,17.19417,17.237692,14.189251,18.07379,15.608891,19.56222,20.226177,24.385506,25.36459,22.664705,23.637249,17.915442,19.526356,15.994118,17.91065,17.389355,19.41876,21.817104,20.76753,23.329796,23.695034,19.750332,17.274324,14.072413,10.898908,6.891792,7.0790133,0.0,8.176965,8.402401,12.099593,13.582996,16.630287,17.777973,13.702808,11.139309,9.560413,8.21002,5.7325764,5.6369243,10.015955,8.749209,15.074259,14.363983,17.958517,21.452454,20.648584,22.92709,19.885504,19.105072,14.802327,15.163711,14.584377,13.536564,18.298695,17.845222,14.392497,20.80219,19.293333,21.284033,24.373001,23.064854,27.311255,28.641068,30.12714,27.342995,21.367231,23.176226,18.550402,21.344011,16.762854,21.18167,16.053583,19.991549,19.297241,16.011486,15.036687,12.110949,10.731877,7.9374223,9.436622,9.683483,12.303611,16.115532,17.58747,21.189793,22.276154,26.528648,26.632519,28.639292,26.439936,24.639582,22.829977,20.64305,22.629461,19.778896,25.16542,21.90816,26.33349,30.375473,26.386156,23.683372,21.937796,16.494995,15.979521,11.892442,11.7706175
32,23.711464,24.690525,22.434961,21.208315,21.808178,19.826523,17.318901,19.312546,15.641495,18.932632,17.960197,22.389204,22.46207,19.889526,22.087065,17.245853,20.253733,18.078745,21.180857,21.866114,24.284847,27.582775,27.349539,30.370066,30.539682,26.911077,23.383112,20.47922,16.167065,14.068166,10.043834,8.176965,0.0,6.155302,5.3389735,8.608824,10.148957,12.361873,8.592005,7.5054483,9.363158,11.017967,9.432931,12.991156,16.920876,16.721865,22.947533,22.057673,25.801405,28.921005,28.347351,30.275883,27.389374,25.522705,21.570568,21.066265,19.699179,17.418667,21.345428,19.971172,17.06758,23.52632,23.321438,24.624304,29.087011,26.697824,30.59754,32.641518,32.961895,29.343672,23.396544,23.618376,18.652159,19.754122,14.716188,17.19744,11.69309,14.589938,14.022943,11.706321,9.867336,8.691172,8.797104,8.919848,10.623372,13.451023,15.252969,20.799103,22.219011,26.059467,27.649822,31.680231,31.03129,33.98106,30.495705,28.193125,25.780487,23.551603,23.859436,20.185328,24.99638,19.982077,23.590193,26.750998,22.135834,20.138851,16.752165,13.462038,11.01505,8.096088,5.543392
33,19.017414,20.58951,17.885563,17.921566,18.865467,16.241339,15.626878,17.37861,15.397459,19.023827,18.84778,23.351164,24.398352,22.388227,24.123154,19.211031,21.294056,19.25553,21.143108,22.165707,23.328136,27.375698,26.129908,29.385147,30.540804,26.930735,24.165302,21.816494,17.023977,14.886682,11.784519,8.402401,6.155302,0.0,5.505744,5.5665317,9.230429,10.476888,8.21198,8.529613,5.088472,9.080663,6.0150714,10.918922,14.785795,15.967035,22.114145,22.316427,25.7018,29.421032,28.67563,31.128847,27.804064,27.314297,22.899036,22.723616,22.476202,20.63526,24.881456,24.378382,21.26105,27.92873,27.038261,28.660671,32.304092,30.285091,34.310265,35.65465,36.43817,33.03056,27.094309,27.926157,23.09407,24.801962,19.866219,22.966501,17.593102,20.610168,20.106607,17.769508,15.369304,13.678175,14.349582,13.449234,14.887887,17.011652,18.466875,23.456884,24.320015,28.152554,28.950567,33.41803,32.51444,34.44883,31.184214,29.419878,27.0967,25.497833,26.088438,23.144758,28.069532,23.576895,27.593948,30.558765,26.42757,24.407839,21.080067,17.270906,15.772093,11.919481,10.844975
34,24.476551,26.009794,23.032337,22.998516,23.512758,20.376646,19.430817,20.385641,17.458181,20.468122,19.176065,23.636261,23.862844,21.870165,24.358974,20.115477,23.045353,21.581478,24.287338,25.580006,27.323204,31.354973,30.72408,34.010784,34.726658,31.154947,27.821085,25.246494,20.449154,18.568644,14.417537,12.099593,5.3389735,5.505744,0.0,4.6852355,5.9487786,8.814646,7.387477,9.025646,9.334294,13.228443,11.198751,15.897272,19.791435,20.50472,26.767874,26.416637,30.018066,33.445847,32.71511,34.82126,31.610819,30.228794,26.056065,25.359303,24.584019,22.106447,25.790842,24.823992,22.126778,28.68875,28.630056,29.958649,34.39323,31.950464,35.796474,37.709766,37.893555,34.120792,28.263287,28.225826,23.332453,24.012657,19.073612,20.724781,15.50587,17.460554,16.881933,15.318127,12.454366,12.038517,13.63818,14.215141,15.873237,18.743181,20.274925,25.895775,27.019691,30.91032,32.200546,36.4117,35.382675,38.02647,34.244102,32.108414,29.550789,27.719875,27.545492,24.07148,28.572405,23.183617,26.487898,28.904701,24.368479,22.876122,18.62733,16.581423,13.839496,11.418622,8.84871
35,22.497381,23.95887,20.293499,20.970608,21.167833,17.211697,17.485321,17.597078,15.64115,18.492691,17.52085,21.89703,22.763561,21.316532,23.51661,19.570766,21.95716,21.028988,23.075909,24.930048,25.916662,30.653896,29.756918,33.354923,34.641853,31.33749,28.096449,26.231203,20.711155,19.700068,15.149891,13.582996,8.608824,5.5665317,4.6852355,0.0,4.091566,5.258626,5.497652,8.499312,7.0666094,12.002532,10.58388,15.900974,19.068066,20.980932,26.950148,27.3624,30.7689,34.35816,33.945763,36.44359,33.268227,32.5772,28.26005,28.045414,27.427383,25.401718,29.4579,28.486938,25.487154,31.968494,31.295223,32.497696,36.510757,33.860287,37.628136,38.99771,39.187153,35.385742,29.658459,29.79871,25.085945,26.048204,21.281918,23.477678,18.54412,20.872984,20.878864,19.451395,17.004822,16.469406,17.373562,17.234226,18.170477,21.225304,21.750063,27.316126,27.816347,31.721016,32.48272,36.925663,35.361805,37.512894,33.482533,31.644398,29.033625,27.753122,27.350342,24.41636,28.756718,23.667961,27.16753,29.280964,25.283169,23.82873,19.739296,17.384823,15.548905,12.564078,11.415286
