,0,1,2,3,4,5,6,7,8,9,10,11,12,13,14,15,16,17,18,19,20,21,22,23,24,25,26,27,28,29,30,31,32,33,34,35,36,37,38,39,40,41,42,43,44,45,46,47,48,49,50,51,52,53,54,55,56,57,58,59,60,61,62,63,64,65,66,67,68,69,70,71,72,73,74,75,76,77,78,79,80,81,82,83,84,85,86,87,88,89,90,91,92,93,94,95,96,97,98,99,100,101,102,103,104,105,106,107,108,109
0,0.0,4.3176274,6.5397673,8.858045,11.916414,14.052585,17.28954,20.34601,23.24903,26.3904,29.156446,33.277973,30.330654,28.394352,23.465317,22.102991,17.798262,17.350348,13.287094,13.401602,12.451335,12.106836,14.894851,16.903402,20.01293,19.794804,18.352692,17.870983,19.213312,17.974768,22.351688,21.287405,26.77428,27.515963,31.282803,34.74158,31.268303,31.002075,24.321693,26.58336,22.729176,24.783243,21.843996,22.467194,22.692648,22.599215,24.363699,25.086966,25.920729,28.728064,28.582287,28.157804,32.98832,31.920849,33.60986,38.050957,38.459507,37.2576,39.198395,36.900673,37.97146,33.652092,36.08978,32.767284,35.777817,31.875546,32.599304,34.387897,37.269276,35.325977,36.73593,31.879778,34.772995,30.968155,33.768593,30.780783,32.17801,31.586615,31.89921,35.833725,33.567474,36.729866,39.387917,35.662388,32.815414,35.608746,36.136078,29.788609,29.840796,32.58681,31.549204,27.821575,28.06826,28.83363,25.660997,22.907314,26.792053,25.565577,20.22881,20.106533,24.86,25.437166,27.213276,30.86371,29.5634,34.829563,31.806213,36.28586,36.231014,39.687622
1,4.3176274,0.0,5.320498,6.506159,8.9448595,12.173407,14.61081,18.69788,21.137589,24.412218,27.234806,31.566116,29.27253,27.534,22.848116,20.901598,17.08478,15.558458,12.814663,11.1289215,11.252951,10.29333,14.116643,15.51795,17.984098,18.214638,15.939113,16.642162,17.15482,17.62958,21.192219,21.244326,26.025448,27.71904,31.209623,34.95227,31.9055,31.582623,24.946175,26.556164,22.930277,24.018623,21.027578,20.828903,21.067081,20.21969,22.512419,22.683449,22.99037,26.382523,26.444199,26.669483,31.375078,31.062426,32.530876,37.00007,36.79892,35.50949,36.92092,34.460163,35.141342,30.711945,32.675735,29.188091,31.892136,27.964262,28.444725,30.2783,33.23791,31.409393,33.00887,28.37813,31.60494,27.988222,31.158014,28.418903,30.240013,30.00237,30.804665,34.86718,32.071945,35.528015,37.62275,33.97972,31.00954,33.478096,33.71067,27.613718,27.424465,29.754288,28.739695,24.995657,24.969513,25.40698,22.365292,19.692322,23.056839,21.648697,16.472216,16.415417,20.976757,21.281773,23.000715,26.747963,25.575773,30.961802,28.314293,32.8016,33.099365,36.555885
2,6.5397673,5.320498,0.0,5.296925,6.785439,8.274068,11.608217,14.368522,17.729948,20.465294,23.817411,27.622856,25.128168,23.68221,18.512922,17.516802,13.716688,13.398942,10.859995,11.452808,12.576023,13.055193,16.952944,19.263557,21.570454,20.921398,17.715158,18.071127,17.082268,16.451014,19.555107,18.421276,23.269318,24.346535,28.413275,31.905706,28.727465,28.964024,22.432116,24.432482,21.47226,22.59755,21.032454,20.967052,22.263676,21.532303,25.32351,25.697853,25.260544,28.665195,27.748178,28.27233,32.74896,32.213455,32.932423,36.991867,36.90861,34.937927,37.01081,34.031242,35.351734,30.46995,32.831215,29.587072,32.219044,29.201096,29.166267,31.643116,34.27147,32.682697,33.963722,29.397825,32.497013,28.404367,31.910307,28.324419,30.876957,29.479776,30.238623,33.76187,30.651787,33.470684,35.73498,31.637201,29.100883,32.037098,31.486898,25.229954,25.983507,28.282114,26.68698,23.05978,24.009602,24.192476,20.433107,18.662233,23.188126,20.922344,15.730802,17.020714,21.970387,21.68704,23.081158,26.667526,25.643555,30.39428,27.744545,32.24787,32.11718,35.981937
3,8.858045,6.506159,5.296925,0.0,3.7425997,6.5135226,8.86472,13.050876,14.895728,18.460934,20.868198,25.381205,23.115347,21.291304,17.018843,14.515035,10.992447,9.099678,7.3225203,6.1843867,8.034367,8.887956,13.016906,15.506813,17.407612,16.30855,12.623713,13.226462,11.850304,12.390417,15.1290865,15.518668,19.771255,22.014177,25.306683,29.17873,26.511171,26.233257,19.78837,20.931175,17.857504,18.255249,16.275492,15.812303,17.124205,16.285488,20.584562,21.03009,20.34821,23.616604,22.484194,23.18697,27.567492,27.307587,27.92634,32.041943,31.74648,29.918926,31.797974,28.960653,30.220984,25.488382,28.071554,24.94235,28.055464,24.98383,25.622034,27.918303,30.297337,28.470554,29.433681,24.603287,27.444323,23.285513,26.649252,23.134344,25.608759,24.471022,25.40567,29.159994,26.012724,29.269066,31.330517,27.548615,24.692362,27.362638,27.430616,21.209831,21.332878,23.845268,22.702261,18.974476,19.426828,20.167597,16.963453,14.226966,18.853102,17.639915,12.110015,12.537182,17.731636,18.376604,20.348114,23.414991,21.860912,26.672709,23.3591,27.842148,27.593792,31.256073
4,11.916414,8.9448595,6.785439,3.7425997,0.0,4.5853734,5.690765,10.703719,12.43387,15.784216,18.618732,23.007902,21.415125,20.04994,15.894778,13.4005165,10.820409,8.411532,9.002621,7.35729,10.586449,11.327244,15.700757,17.795378,19.023376,18.084576,13.488075,15.053443,12.082414,13.836269,15.202213,16.05917,19.39296,22.144852,25.408104,29.30354,26.990015,26.97419,20.855272,21.592428,19.217676,18.714216,17.561052,16.365187,18.16368,16.643011,21.918924,21.912102,20.392967,24.152363,22.812784,24.254679,28.28741,28.603249,28.684036,32.545,31.740717,29.504972,31.160002,27.900846,29.069326,24.00073,26.225893,23.062532,25.721413,23.183115,23.183851,25.896238,28.174301,26.64282,27.65585,23.193966,26.317297,22.175495,26.085636,22.450848,25.716732,24.361925,25.739407,29.249367,25.460264,28.602758,30.1454,26.222433,23.530317,26.079382,25.313978,19.336933,19.78171,21.723034,20.218351,16.547441,17.321012,17.421608,13.835164,11.922767,16.645672,14.543241,9.189029,10.897559,15.943831,15.788739,17.436646,20.519152,19.245405,23.79634,20.978952,25.476389,25.400858,29.301172
5,14.052585,12.173407,8.274068,6.5135226,4.5853734,0.0,4.3335567,6.5926304,9.469905,12.367384,15.557235,19.479294,17.377926,16.1415,11.51416,9.955124,7.455343,7.0648885,7.98611,9.5840845,12.617991,14.443259,18.242622,21.072895,22.442005,20.721151,16.085768,16.72218,12.961998,12.874774,13.741332,13.127583,16.491007,18.536308,22.302723,25.920135,23.49675,23.9647,18.086245,19.187315,17.550144,17.233442,17.61318,16.895178,19.574472,18.598711,24.609236,25.016815,23.253696,26.570292,24.33129,25.709595,29.47286,29.314455,28.78077,32.179714,31.719559,28.926641,31.407436,27.82042,29.772236,24.499542,27.35331,24.651745,27.426355,25.774496,25.61934,28.694323,30.53714,29.141785,29.685095,25.258211,27.921297,23.37678,27.235659,22.795767,26.438538,23.872875,24.997879,27.886982,24.039272,26.430147,28.343714,23.993578,21.79632,24.917877,23.614561,17.39504,18.922949,21.065008,19.045908,15.612229,17.540613,17.7143,13.5787525,12.607456,18.504702,16.107813,11.239775,13.728699,18.72795,18.440727,19.842274,22.422026,21.154564,24.827784,21.727331,26.063723,25.32077,29.491142
6,17.28954,14.61081,11.608217,8.86472,5.690765,4.3335567,0.0,6.370759,7.0553074,10.302325,13.270851,17.558163,16.651094,15.775746,12.3343525,9.699137,9.093731,6.7491794,10.398701,9.915865,13.82387,15.300278,19.226936,21.527817,22.126322,20.584335,15.272867,16.96536,11.978978,14.081108,13.3319845,14.514383,16.237957,19.598377,22.618277,26.429878,24.737724,25.053501,19.726112,19.821966,18.713026,17.071,17.70446,16.001587,18.849628,17.12771,23.86435,23.814127,21.278864,24.94232,22.630987,24.779108,28.1224,28.754923,27.810717,31.028242,29.871864,26.887054,28.820536,24.961626,26.615295,21.159748,23.605766,20.922785,23.404762,22.242777,21.803179,25.10033,26.717478,25.51154,25.984089,21.8959,24.719742,20.315702,24.605602,20.312696,24.60121,22.251516,23.968414,26.802504,22.32387,24.958824,26.060568,21.871899,19.610283,22.269503,20.441904,14.655063,16.000135,17.4893,15.368938,11.927559,13.846889,13.534985,9.289691,8.916417,14.748294,12.040801,7.642217,10.962565,15.486519,14.8785305,16.193516,18.394907,17.161474,20.555521,17.69998,22.011501,21.496174,25.756958
7,20.34601,18.69788,14.368522,13.050876,10.703719,6.5926304,6.370759,0.0,5.4195657,6.3594766,10.5278845,13.390731,11.638356,11.40259,7.093495,7.379758,7.917829,9.270052,12.127181,14.714519,17.961767,20.2336,23.647982,26.655611,27.60944,25.41526,20.420591,20.971556,15.911658,15.414548,14.215799,12.873927,14.303416,16.105421,19.943344,23.088884,21.244204,22.453814,17.828718,18.561857,18.645977,17.510715,20.06505,19.192867,22.76512,21.813786,28.844599,29.269823,26.742819,29.843668,26.692955,28.56493,31.590536,31.524328,29.916811,32.45298,31.852541,28.199068,31.23197,27.062849,29.70383,24.212189,27.310646,25.283518,27.70886,27.549908,26.849585,30.445116,31.610218,30.6236,30.623465,26.73658,28.961231,24.275993,28.295523,23.19441,27.700123,23.863182,25.105083,26.921337,22.54562,23.816513,25.46615,20.67667,19.426727,22.87085,20.097763,14.352654,17.47736,19.07541,16.208668,13.603307,17.05577,16.76053,12.26943,13.40547,19.746674,16.785978,13.501657,16.984968,21.240786,20.415033,21.27744,22.966312,21.94332,24.080395,21.206127,25.040491,23.668367,28.14392
8,23.24903,21.137589,17.729948,14.895728,12.43387,9.469905,7.0553074,5.4195657,0.0,4.47084,6.256503,10.744309,10.220557,9.7459755,8.448065,5.7281675,8.718026,8.108027,13.027311,14.306602,17.851656,20.153238,23.18858,25.961288,26.248701,23.797543,18.564924,19.493765,13.496364,14.565883,11.478424,12.488165,11.654895,15.508574,17.92599,21.444763,20.637697,21.301174,17.439634,16.724802,17.418964,14.75923,17.83746,16.240961,20.11135,18.91794,26.552338,26.880665,23.79201,26.636456,23.039034,25.439106,27.869444,28.345366,26.189346,28.399952,27.290594,23.420626,26.2488,21.902723,24.658125,19.177294,22.51171,20.9263,23.615171,24.080887,23.801641,27.320976,27.949554,26.935465,26.413961,22.653267,24.430065,19.738325,23.74861,18.538372,23.504496,19.539299,21.23998,22.89966,17.997057,19.545973,20.532412,15.9247675,14.514041,17.663504,14.820038,9.078257,12.270186,13.7191,10.906427,8.410501,12.256165,12.356626,8.543028,9.767544,16.18743,14.25342,11.8327,14.847183,18.448101,18.248182,19.401413,20.085865,18.628666,20.10381,16.583302,20.16897,18.4276,22.877289
9,26.3904,24.412218,20.465294,18.460934,15.784216,12.367384,10.302325,6.3594766,4.47084,0.0,5.463164,7.565179,8.153973,9.312643,8.522872,8.487744,11.814658,12.4014435,16.778112,18.615711,22.135714,24.440777,27.566156,30.369991,30.66618,28.268087,23.008884,23.922653,17.938076,18.444298,15.244297,15.138246,13.685848,16.503696,19.146606,22.009497,21.431004,22.756319,19.688398,19.211998,20.654879,18.145119,21.938364,20.484444,24.45909,23.25755,30.96893,31.214815,27.931358,30.825253,27.09537,29.621487,31.77049,32.24286,29.705229,31.427189,30.283869,26.013765,29.018583,24.420774,27.37237,21.924992,24.96547,23.699682,25.744415,27.009106,26.050507,29.876793,30.272253,29.648462,29.06469,25.874865,27.599638,23.109161,27.179167,21.926456,27.157248,22.728586,24.380877,25.313118,20.311113,20.85469,21.55651,16.756655,16.350252,19.505375,15.238866,10.755615,14.940977,15.549474,12.090083,10.782607,15.196236,14.502313,10.661499,13.454702,19.261686,16.498278,15.078596,18.698837,21.850924,20.896309,21.44035,21.912827,20.98025,21.483622,18.834257,21.911922,20.049534,24.592491
10,29.156446,27.234806,23.817411,20.868198,18.618732,15.557235,13.270851,10.5278845,6.256503,5.463164,0.0,5.6031322,6.804542,7.306187,9.944088,8.257665,12.783007,12.923316,17.7607,19.435635,22.651714,25.211826,27.63189,30.497742,30.458942,27.56326,22.60607,23.167784,17.034428,17.684101,13.168959,14.271585,10.586702,14.694527,15.794424,18.734734,19.209208,20.075535,18.1718,16.510656,18.82499,15.362951,20.028048,18.509638,22.714058,21.86301,29.72507,30.222536,26.783926,28.932188,24.56487,27.152443,28.617298,29.11421,25.948597,27.06056,25.87459,21.309296,24.720415,20.117298,23.700615,18.635542,22.421515,21.943005,24.567654,26.351751,26.210629,29.71256,29.506409,28.70893,27.392437,24.19341,24.993286,20.480299,23.974525,18.459166,23.709614,18.656961,20.335836,20.649721,15.51278,15.674526,16.149778,11.337391,11.326074,14.56668,10.448874,6.2054305,11.094166,11.995175,8.937332,8.66149,13.188175,13.588591,11.339236,13.27854,18.848547,17.722147,16.730982,19.302263,21.963299,22.042528,23.031334,22.54725,21.029543,20.793503,17.08686,19.551592,16.763622,21.020994
11,33.277973,31.566116,27.622856,25.381205,23.007902,19.479294,17.558163,13.390731,10.744309,7.565179,5.6031322,0.0,5.7040524,8.53716,11.765702,12.507847,16.834528,18.00379,22.31592,24.66278,27.837467,30.480284,32.970074,35.96375,36.02469,33.114075,28.173264,28.592829,22.571512,22.462786,18.19839,17.940641,14.139286,16.466173,17.711134,19.515596,20.335281,21.997398,21.186003,19.95123,22.94966,19.961817,25.168043,23.947733,28.205637,27.454006,35.310318,35.81022,32.288166,34.414043,29.931332,32.49055,33.6939,34.027145,30.52643,31.034393,29.999798,25.140501,28.804325,24.153,27.932926,23.14297,26.60299,26.479784,28.48631,30.973217,30.254408,33.98285,33.54247,33.107418,31.713734,29.063454,29.745565,25.493017,28.879164,23.433523,28.680584,23.218319,24.641956,24.045618,19.251066,17.97225,18.240213,13.627907,15.043085,18.072594,12.799243,10.950402,15.952665,16.08289,12.836175,13.586919,18.158014,17.910278,15.6413355,18.52113,23.679564,21.866383,21.453882,24.522938,26.964218,26.432655,26.913946,26.282202,25.247545,24.120604,21.326899,23.159288,20.281403,24.361023
12,30.330654,29.27253,25.128168,23.115347,21.415125,17.377926,16.651094,11.638356,10.220557,8.153973,6.804542,5.7040524,0.0,3.6018097,7.248274,9.354137,13.216578,15.81797,18.968887,22.691294,25.279146,28.331602,30.47532,33.9873,34.613026,31.317953,26.840965,26.30407,20.961859,18.990137,15.554753,13.455535,10.548797,11.215899,13.527117,15.23667,15.209166,17.238026,16.255186,15.839996,18.891787,17.007917,22.504477,22.205822,26.537422,26.53037,34.019352,35.048656,32.168186,33.92106,29.29989,31.075024,32.73054,32.11395,28.948536,29.704151,29.645544,25.039555,29.567816,25.302084,29.503283,24.760305,28.993546,28.574646,31.360847,32.909443,32.784878,36.319473,36.260876,35.385113,34.077232,30.61279,31.193449,26.489742,29.470877,23.629654,28.176552,22.278326,22.935028,22.449062,18.493654,17.047207,19.068579,14.103954,15.122927,19.094294,15.693761,11.915892,16.77487,18.39604,15.615065,15.291746,19.673899,20.296803,17.531168,19.12896,25.247887,23.78876,22.015541,24.683865,28.031452,28.068052,29.005005,28.992155,27.58094,27.527935,23.84789,26.260078,23.199999,27.219574
13,28.394352,27.534,23.68221,21.291304,20.04994,16.1415,15.775746,11.40259,9.7459755,9.312643,7.306187,8.53716,3.6018097,0.0,5.990417,6.9987473,10.766899,13.58858,16.346172,20.393265,22.60776,25.842323,27.62299,31.304558,32.062576,28.52563,24.387728,23.37073,18.404526,15.764192,12.452738,10.082326,7.1160274,8.047373,10.457663,12.791868,12.461535,14.098537,12.778719,12.269972,15.320104,13.648263,19.259947,19.340157,23.659225,24.059008,31.29653,32.602467,30.04201,31.453749,26.74532,28.147602,29.934052,28.947962,25.95078,26.896635,27.225586,22.856808,27.690092,23.714254,28.061796,23.469807,28.145884,27.660818,30.98735,32.018845,32.463425,35.73655,35.78481,34.603855,33.235397,29.335781,29.71525,24.84828,27.48534,21.539415,25.63656,19.647928,19.983665,19.74556,16.170753,15.0774,17.887041,12.93214,13.383813,17.69467,15.643296,10.9377775,15.30611,17.777271,15.522353,14.709059,18.68433,20.007977,17.435247,17.993494,24.37027,23.586945,21.213243,23.282784,26.912998,27.561665,28.89586,28.988424,27.21414,27.699867,23.34195,25.969595,22.791471,26.653883
14,23.465317,22.848116,18.512922,17.018843,15.894778,11.51416,12.3343525,7.093495,8.448065,8.522872,9.944088,11.765702,7.248274,5.990417,0.0,5.6048164,7.1832542,11.265458,12.888794,17.67355,19.900648,23.014374,25.35027,29.107725,30.368683,27.232246,22.990923,22.043785,17.513948,14.299003,12.873774,8.937329,10.000197,9.642981,14.09269,16.614809,14.573599,16.362324,12.780965,13.997052,15.35469,15.004172,19.246426,19.528101,23.544096,23.762466,30.674479,31.875797,29.697405,31.718779,27.68208,28.853752,31.51164,30.402046,28.297039,30.145426,30.535093,26.628216,30.982937,27.052727,30.783424,25.76332,29.990963,28.695255,31.8458,32.029823,32.109093,35.48899,36.19691,34.970356,34.274757,30.083847,31.289701,26.311398,29.435556,23.698492,27.658579,22.49319,22.848625,23.684835,20.186375,20.164042,23.018774,18.064362,17.5939,21.805668,19.77644,14.072458,17.908953,20.432768,17.895418,16.000538,19.788027,20.62597,16.986925,17.399536,24.159878,22.457079,19.177952,21.685291,26.016396,26.1731,27.407597,28.462736,26.951982,28.474823,24.567953,27.926735,25.487944,29.670498
15,22.102991,20.901598,17.516802,14.515035,13.4005165,9.955124,9.699137,7.379758,5.7281675,8.487744,8.257665,12.507847,9.354137,6.9987473,5.6048164,0.0,4.6693563,6.6348147,9.948517,13.45674,15.927616,19.0045,21.179228,24.70894,25.563568,22.334122,17.948895,17.279654,12.220301,10.352756,7.773769,6.840108,7.0333443,10.248646,13.098742,16.765675,15.406794,15.905429,11.721544,11.440642,12.236011,10.546004,14.439561,14.153475,18.257149,18.32001,25.459768,26.601316,24.287798,26.199791,22.126026,23.528395,26.146154,25.470005,23.422655,25.61976,25.607899,21.937588,25.883926,22.070774,25.572641,20.598577,24.995173,23.667221,27.264359,27.147884,27.840788,30.913591,31.552563,30.082594,29.251774,24.815914,25.8825,20.86161,23.922028,18.26255,22.237072,17.488848,18.234674,19.789978,15.912865,17.13141,19.654015,14.986988,13.497688,17.477032,16.46807,10.049523,12.96935,15.999676,14.073008,11.660839,14.857909,16.394941,13.382031,12.620842,19.409029,18.755514,15.316592,17.034222,21.260027,22.178108,23.882746,24.641014,22.671532,24.52949,19.94936,23.445402,21.054869,25.078506
16,17.798262,17.08478,13.716688,10.992447,10.820409,7.455343,9.093731,7.917829,8.718026,11.814658,12.783007,16.834528,13.216578,10.766899,7.1832542,4.6693563,0.0,5.2977543,5.8080554,10.883428,12.7406645,15.958458,18.182814,21.998543,23.476614,20.35686,16.428185,15.182546,11.405012,7.9343457,8.330176,5.7349844,9.706374,11.327925,15.0039425,18.640192,16.218122,16.51748,10.83084,11.952378,11.019898,11.150926,13.3918,13.852399,17.392921,17.802168,24.112337,25.465277,23.888697,25.860199,22.36447,23.099735,26.437572,25.263588,24.120716,26.97189,27.40757,24.375471,28.163437,24.790369,27.908693,23.051598,27.29482,25.46121,29.208254,28.117268,28.993803,31.84105,32.99595,31.29707,30.892113,26.060225,27.46954,22.47132,25.385729,20.095755,23.28157,19.283451,19.625126,21.895157,18.760466,20.481056,23.458677,19.06087,17.131931,20.967943,20.735321,14.158938,16.12419,19.44112,17.822603,14.852243,17.248274,18.845306,15.563022,13.866979,20.589558,19.876293,15.401749,16.697548,21.581713,22.645632,24.540222,26.036669,24.061317,26.898024,22.374395,26.263662,24.313227,28.220945
17,17.350348,15.558458,13.398942,9.099678,8.411532,7.0648885,6.7491794,9.270052,8.108027,12.4014435,12.923316,18.00379,15.81797,13.58858,11.265458,6.6348147,5.2977543,0.0,5.8680315,6.8793187,9.875763,12.585655,15.241515,18.417112,19.265926,16.47535,11.812245,11.823933,6.8672323,7.5676537,6.9555335,9.149139,11.298012,15.201331,17.507872,21.652145,19.9999,19.567787,14.097635,13.741011,12.174568,10.6141405,11.221235,10.247459,13.588177,13.1245,19.896425,20.799852,18.84616,21.267447,18.145317,19.512276,22.926796,22.724606,21.814325,25.127567,24.724,22.034174,24.792036,21.46668,23.84717,18.911451,22.744308,20.594341,24.437412,22.946287,24.111423,26.74397,27.985003,26.167402,25.90283,20.980959,22.701391,17.826406,21.084843,16.268467,19.69109,16.846594,17.972021,21.063238,17.373331,20.3284,22.369444,18.468693,15.73147,18.773512,18.963987,12.503107,13.081969,16.219099,15.125504,11.646067,12.992572,14.783599,12.04301,9.1318865,15.600329,15.567866,10.925281,11.534507,16.385826,17.905859,20.136854,21.53117,19.30797,22.64609,17.993711,22.10679,20.674433,24.458147
18,13.287094,12.814663,10.859995,7.3225203,9.002621,7.98611,10.398701,12.127181,13.027311,16.778112,17.7607,22.31592,18.968887,16.346172,12.888794,9.948517,5.8080554,5.8680315,0.0,6.8533087,7.4243755,10.744351,12.824222,16.795856,18.813595,15.880282,12.747003,10.936181,9.331468,5.714235,9.392044,8.575259,13.561275,15.345573,18.421764,22.252249,19.530476,18.996313,12.525447,13.816052,10.733156,11.943399,11.160101,12.07664,14.452057,15.164949,20.153994,21.696585,21.058928,22.951284,20.34868,20.384079,24.459558,23.085882,23.143024,26.837097,27.439383,25.37263,28.532988,25.835583,28.255142,23.78881,27.754292,25.44814,29.479591,27.16689,28.636318,30.91984,32.558006,30.498512,30.485313,25.243269,26.883127,22.145552,24.697645,20.215818,22.314943,19.763475,19.933708,23.246271,20.799044,23.534182,26.534159,22.735573,20.076994,23.366104,24.323494,17.775526,18.254826,21.814363,20.91149,17.489105,18.525372,20.464033,17.645218,14.495433,20.40179,20.40926,15.1568,15.110304,20.315647,22.046724,24.367056,26.37223,24.192942,28.103334,23.463467,27.615414,26.216179,29.745956
19,13.401602,11.1289215,11.452808,6.1843867,7.35729,9.5840845,9.915865,14.714519,14.306602,18.615711,19.435635,24.66278,22.691294,20.393265,17.67355,13.45674,10.883428,6.8793187,6.8533087,0.0,4.2555428,5.8494015,9.335826,11.957572,13.126092,11.143723,6.854212,7.716274,6.028329,9.098116,11.133531,14.0525255,17.152138,20.819592,22.81748,27.05574,25.115595,24.072994,18.08743,17.938318,14.711802,14.040243,11.037263,9.922508,11.036237,10.196609,15.13218,15.8400755,14.977133,17.77271,16.318008,17.127415,21.415401,21.479443,22.09065,26.34813,25.840818,24.390259,25.978996,23.524336,24.682959,20.36134,23.356491,20.493425,24.404339,21.202026,23.01148,24.844885,26.810364,24.594902,25.030256,19.773611,22.046198,17.83219,20.740957,17.440653,19.502512,18.94031,20.048162,24.205584,21.239855,25.165272,26.994183,23.838253,20.512041,22.69201,23.96131,18.01171,16.949484,19.877905,19.61663,15.934458,15.385876,17.203657,15.256925,10.951535,15.292635,16.12129,10.818594,9.197386,14.303213,16.618374,19.333914,21.455385,19.1271,23.87743,19.538809,23.843115,23.380655,26.583246
20,12.451335,11.252951,12.576023,8.034367,10.586449,12.617991,13.82387,17.961767,17.851656,22.135714,22.651714,27.837467,25.279146,22.60776,19.900648,15.927616,12.7406645,9.875763,7.4243755,4.2555428,0.0,3.730963,5.720311,9.377399,11.574265,9.10293,7.1697965,5.59597,7.8111434,8.614448,12.365515,14.663031,18.533094,21.53177,23.369402,27.485992,25.24537,23.82165,17.712887,17.92507,13.844988,14.39405,10.053011,10.282006,10.294725,10.804904,13.718366,15.209348,15.668153,17.501806,16.413855,15.998719,20.70035,19.917063,21.358923,25.907267,26.09134,25.26867,27.068584,25.257,26.473894,22.754515,26.031073,23.321802,27.563766,23.899778,26.290846,27.648684,29.671387,27.198042,27.56316,22.09246,23.905993,19.893686,21.914766,18.976992,19.784843,19.630754,20.082355,24.480808,22.478064,26.446283,28.82394,25.953972,22.556164,24.765594,26.933823,20.96906,19.627518,23.01155,23.105293,19.54073,18.753433,21.02935,19.387428,14.83816,18.731976,20.161589,14.946225,12.673674,17.374407,20.222397,23.075462,25.192343,22.720146,27.580465,22.940233,27.069435,26.447493,29.281702
21,12.106836,10.29333,13.055193,8.887956,11.327244,14.443259,15.300278,20.2336,20.153238,24.440777,25.211826,30.480284,28.331602,25.842323,23.014374,19.0045,15.958458,12.585655,10.744351,5.8494015,3.730963,0.0,4.7388315,6.691036,8.950299,7.991648,6.6735773,7.014927,9.834022,12.284289,15.566859,18.321207,21.940893,25.200424,26.960857,31.129908,28.968098,27.502104,21.439108,21.516323,17.437376,17.657717,12.811994,12.3561125,11.322195,10.990448,12.477068,13.352743,14.296558,16.641182,16.765345,16.512682,21.308926,21.166197,23.108053,27.87232,27.63427,27.207993,28.195702,26.605663,27.079182,23.569517,26.111134,23.059504,26.992147,22.65602,25.088917,26.07568,28.457615,25.940493,26.76375,21.458258,23.71101,20.248253,22.333078,20.27306,20.847668,21.776083,22.532637,27.171898,25.064219,29.360004,31.303171,28.651737,25.10247,26.868292,28.999651,23.33021,21.557072,24.504229,24.762398,21.162437,19.784609,21.731976,20.36673,15.741079,18.428944,19.954924,14.940432,12.073875,16.299555,19.171339,22.049686,24.458696,22.124666,27.469057,23.326061,27.460642,27.425552,30.060764
22,14.894851,14.116643,16.952944,13.016906,15.700757,18.242622,19.226936,23.647982,23.18858,27.566156,27.63189,32.970074,30.47532,27.62299,25.35027,21.179228,18.182814,15.241515,12.824222,9.335826,5.720311,4.7388315,0.0,4.645086,7.754954,5.553323,7.7775683,5.6045437,11.222638,12.544076,16.294012,19.176424,22.734533,25.807919,26.929075,30.98391,28.916502,26.929054,21.265953,21.143173,16.666458,17.42663,11.574386,12.090881,9.913845,11.081224,10.228595,12.267897,14.503829,15.288849,15.578377,14.014051,18.975004,18.063808,20.810352,25.741753,26.10687,26.401062,27.509373,26.67235,27.242962,24.508099,27.474926,24.829954,29.251825,24.798967,28.021116,28.517923,30.63674,27.844625,28.279951,22.802652,24.241438,21.013353,21.992773,20.36174,19.578407,21.029202,21.209373,26.010128,24.894825,29.28792,31.583704,29.430733,25.800182,27.403894,30.600193,25.126116,22.901602,26.286814,27.051521,23.668295,21.990204,24.595684,23.77278,18.768248,21.213697,23.692106,18.93842,15.513759,19.183943,22.81428,25.899069,27.85328,25.202457,30.328331,25.621422,29.428722,29.078308,31.217327
23,16.903402,15.51795,19.263557,15.506813,17.795378,21.072895,21.527817,26.655611,25.961288,30.369991,30.497742,35.96375,33.9873,31.304558,29.107725,24.70894,21.998543,18.417112,16.795856,11.957572,9.377399,6.691036,4.645086,0.0,3.9993598,5.137352,8.520938,8.7296915,13.7505,16.774536,19.815844,23.416843,26.498655,30.076536,30.971334,35.127094,33.30083,31.237036,25.722303,25.251274,20.953537,21.067442,15.027663,14.6134205,11.561524,11.644019,8.444584,9.537567,12.693365,13.771228,15.724267,14.501055,19.243542,19.374788,22.553116,27.590961,27.331387,28.129358,28.167486,27.683752,27.326637,25.033897,27.121265,24.248137,28.325148,23.196749,26.656254,26.542376,28.919237,26.055922,26.900127,21.744986,23.481691,21.086077,21.948402,21.50741,20.406311,23.172724,23.776262,28.764591,27.496105,32.264866,33.96391,32.162754,28.371632,29.379301,32.623497,27.613203,24.844631,27.71567,28.768074,25.457066,23.087835,25.424467,25.116596,20.062262,21.032492,23.887959,19.679457,15.645213,18.310442,22.113552,25.211132,27.194395,24.647848,30.093636,25.900913,29.535698,29.815556,31.579378
24,20.01293,17.984098,21.570454,17.407612,19.023376,22.442005,22.126322,27.60944,26.248701,30.66618,30.458942,36.02469,34.613026,32.062576,30.368683,25.563568,23.476614,19.265926,18.813595,13.126092,11.574265,8.950299,7.754954,3.9993598,0.0,4.7614527,7.861841,9.749506,13.7810135,18.391615,20.379038,24.973915,27.18672,31.492558,31.91501,36.191883,34.83972,32.66823,27.506552,26.388838,22.495121,21.656822,15.714063,14.350124,10.883437,9.993845,5.834666,5.7554417,9.217866,10.531982,13.458896,12.978726,17.294456,18.59107,21.618956,26.587835,25.621235,26.66846,25.850134,25.583458,24.57025,22.677542,24.215101,21.371206,25.364162,20.027027,23.91411,23.369816,25.629354,22.67239,23.51838,18.56037,20.288155,18.499378,19.226246,19.66797,18.48273,22.178226,23.258083,28.30357,26.785906,31.853252,32.925335,31.526793,27.63669,28.052973,31.426743,27.008986,23.69669,26.145128,27.566034,24.483139,21.506119,23.826513,24.219524,19.102964,18.888226,22.457642,18.976696,14.39672,16.002317,20.262165,23.453648,24.996134,22.348944,27.710646,23.675634,27.016216,27.636528,29.018076
25,19.794804,18.214638,20.921398,16.30855,18.084576,20.721151,20.584335,25.41526,23.797543,28.268087,27.56326,33.114075,31.317953,28.52563,27.232246,22.334122,20.35686,16.47535,15.880282,11.143723,9.10293,7.991648,5.553323,5.137352,4.7614527,0.0,5.7532554,5.523163,10.550381,14.389602,16.421873,21.061768,23.154491,27.36374,27.498602,31.71702,30.451437,28.118809,23.204903,21.908327,18.015423,17.278654,11.124951,10.292694,6.662936,7.3185086,4.794743,7.145563,9.673998,9.762616,10.767222,9.534393,14.336864,14.7239275,17.577345,22.593124,22.196861,23.06451,23.169495,22.854485,22.753126,20.741774,23.402143,21.014133,25.663877,21.117304,25.137411,25.083231,26.8421,23.847343,23.971788,18.544365,19.51861,16.894236,17.262375,16.743143,15.301822,18.242367,18.934029,23.972355,22.819544,27.746887,29.29465,27.876068,24.028725,24.767324,28.603645,23.965466,20.767122,23.840805,25.308844,22.281515,19.67896,22.625992,22.911926,17.575678,18.650488,22.425625,18.58136,14.224607,16.643974,21.161482,24.477522,25.665207,22.703276,27.575668,22.680222,26.031311,25.879541,27.388958
26,18.352692,15.939113,17.715158,12.623713,13.488075,16.085768,15.272867,20.420591,18.564924,23.008884,22.60607,28.173264,26.840965,24.387728,22.990923,17.948895,16.428185,11.812245,12.747003,6.854212,7.1697965,6.6735773,7.7775683,8.520938,7.861841,5.7532554,0.0,5.281477,6.068163,12.17662,13.080086,18.19147,19.847952,24.59766,25.156548,29.549185,28.392239,26.567,21.421827,20.01096,16.748396,15.003894,10.172196,7.7842054,6.3614006,4.4348025,8.624589,9.157686,8.575125,11.009476,10.555589,11.566681,15.868845,17.033413,18.32964,22.975897,21.857794,21.529541,21.802275,20.322699,20.455973,17.235352,19.85864,17.119747,21.600262,17.584105,20.894928,21.645317,23.401718,20.684721,20.89009,15.35829,17.150646,13.704922,15.697303,14.042132,14.7833185,16.524477,17.997969,22.782375,20.307915,25.151955,26.28806,24.295168,20.4907,21.451178,24.190714,19.333443,16.47574,19.237392,20.261505,17.019682,14.641943,17.251558,17.215452,11.929631,13.629258,16.915928,12.9375305,8.771916,12.003002,16.185675,19.463232,20.712887,17.804102,22.690994,17.907022,21.694914,21.614946,23.814209
27,17.870983,16.642162,18.071127,13.226462,15.053443,16.72218,16.96536,20.971556,19.493765,23.922653,23.167784,28.592829,26.30407,23.37073,22.043785,17.279654,15.182546,11.823933,10.936181,7.716274,5.59597,7.014927,5.6045437,8.7296915,9.749506,5.523163,5.281477,0.0,6.5178394,8.867998,11.349528,15.549306,17.992826,21.899963,22.354654,26.572824,25.0964,22.95754,17.79741,16.720673,12.770966,12.34016,6.4332037,6.509042,5.0386925,7.0262995,9.488286,11.828735,12.5615225,12.980362,11.446902,10.4510975,15.189459,14.445831,16.17661,20.942348,21.132143,20.988787,22.532393,21.441044,22.587423,19.722403,23.406614,21.23613,26.10492,22.51536,25.945053,26.758495,28.264881,25.491814,25.239273,19.584026,20.424908,16.636044,17.574718,15.156735,14.7803135,15.517197,15.876301,20.667778,19.304602,23.788795,25.987356,23.958298,20.291132,21.874058,25.371925,20.0777,17.660437,21.33107,22.314594,19.16294,17.542658,20.699543,20.264725,15.099249,18.1391,21.19949,16.776705,13.390143,17.065063,21.089542,24.28762,25.494461,22.518822,26.961346,21.592123,25.21747,24.32027,26.465906
28,19.213312,17.15482,17.082268,11.850304,12.082414,12.961998,11.978978,15.911658,13.496364,17.938076,17.034428,22.571512,20.961859,18.404526,17.513948,12.220301,11.405012,6.8672323,9.331468,6.028329,7.8111434,9.834022,11.222638,13.7505,13.7810135,10.550381,6.068163,6.5178394,0.0,7.858209,7.2027426,12.816666,13.861685,18.90293,19.484167,23.907728,22.92085,21.35767,16.438223,14.736404,12.275304,9.72085,7.0385675,4.369871,6.9456315,6.3980775,13.324782,14.421451,12.703214,14.494285,11.525346,12.893292,16.523962,16.930262,16.696932,20.705727,19.933302,18.368307,20.134558,17.7456,19.369423,15.303285,19.224888,17.10899,21.81087,19.387104,22.06108,23.716839,24.853094,22.469698,21.96014,16.487122,17.683744,13.060865,15.502812,11.636595,13.874588,12.974542,14.403451,18.635403,15.584448,19.95179,21.527521,18.921776,15.302173,17.121103,19.464931,13.967568,11.921797,15.420109,15.971958,12.703416,11.597134,14.678862,14.040422,9.043675,13.402636,15.993717,11.868293,9.485854,13.530224,16.982681,19.975077,20.78117,17.838434,21.679407,16.202808,20.061193,18.916815,21.760677
29,17.974768,17.62958,16.451014,12.390417,13.836269,12.874774,14.081108,15.414548,14.565883,18.444298,17.684101,22.462786,18.990137,15.764192,14.299003,10.352756,7.9343457,7.5676537,5.714235,9.098116,8.614448,12.284289,12.544076,16.774536,18.391615,14.389602,12.17662,8.867998,7.858209,0.0,5.7594895,6.7790523,10.694626,13.303681,14.825139,18.886208,16.785112,15.283853,9.410399,9.378426,5.6683316,6.952504,6.2029676,8.428703,11.181321,13.173429,18.081842,20.310394,19.816414,20.453201,16.985422,16.440144,20.12847,18.105082,17.885838,21.43345,22.590921,20.778616,24.504736,22.321253,25.254,21.461058,26.215546,24.559404,29.266178,27.212399,29.582594,31.48873,32.602573,30.287035,29.5923,24.153164,24.758337,19.973553,21.520864,16.857576,18.12226,15.104534,14.675685,18.058949,16.464693,19.375223,22.831764,19.63237,16.79757,20.002047,22.415834,16.231148,15.997052,20.259016,20.141756,17.160398,17.753914,20.73322,18.988796,15.179255,20.805672,22.282839,17.593369,16.516447,21.13117,23.922457,26.604416,27.76975,25.07537,28.481657,22.93268,26.615475,24.602905,27.602346
30,22.351688,21.192219,19.555107,15.1290865,15.202213,13.741332,13.3319845,14.215799,11.478424,15.244297,13.168959,18.19839,15.554753,12.452738,12.873774,7.773769,8.330176,6.9555335,9.392044,11.133531,12.365515,15.566859,16.294012,19.815844,20.379038,16.421873,13.080086,11.349528,7.2027426,5.7594895,0.0,7.072433,6.8117847,12.052848,12.317555,16.739397,15.973296,14.558767,10.378568,8.035677,7.35291,3.761893,7.0335693,7.11462,11.316702,12.478078,19.071213,20.827515,19.086872,19.795345,15.339027,16.089323,18.718937,17.705975,15.967262,18.769964,19.11515,16.367525,20.332157,17.51162,20.977854,16.931065,22.075888,20.99334,25.697441,24.72566,26.987997,29.140022,29.641449,27.544003,26.30395,21.211344,21.37716,16.371262,18.19637,12.733544,15.337353,11.038401,11.437425,14.301699,11.408416,14.4477215,17.360367,14.050971,11.115773,14.446675,16.718946,10.724923,10.576011,14.979704,14.974097,12.463139,13.424563,16.708065,15.552433,12.207823,17.980743,19.791084,16.129179,15.45331,19.35039,22.10266,24.65827,24.968376,22.172352,24.592714,18.746918,22.0477,19.521664,22.605215
31,21.287405,21.244326,18.421276,15.518668,16.05917,13.127583,14.514383,12.873927,12.488165,15.138246,14.271585,17.940641,13.455535,10.082326,8.937329,6.840108,5.7349844,9.149139,8.575259,14.0525255,14.663031,18.321207,19.176424,23.416843,24.973915,21.061768,18.19147,15.549306,12.816666,6.7790523,7.072433,0.0,6.4659243,6.9036016,10.068618,13.71791,11.185924,10.932685,5.236613,6.60071,6.484194,7.8965507,11.679049,13.470038,17.124687,18.731775,24.532755,26.580261,25.39912,26.207417,22.028845,21.981997,24.885445,22.699177,21.226742,23.565472,24.988028,22.052277,26.844059,23.97462,27.839209,23.668365,28.733997,27.532696,31.86309,30.962225,32.57807,35.111996,35.873207,33.94691,32.964405,27.949265,28.394064,23.357105,25.237656,19.69974,21.99541,17.093088,16.438282,18.096323,16.186924,17.242887,21.312746,17.28051,15.643326,19.791998,20.871738,14.693883,16.46563,20.511402,19.508251,17.133982,19.334295,21.825441,19.401428,17.223385,23.734938,24.138609,19.950598,20.374912,24.955194,26.851173,29.029802,29.966537,27.599333,29.995369,24.698614,28.11452,25.447073,28.875656
32,26.77428,26.025448,23.269318,19.771255,19.39296,16.491007,16.237957,14.303416,11.654895,13.685848,10.586702,14.139286,10.548797,7.1160274,10.000197,7.0333443,9.706374,11.298012,13.561275,17.152138,18.533094,21.940893,22.734533,26.498655,27.18672,23.154491,19.847952,17.992826,13.861685,10.694626,6.8117847,6.4659243,0.0,6.729457,6.673684,10.844019,10.744117,10.29994,8.474186,5.94999,9.17993,6.768694,12.899962,13.55834,17.767706,19.000174,25.657349,27.458338,25.418915,25.924753,20.96151,21.736214,23.4786,21.990845,19.134056,20.391542,21.283531,17.490067,22.72486,19.49166,24.008528,20.051006,25.46398,25.087755,29.377728,29.60934,31.27615,33.87854,33.921406,32.196697,30.558275,26.037949,25.765387,20.82598,22.51712,16.589878,19.631353,13.547242,13.308642,13.725072,10.951831,11.186368,15.105748,10.942277,9.885996,14.306197,15.331083,9.990727,12.305192,16.225767,15.431502,14.101506,16.667469,19.411076,17.893755,16.374147,22.48412,23.431704,20.469576,20.981577,24.634245,26.639603,28.708334,28.644676,26.169703,27.352207,21.816584,24.499722,21.148556,24.383993
33,27.515963,27.71904,24.346535,22.014177,22.144852,18.536308,19.598377,16.105421,15.508574,16.503696,14.694527,16.466173,11.215899,8.047373,9.642981,10.248646,11.327925,15.201331,15.345573,20.819592,21.53177,25.200424,25.807919,30.076536,31.492558,27.36374,24.59766,21.899963,18.90293,13.303681,12.052848,6.9036016,6.729457,0.0,5.651481,7.763437,5.206033,6.8012094,5.989288,7.1800785,10.49992,11.5060625,16.98537,18.827291,22.693235,24.46926,30.436546,32.599068,31.134722,31.516464,26.73665,26.717459,28.755585,26.212711,23.782047,24.782944,26.723381,23.189308,28.914797,25.964207,30.631807,26.779484,32.167664,31.659916,35.836037,35.892807,37.3068,40.06009,40.33151,38.62402,37.16607,32.544487,32.395313,27.430151,28.952662,23.111279,25.521038,19.411005,18.250425,17.975382,16.71614,15.508046,20.240335,16.187641,16.10857,20.559597,21.102486,16.108734,18.988043,22.70432,21.455263,20.124619,23.080605,25.440918,23.178255,22.056625,28.550936,28.771992,25.319029,26.240011,30.424015,32.067986,33.97149,34.39727,32.147682,33.486374,28.25717,31.041235,27.686613,30.982243
34,31.282803,31.209623,28.413275,25.306683,25.408104,22.302723,22.618277,19.943344,17.92599,19.146606,15.794424,17.711134,13.527117,10.457663,14.09269,13.098742,15.0039425,17.507872,18.421764,22.81748,23.369402,26.960857,26.929075,30.971334,31.91501,27.498602,25.156548,22.354654,19.484167,14.825139,12.317555,10.068618,6.673684,5.651481,0.0,4.442112,5.767339,4.9187703,8.0922165,5.9182115,10.75442,10.379711,16.458166,18.222502,21.975367,24.06674,29.832483,32.152534,30.598606,30.19823,24.975178,24.882803,26.041346,23.420021,20.273197,20.37116,22.63441,19.096758,25.315214,22.823978,27.897379,24.836544,30.585098,30.72828,35.193203,35.603363,37.585583,40.015347,39.81446,38.013428,36.02071,31.5579,30.568098,25.880878,26.571291,20.894083,22.772385,16.194498,14.581474,13.178447,12.921257,10.876534,16.206577,13.083482,13.353526,17.442919,19.279512,15.440133,17.589146,21.436232,20.968325,20.277546,22.713415,25.654375,24.411306,22.936956,28.800442,30.044945,27.118685,27.388725,30.95959,33.22608,35.3361,35.09049,32.537422,33.351315,27.662075,29.829084,26.028973,28.687225
35,34.74158,34.95227,31.905706,29.17873,29.30354,25.920135,26.429878,23.088884,21.444763,22.009497,18.734734,19.515596,15.23667,12.791868,16.614809,16.765675,18.640192,21.652145,22.252249,27.05574,27.485992,31.129908,30.98391,35.127094,36.191883,31.71702,29.549185,26.572824,23.907728,18.886208,16.739397,13.71791,10.844019,7.763437,4.442112,0.0,4.800984,5.3403387,10.903439,9.882705,14.46427,14.728613,20.631395,22.59097,26.238285,28.458664,34.035442,36.46184,34.97553,34.396515,29.11386,28.837757,29.726784,26.790737,23.528269,22.964228,25.636017,22.123735,28.571758,26.241959,31.505308,28.691982,34.44156,34.8067,39.16133,39.848022,41.723763,44.228752,43.89984,42.18024,40.06351,35.755615,34.58212,30.004011,30.497347,24.911293,26.600763,19.933657,18.049314,15.754335,16.26278,13.041294,18.35527,15.656112,16.755564,20.626049,22.120413,19.01743,21.49823,25.055923,24.453905,24.110949,26.780437,29.562761,28.25094,27.15049,33.03033,34.08147,31.273382,31.749475,35.30591,37.428387,39.42055,39.105957,36.644455,37.132294,31.58711,33.509415,29.52955,32.05337
36,31.268303,31.9055,28.727465,26.511171,26.990015,23.49675,24.737724,21.244204,20.637697,21.431004,19.209208,20.335281,15.209166,12.461535,14.573599,15.406794,16.218122,19.9999,19.530476,25.115595,25.24537,28.968098,28.916502,33.30083,34.83972,30.451437,28.392239,25.0964,22.92085,16.785112,15.973296,11.185924,10.744117,5.206033,5.767339,4.800984,0.0,3.839465,7.743294,8.953237,12.5676365,14.377289,19.69022,22.125921,25.669655,28.009956,33.336254,35.85975,34.743473,34.462498,29.525839,28.923035,30.569689,27.29405,24.789267,25.106152,27.916267,24.685024,30.916035,28.501135,33.475292,30.22165,35.880886,35.708218,40.09739,40.201725,41.948345,44.52454,44.62917,42.817486,41.100086,36.455143,35.795475,30.98212,31.815685,26.15346,27.777103,21.495285,19.566708,18.390217,18.63534,16.489756,21.812536,18.52706,18.938026,23.142187,24.413324,20.183039,22.752562,26.573244,25.67003,24.670502,27.408934,30.055529,28.122448,26.813454,33.11018,33.735092,30.306177,30.893396,34.98066,36.94497,38.955734,39.214363,36.83057,37.99036,32.52484,34.9995,31.355692,34.24492
