,0,1,2,3,4,5,6,7,8,9,10,11,12,13,14,15,16,17,18,19,20,21,22,23,24,25,26,27,28,29,30,31,32,33,34,35,36,37,38,39,40,41,42,43,44,45,46,47,48,49,50,51,52,53,54,55,56,57,58,59,60,61,62,63,64,65,66,67,68,69,70,71,72,73,74,75,76,77,78,79,80,81,82,83,84,85,86,87,88,89,90,91,92,93,94,95,96,97,98,99,100,101,102,103,104,105,106,107,108
0,0.0,4.6824684,7.006332,9.338599,12.449201,14.489107,17.461264,20.359026,23.101343,26.931084,28.551298,31.51965,30.375042,28.795115,24.289274,22.607826,17.34379,15.830648,11.915309,11.166952,8.555438,7.8111663,10.347174,10.498748,13.92787,14.976396,19.680237,17.862871,21.497396,19.22831,25.148333,26.487135,29.563202,31.904194,34.57585,36.831314,40.055553,41.437344,37.36501,34.253178,34.27129,30.285679,28.116348,26.813772,24.302488,24.188183,21.017878,24.955791,23.595266,23.620962,24.496944,23.279451,24.45732,25.948025,26.148535,28.541445,25.979631,23.077084,25.828018,25.476042,23.322872,28.79958,30.718077,31.54153,36.10117,35.042377,39.587013,39.070045,42.320965,39.16561,36.072453,39.62259,36.199123,39.77357,37.11594,39.038025,39.009098,35.391773,34.924393,35.204544,31.84166,29.078331,28.75382,24.86325,25.168032,20.787144,22.778582,17.698664,20.399107,19.749088,21.349962,24.175636,26.42591,30.833582,28.587914,29.071178,33.415977,29.647867,26.121164,30.05087,33.679142,37.213173,37.84535,34.737946,38.54835,32.276093,35.367527,32.927097,34.882397
1,4.6824684,0.0,5.249115,6.4800544,8.930118,11.943596,14.625947,17.826778,20.698412,24.491322,26.579084,29.770542,28.69208,27.69294,22.718988,21.236177,16.319324,14.252739,11.886955,9.969062,8.928319,5.822655,10.542194,8.612284,13.782152,14.496955,18.461393,16.399769,20.527931,17.36277,24.008127,24.469465,28.254597,29.728914,32.80451,34.663673,38.197826,39.582806,35.760983,32.959507,32.212036,28.844877,26.004305,24.907772,21.835897,21.969557,18.570845,22.367805,20.673819,20.091991,20.749327,19.075424,20.403559,21.644033,22.3649,24.952393,22.671638,19.672909,22.029673,22.30777,20.447443,26.20488,28.129498,29.477564,33.706745,33.367256,37.909668,37.62921,40.979824,38.00108,35.213333,38.96443,35.496475,39.399483,36.676872,39.058697,39.091064,35.54625,35.1206,35.008236,31.980007,29.51607,28.447048,24.803337,25.335468,20.723227,23.261816,18.231258,20.626596,20.266157,21.238392,24.556694,26.776352,30.983849,29.03006,29.189442,33.749897,30.561865,27.1771,30.886059,34.59484,37.867393,38.475655,35.497807,39.063587,32.770683,36.11365,33.46981,35.78587
2,7.006332,5.249115,0.0,4.784468,7.1654906,8.176935,11.742158,13.873326,17.450045,20.724434,22.954374,25.858343,24.383062,23.370615,17.985876,17.402475,12.094597,11.358589,8.339052,9.439791,9.322215,8.611671,13.723199,12.806046,18.031235,17.481647,20.791796,17.698795,21.21767,17.221624,23.35869,22.517393,25.663269,27.629217,30.038557,32.406803,35.581303,37.360786,33.644974,31.034868,30.816011,27.879862,25.258354,25.371552,21.848936,23.394297,20.857372,24.831015,23.610235,22.734268,22.665516,20.557735,20.874071,21.448797,21.403557,24.119987,22.690529,20.332794,23.33389,24.051239,21.687822,27.361765,28.509405,29.984673,33.691307,33.242447,37.683594,36.870876,40.52088,38.035408,34.961517,38.14953,34.249504,37.843967,34.607403,36.85229,36.437542,32.735523,31.837053,31.391937,28.215702,26.077852,25.469835,22.112127,23.497515,18.798462,22.617825,18.471367,21.703876,22.194954,23.771719,26.985865,28.568521,32.804207,30.192297,29.62883,34.616318,31.638659,27.642796,30.87486,35.10919,38.744976,38.624096,35.448467,38.35947,31.905046,34.745903,31.632978,33.572
3,9.338599,6.4800544,4.784468,0.0,3.3467941,5.9449096,8.267835,11.790176,14.238651,18.18849,20.126968,23.38123,22.49683,21.608208,17.038403,14.9779,10.536101,8.038658,7.4597282,5.7760468,7.3868084,6.2225657,11.733602,10.636041,16.168617,14.523269,16.92823,13.495097,17.073046,12.674209,19.146616,18.374968,22.116055,23.54786,26.451729,28.426275,31.875748,33.416023,29.70717,27.119194,26.441893,23.568834,20.67668,20.737452,17.0973,18.816673,16.574648,20.545364,19.62957,18.7913,18.466427,16.672085,16.629211,17.683094,17.210234,19.727896,17.985575,15.658485,18.959488,19.528898,17.012846,22.646278,23.730947,25.287943,28.950718,28.679323,33.124687,32.491783,36.112804,33.639305,30.754572,34.14003,30.35153,34.224953,31.18498,33.78192,33.666553,30.150211,29.643713,29.209692,26.465881,24.307535,22.749743,19.437666,20.518784,15.790543,19.544348,15.498753,18.385086,19.237295,20.50777,23.920288,25.2659,29.292793,26.828451,26.014427,31.0915,28.607492,24.796827,27.81811,32.01954,35.409912,35.29634,32.27462,35.085426,28.718939,31.882404,28.82667,31.23309
4,12.449201,8.930118,7.1654906,3.3467941,0.0,4.599191,5.9917974,9.746086,12.235561,16.012918,18.383533,21.758984,20.93943,20.624947,15.815265,14.060149,10.46202,7.8066735,9.299601,7.514013,10.160145,8.462149,14.011154,12.175298,18.01567,16.055841,17.54643,13.90964,17.432087,12.281209,18.881289,16.937536,21.141172,21.79944,24.909437,26.589054,30.213264,31.813204,28.389725,26.163765,24.91659,22.778353,19.392733,19.997015,15.822836,18.184862,16.192467,19.881643,18.930475,17.539143,16.715473,14.440864,14.008841,14.607164,14.254976,16.988512,15.834332,13.743878,16.869595,18.142414,15.799316,21.44063,22.254026,24.277296,27.437538,27.763357,32.107162,31.560558,35.278843,33.095707,30.450783,33.81817,29.978285,33.990456,30.861267,33.763714,33.62958,30.224535,29.698696,28.899567,26.501713,24.711584,22.626104,19.735962,21.10163,16.4647,20.649454,17.086836,19.691801,20.8492,21.74944,25.314941,26.468212,30.236506,27.922216,26.75767,31.933157,29.961365,26.265913,28.951445,33.191425,36.391758,36.130898,33.230988,35.68719,29.423462,32.614117,29.401878,31.969185
5,14.489107,11.943596,8.176935,5.9449096,4.599191,0.0,4.057027,5.9361405,9.428056,12.643907,15.089211,18.15591,16.916868,16.513035,11.331343,10.384693,6.4946127,5.833622,7.4626637,9.0037565,11.75018,11.933525,17.062109,16.213404,21.692577,19.201723,20.446098,16.26615,18.89503,13.51494,18.956575,15.739565,18.973125,20.359581,22.59525,24.920637,28.067526,30.08006,26.740038,24.686998,24.19585,22.439323,19.558222,21.359718,17.109112,20.631695,19.520454,23.228638,22.7619,21.421276,20.17749,17.867807,16.500563,16.46866,15.025426,17.647772,17.411858,16.192947,19.824043,21.182465,18.440372,23.612585,23.638079,25.568617,28.210674,28.233967,32.395706,31.268085,35.216175,33.510227,30.565023,33.286858,29.069002,32.67088,29.056814,31.744097,31.158514,27.614649,26.617577,25.500885,22.965723,21.529064,19.933722,17.41573,19.663382,15.138437,20.428877,17.874372,21.136456,22.884819,24.367346,27.661968,28.290096,32.052185,29.158821,27.42958,32.85081,30.999014,26.826143,29.045681,33.67497,37.196003,36.281353,33.221905,35.06063,28.739286,31.364845,27.756586,29.896828
6,17.461264,14.625947,11.742158,8.267835,5.9917974,4.057027,0.0,4.9638095,6.250831,10.214543,12.427373,15.861214,15.306112,15.2718,11.309686,8.859131,7.3264093,5.172068,9.701983,9.554153,13.14113,13.229657,17.883385,16.98617,22.256815,19.043577,19.163738,14.798509,16.987082,11.1774235,16.291357,12.18498,16.048712,16.633879,19.301077,21.223885,24.63208,26.509783,23.310926,21.483463,20.453365,19.215605,16.003641,18.354105,13.839482,18.09458,17.687853,21.087183,21.023228,19.608292,17.890461,15.825892,13.65527,13.737604,11.391449,13.7933855,13.846561,13.197001,17.07988,18.546408,15.728628,20.50782,20.113462,22.263365,24.48342,24.842596,28.889606,27.841393,31.824844,30.351213,27.637478,30.369078,26.203323,29.998579,26.483934,29.540512,29.157211,25.858473,25.167564,23.908579,21.956705,20.729925,18.145739,16.036299,18.180344,13.967707,19.278091,17.352371,20.160273,22.308191,23.483347,26.790606,27.060564,30.469097,27.711405,25.595037,31.042301,29.81615,25.86741,27.661898,32.236767,35.489346,34.440037,31.57316,33.077377,26.970352,29.736065,26.132305,28.626308
7,20.359026,17.826778,13.873326,11.790176,9.746086,5.9361405,4.9638095,0.0,5.5337553,6.995616,10.272342,13.086124,11.6125555,12.234204,6.8508162,7.5053463,6.91095,8.112194,11.500956,13.720384,16.923641,17.501446,22.322346,21.543732,26.919102,23.803963,23.99719,19.52799,21.243301,15.544602,19.505543,13.890674,16.460157,17.352564,18.835485,21.311056,24.11611,26.558212,23.797907,22.507307,22.01061,21.682985,18.890396,22.266848,17.765526,22.631435,22.555193,25.816233,25.782888,24.115442,22.13874,19.665127,17.140509,16.140623,13.63369,15.997299,17.391428,17.406332,21.024353,22.961063,20.23078,24.601995,23.603674,25.847795,27.30575,27.742373,31.45529,29.939796,34.09279,33.215515,30.401163,32.44874,27.988354,31.291101,27.266823,30.106033,29.14544,25.78587,24.430666,22.53404,20.584356,20.10985,18.182764,16.875578,20.002022,16.197466,22.268007,21.116104,24.304123,26.68973,28.15464,31.31292,31.325138,34.68905,31.605656,29.106083,34.64503,33.5414,29.298254,30.68846,35.507835,38.957764,37.371647,34.42543,35.276695,29.263008,31.38559,27.404531,29.355469
8,23.101343,20.698412,17.450045,14.238651,12.235561,9.428056,6.250831,5.5337553,0.0,5.0125117,6.268269,9.853004,10.019343,10.441464,8.985025,5.3561115,8.394924,7.998949,13.214636,14.063541,17.7163,18.808094,22.685919,22.45576,27.166386,23.149088,22.18249,17.634836,18.310463,12.870044,15.302432,8.61529,11.343333,11.836659,13.590185,15.917012,18.90312,21.158747,18.326643,17.137756,16.550816,16.63695,14.063871,18.301497,14.074163,19.71942,20.786753,23.699692,24.428717,23.141554,20.84931,19.232693,15.875396,15.5693445,11.410041,12.768677,14.209674,15.178117,19.288641,20.69108,17.700233,21.095589,19.38785,21.457937,22.439184,22.747053,26.246536,24.581362,28.768663,28.196836,25.489378,27.326624,22.894466,26.274397,22.362238,25.539145,24.85457,21.80921,20.952301,19.09888,17.914669,17.543686,14.33571,13.616309,16.544474,13.474757,19.364613,19.308098,22.037815,24.941803,26.304974,29.211948,28.628584,31.538567,28.44055,25.430056,30.913584,30.515244,26.496677,27.245987,31.989525,35.192787,33.312817,30.580496,30.945185,25.263365,27.410233,23.483847,25.80245
9,26.931084,24.491322,20.724434,18.18849,16.012918,12.643907,10.214543,6.995616,5.0125117,0.0,4.6505194,7.0295634,6.393968,8.707061,7.301382,7.450562,11.207796,12.459506,16.855883,18.76177,22.266554,23.312212,27.496483,27.062836,32.01004,28.127674,27.136868,22.61943,23.129076,17.797653,19.518665,11.912374,13.166028,13.222613,13.539774,16.06351,18.31764,21.152626,19.182673,18.922918,18.508192,19.911386,17.642366,22.546799,18.377594,24.270359,25.475048,28.147612,28.802563,27.168713,24.616144,22.585403,19.007277,17.689491,13.750946,14.992264,17.76237,19.200024,22.789024,24.769644,22.066755,25.075762,22.895657,25.169365,25.2049,25.903437,28.899416,26.93989,31.168722,31.292658,28.734509,29.909481,25.392122,28.252235,24.003283,27.023483,25.823092,22.96278,21.527933,18.86817,18.12066,18.773586,16.092117,16.456146,19.997921,17.503082,23.618961,24.055454,26.883965,29.883228,31.286982,34.1409,33.40033,36.163967,32.9744,29.687647,35.11867,34.977924,30.887339,31.249216,36.05844,39.266575,36.97124,34.298344,33.987698,28.627516,30.18748,26.042313,27.878792
10,28.551298,26.579084,22.954374,20.126968,18.383533,15.089211,12.427373,10.272342,6.268269,4.6505194,0.0,3.7259839,5.458115,6.4590807,9.37391,6.6046157,12.003564,13.04198,17.56847,19.379608,22.792528,24.626307,28.023712,28.347437,32.65788,28.233335,26.793634,22.288527,21.842365,17.26703,17.232601,9.631604,9.103452,10.218777,9.398387,12.741912,14.458691,17.373808,15.17489,14.906287,15.537327,16.947914,15.713844,21.108656,17.67087,23.76559,25.738197,28.326996,29.56771,28.4581,25.943224,24.637016,20.826279,20.26553,15.506451,15.879661,18.1152,19.98368,24.027077,25.237062,22.224682,24.433262,21.769018,23.460625,23.276405,23.24847,25.960926,23.526218,27.759089,28.186146,25.455364,26.060644,21.457426,23.957235,19.5795,22.528084,21.27879,18.57676,17.287989,14.620288,14.408555,15.297664,12.128163,13.31606,16.919264,15.369695,21.263765,22.769983,25.492662,28.847094,30.484718,32.94474,31.684872,34.17647,30.734295,27.0663,32.37896,32.585384,28.514082,28.29045,33.094704,36.299107,33.570774,30.975063,30.125536,25.0757,26.263233,22.09229,23.850636
11,31.51965,29.770542,25.858343,23.38123,21.758984,18.15591,15.861214,13.086124,9.853004,7.0295634,3.7259839,0.0,3.7232106,5.3115892,10.294086,9.077988,14.443732,16.233173,20.193144,22.667017,25.898695,28.030539,31.36296,31.885168,36.126755,31.653397,30.227463,25.731009,24.981234,20.724178,19.97013,12.619142,10.526086,12.094916,9.531592,13.335622,13.835474,17.166971,15.560318,15.856596,17.273245,19.15448,18.574915,24.191721,21.06354,27.187477,29.349426,31.885118,33.22829,32.137928,29.57478,28.249804,24.369497,23.589745,18.86344,19.057175,21.567213,23.610716,27.580927,28.794247,25.79295,27.679981,24.745117,26.25308,25.613861,25.398485,27.675577,24.864191,29.019102,29.94301,27.193974,27.090496,22.484173,24.295094,19.692257,22.235807,20.493797,18.0128,16.232584,12.96889,13.277852,15.076471,12.6412115,14.728358,18.612148,17.706982,23.540518,25.58618,28.412643,31.88066,33.700684,35.973774,34.486324,36.857773,33.228344,29.355354,34.540527,34.896004,30.755156,30.143827,34.963108,38.222515,35.077785,32.525337,31.075193,26.399097,26.940691,22.685686,23.890236
12,30.375042,28.69208,24.383062,22.49683,20.93943,16.916868,15.306112,11.6125555,10.019343,6.393968,5.458115,3.7232106,0.0,4.2228994,7.3452954,8.775694,13.228917,15.9580765,19.20367,22.545994,25.60121,27.667776,31.43893,31.791758,36.372044,32.26481,31.424692,26.810966,26.580595,21.9478,22.144594,14.981879,13.444107,15.321654,13.20962,16.942125,17.531939,20.886229,19.211512,19.234745,20.603344,22.03481,21.127542,26.424751,22.928259,28.915312,30.545353,33.35205,34.340584,33.0484,30.582352,28.810003,25.192705,24.047422,19.855658,20.63823,23.213432,24.845512,28.75389,30.267828,27.271645,29.803062,27.217354,28.891726,28.63367,28.482906,31.01767,28.297686,32.48545,33.15361,30.255842,30.350208,25.658207,27.471981,22.769476,25.029396,23.053062,20.253782,17.998814,14.727421,14.167025,15.919914,14.5589485,16.070723,20.274843,18.768988,25.013988,26.514105,29.71951,33.00057,34.961624,37.394775,36.2041,38.90304,35.180637,31.543175,36.8747,36.767155,32.37855,32.156612,37.12369,40.61701,37.60211,34.8541,33.724854,28.722225,29.243387,24.878693,25.789408
13,28.795115,27.69294,23.370615,21.608208,20.624947,16.513035,15.2718,12.234204,10.441464,8.707061,6.4590807,5.3115892,4.2228994,0.0,7.673642,7.043428,11.481513,14.523066,17.110916,20.929754,23.626312,26.417856,29.676758,30.695992,34.83324,30.601118,30.009447,25.396627,24.828024,20.735086,20.39302,14.375553,11.852776,15.479422,13.114383,17.49851,17.855711,21.009802,18.63855,17.93565,20.399899,20.73768,20.544392,25.506428,22.461819,28.18055,29.879585,32.937824,34.118973,33.265583,31.074163,29.665703,26.235022,25.723242,21.336142,22.04542,23.737238,25.112553,29.466408,30.34635,27.029251,29.570377,27.143362,28.2851,28.615454,27.607521,30.286283,27.315897,31.457087,31.842932,28.5507,28.494125,23.703962,25.258389,20.451784,22.282074,20.173523,17.025639,14.566334,11.658224,10.321192,11.852117,11.257316,12.679248,17.08973,15.852623,22.064491,23.915451,27.35852,30.694407,33.031883,35.19746,33.871574,36.68012,32.653404,29.052652,34.355476,33.96264,29.38146,29.120195,34.17552,37.91639,34.77272,31.870438,30.813059,25.68089,25.948576,21.527496,22.147398
14,24.289274,22.718988,17.985876,17.038403,15.815265,11.331343,11.309686,6.8508162,8.985025,7.301382,9.37391,10.294086,7.3452954,7.673642,0.0,7.3202133,8.269039,12.16465,13.968826,18.366041,21.001703,22.798393,27.185356,27.245913,32.251938,28.927935,29.24843,24.616312,25.492767,20.382502,22.647953,16.636044,16.761038,19.081577,18.562471,22.099077,23.639608,26.653582,24.186495,23.220465,24.20926,24.21252,22.58069,26.751644,22.754066,28.039684,28.518442,31.856354,32.17563,30.749533,28.723917,26.422623,23.622725,22.448286,19.37328,21.199839,23.02833,23.565126,27.446482,29.114883,26.110973,29.920456,28.31526,30.13697,31.10398,30.899488,34.19831,31.917057,36.144985,35.86261,32.69715,33.707737,28.962114,31.334904,26.767729,28.927961,27.172781,23.74603,21.490343,19.055141,16.903353,17.354908,16.906616,16.596992,20.688383,17.74761,24.296164,24.3117,28.00476,30.740723,32.82135,35.57054,35.108078,38.443005,34.760178,31.83173,37.374462,36.284313,31.631483,32.444824,37.527992,41.333504,38.98086,35.900093,35.93193,30.143188,31.235395,26.919077,27.922186
15,22.607826,21.236177,17.402475,14.9779,14.060149,10.384693,8.859131,7.5053463,5.3561115,7.450562,6.6046157,9.077988,8.775694,7.043428,7.3202133,0.0,5.707378,7.548725,11.156179,14.021088,16.996864,19.505335,22.835686,23.687204,27.896183,23.761621,23.392641,18.731909,18.807327,14.230856,15.475023,10.242255,10.371516,13.654866,13.837431,17.431145,19.420336,21.87761,18.593834,16.852966,18.221716,17.236801,16.106148,20.166264,16.748104,22.058456,23.240635,26.54822,27.513702,26.7744,24.859606,23.571318,20.541069,20.658762,16.54244,17.659735,18.31857,19.026731,23.58235,24.222048,20.8111,24.0787,22.379951,23.637606,25.05297,24.132032,27.584465,25.291712,29.46283,28.859352,25.541727,26.76621,22.067839,24.776371,20.481201,22.94029,21.790998,18.33635,16.967472,15.337377,13.339933,12.77809,10.790638,9.936947,13.714057,10.880305,17.36888,18.015234,21.452864,24.53851,26.672861,29.16268,28.313066,31.445414,27.70404,24.59613,30.124022,29.286648,24.765095,25.361124,30.394354,34.09099,31.770895,28.75376,28.93227,23.078657,24.578573,20.400711,22.067974
16,17.34379,16.319324,12.094597,10.536101,10.46202,6.4946127,7.3264093,6.91095,8.394924,11.207796,12.003564,14.443732,13.228917,11.481513,8.269039,5.707378,0.0,4.9624896,6.01243,10.570155,12.918985,15.497263,19.283411,20.099161,24.567657,21.20584,22.127441,17.595982,18.758383,14.133627,17.305891,14.021135,15.20182,18.434725,19.335093,22.663898,24.961252,27.216623,23.654482,21.40751,22.53168,20.471254,18.943024,21.629322,18.081503,22.324425,22.356747,26.145855,26.514502,25.803635,24.431694,22.834398,20.727617,21.002508,18.044619,19.890196,19.733625,19.336348,23.75781,24.344448,20.99164,25.283098,24.542162,25.776655,28.18976,27.166111,31.07011,29.155706,33.19172,31.861038,28.40488,30.252836,25.72407,28.63647,24.624577,26.77938,25.764833,22.042389,20.661806,19.637936,16.7371,15.311327,14.569282,12.249218,15.355012,11.333085,17.522078,16.549519,20.468697,22.91598,25.231134,27.926208,27.776644,31.466475,27.794561,25.477465,31.001974,29.217758,24.531342,26.10231,31.093523,35.02277,33.31533,30.072899,31.244879,24.956947,26.813004,22.89604,24.457674
17,15.830648,14.252739,11.358589,8.038658,7.8066735,5.833622,5.172068,8.112194,7.998949,12.459506,13.04198,16.233173,15.9580765,14.523066,12.16465,7.548725,4.9624896,0.0,5.9493217,6.590515,9.876499,11.967053,15.507078,16.177254,20.533922,16.814806,17.325975,12.764049,14.282038,9.356681,13.659669,11.542016,14.315371,16.684223,18.877213,21.425468,24.426111,26.141123,22.34082,19.779385,20.037308,17.405542,15.322335,17.203005,13.624681,17.459677,17.403738,21.205435,21.660086,21.167788,19.928326,18.799784,16.864744,17.945282,15.024335,16.727827,15.602903,14.836328,19.407148,19.583319,16.17765,20.640957,20.320492,21.551659,24.478674,23.59126,27.762587,26.365282,30.263157,28.468918,25.238989,27.812805,23.59426,27.1384,23.678009,26.297815,25.966915,22.477362,21.929436,21.341457,18.918629,16.99761,14.901032,11.9945135,13.878498,9.357761,14.808369,13.064492,16.496143,18.871212,20.781578,23.702282,23.72292,27.365908,24.089214,22.01064,27.512575,25.84829,21.535883,23.421947,28.1639,31.77396,30.591974,27.509336,29.23525,22.911345,25.570755,22.045477,24.398106
18,11.915309,11.886955,8.339052,7.4597282,9.299601,7.4626637,9.701983,11.500956,13.214636,16.855883,17.56847,20.193144,19.20367,17.110916,13.968826,11.156179,6.01243,5.9493217,0.0,6.8483324,7.6797614,11.079532,14.361405,15.839093,19.828358,17.101685,19.294922,15.284419,17.136307,13.491524,17.679502,17.071198,18.821697,22.20674,23.788898,26.818285,29.39698,31.206106,27.213818,24.328644,25.418278,22.045551,20.597485,21.622566,18.645044,21.3369,20.4661,24.595644,24.665094,24.477877,23.88085,22.660318,21.571972,22.642984,20.505331,22.459902,20.983854,19.60041,23.907337,23.775066,20.473278,25.23525,25.453001,26.254345,29.759016,28.27216,32.515774,30.994774,34.733402,32.588463,29.029516,31.492523,27.340115,30.448507,26.998562,28.89734,28.321512,24.55888,23.65235,23.511076,20.225697,17.836407,17.527868,14.063672,15.785852,11.267996,15.98752,13.390006,17.50805,19.200237,21.74269,24.399109,24.864826,28.981071,25.455233,24.057846,29.331442,26.646063,22.023338,24.537354,29.25232,33.27773,32.292694,28.945982,31.202795,24.715061,27.045954,23.693619,25.38236
19,11.166952,9.969062,9.439791,5.7760468,7.514013,9.0037565,9.554153,13.720384,14.063541,18.76177,19.379608,22.667017,22.545994,20.929754,18.366041,14.021088,10.570155,6.590515,6.8483324,0.0,3.9563935,6.0230045,8.931009,10.119201,14.061145,10.789329,12.724324,8.915122,11.857968,8.431276,14.299586,15.524004,18.942554,20.998594,23.985428,25.954168,29.299974,30.441244,26.350323,23.27012,23.12506,19.229872,17.076725,16.54139,13.820267,15.192257,13.772301,17.959835,18.000584,18.209806,18.01142,17.543518,17.031021,19.180975,17.489912,19.183994,16.40144,14.2953825,18.438284,17.63443,14.477165,19.495747,20.538506,21.31338,25.503017,24.332483,28.826826,28.11739,31.555988,28.797308,25.703142,29.150948,25.565948,29.432188,26.779264,29.262661,29.526762,26.163692,26.20861,26.388435,23.795261,21.137768,19.21942,15.506807,15.651301,11.082073,13.926117,9.759084,12.773966,14.04256,15.792498,18.940338,19.87423,23.93106,21.181368,20.334763,25.413414,22.908438,19.046211,22.067186,26.244873,29.68382,29.564493,26.542137,29.55899,23.228819,26.611506,23.87956,26.552408
20,8.555438,8.928319,9.322215,7.3868084,10.160145,11.75018,13.14113,16.923641,17.7163,22.266554,22.792528,25.898695,25.60121,23.626312,21.001703,16.996864,12.918985,9.876499,7.6797614,3.9563935,0.0,5.377189,6.720995,9.299707,12.2623625,9.899619,13.338617,10.520563,13.406013,11.48974,16.726807,19.048363,21.964615,24.542534,27.31042,29.455946,32.623795,33.69641,29.444546,26.113031,26.412325,21.968609,20.300678,19.066404,17.029457,17.383585,15.472085,19.67517,19.52675,20.176481,20.546724,20.285578,20.355473,22.634361,21.314415,23.00929,19.92326,17.53905,21.376757,20.146488,17.193132,22.082758,23.527185,23.88168,28.497305,26.86976,31.372555,30.685244,33.912247,30.822105,27.593582,31.067554,27.684181,31.330925,28.881033,30.960617,31.256691,27.84094,27.897667,28.465902,25.533516,22.541386,21.360254,17.344917,17.059769,12.758324,14.481065,9.532215,12.650638,13.090071,15.255435,18.103119,19.479818,23.825748,21.074474,20.927832,25.645494,22.389488,18.555014,22.126211,26.061455,29.64815,29.873995,26.76947,30.3196,24.02021,27.341415,24.939318,27.349253
21,7.8111663,5.822655,8.611671,6.2225657,8.462149,11.933525,13.229657,17.501446,18.808094,23.312212,24.626307,28.030539,27.667776,26.417856,22.798393,19.505335,15.497263,11.967053,11.079532,6.0230045,5.377189,0.0,5.890173,4.8263445,9.961355,9.088394,12.71758,10.668127,14.872242,12.332409,18.926348,20.633224,24.664211,25.988968,29.461504,30.98327,34.65262,35.63342,31.658289,28.645212,27.773567,23.924133,21.244814,19.485298,16.943502,16.517338,13.335596,17.346178,16.247892,16.392347,17.12407,16.505234,17.53026,19.79202,19.73484,21.76545,18.599232,15.537964,18.40833,17.716917,15.531247,21.036339,23.116613,24.094423,28.669327,28.028532,32.59232,32.499157,35.65929,32.461586,29.771412,33.765656,30.586504,34.67135,32.372334,34.905277,35.362797,32.061115,32.18619,32.403915,29.736279,27.026165,25.225367,21.464966,21.235218,16.85259,18.502668,13.254722,15.129302,14.86951,15.690101,19.1411,21.20819,25.324692,23.488098,23.675707,28.169523,25.236174,22.108913,25.79111,29.326267,32.381668,33.14351,30.318487,34.03435,27.905285,31.611343,29.274431,32.025387
22,10.347174,10.542194,13.723199,11.733602,14.011154,17.062109,17.883385,22.322346,22.685919,27.496483,28.023712,31.36296,31.43893,29.676758,27.185356,22.835686,19.283411,15.507078,14.361405,8.931009,6.720995,5.890173,0.0,5.316424,5.5846157,4.7293777,9.942894,9.660859,13.240019,13.259523,18.601149,22.575958,26.209593,27.905424,31.443657,32.816376,36.37277,36.892807,32.659813,29.23467,28.730278,23.910217,22.02276,18.932182,17.887886,15.8222685,12.739941,16.503342,15.953446,17.452684,18.867392,19.542974,20.755005,23.815628,23.377182,24.786179,20.697212,17.639078,20.465466,18.341671,16.222307,20.80921,23.38445,23.433802,28.716131,27.25798,31.762856,31.901184,34.576984,30.808477,28.137825,32.374706,29.781988,33.765026,32.155613,34.38938,35.301296,32.248943,32.913326,33.80506,31.203897,28.037903,26.278572,22.267483,20.878914,17.23387,16.71485,10.91296,11.693653,10.221461,11.100149,14.157764,16.7319,20.96503,19.46577,20.623894,24.421206,20.93564,18.423746,22.613491,25.47933,28.33395,29.76121,27.100294,31.55888,25.801353,29.767467,28.179556,31.049437
23,10.498748,8.612284,12.806046,10.636041,12.175298,16.213404,16.98617,21.543732,22.45576,27.062836,28.347437,31.885168,31.791758,30.695992,27.245913,23.687204,20.099161,16.177254,15.839093,10.119201,9.299707,4.8263445,5.316424,0.0,6.25542,7.282497,11.222951,10.983728,15.500285,14.1170435,20.631386,23.266954,27.75183,28.425318,32.409985,33.36973,37.306202,37.915203,34.00655,30.988884,29.507708,25.545061,22.671022,19.744818,17.834658,15.7492895,11.60247,15.084799,13.4078045,14.024972,15.640133,15.716445,17.737509,20.531631,21.226425,23.010105,19.218653,15.710277,17.564022,16.354795,15.009145,20.250835,23.12821,24.003885,28.905378,28.539572,33.055767,33.55733,36.345917,32.760433,30.523441,35.004986,32.343334,36.66052,34.88868,37.562187,38.406986,35.338615,35.84284,36.235714,33.796444,30.985466,28.78577,25.03745,24.175087,20.163828,20.61053,15.056588,15.582244,14.339768,14.018561,17.578203,20.327204,24.174791,23.269314,24.180498,28.059353,25.167122,22.922895,26.85497,29.708548,32.21047,33.71477,31.21654,35.414402,29.6564,33.7558,31.888216,34.946335
24,13.92787,13.782152,18.031235,16.168617,18.01567,21.692577,22.256815,26.919102,27.166386,32.01004,32.65788,36.126755,36.372044,34.83324,32.251938,27.896183,24.567657,20.533922,19.828358,14.061145,12.2623625,9.961355,5.5846157,6.25542,0.0,5.582042,10.302177,12.229444,15.794246,16.749472,21.910418,26.45003,30.530062,31.51707,35.524803,36.33681,40.148636,40.323055,36.221367,32.86966,31.708544,26.941383,24.833303,20.692453,20.272446,16.613438,12.732748,15.4995775,14.377496,16.436598,18.71772,20.012707,22.136293,25.52753,25.88581,27.113796,22.600769,19.220343,20.888187,18.342875,17.254332,21.316586,24.678596,24.635258,30.13161,29.037327,33.399998,34.193672,36.425304,32.28285,30.184534,34.880253,32.879864,37.05013,35.984768,38.347233,39.6171,36.813126,37.793617,38.78558,36.400295,33.21318,31.10914,27.19572,25.363888,22.092539,20.63796,14.992557,14.213732,11.559125,10.682304,13.552849,17.045452,20.752775,20.557453,22.60429,25.487827,22.116304,20.83398,25.151476,27.093306,29.194504,31.522923,29.309223,34.232014,29.013163,33.30003,32.212852,35.33035
25,14.976396,14.496955,17.481647,14.523269,16.055841,19.201723,19.043577,23.803963,23.149088,28.127674,28.233335,31.653397,32.26481,30.601118,28.927935,23.761621,21.20584,16.814806,17.101685,10.789329,9.899619,9.088394,4.7293777,7.282497,5.582042,0.0,5.5254793,6.958776,10.232002,11.71307,16.365335,21.39489,25.303144,26.39345,30.341734,31.143827,34.850838,34.932987,30.773645,27.361006,26.393152,21.424013,19.598898,15.535493,15.402352,12.106783,9.268615,12.669336,12.774164,15.0885515,16.6554,18.346972,19.457254,23.120424,22.425137,23.262583,18.575872,15.630044,18.272562,15.227718,13.292164,17.100286,20.024605,19.713705,25.252724,23.775204,28.190132,28.759571,31.111511,27.09571,24.803549,29.416006,27.313799,31.522436,30.466234,32.931885,34.290424,31.606579,32.778954,33.8163,31.709759,28.564741,26.048548,22.264963,20.19962,17.170938,15.507201,10.100482,9.079655,7.2575665,6.8502955,10.385628,13.057321,16.977734,16.130339,17.532661,20.983276,18.03928,16.33883,20.355677,22.724854,25.028872,26.848495,24.543333,29.144878,23.818151,28.19271,27.017635,30.341381
26,19.680237,18.461393,20.791796,16.92823,17.54643,20.446098,19.163738,23.99719,22.18249,27.136868,26.793634,30.227463,31.424692,30.009447,29.24843,23.392641,22.127441,17.325975,19.294922,12.724324,13.338617,12.71758,9.942894,11.222951,10.302177,5.5254793,0.0,4.669148,6.7940235,9.528236,13.067594,18.685083,22.89969,23.101633,27.459534,27.576784,31.436964,31.096886,27.142374,23.920786,22.274725,17.479483,15.562854,10.636688,11.489719,7.0451403,5.602254,8.4480295,10.015301,12.878656,14.012657,16.691732,17.174212,21.293232,20.0347,20.138908,15.021508,12.583402,15.229454,11.264858,9.291584,11.941102,15.003532,14.430642,20.07759,18.782106,23.11496,24.102962,26.25707,22.207127,20.383757,25.33584,23.623652,28.131285,27.519722,30.384377,32.121716,29.86334,31.479464,32.460033,31.013111,28.113134,24.661531,21.388176,18.940147,16.619673,14.4693165,10.505954,7.9668956,7.447865,5.4476495,9.194881,10.842936,13.946742,13.638533,14.491348,17.901827,16.290335,15.270412,18.465607,20.577625,22.267378,24.04571,22.145975,26.376545,21.516903,26.20378,25.226458,29.031301
27,17.862871,16.399769,17.698795,13.495097,13.90964,16.26615,14.798509,19.52799,17.634836,22.61943,22.288527,25.731009,26.810966,25.396627,24.616312,18.731909,17.595982,12.764049,15.284419,8.915122,10.520563,10.668127,9.660859,10.983728,12.229444,6.958776,4.669148,0.0,4.7317753,5.0919404,10.043084,14.665044,18.926695,19.49988,23.644672,24.220116,28.02384,28.09833,24.045519,20.834047,19.514208,14.886952,12.68709,9.317184,8.649227,7.054571,6.616825,10.427969,11.851116,13.546373,13.729448,15.503859,15.105287,18.832987,16.883533,17.24218,12.597295,10.444256,14.323803,11.357522,8.175082,11.964732,13.947638,13.939914,19.096056,17.814043,22.358885,22.666544,25.448963,21.967476,19.598185,24.087801,21.58129,26.077303,24.746605,27.715334,29.059109,26.514318,27.78237,28.467316,26.912506,24.164053,20.69518,17.408272,15.58308,12.669795,12.057006,8.257482,7.6345873,8.915,8.941073,12.378137,13.101176,16.493185,14.877735,14.4407215,18.95172,17.43278,15.112177,17.959784,21.118677,23.504265,24.266369,21.931717,25.477865,19.976223,24.374083,22.688004,26.366566
28,21.497396,20.527931,21.21767,17.073046,17.432087,18.89503,16.987082,21.243301,18.310463,23.129076,21.842365,24.981234,26.580595,24.828024,25.492767,18.807327,18.758383,14.282038,17.136307,11.857968,13.406013,14.872242,13.240019,15.500285,15.794246,10.232002,6.7940235,4.7317753,0.0,5.9788504,6.476392,13.314717,16.648315,17.646656,21.483604,22.005138,25.457813,25.176392,20.962734,17.474773,16.819893,11.333023,10.535822,6.9297976,8.345409,7.4105916,9.593946,12.3130865,14.817014,16.863747,16.687962,18.899807,17.736534,21.453156,18.507032,18.120106,13.587351,12.6265745,16.756603,13.285298,9.944184,11.519079,12.594535,11.403616,16.690006,14.197803,18.66409,18.70819,21.350595,17.775505,15.098183,19.535406,17.239664,21.68235,20.779743,23.67351,25.360012,23.166267,24.927618,25.998339,24.856897,22.064552,18.259623,15.288095,12.591333,11.001813,8.855715,7.2294326,5.595951,8.429593,9.059601,11.352176,10.571266,13.523685,11.271671,9.992125,14.807535,13.9686,11.700428,13.804289,17.031944,19.425503,19.779633,17.511845,20.851814,15.569756,20.12092,18.7773,22.704206
29,19.22831,17.36277,17.221624,12.674209,12.281209,13.51494,11.1774235,15.544602,12.870044,17.797653,17.26703,20.724178,21.9478,20.735086,20.382502,14.230856,14.133627,9.356681,13.491524,8.431276,11.48974,12.332409,13.259523,14.1170435,16.749472,11.71307,9.528236,5.0919404,5.9788504,0.0,7.2700844,9.73196,14.306527,14.797638,18.85377,19.667513,23.469296,23.89415,19.906204,16.935564,15.643452,11.727572,9.034203,8.307898,5.724276,8.338491,9.554393,12.945508,14.521234,15.157965,14.18025,15.155243,13.389463,16.513659,13.399507,13.688155,9.924242,8.925239,13.798079,12.020878,8.208938,11.913588,12.326033,12.99368,17.09893,16.110735,20.62204,20.303926,23.672712,21.015207,18.400793,22.279531,19.063625,23.5548,21.541239,24.804022,25.791718,23.143631,24.131079,24.3348,23.015675,20.697268,16.76034,13.92112,13.019978,9.871163,11.489744,9.517964,10.386936,12.9270525,13.61446,16.636395,16.431145,19.470652,17.137745,15.301435,20.460844,19.6602,16.625956,18.506426,22.391308,25.062967,24.772738,22.285362,24.728054,18.991568,22.95315,20.54171,24.157236
30,25.148333,24.008127,23.35869,19.146616,18.881289,18.956575,16.291357,19.505543,15.302432,19.518665,17.232601,19.97013,22.144594,20.39302,22.647953,15.475023,17.305891,13.659669,17.679502,14.299586,16.726807,18.926348,18.601149,20.631386,21.910418,16.365335,13.067594,10.043084,6.476392,7.2700844,0.0,8.338511,10.615224,11.9804325,15.320882,16.053963,19.162247,18.965736,14.612351,11.042028,11.220228,5.4591975,6.2688594,6.8559,7.78556,10.781786,14.329016,16.5259,19.289328,20.55364,19.368792,21.05936,18.56795,21.570463,17.268114,16.284157,13.100689,13.855623,18.463064,15.946775,12.396375,12.752121,11.470359,10.328188,13.910614,10.843543,15.077392,13.965775,17.347662,14.947908,11.707227,15.116731,11.862158,16.385967,14.8789425,18.220385,19.76657,17.755602,19.628716,20.433027,19.992092,17.745462,13.031466,11.131946,8.871629,8.674677,8.414705,10.435454,10.498311,14.1364975,15.304899,16.931845,14.981234,16.998608,13.949934,10.505942,15.784412,16.328886,13.471498,13.571392,17.562262,20.15878,18.846209,16.537294,18.011177,12.709848,16.64937,14.56244,18.623575
31,26.487135,24.469465,22.517393,18.374968,16.937536,15.739565,12.18498,13.890674,8.61529,11.912374,9.631604,12.619142,14.981879,14.375553,16.636044,10.242255,14.021135,11.542016,17.071198,15.524004,19.048363,20.633224,22.575958,23.266954,26.45003,21.39489,18.685083,14.665044,13.314717,9.73196,8.338511,0.0,6.053936,5.494272,9.251281,10.440314,14.06931,15.121319,11.497238,9.612498,8.610447,8.128287,6.2235193,11.572959,8.874824,14.894436,17.831646,20.015192,22.01795,21.769321,19.518631,19.735527,16.054678,17.50116,12.237384,11.403111,11.130316,13.196857,17.729565,17.46426,14.196994,15.46217,12.826637,14.006856,14.8317,14.306272,17.748568,16.050974,20.204996,19.624592,17.047682,19.038824,14.898157,18.85465,15.752321,19.586838,19.965464,17.68722,18.354448,17.471344,17.47707,16.614698,11.402001,11.132594,12.1835985,10.94718,14.830173,16.377838,17.81036,21.249498,22.296867,24.603054,23.128927,25.19355,22.285795,18.68643,23.859928,24.57869,21.276192,21.109983,25.424639,28.063435,26.0456,23.762598,23.777372,18.732538,21.354897,18.031187,21.297764
32,29.563202,28.254597,25.663269,22.116055,21.141172,18.973125,16.048712,16.460157,11.343333,13.166028,9.103452,10.526086,13.444107,11.852776,16.761038,10.371516,15.20182,14.315371,18.821697,18.942554,21.964615,24.664211,26.209593,27.75183,30.530062,25.303144,22.89969,18.926695,16.648315,14.306527,10.615224,6.053936,0.0,6.5187273,5.996979,9.429315,11.073011,12.624203,8.624566,6.53843,9.593242,9.22675,10.499044,15.730787,14.315018,19.831633,23.052677,25.317888,27.58051,27.635513,25.506512,25.750471,22.066198,23.220934,17.862576,16.961388,17.096563,19.187181,23.75231,23.187183,19.81272,20.450186,17.445467,17.651402,17.88445,15.9925375,18.573387,15.600459,19.75343,20.001698,16.86411,17.142399,12.443429,15.152105,11.090496,14.540488,14.330311,12.048991,12.590318,11.665203,12.344245,12.054026,6.5177174,8.314481,10.199023,10.875517,14.879481,18.157125,20.046465,23.821678,25.57516,27.243652,25.130842,27.00344,23.397655,19.23899,24.214384,25.107645,21.460384,20.311731,24.860777,27.844038,24.777225,22.40397,21.183102,16.527096,17.87178,14.07412,16.695774
33,31.904194,29.728914,27.629217,23.54786,21.79944,20.359581,16.633879,17.352564,11.836659,13.222613,10.218777,12.094916,15.321654,15.479422,19.081577,13.654866,18.434725,16.684223,22.20674,20.998594,24.542534,25.988968,27.905424,28.425318,31.51707,26.39345,23.101633,19.49988,17.646656,14.797638,11.9804325,5.494272,6.5187273,0.0,5.4473944,4.994496,9.085604,10.080085,7.394737,7.5317473,5.3977456,8.975061,8.125301,14.2403965,12.371967,18.276258,21.821249,23.24258,25.506052,25.085253,22.475977,22.788216,18.670017,19.569956,14.059135,12.26928,13.443722,16.472082,20.229528,20.290815,17.606205,17.403955,13.700547,14.947645,13.58046,13.7941265,16.023155,13.95972,18.131367,18.887007,17.005566,17.96329,14.106962,17.568512,14.59209,18.742886,19.11016,17.692291,18.522068,17.123972,18.416464,18.514784,13.034823,14.387489,15.536057,15.548939,18.896208,21.304047,22.295982,25.826582,26.614407,28.637114,26.726675,28.081337,25.418425,21.396643,26.03693,27.709896,24.858967,23.807821,27.762245,29.917257,27.391367,25.583538,24.429068,20.480425,22.48026,19.31477,22.404121
34,34.57585,32.80451,30.038557,26.451729,24.909437,22.59525,19.301077,18.835485,13.590185,13.539774,9.398387,9.531592,13.20962,13.114383,18.562471,13.837431,19.335093,18.877213,23.788898,23.985428,27.31042,29.461504,31.443657,32.409985,35.524803,30.341734,27.459534,23.644672,21.483604,18.85377,15.320882,9.251281,5.996979,5.4473944,0.0,4.8427253,5.6380987,8.166344,6.0847964,7.4009404,8.9658,12.197644,12.988052,18.948786,17.392282,23.24214,26.748257,28.427334,30.701138,30.314735,27.736902,27.774807,23.629406,24.072327,18.579834,17.150524,18.752743,21.623756,25.521389,25.63501,22.779224,22.654198,18.91024,19.648777,18.01015,17.36194,18.823648,15.774079,19.805145,21.37506,19.145275,18.589697,14.435877,16.47817,12.661905,16.257536,15.793046,14.602669,14.902548,12.885909,15.023201,16.090986,11.2007065,14.005913,15.993282,16.844069,20.642311,23.915478,25.445715,29.184559,30.518278,32.24097,30.012175,31.376017,28.181084,23.847086,28.384398,30.038769,26.833841,25.215647,29.36863,31.827806,28.507828,26.62076,24.456194,20.916893,21.73335,18.221397,20.454393
35,36.831314,34.663673,32.406803,28.426275,26.589054,24.920637,21.223885,21.311056,15.917012,16.06351,12.741912,13.335622,16.942125,17.49851,22.099077,17.431145,22.663898,21.425468,26.818285,25.954168,29.455946,30.98327,32.816376,33.36973,36.33681,31.143827,27.576784,24.220116,22.005138,19.667513,16.053963,10.440314,9.429315,4.994496,4.8427253,0.0,4.7503066,5.674134,5.2755647,8.086373,6.4429893,11.89368,12.122674,17.999754,16.796265,22.378082,26.235775,27.220781,29.65399,29.20126,26.456303,26.84171,22.58968,23.12439,17.736925,15.567551,17.414696,20.769514,24.015417,24.1858,21.859022,20.757917,16.610226,17.607117,14.727752,15.211391,16.048939,13.604135,17.421686,19.463207,18.180826,17.941977,14.612585,17.127033,14.440996,18.468874,18.745352,18.21483,19.128279,17.419151,19.749609,20.593447,15.357281,17.715336,18.89377,19.728065,22.71395,25.750687,26.543335,30.143904,30.869793,32.610474,30.355928,31.19886,28.648874,24.381216,28.504093,30.819057,28.273098,26.545168,30.177217,31.980463,28.992506,27.580427,25.415022,22.517239,23.818102,20.893944,23.62213
36,40.055553,38.197826,35.581303,31.875748,30.213264,28.067526,24.63208,24.11611,18.90312,18.31764,14.458691,13.835474,17.531939,17.855711,23.639608,19.420336,24.961252,24.426111,29.39698,29.299974,32.623795,34.65262,36.37277,37.306202,40.148636,34.850838,31.436964,28.02384,25.457813,23.469296,19.162247,14.06931,11.073011,9.085604,5.6380987,4.7503066,0.0,3.6363373,5.430379,9.16031,10.143906,14.84786,16.200062,21.933962,21.107111,26.594105,30.550032,31.640688,34.181633,33.852215,31.155487,31.497627,27.238165,27.611042,22.214958,20.205744,22.101116,25.37452,28.74532,28.794907,26.342024,25.120386,20.944164,21.443523,18.436974,18.12948,18.203396,15.053565,18.47219,21.268137,19.871809,18.298992,15.111781,16.23257,13.36591,16.764036,16.571112,16.700233,17.4551,15.539643,18.694809,20.20833,15.616388,18.844265,20.269493,21.840546,24.782955,28.509392,29.516119,33.260094,34.32303,35.7559,33.18631,33.885067,31.028759,26.542492,30.396479,32.86223,30.232016,27.959345,31.550434,33.423035,29.817795,28.505121,25.42476,23.21903,23.554964,20.66475,22.710075
