,0,1,2,3,4,5,6,7,8,9,10,11,12,13,14,15,16,17,18,19,20,21,22,23,24,25,26,27,28,29,30,31,32,33,34,35,36,37,38,39,40,41,42,43,44,45,46,47,48,49,50,51,52,53,54,55,56,57,58,59,60,61,62,63,64,65,66,67,68,69,70,71,72,73,74,75,76,77,78,79,80,81,82,83,84,85,86,87,88,89,90,91,92,93,94,95,96,97,98,99,100,101,102,103,104,105,106,107,108,109,110,111
0,0.0,4.33084,6.8415027,9.494101,12.36,14.51839,18.196367,22.834223,24.943092,28.08406,32.200302,34.79952,36.77601,33.48595,28.338697,28.192951,24.502542,24.832651,19.713488,22.12489,20.0945,20.841589,20.401299,23.09888,25.293581,24.03871,25.54334,23.845673,27.497364,23.71594,31.13181,25.671625,31.867622,29.734875,31.256462,33.777443,30.81824,30.171469,27.006124,25.267063,29.109232,26.476673,30.88106,30.592627,26.528933,30.427288,26.622305,29.645475,28.348648,30.32693,32.0098,32.510704,37.465645,37.68038,40.542397,37.67006,36.74633,38.5066,42.193142,43.38941,39.233265,36.404682,40.71281,39.993614,44.14824,41.01865,36.930935,41.994907,39.317863,35.9492,36.99452,36.33478,34.32127,30.664604,29.892525,26.15341,23.458366,23.074768,20.32969,21.460344,24.299606,27.540764,31.208822,27.874722,29.826582,29.547342,26.658009,30.896917,28.173073,29.049112,28.44336,28.49721,27.382425,31.506296,34.659214,34.63032,37.799877,41.91854,41.61008,41.63925,37.22945,40.74442,35.429317,36.990532,38.04436,41.35149,39.575005,43.574024,39.928246,44.045284,42.513603,47.524605
1,4.33084,0.0,4.655062,6.13959,8.36749,11.701306,14.54328,19.419247,21.348793,24.319305,28.659302,30.908972,33.119007,29.558773,24.374449,24.004337,20.309492,20.55954,15.668898,18.103796,16.541996,17.332407,17.472631,19.911682,21.761263,20.582588,21.625916,19.886438,23.39446,19.75146,27.19865,21.861883,28.301975,26.3298,28.161951,30.867186,28.276367,27.542297,24.04336,21.976019,25.855335,22.968391,27.252546,26.791502,22.918962,26.54191,23.088356,25.948093,25.083838,26.76157,28.325096,28.554066,33.551723,33.579357,36.519592,33.723465,32.57324,34.310043,37.94896,39.131153,35.047047,32.105247,36.38591,35.68362,39.84657,36.752422,32.659386,37.790302,35.222977,31.869406,33.16721,32.5447,30.71427,26.829987,26.462206,22.33319,20.200075,19.685215,16.73274,18.29039,20.49735,24.159266,27.459208,23.864973,25.646307,25.260077,22.53279,26.713953,24.185097,25.158169,24.82148,24.890211,23.629263,27.979702,30.762142,30.969269,34.35711,38.391434,38.328148,38.21356,34.004738,37.535755,32.068996,33.935265,34.83747,37.984627,36.017284,39.87818,35.988564,40.05359,38.39002,43.368317
2,6.8415027,4.655062,0.0,5.009597,7.1457043,8.071655,12.699688,16.265787,18.957264,21.753416,25.922464,28.798393,31.196655,28.312798,23.07392,23.324398,20.081886,21.102703,17.300398,19.802814,19.27314,19.857279,20.791061,23.038704,24.372065,23.326042,23.445139,21.34397,24.07093,20.321568,26.808886,21.207285,27.14083,24.349752,26.446634,28.469307,25.955242,25.84377,22.175144,20.469414,25.135485,22.966549,27.043407,27.16089,24.13989,27.630945,25.102695,28.07455,27.879911,29.222925,30.565693,30.21341,35.253006,34.73702,37.886993,35.24108,33.418247,34.81018,38.42821,39.170315,35.003365,31.994009,35.804375,34.851048,38.817085,35.787502,31.438051,36.19777,33.22236,29.825699,30.476389,29.828985,27.632732,24.185217,23.222143,19.861649,16.932705,17.187357,14.945453,17.138641,19.401793,23.185627,26.628542,23.193367,25.218142,25.018978,22.823761,27.459497,25.66879,26.374725,26.333612,25.887136,23.836205,28.141775,30.445032,29.984816,34.015656,37.81706,38.267857,38.575325,34.62134,38.653877,33.373028,35.805527,36.83986,39.69765,37.62612,40.876892,36.91037,40.691757,38.619583,43.58538
3,9.494101,6.13959,5.009597,0.0,3.7601645,6.5269146,8.712067,14.027281,15.524546,18.950304,22.90315,25.440578,27.287218,24.160387,19.020506,19.392334,16.023682,17.688047,13.789708,17.097914,16.83793,18.21292,19.317856,20.632843,21.752579,20.215582,19.911083,17.319977,19.88396,15.795257,22.27623,16.606316,22.625652,20.32022,22.159437,24.733126,22.220562,21.622435,17.989517,16.037117,20.3387,18.04428,22.221046,22.423763,19.42884,23.196804,20.82941,24.348995,24.316896,25.967512,27.640516,26.9469,31.995274,31.65458,34.388027,31.482187,29.791561,30.919888,34.90605,35.365894,30.902576,28.408794,32.60824,32.108814,35.94171,32.309135,28.578697,33.743336,30.540266,27.269999,28.387402,28.316147,26.154785,22.343441,22.533176,18.716146,17.057116,17.652184,15.25429,18.34292,19.110296,23.75994,26.29298,22.170559,23.470003,22.612246,21.1199,24.901659,23.243444,24.712988,25.211983,25.222034,23.301289,28.023436,29.558014,29.818922,34.13074,37.773273,38.5373,38.388283,34.750492,38.447334,32.83094,35.350285,35.916744,38.654102,36.252106,39.651264,35.080643,38.87229,36.634583,41.4135
4,12.36,8.36749,7.1457043,3.7601645,0.0,6.1491356,6.5276275,11.641169,13.158505,16.052015,20.462141,22.54216,24.960886,21.4944,16.23615,16.23032,12.946736,14.444961,11.407029,14.394032,15.016014,16.130854,17.960041,19.054987,19.641493,18.440702,17.45314,14.964752,17.133568,13.450217,19.784117,14.366421,20.699299,18.490261,20.927021,23.556366,21.67846,21.130169,17.041767,14.655816,19.088762,16.509418,20.350367,20.279852,17.739964,20.872156,19.157724,22.159748,22.738428,23.802675,25.15053,24.144936,29.171408,28.489939,31.445894,28.76586,26.684258,27.833319,31.619818,32.13327,27.871685,25.038328,29.056288,28.432055,32.319527,28.921381,24.965559,30.114014,27.125952,23.824753,25.186354,25.000696,23.113443,19.053108,19.577961,15.302859,14.330019,14.686938,12.200053,15.698045,15.721837,20.669813,22.829945,18.570057,19.775122,18.932962,17.633564,21.516598,20.23734,21.585213,22.33718,22.210712,20.047022,24.840622,26.002325,26.368086,30.849075,34.371403,35.353325,35.1616,31.753504,35.505447,29.912018,32.741734,33.251034,35.770615,33.26432,36.380726,31.71955,35.39306,33.030033,37.797165
5,14.51839,11.701306,8.071655,6.5269146,6.1491356,0.0,6.767983,8.725682,11.577474,14.581833,18.191034,21.686865,23.896223,21.921972,16.900415,18.310215,16.02583,18.775497,16.984032,19.949594,21.072855,22.037933,24.0547,25.135778,25.5131,24.304495,22.745235,19.905329,21.03537,17.238226,21.598507,15.91876,20.749474,17.100075,19.542236,20.910208,18.815422,19.32764,15.341716,14.029393,19.521912,18.518326,21.984518,23.041353,21.646997,24.825012,24.040333,27.38302,28.332693,29.359718,30.61657,29.113728,34.03249,32.88781,35.858746,33.28925,30.621271,31.188757,35.009796,34.787006,30.338902,27.797777,31.13699,30.292994,33.720627,30.233027,26.22686,30.731125,26.907682,23.645617,23.765047,23.783463,21.0597,17.95982,17.497332,15.034037,12.616418,14.737585,13.747019,17.774254,18.04252,22.803263,25.152672,21.327896,22.774605,22.155785,21.67777,25.817911,25.338413,26.397326,27.33447,26.694714,23.795002,28.30368,28.920511,28.347763,33.53333,36.707024,38.266693,38.62161,35.495464,39.7415,34.4658,37.714653,38.39439,40.65562,38.121487,40.5922,35.94326,39.229614,36.418625,41.055172
6,18.196367,14.54328,12.699688,8.712067,6.5276275,6.767983,0.0,7.311839,6.9953604,10.858309,14.52142,16.844143,18.638765,15.758023,10.657498,12.047502,9.777292,13.551801,12.689362,16.106989,17.9729,19.57529,21.933296,21.823954,21.634249,20.131672,17.687172,14.425279,14.786758,10.954657,14.878075,9.182239,14.620053,11.976211,14.599026,17.155563,15.68925,15.269565,10.880231,8.46798,13.536811,12.057308,15.353388,16.318184,15.468097,18.42201,18.44132,21.977339,23.477049,24.46617,25.886593,23.848587,28.619621,27.56842,30.064919,27.33484,24.68858,24.931509,29.092249,28.598362,23.890451,21.872028,25.699032,25.466806,28.772743,24.588518,21.397038,26.531427,22.684782,19.626251,20.846535,21.614426,19.379425,15.500259,17.238903,13.713198,14.058733,15.812354,14.466807,18.984896,17.23814,22.780216,23.73727,19.151136,19.452303,17.9223,18.527172,21.314705,21.220121,23.122173,24.751125,24.669474,22.0873,26.907978,26.511896,27.062588,32.32267,35.25072,37.09556,36.792362,34.141945,37.831135,32.27987,35.58978,35.682045,37.694473,34.80065,37.357964,32.04728,35.272526,32.317833,36.6547
7,22.834223,19.419247,16.265787,14.027281,11.641169,8.725682,7.311839,0.0,5.134488,6.1975713,9.980543,13.593292,16.771193,15.581268,11.206028,13.448175,13.147016,16.830988,18.144354,20.411783,23.25743,24.012955,27.059387,27.227077,26.457415,25.648312,22.441177,19.638483,18.676537,16.125055,17.181042,12.784982,15.884978,11.541992,15.347773,15.8084345,15.619166,16.84555,12.397128,11.185876,16.823544,16.80377,18.648743,20.159166,20.995935,22.713198,24.180082,26.831886,29.150196,29.223936,29.92028,27.320242,31.726864,29.676273,32.643208,30.613527,26.862959,26.66246,30.12604,29.083145,24.911612,22.451517,24.709398,23.73724,26.539877,23.140482,19.210878,23.098934,18.699085,15.596157,15.256068,15.871091,12.933855,10.070441,10.874518,9.5345125,9.452734,12.868122,13.470365,18.337442,16.223677,21.293127,22.048767,18.305864,18.985596,18.18537,19.657434,23.06277,24.229275,25.189785,26.997427,26.050333,22.487684,26.683739,25.410475,24.772558,30.816433,33.143684,35.79898,36.182304,34.114326,38.410805,33.494526,37.499966,37.877277,39.351566,36.50744,37.87743,32.869686,35.40696,31.928015,36.07752
8,24.943092,21.348793,18.957264,15.524546,13.158505,11.577474,6.9953604,5.134488,0.0,4.9814167,7.5433664,10.434878,12.438065,10.966748,6.789827,10.123005,10.46132,15.244938,17.05162,19.757849,22.756323,24.127993,27.082794,26.393032,25.398481,24.1856,20.530762,17.365017,15.607539,13.1010065,12.584048,8.447186,10.75164,6.705192,10.700067,12.0753565,12.309843,12.855796,8.338122,6.773383,11.988257,12.463498,13.788921,15.78652,17.440575,19.103245,21.272263,24.332535,26.87794,27.203089,28.203611,25.226208,29.422626,27.613342,29.926975,27.641924,24.063324,23.3472,27.293518,25.726048,21.082588,19.587807,22.33941,22.148783,24.626919,20.180887,17.502234,21.96215,17.204395,14.503433,15.121015,16.856497,14.324885,11.168415,14.088759,12.215289,13.944023,16.751972,16.814745,21.691813,18.636734,24.082647,23.92156,19.655525,19.31215,17.624863,20.016186,22.039368,23.403023,25.16814,27.424965,27.033634,23.917942,28.317492,26.393087,26.714771,32.649696,34.805984,37.577972,37.414307,35.639343,39.415054,34.264107,38.144295,38.042828,39.402176,36.296776,37.868206,32.30901,34.805397,31.238184,35.03755
9,28.08406,24.319305,21.753416,18.950304,16.052015,14.581833,10.858309,6.1975713,4.9814167,0.0,5.495092,7.575642,11.916958,10.785581,7.655802,10.142057,11.752029,15.648163,18.95337,20.645506,24.3399,25.098959,28.545118,27.93054,26.43868,25.841757,21.71137,19.157265,16.70427,15.497155,13.785779,11.3990755,12.831965,9.2633095,13.766438,14.173627,15.694381,16.708368,12.568954,11.222607,15.521026,15.848211,16.169676,17.666325,20.071007,20.500298,23.508278,25.527205,28.671799,28.147854,28.510838,25.219566,29.042788,26.525507,29.231213,27.590307,23.275661,22.453714,25.648878,23.993635,20.084436,17.908466,19.459293,18.697002,20.959127,17.349752,13.913735,17.63777,12.818095,9.967599,10.224224,11.908685,9.579834,6.46575,10.280621,9.23341,12.194218,14.994752,15.916878,20.63353,16.868229,21.886097,21.094103,17.377363,16.956049,15.699044,18.754885,20.870268,23.113588,24.242815,26.666672,25.831911,22.31133,26.199682,23.50917,23.445856,29.669594,31.360731,34.619484,34.691895,33.43538,37.377,32.68425,36.96107,36.943787,37.86819,34.79779,35.566277,30.22564,32.226658,28.381702,32.008938
10,32.200302,28.659302,25.922464,22.90315,20.462141,18.191034,14.52142,9.980543,7.5433664,5.495092,0.0,5.7114105,8.198259,10.131609,9.4464445,13.109015,15.468316,19.944328,23.335943,25.348885,28.99028,30.074087,33.40049,32.40273,30.848791,29.964151,25.63879,22.84286,19.776457,18.634851,14.646291,13.307006,11.59238,7.5381756,11.480478,10.3008995,13.0510845,14.7366905,11.6865,11.700168,15.110415,17.085558,16.415203,18.94804,22.397158,22.7995,26.474934,28.889795,32.154533,31.867128,32.407574,28.7963,32.231586,29.72274,31.816788,30.166227,25.851723,24.235497,27.529655,24.867641,20.835745,19.986729,20.954308,20.699526,21.859646,17.63821,15.846621,18.636463,12.889564,11.22917,10.318203,13.465947,10.797937,9.93297,13.525413,14.230209,16.764603,20.054277,21.296864,26.003674,22.220835,27.039612,25.902197,22.426908,21.62018,20.114883,23.758436,25.082367,27.62642,29.055267,31.68696,30.973988,27.517126,31.230986,27.978424,27.91562,34.23278,35.486076,39.12818,39.186142,38.32599,42.131523,37.5697,41.88771,41.668575,42.37024,39.188614,39.675976,34.16038,35.773476,31.710526,34.765766
11,34.79952,30.908972,28.798393,25.440578,22.54216,21.686865,16.844143,13.593292,10.434878,7.575642,5.7114105,0.0,6.3693438,6.723493,8.183887,10.661424,14.159069,18.004383,22.590967,23.957645,28.035187,29.047132,32.547333,31.001856,28.941244,28.321074,23.53091,21.231226,17.297064,17.528801,11.941839,12.902447,10.762173,9.471681,13.175418,13.342676,16.632338,17.257061,14.462038,13.623774,15.31643,16.566168,14.732829,16.511505,20.828558,19.93846,24.594934,26.177485,29.97653,29.130465,29.350008,25.37915,28.214758,25.466362,27.286293,26.018993,21.43247,19.43065,22.38858,19.41336,15.765989,15.157843,15.648956,15.846983,16.624199,11.994852,11.1815405,14.181648,8.630574,7.724361,9.039274,12.6167755,11.663647,10.164114,15.312698,14.942045,19.069954,21.372301,22.302425,26.682636,21.9584,26.62833,24.407074,20.948399,19.23297,17.335238,21.832254,21.907433,25.064209,26.635468,29.619497,29.149216,26.05474,29.500181,25.448732,26.223326,32.221195,33.12217,36.91038,36.51108,36.184025,39.47507,35.073067,39.387196,38.81062,39.135094,35.83527,36.04162,30.330555,31.600145,27.457792,30.05988
12,36.77601,33.119007,31.196655,27.287218,24.960886,23.896223,18.638765,16.771193,12.438065,11.916958,8.198259,6.3693438,0.0,6.270846,9.845571,13.302381,16.470942,21.088284,24.864805,27.011017,30.600462,32.283253,35.347225,33.311813,31.483536,30.22129,25.605244,22.828356,18.809872,18.52632,11.40326,13.018062,7.5082145,7.627305,9.251629,9.365383,13.2646675,13.464089,12.299613,12.503412,12.326927,15.236423,12.543906,15.613539,20.550083,20.253763,25.01807,27.538273,31.025312,30.95916,31.792807,27.804234,30.46249,28.389328,29.202782,27.414276,23.60248,20.973917,24.651217,20.897583,16.524473,18.016851,19.280533,20.520012,20.68143,14.8824625,16.317717,19.349186,14.048734,13.901748,14.87556,18.745008,17.359674,16.17012,20.91901,20.548006,24.089024,26.709839,27.281176,31.875992,27.392328,32.400215,30.332737,26.498682,24.565752,22.160368,26.581264,25.920116,28.640709,30.956352,34.013134,34.015846,31.290684,35.046368,31.155025,32.340164,38.186897,39.176266,42.82584,42.128983,41.70797,44.679977,39.99167,44.0021,43.125427,43.586998,40.155178,40.829338,34.780678,36.160034,32.160927,34.39619
13,33.48595,29.558773,28.312798,24.160387,21.4944,21.921972,15.758023,15.581268,10.966748,10.785581,10.131609,6.723493,6.270846,0.0,5.300444,7.5451713,10.938563,15.214363,19.304771,21.193855,24.851545,26.56967,29.609669,27.340958,25.372612,24.194881,19.465883,16.897293,12.638105,12.989523,5.6321964,8.499061,5.676323,8.0345125,10.486256,13.121138,15.652704,14.662103,12.351277,10.826989,10.231621,11.032749,8.304018,10.158637,15.094978,14.248822,19.19137,21.336966,24.963194,24.708637,25.530195,21.574406,24.404263,22.536997,23.45592,21.465504,17.747046,15.49218,19.625874,16.630152,11.678725,12.655825,15.332058,16.873154,18.089825,11.899457,12.911111,17.557446,13.323598,12.452545,15.331528,18.397306,17.700602,14.905783,20.221127,18.07185,22.289251,23.99948,23.837065,28.182737,23.431776,28.597546,26.355696,22.107107,19.800974,16.967758,21.311855,20.109428,22.622118,25.242254,28.347998,28.693895,26.42288,30.357872,26.741922,28.691595,34.095776,35.439194,38.62391,37.513,36.868484,39.50433,34.570465,38.339832,37.31356,37.926888,34.457253,35.63271,29.408365,31.194542,27.462105,30.037466
14,28.338697,24.374449,23.07392,19.020506,16.23615,16.900415,10.657498,11.206028,6.789827,7.655802,9.4464445,8.183887,9.845571,5.300444,0.0,4.509408,6.7819076,11.751669,15.164119,17.401525,20.922539,22.560766,25.620367,23.90167,22.278032,21.087759,16.66442,13.752764,10.4699545,9.547633,6.2081203,4.9104476,7.0644736,7.0767465,10.619265,13.635699,14.9394,14.060117,10.398592,7.857589,9.666564,9.100854,8.773916,10.055508,13.179064,13.460335,17.094074,19.59776,22.820272,22.765076,23.697645,20.194118,23.897163,22.155539,23.882307,21.61248,18.005934,16.850677,21.074875,19.275732,14.386929,13.5393915,16.953894,17.67185,20.029964,14.74148,13.421348,18.724344,14.628029,12.516177,15.197545,17.4115,16.261667,12.5320215,17.300545,14.287707,18.028854,19.639334,19.142633,23.617445,19.33121,24.79843,23.33521,18.751955,17.082176,14.449305,17.950832,18.018469,19.88893,22.3411,25.139408,25.338936,22.8838,27.20252,24.454607,26.079977,31.560076,33.453598,36.25219,35.362724,34.084347,37.098835,31.888561,35.627335,34.94708,35.997543,32.650078,34.27782,28.233568,30.587786,27.041204,30.400436
15,28.192951,24.004337,23.324398,19.392334,16.23032,18.310215,12.047502,13.448175,10.123005,10.142057,13.109015,10.661424,13.302381,7.5451713,4.509408,0.0,4.095726,7.7941437,12.409902,13.816736,17.744461,19.152225,22.395466,20.462585,18.461939,17.669182,12.91247,10.631062,6.9172688,7.6573296,6.196245,6.4316406,10.432067,11.553039,14.772912,18.105251,19.279854,18.045965,14.4082,11.407062,12.454952,10.060571,9.849044,9.008603,11.53085,10.593852,14.432871,15.88993,19.489828,18.816202,19.42888,15.852669,19.60521,17.790857,19.828133,17.697052,13.950714,13.398177,17.484636,16.56788,12.063913,10.042712,14.232807,14.980277,18.020086,13.259493,11.4351635,17.39875,14.634362,12.449203,16.256613,17.752796,17.500101,13.161474,18.065918,13.890203,18.324968,18.863518,17.839815,21.808065,17.09195,22.407034,20.50261,15.766129,13.589994,10.57045,14.186464,13.590231,15.568932,18.142273,21.083025,21.51805,19.474255,23.74921,21.011215,23.345562,28.337212,30.340393,32.850582,31.612963,30.355768,33.041225,27.773705,31.410086,30.587078,31.603237,28.225887,30.032906,23.91437,26.454285,23.117523,26.641497
16,24.502542,20.309492,20.081886,16.023682,12.946736,16.02583,9.777292,13.147016,10.46132,11.752029,15.468316,14.159069,16.470942,10.938563,6.7819076,4.095726,0.0,5.4487395,8.544683,10.690198,14.17534,15.884658,18.885136,17.16425,15.61633,14.516661,10.27014,7.4657865,5.549141,4.5000057,8.154281,5.896103,12.215975,12.984711,15.850265,19.61988,19.865301,18.340792,14.488528,11.092184,12.6301155,9.039883,10.58961,9.223082,9.457999,9.874784,11.931759,13.99194,16.932547,16.798176,17.831408,14.934092,19.35445,18.190683,20.404545,17.821192,14.934574,15.260242,19.477379,19.384882,14.931622,12.662091,17.397848,17.932043,21.437742,17.079643,14.754187,20.776215,18.275223,15.739187,19.223581,20.211357,19.67459,15.00488,19.088623,14.183502,17.813908,17.963486,16.196825,20.035711,16.003508,21.512032,20.396254,15.350364,13.7460165,10.896114,13.0138445,13.177639,13.891744,16.73685,19.301205,19.981594,18.242725,22.923342,21.272245,23.634544,28.294672,30.838226,32.767708,31.490515,29.597637,32.29876,26.680943,29.97764,29.292946,30.807669,27.547274,30.092348,24.134945,27.247408,24.34957,28.298826
17,24.832651,20.55954,21.102703,17.688047,14.444961,18.775497,13.551801,16.830988,15.244938,15.648163,19.944328,18.004383,21.088284,15.214363,11.751669,7.7941437,5.4487395,0.0,6.423837,6.1584077,10.497373,11.533399,14.922344,13.164078,11.040067,10.922927,6.4900136,5.811526,5.562356,7.122869,12.103398,11.186201,17.285175,18.34961,21.259542,25.008259,25.292679,23.716553,19.881638,16.453058,17.664001,13.429347,14.825836,12.061611,10.96273,9.937251,11.000609,10.854233,14.030617,12.757345,13.134911,10.620964,15.353774,14.226486,17.187044,14.973076,12.345158,14.039843,17.42232,18.80231,15.501726,11.878401,16.725033,16.941042,21.081537,17.984375,15.0323105,20.982342,19.981792,17.490463,21.51996,21.662739,21.940222,17.07965,20.775818,15.079689,18.9484,17.729456,15.324175,18.077343,13.908879,18.828503,17.4265,12.453246,10.5857115,7.7739887,8.661334,8.366294,8.458722,11.448812,14.049395,15.107671,14.136475,18.731304,17.602013,20.758814,24.520885,27.324165,28.672585,27.00694,24.947655,27.264309,21.51732,24.620878,23.870226,25.494034,22.281828,25.234812,19.425034,22.952034,20.582382,24.85816
18,19.713488,15.668898,17.300398,13.789708,11.407029,16.984032,12.689362,18.144354,17.05162,18.95337,23.335943,22.590967,24.864805,19.304771,15.164119,12.409902,8.544683,6.423837,0.0,4.625332,5.9467597,8.473078,10.664945,9.371686,9.016129,7.588614,6.1635833,4.6887903,8.763133,7.255541,15.393258,12.661439,19.661478,20.429264,22.634068,26.764374,25.933664,24.01153,20.363482,16.961737,18.353237,13.593494,16.588305,14.065837,10.251994,11.853354,9.279443,10.894538,11.816821,12.417755,14.012379,13.277088,18.31375,18.53738,20.984873,18.087198,17.140081,19.113194,22.81666,24.411547,20.73059,17.937824,23.078386,23.351547,27.501272,24.121426,21.305016,27.236269,25.79769,23.061132,26.518373,26.576553,26.202787,21.319016,24.083218,18.308052,20.586874,19.30738,16.079704,18.465681,16.132875,20.938505,21.020943,16.183073,15.507319,13.478545,12.160754,13.094657,10.708389,13.810735,15.194079,16.709192,16.425566,21.271868,21.879808,24.644152,27.88449,31.30811,31.834412,30.227188,27.23844,29.472935,23.404072,25.625116,25.110905,27.578047,24.727522,28.761015,23.494905,27.545424,25.820831,30.268549
19,22.12489,18.103796,19.802814,17.097914,14.394032,19.949594,16.106989,20.411783,19.757849,20.645506,25.348885,23.957645,27.011017,21.193855,17.401525,13.816736,10.690198,6.1584077,4.625332,0.0,4.764535,5.4457383,8.807192,7.6989403,6.200484,6.840211,5.436757,6.8419795,10.060804,10.579382,17.584682,15.899753,22.600727,23.473515,26.101006,30.02996,29.656044,27.9184,24.107449,20.65578,22.020323,17.277472,19.55688,16.474535,13.3003,13.166552,11.214447,10.20237,11.657267,10.509658,10.982019,10.694227,15.633949,15.591097,18.73932,16.517395,15.459597,18.172247,20.955257,23.4121,20.685207,16.982288,21.699102,21.63137,26.047325,23.677855,20.417469,26.048601,25.615145,22.979263,26.770927,26.301727,26.582998,21.69273,24.365925,18.316198,21.06328,18.885166,15.556241,16.986567,14.340857,18.405233,18.065718,13.6048355,12.819059,11.227599,8.803214,9.633228,6.4632707,9.313669,10.641591,12.439751,12.842517,17.410072,18.312298,21.580803,24.10705,27.588778,27.777966,25.919939,22.939445,24.917747,18.83361,21.063438,20.544945,22.986986,20.18602,24.3106,19.30597,23.519514,22.171717,26.767826
20,20.0945,16.541996,19.27314,16.83793,15.016014,21.072855,17.9729,23.25743,22.756323,24.3399,28.99028,28.035187,30.600462,24.851545,20.922539,17.744461,14.17534,10.497373,5.9467597,4.764535,0.0,3.8031228,4.828461,4.175181,5.221452,4.994977,7.419682,8.76813,13.233454,12.825068,20.74441,18.548079,25.447784,26.373455,28.526371,32.702145,31.750858,29.752596,26.198025,22.833889,24.006317,19.067738,21.944868,18.880075,14.456138,15.387746,11.4472,11.033112,10.414416,10.635462,11.941384,13.126424,17.779509,18.746597,21.338371,18.78656,18.919584,21.76055,24.663061,27.30539,24.4598,21.275513,26.23114,26.319147,30.705002,28.1579,25.143478,30.810955,30.25281,27.560875,31.183393,30.710827,30.730783,25.84595,28.11639,22.107733,24.033224,21.794687,18.11011,19.007492,17.637697,21.266565,21.710882,17.59031,17.282202,15.948658,12.93858,13.814451,9.701814,12.272686,12.476032,14.690378,15.869061,20.160364,22.111965,25.237528,27.145876,30.929277,30.454172,28.515224,25.007158,26.60288,20.507952,21.749434,21.30379,24.333242,21.917488,26.823826,22.356707,26.799547,26.00412,30.537947
21,20.841589,17.332407,19.857279,18.21292,16.130854,22.037933,19.57529,24.012955,24.127993,25.098959,30.074087,29.047132,32.283253,26.56967,22.560766,19.152225,15.884658,11.533399,8.473078,5.4457383,3.8031228,0.0,4.1729693,5.8272133,6.120954,7.8303742,9.610827,11.531001,15.360507,15.4702215,22.94745,20.8635,27.767303,28.339308,30.913256,34.78692,34.04718,32.358677,28.526815,25.150017,26.795479,21.989744,24.654432,21.56839,17.687283,17.95577,14.754597,13.2512045,13.118183,12.101135,12.271165,13.748106,18.126284,18.5954,21.864822,19.959095,19.667885,22.821907,25.027927,28.084188,25.803303,21.90782,26.292171,25.891907,30.450064,28.707165,25.073627,30.357239,30.318947,27.57579,31.120068,30.14789,30.463366,25.674458,27.504755,21.458252,23.283602,20.41881,16.683115,16.708788,15.683131,18.540436,19.19191,15.62712,15.786381,15.180347,11.151353,12.957065,8.692995,9.890247,9.328373,11.383522,12.966401,16.937563,19.610634,22.61288,23.992283,27.941952,27.114487,25.276503,21.510191,23.245504,17.20928,18.502115,18.455976,21.600706,19.434053,24.24797,20.366844,24.85412,24.317007,29.053795
22,20.401299,17.472631,20.791061,19.317856,17.960041,24.0547,21.933296,27.059387,27.082794,28.545118,33.40049,32.547333,35.347225,29.609669,25.620367,22.395466,18.885136,14.922344,10.664945,8.807192,4.828461,4.1729693,0.0,4.5925155,7.000961,7.9605136,11.628531,13.506415,17.917067,17.63681,25.549652,23.315756,30.259369,31.03111,33.206722,37.31531,36.20144,34.25987,30.693365,27.385244,28.704645,23.771313,26.72623,23.58679,18.973295,19.794445,15.458894,14.277757,12.702417,12.69006,13.483426,15.866422,19.90543,21.1825,23.87919,21.71784,22.345016,25.554216,27.893175,31.065687,28.69347,25.257084,29.920088,29.760311,34.25922,32.283943,28.993362,34.383976,34.260933,31.53168,35.06675,34.197662,34.356018,29.548689,31.281551,25.283476,26.696156,23.918825,20.064732,19.842512,19.533695,22.11869,23.111275,19.737993,19.93845,19.238644,15.29695,16.57344,11.972836,13.382228,12.321939,14.657776,16.739494,20.331419,23.45574,26.463657,27.3627,31.410822,30.110786,28.129253,24.131145,25.336,19.488287,19.781681,19.659939,23.183607,21.357975,26.7454,23.243176,27.81567,27.696487,32.264233
23,23.09888,19.911682,23.038704,20.632843,19.054987,25.135778,21.823954,27.227077,26.393032,27.93054,32.40273,31.001856,33.311813,27.340958,23.90167,20.462585,17.16425,13.164078,9.371686,7.6989403,4.175181,5.8272133,4.5925155,0.0,3.517853,3.7704232,8.268247,10.664613,14.999487,15.3275585,22.822485,21.381018,27.962694,29.492737,31.378439,35.80784,34.914944,32.623627,29.351986,25.982763,26.42033,21.315228,23.871216,20.354467,15.704812,16.080427,11.585481,9.941024,8.150581,8.386289,9.929068,12.351932,16.331446,18.19372,20.220705,17.705717,18.960703,22.104374,24.693499,27.809183,25.401344,22.550379,27.600435,27.994698,32.2782,29.87175,27.39448,33.013382,32.91147,30.45382,34.398205,33.98049,34.266216,29.369415,31.895302,25.840105,28.038435,25.621838,21.948751,22.432877,20.995958,24.13287,24.193121,20.3933,19.704182,18.28737,15.3479,14.901613,10.306752,13.110561,13.030963,15.931999,18.07277,21.80684,23.840458,27.521366,28.665833,32.371086,31.476,29.048893,25.649637,26.358725,20.394215,20.773325,19.875614,23.050745,20.787737,26.29812,22.074396,26.59449,26.386364,30.605064
24,25.293581,21.761263,24.372065,21.752579,19.641493,25.5131,21.634249,26.457415,25.398481,26.43868,30.848791,28.941244,31.483536,25.372612,22.278032,18.461939,15.61633,11.040067,9.016129,6.200484,5.221452,6.120954,7.000961,3.517853,0.0,3.6198502,6.0934424,9.398955,12.970387,14.294603,21.013008,20.280462,26.594053,28.348604,30.466099,34.82319,34.374374,32.154434,28.794653,25.349823,25.629335,20.554958,22.557995,18.782408,14.8762865,14.158338,10.834847,7.7869906,7.661902,6.027948,6.8743763,8.99603,13.116096,14.711604,16.987658,14.7179785,15.672105,18.979023,21.30058,24.588495,22.519918,19.437475,24.353971,24.792257,29.037918,26.868734,24.502647,30.02476,30.265839,27.984022,32.1751,31.775127,32.374706,27.507986,30.39143,24.331846,27.162634,24.697676,21.255016,21.880568,19.619175,22.77272,22.117743,18.309296,17.123016,15.540112,13.016872,11.640452,7.105399,10.443315,11.029448,14.100524,16.259552,19.907919,21.25355,25.324541,26.526896,29.97968,29.383017,26.768625,23.807152,24.417627,18.419886,19.258518,18.062332,20.851934,18.260649,23.52798,18.91445,23.3727,23.051441,27.191261
25,24.03871,20.582588,23.326042,20.215582,18.440702,24.304495,20.131672,25.648312,24.1856,25.841757,29.964151,28.321074,30.22129,24.194881,21.087759,17.669182,14.516661,10.922927,7.588614,6.840211,4.994977,7.8303742,7.9605136,3.7704232,3.6198502,0.0,5.130866,7.4448996,11.693998,12.25674,19.431202,18.408329,24.70605,26.66055,28.353056,32.936428,32.20214,29.735706,26.652672,23.280506,23.197474,18.05461,20.366089,16.723759,12.125416,12.378578,7.892397,6.64558,5.447865,6.3450294,8.8129835,10.217691,14.513035,16.43849,18.007093,15.015177,16.288588,19.108603,22.212828,24.919853,22.16085,19.821646,25.20443,25.993002,30.073204,27.119892,25.202873,31.02789,30.64822,28.34366,32.441116,32.436085,32.662876,27.757147,30.821148,24.856665,27.518719,25.565336,22.116531,23.343967,21.13653,24.89547,24.431917,20.194632,18.94883,16.928677,15.04856,13.687614,9.711848,13.50913,14.364809,17.202581,18.820335,22.857513,23.92315,27.791206,29.541283,32.970585,32.64251,30.154427,27.203295,27.999546,21.974533,22.864681,21.642868,24.39233,21.728699,26.89432,21.961325,26.303349,25.664215,29.68086
26,25.54334,21.625916,23.445139,19.911083,17.45314,22.745235,17.687172,22.441177,20.530762,21.71137,25.63879,23.53091,25.605244,19.465883,16.66442,12.91247,10.27014,6.4900136,6.1635833,5.436757,7.419682,9.610827,11.628531,8.268247,6.0934424,5.130866,0.0,3.9022603,6.9196258,8.729554,14.93706,14.619823,20.618084,22.733965,24.742985,29.176342,28.996738,26.698341,23.47029,20.03408,19.897038,14.903079,16.55499,12.776481,9.473416,8.450162,6.552647,5.0867743,7.594616,6.8305206,8.492389,7.4522004,12.369306,13.275291,15.145821,12.142744,12.10491,14.612309,18.05609,20.318497,17.33978,14.836275,20.3141,21.230633,25.20593,22.023294,20.258629,26.172144,25.689354,23.526709,27.803364,28.04546,28.413187,23.562431,27.17788,21.366901,24.780619,23.180574,20.190495,22.111555,18.796783,23.053066,21.830025,17.265808,15.376245,12.78984,12.28106,10.109613,7.600558,11.975143,13.978596,16.365143,17.129553,21.369165,21.17265,25.119013,27.629654,30.664198,31.125813,28.750341,26.402134,27.597132,21.625324,23.50457,22.19433,24.293884,21.188776,25.469954,19.812233,23.820393,22.466427,26.416857
27,23.845673,19.886438,21.34397,17.319977,14.964752,19.905329,14.425279,19.638483,17.365017,19.157265,22.84286,21.231226,22.828356,16.897293,13.752764,10.631062,7.4657865,5.811526,4.6887903,6.8419795,8.76813,11.531001,13.506415,10.664613,9.398955,7.4448996,3.9022603,0.0,4.9417143,4.9774284,12.229909,11.068363,17.348131,19.317923,21.134922,25.650621,25.2468,22.897211,19.710228,16.294653,16.247187,11.219959,13.398212,10.126661,6.474282,7.2014985,5.5173554,7.5658984,9.598163,10.276768,12.302795,10.684524,15.465804,16.009922,17.610365,14.304967,13.691357,15.307001,19.495144,20.805155,16.916254,15.001861,20.642347,21.651567,25.439383,21.477148,19.835897,25.950802,24.583075,22.291615,26.248207,26.867924,26.735107,21.916668,25.604593,20.045656,23.214266,22.2866,19.471495,22.134825,18.873505,23.75337,22.844904,17.926962,16.229502,13.417592,13.601502,12.350633,10.710784,14.752705,16.83327,18.740623,18.694153,23.306904,22.856031,26.257465,29.528269,32.530846,33.391968,31.373453,28.994585,30.697956,24.710098,26.909224,25.810844,27.880505,24.739098,28.668165,22.850649,26.657722,24.81135,28.760256
28,27.497364,23.39446,24.07093,19.88396,17.133568,21.03537,14.786758,18.676537,15.607539,16.70427,19.776457,17.297064,18.809872,12.638105,10.4699545,6.9172688,5.549141,5.562356,8.763133,10.060804,13.233454,15.360507,17.917067,14.999487,12.970387,11.693998,6.9196258,4.9417143,0.0,4.786694,8.067803,8.893801,14.01597,16.60697,18.628784,22.985981,23.387196,21.1631,18.086658,14.778304,14.141764,9.71811,10.304503,6.790904,6.567028,4.701419,7.869924,9.133274,12.679592,12.385589,13.717895,10.574727,14.716009,14.374059,15.710774,12.653461,10.741764,11.38133,15.996519,16.474665,12.200315,10.699174,16.436342,17.871696,21.255804,16.782955,15.891583,22.03159,20.532122,18.620693,22.871197,23.968279,24.061907,19.467974,23.94248,18.858366,22.89899,22.444471,20.321892,23.462505,19.2228,24.24109,22.4416,17.553875,15.102905,11.754745,13.8716,11.560799,11.890236,15.761347,18.5434,20.091562,19.486973,23.863134,22.074726,25.552565,29.338121,31.77975,33.356007,31.355536,29.708273,31.466875,25.787191,28.537891,27.243832,28.673386,25.28148,28.34239,22.09156,25.312834,22.880968,26.410786
29,23.71594,19.75146,20.321568,15.795257,13.450217,17.238226,10.954657,16.125055,13.1010065,15.497155,18.634851,17.528801,18.52632,12.989523,9.547633,7.6573296,4.5000057,7.122869,7.255541,10.579382,12.825068,15.4702215,17.63681,15.3275585,14.294603,12.25674,8.729554,4.9774284,4.786694,0.0,8.545912,6.1618476,12.697973,14.461578,16.187468,20.706688,20.292572,17.99552,14.776223,11.374429,11.519436,6.721561,9.343483,7.347406,5.322667,7.6244,8.189488,11.782084,13.940543,14.975737,16.905457,14.541919,19.02641,18.936556,20.347006,17.058641,15.526744,15.9867115,20.715603,20.793951,16.033281,14.868484,20.2905,21.383623,24.762714,19.971525,18.603785,24.723635,22.287176,19.974342,23.477137,24.661394,23.975294,19.378368,23.29241,18.359348,21.424644,21.492153,19.240622,22.801683,19.368582,24.788391,23.953936,18.859974,17.24964,14.287789,15.628063,15.036813,14.603119,18.217192,20.532957,21.854063,20.86413,25.64441,24.557495,27.321146,31.489435,34.255405,35.741596,34.12807,31.959806,34.19656,28.327835,31.020678,30.086376,31.926807,28.688625,31.989473,25.970146,29.390207,26.92018,30.736197
30,31.13181,27.19865,26.808886,22.27623,19.784117,21.598507,14.878075,17.181042,12.584048,13.785779,14.646291,11.941839,11.40326,5.6321964,6.2081203,6.196245,8.154281,12.103398,15.393258,17.584682,20.74441,22.94745,25.549652,22.822485,21.013008,19.431202,14.93706,12.229909,8.067803,8.545912,0.0,5.9391503,6.5515585,10.510427,11.9788,16.182451,17.452015,15.308423,13.029096,10.568893,8.515003,6.9629474,4.3071074,4.579874,9.614528,8.918789,13.740328,16.335936,19.688282,19.93435,21.276453,17.60602,20.704987,19.734755,20.219614,17.499292,14.802674,13.083779,18.063515,16.02028,10.4828825,11.702644,16.256605,18.243368,20.245987,14.127275,15.070639,20.644276,17.486734,16.225061,19.806747,22.226278,21.71649,18.033089,23.145258,19.663055,23.758965,24.765041,23.695654,27.75466,23.228237,28.56391,26.528135,21.81986,19.3389,16.052118,19.694557,17.790668,19.40302,22.76098,25.771294,26.74747,25.214737,29.465527,26.56085,29.273682,34.061573,35.885426,38.40398,36.815674,35.744152,37.90828,32.571632,35.811825,34.5463,35.523117,32.028667,34.12521,27.719265,30.099306,26.895308,29.713955
31,25.671625,21.861883,21.207285,16.606316,14.366421,15.91876,9.182239,12.784982,8.447186,11.3990755,13.307006,12.902447,13.018062,8.499061,4.9104476,6.4316406,5.896103,11.186201,12.661439,15.899753,18.548079,20.8635,23.315756,21.381018,20.280462,18.408329,14.619823,11.068363,8.893801,6.1618476,5.9391503,0.0,7.1663027,8.320128,10.266646,14.58686,14.56078,12.6165285,9.207104,5.9268703,6.84089,4.594343,6.3956733,7.6455617,9.305305,11.296596,13.682318,17.38872,19.864044,20.7743,22.426487,19.437084,23.492945,22.668861,23.961895,20.991463,18.497923,17.753292,22.57399,21.254698,15.960346,15.665982,20.180798,21.260792,23.917095,18.41726,17.482841,23.16106,19.434282,17.27809,19.988462,21.959875,20.623842,16.64496,20.82172,17.157078,20.124977,21.459095,20.181906,24.524601,20.880213,26.539337,25.621792,20.682812,19.17051,16.327463,18.850574,18.757399,19.499813,22.591042,25.13485,25.846514,23.953718,28.638485,26.732838,28.729914,33.785828,36.133244,38.368736,37.211327,35.42653,38.172264,32.568798,35.801456,35.014214,36.511597,33.19076,35.678745,29.558592,32.42927,29.316898,32.851063
32,31.867622,28.301975,27.14083,22.625652,20.699299,20.749474,14.620053,15.884978,10.75164,12.831965,11.59238,10.762173,7.5082145,5.676323,7.0644736,10.432067,12.215975,17.285175,19.661478,22.600727,25.447784,27.767303,30.259369,27.962694,26.594053,24.70605,20.618084,17.348131,14.01597,12.697973,6.5515585,7.1663027,0.0,5.5178947,5.688502,9.86918,11.397303,9.503221,8.129014,7.2826633,5.0472836,7.995217,5.7201314,9.654983,13.929583,14.925064,18.786465,22.36632,25.187216,26.03277,27.596588,24.066113,27.255758,26.174173,26.650385,23.9534,21.224152,19.151386,23.902502,21.030891,15.601102,17.297997,20.735453,22.39869,23.730412,17.400723,18.429138,23.159885,18.603926,17.478825,19.56691,22.680037,21.175415,18.427744,23.074574,20.96556,24.164091,26.295298,25.817862,30.393444,26.339922,31.849266,30.33221,25.743671,23.828108,20.924423,24.527529,23.660194,25.270367,28.345074,31.211443,31.816174,29.697382,34.052006,31.145187,32.997993,38.415115,40.14528,43.02388,41.90683,40.76717,43.435867,38.137047,41.594414,40.57831,41.616276,38.159893,39.99938,33.6966,35.89894,32.396866,35.15414
33,29.734875,26.3298,24.349752,20.32022,18.490261,17.100075,11.976211,11.541992,6.705192,9.2633095,7.5381756,9.471681,7.627305,8.0345125,7.0767465,11.553039,12.984711,18.34961,20.429264,23.473515,26.373455,28.339308,31.03111,29.492737,28.348604,26.66055,22.733965,19.317923,16.60697,14.461578,10.510427,8.320128,5.5178947,0.0,4.5248184,6.6685033,8.098689,8.057249,5.071632,5.267189,7.7994165,10.781772,10.471098,13.96686,17.146568,18.715324,21.843746,25.456507,28.131645,28.870733,30.236395,26.861605,30.514286,29.004074,30.282515,27.779203,24.526548,22.85284,27.238989,24.60573,19.49801,19.924257,22.71529,23.50856,25.040394,19.4161,18.94019,23.210354,17.96813,16.322414,17.132019,20.104183,17.781313,15.497513,19.317354,18.107323,20.418455,23.259735,23.302818,28.124533,24.589941,30.059483,29.173784,24.812506,23.633266,21.298302,24.559122,25.07322,26.706049,29.176296,31.806358,31.872166,29.13762,33.497345,30.867357,31.797916,37.66844,39.468113,42.499912,41.949524,40.597153,43.899006,38.699326,42.45284,41.883827,43.029236,39.703278,41.273693,35.2704,37.489845,33.797924,36.942787
34,31.256462,28.161951,26.446634,22.159437,20.927021,19.542236,14.599026,15.347773,10.700067,13.766438,11.480478,13.175418,9.251629,10.486256,10.619265,14.772912,15.850265,21.259542,22.634068,26.101006,28.526371,30.913256,33.206722,31.378439,30.466099,28.353056,24.742985,21.134922,18.628784,16.187468,11.9788,10.266646,5.688502,4.5248184,0.0,5.247021,5.7859507,4.3467565,4.458151,6.3570337,6.1676717,10.824891,10.293106,14.53132,17.66077,19.802404,22.660631,26.907394,29.200994,30.538,32.31717,29.05182,32.55858,31.524027,32.19431,29.371048,26.726652,24.803524,29.516373,26.596355,21.2421,22.679407,25.795372,27.058949,28.31461,22.237478,22.697805,26.972574,21.754936,20.454647,21.267937,24.454443,22.086098,20.008564,23.7109,22.527744,24.555258,27.433767,27.251204,32.056087,28.709085,34.269302,33.439983,28.93318,27.616219,25.051746,28.224161,28.281359,29.596088,32.476276,35.09961,35.46582,33.008354,37.49459,34.966297,36.145863,41.8958,43.75101,46.68054,45.944073,44.524204,47.608364,42.251514,45.768936,45.020496,46.27082,42.89214,44.77351,38.607117,40.90257,37.31934,40.27462
35,33.777443,30.867186,28.469307,24.733126,23.556366,20.910208,17.155563,15.8084345,12.0753565,14.173627,10.3008995,13.342676,9.365383,13.121138,13.635699,18.105251,19.61988,25.008259,26.764374,30.02996,32.702145,34.78692,37.31531,35.80784,34.82319,32.936428,29.176342,25.650621,22.985981,20.706688,16.182451,14.58686,9.86918,6.6685033,5.247021,0.0,4.5748525,6.7455726,7.416019,10.15389,11.4130945,15.908922,15.197361,19.34467,22.705345,24.544394,27.639757,31.627562,34.113136,35.17152,36.690018,33.270073,36.7184,35.23492,36.17096,33.667553,30.52223,28.417002,32.731037,29.450977,24.471361,25.698162,27.873196,28.753107,29.540155,23.895266,24.154318,27.492449,21.779541,20.740799,20.309843,23.726856,20.907759,19.978142,23.06486,23.255655,24.790812,28.286854,28.791815,33.68781,30.487558,35.80223,35.065117,30.965015,29.927135,27.733196,31.093502,31.648533,33.36675,35.818764,38.436836,38.39971,35.4874,39.747387,36.955154,37.475548,43.581047,45.153625,48.463566,48.128716,46.90669,50.35193,45.25398,49.081055,48.531464,49.609825,46.270557,47.628784,41.634888,43.615005,39.76893,42.611057
