,0,1,2,3,4,5,6,7,8,9,10,11,12,13,14,15,16,17,18,19,20,21,22,23,24,25,26,27,28,29,30,31,32,33,34,35,36,37,38,39,40,41,42,43,44,45,46,47,48,49,50,51,52,53,54,55,56,57,58,59,60,61,62,63,64,65,66,67,68,69,70,71,72,73,74,75,76,77,78,79,80,81,82,83,84,85,86,87,88,89,90,91,92,93,94,95,96,97,98,99,100,101,102,103,104,105,106,107,108,109,110,111,112
0,0.0,4.3658886,6.2448606,9.63927,12.007784,14.367786,17.012829,20.15508,23.512388,24.542448,28.403875,30.157566,33.43085,31.796282,38.296215,34.860435,38.185787,38.03632,41.7823,43.072075,45.58211,48.753635,53.06829,49.668915,48.516277,46.455162,43.998653,42.998802,39.502045,41.276146,35.208946,37.685814,30.864544,32.793694,33.789116,30.797863,27.616734,30.745712,30.88761,28.033466,25.965313,31.42596,30.124933,25.249786,27.01271,32.225258,29.085932,24.68925,28.597944,26.978281,31.811268,32.533543,35.071293,35.202175,37.92716,40.332016,36.658684,40.736267,42.514854,36.789635,36.96332,42.081066,44.093727,43.0865,38.021477,37.85572,43.23431,42.68447,39.805935,43.661606,46.36361,44.29873,41.89117,46.52834,41.942085,44.86796,41.790688,37.145187,37.86079,32.55415,31.415874,29.836475,28.276234,30.714622,32.46479,35.53678,38.166485,43.05567,43.967632,47.51631,50.75251,48.679543,49.70865,44.60175,41.263527,38.27852,34.14538,31.671856,30.168661,25.055838,23.425314,21.293907,23.474464,24.75522,21.120766,20.062828,24.734552,26.022469,30.521646,31.92147,35.583958,38.464,41.68469
1,4.3658886,0.0,5.2748446,6.315859,8.80053,12.076617,13.854917,17.81052,20.567656,22.081347,25.837833,27.646038,30.685696,28.724712,34.942192,31.30917,34.471577,34.18751,37.802486,39.025555,41.416733,44.612877,48.83293,45.60102,44.52823,42.548622,40.197884,39.362827,35.939686,37.96988,31.87682,34.883354,28.19051,30.454163,30.971653,27.61899,24.78352,28.169853,27.7629,24.672953,23.19972,28.489748,26.728722,21.969852,24.322014,29.089106,25.551603,21.68159,25.917753,24.654137,29.224373,29.480705,32.579098,32.794266,35.056973,37.149437,33.36684,37.389565,39.52176,34.06099,33.8071,39.141296,41.280796,40.611748,35.496452,35.00332,40.3892,39.71172,36.547955,40.41356,43.072037,40.88659,38.33211,42.86212,38.261887,41.062824,37.917694,33.357742,33.85632,28.633207,27.29959,25.687029,24.002108,26.532722,28.468548,31.372879,34.19654,39.083664,40.056644,43.609398,46.780952,44.605003,45.52213,40.446495,37.106487,34.14936,29.872944,27.593317,25.900785,20.962002,19.314322,17.480791,19.467363,20.458216,16.842731,15.944376,20.644928,21.83439,26.558914,27.809803,31.462326,34.35111,37.48282
2,6.2448606,5.2748446,0.0,5.3704576,6.5896225,8.678267,11.242927,13.97535,17.531822,18.331924,22.21119,23.964485,27.268688,25.803568,32.455765,29.217064,32.710484,32.815315,36.73284,38.23187,40.983795,44.073956,48.67663,44.765278,43.471672,41.23397,38.714832,37.43028,33.940258,35.41594,29.528887,31.6552,24.72905,26.787964,28.027655,25.106083,21.84018,25.2747,25.718088,22.89325,20.908882,26.911396,25.68529,21.050581,22.992579,28.63524,25.801779,21.73466,25.9461,23.93555,28.232735,29.801859,32.30396,31.855957,34.4925,36.555336,32.5631,36.42047,38.411133,32.594036,32.198753,37.334583,39.02061,38.153168,32.959377,32.51877,37.760838,37.005592,34.425125,38.57091,40.91842,38.745693,36.73184,41.645226,37.254364,40.575848,37.712517,33.150463,34.40369,29.272026,28.4343,27.529537,25.133118,27.105824,28.27781,31.792093,33.595287,38.67936,39.208363,42.74411,46.17183,44.14941,45.63739,40.33137,37.360443,33.92007,30.223553,27.128716,26.162945,20.572105,19.070255,16.239017,19.326561,21.140419,17.572206,16.745756,21.30996,22.17011,26.529148,27.438324,31.359255,33.894886,37.48311
3,9.63927,6.315859,5.3704576,0.0,3.8401415,6.225289,8.390157,12.112689,14.55125,16.610615,20.043882,22.243744,25.027163,23.209982,29.369398,25.54448,28.964617,28.551601,32.65874,33.67338,36.45227,39.535183,44.133102,40.4662,39.109882,37.11353,34.44055,33.552086,29.967464,31.964878,25.72541,28.711536,22.198679,24.322191,24.668736,21.38093,18.496557,21.903744,21.529568,18.49135,17.006577,22.5518,20.876003,16.219816,18.715364,23.795286,20.605797,16.923689,21.40338,19.847357,23.939632,24.90737,27.936007,27.695086,29.865618,31.73068,27.734571,31.635794,33.85655,28.334295,27.758564,33.098244,35.097393,34.526268,29.351099,28.727991,34.0895,33.405846,30.314777,34.256702,36.850414,34.733955,32.27887,36.960842,32.440414,35.538532,32.572624,27.995504,29.086842,23.927784,23.092466,22.276781,19.95096,21.880594,23.159552,26.590126,28.688406,33.662468,34.41792,37.96343,41.2774,39.276478,40.58695,35.363365,32.20922,28.991014,25.3026,22.3175,21.397991,15.827233,15.027625,11.9247055,14.179807,16.209503,13.342889,13.380055,17.92959,18.259375,23.321001,23.43321,27.547531,29.869081,33.37816
4,12.007784,8.80053,6.5896225,3.8401415,0.0,5.5554314,5.07017,9.478959,11.913535,13.444362,17.146051,18.95775,21.897282,19.971128,26.318066,22.886333,26.248419,26.33483,30.151941,31.71672,34.428432,37.517902,42.139282,38.180077,36.93358,34.69572,32.310318,31.086393,27.708473,29.397541,23.57283,26.331928,19.52822,22.26111,22.878695,19.383171,16.66734,20.752613,20.493044,17.294722,16.447838,22.425066,20.537327,16.370579,19.312325,24.385107,21.22323,18.323086,22.975208,21.336819,24.799763,26.133726,29.320322,28.706242,30.594976,31.999327,27.712538,31.322973,33.92979,28.516687,27.15036,32.586296,34.26527,33.97526,28.68516,27.581493,32.730957,31.655148,28.819437,33.157745,35.224625,32.79131,30.79661,35.719097,31.427473,34.78853,31.959183,27.606379,28.848625,24.026104,23.100601,22.607738,19.505901,21.254667,22.304974,25.828146,27.38537,32.590218,32.97609,36.514793,39.95883,37.804337,39.38541,34.0149,31.275225,27.590189,23.956676,20.739576,19.849821,14.176736,12.699854,9.7248125,13.449945,15.171732,11.75215,11.424101,15.722494,16.079819,20.60028,20.968237,25.036259,27.381964,31.065186
5,14.367786,12.076617,8.678267,6.225289,5.5554314,0.0,6.1789646,6.800298,9.928788,11.839883,14.9200735,17.560806,20.313625,19.229841,25.641026,22.037344,25.949394,25.71407,30.458612,31.433853,34.777065,37.62733,42.738518,38.296726,36.533302,34.36957,31.265154,29.988586,26.201038,27.657034,21.459951,23.50021,16.98507,18.534904,19.476803,16.855629,13.34502,16.59914,17.26905,14.755477,12.424184,18.789207,17.94592,13.688213,15.468951,21.527967,19.530107,15.859428,20.032917,17.59441,21.000134,23.697016,25.885845,24.767462,27.284334,29.052685,24.882145,28.512127,30.49095,24.619598,23.89673,28.920786,30.418232,29.630764,24.38542,23.866562,29.09703,28.447273,25.980381,30.12212,32.481804,30.538174,28.6125,33.664387,29.41955,33.1131,30.576235,26.060709,28.215729,23.34298,23.381363,23.652975,20.684034,21.591782,21.623379,25.833426,26.483051,31.519457,31.771711,35.237286,38.81057,37.14442,39.149963,33.761143,31.05399,27.419678,24.827627,20.758488,21.161587,14.991164,15.215578,10.405778,13.4833555,16.913181,15.062172,15.716393,19.555843,19.069319,23.736776,22.752632,27.231392,28.7722,32.79422
6,17.012829,13.854917,11.242927,8.390157,5.07017,6.1789646,0.0,5.776221,7.1546307,8.844092,12.363557,14.156909,16.910334,14.921238,21.303822,18.025694,21.498373,21.880121,25.778496,27.591595,30.48041,33.46778,38.30828,33.89978,32.55711,30.152704,27.789581,26.295856,22.997276,24.450066,18.895506,21.549051,14.721687,17.977266,18.552923,14.878756,12.479027,17.16916,16.905998,13.683849,13.68064,19.814537,17.80825,14.48983,17.771732,22.63929,19.839706,17.96706,22.573238,20.882578,23.342323,25.221935,28.430128,27.3311,28.815592,29.652287,25.115198,28.315292,31.273428,26.095392,23.84945,29.288486,30.629751,30.691381,25.37032,23.736273,28.623451,27.214128,24.605524,29.261345,30.845726,28.204136,26.637764,31.7785,27.77248,31.458916,28.89224,24.824057,26.50641,22.184038,21.54567,21.826307,17.933187,18.997307,19.344784,23.160114,23.74934,29.096825,29.05279,32.542225,36.134003,33.989475,35.99261,30.494448,28.242016,24.101923,21.038296,17.229101,17.012829,11.146295,9.993647,6.173275,11.326028,13.378887,10.661091,10.920669,14.179533,13.779951,17.835913,17.419802,21.684788,23.550785,27.564528
7,20.15508,17.81052,13.97535,12.112689,9.478959,6.800298,5.776221,0.0,4.71013,5.1201663,8.353675,10.813151,13.747017,13.082643,19.83932,17.060333,21.103441,21.71207,26.29177,27.966133,31.441284,34.10695,39.426292,34.261703,32.45562,29.906376,27.028997,25.062397,21.546656,22.171879,16.804253,17.843319,10.803017,13.23136,14.990474,12.509439,9.138878,13.513441,14.880053,12.652755,11.456895,18.136168,17.35189,14.6251545,16.64458,22.360048,20.954449,18.799908,22.763681,20.255024,22.128796,25.677092,27.781956,25.899422,27.897966,28.810555,24.310648,27.195253,29.641861,24.109648,22.00283,26.857216,27.574455,27.238884,21.945702,20.594725,25.247183,23.944845,22.265951,27.047548,28.389566,26.054312,25.17445,30.648428,27.005602,31.251062,29.189672,25.22878,27.952738,23.928288,24.196943,25.282934,21.331102,21.465214,20.574871,25.023243,24.15153,29.361204,28.81712,32.145473,35.957275,34.268105,36.94355,31.40793,29.582052,25.241486,23.453388,18.749802,19.939186,14.0313635,14.166056,9.391539,14.023756,17.269182,15.7260895,16.361425,18.976866,18.020788,21.425095,20.014324,24.402536,25.38789,29.787113
8,23.512388,20.567656,17.531822,14.55125,11.913535,9.928788,7.1546307,4.71013,0.0,4.717294,6.031892,8.965095,10.833795,9.5942955,15.79319,12.499339,16.593803,17.009401,21.755276,23.278032,26.832634,29.444553,34.83629,29.628538,27.766602,25.277138,22.35335,20.512291,16.967478,17.952026,12.382633,14.43213,7.787891,11.103142,11.621248,8.2654085,5.8985605,11.131314,11.443822,8.968387,9.608863,15.550128,14.158596,12.506842,15.226329,19.871786,18.42464,17.61635,21.504625,19.542025,20.435556,23.595057,26.16203,24.244888,25.443302,25.703676,21.058393,23.597755,26.587292,21.641972,18.558048,23.635338,24.3936,24.684965,19.432552,17.34043,21.879486,20.279875,18.21783,23.160755,24.292912,21.728935,20.787205,26.26033,22.721663,26.99412,25.02653,21.360226,24.14823,20.63962,21.017445,22.599527,18.324156,17.91855,16.591494,21.03381,19.66688,24.907707,24.218708,27.538345,31.359451,29.61851,32.39512,26.853426,25.274927,20.780966,19.43022,14.49354,16.24348,10.754028,11.785334,7.116845,11.386742,14.588623,14.170335,15.491963,17.159117,15.481382,18.740383,16.268795,20.74763,21.232538,25.699953
9,24.542448,22.081347,18.331924,16.610615,13.444362,11.839883,8.844092,5.1201663,4.717294,0.0,4.3178086,5.765753,9.04007,8.598286,15.62016,13.908369,17.765434,19.281244,23.325787,25.73706,29.102865,31.6106,36.924847,31.310333,29.615965,26.742987,24.32135,21.764353,18.741396,18.58905,14.445497,14.660591,7.3431287,11.264859,13.474493,11.077156,8.894749,13.767741,15.182749,13.271257,13.534815,19.554493,18.59017,17.123997,19.398048,24.336851,23.12852,22.131832,25.937466,23.65138,24.545095,28.188526,30.414427,28.216688,29.636742,29.820663,25.214415,27.42142,30.313665,25.361961,22.138903,26.767204,26.89982,27.107046,22.00597,19.847809,23.751616,21.770214,20.739447,25.938845,26.278076,23.500343,23.564716,29.195631,26.150032,30.629755,28.934105,25.582487,28.437256,25.19665,25.43868,26.927937,22.44098,22.140484,20.797756,25.065495,23.192928,28.403992,27.240574,30.387823,34.291874,32.49724,35.582165,30.04485,28.984632,24.198275,22.944405,18.155811,19.673262,14.612324,14.410748,10.79607,15.82241,18.365067,17.01262,17.498669,18.97386,17.797802,19.858755,18.336323,22.360462,22.9467,27.499098
10,28.403875,25.837833,22.21119,20.043882,17.146051,14.9200735,12.363557,8.353675,6.031892,4.3178086,0.0,3.930222,5.6321974,6.4706273,12.727561,11.292958,15.33078,16.842339,21.254654,23.376066,27.063519,29.266684,34.825005,28.82607,26.821218,23.965227,21.231594,18.47016,15.418414,14.777661,11.061432,10.375069,3.0939724,7.6146407,9.9080105,8.326447,7.025831,11.353623,13.075332,12.026135,12.80182,17.916407,17.34073,17.005741,18.87578,23.251007,22.77919,22.481228,25.777163,23.541874,23.474281,27.563515,29.453575,26.89561,28.000532,27.76553,23.2638,24.922964,27.808554,23.261225,19.52771,23.71853,23.420084,23.872326,19.011074,16.489933,19.898426,17.718874,17.221222,22.491932,22.410143,19.69964,20.301367,25.989986,23.381409,28.08654,26.818716,23.87714,27.226286,24.595211,25.333635,27.419195,22.923363,21.905169,19.750412,24.102789,21.146965,26.072336,24.515213,27.456114,31.419844,29.909714,33.402176,27.977839,27.368664,22.558355,22.368324,17.28414,19.753592,15.340269,16.15934,12.604584,16.640615,19.464731,19.208473,20.221796,21.048906,19.294529,21.013838,18.371534,22.300373,22.01249,26.652231
11,30.157566,27.646038,23.964485,22.243744,18.95775,17.560806,14.156909,10.813151,8.965095,5.765753,3.930222,0.0,4.014358,5.134036,11.508265,11.703001,15.0418415,17.576336,20.938438,23.977146,27.24892,29.400461,34.70664,28.543207,26.883549,23.714489,21.772818,18.510641,16.253605,14.853427,12.858891,11.506288,5.576273,10.335388,12.810189,11.264328,10.815124,15.029259,16.516994,15.359128,16.66514,21.574184,20.707052,20.549234,22.713919,26.799477,26.057083,26.070593,29.51053,27.399506,27.281061,31.114658,33.22752,30.689823,31.559332,31.018679,26.511696,27.867725,31.022594,26.824358,22.66308,26.697634,26.093199,26.848701,22.240313,19.383553,22.116291,19.445877,19.437954,24.820463,23.941954,20.828869,22.155468,27.7597,25.581154,30.231356,29.092197,26.53695,29.606123,27.318977,27.717445,29.68709,24.929218,24.047764,22.104012,26.06503,22.952085,27.84887,25.956465,28.73726,32.66722,30.927519,34.521557,29.157948,29.034357,23.991692,23.68905,18.987377,21.036493,17.234652,17.134832,14.671073,19.2192,21.23586,20.448769,20.963448,21.27002,19.79795,20.368862,18.446676,21.81897,21.622278,26.205765
12,33.43085,30.685696,27.268688,25.027163,21.897282,20.313625,16.910334,13.747017,10.833795,9.04007,5.6321974,4.014358,0.0,3.9671743,8.203395,9.113597,12.220053,14.88996,18.26585,21.139786,24.549042,26.415253,31.841152,25.407846,23.561468,20.397535,18.388119,14.908591,12.918576,10.974812,10.147803,8.294969,4.8914046,9.41209,10.986401,9.969519,10.916121,14.395383,15.489749,14.909705,16.980879,20.784456,19.944735,20.770746,22.84782,26.084223,25.728266,26.534658,29.608042,27.765955,26.857708,30.642769,32.708115,30.04225,30.397411,29.34343,24.990204,25.77078,29.09703,25.55198,20.798717,24.456703,23.557215,24.790651,20.567984,17.216276,19.256407,16.2228,16.575596,21.933594,20.473007,17.226091,19.122107,24.615417,22.937384,27.622276,26.856493,24.832634,28.090958,26.480928,27.150879,29.54958,24.821854,23.395866,20.923147,24.69199,20.738829,25.28754,23.027643,25.569798,29.486094,27.90423,31.789293,26.5991,26.970074,21.959686,22.54562,17.875837,20.552536,17.610834,18.22899,16.089592,19.762346,21.719505,21.82733,22.770935,22.46619,20.5257,20.758274,17.87761,20.991995,19.9786,24.523102
13,31.796282,28.724712,25.803568,23.209982,19.971128,19.229841,14.921238,13.082643,9.5942955,8.598286,6.4706273,5.134036,3.9671743,0.0,7.1302576,7.0416303,10.040493,12.860263,15.837042,19.120121,22.189983,24.40631,29.626665,23.581755,22.093079,18.90479,17.320023,14.186587,12.240062,11.501513,9.873186,10.652644,6.569285,11.85727,12.223763,9.562645,10.962065,15.2986,15.205937,13.769829,16.707842,20.566084,18.848948,19.48955,22.370298,25.196234,24.038946,25.214968,28.666027,27.24271,26.606237,29.486359,32.279343,30.034199,30.038298,28.871422,24.352278,25.380878,29.202595,25.794737,20.793161,25.108643,24.798357,26.321869,21.87932,18.29809,20.842535,17.79574,17.00366,22.410583,21.269804,17.651665,18.796604,24.186752,22.128288,26.51983,25.365396,23.268602,25.933044,24.265694,24.444643,26.590452,21.701563,20.560574,18.615704,22.075752,18.81762,23.692083,21.717293,24.497032,28.344433,26.316328,29.80831,24.481049,24.656351,19.504757,19.373598,15.012101,17.117472,14.493477,14.674308,13.361569,17.165884,18.43188,18.406477,19.311169,18.658693,16.70375,16.804596,14.058337,17.228304,16.618717,21.20596
14,38.296215,34.942192,32.455765,29.369398,26.318066,25.641026,21.303822,19.83932,15.79319,15.62016,12.727561,11.508265,8.203395,7.1302576,0.0,5.493048,5.3040895,9.347554,10.7794895,14.476434,17.262442,18.873846,24.039757,17.482471,16.015661,12.6027355,11.917567,8.146691,8.225922,6.6174474,9.352465,10.473854,11.316057,15.13784,13.929165,12.166042,15.361959,18.305264,17.26011,16.653522,20.66335,22.529295,20.63659,22.797956,25.626608,26.732327,25.950823,28.552248,31.42262,30.613714,28.830564,31.148275,34.060238,31.81615,30.75075,28.545778,24.485767,24.334633,28.61181,26.726221,20.769558,24.279676,23.568491,26.11403,22.649412,18.35251,19.283913,15.61225,15.220696,20.105913,17.537777,13.38089,15.726162,20.361692,19.578674,23.611576,23.187874,22.476767,24.968895,24.854755,25.205067,27.88367,23.199673,21.288454,18.796461,21.233835,16.653278,20.549627,17.773075,19.894548,23.531466,21.51462,25.447325,20.6464,22.142046,17.182402,18.65371,15.229074,17.89302,17.580053,18.449726,18.300821,20.563429,21.12461,22.33173,23.62505,21.763044,19.331604,18.195404,14.28829,16.11532,13.79348,17.937317
15,34.860435,31.30917,29.217064,25.54448,22.886333,22.037344,18.025694,17.060333,12.499339,13.908369,11.292958,11.703001,9.113597,7.0416303,5.493048,0.0,4.408909,5.886811,10.1778,12.291742,15.858655,17.985092,23.556175,17.608427,15.712872,12.926698,10.646769,8.337201,5.945758,7.543951,5.566297,10.058002,9.822206,13.496931,10.980711,7.935384,11.619669,14.670448,12.574901,11.579687,16.143042,17.724207,15.360796,17.569805,20.682901,21.509073,20.474382,23.2413,26.13925,25.585863,23.905905,25.796412,29.01156,27.043573,25.902393,23.895174,19.622402,19.99937,24.44957,22.298088,16.42868,20.740694,20.860119,23.282534,19.375086,15.157685,17.339323,14.2548685,12.137239,17.178047,16.081413,12.182424,12.599511,17.645985,15.722713,19.848375,18.86646,17.500555,20.067085,19.502628,19.992327,22.783731,18.210117,16.130264,13.483094,16.402184,12.205808,16.813532,14.724385,17.53481,21.354061,19.308672,22.867891,17.587523,18.093895,13.021496,14.279195,10.131932,13.419366,12.766543,14.703704,14.04921,15.428444,16.414461,18.391495,20.294445,18.85574,15.987349,16.484016,11.413207,14.459816,12.374978,16.827696
16,38.185787,34.471577,32.710484,28.964617,26.248419,25.949394,21.498373,21.103441,16.593803,17.765434,15.33078,15.0418415,12.220053,10.040493,5.3040895,4.408909,0.0,4.682366,6.1106553,9.556441,12.379085,14.390814,19.703524,13.614383,12.203394,9.096286,8.42295,6.1400986,6.2864466,7.905933,8.978535,13.050777,13.929451,17.524641,14.848665,12.171286,15.997867,18.772377,16.260931,15.3299,20.228506,21.089739,18.388819,20.999954,24.327766,24.216324,22.928593,26.433159,29.219404,29.11031,27.140564,28.274876,31.843231,30.09921,28.316006,25.734426,21.796438,21.579168,26.396326,25.18022,18.972849,22.881021,22.935995,25.910036,22.550312,18.126257,19.416826,16.093567,14.088683,18.476383,16.54795,12.297566,13.179948,17.273098,16.176012,19.637249,18.937426,18.584364,20.416786,20.86442,20.98576,23.745722,19.288067,17.144173,14.835578,16.507004,12.1717205,16.05661,13.583874,15.951935,19.467346,16.998945,20.549696,15.611278,17.101723,12.158447,13.871439,11.207218,13.878089,15.04781,16.519789,17.173817,18.131472,18.038141,20.196644,21.968275,19.625105,16.77431,15.984788,10.856744,12.527513,9.460788,13.561463
17,38.03632,34.18751,32.815315,28.551601,26.33483,25.71407,21.880121,21.71207,17.009401,19.281244,16.842339,17.576336,14.88996,12.860263,9.347554,5.886811,4.682366,0.0,6.5670576,6.534839,10.556721,12.655883,18.422249,12.959417,10.839188,8.87773,6.201868,6.3585134,4.9669423,9.068554,8.018844,13.756902,15.163366,17.857462,14.023863,11.321827,15.45593,17.410107,13.904852,13.244776,18.470825,18.066765,15.111619,18.386005,21.62793,20.45746,19.313414,23.4713,25.838705,26.186953,23.813171,24.360552,28.06947,26.57766,24.299826,21.47112,17.714275,17.375738,22.42317,21.73256,15.484798,19.519594,20.187908,23.353407,20.204668,15.887964,17.483845,14.757678,11.43561,15.226413,14.284301,10.486035,9.599224,13.458596,11.810339,15.116319,14.261418,14.0512705,15.96348,16.846666,17.38385,20.560396,16.596416,13.831909,10.968217,12.488623,7.5237875,11.526935,9.39554,12.238969,15.874785,13.5325985,16.98483,11.757386,12.824481,7.98345,10.974459,8.313441,11.977892,13.733854,16.484606,16.753355,16.166672,16.4041,19.730526,22.134232,20.057936,16.82063,17.356297,11.202572,13.367219,10.031858,13.673255
18,41.7823,37.802486,36.73284,32.65874,30.151941,30.458612,25.778496,26.29177,21.755276,23.325787,21.254654,20.938438,18.26585,15.837042,10.7794895,10.1778,6.1106553,6.5670576,0.0,6.075283,6.804645,9.017748,13.803883,8.335656,8.142518,5.620393,7.9016104,8.046544,10.010897,12.39046,14.010617,18.606665,19.947681,23.344238,20.095083,17.336094,21.292273,23.761408,20.408096,19.383041,24.68689,24.53672,21.280558,24.253853,27.893303,26.402992,24.63817,29.105122,31.683458,32.327457,30.11237,29.888878,34.05545,32.842613,30.18359,27.01092,23.613384,22.915428,28.124203,28.069416,21.800627,25.431261,25.882448,29.367886,26.564316,22.158247,22.976637,19.909704,17.354055,20.553768,18.547892,14.578113,14.761568,17.067198,16.611012,18.659864,18.061079,18.919321,19.41189,21.14967,20.749207,23.352654,19.454075,17.300781,15.707264,15.455112,11.911135,14.441115,12.201659,13.933179,16.621094,13.394114,16.286398,12.031212,14.568831,10.500718,12.566492,12.398373,14.029679,17.47823,18.808443,20.771946,20.649218,19.32349,22.04397,23.878653,20.655827,17.828314,16.212019,11.125081,10.742781,6.2967954,8.830659
19,43.072075,39.025555,38.23187,33.67338,31.71672,31.433853,27.591595,27.966133,23.278032,25.73706,23.376066,23.977146,21.139786,19.120121,14.476434,12.291742,9.556441,6.534839,6.075283,0.0,4.832678,6.4946003,12.360131,7.880675,5.937547,6.1402345,5.479213,8.644284,9.682036,13.415582,13.93312,19.280994,21.62588,23.916258,19.677794,17.443336,21.590235,22.892738,18.870007,18.495039,23.768578,21.986063,18.858742,22.656157,25.828485,22.965616,21.761345,26.949677,28.751154,29.899738,27.007154,26.200764,30.234074,29.254318,25.908653,22.268742,19.508236,18.22458,23.493275,24.497862,18.39947,21.525127,22.460312,26.224758,24.061867,19.928417,20.531408,18.195236,14.779947,16.65596,15.456746,12.361344,10.963219,11.892071,11.608656,12.840002,12.565005,14.427631,14.912286,17.78201,18.109838,21.297968,18.327482,15.363044,13.084317,12.126388,7.6930976,8.633413,6.495482,8.227479,10.910832,7.7329674,11.012522,6.4842277,9.630233,6.747623,11.348359,11.622996,14.274466,18.071196,20.788275,21.99859,20.298622,19.586224,23.549513,26.055695,23.312449,20.117996,20.056849,14.075244,14.481912,10.268036,11.742664
20,45.58211,41.416733,40.983795,36.45227,34.428432,34.777065,30.48041,31.441284,26.832634,29.102865,27.063519,27.24892,24.549042,22.189983,17.262442,15.858655,12.379085,10.556721,6.804645,4.832678,0.0,3.376712,8.058476,5.3341937,6.0724406,7.0803504,9.479582,12.138518,14.058168,17.240822,18.395397,23.567614,25.571766,28.316628,24.291471,21.759119,25.813896,27.510023,23.409044,22.66464,28.051369,26.458311,23.019289,26.511755,30.021795,26.914894,25.142767,30.522625,32.47622,33.918304,31.24535,29.700266,34.14788,33.497784,29.909193,26.17884,23.676184,22.400946,27.683344,29.000908,23.050299,26.110582,27.098595,30.9479,28.881184,24.761063,25.214882,22.79471,19.590918,21.20716,19.746666,16.709492,15.653057,15.687566,15.834173,15.981632,15.65488,17.954292,17.18595,20.489517,20.064392,22.703718,20.014126,17.585995,16.361443,14.204293,11.628832,11.699246,10.327109,11.016241,12.293703,8.452141,10.152131,7.3105726,11.093003,9.46034,12.623622,14.560232,15.826698,20.652039,22.61164,24.842213,23.214062,21.481388,25.163534,27.376919,23.998365,21.106962,20.04846,14.918353,13.774611,9.562593,9.03844
21,48.753635,44.612877,44.073956,39.535183,37.517902,37.62733,33.46778,34.10695,29.444553,31.6106,29.266684,29.400461,26.415253,24.40631,18.873846,17.985092,14.390814,12.655883,9.017748,6.4946003,3.376712,0.0,6.0788927,3.4481227,4.5017667,6.9812837,9.840809,12.784543,15.285888,18.052727,20.061472,24.726274,27.538406,29.921532,25.827124,23.813076,27.99358,29.259758,25.304066,24.974514,30.25403,28.192135,25.089321,28.920414,32.103146,28.673153,27.388006,32.897614,34.508038,35.97947,32.91449,31.492462,35.617493,34.87226,31.050362,27.029135,24.95451,23.120293,28.207157,30.144222,24.200512,26.575523,27.298891,31.363766,29.826265,25.736673,25.490734,23.141775,20.374672,21.362965,19.417114,16.748686,16.167389,15.251073,16.413288,16.112677,16.507906,19.50299,18.931837,22.739944,22.658442,25.459686,23.040195,20.410044,18.840496,16.654915,13.499882,12.38168,10.642666,10.208382,10.730629,7.2583995,9.3168545,8.134866,12.681781,11.8902235,15.726712,17.4674,19.078625,23.751406,25.877758,27.871338,26.16538,24.692904,28.478127,30.721432,27.357563,24.462606,23.273674,18.204803,16.959274,12.665981,11.826016
22,53.06829,48.83293,48.67663,44.133102,42.139282,42.738518,38.30828,39.426292,34.83629,36.924847,34.825005,34.70664,31.841152,29.626665,24.039757,23.556175,19.703524,18.422249,13.803883,12.360131,8.058476,6.0788927,0.0,7.050108,9.887863,12.211079,15.846277,18.512043,21.281239,23.789076,26.041773,30.645601,33.266613,35.89088,31.868233,29.676004,33.794525,35.24369,31.157536,30.61405,35.959255,33.859604,30.54786,34.201965,37.581078,33.782272,32.122417,37.82535,39.43212,41.230236,38.274452,36.127205,40.544094,40.14051,36.029697,31.917368,30.204426,28.33114,33.326874,35.680557,29.94116,32.169342,32.99076,37.122936,35.773937,31.754114,31.37422,29.080015,26.392685,27.03289,25.058523,22.617413,22.066809,20.449192,21.838945,20.626669,21.010628,24.334192,22.787294,26.960598,26.359285,28.636307,26.723671,24.542347,23.73701,20.709124,18.86848,17.178007,16.13705,15.158453,14.31266,11.267276,10.969756,12.222286,16.421076,16.715538,19.547916,22.366146,23.025473,28.348381,29.956257,32.671432,30.871819,28.671955,32.253967,34.25455,30.457792,27.908653,26.029167,21.92285,19.567951,15.888216,13.27769
23,49.668915,45.60102,44.765278,40.4662,38.180077,38.296726,33.89978,34.261703,29.628538,31.310333,28.82607,28.543207,25.407846,23.581755,17.482471,17.608427,13.614383,12.959417,8.335656,7.880675,5.3341937,3.4481227,7.050108,0.0,3.8335204,5.2989306,9.772206,11.766252,15.055517,16.986849,20.099297,24.057034,27.087227,29.64431,25.940714,24.106556,28.32254,29.78411,26.250475,25.960894,31.207764,29.611765,26.685942,30.443886,33.61184,30.732769,29.568586,34.806614,36.60051,37.753464,34.715942,33.877426,37.812958,36.773678,33.21883,29.255913,26.959328,25.079245,30.096878,31.755562,25.581823,27.852753,28.102747,32.180355,30.609081,26.336555,25.738308,23.015236,20.933966,22.339462,19.602951,16.600624,17.116852,16.736156,18.251778,18.599855,19.179176,21.916615,21.811525,25.25579,25.168594,27.952139,25.091265,22.558048,20.829596,19.196222,15.494014,14.976696,12.590124,12.112631,12.982958,10.010001,12.632218,11.269925,15.715195,14.12303,17.706322,18.886019,20.551678,24.867018,26.609182,28.622543,27.589554,26.16884,29.508575,31.501844,28.012465,25.236197,23.375523,18.662006,17.15804,12.725801,12.1479845
24,48.516277,44.52823,43.471672,39.109882,36.93358,36.533302,32.55711,32.45562,27.766602,29.615965,26.821218,26.883549,23.561468,22.093079,16.015661,15.712872,12.203394,10.839188,8.142518,5.937547,6.0724406,4.5017667,9.887863,3.8335204,0.0,3.633193,6.416519,9.083666,12.164476,14.290264,17.32459,21.197899,24.8109,26.847952,22.929676,21.537014,25.820805,26.783804,23.348995,23.479618,28.552593,26.574926,24.008316,28.066753,30.85468,27.941847,27.32706,32.49705,34.01456,35.02958,31.702776,31.316868,34.85476,33.60513,30.101006,26.09555,23.868393,21.751102,26.641098,28.38862,22.207796,24.18125,24.31824,28.432323,27.052723,22.834007,22.02202,19.430883,17.387432,18.580797,15.799541,12.951355,13.505539,13.12602,14.920296,15.671926,16.59139,19.36231,20.008043,23.412031,23.896729,27.06927,24.211578,21.285036,18.883865,17.823877,13.091065,12.398854,9.451243,8.903421,10.472135,8.016743,11.916094,9.897198,14.310013,12.55308,17.076044,17.41358,19.938383,23.66475,26.007936,27.28252,26.053518,25.343805,28.991678,31.245907,28.193745,25.175861,24.078072,18.69435,18.157053,13.590256,14.100012
25,46.455162,42.548622,41.23397,37.11353,34.69572,34.36957,30.152704,29.906376,25.277138,26.742987,23.965227,23.714489,20.397535,18.90479,12.6027355,12.926698,9.096286,8.87773,5.620393,6.1402345,7.0803504,6.9812837,12.211079,5.2989306,3.633193,0.0,5.4681764,6.507576,10.0926485,11.69737,15.240644,18.805285,22.07021,24.51843,21.02597,19.46173,23.695633,25.136637,22.053782,21.9673,27.03501,25.868383,23.291954,27.030235,29.976675,27.887064,27.109356,31.857193,33.766277,34.41733,31.406116,31.560701,35.094402,33.616276,30.589056,26.90312,24.140232,22.437128,27.36751,28.312077,21.938896,24.362497,24.262428,28.16893,26.299553,21.885113,21.349842,18.315895,16.595407,18.796698,15.72822,12.155914,13.446656,14.526118,15.72067,17.44739,17.982084,19.951406,20.979979,23.633234,23.968204,27.043243,23.618776,20.893538,18.480415,18.125618,13.205153,13.941233,10.77973,11.165126,13.511937,11.026908,14.927544,11.875108,15.6756115,12.721838,16.601286,16.243654,18.763071,21.98843,23.943447,25.202387,24.699137,24.038706,27.194305,29.223526,26.188536,23.260765,21.81881,16.637392,16.259148,11.718895,13.107517
26,43.998653,40.197884,38.714832,34.44055,32.310318,31.265154,27.789581,27.028997,22.35335,24.32135,21.231594,21.772818,18.388119,17.320023,11.917567,10.646769,8.42295,6.201868,7.9016104,5.479213,9.479582,9.840809,15.846277,9.772206,6.416519,5.4681764,0.0,4.2263145,5.9866166,8.8602705,11.112824,15.147137,18.98182,20.593367,16.544024,15.484478,19.782993,20.458017,17.314974,17.807802,22.623106,20.845085,18.70743,22.83233,25.266153,23.106356,23.02541,27.642258,29.174297,29.68676,26.356432,27.036127,30.101114,28.412912,25.50183,21.889744,19.098003,17.294529,22.105082,22.957197,16.585781,18.917414,18.92164,22.7945,20.95855,16.617294,16.244078,13.509593,11.242678,13.433401,10.896825,7.3425155,8.003033,9.962447,10.786374,13.447328,14.119553,15.735423,17.849943,20.204876,21.330183,24.852564,21.582314,18.382526,15.071608,15.664678,9.521375,10.542591,6.944854,8.157341,11.651576,10.063465,14.635789,10.727155,13.6320505,10.499964,15.352103,13.754566,17.457394,19.731886,22.661692,22.785362,21.775944,22.178541,25.831001,28.278025,25.99014,22.77295,22.736069,16.757954,17.840847,13.627851,16.007303
27,42.998802,39.362827,37.43028,33.552086,31.086393,29.988586,26.295856,25.062397,20.512291,21.764353,18.47016,18.510641,14.908591,14.186587,8.146691,8.337201,6.1400986,6.3585134,8.046544,8.644284,12.138518,12.784543,18.512043,11.766252,9.083666,6.507576,4.2263145,0.0,4.391521,5.2819567,9.503736,12.315987,16.219604,18.208593,14.943144,14.059104,18.24451,19.403843,17.107712,17.507765,22.079666,21.401112,19.546627,23.213573,25.634327,24.637415,24.564184,28.503227,30.407751,30.36966,27.37069,28.91552,31.737095,29.68234,27.434828,24.247826,21.015837,19.609676,24.143545,24.092287,17.682596,20.176893,19.583014,23.123411,20.874653,16.359015,15.963571,12.550716,11.474994,14.858572,11.617833,7.356041,9.898971,13.18532,13.717324,17.130318,17.599455,18.40718,20.911814,22.434977,23.425615,26.777367,22.94094,20.053413,16.783442,18.19993,12.221191,14.358289,10.89737,12.262875,15.763584,14.227331,18.721836,14.608071,17.147015,13.211458,17.082537,14.622861,18.249828,19.634144,22.01633,21.922438,22.01223,22.614687,25.53202,27.638529,25.452166,22.420542,21.91423,16.42122,17.69458,13.771707,16.859003
28,39.502045,35.939686,33.940258,29.967464,27.708473,26.201038,22.997276,21.546656,16.967478,18.741396,15.418414,16.253605,12.918576,12.240062,8.225922,5.945758,6.2864466,4.9669423,10.010897,9.682036,14.058168,15.285888,21.281239,15.055517,12.164476,10.0926485,5.9866166,4.391521,0.0,4.7720847,5.3198514,9.604086,13.044064,14.714178,10.935405,9.907992,14.159773,15.152048,12.720706,13.25943,17.726131,17.128523,15.409332,19.031834,21.298326,20.699955,20.81474,24.40122,26.313234,26.082989,23.204952,25.149393,27.820805,25.672302,23.794313,21.01611,17.406727,16.543413,20.993025,20.198505,13.840301,16.986794,16.752218,19.931517,17.094845,12.573344,13.297507,10.145089,8.031526,12.357843,10.475533,6.4127355,7.519521,12.300382,11.48793,15.698952,15.69296,15.512992,18.677122,19.411318,20.753868,24.208666,20.365015,17.396101,13.729572,16.139215,10.107019,13.2776785,10.389637,12.668751,16.57879,15.279848,19.545885,14.803078,16.151098,11.911473,15.535133,11.980207,16.239635,16.609165,19.58645,18.628973,18.519218,19.897863,22.976006,25.322989,23.776178,20.628555,21.262747,15.449644,17.840294,14.524981,18.197124
29,41.276146,37.96988,35.41594,31.964878,29.397541,27.657034,24.450066,22.171879,17.952026,18.58905,14.777661,14.853427,10.974812,11.501513,6.6174474,7.543951,7.905933,9.068554,12.39046,13.415582,17.240822,18.052727,23.789076,16.986849,14.290264,11.69737,8.8602705,5.2819567,4.7720847,0.0,7.121244,7.3413234,12.1988735,13.670022,11.258474,11.475758,15.211929,16.154469,15.199898,16.051342,19.750858,19.905226,18.931715,22.194235,24.02293,24.319492,24.835361,27.791746,29.721397,28.952858,26.12904,29.002285,31.085693,28.499504,27.134892,24.55807,21.056646,20.024721,23.880535,22.799702,16.73823,19.0623,17.79365,20.722086,18.137732,13.7273245,13.353783,9.534242,10.065156,14.426238,11.166345,7.2273273,10.852505,15.368043,15.442436,19.741892,20.153063,20.020168,23.415499,23.960648,25.31058,28.658041,24.578512,21.833702,18.249804,20.862658,14.870169,17.685255,14.450768,16.071524,19.803108,18.812414,23.390247,19.021767,20.802927,16.56825,19.884005,16.168352,20.13523,19.880905,22.226162,21.016733,21.951933,23.505432,25.866917,27.816874,26.333042,23.454546,23.392542,18.298174,20.421684,17.205568,20.951628
30,35.208946,31.87682,29.528887,25.72541,23.57283,21.459951,18.895506,16.804253,12.382633,14.445497,11.061432,12.858891,10.147803,9.873186,9.352465,5.566297,8.978535,8.018844,14.010617,13.93312,18.395397,20.061472,26.041773,20.099297,17.32459,15.240644,11.112824,9.503736,5.3198514,7.121244,0.0,6.797776,8.600025,10.000149,6.0874133,4.73572,8.903691,10.123664,8.326783,8.94513,12.820471,13.384108,12.175371,15.107867,17.08521,17.965889,18.289103,20.765295,22.92092,22.057007,19.708817,22.671484,24.951702,22.527687,21.651072,19.822927,15.666549,15.906416,19.774723,17.39033,11.609729,15.593783,15.559362,17.753767,13.845752,9.602646,12.168705,9.561703,7.2414036,12.609021,12.34358,9.367161,9.341974,14.992573,12.836838,17.610264,16.994862,15.288592,19.103174,18.366621,19.9584,23.243279,19.271091,16.622358,12.898983,16.689735,11.636487,15.768117,13.78357,16.54575,20.525005,19.432138,23.307621,18.20886,18.26942,13.888698,16.299154,11.446469,15.871935,14.24913,17.489351,15.15643,15.552371,18.080536,20.738127,23.095985,22.506973,19.497906,21.228722,15.798147,19.283798,17.005444,21.198421
31,37.685814,34.883354,31.6552,28.711536,26.331928,23.50021,21.549051,17.843319,14.43213,14.660591,10.375069,11.506288,8.294969,10.652644,10.473854,10.058002,13.050777,13.756902,18.606665,19.280994,23.567614,24.726274,30.645601,24.057034,21.197899,18.805285,15.147137,12.315987,9.604086,7.3413234,6.797776,0.0,7.326921,6.6985307,6.0133944,8.524933,10.655668,10.810795,12.170974,13.678691,15.504269,16.840006,17.239967,19.626326,20.399757,22.525995,23.807121,25.217226,27.04778,25.312239,22.937931,27.455557,28.496702,25.354559,25.35643,23.906332,20.190145,20.02602,22.73626,19.99476,15.143399,17.412884,15.784033,17.278233,13.89657,10.316979,11.154517,8.1509075,9.927011,14.790312,13.191505,10.97981,13.452049,18.754602,17.766571,22.686573,22.75929,21.296272,25.553083,24.735355,26.554644,29.77525,25.750252,23.283556,19.557419,23.45414,18.075142,21.507156,18.981194,21.036615,24.922157,24.389456,28.780195,24.074097,24.680674,20.44499,22.986723,18.11083,22.267403,19.910471,22.438116,19.500277,21.08275,24.014477,25.816286,27.691957,27.423283,24.77771,25.896757,21.270008,24.494246,22.218468,26.478176
32,30.864544,28.19051,24.72905,22.198679,19.52822,16.98507,14.721687,10.803017,7.787891,7.3431287,3.0939724,5.576273,4.8914046,6.569285,11.316057,9.822206,13.929451,15.163366,19.947681,21.62588,25.571766,27.538406,33.266613,27.087227,24.8109,22.07021,18.98182,16.219604,13.044064,12.1988735,8.600025,7.326921,0.0,5.450575,7.26189,6.5446954,6.3350463,9.74048,11.486182,11.189891,12.368336,16.52463,16.228565,16.747202,18.30557,22.114506,22.177526,22.402632,25.282244,23.166605,22.392494,26.685095,28.349096,25.593582,26.41366,25.871065,21.497168,22.749065,25.617777,21.435965,17.351387,21.207476,20.657955,21.333048,16.680788,13.860636,16.934542,14.650888,14.445735,19.716492,19.430435,16.835175,17.712685,23.400509,21.079552,25.90425,24.942879,22.30362,25.987787,23.805862,24.918472,27.401058,23.014818,21.498915,18.786829,23.14744,19.472876,24.110079,22.33249,25.118296,29.099272,27.839125,31.574934,26.27546,25.926456,21.21555,21.824356,16.624037,19.753237,15.868012,17.44104,13.945949,17.092316,20.098705,20.635809,22.031826,22.514765,20.386274,22.043663,18.596535,22.445175,21.53174,26.146475
33,32.793694,30.454163,26.787964,24.322191,22.26111,18.534904,17.977266,13.23136,11.103142,11.264859,7.6146407,10.335388,9.41209,11.85727,15.13784,13.496931,17.524641,17.857462,23.344238,23.916258,28.316628,29.921532,35.89088,29.64431,26.847952,24.51843,20.593367,18.208593,14.714178,13.670022,10.000149,6.6985307,5.450575,0.0,5.2003107,8.032751,7.0012617,6.9185176,10.682531,12.019238,11.51554,14.752287,16.026005,16.903051,16.906425,20.98579,22.393133,22.13907,24.126019,21.550343,20.223518,25.728456,26.17967,22.894121,24.25665,24.066252,20.15683,21.202599,23.0522,18.608215,15.466218,18.251581,17.202072,17.107557,12.67127,10.80151,13.726831,12.364077,13.170837,17.759834,17.983025,16.532402,17.43556,22.914282,20.80315,25.760323,25.216146,22.557741,26.975231,24.834204,26.72541,29.534624,25.694065,23.77437,20.459581,25.094883,20.932405,24.923409,23.19547,25.708055,29.625446,29.081596,33.030235,28.013882,27.552563,23.393171,24.846708,19.476675,23.257341,19.242508,21.68448,17.408382,19.505457,23.386215,24.523455,26.25305,27.129642,24.840094,27.065046,23.085623,27.052168,25.709389,30.215528
34,33.789116,30.971653,28.027655,24.668736,22.878695,19.476803,18.552923,14.990474,11.621248,13.474493,9.9080105,12.810189,10.986401,12.223763,13.929165,10.980711,14.848665,14.023863,20.095083,19.677794,24.291471,25.827124,31.868233,25.940714,22.929676,21.02597,16.544024,14.943144,10.935405,11.258474,6.0874133,6.0133944,7.26189,5.2003107,0.0,4.8967967,6.228334,5.0067616,6.575187,8.711718,9.767391,11.05721,11.944503,14.079224,14.414392,17.017632,18.577513,19.468006,21.158503,19.30349,17.10054,21.921618,22.828047,19.744543,20.198202,19.436136,15.46056,16.252691,18.648857,14.841774,10.673776,13.990949,13.522404,14.2877245,9.696631,6.608398,10.367059,9.059404,8.308456,13.081948,13.924202,12.535111,12.495518,17.98217,15.626581,20.570955,20.053488,17.57341,22.132013,20.467577,22.65636,25.831663,22.25568,19.837172,16.072954,20.585688,16.097692,19.856594,18.292978,20.871042,24.753843,24.317469,28.164764,23.24615,22.698784,18.847284,20.939598,15.685827,20.015995,16.80458,20.182467,16.265097,16.936481,20.7767,22.998959,25.286722,25.749025,23.014132,25.549648,20.649399,24.598076,22.799225,27.08573
35,30.797863,27.61899,25.106083,21.38093,19.383171,16.855629,14.878756,12.509439,8.2654085,11.077156,8.326447,11.264328,9.969519,9.562645,12.166042,7.935384,12.171286,11.321827,17.336094,17.443336,21.759119,23.813076,29.676004,24.106556,21.537014,19.46173,15.484478,14.059104,9.907992,11.475758,4.73572,8.524933,6.5446954,8.032751,4.8967967,0.0,4.2995543,6.9248185,5.6815696,5.427976,8.59899,11.085849,10.039407,11.635234,13.658468,16.128077,16.173529,17.443804,20.060862,18.689156,17.274422,20.741884,22.945225,20.548279,20.6134,19.785133,15.269402,16.727325,20.068813,16.258793,11.641023,16.393223,16.887245,18.05295,13.234849,9.993231,14.165194,12.449408,9.975073,15.062037,16.065298,13.736877,12.7647915,18.362919,15.267628,19.948849,18.691704,15.794485,19.6151,17.528748,19.051859,21.938608,17.95948,15.87702,12.654577,17.22478,13.6627245,18.328274,17.14244,20.219112,24.13105,22.967958,26.35118,21.04218,20.103853,15.795103,16.854061,11.46375,15.422831,12.028232,15.328276,11.747365,12.64248,16.092564,18.226776,20.550877,20.881002,18.122278,20.877996,16.07359,20.262226,18.967339,23.3453
