,0,1,2,3,4,5,6,7,8,9,10,11,12,13,14,15,16,17,18,19,20,21,22,23,24,25,26,27,28,29,30,31,32,33,34,35,36,37,38,39,40,41,42,43,44,45,46,47,48,49,50,51,52,53,54,55,56,57,58,59,60,61,62,63,64,65,66,67,68,69,70,71,72,73,74,75,76,77,78,79,80,81,82,83,84,85,86,87,88,89,90,91,92,93,94,95,96,97,98,99,100,101,102,103,104,105,106,107,108
0,0.0,3.949258,5.3445644,9.068889,11.183403,14.152507,16.30638,19.30804,23.119738,25.357052,29.815699,33.39031,36.757603,35.13034,33.562645,28.74707,27.658272,23.846756,23.601286,19.719816,18.161367,16.169992,12.494442,14.536494,16.20424,15.00278,18.618803,19.703716,21.82556,21.715303,26.228485,26.777132,31.144304,36.65335,37.961685,40.713642,43.76075,45.66394,43.82678,40.420723,36.49418,37.355583,32.70258,32.901325,27.75084,27.875334,23.630262,24.342995,18.962923,21.127089,22.11728,26.215618,25.876596,30.979473,33.005245,34.23853,37.886864,36.11297,40.212414,44.20409,42.55731,39.082283,41.517433,38.538445,41.403564,43.570873,41.76483,40.472946,36.9857,38.50454,39.32085,34.788967,37.00421,35.332207,36.1949,35.703136,35.40532,37.68029,35.692047,39.764736,39.63991,39.17745,40.733585,39.17929,34.96028,33.024414,29.3303,27.765133,22.582796,23.571423,21.418165,23.584991,24.63965,25.7524,27.154995,28.752762,29.740252,28.073929,27.365181,24.091011,25.553114,21.732714,20.2988,25.36186,26.165821,30.19723,31.01473,34.880047,36.577663
1,3.949258,0.0,4.6698503,6.7135515,8.447771,11.887028,13.133237,16.928148,20.113071,22.547176,26.810219,30.129267,33.66275,31.71253,29.993835,25.196184,24.110308,20.155155,20.174726,16.175846,15.172532,12.846926,10.079397,12.701588,14.747151,14.871682,17.905737,19.431475,20.66295,19.981539,24.550108,24.451202,28.86697,34.109974,35.111862,38.090508,40.928993,43.012527,41.39027,37.894043,34.02932,35.1788,30.779654,30.760378,25.968105,26.724272,22.369242,23.839428,18.360315,21.337404,22.548052,26.283106,25.198854,30.551687,31.889965,33.084595,36.54413,34.57102,38.71935,42.4351,40.927326,37.5743,39.838642,36.755177,39.837654,41.909306,40.385574,39.037697,35.36111,36.471916,36.9353,32.297848,34.138508,32.378124,32.91981,32.389977,31.849419,34.106163,32.087173,36.077656,36.045883,35.8768,37.466103,36.138702,31.900906,30.069782,26.450352,25.066889,20.034517,21.526093,19.742352,22.533537,24.068203,25.387625,27.15692,28.093613,28.750046,26.895107,25.641747,22.396975,23.114864,19.13186,17.735247,22.602623,23.413208,27.93373,28.582747,32.441406,34.218224
2,5.3445644,4.6698503,0.0,5.133406,6.448618,8.94052,11.8017,14.074798,18.337845,20.293592,25.036644,28.666008,31.899517,30.680779,29.313398,24.606339,23.420382,19.988918,19.44505,16.149635,14.410334,13.723672,9.138763,13.102184,13.602452,13.547374,16.2737,16.528162,18.016434,17.237387,22.247984,22.074694,26.982807,31.999092,33.78195,36.235497,39.35713,41.44149,39.458263,36.301632,32.507557,32.80043,28.317163,28.127295,22.87472,23.469288,19.042686,20.312147,14.690929,17.345139,18.125252,21.912367,20.965137,26.39804,27.965612,29.441689,33.021275,31.48324,35.68891,39.644047,38.40068,35.03735,37.87685,35.158733,38.363323,40.89115,39.606747,38.779713,35.495056,37.034252,37.349564,32.836777,34.728283,32.442745,33.422028,32.35923,32.198,34.08098,31.858646,35.969803,35.43686,34.630604,36.362926,34.63181,30.47564,28.88798,24.748865,23.85804,18.774433,20.045238,18.527292,20.694063,22.653986,23.120361,25.385227,26.784729,27.195387,25.963503,24.358307,21.810007,22.496815,19.387249,19.137009,23.589409,23.80259,28.17171,27.953398,32.04231,33.24594
3,9.068889,6.7135515,5.133406,0.0,5.0082088,7.1685457,8.023576,11.713046,14.424561,17.2309,20.960981,25.24297,28.12392,26.621012,25.453045,20.449959,20.049253,16.624346,17.010746,14.215046,13.847527,13.391022,10.352261,15.38486,15.952031,17.33193,19.248968,19.390053,19.72847,17.779108,23.166546,21.381708,26.901085,30.893974,32.690147,35.19354,38.02025,40.592552,38.8034,35.78117,32.233078,32.352142,28.437574,27.488298,22.599825,24.401642,19.813814,22.159233,16.515516,19.775196,20.073032,23.289482,21.178762,27.229525,27.66024,29.652258,32.940804,31.646587,35.974888,39.58762,38.92597,35.821247,38.77547,36.144444,39.735985,42.30329,41.531033,40.783672,37.362877,38.37587,38.100487,33.495213,34.67417,32.050697,32.435516,31.010035,30.32155,31.836508,29.256361,33.06835,32.17407,31.926996,34.103188,32.690014,28.600288,27.685085,23.173689,23.41495,18.795763,20.941795,20.268532,22.977459,25.648682,25.990925,28.80413,29.623344,29.524338,28.30353,25.806149,23.656088,23.054161,20.099802,20.161457,24.054625,24.123293,29.223427,28.393097,32.507553,33.563236
4,11.183403,8.447771,6.448618,5.0082088,0.0,3.7277281,5.9096804,8.563018,12.504626,14.282978,19.293484,22.336231,25.858305,24.537941,23.042837,18.560863,17.034302,13.792685,13.091242,10.26793,9.054543,9.609508,6.0351524,11.756884,11.668037,14.082853,15.170268,15.551194,15.16916,13.06816,18.29931,16.712183,21.973343,26.338257,28.00238,30.557909,33.47167,35.85275,34.05636,30.932589,27.313128,27.662857,23.65124,22.959917,18.250412,20.051077,15.527112,18.252243,12.821602,16.81182,17.890818,20.683651,18.339977,24.03356,24.321741,25.737408,28.956009,27.213444,31.489346,35.017403,34.14988,31.040628,33.830006,31.15788,34.786148,37.369896,36.74563,36.143173,32.836193,33.90798,33.502438,28.978558,30.20831,27.419987,28.14826,26.639711,26.363161,27.948627,25.56892,29.656773,29.009703,28.222946,30.046305,28.44835,24.29332,23.025377,18.70298,18.505203,13.810732,15.971051,15.536689,18.41217,21.430944,21.792322,24.870077,25.255941,24.895472,23.73387,20.917286,19.031397,18.170301,15.617952,16.464087,19.897575,19.617685,24.634293,23.477968,27.636662,28.585873
5,14.152507,11.887028,8.94052,7.1685457,3.7277281,0.0,5.3239555,5.1641755,10.284481,11.453443,16.879389,20.148813,23.337996,22.69194,21.576593,17.335472,15.817231,13.3991785,12.265342,10.79246,9.406227,11.693153,7.982123,13.920645,12.640247,15.325142,15.6448145,14.904606,14.026162,11.226567,16.866175,14.459721,20.36201,24.05897,26.432602,28.496063,31.54598,34.060726,32.029076,29.278244,25.861279,25.369537,21.557842,20.402931,15.475196,17.731977,13.172003,16.319551,11.088965,15.088488,15.691562,17.994987,15.086792,21.039341,20.927427,22.7186,25.887888,24.574215,28.921555,32.486355,32.060146,29.07723,32.356663,30.064398,33.893925,36.83188,36.60831,36.465725,33.48834,34.703716,33.990227,29.646746,30.665047,27.379412,28.30597,26.242226,26.18873,27.28767,24.685507,28.738451,27.561773,26.286932,28.3257,26.451523,22.44446,21.652185,16.770784,17.525614,13.253376,15.446902,15.7118025,18.104763,21.668247,21.27616,24.896898,25.346899,24.566065,23.964254,20.571136,19.567492,18.19987,16.70024,18.519024,21.236801,20.40897,25.315166,23.212954,27.463493,27.826765
6,16.30638,13.133237,11.8017,8.023576,5.9096804,5.3239555,0.0,6.3070655,7.03651,9.898731,13.765963,17.289345,20.535358,18.900064,17.602688,12.8611145,12.125718,9.180418,9.71025,8.494851,9.644466,11.051391,10.280349,15.812135,15.605239,19.118797,19.26955,19.424957,17.712067,14.323452,19.455902,15.681162,21.475386,24.230545,25.90343,28.433664,30.92016,33.897106,32.36992,29.509027,26.335756,26.4138,23.34317,21.646101,17.800404,21.139141,16.835484,20.705305,15.890724,20.168818,20.76509,22.641354,18.998959,24.998217,23.751429,25.634193,28.320423,26.864323,31.15038,34.118664,34.012264,31.332441,34.194134,31.740099,35.775696,38.39011,38.471935,38.06449,34.752007,35.208195,34.021748,29.56404,29.826132,26.550053,26.573475,24.470404,23.606096,24.55797,21.695292,25.402147,24.219807,24.012413,26.390303,25.187517,21.20076,20.941454,16.2051,17.772146,14.259057,17.38825,18.169903,21.370893,25.055862,25.1942,28.782616,28.490704,27.494608,26.475006,22.652683,21.529596,19.018555,17.152817,18.613485,20.870035,20.247198,25.868671,23.779165,27.815306,28.433107
7,19.30804,16.928148,14.074798,11.713046,8.563018,5.1641755,6.3070655,0.0,6.798784,6.6043973,12.640235,15.705815,18.626417,18.675344,17.95457,14.326946,12.745577,11.725368,10.229086,10.952951,10.256063,13.989489,11.580407,17.173464,15.178153,18.634453,17.827406,16.449059,14.275266,10.328241,15.74099,11.418235,17.973558,20.22765,23.217812,24.80093,27.77376,30.620234,28.525444,26.231236,23.246696,21.927708,18.851936,16.78392,12.34777,15.966151,11.829665,15.998293,11.931007,15.945196,16.173975,17.206259,13.015735,18.98688,17.469269,19.625202,22.363522,21.43663,25.789387,29.01874,29.311447,26.70091,30.322237,28.469572,32.624657,35.818375,36.29713,36.631145,33.96484,34.99206,33.659626,29.58518,29.99836,26.107645,26.976109,24.191994,24.225916,24.605228,21.720957,25.583075,23.775858,22.073458,24.427896,22.41615,18.666864,18.736855,13.262476,15.723404,12.708689,15.264651,16.738527,18.887472,23.107428,22.13149,26.330952,26.317192,24.854874,24.752613,20.447586,20.588665,18.028254,17.830631,20.66605,22.182482,20.736727,25.642746,22.325981,26.494104,26.173428
8,23.119738,20.113071,18.337845,14.424561,12.504626,10.284481,7.03651,6.798784,0.0,4.649598,6.7938023,11.300412,13.700799,12.768707,12.373089,8.149627,8.552186,8.361991,9.310389,11.447059,13.345404,16.165365,16.100624,21.418375,20.36969,24.406668,23.571842,22.904356,20.152245,15.879936,20.471352,14.619736,20.761011,21.121197,23.46961,25.316793,27.454924,31.016537,29.536623,27.409088,24.997429,23.996656,22.200403,19.262634,16.56315,21.279669,17.691387,22.297329,18.634022,22.684502,22.67986,23.293665,18.505087,24.294365,21.33124,23.779993,25.728268,24.970484,29.097088,31.459385,32.43381,30.348734,33.588047,31.753464,36.140285,39.027905,39.998165,40.16609,37.247215,37.42537,35.442734,31.380386,30.759296,26.763735,26.492512,23.410616,22.409729,22.148478,18.730371,21.84508,19.451069,19.15271,22.283375,21.181467,17.773802,19.089878,13.8335,17.865376,16.15971,19.529068,21.519041,24.326761,28.633692,28.076876,32.25576,31.568844,29.84948,29.423931,24.6756,24.835434,21.071423,20.717459,23.226976,24.070963,22.763224,28.287252,24.78948,28.586386,28.343306
9,25.357052,22.547176,20.293592,17.2309,14.282978,11.453443,9.898731,6.6043973,4.649598,0.0,7.17894,9.257312,12.130196,12.56339,12.240266,9.80966,8.417043,9.774778,8.7427435,12.081029,13.027619,17.015886,16.629604,21.585806,19.696121,23.94209,22.33731,21.213472,17.848022,13.366566,17.356651,10.868128,17.069319,16.813517,19.83166,21.1637,23.549961,27.030506,25.2967,23.469883,21.255695,19.592707,18.096996,14.82778,12.585509,17.742561,14.750591,19.605852,16.945457,20.879547,21.05527,20.884693,15.803663,20.950644,17.420897,19.600092,21.292778,20.556568,24.607775,26.877655,28.072987,26.151325,29.612064,28.12087,32.58261,35.70943,37.03194,37.635777,35.1266,35.519157,33.346962,29.610058,28.980392,24.600784,24.879099,21.358036,21.06876,20.452942,17.1713,20.493984,17.90865,16.259,19.206287,17.528688,14.246008,15.825077,10.215419,15.066408,14.212105,17.271696,19.848007,22.150295,26.72112,25.709227,30.156109,29.288246,27.188961,27.23778,22.130316,23.15316,19.104666,19.912039,23.288076,23.409225,21.556719,26.552858,22.23894,25.974813,25.133677
10,29.815699,26.810219,25.036644,20.960981,19.293484,16.879389,13.765963,12.640235,6.7938023,7.17894,0.0,7.5673847,7.5378027,7.630764,9.083823,7.085979,9.429518,11.804342,13.16221,16.690857,19.015808,22.070608,22.604263,27.646612,26.363947,30.640322,29.305847,28.313456,25.02292,20.540003,24.277548,17.441515,22.992163,20.897848,23.499525,24.640482,26.101917,30.196089,28.980314,27.662952,26.178991,24.40792,24.077208,20.239676,19.120338,24.52483,21.796072,26.590582,23.875002,27.59034,27.191315,26.883686,21.580246,26.71333,22.336388,25.112028,26.137098,26.06166,29.7584,31.291862,33.295456,31.896206,35.21818,33.940994,38.48031,41.42576,43.128254,43.671947,41.047085,40.857246,38.230625,34.59506,33.153454,28.809677,28.079624,24.37843,23.103443,21.638712,17.923933,19.875473,16.166386,16.25779,20.166239,19.527351,17.209719,20.095675,15.293187,20.87039,20.702547,24.03286,26.670347,29.225191,33.77228,32.874077,37.30668,36.269817,34.088852,34.00421,28.783918,29.7287,25.214043,25.73143,28.633713,28.524876,26.900042,32.19963,27.898233,31.241774,30.387724
11,33.39031,30.129267,28.666008,25.24297,22.336231,20.148813,17.289345,15.705815,11.300412,9.257312,7.5673847,0.0,5.6008477,5.4452066,5.441397,8.038224,7.3188977,11.648296,11.754402,16.393795,18.742966,22.142122,23.832546,27.776726,26.347498,31.242853,29.032913,28.640287,24.422138,20.10672,22.146603,15.1496105,18.904709,15.44226,17.057537,18.374596,19.172184,23.451683,22.804071,21.534498,20.668201,19.616486,20.455372,16.653875,17.775318,23.353165,21.646149,26.644348,25.068676,29.047132,29.53139,28.61766,23.38247,27.241606,22.326353,23.757343,23.985956,23.038063,26.16877,26.734375,28.738844,27.849869,30.376772,29.189972,33.709915,36.32699,38.59119,39.279896,36.90564,36.25577,33.062054,29.957941,27.841303,23.303965,22.422688,18.30262,17.279484,15.049845,11.471523,13.21355,9.348608,8.713416,12.660679,12.466734,10.715135,14.422295,11.083475,17.089262,18.772057,21.965149,25.23695,27.799768,32.34963,31.709352,36.061123,34.101578,31.500435,31.432966,25.912758,27.532442,22.199282,23.767666,27.244505,25.70983,23.686592,28.414577,23.55148,26.240177,25.080292
12,36.757603,33.66275,31.899517,28.12392,25.858305,23.337996,20.535358,18.626417,13.700799,12.130196,7.5378027,5.6008477,0.0,5.4952197,8.369211,10.862106,12.214151,16.1901,16.86159,21.3076,23.59633,27.035059,28.188032,32.610016,31.004042,35.64232,33.567867,32.554623,28.57358,24.166128,26.513327,19.37009,23.438828,18.927612,21.352777,21.68423,22.228605,26.65521,25.882597,25.452763,25.100475,22.915186,24.270296,19.994663,21.025728,26.674387,25.095037,29.941534,28.448782,31.991236,31.775507,30.54149,25.111086,28.946524,23.469744,25.702778,25.569334,25.693153,28.616638,28.976559,31.818481,31.25585,34.26688,33.57703,38.101376,40.94962,43.455666,44.42058,42.246124,41.68731,38.407566,35.44884,33.23165,28.645329,27.707762,23.49857,22.390034,19.705872,16.23797,16.855679,12.025661,11.774772,16.045399,15.933222,15.248059,19.43811,15.9858055,22.289217,23.823988,26.88177,30.143877,32.394222,37.04811,35.96292,40.501972,38.86637,36.19165,36.437477,30.872602,32.698135,27.525854,29.13507,32.58089,31.264463,29.237934,33.90563,28.83683,31.476936,29.955101
13,35.13034,31.71253,30.680779,26.621012,24.537941,22.69194,18.900064,18.675344,12.768707,12.56339,7.630764,5.4452066,5.4952197,0.0,3.648093,6.870779,9.26278,12.961715,14.793738,18.869017,22.049942,24.622433,26.800276,30.936962,30.094837,34.953358,33.17741,33.010136,29.048779,24.672735,27.164328,20.238155,24.118896,20.712446,21.731186,23.261204,23.482605,27.900944,27.657997,26.422705,25.689186,24.980705,25.863792,22.093182,22.89239,28.471691,26.391466,31.403458,29.253525,33.309444,33.517,32.913723,27.593575,31.942343,27.010477,28.886044,29.12854,28.433674,31.5388,31.947386,34.091934,33.271904,35.637173,34.328094,38.811424,41.196754,43.401222,43.80346,41.148148,40.104202,36.831898,33.61812,31.147429,26.964333,25.26322,21.505093,19.515335,17.175943,13.541127,13.963043,9.753999,11.980159,16.04863,16.857374,15.536034,19.142002,16.172848,21.756521,23.039984,26.513035,29.528265,32.451332,36.9164,36.530083,40.793423,38.86106,36.422195,36.052624,30.660349,31.790546,26.453745,27.292934,30.137175,28.862165,27.247383,32.360245,28.017252,30.576431,29.801647
14,33.562645,29.993835,29.313398,25.453045,23.042837,21.576593,17.602688,17.95457,12.373089,12.240266,9.083823,5.441397,8.369211,3.648093,0.0,5.396949,6.6105685,10.33838,12.249179,16.22279,19.675444,21.932392,24.728155,28.430153,27.882866,32.90576,31.104246,31.475378,27.415821,23.193228,25.426025,18.828072,22.272034,19.634066,19.810286,22.055145,22.248241,26.512997,26.494818,24.724112,23.721708,23.948368,24.549068,21.217463,22.099651,27.502544,25.353235,30.38849,28.153032,32.478092,33.140385,32.77536,27.63827,31.960562,27.404604,28.775066,29.190376,27.847841,30.989676,31.431343,33.034073,32.057457,33.973576,32.31212,36.72695,38.84682,40.881428,41.018723,38.17835,36.937054,33.690662,30.392443,27.866386,23.860409,21.939425,18.399645,16.157955,14.161631,10.4784775,11.394708,8.161418,10.950306,14.544328,15.607699,13.788256,16.845217,14.367774,19.334074,20.687305,24.260242,27.19574,30.402391,34.716236,34.72944,38.790928,36.593693,34.24751,33.578453,28.304876,29.172482,23.735899,24.372692,27.060467,25.596626,24.102419,29.288277,25.27851,27.752516,27.3534
15,28.74707,25.196184,24.606339,20.449959,18.560863,17.335472,12.8611145,14.326946,8.149627,9.80966,7.085979,8.038224,10.862106,6.870779,5.396949,0.0,5.0735517,6.8941245,10.036428,13.127146,16.810633,18.642487,21.051777,25.278442,25.036997,29.766655,28.569971,28.942085,25.444471,21.20432,24.474249,18.165655,22.72002,21.64891,22.325708,24.813633,25.734627,29.750057,29.280664,27.093586,25.3411,25.535751,25.017128,21.926,21.315876,26.486858,23.562878,28.492363,25.39152,29.786793,30.284899,30.552498,25.5787,30.682947,26.83282,28.635235,29.75622,28.47303,32.105793,33.347225,34.536682,33.01696,35.284252,33.304173,37.718792,39.979687,41.43172,41.308765,38.167297,37.27536,34.575546,30.76196,28.927269,25.123896,23.495472,20.410898,18.20682,17.312906,13.682224,15.6528425,13.293325,15.315151,18.684187,19.05701,16.285002,18.403069,14.801281,19.186516,19.118738,22.892412,25.31425,28.731827,32.958042,33.071148,37.057335,35.363598,33.393078,32.51703,27.524265,27.712881,22.846806,22.553825,24.75792,24.372042,23.22689,28.923298,25.508806,28.55051,28.579685
16,27.658272,24.110308,23.420382,20.049253,17.034302,15.817231,12.125718,12.745577,8.552186,8.417043,9.429518,7.3188977,12.214151,9.26278,6.6105685,5.0735517,0.0,4.455645,5.6911902,9.723961,13.074505,15.49831,18.184967,21.843788,21.325867,26.348902,24.676931,25.3571,21.472702,17.38859,20.005308,13.950982,17.933882,17.561525,17.831894,20.720724,21.907183,25.62892,25.121983,22.548296,20.528303,21.322592,20.585573,17.932829,17.69357,22.671116,20.036896,24.988619,22.349897,26.91915,28.023188,28.156256,23.411758,27.98843,24.407934,25.432472,26.581831,24.62905,28.20206,29.464863,30.167463,28.544785,30.504848,28.358421,32.73477,34.932713,36.36371,36.27493,33.218067,32.424545,29.730667,25.957178,24.283377,20.314737,19.130795,15.936932,14.307112,13.820954,10.369225,13.554203,12.127316,12.84229,15.499923,15.479187,12.122046,13.568743,10.207277,14.188089,14.546684,18.286627,20.931904,24.357481,28.570837,28.823227,32.740803,30.726233,28.653387,27.763912,22.693743,23.093079,17.985039,18.178099,20.91333,19.997269,18.548542,24.065416,20.449232,23.509764,23.553537
17,23.846756,20.155155,19.988918,16.624346,13.792685,13.3991785,9.180418,11.725368,8.361991,9.774778,11.804342,11.648296,16.1901,12.961715,10.33838,6.8941245,4.455645,0.0,4.534982,6.361495,10.500988,11.85775,15.010411,18.653212,18.842045,23.70377,22.621595,23.853527,20.506401,16.750671,19.930763,14.889382,19.066454,20.370888,20.34755,23.672375,25.138103,28.494102,27.915916,24.858942,22.260479,23.667763,22.003279,20.0061,18.725729,23.095167,19.868477,24.547363,21.142925,25.887321,27.197334,28.035234,23.71929,28.72204,26.00911,27.00576,28.691944,26.470797,30.264687,32.006203,32.096428,30.052378,31.86345,29.27389,33.475178,35.497124,36.324192,35.78554,32.3473,31.631214,29.444693,25.25815,24.122849,20.697212,19.529253,17.177551,15.407287,16.046589,13.091882,16.541262,16.009575,16.986862,19.182592,19.065432,15.308461,15.548682,12.242047,14.533766,13.484728,17.35943,19.30601,23.159925,27.053844,27.783163,31.37969,29.578167,27.958496,26.607628,22.042118,21.50327,16.99968,15.935784,17.890081,17.89262,17.010765,22.957445,20.376844,23.689074,24.432253
18,23.601286,20.174726,19.44505,17.010746,13.091242,12.265342,9.71025,10.229086,9.310389,8.7427435,13.16221,11.754402,16.86159,14.793738,12.249179,10.036428,5.6911902,4.534982,0.0,4.7997437,7.4624214,10.432877,12.966099,16.302187,15.691677,20.796328,19.100279,20.22617,16.464985,12.747082,15.469756,10.626262,14.639478,16.742237,16.95566,20.229849,22.175268,25.183447,24.299805,21.10099,18.212444,19.65173,17.622885,15.996008,14.758952,18.914696,15.972766,20.665176,17.82756,22.60152,24.319082,24.882578,20.772633,25.228449,22.760132,23.191233,24.938885,22.341185,26.122898,28.036915,27.816023,25.641245,27.494543,24.916561,29.139463,31.355217,32.210026,31.934437,28.749208,28.441393,26.328876,22.225462,21.505964,17.726051,17.50529,14.908295,14.250796,15.093145,12.5204735,16.696365,16.40004,15.810398,17.421814,16.57718,12.457636,11.925392,8.377482,10.161955,9.219735,13.071926,15.39571,19.038933,23.104998,23.648367,27.36841,25.452236,23.645555,22.539143,17.736988,17.677526,12.987101,12.814167,15.800864,15.371965,13.895561,19.540071,16.3872,19.952091,20.423254
19,19.719816,16.175846,16.149635,14.215046,10.26793,10.79246,8.494851,10.952951,11.447059,12.081029,16.690857,16.393795,21.3076,18.869017,16.22279,13.127146,9.723961,6.361495,4.7997437,0.0,4.6532907,5.7937593,9.358909,12.342725,12.778048,17.694786,16.738663,18.763288,15.803735,12.895414,15.974929,13.009786,16.646894,20.40113,20.195148,23.8024,25.901611,28.461182,27.57404,23.955767,20.586708,22.723318,19.819422,19.069517,16.900515,20.010687,16.577885,20.659388,17.054676,21.919107,23.99247,25.36309,21.958452,26.62758,25.217442,25.497757,27.73665,24.860426,28.720623,31.052422,30.13074,27.554893,29.10576,26.057966,29.944517,31.875864,31.987263,31.161755,27.560879,27.378277,25.9456,21.447361,21.471561,18.506176,18.388193,16.887651,16.177979,18.024387,15.996018,20.179838,20.57503,20.37021,21.604359,20.804094,16.6022,15.029515,12.162302,11.637544,8.81258,12.464092,13.623421,17.796204,21.299086,22.539434,25.733686,24.044409,22.862465,21.142975,17.188517,15.810341,12.213856,10.143459,12.043584,12.962018,12.30812,18.275135,16.640617,20.335247,21.653421
20,18.161367,15.172532,14.410334,13.847527,9.054543,9.406227,9.644466,10.256063,13.345404,13.027619,19.015808,18.742966,23.59633,22.049942,19.675444,16.810633,13.074505,10.500988,7.4624214,4.6532907,0.0,5.185777,6.1045914,9.039836,8.377364,13.4415,12.171294,14.177573,11.37079,9.050925,12.243277,10.92524,14.446644,19.586061,19.961372,23.19666,25.886574,27.919077,26.555073,22.91059,19.159254,21.027971,17.256382,17.260492,14.286681,16.385576,12.888294,16.494322,12.987314,17.820673,20.353567,21.854147,19.104906,23.35168,22.828878,22.692013,25.300858,22.237154,26.142395,28.989809,27.58834,24.662739,26.441914,23.382442,27.10787,29.317488,29.08865,28.46328,25.108805,25.724724,24.811424,20.372122,21.345697,18.388758,19.439985,18.046381,18.389229,20.364647,18.683704,23.145506,23.500216,22.18489,23.02451,21.511621,17.264202,14.936776,11.993749,10.031329,5.545093,8.627473,9.341279,13.356662,16.907711,17.995108,21.226254,19.880585,18.841768,17.322926,13.591238,12.144674,9.572944,7.768078,10.565583,12.066964,11.059885,16.332075,14.697918,18.773088,19.925552
21,16.169992,12.846926,13.723672,13.391022,9.609508,11.693153,11.051391,13.989489,16.165365,17.015886,22.070608,22.142122,27.035059,24.622433,21.932392,18.642487,15.49831,11.85775,10.432877,5.7937593,5.185777,0.0,6.255708,7.2859716,9.419507,13.72367,13.689447,16.960526,15.172104,13.774325,16.544853,16.019651,18.7669,24.138275,23.604692,27.36932,29.70246,31.628529,30.66614,26.694067,22.902788,25.678253,21.934204,22.250998,19.42802,21.087875,17.56451,20.553974,16.612116,21.210503,23.844433,25.970016,23.640524,28.037685,27.891605,27.743788,30.41143,27.175287,30.954517,33.69871,31.923748,28.951643,30.08944,26.616741,29.958206,31.553488,30.753433,29.358664,25.442923,25.628424,25.173761,20.461758,21.619629,19.681831,20.081974,19.723106,19.420914,22.076418,20.705675,24.936932,25.946032,25.606579,26.321358,25.365307,21.149727,18.581327,16.47249,13.8673725,9.734244,12.176821,11.605078,16.014343,18.503618,20.629204,22.972233,21.571798,21.223448,18.845547,16.283983,13.355287,11.83231,7.648751,7.6285663,10.769067,11.2019615,16.678316,16.941933,20.568544,22.674809
22,12.494442,10.079397,9.138763,10.352261,6.0351524,7.982123,10.280349,11.580407,16.100624,16.629604,22.604263,23.832546,28.188032,26.800276,24.728155,21.051777,18.184967,15.010411,12.966099,9.358909,6.1045914,6.255708,0.0,5.9502482,5.9809027,9.26928,9.989128,12.055963,11.561482,10.734033,14.726804,15.146141,18.890823,24.676708,25.567652,28.48161,31.480848,33.238876,31.550991,27.992205,24.060974,25.466677,20.98997,21.42207,17.157106,17.89082,13.870774,16.066927,11.36024,15.635823,18.133036,20.784935,19.175886,23.71072,24.593874,24.783188,27.993933,25.313272,29.313438,32.812405,31.074942,27.775793,29.851595,26.785091,30.062323,32.32643,31.295881,30.438763,27.065067,28.352398,28.360828,23.87753,25.742002,23.413687,24.735294,23.837454,24.19182,26.385765,24.703018,29.108555,29.324247,28.054905,29.03332,27.316195,23.098925,20.706491,17.522196,15.283156,10.0997305,11.479393,10.171026,13.460546,16.043821,17.241743,19.86268,19.802677,19.71513,18.102936,15.889574,13.32218,13.40325,10.415874,11.302299,14.976028,14.804787,19.245365,18.879675,22.932634,24.321772
23,14.536494,12.701588,13.102184,15.38486,11.756884,13.920645,15.812135,17.173464,21.418375,21.585806,27.646612,27.776726,32.610016,30.936962,28.430153,25.278442,21.843788,18.653212,16.302187,12.342725,9.039836,7.2859716,5.9502482,0.0,4.6739774,7.2019787,8.1465,12.6221285,12.591357,13.459929,15.405031,17.848034,19.624868,26.489613,26.334055,29.65961,32.531918,33.629517,32.221924,28.236895,24.12972,26.808334,22.137848,23.657917,20.13771,19.77402,16.647606,17.870708,14.354251,18.047539,21.413744,24.037788,23.247908,26.709515,28.166615,27.375189,30.473164,27.031996,30.582851,33.92405,31.271711,27.869402,28.912453,25.359676,27.985815,29.598194,27.83526,26.343063,22.695147,24.110935,24.885141,20.468319,23.162706,21.848694,23.541052,23.669756,24.413532,27.2921,26.38304,30.822819,31.938967,30.631063,30.841852,29.256239,25.151878,21.803585,20.08348,15.981432,11.192958,11.284201,8.501849,11.969608,13.028846,15.766182,17.118567,16.5407,17.205296,14.661329,14.049729,10.006659,12.008585,7.9547305,7.2646265,11.801825,12.398836,15.706533,17.194118,20.739311,22.943375
24,16.20424,14.747151,13.602452,15.952031,11.668037,12.640247,15.605239,15.178153,20.36969,19.696121,26.363947,26.347498,31.004042,30.094837,27.882866,25.036997,21.325867,18.842045,15.691677,12.778048,8.377364,9.419507,5.9809027,4.6739774,0.0,5.3491874,4.332657,8.218256,7.9767737,9.423718,11.3606205,14.551969,16.475607,23.489338,24.15936,26.885603,30.137472,31.111967,29.267618,25.603567,21.4988,23.332298,18.364433,20.04205,16.158173,15.247219,12.265128,13.228072,10.156103,13.85987,17.491924,19.758017,19.165567,22.186808,23.905848,22.936464,26.140743,22.829285,26.415205,30.040483,27.477297,23.9717,25.61317,22.424313,25.226313,27.451183,26.01228,25.270168,22.240238,24.277142,24.81855,20.70271,23.44219,21.424526,23.785173,23.24267,24.57104,26.988804,25.947824,30.514196,31.169947,29.035387,29.2399,27.139217,23.150454,19.882719,17.786127,13.831422,8.897529,8.101772,5.247443,8.012395,10.083544,11.79487,14.058143,13.870413,14.076849,12.448315,11.17599,8.325501,10.495432,8.521686,10.293789,13.32676,12.801598,15.584103,15.63406,19.515446,20.898542
25,15.00278,14.871682,13.547374,17.33193,14.082853,15.325142,19.118797,18.634453,24.406668,23.94209,30.640322,31.242853,35.64232,34.953358,32.90576,29.766655,26.348902,23.70377,20.796328,17.694786,13.4415,13.72367,9.26928,7.2019787,5.3491874,0.0,4.3932095,7.626178,10.323637,13.016,14.755151,18.915545,20.695175,27.890627,28.90247,31.287558,34.739635,35.391487,33.304573,29.819262,25.73582,27.164085,21.908861,23.937391,19.53911,17.403494,14.723723,13.90404,11.029207,13.086091,16.781132,19.749323,20.528744,23.068357,26.044672,25.086554,28.594658,25.609306,29.010143,33.043793,30.160482,26.477835,28.238325,25.23579,27.42729,29.643423,27.517921,26.722057,24.01995,26.746672,28.065973,24.241583,27.586582,26.01673,28.632082,28.347292,29.797047,32.293854,31.294645,35.86264,36.448208,34.16856,34.36674,32.077866,28.18309,24.892498,22.741547,18.807676,14.058812,12.559679,9.16629,9.663624,9.704844,11.315917,12.3164,13.838289,15.135307,13.792797,14.355512,11.364617,15.163514,13.182281,13.7556095,17.441607,17.323736,19.014133,19.836567,23.407299,24.782278
26,18.618803,17.905737,16.2737,19.248968,15.170268,15.6448145,19.26955,17.827406,23.571842,22.33731,29.305847,29.032913,33.567867,33.17741,31.104246,28.569971,24.676931,22.621595,19.100279,16.738663,12.171294,13.689447,9.989128,8.1465,4.332657,4.3932095,0.0,5.551636,6.7785053,10.130631,10.666936,15.657551,16.649998,24.05427,25.059742,27.270716,30.784521,31.230154,29.085693,25.649818,21.59693,23.065617,17.794842,20.196146,16.309008,13.895058,11.856444,11.215641,9.658246,12.130841,16.292725,18.357332,18.818321,20.67936,23.316587,21.759193,25.05207,21.68966,24.941816,28.847557,25.834576,22.166931,23.864855,20.9058,23.238977,25.670387,23.910484,23.53428,21.117943,23.980898,24.966286,21.362326,24.646324,22.751652,25.790232,25.273518,27.1792,29.498266,28.688725,33.26921,33.894943,31.134626,31.030628,28.566023,24.854706,21.379335,19.647757,15.33507,11.116698,8.808265,5.4796176,5.294479,6.428294,7.8425746,9.875441,10.526157,11.165541,10.206806,10.171451,8.021953,11.819229,11.2313,13.2523775,15.663469,14.860322,16.080137,16.100471,19.703587,20.703835
27,19.703716,19.431475,16.528162,19.390053,15.551194,14.904606,19.424957,16.449059,22.904356,21.213472,28.313456,28.640287,32.554623,33.010136,31.475378,28.942085,25.3571,23.853527,20.22617,18.763288,14.177573,16.960526,12.055963,12.6221285,8.218256,7.626178,5.551636,0.0,5.0047736,8.616494,10.070379,14.705948,16.741196,23.32317,25.70051,26.97487,30.854921,31.429626,28.715998,25.980583,22.21434,21.92246,16.570314,18.545353,13.7377205,10.488519,8.476425,6.3492312,5.4404564,6.7097106,11.033571,12.936198,14.111322,15.631628,19.045195,17.869398,21.513952,19.0253,22.448166,26.886984,24.464806,20.779615,23.755573,21.65032,24.204655,27.427195,26.206879,26.715788,25.01047,28.167572,28.788294,25.463306,28.398418,25.801676,28.99102,27.696173,29.737555,31.431442,30.215714,34.74707,34.597984,31.25714,31.52429,28.591671,25.096668,22.318443,19.665405,16.731619,12.863839,10.67998,9.007118,6.944317,9.164302,7.168349,10.695053,12.767658,12.712345,13.465088,12.485491,12.329622,14.930683,15.491698,18.209564,20.272018,18.934023,20.29062,18.81259,22.576227,22.526157
28,21.82556,20.66295,18.016434,19.72847,15.16916,14.026162,17.712067,14.275266,20.152245,17.848022,25.02292,24.422138,28.57358,29.048779,27.415821,25.444471,21.472702,20.506401,16.464985,15.803735,11.37079,15.172104,11.561482,12.591357,7.9767737,10.323637,6.7785053,5.0047736,0.0,4.4959354,5.289267,9.966156,11.836784,18.452168,20.734205,22.110386,25.933064,26.682507,24.076715,21.239395,17.460567,17.329987,12.0253725,13.939627,9.668593,7.354389,5.3522635,6.0485024,6.0570703,9.254679,13.08044,13.757225,13.236622,14.869842,16.743715,15.177174,18.462088,15.375521,19.008766,23.085897,20.888988,17.324432,20.276201,18.081886,21.262423,24.599573,24.118137,24.83548,23.052866,25.708704,25.612392,22.290554,24.67064,21.580965,24.761019,23.09995,25.283466,26.744644,25.57866,30.072191,29.949842,26.42358,26.555893,23.617968,20.153751,17.363111,14.867157,11.947651,8.676275,6.4555807,6.492657,5.3104053,9.644272,7.9426093,12.384696,12.541287,11.230029,12.048748,9.09976,10.194169,11.088322,12.844188,16.64952,17.58315,15.664476,17.389534,14.734239,18.683943,18.287844
29,21.715303,19.981539,17.237387,17.779108,13.06816,11.226567,14.323452,10.328241,15.879936,13.366566,20.540003,20.10672,24.166128,24.672735,23.193228,21.20432,17.38859,16.750671,12.747082,12.895414,9.050925,13.774325,10.734033,13.459929,9.423718,13.016,10.130631,8.616494,4.4959354,0.0,5.81091,6.398364,10.583811,16.02417,18.729818,20.168348,23.86307,25.331852,22.82256,20.109312,16.50618,15.858257,11.118165,11.572193,6.81679,7.511829,3.928965,7.9820285,6.5012317,10.795241,13.531885,13.869053,11.5841875,14.603819,14.890022,14.2406435,17.336521,14.654483,18.755167,22.512424,21.258749,18.056343,21.356956,19.324123,23.10951,26.48764,26.654278,27.382475,25.341827,27.304932,26.509916,22.956835,24.49576,20.830017,23.41297,21.147137,22.901562,23.947407,22.317814,26.744802,26.173082,22.81583,23.461962,20.613228,16.961306,14.898447,11.288597,10.00879,6.819289,6.7031856,8.428184,9.162868,13.756621,12.354873,16.83116,16.473429,14.720652,15.261354,11.044597,12.330713,11.034836,12.812603,16.94591,17.586872,15.466589,18.447788,14.886196,19.07236,18.445765
30,26.228485,24.550108,22.247984,23.166546,18.29931,16.866175,19.455902,15.74099,20.471352,17.356651,24.277548,22.146603,26.513327,27.164328,25.426025,24.474249,20.005308,19.930763,15.469756,15.974929,12.243277,16.544853,14.726804,15.405031,11.3606205,14.755151,10.666936,10.070379,5.289267,5.81091,0.0,7.1519876,6.7011786,13.7276125,15.759645,17.029484,20.847717,21.414484,18.866037,15.961562,12.225597,12.427268,7.16443,9.821605,7.731183,6.400507,6.77162,8.87638,10.574485,13.564182,16.947496,16.403072,14.945386,15.602841,15.970974,13.403461,15.848427,11.776931,15.179149,18.681276,16.422415,13.05348,15.7425,13.585944,17.305855,20.791115,21.190126,22.361666,20.8966,23.170465,22.343523,19.45229,21.284298,17.725672,21.218285,19.204222,21.912203,23.051762,22.240633,26.590265,26.65426,22.616035,22.216606,19.1505,16.034103,12.9860115,11.563995,8.256809,7.489207,4.990733,7.5487447,6.800552,11.314597,9.874993,14.253901,12.710393,10.115646,11.359093,6.6174426,9.967217,8.870618,12.651403,17.338995,16.587091,13.972388,15.189222,10.952388,14.720343,13.555586
31,26.777132,24.451202,22.074694,21.381708,16.712183,14.459721,15.681162,11.418235,14.619736,10.868128,17.441515,15.1496105,19.37009,20.238155,18.828072,18.165655,13.950982,14.889382,10.626262,13.009786,10.92524,16.019651,15.146141,17.848034,14.551969,18.915545,15.657551,14.705948,9.966156,6.398364,7.1519876,0.0,6.7724605,10.029811,13.177488,14.413972,17.94394,19.98036,17.64177,15.196534,12.145253,10.979157,7.7670116,6.444787,4.7694273,9.007244,7.822175,12.49245,12.456127,16.246435,18.26542,17.345037,13.687139,16.09636,13.856776,12.991968,14.859429,11.923469,15.925718,18.668646,18.375753,15.937389,19.152906,17.541857,21.917215,25.303154,26.614244,27.723598,25.893606,27.073467,25.210657,22.044056,22.381565,17.92966,20.181095,16.986996,18.864069,19.056847,17.341244,21.519316,20.640661,16.6955,17.31325,14.309861,10.824729,9.592777,5.4957027,6.9490633,7.471261,8.662256,12.1502695,13.314966,18.00739,16.717922,21.225672,19.697294,17.07096,17.779896,12.365697,14.961385,11.228175,14.446274,19.189983,18.165466,15.451247,18.60444,13.385076,17.182451,15.68209
32,31.144304,28.86697,26.982807,26.901085,21.973343,20.36201,21.475386,17.973558,20.761011,17.069319,22.992163,18.904709,23.438828,24.118896,22.272034,22.72002,17.933882,19.066454,14.639478,16.646894,14.446644,18.7669,18.890823,19.624868,16.475607,20.695175,16.649998,16.741196,11.836784,10.583811,6.7011786,6.7724605,0.0,7.91513,9.100332,10.6211815,14.239431,15.012057,12.845791,9.604916,5.9425726,7.422442,4.4040146,6.623037,9.124684,10.555242,11.749805,14.829802,16.529856,19.71305,22.53916,21.25152,18.668587,19.04177,17.284765,14.409653,15.287887,10.618236,13.311205,15.181339,13.53934,11.237816,12.999897,11.060483,15.548166,18.777588,20.58878,22.052399,20.77883,21.952236,19.833916,17.512524,17.945677,13.579927,16.960598,14.191034,17.373112,17.840889,17.449844,21.433199,21.71125,17.201216,16.10353,13.027719,10.463554,7.2497144,8.06849,5.5555663,9.174129,8.500496,12.154464,12.600036,16.57195,15.777447,19.651949,16.827848,13.616818,14.563577,9.106832,13.161397,9.342798,14.319976,19.33275,16.778439,13.64593,14.77681,8.602889,11.591832,9.214684
33,36.65335,34.109974,31.999092,30.893974,26.338257,24.05897,24.230545,20.22765,21.121197,16.813517,20.897848,15.44226,18.927612,20.712446,19.634066,21.64891,17.561525,20.370888,16.742237,20.40113,19.586061,24.138275,24.676708,26.489613,23.489338,27.890627,24.05427,23.32317,18.452168,16.02417,13.7276125,10.029811,7.91513,0.0,6.3549542,4.7620125,8.45338,10.817371,8.504139,7.6431665,7.523953,4.5468807,7.919635,5.675689,11.470934,14.866659,16.365862,19.986597,21.772982,24.697409,26.479374,24.268154,20.626415,20.771746,16.718576,14.579734,13.649419,10.525421,12.332678,12.216446,13.478427,13.118106,15.410153,15.263286,19.649235,22.85734,25.936586,27.936213,27.125336,27.559465,24.46961,22.82568,21.71739,16.853277,19.04404,15.0119705,17.728395,16.324123,15.581858,18.447174,17.536352,11.819135,10.85075,6.9749026,6.7047005,7.55157,8.405174,11.099205,15.352648,15.909335,19.730614,20.241812,24.344788,22.970428,27.078684,24.44536,21.065876,22.33959,16.989346,20.949326,16.398453,20.972628,25.868826,22.88858,19.785915,21.367908,14.914124,16.68826,13.361973
34,37.961685,35.111862,33.78195,32.690147,28.00238,26.432602,25.90343,23.217812,23.46961,19.83166,23.499525,17.057537,21.352777,21.731186,19.810286,22.325708,17.831894,20.34755,16.95566,20.195148,19.961372,23.604692,25.567652,26.334055,24.15936,28.90247,25.059742,25.70051,20.734205,18.729818,15.759645,13.177488,9.100332,6.3549542,0.0,5.0743823,6.306125,8.30279,8.355855,5.1205964,5.393608,8.863807,11.384877,11.057127,16.10196,18.963316,20.108519,23.672586,25.032225,28.451387,30.845945,29.19676,25.77538,26.219772,22.75588,20.287874,19.544067,15.630436,16.793474,15.828275,15.670335,15.492528,15.34066,14.173123,18.257599,20.30165,23.527094,24.921259,23.791386,23.241558,19.55365,18.281408,16.29944,11.552617,13.480093,9.661169,12.978197,11.887848,12.511459,15.18641,16.039894,11.35537,8.488657,6.3113947,6.367783,5.1696196,10.015042,10.4538765,15.662461,16.348196,19.976088,21.233677,24.794418,24.58083,28.027445,24.431011,21.198792,21.597563,16.600796,20.058155,14.987334,19.474163,23.990833,19.96815,17.006678,18.094048,12.065585,12.643841,9.863479
35,40.713642,38.090508,36.235497,35.19354,30.557909,28.496063,28.433664,24.80093,25.316793,21.1637,24.640482,18.374596,21.68423,23.261204,22.055145,24.813633,20.720724,23.672375,20.229849,23.8024,23.19666,27.36932,28.48161,29.65961,26.885603,31.287558,27.270716,26.97487,22.110386,20.168348,17.029484,14.413972,10.6211815,4.7620125,5.0743823,0.0,4.2224026,6.1030436,4.477013,4.6491284,7.1134586,6.28015,10.879037,9.997729,15.954454,18.621115,20.597275,23.814657,25.995537,28.797956,30.798916,28.461979,25.117222,24.622046,20.689947,18.002157,16.381159,13.101533,13.424407,11.568584,12.742219,13.467671,14.235614,14.544368,18.481493,21.173143,24.920294,27.122082,26.751234,26.766594,23.2519,22.469877,20.834631,16.275642,18.458818,14.672842,17.792612,16.101326,16.312866,18.418034,18.192837,12.527242,10.08046,6.909411,8.698538,9.238657,12.2602005,13.827292,18.69401,18.947504,22.652159,23.056597,26.705519,25.632915,29.31361,26.134745,22.668707,23.907368,18.978655,23.102621,18.577644,23.39493,28.158978,24.44829,21.36994,22.031557,15.729838,16.266508,12.526104
36,43.76075,40.928993,39.35713,38.02025,33.47167,31.54598,30.92016,27.77376,27.454924,23.549961,26.101917,19.172184,22.228605,23.482605,22.248241,25.734627,21.907183,25.138103,22.175268,25.901611,25.886574,29.70246,31.480848,32.531918,30.137472,34.739635,30.784521,30.854921,25.933064,23.86307,20.847717,17.94394,14.239431,8.45338,6.306125,4.2224026,0.0,4.553423,5.866379,6.650513,9.915974,10.477649,15.018813,14.012871,19.888783,22.792515,24.569958,27.939953,29.881475,32.86913,34.854767,32.56724,29.032293,28.72064,24.504417,22.046206,20.175562,17.20618,17.135757,14.453917,15.832231,17.065844,16.875713,17.169306,20.694422,22.69313,26.751242,28.76135,28.37566,27.717928,23.74791,23.392622,20.955103,16.694672,18.100435,14.392384,17.196926,14.927407,15.687012,16.815393,16.957308,11.766715,8.423926,6.7480707,9.949875,11.12153,14.856128,16.572287,21.672543,22.232002,25.906836,26.661045,30.171116,29.447283,32.93941,29.443787,26.037418,26.958574,22.177284,26.02482,21.200096,25.77668,30.2854,26.144186,23.227978,23.838106,17.919415,17.734587,14.356996
