,0,1,2,3,4,5,6,7,8,9,10,11,12,13,14,15,16,17,18,19,20,21,22,23,24,25,26,27,28,29,30,31,32,33,34,35,36,37,38,39,40,41,42,43,44,45,46,47,48,49,50,51,52,53,54,55,56,57,58,59,60,61,62,63,64,65,66,67,68,69,70,71,72,73,74,75,76,77,78,79,80,81,82,83,84,85,86,87,88,89,90,91,92,93,94,95,96,97,98,99,100,101,102,103,104,105,106,107,108,109,110,111,112
0,0.0,4.0699315,7.3453655,10.453455,13.519606,15.143647,19.664696,24.000507,26.01149,29.356415,32.86329,35.417988,35.7337,32.296665,27.36186,27.306337,23.505562,23.983349,18.414307,21.092825,18.535574,19.545881,18.515303,21.127884,23.59205,22.321823,23.931456,22.028267,25.865011,21.81233,29.20457,23.958223,30.123558,28.44674,29.63555,32.461575,29.330875,28.280931,25.453463,23.689835,26.954361,24.145092,28.610615,28.241556,23.825748,28.072304,23.874355,27.687243,27.143562,27.631691,30.748318,30.998466,35.57775,37.484165,37.901554,34.00052,34.420017,35.29004,40.32041,38.95839,35.196224,34.16208,39.469707,40.03916,43.316494,38.56901,36.285587,41.80872,37.89895,35.61976,37.57914,39.886734,37.198277,35.369167,38.423912,37.16697,39.54175,41.81239,41.804893,46.237335,43.046688,47.508396,45.398594,41.232574,37.34089,35.373337,31.91389,31.067774,26.064245,26.538027,26.121479,24.117043,23.52111,21.554049,16.952002,17.461525,12.6074915,12.678191,13.047864,16.215158,18.25081,21.545965,24.815964,26.046873,29.753925,32.51421,31.03776,29.807734,30.731634,24.923922,27.343111,25.76124,29.072779
1,4.0699315,0.0,3.6075914,7.040971,9.81985,11.284122,16.010355,20.017206,22.24401,25.407955,29.042984,31.606981,32.249123,28.678785,23.632082,23.486631,19.727604,20.267416,15.05042,17.79937,15.879101,16.855732,16.57439,19.001068,21.043623,19.891394,20.862514,18.834904,22.426563,18.436275,25.780317,20.524982,26.9061,25.163616,26.750406,29.568268,26.81458,25.846142,22.602682,20.575224,24.137333,21.198606,25.555079,25.131344,21.036024,25.025204,21.316687,24.9797,24.800632,24.743523,27.819525,27.786184,32.511192,34.128067,34.8617,31.080036,31.127436,32.05518,37.015728,35.653183,31.877855,30.611677,35.77742,36.238007,39.49278,34.821957,32.37987,37.83354,33.85993,31.570658,33.516876,35.858482,33.221813,31.42216,34.629868,33.359745,35.946964,38.13451,38.213627,42.61003,39.303204,43.895336,41.89105,37.78818,33.81854,31.981052,28.333746,27.768623,22.891329,23.357727,23.344,21.62506,21.138546,18.542185,14.662074,13.811261,9.878079,9.66982,9.89027,13.094806,14.613145,17.882395,21.1866,22.16002,25.974777,28.64472,27.03559,25.8582,26.717607,20.984325,23.61739,22.2008,25.78211
2,7.3453655,3.6075914,0.0,4.9072876,7.690328,7.8320184,13.078166,16.801813,19.1169,22.352541,25.745779,28.587711,29.423021,26.106953,20.956993,21.11684,17.603941,18.655647,14.257141,17.128014,16.185127,17.056581,17.634405,19.787125,21.300932,20.255672,20.33996,18.026453,21.015648,16.981346,23.747623,18.324194,24.567066,22.367365,24.301952,26.794804,24.274218,23.65055,20.086866,18.084833,22.23896,19.631037,23.823204,23.709406,20.280775,24.067385,21.17903,24.799221,25.13663,24.464535,27.402086,26.891058,31.737259,32.856583,33.982033,30.37402,29.82105,30.618916,35.544495,33.91328,30.034286,28.768982,33.70816,34.112957,37.173363,32.41243,29.99145,35.2689,31.015839,28.84866,30.624355,33.181557,30.570189,29.076956,32.5062,31.422054,34.36921,36.46577,36.736702,41.044518,37.5001,42.31291,40.425438,36.492603,32.420094,30.86989,26.903257,26.88161,22.277975,22.665071,23.173008,21.762403,21.205135,17.7913,14.737361,12.109051,9.423242,7.8846684,7.025501,9.890374,11.091171,14.7295265,17.642641,18.926796,22.548803,25.273893,23.817644,22.773075,24.053913,18.574913,21.522787,20.649357,24.5213
3,10.453455,7.040971,4.9072876,0.0,3.834675,6.5749784,9.265065,14.433605,15.72138,19.34041,22.770247,25.075802,25.301275,21.979626,17.053965,17.57746,14.156075,16.246412,12.126222,15.879457,15.4154215,17.158112,18.013157,19.033716,20.230057,18.586445,18.00691,15.040935,17.524727,13.0708275,19.393042,13.865769,19.96365,18.14888,19.775026,22.697865,20.202864,19.170414,15.689431,13.544101,17.384031,14.866695,19.122334,19.327562,16.209139,20.308075,17.974724,22.219421,23.233183,22.663511,25.199778,24.123919,28.788502,29.626526,30.586172,26.975277,26.175884,26.560396,31.661251,29.643541,25.669762,24.962969,30.094519,30.915743,33.75607,28.619751,26.888422,32.36881,28.388603,26.52861,28.954912,31.726398,29.658953,27.888226,31.98828,30.192236,33.641415,35.139412,35.057755,39.127773,35.138767,39.831497,37.519238,33.835148,29.793507,28.704554,24.476925,25.469322,21.24125,22.347395,23.417118,22.689827,22.922628,19.33305,17.559528,13.255248,12.8388,11.54554,10.044231,11.856271,11.254897,15.550125,17.171707,18.5756,21.990791,24.441544,22.56199,22.1905,22.982641,18.11407,21.809124,20.94089,25.287277
4,13.519606,9.81985,7.690328,3.834675,0.0,5.9990315,6.9884667,11.793115,13.20001,16.32302,20.311825,22.179285,22.78113,18.88517,13.894913,13.929832,10.372021,12.513004,8.942962,12.826196,13.157465,15.044002,16.50857,16.923243,17.589022,15.998255,14.7007,11.619075,13.808079,9.510035,16.100498,10.816823,17.477312,16.204111,18.245592,21.498526,19.68156,18.41828,14.58952,11.823929,15.388908,12.276711,16.302326,16.097517,13.236818,16.885588,15.092828,19.049425,20.439651,19.46022,21.826925,20.500051,25.200058,25.877419,27.015432,23.519575,22.514978,23.04652,28.045126,26.23336,22.349512,21.276808,26.38246,27.138927,30.081423,25.11379,23.193396,28.763199,25.010588,23.085587,25.81646,28.478304,26.639421,24.579952,28.88716,26.731722,30.32529,31.5906,31.401272,35.402412,31.344652,36.01696,33.700066,30.048534,25.997591,25.023748,20.711262,22.047758,18.10782,19.455692,20.93411,20.698652,21.369408,17.630259,17.052324,11.629503,13.113869,12.363391,11.273213,12.739204,10.941643,14.590194,16.18822,16.69267,20.34964,22.434195,20.052101,19.851812,19.944351,15.333828,19.289139,18.326054,22.860582
5,15.143647,11.284122,7.8320184,6.5749784,5.9990315,0.0,6.842761,9.164023,11.793316,14.891692,18.03871,21.217752,22.694344,19.680405,14.424851,15.098064,12.444479,14.667749,12.9218235,15.676935,16.955936,17.71619,19.874365,21.048124,21.317278,20.50692,18.645716,15.960782,17.223608,13.641662,18.558567,13.274892,19.080408,16.221214,19.166695,21.111324,19.640612,19.598387,15.260312,13.053984,18.13916,16.160429,19.542221,19.895039,18.242195,21.1019,20.26871,23.440228,24.893938,22.990377,25.39054,23.827038,28.691608,28.695196,30.627378,27.54796,25.72077,26.27592,30.925354,28.884457,24.958147,23.571604,27.876966,28.15361,30.789316,25.982346,23.60265,28.48054,23.816574,21.946625,23.591608,26.574823,24.27282,23.25398,27.32403,26.324429,30.092096,31.744137,32.27964,36.264393,32.216774,37.35828,35.681232,32.211018,28.04708,27.227034,22.71142,24.05818,20.434605,20.853254,22.565025,22.124226,21.857395,17.189053,16.749174,10.376672,12.149117,9.535776,7.1279364,7.287372,4.9898443,9.361017,10.713714,12.170129,15.46014,18.018959,16.488983,16.026688,17.780758,13.378397,17.21809,17.511812,21.9482
6,19.664696,16.010355,13.078166,9.265065,6.9884667,6.842761,0.0,6.9676905,6.529602,10.615098,13.728379,15.875004,16.365208,13.37761,8.394921,10.295385,8.543752,12.970716,12.746691,16.14513,18.130367,19.808264,22.134024,21.87494,21.605444,20.150497,17.215446,13.823377,13.455862,9.7929735,12.399277,6.9721026,12.2407255,9.766518,12.719763,15.288399,14.3716345,13.837143,9.321683,6.581913,11.639461,10.346769,13.193404,14.369817,14.199412,16.925564,17.67611,21.327799,23.811516,21.973236,23.563486,21.023447,25.404566,24.713923,26.525944,23.666794,21.15563,20.928236,25.723152,22.927256,18.826704,18.420925,22.83192,23.804422,25.933933,20.4372,19.371872,24.46096,20.267757,19.09093,21.84366,25.151043,23.904497,22.525324,27.550148,25.471567,29.955383,30.590229,30.595764,34.07808,29.335104,34.24829,31.962698,29.031498,25.007322,25.078575,20.246052,23.327335,20.621796,22.002802,24.401464,24.864815,25.572266,21.086376,21.904907,14.78163,18.076218,16.198353,13.956266,13.534463,9.974451,13.750064,12.556641,13.934979,16.332016,18.104748,15.901177,16.810797,17.570196,14.8814125,19.448477,19.750988,24.495129
7,24.000507,20.017206,16.801813,14.433605,11.793115,9.164023,6.9676905,0.0,5.1252155,6.01478,9.7364,12.7831545,15.879367,12.822849,8.0621395,8.909795,8.804085,11.953901,14.449621,16.147224,19.528318,20.12351,23.420528,23.346046,22.219692,21.795437,18.014105,15.614765,14.205594,12.634576,13.71172,10.445501,14.622909,11.96157,16.230427,17.591002,18.28346,18.592854,14.014413,11.6539755,16.194588,14.948044,16.30852,16.785313,17.732145,18.582447,20.443102,22.402718,24.971987,21.844322,23.245441,20.517717,24.91231,23.463774,26.37249,24.260027,20.940556,21.305815,25.141506,22.951792,19.378252,17.511848,20.554842,20.540434,22.627495,18.123196,15.612793,19.84863,14.862356,13.42969,15.292396,18.737972,17.307573,16.645943,21.623535,20.344103,25.068892,25.839901,26.542604,29.910063,25.318716,30.663145,29.284605,26.551949,22.530495,22.776114,17.969637,21.125254,19.352098,19.92319,22.857048,23.69059,24.05951,19.063738,21.420448,13.456938,18.567646,16.640833,14.857679,13.533332,9.138678,10.18043,8.521131,7.9828296,10.290528,11.521731,8.949605,10.08501,11.287182,10.095041,14.541894,16.05984,20.541739
8,26.01149,22.24401,19.1169,15.72138,13.20001,11.793316,6.529602,5.1252155,0.0,5.011302,7.26953,9.625979,11.2254095,9.038922,4.9217873,8.279384,9.357382,14.080356,16.548605,18.97299,22.121956,23.421215,26.408337,25.695793,24.608976,23.559961,19.55333,16.599684,14.283677,12.48562,10.890175,7.9526415,10.057326,6.935369,11.352133,12.674097,13.838745,14.147353,9.824502,7.92245,12.225737,12.369106,13.016239,14.69175,16.825804,17.893879,20.629736,23.278193,26.39967,23.731256,24.61557,21.292374,25.164755,23.22291,25.814608,23.824102,20.053457,19.46333,23.486725,20.272995,16.448238,16.052315,19.135027,19.979134,21.312162,15.829993,15.228552,19.457178,14.92374,14.554501,17.226782,20.947487,20.439909,19.703875,25.134762,23.175169,28.249973,28.273891,28.516436,31.411657,26.271004,31.307657,29.322905,27.130589,23.321577,24.288012,19.382713,23.667774,22.27687,23.514805,26.563908,27.647999,28.443607,23.677973,25.826323,17.983276,22.652235,20.617178,18.34884,16.940641,12.632264,14.831024,11.6379,12.563295,13.478208,14.314838,12.074752,14.206814,15.057626,14.833567,19.320068,20.599575,25.1277
9,29.356415,25.407955,22.352541,19.34041,16.32302,14.891692,10.615098,6.01478,5.011302,0.0,5.6505623,7.044514,11.256045,8.269308,5.5985513,6.9320483,9.533436,13.081772,17.311012,18.659328,22.581886,23.426805,26.881187,25.917603,24.20178,23.699064,19.141901,16.94102,13.795808,13.702081,11.087167,10.402912,12.009338,10.420676,14.784894,15.882163,18.01614,18.244675,14.293659,12.290123,15.281816,14.864062,14.459891,15.208362,18.041832,17.63194,21.226845,22.64034,25.906933,22.53671,23.029238,19.50607,23.092745,20.554718,23.829086,22.482058,18.192705,18.041134,21.196226,18.639591,15.456556,13.824625,15.763635,15.953104,17.284819,12.647275,10.978438,14.743116,9.962927,9.617359,12.486665,16.16451,16.133888,15.444764,21.025246,19.01291,24.295563,24.008745,24.448126,27.085722,21.94106,27.111685,25.59717,23.664852,20.001457,21.300709,16.584885,21.24098,20.83087,21.843082,25.249907,26.802105,27.74429,23.07629,26.338387,18.399683,24.10139,22.541567,20.870638,19.446012,15.02286,15.505427,12.79445,11.700881,12.435457,12.136762,9.084411,11.72752,11.488616,13.086592,17.150146,18.791597,22.95358
10,32.86329,29.042984,25.745779,22.770247,20.311825,18.03871,13.728379,9.7364,7.26953,5.6505623,0.0,5.356646,9.393237,9.914844,9.342458,12.097568,14.845557,18.724083,22.66586,24.237194,28.03949,28.886812,32.299564,31.460476,29.830957,29.222054,24.694359,22.304905,19.009539,18.606987,14.541382,14.069003,13.118947,10.2251625,14.414095,13.624195,16.656395,17.949848,14.620914,13.903728,17.057442,18.219044,17.319191,19.148634,22.606544,22.41673,26.31817,28.024456,31.425356,28.127111,28.453594,24.737814,27.92622,24.85418,28.160635,27.153166,22.483074,21.656311,24.39378,21.029837,18.04652,17.629316,18.474491,18.873365,18.895239,14.253408,14.224587,16.264269,11.320308,12.43355,14.029887,18.109833,18.50674,19.037767,24.344433,23.035868,28.410791,27.893444,28.58824,30.68544,25.420622,30.434425,29.0871,27.85521,24.531502,26.293774,21.756613,26.64775,26.441515,27.299839,30.711187,32.1673,32.826405,27.926695,30.940758,22.953157,28.241419,25.986315,23.700354,21.570381,17.278496,17.973547,13.381528,13.903335,12.513368,11.913168,10.5680895,13.867268,15.220886,17.639957,21.369905,23.646881,27.592838
11,35.417988,31.606981,28.587711,25.075802,22.179285,21.217752,15.875004,12.7831545,9.625979,7.044514,5.356646,0.0,6.261742,6.523401,8.807082,11.049109,14.714873,18.514454,23.073591,24.513596,28.430521,29.607618,32.95208,31.381943,29.454163,28.672152,23.857065,21.660852,17.530094,18.09309,11.9959955,13.671689,11.15077,10.590927,13.97984,14.015254,17.67445,18.126879,15.530105,14.666013,15.902812,17.161978,15.0060005,16.708961,21.194374,20.1413,24.991188,26.342022,30.125715,26.962584,26.635393,22.538126,24.950525,21.342278,24.551588,24.057692,19.02101,17.736387,19.919735,16.321768,13.836309,13.91004,14.01055,14.979224,14.3629,9.331041,11.016446,12.906759,9.519079,11.4805155,14.470925,18.02048,19.46603,19.174736,24.736578,22.355282,27.818262,26.455235,26.560667,28.120811,22.530071,27.056074,25.257917,24.60079,21.692673,24.119087,19.8876,25.605534,26.150436,27.53089,31.104097,33.031754,34.296753,29.832104,33.306442,25.40427,31.074764,29.412683,27.456408,25.776833,21.371256,22.087187,18.262377,17.883389,17.16598,16.072977,13.88049,17.176565,16.7393,19.691593,23.37213,25.101091,28.953604
12,35.7337,32.249123,29.423021,25.301275,22.78113,22.694344,16.365208,15.879367,11.2254095,11.256045,9.393237,6.261742,0.0,6.1988444,9.925918,13.37419,16.523495,21.231567,24.712406,27.01618,30.29562,32.13293,34.9782,33.104492,31.57401,30.10143,25.613728,22.844677,18.821638,18.579355,11.302448,13.101058,7.544668,7.8621507,9.416418,9.417099,13.483785,13.619638,12.44208,12.617085,12.400842,15.315887,12.635222,15.738171,20.611273,20.394938,25.21465,27.603481,31.570978,29.245693,28.795681,24.58272,26.641626,23.265366,25.520552,24.759453,20.014471,17.632343,20.375433,15.465426,12.621543,15.204345,16.216082,18.42195,17.393387,11.358472,15.294273,17.70574,15.44918,17.307858,20.691374,24.157413,25.573528,24.892384,30.580748,27.695955,33.09686,31.538313,31.096605,32.553654,26.790373,30.763582,28.100769,27.63725,24.897478,27.449068,23.197338,29.165842,29.29999,31.231554,34.62384,36.438126,37.94153,33.59481,36.37909,28.593,33.572445,31.779621,29.443249,27.924948,23.692202,25.655901,21.48407,22.313425,21.719307,21.242287,19.307318,22.468597,22.240396,24.17688,28.286112,29.537695,33.72323
13,32.296665,28.678785,26.106953,21.979626,18.88517,19.680405,13.37761,12.822849,9.038922,8.269308,9.914844,6.523401,6.1988444,0.0,5.3267765,7.6130147,10.9876,15.381692,19.189678,21.229805,24.609825,26.469494,29.330603,27.22407,25.535532,24.151426,19.543264,16.987997,12.728892,13.122782,5.727503,8.6856575,5.885843,8.252379,10.691189,13.073496,15.796135,14.801686,12.470898,10.954682,10.428443,11.259037,8.561688,10.431459,15.289943,14.525371,19.487268,21.49948,25.46221,23.058844,22.614513,18.43827,20.785933,17.768543,20.092527,19.025555,14.367787,12.548302,15.950714,11.835304,8.337854,9.627975,12.045266,14.206155,14.592714,8.172387,10.821666,14.966047,12.94261,13.803248,18.144972,21.206913,22.382542,20.726076,26.501984,22.974115,28.211576,26.765867,26.037107,27.940128,22.25567,26.386414,23.532207,22.387537,19.331863,21.589678,17.235289,23.168694,23.29999,25.444109,28.80854,30.771677,32.581234,28.585104,31.640244,24.093561,29.391888,28.292637,26.569487,25.645653,21.35223,22.98592,20.223173,19.816608,20.53672,20.126595,17.161266,19.853865,18.37016,19.767208,23.891798,24.530935,28.72768
14,27.36186,23.632082,20.956993,17.053965,13.894913,14.424851,8.394921,8.0621395,4.9217873,5.5985513,9.342458,8.807082,9.925918,5.3267765,0.0,4.5105524,6.7759395,11.791873,14.978238,17.308617,20.590218,22.297684,25.201365,23.672987,22.283932,21.00512,16.633945,13.755516,10.455711,9.617767,6.1184454,5.170897,7.3131337,7.4019175,10.98198,13.7143545,15.220347,14.351711,10.678395,8.139163,9.984944,9.377933,8.985871,10.195877,13.273987,13.5746355,17.231445,19.653387,23.181292,20.671843,21.034746,17.354813,20.826086,18.755764,21.130373,19.250345,15.324053,14.549764,18.690994,15.537617,11.683295,11.329897,14.957337,16.293934,17.848389,12.085658,12.03504,17.014133,13.689671,13.355522,17.29435,20.528065,20.675846,18.965294,24.648853,21.587963,26.672197,26.100376,25.728199,28.428106,23.0979,27.76916,25.269377,23.171425,19.503344,20.80648,15.987782,20.999462,20.14597,22.018417,25.207613,26.767551,28.24974,24.01957,26.666952,19.062532,24.155836,22.973722,21.29152,20.527262,16.295206,18.153015,16.023762,15.659926,17.17991,17.428528,14.33322,16.476294,15.471494,15.561456,19.997694,20.551407,25.031984
15,27.306337,23.486631,21.11684,17.57746,13.929832,15.098064,10.295385,8.909795,8.279384,6.9320483,12.097568,11.049109,13.37419,7.6130147,4.5105524,0.0,4.081233,7.871486,12.292589,13.809087,17.544447,19.048496,22.168684,20.362597,18.55848,17.644878,12.919634,10.68137,6.935374,7.799878,6.2951083,6.7469583,10.657767,11.854273,15.086164,18.170277,19.529202,18.281506,14.651058,11.659434,12.720613,10.351149,10.031767,9.134393,11.656823,10.73732,14.547278,15.946319,19.454231,16.520823,16.808128,13.175397,16.9114,15.11471,17.766144,15.886558,12.146996,12.429723,16.370977,14.546653,11.210578,8.761554,12.82041,13.608949,16.180605,11.431571,9.548937,15.2623625,12.575082,11.353494,15.78811,18.353218,18.45701,15.890396,21.473682,17.854742,22.731428,22.17142,21.614756,24.573406,19.478159,24.185045,21.794071,19.226755,15.373451,16.380377,11.52019,16.52537,15.991257,17.989489,21.294598,23.171835,24.98905,21.146364,24.430796,17.13898,22.799965,22.413944,21.504475,21.233932,17.145004,18.085396,17.387177,15.509119,17.92473,17.888863,14.112026,15.704396,13.175421,13.146633,17.293905,17.296932,21.613401
16,23.505562,19.727604,17.603941,14.156075,10.372021,12.444479,8.543752,8.804085,9.357382,9.533436,14.845557,14.714873,16.523495,10.9876,6.7759395,4.081233,0.0,5.4582696,8.405214,10.579215,13.889171,15.620806,18.521448,16.971958,15.595109,14.4841795,10.224687,7.4862323,5.5011916,4.644656,8.129315,6.151432,12.387043,13.202052,16.136364,19.662228,20.081402,18.562035,14.710525,11.326151,12.889235,9.325438,10.703095,9.237996,9.530902,9.8815775,11.961632,14.015631,17.054441,14.505606,15.537983,12.643326,17.057095,16.449251,18.510653,15.862824,13.346503,14.117057,18.551254,17.169256,13.712414,11.330727,16.11098,16.777586,19.821815,15.316053,13.035494,18.862629,16.055815,14.262866,18.243574,20.610275,19.988792,17.164333,22.335812,18.881918,23.246166,23.322914,22.741695,26.213968,21.597538,26.239254,23.8264,20.624548,16.590889,16.644785,11.838164,15.550764,13.806917,15.910505,18.842659,20.342365,22.139965,18.422342,21.109068,14.15345,19.350908,19.298014,18.681711,18.98257,15.300143,16.643784,17.052418,15.275393,18.539356,19.108828,15.4291315,16.262594,13.954564,12.026797,16.29416,15.613453,20.158672
17,23.983349,20.267416,18.655647,16.246412,12.513004,14.667749,12.970716,11.953901,14.080356,13.081772,18.724083,18.514454,21.231567,15.381692,11.791873,7.871486,5.4582696,0.0,6.381546,6.131763,10.418319,11.44629,14.808713,13.174045,11.1420965,11.0412655,6.5659037,5.958129,5.7249594,7.30489,12.314358,11.436677,17.529825,18.60682,21.5646,25.078043,25.50182,23.923939,20.085876,16.661549,17.930216,13.718236,15.011095,12.177092,11.112482,10.091795,10.989743,10.96204,13.350319,9.907675,11.4412365,9.520934,14.478127,14.84046,17.056854,14.448394,13.018583,15.215613,18.866707,19.138117,16.536652,12.545165,16.858997,16.603296,20.515368,17.532478,13.608525,19.236395,17.07578,14.436779,18.09225,19.464035,18.471537,14.812024,19.227158,15.490141,19.0851,19.626635,19.00466,22.979172,19.18868,23.738077,21.81746,17.899944,13.785959,12.686159,8.301383,10.403727,8.405072,10.564556,13.599249,15.464161,17.667372,14.604205,18.162893,12.182102,17.860876,18.958677,19.466198,20.334768,17.194607,17.22655,19.318422,16.084639,20.104435,20.441113,16.484846,16.41299,12.718219,10.082525,13.371989,11.59666,15.783756
18,18.414307,15.05042,14.257141,12.126222,8.942962,12.9218235,12.746691,14.449621,16.548605,17.311012,22.66586,23.073591,24.712406,19.189678,14.978238,12.292589,8.405214,6.381546,0.0,4.495472,5.7115693,8.128983,10.307961,9.234269,8.95267,7.7616515,6.126367,4.5457263,8.596934,7.0168357,15.160042,12.485417,19.518614,20.299345,22.56267,26.503845,25.77497,23.847685,20.209766,16.810364,18.23152,13.45679,16.345875,13.739622,9.965907,11.548076,8.907073,10.910329,11.972512,10.5720005,13.216462,12.769255,17.611917,19.285376,20.248657,16.740505,16.858553,18.705908,23.05193,23.031435,20.055763,17.250965,22.344261,22.586996,26.417524,22.828066,19.716711,25.496971,23.092384,20.537033,23.866476,25.399551,23.864466,20.466396,24.296875,21.064854,23.891645,25.012848,24.264399,28.44215,25.082613,29.244719,27.002367,22.827963,18.957382,17.184233,13.641614,13.806911,9.684951,11.891401,13.437299,14.11465,16.210144,13.752482,15.205476,10.781595,14.330516,16.05587,16.939978,18.792606,16.670033,17.838968,20.780354,18.619013,23.046572,24.185343,20.716572,20.181889,17.671547,13.189912,16.28608,13.726208,17.826157
19,21.092825,17.79937,17.128014,15.879457,12.826196,15.676935,16.14513,16.147224,18.97299,18.659328,24.237194,24.513596,27.01618,21.229805,17.308617,13.809087,10.579215,6.131763,4.495472,0.0,4.7789955,5.381306,8.749796,7.7328095,6.231052,7.0124226,5.4041133,6.690357,10.005258,10.403524,17.551985,15.831224,22.581545,23.473743,26.114119,29.859219,29.557781,27.791851,24.00591,20.558655,21.948101,17.187164,19.416159,16.260286,13.046711,12.98769,10.7296095,10.184439,10.502704,7.846027,10.954028,11.430096,16.292318,18.28987,19.6273,16.553228,16.97393,19.611126,23.175219,24.129997,21.71167,17.85147,22.269495,21.820164,26.031174,23.479006,19.363869,24.751747,22.72154,19.764193,22.743769,23.586676,21.891804,18.130135,21.239075,18.02809,20.164396,21.645742,21.01463,25.426683,22.752275,26.829409,25.155884,20.679438,16.928331,14.426886,11.609066,10.050466,5.409473,7.4424334,9.099507,10.294407,12.85885,11.018691,13.812963,10.297983,14.608185,17.073717,18.69791,20.549873,18.550121,18.425884,22.123196,18.839394,23.493172,24.274649,20.645807,19.662422,16.277994,11.888349,13.916651,10.602362,14.150109
20,18.535574,15.879101,16.185127,15.4154215,13.157465,16.955936,18.130367,19.528318,22.121956,22.581886,28.03949,28.430521,30.29562,24.609825,20.590218,17.544447,13.889171,10.418319,5.7115693,4.7789955,0.0,3.7892222,4.763992,4.149704,5.1727386,5.112991,7.2397766,8.335093,12.924683,12.2993765,20.349329,18.097744,25.037619,25.994717,28.11749,32.152206,31.221466,29.1716,25.682749,22.339317,23.48742,18.521624,21.37681,18.259655,13.749803,14.824282,10.523323,10.860023,9.736062,9.342344,12.743081,14.1794405,18.583403,21.406975,21.8537,18.352144,19.82474,22.282328,26.110481,27.051151,24.569426,21.322039,26.15891,26.032518,30.23067,27.418907,23.785034,29.322296,27.358162,24.47782,27.45857,28.327662,26.489103,22.796417,25.557512,22.489042,24.08102,25.730116,24.873913,29.276165,26.914486,30.584671,28.644117,24.076914,20.615553,17.85363,15.65895,13.390239,8.430757,10.233021,10.163248,10.215414,12.81808,12.262978,13.091208,11.909576,13.954857,17.12155,19.12808,21.640926,20.409945,20.919395,24.984026,22.322695,27.084785,28.227972,24.8235,23.690289,20.803186,15.872659,17.641773,14.045605,17.043415
21,19.545881,16.855732,17.056581,17.158112,15.044002,17.71619,19.808264,20.12351,23.421215,23.426805,28.886812,29.607618,32.13293,26.469494,22.297684,19.048496,15.620806,11.44629,8.128983,5.381306,3.7892222,0.0,4.1627994,5.8362827,6.0682364,7.9195743,9.490764,11.161139,15.179969,15.003487,22.717052,20.489647,27.478159,28.043522,30.58415,34.30376,33.552563,31.819723,28.0421,24.68427,26.358068,21.526411,24.22603,21.113468,17.091799,17.592642,13.929869,13.16627,11.651568,10.257537,13.817681,15.625331,20.041239,22.74751,23.681778,20.554548,21.801125,24.584173,28.012486,29.27709,26.929003,23.121391,27.452936,26.803452,31.12852,28.830128,24.495815,29.648823,27.52753,24.382816,26.765942,27.294573,25.071121,21.520784,23.556778,21.10911,22.122986,24.367556,23.948683,28.539352,26.70014,30.495426,29.178385,24.497597,21.082022,17.933542,16.116335,12.649798,7.5075517,7.8807664,7.092616,6.558868,9.0457735,8.998996,10.398037,10.426151,12.597101,16.243814,18.829252,21.34425,20.412525,20.015715,24.770977,21.540512,26.444738,27.525284,24.266405,22.661867,19.754534,14.610177,15.460498,11.542458,13.927802
22,18.515303,16.57439,17.634405,18.013157,16.50857,19.874365,22.134024,23.420528,26.408337,26.881187,32.299564,32.95208,34.9782,29.330603,25.201365,22.168684,18.521448,14.808713,10.307961,8.749796,4.763992,4.1627994,0.0,4.5861936,6.950709,8.011741,11.47501,13.038543,17.615845,17.001652,25.11199,22.71429,29.720106,30.474762,32.587173,36.557766,35.39125,33.399506,29.918543,26.652906,27.981482,23.039225,26.04479,22.909895,18.154787,19.242249,14.457696,14.158609,11.717864,12.037217,15.519688,17.866188,21.867523,25.151575,25.396362,22.018414,24.025267,26.685766,30.254112,31.562874,29.232738,25.84413,30.486937,30.111128,34.441074,31.974545,28.028109,33.345737,31.391485,28.32895,30.874006,31.418621,29.231195,25.636278,27.552595,25.00503,25.705877,27.888988,27.186483,31.694996,30.042978,33.46594,31.874414,27.161633,23.988478,20.738794,19.314703,15.69969,10.768698,11.454323,9.7381,8.483466,10.788425,12.02258,11.602911,13.457409,13.758795,17.776165,20.514538,23.439724,22.997326,23.13278,27.937809,25.172396,30.08053,31.353338,28.177908,26.593327,23.88154,18.616318,19.461765,15.53823,17.506737
23,21.127884,19.001068,19.787125,19.033716,16.923243,21.048124,21.87494,23.346046,25.695793,25.917603,31.460476,31.381943,33.104492,27.22407,23.672987,20.362597,16.971958,13.174045,9.234269,7.7328095,4.149704,5.8362827,4.5861936,0.0,3.506707,3.795626,8.190148,10.360542,14.817997,14.927883,22.58281,21.031588,27.655367,29.197247,31.034138,35.32466,34.423054,32.078133,28.882854,25.548779,25.969645,20.852013,23.403484,19.845598,15.112686,15.625824,10.715374,9.841183,7.2105546,8.418554,11.647488,14.182925,17.821894,21.44015,21.221708,17.782728,20.301926,23.011213,26.43386,28.036283,26.02069,22.712746,27.436834,27.324127,31.652786,29.31772,25.77161,31.20957,29.911125,27.03714,30.200523,30.66897,29.06244,25.023447,27.390848,23.93518,24.87637,26.342806,25.046562,29.314745,27.484129,30.517977,28.465237,23.823605,20.852835,17.74963,16.5971,13.509754,9.142087,11.234479,10.326945,10.606295,13.88977,14.787433,15.615547,15.714347,17.311325,20.85671,23.074516,25.706186,24.559027,24.944881,29.06247,26.184237,30.945389,31.9081,28.357513,27.240696,23.830856,19.292362,20.586306,16.64103,18.881744
24,23.59205,21.043623,21.300932,20.230057,17.589022,21.317278,21.605444,22.219692,24.608976,24.20178,29.830957,29.454163,31.57401,25.535532,22.283932,18.55848,15.595109,11.1420965,8.95267,6.231052,5.1727386,6.0682364,6.950709,3.506707,0.0,3.630687,6.150996,9.310413,13.029363,14.176089,21.12107,20.249966,26.63588,28.384441,30.48105,34.67535,34.241768,31.98148,28.664232,25.23993,25.548702,20.45988,22.458986,18.627655,14.65318,14.041117,10.285879,7.831449,5.6717205,5.1442556,8.573997,11.260609,14.986211,18.487658,18.653624,15.532671,17.828041,20.873182,23.895031,25.881485,24.14261,20.3077,24.659826,24.293583,28.715399,26.846346,22.987309,28.23181,27.252003,24.34303,27.561436,27.778486,26.399624,22.150812,24.502838,20.737213,21.678486,22.93573,21.552694,25.808863,24.037909,27.064695,25.16796,20.478806,17.516375,14.294432,13.374543,10.044803,6.0250087,8.683733,8.505078,9.915604,13.63201,14.240866,16.440048,15.532499,18.421267,21.741964,23.840536,26.119556,24.505526,24.418438,28.340433,24.959148,29.626068,30.25435,26.51497,25.500677,21.53315,17.60416,18.750292,14.800983,16.962017
25,22.321823,19.891394,20.255672,18.586445,15.998255,20.50692,20.150497,21.795437,23.559961,23.699064,29.222054,28.672152,30.10143,24.151426,21.00512,17.644878,14.4841795,11.0412655,7.7616515,7.0124226,5.112991,7.9195743,8.011741,3.795626,3.630687,0.0,5.073778,7.3153567,11.552492,12.086528,19.283901,18.282112,24.56413,26.586996,28.248234,32.69153,32.015385,29.491821,26.48212,23.13781,22.985817,17.835072,20.041414,16.292576,11.718677,11.8929205,7.107481,6.3803263,4.927483,6.3414545,9.139702,11.06271,14.73631,18.240417,17.853367,14.235578,16.739506,19.315168,22.867636,24.359102,22.400518,19.289606,24.191961,24.397081,28.610188,26.103516,23.015928,28.60757,27.605728,24.97137,28.611963,29.243364,28.084757,23.89445,26.875856,22.836596,24.374506,25.218609,23.593218,27.63706,25.295856,28.277918,25.777542,21.296766,18.270155,15.629004,14.136959,12.359457,8.65522,11.748421,11.9725685,13.092497,16.514563,16.544746,18.044392,16.489769,19.037193,22.00691,23.675392,25.97539,24.248596,24.941824,28.34424,25.577875,30.11479,30.894154,27.14212,26.475456,22.802383,18.856602,20.748976,17.113562,19.870777
26,23.931456,20.862514,20.33996,18.00691,14.7007,18.645716,17.215446,18.014105,19.55333,19.141901,24.694359,23.857065,25.613728,19.543264,16.633945,12.919634,10.224687,6.5659037,6.126367,5.4041133,7.2397766,9.490764,11.47501,8.190148,6.150996,5.073778,0.0,3.8747218,6.9058504,8.693648,14.999242,14.6455145,20.669405,22.802753,24.823029,29.073137,28.976496,26.65115,23.446323,20.024202,19.909805,14.923802,16.488276,12.622004,9.38255,8.293796,6.220793,5.1074157,6.9641333,5.0928655,7.2031765,7.2340975,11.829242,14.320936,14.83992,11.423269,12.60866,15.269941,18.883482,20.150553,18.112299,14.546835,19.383095,19.554377,23.720669,21.153486,17.962454,23.619604,22.627018,20.112854,24.024652,24.8177,24.014221,19.808592,23.43509,19.060768,21.44674,21.825306,20.263702,24.204504,21.177473,24.612455,22.067307,17.737589,14.258662,12.229863,9.667796,9.763648,7.0164437,10.598824,12.38622,14.306541,17.54338,16.306849,19.02045,15.383327,19.521776,21.733675,22.8589,24.539968,22.064508,22.560177,25.246204,22.261055,26.50321,26.964422,23.02721,22.757982,18.775043,15.679144,18.088207,15.042035,18.360575
27,22.028267,18.834904,18.026453,15.040935,11.619075,15.960782,13.823377,15.614765,16.599684,16.94102,22.304905,21.660852,22.844677,16.987997,13.755516,10.68137,7.4862323,5.958129,4.5457263,6.690357,8.335093,11.161139,13.038543,10.360542,9.310413,7.3153567,3.8747218,0.0,4.9506073,4.9586396,12.247046,11.09337,17.405968,19.375145,21.227625,25.556005,25.234514,22.871763,19.695919,16.293612,16.290243,11.269463,13.34951,9.984721,6.394023,7.042357,5.32941,7.6399026,10.072878,8.939864,10.569977,9.312485,13.848086,15.498725,16.05532,12.425272,12.677844,14.455194,18.872839,19.009922,16.302948,13.64101,19.030363,19.72445,23.495304,19.932058,17.491524,23.443384,21.898108,19.687016,23.760895,25.190216,24.40606,20.61499,24.85885,20.715738,23.804693,24.077986,22.711834,26.499935,22.81586,26.565136,23.738058,19.782791,16.095993,14.861809,11.350565,12.934734,10.1238575,13.298951,15.274422,16.756859,19.487177,17.405333,19.514265,14.8899765,18.869879,20.407171,20.926779,22.431002,19.76535,21.047335,23.086166,20.872429,24.89835,25.605501,21.813196,21.87808,18.631907,15.424861,18.65768,16.209486,20.15666
28,25.865011,22.426563,21.015648,17.524727,13.808079,17.223608,13.455862,14.205594,14.283677,13.795808,19.009539,17.530094,18.821638,12.728892,10.455711,6.935374,5.5011916,5.7249594,8.596934,10.005258,12.924683,15.179969,17.615845,14.817997,13.029363,11.552492,6.9058504,4.9506073,0.0,4.831314,8.168337,8.981398,14.108267,16.720242,18.752596,22.91401,23.422169,21.172894,18.10708,14.811488,14.210882,9.8237915,10.309076,6.728138,6.6160283,4.734037,7.9245405,9.20001,12.863652,10.789561,11.041134,7.8630967,12.003348,12.136202,13.436838,10.457667,8.821078,10.269595,14.728039,14.477629,11.764996,8.785356,14.247018,15.241496,18.753492,15.006325,13.0271225,19.04503,17.894249,16.130861,20.734324,22.315674,22.253826,18.53265,23.39462,18.83129,22.66375,22.140762,20.662283,23.956537,19.565107,23.427988,20.37083,16.968142,13.221634,13.222333,9.035462,13.079597,12.051959,15.142173,17.907005,19.955181,22.635332,20.030895,23.009796,17.235962,22.206102,23.090223,23.063953,23.86305,20.476892,21.562922,22.468111,20.164719,23.551725,23.755526,19.785433,20.543402,16.957523,15.378986,18.9129,17.267344,21.277088
29,21.81233,18.436275,16.981346,13.0708275,9.510035,13.641662,9.7929735,12.634576,12.48562,13.702081,18.606987,18.09309,18.579355,13.122782,9.617767,7.799878,4.644656,7.30489,7.0168357,10.403524,12.2993765,15.003487,17.001652,14.927883,14.176089,12.086528,8.693648,4.9586396,4.831314,0.0,8.511847,6.196296,12.781843,14.523241,16.3071,20.631195,20.29778,17.999273,14.774568,11.382594,11.607103,6.821315,9.34252,7.271779,5.2710867,7.559484,8.209081,11.865511,14.81966,13.612713,14.723776,12.298601,16.483955,16.864962,17.746054,14.384827,13.130748,13.662594,18.683193,17.333519,13.840033,12.455925,18.052769,19.309105,22.406435,17.720606,16.358353,22.374928,20.231945,18.57159,22.770866,24.937683,24.35914,21.18763,26.110935,22.249752,26.153885,26.15806,25.039467,28.519653,24.093832,28.171879,25.155466,21.794487,18.000448,17.751112,13.467712,16.61235,14.255716,17.01502,19.365347,20.66596,22.859362,19.842741,21.652992,15.755381,19.793024,20.220335,19.771238,20.701294,17.56532,19.70198,20.463753,19.24977,22.686365,23.528257,19.97361,20.644926,18.31908,15.642418,19.682922,18.207895,22.638973
30,29.20457,25.780317,23.747623,19.393042,16.100498,18.558567,12.399277,13.71172,10.890175,11.087167,14.541382,11.9959955,11.302448,5.727503,6.1184454,6.2951083,8.129315,12.314358,15.160042,17.551985,20.349329,22.717052,25.11199,22.58281,21.12107,19.283901,14.999242,12.247046,8.168337,8.511847,0.0,5.7680902,6.420534,10.372429,11.821582,15.865169,17.210384,15.031917,12.736969,10.2873535,8.300451,6.8389163,4.229184,4.762147,9.674734,9.192077,13.992986,16.54071,20.512474,18.809303,18.423498,14.464694,17.01037,15.0880785,16.493109,14.571673,10.834146,9.202184,13.974695,10.587112,6.458889,7.578215,12.447506,14.866645,16.52391,10.693061,12.1961975,17.598461,16.250233,16.065008,20.877472,23.422861,24.174858,21.529005,27.138304,22.928194,27.690739,26.433706,25.138893,27.496532,22.123022,25.932362,22.484468,20.585714,17.360554,19.027748,14.7473755,20.294418,19.916075,22.632915,25.675615,27.608662,29.850632,26.42923,29.127869,22.24377,27.129019,26.734766,25.490656,25.354736,21.395216,23.39005,21.965555,21.174072,23.087362,23.11226,19.666378,21.650541,19.351194,19.319664,23.491978,23.119904,27.408512
31,23.958223,20.524982,18.324194,13.865769,10.816823,13.274892,6.9721026,10.445501,7.9526415,10.402912,14.069003,13.671689,13.101058,8.6856575,5.170897,6.7469583,6.151432,11.436677,12.485417,15.831224,18.097744,20.489647,22.71429,21.031588,20.249966,18.282112,14.6455145,11.09337,8.981398,6.196296,5.7680902,0.0,7.2105093,8.350002,10.339364,14.464666,14.516123,12.560641,9.141634,5.864221,6.867156,4.6204753,6.3917766,7.6628685,9.272163,11.345817,13.796546,17.50809,20.830412,19.320456,19.985144,16.748812,20.376656,19.371153,20.719357,18.02621,15.252389,14.38746,19.403791,16.330061,12.171282,12.605005,17.556091,19.32859,21.330011,15.508689,15.716975,21.251705,18.473083,17.732676,21.81937,24.77522,24.574574,22.311672,27.78145,24.36307,29.016605,28.667084,27.868898,30.872131,25.777185,30.099775,27.066275,24.521757,20.823921,21.57673,16.899529,21.26363,19.529783,21.88187,24.600204,25.863554,27.576271,23.768974,25.522192,18.60043,22.712717,21.883663,20.316422,20.272512,16.57461,19.421406,18.190784,18.295118,20.565048,21.393944,18.33533,19.879784,18.75971,17.271675,21.800058,21.487558,26.130598
32,30.123558,26.9061,24.567066,19.96365,17.477312,19.080408,12.2407255,14.622909,10.057326,12.009338,13.118947,11.15077,7.544668,5.885843,7.3131337,10.657767,12.387043,17.529825,19.518614,22.581545,25.037619,27.478159,29.720106,27.655367,26.63588,24.56413,20.669405,17.405968,14.108267,12.781843,6.420534,7.2105093,0.0,5.5300655,5.6795382,9.704196,11.336769,9.419299,8.0431185,7.239506,5.0419455,8.047861,5.8304706,9.816515,14.015576,15.07883,19.051653,22.512514,26.32283,24.886076,24.741814,20.86763,23.310577,21.126816,22.390463,20.599981,16.884989,14.46511,18.796324,14.030606,10.010491,13.204159,16.792324,19.44238,19.89478,13.377496,16.39019,20.805983,18.6932,19.306301,23.480072,26.707684,27.444246,25.71224,31.468441,27.92924,32.997814,31.823536,30.868258,33.00985,27.415678,31.297323,27.93417,26.546877,23.45176,25.310055,20.905043,26.387426,25.626633,28.079498,31.07347,32.647556,34.450264,30.522213,32.565853,25.340307,29.599371,28.291847,26.19316,25.492714,21.573809,24.467808,21.564667,22.407274,23.29279,23.605558,21.014515,23.463856,22.6696,22.776281,27.248466,27.51465,32.024654
33,28.44674,25.163616,22.367365,18.14888,16.204111,16.221214,9.766518,11.96157,6.935369,10.420676,10.2251625,10.590927,7.8621507,8.252379,7.4019175,11.854273,13.202052,18.60682,20.299345,23.473743,25.994717,28.043522,30.474762,29.197247,28.384441,26.586996,22.802753,19.375145,16.720242,14.523241,10.372429,8.350002,5.5300655,0.0,4.552444,6.475389,8.019725,7.986031,4.968931,5.211954,7.8076324,10.800933,10.546942,14.091552,17.161537,18.852346,22.016802,25.611624,29.09768,27.277893,27.700562,24.041008,27.174603,25.033897,26.831314,24.879688,21.100874,19.245564,23.486916,18.981548,14.998361,17.068508,20.2686,22.249575,22.683174,16.314714,18.286268,22.313097,18.846071,19.404295,22.643276,26.361378,26.551092,25.635456,31.283762,28.689142,33.87619,33.267376,32.942337,35.368507,29.845394,34.298088,31.524616,29.909594,26.47724,28.010239,23.259878,28.259039,26.998955,28.883598,31.845694,33.01876,34.19495,29.726305,31.370625,23.873228,27.79096,25.703085,23.053213,21.783253,17.919432,21.14842,17.344141,19.32696,19.591375,20.331192,18.500301,20.966734,21.59371,21.5194,26.069431,26.970802,31.574846
34,29.63555,26.750406,24.301952,19.775026,18.245592,19.166695,12.719763,16.230427,11.352133,14.784894,14.414095,13.97984,9.416418,10.691189,10.98198,15.086164,16.136364,21.5646,22.56267,26.114119,28.11749,30.58415,32.587173,31.034138,30.48105,28.248234,24.823029,21.227625,18.752596,16.3071,11.821582,10.339364,5.6795382,4.552444,0.0,5.158787,5.7510095,4.303137,4.489616,6.4414635,6.2002993,10.868809,10.358542,14.648633,17.714811,19.906906,22.90628,27.06284,30.590933,29.411684,29.657911,26.016186,28.73036,26.761366,27.896215,25.866411,22.452723,20.009863,24.367466,19.37731,15.508806,18.860485,22.266876,24.79928,24.957758,18.42718,21.40454,25.446995,22.62437,23.365347,26.889482,30.50815,30.89275,29.738194,35.439915,32.47936,37.608807,36.769585,36.09196,38.359936,32.7635,36.81942,33.573307,32.15513,28.947569,30.602198,26.031263,31.143272,29.804625,32.035618,34.844784,35.996613,37.388542,33.16857,34.42567,27.27703,30.667889,28.678255,25.95793,24.9413,21.419668,25.136269,21.434128,23.719034,24.025906,24.83873,23.049006,25.487722,25.920769,25.596363,30.197197,30.768116,35.42599
35,32.461575,29.568268,26.794804,22.697865,21.498526,21.111324,15.288399,17.591002,12.674097,15.882163,13.624195,14.015254,9.417099,13.073496,13.7143545,18.170277,19.662228,25.078043,26.503845,29.859219,32.152206,34.30376,36.557766,35.32466,34.67535,32.69153,29.073137,25.556005,22.91401,20.631195,15.865169,14.464666,9.704196,6.475389,5.158787,0.0,4.7082343,6.833576,7.3766155,10.07468,11.349236,15.815807,15.144452,19.326483,22.607248,24.509811,27.712437,31.612247,35.157543,33.58406,33.864925,30.099388,32.848976,30.42634,32.006344,30.28429,26.42759,23.983402,27.85264,22.686785,19.119495,22.294264,24.794548,27.069448,26.618418,20.319195,23.436296,26.584118,23.313679,24.522789,27.319294,31.212017,31.65185,31.264122,36.88149,34.531727,39.83724,39.027756,38.734547,40.80791,35.142765,39.373344,36.503784,35.403393,32.23136,34.086338,29.435328,34.648666,33.465405,35.347485,38.290867,39.37689,40.41841,35.832924,37.131332,29.721796,33.121475,30.555101,27.437035,25.790619,22.326174,25.88276,21.120268,24.160385,23.420076,24.159533,23.16636,25.874008,27.215805,27.504414,31.983051,33.181305,37.756134
