,0,1,2,3,4,5,6,7,8,9,10,11,12,13,14,15,16,17,18,19,20,21,22,23,24,25,26,27,28,29,30,31,32,33,34,35,36,37,38,39,40,41,42,43,44,45,46,47,48,49,50,51,52,53,54,55,56,57,58,59,60,61,62,63,64,65,66,67,68,69,70,71,72,73,74,75,76,77,78,79,80,81,82,83,84,85,86,87,88,89,90,91,92,93,94,95,96,97,98,99,100,101,102,103,104,105,106,107,108
0,0.0,4.3162885,6.4733887,9.616656,12.398275,14.375613,18.101484,21.467014,24.803091,27.55813,31.136074,32.392143,30.282312,28.899364,24.176916,23.726553,18.353954,19.018753,14.564794,15.328064,13.337187,10.045438,14.418164,11.2606945,16.555979,18.115528,19.429873,21.769842,19.374384,23.68996,23.625803,27.697863,33.153957,34.956154,37.465508,39.859352,42.86584,41.6293,38.506443,34.793808,36.050766,31.114616,29.371159,26.962223,25.167982,22.455837,18.596964,18.092747,16.145708,14.79215,15.158052,12.25786,13.837445,15.2624,19.236628,23.119162,23.654112,23.953924,28.86916,28.037495,24.803888,30.121284,30.416399,30.988543,35.001637,33.136528,36.819393,34.258507,40.005672,38.2342,32.944157,35.17698,32.28491,38.268017,33.631683,35.165787,36.945095,36.623573,37.87324,40.768684,38.433083,34.906322,34.39307,31.153717,29.133846,25.997566,25.136412,20.115824,21.914028,20.639212,25.107933,25.702166,25.763582,28.345535,29.828623,29.3686,28.59071,26.532063,23.606071,24.351274,19.961615,19.364279,18.283121,20.704676,21.57636,26.608664,25.893435,30.287401,30.205994
1,4.3162885,0.0,5.301473,6.5946355,8.9881525,12.144825,14.852373,19.117388,21.784866,24.830664,28.061775,29.788122,28.128307,26.626905,22.08297,21.05407,15.953697,15.759627,11.729344,11.417457,9.392131,5.7416167,10.542833,7.990622,13.071982,14.078709,15.559758,17.618248,15.209803,19.439634,19.668135,23.573757,29.35198,31.132164,33.636284,36.18578,39.00867,37.662266,34.4932,30.728199,31.999264,26.903805,25.339155,22.775494,21.238512,18.454252,14.727458,14.49488,12.839628,12.091114,12.293948,10.457943,12.4135895,13.8846655,16.985447,20.749832,20.533428,21.051804,26.036572,24.873007,21.40172,26.450026,26.568588,26.918724,30.985178,28.889708,32.549065,29.960604,35.71098,33.956764,28.733818,31.093311,28.251238,34.395847,29.88647,31.671316,33.567974,33.21719,34.676853,37.51748,35.408295,31.789959,31.104208,27.693338,25.484522,22.42455,21.129099,16.082891,17.673271,16.425558,20.862415,21.714367,21.774975,24.575603,25.85575,25.202185,24.561266,22.321327,19.618925,20.381472,16.289375,16.447136,15.168991,17.25695,18.978317,23.37835,22.99215,27.334343,27.375093
2,6.4733887,5.301473,0.0,5.255193,7.0287194,8.397354,12.170082,15.136151,18.77951,21.226479,25.173271,26.328724,24.189104,23.137623,18.257633,18.25349,13.009915,13.993332,10.643422,11.6462,11.503462,8.388407,14.357242,12.457725,17.08534,17.210445,17.480278,18.98945,15.109389,19.74794,18.627398,23.492748,27.851038,30.28027,32.311157,34.71313,37.946354,36.64773,33.943897,30.542728,31.12597,26.773071,24.373497,22.746908,20.055378,18.40203,14.424078,14.726522,13.903502,11.864201,10.836371,8.084486,8.505695,9.034686,13.023906,16.838955,17.740442,18.401894,23.159176,22.945585,19.78083,25.531433,25.400848,26.575832,30.040253,29.016565,32.725082,30.636202,36.266582,35.207188,30.000347,32.484703,29.109852,35.15713,29.948442,32.095158,33.27285,32.410496,33.45968,36.066418,33.49564,30.193457,29.055386,25.998062,24.59634,20.908401,21.266,16.553122,19.014994,18.769772,22.952847,24.800037,24.426325,27.8565,28.908592,27.645092,27.46923,24.357803,22.507214,22.154913,18.560093,19.22943,16.408504,18.118528,18.834742,23.153467,21.77813,26.14853,25.353235
3,9.616656,6.5946355,5.255193,0.0,3.8742373,6.0840793,9.209838,13.15055,15.54898,18.84956,21.756153,23.346022,21.780933,20.091114,15.700674,14.463222,9.396337,9.416877,5.6983128,6.707631,7.119307,5.9575796,11.670357,11.781531,15.51342,14.563239,16.000963,16.53114,11.57303,15.726825,14.708901,18.947132,23.775394,25.58438,28.038143,30.302835,33.450596,32.364227,29.35761,25.851486,27.064896,22.726702,20.683558,19.537525,17.0434,16.215096,12.717537,14.057962,14.015674,13.1501,11.64345,10.806986,11.150239,10.526874,13.232954,16.546646,16.489689,18.06829,22.722681,22.335577,18.743647,24.002668,23.05135,23.856236,27.032734,25.474342,28.912045,26.445,32.054813,30.814297,25.353594,27.597769,24.114332,30.016588,24.816643,26.852562,28.139263,27.435461,28.638556,31.375938,29.048056,25.551088,24.792526,21.550306,19.738874,16.421717,16.364834,11.653387,14.562171,14.831157,19.480492,21.6396,21.881948,25.334915,25.609459,24.07739,23.63779,20.087313,18.394657,17.27107,13.773295,14.813668,11.38052,12.895384,13.924592,17.985262,16.944092,21.311499,20.95373
4,12.398275,8.9881525,7.0287194,3.8742373,0.0,5.2614264,5.8727317,10.825415,12.910137,16.015276,19.209667,21.179066,19.929577,18.63593,14.276927,13.113645,8.801527,7.94145,6.823095,5.864189,7.936602,6.6449823,12.028213,12.468464,15.345678,13.711172,13.947881,14.023944,8.568882,13.082497,11.616421,16.580463,20.943254,23.450336,25.399044,27.969324,31.046295,29.655807,26.969833,23.61791,24.112888,19.861525,17.443161,16.312508,13.448361,12.877597,9.410149,11.227199,11.971496,11.071286,8.913475,9.223467,9.348148,8.803342,10.110248,13.232055,12.682656,14.347108,18.968529,18.553637,14.960518,20.290787,19.317266,20.378452,23.487797,22.39507,25.968706,23.94788,29.488676,28.729729,23.60958,26.246208,22.69607,28.844336,23.57588,26.268505,27.337654,26.252562,27.530457,29.970778,27.692833,24.321682,22.785765,19.505503,18.031475,14.25108,14.625046,10.25324,13.002492,13.75587,17.631569,20.491077,20.154924,24.06754,24.359095,22.426792,22.614613,18.68751,17.873554,16.634382,14.201774,16.433872,12.606328,13.178067,14.971354,17.715454,16.598257,20.763527,19.95124
5,14.375613,12.144825,8.397354,6.0840793,5.2614264,0.0,6.0299635,7.395504,10.876651,13.568126,17.121145,18.030972,16.022509,14.780844,10.003335,10.027426,5.092348,7.192416,6.4931693,8.971073,11.669021,11.337097,16.785404,17.305895,20.47861,18.737392,19.029177,18.695728,12.2870245,16.205656,13.299033,18.39812,20.990316,23.525719,25.32999,27.311003,30.941622,29.990217,27.624414,24.723097,25.091703,21.99848,18.99022,19.4455,15.581343,16.782125,13.650713,15.778503,16.804195,15.204953,12.5169,11.891319,10.304089,7.26628,9.709191,12.343793,13.499623,15.752443,19.707079,20.586569,17.458591,23.08679,21.495253,23.237045,25.3414,25.115814,28.392086,26.583242,31.819395,31.479858,26.227476,28.500116,24.46718,29.979017,24.044127,26.544125,26.81332,25.408789,26.062342,28.415672,25.555954,22.53375,21.137863,18.44988,17.87018,13.833958,16.299128,12.784614,16.485659,18.01416,21.980677,25.165438,25.02404,28.994053,28.878687,26.67436,26.762415,22.34095,21.829208,19.397867,17.022745,18.697649,13.883377,14.453904,14.15825,17.343046,14.953889,19.094303,17.523
6,18.101484,14.852373,12.170082,9.209838,5.8727317,6.0299635,0.0,6.3711715,7.357492,10.351298,13.634384,15.850173,15.076883,14.190017,10.322108,9.284163,7.201012,5.7912865,8.889935,7.9667025,11.798868,11.861379,16.089672,17.443336,19.192598,16.52487,15.831798,14.535214,7.733518,11.330498,7.810158,13.662274,15.99212,19.350283,20.576796,23.150177,26.442112,24.995687,22.899506,20.103333,19.66524,16.528122,13.211199,13.81422,9.601527,11.755996,9.500668,12.453558,14.587285,13.726869,10.689445,12.2313595,11.112635,9.125389,7.826404,9.403072,8.53599,11.428844,15.173003,15.632119,12.355421,17.50449,15.534653,17.350471,19.324263,19.396948,22.745882,21.416079,26.518755,26.689827,21.969345,24.719118,20.782213,26.627148,20.926619,24.323359,24.592497,22.83535,23.878195,25.844353,23.425972,20.433022,17.948025,14.949037,14.507509,10.041342,12.575378,9.95169,13.047909,15.203913,17.986687,21.944948,21.304283,25.637901,25.329254,22.651815,23.459988,18.69279,19.359182,16.886972,16.069677,19.2274,14.48738,13.798737,15.287868,16.181944,14.416078,18.017115,16.289377
7,21.467014,19.117388,15.136151,13.15055,10.825415,7.395504,6.3711715,0.0,5.5618625,6.469568,11.164111,11.580966,9.597036,9.639647,5.2012696,7.364335,6.9682627,8.7415285,11.984834,13.399862,17.224472,17.388603,22.130404,23.203299,25.426756,22.87225,21.994886,20.643114,13.863562,16.688482,12.127885,17.546669,16.929697,20.627975,21.190903,22.99813,26.93209,25.940216,24.60848,22.652248,21.601982,20.2463,16.282316,18.628984,13.664594,17.244316,15.281782,18.025534,20.165302,18.494305,15.157803,15.662664,13.09669,9.177788,8.286663,8.308681,10.323669,13.425862,15.7670145,18.064226,15.824858,21.02841,18.629934,21.34735,21.938902,23.419546,26.328482,25.54952,30.046055,30.897503,26.353207,28.739155,24.434359,29.395416,23.120367,26.390133,25.551065,23.234491,23.389872,24.94695,21.75686,19.54573,16.744503,14.928174,16.139143,11.614805,16.648565,15.123844,18.703854,21.275717,23.983475,28.138557,27.5037,31.88968,31.364214,28.478233,29.303791,24.237915,25.172897,21.853374,21.107704,23.731033,18.359241,17.695812,17.18721,18.085445,14.872491,17.94928,14.871897
8,24.803091,21.784866,18.77951,15.54898,12.910137,10.876651,7.357492,5.5618625,0.0,4.5868464,6.4181166,8.643662,8.881854,8.1183,6.5252695,5.5269537,8.470571,7.8211207,12.938613,13.201294,17.421078,18.693157,22.210573,24.37374,25.551868,22.25586,21.743505,19.406448,12.547594,13.7632065,8.781537,13.192288,11.480966,15.176301,15.655287,17.50399,21.380934,20.44897,19.128164,17.423523,16.390532,15.779358,11.922998,15.646224,10.925295,16.06389,15.324953,18.635841,21.309526,20.589668,17.391615,19.055162,17.182756,14.02337,11.82623,10.892989,10.558214,14.352303,15.984898,17.79511,15.479754,19.369593,15.911535,18.28926,18.015247,19.401518,21.808386,21.09615,25.1963,26.333122,22.054161,24.290667,19.941435,24.537424,18.320913,22.00573,20.930395,18.35876,18.714746,20.063322,17.25278,14.99013,11.608047,9.606742,11.274792,6.846137,12.867,12.977311,16.284061,19.556635,21.646797,26.181604,25.81601,30.121973,28.90223,25.671091,26.617342,21.239159,23.0244,19.014795,19.507969,22.788824,17.43345,15.814718,15.944394,14.81289,12.015916,14.281441,11.181066
9,27.55813,24.830664,21.226479,18.84956,16.015276,13.568126,10.351298,6.469568,4.5868464,0.0,6.215198,7.063738,7.0107446,8.428038,7.524012,9.037643,11.925977,12.195279,16.943964,17.32998,21.511013,22.19338,26.036598,27.734777,29.007893,25.833395,24.43194,22.205881,15.896876,17.19785,12.142187,16.666119,12.970896,17.596071,16.831211,18.535479,22.470722,21.38352,21.071394,20.10886,17.770132,18.224688,13.889328,17.906696,12.851614,18.17509,17.590837,20.64042,23.46465,22.262196,18.906439,20.440231,18.022243,14.689988,11.766602,9.497565,10.356666,13.832987,14.1983385,17.161085,15.800014,19.607738,16.324085,19.498016,18.46831,21.280716,23.58197,23.72586,27.305483,29.157196,25.485727,27.859686,23.622925,27.898844,21.815313,25.68808,24.089975,21.111834,21.030277,21.711864,18.666351,17.28951,13.038181,12.196408,14.908447,10.86002,17.006866,17.321867,20.31374,23.502193,25.036842,29.749483,28.885294,33.366306,32.380882,29.03666,30.395641,25.066805,27.15245,23.352259,24.00451,27.32297,21.955582,20.400976,20.27683,19.061726,15.995218,17.697618,13.913043
10,31.136074,28.061775,25.173271,21.756153,19.209667,17.121145,13.634384,11.164111,6.4181166,6.215198,0.0,4.6533055,7.92435,7.6886983,9.946398,9.046802,13.898507,13.1383,18.43865,18.629467,22.815544,24.638641,27.471859,30.159576,30.739925,27.047466,26.555817,23.589067,17.346811,16.991812,12.301983,14.471999,8.805397,12.480085,11.695049,12.645915,16.85751,16.417847,16.16775,15.874507,14.123113,16.114363,12.591106,18.060698,13.964802,20.153482,20.424353,23.826252,26.809523,26.378065,23.217281,25.212446,23.256805,20.031782,17.315216,15.302534,14.700708,18.408476,18.473923,20.708744,19.17057,21.574255,17.300167,19.68873,17.515291,19.845087,21.173693,21.158937,23.993938,26.016605,22.580296,24.327269,20.080593,23.243774,17.263924,21.121084,18.89151,15.598691,15.336509,15.651863,12.845121,11.818235,6.9833937,7.113126,10.985781,8.5421505,15.098718,17.104927,19.898048,23.613928,24.894335,29.668892,29.430973,33.58792,31.740057,28.197563,29.327318,23.834225,26.47023,21.81067,23.414896,26.842001,21.602873,19.391668,19.139145,16.143248,13.437325,13.684333,9.888443
11,32.392143,29.788122,26.328724,23.346022,21.179066,18.030972,15.850173,11.580966,8.643662,7.063738,4.6533055,0.0,4.2542834,5.232127,8.874315,9.813887,14.644628,15.301717,19.998882,21.290257,25.430883,27.084917,30.546152,32.90447,34.060394,30.605305,30.153976,27.502644,20.913168,21.155293,16.307064,18.842949,13.290128,16.290161,15.54062,15.56281,19.99477,20.081362,20.14032,20.119467,18.556824,20.756994,17.171238,22.433678,18.010145,23.946095,23.704165,26.986406,29.791952,28.857563,25.542828,26.894032,24.428667,20.604626,18.554295,16.447853,17.241665,20.789387,20.65151,23.639605,22.353333,25.319265,21.322916,24.039011,21.823503,24.470228,25.779535,25.769295,28.492409,30.509968,26.93152,28.422474,24.071877,26.762377,20.613098,23.882786,21.134115,17.824053,16.733662,16.858294,13.285929,13.113462,9.314873,10.574259,14.517222,12.186849,18.978691,20.489594,23.74578,27.370146,29.116545,33.79397,33.601894,37.80196,36.05201,32.586666,33.531017,28.014362,30.285606,25.463942,26.491123,29.389223,23.876955,22.053272,20.61611,18.464079,14.92933,15.041686,10.572876
12,30.282312,28.128307,24.189104,21.780933,19.929577,16.022509,15.076883,9.597036,8.881854,7.0107446,7.92435,4.2542834,0.0,3.9615717,6.2770104,9.251142,13.0427685,14.92604,18.868412,20.959753,24.971708,26.191448,30.339056,32.17163,33.96914,30.88986,30.38914,28.234468,21.360693,22.515491,17.545046,21.026962,16.68568,19.739576,19.43726,19.64173,24.098736,24.104635,23.851074,23.358763,22.019535,23.37169,19.533909,24.11364,19.298647,24.638123,23.705338,26.779722,29.29634,27.86786,24.488943,25.172169,22.3544,18.139494,16.8999,15.143738,17.123238,20.46396,20.755491,24.078693,22.721613,26.583416,23.084538,26.029196,24.49785,27.040857,28.810076,28.56973,31.796577,33.493202,29.48782,31.097591,26.619883,29.750973,23.349157,26.321993,23.838879,20.81679,19.679743,20.24389,16.386732,15.888214,12.944073,13.575649,16.893301,13.892995,20.623873,21.153364,24.804052,28.151209,30.445395,34.95647,34.69534,38.982124,37.594784,34.305172,35.09894,29.632275,31.350368,26.756044,26.976734,29.448711,23.774563,22.485823,20.454624,19.674767,15.635946,16.600887,12.13117
13,28.899364,26.626905,23.137623,20.091114,18.63593,14.780844,14.190017,9.639647,8.1183,8.428038,7.6886983,5.232127,3.9615717,0.0,5.123733,6.362153,10.828634,12.584427,16.375458,18.794981,22.67848,24.476028,28.311375,30.541521,32.28136,29.134983,29.420961,27.1729,20.053406,20.952406,16.26494,19.1027,15.723444,17.724476,18.377724,18.359692,22.875109,23.219606,22.275663,21.438244,21.184267,22.147787,18.792141,23.339745,18.885027,24.12795,23.149418,26.371212,28.753822,27.668552,24.412548,25.12021,22.644234,18.456745,17.746428,16.666801,17.987717,21.586878,22.561834,25.257666,23.341,27.165966,23.451506,25.869637,24.635176,26.252918,27.915031,27.062351,30.472433,31.664385,27.259727,28.53672,23.986174,26.939167,20.419521,22.989134,20.61491,17.866346,16.777239,17.886892,13.988883,12.915792,11.045735,11.320529,14.167228,11.613273,18.158556,18.7675,22.632654,26.033773,28.753237,33.05658,33.27672,37.346123,35.67124,32.484524,32.87448,27.41679,28.88566,23.973509,24.067844,26.271513,20.6105,19.312506,16.845873,16.085918,11.8885355,12.890415,8.525159
14,24.176916,22.08297,18.257633,15.700674,14.276927,10.003335,10.322108,5.2012696,6.5252695,7.524012,9.946398,8.874315,6.2770104,5.123733,0.0,4.9662657,6.941343,9.739906,12.878239,15.569513,19.345545,20.45788,24.933039,26.549343,28.79744,26.059317,26.093357,24.412947,17.236483,19.241362,14.607899,18.763865,17.17492,19.825481,20.74625,21.604727,25.915022,25.678019,24.326437,22.74395,22.416603,22.01455,18.388687,21.796053,17.070309,21.381199,19.703356,22.66155,24.74847,23.303764,20.058146,20.32126,17.752151,13.461721,13.427476,13.118452,15.029741,18.375572,20.17931,22.706892,20.520529,25.210197,22.159264,24.671497,24.489809,25.829977,28.174711,27.130384,31.256847,32.07294,27.328617,29.070805,24.54189,28.559832,22.002745,24.704884,23.201595,20.827505,20.359964,21.937023,18.316841,16.451517,14.502004,13.485445,15.258795,11.562563,17.462603,16.721062,20.751852,23.703358,26.796759,30.907682,30.87508,35.05231,33.944187,30.986172,31.387749,26.110483,27.033949,22.80326,22.100542,24.201279,18.522707,17.77861,15.7192545,16.485975,12.4488735,14.97671,11.396591
15,23.726553,21.05407,18.25349,14.463222,13.113645,10.027426,9.284163,7.364335,5.5269537,9.037643,9.046802,9.813887,9.251142,6.362153,4.9662657,0.0,5.475404,6.3036904,10.345752,12.51483,16.357527,18.445677,22.03538,24.478802,26.152044,23.058441,23.934193,21.837475,14.566154,15.784696,11.580092,14.689219,14.280091,15.921506,17.754595,18.678028,22.788687,22.691957,20.637466,18.652267,19.376446,18.56061,15.611215,19.0906,15.04399,19.46348,18.198124,21.439774,23.583351,22.918196,19.913345,20.804052,19.001968,15.363522,15.031551,15.094457,15.369264,19.012894,21.224075,22.823421,20.102652,24.184546,20.740345,22.512827,22.49252,22.788494,24.91392,23.292652,27.52006,27.887768,22.878105,24.372707,19.822891,23.836033,17.288258,19.908545,18.779926,16.70273,16.724455,18.78257,15.635939,12.952882,11.71263,9.817251,10.692566,7.3674474,12.9665165,12.698905,16.802818,20.001305,23.238476,27.254671,27.726135,31.6561,30.092672,27.140526,27.244707,21.918436,22.896828,18.24214,17.889414,20.198101,14.52973,13.317835,11.626531,11.594854,7.8042617,10.681947,7.8570037
16,18.353954,15.953697,13.009915,9.396337,8.801527,5.092348,7.201012,6.9682627,8.470571,11.925977,13.898507,14.644628,13.0427685,10.828634,6.941343,5.475404,0.0,4.6360865,5.950718,9.426651,12.759306,14.184733,18.62464,20.346022,22.852716,20.42881,21.516989,20.29508,13.157662,15.800968,12.371134,16.427734,18.23277,19.97891,22.146746,23.55372,27.398378,26.968636,24.502691,21.845514,22.816843,20.558712,17.740217,19.565569,15.686555,18.418625,16.13066,18.90495,20.402601,19.414942,16.636538,16.729473,15.133059,11.679481,12.925306,14.388595,15.104023,18.182798,21.454073,22.612103,19.503279,24.440811,21.874008,23.481922,24.700747,24.392372,27.121267,25.114721,30.007904,29.744726,24.339994,26.097134,21.767313,26.575623,20.31715,22.572151,22.371181,20.90511,21.301655,23.735706,20.778276,17.762068,16.950153,14.495058,14.12181,10.528872,14.047235,11.700321,15.987358,18.352833,22.383408,25.853165,26.287766,30.145554,29.205513,26.707699,26.544046,21.65913,21.592506,17.880157,16.093988,17.789856,12.257371,12.2062435,10.686989,13.286124,10.23252,14.24576,12.587281
17,19.018753,15.759627,13.993332,9.416877,7.94145,7.192416,5.7912865,8.7415285,7.8211207,12.195279,13.1383,15.301717,14.92604,12.584427,9.739906,6.3036904,4.6360865,0.0,5.562443,6.2205215,10.189324,12.394938,15.738794,18.307678,19.877392,16.895077,18.247509,16.486418,9.294398,11.330387,8.356177,12.006963,15.184585,16.724236,19.188185,21.075218,24.486397,23.778648,20.945372,17.90934,19.213957,16.304554,13.965209,15.486834,12.23397,14.979024,13.295066,16.390411,18.189133,18.05018,15.485814,16.677649,15.878079,13.444794,13.384923,14.695438,13.749394,16.962017,20.346972,20.663086,17.23162,21.467793,18.698961,19.721573,21.208307,20.174953,22.89294,20.637733,25.681746,25.22088,19.810123,21.763353,17.538612,22.830553,16.855421,19.540098,19.906492,18.596785,19.659252,22.15538,19.849482,16.41488,15.392124,12.172671,10.8285885,7.268115,9.5616,7.2458,11.504536,14.201155,17.99412,21.640036,22.191214,26.021563,24.82102,22.199448,22.127697,17.11463,17.427746,13.63023,12.577158,15.287409,9.90143,8.966217,9.640598,10.727456,8.974791,12.948361,12.101676
18,14.564794,11.729344,10.643422,5.6983128,6.823095,6.4931693,8.889935,11.984834,12.938613,16.943964,18.43865,19.998882,18.868412,16.375458,12.878239,10.345752,5.950718,5.562443,0.0,5.447865,7.4159465,9.568383,13.536329,15.524822,18.166584,16.1552,18.569435,17.869862,11.624366,14.468334,12.914549,16.090557,20.55503,21.431562,24.403046,26.132025,29.431793,28.874134,25.644144,22.26017,24.269363,20.626005,18.825235,19.089117,16.490732,17.451982,14.872454,17.19467,17.956018,17.677181,15.708932,15.754468,15.449512,13.469424,15.311898,17.708626,17.370407,19.93633,24.011309,24.001146,20.355545,25.04224,22.992004,23.670557,25.96284,24.223242,27.111553,24.319775,29.66182,28.410784,22.625284,24.295536,20.433725,25.714087,20.169783,21.859976,22.871754,22.266687,23.336493,26.244114,23.949905,20.362831,20.34972,17.206253,15.233124,12.510363,12.936296,9.034952,13.016006,14.446363,19.367586,21.960827,22.953566,26.322392,25.531235,23.602818,22.809525,18.577965,17.3537,14.480592,11.372979,12.468883,7.485933,8.591254,8.474118,12.633658,11.388832,15.785872,15.794416
19,15.328064,11.417457,11.6462,6.707631,5.864189,8.971073,7.9667025,13.399862,13.201294,17.32998,18.629467,21.290257,20.959753,18.794981,15.569513,12.51483,9.426651,6.2205215,5.447865,0.0,4.2369514,6.8339324,9.527156,12.349489,13.8143,11.152629,13.539881,12.541989,6.8158455,9.731156,9.573601,12.587661,18.579454,19.758596,22.57251,25.009008,27.718895,26.596237,23.236279,19.506994,21.324942,16.67581,15.391851,14.408832,12.78231,12.713778,10.553081,12.96019,13.959621,14.659785,13.069103,14.436744,15.076396,14.3925705,14.783087,17.095173,15.243327,17.518265,21.767197,20.755873,16.861467,20.886429,19.127396,19.186357,22.170984,19.750582,22.882114,20.0351,25.627619,24.218132,18.671518,20.928017,17.47527,23.572334,18.68606,21.048183,22.701838,22.139183,23.858713,26.585102,24.905264,21.157858,20.445396,16.781736,14.172695,11.535632,9.848748,4.965167,8.127436,9.33687,14.024649,16.798508,17.55351,21.075502,20.418018,18.428944,17.998722,13.828692,12.876577,10.912118,8.559392,11.482906,7.6333017,7.6652946,11.015844,13.041951,13.186484,17.168377,17.50255
20,13.337187,9.392131,11.503462,7.119307,7.936602,11.669021,11.798868,17.224472,17.421078,21.511013,22.815544,25.430883,24.971708,22.67848,19.345545,16.357527,12.759306,10.189324,7.4159465,4.2369514,0.0,4.7183185,6.193944,9.245704,11.037318,9.263355,13.111527,13.034017,9.447531,12.087915,13.243918,15.36694,22.275015,22.914854,26.060946,28.490875,30.919092,29.817652,26.143265,22.170576,24.529722,19.334908,18.730175,16.747955,16.077635,14.575121,12.251827,13.747277,13.756135,14.91815,14.229569,15.133602,16.554499,16.657269,17.739588,20.496042,18.641588,20.39837,24.945024,23.423521,19.46563,23.271925,22.07179,21.599709,25.17346,22.00213,25.12172,21.857897,27.53691,25.417992,19.826256,21.866638,19.007036,25.06227,20.881372,22.613377,24.909616,24.883549,26.78803,29.728994,28.28555,24.401714,24.218689,20.503157,17.41766,15.413885,12.453462,7.4786863,9.109603,8.580038,13.972193,15.477566,16.748417,19.62496,19.308926,18.073563,16.990396,13.901752,11.485521,11.061342,7.2020316,9.054451,7.232,8.505855,12.220088,15.152196,15.994094,19.945263,20.90937
21,10.045438,5.7416167,8.388407,5.9575796,6.6449823,11.337097,11.861379,17.388603,18.693157,22.19338,24.638641,27.084917,26.191448,24.476028,20.45788,18.445677,14.184733,12.394938,9.568383,6.8339324,4.7183185,0.0,6.09977,6.1627345,9.5634365,9.111593,11.269544,12.524037,10.057349,13.916104,14.835412,18.196962,24.617472,26.208263,28.77384,31.521955,34.016804,32.544724,29.248232,25.382542,26.811354,21.43996,20.305048,17.515074,16.572962,13.791553,10.586785,11.079665,10.26886,10.934821,10.776785,11.140461,13.198036,14.385645,15.833667,19.10458,17.60303,18.565704,23.454662,21.776909,17.968966,22.340967,22.051374,21.927736,26.032436,23.426155,26.990042,24.264933,30.0207,28.221504,23.066559,25.57885,22.850357,29.198833,24.97193,27.082134,29.193773,28.859577,30.654085,33.411278,31.713732,27.978804,27.132044,23.478523,20.899893,18.14312,15.918531,10.8970995,11.999,10.80804,15.295345,16.60868,16.823956,19.929758,20.719395,19.72727,19.242676,16.668606,14.358321,15.103937,11.660153,13.220339,11.756185,13.091941,16.277128,19.432512,19.699018,23.812313,24.145483
22,14.418164,10.542833,14.357242,11.670357,12.028213,16.785404,16.089672,22.130404,22.210573,26.036598,27.471859,30.546152,30.339056,28.311375,24.933039,22.03538,18.62464,15.738794,13.536329,9.527156,6.193944,6.09977,0.0,5.1580086,5.040764,4.6643996,9.818395,10.982735,11.332506,13.440835,16.279297,17.741661,25.536118,26.267822,29.202112,32.09119,33.88036,32.327557,28.609814,24.479033,26.661095,20.630873,20.81921,17.064833,17.937984,14.298491,12.4671755,12.607273,11.601846,14.0225315,14.712048,16.085402,18.640896,20.159891,20.764698,23.627075,21.03287,21.912241,26.56175,23.964653,20.113962,23.022154,22.838356,21.551596,26.079912,22.114141,25.362135,22.084318,27.734673,25.094875,20.212692,22.572998,20.795418,27.102072,24.114826,25.90317,28.84381,29.07156,31.379225,34.201866,33.22254,29.312384,28.842516,24.972412,21.606937,19.930769,15.629219,11.229768,10.229354,7.282776,11.688218,11.497027,12.648023,14.823385,15.553532,15.317296,14.224336,13.025042,9.677729,12.509401,9.457067,11.264406,12.19804,13.157594,17.815317,19.96567,21.547764,25.166868,26.38362
23,11.2606945,7.990622,12.457725,11.781531,12.468464,17.305895,17.443336,23.203299,24.37374,27.734777,30.159576,32.90447,32.17163,30.541521,26.549343,24.478802,20.346022,18.307678,15.524822,12.349489,9.245704,6.1627345,5.1580086,0.0,5.307847,7.798878,10.231049,12.988465,13.899913,17.061514,19.281008,21.871881,29.074379,30.513508,33.07038,36.09697,38.092915,36.345398,32.926903,28.904234,30.398611,24.405735,23.9959,19.8795,20.241476,15.767793,13.116701,12.06774,9.788282,11.586667,13.142794,13.568628,16.684841,19.116693,20.34186,23.66202,21.685102,21.822197,26.724676,24.13486,20.545948,24.06302,24.73014,23.898815,28.761818,25.45991,29.044992,26.247688,31.911036,29.577196,24.981638,27.56948,25.724552,32.141014,28.879889,30.808235,33.521385,33.524452,35.638798,38.410385,37.084923,33.261604,32.435257,28.646175,25.70608,23.371214,19.974367,15.278487,14.7383375,11.966667,15.45415,15.032978,15.066299,17.186792,19.095713,19.179117,18.560677,17.743914,14.630786,17.581932,14.30605,15.358557,16.006792,17.423798,21.299612,24.216324,25.172184,29.096525,29.82709
24,16.555979,13.071982,17.08534,15.51342,15.345678,20.47861,19.192598,25.426756,25.551868,29.007893,30.739925,34.060394,33.96914,32.28136,28.79744,26.152044,22.852716,19.877392,18.166584,13.8143,11.037318,9.5634365,5.040764,5.307847,0.0,4.3531866,7.84222,10.33624,13.597797,15.45905,18.886894,20.315685,28.113796,29.264032,31.76217,35.01609,36.41553,34.447525,30.95577,26.901838,28.50254,22.151264,22.608627,17.737759,19.45875,14.424909,13.088536,12.01008,10.250596,13.464931,15.164027,16.895515,20.060312,22.520716,22.634167,25.442991,22.45106,22.557686,27.101017,23.78246,20.255316,22.424322,23.202967,21.52282,26.656204,22.559141,25.929924,23.050848,28.491392,25.846191,21.84929,24.568478,23.458399,29.876448,27.524986,29.595766,32.695396,32.864223,35.343998,37.967575,37.182816,33.347195,32.409847,28.51653,25.25421,23.516266,18.980133,15.079643,13.022355,9.459091,11.583618,10.200247,10.2692995,11.9169,14.1209345,14.642431,14.1843815,14.421133,11.462759,15.797255,13.779945,15.736496,17.149181,17.819544,22.762943,24.409601,26.116964,29.58885,30.671335
25,18.115528,14.078709,17.210445,14.563239,13.711172,18.737392,16.52487,22.87225,22.25586,25.833395,27.047466,30.605305,30.88986,29.134983,26.059317,23.058441,20.42881,16.895077,16.1552,11.152629,9.263355,9.111593,4.6643996,7.798878,4.3531866,0.0,6.3720913,7.0992517,10.039632,11.233535,15.004214,16.0068,23.91404,24.983644,27.463078,30.734312,32.068512,30.10726,26.604824,22.562138,24.211653,17.866499,18.495092,13.827718,15.7852335,11.362744,10.681916,10.653743,10.214858,13.56611,14.417279,16.917593,19.586708,21.427656,20.871925,23.252583,19.80331,20.415909,24.714457,21.488102,17.794664,19.65384,19.77121,17.942667,22.82053,18.545113,21.859304,18.879799,24.421812,21.947527,17.771748,20.667404,19.353733,25.908491,23.460476,25.839382,28.815754,28.854954,31.40087,33.90775,33.260605,29.472437,28.41153,24.51137,21.217186,19.668919,14.86309,11.369725,8.82612,5.3541064,7.704856,7.737734,8.0702505,10.836553,11.892634,11.454506,11.307778,10.452162,8.266077,12.100677,11.027737,14.173609,14.83236,14.804863,20.19351,20.953962,22.811094,26.038143,27.116928
26,19.429873,15.559758,17.480278,16.000963,13.947881,19.029177,15.831798,21.994886,21.743505,24.43194,26.555817,30.153976,30.38914,29.420961,26.093357,23.934193,21.516989,18.247509,18.569435,13.539881,13.111527,11.269544,9.818395,10.231049,7.84222,6.3720913,0.0,4.1920705,9.62824,11.620424,14.634418,17.102709,23.61627,26.140951,27.516533,31.243591,32.581787,30.036139,27.354034,23.754282,23.668404,17.558054,17.317636,11.786693,13.550551,7.453365,7.0979495,5.6335645,5.6589227,9.528795,10.765045,14.194773,16.99918,19.637234,18.03173,20.113054,16.344038,15.955636,20.06424,16.279484,12.995381,14.707397,16.082909,14.716736,20.123405,17.112326,20.981852,19.328638,24.634762,23.318405,20.133507,23.740124,22.267103,29.03924,26.260979,29.506514,31.88541,31.252598,33.636166,35.68788,34.80952,31.34521,29.141039,25.428507,22.997263,20.588448,17.12041,14.076935,11.854638,9.843013,9.336382,10.885058,8.13077,12.167389,14.414682,13.381311,15.061656,13.801654,13.545242,16.55712,16.329939,19.93595,19.367708,18.988441,24.040668,24.372156,25.494911,28.711557,28.877071
27,21.769842,17.618248,18.98945,16.53114,14.023944,18.695728,14.535214,20.643114,19.406448,22.205881,23.589067,27.502644,28.234468,27.1729,24.412947,21.837475,20.29508,16.486418,17.869862,12.541989,13.034017,12.524037,10.982735,12.988465,10.33624,7.0992517,4.1920705,0.0,7.3059907,7.9226108,11.470155,13.264907,19.811443,22.242735,23.534355,27.314556,28.481117,25.902987,23.227436,19.689892,19.568033,13.39222,13.47153,7.8154306,10.372732,4.996264,6.5445867,7.081341,8.80952,12.097629,12.2498665,16.139465,18.27959,20.097395,17.805355,19.265112,14.884026,15.204929,18.833763,15.145035,11.713704,12.616569,13.018943,11.215834,16.45164,13.060551,16.912878,15.236961,20.59413,19.518797,16.388613,20.16547,18.615421,25.365974,22.6674,26.204353,28.449863,27.708792,30.17833,32.0659,31.420061,28.044973,25.712524,22.027563,19.598886,17.5183,13.815789,11.716083,9.022908,8.015956,6.3921895,9.703705,7.223156,11.87949,12.849516,10.825263,12.998052,10.769359,11.827109,13.984189,14.920386,19.22839,18.184261,17.120678,22.406319,21.719053,23.037212,25.856522,26.062002
28,19.374384,15.209803,15.109389,11.57303,8.568882,12.2870245,7.733518,13.863562,12.547594,15.896876,17.346811,20.913168,21.360693,20.053406,17.236483,14.566154,13.157662,9.294398,11.624366,6.8158455,9.447531,10.057349,11.332506,13.899913,13.597797,10.039632,9.62824,7.3059907,0.0,4.8897657,5.550056,9.648314,15.438112,18.045475,19.701723,23.01151,25.182547,23.197592,20.438005,16.924046,17.125189,11.913052,10.34342,7.98678,6.7995543,6.162434,5.4417915,8.655899,11.047851,12.445685,10.774542,14.036965,14.919275,15.1334715,13.149247,14.592665,10.944658,12.890879,16.783846,14.904201,10.983529,14.195621,12.629845,12.552588,16.08536,13.992016,17.641287,15.708289,21.283087,20.700478,16.21532,19.508219,16.450085,23.085953,18.748579,22.344433,23.83511,22.712008,24.726524,26.784695,25.495459,22.08597,19.856277,16.154404,14.0833435,11.089382,9.166699,6.3448195,6.7330995,8.410014,10.300107,14.407676,13.701391,18.039188,17.693314,15.043294,16.164701,11.777983,12.830993,11.838836,12.169067,16.492754,13.458476,12.185269,16.484911,16.088303,16.481825,19.640644,19.356016
29,23.68996,19.439634,19.74794,15.726825,13.082497,16.205656,11.330498,16.688482,13.7632065,17.19785,16.991812,21.155293,22.515491,20.952406,19.241362,15.784696,15.800968,11.330387,14.468334,9.731156,12.087915,13.916104,13.440835,17.061514,15.45905,11.233535,11.620424,7.9226108,4.8897657,0.0,5.0684247,5.5398726,12.712548,14.55055,16.39259,19.857347,21.41315,19.348793,16.277287,12.591783,13.346436,7.5376134,7.531621,5.4582825,6.665404,7.663845,9.25675,12.200477,14.721912,16.761786,15.338697,18.855656,19.69291,19.629782,17.154972,17.806776,13.546994,15.758574,18.697203,16.541807,13.020304,14.188263,11.66398,10.415567,13.436192,10.049804,13.292792,10.90523,16.528051,15.876157,11.513807,14.99991,12.179996,18.86018,15.205168,19.124348,20.841164,19.85614,22.273846,24.154848,23.567692,20.192448,18.061094,14.305571,11.721535,10.129408,6.3278384,6.3516026,4.808871,7.725849,7.9806147,12.769514,12.604717,16.651798,15.202152,11.954755,13.33933,8.351527,11.072966,9.432575,11.862041,16.777843,14.238028,12.029212,16.96786,14.7591715,16.104988,18.37849,18.655867
30,23.625803,19.668135,18.627398,14.708901,11.616421,13.299033,7.810158,12.127885,8.781537,12.142187,12.301983,16.307064,17.545046,16.26494,14.607899,11.580092,12.371134,8.356177,12.914549,9.573601,13.243918,14.835412,16.279297,19.281008,18.886894,15.004214,14.634418,11.470155,5.550056,5.0684247,0.0,6.311824,10.018542,13.191815,14.4394655,17.685238,20.142817,18.291348,15.880231,12.8670225,12.512159,8.746221,6.0274787,7.538589,4.595945,9.038316,9.703897,13.212747,16.105753,17.000557,14.671315,17.820253,17.67919,16.635693,13.827119,13.911662,10.218755,13.307867,15.902786,15.073043,11.772308,14.210637,10.891451,11.493798,13.065422,12.067685,15.115661,13.698739,18.712276,19.09293,14.825797,17.887732,14.203743,20.244576,15.293682,19.49656,20.118776,18.393444,20.208475,21.884478,20.582102,17.474794,14.599798,11.039738,9.772301,6.499482,6.951913,7.2481427,8.634671,11.92301,13.000439,17.74394,17.309368,21.560177,20.269999,16.974934,18.289728,13.067524,15.468096,12.532799,14.220822,18.699394,14.728952,12.52579,15.94266,13.8139305,13.745055,16.115107,15.274539
31,27.697863,23.573757,23.492748,18.947132,16.580463,18.39812,13.662274,17.546669,13.192288,16.666119,14.471999,18.842949,21.026962,19.1027,18.763865,14.689219,16.427734,12.006963,16.090557,12.587661,15.36694,18.196962,17.741661,21.871881,20.315685,16.0068,17.102709,13.264907,9.648314,5.5398726,6.311824,0.0,8.681637,9.121172,11.600165,14.745732,16.241148,14.645445,11.120783,7.332576,9.453154,5.2160163,6.306345,8.447044,9.038714,12.619086,14.381759,17.550842,20.190287,21.957518,20.15249,23.432291,23.68369,22.699627,20.137125,20.062895,16.150625,19.048454,21.0687,19.715271,16.692438,17.142313,13.342234,12.220405,12.962525,9.753276,11.493807,8.779078,13.701603,13.496715,8.924127,11.73024,8.09922,14.191369,10.153174,14.594775,15.839286,14.674854,17.23847,18.944893,18.825665,15.578648,13.712278,10.09228,7.2519727,7.5713935,3.9405043,8.039949,7.6820097,11.419858,11.601702,16.116865,16.768852,20.216673,17.615969,14.088596,15.036979,9.634992,13.21522,9.378225,13.149817,17.870804,14.908172,11.89215,16.056787,11.851782,13.556417,14.642183,15.228588
32,33.153957,29.35198,27.851038,23.775394,20.943254,20.990316,15.99212,16.929697,11.480966,12.970896,8.805397,13.290128,16.68568,15.723444,17.17492,14.280091,18.23277,15.184585,20.55503,18.579454,22.275015,24.617472,25.536118,29.074379,28.113796,23.91404,23.61627,19.811443,15.438112,12.712548,10.018542,8.681637,0.0,6.208627,4.7134814,8.196199,10.771899,9.115879,8.23418,7.9516706,5.462475,8.53895,6.727591,12.85796,11.158125,17.218914,19.0786,22.44415,25.636112,26.479658,23.949688,27.09415,26.255936,24.305338,20.849655,19.199953,16.088085,19.397642,19.497293,19.807667,18.072536,18.123117,13.264173,14.037591,11.227,12.309341,12.76196,12.932404,15.212173,17.598204,15.158441,17.152792,13.61371,16.90692,12.3521595,17.204628,16.001602,13.131322,14.529205,14.694714,14.225804,12.53768,8.092525,6.4816246,8.23812,8.257588,11.228397,15.093615,16.046,19.82322,19.513807,24.32527,24.209785,27.942284,25.488094,21.744137,23.281414,18.106636,21.896248,17.644918,21.011427,25.308758,21.253489,18.268677,20.298101,15.368278,15.166171,14.742924,13.334694
33,34.956154,31.132164,30.28027,25.58438,23.450336,23.525719,19.350283,20.627975,15.176301,17.596071,12.480085,16.290161,19.739576,17.724476,19.825481,15.921506,19.97891,16.724236,21.431562,19.758596,22.914854,26.208263,26.267822,30.513508,29.264032,24.983644,26.140951,22.242735,18.045475,14.55055,13.191815,9.121172,6.208627,0.0,5.035194,6.198039,8.1583605,8.387899,5.0611897,4.7431045,7.744231,10.377608,11.017298,16.113998,15.618955,20.871107,22.639208,26.010458,28.871614,30.149666,27.853794,30.817911,30.249659,28.170403,25.491987,24.391117,21.386051,24.787794,25.440111,25.37155,23.190228,23.10444,18.395636,18.06672,15.741375,14.653794,13.975401,12.632824,14.251706,15.582928,12.773919,13.314642,9.796102,11.298753,6.9102626,11.555668,10.256912,7.7977495,10.021668,10.605649,11.521089,9.4457855,7.8218603,6.460862,6.3462024,9.70002,10.688739,15.529369,16.311083,20.096813,20.230293,24.414093,25.38592,28.41146,25.09613,21.583529,22.232319,17.308786,20.931131,15.9178505,19.786314,23.618486,20.16215,16.931448,18.710388,12.562085,13.599249,11.848698,12.200404
34,37.465508,33.636284,32.311157,28.038143,25.399044,25.32999,20.576796,21.190903,15.655287,16.831211,11.695049,15.54062,19.43726,18.377724,20.74625,17.754595,22.146746,19.188185,24.403046,22.57251,26.060946,28.77384,29.202112,33.07038,31.76217,27.463078,27.516533,23.534355,19.701723,16.39259,14.4394655,11.600165,4.7134814,5.035194,0.0,4.251112,6.081478,4.9605737,5.166377,7.318873,5.442293,10.845458,10.614637,16.385275,15.5568495,21.341703,23.49874,26.802254,29.97487,31.02904,28.588127,31.779797,30.960732,28.914604,25.500208,23.69033,20.656122,23.85968,23.520046,23.814854,22.36481,21.601217,16.734814,16.987934,13.272581,14.1367655,13.133223,13.603374,14.15765,17.058485,15.664621,16.819838,13.895846,15.279865,11.875285,16.419762,14.628693,11.682579,13.004225,12.270407,12.96292,12.171537,8.43693,8.422713,10.238487,11.957424,14.14939,18.664553,19.26687,23.010305,22.320038,26.870844,27.081825,30.395584,27.425905,23.712366,25.121922,20.29,24.36018,19.902311,23.79924,27.933245,24.222424,21.061563,22.838114,17.086246,17.332481,15.719633,14.815773
35,39.859352,36.18578,34.71313,30.302835,27.969324,27.311003,23.150177,22.99813,17.50399,18.535479,12.645915,15.56281,19.64173,18.359692,21.604727,18.678028,23.55372,21.075218,26.132025,25.009008,28.490875,31.521955,32.09119,36.09697,35.01609,30.734312,31.243591,27.314556,23.01151,19.857347,17.685238,14.745732,8.196199,6.198039,4.251112,0.0,4.5701084,6.3545327,6.9645443,9.778011,9.574226,14.780331,14.605624,20.424093,19.328684,25.223524,27.098824,30.49444,33.59336,34.50545,31.938108,34.8498,33.800056,31.3245,28.27209,26.418121,23.9387,27.324503,26.92052,27.639011,26.191216,25.74617,20.859358,21.232788,17.433598,18.23777,16.911104,17.044924,17.045933,19.670656,18.218636,18.515387,15.61828,15.383106,12.104385,15.80351,12.963563,9.739547,10.287838,8.671409,9.934757,10.209846,7.5094533,9.107165,11.451847,13.883864,16.59415,21.183407,22.21492,26.039919,25.826456,30.191362,30.776823,33.926662,30.68832,27.077017,28.074343,23.265081,27.068125,22.108425,25.829823,29.52027,25.709236,22.59075,23.459435,17.478725,17.485874,14.9159,14.07833
36,42.86584,39.00867,37.946354,33.450596,31.046295,30.941622,26.442112,26.93209,21.380934,22.470722,16.85751,19.99477,24.098736,22.875109,25.915022,22.788687,27.398378,24.486397,29.431793,27.718895,30.919092,34.016804,33.88036,38.092915,36.41553,32.068512,32.581787,28.481117,25.182547,21.41315,20.142817,16.241148,10.771899,8.1583605,6.081478,4.5701084,0.0,3.9286852,5.7253475,9.782922,9.656566,15.238147,16.176569,21.418724,21.345484,26.783932,29.167652,32.402275,35.50872,36.814266,34.492985,37.726406,36.98217,34.877262,31.56789,29.715881,26.701044,29.824568,29.239044,29.423418,28.133732,26.70694,21.96671,21.668444,17.590528,17.900156,15.5924225,16.10871,14.634914,17.671846,17.577835,17.555033,15.715454,14.422463,13.175892,16.643822,14.394228,11.971348,13.077959,11.260617,13.668331,13.967091,11.992584,13.020344,14.385406,17.246103,18.568989,23.464983,23.711012,27.30609,26.311146,30.42136,31.049738,33.803604,30.298422,26.766848,27.914999,23.656471,27.828363,23.31973,27.622618,31.465229,28.26645,25.019901,26.551022,20.23026,21.021803,18.364307,18.218578
