,0,1,2,3,4,5,6,7,8,9,10,11,12,13,14,15,16,17,18,19,20,21,22,23,24,25,26,27,28,29,30,31,32,33,34,35,36,37,38,39,40,41,42,43,44,45,46,47,48,49,50,51,52,53,54,55,56,57,58,59,60,61,62,63,64,65,66,67,68,69,70,71,72,73,74,75,76,77,78,79,80,81,82,83,84,85,86,87,88,89,90,91,92,93,94,95,96,97,98,99,100,101,102,103,104,105,106,107,108,109
0,0.0,4.7454395,6.963736,9.012088,12.327938,13.972332,17.413664,21.38211,23.248545,27.304644,31.673815,34.683044,34.190517,32.186558,28.50439,26.034365,22.087433,21.014383,16.867355,14.5536785,12.341212,10.171009,11.21002,7.4291806,11.07878,14.601839,16.38567,16.27227,17.963573,17.470364,20.81133,20.106443,27.180515,24.538418,28.98781,30.876808,31.811317,31.569868,27.004938,23.017426,27.671011,23.55762,25.546427,23.480967,21.800343,20.976976,21.17671,19.709408,22.825354,26.825806,28.497835,28.565382,30.981491,34.31165,32.217854,35.249653,34.095676,36.362377,41.353172,39.045227,35.590424,37.75703,34.755894,37.106827,34.715103,38.3108,35.80029,31.325756,30.500586,31.790949,29.019556,33.026623,32.97208,36.60675,36.716675,39.722427,41.912964,41.412804,45.530785,44.929882,39.92628,39.073715,35.445686,32.52082,32.576817,27.604525,26.008533,20.831314,20.762772,18.400444,17.375662,20.163681,16.893944,21.031542,22.38228,24.659441,24.77368,29.04806,28.368647,33.091164,33.543617,38.433594,42.836918,39.41126,36.567158,33.03188,29.63303,28.846367,24.557783,25.266996
1,4.7454395,0.0,5.1788797,6.5502744,8.961238,12.095771,14.084731,18.998621,20.401867,24.960346,29.11966,31.926685,32.094948,30.327023,26.924088,24.260946,20.708828,19.068197,15.512712,12.431443,11.869788,8.170564,11.412215,7.40856,12.109251,14.749965,14.809643,15.033812,15.752335,16.735834,18.728405,19.456999,26.036108,24.0435,28.347832,30.360039,31.915258,31.453552,27.10602,23.123203,27.053915,22.961838,24.138956,21.552706,20.85921,19.168932,20.145166,17.66785,21.42148,25.078697,27.11559,26.492645,29.830975,32.558685,30.850378,33.937363,32.115166,34.34317,39.183945,36.36513,32.84706,34.67885,31.648645,33.71155,31.636477,34.642635,32.145756,27.944996,27.693544,29.052292,26.285343,30.456469,30.09102,34.073547,34.022846,37.351788,39.46739,39.173817,43.16798,42.698753,37.618603,36.342804,32.82317,29.732574,29.43286,24.609705,22.38973,17.306759,16.667313,14.265419,12.8192835,15.769895,12.59273,16.391743,17.657326,19.928091,20.175722,24.45077,24.116215,28.682821,29.53904,34.279278,38.550922,35.14122,32.39451,28.587742,25.57165,24.65827,20.472391,21.458147
2,6.963736,5.1788797,0.0,5.087546,7.0500607,8.23459,11.687338,15.161377,17.50594,20.94952,25.926136,28.380108,28.230093,26.643663,22.717306,20.68777,16.877768,16.109535,12.662839,11.018967,10.592622,9.74536,13.164543,10.641537,15.315029,17.474192,17.909288,16.789194,16.70994,16.970884,17.975761,17.914629,23.61847,20.72068,25.372168,26.814964,28.592503,28.636549,24.246109,20.611752,25.25814,22.006165,22.926287,21.593445,21.759079,20.459768,22.385233,20.355255,24.436117,28.150785,29.603409,28.28094,31.49689,33.61777,31.35181,34.003937,32.117104,33.775257,38.62379,35.917694,32.413425,35.04908,32.53119,34.936607,33.65356,36.559357,34.638195,30.841185,30.58428,31.287846,28.024996,31.723993,30.63813,34.45897,33.751537,36.926132,38.55491,37.79003,41.621662,40.57141,35.24929,34.134163,30.442497,27.859278,28.171581,22.819181,21.835651,17.063204,16.816761,15.493882,14.295199,18.100006,15.830558,18.376057,18.900223,20.327587,20.263252,24.222214,23.52704,28.30835,28.628754,33.569695,37.914677,33.978123,31.076605,27.533802,23.844748,22.73026,18.452066,18.635515
3,9.012088,6.5502744,5.087546,0.0,3.773421,6.169073,8.585393,13.110016,14.343046,19.155127,22.897736,26.081865,25.913181,23.943182,20.818367,17.827988,14.385596,12.540298,9.032518,6.201453,6.587983,5.5066795,9.6937475,8.524903,13.016302,14.025462,13.97154,12.218599,11.708785,12.2700615,13.0173435,13.610522,19.624578,17.779844,21.982538,24.046333,25.871168,25.322273,21.138622,17.287811,21.043037,17.46749,18.207575,16.520517,16.92759,15.511081,17.897112,15.990436,20.234009,23.883871,25.0202,23.392012,26.64785,28.562485,26.318348,29.00198,27.063864,28.836212,33.705746,31.06953,27.572212,30.224117,27.719252,30.338264,29.08749,32.38929,30.775269,27.009657,26.369984,26.67277,23.232224,26.765652,25.713364,29.441002,28.860167,31.999014,33.794937,33.184464,37.132908,36.404366,31.271572,30.199223,26.586905,23.684027,23.833416,18.689455,17.564827,12.594591,13.028748,11.798767,11.756591,15.51078,14.506163,17.29366,17.287485,18.782272,17.820051,21.884567,20.272005,25.277534,25.037582,30.107227,34.66488,31.119865,28.137665,25.270432,21.17573,20.970976,16.5585,17.85483
4,12.327938,8.961238,7.0500607,3.773421,0.0,5.306563,5.1550393,10.623498,11.47229,16.562836,20.244272,23.117893,23.537191,21.88456,18.986,16.018007,13.1330185,10.919793,8.674766,5.879972,8.654359,7.610393,12.506548,11.631925,16.064793,16.460476,15.268111,13.52734,11.728076,13.48421,12.191485,14.098788,18.869373,17.513464,21.486965,23.431765,25.869335,25.283167,21.451086,17.928446,21.000774,17.922935,17.67564,16.022635,17.744654,15.748121,19.020405,16.543514,21.158691,24.37643,25.580063,23.157862,27.08299,28.205809,26.175844,28.693644,26.139204,27.630438,32.296543,29.233902,25.7129,28.328466,26.03467,28.489544,27.87229,30.557539,29.22276,25.943214,25.811092,25.905743,22.364025,25.76781,24.141376,28.085682,27.100424,30.463259,31.993092,31.419039,35.16608,34.369656,29.10637,27.667562,24.117367,21.237972,21.249014,16.065771,14.806494,10.19073,10.212351,9.779625,9.669796,13.82276,13.68744,15.326501,14.729227,15.7114525,14.549715,18.436848,16.872036,21.858881,21.732107,26.763588,31.248804,27.521494,24.549187,21.589497,17.496496,17.198017,12.785576,14.25666
5,13.972332,12.095771,8.23459,6.169073,5.306563,0.0,6.172088,7.495075,10.011383,13.418348,17.977528,20.846104,20.252659,18.460543,14.84023,12.456971,8.781496,8.117826,5.4876766,6.327047,7.8364305,10.633741,14.0605955,14.2627,18.260048,18.61598,18.660738,15.745461,14.064929,13.893141,12.487289,12.238563,16.12896,13.331358,17.826315,19.166143,21.562384,21.561123,17.570873,14.442491,18.653877,16.615633,16.580772,16.850426,18.724558,17.797167,21.29377,19.922964,24.266804,27.691923,28.123873,25.570272,28.668907,29.553955,26.738514,28.717026,26.60845,27.500837,32.220963,29.730999,26.354393,30.008238,28.303877,31.268627,31.138878,34.168808,33.364246,30.261698,29.683666,29.150774,25.254395,27.978502,25.945087,29.332466,27.83312,30.708055,31.780476,30.567675,34.22292,32.758442,27.345121,26.46598,22.672577,20.522923,21.545681,15.8321,16.723059,12.831239,13.9068165,14.373046,14.760855,18.924734,18.983992,20.349838,19.45025,19.825298,18.316818,21.660864,19.395363,24.47696,23.347511,28.553585,33.14086,29.062038,25.924309,23.748108,18.725327,18.588345,14.297641,14.770014
6,17.413664,14.084731,11.687338,8.585393,5.1550393,6.172088,0.0,6.829619,6.5953727,12.267516,15.3921385,18.171373,19.03354,17.627378,15.327337,12.237467,10.464304,7.8002615,7.9805512,6.726865,11.028439,11.427974,15.9972925,16.14576,20.143469,19.66532,17.870884,15.5257435,12.399984,14.5936,10.7311,13.640333,16.228065,15.617869,19.019058,20.792042,23.918303,23.261658,20.060509,17.191513,19.260519,17.225403,15.71747,14.89277,18.29169,16.184998,20.530169,18.143873,22.847635,25.553751,26.31515,22.863552,27.097998,27.058928,24.992994,27.025354,23.911482,24.7824,29.157097,25.84948,22.40472,25.457756,23.783617,26.3372,26.801765,29.009972,28.454243,25.952316,26.039663,25.403896,21.592398,24.323105,21.790953,25.638805,23.934158,27.316671,28.343039,27.604218,31.072239,30.042036,24.648777,22.962395,19.443417,16.784512,16.99498,11.615644,11.297827,7.9682245,8.447063,10.015173,10.746748,14.75923,16.217136,16.395096,14.718211,14.600042,12.512074,15.662309,13.236716,18.31085,17.474207,22.60653,27.14332,23.179756,20.089846,17.815979,12.958639,13.192269,8.855056,10.777504
7,21.38211,18.998621,15.161377,13.110016,10.623498,7.495075,6.829619,0.0,4.7030835,6.0455685,11.147127,13.3962755,13.207645,12.0615015,8.754911,7.0366344,5.604478,5.9088674,8.146092,10.636726,13.679796,16.712383,20.257706,21.11934,24.868086,24.367498,23.54027,20.269062,17.24475,17.728172,13.4099,14.164853,13.962123,11.922898,15.397071,15.938836,19.608421,19.800137,16.999891,15.335347,18.02879,17.914684,16.113846,17.810972,21.642591,20.571983,25.163252,23.748302,28.182285,30.950613,30.940046,27.184868,30.625666,29.95623,27.127888,28.30793,25.514563,25.342653,29.473707,26.760288,23.660997,27.948442,27.23009,30.203602,31.533878,33.761894,33.93048,31.866026,31.682487,30.341885,26.248722,28.03468,24.82296,27.903688,25.31468,28.04632,28.178583,26.554539,29.612665,27.512094,21.844196,20.715094,16.96218,15.748397,17.463818,11.742816,14.717025,13.119206,14.396142,16.628235,17.471182,21.437141,22.923244,22.647127,20.702362,19.775803,17.574894,19.61065,16.667206,21.321102,19.242977,24.255753,28.6634,24.166676,21.00211,19.925518,14.13799,14.432375,11.042467,11.010251
8,23.248545,20.401867,17.50594,14.343046,11.47229,10.011383,6.5953727,4.7030835,0.0,7.3550115,8.811512,12.140652,12.814465,11.407219,10.345227,6.94443,7.6161532,5.2548985,8.987072,10.341628,14.359921,16.617214,20.225176,21.541998,24.928968,23.686934,22.058968,18.840647,15.118896,16.534565,10.793797,13.360811,12.343494,12.652587,14.911989,16.302057,20.131758,19.46676,17.300966,15.654219,16.45817,16.298765,13.512603,14.775523,19.526209,18.062122,23.101065,21.55002,25.907383,28.193392,28.053198,23.769176,27.57093,26.256638,23.788284,24.911556,21.605835,21.391436,25.35766,22.300472,19.177797,23.347214,22.7963,25.75836,27.480925,29.579157,30.136292,28.453503,28.289978,26.591661,22.505974,23.963688,20.44741,23.562466,20.848688,23.773514,23.960981,22.655151,25.755888,24.13642,18.561188,17.005651,13.351691,11.491487,12.830757,7.1252217,10.394809,9.891237,11.617988,14.507448,16.124992,19.556955,22.070574,21.54631,19.172777,18.125639,15.16709,16.892395,12.999575,17.678852,14.980657,20.11121,24.70298,20.622671,17.39516,17.108913,10.995611,12.620717,9.562726,11.273002
9,27.304644,24.960346,20.94952,19.155127,16.562836,13.418348,12.267516,6.0455685,7.3550115,0.0,7.5373087,8.071124,7.8445745,8.043576,5.269552,6.4872866,8.141971,9.745934,13.24725,16.252205,19.224918,22.598656,25.941505,27.10095,30.694298,29.90358,28.940844,25.477869,22.116083,22.52082,17.386047,18.020058,14.983629,13.343558,15.501847,14.857938,19.21674,19.848225,18.236763,17.949734,19.706205,21.116352,18.560688,21.355625,25.89563,25.016829,29.934301,28.716398,33.02624,35.445953,35.071644,30.779705,34.104588,32.489758,29.593384,30.051447,27.082497,25.979965,29.430292,26.864658,24.23722,28.998198,29.149235,32.086674,34.40588,36.097946,36.9644,35.603607,35.586357,33.729446,29.627556,30.635658,26.750727,29.30305,25.933613,28.244991,27.46013,25.347567,27.672895,24.786669,19.105034,18.034891,14.584248,14.904716,17.39466,12.582149,17.102833,17.206615,18.498053,21.38651,22.347267,26.043678,28.06782,26.992529,24.611229,22.934706,20.554228,21.423344,18.290737,22.096786,19.256079,23.68782,27.680517,22.926678,19.948565,20.087862,14.240498,14.779556,12.975623,12.083357
10,31.673815,29.11966,25.926136,22.897736,20.244272,17.977528,15.3921385,11.147127,8.811512,7.5373087,0.0,5.5408792,5.811145,5.310152,8.594124,7.347121,11.48609,11.243997,15.806354,18.298487,21.685404,24.86342,27.741816,29.779634,32.676105,30.886765,29.391308,25.741692,21.888565,22.614803,16.36977,18.009384,12.555887,14.147743,13.836686,14.011909,18.50254,18.001747,17.927967,18.33745,17.260147,19.619259,15.879262,19.173601,24.59168,23.82025,29.0606,28.256208,32.09334,33.819813,32.826294,27.918997,31.032583,28.22001,25.551836,25.319857,22.036852,20.15227,22.89573,20.478392,18.36524,23.547264,24.606966,27.691324,30.869728,32.53198,34.326023,33.67213,33.374653,30.68976,26.67977,26.56008,22.17151,23.941149,20.008883,21.872242,20.501469,18.265734,20.260769,17.4229,11.740276,10.519584,7.169846,8.555255,11.757826,8.805468,14.793226,16.82946,18.830397,22.23134,24.1956,27.104221,30.30636,29.145594,26.321455,24.54718,21.266056,21.405523,16.947077,20.085127,15.604835,19.61648,23.631163,19.784746,16.933863,19.3712,13.451198,16.04501,15.230797,16.151077
11,34.683044,31.926685,28.380108,26.081865,23.117893,20.846104,18.171373,13.3962755,12.140652,8.071124,5.5408792,0.0,5.4695296,8.054471,10.17534,11.329653,14.940825,15.50645,19.844929,22.332876,25.844503,28.749882,32.11632,33.62497,36.949497,35.505905,33.80699,30.444857,26.514631,27.58466,21.35445,23.065031,17.85522,18.434092,18.48556,17.687,22.29924,22.468094,22.457006,23.073456,22.626122,25.01764,21.378206,24.364471,29.82632,28.754831,34.037357,32.777863,36.847675,38.51002,37.840523,32.810997,36.30864,33.32628,30.912064,30.632538,27.125141,25.069824,27.274736,24.572523,22.7156,27.40037,28.637276,31.225023,34.833237,35.60513,37.44127,37.181118,37.473995,35.004345,31.15499,31.159414,26.562967,28.480213,24.335876,26.246603,24.398743,22.191618,23.346294,20.058266,14.832479,13.157951,10.965611,13.045363,15.642457,13.312719,18.373508,20.629337,21.845106,25.389563,26.739399,29.71737,32.767506,30.81022,27.867327,25.510382,22.715221,22.088636,18.626812,20.900879,17.10752,20.271286,23.5195,19.055416,16.60047,18.932583,13.827817,15.43355,15.77258,15.458375
12,34.190517,32.094948,28.230093,25.913181,23.537191,20.252659,19.03354,13.207645,12.814465,7.8445745,5.811145,5.4695296,0.0,3.6915162,6.655444,8.881869,12.676612,14.340973,18.452066,21.885386,24.568748,28.590605,31.214544,33.21642,36.213154,34.776806,33.932835,30.014801,26.521957,26.393488,20.861902,21.00818,15.012666,14.793835,14.458591,12.85136,17.400585,18.053812,18.369556,19.71714,19.699295,22.889933,19.772894,23.9241,28.861343,28.585001,33.640884,33.15764,36.992813,39.009514,37.84529,33.17411,35.774002,33.13903,30.031132,29.449064,26.77041,24.529202,27.030174,25.318296,23.53817,29.003464,30.262665,33.42225,36.60771,38.328438,40.11933,39.378372,38.996056,36.31383,32.234535,32.03488,27.724245,29.129902,25.109661,26.405905,24.566515,21.731485,23.14841,19.29575,14.086565,13.968977,11.336934,13.871993,17.372042,14.469404,20.455666,21.968584,23.886786,27.12841,28.749125,32.015984,34.73819,33.573948,30.87798,28.971426,26.065434,26.147068,22.212946,25.174456,20.967016,24.581802,28.163416,24.025543,21.413488,23.67778,18.021273,19.717937,19.061857,18.68763
13,32.186558,30.327023,26.643663,23.943182,21.88456,18.460543,17.627378,12.0615015,11.407219,8.043576,5.310152,8.054471,3.6915162,0.0,5.549171,6.201459,10.290302,11.803032,15.857071,19.469954,21.85575,26.218584,28.4109,30.773232,33.462765,31.861397,31.309341,27.165598,23.863596,23.270746,18.016348,17.669205,11.383457,11.453822,10.82555,9.657072,14.255317,14.577566,14.848724,16.227869,16.035702,19.373707,16.41638,20.96567,25.664026,25.724218,30.649971,30.557657,34.20325,36.328922,34.930447,30.460484,32.665493,30.274841,26.900677,26.332594,23.997736,21.899311,24.790796,23.43097,21.524775,27.272991,28.369095,31.84025,34.64686,36.981766,38.68529,37.634987,36.837906,34.063503,29.897284,29.650263,25.594942,26.849016,23.070654,24.23665,22.748222,19.846844,21.821875,18.238356,12.885891,13.324403,10.169407,12.214589,15.974101,12.714911,18.99557,20.132494,22.517683,25.554207,27.495085,30.746796,33.445374,32.837513,30.274656,28.754484,25.642529,26.217295,21.836973,25.280638,20.828663,24.871199,28.847845,25.024569,22.213259,24.420015,18.3979,20.48988,19.172876,19.390291
14,28.50439,26.924088,22.717306,20.818367,18.986,14.84023,15.327337,8.754911,10.345227,5.269552,8.594124,10.17534,6.655444,5.549171,0.0,5.0514784,7.021349,10.194105,13.3616085,17.445559,19.376528,24.006971,26.388813,28.211664,31.31111,30.402977,30.29991,26.253588,23.34678,22.443798,18.049877,16.91764,12.756483,10.053641,11.821962,10.180877,14.496841,15.721447,14.475178,15.166721,17.315624,19.749874,17.704994,21.802994,25.84227,25.851856,30.521431,30.194471,34.137997,36.77007,35.795475,31.78495,34.141766,32.6623,29.146389,29.166115,27.001621,25.573547,29.066877,27.454786,25.083973,30.538876,30.950314,34.36254,36.526558,38.971733,40.021366,38.430046,37.762287,35.55722,31.308527,31.874943,28.17726,30.053598,26.695053,28.309969,27.364536,24.698093,27.050533,23.690355,18.260298,18.370235,14.897259,15.900771,19.177351,14.575191,20.031128,19.895164,21.92335,24.557169,25.913862,29.652082,31.540363,31.152016,28.937473,27.59814,25.0229,26.159391,22.485638,26.450123,22.924047,27.392332,31.497932,27.108454,24.133438,24.947933,18.893877,19.913883,17.895546,17.219826
15,26.034365,24.260946,20.68777,17.827988,16.018007,12.456971,12.237467,7.0366344,6.94443,6.4872866,7.347121,11.329653,8.881869,6.201459,5.0514784,0.0,4.4150033,5.79416,9.685157,13.444594,15.746689,20.175323,22.430988,24.635784,27.45029,26.115664,25.780869,21.657616,18.60445,17.865993,13.095636,12.512604,8.591657,7.4656115,9.24773,9.606986,13.755769,13.751279,12.126663,11.974513,13.280123,15.179879,12.841119,16.758877,20.96545,20.918032,25.675491,25.445173,29.280745,31.822062,30.768854,26.745743,29.138521,27.739676,24.292944,24.566439,22.309343,21.258907,25.134193,23.408379,20.796314,26.186853,26.340958,29.906006,31.770641,34.613735,35.612644,33.864613,32.935745,30.65518,26.382349,26.977991,23.474802,25.447392,22.393883,24.212372,23.799921,21.483746,24.420715,21.808983,16.290146,16.241846,12.425157,12.299232,15.351752,10.388334,15.834569,15.539105,18.053255,20.614798,22.481781,25.981964,28.199333,28.22765,26.019033,25.050707,22.094582,23.612514,19.370739,23.70633,19.96618,24.79031,29.267843,25.342607,22.21283,23.110353,16.832413,18.599777,16.06798,16.670977
16,22.087433,20.708828,16.877768,14.385596,13.1330185,8.781496,10.464304,5.604478,7.6161532,8.141971,11.48609,14.940825,12.676612,10.290302,7.021349,4.4150033,0.0,4.4515624,6.4020147,10.813255,12.357219,17.256088,19.393719,21.320177,24.305887,23.505608,23.752321,19.659939,17.209953,15.901349,12.494497,10.811758,9.861904,6.4017153,10.3621855,10.90043,14.174804,14.525036,11.521515,10.278071,13.723238,14.472533,13.344673,16.646734,19.869436,19.949951,24.25967,24.036057,27.960472,30.966671,30.18857,26.77571,29.051558,28.601936,25.040594,25.832933,23.952467,23.56439,27.889189,26.179766,23.2925,28.34485,27.874983,31.431105,32.532146,35.717922,36.12633,33.79725,32.76316,30.968544,26.700182,27.950731,25.009647,27.335775,24.848343,26.875383,27.007095,24.915668,28.184397,25.849075,20.428802,20.377178,16.512196,15.701594,18.22392,12.703799,16.916853,15.205024,17.559965,19.464512,20.97671,24.789824,26.243536,26.857704,25.091694,24.574148,22.03671,24.246283,20.515823,25.280588,22.276247,27.365757,31.965971,27.90852,24.703302,24.579937,18.468813,19.55566,16.261984,16.583328
17,21.014383,19.068197,16.109535,12.540298,10.919793,8.117826,7.8002615,5.9088674,5.2548985,9.745934,11.243997,15.50645,14.340973,11.803032,10.194105,5.79416,4.4515624,0.0,4.597258,7.676597,10.474591,14.422492,16.907278,19.00481,21.882807,20.59527,20.127657,16.151474,13.191517,12.799753,8.342049,8.587752,8.80428,8.189521,11.225336,13.173018,16.281452,15.534617,12.668738,10.533933,12.404686,12.051338,10.323045,12.624253,16.374739,15.939483,20.564154,20.040596,24.04829,26.844,26.199566,22.57241,25.317379,24.790007,21.592033,22.754774,20.445251,20.504707,25.003412,22.877111,19.758726,24.423597,23.661678,27.17105,28.114504,31.366844,31.729324,29.393526,28.35508,26.561216,22.30639,23.718264,20.868608,23.51,21.30203,23.717602,24.306303,22.735107,26.304752,24.698715,19.354288,18.832027,15.001554,13.116623,14.958596,9.313283,12.812568,10.929868,13.631049,15.591392,17.58371,21.099005,23.048704,23.773579,21.913143,21.61977,18.750793,21.164843,17.08579,22.021757,19.060661,24.293297,29.065022,25.405867,22.176031,22.043806,16.028887,17.682114,14.185875,15.704989
18,16.867355,15.512712,12.662839,9.032518,8.674766,5.4876766,7.9805512,8.146092,8.987072,13.24725,15.806354,19.844929,18.452066,15.857071,13.3616085,9.685157,6.4020147,4.597258,0.0,4.843086,6.140432,11.015395,13.045468,15.077218,17.964746,17.195065,17.597803,13.592332,11.70047,10.268159,8.4734125,6.998297,10.969287,8.974107,13.025805,15.141903,17.264275,16.655348,12.795445,9.498921,13.175865,11.367388,11.402643,12.766834,14.857285,14.755962,18.589,18.29248,22.218298,25.5544,25.127409,22.392101,24.750122,25.380486,22.085892,23.762255,22.07699,22.822168,27.651928,25.765121,22.532646,26.77497,25.397491,28.889647,28.884167,32.652325,32.390682,29.377018,28.04677,26.77787,22.640522,24.670969,22.642622,25.42952,23.942705,26.36952,27.498386,26.12542,29.969566,28.630592,23.492954,23.162928,19.379852,17.18695,18.606,13.117061,15.139106,11.735716,14.230329,15.086499,16.778057,20.435482,21.466866,23.15351,21.909855,22.295523,19.906986,23.031654,19.510334,24.668213,22.384842,27.689472,32.508907,28.933868,25.718216,24.802444,19.186996,20.296173,16.266632,17.633266
19,14.5536785,12.431443,11.018967,6.201453,5.879972,6.327047,6.726865,10.636726,10.341628,16.252205,18.298487,22.332876,21.885386,19.469954,17.445559,13.444594,10.813255,7.676597,4.843086,0.0,4.8624806,6.748709,9.929546,11.49224,14.636565,13.757863,13.238817,9.849547,7.8069997,8.201243,6.9967413,8.366043,13.902864,13.436613,16.883045,19.530167,21.537992,20.38625,16.681488,12.950711,15.397278,12.045756,12.115162,10.951892,12.635795,11.471303,15.180652,14.022847,18.271866,21.611954,21.831863,19.317533,22.41149,23.514576,20.930716,23.297213,21.255959,22.77266,27.65907,25.255493,21.81913,25.068424,23.00526,26.14842,25.497553,29.245115,28.471695,25.134174,23.957438,23.226755,19.30942,22.092356,20.602766,23.96836,23.126556,26.051126,27.761703,27.060884,31.071728,30.45017,25.488388,24.633015,21.071136,18.051172,18.41317,13.3677025,13.168942,8.626141,10.782024,10.797026,12.620495,16.030878,17.020044,19.20737,18.244757,19.218151,16.976822,20.610107,17.484327,22.671621,21.181194,26.419159,31.225815,28.016655,24.911583,23.360659,18.450048,19.514618,15.29758,17.497574
20,12.341212,11.869788,10.592622,6.587983,8.654359,7.8364305,11.028439,13.679796,14.359921,19.224918,21.685404,25.844503,24.568748,21.85575,19.376528,15.746689,12.357219,10.474591,6.140432,4.8624806,0.0,6.561275,7.16954,9.495423,11.980487,11.704873,13.283127,9.554728,9.702516,7.182274,9.752014,7.8081393,14.995442,13.381907,17.195776,19.788849,20.83202,19.89839,15.649505,11.4985485,15.402309,11.619092,13.455439,12.898737,12.4372425,12.625444,14.936421,14.98192,18.505972,22.394457,22.307467,20.894333,22.767239,24.889835,21.843857,24.247065,23.234,24.93518,29.995867,28.305727,25.013142,28.434187,26.27415,29.617727,28.326077,32.75075,31.728868,27.913086,26.12332,25.55885,21.800821,24.544466,23.721378,26.623066,26.187023,28.65778,30.555141,29.663273,33.828625,33.123287,28.361912,28.078772,24.468142,21.70678,22.424616,17.49179,17.74085,13.175377,15.315682,14.617142,16.127567,19.349491,19.383293,22.485268,22.067068,23.421354,21.512215,25.312506,22.319677,27.493477,25.918076,31.155613,35.993908,32.84616,29.726362,28.185875,23.240002,24.140293,19.841776,21.549448
21,10.171009,8.170564,9.74536,5.5066795,7.610393,10.633741,11.427974,16.712383,16.617214,22.598656,24.86342,28.749882,28.590605,26.218584,24.006971,20.175323,17.256088,14.422492,11.015395,6.748709,6.561275,0.0,5.4388,5.148104,8.770929,8.909807,8.531132,7.162019,7.827883,8.900574,11.40097,12.7444725,19.79158,19.34466,22.792837,25.646393,27.025772,25.729284,21.782986,17.631626,20.152672,15.536124,16.7467,13.618194,12.758301,11.142012,12.681416,10.844145,14.840584,18.643248,19.867062,18.891745,21.95551,24.54511,22.686918,25.806501,24.178265,26.606398,31.508698,29.06262,25.625566,27.651546,24.697838,27.307549,25.211813,29.228012,27.379185,23.161001,21.883162,22.370914,19.196903,22.989677,22.819902,26.450497,26.679644,29.767035,32.161217,32.023037,36.20645,36.184868,31.522066,30.531221,27.179325,23.743158,23.341274,19.012465,16.89524,11.692881,12.571878,10.385919,11.3994055,13.994097,13.415503,17.347427,17.561365,19.716208,18.382133,22.618383,20.587048,25.460163,25.120422,30.047113,34.67071,31.90035,29.02183,26.57235,22.775106,23.350546,19.118303,21.44789
22,11.21002,11.412215,13.164543,9.6937475,12.506548,14.0605955,15.9972925,20.257706,20.225176,25.941505,27.741816,32.11632,31.214544,28.4109,26.388813,22.430988,19.393719,16.907278,13.045468,9.929546,7.16954,5.4388,0.0,4.8694344,5.0781827,4.8793254,8.105875,6.0188165,9.268136,7.362088,12.927208,12.291679,20.230263,19.78538,22.89245,26.009062,26.463533,24.96447,20.98389,16.731531,19.336527,14.241061,16.842922,14.065858,10.903321,10.9848995,10.639182,11.003432,13.52383,17.80998,18.304039,18.61321,20.05016,23.716919,21.473682,24.639359,24.14074,26.836851,31.84229,30.237764,27.025576,29.21872,26.26532,29.213388,26.487976,31.487331,29.676971,25.11972,22.80138,23.116577,20.139456,23.553123,24.171627,27.10516,27.87717,30.400564,33.09732,32.90097,37.274406,37.420555,33.158466,32.75657,29.466887,26.118279,25.979616,21.978153,20.481974,15.594675,17.198729,15.049788,16.501062,18.479326,17.791883,22.28031,22.667313,24.963844,23.442945,27.602684,25.091618,29.948246,29.053488,33.97997,38.705605,36.26664,33.358982,31.463026,27.38464,28.357954,24.137276,26.455404
23,7.4291806,7.40856,10.641537,8.524903,11.631925,14.2627,16.14576,21.11934,21.541998,27.10095,29.779634,33.62497,33.21642,30.773232,28.211664,24.635784,21.320177,19.00481,15.077218,11.49224,9.495423,5.148104,4.8694344,0.0,4.89325,7.4696903,9.126825,9.295929,11.842031,11.723644,16.001997,16.196325,23.85749,22.86981,26.484114,29.263653,30.074545,28.922703,24.740358,20.485859,23.591413,18.686674,20.7765,17.616385,15.163488,14.214732,13.821133,12.582866,15.454449,19.54792,21.083305,21.462517,23.740202,27.363243,25.609406,28.920567,27.920368,30.649279,35.58499,33.44196,30.089874,31.809214,28.582071,31.019257,28.140898,32.42275,30.023964,25.330666,23.803448,24.939192,22.300867,26.301527,26.856297,30.30649,31.01492,33.93374,36.578598,36.50439,40.785404,40.86204,36.321106,35.512917,32.154175,28.742565,28.339417,24.111626,21.872398,16.68498,17.23232,14.479075,14.782189,16.765163,14.778738,19.636074,20.639427,23.25415,22.515755,26.87583,25.348356,30.058798,30.069525,34.884315,39.42225,36.75435,33.944786,31.15959,27.68643,27.946447,23.701998,25.698685
24,11.07878,12.109251,15.315029,13.016302,16.064793,18.260048,20.143469,24.868086,24.928968,30.694298,32.676105,36.949497,36.213154,33.462765,31.31111,27.45029,24.305887,21.882807,17.964746,14.636565,11.980487,8.770929,5.0781827,4.89325,0.0,4.3930902,8.47108,9.085694,13.011939,11.881278,17.607943,17.230196,25.207054,24.725712,27.825554,30.935678,31.140053,29.645319,25.663944,21.443438,23.989132,18.732344,21.520266,18.14539,14.145826,14.057757,11.9022,12.101888,13.458125,17.704895,18.891048,20.492943,21.625597,26.140759,24.474047,27.911316,27.677645,30.753492,35.637833,34.035553,30.894266,32.381477,29.03347,31.560795,28.018156,33.032017,30.580757,25.614075,23.261091,24.420488,22.174274,25.962128,27.32001,30.280514,31.600437,34.154537,37.153538,37.247795,41.65317,42.092564,37.978382,37.4861,34.292137,30.787245,30.318,26.598215,24.377167,19.444487,20.443808,17.61047,18.484715,19.73255,18.072348,23.274437,24.3335,27.123783,26.138645,30.436998,28.531918,33.13289,32.827873,37.538868,42.11075,39.90407,37.13402,34.79596,31.28573,31.994038,27.822882,30.128386
25,14.601839,14.749965,17.474192,14.025462,16.460476,18.61598,19.66532,24.367498,23.686934,29.90358,30.886765,35.505905,34.776806,31.861397,30.402977,26.115664,23.505608,20.59527,17.195065,13.757863,11.704873,8.909807,4.8793254,7.4696903,4.3930902,0.0,5.7941594,5.7272806,10.154471,9.039226,14.9705305,15.119662,22.850433,23.403269,25.847208,29.345043,29.546019,27.565918,24.002764,19.886345,21.242838,15.768931,18.460287,14.645112,10.122962,10.251978,7.5919466,8.79922,9.7727165,14.129055,14.761867,16.355925,17.245178,21.795958,20.21446,23.734983,23.615917,26.859581,31.658968,30.239634,27.229187,28.618671,25.319996,28.028086,24.453665,29.927546,27.852436,23.004768,20.089558,20.747915,18.428581,21.93696,23.545614,26.239393,27.813873,30.214603,33.38439,33.659492,38.09004,38.85144,35.062355,34.65261,31.67647,28.045345,27.421553,24.25345,22.01276,17.48836,19.011372,16.462593,18.207674,19.11308,18.639727,23.539402,24.134346,26.775053,25.220007,29.318932,26.810625,31.316267,30.547602,35.155983,39.763588,37.953175,35.220932,33.512672,29.883686,31.18908,27.189316,29.992872
26,16.38567,14.809643,17.909288,13.97154,15.268111,18.660738,17.870884,23.54027,22.058968,28.940844,29.391308,33.80699,33.932835,31.309341,30.29991,25.780869,23.752321,20.127657,17.597803,13.238817,13.283127,8.531132,8.105875,9.126825,8.47108,5.7941594,0.0,4.9448214,7.6377254,10.1452055,13.643171,16.30033,23.158928,24.648436,26.846405,30.473795,31.43012,29.207407,25.97882,21.96105,22.240562,16.869099,18.173262,12.964911,10.159734,7.85902,6.3298364,3.7703073,6.621006,10.509271,12.437319,13.035542,16.00844,19.69675,19.148676,22.924438,21.672287,25.10495,29.641186,27.398447,24.295107,24.772131,21.103031,23.283916,19.62494,24.577478,22.273222,17.428648,15.0372715,16.148333,14.022019,18.24118,19.834526,23.184126,24.86544,27.829393,31.092764,31.85913,36.146156,37.287537,33.510254,32.489666,29.7663,25.77575,24.408289,21.822412,18.267513,14.022943,14.946807,12.076408,14.083927,14.132084,14.530517,19.134245,19.5892,22.34343,20.751387,24.728043,22.515968,26.630825,26.408587,30.684723,35.090378,33.620888,31.102728,29.230509,26.305948,27.720066,24.075047,27.417637
27,16.27227,15.033812,16.789194,12.218599,13.52734,15.745461,15.5257435,20.269062,18.840647,25.477869,25.741692,30.444857,30.014801,27.165598,26.253588,21.657616,19.659939,16.151474,13.592332,9.849547,9.554728,7.162019,6.0188165,9.295929,9.085694,5.7272806,4.9448214,0.0,4.5011487,5.205475,9.584773,11.419166,18.457464,19.932362,22.013699,25.683207,26.512306,24.27844,21.057793,17.077835,17.415169,12.034672,13.668463,9.247086,6.3055534,5.1009607,5.7133307,5.9361153,8.961903,12.888101,13.128028,12.676298,14.894996,18.10071,16.410355,19.863623,18.884237,21.939798,26.778217,24.960705,21.812382,23.486961,20.403622,23.382133,20.640205,25.932144,24.494165,20.165117,17.482922,17.28435,14.177095,17.55099,18.410532,21.382738,22.520687,25.177378,28.172888,28.460726,32.836834,33.59293,29.71876,29.094582,26.189445,22.441423,21.701645,18.682913,16.449444,12.190714,14.251907,12.373702,14.989531,16.139524,17.105059,21.08153,20.919474,23.092579,20.915758,24.760656,21.668303,26.22424,25.027998,29.68911,34.37367,32.578968,29.819317,28.584948,24.73401,26.479944,22.665882,25.846857
28,17.963573,15.752335,16.70994,11.708785,11.728076,14.064929,12.399984,17.24475,15.118896,22.116083,21.888565,26.514631,26.521957,23.863596,23.34678,18.60445,17.209953,13.191517,11.70047,7.8069997,9.702516,7.827883,9.268136,11.842031,13.011939,10.154471,7.6377254,4.5011487,0.0,5.9352074,6.092445,10.333272,16.077818,18.217562,20.072636,23.70349,25.224129,22.94107,20.047352,16.359232,15.9615345,11.215815,11.275802,6.362975,7.038125,4.0302854,8.231623,6.873501,10.968727,13.956483,14.169732,11.780879,15.381681,16.993874,15.39463,18.585594,16.539198,19.242617,24.028019,21.620256,18.280941,20.183989,17.335373,20.412947,18.649391,23.368238,22.447989,18.739206,16.68745,15.887075,12.166185,15.402222,15.225984,18.658585,19.177935,22.221905,24.932573,25.222963,29.47824,30.1499,26.079351,25.104656,22.228666,18.34933,17.42568,14.409474,11.96431,7.8735666,10.402895,9.38254,12.645934,14.062076,16.17783,19.11297,18.289005,19.967976,17.312649,20.899319,17.394989,22.011086,20.571756,25.310549,30.049225,28.157526,25.370928,24.40083,20.422653,22.461798,18.84997,22.329922
29,17.470364,16.735834,16.970884,12.2700615,13.48421,13.893141,14.5936,17.728172,16.534565,22.52082,22.614803,27.58466,26.393488,23.270746,22.443798,17.865993,15.901349,12.799753,10.268159,8.201243,7.182274,8.900574,7.362088,11.723644,11.881278,9.039226,10.1452055,5.205475,5.9352074,0.0,6.992704,6.4147644,13.832342,15.131833,17.070007,20.764507,21.35701,19.146994,15.8852825,11.948444,12.561575,7.241864,9.651919,7.499045,5.283116,6.6681733,8.902429,10.608779,13.190245,16.80271,15.782597,14.535554,15.648658,18.082785,15.087585,17.855799,17.351675,19.730782,24.797575,23.593855,20.526814,23.548733,21.261267,24.89188,23.120584,28.513159,27.846594,24.034754,21.237635,20.044199,16.353558,18.604494,18.614157,20.953068,21.375473,23.52702,26.084148,25.726028,30.133884,30.35531,26.394573,26.324257,23.222511,19.942905,20.100685,16.613146,16.28716,12.485162,15.4817095,14.736291,17.540361,19.522287,20.779009,24.137901,23.488926,25.055895,22.459373,26.01954,22.194618,27.029016,24.8497,29.787659,34.655876,32.52245,29.562996,29.019434,24.279854,26.28952,22.42215,25.238295
30,20.81133,18.728405,17.975761,13.0173435,12.191485,12.487289,10.7311,13.4099,10.793797,17.386047,16.36977,21.35445,20.861902,18.016348,18.049877,13.095636,12.494497,8.342049,8.4734125,6.9967413,9.752014,11.40097,12.927208,16.001997,17.607943,14.9705305,13.643171,9.584773,6.092445,6.992704,0.0,6.648335,10.263005,13.11971,14.461579,18.069445,20.023857,17.734938,15.2745075,12.207995,11.111287,7.842062,6.1908226,4.5271378,8.771681,7.8369985,12.828988,12.673796,16.24555,18.76645,17.88953,14.320388,17.223387,17.188694,14.474241,16.602976,14.2896,15.827834,20.74943,18.609468,15.272134,18.923645,17.287884,21.015512,20.877314,25.240513,25.41509,22.64473,20.768145,18.80896,14.558531,16.220179,14.454557,17.280455,16.477154,19.177534,21.129942,20.68394,24.881945,24.896025,20.522455,19.881182,16.746275,13.2446785,13.360001,9.640365,10.005564,7.405946,11.161426,12.140072,15.4375105,17.664776,20.318577,22.10014,20.51388,21.187626,17.92168,20.814623,16.274063,21.078836,18.260187,23.296455,28.216064,25.91232,22.90761,23.008692,17.938354,20.516981,17.107872,20.299192
31,20.106443,19.456999,17.914629,13.610522,14.098788,12.238563,13.640333,14.164853,13.360811,18.020058,18.009384,23.065031,21.00818,17.669205,16.91764,12.512604,10.811758,8.587752,6.998297,8.366043,7.8081393,12.7444725,12.291679,16.196325,17.230196,15.119662,16.30033,11.419166,10.333272,6.4147644,6.648335,0.0,8.057341,8.816934,10.78641,14.358744,15.161527,13.2047415,9.801962,6.044137,7.628219,4.51341,6.4736204,8.950992,9.863506,11.5493765,14.895906,16.439299,19.24015,22.454063,20.87693,18.567636,19.372356,20.296253,16.352482,17.880548,17.37057,18.419788,23.451471,22.669388,19.762712,24.253294,23.007504,27.033783,26.593416,31.532057,31.643185,28.51282,26.046513,24.102552,19.992804,21.200497,19.896433,21.685467,20.863451,22.528982,24.169586,22.892735,27.105734,26.39291,22.114351,22.593792,19.215717,16.803635,18.215416,14.086471,16.292593,13.506297,16.976486,17.53121,20.246628,22.995405,24.593624,27.001493,25.784246,26.540127,23.61889,26.654625,22.272106,27.20931,24.081072,29.18703,34.112793,31.462109,28.342386,28.52489,22.927345,25.082952,21.385817,23.580103
32,27.180515,26.036108,23.61847,19.624578,18.869373,16.12896,16.228065,13.962123,12.343494,14.983629,12.555887,17.85522,15.012666,11.383457,12.756483,8.591657,9.861904,8.80428,10.969287,13.902864,14.995442,19.79158,20.230263,23.85749,25.207054,22.850433,23.158928,18.457464,16.077818,13.832342,10.263005,8.057341,0.0,6.4374905,4.593528,8.533956,10.5976925,8.187889,7.4214787,7.487708,4.853148,8.294103,6.182973,12.079966,15.50191,16.847473,21.06046,22.395002,25.158876,27.535868,25.391552,21.815866,22.607634,21.340593,17.167229,17.019289,16.067423,15.181583,19.524263,19.254002,16.957092,22.778803,23.002953,27.224577,28.455275,32.708973,33.97256,31.939808,29.790052,26.871254,22.64814,22.370726,19.680492,20.483355,18.198809,19.06191,19.382116,17.104338,20.846382,19.214012,14.865098,16.129538,12.882026,11.911997,14.782203,11.49148,16.480692,16.101294,19.71298,21.642454,24.536543,27.296001,29.862364,31.031977,29.05073,28.844982,25.398237,27.322338,22.215872,26.565647,22.12324,26.838028,31.546991,28.896395,25.872736,27.618673,21.566578,24.400133,21.6633,23.575232
33,24.538418,24.0435,20.72068,17.779844,17.513464,13.331358,15.617869,11.922898,12.652587,13.343558,14.147743,18.434092,14.793835,11.453822,10.053641,7.4656115,6.4017153,8.189521,8.974107,13.436613,13.381907,19.34466,19.78538,22.86981,24.725712,23.403269,24.648436,19.932362,18.217562,15.131833,13.11971,8.816934,6.4374905,0.0,5.063249,6.4301624,8.3908615,8.457861,5.1381655,5.184688,9.085669,11.325827,11.239389,16.194508,18.490614,19.921978,23.684261,24.830153,27.951553,30.998331,29.313858,26.355478,27.165121,26.88961,22.617472,22.852678,22.204811,21.596832,25.953794,25.517262,23.036789,28.64769,28.47626,32.53056,33.37855,37.504623,38.211483,35.72373,33.802742,31.501583,27.225767,27.74945,25.251465,26.577642,24.37144,25.471098,25.671282,23.201094,26.644567,24.310724,19.60548,20.775105,17.19387,16.731651,19.719093,15.149243,19.912502,18.373579,21.503809,23.09987,25.245518,28.69183,30.272966,31.620676,29.967834,29.79563,26.920097,29.205757,24.813263,29.52531,25.751936,30.735819,35.43497,31.991405,28.829977,29.598299,23.375404,25.182316,22.000257,22.806843
34,28.98781,28.347832,25.372168,21.982538,21.486965,17.826315,19.019058,15.397071,14.911989,15.501847,13.836686,18.48556,14.458591,10.82555,11.821962,9.24773,10.3621855,11.225336,13.025805,16.883045,17.195776,22.792837,22.89245,26.484114,27.825554,25.847208,26.846405,22.013699,20.072636,17.070007,14.461579,10.78641,4.593528,5.063249,0.0,4.303204,6.1136436,4.5885425,4.6866593,7.2299366,6.874363,11.342381,10.472881,16.45806,19.165056,20.956053,24.800047,26.434116,29.101042,31.685966,29.388258,26.134756,26.351284,25.261826,20.812975,20.213322,19.937962,18.611198,22.521362,22.868343,20.92255,26.96414,27.4462,31.685144,33.00307,37.255783,38.560856,36.49436,34.288593,31.379688,27.177097,26.781652,24.110678,24.563467,22.114439,22.452978,22.258781,19.418482,22.68435,20.240631,16.136904,18.117847,15.023179,15.198853,18.573654,15.248357,20.687826,20.202377,23.656132,25.572617,28.18717,31.243742,33.457546,34.633404,32.707104,32.369186,29.090918,30.939932,26.001247,30.312805,25.795687,30.412838,34.987522,32.05381,29.042328,30.85585,24.641754,27.139214,24.467154,25.673864
35,30.876808,30.360039,26.814964,24.046333,23.431765,19.166143,20.792042,15.938836,16.302057,14.857938,14.011909,17.687,12.85136,9.657072,10.180877,9.606986,10.90043,13.173018,15.141903,19.530167,19.788849,25.646393,26.009062,29.263653,30.935678,29.345043,30.473795,25.683207,23.70349,20.764507,18.069445,14.358744,8.533956,6.4301624,4.303204,0.0,4.6244316,6.033062,6.727455,10.001567,11.119848,15.483742,14.632218,20.488209,23.276802,24.932564,28.829908,30.254196,33.125633,35.803562,33.63162,30.311544,30.65432,29.450497,25.039503,24.25058,23.883284,22.191278,25.706423,26.04118,24.24441,30.399662,31.106625,35.239334,36.870316,40.777374,42.142982,40.19944,38.241066,35.389923,31.153427,30.787428,27.834768,28.31465,25.501284,25.750963,25.016531,21.828022,24.534243,21.317312,17.182022,19.327433,16.331345,17.41136,21.12895,17.651655,23.498777,23.145382,26.324074,28.426828,30.711075,34.049095,36.07177,36.932358,34.946808,34.319695,31.216263,32.837006,28.144617,32.329712,27.8341,32.325672,36.713608,33.39502,30.423838,32.246643,25.97629,28.096498,25.655354,26.147673
36,31.811317,31.915258,28.592503,25.871168,25.869335,21.562384,23.918303,19.608421,20.131758,19.21674,18.50254,22.29924,17.400585,14.255317,14.496841,13.755769,14.174804,16.281452,17.264275,21.537992,20.83202,27.025772,26.463533,30.074545,31.140053,29.546019,31.43012,26.512306,25.224129,21.35701,20.023857,15.161527,10.5976925,8.3908615,6.1136436,4.6244316,0.0,3.9905982,5.543907,9.740076,11.205519,15.659798,15.973676,21.930647,23.65728,26.030607,29.27189,31.4086,33.785145,36.60451,34.064205,31.359922,30.742466,30.072662,25.341227,24.39082,25.023886,23.53069,27.061068,28.16189,26.545866,32.67438,33.276306,37.58624,38.75214,43.241295,44.510826,42.27348,39.831192,36.950943,32.80962,32.312634,29.902584,29.95647,27.620296,27.405382,26.955238,23.771885,26.583376,23.634373,20.237413,22.84306,20.088083,20.937355,24.495766,21.239693,26.739458,25.972166,29.344229,31.059166,33.453777,36.711388,38.480297,39.892548,38.133923,37.82731,34.740967,36.652122,31.881815,36.203796,31.688332,36.221302,40.68783,37.60554,34.623875,36.41399,30.14235,32.30528,29.611607,30.215029
