,0,1,2,3,4,5,6,7,8,9,10,11,12,13,14,15,16,17,18,19,20,21,22,23,24,25,26,27,28,29,30,31,32,33,34,35,36,37,38,39,40,41,42,43,44,45,46,47,48,49,50,51,52,53,54,55,56,57,58,59,60,61,62,63,64,65,66,67,68,69,70,71,72,73,74,75,76,77,78,79,80,81,82,83,84,85,86,87,88,89,90,91,92,93,94,95,96,97,98,99,100,101,102,103,104,105,106,107,108
0,0.0,3.7420168,6.215099,10.177841,12.3396635,15.1186075,17.886805,19.428242,24.44722,25.526983,32.425056,32.178543,36.97352,36.002136,32.318207,33.359344,29.350643,27.712214,26.672934,22.731518,23.372232,18.211159,21.647549,20.364073,23.030432,27.26922,26.413786,32.083702,31.557762,30.515862,33.216064,32.485023,34.783463,38.73164,37.440727,41.71952,43.04253,45.79019,45.6209,41.691048,38.216713,41.395836,38.326206,37.82537,35.148075,36.85183,33.929016,36.656223,33.251312,38.001144,40.715557,43.177452,41.557343,45.52678,44.339943,44.35447,46.40176,43.22196,45.782043,45.110767,43.51715,42.498417,39.21451,35.778248,37.185207,34.456093,39.41239,37.075584,33.30787,28.686811,28.120424,24.331232,24.395943,25.862858,24.471827,27.375069,25.41359,28.790735,28.263906,31.047396,32.00583,32.944534,35.433163,35.59971,32.120743,30.904041,28.428923,28.683907,25.658035,28.4109,28.52782,32.40636,32.021202,31.217373,33.666725,37.834843,37.23464,33.624187,37.184174,34.375694,36.607826,36.964542,37.56553,41.431152,40.609253,42.22924,39.339092,41.25298,38.589077
1,3.7420168,0.0,3.4308884,7.531101,10.808391,13.465998,16.07319,18.480951,22.768248,24.544806,30.84029,31.205704,35.75965,34.53882,30.859873,31.345497,27.330824,25.317757,24.240072,20.006197,20.489805,15.212826,18.202368,16.87964,19.853163,23.924776,23.402407,28.96876,28.74781,27.847416,30.840681,30.343262,32.976757,37.245174,36.433544,40.503704,42.161552,44.845642,44.365868,40.48945,36.820686,39.66413,36.29167,35.8653,32.732464,34.19837,31.14114,33.67042,30.04917,34.737034,37.473747,40.104103,38.71906,42.774166,41.92089,42.060547,44.34855,41.291294,44.1026,43.816555,42.20103,40.9338,37.900414,34.240974,35.72891,32.569767,37.871964,35.35523,31.642477,27.317892,27.192884,23.084023,23.769657,24.964293,24.263163,27.013939,25.528994,29.018717,28.362555,31.587473,32.39399,32.662613,35.00165,34.75996,31.082897,29.861977,26.85724,26.822212,23.367878,25.904009,25.768854,29.486362,29.112932,28.729805,31.262245,35.372437,35.17644,31.623102,35.561443,32.71797,35.465782,36.020382,37.06928,40.56614,39.471325,40.8483,37.63632,39.397797,36.447453
2,6.215099,3.4308884,0.0,4.134747,7.6799088,10.593051,12.737374,15.628617,19.518314,21.488388,27.564835,28.006626,32.519646,31.17426,27.492657,27.91513,23.92955,21.915663,20.94932,16.7524,17.565271,12.217226,15.545844,14.907552,17.754147,22.08859,21.19338,26.813156,26.323076,25.075272,28.377079,27.411055,30.434935,34.410725,33.934704,37.82123,39.558605,42.380596,41.77451,38.05399,34.427803,36.913235,33.630936,32.95854,29.77131,31.562893,28.36711,31.168358,27.467009,32.19628,34.741062,37.31082,35.709377,39.944668,38.914875,39.262894,41.55345,38.7232,41.612705,41.427773,40.11027,38.831226,36.19227,32.596985,34.468304,31.425648,37.06017,34.798443,31.365696,27.241573,26.96375,22.464558,23.237722,23.784245,23.2846,25.564543,24.125536,27.44305,26.433928,29.841084,30.268223,30.15623,32.59522,32.147865,28.495174,27.53743,24.148428,24.561083,20.995375,23.832912,23.987947,27.648321,27.671392,27.321991,29.560293,33.92755,33.859406,30.256609,34.074867,30.923687,33.957253,34.213676,35.310585,38.725334,37.545277,39.227142,35.649216,37.636734,34.577118
3,10.177841,7.531101,4.134747,0.0,4.890592,7.7846875,8.979507,12.838351,15.803672,18.259684,23.790575,24.556925,28.893755,27.360062,23.707104,23.870125,19.89608,17.78807,16.911589,12.701893,13.920131,8.544177,12.253635,12.60246,15.198964,19.729755,18.429832,24.001883,23.242615,21.601202,25.330187,23.859365,27.424301,31.118557,31.17332,34.759655,36.674908,39.611656,38.77987,35.272842,31.669758,33.630875,30.390654,29.453901,26.095726,28.211576,24.837288,27.910618,24.101406,28.83956,31.151295,33.66449,31.862366,36.307373,35.154457,35.76839,38.11398,35.58722,38.616238,38.650414,37.67184,36.324074,34.224438,30.689276,32.994476,30.027733,36.03913,34.052296,30.996418,27.238869,26.899069,22.02617,23.020214,22.756397,22.682837,24.32866,23.119108,26.194796,24.778841,28.45746,28.423008,27.666227,30.132753,29.328287,25.682652,25.046728,21.081818,21.958155,18.203453,21.31091,21.768747,25.257448,25.766808,25.55112,27.417515,32.01814,32.188133,28.593164,32.307865,28.833586,32.287357,32.25478,33.516384,36.70082,35.36259,37.310455,33.26719,35.458935,32.233803
4,12.3396635,10.808391,7.6799088,4.890592,0.0,4.0268006,5.637015,8.114835,12.132875,13.810328,20.142155,20.523245,24.962894,24.019407,20.487455,21.44627,17.157446,16.053522,14.7745905,11.6072235,13.049803,8.777945,13.873735,14.48437,15.737923,20.713575,18.19839,23.853113,22.12659,19.91471,23.239576,20.973629,24.271042,27.308794,27.026188,30.73181,32.360905,35.46158,34.871162,31.412643,28.080343,30.203215,27.485647,26.270142,23.704258,26.47566,23.35712,27.023243,23.82991,28.639038,30.772863,32.73744,30.338337,34.57628,32.70883,33.18346,35.133873,32.586823,35.320335,34.948242,34.29066,33.257946,31.29849,28.171711,30.858707,28.714617,34.61801,33.279636,30.599531,26.79333,25.667442,20.740538,21.078646,20.160185,19.628618,20.709253,19.148945,21.886778,20.177414,23.787344,23.558273,22.890352,25.519384,24.922813,21.463028,21.070768,17.414476,19.232338,16.192184,20.007269,21.328627,24.97992,25.953972,24.963806,26.247297,31.213808,30.874224,27.171688,30.105507,26.309643,29.40894,28.75628,29.587769,33.063526,31.94746,34.56667,30.538578,33.216587,30.331123
5,15.1186075,13.465998,10.593051,7.7846875,4.0268006,0.0,5.221724,5.9291286,9.987946,11.947949,17.994951,19.302086,23.137602,22.829735,19.665071,20.450953,15.687524,15.0991535,12.71145,10.206484,10.652613,7.717514,13.335743,13.326243,13.422895,18.516365,15.306725,20.941479,18.798445,16.654402,19.488306,17.53848,20.39266,23.867565,23.466316,27.243692,29.038437,31.916508,31.256126,27.67127,24.210447,26.564255,23.73145,22.798512,20.452543,23.035044,20.22139,23.9134,21.268383,26.087503,28.384304,30.014078,27.61918,31.410912,29.539438,29.654089,31.548153,28.771593,31.47213,31.137066,30.328281,29.251385,27.308826,24.196524,27.00863,25.062086,31.00045,29.933588,27.552532,23.982647,22.682774,17.657715,18.080055,16.626974,16.5507,17.301006,16.26124,19.057688,17.471697,21.492006,21.54773,20.313183,22.474176,21.679775,17.98466,17.323898,13.683464,15.225756,12.400113,16.391989,18.08739,21.8104,22.97123,21.57311,22.584717,27.659622,27.152435,23.446884,26.178816,22.311836,25.494125,24.876167,25.953945,29.212826,28.001276,30.573544,26.51381,29.231564,26.422739
6,17.886805,16.07319,12.737374,8.979507,5.637015,5.221724,0.0,6.1220965,6.967487,9.718006,14.871611,15.81048,19.92694,18.673737,15.210881,15.876076,11.521205,10.674803,9.587849,7.355278,9.926819,7.4889374,12.315919,14.488978,14.863299,19.621151,16.464905,21.584372,19.277805,16.221455,20.176989,16.661198,20.980482,23.176489,23.898643,26.974058,28.852043,32.178673,31.229294,28.235659,25.079544,26.167074,23.7081,21.87846,19.206202,22.76847,19.446209,23.650953,20.508904,25.137331,26.729755,28.453823,25.575129,30.14537,27.903214,28.883833,30.840374,28.904867,31.803278,31.757805,31.77994,30.702372,29.740986,26.882523,30.21002,28.348076,34.58289,33.71789,31.668116,28.511356,27.343828,22.244602,22.818586,20.751062,20.854752,20.778175,19.655394,21.713112,19.328611,23.165592,22.043566,20.196133,22.874874,21.638603,18.360851,18.744238,14.10869,17.12683,14.169055,18.318182,20.206495,23.344547,25.091017,24.288147,24.836157,30.00425,29.999939,26.456707,29.01321,24.789711,28.413641,27.205374,28.212378,31.249922,29.929434,33.02667,28.327063,31.347677,28.317135
7,19.428242,18.480951,15.628617,12.838351,8.114835,5.9291286,6.1220965,0.0,6.8193684,6.528017,13.852341,14.219256,18.21671,18.667171,15.814889,17.848717,13.209763,14.271056,12.075008,11.775802,12.959316,11.957317,17.29667,18.199875,17.387629,22.28509,18.188274,23.240175,20.030619,16.98474,19.349089,15.663771,18.401693,20.094042,19.492262,23.19202,24.491344,27.826853,27.477795,24.233538,21.423769,23.53342,21.803438,20.09884,19.086983,22.856926,20.408966,24.827782,22.91737,27.466816,29.19089,30.123913,26.863213,30.525389,27.545563,27.769934,29.032944,26.596436,28.843954,27.953655,27.992292,27.442554,26.121416,23.844585,27.27815,26.56949,32.21582,32.055035,30.296608,26.941292,24.809156,20.08702,19.628109,17.141333,16.390533,15.751814,14.103723,15.780093,13.266917,17.05237,16.221073,14.854225,17.573618,17.01568,13.89369,14.195931,11.004579,14.839952,13.538734,18.090767,20.765179,24.205177,25.999874,24.004908,24.078072,29.391699,28.424274,24.808737,26.26434,21.965721,24.610518,22.780657,23.05932,26.685083,25.826414,29.585047,25.44091,28.906422,26.608053
8,24.44722,22.768248,19.518314,15.803672,12.132875,9.987946,6.967487,6.8193684,0.0,5.0541897,8.103192,10.505786,13.537843,13.158269,10.517383,11.447129,6.550813,8.328962,6.2217236,8.2355995,10.245406,11.527981,15.416934,17.820555,16.507484,20.666483,16.451618,20.469463,16.979027,12.989999,16.519701,11.176472,15.971845,16.706636,18.25875,20.669819,22.673986,26.178082,25.009283,22.531507,19.81859,19.97781,18.28251,15.695436,13.970552,18.694492,15.840275,20.729778,18.70674,22.834707,23.825064,24.61862,20.913761,25.192137,22.017551,23.153399,24.714745,23.29728,26.045212,26.04153,26.902657,26.025295,26.175829,24.022127,28.031368,27.125471,33.236427,33.27341,32.120712,29.667044,28.072823,23.220577,23.596773,20.284063,20.81846,19.262018,18.69432,19.694519,16.76238,20.633074,18.747734,15.39628,17.796974,15.876218,13.026062,14.451771,9.34721,14.245988,12.659052,16.971853,19.840807,22.363611,24.935255,23.692226,23.087172,28.362457,28.228304,24.979553,26.436697,21.843933,25.512808,23.431446,24.384674,26.94904,25.587915,29.456484,24.327976,27.898634,25.164835
9,25.526983,24.544806,21.488388,18.259684,13.810328,11.947949,9.718006,6.528017,5.0541897,0.0,8.229056,7.8853326,11.765157,12.716594,10.467714,13.509936,9.610185,12.495015,11.089176,13.164495,15.028329,15.773922,20.178663,22.211372,20.83466,25.183834,20.701363,24.744202,20.861158,16.948645,19.347202,13.639687,17.08432,16.229479,16.695677,19.416918,20.525423,24.434713,23.952032,21.594416,19.61205,20.290215,19.767147,16.891542,16.919867,21.958805,19.73151,24.695595,23.30277,27.279016,28.138483,28.44312,24.342695,28.11199,24.105837,24.939314,25.722198,24.252062,26.2788,25.359669,26.669815,26.43155,26.467413,24.9911,29.072882,29.132147,34.705467,35.24726,34.2001,31.454853,29.140802,24.631258,24.10579,20.700386,20.218616,18.175848,16.785263,16.961714,13.509467,16.736904,14.189058,11.367524,14.598741,13.501683,11.504322,13.564087,10.210034,16.085258,15.766164,20.239996,23.467615,26.197191,28.707039,26.77498,25.926085,31.243414,30.408653,27.127964,27.654602,23.036724,25.698534,22.800283,22.71559,25.968523,25.17968,29.897375,25.285692,29.300102,27.23156
10,32.425056,30.84029,27.564835,23.790575,20.142155,17.994951,14.871611,13.852341,8.103192,8.229056,0.0,6.5897245,6.1742373,7.049009,7.025421,8.34795,6.2486854,10.591537,9.836306,14.214961,15.899711,18.785166,21.455074,24.343925,22.302078,25.474068,21.06648,23.39112,19.282993,14.875434,17.550169,10.362763,15.2694845,12.323071,15.785847,16.296865,18.239328,22.112692,20.585361,19.541275,18.090263,15.973512,16.140656,12.042852,12.279389,18.280901,16.303669,21.373306,20.591913,23.498299,23.26837,22.886494,18.108015,22.076132,17.422012,19.380716,20.174953,20.274574,22.62251,22.769392,25.212852,24.721497,26.615536,25.572199,30.103922,30.234392,35.930576,36.86289,36.617065,34.91509,33.07169,28.68038,28.865652,24.770327,25.518091,22.70907,22.54004,22.164835,18.833885,21.914082,18.837542,14.02505,15.978928,13.217372,12.261965,15.316553,11.222833,17.106,17.118591,20.702219,24.019503,25.53028,28.770105,27.46602,25.738848,30.682268,30.604034,27.945896,28.119677,23.485586,26.907486,23.784498,24.42451,26.178602,24.899662,29.646059,24.230175,28.258114,26.026806
11,32.178543,31.205704,28.006626,24.556925,20.523245,19.302086,15.81048,14.219256,10.505786,7.8853326,6.5897245,0.0,5.7036047,6.28537,5.597269,10.514281,9.767772,13.711852,14.336182,17.637598,20.2511,21.671999,24.96831,28.13176,26.790638,30.551609,26.228865,29.278769,25.277586,20.894667,23.549042,16.56084,20.653458,16.829275,18.872519,19.780184,20.445984,24.86845,24.210842,23.332737,22.528866,21.138254,22.062471,18.000177,18.830238,24.769623,22.681343,27.78993,26.589798,29.743057,29.460388,29.283482,24.43498,28.51338,23.557291,25.505854,25.760744,25.852728,27.580303,26.807795,29.554598,29.611393,31.03235,30.262026,34.698803,35.192436,40.674026,41.643387,41.064045,38.745018,36.441563,32.055996,31.561893,27.801958,27.42493,24.738943,23.421795,22.569954,18.777714,20.83453,16.7357,13.372897,16.737686,15.3015375,15.239541,18.530802,15.540211,21.888067,21.921484,26.002605,29.316704,31.319153,34.317524,32.7658,31.33275,36.452385,35.94705,33.037045,32.977634,28.31681,30.959377,27.331722,26.876314,29.577108,28.900751,34.25523,29.354258,33.624073,31.72444
12,36.97352,35.75965,32.519646,28.893755,24.962894,23.137602,19.92694,18.21671,13.537843,11.765157,6.1742373,5.7036047,0.0,5.5502105,8.033923,11.07195,11.373543,15.690642,15.863806,20.123512,22.060366,24.680267,27.405151,30.467499,28.461441,31.588902,27.135906,29.167728,24.920797,20.614632,22.580587,15.408657,19.09804,13.645682,16.942509,16.40959,17.256174,21.556692,20.48284,20.55474,20.428331,17.663937,19.542816,15.08526,16.995409,23.017067,21.619133,26.516798,26.20833,28.615725,27.831873,26.890919,21.759161,25.19302,19.655853,21.828432,21.612528,22.578743,24.059902,23.60245,27.111893,27.256783,29.724468,29.502092,34.12299,35.062145,40.282536,41.726364,41.755474,40.065346,37.806458,33.70324,33.379528,29.156284,29.354818,26.069517,25.49591,24.187174,20.601908,22.55986,18.51081,13.947379,16.114992,13.90153,14.7904,18.494112,15.953419,22.097254,22.843065,26.355774,29.836163,31.2099,34.53572,32.97402,30.915865,35.705517,35.31342,32.842133,32.161396,27.634499,30.28412,26.379894,26.134752,27.942202,27.158886,32.653854,27.63141,31.94537,30.315796
13,36.002136,34.53882,31.17426,27.360062,24.019407,22.829735,18.673737,18.667171,13.158269,12.716594,7.049009,6.28537,5.5502105,0.0,3.9509742,6.606584,8.896554,12.535288,14.31726,18.20933,20.978415,23.191402,25.191704,29.101086,27.752846,30.753107,26.860916,28.943562,25.256094,20.780933,24.056698,16.86017,21.983122,17.778934,21.592611,21.206455,22.533861,26.687317,25.235628,25.144594,24.405558,21.315449,22.211813,17.750282,17.84064,23.896097,21.666512,26.549177,25.239164,27.63094,26.495277,26.233482,21.211634,25.810665,20.93948,23.994495,24.554346,25.815496,27.940685,28.13438,31.308846,31.002378,33.3657,32.530163,37.094887,37.185165,42.928947,43.82127,43.518284,41.741047,39.947506,35.440434,35.56539,31.609495,32.00214,29.243608,28.556425,27.860239,24.21458,26.543383,22.53836,18.429611,20.989683,18.67832,18.68475,22.040854,18.243765,24.111319,23.74964,27.26937,30.32996,31.586996,34.899334,34.071568,32.398212,37.222214,37.44302,34.864105,35.06286,30.459547,33.802467,30.409767,30.624607,32.41578,31.317305,36.307533,30.876333,34.8993,32.655807
14,32.318207,30.859873,27.492657,23.707104,20.487455,19.665071,15.210881,15.814889,10.517383,10.467714,7.025421,5.597269,8.033923,3.9509742,0.0,5.4366446,6.6387315,9.883705,12.125358,15.352056,18.596352,20.100853,22.316626,26.348028,25.44743,28.78735,25.053162,27.757269,24.30559,19.820389,23.629822,16.666285,22.14315,19.150612,22.393648,22.845411,24.271036,28.443756,27.114971,26.3681,25.078035,22.795017,22.933842,18.784286,18.029886,23.936317,21.210701,26.187302,24.230213,27.147087,26.430605,26.751862,22.030886,27.034966,22.682333,25.504765,26.463755,27.090635,29.47825,29.605757,32.209953,31.74155,33.460476,32.17942,36.603947,36.2669,42.23593,42.74887,42.05509,39.95195,38.26446,33.554844,33.735172,30.091124,30.328152,28.022184,27.071943,26.83083,23.193274,25.791197,22.030352,18.422329,21.40728,19.33163,18.612906,21.606293,17.328884,23.107126,22.151133,25.942614,28.82054,30.433863,33.524906,32.80358,31.563747,36.565144,36.810677,33.975945,34.698864,30.035389,33.525482,30.452015,30.747715,32.946415,31.804852,36.55763,31.129745,35.050404,32.549072
15,33.359344,31.345497,27.91513,23.870125,21.44627,20.450953,15.876076,17.848717,11.447129,13.509936,8.34795,10.514281,11.07195,6.606584,5.4366446,0.0,5.0967216,6.941071,10.005848,13.455681,16.545523,18.812881,19.730516,24.201717,23.292435,25.899126,22.689232,24.641508,21.694021,17.337551,21.859486,15.353008,21.68593,19.658993,23.90318,23.901476,26.116402,29.846352,27.849895,27.185112,25.45884,22.404833,21.753378,17.805132,15.62132,21.166985,18.091919,22.73345,20.403603,22.877604,21.759193,22.391094,17.907322,23.535337,19.965103,23.392628,25.033806,26.060846,29.028276,30.071066,32.43635,31.449389,33.538353,31.890123,36.249477,35.2552,41.511066,41.730022,41.14612,39.50878,38.42463,33.61488,34.480354,30.826056,31.864706,29.73471,29.444828,29.649118,26.297495,29.453735,26.17806,21.972572,24.285896,21.551785,20.314497,22.941746,17.849329,22.707617,21.137264,24.31419,26.7812,27.803637,31.02261,31.031034,29.803225,34.511276,35.46055,32.866333,34.151825,29.629276,33.855095,31.359442,32.47164,33.963966,32.34963,36.3994,30.56569,34.05668,31.0886
16,29.350643,27.330824,23.92955,19.89608,17.157446,15.687524,11.521205,13.209763,6.550813,9.610185,6.2486854,9.767772,11.373543,8.896554,6.6387315,5.0967216,0.0,4.398708,5.5743484,9.373598,12.216313,14.550577,16.388351,20.223368,19.05792,22.188047,18.55165,21.233337,18.028818,13.614038,18.101967,11.800887,18.060694,17.340734,20.822508,21.73099,24.08563,27.688215,25.874075,24.423334,22.154127,20.22386,18.904312,15.430934,12.977152,18.403316,15.202463,20.126886,17.801136,21.079576,20.912853,21.686886,17.487835,22.721682,19.395523,21.90366,23.69833,23.692453,26.751665,27.550486,29.255465,28.1886,29.594603,27.658302,31.906334,30.81556,37.106506,37.20891,36.438213,34.59274,33.432514,28.589378,29.427687,25.869864,26.928999,25.01608,24.804472,25.37107,22.226324,25.779867,23.101023,18.98031,21.207079,18.566551,16.573616,18.748253,13.351304,18.119802,16.395594,19.911118,22.516733,24.032373,27.084257,26.720217,25.704096,30.647848,31.301968,28.478523,29.9466,25.380518,29.590008,27.359404,28.605373,30.36783,28.734447,32.59792,26.89943,30.378822,27.374512
17,27.712214,25.317757,21.915663,17.78807,16.053522,15.0991535,10.674803,14.271056,8.328962,12.495015,10.591537,13.711852,15.690642,12.535288,9.883705,6.941071,4.398708,0.0,4.8111796,6.716901,10.287174,12.076062,12.855676,17.395733,16.96151,19.868053,17.033253,19.826824,17.501326,13.494168,18.860247,13.735319,20.250078,20.829876,24.27137,25.377031,27.992506,31.366863,29.377491,27.677246,24.953035,23.203852,21.038408,18.138792,14.349056,18.875393,15.055461,19.508501,16.108192,19.565361,19.559076,21.198055,17.732405,23.480032,21.215874,23.84702,26.206562,26.060091,29.49268,30.688345,31.882986,30.455263,31.537739,29.062284,33.02385,31.111732,37.69156,37.220554,36.124928,34.272095,33.655186,28.628078,29.95966,26.836536,28.179478,26.87499,26.765278,27.913242,25.018984,28.833002,26.533184,22.727367,24.91544,22.297934,19.807495,21.404245,15.600929,19.2518,16.470602,19.638247,21.577208,23.00833,25.824024,26.177904,25.688328,30.476961,31.643164,28.796217,31.109846,26.723024,31.368874,29.780151,31.445,33.112762,31.255444,34.452427,28.678461,31.703608,28.252298
18,26.672934,24.240072,20.94932,16.911589,14.7745905,12.71145,9.587849,12.075008,6.2217236,11.089176,9.836306,14.336182,15.863806,14.31726,12.125358,10.005848,5.5743484,4.8111796,0.0,4.8809285,6.714439,10.006004,11.706375,14.962793,13.5107,16.67031,13.05928,16.142996,13.285332,9.189975,14.33374,9.69737,15.940054,17.752306,20.775347,22.30638,25.166086,28.183647,26.195826,24.018242,20.898838,19.850765,17.12009,14.824267,10.870834,15.082622,11.415393,16.097174,13.278669,17.24416,18.039354,19.362358,16.112455,21.103394,19.020063,20.792894,23.228613,22.34107,25.829786,27.00962,27.68981,26.13994,26.915493,24.30195,28.22069,26.356005,32.901257,32.532257,31.560377,29.82873,29.15256,24.216543,25.640469,22.360582,24.080515,22.738981,23.113285,24.460999,21.926731,26.08419,24.44036,20.39875,22.006697,19.278757,16.260723,17.33588,11.371117,14.478811,11.733661,14.999946,17.246674,18.909105,21.772655,21.674314,21.077402,26.000582,26.933867,24.040209,26.327341,21.960424,26.683167,25.367668,27.353563,28.86617,26.899904,29.826254,24.122688,27.086512,23.653599
19,22.731518,20.006197,16.7524,12.701893,11.6072235,10.206484,7.355278,11.775802,8.2355995,13.164495,14.214961,17.637598,20.123512,18.20933,15.352056,13.455681,9.373598,6.716901,4.8809285,0.0,4.4815702,5.518753,7.3878555,11.017777,10.821044,14.512736,11.787392,15.91286,14.170754,11.112323,16.393816,13.453923,18.992338,21.951584,24.234335,26.367443,29.140997,32.04724,30.235933,27.605297,24.116148,23.9242,20.632471,19.020618,14.667034,17.635548,13.719516,17.602518,13.760858,18.222647,19.665241,21.808378,19.449389,24.441923,23.189402,24.666258,27.351257,25.957691,29.525524,30.638796,30.652615,28.94025,28.86739,25.694927,29.121027,26.469397,33.168427,32.10298,30.505007,28.379452,28.124949,22.98993,24.719727,22.211798,23.843367,23.41778,23.579885,25.619553,23.406008,27.683651,26.528723,23.254816,25.074465,22.766033,19.322792,19.703348,13.930313,15.806755,11.92536,15.051066,16.460203,18.608656,20.825195,21.175415,21.49767,26.33307,27.429502,24.321342,27.498976,23.399563,28.161266,27.5007,29.592266,31.41805,29.450977,31.781803,26.381945,28.90896,25.227516
20,23.372232,20.489805,17.565271,13.920131,13.049803,10.652613,9.926819,12.959316,10.245406,15.028329,15.899711,20.2511,22.060366,20.978415,18.596352,16.545523,12.216313,10.287174,6.714439,4.4815702,0.0,5.5282187,7.0955844,8.553522,6.868132,10.625519,7.3485045,11.847563,10.237935,8.052532,12.973127,11.913182,16.601038,21.0406,23.044064,25.337181,28.411095,30.775288,28.837852,25.877302,21.992483,22.327145,18.31528,17.671364,13.004467,14.6483965,10.986331,14.317318,10.820536,15.609487,17.867582,19.920624,18.253609,22.446657,21.908216,22.650496,25.558725,23.590939,27.283016,28.65291,28.010647,26.005886,25.634996,22.136852,25.305685,22.258738,29.024214,27.819292,26.323095,24.53814,24.605389,19.582514,21.806267,19.32227,21.693102,21.4391,22.338219,24.678532,23.016283,27.559849,27.107246,23.633322,24.722588,22.28809,18.477322,18.112564,12.569606,12.674395,8.257261,10.783832,11.981779,14.23078,16.392632,16.729008,17.186745,21.946558,23.166357,20.123478,23.69836,19.86824,24.91616,24.908716,27.56698,28.950523,26.757257,28.367464,23.072813,25.17624,21.327639
21,18.211159,15.212826,12.217226,8.544177,8.777945,7.717514,7.4889374,11.957317,11.527981,15.773922,18.785166,21.671999,24.680267,23.191402,20.100853,18.812881,14.550577,12.076062,10.006004,5.518753,5.5282187,0.0,5.6302752,7.0708194,8.238876,12.758179,10.83615,16.072702,15.2187395,13.49085,17.899092,16.749842,21.021578,25.24752,26.473242,29.34746,31.992294,34.620068,33.101063,29.876812,26.030628,27.060452,23.299313,22.535099,18.325283,20.081692,16.498074,19.521011,15.623072,20.380068,22.690859,25.140556,23.55288,27.954556,27.287773,28.041248,30.778849,28.58276,32.052788,32.920143,32.081287,30.290243,29.12853,25.475176,28.239788,24.980577,31.576054,29.87259,27.608124,24.978888,25.055794,19.887358,21.84473,20.298004,21.82521,22.447975,22.54388,25.326654,23.727173,28.080614,27.780619,25.321188,27.040863,25.231094,21.370314,20.848757,15.783184,16.143826,11.696356,14.490811,15.086643,17.99055,19.271877,19.590857,20.888927,25.561333,26.461992,23.135386,27.023693,23.35132,27.854187,27.94595,30.118208,32.250957,30.361076,32.01423,27.20921,29.2721,25.589594
22,21.647549,18.202368,15.545844,12.253635,13.873735,13.335743,12.315919,17.29667,15.416934,20.178663,21.455074,24.96831,27.405151,25.191704,22.316626,19.730516,16.388351,12.855676,11.706375,7.3878555,7.0955844,5.6302752,0.0,5.7150354,8.125316,10.650212,10.770454,14.657488,15.232104,14.1595,19.219887,18.742764,23.567587,27.989676,30.10762,32.36932,35.42758,37.862465,35.86447,32.95622,29.023697,29.181396,25.007164,24.387207,19.176136,20.116274,16.214388,18.285227,13.401325,17.677397,19.86218,23.055832,22.307785,27.058575,27.404785,28.639238,31.88309,30.191029,34.05172,35.65927,34.824627,32.641743,31.98533,28.135202,30.725927,26.730577,33.476307,31.359735,29.21993,27.293434,28.22216,23.248123,25.897766,24.438856,26.611897,27.20986,27.754751,30.510714,28.924227,33.35971,32.889378,29.939865,31.44,29.176569,25.391026,24.970705,19.54639,19.256124,14.491098,15.965928,15.546325,17.380108,18.58969,20.341116,21.79899,25.835247,27.736559,24.854033,29.332205,25.97842,31.058718,31.566528,34.266308,35.743603,33.5134,34.542328,29.451456,30.982172,26.860682
23,20.364073,16.87964,14.907552,12.60246,14.48437,13.326243,14.488978,18.199875,17.820555,22.211372,24.343925,28.13176,30.467499,29.101086,26.348028,24.201717,20.223368,17.395733,14.962793,11.017777,8.553522,7.0708194,5.7150354,0.0,4.6132336,7.465687,8.436254,12.953802,14.214597,14.580426,18.283926,19.704584,23.091064,28.807106,30.066334,32.824703,35.893364,37.831738,36.007454,32.598995,28.35767,29.59024,24.958616,25.319145,20.436182,20.087313,16.903309,18.075857,14.032403,18.386389,21.541582,24.497007,24.402857,28.091167,28.942268,29.214457,32.440643,29.915323,33.635334,35.1287,33.41913,31.106308,29.57821,25.36526,27.260138,22.719252,29.251537,26.646107,24.138,22.160095,23.579449,18.857883,21.96984,21.212528,23.759579,25.030777,26.019554,29.250229,28.374216,32.90864,33.32377,30.684061,31.670494,29.658844,25.55891,24.277094,19.649992,17.663921,12.858969,13.397476,12.059408,14.472641,14.705664,16.351458,18.62504,22.323202,24.047941,21.150381,26.201588,23.437586,28.30511,29.647966,32.646694,34.01616,31.77191,31.945757,27.479683,28.431093,24.390697
24,23.030432,19.853163,17.754147,15.198964,15.737923,13.422895,14.863299,17.387629,16.507484,20.83466,22.302078,26.790638,28.461441,27.752846,25.44743,23.292435,19.05792,16.96151,13.5107,10.821044,6.868132,8.238876,8.125316,4.6132336,0.0,5.102589,3.9455714,9.126006,9.87597,10.774813,13.832817,16.122622,18.917309,25.125172,26.38366,29.018005,32.244946,33.87638,31.94906,28.517567,24.203938,25.52905,20.71334,21.516151,16.818027,15.930746,13.170078,14.257634,11.094043,15.606321,19.072737,21.468624,21.364656,24.409851,25.290485,25.101744,28.286932,25.535292,29.241735,30.863113,29.01646,26.605597,25.245905,21.052454,23.11797,18.729414,25.432783,23.246624,21.272182,19.778028,20.993963,16.313051,19.585014,18.188938,21.344906,22.135832,23.719946,26.754028,26.02659,30.672213,31.249352,28.164953,28.622183,26.409517,22.294613,20.806238,16.37699,13.601656,8.884436,8.841256,7.71283,10.354007,11.15114,12.318394,14.191843,18.179947,19.844715,16.970028,21.88352,19.083027,24.18928,25.621113,28.929817,29.883493,27.501345,27.536203,22.95876,23.885658,19.813643
25,27.26922,23.924776,22.08859,19.729755,20.713575,18.516365,19.621151,22.28509,20.666483,25.183834,25.474068,30.551609,31.588902,30.753107,28.78735,25.899126,22.188047,19.868053,16.67031,14.512736,10.625519,12.758179,10.650212,7.465687,5.102589,0.0,5.167876,6.4583178,9.662727,12.07502,14.616957,18.2224,20.73374,27.297615,29.080082,31.17462,34.73868,35.928177,33.617798,30.435162,26.10129,26.876595,21.686295,23.042215,17.89178,15.480785,13.181107,12.410029,9.346556,12.86809,16.764088,19.468548,20.600748,23.104118,25.23423,24.98902,28.553934,26.041368,29.959848,32.2728,30.185923,27.388315,26.422232,22.154934,23.771753,18.6913,25.209263,22.661879,21.081968,20.723392,22.82263,18.800543,22.600464,21.319231,25.066677,25.773731,27.878624,30.826418,30.274883,34.94604,35.581406,32.10544,32.14025,29.609903,25.627113,24.074453,19.806206,16.238958,12.075711,10.112758,7.420173,7.9687757,8.338968,11.523989,13.536876,16.31804,19.139257,17.051172,22.435461,20.338139,25.76357,27.780588,31.62843,31.77043,29.087921,28.182798,23.651583,23.73882,19.379107
26,26.413786,23.402407,21.19338,18.429832,18.19839,15.306725,16.464905,18.188274,16.451618,20.701363,21.06648,26.228865,27.135906,26.860916,25.053162,22.689232,18.55165,17.033253,13.05928,11.787392,7.3485045,10.83615,10.770454,8.436254,3.9455714,5.167876,0.0,5.8163834,5.994048,7.7383666,10.222136,13.467726,15.87367,22.397814,23.985403,26.2408,29.70279,31.037985,28.87455,25.593082,21.269667,22.292461,17.262177,18.464357,13.767129,12.150111,9.815675,10.622357,8.446077,12.837612,16.461166,18.344452,18.347025,20.815172,21.894314,21.41575,24.671747,21.919014,25.721199,27.673944,25.84222,23.261675,22.40811,18.329313,20.660587,16.48659,23.299574,21.612759,20.37016,19.606989,20.670647,16.267717,19.565863,17.469889,21.154482,21.304193,23.428211,26.110247,25.414198,30.089392,30.635677,27.01866,26.978779,24.451117,20.459627,18.966564,14.658752,11.271834,7.0164247,5.78765,5.067072,7.171686,9.044976,10.009351,11.048606,15.210649,17.102997,14.472684,19.124971,16.288713,21.771175,23.207388,26.866833,27.237553,24.648369,24.543049,19.675095,20.54499,16.324877
27,32.083702,28.96876,26.813156,24.001883,23.853113,20.941479,21.584372,23.240175,20.469463,24.744202,23.39112,29.278769,29.167728,28.943562,27.757269,24.641508,21.233337,19.826824,16.142996,15.91286,11.847563,16.072702,14.657488,12.953802,9.126006,6.4583178,5.8163834,0.0,4.830503,8.606895,9.895564,14.59657,16.522554,23.082783,25.484627,26.819899,30.68309,31.446285,28.755644,25.988924,21.834816,21.844305,16.521772,18.390846,13.40678,9.605488,8.3552885,6.257524,5.672975,8.376101,12.518802,14.198942,15.595533,17.052734,19.6168,19.008247,22.696276,20.416206,24.466017,27.355797,25.494572,22.485535,22.598608,18.77304,20.876148,16.510313,22.962399,21.455505,21.170923,21.81288,23.406132,19.798111,23.345333,21.020672,25.246979,24.938532,27.635,29.953924,29.345196,33.953773,34.40981,30.195541,29.570473,26.600319,22.994717,21.638319,17.67648,13.8346615,10.993256,7.9171314,6.3882895,4.20444,7.253535,9.883928,9.942225,12.687635,15.9653845,14.502284,19.02585,16.911648,22.721312,24.520199,28.741407,27.984678,25.037563,24.064884,19.060621,19.09065,14.5654125
28,31.557762,28.74781,26.323076,23.242615,22.12659,18.798445,19.277805,20.030619,16.979027,20.861158,19.282993,25.277586,24.920797,25.256094,24.30559,21.694021,18.028818,17.501326,13.285332,14.170754,10.237935,15.2187395,15.232104,14.214597,9.87597,9.662727,5.994048,4.830503,0.0,4.4977665,5.374716,9.934076,11.84334,18.318687,20.73272,22.098335,25.920141,26.867647,24.256739,21.453321,17.323334,17.353909,12.103607,13.802089,9.20505,6.2180657,5.0239043,5.6809945,6.571187,9.876052,13.168849,13.821836,13.690074,15.178538,16.384892,15.564187,18.960184,16.480291,20.504524,23.085552,21.636793,18.854101,19.326057,15.845973,18.819712,15.650404,22.204033,21.612017,21.613447,21.81195,22.401161,18.57353,21.480375,18.37313,22.393652,21.417337,24.079672,26.004929,25.189869,29.733276,30.001434,25.577723,24.85698,21.80522,18.284872,17.138597,13.151592,9.7705145,7.659497,5.5210586,6.7922673,6.417328,10.023844,10.274875,9.015273,13.159432,15.245698,13.3032875,16.716612,13.721214,19.587797,20.616377,24.622696,24.046904,21.17557,21.206017,15.688579,16.736532,12.414242
29,30.515862,27.847416,25.075272,21.601202,19.91471,16.654402,16.221455,16.98474,12.989999,16.948645,14.875434,20.894667,20.614632,20.780933,19.820389,17.337551,13.614038,13.494168,9.189975,11.112323,8.052532,13.49085,14.1595,14.580426,10.774813,12.07502,7.7383666,8.606895,4.4977665,0.0,5.941352,6.3362203,10.542393,15.647094,18.621931,19.895763,23.599237,25.230362,22.680868,20.122398,16.261253,15.61031,11.010068,11.19647,6.0708833,6.7032723,3.6573853,7.9017425,7.4849963,11.246699,13.4213915,13.966213,12.209817,15.049994,14.722659,14.822089,17.958384,16.079973,20.070065,22.26508,21.773191,19.435211,20.382986,17.396921,21.053015,18.774818,25.288433,25.083635,24.919708,24.452185,24.36213,20.098875,22.37277,18.830381,22.169533,20.721945,22.795443,24.368706,22.940765,27.426834,27.048794,22.427309,22.213268,19.015366,15.606581,15.277407,10.301778,9.302809,7.14455,7.826811,10.2233305,10.815452,14.253012,14.041339,12.6607275,17.243423,18.660841,16.34925,18.889664,15.080633,20.646488,20.553862,23.937302,23.95509,21.329523,22.724188,16.84787,18.960041,15.082833
30,33.216064,30.840681,28.377079,25.330187,23.239576,19.488306,20.176989,19.349089,16.519701,19.347202,17.550169,23.549042,22.580587,24.056698,23.629822,21.859486,18.101967,18.860247,14.33374,16.393816,12.973127,17.899092,19.219887,18.283926,13.832817,14.616957,10.222136,9.895564,5.374716,5.941352,0.0,7.2543483,6.6663575,13.742801,15.751915,17.09999,20.906248,21.595337,19.085829,16.125938,11.98439,12.543072,7.2762856,9.804312,7.485684,5.3295283,6.657056,8.535794,11.237639,13.72157,16.201014,15.47088,14.234981,14.462581,14.237274,12.289428,14.980023,11.727192,15.508097,17.769089,16.427994,13.8251295,14.775282,11.972545,15.748812,14.329354,20.342316,20.944773,21.60337,21.802513,21.386942,17.98536,20.069736,16.175587,20.069197,18.19711,21.169708,22.477427,21.766527,26.083265,26.458035,21.799433,20.436876,17.341185,14.115503,12.893592,10.075037,6.639214,7.5830383,6.5093894,9.634846,9.893637,13.212113,11.418588,8.671045,13.209194,13.821603,11.889925,13.386667,9.761423,15.43068,15.77472,19.774567,18.93383,16.067442,16.88938,10.997646,13.064916,9.417219
31,32.485023,30.343262,27.411055,23.859365,20.973629,17.53848,16.661198,15.663771,11.176472,13.639687,10.362763,16.56084,15.408657,16.86017,16.666285,15.353008,11.800887,13.735319,9.69737,13.453923,11.913182,16.749842,18.742764,19.704584,16.122622,18.2224,13.467726,14.59657,9.934076,6.3362203,7.2543483,0.0,6.777619,9.556214,13.098169,14.027589,17.604977,19.709305,17.299389,15.073803,11.847981,10.540533,7.4900894,5.7959294,3.9560187,8.599962,7.67495,12.338309,13.241455,16.075481,17.112442,16.342861,12.869689,15.153822,12.283629,12.298763,14.3100195,12.717076,16.171745,17.655182,18.37188,16.776546,18.596897,16.831009,21.237537,20.79476,26.639381,27.513508,27.788115,27.066797,25.885881,21.879246,23.052124,18.75209,21.316076,18.720238,20.491394,21.049025,19.143343,23.24553,22.29309,17.116133,16.724258,13.208796,10.417077,11.24875,6.630169,8.944078,9.556784,11.6672,15.125394,16.049198,19.464058,17.983688,15.740442,20.45925,20.699427,18.402315,18.98415,14.594525,19.213768,17.548542,20.146267,20.412502,18.161608,21.276373,15.327347,18.7282,15.950748
32,34.783463,32.976757,30.434935,27.424301,24.271042,20.39266,20.980482,18.401693,15.971845,17.08432,15.2694845,20.653458,19.09804,21.983122,22.14315,21.68593,18.060694,20.250078,15.940054,18.992338,16.601038,21.021578,23.567587,23.091064,18.917309,20.73374,15.87367,16.522554,11.84334,10.542393,6.6663575,6.777619,0.0,7.9824777,9.136364,10.738779,14.34556,15.1999235,13.084624,9.7893715,5.722243,7.5368443,4.387837,6.4302588,8.834251,9.966651,11.569869,14.477569,17.172031,19.48898,21.110691,19.54412,16.93196,16.647087,14.031831,11.468724,12.349726,8.514726,11.209915,12.127995,11.804492,10.27013,12.004882,11.021701,15.648573,16.750292,21.604824,23.450378,24.447533,24.17323,22.435127,19.451363,20.136286,15.511953,18.404568,15.2318,18.020947,18.201504,17.30853,21.133219,21.327019,16.389675,14.337179,11.180586,8.638012,7.920146,7.4280257,6.9406266,10.648217,11.593596,15.327281,16.278051,19.248974,16.321764,13.293257,17.602186,16.539267,14.609224,13.383354,9.1052,13.009704,11.220144,14.430856,13.875023,11.437159,14.717407,8.9967985,13.030287,11.42646
33,38.73164,37.245174,34.410725,31.118557,27.308794,23.867565,23.176489,20.094042,16.706636,16.229479,12.323071,16.829275,13.645682,17.778934,19.150612,19.658993,17.340734,20.829876,17.752306,21.951584,21.0406,25.24752,27.989676,28.807106,25.125172,27.297615,22.397814,23.082783,18.318687,15.647094,13.742801,9.556214,7.9824777,0.0,6.2866035,4.725504,8.371001,10.769081,8.572312,7.667354,7.4202876,4.7397532,8.003515,5.4610395,11.265329,14.999574,16.138218,19.817667,22.150112,23.982729,24.29624,22.100107,18.072868,18.132866,13.049532,11.842489,10.737537,9.726457,10.768962,10.503715,13.671023,13.743769,17.08978,17.765903,22.366732,24.461113,28.659182,31.039682,32.17142,31.63362,29.339638,26.369476,26.24549,21.489174,23.068592,19.082188,20.700552,19.39773,17.470928,20.187803,18.796423,13.072676,11.065973,7.223007,7.9318933,10.327404,10.541223,13.980377,17.136538,19.059155,22.840118,23.636003,26.878872,24.263132,21.187922,25.229683,24.130503,22.440557,20.249952,16.305742,18.518793,14.738723,15.814072,15.659908,14.32807,19.59265,14.784104,19.183985,18.53639
34,37.440727,36.433544,33.934704,31.17332,27.026188,23.466316,23.898643,19.492262,18.25875,16.695677,15.785847,18.872519,16.942509,21.592611,22.393648,23.90318,20.822508,24.27137,20.775347,24.234335,23.044064,26.473242,30.10762,30.066334,26.38366,29.080082,23.985403,25.484627,20.73272,18.621931,15.751915,13.098169,9.136364,6.2866035,0.0,5.1386485,6.3755913,8.451916,8.550261,5.320683,5.6701255,8.854139,11.305171,10.728812,15.82682,18.65695,19.931974,23.380524,25.72427,28.1108,29.134777,27.194523,23.618603,23.302046,18.852013,16.609571,15.152606,12.349804,11.964155,9.208813,11.308176,12.469882,14.106402,15.501282,19.791178,22.987656,26.341501,29.13073,30.172886,29.204535,26.150042,23.78752,22.755424,18.11317,18.905012,14.523703,16.110214,14.187771,12.937205,15.182219,14.905817,10.055399,6.4743347,4.0770783,5.6108727,6.9718585,10.699632,13.523425,17.632015,19.757452,23.638422,25.167028,27.852922,24.28071,21.473076,25.523397,23.250685,21.354279,18.221119,14.54459,14.915547,10.162721,9.92484,11.022101,10.683276,16.974295,13.641458,18.307413,18.653444
35,41.71952,40.503704,37.82123,34.759655,30.73181,27.243692,26.974058,23.19202,20.669819,19.416918,16.296865,19.780184,16.40959,21.206455,22.845411,23.901476,21.73099,25.377031,22.30638,26.367443,25.337181,29.34746,32.36932,32.824703,29.018005,31.17462,26.2408,26.819899,22.098335,19.895763,17.09999,14.027589,10.738779,4.725504,5.1386485,0.0,4.2178054,6.0842986,4.5738907,4.704216,7.2656245,6.260555,10.854507,9.680303,15.69396,18.625893,20.341421,23.557507,26.380985,28.005602,28.36877,25.822449,22.039442,21.114698,16.091524,14.043866,11.66444,10.423638,9.4459915,7.337017,11.636122,12.817977,16.403605,18.254522,22.555782,25.745268,28.960518,31.98049,33.48578,33.084988,30.370258,28.05592,27.410868,22.703178,23.90159,19.567059,21.240406,19.213606,17.747593,19.590387,18.53315,13.307357,10.119197,7.3069224,9.689694,11.658062,13.926527,16.760933,20.607607,22.278013,26.059738,26.861506,29.89098,26.776276,23.515469,27.122416,25.371872,24.013933,20.679968,17.33451,18.103594,13.651715,13.82503,13.245992,12.65039,18.604048,15.00599,19.442537,19.88966
36,43.04253,42.161552,39.558605,36.674908,32.360905,29.038437,28.852043,24.491344,22.673986,20.525423,18.239328,20.445984,17.256174,22.533861,24.271036,26.116402,24.08563,27.992506,25.166086,29.140997,28.411095,31.992294,35.42758,35.893364,32.244946,34.73868,29.70279,30.68309,25.920141,23.599237,20.906248,17.604977,14.34556,8.371001,6.3755913,4.2178054,0.0,4.6179934,5.993205,6.7675247,10.224022,10.450917,14.983897,13.686812,19.605684,22.759928,24.31306,27.675785,30.324009,32.12564,32.47219,29.963072,26.03391,25.217033,20.008314,18.116117,15.401778,14.300807,12.507536,9.030197,13.446459,15.429775,18.371384,20.720085,24.768375,28.51379,31.233408,34.494114,35.940674,35.249424,32.096672,30.035488,28.813412,24.26079,24.70355,20.208805,21.337503,18.603262,17.162039,17.998024,16.771414,12.242917,8.779764,7.5131726,11.141387,13.251201,16.433657,19.69136,23.661394,25.652271,29.499432,30.600153,33.48478,30.083084,26.961565,30.57959,28.38946,26.960032,23.20037,20.061481,19.789293,14.796942,13.519117,13.71168,14.101246,20.550344,17.923561,22.362022,23.290392
