,0,1,2,3,4,5,6,7,8,9,10,11,12,13,14,15,16,17,18,19,20,21,22,23,24,25,26,27,28,29,30,31,32,33,34,35,36,37,38,39,40,41,42,43,44,45,46,47,48,49,50,51,52,53,54,55,56,57,58,59,60,61,62,63,64,65,66,67,68,69,70,71,72,73,74,75,76,77,78,79,80,81,82,83,84,85,86,87,88,89,90,91,92,93,94,95,96,97,98,99,100,101,102,103,104,105,106,107
0,0.0,4.3173785,6.078002,9.517849,11.838082,14.253952,17.330263,21.34541,24.452595,26.720968,31.326633,30.184086,28.405998,27.624353,22.771008,22.176764,17.853676,17.772158,15.509204,14.380072,15.62077,11.758677,17.286491,19.182066,19.558214,22.046507,23.195679,23.99781,20.960337,23.76253,23.188086,26.1995,31.475447,31.245373,35.723835,36.429974,39.534378,39.38776,35.804287,32.17482,35.10143,30.811613,30.05525,29.153074,27.7686,27.821924,24.82779,26.560219,25.961414,27.164747,27.28302,24.954353,25.95839,25.18287,26.378849,28.975058,27.70695,30.714956,34.611202,34.286976,30.627438,35.4472,33.69333,34.51404,37.047737,34.75266,37.571686,34.65995,39.451084,36.816936,31.942156,32.48608,30.017387,31.824099,30.838865,27.822996,30.66333,29.183815,30.470213,32.95262,30.532389,27.032055,26.009033,23.533949,23.803705,20.86955,21.969618,18.813478,17.92356,16.94412,14.838273,15.970049,13.7045765,17.190279,19.407974,22.68289,23.01091,27.476986,27.975826,32.695675,36.865692,32.641644,29.825783,26.776537,22.385931,20.906511,16.876232,16.156525
1,4.3173785,0.0,5.3253765,6.422251,8.719716,12.055973,14.270601,19.188948,21.598532,24.395327,28.499098,27.456642,26.117048,24.921627,20.312489,18.91171,14.710359,14.067335,11.648903,10.114294,11.368362,7.81419,13.584609,15.783372,16.62598,18.871868,20.079605,20.356682,17.298113,19.7409,19.500944,22.143229,27.900883,27.541723,32.08169,32.946068,35.826195,35.558228,31.858482,28.125555,31.17216,26.713272,26.233574,25.263527,24.222088,24.362837,21.697151,23.65617,23.341267,24.97283,25.535868,23.781954,25.215021,24.851276,25.543219,27.904715,25.920904,28.864344,32.662563,31.895382,28.130129,32.49016,30.498697,31.018229,33.41639,30.90238,33.56343,30.498186,35.288116,32.778755,27.869528,28.291443,25.740498,27.580378,26.543633,23.597878,26.536707,25.17223,26.654106,29.207363,27.069698,23.40957,22.576141,19.815155,19.762487,16.806866,17.733683,14.537623,13.887124,13.317158,11.668174,13.652072,12.37163,16.052353,17.58387,21.10834,20.464373,25.272903,25.16988,30.070797,34.470554,30.510092,27.53221,25.196201,20.158089,19.493347,15.386005,15.388268
2,6.078002,5.3253765,0.0,5.1858125,6.6846423,8.498338,11.77721,15.305913,18.616377,20.682371,25.43419,24.353273,22.553959,22.024637,17.17304,16.983984,13.048391,13.097308,12.360771,11.601553,14.398429,12.057303,17.832663,20.087397,20.5316,22.048437,22.233334,22.366854,17.67347,20.341856,18.804947,21.995728,26.280724,26.195795,30.50258,31.033743,34.408756,34.434437,31.122702,27.79126,30.52365,26.954006,25.826582,25.978409,23.994446,25.296316,22.637426,25.05719,25.271044,26.408092,26.584198,24.842148,25.602951,24.407478,24.441538,26.386189,24.556417,27.942003,31.253433,31.25097,27.46305,32.333908,30.00398,31.181358,32.962048,31.393671,34.116634,31.34088,36.415737,34.32038,29.61113,30.548738,27.460707,30.143589,28.049488,25.713135,28.13026,26.237621,27.628275,29.655302,27.402119,24.059732,22.008108,19.975962,20.11023,18.252522,18.55071,16.752811,15.151959,15.019106,11.779054,13.704863,11.639771,14.009047,15.172182,17.874819,17.962065,22.440638,22.550697,27.293623,31.412016,26.97094,24.11106,21.31637,16.711863,15.210022,11.387217,10.437419
3,9.517849,6.422251,5.1858125,0.0,3.7909098,6.0087266,8.750693,13.270247,15.632783,18.641424,22.589582,21.153631,19.78969,18.505737,13.912311,12.681514,8.473608,8.471986,7.216304,7.4465475,10.615498,9.6705475,15.165935,17.945385,19.358086,20.59565,20.98729,20.143261,15.269011,16.909296,15.741888,17.787828,22.732204,21.895117,26.563576,27.075903,30.187704,30.295967,26.684069,23.243996,26.605612,23.014742,22.519953,22.932882,21.556215,23.293396,21.32925,24.0848,24.706207,26.447735,27.222889,26.200134,27.47081,26.783567,26.262505,27.8454,25.093393,28.373611,31.415495,30.842455,26.938587,31.027998,28.204048,28.894037,30.171339,28.350018,30.640404,27.449684,32.577564,30.917055,26.172455,26.665518,23.29111,25.74228,23.217684,20.860884,23.03949,21.063782,22.46066,24.50719,22.371593,18.949526,17.064936,14.82921,15.026291,13.172149,13.888546,12.915642,12.073856,13.175701,10.7646885,14.077792,13.465943,15.773269,15.723161,18.409494,16.894102,21.838993,20.64821,25.712664,30.134733,25.937124,22.811771,21.323097,15.69306,15.421827,11.977544,11.617425
4,11.838082,8.719716,6.6846423,3.7909098,0.0,5.2606072,5.566691,10.999389,12.932842,15.839841,19.79601,19.089739,18.137259,17.0876,12.805546,11.276872,8.241203,6.8224487,8.153278,6.9138074,10.955562,10.897858,15.727997,18.142483,18.936174,19.438791,19.031443,18.102448,12.353537,14.337687,12.496402,15.399191,19.740517,19.72165,23.97521,24.725382,27.93521,27.807606,24.51279,21.19975,23.858887,20.486065,19.438906,20.188255,18.276533,20.490612,18.584091,21.591208,22.60321,24.142992,24.870247,24.171812,25.301382,24.51997,23.455341,24.720768,21.707096,25.052696,27.865847,27.400671,23.496588,27.662659,24.737577,25.70288,26.879267,25.459885,27.92872,25.103493,30.300165,28.66567,24.115307,25.207596,21.706722,25.051102,22.268269,20.64251,22.914694,21.007992,22.796106,24.598492,22.992249,19.586674,17.14194,15.006569,14.315094,13.537177,12.52409,11.98507,10.029146,11.243871,8.085331,11.564518,11.366816,12.978628,12.287012,14.897248,13.107331,18.083826,16.99618,22.03382,26.475946,22.416973,19.297508,17.890768,12.140395,12.346373,8.879973,9.638839
5,14.253952,12.055973,8.498338,6.0087266,5.2606072,0.0,5.922228,7.606853,10.959954,13.357069,17.776754,16.020567,14.183233,13.539066,8.693507,9.229005,6.1440954,7.6115603,9.468247,10.888678,14.879548,15.174371,20.124685,22.867838,24.07282,24.550755,24.01314,22.743341,16.413807,17.667805,15.037036,17.027855,19.803043,18.965326,23.342123,23.324404,26.974627,27.549942,24.438757,21.666666,24.766172,22.569937,21.541775,23.534716,21.342321,24.59708,23.051725,26.280836,27.566141,28.967089,29.556406,28.861969,29.633532,28.358196,26.905281,27.763418,24.83253,28.429045,30.63814,30.709671,26.870687,31.02938,27.64133,28.884125,29.075846,28.409384,30.491634,27.600481,32.924416,32.006916,27.675144,28.580984,24.634407,27.883402,24.047642,22.62259,23.923853,21.359186,22.574732,23.78733,21.706974,18.921852,15.409927,14.443504,14.876188,14.882856,14.756872,15.9566145,14.459625,16.260696,12.975676,16.238726,15.5759325,16.175875,14.924625,16.15383,14.674244,19.109264,17.358173,22.22393,26.332405,21.6678,18.601719,17.47105,12.012261,11.430568,9.384524,7.9583225
6,17.330263,14.270601,11.77721,8.750693,5.566691,5.922228,0.0,6.891927,7.503286,10.743153,14.274212,14.009431,13.682657,12.716245,9.31287,7.4978175,7.0854177,4.9762855,9.750064,9.22926,13.507964,15.048918,18.77079,21.061434,21.82442,21.36173,20.074402,18.368006,11.414993,12.478351,9.245594,11.969195,14.610574,14.935933,18.827644,19.498962,22.940308,22.914759,20.029058,17.20322,19.428911,17.195461,15.7309675,18.017649,15.569516,19.375422,18.296993,21.781235,23.596704,25.04214,25.89296,25.931158,26.88611,25.981926,23.857693,24.269558,20.593714,23.989403,25.907099,25.597921,21.780233,25.474672,21.876598,23.094934,23.161406,22.673853,24.848522,22.2968,27.61971,26.739868,22.68367,24.174,20.177319,24.4059,20.501286,20.024124,21.644423,19.487154,21.42294,22.546682,21.515322,18.546186,15.045245,13.678758,12.403936,13.662144,11.116028,12.935824,10.585754,12.852585,9.820792,13.339184,13.986676,13.996687,11.5401,12.860108,9.745308,14.534927,12.187104,17.29463,21.756336,17.752996,14.513815,14.414774,8.12064,9.7643795,8.012828,9.495424
7,21.34541,19.188948,15.305913,13.270247,10.999389,7.606853,6.891927,0.0,5.198792,5.9207306,10.933972,9.74515,8.080961,8.890604,5.7709136,8.225341,9.407593,10.212421,14.673591,15.756794,19.97637,21.371141,25.44044,27.886051,28.67607,28.14781,26.514608,24.806831,17.53833,18.22478,14.184811,16.127174,15.3573065,15.344916,18.574543,18.135445,22.34064,23.204376,21.13517,19.468273,21.4428,21.187153,19.349813,23.11776,20.055944,24.901844,24.057575,27.632713,29.700476,30.713589,31.195375,31.158358,31.493166,29.856195,27.201735,27.002296,23.719444,27.360325,28.33643,29.01349,25.484428,29.307615,25.36668,27.215378,26.050528,26.930195,28.732145,26.550013,31.81397,31.7378,28.186811,29.763165,25.469944,29.791615,24.883053,24.902308,25.46139,22.699795,24.01113,24.20856,22.901974,20.908314,16.081587,16.418402,16.2107,18.404356,16.559128,19.547249,17.37797,19.604908,16.133362,18.967703,18.829273,17.573872,14.732682,13.880606,12.030766,15.110195,12.408321,16.599869,20.18988,15.277324,12.379298,12.582367,7.932407,8.143925,9.329106,8.5651245
8,24.452595,21.598532,18.616377,15.632783,12.932842,10.959954,7.503286,5.198792,0.0,4.6806397,6.9591017,6.912332,7.737422,7.3677835,6.9629874,6.682285,10.177711,9.620324,14.937933,15.671219,19.58017,21.98955,25.012255,27.27563,28.18433,27.065714,25.174395,22.822197,15.70068,15.321872,11.235839,12.15842,10.243252,10.476467,13.434571,13.310273,17.395988,18.04671,16.126482,14.741044,16.383608,16.81353,15.090143,19.61164,16.837196,22.307713,22.279123,25.972197,28.463297,29.72271,30.59837,31.251587,31.902308,30.74832,27.658985,27.07182,23.056267,26.331205,26.868196,26.992073,23.597351,26.442518,22.09893,23.621758,21.722616,22.854017,24.253895,22.175354,27.331533,27.768076,24.639105,26.296213,21.902596,26.610186,21.314125,22.193708,22.50653,19.960537,21.59895,21.50183,21.067982,19.219189,14.448189,14.845765,13.711573,17.063063,14.098037,18.148458,16.159515,18.948828,16.35421,19.421602,20.332138,19.034178,15.447775,14.620648,10.974076,13.867565,9.394798,13.663034,17.57466,13.575253,10.508858,13.032823,8.084747,10.715445,12.019714,12.899105
9,26.720968,24.395327,20.682371,18.641424,15.839841,13.357069,10.743153,5.9207306,4.6806397,0.0,5.946096,7.1223993,7.296196,9.127345,9.279432,10.989164,14.043805,13.914075,19.135033,19.671467,23.758724,25.76214,29.086079,31.208073,31.659771,30.410854,28.066755,26.10428,18.781332,18.990616,14.439379,16.215105,12.311208,13.646766,15.20149,14.686553,19.094393,19.915808,18.985165,18.347794,18.885971,20.22672,17.769821,22.645903,19.130766,24.866571,24.656734,28.29487,30.873835,31.623158,32.092686,32.645123,32.769928,31.096987,27.641537,26.626999,23.060476,26.451103,26.38145,27.354973,24.24747,27.477411,23.244825,25.46185,23.240866,25.364056,26.902067,25.473736,30.443295,30.95812,28.176537,30.276663,25.987026,31.01329,25.710001,26.820057,27.03925,24.453398,25.953371,25.55351,25.078815,23.547691,18.497423,19.308882,18.371592,21.688623,18.645653,22.36101,19.883266,22.195187,19.01458,21.401423,21.819807,19.61612,15.909868,13.754433,11.463721,12.767129,9.136447,12.134838,15.157679,10.443761,7.8623223,10.366451,7.6553106,9.356497,12.252822,12.7118025
10,31.326633,28.499098,25.43419,22.589582,19.79601,17.776754,14.274212,10.933972,6.9591017,5.946096,0.0,5.3216424,8.493123,9.212212,11.961085,12.242066,16.586256,16.045225,21.327728,22.007359,25.626347,28.471931,30.866669,32.88692,33.621807,31.911913,29.471577,26.850512,20.105246,19.056004,14.997716,15.002557,8.667164,9.977644,10.017492,9.199727,13.606904,14.633819,14.528974,15.019376,14.957257,17.967634,15.940462,21.69459,18.796772,25.023346,25.77276,29.407843,32.35649,33.367313,34.231964,35.435265,35.854702,34.631947,30.840769,29.437952,25.299358,28.182243,27.470509,27.900703,25.132984,27.010801,22.37552,24.132965,20.622335,23.334724,24.064337,22.870224,27.436789,28.880724,26.81887,28.799091,24.500832,29.596706,23.801432,25.85918,25.4371,23.045519,24.560328,23.556702,23.96336,22.999743,18.124784,19.389648,18.030867,22.300776,18.817486,23.527344,21.558638,24.36133,22.104473,24.70076,25.910707,23.834574,19.747883,17.72712,14.209673,14.852499,9.626838,11.407806,14.041722,11.119692,9.197091,14.165008,11.901881,14.78101,17.394522,18.435596
11,30.184086,27.456642,24.353273,21.153631,19.089739,16.020567,14.009431,9.74515,6.912332,7.1223993,5.3216424,0.0,4.1248245,4.3363123,8.333362,9.791548,14.044141,14.902282,19.448954,21.402973,24.964022,27.730675,30.546656,33.025425,34.425034,33.269863,31.485966,28.72018,21.969177,20.67523,17.05649,16.039997,11.832142,10.0863495,12.071155,10.1168,14.542708,16.550028,15.450879,15.637773,17.614143,20.024384,18.983004,24.335726,22.042433,27.92155,28.469303,32.16526,34.847023,36.189533,37.159874,38.01375,38.60647,37.35611,34.003574,33.04228,29.020422,32.141685,31.956514,32.24101,29.17514,31.277742,26.630692,27.982872,24.745132,26.614927,27.099916,25.069736,29.818552,31.370644,28.83608,30.03497,25.50087,29.72026,23.53325,24.938301,23.940073,21.03214,21.922009,20.694397,20.438389,19.908533,14.60527,16.659735,16.475702,20.521704,18.509933,23.578169,22.306723,25.446018,23.175573,26.323824,27.196014,25.725563,22.046377,20.513441,17.188707,18.87158,13.8507185,16.48308,19.221891,15.706283,13.542372,17.34279,14.099049,16.110865,18.281765,18.19197
12,28.405998,26.117048,22.553959,19.78969,18.137259,14.183233,13.682657,8.080961,7.737422,7.296196,8.493123,4.1248245,0.0,3.9060502,6.258734,9.924057,13.0951185,14.968167,19.033146,21.451633,25.216625,27.426859,30.928276,33.606724,35.04756,34.30549,32.735245,30.294628,23.29975,22.580713,18.841398,18.465952,15.381279,13.549689,16.12421,14.174016,18.526386,20.60648,19.18594,18.911695,21.328342,23.045925,21.921463,26.866335,24.360039,29.966698,30.00764,33.698254,36.12957,37.375286,38.129807,38.542538,38.96487,37.413124,34.3383,33.627605,30.013372,33.411354,33.53091,34.15473,30.92902,33.706852,29.232859,30.792433,28.067886,29.684978,30.478477,28.252195,33.191418,34.376987,31.44797,32.538826,27.97396,31.90973,25.888868,26.615711,25.737167,22.577396,23.163967,22.14994,21.09251,20.509014,14.998431,17.15764,17.74083,21.085234,19.896246,24.489283,23.175243,26.109037,23.349674,26.474907,26.75324,25.363354,22.088964,20.532902,18.05856,20.000174,15.780973,18.712498,21.388983,17.080849,14.881497,17.396439,14.21799,15.083063,17.24585,16.152222
13,27.624353,24.921627,22.024637,18.505737,17.0876,13.539066,12.716245,8.890604,7.3677835,9.127345,9.212212,4.3363123,3.9060502,0.0,5.0384374,7.113435,10.816618,12.725827,16.456509,19.276747,22.703587,25.310795,28.419476,31.19812,33.05692,32.38287,31.170683,28.396679,21.808023,20.490604,17.35397,15.912203,14.027021,10.887772,14.452646,12.60971,16.60912,18.708176,16.58947,15.986769,19.346172,20.677284,20.268404,24.97312,23.140045,28.519444,28.8115,32.48458,34.8729,36.48904,37.55852,38.11746,38.91966,37.765594,34.879078,34.378727,30.423458,33.682285,34.095886,34.129314,30.785345,33.134235,28.581923,29.607574,26.94649,27.9376,28.462242,25.785227,30.719913,32.0217,28.985088,29.628378,25.02825,28.544813,22.408558,23.04254,21.943676,18.732147,19.264517,18.271673,17.284216,16.70135,11.205122,13.516982,14.258815,17.766024,16.969616,21.952812,21.220747,24.499325,22.326159,25.85496,26.528854,25.712864,22.475231,21.62544,18.335207,20.97397,16.197361,19.66949,22.871967,19.00157,16.463531,19.325312,15.090838,16.617445,17.984983,17.282978
14,22.771008,20.312489,17.17304,13.912311,12.805546,8.693507,9.31287,5.7709136,6.9629874,9.279432,11.961085,8.333362,6.258734,5.0384374,0.0,5.3636694,7.025816,9.754772,13.100298,15.997723,19.699856,21.619936,25.447456,28.332438,30.088007,29.863531,28.91851,26.605328,19.887989,19.406698,16.270082,16.0039,16.045124,13.673887,17.860374,16.734201,20.667612,22.216505,19.569237,17.97592,21.489248,21.42418,20.792774,24.646616,22.618603,27.398615,27.027596,30.62356,32.646824,34.2079,35.101826,35.18871,35.95346,34.685295,32.26717,32.22717,28.620672,32.097904,33.146107,33.267277,29.676397,32.783245,28.559046,29.711525,28.060932,28.441113,29.55934,26.684858,31.89151,32.39368,28.777891,29.45342,24.956064,28.339169,22.861021,22.599894,22.28712,19.104076,19.78406,19.65641,17.931894,16.48167,11.289142,12.582093,13.609335,15.947223,15.67152,19.650318,18.73299,21.670116,19.064604,22.60292,22.787828,22.36144,19.689875,19.38546,16.695938,20.088438,16.260208,20.47287,24.09498,19.62132,16.753914,18.094881,13.196954,13.887885,14.444193,13.179011
15,22.176764,18.91171,16.983984,12.681514,11.276872,9.229005,7.4978175,8.225341,6.682285,10.989164,12.242066,9.791548,9.924057,7.113435,5.3636694,0.0,4.8619676,5.7620363,9.678829,12.244583,15.593463,18.34583,21.307669,24.108738,26.121725,25.686943,24.947418,22.191292,16.000113,14.747149,12.388314,11.066477,13.096359,10.303801,15.260629,14.963213,18.259449,19.212624,15.861264,13.503746,17.592539,16.665257,16.690212,20.098267,18.83522,23.300402,23.324844,26.879263,28.949524,30.917358,32.23016,32.696205,33.947674,33.29311,30.960506,31.046154,26.935905,30.09025,31.401756,30.730011,27.086563,29.547415,25.313164,25.840261,24.438883,24.056572,25.032106,21.797789,27.012817,27.435856,23.720478,24.152546,19.65283,22.996466,17.605162,17.435686,17.439533,14.524048,15.802194,16.146912,15.055211,12.8947735,8.282861,8.434033,8.443939,11.318765,10.443739,14.986714,14.563633,17.971846,16.325201,20.265951,21.304304,21.456093,18.664316,19.241459,15.329937,19.37223,15.004227,19.674107,23.872448,20.185356,17.050663,19.020239,13.1824875,15.21372,14.859634,15.030475
16,17.853676,14.710359,13.048391,8.473608,8.241203,6.1440954,7.0854177,9.407593,10.177711,14.043805,16.586256,14.044141,13.0951185,10.816618,7.025816,4.8619676,0.0,4.5577025,6.0969133,9.668497,13.019246,14.912508,18.743122,21.821962,24.05189,24.35145,24.250372,21.977495,16.203976,15.761323,14.018528,13.5978,17.33751,14.855291,19.939604,19.796722,22.933289,23.72788,20.067347,17.17042,21.47691,19.364435,19.502632,21.742823,20.648634,24.132963,23.491686,26.828098,28.368935,30.411428,31.620775,31.545052,32.878403,32.224243,30.563286,31.223413,27.531092,30.802864,32.790653,32.10284,28.277811,31.310852,27.495874,27.962141,27.513458,26.407549,27.758673,24.26546,29.505678,29.237965,24.990011,25.111813,20.905046,23.523317,19.037672,17.618212,18.252838,15.441462,16.49866,17.646612,15.65541,12.881302,9.36703,8.37661,9.388323,9.927113,10.819661,13.732523,13.648108,16.637358,14.850849,18.891975,19.391535,20.359646,18.462515,19.80833,16.662752,21.271301,17.925386,22.908747,27.249065,23.196682,19.979559,20.633862,14.567353,15.60247,14.116321,13.647895
17,17.772158,14.067335,13.097308,8.471986,6.8224487,7.6115603,4.9762855,10.212421,9.620324,13.914075,16.045225,14.902282,14.968167,12.725827,9.754772,5.7620363,4.5577025,0.0,5.62359,6.5718846,10.2902775,12.844463,15.96899,18.685629,20.517836,20.34597,19.946682,17.540936,11.712967,11.280412,9.768936,9.961991,14.871597,13.524697,18.311592,18.98933,21.828047,21.887228,18.216259,14.868953,18.521261,15.611444,15.569582,17.326977,16.313822,19.583767,19.042482,22.401733,24.075516,26.199585,27.580736,27.83004,29.366873,29.060915,27.291859,27.927725,23.9391,26.985466,29.102812,28.020958,24.195507,27.008904,23.31591,23.622581,23.620186,22.183117,23.812073,20.461145,25.74159,25.087042,20.778896,21.318758,17.201166,20.533459,16.512396,15.488785,17.004595,14.828135,16.746305,18.230062,17.158478,13.8889675,11.168451,9.054561,7.850969,8.727281,7.236797,9.953645,9.34306,12.575807,11.224526,15.408946,16.658892,17.712019,15.59955,17.477114,13.642203,18.54269,15.312109,20.446215,25.070574,21.565765,18.284786,19.09453,12.727645,14.71707,12.793824,13.845072
18,15.509204,11.648903,12.360771,7.216304,8.153278,9.468247,9.750064,14.673591,14.937933,19.135033,21.327728,19.448954,19.033146,16.456509,13.100298,9.678829,6.0969133,5.62359,0.0,5.385689,7.438564,9.518818,12.994432,16.282955,19.13474,19.995209,20.885662,18.684286,14.588276,14.110487,14.196676,13.574573,19.882053,17.612957,22.797935,23.352343,25.739878,25.90618,21.729155,18.055779,22.592754,18.849848,19.736607,20.237986,20.225891,22.185541,21.392515,24.286514,25.29546,27.81675,29.364075,29.219143,31.122198,31.147533,30.198038,31.415213,27.730524,30.62893,33.325565,31.889797,28.030338,30.757978,27.455194,27.22304,27.83462,25.424953,26.891335,22.995222,27.987812,26.99954,22.311075,21.814827,18.172377,19.792206,16.75091,14.124604,15.919442,13.932334,15.371267,17.669857,15.835138,12.120875,11.275526,8.1970005,8.531658,6.044039,8.536937,9.322857,10.640975,13.433902,13.086363,17.260931,18.212177,20.455374,19.349218,21.913021,18.585571,23.674685,20.83713,25.989834,30.650337,27.110794,23.829964,24.151346,17.840055,19.137613,16.48445,16.83262
19,14.380072,10.114294,11.601553,7.4465475,6.9138074,10.888678,9.22926,15.756794,15.671219,19.671467,22.007359,21.402973,21.451633,19.276747,15.997723,12.244583,9.668497,6.5718846,5.385689,0.0,4.3274903,6.5314727,9.702406,12.416311,14.387633,14.947539,15.614767,13.793364,10.07463,10.638524,11.3041525,12.400079,19.330912,18.66357,23.204386,24.493313,26.75088,26.164833,22.258205,18.328997,21.633371,16.958338,17.276377,16.629025,16.521729,17.562098,16.353579,19.087988,19.95837,22.464466,24.050554,23.987492,26.066582,26.422726,25.634382,27.04222,23.383728,26.03839,29.11665,27.402447,23.56195,26.432377,23.616438,23.38216,24.973207,22.169252,24.260242,20.794317,25.7128,23.866333,19.010252,19.258242,16.082788,18.589214,16.74832,14.54176,17.575726,16.445402,18.652927,21.120003,20.08685,16.195137,15.545153,12.184645,10.581853,8.512905,7.6649604,5.4833674,5.740965,8.076373,8.342987,12.445172,14.010893,16.6528,15.869276,19.17822,15.885134,21.067806,19.10749,24.18655,28.956768,25.859247,22.658207,22.511574,16.381372,18.025496,14.76784,16.406992
20,15.62077,11.368362,14.398429,10.615498,10.955562,14.879548,13.507964,19.97637,19.58017,23.758724,25.626347,24.964022,25.216625,22.703587,19.699856,15.593463,13.019246,10.2902775,7.438564,4.3274903,0.0,4.6672873,5.762472,8.880352,12.000361,13.153216,15.044331,13.146634,11.870535,11.815446,13.9910755,14.124744,22.010431,21.003391,25.554602,27.038614,28.743315,27.94524,23.780756,19.639753,23.211102,17.843145,18.9814,17.16481,18.216318,18.013208,17.021425,19.178137,19.571974,22.55969,24.511124,24.530224,27.089325,28.041725,27.742525,29.417395,25.78958,28.021091,31.384003,29.092863,25.40392,27.663269,25.219904,24.305082,26.375443,22.674696,24.539318,20.773775,25.233551,23.051989,18.055716,17.476906,15.005886,16.21549,15.756012,12.714349,16.387356,15.994826,18.218584,21.192669,20.33574,16.30669,17.096151,13.27247,11.673284,8.250921,8.659288,4.3265257,7.144977,8.8215,10.947911,14.50412,16.388033,19.643044,19.27773,22.918438,19.529816,24.628511,22.665907,27.617512,32.424927,29.702147,26.53581,26.554241,20.494314,22.261927,18.872725,20.550297
21,11.758677,7.81419,12.057303,9.6705475,10.897858,15.174371,15.048918,21.371141,21.98955,25.76214,28.471931,27.730675,27.426859,25.310795,21.619936,18.34583,14.912508,12.844463,9.518818,6.5314727,4.6672873,0.0,5.917441,8.697977,11.129141,13.4382305,15.742827,15.115785,14.096897,15.332035,16.952803,18.23722,25.650589,24.968979,29.525312,30.898357,32.927425,32.199528,28.146578,24.05766,27.365707,22.014341,22.598919,20.512192,20.999966,20.207886,18.343618,20.085182,19.796799,22.44678,23.987179,23.235102,25.66459,26.481424,26.916313,29.092747,26.154793,28.475283,32.294655,30.331951,26.641342,29.645338,27.668655,27.121216,29.755524,26.14748,28.411167,24.94129,29.318573,26.669546,21.65823,21.345997,19.305576,20.32141,20.380966,17.109188,20.728554,20.21727,22.12334,25.147879,23.77607,19.792583,20.395353,16.773142,15.826685,12.131194,13.043541,8.397191,9.671266,9.640552,11.005647,13.800981,14.768537,18.704372,19.353783,23.316946,20.955374,26.038418,24.970596,29.935095,34.662525,31.58844,28.47183,27.508135,21.771097,22.709402,18.812283,20.114315
22,17.286491,13.584609,17.832663,15.165935,15.727997,20.124685,18.77079,25.44044,25.012255,29.086079,30.866669,30.546656,30.928276,28.419476,25.447456,21.307669,18.743122,15.96899,12.994432,9.702406,5.762472,5.917441,0.0,3.557837,7.931603,10.225026,13.704519,12.643768,14.439863,14.720431,17.87778,18.246271,26.450846,25.856659,30.065292,31.890455,33.171192,31.960684,27.850634,23.650166,26.72188,20.704947,22.060413,18.708263,20.549881,18.491024,17.316551,18.414669,17.893423,21.189842,23.377726,23.315086,26.36872,28.059212,28.54542,30.652744,27.38249,29.030087,32.87831,30.051048,26.65752,28.50892,26.907816,25.476954,28.557598,24.006983,25.978426,22.43391,26.109968,23.079529,18.175776,17.204828,16.219303,16.233902,18.06814,14.742458,19.04735,19.586681,21.820883,25.109861,24.532078,20.56071,22.26711,18.318247,16.586258,12.892134,13.237328,7.6513343,10.350829,10.203804,13.6670475,16.036627,18.089884,21.973127,22.357828,26.475128,23.421444,28.298002,26.961376,31.657354,36.420025,34.1209,31.080141,30.799662,25.084515,26.803593,23.103024,25.084028
23,19.182066,15.783372,20.087397,17.945385,18.142483,22.867838,21.061434,27.886051,27.27563,31.208073,32.88692,33.025425,33.606724,31.19812,28.332438,24.108738,21.821962,18.685629,16.282955,12.416311,8.880352,8.697977,3.557837,0.0,5.0494385,7.6550994,11.841164,11.427127,14.923838,15.513559,19.029417,19.831228,27.93523,27.927437,31.73995,33.85546,34.946762,33.391438,29.490385,25.333557,27.743187,21.468937,22.670431,18.487682,20.590588,17.463995,16.209417,16.625204,15.631002,19.040064,21.3798,21.458914,24.776674,26.938372,27.70954,29.9393,26.84063,28.05803,32.094696,28.953499,25.812906,27.37497,26.33898,24.6957,28.413168,23.533367,25.69581,22.551842,25.75923,22.154036,17.465721,16.76915,16.642174,16.719599,19.559313,16.673191,21.22435,22.161083,24.580936,27.848831,27.600637,23.663704,25.399033,21.443027,19.304628,16.004084,15.480982,9.610336,11.627097,10.5445,14.586196,16.149326,18.482187,22.417599,23.056776,27.348269,24.443707,29.04692,28.153486,32.580112,37.253296,35.33399,32.431416,32.03431,26.651262,28.487291,24.739155,27.130072
24,19.558214,16.62598,20.5316,19.358086,18.936174,24.07282,21.82442,28.67607,28.18433,31.659771,33.621807,34.425034,35.04756,33.05692,30.088007,26.121725,24.05189,20.517836,19.13474,14.387633,12.000361,11.129141,7.931603,5.0494385,0.0,4.132617,8.40441,9.814584,14.1615715,15.943286,19.07932,21.253372,28.64812,29.70822,33.001286,35.371616,36.634186,34.765045,31.299816,27.283007,28.629675,22.390068,22.700445,18.024364,19.499578,15.409602,13.394217,13.04854,11.354637,14.514533,16.716217,16.689646,20.142902,22.64917,23.769964,26.205402,23.556507,24.414753,28.763214,25.635223,22.731216,24.633162,24.337507,23.031382,27.554548,22.890598,25.67801,23.3501,26.386614,22.145405,17.775928,18.329054,18.534622,19.842167,22.666048,20.535435,25.149324,26.00538,28.659576,31.731274,31.619312,27.643898,28.70572,24.867243,22.327152,19.678179,17.892368,11.916655,12.156309,9.555409,13.512013,13.721092,16.162508,20.033968,21.16608,25.625473,23.342966,27.498674,27.577381,31.63044,36.096252,34.446274,31.78036,30.839329,26.12474,27.837303,24.027205,26.91909
25,22.046507,18.871868,22.048437,20.59565,19.438791,24.550755,21.36173,28.14781,27.065714,30.410854,31.911913,33.269863,34.30549,32.38287,29.863531,25.686943,24.35145,20.34597,19.995209,14.947539,13.153216,13.4382305,10.225026,7.6550994,4.132617,0.0,4.7221518,6.2519317,11.952269,13.640988,16.983492,19.373915,26.325788,28.016808,30.759249,33.403122,34.472572,32.288174,29.163675,25.331917,25.88648,19.689835,19.742212,14.624178,16.257977,11.561543,9.882974,9.316794,8.053356,11.646895,14.32452,15.252329,18.798811,21.522211,22.009071,24.035366,20.98394,21.496725,25.614803,22.11501,19.369135,20.724651,20.589746,19.104103,23.888802,19.182032,22.147451,20.292366,23.134438,18.666645,14.550278,15.928002,16.347631,18.640238,21.394423,20.135393,24.730747,25.724127,28.659945,31.4824,31.845947,27.963404,28.713776,25.00455,21.889,20.0931,17.08168,11.649336,11.191859,8.605903,12.945162,12.90424,16.108046,19.279999,19.851128,24.112371,21.471653,25.242897,25.337387,29.023014,33.366344,32.241974,29.742023,29.201632,24.7771,26.987614,23.540426,26.956118
26,23.195679,20.079605,22.233334,20.98729,19.031443,24.01314,20.074402,26.514608,25.174395,28.066755,29.471577,31.485966,32.735245,31.170683,28.91851,24.947418,24.250372,19.946682,20.885662,15.614767,15.044331,15.742827,13.704519,11.841164,8.40441,4.7221518,0.0,4.38346,9.522343,11.978028,14.613797,18.052752,23.870451,26.531147,28.645657,31.458456,32.6721,30.283865,27.68404,24.165367,23.675152,17.930843,17.003479,12.019584,12.701312,7.6641083,5.3347383,4.805806,4.685935,8.150184,10.9438,12.66958,15.958636,18.557287,18.29566,19.916458,16.591734,16.936764,20.931768,17.408808,14.659032,16.252605,16.298399,15.300141,20.395575,16.32407,19.832346,18.773304,21.751863,17.285873,13.600975,16.36534,16.369343,20.154295,21.99298,21.638643,25.967016,26.704103,29.81893,32.265995,32.84847,29.075092,29.043327,25.64325,22.158293,21.338793,17.128593,12.664441,10.693615,7.907899,11.495509,10.709203,14.403174,16.632126,16.782381,20.779871,18.223953,21.435701,22.027304,25.262705,29.394129,28.634407,26.380981,25.848038,22.036123,24.483534,21.432175,25.348028
27,23.99781,20.356682,22.366854,20.143261,18.102448,22.743341,18.368006,24.806831,22.822197,26.10428,26.850512,28.72018,30.294628,28.396679,26.605328,22.191292,21.977495,17.540936,18.684286,13.793364,13.146634,15.115785,12.643768,11.427127,9.814584,6.2519317,4.38346,0.0,7.4415956,8.335366,11.912622,14.265737,20.609293,22.865984,25.040596,27.898005,28.828913,26.433558,23.65504,20.07927,19.883896,13.865776,13.614703,8.411854,10.282067,6.0487857,5.9126945,7.1400323,8.529672,11.913328,14.7671995,16.769075,19.82254,22.039457,21.084938,22.185751,18.105522,18.736963,22.04294,18.341293,15.401392,16.070976,15.059906,13.406617,17.752028,13.208543,16.337915,14.7004795,18.001923,13.927266,9.7201605,12.410745,12.025284,16.215685,17.724941,17.747055,21.952583,22.801792,26.005785,28.340466,29.229221,25.584162,25.70385,22.35125,18.602346,18.211788,13.59849,9.857603,8.491407,7.3568506,11.472691,12.175933,16.127558,18.083218,17.286484,20.947796,17.324776,20.825062,20.243477,23.680204,28.014738,27.346285,24.929447,25.33062,20.953312,23.959187,21.222351,25.050632
28,20.960337,17.298113,17.67347,15.269011,12.353537,16.413807,11.414993,17.53833,15.70068,18.781332,20.105246,21.969177,23.29975,21.808023,19.887989,16.000113,16.203976,11.712967,14.588276,10.07463,11.870535,14.096897,14.439863,14.923838,14.1615715,11.952269,9.522343,7.4415956,0.0,4.729328,5.2946787,9.971523,15.232661,17.79158,20.263403,22.705532,24.59153,22.770245,20.088066,16.669703,16.719671,11.856645,10.156951,8.544551,7.0720716,8.228657,7.382746,10.880701,13.108616,15.155811,16.930605,18.261145,20.269815,21.050632,19.085112,19.685268,15.162892,17.192255,19.918835,17.621353,13.889354,16.364521,13.728106,13.819263,16.338877,13.914571,17.08299,15.248909,19.924717,17.401962,13.293814,16.071772,13.465541,18.74507,17.456816,17.74251,21.097055,20.774479,23.811031,25.638458,26.07438,22.565512,21.215319,18.431694,14.869582,15.555997,10.171773,8.630844,4.73816,5.513674,6.6041064,8.762857,12.415729,13.314024,11.334571,14.56721,10.375993,14.593184,13.565497,17.706795,22.33879,20.760927,18.071918,18.44879,13.610464,16.775103,14.389096,18.264565
29,23.76253,19.7409,20.341856,16.909296,14.337687,17.667805,12.478351,18.22478,15.321872,18.990616,19.056004,20.67523,22.580713,20.490604,19.406698,14.747149,15.761323,11.280412,14.110487,10.638524,11.815446,15.332035,14.720431,15.513559,15.943286,13.640988,11.978028,8.335366,4.729328,0.0,4.8722796,6.0830655,12.8201885,14.597832,17.170353,19.778927,21.070202,19.141542,16.101057,12.474741,13.087242,7.58407,7.4197826,6.2020316,6.9912024,9.125516,10.235983,13.450856,15.892369,18.43982,20.653723,22.415403,24.639214,25.63251,23.487165,23.75475,18.911695,20.635519,22.715302,19.977884,16.56122,17.457611,14.162487,13.207992,14.5852995,11.57655,13.884494,11.193269,16.183327,14.435646,10.251489,12.503933,9.210287,14.883187,12.988766,13.975358,17.061255,16.99688,20.195593,21.88379,22.877077,19.575151,18.64909,15.905322,11.831079,13.294907,7.2160816,7.7184668,6.047946,8.70558,10.620703,13.396059,16.920998,17.793446,15.349398,17.913267,12.856287,16.829445,14.174684,18.230701,22.897886,21.731876,18.988623,20.717503,15.541028,19.249077,17.412893,20.868984
30,23.188086,19.500944,18.804947,15.741888,12.496402,15.037036,9.245594,14.184811,11.235839,14.439379,14.997716,17.05649,18.841398,17.35397,16.270082,12.388314,14.018528,9.768936,14.196676,11.3041525,13.9910755,16.952803,17.87778,19.029417,19.07932,16.983492,14.613797,11.912622,5.2946787,4.8722796,0.0,6.352731,10.10725,12.8926735,15.232401,17.535444,19.71758,18.176994,15.69164,12.6733465,12.697868,9.3019085,7.0439014,9.006919,6.6494217,11.230225,11.626514,15.285122,17.970701,19.730648,21.307938,22.77938,24.322298,24.51554,21.768604,21.616518,16.764807,19.1392,20.717054,19.001509,15.394759,17.416393,13.559833,14.06499,14.443304,13.457324,15.92912,13.9983635,19.14184,18.014368,14.48059,17.090027,13.479414,19.242523,16.13896,17.295282,19.628284,18.744564,21.66003,22.833134,23.473236,20.426176,18.16357,16.139318,12.524904,14.818934,8.93777,10.706796,7.748586,10.205705,9.804639,12.552594,15.496031,15.282343,12.036048,13.797419,8.403782,12.499389,9.545536,14.023308,18.810364,17.085032,14.23053,15.992936,10.82404,14.790693,13.590724,17.146837
31,26.1995,22.143229,21.995728,17.787828,15.399191,17.027855,11.969195,16.127174,12.15842,16.215105,15.002557,16.039997,18.465952,15.912203,16.0039,11.066477,13.5978,9.961991,13.574573,12.400079,14.124744,18.23722,18.246271,19.831228,21.253372,19.373915,18.052752,14.265737,9.971523,6.0830655,6.352731,0.0,8.580712,8.682098,11.918815,14.202723,15.495764,14.13137,10.579944,6.850408,9.283184,5.770665,7.0351067,9.775117,10.308817,14.426499,16.017365,19.330801,21.93475,24.352558,26.42867,28.14615,30.08206,30.609812,28.010786,27.82451,22.84412,24.88325,26.097929,23.875483,20.611357,21.08362,16.908926,16.110968,15.032203,13.37888,14.205736,10.869442,16.180841,16.420702,13.076231,14.230803,9.807397,15.064089,10.523626,12.515426,13.992574,13.199694,16.212713,17.139786,18.47632,15.790813,14.177641,12.312596,8.187374,11.751606,5.996769,10.667099,10.287607,13.8541,14.667103,18.064875,21.01045,21.339424,18.19724,19.657846,14.122175,17.787294,13.283717,17.329239,21.875492,20.522314,17.699324,20.788317,15.390436,19.359362,18.49231,21.172672
32,31.475447,27.900883,26.280724,22.732204,19.740517,19.803043,14.610574,15.3573065,10.243252,12.311208,8.667164,11.832142,15.381279,14.027021,16.045124,13.096359,17.33751,14.871597,19.882053,19.330912,22.010431,25.650589,26.450846,27.93523,28.64812,26.325788,23.870451,20.609293,15.232661,12.8201885,10.10725,8.580712,0.0,6.319153,5.560093,8.147679,10.436262,9.230058,8.478999,8.327232,6.59729,9.665859,8.017907,14.060139,12.340699,18.422817,20.225449,23.666973,26.83872,28.354769,29.879757,31.844843,32.97782,32.774868,29.115318,27.855274,22.911589,25.018974,24.613583,23.496136,20.817593,21.098907,16.26886,16.863152,13.127656,15.10991,15.484087,14.281768,18.780659,20.349522,18.700558,20.851952,16.848024,22.449635,17.218502,20.213129,20.371607,19.012594,21.38243,20.90949,22.495369,20.959694,17.639275,17.606033,14.578409,19.089811,14.118743,18.804743,17.237833,20.219376,19.56148,22.21667,24.68248,23.359377,19.267166,18.699963,13.458468,14.877889,9.10934,11.38261,15.133008,14.510279,12.38493,17.417711,13.914534,18.204794,19.296667,21.82975
33,31.245373,27.541723,26.195795,21.895117,19.72165,18.965326,14.935933,15.344916,10.476467,13.646766,9.977644,10.0863495,13.549689,10.887772,13.673887,10.303801,14.855291,13.524697,17.612957,18.66357,21.003391,24.968979,25.856659,27.927437,29.70822,28.016808,26.531147,22.865984,17.79158,14.597832,12.8926735,8.682098,6.319153,0.0,5.5205793,6.1035533,8.304145,8.941123,5.94236,5.6181803,8.99495,11.345891,12.125244,17.19697,16.78154,22.159248,23.879786,27.337523,30.181747,32.231922,33.99933,35.66157,37.100113,36.97268,33.771164,32.960636,28.081291,30.415686,30.513678,29.197332,26.253305,26.576326,21.836575,21.709127,18.237064,18.892202,18.464674,15.836417,20.347055,22.479528,20.365604,21.058613,16.644648,20.828428,14.513399,17.163788,16.128145,14.165116,15.9886265,15.015841,16.613178,15.670514,12.305835,13.063948,10.91084,15.884831,12.628724,18.44435,18.180126,21.825712,21.461014,24.918024,27.164783,26.595207,22.848545,22.725948,17.558064,19.993687,14.134216,17.10309,20.727024,19.243792,16.827398,21.455105,16.95821,20.66663,21.394142,22.952991
34,35.723835,32.08169,30.50258,26.563576,23.97521,23.342123,18.827644,18.574543,13.434571,15.20149,10.017492,12.071155,16.12421,14.452646,17.860374,15.260629,19.939604,18.311592,22.797935,23.204386,25.554602,29.525312,30.065292,31.73995,33.001286,30.759249,28.645657,25.040596,20.263403,17.170353,15.232401,11.918815,5.560093,5.5205793,0.0,3.6194687,4.915802,4.733601,5.3694086,7.908931,7.0718675,12.272088,12.238797,18.0207,17.27976,23.04709,25.261003,28.57843,31.756506,33.471657,35.160755,37.254112,38.47821,38.328865,34.62475,33.243046,28.307957,30.259212,29.485373,28.299152,25.91359,25.423887,20.619953,20.69326,15.951306,18.107656,17.206562,15.889658,19.60187,22.432903,21.451889,22.817305,18.87703,23.623985,17.712782,21.239212,20.199848,18.773184,20.623922,19.274035,21.430763,20.862482,17.667002,18.543312,16.129824,21.068829,17.081465,22.497374,21.726618,25.03041,24.6547,27.567633,30.002417,28.78492,24.694897,23.897364,18.848791,19.934319,14.091184,15.385338,18.125103,17.973967,16.329132,21.869705,18.70133,22.686626,24.093706,26.052584
35,36.429974,32.946068,31.033743,27.075903,24.725382,23.324404,19.498962,18.135445,13.310273,14.686553,9.199727,10.1168,14.174016,12.60971,16.734201,14.963213,19.796722,18.98933,23.352343,24.493313,27.038614,30.898357,31.890455,33.85546,35.371616,33.403122,31.458456,27.898005,22.705532,19.778927,17.535444,14.202723,8.147679,6.1035533,3.6194687,0.0,4.5402274,6.828079,7.3638124,10.026013,10.621831,15.454903,15.51483,21.289066,20.361925,26.224375,28.183699,31.609562,34.712254,36.412144,37.991512,39.854744,40.957577,40.551315,36.85605,35.48954,30.714865,32.92358,32.1142,31.29171,28.813282,28.730146,23.899128,24.19229,19.48041,21.683321,20.768593,19.21557,22.926743,25.856644,24.67875,25.715368,21.605272,25.880726,19.568546,22.736086,21.140442,19.24068,20.569561,18.746885,20.593523,20.55809,16.868519,18.499664,16.878231,21.860935,18.69044,24.399498,23.76681,27.205198,26.46511,29.562292,31.66072,30.383495,26.306702,25.216772,20.499416,21.585539,15.683006,16.984797,19.388126,18.653738,17.074026,22.595142,19.538828,23.098997,24.819363,26.177702
36,39.534378,35.826195,34.408756,30.187704,27.93521,26.974627,22.940308,22.34064,17.395988,19.094393,13.606904,14.542708,18.526386,16.60912,20.667612,18.259449,22.933289,21.828047,25.739878,26.75088,28.743315,32.927425,33.171192,34.946762,36.634186,34.472572,32.6721,28.828913,24.59153,21.070202,19.71758,15.495764,10.436262,8.304145,4.915802,4.5402274,0.0,3.877674,5.7840395,9.750338,9.940897,15.367475,16.326849,21.67175,21.645151,27.07202,29.560814,32.759586,35.903233,37.81258,39.663967,41.858463,43.213398,43.175636,39.499733,38.098114,33.13559,34.957413,34.04219,32.69716,30.480724,29.444912,24.73813,24.363056,19.256554,21.20869,19.443605,18.011333,20.899939,24.57511,24.08226,24.74924,21.03775,24.864035,18.738989,22.518324,20.54435,19.224306,20.539675,18.491043,21.155369,21.448193,18.726416,20.174538,18.305794,23.261036,20.121614,25.823092,25.66023,29.1493,29.068163,32.16555,34.634804,33.589172,29.541786,28.744602,23.731617,24.77572,18.941484,19.887266,22.083906,22.213968,20.809958,26.46665,23.365467,27.173422,28.62993,30.254227
