,0,1,2,3,4,5,6,7,8,9,10,11,12,13,14,15,16,17,18,19,20,21,22,23,24,25,26,27,28,29,30,31,32,33,34,35,36,37,38,39,40,41,42,43,44,45,46,47,48,49,50,51,52,53,54,55,56,57,58,59,60,61,62,63,64,65,66,67,68,69,70,71,72,73,74,75,76,77,78,79,80,81,82,83,84,85,86,87,88,89,90,91,92,93,94,95,96,97,98,99,100,101,102,103,104,105,106,107,108,109
0,0.0,4.105208,6.05319,10.044558,13.471124,15.243135,18.31241,21.759237,24.9301,26.53409,30.265331,31.732454,35.45167,36.901085,36.12086,32.511158,32.8349,31.396456,32.00992,32.328274,33.00742,34.94959,37.36753,38.352528,39.457344,38.640118,37.77325,38.88854,36.86777,40.537064,35.26135,41.003166,35.377537,39.05783,37.66474,33.275017,32.217163,36.473064,34.221252,30.460379,31.688019,35.6386,32.183994,28.66632,32.79467,35.00771,28.706532,28.879025,33.493267,33.595627,37.16089,35.760853,39.99364,40.907177,41.571823,42.40648,38.65246,42.184624,45.465042,41.412495,39.482815,45.273556,46.98776,49.043083,44.246582,41.667557,46.106842,43.942654,40.739086,44.800465,45.93384,42.605095,41.081768,43.823154,41.19469,43.647465,39.857437,37.647434,37.066097,34.98572,32.148525,31.692972,27.372122,28.116169,29.374784,29.455772,31.483013,33.273273,33.12052,36.11497,36.749073,43.116005,39.514034,36.23694,32.711258,29.305946,30.207184,25.72445,25.348572,25.664206,22.51258,23.820362,21.810257,23.638287,21.078222,18.409147,22.407053,18.86943,20.67498,19.709335
1,4.105208,0.0,4.85532,7.294602,10.08481,12.888696,15.016266,19.099766,21.898888,23.705837,27.406672,28.84672,32.45033,33.719257,32.52153,28.916561,29.010197,27.517883,27.950377,28.288456,28.928104,30.868607,33.368656,34.29023,35.37458,34.568607,33.809944,34.98148,33.11095,36.842342,31.805307,37.731335,32.440258,36.253273,34.560017,30.084007,29.400482,33.704636,31.143019,27.352987,29.09711,32.76627,29.070679,25.93049,30.349861,32.161892,25.88665,26.57356,31.242918,31.512804,34.660873,33.18138,37.659157,38.472507,38.809837,39.321114,35.48945,38.845497,42.37464,38.567963,36.245045,42.050217,43.6508,45.915092,41.271626,38.50625,42.785564,40.54245,37.267548,41.257656,42.249416,38.84687,37.372417,39.97876,37.523804,39.878014,36.079758,34.060764,33.487507,31.67247,28.899197,28.78498,24.315805,24.735956,25.890059,25.738012,27.73827,29.265297,29.13643,32.09177,32.804234,39.14001,35.64765,32.299667,28.791655,25.348316,26.112143,21.702196,21.306051,21.791979,18.692663,20.455061,18.817446,21.069326,18.73952,15.687077,19.152283,15.278095,16.883602,15.646256
2,6.05319,4.85532,0.0,4.899713,8.545539,10.092277,13.073096,16.248756,19.814686,20.873926,24.769932,25.981989,29.811024,31.249792,30.892303,27.579683,28.1171,27.241474,28.077091,29.103344,30.233065,32.21379,35.268276,35.449726,36.118725,34.831276,33.90815,34.521038,32.421444,35.73667,30.578115,35.939304,30.062523,34.038048,33.01249,28.618654,27.576687,32.213676,30.28556,26.47989,27.91213,32.414352,29.016733,25.711143,30.00017,32.73117,26.925203,27.05536,31.907043,31.54104,34.71224,34.324314,38.332745,38.6605,39.4707,40.086094,35.98432,39.34822,42.768333,38.493908,36.091858,41.779636,43.115242,45.292408,40.48546,37.633984,41.799126,39.37817,36.636677,41.02421,41.696846,38.277325,37.330353,40.462082,38.06108,40.87795,37.298946,35.157345,35.310898,33.224667,30.921822,31.186108,26.539396,26.413904,26.761261,27.253134,28.173492,29.773714,29.029432,31.935892,32.18563,38.624443,34.879192,32.03136,28.45325,25.172358,26.769495,21.657598,22.407999,22.06371,20.200165,21.77584,20.5715,22.473183,19.763227,16.297123,19.160501,15.62177,16.503246,16.18795
3,10.044558,7.294602,4.899713,0.0,3.9209123,5.8298697,8.386423,11.871103,15.067268,16.542852,20.296297,21.742851,25.417847,26.887934,26.363264,22.81416,23.531929,22.558798,23.920559,24.846119,26.414497,28.63938,31.828018,31.38956,31.926813,30.564356,29.314041,29.877357,27.619686,30.972467,25.697998,31.158028,25.465672,29.41828,28.190754,23.763844,22.881329,27.541004,25.497017,21.680912,23.393732,27.837322,24.39113,21.31652,25.760403,28.458431,22.947613,23.253036,28.146702,27.712484,30.5037,30.463705,34.434933,34.517067,35.237583,35.68813,31.469105,34.740818,38.226704,33.97911,31.34867,37.00507,38.25687,40.496227,35.746254,32.8012,36.91336,34.49001,31.747196,36.17296,36.83169,33.45386,32.525536,35.814068,33.400467,36.393288,32.936737,30.741165,31.29284,29.132338,27.164356,27.840239,23.093283,22.46811,22.33885,23.137964,23.534658,25.34667,24.528524,27.623594,28.01683,34.44854,31.134054,28.48886,24.93294,21.631176,23.039082,17.530107,18.386484,17.488163,16.249697,17.728926,17.050434,18.994293,16.394537,12.523529,14.579074,11.144338,11.844047,12.295389
4,13.471124,10.08481,8.545539,3.9209123,0.0,5.398483,4.93445,9.64107,12.164008,13.854801,17.537125,18.910841,22.418747,23.659262,22.675238,19.145813,19.658207,18.750664,20.055511,21.176285,22.879578,25.12482,28.51899,27.758009,28.15526,26.691887,25.503998,26.010984,23.884695,27.250032,22.264767,27.88696,22.590866,26.74204,25.205202,20.682741,20.318298,25.06263,22.718964,18.901003,21.312727,25.442793,21.778675,19.310265,24.010378,26.29325,21.096165,21.959005,26.787308,26.463154,28.648533,28.720127,32.823795,32.697933,33.080902,33.13693,28.81103,31.817667,35.571472,31.594738,28.447157,34.061745,35.1108,37.5969,33.042572,29.847012,33.7096,31.151617,28.418274,32.821335,33.2334,29.754581,29.002922,32.230732,30.060627,33.020813,29.634495,27.674612,28.42433,26.570797,24.863356,26.046305,21.256784,20.04422,19.492903,20.16386,20.136784,21.607565,20.645897,23.710773,24.128784,30.552256,27.390625,24.797176,21.269365,17.97369,19.364525,13.684122,14.942913,13.900623,13.40925,15.420362,15.534972,17.811005,15.642012,11.481441,12.064788,8.374092,8.111683,8.807292
5,15.243135,12.888696,10.092277,5.8298697,5.398483,0.0,5.860245,6.7410636,10.210752,11.778228,15.217763,17.116997,20.69346,22.617025,22.906715,19.131908,20.809769,20.050056,22.794867,23.715984,26.213797,28.782518,32.184464,30.52982,30.690018,29.02955,26.987185,27.111628,24.268839,27.30828,21.46715,26.418493,20.30425,24.017237,23.250154,19.02973,17.614937,22.381775,20.99677,17.295067,18.487131,23.666931,20.73855,17.529009,21.648485,25.306644,20.700844,20.314356,25.185987,24.062157,26.67923,27.951822,31.239141,30.749104,31.978493,32.610394,28.219093,31.518759,34.67986,29.95014,27.454786,32.89459,34.008034,35.99826,31.087704,28.226614,32.37797,30.012142,27.684921,32.415447,33.09922,29.967499,29.261932,33.212757,30.596712,34.196793,31.134388,28.57287,30.111933,27.404242,26.186735,27.26264,22.610022,21.370844,20.193874,22.127756,21.142513,23.71881,22.518469,25.872646,26.208813,32.509354,29.807407,27.913702,24.504978,21.475552,22.952919,16.815802,18.180573,15.768637,16.14056,16.56471,16.499115,17.664257,14.943987,11.100924,11.86939,10.026351,10.351768,12.959419
6,18.31241,15.016266,13.073096,8.386423,4.93445,5.860245,0.0,5.703596,7.6284847,9.172981,12.768403,14.113455,17.517708,18.766993,18.01083,14.539538,15.493155,15.114082,17.171692,18.787596,21.175877,23.530422,27.316214,25.502848,25.432116,23.557447,22.037338,22.030828,19.69677,22.73639,17.783552,23.11097,17.804848,22.18265,20.796534,16.303804,16.187498,21.176264,19.083075,15.38176,18.184246,22.5215,19.049583,17.186003,21.796337,24.328728,20.108957,20.98064,25.64144,24.955557,26.475618,27.517048,31.240925,30.553085,30.981075,30.781832,26.25737,28.976385,32.773277,28.743076,25.145533,30.527712,31.206099,33.793392,29.33662,25.902401,29.45057,26.700174,24.39293,29.03954,29.07114,25.58815,25.352451,28.978565,27.013697,30.329506,27.30007,25.407867,26.981823,25.13962,24.162493,25.99604,21.333654,19.265705,17.608175,18.849037,17.350376,18.776686,17.207706,20.287682,20.483473,26.847534,24.016964,22.05979,18.670834,15.69307,17.428669,11.202154,13.6566515,11.400625,13.080466,14.883125,16.045149,18.02562,16.18709,12.109761,10.440079,7.957922,5.743243,8.471066
7,21.759237,19.099766,16.248756,11.871103,9.64107,6.7410636,5.703596,0.0,4.7580767,5.0791445,8.578823,10.416601,13.977335,16.027172,17.089277,13.755819,16.159065,16.3996,19.865824,21.548656,24.700666,27.217905,31.092186,28.233871,27.734476,25.513891,23.202982,22.486961,19.45989,21.766708,16.161467,20.29346,13.898137,18.104631,17.872286,13.842137,12.65056,17.911777,17.168432,13.822637,15.477395,20.991133,18.48473,16.35067,20.158163,24.083221,20.993681,20.742521,25.219526,23.61811,25.138363,27.769495,30.504217,29.18205,30.422205,30.615383,26.00887,28.77792,31.993425,27.27087,24.083637,29.049944,29.51709,31.666227,26.958008,23.721546,27.267141,24.566183,23.077942,28.138271,28.128809,25.02602,25.234629,29.665718,27.486448,31.476799,28.968792,26.656048,29.216713,26.723366,26.460798,28.394087,23.989239,21.690962,19.154472,21.609201,18.74148,20.98416,18.939747,22.040993,21.91706,27.914513,25.589672,24.646166,21.562563,19.149668,21.146112,14.887177,17.66428,14.14836,17.001436,17.445995,18.706072,19.659986,17.589628,14.046969,11.881786,11.535179,9.815594,13.6731415
8,24.9301,21.898888,19.814686,15.067268,12.164008,10.210752,7.6284847,4.7580767,0.0,4.801111,6.1819777,9.015149,11.55397,13.567279,13.834132,9.694491,12.651746,12.487213,17.036758,18.170317,21.83973,24.585133,28.271069,24.723225,24.122686,21.996006,19.073502,18.414091,15.044895,17.567804,11.540518,16.225767,10.58133,14.5962305,13.504595,9.244397,8.743254,13.953012,12.728316,9.481038,12.028036,16.929724,14.398554,13.161757,16.951683,20.365686,18.097862,18.282866,22.37323,20.913128,21.609182,24.4816,27.143229,25.587172,26.500908,26.376646,21.736546,24.266428,27.57968,23.109224,19.521109,24.431835,24.83535,27.13511,22.579367,19.16266,22.683508,20.028265,18.330975,23.380291,23.482462,20.485836,20.549192,25.132208,22.916174,27.060333,24.791231,22.464043,25.490688,23.034628,23.3017,25.657042,21.569147,18.749945,15.546705,18.383316,14.65324,17.303452,15.350251,18.724888,19.067093,24.753645,23.424599,22.733046,19.980013,17.796122,18.978842,13.070208,15.424267,11.142529,15.103336,15.111752,17.129436,17.92297,16.545246,13.520458,9.619971,10.651699,8.70767,13.226242
9,26.53409,23.705837,20.873926,16.542852,13.854801,11.778228,9.172981,5.0791445,4.801111,0.0,4.267052,5.350625,9.012875,11.030962,12.9637165,10.596019,13.450559,14.874593,18.47916,20.903416,24.322386,26.61499,30.798597,27.152182,26.08787,23.402586,21.122387,19.58304,16.652222,18.050522,13.221646,16.25771,9.815071,14.722828,15.046316,11.483001,10.983282,16.299492,16.108944,13.442887,15.568155,20.77172,18.673357,17.700302,21.064394,24.78678,22.874947,22.89486,26.89761,25.125313,25.691994,29.08931,31.44444,29.565264,30.65244,30.387001,25.757933,27.916203,31.196644,26.742899,22.933908,27.313826,27.115938,29.471304,25.144455,21.571785,24.304502,21.236982,20.654924,25.845655,25.03628,21.940506,23.133423,27.766098,26.16255,30.276894,28.268692,26.36565,29.549171,27.45525,27.842905,30.339802,26.223488,23.302324,19.994946,22.493858,18.38837,19.923603,17.160553,19.738838,19.073446,24.630262,22.567822,22.507998,19.84399,18.142647,20.577673,14.785179,18.560526,14.729273,19.054192,19.711727,21.726845,22.649582,21.091944,17.848213,14.317475,14.638691,11.84618,15.692909
10,30.265331,27.406672,24.769932,20.296297,17.537125,15.217763,12.768403,8.578823,6.1819777,4.267052,0.0,3.8665783,5.8469706,8.595961,11.364086,9.078094,12.884451,14.399492,18.955996,20.978693,24.85323,27.260714,31.258818,26.834324,25.51952,22.808176,19.870855,17.967644,14.620429,15.420816,10.394083,12.365192,5.5725293,10.518765,11.308952,8.489863,8.02516,12.997967,13.5715,11.74039,13.566086,18.53137,17.153193,16.85218,19.479378,23.313465,22.581032,22.415195,25.87857,23.840399,23.753063,27.981644,29.735441,27.399979,28.618475,28.290459,23.766397,25.624643,28.588428,24.122929,20.316097,24.157831,23.677835,25.878944,21.684591,18.141024,20.586,17.564768,17.594929,22.85471,21.97634,19.278103,20.754313,25.760584,24.161688,28.575588,27.070839,25.087065,28.914204,26.679707,27.69215,30.419815,26.715664,23.519365,19.654737,22.672688,17.695675,19.617758,16.825565,19.351477,18.838373,23.70276,22.686356,23.283695,21.091856,19.834,21.745245,16.501495,19.896845,15.571869,20.515831,20.51682,22.861748,23.32742,22.139112,19.477919,15.277027,16.710882,14.183093,18.327888
11,31.732454,28.84672,25.981989,21.742851,18.910841,17.116997,14.113455,10.416601,9.015149,5.350625,3.8665783,0.0,4.1236343,6.158741,10.13391,9.777917,12.854386,15.523218,18.997183,22.018826,25.55748,27.537388,31.896128,27.517773,25.86611,22.759426,20.58929,18.093859,15.461004,15.407066,12.109209,12.971109,7.0210276,12.356176,13.6489935,11.322924,11.586823,16.198538,16.799866,15.162982,17.333723,21.9509,20.472265,20.525131,23.237873,26.734177,25.986423,26.130627,29.595524,27.654598,27.36138,31.47436,33.335854,30.933737,31.925144,31.264023,26.774101,28.241735,31.419317,27.320143,23.099825,26.59786,25.626629,28.085798,24.32351,20.577496,22.183018,18.790316,19.501848,24.624683,22.876827,19.974226,22.344158,27.075285,26.141012,30.294125,28.909447,27.450136,31.189138,29.47958,30.476482,33.392403,29.626823,26.286264,22.441845,24.927061,19.871374,20.65305,17.314978,19.076834,17.759205,22.42269,20.79948,21.88476,19.874752,19.090023,21.82532,16.934998,21.271765,17.429949,22.631693,23.35154,25.83908,26.654207,25.476175,22.533356,18.307777,19.097132,15.881442,19.45135
12,35.45167,32.45033,29.811024,25.417847,22.418747,20.69346,17.517708,13.977335,11.55397,9.012875,5.8469706,4.1236343,0.0,3.3832376,8.611606,9.236978,12.586211,15.48043,19.336584,22.122692,25.884037,27.818823,32.007435,26.986845,25.036737,21.883778,19.381662,16.420044,13.792145,12.717365,10.4029045,9.396462,4.8363194,9.771747,11.4073305,10.335224,11.26791,14.855868,15.897322,15.182823,17.327597,21.153727,20.228958,21.095984,23.219585,26.377525,26.63809,26.873114,29.79648,27.818213,26.791014,31.366533,32.801613,30.051409,30.918818,29.996326,25.716791,26.669775,29.652687,25.89537,21.505373,24.268366,22.81364,25.283869,21.993113,18.223476,19.038424,15.556159,17.15341,22.098553,19.916655,17.381939,20.345173,25.175753,24.554071,28.77176,27.924137,26.651703,30.847477,29.286623,30.810488,33.979156,30.615738,27.026676,22.8165,25.44964,19.773262,20.453869,17.083727,18.490847,17.210035,20.925041,20.36634,22.149672,20.71256,20.44421,22.713398,18.577717,22.631742,18.653698,24.290386,24.711203,27.513613,28.110123,27.319698,24.784792,20.048462,21.458029,18.325659,21.92519
13,36.901085,33.719257,31.249792,26.887934,23.659262,22.617025,18.766993,16.027172,13.567279,11.030962,8.595961,6.158741,3.3832376,0.0,6.41206,9.009824,11.374142,15.037225,17.976322,21.35177,24.815891,26.383772,30.720924,25.666113,23.43396,20.040615,18.193108,14.795747,12.998253,11.21252,10.925908,9.637695,7.560217,12.048757,12.99368,12.04521,13.863759,17.145758,17.620253,17.016056,19.818386,22.939459,21.744194,23.145353,25.472296,27.913813,28.206684,28.968943,31.809275,30.144667,28.761625,32.934162,34.631107,31.934423,32.318497,30.93543,26.747818,27.253517,30.561646,27.40942,22.501837,25.022852,23.195696,26.069881,23.320278,19.318987,19.373434,15.606012,17.448053,22.051174,19.09795,16.320469,19.987438,24.36605,24.42336,28.262995,27.549572,26.849468,30.908218,29.950193,31.510204,34.908493,31.620672,27.85471,23.668846,25.746674,20.035038,19.661089,15.9843645,16.647728,14.860175,18.13703,17.52128,19.773348,18.719604,18.975126,21.475449,18.061394,22.522821,19.009903,24.866793,25.838177,28.88567,29.810781,29.241138,26.600012,21.612394,22.677845,19.11546,22.195065
14,36.12086,32.52153,30.892303,26.363264,22.675238,22.906715,18.01083,17.089277,13.834132,12.9637165,11.364086,10.13391,8.611606,6.41206,0.0,5.453432,5.681371,9.920108,12.046816,15.569324,18.807281,20.209509,24.489174,19.398691,17.08548,13.63933,12.272095,8.8610525,8.096003,7.072599,8.747651,10.277784,10.768441,14.823423,13.263964,11.583815,14.922889,17.873367,16.525784,15.808966,20.011526,21.634354,19.589054,21.885971,24.778296,25.60994,25.677631,27.551788,30.240982,29.422394,27.564442,30.458843,32.942673,30.690939,30.03724,27.941444,23.860243,23.930517,28.007067,25.87375,20.141844,22.998907,21.283873,24.920334,22.640602,18.253485,18.196617,14.313669,14.841853,18.912798,15.691927,12.074105,15.726527,19.307394,19.980051,23.18628,22.299314,22.324642,25.933607,25.867292,27.348537,31.034214,27.96299,23.992609,20.003313,21.132004,15.61427,13.870972,10.0339155,10.262196,8.795619,12.517383,12.550525,14.399124,13.656287,14.160117,15.845848,13.646305,17.8456,15.033663,21.03678,22.663336,26.11131,27.550331,27.567415,25.023075,19.59547,20.36143,16.574886,18.887445
15,32.511158,28.916561,27.579683,22.81416,19.145813,19.131908,14.539538,13.755819,9.694491,10.596019,9.078094,9.777917,9.236978,9.009824,5.453432,0.0,4.437256,6.257348,11.028885,12.931779,16.90063,19.172825,23.041933,18.082554,16.531895,13.835802,10.913895,9.0864,6.179667,8.229185,5.1399674,10.181107,9.2337885,13.1183815,10.368134,7.2977676,10.820132,14.100681,11.909748,10.623567,15.217995,16.93814,14.475256,16.526281,19.716179,20.643528,20.330523,22.150654,25.0035,24.28144,22.750147,25.410961,28.11277,26.11597,25.59585,23.885998,19.525646,20.325502,24.430294,21.761066,16.262186,20.128328,19.314245,22.734753,19.65509,15.3182335,16.841522,13.407275,12.269519,16.902779,15.316435,11.732663,13.454525,17.67581,17.06023,20.796272,19.354101,18.490822,22.150414,21.341358,22.672558,26.169243,22.964664,19.076235,14.985249,16.748003,11.123618,11.254427,8.16701,10.641289,11.007414,15.710313,15.99828,16.384907,14.833009,14.073896,14.613834,11.181906,14.237926,10.509693,16.537485,17.522816,20.919561,22.16509,22.212938,19.87103,14.320791,15.621423,12.413557,15.4732275
16,32.8349,29.010197,28.1171,23.531929,19.658207,20.809769,15.493155,16.159065,12.651746,13.450559,12.884451,12.854386,12.586211,11.374142,5.681371,4.437256,0.0,4.7352896,6.9392858,10.108375,13.451208,15.260064,19.465733,14.795117,13.059612,10.049995,8.619818,6.948935,6.3309064,8.642713,8.613313,13.369671,13.481379,17.341434,14.284067,11.41454,15.07768,18.122183,15.236608,13.858824,18.916641,19.810448,16.778893,19.18463,22.7618,22.575438,21.787611,24.438362,27.267427,27.137686,25.456774,27.026594,30.347933,28.721922,27.469929,25.201244,21.066673,21.413383,26.059597,24.279417,18.375568,22.167044,21.244547,25.104797,22.607006,18.22571,19.17741,15.739972,14.239106,18.01549,15.862241,11.784446,13.7153,16.697517,17.018864,19.82666,18.159622,18.284237,21.191212,21.474442,22.49848,26.185488,23.042093,19.093445,15.52529,15.888168,11.0138035,8.617545,4.721769,6.4735827,6.9019804,12.246394,12.2144985,12.137605,10.791554,10.392301,10.769341,8.735263,12.302625,9.967655,15.837149,17.979507,21.550415,23.432325,23.769331,21.273518,15.839237,16.207214,12.538872,14.292796
17,31.396456,27.517883,27.241474,22.558798,18.750664,20.050056,15.114082,16.3996,12.487213,14.874593,14.399492,15.523218,15.48043,15.037225,9.920108,6.257348,4.7352896,0.0,6.7503805,6.760762,10.986048,13.708373,17.146713,12.517208,11.689938,9.926944,6.9617977,7.7196846,6.1423073,10.464805,8.47644,14.8177595,15.010577,18.065147,13.969643,10.749843,14.385902,16.893532,12.92637,11.382155,16.777576,16.726429,13.146537,15.834457,19.601154,18.549665,17.502527,20.653893,23.324371,23.69286,21.995256,22.72374,26.460442,25.248075,23.626328,21.359333,17.227516,17.902588,22.756144,21.15709,15.390828,19.833374,19.69192,23.459219,20.764002,16.643564,18.528488,15.745359,12.687081,16.151478,15.419129,11.626288,11.465164,14.328387,13.715183,16.575968,14.345987,14.0114355,16.738014,16.8297,17.76365,21.468533,18.45904,14.450545,10.935362,11.244611,6.365361,5.220528,3.422839,7.583101,10.041252,14.884983,15.68197,14.5684595,13.0307045,11.753812,10.020808,8.044618,9.087503,6.380579,12.105012,13.809446,17.541784,19.405447,20.178059,18.155697,12.649349,13.485946,10.794483,12.622532
18,32.00992,27.950377,28.077091,23.920559,20.055511,22.794867,17.171692,19.865824,17.036758,18.47916,18.955996,18.997183,19.336584,17.976322,12.046816,11.028885,6.9392858,6.7503805,0.0,5.990789,7.306764,8.575301,13.205379,10.061289,9.055611,6.8897595,8.529925,9.332795,10.83902,13.817024,14.539197,19.853905,20.242903,23.938509,20.266788,17.161987,20.716913,23.56012,19.672464,17.965294,23.353703,23.26257,19.438698,21.891464,25.986193,24.29996,22.470818,26.20672,29.004559,29.822598,28.261091,27.916885,32.235268,31.409613,29.223804,26.494041,22.79378,22.949228,28.133398,27.370003,21.483648,25.519674,25.045223,29.14288,27.04627,22.897514,23.941683,20.962673,18.400496,20.967985,19.228813,15.200931,15.884765,16.773891,17.698057,18.902067,16.473461,17.73131,18.865095,20.601332,20.785532,24.419146,21.432884,17.798977,15.610445,13.696038,11.387914,5.9655876,4.0842166,4.452097,6.6597323,11.8908825,11.222775,8.645289,7.310799,6.544023,4.1853065,6.4239516,8.804671,9.625017,13.741605,17.382214,20.856709,23.58372,24.371674,21.918182,17.187798,16.304419,12.940337,12.353946
19,32.328274,28.288456,29.103344,24.846119,21.176285,23.715984,18.787596,21.548656,18.170317,20.903416,20.978693,22.018826,22.122692,21.35177,15.569324,12.931779,10.108375,6.760762,5.990789,0.0,4.626332,7.910375,10.541956,6.845327,7.532598,7.8671904,7.084658,10.291708,10.965169,15.095498,14.66349,20.765394,21.733944,24.429,19.85908,16.964727,20.467495,22.354801,17.682774,16.303774,21.60942,20.097359,16.097378,19.045149,22.899204,19.89299,18.2204,22.57282,24.796932,26.266228,24.422678,23.004726,27.64347,27.279455,24.49216,21.590214,18.263266,18.430458,23.726248,23.584545,18.043839,22.28842,22.553577,26.48661,24.518469,20.843641,22.493004,20.309359,16.476454,18.225117,17.958363,14.525309,13.062578,13.258005,13.351616,14.150559,11.077125,12.28056,12.889198,14.963276,15.190948,18.974535,16.582268,12.917209,11.197301,8.447408,7.386344,2.2049782,5.5636554,7.9249563,11.651535,15.411565,16.586313,14.082456,13.075942,11.785139,7.1318016,9.159653,7.034023,8.192658,11.047749,13.832298,17.42807,19.960299,21.475506,19.910923,15.328122,15.26312,13.439603,13.109682
20,33.00742,28.928104,30.233065,26.414497,22.879578,26.213797,21.175877,24.700666,21.83973,24.322386,24.85323,25.55748,25.884037,24.815891,18.807281,16.90063,13.451208,10.986048,7.306764,4.626332,0.0,3.664361,6.4800787,5.7227564,7.383351,8.6584635,10.393273,13.452456,15.08264,18.736492,19.116262,24.977976,25.957493,28.904684,24.428576,21.489044,24.938103,26.97081,22.26518,20.759396,26.027601,24.444706,20.3478,23.051651,27.040071,23.608898,21.414816,26.06992,28.2799,30.112787,28.4229,26.140789,31.144632,31.154305,28.004128,24.926716,22.029757,21.973057,27.296116,27.68709,22.29868,26.325039,26.559143,30.567444,28.902927,25.310532,26.675877,24.507643,20.806602,22.029163,21.49354,18.134157,16.888138,15.84734,16.667984,16.19397,13.05957,15.196734,14.265007,17.460014,17.003275,20.454609,18.314367,15.275841,14.734766,10.770469,11.719619,6.560171,9.023051,9.642861,12.946536,16.102493,16.698046,13.298605,12.660598,11.583045,6.040951,10.68339,8.359237,11.510991,12.743519,16.42958,19.601866,22.585983,24.170168,22.531406,18.645777,17.69098,15.903368,14.181327
21,34.94959,30.868607,32.21379,28.63938,25.12482,28.782518,23.530422,27.217905,24.585133,26.61499,27.260714,27.537388,27.818823,26.383772,20.209509,19.172825,15.260064,13.708373,8.575301,7.910375,3.664361,0.0,5.1399035,6.4173903,7.617282,8.886799,12.334111,14.892619,17.314583,20.367857,21.741707,27.14034,28.377207,31.527704,27.223951,24.403978,27.982925,30.118813,25.557213,24.11132,29.44248,27.920378,23.90511,26.657177,30.646322,27.183073,25.058273,29.727549,31.921583,33.767216,31.989752,29.670809,34.660755,34.647224,31.360907,28.08257,25.367851,24.972692,30.308365,31.014194,25.480589,29.169363,29.092184,33.246277,31.89949,28.223282,29.091051,26.785961,23.48489,24.454609,23.317343,19.94645,19.349045,17.713093,19.331347,18.272556,15.555812,18.30299,17.099289,20.791145,20.300484,23.639887,21.66595,18.816908,18.39687,14.351471,15.219812,9.493752,11.143091,10.357036,13.029952,15.355712,15.61762,11.922952,11.978812,11.632364,6.638272,12.582739,11.331699,14.73825,15.925872,19.935291,22.979454,26.094973,27.610107,25.809706,22.0346,20.726862,18.595156,16.365517
22,37.36753,33.368656,35.268276,31.828018,28.51899,32.184464,27.316214,31.092186,28.271069,30.798597,31.258818,31.896128,32.007435,30.720924,24.489174,23.041933,19.465733,17.146713,13.205379,10.541956,6.4800787,5.1399035,0.0,6.6848626,9.283729,12.098167,14.748192,18.031994,20.344513,23.5775,24.8407,30.319592,32.056263,34.66907,29.963667,27.419424,30.962955,32.484444,27.631144,26.495462,31.615929,29.140537,25.254152,28.227156,31.885622,27.412298,25.497944,30.513798,32.12075,34.51745,32.521,29.179613,34.32168,34.757343,30.885782,27.391182,25.411028,24.71568,29.888992,31.452724,26.374353,29.751242,30.031801,34.029922,33.10439,29.864445,30.767567,29.013193,25.246471,25.299852,24.87352,22.089857,20.517025,17.740465,19.330107,17.084244,14.393649,17.690058,15.208396,19.826063,19.174215,22.236208,21.21011,18.90791,19.337397,14.719745,16.9414,12.209841,14.9503565,14.523724,17.622284,18.987673,20.242857,16.805742,17.102186,16.673855,11.450699,16.883972,14.072627,17.660568,17.680864,21.078405,23.836365,26.799543,28.806927,27.651546,24.299868,23.300219,22.007284,19.74084
23,38.352528,34.29023,35.449726,31.38956,27.758009,30.52982,25.502848,28.233871,24.723225,27.152182,26.834324,27.517773,26.986845,25.666113,19.398691,18.082554,14.795117,12.517208,10.061289,6.845327,5.7227564,6.4173903,6.6848626,0.0,3.2953103,6.7655563,8.418683,11.893299,14.338675,17.35553,19.198547,24.18365,26.761772,28.932102,24.176674,22.195234,26.05404,27.11323,22.506788,21.958067,27.11041,24.37199,20.932274,24.617575,27.842646,23.627684,22.991875,27.686056,29.05336,30.97127,28.33599,26.275259,30.753328,30.510572,26.820822,23.072376,20.84124,19.665617,24.933453,26.464579,20.914843,23.879509,23.744558,27.898212,27.209602,23.842775,24.28395,22.512728,18.999014,18.982689,18.205545,15.460023,14.16429,11.569911,13.704079,12.1001215,9.992927,13.54403,13.116803,17.202053,17.856466,21.65646,20.562246,17.314741,16.230719,12.819306,12.628833,7.456615,10.224725,9.813091,13.53022,14.472769,17.283926,15.086157,15.612119,15.580861,10.637923,15.13973,13.155275,15.010481,17.010294,19.53545,22.94495,25.34252,27.341656,26.24668,21.856602,21.906845,20.212585,19.324142
24,39.457344,35.37458,36.118725,31.926813,28.15526,30.690018,25.432116,27.734476,24.122686,26.08787,25.51952,25.86611,25.036737,23.43396,17.08548,16.531895,13.059612,11.689938,9.055611,7.532598,7.383351,7.617282,9.283729,3.2953103,0.0,3.8382807,6.660059,9.385018,12.543137,14.904499,17.77612,22.14179,25.129822,27.37897,22.876728,21.158503,25.218796,26.334944,22.08801,21.725374,26.937344,24.505814,21.314308,25.16165,28.287338,24.59009,24.390787,28.783714,30.23563,31.76837,28.94605,27.738985,31.841055,31.171774,27.744638,23.949627,21.509865,20.093891,25.319712,26.67536,20.776358,23.401812,22.729006,27.053415,26.526588,22.92543,22.796225,20.723352,17.846144,18.012354,16.318394,13.356858,13.208726,10.97656,13.842205,12.797194,11.439315,14.854962,15.475053,19.082016,20.142336,24.093987,22.76873,19.218826,17.41993,14.720199,13.114492,7.3632655,8.934617,7.483637,11.001945,11.281761,14.691182,13.207285,14.178528,14.74564,10.627338,14.969969,14.265435,15.459265,18.490183,21.019407,24.623138,26.910227,28.692554,27.351212,22.545612,22.729807,20.49356,19.965588
25,38.640118,34.568607,34.831276,30.564356,26.691887,29.02955,23.557447,25.513891,21.996006,23.402586,22.808176,22.759426,21.883778,20.040615,13.63933,13.835802,10.049995,9.926944,6.8897595,7.8671904,8.6584635,8.886799,12.098167,6.7655563,3.8382807,0.0,5.6380987,6.7554836,10.42974,12.257432,15.70944,19.702448,22.476854,25.144802,21.082928,19.288998,23.41011,24.978212,21.148928,20.643456,25.923458,24.3164,21.189024,24.834656,28.091656,25.303057,25.054808,29.052507,30.88631,31.938242,29.275692,28.95209,32.817684,31.771645,28.87426,25.33019,22.398703,21.226028,26.391464,27.035603,20.866972,23.58516,22.51076,26.907745,26.091553,22.144238,21.821487,19.206882,17.016861,18.041626,15.502765,11.973197,13.203891,12.354654,15.08609,15.158924,13.951682,16.650633,18.089169,20.919907,22.047802,26.048677,24.167133,20.374638,17.965063,15.953149,13.159351,7.1050954,6.7289705,3.9686165,7.24114,8.092857,11.264819,10.380636,11.425985,12.420891,9.536512,13.234457,14.092191,14.647808,18.655642,21.38506,25.09694,27.385788,28.776287,27.010057,21.914425,22.005087,19.139978,18.932562
26,37.77325,33.809944,33.90815,29.314041,25.503998,26.987185,22.037338,23.202982,19.073502,21.122387,19.870855,20.58929,19.381662,18.193108,12.272095,10.913895,8.619818,6.9617977,8.529925,7.084658,10.393273,12.334111,14.748192,8.418683,6.660059,5.6380987,0.0,4.211529,6.050636,9.160558,11.247928,15.768818,18.870962,20.7805,16.223177,14.752276,18.910324,19.831795,15.883279,15.86437,20.950338,18.85802,16.06018,20.105572,22.912361,20.180817,20.743832,24.431314,25.954737,26.819202,23.877514,24.157719,27.600779,26.312426,23.62294,20.232517,17.0899,16.02667,21.11998,21.45093,15.246694,18.142128,17.338768,21.641031,20.550087,16.662022,16.847975,14.508125,11.5923815,12.925683,11.301529,7.7466936,7.871003,8.590579,10.212015,11.751311,10.686446,12.332909,15.163169,16.919638,18.737034,22.849026,21.114464,17.082962,13.8958435,13.18949,8.880961,5.1341796,5.4581575,6.2549086,9.840395,11.559888,15.133162,14.746973,14.853062,14.933044,11.95126,13.398264,13.374574,12.315252,16.852648,18.276272,22.11355,23.773727,25.283056,23.974857,18.562845,19.750736,17.481363,18.499594
27,38.88854,34.98148,34.521038,29.877357,26.010984,27.111628,22.030828,22.486961,18.414091,19.58304,17.967644,18.093859,16.420044,14.795747,8.8610525,9.0864,6.948935,7.7196846,9.332795,10.291708,13.452456,14.892619,18.031994,11.893299,9.385018,6.7554836,4.211529,0.0,4.4377294,5.5959744,9.800251,12.989413,16.524563,18.707644,14.851803,13.785339,18.045828,19.241491,16.173437,16.302483,21.199135,19.982252,17.656574,21.48651,24.13454,22.447962,23.28795,26.39881,28.12336,28.402561,25.481337,26.865257,29.794186,28.006676,25.891977,22.729822,19.386742,18.307928,23.012377,22.808718,16.506086,18.903654,17.33816,21.662212,20.597027,16.414623,15.81249,12.77979,11.407587,13.484652,10.338469,6.251199,9.201914,11.04954,12.952844,15.057797,14.597065,15.880787,19.214565,20.470146,22.413347,26.480742,24.442684,20.330818,16.68446,16.683983,11.571468,8.2884035,6.257108,5.8026714,7.8092155,9.207331,12.9453335,13.803324,14.1493635,14.826428,13.368116,14.089186,15.705166,14.011845,19.3465,20.834343,24.668213,26.208694,27.317064,25.653358,20.011705,21.201473,18.306232,19.739988
28,36.86777,33.11095,32.421444,27.619686,23.884695,24.268839,19.69677,19.45989,15.044895,16.652222,14.620429,15.461004,13.792145,12.998253,8.096003,6.179667,6.3309064,6.1423073,10.83902,10.965169,15.08264,17.314583,20.344513,14.338675,12.543137,10.42974,6.050636,4.4377294,0.0,4.8127546,5.497392,9.986217,12.92706,14.852429,10.66569,9.428109,13.70439,14.865299,11.852118,12.072115,16.822145,15.996286,13.873206,17.558813,20.041513,19.112633,20.160433,22.732628,24.554058,24.453787,21.703732,23.836243,26.442656,24.439358,22.913988,20.299194,16.50449,16.110867,20.540247,19.35706,13.174152,16.19531,15.024308,19.043781,17.132465,12.795614,13.247368,10.139085,8.225364,11.736464,9.801988,5.9459987,7.809046,11.723309,11.886454,15.339575,14.646304,14.558528,18.632523,18.65249,20.75938,24.669104,22.422365,18.300507,14.124055,15.394917,9.3637495,8.792161,6.9017725,8.7826395,10.64052,13.317016,16.09907,16.717731,16.221996,16.097832,14.841782,13.756929,15.09259,12.1270075,17.764462,18.36944,22.120579,23.210627,24.13452,22.61334,16.86066,18.741322,16.22991,18.618546
29,40.537064,36.842342,35.73667,30.972467,27.250032,27.30828,22.73639,21.766708,17.567804,18.050522,15.420816,15.407066,12.717365,11.21252,7.072599,8.229185,8.642713,10.464805,13.817024,15.095498,18.736492,20.367857,23.5775,17.35553,14.904499,12.257432,9.160558,5.5959744,4.8127546,0.0,7.3672404,7.7746663,12.582198,14.170892,11.175785,11.388051,15.421744,16.222689,14.5729265,15.388471,19.441013,18.939531,17.679655,21.307028,23.224648,22.826916,24.534998,26.6744,28.28536,27.769571,24.73856,27.721184,29.666067,27.188978,25.945688,23.28066,19.822704,18.851097,22.72582,21.707087,15.732644,17.36444,15.109129,19.089842,17.916763,13.667813,12.330216,8.653161,9.4798155,12.545115,8.668486,5.315333,10.036897,13.641454,14.809116,18.020515,18.19544,18.512537,22.80535,22.978504,25.361534,29.291811,27.180353,23.066515,18.813168,20.16766,14.147222,12.953927,10.472684,10.659844,11.107244,12.111518,15.541209,17.52259,17.658241,18.34088,17.999184,17.202599,19.46781,16.591194,22.401505,23.063978,26.766178,27.70453,28.458693,26.835766,21.079628,22.93696,20.049374,22.485704
30,35.26135,31.805307,30.578115,25.697998,22.264767,21.46715,17.783552,16.161467,11.540518,13.221646,10.394083,12.109209,10.4029045,10.925908,8.747651,5.1399674,8.613313,8.47644,14.539197,14.66349,19.116262,21.741707,24.8407,19.198547,17.77612,15.70944,11.247928,9.800251,5.497392,7.3672404,0.0,7.015023,8.1127825,9.839205,5.761431,4.1361036,8.369934,9.917695,7.941026,8.238221,12.255827,12.984899,11.591924,14.433312,16.528566,17.465246,18.692282,20.070477,22.157867,21.198505,18.945421,22.528019,24.424387,21.990189,21.670362,20.078173,15.861189,16.500685,20.068213,17.24773,11.856541,15.313486,14.523629,17.704649,14.550077,10.204424,12.053668,8.971812,7.676447,12.753323,12.027152,9.395094,10.428835,15.596573,14.257459,18.708052,17.922955,16.418877,20.984278,19.504406,21.616997,25.106731,22.52781,18.643448,14.087314,16.925264,10.654096,12.696373,10.805775,13.482361,14.634011,18.0209,19.848143,20.560516,19.404232,18.720383,18.254848,15.291589,16.81402,12.598316,18.228535,17.786797,21.162298,21.589083,21.980486,20.493336,14.865164,17.505972,15.411777,18.956823
31,41.003166,37.731335,35.939304,31.158028,27.88696,26.418493,23.11097,20.29346,16.225767,16.25771,12.365192,12.971109,9.396462,9.637695,10.277784,10.181107,13.369671,14.8177595,19.853905,20.765394,24.977976,27.14034,30.319592,24.18365,22.14179,19.702448,15.768818,12.989413,9.986217,7.7746663,7.015023,0.0,7.378225,6.9338875,6.1239634,8.649488,11.166742,11.191324,12.168764,13.73031,15.832585,16.748974,17.030006,19.75349,20.535753,22.226688,24.688349,25.29271,26.79037,25.150833,22.431202,27.400667,28.037678,24.835402,25.106539,23.6063,20.032839,19.86058,22.335367,19.654488,15.052126,16.16888,13.957817,16.577284,14.404087,10.634431,9.871712,6.3623486,9.5818,13.839954,11.639777,10.530481,13.6314945,18.666723,18.182047,22.540129,22.851404,21.699638,26.720125,25.302666,27.92089,31.403595,29.176167,25.348398,20.730936,23.68879,17.336586,18.644773,16.306578,17.654284,17.753357,19.467693,21.91418,24.011833,23.48081,23.58883,23.884867,21.301594,23.585356,19.508703,25.223772,24.628769,27.865852,27.895927,28.121372,26.747875,21.353048,24.084423,21.768686,25.37916
32,35.377537,32.440258,30.062523,25.465672,22.590866,20.30425,17.804848,13.898137,10.58133,9.815071,5.5725293,7.0210276,4.8363194,7.560217,10.768441,9.2337885,13.481379,15.010577,20.242903,21.733944,25.957493,28.377207,32.056263,26.761772,25.129822,22.476854,18.870962,16.524563,12.92706,12.582198,8.1127825,7.378225,0.0,5.4680104,7.184532,6.722246,6.988978,10.085245,11.784755,11.613394,13.002036,16.848774,16.561203,17.408037,18.902224,22.44198,23.338036,23.11855,25.69472,23.488419,22.340595,27.461681,28.41789,25.505114,26.725582,26.17923,21.9707,23.197168,25.699312,21.507027,17.673592,20.449492,19.409811,21.436016,17.68364,14.196058,15.853629,12.896563,14.124782,19.25012,18.14172,16.170706,18.148603,23.461708,22.049292,26.692556,25.96477,24.055592,28.605928,26.393173,28.199675,31.205635,28.134148,24.665287,20.295643,23.67833,17.861664,19.964539,17.294748,19.49258,19.189722,22.831606,23.257574,24.640821,23.124203,22.450974,23.707172,19.410475,22.294554,17.773165,23.16635,22.572203,25.266876,25.285316,24.642237,22.69211,17.9423,20.313625,18.044945,22.19316
33,39.05783,36.253273,34.038048,29.41828,26.74204,24.017237,22.18265,18.104631,14.5962305,14.722828,10.518765,12.356176,9.771747,12.048757,14.823423,13.1183815,17.341434,18.065147,23.938509,24.429,28.904684,31.527704,34.66907,28.932102,27.37897,25.144802,20.7805,18.707644,14.852429,14.170892,9.839205,6.9338875,5.4680104,0.0,5.385795,8.101413,7.511505,7.3067923,10.909212,12.32044,12.075736,15.0535965,16.277426,17.456957,17.447227,21.245111,23.574348,22.748856,24.417643,21.828627,20.087227,26.259787,26.10151,22.67535,24.402014,24.20403,20.493074,21.519434,22.996574,18.602654,15.789942,17.422644,16.350626,17.482262,13.759069,11.13988,12.73758,10.824888,12.8417015,17.480423,17.16673,16.445242,17.891459,23.429749,21.596226,26.508589,26.398703,24.09604,29.153357,26.45802,28.837345,31.713102,29.261587,25.935438,21.455126,25.43203,19.504421,22.511257,20.467579,22.756554,22.974869,25.759542,27.301754,28.880949,27.651276,27.049662,27.579798,23.672665,25.633331,20.93042,26.01478,24.44639,27.018883,26.324863,25.968454,24.830725,20.251564,23.48055,21.970371,26.30091
34,37.66474,34.560017,33.01249,28.190754,25.205202,23.250154,20.796534,17.872286,13.504595,15.046316,11.308952,13.6489935,11.4073305,12.99368,13.263964,10.368134,14.284067,13.969643,20.266788,19.85908,24.428576,27.223951,29.963667,24.176674,22.876728,21.082928,16.223177,14.851803,10.66569,11.175785,5.761431,6.1239634,7.184532,5.385795,0.0,4.590859,6.29677,5.2704244,6.466051,8.532681,9.851619,11.02231,11.747935,14.06131,14.464531,16.86474,19.421349,19.456257,20.92221,19.074003,16.656044,22.017813,22.49961,19.361368,20.19169,19.464443,15.581715,16.494308,18.621347,14.734441,10.8637705,13.298658,12.624739,14.57872,10.7093525,7.035113,9.705452,7.7046375,7.8821793,12.875006,13.270183,12.3405075,12.81894,18.42626,16.300104,21.253977,21.047796,18.726664,23.82296,21.314543,23.85789,26.940832,24.743671,21.247177,16.675377,20.556995,14.551673,17.92307,16.48307,19.131536,20.165764,22.979382,25.136065,26.198816,25.044006,24.3001,23.89437,20.533598,21.62023,17.032232,22.049454,20.378847,23.26714,22.73188,22.945236,22.087479,17.034237,20.527868,19.25173,23.355206
35,33.275017,30.084007,28.618654,23.763844,20.682741,19.02973,16.303804,13.842137,9.244397,11.483001,8.489863,11.322924,10.335224,12.04521,11.583815,7.2977676,11.41454,10.749843,17.161987,16.964727,21.489044,24.403978,27.419424,22.195234,21.158503,19.288998,14.752276,13.785339,9.428109,11.388051,4.1361036,8.649488,6.722246,8.101413,4.590859,0.0,4.2800617,6.861266,5.67429,5.4194326,8.560669,11.00328,10.003785,11.666652,13.607427,16.057953,17.015366,17.450142,19.853561,18.322823,16.790686,21.095476,22.649174,20.147915,20.729424,20.02995,15.617967,17.219038,20.162354,16.132318,11.854645,15.843033,15.776209,18.13359,13.968941,10.172455,13.458743,11.068815,9.634072,14.873974,15.260768,13.186335,13.2327175,18.612717,16.324661,21.105799,20.03072,17.642134,22.168875,19.692204,21.577724,24.615528,21.800781,18.280382,13.80483,17.533497,11.761136,15.2538595,13.696632,16.897251,17.998667,21.93123,23.146027,23.545765,21.915052,20.717283,20.45561,16.46566,17.672491,12.927672,17.996647,16.73666,19.653025,19.574463,19.5449,18.166586,12.938176,16.111286,14.689037,18.878347
36,32.217163,29.400482,27.576687,22.881329,20.318298,17.614937,16.187498,12.65056,8.743254,10.983282,8.02516,11.586823,11.26791,13.863759,14.922889,10.820132,15.07768,14.385902,20.716913,20.467495,24.938103,27.982925,30.962955,26.05404,25.218796,23.41011,18.910324,18.045828,13.70439,15.421744,8.369934,11.166742,6.988978,7.511505,6.29677,4.2800617,0.0,5.3688416,6.522204,5.865339,6.0735064,10.957247,10.795486,10.73306,12.082698,16.38156,17.111534,16.281584,18.920166,16.606901,16.023338,21.166521,22.125963,19.523146,21.170845,21.401691,17.074652,19.363081,21.517021,16.454567,13.668924,17.596745,17.992552,19.471037,14.640875,11.774662,15.737414,13.934442,12.869848,17.941378,18.90963,17.251127,16.956417,22.40336,19.589142,24.517097,23.335407,20.371288,24.780985,21.52761,23.177193,25.689892,22.73769,19.718237,15.579236,19.858252,14.764409,18.948849,17.520481,20.881186,21.799168,26.00152,26.758877,27.063402,25.126822,23.629293,23.686049,18.99732,20.085354,15.178401,19.498154,17.55071,19.81237,19.149239,18.561008,17.331903,12.983384,16.4406,15.703771,20.29094
