,0,1,2,3,4,5,6,7,8,9,10,11,12,13,14,15,16,17,18,19,20,21,22,23,24,25,26,27,28,29,30,31,32,33,34,35,36,37,38,39,40,41,42,43,44,45,46,47,48,49,50,51,52,53,54,55,56,57,58,59,60,61,62,63,64,65,66,67,68,69,70,71,72,73,74,75,76,77,78,79,80,81,82,83,84,85,86,87,88,89,90,91,92,93,94,95,96,97,98,99,100,101,102,103,104,105,106,107,108,109
0,0.0,4.3098607,6.476506,9.553948,12.033905,14.616797,17.01012,21.220829,24.794483,27.140581,30.578098,35.885277,30.844294,30.080576,24.19334,24.794092,20.74071,20.927235,18.305851,17.946625,16.831326,16.03873,20.163933,16.593828,16.12235,19.049831,14.649023,19.776747,21.329895,22.905241,26.56894,26.90239,32.54158,32.391273,35.57754,38.883324,40.78308,39.38927,37.74427,34.0541,37.386585,31.765944,34.413666,31.244852,33.348877,32.37841,31.945724,32.86835,29.661709,34.972847,36.012917,31.33092,34.647465,39.202,39.144855,40.376873,37.792072,38.94522,37.48148,39.810856,35.883724,39.14716,37.491394,42.03983,41.452168,36.271706,40.94085,40.191284,40.735577,38.92481,39.75627,38.652943,32.457527,35.926662,31.482887,32.07417,29.947845,29.217922,29.20544,27.423923,28.449472,29.809147,29.23398,27.466324,26.53045,27.075779,26.033745,29.362608,28.610104,31.687607,31.42249,35.043495,33.100704,32.75057,30.07316,28.935345,25.407646,25.849245,21.585665,22.911215,22.308823,22.942183,24.508492,23.5129,22.481642,24.9102,24.950129,25.394506,28.1828,27.733341
1,4.3098607,0.0,5.3375206,6.4908767,8.630422,12.49819,13.73473,18.731266,21.72833,24.749249,27.764168,33.262077,28.702494,27.684563,21.943497,21.775713,17.751465,17.220604,14.747825,13.921022,13.135439,12.364202,16.817324,13.949088,13.569762,16.66381,11.434542,17.056192,18.21746,20.335901,23.466381,24.755043,29.882652,30.37585,33.108334,36.474632,37.995884,36.467533,34.52476,30.753647,33.75014,28.06781,30.382833,27.177141,29.120993,28.093456,27.641209,28.61992,25.545176,30.842043,31.753223,27.170773,30.59926,35.05217,34.958546,36.11523,33.537727,34.635555,33.19499,35.60904,31.781855,35.11631,33.610348,38.241596,37.90431,32.86354,37.775036,37.32913,37.908783,36.624577,37.05796,35.764725,29.43513,32.68836,28.2271,28.45887,26.355452,25.25126,25.468029,23.339128,24.55858,25.949657,25.112675,23.217833,22.243643,22.823809,21.834476,25.290052,24.753578,27.951462,28.02497,31.767052,30.155117,29.464542,26.646832,25.271997,21.818039,21.847515,17.389778,18.644762,18.029003,18.782824,20.526138,19.700813,18.46957,21.365711,20.998259,21.877775,24.592207,24.5778
2,6.476506,5.3375206,0.0,5.3151,6.7012243,8.736562,11.113118,14.828493,18.642416,20.687393,24.27027,29.478317,24.456821,23.834759,17.890377,18.823141,15.063245,15.944963,14.134178,14.556196,15.014842,15.490479,20.164963,17.653885,16.213554,18.401438,12.602424,16.73612,17.226755,18.516705,21.596018,21.903978,27.025236,26.746561,29.678226,33.126984,34.96121,33.3886,32.023403,28.351337,31.841267,26.40082,29.45692,26.684486,29.089283,29.336819,28.65135,30.580576,28.079443,33.289734,33.52657,28.711884,32.736378,37.052357,36.204075,37.39473,34.16678,35.6585,33.725716,35.38091,31.735134,34.600754,32.783585,37.45072,36.248814,31.204517,35.86093,34.82223,35.8834,34.09215,35.371567,34.642513,28.214806,32.2193,28.119549,28.677147,27.325556,26.43662,27.546743,25.441168,27.398046,29.176306,27.598352,25.257416,23.405033,23.395466,21.78304,24.599997,23.284653,26.146826,25.48393,28.92404,26.873917,26.981083,24.384556,23.71421,19.853071,21.467672,17.44318,20.467972,19.34595,21.370222,23.638477,22.702156,20.768568,23.057905,21.891127,22.193613,24.157337,23.625217
3,9.553948,6.4908767,5.3151,0.0,3.8518553,6.5471015,8.712588,13.119143,15.923446,19.218138,21.87329,27.469917,22.906145,21.55358,16.008272,15.595714,11.395861,11.526202,9.034707,9.582725,10.006796,11.204481,15.7944145,13.872876,11.951667,13.8078165,7.5334334,11.763374,12.252338,14.114895,17.14941,18.38107,23.396059,24.003029,26.685917,30.011568,31.568556,30.165916,28.279873,24.582443,27.969004,22.3517,25.48829,22.26867,25.19918,24.932285,24.81592,26.668482,24.693169,29.70816,29.710442,25.760035,29.886574,33.766144,33.103027,33.85837,30.73825,31.618187,29.498415,31.298624,27.035576,30.039633,28.170643,32.701794,31.907015,26.747551,31.505257,30.89022,31.583063,30.260921,30.8986,29.855518,23.42241,27.13173,22.92676,23.433607,22.017176,21.304487,22.454971,20.699596,22.841993,25.023184,23.266895,21.155083,19.043596,19.983313,17.774275,21.307104,20.18683,23.371101,23.29242,26.661385,25.442839,25.48145,22.591623,21.730165,17.646076,18.952303,13.7861805,17.038824,14.994488,17.320135,19.66447,18.214256,16.040945,17.84757,16.746273,16.903086,19.067144,18.679617
4,12.033905,8.630422,6.7012243,3.8518553,0.0,6.1093483,5.1976657,10.566942,13.1185,16.545984,19.222378,24.790771,20.671572,19.51605,13.9965105,13.349634,9.711313,9.493362,8.528799,8.807184,10.949575,12.348334,17.036032,16.126308,14.486701,16.202356,9.461892,13.0902405,12.319244,14.3944235,16.206736,18.225431,22.22478,23.085316,25.151175,28.684935,29.877295,28.089857,26.263096,22.457825,25.510265,19.968655,22.779226,20.01296,22.496574,23.127466,22.455835,24.88959,23.08557,28.04263,27.709354,23.28406,27.706104,31.606688,30.452934,31.400234,27.958063,29.34766,27.195305,28.703922,25.151985,27.976068,26.279427,31.08208,30.083004,25.258684,30.273785,29.661945,30.863964,29.935316,30.656496,29.737087,23.113338,26.912416,22.972757,22.998981,22.044268,20.643942,22.560658,20.024658,22.635777,24.664047,22.336477,19.688807,17.256279,17.242914,15.187621,18.120079,16.860935,19.930098,19.758392,23.304777,21.943745,21.725847,18.855083,18.003014,13.958889,15.554217,11.036293,15.125248,13.433952,16.459364,19.190275,18.41451,15.828879,18.392265,16.09114,16.895258,18.31522,18.435736
5,14.616797,12.49819,8.736562,6.5471015,6.1093483,0.0,6.800591,7.6780434,11.370545,13.563908,16.578669,21.890621,16.760551,15.578703,9.883793,10.843063,7.0703363,10.052849,9.057691,11.702216,13.67002,16.129192,20.311255,19.044764,16.25083,16.65853,11.02796,11.713643,10.787569,11.0249,13.69362,13.488107,18.360826,18.095924,21.005608,24.40483,26.348854,24.993101,23.816055,20.340645,24.491417,19.36216,23.69558,21.089966,24.85283,26.174229,25.98825,28.943865,27.934538,32.563217,31.65117,27.910467,32.614536,36.044968,34.52722,35.127155,31.29657,32.412296,29.60842,30.309547,26.162949,28.398838,26.061934,30.444695,28.486458,23.349787,27.633131,26.25396,27.545673,25.641212,27.34408,27.088621,20.685692,25.35964,21.884504,22.863457,22.652937,22.391087,24.686708,23.224043,26.178017,28.807663,26.227526,23.79156,20.621307,21.075228,17.882017,20.506796,18.30581,20.941757,19.977959,22.654272,21.274837,22.642265,20.064108,20.285027,15.69661,19.21638,14.751192,19.99648,17.2455,20.945646,23.694555,22.10086,19.265596,19.914362,17.836697,16.996572,17.8018,16.590837
6,17.01012,13.73473,11.113118,8.712588,5.1976657,6.800591,0.0,6.499482,8.293253,11.969987,14.406543,19.923866,16.400558,15.345381,10.247994,9.186782,6.871387,7.0309305,8.640261,9.574088,13.352776,15.438244,19.711767,19.843765,17.997114,18.9878,12.508803,14.252155,11.939312,13.681684,13.792534,16.444645,18.964924,20.08529,21.34745,25.045225,25.854242,23.702465,22.074478,18.257507,21.157686,15.9048395,18.87457,16.833355,19.344023,21.539494,20.461557,23.924665,22.955973,27.47457,26.333399,21.921574,26.822048,30.322762,28.360548,29.280062,25.246208,27.066431,24.528412,25.236277,22.35953,24.651022,22.942102,27.889376,26.317686,21.906147,26.983826,26.22306,28.076097,27.512093,28.49967,27.921751,21.274065,25.340193,22.01648,21.736221,21.72547,19.96824,23.014662,20.11869,23.446625,25.589975,22.431475,19.320705,16.085161,15.111767,12.559885,14.415081,12.443718,15.201423,14.670476,18.132862,16.80881,16.870996,14.048485,13.733287,9.319887,12.559277,9.150749,14.991083,13.1101265,17.303082,20.39944,19.98629,16.86635,19.278263,15.635349,16.55412,16.654156,17.044106
7,21.220829,18.731266,14.828493,13.119143,10.566942,7.6780434,6.499482,0.0,5.062156,6.100689,9.538796,14.6648655,10.146606,9.519188,4.005341,5.979133,6.0040073,9.67237,11.8889885,14.407938,18.094326,20.851923,24.7817,24.796103,22.212402,22.23452,16.618498,16.006987,13.114441,12.953746,12.479711,13.139296,14.95644,14.823488,16.218754,20.0052,21.34033,19.252077,18.710405,15.330462,19.263472,14.98139,19.443054,18.233408,21.673136,25.16569,24.27538,28.44055,28.307491,32.359997,30.515343,26.6427,31.777897,34.74946,32.148483,32.82787,28.288061,30.141266,26.9749,26.462713,23.664253,24.9812,22.726242,27.2511,24.28546,20.013283,24.271267,22.518646,25.0662,23.754122,26.007442,26.354156,20.094404,25.026869,22.588062,22.967941,24.020605,23.066973,26.723228,24.5545,28.256748,30.79865,27.278913,24.246395,20.380978,19.376717,16.02499,16.738031,13.55818,15.217168,13.279572,15.470543,13.828955,16.090899,13.969914,15.312572,10.821657,16.408463,14.088963,20.621002,18.146654,22.855024,25.979616,25.131153,21.797924,22.779987,19.014624,18.660418,17.583195,16.926155
8,24.794483,21.72833,18.642416,15.923446,13.1185,11.370545,8.293253,5.062156,0.0,5.9454856,6.2763014,12.02244,9.652911,8.03509,5.7426453,2.89431,6.0866036,8.091125,11.7193775,13.932912,18.179054,21.153362,24.491873,25.490206,23.05752,22.733631,17.586353,16.236336,12.481713,12.749865,10.084627,12.884854,12.433783,14.022462,13.860782,17.637405,17.998522,15.561086,14.418057,10.832634,14.287884,10.090814,14.627147,13.858171,17.495144,21.68836,20.882824,25.470198,26.158787,29.628155,27.222637,24.083406,29.288872,31.650393,28.77632,29.138329,24.45468,26.136484,22.706873,21.731777,19.205471,20.17394,18.003366,22.601748,19.663857,15.812456,20.412846,19.165266,21.952477,21.745462,23.317102,23.518404,17.405497,21.93331,20.010801,19.83081,21.500118,20.20806,24.513094,22.241486,26.274778,28.875257,24.912954,21.872005,17.651566,16.622087,12.843364,12.981487,9.524704,10.992244,9.546009,11.517011,11.248636,13.326994,11.088259,12.574313,8.356705,14.122707,12.344726,19.103727,16.372366,21.454462,24.595573,23.927341,20.433516,21.266222,16.74257,16.701788,14.620669,14.695282
9,27.140581,24.749249,20.687393,19.218138,16.545984,13.563908,11.969987,6.100689,5.9454856,0.0,5.140443,8.943827,4.90165,5.7336597,4.6290197,7.386597,10.392871,13.772049,16.840332,19.376583,23.385159,26.313871,29.933617,30.412521,27.756203,27.368204,22.20337,20.616686,17.20639,16.35743,14.311546,14.517506,13.67124,13.018934,12.987916,16.772736,17.789896,15.263727,15.909505,13.2675295,17.067173,14.448648,19.04856,19.172836,22.442766,27.355646,26.219889,31.045433,31.64089,35.110813,32.59773,29.030807,34.270878,36.708614,33.378094,33.973312,29.030453,31.214636,27.752327,26.065107,24.28326,24.56499,22.296225,26.433142,22.367352,19.103304,22.619553,20.267279,23.816288,22.65206,25.637663,26.695168,21.15836,26.164616,24.764208,25.042362,27.011232,26.045591,30.35016,28.183641,32.19897,34.754784,30.79422,27.641474,23.481216,21.837791,18.491505,17.669294,13.911527,14.105865,11.001131,11.60845,9.769184,13.893163,12.805005,15.453617,11.922263,18.482168,17.787842,24.513107,22.148407,27.162264,30.336716,29.703156,26.234953,26.891382,22.60082,22.112194,19.882786,19.224876
10,30.578098,27.764168,24.27027,21.87329,19.222378,16.578669,14.406543,9.538796,6.2763014,5.140443,0.0,5.833634,5.6580553,4.482569,7.5702734,6.979914,11.332923,13.760064,17.327848,19.797918,23.947365,27.110376,30.115408,31.302105,28.64643,27.804432,23.30999,20.849146,16.971394,16.157341,12.520215,13.969355,10.6646385,11.677171,9.739211,13.422775,13.43288,10.547275,10.9672365,8.57422,12.232304,10.623416,15.519192,16.194572,19.847218,25.18105,24.393595,29.432367,30.868782,33.7059,30.673824,28.12755,33.312305,35.03694,31.560656,31.699032,26.739103,28.49292,24.720427,22.407242,20.725922,20.381334,18.047949,21.867477,17.46751,14.787969,18.157282,16.070139,19.954475,19.76283,22.255056,23.366179,18.346348,22.963982,22.307056,22.315737,24.943842,24.036604,28.764837,26.87517,31.0779,33.77197,29.537195,26.590755,22.207027,20.929846,17.210472,16.013996,12.268651,11.913177,9.365895,8.657431,9.077971,13.306186,12.364785,15.109469,12.198208,18.348658,17.841661,24.461657,21.733282,26.894407,29.972687,29.280926,25.766819,25.88225,21.289726,20.707254,17.604828,17.274647
11,35.885277,33.262077,29.478317,27.469917,24.790771,21.890621,19.923866,14.6648655,12.02244,8.943827,5.833634,0.0,6.606797,7.442674,12.235142,12.745717,17.053255,19.543337,23.12133,25.58874,29.74743,32.92429,35.84043,37.10782,34.39411,33.382366,29.092045,26.304533,22.465837,21.220655,17.432028,17.931288,13.250947,13.273584,9.950004,12.713987,12.233278,9.081289,11.62786,11.102759,13.704899,14.43788,18.591284,20.32502,23.44227,29.510916,28.53997,33.829655,35.633713,38.05098,34.655643,32.306232,37.403202,38.741837,34.77816,34.8886,29.80026,31.798265,27.99108,24.756475,24.146275,22.85279,20.707233,23.708027,18.378132,17.21735,19.16709,16.462196,21.131832,20.946436,24.14602,25.946081,22.014183,26.404783,26.596516,26.638718,29.737251,28.926065,33.845596,32.024883,36.285404,38.920586,34.53217,31.575285,27.217356,25.526815,22.147533,20.038954,16.410463,14.878564,11.819258,8.95921,9.48702,14.803761,15.100817,18.453772,16.604662,22.724133,23.199093,29.665394,27.166145,32.31607,35.369656,34.814293,31.309767,31.251219,26.609507,25.911312,22.40401,21.953737
12,30.844294,28.702494,24.456821,22.906145,20.671572,16.760551,16.400558,10.146606,9.652911,4.90165,5.6580553,6.606797,0.0,3.6269412,6.938552,9.985469,13.324639,17.190071,19.969381,22.9782,26.726831,29.936665,33.265636,33.7009,30.70589,29.77122,25.33077,22.66229,19.322815,17.546236,15.358532,14.023088,12.046523,10.074211,9.748192,13.198756,14.777865,12.684015,14.587947,13.006485,17.312023,15.953611,21.160078,21.555283,25.391594,30.437553,29.693335,34.598022,35.6502,38.834145,36.024723,33.088184,38.317333,40.358215,36.92006,37.211857,32.236015,34.076286,30.319468,28.050056,26.067026,25.711468,23.126413,26.528744,21.621342,18.732775,21.060991,17.911125,21.837036,20.09834,23.995998,25.760979,21.066895,26.268644,25.609167,26.361103,28.849154,28.525452,32.92266,31.3806,35.462524,38.278275,34.25991,31.340168,27.002224,25.81792,22.113527,21.24447,17.442837,17.149248,13.995294,13.068638,11.969468,17.068836,16.516108,19.495665,16.311499,22.8248,21.97422,28.731829,25.950294,31.042439,34.14758,33.148342,29.665598,29.42345,25.395033,24.162586,21.49489,20.197327
13,30.080576,27.684563,23.834759,21.55358,19.51605,15.578703,15.345381,9.519188,8.03509,5.7336597,4.482569,7.442674,3.6269412,0.0,6.0067163,7.477395,11.036014,14.788564,17.469118,20.640816,24.26481,27.647924,30.65911,31.296988,28.22068,27.009455,23.001375,19.80317,16.340288,14.4905815,11.907692,10.984154,8.608731,7.7060747,7.3363,11.119307,12.6554365,10.815598,11.93259,10.066023,14.943945,13.215391,18.956818,18.897827,23.345194,27.918837,27.630571,32.362484,33.65092,36.722134,33.883305,31.520426,36.703293,38.536068,35.382633,35.378834,30.57013,31.885605,27.993843,25.907228,23.200558,22.95932,20.159914,23.494913,18.796444,15.420855,17.951778,15.033971,18.664045,17.175484,20.65402,22.23778,17.442465,22.653952,22.029066,22.880074,25.463444,25.410215,29.784151,28.607397,32.68469,35.67648,31.693762,29.013163,24.594772,24.084814,19.976248,19.686213,16.028038,16.17317,13.748125,13.037206,13.032071,17.547361,16.50269,19.084337,15.621807,21.75154,20.173872,26.87549,23.66363,28.758802,31.774984,30.503616,27.035538,26.316198,22.421457,20.896448,18.098713,16.683264
14,24.19334,21.943497,17.890377,16.008272,13.9965105,9.883793,10.247994,4.005341,5.7426453,4.6290197,7.5702734,12.235142,6.938552,6.0067163,0.0,5.551812,7.059505,11.59777,13.713001,16.851025,20.328209,23.447437,27.025126,27.069153,24.10245,23.488163,18.661383,16.663704,13.636327,12.3453455,11.533141,10.731368,11.992086,11.045164,12.671582,16.401375,18.180197,16.397593,16.467546,13.56608,18.204828,14.670902,19.995174,19.02581,23.15802,26.918621,26.407637,30.74321,31.132114,34.883232,32.694893,29.455198,34.632164,37.200172,34.45697,34.83523,30.19156,31.733496,28.217909,27.14752,24.068174,24.852854,22.236755,26.282497,22.615744,18.385366,21.93285,19.606506,22.387081,20.597612,23.539186,24.423325,18.617641,23.9191,22.077663,22.918627,24.535074,24.203547,28.052906,26.49939,30.330517,33.16128,29.526676,26.704447,22.569872,21.997278,18.160452,18.70099,15.235152,16.393585,14.145187,15.225336,14.032674,17.45928,15.7373,17.657038,13.398416,19.339443,17.010021,23.675138,20.712431,25.584797,28.654587,27.428102,24.038673,24.046509,20.435183,19.27279,17.625723,16.289886
15,24.794092,21.775713,18.823141,15.595714,13.349634,10.843063,9.186782,5.979133,2.89431,7.386597,6.979914,12.745717,9.985469,7.477395,5.551812,0.0,4.4961796,7.3255496,10.41993,13.250481,17.138,20.415995,23.474628,24.403612,21.67368,20.915731,16.350348,14.096171,10.273659,10.095061,7.380618,10.13617,10.125298,12.041467,12.354794,16.009167,16.685566,14.745217,13.327504,9.749752,13.955249,9.556184,14.943471,13.555114,18.099867,21.619165,21.44646,25.765726,26.651524,30.061394,27.667284,25.164417,30.285751,32.45218,29.892878,29.936422,25.450993,26.518648,22.906164,22.050303,18.565655,19.590187,17.051594,21.379871,18.463568,14.04983,18.516275,17.246258,19.653435,19.243639,20.752205,20.9476,14.782353,19.55616,17.637857,17.884539,19.65984,18.990723,23.178623,21.565426,25.566624,28.468317,24.626402,21.929636,17.61286,17.577293,13.280055,14.277713,11.103381,12.826248,11.8623295,13.355243,13.681684,15.9437065,13.678788,14.944056,10.728685,15.853751,13.027821,19.655218,16.289274,21.341297,24.368122,23.180359,19.70032,19.669565,15.528434,14.73922,12.610918,12.134263
16,20.74071,17.751465,15.063245,11.395861,9.711313,7.0703363,6.871387,6.0040073,6.0866036,10.392871,11.332923,17.053255,13.324639,11.036014,7.059505,4.4961796,0.0,5.183186,6.697466,10.038853,13.425712,16.714268,20.043427,20.407473,17.555569,17.017263,12.135367,10.437661,7.162192,7.5865593,7.4120893,9.759933,12.538825,14.033405,15.651118,19.093904,20.26564,18.774176,17.03919,13.443228,17.528746,12.429932,17.323132,14.867438,19.421852,21.51945,21.654419,25.27007,25.49463,29.399483,27.628716,24.934155,29.885605,32.48179,30.56195,30.67344,26.591005,27.35062,24.044006,24.136442,19.852322,21.675282,19.185923,23.546633,21.45825,16.450813,21.027609,20.028372,21.56644,20.705004,21.85081,21.5652,15.022416,19.714344,16.84662,17.427206,18.257906,17.864159,21.295267,19.910244,23.564737,26.528605,23.17114,20.694199,16.720396,17.461637,13.268306,15.6537695,13.150365,15.685865,15.2003975,17.396723,17.29853,18.853508,16.211094,16.6988,12.13319,16.176966,11.833244,18.057865,14.460478,19.141329,22.076006,20.498308,17.157585,17.12832,13.76468,12.777549,12.0630455,11.260743
17,20.927235,17.220604,15.944963,11.526202,9.493362,10.052849,7.0309305,9.67237,8.091125,13.772049,13.760064,19.543337,17.190071,14.788564,11.59777,7.3255496,5.183186,0.0,4.4569883,6.0580573,10.339872,13.412524,16.439266,17.816841,15.679548,15.613812,10.553756,10.237021,6.8270273,9.622609,8.326049,13.450645,15.152701,18.08814,18.743647,22.021809,22.267838,20.543974,17.821241,13.993203,16.658627,10.932829,14.325237,11.171913,15.256756,16.5715,16.773256,20.133614,20.388279,24.244522,22.592707,20.131283,24.9608,27.500153,25.916256,25.950268,22.184343,22.70315,19.68249,20.556519,16.231337,18.769722,16.840578,21.596869,20.78575,16.083414,21.43352,21.537973,22.679922,23.073975,22.838503,21.708012,15.084175,18.578245,15.257357,14.723649,15.022439,13.549947,17.121931,15.002205,18.766466,21.574492,18.069288,15.515042,11.561504,12.764054,8.529359,12.000955,10.554733,13.8251505,14.689973,17.559977,18.123524,18.163952,15.136536,14.535608,10.4763565,12.538026,7.2347674,13.179978,9.367908,14.22028,17.208315,16.008366,12.547705,13.590865,9.385131,10.007315,9.678884,10.71784
18,18.305851,14.747825,14.134178,9.034707,8.528799,9.057691,8.640261,11.8889885,11.7193775,16.840332,17.327848,23.12133,19.969381,17.469118,13.713001,10.41993,6.697466,4.4569883,0.0,4.1192813,6.7968884,10.2724,13.351784,13.993536,11.4429655,11.331057,6.2756453,6.4240828,4.4976835,8.060644,9.33788,13.319933,16.842934,19.358234,20.983776,24.015856,24.801746,23.598974,20.847107,17.224247,20.273453,14.599165,18.057129,14.272949,18.51396,18.17794,19.06368,21.41052,21.142258,25.282484,24.270544,22.142273,26.56663,29.283224,28.447107,28.35641,25.138905,25.05422,22.290396,23.810942,18.589735,21.52631,19.472193,23.800442,23.449846,18.274979,23.259352,23.40388,23.754623,23.612253,23.151628,21.710861,15.167983,18.499287,14.454645,14.629164,13.907318,13.388122,15.732238,14.569657,17.71634,20.761272,18.029127,16.149454,12.880646,15.365041,11.552995,15.870977,14.87759,18.23943,19.098053,21.924397,22.311703,22.454552,19.396645,18.586786,14.529557,15.817909,9.5739765,13.997478,9.833632,13.671096,16.2875,14.164936,11.04064,11.231259,8.823417,8.479705,10.057426,10.270391
19,17.946625,13.921022,14.556196,9.582725,8.807184,11.702216,9.574088,14.407938,13.932912,19.376583,19.797918,25.58874,22.9782,20.640816,16.851025,13.250481,10.038853,6.0580573,4.1192813,0.0,4.7376246,7.3969398,10.6670475,12.107527,10.702187,11.676104,6.371726,9.188686,8.062088,11.993887,12.577698,17.342432,20.25113,23.175964,24.33521,27.401062,27.71922,26.253653,23.163954,19.457376,21.55723,15.809206,17.812254,13.880159,16.959272,15.666258,16.361168,18.125656,17.327208,21.715206,21.166807,18.805367,22.97296,25.944191,25.519863,25.581741,22.773891,22.706406,20.499216,22.794168,18.025534,21.473734,20.03091,24.56631,25.039099,20.300432,25.63652,26.308136,26.597107,27.082727,26.007889,24.131073,17.774534,20.169258,15.932373,15.171946,13.67441,11.940396,13.848899,11.606027,14.540657,17.20933,14.61356,12.624699,9.981746,12.680599,9.796651,14.639409,14.594967,18.206871,19.700668,23.00886,23.444656,22.560022,19.375456,17.792898,14.351796,13.864277,7.2361817,10.207736,6.2870874,9.700269,12.398421,10.817448,7.681947,10.081189,7.435977,9.264777,11.402055,12.873975
20,16.831326,13.135439,15.014842,10.006796,10.949575,13.67002,13.352776,18.094326,18.179054,23.385159,23.947365,29.74743,26.726831,24.26481,20.328209,17.138,13.425712,10.339872,6.7968884,4.7376246,0.0,3.7821777,6.786917,7.513866,6.1414533,7.72534,3.8289611,8.351705,9.418044,13.16728,15.148989,19.08995,22.98897,25.732147,27.461317,30.263996,30.883755,29.831991,26.638573,23.123463,25.39053,19.746708,21.766357,17.469795,20.608572,17.777586,19.198536,19.740131,18.49282,22.876379,23.046791,21.355692,24.841993,27.795763,28.222095,28.082653,25.95838,25.199902,23.331142,26.17586,20.740128,24.443125,22.981308,27.026066,28.031063,23.068975,28.03931,28.880459,28.443398,28.671007,27.193916,24.958527,19.055857,20.884151,16.213764,15.950575,13.329071,12.606876,12.645187,11.750927,13.484076,16.273031,14.896866,14.02074,12.536959,16.270557,13.88419,19.01057,19.246014,22.866457,24.423462,27.64809,28.099968,27.281487,24.092926,22.400537,19.042667,18.084091,11.530344,12.431974,8.929953,10.046949,11.765713,8.923903,6.93236,8.272245,8.663205,9.630716,13.236483,14.179495
21,16.03873,12.364202,15.490479,11.204481,12.348334,16.129192,15.438244,20.851923,21.153362,26.313871,27.110376,32.92429,29.936665,27.647924,23.447437,20.415995,16.714268,13.412524,10.2724,7.3969398,3.7821777,0.0,4.8447595,5.366645,6.2468905,9.282013,6.3862386,11.858245,13.195409,16.893955,18.865917,22.805155,26.719076,29.423195,31.125546,33.98691,34.511513,33.33486,30.076557,26.511007,28.411314,22.775349,24.058165,19.853157,22.073135,18.495796,19.69216,19.376415,17.256783,21.870045,22.799795,20.837427,23.760181,27.05343,28.028334,28.100555,26.48342,25.775047,24.506182,27.885519,22.901371,26.83269,25.739103,29.813208,31.224272,26.46967,31.538439,32.542812,32.064716,32.4156,30.756788,28.34265,22.619852,24.01246,19.31527,18.706999,15.584733,14.334123,13.390669,11.976234,12.67453,14.761076,14.277579,13.70251,13.40774,16.913433,15.579603,20.624321,21.340532,24.993189,26.729744,30.239626,30.511005,29.152184,25.955349,23.85789,20.903156,18.963137,12.862769,11.910093,9.738182,8.979415,10.044964,7.672622,6.984469,10.024944,11.0350275,12.833403,16.543144,17.810698
22,20.163933,16.817324,20.164963,15.7944145,17.036032,20.311255,19.711767,24.7817,24.491873,29.933617,30.115408,35.84043,33.265636,30.65911,27.025126,23.474628,20.043427,16.439266,13.351784,10.6670475,6.786917,4.8447595,0.0,5.0165854,7.072354,9.170979,9.686107,13.507376,15.2175665,18.891476,20.627234,24.923903,28.523712,31.764055,33.26406,35.784885,36.061905,35.17314,31.532602,28.238264,29.720371,24.390753,25.226068,20.76207,22.974466,17.968773,20.106607,18.715006,17.04333,20.912216,22.13952,21.717234,23.920748,26.54538,28.286388,27.83902,26.968565,25.270794,24.284454,28.12947,22.652115,26.75013,25.87591,29.383223,31.651323,27.118198,31.925299,33.496445,32.38651,33.23418,30.705942,27.798336,22.817938,23.086449,18.446196,17.638615,13.772121,12.983095,10.35134,10.380098,9.756823,12.067482,12.667469,13.494005,14.037185,18.696486,17.4757,22.7522,23.918789,27.528467,29.730564,33.019585,33.84916,32.36084,29.171291,26.92922,24.301846,21.800543,15.840938,13.7314415,11.453988,9.283126,8.937881,5.143169,6.4407473,8.071062,11.079153,12.786416,16.905487,18.452404
23,16.593828,13.949088,17.653885,13.872876,16.126308,19.044764,19.843765,24.796103,25.490206,30.412521,31.302105,37.10782,33.7009,31.296988,27.069153,24.403612,20.407473,17.816841,13.993536,12.107527,7.513866,5.366645,5.0165854,0.0,4.062186,7.5811567,8.469141,13.170312,15.835232,18.954966,21.918627,24.919174,29.621906,32.037735,34.281826,36.8707,37.74837,36.988396,33.73959,30.369225,32.593273,27.05663,28.70488,24.27609,26.884434,22.577093,24.347206,23.33134,21.177095,25.433935,26.783306,25.527868,27.904188,30.985731,32.540897,32.380173,31.20798,29.935074,28.772074,32.32042,26.733475,30.678528,29.426561,32.996887,34.64227,29.672115,34.27321,35.295124,34.19335,34.16358,32.303467,29.71966,24.602806,25.618078,20.841032,20.898151,17.237488,17.24532,14.869089,15.211051,14.751514,16.78542,17.518583,17.911781,18.068937,22.09483,20.647947,25.822166,26.46541,30.113821,31.765652,35.11269,35.40567,34.354076,31.157825,29.176823,26.06771,24.328701,18.174953,16.928982,14.786407,13.264793,13.271275,10.0554,10.751296,11.4727955,14.598687,15.2086115,19.503712,20.093918
24,16.12235,13.569762,16.213554,11.951667,14.486701,16.25083,17.997114,22.212402,23.05752,27.756203,28.64643,34.39411,30.70589,28.22068,24.10245,21.67368,17.555569,15.679548,11.4429655,10.702187,6.1414533,6.2468905,7.072354,4.062186,0.0,4.0484405,5.6173754,9.4693365,12.6071,15.320341,18.83376,21.195482,26.295572,28.430487,30.970695,33.471607,34.645332,34.086823,31.045485,27.765491,30.521893,25.015268,27.504423,23.048311,26.502132,22.943121,24.833372,24.608292,23.053331,27.294012,28.00711,26.766235,29.71978,32.645718,33.66639,33.38709,31.693392,30.467901,28.744448,31.757639,25.75024,29.429941,27.756298,31.241688,32.35603,27.107935,31.459652,32.162834,31.042665,30.587965,29.092506,26.770264,21.562014,23.139263,18.37119,19.07551,15.862186,16.64733,15.030521,15.912333,16.354935,19.041271,18.964407,19.007837,18.19356,22.269274,19.978216,25.138744,25.248676,28.836447,30.163368,33.23279,33.53337,33.10328,29.936966,28.38799,24.837805,24.10892,17.611471,17.878218,14.819511,14.673915,15.353674,11.720991,11.34491,10.485225,13.487306,12.939776,17.190584,17.078876
25,19.049831,16.66381,18.401438,13.8078165,16.202356,16.65853,18.9878,22.23452,22.733631,27.368204,27.804432,33.382366,29.77122,27.009455,23.488163,20.915731,17.017263,15.613812,11.331057,11.676104,7.72534,9.282013,9.170979,7.5811567,4.0484405,0.0,6.8139195,7.2776785,10.973416,13.123713,16.897692,18.861177,24.025408,26.262646,28.900852,31.070436,32.359814,32.18839,29.134287,26.148357,29.161703,23.936804,26.9882,22.440556,26.680717,23.254778,25.655787,25.713385,24.943459,28.771826,28.99328,28.491508,31.625088,34.058945,34.916607,34.27126,32.450344,30.802177,28.678633,31.33981,24.726677,28.151508,26.17163,29.19758,30.230425,24.868229,28.75478,29.47867,27.942123,27.380829,25.697512,23.354675,18.562687,20.055523,15.399619,16.786997,13.811923,15.785081,14.317588,16.402182,17.18279,20.413973,20.014633,20.284863,18.929766,23.484331,20.502348,25.682196,25.534521,28.998796,30.285778,32.92818,33.592293,33.66309,30.55211,29.330051,25.606827,25.478788,18.835577,19.873564,16.049353,16.577518,17.33135,13.184944,12.48018,9.311798,12.932529,10.972232,15.241984,14.484662
26,14.649023,11.434542,12.602424,7.5334334,9.461892,11.02796,12.508803,16.618498,17.586353,22.20337,23.30999,29.092045,25.33077,23.001375,18.661383,16.350348,12.135367,10.553756,6.2756453,6.371726,3.8289611,6.3862386,9.686107,8.469141,5.6173754,6.8139195,0.0,6.485429,8.427928,11.398583,14.621023,17.16567,22.052242,24.006899,26.4043,29.228535,30.410328,29.52899,26.769938,23.284824,26.314892,20.664516,23.62077,19.48702,23.166548,21.121136,22.365961,23.354702,22.07883,26.575872,26.6042,24.518156,28.244688,31.347649,31.467144,31.439997,28.966362,28.47571,26.314177,28.687992,23.124582,26.51699,24.646856,28.627806,28.929409,23.61915,28.273258,28.542377,28.174734,27.584835,26.826529,25.002476,18.999428,21.636587,17.02688,17.615246,15.428724,15.543624,15.791254,15.428993,17.23074,20.06484,18.69546,17.642262,15.74317,18.928087,16.129194,20.926477,20.504097,24.015835,24.96639,28.036623,28.094398,27.932728,24.81227,23.57878,19.719023,19.898031,13.405008,15.485573,12.031293,13.711245,15.515017,12.6515045,10.730084,10.812821,11.355111,10.912017,14.309354,14.139798
27,19.776747,17.056192,16.73612,11.763374,13.0902405,11.713643,14.252155,16.006987,16.236336,20.616686,20.849146,26.304533,22.66229,19.80317,16.663704,14.096171,10.437661,10.237021,6.4240828,9.188686,8.351705,11.858245,13.507376,13.170312,9.4693365,7.2776785,6.485429,0.0,4.1769586,5.9292936,10.04114,11.854757,16.998432,19.137508,21.733404,24.084135,25.523941,25.263786,22.56448,19.549685,23.233093,18.09357,22.294796,18.159388,23.277136,21.850338,23.793676,25.409399,25.416275,29.219675,28.380163,27.412334,31.437382,33.74208,33.46089,32.880417,30.09116,29.049091,26.150686,27.710997,21.26864,24.06187,21.55658,24.873444,24.687971,19.064901,23.009645,23.112768,22.29203,21.402754,20.668941,19.065666,13.271217,16.470097,12.190578,14.013344,12.883098,14.705081,15.741231,16.899683,19.307838,22.850014,20.916327,20.124033,17.28054,21.010258,17.005962,21.56611,20.54354,23.711336,24.468546,26.673464,27.36176,28.217276,25.277193,24.754255,20.637907,22.089836,15.718439,19.13832,14.6230135,17.35184,19.206741,15.746537,13.43222,10.392939,10.976563,7.8033404,10.591641,8.821997
28,21.329895,18.21746,17.226755,12.252338,12.319244,10.787569,11.939312,13.114441,12.481713,17.20639,16.971394,22.465837,19.322815,16.340288,13.636327,10.273659,7.162192,6.8270273,4.4976835,8.062088,9.418044,13.195409,15.2175665,15.835232,12.6071,10.973416,8.427928,4.1769586,0.0,4.143369,6.3105383,9.887584,13.815758,16.549837,18.462856,21.066507,22.12892,21.535797,18.766928,15.565063,19.229792,14.024485,18.510887,14.650922,20.005829,19.671022,21.282377,23.67795,24.161043,27.78971,26.392561,25.283173,29.66127,31.798954,30.945595,30.394346,27.180147,26.476383,23.279144,24.324276,18.237999,20.75117,18.165548,21.844536,21.22699,15.668618,20.058441,20.118292,19.9519,19.548004,19.009724,17.666298,11.223799,15.013431,11.162598,12.407584,12.354638,13.3824415,15.805336,16.10608,19.270456,22.779636,20.061562,18.718876,15.19969,18.370754,13.945665,18.074553,16.755018,19.773245,20.502377,22.56762,23.471313,24.417522,21.549015,21.249168,17.15492,19.137453,13.189741,17.646103,12.990458,16.74076,19.05227,16.22523,13.276156,11.040459,9.470865,6.684407,7.837082,6.4424925
29,22.905241,20.335901,18.516705,14.114895,14.3944235,11.0249,13.681684,12.953746,12.749865,16.35743,16.157341,21.220655,17.546236,14.4905815,12.3453455,10.095061,7.5865593,9.622609,8.060644,11.993887,13.16728,16.893955,18.891476,18.954966,15.320341,13.123713,11.398583,5.9292936,4.143369,0.0,5.6811905,6.0468693,11.350359,13.221079,15.935439,18.307625,20.080206,19.958122,17.80821,15.048106,19.588774,15.031062,20.46337,17.084724,22.857695,23.199776,24.800886,27.506918,28.201454,31.720259,30.078846,29.012762,33.527664,35.543545,34.407936,33.796753,30.337936,29.691603,26.205408,26.610357,20.509853,22.38896,19.379333,22.555836,21.018942,15.292051,18.794115,18.077717,17.918177,16.453981,16.918873,16.321846,10.219307,15.0354595,11.9919815,14.23723,14.936454,16.743769,19.216421,20.026276,23.183289,26.788498,24.051912,22.72333,19.024296,21.85971,17.22675,20.740341,18.830837,21.414108,21.515484,22.964539,23.766937,25.644886,23.038603,23.364101,19.073612,22.111902,16.634378,21.600155,17.007494,20.881054,23.182999,20.229296,17.371069,14.455066,13.259618,9.686682,9.836879,6.6844873
30,26.56894,23.466381,21.596018,17.14941,16.206736,13.69362,13.792534,12.479711,10.084627,14.311546,12.520215,17.432028,15.358532,11.907692,11.533141,7.380618,7.4120893,8.326049,9.33788,12.577698,15.148989,18.865917,20.627234,21.918627,18.83376,16.897692,14.621023,10.04114,6.3105383,5.6811905,0.0,7.202829,7.9372287,11.941813,12.681652,15.205441,15.871197,15.316754,12.565431,9.616814,13.921912,9.579217,15.3653965,12.494061,18.585629,20.07552,21.526987,24.939201,26.477974,29.409525,27.05293,26.416615,31.090006,32.5626,30.882658,30.087114,26.334444,25.76739,21.94121,21.630201,15.910428,17.24086,14.129891,17.557087,15.68184,10.089409,14.373005,14.095635,14.713163,14.809208,14.755672,14.224764,7.7046437,12.606877,10.582,11.751304,13.839583,14.801766,18.59425,18.769115,22.528198,26.046877,22.573893,20.944332,16.739271,19.108362,14.174211,16.889505,14.850626,17.020638,17.440874,18.42871,20.081614,21.894464,19.469137,20.004822,16.204193,19.441427,14.952831,20.382969,15.836943,20.34839,22.851143,20.54411,17.341959,14.972905,12.004797,9.273628,6.8274713,4.932172
31,26.90239,24.755043,21.903978,18.38107,18.225431,13.488107,16.444645,13.139296,12.884854,14.517506,13.969355,17.931288,14.023088,10.984154,10.731368,10.13617,9.759933,13.450645,13.319933,17.342432,19.08995,22.805155,24.923903,24.919174,21.195482,18.861177,17.16567,11.854757,9.887584,6.0468693,7.202829,0.0,7.333889,7.4607277,11.126108,13.222073,15.935932,16.32324,15.377901,13.469412,18.877623,15.635919,21.927185,19.560272,25.531008,27.213163,28.542112,31.924412,33.051067,36.322147,34.15529,33.048466,37.82337,39.598217,37.831966,37.19815,33.286213,32.947914,29.082516,28.416552,22.87505,23.71484,20.347141,22.933525,19.86914,14.516196,16.643772,14.545305,15.131631,12.242383,14.819462,15.729808,10.74985,16.420172,15.006788,17.578798,19.413641,21.361948,24.408026,25.204796,28.638506,32.25503,29.15953,27.58767,23.515972,25.590076,20.786264,23.162518,20.517464,22.276493,21.521849,21.919554,22.685303,25.811356,23.736526,24.967533,20.739717,25.101803,20.653112,26.38115,21.952736,26.27625,28.745813,26.017471,23.01566,20.038748,18.327765,14.740829,13.380374,9.792076
32,32.54158,29.882652,27.025236,23.396059,22.22478,18.360826,18.964924,14.95644,12.433783,13.67124,10.6646385,13.250947,12.046523,8.608731,11.992086,10.125298,12.538825,15.152701,16.842934,20.25113,22.98897,26.719076,28.523712,29.621906,26.295572,24.025408,22.052242,16.998432,13.815758,11.350359,7.9372287,7.333889,0.0,5.8904166,5.2143035,7.286335,8.816697,9.211131,8.37943,7.5802345,13.025439,11.7479515,18.135618,17.053257,22.928617,25.998932,27.14607,31.212301,33.309006,35.784992,32.80359,32.320877,37.151127,38.174385,35.747055,34.852844,30.668522,30.403202,26.20623,24.343102,19.72733,19.320137,15.881165,17.946186,13.599705,9.20205,10.687551,8.043949,10.441167,9.409798,12.062848,13.753219,9.857066,15.039946,15.415436,17.044252,20.246899,21.5743,25.667822,26.051838,29.932251,33.429394,29.687714,27.932568,23.535715,24.980062,20.16669,21.216099,18.399635,19.155312,18.4438,17.581976,19.49808,22.992992,21.469416,23.212336,19.826431,24.483137,21.452383,27.405993,23.182676,27.925629,30.493898,28.352095,25.141945,22.483973,19.530813,16.670225,13.386407,11.065901
33,32.391273,30.37585,26.746561,24.003029,23.085316,18.095924,20.08529,14.823488,14.022462,13.018934,11.677171,13.273584,10.074211,7.7060747,11.045164,12.041467,14.033405,18.08814,19.358234,23.175964,25.732147,29.423195,31.764055,32.037735,28.430487,26.262646,24.006899,19.137508,16.549837,13.221079,11.941813,7.4607277,5.8904166,0.0,5.3820095,7.2918534,11.0945425,11.734076,12.9441595,12.422162,17.946995,16.689064,23.102415,22.188618,27.777786,31.099916,31.887354,36.05271,37.641064,40.56696,37.793453,36.52334,41.525944,43.007942,40.421986,39.8604,35.45402,35.679115,31.55403,29.645237,25.39419,25.036781,21.666174,23.72024,18.954014,15.03228,15.59369,11.810612,14.316667,10.797901,15.660956,18.069656,14.672982,20.136229,20.192549,22.315485,25.082588,26.567465,30.355825,30.669317,34.467587,37.95018,34.35219,32.386543,28.003073,28.987682,24.310663,25.175938,21.921957,22.51462,20.819609,19.81977,20.567642,24.955189,23.7071,25.913805,22.200882,27.67789,24.730804,31.060114,27.015623,31.802698,34.50041,32.276657,29.050121,26.545347,23.935963,20.888487,18.322468,15.40693
34,35.57754,33.108334,29.678226,26.685917,25.151175,21.005608,21.34745,16.218754,13.860782,12.987916,9.739211,9.950004,9.748192,7.3363,12.671582,12.354794,15.651118,18.743647,20.983776,24.33521,27.461317,31.125546,33.26406,34.281826,30.970695,28.900852,26.4043,21.733404,18.462856,15.935439,12.681652,11.126108,5.2143035,5.3820095,0.0,3.8559008,6.179464,6.3839645,8.39973,8.934714,13.868985,14.129908,20.133165,20.157585,25.382397,29.551945,30.148485,34.683907,36.84665,39.23222,35.98352,35.096664,40.06117,41.05086,38.057682,37.35998,32.836674,33.164738,28.937742,26.294958,22.928158,21.800674,18.613329,20.391077,14.919736,12.224883,12.451238,8.536634,12.558579,11.099628,15.16838,17.65874,14.797867,19.594744,20.456732,21.812529,25.206778,26.13892,30.507572,30.445751,34.473858,37.807262,33.83512,31.755035,27.270496,27.8027,23.28101,23.254826,20.028013,19.91071,18.338259,16.452614,18.106678,22.532661,21.684225,24.127743,21.130644,26.546234,24.571264,30.867975,27.046587,32.003,34.733665,32.945686,29.623299,27.466702,24.107431,21.661715,18.191296,16.224125
35,38.883324,36.474632,33.126984,30.011568,28.684935,24.40483,25.045225,20.0052,17.637405,16.772736,13.422775,12.713987,13.198756,11.119307,16.401375,16.009167,19.093904,22.021809,24.015856,27.401062,30.263996,33.98691,35.784885,36.8707,33.471607,31.070436,29.228535,24.084135,21.066507,18.307625,15.205441,13.222073,7.286335,7.2918534,3.8559008,0.0,4.655584,6.9882917,9.438436,11.230523,15.501086,16.674955,22.43495,22.541742,27.88879,31.850708,32.774624,37.183723,39.66051,41.758816,38.37073,38.049522,42.895943,43.543495,40.611645,39.649044,35.28001,35.22583,30.928493,28.053617,24.553722,23.007849,19.785969,20.580772,14.892255,12.987737,11.396572,6.8251934,10.811715,9.126806,13.745474,16.877762,15.5167885,19.805191,21.445932,23.064415,26.716105,28.109669,32.356274,32.796528,36.737354,40.18157,36.269665,34.45296,30.011095,30.888239,26.310102,26.3333,23.287169,23.028704,21.656313,19.380465,21.37943,25.825771,25.124058,27.561499,24.751253,29.956076,27.907284,34.01111,30.02479,34.86352,37.456867,35.46447,32.249756,29.5161,26.505795,23.708553,20.14159,17.962626
36,40.78308,37.995884,34.96121,31.568556,29.877295,26.348854,25.854242,21.34033,17.998522,17.789896,13.43288,12.233278,14.777865,12.6554365,18.180197,16.685566,20.26564,22.267838,24.801746,27.71922,30.883755,34.511513,36.061905,37.74837,34.645332,32.359814,30.410328,25.523941,22.12892,20.080206,15.871197,15.935932,8.816697,11.0945425,6.179464,4.655584,0.0,3.7816522,6.2333074,9.308916,12.180314,14.759902,19.729395,20.516771,25.431622,29.809357,30.665813,35.20189,38.13708,39.730682,36.023895,36.17076,40.86318,41.05132,37.925983,36.791214,32.480423,32.36232,28.066515,24.703445,21.922201,19.759579,16.827478,17.244753,11.153327,10.809606,8.95633,5.2834954,10.254345,11.261078,13.996125,16.680695,15.680011,19.067549,21.218138,22.089607,26.093973,27.002031,31.580002,31.750362,35.77117,39.047558,34.928505,33.121304,28.735594,29.395996,25.053677,24.525387,21.763384,21.07074,20.153236,17.42801,20.302776,24.28101,23.785236,26.142847,23.981941,28.735748,27.339205,33.1549,29.383265,34.190582,36.72423,35.080368,31.880861,29.44794,25.974947,23.74183,19.664589,18.384283
