,0,1,2,3,4,5,6,7,8,9,10,11,12,13,14,15,16,17,18,19,20,21,22,23,24,25,26,27,28,29,30,31,32,33,34,35,36,37,38,39,40,41,42,43,44,45,46,47,48,49,50,51,52,53,54,55,56,57,58,59,60,61,62,63,64,65,66,67,68,69,70,71,72,73,74,75,76,77,78,79,80,81,82,83,84,85,86,87,88,89,90,91,92,93,94,95,96,97,98,99,100,101,102,103,104,105,106,107,108,109
0,0.0,4.322876,7.844999,8.399626,12.180269,15.360597,17.233229,21.251316,23.978275,27.29622,30.2448,33.265213,31.56376,29.61553,25.044477,23.495712,19.328428,19.463484,15.697284,15.379834,14.441271,10.173316,15.263575,18.215057,19.701147,19.005335,24.209055,24.951807,26.782627,28.045982,33.28553,34.09631,39.613953,40.15427,44.52292,46.12511,48.542526,46.336544,43.687202,40.373207,41.31464,35.84663,36.506832,33.816032,33.027378,31.525448,31.222286,36.498833,38.651493,39.663654,39.93943,43.877098,45.586746,46.50379,42.62423,44.963078,43.228672,39.148605,40.11001,36.269535,33.16024,34.377796,30.63193,31.861649,26.47143,27.692436,25.109903,27.370361,25.264894,28.227625,26.817514,28.806347,30.63377,30.829126,34.04734,34.95962,38.28986,37.210415,39.441162,40.37403,35.48381,36.51509,31.076817,28.82588,26.439255,24.398808,24.383526,22.071268,22.558495,21.383274,24.916204,22.240318,19.300625,23.372684,26.091146,27.550566,31.919786,33.694588,36.229294,33.51588,33.741867,38.736168,41.5359,40.74856,37.550392,39.748665,33.302338,35.19191,32.289745,33.19001
1,4.322876,0.0,5.4202366,7.680076,10.465383,12.882059,15.782011,18.887,22.506496,25.405842,28.591883,31.374655,29.273254,27.480635,22.887558,22.107122,17.89308,18.84187,15.814637,15.740373,16.035568,12.116121,17.413794,19.386023,20.8087,19.139402,24.285017,25.033167,26.034327,27.858019,32.146976,33.08542,38.566914,39.09557,43.463596,44.955963,47.645515,45.653275,43.338085,40.039204,40.974724,35.85364,36.260403,34.105137,32.83676,32.254105,31.39038,36.800804,39.17715,39.66594,40.376583,43.914825,46.07623,46.69491,42.948883,45.486145,44.155724,40.15091,41.406834,38.07436,34.6081,36.43947,32.559933,34.12497,28.540413,30.224964,28.00298,30.377615,27.760485,30.43291,28.55152,30.401045,31.573,32.05882,34.562088,35.314304,38.516323,37.146755,39.10646,39.708817,34.74768,36.2802,31.004072,28.949686,27.189245,25.377033,25.89996,23.789104,24.98663,24.324862,28.087168,25.798552,22.504072,26.259645,29.344921,30.485933,35.13419,36.651745,39.24993,36.23232,36.024246,41.004375,43.6848,42.567036,39.429764,41.039417,34.667015,36.263866,32.96605,33.754173
2,7.844999,5.4202366,0.0,5.9038706,7.41464,7.96695,12.203697,14.245532,17.932917,20.678692,23.424232,26.520311,24.309341,22.277182,17.75737,16.98445,12.627738,14.207744,11.4644375,12.390752,13.677372,11.182612,16.498875,17.409874,20.040022,17.944963,22.602112,22.381384,22.988968,24.309237,28.28804,28.602367,34.332092,34.358753,38.979404,40.17565,42.81992,41.12438,38.84624,35.556984,36.86877,31.922132,32.63875,30.816385,29.780716,30.07953,29.696524,35.0053,37.018436,36.882694,37.457096,40.64785,42.86096,42.914707,39.019653,41.49066,40.55747,36.41346,38.32731,35.281456,32.011757,34.24328,30.727388,32.851097,27.358294,29.88406,27.774921,29.58323,26.378704,28.117481,26.018717,27.279762,27.917973,28.28071,30.294445,30.717388,33.747612,32.150692,33.982826,34.521698,29.562391,31.480757,26.200354,24.479912,23.006918,22.044514,22.591282,21.193329,22.978922,23.125645,27.055166,25.481876,21.387417,24.364046,27.879416,28.553228,33.547348,34.85775,37.245964,33.738914,33.09326,38.00852,40.581818,39.022366,35.936935,36.926964,30.684072,31.945204,28.384157,29.087988
3,8.399626,7.680076,5.9038706,0.0,4.071386,8.950759,8.861165,13.739952,15.955575,19.399652,22.967272,25.4382,24.169327,22.706749,18.029978,16.327065,12.8192215,12.218737,9.87486,8.488099,9.737782,6.69857,11.479301,12.194638,14.19546,12.225453,17.103422,17.409618,18.619778,20.229279,24.953888,26.053204,31.403336,32.27382,36.422184,38.212025,40.823795,38.487213,36.11479,32.82604,33.503117,28.318018,28.645882,26.433445,25.21976,24.794168,24.237812,29.579744,31.740053,32.08415,32.721893,36.249157,38.409744,39.086693,35.449306,38.105816,36.775486,32.98517,34.08693,31.202213,27.35667,29.703463,25.731419,27.700436,22.051468,24.526949,22.788332,25.089361,21.71089,24.098171,21.67362,23.656773,24.416677,25.488228,27.621536,28.81641,32.224697,31.27187,33.28258,33.75182,28.827127,29.580069,24.590391,22.086403,20.742294,18.17102,19.477257,17.111286,19.16609,19.252146,23.296824,21.988277,18.403305,21.729568,25.498539,25.839462,30.803028,31.462318,34.641216,31.707542,30.505758,35.342705,37.740395,36.655308,33.75703,35.2404,29.000824,31.077366,27.648468,29.258177
4,12.180269,10.465383,7.41464,4.071386,0.0,6.2264276,5.3301954,10.003855,12.589293,15.781184,19.807146,21.855911,20.54888,19.43166,14.72857,13.507293,10.513681,10.170208,9.543923,8.119475,11.086226,9.51048,13.273125,12.385933,14.429726,11.375975,15.64158,15.634806,15.840476,17.955212,21.690577,22.960592,28.210865,29.181076,33.240917,35.02083,37.860374,35.623035,33.57405,30.32932,30.915745,26.127491,26.174452,24.563446,22.897377,23.596746,22.640436,27.973064,30.20512,29.916212,30.94078,34.00571,36.58827,36.95328,33.50858,36.368393,35.462,31.866543,33.21716,31.027927,26.836931,29.883446,25.911175,28.282059,22.66976,25.734509,24.498672,26.733679,22.834473,24.708067,21.768324,23.536873,23.443352,24.97377,26.180693,27.344227,30.63797,29.56859,31.301958,31.38615,26.459553,27.410017,22.79702,20.396177,19.953552,17.506813,19.579802,17.526026,20.395105,21.149448,25.247543,24.54635,20.776583,23.540142,27.626524,27.489044,32.624805,32.829334,36.13114,33.016407,31.180164,35.849537,38.010162,36.64494,33.932846,34.798077,28.810484,30.71991,26.95605,28.713306
5,15.360597,12.882059,7.96695,8.950759,6.2264276,0.0,7.39194,6.3746805,10.869503,12.974378,15.991495,18.732851,16.40842,14.681397,10.0422325,10.092541,6.4742866,9.22247,9.498107,10.771628,14.32112,14.05735,17.97289,16.575735,19.744404,16.5864,19.91135,18.69053,17.869009,19.270042,21.664173,21.70102,27.383759,27.224365,31.838078,32.859905,35.759586,34.337036,32.516567,29.326017,30.710505,26.46104,27.008415,26.175812,24.800991,26.93992,26.453547,31.494162,33.300156,32.04889,32.9785,35.34641,38.06931,37.427895,33.75734,36.439053,36.269108,32.394917,34.902645,32.984837,29.395903,32.69212,29.40037,32.25502,26.966146,30.567125,29.200027,30.69538,26.586227,27.247248,24.397532,25.101929,24.308882,25.280916,25.705507,25.958601,28.73365,26.931845,28.293823,28.221594,23.276857,25.600376,20.950325,19.574,19.600899,19.21777,20.819693,20.145014,23.229345,24.598648,28.620163,28.245012,23.754425,25.637026,29.772226,29.481983,34.791454,35.233883,37.814293,33.9843,32.12872,36.694202,38.822895,36.739887,34.01477,33.86887,28.1466,29.109867,24.980766,26.027243
6,17.233229,15.782011,12.203697,8.861165,5.3301954,7.39194,0.0,7.122755,7.8370786,11.271753,15.827108,17.25628,16.69071,16.13643,11.741598,10.1293745,8.943928,7.2657194,9.289291,7.2927885,11.546494,11.972346,13.915908,11.080971,13.47567,9.881191,12.585479,11.622905,10.962475,13.160711,16.36797,17.798258,22.902609,24.129301,27.993526,29.938839,32.847836,30.475256,28.60185,25.411694,25.799295,21.294912,21.131098,19.994389,18.106913,19.923697,19.068642,24.160658,26.165535,25.246445,26.432508,29.107122,31.94508,32.062164,28.810587,31.847918,31.271221,27.974945,29.452332,28.072432,23.575277,27.351742,23.537941,26.383743,21.074389,24.886885,24.27214,26.211376,21.758705,22.896334,19.41949,20.944828,19.89334,22.081593,22.286219,23.678602,26.94129,26.088974,27.62885,27.370274,22.576445,23.09408,19.096197,16.549261,17.189796,14.544139,17.604538,15.885307,19.6258,21.216381,25.203905,25.422424,21.629921,23.575598,27.962294,27.126436,32.319767,31.80511,35.34481,32.23383,29.520418,33.85636,35.655563,34.132694,31.745804,32.088814,26.535372,28.540445,24.618408,26.902128
7,21.251316,18.887,14.245532,13.739952,10.003855,6.3746805,7.122755,0.0,6.0227413,6.9461026,11.005181,12.704491,10.664412,9.92432,5.443425,6.7545676,6.567898,8.56947,11.845482,12.476767,16.879726,17.849327,20.353548,17.41541,20.413427,16.754465,18.470213,16.552845,14.252423,15.852724,16.277708,16.343885,21.715027,21.700989,26.07638,27.127296,30.315931,28.972006,27.666553,24.63892,25.826975,22.393951,22.55148,22.736172,20.926897,24.68078,23.989355,28.574144,30.20633,28.016575,29.352057,30.927818,34.132412,33.018944,29.745468,32.66198,33.116295,29.725872,32.45363,31.6677,27.75777,31.883282,28.784943,32.059563,27.152508,31.36267,30.696238,32.033535,27.437454,27.401432,24.020334,24.405521,22.369596,24.084162,22.974718,23.301823,25.826988,24.097912,24.97386,24.209038,19.461182,21.736012,18.147335,16.977945,18.617943,18.332928,20.943094,20.673073,24.55026,26.65739,30.545809,31.014803,26.62118,27.779343,32.17803,31.181711,36.499393,36.151257,38.99128,35.191696,32.359955,36.470608,38.132816,35.810562,33.52212,32.56369,27.523396,28.416561,24.048073,25.593163
8,23.978275,22.506496,17.932917,15.955575,12.589293,10.869503,7.8370786,6.0227413,0.0,4.16889,8.39344,9.767394,10.025884,9.79444,6.8024826,4.831502,7.7695436,6.4460917,11.318867,11.256996,15.603599,17.980957,18.906975,14.956876,18.385954,15.323321,15.559611,12.385522,10.133186,10.324322,11.305345,10.87244,16.566175,16.737709,21.101326,22.510485,25.444931,23.619629,22.007057,18.899609,20.009901,16.37851,16.789688,17.004198,15.700269,19.922556,20.159647,24.21493,25.23341,22.789389,23.725584,25.263716,28.264803,27.066322,23.73269,26.6877,27.161036,23.948435,26.70067,26.39986,22.52143,26.972134,24.258724,27.823784,23.47548,28.138685,27.865047,28.747107,23.925161,23.175562,19.591833,19.677639,16.970726,19.207645,17.448303,18.240294,20.96375,19.847816,20.861277,20.082733,15.449996,16.457256,13.349233,11.723401,14.282705,13.799597,17.015085,17.106953,21.38383,24.080471,27.667624,28.930542,24.750246,25.174318,29.657326,28.066343,33.239727,32.24378,35.30094,31.734272,28.183203,31.926613,33.269283,31.01533,29.045088,27.975616,23.332386,24.661854,20.43596,22.83853
9,27.29622,25.405842,20.678692,19.399652,15.781184,12.974378,11.271753,6.9461026,4.16889,0.0,5.8807874,6.0755944,6.0524125,6.876338,5.534147,6.211022,9.930603,10.142487,14.919673,15.35468,19.700468,21.994856,23.073261,19.065512,22.238028,18.94007,18.726757,15.6102085,12.382754,12.76956,10.97738,9.9237995,15.2176285,14.854797,19.236591,20.191532,23.462366,22.232128,21.281599,18.454906,19.754005,17.303606,17.514042,18.828724,17.273062,22.624012,22.564442,26.199602,27.119413,23.886919,25.15429,25.811556,29.183527,27.310045,24.302145,27.256891,28.43897,25.525373,28.719368,29.074133,25.361795,30.063267,27.6369,31.314934,27.222116,31.978014,31.869028,32.64279,27.786942,26.655514,23.08686,22.775305,19.480082,21.671743,18.876114,19.1578,21.265133,19.775293,20.151047,18.73822,14.435527,16.345861,14.27826,13.614741,16.930408,17.298082,20.414867,20.950642,25.243435,28.086094,31.584833,32.979027,28.71894,28.872297,33.317097,31.605156,36.73218,35.645233,38.487934,34.748558,31.017088,34.46934,35.595577,33.00683,31.257746,29.414814,25.365206,26.127726,21.79504,23.878962
10,30.2448,28.591883,23.424232,22.967272,19.807146,15.991495,15.827108,11.005181,8.39344,5.8807874,0.0,5.36013,5.242982,4.1565833,6.4901695,6.8512235,11.102574,12.089845,16.398714,18.108856,21.972075,24.959167,26.023376,22.239412,26.304443,23.597307,23.282137,19.413822,16.917028,15.468182,13.928016,10.12614,15.64497,12.882701,18.213139,17.891676,20.64948,20.506464,19.385078,16.744534,19.455568,17.54386,19.004557,20.502947,20.239395,25.635414,26.739445,29.846708,29.970959,26.403246,26.841034,27.063833,29.854773,26.94277,23.498398,25.829323,27.631308,24.380938,28.776608,29.105297,26.568968,30.931572,29.469234,33.351772,29.82098,34.761757,34.370705,34.32916,29.605642,27.36561,24.325993,22.900602,19.341146,20.51853,17.121668,16.163412,17.442974,15.235028,15.171182,13.703714,9.441538,13.138828,11.402211,12.46549,15.927472,18.539053,20.6007,22.41097,26.386312,29.574215,32.758263,34.46177,29.877583,29.1538,33.380554,31.503878,36.48754,35.596233,37.639744,33.454243,29.773838,32.87623,33.900143,30.702457,29.072239,26.253107,22.870438,22.675232,18.328093,19.86104
11,33.265213,31.374655,26.520311,25.4382,21.855911,18.732851,17.25628,12.704491,9.767394,6.0755944,5.36013,0.0,4.6106176,7.248711,9.561931,10.716138,15.020792,15.293428,20.096628,20.790419,24.910236,27.679403,28.284311,23.985258,27.138693,24.075113,22.89357,19.37145,15.766002,15.2711115,10.891116,8.078448,12.109429,10.452548,14.800128,14.968923,18.47381,18.079277,17.98338,15.740703,17.417082,16.802967,17.103579,19.73563,18.53125,25.014503,25.308964,27.963093,28.265984,24.035807,25.269815,24.673243,28.181717,25.241037,22.69466,25.460413,27.642998,25.286364,29.081745,30.45669,27.251059,32.184494,30.46983,34.336624,30.954802,35.927643,36.11951,36.4498,31.581154,29.614468,26.167503,25.168861,21.046856,23.203085,18.930622,18.678816,19.824118,18.259306,17.714935,15.37661,12.204641,14.501811,14.550183,15.043427,19.304754,20.644634,23.628845,24.87972,29.170328,32.383854,35.550343,37.44522,33.230503,32.688286,37.012325,34.914356,39.80341,38.348305,40.90949,37.117535,32.92515,35.719173,36.380817,33.423527,32.178337,29.291779,26.425245,26.620218,22.487585,24.484592
12,31.56376,29.273254,24.309341,24.169327,20.54888,16.40842,16.69071,10.664412,10.025884,6.0524125,5.242982,4.6106176,0.0,3.8748193,6.7762704,9.818344,13.29965,15.082748,19.451902,20.769556,25.025398,27.29274,28.784979,24.954788,28.278345,24.904373,24.654726,21.505842,18.001734,18.116667,14.639422,12.356084,16.688257,14.800961,19.260733,18.990135,22.403616,22.484694,22.2943,19.974089,21.929232,20.818329,21.256378,23.410582,22.06079,28.068842,28.033997,31.25395,31.92885,28.027632,29.32978,29.075706,32.54786,29.724184,26.931406,29.57225,31.585997,28.794394,32.75344,33.495235,30.343498,35.034023,33.085773,36.87966,33.030834,37.86582,37.681705,38.16786,33.349056,31.680405,28.340708,27.417042,23.792713,25.442625,21.88771,21.193623,22.319174,20.105053,19.60724,17.568295,14.003827,17.640299,16.547943,17.255135,20.79664,22.514965,25.087524,26.298632,30.447084,33.41994,36.827766,38.270016,33.74812,33.53065,37.85822,36.124966,41.205395,40.276764,42.58318,38.47394,34.806164,37.965427,38.946167,35.83865,34.255096,31.429684,28.091717,27.888401,23.52984,24.822435
13,29.61553,27.480635,22.277182,22.706749,19.43166,14.681397,16.13643,9.92432,9.79444,6.876338,4.1565833,7.248711,3.8748193,0.0,4.725208,7.7398295,10.788747,13.354035,17.20236,19.29322,23.318748,25.685974,27.540447,24.123909,28.046946,24.946474,25.27424,21.91076,19.152227,18.630215,16.787935,13.821284,18.983606,16.412176,21.484295,20.922401,23.882885,24.122173,23.327494,20.797583,23.372066,21.545614,22.685247,24.179775,23.441252,28.766968,29.285809,32.76,33.28641,29.780872,30.562218,30.790218,33.804066,30.965912,27.62894,29.978262,31.767569,28.436445,32.77008,32.840054,30.164625,34.44679,32.691917,36.476627,32.557056,37.344273,36.756214,36.97856,32.294224,30.450403,27.424198,26.221016,23.018356,23.98787,21.05868,19.904394,21.048529,18.427546,18.211136,16.759789,12.716832,17.137808,15.023618,16.085419,18.960188,21.502003,23.394896,24.969954,28.846754,31.76738,35.167534,36.453278,31.68449,31.350704,35.572697,34.02264,39.136997,38.62219,40.535694,36.16238,32.900692,36.242165,37.461735,34.20038,32.36965,29.593197,25.961475,25.441765,21.007196,21.851465
14,25.044477,22.887558,17.75737,18.029978,14.72857,10.0422325,11.741598,5.443425,6.8024826,5.534147,6.4901695,9.561931,6.7762704,4.725208,0.0,4.751082,6.750824,9.725484,13.388897,15.276029,19.439722,21.352312,23.575867,20.442965,24.248438,21.031141,22.051252,19.1285,16.745876,16.859417,16.443295,14.637038,20.281717,18.804647,23.753456,23.957464,26.953815,26.406673,25.181686,22.305601,24.390347,21.554785,22.455828,23.189148,22.152985,26.672167,26.875357,30.90629,31.85898,29.0134,29.895119,30.878763,33.876583,31.824102,28.332527,30.901703,31.997215,28.451252,32.17717,31.65725,28.539799,32.670258,30.37176,33.962906,29.581257,34.143795,33.396713,34.005493,29.364597,28.22728,25.104433,24.502926,21.908716,23.046322,21.13727,20.591976,22.492643,20.220558,20.692892,19.77577,15.162954,18.631872,15.377421,15.410082,17.568987,19.14798,21.184542,22.102455,25.95046,28.54394,32.17788,33.08152,28.356215,28.623587,32.93653,31.670433,36.92966,36.605137,38.840965,34.624107,31.647694,35.434135,36.940712,34.063515,31.925032,30.035015,25.572773,25.672487,21.181166,22.2911
15,23.495712,22.107122,16.98445,16.327065,13.507293,10.092541,10.1293745,6.7545676,4.831502,6.211022,6.8512235,10.716138,9.818344,7.7398295,4.751082,0.0,4.6309834,5.638439,9.749528,11.682766,15.611111,18.283709,19.899015,16.677727,21.083645,18.507029,19.412554,15.94705,14.609243,13.553725,15.190684,13.011709,19.200861,17.814688,22.945755,23.495022,26.050097,24.965666,23.028091,19.90669,22.109392,18.393988,19.8561,19.804506,19.508175,23.251247,24.311272,28.29059,28.898006,26.521618,26.792896,28.353148,30.833641,29.077133,25.19393,27.633718,28.266527,24.432873,28.095592,27.151543,24.270382,28.15305,26.038033,29.655027,25.44338,30.079172,29.22838,29.531767,24.915022,23.538277,20.536596,19.815256,17.470299,18.470884,17.139591,16.89397,19.302471,17.468681,18.570068,18.256811,13.329026,15.7700405,11.665839,11.149266,12.914886,14.582507,16.441044,17.553482,21.37887,24.138304,27.657162,28.794302,24.096632,24.099525,28.438787,27.030565,32.266724,31.860533,34.15728,30.045511,26.98697,30.846651,32.42276,29.719227,27.500393,26.059626,21.276455,21.861816,17.444832,19.130045
16,19.328428,17.89308,12.627738,12.8192215,10.513681,6.4742866,8.943928,6.567898,7.7695436,9.930603,11.102574,15.020792,13.29965,10.788747,6.750824,4.6309834,0.0,5.122482,6.963506,9.839558,13.492419,15.386334,18.097816,15.889764,20.396524,17.906271,20.049198,17.284296,16.694202,16.208712,18.95489,17.422663,23.58595,22.420826,27.520124,28.119337,30.60683,29.469517,27.328083,24.136461,26.258558,22.024025,23.464003,22.724335,22.37824,25.028,25.884478,30.357872,31.302868,29.59411,29.81425,31.937672,34.235832,32.930782,28.884964,31.228807,31.373804,27.237982,30.595829,28.801783,25.983284,29.310736,26.880909,30.184011,25.53083,29.742344,28.391808,28.924444,24.595858,23.890644,21.202444,20.880602,19.58743,20.071314,20.075285,19.8323,22.422325,20.491213,21.91459,22.071005,17.104261,19.639292,14.776575,13.972149,14.206786,15.535468,16.691,17.342241,20.661863,22.863594,26.597101,27.056187,22.17717,22.819021,27.053278,26.21798,31.548218,31.77732,33.927967,29.741608,27.472736,31.771097,33.74401,31.23873,28.634867,27.874052,22.450943,23.075907,18.802631,19.951426
17,19.463484,18.84187,14.207744,12.218737,10.170208,9.22247,7.2657194,8.56947,6.4460917,10.142487,12.089845,15.293428,15.082748,13.354035,9.725484,5.638439,5.122482,0.0,4.9958363,6.1181183,10.014016,12.926493,14.283673,11.349947,16.158367,14.184794,15.808748,12.6316595,12.969128,11.796609,16.243069,15.196603,21.239222,20.853876,25.590206,26.8322,29.113588,27.21397,24.695015,21.393644,23.031017,18.15501,19.592436,18.187489,18.145433,20.110983,21.46773,25.835802,26.609955,25.338005,25.282274,27.890833,29.931377,29.181519,25.1316,27.58863,27.22616,23.203833,25.967047,24.131552,20.98142,24.39332,21.80603,25.149605,20.579712,24.968336,23.872833,24.40545,19.880877,19.254946,16.284115,16.340227,15.14695,16.239672,16.631847,17.312616,20.49415,19.435791,21.26733,21.5925,16.712765,17.518433,12.646281,10.589757,10.704329,10.594465,12.465274,12.647445,16.384285,18.844545,22.542467,23.436562,18.8838,19.449848,23.883902,22.688572,27.994078,27.686617,30.42205,26.693281,23.920855,28.19689,30.060743,27.994638,25.505785,25.374817,19.811409,21.420412,17.413797,19.647514
18,15.697284,15.814637,11.4644375,9.87486,9.543923,9.498107,9.289291,11.845482,11.318867,14.919673,16.398714,20.096628,19.451902,17.20236,13.388897,9.749528,6.963506,4.9958363,0.0,4.6873035,6.866901,9.536949,11.909215,10.765174,15.976564,14.860514,17.651434,15.153014,16.68018,15.45437,20.950743,19.935825,25.95953,25.42257,30.237808,31.39261,33.39614,31.508606,28.633528,25.324308,27.109661,21.786055,23.526579,21.328047,21.734324,22.20175,23.872677,28.438482,29.241823,28.779934,28.307005,31.509836,33.034863,32.66463,28.352848,30.480288,29.557926,25.16721,27.699286,24.741806,22.163687,24.568079,21.998451,24.89877,20.15686,23.951714,22.100813,22.535404,18.54945,18.447723,16.250658,16.512783,16.810698,16.911451,18.974957,19.507845,22.763458,21.705357,23.92154,24.856405,20.044035,20.883984,15.389428,13.408783,11.546544,11.5276375,11.772518,11.673789,14.342396,16.135118,19.939714,20.133778,15.274675,16.386736,20.630041,20.08725,25.422113,25.914577,28.323368,24.538433,22.774956,27.46851,29.782862,27.978313,25.082874,25.812588,19.673792,21.374304,17.797356,19.5359
19,15.379834,15.740373,12.390752,8.488099,8.119475,10.771628,7.2927885,12.476767,11.256996,15.35468,18.108856,20.790419,20.769556,19.29322,15.276029,11.682766,9.839558,6.1181183,4.6873035,0.0,4.5275254,7.1084557,8.349385,6.437111,11.33375,10.280584,13.271045,11.410459,13.598477,13.114449,19.29254,19.51914,25.015196,25.59614,29.802212,31.624441,33.769753,31.226372,28.42397,25.12392,26.038301,20.50072,21.539183,18.947805,18.83924,18.534945,19.7443,24.525536,25.705399,25.770567,25.59879,29.184704,30.855469,31.255182,27.327494,29.792707,28.439245,24.521526,25.976967,23.237278,19.692392,22.355555,18.981716,21.694517,16.526384,20.267387,18.832863,20.040018,15.8208065,16.819147,14.047455,15.514837,15.949702,17.16337,19.249846,20.746782,24.345442,23.918009,26.152493,26.830812,22.12122,21.851887,16.943794,14.008801,12.610463,9.805213,11.490433,9.614455,12.783162,14.333057,18.33552,18.579046,14.467293,16.319838,20.681799,19.98523,25.19602,25.074944,28.399914,25.34807,23.150505,27.769018,29.911224,28.699274,26.0168,27.32698,21.288427,23.803762,20.46353,22.922161
20,14.441271,16.035568,13.677372,9.737782,11.086226,14.32112,11.546494,16.879726,15.603599,19.700468,21.972075,24.910236,25.025398,23.318748,19.439722,15.611111,13.492419,10.014016,6.866901,4.5275254,0.0,4.920468,5.2346663,6.009659,11.033055,11.7272625,14.947686,13.520084,16.84895,15.755355,22.852346,22.944708,28.28756,28.81924,32.95307,34.81741,36.60216,33.89846,30.715202,27.466421,28.40274,22.507696,23.879944,20.52142,21.109018,19.226303,21.146015,25.707815,26.642994,27.547838,26.784067,30.929155,31.940659,32.787514,28.702288,30.824854,28.853594,24.783602,25.77487,22.066067,19.136618,20.693434,17.45106,19.640844,14.586279,17.688532,15.551207,16.553677,12.909329,14.544924,12.652648,14.472454,16.333752,16.86373,20.330002,21.958887,25.650867,25.553728,28.122595,29.278582,24.771896,24.01532,18.928766,15.919962,13.22775,10.131507,10.339395,7.774826,9.529498,10.3180685,14.387093,14.194735,10.101414,12.607835,16.767025,16.496283,21.568172,21.869963,25.187555,22.471485,20.969114,25.775091,28.190685,27.463434,24.5981,26.875183,20.626678,23.548855,20.857393,23.286633
21,10.173316,12.116121,11.182612,6.69857,9.51048,14.05735,11.972346,17.849327,17.980957,21.994856,24.959167,27.679403,27.29274,25.685974,21.352312,18.283709,15.386334,12.926493,9.536949,7.1084557,4.920468,0.0,5.4924145,8.277513,11.034669,11.39825,15.903465,15.916473,18.881456,19.128723,25.64834,26.462313,31.69553,32.618084,36.63672,38.638832,40.714874,37.967747,35.01978,31.756863,32.383152,26.617384,27.427956,24.20502,24.013803,21.860449,22.616562,27.575907,29.18122,30.414734,30.184963,34.40274,35.720688,36.91629,33.081116,35.39349,33.347565,29.481544,30.01332,26.323135,22.989985,24.40006,20.601496,22.183485,16.75377,18.85612,16.593521,18.635132,15.672107,18.543009,16.75977,19.120523,21.041616,21.766375,25.126907,26.752827,30.41254,30.115368,32.57558,33.570263,28.896904,28.522635,23.437391,20.48184,18.062397,14.7039385,15.195953,12.17002,13.228917,12.740524,16.72255,15.321776,12.033705,15.792486,19.395813,19.840462,24.57539,25.255167,28.64674,26.238201,25.313288,30.16076,32.668236,32.15932,29.23807,31.70303,25.397432,28.172697,25.43213,27.50313
22,15.263575,17.413794,16.498875,11.479301,13.273125,17.97289,13.915908,20.353548,18.906975,23.073261,26.023376,28.284311,28.784979,27.540447,23.575867,19.899015,18.097816,14.283673,11.909215,8.349385,5.2346663,5.4924145,0.0,5.0147653,7.505449,9.896225,13.241673,13.27544,17.384403,16.973677,24.379461,25.48247,30.139822,31.575773,35.08457,37.48279,39.265846,36.01396,32.863457,29.735435,29.877033,23.934132,24.670193,20.818914,21.089067,17.589756,19.102707,23.620674,24.90432,26.824162,26.182007,30.835106,31.6993,33.505234,29.868914,32.11678,29.5454,26.047153,25.676813,21.911953,18.358795,19.468224,15.396155,16.742922,11.309021,13.466637,11.440296,13.7189,10.546565,14.224428,12.425929,15.610751,18.021244,19.232782,22.92746,25.251104,29.094297,29.519903,32.1268,33.189632,28.860527,27.271143,22.731869,19.259253,16.813807,11.933365,12.801265,8.639308,9.4642315,8.889117,12.773472,12.169099,9.952283,13.512563,17.13313,17.020721,21.46375,21.313456,25.491163,23.840912,22.360771,26.930014,29.209217,29.285706,26.651863,29.698439,23.715225,27.236486,24.96096,27.759684
23,18.215057,19.386023,17.409874,12.194638,12.385933,16.575735,11.080971,17.41541,14.956876,19.065512,22.239412,23.985258,24.954788,24.123909,20.442965,16.677727,15.889764,11.349947,10.765174,6.437111,6.009659,8.277513,5.0147653,0.0,5.871875,7.185429,9.307389,8.380129,12.544095,12.011274,19.408043,20.718971,25.189302,26.903688,30.216948,32.766685,34.67622,31.311592,28.354563,25.233835,25.143112,19.331053,19.814663,16.234217,16.235926,13.659903,15.221786,19.814947,21.037455,22.318523,21.940928,26.300648,27.574612,29.146685,25.662182,28.215902,26.016115,22.746548,22.566805,19.790478,15.4152155,17.868004,13.629062,15.922959,10.427497,14.127837,13.310316,15.240211,10.883087,13.376371,10.280942,13.421214,14.600355,16.786043,19.380781,21.992014,25.864883,26.405209,28.799873,29.495354,25.236546,23.331474,19.286318,15.553542,14.1762705,8.408194,11.08822,7.0076556,10.067565,11.236272,14.963904,15.666089,13.098881,15.28721,19.412031,18.39613,23.081213,22.06582,26.468271,24.56188,21.937428,26.23946,28.129179,27.859694,25.522654,27.814108,22.141333,25.670656,23.020533,26.258253
24,19.701147,20.8087,20.040022,14.19546,14.429726,19.744404,13.47567,20.413427,18.385954,22.238028,26.304443,27.138693,28.278345,28.046946,24.248438,21.083645,20.396524,16.158367,15.976564,11.33375,11.033055,11.034669,7.505449,5.871875,0.0,4.6288795,6.785725,9.141212,13.094376,14.40121,20.882462,23.631552,27.13908,29.977364,32.484,35.598793,37.7271,33.893074,31.313366,28.393887,27.300138,21.923643,21.234602,17.743137,16.570839,12.787364,12.418896,17.277328,19.489973,21.69976,22.113655,26.6641,28.24482,30.792719,28.101175,30.958208,28.46961,26.059416,24.52828,22.377571,17.080822,19.543808,14.381953,15.6771,10.027082,12.446402,12.763787,16.2802,12.674027,16.702633,13.652484,17.638937,18.693544,21.596245,23.780582,26.850157,30.720524,31.521706,33.76314,34.137928,30.00409,27.691128,24.308105,20.412138,19.650444,13.230905,16.39022,11.896502,14.141463,14.292615,17.47938,17.765738,16.718409,19.578861,23.206408,22.372427,26.446371,24.98947,30.04383,28.958511,26.306814,30.278013,31.922077,32.22581,30.169638,32.76743,27.411554,31.188803,28.651316,32.0427
25,19.005335,19.139402,17.944963,12.225453,11.375975,16.5864,9.881191,16.754465,15.323321,18.94007,23.597307,24.075113,24.904373,24.946474,21.031141,18.507029,17.906271,14.184794,14.860514,10.280584,11.7272625,11.39825,9.896225,7.185429,4.6288795,0.0,5.3222075,8.083568,10.38381,13.196221,18.392916,21.557503,25.187498,28.110773,30.707447,33.743294,36.293064,32.70447,30.551989,27.573326,26.50633,21.53729,20.434698,17.875944,15.684389,14.055398,12.300908,17.701828,20.392519,21.527094,22.750946,26.624136,28.99072,30.982939,28.401047,31.562305,29.72979,27.299059,26.46121,24.979397,19.441738,22.7578,17.78989,19.636768,14.105824,16.987963,17.31391,20.554125,16.568768,19.744406,16.219353,19.620775,19.68091,22.81746,24.051844,26.831858,30.574785,30.949871,32.89493,32.87533,28.550621,26.9027,23.58468,19.897633,19.931406,14.108249,17.84385,13.9747095,17.060574,17.724697,21.262072,21.492325,19.604248,22.339008,26.31166,25.430948,29.905182,28.579863,33.35068,31.690027,28.819416,32.87948,34.478592,34.24195,32.156784,33.982456,28.589224,31.916023,28.846233,32.044415
26,24.209055,24.285017,22.602112,17.103422,15.64158,19.91135,12.585479,18.470213,15.559611,18.726757,23.282137,22.89357,24.654726,25.27424,22.051252,19.412554,20.049198,15.808748,17.651434,13.271045,14.947686,15.903465,13.241673,9.307389,6.785725,5.3222075,0.0,4.984718,7.399541,10.334343,15.145569,19.000092,21.60176,25.296276,27.119318,30.586994,33.03424,29.023062,27.066994,24.342377,22.52304,17.9695,16.150331,13.747055,10.990862,9.498458,7.1364417,12.535402,15.271393,16.31711,17.875479,21.651379,24.221458,26.547884,24.519403,27.88499,26.104313,24.412115,22.983547,22.61309,16.479715,20.573742,15.678829,17.80758,13.104431,16.559797,17.953337,20.832722,16.609806,19.111536,15.186883,18.563204,17.791195,21.768093,22.097403,25.364464,29.008766,29.879717,31.643581,31.34861,27.494665,24.928797,22.670593,18.845512,19.791073,13.52132,18.077507,14.523014,18.020893,19.328457,22.369734,23.527756,21.990213,23.880627,27.850872,26.334644,30.544016,28.35987,33.45269,32.107037,28.429329,31.930681,33.045647,32.937416,31.327751,32.879253,28.168736,31.71152,28.802176,32.482063
27,24.951807,25.033167,22.381384,17.409618,15.634806,18.69053,11.622905,16.552845,12.385522,15.6102085,19.413822,19.37145,21.505842,21.91076,19.1285,15.94705,17.284296,12.6316595,15.153014,11.410459,13.520084,15.916473,13.27544,8.380129,9.141212,8.083568,4.984718,0.0,5.147247,5.5623636,12.002119,14.792977,18.004225,21.04627,23.348928,26.539799,28.772831,24.930061,22.655462,19.778643,18.520628,13.514569,12.502807,9.919604,8.206345,8.328518,8.931764,13.371999,14.764698,14.754279,15.489686,19.11243,21.473267,22.990112,20.38854,23.66959,22.194513,20.083305,19.601257,19.339088,13.570012,18.191774,14.080353,17.127024,12.848135,17.36369,18.369175,20.118645,15.387867,16.376947,12.180391,14.740499,13.232829,17.31978,17.198153,20.410933,24.031294,24.940895,26.71828,26.5087,22.73964,19.986118,17.791517,13.9576235,15.302941,9.420434,14.352039,11.717789,15.843982,18.050436,21.073198,22.861998,20.627071,21.598482,25.780516,23.854988,28.278906,26.016417,30.722883,28.927273,24.857988,28.270777,29.30801,28.767708,27.208992,28.271759,23.733393,27.130093,24.173702,27.977583
28,26.782627,26.034327,22.988968,18.619778,15.840476,17.869009,10.962475,14.252423,10.133186,12.382754,16.917028,15.766002,18.001734,19.152227,16.745876,14.609243,16.694202,12.969128,16.68018,13.598477,16.84895,18.881456,17.384403,12.544095,13.094376,10.38381,7.399541,5.147247,0.0,5.823265,8.049619,12.097663,14.953075,18.480097,20.555899,23.787516,26.598988,23.00921,21.535955,18.775742,17.295261,13.5144005,11.5392275,11.140158,7.6099253,11.52131,10.215484,14.361358,16.159027,14.484845,16.47387,18.743143,22.182152,22.939922,20.830029,24.446281,23.936626,22.173948,22.367786,23.11603,17.476921,22.578457,18.840693,21.979973,17.940811,22.357962,23.45998,25.247326,20.477358,20.990948,16.7667,18.581526,15.976863,20.136316,18.544312,21.309643,24.534958,25.017536,26.253662,25.373983,21.646814,19.585379,18.088978,14.848927,17.459272,13.010434,17.949308,16.10261,20.466694,22.832573,26.004456,27.69482,25.048546,25.935371,30.262327,28.308834,32.90311,30.687868,35.12838,32.943752,28.677444,31.946228,32.801632,31.76188,30.342487,30.45584,26.250801,29.049767,25.637856,29.208624
29,28.045982,27.858019,24.309237,20.229279,17.955212,19.270042,13.160711,15.852724,10.324322,12.76956,15.468182,15.2711115,18.116667,18.630215,16.859417,13.553725,16.208712,11.796609,15.45437,13.114449,15.755355,19.128723,16.973677,12.011274,14.40121,13.196221,10.334343,5.5623636,5.823265,0.0,8.266333,9.595292,13.237443,15.653824,18.314844,21.237322,23.354761,19.723482,17.368086,14.381301,13.674453,8.652903,8.477477,6.983976,6.514069,10.176995,12.23899,15.235108,15.368173,13.565818,13.771539,16.393421,18.86549,19.064768,16.071539,19.3993,18.801815,16.541702,17.48947,18.123032,13.205031,18.388063,15.666411,19.359856,16.118633,21.098495,21.943096,22.60397,17.740017,16.801727,12.716647,13.580897,10.333851,14.622322,12.809171,15.850751,19.2069,20.137806,21.651363,21.20962,17.73679,14.686488,13.298322,9.793318,12.646312,8.739823,13.595401,12.830966,17.239054,20.274826,23.050581,25.430916,22.599676,22.451443,26.697857,24.309347,28.785692,26.369526,30.479029,28.171764,23.539032,26.547682,27.27718,26.062199,24.778,24.747469,20.845825,23.7851,20.679653,24.600683
30,33.28553,32.146976,28.28804,24.953888,21.690577,21.664173,16.36797,16.277708,11.305345,10.97738,13.928016,10.891116,14.639422,16.787935,16.443295,15.190684,18.95489,16.243069,20.950743,19.29254,22.852346,25.64834,24.379461,19.408043,20.882462,18.392916,15.145569,12.002119,8.049619,8.266333,0.0,6.0267262,7.2237077,11.335739,12.820686,16.096956,19.256184,15.953866,15.49337,13.2064,11.628154,10.446357,8.095797,11.144463,8.281779,15.577712,15.323884,17.271303,17.738014,13.515228,15.666539,15.535201,19.70794,18.642885,17.112862,20.824322,21.903212,20.81994,22.276379,24.64937,19.96941,25.517305,23.145428,26.717432,23.826849,28.60954,29.856615,30.748106,25.926907,24.798174,20.815891,21.125078,16.929672,20.994255,17.02419,19.170862,21.440655,21.864292,22.217884,20.436537,17.694923,15.610844,16.370312,14.460825,18.78963,16.698051,21.203693,20.983788,25.437033,28.487053,31.31406,33.63508,30.61245,30.421232,34.709103,32.256874,36.72151,34.173027,38.03384,35.483982,30.582018,33.084526,33.363194,31.627813,30.789938,29.367746,26.47866,28.478722,25.025,28.515074
31,34.09631,33.08542,28.602367,26.053204,22.960592,21.70102,17.798258,16.343885,10.87244,9.9237995,10.12614,8.078448,12.356084,13.821284,14.637038,13.011709,17.422663,15.196603,19.935825,19.51914,22.944708,26.462313,25.48247,20.718971,23.631552,21.557503,19.000092,14.792977,12.097663,9.595292,6.0267262,0.0,6.3325076,6.607244,10.45141,12.414925,15.208338,12.816012,11.7221155,9.0400715,9.897057,8.8305,9.307824,12.147419,11.853749,18.42534,19.891483,21.638641,21.111986,16.852367,17.427406,17.023586,20.206945,17.60019,14.98955,18.113722,19.961235,18.14034,21.343819,23.451628,20.1425,25.312567,23.989607,27.891844,25.371595,30.442045,31.155226,31.161892,26.372217,24.012833,20.515247,19.533396,14.855013,17.99026,13.091415,14.275896,16.03801,16.145466,16.263151,14.41406,11.827244,10.058307,11.517656,10.819258,15.720292,15.915434,19.453327,20.596794,24.878859,28.34438,30.996895,33.573067,30.04006,29.034958,33.219967,30.614363,35.078403,32.803654,35.86609,32.78009,27.875845,30.16663,30.4134,27.99914,27.207747,24.864714,22.459383,23.760729,20.27145,23.549343
32,39.613953,38.566914,34.332092,31.403336,28.210865,27.383759,22.902609,21.715027,16.566175,15.2176285,15.64497,12.109429,16.688257,18.983606,20.281717,19.200861,23.58595,21.239222,25.95953,25.015196,28.28756,31.69553,30.139822,25.189302,27.13908,25.187498,21.60176,18.004225,14.953075,13.237443,7.2237077,6.3325076,0.0,6.2323008,5.6476135,9.4460125,12.447254,9.054937,9.826613,8.722131,6.994916,9.784758,8.34809,13.033447,12.177039,19.453064,20.424906,20.724028,19.803665,14.471223,15.752081,13.451039,17.404799,14.428855,13.703169,17.055244,19.578424,19.42545,21.723442,25.374767,21.937109,27.332973,26.264149,29.9512,28.20042,33.085545,34.46637,34.558178,29.93338,27.59975,24.119528,23.348444,18.453823,22.072554,16.588333,18.163588,19.27635,20.077526,19.648935,17.264112,16.281685,13.486118,16.779352,16.159225,21.041903,20.525267,24.330841,25.177437,29.358889,32.798134,35.118736,38.008865,34.993423,33.88122,37.906353,35.040035,39.09673,36.18806,39.53039,36.97296,31.634876,33.20958,32.869778,30.76877,30.62129,28.088314,26.756584,28.19058,25.220156,28.664541
33,40.15427,39.09557,34.358753,32.27382,29.181076,27.224365,24.129301,21.700989,16.737709,14.854797,12.882701,10.452548,14.800961,16.412176,18.804647,17.814688,22.420826,20.853876,25.42257,25.59614,28.81924,32.618084,31.575773,26.903688,29.977364,28.110773,25.296276,21.04627,18.480097,15.653824,11.335739,6.607244,6.2323008,0.0,5.782566,6.0302143,8.7877865,7.7343903,7.9926643,6.85056,9.026579,11.36844,12.445818,16.142958,16.703192,23.333967,25.249588,25.965206,24.66023,19.7184,19.8177,17.813541,20.581738,16.263983,14.312851,16.671062,19.982676,18.918324,22.978516,26.01154,23.852568,28.744259,28.432096,32.346943,30.639206,35.716354,36.513275,35.955482,31.376724,28.163694,25.159775,23.34756,18.367294,20.776745,14.759146,14.880428,15.030936,15.194371,14.151617,11.357143,11.167688,9.504383,13.673347,14.581035,19.50454,21.079933,23.8799,25.819733,29.78977,33.469315,35.729748,38.66202,35.11749,33.422077,37.32764,34.465176,38.554714,36.103886,38.575626,35.414577,30.300592,31.742302,31.462662,28.602509,28.43074,24.85629,24.058744,24.518768,21.535122,24.442759
34,44.52292,43.463596,38.979404,36.422184,33.240917,31.838078,27.993526,26.07638,21.101326,19.236591,18.213139,14.800128,19.260733,21.484295,23.753456,22.945755,27.520124,25.590206,30.237808,29.802212,32.95307,36.63672,35.08457,30.216948,32.484,30.707447,27.119318,23.348928,20.555899,18.314844,12.820686,10.45141,5.6476135,5.782566,0.0,4.6285663,7.36963,4.8189816,7.881096,8.644271,8.01162,12.937219,12.561306,17.14872,17.232346,24.101236,25.580217,25.206432,23.644415,18.13729,18.745697,15.274301,18.490538,14.002442,14.012313,16.48386,20.154406,20.58913,23.563377,27.777771,25.366417,30.41789,30.178501,33.86915,32.717743,37.60997,38.969063,38.5738,34.118904,31.097612,28.029728,26.584951,21.544569,24.525118,18.418499,19.215408,19.20603,20.068933,18.9046,16.087402,16.756393,14.130525,18.827148,19.217588,24.105516,24.693874,27.906614,29.406137,33.356762,36.97269,39.00709,42.158123,39.082485,37.42851,41.241306,38.194088,41.966618,38.969578,41.802387,39.17709,33.73117,34.654724,33.917244,31.492647,31.81648,28.40466,28.27114,29.084143,26.524622,29.670614
35,46.12511,44.955963,40.17565,38.212025,35.02083,32.859905,29.938839,27.127296,22.510485,20.191532,17.891676,14.968923,18.990135,20.922401,23.957464,23.495022,28.119337,26.8322,31.39261,31.624441,34.81741,38.638832,37.48279,32.766685,35.598793,33.743294,30.586994,26.539799,23.787516,21.237322,16.096956,12.414925,9.4460125,6.0302143,4.6285663,0.0,4.252184,5.8511276,8.900787,9.999917,11.399604,15.81409,16.431574,20.628105,21.166868,27.897476,29.678116,29.586954,27.937696,22.56918,22.746162,19.435532,22.045715,16.884031,16.335968,18.021906,22.200773,22.175396,26.1292,29.985735,28.29119,33.052536,33.19998,37.008503,35.824512,40.82319,41.8569,41.137066,36.700645,33.22951,30.425299,28.427563,23.407879,25.623426,19.339882,19.122692,18.271135,18.587143,16.776703,13.573625,15.256076,13.849326,18.88108,20.211021,25.006588,26.776127,29.41896,31.505281,35.343105,39.071556,41.100224,44.234493,40.822205,38.863464,42.595303,39.582676,43.365585,40.678204,42.92858,39.916946,34.670547,35.46021,34.730385,31.804007,32.157673,27.982702,28.342424,28.382767,25.883427,28.485783
36,48.542526,47.645515,42.81992,40.823795,37.860374,35.759586,32.847836,30.315931,25.444931,23.462366,20.64948,18.47381,22.403616,23.882885,26.953815,26.050097,30.60683,29.113588,33.39614,33.769753,36.60216,40.714874,39.265846,34.67622,37.7271,36.293064,33.03424,28.772831,26.598988,23.354761,19.256184,15.208338,12.447254,8.7877865,7.36963,4.252184,0.0,5.222776,7.948439,10.102396,12.0693445,16.733215,18.048164,21.82706,23.222933,29.346094,31.839947,31.328485,29.111572,23.984379,23.370935,19.947021,21.605736,15.852347,15.395601,16.193373,20.807455,21.122896,25.375174,29.429293,28.589563,32.92361,33.757572,37.49889,36.89553,41.828804,42.839737,41.665333,37.478264,33.507492,31.12212,28.702225,23.795805,25.555761,19.236921,18.757442,17.25985,18.058308,16.114927,13.279724,16.092522,14.001525,19.63693,21.280342,25.761137,27.995132,30.152657,32.61905,36.13584,39.940987,41.610203,44.99569,41.728764,39.315853,42.765743,39.602432,43.012104,40.20598,42.097393,39.22727,33.936558,34.154896,33.112312,30.130323,30.883047,26.368267,27.67665,27.528568,25.63072,28.204159
