,0,1,2,3,4,5,6,7,8,9,10,11,12,13,14,15,16,17,18,19,20,21,22,23,24,25,26,27,28,29,30,31,32,33,34,35,36,37,38,39,40,41,42,43,44,45,46,47,48,49,50,51,52,53,54,55,56,57,58,59,60,61,62,63,64,65,66,67,68,69,70,71,72,73,74,75,76,77,78,79,80,81,82,83,84,85,86,87,88,89,90,91,92,93,94,95,96,97,98,99,100,101,102,103,104,105,106,107,108,109,110,111
0,0.0,4.159408,5.5882406,9.027323,12.0987,13.301506,16.745676,20.775982,22.438519,26.57551,28.76947,31.138536,33.208817,31.673164,32.356125,26.783094,25.84377,22.265741,23.18115,18.798206,17.000391,18.698997,15.567673,13.872544,16.02945,17.364435,20.456762,20.229164,23.188026,20.802502,28.386156,24.22968,30.91784,28.455881,27.118908,23.810158,23.861065,25.431505,21.482874,18.980495,20.65613,20.256897,16.769745,14.75696,17.975973,16.073608,11.551527,12.071692,14.622268,17.508944,19.69268,14.528568,20.040861,22.773632,22.187859,22.956682,22.177448,25.5469,27.61701,26.708715,27.291422,32.092957,35.40566,36.50144,33.895336,34.24826,39.407406,40.151997,35.570072,37.048378,41.52074,40.762146,36.62384,40.615543,35.96933,40.02241,39.35071,34.988785,38.648552,33.096497,33.65495,33.05349,29.066965,26.597456,22.796038,24.2454,18.494411,18.010637,17.16022,16.5014,20.634695,21.028181,24.748095,22.744946,26.207064,23.542625,26.83566,24.707785,29.60825,30.026169,29.589308,33.848854,28.881601,32.286083,33.64433,30.323349,28.471556,24.711607,22.641546,18.110518,16.534943,13.123216
1,4.159408,0.0,4.7243123,7.345915,9.657198,11.830387,14.449964,19.011833,20.662529,24.66089,27.100372,29.100409,31.525661,29.805006,31.157642,25.573994,24.846125,21.678577,22.447351,19.010593,17.312943,19.599232,16.426147,15.690625,18.302656,19.761843,22.052565,22.066662,24.45786,22.371883,29.372124,25.255959,31.783237,29.340904,27.391523,23.68814,23.81701,26.229673,22.3594,19.350107,21.543621,22.105764,18.222746,16.042467,19.98313,18.797348,13.875933,14.511476,17.86127,20.22851,22.551693,18.089058,23.644432,26.039183,25.590904,26.153078,24.858454,28.281702,30.817957,29.622885,29.67212,34.80545,37.942036,39.171715,36.15896,36.20196,41.421062,41.79849,37.15183,38.964447,43.10568,41.949528,37.91465,41.613388,36.903263,40.584408,39.71028,35.210033,38.455914,32.910366,33.270725,32.25749,28.638948,26.344913,22.828012,24.251148,19.051329,18.518265,18.638744,18.392946,22.637596,23.486128,26.927301,24.182083,27.236296,24.343197,27.143883,24.838972,29.671837,29.503267,29.243788,32.755795,27.933138,31.052902,32.099365,28.896975,27.356905,23.528696,21.66403,17.59591,15.665982,13.180783
2,5.5882406,4.7243123,0.0,4.419604,6.929167,9.268871,11.542774,16.097298,17.210821,21.512344,23.546858,25.747,27.809996,26.142893,26.968168,21.395271,20.548439,17.159697,18.217028,14.406112,13.185338,15.685228,13.433731,11.818896,14.466964,15.773111,17.540674,17.784992,20.049137,18.392258,25.490973,21.938738,28.290363,26.501257,24.840307,20.911156,21.792303,23.964994,19.581764,16.844107,19.899084,19.57563,15.335332,14.388219,18.530935,16.230589,11.17019,13.823276,16.93785,19.543621,20.752052,16.228815,22.278019,24.321129,23.23348,23.10575,21.619656,24.733265,27.840273,27.053026,26.341236,31.507654,34.404926,35.98588,32.982502,32.64041,37.68907,37.942535,33.128304,34.798344,38.893642,37.709717,33.51144,37.057842,32.302994,35.969734,35.21824,30.772552,34.24646,28.765306,29.441067,28.821577,25.108215,22.42841,18.991354,19.891254,14.76666,13.808174,14.120979,14.143125,18.445488,19.713783,22.969376,20.100199,23.054491,19.762676,22.594423,20.152336,24.997072,24.987858,24.710363,28.593506,23.758915,27.209457,28.557093,25.524883,23.636667,20.369743,17.730585,13.808908,11.474557,8.900729
3,9.027323,7.345915,4.419604,0.0,3.6771083,4.9546404,7.824494,11.90577,13.581398,17.60598,19.981487,22.30136,24.610332,23.263731,24.836664,19.01603,19.038801,15.5998125,17.867065,14.507441,14.649824,17.638494,16.459448,14.17637,16.551958,17.174372,17.747082,17.451262,18.804491,17.070904,23.128569,19.432375,25.558437,23.66602,21.478168,17.302956,18.272165,21.099594,16.90122,13.760913,17.353489,18.001093,13.549869,12.599836,17.329473,16.121534,11.091886,13.739805,17.58876,19.391012,20.499731,17.48012,23.22352,24.565395,23.876377,23.723896,21.358372,24.702261,28.195759,26.699373,25.429993,30.985495,33.677895,35.235554,31.669876,31.084654,36.242046,36.10605,31.417604,33.69952,37.314827,35.710938,31.91984,35.40118,30.764034,34.116558,32.941906,28.350666,31.284271,25.743216,26.025549,25.00453,21.487646,19.177547,15.889072,17.351202,12.711302,12.996795,14.316994,15.463277,19.788824,21.684639,24.69496,21.765997,24.345585,20.103672,22.586782,19.261795,23.81725,23.447659,22.599625,25.821747,20.855524,23.8018,24.886068,21.623058,20.020733,16.31663,14.374885,10.417323,8.652511,6.828
4,12.0987,9.657198,6.929167,3.6771083,0.0,5.3993196,4.847211,10.157723,11.145018,15.201793,17.568884,19.444838,21.9673,20.342123,22.383121,16.682873,16.839508,14.019016,16.03839,13.955016,14.360829,17.728962,16.885635,15.484245,18.06935,18.838495,18.577343,18.789436,19.526455,18.512032,23.809902,20.703829,26.303751,24.895723,22.38058,17.85676,19.321573,22.673885,18.515326,15.311298,19.506548,20.415392,15.860475,15.419994,20.286104,19.062035,14.19495,17.231318,21.099731,22.772274,23.596611,20.779013,26.584396,27.723389,26.829382,26.268414,23.713867,26.76456,30.692242,29.342297,27.443579,33.053734,35.45241,37.271458,33.540333,32.53212,37.51795,37.0296,32.26358,34.629578,37.90294,35.974144,32.20162,35.206036,30.54529,33.447094,32.211773,27.607336,30.212925,24.842558,25.141756,23.934275,20.913647,18.599504,15.932988,16.798573,13.318814,13.052022,15.360149,16.724514,20.806286,23.049826,25.629362,22.076668,24.114183,19.80027,21.632788,18.298193,22.621284,21.645763,21.142366,23.624382,18.958351,21.764875,22.653292,19.770147,18.351215,15.17472,12.897253,10.222764,7.600478,7.8969584
5,13.301506,11.830387,9.268871,4.9546404,5.3993196,0.0,6.035629,7.6796083,10.51005,13.883421,16.62051,19.310392,21.727818,21.028843,23.268082,17.326199,18.481699,14.968208,18.738682,15.683203,17.236315,20.355171,20.245348,17.107689,18.969566,18.787313,18.212934,17.140947,17.413221,15.522252,20.058977,16.21475,21.94271,19.924744,17.21352,12.8480425,13.963876,17.423504,13.573534,10.122769,14.3211155,15.98475,11.64489,10.979458,15.938304,15.962123,11.612404,14.103469,18.282467,19.144604,19.916935,18.706806,23.844364,24.33968,24.082586,23.92341,20.678364,24.175282,27.941723,25.68453,23.842573,29.684687,32.115635,33.58503,29.457432,28.648466,33.866814,33.338943,28.902515,31.8622,34.916264,32.91368,29.691492,33.1737,28.791822,31.835253,30.169437,25.494562,27.800386,22.224308,21.984676,20.551018,17.163185,15.425961,12.305525,14.719617,10.861399,13.017865,15.042055,17.245451,21.359144,23.74708,26.499033,23.847338,26.097528,20.971277,23.157593,18.922808,22.936789,22.390804,20.65206,23.220177,18.09926,20.324747,21.151848,17.464893,16.18676,11.755202,11.133479,6.9957747,7.135506,6.466977
6,16.745676,14.449964,11.542774,7.824494,4.847211,6.035629,0.0,6.0548058,6.533015,10.409258,12.891934,14.727214,17.426882,16.052544,18.857128,13.163732,14.356343,12.005537,15.101882,14.135012,15.866645,19.390055,19.701452,17.994127,20.245275,20.525425,18.947052,19.054684,18.6563,18.232292,21.94636,19.50954,24.238293,23.384638,20.537077,15.785467,17.918236,21.719,17.812151,14.750965,19.602648,20.859524,16.436563,16.774164,21.623596,20.755625,16.44851,19.883247,23.779354,24.963078,25.211906,23.446314,28.98102,29.487158,28.578814,27.642157,24.510109,27.318933,31.726885,30.171368,27.41858,33.126114,35.09086,37.09631,33.000507,31.491932,36.27551,35.28471,30.627405,33.382893,36.0291,33.636036,30.220596,32.80078,28.318497,30.650661,29.095339,24.480793,26.465784,21.27987,21.37282,19.902092,17.442884,15.3846035,13.564668,14.211332,12.456426,12.830278,16.164474,18.327147,22.004549,24.7871,26.862915,23.208157,24.621359,19.655611,20.791681,16.823008,20.477615,18.952436,18.069593,19.54419,15.02271,17.308317,17.95555,15.215656,14.057609,11.3097,9.202504,8.240688,6.049707,8.792297
7,20.775982,19.011833,16.097298,11.90577,10.157723,7.6796083,6.0548058,0.0,4.5414605,6.356384,9.492952,12.279689,14.89175,14.882694,18.309616,12.811606,15.599175,13.150586,18.023539,16.855524,19.842823,23.136827,24.37314,21.443645,23.011522,22.39954,19.915796,19.016808,17.43294,16.85703,18.304838,16.041103,19.80174,19.026234,15.748445,11.057387,13.632599,17.792772,14.642816,11.91304,16.941057,18.917505,15.152076,16.004457,20.440016,20.663696,17.370111,20.50576,24.367832,24.671452,24.449999,24.486061,29.224848,28.853931,28.39139,27.501045,23.596872,26.436207,30.944048,28.634542,25.342308,31.141853,32.755905,34.599194,29.984316,28.246107,32.970406,31.543657,27.321617,30.842188,32.76707,29.952717,27.359259,29.975992,25.954746,27.918118,25.719257,21.090683,22.18755,17.001795,16.303558,14.255524,12.054445,10.986851,9.884438,11.761223,11.558486,14.153422,17.595028,20.63218,23.978703,27.07053,28.951704,25.996248,27.220596,21.457626,22.442652,17.558056,20.280989,18.852894,16.521568,17.160679,12.452996,13.428449,13.735128,10.093477,9.460657,5.453871,6.264112,6.3832674,7.637018,10.537709
8,22.438519,20.662529,17.210821,13.581398,11.145018,10.51005,6.533015,4.5414605,0.0,4.66734,6.442097,8.937874,11.268962,10.69301,13.931279,8.484928,11.442368,9.825054,14.477832,14.583541,17.882078,21.171848,22.997162,20.68385,22.288399,21.890862,18.731358,18.737755,16.8444,17.477802,18.839445,17.916086,21.032755,21.43081,18.72467,14.11127,17.392471,20.980877,17.424673,15.253031,20.588314,21.462193,17.571194,19.2653,23.587011,22.598978,19.332455,23.444262,26.916935,27.718113,26.920143,26.2442,31.341522,31.079283,29.920631,28.360159,24.746403,26.933043,31.872982,30.388187,26.485342,32.007816,33.28537,35.611202,31.294216,29.060482,33.336113,31.731335,27.248026,30.290892,32.096355,29.196882,26.219633,28.14745,23.992527,25.558464,23.673676,19.16231,20.468813,15.64069,15.74665,14.410509,12.760986,10.806546,10.735316,10.406215,11.760709,12.771158,16.850956,19.794594,22.652496,25.967354,27.30269,23.875391,24.495754,18.879549,19.142773,14.487077,16.839514,14.858014,13.158326,13.4531355,9.03972,10.78632,11.527933,9.173379,7.8759675,7.2695804,4.505238,7.737843,7.116977,11.364868
9,26.57551,24.66089,21.512344,17.60598,15.201793,13.883421,10.409258,6.356384,4.66734,0.0,3.858201,6.259747,9.08999,9.754846,14.384735,10.222682,14.147994,13.380572,18.123554,18.80001,22.35659,25.565693,27.607454,25.196243,26.615923,25.941772,22.386757,22.024462,19.441635,20.129135,19.57612,19.088846,20.966492,21.574598,18.479885,14.332273,17.5812,21.490007,18.835302,16.92247,21.9582,23.558796,20.192183,21.820265,25.89307,25.732508,22.898922,26.548954,30.125597,30.399136,29.561796,29.820183,34.481026,33.775135,32.947376,31.454552,27.474703,29.604916,34.55261,32.614754,28.412941,33.87066,34.808075,37.03504,32.38529,29.920927,33.95792,31.877243,27.857704,31.410328,32.4187,29.05087,26.866655,28.381838,24.756132,25.550066,23.131727,18.859707,18.79911,14.568858,13.83849,11.628756,11.448464,10.886148,12.151758,12.277283,14.979578,16.781208,20.82089,24.003468,26.62368,30.046715,31.174212,27.931572,28.243332,22.514956,22.328224,17.568834,18.87587,16.539488,14.252935,12.421961,9.029568,8.350198,7.9122424,5.5370097,5.99264,6.3919597,6.9261637,10.8905735,11.533873,15.502423
10,28.76947,27.100372,23.546858,19.981487,17.568884,16.62051,12.891934,9.492952,6.442097,3.858201,0.0,4.0247035,5.5199623,6.8318887,11.049238,7.858466,12.208044,12.237222,16.927423,18.280996,22.218468,25.180052,27.868443,25.517565,26.692265,25.920162,21.77136,21.790493,18.7723,20.309458,19.10398,19.81198,20.855871,22.485313,19.995434,16.135054,19.881477,23.151794,20.356518,19.023531,24.189104,24.941097,21.734316,24.072832,27.873259,26.987196,24.503448,28.762514,31.947048,32.420986,30.994976,31.128727,35.788277,34.96138,33.68978,31.708788,27.862928,29.420708,34.623394,33.211456,28.477016,33.59564,34.146084,36.70129,32.27556,29.391657,32.943035,30.653332,26.602995,29.85837,30.554995,27.077099,24.83422,25.723015,22.22425,22.517685,20.22617,16.196512,16.049974,12.378002,12.324238,11.04831,11.440428,10.409351,12.656847,11.336151,15.433282,16.59994,20.763767,23.967192,26.01997,29.581528,30.213404,26.993374,26.804342,21.160032,20.394915,15.8089285,16.23367,13.638709,11.355393,8.594899,5.9401374,5.0069103,5.275113,5.019495,4.6423793,8.473261,7.2832937,12.438507,12.736347,16.935041
11,31.138536,29.100409,25.747,22.30136,19.444838,19.310392,14.727214,12.279689,8.937874,6.259747,4.0247035,0.0,3.9924195,4.549554,10.5707855,8.991192,12.958336,14.242353,17.752577,20.331501,23.907774,26.914503,29.47176,27.924654,29.33165,28.878565,24.737238,25.225658,22.323284,24.105341,22.989382,23.835905,24.713339,26.41289,23.777943,19.938011,23.491135,27.01597,24.289557,22.76335,27.912369,28.863907,25.515444,27.629189,31.619244,30.686066,27.923332,32.163734,35.49234,36.07856,34.827682,34.624092,39.496754,38.822445,37.46127,35.3917,31.686218,33.1358,38.407513,37.169704,32.40566,37.447872,37.900017,40.563416,36.20101,33.21002,36.55253,34.12724,30.141241,33.209618,33.682175,30.100683,27.904045,28.190275,24.84871,24.550516,22.425362,18.82543,18.165071,15.412233,15.416627,14.020515,15.18396,14.365839,16.65162,14.980754,19.041166,19.461683,23.775034,26.714998,28.652168,32.20077,32.6084,28.946386,28.352686,23.187105,21.808033,17.869293,17.894438,14.580718,13.419445,8.946628,8.472851,6.965696,6.0804424,7.9322176,8.469393,12.0890465,10.90306,15.958019,15.551135,19.983349
12,33.208817,31.525661,27.809996,24.610332,21.9673,21.727818,17.426882,14.89175,11.268962,9.08999,5.5199623,3.9924195,0.0,3.8349967,8.011238,8.319772,12.2637005,14.055308,17.548698,20.352665,24.288578,26.946966,30.136246,28.395517,29.45291,28.794794,24.175335,24.844147,21.569548,23.986937,22.174889,24.033669,24.117672,26.666464,24.622566,21.119425,25.034992,27.930527,25.170322,24.199987,29.373549,29.589672,26.508505,29.237404,32.886513,31.414589,29.110102,33.79365,36.718655,37.400986,35.584476,35.449158,40.17202,39.312397,37.611305,35.148014,31.559935,32.475117,37.884434,37.073105,31.877897,36.524498,36.591366,39.501976,35.3814,32.052994,34.884335,32.292397,28.38704,31.159128,31.283442,27.653564,25.508049,25.17911,22.101452,21.261393,19.284811,16.11774,15.3417225,13.43332,14.099117,13.729138,15.187358,14.111893,17.026365,14.434819,19.448818,19.5807,23.778263,26.748655,28.10865,31.72783,31.681288,28.27385,27.264812,22.205307,20.379288,16.682007,15.665945,12.343414,11.115481,5.308959,6.90663,5.196522,5.394035,8.802179,8.639488,13.777341,11.884148,17.334192,17.009851,21.352238
13,31.673164,29.805006,26.142893,23.263731,20.342123,21.028843,16.052544,14.882694,10.69301,9.754846,6.8318887,4.549554,3.8349967,0.0,6.5440187,6.774831,9.962888,12.536043,14.922461,18.571262,22.038515,24.772423,27.71028,26.722965,28.079334,27.858486,23.518692,24.764446,22.008266,24.50751,23.984608,25.475054,26.391087,28.672476,26.571264,22.64687,26.489536,29.553497,26.3145,24.997227,30.351816,30.414873,26.920647,29.467003,33.411636,31.507261,28.747313,33.60232,36.59114,37.6436,36.041695,35.11417,40.247425,39.789948,37.86814,35.349922,32.072216,33.020096,38.46117,37.992428,33.0186,37.74698,38.050888,41.06512,37.13792,33.94431,36.94498,34.62906,30.380255,32.7557,33.403534,30.04922,27.300442,27.046343,23.554426,23.0838,21.617151,18.340082,18.461222,16.158339,17.201662,16.872112,17.62585,15.9106865,18.143833,15.18777,19.492086,18.634321,22.954536,25.552998,26.980232,30.511066,30.451895,26.525936,25.399902,20.782583,18.729038,15.586585,15.102443,11.284203,11.51072,7.063853,8.014966,8.397241,8.878031,11.376361,10.762425,15.128843,12.139287,17.356438,16.04239,20.548016
14,32.356125,31.157642,26.968168,24.836664,22.383121,23.268082,18.857128,18.309616,13.931279,14.384735,11.049238,10.5707855,8.011238,6.5440187,0.0,5.9555283,7.0595884,10.588647,12.069942,16.076876,19.77062,21.768612,25.641817,24.612213,25.46055,25.168865,20.40498,22.378748,19.65571,23.135574,22.94504,25.527163,26.151972,29.338566,28.2318,24.555437,28.766958,30.829565,27.134445,26.473587,31.848665,30.486683,27.196932,30.555056,34.03847,30.87285,28.64404,34.259296,36.499737,38.00875,35.647495,34.19316,39.28043,38.871937,36.219467,33.06111,30.356232,30.436228,35.993225,36.563786,31.257086,35.324303,35.300816,38.742756,35.503197,32.04676,34.432487,32.31921,27.855322,29.235573,30.085869,27.174065,23.75038,22.880877,19.275366,18.76408,18.303541,15.601172,17.148214,15.441208,17.85388,19.091675,19.149988,16.461147,18.659561,14.217977,18.919325,16.841146,20.726301,22.990328,23.413254,26.902035,26.102758,22.421211,20.616266,16.533375,13.676844,11.557577,9.692062,5.622919,7.7401786,5.7792597,7.9344974,10.5979395,12.656061,15.057935,13.166876,18.177877,13.649315,18.584562,16.881594,20.90254
15,26.783094,25.573994,21.395271,19.01603,16.682873,17.326199,13.163732,12.811606,8.484928,10.222682,7.858466,8.991192,8.319772,6.774831,5.9555283,0.0,4.446486,5.8870535,9.591132,12.097753,16.05122,18.63128,21.990984,20.337055,21.45554,21.13993,16.771338,18.283878,15.900897,18.652168,19.586836,21.034458,22.845364,25.160234,23.728014,19.65289,23.695234,26.023302,22.06404,21.014086,26.458838,25.409918,21.808386,24.853558,28.577486,25.715206,23.122396,28.53947,31.043802,32.503147,30.538633,29.062902,34.293255,34.03462,31.714478,28.994879,26.053993,26.836922,32.28612,32.327553,27.486067,32.141308,32.703644,35.822296,32.27284,29.272678,32.49394,30.723574,25.975462,27.860243,29.440588,26.66351,23.008253,23.570173,19.346136,20.209328,19.26705,15.426348,17.601528,14.048058,16.002682,16.648256,15.622098,12.526039,13.832974,9.926704,13.715199,12.054863,16.30249,18.876572,20.230545,23.781881,23.843271,20.123468,19.397894,14.277532,12.865088,9.042511,9.74438,6.7124734,6.838672,7.75024,5.2042017,9.378921,11.597812,12.120235,9.700048,13.409717,8.179562,12.833697,10.97794,15.14066
16,25.84377,24.846125,20.548439,19.038801,16.839508,18.481699,14.356343,15.599175,11.442368,14.147994,12.208044,12.958336,12.2637005,9.962888,7.0595884,4.446486,0.0,4.616556,5.427073,9.364845,12.80552,15.099498,18.68247,17.853342,19.06387,19.26115,15.201084,17.734983,16.18043,19.256891,21.610203,23.04651,25.401802,27.725845,26.662899,22.530605,26.461647,28.460321,24.056551,23.014124,28.396975,26.638123,22.86308,25.963957,29.644876,25.862848,23.120117,28.909542,31.06867,33.075184,31.037811,28.530575,34.07089,34.25262,31.438154,28.449026,26.170704,26.61202,32.008167,32.824757,28.212172,32.57495,33.25656,36.566467,33.53893,30.658335,33.752792,32.367558,27.359436,28.445293,30.599312,28.321363,23.999815,24.485281,19.992311,21.264864,21.11928,17.598167,20.677536,17.292704,19.723007,20.76527,19.260807,15.698411,16.276632,11.942176,14.535696,11.039088,14.952446,16.77906,17.731325,21.11283,20.87872,16.632053,15.568349,11.199312,9.305586,6.9087687,8.400348,5.6325674,8.330814,11.005578,9.182533,13.688547,15.996056,16.486073,13.893599,16.998226,11.160677,14.636913,11.7024355,15.317145
17,22.265741,21.678577,17.159697,15.5998125,14.019016,14.968208,12.005537,13.150586,9.825054,13.380572,12.237222,14.242353,14.055308,12.536043,10.588647,5.8870535,4.616556,0.0,6.319485,6.3206253,10.652686,13.172232,16.682331,14.500564,15.576533,15.424677,11.454414,13.522931,12.252983,14.89494,18.19134,19.026344,22.113102,23.995775,23.103579,18.982681,22.787495,24.491776,19.872461,18.892265,24.175522,22.151394,18.341291,21.552404,25.115017,21.25201,18.57965,24.443947,26.50541,28.493652,26.430538,24.026222,29.51544,29.684603,26.991877,24.202036,21.790915,22.576227,27.888275,28.455992,24.108011,28.721632,29.745775,32.84654,29.743116,27.183327,30.723692,29.654314,24.517277,25.817076,28.489012,26.446379,21.99266,23.503208,18.73804,21.00166,20.632345,16.617666,20.270798,15.973772,18.246174,19.294304,16.853374,12.956982,12.607686,8.621523,10.044221,6.5822372,10.742062,13.045138,14.619153,18.106813,18.5439,14.82046,14.863174,9.336928,9.36083,5.0898156,8.705969,7.885871,8.274489,12.768858,9.065808,13.937639,16.442045,15.673555,12.682486,14.578688,8.4366045,10.721916,7.8711367,11.016571
18,23.18115,22.447351,18.217028,17.867065,16.03839,18.738682,15.101882,18.023539,14.477832,18.123554,16.927423,17.752577,17.548698,14.922461,12.069942,9.591132,5.427073,6.319485,0.0,6.4243007,8.209779,10.333239,13.717958,14.112136,15.677332,16.724442,13.802905,17.229979,17.04992,19.827063,24.05807,24.886091,28.200548,30.0659,29.223524,25.00258,28.578564,30.343487,25.52734,24.316288,29.454731,27.177065,23.192114,26.004192,29.662584,25.09747,22.03355,27.92909,29.772055,32.378666,30.55683,26.791613,32.68452,33.50399,30.340343,27.355104,25.864239,26.253277,31.337303,32.781174,28.82047,32.998962,34.07271,37.36284,34.833714,32.36564,35.603577,34.783836,29.55304,29.984682,32.951443,31.274553,26.38728,27.289303,22.555304,24.57883,24.975998,21.545088,25.344751,21.683603,24.205828,25.286118,23.1199,19.26194,18.799494,14.82569,15.389321,10.309761,13.351059,13.983881,14.886689,17.818304,17.691065,12.678124,11.843777,8.811567,7.5611987,7.5263743,10.668928,9.481554,12.617305,16.378578,14.188629,18.88192,21.162277,21.112892,18.412752,20.3952,14.363264,16.185226,12.327191,14.852384
19,18.798206,19.010593,14.406112,14.507441,13.955016,15.683203,14.135012,16.855524,14.583541,18.80001,18.280996,20.331501,20.352665,18.571262,16.076876,12.097753,9.364845,6.3206253,6.4243007,0.0,4.880093,7.0758967,10.826547,8.540792,9.781716,10.497239,8.093475,11.431653,12.348276,14.477487,20.271448,20.421082,24.575407,25.93314,25.590206,21.664284,24.92022,25.97138,20.931047,20.013523,24.724241,21.694082,17.852062,20.86614,24.09357,18.967196,16.18608,22.328615,23.699461,26.48216,24.465588,20.471603,26.313442,27.2306,23.995716,21.140587,19.841984,20.46589,25.326504,26.789936,23.330088,27.567741,29.091093,32.131443,29.777401,27.808594,31.449411,31.178673,25.860994,26.250507,29.977224,28.80026,23.715565,25.830744,20.894514,24.129906,24.437174,20.700241,25.215889,20.81289,23.22422,24.487804,21.29658,17.22139,15.590636,12.387226,10.771905,4.9435906,7.0622473,7.736808,9.493399,12.592535,13.495455,9.369396,10.601263,5.929853,8.220792,6.596944,11.4636,12.23655,13.326928,18.827637,15.190565,20.099035,22.637983,21.396666,18.33941,19.009798,13.200352,12.990485,9.571292,10.286188
20,17.000391,17.312943,13.185338,14.649824,14.360829,17.236315,15.866645,19.842823,17.882078,22.35659,22.218468,23.907774,24.288578,22.038515,19.77062,16.05122,12.80552,10.652686,8.209779,4.880093,0.0,3.6092293,6.087509,6.456704,8.746047,10.981115,10.871524,14.400328,16.373154,17.857304,24.558887,24.095003,28.813503,29.661432,29.228638,25.23887,28.044313,29.187607,24.080103,22.82643,27.163471,24.19099,20.247131,22.510332,25.776268,20.40201,17.161789,22.869638,24.087992,27.372772,25.921928,20.69309,26.824823,28.459576,25.138931,22.58835,22.082111,22.817625,27.10442,28.929327,26.293009,30.326777,32.1837,35.070282,33.080986,31.515064,35.231167,35.307365,29.993372,30.01136,34.12026,33.256588,28.016733,30.187048,25.277563,28.617065,29.159866,25.532381,30.085083,25.669317,27.978737,29.010122,25.736877,21.762718,19.7378,17.080627,14.495956,8.964326,9.502067,8.1622305,10.040789,11.995923,13.280036,8.425158,10.310508,8.518089,10.777745,11.071249,15.648682,16.238514,18.013494,23.16003,19.706469,24.529503,26.872187,25.58056,22.70561,22.818897,17.264452,16.343584,12.486799,12.3403845
21,18.698997,19.599232,15.685228,17.638494,17.728962,20.355171,19.390055,23.136827,21.171848,25.565693,25.180052,26.914503,26.946966,24.772423,21.768612,18.63128,15.099498,13.172232,10.333239,7.0758967,3.6092293,0.0,5.409429,6.2125416,7.583529,10.198338,10.802056,14.777625,17.210356,18.911312,25.826807,25.716284,30.267513,31.364016,31.398808,27.684477,30.485662,31.11118,25.99818,25.126415,29.17877,25.52162,21.948921,24.448263,27.214756,21.203604,18.565088,24.31249,24.851044,28.406357,26.603275,20.927326,26.808405,28.610357,24.840134,21.994173,22.223608,22.37494,26.389704,28.986965,26.520638,29.971422,31.765018,34.756546,33.33107,31.84269,35.22363,35.586987,30.303753,29.664465,34.051147,33.61478,28.142632,30.241102,25.441475,28.978235,29.962538,26.69232,31.622217,27.471605,30.058903,31.479643,28.103827,24.016941,22.004673,19.119268,16.543282,10.952206,10.283637,7.8548083,8.340128,9.573329,10.452081,5.4591556,7.8711414,8.087593,10.661168,12.264604,16.425425,17.659813,19.652786,25.279482,22.102892,27.064142,29.603983,28.443586,25.41305,25.770151,20.149015,19.156096,15.6346445,15.026463
22,15.567673,16.426147,13.433731,16.459448,16.885635,20.245348,19.701452,24.37314,22.997162,27.607454,27.868443,29.47176,30.136246,27.71028,25.641817,21.990984,18.68247,16.682331,13.717958,10.826547,6.087509,5.409429,0.0,6.7258315,9.26829,12.59211,14.787352,18.012249,20.955791,21.688303,29.261324,28.142138,33.42511,33.68525,33.33888,29.495405,31.723478,32.6967,27.641268,26.237432,29.89159,26.839588,23.081762,24.530474,27.49545,21.947853,18.630611,23.470226,24.221088,28.008375,27.1708,20.720158,26.803783,29.247862,25.925856,23.881128,24.345682,25.186096,28.58255,30.7785,29.234758,32.909164,35.17163,37.770546,36.277607,35.275814,39.073982,39.635822,34.398808,34.028393,38.61571,38.193428,32.842693,35.29425,30.453186,34.09092,34.827477,31.284395,35.99262,31.47242,33.671436,34.56582,31.05032,27.184114,24.675896,22.646156,19.079039,14.138471,13.3,10.535743,12.209267,12.394039,14.2599325,10.188734,12.815003,13.373779,15.839512,16.961185,21.405384,22.16714,24.063055,29.21689,25.711721,30.461754,32.69007,31.156366,28.390097,27.825693,22.689285,20.890236,17.16834,15.933288
23,13.872544,15.690625,11.818896,14.17637,15.484245,17.107689,17.994127,21.443645,20.68385,25.196243,25.517565,27.924654,28.395517,26.722965,24.612213,20.337055,17.853342,14.500564,14.112136,8.540792,6.456704,6.2125416,6.7258315,0.0,3.3244007,6.2245774,9.223495,11.692164,15.156048,15.366396,23.344517,22.074213,27.451412,27.62912,27.770315,24.3664,26.546007,26.819038,21.78932,20.921745,24.303595,20.537058,17.118376,19.189453,21.636549,15.590933,12.906982,18.401348,18.715454,22.391645,20.888083,14.863165,20.9024,22.946524,19.530151,17.38314,17.62183,18.627659,22.126709,24.109352,22.546934,26.32892,28.732315,31.18553,29.617521,28.795433,32.7731,33.513477,28.372992,28.214148,32.9846,32.725647,27.54055,30.691515,25.917084,30.086876,30.584213,26.953814,31.861229,27.11413,29.208412,30.343739,26.387201,22.56799,19.66104,18.159601,13.778313,9.658924,7.356668,4.328102,7.440161,8.219131,11.283016,8.949413,12.670129,10.911677,14.702195,14.295703,18.966202,20.543665,21.116411,27.035217,22.903353,27.595972,30.029589,27.947807,24.98599,24.03295,19.269665,16.65022,13.950123,11.600526
24,16.02945,18.302656,14.466964,16.551958,18.06935,18.969566,20.245275,23.011522,22.288399,26.615923,26.692265,29.33165,29.45291,28.079334,25.46055,21.45554,19.06387,15.576533,15.677332,9.781716,8.746047,7.583529,9.26829,3.3244007,0.0,3.4634929,7.6067677,10.006961,13.885506,14.213669,22.216509,21.352894,26.429274,26.900055,27.604149,24.613527,26.847078,26.459366,21.524588,21.242376,24.327911,19.762682,16.912487,19.525894,21.291897,14.631015,13.043088,18.681696,18.228256,21.92749,19.73117,13.827431,19.40471,21.282003,17.388727,14.7944975,15.567873,16.001957,19.393543,22.00094,20.431105,23.730755,26.076054,28.599934,27.454088,26.695164,30.419363,31.411957,26.352365,25.761913,30.763474,30.869558,25.610178,28.923689,24.306238,28.75287,29.46985,26.113844,31.307816,26.757133,29.0294,30.561377,26.477047,22.625446,19.762205,18.162136,13.897625,10.177245,6.705653,2.948807,4.9254436,5.2473664,8.770743,8.070581,12.095826,10.4803505,14.656022,14.398841,18.702322,20.909454,21.171751,27.569164,23.515886,28.239368,30.871113,28.79649,25.680155,24.952894,20.25789,17.636915,15.554251,13.001281
25,17.364435,19.761843,15.773111,17.174372,18.838495,18.787313,20.525425,22.39954,21.890862,25.941772,25.920162,28.878565,28.794794,27.858486,25.168865,21.13993,19.26115,15.424677,16.724442,10.497239,10.981115,10.198338,12.59211,6.2245774,3.4634929,0.0,5.471598,6.9414454,11.11696,11.306338,19.257858,18.615532,23.460798,24.10763,25.216942,22.601458,24.892866,23.994583,19.178905,19.419542,22.33378,17.224186,14.827196,18.050692,19.336895,12.419477,11.805264,17.676,16.898735,20.294704,17.41675,12.381818,17.527046,18.868689,14.801717,11.809119,12.361997,12.60933,16.310268,18.925182,17.0456,20.334753,22.65092,25.197886,24.031237,23.259867,26.98853,28.053057,23.054672,22.521746,27.591211,27.805948,22.660583,26.315098,21.82734,26.510223,27.127287,23.849442,29.114134,24.606844,26.859325,28.618631,24.407192,20.645376,17.770126,16.375427,12.122153,9.427855,5.1628914,2.9203482,4.363343,5.4904037,8.84393,9.521989,13.220585,10.519806,14.869418,13.845384,17.830687,20.44277,19.975704,26.618748,22.453798,27.018072,29.74282,27.520445,24.343218,23.635605,19.255728,16.52734,15.263928,12.54409
26,20.456762,22.052565,17.540674,17.747082,18.577343,18.212934,18.947052,19.915796,18.731358,22.386757,21.77136,24.737238,24.175335,23.518692,20.40498,16.771338,15.201084,11.454414,13.802905,8.093475,10.871524,10.802056,14.787352,9.223495,7.6067677,5.471598,0.0,4.537407,6.95454,9.18077,15.740204,16.443815,20.309124,22.015621,23.093178,20.330168,23.401608,22.716135,17.881714,18.388334,22.137701,17.259897,14.723271,18.849695,20.524797,14.289109,13.725839,20.066753,19.993301,22.684084,19.32225,16.05794,20.864445,21.237963,17.382196,13.819775,12.945696,12.651372,17.602299,19.838003,16.252546,19.83636,21.392666,24.481,22.775003,21.061323,24.512636,24.908735,19.658188,19.402887,23.914106,23.610716,18.33393,21.558475,16.860224,21.318005,21.892603,18.598692,23.932886,19.660297,22.256691,24.392412,20.50489,16.508585,14.411236,11.860487,9.335067,6.2466955,3.4899404,5.0316677,5.102625,8.464285,9.712129,9.462236,11.800259,7.0219274,11.040454,9.065811,12.663447,15.514237,14.710062,21.540031,17.655874,22.275501,25.187296,23.394474,20.060846,20.404612,15.591883,14.147354,13.090948,11.783989
27,20.229164,22.066662,17.784992,17.451262,18.789436,17.140947,19.054684,19.016808,18.737755,22.024462,21.790493,25.225658,24.844147,24.764446,22.378748,18.283878,17.734983,13.522931,17.229979,11.431653,14.400328,14.777625,18.012249,11.692164,10.006961,6.9414454,4.537407,0.0,4.489596,4.966153,12.333401,12.424795,16.642286,17.921028,19.380049,17.168709,19.942638,18.635944,13.992671,15.073888,18.31361,12.997182,11.065586,15.612136,16.689405,10.716202,11.224427,17.247189,16.998333,19.1657,15.396678,13.518905,17.701073,17.467932,14.025719,10.773196,8.809939,9.265767,14.396766,15.706851,12.022427,16.231737,18.125734,20.852465,18.700323,17.300827,21.327791,21.87904,16.776836,17.287704,21.879047,21.5955,16.849398,20.999506,16.612173,21.365303,21.364643,17.906847,22.974112,18.400076,20.498596,22.524563,18.252922,14.675877,12.048727,10.964289,7.493746,7.7403955,5.0089974,7.639327,8.713866,11.262143,13.118782,13.814078,16.30118,11.347001,15.046873,11.964134,15.132577,17.909468,15.849674,22.41497,18.06329,22.104366,24.874765,22.460201,19.277943,18.805365,15.109028,12.749497,13.149229,11.091774
28,23.188026,24.45786,20.049137,18.804491,19.526455,17.413221,18.6563,17.43294,16.8444,19.441635,18.7723,22.323284,21.569548,22.008266,19.65571,15.900897,16.18043,12.252983,17.04992,12.348276,16.373154,17.210356,20.955791,15.156048,13.885506,11.11696,6.95454,4.489596,0.0,4.6575885,8.813585,10.5064,13.445165,15.7965975,17.2381,15.103316,18.523954,17.36997,13.046476,14.47592,18.228376,13.564175,11.842385,16.767796,18.040285,13.381688,13.885331,19.641397,19.95639,21.408873,17.533821,17.168276,20.873411,19.903389,17.001505,13.829443,10.846648,11.0173,16.50716,17.088057,12.095262,16.49311,17.620995,20.60779,17.784346,15.502055,19.357935,19.15255,13.908701,15.225159,19.010191,18.049494,13.508461,17.508602,13.0944805,17.580315,17.167818,13.52945,18.498543,13.982282,16.232067,18.613895,14.582302,10.963158,9.231727,7.4720273,6.579489,8.220306,7.8345037,11.18513,11.892013,14.915791,15.943673,16.159847,17.738926,12.011884,14.730028,10.666539,12.816567,15.502858,12.500382,18.855028,14.67525,18.381012,21.236622,19.038391,15.818106,16.172344,12.684253,11.575077,12.72981,11.996415
29,20.802502,22.371883,18.392258,17.070904,18.512032,15.522252,18.232292,16.85703,17.477802,20.129135,20.309458,24.105341,23.986937,24.50751,23.135574,18.652168,19.256891,14.89494,19.827063,14.477487,17.857304,18.911312,21.688303,15.366396,14.213669,11.306338,9.18077,4.966153,4.6575885,0.0,8.544209,7.477603,12.311358,13.002141,14.495775,12.707769,15.350977,13.7480545,9.265002,10.94908,14.023343,8.969494,7.52106,12.547866,13.411051,9.159933,10.265093,15.452045,15.754001,16.864925,13.089768,13.602488,17.010513,15.881352,13.700863,11.538247,7.602036,9.608702,14.462037,13.705177,9.618784,14.995003,16.99602,19.176466,15.882128,14.589844,19.386995,19.619228,14.8230505,16.863977,20.83469,20.051357,16.28853,20.963293,16.980267,21.47427,20.602617,16.839458,21.1458,16.216578,17.531757,19.174372,14.633074,11.724235,8.652311,9.60674,6.0026283,9.788989,8.641567,11.8484745,13.626485,16.075996,18.071735,18.576122,20.890488,15.386828,18.586966,14.443158,17.185286,19.463558,16.290663,22.034317,17.317348,20.507086,22.972672,19.949615,17.09446,15.76151,13.555463,10.640136,12.737568,10.69288
30,28.386156,29.372124,25.490973,23.128569,23.809902,20.058977,21.94636,18.304838,18.839445,19.57612,19.10398,22.989382,22.174889,23.984608,22.94504,19.586836,21.610203,18.19134,24.05807,20.271448,24.558887,25.826807,29.261324,23.344517,22.216509,19.257858,15.740204,12.333401,8.813585,8.544209,0.0,6.079898,4.7474394,8.839155,11.304411,11.321194,14.540738,12.312158,10.291052,13.163707,15.766983,12.472072,12.851028,17.412045,17.668001,16.134233,17.789352,21.715609,22.308678,22.04151,18.096941,21.15939,23.05839,20.584606,19.385948,17.409029,13.062588,13.831528,18.248142,16.37961,10.720799,15.223613,15.569236,17.723846,13.240514,10.365953,14.681899,13.416745,9.262699,13.60579,15.428606,13.460832,11.668212,16.288717,13.616783,17.079672,15.060546,11.762529,14.764366,10.645198,11.313,13.764637,9.962526,8.7799835,8.509299,9.913966,11.233774,15.717166,16.11054,19.616673,20.571163,23.322674,24.35285,24.943441,26.244661,20.379644,22.3003,17.620365,18.261436,20.245693,15.65288,19.861403,16.087803,17.522757,19.770529,17.059614,14.754745,14.671786,14.47374,13.841183,17.179634,16.90752
31,24.22968,25.255959,21.938738,19.432375,20.703829,16.21475,19.50954,16.041103,17.916086,19.088846,19.81198,23.835905,24.033669,25.475054,25.527163,21.034458,23.04651,19.026344,24.886091,20.421082,24.095003,25.716284,28.142138,22.074213,21.352894,18.615532,16.443815,12.424795,10.5064,7.477603,6.079898,0.0,6.7898903,5.66,7.3368783,7.2970777,9.484772,7.03995,4.2904406,7.6482496,9.708526,7.160077,7.757267,11.720174,11.99041,12.072913,13.5304365,16.375103,17.503973,16.726068,13.618932,17.422575,19.304405,16.969612,16.878704,16.213718,11.3508415,14.08869,17.7404,14.307908,10.474733,16.16037,17.818878,18.962688,14.05344,12.96661,18.331673,17.831736,14.26107,18.384174,20.843838,19.2494,17.507927,22.299635,19.304794,22.924217,20.854273,17.108438,19.629335,14.760673,14.406702,15.168424,10.672116,10.002673,7.4670424,11.457912,9.856919,15.485864,15.602072,18.999792,21.074636,23.530584,25.506231,25.82886,27.871386,21.967054,24.526127,19.637548,21.57718,23.126446,18.883701,22.864672,18.213303,19.641396,21.393585,17.65886,15.746036,13.219249,14.141252,11.445197,15.434624,14.127513
32,30.91784,31.783237,28.290363,25.558437,26.303751,21.94271,24.238293,19.80174,21.032755,20.966492,20.855871,24.713339,24.117672,26.391087,26.151972,22.845364,25.401802,22.113102,28.200548,24.575407,28.813503,30.267513,33.42511,27.451412,26.429274,23.460798,20.309124,16.642286,13.445165,12.311358,4.7474394,6.7898903,0.0,5.8235106,8.90107,10.775857,13.144036,10.333387,10.4524145,13.6337385,15.08574,13.175198,14.539957,18.306984,18.01479,18.26119,20.208277,22.992023,23.746746,22.610014,19.035557,23.492813,24.540655,21.52463,21.352741,20.17956,15.620386,16.842955,20.358028,17.211874,12.316405,16.448666,16.620913,17.865683,12.651621,10.244161,14.546787,12.871166,10.437092,15.726098,16.414701,14.158045,14.2460985,18.657385,16.965744,19.695978,17.066814,14.274171,15.647682,12.200331,11.419997,13.141382,9.972925,10.760278,10.879284,13.557735,14.814263,19.890287,20.385832,23.902113,25.109165,27.737555,28.943485,29.604767,30.971724,25.050528,26.880302,22.041067,22.5064,24.126616,19.282963,22.348896,18.818077,19.104067,20.765642,17.75975,16.253984,15.47273,17.023888,16.291367,20.236036,19.955133
33,28.455881,29.340904,26.501257,23.66602,24.895723,19.924744,23.384638,19.026234,21.43081,21.574598,22.485313,26.41289,26.666464,28.672476,29.338566,25.160234,27.725845,23.995775,30.0659,25.93314,29.661432,31.364016,33.68525,27.62912,26.900055,24.10763,22.015621,17.921028,15.7965975,13.002141,8.839155,5.66,5.8235106,0.0,4.7155704,8.243704,8.726489,4.763273,7.0016937,10.244663,10.065694,9.8835335,11.975502,14.479837,13.756116,16.081503,17.989098,19.289125,20.415165,18.49466,15.872423,21.328268,21.926552,18.872688,19.952124,20.030897,15.253731,17.865446,20.514923,15.871861,12.842918,17.654572,18.908497,19.126242,13.6018305,13.021072,18.114412,17.27236,15.260774,20.225897,21.57024,19.758974,19.648798,24.330853,22.282549,25.29189,22.677227,19.471748,20.651106,16.581642,15.093946,15.258982,11.712338,12.975733,11.623875,15.9502945,15.277606,21.013641,21.259428,24.618814,26.620922,28.969568,30.902195,31.437609,33.390903,27.44465,29.777025,24.770966,26.190271,27.529938,22.906874,25.83742,21.633068,21.868748,23.06357,19.216402,18.150114,15.327823,18.012806,15.809274,20.173178,19.127682
34,27.118908,27.391523,24.840307,21.478168,22.38058,17.21352,20.537077,15.748445,18.72467,18.479885,19.995434,23.777943,24.622566,26.571264,28.2318,23.728014,26.662899,23.103579,29.223524,25.590206,29.228638,31.398808,33.33888,27.770315,27.604149,25.216942,23.093178,19.380049,17.2381,14.495775,11.304411,7.3368783,8.90107,4.7155704,0.0,4.7799306,4.6938868,4.2526093,6.5920396,8.147232,8.706227,11.229081,11.943859,13.415557,14.013078,17.251228,17.889866,18.83809,21.049685,19.06508,17.618387,22.458395,23.849367,21.328,22.614542,22.870535,18.022736,21.124424,24.095362,19.439394,16.72213,21.967337,23.390417,23.74758,18.268147,17.55972,22.588537,21.41254,19.10472,24.091255,25.296783,22.971514,22.650955,26.882261,24.466185,27.082794,24.188665,20.512209,21.06444,16.59088,14.453566,13.299559,9.984822,11.944688,10.574979,15.585145,14.942223,20.802408,21.780321,25.250862,27.808512,30.36813,32.474438,32.226128,34.131107,27.988094,30.093994,24.825312,26.519615,27.171175,22.677238,24.716904,20.345741,20.093988,20.76864,16.51238,16.02229,12.12939,16.024555,13.85721,18.395699,17.831936
35,23.810158,23.68814,20.911156,17.302956,17.85676,12.8480425,15.785467,11.057387,14.11127,14.332273,16.135054,19.938011,21.119425,22.64687,24.555437,19.65289,22.530605,18.982681,25.00258,21.664284,25.23887,27.684477,29.495405,24.3664,24.613527,22.601458,20.330168,17.168709,15.103316,12.707769,11.321194,7.2970777,10.775857,8.243704,4.7799306,0.0,4.4190855,7.159289,5.82996,5.462807,8.902195,11.284603,10.058214,11.687712,13.9133625,16.113176,15.496217,17.35214,20.215446,19.019054,17.878292,21.191225,23.8336,22.03548,22.664473,22.506413,17.759974,20.96402,24.619335,20.749462,17.694155,23.407064,25.004461,25.967361,20.765789,19.638956,24.742563,23.532799,20.295322,24.833843,26.48134,23.995232,22.706085,26.632183,23.526361,26.167868,23.462687,19.25083,20.23825,15.0873,13.374939,11.926851,8.033698,9.043985,7.025272,12.272531,11.40286,17.078434,18.650232,22.172764,25.052393,27.817646,29.949144,29.013674,30.838633,24.651499,26.625566,21.299822,23.403683,23.667048,19.534357,21.58097,16.819527,17.054327,17.816128,13.355257,12.582973,7.9600363,11.659192,9.320578,13.84486,13.730664
