,0,1,2,3,4,5,6,7,8,9,10,11,12,13,14,15,16,17,18,19,20,21,22,23,24,25,26,27,28,29,30,31,32,33,34,35,36,37,38,39,40,41,42,43,44,45,46,47,48,49,50,51,52,53,54,55,56,57,58,59,60,61,62,63,64,65,66,67,68,69,70,71,72,73,74,75,76,77,78,79,80,81,82,83,84,85,86,87,88,89,90,91,92,93,94,95,96,97,98,99,100,101,102,103,104,105,106,107,108,109,110,111
0,0.0,3.9962783,6.9579988,9.9706135,12.443911,15.515799,17.76648,21.85648,24.563734,27.07983,30.827461,32.946938,35.0227,33.130398,35.8846,31.939564,31.752893,30.476423,31.920269,31.086798,32.946926,33.35004,37.419624,39.450523,39.72041,39.004395,36.612026,37.755146,36.049007,39.54478,35.81782,42.342735,41.25523,44.55668,40.88543,36.45111,38.56585,42.160625,37.6277,34.582676,39.03479,39.529854,34.68306,34.72561,39.70582,37.52495,32.523777,35.805416,39.26832,42.760212,42.823105,38.187065,44.49433,46.52028,43.650215,42.05342,40.36634,41.83318,46.711716,47.075554,44.215492,49.01893,50.37435,53.662914,50.8299,47.77806,50.4593,49.779682,44.140728,44.537285,45.53945,44.25762,38.714428,37.532375,33.813873,32.48279,30.201094,28.7118,27.360746,25.746765,26.470495,27.26699,26.937424,24.89246,24.793436,23.73007,23.814432,24.643467,22.759598,25.360552,24.527939,27.641611,26.747938,28.22403,25.192366,25.901913,21.690935,22.448996,18.993515,20.235353,18.973585,19.314848,20.551853,20.711542,22.11632,21.696877,21.061472,24.09545,24.591244,25.248547,28.918226,27.824665
1,3.9962783,0.0,5.120488,6.275348,8.971394,12.654668,14.205805,18.751348,21.04615,23.844128,27.441494,29.719019,31.593052,29.610102,32.115253,28.06705,27.863605,26.491138,28.07386,27.180653,29.206797,29.786108,34.024372,35.72864,35.91996,35.15349,32.66769,33.79436,32.056793,35.58675,31.889805,38.455917,37.525475,40.769863,37.0414,32.65973,34.89535,38.364735,33.76248,30.796783,35.36711,35.695545,30.850073,31.105572,36.078384,33.80437,28.87469,32.412315,35.89035,39.308796,39.16192,34.754673,40.94593,42.84806,39.89668,38.228107,36.46589,37.893505,42.816036,43.181095,40.241615,45.030037,46.378494,49.671906,46.871334,43.84396,46.56847,45.971672,40.31688,40.785122,41.933876,40.72212,35.103485,34.213943,30.330969,29.343493,27.010921,25.238121,24.333504,22.359936,23.474775,24.4743,23.673103,21.422035,21.04156,20.082876,19.847275,20.814707,18.980167,21.759462,21.22141,24.369661,23.828579,25.235073,22.442581,22.978003,18.63129,19.116095,15.426686,16.561443,15.009927,15.797863,16.75612,17.39716,19.146687,18.763544,17.727728,21.067654,20.999796,21.891066,25.386261,24.49945
2,6.9579988,5.120488,0.0,5.465879,6.582153,8.890112,11.705718,15.088901,18.24198,20.378302,24.247473,26.21538,28.49007,26.8119,30.23911,26.43831,26.75133,25.99448,27.942398,27.830389,30.371792,31.218428,35.8766,36.90869,36.658367,35.408314,32.955612,33.445282,31.480257,34.618057,30.627777,36.773445,35.297543,38.962154,35.813316,31.272797,33.638897,37.543167,33.21602,30.173077,34.929882,35.85843,31.056587,31.366951,36.479187,34.848747,30.028458,33.45336,37.340286,40.376846,40.196133,36.66213,42.60972,44.136246,41.172565,39.34188,37.095108,38.359077,43.536064,43.65041,40.10631,44.860897,45.80279,48.998627,46.257908,42.913654,45.079716,44.28418,38.730335,38.623802,39.618904,38.563244,33.095573,31.656923,28.256905,26.817423,24.97772,24.015627,23.450441,22.245441,23.72051,25.469803,24.506914,22.625635,21.643057,21.840578,20.273195,22.111914,19.840635,22.541006,21.870983,24.286219,24.23829,26.45654,24.078917,25.209875,20.799324,21.468912,17.216005,18.6766,15.811133,17.59034,17.102158,18.32814,20.17491,18.623917,17.344543,19.08956,19.580557,19.340755,22.897526,21.289345
3,9.9706135,6.275348,5.465879,0.0,3.744813,7.280096,8.437039,13.039067,14.899933,18.039232,21.381016,23.904026,25.68341,23.834007,26.539648,22.239151,22.54096,21.187193,23.606413,22.860483,25.643887,26.818945,31.535133,32.134396,31.946892,30.830076,27.999392,28.749418,26.6334,30.097952,25.965076,32.482395,31.306164,34.604607,31.058033,26.605967,28.959373,32.587276,28.109436,25.113708,29.876677,30.522013,25.700045,26.108582,31.175177,29.38557,24.581263,28.188082,32.001717,35.037853,34.74497,31.274416,37.16663,38.67164,35.753696,34.03178,31.741482,33.183056,38.28334,38.294903,34.94596,39.819206,40.932384,44.111187,41.24574,38.033516,40.540794,39.844776,34.21386,34.578506,35.67847,34.53391,28.909986,28.069918,24.192629,23.38788,21.182487,19.466911,19.290213,17.35123,19.184076,20.95214,19.477743,17.341248,16.223192,16.4675,14.955235,17.128576,15.429073,18.613503,18.7481,21.455475,21.94446,23.58862,21.557503,21.976715,17.554264,17.412203,13.163617,13.810313,10.632505,12.356164,11.695005,13.325721,15.550526,14.392815,12.642376,15.501355,14.999706,15.718309,19.115217,18.36079
4,12.443911,8.971394,6.582153,3.744813,0.0,5.551446,5.326845,10.033739,12.318407,14.92116,18.580585,20.776922,22.638285,20.72196,23.75813,19.89496,20.19421,19.545849,21.69569,21.861427,24.752314,25.921598,30.877424,31.200361,30.68223,29.212074,26.732939,26.983063,25.012878,28.04786,24.244871,30.320734,29.197054,32.90428,29.792736,25.376581,28.154379,31.790243,27.34778,24.566708,29.656208,30.204342,25.489643,26.425468,31.434813,29.632181,25.166435,29.147566,32.990253,35.766052,35.04364,32.182,37.693153,38.87703,35.69408,33.617355,31.215948,32.231533,37.52858,37.72863,33.871796,38.48695,39.326283,42.556164,39.992462,36.66633,38.795586,38.214043,32.640602,32.49634,33.920734,33.138138,27.516848,26.714033,23.06073,22.445242,20.69802,19.256853,20.039871,18.179987,20.65271,22.88759,20.86213,18.642864,16.752186,17.485643,14.537673,16.780148,14.389598,17.202702,17.05744,19.15944,19.952295,22.191658,20.51466,21.50162,17.18942,17.464518,12.940941,14.3929405,10.498014,14.124448,12.301642,15.08702,17.61259,16.005169,13.689872,15.518044,14.475963,14.391514,17.321678,15.903943
5,15.515799,12.654668,8.890112,7.280096,5.551446,0.0,6.0925307,7.012301,10.161882,12.420381,15.901332,18.198635,20.58105,19.430716,23.649824,19.607141,21.082829,20.586983,23.920742,24.156286,27.751783,29.441532,34.577682,33.93614,33.09624,31.30181,28.375593,28.123943,25.503395,28.33008,23.498493,29.278408,27.051025,30.869713,28.27577,23.637426,26.040115,30.352612,26.523764,23.445683,28.275822,30.023182,25.482847,25.831867,30.924078,30.390312,25.967161,29.074171,33.41364,35.721104,35.48551,33.543884,38.88742,39.77509,37.041744,35.2538,32.170357,33.469597,38.77938,38.207333,34.051888,38.879448,39.349895,42.25137,39.382343,35.696667,37.324196,36.227955,30.830671,30.392214,31.07266,30.093386,24.796919,23.035725,19.999428,18.444475,17.126812,16.93318,17.454578,17.02039,19.337175,22.214727,20.583584,19.338535,17.419739,19.644526,16.354393,19.968979,18.137442,21.07321,21.344995,22.830744,24.258158,26.726284,25.469313,26.38822,22.198536,22.044731,17.615686,18.241125,13.659758,16.107208,13.211414,15.417855,17.453192,14.502757,12.506193,11.927556,12.479216,10.918583,14.442202,12.617711
6,17.76648,14.205805,11.705718,8.437039,5.326845,6.0925307,0.0,6.0026207,7.299061,10.045094,13.504002,15.791973,17.410278,15.452308,18.637371,14.8404,15.539881,15.39484,18.016376,18.845428,22.252687,23.833868,29.058245,28.40062,27.438921,25.553638,23.07177,22.732805,20.616993,23.295565,19.493082,25.215513,24.10815,28.046532,25.309109,20.992348,24.173927,27.733889,23.428938,20.923374,26.268261,26.798628,22.326609,23.800732,28.631437,27.083654,23.1423,27.341536,31.221844,33.53429,32.391212,30.571299,35.487904,36.198288,32.91544,30.623262,27.871624,28.59345,34.02785,34.13487,29.760777,34.2054,34.741646,37.917694,35.529408,32.07762,33.877666,33.3736,27.872288,27.401426,29.116833,28.66289,23.051453,22.583271,19.036476,19.023937,17.725988,16.354004,18.53977,16.651974,19.940569,22.728643,19.94341,17.826773,15.014077,16.786852,12.151607,15.1429205,12.765719,15.3668165,15.747851,16.976042,18.792244,21.230715,20.447851,21.4417,17.570559,17.514532,13.182523,14.425343,9.644517,14.600724,11.175914,15.172256,17.942358,15.962746,12.981678,13.738271,11.4966755,10.820585,12.820066,11.211855
7,21.85648,18.751348,15.088901,13.039067,10.033739,7.012301,6.0026207,0.0,4.8618126,5.4443617,9.326978,11.24795,13.723215,12.744105,17.78205,14.54011,16.560822,17.287354,20.622618,22.149734,26.024815,27.941292,33.25916,31.662472,30.217852,27.838297,25.330633,24.101122,21.560055,23.475618,19.05687,23.757303,21.474268,25.920729,24.256132,19.901436,22.980303,27.128689,23.63842,21.141008,26.262115,27.86958,23.83444,25.054577,29.743296,29.408167,25.855019,29.336483,33.56395,35.25037,34.306152,33.69832,38.146812,38.380764,35.405376,33.20029,29.83364,30.484158,35.921745,35.44053,30.492716,34.82026,34.74194,37.576286,35.184666,31.33094,32.217026,31.286652,26.126568,24.793755,26.020924,25.754898,20.626612,19.16889,16.708788,15.949586,15.7430725,16.008648,18.586365,18.160479,21.442867,24.854656,22.281906,21.047802,18.076141,21.107718,16.013508,19.82322,17.728678,19.94214,20.355986,20.567316,22.906578,25.817875,25.50899,26.773909,23.164894,23.08549,18.92732,19.887175,14.90082,19.065271,14.85015,18.408537,20.735254,17.66108,14.969176,12.834338,11.808545,8.652001,10.204523,6.8571405
8,24.563734,21.04615,18.24198,14.899933,12.318407,10.161882,7.299061,4.8618126,0.0,4.797077,6.6114974,9.75189,11.145823,9.976308,14.148516,10.133164,12.736703,13.093283,17.29757,18.47933,22.720245,25.052174,30.328146,27.98016,26.425856,24.025354,21.13603,19.838606,16.968058,19.044872,14.2289,19.279287,17.240925,21.450378,19.507446,15.21452,18.559574,22.433485,18.887018,16.598475,21.83591,23.218227,19.376392,20.93899,25.397732,25.12893,21.9872,25.559952,29.645754,31.075413,29.880035,29.844511,33.892204,33.900772,30.985138,28.83727,25.265133,25.965885,31.346464,30.68363,25.683569,30.087612,30.04578,32.84291,30.352411,26.52965,27.645119,26.824512,21.524906,20.576128,22.059723,21.82554,16.43175,15.901116,12.891417,13.3665495,13.054512,12.607796,16.371588,15.41628,19.19841,22.679157,19.522633,18.32276,14.9405155,18.489805,12.918931,17.193209,15.85522,18.113918,19.365433,19.484932,22.416191,24.732405,24.94303,25.615578,22.397919,21.664566,18.037762,18.24501,13.327481,17.44395,12.682722,16.69982,19.104721,16.3997,13.366549,11.553025,8.743907,6.2270765,6.193644,4.2761316
9,27.07983,23.844128,20.378302,18.039232,14.92116,12.420381,10.045094,5.4443617,4.797077,0.0,4.5061383,5.890928,8.332182,7.7195463,13.633254,11.445787,14.054873,15.840105,19.112448,21.539019,25.512405,27.61226,32.88497,30.439007,28.527699,25.727472,23.582033,21.517887,19.08382,20.04709,16.13376,19.537125,17.222307,22.142881,21.407898,17.559721,21.072054,24.879665,21.869274,20.02911,25.092499,26.550068,23.146778,24.972584,29.126907,29.02737,26.311085,29.875805,33.890434,35.029774,33.580524,34.07938,37.711216,37.4095,34.35879,31.922903,28.371767,28.504515,33.887047,33.41408,27.922106,31.742956,31.175274,33.877712,31.901834,27.965803,28.170357,27.395636,22.570662,20.43444,22.176275,22.593214,17.833693,16.859377,15.11155,15.284451,16.007448,16.546583,20.391846,19.990423,23.687117,27.285608,24.20739,23.094376,19.641476,23.08017,17.202738,20.919111,18.96634,20.518482,21.165405,20.387047,23.393417,26.371584,26.826899,28.155626,25.138689,24.98154,21.310574,22.250422,17.426935,22.118652,17.433487,21.447496,23.7942,20.829592,17.96307,15.206366,13.228983,9.717062,8.711381,4.525814
10,30.827461,27.441494,24.247473,21.381016,18.580585,15.901332,13.504002,9.326978,6.6114974,4.5061383,0.0,3.9401236,5.2454867,5.9319477,11.736906,9.677998,13.293898,15.032376,19.026072,21.24934,25.493082,27.973335,33.09448,29.743046,27.610611,24.690472,22.284925,19.827108,17.02438,17.55918,13.18864,15.814802,12.875678,17.88775,17.743723,14.244317,17.74209,21.444204,19.063156,17.596928,22.2941,24.070545,21.259546,23.131517,26.8191,27.375973,25.268179,28.415127,32.342182,32.958088,31.45464,32.934998,35.96919,35.278942,32.515945,30.259338,26.355017,26.506763,31.670284,30.731691,25.052177,28.772552,27.901203,30.311993,28.26595,24.196823,24.015081,23.079748,18.462769,16.06078,17.73916,18.390234,13.93286,13.312613,12.129058,13.08097,14.425051,15.251352,19.80292,19.669909,23.44392,27.14985,23.904364,23.214808,19.686476,23.67856,17.802631,21.844229,20.619701,22.095577,23.327053,22.325298,25.75498,28.315475,29.207218,30.119991,27.450895,26.811495,23.592335,23.893093,19.251144,23.382318,18.447514,22.299597,24.422659,21.492155,18.731352,15.442651,13.119713,9.734333,6.8177886,4.0345125
11,32.946938,29.719019,26.21538,23.904026,20.776922,18.198635,15.791973,11.24795,9.75189,5.890928,3.9401236,0.0,3.6376565,5.3435464,11.983541,11.788228,14.855467,17.53925,20.55719,23.673195,27.586344,29.807543,34.86928,31.57613,29.217318,26.051392,24.35986,21.423628,19.190023,18.823292,15.689791,16.78674,14.096215,19.465551,20.250027,17.305906,20.856691,24.241737,22.166164,21.084341,25.645437,27.194647,24.66404,26.805067,30.26538,30.685848,28.848392,32.154545,35.948124,36.443665,34.66808,36.367706,39.116684,38.24064,35.300056,32.77403,29.045639,28.68742,33.801174,33.179874,27.227968,30.34542,29.092762,31.450563,29.970335,25.965176,25.068363,24.335562,20.280123,16.922918,19.001644,20.291977,16.5623,15.851577,15.519723,16.295486,18.043776,19.156214,23.645342,23.600384,27.364487,31.07676,27.818827,27.010939,23.403345,27.151953,21.04507,24.593737,22.894516,23.853523,24.625599,23.001152,26.410522,29.393322,30.46645,31.848404,29.363815,29.156971,25.931152,26.784138,22.21565,26.90405,22.037611,26.049124,28.244713,25.265942,22.499544,19.073542,17.010956,13.437686,10.71848,7.4655166
12,35.0227,31.593052,28.49007,25.68341,22.638285,20.58105,17.410278,13.723215,11.145823,8.332182,5.2454867,3.6376565,0.0,3.3865542,9.017041,9.751013,12.83693,15.82345,18.674843,21.972567,25.790932,28.10764,32.980328,29.21537,26.68528,23.421694,21.920918,18.651697,16.612284,15.665485,13.256665,13.423711,11.416248,16.84962,17.914366,15.582465,19.405273,22.129139,20.198475,19.701197,24.138317,25.151598,23.068224,25.666204,28.67766,28.925602,27.659845,31.1175,34.582672,34.848984,32.67231,34.846138,37.07392,35.945404,32.937656,30.303568,26.631033,25.952112,30.924858,30.42857,24.324554,27.0856,25.677591,28.038496,26.845427,22.955378,21.936794,21.564045,17.641222,14.077857,16.997295,18.754839,15.181108,15.624718,15.201071,17.031973,18.716034,19.287453,24.316343,23.839788,27.780872,31.369928,27.781815,26.88652,23.139824,26.811298,20.607584,23.867245,22.482744,23.127522,24.216839,22.330406,26.02339,28.660383,30.136404,31.279976,29.20954,28.79808,26.027195,26.69037,22.462734,27.257465,22.404537,26.604795,28.848066,26.261171,23.378874,20.462385,17.591375,14.766739,11.202007,9.277227
13,33.130398,29.610102,26.8119,23.834007,20.72196,19.430716,15.452308,12.744105,9.976308,7.7195463,5.9319477,5.3435464,3.3865542,0.0,6.767251,7.5796866,9.967034,13.361666,15.630634,19.285044,22.903887,25.046526,29.97344,26.574202,24.110039,20.86167,19.608015,16.473866,14.808529,14.1153555,12.40561,13.500333,12.805762,18.003218,18.207787,15.729617,19.930553,22.342978,19.699263,19.233961,24.093763,24.33531,21.947884,24.951347,28.103632,27.54125,26.167807,30.208029,33.50254,34.098747,31.622614,33.24692,35.644547,34.705265,31.336388,28.433601,25.090532,24.198793,29.37143,29.419415,23.38296,26.158226,25.094067,27.844627,26.792063,23.11998,22.75598,22.811083,18.490389,15.552899,19.00795,20.607359,16.429329,17.448456,16.079372,18.237883,19.318703,19.095049,24.19401,23.029333,27.14566,30.552141,26.732712,25.378754,21.502428,24.6954,18.303831,21.084558,19.442642,19.873503,20.887863,18.95112,22.669477,25.280073,26.79807,27.994205,26.026886,25.74839,23.077555,24.01223,19.976765,25.329214,20.648153,25.205452,27.691864,25.477198,22.365904,20.363632,16.827448,14.605498,11.310987,9.489356
14,35.8846,32.115253,30.23911,26.539648,23.75813,23.649824,18.637371,17.78205,14.148516,13.633254,11.736906,11.983541,9.017041,6.767251,0.0,5.7632294,5.993432,10.114914,11.011858,15.180822,18.224556,20.382027,24.848452,20.797941,18.060541,14.64876,14.124507,10.412216,9.935587,8.05996,9.721572,9.84825,12.429597,16.515905,16.193254,15.010574,19.499691,20.24484,17.337183,18.044218,22.672165,21.144321,19.467386,23.496185,25.804136,24.166983,23.847685,28.488298,30.92668,31.394136,27.982986,29.929827,31.454742,30.24582,26.46256,23.13292,20.341042,18.558416,23.573893,24.451109,18.373093,20.377712,19.476313,22.64531,22.294998,19.271702,19.538801,20.700914,16.544176,14.449806,19.282234,21.226795,17.21195,20.136255,18.119648,21.633419,22.156963,20.645714,26.194057,23.960495,28.227068,31.140787,26.79311,25.021235,21.082525,23.526932,17.351002,18.906197,17.891304,17.50051,19.122847,16.871614,20.920124,22.56201,24.827068,25.457542,24.457588,23.83835,22.295696,22.953281,20.018036,25.505016,21.32054,26.090975,28.67994,27.45243,24.217533,23.658316,18.914234,18.339643,14.699454,14.675793
15,31.939564,28.06705,26.43831,22.239151,19.89496,19.607141,14.8404,14.54011,10.133164,11.445787,9.677998,11.788228,9.751013,7.5796866,5.7632294,0.0,4.4589305,6.12971,10.243451,12.362214,16.485533,19.214817,24.067204,20.164696,17.986835,15.155458,12.6616955,10.260294,7.7551193,8.943487,6.339593,10.706409,11.782542,15.47606,13.508738,11.028226,15.552815,17.103075,13.398037,13.233221,18.390804,17.442196,14.879228,18.503338,21.488995,20.130978,18.997974,23.501772,26.398222,27.189957,24.40269,25.782297,28.170033,27.40296,23.93245,21.131428,17.756283,17.256538,22.60691,22.674479,17.023893,20.590668,20.427277,23.548794,21.889606,18.529942,19.925604,20.351269,15.192424,14.532512,18.20278,19.085958,14.043391,16.828083,13.74914,17.300526,17.189135,15.145018,20.614756,18.20571,22.481045,25.406822,21.107351,19.449333,15.517396,18.45445,12.332684,15.063889,14.735711,15.562915,17.859095,16.908924,20.794971,22.055763,23.700571,23.719973,22.058886,20.791193,18.927616,18.746258,15.441934,20.194267,15.839597,20.44789,22.96233,21.771135,18.568537,18.389187,13.33152,13.463136,10.119814,11.241197
16,31.752893,27.863605,26.75133,22.54096,20.19421,21.082829,15.539881,16.560822,12.736703,14.054873,13.293898,14.855467,12.83693,9.967034,5.993432,4.4589305,0.0,4.8043723,5.990735,9.610632,12.987785,15.327995,20.191875,16.78532,14.583763,11.674964,10.220601,7.9764023,7.3522716,8.406029,9.10536,12.814842,15.460882,18.71578,16.439585,14.539567,18.990885,19.710485,15.548557,15.806174,20.926472,18.584307,16.028702,20.273413,23.029982,20.25333,19.3497,24.699694,27.02484,28.183949,24.766647,25.418514,27.70022,27.104326,22.990604,19.587769,17.142458,15.836163,21.292625,22.556578,17.196663,20.143476,20.377281,23.939547,22.934158,20.207003,22.037539,23.141516,18.22453,17.806196,22.032238,23.077847,18.150877,21.22376,17.903801,21.452957,20.969967,18.310326,23.506712,20.32196,24.597824,27.101631,22.59518,20.241747,16.330002,18.015339,11.92611,12.930106,12.180603,12.0914545,14.383831,13.147326,17.113632,18.068823,20.074745,20.130741,19.022526,18.02165,16.735025,17.131058,14.673993,20.308231,16.617016,21.5503,24.324394,23.788794,20.452778,21.428465,16.036104,16.784428,14.072189,14.791296
17,30.476423,26.491138,25.99448,21.187193,19.545849,20.586983,15.39484,17.287354,13.093283,15.840105,15.032376,17.53925,15.82345,13.361666,10.114914,6.12971,4.8043723,0.0,6.5872297,6.3618155,10.859023,13.914906,18.746868,15.156238,13.590496,11.567285,8.072521,7.7603426,5.6965175,9.373373,8.0291,13.880021,16.18511,18.425322,14.777729,12.611517,16.630396,17.204847,12.384545,12.363814,17.502394,14.810122,11.7225895,15.997565,18.915377,15.795037,14.577612,20.097673,22.396845,23.828205,20.62724,20.798256,23.546528,23.292166,19.359636,16.393398,13.667093,13.434459,18.960886,19.730583,15.0893955,19.07317,20.045008,23.53406,21.675537,19.08589,21.994135,22.835829,17.55817,18.545317,22.047766,22.348068,17.114208,20.472143,16.406,20.15747,18.96792,15.434985,20.371752,16.604801,20.76446,22.934431,18.312782,15.881481,12.098041,13.736853,8.174618,9.713328,10.576886,11.574574,14.810623,14.939042,18.4984,18.526157,20.123125,19.177069,17.891449,15.917837,15.008841,14.106938,12.094395,16.592579,13.229205,17.837753,20.482862,20.531399,17.347317,19.32818,13.575569,15.661986,13.490597,15.456626
18,31.920269,28.07386,27.942398,23.606413,21.69569,23.920742,18.016376,20.622618,17.29757,19.112448,19.026072,20.55719,18.674843,15.630634,11.011858,10.243451,5.990735,6.5872297,0.0,6.195739,7.7048564,9.492917,14.345504,11.8527565,10.059198,7.7675843,7.7416964,7.403784,9.127286,10.647989,13.332166,16.980444,20.680368,23.112143,20.129864,18.735895,22.844698,22.663586,18.076391,18.670172,23.462837,19.580517,17.121378,21.761183,24.1235,19.626604,19.039736,25.169022,26.636904,28.30053,24.28297,23.771452,25.950565,25.7398,20.975538,17.041542,16.093386,14.139087,19.358202,22.035622,17.710869,20.068504,21.137087,25.040712,24.495752,22.664286,25.332212,27.00103,22.298708,22.658798,27.054771,27.96109,23.065702,26.514927,22.747633,26.38282,25.330473,21.8709,26.565487,22.490294,26.536037,28.334328,23.72509,20.6719,17.16886,17.06006,12.079632,10.346581,9.771024,8.31295,11.056379,10.223266,13.815392,13.450913,15.921756,15.401011,15.345103,14.326325,14.420412,15.077047,14.395456,20.184862,17.741737,22.562994,25.443037,25.912924,22.641289,25.114725,19.4717,21.202818,19.173122,20.080523
19,31.086798,27.180653,27.830389,22.860483,21.861427,24.156286,18.845428,22.149734,18.47933,21.539019,21.24934,23.673195,21.972567,19.285044,15.180822,12.362214,9.610632,6.3618155,6.195739,0.0,4.862699,8.278706,12.833115,9.972008,9.483047,9.0274105,5.7671056,8.543323,8.812534,12.472079,13.2226,18.46907,21.754753,23.086502,18.8176,17.402271,20.755987,20.227182,15.2235,15.64324,19.96254,15.471711,12.702743,17.196415,19.441998,14.142599,13.394528,19.767378,20.89124,22.956001,19.117931,17.720484,20.456396,20.774504,16.157356,12.76854,11.868389,11.35403,16.443596,18.594786,15.538728,19.009249,20.98869,24.697807,23.165989,21.627022,25.449121,26.818857,21.899002,23.69321,27.288008,27.41631,22.408215,26.100542,21.738495,25.486555,23.732891,19.46632,23.58123,18.913984,22.568253,23.752462,19.137403,15.977449,13.035605,12.203907,8.965112,6.8344274,9.165473,9.429494,13.279907,14.344807,17.147154,15.544576,17.25723,15.14451,14.923673,12.330658,13.287782,11.945225,12.414293,16.320616,14.753403,18.823626,21.41904,22.760944,19.843754,23.46024,17.728172,20.772121,19.309242,21.3779
20,32.946926,29.206797,30.371792,25.643887,24.752314,27.751783,22.252687,26.024815,22.720245,25.512405,25.493082,27.586344,25.790932,22.903887,18.224556,16.485533,12.987785,10.859023,7.7048564,4.862699,0.0,3.6660492,7.9875765,6.554764,7.0899744,8.022739,7.4079447,10.611598,12.490581,15.176892,17.548422,21.87277,25.863867,27.028368,22.933552,21.997202,25.261623,24.162218,19.383429,20.163614,24.054043,18.79723,16.643467,21.10796,22.77604,16.569695,16.459517,22.88473,23.150393,25.391796,21.078176,18.952284,21.10596,21.617027,16.545874,12.702997,13.666074,12.194339,16.404121,19.94855,17.754002,20.113035,22.421038,26.249998,25.433943,24.58014,28.493612,30.333673,25.792088,27.545275,31.500729,31.835644,27.029259,30.8854,26.580425,30.34511,28.553955,24.210064,28.06757,23.19518,26.596746,27.33718,22.878345,19.46381,17.025202,14.951203,12.906551,8.868964,10.659123,9.463075,12.882997,13.977749,16.088388,13.337265,15.46073,12.843133,14.03888,11.778918,14.150534,13.46273,15.293037,19.239407,18.573006,22.404325,24.973803,26.779316,23.95997,28.01801,22.361057,25.409855,24.04018,25.81468
21,33.35004,29.786108,31.218428,26.818945,25.921598,29.441532,23.833868,27.941292,25.052174,27.61226,27.973335,29.807543,28.10764,25.046526,20.382027,19.214817,15.327995,13.914906,9.492917,8.278706,3.6660492,0.0,5.3240876,7.1744666,8.241805,9.553545,10.609783,13.3608885,15.773072,17.92633,20.880854,24.834835,29.012447,30.384363,26.47994,25.526682,28.883932,27.79417,23.042057,23.782515,27.707157,22.37896,20.25479,24.615282,26.275927,19.843378,19.666668,26.102053,26.14724,28.560825,24.199675,21.546396,23.60977,24.289654,19.137745,15.250912,16.93041,15.079939,18.745132,22.899572,20.954992,22.715015,25.004328,28.88491,28.507399,27.851524,31.616905,33.63617,29.19782,30.686386,34.84923,35.32238,30.48817,34.233,29.942327,33.563393,31.767742,27.46541,31.15699,26.218683,29.538614,30.132696,25.809732,22.190454,19.916567,17.253431,15.4964485,10.680557,11.53574,9.366949,11.999643,13.110175,14.485714,10.993751,13.344343,10.651226,12.8967495,11.356405,14.374241,14.548139,16.9441,21.245897,21.005043,24.837574,27.480383,29.406206,26.5788,30.835953,25.277128,28.180426,26.980915,28.365248
22,37.419624,34.024372,35.8766,31.535133,30.877424,34.577682,29.058245,33.25916,30.328146,32.88497,33.09448,34.86928,32.980328,29.97344,24.848452,24.067204,20.191875,18.746868,14.345504,12.833115,7.9875765,5.3240876,0.0,6.9752994,9.309436,11.91276,13.800148,16.80994,19.67337,21.440763,25.083673,28.458422,33.11139,33.949394,30.02381,29.62729,32.692238,30.92676,26.49297,27.6241,30.92833,24.962608,23.540483,27.812588,28.732786,21.829037,22.453684,28.57051,27.714869,30.070757,25.402681,22.490875,23.614925,24.38924,19.27954,15.590733,18.652712,16.498716,18.736015,23.71371,22.910677,23.772816,26.41915,30.140162,30.218012,30.29264,34.293682,36.648666,32.645584,34.45471,38.711197,39.224583,34.69717,38.76536,34.50148,38.31077,36.437443,31.970005,35.492687,30.42502,33.452473,33.605927,29.442669,25.9033,24.110378,20.969921,20.263325,15.320782,16.539335,14.327975,16.42198,17.42637,18.131086,13.951702,16.251558,13.155866,16.41553,14.991565,18.727299,18.656858,21.728197,25.240276,25.583086,28.955307,31.373121,33.739532,31.117744,35.66963,30.122257,33.256115,31.995548,33.57027
23,39.450523,35.72864,36.90869,32.134396,31.200361,33.93614,28.40062,31.662472,27.98016,30.439007,29.743046,31.57613,29.21537,26.574202,20.797941,20.164696,16.78532,15.156238,11.8527565,9.972008,6.554764,7.1744666,6.9752994,0.0,3.1992595,6.657544,8.172531,11.262106,14.302801,15.746504,19.894823,22.558586,27.557705,27.818115,24.101362,24.440619,27.372002,24.976852,21.0238,22.839756,25.70913,19.443497,18.895796,23.58093,23.847498,17.429834,19.19083,24.999025,24.133457,25.68679,20.520105,19.58567,19.61119,19.481148,14.191451,9.885663,12.707146,9.76857,12.2560005,17.31474,16.168846,16.80589,19.498081,23.193527,23.29241,23.540607,27.58373,30.090408,26.452486,28.519728,32.809803,33.472607,29.440952,34.001823,30.074713,34.362038,32.805782,28.495808,32.613003,27.862339,31.104856,31.621685,27.175089,24.188961,22.026548,20.204926,18.709534,15.214186,17.184761,15.5835705,18.551672,18.809393,20.869164,17.756058,20.431812,17.76852,19.908787,17.81947,20.617823,19.724176,21.678562,24.95068,24.316833,27.798872,30.075039,32.056015,29.396376,33.173943,27.430471,30.471674,28.492147,30.576937
24,39.72041,35.91996,36.658367,31.946892,30.68223,33.09624,27.438921,30.217852,26.425856,28.527699,27.610611,29.217318,26.68528,24.110039,18.060541,17.986835,14.583763,13.590496,10.059198,9.483047,7.0899744,8.241805,9.309436,3.1992595,0.0,3.5755408,6.443674,8.60671,12.18505,12.957611,17.833696,19.874825,25.10081,25.579685,22.30404,22.780176,25.97981,23.634207,19.830608,21.831118,24.913754,18.903387,18.456823,23.392948,23.751865,17.922073,19.719702,25.49773,25.042658,26.26312,21.044464,21.038132,20.943056,20.34793,15.122854,10.601439,12.45873,8.804046,12.031897,16.907763,14.714119,15.080992,17.34151,21.192041,21.586107,21.611504,25.25352,27.875175,24.320883,25.98992,30.549696,31.498575,27.58312,32.19629,28.522255,32.909134,31.650623,27.616228,32.126472,27.628214,31.130604,32.032173,27.445261,24.597183,22.02574,20.89255,18.442635,15.532416,17.064743,15.3327,18.228647,17.846712,20.38234,17.893427,20.84045,18.765148,20.59458,18.766026,20.984951,20.39274,21.631126,25.458055,24.19537,28.02203,30.400454,31.948473,29.12974,32.340607,26.541733,29.19207,26.855295,28.780176
25,39.004395,35.15349,35.408314,30.830076,29.212074,31.30181,25.553638,27.838297,24.025354,25.727472,24.690472,26.051392,23.421694,20.86167,14.64876,15.155458,11.674964,11.567285,7.7675843,9.0274105,8.022739,9.553545,11.91276,6.657544,3.5755408,0.0,5.4925027,5.853123,9.976734,10.017591,15.506056,17.090075,22.374958,23.353304,20.559774,20.911518,24.480484,22.496511,18.737473,20.703976,24.198345,18.763626,18.11496,23.186914,23.90762,18.79117,20.255419,26.02616,26.172955,27.197517,22.153362,22.754694,22.934458,22.071772,17.028439,12.567336,13.14458,9.3651085,13.457443,17.642242,14.17452,14.648118,16.223818,20.214294,20.728552,20.231136,23.31813,25.910189,22.265291,23.342804,28.161001,29.382307,25.448103,29.94997,26.514088,30.883734,29.930952,26.23979,31.097698,26.896008,30.668785,32.002026,27.318455,24.573929,21.570808,21.131552,17.635502,15.391999,16.311056,14.523089,17.262442,16.246618,19.282145,17.601435,20.686472,19.283297,20.64361,19.138273,20.639935,20.442167,20.868195,25.340996,23.427975,27.632359,30.144327,31.186136,28.192566,30.795364,25.003464,27.165058,24.538418,26.176455
26,36.612026,32.66769,32.955612,27.999392,26.732939,28.375593,23.07177,25.330633,21.13603,23.582033,22.284925,24.35986,21.920918,19.608015,14.124507,12.6616955,10.220601,8.072521,7.7416964,5.7671056,7.4079447,10.609783,13.800148,8.172531,6.443674,5.4925027,0.0,4.339124,6.169658,8.665574,11.724477,15.124727,19.601688,20.15473,16.397345,16.438663,19.711185,17.888754,13.703937,15.507161,18.98668,13.621165,12.635836,17.69826,18.613758,13.698419,14.978782,20.646126,21.128122,22.199146,17.506721,18.244913,19.074408,18.377405,13.624937,9.670566,8.709702,6.441846,11.778231,14.412766,10.829386,13.4445505,15.425706,19.223104,18.279385,17.274462,21.111725,23.093601,18.86638,20.835218,24.941599,25.557295,21.354273,25.891113,22.119535,26.54129,25.297705,21.345581,26.064669,21.847254,25.50675,26.80891,22.131416,19.661873,16.760176,16.854706,13.693582,12.574952,14.640495,14.222061,17.721193,17.655317,20.853727,19.295855,21.701015,19.77431,20.215584,17.854698,18.967201,17.651451,17.778982,21.221342,19.20271,23.038273,25.33785,26.450708,23.63876,26.362602,20.591167,23.267065,20.815441,23.191525
27,37.755146,33.79436,33.445282,28.749418,26.983063,28.123943,22.732805,24.101122,19.838606,21.517887,19.827108,21.423628,18.651697,16.473866,10.412216,10.260294,7.9764023,7.7603426,7.403784,8.543323,10.611598,13.3608885,16.80994,11.262106,8.60671,5.853123,4.339124,0.0,4.431128,4.6785207,9.740533,11.658242,16.61633,17.750738,15.04067,15.2983055,19.058243,17.475374,13.823049,15.818974,19.545454,15.0626,14.32727,19.358517,20.38117,16.682388,17.881073,23.143345,24.107594,24.704306,20.166986,21.91351,22.456493,21.261074,16.867102,13.0662,11.348846,8.588698,13.734248,15.924841,10.912279,12.853991,13.76859,17.648783,17.254194,15.768017,18.641558,20.788685,16.728577,17.754719,22.42643,23.61553,19.656982,24.197771,20.978817,25.477827,24.813679,21.498337,26.730421,23.07442,27.009851,28.839094,24.145023,21.951296,18.613121,19.596113,15.263543,14.984604,16.07732,15.3988905,18.432173,17.42399,21.073925,20.37779,23.036287,21.907568,22.125114,20.319332,20.728466,20.049446,19.22895,23.4197,20.607504,24.827356,27.220642,27.640024,24.653097,26.356764,20.679403,22.508596,19.441998,21.400957
28,36.049007,32.056793,31.480257,26.6334,25.012878,25.503395,20.616993,21.560055,16.968058,19.08382,17.02438,19.190023,16.612284,14.808529,9.935587,7.7551193,7.3522716,5.6965175,9.127286,8.812534,12.490581,15.773072,19.67337,14.302801,12.18505,9.976734,6.169658,4.431128,0.0,4.8588805,5.650244,9.758924,13.546816,14.644802,11.267572,10.970973,14.793663,13.805021,9.824365,11.540454,15.586441,12.04161,10.8380375,15.647388,17.124104,14.526204,15.195927,19.990595,21.628973,22.106697,18.243906,20.361338,21.519974,20.395285,16.660551,13.703354,10.469753,9.539922,14.853421,15.318522,9.920218,13.614812,14.38592,17.838259,16.183249,13.837348,16.926939,18.315529,13.5631,15.085958,19.112946,19.849726,15.544992,20.058723,16.664871,21.233456,20.523863,17.26431,22.60153,19.25503,23.201029,25.278355,20.652643,18.90693,15.499984,17.489943,13.025651,14.3263445,15.840871,16.228313,19.495125,18.997227,22.726439,22.38107,24.531275,23.317535,22.747322,20.574577,20.342543,19.040693,17.511482,20.978062,17.715235,21.69285,23.907118,24.01414,21.140123,22.438715,16.87309,18.791582,15.65744,18.201921
29,39.54478,35.58675,34.618057,30.097952,28.04786,28.33008,23.295565,23.475618,19.044872,20.04709,17.55918,18.823292,15.665485,14.1153555,8.05996,8.943487,8.406029,9.373373,10.647989,12.472079,15.176892,17.92633,21.440763,15.746504,12.957611,10.017591,8.665574,4.6785207,4.8588805,0.0,7.5124364,7.1251235,12.503526,13.8993225,12.398795,13.153601,17.040398,15.632851,12.956638,15.176659,18.685434,15.400685,15.167243,19.828083,20.739504,18.604807,19.874178,24.333563,25.744814,25.72372,21.565445,24.51527,24.762087,23.083784,19.3709,16.130354,13.432025,11.136091,15.758743,16.719206,10.689015,12.431749,12.087233,15.619737,15.270121,13.079625,14.888834,16.97905,13.152591,13.392887,18.434187,20.11425,16.686453,21.30725,18.850077,23.450949,23.420507,20.87417,26.466675,23.589437,27.586805,29.86757,25.301336,23.685421,20.187283,22.227175,17.377958,18.323074,19.095282,18.724728,21.471968,19.995787,23.91489,23.94765,26.558525,25.875376,25.678755,24.032501,23.781813,23.154808,21.458998,25.565987,22.06775,26.241892,28.493542,28.246004,25.30391,25.819239,20.499626,21.540268,17.819557,19.69746
30,35.81782,31.889805,30.627777,25.965076,24.244871,23.498493,19.493082,19.05687,14.2289,16.13376,13.18864,15.689791,13.256665,12.40561,9.721572,6.339593,9.10536,8.0291,13.332166,13.2226,17.548422,20.880854,25.083673,19.894823,17.833696,15.506056,11.724477,9.740533,5.650244,7.5124364,0.0,7.414487,8.703068,10.421087,7.3717456,6.0187864,10.373571,10.903094,7.695976,8.6789665,12.962931,12.103405,10.74417,14.3687525,16.370733,16.156006,16.136457,19.638712,22.257696,22.26339,19.531618,22.438097,23.963974,22.706663,19.991627,17.958124,13.721889,14.022032,18.810587,17.566473,11.910125,16.204264,16.112888,18.775549,16.223381,12.670926,14.821665,15.069057,9.650604,10.867286,14.145201,14.675033,10.057914,14.472645,11.457324,16.14783,15.988536,13.647145,19.33628,17.13169,21.065416,23.770681,19.489414,18.650143,15.211433,18.728458,13.979107,17.133844,18.383406,19.539766,22.546648,22.043196,25.879427,26.282503,28.04716,27.190102,25.847187,23.727715,22.553625,21.081127,18.392305,21.222015,17.140203,20.763111,22.683517,21.846626,19.152168,18.908606,13.95519,15.049101,11.306582,14.317192
31,42.342735,38.455917,36.773445,32.482395,30.320734,29.278408,25.215513,23.757303,19.279287,19.537125,15.814802,16.78674,13.423711,13.500333,9.84825,10.706409,12.814842,13.880021,16.980444,18.46907,21.87277,24.834835,28.458422,22.558586,19.874825,17.090075,15.124727,11.658242,9.758924,7.1251235,7.414487,0.0,6.2662425,7.729176,9.011922,10.68477,13.99368,13.110559,12.587713,14.75217,17.32388,16.389395,16.852983,20.38666,21.049524,21.355045,22.594318,25.562033,27.56329,26.682508,23.453482,27.808998,27.813797,25.67624,23.15805,20.9291,17.184568,16.05611,19.79929,18.753038,12.526051,14.381338,12.56604,14.667722,13.651032,10.178543,9.732803,11.027447,7.677324,6.3700633,11.804227,14.200822,12.117161,16.7181,15.7929735,20.322344,21.257416,20.04851,25.73732,24.202736,27.969524,30.73886,26.606712,25.987572,22.615608,25.94532,21.049908,23.487343,24.246477,24.51691,27.108356,25.546667,29.588661,30.25096,32.60867,32.1717,31.388603,29.690521,28.731758,27.831564,25.227768,28.595621,24.455853,28.129385,29.970741,28.869665,26.252306,25.055933,20.693502,20.702124,16.342882,18.349436
32,41.25523,37.525475,35.297543,31.306164,29.197054,27.051025,24.10815,21.474268,17.240925,17.222307,12.875678,14.096215,11.416248,12.805762,12.429597,11.782542,15.460882,16.18511,20.680368,21.754753,25.863867,29.012447,33.11139,27.557705,25.10081,22.374958,19.601688,16.61633,13.546816,12.503526,8.703068,6.2662425,0.0,5.4606237,8.336827,8.64852,11.279808,12.560281,12.950603,13.87826,16.224506,17.816113,17.734549,19.955635,21.260353,23.234589,23.573378,25.510128,28.386806,27.377487,25.36001,29.71539,30.469845,28.561762,26.74508,25.157612,20.754498,20.791283,24.615837,22.410099,16.643518,19.544197,17.800707,19.112211,16.925325,12.703705,11.357405,10.299342,6.5175834,3.3446505,6.8545747,9.182365,7.3401847,11.02719,11.404483,15.368169,17.074373,17.213926,22.63007,22.347881,25.832209,29.048172,25.462692,25.582691,22.394945,26.663322,21.81115,25.478998,26.12514,27.13835,29.601234,28.35667,32.346684,33.523537,35.392742,35.13709,33.613987,31.890574,30.179548,29.086275,25.687239,28.365442,23.80609,26.962372,28.471224,26.547596,24.263094,21.622478,18.400772,17.44507,13.018314,15.08746
33,44.55668,40.769863,38.962154,34.604607,32.90428,30.869713,28.046532,25.920729,21.450378,22.142881,17.88775,19.465551,16.84962,18.003218,16.515905,15.47606,18.71578,18.425322,23.112143,23.086502,27.028368,30.384363,33.949394,27.818115,25.579685,23.353304,20.15473,17.750738,14.644802,13.8993225,10.421087,7.729176,5.4606237,0.0,5.797077,8.787705,9.569106,8.99711,11.39853,13.248467,13.704485,15.447768,16.751257,18.540867,18.57771,21.48465,22.764385,23.726362,26.068205,24.320803,22.462263,27.932566,27.791845,25.483904,24.486267,23.632618,19.096878,19.623661,22.468828,19.230799,14.207978,17.04687,15.322488,15.770186,12.736446,8.477159,7.284601,5.3810244,1.8495144,4.0149345,5.3416433,7.180442,7.655929,12.460908,12.943212,17.259737,18.60629,18.364635,23.426298,23.154602,26.175562,28.98281,25.56992,26.150793,23.465527,27.672894,23.780039,27.335093,28.78624,29.89997,32.794067,31.858408,35.825573,36.39313,38.351807,37.520786,36.267086,34.05647,32.85652,31.08658,28.226051,29.887041,25.75356,28.272118,29.377214,27.931124,26.034761,23.840748,20.681496,20.643644,16.550484,19.513313
34,40.88543,37.0414,35.813316,31.058033,29.792736,28.27577,25.309109,24.256132,19.507446,21.407898,17.743723,20.250027,17.914366,18.207787,16.193254,13.508738,16.439585,14.777729,20.129864,18.8176,22.933552,26.47994,30.02381,24.101362,22.30404,20.559774,16.397345,15.04067,11.267572,12.398795,7.3717456,9.011922,8.336827,5.797077,0.0,4.7410846,5.706398,4.4387207,5.6123323,7.822764,8.618758,9.933327,10.988542,12.920412,13.187739,15.855048,16.985659,18.112825,20.506622,19.149775,17.294254,22.288507,22.70153,20.806616,19.747746,19.168674,14.323681,15.803362,19.002062,15.514037,10.862345,15.393394,15.002515,16.223278,12.151747,8.087619,10.555263,9.55943,4.3009925,8.877955,9.903663,9.5610285,7.096905,12.622147,10.94872,15.846302,16.041649,14.460836,19.510069,18.441114,21.459898,23.94711,20.326155,20.81669,18.34898,22.393244,19.191242,22.76477,24.836555,26.313717,29.56901,29.30369,33.08541,33.150833,34.868793,33.539112,32.24336,29.632893,28.704943,26.383377,23.94606,24.913763,21.176104,23.43224,24.486156,23.638454,21.78226,20.767496,17.007345,18.226566,14.65932,18.49103
35,36.45111,32.65973,31.272797,26.605967,25.376581,23.637426,20.992348,19.901436,15.21452,17.559721,14.244317,17.305906,15.582465,15.729617,15.010574,11.028226,14.539567,12.611517,18.735895,17.402271,21.997202,25.526682,29.62729,24.440619,22.780176,20.911518,16.438663,15.2983055,10.970973,13.153601,6.0187864,10.68477,8.64852,8.787705,4.7410846,0.0,4.55451,7.3394694,5.6931458,5.309087,8.59266,10.998068,9.907933,11.430961,13.5484085,15.919566,15.511366,17.055546,20.370121,19.854025,18.574717,22.122486,23.909155,22.708502,21.279894,20.475344,15.610799,17.407946,21.438902,18.476053,13.869061,18.902494,18.82087,20.54752,16.68157,12.711196,14.858373,13.569703,8.020537,10.704989,11.289889,10.294228,5.274701,9.96043,6.9051113,11.906118,11.7802105,10.0843725,15.476886,14.50617,17.833817,20.7377,17.09739,17.542007,14.843382,19.389393,15.836401,20.137562,21.929075,23.873125,26.983072,27.02641,30.688066,31.086021,32.411648,31.282917,29.459368,26.957678,25.480497,23.226599,20.252846,21.21917,17.130428,19.485514,20.673943,19.397951,17.402067,16.14469,12.357985,13.522761,10.172788,14.317108
