,0,1,2,3,4,5,6,7,8,9,10,11,12,13,14,15,16,17,18,19,20,21,22,23,24,25,26,27,28,29,30,31,32,33,34,35,36,37,38,39,40,41,42,43,44,45,46,47,48,49,50,51,52,53,54,55,56,57,58,59,60,61,62,63,64,65,66,67,68,69,70,71,72,73,74,75,76,77,78,79,80,81,82,83,84,85,86,87,88,89,90,91,92,93,94,95,96,97,98,99,100
0,0.0,4.598593,6.9729595,9.185536,12.414991,13.526782,17.704796,22.111715,23.833534,27.432217,29.542421,33.786575,30.795618,28.650377,24.553005,22.693232,18.821054,18.224808,12.568935,14.180483,13.032341,11.426377,13.074413,16.619108,17.623095,18.243633,19.009182,17.953836,21.474049,17.830675,25.097746,20.744564,27.976568,27.0904,28.497179,30.018555,25.94667,26.489832,22.048813,19.94752,24.876282,20.893112,24.884426,25.03433,22.093548,24.354582,25.15941,23.501324,27.496058,26.876669,31.565826,30.62948,35.040348,38.243153,36.479393,33.330795,33.229584,29.7014,32.943607,28.366383,34.36745,28.431692,32.769104,31.858042,35.30164,33.50846,35.281467,39.008453,39.465813,37.16033,36.392384,32.802227,32.73233,27.659302,29.37347,25.264118,28.135536,25.640385,24.968557,28.856352,24.350195,28.216953,22.819262,19.121918,18.577217,16.38094,18.26461,18.569078,18.794157,22.354202,24.212215,27.314976,27.877615,30.686317,32.75654,33.91322,32.792053,33.411674,30.387812,30.744234,32.269302
1,4.598593,0.0,4.8559947,5.574273,8.339865,10.950428,13.74382,19.09888,20.499084,24.297577,26.510313,30.900457,28.214592,26.256176,22.151356,19.84773,16.062914,14.725169,9.985154,10.304006,10.237228,8.146809,11.024195,13.953947,14.1963215,15.361369,15.473308,15.076549,18.488781,15.574429,22.782423,19.135056,26.667442,25.769966,27.756296,29.717735,26.12982,26.573057,21.907082,19.42652,24.009745,19.985737,22.991997,23.0643,20.187521,21.346107,22.324577,19.845722,24.34547,23.246647,27.941757,27.020782,31.100756,34.5988,32.525696,29.451822,29.099026,25.524668,28.655409,24.072235,30.070555,24.276325,28.886374,28.23356,31.933147,30.415989,32.531425,36.205143,36.16606,33.713577,32.631985,28.984207,28.611563,23.49688,24.950747,20.80636,23.544184,21.272266,20.500513,24.579296,20.336863,24.567327,19.50901,15.370292,14.623639,12.070395,14.021781,14.038458,14.329859,17.800936,19.778708,22.854507,23.675653,26.393578,28.413216,29.79297,28.923914,29.517714,26.986353,27.096657,29.192842
2,6.9729595,4.8559947,0.0,5.061107,6.995742,7.4520707,11.815147,15.619013,17.94676,21.247433,24.177898,28.356594,24.86094,23.223663,18.634327,17.23091,13.663615,13.159491,9.762905,10.981164,12.717731,11.511711,14.891363,16.921045,16.57499,17.352238,16.04901,15.008039,17.48148,14.040002,20.734207,16.021185,23.967678,22.027052,24.438055,26.159115,22.86089,23.847572,19.314041,17.25239,22.136517,19.138542,21.946844,22.970545,20.908163,21.644142,23.96893,21.54376,26.546295,25.53119,30.021593,29.76141,33.300293,37.187862,34.91418,32.07472,31.256205,27.51207,30.022812,25.250793,30.596575,24.644657,29.020285,27.888489,31.791958,29.23569,31.736881,35.002174,35.05186,32.44999,31.83997,27.837782,27.949682,22.89247,24.6274,21.039595,23.740438,23.014862,21.554558,26.235096,22.209642,27.359371,22.777332,18.317444,17.561724,14.1834755,16.00415,14.508594,13.830016,17.294554,18.508648,21.78879,21.735798,24.514442,26.720335,27.455452,26.077885,26.723103,23.452578,24.116283,25.493664
3,9.185536,5.574273,5.061107,0.0,3.7394018,6.261128,8.713534,14.026824,15.006839,18.906689,20.938002,25.34104,22.878153,20.874334,16.982353,14.334479,10.584174,9.197113,5.398971,5.986503,8.221236,7.6942844,11.384312,12.448891,11.795409,12.453877,11.031826,10.289598,13.176856,10.467037,17.446217,14.311195,21.847193,21.154451,23.413422,25.780258,22.701338,22.96132,18.238218,15.521045,19.681877,16.05465,18.176523,18.676418,16.428415,16.769098,18.964296,16.582975,21.586855,20.765356,25.16962,25.331333,28.871275,32.69163,30.787891,28.12683,27.342028,23.382898,25.698433,20.827337,26.153627,20.024965,24.287058,23.250204,27.05459,25.053253,27.400541,30.895706,30.827484,28.328985,27.487642,23.730196,23.735659,18.673811,20.679075,16.953363,20.376507,19.511503,18.946632,23.618525,20.454401,25.12113,20.898779,16.206553,14.472987,11.785683,11.807798,12.3101225,10.296487,14.367044,16.076996,18.74792,19.088882,22.35943,24.80731,25.946999,25.00316,25.06301,22.696785,22.136127,24.33719
4,12.414991,8.339865,6.995742,3.7394018,0.0,5.7759223,5.409725,11.649708,12.6185875,16.48822,19.040627,23.465822,21.004646,19.461924,15.4264555,12.743135,9.521601,7.3266516,7.036358,5.546946,9.906902,9.293065,13.417596,13.621873,11.970242,13.108155,10.310013,10.365576,12.315204,10.685363,16.752281,14.170049,21.786495,20.605566,23.547361,26.092714,23.637543,24.048334,19.449236,16.7902,20.489445,17.442677,18.38108,19.13153,17.371206,16.265041,19.028473,15.756267,21.3077,19.939007,24.150026,24.43552,27.345808,31.547606,29.202278,26.714212,25.511328,21.57555,23.524672,18.679739,23.69493,17.791967,22.308683,21.446259,25.61207,23.560564,26.43676,29.654436,29.037447,26.309103,25.262508,21.279074,21.057676,15.964905,17.6579,14.162996,17.253887,17.390245,16.311356,21.315344,18.546692,23.778149,20.202969,15.350807,13.67422,10.432304,10.553459,9.583129,7.0096936,10.927032,12.397418,15.207333,15.515085,18.64608,21.07577,22.232262,21.390476,21.51654,19.453157,18.913155,21.530756
5,13.526782,10.950428,7.4520707,6.261128,5.7759223,0.0,7.0360937,8.666451,10.916604,14.03736,16.933098,20.98642,17.465631,15.799124,11.27949,9.917766,6.645944,7.339427,7.3140817,9.269868,12.995007,13.504614,17.048916,17.11641,15.941421,15.8703375,12.662271,10.848025,11.650877,8.32473,13.859452,9.285797,17.373875,15.389384,18.319128,20.578995,18.157412,18.983742,14.555326,12.4333725,16.612137,14.798417,16.23535,18.21967,17.430601,17.122242,21.207312,19.291687,24.546366,24.043585,27.92096,29.09555,31.857227,36.0218,34.07457,31.8363,30.522171,26.430546,27.737045,22.797606,26.86079,20.674099,24.203085,22.364954,26.272638,22.692465,25.516392,28.353067,28.506432,25.877281,25.859232,21.714903,22.626642,17.928446,20.520023,17.925158,21.383741,22.660498,21.518003,26.699991,24.11702,29.528233,25.947468,21.106339,19.358953,16.199112,15.75267,14.867446,11.182169,14.949283,15.407453,17.903454,16.754442,20.340641,23.18207,23.334692,21.690893,21.45923,18.16357,17.891426,19.02274
6,17.704796,13.74382,11.815147,8.713534,5.409725,7.0360937,0.0,7.738157,7.836549,11.6868925,14.497861,18.85745,16.727194,15.639262,11.9913435,9.044356,7.21139,4.4021144,9.324916,7.3675337,12.82663,13.119691,17.0066,15.810414,13.31115,14.127346,9.512884,9.9227,9.835511,9.94419,13.858829,12.688194,19.604122,18.318878,21.851898,24.740116,23.258663,23.590923,19.38405,16.862627,19.500492,17.48642,16.66985,17.940605,17.25601,14.417254,18.462984,15.004849,20.814264,19.423725,22.951374,24.192585,26.101818,30.644524,28.245815,26.312277,24.552906,20.548023,21.363546,16.579655,20.34537,14.5839815,18.70134,17.606596,22.054434,19.515251,22.99566,25.73094,24.642494,21.707838,20.75604,16.5012,16.519003,11.637059,13.645409,11.218516,14.51207,16.860758,15.732277,20.985495,19.552319,24.98575,22.534126,17.755459,15.724776,12.784465,11.46012,10.14335,4.8719606,8.339655,8.857029,10.976243,10.502517,14.184377,17.048645,17.909613,17.102371,16.63561,15.141778,13.740175,16.904161
7,22.111715,19.09888,15.619013,14.026824,11.649708,8.666451,7.738157,0.0,4.949696,6.008927,10.838156,14.263889,10.070591,9.91022,5.2296257,5.815741,6.8288436,8.192246,13.628242,14.064838,18.992952,19.963427,23.57952,22.24517,20.070415,19.898232,14.951227,13.743078,11.467729,10.913996,11.372612,9.013761,15.139519,11.921728,16.411053,19.023691,18.775856,19.74585,16.498444,15.1106615,17.175068,17.621786,16.193972,19.18937,20.123451,17.507874,23.12656,20.988747,26.35637,25.717129,28.583702,30.83235,32.141003,36.72322,34.576168,33.085182,31.023846,27.068996,26.856886,22.359085,24.31287,18.947264,21.431562,19.149416,23.230383,18.401794,22.25423,23.898405,23.384813,20.454145,21.01663,16.54461,18.204704,14.649357,17.377903,16.814686,19.77616,23.834703,22.34403,27.641464,26.537502,32.330204,30.120724,25.360191,23.457909,20.353222,19.028755,17.170551,12.166053,14.280607,13.033849,14.338496,11.2774935,15.056592,18.30118,17.35515,15.290488,14.144542,10.823887,9.7660475,10.523282
8,23.833534,20.499084,17.94676,15.006839,12.6185875,10.916604,7.836549,4.949696,0.0,4.428967,6.9465156,11.103898,9.33084,8.39648,6.4356074,3.4878764,6.067905,6.5341344,13.211029,13.032511,17.797413,19.343206,22.549364,20.307417,17.900173,17.404797,12.134201,11.327704,7.9969516,9.604286,8.5063,9.727232,14.1826515,13.287741,17.01371,20.279734,20.198586,20.24636,17.069536,15.169559,15.940496,16.072536,13.192704,15.785951,17.11275,13.470069,19.398102,17.608957,22.62306,22.31792,24.686913,27.612402,28.637035,33.069454,31.400993,30.256124,28.20792,24.182528,23.41772,19.031656,20.320162,14.899745,16.727318,14.237473,18.287868,13.69755,17.675392,19.488708,18.731327,15.803769,16.24077,11.863087,13.836016,10.582602,14.044464,13.989177,17.713158,21.927721,21.394045,26.392462,26.220339,31.329645,29.569643,24.939835,22.450537,20.176657,17.382624,17.239202,11.271631,13.3852005,12.554135,12.537748,9.846988,14.378139,17.861357,17.510145,16.263418,14.1686535,12.872163,9.32688,11.770938
9,27.432217,24.297577,21.247433,18.906689,16.48822,14.03736,11.6868925,6.008927,4.428967,0.0,5.9950094,8.673509,5.626912,6.454341,5.5265436,6.0726094,9.590401,10.897968,17.2766,17.420898,22.170107,23.710241,26.94451,24.696125,22.287666,21.696434,16.444265,15.458959,11.712252,13.082898,9.9096365,11.060247,13.881275,11.896688,16.135857,19.156748,20.14175,20.51856,18.172245,17.011621,17.169737,18.664913,15.365645,18.571482,20.602211,16.935385,23.13981,21.604445,26.389639,26.154758,28.109716,31.337603,31.845446,36.33498,34.611004,33.734318,31.452667,27.606808,26.302433,22.295816,22.520178,17.870169,18.851065,16.074532,19.74679,14.132561,18.372276,19.150644,18.381804,15.472067,16.752039,12.528603,15.184757,13.169654,16.317635,17.257244,20.333822,25.44921,24.561476,29.519615,29.588655,34.931572,33.46625,28.882576,26.56989,24.10778,21.603613,20.731411,15.103637,16.47382,14.879325,14.505053,10.778405,14.740961,18.168211,16.84875,15.117834,12.521967,10.880439,7.053714,8.023918
10,29.542421,26.510313,24.177898,20.938002,19.040627,16.933098,14.497861,10.838156,6.9465156,5.9950094,0.0,4.5585895,6.8806186,5.560302,8.727973,7.069733,10.7698555,12.04186,17.851236,18.22633,22.102682,24.382381,26.890116,23.892385,21.71179,20.378155,15.564223,14.406,9.940572,12.721396,6.984586,11.994883,11.861347,13.161351,15.788886,19.363142,20.455275,19.722652,17.823063,16.448734,14.834676,16.525133,11.718215,14.710293,17.618862,13.726923,20.153496,19.988111,23.754316,24.457127,25.716719,29.89457,30.32936,34.337852,33.568596,33.077885,31.041689,27.137747,25.31009,21.549374,20.906057,16.323591,15.6275215,12.033936,14.824298,8.415589,12.482174,13.249555,13.096545,10.586533,12.778027,9.44732,13.262509,12.377046,16.387934,17.689528,21.653711,26.26676,26.562597,31.10034,31.85532,36.328365,35.024662,30.591469,27.675001,26.123095,22.228827,23.421753,17.244795,18.96935,18.082489,16.713467,13.879687,18.147951,21.57992,20.861876,19.840528,16.651688,16.436218,11.444148,12.943303
11,33.786575,30.900457,28.356594,25.34104,23.465822,20.98642,18.85745,14.263889,11.103898,8.673509,4.5585895,0.0,6.661022,6.6678805,11.287117,11.154304,14.9689245,16.564247,22.195107,22.775908,26.531874,28.904715,31.31018,28.207386,26.085033,24.600555,19.957014,18.711323,14.224577,16.769714,10.0989685,14.972303,12.623373,13.991334,16.19607,19.489792,21.589027,20.827335,19.914503,19.163773,16.692991,19.486994,14.432224,17.597752,21.07095,17.378046,23.692352,23.967756,27.26452,28.197796,28.946526,33.50692,33.4945,37.366474,36.80522,36.633728,34.490875,30.766184,28.433392,25.108284,23.453884,19.71182,18.006567,14.299786,16.094753,9.074472,12.695686,11.841875,12.050533,10.111903,13.553158,11.257256,15.506845,15.868637,19.562437,21.539305,25.139545,30.232265,30.499706,34.903736,35.973423,40.42894,39.3798,35.00492,32.101032,30.569113,26.655527,27.683083,21.601507,22.963686,21.743683,20.043917,16.866673,20.62715,23.89036,22.645851,21.522041,17.974451,17.993206,13.010171,13.322262
12,30.795618,28.214592,24.86094,22.878153,21.004646,17.465631,16.727194,10.070591,9.33084,5.626912,6.8806186,6.661022,0.0,3.8931289,6.348374,9.103752,12.788482,15.254718,20.67671,21.838903,26.064049,27.996075,30.932055,28.661634,26.624441,25.452358,20.562534,18.797634,14.783873,15.520707,10.345233,11.542938,11.246558,9.018345,12.857218,15.617356,17.830236,18.225004,17.16474,16.961182,16.069141,19.254763,15.860594,19.796942,22.668928,19.836561,26.336164,25.8933,30.124973,30.559633,32.211533,35.965374,36.465977,40.72041,39.46104,38.757874,36.549126,32.674034,31.090027,27.212986,26.818853,22.361567,22.244131,18.836123,21.556826,14.747297,18.367552,18.205679,18.556103,16.262056,18.89711,15.466865,19.011086,17.879374,21.308586,22.536303,25.77921,30.882645,30.173141,35.10155,35.17394,40.46361,38.8553,34.212452,31.778746,29.382208,26.66502,26.200607,20.49479,22.08973,20.47561,19.95925,16.090437,19.699425,22.995268,21.086868,19.004543,16.183598,14.029867,10.873575,8.932509
13,28.650377,26.256176,23.223663,20.874334,19.461924,15.799124,15.639262,9.91022,8.39648,6.454341,5.560302,6.6678805,3.8931289,0.0,5.441651,6.8911448,10.394582,13.269382,17.987566,19.656864,23.37063,25.632853,28.241941,25.910099,24.178732,22.618654,18.090816,15.859859,11.887258,12.4037075,6.6486144,8.751028,7.9171753,7.720194,10.672142,14.030757,15.560339,15.359998,14.034996,13.568048,12.314662,15.46159,12.076615,16.171385,19.143103,16.93702,23.44566,23.663698,27.612106,28.505098,30.276133,34.1509,35.119755,39.13595,38.287952,37.471733,35.544693,31.49385,30.17827,26.06964,26.160168,21.133509,20.93874,17.262665,19.770153,12.926313,16.037035,16.591629,17.68636,15.615368,18.267635,14.988819,18.65083,17.095793,21.03353,21.714935,25.6303,29.953873,29.74739,34.655117,34.58279,39.541775,37.605656,32.92695,30.230436,28.137657,24.954279,25.506283,19.511456,21.76724,20.722105,20.289547,16.963018,21.103096,24.551073,23.20922,21.37082,18.63944,16.588144,13.137161,12.261592
14,24.553005,22.151356,18.634327,16.982353,15.4264555,11.27949,11.9913435,5.2296257,6.4356074,5.5265436,8.727973,11.287117,6.348374,5.441651,0.0,5.04757,7.538758,10.63516,15.230948,16.91656,21.106552,22.788765,25.897089,24.2766,22.50268,21.492905,16.829697,14.644603,11.5786915,10.698351,8.507278,6.2973423,10.410215,7.1279883,11.583271,14.403353,14.889615,15.670728,13.255523,12.565015,13.597518,15.61814,13.859232,17.709064,19.606596,17.693027,23.88347,23.090183,27.822084,28.053867,30.552128,33.56138,34.910305,39.214283,37.724556,36.460953,34.52128,30.439196,29.827744,25.374846,26.618822,21.177185,22.435875,19.338982,22.692064,16.691376,20.097528,21.316404,21.804796,19.28655,20.967104,16.945042,19.703022,16.938274,20.419403,20.314701,23.862556,27.904867,26.990534,32.185814,31.336084,36.80965,34.494995,29.700544,27.432411,24.72055,22.592909,21.95131,16.468332,18.901134,17.782866,18.38794,15.054446,19.045137,22.417116,21.080315,18.86761,17.001154,13.685295,11.80097,10.843701
15,22.693232,19.84773,17.23091,14.334479,12.743135,9.917766,9.044356,5.815741,3.4878764,6.0726094,7.069733,11.154304,9.103752,6.8911448,5.04757,0.0,3.9427025,6.407332,11.722718,12.861853,16.969547,18.941755,21.833294,19.731703,17.842613,16.738121,11.959778,9.997657,6.639398,7.0247707,5.7134824,6.5125003,11.111935,10.900348,14.064849,17.449007,17.043428,16.875437,13.651521,11.75802,12.535453,12.939951,10.517886,13.654191,15.211618,12.764389,18.891474,18.11661,22.774858,23.114067,25.62227,28.718224,30.252638,34.41286,33.19113,31.932013,30.171234,25.99232,25.485224,20.922039,22.52653,16.690147,18.130499,15.173458,18.719967,13.631819,16.967205,19.049257,19.272299,16.713251,17.71569,13.730561,16.156975,12.918122,16.785946,16.266546,20.479162,23.90732,23.703943,28.707512,28.181238,33.10894,30.866062,26.145374,23.485062,21.341473,18.326052,19.017546,13.008415,15.883799,15.479079,15.722036,13.297555,17.828152,21.296282,20.896688,19.444656,17.413177,15.473412,12.341367,13.6566515
16,18.821054,16.062914,13.663615,10.584174,9.521601,6.645944,7.21139,6.8288436,6.067905,9.590401,10.7698555,14.9689245,12.788482,10.394582,7.538758,3.9427025,0.0,4.0747004,7.921018,9.696401,13.581481,15.464863,18.397934,16.793198,15.228739,14.193092,9.907609,7.474647,5.917524,4.116017,7.4782248,6.02173,12.594623,12.496415,15.171163,18.337906,16.83674,16.688507,12.668961,10.193091,12.374815,11.2944765,10.563625,13.073289,13.5533905,12.188869,17.607378,16.702295,21.535471,21.808264,24.904856,27.412275,29.621609,33.677418,32.418915,30.77609,29.308144,25.041267,25.2973,20.45214,23.230972,16.94312,19.229546,16.695074,20.30901,16.159267,18.987238,21.715206,22.082582,19.614502,20.08161,16.172974,17.918121,13.866353,17.502176,15.895947,20.290052,22.569704,22.420046,27.455582,26.286356,31.135813,28.339197,23.55363,20.935886,18.737322,16.016302,17.05263,11.385127,15.044044,15.29853,16.278355,14.648421,19.076685,22.391623,22.450867,21.084148,19.637177,17.391552,15.054039,16.596266
17,18.224808,14.725169,13.159491,9.197113,7.3266516,7.339427,4.4021144,8.192246,6.5341344,10.897968,12.04186,16.564247,15.254718,13.269382,10.63516,6.407332,4.0747004,0.0,7.12965,6.600612,11.33625,12.860805,16.066309,14.181513,12.037546,11.717281,6.865712,6.094827,5.5513105,6.0167327,10.052535,10.088252,16.255077,16.398336,19.193422,22.407528,20.828676,20.554424,16.386248,13.586416,15.621059,13.433524,12.309161,13.595679,13.229686,10.717631,15.453438,13.36985,18.682066,18.325373,21.61962,23.729275,25.908087,30.095957,28.553057,26.825987,25.331915,21.084356,21.576288,16.666359,20.03053,13.694515,16.876078,15.101371,19.148003,16.324247,19.343056,22.378345,21.94609,19.305567,18.816006,14.874603,15.664445,11.026122,14.258725,12.080433,16.552853,18.497326,18.51586,23.462463,22.492983,27.17983,24.615131,19.887737,17.17077,15.158533,12.129909,13.48606,7.5880365,11.43421,12.239913,13.22277,12.551806,16.880995,20.029137,20.784979,19.988493,18.750193,17.429901,14.876268,17.728783
18,12.568935,9.985154,9.762905,5.398971,7.036358,7.3140817,9.324916,13.628242,13.211029,17.2766,17.851236,22.195107,20.67671,17.987566,15.230948,11.722718,7.921018,7.12965,0.0,5.143506,6.471722,8.464631,10.967134,10.492158,10.137445,9.208657,7.8173113,5.570779,8.963861,6.0310016,13.326383,11.581632,18.010738,18.936228,20.422832,23.218367,20.192059,19.643309,14.964565,11.779479,15.1706085,11.021713,13.071609,13.355192,11.232667,12.308794,15.023216,14.1965475,18.627338,18.944494,22.946463,24.246239,27.811827,31.332834,30.326864,28.047478,27.374357,23.1429,24.845432,19.890707,24.572096,18.055593,21.350828,19.769066,23.06863,20.972252,22.76663,26.476221,26.97189,24.80888,24.356058,20.999418,21.61232,16.90811,19.861816,16.550955,21.072096,20.531496,21.08533,25.615232,23.500471,27.469042,23.647053,19.05077,16.350286,14.832275,12.314336,15.325881,11.389258,15.836674,17.550804,19.199974,19.272018,23.26769,26.131407,27.184029,26.315807,25.541773,23.583023,21.780815,23.986433
19,14.180483,10.304006,10.981164,5.986503,5.546946,9.269868,7.3675337,14.064838,13.032511,17.420898,18.22633,22.775908,21.838903,19.656864,16.91656,12.861853,9.696401,6.600612,5.143506,0.0,5.5164633,6.3336124,9.782822,8.611485,6.756826,7.6111236,5.3735924,6.375437,9.551346,9.238618,15.388359,14.967537,21.35092,22.018095,24.201324,27.21443,24.680616,24.202608,19.61279,16.422056,19.157719,15.113047,15.590639,15.180911,12.800376,11.688633,13.584088,10.689628,15.945455,15.1148405,19.34272,20.070713,23.397358,27.221315,25.664833,23.312098,22.47875,18.301733,20.26002,15.327674,20.597263,14.375076,18.635685,17.972677,21.736464,20.800428,23.057999,26.77423,26.264627,23.866016,22.497492,19.137037,18.747536,13.7700205,15.915734,12.053076,16.33169,15.39701,16.080462,20.514214,18.739243,22.655373,19.291891,14.654112,11.742941,10.389014,7.3094063,10.87358,7.2107086,11.504763,13.808961,15.397188,16.45743,20.05982,22.620344,24.317991,24.044624,23.468863,22.48566,20.505817,23.817972
20,13.032341,10.237228,12.717731,8.221236,9.906902,12.995007,12.82663,18.992952,17.797413,22.170107,22.102682,26.531874,26.064049,23.37063,21.106552,16.969547,13.581481,11.33625,6.471722,5.5164633,0.0,3.6949835,4.877063,4.406991,5.243165,5.2444615,7.597489,7.9965014,12.387898,11.509981,18.084145,17.839563,23.481987,25.202564,26.438208,29.349821,26.16963,25.198765,20.636047,17.312286,19.988283,14.812332,16.5493,14.99088,11.348163,12.574174,12.230493,10.935326,14.599679,14.671733,19.095098,19.388107,23.774752,26.76371,26.049965,23.477911,23.462923,19.466805,22.082893,17.501238,23.206821,17.196257,20.966301,20.460133,23.432297,23.35477,24.625307,28.811413,28.869755,26.921658,25.536983,22.829702,22.422186,17.80993,19.964499,15.872965,20.215889,17.444792,19.147417,22.725954,20.716366,23.28052,19.26702,15.23778,12.1206255,12.307399,8.999697,14.646849,12.340562,16.300982,18.966953,20.346977,21.76586,25.33105,27.76909,29.700249,29.540415,28.916397,27.942617,25.817228,28.98257
21,11.426377,8.146809,11.511711,7.6942844,9.293065,13.504614,13.119691,19.963427,19.343206,23.710241,24.382381,28.904715,27.996075,25.632853,22.788765,18.941755,15.464863,12.860805,8.464631,6.3336124,3.6949835,0.0,4.2874036,6.08555,6.424419,8.158245,9.92697,10.987537,15.100251,14.110281,20.880636,19.948822,26.289433,27.232857,28.886696,31.632006,28.387964,27.804897,23.125809,19.932821,23.097933,18.119276,19.926388,18.590475,15.021123,15.647225,15.021257,12.442034,16.40886,15.458456,20.168594,19.382362,23.834925,26.96507,25.594833,22.674988,22.693235,18.960482,22.187557,17.760983,24.028189,18.40001,22.85423,22.790115,26.08057,26.156765,27.776026,31.856245,31.517834,29.363424,27.656805,24.740963,23.85691,19.037071,20.477085,16.023262,19.569006,16.074926,17.268074,20.711815,17.967184,20.672802,16.213297,12.159186,9.573574,9.482233,7.9527717,12.594948,11.916874,15.484011,18.332329,20.23387,22.028194,25.093513,27.19799,29.340843,29.276382,29.136953,28.122799,26.598902,29.905388
22,13.074413,11.024195,14.891363,11.384312,13.417596,17.048916,17.0066,23.57952,22.549364,26.94451,26.890116,31.31018,30.932055,28.241941,25.897089,21.833294,18.397934,16.066309,10.967134,9.782822,4.877063,4.2874036,0.0,4.622892,7.121577,8.017582,11.857982,12.735077,17.14072,16.261463,22.852642,22.460852,28.049711,29.84229,30.882145,33.641396,30.138222,29.129467,24.607254,21.37051,24.151787,18.653086,20.85426,18.743095,14.6200695,16.396193,14.268285,12.970203,15.424898,15.244497,19.790161,18.83242,23.909874,26.29633,25.725899,22.807432,23.440334,19.926014,23.362164,19.316267,25.569546,20.18312,24.12376,24.173052,26.859573,27.616041,28.558895,32.902077,32.88741,31.072763,29.33534,26.930119,26.056265,21.576052,23.126225,18.724817,22.454777,18.083515,20.15383,22.869722,20.431145,21.852514,17.315672,14.118676,11.423305,12.718099,10.500673,16.387108,15.735817,19.171865,22.161161,23.678387,25.651106,28.817486,30.917267,33.212646,33.281166,32.942924,32.118324,30.22985,33.570168
23,16.619108,13.953947,16.921045,12.448891,13.621873,17.11641,15.810414,22.24517,20.307417,24.696125,23.892385,28.207386,28.661634,25.910099,24.2766,19.731703,16.793198,14.181513,10.492158,8.611485,4.406991,6.08555,4.622892,0.0,3.573057,3.8311183,8.532774,10.097558,14.216294,14.576876,20.257269,21.275404,26.087337,28.55041,29.577232,32.687943,29.649433,28.28904,23.924404,20.524223,22.394466,16.992735,18.013802,15.425354,11.382457,12.303572,9.722477,8.6993065,11.072301,11.411402,15.766556,15.8473,20.66425,23.12355,23.004126,20.510279,20.966434,17.169596,19.988583,15.908239,21.716234,16.29382,19.800913,19.915867,22.394894,23.673409,24.473349,28.858412,28.695005,27.022102,25.160803,23.112146,22.238985,18.114782,19.924488,15.843003,20.156591,16.346188,19.178762,21.908157,20.66314,21.938961,18.380135,15.064355,11.517215,13.312429,8.851074,16.196907,14.297642,17.650526,20.62474,21.390326,23.419641,26.826408,29.082329,31.441633,31.734045,30.924763,30.708567,28.047585,31.733694
24,17.623095,14.1963215,16.57499,11.795409,11.970242,15.941421,13.31115,20.070415,17.900173,22.287666,21.71179,26.085033,26.624441,24.178732,22.50268,17.842613,15.228739,12.037546,10.137445,6.756826,5.243165,6.424419,7.121577,3.573057,0.0,3.6995401,6.176265,8.981233,12.546162,13.75087,18.97422,20.362722,25.392756,27.45834,29.015112,32.2677,29.646105,28.476652,24.082443,20.673473,22.407812,17.50419,17.539196,15.320686,11.897239,10.881171,9.236144,6.1120954,10.193863,9.500131,14.025342,14.334113,18.5498,21.647259,20.943531,18.559242,18.515121,14.4751625,17.046259,12.683196,18.589798,13.079837,17.106974,17.468815,20.43704,21.733297,23.09124,27.276045,26.56616,24.648592,22.5079,20.258638,19.082008,14.830829,16.413536,12.273323,16.642265,13.377794,16.157345,19.173752,18.381598,20.185196,17.196507,13.530979,9.711013,11.264402,5.7925677,13.468986,11.219894,14.325833,17.318655,17.89598,20.107103,23.408365,25.621944,28.074816,28.532146,27.703968,27.857067,25.080826,29.107296
25,18.243633,15.361369,17.352238,12.453877,13.108155,15.8703375,14.127346,19.898232,17.404797,21.696434,20.378155,24.600555,25.452358,22.618654,21.492905,16.738121,14.193092,11.717281,9.208657,7.6111236,5.2444615,8.158245,8.017582,3.8311183,3.6995401,0.0,5.462233,6.9948354,10.775193,11.895327,16.83252,18.72129,22.949358,25.799646,26.795288,30.102856,27.438047,25.901344,21.697767,18.264301,19.52171,14.417971,14.563715,11.968972,8.280252,8.491967,6.999976,6.803204,9.77473,10.85071,14.749925,16.244959,20.386936,23.127962,23.211033,21.169588,21.187624,17.090105,18.990833,14.642378,19.674562,13.81277,16.774702,16.433765,18.899254,19.874302,20.692284,25.05371,24.991245,23.357395,21.742945,19.7327,19.274542,15.326531,17.76857,14.191892,19.129957,16.666332,19.487783,22.63798,22.02375,23.81937,20.821352,17.166653,13.392566,14.648182,9.217889,16.46007,13.138274,16.65123,19.316633,19.610874,21.233381,24.999462,27.531008,29.641552,29.859035,28.645666,28.564207,25.40649,29.04755
26,19.009182,15.473308,16.04901,11.031826,10.310013,12.662271,9.512884,14.951227,12.134201,16.444265,15.564223,19.957014,20.562534,18.090816,16.829697,11.959778,9.907609,6.865712,7.8173113,5.3735924,7.597489,9.92697,11.857982,8.532774,6.176265,5.462233,0.0,4.1111417,6.514862,8.854867,13.05686,15.235004,19.863594,21.954329,23.723677,27.168503,25.150291,23.999258,19.820679,16.509705,17.688694,13.744724,12.501414,11.305278,9.358424,6.5130463,9.037751,7.0056033,12.007316,12.121185,15.630654,17.821302,20.725697,24.359684,23.631207,21.885677,21.014774,16.67131,17.639915,12.789515,17.095758,10.599279,13.92518,13.089622,16.535284,16.305939,18.220602,22.134447,21.595697,19.472658,18.010027,15.242134,15.059242,10.6600895,13.624961,10.506868,15.79277,15.503477,17.419996,21.401674,21.10571,24.180185,21.734125,17.509823,13.92986,13.864755,8.501027,13.965318,9.063568,12.680966,14.831474,14.951002,16.035425,20.05953,22.83893,24.615404,24.68908,23.302393,23.269224,19.948675,23.684572
27,17.953836,15.076549,15.008039,10.289598,10.365576,10.848025,9.9227,13.743078,11.327704,15.458959,14.406,18.711323,18.797634,15.859859,14.644603,9.997657,7.474647,6.094827,5.570779,6.375437,7.9965014,10.987537,12.735077,10.097558,8.981233,6.9948354,4.1111417,0.0,4.5002894,5.1409926,10.271261,11.882392,16.418293,18.841438,20.128828,23.505562,21.259094,19.992123,15.799482,12.453554,13.800315,9.780975,9.344199,8.915794,7.3684545,6.7900896,10.643988,10.676018,14.794644,15.793204,19.095446,21.599548,24.644377,28.073084,27.652836,25.919117,25.119015,20.777193,21.597773,16.777985,20.520933,13.942542,16.338167,14.507651,17.55462,15.915979,17.518646,21.414553,21.808834,19.844578,19.334866,16.446693,17.289646,13.128178,16.71144,14.068253,19.311583,19.442852,20.921154,25.183464,24.39832,27.804747,24.887323,20.485785,17.110294,16.514437,11.974421,16.536085,11.325922,15.386135,17.05922,17.47979,17.628523,21.988756,25.03819,26.236185,25.771593,24.254295,23.36122,20.210268,23.037674
28,21.474049,18.488781,17.48148,13.176856,12.315204,11.650877,9.835511,11.467729,7.9969516,11.712252,9.940572,14.224577,14.783873,11.887258,11.5786915,6.639398,5.917524,5.5513105,8.963861,9.551346,12.387898,15.100251,17.14072,14.216294,12.546162,10.775193,6.514862,4.5002894,0.0,5.1490307,6.5583053,10.150132,13.61422,16.151442,17.78248,21.417376,20.079025,18.827154,15.161585,12.21502,12.395534,10.212173,7.3619075,8.411511,9.136733,6.3736377,12.31891,12.429194,16.51658,17.537157,20.075588,23.412565,25.543734,29.218493,28.750862,27.472221,26.21994,21.91082,21.732311,17.08868,19.409937,13.018181,14.42923,11.777664,15.000739,12.035321,14.292449,17.729801,18.060257,15.945194,16.019993,12.900037,14.609382,11.044068,15.256265,13.838852,19.05815,20.83597,22.01891,26.466156,26.308302,30.096428,27.78638,23.327269,20.021904,19.09457,14.538737,18.02576,11.978122,15.449832,16.34994,16.110418,15.402112,20.028202,23.319794,24.046953,23.455507,21.409643,20.733131,16.924196,19.605776
29,17.830675,15.574429,14.040002,10.467037,10.685363,8.32473,9.94419,10.913996,9.604286,13.082898,12.721396,16.769714,15.520707,12.4037075,10.698351,7.0247707,4.116017,6.0167327,6.0310016,9.238618,11.509981,14.110281,16.261463,14.576876,13.75087,11.895327,8.854867,5.1409926,5.1490307,0.0,7.3936834,6.8342075,12.239889,13.994759,15.306192,18.541588,16.307692,15.403298,11.129689,7.987271,10.141171,7.5775833,8.045134,10.002567,10.036672,10.42076,15.336963,15.678341,19.801214,20.83755,23.995275,26.632467,29.422611,33.02905,32.401028,30.68804,29.644196,25.30023,25.846825,20.97968,24.118958,17.59154,19.526245,16.910152,19.916529,16.334496,18.198875,21.500124,22.542223,20.508446,21.012545,17.687498,19.45386,15.490013,19.360477,17.310385,22.216831,23.381357,23.984852,28.721403,27.486727,31.678362,28.528473,23.869057,20.922134,19.389591,15.999792,18.711166,13.275378,17.36103,18.244476,19.059269,18.026098,22.527607,25.800037,26.193155,25.034979,23.498232,21.49505,18.87444,20.450872
30,25.097746,22.782423,20.734207,17.446217,16.752281,13.859452,13.858829,11.372612,8.5063,9.9096365,6.984586,10.0989685,10.345233,6.6486144,8.507278,5.7134824,7.4782248,10.052535,13.326383,15.388359,18.084145,20.880636,22.852642,20.257269,18.97422,16.83252,13.05686,10.271261,6.5583053,7.3936834,0.0,7.331385,7.44277,11.0095825,12.083191,15.906409,15.601906,14.212468,11.731903,9.910294,8.278951,9.620801,5.666594,9.652438,12.526262,11.1771555,17.498491,18.687323,22.123602,23.664207,25.635406,29.559168,31.270668,34.86586,34.631886,33.638874,32.204876,27.972778,27.165829,22.807589,23.823298,18.036095,17.964413,14.263415,16.544409,10.881322,12.964766,15.290502,16.94229,15.186919,17.09862,14.211093,17.43572,15.144715,19.576427,19.265554,24.105034,26.952839,27.68169,32.342274,32.188618,36.39406,34.091515,29.510551,26.384245,25.010838,20.957403,23.403997,17.22678,20.346834,20.359169,19.963219,17.883583,22.524231,26.018387,25.726244,24.478626,21.953812,20.503883,16.652575,17.552973
31,20.744564,19.135056,16.021185,14.311195,14.170049,9.285797,12.688194,9.013761,9.727232,11.060247,11.994883,14.972303,11.542938,8.751028,6.2973423,6.5125003,6.02173,10.088252,11.581632,14.967537,17.839563,19.948822,22.460852,21.275404,20.362722,18.72129,15.235004,11.882392,10.150132,6.8342075,7.331385,0.0,8.174102,7.383628,9.439898,12.397256,10.913093,11.11295,7.568977,6.3796873,8.840987,10.252526,10.673602,14.492336,15.897801,16.121298,21.756903,22.050074,26.300056,27.223349,30.134672,32.988277,35.296177,39.166573,38.240273,36.65368,35.252563,30.964798,31.05586,26.277842,28.554436,22.383913,23.783628,20.587809,23.486378,18.0332,20.281637,22.440088,23.958113,21.886415,23.486568,19.866486,22.491861,19.11189,22.98051,21.80247,26.11288,28.580246,28.28009,33.391434,31.946169,36.938366,33.832584,29.013676,26.51953,24.168673,21.77929,22.577066,17.22532,20.757204,20.598595,21.60953,19.217999,23.518303,26.889767,26.189934,24.200132,22.626947,19.316998,17.558231,17.104658
32,27.976568,26.667442,23.967678,21.847193,21.786495,17.373875,19.604122,15.139519,14.1826515,13.881275,11.861347,12.623373,11.246558,7.9171753,10.410215,11.111935,12.594623,16.255077,18.010738,21.35092,23.481987,26.289433,28.049711,26.087337,25.392756,22.949358,19.863594,16.418293,13.61422,12.239889,7.44277,8.174102,0.0,7.27752,5.431666,9.2238865,9.918506,8.299488,8.27922,8.87009,5.879963,11.129408,9.68182,14.164979,17.366419,17.925001,23.820772,25.771421,28.818966,30.775902,32.74151,36.730247,38.624584,42.059696,42.028137,40.98865,39.620224,35.366917,34.599735,30.244991,31.081844,25.451416,24.95926,20.998978,22.453398,15.988925,17.012882,18.209118,21.251392,20.120302,23.095482,20.590406,24.28804,22.377932,26.734093,26.533983,31.180925,34.122963,34.509583,39.369446,38.74343,43.25329,40.530674,35.831104,32.894753,31.170563,27.691055,29.594934,23.683512,26.908413,26.581085,26.553743,23.828184,28.238815,31.732342,30.697275,28.796692,26.343704,23.741295,20.846148,19.629805
33,27.0904,25.769966,22.027052,21.154451,20.605566,15.389384,18.318878,11.921728,13.287741,11.896688,13.161351,13.991334,9.018345,7.720194,7.1279883,10.900348,12.496415,16.398336,18.936228,22.018095,25.202564,27.232857,29.84229,28.55041,27.45834,25.799646,21.954329,18.841438,16.151442,13.994759,11.0095825,7.383628,7.27752,0.0,5.225194,7.3953104,9.079837,10.449066,9.999334,11.249646,11.666022,15.782751,15.224195,19.687065,22.117903,21.88104,28.010408,28.47163,32.596928,33.58619,36.029396,39.347507,41.05213,45.055637,44.06938,42.78537,41.06507,36.878105,36.315216,31.81256,32.951256,27.38775,27.929918,24.324121,26.7949,20.081905,22.4114,23.172886,25.081068,23.234879,25.88276,22.469366,25.823042,23.449944,27.23938,27.068512,30.895037,34.538055,33.799515,39.01522,37.831257,43.231674,40.452835,35.605347,33.282402,30.629707,28.48387,28.342054,22.998873,25.812504,24.824787,25.507296,22.114958,25.975386,29.291458,27.568909,25.011686,23.160583,19.232407,18.006645,15.27759
34,28.497179,27.756296,24.438055,23.413422,23.547361,18.319128,21.851898,16.411053,17.01371,16.135857,15.788886,16.19607,12.857218,10.672142,11.583271,14.064849,15.171163,19.193422,20.422832,24.201324,26.438208,28.886696,30.882145,29.577232,29.015112,26.795288,23.723677,20.128828,17.78248,15.306192,12.083191,9.439898,5.431666,5.225194,0.0,3.8666904,5.8711996,6.131836,7.802642,10.112121,9.2301655,14.440587,14.622427,19.036936,21.748333,22.74146,28.545921,30.112013,33.537647,35.228573,37.53527,41.154194,43.1967,46.812027,46.4361,45.18143,43.746777,39.47257,38.961678,34.448612,35.60026,29.879051,29.867908,26.00227,27.733927,21.088116,22.34597,23.178417,26.122742,24.850746,27.87884,25.031326,28.643658,26.446932,30.577652,30.229515,34.5396,37.598434,37.395416,42.493378,41.301365,46.289658,43.244072,38.437634,35.85598,33.607918,30.96928,31.89024,26.400106,29.615591,29.010231,29.530802,26.435091,30.549303,33.9479,32.440853,30.037674,27.998882,24.369701,22.683992,20.204039
35,30.018555,29.717735,26.159115,25.780258,26.092714,20.578995,24.740116,19.023691,20.279734,19.156748,19.363142,19.489792,15.617356,14.030757,14.403353,17.449007,18.337906,22.407528,23.218367,27.21443,29.349821,31.632006,33.641396,32.687943,32.2677,30.102856,27.168503,23.505562,21.417376,18.541588,15.906409,12.397256,9.2238865,7.3953104,3.8666904,0.0,5.009367,6.7778964,9.633061,12.601729,12.365818,17.435194,18.290298,22.612797,25.150312,26.477913,32.167324,33.700897,37.18894,38.84359,41.277325,44.75513,46.897064,50.545574,50.076763,48.72608,47.291092,43.012505,42.621258,38.05464,39.322258,33.58312,33.696228,29.844147,31.57232,24.857603,26.050348,26.675007,29.717604,28.484776,31.605494,28.707453,32.310047,30.050789,34.080406,33.669674,37.82403,40.883335,40.425144,45.609276,44.118458,49.301147,46.063198,41.234474,38.83547,36.370396,34.14407,34.649704,29.432644,32.632915,31.91221,32.682003,29.440832,33.361095,36.678688,34.91911,32.266575,30.458065,26.345505,25.327446,22.187752
36,25.94667,26.12982,22.86089,22.701338,23.637543,18.157412,23.258663,18.775856,20.198586,20.14175,20.455275,21.589027,17.830236,15.560339,14.889615,17.043428,16.83674,20.828676,20.192059,24.680616,26.16963,28.387964,30.138222,29.649433,29.646105,27.438047,25.150291,21.259094,20.079025,16.307692,15.601906,10.913093,9.918506,9.079837,5.8711996,5.009367,0.0,3.8918104,5.9139285,9.261046,10.591362,14.592976,17.026949,20.944017,22.765078,25.04287,30.181288,31.826008,35.252327,36.963665,39.775757,42.838505,45.527702,49.028675,48.619644,46.985863,45.827408,41.49799,41.657124,36.89893,38.986,32.852974,33.50057,29.854002,31.745565,25.648785,26.638527,28.083523,31.11337,29.780735,32.411987,29.373236,32.604713,29.730043,33.759136,32.66864,37.019264,39.206795,38.888676,44.018223,42.07938,47.0523,43.382435,38.615486,36.2688,33.904278,31.87642,32.760555,27.872766,31.493095,31.219471,32.3753,29.620157,33.697598,37.016266,35.701492,33.177036,31.67137,27.4605,26.564163,24.159958
37,26.489832,26.573057,23.847572,22.96132,24.048334,18.983742,23.590923,19.74585,20.24636,20.51856,19.722652,20.827335,18.225004,15.359998,15.670728,16.875437,16.688507,20.554424,19.643309,24.202608,25.198765,27.804897,29.129467,28.28904,28.476652,25.901344,23.999258,19.992123,18.827154,15.403298,14.212468,11.11295,8.299488,10.449066,6.131836,6.7778964,3.8918104,0.0,4.7475786,7.9143224,7.6913357,12.115276,14.55989,18.270718,20.33782,23.082071,28.004011,30.341349,33.233295,35.393337,37.964912,41.330734,44.08873,47.309013,47.353172,45.84974,44.85175,40.507236,40.556522,35.89223,37.82058,31.703377,31.903435,28.161018,29.591633,23.761795,24.149302,25.778421,29.227987,28.209517,30.92315,28.286512,31.6232,28.96689,33.21321,32.138042,36.83563,38.74468,38.952477,43.911003,42.287407,46.830925,43.233055,38.541225,35.888058,33.979107,31.291649,33.12381,27.93653,31.706327,31.694736,32.504154,30.001247,34.327415,37.74243,36.70909,34.46439,32.64375,29.00069,27.332024,25.499151
38,22.048813,21.907082,19.314041,18.238218,19.449236,14.555326,19.38405,16.498444,17.069536,18.172245,17.823063,19.914503,17.16474,14.034996,13.255523,13.651521,12.668961,16.386248,14.964565,19.61279,20.636047,23.125809,24.607254,23.924404,24.082443,21.697767,19.820679,15.799482,15.161585,11.129689,11.731903,7.568977,8.27922,9.999334,7.802642,9.633061,5.9139285,4.7475786,0.0,3.4338052,6.155193,8.826569,12.086738,15.600435,16.998388,19.729095,24.504925,26.363298,29.592058,31.445353,34.338104,37.31511,40.263607,43.580753,43.383633,41.698494,40.751663,36.403828,36.784355,31.998266,34.492207,28.164888,28.999737,25.551785,27.482643,22.151884,22.961956,25.21754,28.066252,26.692858,28.801783,25.845102,28.748314,25.576145,29.686472,28.191025,32.879917,34.402836,34.583412,39.519485,37.71463,42.22809,38.53343,33.848137,31.248697,29.316456,26.784933,28.638102,23.633774,27.5662,27.797356,28.852226,26.70191,31.059475,34.43032,33.74689,31.670664,30.083063,26.535664,24.911615,23.821404
39,19.94752,19.42652,17.25239,15.521045,16.7902,12.4333725,16.862627,15.1106615,15.169559,17.011621,16.448734,19.163773,16.961182,13.568048,12.565015,11.75802,10.193091,13.586416,11.779479,16.422056,17.312286,19.932821,21.37051,20.524223,20.673473,18.264301,16.509705,12.453554,12.21502,7.987271,9.910294,6.3796873,8.87009,11.249646,10.112121,12.601729,9.261046,7.9143224,3.4338052,0.0,5.4706864,6.0095983,9.714465,12.865465,13.852409,16.636301,21.238195,23.015722,26.268358,28.078339,31.059334,33.92924,36.98386,40.262615,40.08432,38.360428,37.494556,33.146626,33.6635,28.85978,31.624733,25.204182,26.272194,23.025715,25.111506,20.338293,21.214155,23.942007,26.462807,24.983559,26.665136,23.695433,26.304073,22.911877,26.995203,25.251875,30.07348,31.25217,31.668858,36.49361,34.78197,39.073284,35.416718,30.773745,28.047615,26.33406,23.537056,25.869715,20.83098,24.896124,25.410213,26.42103,24.658035,29.106169,32.46293,32.150684,30.35334,28.7735,25.649887,23.68794,23.402897
