,0,1,2,3,4,5,6,7,8,9,10,11,12,13,14,15,16,17,18,19,20,21,22,23,24,25,26,27,28,29,30,31,32,33,34,35,36,37,38,39,40,41,42,43,44,45,46,47,48,49,50,51,52,53,54,55,56,57,58,59,60,61,62,63,64,65,66,67,68,69,70,71,72,73,74,75,76,77,78,79,80,81,82,83,84,85,86,87,88,89,90,91,92,93,94,95,96,97,98,99,100,101,102,103,104,105,106,107,108,109,110
0,0.0,3.8970358,7.712142,9.718049,12.480058,15.951209,17.619436,21.931242,24.564081,27.00534,30.540686,32.62933,34.946156,33.36123,37.69535,32.714626,34.52886,32.647522,35.065083,35.44105,36.019886,38.706215,40.702213,40.231937,40.844883,39.730457,38.44225,39.340183,36.602394,40.277065,33.472404,38.856255,33.782173,34.685726,33.479675,30.815697,27.935066,29.230145,28.633696,26.534954,23.760761,26.91419,26.288626,21.3694,21.682333,25.789232,21.667952,18.129576,20.554108,19.449759,24.80145,24.90109,25.903694,27.143362,30.138058,33.498962,30.896866,35.256836,36.010513,30.875578,33.345875,37.282486,40.016697,39.244354,34.4816,34.64676,40.232254,40.171177,36.634373,39.931347,43.19832,41.43655,38.318954,42.180653,37.52003,40.387398,37.2369,32.609325,33.356506,27.944027,26.725397,24.644419,23.444105,25.7656,27.11439,30.427938,31.954277,37.384842,39.673454,43.5267,45.345123,48.64629,50.237423,51.708557,47.746475,46.160236,45.30517,40.693462,37.328922,34.47575,30.065268,28.291307,25.035093,22.27205,21.100176,23.94932,21.434528,25.71992,27.352104,29.210712,32.576572
1,3.8970358,0.0,5.1836195,6.054862,8.683001,12.642591,13.772587,18.299576,20.784384,23.266521,26.784447,28.814672,31.092436,29.469645,33.856876,28.93221,30.814692,29.091236,31.63301,32.223576,33.060635,35.79187,38.053898,37.177914,37.595364,36.30099,34.950577,35.673008,32.939888,36.519936,29.77093,35.202892,30.064295,31.19775,30.011513,27.166931,24.336214,25.976206,25.305653,23.006077,20.456549,24.041845,23.15766,18.145359,18.950275,23.345188,18.970388,15.571689,18.672289,17.422462,22.616594,23.036137,24.475853,25.397345,28.227404,31.27616,28.300133,32.61476,33.73172,28.497675,30.366966,34.57068,37.17299,36.627995,31.709747,31.545319,37.09141,36.812412,33.315983,36.85377,39.859863,37.938,35.028133,39.05362,34.499355,37.553726,34.484417,29.95906,30.89692,25.55406,24.38791,22.729095,20.928158,22.936697,24.000666,27.520592,28.728558,34.29213,36.37775,40.271175,41.896114,45.199295,46.72524,48.22315,44.227634,42.590733,41.959297,37.30882,34.107403,31.12042,27.141697,24.98208,22.105883,19.586857,18.018175,20.650982,17.87818,22.005917,23.59139,25.343111,28.723042
2,7.712142,5.1836195,0.0,5.44393,6.5775876,8.663945,11.616722,14.799834,18.0804,20.077211,23.688196,25.946272,28.505621,27.418413,32.439938,27.606539,30.160234,28.590773,32.028614,32.571445,34.105076,37.064003,39.4212,37.701973,37.849503,36.361702,34.34058,34.702,31.539433,34.71283,27.718462,32.42418,26.940203,27.675737,27.103287,24.757517,21.380136,22.836515,23.112186,21.137009,17.760328,22.176569,21.977839,16.987816,17.149601,22.800299,19.515463,15.543209,18.574116,16.216436,21.223011,23.357924,23.986631,24.073593,27.525229,30.618011,27.443026,31.647306,32.491344,26.708502,28.661087,32.703037,34.8578,33.99427,28.93224,28.963924,34.4438,34.1714,31.22856,35.053127,37.871048,36.10561,33.639347,38.132385,33.6793,37.266167,34.540592,29.993605,31.777956,26.392956,25.928026,25.02256,22.912134,24.146406,24.228785,28.413725,28.449137,34.304085,35.879707,39.75085,41.18766,44.387833,45.995262,47.89201,44.100704,42.547375,42.62078,38.065216,35.1861,32.091415,29.049051,26.153141,24.140654,22.086365,20.047022,22.068813,18.581106,21.992672,23.217525,24.247284,27.481958
3,9.718049,6.054862,5.44393,0.0,3.7708464,7.679503,8.283386,13.039762,15.013831,17.980215,21.173117,23.465107,25.522167,23.998209,28.270885,23.228039,25.42852,23.622484,26.83909,27.274532,28.682558,31.631186,34.002937,32.376404,32.59327,31.208488,29.418169,30.036135,27.095268,30.632933,23.7787,29.190428,24.277107,25.370089,23.998228,21.127495,18.363762,20.107128,19.33839,16.991682,14.53118,18.502754,17.51026,12.442807,13.665869,18.567389,14.454595,11.04725,14.8880415,13.274043,18.001806,19.243435,20.984064,21.309252,23.962463,26.60887,23.206274,27.416496,28.846632,23.476416,24.708735,29.119905,31.54395,31.222187,26.180346,25.707476,31.208757,30.804121,27.358192,31.08654,33.905792,31.961817,29.221292,33.47771,29.025352,32.407623,29.555895,25.118515,26.637743,21.378172,20.717043,19.998575,17.579508,18.73825,18.975147,23.027498,23.376839,29.151188,30.909376,34.807083,36.32308,39.581676,41.16402,42.902355,39.08535,37.607075,37.45144,33.01832,29.93296,27.079264,23.828388,21.02681,18.963434,16.98181,15.215373,17.119343,14.490511,17.31219,19.268667,20.311579,23.952839
4,12.480058,8.683001,6.5775876,3.7708464,0.0,5.5085216,5.2311306,9.769501,12.205078,14.617867,18.111006,20.177702,22.493584,21.09722,25.977598,21.23852,23.727835,22.48665,25.895144,26.89883,28.739824,31.649885,34.457993,32.215927,32.03761,30.254236,28.34005,28.43607,25.454191,28.560032,21.802547,26.92801,21.464287,22.955427,22.138401,19.126457,16.127398,18.60135,18.279766,15.676517,13.357688,18.464775,17.356499,12.416885,14.157608,19.62908,15.698314,12.753748,16.946657,14.948237,19.096285,21.13499,22.948359,22.702194,25.327581,27.582176,23.774004,27.76893,29.512129,23.95849,24.380283,29.017221,31.025537,30.847158,25.607752,24.748293,30.08121,29.296595,26.23621,30.452791,32.7241,30.53984,28.395664,33.01256,28.832674,32.55539,29.938784,25.768532,27.602057,22.642937,22.107208,21.925365,18.841347,19.459072,19.117811,23.400164,23.059635,28.97677,30.255625,34.173267,35.251213,38.472534,39.904484,41.69901,37.797718,36.136337,36.437557,31.855461,29.258041,26.013199,23.753206,20.316584,19.101864,17.67696,15.092696,16.477846,12.8208475,15.589988,16.83908,17.695621,21.057772
5,15.951209,12.642591,8.663945,7.679503,5.5085216,0.0,6.0329576,6.8457136,10.195797,12.312075,15.493968,18.241302,20.677168,20.132854,25.365097,20.677538,23.9894,22.6188,27.197552,27.647385,30.181978,33.347015,35.8914,32.87897,32.569,30.838343,27.998981,27.901655,24.322683,27.025219,19.923908,23.99689,18.49906,19.017658,18.746195,16.71357,12.979617,14.679506,15.683139,13.927235,10.166391,15.980602,16.08034,11.680291,12.008659,18.677984,16.683952,13.202734,16.600803,13.496311,17.011484,20.988369,21.64275,20.465439,23.736555,26.072731,22.297277,26.062826,27.259264,21.203136,21.99833,26.193138,27.718908,27.074833,21.772963,21.340055,26.599836,26.037863,23.626846,27.933325,30.19946,28.438095,26.646349,31.651428,27.57756,31.793982,29.63578,25.464073,28.275463,23.375689,23.806614,24.343412,21.522278,21.30694,19.831495,24.684704,22.9634,28.977804,29.734447,33.499435,34.56754,37.596638,39.242275,41.58145,38.14298,36.809647,37.842476,33.685474,31.289417,28.360777,26.882458,23.060045,22.614496,21.569695,19.239628,19.940287,16.531883,17.633713,18.826704,18.401243,21.641285
6,17.619436,13.772587,11.616722,8.283386,5.2311306,6.0329576,0.0,5.958672,7.1857185,9.977321,13.189132,15.220501,17.333887,15.906866,20.882496,16.289213,19.074709,18.227793,22.053251,23.371687,25.785725,28.700333,31.832048,28.805016,28.230564,26.143211,23.991547,23.678968,20.66476,23.496798,16.887827,22.040102,16.547527,18.578903,17.773403,14.36888,11.610609,15.026359,14.548626,11.554845,10.254655,16.05927,14.466533,10.18859,12.974617,18.256376,14.675945,12.835799,17.307505,15.414662,18.304018,20.805822,23.088787,22.282991,24.337606,25.81728,21.549059,25.14318,27.478924,22.125742,21.175476,26.127977,27.767498,28.06349,22.77154,21.19324,26.23233,24.99859,22.12564,26.745132,28.413874,25.953432,24.335596,29.198595,25.389359,29.389822,27.090153,23.376686,25.575026,21.19472,20.966917,21.706211,17.982975,17.626526,16.384007,20.864185,19.573198,25.513424,26.255386,30.140926,30.822393,33.985325,35.309147,37.203568,33.356255,31.68929,32.521523,28.071587,25.89702,22.613482,21.581293,17.474136,17.526018,16.989122,14.096906,14.3657,10.762691,11.770515,12.8952875,12.922483,16.365208
7,21.931242,18.299576,14.799834,13.039762,9.769501,6.8457136,5.958672,0.0,4.876649,5.477848,9.001683,11.462376,14.158949,13.959183,19.967989,16.084028,19.811731,19.509237,24.265804,25.55142,28.734953,31.709063,34.857933,30.87121,29.88367,27.56151,24.583595,23.558949,20.070726,21.869726,15.316361,18.796013,12.439457,14.128073,14.79829,12.370065,8.632239,12.316381,13.736174,11.595378,9.5138445,16.314905,15.786085,12.667549,14.315792,20.353825,18.537817,16.557453,20.304014,17.58979,19.532616,23.762814,25.09263,23.320192,25.790613,27.043049,22.715588,25.787165,27.814747,22.142387,20.839972,25.390404,26.146156,26.16865,20.834133,19.262218,23.837751,22.386118,20.685284,25.738523,26.775778,24.502123,23.910631,29.296932,25.954374,30.514278,28.845894,25.4634,28.53588,24.529907,25.062155,26.445135,22.799381,21.686153,19.362919,24.133059,21.315023,27.149103,27.005701,30.65122,30.889925,33.774857,35.109444,37.49005,34.03281,32.50236,34.341675,30.230282,28.723001,25.498844,25.825167,21.278517,22.362957,22.320992,19.361862,18.954933,15.155154,14.816225,14.921386,13.477864,16.068132
8,24.564081,20.784384,18.0804,15.013831,12.205078,10.195797,7.1857185,4.876649,0.0,4.818526,6.358671,9.123951,10.79234,10.139618,15.402308,11.260495,15.114849,14.817308,19.850157,21.078802,24.53416,27.478407,30.682568,26.335257,25.191847,22.829666,19.748554,18.694218,15.2275,17.243914,10.649669,15.014206,9.402145,11.839253,11.416924,8.0099,5.2657785,10.125684,10.3015375,7.6560802,7.807722,13.944917,12.586825,10.587012,13.261611,18.064463,16.358618,15.60037,19.374187,17.369762,18.248875,21.93582,24.005241,22.219213,23.759956,24.248774,19.68532,22.381504,25.08503,20.05449,17.401207,22.308132,23.07423,23.800274,18.63089,16.214077,20.566883,18.759533,16.689894,21.879314,22.59575,20.018993,19.505556,24.851347,21.759666,26.296724,24.782917,21.851301,24.937376,21.548933,22.214314,24.1867,20.341026,18.572319,15.729542,20.341658,17.011158,22.675306,22.29757,25.921131,26.038502,28.941963,30.251623,32.625446,29.235714,27.84192,29.826302,26.012274,24.577347,21.706541,22.620377,17.975697,19.79391,20.317047,17.724234,16.568722,13.996089,11.644148,12.384746,9.96116,13.020164
9,27.00534,23.266521,20.077211,17.980215,14.617867,12.312075,9.977321,5.477848,4.818526,0.0,4.3374624,6.026571,9.049606,9.38102,16.067406,13.373511,17.274645,18.060385,22.708364,24.655533,28.265646,30.977985,34.52393,29.829885,28.282204,25.51163,22.518505,20.628134,17.419996,18.16078,12.679135,15.265039,8.248198,11.52408,13.090773,10.49272,7.7993946,12.668117,14.09649,11.984239,11.839764,18.136759,17.16494,15.363081,17.61731,22.729483,21.151783,20.22637,23.965338,21.624098,22.549345,26.684027,28.43155,26.370808,28.16864,28.58032,24.051205,26.425608,29.036255,23.953197,21.084347,25.676601,25.786034,26.407446,21.365353,18.908697,22.558712,20.32222,19.36478,24.802273,24.669502,21.97191,22.541895,28.021873,25.455784,30.107927,28.902355,26.303715,29.439632,26.286293,26.876543,28.814636,24.773842,23.05389,20.23725,24.616442,21.05539,26.402597,25.470343,28.875458,28.348082,31.029757,32.047813,34.424335,31.022636,29.35485,31.913782,27.983591,27.324476,24.009632,25.892467,21.011185,23.290972,24.014568,20.850595,19.591799,15.998306,14.278289,13.346026,10.793957,12.332023
10,30.540686,26.784447,23.688196,21.173117,18.111006,15.493968,13.189132,9.001683,6.358671,4.3374624,0.0,3.9497986,5.7131696,7.1758156,13.213584,11.15267,15.384133,16.337664,21.443827,23.070734,27.0945,29.76838,33.16684,27.902319,26.131798,23.385857,19.90369,17.69389,14.34181,14.423668,9.467111,11.028104,3.9628448,8.12226,9.894227,7.762163,6.339239,11.075624,12.526266,11.076503,12.007491,17.327452,16.447765,15.964858,18.106249,22.406616,21.720263,21.407505,24.721678,22.604374,22.490232,26.793394,28.536236,26.156733,27.45362,27.251965,22.768335,24.506895,27.309988,22.761395,18.947353,23.303339,22.930788,23.931286,19.256561,16.28647,19.21217,16.602701,16.218191,21.731901,20.968903,18.259462,19.531494,25.046398,23.017553,27.76527,27.036322,24.988493,28.442253,25.934603,26.946682,29.43321,25.509592,23.187717,19.76689,23.938467,19.503584,24.366417,22.837484,25.95354,25.154377,27.615744,28.6519,31.31241,28.319206,26.963022,30.091516,26.755383,26.389517,23.615114,26.236044,21.404339,24.30495,25.427874,22.703661,20.921114,18.369747,15.12786,14.564708,10.925326,12.121505
11,32.62933,28.814672,25.946272,23.465107,20.177702,18.241302,15.220501,11.462376,9.123951,6.026571,3.9497986,0.0,3.7303288,5.41559,12.228086,11.647059,15.28312,17.314295,21.520388,24.050348,27.984644,30.314255,34.15688,28.80717,26.677088,23.5143,20.640192,17.776669,15.211254,14.432511,11.212569,12.315016,5.88951,10.9495,13.011526,10.61887,10.106755,14.91027,15.916859,14.120945,15.693933,20.893766,19.521637,19.032724,21.67383,25.651142,24.36337,24.424278,28.033022,26.130308,26.137783,29.958893,32.111195,29.883228,30.919027,30.45615,25.907597,27.459322,30.626867,26.392746,22.05895,26.480192,25.958303,27.282614,22.829567,19.564505,21.924507,18.880312,18.769026,24.263517,22.763681,19.63552,21.554857,26.831299,25.266863,29.795681,29.13712,27.494465,30.560919,28.416803,29.062153,31.510283,27.263325,24.994015,21.832409,25.536898,21.3815,25.853819,24.059984,27.032818,25.606482,27.961845,28.567192,30.888363,27.655586,25.905819,29.295141,25.788975,26.128101,22.974277,26.486427,21.561596,24.952589,26.403536,23.320108,21.284239,18.434748,15.319313,13.611616,10.01932,9.76661
12,34.946156,31.092436,28.505621,25.522167,22.493584,20.677168,17.333887,14.158949,10.79234,9.049606,5.7131696,3.7303288,0.0,3.6506538,9.008368,9.451271,12.915984,15.270323,19.44951,21.871141,25.995728,28.184998,31.9673,26.280914,23.94482,20.76099,17.777193,14.586733,12.292326,10.882823,8.999854,9.736444,5.356073,10.629005,11.914138,9.558108,10.58999,14.998775,15.323183,13.804129,16.418898,20.614601,18.981932,19.408947,22.21924,25.261385,24.31606,25.025326,28.407688,26.89706,26.244831,29.719313,32.141933,29.897951,30.335587,29.316391,24.84191,25.887348,29.393105,25.820353,20.661427,24.973444,24.281506,26.112947,22.07915,18.34841,20.05502,16.671421,16.686808,22.03588,19.950935,16.591265,19.033955,24.0843,23.039516,27.418379,27.069393,25.990675,29.029654,27.527388,28.32226,31.131216,26.961826,24.297895,20.877674,24.156292,19.613945,23.49435,21.28084,24.001265,22.261402,24.480282,24.997604,27.38656,24.367134,22.80922,26.572762,23.559544,24.16489,21.504519,25.608353,20.858131,24.717806,26.512539,23.841713,21.401604,19.564938,15.322209,14.081309,9.915344,9.476803
13,33.36123,29.469645,27.418413,23.998209,21.09722,20.132854,15.906866,13.959183,10.139618,9.38102,7.1758156,5.41559,3.6506538,0.0,7.223938,7.1759534,10.14182,12.889652,16.425869,19.4285,23.281597,25.357325,29.425709,24.068203,21.750143,18.382357,16.078905,13.036573,11.238847,10.833885,8.745809,11.773147,7.971098,13.147144,13.246308,9.677631,11.058717,15.898535,15.149761,12.884278,16.195253,20.267067,17.883482,18.070475,21.561937,24.162497,22.361431,23.495932,27.194698,26.100374,25.731276,28.35268,31.390955,29.570295,29.697514,28.642948,24.055862,25.342703,29.239063,25.825773,20.550175,25.312735,25.183561,27.253479,23.085514,19.221247,21.398083,18.118492,17.114529,22.366333,20.629982,16.913,18.675154,23.478584,22.204388,26.293274,25.582048,24.490065,27.001083,25.553833,25.912006,28.580187,24.205223,21.676485,18.640488,21.617485,17.731375,21.68434,19.868063,22.852295,21.199781,23.719923,24.118752,26.060196,22.508276,20.619846,23.883232,20.435719,20.946283,18.002666,22.15184,17.379536,21.378178,23.326448,20.624685,18.033327,16.500387,11.982639,10.702559,6.44805,6.3000894
14,37.69535,33.856876,32.439938,28.270885,25.977598,25.365097,20.882496,19.967989,15.402308,16.067406,13.213584,12.228086,9.008368,7.223938,0.0,5.575906,5.869733,9.561784,12.096316,14.930292,18.930979,20.530949,24.488844,18.608871,15.812165,12.329797,10.381525,6.511505,6.8225617,5.858174,8.414791,11.548943,12.270864,16.267712,14.647298,11.497914,14.8866005,18.467733,16.234972,14.564658,19.30165,21.164618,18.207245,19.998104,23.681461,24.173918,22.8303,25.26624,28.421066,28.24531,26.826881,28.28138,31.951065,30.363747,29.215586,27.089418,22.872908,23.151598,27.749563,25.89666,19.377943,23.796122,23.69264,26.730999,23.543634,19.147154,20.151192,16.684116,15.298725,19.569221,16.970182,12.763416,14.99421,18.68041,18.559593,21.867819,21.675312,21.93328,23.952513,24.034376,24.497482,27.736296,23.711483,20.565987,17.419018,18.96361,14.864136,17.024454,14.487311,16.907797,14.5416975,16.961882,17.064213,18.841404,15.42921,13.905127,17.786705,15.546508,16.581596,15.097716,20.31376,16.410082,21.092913,23.655327,22.053408,18.87439,19.649776,13.636461,13.751989,9.965826,9.931323
15,32.714626,28.93221,27.606539,23.228039,21.23852,20.677538,16.289213,16.084028,11.260495,13.373511,11.15267,11.647059,9.451271,7.1759534,5.575906,0.0,4.5028257,5.831756,10.658985,12.471207,16.588661,18.964754,22.594683,17.169611,15.161539,12.266103,9.45737,7.632342,5.4482446,8.140296,5.2757397,11.482195,11.0106535,14.459017,11.790974,7.586238,10.871626,14.450092,11.496544,9.291309,14.286952,16.151342,12.9029,14.44409,18.288656,18.946316,17.407688,19.69326,22.909302,22.759264,21.597471,23.015528,26.709932,25.290813,24.380634,22.74037,18.273941,19.30364,23.774105,21.343185,15.409928,20.42319,21.057007,23.72243,19.963802,15.833224,18.221916,15.394361,12.66469,17.281342,16.319473,12.477995,12.776412,17.165234,15.626208,19.396229,18.520605,17.74517,20.058025,19.246803,19.81932,22.975895,18.998339,15.864126,12.457075,14.96377,10.734724,14.535559,13.068159,16.414026,15.5702715,18.542927,19.433699,21.458878,18.001722,16.807756,19.356558,16.538427,15.872591,14.274315,17.625341,13.444535,17.417301,19.53553,18.144722,15.278223,16.233095,9.9944515,11.647797,7.865725,10.235556
16,34.52886,30.814692,30.160234,25.42852,23.727835,23.9894,19.074709,19.811731,15.114849,17.274645,15.384133,15.28312,12.915984,10.14182,5.869733,4.5028257,0.0,4.672331,6.638495,9.794163,13.508905,15.345079,19.480686,14.232775,11.890624,8.483365,7.57613,5.9613667,6.663283,9.406578,9.288577,14.963409,15.304173,18.821037,15.9046135,11.905722,15.235062,18.576162,14.984421,12.718094,17.968811,19.015408,15.173423,16.885473,21.127558,20.604065,18.345507,21.488455,24.703268,25.24706,24.066381,24.156271,28.581224,27.66228,26.03931,23.966616,19.77493,20.505245,25.449375,23.87871,17.711342,22.59399,23.539068,26.623281,23.296055,19.127808,21.103458,18.339176,15.271166,19.005518,17.840258,13.822255,13.827532,16.971157,15.961475,18.73667,17.742197,17.766665,18.985773,19.124866,19.096529,22.243105,18.23133,15.113122,12.495666,13.431179,10.466618,12.918512,11.671541,14.848602,13.663967,16.770313,17.222054,18.441647,14.382553,12.86131,14.937312,12.084382,11.650866,10.487319,14.775717,11.188845,15.752707,18.404198,17.482904,14.235873,16.517214,10.016443,11.881721,9.179906,11.005591
17,32.647522,29.091236,28.590773,23.622484,22.48665,22.6188,18.227793,19.509237,14.817308,18.060385,16.337664,17.314295,15.270323,12.889652,9.561784,5.831756,4.672331,0.0,6.686965,6.7660413,10.934639,13.617045,16.901903,11.80166,10.389028,8.325884,6.075339,7.190989,6.3747883,10.963193,8.903645,15.342385,16.189304,18.624535,14.685361,10.931107,14.284544,16.609735,12.175225,10.247365,15.615434,15.368397,11.299345,13.70011,17.730227,16.260155,14.470341,17.969109,20.707197,21.634497,20.086168,19.727676,24.254,23.522785,21.565668,19.453314,15.330934,16.223959,21.21834,19.906782,13.9981575,18.973927,20.546331,23.564955,20.339064,16.47308,18.983368,16.929745,12.830015,16.032757,16.151382,12.718427,10.931293,14.034163,12.074566,14.941108,13.531495,13.131144,14.626656,14.638081,15.06002,18.537373,15.019388,11.470829,8.264211,9.509565,5.82025,9.269043,9.004072,12.786572,13.11314,16.460495,17.674212,19.310999,15.870704,15.261639,16.421165,14.172204,12.06631,12.020106,14.023495,11.013609,14.5191345,16.72572,16.712484,13.870763,16.968243,10.569046,13.959435,11.574189,14.525355
18,35.065083,31.63301,32.028614,26.83909,25.895144,27.197552,22.053251,24.265804,19.850157,22.708364,21.443827,21.520388,19.44951,16.425869,12.096316,10.658985,6.638495,6.686965,0.0,6.0579076,7.905309,9.119121,13.878581,10.043621,8.30509,5.59011,8.530526,9.567412,11.564187,14.954089,15.016542,20.98006,21.669361,24.809454,21.220953,17.276096,20.391966,23.182087,18.720703,16.421534,21.607973,21.416155,17.009192,18.697493,23.169239,20.990292,17.771784,21.92503,24.886843,26.48471,25.431103,23.45212,28.798065,28.776419,26.28996,23.989025,20.38528,21.102732,26.31677,25.734098,20.080366,24.749252,26.517551,29.785294,26.85449,23.035011,25.152876,22.98713,19.074472,21.521925,21.193392,17.639914,16.158895,17.504978,16.414465,17.538616,15.877629,16.485645,15.795432,17.005009,15.998479,18.888956,15.260348,12.474043,11.58218,9.935012,10.194015,10.846146,11.359099,14.28652,13.981913,17.168785,17.463858,17.437996,12.933665,11.509432,10.828895,7.936147,5.4338417,6.4548674,9.849641,8.358382,12.521404,15.519223,15.96942,12.7992525,17.29399,11.531785,14.436385,13.592372,15.662293
19,35.44105,32.223576,32.571445,27.274532,26.89883,27.647385,23.371687,25.55142,21.078802,24.655533,23.070734,24.050348,21.871141,19.4285,14.930292,12.471207,9.794163,6.7660413,6.0579076,0.0,4.648652,7.4741573,10.155229,5.5084853,5.4299636,5.9137053,6.7394743,10.257086,11.338941,15.6268425,15.09546,20.853777,22.761143,24.688366,20.218533,17.120079,20.452902,21.863111,16.89909,15.587324,20.598675,18.525896,14.427793,17.31709,21.004696,17.24751,15.488052,20.039915,21.93116,24.025337,22.067081,19.516912,24.776632,24.876081,21.630209,18.810139,15.8043995,15.9871,21.250349,21.704645,16.25139,20.335503,22.572668,25.93998,23.671932,20.243736,22.214397,20.831907,16.32067,17.485651,18.212175,15.525946,12.500732,12.784821,11.322926,11.73358,9.878924,11.104463,10.416256,12.7465,12.729716,16.37577,14.015305,10.530658,9.01852,6.3252053,6.2079926,5.0399547,7.1419272,10.245388,11.839565,15.070192,16.32654,17.073639,14.0133295,14.287727,13.495552,12.781374,9.290178,12.017136,12.512387,12.042498,14.573279,16.824587,18.440052,15.867482,20.71972,14.981114,18.832981,17.455223,20.204252
20,36.019886,33.060635,34.105076,28.682558,28.739824,30.181978,25.785725,28.734953,24.53416,28.265646,27.0945,27.984644,25.995728,23.281597,18.930979,16.588661,13.508905,10.934639,7.905309,4.648652,0.0,3.585972,6.474679,5.462472,6.975796,8.486326,11.1071,14.47534,15.945707,20.099947,19.578041,25.49158,27.10265,29.126965,24.62412,21.389637,24.420408,25.831268,20.739557,19.242125,23.940275,21.634064,17.456963,19.801355,23.524153,19.122465,16.54905,21.425535,23.15426,25.853912,24.275782,20.321568,26.065762,26.859152,23.267672,20.601156,18.217293,18.569994,23.594173,24.493132,19.841564,23.644226,26.281088,29.54223,27.420805,24.316305,26.43254,25.301477,20.65265,21.299109,22.40119,19.967989,16.655016,15.992153,14.547537,13.607244,11.239614,12.60549,9.808566,12.922245,11.81695,14.846188,13.141701,10.520373,10.966005,6.358127,9.805468,7.782309,10.870401,13.111244,14.973374,17.875006,18.844843,18.66213,15.556244,15.763001,13.164655,12.708465,8.229582,12.039743,10.807784,12.250668,13.732384,15.873625,18.380558,16.179287,21.859642,16.96676,20.931086,20.419035,23.155277
21,38.706215,35.79187,37.064003,31.631186,31.649885,33.347015,28.700333,31.709063,27.478407,30.977985,29.76838,30.314255,28.184998,25.357325,20.530949,18.964754,15.345079,13.617045,9.119121,7.4741573,3.585972,0.0,5.4223795,6.2827153,7.4810643,9.104362,13.055494,16.051441,18.275742,21.951605,22.307386,27.977467,29.74654,32.039944,27.672714,24.38656,27.540361,29.167696,24.13059,22.552612,27.360777,25.197763,21.00968,23.25161,27.075619,22.656445,19.900023,24.789223,26.563251,29.35032,27.835735,23.641045,29.445051,30.352047,26.616934,23.809246,21.659626,21.738842,26.758501,27.971657,23.174002,26.788458,29.279356,32.705757,30.768423,27.550257,29.323494,28.03308,23.615963,24.091986,24.729532,22.214552,19.367048,18.129673,17.407986,15.873502,13.925543,15.886323,12.639524,16.173727,14.720933,17.27363,15.723908,13.606587,14.460365,9.795382,13.221331,10.418962,12.942332,14.436762,15.760041,18.32176,18.795826,17.752161,14.585926,14.75936,11.063114,11.4232645,7.298087,12.064059,11.402022,13.687075,15.288397,17.63968,20.173857,17.918293,23.763338,19.089273,22.638504,22.402693,24.695038
22,40.702213,38.053898,39.4212,34.002937,34.457993,35.8914,31.832048,34.857933,30.682568,34.52393,33.16684,34.15688,31.9673,29.425709,24.488844,22.594683,19.480686,16.901903,13.878581,10.155229,6.474679,5.4223795,0.0,6.700738,9.5924835,12.72476,15.501389,19.217049,21.034067,24.878815,25.07656,30.392204,32.855793,34.425854,29.652832,26.975248,30.142897,30.8896,25.749126,24.82121,29.278103,25.911331,22.227991,24.985256,28.087479,22.556568,20.915117,25.838633,26.639246,29.86551,27.807966,22.891962,28.454006,29.663443,25.282843,22.158934,21.064592,20.594213,25.186277,27.50889,23.366299,26.089045,28.879734,32.2602,31.038273,28.307198,29.79996,29.14516,24.611605,23.900707,25.237259,23.54391,19.97742,17.48578,16.903229,13.959963,12.142196,14.848774,10.798659,15.61506,14.76324,17.32029,17.28654,15.284333,16.183125,11.234646,14.718894,10.6242285,13.8125,14.451663,16.950043,19.043516,20.003504,19.227266,17.426983,18.60601,15.12344,16.611574,12.719126,17.414164,15.672293,18.233974,18.935354,20.663845,23.862156,22.02986,27.968302,23.384302,27.3298,26.856256,29.445501
23,40.231937,37.177914,37.701973,32.376404,32.215927,32.87897,28.805016,30.87121,26.335257,29.829885,27.902319,28.80717,26.280914,24.068203,18.608871,17.169611,14.232775,11.80166,10.043621,5.5084853,5.462472,6.2827153,6.700738,0.0,3.4257486,7.1188326,9.029562,12.843743,14.798524,18.372671,19.282799,24.073936,27.124846,28.672602,24.036308,21.604027,25.215889,26.037203,21.11148,20.427685,25.320923,22.284006,18.67348,22.09844,25.263765,20.47518,19.649822,24.355776,25.497616,27.98768,25.426746,22.229807,27.34685,27.626795,23.588293,20.053526,18.145048,17.206192,22.334946,24.264568,18.851196,21.820103,23.981508,27.687536,26.402872,23.153543,24.15328,23.078382,18.894594,18.588665,19.094698,17.073635,14.120889,12.04386,12.130463,10.296889,9.368348,12.667094,10.9585085,15.246248,15.475624,19.033886,17.788586,14.630398,13.646859,9.93245,10.371849,5.385481,7.399392,8.333809,10.548354,13.066452,14.285437,14.459289,12.61376,14.120596,12.6227045,14.17337,11.160905,15.420284,15.944313,16.672817,18.858076,21.048477,23.227417,20.767706,25.969398,20.3446,24.003016,22.603388,24.95645
24,40.844883,37.595364,37.849503,32.59327,32.03761,32.569,28.230564,29.88367,25.191847,28.282204,26.131798,26.677088,23.94482,21.750143,15.812165,15.161539,11.890624,10.389028,8.30509,5.4299636,6.975796,7.4810643,9.5924835,3.4257486,0.0,4.004833,6.8138084,10.03116,12.7068405,15.76818,17.584513,22.099825,25.22706,27.156721,22.847515,20.28943,24.117382,25.39526,20.707865,19.849234,25.027933,22.694841,19.003891,22.369467,25.802164,21.779537,20.782518,25.31082,26.896563,28.980469,26.500868,24.089876,29.08087,28.990305,25.318975,21.819838,19.404367,18.461523,23.740793,25.188614,19.129557,22.384357,24.052044,27.901262,26.417032,22.770397,23.494564,21.903812,18.133066,18.465458,18.02697,15.458428,13.528889,12.123509,12.792976,11.955331,11.538244,14.568793,13.676978,17.30032,17.497072,21.092028,19.128132,15.814184,14.334397,11.357813,10.625358,6.4890966,6.5468235,7.586563,8.303407,11.065139,11.86923,12.007969,9.561726,10.927734,10.3456135,11.972534,9.960957,13.912782,15.999114,16.029758,19.069,21.60547,23.156748,20.349525,25.150803,19.191172,22.360455,20.696163,22.616987
25,39.730457,36.30099,36.361702,31.208488,30.254236,30.838343,26.143211,27.56151,22.829666,25.51163,23.385857,23.5143,20.76099,18.382357,12.329797,12.266103,8.483365,8.325884,5.59011,5.9137053,8.486326,9.104362,12.72476,7.1188326,4.004833,0.0,5.5488896,7.3060784,10.590792,13.295808,15.445254,20.124514,22.65428,25.215572,21.375494,18.359724,22.174147,24.195232,19.782568,18.438965,23.80676,22.56243,18.664022,21.56071,25.411846,22.430798,20.803392,25.07125,27.296432,28.950226,26.892118,25.166132,30.143133,29.80369,26.714449,23.57609,20.496792,20.027958,25.368114,25.901712,19.525913,23.37729,24.717783,28.47742,26.43359,22.457306,23.383215,21.230703,17.758131,19.21892,18.133318,14.827631,13.869116,13.923511,14.336088,14.756198,14.200928,16.35906,16.01438,18.620344,18.534683,21.993065,19.179842,15.894584,14.174797,12.088246,10.757577,8.711688,7.799088,9.638784,8.76849,11.789625,12.0502,12.169602,8.362399,8.461253,8.965595,9.30839,8.272111,11.187656,14.803307,13.923474,17.78419,20.617197,21.41326,18.306465,22.596373,16.466116,19.097462,17.342459,18.895258
26,38.44225,34.950577,34.34058,29.418169,28.34005,27.998981,23.991547,24.583595,19.748554,22.518505,19.90369,20.640192,17.777193,16.078905,10.381525,9.45737,7.57613,6.075339,8.530526,6.7394743,11.1071,13.055494,15.501389,9.029562,6.8138084,5.5488896,0.0,4.3348765,5.9532604,9.409653,10.998147,15.313231,18.623028,20.438173,16.321505,13.962454,18.048811,19.415483,15.213489,14.600966,19.86781,18.286345,14.971033,18.576769,21.822723,19.19701,18.964716,22.713541,24.58615,25.744358,23.123318,22.67119,26.896158,25.946291,23.144045,19.945753,16.640411,15.889407,21.110195,21.397577,14.587853,18.37582,19.388893,23.147171,21.15907,17.088848,17.843779,15.730774,12.253618,13.97912,12.894891,9.553297,8.549536,9.893868,10.118854,12.053529,12.056069,13.799604,15.264227,17.180504,18.221548,22.114378,19.43513,15.65945,12.496674,12.1383,7.9085813,7.0666885,4.3142147,7.2902546,7.0444055,10.403686,11.802153,13.887809,11.508067,12.238385,14.282969,14.255886,13.01295,14.776648,17.728062,15.777589,19.423504,21.82152,22.325926,19.37734,22.82444,16.339487,19.170687,16.415075,18.385818
27,39.340183,35.673008,34.702,30.036135,28.43607,27.901655,23.678968,23.558949,18.694218,20.628134,17.69389,17.776669,14.586733,13.036573,6.511505,7.632342,5.9613667,7.190989,9.567412,10.257086,14.47534,16.051441,19.217049,12.843743,10.03116,7.3060784,4.3348765,0.0,4.464251,5.993186,9.567103,13.092418,16.233711,18.76501,15.524563,13.033759,17.181635,19.326063,15.901171,15.005669,20.255415,19.949213,16.815878,19.907442,23.32348,21.90103,21.368738,24.657297,27.01646,27.624302,25.31468,25.742016,29.705154,28.39797,26.189438,23.271484,19.62206,19.061117,24.054556,23.627003,16.620584,20.53973,20.842896,24.493212,22.19621,17.81257,18.242706,15.351187,12.978665,15.769211,13.403439,9.336414,10.598609,12.944224,13.550025,16.056622,16.267807,17.6148,19.352783,20.686344,21.53222,25.23681,21.980698,18.367683,15.109182,15.471796,11.118374,11.391149,8.316655,10.460933,8.336107,11.185803,11.8232155,13.947812,11.150324,11.074765,14.560638,14.010472,14.1350565,14.788889,19.17503,16.444283,20.764435,23.366125,23.040804,19.86412,22.39611,15.851657,17.649874,14.423054,15.55404
28,36.602394,32.939888,31.539433,27.095268,25.454191,24.322683,20.66476,20.070726,15.2275,17.419996,14.34181,15.211254,12.292326,11.238847,6.8225617,5.4482446,6.663283,6.3747883,11.564187,11.338941,15.945707,18.275742,21.034067,14.798524,12.7068405,10.590792,5.9532604,4.464251,0.0,5.0174904,5.373079,9.737883,12.726122,14.721684,11.141561,8.774283,13.034062,14.87724,11.65202,11.108302,16.152664,16.02871,13.34098,16.535053,19.54534,18.8304,18.958618,21.650314,23.90283,24.0535,21.6723,23.087477,26.489634,24.818745,23.147497,20.627338,16.665682,16.471304,21.122417,19.93032,13.02588,17.264576,17.50764,20.819258,18.073717,13.663277,14.714965,11.862149,9.1967745,13.017194,11.32753,7.3225,8.231334,12.350778,11.864184,15.579176,15.632548,15.965191,18.745161,19.08582,20.461353,24.19516,20.989843,17.315367,13.363804,15.127041,9.605881,11.722543,9.012702,11.824779,10.95669,13.742232,15.087531,17.875662,15.522004,15.50083,18.640148,17.452524,16.795135,16.82219,20.166014,16.865002,20.69978,22.853266,22.324625,19.452122,21.30258,14.888278,16.974426,13.269239,15.111618
29,40.277065,36.519936,34.71283,30.632933,28.560032,27.025219,23.496798,21.869726,17.243914,18.16078,14.423668,14.432511,10.882823,10.833885,5.858174,8.140296,9.406578,10.963193,14.954089,15.6268425,20.099947,21.951605,24.878815,18.372671,15.76818,13.295808,9.409653,5.993186,5.0174904,0.0,7.339726,7.790395,11.977275,14.264374,12.131408,10.824708,14.850386,16.8884,14.969578,14.730746,19.230532,19.809755,17.735641,20.697567,23.430285,23.374762,23.755463,26.09807,28.401781,28.135109,25.698471,27.81566,30.79445,28.739502,27.341871,24.739271,20.961664,20.324677,24.624847,23.446775,16.492643,19.994246,19.197895,22.51465,20.153847,15.678383,15.373611,11.765285,11.329547,15.099302,11.579229,7.4979243,11.214366,14.924568,15.650074,19.196856,19.899483,20.675165,23.53144,24.075523,25.46377,29.166525,25.808464,22.213654,18.33158,19.997015,14.584082,15.927624,12.4291115,14.117552,11.796443,13.698023,14.449028,17.487928,15.649157,15.559845,19.96196,19.17742,19.751186,19.498749,24.007483,20.503141,24.786945,27.12041,26.106287,23.087032,24.207527,17.979435,18.891403,14.80594,15.30846
30,33.472404,29.77093,27.718462,23.7787,21.802547,19.923908,16.887827,15.316361,10.649669,12.679135,9.467111,11.212569,8.999854,8.745809,8.414791,5.2757397,9.288577,8.903645,15.016542,15.09546,19.578041,22.307386,25.07656,19.282799,17.584513,15.445254,10.998147,9.567103,5.373079,7.339726,0.0,7.087413,7.937583,9.888121,6.6778994,3.6203864,7.8416715,10.253321,8.195452,7.633693,11.918896,13.418372,11.528835,13.867018,16.45295,17.63402,17.978786,19.502428,21.996826,21.247889,19.346298,22.261497,24.875193,22.742208,22.239275,20.651226,16.303844,16.98795,20.82966,18.08981,12.090239,16.669636,16.674728,19.096972,15.362173,11.130573,13.380037,10.53756,8.442025,13.701752,12.814937,9.598569,10.392434,15.713398,14.125895,18.6945,18.39989,17.380693,20.908909,19.813383,21.383104,24.781687,21.396261,18.06432,13.866732,17.183107,11.574397,15.497946,13.518018,16.534615,16.124668,18.719706,20.181164,23.14683,20.716562,20.291983,23.357203,21.28983,20.417559,19.368475,22.051647,18.024162,21.375082,23.022945,21.82304,19.370594,19.798336,14.10049,15.791971,11.705762,13.923076
31,38.856255,35.202892,32.42418,29.190428,26.92801,23.99689,22.040102,18.796013,15.014206,15.265039,11.028104,12.315016,9.736444,11.773147,11.548943,11.482195,14.963409,15.342385,20.98006,20.853777,25.49158,27.977467,30.392204,24.073936,22.099825,20.124514,15.313231,13.092418,9.737883,7.790395,7.087413,0.0,7.3046546,7.2321205,6.654561,8.2896,11.064771,11.905107,12.412785,13.42105,16.04154,17.36675,17.042788,19.649399,21.00126,22.60773,24.312168,25.275621,27.159296,25.823296,23.306116,27.470074,28.972948,26.09319,25.922092,24.118135,20.402172,20.079056,23.052732,20.643175,14.847535,17.666094,15.897605,18.1251,15.4008045,11.4438095,11.094359,7.379132,9.399173,14.074897,11.299293,9.141753,12.678843,17.656507,17.447985,22.021954,22.783371,22.40033,26.4724,25.78944,27.879765,31.434875,28.32818,24.907495,20.529778,23.66153,17.563341,20.298765,17.275528,19.1154,17.958553,19.531826,20.920307,24.583944,23.295158,23.33898,27.532087,26.276867,26.227345,25.406328,28.862581,24.840178,28.41506,30.09506,28.712194,26.24538,26.06024,20.672039,21.43104,17.0366,17.922823
32,33.782173,30.064295,26.940203,24.277107,21.464287,18.49906,16.547527,12.439457,9.402145,8.248198,3.9628448,5.88951,5.356073,7.971098,12.270864,11.0106535,15.304173,16.189304,21.669361,22.761143,27.10265,29.74654,32.855793,27.124846,25.22706,22.65428,18.623028,16.233711,12.726122,11.977275,7.937583,7.3046546,0.0,5.357909,7.5801587,6.9207263,7.035046,10.447613,12.105434,11.663384,13.10259,17.230886,16.715818,17.37491,19.104214,22.696262,22.997467,23.037502,25.825832,23.833218,22.821047,27.373173,28.89398,26.19718,27.135248,26.440351,22.15784,23.230776,26.008766,21.992617,17.538603,21.39576,20.440855,21.69189,17.521692,14.240501,16.23561,13.320615,13.835149,19.261091,17.877317,15.374394,17.422422,22.907131,21.44363,26.256056,26.050236,24.506989,28.303587,26.355932,27.815304,30.719078,27.047653,24.285257,20.401533,24.347147,19.156378,23.428244,21.328556,24.053637,23.069073,25.225437,26.34815,29.379044,26.944454,26.011465,29.6557,26.997484,26.830889,24.666452,27.724583,23.075487,26.301817,27.640297,25.340433,23.27824,21.50514,17.395983,17.223265,13.107129,14.000155
33,34.685726,31.19775,27.675737,25.370089,22.955427,19.017658,18.578903,14.128073,11.839253,11.52408,8.12226,10.9495,10.629005,13.147144,16.267712,14.459017,18.821037,18.624535,24.809454,24.688366,29.126965,32.039944,34.425854,28.672602,27.156721,25.215572,20.438173,18.76501,14.721684,14.264374,9.888121,7.2321205,5.357909,0.0,5.2580132,8.049368,7.529408,7.792588,11.140265,12.336,12.401682,15.536092,16.447813,17.657,17.973068,21.681795,23.531,23.04554,24.93409,22.565947,20.880804,26.477509,26.927553,23.696718,25.021923,24.512114,20.710907,21.494917,23.339367,19.18477,15.592294,18.429796,16.921764,17.479849,13.531301,11.006363,12.749759,10.633808,12.1905775,17.123503,16.356209,15.093895,16.853983,22.357618,20.792881,25.801958,25.935335,24.205883,28.671392,26.583775,28.73747,31.764595,28.72259,25.85228,21.639254,25.862864,20.17526,24.314774,22.227604,24.663101,24.297935,26.189388,27.795681,31.370672,29.641733,29.321177,32.963566,30.822302,30.180758,28.597736,30.966043,26.581543,29.334032,30.343801,28.518682,26.724916,25.262144,21.207579,21.788967,17.784826,19.197823
34,33.479675,30.011513,27.103287,23.998228,22.138401,18.746195,17.773403,14.79829,11.416924,13.090773,9.894227,13.011526,11.914138,13.246308,14.647298,11.790974,15.9046135,14.685361,21.220953,20.218533,24.62412,27.672714,29.652832,24.036308,22.847515,21.375494,16.321505,15.524563,11.141561,12.131408,6.6778994,6.654561,7.5801587,5.2580132,0.0,4.859878,6.3080883,5.3221,6.6640873,8.63913,9.93986,11.307273,11.935203,14.222224,14.720434,17.164013,19.46276,19.624247,21.191406,19.470364,17.079473,22.049942,22.956907,19.94015,20.508312,19.585115,15.706733,16.372976,18.666895,14.976984,10.504119,13.894019,13.063182,14.318507,10.19567,6.660492,9.472484,7.598577,7.3206897,12.504119,12.636062,11.390681,11.989191,17.576809,15.625489,20.665007,20.722013,19.019476,23.574865,21.746729,24.147348,27.42012,24.705835,21.578432,17.16281,21.239618,15.339261,19.407171,17.597364,20.17716,20.462988,22.58549,24.530426,28.130898,26.489346,26.52604,29.688728,27.872147,26.653467,25.713484,27.516214,23.54513,26.1047,27.123735,25.980665,24.117079,23.796885,19.063042,20.737978,16.800896,19.05466
35,30.815697,27.166931,24.757517,21.127495,19.126457,16.71357,14.36888,12.370065,8.0099,10.49272,7.762163,10.61887,9.558108,9.677631,11.497914,7.586238,11.905722,10.931107,17.276096,17.120079,21.389637,24.38656,26.975248,21.604027,20.28943,18.359724,13.962454,13.033759,8.774283,10.824708,3.6203864,8.2896,6.9207263,8.049368,4.859878,0.0,4.329255,7.0252395,5.819983,5.3508406,8.602517,11.194663,10.006374,11.609351,13.707032,16.116034,16.680073,17.346518,19.859413,18.561995,17.03263,20.814089,22.87533,20.545267,20.819544,19.954771,15.50501,16.871521,20.072586,16.324776,11.461282,16.14695,16.330778,17.997091,13.569619,9.882533,13.319958,11.114218,9.023017,14.454034,14.604514,12.134489,12.119046,17.693188,15.324994,20.161833,19.548311,17.65182,21.521646,19.512224,21.22297,24.335596,21.054539,18.037485,13.870172,17.995777,12.656758,17.411467,16.043884,19.23253,19.351137,21.969898,23.612959,26.631712,24.163176,23.662384,26.392786,23.942617,22.652153,21.246696,23.072466,18.891537,21.604887,22.78042,21.398413,19.399914,19.132795,14.217343,15.992013,12.164637,14.85641
