,0,1,2,3,4,5,6,7,8,9,10,11,12,13,14,15,16,17,18,19,20,21,22,23,24,25,26,27,28,29,30,31,32,33,34,35,36,37,38,39,40,41,42,43,44,45,46,47,48,49,50,51,52,53,54,55,56,57,58,59,60,61,62,63,64,65,66,67,68,69,70,71,72,73,74,75,76,77,78,79,80,81,82,83,84,85,86,87,88,89,90,91,92,93,94,95,96,97,98,99,100,101,102,103,104,105,106,107,108,109,110,111
0,0.0,4.0313077,7.2777643,10.686647,12.638806,15.276751,18.689754,19.499752,23.990368,25.44746,30.680817,31.378218,27.67802,27.340227,22.767012,22.903868,17.564186,21.49649,15.710912,20.67449,20.076746,17.186611,20.22016,19.888424,16.82542,19.981575,17.364367,20.768385,20.566805,24.722792,27.29409,28.711483,32.195976,34.335094,37.274773,39.017624,42.22645,42.622032,39.326588,36.99719,35.221973,33.21378,28.991425,28.62242,22.891615,25.460978,19.217949,21.066479,20.028055,20.716738,23.357416,26.486858,29.925678,32.378456,32.76318,30.042425,30.02554,26.331276,25.72893,24.17835,29.393635,28.206944,31.363407,33.581104,34.9977,39.558304,39.61501,44.29711,44.081905,44.464005,40.846584,40.43055,38.654137,34.34782,36.700405,31.562624,34.741898,29.278923,33.009,32.103916,34.979176,29.699207,26.473482,25.473822,27.904734,29.204266,31.108717,32.271126,36.322598,37.58434,41.53048,41.945557,43.847748,41.503372,37.56262,37.548706,34.094143,32.63186,33.064865,31.016033,32.107883,34.10238,36.41364,36.343952,38.780594,41.70217,40.128838,45.635036,41.37906,45.727383,44.656704,48.948967
1,4.0313077,0.0,3.2588556,7.085595,8.977811,11.276675,14.802341,15.533879,20.00036,21.548485,26.712317,27.59241,23.919973,23.629904,19.196812,19.67319,14.614862,19.028307,13.694181,19.274187,19.651535,17.168728,20.664282,20.000288,16.738787,19.475945,15.855471,18.755812,18.054464,22.050695,24.113087,25.195871,28.739029,30.666733,33.707775,35.2682,38.63235,39.21722,35.936096,33.695225,32.04764,30.210377,26.213886,26.19458,20.730585,23.699154,17.8118,20.288113,20.02298,20.748695,23.648693,26.837482,30.044334,32.96454,32.845947,30.157726,29.696259,25.836517,25.301146,23.192923,28.318026,26.461514,29.466684,31.178652,32.402046,36.702232,36.695034,41.53286,41.012497,41.232334,37.764187,37.153736,35.55504,31.46788,33.929012,29.035688,32.477856,27.44051,31.513838,30.819195,34.315094,29.271208,26.258366,24.866278,26.954433,27.751005,30.166594,30.670177,35.049477,36.131653,40.112656,40.792217,42.425564,39.83841,36.10881,36.27602,32.642784,31.109144,31.435137,29.527937,30.193104,32.58455,34.42502,34.350964,37.009987,39.563046,37.934055,43.497665,39.264877,43.494644,42.586056,46.83846
2,7.2777643,3.2588556,0.0,4.9469886,6.345644,8.065589,11.78065,12.290371,16.773315,18.342344,23.463573,24.465578,20.861439,20.684631,16.338465,17.259037,12.603506,17.41322,12.772356,18.636974,19.860083,17.824469,21.534058,20.555532,17.21954,19.507847,15.144043,17.49269,16.27976,20.103014,21.5619,22.387438,25.898775,27.693045,30.779211,32.17976,35.671764,36.405468,33.173847,31.03499,29.460081,27.835604,24.02334,24.361942,19.182154,22.5023,17.036434,19.978943,20.36082,21.04439,24.094963,27.256289,30.244608,33.50791,32.965527,30.317963,29.512346,25.576454,25.156628,22.59785,27.594135,25.151728,28.035467,29.270676,30.346825,34.363155,34.338814,39.276382,38.519497,38.62334,35.30544,34.559593,33.146683,29.267492,31.870022,27.229969,30.927269,26.37187,30.663605,30.22067,34.165207,29.376722,26.575686,24.841825,26.565367,26.897202,29.685513,29.579266,34.184734,35.06951,39.04259,39.915123,41.298702,38.514378,34.99717,35.279495,31.535635,29.979696,30.246307,28.525007,28.853624,31.607052,33.05085,33.03439,35.9109,38.101112,36.40638,41.96303,37.729115,41.824135,41.025307,45.213932
3,10.686647,7.085595,4.9469886,0.0,4.0092463,6.3243337,8.550047,11.364143,14.538534,17.116627,21.817991,23.146072,18.88096,17.775072,14.647029,14.288364,10.127662,14.611323,10.226295,16.658266,18.305998,16.450602,20.533936,20.090406,17.184872,19.126963,14.521718,16.059994,15.247387,17.925184,20.364714,20.003174,24.584902,25.280148,28.919022,30.311453,33.745193,34.71498,31.059652,28.739943,27.961405,25.724903,22.919018,22.916382,18.868578,21.608137,17.364769,20.520569,21.304836,22.73254,25.586273,28.935608,31.495604,34.87585,34.438553,32.1886,30.957426,27.036089,25.85176,23.455761,27.633562,25.399502,27.313257,28.423805,28.857994,33.12923,32.478027,37.67193,36.4138,36.1155,32.76498,31.55026,29.964794,26.33281,28.349195,23.93067,27.25935,22.626268,27.313847,26.540758,31.097996,26.58274,24.09718,22.493881,24.27306,24.458767,27.83838,27.75631,32.594643,33.786903,37.821754,39.168114,40.568363,37.79642,34.37185,35.312336,31.414774,29.508282,29.194801,27.074873,26.619247,29.117138,29.968193,29.400751,32.01876,34.19562,32.706768,38.479164,34.706528,38.80797,38.459118,42.70653
4,12.638806,8.977811,6.345644,4.0092463,0.0,4.4458675,6.467376,9.130231,12.168113,14.308264,19.345087,19.957703,15.569098,14.750826,10.924849,10.997404,6.7900343,11.790066,8.554219,14.49149,17.053776,15.970135,19.86318,18.632832,15.612601,16.964045,11.781733,12.866267,11.499586,14.40396,16.42716,16.508476,20.861479,21.999052,25.39395,27.061909,30.289658,31.051565,27.468288,25.161253,24.113317,22.024544,18.961966,19.169922,15.112081,18.175724,14.221716,17.675076,19.05861,20.320877,23.242228,26.47029,28.794392,32.455685,31.605074,29.425951,27.916653,24.00504,22.989784,20.23488,24.307655,21.663403,23.602062,24.495962,25.02214,29.200705,28.704985,33.835804,32.739826,32.63566,29.273336,28.348907,26.868177,23.103395,25.63174,21.199255,25.065191,21.156181,25.6292,25.623743,30.115301,25.86292,23.52336,21.26677,22.390945,22.06321,25.465391,24.698023,29.601583,30.474257,34.457935,35.797825,36.996914,34.101856,30.813488,31.704935,27.781336,25.93583,25.729984,23.93895,23.55106,26.5471,27.405659,27.396614,30.53644,32.295467,30.530693,36.065952,31.92951,35.911922,35.34864,39.509663
5,15.276751,11.276675,8.065589,6.3243337,4.4458675,0.0,4.3416877,5.066298,8.739802,10.872559,15.719801,17.099207,13.384548,13.222688,9.794744,11.734143,9.377968,14.380547,12.537754,18.14895,21.218227,20.34623,24.223425,22.806831,19.747828,20.803276,15.332276,15.755444,13.476698,15.986075,15.939693,15.4869795,19.267147,20.234747,23.624662,24.626417,28.384842,29.567608,26.328161,24.419043,23.360352,22.123556,19.336138,20.494837,16.881603,20.57576,17.087122,20.785114,22.588276,23.38531,26.459148,29.466997,31.724617,35.62002,34.256653,31.943356,30.290606,26.399143,25.970964,22.672396,26.76795,23.178024,25.249027,25.197058,25.622868,28.910986,28.611267,33.809044,32.29974,31.979778,29.072924,27.848917,26.89882,23.734531,26.497955,22.753248,26.894457,23.8016,28.473904,28.627821,33.563297,29.62079,27.500608,25.126198,25.908411,25.07849,28.748293,27.201735,32.231678,32.71178,36.57283,38.024994,38.804134,35.62829,32.740234,33.514576,29.589138,27.91949,27.837006,26.518587,25.780638,29.24258,29.509583,29.52986,32.818512,34.031796,32.248924,37.700775,33.65916,37.333916,36.936462,40.911194
6,18.689754,14.802341,11.78065,8.550047,6.467376,4.3416877,0.0,6.1034813,6.445516,9.816263,13.916117,15.389374,10.937382,9.6813135,8.118539,8.86229,8.359651,12.464051,12.127007,17.270576,20.904057,20.514803,24.386793,23.165756,20.547249,21.08338,15.635994,15.020122,12.972458,13.987862,14.451071,12.563985,17.402018,17.162107,21.07646,22.102396,25.727537,27.118881,23.512724,21.48197,21.23279,19.530182,17.911787,18.896343,16.717241,19.820105,17.790266,21.515528,23.718756,24.960892,27.81032,30.83837,32.65036,36.645832,35.255413,33.313828,31.287342,27.522152,26.580603,23.409834,26.625132,23.142973,24.248934,23.879349,23.653555,26.987602,26.117615,31.500757,29.5008,28.80736,25.944672,24.290327,23.296316,20.499212,22.876324,19.585413,23.573902,21.022562,25.876953,26.09245,31.499464,28.05428,26.362524,23.921673,24.404549,23.175417,27.315489,25.455584,30.618235,31.203684,35.018734,36.886513,37.55915,34.374542,31.713856,33.038544,29.05972,27.156008,26.590508,25.125982,23.627623,27.035923,26.620058,26.349424,29.598593,30.492487,28.804243,34.29679,30.608105,34.15311,34.13554,38.070316
7,19.499752,15.533879,12.290371,11.364143,9.130231,5.066298,6.1034813,0.0,5.480243,6.3011417,11.20919,12.832806,10.318393,11.559003,8.339136,12.581649,12.091145,16.686768,16.436647,21.217012,24.930765,24.565247,28.243273,26.310337,23.242775,23.769144,18.11838,17.827303,14.664373,16.805172,14.162026,13.671031,16.10975,17.395998,20.358929,20.780424,24.925182,26.359728,23.69145,22.317806,20.963251,20.90557,18.251705,20.494045,17.454681,21.71317,18.936539,22.76065,25.130358,25.396507,28.531633,31.186277,33.20898,37.3864,35.346,32.99119,31.101786,27.357918,27.600935,23.740314,27.675407,23.07322,25.276548,24.156515,24.59761,26.7583,26.862804,31.931833,30.205444,29.864466,27.495068,26.278713,25.997496,23.424696,26.719332,23.721298,28.30616,26.413494,30.935266,31.670921,36.760136,33.23009,31.351534,28.59548,28.75253,27.282412,31.017479,28.454227,33.47117,33.363033,36.99109,38.473175,38.718903,35.255352,32.889782,33.450943,29.620832,28.235723,28.388803,27.77811,26.879042,30.957436,30.77956,31.226694,34.898777,35.375164,33.42247,38.50835,34.35047,37.591667,37.163475,40.83359
8,23.990368,20.00036,16.773315,14.538534,12.168113,8.739802,6.445516,5.480243,0.0,4.314935,7.4721017,9.683308,6.627787,7.237277,7.32361,10.920885,12.832676,16.18735,17.63831,21.706999,26.000515,26.165735,29.78399,27.996428,25.381943,25.331385,19.770412,18.360268,15.369361,15.713624,12.776169,10.195325,13.430507,12.945099,16.543104,16.647549,20.876417,22.77105,19.838638,18.568493,18.239737,18.089607,17.080723,19.422855,18.272047,21.890745,20.843315,24.65293,27.481731,28.144758,31.03377,33.647987,35.139088,39.44842,37.276722,35.34229,33.01416,29.468838,29.257626,25.490904,28.368992,23.74329,24.809513,22.999392,22.613262,24.375984,23.874714,29.109741,26.636225,25.764345,23.713915,21.90325,21.90094,20.139732,23.10798,21.063707,25.500805,24.673405,29.23172,30.167927,35.724533,32.873234,31.517029,28.670172,28.381062,26.356234,30.547873,27.413786,32.501087,32.355392,35.82596,37.79458,37.768547,34.24262,32.317535,33.468346,29.642202,28.07433,27.726553,27.15151,25.359983,29.481432,28.379528,28.61511,32.283455,32.13281,30.272888,35.21163,31.501583,34.394005,34.43124,37.918697
9,25.44746,21.548485,18.342344,17.116627,14.308264,10.872559,9.816263,6.3011417,4.314935,0.0,5.619313,6.6091776,5.7245083,8.780821,7.374486,12.792685,14.699656,18.068521,19.878593,23.365582,27.828983,28.23609,31.605434,29.250765,26.48962,26.205458,20.669138,19.247278,15.654574,16.514183,11.349724,10.224432,11.044053,12.230603,14.704751,14.6394825,19.00343,20.709568,18.540344,17.775648,16.460836,17.60496,15.884671,19.092527,17.71238,21.881063,20.801546,24.548893,27.610722,27.690887,30.625683,32.897312,34.3207,38.758495,36.085304,34.03251,31.67986,28.287563,28.792093,24.638176,27.66665,22.329424,23.94097,21.528624,21.603157,22.456635,22.720255,27.612244,25.488604,25.03299,23.310696,22.090761,22.575912,20.875734,24.596842,22.705519,27.583826,27.338846,31.490135,32.98867,38.186584,35.38041,33.96533,30.7857,30.106499,27.828217,31.66618,27.936308,32.824833,32.127743,35.389774,37.093582,36.71557,33.01906,31.393019,32.060486,28.405226,27.218868,27.344511,27.450806,26.0989,30.699436,29.827522,30.750658,34.81356,34.326786,32.20686,36.70231,32.56185,35.188698,34.830482,38.071938
10,30.680817,26.712317,23.463573,21.817991,19.345087,15.719801,13.916117,11.20919,7.4721017,5.619313,0.0,5.4294925,7.5923767,10.309535,11.8457155,16.342014,19.373049,22.02498,24.53403,27.74253,32.417667,33.00668,36.379005,34.15796,31.607136,31.089048,25.663843,23.751566,20.329233,20.111504,14.44797,11.897632,11.716665,10.987244,13.223432,11.509047,16.498484,19.074762,17.503859,17.522501,17.101254,19.00592,18.82967,22.282232,22.21694,25.974916,25.844692,29.513144,32.768757,32.906548,35.726875,37.871227,38.999687,43.50574,40.607132,38.74527,36.18922,33.011616,33.50065,29.358788,31.754452,26.273014,27.216448,23.980871,23.452164,23.081648,23.124195,27.784388,24.853415,23.81717,23.019287,21.206951,22.454138,22.043545,25.379015,24.721025,29.285532,30.020922,34.14347,35.7018,41.253544,38.966366,37.906948,34.76545,33.83373,31.19336,35.267437,31.067862,35.85537,34.964504,37.93367,39.93822,39.14693,35.372417,34.341644,35.251842,31.772112,30.64292,30.541372,30.87808,28.918018,33.520435,31.826387,32.561825,36.5032,35.337704,33.37162,37.52438,33.921436,35.987644,36.066395,38.921825
11,31.378218,27.59241,24.465578,23.146072,19.957703,17.099207,15.389374,12.832806,9.683308,6.6091776,5.4294925,0.0,5.6082754,9.627586,10.232721,15.114432,18.54299,20.554531,23.939856,26.021326,30.942604,32.059097,35.001095,32.264248,29.877964,28.851788,23.758987,21.476334,17.873425,17.504017,10.412628,9.172301,6.5692797,7.9909782,8.88986,8.341425,12.738971,14.601706,13.304561,13.508243,12.12419,14.953786,14.490639,18.440561,18.916231,22.593922,23.219189,26.627432,30.190063,30.095844,32.70453,34.51775,35.27506,39.842045,36.609753,34.957466,32.20592,29.328001,30.049143,25.840864,27.75581,22.00624,22.856956,19.135662,18.816671,17.924286,18.478987,22.899626,20.479465,20.05513,19.19515,18.287355,19.71168,19.05577,23.17912,22.527477,27.501978,28.944881,32.436634,34.749577,39.762,37.707233,36.738148,33.203346,31.703072,28.729422,32.41157,27.616251,32.113735,30.76323,33.4989,35.354572,34.30018,30.459057,29.715252,30.454712,27.159367,26.265661,26.392433,27.313356,25.667355,30.636953,29.202906,30.753708,35.15999,33.70032,31.402414,35.03142,30.900167,32.76229,32.368336,35.03131
12,27.67802,23.919973,20.861439,18.88096,15.569098,13.384548,10.937382,10.318393,6.627787,5.7245083,7.5923767,5.6082754,0.0,4.435987,5.494213,9.575089,13.351683,15.15279,18.67468,20.832155,25.752314,26.85504,29.880674,27.453312,25.21778,24.248337,19.109608,16.6668,13.418496,12.621127,7.494115,4.6623397,7.0138617,7.17722,10.312326,11.494673,15.00544,16.429533,13.45241,12.271881,11.653896,12.172434,11.773545,14.804282,15.303056,18.58694,19.305374,22.827778,26.281588,26.794258,29.351328,31.550003,32.37291,36.845993,34.183746,32.6638,29.900023,26.775305,26.664274,22.806019,24.645433,19.641672,20.026236,17.311293,16.675514,17.830288,17.440138,22.569637,20.206072,19.65638,17.684143,16.492813,16.902857,15.322998,19.20251,17.77824,22.746218,23.552458,27.280691,29.341896,34.44795,32.256145,31.277746,27.857157,26.577251,23.792397,27.745333,23.490507,28.312035,27.572962,30.708305,32.766415,32.286934,28.635323,27.254309,28.51527,24.875916,23.47111,23.132364,23.297716,21.400637,26.090942,24.78002,25.97378,30.26819,29.318096,27.076283,31.269901,27.140322,29.579433,29.3171,32.482853
13,27.340227,23.629904,20.684631,17.775072,14.750826,13.222688,9.6813135,11.559003,7.237277,8.780821,10.309535,9.627586,4.435987,0.0,6.3579717,6.9976196,11.73274,12.68739,16.595345,18.728846,23.618809,24.746628,27.857273,25.970428,24.080702,23.117062,18.175894,15.423348,13.053053,11.025471,9.221982,4.1014624,10.042447,7.7669973,12.160182,13.667774,16.611418,18.097834,14.177257,12.263972,13.162174,11.72758,12.664762,14.407046,15.703142,18.02724,19.310204,22.757254,26.046907,27.2256,29.608976,32.093246,32.819756,37.139225,34.989525,33.7267,30.919884,27.749882,26.780355,23.446445,24.79126,20.72779,20.207497,18.197739,16.862,19.148685,17.700792,23.144262,20.38829,19.338768,16.904043,14.993855,14.698648,13.052842,16.05648,14.613623,19.175396,19.814356,23.835346,25.553679,31.018333,29.01611,28.269547,25.09079,23.97915,21.266855,25.647018,21.879618,26.872976,26.73393,30.033922,32.457924,32.334064,28.924408,27.299515,29.20865,25.452776,23.606558,22.620424,22.039837,19.458838,23.630732,21.883942,22.414621,26.421022,25.645271,23.61786,28.234877,24.568686,27.259418,27.47382,30.88936
14,22.767012,19.196812,16.338465,14.647029,10.924849,9.794744,8.118539,8.339136,7.32361,7.374486,11.8457155,10.232721,5.494213,6.3579717,0.0,6.2814636,8.373152,11.084124,13.786034,16.269321,20.966486,21.866465,24.921167,22.401064,19.94543,19.25006,13.893815,11.981028,8.540046,9.279115,6.3995843,6.4059134,9.975862,11.72013,14.562635,16.599756,19.506153,20.168903,16.864681,14.946792,13.57909,12.717833,10.274904,12.441275,11.059565,14.755843,14.282562,17.97078,21.190887,21.834291,24.507835,26.963093,28.137808,32.50871,30.243874,28.54778,26.021269,22.598528,22.258244,18.494701,21.070953,16.525366,17.610144,16.29352,16.372324,19.184906,18.929707,24.086926,22.647398,22.639751,19.789589,19.19288,18.640213,15.5798645,19.528917,16.527426,21.645618,21.068369,24.850496,26.718828,31.420916,28.602001,27.20632,23.777382,22.874445,20.612976,24.327766,20.84162,25.810286,25.459766,28.97729,30.711065,30.818487,27.354446,25.181494,26.254951,22.387724,20.809443,20.637598,20.308422,19.145815,23.668896,23.38664,24.644833,28.92566,28.8642,26.551283,31.150331,26.575302,29.678682,28.999865,32.601456
15,22.903868,19.67319,17.259037,14.288364,10.997404,11.734143,8.86229,12.581649,10.920885,12.792685,16.342014,15.114432,9.575089,6.9976196,6.2814636,0.0,5.590392,5.763987,10.038075,11.765395,16.629519,17.87033,20.872065,19.043285,17.313997,16.380688,11.635947,8.882369,7.558464,5.61632,9.286509,7.4549794,13.612839,13.326222,16.957941,19.609337,21.650492,22.118675,17.814585,15.044004,15.231277,11.834013,11.131649,10.882553,11.106872,12.666452,13.599525,16.883715,19.85572,21.632298,23.83885,26.63593,27.491987,31.56704,30.102287,28.94819,26.329557,23.015505,21.209496,18.492334,19.949677,17.176868,16.652683,16.599186,15.763489,20.232725,18.693611,24.054724,22.453556,22.107286,18.54679,17.580881,15.900682,12.184975,15.043253,11.242961,15.949388,14.815882,18.827482,20.478233,25.415491,22.811956,21.728752,18.440603,17.621962,15.435949,19.719702,17.010595,22.197664,22.756527,26.50936,28.706017,29.384357,26.351938,23.791199,25.832596,21.883266,19.646502,18.474232,16.96027,14.948906,18.717123,18.217167,18.8352,22.879784,23.28224,21.13859,26.232248,22.027563,25.605564,25.336224,29.316885
16,17.564186,14.614862,12.603506,10.127662,6.7900343,9.377968,8.359651,12.091145,12.832676,14.699656,19.373049,18.54299,13.351683,11.73274,8.373152,5.590392,0.0,5.2252755,5.412912,9.181308,13.231198,13.665796,17.035341,15.248733,12.915642,12.910449,7.626828,6.8618584,6.1212068,7.8252764,12.219797,12.373957,17.472229,18.41472,21.699123,24.275877,26.564056,26.819366,22.808235,20.093285,19.384476,16.26458,13.715413,12.978415,10.258234,12.268158,10.467147,13.883791,16.129309,18.02059,20.47347,23.617962,25.142475,28.983372,28.033024,26.497412,24.399654,20.749968,18.895277,16.402107,19.150229,17.009394,17.743568,18.94355,19.055828,23.980637,23.008848,28.097038,27.20098,27.257605,23.522665,22.975674,21.093433,16.86432,19.519285,14.758378,18.94255,15.79865,19.82377,20.79248,25.127184,21.476173,19.610737,16.5722,16.74477,15.741712,19.398476,18.093836,23.114113,24.036953,28.024702,29.664072,30.876894,28.075285,24.832195,26.327562,22.347467,20.18124,19.48229,17.523203,16.792477,19.987194,20.814775,21.318615,24.960934,26.39956,24.372976,29.65938,25.258425,29.25663,28.580757,32.76624
17,21.49649,19.028307,17.41322,14.611323,11.790066,14.380547,12.464051,16.686768,16.18735,18.068521,22.02498,20.554531,15.15279,12.68739,11.084124,5.763987,5.2252755,0.0,6.351224,6.1076193,11.007431,12.679426,15.3428545,13.739973,12.591357,11.501903,7.826795,5.103956,6.840911,5.226495,12.846875,12.537295,18.146849,18.36344,21.580017,24.74936,26.142231,26.025248,21.59825,18.501572,18.557676,14.149789,12.904952,10.597143,10.270238,9.93001,10.969353,13.511988,15.930591,18.534956,20.29325,23.329206,24.124615,27.80304,27.14887,26.302465,23.887705,20.676462,17.781328,16.157553,17.198244,16.321426,15.399584,17.211843,16.645153,22.408844,20.701002,25.646463,24.84844,24.895588,20.797173,20.43286,17.934223,13.326627,15.395072,10.121365,14.070262,11.198035,14.795889,16.391054,20.583698,17.529268,16.223528,12.791279,12.2380085,10.771348,14.875246,13.664229,18.73858,20.129942,24.131948,26.16173,27.596313,25.101707,21.839006,24.129494,20.244282,17.673567,16.160786,13.537009,12.11613,14.915501,15.689743,16.288101,20.10995,21.569855,19.467426,24.697598,20.324814,24.498934,23.915833,28.22569
18,15.710912,13.694181,12.772356,10.226295,8.554219,12.537754,12.127007,16.436647,17.63831,19.878593,24.53403,23.939856,18.67468,16.595345,13.786034,10.038075,5.412912,6.351224,0.0,6.512044,8.872835,8.541948,12.284084,11.530223,9.585587,10.458166,6.7430625,7.705116,9.439758,10.953086,17.147873,17.333408,22.650537,23.335238,26.704245,29.447126,31.479382,31.565197,27.345325,24.401487,23.965742,20.149195,17.781546,15.876419,12.988158,13.479716,11.085797,13.525911,14.570607,17.337755,19.390335,22.858202,24.559238,27.82119,27.868734,26.516985,24.831923,21.281715,18.490498,17.20823,19.781473,19.345865,19.813984,22.225618,22.34985,27.996916,26.741522,31.620874,31.014711,31.101889,27.076832,26.578215,24.152634,19.66134,21.358795,16.039154,19.06109,14.115594,17.976265,18.046223,21.832523,17.483286,15.154889,12.713028,14.084663,14.4346075,17.66203,18.254292,22.891754,24.642067,28.728506,30.232355,32.103485,29.81485,26.079395,27.752455,23.934187,21.571096,20.60155,17.715252,17.389122,19.255674,20.860317,20.764172,23.676863,26.165869,24.453735,29.94807,25.8728,30.258116,29.610483,34.003284
19,20.67449,19.274187,18.636974,16.658266,14.49149,18.14895,17.270576,21.217012,21.706999,23.365582,27.74253,26.021326,20.832155,18.728846,16.269321,11.765395,9.181308,6.1076193,6.512044,0.0,5.189614,7.803159,9.551249,7.8840103,7.705608,6.428734,5.8576813,5.3936024,9.343728,9.462246,17.287012,18.20461,23.083208,24.024778,26.77607,30.269793,31.261982,30.641953,26.37189,23.221262,22.81931,18.271555,16.224203,12.866535,11.410927,9.348802,9.585704,10.580935,11.839032,15.304464,16.416399,19.63028,20.458555,23.540417,23.873398,23.30283,21.323595,18.35611,14.423186,14.311657,15.112561,16.423552,15.657825,19.172474,19.212402,25.600939,24.124447,28.436022,28.548422,29.080923,24.739283,25.036737,22.191023,17.234797,18.824823,13.117591,15.803585,11.4956875,13.636783,15.080032,17.51294,13.657915,11.716723,8.024986,8.141568,8.541891,11.201957,12.413442,16.683777,18.826439,22.889004,24.389256,26.626091,24.786926,20.841593,22.986149,19.411549,16.799961,15.364703,11.880748,12.126398,13.433417,16.138365,16.974222,20.263947,22.762987,20.77654,25.65021,21.143106,25.634434,24.5119,28.919485
20,20.076746,19.651535,19.860083,18.305998,17.053776,21.218227,20.904057,24.930765,26.000515,27.828983,32.417667,30.942604,25.752314,23.618809,20.966486,16.629519,13.231198,11.007431,8.872835,5.189614,0.0,3.827492,4.4115386,4.6434503,6.125675,6.269629,8.68623,10.062177,13.874849,14.638872,22.270775,23.33216,28.167347,29.18276,31.959564,35.43753,36.440765,35.749954,31.49967,28.331644,27.881376,23.319704,21.090933,17.593973,15.521562,13.21599,12.2303915,12.038933,11.529452,15.50076,16.04369,19.369305,20.45659,22.691048,24.136377,23.683956,22.344221,19.635435,15.23538,16.362253,17.26854,19.845177,19.388702,23.549486,23.822191,30.338268,28.913937,32.9432,33.342472,33.94788,29.551178,29.897474,26.874971,21.978943,22.972738,17.342695,18.897476,13.437593,14.7802,15.146275,16.153456,11.352842,8.508983,5.9184656,8.196853,10.771845,11.8297825,15.296352,18.525589,21.25599,25.144915,26.239445,29.040045,27.744356,23.49549,25.433989,22.243984,19.777975,18.482027,14.688061,15.677684,15.4924965,18.97392,19.30525,21.63837,25.04744,23.434433,28.17499,24.091656,28.688524,27.50873,31.898628
21,17.186611,17.168728,17.824469,16.450602,15.970135,20.34623,20.514803,24.565247,26.165735,28.23609,33.00668,32.059097,26.85504,24.746628,21.866465,17.87033,13.665796,12.679426,8.541948,7.803159,3.827492,0.0,4.214282,6.1989427,6.510364,8.462021,9.887457,12.170021,15.452339,16.902555,24.083696,24.97757,29.971445,30.956688,33.99199,37.17983,38.627666,38.198112,33.949093,30.828272,30.312847,25.984869,23.487349,20.435442,17.539394,16.14468,13.720638,13.885501,12.768292,16.49221,17.368517,20.862316,22.537159,24.58722,26.23221,25.383127,24.421196,21.4781,17.543505,18.399035,20.25113,22.346422,22.545416,26.481733,26.883434,33.223267,31.913641,36.158466,36.34942,36.804855,32.47408,32.517307,29.58503,24.793129,25.727335,20.127563,21.639183,15.518963,17.549871,16.915333,18.248531,12.964385,9.673517,8.589731,11.719185,14.379472,15.605542,19.041134,22.34526,25.004873,28.907375,29.886602,32.66916,31.282703,27.002525,28.647243,25.401674,23.05959,22.014349,18.379517,19.266905,19.160154,22.323011,22.121813,24.040773,27.730621,26.331724,31.372353,27.548758,32.17532,31.177927,35.596462
22,20.22016,20.664282,21.534058,20.533936,19.86318,24.223425,24.386793,28.243273,29.78399,31.605434,36.379005,35.001095,29.880674,27.857273,24.921167,20.872065,17.035341,15.3428545,12.284084,9.551249,4.4115386,4.214282,0.0,4.6897535,7.1119976,8.33694,11.924476,14.054044,17.686735,18.939365,26.314854,27.637318,32.303215,33.537098,36.251442,39.733727,40.754276,39.975815,35.80316,32.652058,32.029125,27.56743,25.05145,21.55664,18.988083,16.711344,14.938593,13.9910345,12.191918,16.1279,16.175198,19.39445,20.71749,22.147236,24.464052,24.064795,23.324886,20.903051,16.4748,18.39081,19.468945,22.745998,22.65744,27.180353,27.71287,34.2445,32.973503,36.775177,37.45115,38.179256,33.760616,34.22183,31.147375,26.25434,27.070948,21.514847,22.582348,16.811127,17.544094,17.281042,16.987543,11.848981,8.555591,7.809464,10.817515,14.167482,14.03105,18.50636,20.930914,23.849966,27.522707,28.195934,31.337494,30.422619,26.014786,27.636248,24.789658,22.539154,21.496403,17.768871,19.328747,18.465294,22.387403,22.564991,24.295868,28.162489,26.766144,31.273586,27.413874,31.989561,30.678274,34.98145
23,19.888424,20.000288,20.555532,20.090406,18.632832,22.806831,23.165756,26.310337,27.996428,29.250765,34.15796,32.264248,27.453312,25.970428,22.401064,19.043285,15.248733,13.739973,11.530223,7.8840103,4.6434503,6.1989427,4.6897535,0.0,3.665354,3.9511526,8.680484,11.038011,14.472542,16.342478,23.081217,25.222733,29.171206,31.132154,33.38547,37.01678,37.899837,36.867203,32.990482,29.96879,28.766865,24.720545,21.518545,18.179117,15.062015,12.879388,10.779839,9.373624,7.6857095,11.726066,11.849887,15.148964,16.497961,18.470198,20.225973,19.687355,18.772247,16.248013,11.883704,13.727058,15.105596,18.314693,18.715038,23.347782,24.336191,30.702919,29.890352,33.502613,34.573517,35.659214,31.283865,32.20248,29.368929,24.27186,25.949055,20.305857,22.333183,17.610115,18.258757,19.242977,19.199322,14.63754,11.793409,9.364343,10.646258,13.024975,12.589891,15.958506,18.503374,20.810194,24.53712,24.913486,27.857082,26.728848,22.261917,23.46601,20.570358,18.498093,17.937662,14.731858,17.101204,17.27853,21.526344,22.715073,25.346178,28.513954,26.665482,30.876068,26.274084,30.709303,28.901043,33.111115
24,16.82542,16.738787,17.21954,17.184872,15.612601,19.747828,20.547249,23.242775,25.381943,26.48962,31.607136,29.877964,25.21778,24.080702,19.94543,17.313997,12.915642,12.591357,9.585587,7.705608,6.125675,6.510364,7.1119976,3.665354,0.0,3.5955358,6.161464,9.536408,12.2877865,15.163682,21.109596,23.492573,27.23321,29.530396,31.80262,35.215504,36.487083,35.62828,31.89302,28.993269,27.448042,23.86999,20.076984,17.375254,13.136079,12.246357,8.348023,7.8053503,6.372365,10.000456,11.132141,14.70861,16.698902,19.203608,20.286669,19.103083,18.20487,15.117941,11.644815,12.33347,15.125348,17.0838,18.400076,22.561333,23.821829,29.864813,29.373243,33.237206,34.15351,35.21958,30.95632,31.758396,29.190428,24.09,26.283134,20.596136,23.331062,18.680773,20.18015,21.1163,22.004753,17.320185,14.378008,11.808324,13.00118,14.65313,15.020634,17.186354,20.329306,22.107645,25.953493,26.297686,28.873735,27.30755,22.92692,23.723475,20.549112,18.627968,18.490677,15.773117,18.018501,19.157978,22.962051,24.18903,27.146008,30.027742,28.057842,32.53056,27.719723,32.1149,30.325499,34.549206
25,19.981575,19.475945,19.507847,19.126963,16.964045,20.803276,21.08338,23.769144,25.331385,26.205458,31.089048,28.851788,24.248337,23.117062,19.25006,16.380688,12.910449,11.501903,10.458166,6.428734,6.269629,8.462021,8.33694,3.9511526,3.5955358,0.0,5.6609817,7.782739,10.978765,13.192005,19.417194,22.01002,25.518974,27.869133,29.853386,33.540955,34.37163,33.249172,29.542486,26.621601,25.09185,21.345325,17.740606,14.601404,11.16174,9.1931305,7.0618763,5.8627167,5.681761,9.553598,10.234073,13.5613,14.800413,17.638046,18.381342,17.652672,16.231094,13.37888,9.232943,10.23346,11.949413,14.486258,15.165747,19.622295,20.82503,27.029215,26.473698,30.10845,31.259724,32.496204,28.194458,29.320148,26.719286,21.55625,23.89978,18.299974,21.16159,17.363377,18.270584,20.057074,20.717325,16.635813,14.185214,10.839506,10.846868,11.954747,12.015071,13.758692,16.828568,18.513357,22.36525,22.784998,25.346943,23.81843,19.431547,20.48736,17.307802,15.249119,14.960631,12.240151,14.82525,16.155327,20.191338,21.998781,25.324184,27.835142,25.670021,29.781166,24.708456,29.001175,26.995012,31.152218
26,17.364367,15.855471,15.144043,14.521718,11.781733,15.332276,15.635994,18.11838,19.770412,20.669138,25.663843,23.758987,19.109608,18.175894,13.893815,11.635947,7.626828,7.826795,6.7430625,5.8576813,8.68623,9.887457,11.924476,8.680484,6.161464,5.6609817,0.0,4.107067,6.175799,9.598001,15.056203,17.434542,21.152412,23.481817,25.76872,29.087444,30.5239,29.850431,26.134892,23.323303,21.71388,18.40366,14.4840765,12.371726,7.8759265,8.354382,4.5365,6.8447366,8.60804,11.087241,13.154207,16.456894,18.071516,21.628916,21.251509,19.870075,18.097084,14.552806,11.946996,10.501091,13.5766535,13.407853,14.753803,17.91662,19.015469,24.7419,24.28854,28.554636,29.036827,29.963112,25.85481,26.501947,24.263428,19.264338,22.143557,16.656612,20.469482,16.937368,19.279278,20.89087,23.235405,19.179241,16.82887,13.385631,13.393234,13.313953,15.179191,15.046156,19.25251,20.3356,24.341568,25.19148,27.048546,24.779087,20.818039,21.81139,18.098757,16.045975,15.871292,13.721382,15.109027,17.76206,20.554132,22.080765,25.786386,27.783772,25.53767,30.162796,25.086226,29.288183,27.669308,31.866623
27,20.768385,18.755812,17.49269,16.059994,12.866267,15.755444,15.020122,17.827303,18.360268,19.247278,23.751566,21.476334,16.6668,15.423348,11.981028,8.882369,6.8618584,5.103956,7.705116,5.3936024,10.062177,12.170021,14.054044,11.038011,9.536408,7.782739,4.107067,0.0,4.125175,5.6667166,12.27329,14.250991,18.27827,20.16492,22.455025,25.988693,27.084425,26.363562,22.444998,19.515587,18.303183,14.52235,11.322914,8.750318,6.2264814,5.8543086,6.1047482,8.501366,11.322122,13.655334,15.401656,18.329588,19.187256,23.00717,22.162167,21.208912,18.841724,15.58449,12.830052,11.090135,12.681965,12.052284,12.120541,14.876461,15.417878,21.344757,20.496222,24.91617,25.157616,25.979244,21.821617,22.471296,20.189909,15.167507,18.214151,12.854814,17.090849,14.655668,16.956736,19.254951,22.071272,18.764416,17.053873,13.162717,12.132417,10.871769,13.538638,12.126647,16.838598,17.76047,21.799118,23.158947,24.716764,22.24918,18.597553,20.21659,16.33399,13.98051,13.242661,11.121846,11.653687,14.963183,17.155626,18.978283,23.103928,24.532482,22.123226,26.648682,21.486525,25.576195,24.093674,28.281763
28,20.566805,18.054464,16.27976,15.247387,11.499586,13.476698,12.972458,14.664373,15.369361,15.654574,20.329233,17.873425,13.418496,13.053053,8.540046,7.558464,6.1212068,6.840911,9.439758,9.343728,13.874849,15.452339,17.686735,14.472542,12.2877865,10.978765,6.175799,4.125175,0.0,5.370175,8.890295,11.684032,14.976716,17.614403,19.678875,22.984114,24.478573,23.912403,20.3403,17.722433,15.848721,13.141895,8.91845,8.14783,4.160761,7.1522355,6.290772,9.736131,13.047848,14.296815,16.593739,19.259222,20.331575,24.514666,22.882015,21.490015,19.025974,15.555427,14.160627,11.083955,13.652682,10.8957615,12.102868,13.534042,14.458499,19.512129,19.242336,23.830076,23.908579,24.777666,20.953844,21.58844,19.90782,15.2246685,19.090157,14.355684,19.266562,17.626438,20.31972,22.673143,25.946735,22.747025,21.040764,17.229782,16.136242,14.419104,17.165958,14.600503,19.34149,19.461374,23.3172,24.574554,25.545034,22.604956,19.38893,20.460463,16.480494,14.556958,14.467592,13.496157,13.876184,18.024252,19.581062,21.585163,25.963873,26.815048,24.29424,28.70624,23.422243,27.150583,25.644596,29.602205
29,24.722792,22.050695,20.103014,17.925184,14.40396,15.986075,13.987862,16.805172,15.713624,16.514183,20.111504,17.504017,12.621127,11.025471,9.279115,5.61632,7.8252764,5.226495,10.953086,9.462246,14.638872,16.902555,18.939365,16.342478,15.163682,13.192005,9.598001,5.6667166,5.370175,0.0,8.516589,9.259452,13.86577,14.879545,17.327562,20.951426,21.833225,21.303885,17.091936,14.062164,13.572356,9.319109,7.820925,5.759271,7.427719,7.4493556,10.609839,13.175028,16.548447,18.393879,20.097822,22.592865,22.878826,26.952599,25.414,24.705769,21.836733,18.898468,16.69534,14.363107,14.719127,12.662575,11.306834,12.196292,11.611553,17.219921,15.795257,20.709799,20.175909,20.63486,16.572733,16.919882,14.8474045,10.041756,13.720608,9.156451,14.342964,14.042075,16.622162,19.49602,23.255854,20.98451,20.051683,16.138355,14.276918,11.536276,15.216905,11.778841,16.898245,17.254133,21.05802,23.12597,23.938549,21.040394,18.262833,20.474009,16.555496,14.164944,12.873519,11.511458,10.081743,14.463892,14.924385,16.91392,21.540998,21.835882,19.255608,23.67298,18.604433,22.278652,21.239344,25.265297
30,27.29409,24.113087,21.5619,20.364714,16.42716,15.939693,14.451071,14.162026,12.776169,11.349724,14.44797,10.412628,7.494115,9.221982,6.3995843,9.286509,12.219797,12.846875,17.147873,17.287012,22.270775,24.083696,26.314854,23.081217,21.109596,19.417194,15.056203,12.27329,8.890295,8.516589,0.0,5.9312654,6.1350965,10.175287,11.149465,14.493058,15.967278,15.546936,12.586798,10.777953,7.9572635,8.047243,4.542246,8.330246,9.031845,12.269428,13.993063,16.9914,20.811546,21.059868,23.262716,25.077835,25.472263,29.992786,27.082445,25.833946,22.85306,20.029297,20.044878,16.177113,17.49778,12.2820425,12.80773,10.295269,10.640179,13.011416,13.378485,18.174984,17.49159,18.304256,15.4485,16.175451,15.97453,12.856911,17.900278,15.487432,20.985918,22.058165,24.666636,27.709122,31.637568,29.496988,28.458109,24.519941,22.544075,19.558592,22.629032,17.82784,22.29227,21.060835,24.16304,25.807676,25.37237,21.707573,20.113905,21.08094,17.441334,16.204767,16.330692,17.199049,16.374117,21.571918,21.402554,23.910315,28.764755,27.954794,25.242744,28.83421,23.661186,26.241264,24.955761,28.159306
31,28.711483,25.195871,22.387438,20.003174,16.508476,15.4869795,12.563985,13.671031,10.195325,10.224432,11.897632,9.172301,4.6623397,4.1014624,6.4059134,7.4549794,12.373957,12.537295,17.333408,18.20461,23.33216,24.97757,27.637318,25.222733,23.492573,22.01002,17.434542,14.250991,11.684032,9.259452,5.9312654,0.0,6.932054,6.1263657,9.551232,12.241554,14.297256,15.0601635,11.0813,8.96577,9.219335,7.96727,8.970121,11.197082,13.407374,15.5784645,17.793844,20.975346,24.58543,25.534697,27.716928,29.89081,30.26204,34.657314,32.18871,31.125685,28.122515,25.227146,24.445248,21.044323,21.855574,17.544765,16.752066,14.257426,12.936566,15.127697,13.908304,19.311611,16.995218,16.501541,13.850272,12.875577,12.728415,10.688245,14.791893,13.404987,18.490051,20.00555,23.282526,25.811653,30.692192,28.945417,28.293177,24.720276,22.986267,19.866661,23.860344,19.349314,24.129198,23.51604,26.637724,28.977903,28.604845,25.097128,23.719091,25.55593,21.915941,20.22713,19.392303,19.410574,17.075335,21.754519,20.24195,21.705074,26.203697,25.065565,22.68563,26.729208,22.485565,24.97067,24.71364,27.974964
32,32.195976,28.739029,25.898775,24.584902,20.861479,19.267147,17.402018,16.10975,13.430507,11.044053,11.716665,6.5692797,7.0138617,10.042447,9.975862,13.612839,17.472229,18.146849,22.650537,23.083208,28.167347,29.971445,32.303215,29.171206,27.23321,25.518974,21.152412,18.27827,14.976716,13.86577,6.1350965,6.932054,0.0,6.570938,5.74077,8.661442,10.465238,10.654552,8.776354,8.548574,5.732127,9.295381,8.9202385,13.113952,14.994453,17.93115,20.042086,22.945435,26.810703,26.776417,28.94768,30.45336,30.611597,35.164833,31.790712,30.615608,27.546885,25.083769,25.59389,21.636534,22.484215,16.890018,16.982473,12.792322,12.418775,11.585181,12.361008,16.790485,15.112926,15.539811,14.09627,14.488602,15.705781,14.512291,19.397694,18.711926,23.929102,26.198898,28.807878,31.943071,36.24445,34.605038,33.86606,29.987383,27.806038,24.463423,27.674395,22.277126,26.394144,24.660128,27.172289,29.01496,27.80243,23.955996,23.447672,24.348473,21.1995,20.381405,20.503574,21.960114,20.531206,25.753904,24.594969,27.0294,31.84386,30.135357,27.512568,30.53235,25.855076,27.564703,26.653397,29.200968
33,34.335094,30.666733,27.693045,25.280148,21.999052,20.234747,17.162107,17.395998,12.945099,12.230603,10.987244,7.9909782,7.17722,7.7669973,11.72013,13.326222,18.41472,18.36344,23.335238,24.024778,29.18276,30.956688,33.537098,31.132154,29.530396,27.869133,23.481817,20.16492,17.614403,14.879545,10.175287,6.1263657,6.570938,0.0,4.90686,6.7385206,8.885842,10.734885,7.2981315,6.8277907,8.60357,9.716539,12.719161,15.519234,18.744509,20.695972,23.527897,26.545055,30.30181,31.014133,33.098587,34.968338,35.015167,39.458015,36.574272,35.674973,32.507286,29.95875,29.531626,26.053514,26.277893,21.63275,20.378191,16.584827,14.6548815,14.316404,13.002755,17.902752,14.387454,13.123159,12.077705,10.408044,11.99962,12.465015,16.078466,16.79701,21.275745,24.232365,27.184404,29.908916,34.938995,33.848274,33.57172,30.046804,27.98615,24.507915,28.443867,23.314024,27.626432,26.519703,29.038223,31.601734,30.533628,26.932713,26.542143,28.423136,25.209833,23.853645,23.002111,23.647581,20.875462,25.496635,23.042791,24.51546,28.88703,26.70744,24.464483,27.68474,24.07459,25.544363,25.715145,28.24613
34,37.274773,33.707775,30.779211,28.919022,25.39395,23.624662,21.07646,20.358929,16.543104,14.704751,13.223432,8.88986,10.312326,12.160182,14.562635,16.957941,21.699123,21.580017,26.704245,26.77607,31.959564,33.99199,36.251442,33.38547,31.80262,29.853386,25.76872,22.455025,19.678875,17.327562,11.149465,9.551232,5.74077,4.90686,0.0,4.576123,4.973375,6.257306,4.696573,6.313157,6.4685807,10.273735,12.8912735,16.352255,19.814472,21.827099,24.996105,27.711119,31.636847,31.870064,33.805054,35.21841,34.963722,39.4376,36.045918,35.255127,32.00029,29.861052,30.030464,26.415651,26.290188,21.216272,20.083057,15.36775,13.771223,11.254071,11.065928,15.048107,11.896023,11.418183,11.409314,11.204985,13.608116,14.400196,18.56091,19.59271,24.171078,27.730305,30.06764,33.34602,37.854683,36.952732,36.698376,32.920753,30.440205,26.74693,30.13285,24.39035,28.16643,26.337553,28.35345,30.65808,29.007988,25.283249,25.588648,27.036137,24.25878,23.414837,23.018036,24.5554,22.290693,27.212225,25.010483,27.267776,31.900126,29.31946,26.868637,29.226612,25.286133,26.156895,25.83055,27.79132
35,39.017624,35.2682,32.17976,30.311453,27.061909,24.626417,22.102396,20.780424,16.647549,14.6394825,11.509047,8.341425,11.494673,13.667774,16.599756,19.609337,24.275877,24.74936,29.447126,30.269793,35.43753,37.17983,39.733727,37.01678,35.215504,33.540955,29.087444,25.988693,22.984114,20.951426,14.493058,12.241554,8.661442,6.7385206,4.576123,0.0,5.1510277,8.373628,8.476157,10.465969,10.94079,14.65793,16.9829,20.607153,23.47033,25.91574,28.475805,31.435028,35.292435,35.4145,37.560223,39.045235,39.018227,43.539436,40.07028,39.05861,35.912666,33.638428,34.046436,30.226397,30.562475,25.220797,24.509989,19.790821,18.344223,15.388649,15.371644,18.880331,15.332548,14.240956,15.1251955,14.063569,16.822788,18.236845,21.84389,23.185465,27.539497,30.917627,33.65577,36.558865,41.46796,40.48045,40.17775,36.549934,34.33178,30.743093,34.35674,28.779545,32.668655,30.908213,32.90482,35.2035,33.463673,29.726976,30.116102,31.398813,28.639605,27.862223,27.540129,28.961222,26.574009,31.387741,28.91311,30.708517,35.085316,32.41818,30.192993,32.65896,29.187992,29.898426,29.922476,31.7229
