,0,1,2,3,4,5,6,7,8,9,10,11,12,13,14,15,16,17,18,19,20,21,22,23,24,25,26,27,28,29,30,31,32,33,34,35,36,37,38,39,40,41,42,43,44,45,46,47,48,49,50,51,52,53,54,55,56,57,58,59,60,61,62,63,64,65,66,67,68,69,70,71,72,73,74,75,76,77,78,79,80,81,82,83,84,85,86,87,88,89,90,91,92,93,94,95,96,97,98,99,100,101,102,103,104,105,106,107,108,109
0,0.0,4.2807994,6.504718,9.688554,12.320194,14.522695,17.889132,21.4065,25.129831,28.601316,30.645855,34.962364,35.647522,36.15787,36.84939,32.36355,34.77685,30.824282,34.0528,32.555603,35.157673,35.394787,37.174812,38.858555,38.15269,39.039032,34.552837,36.02865,32.36271,34.71846,29.707336,35.81571,31.495369,36.549496,34.218758,37.189137,34.34962,31.175186,29.34466,28.833141,23.613667,25.435911,19.189775,22.169504,16.624763,20.314884,17.225847,20.18705,22.236404,21.26851,18.315948,15.852725,17.370073,17.676712,12.64226,15.4976,13.3914385,19.126,20.03672,20.50008,25.006289,26.84218,27.7424,32.41443,30.416117,32.3972,36.527866,38.28902,41.26009,44.67755,43.620533,40.61039,38.877373,38.17301,36.940636,32.807312,33.739586,28.975245,32.260296,27.463037,29.45408,28.302614,25.123402,23.062326,23.372974,19.71023,23.253979,20.071297,23.289112,22.36064,25.832523,25.758888,27.247301,28.785944,25.013054,19.908937,25.577566,21.590273,26.210117,24.38834,26.699713,27.503511,28.422424,31.808346,30.548784,34.830143,30.035778,34.0733,32.28033,35.911304
1,4.2807994,0.0,5.280933,6.369374,8.813125,12.175698,14.486709,18.695168,21.93782,25.990227,27.751583,32.32901,32.964943,33.120907,33.80667,29.062187,31.295105,27.20826,30.280645,28.840143,31.264912,31.593601,33.196037,35.10869,34.441097,35.288258,31.170002,32.565266,29.053581,31.591248,26.750038,33.094177,29.172956,34.500763,32.31862,35.251663,32.488747,29.479122,27.114424,26.270182,21.249176,22.342018,15.983016,18.447363,12.867825,16.078451,13.270399,16.24684,18.78525,17.729912,14.397948,12.689057,14.555512,14.634317,9.346065,11.949985,9.245874,15.028852,15.843844,16.71653,20.975388,22.970398,23.989637,28.732733,27.248682,28.91672,33.30505,35.22689,37.94038,41.529045,40.08231,36.93852,35.21822,34.28668,32.955883,28.768484,29.567568,24.788979,28.015112,23.312332,25.329128,24.336985,21.038427,19.109705,19.449848,16.370022,19.761238,17.183151,20.621737,20.240547,23.973415,24.381142,26.087448,27.196104,23.409637,18.145267,23.149683,19.063416,23.044281,20.986328,22.987785,23.715384,24.57469,27.80762,26.57599,30.7089,26.02631,30.121597,28.459135,32.222736
2,6.504718,5.280933,0.0,5.4101443,7.0114856,8.646702,12.045717,15.169439,19.213627,22.347252,24.768152,28.760098,29.957912,30.500925,31.815166,27.391745,30.24903,26.752684,30.264418,29.511763,32.330967,33.191772,35.055237,37.020485,35.865417,36.13646,32.245914,32.66808,28.828907,30.7786,25.66791,31.507679,26.624598,31.990257,29.147827,31.817713,28.676016,25.76184,23.670599,23.477022,18.162397,20.39372,14.580387,17.620876,13.349478,17.733269,15.59893,19.391403,22.497026,21.672195,17.751099,16.702877,19.264116,19.088667,13.647794,15.366605,11.563006,17.005392,16.552902,16.016949,20.123552,21.735071,22.195074,26.782986,24.185768,26.451086,30.297215,32.03455,35.110237,38.529858,37.709614,34.836765,33.415565,32.828537,32.062508,28.060396,29.61207,25.259983,29.144108,24.927937,27.521067,27.210978,23.409315,21.343616,20.62785,17.604076,19.943357,16.636477,19.477827,18.28476,21.879873,21.443577,23.910864,25.532265,22.36745,17.718006,22.753891,19.7203,23.661371,23.046955,24.251507,25.926937,27.164509,29.82215,28.12009,31.60301,26.424967,29.93096,27.54033,31.076017
3,9.688554,6.369374,5.4101443,0.0,3.859429,6.3501887,9.060961,12.684004,15.724916,19.889174,21.41065,26.137487,26.61417,26.760702,27.562237,22.8757,25.376657,21.610373,25.00746,24.121746,26.944845,27.815504,29.80711,31.681992,30.463305,30.738544,26.909027,27.411938,23.691954,25.903257,20.967724,27.169529,23.08558,28.61021,26.34458,29.193552,26.490108,23.610271,20.936289,19.984644,15.052666,16.064054,9.832774,12.619074,7.9395814,12.95649,10.659464,15.109362,18.231852,18.10132,14.152128,12.953442,16.420244,16.840082,11.952985,13.443704,8.777948,13.842573,12.943481,13.669004,16.211084,18.603148,18.874382,23.8312,21.839687,23.075636,27.58638,29.190327,32.06119,35.378693,34.173496,31.214994,29.204866,28.70409,27.455748,23.43152,24.7559,20.257912,24.238646,19.839865,22.688341,22.673477,18.590847,16.252686,15.257262,12.375908,14.631015,11.813504,14.996938,14.638495,18.508963,19.037418,21.277529,22.1988,18.857105,14.01181,18.260761,15.064062,18.466242,17.86349,18.853024,20.71389,22.14353,24.649462,22.804523,26.391394,21.162931,24.815884,22.706978,26.309164
4,12.320194,8.813125,7.0114856,3.859429,0.0,6.001358,5.678506,10.500134,13.456328,17.758213,19.646751,24.066933,25.259258,25.126753,26.591576,21.735327,24.393017,20.860981,24.169498,23.824038,26.391146,27.627333,29.225157,31.59385,30.351727,30.334446,27.320023,27.225792,23.659563,25.751448,21.02273,27.079334,22.883295,28.700558,26.08996,28.572182,25.591629,23.12808,19.984463,19.207243,14.473594,15.214568,9.622498,11.402349,8.357491,11.966974,11.255707,15.143892,19.119648,18.405603,13.968151,14.777147,17.851954,17.330133,12.571739,12.956814,7.9814715,12.110401,10.4052305,10.142796,13.15509,15.098734,15.516458,20.32331,18.50701,20.16396,24.495611,26.505064,29.141502,32.85706,31.392746,28.308954,26.947819,26.01207,25.202963,21.139965,22.725685,18.560118,22.610157,18.91671,21.78966,22.155884,18.038288,16.28229,15.042947,13.646069,14.845245,12.875034,15.735638,15.584139,19.459103,19.854494,22.767115,23.573414,20.718199,16.344109,19.6155,16.999107,19.30987,18.891825,19.000525,20.90421,22.155827,24.145113,22.324305,25.15397,20.048029,23.390516,20.996101,24.737621
5,14.522695,12.175698,8.646702,6.3501887,6.001358,0.0,6.9695296,7.247093,11.242028,14.204381,16.25169,20.482792,21.316608,21.972536,23.432356,19.30109,22.609753,19.849463,23.775684,23.877098,27.213003,28.76444,31.172272,32.912106,31.015953,30.47862,27.031094,26.139347,22.079206,23.358234,18.21177,23.545258,18.311613,23.90866,20.916199,23.479837,20.445475,17.67901,15.14159,14.891484,9.608787,12.253775,7.594151,11.201591,9.765957,15.763027,14.482129,19.42282,22.734154,23.11683,18.989311,18.22793,22.213306,22.622353,17.934645,18.759752,13.721662,17.589674,15.18872,14.560631,15.442281,17.557346,16.632792,21.364511,17.785164,19.222666,23.187208,24.235392,27.654589,30.492222,30.182467,27.700144,25.705769,25.974155,25.329105,21.776287,24.106335,20.435883,25.187815,21.599335,25.1266,26.033556,21.53602,19.068785,16.619423,14.108365,14.373578,10.793927,12.577539,11.137409,14.694825,14.292392,17.651253,18.993477,16.765572,13.343627,16.832914,15.5856285,18.442127,20.047628,19.844366,22.978018,24.909828,26.509655,24.046381,26.64587,20.899502,23.503294,20.45588,23.527452
6,17.889132,14.486709,12.045717,9.060961,5.678506,6.9695296,0.0,6.373265,8.54185,13.0080595,15.048898,19.141716,20.9728,20.526022,22.784338,17.972912,20.944788,18.1313,21.449703,22.09519,24.602194,26.500114,27.973013,30.629742,29.027145,28.337795,26.363298,25.08203,21.669682,23.272837,18.932928,24.405485,20.149137,26.15693,23.246834,25.211586,22.09736,20.280643,16.519543,15.887795,11.927382,12.160876,8.654964,8.990573,9.700215,12.331315,13.408744,17.031607,21.420475,20.890469,16.387255,18.450874,21.69109,20.87441,16.844015,16.20778,11.405552,13.219703,9.810363,8.2036705,9.07973,10.682459,10.296527,15.0540695,12.879954,14.605801,18.825735,20.990862,23.508886,27.399544,25.885931,22.850395,21.956718,20.959003,20.746122,16.92242,19.251488,15.974821,20.462076,17.97783,21.240162,22.554707,18.271715,16.923931,14.672212,14.906475,14.136842,13.112954,14.976817,15.054622,18.59231,18.920881,22.566399,23.094143,21.154785,17.867573,19.519627,18.243235,19.046005,19.815327,18.500837,21.07127,22.462378,23.390192,21.26269,22.79573,17.657963,20.078472,17.046665,20.652592
7,21.4065,18.695168,15.169439,12.684004,10.500134,7.247093,6.373265,0.0,5.07749,7.3236446,10.0738125,13.728351,15.692449,16.071598,18.869822,15.020122,18.880299,17.357216,21.218098,22.63809,25.816465,28.148567,30.335741,32.407825,30.110455,28.72222,26.689041,24.23694,20.469027,20.949316,16.479897,20.708616,15.252118,21.102673,17.527113,19.217007,15.840425,14.158355,10.544045,10.816152,6.9386454,9.227744,8.632085,10.047266,12.799122,17.13687,17.706911,22.096571,25.918375,26.284592,22.036493,22.891342,26.83806,26.718565,22.62346,22.38203,17.419212,19.341291,15.665622,13.952021,12.448287,13.875641,11.684961,15.767838,11.103368,12.579631,16.076872,17.0499,20.550955,23.453962,23.359907,21.129538,19.729105,20.194128,20.446903,17.4893,20.76661,18.433084,23.476994,21.412186,25.21398,27.094238,22.570513,20.684834,17.344296,16.904907,14.897212,12.9090395,13.1436615,12.159753,14.868608,14.310051,18.70233,19.567272,18.794102,17.026024,18.05068,18.53753,19.287651,22.11961,20.280262,24.01055,25.995687,26.366299,23.637539,24.585125,19.00552,20.22964,16.331898,18.953249
8,25.129831,21.93782,19.213627,15.724916,13.456328,11.242028,8.54185,5.07749,0.0,6.1224174,6.6178393,11.309871,12.612654,12.013351,14.866535,10.676986,14.408806,13.372124,16.974527,19.03189,22.016323,24.708796,26.81752,28.929682,26.450869,24.667006,23.50929,20.368189,17.012272,17.340683,13.671752,17.606062,13.42138,19.301308,16.437048,17.873915,15.216299,14.245985,9.714415,8.822389,7.5157423,6.5570126,8.822722,8.024643,13.139456,16.253696,17.6868,21.635323,25.324917,26.077837,22.17675,23.537489,27.547066,27.5406,24.242367,23.578861,18.88033,19.494642,15.418268,14.466159,10.199679,12.028398,8.969994,12.896308,9.157787,8.404862,12.887416,13.679223,16.775532,19.661472,18.991608,16.687214,14.741501,15.406233,15.523215,12.89866,16.4961,14.96265,20.056366,18.825634,22.75388,25.238302,20.824308,19.215145,15.415048,16.383577,13.065789,12.762542,12.337733,12.612422,14.85512,15.362641,19.364767,19.298403,18.97084,17.879393,17.0358,18.224272,17.315212,20.643337,17.82791,21.807594,23.846075,23.424118,20.554638,20.609268,15.256875,15.687151,11.540066,14.020118
9,28.601316,25.990227,22.347252,19.889174,17.758213,14.204381,13.0080595,7.3236446,6.1224174,0.0,5.0038977,6.450397,9.842986,10.599082,14.931753,12.752187,17.032692,17.54989,21.128357,23.741835,26.904228,29.810486,32.12294,33.971523,31.153711,28.887756,27.911242,23.935741,20.584257,19.72768,16.402859,18.2894,12.710595,17.814926,13.720826,14.105115,10.626033,10.663645,6.8093762,8.394182,8.394376,10.182869,13.634043,13.890008,18.631838,22.335224,23.51254,27.676607,31.31266,32.08905,28.075464,29.13419,33.25921,33.232426,29.538282,28.988512,24.178211,25.149849,21.047379,19.137074,15.5729265,16.32228,12.896607,15.164329,9.134225,9.498643,11.276436,10.715833,14.987871,16.867996,18.143574,16.95928,15.703117,17.462482,18.690304,17.178522,21.239628,20.578718,25.561499,24.778307,28.717587,31.320238,26.927774,25.241571,21.296549,21.67547,18.275736,17.087976,15.713736,14.757028,15.829126,14.880752,19.55256,20.101364,20.967506,21.03331,20.248568,22.473757,21.93169,26.143843,23.31283,27.611917,29.78795,29.143053,26.146006,25.668709,20.55005,19.979952,15.50639,16.638144
10,30.645855,27.751583,24.768152,21.41065,19.646751,16.25169,15.048898,10.0738125,6.6178393,5.0038977,0.0,6.0831823,6.0512753,6.082635,9.976195,8.055422,12.349623,13.647835,17.075172,20.017708,23.275524,26.309864,28.922735,30.357965,27.27316,24.711527,24.009384,19.512918,16.405458,15.121884,12.524205,13.757314,9.43303,14.467821,11.5230465,12.126307,10.136871,10.383839,5.9599323,5.516748,8.418129,7.760289,13.198384,12.677337,18.306564,21.796598,22.984875,27.080976,30.195433,31.63731,28.0881,28.77436,33.137474,33.613792,30.495617,29.984688,25.281061,25.777061,21.686174,20.879494,15.693707,17.221603,13.560777,15.864064,11.441196,8.940329,11.77492,10.162133,14.085335,15.052198,16.12646,15.185908,12.140545,15.043972,15.534295,14.638488,18.621563,18.454382,23.372164,22.825617,26.879662,29.80976,25.509338,23.710144,19.433348,20.223364,16.055868,15.754313,13.66081,13.594724,14.057518,14.279221,18.189608,17.829388,19.10148,19.915644,17.625658,20.610828,19.018042,23.922554,20.629374,25.244461,27.625847,26.523787,23.334915,22.530136,17.571503,16.31265,11.916387,12.275163
11,34.962364,32.32901,28.760098,26.137487,24.066933,20.482792,19.141716,13.728351,11.309871,6.450397,6.0831823,0.0,6.4954,7.477893,12.94051,13.019979,16.882109,19.138706,22.08732,25.474533,28.435583,31.661364,34.010365,35.57557,32.42556,29.518562,29.490183,24.471933,21.783403,19.863583,18.00816,17.546509,13.057794,16.52952,12.752359,11.469831,8.979547,11.182136,8.549306,10.269734,13.078695,13.794416,18.863016,18.463541,23.986534,27.200483,28.694088,32.629112,36.02,37.13322,33.38178,34.511456,38.734016,38.83532,35.494423,34.77294,30.095034,30.464989,26.22645,24.468565,19.791307,20.226658,16.45766,17.151743,11.748792,10.445656,9.914079,6.744825,11.511638,11.442217,14.547878,14.823464,13.585855,16.685688,18.573568,18.565598,22.804749,23.463877,28.087978,28.25015,32.1434,35.2029,31.029398,29.510984,25.323595,26.242989,22.133213,21.619873,19.421228,18.747072,18.643322,17.784048,21.998606,22.095934,24.071955,25.335583,23.25588,26.514309,25.015806,29.981792,26.56294,31.080832,33.335445,31.945883,28.864357,27.321615,22.918188,20.954157,16.586805,16.11297
12,35.647522,32.964943,29.957912,26.61417,25.259258,21.316608,20.9728,15.692449,12.612654,9.842986,6.0512753,6.4954,0.0,3.8530362,7.2072034,9.113121,12.651288,15.696141,18.603693,21.880709,25.236593,28.333012,31.360394,32.08093,28.586575,25.531425,25.073692,19.777815,17.15704,14.47671,13.342904,11.363287,8.036685,10.708271,8.439979,7.7764273,7.8573375,9.551867,7.311274,7.266193,12.207445,11.724148,17.86651,17.569029,23.133633,26.882578,27.774931,31.960058,34.535263,36.545013,33.319897,33.378277,37.98565,38.909744,35.95987,35.6268,30.925234,31.422222,27.399044,26.870241,21.260536,22.80863,19.059744,20.604395,16.407167,13.278126,14.614093,11.125117,14.973441,13.418301,16.309952,16.78909,12.8065605,17.355526,17.779078,18.170498,21.946821,22.537928,27.141317,26.905138,30.956995,34.0985,29.939272,27.965923,23.518526,24.04324,19.605516,19.311224,16.303516,16.081299,14.994754,15.120636,18.26084,17.540981,20.13563,22.450418,19.145138,23.312479,21.338762,27.18239,23.770876,28.674917,31.280094,29.783846,26.453293,25.230846,20.797972,18.542849,14.686108,13.211932
13,36.15787,33.120907,30.500925,26.760702,25.126753,21.972536,20.526022,16.071598,12.013351,10.599082,6.082635,7.477893,3.8530362,0.0,5.8395824,7.061131,10.111267,13.523198,15.910109,19.589104,22.515753,25.791433,28.471445,29.456934,26.052969,22.849474,23.248575,17.707527,15.624416,13.243697,12.90154,11.496881,10.134102,13.170368,11.885217,11.517736,11.597498,13.021755,9.881027,8.759436,13.513833,11.415451,17.721645,16.400526,22.49298,25.232077,26.68434,30.371584,33.013626,34.928276,31.86013,32.52784,36.91948,37.651684,35.115646,34.466457,30.01922,29.835718,25.774714,25.498508,19.206738,20.724962,17.003933,18.208097,15.153224,10.944371,12.787913,9.665388,12.650552,11.643952,13.280457,13.510855,8.98761,13.716884,14.085546,14.895919,18.644897,19.818296,24.132069,24.5042,28.394438,31.748138,27.819061,26.220867,21.862164,23.333385,18.5703,19.323326,16.625685,17.261566,16.713364,17.606964,20.551895,19.34656,21.438858,23.278915,19.437819,23.274597,20.412378,25.875065,22.01069,26.680223,29.102348,27.195684,23.990067,22.131063,18.179865,15.400158,11.619157,9.808041
14,36.84939,33.80667,31.815166,27.562237,26.591576,23.432356,22.784338,18.869822,14.866535,14.931753,9.976195,12.94051,7.2072034,5.8395824,0.0,5.4895897,6.774142,10.969475,13.005541,16.33211,19.586775,22.600885,25.950552,26.015835,22.316324,19.05003,18.956118,13.202005,11.399312,8.140722,9.377699,6.2536287,8.676078,10.465524,11.70734,12.400507,14.057037,14.597304,12.111023,9.56763,14.709632,11.506532,17.835285,16.59671,22.228281,25.20934,26.049658,29.777922,31.541538,34.26152,31.798067,31.481441,36.08625,37.55458,35.476494,35.180023,30.879063,30.794155,27.116034,27.929182,21.28361,23.657726,20.26556,22.162212,19.979893,15.310319,18.173357,15.353572,17.698254,16.204964,17.204117,17.320992,11.158781,16.16852,14.85162,15.811495,18.636044,19.550251,23.580341,23.474821,27.354658,30.66363,26.893354,24.9246,20.548925,21.667032,16.838974,18.021847,14.866766,16.217794,15.00601,17.086456,18.63481,16.473488,18.764757,21.34293,16.287605,20.740318,17.269121,23.346008,19.607138,24.455103,27.145704,25.197624,21.855665,20.487705,16.737139,13.917612,11.341428,8.66085
15,32.36355,29.062187,27.391745,22.8757,21.735327,19.30109,17.972912,15.020122,10.676986,12.752187,8.055422,13.019979,9.113121,7.061131,5.4895897,0.0,4.4205313,6.610489,9.665041,12.822633,16.212162,19.26101,22.365898,23.101887,19.732409,16.961403,16.515802,11.535086,8.919334,7.6675167,6.9294567,8.600474,9.342273,13.537847,13.729198,15.236662,15.462868,15.14357,11.391391,8.054293,11.855122,7.155477,13.185229,11.275909,17.177923,19.768122,20.853638,24.470545,26.559286,28.985954,26.393818,26.509378,30.962954,32.196243,30.17628,29.754644,25.541224,25.310349,21.670488,22.75502,16.097937,18.840528,15.716243,18.38035,16.795855,12.175786,16.479565,15.018743,17.261778,17.674173,17.132591,15.95071,10.103491,13.677161,11.796402,11.462724,14.346261,14.4855795,18.924616,18.434338,22.443153,25.65991,21.722988,19.827236,15.43013,17.046984,12.084497,13.879213,11.446563,13.498445,13.639515,16.165178,18.16417,16.161503,17.123667,18.336374,13.760987,17.176006,13.556742,18.976128,15.088054,19.885406,22.48198,20.810797,17.445599,16.5442,11.989391,10.056065,6.790898,6.0981817
16,34.77685,31.295105,30.24903,25.376657,24.393017,22.609753,20.944788,18.880299,14.408806,17.032692,12.349623,16.882109,12.651288,10.111267,6.774142,4.4205313,0.0,5.01428,6.2497945,9.883134,12.881549,16.012358,19.199274,19.54364,16.012371,12.899268,13.402054,7.781912,6.6436253,5.6764984,7.8102136,8.939627,12.575985,15.637961,17.060549,18.53595,19.413239,19.166107,15.694279,12.23259,15.846335,10.606615,15.774207,13.18301,18.742672,20.256691,21.507591,24.466604,25.976715,28.787895,26.816605,26.939009,31.19889,32.663437,31.356756,30.843012,27.081234,26.244837,22.930439,24.764637,17.654547,20.592356,17.871601,20.236532,19.967321,14.80702,19.170155,17.857912,19.175253,19.386345,17.97918,16.800478,10.289516,13.694132,10.64032,11.087608,12.873907,13.670937,17.269613,17.279057,20.959053,24.366318,20.926544,19.293049,15.209483,17.614714,12.635199,15.687396,13.52135,16.33853,16.365625,19.538704,20.695395,18.055029,18.80341,20.066578,14.591544,17.832253,12.950369,18.076952,13.816442,18.283737,20.800503,18.53792,15.275959,13.823224,10.373009,7.513998,6.2862787,4.2369857
17,30.824282,27.20826,26.752684,21.610373,20.860981,19.849463,18.1313,17.357216,13.372124,17.54989,13.647835,19.138706,15.696141,13.523198,10.969475,6.610489,5.01428,0.0,4.3095846,6.3890233,10.053068,12.859077,16.194492,16.869392,13.729733,11.649681,10.7561865,7.1794233,4.9108458,7.142539,6.9951363,11.526504,14.01784,18.04725,19.100382,21.250925,21.473078,20.446379,16.667915,12.952262,14.918207,9.116866,12.498701,9.501365,14.402213,15.634756,16.670256,19.57452,20.982922,23.87671,22.040419,22.011395,26.218298,27.812939,26.70411,26.30914,22.736721,21.970814,19.025892,21.596346,14.926141,18.483099,16.412949,19.71669,19.955177,15.43903,20.696396,20.335203,21.743742,23.036388,20.967491,18.927238,13.26065,15.019568,11.385535,10.030914,10.986715,10.046313,13.990527,12.817915,16.708677,19.854216,16.20892,14.329502,10.240313,12.965694,8.083225,12.118282,10.954775,14.474798,15.511128,19.10176,20.097517,17.547482,17.020912,17.055197,12.074137,14.019781,8.834922,13.251466,8.92756,13.54748,16.17947,14.486605,11.043414,11.13244,6.349032,6.0740995,5.700304,7.0809984
18,34.0528,30.280645,30.264418,25.00746,24.169498,23.775684,21.449703,21.218098,16.974527,21.128357,17.075172,22.08732,18.603693,15.910109,13.005541,9.665041,6.2497945,4.3095846,0.0,4.39783,6.6675186,9.9151,12.974084,13.574572,10.357158,7.7788076,9.170296,5.4362917,6.3043957,8.65582,10.586577,13.811692,17.677816,21.012905,22.61067,24.48029,25.047812,24.338793,20.589804,16.931868,19.185776,13.359631,16.416126,12.930043,17.440845,17.098022,18.649073,20.490587,21.458633,24.444445,23.23787,23.700003,27.44447,28.985598,28.641241,27.968782,24.976635,23.374922,20.738209,23.712143,16.728418,20.07211,18.357674,21.008287,22.42177,17.463501,22.507792,22.278635,22.849524,24.086615,21.229303,19.201105,13.507977,14.780227,10.399417,9.988479,9.542633,9.861092,12.327969,12.355864,15.568375,19.010763,16.175106,15.027377,11.756783,15.542658,11.191385,15.875626,14.9870825,18.64961,19.525278,23.2526,23.926834,21.07885,20.575132,20.636045,15.3439045,16.925829,11.000011,14.167642,9.536229,13.047419,15.269652,12.557694,9.476044,8.147974,5.808129,4.0119286,6.762196,7.202887
19,32.555603,28.840143,29.511763,24.121746,23.824038,23.877098,22.09519,22.63809,19.03189,23.741835,20.017708,25.474533,21.880709,19.589104,16.33211,12.822633,9.883134,6.3890233,4.39783,0.0,4.535896,6.6412687,10.708879,10.614235,7.597423,6.681478,5.6440563,5.6171145,6.4876776,10.209889,11.44754,15.696023,19.557673,22.869993,24.738663,27.09229,27.635223,26.398787,22.83106,19.036167,20.469522,14.817175,16.371939,13.287838,16.232248,15.718588,16.527107,18.093699,18.168056,21.745022,21.176565,20.828642,24.492674,26.577585,26.693924,26.354553,23.74226,22.363577,20.420591,24.173763,17.97684,21.704208,20.540525,23.757254,25.265188,20.791039,26.151937,26.157991,26.9316,28.35687,25.493486,23.247416,17.804535,18.625422,14.160344,12.933169,11.558625,10.272763,12.09611,10.596564,13.552953,16.490782,13.881269,12.368147,9.770519,13.249779,9.916423,14.933926,14.714089,18.684618,19.833757,23.92688,23.95955,20.991957,19.691784,19.19036,14.140037,14.687132,8.53267,10.543212,6.3446975,9.475389,11.9480295,9.826059,6.665989,8.088906,6.0346837,7.4008603,10.299583,11.508087
20,35.157673,31.264912,32.330967,26.944845,26.391146,27.213003,24.602194,25.816465,22.016323,26.904228,23.275524,28.435583,25.236593,22.515753,19.586775,16.212162,12.881549,10.053068,6.6675186,4.535896,0.0,3.5780735,6.521141,7.202337,4.988963,4.8617487,7.5976105,8.525111,10.764825,14.066295,15.859762,19.617395,23.751574,26.987831,28.854769,30.965904,31.470373,30.471815,26.698793,22.99266,24.418299,18.654531,19.935797,16.308405,19.052391,16.740347,18.32143,18.517288,18.396057,21.625359,21.663456,22.308174,25.202122,26.913914,27.834347,27.075157,25.174393,22.840185,21.275183,25.291702,19.100574,22.490719,21.82679,24.475573,27.13261,22.552555,27.764162,28.177187,28.217537,29.96868,26.2687,23.838202,18.988596,18.870516,14.205493,13.374709,10.655064,10.3006,10.013222,10.030814,11.73208,14.883028,13.45989,13.175002,11.833881,16.354958,13.602268,18.887997,19.04302,23.015566,24.322407,28.349897,28.489912,25.520283,24.138508,23.321545,18.561348,18.543406,12.583089,12.618971,8.781575,9.507293,10.883434,7.3934355,5.5154757,5.215127,7.1546135,8.0937805,12.202336,13.351804
21,35.394787,31.593601,33.191772,27.815504,27.627333,28.76444,26.500114,28.148567,24.708796,29.810486,26.309864,31.661364,28.333012,25.791433,22.600885,19.26101,16.012358,12.859077,9.9151,6.6412687,3.5780735,0.0,5.023266,4.265175,3.4285336,6.113534,7.2593203,10.54264,12.771615,16.337326,17.942825,21.927216,26.168507,29.261648,31.352648,33.697247,34.254803,32.999874,29.366587,25.603502,26.66183,21.07191,21.580658,18.301332,19.958572,17.39572,18.431185,18.08001,17.000122,20.629768,21.415545,21.509903,24.06706,26.169304,27.638142,27.09888,25.669687,23.420443,22.48024,26.945566,21.38885,24.88534,24.560905,27.428604,30.160269,25.814135,31.140665,31.635153,31.7478,33.530827,29.83074,27.341623,22.562695,22.322443,17.682001,16.605473,13.605183,12.540966,11.507466,10.623453,11.441858,13.8746,13.205253,12.952693,12.6283865,16.650372,14.879653,20.030842,20.548414,24.57301,25.952784,30.143248,29.8464,26.815369,25.02224,23.917326,19.46523,18.767467,13.175552,11.834515,9.202834,8.395125,9.390305,6.436212,5.759045,7.6523857,9.8127,11.600707,15.562208,16.84232
22,37.174812,33.196037,35.055237,29.80711,29.225157,31.172272,27.973013,30.335741,26.81752,32.12294,28.922735,34.010365,31.360394,28.471445,25.950552,22.365898,19.199274,16.194492,12.974084,10.708879,6.521141,5.023266,0.0,5.0644345,7.025705,9.2800455,12.272115,14.818863,17.130165,20.561176,22.092237,26.127388,30.061888,33.472843,35.20744,37.33199,37.598515,36.53872,32.59323,28.979195,29.842112,24.200699,24.407846,20.622952,22.231709,17.982128,19.959366,18.248257,17.487764,20.159874,21.336685,22.895311,24.519117,25.855354,28.012768,26.916616,26.231173,22.987568,22.423458,26.929537,21.687479,24.690908,24.955732,27.26652,31.063406,26.898855,32.03964,33.103794,32.584686,34.933926,30.444527,27.663803,23.840725,22.496395,18.08135,17.059965,13.2059145,12.7859,9.698592,10.568675,9.655681,12.103141,12.889247,14.116868,14.798403,19.716028,18.210281,23.526915,24.420822,28.397902,30.110094,34.116524,34.233227,31.370932,29.467548,27.893982,23.904232,22.74931,17.443016,14.948322,12.464824,10.100753,9.4540615,5.464004,7.1786284,7.115723,11.611821,13.247651,17.448694,19.019552
23,38.858555,35.10869,37.020485,31.681992,31.59385,32.912106,30.629742,32.407825,28.929682,33.971523,30.357965,35.57557,32.08093,29.456934,26.015835,23.101887,19.54364,16.869392,13.574572,10.614235,7.202337,4.265175,5.0644345,0.0,3.939001,7.600385,9.70965,13.441449,16.317873,19.594835,21.730764,25.168365,29.956816,32.63802,35.08209,37.375305,38.16937,36.98087,33.440716,29.649805,30.859552,25.271381,25.772146,22.544224,23.90964,20.945568,21.912113,20.899733,19.146519,22.773565,24.245665,24.289764,26.316154,28.509335,30.583874,30.027248,29.093828,26.586897,26.028059,30.63494,25.239943,28.56835,28.419073,30.999363,34.10839,29.650415,34.825047,35.294926,35.10649,36.736153,32.83184,30.464254,25.783548,25.434977,20.797071,20.16392,16.80984,16.27193,14.2362585,13.985524,13.716701,15.609868,16.065643,16.266665,16.59774,20.380915,18.998318,24.033497,24.537674,28.560162,29.77506,34.058346,33.456135,30.273804,28.509731,27.532612,23.034405,22.263836,16.878637,15.045216,13.188292,11.446159,11.620334,8.835243,9.50657,10.568966,13.903264,15.183091,19.397484,20.277935
24,38.15269,34.441097,35.865417,30.463305,30.351727,31.015953,29.027145,30.110455,26.450869,31.153711,27.27316,32.42556,28.586575,26.052969,22.316324,19.732409,16.012371,13.729733,10.357158,7.597423,4.988963,3.4285336,7.025705,3.939001,0.0,4.020571,6.557728,9.573947,12.748488,15.797778,18.326366,21.347273,26.430485,28.874062,31.479752,33.714104,34.714256,33.619373,30.218426,26.397676,28.027508,22.406025,23.618011,20.502317,22.546457,20.587458,21.428038,21.402477,20.107655,23.946913,24.761946,24.445356,27.1686,29.482151,30.875721,30.440313,28.848927,26.744877,25.621847,29.91502,23.986328,27.439236,26.788832,29.431015,31.96497,27.260773,32.367573,32.43806,32.490826,33.71154,30.250154,28.145033,22.94515,23.29205,18.59656,18.235819,15.4706135,15.170734,14.276004,13.91367,14.798958,17.22819,16.615026,16.148643,15.413152,18.942415,16.832335,21.786171,21.783987,25.779465,26.674812,30.968212,30.352264,27.06184,25.696247,25.27795,20.222235,20.247786,14.442603,14.212376,11.630318,11.544209,12.699761,9.801312,9.001533,9.659002,11.975068,12.621456,16.689201,17.126926
25,39.039032,35.288258,36.13646,30.738544,30.334446,30.47862,28.337795,28.72222,24.667006,28.887756,24.711527,29.518562,25.531425,22.849474,19.05003,16.961403,12.899268,11.649681,7.7788076,6.681478,4.8617487,6.113534,9.2800455,7.600385,4.020571,0.0,7.0532475,6.964787,10.822996,13.184012,16.46005,18.634956,24.069424,26.286379,28.932913,30.8618,32.046463,31.297115,27.910082,24.148056,26.42479,20.703583,22.96898,19.693817,22.822409,21.369757,22.570467,23.142832,22.588184,26.187302,26.358051,26.361292,29.46607,31.518791,32.3798,31.79618,29.712408,27.62056,25.886652,29.669592,23.092579,26.381632,25.260752,27.558802,29.855042,24.798204,29.609863,29.34688,29.313038,30.155127,26.880423,25.090149,19.597477,20.469267,15.829457,16.169218,13.946396,14.619393,14.423061,14.879627,16.454208,19.459686,18.23379,17.650196,15.969223,19.655499,16.584103,21.476627,20.884634,24.769796,25.342583,29.495916,29.163689,25.82793,25.092607,25.27018,19.686853,20.68407,14.527675,15.899705,12.400967,13.663034,15.185155,11.850656,10.248631,9.096633,11.04843,10.18544,14.198781,13.875198
26,34.552837,31.170002,32.245914,26.909027,27.320023,27.031094,26.363298,26.689041,23.50929,27.911242,24.009384,29.490183,25.073692,23.248575,18.956118,16.515802,13.402054,10.7561865,9.170296,5.6440563,7.5976105,7.2593203,12.272115,9.70965,6.557728,7.0532475,0.0,6.269055,7.9842253,11.298623,13.19156,16.569551,21.454855,23.702383,26.519257,29.166515,30.308903,28.797115,25.86981,21.996912,23.50201,18.344746,19.552969,17.475363,19.174574,19.474283,19.090738,20.689716,19.352053,23.802515,24.018665,22.10657,25.804989,28.780903,29.237495,29.457249,27.077518,26.266111,24.857903,28.937794,23.239605,27.105778,25.95728,29.336296,30.44963,25.997019,31.263193,30.820694,31.833897,32.614895,30.255621,28.366997,22.480686,23.90523,19.410137,18.53625,17.035522,15.605811,16.779194,14.601892,16.868881,19.028076,17.01699,15.035632,13.212356,14.8770895,12.7294235,16.881174,16.456543,20.334019,20.885904,25.321693,24.19753,20.824303,19.436403,19.516802,14.123009,14.739479,9.067724,11.019394,8.944568,11.140828,13.657132,12.373241,10.04993,12.600304,11.545484,12.75602,15.532141,15.973636
27,36.02865,32.565266,32.66808,27.411938,27.225792,26.139347,25.08203,24.23694,20.368189,23.935741,19.512918,24.471933,19.777815,17.707527,13.202005,11.535086,7.781912,7.1794233,5.4362917,5.6171145,8.525111,10.54264,14.818863,13.441449,9.573947,6.964787,6.269055,0.0,4.4311438,6.303821,9.95565,11.812497,17.386984,19.414291,22.220743,24.352678,25.756437,24.851196,21.862518,18.05871,20.764057,15.396179,18.596169,16.192701,19.85168,20.706894,21.13882,23.393187,23.326536,27.14446,26.408342,25.406113,29.45468,31.806253,31.521502,31.38692,28.33704,27.40144,25.061909,28.254261,21.610235,25.14126,23.256058,26.084026,26.74506,21.779436,26.567553,25.5837,26.56054,26.770054,24.82304,23.423798,17.083136,19.451077,15.249899,15.317347,14.894915,14.831648,16.948296,16.115292,19.101933,22.085213,19.446712,17.642271,14.52817,16.708538,12.839415,16.787394,15.266315,18.881021,18.89035,23.014385,22.58977,19.205315,19.058247,20.147066,13.984243,16.414442,10.476958,14.763493,11.158942,14.806247,17.391464,15.177358,12.223603,12.261524,10.483829,9.369803,11.469019,10.631331
28,32.36271,29.053581,28.828907,23.691954,23.659563,22.079206,21.669682,20.469027,17.012272,20.584257,16.405458,21.783403,17.15704,15.624416,11.399312,8.919334,6.6436253,4.9108458,6.3043957,6.4876776,10.764825,12.771615,17.130165,16.317873,12.748488,10.822996,7.9842253,4.4311438,0.0,4.163165,5.713267,9.403561,13.735249,16.507666,18.825182,21.336052,22.384985,21.08463,18.124243,14.259681,16.582739,11.442054,14.61605,12.866279,16.480562,18.670227,18.596806,21.760109,22.096434,25.818953,24.533785,23.072338,27.538843,29.936682,28.987486,29.113272,25.599646,25.398903,22.871187,25.77784,19.54369,23.240932,21.17026,24.55437,24.304277,19.823862,24.79966,23.79492,25.48437,25.877813,24.511154,22.985325,16.744137,19.311733,15.553972,14.780861,15.235929,14.1676655,17.461721,15.632064,19.246952,22.016718,18.632498,16.194868,12.439388,13.5733,9.401305,12.677387,10.87291,14.450457,14.587701,18.729156,18.491295,15.302037,15.00211,16.060833,9.950518,12.83982,7.4002767,13.101212,9.7457485,14.438454,17.408548,16.064142,12.679641,13.772929,9.966661,9.842023,10.347623,10.306276
29,34.71846,31.591248,30.7786,25.903257,25.751448,23.358234,23.272837,20.949316,17.340683,19.72768,15.121884,19.863583,14.47671,13.243697,8.140722,7.6675167,5.6764984,7.142539,8.65582,10.209889,14.066295,16.337326,20.561176,19.594835,15.797778,13.184012,11.298623,6.303821,4.163165,0.0,5.3813124,5.6037874,11.347675,13.144487,16.003075,18.204052,19.868103,18.977926,16.488604,12.817484,16.315273,11.782716,16.332859,15.033207,19.276457,22.080683,22.078331,25.562578,26.134304,29.741415,28.171337,26.7096,31.331795,33.64538,32.32469,32.450077,28.621883,28.607714,25.717922,28.021637,21.553951,24.931053,22.344002,25.311813,24.336794,19.66218,24.003515,22.23963,24.16523,23.659683,23.173868,22.312197,15.717721,19.368769,16.163214,16.193903,17.39331,17.12348,20.616398,19.363293,23.049562,25.985407,22.51931,20.119343,16.128574,16.856207,12.488591,14.693476,11.9477825,14.766178,13.9202175,17.712742,17.514322,14.251291,15.240909,17.516218,11.2180805,15.377837,10.86567,17.088188,13.820679,18.578909,21.515974,19.935778,16.570126,16.752708,13.135902,11.717039,11.325164,9.889153
30,29.707336,26.750038,25.66791,20.967724,21.02273,18.21177,18.932928,16.479897,13.671752,16.402859,12.524205,18.00816,13.342904,12.90154,9.377699,6.9294567,7.8102136,6.9951363,10.586577,11.44754,15.859762,17.942825,22.092237,21.730764,18.326366,16.46005,13.19156,9.95565,5.713267,5.3813124,0.0,6.8502946,8.445926,12.169409,13.686684,16.5819,17.299988,15.606079,12.929373,9.11879,11.475378,7.3449335,11.425649,11.193791,14.974384,19.15511,18.574446,22.856981,23.856022,27.194178,25.104544,23.252502,28.142517,30.414652,28.439524,28.845991,24.64614,25.454115,22.538593,24.57613,18.96616,22.495571,19.964994,23.673862,21.839104,18.093422,22.768888,21.393505,24.061382,24.263866,24.057543,22.755604,16.853287,19.974985,17.233692,16.037975,17.771715,16.239565,20.59152,18.276215,22.343597,24.89599,20.843733,17.946287,13.666296,13.124438,8.911629,9.75026,6.671788,9.455574,9.198599,13.118105,13.426836,10.679378,10.993988,12.741198,7.1553226,11.435001,8.477226,15.090417,12.465708,17.645151,20.735138,20.10357,16.59173,17.929037,12.857008,12.939784,11.308219,11.521179
31,35.81571,33.094177,31.507679,27.169529,27.079334,23.545258,24.405485,20.708616,17.606062,18.2894,13.757314,17.546509,11.363287,11.496881,6.2536287,8.600474,8.939627,11.526504,13.811692,15.696023,19.617395,21.927216,26.127388,25.168365,21.347273,18.634956,16.569551,11.812497,9.403561,5.6037874,6.8502946,0.0,7.501672,7.6738257,11.189078,13.276847,15.682141,15.019396,13.625592,10.627674,15.038791,12.245821,17.581545,17.391645,21.69945,25.72479,25.412878,29.557308,30.426538,33.882896,31.85314,30.045307,34.945034,37.240093,35.234844,35.562565,31.2734,31.916553,28.723791,30.252419,24.13939,27.176874,24.110098,26.895815,24.535135,20.313755,23.778633,21.136671,23.822725,22.314835,23.412825,23.277666,16.912685,21.47296,19.26154,19.52294,21.604582,21.430244,25.427702,24.113327,28.024698,30.89919,27.102549,24.457508,20.209213,19.903782,15.725055,16.204695,12.624887,14.01018,11.8869295,14.839438,14.711949,11.773768,14.38807,17.966375,12.321788,17.497812,14.62024,21.360859,18.53033,23.547743,26.579775,25.271103,21.827642,21.926668,17.863708,16.207754,14.570652,12.660761
32,31.495369,29.172956,26.624598,23.08558,22.883295,18.311613,20.149137,15.252118,13.42138,12.710595,9.43303,13.057794,8.036685,10.134102,8.676078,9.342273,12.575985,14.01784,17.677816,19.557673,23.751574,26.168507,30.061888,29.956816,26.430485,24.069424,21.454855,17.386984,13.735249,11.347675,8.445926,7.501672,0.0,6.026425,5.2866135,8.412006,9.301864,7.757748,6.71449,4.6913953,8.957623,9.074957,14.246523,15.489902,19.512424,24.83663,24.29225,29.162203,30.881117,33.63124,30.767595,29.060827,34.07427,35.92913,32.917828,33.38931,28.596594,30.138912,26.692953,27.167074,22.233625,24.87027,21.619713,24.72322,20.684158,17.944687,20.969372,18.423628,22.262173,21.324867,23.341936,23.025368,17.96472,22.080624,20.982527,20.310143,23.31671,22.391802,27.226841,25.385662,29.607641,32.203976,27.845577,25.007774,20.60005,19.307358,15.611709,14.024539,10.378738,9.684157,7.4588304,8.579214,10.562154,9.504776,12.371438,15.5531225,12.322771,17.066916,16.32653,22.75844,20.410498,25.590338,28.5901,27.990723,24.481016,25.05512,19.849161,19.034813,15.883317,15.264551
33,36.549496,34.500763,31.990257,28.61021,28.700558,23.90866,26.15693,21.102673,19.301308,17.814926,14.467821,16.52952,10.708271,13.170368,10.465524,13.537847,15.637961,18.04725,21.012905,22.869993,26.987831,29.261648,33.472843,32.63802,28.874062,26.286379,23.702383,19.414291,16.507666,13.144487,12.169409,7.6738257,6.026425,0.0,5.435056,7.5958714,10.978203,10.355924,11.515871,10.547913,14.701157,14.932694,19.955496,21.2013,24.988373,30.335484,29.549274,34.383484,35.58322,38.77262,36.220135,33.954773,39.066753,41.309566,38.450752,39.09517,34.360596,35.930435,32.56464,33.17251,28.001522,30.605639,27.24394,29.94047,25.885036,22.852629,25.167673,21.831478,25.512001,23.207485,26.154629,26.620636,21.20455,26.051365,24.902355,24.979582,27.783062,27.33458,31.852438,30.198696,34.322506,36.985344,32.815224,29.883732,25.54114,24.025173,20.47252,18.990295,15.160483,14.394446,11.030821,11.738297,11.8829,10.4906845,14.722268,19.24022,15.514935,20.866966,20.02183,26.828773,24.622276,29.793715,32.901558,32.08659,28.576075,28.949823,24.29688,22.905607,20.298634,18.6564
34,34.218758,32.31862,29.147827,26.34458,26.08996,20.916199,23.246834,17.527113,16.437048,13.720826,11.5230465,12.752359,8.439979,11.885217,11.70734,13.729198,17.060549,19.100382,22.61067,24.738663,28.854769,31.352648,35.20744,35.08209,31.479752,28.932913,26.519257,22.220743,18.825182,16.003075,13.686684,11.189078,5.2866135,5.435056,0.0,3.8817484,5.7790923,5.067964,7.2293386,8.020207,11.629813,13.565971,18.389517,20.04738,23.908842,29.51378,28.946968,33.96416,35.858475,38.429916,35.33314,33.609234,38.631653,40.35678,36.957794,37.4829,32.533295,34.368725,30.790068,30.588848,26.095913,28.235832,24.784704,27.383274,22.409063,20.366312,22.131226,18.916967,23.177937,21.355719,24.745743,25.104805,20.720325,25.160213,24.800161,24.473053,27.825802,27.203535,32.09425,30.46075,34.6959,37.303997,32.88506,30.072206,25.68049,24.134825,20.698643,18.53125,15.029984,13.295939,10.58318,9.479166,11.793846,11.923991,15.611287,19.23206,16.911163,21.639872,21.493698,27.90463,25.673426,30.84393,33.826336,33.210876,29.707611,30.003572,24.890074,23.736168,20.312252,19.301367
35,37.189137,35.251663,31.817713,29.193552,28.572182,23.479837,25.211586,19.217007,17.873915,14.105115,12.126307,11.469831,7.7764273,11.517736,12.400507,15.236662,18.53595,21.250925,24.48029,27.09229,30.965904,33.697247,37.33199,37.375305,33.714104,30.8618,29.166515,24.352678,21.336052,18.204052,16.5819,13.276847,8.412006,7.5958714,3.8817484,0.0,4.543562,6.4353576,8.712653,10.286004,14.212296,16.059114,21.278967,22.515192,26.882301,32.06742,31.935225,36.782413,38.9363,41.307373,38.07598,36.867496,41.800484,43.24444,39.81032,40.091663,35.13275,36.6746,32.880978,32.255116,27.5937,29.296505,25.656975,27.589712,22.396978,20.430132,21.196531,17.4556,21.701765,19.165058,23.392546,24.316826,20.467579,25.131935,25.366728,25.524672,29.128683,29.081297,33.88533,32.811512,37.00935,39.824814,35.458687,32.895126,28.44588,27.422054,23.704601,21.895977,18.470997,16.867048,14.400361,13.012676,15.559604,15.747089,19.487339,23.002823,20.546635,25.267593,24.708717,31.090948,28.502419,33.64885,36.541714,35.592537,32.118504,31.776798,26.957327,25.237139,21.642365,20.190487
36,34.34962,32.488747,28.676016,26.490108,25.591629,20.445475,22.09736,15.840425,15.216299,10.626033,10.136871,8.979547,7.8573375,11.597498,14.057037,15.462868,19.413239,21.473078,25.047812,27.635223,31.470373,34.254803,37.598515,38.16937,34.714256,32.046463,30.308903,25.756437,22.384985,19.868103,17.299988,15.682141,9.301864,10.978203,5.7790923,4.543562,0.0,3.8227825,6.0573745,9.110684,11.824046,14.788881,19.407904,20.889402,25.094082,30.319937,30.333939,35.21081,37.83915,39.70888,36.12837,35.352337,40.125366,41.160004,37.3902,37.575104,32.550114,34.274532,30.421223,29.226786,25.27609,26.63181,23.069098,25.047466,19.21986,18.267063,18.816061,15.603438,20.25901,18.732689,22.734045,23.242865,20.309168,24.27758,24.966068,24.598103,28.455305,28.09988,33.100105,31.931437,36.133194,38.812256,34.32377,31.879158,27.529497,26.498543,23.02765,20.83746,17.89723,15.854395,14.249552,12.051918,15.850692,16.746754,19.756147,22.353863,20.899395,24.953465,24.887568,30.770052,28.274342,33.286312,36.034843,35.33092,31.932766,31.711388,26.584414,25.287382,21.255453,20.561817
