,0,1,2,3,4,5,6,7,8,9,10,11,12,13,14,15,16,17,18,19,20,21,22,23,24,25,26,27,28,29,30,31,32,33,34,35,36,37,38,39,40,41,42,43,44,45,46,47,48,49,50,51,52,53,54,55,56,57,58,59,60,61,62,63,64,65,66,67,68,69,70,71,72,73,74,75,76,77,78,79,80,81,82,83,84,85,86,87,88,89,90,91,92,93,94,95,96,97,98,99,100,101,102,103,104,105,106,107,108,109,110
0,0.0,4.2678676,6.333186,9.836697,12.69251,14.422134,18.15047,21.37934,24.4099,26.773464,30.456282,32.12855,35.480385,34.21394,34.62517,31.102127,30.242273,28.794073,27.837837,28.362228,27.397058,29.685038,31.870476,34.662983,34.319675,33.387154,34.4051,35.70111,34.666252,39.013283,34.732876,41.670464,38.71247,42.073147,38.60916,34.26214,34.851067,38.169106,34.150307,30.838718,33.61075,34.724693,30.415068,28.606813,32.961796,31.688461,25.070976,27.757624,31.082611,33.649418,35.736057,30.715317,36.786263,38.88646,37.560444,37.44238,34.92385,37.658962,41.46476,40.009766,38.020832,42.90223,46.692173,48.10087,44.116962,42.200882,46.697582,45.692936,40.76692,43.32362,45.487167,42.777485,39.494072,41.01942,38.159252,39.43297,35.826836,33.82423,31.806183,29.89829,26.185461,24.435736,21.309242,23.40802,26.530148,25.548292,29.268257,31.75157,34.640236,37.974438,40.19908,43.973927,45.495754,43.000225,43.035603,39.666035,37.629898,34.08683,31.965332,27.247543,25.654001,21.850937,18.819786,15.956557,15.264972,14.864032,16.695711,21.87559,21.035378,25.545586,26.297152
1,4.2678676,0.0,5.1754966,6.4612727,9.619101,12.631589,15.187615,19.317297,21.899242,24.597448,28.214533,29.957058,33.04359,31.652391,31.449558,27.918873,26.794382,25.141006,24.046213,24.306082,23.198704,25.50274,27.616354,30.442259,30.199234,29.40382,30.517513,32.008022,31.150354,35.55748,31.58363,38.58907,36.15748,39.486412,35.764423,31.489058,32.49531,35.658226,31.370584,28.200653,31.433657,32.082607,27.621016,26.404093,30.886415,29.082754,22.7218,26.009285,29.254635,31.962088,33.458378,28.439787,34.66732,36.616833,34.890842,34.368202,31.853329,34.30577,38.3544,37.261776,34.88009,39.638493,43.476547,45.09808,41.19447,39.027462,43.300602,42.19049,37.25516,39.727833,41.71635,38.97464,35.73341,37.085552,34.430016,35.605206,32.051933,30.328005,28.292307,26.757734,23.093397,21.806282,18.44951,20.131744,23.164268,21.827526,25.562683,27.717243,30.597296,33.849205,36.046124,39.841183,41.31302,38.760708,38.768517,35.401226,33.373703,29.82849,27.742203,22.9821,21.500576,17.627184,14.794615,12.235281,11.911589,12.037531,14.810876,19.471367,19.315897,23.838549,25.005165
2,6.333186,5.1754966,0.0,5.54006,7.016635,8.643565,12.266879,15.37644,18.700415,20.710796,24.571749,26.008354,29.379532,27.989065,28.598835,25.309149,24.476576,23.516422,22.521305,23.790613,23.336866,25.717598,28.75692,30.66233,29.780788,28.404753,29.405005,30.251373,29.254925,33.372192,29.29358,36.054737,32.925613,36.6154,33.4101,28.930027,29.673498,33.39936,29.519958,26.036236,29.193733,30.863682,26.4087,24.743135,29.489847,28.795673,22.299662,25.044147,28.936739,31.038902,32.865623,28.864693,34.900448,36.392574,35.19201,34.840023,31.730606,34.41073,38.57989,36.750988,34.107212,39.282406,42.849716,44.14697,39.830956,37.666374,42.18177,40.889206,36.219204,39.334793,41.097176,38.08672,35.241467,37.34674,34.55651,36.43703,33.065342,31.043266,29.872429,27.78483,24.553242,23.678192,19.656641,20.802078,23.027166,22.690922,25.247087,28.151928,30.489494,34.037144,35.953224,39.74617,41.19976,39.0512,39.581673,36.248566,34.71805,31.002323,29.394823,24.240149,23.39233,18.570381,16.391808,14.207434,12.498537,11.435082,13.188567,17.599022,16.432722,20.854622,21.291145
3,9.836697,6.4612727,5.54006,0.0,3.814921,7.4347024,8.950645,13.463072,15.588126,18.577467,22.027187,23.925892,26.829002,25.54849,25.286503,21.532166,20.679867,18.97375,18.58541,18.903448,18.658913,21.400227,24.149506,25.77864,25.063194,24.039335,24.66696,25.959873,24.854918,29.266777,25.141216,32.13361,29.77347,33.102436,29.38775,25.08875,26.267195,29.516705,25.23234,22.016134,25.586184,26.417149,21.840342,20.884956,25.632948,24.148415,17.986916,21.463793,25.080746,27.438984,28.567701,24.449492,30.604723,32.00964,30.37324,29.682571,26.66231,29.122833,33.42138,32.00506,29.153872,34.14509,37.81792,39.34492,35.233196,32.929195,37.2592,36.040974,31.221561,34.075417,35.920364,33.057144,29.99692,31.903631,29.126312,30.904446,27.532125,25.613476,24.467707,22.585283,19.452917,19.065115,14.826828,15.541026,17.760931,17.175169,19.904991,22.707108,25.230701,28.770119,30.91161,34.63465,36.30645,34.239124,34.68591,31.476803,29.803759,26.315723,24.339495,19.488699,18.213232,13.415566,11.02875,9.086201,7.2911806,6.816925,9.977649,13.683212,13.828893,18.215702,19.615757
4,12.69251,9.619101,7.016635,3.814921,0.0,5.4508185,5.637828,10.420414,12.879611,15.377367,19.073406,20.630297,23.565056,22.066813,21.95764,18.557367,17.582008,16.513327,15.798014,17.077665,17.202719,19.851385,23.358892,24.324268,23.125576,21.637398,22.43306,23.248705,22.306719,26.449665,22.668793,29.462498,26.934095,30.646332,27.222082,22.794865,24.152925,27.811424,23.711082,20.360693,24.27532,25.639585,21.015167,20.231422,25.209646,24.284775,18.468016,21.80003,25.75777,27.669325,28.606688,25.398434,31.357489,32.28189,30.77896,29.898865,26.458086,28.789759,33.346947,31.666054,28.258749,33.43768,36.888603,38.322727,33.946556,31.404919,35.698505,34.182053,29.640203,32.985855,34.394375,31.227922,28.645395,31.002981,28.400635,30.627792,27.522835,25.714186,25.241648,23.365686,20.732136,20.995705,16.416304,16.253553,17.497272,17.452446,18.950237,21.955086,23.879179,27.529716,29.298471,33.05285,34.554943,32.714363,33.56338,30.369522,29.177069,25.527927,24.177126,18.98616,18.634287,13.138006,12.037178,11.12361,8.8909235,7.904713,10.457026,12.908016,12.695058,16.766827,17.73484
5,14.422134,12.631589,8.643565,7.4347024,5.4508185,0.0,6.040961,7.008451,10.388261,12.419715,16.067942,17.804497,21.196608,20.267975,21.650703,17.96944,18.199324,17.509592,18.20242,19.753841,20.945398,23.819345,27.592594,27.521738,25.837683,24.032621,23.933931,24.147427,22.44283,26.372868,21.636103,28.160942,24.508825,28.200567,25.356709,20.794933,21.274221,25.357296,21.919746,18.2177,21.349424,23.966356,19.667387,17.743969,22.711992,23.290451,17.24619,19.401482,23.910448,25.15472,26.906313,24.629303,30.151775,30.823298,30.219429,30.023897,26.183943,29.092653,33.26766,30.550472,27.61171,33.179333,36.331154,37.212784,32.520885,30.454802,35.2434,33.931,29.581621,33.349117,35.04853,31.978615,29.46088,32.60737,29.476292,32.36349,29.361645,26.816517,27.117002,24.223366,21.996435,22.06531,17.372429,17.361542,18.06943,19.480713,20.102417,24.296432,25.936436,29.872248,31.691902,35.19044,37.03025,35.80409,37.00104,34.048386,33.049755,29.63987,28.141144,23.32622,22.602697,17.22034,15.729842,14.37612,10.937949,8.406866,8.240946,10.744681,8.741275,12.786124,13.018862
6,18.15047,15.187615,12.266879,8.950645,5.637828,6.040961,0.0,6.1275954,7.6975636,10.253718,13.765096,15.35454,18.048594,16.624058,16.59276,13.0452175,12.525324,11.855565,12.194281,14.006531,15.446817,18.2807,22.410362,21.80411,19.917133,18.00048,18.163084,18.42492,17.196615,21.16203,17.322329,23.955093,21.390377,25.25959,22.026434,17.551325,19.169416,23.072302,19.194857,15.8203535,20.144516,21.9526,17.42986,17.04967,22.106157,21.854654,16.899092,19.97166,24.129293,25.419065,25.916382,24.096733,29.579369,29.80186,28.527077,27.495634,23.542013,25.757626,30.468466,28.382706,24.407024,29.773712,32.889416,34.14466,29.513716,26.79681,31.100025,29.383753,25.1609,29.06279,30.148853,26.795774,24.665705,27.758785,25.154577,28.099625,25.407003,23.50625,24.17263,22.06827,20.345573,21.506466,16.709166,15.352381,15.054623,16.176132,15.73773,19.429972,20.570253,24.43739,25.949814,29.520044,31.156727,29.965267,31.360502,28.454807,27.804642,24.378466,23.401377,18.522959,18.679176,12.980138,13.087267,13.261456,10.481802,9.089928,10.468387,10.241964,10.208232,13.287777,14.222424
7,21.37934,19.317297,15.37644,13.463072,10.420414,7.008451,6.1275954,0.0,4.776511,5.4119253,9.2612915,10.803287,14.223194,13.464092,15.736069,12.339586,13.49172,13.880206,15.585146,17.961449,20.358538,23.12695,27.538109,25.82429,23.356495,21.003885,20.269821,19.49775,17.508757,20.786535,16.135954,22.023458,17.862362,22.007818,19.818468,15.194383,15.757961,20.478962,17.722666,13.987454,17.421736,21.045189,17.139969,15.62527,20.518702,22.260307,17.601294,19.160135,23.835337,24.113895,25.332525,25.018915,29.77103,29.476814,29.249119,28.873634,24.453548,27.13033,31.406164,28.127827,24.487902,30.213871,32.797905,33.35641,28.297348,26.049744,30.794388,29.17245,25.475214,30.003157,31.143,27.834505,26.124947,30.170166,27.188244,30.900826,28.506506,25.988695,27.604082,24.615091,23.49203,24.573565,19.82437,18.507835,17.397417,20.010986,18.32567,23.03982,23.577677,27.587753,28.91457,32.10561,33.954433,33.51851,35.38006,32.785694,32.508793,29.33743,28.467175,23.97873,24.035011,18.594395,18.472315,18.27534,14.78484,12.417733,11.360135,10.106284,7.9052835,9.675861,9.058108
8,24.4099,21.899242,18.700415,15.588126,12.879611,10.388261,7.6975636,4.776511,0.0,4.8396688,6.6634316,9.438088,11.867793,11.733205,13.197063,8.747795,10.976394,10.616485,14.199097,15.536863,18.787151,21.776806,25.871052,23.246746,20.6926,18.61029,16.818708,16.162966,13.489185,17.03246,11.634631,17.86333,14.310216,17.982351,15.263872,10.63814,11.674753,16.088396,13.088846,9.47168,13.508056,16.740334,12.9463005,12.1991415,16.948378,18.596876,15.004557,16.651009,21.007816,21.095257,21.588858,22.036654,26.403702,25.707855,25.39855,24.853746,20.285818,22.82595,27.09096,23.796795,19.875456,25.590977,28.072687,28.649183,23.601383,21.275263,26.04002,24.517899,20.795103,25.385107,26.629381,23.485983,21.711987,26.048204,22.936285,26.954882,24.816591,22.207039,24.47723,21.433294,20.99885,22.678902,18.149391,16.1024,14.010554,17.326763,14.577348,19.719975,19.99904,24.048014,25.524445,28.426935,30.637333,30.648203,32.605076,30.345585,30.124245,27.421179,26.325893,22.591684,22.36319,17.498316,17.648838,18.000177,14.658712,12.683309,11.5882,7.9835987,7.519623,7.7400227,8.628387
9,26.773464,24.597448,20.710796,18.577467,15.377367,12.419715,10.253718,5.4119253,4.8396688,0.0,4.393902,5.4244037,8.860876,8.449425,11.97559,9.294047,11.531601,13.035978,15.517925,18.310179,21.465946,23.97896,28.639433,25.709082,22.711185,20.027761,18.716505,16.989122,14.804944,17.138577,12.836136,17.661045,12.937273,17.577335,16.24029,11.835467,12.470092,17.620443,15.790924,12.44588,15.811191,20.10297,16.893429,15.922541,20.270067,22.837337,19.565727,20.575129,25.053038,24.583422,25.299086,26.507925,30.487186,29.445555,29.523207,29.019026,24.332418,26.685867,30.881006,27.24942,23.152105,28.784605,30.784185,31.034845,25.772614,23.425196,27.983702,26.10597,23.17137,28.245218,28.84442,25.417633,24.528658,29.216417,26.471764,30.730047,28.909143,26.518206,29.051344,26.124615,25.821047,27.505308,22.951885,20.920547,18.646229,21.905067,18.617496,23.407982,22.999891,26.878847,27.735006,30.544659,32.361477,32.624672,34.98363,32.757366,33.050385,30.178337,29.794926,25.753325,26.321922,21.178394,21.86647,22.291649,18.97407,16.85532,15.548459,12.526891,10.847369,10.264039,9.004758
10,30.456282,28.214533,24.571749,22.027187,19.073406,16.067942,13.765096,9.2612915,6.6634316,4.393902,0.0,3.8895407,5.995257,7.3322263,11.317786,8.53814,12.132304,13.412785,17.245304,19.304731,23.079016,25.633816,30.018848,26.223717,23.096106,20.600445,18.263401,16.237507,13.351061,15.133428,10.204162,14.153753,8.79849,13.280404,12.470302,8.413553,8.636106,13.916949,12.998532,10.16878,12.973137,17.715906,15.3284235,14.606867,18.229433,21.521706,19.44377,19.824972,23.978403,22.90652,23.300016,25.7305,28.937668,27.358025,27.829693,27.466892,22.687014,24.96711,28.805656,24.75124,20.717266,26.235664,27.77951,27.672695,22.321392,20.213957,24.81981,23.087076,20.625828,25.894588,26.513905,23.346952,22.731726,27.883883,25.030474,29.675705,28.240858,25.679918,28.921137,25.792967,26.168694,28.154858,23.935078,21.58011,18.595064,22.511818,18.332571,23.403324,22.582693,26.348993,27.18885,29.524633,31.645426,32.539444,35.08663,33.2616,33.709297,31.305733,30.802956,27.459906,27.787401,23.19642,23.927504,24.541344,21.246433,19.221176,17.493141,13.355698,12.23786,9.991368,9.049296
11,32.12855,29.957058,26.008354,23.925892,20.630297,17.804497,15.35454,10.803287,9.438088,5.4244037,3.8895407,0.0,4.0720687,4.6555166,10.365417,9.587833,12.449986,14.976721,17.63454,20.729635,24.264563,26.39989,31.183174,27.316809,23.93149,21.018915,19.350548,16.639385,14.562323,15.325768,12.143507,14.780941,9.241129,14.500233,14.695876,11.197982,11.676639,16.8421,16.366854,13.85282,16.579584,21.32023,19.026903,18.49589,22.031801,25.300873,23.220137,23.688896,27.867403,26.732195,27.068268,29.567753,32.76673,31.081038,31.495777,30.925783,26.162317,28.136848,32.102203,28.197123,23.85938,29.165981,30.462313,30.332043,25.003819,22.678333,26.83454,24.703299,22.830597,28.30362,28.260157,24.802187,24.897459,30.058104,27.667152,32.301907,31.05878,28.862305,32.084087,29.27956,29.597298,31.65585,27.321228,24.894514,21.906944,25.482086,21.118889,25.681572,24.409515,27.980358,28.283075,30.62524,32.294056,33.24233,36.054066,34.206585,35.054157,32.471493,32.58845,28.949978,29.979082,25.148457,26.387774,27.178118,24.004124,22.021276,20.567373,16.859047,15.427949,13.548343,11.8188305
12,35.480385,33.04359,29.379532,26.829002,23.565056,21.196608,18.048594,14.223194,11.867793,8.860876,5.995257,4.0720687,0.0,3.5687823,8.644663,8.923256,12.132973,14.818956,17.940557,20.682068,24.535856,26.466116,31.07288,26.47114,22.943916,20.12219,17.957268,14.799801,12.740539,12.422305,10.25624,11.246256,6.0852,11.613699,12.418719,9.901507,10.966144,15.466931,15.561648,13.923317,16.603487,20.835602,19.124073,19.407463,22.357668,25.493471,24.473202,24.956415,28.688625,27.345137,26.988066,30.194323,32.893036,30.784847,31.122034,30.286879,25.598398,27.096401,30.957062,27.21719,22.541838,27.433418,28.297646,28.10645,22.894386,20.39122,24.067316,21.728884,20.568329,26.178616,25.649027,22.229538,22.983675,28.340427,26.29062,31.085983,30.31216,28.394455,32.078487,29.563951,30.396122,32.86249,28.7844,25.940262,22.402,26.055223,20.925611,25.149387,23.278868,26.544868,26.531893,28.46747,30.128826,31.593458,34.640884,33.151695,34.31892,32.10626,32.45331,29.361425,30.588005,26.225996,27.892548,29.089828,26.173851,24.487303,23.230988,18.856688,18.183828,15.814097,14.724278
13,34.21394,31.652391,27.989065,25.54849,22.066813,20.267975,16.624058,13.464092,11.733205,8.449425,7.3322263,4.6555166,3.5687823,0.0,6.4740577,8.061116,10.074594,13.620447,15.504276,19.08342,22.555695,24.19585,29.109243,24.822653,21.213917,18.072807,16.828543,13.490327,12.37427,12.104243,11.252306,12.943789,9.220917,14.69636,14.820347,11.949757,13.73392,18.214926,17.50799,15.617259,19.057215,22.785711,20.497982,21.048288,24.484535,26.911623,25.416975,26.51282,30.363588,29.451578,28.978859,31.467682,34.674706,32.819084,32.68281,31.48789,26.855371,28.1358,32.405228,29.1847,24.10858,28.975052,30.120852,30.32824,25.215288,22.269896,25.661518,22.983267,21.630163,27.18924,26.276917,22.485386,23.388426,28.409275,26.733252,31.266539,30.402422,28.879473,32.187687,30.098843,30.620901,33.12584,28.866125,25.972275,22.647665,25.731129,20.811594,24.51007,22.558369,25.767048,25.464394,27.72221,28.9575,30.051083,33.12911,31.419413,32.740463,30.230354,31.017742,27.523678,29.32208,24.707333,26.808409,28.201824,25.509373,24.001406,23.307163,19.338547,18.732422,17.167385,16.099596
14,34.62517,31.449558,28.598835,25.286503,21.95764,21.650703,16.59276,15.736069,13.197063,11.97559,11.317786,10.365417,8.644663,6.4740577,0.0,5.5105643,5.5029287,9.530514,10.941182,14.194113,17.6717,18.911407,23.62073,18.850624,15.13574,11.995814,11.019811,7.3326607,7.715147,7.2427626,9.316797,11.511847,11.570242,15.9973345,14.58727,12.277425,15.669442,18.931572,17.132908,15.959951,20.436075,22.25864,19.740868,21.749065,25.13985,25.916819,25.099388,27.224276,30.49728,30.20244,28.638597,30.570387,33.964924,32.173492,31.054844,28.996977,24.728449,25.116703,29.833662,27.846869,21.96809,26.233168,27.603868,28.576906,23.953655,20.182829,22.688961,19.522615,18.096058,23.366821,21.717981,17.546562,18.897812,23.401278,22.545538,26.70137,26.158293,25.52742,28.704641,27.635696,28.351778,31.388575,27.4108,23.982225,20.409775,22.645668,17.331425,19.761984,17.199444,20.022856,19.290237,21.647709,22.607365,23.631582,26.79858,25.201641,26.811419,24.507635,25.769451,22.734015,25.142065,21.155148,24.173958,26.340494,24.435717,23.718346,24.093517,19.853315,20.64219,19.668287,19.896967
15,31.102127,27.918873,25.309149,21.532166,18.557367,17.96944,13.0452175,12.339586,8.747795,9.294047,8.53814,9.587833,8.923256,8.061116,5.5105643,0.0,4.475713,5.913529,10.233604,11.835284,15.917357,18.141994,22.402103,17.98189,14.6926155,12.249241,9.861759,7.897348,5.6438165,8.481437,5.8647957,11.340947,10.70871,14.570112,11.73765,8.366472,11.95364,15.248066,12.525636,10.906485,15.819667,17.414907,14.467456,16.42506,20.054134,20.657509,19.59093,21.800808,25.093843,25.001753,23.592806,25.186504,28.796944,27.257168,26.172976,24.403847,19.968134,20.931133,25.661545,23.402773,17.82115,22.684439,24.589386,25.599112,20.792866,17.269552,20.764206,18.249578,15.516281,20.687054,20.315498,16.523891,16.353205,21.039959,19.190699,23.50514,22.443176,21.12051,24.279238,22.639853,23.288832,26.194042,22.210724,18.853994,15.257055,18.024952,12.843725,16.506607,14.881122,18.425432,18.867292,21.432266,23.284891,24.027658,26.662931,24.911951,25.687271,23.451725,23.540794,20.6196,21.845669,17.838562,20.057983,21.92923,19.764374,18.959581,19.12151,14.545927,15.824394,14.9136095,15.960415
16,30.242273,26.794382,24.476576,20.679867,17.582008,18.199324,12.525324,13.49172,10.976394,11.531601,12.132304,12.449986,12.132973,10.074594,5.5029287,4.475713,0.0,4.7677164,6.0666733,9.1392355,12.588485,14.333353,19.062622,15.068746,11.656053,8.662709,8.250328,6.4866605,6.8906302,9.476861,9.620411,14.4881,14.767068,18.704931,15.793471,12.711834,16.387293,19.46436,16.287191,14.693242,19.882086,20.77126,17.407337,19.66759,23.569603,23.177074,21.700308,24.651487,27.870747,28.310886,26.703974,27.347878,31.454363,30.243052,28.521357,26.24026,22.14668,22.624844,27.736155,26.349478,20.492176,24.95263,27.118237,28.616795,24.159475,20.2732,23.101566,20.254427,17.497133,22.21425,21.246758,17.109783,17.192705,21.025564,19.945494,23.623407,22.515516,21.987288,24.462786,23.68022,23.91605,26.887377,22.85378,19.4598,16.352829,17.8802,13.293224,15.535738,13.754351,17.03721,16.999336,20.079842,21.260351,21.345692,23.970648,21.879272,22.881401,20.217691,21.043629,17.594841,19.855349,15.665787,18.798792,21.128895,19.56506,19.249405,20.373539,16.577274,18.040781,18.091278,19.115904
17,28.794073,25.141006,23.516422,18.97375,16.513327,17.509592,11.855565,13.880206,10.616485,13.035978,13.412785,14.976721,14.818956,13.620447,9.530514,5.913529,4.7677164,0.0,6.739041,6.0767713,10.378778,13.024136,16.838013,12.93798,10.186858,8.538415,6.5081177,7.282629,6.247443,10.715906,8.947581,15.140057,16.079096,18.985636,14.916288,11.912932,15.708321,17.935665,13.843851,12.501961,17.91104,17.54985,13.904584,16.794071,20.588758,19.15129,17.931208,21.388653,24.17755,25.06614,23.085545,23.136211,27.408028,26.458803,24.307629,21.867123,17.952934,18.430931,23.673548,22.739712,16.995687,21.455816,24.12901,25.95842,21.78006,17.957684,21.009975,18.663359,14.900334,19.050459,18.940126,15.215894,14.001461,17.527319,15.93928,19.470856,18.027113,17.34869,19.710056,18.98926,19.301579,22.45407,18.674377,15.049886,11.828371,13.229983,8.572405,11.238387,10.238671,14.035972,15.062254,18.246225,20.170094,20.036211,22.122063,20.044544,20.31122,17.967474,17.708097,14.839665,16.032772,12.382253,15.17002,17.662933,16.373692,16.48425,17.924395,13.910383,16.460566,16.774815,18.840454
18,27.837837,24.046213,22.521305,18.58541,15.798014,18.20242,12.194281,15.585146,14.199097,15.517925,17.245304,17.63454,17.940557,15.504276,10.941182,10.233604,6.0666733,6.739041,0.0,6.1412144,7.564831,8.8858185,14.136079,11.828654,9.123991,6.36339,9.184617,9.484612,11.307607,14.159055,14.888065,20.02966,20.798878,24.528006,21.097816,17.99607,21.646343,24.431288,20.51682,18.833014,24.234808,24.18847,20.297852,22.734173,26.91795,25.190521,23.071198,26.922636,29.941061,31.179241,29.46538,28.607996,33.399708,32.808243,30.310019,27.58458,24.062862,24.200203,29.600006,29.253838,23.482449,27.53912,30.23727,32.312023,28.308287,24.287212,26.69245,23.907255,20.681,24.453276,23.450779,19.40093,18.985397,21.357048,20.88549,23.44554,21.98492,22.26605,23.49867,23.721788,23.242712,26.079659,22.15666,18.995104,16.943071,16.677874,13.793055,14.204128,13.146874,16.018835,15.962551,19.73425,20.268295,18.990173,21.053225,18.290117,19.036436,15.635972,17.005219,12.6203985,16.01044,11.685617,15.802245,18.609615,18.042526,18.519197,20.915585,18.341372,20.198994,21.461077,22.805954
19,28.362228,24.306082,23.790613,18.903448,17.077665,19.753841,14.006531,17.961449,15.536863,18.310179,19.304731,20.729635,20.682068,19.08342,14.194113,11.835284,9.1392355,6.0767713,6.1412144,0.0,4.624207,7.509679,10.799691,7.945201,6.391034,6.358416,6.921183,9.827885,10.718849,14.622741,14.426177,20.066263,21.977533,24.525715,20.112724,17.59108,21.395638,22.973783,18.442188,17.471205,22.791342,21.092432,17.340816,20.680845,24.336023,21.227531,19.98957,24.347181,26.540237,28.242369,25.800306,24.40669,29.100286,28.703964,25.551664,22.402176,19.437391,19.09941,24.546665,25.128843,19.509846,23.020378,26.130909,28.667793,25.266783,21.297398,23.449732,21.163906,17.213154,19.988283,19.641462,16.16604,14.575079,16.094378,15.54565,17.586758,15.967238,16.64292,17.661293,18.547552,18.382727,21.655237,18.39273,14.838931,12.716498,11.597355,8.9259,8.128203,7.871085,11.043072,12.242103,16.07773,17.516817,16.098581,17.500156,14.914509,14.760631,12.049318,11.984724,8.955724,11.156931,8.406195,12.591285,15.953129,16.110565,17.324066,20.063236,17.157547,20.260414,21.473772,23.88483
20,27.397058,23.198704,23.336866,18.658913,17.202719,20.945398,15.446817,20.358538,18.787151,21.465946,23.079016,24.264563,24.535856,22.555695,17.6717,15.917357,12.588485,10.378778,7.564831,4.624207,0.0,3.690331,7.229739,7.495718,7.5128865,8.068658,10.7694845,13.55537,15.158888,18.660612,18.999521,24.507496,26.345675,29.101227,24.733387,22.101122,25.80405,27.498981,22.849993,21.703764,26.994062,25.152819,21.236668,24.33812,28.1398,24.513042,22.737406,27.446703,29.560387,31.686699,29.368917,27.028679,32.08802,32.119255,28.607113,25.311735,22.855864,22.352127,27.731524,28.89116,23.5369,26.696352,29.976934,32.745193,29.606571,25.661188,27.51211,25.23363,21.360209,23.537064,23.040157,19.73372,18.184689,18.538992,18.587526,19.55581,17.765068,19.09874,18.910456,20.611143,19.783743,22.708973,19.668795,16.644913,15.65241,13.145932,12.477809,10.17542,10.665927,12.752931,13.642528,17.689913,18.345928,15.73621,16.464218,13.229385,12.716888,9.045026,9.718793,5.1336102,9.32487,6.9326887,11.985944,15.591726,16.67992,18.41471,21.892351,20.03086,22.992563,24.863285,27.17221
21,29.685038,25.50274,25.717598,21.400227,19.851385,23.819345,18.2807,23.12695,21.776806,23.97896,25.633816,26.39989,26.466116,24.19585,18.911407,18.141994,14.333353,13.024136,8.8858185,7.509679,3.690331,0.0,5.645981,6.951405,7.42786,8.102957,12.179852,14.623,17.101728,19.873947,21.402657,26.270712,28.500858,31.386415,27.25719,24.833912,28.696041,30.405724,25.938837,24.926643,30.267408,28.43606,24.668339,27.884209,31.633236,27.994532,26.417154,31.11235,33.179764,35.271023,32.790398,30.55379,35.497223,35.443657,31.797626,28.276907,26.011044,25.116436,30.465351,31.951527,26.405237,29.185429,32.274395,35.165325,32.19491,28.065786,29.384146,26.841488,23.46025,25.492754,24.312902,20.92129,20.07427,19.953356,20.813509,21.399908,20.042963,21.974981,21.678017,23.88159,23.130062,26.061823,23.199821,20.237299,19.226437,16.566868,15.751246,12.641937,12.394642,13.513711,13.4529,17.472672,17.229494,14.044699,14.772772,11.291041,11.484464,7.3631964,10.09267,5.9891715,11.55491,10.04646,15.143309,18.73472,20.060106,21.826086,25.382462,23.600372,26.385868,28.214384,30.299648
22,31.870476,27.616354,28.75692,24.149506,23.358892,27.592594,22.410362,27.538109,25.871052,28.639433,30.018848,31.183174,31.07288,29.109243,23.62073,22.402103,19.062622,16.838013,14.136079,10.799691,7.229739,5.645981,0.0,6.823598,9.703884,12.080898,14.973933,18.256258,20.432001,23.305521,24.690992,29.443867,32.385395,34.593376,30.049961,28.09434,31.956593,32.89225,28.230232,27.706793,32.80488,29.876875,26.417856,30.04801,33.306602,28.622978,27.695534,32.653877,33.97327,36.47823,33.502045,30.627499,35.37422,35.606712,31.35918,27.47419,26.134403,24.637468,29.661783,32.246815,27.1232,28.992214,32.255653,35.553753,33.32484,29.348999,30.083757,27.94569,24.468164,25.253185,24.316559,21.695011,20.334799,18.614473,20.103197,19.311016,18.098904,20.968994,19.77896,23.158253,22.484863,25.4554,23.54575,20.766296,20.259092,16.564234,16.91342,12.146911,12.698908,12.5370655,13.03382,16.619099,16.431276,12.42348,11.615686,8.021882,6.67184,2.3236773,5.6086793,4.8641653,9.771986,11.356117,15.850591,19.56505,21.770603,24.097532,27.924915,26.3141,29.66164,31.547575,34.14365
23,34.662983,30.442259,30.66233,25.77864,24.324268,27.521738,21.80411,25.82429,23.246746,25.709082,26.223717,27.316809,26.47114,24.822653,18.850624,17.98189,15.068746,12.93798,11.828654,7.945201,7.495718,6.951405,6.823598,0.0,3.7796917,7.292331,9.042458,12.462551,14.844887,17.17872,19.423649,23.329342,27.080261,28.909302,24.56642,23.242237,27.356646,27.920584,23.704735,23.74154,28.787529,25.878956,22.955875,27.102777,29.971663,25.894754,26.068762,30.55188,31.852976,33.71475,30.281246,28.921236,32.965584,32.435497,28.508017,24.48244,22.691904,20.800884,25.937046,28.190998,22.466715,24.192068,26.979805,30.160772,27.878544,23.653297,23.978243,21.523674,18.56149,19.80673,18.131016,15.155567,14.611356,13.714466,15.626916,15.9733,15.627788,18.416658,19.014795,21.827915,22.250961,25.879333,23.733389,20.154303,18.146791,15.878821,13.65024,9.010583,7.275115,6.9332447,6.7004266,10.667499,11.044474,8.48092,9.592688,7.117454,7.961117,6.483961,8.670686,9.01967,12.573252,13.173587,17.709412,21.477608,22.686146,24.459202,27.496885,24.562363,27.99819,28.945284,31.507566
24,34.319675,30.199234,29.780788,25.063194,23.125576,25.837683,19.917133,23.356495,20.6926,22.711185,23.096106,23.93149,22.943916,21.213917,15.13574,14.6926155,11.656053,10.186858,9.123991,6.391034,7.5128865,7.42786,9.703884,3.7796917,0.0,3.7034624,5.9397497,8.860565,11.677847,13.773548,16.479069,20.221302,23.78016,25.947048,21.920559,20.47397,24.668913,25.62526,21.671711,21.553806,26.712019,24.519592,21.565063,25.544476,28.591038,25.331957,25.35634,29.527761,31.249622,32.71543,29.513485,28.854979,32.840862,31.99636,28.54522,24.787832,22.34984,20.82009,26.089872,27.533836,21.46757,23.763165,26.299248,29.14921,26.367235,21.998642,22.644363,19.832521,17.095127,19.364914,17.390472,13.758421,13.861746,14.453129,15.8572235,17.351833,17.027266,19.077782,20.459795,22.420023,22.966755,26.6138,23.949865,20.197895,17.630627,16.345585,12.919588,9.813662,7.073972,7.989753,7.108184,11.085454,11.537778,10.183951,12.376298,10.2781515,11.708244,9.8720045,11.956862,10.923089,14.502651,13.634232,18.212751,21.822006,22.372795,23.69851,26.348745,23.027613,26.129028,26.776485,29.020962
25,33.387154,29.40382,28.404753,24.039335,21.637398,24.032621,18.00048,21.003885,18.61029,20.027761,20.600445,21.018915,20.12219,18.072807,11.995814,12.249241,8.662709,8.538415,6.36339,6.358416,8.068658,8.102957,12.080898,7.292331,3.7034624,0.0,5.5320196,6.8000937,10.198302,12.002796,15.030286,18.764978,21.654514,24.468956,20.891867,19.038733,23.201084,24.844732,21.140818,20.59418,25.874605,24.63823,21.493315,25.026249,28.419222,25.997679,25.478151,29.389772,31.636776,32.812126,30.059673,29.76742,33.879704,32.901577,29.917738,26.513096,23.521984,22.51705,27.849064,28.483223,22.282291,25.22307,27.58325,30.061724,26.743044,22.352045,23.476412,20.398994,17.87121,21.056479,19.002176,14.927099,15.484344,17.177486,18.013134,20.217377,19.702766,21.080585,22.755537,23.991442,24.359024,27.827942,24.638622,20.948711,18.227386,17.627977,13.762474,12.184059,9.510757,11.214694,10.099046,13.763773,13.957004,13.067875,15.651933,13.478709,15.1210575,12.696013,14.950938,12.6000595,16.42664,14.197361,18.776278,22.148518,22.168306,23.076859,25.469027,22.114147,24.689419,25.266893,27.045155
26,34.4051,30.517513,29.405005,24.66696,22.43306,23.933931,18.163084,20.269821,16.818708,18.716505,18.263401,19.350548,17.957268,16.828543,11.019811,9.861759,8.250328,6.5081177,9.184617,6.921183,10.7694845,12.179852,14.973933,9.042458,5.9397497,5.5320196,0.0,4.218552,5.8462796,8.567102,10.642577,14.486626,18.076166,20.022417,16.014956,14.759972,19.016617,19.910107,16.3048,16.420084,21.434805,19.727072,17.12084,21.116684,23.935564,21.672361,22.184862,25.696527,27.598095,28.449957,25.324753,25.902355,29.41189,28.05564,25.291473,21.980492,18.805525,17.737982,22.943827,23.300743,16.980408,19.946657,22.18559,24.557993,21.223387,16.828066,18.142822,15.24318,12.394171,15.949921,14.315274,10.231156,10.446276,13.350334,13.502428,16.659071,16.406395,17.221127,19.963295,20.622478,21.757723,25.502388,22.563232,18.562572,14.975976,15.502623,10.172872,9.7928915,6.398974,9.058259,9.046028,12.004059,13.824942,14.360003,16.930902,15.562684,16.670166,15.305846,15.970499,14.855165,16.885008,15.139215,18.796509,21.938692,21.502169,22.175125,23.889956,19.637457,22.608175,22.432455,24.63483
27,35.70111,32.008022,30.251373,25.959873,23.248705,24.147427,18.42492,19.49775,16.162966,16.989122,16.237507,16.639385,14.799801,13.490327,7.3326607,7.897348,6.4866605,7.282629,9.484612,9.827885,13.55537,14.623,18.256258,12.462551,8.860565,6.8000937,4.218552,0.0,4.442548,5.257734,9.285747,12.003279,15.358718,17.935207,14.849102,13.59348,17.824776,19.340843,16.531454,16.445824,21.321915,20.797348,18.408321,21.902065,24.802477,23.70778,24.02925,26.997265,29.33294,29.659782,26.903564,28.284536,31.577366,29.883787,27.731977,24.797785,21.20429,20.489975,25.467508,24.98965,18.61662,21.89681,23.576818,25.434063,21.65857,17.28515,18.712204,15.389927,13.553746,18.002035,15.841582,11.467873,12.934269,16.669535,16.70818,20.35011,20.264185,20.642118,23.75043,23.830566,24.977726,28.568695,25.274399,21.369482,17.582373,18.863802,13.220403,13.900987,10.529237,12.85416,12.000506,14.416651,15.679817,16.797915,19.888536,18.635454,20.281137,18.680525,19.913092,18.179457,20.602991,18.061014,21.66412,24.54756,23.583893,23.76373,24.992073,20.527351,22.80145,22.177694,23.725197
28,34.666252,31.150354,29.254925,24.854918,22.306719,22.44283,17.196615,17.508757,13.489185,14.804944,13.351061,14.562323,12.740539,12.37427,7.715147,5.6438165,6.8906302,6.247443,11.307607,10.718849,15.158888,17.101728,20.432001,14.844887,11.677847,10.198302,5.8462796,4.442548,0.0,4.9859605,5.0246134,9.358324,12.257939,14.402275,10.7292795,9.342638,13.626153,14.980993,12.114787,12.172816,16.922503,16.556849,14.3607025,17.807762,20.505657,19.930557,20.530619,23.063864,25.399498,25.45094,22.815382,24.746042,27.78007,25.930885,24.216822,21.72915,17.754103,17.606411,22.399664,21.160332,14.933986,18.857029,20.593435,22.114136,17.92258,13.763915,16.22917,13.388064,10.832194,15.8714695,14.852588,10.916692,11.304765,16.060028,14.879098,19.22694,18.889727,18.315145,21.969809,21.17432,22.59099,26.09959,22.8184,18.944696,14.769206,17.123297,10.973397,13.428211,10.764139,13.831949,14.132826,16.20614,18.43225,19.800646,22.543528,21.380617,22.377792,20.970377,21.092203,19.531507,20.740189,18.107733,20.80983,23.277315,21.826517,21.68346,22.285728,17.315342,19.681396,18.546047,20.375574
29,39.013283,35.55748,33.372192,29.266777,26.449665,26.372868,21.16203,20.786535,17.03246,17.138577,15.133428,15.325768,12.422305,12.104243,7.2427626,8.481437,9.476861,10.715906,14.159055,14.622741,18.660612,19.873947,23.305521,17.17872,13.773548,12.002796,8.567102,5.257734,4.9859605,0.0,7.4308715,7.134065,11.572942,13.623405,11.551446,11.478767,15.426282,16.588821,15.116865,15.64742,19.69279,19.826797,18.425058,21.702772,23.92608,24.00503,25.11395,27.185038,29.44553,29.02259,26.266249,29.051195,31.49313,29.194601,27.780329,25.277601,21.476887,20.891445,25.250692,23.947031,17.750689,20.91242,21.737867,22.940695,18.960524,14.802919,16.142076,12.653115,12.196697,17.33709,14.974877,10.936529,13.381226,18.140331,17.832943,22.150517,22.510717,22.330597,26.27149,25.688398,27.381071,30.964212,27.771336,23.885698,19.619507,21.95906,15.713764,17.407227,13.944816,16.030487,15.177351,16.463545,18.095516,20.32488,23.625193,22.943811,24.703787,23.572624,24.508055,23.191809,25.052425,22.556694,25.607758,28.159948,26.69072,26.425154,26.819904,21.768965,23.660427,22.030666,23.246624
30,34.732876,31.58363,29.29358,25.141216,22.668793,21.636103,17.322329,16.135954,11.634631,12.836136,10.204162,12.143507,10.25624,11.252306,9.316797,5.8647957,9.620411,8.947581,14.888065,14.426177,18.999521,21.402657,24.690992,19.423649,16.479069,15.030286,10.642577,9.285747,5.0246134,7.4308715,0.0,7.171599,8.322283,10.111727,6.2343097,4.396124,8.663545,10.302374,8.140896,8.243568,12.41628,13.256967,11.643478,14.400157,16.763988,17.698906,18.482937,20.003986,22.54443,21.917501,19.781246,22.79509,25.319458,23.150934,22.40468,20.791658,16.350204,17.147373,21.319563,18.677357,13.068512,17.760551,19.195055,19.907202,15.0432415,11.594371,15.395007,13.283469,10.733002,16.205408,16.322819,13.214613,12.932212,18.383404,16.07173,20.962406,20.429554,18.708904,22.862051,20.880365,22.51027,25.695229,22.382607,18.821062,14.474196,18.136232,12.093091,16.235203,14.384347,17.670658,18.53634,20.189682,22.8676,24.515646,27.11187,26.036757,26.680103,25.345453,24.771292,23.172295,23.452438,20.568237,22.248976,24.05789,21.9117,21.169292,20.731203,15.279184,17.19742,15.08958,16.838377
31,41.670464,38.58907,36.054737,32.13361,29.462498,28.160942,23.955093,22.023458,17.86333,17.661045,14.153753,14.780941,11.246256,12.943789,11.511847,11.340947,14.4881,15.140057,20.02966,20.066263,24.507496,26.270712,29.443867,23.329342,20.221302,18.764978,14.486626,12.003279,9.358324,7.134065,7.171599,0.0,7.053861,6.921825,6.632685,8.791339,11.431547,11.685863,12.449978,13.812789,16.090342,17.192759,17.257936,19.873415,20.972694,22.739727,24.730888,25.453482,27.507175,26.093197,23.600685,28.088627,29.371658,26.426277,26.21814,24.65137,20.6687,20.698637,23.95694,21.217361,15.976406,19.1969,19.048342,19.043388,14.6207905,11.505159,13.632112,11.0401535,11.708219,17.123392,15.859659,13.231573,15.158031,20.729195,19.357777,24.29526,24.780165,23.531727,28.241026,26.554842,28.777342,32.12232,29.170868,25.55613,21.029032,24.625252,18.273533,21.40003,18.543564,20.783232,20.670977,21.17045,23.54899,26.36346,29.47219,29.119287,30.494162,29.712038,29.796293,28.809286,29.595284,27.139372,29.202188,31.167631,29.080648,28.280802,27.550858,22.015657,23.460238,20.593405,21.589415
32,38.71247,36.15748,32.925613,29.77347,26.934095,24.508825,21.390377,17.862362,14.310216,12.937273,8.79849,9.241129,6.0852,9.220917,11.570242,10.70871,14.767068,16.079096,20.798878,21.977533,26.345675,28.500858,32.385395,27.080261,23.78016,21.654514,18.076166,15.358718,12.257939,11.572942,8.322283,7.053861,0.0,5.533264,7.439698,7.0105195,7.608726,10.665393,12.186816,11.943317,13.483704,17.314688,16.90069,17.69077,19.3894,22.90847,23.439949,23.3347,26.33438,24.471035,23.521622,27.97695,29.637415,26.965086,27.688938,27.059923,22.53411,23.869131,27.050747,22.972303,18.658028,23.11151,23.36918,22.720102,17.572561,15.552917,19.243559,17.387785,16.843063,22.344147,22.159168,19.462196,20.23796,25.932135,23.641518,28.712324,28.381273,26.223774,30.593143,27.878405,29.476614,32.176693,28.679485,25.646433,21.59156,25.796911,20.131567,24.555584,22.543423,25.568197,25.858284,27.079603,29.367596,31.529339,34.524204,33.568916,34.616577,33.11256,32.93253,30.866035,31.392096,27.882662,29.256926,30.518421,27.689064,26.162497,24.580643,19.416874,19.531763,16.20299,16.073479
33,42.073147,39.486412,36.6154,33.102436,30.646332,28.200567,25.25959,22.007818,17.982351,17.577335,13.280404,14.500233,11.613699,14.69636,15.9973345,14.570112,18.704931,18.985636,24.528006,24.525715,29.101227,31.386415,34.593376,28.909302,25.947048,24.468956,20.022417,17.935207,14.402275,13.623405,10.111727,6.921825,5.533264,0.0,5.452403,8.234163,7.873122,7.8122983,11.190469,12.522914,12.447411,15.424881,16.530426,17.678074,17.891844,21.677366,23.693613,22.9789,25.108404,22.753685,21.251173,26.872559,27.376348,24.166573,25.354673,25.029272,20.87794,22.022242,24.2787,19.879017,16.327984,20.033163,19.525139,18.237917,13.316077,12.242838,15.798245,14.777817,15.010346,19.980288,20.286173,18.599323,19.267456,24.996902,22.511328,27.64966,27.744238,25.384792,30.253613,27.391846,29.645754,32.442184,29.582909,26.538755,22.26476,26.767717,20.992867,25.383307,23.40268,26.073666,26.666424,27.187508,29.991112,32.684044,35.53089,35.050674,35.93853,35.06294,34.405193,33.22941,33.12415,30.39817,31.448168,32.688652,29.990772,28.618856,26.803246,21.314997,21.996065,18.173481,18.757933
34,38.60916,35.764423,33.4101,29.38775,27.222082,25.356709,22.026434,19.818468,15.263872,16.24029,12.470302,14.695876,12.418719,14.820347,14.58727,11.73765,15.793471,14.916288,21.097816,20.112724,24.733387,27.25719,30.049961,24.56642,21.920559,20.891867,16.014956,14.849102,10.7292795,11.551446,6.2343097,6.632685,7.439698,5.452403,0.0,4.6304064,6.2233543,5.190926,6.392714,8.405386,9.680939,11.005767,11.685685,13.883348,14.438709,16.964357,19.228567,19.281704,21.198856,19.526524,17.332823,22.283636,23.312048,20.382109,20.80357,20.067736,15.782406,16.90731,19.71176,15.794079,11.417461,15.745915,16.155893,15.723944,10.478968,8.39114,12.934586,11.993963,10.567476,15.663641,16.65112,14.89932,14.542713,20.252947,17.391508,22.539766,22.402843,19.989267,24.81534,22.094809,24.408772,27.395584,24.674654,21.442614,17.044119,21.475662,15.698382,20.20457,18.588396,21.463985,22.604307,23.382421,26.551924,28.874918,31.388008,30.798235,31.296532,30.516972,29.418686,28.520046,28.010666,25.662148,26.60034,27.976742,25.565186,24.54158,23.173298,17.479733,19.118046,15.804217,17.533937
35,34.26214,31.489058,28.930027,25.08875,22.794865,20.794933,17.551325,15.194383,10.63814,11.835467,8.413553,11.197982,9.901507,11.949757,12.277425,8.366472,12.711834,11.912932,17.99607,17.59108,22.101122,24.833912,28.09434,23.242237,20.47397,19.038733,14.759972,13.59348,9.342638,11.478767,4.396124,8.791339,7.0105195,8.234163,4.6304064,0.0,4.293347,6.9558964,5.72357,5.324229,8.495299,11.094151,9.98607,11.506817,13.627431,16.154116,16.760063,17.242085,20.060076,18.838804,17.48606,21.215757,23.390074,21.118042,21.316788,20.626806,15.948965,17.715055,21.227575,17.348263,12.85636,18.088463,19.39276,19.37787,14.091905,11.80923,16.609316,15.348764,12.760224,17.943724,19.055801,16.612877,15.665739,21.17786,18.07868,23.078003,22.242624,19.634373,23.868265,20.90975,22.511715,25.24364,21.930962,18.850573,14.742857,19.21284,13.830556,18.942642,17.82031,21.275644,22.56498,24.121267,27.046103,28.673784,31.090006,29.959496,30.266783,28.886002,27.777401,26.046394,25.617445,22.532923,23.324348,24.498142,21.814823,20.562551,19.192482,13.60895,14.950467,11.96488,13.650052
