,0,1,2,3,4,5,6,7,8,9,10,11,12,13,14,15,16,17,18,19,20,21,22,23,24,25,26,27,28,29,30,31,32,33,34,35,36,37,38,39,40,41,42,43,44,45,46,47,48,49,50,51,52,53,54,55,56,57,58,59,60,61,62,63,64,65,66,67,68,69,70,71,72,73,74,75,76,77,78,79,80,81,82,83,84,85,86,87,88,89,90,91,92,93,94,95,96,97,98,99,100,101,102,103,104,105,106,107
0,0.0,3.2968678,6.6809893,10.361243,11.946585,15.614418,16.21972,21.929966,24.221241,28.056618,32.74284,33.79083,34.114998,33.7281,28.244158,27.386051,23.952297,22.275124,18.454514,15.784594,15.226698,10.961697,10.520356,15.44866,13.346467,16.688765,17.62296,18.402245,19.432262,20.067228,21.965769,26.6238,27.39789,32.102356,33.2852,35.970043,37.880302,36.0693,37.05699,33.95871,35.106647,29.173306,29.405642,27.031229,26.811834,24.385948,23.136814,25.540274,28.074505,32.504948,32.791035,33.478397,38.291603,38.88966,37.02711,36.140774,36.90295,38.07941,43.750603,40.57294,37.208645,37.185814,34.49162,35.098274,33.303703,35.472347,33.638515,29.939804,25.416948,27.22214,25.646822,29.880424,29.70568,33.78545,33.543415,38.641186,39.50251,43.39289,42.94816,44.79612,42.26879,38.57582,35.502823,31.82551,29.286026,25.86841,23.90794,19.282055,18.173197,15.79674,15.357989,12.432627,15.789466,17.23717,19.609762,22.794493,24.154692,29.130585,30.126371,34.748875,35.435356,33.2759,30.509504,27.337988,23.914082,21.057564,17.695108,15.064149
1,3.2968678,0.0,4.010637,7.271587,8.666859,12.529204,13.015977,18.764427,20.972267,24.928495,29.485693,30.636852,30.925344,30.474436,25.059212,24.096794,20.723637,19.005234,15.352649,12.663985,12.479061,8.226658,8.963374,14.170914,13.041959,16.236593,16.287432,16.542736,17.208654,17.335756,19.236677,23.482159,24.334383,29.007862,30.04671,32.791435,34.63852,32.83213,33.92593,30.839043,32.2115,26.362377,26.71113,24.548937,24.509195,22.601423,21.576923,24.41209,26.496105,31.14227,30.8644,31.657639,36.34406,36.669548,34.628242,33.552116,34.30516,35.277443,40.95057,37.810307,34.410416,34.711018,32.205772,33.018353,31.612686,33.79294,32.342175,28.963049,24.26094,25.589058,23.503258,27.590834,27.067669,31.150818,30.653427,35.814957,36.465828,40.359154,39.8292,41.70582,39.13137,35.519997,32.425697,28.747684,26.290155,22.850124,21.116379,16.450527,15.835497,13.929439,13.905616,11.547015,14.673981,15.613713,17.63051,20.691504,21.781769,26.826134,27.49106,32.167244,32.78953,30.775747,27.874998,25.149176,21.23496,18.723972,15.147238,12.77565
2,6.6809893,4.010637,0.0,4.906154,6.4749207,9.27867,10.710655,15.608983,18.367134,21.858746,26.817831,27.717066,27.731884,27.439892,21.767447,21.458443,17.810276,17.01665,13.587808,11.768718,12.319536,8.953333,10.870108,16.14017,16.15201,19.282854,18.44407,18.204538,18.158615,17.449963,18.926405,22.102304,22.562088,27.438976,27.931503,30.78211,32.576706,30.957808,32.496487,29.530832,31.450907,25.941427,26.667711,24.864157,25.274788,24.176067,23.435307,26.728697,28.244469,33.08582,32.11071,32.92119,37.43508,37.395844,34.998344,33.567337,34.376385,34.890167,40.52388,37.45426,34.015896,34.950195,32.839252,33.890366,33.130516,35.107815,34.12118,31.20549,26.336874,26.945822,24.438782,28.115429,27.047335,30.987892,29.99547,35.17168,35.26922,39.175095,38.29792,40.068832,37.22438,33.690617,30.922087,27.0936,25.251799,21.408216,20.73468,16.192297,16.454199,15.502031,15.609755,13.678149,16.15338,16.192703,18.001339,20.542963,21.57022,26.209822,26.558676,31.08092,31.28805,29.21789,26.175514,23.95447,19.690926,17.323534,14.050764,11.330189
3,10.361243,7.271587,4.906154,0.0,4.1374173,5.5732927,8.472648,12.990467,15.303743,19.426676,23.56188,25.108978,24.724665,23.8757,18.46199,17.475046,13.733489,12.839218,8.756735,7.8777614,8.2677555,6.748919,9.215515,13.9024725,15.573053,18.568975,16.392061,16.19696,14.89983,14.157261,14.565919,17.712307,17.726452,22.727896,23.465546,26.136627,28.168055,26.724588,28.099155,25.278624,26.986105,21.696426,22.952194,20.987291,22.245619,21.653677,21.879032,24.970922,25.67213,30.614069,29.177608,29.581827,34.0215,33.96513,31.116222,29.508251,30.71185,31.044195,36.73522,34.055218,30.539188,32.05113,30.083881,31.689,31.123003,33.677574,33.210995,30.530516,25.75276,26.071196,22.394205,26.00685,24.213966,28.314625,26.754889,32.176136,31.931234,35.744366,34.891796,36.98134,34.192074,31.067684,27.90749,24.34368,22.265244,18.997738,18.227623,13.73602,15.200352,14.756686,16.045094,15.273599,17.545107,17.234179,18.09059,20.488432,20.649225,25.5958,25.101343,29.779617,30.061352,28.527107,25.249605,24.134604,18.852356,17.641987,13.953514,12.517359
4,11.946585,8.666859,6.4749207,4.1374173,0.0,5.8264623,4.6686015,10.437846,12.340139,16.595638,20.833908,22.188848,22.45,21.928415,16.7626,15.590564,12.586406,10.82704,8.770729,6.286612,8.697153,6.4902043,11.016348,15.207506,16.547644,18.706482,16.582472,14.931955,14.451313,12.216395,14.21761,16.041046,17.36498,21.746044,21.98295,25.043526,26.513578,24.686747,26.322721,23.28441,25.702053,20.367985,21.028172,19.97764,20.382244,20.484318,20.033253,24.074404,24.743326,29.750767,27.691517,28.960022,32.998917,32.32932,29.848253,28.130806,28.681677,28.864443,34.406273,31.328648,27.894596,29.269356,27.547712,28.888126,28.896042,30.775492,30.519714,28.320946,23.40622,23.072159,19.72641,22.915438,21.263567,25.10222,23.754477,28.955652,28.83989,32.735348,31.839506,33.69115,30.909286,27.515615,24.541595,20.807516,18.931969,15.245413,14.874823,10.561747,12.068085,12.473909,13.475009,13.206997,14.753413,13.84425,14.429193,16.543528,16.72644,21.496841,21.073908,25.713617,26.00994,24.44721,21.196554,20.074125,14.739852,13.666329,9.912141,9.021962
5,15.614418,12.529204,9.27867,5.5732927,5.8264623,0.0,7.0258803,8.469217,11.340956,14.853544,19.087925,20.520708,19.595848,18.766075,13.120498,12.930993,8.767292,9.802807,7.0413213,8.536982,10.249411,10.70779,13.921645,17.775745,20.381483,22.971863,19.973726,19.0232,16.966402,14.960095,14.633876,15.351617,14.760243,19.794287,19.574572,22.384108,24.265276,23.140024,25.16812,22.634438,25.191105,20.738483,22.518337,21.32384,23.156158,23.836933,24.438896,27.993662,27.862337,32.861786,30.416878,30.908276,34.872543,34.221004,30.950468,28.843348,30.065483,29.668598,35.140633,32.67575,29.20443,31.673923,30.37132,32.322224,32.699963,34.963158,35.203896,33.241295,28.455383,27.82029,23.625498,26.43492,23.836811,27.549927,25.216667,30.51006,29.396502,33.119125,31.79474,33.781197,30.682785,27.864674,25.130194,21.56789,20.450897,17.001957,17.870922,14.193678,16.895016,17.72017,19.15599,19.03053,20.480333,19.224888,19.484264,21.004354,20.779633,24.979548,23.788563,28.10787,27.86628,26.544964,23.128256,23.215912,17.428568,17.098124,14.124566,13.203127
6,16.21972,13.015977,10.710655,8.472648,4.6686015,7.0258803,0.0,6.809337,8.102059,12.367161,16.61129,17.78489,18.523312,18.310932,13.55119,12.38524,10.372832,8.365712,9.272238,6.996275,10.871298,9.713774,14.869159,18.274084,19.910053,21.324787,18.841515,15.965327,15.620391,11.740747,14.502695,13.9249115,16.229156,19.858397,19.229343,22.652893,23.500256,21.452644,23.591621,20.51884,23.929014,19.068697,19.451862,19.590115,19.604275,20.939484,20.2602,25.087467,25.250116,30.236147,27.213509,29.153797,32.592537,31.152664,28.78666,26.762669,26.769289,26.458176,31.720936,28.430769,25.113523,26.86786,25.731333,27.04524,28.03429,29.226398,29.562197,28.179022,23.287477,21.885275,18.527155,20.80514,18.813656,22.159845,20.581924,25.498192,25.059418,28.97904,27.829844,29.433657,26.522285,23.024738,20.393925,16.485527,15.318152,11.081494,12.198182,8.874466,11.244538,13.1634035,14.057812,14.669617,15.061477,13.116513,12.892977,14.051359,13.8831415,18.016191,17.156471,21.601852,21.660603,20.250929,16.899176,16.60604,10.729955,10.640816,7.4012313,7.950454
7,21.929966,18.764427,15.608983,12.990467,10.437846,8.469217,6.809337,0.0,4.4438624,6.470665,11.709608,12.295123,12.208444,12.429126,7.1708,8.274247,6.6541076,8.3460655,11.217351,11.849864,15.437454,15.858285,20.527058,23.664116,26.128416,27.639029,24.518572,21.70595,20.372013,16.137995,17.351732,13.927624,15.180473,18.439568,16.186262,19.738853,20.202547,18.722698,21.91828,19.445831,23.933966,20.51114,21.641445,22.513485,23.408518,25.82883,25.76293,30.57175,29.917997,34.815174,30.949541,32.692146,35.608547,33.6307,30.741219,28.176945,28.308403,27.021477,31.809687,28.944315,25.815329,28.844957,28.596745,30.318655,32.292484,33.20233,34.29042,33.61988,28.911707,26.70661,22.951569,24.170633,21.250439,23.837612,21.203262,25.670643,23.857117,27.537277,25.60058,26.935427,23.476221,20.484943,18.843235,15.025909,15.843175,11.615871,15.3940115,13.693506,16.95083,19.529823,20.49384,21.271133,21.189941,18.641308,18.015234,17.944487,17.41681,19.911411,18.118559,21.628237,20.693985,19.575294,16.171394,17.840929,11.988355,13.177046,11.951333,12.503115
8,24.221241,20.972267,18.367134,15.303743,12.340139,11.340956,8.102059,4.4438624,0.0,5.7805147,8.527627,10.265065,10.956483,10.6470995,7.410333,5.9031043,6.9275594,6.3881006,11.451574,11.660987,15.478699,16.472137,21.35021,23.630705,26.34794,27.218166,23.780762,20.369602,19.04925,14.179518,15.784888,10.8443575,13.482213,15.571692,13.118981,16.89205,16.831146,14.898481,18.092377,15.49597,20.438461,17.363834,18.185163,19.85572,20.501604,23.686918,23.769379,28.718788,27.59395,32.318954,27.88654,29.993212,32.42272,30.012611,27.276392,24.61687,24.391966,22.891584,27.512201,24.607357,21.552826,24.818111,24.900805,26.76361,29.217402,30.03834,31.58937,31.4052,26.970007,24.28649,20.17791,20.803814,17.51581,19.814434,16.928366,21.316816,19.426384,23.123568,21.297077,22.798819,19.514622,16.625208,14.516832,10.851864,11.673195,8.037469,12.309864,11.796301,15.542056,18.694288,20.063246,21.645878,21.171368,18.512693,17.033167,16.601704,15.221388,17.626207,15.0318165,18.57767,17.972906,17.603258,14.187389,16.917992,10.655042,13.319465,12.072285,14.081134
9,28.056618,24.928495,21.858746,19.426676,16.595638,14.853544,12.367161,6.470665,5.7805147,0.0,7.042714,5.9793487,6.9490347,8.7246,6.200714,8.612466,10.016049,11.865213,16.506224,17.172096,20.949408,21.633455,26.52921,29.19149,31.73968,32.72742,29.479887,25.97101,24.827803,19.897953,21.383684,15.737271,17.622225,19.20056,15.42794,19.077543,18.2721,16.819414,20.86909,18.870026,24.503185,22.372915,23.184053,25.320879,25.848661,29.304403,29.07633,34.298733,33.178078,37.819515,33.09146,35.4097,37.493187,34.66749,32.002193,29.163681,28.63868,26.587643,30.520073,27.6499,25.00211,28.593803,29.275803,30.901081,34.00316,34.040077,35.822956,36.107433,31.693731,28.521214,25.097002,25.0094,21.858126,23.262777,20.320896,23.69725,21.025682,24.378551,21.803154,22.468811,18.65916,15.887142,15.709712,12.222459,15.214974,11.400788,17.057232,17.110346,20.412947,23.739023,24.511415,25.782768,24.894346,21.80002,20.574574,19.312311,18.449377,19.084888,16.629366,18.851124,17.106232,16.512133,13.462578,17.081446,12.152871,14.704727,15.097372,16.491371
10,32.74284,29.485693,26.817831,23.56188,20.833908,19.087925,16.61129,11.709608,8.527627,7.042714,0.0,4.755287,5.662624,5.426565,8.41144,7.649321,11.738616,12.479355,18.174198,19.276508,22.697197,24.505802,29.162426,30.683905,33.896782,34.312466,30.448544,26.774446,25.089571,20.125488,20.914295,13.494162,15.836394,15.292812,10.681093,14.110526,12.19753,10.715863,15.149942,13.80868,19.97069,19.444658,20.374144,23.357996,24.264265,28.667767,29.191309,34.03246,31.978292,36.186096,30.720213,32.983387,34.22281,30.894014,28.113144,25.046,24.41737,21.671911,24.923115,22.677784,20.382465,24.950191,26.36786,28.517504,32.24954,32.534027,35.113262,36.032364,32.200535,28.621578,24.435951,23.465733,19.539442,20.205982,16.389797,19.178152,15.459926,18.372036,15.564,16.65549,12.937211,11.544172,11.027168,9.169713,12.707922,11.54445,16.82325,18.325907,22.15298,25.770304,27.267553,29.363129,28.345592,25.392977,23.281023,21.830633,19.815527,20.244507,16.490479,18.1673,16.856611,17.887232,15.267333,20.360453,15.429268,19.263885,19.267738,21.754055
11,33.79083,30.636852,27.717066,25.108978,22.188848,20.520708,17.78489,12.295123,10.265065,5.9793487,4.755287,0.0,4.7450585,7.5571275,9.489554,11.14242,14.2305765,15.693679,21.095343,21.868294,25.59364,26.689478,31.614626,33.72165,36.483875,37.02835,33.568306,29.685917,28.520187,23.33879,24.749502,17.780064,20.005571,19.966782,15.296037,18.612852,16.594213,15.295258,19.775997,18.440916,24.672592,23.873993,24.471228,27.518545,27.902304,32.137707,32.02055,37.30255,35.66748,39.9663,34.572098,37.20409,38.48669,35.008743,32.535416,29.535118,28.537813,25.833681,28.789207,26.17187,24.10075,28.219206,29.73458,31.385914,35.34769,34.86701,37.305435,38.380142,34.383892,30.56886,27.23656,26.08461,22.716661,23.022064,19.799328,21.953403,18.412458,21.179537,18.046696,18.104954,14.077517,12.101352,13.45271,11.162035,15.67172,13.300229,19.39354,20.740776,24.089598,27.798332,28.665236,30.41053,29.082422,25.817022,24.050589,22.12222,20.768528,20.090197,16.941963,17.78094,15.565074,16.03651,13.746062,18.948462,15.076279,18.518097,19.531261,21.565823
12,34.114998,30.925344,27.731884,24.724665,22.45,19.595848,18.523312,12.208444,10.956483,6.9490347,5.662624,4.7450585,0.0,4.008455,6.8142347,9.756058,12.412851,15.433493,20.154913,22.059494,25.340324,27.070147,31.548199,33.670376,36.947124,37.917202,34.079742,30.850016,28.879934,24.234444,24.37928,17.524242,18.213846,18.590576,13.68808,16.611055,15.22032,14.877207,19.433994,18.576414,24.372517,23.977911,25.45055,27.849676,29.257519,33.29238,33.861565,38.644657,36.753162,41.129807,35.909676,37.747845,39.277145,36.21025,33.091145,29.958117,29.780579,26.977634,30.135956,28.198107,25.94316,30.60509,31.93797,34.081615,37.643166,37.946087,40.329044,41.01225,36.929108,33.529343,29.476734,28.837608,25.00271,25.82444,22.041119,24.733568,20.775404,23.346016,20.201908,20.829035,16.89797,15.875523,16.455267,14.482416,18.167364,16.118322,21.63337,22.361746,26.142769,29.537455,30.779081,32.32635,31.500546,28.452133,26.887962,25.45911,24.052017,24.191902,20.968573,22.28007,20.250809,20.635294,18.139978,22.909054,18.39933,21.45135,21.851837,23.404526
13,33.7281,30.474436,27.439892,23.8757,21.928415,18.766075,18.310932,12.429126,10.6470995,8.7246,5.426565,7.5571275,4.008455,0.0,6.1834927,7.347519,10.547455,13.538731,18.125937,20.605917,23.47807,25.899364,30.01888,31.676506,35.40573,36.370895,32.16546,29.287455,26.741344,22.482674,21.761015,14.746047,14.808116,14.921274,9.970582,12.719785,11.731024,11.803957,16.213194,15.620803,21.048845,21.05616,23.037174,25.151197,27.224356,31.28134,32.4799,36.7771,34.520653,38.805664,33.615295,34.947052,36.48247,33.655968,30.160374,26.97198,27.312973,24.484402,27.82342,26.386234,23.993896,29.030504,30.247997,32.826332,36.110435,37.10971,39.57172,40.072933,36.12697,32.99899,28.257324,27.85459,23.608105,24.755188,20.539053,23.67066,19.577002,22.085125,19.217756,20.601282,16.980593,16.527578,15.945506,14.42236,17.191956,16.036356,20.73506,21.40498,25.542301,28.762129,30.51241,32.25946,31.745905,28.971235,27.216356,26.189173,24.357807,25.298113,21.71587,23.551477,22.074253,22.808792,20.104553,24.805498,19.60265,22.842194,22.496199,24.269917
14,28.244158,25.059212,21.767447,18.46199,16.7626,13.120498,13.55119,7.1708,7.410333,6.200714,8.41144,9.489554,6.8142347,6.1834927,0.0,5.787027,6.1090145,10.616019,14.107739,16.66475,19.590334,21.481064,25.56593,28.00161,31.408205,32.90131,29.028067,26.523949,24.11584,20.110725,19.566479,14.194413,13.815254,16.155788,12.503128,15.634111,15.922735,15.506868,19.363457,17.909857,22.759846,21.13575,23.163555,24.365149,26.385792,29.582422,30.471907,34.82613,33.24233,37.905933,33.42471,34.600266,36.981575,34.747246,31.23168,28.260128,28.85897,26.735329,30.945087,28.982075,26.113756,30.41235,30.863216,33.210194,35.7497,36.95963,38.7436,38.537605,34.157055,31.591164,27.055122,27.598764,23.769693,25.797075,22.095604,26.115028,22.949697,26.066189,23.57827,25.016026,21.344408,19.667942,18.551092,15.764667,17.652733,14.975276,19.358896,18.721376,22.659037,25.456427,26.956848,28.110111,27.991085,25.375853,24.255102,23.75149,22.547464,24.289864,21.481627,24.162605,22.772724,22.527628,19.391935,22.786308,17.187658,19.417902,18.679647,19.615866
15,27.386051,24.096794,21.458443,17.475046,15.590564,12.930993,12.38524,8.274247,5.9031043,8.612466,7.649321,11.14242,9.756058,7.347519,5.787027,0.0,4.7050443,6.2550564,11.023711,13.403702,16.173708,18.813478,22.82067,24.340433,28.103067,29.117546,24.86918,22.247135,19.52549,15.496558,14.689591,8.481774,9.142586,10.941218,7.958347,11.506804,12.080615,11.053623,14.326124,12.494932,17.142778,15.38411,17.512302,18.817785,21.068071,24.557474,25.945047,29.985588,27.985882,32.51132,27.871239,28.97672,31.223566,29.022697,25.446463,22.490095,23.224586,21.25693,25.781935,23.958832,20.91187,25.293854,25.60695,28.290998,30.662888,32.432976,34.383877,34.18678,30.089495,27.63522,22.413023,23.017412,18.82069,21.157999,17.210474,21.741161,18.911064,22.153183,20.25507,22.4267,19.274048,17.773922,15.166921,12.809655,13.30639,11.970191,15.1642275,14.933435,19.283567,22.111115,24.264915,26.043903,26.007229,23.700191,22.000074,21.824757,19.85839,22.454668,19.139692,22.406513,21.878223,22.262104,19.027008,22.515772,16.2875,19.188637,17.579107,19.483479
16,23.952297,20.723637,17.810276,13.733489,12.586406,8.767292,10.372832,6.6541076,6.9275594,10.016049,11.738616,14.2305765,12.412851,10.547455,6.1090145,4.7050443,0.0,5.9515157,8.095945,11.418457,13.787438,16.331886,19.949629,22.127783,25.864275,27.537205,23.440065,21.578514,18.616735,15.363866,13.964878,10.276976,9.239202,13.168904,11.48619,14.469971,16.00391,15.312604,18.029222,16.091743,19.701654,17.016968,19.457117,19.583542,22.188648,24.717379,26.135262,29.879404,28.3567,33.11279,29.230978,29.811703,32.770508,31.24938,27.499453,24.769468,26.006367,24.56314,29.503012,27.648314,24.3904,28.283932,27.996168,30.593685,32.209972,34.369656,35.76338,34.88875,30.506004,28.713984,23.564928,25.059887,21.231024,24.20535,20.658964,25.59887,23.244612,26.610191,24.866835,27.022852,23.829493,21.96941,19.355375,16.519693,16.407402,14.176528,16.623821,14.992201,19.112946,21.297827,23.373173,24.534079,25.06343,23.05942,22.00417,22.42634,21.019169,24.265697,21.60912,25.302887,24.762642,24.497362,21.092045,23.523397,17.188314,19.0355,16.928799,17.874615
17,22.275124,19.005234,17.01665,12.839218,10.82704,9.802807,8.365712,8.3460655,6.3881006,11.865213,12.479355,15.693679,15.433493,13.538731,10.616019,6.2550564,5.9515157,0.0,6.157075,7.301967,10.253697,12.833244,16.92789,18.353592,21.914812,22.87409,18.73511,16.176031,13.594709,9.632461,9.540145,6.022961,8.372709,11.5048,11.259659,14.465416,15.719571,13.948405,15.740347,12.959513,16.246506,12.332517,14.053055,14.419274,16.347948,19.04609,20.350857,24.28003,22.76341,27.537214,23.570984,24.696373,27.639984,26.040539,22.74099,20.241362,21.060751,20.16085,25.47105,23.176416,19.745474,22.988857,22.342813,24.869904,26.279566,28.599806,29.945526,29.06665,24.816715,23.078993,17.660797,19.372217,15.661494,19.075863,15.96885,21.33857,19.977608,23.597372,22.55239,24.998741,22.344147,20.096848,16.406494,13.62292,11.827301,10.30796,11.093682,9.538836,13.9281025,16.268795,18.783842,20.610466,21.015024,19.266409,17.674662,18.42184,16.474497,20.570246,17.868626,22.158186,22.464008,22.487934,19.106798,21.152554,14.579378,16.827404,13.978157,16.012102
18,18.454514,15.352649,13.587808,8.756735,8.770729,7.0413213,9.272238,11.217351,11.451574,16.506224,18.174198,21.095343,20.154913,18.125937,14.107739,11.023711,8.095945,6.157075,0.0,5.3067684,5.9092937,9.571121,12.257964,14.084733,18.114851,20.050781,15.832855,15.116247,11.58016,10.15877,7.841086,9.718136,9.021511,14.034385,15.301662,17.639357,20.005568,18.829103,19.82533,17.317959,18.760014,14.178213,16.547226,14.7630415,17.678131,18.652225,20.56815,23.355797,22.30144,27.172523,24.521421,24.42156,28.324797,27.930286,24.293003,22.23483,24.046223,23.869612,29.515432,27.605862,24.054352,26.757042,25.29844,27.892897,27.991795,31.280388,31.90114,29.989124,25.668016,25.19374,19.695158,22.661846,19.463531,23.541111,20.85714,26.506805,25.575338,29.102186,28.337055,30.99499,28.443174,26.23613,22.39328,19.641275,17.20378,15.616773,14.825098,11.565798,15.157583,15.986985,18.77025,19.814323,21.316868,20.423397,19.646696,21.392702,20.00008,24.922785,22.897684,27.513357,27.960516,27.54648,24.121252,25.046162,18.651724,19.631142,16.011503,16.814045
19,15.784594,12.663985,11.768718,7.8777614,6.286612,8.536982,6.996275,11.849864,11.660987,17.172096,19.276508,21.868294,22.059494,20.605917,16.66475,13.403702,11.418457,7.301967,5.3067684,0.0,4.262495,5.566257,9.94815,12.04519,14.893307,16.262522,12.71671,10.822473,8.982197,6.5759525,8.103015,10.859256,12.842934,16.712605,17.985527,20.717821,22.402954,20.458765,21.276064,18.197802,19.819042,14.242376,15.122417,13.737874,14.817998,15.36703,16.151892,19.730942,19.475508,24.496458,22.055943,23.010645,26.959543,26.385288,23.650919,21.96434,22.869379,23.244423,28.948463,26.274,22.744373,24.331928,22.48016,24.447748,24.312117,27.14863,27.36313,25.30107,20.76507,20.430496,15.559526,18.937302,16.628555,20.882158,19.205256,24.773676,24.819263,28.568203,28.14175,30.560617,28.237415,25.384415,21.429352,18.3944,15.285882,13.315867,11.265945,7.0935693,10.047808,10.737859,13.482824,14.76694,16.182951,15.520521,14.746174,16.929474,15.729093,21.184952,19.790764,24.706572,25.599371,24.958834,21.676622,21.663885,15.629692,16.201733,12.086642,13.324942
20,15.226698,12.479061,12.319536,8.2677555,8.697153,10.249411,10.871298,15.437454,15.478699,20.949408,22.697197,25.59364,25.340324,23.47807,19.590334,16.173708,13.787438,10.253697,5.9092937,4.262495,0.0,5.204324,7.0000935,8.424829,12.264143,14.197736,10.157021,10.287277,7.080398,7.82776,6.830343,12.508334,13.176614,17.414408,19.697517,21.833858,24.13081,22.514744,22.66407,19.836018,20.141144,14.465916,15.890864,13.022923,15.121374,14.472484,16.277912,18.451458,18.193161,23.101805,21.579157,21.43109,25.928465,26.242851,23.218605,21.866135,23.559132,24.37192,30.203289,28.025175,24.477037,25.90803,23.608114,25.841146,24.782787,28.581457,28.491615,25.813341,21.587336,22.188082,16.990438,20.9696,18.74997,23.286928,21.634777,27.335474,27.534555,31.106647,30.95788,33.692677,31.570509,29.02998,24.739635,22.068073,18.495495,17.267696,14.366348,10.279937,12.538864,11.964855,15.151293,16.128927,18.276262,18.357399,17.828115,20.446707,19.229078,24.981243,23.621126,28.59787,29.678968,29.135578,25.886047,25.708382,19.813402,20.147024,15.880034,16.666176
21,10.961697,8.226658,8.953333,6.748919,6.4902043,10.70779,9.713774,15.858285,16.472137,21.633455,24.505802,26.689478,27.070147,25.899364,21.481064,18.813478,16.331886,12.833244,9.571121,5.566257,5.204324,0.0,5.50803,9.061875,10.304947,12.385953,10.222244,9.567821,9.328752,9.286983,11.396777,16.126572,17.771626,21.812471,23.482088,26.058279,27.883856,25.898405,26.414497,23.284883,24.218426,18.237478,18.568977,16.36263,16.625212,15.301603,15.298605,18.306826,19.369066,24.27218,23.224596,24.036957,28.52665,28.661797,26.446781,25.326262,26.190516,27.232344,32.965805,30.09548,26.642467,27.18809,24.68628,26.081385,24.850443,27.799353,27.060715,24.075083,19.463013,20.3744,16.631847,20.842945,19.695772,24.07955,23.294645,28.705873,29.447319,33.217834,33.04486,35.35382,33.157017,29.977892,26.096462,22.946747,19.576805,17.348656,14.399258,9.687488,10.225868,8.803987,11.089596,11.290658,13.8182745,14.318601,14.581949,17.661522,17.309494,23.121922,22.725105,27.734325,28.85524,27.743546,24.659187,23.269331,18.124804,17.384125,12.989002,13.120055
22,10.520356,8.963374,10.870108,9.215515,11.016348,13.921645,14.869159,20.527058,21.35021,26.52921,29.162426,31.614626,31.548199,30.01888,25.56593,22.82067,19.949629,16.92789,12.257964,9.94815,7.0000935,5.50803,0.0,5.348937,6.8095956,10.387983,8.578731,11.064746,10.001926,12.72364,12.847611,19.401371,19.89773,24.203852,26.690502,28.726236,31.112123,29.448593,29.395876,26.519379,26.260296,20.360281,21.138634,17.653059,18.74104,16.006907,16.946766,18.000696,19.362347,23.887316,24.181305,23.74912,28.796413,29.979187,27.585518,26.886541,28.497234,29.977549,35.778877,33.402573,29.960846,30.308508,27.363495,28.94517,26.658842,30.565895,29.392233,25.654343,21.557426,23.59454,19.76344,24.456982,23.437872,28.02883,27.267796,32.7826,33.655293,37.265705,37.338306,39.94055,37.90202,34.99281,30.810389,27.944227,24.20437,22.56512,19.043993,14.5463505,14.731013,12.215951,14.594018,14.226415,17.478336,18.79129,19.329958,22.689629,22.334127,28.315144,27.944502,32.99544,34.263702,33.21811,30.154436,28.628052,23.623898,22.708046,18.342232,18.0144
23,15.44866,14.170914,16.14017,13.9024725,15.207506,17.775745,18.274084,23.664116,23.630705,29.19149,30.683905,33.72165,33.670376,31.676506,28.00161,24.340433,22.127783,18.353592,14.084733,12.04519,8.424829,9.061875,5.348937,0.0,5.661255,8.019478,4.6943927,9.410153,7.4729137,12.273123,11.500995,19.158186,19.791197,23.326515,26.694084,28.234241,30.754433,29.101458,28.207817,25.507792,24.050623,18.270357,18.985115,14.68057,16.171265,12.5823145,14.870377,14.231304,15.180491,19.382715,20.383965,19.136091,24.401073,26.268904,23.938879,23.711563,25.722616,27.699263,33.401318,31.47886,28.16398,28.208485,24.935028,26.820492,23.808622,28.726744,27.619333,23.694609,20.310764,22.867483,18.411318,23.290348,22.289331,26.96298,26.332985,31.77883,33.009163,36.344933,36.90176,39.842854,38.261726,35.749424,31.044006,28.792185,24.35352,23.922806,19.365604,15.561643,15.803985,13.122158,16.328512,16.900183,19.899462,21.446442,21.303192,24.669092,23.653875,29.858826,29.108074,34.178448,35.87486,35.34554,32.369225,31.28147,26.159346,25.926256,21.477,22.015202
24,13.346467,13.041959,16.15201,15.573053,16.547644,20.381483,19.910053,26.128416,26.34794,31.73968,33.896782,36.483875,36.947124,35.40573,31.408205,28.103067,25.864275,21.914812,18.114851,14.893307,12.264143,10.304947,6.8095956,5.661255,0.0,4.465519,6.155531,10.013296,11.146432,14.985112,16.263906,23.324236,24.74436,28.178493,31.187342,33.0675,35.241215,33.25667,32.547447,29.586802,28.543116,22.503876,22.273653,18.615423,18.369932,13.98072,14.324509,13.791801,16.518581,20.313438,22.199022,21.912497,27.020393,28.836777,27.43712,27.522894,28.761707,31.050781,36.606846,34.12364,30.956413,30.018717,26.464325,27.475845,23.944592,28.198359,26.221016,21.698412,18.358545,21.772278,18.972672,24.036907,24.164248,28.638271,28.879606,33.997124,35.837467,39.285652,39.944263,42.574963,41.04581,38.057858,33.59607,31.094576,26.680271,25.752703,20.95504,17.058142,15.762958,12.070306,14.238713,14.04422,17.410755,19.775383,20.271038,23.98333,23.640287,29.781174,29.887959,34.898975,36.763737,35.85496,33.133247,31.007263,26.779823,25.767948,21.46315,21.592253
25,16.688765,16.236593,19.282854,18.568975,18.706482,22.971863,21.324787,27.639029,27.218166,32.72742,34.312466,37.02835,37.917202,36.370895,32.90131,29.117546,27.537205,22.87409,20.050781,16.262522,14.197736,12.385953,10.387983,8.019478,4.465519,0.0,5.381384,8.177145,10.872346,14.531498,16.8331,23.522844,25.844166,28.48916,31.62283,33.488987,35.324013,33.062843,32.0166,28.995638,27.746775,21.741459,20.700903,17.44108,16.031288,11.089716,10.845318,9.77034,13.261957,16.745739,19.01857,19.414316,24.222519,25.982975,25.323765,25.77713,26.500875,29.168598,34.46432,31.839613,28.901525,27.212185,23.42704,24.090351,20.082254,24.434237,22.238174,17.534433,14.654126,18.58576,16.250008,21.30955,22.081549,26.341902,27.192854,31.939262,34.35533,37.65607,38.67472,41.277767,40.122017,37.15711,32.555695,30.39546,25.621693,25.311771,19.820642,16.641308,14.737362,10.938557,13.246989,13.933395,16.732254,19.293282,19.299686,22.958385,22.334328,28.437057,28.616402,33.507507,35.760418,35.121696,32.64217,30.515995,26.656717,25.98885,21.817308,22.668108
26,17.62296,16.287432,18.44407,16.392061,16.582472,19.973726,18.841515,24.518572,23.780762,29.479887,30.448544,33.568306,34.079742,32.16546,29.028067,24.86918,23.440065,18.73511,15.832855,12.71671,10.157021,10.222244,8.578731,4.6943927,6.155531,5.381384,0.0,5.7616277,5.8436055,10.609829,11.669735,18.786951,20.761862,23.348576,26.75302,28.397451,30.446625,28.393295,27.198181,24.328388,22.805372,16.848545,16.492987,12.642442,12.650732,8.330491,10.413718,9.666448,11.055103,15.375115,16.452446,16.132513,21.178665,22.839079,21.285585,21.40021,22.749071,25.138638,30.659563,28.457693,25.321417,24.579718,21.043758,22.627045,19.272896,24.27508,23.077318,19.140676,16.019032,18.828978,14.559305,19.556429,19.17319,23.725418,23.753748,28.883928,30.75549,34.003365,34.923176,37.806065,36.589863,34.017963,29.16339,27.206213,22.338802,22.498245,17.098728,13.95376,13.508698,10.683443,14.189198,15.606296,18.117668,19.826765,19.197523,22.545994,21.244127,27.477818,26.817535,31.811584,33.910797,33.62599,30.890404,29.74634,24.999863,25.07967,20.727324,22.013395
27,18.402245,16.542736,18.204538,16.19696,14.931955,19.0232,15.965327,21.70595,20.369602,25.97101,26.774446,29.685917,30.850016,29.287455,26.523949,22.247135,21.578514,16.176031,15.116247,10.822473,10.287277,9.567821,11.064746,9.410153,10.013296,8.177145,5.7616277,0.0,5.5909605,6.889943,11.169718,16.288343,19.860739,21.774004,24.460485,26.606068,27.930964,25.39387,24.56624,21.357954,20.978762,14.818711,13.2703285,11.22004,8.988085,6.2395825,6.1634293,9.195819,10.4233675,15.233455,14.453821,16.335442,20.491909,20.747883,19.797789,19.579796,19.711903,21.888258,27.314217,24.373434,21.268053,20.199562,16.874804,18.050518,15.679641,19.654242,18.830591,15.658091,11.802022,13.583322,9.193886,14.205698,14.194329,18.63683,19.136408,24.060722,26.247095,29.636646,30.534718,33.11827,31.96048,29.097998,24.399628,22.389732,17.48238,17.648766,11.866375,9.240062,8.280611,6.18306,10.144037,12.746423,14.260783,15.467417,14.165603,17.275873,15.690525,21.88491,21.272291,26.215677,28.472326,28.289148,25.722553,24.646612,20.154976,20.62158,16.502337,18.641445
28,19.432262,17.208654,18.158615,14.89983,14.451313,16.966402,15.620391,20.372013,19.04925,24.827803,25.089571,28.520187,28.879934,26.741344,24.11584,19.52549,18.616735,13.594709,11.58016,8.982197,7.080398,9.328752,10.001926,7.4729137,11.146432,10.872346,5.8436055,5.5909605,0.0,5.762186,6.169117,12.980336,15.31982,17.618046,20.94462,22.637693,24.607193,22.57304,21.485361,18.602053,17.47207,11.366419,11.5776,7.8701973,9.23925,7.6058135,10.799222,11.932973,11.123579,16.034185,14.795985,14.781819,19.374754,20.083332,17.700182,17.084301,18.606987,20.395113,26.12979,24.06145,20.711065,21.089155,18.142635,20.489567,18.529188,23.344336,23.260956,20.471657,17.02358,18.207273,12.37125,16.796185,15.109924,19.800358,18.946882,24.40031,25.659458,28.929476,29.639538,32.65747,31.33485,29.0593,24.087194,22.29276,17.477514,18.07364,13.034073,10.288367,11.644597,10.609046,14.671125,16.839684,18.62343,19.268282,17.904634,20.644623,18.668497,24.726746,23.2302,28.190624,30.088095,30.170996,27.270144,27.185568,21.7423,22.720995,18.47797,20.422737
29,20.067228,17.335756,17.449963,14.157261,12.216395,14.960095,11.740747,16.137995,14.179518,19.897953,20.125488,23.33879,24.234444,22.482674,20.110725,15.496558,15.363866,9.632461,10.15877,6.5759525,7.82776,9.286983,12.72364,12.273123,14.985112,14.531498,10.609829,6.889943,5.762186,0.0,6.748073,9.610275,13.800938,15.6212225,17.750607,20.180801,21.37675,18.874456,18.61189,15.301949,16.120607,10.010232,9.401938,8.588849,8.27553,9.708721,10.911591,14.728785,13.802064,18.748623,15.681059,17.496107,21.01361,20.135372,18.02265,16.685581,17.00769,18.017479,23.715189,20.898628,17.438667,18.270073,16.067331,18.202883,17.953728,21.291216,21.861633,20.154333,16.138897,15.636585,9.660363,13.240219,11.007229,15.608642,14.552851,20.087341,21.124825,24.694822,25.057661,27.752468,26.201239,23.591059,18.84388,16.71597,12.083969,12.319589,7.51335,5.0142612,7.833004,8.9422655,12.669085,15.434448,16.200306,15.836831,13.862179,15.964095,13.640453,19.458158,17.668713,22.629433,24.384907,24.523258,21.603249,21.965715,16.341951,17.928074,14.006562,16.735228
30,21.965769,19.236677,18.926405,14.565919,14.21761,14.633876,14.502695,17.351732,15.784888,21.383684,20.914295,24.749502,24.37928,21.761015,19.566479,14.689591,13.964878,9.540145,7.841086,8.103015,6.830343,11.396777,12.847611,11.500995,16.263906,16.8331,11.669735,11.169718,6.169117,6.748073,0.0,8.044952,9.19328,11.922993,15.387676,16.877617,19.279903,17.735899,16.88931,14.333738,13.514895,8.011776,10.480071,7.212858,11.389778,12.34507,15.881108,17.427588,15.321775,19.939667,17.290907,16.622904,20.588223,20.692562,16.999517,15.398825,17.758823,18.444529,24.257694,22.828472,19.32103,21.507954,19.527048,22.65726,22.022734,26.556713,27.377083,25.43263,21.93441,21.935303,15.396749,18.656282,15.392421,19.822617,17.467556,23.19185,23.177975,26.358013,26.591785,29.83382,28.205515,26.503004,21.587019,19.967339,15.81756,16.636702,13.256846,11.116643,14.393618,14.806784,18.642553,20.757309,22.190086,21.927937,20.309237,22.32089,19.993795,25.464739,23.069078,27.798096,29.168272,29.543629,26.406002,27.541706,21.365906,23.080782,19.16816,21.17484
31,26.6238,23.482159,22.102304,17.712307,16.041046,15.351617,13.9249115,13.927624,10.8443575,15.737271,13.494162,17.780064,17.524242,14.746047,14.194413,8.481774,10.276976,6.022961,9.718136,10.859256,12.508334,16.126572,19.401371,19.158186,23.324236,23.522844,18.786951,16.288343,12.980336,9.610275,8.044952,0.0,6.307416,6.65233,8.178504,10.665117,12.026738,10.069959,10.465097,7.6434054,10.227481,6.969266,9.524293,10.455418,13.413114,17.089825,19.552502,22.69679,20.039383,24.349352,19.724985,20.512388,22.82575,21.032547,17.312744,14.575768,15.852019,14.766035,20.14739,18.591404,15.156703,19.112745,18.716864,22.002937,23.56018,26.62812,28.58229,28.105108,24.57795,22.75117,16.380035,17.562492,13.032587,16.330442,12.52769,18.01483,16.603998,19.830437,19.39381,22.552174,20.62468,19.359915,14.691472,13.430797,10.49116,11.972228,11.262595,11.40774,15.79839,18.113695,21.303074,23.856565,24.145842,22.681873,20.392292,21.039505,18.199524,22.25676,18.81289,22.8549,23.721397,24.6863,21.613188,24.408821,18.088604,21.126822,18.320375,21.08926
32,27.39789,24.334383,22.562088,17.726452,17.36498,14.760243,16.229156,15.180473,13.482213,17.622225,15.836394,20.005571,18.213846,14.808116,13.815254,9.142586,9.239202,8.372709,9.021511,12.842934,13.176614,17.771626,19.89773,19.791197,24.74436,25.844166,20.761862,19.860739,15.31982,13.800938,9.19328,6.307416,0.0,5.733076,8.082109,9.173961,12.405129,12.239363,12.607561,11.305542,12.203029,10.496632,14.504519,13.564923,18.206488,20.84964,24.12215,26.24475,23.472706,27.673285,23.827229,22.986124,25.754145,24.901737,20.288082,17.595442,20.301485,19.128716,24.22597,23.705051,20.441463,24.784874,24.25979,27.823305,28.776043,32.518936,34.24981,33.253864,29.684134,28.46981,21.952328,23.657972,19.188211,22.509693,18.4861,23.729162,21.620012,24.411118,23.6464,26.905077,24.731651,24.053095,19.92169,18.6864,16.610966,17.340248,17.158283,16.203693,20.546545,22.177582,25.461248,27.399183,28.318851,27.051186,25.306915,26.25185,23.815786,27.928417,24.60444,28.534307,28.946592,29.667673,26.434927,29.209751,22.679867,25.191305,22.253275,24.10176
33,32.102356,29.007862,27.438976,22.727896,21.746044,19.794287,19.858397,18.439568,15.571692,19.20056,15.292812,19.966782,18.590576,14.921274,16.155788,10.941218,13.168904,11.5048,14.034385,16.712605,17.414408,21.812471,24.203852,23.326515,28.178493,28.48916,23.348576,21.774004,17.618046,15.6212225,11.922993,6.65233,5.733076,0.0,5.288094,5.1452627,8.036329,7.9441347,7.1341634,6.752979,7.5990467,8.726189,12.64805,13.1914425,17.619392,21.36596,24.829716,26.906681,23.372025,27.002802,22.256105,21.736267,23.346588,21.74355,17.065598,13.998734,16.59674,14.708189,19.253742,19.438822,16.530655,21.651648,21.843796,25.738781,27.406334,31.018839,33.433052,33.19428,30.183847,28.405832,21.75293,22.425497,17.550507,20.059164,15.556696,20.163202,17.6432,19.875843,19.391838,23.007587,21.408632,21.630463,17.268343,17.284426,15.266801,17.63474,17.465359,18.01918,22.337118,24.445892,27.820406,30.353573,30.77161,29.3294,26.987995,27.445349,24.444511,27.95746,24.056143,27.442518,28.071976,29.541273,26.634832,30.227022,24.00715,27.307617,24.764805,27.359108
34,33.2852,30.04671,27.931503,23.465546,21.98295,19.574572,19.229343,16.186262,13.118981,15.42794,10.681093,15.296037,13.68808,9.970582,12.503128,7.958347,11.48619,11.259659,15.301662,17.985527,19.697517,23.482088,26.690502,26.694084,31.187342,31.62283,26.75302,24.460485,20.94462,17.750607,15.387676,8.178504,8.082109,5.288094,0.0,3.8537679,4.7721553,4.9736466,7.4743876,7.3348775,11.420522,12.619309,15.554579,17.255266,20.588509,24.800531,27.396124,30.43606,27.2473,31.062767,25.872372,26.267984,27.561666,25.191025,21.048805,17.818735,19.253584,16.600752,20.484138,20.15837,17.496832,23.01791,23.89003,27.381567,29.962746,32.5014,35.153393,35.40151,32.10358,29.609371,23.541521,23.507627,18.603403,20.378908,15.58704,19.592657,16.03491,18.332453,16.887592,20.01863,17.795849,18.16894,14.759649,14.651798,14.3813,16.039175,17.800316,18.787476,23.243353,25.972563,28.83424,31.263268,31.237787,29.233145,26.898357,26.710262,23.888327,26.427761,22.331127,25.131296,25.13643,26.638681,23.815498,28.092455,22.095778,25.691902,23.896038,26.466215
35,35.970043,32.791435,30.78211,26.136627,25.043526,22.384108,22.652893,19.738853,16.89205,19.077543,14.110526,18.612852,16.611055,12.719785,15.634111,11.506804,14.469971,14.465416,17.639357,20.717821,21.833858,26.058279,28.726236,28.234241,33.0675,33.488987,28.397451,26.606068,22.637693,20.180801,16.877617,10.665117,9.173961,5.1452627,3.8537679,0.0,4.249742,6.3953795,7.0841637,8.478073,10.712817,13.468598,16.895376,18.163893,22.188934,26.294233,29.486298,31.864399,28.256428,31.714657,26.622631,26.286531,27.295366,25.20521,20.661936,17.460613,19.61751,16.874582,20.293688,20.965647,18.584267,24.35542,25.284002,29.095234,31.467943,34.50618,37.28594,37.509335,34.50556,32.228462,25.875362,25.859129,20.87485,22.548836,17.690914,21.36116,17.698236,19.350523,18.192526,21.591932,19.823933,20.927433,17.505308,18.010181,17.463467,19.67137,20.879396,21.866407,26.288496,28.775118,31.882885,34.363766,34.51325,32.68799,30.310772,30.257072,27.304264,29.94219,25.753769,28.431326,28.542278,30.251127,27.518702,31.869751,25.88884,29.47965,27.537893,30.071468
36,37.880302,34.63852,32.576706,28.168055,26.513578,24.265276,23.500256,20.202547,16.831146,18.2721,12.19753,16.594213,15.22032,11.731024,15.922735,12.080615,16.00391,15.719571,20.005568,22.402954,24.13081,27.883856,31.112123,30.754433,35.241215,35.324013,30.446625,27.930964,24.607193,21.37675,19.279903,12.026738,12.405129,8.036329,4.7721553,4.249742,0.0,3.5620701,5.9047523,7.725837,11.721352,14.867775,17.346151,19.78629,22.82854,27.51468,30.160002,33.095966,29.51143,32.84795,27.215366,27.762148,28.159122,25.270185,21.332973,18.055079,19.139334,15.807174,18.462326,18.91874,16.94263,22.978167,24.557814,28.120626,31.27232,33.532894,36.67347,37.494267,34.61065,31.742779,25.834501,25.003922,20.070509,20.902199,15.969925,18.778734,14.499781,15.8694105,14.337141,17.595469,15.890851,17.519825,14.586285,15.745479,16.072962,18.627985,20.563902,22.358456,26.65561,29.591295,32.427895,35.119663,34.80341,32.68287,30.063658,29.497454,26.437252,28.277058,23.866018,25.922653,25.908249,27.985216,25.55431,30.443985,24.920473,28.912586,27.503944,30.375952
