,0,1,2,3,4,5,6,7,8,9,10,11,12,13,14,15,16,17,18,19,20,21,22,23,24,25,26,27,28,29,30,31,32,33,34,35,36,37,38,39,40,41,42,43,44,45,46,47,48,49,50,51,52,53,54,55,56,57,58,59,60,61,62,63,64,65,66,67,68,69,70,71,72,73,74,75,76,77,78,79,80,81,82,83,84,85,86,87,88,89,90,91,92,93,94,95,96,97,98,99,100,101,102,103,104,105,106,107,108,109,110
0,0.0,4.1117783,6.6554904,9.91855,12.1612015,15.012861,17.73441,21.096275,24.689072,27.284237,30.221033,35.543938,30.686707,29.906883,24.277536,24.108192,20.071465,19.694256,16.89097,15.731112,15.812351,15.661188,20.226995,23.11313,26.107662,29.427958,32.28963,30.99064,29.70799,33.05409,29.86219,35.774708,33.182995,37.617943,38.05696,40.50648,43.128456,41.74377,39.144043,35.319138,37.479404,31.731304,33.279724,29.668982,31.703844,30.296404,30.075731,30.701141,27.619314,32.916573,33.98288,29.901186,32.8298,37.324635,37.655407,38.897076,36.510098,37.692413,36.447548,38.714077,35.79821,39.1114,38.522438,43.342678,43.33174,41.321617,45.032764,44.80493,43.971138,43.93008,40.8773,37.915817,32.8851,31.965345,27.542456,27.431051,24.492546,24.786392,24.666815,23.811525,24.809013,26.51734,26.163313,24.817951,23.951504,25.284336,23.982584,27.562971,27.30282,31.015545,31.101408,35.00878,32.77549,34.024303,30.241837,27.37553,29.363144,23.17887,24.533413,19.53613,20.598274,19.577856,19.93115,21.32939,19.46026,18.500156,19.446228,20.696314,20.032396,23.479658,22.931377
1,4.1117783,0.0,5.3493176,6.453298,9.011998,12.384339,14.740195,18.68995,21.777216,25.061756,27.508652,33.071045,28.43578,27.268682,21.939434,21.043665,16.968021,16.183847,13.087316,11.729432,11.727709,11.814763,16.35815,19.505383,22.3034,25.527857,28.281845,26.890297,25.637106,29.030848,26.005598,31.951252,29.780682,34.21418,34.907394,37.45438,40.023033,38.709164,35.86264,32.076508,34.121986,28.3641,29.91413,26.089502,28.408468,26.691248,26.838722,27.471338,24.789064,29.97902,30.810276,27.30367,30.35298,34.55403,34.93704,35.889393,33.518917,34.33233,32.95269,35.307037,32.0146,35.412876,34.756363,39.484768,39.636623,37.440525,41.247585,41.183823,40.243256,40.468082,37.17402,34.227283,29.246082,28.162369,23.712685,23.4226,20.403679,20.735859,20.614605,19.973368,21.087639,23.096554,22.580294,21.39825,20.380344,22.224566,20.69321,24.607315,24.5394,28.297853,28.764246,32.54947,30.804668,32.267883,28.520782,25.82622,27.227932,21.071758,22.206287,16.753426,17.70109,16.09675,16.54426,17.988201,15.735296,14.643072,15.339914,16.720205,16.11321,19.743542,19.511013
2,6.6554904,5.3493176,0.0,5.297211,6.5149946,8.868344,11.614858,14.469757,18.236572,20.629238,23.651127,28.907307,24.160744,23.49802,17.815498,17.824825,14.031853,13.974259,12.130047,11.804841,13.55354,14.902444,19.143946,22.864534,25.096382,27.93309,30.05019,27.613935,25.609262,28.502787,24.703072,30.43318,27.099098,31.626772,31.716402,34.161064,36.72985,35.292503,32.902817,29.066677,31.515905,25.783504,27.901527,24.48532,27.0605,26.77746,26.415026,28.088085,25.829731,30.991587,31.16507,27.08769,30.786865,35.00827,34.54547,35.69716,32.6453,34.053257,32.25674,33.863792,31.225416,34.00222,33.25927,38.254898,37.66025,36.08311,39.56763,39.10783,38.68878,38.48469,35.931103,33.310593,27.731918,27.66726,23.189924,23.11087,20.931469,20.984562,22.145521,21.05187,23.109098,25.39494,23.91591,22.020529,20.104803,21.567009,19.021137,22.448282,21.534056,25.12139,25.013126,28.722208,26.596617,28.196722,24.707407,22.155752,24.212906,17.812943,20.140268,14.807642,17.76556,15.888588,17.882113,20.064863,18.088858,16.013361,16.485565,16.444654,15.497722,18.180393,17.464792
3,9.91855,6.453298,5.297211,0.0,3.9403343,6.4286795,9.196684,12.865092,15.649428,19.307062,21.31781,26.998203,22.439205,20.998571,15.944761,14.650551,10.54016,9.9987135,7.1103034,7.0666275,8.675477,10.828907,14.559198,18.568937,20.444544,23.058699,25.154411,22.639977,20.708454,23.691416,20.256927,25.944086,23.446627,27.796432,28.515244,31.021412,33.651382,32.463474,29.64788,25.895325,28.308594,22.52216,24.852821,20.949766,24.24446,23.271883,23.71721,25.279154,23.724428,28.590172,28.448776,25.522728,29.248116,32.923244,32.679913,33.296047,30.371977,31.021124,28.984232,30.770864,27.26938,30.205746,29.229286,34.02465,33.648823,31.57572,35.1438,34.892323,34.12814,34.24151,31.223665,28.489632,23.137615,22.63801,18.129782,18.003353,15.710589,16.237362,17.324835,17.015993,19.172777,21.977453,20.38973,18.96885,16.769855,19.322573,16.255222,20.355022,19.743582,23.355488,23.92247,27.297318,26.08982,28.101658,24.7822,22.602686,23.634274,17.445812,19.341974,13.3080635,15.946075,12.885989,15.013547,17.08356,14.327884,12.104515,11.3604145,11.824297,10.415862,13.587312,13.180877
4,12.1612015,9.011998,6.5149946,3.9403343,0.0,6.0986233,5.73156,10.462217,12.949304,16.72892,18.892235,24.517536,20.60701,19.37478,14.395987,12.730064,9.365037,7.86488,6.938256,6.4030194,9.892758,12.200386,15.677942,19.764492,21.187386,23.54708,24.901836,21.82254,19.513945,22.27449,18.348192,24.304457,21.29327,26.152071,26.335855,29.110891,31.369453,29.85293,27.068596,23.238436,25.342009,19.582306,21.606518,18.021927,20.976057,20.848934,20.759176,22.896639,21.524803,26.335638,25.859373,22.507088,26.558146,30.249195,29.547861,30.331623,27.101946,28.19162,26.093489,27.6059,24.766054,27.505121,26.770113,31.76603,31.371632,29.837488,33.562653,33.411003,33.134186,33.500805,30.74387,28.426628,22.57072,22.74525,18.217045,17.45822,15.599776,14.993018,17.027655,15.630809,18.409014,21.089237,18.817331,16.765215,14.1683235,16.198734,12.876154,16.685398,15.978621,19.63619,20.174814,23.730541,22.42833,24.298916,20.904398,18.742037,19.699352,13.51311,15.590523,9.614071,13.28377,10.311481,13.443344,16.045668,14.061052,11.184708,11.742337,10.330383,10.059211,12.360977,12.667585
5,15.012861,12.384339,8.868344,6.4286795,6.0986233,0.0,7.0410724,7.321965,10.850016,13.604511,15.763001,21.220592,16.182428,14.958283,9.637281,9.504297,5.4864507,7.5070014,6.9989195,9.629632,12.465,15.711884,18.362452,22.661425,23.70266,25.582813,26.933441,23.170803,20.319452,22.34969,18.148611,22.95227,19.092403,23.125315,23.434103,25.617329,28.50796,27.473951,25.216612,21.52141,24.854202,19.208723,22.911806,19.44414,23.70678,24.333103,24.663692,27.384003,26.77461,31.240215,30.154366,27.349697,31.689678,34.972248,33.83405,34.348057,30.694733,31.591469,28.847034,29.56549,26.414211,28.355122,26.95864,31.867048,30.305614,28.77339,31.64769,30.753954,30.459553,29.85059,27.808018,25.456076,19.56418,20.442339,16.220505,16.849321,16.145481,16.94203,19.509209,19.421232,22.46324,25.671947,23.151344,21.336424,17.997784,20.569881,15.827834,19.327988,17.43227,20.529003,20.552074,23.29217,22.23401,24.885683,22.344791,20.841646,22.183197,16.17486,19.554907,13.906295,18.657438,14.97659,18.636173,21.14121,18.480362,15.567891,13.558167,12.53354,9.859804,11.0030575,9.224964
6,17.73441,14.740195,11.614858,9.196684,5.73156,7.0410724,0.0,6.4856853,7.651337,11.968813,13.756882,19.343748,16.359737,15.15384,10.946643,8.419289,6.921953,4.6104813,7.5836663,8.129538,12.674957,15.566956,17.924887,22.071243,22.5577,24.17803,24.438534,20.24717,17.175673,19.141718,14.47746,20.207354,16.329382,21.583466,21.189827,24.181055,26.09011,24.34815,21.653286,17.789835,19.911556,14.206153,16.702738,13.564946,17.016039,18.514105,18.14639,21.456684,21.176321,25.385595,23.92323,20.831545,25.429203,28.585571,27.033325,27.682993,23.823933,25.169237,22.523464,23.189047,20.940023,22.959366,22.193012,27.370842,26.480402,25.633509,29.23371,29.010853,29.358252,29.84923,27.638458,25.950525,19.562674,20.889769,16.667814,15.519769,14.960971,13.511279,17.124216,15.240794,18.929981,21.770107,18.443844,15.885716,12.190188,14.035885,9.079668,12.34222,10.811967,14.264938,14.857122,18.149212,17.309063,19.544922,16.605488,15.1108,15.561043,9.824099,12.791995,7.392083,13.082445,9.646187,14.334803,17.315735,15.882558,12.4149065,12.836962,9.160116,9.442337,9.534306,10.487927
7,21.096275,18.68995,14.469757,12.865092,10.462217,7.321965,6.4856853,0.0,5.020388,6.4445324,9.278975,14.453669,10.345112,9.894886,4.9141684,5.608235,5.848297,7.7437787,11.071229,13.470513,17.464327,20.854166,22.871023,27.151632,27.394232,28.617456,28.728432,23.875841,20.257748,21.178501,16.114536,20.1966,14.498655,18.98461,17.935143,20.299006,22.710562,21.238241,19.57006,15.871901,19.486555,14.292876,18.653803,16.344393,20.625189,23.427734,23.060942,27.008305,27.244883,31.128965,29.116947,26.14574,30.980621,33.845753,31.6287,32.227173,27.855495,29.402462,26.201643,25.69129,23.854118,24.643646,23.318321,28.410284,25.961475,25.71713,28.231386,27.057194,27.87939,27.215296,26.306986,24.958286,18.364233,21.051878,17.434258,17.549301,18.32088,17.902,21.951096,20.914337,24.745245,27.836977,24.316868,21.824528,17.744905,19.462074,13.749446,15.749418,12.540764,14.831828,14.20902,16.43866,15.476146,18.57789,16.870579,16.260674,17.610806,12.584497,17.106186,13.013088,19.317486,15.917411,20.729887,23.660044,21.90116,18.473412,17.310455,14.058302,12.535647,10.941055,9.805238
8,24.689072,21.777216,18.236572,15.649428,12.949304,10.850016,7.651337,5.020388,0.0,6.15707,6.1875234,11.951296,9.834447,8.398088,6.711392,3.5216186,6.9094954,7.1544356,11.680629,13.863521,17.922953,21.367554,22.507181,26.590216,26.14534,26.794258,26.118612,20.766247,16.874884,17.154932,11.92078,15.694311,9.842062,14.924033,13.814549,16.701063,18.665659,17.063036,14.867472,11.074551,14.565128,9.363644,14.279437,12.189907,17.05854,20.346418,20.273445,24.574266,25.720888,28.945156,26.336697,24.310883,29.161718,31.346819,28.917133,29.105026,24.65109,25.819891,22.280718,21.365414,19.477571,19.837656,18.413424,23.487562,21.005884,21.000927,23.668953,22.79142,23.907248,23.89057,22.905567,22.067566,15.338335,18.548677,15.380538,14.843649,16.448418,15.466454,20.162209,19.085835,23.175861,26.317076,22.373526,19.99748,15.604883,17.569393,11.379304,12.98349,9.7783375,11.520279,11.787103,13.328151,13.852455,17.22865,15.990425,16.08652,16.018486,12.332711,16.113363,12.7520275,18.689342,15.040261,20.050585,22.886137,21.373583,17.919847,16.725906,12.597425,11.817485,8.746072,9.013854
9,27.284237,25.061756,20.629238,19.307062,16.72892,13.604511,11.968813,6.4445324,6.15707,0.0,4.9995146,8.497243,5.853344,7.156753,5.884356,7.951818,10.952,12.737774,16.781244,19.208857,23.278032,26.739862,28.266544,32.446056,32.172485,32.86669,32.213024,26.755148,22.784433,22.579552,17.414993,19.853575,12.69557,16.604633,14.044879,16.100534,18.113949,16.421776,15.942542,12.7428465,16.918308,13.1003065,18.14784,17.279211,21.431484,25.827488,25.116377,29.79802,30.757902,34.008877,31.28846,28.519884,33.524025,35.86558,32.820602,33.372116,28.54174,30.445547,26.879528,25.094315,24.416466,23.85734,22.45109,27.313423,23.691603,24.708372,26.378643,24.678427,26.524649,25.442223,25.923874,25.510399,18.987808,23.033583,20.34282,20.502594,22.370209,21.623163,26.288496,25.072565,29.176989,32.18848,28.190071,25.507347,21.190731,22.312073,16.428055,16.801271,12.646987,13.249824,11.668566,12.33119,11.801918,15.563536,15.465227,16.150106,17.425385,14.329581,19.22653,16.886362,23.45785,20.39348,25.49035,28.47725,27.121868,23.62143,22.495811,18.621096,17.42589,14.46238,13.4597845
10,30.221033,27.508652,23.651127,21.31781,18.892235,15.763001,13.756882,9.278975,6.1875234,4.9995146,0.0,5.9408565,5.57834,4.8490763,7.633744,7.2696223,11.530086,12.9605465,17.15836,19.785093,23.541473,27.132809,27.82979,31.813715,30.972486,31.111057,29.971657,24.207918,20.13262,19.175129,14.328651,15.509698,8.069406,11.685129,9.152836,11.478233,13.571085,12.192372,11.368806,8.335345,13.255087,10.052847,16.011831,15.272781,20.190252,24.47316,24.413618,29.112936,30.87439,33.549644,30.386646,28.808023,33.691574,35.344097,32.343807,32.342403,27.623001,28.805822,24.893847,22.768541,21.569586,20.448864,18.60749,23.153801,19.05673,20.105247,21.45205,19.69683,21.712938,20.85474,21.503624,21.552017,15.207787,19.815079,17.84751,17.989538,20.679026,20.112352,24.985373,24.322958,28.442919,31.626116,27.496964,25.22331,20.776995,22.490772,16.387148,16.766268,13.013015,12.94732,12.442342,11.818563,13.326569,17.285255,17.65633,18.813892,18.776812,16.614868,20.656446,18.412004,24.37782,20.882261,25.88767,28.64591,27.142525,23.764948,21.97681,18.05908,16.816612,12.943155,12.372107
11,35.543938,33.071045,28.907307,26.998203,24.517536,21.220592,19.343748,14.453669,11.951296,8.497243,5.9408565,0.0,6.7594495,8.128421,12.200094,13.14553,17.2911,18.885141,23.084846,25.700459,29.478004,33.064114,33.667328,37.584087,36.55423,36.438133,34.923615,29.006147,24.937843,23.295073,18.892448,18.493416,11.129494,12.725367,8.4348755,9.476288,10.797311,9.381174,10.990412,9.681013,14.354067,13.438525,18.93188,19.432774,23.696205,28.882038,28.500566,33.5184,35.580738,37.86101,34.342743,32.780018,37.662163,38.989853,35.425903,35.454796,30.53928,32.03478,28.04763,24.958105,24.888521,22.644236,20.866571,24.766352,19.585184,21.925598,22.094639,19.70864,22.738354,21.262966,23.49072,24.378521,18.798798,24.002039,22.80025,23.104145,26.185234,25.526937,30.504124,29.72191,33.882446,36.938354,32.64046,30.256117,25.866756,27.043581,21.248327,20.601074,16.6445,15.317267,14.0160675,11.607662,13.520494,17.437374,19.231676,21.184902,21.30724,20.446966,24.602627,23.38876,29.448893,26.312996,31.363007,34.148243,32.886234,29.50619,27.828524,23.819147,22.681484,18.658834,17.943544
12,30.686707,28.43578,24.160744,22.439205,20.60701,16.182428,16.359737,10.345112,9.834447,5.853344,5.57834,6.7594495,0.0,3.8097138,6.553661,9.763965,12.882469,15.850603,19.260666,22.465876,25.92673,29.660599,30.68344,34.824047,34.312397,34.64872,34.05733,28.458794,24.454092,23.634619,18.998785,19.683308,12.5518265,14.346817,12.115964,12.828985,15.832863,15.230121,15.6198015,13.294712,18.518625,15.6058855,21.57014,20.633558,25.582226,29.610788,29.561375,34.131336,35.49365,38.538273,35.60973,33.61406,38.555386,40.53373,37.57185,37.736275,32.984867,34.29543,30.423088,28.335983,26.991001,25.874063,23.825752,28.109945,23.464949,24.313599,24.804953,22.246698,24.057194,21.821665,23.37038,23.185526,17.309986,21.9646,20.16018,21.358175,23.932594,24.235777,28.75532,28.57916,32.5725,35.912647,32.026245,29.791101,25.368927,27.173471,21.034441,21.706118,17.727129,17.846651,16.522581,15.869144,16.31212,20.26514,20.883707,21.875673,22.909365,20.096857,24.788498,22.089165,28.387438,24.80651,29.764442,32.555187,30.636637,27.279696,24.84106,21.700098,19.442858,16.076458,13.994586
13,29.906883,27.268682,23.49802,20.998571,19.37478,14.958283,15.15384,9.894886,8.398088,7.156753,4.8490763,8.128421,3.8097138,0.0,5.990856,7.339746,10.73345,13.643033,16.866676,20.247698,23.40464,27.205067,27.801748,31.842754,31.131708,31.283623,30.68905,25.107052,21.14955,20.281622,15.881662,16.404303,9.76694,11.524229,10.452027,11.496474,14.909785,14.665027,14.1062355,11.612447,17.00018,13.733668,19.992655,18.51092,24.022455,27.35713,27.860641,32.165276,33.765038,36.686134,33.75341,32.416252,37.230816,38.987164,36.377857,36.22213,31.708792,32.433617,28.485495,26.734262,24.528887,23.666891,21.347908,25.548527,21.150381,21.305643,21.984716,19.60881,20.933863,18.979872,19.910536,19.529005,13.533236,18.160276,16.473618,17.813004,20.611923,21.274181,25.692102,26.019054,29.909845,33.403862,29.623346,27.737885,23.315832,25.715405,19.47182,20.710442,17.184174,17.600264,17.111954,16.607407,17.77375,21.744118,21.9471,22.76376,23.130157,20.131943,24.30388,21.109228,26.949425,22.981445,27.764002,30.370626,28.19181,24.962135,21.975342,19.091064,16.569223,12.9588,10.867686
14,24.277536,21.939434,17.815498,15.944761,14.395987,9.637281,10.946643,4.9141684,6.711392,5.884356,7.633744,12.200094,6.553661,5.990856,0.0,5.6138964,6.9485865,10.567175,13.363557,16.65837,20.033787,23.719105,25.211931,29.47529,29.456223,30.315172,30.417078,25.306246,21.53675,21.804422,16.99987,19.585457,13.453237,16.636225,15.775826,17.360785,20.443354,19.618122,18.553015,15.301171,19.955105,15.397544,20.86263,18.723518,23.75678,26.61,26.729568,30.750254,31.444149,35.065228,32.756264,30.42426,35.261074,37.763893,35.452393,35.747223,31.309334,32.471485,28.920181,27.936352,25.72344,25.87892,24.00228,28.736967,25.337961,25.056532,26.663706,24.803555,25.619675,24.04446,23.933187,22.718895,16.399982,19.783554,16.86266,18.016232,19.618746,20.17271,24.225752,24.12625,27.913355,31.297054,27.797245,25.657013,21.416805,23.612343,17.578587,19.436522,15.96546,17.486353,16.695902,17.73621,17.425947,21.028543,20.216198,20.185385,21.433578,17.069494,21.62347,17.685175,23.794466,20.012968,24.738197,27.495338,25.274902,21.97394,19.502876,16.865244,14.22678,11.883447,9.351807
15,24.108192,21.043665,17.824825,14.650551,12.730064,9.504297,8.419289,5.608235,3.5216186,7.951818,7.2696223,13.14553,9.763965,7.339746,5.6138964,0.0,4.4860973,6.311764,9.982748,13.014789,16.486858,20.185112,21.053905,25.183033,24.743868,25.340387,25.059608,19.810514,15.988471,16.363827,11.496401,14.899001,9.743514,14.010726,13.990171,16.453669,19.10019,18.138205,15.811602,12.242476,16.246687,11.095401,16.40359,13.6483755,19.163317,21.41005,22.03944,25.886414,27.04385,30.3421,27.895056,26.405226,31.09112,33.204235,31.200197,31.123161,26.9483,27.515205,23.923752,23.35287,20.421078,21.012775,19.141483,23.955704,21.376465,20.558992,22.978895,21.894466,22.40047,22.027258,20.765694,19.504093,12.8404875,15.834639,12.618912,12.89688,14.661702,14.816504,19.156208,19.10648,22.9725,26.427904,22.804075,20.926817,16.605772,19.390696,13.230473,15.649653,12.948051,14.78882,15.274142,16.515306,17.260881,20.716871,19.467154,19.393528,19.336525,15.280908,18.773945,14.608231,20.02719,15.843291,20.522997,23.13019,20.955023,17.674139,15.189613,11.989758,9.877587,6.700705,5.7476306
16,20.071465,16.968021,14.031853,10.54016,9.365037,5.4864507,6.921953,5.848297,6.9094954,10.952,11.530086,17.2911,12.882469,10.73345,6.9485865,4.4860973,0.0,4.64445,6.4566646,10.019519,13.135788,16.877686,18.27209,22.548399,22.687553,23.818577,24.39523,19.834707,16.487328,17.826439,13.44418,17.666399,13.755756,17.69488,18.288147,20.553381,23.435608,22.602158,20.128923,16.553635,20.17084,14.691804,19.200333,15.754067,20.952642,21.996298,22.80953,25.99088,26.445621,30.26507,28.454329,26.671621,31.161514,33.72584,32.297108,32.346157,28.521187,28.959417,25.7342,25.975233,22.484793,23.92336,22.176767,26.957129,25.031803,23.502113,26.198124,25.279829,25.104681,24.67352,22.723429,20.712824,14.468499,16.095053,12.156059,12.806557,13.365237,14.240565,17.731817,18.071857,21.559017,25.082355,22.0073,20.35752,16.419456,19.545567,13.901255,17.251286,15.140902,17.73576,18.236607,20.208557,20.267029,23.397001,21.462887,20.690924,21.068167,15.980842,19.242811,14.028013,18.97626,14.643931,18.853273,21.342752,18.667406,15.543381,12.612981,10.588263,7.473284,6.4742427,4.4789557
17,19.694256,16.183847,13.974259,9.9987135,7.86488,7.5070014,4.6104813,7.7437787,7.1544356,12.737774,12.9605465,18.885141,15.850603,13.643033,10.567175,6.311764,4.64445,0.0,4.8252535,6.829788,10.771135,14.239199,15.5498495,19.737436,19.729189,20.926764,21.151024,16.677637,13.460371,15.371009,10.976411,16.545465,13.650329,18.480164,19.057373,21.948776,24.150414,22.902014,19.770054,16.063757,18.492132,12.740717,16.01822,12.16062,16.95101,17.516851,18.326683,21.359396,21.85475,25.622215,23.879961,22.242353,26.634804,29.155512,27.938976,27.951866,24.339716,24.67436,21.683718,22.468843,18.920626,21.007912,19.720814,24.647299,23.762861,22.171595,25.722319,25.57412,25.426739,26.063906,23.391409,21.514826,15.301157,16.29731,12.0661955,11.07078,10.926592,10.402085,14.212773,13.6956005,17.38721,20.771461,17.494587,15.725531,11.783254,15.077372,9.666759,13.578935,12.416168,15.465241,16.7435,19.230116,19.516888,22.19505,19.746231,18.749905,18.315866,13.424204,15.639947,10.271731,14.643317,10.160309,14.517179,17.085258,14.827916,11.504234,9.857901,6.426693,5.3886113,4.9896274,6.528037
18,16.89097,13.087316,12.130047,7.1103034,6.938256,6.9989195,7.5836663,11.071229,11.680629,16.781244,17.15836,23.084846,19.260666,16.866676,13.363557,9.982748,6.4566646,4.8252535,0.0,4.1752024,6.687419,10.435005,12.021924,16.344515,16.930046,18.637827,19.963617,16.513485,14.129631,16.824965,13.549372,19.0047,17.37066,21.502186,22.869331,25.46439,28.028902,27.131323,23.876978,20.331589,22.745672,17.097132,19.990984,15.695326,20.230492,19.13031,20.54792,22.519262,22.444859,26.513102,25.468803,24.127491,28.046556,30.752802,30.330534,30.235155,27.20948,27.014238,24.398975,25.944792,21.548267,24.281088,22.905025,27.48101,27.077826,24.626875,28.20249,28.148285,27.216091,27.770214,24.416878,21.833982,16.42065,15.933697,11.378372,10.998648,9.381756,10.4457245,12.58119,13.324229,16.175024,19.726923,17.393621,16.398853,13.313342,17.169128,12.903928,17.37299,16.847006,20.091536,21.423943,24.047892,24.149937,26.690819,23.936884,22.528929,22.288702,16.979698,18.608877,12.62923,15.453073,10.905869,13.907536,15.948648,12.695268,9.956267,6.686542,6.3770337,3.389267,6.724505,7.2686806
19,15.731112,11.729432,11.804841,7.0666275,6.4030194,9.629632,8.129538,13.470513,13.863521,19.208857,19.785093,25.700459,22.465876,20.247698,16.65837,13.014789,10.019519,6.829788,4.1752024,0.0,4.684156,7.5989423,9.894029,14.07941,15.009343,17.184376,18.557253,15.823128,14.055369,17.366138,14.483775,20.661083,19.628126,24.23186,25.414484,28.344925,30.469057,29.245768,25.715734,22.13744,23.646181,18.045296,19.59576,15.245896,18.690922,16.72836,17.982418,19.344473,18.731894,23.048338,22.506733,20.966043,24.588541,27.536331,27.544455,27.584026,24.960596,24.79167,22.709082,24.934685,20.729319,24.114927,23.272581,27.843071,28.338198,25.927046,30.072826,30.53669,29.65006,30.839842,27.096601,24.605791,19.396866,18.448797,13.956672,12.418121,9.703982,9.261074,10.680517,10.28006,12.898992,16.148045,14.05468,13.037467,10.657832,14.370093,11.409539,16.121273,16.553238,20.09334,21.75839,24.866272,24.794945,26.81361,23.568808,21.792704,21.218075,16.027456,16.541521,10.551185,11.896305,7.613015,9.91054,11.9542,8.95003,6.0819364,5.5258813,5.024208,5.6989284,9.297789,11.108161
20,15.812351,11.727709,13.55354,8.675477,9.892758,12.465,12.674957,17.464327,17.922953,23.278032,23.541473,29.478004,25.92673,23.40464,20.033787,16.486858,13.135788,10.771135,6.687419,4.684156,0.0,3.874085,6.014107,10.245952,11.790237,14.433722,16.944391,15.505364,14.755455,18.449879,16.743689,22.45745,22.6095,26.584124,28.482227,31.196566,33.540623,32.659424,28.949924,25.578413,27.07235,21.675495,23.135628,18.55762,22.00372,18.628754,20.662895,20.95711,20.186272,24.326868,24.317337,23.630102,26.613863,29.35658,30.134516,29.864445,27.879238,26.970001,25.1721,27.929192,22.890793,26.65976,25.668177,29.759691,30.689484,27.513811,31.631014,32.26344,30.688505,31.97327,27.605743,24.646126,20.418674,18.206427,13.960985,12.831973,9.080892,10.265392,9.393849,10.943261,12.144052,15.478561,14.635787,14.817454,13.460669,17.55941,15.450638,20.24753,21.030901,24.489756,26.334976,29.29187,29.424454,31.475348,28.212986,26.376326,25.673048,20.604172,20.654644,14.842548,14.64707,10.8456545,11.118431,11.99526,7.79875,6.748074,3.826451,7.690293,7.320591,11.741693,13.141801
21,15.661188,11.814763,14.902444,10.828907,12.200386,15.711884,15.566956,20.854166,21.367554,26.739862,27.132809,33.064114,29.660599,27.205067,23.719105,20.185112,16.877686,14.239199,10.435005,7.5989423,3.874085,0.0,4.7011337,7.9908247,10.511706,13.807389,16.838943,16.676739,16.74651,20.713999,19.552471,25.38181,26.017618,30.07734,31.994272,34.816242,36.99031,36.00548,32.15506,28.819752,29.838997,24.57777,25.252,20.755503,23.354588,19.065655,21.10308,20.441776,19.040735,23.231394,23.947618,23.356016,25.720572,28.583252,30.005718,29.777294,28.380766,27.304394,26.078075,29.401722,24.418388,28.618076,27.944277,31.83384,33.400608,30.106758,34.484867,35.42949,33.722492,35.33492,30.660194,27.661211,23.830042,21.177992,17.184837,15.702193,11.525944,12.10134,9.796771,10.982037,10.887676,13.608545,13.877714,14.593567,14.412156,18.119623,17.315647,22.006212,23.363863,26.907501,28.893435,32.08666,32.09016,33.81036,30.26996,28.186487,27.356197,22.469038,21.748705,16.320593,14.550728,11.755118,10.267697,10.258758,6.047304,6.7594185,6.530963,10.3253145,11.039135,15.353945,17.001577
22,20.226995,16.35815,19.143946,14.559198,15.677942,18.362452,17.924887,22.871023,22.507181,28.266544,27.82979,33.667328,30.68344,27.801748,25.211931,21.053905,18.27209,15.5498495,12.021924,9.894029,6.014107,4.7011337,0.0,4.3299723,6.0356216,9.210565,12.652705,13.269326,14.171195,18.16933,18.166733,23.398191,25.360498,28.891903,31.405434,34.14787,36.227737,35.52624,31.406551,28.414686,29.168032,24.345753,24.933336,20.325907,23.260561,18.10042,21.115108,20.055498,19.634447,22.981358,23.407032,24.313684,26.381563,28.427267,30.149422,29.31857,28.295273,26.296177,25.001852,28.514738,22.692738,27.013315,26.17345,29.498886,31.514194,27.651924,32.05432,33.342068,31.204838,33.28431,28.086458,25.064024,22.091526,18.669191,15.273834,13.522464,9.124547,10.482068,6.6663656,10.092495,9.273635,12.453489,13.049057,14.824059,14.789363,19.163137,18.336357,23.008812,24.637154,27.868696,30.289595,33.031685,33.733776,35.636112,32.37958,30.648043,29.159828,24.866505,23.827791,18.727877,16.597368,13.450814,11.750432,11.030659,6.600006,8.083599,5.8728404,10.5541,11.25363,15.179564,17.253508
23,23.11313,19.505383,22.864534,18.568937,19.764492,22.661425,22.071243,27.151632,26.590216,32.446056,31.813715,37.584087,34.824047,31.842754,29.47529,25.183033,22.548399,19.737436,16.344515,14.07941,10.245952,7.9908247,4.3299723,0.0,3.8436494,7.522402,11.755126,14.301348,16.26716,20.205288,21.1122,25.961143,28.768517,32.060833,34.821625,37.56163,39.48349,38.850334,34.565903,31.781267,32.1001,27.633047,27.642834,23.176357,25.549715,19.465448,22.814764,20.768766,20.319181,23.083475,24.023369,25.754608,27.063337,28.719322,31.151646,30.059933,29.770235,27.203186,26.411606,30.391695,24.367588,28.95936,28.303877,31.09649,33.793476,29.626377,34.133316,35.793682,33.356487,35.84567,30.255985,27.239616,25.066929,21.097118,18.315792,16.421701,12.169849,13.287905,8.416866,11.950719,9.5681925,11.837107,13.812722,16.45482,17.368309,21.49416,21.567759,26.041693,28.111404,31.243055,33.8913,36.59825,37.471684,39.213604,35.894955,34.136692,32.339977,28.420887,26.790813,22.151497,18.979624,16.541973,13.765879,12.053136,8.516093,11.139008,10.022344,14.331307,15.390132,19.074041,21.291662
24,26.107662,22.3034,25.096382,20.444544,21.187386,23.70266,22.5577,27.394232,26.14534,32.172485,30.972486,36.55423,34.312397,31.131708,29.456223,24.743868,22.687553,19.729189,16.930046,15.009343,11.790237,10.511706,6.0356216,3.8436494,0.0,3.730301,7.9939265,11.092874,13.65017,17.389437,19.075785,23.41516,27.040075,30.034662,33.028446,35.75498,37.465187,36.95463,32.534798,30.040617,30.06338,26.040224,25.916822,21.550217,24.090862,17.765694,21.68044,19.69962,20.21608,22.278955,22.683691,25.405388,26.712654,27.7088,30.061188,28.547695,28.356728,25.231783,24.287453,28.227842,21.786684,26.326645,25.606977,27.987532,30.98988,26.61204,31.159864,33.103973,30.568892,33.487663,27.692411,24.903864,23.165705,19.045015,16.79968,14.491865,10.650146,11.708969,6.5619473,11.093704,8.823321,11.421683,12.928286,15.968151,16.709454,21.124533,21.036642,25.317692,27.509052,30.33118,33.25232,35.59204,36.970654,38.809643,35.763397,34.322216,32.05165,28.659353,26.89817,22.59484,19.5496,16.837103,14.477031,12.826155,9.681529,11.878715,10.251465,13.95145,15.241205,18.263668,20.880157
25,29.427958,25.527857,27.93309,23.058699,23.54708,25.582813,24.17803,28.617456,26.794258,32.86669,31.111057,36.438133,34.64872,31.283623,30.315172,25.340387,23.818577,20.926764,18.637827,17.184376,14.433722,13.807389,9.210565,7.522402,3.730301,0.0,5.0001187,9.111622,12.372451,15.625416,18.272581,21.767887,26.309156,28.811941,32.11425,34.735363,36.270798,35.96387,31.457613,29.32811,29.11762,25.635912,25.48483,21.307705,24.047169,17.674513,22.063244,20.191784,21.592127,22.9128,22.800957,26.458721,27.710089,28.029758,30.30184,28.362103,28.300575,24.604053,23.50237,27.307266,20.4468,24.799849,23.948956,25.7428,29.028547,24.347698,28.812773,31.03573,28.29468,31.619408,25.600471,23.03648,22.022413,17.687199,16.244165,13.784899,10.762989,11.958621,7.3373103,12.292373,10.381054,12.909384,13.952362,17.190388,17.707548,22.255106,21.949432,25.963598,28.177855,30.651567,33.78099,35.705715,37.573772,39.52917,36.78476,35.653954,33.00551,30.096136,28.30544,24.327347,21.522203,18.637672,16.735027,15.203488,12.492854,14.241254,12.100371,15.171426,16.383596,18.671703,21.462864
26,32.28963,28.281845,30.05019,25.154411,24.901836,26.933441,24.438534,28.728432,26.118612,32.213024,29.971657,34.923615,34.05733,30.68905,30.417078,25.059608,24.39523,21.151024,19.963617,18.557253,16.944391,16.838943,12.652705,11.755126,7.9939265,5.0001187,0.0,5.999012,10.000728,12.642847,16.109472,19.103487,24.352396,26.82427,29.97906,32.744865,33.736534,33.332306,28.701416,26.937244,25.988804,23.251202,22.441973,18.738245,21.116354,14.747197,19.49605,17.815233,20.33588,20.730722,19.87898,24.543322,25.747936,25.28661,27.313805,24.957142,25.028242,20.805992,19.639105,23.39152,16.414955,20.723557,20.102009,21.415516,25.363842,20.846579,25.6164,28.338,25.93565,29.96082,24.028137,22.164494,21.139362,17.451582,16.517582,13.217828,11.342759,11.067415,7.9377723,11.665161,10.427309,12.679834,12.723655,15.960708,16.398561,20.720734,20.596693,24.005926,26.48948,28.496105,31.92521,33.478382,35.843277,37.691666,35.250042,34.480232,31.24457,29.23166,27.105665,23.947922,21.188744,18.479614,17.064993,15.780449,14.090648,15.246354,13.952143,15.306215,17.306906,18.541475,21.935501
27,30.99064,26.890297,27.613935,22.639977,21.82254,23.170803,20.24717,23.875841,20.766247,26.755148,24.207918,29.006147,28.458794,25.107052,25.306246,19.810514,19.834707,16.677637,16.513485,15.823128,15.505364,16.676739,13.269326,14.301348,11.092874,9.111622,5.999012,0.0,4.083046,6.8299437,10.157981,13.370742,18.375101,21.05671,24.019783,26.876516,27.848633,27.387712,22.775806,20.95729,20.276321,17.458117,17.358484,13.536481,17.079464,12.2847185,16.861681,16.927309,19.983994,20.812265,18.856045,22.796738,25.047922,24.820438,25.636019,23.46581,22.3733,18.74898,16.476088,19.320763,12.057269,15.938388,14.855406,16.952345,20.074541,15.803884,20.740038,23.190058,21.30049,25.175962,19.697107,18.17048,16.071653,13.432078,12.27553,8.31442,7.887085,6.9966106,7.060681,10.152923,11.254365,14.379596,12.394926,14.378372,13.25551,17.885567,16.361586,19.625027,21.578094,23.334911,26.704561,27.934818,30.537046,32.654972,30.573328,30.14438,26.93552,25.038494,23.59316,20.432959,19.191523,15.737944,16.045986,15.912391,14.088109,13.779402,11.867923,11.58275,13.4872875,13.580209,17.25747
28,29.70799,25.637106,25.609262,20.708454,19.513945,20.319452,17.175673,20.257748,16.874884,22.784433,20.13262,24.937843,24.454092,21.14955,21.53675,15.988471,16.487328,13.460371,14.129631,14.055369,14.755455,16.74651,14.171195,16.26716,13.65017,12.372451,10.000728,4.083046,0.0,4.1234603,6.1273665,10.210728,14.415912,17.51357,20.2081,23.174097,24.254787,23.691395,19.13886,17.07946,16.872562,13.6496315,14.441949,10.402676,15.064616,11.974874,15.93147,17.282288,20.306442,21.62062,19.166676,22.135885,25.114548,25.26627,25.246885,23.408705,21.424694,18.597372,15.6193075,17.611994,10.646258,13.9298525,12.436505,15.497253,17.53155,13.723979,18.62027,20.607445,19.233644,22.686316,17.774263,16.431143,13.10399,11.628857,9.961971,5.6048837,6.678764,5.3484235,8.217116,10.284792,12.752068,16.166073,13.225268,14.100963,11.760369,16.43901,13.672755,16.887651,18.26293,19.931936,23.14785,24.23854,26.871466,29.214575,27.343733,27.1016,24.089191,22.090704,21.314056,18.043486,18.106121,14.170947,15.784035,16.464996,14.567798,13.252504,11.01457,9.363762,11.000961,10.100512,13.961944
29,33.05409,29.030848,28.502787,23.691416,22.27449,22.34969,19.141718,21.178501,17.154932,22.579552,19.175129,23.295073,23.634619,20.281622,21.804422,16.363827,17.826439,15.371009,16.824965,17.366138,18.449879,20.713999,18.16933,20.205288,17.389437,15.625416,12.642847,6.8299437,4.1234603,0.0,5.301128,6.6277623,12.28615,14.59123,17.516502,20.339428,21.097721,20.793365,16.207062,14.800959,14.431786,12.35058,13.652364,10.519403,15.538557,13.866096,17.555777,19.533424,23.13668,23.907856,20.827099,24.13567,27.230263,26.864592,26.295298,24.221764,21.9782,19.057665,15.588412,16.530914,9.607498,11.551115,9.361434,12.00175,13.656049,9.602099,14.560467,16.784252,15.647182,19.567085,14.92654,14.413741,11.463649,11.068426,10.719432,7.1957545,10.01775,9.16375,12.309662,14.01554,16.593372,19.76066,16.570929,17.143763,14.494134,18.652605,15.416363,17.781904,18.719698,19.641216,22.867483,23.168268,26.4399,28.970093,27.70843,27.97398,24.748724,23.44864,23.013113,20.337395,21.107332,17.280214,19.40913,20.260157,18.618288,17.101305,14.710285,12.594327,13.639634,11.473766,14.961469
30,29.86219,26.005598,24.703072,20.256927,18.348192,18.148611,14.47746,16.114536,11.92078,17.414993,14.328651,18.892448,18.998785,15.881662,16.99987,11.496401,13.44418,10.976411,13.549372,14.483775,16.743689,19.552471,18.166733,21.1122,19.075785,18.272581,16.109472,10.157981,6.1273665,5.301128,0.0,6.7244444,8.52163,12.601977,14.473309,17.716322,18.745733,17.915655,13.488603,11.062568,11.648744,7.9310155,10.694258,7.0815215,13.267731,13.54463,16.069214,19.18183,22.191387,23.812517,20.673874,22.314539,26.151106,26.60795,25.30746,23.93656,20.748081,19.205439,15.40518,15.644433,10.235313,11.672817,9.611007,13.991594,13.973109,11.63433,16.072584,17.249737,17.109503,19.841145,16.374098,15.776493,10.652791,11.978141,10.150248,6.9713216,9.8794365,8.322354,13.031444,13.441757,16.997477,20.30819,16.485157,15.880027,12.192323,16.056063,11.5031805,13.893942,14.037745,15.174807,18.095732,18.676441,21.570559,24.280254,22.987726,23.254244,20.490932,18.769262,19.151417,16.281185,18.482811,14.407865,17.750383,19.392384,17.818657,15.421446,13.440568,9.871794,10.8224745,7.638072,11.337839
31,35.774708,31.951252,30.43318,25.944086,24.304457,22.95227,20.207354,20.1966,15.694311,19.853575,15.509698,18.493416,19.683308,16.404303,19.585457,14.899001,17.666399,16.545465,19.0047,20.661083,22.45745,25.38181,23.398191,25.961143,23.41516,21.767887,19.103487,13.370742,10.210728,6.6277623,6.7244444,0.0,7.5707097,8.261408,11.539501,14.004783,14.796674,15.048857,10.779583,10.225878,11.193584,10.422914,13.966293,12.196403,17.85783,18.723366,21.418896,24.528196,28.161036,29.031021,25.439999,27.954231,31.595493,31.267092,29.693037,27.855742,24.778942,22.725754,18.68209,17.697548,12.592017,11.744722,8.39604,10.975056,9.134121,5.866867,9.451634,10.707382,10.651249,14.087909,11.05321,11.90805,8.41673,11.082138,11.836222,10.346029,14.446821,14.31326,18.214272,19.582642,22.691246,25.928816,22.336632,22.12213,18.684862,22.223063,17.749363,19.189873,18.75564,18.742561,21.373598,20.500217,24.326294,27.36114,27.062532,27.992847,25.149687,24.227236,25.001654,22.656593,25.0996,21.127932,24.326248,25.730673,24.006252,21.885237,18.971529,16.298014,16.10719,12.422933,14.672172
32,33.182995,29.780682,27.099098,23.446627,21.29327,19.092403,16.329382,14.498655,9.842062,12.69557,8.069406,11.129494,12.5518265,9.76694,13.453237,9.743514,13.755756,13.650329,17.37066,19.628126,22.6095,26.017618,25.360498,28.768517,27.040075,26.309156,24.352396,18.375101,14.415912,12.28615,8.52163,7.5707097,0.0,5.947486,6.154796,9.517179,10.977835,10.3736515,6.9103937,4.427157,8.826138,6.6491547,12.759204,11.673917,17.5023,20.649431,21.870165,26.092655,28.961908,30.696903,27.116282,27.608683,32.00746,32.600266,30.110851,29.167196,25.049028,24.727098,20.524506,18.562284,15.768211,14.337461,11.709658,15.787346,11.916436,12.081791,13.961226,13.124261,14.81325,15.688841,15.13993,15.763836,9.962442,14.587494,13.780909,13.17065,16.850775,16.319273,21.133852,21.307547,25.158401,28.43115,24.347858,22.948774,18.736479,21.415117,15.761798,16.554361,14.45663,14.149191,15.720994,14.589327,18.006943,21.505709,21.650751,22.853125,20.982447,19.758154,22.009424,19.802216,24.12518,20.24332,24.598768,26.788736,25.204544,22.293695,19.9073,16.200766,15.503674,11.025436,12.161132
33,37.617943,34.21418,31.626772,27.796432,26.152071,23.125315,21.583466,18.98461,14.924033,16.604633,11.685129,12.725367,14.346817,11.524229,16.636225,14.010726,17.69488,18.480164,21.502186,24.23186,26.584124,30.07734,28.891903,32.060833,30.034662,28.811941,26.82427,21.05671,17.51357,14.59123,12.601977,8.261408,5.947486,0.0,5.1542287,6.156499,8.556488,10.046636,7.9434977,8.289883,12.361034,12.234098,17.828928,17.017857,22.769379,25.427763,27.153326,31.088448,34.268074,35.682358,31.985851,33.178,37.393932,37.567204,35.18185,33.8823,30.01565,29.1284,24.876368,22.64305,19.471888,17.327892,14.153034,16.588074,11.305284,11.141864,10.550342,8.213819,10.185913,10.074522,11.134317,12.827656,8.900172,14.205134,15.131175,15.678075,19.916119,20.479153,24.761604,25.939138,29.467916,32.887535,29.068869,28.144537,24.096123,27.090277,21.569195,22.401134,20.317022,19.651825,20.936558,18.983027,22.6764,26.312384,27.012558,28.450754,26.684452,25.60197,27.951426,25.62,29.765396,25.6829,29.76546,31.706703,29.728903,27.077122,23.68787,20.887247,19.366255,15.031169,15.183685
34,38.05696,34.907394,31.716402,28.515244,26.335855,23.434103,21.189827,17.935143,13.814549,14.044879,9.152836,8.4348755,12.115964,10.452027,15.775826,13.990171,18.288147,19.057373,22.869331,25.414484,28.482227,31.994272,31.405434,34.821625,33.028446,32.11425,29.97906,24.019783,20.2081,17.516502,14.473309,11.539501,6.154796,5.1542287,0.0,3.8816717,5.1870418,5.5135,4.9365706,5.6076307,10.324195,10.966065,16.608244,16.871204,21.930094,26.030333,26.850489,31.39568,34.432392,35.90471,32.02887,32.387226,36.849754,37.205536,34.158882,33.269882,28.926773,28.96286,24.703539,21.682278,20.197428,17.42255,14.854438,17.823725,12.047623,14.032573,13.668029,11.42682,14.672305,14.289923,16.234375,17.94166,13.374992,18.724102,18.810677,18.88716,22.786253,22.455824,27.231113,27.376747,31.245327,34.433304,30.253277,28.696947,24.48493,26.614168,21.032309,20.903013,18.19054,16.823612,17.477058,14.840293,18.632788,22.277075,23.599499,25.463745,23.953081,23.532755,26.321299,24.81308,29.622936,25.998487,30.526402,32.809372,31.32773,28.354015,25.90219,22.265823,21.259998,16.773502,16.968208
35,40.50648,37.45438,34.161064,31.021412,29.110891,25.617329,24.181055,20.299006,16.701063,16.100534,11.478233,9.476288,12.828985,11.496474,17.360785,16.453669,20.553381,21.948776,25.46439,28.344925,31.196566,34.816242,34.14787,37.56163,35.75498,34.735363,32.744865,26.876516,23.174097,20.339428,17.716322,14.004783,9.517179,6.156499,3.8816717,0.0,4.5103927,6.8558154,8.12706,9.477208,13.919961,14.831927,20.459414,20.675196,25.800383,29.74906,30.70337,35.181858,38.221478,39.70864,35.832767,36.26178,40.72566,41.04084,37.99281,37.04993,32.741913,32.67829,28.408426,25.300983,23.70891,20.76579,18.04465,20.35216,14.080748,15.931411,14.206529,10.924235,14.326165,12.625628,16.032328,18.076725,14.457941,19.964108,20.620052,21.357983,25.412397,25.641615,30.227818,30.802048,34.588142,37.89302,33.81884,32.383293,28.154871,30.42247,24.745134,24.720007,21.849316,20.452068,20.747925,17.852404,21.415665,25.130457,26.757092,28.697163,27.504768,26.95101,30.011608,28.32556,33.276196,29.51439,34.030514,36.281494,34.551407,31.617035,28.656374,25.425543,23.887249,19.470457,19.005728
