,0,1,2,3,4,5,6,7,8,9,10,11,12,13,14,15,16,17,18,19,20,21,22,23,24,25,26,27,28,29,30,31,32,33,34,35,36,37,38,39,40,41,42,43,44,45,46,47,48,49,50,51,52,53,54,55,56,57,58,59,60,61,62,63,64,65,66,67,68,69,70,71,72,73,74,75,76,77,78,79,80,81,82,83,84,85,86,87,88,89,90,91,92,93,94,95,96,97,98,99,100,101,102,103,104,105,106,107,108,109,110,111
0,0.0,4.362091,6.6006904,9.948538,12.1497135,15.150076,17.558952,21.241716,24.847425,27.757263,30.56295,35.80411,32.03791,30.877604,25.421284,25.023174,21.126905,20.968254,18.305239,17.528908,17.515251,16.828062,21.635704,23.115728,26.290478,29.469707,32.45925,31.757782,30.43737,33.86631,30.697289,37.059788,34.47193,40.068485,38.650246,41.276997,43.132397,41.429947,40.454308,36.92728,38.792706,33.011696,35.031796,30.800875,33.71293,31.846285,31.824131,32.127876,28.600407,33.944603,35.420017,30.214428,33.331142,38.306725,38.64497,40.46656,37.609116,39.86101,38.31067,41.853474,38.45274,42.130344,40.873898,45.603348,44.347904,43.231213,46.015533,45.492897,44.95633,42.948845,40.871593,37.39203,35.18334,34.288544,30.887535,30.71668,28.571722,27.143255,27.356644,24.858223,25.87909,26.396421,26.159225,24.319801,24.21399,24.910608,24.60023,27.780706,28.110094,31.868952,32.00927,36.181637,36.04212,33.281963,30.643663,27.58519,25.244205,27.882431,21.59289,23.75946,18.991219,19.97106,19.899641,19.760906,21.124123,19.950884,19.43363,22.030336,22.325481,22.685911,26.004213,25.85497
1,4.362091,0.0,5.3281937,6.7516356,8.611208,12.690282,14.020596,18.502975,21.56143,25.112957,27.547544,33.01387,29.578638,28.18352,23.064266,21.916302,18.19439,17.352543,14.809814,13.510678,13.82571,13.12004,17.918835,19.602055,22.517567,25.570967,28.35501,27.453468,26.144182,29.580723,26.552736,32.91956,30.67759,36.29378,35.09931,37.87117,39.689224,37.99998,36.702892,33.173557,34.754795,28.99921,30.77958,26.525719,29.384893,27.53086,27.545189,27.992823,24.692673,30.035078,31.301527,26.285053,29.638025,34.470184,34.76532,36.443142,33.537018,35.62851,34.023174,37.61098,34.12264,37.84444,36.66739,41.404186,40.369118,39.22062,42.203903,41.900673,41.37266,39.698708,37.273922,34.015182,31.377035,30.809418,27.155752,27.232307,24.956055,23.127922,23.608784,20.743454,21.949638,22.578419,22.004284,20.032412,19.855625,20.625214,20.379156,23.695293,24.263742,28.097757,28.554873,32.74183,32.89712,30.333334,27.836313,24.664896,22.052471,24.42271,18.03695,19.85409,14.868123,15.743142,15.540351,15.587025,17.190666,16.161493,15.366214,18.534756,18.364412,19.27506,22.490597,22.84106
2,6.6006904,5.3281937,0.0,5.2897897,6.710054,8.924282,11.746261,14.716277,18.587938,21.193323,24.111856,29.249758,25.505667,24.504484,18.965553,18.866814,15.198529,15.45685,13.693381,13.712764,15.102285,15.722692,20.41222,22.946457,25.635542,28.49858,30.792341,28.919796,26.912935,29.891487,26.290358,32.333153,28.950544,34.661373,32.795074,35.425484,37.062836,35.243645,34.584084,31.063574,33.42875,27.635864,30.452204,26.35497,30.059366,29.250084,29.21947,30.548399,27.853989,33.101162,33.692654,28.633907,32.633137,37.292885,36.964695,38.56752,35.06227,37.18464,35.034805,38.028435,34.362686,37.713528,36.028774,40.655838,38.866985,37.780533,40.182625,39.382103,38.90482,36.6743,35.00028,31.48438,29.777103,29.01408,25.980564,26.278479,24.660862,23.394508,24.691402,22.24774,24.265087,25.624756,24.361452,22.118044,20.828764,22.012728,20.205048,23.469116,23.083057,26.823269,26.668661,30.727951,30.446985,28.146564,25.808187,22.968372,20.878614,24.025513,17.600689,20.674995,15.189306,18.06641,16.724419,18.188267,20.224056,18.502235,16.949013,19.111422,18.12692,18.101639,20.788729,20.30451
3,9.948538,6.7516356,5.2897897,0.0,3.8662198,6.4161186,8.973013,12.769199,15.676307,19.484892,21.438385,27.143612,23.326178,21.656174,16.75617,15.38422,11.484328,11.084563,8.605565,8.594014,10.025913,11.274346,15.7160425,18.756504,21.316004,24.10731,26.285925,24.306581,22.127092,25.159397,21.433527,27.652153,24.619461,30.169874,28.753218,31.36361,33.32455,31.790844,30.848274,27.41888,29.438171,23.796593,26.522114,22.169188,26.244848,24.998245,25.562922,26.870308,24.709969,29.84319,30.243303,26.061417,30.21253,34.46517,34.400284,35.58367,32.20988,33.691307,31.445036,34.61995,30.295145,33.79228,32.148987,36.613354,35.394646,33.790764,36.50854,36.11752,35.24972,33.320705,30.998672,27.500595,25.313524,24.40142,21.09899,21.233591,19.437088,18.213806,19.449371,17.267778,19.474878,21.276533,19.905067,18.012115,16.5559,18.622309,16.611359,20.597767,20.579805,24.5182,24.971209,28.96243,29.199728,27.539248,25.599607,22.70388,20.251461,22.9059,16.430773,18.699572,12.550548,14.896069,12.585556,14.076761,16.063412,13.780636,12.02179,13.873803,13.005366,13.0860815,16.098566,16.130033
4,12.1497135,8.611208,6.710054,3.8662198,0.0,5.97825,5.527473,10.273862,12.955079,16.85167,19.017176,24.565836,21.484272,20.077272,15.306284,13.689872,10.595952,9.433595,8.718569,8.207031,11.168194,12.473042,16.48287,19.554821,21.483452,23.88653,25.515015,22.891857,20.624628,23.392374,19.857727,25.78275,22.703615,28.520962,26.901777,29.803263,31.315441,29.480965,28.337559,24.788803,26.835215,21.03395,23.77183,19.673279,23.643927,23.308199,23.348738,25.282309,23.371305,28.368425,28.316313,23.778032,28.302538,32.506794,31.91925,33.1931,29.457872,31.23465,28.802563,31.661009,27.743868,31.053295,29.34732,33.965073,32.3831,31.233181,33.877483,33.3786,32.92395,31.213383,29.027767,25.888496,23.55754,23.448643,20.094954,21.04521,19.437769,17.546366,19.778948,16.848038,19.546137,21.359907,19.202465,16.665697,14.620381,16.205748,13.656464,17.251854,16.972303,20.862232,21.196346,25.231415,25.449142,23.696466,21.766266,18.874094,16.445219,19.216017,12.786151,15.538778,9.420326,13.217384,10.838875,13.597995,16.154573,14.542342,12.077172,14.807947,12.237027,13.120454,15.20524,15.601662
5,15.150076,12.690282,8.924282,6.4161186,5.97825,0.0,6.992402,7.32416,10.995399,13.834393,15.951423,21.43925,17.147621,15.735601,10.467493,10.203549,6.462623,8.173018,7.849905,10.129512,12.908411,15.533234,19.082865,22.853039,24.8546,27.183615,28.561117,25.367754,22.332027,24.523714,20.154634,25.617262,21.079185,26.616598,24.366526,26.771748,28.52885,26.907787,26.780128,23.45757,26.461905,21.009493,25.121754,21.149538,26.297918,26.417337,27.021374,29.373281,28.156826,32.926636,32.43731,28.602528,33.378635,37.192783,36.442562,37.380894,33.406208,34.68877,31.785933,34.124825,29.495173,32.411,30.121384,34.272694,32.226368,30.555761,32.525253,31.597782,30.672594,28.102703,26.635214,22.837074,21.916788,20.78578,18.477238,19.058933,18.377806,18.00103,20.445078,18.988132,22.115173,24.719418,22.52442,20.492292,17.687223,20.300835,16.299631,20.1115,18.880203,22.534668,22.389652,26.004597,25.889103,25.01392,23.605192,21.302984,19.550375,22.777582,16.841608,20.105316,13.954094,18.186085,14.664031,17.704498,19.974527,17.223574,14.705472,14.942531,12.671715,11.284198,12.964886,11.76433
6,17.558952,14.020596,11.746261,8.973013,5.527473,6.992402,0.0,6.4284472,7.860509,12.269929,14.13417,19.616571,17.406939,16.131083,12.14363,9.829713,8.446784,6.4192114,8.789519,8.706997,13.005825,14.976037,17.85812,21.27028,22.29708,24.02769,24.684172,20.89182,18.119837,20.149113,16.579327,21.793657,18.25593,24.254066,22.313883,25.457949,26.495792,24.4128,23.186487,19.578918,21.886812,16.04484,19.39448,15.708538,20.21784,21.344164,21.135807,24.140955,23.222103,27.70056,26.715698,22.535967,27.636011,31.30877,30.027416,31.06343,26.801128,28.459415,25.506613,27.68707,23.787996,26.670862,24.626484,29.201199,27.12525,26.229013,28.64011,28.006952,27.83444,26.313942,24.299507,21.547857,19.293518,20.046104,16.965385,18.944149,17.943577,15.754495,19.382536,16.298285,19.787664,22.053602,18.878342,15.9709635,12.651167,14.34721,9.972867,13.268174,12.1637945,15.96195,16.206411,20.08457,20.41337,19.2789,17.866793,15.313055,13.161986,15.989458,10.283871,13.506554,7.774285,13.408668,10.128556,14.5543785,17.454777,16.086697,12.883673,15.34893,10.746544,12.012069,12.403254,13.150611
7,21.241716,18.502975,14.716277,12.769199,10.273862,7.32416,6.4284472,0.0,5.0208454,6.718759,9.509924,14.583538,11.539217,10.969523,6.3050504,6.555866,6.698262,7.949905,11.371651,13.312062,17.329168,20.103031,22.72953,26.590069,27.611902,29.192467,29.474857,25.034729,21.60599,22.73379,18.567636,22.662674,17.217329,22.930008,19.830395,22.549051,23.327194,21.129515,21.259832,17.896809,21.647701,16.368383,21.399473,18.381422,23.799175,25.908876,25.91091,29.4672,29.147234,33.32463,31.8184,28.069977,33.379276,36.695618,34.97309,35.796318,31.177187,32.58667,29.13723,30.39677,26.25306,28.380753,25.609028,29.629868,26.49886,25.498335,26.781961,25.312256,25.040068,22.44963,21.83581,18.603874,18.389074,18.587372,17.04403,19.127747,19.361254,18.549913,22.585249,20.710209,24.534498,27.351978,24.072598,21.489597,17.601286,19.758831,14.22361,16.872597,14.302705,17.304789,16.482908,19.6503,19.263521,19.134935,18.393425,16.830563,15.912489,19.343954,14.80133,18.73931,13.790925,19.642498,15.898923,20.396793,23.108252,21.026783,17.835686,18.397999,13.922172,13.170228,12.221567,11.139767
8,24.847425,21.56143,18.587938,15.676307,12.955079,10.995399,7.860509,5.0208454,0.0,6.160465,6.3590765,12.130044,10.492569,9.258926,7.5531235,4.6998677,7.556031,6.9934998,11.7433195,13.262028,17.488358,20.360703,21.993706,25.873472,26.20067,27.231468,26.82299,21.790144,18.144833,18.625422,14.640084,18.001661,12.555554,18.382221,15.440705,18.529652,19.09742,16.85365,16.420816,12.97756,16.632366,11.466602,16.89598,14.2538,20.020311,22.794647,22.933146,26.942738,27.454315,31.08891,29.01914,26.116375,31.54394,34.251484,32.36501,32.798767,28.12989,29.043522,25.340332,26.25466,21.818756,23.69881,20.774681,24.657984,21.66051,20.49087,21.974873,20.840038,20.540388,18.590166,17.337595,14.638874,13.828233,15.030858,13.49962,16.4623,17.000048,15.849492,20.624483,18.758163,22.84985,25.869429,22.110231,19.644882,15.283034,17.707172,11.523526,13.973261,11.279771,14.005864,13.792265,16.569693,16.87088,17.722727,17.681719,16.389906,15.422248,18.00856,14.539615,17.543331,13.379642,18.912699,14.821844,19.686478,22.347757,20.544123,17.179007,17.660757,12.24368,12.203445,9.777205,9.884453
9,27.757263,25.112957,21.193323,19.484892,16.85167,13.834393,12.269929,6.718759,6.160465,0.0,4.977447,8.140688,6.847642,8.088432,6.595707,8.319682,11.308416,12.6208105,16.90299,18.929176,23.049173,25.991013,27.959427,31.879627,32.333546,33.382214,32.876144,27.665882,23.992819,23.992666,20.153461,22.39043,16.0111,21.071487,16.970648,19.510778,19.207144,16.542414,17.659012,14.73669,19.51523,15.321731,21.226936,19.487295,24.967737,28.561762,28.321693,32.641872,33.125595,36.688713,34.400932,31.120392,36.635887,39.365692,36.94498,37.53158,32.53973,33.79617,29.920319,29.988245,26.240067,27.340845,24.028603,27.439625,23.107544,22.623566,22.684378,20.364088,20.624557,17.588009,18.55586,15.935233,17.353756,18.343983,18.213291,21.055319,22.257673,21.744675,26.469015,24.900442,28.989109,32.008144,28.240755,25.63775,21.275461,23.194033,17.00942,18.360714,14.716261,16.358646,14.669055,16.614408,15.732169,17.056183,17.420038,17.108059,17.358309,20.591713,17.945175,21.894167,18.316725,24.453917,20.693743,25.600811,28.334715,26.438292,23.115826,23.22627,18.214117,17.328485,14.725476,13.386028
10,30.56295,27.547544,24.111856,21.438385,19.017176,15.951423,14.13417,9.509924,6.3590765,4.977447,0.0,6.2390876,5.539339,5.3117437,7.6495347,7.165253,11.451435,12.30158,16.808397,18.951921,22.845133,26.032703,27.183828,31.209267,31.273888,31.962019,31.021345,25.52958,21.618025,20.993887,17.151405,18.459719,11.597494,16.25226,12.008146,14.569984,14.386627,11.935886,13.21032,10.547969,15.635792,12.260287,18.657986,17.241924,23.162842,26.809206,27.10796,31.517143,32.717644,35.84837,33.22811,31.025465,36.497974,38.646084,36.383835,36.482815,31.671017,32.150555,28.108759,27.971228,23.522646,24.363699,20.835543,23.718803,19.73915,18.453268,18.465971,16.449598,16.041325,13.0899105,13.6178665,11.027275,12.900434,14.095226,14.661582,17.810675,19.551853,19.441877,24.371506,23.431635,27.596495,30.91569,27.053257,24.918917,20.39338,22.923252,16.564816,18.12943,14.818797,16.168385,15.318541,16.63569,16.575914,18.973997,19.909664,19.667732,19.626228,22.057726,19.88418,22.851274,19.453814,24.866167,20.674253,25.467506,27.945194,25.906307,22.648628,22.019592,16.971313,15.953324,12.357406,11.420473
11,35.80411,33.01387,29.249758,27.143612,24.565836,21.43925,19.616571,14.583538,12.130044,8.140688,6.2390876,0.0,6.66196,8.938638,12.205443,13.294133,17.431347,18.507313,23.022886,25.118326,29.073889,32.2097,33.3015,37.257103,37.103073,37.5464,36.215454,30.449253,26.653553,25.389984,22.150732,21.982496,15.296866,18.52101,13.665849,15.502772,13.693303,10.7354145,13.53378,12.042142,17.48098,15.682496,21.854263,21.599255,26.920921,31.547325,31.445168,36.251633,37.74222,40.50854,37.464146,35.285767,40.791912,42.64406,39.80056,39.872288,34.83461,35.43695,31.24925,30.072811,26.50031,26.340733,22.567656,24.677614,19.41601,19.099813,17.39383,14.080304,14.688088,11.137555,14.393653,13.107783,16.531977,18.213081,19.768827,23.02969,25.172329,25.158802,30.21119,29.286339,33.45909,36.720806,32.663815,30.399036,25.827124,27.830519,21.52947,21.989178,18.168535,18.259382,16.524588,16.43318,15.652357,19.060377,20.750984,21.530298,22.4317,24.80608,23.873777,27.083868,24.57298,30.295074,26.399038,31.347277,33.89678,32.05716,28.7697,28.18037,23.094646,22.083395,18.299652,17.13358
12,32.03791,29.578638,25.505667,23.326178,21.484272,17.147621,17.406939,11.539217,10.492569,6.847642,5.539339,6.66196,0.0,3.778222,6.7948384,9.55287,12.952629,15.471248,19.19915,22.139347,25.638758,29.104095,30.570564,34.802685,35.291035,36.254787,35.61793,30.334536,26.289787,25.746313,21.541222,22.800428,15.438715,19.06562,14.372871,15.689334,15.781436,13.898791,16.821203,14.951379,20.294344,17.549984,24.023869,22.492281,28.59131,31.854559,32.41451,36.62424,37.63193,40.98097,38.539524,36.25473,41.71417,44.01556,41.855587,41.98121,37.1911,37.629406,33.59076,33.405922,28.79935,29.508066,25.869713,28.251825,24.093575,22.514984,21.647236,19.052324,18.137941,13.718388,15.949789,12.600963,16.48406,16.073763,17.746744,19.977657,22.200884,23.158613,27.56596,27.387817,31.466824,34.97405,31.453281,29.541586,25.127752,27.943533,21.635685,23.492329,20.118025,21.452932,20.134096,21.207432,20.52851,22.907303,23.776558,23.742798,23.991095,26.897015,24.319857,27.755829,23.821514,29.296358,24.945341,29.474447,31.828293,29.228205,26.150698,24.596231,20.459839,18.209782,15.057859,12.556897
13,30.877604,28.18352,24.504484,21.656174,20.077272,15.735601,16.131083,10.969523,9.258926,8.088432,5.3117437,8.938638,3.778222,0.0,5.991745,6.9633803,10.524981,12.956048,16.462177,19.545837,22.775639,26.367365,27.519297,31.811014,32.288403,33.244682,32.67036,27.536661,23.40974,22.966055,18.515244,20.096756,12.7128105,16.463522,12.194056,13.587476,14.635954,13.266445,15.646093,13.671117,18.644037,15.804849,22.216616,20.28445,26.669085,29.31878,30.334362,34.277405,35.4046,38.73435,36.418182,34.597515,39.94736,42.139214,40.36672,40.30332,35.768753,35.813686,31.85271,32.081886,26.854612,27.901834,24.383633,26.77235,23.442707,21.105526,20.92139,19.038626,17.388824,13.347866,14.147894,10.115186,13.619405,12.562032,14.220483,16.234245,18.543716,19.83748,24.078642,24.309004,28.331202,31.978851,28.619495,27.049213,22.724281,26.031118,19.851637,22.312778,19.448597,21.186293,20.554657,21.932734,21.824495,24.120138,24.850449,24.395103,24.116858,26.72647,23.75666,26.663599,22.389347,27.287031,22.678066,26.936766,29.086079,26.278595,23.32477,21.28809,17.427412,14.903192,11.601022,9.064242
14,25.421284,23.064266,18.965553,16.75617,15.306284,10.467493,12.14363,6.3050504,7.5531235,6.595707,7.6495347,12.205443,6.7948384,5.991745,0.0,5.5775676,7.021463,10.508989,13.492126,16.691488,20.0375,23.449045,25.569603,29.80243,30.864183,32.355236,32.466717,27.819614,23.924253,24.443901,19.788568,22.982458,16.26822,21.05176,17.323088,19.166285,20.321915,18.631138,20.167385,17.460161,22.028131,17.822958,23.784658,21.06679,27.220425,29.298584,29.99376,33.5948,33.837708,37.77791,36.0309,33.180443,38.498375,41.39326,39.77383,40.187355,35.62663,36.34632,32.63901,33.501472,28.615973,30.305481,27.09818,30.304941,27.033,25.224255,25.681173,23.857697,22.772556,19.102373,19.416584,15.417552,17.270586,16.13272,16.244474,17.796574,19.14157,19.919973,23.774399,23.355457,27.251068,30.60857,27.515589,25.584385,21.526014,24.52967,18.63969,21.482311,18.711348,21.182673,20.277838,22.590708,22.10478,23.152725,23.084126,22.121035,21.614946,24.856346,20.836733,24.412361,19.443907,24.715029,20.377523,24.552494,26.888098,24.038042,21.073944,19.713081,16.076565,13.540458,11.775351,8.848437
15,25.023174,21.916302,18.866814,15.38422,13.689872,10.203549,9.829713,6.555866,4.6998677,8.319682,7.165253,13.294133,9.55287,6.9633803,5.5775676,0.0,4.518029,6.0152,9.883163,12.663341,16.174603,19.611662,21.052233,25.27713,25.940172,27.17463,27.054802,22.3249,18.379873,18.946346,14.240963,17.873804,11.783179,17.117004,14.28301,16.739931,18.326147,16.833878,17.084017,14.098321,17.84048,13.330101,18.95621,15.886939,22.222225,23.946466,24.972902,28.488876,29.097038,32.812313,30.98897,28.777166,34.014294,36.607204,35.267193,35.419434,31.104942,31.390175,27.748522,28.976772,23.61583,25.65615,22.683752,26.059631,23.70767,21.437815,22.8746,21.943699,20.584522,18.029728,16.531,12.768574,12.744386,12.112962,11.155047,13.222815,14.247465,14.516926,18.748999,18.185999,22.196905,25.6498,22.381805,20.654753,16.507355,19.95583,14.1040945,17.475662,15.397101,18.19204,18.304518,20.818773,21.213825,22.372635,22.364824,21.008234,19.852129,22.335363,18.363234,20.92216,16.002901,20.579239,15.931158,20.122381,22.3621,19.680168,16.609625,15.400311,11.048781,9.204958,6.6739607,5.3787007
16,21.126905,18.19439,15.198529,11.484328,10.595952,6.462623,8.446784,6.698262,7.556031,11.308416,11.451435,17.431347,12.952629,10.524981,7.021463,4.518029,0.0,4.660934,6.4905586,9.985636,13.041939,16.549086,18.662086,22.923616,24.23736,26.004507,26.632267,22.67297,19.00163,20.440569,15.615125,20.421099,15.201244,20.442793,18.193716,20.429333,22.493938,21.234127,21.293814,18.259413,21.456392,16.596886,21.459976,17.703485,23.75293,24.303629,25.535679,28.369493,28.299263,32.485558,31.310633,28.746447,33.74623,36.77983,35.936756,36.28538,32.26037,32.696445,29.401016,31.324776,25.8893,28.479713,25.863205,29.487288,27.651335,25.272846,27.115236,26.394543,24.895317,22.337257,20.535269,16.539267,15.948507,14.437225,12.692179,13.552797,13.759847,14.219655,17.46887,17.011274,20.687122,24.021465,21.351658,19.798056,16.229069,19.845692,14.795056,18.851454,17.399256,20.74386,20.993427,24.026806,24.354532,24.734978,24.149849,22.291542,20.702263,23.380268,18.380583,20.939903,15.1642885,19.200857,14.621888,18.157501,20.248024,17.11789,14.307244,12.897837,9.733478,7.140893,7.168438,5.488933
17,20.968254,17.352543,15.45685,11.084563,9.433595,8.173018,6.4192114,7.949905,6.9934998,12.6208105,12.30158,18.507313,15.471248,12.956048,10.508989,6.0152,4.660934,0.0,4.9220505,6.7247176,10.615848,13.787583,15.466722,19.569258,20.422323,21.95783,22.373724,18.308306,14.799729,16.547846,12.054816,17.468603,13.567564,19.220053,17.755459,20.570005,22.446314,21.064001,19.9606,16.687698,18.911633,13.641925,17.633404,13.558,19.342726,19.748787,20.889374,23.7465,23.80125,27.88359,26.651583,24.212503,29.202923,32.136524,31.365232,31.673746,27.759312,28.164824,24.994987,27.248592,21.890017,24.820951,22.565647,26.54715,25.281382,23.083673,25.685524,25.534191,24.322884,22.781633,19.96406,16.736437,14.33014,14.082762,10.963513,12.587252,11.9265,10.798085,14.639459,13.097231,16.96909,20.158192,17.087482,15.301002,11.587162,15.268606,10.383594,14.796746,14.062486,17.660027,18.62346,21.875511,22.75707,22.929668,22.282904,20.1245,18.051544,20.087376,15.209401,16.939577,11.339504,15.004033,10.270177,14.20303,16.488409,13.970318,10.784342,10.853007,6.016017,6.066631,6.0551195,7.4361677
18,18.305239,14.809814,13.693381,8.605565,8.718569,7.849905,8.789519,11.371651,11.7433195,16.90299,16.808397,23.022886,19.19915,16.462177,13.492126,9.883163,6.4905586,4.9220505,0.0,4.2034507,6.5515823,10.129136,12.346156,16.574871,18.252989,20.407217,21.741545,18.854818,15.804261,18.35137,13.960334,20.084553,17.045057,22.154312,21.303385,23.722685,26.210712,25.241896,24.154783,21.074276,22.819714,17.80263,20.977905,16.483906,21.760891,20.497633,22.217848,24.013693,23.47079,27.900772,27.455359,25.177425,29.66485,32.846027,32.847137,33.172512,29.82466,30.03919,27.33719,30.294308,24.684786,28.06582,26.194706,30.093697,29.557602,26.950228,29.858624,29.991219,28.368015,26.76671,23.603077,20.067945,17.490427,16.100552,12.668846,12.651491,11.072745,10.602004,12.600634,11.768138,14.95054,18.096306,16.067774,15.019892,12.489014,16.498003,13.194607,18.045975,18.10192,21.898819,23.078428,26.51749,27.429562,27.197958,26.195412,23.69956,21.273378,23.206133,17.66551,18.8682,12.772084,14.696801,10.209819,12.462786,14.177159,10.736777,8.200868,7.3143454,5.5019946,4.55274,7.900009,8.917246
19,17.528908,13.510678,13.712764,8.594014,8.207031,10.129512,8.706997,13.312062,13.262028,18.929176,18.951921,25.118326,22.139347,19.545837,16.691488,12.663341,9.985636,6.7247176,4.2034507,0.0,4.54049,7.117375,9.47505,13.36208,14.867974,17.07655,18.597221,16.13596,13.72567,16.873041,13.300903,19.804424,18.150114,23.372349,23.052517,25.831135,28.059446,26.932812,25.064764,21.86269,22.773624,17.577808,19.52648,14.870058,19.224524,17.359604,18.859547,20.289856,19.392427,23.976948,23.820347,21.333357,25.64438,28.984615,29.20574,29.65807,26.552652,26.95008,24.602043,28.032774,22.836046,26.573776,25.197348,29.42137,29.341429,27.102766,30.54292,31.029436,29.768076,28.848347,25.18657,22.268877,18.598087,18.207079,14.002373,14.432652,12.0245075,9.768861,11.593048,9.041032,12.03707,14.698026,12.540435,11.179129,9.24483,12.947883,10.919865,15.816337,16.753859,20.664534,22.307936,25.94999,27.166378,26.482653,25.254086,22.45674,19.612583,20.980785,15.439066,15.745068,9.8702135,10.613617,6.3463798,8.350123,10.3661,7.719594,4.692372,7.2554913,4.878719,7.394384,10.284821,12.461217
20,17.515251,13.82571,15.102285,10.025913,11.168194,12.908411,13.005825,17.329168,17.488358,23.049173,22.845133,29.073889,25.638758,22.775639,20.0375,16.174603,13.041939,10.615848,6.5515823,4.54049,0.0,3.9006083,6.3759713,10.375344,12.772353,15.535501,17.932852,16.831015,14.99946,18.518013,15.257417,21.855799,20.925955,25.536392,25.79189,28.228271,30.943087,30.215092,28.335503,25.373096,25.886932,21.134203,22.53703,17.818083,21.692997,18.33333,20.544355,20.84625,19.654467,24.237001,24.777512,22.976929,26.595991,29.860403,30.886015,31.175285,28.745304,28.699436,26.804022,30.716412,25.236444,29.216078,28.155958,32.120266,32.758217,30.060474,33.73815,34.53797,32.859547,31.993435,27.955399,24.90212,21.10255,19.927942,15.702425,14.913396,11.891807,10.410683,9.86198,8.530293,10.183675,12.738095,12.066988,12.031316,11.603395,15.389511,14.700786,19.582817,20.989286,24.848997,26.709572,30.31095,31.644644,30.933475,29.629227,26.73049,23.750967,24.86441,19.314775,18.979345,13.502259,12.191088,8.954886,8.102387,8.735382,4.65576,3.8075492,5.014809,7.166214,8.707063,12.634263,14.662762
21,16.828062,13.12004,15.722692,11.274346,12.473042,15.533234,14.976037,20.103031,20.360703,25.991013,26.032703,32.2097,29.104095,26.367365,23.449045,19.611662,16.549086,13.787583,10.129136,7.117375,3.9006083,0.0,4.8366027,7.5694633,10.528751,13.708012,16.774681,16.791166,15.900645,19.784883,17.356306,23.932753,23.871307,28.45582,28.991833,31.579285,34.156208,33.335957,31.065493,28.055784,28.07799,23.311329,23.79681,19.165302,21.955547,17.792757,19.780088,19.227709,17.287935,22.06448,23.284994,21.290018,24.342047,27.854067,29.339882,29.808569,27.843464,27.99516,26.628372,30.975773,26.01958,30.227226,29.614544,33.74289,34.716736,32.310886,36.28557,37.273514,35.827972,35.297874,31.057806,28.31018,24.044945,23.329344,18.853985,18.198301,14.872326,12.619314,11.34029,8.950762,9.242274,10.592202,10.812065,10.941327,11.940927,14.816416,15.707438,20.21929,22.222797,26.055414,28.117355,31.847155,33.291924,32.13751,30.582888,27.474644,24.260624,24.979534,19.511778,18.47437,13.667485,10.646715,9.028045,6.096544,6.028155,3.150724,4.3967385,8.083038,10.145827,12.521083,16.219572,18.482359
22,21.635704,17.918835,20.41222,15.7160425,16.48287,19.082865,17.85812,22.72953,21.993706,27.959427,27.183828,33.3015,30.570564,27.519297,25.569603,21.052233,18.662086,15.466722,12.346156,9.47505,6.3759713,4.8366027,0.0,4.4315658,6.649601,9.644285,12.778493,13.55634,13.188835,17.112572,15.410453,21.640993,22.863842,26.745277,28.10782,30.570202,33.324684,32.860817,30.161592,27.496336,26.716398,22.668753,22.337341,17.89182,20.238165,14.999222,17.9264,16.791525,15.763953,19.834278,20.988726,20.598074,23.256004,25.979404,27.959848,27.878305,26.465565,25.729004,24.597448,29.173903,23.810905,28.117867,27.867872,31.6141,33.502335,30.69382,35.042656,36.58233,34.865063,34.92073,30.01246,27.701448,22.78261,22.211508,17.564392,16.690813,13.00404,10.458769,7.873501,5.930181,4.754804,6.6946216,7.6806784,9.53444,11.276504,14.631238,16.141266,20.552717,23.044523,26.589891,29.172476,32.573395,34.452736,33.766697,32.556183,29.58515,26.334616,26.396597,21.702911,19.702461,15.789113,11.703239,10.077412,6.3614984,4.5708156,1.9536016,5.0137057,7.551587,10.2744665,13.168105,16.37927,19.350183
23,23.115728,19.602055,22.946457,18.756504,19.554821,22.853039,21.27028,26.590069,25.873472,31.879627,31.209267,37.257103,34.802685,31.811014,29.80243,25.27713,22.923616,19.569258,16.574871,13.36208,10.375344,7.5694633,4.4315658,0.0,4.0899787,7.630173,11.777537,14.413605,15.288051,19.261429,18.555779,24.400242,26.519028,30.181736,31.883207,34.405735,37.061043,36.58985,33.535843,30.928587,29.612993,25.776737,24.495459,20.365982,21.423267,15.252209,18.026213,15.580188,13.922633,17.751064,19.817923,19.817528,21.462276,24.128353,26.860052,26.808292,26.195742,25.421934,25.026537,30.01796,25.262365,29.696575,29.984055,33.715107,36.093155,33.511826,38.133663,39.92437,38.367886,38.791065,33.662254,31.674036,26.399345,26.178596,21.464367,20.651571,16.906029,14.071123,11.070677,8.846379,5.6974964,4.4457703,7.844153,10.323714,13.505045,15.719823,18.70381,22.561789,25.578056,28.962452,31.761023,35.16729,37.195698,36.205616,34.846848,31.760124,28.363218,27.940208,23.614456,20.864485,17.94971,12.479857,12.554402,7.637986,4.5100517,5.8411484,8.818629,11.887028,14.439242,17.592976,20.675465,23.7604
24,26.290478,22.517567,25.635542,21.316004,21.483452,24.8546,22.29708,27.611902,26.20067,32.333546,31.273888,37.103073,35.291035,32.288403,30.864183,25.940172,24.23736,20.422323,18.252989,14.867974,12.772353,10.528751,6.649601,4.0899787,0.0,3.5594954,7.779888,11.22406,12.9713125,16.7773,17.083372,22.321974,25.48449,28.804522,30.941368,33.56454,35.999252,35.566845,32.058823,29.647848,27.663527,24.322342,22.151419,18.447163,18.62826,11.8864355,14.989784,12.1184845,11.370806,14.465608,16.31865,17.479265,18.898693,20.906607,23.811296,23.401722,23.145353,21.877665,21.740513,26.855911,22.263584,26.70399,27.382986,30.95504,33.854206,31.37814,36.250854,38.383785,36.96243,37.958157,32.502235,31.086245,25.30048,25.774448,20.97848,20.667719,16.996746,13.457819,10.99077,8.093126,4.360147,0.5183153,5.227549,8.656521,12.345592,14.212801,17.824345,21.18707,24.582949,27.616201,30.763971,33.89309,36.230434,35.46599,34.346405,31.399239,28.024202,27.014595,23.50604,20.036194,18.133856,12.308671,12.676031,8.278282,5.522513,8.167752,10.212497,13.5336685,14.969688,18.748213,21.092522,24.667114
25,29.469707,25.570967,28.49858,24.10731,23.88653,27.183615,24.02769,29.192467,27.231468,33.382214,31.962019,37.5464,36.254787,33.244682,32.355236,27.17463,26.004507,21.95783,20.407217,17.07655,15.535501,13.708012,9.644285,7.630173,3.5594954,0.0,4.4986396,9.240854,11.915681,15.305249,16.632063,21.065779,25.192354,28.05658,30.615856,33.25171,35.51035,35.16728,31.299742,29.138332,26.537735,23.794024,20.822107,17.659855,16.972368,9.748874,13.24575,9.935169,10.495107,12.39399,13.921973,16.517864,17.603172,18.759228,21.859758,21.00761,21.198114,19.2982,19.46228,24.640028,20.202173,24.576992,25.65269,28.961102,32.415073,29.99054,35.05884,37.52188,36.178154,37.68427,31.95833,31.064125,24.92512,25.935017,21.212536,21.253944,17.77168,13.940558,11.953144,9.125841,5.834126,3.2806997,5.3035345,9.053712,12.731998,14.234266,18.162134,20.991423,24.62974,27.280905,30.704239,33.524757,36.12426,35.61108,34.732983,31.952168,28.653145,27.160385,24.423254,20.45151,19.421862,13.664777,14.143408,10.539564,8.389367,11.130764,12.591902,15.678908,16.40215,20.428047,22.14968,26.025347
26,32.45925,28.35501,30.792341,26.285925,25.515015,28.561117,24.684172,29.474857,26.82299,32.876144,31.021345,36.215454,35.61793,32.67036,32.466717,27.054802,26.632267,22.373724,21.741545,18.597221,17.932852,16.774681,12.778493,11.777537,7.779888,4.4986396,0.0,6.0903535,9.716513,12.32947,14.868911,18.183994,23.286854,25.686764,28.596624,31.285774,33.22384,32.92279,28.679405,26.812326,23.568995,21.550608,17.766453,15.344937,13.836695,6.543138,10.642296,7.915514,10.6982565,11.163383,11.298771,15.454281,16.774809,16.88469,19.58589,18.155975,18.386202,15.672206,15.798212,20.85557,16.404093,20.652615,22.06668,25.100182,29.03524,26.715445,31.93203,34.702652,33.512367,35.58228,29.662102,29.418425,22.968119,24.7568,20.218113,20.913864,17.850754,13.677254,12.930059,10.071487,8.252264,7.3735137,6.4325395,9.482621,12.356498,13.61369,17.321644,19.490883,23.21539,25.359766,29.036285,31.424503,34.296017,34.20163,33.69471,31.200884,28.094877,26.16221,24.356594,20.086506,19.896547,14.8596115,15.017887,12.79343,11.525936,14.041304,14.616426,17.462273,16.986399,21.230133,22.045109,26.206036
27,31.757782,27.453468,28.919796,24.306581,22.891857,25.367754,20.89182,25.034729,21.790144,27.665882,25.52958,30.449253,30.334536,27.536661,27.819614,22.3249,22.67297,18.308306,18.854818,16.13596,16.831015,16.791166,13.55634,14.413605,11.22406,9.240854,6.0903535,0.0,4.2029796,6.586387,9.532354,12.668588,17.671728,20.41151,23.02582,25.963062,27.549873,27.042856,22.714514,20.784622,17.579079,15.506162,11.852291,9.379143,8.868166,3.4261043,8.0224285,8.971002,12.493074,13.533834,11.647184,14.74518,17.810463,18.120344,19.106144,17.7279,16.300196,13.761206,12.290585,16.741135,11.213184,15.582862,16.431885,19.820839,23.21129,20.938238,26.083797,28.702229,27.69129,29.805862,24.025414,24.025347,17.483059,20.074934,15.618654,17.367445,14.897901,10.165239,11.922168,8.517995,9.474219,10.713142,6.984193,8.070347,8.585048,10.574344,12.625223,14.6935625,18.049702,20.015785,23.70331,25.871786,28.788969,29.178005,29.026365,26.825813,23.995558,22.223751,20.7735,17.020409,16.728704,13.571084,12.403886,12.455098,12.586756,14.188149,13.329332,15.973139,13.580217,17.975275,17.748182,22.04894
28,30.43737,26.144182,26.912935,22.127092,20.624628,22.332027,18.119837,21.60599,18.144833,23.992819,21.618025,26.653553,26.289787,23.40974,23.924253,18.379873,19.00163,14.799729,15.804261,13.72567,14.99946,15.900645,13.188835,15.288051,12.9713125,11.915681,9.716513,4.2029796,0.0,4.085699,5.3837624,9.678133,13.713077,16.901625,19.175962,22.147633,23.890587,23.383053,19.387468,17.30233,14.751116,12.230752,10.123672,6.710251,9.273649,6.86689,10.372834,12.579622,15.457669,17.256672,15.174989,17.004858,20.861681,21.638765,21.938284,20.799276,18.464706,16.3968,13.959437,17.54349,11.053458,15.164215,14.997898,18.505724,21.144695,18.410814,23.30334,25.625845,24.350857,26.039003,20.365082,20.002829,13.56388,16.04916,11.535231,13.674177,11.556115,6.7903037,10.154497,7.32586,9.940839,12.482901,8.452531,8.792541,7.2017384,10.718382,10.513533,13.370017,15.967391,18.182846,21.602505,23.7991,26.532661,27.288557,27.290628,25.215282,22.566858,21.437626,19.506498,16.730818,15.332457,13.696817,11.060033,12.380369,13.092392,13.43813,11.847639,13.580343,10.345792,14.455174,13.726557,18.042736
29,33.86631,29.580723,29.891487,25.159397,23.392374,24.523714,20.149113,22.73379,18.625422,23.992666,20.993887,25.389984,25.746313,22.966055,24.443901,18.946346,20.440569,16.547846,18.35137,16.873041,18.518013,19.784883,17.112572,19.261429,16.7773,15.305249,12.32947,6.586387,4.085699,0.0,5.0875683,6.1079917,11.707647,14.001818,16.76507,19.689302,21.09677,20.760204,16.401148,14.852001,11.474928,10.409644,7.85268,6.1107855,8.799128,8.845092,11.788138,14.782973,18.414291,19.400305,16.486916,19.00501,22.89956,22.95593,22.69838,21.154974,18.634958,15.978451,13.019819,15.599387,8.361434,11.950044,11.613983,14.635967,17.766777,14.721347,19.783106,22.49068,21.191813,23.504103,17.577797,18.059175,11.420276,14.89184,11.189214,14.012846,12.880347,9.14007,12.938879,11.217512,13.776008,16.286936,12.381419,12.545545,10.428936,13.331581,12.169511,14.067707,16.154427,17.612928,21.083769,22.607225,25.547695,27.000195,27.505045,25.87571,23.623549,22.316462,21.289642,18.730059,17.904037,17.171299,14.454014,16.366179,17.176983,17.354097,15.607735,16.57365,12.950354,16.391508,14.58492,18.787739
30,30.697289,26.552736,26.290358,21.433527,19.857727,20.154634,16.579327,18.567636,14.640084,20.153461,17.151405,22.150732,21.541222,18.515244,19.788568,14.240963,15.615125,12.054816,13.960334,13.300903,15.257417,17.356306,15.410453,18.555779,17.083372,16.632063,14.868911,9.532354,5.3837624,5.0875683,0.0,6.631331,8.564933,12.227587,14.05672,16.999392,18.982315,18.602505,15.181038,13.094574,11.639238,9.041113,9.869667,6.467492,11.990127,12.037928,14.777588,17.768494,20.362606,22.468325,20.10917,21.185482,25.573135,26.521162,26.171072,25.127554,22.090088,20.289347,17.097725,19.422842,12.393005,15.551545,14.075242,17.239464,18.867783,15.388649,19.728563,21.675632,19.908716,21.053352,15.479297,14.681157,8.397537,10.849129,6.533885,9.689363,8.831826,5.6316204,10.689463,9.741545,13.289423,16.64664,12.878083,12.724064,9.527621,13.714565,10.748194,13.989022,15.155292,17.342922,20.214687,22.15914,24.607628,26.063349,26.41528,24.693521,22.490223,22.166613,19.9729,18.576355,16.120968,16.510225,12.591183,15.163827,16.31207,15.256752,13.038667,12.927836,8.817439,11.585458,9.503683,13.712674
31,37.059788,32.91956,32.333153,27.652153,25.78275,25.617262,21.793657,22.662674,18.001661,22.39043,18.459719,21.982496,22.800428,20.096756,22.982458,17.873804,20.421099,17.468603,20.084553,19.804424,21.855799,23.932753,21.640993,24.400242,22.321974,21.065779,18.183994,12.668588,9.678133,6.1079917,6.631331,0.0,7.4955535,8.174833,11.456207,14.128985,15.390298,15.512227,11.29,10.690866,7.3226995,8.705611,8.783007,8.783118,12.838792,14.847052,17.194925,20.725393,24.390785,25.290575,21.994272,24.286345,28.46367,28.305988,27.40716,25.752764,22.785872,20.120104,16.61442,17.381744,10.162079,11.698073,9.879899,11.520558,14.200295,9.794382,14.527135,17.420876,15.493494,18.110193,11.896716,13.190566,6.874113,11.308796,9.5231905,12.997755,13.572695,11.842695,16.104523,15.852636,18.83867,21.857244,18.107483,18.080858,15.086223,18.187899,15.195752,16.730135,17.39916,18.194212,21.097908,21.797861,24.581337,27.096828,28.218153,27.195738,25.573633,24.759024,24.080307,22.575327,21.354588,22.10687,18.666088,21.35301,22.38454,21.692797,19.628479,19.145754,15.277767,17.239794,14.091319,17.642658
32,34.47193,30.67759,28.950544,24.619461,22.703615,21.079185,18.25593,17.217329,12.555554,16.0111,11.597494,15.296866,15.438715,12.7128105,16.26822,11.783179,15.201244,13.567564,17.045057,18.150114,20.925955,23.871307,22.863842,26.519028,25.48449,25.192354,23.286854,17.671728,13.713077,11.707647,8.564933,7.4955535,0.0,6.057723,5.6475034,9.064708,10.6261,10.248849,8.019896,6.46358,7.9820356,7.2110786,12.117103,11.070427,17.114918,19.776125,21.53084,25.488447,28.15378,30.15681,27.164454,27.647095,32.51868,33.355682,31.965155,30.972477,27.147747,25.689957,21.788223,22.092812,15.707793,16.777473,13.636912,15.610745,14.963294,10.853466,13.383832,14.450292,12.065306,12.509871,7.307737,6.563228,1.4854476,6.573703,6.7230196,10.908455,12.85489,12.679471,17.604704,17.730453,21.51833,25.067152,21.277561,20.504026,16.472357,20.020144,14.96674,17.082588,16.046309,17.225248,18.917837,19.780155,21.706276,24.538132,25.712852,24.940496,23.800098,24.282637,22.757847,23.009941,20.425772,23.114698,18.783888,22.484795,24.091146,22.353895,19.694326,18.308054,13.83328,14.060408,9.756727,12.047933
33,40.068485,36.29378,34.661373,30.169874,28.520962,26.616598,24.254066,22.930008,18.382221,21.071487,16.25226,18.52101,19.06562,16.463522,21.05176,17.117004,20.442793,19.220053,22.154312,23.372349,25.536392,28.45582,26.745277,30.181736,28.804522,28.05658,25.686764,20.41151,16.901625,14.001818,12.227587,8.174833,6.057723,0.0,5.070275,6.2765856,8.433059,10.001165,8.238944,9.364711,9.345947,11.905204,15.262622,15.35609,20.406485,22.80506,25.05078,28.716722,32.044655,33.340435,30.105667,31.818384,36.310474,36.381752,35.170578,33.635464,30.300692,27.939896,24.205116,23.946781,17.467575,17.591452,14.672138,14.562512,15.148169,9.662761,11.606617,13.703332,9.886459,11.584973,5.1798544,6.8989024,5.00652,7.68835,10.015646,12.894317,15.471179,16.290068,20.313034,21.535278,24.823334,28.390057,24.950657,24.87469,21.311512,24.878878,20.459433,22.210133,21.41526,21.968481,23.746256,23.824303,25.898708,29.329857,30.88124,30.40642,29.42893,29.555874,28.55871,28.387886,26.194078,28.24034,24.044247,27.184498,28.348297,26.563494,24.33713,22.147299,18.721869,18.52768,14.480574,16.333742
34,38.650246,35.09931,32.795074,28.753218,26.901777,24.366526,22.313883,19.830395,15.440705,16.970648,12.008146,13.665849,14.372871,12.194056,17.323088,14.28301,18.193716,17.755459,21.303385,23.052517,25.79189,28.991833,28.10782,31.883207,30.941368,30.615856,28.596624,23.02582,19.175962,16.76507,14.05672,11.456207,5.6475034,5.070275,0.0,3.8811586,5.2372637,5.9469256,6.4220343,7.0900126,10.025127,11.348254,16.438225,16.34241,21.984617,25.146828,26.794743,30.900532,33.728344,35.546333,32.32842,32.925503,37.83272,38.446964,36.761436,35.65698,31.732862,30.180252,26.169312,25.586454,19.71703,19.698793,16.196098,16.757147,15.122749,10.786279,11.047843,11.391456,7.7704697,7.399644,2.4424307,2.82801,5.690925,7.8922367,10.92213,14.116232,16.96811,17.876122,22.394041,23.168417,26.884321,30.53447,26.863766,26.149342,22.073126,25.46784,20.141945,21.759834,20.022131,20.532598,21.511503,21.522718,23.026247,26.641289,28.282274,28.084263,27.52281,28.286066,27.156921,27.944464,25.405933,28.602715,24.209219,28.003881,29.600477,27.580135,24.95814,22.890167,18.873657,18.082016,13.629815,14.446068
35,41.276997,37.87117,35.425484,31.36361,29.803263,26.771748,25.457949,22.549051,18.529652,19.510778,14.569984,15.502772,15.689334,13.587476,19.166285,16.739931,20.429333,20.570005,23.722685,25.831135,28.228271,31.579285,30.570202,34.405735,33.56454,33.25171,31.285774,25.963062,22.147633,19.689302,16.999392,14.128985,9.064708,6.2765856,3.8811586,0.0,4.6146364,7.2322626,9.273242,10.744367,13.331893,15.198479,20.018566,19.942066,25.515598,28.307095,30.261639,34.156975,37.07583,38.822624,35.65576,36.575424,41.387394,41.86168,40.331173,39.075203,35.321606,33.486145,29.553526,28.887224,22.9269,22.694017,19.305784,19.076593,17.75075,13.1452465,12.509734,12.752604,8.199772,7.014666,3.9983115,3.9806511,8.703242,8.848947,13.019893,15.281007,18.580603,20.347578,24.338976,25.851679,29.398764,33.17898,29.785381,29.392353,25.450306,29.077705,23.829216,25.615974,23.872057,24.354456,25.187119,25.011393,26.343908,30.131514,31.84487,31.741583,31.259853,32.135544,30.877056,31.734137,28.962618,32.020702,27.49966,31.04832,32.45318,30.121056,27.696442,24.909641,21.581032,20.146502,15.898169,16.098625
