,0,1,2,3,4,5,6,7,8,9,10,11,12,13,14,15,16,17,18,19,20,21,22,23,24,25,26,27,28,29,30,31,32,33,34,35,36,37,38,39,40,41,42,43,44,45,46,47,48,49,50,51,52,53,54,55,56,57,58,59,60,61,62,63,64,65,66,67,68,69,70,71,72,73,74,75,76,77,78,79,80,81,82,83,84,85,86,87,88,89,90,91,92,93,94,95,96,97,98,99,100,101,102,103,104,105,106,107,108,109,110,111
0,0.0,4.2223644,6.466845,9.232911,12.511334,15.180183,18.770985,22.800642,25.846466,28.86455,30.868954,28.970324,25.044413,25.824318,21.083157,23.496479,20.144632,21.062063,21.943804,21.149147,24.245321,22.281366,26.54397,26.717802,23.984339,23.882406,19.679684,22.17274,17.532038,21.933624,18.94883,24.725784,26.439632,29.680416,31.955042,33.11446,36.88472,36.601013,34.441006,31.520403,31.891703,28.57026,25.418447,25.11132,21.165514,21.315975,17.835398,18.795135,19.020075,15.928796,12.758869,11.3018465,7.722459,4.289817,3.658843,6.3260927,10.614351,11.277005,14.863817,17.35586,15.705239,22.2637,22.2539,25.189528,27.472183,28.310568,32.026512,31.745966,36.159733,33.638275,30.60312,34.23618,32.318737,36.711605,35.792095,34.85973,38.135857,37.283157,39.115578,41.10546,39.196457,35.936462,32.931095,31.374979,30.603226,30.168934,28.728817,29.296522,27.715998,30.158676,28.579395,32.80036,29.522522,28.86836,26.968771,26.551056,24.21616,23.800602,22.666399,21.63127,23.146425,20.072893,24.72881,23.871944,26.191692,28.460403,27.247684,33.059513,30.478453,34.589985,35.733204,39.297527
1,4.2223644,0.0,5.266436,6.8308916,9.604026,13.486395,16.005983,20.703447,23.607693,26.50181,29.180977,27.392033,23.783438,24.566229,19.804882,21.63394,18.697384,18.784311,20.46221,18.966848,22.313015,21.065542,24.863644,24.498915,21.938616,21.148731,16.730492,18.697308,13.744825,18.015057,14.9155,20.842619,22.52323,26.019545,28.111439,29.496428,33.13225,32.656284,30.583824,27.696102,27.797749,24.52262,21.25447,21.032104,16.96673,17.433033,14.229493,15.636006,16.468805,13.891469,10.915987,10.74034,8.040444,5.8247323,1.1809123,3.6847024,6.6126084,8.061897,11.973874,14.026182,11.9224415,18.467094,18.146076,21.04767,23.280237,24.126905,27.844494,27.708706,32.04624,29.611837,26.726341,30.553179,28.702557,33.389297,32.614464,32.00109,35.41661,34.747196,36.839516,38.81851,37.27301,33.894062,30.913477,29.160963,27.884254,27.739052,25.592192,26.256647,24.38463,26.873869,25.273626,29.434086,26.412338,26.186495,24.46002,24.331446,21.846193,21.723576,20.15036,19.635437,20.447283,18.033455,22.336922,21.93897,24.928066,26.437767,24.92836,30.581009,27.605532,31.573671,32.65168,36.021557
2,6.466845,5.266436,0.0,5.438254,7.179343,9.604894,13.487398,16.781216,20.32343,22.867298,25.034258,22.87037,19.185804,20.393608,15.900595,18.640066,16.43549,17.382751,19.687357,19.261406,23.033604,22.21286,26.529247,26.59254,25.019411,24.06604,20.245138,21.39145,15.240062,18.739565,14.977221,20.20407,21.47068,24.070023,26.729723,27.506132,31.388891,31.50802,29.174643,26.415127,27.359219,24.51467,21.536894,22.480516,18.300272,20.166975,17.383018,19.529573,20.65157,18.562069,15.762664,15.215663,12.498194,8.945009,6.2069902,6.6137743,9.454248,12.234232,15.186208,17.79527,15.415306,21.625912,20.210655,23.150167,24.338644,25.393398,28.626104,27.968565,32.6921,30.947586,27.838493,31.255358,28.679781,33.56187,31.733253,31.337484,34.188244,32.997917,34.841442,36.454468,34.706837,31.677351,28.0792,26.921019,26.058323,26.429995,24.698965,26.502108,25.126148,28.168364,27.260376,31.609037,29.13068,28.674166,26.509336,25.743477,22.695557,21.744701,19.686764,18.180517,18.5319,15.169157,19.086903,17.796516,20.21905,22.200672,21.109358,26.983421,24.89925,28.854965,30.443766,33.917603
3,9.232911,6.8308916,5.438254,0.0,4.04624,7.2703104,9.644973,14.566815,16.99627,20.28125,22.84009,21.562984,17.915537,18.182346,13.327213,14.811741,12.0623865,12.322852,14.641209,13.856781,17.70171,17.291952,21.438047,21.505054,20.53173,19.485754,16.369682,17.152836,10.923315,14.538402,11.692397,16.58997,19.891743,21.99028,25.181229,26.349161,29.727936,29.493587,26.629816,23.293139,24.770714,20.925777,18.650414,18.788473,15.416848,16.785315,13.86016,16.34127,17.431616,16.145569,13.910323,13.477413,11.964328,9.20463,7.796011,9.413344,9.64042,12.75327,16.591354,17.676754,14.483499,20.340727,18.67835,20.714481,22.45997,22.21539,25.35857,24.118908,28.991034,26.965929,23.441547,26.494911,23.953012,28.465363,26.867245,26.181181,29.229485,28.273909,30.224203,32.12117,30.485418,27.18237,24.104687,22.449034,21.44892,21.403698,19.7909,21.205603,19.994217,23.056585,22.379345,26.843704,24.506367,23.752169,21.38736,20.443497,17.29246,16.362764,14.329985,13.175197,13.951227,11.224984,15.846805,15.902971,19.258705,20.670639,18.917685,24.471148,21.378365,25.58385,26.539698,30.196207
4,12.511334,9.604026,7.179343,4.04624,0.0,5.4442472,6.5934505,11.427792,14.205681,16.964293,20.07833,18.632994,15.463466,16.099192,11.65641,12.956019,11.701445,11.403073,15.204781,14.37366,18.519775,19.11645,22.838316,22.571241,22.254005,20.500732,17.618523,17.312775,10.350041,12.749828,9.188916,13.523659,16.352833,18.093386,21.45261,22.446136,25.860828,25.8282,22.928972,19.761482,21.482885,18.132282,15.922684,17.156284,13.648667,16.420458,14.393109,17.488495,19.210709,18.532286,16.613459,16.89784,15.633338,13.09821,10.732499,11.058832,10.165964,13.9568615,16.97994,18.042793,14.717033,19.858452,17.294498,19.281305,20.125904,20.156927,22.90087,21.540575,26.530478,25.13901,21.761957,24.766176,21.82022,26.84753,24.690678,24.614067,27.400864,26.30139,28.386988,29.98168,28.659964,25.504496,21.998278,20.577692,19.201786,20.000082,17.718493,20.152195,18.931187,22.344835,22.088427,26.44096,24.765806,24.4186,22.124403,21.197401,17.702023,16.630098,13.747101,12.599656,11.722049,9.319279,12.825828,12.834988,16.665129,17.335093,15.494151,21.025112,18.10655,22.109121,23.422115,26.891478
5,15.180183,13.486395,9.604894,7.2703104,5.4442472,0.0,5.9648685,7.83971,10.946194,13.92387,15.78883,14.398324,10.652903,11.125544,6.5651145,9.331036,8.758262,10.372313,13.96422,14.986117,19.03503,19.65728,23.948685,24.505745,25.083057,23.782103,21.759935,21.339947,14.573881,16.275043,13.313703,15.932699,19.136965,19.246346,23.476397,23.791426,27.141533,27.700977,24.289852,21.080671,24.108173,20.851864,19.539566,21.131647,18.248383,21.140411,19.098524,22.161943,23.541063,22.905691,20.96778,20.430096,18.987434,15.719938,14.535027,15.303549,15.422965,19.133816,22.133305,23.468214,20.156233,25.197275,22.365236,24.054983,24.439404,24.102211,26.272978,24.120197,29.346481,28.395647,24.671911,26.786182,23.22901,27.731068,24.483225,24.179548,26.184547,24.427883,25.977057,27.278854,25.429668,22.69662,18.677542,17.996584,17.699507,18.599514,17.807207,21.07285,20.8141,24.496552,24.970947,29.39994,28.048399,27.055569,24.264996,22.491821,18.75598,16.609833,13.84645,11.078773,10.603004,6.182266,9.937287,8.95675,12.044669,13.861779,12.463007,18.218094,16.342684,20.552217,22.131056,25.960697
6,18.770985,16.005983,13.487398,9.644973,6.5934505,5.9648685,0.0,6.9327025,8.060527,11.26771,14.908341,14.534741,12.113115,11.814504,8.251015,7.48546,8.434607,7.1986556,12.565604,12.382805,16.476295,18.478676,21.665802,21.54769,22.887598,20.80207,19.468328,17.8585,11.332419,11.513432,9.42805,10.457733,15.288554,14.850138,19.372667,20.16328,22.889143,23.028841,19.265434,15.640892,19.07482,15.337475,14.830715,16.4599,14.4899845,17.788277,16.653517,20.111557,21.941435,22.328096,21.10628,21.451729,20.947401,18.688467,17.081463,17.567745,15.798556,19.578577,22.407919,22.622663,19.020237,22.871876,19.508865,20.30834,20.52124,19.300901,21.02373,18.426973,23.702765,22.98806,19.235346,21.102388,17.38403,22.178518,18.95939,19.142986,21.380737,20.010113,22.094181,23.511066,22.41445,19.347448,15.712623,14.347152,12.869877,14.359302,12.264858,16.079285,15.72803,19.587973,20.491997,24.696878,24.063654,23.465532,20.887058,19.37034,15.497947,13.742632,10.086017,8.604855,5.6335855,4.408508,6.686251,8.608944,13.435749,12.920613,10.355392,15.278145,11.734349,15.984096,17.063965,20.785175
7,22.800642,20.703447,16.781216,14.566815,11.427792,7.83971,6.9327025,0.0,5.101472,6.255405,8.807022,7.6308413,5.750052,6.611785,5.8409376,7.1141067,10.993256,11.791728,16.612339,18.019485,21.803387,23.824293,27.306034,27.672068,29.501925,27.558949,26.400387,24.663858,18.156078,17.674212,15.215197,14.771302,17.49987,15.15566,20.205374,19.7185,22.570469,23.830395,19.991693,17.214125,21.668514,19.443464,19.350004,22.284655,20.251503,24.355495,23.478071,26.974651,28.827332,28.99747,27.50782,27.504915,26.457314,23.458132,21.82735,21.908209,21.039722,25.023079,27.25169,28.260786,24.904434,28.650251,24.834509,25.891247,24.893585,24.390139,25.316662,22.456875,27.604116,27.959263,24.482218,25.6419,21.32519,25.864285,21.109512,21.804403,22.6177,20.258396,21.646273,22.068125,20.692005,18.705544,13.705271,14.206387,13.934781,16.579172,15.718681,20.84872,21.2356,25.193241,26.682116,30.67013,30.535465,29.814978,27.077143,25.097582,21.1872,18.701038,15.27485,12.542462,9.2407675,6.6546183,4.0737185,1.6838473,6.776671,6.348695,4.6648717,10.4793415,10.086375,13.7826185,16.212551,19.81161
8,25.846466,23.607693,20.32343,16.99627,14.205681,10.946194,8.060527,5.101472,0.0,4.8575053,7.6609664,9.19419,8.416037,6.6901994,7.0940433,4.5196633,9.800906,9.839069,14.4834175,16.17412,19.42035,22.129374,25.038635,25.553053,28.29341,26.394075,26.260462,24.102053,18.469114,17.307613,16.283245,14.41334,19.049809,15.82473,21.23353,21.06971,23.021872,23.949833,19.541756,16.2537,21.588743,18.594742,19.707886,21.912533,21.052946,24.591015,23.932861,27.367878,29.055368,29.809359,28.77886,28.76407,28.323605,25.746483,24.677338,25.221525,23.768433,27.608768,30.213549,30.458633,26.875057,30.12254,26.31897,26.53353,25.872105,24.155252,24.614063,20.969154,26.046473,26.415197,22.664001,22.846619,18.36076,22.069492,16.8406,17.336246,17.72077,15.208555,16.54879,17.093475,15.806906,13.674014,8.806357,9.185977,9.242137,12.080535,12.149363,17.559874,18.698374,22.569963,24.688314,28.455896,28.809319,27.768875,24.927889,22.628366,18.840635,16.123165,12.868054,10.332048,6.702072,6.3834147,1.7674065,5.636865,9.555304,8.048444,5.4207416,8.734507,6.659431,10.891201,12.319306,16.396015
9,28.86455,26.50181,22.867298,20.28125,16.964293,13.92387,11.26771,6.255405,4.8575053,0.0,5.7632017,6.7676516,8.434858,8.289339,10.441477,9.290277,14.564448,14.475041,19.318796,20.720695,23.976343,26.87809,29.559277,29.770105,32.48461,30.211136,29.842125,27.307825,21.549112,19.728825,18.243408,15.563034,18.340235,14.022597,19.392492,18.479832,20.316298,21.916964,17.717184,15.350985,20.902521,19.339783,20.500895,23.815653,22.804008,27.177563,27.041742,30.639221,32.665348,33.44482,32.354065,32.648983,32.003857,29.304522,27.634338,27.586143,26.051062,30.021074,31.973068,32.48669,29.10721,31.865316,27.640205,27.976442,26.306797,25.285439,25.160343,21.712194,26.47912,27.757263,24.56121,24.705063,20.07025,24.14176,18.376171,19.87205,19.561451,16.859982,18.085531,17.696804,17.043032,15.818492,10.58484,12.0669985,11.732187,15.606771,14.855021,20.861198,21.804537,25.650864,27.877506,31.339834,32.13348,31.555592,28.95669,26.911995,23.161554,20.686079,17.244432,15.114408,10.77797,10.768519,5.0125623,5.8368,8.655768,4.587902,2.323016,4.3312836,5.843994,8.416244,11.432766,14.700001
10,30.868954,29.180977,25.034258,22.84009,20.07833,15.78883,14.908341,8.807022,7.6609664,5.7632017,0.0,4.468208,6.798767,5.9686847,10.456071,10.5293255,15.5891695,17.00339,20.693964,23.314781,26.290026,28.707418,31.898846,32.81637,35.72016,34.00419,33.816006,31.733032,25.894861,24.681229,23.14878,21.046926,23.850897,19.604221,24.868164,23.587158,25.45985,27.371826,23.253105,21.036024,26.656916,24.950119,26.076958,29.077326,27.955217,31.9862,31.35386,34.81929,36.503757,36.984142,35.67954,35.357964,34.453403,31.316948,30.26688,30.561241,29.835285,33.805374,36.024464,36.925346,33.517017,36.861065,32.81606,33.340733,31.8935,30.842535,30.828716,27.224117,31.996231,33.12149,29.675646,29.44198,24.80384,28.045332,21.966167,22.768707,21.69221,18.385391,18.556122,17.705221,16.046816,15.831633,10.344441,13.212381,14.730282,17.778187,18.905146,24.54058,26.03201,29.820314,32.18247,35.786945,36.374348,35.229313,32.29848,29.72704,26.042007,22.985779,20.167027,17.09389,14.324099,12.910844,8.695987,7.589125,6.7141604,5.743572,6.533967,7.0021477,10.603443,12.57678,15.148234,18.412561
11,28.970324,27.392033,22.87037,21.562984,18.632994,14.398324,14.534741,7.6308413,9.19419,6.7676516,4.468208,0.0,4.5024776,6.59725,10.265708,12.043095,16.643763,18.276579,22.360962,24.67634,28.087324,30.150986,33.694004,34.42438,36.711464,34.88308,33.987015,32.1157,25.731592,24.839962,22.44105,21.092373,22.49494,18.771736,23.708494,22.108173,24.634754,26.839542,23.175636,21.36001,26.368187,25.27552,25.629131,29.188839,27.320139,31.781574,31.084442,34.600216,36.441296,36.55079,34.95176,34.702858,33.38545,29.999275,28.501375,28.389542,28.051775,32.065304,33.898106,35.340553,32.151016,35.71695,31.645515,32.732014,30.957342,30.791382,31.04987,27.992687,32.82625,33.995407,30.75584,31.23343,26.641922,30.640532,24.864037,25.891815,25.331947,22.238525,22.730032,22.000198,20.45375,19.957645,14.417838,16.781507,17.67052,20.813591,21.041283,26.706518,27.65782,31.573542,33.52508,37.290558,37.581947,36.72525,33.880676,31.564108,27.72916,24.843626,21.745237,18.60478,15.618891,13.319096,9.466546,5.9855065,3.3835824,3.3753855,5.9502044,8.587672,12.586269,14.549037,17.839903,20.824738
12,25.044413,23.783438,19.185804,17.915537,15.463466,10.652903,12.113115,5.750052,8.416037,8.434858,6.798767,4.5024776,0.0,4.0275993,6.407096,9.685254,13.328738,15.698929,19.358728,21.91789,25.440262,26.952383,30.946512,31.921728,33.84474,32.37302,31.271376,29.930857,23.390354,23.307634,20.749704,20.500542,22.609158,19.893839,24.852869,23.743435,26.650208,28.439476,24.708866,22.329224,26.99439,25.107817,25.031626,28.0006,25.828098,29.79624,28.569859,31.924871,33.506252,33.3088,31.546196,30.956783,29.501776,25.965399,24.845743,25.088,25.212513,29.138313,31.37454,32.944023,29.706686,33.890835,30.189821,31.501701,30.399706,30.130354,30.984325,28.032839,33.12913,33.61552,30.063486,30.889578,26.46771,30.460709,25.209484,25.597017,25.656345,22.734627,23.321285,23.245743,21.186184,20.070257,14.737297,16.443123,17.53271,19.864693,20.41617,25.491566,26.333403,30.252045,31.87879,35.936337,35.68835,34.56164,31.5723,29.166418,25.322147,22.33614,19.470985,15.911762,13.931717,10.372212,8.530203,4.3500514,1.8066868,6.184192,7.1976,11.727388,13.783243,16.84587,19.554296,23.083122
13,25.824318,24.566229,20.393608,18.182346,16.099192,11.125544,11.814504,6.611785,6.6901994,8.289339,5.9686847,6.59725,4.0275993,0.0,4.9997644,6.9703174,10.866788,13.496829,16.565634,19.65831,22.815235,24.457783,28.338295,29.627329,32.03608,30.817427,30.34438,28.987642,22.922274,22.805077,21.04182,20.416565,23.984238,21.042482,26.298656,25.550676,28.022346,29.48113,25.350435,22.478125,27.574322,24.90866,25.404045,27.667803,26.10699,29.500124,28.1537,31.404497,32.736588,32.799732,31.276411,30.485012,29.408684,26.0885,25.580433,26.34821,26.216478,30.05191,32.772823,33.851498,30.396435,34.545414,30.982956,31.833736,31.229418,30.121208,30.914814,27.505833,32.635696,32.854557,28.99894,29.299532,24.896446,28.197264,22.900757,22.785318,22.668018,19.652874,19.992165,20.153572,17.731771,16.526007,11.417633,13.143449,14.95398,16.760315,18.359592,23.166666,24.493126,28.30712,30.206972,34.236214,34.063503,32.540386,29.38687,26.66151,22.929497,19.667181,17.173775,13.37126,12.126027,8.84736,7.5295415,5.816847,5.464099,8.12563,8.02564,11.660561,12.691009,16.149933,18.053867,21.967854
14,21.083157,19.804882,15.900595,13.327213,11.65641,6.5651145,8.251015,5.8409376,7.0940433,10.441477,10.456071,10.265708,6.407096,4.9997644,0.0,5.1369066,7.0645337,10.090449,13.202646,15.9496565,19.445688,20.624472,24.836792,26.049534,27.886412,26.814314,25.969955,25.060476,18.858473,19.534859,17.610498,18.193802,22.268312,20.52803,25.552622,25.375025,28.171192,29.137735,25.124973,21.84214,26.264637,22.958408,22.89587,24.576206,22.69338,25.610527,23.853989,26.968222,28.161495,28.002304,26.385632,25.506899,24.414341,21.150204,20.78738,21.83422,21.809576,25.519667,28.568663,29.593702,26.11773,30.6782,27.495813,28.533108,28.573227,27.450602,28.859417,25.77664,31.0499,30.596893,26.594103,27.50552,23.42928,27.038765,22.646093,22.138067,23.057192,20.604816,21.474895,22.397789,20.054462,17.906149,13.466276,13.764724,14.861729,15.90545,16.944948,20.990194,21.86049,25.644892,27.03863,31.315454,30.592583,29.048061,25.897726,23.350206,19.571924,16.499943,14.01144,10.097045,9.763436,5.015598,7.152162,6.213944,8.20172,10.743145,9.659757,14.589955,13.698528,17.88138,19.36057,23.48414
15,23.496479,21.63394,18.640066,14.811741,12.956019,9.331036,7.48546,7.1141067,4.5196633,9.290277,10.5293255,12.043095,9.685254,6.9703174,5.1369066,0.0,5.432146,6.6903343,10.426433,12.941426,16.116856,18.289696,21.71532,22.768394,25.428467,24.129734,24.174881,22.656622,17.233675,17.094654,16.415989,15.742767,21.395086,19.141138,24.375883,24.621332,26.723608,27.268349,22.872093,19.147932,24.05079,20.083687,20.957615,22.065296,21.220453,23.783518,22.436876,25.587378,26.806875,27.369732,26.30738,25.78098,25.437515,22.8695,22.60186,23.808273,22.747185,26.368244,29.594477,29.747198,26.059225,29.910229,26.637945,26.873709,27.14713,24.999737,26.037111,22.405756,27.594687,27.113022,22.937159,23.184963,19.05845,22.163923,17.689873,17.025726,17.977882,15.694703,16.83846,18.127995,16.115618,13.427695,9.501697,8.920822,9.877966,10.815041,12.256701,16.4301,17.773865,21.515995,23.404371,27.469406,27.236567,25.60575,22.46071,19.79264,16.031507,12.891809,10.22459,6.658012,5.7483463,3.6666024,5.14488,7.9511824,11.312011,11.720211,9.5114355,13.121415,10.402865,14.861489,15.365194,19.716837
16,20.144632,18.697384,16.43549,12.0623865,11.701445,8.758262,8.434607,10.993256,9.800906,14.564448,15.5891695,16.643763,13.328738,10.866788,7.0645337,5.432146,0.0,4.744865,6.159594,9.383034,12.560955,13.6673765,17.869171,19.4256,21.580063,21.019955,21.035128,20.459246,15.465827,16.729637,16.358154,17.269949,23.533031,22.523125,27.370901,28.10195,30.412008,30.502234,26.286808,22.257566,26.369232,21.581566,21.949093,21.81732,20.868837,22.182932,20.004578,22.69413,23.334208,23.585043,22.48118,21.388273,21.197466,18.800182,19.494247,21.473475,20.825933,24.018785,27.896624,27.903585,24.212523,28.687246,26.163273,26.494272,27.841293,25.420824,27.18924,23.877989,29.044376,27.576368,23.133657,23.777386,20.321108,22.98713,19.839533,18.168304,20.043308,18.389107,19.542576,21.550203,19.218735,16.05096,13.5341015,11.953652,12.879612,11.862252,13.753072,15.97711,17.103348,20.500366,21.786112,26.1438,25.051153,22.880772,19.51516,16.666111,13.070519,9.795202,8.225867,3.921751,7.538945,4.7292523,9.952612,12.06103,15.115712,16.548332,14.453767,18.508245,15.18219,19.747606,19.682816,24.063301
17,21.062063,18.784311,17.382751,12.322852,11.403073,10.372313,7.1986556,11.791728,9.839069,14.475041,17.00339,18.276579,15.698929,13.496829,10.090449,6.6903343,4.744865,0.0,5.818307,6.4126577,10.013371,12.483571,15.551489,16.252537,18.762604,17.498404,17.894657,16.56765,12.053441,12.597045,13.213579,13.485094,20.73103,19.919384,24.541456,25.761066,27.670218,27.279049,23.058552,18.78515,22.673273,17.397001,18.17694,17.561451,17.311274,18.460213,16.815458,19.67372,20.632095,21.58234,20.983044,20.685265,21.120884,19.50586,19.604443,21.3065,19.514427,22.62638,26.384455,25.64953,21.859468,25.566395,22.949045,22.70407,24.235897,21.193163,22.856453,19.439613,24.522615,22.909166,18.424261,19.084248,15.761434,18.686108,16.105562,14.644945,17.279198,16.29951,18.183086,20.48547,18.991938,15.314598,13.44898,10.81504,10.178235,9.162698,9.552656,11.55323,12.425215,15.948269,17.360966,21.651371,20.900963,19.103525,15.944391,13.490927,9.626266,6.947246,3.9345,1.7676293,4.450683,5.5528283,9.64915,13.195056,17.348913,17.332472,14.592398,18.109552,13.362908,17.829926,17.177797,21.373528
18,21.943804,20.46221,19.687357,14.641209,15.204781,13.96422,12.565604,16.612339,14.4834175,19.318796,20.693964,22.360962,19.358728,16.565634,13.202646,10.426433,6.159594,5.818307,0.0,5.1442747,6.877553,8.086136,11.993689,14.132132,16.930983,17.073315,18.369307,18.110186,15.146256,16.661083,17.89767,18.742535,26.27014,25.690195,30.223846,31.555206,33.36694,32.809753,28.568111,24.193098,27.920446,22.183697,23.041302,21.2576,21.411776,21.07656,18.714417,20.746021,20.72806,21.53694,21.133556,19.92337,20.764273,19.474499,21.030027,23.584318,22.404047,24.930733,29.281252,28.346693,24.653349,28.701159,26.84761,26.431393,28.825218,25.282507,27.186033,23.763674,28.526321,26.204597,21.54669,21.70091,19.122644,20.42704,18.77482,15.953361,18.612867,17.909756,19.17671,21.993326,19.878857,16.182856,15.745264,12.951882,13.610646,10.543662,13.251135,12.945069,14.451559,17.058578,18.274284,22.480999,21.105707,18.154808,14.571713,11.236682,8.21058,4.6912518,5.9399843,4.429528,10.042667,10.062183,14.715092,17.808876,21.129843,22.041548,19.592075,22.841616,18.339725,22.69685,21.44689,25.713953
19,21.149147,18.966848,19.261406,13.856781,14.37366,14.986117,12.382805,18.019485,16.17412,20.720695,23.314781,24.67634,21.91789,19.65831,15.9496565,12.941426,9.383034,6.4126577,5.1442747,0.0,4.2119727,6.816394,9.341371,10.1083355,12.670793,12.133245,13.597264,13.056528,11.079578,12.690101,14.81263,15.96832,23.837746,24.08438,28.033587,29.900328,31.53901,30.44565,26.510927,22.081964,24.941744,18.817179,19.544815,16.842108,17.466726,16.350084,14.170341,16.1164,16.259924,17.665745,17.766888,17.38256,18.866575,18.485136,19.488287,21.837685,19.736645,21.92563,26.223259,24.583214,20.91704,24.392561,22.834116,22.026476,24.977205,21.04442,23.236212,20.200356,24.716177,21.848783,17.253748,17.992521,16.085133,17.81038,17.520031,15.024216,18.739128,18.8806,20.883873,23.854944,22.554264,18.552197,18.32999,14.971478,14.04506,11.264303,11.628703,9.873246,10.353017,12.747951,13.407826,17.771315,16.149004,13.5655155,10.161177,7.6015987,4.017931,2.8605819,3.918357,6.368323,10.107497,11.654189,15.955908,19.486748,23.60825,23.695581,20.881607,24.140125,18.767859,22.921467,21.425808,25.3153
20,24.245321,22.313015,23.033604,17.70171,18.519775,19.03503,16.476295,21.803387,19.42035,23.976343,26.290026,28.087324,25.440262,22.815235,19.445688,16.116856,12.560955,10.013371,6.877553,4.2119727,0.0,4.8407583,5.627964,7.394155,11.206396,11.608941,14.54701,14.266578,14.20302,15.5674925,18.422302,19.14245,27.344193,27.470854,31.32389,33.34307,34.62785,33.302933,29.336073,24.861639,27.683367,21.304857,22.497152,19.014238,20.431866,18.367514,16.30045,17.5422,17.068817,18.869968,19.49829,18.92316,20.959831,21.1214,22.696026,25.296825,23.171625,24.93849,29.358315,27.279469,23.761599,26.807247,25.668577,24.368843,27.752571,23.191713,25.209267,22.057295,26.087389,22.833729,18.286697,18.256865,17.09084,17.28476,17.99227,14.686922,18.512476,19.186768,20.984354,24.295223,23.043951,19.037088,19.983047,16.379519,15.768585,12.001008,13.371979,9.85081,10.957052,12.195987,12.9728365,16.842417,15.172024,11.639726,7.992108,4.4097576,2.8141124,3.3285685,6.986737,9.544408,13.521912,15.412156,19.428635,23.200048,27.151625,27.224901,24.390871,27.114124,21.559261,25.465576,23.350466,27.105116
21,22.281366,21.065542,22.21286,17.291952,19.11645,19.65728,18.478676,23.824293,22.129374,26.87809,28.707418,30.150986,26.952383,24.457783,20.624472,18.289696,13.6673765,12.483571,8.086136,6.816394,4.8407583,0.0,5.592938,8.6961155,10.519508,12.496916,14.711078,15.945906,15.850622,18.426779,20.594006,22.488535,30.169996,30.822311,34.601692,36.570065,38.25836,37.018753,33.193916,28.765171,31.269293,24.991629,25.486393,21.891222,22.59413,19.973532,17.050543,17.641275,16.376959,17.375435,17.77068,16.27543,18.342623,18.68334,21.239023,24.372936,23.050514,24.37473,29.147238,27.364227,24.056343,27.84262,27.308733,26.522007,30.311537,26.254812,28.769579,26.056738,30.109121,26.54357,22.140497,22.664421,21.67697,22.029654,22.786942,19.425865,23.034775,23.445118,24.91533,28.188171,26.442326,22.599333,23.252317,19.98863,19.91472,16.18097,17.851067,14.610558,15.244383,16.217869,16.118034,19.965115,17.309395,13.492417,10.119338,7.3088555,7.0806427,7.1743727,10.520073,11.80163,16.631123,17.193237,22.097553,25.183292,28.72918,29.618176,27.025263,30.371988,25.247862,29.411207,27.651527,31.560259
22,26.54397,24.863644,26.529247,21.438047,22.838316,23.948685,21.665802,27.306034,25.038635,29.559277,31.898846,33.694004,30.946512,28.338295,24.836792,21.71532,17.869171,15.551489,11.993689,9.341371,5.627964,5.592938,0.0,4.3442006,8.152969,10.287268,14.352648,15.014081,17.165272,18.898993,22.1963,23.307777,31.405237,32.088226,35.493874,37.82916,38.948566,37.242363,33.546585,29.13983,31.27026,24.758127,25.835049,21.329689,23.206253,19.718071,17.560923,17.640423,16.247442,18.326136,19.63404,18.984411,21.754784,22.892727,25.011583,27.866602,25.721804,26.70323,31.240957,28.607447,25.458887,28.081224,27.82759,26.199749,30.3716,25.483736,27.706192,25.032276,28.358343,24.384806,20.256145,20.190865,20.249678,19.406136,21.67998,18.119953,22.126003,23.40749,25.117989,28.617735,27.522425,23.599545,25.21385,21.529757,20.846582,16.849787,17.990969,13.093985,13.676472,13.291946,13.109419,16.135246,13.6734915,9.234612,6.2070584,3.9359653,6.8025274,8.942034,12.422856,15.111826,19.013706,20.874556,25.009502,28.733042,32.674465,32.81833,29.9616,32.62426,26.896696,30.612013,28.185541,31.66031
23,26.717802,24.498915,26.59254,21.505054,22.571241,24.505745,21.54769,27.672068,25.553053,29.770105,32.81637,34.42438,31.921728,29.627329,26.049534,22.768394,19.4256,16.252537,14.132132,10.1083355,7.394155,8.6961155,4.3442006,0.0,5.7182093,6.5981317,11.48943,11.586506,15.152719,16.488361,20.305914,21.314243,29.244305,30.367672,33.265972,35.89948,36.81708,34.774117,31.39565,27.131842,28.579628,22.092445,23.140265,18.087172,20.477282,16.467117,14.891861,14.7922325,13.704619,16.533916,18.324451,18.627779,21.675665,23.270666,24.663237,27.112589,24.275684,25.043562,29.264816,26.10419,23.092785,24.90879,24.829641,22.795183,27.215508,22.086426,24.356112,22.085514,24.996817,20.691368,16.859993,17.215595,17.973286,17.47901,20.68396,17.72171,22.197819,23.884695,26.071354,29.491705,28.950203,24.915234,26.347757,22.497765,20.936829,17.519005,17.115894,11.665135,11.230002,10.11121,9.155918,12.058501,9.331089,4.9645076,2.1282113,3.5091913,6.7823024,10.242782,12.707075,16.273438,19.080275,21.603573,25.297188,29.205338,33.573334,33.139908,30.117563,32.68604,26.610895,30.059774,27.592133,30.693975
24,23.984339,21.938616,25.019411,20.53173,22.254005,25.083057,22.887598,29.501925,28.29341,32.48461,35.72016,36.711464,33.84474,32.03608,27.886412,25.428467,21.580063,18.762604,16.930983,12.670793,11.206396,10.519508,8.152969,5.7182093,0.0,4.51995,7.963675,10.217838,14.551704,17.116163,20.271616,22.720922,29.695976,31.89306,34.258602,37.04926,38.380905,36.22487,33.32435,29.267174,29.7504,23.57692,23.527533,18.186102,19.746723,14.699539,12.41496,11.077734,9.007258,11.671151,13.883806,14.420304,17.904707,20.37878,21.870287,24.38124,21.736763,21.668858,25.942785,22.625456,20.074615,22.12509,23.041885,21.50362,26.573936,22.221857,25.25179,23.982906,26.743774,22.024801,18.734575,20.45288,21.448332,22.050753,25.293016,22.8079,27.39237,28.883457,31.176271,34.48882,33.803528,29.72361,30.473557,26.773592,25.04535,22.08923,20.918139,16.100342,14.59651,13.621702,11.090454,13.8750305,9.556242,6.815665,6.42757,8.683976,10.655308,13.903221,15.787941,18.99453,21.758461,23.536837,27.76505,31.106411,35.485752,35.373135,32.45289,35.73722,29.832422,33.453907,31.499104,34.580296
25,23.882406,21.148731,24.06604,19.485754,20.500732,23.782103,20.80207,27.558949,26.394075,30.211136,34.00419,34.88308,32.37302,30.817427,26.814314,24.129734,21.019955,17.498404,17.073315,12.133245,11.608941,12.496916,10.287268,6.5981317,4.51995,0.0,5.478905,6.0073113,11.446809,13.311687,16.899979,18.998732,25.82848,28.174688,30.2241,33.166927,34.324764,32.0059,29.29629,25.383358,25.479366,19.397915,19.38123,13.813727,15.8299265,10.7366295,9.322502,8.596197,7.927658,11.493552,13.746926,15.385233,18.57839,20.820557,21.248331,23.154585,19.707363,19.913353,23.756649,20.102808,17.41145,18.693285,19.24523,17.308952,22.322515,17.75697,20.769783,19.714691,22.367514,17.636213,14.471216,16.747616,17.900599,19.27389,22.643661,20.844193,25.586853,27.186722,29.827528,32.95709,32.70095,28.598532,29.048899,25.330458,22.940016,20.657257,18.260172,13.70336,11.365594,10.426602,7.3194733,10.516537,6.2951736,5.4152446,5.7664638,8.92581,9.988772,13.552441,14.386972,18.109123,19.724121,22.122547,25.704296,29.211178,33.910435,33.195965,30.16948,33.254463,27.19422,30.539288,28.665237,31.443678
26,19.679684,16.730492,20.245138,16.369682,17.618523,21.759935,19.468328,26.400387,26.260462,29.842125,33.816006,33.987015,31.271376,30.34438,25.969955,24.174881,21.035128,17.894657,18.369307,13.597264,14.54701,14.711078,14.352648,11.48943,7.963675,5.478905,0.0,4.7765274,8.859606,12.065754,14.321857,17.986105,23.47815,26.77532,28.405216,31.310434,33.033062,30.854816,28.575867,24.961134,24.328459,18.884212,17.524181,12.544776,12.889439,7.5148573,4.7890334,3.319609,3.505498,6.908055,8.992926,11.62027,14.533793,17.03237,16.754808,18.333632,14.801675,14.57553,18.40924,14.838827,12.249167,14.3086405,15.3654585,14.440976,19.640018,16.451117,20.204227,20.025755,22.950563,18.496851,15.761626,19.317753,19.910671,22.759151,25.299341,24.101933,28.732862,29.874651,32.598694,35.466206,35.052925,30.987883,30.483345,27.089489,24.575562,23.027693,19.95338,16.81212,13.95302,14.093698,10.905948,14.227259,10.262294,10.826888,10.857156,13.203082,12.972988,15.8240185,15.70341,18.786118,19.912819,21.501226,25.279287,28.073286,32.72276,32.221703,29.385557,33.159576,27.532774,31.006336,29.887318,32.68357
27,22.17274,18.697308,21.39145,17.152836,17.312775,21.339947,17.8585,24.663858,24.102053,27.307825,31.733032,32.1157,29.930857,28.987642,25.060476,22.656622,20.459246,16.56765,18.110186,13.056528,14.266578,15.945906,15.014081,11.586506,10.217838,6.0073113,4.7765274,0.0,7.111563,8.419554,11.852637,14.278007,20.240892,23.197027,24.737457,27.797264,29.09483,26.728182,24.406797,20.8089,20.145739,14.498323,13.735727,8.229382,9.946234,4.91219,4.94006,6.054878,8.028304,11.366898,13.037416,15.789834,18.236706,20.02977,18.993523,19.980955,15.67362,16.260908,19.43745,15.6814785,12.784633,13.485674,13.3958645,11.45546,16.367546,12.23929,15.711538,15.337359,18.231287,13.852631,11.010126,14.826525,15.520961,18.814037,21.460247,20.834326,25.472677,26.803638,29.772385,32.488365,32.55064,28.537504,28.086529,24.644001,21.570885,20.545424,16.532732,13.614314,10.227087,10.48696,7.470258,10.952993,8.241589,9.946469,10.177022,12.65828,11.979976,14.941202,14.070264,17.700441,17.684372,20.256207,23.095343,26.344837,31.288483,30.036596,27.036522,30.236847,24.35197,27.436966,26.148014,28.609678
28,17.532038,13.744825,15.240062,10.923315,10.350041,14.573881,11.332419,18.156078,18.469114,21.549112,25.894861,25.731592,23.390354,22.922274,18.858473,17.233675,15.465827,12.053441,15.146256,11.079578,14.20302,15.850622,17.165272,15.152719,14.551704,11.446809,8.859606,7.111563,0.0,4.9402986,5.8068423,10.0494995,15.703415,18.48922,20.799335,23.293316,25.41951,23.849901,21.162771,17.477737,17.755175,12.553794,10.842677,8.423653,6.9378853,6.852748,5.502908,9.108094,11.508231,12.874012,12.783949,14.8946295,15.960689,16.243168,14.38916,15.046758,10.945452,13.133296,16.469784,14.378352,10.64415,13.663472,11.827825,11.755643,14.897301,12.498323,15.91811,14.975716,19.292147,16.440516,13.083428,16.857231,15.505566,20.238367,20.596952,20.408424,24.458168,24.817076,27.632347,29.931084,29.575993,25.756958,24.050766,21.189594,18.368425,18.263166,14.221629,13.970966,11.263318,13.728672,12.472363,16.59989,14.802134,15.415455,14.097701,14.760027,12.2036705,13.477245,11.135761,13.510691,12.699246,14.317944,17.238749,19.832647,24.685236,23.71567,20.916777,24.870293,19.662792,23.17128,22.855822,25.76171
29,21.933624,18.015057,18.739565,14.538402,12.749828,16.275043,11.513432,17.674212,17.307613,19.728825,24.681229,24.839962,23.307634,22.805077,19.534859,17.094654,16.729637,12.597045,16.661083,12.690101,15.5674925,18.426779,18.898993,16.488361,17.116163,13.311687,12.065754,8.419554,4.9402986,0.0,5.0286756,5.939024,12.794091,14.948884,17.202354,19.935034,21.445236,19.615774,16.775724,13.004899,13.400176,7.711834,7.0768685,5.1391454,5.638903,7.74065,8.935797,12.401523,15.124705,17.184814,17.460865,19.782907,20.88587,20.981684,18.781334,18.876131,14.405095,16.831856,19.23151,16.894888,13.428164,14.525824,11.548698,10.294901,12.354868,8.889823,11.586507,10.1107235,14.691514,12.492129,9.136288,12.966052,11.319694,16.834476,17.044964,17.74663,21.6519,22.227528,25.324879,27.387655,27.67089,23.985798,22.39352,19.533203,15.953104,16.6917,11.330467,11.929364,8.957675,11.753019,11.385743,14.981737,14.664648,15.955507,14.962394,15.707743,13.098137,14.359207,11.370694,14.228256,11.718038,14.797265,16.075672,19.301407,24.439945,22.400724,19.396034,22.424215,16.841192,19.739956,19.213614,21.638563
30,18.94883,14.9155,14.977221,11.692397,9.188916,13.313703,9.42805,15.215197,16.283245,18.243408,23.14878,22.44105,20.749704,21.04182,17.610498,16.415989,16.358154,13.213579,17.89767,14.81263,18.422302,20.594006,22.1963,20.305914,20.271616,16.899979,14.321857,11.852637,5.8068423,5.0286756,0.0,6.1966043,10.116737,13.144307,15.387004,17.670483,20.160261,18.976372,16.473597,13.2674,13.455327,9.671493,6.9758205,8.428126,5.1301455,9.731043,10.149693,13.845889,16.73442,17.7239,17.134628,19.333107,19.521929,18.907703,15.83844,15.239981,10.988895,14.145219,16.105467,14.984992,11.517104,13.843718,10.227457,10.957474,11.710329,10.993173,13.7986965,13.080594,17.718664,16.395933,13.70971,17.577555,15.325533,21.22929,20.31435,21.273981,24.673203,24.580006,27.465029,29.150406,29.098085,25.666882,23.03486,20.826212,17.648605,19.04952,14.125033,16.107878,13.633372,16.696217,16.235027,19.892286,19.170149,20.320951,19.05952,19.414614,16.370398,16.837646,13.443986,14.942446,11.9794035,13.542485,14.740753,16.79268,21.731325,19.98942,17.349588,21.262035,16.725391,19.76024,20.357498,22.868044
31,24.725784,20.842619,20.20407,16.58997,13.523659,15.932699,10.457733,14.771302,14.41334,15.563034,21.046926,21.092373,20.500542,20.416565,18.193802,15.742767,17.269949,13.485094,18.742535,15.96832,19.14245,22.488535,23.307777,21.314243,22.720922,18.998732,17.986105,14.278007,10.0494995,5.939024,6.1966043,0.0,8.666604,9.202605,12.218828,14.598592,16.020071,14.692359,11.325308,7.471825,9.332531,4.953132,5.5318317,8.496173,8.37268,12.981665,14.550994,18.126078,20.969328,22.739885,22.61923,24.732586,25.240358,24.526667,21.810543,21.279007,17.144882,20.248299,21.805857,20.336018,17.102001,17.791552,13.617388,12.774344,12.025926,9.827399,10.697282,8.415177,13.535253,13.575802,10.93632,13.735264,10.670782,17.07286,15.417923,17.40421,20.323761,20.358152,23.457977,24.82216,25.496906,22.313187,19.941751,17.80175,13.892068,16.318014,10.375377,13.737618,11.771299,15.052464,15.868301,18.895966,19.6725,20.955694,19.760555,19.88152,16.828337,17.093504,13.343176,15.198259,10.64565,14.035744,13.067241,16.194052,21.318092,18.237465,15.293731,17.638733,12.498116,14.725236,14.968029,16.99244
32,26.439632,22.52323,21.47068,19.891743,16.352833,19.136965,15.288554,17.49987,19.049809,18.340235,23.850897,22.49494,22.609158,23.984238,22.268312,21.395086,23.533031,20.73103,26.27014,23.837746,27.344193,30.169996,31.405237,29.244305,29.695976,25.82848,23.47815,20.240892,15.703415,12.794091,10.116737,8.666604,0.0,6.167665,5.6799364,8.109681,10.949782,10.26167,9.413628,9.099815,7.2819786,9.693377,7.112773,13.225414,10.854267,17.024807,19.078978,22.46877,25.765896,26.83975,26.235386,28.807016,28.537786,27.540411,23.526947,21.551065,17.644905,20.653837,20.226385,19.871267,17.708939,17.462479,12.61384,13.474307,9.361838,12.046485,12.418302,12.960325,16.319218,17.886993,17.25488,20.662077,18.141304,24.700294,22.74795,25.480621,27.775808,27.42885,30.353865,30.988508,31.83325,29.228695,25.89784,24.713316,21.097532,24.321344,18.611715,22.353033,20.156654,23.03474,23.240805,25.730488,26.428728,28.47895,27.68505,28.159534,25.11714,25.293522,21.43716,22.460936,17.61744,19.423618,17.437843,18.503927,22.839687,19.314129,17.367502,19.717003,16.967533,17.843344,19.76488,20.573538
33,29.680416,26.019545,24.070023,21.99028,18.093386,19.246346,14.850138,15.15566,15.82473,14.022597,19.604221,18.771736,19.893839,21.042482,20.52803,19.141138,22.523125,19.919384,25.690195,24.08438,27.470854,30.822311,32.088226,30.367672,31.89306,28.174688,26.77532,23.197027,18.48922,14.948884,13.144307,9.202605,6.167665,0.0,5.466734,6.02503,8.042869,8.73337,5.7861457,5.7264957,8.1522,10.529448,10.675292,16.300045,15.176655,20.99983,22.826567,26.419317,29.489933,30.805447,30.22304,32.299686,32.056473,30.591103,27.117493,25.612068,22.165483,25.583288,25.757767,25.489723,22.920183,23.090132,18.258053,18.36522,14.592208,15.420472,14.504653,13.215492,16.84497,19.390903,18.290565,20.254854,16.825796,23.009895,19.649439,22.89009,24.237625,23.465317,26.171928,26.265163,27.38652,25.303831,21.778801,21.190825,17.739199,21.77099,16.547901,21.530485,20.272633,23.46515,24.679514,27.134834,28.505445,30.020689,28.827335,28.658749,25.396946,24.93957,20.937954,21.48711,15.946026,18.167404,14.488285,15.846829,19.92737,15.409875,13.512877,14.424763,12.337594,12.233897,14.72263,15.199332
34,31.955042,28.111439,26.729723,25.181229,21.45261,23.476397,19.372667,20.205374,21.23353,19.392492,24.868164,23.708494,24.852869,26.298656,25.552622,24.375883,27.370901,24.541456,30.223846,28.033587,31.32389,34.601692,35.493874,33.265972,34.258602,30.2241,28.405216,24.737457,20.799335,17.202354,15.387004,12.218828,5.6799364,5.466734,0.0,3.7375488,5.3962135,5.2418222,6.0277796,8.51164,6.548953,11.830892,11.054397,17.035011,15.821518,21.723295,24.209805,27.535006,30.863253,32.22299,31.783348,34.394535,34.1926,33.121178,29.134977,27.083593,23.286882,26.218039,25.426908,25.005838,23.10104,21.994389,17.224798,17.393808,12.391038,14.845047,13.539762,14.03319,16.257706,19.34317,19.50754,22.069244,19.533846,25.802677,23.40504,26.897873,28.495356,28.132126,30.988165,31.076101,32.505627,30.405767,27.131742,26.383856,22.676098,26.526863,20.791204,25.041132,23.196709,25.88689,26.60142,28.498425,29.989626,32.228012,31.57391,32.00083,29.02981,29.099726,25.192112,26.196795,20.840977,23.079924,19.836596,20.89506,24.777977,20.362652,18.760118,19.518328,17.667168,17.04483,19.251497,18.854572
35,33.11446,29.496428,27.506132,26.349161,22.446136,23.791426,20.16328,19.7185,21.06971,18.479832,23.587158,22.108173,23.743435,25.550676,25.375025,24.621332,28.10195,25.761066,31.555206,29.900328,33.34307,36.570065,37.82916,35.89948,37.04926,33.166927,31.310434,27.797264,23.293316,19.935034,17.670483,14.598592,8.109681,6.02503,3.7375488,0.0,4.593244,6.9453974,7.563241,10.41868,10.064204,14.945299,14.309296,20.361496,18.82919,24.888031,27.052824,30.488264,33.757088,34.88625,34.200523,36.55385,36.05246,34.57526,30.569643,28.423107,25.134035,28.29089,27.42453,27.57559,25.663857,25.089563,20.300388,20.85936,15.878781,18.466503,17.164528,17.203064,19.571856,22.831234,22.736351,24.943918,21.99618,28.120396,24.967775,28.530184,29.628078,28.845602,31.443197,31.14546,32.48462,30.763264,27.056717,26.856884,23.530964,27.70996,22.467434,27.292685,25.80145,28.73225,29.676638,31.758162,33.228325,35.20265,34.29223,34.395344,31.2138,30.881615,26.876167,27.336668,21.842669,23.582035,19.74799,20.121202,23.407368,18.823154,17.752525,18.164078,17.598427,16.550812,19.474443,18.948425
