,0,1,2,3,4,5,6,7,8,9,10,11,12,13,14,15,16,17,18,19,20,21,22,23,24,25,26,27,28,29,30,31,32,33,34,35,36,37,38,39,40,41,42,43,44,45,46,47,48,49,50,51,52,53,54,55,56,57,58,59,60,61,62,63,64,65,66,67,68,69,70,71,72,73,74,75,76,77,78,79,80,81,82,83,84,85,86,87,88,89,90,91,92,93,94,95,96,97,98,99,100,101,102,103,104,105,106,107,108,109,110,111
0,0.0,4.319468,6.295032,9.685457,12.126462,14.621616,17.636597,21.872066,24.811562,27.23788,31.679892,29.595015,27.813744,26.841806,22.029604,22.040333,17.197418,17.117851,14.917316,13.705897,14.968304,10.826926,15.64445,17.844173,17.54074,19.766708,20.730751,22.842148,19.477829,23.84196,22.317568,27.309063,30.49134,32.47894,35.484592,36.48043,40.149067,39.81261,37.203323,33.98348,35.01676,31.597607,29.24659,28.418718,25.522758,25.019966,21.02543,21.723019,20.718855,18.94016,17.908869,14.676626,15.2107525,13.808102,18.504604,22.220558,23.866383,25.253607,29.589062,30.611723,27.664972,33.67291,32.85393,34.360447,38.36791,35.818504,39.018677,36.661407,41.314487,38.01319,33.5644,34.17408,32.019333,33.020626,31.782747,28.184994,29.978004,30.61899,30.30379,33.20017,30.354097,27.163097,26.890526,24.88239,26.502085,22.821495,26.841904,24.56545,26.420824,28.3437,29.758257,30.258604,33.282093,35.725883,35.710896,33.754322,35.184994,31.679607,32.115116,33.759956,31.665571,35.53826,32.966843,37.683033,41.66541,37.512844,34.40975,33.406906,27.491133,27.394304,23.312698,22.641249
1,4.319468,0.0,5.2902308,6.448593,8.803061,12.172228,14.34214,19.324188,21.59452,24.452848,28.453129,26.525856,25.188297,23.87539,19.3039,18.602777,13.913877,13.194254,11.099636,9.400219,10.947926,7.3440056,12.506136,14.219138,14.754848,16.20871,17.578217,19.188585,15.41313,19.641663,18.24564,23.061193,26.650661,28.482088,31.633827,32.739445,36.262104,35.87151,33.10548,29.782024,30.988054,27.416994,25.259007,24.447935,21.748692,21.462675,17.665703,18.77468,18.13455,16.944227,15.850688,13.486808,14.320433,12.9005,16.835182,20.410881,21.328022,23.07624,27.507605,28.208948,24.990507,30.73483,29.53967,30.810154,34.611397,31.886538,34.95322,32.4485,37.135193,33.948772,29.432371,29.99773,27.73643,28.857746,27.530521,24.02155,25.933676,26.595655,26.494654,29.446777,26.838379,23.45334,23.17037,20.92518,22.300158,18.63556,22.523638,20.364365,22.317957,24.41308,26.00638,26.741644,29.643982,32.270756,32.45734,30.557251,31.817808,28.23869,28.397974,30.168936,27.792622,31.859734,29.215214,34.059086,38.217724,34.273445,31.096369,30.596016,24.452496,24.92638,20.964561,20.837355
2,6.295032,5.2902308,0.0,5.1704326,6.849392,8.6659975,11.969464,15.678215,18.927761,21.063665,25.741137,23.760044,21.876293,21.267418,16.401428,16.84589,12.605875,12.776466,12.389943,11.592855,14.497069,11.960584,17.24065,18.1991,18.684124,19.534498,19.785025,21.062489,16.219599,20.539076,17.991299,23.430038,25.327692,27.965109,30.380241,31.403467,35.171917,34.767216,32.629,29.808596,30.20386,27.559214,24.71184,24.85538,21.227299,21.920992,18.264639,19.74225,19.746458,17.862934,15.84673,13.509202,12.849937,9.937388,13.981296,17.355547,19.330378,21.311403,25.1703,26.763739,23.968393,29.957949,28.662313,30.638632,34.089523,32.236526,35.4485,33.27394,38.216366,35.42886,30.942553,32.174698,29.463095,31.489267,29.312807,26.370632,27.882986,27.858358,27.566933,30.066359,27.139711,24.114403,22.72334,21.253126,23.030281,20.181557,23.998178,22.938742,24.71556,27.371971,28.77535,29.435148,31.692936,34.668377,34.49885,32.218033,33.092533,29.077036,29.020378,30.032059,27.544624,30.971561,27.929405,32.369766,36.16221,31.75814,28.718483,27.658356,21.72478,21.377441,17.475088,16.518744
3,9.685457,6.448593,5.1704326,0.0,3.7861876,6.060307,8.779157,13.229446,15.509954,18.509712,22.375366,20.139545,18.771965,17.445684,12.8719425,12.373613,7.8616905,7.81582,7.487584,7.4951644,10.944161,9.85843,15.077812,15.649707,17.676767,17.346542,18.522587,18.819166,12.945807,16.687544,13.981522,18.834455,21.010262,23.101728,25.908613,26.83418,30.5762,30.358019,27.955244,25.07399,26.029749,23.439455,20.991552,21.62232,18.277903,19.78095,16.681986,18.875553,19.422941,18.488285,16.523392,15.417731,15.180267,12.393306,14.964165,17.84728,18.769377,21.397959,25.190533,26.40706,23.2731,28.726234,26.682802,28.280933,31.13904,29.04401,31.889755,29.27795,34.346745,31.917831,27.279009,28.208656,25.166573,27.097576,24.444935,21.628513,22.880457,22.716553,22.436304,24.93648,22.124659,19.003244,17.704254,16.096807,17.999046,15.194847,19.384026,18.883034,21.133696,24.01456,25.908361,27.0647,29.162487,32.372715,32.636307,30.545216,31.137527,27.057331,26.415089,27.59577,24.384848,28.103882,24.592905,29.17679,33.262318,29.077013,25.91884,25.87438,19.47691,19.98001,16.560015,16.112343
4,12.126462,8.803061,6.849392,3.7861876,0.0,5.2679276,5.5589323,11.001606,12.915812,15.738434,19.751814,18.275398,17.259975,16.264719,11.984313,11.129099,8.174392,6.795594,9.008081,7.7528257,11.831674,11.738346,16.204298,15.679093,17.335335,16.443136,16.651459,16.646032,10.450671,14.359358,11.265531,16.842283,18.667519,21.564041,23.83845,25.151821,28.690943,28.079962,25.936718,23.145275,23.35872,20.850708,17.967556,18.685064,14.931336,16.719265,13.802189,16.256613,17.3178,16.354015,14.023693,13.67712,13.10194,10.286604,11.818709,14.428572,15.090126,17.890865,21.556904,22.80466,19.731476,25.146276,23.072763,24.899496,27.77553,26.022507,29.051958,26.824865,31.906172,29.533354,25.026478,26.575382,23.505575,26.307022,23.629324,21.326582,22.899206,22.561111,22.706411,25.028406,22.566822,19.377996,17.239449,15.707186,16.987154,14.92494,18.027576,17.96002,19.621557,22.815695,24.318033,25.300653,26.912092,30.299555,30.301884,28.000538,28.358881,24.089006,23.392149,24.237904,21.165337,24.646671,21.294529,25.847105,29.854488,25.686293,22.531649,22.276094,15.93386,16.591461,13.060496,13.243349
5,14.621616,12.172228,8.6659975,6.060307,5.2679276,0.0,5.9393525,7.5373197,10.944097,13.258475,17.637495,15.169912,13.247314,12.700811,7.8634567,9.050225,6.4217286,7.937715,10.511011,11.643439,15.643665,15.630473,20.50788,20.337063,22.507973,21.396957,21.707806,21.293467,14.474419,17.542875,13.470768,18.390854,17.977966,20.952961,22.736908,23.480913,27.480944,27.33059,25.762701,23.68106,23.710758,22.594294,19.524801,21.703325,17.514328,20.609041,18.229393,20.933428,22.303644,21.134724,18.469595,18.034073,16.624748,12.818117,13.982449,15.852074,17.419804,20.57034,23.344994,25.427832,22.79681,27.99136,25.477926,27.719795,29.698904,28.690275,31.442137,29.139252,34.424038,32.724304,28.236286,29.810919,26.234478,29.14795,25.422052,23.553272,24.164011,23.065016,22.599415,24.336903,21.335129,18.875984,15.987126,15.662462,17.970974,16.653725,20.40268,21.489552,23.521523,26.933552,28.697731,29.90386,31.15039,34.738914,34.777027,32.408173,32.420013,27.959513,26.80705,27.065327,23.465506,26.313738,22.082983,26.021582,29.681744,25.03109,22.061981,21.881468,15.670242,15.465506,12.770239,11.32913
6,17.636597,14.34214,11.969464,8.779157,5.5589323,5.9393525,0.0,6.8136406,7.563888,10.501275,14.291838,13.440648,13.020929,12.317731,9.005497,7.7495623,8.007795,6.2851872,11.265231,10.6475315,14.82588,16.165548,19.84854,18.34234,20.44289,18.38954,17.995756,16.852303,9.876758,12.566417,8.189533,13.81926,13.803493,17.65225,19.057455,20.585545,24.029186,23.2072,21.615044,19.356524,18.677717,17.226488,13.82928,16.013512,11.633958,15.270359,13.583791,16.703512,18.753637,18.162382,15.485165,16.456398,15.327599,12.42093,11.595848,12.7623415,12.833533,16.33982,19.07692,20.595655,17.794296,22.511541,19.696032,21.84404,23.785933,22.852098,25.711855,23.744928,28.975246,27.312687,23.002625,25.179718,21.669477,25.53585,22.051006,20.810318,22.057192,21.025444,21.40464,23.126612,20.99724,18.168304,14.664842,13.887504,14.836629,14.418709,16.424046,17.967329,19.263496,22.945911,24.317768,25.44041,26.0942,29.85131,29.778788,27.339666,27.034197,22.485594,21.102774,21.18408,17.562403,20.43125,16.453995,20.695208,24.59118,20.301886,17.160221,17.3425,10.818484,11.943767,9.288696,10.087565
7,21.872066,19.324188,15.678215,13.229446,11.001606,7.5373197,6.8136406,0.0,5.2739625,5.9381146,10.88477,9.1234665,7.3155017,8.426979,5.7214932,7.9196215,10.134055,11.092706,15.738868,16.74973,20.861362,22.021595,26.159927,24.957922,27.232477,25.152576,24.578287,23.236536,16.291523,18.038557,13.179804,17.42963,13.728381,18.088072,18.103916,18.957655,22.832813,22.44224,22.073202,21.091322,19.599308,20.382526,16.766384,20.64694,15.992537,20.735493,19.64527,22.746813,25.026722,24.047218,21.024336,21.79265,19.749382,16.012672,14.713674,14.68265,16.017351,19.605755,20.850918,23.524206,21.583994,25.801273,22.660938,25.437973,26.12871,26.507925,29.004267,27.28695,32.55142,31.784834,27.753162,30.137999,26.215387,30.355894,25.83193,25.297472,25.52123,23.576149,23.360182,24.148085,21.620216,19.900478,15.277134,16.259106,18.0923,18.778578,21.021833,23.72501,25.166685,28.98745,30.431305,31.64003,31.755539,35.66529,35.4755,32.914055,32.171627,27.507595,25.721003,24.852041,20.967619,22.516506,17.654709,20.538158,23.590158,18.59027,15.948082,15.92911,10.356189,9.676873,9.073192,7.405393
8,24.811562,21.59452,18.927761,15.509954,12.915812,10.944097,7.563888,5.2739625,0.0,4.617361,6.879188,6.3944893,7.337211,7.220678,7.2680817,6.4539485,10.962557,10.589113,15.9444,16.66888,20.463121,22.705906,25.948744,24.060236,26.856327,23.92625,23.535213,21.339563,14.529684,14.929567,10.139645,13.21008,8.536925,13.444894,13.122317,14.4553385,18.001823,17.332897,16.932161,16.105736,14.358881,15.6656065,12.27308,17.029957,12.868298,18.473093,18.399826,21.808905,24.508972,24.314651,21.58146,23.264791,21.759027,18.765455,16.554157,16.011902,15.678243,19.487011,20.533754,22.43026,20.330055,23.525305,19.675003,21.996073,21.871277,22.294939,24.393507,22.5951,27.833437,27.555302,23.707079,26.189745,22.124775,26.712875,21.949297,22.167622,22.372433,20.23022,20.510183,21.04653,19.27635,17.563356,12.463691,13.513835,14.510647,16.335165,17.41911,21.005264,22.21973,26.130476,27.602911,29.040825,28.654715,32.67837,32.725235,30.35061,29.23431,24.679836,22.323608,21.373857,16.901428,18.406485,13.052821,16.02606,19.494736,14.952921,12.097782,13.793625,8.020532,9.566751,10.106371,10.62755
9,27.23788,24.452848,21.063665,18.509712,15.738434,13.258475,10.501275,5.9381146,4.617361,0.0,6.0123363,7.1040344,7.2814507,9.323057,9.781707,10.690007,14.791938,14.809215,20.108742,20.638811,24.603443,26.479988,29.92867,27.971663,30.189917,27.48014,26.297863,24.324282,17.976755,18.586264,13.925431,17.170767,11.324846,16.786512,15.081134,16.37458,19.630362,18.705091,19.40199,19.313225,16.307247,18.563066,14.745013,19.601866,15.102222,20.64677,20.68886,23.866127,26.692602,26.04023,23.036371,24.715414,22.601171,19.433851,16.617155,15.218785,15.662243,19.257404,19.242113,21.943743,20.597456,23.603977,20.022377,23.024017,22.59622,24.119656,26.339617,25.27326,30.281506,30.221764,26.75531,29.76287,25.841755,30.855532,26.156925,26.634855,26.840315,24.557207,24.790682,24.99335,23.218554,21.879032,16.583942,18.019632,18.936398,20.933546,21.620934,25.194172,25.992903,29.924007,30.994919,32.129417,31.351143,35.37269,35.012638,32.401344,31.08487,26.474825,24.259232,22.523815,18.66573,18.970203,13.916549,15.663463,18.146603,12.99459,10.697076,11.147384,6.8941236,6.569526,8.777975,8.625058
10,31.679892,28.453129,25.741137,22.375366,19.751814,17.637495,14.291838,10.88477,6.879188,6.0123363,0.0,5.412843,8.520169,9.397465,12.365034,11.870985,17.156208,16.872782,22.105328,22.945686,26.442707,29.167534,31.929564,29.619875,32.53292,29.099426,28.414175,25.648018,19.631062,18.723413,14.65461,15.568411,7.650013,12.922984,9.824812,11.186704,13.978759,13.060648,14.52688,15.490009,12.134081,16.16558,13.277971,19.17137,15.782012,21.90515,22.946932,26.309328,29.390923,29.469109,26.792671,29.03035,27.378965,24.626593,21.53656,19.947428,19.129581,22.713554,22.377909,24.285454,22.927557,24.553581,20.21119,22.513538,20.51334,22.373213,23.707752,22.5085,27.291235,28.21897,25.147682,27.991138,23.904016,29.06211,23.868477,25.328297,25.026165,22.315666,22.768528,22.283104,21.29725,20.549505,15.055975,17.05301,17.422932,20.640766,20.41718,25.007925,25.776636,29.641619,30.89644,32.37552,31.068377,35.134014,35.146214,32.854294,31.096067,26.783625,23.87274,22.00446,17.503124,17.30316,11.605358,12.302785,14.786892,10.43034,8.55344,11.967643,9.26353,10.904053,13.785197,14.546011
11,29.595015,26.525856,23.760044,20.139545,18.275398,15.169912,13.440648,9.1234665,6.3944893,7.1040344,5.412843,0.0,4.0923743,4.261912,8.283734,8.7845335,13.880077,14.906001,19.441874,21.426262,24.880976,27.327871,30.619238,29.026142,32.482613,29.319302,29.498444,26.974518,20.160254,19.690197,15.264983,16.138195,8.931212,12.397788,10.953341,10.865946,14.913048,15.319928,15.929373,16.551922,15.193546,18.500916,16.06337,21.704542,18.245295,24.191795,24.521797,27.995277,30.736326,30.684052,27.973988,29.556118,27.94737,24.665695,22.610956,21.792166,21.675367,25.436405,25.817545,27.906729,26.12398,28.58741,24.345697,26.453215,24.959158,25.925283,27.192852,25.149654,30.205679,30.924706,27.337568,29.386673,25.014128,29.223831,23.516453,24.414486,23.42289,20.464935,20.136206,19.569565,17.768343,17.431486,11.925013,14.645912,16.368567,19.043583,20.483534,24.958374,26.599714,30.424568,32.282032,34.061527,33.435535,37.489048,37.826492,35.649223,34.243397,29.860954,27.045908,25.85374,20.97859,21.772488,15.887853,17.371098,20.11053,15.838676,13.83456,16.660381,12.673056,13.592757,15.484891,14.979156
12,27.813744,25.188297,21.876293,18.771965,17.259975,13.247314,13.020929,7.3155017,7.337211,7.2814507,8.520169,4.0923743,0.0,3.9412777,6.274139,9.039667,12.990475,14.988307,19.126072,21.456163,25.13161,26.919735,30.831923,29.715277,32.93069,30.274597,30.399845,28.369436,21.270618,21.65386,16.93043,18.84561,12.582428,15.856841,14.987352,14.642577,18.848246,19.406837,19.874563,20.170933,19.007254,21.724512,18.932583,24.135,20.179604,25.792717,25.490797,28.84735,31.3533,30.831018,27.93643,28.957434,27.040972,23.321098,21.831873,21.285965,22.112856,25.809196,26.30901,28.915678,27.192568,30.366184,26.50443,28.961708,28.077688,28.96918,30.58474,28.54779,33.716366,34.044243,30.238323,32.234547,27.893667,31.81489,26.223597,26.526741,25.536402,22.718134,21.973736,21.644554,19.147285,18.794918,13.617038,16.257212,18.663097,20.51743,22.864466,26.794785,28.652166,32.48043,34.37069,36.03437,35.766983,39.793446,39.990356,37.6692,36.50873,31.981245,29.498814,28.368574,23.759195,24.695301,18.999384,20.668053,23.212168,18.489363,16.48811,18.114534,13.901021,13.626695,15.051034,13.349098
13,26.841806,23.87539,21.267418,17.445684,16.264719,12.700811,12.317731,8.426979,7.220678,9.323057,9.397465,4.261912,3.9412777,0.0,5.0076637,6.2567234,10.591899,12.6320095,16.402029,19.162348,22.507988,24.662493,28.300419,27.281023,31.038534,28.17512,28.994864,26.751253,19.557817,19.559341,15.0966215,16.212276,10.765718,12.89549,13.186897,12.611228,17.074615,17.9911,17.653711,17.572714,17.556904,19.800568,17.618376,22.706959,19.26547,24.807123,24.549784,28.011965,30.416706,30.301085,27.66506,28.740467,27.305569,23.80285,22.633883,22.5225,22.741714,26.538103,27.610067,29.649536,27.485935,30.593876,26.517775,28.443771,27.581476,27.761957,29.131897,26.547094,31.77251,32.090935,28.111334,29.588093,25.15611,28.587563,22.82475,23.042759,21.783064,18.921076,18.057322,17.808586,15.254234,14.867178,9.736406,12.552783,15.285913,17.13375,19.890257,23.932318,26.164196,29.884157,32.122185,34.05516,34.0228,38.005898,38.55487,36.471237,35.408478,31.01552,28.389065,27.780005,22.78761,24.401175,18.581892,20.844255,23.983822,19.715134,17.408451,19.872932,14.947704,15.699917,16.54697,15.487168
14,22.029604,19.3039,16.401428,12.8719425,11.984313,7.8634567,9.005497,5.7214932,7.2680817,9.781707,12.365034,8.283734,6.274139,5.0076637,0.0,4.8680115,6.90712,9.7044115,13.198688,15.902405,19.543978,20.95722,25.176933,24.580008,27.924376,25.678493,26.438536,24.831915,17.474802,18.647442,14.031073,16.78688,13.406138,15.904455,17.045788,16.994547,21.35657,21.88833,20.960154,19.963053,20.08482,20.938969,18.308922,22.432585,18.54099,23.367962,22.287283,25.559141,27.605335,27.091713,24.40073,24.899677,23.42142,19.699343,19.332575,19.88764,20.731596,24.405464,26.097271,28.281704,25.916924,29.924719,26.372189,28.48986,28.745867,28.439903,30.384329,27.80999,33.16977,32.68533,28.395235,29.857197,25.642788,28.810091,23.674948,22.956266,22.295837,20.063278,19.17701,19.808187,16.766417,15.494511,11.20196,12.808823,15.803947,16.298115,19.869633,22.871769,25.204884,28.874554,31.044512,32.76625,33.275272,37.157513,37.54528,35.33649,34.68749,30.19246,28.082327,27.812891,23.22022,25.392796,20.016445,23.058676,26.458727,21.860476,19.203283,20.540949,14.811757,15.032656,14.575969,13.007159
15,22.040333,18.602777,16.84589,12.373613,11.129099,9.050225,7.7495623,7.9196215,6.4539485,10.690007,11.870985,8.7845335,9.039667,6.2567234,4.8680115,0.0,5.5408735,6.4291887,10.662939,12.968652,16.33428,18.67971,22.11497,21.03625,24.861305,22.050749,23.253454,21.15996,13.856898,14.316591,9.994213,12.055827,10.128409,12.126321,14.249726,14.691704,18.750803,19.05951,17.321194,15.691917,16.537401,16.633736,14.528152,18.472675,15.219768,20.056374,19.376633,22.804039,24.95056,25.097717,22.760717,23.812805,22.97741,19.928667,19.229279,19.881521,19.522861,23.255964,25.358278,26.717987,23.956972,27.54224,23.726583,25.23561,25.48288,24.530111,26.286213,23.369757,28.733984,28.200209,23.837421,25.064878,20.822313,23.974998,18.895298,18.277367,17.882353,15.819775,15.460037,16.472149,14.014356,12.006739,7.62074,8.445465,11.007109,11.777395,15.024185,18.290062,20.681223,24.340971,26.66401,28.593351,29.087198,32.9587,33.62807,31.645391,30.970144,26.646868,24.330412,24.502012,19.607924,22.391275,17.113968,20.770819,24.750528,20.753271,17.823229,20.065453,13.923315,15.587435,14.922305,14.855304
16,17.197418,13.913877,12.605875,7.8616905,8.174392,6.4217286,8.007795,10.134055,10.962557,14.791938,17.156208,13.880077,12.990475,10.591899,6.90712,5.5408735,0.0,4.5811424,6.321885,9.680365,12.976806,14.336082,18.56087,18.495956,22.271265,20.319607,22.166353,20.90025,13.76093,15.498326,11.861034,14.816221,15.287832,16.503292,19.470192,19.77768,23.814161,24.235195,21.957397,19.669662,21.238743,20.036867,18.091665,20.644703,17.500233,21.046116,19.331402,22.396008,23.851006,23.727808,21.595743,21.730959,21.2135,18.10548,18.87204,20.53935,20.747873,24.170635,27.079756,28.37925,25.32417,29.732754,26.504883,27.907085,29.173185,27.477911,29.541893,26.397429,31.704653,30.417847,25.767277,26.435192,22.553257,24.644083,20.324877,18.424051,18.321611,17.068796,16.310123,18.153864,15.096138,12.533524,10.333365,9.813874,12.904988,11.450695,16.300182,17.988857,20.883804,24.190153,26.726093,28.584494,29.953382,33.56205,34.301918,32.393497,32.2897,28.079327,26.344198,27.156178,22.709906,26.13791,21.433939,25.57399,29.691797,25.61215,22.553259,24.010809,17.530413,18.669436,16.792933,16.225552
17,17.117851,13.194254,12.776466,7.81582,6.795594,7.937715,6.2851872,11.092706,10.589113,14.809215,16.872782,14.906001,14.988307,12.6320095,9.7044115,6.4291887,4.5811424,0.0,5.6478257,6.564231,10.193937,12.480657,15.869774,14.902865,18.628325,16.198755,17.914345,16.384068,9.240166,11.061937,7.786287,11.426533,13.790684,15.389417,18.523777,19.58502,23.08175,22.893028,20.21939,17.321388,18.77217,16.492235,14.604478,16.374674,13.547084,16.689146,15.11532,18.25706,19.843016,20.169283,18.280548,19.031353,18.999596,16.64225,16.872202,18.556158,17.81155,21.142202,24.39412,25.047865,21.733587,25.956566,22.802988,23.872541,25.56633,23.422651,25.66624,22.616945,27.86227,26.203856,21.527874,22.409988,18.735981,21.26153,17.588308,15.6514225,16.57931,15.876572,16.050404,18.31308,16.133286,12.821472,10.76495,8.918591,10.484421,8.827562,12.663713,14.0001,16.53261,19.945892,22.2764,24.063622,25.388653,28.998447,29.723558,27.847574,27.780062,23.64431,21.988497,23.106308,18.838112,22.702135,18.556185,23.187294,27.596846,23.93151,20.71747,22.275494,15.695987,17.677917,15.464923,16.171942
18,14.917316,11.099636,12.389943,7.487584,9.008081,10.511011,11.265231,15.738868,15.9444,20.108742,22.105328,19.441874,19.126072,16.402029,13.198688,10.662939,6.321885,5.6478257,0.0,5.2295,7.164986,8.792594,12.607883,13.21739,17.605465,15.968479,19.166777,18.264595,12.287578,14.235022,12.452174,14.867693,18.520987,18.6595,22.690157,23.278896,26.795612,27.071304,23.86178,20.658947,23.30879,20.432255,19.358585,20.21223,18.208994,20.18034,18.075596,20.691818,21.450907,21.905619,20.575886,20.47787,21.075706,18.978695,20.498013,22.85309,22.34842,25.325315,29.079266,29.479202,25.955606,30.380638,27.53687,28.160889,30.204323,27.3143,29.349323,25.808727,30.803396,28.804064,24.020113,23.792469,20.504002,21.282589,18.215258,15.089945,15.791221,15.860054,15.474627,18.350279,15.834518,12.355316,12.662806,10.204615,12.391019,8.757621,14.348468,14.206816,17.603031,20.280159,23.161335,25.143213,27.364468,30.56894,31.697874,30.193882,30.614927,26.892456,25.565966,27.377691,23.304628,27.621819,23.756714,28.500507,33.023026,29.513361,26.303715,27.889671,21.29935,23.068377,20.513523,20.76954
19,13.705897,9.400219,11.592855,7.4951644,7.7528257,11.643439,10.6475315,16.74973,16.66888,20.638811,22.945686,21.426262,21.456163,19.162348,15.902405,12.968652,9.680365,6.564231,5.2295,0.0,4.2348366,6.3689175,9.465211,8.994212,12.725151,11.120318,14.002099,13.495506,8.347037,11.313788,10.574538,14.124885,19.157642,20.15321,23.861132,25.175797,28.224943,27.793655,24.50079,20.861923,22.865166,18.887915,17.617207,17.04238,15.302959,15.969441,13.457197,15.76454,16.303526,16.980656,16.004534,16.193775,17.389565,16.22441,17.60494,20.19079,19.10969,21.665604,25.876013,25.717003,22.02224,26.565771,24.253897,24.702456,27.635046,24.375862,26.863842,23.765717,28.547249,25.830307,21.114609,21.329557,18.640291,19.952942,18.2016,14.968985,17.141516,17.874214,18.423468,21.494179,19.705807,15.866349,15.777971,12.741886,13.231099,9.551607,13.167256,11.611058,14.183573,16.808977,19.136524,20.722916,23.157135,26.23469,27.111773,25.52811,26.224693,22.616869,21.810024,23.94933,20.61318,25.208908,22.2906,27.37114,31.964676,28.727295,25.457628,26.550882,20.132788,22.198095,19.09904,20.271357
20,14.968304,10.947926,14.497069,10.944161,11.831674,15.643665,14.82588,20.861362,20.463121,24.603443,26.442707,24.880976,25.13161,22.507988,19.543978,16.33428,12.976806,10.193937,7.164986,4.2348366,0.0,4.7785306,5.8151875,6.235881,11.140723,9.758732,14.240334,13.896915,10.62116,12.756463,13.402324,15.622981,21.846872,21.906744,26.159613,27.39758,30.16261,29.845613,26.08826,22.146645,24.957733,20.3728,19.93673,18.568848,17.895823,17.680601,15.343692,17.140879,17.107014,18.388454,18.150316,18.236313,20.10573,19.552553,21.179552,23.878826,22.426664,24.684448,29.113894,28.422588,24.588448,28.775566,26.613363,26.437311,29.501333,25.545546,27.73442,24.311304,28.702353,25.71127,21.078213,20.356543,18.222143,18.181314,17.44668,13.503899,16.04397,17.612703,18.292118,21.725975,20.319275,16.377401,17.603516,14.08909,14.163504,9.714982,13.288413,10.300315,13.305914,15.08611,17.829695,19.630184,22.705753,25.359734,26.688911,25.576485,26.59571,23.54825,22.915926,25.679747,22.5381,27.481213,24.963428,30.131197,34.862835,32.026394,28.774878,30.190784,23.886065,26.22695,23.155415,24.486895
21,10.826926,7.3440056,11.960584,9.85843,11.738346,15.630473,16.165548,22.021595,22.705906,26.479988,29.167534,27.327871,26.919735,24.662493,20.95722,18.67971,14.336082,12.480657,8.792594,6.3689175,4.7785306,0.0,5.6770005,8.3025875,11.080899,11.760124,15.506497,16.396305,13.534827,16.666468,16.767363,19.948147,25.459595,25.973272,30.01288,31.140493,34.20672,33.929707,30.40241,26.594498,29.01608,24.601074,23.633883,22.150183,20.88601,20.187805,17.056236,18.29264,17.582846,18.049068,17.860453,16.798746,18.728657,18.194715,20.926615,24.138885,23.51626,25.440619,30.091509,29.749187,26.049921,30.900698,29.26915,29.494797,33.060795,29.324152,31.845259,28.712543,33.077812,29.809425,25.262123,24.752636,22.85015,22.72711,22.190765,18.152012,20.430424,21.897007,22.150654,25.53812,23.614931,19.880295,20.988499,17.855713,18.5522,14.126833,17.987469,14.830801,17.375689,18.85809,21.13782,22.437578,25.844341,28.23612,29.216568,27.95117,29.316986,26.268103,26.154346,28.782269,26.081263,30.846375,28.407984,33.55516,38.14408,34.922306,31.654596,32.34541,26.009577,27.680923,24.137133,24.933186
22,15.64445,12.506136,17.24065,15.077812,16.204298,20.50788,19.84854,26.159927,25.948744,29.92867,31.929564,30.619238,30.831923,28.300419,25.176933,22.11497,18.56087,15.869774,12.607883,9.465211,5.8151875,5.6770005,0.0,4.6454997,8.184762,8.839199,14.01133,14.838069,14.311145,16.505045,18.19165,20.256952,27.193611,27.134266,31.460623,32.842278,35.326572,34.838715,30.883837,26.724842,29.601013,24.340843,24.21518,21.59602,21.642824,19.851564,17.245625,17.9444,16.826454,18.381401,19.119501,18.736532,21.440851,21.883522,24.033188,27.050419,25.47687,27.052612,31.859526,30.624544,26.773178,30.894794,29.459627,28.858994,32.63876,28.130657,30.374023,27.164988,30.910433,27.23698,22.998974,21.766933,20.774214,19.668346,20.721346,16.45765,19.556955,21.873524,22.74151,26.34821,25.255766,21.364737,23.186588,19.5253,19.121733,14.656796,17.134089,12.553738,14.726505,15.122199,17.444506,18.802748,22.771051,24.612831,26.0393,25.343807,27.019878,24.724133,24.848278,28.162777,25.895723,30.993975,29.32369,34.575626,39.30324,36.75094,33.527596,34.621254,28.564585,30.871693,27.454279,28.986393
23,17.844173,14.219138,18.1991,15.649707,15.679093,20.337063,18.34234,24.957922,24.060236,27.971663,29.619875,29.026142,29.715277,27.281023,24.580008,21.03625,18.495956,14.902865,13.21739,8.994212,6.235881,8.3025875,4.6454997,0.0,6.075427,4.4744973,10.174759,10.400975,10.933146,12.727967,15.221274,17.193626,24.607038,24.916588,28.925678,30.709682,32.812904,31.915964,28.008577,23.757977,26.22079,20.570225,20.556547,17.327883,17.8963,15.658817,13.515423,14.277838,13.552943,15.816686,16.684956,17.325138,20.107645,20.928862,22.141932,24.770025,22.460093,23.970598,28.680752,27.00313,23.100847,26.752602,25.298857,24.422308,28.301474,23.65724,25.983374,23.0248,26.665865,22.815468,18.634089,17.845379,17.058632,16.858282,18.311022,14.567832,18.38656,20.663708,22.152433,25.62653,25.021582,20.991587,22.183224,18.402155,17.060274,13.243265,14.063679,9.091349,10.43678,11.057975,13.094726,14.453974,18.224508,20.28536,21.671185,20.917143,22.458069,20.179434,20.283907,23.734976,21.707027,26.850311,25.668,30.921656,35.633568,33.443764,30.289911,31.499844,25.766293,28.492376,25.264162,27.45455
24,17.54074,14.754848,18.684124,17.676767,17.335335,22.507973,20.44289,27.232477,26.856327,30.189917,32.53292,32.482613,32.93069,31.038534,27.924376,24.861305,22.271265,18.628325,17.605465,12.725151,11.140723,11.080899,8.184762,6.075427,0.0,4.916148,7.4267426,10.075004,13.0262,15.763431,18.208271,21.34144,28.324183,29.59524,33.017242,35.13513,37.166245,35.826096,32.266136,28.096645,29.544601,23.723875,23.081352,18.903576,19.249838,15.380144,12.538034,11.765831,9.696533,11.796185,13.634592,13.927097,17.391869,19.413084,20.868336,23.706497,21.529186,22.100946,27.093204,25.102858,21.421099,25.386675,25.083778,24.405651,29.335293,24.901577,27.814606,25.79491,29.012165,24.515232,20.894897,21.003733,20.957394,21.501698,23.597145,20.241096,24.276009,26.447468,28.024544,31.415606,30.702623,26.658022,27.231556,23.638885,22.18808,18.77404,18.819393,13.91607,13.578013,13.730914,13.983682,13.898621,17.92232,19.374651,19.905344,18.918592,21.109636,19.208637,20.469173,23.850145,23.159683,27.954689,27.72993,32.901814,37.335613,35.148396,32.092293,32.31836,27.096243,29.421797,25.743761,28.168558
25,19.766708,16.20871,19.534498,17.346542,16.443136,21.396957,18.38954,25.152576,23.92625,27.48014,29.099426,29.319302,30.274597,28.17512,25.678493,22.050749,20.319607,16.198755,15.968479,11.120318,9.758732,11.760124,8.839199,4.4744973,4.916148,0.0,6.076591,6.4413166,9.58451,11.330557,14.485512,16.858416,24.279991,25.322557,28.73987,30.969036,32.71502,31.301128,27.64135,23.427546,25.025106,19.035145,18.82229,14.5905285,15.582175,12.148847,10.261396,10.496338,9.824041,12.781731,14.05369,15.56344,18.522457,20.036663,20.485851,22.79284,19.877296,20.965061,25.654314,23.453053,19.589933,22.902826,21.878418,20.820677,25.24449,20.57475,23.253218,20.973392,24.332262,20.051535,16.182611,16.332405,16.07625,17.131044,19.095072,16.147396,20.401022,22.495234,24.423101,27.675873,27.376316,23.342138,23.757038,20.097748,18.0481,15.143347,14.192825,9.358558,8.712955,9.411522,10.119379,10.79798,14.443952,16.557388,17.53133,16.573458,18.225569,16.053596,16.624472,20.193668,18.97466,23.995327,23.672525,28.858261,33.419605,31.550001,28.516483,29.422033,24.228046,27.128904,23.93284,26.739254
26,20.730751,17.578217,19.785025,18.522587,16.651459,21.707806,17.995756,24.578287,23.535213,26.297863,28.414175,29.498444,30.399845,28.994864,26.438536,23.253454,22.166353,17.914345,19.166777,14.002099,14.240334,15.506497,14.01133,10.174759,7.4267426,6.076591,0.0,4.314333,9.611516,12.096042,14.719452,18.393078,24.686888,27.062273,29.477947,32.12472,33.73577,31.758144,28.761724,24.89326,24.943758,19.221237,18.011663,13.163765,13.552997,8.526461,6.1369433,4.793885,4.034606,7.6346445,9.3175125,11.893339,14.825201,17.237438,16.85508,18.829502,15.591889,15.886225,20.63227,18.086014,14.3874655,17.976004,17.920708,17.361029,22.734325,18.80207,22.257565,21.229109,24.421883,19.919497,16.625807,18.504559,18.384064,21.138508,22.775269,20.656948,24.857058,26.413715,28.455868,31.389786,31.003077,27.054487,26.320488,23.102839,20.913696,18.926933,17.097343,13.536779,11.465582,12.721446,11.5272,10.681255,13.160851,15.414824,14.998931,13.096458,14.8304205,12.272154,13.854237,16.870716,17.012753,21.384283,22.022297,26.953163,31.104706,29.25266,26.405653,26.325058,21.914415,24.53272,21.201061,24.522602
27,22.842148,19.188585,21.062489,18.819166,16.646032,21.293467,16.852303,23.236536,21.339563,24.324282,25.648018,26.974518,28.369436,26.751253,24.831915,21.15996,20.90025,16.384068,18.264595,13.495506,13.896915,16.396305,14.838069,10.400975,10.075004,6.4413166,4.314333,0.0,7.3733864,8.404813,11.831779,14.636937,21.28178,23.426338,25.803595,28.551247,29.869074,27.821821,24.732615,20.847973,20.998114,15.063383,14.30019,9.191654,10.5121155,5.9465575,5.5273843,6.2291923,7.5915537,10.979359,11.764509,14.918201,17.218199,18.896648,17.713037,19.10624,15.195966,16.167671,20.420546,17.739521,13.903518,16.586681,15.536211,14.472628,19.267843,14.995134,18.256813,16.963602,20.36551,16.112627,12.515978,14.689212,14.301516,17.747314,19.121824,17.573984,21.783508,23.188032,25.502369,28.241615,28.237509,24.389938,23.51056,20.325819,17.603407,16.297712,13.422583,10.525378,7.9027867,9.929726,9.006535,8.984019,10.645963,13.723202,13.844199,12.039256,12.9858265,9.978519,10.542649,13.872324,13.309952,18.04758,18.566835,23.553757,27.885239,26.36944,23.534428,24.257732,19.862242,23.09991,20.34553,23.947405
28,19.477829,15.41313,16.219599,12.945807,10.450671,14.474419,9.876758,16.291523,14.529684,17.976755,19.631062,20.160254,21.270618,19.557817,17.474802,13.856898,13.76093,9.240166,12.287578,8.347037,10.62116,13.534827,14.311145,10.933146,13.0262,9.58451,9.611516,7.3733864,0.0,4.795104,5.3421373,10.14745,15.631393,18.132654,20.641048,23.001951,25.162342,23.644651,20.739317,17.095442,17.416735,12.70038,10.844505,9.083921,7.4419327,7.9023356,6.6208997,9.837662,11.887438,13.383302,12.311101,14.741918,15.818276,15.645377,14.5731735,16.038046,13.105387,15.627842,19.559216,18.559843,14.7604,18.528812,16.061634,16.364922,19.647858,16.54611,19.55781,17.39119,22.105562,19.235401,14.793676,16.774492,14.304403,18.11244,16.879875,15.292465,18.435509,18.910198,20.627892,23.163603,22.45237,18.721645,17.066229,14.271108,12.536184,11.360101,10.457932,9.865887,9.943196,13.466067,14.492347,15.624895,16.720081,20.316385,20.656702,18.651295,18.76447,14.744438,13.716771,15.619928,12.684782,17.33119,15.467537,20.70095,25.26899,22.678846,19.507708,20.597336,14.934329,18.029123,15.346296,18.29817
29,23.84196,19.641663,20.539076,16.687544,14.359358,17.542875,12.566417,18.038557,14.929567,18.586264,18.723413,19.690197,21.65386,19.559341,18.647442,14.316591,15.498326,11.061937,14.235022,11.313788,12.756463,16.666468,16.505045,12.727967,15.763431,11.330557,12.096042,8.404813,4.795104,0.0,4.8907237,6.3212295,13.294021,15.037466,17.68224,20.25367,21.78468,20.127401,16.850391,12.964895,13.803241,8.362211,7.8614264,6.192759,6.787803,8.455919,9.475846,12.562625,14.924859,17.143965,16.372204,19.259232,20.326094,20.1428,18.436476,19.19684,15.56664,18.179752,21.42721,19.936056,16.299034,18.52239,15.231329,14.608535,16.816566,13.189072,15.571385,12.844092,17.720606,15.355028,10.7511215,12.747771,9.81962,14.474535,13.015562,12.437427,15.658843,16.07612,18.36839,20.64897,20.753597,17.200155,15.648569,12.804874,9.777487,9.995367,6.62749,7.7022057,7.4185944,11.344793,12.723942,14.506626,14.805376,18.647192,19.537373,17.942701,17.467657,13.743728,11.639101,13.793215,9.904586,14.968255,13.084879,18.297861,23.086676,21.276861,18.24837,20.589458,15.438623,19.32903,17.629042,20.85108
30,22.317568,18.24564,17.991299,13.981522,11.265531,13.470768,8.189533,13.179804,10.139645,13.925431,14.65461,15.264983,16.93043,15.0966215,14.031073,9.994213,11.861034,7.786287,12.452174,10.574538,13.402324,16.767363,18.19165,15.221274,18.208271,14.485512,14.719452,11.831779,5.3421373,4.8907237,0.0,6.4643373,10.316597,13.308698,15.430773,17.782997,20.096834,18.701565,16.098438,12.909945,12.919066,9.585865,7.2085304,8.820112,6.2289457,10.422752,10.646414,14.183023,16.759518,17.943073,16.275831,18.76259,18.953163,17.76661,15.92146,16.490799,13.735614,17.028454,19.88324,19.551392,16.197948,19.215734,15.603754,16.275827,17.86506,15.723174,18.195408,15.75729,20.984804,19.36278,14.969774,17.176727,13.641442,18.229088,15.220267,14.745377,16.840738,16.292585,17.896059,19.801369,19.14304,15.868178,13.043608,11.035643,9.399045,10.111146,9.140522,11.491108,12.183969,16.092726,17.542086,19.117939,19.259037,23.180048,23.66765,21.674063,21.01508,16.774313,14.605946,15.492205,11.059656,15.171723,11.73361,16.829819,21.497206,18.698328,15.4773855,17.603638,11.706835,15.28998,13.73275,16.500366
31,27.309063,23.061193,23.430038,18.834455,16.842283,18.390854,13.81926,17.42963,13.21008,17.170767,15.568411,16.138195,18.84561,16.212276,16.78688,12.055827,14.816221,11.426533,14.867693,14.124885,15.622981,19.948147,20.256952,17.193626,21.34144,16.858416,18.393078,14.636937,10.14745,6.3212295,6.4643373,0.0,8.590025,8.843769,12.070222,14.385015,15.85912,14.722535,11.018209,7.0866895,9.568752,5.9506307,7.05647,9.551044,9.977761,13.959889,15.443708,18.710363,21.207031,23.196754,22.038269,24.718876,25.255117,24.2023,22.309475,22.564636,19.35214,22.499289,24.86154,23.958324,20.756685,22.191523,17.939363,17.35164,17.222498,14.4511595,15.4333,11.724973,17.011648,16.508625,12.233603,13.409707,9.073418,13.736992,9.616807,10.702096,12.271094,11.480708,13.837117,15.38418,15.991189,13.069046,10.997816,8.879143,5.189777,8.395932,4.9511104,10.061876,11.208519,14.79544,16.97954,19.347748,19.03207,22.868824,24.199337,22.912224,21.837532,18.340145,15.2677965,16.542269,11.258541,15.4179735,11.802418,16.370806,21.21603,19.592775,16.74833,20.623264,15.657884,19.752712,19.247812,21.887245
32,30.49134,26.650661,25.327692,21.010262,18.667519,17.977966,13.803493,13.728381,8.536925,11.324846,7.650013,8.931212,12.582428,10.765718,13.406138,10.128409,15.287832,13.790684,18.520987,19.157642,21.846872,25.459595,27.193611,24.607038,28.324183,24.279991,24.686888,21.28178,15.631393,13.294021,10.316597,8.590025,0.0,6.20386,5.435611,7.969692,10.432683,9.452521,8.407256,8.1119995,6.8432627,9.877879,8.61274,14.514477,12.701957,18.628384,20.135086,23.635744,26.598566,27.642374,25.599865,28.159298,27.509811,25.423918,22.783827,22.004103,19.796894,23.396269,24.272448,24.754532,22.480864,23.713778,18.949667,19.819622,17.85497,17.93393,18.697092,16.301418,21.342213,22.28627,18.913303,21.010798,16.719908,21.592505,16.288849,18.128883,17.927393,15.427487,16.569191,16.440296,16.383955,15.077649,10.290815,11.356154,10.504702,14.486394,13.376486,18.530773,19.54465,23.236595,24.966072,26.941458,25.842976,29.852192,30.560726,28.782732,27.12662,23.172935,19.84331,19.150173,13.702702,15.264847,9.497839,12.1923485,16.32839,13.775393,11.283799,16.041336,11.960509,15.495121,16.80571,18.63422
33,32.47894,28.482088,27.965109,23.101728,21.564041,20.952961,17.65225,18.088072,13.444894,16.786512,12.922984,12.397788,15.856841,12.89549,15.904455,12.126321,16.503292,15.389417,18.6595,20.15321,21.906744,25.973272,27.134266,24.916588,29.59524,25.322557,27.062273,23.426338,18.132654,15.037466,13.308698,8.843769,6.20386,0.0,5.5073133,6.1859922,8.358225,9.175337,6.033108,5.6276174,9.1317215,11.355759,12.426577,17.302048,16.883282,22.079117,23.57427,27.017313,29.658697,31.204058,29.551641,31.917898,31.762531,29.745089,27.757357,27.47947,25.128653,28.672245,30.014505,30.040133,27.428377,28.431532,23.633974,23.567713,21.289328,20.265656,20.003387,16.425453,21.122414,22.597298,19.234644,19.82208,15.361243,18.768274,12.550847,15.007861,13.544311,10.47581,11.595378,10.848726,11.828417,11.204992,7.7795973,9.056161,8.182339,12.798952,12.141205,17.768839,19.606543,22.809341,25.310307,27.862394,27.131142,30.902512,32.34317,31.126087,29.607327,26.169281,22.66815,22.850294,17.231173,19.477798,14.3773,16.821558,20.851896,19.242138,17.095556,22.17315,18.058123,21.528204,22.486095,23.99548
34,35.484592,31.633827,30.380241,25.908613,23.83845,22.736908,19.057455,18.103916,13.122317,15.081134,9.824812,10.953341,14.987352,13.186897,17.045788,14.249726,19.470192,18.523777,22.690157,23.861132,26.159613,30.01288,31.460623,28.925678,33.017242,28.73987,29.477947,25.803595,20.641048,17.68224,15.430773,12.070222,5.435611,5.5073133,0.0,3.5868928,5.0312076,4.9652295,5.331175,7.8640604,7.251341,12.376155,12.569833,18.368467,17.46066,23.22355,25.151377,28.586412,31.585148,32.853928,30.911852,33.566143,32.9285,30.800966,28.069534,27.048328,24.784166,28.282438,28.678053,29.065527,27.065351,27.43442,22.4825,22.922588,19.593664,20.14175,19.801018,17.364107,21.743214,23.874239,21.157982,22.789448,18.579252,23.014503,17.256445,20.069239,18.950922,15.931246,16.941479,15.693542,16.480392,16.340986,12.038006,13.935331,13.110817,17.69039,16.280771,21.910809,22.987366,26.36005,28.24002,30.434155,28.963776,32.838673,33.82223,32.341015,30.384335,26.840855,23.188368,22.31789,16.95889,17.674568,12.312934,13.162582,16.477037,15.061276,13.550225,19.08671,16.364456,19.630238,21.630253,23.186699
35,36.48043,32.739445,31.403467,26.83418,25.151821,23.480913,20.585545,18.957655,14.4553385,16.37458,11.186704,10.865946,14.642577,12.611228,16.994547,14.691704,19.77768,19.58502,23.278896,25.175797,27.39758,31.140493,32.842278,30.709682,35.13513,30.969036,32.12472,28.551247,23.001951,20.25367,17.782997,14.385015,7.969692,6.1859922,3.5868928,0.0,4.5904617,6.905813,7.4246264,10.130546,10.78187,15.559747,15.860787,21.587574,20.530224,26.307987,27.94443,31.440094,34.322666,35.490364,33.47348,35.84309,35.12596,32.686333,30.294352,29.425611,27.571827,31.178751,31.619654,32.27711,30.244375,30.892227,25.965942,26.473356,23.161755,23.610796,23.118595,20.397234,24.66635,26.92024,24.10992,25.230629,20.922512,24.623812,18.427408,21.120047,19.221048,15.799018,16.158463,14.271864,14.8896675,15.5986395,11.459891,14.143614,14.220522,18.625803,18.19947,23.83761,25.40808,28.702131,30.911922,33.27292,32.05949,35.90141,37.044136,35.62731,33.76824,30.21628,26.594028,25.856823,20.44475,21.246214,15.8027115,16.4376,19.351658,17.740545,16.398895,21.719494,18.86215,21.663641,23.706709,24.667677
