,0,1,2,3,4,5,6,7,8,9,10,11,12,13,14,15,16,17,18,19,20,21,22,23,24,25,26,27,28,29,30,31,32,33,34,35,36,37,38,39,40,41,42,43,44,45,46,47,48,49,50,51,52,53,54,55,56,57,58,59,60,61,62,63,64,65,66,67,68,69,70,71,72,73,74,75,76,77,78,79,80,81,82,83,84,85,86,87,88,89,90,91,92,93,94,95,96,97,98,99,100,101,102,103,104,105,106,107,108,109,110,111
0,0.0,4.3119097,6.255924,9.686494,12.168602,14.456223,17.57826,21.677814,24.628693,27.458784,31.588615,29.67553,27.673616,26.631384,21.759365,21.93936,16.669449,17.624252,14.46296,14.813614,14.300142,10.048914,13.956879,15.964553,14.894615,16.06008,18.973614,21.524706,19.529985,23.842505,23.192778,28.154465,32.14012,34.919304,36.763252,39.0251,42.450104,41.374527,38.858234,35.679638,35.892445,31.87476,29.406658,27.565182,25.30405,23.299978,19.092054,18.83617,17.10634,15.679261,15.60224,12.134773,14.820692,14.191627,18.738682,22.520626,23.326902,23.750639,28.6559,28.085949,24.83625,30.265162,30.468506,31.404747,35.184708,33.843716,37.68531,36.202984,41.105206,38.0752,34.123085,36.639473,33.99786,39.290516,35.59025,35.87601,37.935955,36.514145,36.97831,39.330814,36.341404,32.956352,32.77557,29.225939,28.311798,24.321598,25.18353,19.93828,21.88756,21.66419,22.843925,26.369211,24.847906,24.07355,28.688797,31.079832,32.340893,32.35657,30.6877,30.646555,27.750328,26.44994,26.74815,24.181715,26.274118,25.250051,25.195515,28.720665,29.47516,29.085411,32.40125,30.713316
1,4.3119097,0.0,5.2853537,6.588969,8.935621,12.246211,14.477412,19.368841,21.591068,24.774988,28.507465,26.952404,25.419884,24.074839,19.44436,18.87244,13.738418,13.910691,10.859178,10.557648,10.189687,6.3823857,10.514791,11.913113,11.7331505,12.114531,15.808435,17.94317,15.624669,19.762299,19.360886,24.027254,28.480974,31.016157,33.030186,35.37914,38.651337,37.563313,34.87109,31.584612,32.055603,27.861921,25.63329,23.768055,21.76159,19.90001,15.83121,16.011272,14.650526,13.979248,13.85402,11.4341755,14.142463,13.47214,17.207067,20.80308,20.869806,21.69056,26.6739,25.812143,22.252932,27.37826,27.257977,27.904503,31.685587,29.983631,33.737347,32.062904,37.01391,34.00104,29.953617,32.362617,29.702919,34.983738,31.362854,31.67875,33.845833,32.526295,33.165882,35.601933,32.812256,29.29985,29.125816,25.460857,24.258284,20.435183,20.934277,15.637304,17.657015,17.601782,19.078688,22.62497,21.484894,20.664927,25.231688,27.456024,28.698313,28.403479,26.608015,26.54503,23.48004,22.346632,22.539251,20.219915,22.716793,21.5464,21.228058,25.006771,25.407951,25.286705,28.522573,27.124733
2,6.255924,5.2853537,0.0,5.1196156,6.8139834,8.4738,11.778841,15.466687,18.680359,21.293884,25.626871,23.743095,21.658537,20.925976,15.956958,16.574707,11.719489,12.994718,11.487031,12.010668,13.334187,10.59664,15.073482,15.192514,15.116592,14.387801,17.307364,18.901232,15.361125,19.880552,18.25707,23.805328,26.695843,29.951952,31.389412,33.57823,37.164623,36.101204,33.949482,31.096308,30.79495,27.424952,24.440182,23.458687,20.40789,19.488327,15.377606,16.022392,15.413322,13.681192,12.369346,9.327901,10.752207,8.815509,13.193745,16.812014,17.94035,18.89397,23.59441,23.646244,20.347254,26.137001,25.75966,27.189737,30.3513,29.706783,33.504185,32.21575,37.227245,34.783585,30.916235,33.69021,30.613466,36.182716,31.83859,32.72553,34.291393,32.428432,32.781757,34.774414,31.69355,28.500574,27.662819,24.331945,23.999643,19.669619,21.598906,16.917212,19.302513,20.084845,21.34322,24.831034,24.114882,24.095392,28.862562,30.203854,30.826012,30.664137,28.371439,28.941357,25.301708,25.194256,24.941282,23.467428,26.572046,24.666407,23.866299,27.17637,26.744637,26.17517,28.9227,26.925613
3,9.686494,6.588969,5.1196156,0.0,3.8606632,6.114259,8.871339,13.285817,15.39435,18.799738,22.27189,20.419743,18.959827,17.489979,12.934681,12.36604,7.3006806,8.1344185,6.5544624,7.6675377,9.723137,8.400175,13.009418,12.482726,14.401103,12.231248,16.524965,17.165606,12.303636,16.350538,14.588911,19.598032,22.854284,25.505651,27.436617,29.466356,33.024944,32.215588,29.72651,26.7624,27.139397,23.809309,21.133347,20.705963,17.819525,17.805925,14.146853,15.753804,15.851248,15.212922,13.804743,12.302559,13.370428,10.978899,13.892067,16.919504,17.205622,19.045532,23.61609,23.538506,19.838293,25.146538,23.975025,25.03451,27.885015,26.745682,30.278738,28.460588,33.696827,31.47039,27.337013,29.64822,26.321497,31.602442,27.058693,27.787952,29.268799,27.443338,27.789965,29.914438,26.90618,23.595675,23.128445,19.662333,19.197927,14.926146,16.955664,12.642344,15.772447,17.138815,19.154278,22.557508,22.576614,22.254478,26.620066,27.929173,28.62217,27.71524,25.173258,25.538973,21.376938,21.652876,20.582243,19.463774,22.887596,20.38708,19.339083,22.382265,21.736462,21.07651,23.80954,21.883633
4,12.168602,8.935621,6.8139834,3.8606632,0.0,5.318531,5.544984,10.953974,12.760397,15.906469,19.692493,18.564768,17.338503,16.304264,11.893839,11.278274,7.507234,7.062017,8.226818,7.4900374,10.699506,10.620621,14.207706,12.227886,13.7994375,10.851917,14.308502,14.447443,9.186644,13.522832,11.480919,17.091284,20.035212,23.27963,24.705088,27.054932,30.486988,29.363197,27.152424,24.316095,24.046638,20.772747,17.801666,17.369707,14.176009,14.357801,10.824895,12.838643,13.601351,12.997089,11.159547,10.687859,11.192892,9.15775,10.812573,13.618104,13.426732,15.400693,19.929546,19.810484,16.088081,21.418865,20.188347,21.446217,24.231277,23.454618,27.089281,25.665934,30.779583,28.701244,24.811974,27.596416,24.282402,29.990156,25.442389,26.782959,28.220812,26.267014,26.861458,28.758036,25.978216,22.706953,21.376583,17.97984,17.555014,13.255303,15.390992,11.316055,13.96612,15.72693,17.287943,20.543047,20.84854,21.248161,25.754393,26.2191,26.41775,25.780357,23.006727,23.944447,19.742714,20.693907,20.025616,19.72925,23.73557,21.331142,19.750422,23.159393,21.436155,21.233454,23.400684,21.739695
5,14.456223,12.246211,8.4738,6.114259,5.318531,0.0,5.9220166,7.5823464,10.88033,13.689164,17.64303,15.307752,13.275618,12.510045,7.548525,8.776211,5.3865156,7.9122863,9.656906,11.317917,14.6254835,14.337508,18.64823,17.081778,19.089144,16.021185,19.369871,19.101835,12.914528,16.69752,13.245896,18.891195,19.737556,23.15493,24.359964,26.054735,29.988106,29.320879,27.528242,25.235512,24.754246,22.759052,19.26834,20.383297,16.316135,18.056683,14.995003,17.309246,18.400967,17.191961,14.737062,13.646289,12.857662,8.930155,10.851831,13.058766,14.437106,16.909752,20.693668,21.814213,18.498732,24.111574,22.265348,24.16489,25.909332,26.039234,29.390295,27.954018,33.175266,31.820877,27.98901,30.52645,26.737782,32.10586,26.73296,28.178608,28.782667,26.286175,26.24571,27.707481,24.415625,21.646015,20.248022,17.409464,18.27386,13.620958,17.62501,14.83767,18.134632,20.419645,22.20273,25.302553,25.945658,26.372105,30.69694,31.017216,31.020763,30.096205,27.025206,28.06055,23.33945,24.87623,23.23061,23.244667,27.190893,23.990044,22.394276,24.671701,22.872606,21.703617,23.539206,20.941002
6,17.57826,14.477412,11.778841,8.871339,5.544984,5.9220166,0.0,6.608458,7.4914007,10.496905,14.356779,13.851869,13.066008,12.497721,8.877469,8.290903,7.5917892,6.518737,10.916239,10.095568,14.184986,15.429232,18.365835,15.230285,17.28408,13.281881,15.829819,14.583135,7.922114,11.447691,7.7258368,13.916611,15.069507,19.034328,19.799198,22.161297,25.684092,24.50281,22.78889,20.446157,19.413437,17.14275,13.521292,14.602401,10.40212,12.7568,10.4782295,13.498339,15.508036,15.063366,12.575757,13.443595,12.492278,10.133998,9.159618,10.4859705,9.919398,12.941505,16.629833,17.18679,13.645517,18.712849,16.526434,18.306221,20.05669,20.181616,23.588667,22.468111,27.5388,26.269068,22.69762,25.68344,22.027304,27.859285,22.776497,24.918425,25.738163,23.341558,23.905785,25.27541,22.616323,19.691053,17.242136,14.287936,14.68007,10.353907,13.843804,11.612924,14.127317,16.866426,18.235327,20.956087,22.139109,23.238321,27.43396,26.787245,26.276575,25.474571,22.184433,23.797277,19.1365,21.456743,20.338625,21.366978,25.93571,23.044834,20.826572,23.767681,20.64918,20.45035,21.605906,19.873787
7,21.677814,19.368841,15.466687,13.285817,10.953974,7.5823464,6.608458,0.0,5.372251,6.4461384,11.141588,9.296268,7.2406883,8.269301,5.1268597,7.832125,9.561447,10.810022,15.188756,15.997578,20.033762,20.952501,24.497416,21.689152,23.808176,19.889297,22.06479,20.598095,13.954932,16.537962,11.772783,17.244255,14.853627,19.341862,19.251682,20.73923,24.817654,24.110481,23.343803,22.02231,20.229391,20.028706,15.837948,18.822208,13.895684,17.772108,16.154644,19.099121,21.308779,20.170336,17.160769,17.469378,15.234298,11.599269,10.11338,9.822015,11.505873,14.813202,16.967651,19.27575,16.673916,21.720747,18.92722,21.601992,21.766829,23.420292,26.331333,25.524563,30.407507,30.163567,26.962624,29.761837,25.736387,31.109106,25.232752,27.712826,27.434584,24.360868,24.193403,24.723673,21.622532,19.635754,16.535574,14.820231,17.021513,12.873716,18.128948,17.349665,20.13436,23.187304,24.552105,27.028492,28.469261,29.75089,33.81037,32.82655,31.970633,31.05549,27.52001,29.36809,24.397758,27.327606,25.450787,26.87045,31.393654,27.854069,25.589777,27.404799,23.997831,22.89767,23.32268,20.666319
8,24.628693,21.591068,18.680359,15.39435,12.760397,10.88033,7.4914007,5.372251,0.0,4.5984178,6.968199,6.916962,7.588638,7.4025254,7.1310105,6.550265,10.52168,9.93736,15.358718,15.46403,19.641624,21.725498,24.437346,20.948826,23.886883,19.288425,21.637308,19.251965,12.328385,13.418209,8.391958,12.690179,9.584544,14.001001,14.031009,15.680858,19.65294,18.984415,17.99702,16.739962,15.22766,15.475563,11.559133,15.662666,11.168304,16.27646,15.765337,19.20674,21.878664,21.675842,19.006102,20.343973,18.554132,15.767577,13.355998,12.43754,11.995184,15.801167,17.51894,19.165783,16.413624,20.204351,16.53253,18.659828,18.200119,19.468855,21.9367,20.806665,25.726376,25.915369,22.77085,25.255873,21.099274,26.25072,20.273048,23.113224,22.644556,19.540781,19.639973,20.078196,17.429714,15.405124,11.619405,10.031792,12.444299,8.990634,14.412165,15.145044,17.731585,21.226948,22.785934,24.790737,26.929918,28.230345,31.731451,30.305178,29.27448,27.848516,24.127945,26.06273,20.921614,24.558788,22.310081,24.584162,29.33907,25.681194,23.031534,24.654287,20.327246,19.615168,19.314054,17.202948
9,27.458784,24.774988,21.293884,18.799738,15.906469,13.689164,10.496905,6.4461384,4.5984178,0.0,5.9796147,7.111136,7.3406763,9.289622,9.666704,10.735365,14.519363,14.333631,19.667788,19.581015,23.80302,25.64532,28.377266,24.71257,26.975513,22.566181,23.914053,21.492414,15.300639,16.32092,11.468309,15.6125965,10.436075,15.788418,14.289489,15.848384,19.707052,18.767588,18.945993,18.536306,15.5199,16.992619,12.658241,17.143417,12.319682,17.666319,17.58413,20.79989,23.698019,23.068333,20.131748,21.634954,19.127043,16.52335,13.146489,10.999604,11.260038,14.874432,15.325279,17.959467,16.06824,19.67411,15.9788,18.89884,17.518349,20.282124,22.583096,22.34101,26.703241,27.419525,24.913147,27.808315,23.849077,29.046654,23.198822,26.526104,25.721886,22.463434,22.49487,22.28527,19.872536,18.533674,13.9183655,13.379155,16.12403,13.273604,18.350546,19.18775,21.21924,24.634111,25.642721,27.427656,29.53583,31.373907,34.98951,32.97186,31.467724,30.505924,26.757086,29.17576,24.32184,28.21792,26.370983,28.863424,33.705463,30.178514,27.456238,29.103464,24.484636,23.855665,23.105494,21.013096
10,31.588615,28.507465,25.626871,22.27189,19.692493,17.64303,14.356779,11.141588,6.968199,5.9796147,0.0,5.385048,8.594951,9.194189,12.143404,11.611746,16.710928,16.02082,21.426167,21.539652,25.6034,28.196102,30.509691,26.70101,29.916578,25.076588,26.983812,23.944942,17.650715,17.169756,12.69742,14.304786,6.8900566,11.207162,9.592495,10.192016,14.367917,14.200396,14.501164,14.868887,12.58378,15.682662,12.358978,18.121527,14.354641,20.396269,21.069609,24.554747,27.59422,27.628683,24.973577,26.768959,24.637386,22.048025,18.865896,16.799572,16.102186,19.795668,19.862282,21.968601,20.07636,22.3506,17.8914,19.998875,17.506014,19.812479,21.116333,20.285395,24.51283,26.112211,23.733418,25.754503,21.607029,25.837133,19.676554,23.170307,21.555645,18.073332,17.884962,17.072353,15.074169,14.476815,9.240737,10.205964,13.773488,12.418767,17.510052,20.059507,22.16835,25.88309,27.317528,28.653107,31.400766,32.955456,35.86455,33.696976,32.186752,30.457458,26.612202,28.83505,23.807825,28.260696,25.589983,28.76586,33.536877,29.654627,26.757704,27.519255,22.324772,21.578333,19.83476,17.980114
11,29.67553,26.952404,23.743095,20.419743,18.564768,15.307752,13.851869,9.296268,6.916962,7.111136,5.385048,0.0,4.0707564,4.315555,8.388066,8.998944,14.100869,14.845852,19.55882,20.959684,24.894938,26.912985,29.99751,26.928444,30.405605,25.760529,28.497862,25.996706,19.001572,19.43775,14.601627,17.038519,11.299183,14.349627,14.163199,13.885664,18.42046,18.952644,18.667076,18.581047,17.48568,19.737812,16.370613,21.561153,17.408276,22.964449,22.677958,26.116375,28.765327,28.395277,25.588524,26.483654,24.367254,20.895163,18.859232,17.423223,17.986216,21.703613,22.436363,24.895372,22.674387,26.02823,21.933748,24.137785,22.371542,24.197506,25.80894,24.45512,29.092255,30.26915,27.341839,29.02257,24.617613,28.596289,22.015604,24.696753,22.915169,19.26217,18.29917,17.715754,14.613049,14.088826,10.455001,11.002744,15.053616,12.686303,18.751038,20.652767,23.652336,27.29909,29.207485,31.041168,33.456863,34.510815,37.6492,36.28742,35.254486,33.33786,29.543644,31.268606,25.89871,29.807802,26.56143,29.050236,33.527546,29.211954,26.66444,26.830463,22.574799,20.828705,19.698322,16.715069
12,27.673616,25.419884,21.658537,18.959827,17.338503,13.275618,13.066008,7.2406883,7.588638,7.3406763,8.594951,4.0707564,0.0,4.0278482,6.270249,9.089659,13.118002,14.907083,19.150152,20.988602,24.902946,26.228909,29.850092,27.166857,30.183477,25.894585,28.561731,26.566963,19.549765,20.913387,15.914817,19.544325,14.601013,18.127676,17.891148,17.885979,22.382107,22.682577,22.447916,22.102549,20.697836,22.37618,18.583382,23.160809,18.535591,23.561035,22.645277,25.851646,28.2543,27.349367,24.35999,24.659824,22.309078,18.404024,16.92938,15.74708,17.421858,20.907425,21.861988,24.7438,22.578768,26.740257,23.118658,25.72111,24.441721,26.51335,28.56201,27.430494,32.16266,32.954113,29.909588,31.922058,27.553045,31.89506,25.372103,27.839363,26.353283,22.779005,21.756533,21.415932,18.017786,17.265974,14.200831,14.103815,17.797918,14.602746,20.77436,21.665264,24.84489,28.290636,30.097473,32.26435,34.260216,35.319763,38.864986,37.77894,36.84937,35.271736,31.54164,33.253857,27.910225,31.407608,28.421152,30.35986,34.74698,30.49271,28.17029,28.570211,24.916866,22.960867,22.47328,19.133188
13,26.631384,24.074839,20.925976,17.489979,16.304264,12.510045,12.497721,8.269301,7.4025254,9.289622,9.194189,4.315555,4.0278482,0.0,5.103325,6.177664,10.773537,12.52029,16.4617,18.737448,22.440187,24.042309,27.573,25.11309,28.788225,24.373678,27.801853,25.754013,18.455198,19.53827,14.779526,17.751266,13.929273,16.359884,17.254137,17.090628,21.629248,22.266102,21.24662,20.472826,20.256805,21.42191,18.14736,22.613802,18.44842,23.36706,22.359806,25.696388,27.952963,27.46486,24.733877,25.00608,23.22274,19.305752,18.37197,17.78919,18.767046,22.41807,23.9882,26.224703,23.574152,27.590088,23.841724,25.868223,24.947088,26.056923,28.014435,26.214642,31.228434,31.821487,28.408958,29.901443,25.41484,29.389051,22.758762,24.752317,23.28949,19.792303,18.624298,18.69291,15.020864,13.932569,11.845647,11.357943,15.040669,11.872711,18.172802,19.338821,22.914515,26.389114,28.653917,30.855202,32.966442,33.56171,36.835392,36.177372,35.592464,33.552986,29.879742,31.162298,25.655857,28.987238,25.485582,27.322659,31.529783,27.053902,24.822973,24.818144,21.438114,19.172989,18.870476,15.310121
14,21.759365,19.44436,15.956958,12.934681,11.893839,7.548525,8.877469,5.1268597,7.1310105,9.666704,12.143404,8.388066,6.270249,5.103325,0.0,4.894428,7.0664353,9.783936,13.271972,15.638174,19.327984,20.222347,24.176306,22.053217,25.15239,21.171877,24.583252,23.16894,15.999842,18.236021,13.605301,18.050808,16.03039,19.153107,20.127789,20.829977,25.191343,25.233353,23.926878,22.490345,22.032513,21.91965,18.319221,21.618595,17.193083,21.125408,19.314995,22.355392,24.244957,23.390461,20.64809,20.390232,18.755049,14.6131735,14.547171,14.832497,16.31359,19.665962,22.044933,24.09066,21.19102,26.027802,22.956532,25.107332,25.211235,26.08901,28.6945,27.072598,32.260147,32.078506,28.449352,30.439007,26.135921,30.796705,24.539227,26.335995,25.717987,22.570198,21.84599,22.544813,18.9353,17.030148,15.231237,13.531487,16.133886,11.935534,17.794918,17.406137,21.045155,24.169287,26.280216,28.877842,30.438532,31.000557,34.746925,34.458603,34.075764,32.48324,28.97513,30.20567,24.880007,27.57617,24.710295,25.831842,29.994238,25.890903,23.889166,24.749277,22.013525,20.051306,20.739397,17.38965
15,21.93936,18.87244,16.574707,12.36604,11.278274,8.776211,8.290903,7.832125,6.550265,10.735365,11.611746,8.998944,9.089659,6.177664,4.894428,0.0,5.507755,6.3956013,10.573488,12.603645,16.282253,18.13962,21.442858,19.027409,22.995008,18.590628,22.638206,20.81122,13.449696,14.890379,10.666452,14.085325,13.52507,15.650073,17.599195,18.489634,22.608566,22.729525,20.658545,18.728949,19.356812,18.655273,15.750928,18.982943,15.319451,19.322685,17.889666,21.183212,23.145285,23.111433,20.790848,21.147724,20.201265,16.744612,16.378498,16.813532,16.811789,20.366673,23.058842,24.225292,20.914467,25.056885,21.712091,23.097336,23.435913,23.265879,25.681177,23.444336,28.81663,28.486479,24.590048,26.11703,21.759718,26.191984,19.994286,21.553106,21.18933,18.263105,17.829313,19.041506,15.663828,13.097818,11.889418,9.412781,11.5236635,7.306264,13.224763,13.488641,17.364466,20.665428,23.195086,25.618458,27.533144,27.765959,31.080494,30.915897,30.738655,28.63678,25.144222,26.066074,20.59535,23.392109,20.098585,21.512114,25.75484,21.531164,19.342909,20.16934,17.136803,15.377164,16.118843,13.147443
16,16.669449,13.738418,11.719489,7.3006806,7.507234,5.3865156,7.5917892,9.561447,10.52168,14.519363,16.710928,14.100869,13.118002,10.773537,7.0664353,5.507755,0.0,4.610309,6.2392855,9.385233,12.593924,13.4034,17.442833,15.980391,19.624296,15.9461775,20.555109,19.702303,12.876993,15.581612,12.318189,16.551996,18.074266,20.19276,22.395306,23.68233,27.59939,27.439198,25.02977,22.527187,23.344723,21.359053,18.583824,20.240877,16.834267,19.217844,16.715248,19.470135,20.680359,20.419416,18.396215,17.877907,17.657383,14.178419,15.43735,17.112217,17.444359,20.425653,24.052628,24.773247,21.164173,25.980042,23.481754,24.706474,26.190895,25.446619,28.3678,26.102818,31.563173,30.359495,26.172508,27.858847,23.836178,28.524784,22.945803,23.846605,24.32075,21.932138,21.719398,23.503195,20.155313,17.176609,16.8736,13.804894,14.544198,10.053864,14.3099985,12.40194,16.525587,19.140581,21.76645,24.69855,25.875793,25.655506,29.35364,30.05139,30.390072,28.589275,25.46907,25.961185,20.83526,22.466562,19.705194,19.849672,23.692507,19.853828,18.24365,19.764296,18.184105,16.557196,18.594679,15.857283
17,17.624252,13.910691,12.994718,8.1344185,7.062017,7.9122863,6.518737,10.810022,9.93736,14.333631,16.02082,14.845852,14.907083,12.52029,9.783936,6.3956013,4.610309,0.0,5.689304,6.2236533,10.083812,12.321296,15.175682,12.659857,16.802248,12.487575,17.229822,15.865433,8.969586,11.190401,8.5937,12.457311,15.623352,17.525175,19.949675,21.80365,25.268087,24.75855,21.977758,19.054604,20.159933,17.37856,15.084301,16.212505,13.495153,15.686756,13.650612,16.645662,18.121048,18.66239,16.997753,17.510168,17.681103,15.246643,15.496419,16.994324,15.937312,18.957895,22.698067,22.631853,18.796871,22.92384,20.37235,21.015493,22.863716,21.397879,24.335518,21.921085,27.38768,25.920189,21.660742,23.421137,19.53787,24.533646,19.361868,20.453112,21.493448,19.45355,19.908884,21.980919,19.248053,15.812768,15.22081,11.602538,11.181082,6.817013,9.997448,7.960223,12.050407,14.912681,17.625109,20.379232,21.883278,21.756315,25.272524,25.669323,25.955496,24.02281,20.870716,21.418547,16.282253,18.156076,15.664946,16.336914,20.663198,17.139275,15.066617,17.480602,15.089566,14.500938,16.414228,14.723873
18,14.46296,10.859178,11.487031,6.5544624,8.226818,9.656906,10.916239,15.188756,15.358718,19.667788,21.426167,19.55882,19.150152,16.4617,13.271972,10.573488,6.2392855,5.689304,0.0,5.302461,6.953777,8.065979,11.801102,11.30848,15.758279,12.634941,18.389824,18.081488,12.565942,15.061596,13.752451,16.860939,21.061924,22.185514,25.183691,26.809925,30.199394,29.90938,26.732222,23.515932,25.384853,22.033314,20.283585,20.44928,18.390745,19.246445,16.513016,18.74343,19.211668,19.764618,18.695162,18.190033,19.29273,16.918419,18.728374,21.026203,20.386244,22.89943,27.151875,26.777296,22.829372,27.15477,25.18281,25.479776,27.961031,25.825922,28.804264,26.027742,31.473553,29.420128,24.891571,26.11934,22.593817,27.003536,22.413267,22.384356,23.893059,22.383,22.670229,25.22269,22.373415,18.833359,19.660858,16.008959,15.023403,11.395447,12.892617,9.532323,13.728483,15.511579,18.67463,21.754503,22.561575,21.401495,24.82852,26.582903,27.680212,25.62464,23.045084,22.679136,18.043165,18.36402,15.79603,14.719259,18.079248,14.674464,13.621708,15.966851,15.80995,14.843917,18.011446,16.305334
19,14.813614,10.557648,12.010668,7.6675377,7.4900374,11.317917,10.095568,15.997578,15.46403,19.581015,21.539652,20.959684,20.988602,18.737448,15.638174,12.603645,9.385233,6.2236533,5.302461,0.0,4.230361,7.2638397,9.060675,6.6512165,11.276101,7.4993505,13.389536,12.977331,8.420374,10.984163,11.100861,14.172677,19.853369,21.310863,23.998205,26.358139,29.235405,28.333216,25.090977,21.557627,23.09718,18.758112,17.38253,16.258848,15.0287075,14.7859,12.216678,14.307423,14.828443,16.152712,15.576243,16.10175,17.638987,16.52587,17.469698,19.749954,17.979052,20.142832,24.581207,23.35461,19.30423,23.07455,21.531414,21.337463,24.52859,21.846996,25.070187,22.56581,27.804377,25.213305,20.780396,22.561203,19.50363,24.593063,20.816605,21.234524,23.481564,22.35368,23.402174,26.021288,23.812628,20.038656,20.033337,16.136892,14.095652,10.974855,10.427174,5.4084206,8.862049,10.426478,13.395869,16.533718,17.313335,16.463827,20.168613,21.52712,22.527073,20.821642,18.34688,18.2245,13.991725,14.164039,12.993095,12.257983,16.324774,14.023784,12.461561,16.529531,15.384679,15.94822,18.732088,18.164375
20,14.300142,10.189687,13.334187,9.723137,10.699506,14.6254835,14.184986,20.033762,19.641624,23.80302,25.6034,24.894938,24.902946,22.440187,19.327984,16.282253,12.593924,10.083812,6.953777,4.230361,0.0,4.7206573,5.2947807,5.0412664,10.183303,7.9627175,14.246964,14.598269,11.824982,13.919896,14.9735155,17.156116,23.602589,24.457457,27.522707,29.828794,32.49566,31.666904,28.10749,24.354279,26.475466,21.702812,20.920252,19.114073,18.642328,17.506367,14.883621,16.242796,15.960087,17.62096,17.734543,17.87875,20.111162,19.378021,20.922064,23.504412,21.715261,23.522192,28.154943,26.532967,22.498468,25.985138,24.85356,24.213886,27.825552,24.500727,27.622263,24.860344,29.917274,26.841496,22.331482,23.62194,21.066004,25.611406,22.607584,22.2544,24.996136,24.399971,25.52542,28.471596,26.417665,22.56091,23.310583,19.388805,16.87592,14.403783,12.672984,7.615747,10.136469,10.334428,13.571489,16.711199,16.920277,15.020919,18.420141,20.970339,22.700449,20.875181,19.051157,18.089077,14.660334,13.301283,12.517827,10.187465,13.376789,11.855872,11.175234,15.653056,15.998953,16.780956,20.168911,19.992872
21,10.048914,6.3823857,10.59664,8.400175,10.620621,14.337508,15.429232,20.952501,21.725498,25.64532,28.196102,26.912985,26.228909,24.042309,20.222347,18.13962,13.4034,12.321296,8.065979,7.2638397,4.7206573,0.0,5.3353767,7.8313265,10.453676,10.065965,15.58526,16.995064,14.611205,17.63721,18.140368,21.295834,27.056868,28.421803,31.240425,33.478813,36.430454,35.59144,32.26774,28.643488,30.3062,25.693157,24.391176,22.4751,21.443676,19.845268,16.47898,17.209337,16.193436,17.0498,17.278702,16.270323,18.899506,18.138762,20.806175,23.920782,22.93437,24.336332,29.230259,27.852655,23.94158,28.134157,27.476244,27.27991,31.071344,28.245922,31.619156,29.179918,34.205055,31.034765,26.653107,28.22111,25.70716,30.3314,27.187426,26.813463,29.370222,28.577862,29.413338,32.261738,29.83425,26.095823,26.810959,22.952301,20.968935,17.916403,17.124308,11.928678,14.220131,13.957974,16.490948,19.865013,19.236597,17.35344,21.162426,24.122969,25.938395,24.712996,23.108213,22.240515,19.18859,17.461306,17.116905,14.210241,16.420298,15.294188,15.277056,19.215471,20.30108,20.50775,24.106825,23.347837
22,13.956879,10.514791,15.073482,13.009418,14.207706,18.64823,18.365835,24.497416,24.437346,28.377266,30.509691,29.99751,29.850092,27.573,24.176306,21.442858,17.442833,15.175682,11.801102,9.060675,5.2947807,5.3353767,0.0,5.2319965,7.970459,8.653699,13.955642,15.49692,15.115226,17.219814,19.159187,21.180273,28.195963,29.085495,32.04962,34.603394,36.999733,35.917812,32.30521,28.410461,30.446358,25.10882,24.665728,21.742111,21.961264,19.433836,16.686943,16.945425,15.636413,17.597994,18.633162,18.564184,21.582428,21.762283,23.69276,26.615149,24.691782,25.823566,30.684696,28.477001,24.595644,27.791595,27.486078,26.501041,30.7996,27.073414,30.298042,27.768526,32.401833,28.667095,24.403652,25.755894,23.994778,28.388905,26.40556,25.773464,29.029207,28.868437,30.222382,33.298763,31.46301,27.571693,28.357729,24.425613,21.572813,19.44655,16.856691,11.655769,12.467365,10.93633,13.391887,16.46016,15.514197,12.810688,16.235476,19.888044,22.235783,21.003895,20.068922,18.653486,16.711649,13.793153,14.74725,11.2469,13.001706,13.499691,13.6971245,18.631264,19.81977,21.08689,24.619297,24.85873
23,15.964553,11.913113,15.192514,12.482726,12.227886,17.081778,15.230285,21.689152,20.948826,24.71257,26.70101,26.928444,27.166857,25.11309,22.053217,19.027409,15.980391,12.659857,11.30848,6.6512165,5.0412664,7.8313265,5.2319965,0.0,6.16154,4.076237,10.013376,10.646835,10.417554,12.180796,14.658916,16.57692,23.819908,25.00805,27.617846,30.484257,32.66382,31.28739,27.829247,23.961046,25.598055,20.085323,19.722311,16.533321,17.074646,14.535119,12.293868,13.019013,12.522961,15.07921,15.893932,16.996267,19.553627,20.00281,20.804945,23.274406,20.645983,21.914253,26.549849,24.118132,20.20138,22.94677,22.462614,21.317514,25.624224,21.862976,25.16169,22.855381,27.470062,23.811676,19.609123,21.51353,19.684864,24.7368,22.69993,22.809162,26.065853,25.771633,27.447817,30.317808,28.763554,24.870497,24.877195,20.978128,17.918177,16.003365,12.917721,7.5022573,7.4486213,6.21154,8.857997,12.104463,11.919428,10.248666,14.212564,16.42529,18.147514,16.957054,15.510126,14.7996645,12.44539,10.515536,12.068389,10.250376,13.733646,13.754709,12.720332,18.209604,17.64533,19.5188,22.375238,22.937819
24,14.894615,11.7331505,15.116592,14.401103,13.7994375,19.089144,17.28408,23.808176,23.886883,26.975513,29.916578,30.405605,30.183477,28.788225,25.15239,22.995008,19.624296,16.802248,15.758279,11.276101,10.183303,10.453676,7.970459,6.16154,0.0,5.104136,6.792636,9.781682,12.50841,15.083865,17.660463,20.548487,27.294931,29.407625,31.259243,34.512627,36.60212,34.728172,31.748108,28.050749,28.583206,22.888493,22.14856,17.840797,18.434776,14.108706,11.383627,10.302489,8.32399,11.041328,12.968797,14.108137,17.349394,19.184862,20.140366,22.945786,20.379576,20.549038,25.379183,22.421394,18.907484,21.726328,22.55168,21.612934,26.635323,23.384586,27.08086,25.760553,29.810503,25.730972,22.21837,25.041723,23.806395,29.316141,27.721758,28.300623,31.616877,31.233524,33.015007,35.676937,34.102943,30.282276,29.565323,25.759995,22.95318,20.732992,18.034395,12.632669,11.266592,9.058229,8.877279,12.133449,10.056782,9.4851055,14.529328,16.358204,17.818003,18.374683,17.542736,17.510946,16.514935,14.35294,17.529575,15.753505,18.557396,19.531538,18.724306,24.314232,23.630411,25.592339,28.270481,28.716549
25,16.06008,12.114531,14.387801,12.231248,10.851917,16.021185,13.281881,19.889297,19.288425,22.566181,25.076588,25.760529,25.894585,24.373678,21.171877,18.590628,15.9461775,12.487575,12.634941,7.4993505,7.9627175,10.065965,8.653699,4.076237,5.104136,0.0,6.339373,7.0450826,7.7180333,10.20396,12.6960335,15.552882,22.268671,24.329756,26.232647,29.426765,31.582747,29.820845,26.813528,23.150808,23.77772,18.261053,17.416687,13.718271,14.059759,10.805738,8.356839,8.965837,8.824033,11.558516,12.336988,14.173996,16.528675,17.558693,17.727962,20.075468,17.145658,18.115192,22.753418,20.141779,16.279713,19.14024,19.003521,18.124866,22.67759,19.456467,23.10667,21.505335,25.971064,22.371807,18.527046,21.37626,19.547697,25.313326,23.10161,24.024618,27.05669,26.440588,28.213413,30.751764,29.215088,25.437569,24.50417,20.729221,17.965942,15.767281,13.1977625,7.864236,6.7953672,6.0502386,7.1137753,10.641693,10.391748,10.40743,15.08244,15.87573,16.771015,16.457142,14.673761,15.072156,12.755362,11.958676,14.162584,13.510526,17.42109,17.27838,15.751573,21.170713,19.537878,21.486456,23.79908,24.222185
26,18.973614,15.808435,17.307364,16.524965,14.308502,19.369871,15.829819,22.06479,21.637308,23.914053,26.983812,28.497862,28.561731,27.801853,24.583252,22.638206,20.555109,17.229822,18.389824,13.389536,14.246964,15.58526,13.955642,10.013376,6.792636,6.339373,0.0,4.226204,9.803084,11.971127,14.834272,17.941584,23.967537,26.888905,27.762032,31.44996,33.193825,30.771698,28.41093,25.080688,24.35453,18.750479,17.807837,12.721229,13.704662,8.215355,6.519062,4.747996,4.3472815,8.285009,10.035925,13.252255,15.505409,18.121521,17.290052,19.314257,15.769159,15.501672,19.888899,16.307947,13.046884,15.096955,16.45394,15.532553,20.837862,18.162157,22.107243,21.815624,25.393862,21.510658,18.721474,22.681114,21.615961,27.831104,26.281862,27.943,30.99287,30.356451,32.40584,34.595474,33.355354,29.771938,27.843739,24.399057,21.807232,19.857555,17.343618,12.981956,10.336485,9.093693,6.705389,9.3565645,8.017678,10.567402,15.569857,14.628839,14.485045,16.120142,14.77436,16.349932,15.471308,15.083201,18.73522,18.750528,22.51877,23.043911,21.364408,26.938574,24.590841,26.93122,28.677214,29.304264
27,21.524706,17.94317,18.901232,17.165606,14.447443,19.101835,14.583135,20.598095,19.251965,21.492414,23.944942,25.996706,26.566963,25.754013,23.16894,20.81122,19.702303,15.865433,18.081488,12.977331,14.598269,16.995064,15.49692,10.646835,9.781682,7.0450826,4.226204,0.0,7.373023,8.314668,11.742462,14.184849,20.307356,23.115702,23.867363,27.654139,29.173922,26.67734,24.326338,21.052837,20.264635,14.563639,13.899998,8.590803,10.295861,5.120606,5.3968973,5.8029327,7.6230397,11.016617,11.748994,15.467913,16.904882,18.918913,17.146975,18.46869,14.226097,14.630489,18.516088,14.943757,11.505808,12.703475,13.211598,11.850962,17.045235,14.03996,17.976963,17.650805,21.337502,17.707598,14.865889,19.072767,17.860407,24.271105,22.654661,24.722364,27.623503,26.958614,29.160048,31.194508,30.240097,26.77173,24.528648,21.267508,18.589401,17.14294,14.383082,11.0611515,7.8769765,7.7753,5.5655327,7.6384273,8.320705,11.244411,15.549288,13.494751,12.670115,13.717333,11.645598,13.895436,12.505892,13.389281,16.669653,17.774868,22.078167,22.123268,19.954592,25.316381,22.10267,24.672632,25.892578,26.779022
28,19.529985,15.624669,15.361125,12.303636,9.186644,12.914528,7.922114,13.954932,12.328385,15.300639,17.650715,19.001572,19.549765,18.455198,15.999842,13.449696,12.876993,8.969586,12.565942,8.420374,11.824982,14.611205,15.115226,10.417554,12.50841,7.7180333,9.803084,7.373023,0.0,4.73342,5.280581,9.882125,14.986027,18.051678,19.20334,22.486933,24.889751,23.043652,20.605022,17.439981,17.000744,12.431076,10.349283,8.452834,6.9175763,6.882085,5.715208,9.053526,11.425933,13.073772,12.023837,14.746762,15.220283,15.274621,13.578542,14.744364,11.275415,13.4687,17.398897,15.683079,11.676892,14.826269,13.128988,13.147105,16.50201,14.556016,18.258005,17.00481,21.881456,19.579205,15.901941,19.319551,16.45683,22.810373,19.23893,21.419981,23.448757,22.019659,23.651907,25.543842,23.97065,20.54951,18.289574,14.877986,13.00814,10.436005,9.82832,6.851435,7.029305,9.710924,10.653049,13.107626,14.717918,16.144884,20.109985,18.926702,18.381168,17.666285,14.517992,16.334345,12.349345,14.625881,15.065793,16.601671,21.451872,19.735935,17.227161,21.575104,17.96688,19.517616,20.648548,20.6448
29,23.842505,19.762299,19.880552,16.350538,13.522832,16.69752,11.447691,16.537962,13.418209,16.32092,17.169756,19.43775,20.913387,19.53827,18.236021,14.890379,15.581612,11.190401,15.061596,10.984163,13.919896,17.63721,17.219814,12.180796,15.083865,10.20396,11.971127,8.314668,4.73342,0.0,5.030294,6.0012407,12.790889,14.946427,16.332645,19.834692,21.606026,19.64732,16.820227,13.399466,13.599546,8.266334,7.645316,5.7367053,6.570693,7.7960477,9.012257,12.086753,14.653322,16.954988,16.202446,19.319702,19.6887,19.756382,17.476187,17.893124,13.788026,16.148743,19.200531,17.147717,13.521894,14.7384615,12.255879,11.102193,14.073192,10.878286,14.19315,12.406536,17.42379,15.258417,11.405303,14.748801,11.86929,18.37425,15.220384,17.78272,19.986755,18.903904,21.019325,22.909746,22.048288,18.691248,16.342905,13.160908,10.4711485,9.6469,7.218755,6.901308,5.780712,9.162221,10.2701,11.63119,14.443335,15.905095,18.880552,16.920559,16.061089,14.558956,10.982927,13.129872,8.86728,12.485784,12.749936,15.574418,20.602734,18.936241,16.016314,20.216793,15.644076,17.960382,18.385464,19.276396
30,23.192778,19.360886,18.25707,14.588911,11.480919,13.245896,7.7258368,11.772783,8.391958,11.468309,12.69742,14.601627,15.914817,14.779526,13.605301,10.666452,12.318189,8.5937,13.752451,11.100861,14.9735155,18.140368,19.159187,14.658916,17.660463,12.6960335,14.834272,11.742462,5.280581,5.030294,0.0,6.498271,9.793973,13.198825,14.163653,17.295872,19.950998,18.351408,16.100683,13.343643,12.710838,9.541971,6.65978,8.325708,5.49352,9.625703,9.953659,13.559409,16.356592,17.576859,15.901047,18.482666,18.008648,17.062958,14.549622,14.561923,11.277229,14.486413,17.270601,16.56231,13.001603,15.576711,12.3079815,12.779853,14.293013,13.169299,16.262827,14.762292,19.929873,18.868845,15.323264,18.326473,14.688421,20.788597,16.163393,19.009466,20.14853,18.164936,19.612366,21.051775,19.522686,16.433527,13.373394,10.33234,9.346234,6.946545,8.392563,8.632629,9.845289,13.386662,14.741207,16.487627,18.928204,20.343765,23.62839,21.922995,20.960098,19.535406,15.877438,17.936537,13.147285,16.824741,15.784313,18.41048,23.442932,20.817633,17.912397,21.135046,16.446318,17.575415,17.735405,17.500677
31,28.154465,24.027254,23.805328,19.598032,17.091284,18.891195,13.916611,17.244255,12.690179,15.6125965,14.304786,17.038519,19.544325,17.751266,18.050808,14.085325,16.551996,12.457311,16.860939,14.172677,17.156116,21.295834,21.180273,16.57692,20.548487,15.552882,17.941584,14.184849,9.882125,6.0012407,6.498271,0.0,8.668694,9.172189,11.394285,14.566452,16.182604,14.762613,11.332725,7.7366533,9.622732,5.7751913,6.5028462,8.777122,9.304235,13.022012,14.659527,17.929653,20.615578,22.692179,21.56595,24.431053,24.30397,23.51884,20.97819,20.666254,16.951921,19.962322,22.053911,20.799042,17.627953,18.121643,14.380221,13.218901,13.92017,10.846954,12.659047,9.614138,15.132606,14.5330105,10.707383,12.589999,8.523584,14.397231,9.977927,13.303917,14.688801,13.333695,15.590706,17.243767,16.899591,13.841088,11.31695,8.685006,5.847436,7.408737,5.617543,9.611687,9.923928,13.526204,15.30835,15.94732,19.391829,20.377384,22.307112,20.226725,19.278812,16.604801,12.820487,14.602624,9.646709,14.514738,12.693597,16.727856,21.665352,19.084139,15.829714,18.547792,12.723928,14.91734,14.061486,15.362394
32,32.14012,28.480974,26.695843,22.854284,20.035212,19.737556,15.069507,14.853627,9.584544,10.436075,6.8900566,11.299183,14.601013,13.929273,16.03039,13.52507,18.074266,15.623352,21.061924,19.853369,23.602589,27.056868,28.195963,23.819908,27.294931,22.268671,23.967537,20.307356,14.986027,12.790889,9.793973,8.668694,0.0,6.100255,4.734172,7.772781,10.704442,9.584084,8.6038475,8.294661,6.3433676,9.259993,7.2059417,13.290204,11.21766,17.177084,18.869652,22.376253,25.545029,26.555706,24.509619,27.144995,25.736677,24.12078,20.677229,18.989346,16.365402,19.878319,20.309418,20.871775,18.678684,19.427189,14.665605,15.440563,13.040155,13.879214,14.768853,13.461541,17.82662,19.449995,17.151175,19.050678,15.082589,19.502039,13.923387,18.01422,17.06533,14.214355,15.272327,15.063943,14.422168,13.023786,7.6029663,7.8775587,9.64637,10.20831,13.132467,16.768972,17.92444,21.620594,22.943676,23.654783,26.91103,28.498915,30.775713,28.151678,26.518187,24.453484,20.634418,22.963207,18.274109,23.179773,20.866741,24.757113,29.618116,26.267996,23.09562,24.411482,18.430836,18.986279,16.856495,16.64616
33,34.919304,31.016157,29.951952,25.505651,23.27963,23.15493,19.034328,19.341862,14.001001,15.788418,11.207162,14.349627,18.127676,16.359884,19.153107,15.650073,20.19276,17.525175,22.185514,21.310863,24.457457,28.421803,29.085495,25.00805,29.407625,24.329756,26.888905,23.115702,18.051678,14.946427,13.198825,9.172189,6.100255,0.0,5.1459713,6.172131,8.203798,8.754605,5.479781,5.061615,8.1685,10.744425,11.189342,16.364618,15.732399,21.021584,22.7522,26.234875,29.154627,30.68725,28.979523,31.503048,30.576971,28.811602,25.947813,24.674536,21.953354,25.443182,26.203302,26.290394,23.851273,24.063335,19.41081,19.078539,16.876877,15.915073,15.672562,12.800802,17.08099,19.112442,16.599983,16.718275,12.591787,15.204183,9.136453,13.118251,11.369985,8.558995,9.97959,9.848793,10.4488325,9.324919,5.3528376,6.7518153,7.847239,10.843382,12.490429,17.568485,18.88079,22.488367,24.444754,24.809652,28.44295,29.314978,30.693523,28.475788,27.284704,24.194656,20.596252,22.124407,17.45498,22.404871,19.046995,23.36806,27.807821,24.227047,21.088505,21.334217,15.068724,15.721669,12.5765085,13.383089
34,36.763252,33.030186,31.389412,27.436617,24.705088,24.359964,19.799198,19.251682,14.031009,14.289489,9.592495,14.163199,17.891148,17.254137,20.127789,17.599195,22.395306,19.949675,25.183691,23.998205,27.522707,31.240425,32.04962,27.617846,31.259243,26.232647,27.762032,23.867363,19.20334,16.332645,14.163653,11.394285,4.734172,5.1459713,0.0,4.234695,6.035324,5.1485076,5.169097,7.1338215,5.412511,10.695068,10.283637,16.136856,15.06895,20.801805,22.997581,26.398277,29.626442,30.855728,28.923813,31.74534,30.31011,28.781721,25.158287,23.189386,20.472206,23.791668,23.588127,24.092396,22.335304,22.039986,17.187311,17.482092,13.975042,14.868381,14.405354,13.150132,16.54845,19.348406,17.813536,18.977095,15.388846,18.549469,13.431161,17.82749,16.15601,13.48156,14.622549,13.604783,14.154519,13.743851,8.548756,10.377826,12.014189,13.917504,16.005703,20.428902,21.22874,24.816473,26.07413,26.271505,29.847084,31.443518,33.135414,30.134659,28.300116,25.954206,22.292036,24.600704,20.341545,25.50061,23.010864,27.353456,32.02564,28.708017,25.498102,26.250551,19.959515,20.677473,17.68069,18.060593
35,39.0251,35.37914,33.57823,29.466356,27.054932,26.054735,22.161297,20.73923,15.680858,15.848384,10.192016,13.885664,17.885979,17.090628,20.829977,18.489634,23.68233,21.80365,26.809925,26.358139,29.828794,33.478813,34.603394,30.484257,34.512627,29.426765,31.44996,27.654139,22.486933,19.834692,17.295872,14.566452,7.772781,6.172131,4.234695,0.0,4.5937343,6.5325108,7.0509534,9.693128,9.538661,14.699744,14.296627,20.208307,18.853731,24.709726,26.599792,30.091644,33.249622,34.325867,32.24643,34.73906,33.181526,31.166233,27.821312,25.812157,23.693857,27.165556,26.86337,27.822088,26.078703,26.12036,21.2484,21.707655,18.054697,19.018972,18.261034,16.672386,19.811306,22.927462,21.338093,21.762825,18.074633,20.105064,14.632261,18.52675,15.832053,12.794179,13.096906,11.13666,11.878927,12.629415,7.921544,11.092208,13.621925,15.635782,18.393555,23.08912,24.422264,28.083673,29.690231,30.001945,33.593876,34.891747,36.448723,33.772305,32.13992,29.467558,25.852495,27.800274,23.349455,28.403715,25.213741,29.480927,33.927883,30.188578,27.105282,26.94695,20.886944,20.90409,17.443775,17.406645
