,0,1,2,3,4,5,6,7,8,9,10,11,12,13,14,15,16,17,18,19,20,21,22,23,24,25,26,27,28,29,30,31,32,33,34,35,36,37,38,39,40,41,42,43,44,45,46,47,48,49,50,51,52,53,54,55,56,57,58,59,60,61,62,63,64,65,66,67,68,69,70,71,72,73,74,75,76,77,78,79,80,81,82,83,84,85,86,87,88,89,90,91,92,93,94,95,96,97,98,99,100,101,102,103,104,105,106,107,108,109,110,111,112
0,0.0,4.2348413,7.1989365,9.780714,12.53676,14.087447,17.20231,21.251886,24.495451,27.615807,29.923285,34.606808,34.94334,31.575022,34.182373,30.456152,29.957748,30.01704,28.949486,30.222446,28.246971,31.789215,30.085836,26.711351,27.631998,24.369991,26.050674,24.930212,24.988497,26.60499,25.724274,31.898857,29.934729,36.184532,34.475792,34.28578,34.297592,30.626385,29.57932,27.847687,23.966883,22.627182,20.338171,17.399773,16.026087,20.98554,16.007328,19.47303,20.730528,25.188452,25.828655,29.608675,32.567757,34.18742,35.856876,33.661095,34.323536,31.32848,29.348667,32.400997,29.080492,27.718966,24.785307,23.753128,20.717533,24.600729,21.571089,22.051083,26.810308,27.559683,28.56595,29.280981,30.794428,30.528217,34.382114,34.244896,38.911587,40.04228,43.89718,45.28876,49.49252,49.720318,46.645267,42.57209,40.91486,36.998375,39.38306,33.48409,36.940804,35.927303,37.638504,36.65198,35.553978,38.460167,40.081074,43.60128,45.03634,44.312,41.38543,45.271946,49.07535,46.293003,42.144062,43.083736,48.272255,51.251125,49.418697,45.88736,45.75647,39.93584,40.724625,36.49109,37.620026
1,4.2348413,0.0,4.2512736,5.8520765,8.977225,10.011802,13.534848,17.288975,20.466963,23.670866,25.813156,30.525969,30.988949,27.68051,30.56999,27.003345,26.860628,27.193235,26.767653,28.199263,26.877731,30.519796,29.345997,25.802305,26.336163,23.024858,23.885721,22.491457,21.95043,23.692173,22.19215,28.665962,26.4047,32.634003,30.936253,30.957905,31.332563,27.712381,26.799904,25.132427,20.92466,20.221682,17.171333,14.926054,14.150324,18.577587,14.722384,17.926031,20.080153,24.0162,25.390839,28.69625,31.835896,34.080284,35.048923,32.60222,33.061714,29.740803,27.955063,30.754269,27.290878,25.356567,22.473188,20.69361,17.904999,20.988243,18.040283,19.15941,23.695656,24.243578,25.571537,26.006582,27.891169,27.588507,31.702116,31.727776,36.502834,38.17222,41.69119,43.49491,47.604664,48.080376,45.198727,41.052673,39.033703,35.142597,37.089474,31.093735,34.1931,32.94816,34.63141,33.396713,32.17381,34.923733,36.63678,40.189056,41.823437,41.27434,38.531384,42.624657,46.4637,44.038498,39.938694,40.625526,45.78106,48.66156,46.590137,43.10541,42.56416,36.872654,37.359657,33.02951,34.00759
2,7.1989365,4.2512736,0.0,5.133993,6.609938,7.7378154,10.874135,14.352715,18.019096,20.876625,23.267105,28.32931,28.11347,24.597477,27.125689,23.584967,23.148773,23.644783,22.798048,24.583014,23.23484,26.932934,25.917412,22.564297,23.185993,19.74562,20.56749,18.785292,18.462448,19.76657,18.530754,24.758709,22.806726,28.996572,27.452911,27.448746,27.516397,23.962658,22.757843,20.981293,16.989893,15.981935,13.235632,10.856772,10.527768,15.449883,12.352927,16.179514,18.516554,21.938234,23.75295,26.426167,29.983194,32.318375,32.888504,30.168072,30.871124,27.573734,26.373623,29.362482,26.35943,23.461983,21.534632,19.435316,17.55343,20.399551,18.2051,20.40119,24.242842,24.191992,25.32536,25.09804,26.900154,25.870436,30.425035,29.829296,34.97405,36.372196,39.78101,41.882084,45.644253,45.9296,42.918163,38.655296,36.554585,32.61339,34.54499,28.277906,31.487427,29.912521,31.344978,30.061813,28.702314,31.640059,33.041485,36.611397,38.045547,37.62703,34.94227,38.850094,42.825996,40.23929,36.247265,37.23589,42.337067,45.203007,43.28839,39.837627,39.364162,33.787296,34.530334,30.274538,31.662712
3,9.780714,5.8520765,5.133993,0.0,3.7790933,6.1520534,8.020297,12.499787,14.907227,18.213522,20.621782,24.876497,25.575012,22.49278,25.474968,21.831831,22.13218,22.480042,23.219702,24.415531,24.101603,27.711239,27.280834,23.44736,23.302023,20.160126,19.837439,18.458883,17.12253,19.459867,17.794086,24.41453,22.456886,28.294067,27.16394,27.764074,28.488438,25.173729,23.979177,22.100657,17.95279,17.567314,13.211264,11.86722,11.539887,14.345688,12.233396,14.529793,17.785378,20.841019,23.10217,25.747618,28.947887,31.983982,32.042717,29.385836,29.502565,25.835184,24.27634,26.697042,23.177254,20.58769,17.885452,15.323773,13.072639,15.519323,13.094224,15.374988,19.135687,19.171043,20.542072,20.532436,22.642056,22.202679,26.556295,26.695835,31.542303,33.751163,36.88407,39.103416,43.08976,43.854256,41.245575,37.08207,34.676346,30.879309,32.30966,26.360651,29.025972,27.70567,29.483988,28.140436,27.013098,29.553207,31.624683,35.11423,37.032055,36.34995,33.687767,38.093105,41.802303,39.896385,35.78736,35.972443,41.089554,43.870438,41.511463,38.064587,37.200516,31.560205,31.75859,27.37653,28.201475
4,12.53676,8.977225,6.609938,3.7790933,0.0,6.0199885,4.6862006,10.259678,12.4324,15.43685,18.426033,22.552692,22.792727,19.672237,22.209265,18.337337,18.467257,18.709188,19.606337,20.739567,20.73204,24.31147,24.193497,20.351717,19.997797,16.903214,16.188147,14.740477,13.371083,15.86102,14.837773,21.162039,19.931717,25.446774,24.84985,25.691803,26.190035,23.120676,21.417423,19.24348,15.586696,14.707326,10.026667,8.749907,8.603576,10.730583,9.818921,12.065829,15.68919,18.08256,20.836403,22.88237,26.32131,29.587208,29.182537,26.333694,26.513819,22.808092,21.704302,24.194145,21.079332,17.654049,15.834406,13.053927,11.857799,14.3403845,12.968953,16.189999,18.999756,18.380203,19.323978,18.683659,20.562346,19.445377,24.144476,23.748156,28.878439,30.88421,33.920193,36.364,40.096153,40.759113,38.106937,33.877174,31.373425,27.560698,28.932873,22.827555,25.557148,24.101143,25.808716,24.536388,23.480324,26.148602,28.207762,31.654222,33.49772,32.666683,29.944887,34.330513,38.033527,36.12951,32.02459,32.231544,37.341187,40.126198,37.83014,34.379387,33.632828,27.972069,28.38881,24.072077,25.234306
5,14.087447,10.011802,7.7378154,6.1520534,6.0199885,0.0,7.1341133,7.573962,11.493774,14.496215,16.056143,21.526037,21.55984,18.158064,21.6336,18.85335,19.508041,20.936121,21.705238,23.921804,24.151245,27.789612,27.92654,24.583603,24.393286,21.183104,20.013767,17.554222,15.527685,16.807224,13.271673,20.269714,17.124317,23.285017,21.534498,22.005615,23.150957,19.809746,19.290262,17.993406,13.150168,14.588984,10.011288,10.801037,12.520244,15.031614,15.367811,17.883242,21.564749,23.610577,26.619873,28.215633,31.879728,35.219128,34.492264,31.423431,31.681734,27.904575,27.192822,29.431076,26.298374,22.337893,20.740753,16.898895,16.054665,15.997045,14.388413,18.054724,20.914898,20.361155,22.35321,21.377367,24.108564,23.04785,28.016018,27.871264,33.031357,35.62146,38.154922,41.095062,44.56708,45.384438,42.86217,38.582493,35.77319,32.053776,32.888905,26.655407,28.804838,26.604046,27.836752,25.834356,24.034979,26.47411,27.96713,31.612564,33.522327,33.727135,31.647305,35.92678,39.963608,38.248024,34.532894,34.96666,39.84168,42.404354,39.96263,36.71088,35.155743,30.098856,30.00348,25.572437,26.519613
6,17.20231,13.534848,10.874135,8.020297,4.6862006,7.1341133,0.0,7.0709095,8.129467,10.918727,14.331424,18.161371,18.23311,15.255406,17.758768,13.899679,14.518135,15.021067,17.115862,18.240248,19.352161,22.754503,23.44085,19.693338,18.742062,15.985319,13.830405,12.123617,9.630501,12.537854,11.27862,17.479548,16.66122,21.600803,21.602934,22.959589,23.71014,21.082724,19.173288,16.932661,13.672947,13.320013,7.6401668,8.315285,9.284934,8.819833,11.082173,12.198803,16.437698,17.476315,21.053417,22.06119,25.597166,29.443089,28.092596,25.008478,24.977962,21.075676,20.586542,22.649199,19.860415,15.315873,14.488112,10.655598,11.134094,12.003738,12.013047,16.406258,17.888765,16.494995,17.4099,15.862354,17.953499,16.257872,21.393429,20.813122,26.110996,28.54308,31.053492,34.040127,37.43733,38.288723,35.87109,31.632595,28.730003,25.06683,25.81499,19.691036,21.880646,20.05952,21.677677,20.158915,19.051184,21.56315,23.806683,27.218122,29.268373,28.480888,25.951494,30.546787,34.211777,32.770485,28.785479,28.65155,33.64779,36.296436,33.777843,30.407053,29.26436,23.778463,23.953388,19.584845,20.798706
7,21.251886,17.288975,14.352715,12.499787,10.259678,7.573962,7.0709095,0.0,5.544343,7.4432664,9.092109,15.098697,14.172268,10.611658,14.277775,12.188591,13.606418,15.913406,17.950176,20.456814,22.102713,25.375536,26.608625,23.64658,22.822538,20.134348,17.336782,14.354473,11.105102,11.859696,6.702348,13.748135,10.692615,16.197315,15.234861,16.59165,18.186615,15.647894,14.859667,13.655299,9.488282,12.290809,6.9880676,10.845483,13.8033495,13.691877,17.320644,18.853413,22.979027,23.353683,27.270111,27.410988,31.23523,35.17355,33.204674,29.831913,29.955137,26.130604,26.42056,28.15814,25.732634,20.36985,20.393831,15.676424,16.949299,14.85759,15.3112335,20.320385,21.247242,19.585695,21.417818,19.118977,21.972227,19.973356,25.364431,24.735321,30.027136,32.95815,34.66776,38.377872,41.169533,42.12456,39.8946,35.652275,32.371284,28.95966,28.916452,22.807098,24.099466,21.152296,21.906094,19.365026,17.165554,19.357235,20.70213,24.351162,26.45876,27.072332,25.507881,29.86034,33.919968,32.81958,29.47843,29.651041,34.186077,36.471764,33.827217,30.809563,28.600182,24.148228,23.740849,19.427517,20.607615
8,24.495451,20.466963,18.019096,14.907227,12.4324,11.493774,8.129467,5.544343,0.0,3.7185223,6.528693,10.350079,10.820244,8.421747,12.377962,10.136393,12.811767,14.606206,18.771435,20.191166,22.987759,25.880693,27.697853,24.45686,22.856691,20.79471,16.852835,14.763865,10.5046,12.738129,8.865229,14.491288,12.8530655,16.487358,16.93629,19.221859,21.199745,19.430378,18.278244,16.82931,13.884354,15.967398,10.406251,13.999608,16.202063,13.752578,18.434116,18.40162,22.892342,22.471964,26.71941,26.483612,29.82596,34.352554,31.742884,28.51442,28.035376,24.033703,24.288404,25.253613,22.786732,17.457996,17.551395,12.349829,14.586269,10.97164,12.787984,18.170004,17.728653,15.49881,17.23592,14.428989,17.512789,15.7085905,20.91045,20.840845,25.73789,29.47735,30.660852,34.61617,37.41162,38.84216,37.104523,33.06948,29.471607,26.393896,25.6098,20.142813,20.5053,17.832718,18.985878,16.439049,14.782206,16.242268,18.753864,22.1013,24.843683,24.858458,23.318117,28.21541,31.774271,31.574173,28.181376,27.29201,31.71895,33.85835,30.710234,27.750605,25.09168,20.642399,19.49438,15.046894,15.541914
9,27.615807,23.670866,20.876625,18.213522,15.43685,14.496215,10.918727,7.4432664,3.7185223,0.0,4.769213,8.4380245,7.3748174,4.87484,8.776305,7.3230443,10.5817375,12.923522,17.516422,19.09814,22.44923,25.025778,27.304888,24.470852,22.726475,21.000717,16.58381,14.318595,9.947826,11.409491,7.6319647,11.788674,10.899013,13.348644,14.632289,17.35207,19.30986,18.164972,16.833544,15.519602,13.5509205,15.809168,11.055049,15.178308,17.693354,14.643836,20.268381,20.139444,24.454174,23.323116,27.789988,26.81038,30.231998,34.828613,31.707806,28.367277,27.959665,24.143496,25.04175,25.85534,24.00747,18.086203,19.285023,14.306811,17.324518,13.610849,16.063496,21.456055,20.39648,17.8084,19.171776,15.803167,18.535923,16.037037,21.267496,20.633385,25.540945,29.143547,29.87881,34.202633,36.487114,37.85212,36.20465,32.224968,28.478346,25.627735,24.426012,19.13699,19.012926,15.782623,16.440042,13.508489,11.511414,12.79548,15.133129,18.478302,21.284006,21.592997,20.426956,25.236397,28.830172,28.905521,25.82362,24.927462,29.076414,31.040255,27.875542,25.091684,22.083147,18.13496,16.913536,12.675858,13.604193
10,29.923285,25.813156,23.267105,20.621782,18.426033,16.056143,14.331424,9.092109,6.528693,4.769213,0.0,7.2996936,6.6319885,4.940517,10.260096,10.935241,14.306717,17.173622,21.400846,23.440336,26.732204,29.292124,31.598824,28.95857,27.350384,25.5376,21.24135,18.712683,14.50227,15.11385,9.714005,13.481751,10.550026,12.634207,12.933406,15.765885,18.769697,17.840263,17.706026,17.297352,14.844816,18.563507,14.215984,18.710604,21.587624,19.223515,24.496063,24.60227,28.989763,28.054674,32.488754,31.57915,34.97707,39.59717,36.42803,33.089024,32.638428,28.824263,29.65587,30.261803,28.215534,22.576046,23.331076,18.095959,20.68239,15.740235,17.834146,23.118301,22.016012,19.655416,21.772602,18.564548,21.8242,19.907381,24.788715,24.694525,29.212223,33.30845,33.635654,38.14925,40.29866,41.880352,40.463055,36.587646,32.72908,30.07254,28.501787,23.56298,22.913372,19.526619,19.807331,16.482342,14.058722,14.490131,16.21121,19.425909,22.405159,23.71783,23.32117,27.876385,31.475225,31.951662,29.307764,28.40335,32.132877,33.77817,30.454378,28.02023,24.227959,21.240685,19.319086,15.469388,15.637408
11,34.606808,30.525969,28.32931,24.876497,22.552692,21.526037,18.161371,15.098697,10.350079,8.4380245,7.2996936,0.0,5.98778,8.451156,11.664036,12.498366,16.469595,18.299902,24.231052,24.964375,29.220667,31.238441,34.05574,31.252005,28.941874,27.885256,22.82857,21.423979,17.01456,18.751144,15.454279,17.458754,16.703768,16.441061,18.45531,21.768604,24.622395,24.337261,23.642933,22.845009,21.339407,24.024027,19.488108,23.476599,25.64681,21.62651,27.371347,26.07327,30.480568,28.728695,33.26207,31.915012,34.586926,39.695675,35.84799,32.83574,31.697645,27.95993,28.793663,28.35874,26.547243,21.459822,22.418285,17.530687,20.848059,14.965175,18.310612,23.203352,20.396425,17.530462,19.183538,15.572221,18.617783,17.170364,21.017845,21.690533,25.151785,30.196737,29.584705,34.36312,36.311443,38.522957,37.866253,34.446823,30.323353,28.346865,25.740122,22.238892,20.125553,17.402052,18.047623,15.056898,13.847333,12.615792,15.970169,18.205904,21.947123,22.319698,22.134268,27.09254,29.75831,31.530361,29.012505,26.704844,29.980844,31.281668,27.313475,25.182096,20.68955,18.30657,15.021021,11.708264,10.144755
12,34.94334,30.988949,28.11347,25.575012,22.792727,21.55984,18.23311,14.172268,10.820244,7.3748174,6.6319885,5.98778,0.0,4.1050277,6.202359,8.817986,12.537132,15.224789,20.403934,21.872274,26.103325,27.9462,30.96451,28.790081,26.754515,25.72602,20.773502,18.741703,14.766139,15.059435,11.977595,12.14591,12.217532,10.711255,13.635773,17.134357,19.534113,19.810211,18.856152,18.262936,17.779324,20.510937,17.125189,21.488245,24.158617,20.445677,26.781313,26.208479,30.308706,28.23755,32.877354,30.91156,34.088997,38.876385,34.885406,31.591063,31.021204,27.581697,29.207518,29.35215,28.259535,22.183716,24.364332,19.708105,23.381145,18.750628,21.901316,27.150183,24.977295,22.044662,23.221891,19.347425,21.765522,19.035717,23.520023,22.722532,26.885393,30.78699,30.314169,35.269302,36.625324,38.213497,37.125126,33.525597,29.500006,27.416075,25.072582,21.016039,19.341663,15.60432,15.236718,11.67889,9.405268,8.559225,10.64748,13.376592,16.788189,18.0361,18.265608,22.746347,25.960796,27.282368,25.13858,23.712198,26.83278,28.118835,24.628683,22.568157,18.17844,16.246367,13.965321,10.997223,11.591294
13,31.575022,27.68051,24.597477,22.49278,19.672237,18.158064,15.255406,10.611658,8.421747,4.87484,4.940517,8.451156,4.1050277,0.0,5.342625,7.002958,10.348186,13.574702,17.83444,19.953981,23.61577,25.815033,28.499788,26.31693,24.642448,23.190317,18.660156,16.053759,12.163101,11.94791,7.932317,9.3126135,8.626221,9.01797,11.155504,14.381897,16.546963,16.312477,15.26111,14.590579,13.710548,16.656273,13.310478,17.86027,20.812733,17.858595,23.955675,24.055866,28.115652,26.487753,31.048826,29.383259,32.927788,37.44582,33.896503,30.449137,30.235003,26.727589,28.272242,28.998968,27.742464,21.437677,23.477642,18.735268,22.067972,18.148922,20.769562,26.153837,24.787685,22.064638,23.345074,19.683199,22.168182,19.235292,24.271448,23.126734,27.88602,31.263187,31.452868,36.150192,37.76704,39.00722,37.45567,33.58258,29.75056,27.216875,25.588587,20.649347,19.98262,16.07962,15.767098,12.2610035,9.435115,10.208918,11.449935,14.84208,17.62571,18.992296,18.717533,23.067348,26.804544,27.190205,24.760668,24.132086,27.704334,29.322975,26.245281,23.865707,20.247898,17.50461,16.182522,12.706009,14.05653
14,34.182373,30.56999,27.125689,25.474968,22.209265,21.6336,17.758768,14.277775,12.377962,8.776305,10.260096,11.664036,6.202359,5.342625,0.0,4.976264,7.4711523,10.714004,14.994252,16.912111,21.066721,22.660734,25.830887,24.243534,22.451061,21.594315,16.909061,14.555869,11.518732,10.410107,9.5098,6.823406,10.070091,7.8417826,12.188673,15.39799,16.328457,16.944477,14.808701,13.763744,14.91672,16.492651,14.535961,18.603573,21.338648,17.73151,24.425507,24.36515,27.924883,25.492731,30.074186,27.531584,31.096203,35.462173,31.458311,27.97838,27.990002,24.95405,27.286345,28.04549,27.724127,20.990538,24.333029,20.35681,24.271448,21.360651,24.385027,29.704523,28.041271,25.055458,25.506332,21.56922,23.146677,19.334702,24.206923,21.95956,26.755209,29.252193,29.216497,34.053535,35.00691,35.863136,34.22109,30.437157,26.682814,24.415758,22.675787,18.030798,17.254004,12.8789215,11.666307,8.064173,4.680209,6.1147723,6.5027623,10.093299,12.587455,13.802762,13.69314,17.788364,21.63358,22.00797,19.880451,19.49948,22.804125,24.369549,21.602383,19.325817,16.020878,13.72796,13.336367,10.791068,13.497302
15,30.456152,27.003345,23.584967,21.831831,18.337337,18.85335,13.899679,12.188591,10.136393,7.3230443,10.935241,12.498366,8.817986,7.002958,4.976264,0.0,3.9737377,6.6087494,11.835803,13.151747,17.300007,19.215494,22.160383,20.028757,18.082005,17.113956,12.249657,10.149762,6.735344,7.0480833,8.179582,7.7662406,11.485701,11.729462,15.152517,17.905445,18.315033,18.052408,15.159478,13.110202,13.881654,14.048646,11.354841,14.7983465,17.044048,12.870356,19.670177,19.414968,22.963615,20.602953,25.190943,22.9127,26.53431,30.926521,27.202366,23.70089,23.703606,20.466164,22.594282,23.645323,23.222107,16.397385,19.817432,16.160244,20.09204,18.304178,21.25408,26.432608,25.053658,22.121283,22.13511,18.37175,19.595217,15.524369,20.735048,18.219925,23.484371,25.65615,26.317478,30.797806,32.276394,33.015465,31.071106,27.062193,23.419615,20.704365,19.59186,14.166473,14.335093,10.298361,10.099432,7.2902355,5.218145,8.141453,10.045571,13.343185,15.520361,15.063577,13.467548,18.13236,21.9175,21.61117,18.565966,18.114426,22.283815,24.391111,21.724829,18.834328,16.697962,12.576034,12.98205,9.546193,12.692065
16,29.957748,26.860628,23.148773,22.13218,18.467257,19.508041,14.518135,13.606418,12.811767,10.5817375,14.306717,16.469595,12.537132,10.348186,7.4711523,3.9737377,0.0,4.0691886,7.926834,9.749778,13.6794815,15.53848,18.505821,16.776115,15.113965,14.204709,9.799407,7.3220606,5.619817,4.2393894,8.706295,6.944454,12.224675,12.7211685,16.107986,18.343985,17.72431,17.458061,13.753541,11.158189,13.103528,11.795081,10.550127,13.216212,15.31482,11.490098,18.224773,18.486176,21.457647,18.961523,23.374382,20.77468,24.723356,28.683668,25.12882,21.501644,22.044683,19.180176,21.735125,23.345646,23.437082,16.478354,20.487741,17.566961,21.318115,20.781923,23.42813,28.434576,27.485117,24.6716,24.30461,20.75469,21.431831,16.976446,22.155254,18.796711,24.32638,25.376896,26.501406,30.691088,31.981531,32.15448,29.745838,25.601982,22.316471,19.389307,19.04431,13.164039,14.462949,10.518566,9.935827,8.093211,6.4859533,10.23223,10.972211,14.104424,15.313484,14.518313,12.346206,16.440897,20.569603,19.232332,15.99242,16.588173,20.971514,23.347723,21.363964,18.338877,17.371498,13.05167,14.793454,11.982613,15.700958
17,30.01704,27.193235,23.644783,22.480042,18.709188,20.936121,15.021067,15.913406,14.606206,12.923522,17.173622,18.299902,15.224789,13.574702,10.714004,6.6087494,4.0691886,0.0,7.1649265,6.722451,11.448195,12.985176,16.14825,14.111057,11.890857,11.6379,6.6864767,5.920107,5.457181,6.367406,12.089432,10.883192,16.189919,16.664701,20.17639,22.365124,21.528015,21.140816,17.167086,14.228102,16.178032,13.635653,12.309988,13.707716,14.774872,9.804272,16.588966,16.114063,18.698526,15.578441,19.995953,17.00841,20.815128,24.877626,21.125038,17.52832,18.00205,15.251881,18.092987,19.743843,20.340961,13.419259,18.14572,16.173244,20.091925,20.614592,23.410099,28.057667,26.93939,24.102785,23.036133,19.639584,19.52234,14.748869,19.623123,15.639771,21.238222,21.637917,23.088549,27.029152,28.399227,28.412844,25.861546,21.65541,18.465563,15.396615,15.443811,9.301398,11.400225,8.138334,8.290533,8.005819,8.203841,11.630286,13.228581,15.728246,16.828741,14.56139,11.375535,15.702851,19.337368,17.833252,13.954007,14.120059,18.97902,21.673347,19.813047,16.469456,16.600674,11.374793,13.957505,11.460773,15.381379
18,28.949486,26.767653,22.798048,23.219702,19.606337,21.705238,17.115862,17.950176,18.771435,17.516422,21.400846,24.231052,20.403934,17.83444,14.994252,11.835803,7.926834,7.1649265,0.0,5.0830874,6.5156693,8.531702,11.0808325,10.412851,9.956169,9.098328,7.652318,5.501067,8.875975,6.457354,13.363797,11.48924,16.87396,18.193727,20.829165,21.98677,19.762909,19.190586,14.563645,11.307178,14.607388,10.093792,12.016993,12.001643,13.083383,11.004706,16.062834,17.462008,18.862473,16.529379,20.079075,17.217451,21.691332,24.411282,21.700155,18.035809,19.80713,17.929277,20.888958,23.611435,24.483469,18.081255,22.467346,21.04865,24.078465,25.71688,27.68996,32.149414,32.04496,29.574661,28.633411,25.677488,25.52629,20.922966,25.7205,21.372114,27.008068,25.99579,28.170359,31.446732,32.593727,31.672901,28.338963,24.069231,21.85365,18.582006,20.087973,14.046251,17.40741,14.63383,14.056818,14.027713,13.423579,17.189054,16.925861,19.434109,19.170607,17.732328,14.753137,17.088673,21.280472,17.72478,14.155808,16.934372,21.440466,24.261717,23.678755,20.586233,21.784964,17.358082,20.603662,18.504831,22.492914
19,30.222446,28.199263,24.583014,24.415531,20.739567,23.921804,18.240248,20.456814,20.191166,19.09814,23.440336,24.964375,21.872274,19.953981,16.912111,13.151747,9.749778,6.722451,5.0830874,0.0,5.4508886,6.3255706,9.677178,8.349377,6.462959,7.3357434,5.234769,6.385522,9.748864,9.751586,16.74475,15.208639,20.827532,21.663374,24.862673,26.415787,24.52702,24.013304,19.471163,16.199032,18.968035,14.438585,15.053166,14.4062605,14.2840805,10.469061,15.477687,15.5331745,16.43748,13.02198,16.589022,12.9059925,17.12143,20.135012,16.8738,13.205754,14.881276,13.311156,16.739977,19.338068,20.91747,14.847726,19.949747,19.566233,22.838444,25.196896,27.4934,31.580635,31.033443,28.486748,26.832159,24.010185,23.042099,18.296772,22.465893,17.59534,22.991552,21.24752,23.651333,26.640314,27.794462,26.752583,23.341776,19.037386,16.952538,13.622802,15.604756,9.830526,13.872959,12.1825,12.255991,13.47132,14.165581,17.550901,18.323853,20.290504,20.27554,17.345675,13.544218,16.225828,19.590162,16.292273,11.979944,13.885498,18.789913,21.880747,21.304178,17.976366,20.16059,15.146955,18.915445,17.26046,21.22643
20,28.246971,26.877731,23.23484,24.101603,20.73204,24.151245,19.352161,22.102713,22.987759,22.44923,26.732204,29.220667,26.103325,23.61577,21.066721,17.300007,13.6794815,11.448195,6.5156693,5.4508886,0.0,3.735275,4.8965406,4.2924576,5.151063,5.142037,7.660081,8.234893,12.677325,12.057265,18.801722,17.95829,22.888811,24.691107,27.084055,27.998503,25.533472,24.578604,19.978148,16.664165,19.360529,13.74226,15.697967,13.601246,12.806846,11.416155,14.139834,15.55274,15.32115,13.072565,15.517327,12.669083,17.225588,18.924776,17.165447,13.752041,16.32454,15.338569,18.18656,21.59583,23.015146,17.763948,22.076958,22.16711,24.582722,27.933996,29.535374,33.271976,33.55313,31.37942,29.800825,27.466984,26.523819,22.153294,26.260775,21.55802,26.902794,24.45187,27.566046,29.824385,31.20973,29.652431,25.738115,21.508223,20.304035,16.843786,19.867224,14.347079,18.899689,17.565027,17.69215,18.725185,18.978659,22.566566,22.849733,24.99075,24.560743,22.112398,18.495785,20.315569,23.727507,19.431374,15.480932,18.422115,23.017897,26.135134,26.14227,22.941298,25.478113,20.585184,24.340282,22.469448,26.302944
21,31.789215,30.519796,26.932934,27.711239,24.31147,27.789612,22.754503,25.375536,25.880693,25.025778,29.292124,31.238441,27.9462,25.815033,22.660734,19.215494,15.53848,12.985176,8.531702,6.3255706,3.735275,0.0,4.2093973,5.9606295,6.345456,8.064217,9.997274,11.211105,15.3955555,14.6805,21.653555,19.835918,25.39322,26.395306,29.264221,30.271873,27.601072,27.06851,22.363745,19.184612,22.446754,16.98346,19.126997,17.301855,16.484325,14.551509,17.340876,18.147308,17.448586,14.493886,16.530502,12.731639,16.837997,18.114187,15.907486,12.721906,15.60771,15.505792,18.924114,22.09186,24.258924,19.25175,24.101538,24.594616,27.277716,30.615509,32.498768,36.19331,36.129765,33.823814,31.936766,29.504702,28.16304,23.619822,27.262701,22.127703,27.078096,23.836893,26.781006,28.880964,29.69606,27.699146,23.645163,19.631868,18.858934,15.840809,19.022621,14.441066,18.856647,17.865707,17.706032,19.305836,19.985535,23.355927,23.458029,25.107046,24.287136,21.359205,17.679049,18.72715,21.716318,17.014679,13.223867,16.639719,20.859308,23.973965,24.541008,21.539318,24.83415,20.389698,24.59353,23.38092,27.373018
22,30.085836,29.345997,25.917412,27.280834,24.193497,27.92654,23.44085,26.608625,27.697853,27.304888,31.598824,34.05574,30.96451,28.499788,25.830887,22.160383,18.505821,16.14825,11.0808325,9.677178,4.8965406,4.2093973,0.0,4.5660963,7.043582,7.9683547,11.916852,13.02018,17.475445,16.858389,23.48373,22.485804,27.406065,29.175667,31.477627,32.137024,29.29307,28.350435,23.759407,20.592026,23.423046,17.51242,20.017326,17.27527,15.862345,15.369309,16.42386,17.949284,16.436771,14.508165,15.560293,12.790902,16.88786,17.126207,16.361036,13.577113,16.807756,16.91727,19.666153,23.317915,25.221659,20.897207,25.067644,25.927462,27.972107,32.033005,33.421455,36.766697,37.272915,35.26415,33.40449,31.374067,30.04047,25.833448,29.420732,24.538797,29.459816,25.95038,29.43143,30.980562,32.170364,29.983135,25.691744,21.780777,21.523005,18.366495,22.1149,17.499002,22.247805,21.505262,21.62147,23.070332,23.553967,27.054771,27.167032,29.028435,28.209866,25.5124,21.860033,22.853716,25.809341,20.894386,17.28912,20.712778,24.878435,27.99795,28.665741,25.648233,28.961403,24.30183,28.366236,26.83809,30.670889
23,26.711351,25.802305,22.564297,23.44736,20.351717,24.583603,19.693338,23.64658,24.45686,24.470852,28.95857,31.252005,28.790081,26.31693,24.243534,20.028757,16.776115,14.111057,10.412851,8.349377,4.2924576,5.9606295,4.5660963,0.0,3.5128572,3.7873151,8.556439,10.308513,14.547967,15.037615,21.411804,21.57294,26.010035,28.321829,30.492525,31.391872,29.112823,27.79254,23.352995,19.98864,21.919088,16.152569,17.412441,14.365761,12.379538,11.3708,12.15938,13.384326,12.071146,10.288085,11.826436,9.695599,14.233375,15.408221,14.682119,11.594894,14.369579,13.660753,15.876502,19.714155,21.109879,16.901358,20.678608,21.673098,23.513142,27.894833,29.165218,32.33572,32.913105,31.017872,29.134233,27.323988,26.02078,22.074451,25.727606,21.218365,26.310616,23.388187,27.150938,28.708757,30.593412,28.93672,24.839869,20.671766,19.9909,16.377623,20.16317,14.9941845,19.977446,19.493484,20.235924,21.550365,22.122093,25.593702,26.437263,28.580185,28.402674,25.537468,21.659706,23.715818,26.6856,22.537535,18.390497,20.712954,25.417759,28.63699,28.592215,25.282959,28.12789,22.81188,26.467802,24.459246,27.97136
24,27.631998,26.336163,23.185993,23.302023,19.997797,24.393286,18.742062,22.822538,22.856691,22.726475,27.350384,28.941874,26.754515,24.642448,22.451061,18.082005,15.113965,11.890857,9.956169,6.462959,5.151063,6.345456,7.043582,3.5128572,0.0,3.5883434,6.181259,9.094811,12.863502,14.134952,20.642225,20.713842,25.437878,27.33093,29.931335,31.220251,29.310846,28.162243,23.724417,20.30275,22.150894,16.843533,17.15484,14.714562,12.866279,9.975786,12.109898,12.043451,11.321579,8.217531,10.7512,7.627364,12.264118,14.571343,12.717218,9.252588,11.601894,10.51947,13.176139,16.738522,18.376478,13.861106,18.201883,19.307259,21.605762,25.75888,27.429075,30.677277,30.744404,28.662075,26.550663,24.585619,23.05169,18.950672,22.466621,17.794056,22.88773,20.124975,23.757595,25.540125,27.470854,26.090988,22.197815,17.896227,16.82931,13.096808,16.743744,11.535851,16.566452,16.38761,17.413513,18.981718,19.94973,23.211506,24.543589,26.546923,26.677565,23.374779,19.324417,21.870056,24.590221,21.0445,16.61917,18.120306,23.021826,26.266457,25.885773,22.478579,25.294937,19.776278,23.39302,21.494934,24.934408
25,24.369991,23.024858,19.74562,20.160126,16.903214,21.183104,15.985319,20.134348,20.79471,21.000717,25.5376,27.885256,25.72602,23.190317,21.594315,17.113956,14.204709,11.6379,9.098328,7.3357434,5.142037,8.064217,7.9683547,3.7873151,3.5883434,0.0,5.497749,7.22471,11.169795,12.343432,18.367945,19.333113,23.331343,25.99666,28.027977,29.103128,27.28023,25.756802,21.49414,18.068665,19.365417,13.962133,14.215475,11.31686,9.360345,7.584603,9.3046875,10.484717,10.35026,8.727309,11.457217,9.940375,14.641106,16.909071,15.758497,12.402865,14.4234,12.61889,14.454674,18.188871,18.89525,14.1545105,17.67161,18.167706,20.065016,24.20621,25.477425,28.814363,29.380829,27.468061,25.80333,23.937843,22.963808,19.092506,23.15615,19.039001,24.458752,22.526037,26.154556,28.106485,30.379393,29.294792,25.532564,21.188337,19.834942,15.957071,19.2143,13.3316145,18.179464,17.442308,18.482967,19.396812,19.797213,23.263565,24.486103,26.909454,27.199448,24.535704,20.710848,23.53787,26.724424,23.191332,18.850285,20.5086,25.515972,28.70817,28.05949,24.599272,26.735613,21.093363,24.286518,21.809195,25.11636
26,26.050674,23.885721,20.56749,19.837439,16.188147,20.013767,13.830405,17.336782,16.852835,16.58381,21.24135,22.82857,20.773502,18.660156,16.909061,12.249657,9.799407,6.6864767,7.652318,5.234769,7.660081,9.997274,11.916852,8.556439,6.181259,5.497749,0.0,4.142231,6.849057,9.184246,15.246996,15.973844,20.31809,22.311485,24.927773,26.583069,25.37129,24.189571,20.04199,16.671995,17.907328,13.658794,12.462798,11.35583,10.617643,5.5285378,11.010188,10.607103,12.3576145,9.493599,13.681742,11.355409,15.639495,19.306513,16.62778,13.008523,13.973687,11.195853,13.517507,16.335945,16.901232,10.78612,15.175787,14.761198,17.721893,20.619764,22.643118,26.523287,26.248816,23.90451,22.301819,19.823614,19.035147,14.689022,19.20012,15.061582,20.79691,20.00584,22.89387,25.706572,27.874458,27.441896,24.25095,19.825228,17.467695,13.63902,15.679251,9.135476,13.456522,12.258861,13.513971,14.237613,14.838019,18.11347,19.901075,22.321957,23.142546,20.35195,16.581047,20.294271,23.484455,20.986774,16.539454,17.122477,22.316338,25.390177,24.05036,20.504757,21.917645,16.082832,18.94453,16.319317,19.657354
27,24.930212,22.491457,18.785292,18.458883,14.740477,17.554222,12.123617,14.354473,14.763865,14.318595,18.712683,21.423979,18.741703,16.053759,14.555869,10.149762,7.3220606,5.920107,5.501067,6.385522,8.234893,11.211105,13.02018,10.308513,9.094811,7.22471,4.142231,0.0,4.5145087,5.3706756,11.559047,12.529341,16.516273,19.014124,21.195845,22.643742,21.375723,20.071096,15.965824,12.601189,13.825531,9.714812,8.868394,8.521335,9.157494,5.6595817,11.617114,12.624791,14.903111,13.068839,17.092054,15.255567,19.66965,23.062515,20.634428,16.985956,18.101286,15.290946,17.364998,20.094606,20.103003,13.732626,17.403833,15.792906,18.612555,20.590107,22.391901,26.715506,26.766802,24.443327,23.555328,20.867052,20.907711,16.676683,21.738703,18.070133,23.92507,23.783537,26.30287,29.46814,31.487028,31.146587,28.035233,23.626156,21.096317,17.41664,18.90633,12.24948,15.802,13.493654,14.10868,13.838572,13.421444,17.028694,18.14607,21.011827,21.759508,20.005589,16.773022,20.377274,24.195541,21.562935,17.500807,18.734118,23.735703,26.642256,25.25488,21.849716,22.483715,17.0872,19.573141,16.577156,19.995478
28,24.988497,21.95043,18.462448,17.12253,13.371083,15.527685,9.630501,11.105102,10.5046,9.947826,14.50227,17.01456,14.766139,12.163101,11.518732,6.735344,5.619817,5.457181,8.875975,9.748864,12.677325,15.3955555,17.475445,14.547967,12.863502,11.169795,6.849057,4.5145087,0.0,4.9023094,8.889043,11.10655,14.228357,16.786396,18.975763,20.89991,20.564644,19.250856,15.762638,12.786406,12.917534,10.780659,7.6120644,9.2244425,10.645931,6.2361965,13.004683,13.243762,16.627037,14.918108,19.33063,17.82908,21.823154,25.869474,23.067934,19.516714,19.888102,16.479582,18.102892,20.124296,19.43129,12.771216,15.885455,13.064797,16.30455,16.938412,19.087076,23.80689,23.455006,20.95555,20.508724,17.503502,18.209333,14.184418,19.63293,16.789068,22.61184,23.83008,25.81096,29.436367,31.65761,31.972921,29.388786,25.069984,21.97234,18.488785,18.94972,12.424368,14.785629,12.048921,12.963983,11.830589,11.06932,14.338442,16.1723,19.290903,20.810242,19.415226,16.613283,20.996765,24.745192,23.154108,19.259129,19.457588,24.378065,27.052292,24.93522,21.576717,21.064556,15.663776,17.118832,13.487879,16.467705
29,26.60499,23.692173,19.76657,19.459867,15.86102,16.807224,12.537854,11.859696,12.738129,11.409491,15.11385,18.751144,15.059435,11.94791,10.410107,7.0480833,4.2393894,6.367406,6.457354,9.751586,12.057265,14.6805,16.858389,15.037615,14.134952,12.343432,9.184246,5.3706756,4.9023094,0.0,7.065074,7.3030195,11.346458,13.765997,15.871074,17.412128,16.343637,15.325479,11.368874,8.278716,9.910732,7.6400213,7.075254,9.43709,11.941834,9.736433,15.729216,17.109455,19.921442,18.292536,22.418816,20.489164,24.815308,28.318151,25.552975,21.866709,22.836264,19.950722,22.114742,24.369385,24.093863,17.377352,20.739353,17.873907,20.904198,21.118877,23.049095,27.93395,27.826233,25.356647,25.22302,22.093021,22.963005,18.799715,24.188597,20.961147,26.738472,27.449553,29.219357,32.99428,34.64537,34.5629,31.76819,27.459612,24.536802,21.209572,21.717682,15.3240795,17.6061,14.131033,13.871909,12.318038,10.577279,14.279494,14.503844,17.806318,18.611347,18.23914,15.972901,19.50142,23.840708,21.630838,18.274202,19.71153,24.244219,26.781963,25.16918,22.079334,21.53561,17.04025,18.87909,15.768867,19.19499
30,25.724274,22.19215,18.530754,17.794086,14.837773,13.271673,11.27862,6.702348,8.865229,7.6319647,9.714005,15.454279,11.977595,7.932317,9.5098,8.179582,8.706295,12.089432,13.363797,16.74475,18.801722,21.653555,23.48373,21.411804,20.642225,18.367945,15.246996,11.559047,8.889043,7.065074,0.0,7.1188498,5.7993913,10.679806,10.881408,12.528549,13.147977,11.486919,9.50778,8.081723,6.2371006,8.983994,6.1848297,10.9507065,14.507734,13.65373,18.823977,20.483875,24.09768,23.370909,27.538357,26.441757,30.601604,34.37928,31.799501,28.184809,28.74062,25.3642,26.78861,28.655008,27.346403,20.961304,22.851898,18.630075,21.102306,19.40033,20.866243,26.062126,26.227226,23.991974,25.073313,22.015633,24.148909,20.911798,26.475288,24.570566,30.117037,32.22177,33.597828,37.667713,39.63316,40.14268,37.74853,33.500244,30.225489,26.996975,26.822218,20.665028,21.92325,18.189312,18.001034,15.2660885,12.484224,15.219497,15.342816,19.075592,20.59652,21.713636,20.48419,24.255001,28.636395,27.258936,24.367853,25.250286,29.451899,31.619307,29.40516,26.584837,24.539068,20.703468,21.017456,17.31513,19.641264
31,31.898857,28.665962,24.758709,24.41453,21.162039,20.269714,17.479548,13.748135,14.491288,11.788674,13.481751,17.458754,12.14591,9.3126135,6.823406,7.7662406,6.944454,10.883192,11.48924,15.208639,17.95829,19.835918,22.485804,21.57294,20.713842,19.333113,15.973844,12.529341,11.10655,7.3030195,7.1188498,0.0,6.934065,6.7655144,9.818342,11.827603,11.069688,11.5444145,8.429901,7.3058515,10.0458355,11.253693,11.60851,15.413207,18.636705,16.826347,22.838753,24.150873,27.174717,25.296366,29.53277,27.145443,31.315523,34.92478,31.605682,27.932007,28.776577,26.041605,28.53557,30.23888,30.049637,23.15018,26.552078,22.914524,26.234848,24.61173,26.83346,32.104218,31.517847,28.856606,29.330488,25.749743,27.192749,23.124971,28.395329,25.468052,30.845116,32.18576,32.97204,37.37811,38.34321,38.462517,36.091732,32.04044,28.810215,26.07504,25.51842,19.972939,20.773018,16.440836,14.965471,12.21489,9.005671,11.921817,10.049691,13.586161,14.215662,16.10745,15.611999,18.440432,23.079792,21.664946,19.597864,21.152962,24.640718,26.50803,24.795734,22.408226,20.481758,17.896135,18.935152,16.467108,19.707617
32,29.934729,26.4047,22.806726,22.456886,19.931717,17.124317,16.66122,10.692615,12.8530655,10.899013,10.550026,16.703768,12.217532,8.626221,10.070091,11.485701,12.224675,16.189919,16.87396,20.827532,22.888811,25.39322,27.406065,26.010035,25.437878,23.331343,20.31809,16.516273,14.228357,11.346458,5.7993913,6.934065,0.0,6.706128,5.138192,6.901499,8.474706,7.692976,7.5652347,8.369522,7.364121,12.121292,11.345588,15.940003,19.73948,19.329855,24.410608,26.266165,29.784544,28.915802,33.08638,31.656322,35.86874,39.560764,36.747353,33.08167,33.748833,30.550713,32.282005,33.9905,32.845325,26.337479,28.386213,23.934422,26.45465,23.822403,25.289312,30.546982,30.558819,28.313036,29.782976,26.548788,28.947348,25.74206,31.182169,29.30869,34.65435,36.913177,37.79571,42.19045,43.69847,44.20451,41.947758,37.810432,34.447346,31.499214,30.900612,25.119305,25.787601,21.614962,20.690123,17.49801,14.098742,16.144978,14.792765,18.388792,19.59826,22.257042,22.099848,25.160004,29.698292,28.571594,26.494074,27.730429,31.26731,33.021755,30.920668,28.57984,25.858782,23.28602,23.254719,20.107185,22.286911
33,36.184532,32.634003,28.996572,28.294067,25.446774,23.285017,21.600803,16.197315,16.487358,13.348644,12.634207,16.441061,10.711255,9.01797,7.8417826,11.729462,12.7211685,16.664701,18.193727,21.663374,24.691107,26.395306,29.175667,28.321829,27.33093,25.99666,22.311485,19.014124,16.786396,13.765997,10.679806,6.7655144,6.706128,0.0,5.511378,8.597316,9.85301,11.625449,11.077952,11.967008,13.408232,16.802258,16.570082,21.0032,24.509598,22.751633,28.763353,29.88122,33.29031,31.445078,35.82738,33.460564,37.44131,41.32268,37.70632,34.08788,34.621895,31.753843,34.134663,35.345547,34.882893,28.096405,31.077469,26.799118,30.119114,26.951014,29.252935,34.643787,33.68753,31.016323,32.126064,28.399113,30.444574,26.848745,31.892166,29.665928,34.578804,36.806324,36.862595,41.673916,42.39021,42.931503,41.046787,37.21819,33.699062,31.350084,29.975933,25.103785,24.78761,20.301819,18.54216,15.160094,11.636853,12.673705,9.852733,12.959101,14.031132,17.80273,18.804,21.286636,25.597736,25.330896,24.12884,25.11576,27.76616,28.991083,26.899546,25.155453,21.81279,20.78394,20.56656,18.510185,20.864233
34,34.475792,30.936253,27.452911,27.16394,24.84985,21.534498,21.602934,15.234861,16.93629,14.632289,12.933406,18.45531,13.635773,11.155504,12.188673,15.152517,16.107986,20.17639,20.829165,24.862673,27.084055,29.264221,31.477627,30.492525,29.931335,28.027977,24.927773,21.195845,18.975763,15.871074,10.881408,9.818342,5.138192,5.511378,0.0,3.6034353,7.0012546,8.082563,9.774896,11.824581,11.642817,16.57226,16.450607,20.966223,24.801609,24.345192,29.535702,31.334064,34.846554,33.77406,37.99713,36.27886,40.45694,44.167213,41.089184,37.418022,38.080425,35.00114,36.95081,38.4514,37.44283,30.863756,33.05576,28.458014,31.100973,27.78742,29.363256,34.633865,34.383614,32.09601,33.782757,30.406559,32.945717,29.786715,35.05278,33.249153,38.35199,40.79127,41.21388,45.867878,46.991776,47.554996,45.492687,41.49816,38.04748,35.381012,34.373695,29.015976,29.141178,24.767542,23.374489,19.981464,16.427628,17.673628,15.329056,18.446,19.41013,23.245436,24.003681,26.462751,30.917652,30.203403,28.83193,30.139807,33.04098,34.384098,32.339077,30.46555,27.181623,25.72955,25.347948,22.753756,24.703089
35,34.28578,30.957905,27.448746,27.764074,25.691803,22.005615,22.959589,16.59165,19.221859,17.35207,15.765885,21.768604,17.134357,14.381897,15.39799,17.905445,18.343985,22.365124,21.98677,26.415787,27.998503,30.271873,32.137024,31.391872,31.220251,29.103128,26.583069,22.643742,20.89991,17.412128,12.528549,11.827603,6.901499,8.597316,3.6034353,0.0,4.729362,5.7116694,8.896915,11.726009,11.398232,16.551704,17.294117,21.470839,25.398138,25.82225,30.467833,32.793533,36.110806,35.37681,39.406685,37.879208,42.218876,45.633083,42.881737,39.18449,40.095543,37.095078,39.001976,40.79269,39.737114,33.19703,35.255802,30.741896,33.067528,30.123236,31.309875,36.461937,36.67407,34.570114,36.346962,33.139507,35.69985,32.545486,37.926228,36.00962,41.277416,43.4435,44.123177,48.645103,49.817505,50.177567,47.894596,43.822575,40.53665,37.7263,37.06127,31.463356,31.989264,27.634327,26.219225,22.976192,19.435003,20.977442,18.371712,21.427643,21.939926,25.909666,26.583298,28.671011,33.28091,32.062458,30.77006,32.596092,35.517807,36.922787,35.170883,33.277813,30.311907,28.759968,28.670488,26.02592,28.102983
