,0,1,2,3,4,5,6,7,8,9,10,11,12,13,14,15,16,17,18,19,20,21,22,23,24,25,26,27,28,29,30,31,32,33,34,35,36,37,38,39,40,41,42,43,44,45,46,47,48,49,50,51,52,53,54,55,56,57,58,59,60,61,62,63,64,65,66,67,68,69,70,71,72,73,74,75,76,77,78,79,80,81,82,83,84,85,86,87,88,89,90,91,92,93,94,95,96,97,98,99,100,101,102,103,104,105,106,107,108,109,110
0,0.0,4.1929064,6.4866476,9.682255,12.169417,14.474552,17.326803,20.839975,23.920351,26.353695,29.904781,32.11706,35.13733,33.547478,36.867317,31.771482,32.80003,30.587523,32.27085,32.679672,32.423878,35.002785,36.382965,37.271496,38.459904,37.706036,36.973465,38.23739,35.468075,39.77285,33.580307,39.97703,36.362522,37.89364,35.015896,31.660719,29.894323,31.768469,29.540249,26.85468,25.984453,27.993704,25.878645,21.613552,23.530113,25.164457,19.332607,17.981358,20.830395,21.712093,26.300827,23.637108,26.56028,28.791803,30.159359,32.690575,30.37211,34.573284,36.068478,32.02995,33.593468,37.828262,39.928474,40.278378,36.248425,36.55226,42.145187,42.286415,38.153324,41.314434,44.3082,42.045975,38.62476,41.270794,36.806904,39.22399,35.860527,31.807064,31.549414,26.638325,24.352303,21.626772,20.139355,22.867615,25.029789,27.425657,30.005962,35.09519,37.679832,41.520008,43.719772,47.587505,47.74562,49.234493,47.7963,45.101433,42.284992,40.499657,36.78512,33.734493,30.847221,27.665741,23.75534,20.583511,20.512413,23.54469,22.753242,26.800938,28.607487,30.835049,34.21426
1,4.1929064,0.0,4.9830356,6.6850405,8.774467,12.28388,13.935117,18.153944,20.84508,23.412813,26.97247,29.037264,31.929937,30.099152,33.149036,28.131891,28.906584,26.798796,28.197308,28.840132,28.587723,31.110464,32.77462,33.555958,34.631805,33.758396,33.24708,34.461426,31.87957,36.210533,30.30042,36.880886,33.42154,35.28728,32.230473,28.628742,27.241705,29.436085,26.80911,23.902143,23.728846,25.693407,23.064299,19.04132,21.682358,22.931082,16.58274,16.043922,19.434647,20.577585,24.698421,21.83257,25.46639,27.549204,28.435406,30.491138,27.876936,31.967606,33.975986,30.134373,30.94667,35.39952,37.715603,38.351032,34.181828,34.04093,39.569077,39.455654,35.209465,38.495945,41.18433,38.707058,35.461613,38.02965,33.72776,36.12589,32.720657,28.901731,28.563923,23.868435,21.366863,18.92985,16.781487,19.38289,21.603998,23.887587,26.538326,31.591808,34.128296,37.98985,40.03886,43.988598,43.976128,45.356754,43.81733,41.062183,38.220192,36.372192,32.734562,29.560328,26.799994,23.490402,19.626411,16.498905,16.330181,19.357176,18.818974,22.787888,24.734982,27.065275,30.515104
2,6.4866476,4.9830356,0.0,5.4128995,6.667786,8.360478,11.553473,14.450162,17.863766,19.979548,23.614958,25.775026,28.920618,27.472546,31.295885,26.333553,27.788963,25.986063,28.237076,29.166937,29.704855,32.45901,34.538494,34.37076,35.078106,33.845856,32.796597,33.507805,30.495491,34.499954,28.146065,34.313465,30.23365,31.988268,29.464266,25.963917,24.009226,26.396044,24.467188,21.512545,20.678818,23.732243,21.498154,16.906933,19.381662,22.127943,16.234478,14.622504,18.556002,18.67115,23.134434,21.870508,24.842098,26.26203,27.876276,30.131565,27.105356,31.32056,33.179424,28.59748,29.407085,34.07722,36.01905,36.26015,31.782349,31.764282,37.370354,37.19677,33.385174,37.08217,39.654373,37.26551,34.360172,37.590717,33.271748,36.29519,33.189648,29.220398,29.764696,24.801739,22.936306,21.208685,18.625566,20.377068,21.57228,24.802017,26.233118,31.850351,33.868935,37.81467,39.611546,43.465775,43.37527,45.10326,43.870525,41.10837,38.641987,36.611904,33.804546,30.186426,28.32793,24.1475,21.106075,18.381948,17.146809,19.765673,17.831278,21.818027,23.212645,25.181448,28.404194
3,9.682255,6.6850405,5.4128995,0.0,3.8219874,6.6908693,8.261165,12.60465,14.714143,17.888653,21.025158,23.49497,26.105503,24.581982,27.505966,22.25133,23.559912,21.250673,23.760212,24.12321,24.734888,27.658743,29.557865,29.20263,30.012878,29.00507,27.793148,28.830791,25.87062,30.132833,23.90904,30.389574,27.146671,28.753319,25.592848,22.120348,20.721756,22.77996,20.150686,17.290794,17.103495,19.22835,16.616638,12.415516,15.367033,17.170467,10.941111,10.147908,14.332503,15.077743,18.875565,17.087543,20.71104,22.164549,23.169329,25.0732,22.004452,26.149338,28.27441,24.085283,24.565435,29.203127,31.407005,32.003395,27.66542,27.418737,32.963585,32.839565,28.707745,32.168224,34.834377,32.472282,29.308126,32.31878,27.979092,30.899364,27.777575,23.828056,24.43001,19.487793,17.74837,16.42468,13.652611,15.106293,16.229088,19.526615,20.973946,26.530024,28.661325,32.58052,34.559193,38.38313,38.488937,40.229313,39.09112,36.47721,34.03189,32.263523,29.276201,26.173857,24.091158,20.190042,17.348763,14.83418,14.138698,16.370808,15.592233,18.264025,20.518845,22.016094,25.688112
4,12.169417,8.774467,6.667786,3.8219874,0.0,5.4774275,5.1940303,9.780606,12.126367,14.7947645,18.257582,20.357542,23.16426,21.437164,24.78444,19.814096,21.124304,19.436026,21.764788,22.96765,23.919584,26.719767,29.278925,28.4719,28.883331,27.410158,26.39489,26.934391,24.047577,28.064558,22.020115,28.449913,24.725767,26.914133,24.054651,20.197784,18.902473,21.764603,19.198753,15.887233,16.317467,19.32341,16.300917,12.203197,15.977573,18.23574,12.002481,11.758782,16.448032,16.78305,20.124548,19.057924,22.849478,23.79147,24.682177,26.119074,22.557283,26.52179,29.142658,24.846756,24.345726,29.349257,31.547895,32.20462,27.536245,26.783955,32.243515,31.68178,27.755764,31.684021,33.77511,31.112978,28.527084,31.794569,27.751312,30.91773,27.9163,24.33141,25.135963,20.575098,18.824764,18.10523,14.4920845,15.299192,15.921472,19.387005,20.280693,25.997086,27.735,31.70898,33.24292,37.15474,36.866703,38.578205,37.36522,34.582832,32.256317,30.175943,27.801203,24.049936,22.766365,18.124847,15.834233,13.696037,11.892048,13.92104,12.131539,15.299344,17.070005,18.80448,22.286333
5,14.474552,12.28388,8.360478,6.6908693,5.4774275,0.0,6.0552053,6.937796,10.200417,12.64919,15.7860775,18.455763,21.384142,20.509743,24.579592,19.580881,21.967901,20.3295,24.02267,24.910889,26.683355,29.759893,32.264805,30.539114,30.717648,29.146236,27.20157,27.353273,23.816488,27.420994,20.646122,26.368242,22.141304,23.66327,21.384102,18.04,15.7337675,18.309645,16.87488,13.907524,12.742188,16.980862,15.030896,10.179406,12.996418,17.277292,12.544539,10.36827,15.070655,14.017273,17.792065,18.792175,21.314665,21.516586,23.448912,25.373068,21.666174,25.759127,27.767323,22.592115,22.683802,27.647118,29.258636,29.306236,24.447226,24.202993,29.769499,29.432236,26.069355,30.214375,32.50962,30.25105,27.806002,31.78941,27.63132,31.43022,28.878984,24.994085,26.847578,21.95641,21.201653,20.993784,17.82845,17.86679,17.234394,21.668905,21.074589,27.220945,28.417236,32.349846,33.81793,37.43922,37.356632,39.56517,38.880497,36.292297,34.47059,32.45696,30.838905,27.171349,26.546745,21.61188,20.209253,18.505304,16.441647,17.78553,15.045554,17.27299,18.537567,19.261889,22.481054
6,17.326803,13.935117,11.553473,8.261165,5.1940303,6.0552053,0.0,6.0407987,7.1426826,10.146712,13.34257,15.466169,18.05515,16.354927,19.751469,14.829743,16.542442,15.238871,18.257593,19.832912,21.637033,24.509478,27.579025,25.714272,25.63811,23.768839,22.418741,22.445292,19.395374,23.154037,17.128876,23.474327,19.700237,22.20657,19.414898,15.3133,14.329567,17.763067,15.139658,11.508173,12.85385,16.429756,13.104549,9.56551,14.107993,16.688768,11.322571,11.658871,16.508995,16.39908,18.704062,18.81075,22.56186,22.725132,23.411804,24.245113,20.151814,23.80623,26.876335,22.537613,20.891924,26.18584,28.319939,29.072933,24.163263,22.84439,28.131643,27.197166,23.502981,27.840569,29.418402,26.604523,24.56193,28.229948,24.501644,28.095543,25.453562,22.236212,23.742212,19.619791,18.478193,18.91938,14.815788,14.221285,13.494444,17.54528,17.028732,22.988443,24.089521,28.05992,29.193302,33.044044,32.557247,34.464184,33.48088,30.722334,28.7927,26.611078,25.18365,21.20717,21.03574,15.752444,14.935724,13.839005,11.262481,12.030441,9.583424,11.288695,12.979719,14.00571,17.566645
7,20.839975,18.153944,14.450162,12.60465,9.780606,6.937796,6.0407987,0.0,4.923755,5.7489605,9.262629,11.59166,14.789374,14.047692,19.044651,14.780758,17.712753,17.292936,21.276695,23.179106,25.832664,28.716461,32.05784,29.20589,28.620903,26.341547,24.300388,23.404902,19.840275,22.641262,16.179176,21.292114,16.13871,18.603172,17.115356,13.328695,11.074969,15.232924,14.336917,10.939003,10.957712,16.617657,14.433908,10.786316,14.324484,18.92819,15.24607,14.168205,18.796097,17.29377,19.591812,21.898497,24.443542,23.66494,25.27702,26.298906,21.948921,25.440125,28.112911,22.964178,21.246195,26.580612,28.001295,28.103405,22.828348,21.638403,26.796867,25.682053,22.997313,27.895054,29.110413,26.527409,25.28215,29.803877,26.322657,30.59126,28.535608,25.380604,27.83479,23.743967,23.377989,24.2427,20.369867,19.189276,17.325592,21.96277,19.822496,25.9642,26.18352,30.010267,30.650879,34.178944,33.545128,35.894386,35.389877,32.732822,31.456299,29.115608,28.96114,24.675037,25.673376,19.954212,20.166637,19.511229,16.35933,16.5306,12.4205885,13.648108,13.736718,13.738723,16.38572
8,23.920351,20.84508,17.863766,14.714143,12.126367,10.200417,7.1426826,4.923755,0.0,4.8656583,6.511221,9.389671,11.530168,10.740382,14.701298,10.084971,13.364608,12.843371,17.513779,19.137625,22.301424,25.220905,28.608074,25.112165,24.311298,22.000704,19.614574,18.617899,14.941194,17.811316,11.333199,16.883753,12.600622,15.225906,12.986034,8.807417,7.6422105,12.067925,10.350402,6.717247,8.690838,13.602222,10.99393,8.869097,12.865589,16.503899,13.760974,13.771366,17.971468,16.812752,17.738647,20.191961,22.99187,21.875961,22.786716,23.090454,18.530615,21.586637,24.727886,20.08228,17.221659,22.657495,24.267666,24.777815,19.553404,17.684645,22.648127,21.287987,18.427174,23.422314,24.348093,21.643736,20.574114,25.147121,21.930105,26.305143,24.511856,21.759119,24.558695,21.028154,21.111368,22.76548,18.874714,16.805145,14.073985,18.769434,15.674927,21.701714,21.547623,25.301752,25.824226,29.291702,28.697472,31.155396,30.846733,28.342802,27.319004,25.178398,25.422094,21.573675,22.977325,17.484768,18.643793,18.681261,15.8818865,15.139108,12.209027,10.945862,11.767668,10.4931,13.63085
9,26.353695,23.412813,19.979548,17.888653,14.7947645,12.64919,10.146712,5.7489605,4.8656583,0.0,4.343579,5.854945,9.298753,8.756895,14.665416,11.603018,14.918056,15.792419,19.79596,22.423168,25.719454,28.323603,32.204113,28.471645,27.239733,24.431477,22.359829,20.491495,17.108345,18.906244,13.260036,17.40243,11.50701,15.110375,14.489869,10.551266,9.010523,14.251685,13.837506,10.67772,12.038301,17.72727,15.566812,13.535047,17.034655,21.237526,18.558931,18.262926,22.526289,20.948072,22.056742,25.002022,27.519125,26.135326,27.34269,27.588202,22.985607,25.761173,28.894054,24.112247,20.934628,26.270952,27.519262,27.744076,22.41474,20.36343,24.83545,22.991488,21.043959,26.386597,26.531868,23.707235,23.658854,28.444643,25.721796,30.19372,28.639084,26.240374,29.054157,25.778059,25.736063,27.33543,23.214151,21.232885,18.58942,22.993546,19.709171,25.421204,24.75548,28.31928,28.184652,31.52423,30.404821,32.842373,32.538612,29.906435,29.197306,26.669855,27.868374,23.318949,25.679796,19.731155,21.329569,21.555725,18.007153,17.140219,12.697436,12.293149,11.158728,9.943316,11.687688
10,29.904781,26.97247,23.614958,21.025158,18.257582,15.7860775,13.34257,9.262629,6.511221,4.343579,0.0,3.9193227,5.931016,6.8866577,12.345398,9.913297,13.919955,14.983908,19.719812,21.912825,25.75662,28.36433,32.147194,27.665556,26.154272,23.338089,20.63963,18.344908,14.740685,15.780495,10.2661085,13.326575,7.1769123,10.951777,10.83207,7.378425,6.208212,11.544214,11.815789,9.516358,11.141635,16.4715,14.905654,14.051838,16.908272,20.967447,19.637041,19.449823,23.131937,21.347248,21.50756,25.274723,27.348276,25.412296,26.512154,26.382217,21.7851,24.036423,27.119678,22.52272,18.720041,23.81595,24.755672,24.924288,19.684595,17.278511,21.274702,19.190857,17.871532,23.356436,23.108381,20.484814,21.012714,26.113361,23.785313,28.498434,27.467743,25.404127,28.7776,25.916998,26.488457,28.633831,24.770086,22.20389,18.825596,23.266972,18.90026,24.278002,22.968077,26.246761,25.842598,28.82805,27.788017,30.548386,30.720922,28.387764,28.224312,25.949306,27.85306,23.830938,26.640575,21.058712,23.357468,23.996078,20.7941,19.39789,15.791956,13.671938,12.785027,10.011738,11.297086
11,32.11706,29.037264,25.775026,23.49497,20.357542,18.455763,15.466169,11.59166,9.389671,5.854945,3.9193227,0.0,4.1160326,4.6602182,11.386472,10.620932,13.975193,16.167803,19.933645,23.010292,26.81389,29.060383,33.28657,28.746624,26.89354,23.677834,21.584677,18.695526,15.765152,16.042719,12.093727,14.284537,7.8591537,12.74965,13.388379,10.105694,9.865516,15.04352,15.219793,12.914219,15.043046,20.108816,18.23533,17.594942,20.741419,24.43962,22.746534,22.940437,26.779217,25.163774,25.292316,28.716604,31.081764,29.20486,30.051748,29.612148,24.994099,26.957375,30.358892,26.09782,21.757334,26.766207,27.752834,28.072306,22.969501,20.183931,23.604769,21.026398,20.108147,25.633938,24.584991,21.652802,22.98683,27.868801,26.05427,30.578094,29.616762,28.015759,31.118645,28.663252,28.963001,31.143276,26.997313,24.432226,21.24717,25.224434,21.008398,25.947643,24.360315,27.458132,26.4754,29.446245,27.838955,30.36657,30.370777,27.890093,27.903603,25.315777,27.956245,23.451235,27.033573,21.274767,24.028831,24.97257,21.383461,19.722837,15.639536,13.663535,11.558136,8.817267,8.643746
12,35.13733,31.929937,28.920618,26.105503,23.16426,21.384142,18.05515,14.789374,11.530168,9.298753,5.931016,4.1160326,0.0,3.7547119,8.5787735,9.183296,12.580224,15.089496,19.053135,21.810791,25.968376,28.08311,32.242176,27.125744,24.984299,21.75165,19.34882,16.012794,13.289466,12.607742,9.8891945,10.785705,5.177567,10.600824,11.373863,8.814638,9.941759,14.395756,14.54858,13.020126,15.7577305,19.830666,18.174171,18.648678,21.501085,24.511957,23.71401,24.32166,27.693102,26.214788,25.484415,29.084553,31.346079,29.194038,29.624556,28.659307,24.15295,25.489958,29.03457,25.339794,20.24751,24.901346,25.803055,26.339827,21.563236,18.261358,20.933685,17.95779,17.534197,22.997168,21.29757,18.37394,20.445251,25.307705,24.068754,28.570024,28.059273,26.981531,30.334013,28.468716,29.155441,31.796034,27.846443,24.827837,21.21338,24.897552,19.995764,24.30676,22.140047,24.873524,23.512825,26.1761,24.498642,27.199448,27.561312,25.35134,25.870205,23.537037,26.85135,22.916866,26.89808,21.644512,25.014442,26.3697,23.16141,21.03557,17.937098,14.525911,12.92822,9.083303,8.510349
13,33.547478,30.099152,27.472546,24.581982,21.437164,20.509743,16.354927,14.047692,10.740382,8.756895,6.8866577,4.6602182,3.7547119,0.0,7.020365,7.494457,10.071324,13.12494,16.199041,19.668785,23.531527,25.468166,29.921204,25.19885,23.069597,19.632141,18.00215,14.785639,12.564859,12.645295,10.3112955,12.929047,8.508473,13.787011,13.408686,9.893127,11.519257,16.270422,15.288547,13.071283,16.630491,20.402536,17.927902,18.317558,21.889414,24.272156,22.619284,23.803885,27.464384,26.473621,25.939528,28.577923,31.512762,29.803318,29.818697,28.699928,24.137672,25.601305,29.588587,26.18899,20.907942,25.812832,27.224829,28.164248,23.37353,19.916162,22.874043,19.899078,18.629986,23.982187,22.304432,18.896683,20.674532,25.06982,23.787079,27.953505,27.06794,26.127275,28.92581,27.214766,27.42566,29.947947,25.734562,22.852577,19.653065,22.934849,18.693386,22.94571,21.122963,24.050323,22.696207,25.781895,23.817436,26.098207,25.925684,23.377256,23.488556,20.859835,24.004162,19.623638,23.763834,18.33905,21.827023,23.334455,20.005922,17.730875,14.730972,11.193794,9.297822,5.456055,5.0319996
14,36.867317,33.149036,31.295885,27.505966,24.78444,24.579592,19.751469,19.044651,14.701298,14.665416,12.345398,11.386472,8.5787735,7.020365,0.0,5.6542253,6.138516,9.866539,12.336105,15.279515,19.459034,20.994215,25.342432,19.928272,17.331142,13.819134,12.272349,8.373112,7.6196494,6.826352,8.528103,10.842909,10.917625,15.093116,13.348598,10.769944,14.347434,17.580112,15.442071,14.200039,18.898916,20.399038,17.727612,19.887007,23.30208,23.753992,23.050991,25.336845,28.241436,27.9745,26.209486,28.09548,31.359632,29.69404,28.559614,26.402546,22.22712,22.611341,27.163687,25.24633,18.817274,23.059044,24.8947,26.664047,22.684298,18.481955,20.353111,17.014633,15.434388,20.09764,17.47151,13.572016,16.14848,19.71312,19.485773,23.08076,22.668913,22.880346,25.517262,25.111938,25.648294,28.830082,25.012125,21.545033,18.105412,20.233694,15.532591,18.185389,15.6553135,18.029034,16.08006,19.116722,16.867289,19.087498,19.082775,16.77646,17.434164,15.277038,19.30828,16.209723,20.795874,16.746214,21.154903,23.387419,21.07102,18.104685,17.520695,11.827185,11.767662,7.5679407,7.9039288
15,31.771482,28.131891,26.333553,22.25133,19.814096,19.580881,14.829743,14.780758,10.084971,11.603018,9.913297,10.620932,9.183296,7.494457,5.6542253,0.0,4.4666348,5.9108768,10.655214,12.676309,16.86949,19.185308,23.122808,18.19156,16.376846,13.439709,11.0907955,8.902528,6.007535,8.619808,5.539397,11.34311,10.709421,14.203064,11.036597,7.284605,10.775726,14.029315,10.9241,9.054422,14.150962,15.548145,12.4052305,14.356824,18.045202,18.495178,17.444742,19.711689,22.711956,22.584349,21.11304,22.743963,26.171843,24.77724,23.795795,22.09599,17.680481,18.861227,23.341648,20.894508,15.055806,19.95712,22.108496,23.830738,19.470953,15.711963,18.949202,16.408192,13.472351,18.349262,17.376049,13.711191,14.248062,18.237484,16.658205,20.635134,19.588205,18.814121,21.582603,20.32283,20.84179,23.853092,20.05532,16.634027,13.022764,15.999613,11.304551,15.508207,13.965868,17.249287,16.694548,20.199999,18.967403,21.329756,21.157362,18.789925,18.481203,16.54655,18.533722,15.502789,18.623724,14.17476,17.75982,19.493462,17.425777,14.856382,14.54871,8.815918,10.370911,6.541753,9.529901
16,32.80003,28.906584,27.788963,23.559912,21.124304,21.967901,16.542442,17.712753,13.364608,14.918056,13.919955,13.975193,12.580224,10.071324,6.138516,4.4666348,0.0,4.6291323,6.6222405,9.856068,13.7528715,15.555392,19.978466,15.267961,13.198312,9.8193,9.096743,7.121111,6.61173,9.392839,9.2083235,14.465339,14.762125,18.35523,15.047602,11.630487,15.174073,18.164759,14.489238,12.63857,17.972738,18.489334,14.814233,17.058237,21.072927,20.284527,18.683634,21.835915,24.750015,25.296549,23.703432,24.049217,28.15924,27.227837,25.495142,23.288223,19.201262,19.974442,24.936821,23.422848,17.349072,21.87359,24.48551,26.7153,22.790903,18.885353,21.647095,19.032719,15.758446,19.890509,18.487284,14.436621,15.050133,17.794231,16.799223,19.874775,18.60069,18.640318,20.474758,20.113796,20.11059,23.193523,19.30359,15.911038,13.021371,14.545346,10.9371805,13.871136,12.556111,15.690325,14.846719,18.737528,17.01301,18.673353,17.822016,15.098997,14.379146,12.211072,14.362432,11.27906,14.991819,11.074512,15.402833,17.738724,16.064796,13.001765,14.134126,7.650256,9.857558,7.0459867,9.891229
17,30.587523,26.798796,25.986063,21.250673,19.436026,20.3295,15.238871,17.292936,12.843371,15.792419,14.983908,16.167803,15.089496,13.12494,9.866539,5.9108768,4.6291323,0.0,6.5971,6.950441,11.118881,13.738111,17.343632,12.761414,11.520802,9.272927,7.3437133,7.6673493,6.0858045,10.651299,8.76114,15.113862,16.13212,18.649885,14.323839,11.161437,14.574582,16.59127,12.063798,10.512998,15.869126,15.097624,11.160523,14.01847,17.840424,16.057978,14.803683,18.34918,20.803755,21.775717,19.889315,19.652964,23.931477,23.258942,21.175917,18.949493,14.956436,15.942628,20.95664,19.704624,14.003194,18.547045,21.523468,23.959684,20.249756,16.710802,19.977077,18.085,13.8234005,17.45696,17.287996,13.636192,12.506149,15.095353,13.179993,16.313776,14.62478,14.157232,16.136814,15.535868,15.819987,19.123823,15.620906,11.914439,8.618881,10.40695,6.3833985,10.290102,9.881876,13.618285,14.0969,18.111631,17.439663,19.286055,18.615427,16.275005,15.069507,13.745224,13.905221,12.174821,13.908304,10.786358,14.165628,16.12387,15.391289,12.76725,14.988035,8.878585,12.506285,10.2840605,13.876797
18,32.27085,28.197308,28.237076,23.760212,21.764788,24.02267,18.257593,21.276695,17.513779,19.79596,19.719812,19.933645,19.053135,16.199041,12.336105,10.655214,6.6222405,6.5971,0.0,5.9766655,8.173236,9.393586,14.326498,11.013876,9.543293,6.680157,9.107377,9.694912,10.992603,14.371228,14.800383,20.37803,21.27877,24.528812,20.609152,17.293995,20.62314,23.119122,18.623943,16.738153,22.03929,21.324116,17.102282,19.413698,23.639517,21.14318,18.71064,22.928167,25.532866,27.113232,25.563702,23.844206,28.859825,28.801859,26.15023,23.611723,20.198162,20.815058,26.059275,25.629803,20.066097,24.090994,27.335897,30.094992,26.695599,23.074228,25.814554,23.672432,19.618849,22.566648,21.674122,17.755842,17.229668,18.080818,17.169083,18.695894,16.656725,17.35138,17.426834,18.08164,17.140184,20.04858,16.33844,13.359168,12.149424,11.216435,10.603034,11.739804,12.029666,14.989233,14.862003,19.111006,17.54735,18.005371,15.985168,12.967393,10.570713,8.588151,8.144421,5.664272,8.59041,6.5881977,11.177244,14.122487,13.847548,10.683646,14.65275,8.923579,12.431075,11.851663,14.777288
19,32.679672,28.840132,29.166937,24.12321,22.96765,24.910889,19.832912,23.179106,19.137625,22.423168,21.912825,23.010292,21.810791,19.668785,15.279515,12.676309,9.856068,6.950441,5.9766655,0.0,4.6846538,7.30345,10.471802,6.176965,5.9198976,5.659357,6.379968,9.611006,10.624085,14.699994,14.86014,20.432583,22.744558,24.792746,20.099531,17.65441,21.08062,22.212526,17.286163,16.363785,21.356663,18.81495,14.984066,18.33571,21.750875,17.722755,16.660057,21.229277,22.767733,24.84078,22.464283,20.10683,25.034586,25.138931,21.729696,18.687973,15.950401,15.995313,21.26359,21.917435,16.671679,19.91771,23.494877,26.639336,23.987827,20.690565,23.21509,21.785147,17.110598,18.872667,18.943113,15.641464,13.607252,13.39918,12.174169,13.020815,10.738021,11.892431,11.88618,13.473412,13.324552,16.91781,14.352291,10.8480015,9.360216,7.1423764,6.614822,5.961208,7.564684,10.723278,12.183542,16.332014,16.13279,16.895657,15.501804,13.473186,11.201017,11.189802,8.74781,10.238197,9.947827,10.453021,13.367902,15.726767,16.787977,14.289389,18.792513,13.252438,17.36842,16.161287,19.472343
20,32.423878,28.587723,29.704855,24.734888,23.919584,26.683355,21.637033,25.832664,22.301424,25.719454,25.75662,26.81389,25.968376,23.531527,19.459034,16.86949,13.7528715,11.118881,8.173236,4.6846538,0.0,3.565744,6.568223,5.7458425,7.2123847,8.289925,10.638801,13.983249,15.303524,19.286064,19.392296,25.113422,27.195179,29.32061,24.55237,21.951754,25.103516,26.24945,21.17328,20.04043,24.780693,21.997906,18.052847,20.923367,24.388685,19.67663,17.85831,22.805304,24.15596,26.827904,24.784487,21.015226,26.424566,27.212736,23.429789,20.497967,18.432955,18.584364,23.59362,24.735094,20.28706,23.167233,26.92358,30.173769,27.769444,24.802696,27.400787,26.224913,21.413973,22.629292,23.035124,19.960325,17.55987,16.333397,15.122639,14.629729,11.740589,13.101995,11.056992,13.429,12.220813,15.2943735,13.203904,10.647279,11.140301,6.8548474,9.962353,8.199383,11.063988,13.458022,15.274143,19.184858,19.080023,19.020681,16.941307,14.97099,11.754224,12.126955,6.882177,9.975095,7.106241,10.267281,12.025534,14.346317,16.521017,14.45454,20.032295,15.461772,19.720062,19.42245,22.759396
21,35.002785,31.110464,32.45901,27.658743,26.719767,29.759893,24.509478,28.716461,25.220905,28.323603,28.36433,29.060383,28.08311,25.468166,20.994215,19.185308,15.555392,13.738111,9.393586,7.30345,3.565744,0.0,5.4448485,6.218665,7.3751726,8.624609,12.358354,15.393914,17.514093,20.977253,22.025059,27.362825,29.612856,31.985613,27.384232,24.791342,28.113262,29.431389,24.427315,23.266497,28.145454,25.468084,21.540451,24.391926,27.935307,23.209187,21.317131,26.287292,27.66059,30.383146,28.319866,24.415123,29.836899,30.67139,26.737673,23.61913,21.778877,21.586006,26.598343,28.091862,23.438442,26.062708,29.806738,33.18012,30.932516,27.788397,30.004318,28.627789,24.051577,25.057253,24.933165,21.789673,19.943989,18.104225,17.682493,16.539518,14.03114,16.120396,13.6035,16.614079,15.204897,17.945602,16.027092,13.915178,14.683825,10.3062525,13.297165,10.590136,12.949687,14.569894,15.849598,19.560658,19.069527,18.257177,15.59795,13.648489,9.98266,10.746201,4.3919945,9.362959,6.59188,11.334364,13.31227,15.9297695,18.174185,15.998446,21.785252,17.345116,21.251026,21.187347,24.131138
22,36.382965,32.77462,34.538494,29.557865,29.278925,32.264805,27.579025,32.05784,28.608074,32.204113,32.147194,33.28657,32.242176,29.921204,25.342432,23.122808,19.978466,17.343632,14.326498,10.471802,6.568223,5.4448485,0.0,6.677986,9.530962,12.404928,14.9809675,18.808737,20.671755,24.255287,25.079891,30.275982,33.161232,34.853806,29.917818,27.829018,31.033785,31.54823,26.461754,25.82379,30.256945,26.509155,23.058353,26.186237,29.058304,23.310888,22.232895,27.239094,27.708225,30.893497,28.468157,23.695234,28.939278,30.168346,25.66029,22.367731,21.597858,20.971653,25.475485,27.99061,24.170645,25.873245,29.723976,33.28541,31.763586,29.083673,31.061302,30.286158,25.524702,25.448463,26.085056,23.623344,20.889938,17.938269,17.48843,14.970693,12.370099,14.920966,11.160665,15.42996,14.325659,16.94647,16.55606,14.893418,16.166113,11.051188,14.9138155,10.929049,14.15356,15.055265,17.389513,20.474861,21.009941,20.14511,17.946997,16.934748,13.727573,15.449835,9.436424,14.771525,10.892929,15.996175,16.83131,18.786371,21.840475,20.187603,26.15181,21.942673,26.134085,25.903849,29.076283
23,37.271496,33.555958,34.37076,29.20263,28.4719,30.539114,25.714272,29.20589,25.112165,28.471645,27.665556,28.746624,27.125744,25.19885,19.928272,18.19156,15.267961,12.761414,11.013876,6.176965,5.7458425,6.218665,6.677986,0.0,3.3920486,6.961495,8.612488,12.59768,14.731174,17.93301,19.546852,24.083656,27.636782,29.14249,24.358822,22.708052,26.320282,26.666298,21.827513,21.630909,26.343376,22.655603,19.469357,23.336735,26.070938,20.895285,20.913282,25.616909,26.232716,28.738283,25.691883,22.603521,27.298994,27.614635,23.338755,19.56758,18.154596,16.94418,21.942453,24.28906,19.325434,21.087719,24.785973,28.39369,26.814857,23.655977,25.147598,24.051683,19.577698,19.681408,19.667482,17.049719,14.857345,12.137168,12.38583,10.726871,9.007105,12.346983,11.039734,14.962865,15.203147,18.848097,17.648369,14.620834,13.875787,10.107404,10.735835,5.651029,7.75374,8.715681,10.894728,14.303922,14.857596,14.737285,13.288375,12.392782,10.172692,12.081646,8.754107,13.457833,12.210913,15.244459,17.67,20.016384,21.920786,19.59537,24.64467,19.244282,23.212675,21.947954,24.893291
24,38.459904,34.631805,35.078106,30.012878,28.883331,30.717648,25.63811,28.620903,24.311298,27.239733,26.154272,26.89354,24.984299,23.069597,17.331142,16.376846,13.198312,11.520802,9.543293,5.9198976,7.2123847,7.3751726,9.530962,3.3920486,0.0,3.975364,6.4639463,9.866267,12.715568,15.362036,17.927822,21.997358,25.667871,27.458292,22.984911,21.341574,25.211502,25.872433,21.267563,21.029701,26.011076,22.871668,19.671028,23.605024,26.52707,22.03495,22.059359,26.574987,27.559534,29.664253,26.591888,24.352694,28.868637,28.769382,24.816412,21.015432,19.102045,17.79851,22.980606,24.937557,19.256517,21.278563,24.773245,28.306906,26.504122,22.936434,24.131008,22.55613,18.47461,19.050684,18.126202,15.107528,13.985759,11.788149,12.744322,11.943117,10.950872,14.199132,13.848817,17.207596,17.556616,21.273008,19.48293,16.172457,14.764139,11.873743,11.024102,6.613646,6.7556443,7.5944176,8.48746,12.2534895,12.058914,11.976867,10.4868,9.328111,7.5705986,9.447298,8.136592,12.239857,12.675457,14.865709,18.160313,20.813566,22.059204,19.35982,23.922943,18.089682,21.65164,20.054901,22.619997
25,37.706036,33.758396,33.845856,29.00507,27.410158,29.146236,23.768839,26.341547,22.000704,24.431477,23.338089,23.677834,21.75165,19.632141,13.819134,13.439709,9.8193,9.272927,6.680157,5.659357,8.289925,8.624609,12.404928,6.961495,3.975364,0.0,5.365956,7.211874,10.486584,12.886956,15.772041,19.876728,22.9503,25.346943,21.248453,19.189644,23.142948,24.49589,20.094685,19.434626,24.68597,22.541403,19.08253,22.67996,26.03479,22.501827,21.948927,26.257162,27.87601,29.57943,26.867155,25.316528,29.852789,29.49064,26.086086,22.603113,19.95546,19.132608,24.45291,25.491766,19.347687,22.121647,25.403412,28.662949,26.257437,22.375372,23.793623,21.690168,17.906025,19.548544,17.974138,14.338641,14.24066,13.4803095,14.215905,14.690058,13.7040615,16.146376,16.411219,18.786787,18.886177,22.481863,19.886024,16.463047,14.659449,12.756433,11.027001,8.713742,7.786729,9.4033375,8.843371,12.984367,11.635943,11.831222,10.120657,7.8844876,6.3016057,6.737439,7.6851745,9.805457,12.056118,12.831622,16.923065,19.807228,20.262562,17.243977,21.21785,15.135379,18.271019,16.565563,18.855122
26,36.973465,33.24708,32.796597,27.793148,26.39489,27.20157,22.418741,24.300388,19.614574,22.359829,20.63963,21.584677,19.34882,18.00215,12.272349,11.0907955,9.096743,7.3437133,9.107377,6.379968,10.638801,12.358354,14.9809675,8.612488,6.4639463,5.365956,0.0,4.4486427,6.4177446,9.366524,11.681662,15.59183,19.456121,21.018833,16.634642,15.278272,19.322979,19.90698,15.673936,15.770407,20.754152,18.126396,15.28661,19.48275,22.196194,18.893213,19.638624,23.437902,24.676504,25.974346,22.756565,22.308407,26.14963,25.263002,22.089506,18.563492,15.715429,14.630023,19.884272,20.75739,14.287645,17.012962,20.154684,23.359211,21.035696,17.120272,18.478626,16.56612,12.578809,14.328698,13.122561,9.568984,8.973193,9.384041,9.746132,11.625307,11.261422,13.189716,15.132798,16.845648,18.016499,21.96433,19.643412,15.738046,12.650636,12.246715,7.9556785,6.583598,3.7889874,6.6301413,6.8863683,11.003732,10.831127,12.74322,12.740493,11.436595,11.224517,11.64222,12.642067,13.95514,15.706604,15.267269,18.976618,21.360983,21.56035,18.755655,21.869131,15.526561,18.736628,16.073048,18.638193
27,38.23739,34.461426,33.507805,28.830791,26.934391,27.353273,22.445292,23.404902,18.617899,20.491495,18.344908,18.695526,16.012794,14.785639,8.373112,8.902528,7.121111,7.6673493,9.694912,9.611006,13.983249,15.393914,18.808737,12.59768,9.866267,7.211874,4.4486427,0.0,4.470635,5.679664,9.844088,12.784731,16.459324,18.640465,15.037726,13.60808,17.859663,19.12478,15.605752,15.493574,20.570717,19.195738,16.506924,20.29863,23.200377,21.181755,21.674074,24.987448,26.751066,27.450165,24.501661,25.101042,28.64166,27.317898,24.805931,21.598227,18.264761,17.430649,22.46247,22.499533,15.613324,18.744423,21.335745,24.133678,21.356443,17.038944,18.118343,15.3958645,12.443722,15.309773,12.80832,8.651022,10.387585,12.20329,12.932257,15.527892,15.5248165,17.030619,19.36364,20.468693,21.514627,25.299168,22.425745,18.545292,15.142238,15.680419,10.873619,10.986589,7.7982693,9.756127,8.051733,11.692261,10.231013,12.560576,12.83577,11.20603,11.932449,11.441088,14.545209,14.375476,17.672754,16.037294,20.358873,22.873434,22.187387,19.135159,21.155306,14.633276,16.874992,13.600287,15.418763
28,35.468075,31.87957,30.495491,25.87062,24.047577,23.816488,19.395374,19.840275,14.941194,17.108345,14.740685,15.765152,13.289466,12.564859,7.6196494,6.007535,6.61173,6.0858045,10.992603,10.624085,15.303524,17.514093,20.671755,14.731174,12.715568,10.486584,6.4177446,4.470635,0.0,4.9272213,5.522156,9.871062,13.041987,14.884991,10.859991,9.292252,13.529299,14.699556,11.218228,11.233423,16.177942,15.168061,12.702726,16.412287,19.119032,17.910686,18.68288,21.42769,23.28777,23.561052,20.752893,22.22712,25.374475,23.775549,21.877604,19.207058,15.366591,15.199006,19.961777,18.993132,12.195026,16.103987,18.494144,20.901258,17.54604,13.301516,15.32795,12.792435,9.410509,13.435998,11.9890375,8.113685,8.873172,12.558424,11.873977,15.707293,15.481156,15.741893,18.933523,18.881435,20.249336,23.924715,20.984734,17.058643,13.01751,15.017803,9.181576,11.549315,8.869261,11.700915,11.172325,14.461274,13.859579,16.679544,17.23493,15.630343,15.970182,15.173927,17.31572,16.370071,19.064318,16.408503,20.182903,22.201836,21.211246,18.492617,19.708546,13.467291,15.775457,12.107556,14.477566
29,39.77285,36.210533,34.499954,30.132833,28.064558,27.420994,23.154037,22.641262,17.811316,18.906244,15.780495,16.042719,12.607742,12.645295,6.826352,8.619808,9.392839,10.651299,14.371228,14.699994,19.286064,20.977253,24.255287,17.93301,15.362036,12.886956,9.366524,5.679664,4.9272213,0.0,7.343509,7.491417,12.023116,13.873204,11.273317,10.897246,15.086246,16.205807,14.081966,14.554364,18.951792,18.508553,16.81269,20.367134,22.674397,22.114645,23.342962,25.681366,27.49143,27.32127,24.336536,26.63702,29.242083,27.178652,25.541586,22.7536,19.159058,18.394222,22.745728,21.90019,14.938574,18.059332,19.738785,21.894178,18.874376,14.352186,14.870475,11.449889,10.157737,14.076114,10.747552,6.876432,10.564746,14.188402,14.836527,18.477928,19.072859,19.899773,23.256973,23.566114,25.105118,28.831352,25.892551,21.976759,17.932644,19.787836,13.95919,15.3024,11.730425,13.2817,11.299758,13.5861,12.295501,15.52732,16.811289,15.632329,17.122862,16.36054,20.10321,19.114044,22.769659,20.115572,24.332954,26.544813,25.173178,22.271854,22.81837,16.639605,17.855358,13.686911,14.6815815
30,33.580307,30.30042,28.146065,23.90904,22.020115,20.646122,17.128876,16.179176,11.333199,13.260036,10.2661085,12.093727,9.8891945,10.3112955,8.528103,5.539397,9.2083235,8.76114,14.800383,14.86014,19.392296,22.025059,25.079891,19.546852,17.927822,15.772041,11.681662,9.844088,5.522156,7.343509,0.0,7.0858703,8.447693,9.975356,5.8934975,3.879718,8.164469,9.686741,7.237507,7.383596,11.659023,12.2719755,10.623357,13.496616,15.788823,16.59564,17.576982,19.0832,21.244585,20.580292,18.259317,21.368332,23.69843,21.57994,20.928034,19.254683,14.942545,15.735682,19.621273,16.968262,10.892493,15.5551405,17.170109,18.635904,14.34033,10.381848,13.5715475,11.206381,8.554336,13.890435,13.373805,10.509954,10.906288,15.986198,14.268393,18.975363,18.672861,17.629818,21.535643,20.11536,21.694744,24.986893,21.93341,18.270592,13.885182,17.47709,11.450848,15.589078,13.455486,16.38792,16.220455,18.99297,18.682573,21.828257,22.628283,20.991938,21.300688,20.121332,22.038725,20.156054,22.64534,18.875172,22.030102,23.446423,21.821991,19.582945,19.257784,13.97722,15.578422,11.592814,13.921319
31,39.97703,36.880886,34.313465,30.389574,28.449913,26.368242,23.474327,21.292114,16.883753,17.40243,13.326575,14.284537,10.785705,12.929047,10.842909,11.34311,14.465339,15.113862,20.37803,20.432583,25.113422,27.362825,30.275982,24.083656,21.997358,19.876728,15.59183,12.784731,9.871062,7.491417,7.0858703,0.0,7.267074,6.9147563,6.1824884,8.355541,11.2943125,11.483524,11.885436,13.325138,15.884114,16.599577,16.541777,19.417387,20.533707,21.918781,24.088707,24.975054,26.61068,25.319061,22.489407,26.854637,28.089607,25.205914,24.924736,23.06844,19.377617,19.103691,22.13782,19.854761,13.918714,16.922583,17.229689,18.113007,14.645011,10.572462,11.033068,7.4944787,8.823607,13.660069,11.359452,9.692378,12.663327,17.80018,17.50136,22.10253,22.9372,22.584984,26.93947,26.065006,28.150627,31.629538,28.862051,25.108696,20.613321,23.876545,17.494764,20.251888,17.034918,18.696083,17.524452,18.927809,18.55859,22.228622,24.03603,23.089554,24.558191,23.676165,26.962605,25.438368,28.689182,25.180754,28.775928,30.382244,28.557533,26.151897,25.292337,20.0813,20.661798,16.223785,16.918316
32,36.362522,33.42154,30.23365,27.146671,24.725767,22.141304,19.700237,16.13871,12.600622,11.50701,7.1769123,7.8591537,5.177567,8.508473,10.917625,10.709421,14.762125,16.13212,21.27877,22.744558,27.195179,29.612856,33.161232,27.636782,25.667871,22.9503,19.456121,16.459324,13.041987,12.023116,8.447693,7.267074,0.0,5.4358916,7.2936015,6.782106,7.595534,10.641083,12.080208,11.87293,13.634078,17.27744,16.779305,17.767187,19.497564,22.80282,23.407482,23.496107,26.18316,24.296598,22.985435,27.63739,29.026255,26.347368,27.103,26.2499,21.968376,23.04906,25.963036,22.112389,17.315203,21.497036,21.807037,21.936214,17.299799,14.2095585,16.60207,13.871777,14.286087,19.692562,18.372023,16.265871,18.214863,23.561869,22.248348,27.089743,27.049332,25.779913,29.823664,27.85175,29.251022,32.106895,28.695292,25.455109,21.33012,25.386549,19.722353,23.990147,21.560863,24.060371,23.039865,25.18886,24.23962,27.4834,28.516735,26.809202,27.644506,25.878414,28.94149,25.884954,29.318409,24.528809,27.69925,28.890709,26.168837,24.167513,21.620535,17.835276,17.224577,13.168832,13.405269
33,37.89364,35.28728,31.988268,28.753319,26.914133,23.66327,22.20657,18.603172,15.225906,15.110375,10.951777,12.74965,10.600824,13.787011,15.093116,14.203064,18.35523,18.649885,24.528812,24.792746,29.32061,31.985613,34.853806,29.14249,27.458292,25.346943,21.018833,18.640465,14.884991,13.873204,9.975356,6.9147563,5.4358916,0.0,5.3450537,8.125042,8.045897,8.043255,11.246535,12.613283,12.853702,15.641654,16.617825,17.99012,18.285828,21.832747,23.905107,23.381437,25.207354,22.898863,21.01057,26.739964,27.050617,23.821789,25.021856,24.41374,20.581114,21.384594,23.346973,19.335447,15.353181,18.693449,18.159107,17.628616,13.291264,10.871036,12.824925,10.843156,12.389663,17.28516,16.733923,15.856584,17.311607,22.923138,21.479797,26.51293,26.93702,25.419415,30.060173,27.957144,30.034025,32.985725,30.2038,26.896587,22.488575,26.773174,20.694508,24.776072,22.281914,24.465414,23.934526,25.491272,25.385561,29.034208,30.644228,29.42488,30.453989,29.216335,31.882221,29.613596,32.438198,28.116348,30.978304,31.95695,29.7019,27.891247,25.790974,21.919533,22.001781,17.97437,18.698725
34,35.015896,32.230473,29.464266,25.592848,24.054651,21.384102,19.414898,17.115356,12.986034,14.489869,10.83207,13.388379,11.373863,13.408686,13.348598,11.036597,15.047602,14.323839,20.609152,20.099531,24.55237,27.384232,29.917818,24.358822,22.984911,21.248453,16.634642,15.037726,10.859991,11.273317,5.8934975,6.1824884,7.2936015,5.3450537,0.0,4.6398993,6.316671,5.3524795,6.47731,8.49544,9.914577,11.140866,11.762582,14.068979,14.6196,17.026995,19.382282,19.48547,21.071238,19.38648,16.928392,21.993505,22.818228,19.873755,20.379953,19.449114,15.461812,16.326168,18.79191,15.10604,10.353061,14.342572,14.647097,14.9665785,10.308096,6.996225,10.448118,8.775379,8.074609,13.359356,13.695396,12.469477,12.704715,18.377007,16.428102,21.520605,21.721073,20.08321,24.723925,22.702404,24.898972,28.004896,25.442448,21.99635,17.483202,21.68569,15.536228,19.7276,17.56575,20.049137,20.152569,22.10325,22.419907,26.001268,27.415426,26.184042,26.820877,25.85703,27.731403,26.006552,28.183968,24.335161,27.010944,27.99289,26.29523,24.471659,23.38795,18.970097,20.113232,16.175833,17.985334
35,31.660719,28.628742,25.963917,22.120348,20.197784,18.04,15.3133,13.328695,8.807417,10.551266,7.378425,10.105694,8.814638,9.893127,10.769944,7.284605,11.630487,11.161437,17.293995,17.65441,21.951754,24.791342,27.829018,22.708052,21.341574,19.189644,15.278272,13.60808,9.292252,10.897246,3.879718,8.355541,6.782106,8.125042,4.6398993,0.0,4.2971125,6.9739428,5.8017135,5.4293966,8.6496315,11.168988,10.05636,11.66454,13.745469,16.197206,16.893295,17.435112,19.942902,18.624296,17.0289,21.004635,22.870327,20.58757,20.886435,20.057634,15.585462,17.176376,20.396276,16.555248,11.708278,16.663641,17.806074,18.526018,13.59232,10.446189,14.512926,12.639186,10.56432,16.006308,16.211796,13.90737,13.84447,19.174639,16.853992,21.771254,21.226152,19.405254,23.436832,21.137236,22.63436,25.51482,22.375402,19.075838,14.819648,19.174726,13.575699,18.537374,16.88714,19.978918,20.057241,22.767492,22.53685,25.696814,26.42954,24.658182,24.767286,23.333632,24.931953,22.475983,24.716188,20.332758,22.938812,23.896158,21.889225,20.087536,18.752686,14.516769,15.646641,11.950059,14.260017
