,0,1,2,3,4,5,6,7,8,9,10,11,12,13,14,15,16,17,18,19,20,21,22,23,24,25,26,27,28,29,30,31,32,33,34,35,36,37,38,39,40,41,42,43,44,45,46,47,48,49,50,51,52,53,54,55,56,57,58,59,60,61,62,63,64,65,66,67,68,69,70,71,72,73,74,75,76,77,78,79,80,81,82,83,84,85,86,87,88,89,90,91,92,93,94,95,96,97,98,99,100,101,102,103,104,105,106,107,108
0,0.0,3.9048343,6.871822,9.754083,12.132484,14.8923235,17.335968,20.742344,23.80553,25.375328,29.16337,30.271341,33.057617,30.356407,35.296154,30.900248,32.29558,31.804502,32.923576,35.054253,35.3867,37.566307,39.584614,40.029907,40.308033,38.918083,38.10514,38.445526,36.28012,39.5028,33.70529,39.484135,34.32226,36.275406,34.70831,31.347315,29.122307,31.390528,29.809204,27.025991,25.692795,28.70112,26.87947,22.141718,23.887333,26.727665,21.514524,18.977615,21.954687,22.116873,27.101028,25.241083,27.851498,29.638288,31.63877,34.53111,31.914225,36.28574,37.463295,32.77388,34.145348,39.03831,41.946125,42.31873,37.4139,36.642334,42.078247,41.66081,37.617542,41.314022,43.902515,41.81408,38.59839,42.924095,38.58635,42.114407,39.2383,35.11478,35.576477,30.725264,28.64383,26.541008,24.221506,26.754765,27.950037,31.181639,32.831535,37.9327,40.463978,44.44413,46.233406,48.35269,48.18274,50.657066,50.552654,48.66938,43.776463,42.484016,42.252365,36.399445,37.704876,38.00066,33.33192,31.716404,26.645845,26.601917,22.292309,21.532316,17.625704
1,3.9048343,0.0,5.1023984,6.1000605,8.749233,12.172329,13.893169,17.87587,20.498636,22.412725,26.108358,27.237782,29.79415,26.963848,31.622355,27.16045,28.451553,27.929558,29.03781,31.180182,31.586843,33.79796,35.935486,36.210377,36.43349,35.01928,34.22208,34.581463,32.490402,35.776215,30.104534,36.069225,31.14283,33.25665,31.433353,27.915522,25.968702,28.395084,26.48325,23.56166,22.69335,25.610964,23.453674,18.828667,21.083576,23.669353,18.123419,16.00968,19.46155,19.831728,24.495897,22.504217,25.65599,27.326637,28.978415,31.552296,28.712729,33.034622,34.564022,29.975603,30.871666,35.95272,38.75391,39.389423,34.50481,33.459667,38.81681,38.28897,34.136143,37.868122,40.34805,38.176746,34.93258,39.248306,35.014988,38.55149,35.64938,31.645802,32.117214,27.398546,25.265816,23.407526,20.730602,23.104872,24.262085,27.474491,29.058632,34.15499,36.641315,40.625843,42.365067,44.515114,44.35647,46.818058,46.73379,44.902153,40.0272,38.755054,38.393745,32.567627,33.89161,34.209694,29.557957,27.884975,22.871576,22.697765,18.400633,17.66808,13.728672
2,6.871822,5.1023984,0.0,5.415474,6.497894,8.203713,11.407058,14.015049,17.395718,18.801382,22.523512,23.839745,26.73698,24.338026,29.674074,25.326132,27.335363,27.041761,29.12251,31.235748,32.36613,34.81989,37.28127,36.639454,36.582012,34.917713,33.5024,33.41995,30.887384,33.77917,27.74875,33.131424,27.693794,29.608953,28.402414,25.133312,22.606352,25.120956,23.993681,21.164627,19.557686,23.500011,21.844385,16.853916,18.770435,22.777733,18.012936,14.947368,18.726522,18.00746,22.860884,22.510073,24.963453,25.90696,28.224947,30.935408,27.740429,32.09233,33.43027,28.18857,29.124006,34.04068,36.638435,37.02566,31.909464,30.931597,36.31822,35.69047,31.988327,36.175438,38.422436,36.183624,33.462784,38.21163,33.975,37.984715,35.44852,31.386156,32.678764,27.825195,26.312256,25.162262,22.13635,23.754868,24.013464,27.986511,28.424833,33.970768,35.97491,39.981815,41.615807,43.36216,42.894066,45.367943,45.2498,43.367397,38.399246,37.60452,37.693584,31.945187,34.003445,34.779602,30.298664,28.136446,23.944818,22.484255,18.70073,17.277096,13.558573
3,9.754083,6.1000605,5.415474,0.0,3.7464104,7.247646,8.317834,12.674269,14.698589,17.187353,20.59043,22.011805,24.282434,21.514137,25.96256,21.28665,22.879541,22.245785,24.085627,26.029211,27.005608,29.483484,31.867973,31.331844,31.379675,29.874306,28.622208,28.85655,26.545189,29.820986,24.018665,30.018078,25.32434,27.437733,25.417397,21.84032,20.06219,22.617596,20.530937,17.49735,16.9767,20.102112,17.720627,13.082691,15.957277,18.817072,13.301355,11.340414,15.648783,15.789211,19.92503,18.66093,22.146809,23.247171,24.714249,26.903051,23.588326,27.851454,29.732044,24.991905,25.268589,30.504831,33.086643,33.942024,29.009386,27.653381,32.92997,32.266403,28.145756,32.093845,34.381435,32.131744,29.046055,33.560616,29.413317,33.213013,30.494055,26.583532,27.584782,22.948101,21.20099,20.198952,16.872368,18.465265,18.965712,22.68163,23.483023,28.854288,31.05001,35.056137,36.749813,38.718643,38.47684,41.013813,41.033237,39.344875,34.438126,33.578186,33.123684,27.432652,29.229528,29.814781,25.317417,23.253645,18.821161,17.452827,13.564697,12.139118,8.442503
4,12.132484,8.749233,6.497894,3.7464104,0.0,5.5141954,5.2038517,9.527529,11.861571,13.801629,17.443748,18.579214,21.060858,18.332975,23.327293,19.047598,20.901052,20.90424,22.941889,25.373661,26.788527,29.195517,32.110077,30.972357,30.625801,28.72175,27.414827,27.129702,24.813051,27.633726,22.011108,27.714222,22.559269,25.106186,23.549463,19.793318,17.894379,21.140707,19.394789,16.071012,15.7811365,19.907936,17.417812,12.81599,16.16276,19.719461,14.495458,12.719586,17.43902,17.01596,20.795107,20.474691,23.911106,24.438177,25.969767,27.837118,24.073744,28.190798,30.381123,25.380564,24.989664,30.315311,32.52179,33.538128,28.463469,26.72975,31.845392,30.801811,26.977142,31.454382,33.24544,30.654966,28.089848,32.927094,29.070969,33.164143,30.631086,27.000204,28.367262,24.041464,22.485601,22.075638,18.224125,19.149002,19.089842,22.988615,22.963846,28.520672,30.231188,34.24436,35.606483,37.37281,36.772118,39.090317,38.865154,36.934273,31.980518,31.127005,31.227322,25.477207,27.703953,28.672094,24.31971,21.942339,18.33226,16.351053,12.83451,11.644446,7.7987375
5,14.8923235,12.172329,8.203713,7.247646,5.5141954,0.0,6.1618953,6.7414727,9.930365,11.873761,15.034441,17.073252,19.728981,17.833527,23.145437,18.657333,21.520298,21.149069,24.682888,26.330402,28.45036,31.250399,33.973137,32.005646,31.645987,29.853647,27.52704,27.082502,24.008604,26.61838,20.194279,25.1586,19.762117,21.419634,20.326498,17.256115,14.448842,17.117233,16.41399,13.663757,11.762752,16.762392,15.381533,10.431294,12.606272,17.813883,14.275757,11.058511,15.445123,13.752941,17.676003,19.285757,21.504473,21.294506,23.68084,25.925173,22.115023,26.2514,27.813547,22.148922,22.362514,27.228285,29.415304,29.901577,24.64718,23.362251,28.630898,27.822113,24.486473,29.119158,31.009375,28.716707,26.535864,31.664762,27.593023,32.077488,30.04419,26.171446,28.490828,23.869993,23.259254,23.424362,19.918196,20.14389,19.049438,23.821209,22.630238,28.541891,29.889559,33.82921,35.36852,36.64145,35.951397,38.542854,38.591465,36.94157,31.961077,32.025,32.15814,26.831638,29.766474,31.023554,27.0092,24.279158,21.443752,17.983934,15.51187,12.913116,10.67085
6,17.335968,13.893169,11.407058,8.317834,5.2038517,6.1618953,0.0,5.9307685,6.9191747,9.291132,12.651596,13.813653,15.987624,13.254658,18.268017,14.102397,16.344751,16.739729,19.42934,21.965122,24.041922,26.508795,29.844147,27.79875,27.074257,24.883741,23.250837,22.529102,20.11523,22.617254,17.1545,22.757566,17.649292,20.617062,19.08773,15.081466,13.522015,17.44293,15.646247,12.030018,12.700049,17.345306,14.561376,10.63701,14.716973,18.357628,13.7967,12.852035,17.764685,17.077808,19.75419,20.331192,23.897486,23.73519,24.922623,26.128796,21.880198,25.652138,28.344286,23.381823,21.905111,27.319548,29.043858,30.422817,25.382437,23.078896,27.875443,26.441465,22.826902,27.732086,28.990076,26.101763,24.01579,29.101269,25.628021,29.97324,27.71591,24.506992,26.362103,22.559692,21.423975,21.971315,17.663376,17.48997,16.56607,20.664883,19.493902,25.176111,26.31407,30.282536,31.366083,32.89162,32.025303,34.241703,33.94858,32.000835,27.02124,26.488596,26.802828,21.214796,24.04162,25.422522,21.436247,18.636223,16.317663,12.984404,10.60537,9.195518,6.613491
7,20.742344,17.87587,14.015049,12.674269,9.527529,6.7414727,5.9307685,0.0,4.8077874,5.1668763,8.549083,10.393288,13.306193,11.863394,17.947739,14.4250555,17.865839,18.565737,22.552132,24.701014,27.564203,30.190233,33.62275,30.592745,29.57747,27.222168,24.705524,23.326214,20.258966,21.86143,15.976279,20.097141,13.927985,16.54194,16.382286,13.090552,10.2259655,14.46291,14.454992,11.451234,10.623134,16.893366,15.342953,11.668548,14.493134,19.785809,17.024376,15.050879,19.472015,17.511648,19.96276,22.637478,24.97996,23.889254,25.884064,27.234697,22.831808,26.373686,28.5896,22.970083,21.616543,26.439035,27.750847,28.690561,23.459257,21.314638,25.958523,24.371372,21.737568,27.195463,28.027431,25.145699,24.077133,29.590714,26.266567,31.083193,29.4764,26.340784,29.165808,25.387213,25.112709,26.225946,22.152061,21.278202,19.301516,23.994963,21.334421,27.218424,27.590242,31.37928,32.295143,33.1261,31.813076,34.00934,33.69958,31.757202,26.802343,27.159014,28.15326,23.113722,26.825161,28.711868,25.268805,22.126013,21.076511,16.600254,15.491003,13.407799,12.151418
8,23.80553,20.498636,17.395718,14.698589,11.861571,9.930365,6.9191747,4.8077874,0.0,4.7312646,6.309731,8.563684,10.189644,8.474045,13.588847,9.697047,13.376153,14.031814,18.489038,20.405369,23.6083,26.258362,29.780352,26.269709,25.109121,22.735811,20.00642,18.554125,15.4585905,17.181902,11.364295,16.115665,10.749301,13.872792,12.802791,8.892896,7.2229323,12.059501,11.113324,7.775423,9.047664,14.552193,12.389773,10.06957,13.640279,17.792824,15.419152,14.757936,19.043598,17.604649,18.791048,21.288824,24.136616,22.849745,24.018705,24.596296,19.961956,23.09365,25.930328,20.864141,18.33478,23.356216,24.338963,25.858656,20.884481,18.07293,22.382763,20.51342,17.6589,23.22474,23.74791,20.653358,19.639626,25.154127,22.163095,26.961597,25.45126,22.755552,25.67656,22.496025,22.418278,24.151075,19.950254,18.347193,15.911318,20.409006,17.116623,22.877462,22.962831,26.705425,27.515434,28.343092,27.050919,29.29644,29.104351,27.354538,22.396782,23.029114,23.65689,18.875547,22.806492,24.790682,21.702919,18.439005,18.252962,13.00165,13.073854,10.954133,11.194523
9,25.375328,22.412725,18.801382,17.187353,13.801629,11.873761,9.291132,5.1668763,4.7312646,0.0,4.2226725,5.231708,8.437748,7.5671997,14.268119,12.130216,15.754422,17.47122,21.466578,24.001837,27.296415,29.66074,33.576042,29.846798,28.315641,25.541492,23.05863,20.889576,18.08037,18.629623,13.7989,16.935585,10.297679,14.126174,14.782596,11.458272,9.326618,14.493547,14.825256,11.973544,12.477545,18.612679,16.918198,14.553366,17.59195,22.34548,20.046118,18.976824,23.273897,21.398125,22.879578,25.854856,28.357117,26.8508,28.397503,29.03655,24.395113,27.346243,30.062843,24.799265,22.265097,26.903452,27.474495,28.85042,23.89469,21.081814,24.934658,22.679539,20.700253,26.584696,26.468023,23.104834,23.010815,28.600851,26.045218,30.90915,29.62513,27.20021,30.19601,27.191006,27.072723,28.746548,24.42847,22.897501,20.505556,24.782364,21.230696,26.766218,26.347807,29.901884,30.232786,30.723227,28.889942,30.65221,29.983416,27.760025,22.900991,23.445343,25.221962,20.581755,24.81593,27.169643,24.32854,21.009806,21.466835,16.614786,16.649073,15.26066,14.755
10,29.16337,26.108358,22.523512,20.59043,17.443748,15.034441,12.651596,8.549083,6.309731,4.2226725,0.0,3.8673723,5.699443,6.5941596,12.266417,10.78738,14.874384,16.54485,21.276217,23.251472,27.018648,29.432655,33.292923,28.862858,27.16034,24.427803,21.366236,18.86143,15.776259,15.643895,11.061115,13.001171,6.129246,10.343568,11.568246,8.844568,7.1786656,12.337503,13.254619,11.153793,12.065154,17.769476,16.505676,15.295277,17.886543,22.357376,21.141546,20.41643,24.252998,22.256378,22.800797,26.456215,28.641321,26.64392,27.989717,28.186562,23.527464,25.947292,28.718998,23.704536,20.567816,24.75167,24.793453,26.294586,21.619392,18.530096,21.790846,19.251947,17.943657,23.990149,23.34941,19.940315,20.6169,26.226032,24.098467,29.032183,28.217857,26.201042,29.641224,27.096703,27.497557,29.71133,25.564985,23.421658,20.444645,24.66193,20.179993,25.441605,24.4167,27.699451,27.863792,27.899622,25.848742,27.621576,27.08184,25.10413,20.397179,21.81141,23.599556,19.734999,24.394371,26.955318,24.70559,21.316965,22.724714,17.24849,18.338974,16.696873,17.255774
11,30.271341,27.237782,23.839745,22.011805,18.579214,17.073252,13.813653,10.393288,8.563684,5.231708,3.8673723,0.0,4.0266256,4.9534926,11.457368,11.508528,14.895758,17.569248,21.333242,24.107204,27.721004,29.753592,34.038906,29.68126,27.658516,24.539618,22.18018,19.217722,16.893126,16.084827,13.05765,14.644422,8.21513,13.182914,14.644277,11.748988,10.894709,16.074167,16.620543,14.235689,15.735901,21.26868,19.542564,18.317326,21.37203,25.508694,23.656538,23.284414,27.401596,25.642656,26.334988,29.460306,32.06132,30.24986,31.362562,31.350414,26.635626,28.945948,32.062363,27.286442,23.775349,28.062584,27.88759,29.67397,25.17489,21.83781,24.685553,21.80669,20.626385,26.666239,25.547709,21.78182,22.75902,28.200382,26.529047,31.277294,30.352007,28.690739,31.761919,29.551157,29.584251,31.715843,27.310196,25.256414,22.598406,26.308048,22.060303,26.990553,25.759296,28.939781,28.620586,28.712915,26.325422,27.536264,26.452438,23.930613,19.304893,20.122044,22.795776,18.870869,23.526892,26.308846,24.24069,20.903904,22.85466,17.940832,19.021513,18.257767,18.380325
12,33.057617,29.79415,26.73698,24.282434,21.060858,19.728981,15.987624,13.306193,10.189644,8.437748,5.699443,4.0266256,0.0,3.8480618,8.059168,9.371304,12.555651,15.470147,19.329798,21.8417,25.701012,27.61041,31.934084,27.113894,24.874468,21.71388,19.238308,15.92758,13.860193,12.369865,10.625491,11.68487,6.699905,12.129022,13.109867,10.399383,11.011845,15.834367,15.938042,13.933204,16.455088,21.02334,19.149895,18.978586,22.114954,25.377909,23.974857,24.325768,28.186428,26.734413,26.629644,29.625988,32.40842,30.468302,31.01294,30.405935,25.718447,27.49872,30.982393,26.808329,22.503225,26.604017,25.991665,28.2231,24.170586,20.407663,22.5614,19.349176,18.401304,24.339457,22.667955,18.681793,20.152918,25.374317,24.296663,28.859951,28.165525,27.075827,30.162676,28.599161,28.82332,31.363596,27.0465,24.526114,21.642921,24.884985,20.159195,24.565424,22.843878,25.766743,25.147945,25.05952,22.494278,23.56635,22.465227,20.036146,15.452526,16.787653,19.435913,16.173275,21.081446,24.016615,22.546494,19.249985,22.164244,17.034918,19.060198,18.464396,19.430914
13,30.356407,26.963848,24.338026,21.514137,18.332975,17.833527,13.254658,11.863394,8.474045,7.5671997,6.5941596,4.9534926,3.8480618,0.0,7.1657486,7.435448,10.159968,13.375204,16.54799,19.655882,23.161932,25.002535,29.457233,25.1759,23.039774,19.788568,17.922632,14.962446,13.259193,12.846417,10.731076,13.864423,9.321799,14.571769,14.370153,10.655437,11.473905,16.58965,15.649164,12.909836,16.024721,20.420465,17.833488,17.329699,21.12558,23.951645,21.65909,22.376726,26.536987,25.524729,25.732216,27.830025,31.200087,29.715384,29.99949,29.435192,24.707794,26.796871,30.552256,26.476288,22.21244,26.89315,26.717916,29.127983,24.912924,21.11001,23.777098,20.780447,18.866165,24.6385,23.452257,19.422354,19.941395,25.107714,23.738104,28.16471,26.974598,25.720919,28.301804,26.63893,26.385347,28.663109,24.15638,21.90949,19.484564,22.513622,18.516132,23.073215,21.900187,25.130234,24.67363,25.197876,22.988361,24.154188,23.038357,20.484682,15.625588,15.918419,18.187124,13.959376,18.579947,21.360039,19.419403,16.097525,18.63831,13.852402,15.573663,15.4714155,16.159903
14,35.296154,31.622355,29.674074,25.96256,23.327293,23.145437,18.268017,17.947739,13.588847,14.268119,12.266417,11.457368,8.059168,7.1657486,0.0,5.729963,6.2112937,9.956249,12.684717,15.215893,19.042986,20.520477,25.018757,19.956532,17.36556,13.996532,12.245287,8.558,8.2768345,6.9161263,8.859413,11.766546,11.426692,15.914137,14.342905,11.28358,14.341221,18.213041,16.21897,14.331233,18.86059,21.145687,18.26243,19.625742,23.402452,24.339815,22.773558,24.840353,28.391247,28.0726,26.975601,28.44928,32.19912,30.685326,29.817156,28.134735,23.673204,24.70744,29.169552,26.472054,20.95111,25.255184,24.43768,27.697529,24.471436,20.119514,21.484638,18.170034,16.30086,21.317959,19.274221,14.948102,15.921505,20.266699,20.160782,23.917187,23.015013,23.006948,25.285433,25.03749,25.014608,27.948051,23.78759,20.790615,18.242159,19.911652,15.407338,18.502504,16.470238,19.192791,18.104832,18.630447,16.300827,17.232346,16.151564,13.882982,8.895615,9.926953,11.457377,8.603923,13.665677,16.666178,16.10165,13.093634,17.599043,12.960064,16.45238,16.812763,18.94951
15,30.900248,27.16045,25.326132,21.28665,19.047598,18.657333,14.102397,14.4250555,9.697047,12.130216,10.78738,11.508528,9.371304,7.435448,5.729963,0.0,4.484897,6.134704,10.936775,12.685062,16.583885,18.869865,22.83143,18.230885,16.41728,13.707013,11.002586,8.950513,6.7236905,8.726064,5.948281,11.954883,10.858516,14.583799,11.685104,7.644437,10.728948,14.416456,11.47116,9.084014,14.036456,15.996334,12.743007,14.030823,17.992674,18.78662,17.092213,19.173996,22.68813,22.53838,21.552717,22.80146,26.643702,25.345264,24.546652,23.23258,18.642431,20.293272,24.618977,21.583885,16.5039,21.45057,21.437498,24.44535,20.738369,16.631525,19.215654,16.580297,13.395537,18.52368,17.832405,13.98211,13.258061,18.210321,16.76764,20.95694,19.601927,18.635986,21.111052,20.033514,20.05393,22.892614,18.74814,15.789459,13.023818,15.616823,11.190124,15.657927,14.752294,18.253744,18.387928,19.43769,18.096853,20.150213,20.001438,18.550406,13.66487,14.577849,14.206712,10.191925,14.590369,16.870584,15.077578,11.808311,14.531381,8.747567,12.130677,11.5383415,14.206514
16,32.29558,28.451553,27.335363,22.879541,20.901052,21.520298,16.344751,17.865839,13.376153,15.754422,14.874384,14.895758,12.555651,10.159968,6.2112937,4.484897,0.0,4.721646,6.9023137,9.748176,13.281281,15.055942,19.480518,15.113968,12.98411,9.844399,8.713846,6.8881884,7.1146603,9.358266,9.425345,15.040765,15.007114,18.761742,15.580118,11.851707,15.139325,18.4983,14.944702,12.638717,17.881594,18.907158,15.12355,16.75303,21.035599,20.583948,18.2585,21.28317,24.724833,25.26281,24.120565,24.116497,28.637665,27.78659,26.251553,24.433306,20.141613,21.424055,26.256233,24.096539,18.700403,23.654043,23.598557,27.039917,23.817225,19.643814,21.727764,19.134222,15.687931,19.904655,19.053354,15.212724,14.024571,17.997908,17.236006,20.607182,18.87186,18.647236,20.106112,19.93072,19.37588,22.18102,18.03349,15.101276,13.178846,14.160899,10.810468,14.030813,13.270138,16.645426,16.384615,18.129107,17.041998,18.701967,18.33853,16.792494,12.152053,11.882578,10.659514,6.0178094,10.126533,12.4036665,10.932591,7.7966247,11.862155,7.2586484,11.381594,12.191239,14.934548
17,31.804502,27.929558,27.041761,22.245785,20.90424,21.149069,16.739729,18.565737,14.031814,17.47122,16.54485,17.569248,15.470147,13.375204,9.956249,6.134704,4.721646,0.0,6.7881584,6.713447,10.74399,13.4095545,16.893425,12.410228,11.118146,9.236693,6.52814,7.0045977,6.016636,10.345889,8.798366,15.239145,16.1288,18.72008,14.45132,11.138684,14.662987,16.848064,12.454269,10.729578,16.144726,15.610205,11.709101,14.334436,18.269205,16.645636,15.008418,18.570135,21.38499,22.329338,20.56474,20.172775,24.72897,23.99171,21.96809,19.891903,15.767993,16.9385,21.895514,20.255924,14.834059,19.891851,20.233934,23.720503,20.732027,16.788742,19.12549,17.1857,12.888791,16.371105,16.452305,13.283051,10.614989,14.478434,13.032381,16.400537,14.425008,13.934873,15.557135,15.3921795,15.236253,18.436949,14.744145,11.289181,8.919409,9.976693,6.1080966,9.990657,10.081026,13.923913,14.752661,16.80983,16.673336,19.241652,19.819485,19.25298,15.005339,15.553344,12.733585,9.272745,12.080297,13.380224,11.701175,9.100337,11.520211,6.28386,10.766946,10.450255,14.296294
18,32.923576,29.03781,29.12251,24.085627,22.941889,24.682888,19.42934,22.552132,18.489038,21.466578,21.276217,21.333242,19.329798,16.54799,12.684717,10.936775,6.9023137,6.7881584,0.0,5.7786574,7.312914,8.504826,13.302609,10.444948,8.8114,6.279426,8.542819,9.435912,11.399411,14.530888,15.148438,21.047304,21.710045,25.013945,21.098593,17.559029,20.805544,23.48317,19.03168,16.864157,22.140272,21.677553,17.386904,19.29314,23.70181,21.362865,18.259827,22.497263,25.51387,27.155176,25.872795,23.813347,29.202316,29.197378,26.657278,24.40212,20.83583,21.856354,27.032087,26.081846,20.938887,25.906467,26.296572,29.98523,27.288898,23.436737,25.44011,23.452852,19.31099,21.947958,21.804338,18.70024,16.08489,18.39127,17.82772,19.782658,17.1896,17.538107,17.103514,17.974936,16.432882,18.900976,15.168977,12.665697,12.539065,10.848286,10.681327,11.85367,12.607692,15.746854,15.811976,18.82166,18.894518,20.482845,20.421192,19.396114,15.7844715,14.147831,10.711791,6.634395,6.524109,7.0071235,5.025831,3.3607726,7.7431917,6.816389,10.643348,12.805229,15.644511
19,35.054253,31.180182,31.235748,26.029211,25.373661,26.330402,21.965122,24.701014,20.405369,24.001837,23.251472,24.107204,21.8417,19.655882,15.215893,12.685062,9.748176,6.713447,5.7786574,0.0,4.5637436,7.361076,10.325056,5.937379,5.475575,5.6239285,5.646742,8.977876,10.389457,14.438292,14.777116,20.466595,22.56194,24.732096,20.050827,17.394833,21.014616,22.39101,17.59073,16.474644,21.666224,19.47794,15.626308,18.825577,22.432837,18.741436,17.183073,21.833927,23.84216,25.784988,23.46286,21.277168,26.371262,26.281662,23.013405,20.063889,17.059956,17.258055,22.591267,22.758795,17.438559,21.862358,22.281958,26.137758,24.17674,20.59232,22.139482,20.761349,16.354723,17.62863,18.04127,15.809528,12.210475,13.426861,12.967925,14.217593,11.554555,12.601463,12.100977,14.072755,13.408734,16.704756,14.05845,10.710673,10.091384,7.182853,6.857986,6.1596947,7.827019,11.067099,12.262971,15.564775,16.710213,19.193449,20.237444,20.440126,17.332506,17.210773,12.389514,10.652128,10.617215,10.287825,9.693026,9.062257,11.2920265,9.398268,13.3779545,13.993741,17.883974
20,35.3867,31.586843,32.36613,27.005608,26.788527,28.45036,24.041922,27.564203,23.6083,27.296415,27.018648,27.721004,25.701012,23.161932,19.042986,16.583885,13.281281,10.74399,7.312914,4.5637436,0.0,3.61552,6.3282495,5.2637734,6.2977657,7.603983,9.858493,13.132011,14.932827,18.82877,19.187153,25.022911,26.844297,29.118156,24.385996,21.576666,24.9396,26.324253,21.339651,20.0332,25.016724,22.54888,18.555067,21.350153,25.023693,20.638363,18.362474,23.412521,25.231,27.76138,25.69639,22.196508,27.743027,28.284012,24.62631,21.710766,19.338392,19.587618,24.760918,25.450563,20.731909,25.07598,25.835659,29.59395,27.787205,24.509457,26.176575,25.075142,20.540148,21.181822,21.992796,20.125544,16.24212,16.548332,16.07562,16.26834,13.091913,14.235877,11.928611,14.486172,12.836627,15.445379,13.37104,10.959502,12.022259,7.422665,10.355728,8.527689,11.211967,13.679417,14.912689,18.643892,20.196968,22.354296,23.300434,23.484243,20.769445,19.790298,14.759283,13.070825,11.22214,9.516468,8.841225,9.729833,10.596997,11.271843,14.228596,15.593476,19.016165
21,37.566307,33.79796,34.81989,29.483484,29.195517,31.250399,26.508795,30.190233,26.258362,29.66074,29.432655,29.753592,27.61041,25.002535,20.520477,18.869865,15.055942,13.4095545,8.504826,7.361076,3.61552,0.0,5.377591,6.109672,6.6275077,7.86825,11.802436,14.66103,17.257084,20.590572,21.875385,27.40767,29.319757,31.905317,27.360062,24.481121,27.9314,29.588066,24.68959,23.251568,28.33747,26.113525,22.074919,24.70122,28.527905,24.218971,21.66647,26.718557,28.656094,31.243296,29.294212,25.601301,31.235878,31.870283,28.140173,25.140085,22.91312,22.979767,28.164337,29.039034,24.2152,28.417143,28.962141,32.84945,31.192528,27.800741,29.157812,27.868423,23.585066,24.14636,24.531624,22.551233,19.113615,18.969296,19.162882,18.889004,15.926841,17.585344,14.875121,17.82922,15.928945,18.107075,16.175356,14.241213,15.578607,10.932564,13.782529,11.330227,13.379102,15.16001,15.699172,19.5935,21.093739,22.667723,23.311346,23.388933,21.185873,19.53962,14.415441,13.367989,10.225709,7.685153,8.219452,10.2084,11.747991,13.652567,16.400352,18.429604,21.436827
22,39.584614,35.935486,37.28127,31.867973,32.110077,33.973137,29.844147,33.62275,29.780352,33.576042,33.292923,34.038906,31.934084,29.457233,25.018757,22.83143,19.480518,16.893425,13.302609,10.325056,6.3282495,5.377591,0.0,6.67653,9.194469,12.008546,14.727078,18.335846,20.45696,24.148897,24.989058,30.439804,32.87098,34.80544,29.869637,27.447618,30.853373,31.722221,26.672277,25.758865,30.50741,27.180206,23.535345,26.547312,29.771763,24.40164,22.588663,27.838493,28.91628,31.95906,29.562622,25.124878,30.574722,31.546741,27.210526,23.911455,22.677725,22.225008,27.077213,29.023888,24.748117,28.34625,29.15696,32.91409,31.862915,28.977524,30.147547,29.487095,25.105082,24.422941,25.488512,24.385532,20.364294,19.01606,19.162346,17.636168,14.564478,16.614044,12.692329,16.675703,14.977296,16.981966,16.537388,14.929289,16.719585,11.292945,15.325681,11.607946,14.543441,15.637136,17.033716,20.981567,23.316196,25.290564,26.57454,27.340162,25.47783,24.40015,18.870577,18.444534,15.520158,12.914889,13.368792,15.267877,15.493571,17.360048,19.710768,21.088024,24.331781
23,40.029907,36.210377,36.639454,31.331844,30.972357,32.005646,27.79875,30.592745,26.269709,29.846798,28.862858,29.68126,27.113894,25.1759,19.956532,18.230885,15.113968,12.410228,10.444948,5.937379,5.2637734,6.109672,6.67653,0.0,3.3631907,7.0169926,8.547144,12.346557,14.596647,18.003143,19.589794,24.368738,27.567083,29.314997,24.49317,22.49082,26.315657,27.072632,22.321444,21.8022,26.827736,23.676756,20.292057,23.969507,27.080194,22.368114,21.565485,26.492617,27.777615,30.114965,27.198574,24.410454,29.336283,29.428194,25.385809,21.719627,19.806126,18.877186,24.131445,25.783163,20.535236,23.946356,24.087309,28.159798,27.231743,23.927853,24.4926,23.483929,19.511057,19.08219,19.377384,18.030884,14.5561905,13.303765,14.294574,13.362421,10.978017,13.855485,11.94401,15.949031,15.513561,18.735182,17.392988,14.411237,14.429046,10.017985,11.018059,6.456185,8.159398,9.362607,10.634552,14.53866,16.75839,19.030216,20.592417,21.678997,19.80166,19.744205,13.938097,14.392352,12.861789,11.476175,12.647983,13.369452,15.601287,15.124557,18.7327,19.476414,23.336975
24,40.308033,36.43349,36.582012,31.379675,30.625801,31.645987,27.074257,29.57747,25.109121,28.315641,27.16034,27.658516,24.874468,23.039774,17.36556,16.41728,12.98411,11.118146,8.8114,5.475575,6.2977657,6.6275077,9.194469,3.3631907,0.0,3.9175267,6.5818195,9.756955,12.752663,15.588561,18.092224,22.55324,25.763338,27.899366,23.408976,21.280428,25.261852,26.478804,21.966906,21.245691,26.496643,24.059963,20.579018,24.114302,27.498629,23.529024,22.507502,27.210602,28.952002,30.930065,28.18484,26.034916,30.919186,30.715347,27.048853,23.50984,21.06947,20.289108,25.655968,26.744076,21.064718,24.631973,24.3928,28.591238,27.445631,23.773436,24.153957,22.638054,18.994688,19.328325,18.836517,16.861868,14.193408,13.604788,15.052351,14.866833,12.935188,15.680745,14.606112,18.050383,17.616865,20.87949,18.862453,15.716779,15.259453,11.631175,11.275862,7.651274,7.7084713,9.015681,9.11723,12.973544,14.572214,16.45019,17.636671,18.454931,16.599884,16.432568,10.580717,11.514508,10.218693,9.406956,11.25814,11.704313,15.24273,14.369912,18.37465,19.39995,23.12921
25,38.918083,35.01928,34.917713,29.874306,28.72175,29.853647,24.883741,27.222168,22.735811,25.541492,24.427803,24.539618,21.71388,19.788568,13.996532,13.707013,9.844399,9.236693,6.279426,5.6239285,7.603983,7.86825,12.008546,7.0169926,3.9175267,0.0,5.6396,7.3047385,10.913681,13.251153,16.206623,20.705917,23.331541,26.074791,22.017088,19.472708,23.415455,25.336086,21.06366,19.87682,25.281633,23.85721,20.156712,23.218702,27.003567,23.970531,22.37408,26.7711,29.112803,30.733833,28.442324,26.797504,31.74574,31.365742,28.234552,25.084015,22.019077,21.767841,27.15661,27.354298,21.5,25.504292,25.140192,29.289503,27.60306,23.614454,24.249077,22.21147,18.732752,20.247095,19.255033,16.474363,14.511171,15.23877,16.416122,17.299385,15.460993,17.513403,17.093288,19.620148,18.95912,22.087133,19.275045,16.160599,15.418791,12.764631,11.510687,9.802238,9.071675,11.00676,10.238047,13.565041,14.072483,15.479738,15.908692,15.901563,13.51229,12.829565,7.3194785,7.6142306,6.894776,7.1594405,9.056172,8.904552,13.685058,12.444889,16.657154,18.071594,21.474607
26,38.10514,34.22208,33.5024,28.622208,27.414827,27.52704,23.250837,24.705524,20.00642,23.05863,21.366236,22.18018,19.238308,17.922632,12.245287,11.002586,8.713846,6.52814,8.542819,5.646742,9.858493,11.802436,14.727078,8.547144,6.5818195,5.6396,0.0,4.221982,6.2275367,9.520515,11.668459,16.026833,19.388386,21.350286,16.976114,15.050922,19.21386,20.439999,16.337257,15.858191,21.114258,19.287308,16.143343,19.859503,23.055788,20.284693,19.978792,23.935421,25.933624,27.11148,24.30424,23.819662,28.074907,27.145414,24.249786,21.047644,17.753208,17.260527,22.556707,22.57128,16.405895,20.18633,19.630262,23.776785,22.148218,18.111652,18.615438,16.653166,13.132493,14.839906,13.858848,11.060847,8.957227,10.58786,11.519941,13.400038,12.183906,13.963312,15.162389,17.164932,17.604996,21.308914,18.615051,14.848744,12.721189,11.566288,7.6541862,6.9839225,4.9004154,8.011871,8.295808,10.811095,11.353525,14.067725,15.35089,15.9459305,12.971338,14.345341,9.657109,9.689123,11.485129,12.444108,13.053549,11.664996,15.556516,12.039925,16.599312,16.604034,20.602737
27,38.445526,34.581463,33.41995,28.85655,27.129702,27.082502,22.529102,23.326214,18.554125,20.889576,18.86143,19.217722,15.92758,14.962446,8.558,8.950513,6.8881884,7.0045977,9.435912,8.977876,13.132011,14.66103,18.335846,12.346557,9.756955,7.3047385,4.221982,0.0,4.5042458,5.9799848,9.929071,13.490751,16.67311,19.263876,15.667777,13.61354,17.817875,19.766222,16.365034,15.605796,20.841185,20.264118,17.259058,20.464842,23.837574,22.288239,21.750565,25.143625,27.642832,28.27209,25.833456,26.205797,30.233719,28.96435,26.698555,23.856665,20.124796,19.938406,25.009928,24.20681,17.929728,21.71996,20.741644,24.773264,22.790167,18.438148,18.785015,16.086578,13.395278,16.368507,14.396088,10.658123,10.435103,13.112302,14.19298,16.763138,15.985289,17.370417,19.098063,20.4808,20.864832,24.418922,21.191036,17.54497,15.098119,14.947868,10.402715,11.098546,8.385451,10.82855,9.86699,11.283629,10.290495,12.339479,12.8376465,12.690012,9.084698,10.977163,7.591359,7.684822,11.047637,13.0534115,13.7904415,11.805298,16.63965,12.59406,17.18617,17.36659,20.929222
28,36.28012,32.490402,30.887384,26.545189,24.813051,24.008604,20.11523,20.258966,15.4585905,18.08037,15.776259,16.893126,13.860193,13.259193,8.2768345,6.7236905,7.1146603,6.016636,11.399411,10.389457,14.932827,17.257084,20.45696,14.596647,12.752663,10.913681,6.2275367,4.5042458,0.0,4.9459934,5.6776567,10.153705,13.210524,15.249168,11.273081,9.369683,13.673345,15.282579,12.031203,11.637176,16.669058,16.210222,13.623996,16.95176,19.929392,19.024174,19.164942,21.973608,24.362118,24.56076,22.057497,23.366709,26.8647,25.248638,23.478859,21.019636,16.964798,17.124372,21.858028,20.361786,14.162825,18.130592,17.313473,21.063965,18.62589,14.227199,15.173893,12.503524,9.461506,13.5025835,12.0105915,8.099472,7.752587,12.112024,11.988535,15.710698,15.153585,15.551023,18.363424,18.756319,19.689047,23.327332,20.097155,16.334099,13.066197,14.465151,8.674267,11.310353,9.00715,12.052495,12.220521,12.935893,12.012096,14.830479,15.725649,15.677762,11.658601,14.258714,11.942543,10.761664,14.629514,16.564928,16.256912,13.737466,17.356182,12.047767,16.374027,15.45859,19.203085
29,39.5028,35.776215,33.77917,29.820986,27.633726,26.61838,22.617254,21.86143,17.181902,18.629623,15.643895,16.084827,12.369865,12.846417,6.9161263,8.726064,9.358266,10.345889,14.530888,14.438292,18.82877,20.590572,24.148897,18.003143,15.588561,13.251153,9.520515,5.9799848,4.9459934,0.0,7.2978053,8.089163,12.0774975,14.521559,12.047103,10.9347725,14.99164,16.979223,15.039665,14.785702,19.292412,19.797,17.750006,20.672827,23.466976,23.427069,23.682928,26.029362,28.595314,28.320744,25.932417,27.972742,31.094313,29.11566,27.72318,25.299427,21.292654,21.17034,25.6,23.928738,17.753742,20.952503,19.339035,22.997316,20.825747,16.352804,16.216116,12.770638,11.717085,15.961756,12.990569,8.629105,11.003797,14.793846,15.746351,19.21901,19.289663,20.13891,23.053019,23.652182,24.62863,28.235302,24.865396,21.188969,17.948399,19.295788,13.59004,15.48168,12.247483,14.210771,13.12781,12.691806,10.308867,12.21829,12.473257,12.067924,8.122761,12.075508,11.351095,11.494452,15.929713,18.451395,18.872663,16.346235,20.9025,15.83102,20.048115,19.462929,22.718973
30,33.70529,30.104534,27.74875,24.018665,22.011108,20.194279,17.1545,15.976279,11.364295,13.7989,11.061115,13.05765,10.625491,10.731076,8.859413,5.948281,9.425345,8.798366,15.148438,14.777116,19.187153,21.875385,24.989058,19.589794,18.092224,16.206623,11.668459,9.929071,5.6776567,7.2978053,0.0,7.087567,8.224194,10.047136,6.247267,3.8391652,8.157493,10.182709,8.022074,7.7164555,11.996759,13.119898,11.352337,13.857936,16.374495,17.40346,17.930475,19.425299,22.03043,21.311909,19.310863,22.151236,24.84228,22.744333,22.16475,20.683233,16.209484,17.24133,21.082132,18.038092,12.622992,16.747183,16.211872,19.107964,15.626353,11.323614,13.506673,10.775793,8.178072,13.933244,13.031624,9.435968,9.722131,15.227388,13.735229,18.446562,18.072031,17.117989,20.83801,19.769094,21.003075,24.345316,20.926071,17.49647,13.705632,16.974205,11.028914,15.400119,13.7692995,16.872978,17.456036,17.528719,16.249256,19.036446,19.722567,19.2454,14.863039,17.646152,16.801283,14.556579,18.953665,21.083464,19.878193,16.867376,19.36223,13.218657,16.58922,14.62876,17.885546
31,39.484135,36.069225,33.131424,30.018078,27.714222,25.1586,22.757566,20.097141,16.115665,16.935585,13.001171,14.644422,11.68487,13.864423,11.766546,11.954883,15.040765,15.239145,21.047304,20.466595,25.022911,27.40767,30.439804,24.368738,22.55324,20.705917,16.026833,13.490751,10.153705,8.089163,7.087567,0.0,7.2443695,7.2412033,6.610279,8.336762,11.080179,11.898065,12.509435,13.506211,16.029573,17.435423,17.173244,19.659227,21.041683,22.788649,24.434923,25.280067,27.441404,26.029602,23.650183,27.813164,29.43164,26.601322,26.464764,24.856657,20.861645,20.980648,24.074146,21.241571,16.080263,18.210619,16.276516,18.81857,16.25439,12.26544,12.096228,8.414583,9.793673,15.07119,12.360608,9.072359,12.652335,17.299221,17.128723,21.498722,22.285482,22.049955,26.255949,25.664465,27.452597,30.994331,27.850277,24.301094,20.337923,23.356781,17.019524,20.17797,17.345577,19.258232,19.115444,17.666046,15.455868,17.780989,18.477455,18.368593,14.958633,19.24398,19.417624,18.840038,23.536581,26.01927,25.667284,22.755703,26.08482,20.097692,23.51788,21.598454,24.56956
32,34.32226,31.14283,27.693794,25.32434,22.559269,19.762117,17.649292,13.927985,10.749301,10.297679,6.129246,8.21513,6.699905,9.321799,11.426692,10.858516,15.007114,16.1288,21.710045,22.56194,26.844297,29.319757,32.87098,27.567083,25.763338,23.331541,19.388386,16.67311,13.210524,12.0774975,8.224194,7.2443695,0.0,5.4322805,7.4448686,6.791957,6.9245677,10.385492,11.980688,11.493018,12.9041395,17.071867,16.549984,17.08061,18.873638,22.524996,22.887543,22.681982,25.705357,23.716791,22.874119,27.246885,28.941172,26.348488,27.27639,26.787134,22.319607,23.80596,26.567749,22.199306,18.257282,21.506361,20.691942,22.404491,18.404207,14.967226,17.034948,14.090024,14.032168,20.047527,18.611427,15.310572,17.236807,22.648367,21.224525,26.099676,26.050781,24.69016,28.69286,26.87969,28.03717,30.924082,27.200878,24.32742,20.69132,24.633572,19.041641,23.623365,21.753658,24.4992,24.523003,23.827349,21.5932,23.527231,23.411243,22.105867,17.851152,20.718922,22.083818,19.6386,24.57479,27.227179,25.835773,22.541006,24.951962,18.959375,21.247314,19.289648,21.091156
33,36.275406,33.25665,29.608953,27.437733,25.106186,21.419634,20.617062,16.54194,13.872792,14.126174,10.343568,13.182914,12.129022,14.571769,15.914137,14.583799,18.761742,18.72008,25.013945,24.732096,29.118156,31.905317,34.80544,29.314997,27.899366,26.074791,21.350286,19.263876,15.249168,14.521559,10.047136,7.2412033,5.4322805,0.0,5.4322834,8.046007,7.4740095,7.753223,11.148771,12.323663,12.270297,15.52236,16.460062,17.524584,17.861383,21.694471,23.589306,22.885862,25.009705,22.586746,21.093678,26.61116,27.19712,24.036242,25.357565,25.029867,20.996878,22.119812,23.995865,19.56335,16.317993,18.36475,17.340158,18.313595,14.511567,11.786481,13.570038,11.248895,12.409084,17.93951,16.854784,14.628071,16.818813,21.98637,20.323755,25.230495,25.775013,24.228664,28.859226,26.890675,28.777145,31.826092,28.698395,25.698845,21.693647,25.966162,20.057192,24.473364,22.592072,25.023304,25.558943,24.390644,22.545221,25.018726,25.615932,25.11981,21.316221,24.906166,25.514668,23.652275,28.434036,30.846989,29.53912,26.347376,28.36091,22.11383,24.41331,21.677603,23.89324
34,34.70831,31.433353,28.402414,25.417397,23.549463,20.326498,19.08773,16.382286,12.802791,14.782596,11.568246,14.644277,13.109867,14.370153,14.342905,11.685104,15.580118,14.45132,21.098593,20.050827,24.385996,27.360062,29.869637,24.49317,23.408976,22.017088,16.976114,15.667777,11.273081,12.047103,6.247267,6.610279,7.4448686,5.4322834,0.0,4.572014,6.2214403,5.3948913,6.5820765,8.481543,9.867028,11.278585,11.842629,14.061646,14.680444,17.150204,19.37848,19.491087,21.338371,19.611727,17.347765,22.194221,23.296263,20.368868,20.870026,20.073582,15.934704,16.952417,19.376593,15.435887,11.269245,14.067473,13.416159,15.159365,11.217623,7.5296655,10.238045,8.125716,7.4115357,13.24719,12.899389,10.734628,11.776354,17.14022,15.041308,20.042585,20.407991,18.807867,23.44822,21.652319,23.691324,26.946335,24.069572,20.841125,16.704685,20.854723,14.878069,19.316996,17.790308,20.455017,21.52151,20.82691,19.665382,22.74287,23.846067,23.797049,19.839115,23.282736,22.685568,20.789352,25.185123,27.22861,25.875814,22.861828,24.595808,18.307734,20.944862,17.991426,20.963177
35,31.347315,27.915522,25.133312,21.84032,19.793318,17.256115,15.081466,13.090552,8.892896,11.458272,8.844568,11.748988,10.399383,10.655437,11.28358,7.644437,11.851707,11.138684,17.559029,17.394833,21.576666,24.481121,27.447618,22.49082,21.280428,19.472708,15.050922,13.61354,9.369683,10.9347725,3.8391652,8.336762,6.791957,8.046007,4.572014,0.0,4.3555818,6.979095,5.780668,5.348563,8.55427,11.097508,9.975895,11.515405,13.626645,16.071571,16.716646,17.21429,19.932148,18.621923,17.163195,20.850012,23.017664,20.74469,21.020325,20.345078,15.75675,17.510448,20.636473,16.530901,12.194448,16.43542,16.438032,18.54742,14.277815,10.50329,13.876952,11.675634,9.255775,15.222159,15.124649,12.170424,12.090205,17.764925,15.393033,20.411217,19.94533,18.113447,22.126713,20.10089,21.406794,24.41503,20.986803,17.948526,14.111618,18.333605,12.822575,17.930952,16.897598,20.138966,21.069792,21.113667,19.92,22.747824,23.388744,22.73835,18.247835,20.783024,20.342327,17.466915,21.840628,23.90375,22.108677,18.96084,20.481138,14.192304,16.671436,14.019784,16.80561
36,29.122307,25.968702,22.606352,20.06219,17.894379,14.448842,13.522015,10.2259655,7.2229323,9.326618,7.1786656,10.894709,11.011845,11.473905,14.341221,10.728948,15.139325,14.662987,20.805544,21.014616,24.9396,27.9314,30.853373,26.315657,25.261852,23.415455,19.21386,17.817875,13.673345,14.99164,8.157493,11.080179,6.9245677,7.4740095,6.2214403,4.3555818,0.0,5.3683686,6.567426,5.866934,5.990999,10.974086,10.752461,10.564842,12.003448,16.336628,16.871025,16.026558,18.915102,16.801609,16.324224,20.87194,22.372017,19.973625,21.337528,21.60995,17.112494,19.515432,21.786901,16.636433,13.87044,17.88184,18.356266,19.537622,14.641814,11.861627,15.969976,14.284824,12.405572,18.162016,18.567566,16.057922,15.904559,21.548773,18.64588,23.75937,23.213047,20.709349,24.809904,21.943584,23.184475,25.720999,22.294289,19.812662,16.204664,21.047169,16.154621,21.649494,21.014986,24.322203,25.398935,25.396114,24.152103,26.900492,27.392172,26.49107,21.917154,24.19397,24.271717,20.89628,25.261702,27.319859,25.04653,21.810555,22.507105,16.38376,17.830809,14.757459,16.653864
