,0,1,2,3,4,5,6,7,8,9,10,11,12,13,14,15,16,17,18,19,20,21,22,23,24,25,26,27,28,29,30,31,32,33,34,35,36,37,38,39,40,41,42,43,44,45,46,47,48,49,50,51,52,53,54,55,56,57,58,59,60,61,62,63,64,65,66,67,68,69,70,71,72,73,74,75,76,77,78,79,80,81,82,83,84,85,86,87,88,89,90,91,92,93,94,95,96,97,98,99,100,101,102,103,104,105,106,107,108
0,0.0,4.396616,5.715573,9.545177,12.207955,14.983109,17.214201,22.047293,22.915642,26.560135,29.237816,32.297672,34.030304,36.361763,32.893,28.838068,27.641794,24.473825,23.896564,21.397076,19.284061,21.399689,18.030256,22.397453,26.663927,25.61754,24.287035,24.675734,25.068106,25.089428,28.669832,27.618101,34.161884,33.113205,37.56531,40.75924,37.11835,37.57044,31.034512,33.515762,30.094547,31.420172,29.021667,29.063787,29.030066,28.801735,30.360373,31.217546,31.441254,34.609013,33.849983,32.61905,32.326546,35.56368,34.811996,39.891624,37.34061,35.628185,41.81554,39.20919,38.886013,34.053116,33.694958,31.509825,32.292107,29.880064,29.939816,28.116129,28.696653,25.212357,24.773,26.092218,27.984447,27.954212,31.736065,31.116213,36.7817,35.834732,39.28068,37.827717,33.035904,36.56576,34.998306,30.690823,27.185877,26.240993,22.63906,21.501984,19.225796,17.544518,18.348484,15.911408,18.066078,15.44343,14.843254,12.031457,16.489717,12.906448,17.075413,17.079117,20.64929,23.779907,22.700083,19.59316,21.761007,17.609201,17.501768,17.500685,18.012646
1,4.396616,0.0,5.377443,6.541861,9.793485,13.037657,15.698557,20.184555,21.951729,25.215342,28.629187,30.928299,33.260662,35.807716,31.703234,27.988798,26.14066,23.277294,21.68246,19.68466,16.954962,19.235453,16.446323,21.0257,25.071201,24.932001,23.274408,24.56273,24.62494,26.004026,29.09558,28.986912,35.111156,34.737656,38.887825,42.348507,39.050346,39.355835,32.81551,34.76678,31.391273,32.065773,29.360527,28.801636,28.575655,27.773592,29.229076,29.560652,29.574335,33.233204,32.938156,32.09177,32.35242,35.333813,35.04955,40.233017,37.701168,35.5177,41.488747,38.601467,37.744022,33.141243,32.088608,29.711496,30.009457,27.305458,26.987343,24.881819,25.740238,22.209753,21.934477,23.92519,25.902073,26.613255,30.110022,30.291971,35.701538,35.48954,39.067955,38.057854,33.03295,36.731117,35.75433,31.286104,28.104525,26.465124,23.709743,21.454178,19.571285,17.195097,18.121075,15.346185,17.279808,15.761427,15.8509035,13.258292,17.868927,13.457653,18.549683,17.409454,21.41334,24.533333,22.941586,19.686459,20.938381,16.516985,15.648058,14.775146,14.609879
2,5.715573,5.377443,0.0,5.4918175,6.8576217,9.706991,11.753291,16.342728,17.3002,20.88239,23.788813,26.631384,28.520699,30.933752,27.256027,23.317509,21.968342,18.985601,18.314386,16.250027,14.640768,17.268272,14.676789,19.152443,23.360699,22.20457,20.074022,20.994265,20.367933,21.242968,24.140713,23.776468,29.838322,29.443205,33.63639,37.071503,33.84792,34.24798,27.783875,29.705753,26.595758,27.170671,25.044872,24.612293,24.980984,24.347279,26.910227,27.4909,27.049225,30.449165,29.425247,28.76218,28.537113,31.107143,30.527847,35.698822,32.8458,30.804148,36.836617,33.98725,33.525726,28.935581,28.354614,26.399553,26.954657,25.193323,24.897045,23.513098,24.38017,20.881742,19.92904,21.224667,22.564451,22.610313,26.18102,25.742132,31.246412,30.589441,34.07227,32.93682,27.91664,31.532024,30.41092,25.979362,22.755054,21.26169,18.416466,16.462519,15.129218,13.297162,15.039365,13.252341,16.089952,14.486563,13.618814,10.529342,13.970654,8.7500305,13.567048,12.157105,16.052227,19.203794,17.877192,14.592975,16.776176,12.047499,12.398581,12.308123,13.742314
3,9.545177,6.541861,5.4918175,0.0,4.2082877,6.804415,9.709875,14.388775,16.626228,19.750273,23.717123,25.41153,28.084099,30.482668,25.914133,22.38751,20.156834,17.328928,15.356664,13.408485,10.628539,13.314061,11.485933,16.116463,19.965954,20.100422,17.757065,19.892504,19.242292,22.088163,24.468784,25.610147,31.074467,31.652594,35.2127,39.01293,36.253143,36.25399,29.84723,31.005001,27.789234,27.608519,24.738216,23.536198,23.372786,22.033247,24.104528,24.043148,23.514124,27.465467,27.215054,26.906204,27.52533,29.98193,30.121399,35.34341,32.818825,30.196754,35.913254,32.85264,31.620787,27.186317,25.739548,23.325003,23.477291,20.940342,20.5417,18.654984,19.61071,16.052828,15.480881,17.527967,19.42545,20.450434,23.833212,24.500177,29.762426,30.098923,33.81314,33.161854,28.117977,32.172825,31.752743,27.093887,24.378218,21.933577,20.241486,16.654877,15.333227,12.406877,13.90921,11.626239,13.9400625,13.961195,14.166968,11.843168,15.431921,10.180228,15.900065,13.509829,18.085398,21.182287,19.606953,16.224363,17.544357,12.050985,11.883337,9.766354,10.741044
4,12.207955,9.793485,6.8576217,4.2082877,0.0,4.680904,6.926174,10.443047,12.824877,15.724157,19.76381,21.382776,24.113417,26.764532,22.184645,18.843504,16.519657,14.19438,12.017401,11.287145,9.69114,13.074407,12.400545,16.710575,20.350363,20.062756,16.899881,19.280634,17.32727,20.50219,22.080996,23.397089,28.313648,29.189774,32.684242,36.488304,34.02701,34.20189,28.045952,28.890701,26.201996,25.443539,23.302761,21.796446,22.316545,20.682413,24.043104,23.805069,22.461527,26.528194,25.753803,26.048626,26.464548,28.090967,28.18524,33.397068,30.398806,27.612251,33.14891,29.831253,28.653336,24.6116,23.028591,21.1182,20.875734,19.553883,18.425388,17.297552,18.799929,15.309216,13.851947,15.888637,16.63431,17.68389,20.63864,21.356417,26.326895,26.793036,30.39994,30.044039,24.724083,28.545431,28.48435,23.928158,21.497046,18.772633,17.852514,13.92177,14.165123,11.627993,14.193338,12.999044,15.808322,16.201132,15.854122,13.400513,15.607347,9.540602,14.692207,10.948944,15.139221,17.97467,15.99773,12.7055645,13.597211,8.018907,8.048694,6.107329,8.47729
5,14.983109,13.037657,9.706991,6.804415,4.680904,0.0,3.0679948,8.921023,10.790875,14.081396,18.144264,19.637375,22.221634,24.20638,19.523993,15.93098,13.756828,10.597978,9.348782,6.8246317,5.6624613,8.99453,8.799883,12.643282,16.1617,15.628672,12.253113,14.929427,13.005092,17.104454,18.578705,20.891438,25.552044,27.016731,29.928886,33.97222,31.76781,31.491617,25.403435,25.757792,22.878859,21.831902,19.150875,17.40392,17.723259,16.01351,19.544996,19.383677,18.011791,21.906687,21.107084,21.40886,21.997906,23.693176,24.039059,29.242619,26.603653,23.692686,29.235996,26.103119,24.822554,20.43834,19.05979,16.892235,17.314562,15.742519,15.551049,14.667301,15.4915085,12.188244,10.625724,11.675068,13.021512,13.6568775,17.177841,17.774736,23.086895,23.576616,27.381025,26.913794,21.995829,26.411713,26.360651,21.599186,19.409035,16.27178,15.7453375,10.904496,10.645072,7.707534,10.419779,9.977126,12.853064,14.070797,13.767567,11.9850235,13.182436,7.926595,12.891735,9.346859,14.118654,17.001467,15.947066,12.74082,14.933191,8.525879,10.612843,8.188614,11.532569
6,17.214201,15.698557,11.753291,9.709875,6.926174,3.0679948,0.0,6.943529,8.005986,11.524176,15.357962,17.026543,19.369026,21.18802,16.649609,12.903816,11.014696,7.640367,7.5020647,5.0218906,6.235944,9.360003,9.902082,12.935706,16.156364,14.923975,11.021015,13.599646,10.611474,14.982353,15.858747,18.517803,22.754597,24.53428,27.235947,31.325068,29.358692,29.064743,23.192673,23.231688,20.674492,19.210274,16.998646,15.085594,15.98878,14.234915,18.844032,18.76529,16.878637,20.540236,19.153957,19.809494,20.119347,21.24935,21.513767,26.694689,23.810976,20.839884,26.351198,23.16345,22.064484,17.746138,16.625948,14.88138,15.476546,14.966941,14.752785,14.6809,15.491191,12.552729,10.368505,10.527373,10.974187,10.995808,14.56287,14.790919,20.171722,20.517584,24.313889,23.890482,18.956556,23.44061,23.5026,18.745,16.798,13.40106,13.500535,8.183241,9.1405945,6.8962107,10.327307,11.033382,14.063865,15.360952,14.630146,13.003372,12.878012,7.9537745,11.753552,7.589967,12.054781,14.715759,13.9598675,10.996254,13.713157,7.3603683,10.648619,8.871051,12.932459
7,22.047293,20.184555,16.342728,14.388775,10.443047,8.921023,6.943529,0.0,4.922952,5.734078,10.901394,11.107891,14.440537,17.324156,12.140274,9.879316,6.6597943,6.9427805,4.1461835,8.465616,10.841026,13.982036,16.135052,18.510866,20.792646,19.978024,15.443674,18.467684,13.554919,18.371798,17.159101,20.156265,22.583418,25.072273,27.456432,31.394756,30.202782,30.330671,25.336422,24.659348,23.427551,20.70626,20.15236,17.554955,19.49308,16.999443,22.965221,22.147957,18.882822,22.844622,21.062466,23.07852,23.380573,22.607306,23.06268,27.872528,24.150143,20.70677,25.222334,21.283092,19.843765,17.20818,14.973796,14.622261,13.299723,15.639464,13.078712,14.499072,16.726984,14.393302,11.129634,12.14987,9.1531515,10.406385,11.495224,12.993446,16.697287,18.208376,21.59556,22.35669,16.7733,20.34869,21.789785,17.643785,16.84861,12.840424,15.396112,10.226691,14.409684,13.219187,16.818316,17.88334,20.706654,22.298656,21.482206,19.706892,18.978392,13.908545,16.257177,10.70689,12.708927,14.017626,11.887993,10.054965,9.906604,6.1559067,8.484493,7.546925,11.808681
8,22.915642,21.951729,17.3002,16.626228,12.824877,10.790875,8.005986,4.922952,0.0,4.4993744,7.3630743,9.895717,11.57636,13.962133,10.065723,6.49733,5.796905,5.2732506,7.467112,9.417114,13.073586,15.72631,17.244965,19.155401,21.549627,19.345764,14.930062,16.75946,11.209254,14.62911,12.932678,15.500087,17.767796,20.177353,22.62703,26.509098,25.318783,25.544924,20.745955,20.06793,19.258486,16.516106,17.025324,14.948683,17.763973,16.02097,22.79545,22.665726,19.496586,22.52251,19.675953,21.52556,20.93076,19.798367,19.576338,24.315393,20.150797,17.133429,22.01272,18.318443,17.952032,15.032059,14.369117,14.780386,14.656895,17.74981,16.257198,18.092463,19.578018,17.509642,14.321364,13.691811,10.4863,9.294836,10.899691,10.0835085,14.461969,14.5018635,17.84148,18.074442,12.38145,16.098478,17.030035,12.768955,11.967806,7.964176,11.042745,6.502511,12.152345,12.312853,16.17132,18.125252,21.248604,22.271233,20.805347,19.090528,17.077114,12.850118,13.383648,8.058997,8.735877,9.635568,8.595737,7.3529925,9.700398,6.607124,10.902206,11.462193,15.979399
9,26.560135,25.215342,20.88239,19.750273,15.724157,14.081396,11.524176,5.734078,4.4993744,0.0,5.650657,5.7674656,8.740524,12.036381,7.3883424,6.176718,4.3310905,7.4589834,7.751333,12.066481,15.635728,18.23733,20.578613,22.2136,24.048922,22.426632,17.830963,20.17811,14.2333355,18.243254,15.470659,18.48438,19.225224,22.256104,24.14938,27.878574,27.362522,27.707691,23.666605,22.389658,22.327446,18.838552,19.940872,17.384192,20.352793,18.094086,25.150986,24.488626,20.660688,23.865665,21.115368,23.750973,23.44546,21.25077,21.40645,25.70638,21.318447,17.961111,21.764109,17.602526,16.767555,15.33717,13.716468,14.985943,13.602947,18.178036,15.541604,18.122213,20.210733,18.591236,15.136746,14.982036,10.307387,10.192626,9.540844,10.127281,12.51796,13.9021225,16.796053,18.136728,12.38883,15.230544,17.492836,14.030517,14.373065,10.34869,14.710291,10.632202,16.40209,16.414259,20.135204,22.026035,24.935938,26.375957,25.114376,23.451815,21.523495,17.2553,17.797596,12.469372,12.245144,12.119679,10.332649,10.202829,9.984042,9.264197,12.072212,12.645008,16.68635
10,29.237816,28.629187,23.788813,23.717123,19.76381,18.144264,15.357962,10.901394,7.3630743,5.650657,0.0,6.009154,4.8908186,8.235109,7.0121593,6.023191,8.03604,10.422132,13.031085,16.010862,20.089653,22.408525,24.243814,25.554798,27.41312,24.72105,20.4373,21.605202,15.471074,17.404928,13.746007,15.677478,15.087387,18.058214,19.853748,23.206093,23.051493,23.793839,20.643276,19.236187,20.305014,16.719543,19.627125,17.795841,21.58968,20.12688,27.675539,27.564713,23.832998,26.081017,22.360271,24.906088,23.651146,20.709496,20.034237,23.792864,18.707617,16.105543,19.59937,15.755057,16.449522,15.593561,15.675042,17.869274,17.33624,22.496222,20.502584,23.326305,24.995718,23.563797,20.183895,19.112661,14.494322,12.666113,11.8586645,9.903998,11.482008,10.865724,12.958565,14.142767,8.227825,9.882806,12.313295,9.684473,10.964204,7.937049,13.108742,11.265595,17.621708,18.797012,22.520132,24.986782,28.083864,28.966713,27.1605,25.512444,22.591179,19.200062,17.97129,13.510338,11.129466,9.493672,8.868532,10.419705,11.417067,12.341732,15.739545,17.393148,21.52502
11,32.297672,30.928299,26.631384,25.41153,21.382776,19.637375,17.026543,11.107891,9.895717,5.7674656,6.009154,0.0,5.0276814,8.743427,4.6985917,7.508635,6.9885306,11.475449,11.967863,16.612402,20.41621,22.58142,25.457943,26.454828,27.616873,26.050093,21.533424,23.816809,17.57895,21.504665,17.495996,20.89592,19.567535,23.377224,24.277264,27.711603,28.171753,28.5389,25.695776,23.604671,24.580713,20.311895,22.41134,19.662907,22.982952,20.623264,28.018686,27.10189,22.748158,25.475798,22.459373,25.834732,25.496721,21.925611,22.28294,25.748123,21.165966,17.765886,19.946215,15.551316,14.685949,15.386424,13.619694,16.23072,14.225529,20.430405,17.417461,20.828608,22.983927,22.111443,18.661211,18.162184,12.605292,12.466865,9.479297,10.478143,9.587058,12.178518,14.081537,16.724396,11.705097,13.173327,16.946526,14.796165,16.559086,12.934357,18.370623,15.074619,21.02312,21.395166,24.921032,27.139668,29.855373,31.56908,30.302416,28.852316,26.436855,22.722288,22.581253,17.668804,16.471615,15.332214,13.964059,14.929956,13.952091,14.850099,17.08563,17.738024,21.315453
12,34.030304,33.260662,28.520699,28.084099,24.113417,22.221634,19.369026,14.440537,11.57636,8.740524,4.8908186,5.0276814,0.0,4.8049,5.591468,7.7757053,9.901182,13.2987385,15.680435,19.1002,23.355993,25.321568,27.707962,28.45695,29.706503,27.191647,22.971434,24.261368,18.004675,20.30564,15.714621,18.345497,15.78701,19.638378,20.222141,23.324327,24.172197,24.758745,22.753807,20.49047,22.355291,18.065031,21.518389,19.419582,23.334606,21.709085,29.422888,29.059538,24.927307,26.79394,22.955994,26.118849,24.970118,20.895786,20.531788,23.48147,18.398355,15.728478,17.61939,13.638546,14.387736,15.325814,15.314162,18.423971,17.524046,23.735683,21.569391,24.970299,26.63327,25.78509,22.401125,21.070961,15.867364,14.1789,11.786853,10.271544,8.913544,9.227019,10.229977,12.830151,8.098599,8.266021,12.4725,11.325266,13.924593,11.263573,16.961855,15.220911,21.379622,22.607645,26.106789,28.79416,31.6604,32.92235,31.23107,29.842033,26.64609,23.698013,22.281244,18.137796,15.720263,13.734445,13.480598,15.291291,15.569891,16.933376,19.91858,21.2414,25.140345
13,36.361763,35.807716,30.933752,30.482668,26.764532,24.20638,21.18802,17.324156,13.962133,12.036381,8.235109,8.743427,4.8049,0.0,6.36851,8.372977,11.679,14.22543,17.836744,20.098297,24.672548,26.04152,28.412724,28.43719,29.25966,26.28876,22.492348,23.219915,17.232016,19.100279,13.850475,17.153776,13.1430235,17.898588,17.22795,20.401518,21.91188,21.988968,20.816278,17.755507,20.145998,15.416659,19.41881,17.52079,21.61465,20.424067,28.132925,28.04454,24.039816,24.986895,20.682299,23.916426,22.460312,17.654314,17.212427,19.468832,14.458711,12.040426,13.099267,9.436574,11.298735,12.804936,14.123623,17.688034,17.76006,24.00023,22.820284,26.347387,27.347065,26.913832,23.7528,21.480007,16.687288,13.98207,11.726064,8.81896,6.3782043,5.1150894,5.4900002,8.661438,5.6890945,6.3348145,10.695476,10.18464,13.617032,11.386242,17.16943,15.893116,21.48067,23.148119,26.243017,29.376806,32.017952,33.37381,31.62938,30.672052,26.845343,24.982069,22.898752,19.681467,17.330006,15.353749,16.412083,18.082043,19.62289,20.042059,23.640545,24.596296,28.720274
14,32.893,31.703234,27.256027,25.914133,22.184645,19.523993,16.649609,12.140274,10.065723,7.3883424,7.0121593,4.6985917,5.591468,6.36851,0.0,4.8329945,5.9449735,9.651693,11.96307,15.154475,19.456692,20.97631,23.918503,24.171907,24.932875,22.980715,18.707422,20.692398,14.486063,18.689123,14.206174,18.68737,16.861897,21.388304,21.50889,25.23906,25.94121,25.74407,23.093262,20.420328,21.365414,16.688004,18.683636,15.800885,19.234999,17.049038,24.622227,23.915619,19.587507,21.654217,18.262499,21.789528,21.388195,17.403898,17.973597,21.287941,16.989176,13.333444,15.487979,11.064547,10.246472,10.844215,9.8305,12.956863,12.053954,18.404726,16.615284,20.167141,21.517788,21.044239,17.79047,16.102575,10.801912,9.355822,6.232578,6.2354784,5.2955394,8.250225,10.809267,13.320903,8.993621,11.878799,15.369473,12.943562,15.083477,11.233828,16.982096,13.53926,19.034071,19.718721,22.886238,25.566465,28.055805,29.96967,28.71184,27.71739,24.736298,22.015934,21.412983,17.250517,16.395025,15.454263,15.404911,16.077173,16.853556,16.262371,19.44045,19.541632,23.482855
15,28.838068,27.988798,23.317509,22.38751,18.843504,15.93098,12.903816,9.879316,6.49733,6.176718,6.023191,7.508635,7.7757053,8.372977,4.8329945,0.0,4.534029,5.9001102,10.193288,11.836163,16.386513,17.988323,20.246794,20.745358,22.090626,19.466007,15.209389,16.695751,10.401812,14.206153,10.296647,14.676743,14.397265,18.39827,19.272795,23.291023,23.197033,22.941376,19.372013,17.257492,17.491552,13.323186,14.946134,12.4139185,16.017162,14.299565,21.94917,21.799852,18.043518,20.07099,16.40072,19.147749,18.339746,15.429968,15.4659195,19.576914,15.225062,11.786425,15.850828,11.942018,11.895929,9.90458,10.135331,12.151012,12.574203,17.460909,16.577223,19.450191,20.379133,19.360657,16.195736,14.084884,9.79968,6.903292,6.879937,4.267119,8.190088,8.331322,11.839026,12.684729,7.544437,11.955845,13.864027,10.177594,11.341288,7.0136595,12.434522,8.734239,14.323968,15.290971,18.578615,21.390896,24.089405,25.611666,24.142445,23.115036,19.962255,17.441587,16.61297,12.703504,12.201115,11.822768,12.424846,12.553635,14.923396,13.092335,17.132273,17.32496,21.674105
16,27.641794,26.14066,21.968342,20.156834,16.519657,13.756828,11.014696,6.6597943,5.796905,4.3310905,8.03604,6.9885306,9.901182,11.679,5.9449735,4.534029,0.0,4.8332605,6.1612906,9.719506,13.763675,15.698002,18.608187,19.4689,20.73679,19.316029,14.714988,17.465565,11.492431,16.900639,13.899257,18.377394,18.862955,22.618979,23.746155,27.793722,27.515827,27.246601,23.2335,21.377708,20.978931,17.07241,17.35701,14.246262,16.94501,14.331333,21.467047,20.634653,16.596525,19.706602,17.106775,20.055372,20.194668,17.864347,18.631742,22.927021,19.122805,15.3012,19.023746,14.879228,13.349589,11.556727,9.477667,10.691341,9.684578,14.527231,12.62502,15.523826,17.058487,15.9340515,12.561983,11.50397,6.491721,6.1724534,5.4594717,7.08105,10.06691,12.289106,15.696225,17.037659,12.012393,15.955633,18.20273,14.466074,15.072495,10.576578,15.157506,10.154864,15.17581,15.003381,18.308472,20.49001,23.022861,25.048693,24.069214,22.934965,20.77128,17.308102,17.990576,13.271416,13.998136,14.271899,13.586476,13.00805,13.93724,11.602813,14.781027,14.1500635,18.205215
17,24.473825,23.277294,18.985601,17.328928,14.19438,10.597978,7.640367,6.9427805,5.2732506,7.4589834,10.422132,11.475449,13.2987385,14.22543,9.651693,5.9001102,4.8332605,0.0,6.219736,5.9525666,10.526856,12.214478,14.462188,15.305125,17.054096,14.995249,10.429417,12.905627,7.1630077,12.9993105,11.198174,15.808579,17.78797,21.071964,22.524195,26.782337,25.879318,25.298208,20.519972,19.113813,17.726122,14.520835,13.619479,10.742851,13.124205,10.920243,17.874025,17.627007,14.34393,17.25846,14.609938,16.676407,16.68137,15.681996,16.237192,21.077948,17.76547,14.230328,19.171204,15.680517,14.620961,10.817795,10.023696,9.805824,10.747397,13.365963,13.16923,15.106367,15.731378,14.195962,11.227135,9.191329,6.5544043,4.3042502,7.60423,7.243651,12.590505,13.278128,17.147259,17.27531,12.605508,17.474201,18.414644,13.939537,13.525876,9.118485,12.275121,6.449606,10.495717,10.292132,13.544688,15.95924,18.563713,20.43015,19.385923,18.46166,16.152565,13.224611,14.042275,9.997161,12.003114,13.234788,13.451092,12.010206,14.825511,10.594032,14.67183,13.689584,18.032522
18,23.896564,21.68246,18.314386,15.356664,12.017401,9.348782,7.5020647,4.1461835,7.467112,7.751333,13.031085,11.967863,15.680435,17.836744,11.96307,10.193288,6.1612906,6.219736,0.0,6.445529,8.863235,11.424979,14.610975,16.276205,17.888708,17.84889,13.274197,17.120338,12.486182,18.767374,17.41243,21.604744,23.664192,26.78734,28.498856,32.662064,31.751856,31.395506,26.500408,25.30145,23.808416,20.732422,19.306187,16.13777,17.485348,14.410807,20.061285,18.770681,15.240026,19.53223,18.367035,20.69301,21.699778,20.92001,22.065842,26.782692,23.673273,19.844332,24.022781,20.12641,17.889944,15.216354,12.106077,11.151972,9.563091,11.5689945,9.10054,10.763091,12.848762,10.909788,7.4710917,8.482814,5.4668536,8.183975,9.2540455,12.121186,15.68469,18.107521,21.71149,22.67281,17.66452,21.796095,23.494026,19.276968,18.835638,14.474522,17.344759,11.475421,14.71012,13.026573,16.067871,17.177029,19.471525,21.887548,21.549387,20.32464,19.630789,15.293029,17.964584,13.036799,15.65026,17.04603,15.588755,13.767795,14.018783,9.928485,11.950117,9.618919,13.283794
19,21.397076,19.68466,16.250027,13.408485,11.287145,6.8246317,5.0218906,8.465616,9.417114,12.066481,16.010862,16.612402,19.1002,20.098297,15.154475,11.836163,9.719506,5.9525666,6.445529,0.0,4.711064,6.4088197,8.904755,10.242573,12.4572525,11.71251,7.2932825,11.174313,8.053332,14.642647,14.819709,19.175194,22.465061,25.213663,26.913136,31.245903,29.823263,28.950638,23.485424,22.628876,20.037722,17.846626,14.79337,12.021509,12.384769,9.851749,14.72533,14.235321,11.918338,15.7352915,14.726763,15.8458,16.912214,17.80383,18.864727,23.889963,21.647003,18.23929,23.343456,20.273167,18.539541,14.059476,12.522382,10.154079,11.400543,10.4270735,11.371045,11.658581,11.664804,9.431059,7.2327385,5.717098,7.2515125,7.40403,11.425465,12.396984,17.677076,18.746618,22.718573,22.528088,18.292955,23.322569,23.804588,19.093445,17.885258,13.97212,15.172708,9.182221,9.640237,7.3416734,9.821178,11.28328,13.487035,16.04897,15.815918,15.197733,14.3556795,11.327289,14.27001,10.991695,14.976392,17.199594,17.108732,14.675484,17.329842,11.55597,14.768528,12.297292,16.036041
20,19.284061,16.954962,14.640768,10.628539,9.69114,5.6624613,6.235944,10.841026,13.073586,15.635728,20.089653,20.41621,23.355993,24.672548,19.456692,16.386513,13.763675,10.526856,8.863235,4.711064,0.0,3.6866603,6.1065645,8.704157,11.347962,12.332627,9.018811,13.138066,11.954212,17.971058,19.057072,22.917059,26.84505,29.190937,31.181152,35.481937,33.739296,32.86115,27.058134,26.628143,23.543686,21.960293,18.170883,15.71036,14.990354,12.561107,15.114722,14.294412,13.004404,17.325953,17.580673,18.077879,19.736397,21.564085,22.795692,27.801788,25.99196,22.680933,27.742645,24.77111,22.701788,18.272266,16.238106,13.167741,13.907377,10.625934,11.707054,10.290674,10.165017,7.036914,6.2369833,7.0094686,10.393845,11.8282,15.437658,17.055346,22.09634,23.448654,27.418907,27.205555,22.940674,27.88292,28.250572,23.473959,21.886776,18.234756,18.579521,12.962013,11.88786,8.440205,9.771177,9.489058,11.116358,14.152526,14.781256,14.222777,15.0981655,11.769684,16.193539,13.355468,18.021616,20.640646,20.083197,17.210772,19.257143,13.118121,15.115906,11.686832,14.414364
21,21.399689,19.235453,17.268272,13.314061,13.074407,8.99453,9.360003,13.982036,15.72631,18.23733,22.408525,22.58142,25.321568,26.04152,20.97631,17.988323,15.698002,12.214478,11.424979,6.4088197,3.6866603,0.0,4.8389044,5.6188655,7.7217665,9.696189,7.231367,11.684913,11.875062,18.195675,19.500505,23.880796,27.66885,30.242887,31.759346,36.133766,34.496666,33.21298,27.53344,26.857046,23.466187,21.978386,17.342808,14.861953,13.16313,10.773,11.822335,10.923237,10.446272,14.581643,15.614161,15.712028,17.971098,20.370058,21.987276,26.78605,25.7178,22.468288,27.348751,24.779915,22.535425,17.847506,16.032118,12.381036,13.988667,9.23323,12.1084385,10.369672,8.729748,6.3725214,6.978199,6.244033,11.284143,12.37211,16.227049,17.797821,22.827438,24.205284,28.211567,27.831104,24.203108,29.441938,29.688704,24.931664,23.47659,19.904484,20.163534,14.694881,12.537582,9.165738,9.101076,8.931697,9.481502,13.41113,14.53791,14.81635,15.503403,13.6296015,17.647997,15.738962,20.414772,23.016644,22.989464,20.21308,22.708565,16.547739,18.791035,15.342415,17.850483
22,18.030256,16.446323,14.676789,11.485933,12.400545,8.799883,9.902082,16.135052,17.244965,20.578613,24.243814,25.457943,27.707962,28.412724,23.918503,20.246794,18.608187,14.462188,14.610975,8.904755,6.1065645,4.8389044,0.0,4.651526,8.735294,9.267034,8.29336,10.900215,12.761344,17.246628,19.876455,23.161903,28.004982,29.743483,31.773148,35.997917,33.775574,32.545856,26.442207,26.544003,22.58357,22.201963,17.264156,15.840802,13.928666,12.85976,12.847291,13.226143,14.040852,17.158314,17.800907,16.695057,18.280407,21.830921,22.793283,27.697914,26.75105,24.100857,29.567646,27.35274,25.79768,20.565405,19.776077,16.346992,18.470875,13.984193,16.832949,14.907913,13.296053,10.793665,11.477045,10.717882,15.313838,15.388323,19.826096,20.272495,25.928055,26.322178,30.321554,29.29003,25.721933,30.951378,30.415527,25.553926,23.424515,20.5437,19.373184,14.852582,10.957546,7.36098,5.97963,4.316834,5.0214486,8.621363,10.006432,10.525082,12.144963,11.060285,15.446323,14.841711,19.895905,22.901628,23.20937,20.16092,23.461039,16.980312,19.389389,16.436396,18.862228
23,22.397453,21.0257,19.152443,16.116463,16.710575,12.643282,12.935706,18.510866,19.155401,22.2136,25.554798,26.454828,28.45695,28.43719,24.171907,20.745358,19.4689,15.305125,16.276205,10.242573,8.704157,5.6188655,4.651526,0.0,4.379256,5.566161,6.250386,8.92097,12.078732,17.058384,19.430803,23.575336,27.787682,30.034798,31.282063,35.582382,33.71416,31.984121,26.298922,25.827034,21.779222,21.198395,15.50351,13.958922,10.99088,10.126609,8.304877,9.026463,10.871264,13.20054,14.492559,12.960789,15.254417,19.21168,20.670149,25.203968,25.103477,22.50218,27.573727,25.834276,24.136942,18.80107,18.373611,14.661592,17.674946,12.632663,16.898949,15.266673,12.528294,11.191996,12.318977,10.066928,15.35777,14.967058,19.433102,19.799314,25.238731,25.708178,29.667513,28.557154,25.8009,31.292442,30.796705,26.078947,24.370607,21.454418,20.721401,16.244238,12.077608,9.303852,6.914831,7.040713,6.065316,10.420667,11.903359,13.408145,13.749884,14.296665,17.512138,17.451061,22.133032,24.871653,25.745544,22.992758,26.617672,20.265387,23.119377,20.12956,22.75279
24,26.663927,25.071201,23.360699,19.965954,20.350363,16.1617,16.156364,20.792646,21.549627,24.048922,27.41312,27.616873,29.706503,29.25966,24.932875,22.090626,20.73679,17.054096,17.888708,12.4572525,11.347962,7.7217665,8.735294,4.379256,0.0,6.093775,7.610425,10.590041,13.695351,19.35393,21.02304,25.969687,29.346636,32.180584,32.721775,37.07486,35.664055,33.598324,28.417984,27.316984,23.493671,22.405272,16.477947,14.493153,10.832846,9.554774,5.244959,5.063708,8.189528,10.091026,12.802295,11.48608,14.8805685,18.563118,20.751408,24.773207,25.379438,22.613966,26.941881,25.463732,23.281832,18.32932,17.616896,13.650747,16.910517,11.176145,16.42899,14.905807,11.302334,11.269191,12.924863,10.146969,15.721359,15.613837,19.546318,20.45417,25.247932,26.274834,30.134872,29.287935,27.104671,32.6735,32.537464,28.016113,26.819344,23.687069,23.679531,19.012154,15.411456,13.05994,10.866115,11.380332,9.841094,14.301412,15.926114,17.68583,17.587685,18.424936,21.211447,20.975594,25.360426,27.823969,28.789806,26.257322,29.6251,23.479715,26.283583,23.030365,25.5339
25,25.61754,24.932001,22.20457,20.100422,20.062756,15.628672,14.923975,19.978024,19.345764,22.426632,24.72105,26.050093,27.191647,26.28876,22.980715,19.466007,19.316029,14.995249,17.84889,11.71251,12.332627,9.696189,9.267034,5.566161,6.093775,0.0,4.671126,4.7709155,9.55051,13.763929,16.02673,20.576529,24.234089,26.719261,27.27026,31.52977,29.926378,27.77087,22.573063,21.657887,17.587217,17.060223,10.856044,9.813114,6.0946345,6.9245896,5.4923763,8.187812,10.131002,10.296895,10.411937,7.8541465,9.827981,14.446745,15.815436,20.067236,20.589083,18.45269,23.470387,22.43033,21.373306,15.706194,16.783552,13.6382265,17.842127,14.223782,18.977537,18.424732,15.516234,14.913415,15.302271,11.456762,15.855734,13.864246,18.510033,17.639698,23.109085,22.78317,26.559675,24.983297,23.217863,28.808493,27.959091,23.523325,22.12974,19.621796,18.981195,15.286383,10.969201,9.8974,7.5215635,9.929106,9.610457,12.625555,13.040974,14.947412,13.202308,15.451798,16.793177,17.628143,21.53967,23.899004,25.680775,23.392998,27.844069,21.840767,25.570814,23.218195,26.504442
26,24.287035,23.274408,20.074022,17.757065,16.899881,12.253113,11.021015,15.443674,14.930062,17.830963,20.4373,21.533424,22.971434,22.492348,18.707422,15.209389,14.714988,10.429417,13.274197,7.2932825,9.018811,7.231367,8.29336,6.250386,7.610425,4.671126,0.0,5.1103444,6.137827,12.409464,13.662876,18.672594,22.031816,24.871084,25.690784,30.083527,28.665188,26.921368,21.636278,20.500977,17.026724,15.514618,10.306555,7.999716,6.068434,4.7436604,8.195435,9.18807,8.7507515,10.603849,9.777309,9.266327,10.8265705,13.622054,15.015956,19.782875,19.141071,16.335312,21.538141,19.713327,18.401463,12.825353,13.225879,10.200021,14.009404,11.418994,15.328839,15.304025,13.167258,12.186415,11.689292,7.652862,11.450975,9.516639,14.299611,13.800905,19.398724,19.514994,23.451746,22.357294,19.80096,25.361212,25.020584,20.437098,19.235819,16.113003,16.340899,11.66719,8.863901,7.467701,7.0969343,9.860011,10.850634,13.853062,13.832755,14.748749,12.852881,13.319375,14.944991,14.392748,18.244032,20.47938,21.840006,19.615227,23.647734,17.812452,21.576939,19.288755,22.835962
27,24.675734,24.56273,20.994265,19.892504,19.280634,14.929427,13.599646,18.467684,16.75946,20.17811,21.605202,23.816809,24.261368,23.219915,20.692398,16.695751,17.465565,12.905627,17.120338,11.174313,13.138066,11.684913,10.900215,8.92097,10.590041,4.7709155,5.1103444,0.0,6.294204,8.997824,11.677552,15.836572,19.786922,21.996536,22.788382,27.016775,25.245543,23.23678,17.86698,17.141758,13.014975,12.750834,6.7807217,6.676655,4.798957,7.0162253,9.543809,12.148282,12.691042,12.607576,10.512872,8.236018,7.866584,12.25708,12.570106,17.269636,17.046173,15.319954,21.005644,20.013752,19.88604,13.953845,16.17079,13.967026,18.243486,16.38182,20.274101,20.398754,18.219715,17.196684,16.653994,12.64918,15.606404,12.390749,17.289654,15.0542,20.972206,19.596573,23.290558,21.248808,19.487883,24.981897,23.657368,19.249838,17.677883,15.624392,14.5850725,11.699645,7.3492494,7.890272,6.670132,10.389319,11.51283,13.0856905,12.236854,13.631804,10.302313,13.0666275,13.002182,14.365076,17.687168,19.88444,22.19609,20.183044,25.287321,19.649666,23.972069,22.419352,26.218742
28,25.068106,24.62494,20.367933,19.242292,17.32727,13.005092,10.611474,13.554919,11.209254,14.2333355,15.471074,17.57895,18.004675,17.232016,14.486063,10.401812,11.492431,7.1630077,12.486182,8.053332,11.954212,11.875062,12.761344,12.078732,13.695351,9.55051,6.137827,6.294204,0.0,7.8554115,7.740672,13.155616,16.047121,19.104984,19.981455,24.397617,23.154396,21.69726,16.618746,15.19258,12.500245,10.16103,6.8989053,4.5064826,6.730517,6.461966,13.118172,14.301868,12.510168,13.577154,10.201905,10.69976,9.986621,10.844728,11.100893,16.274632,14.254838,11.53706,17.430922,15.410646,15.28127,9.608503,11.633568,10.527243,14.156747,14.677963,17.116991,18.30675,17.222256,16.095016,14.329804,10.402966,11.035126,6.909751,11.747149,9.077781,15.2773905,14.142117,18.040216,16.639725,13.892454,19.438902,18.885466,14.326699,13.367679,10.284051,11.238597,7.0006413,6.780863,7.8544583,9.6188755,13.205696,15.355554,16.995216,15.752019,15.888061,12.3149,12.500057,12.036545,11.164024,13.657378,15.316678,17.338018,15.765945,20.43361,15.496648,20.089157,18.995903,23.233648
29,25.089428,26.004026,21.242968,22.088163,20.50219,17.104454,14.982353,18.371798,14.62911,18.243254,17.404928,21.504665,20.30564,19.100279,18.689123,14.206153,16.900639,12.9993105,18.767374,14.642647,17.971058,18.195675,17.246628,17.058384,19.35393,13.763929,12.409464,8.997824,7.8554115,0.0,5.5453563,6.911061,12.037752,13.180804,14.924508,18.96724,16.685915,15.305746,9.372664,9.523685,5.7874293,6.724921,6.0313616,8.365653,10.996644,13.1390705,18.186989,20.526688,19.74334,19.551191,15.441281,14.37419,11.185422,12.893508,10.563655,15.234206,12.860615,12.572775,18.922586,18.067621,19.91485,14.687705,18.381289,18.09032,21.687056,22.475582,24.772537,25.833122,24.790546,23.319117,21.624777,18.095074,18.413443,13.956323,18.106596,13.506639,19.372168,15.691853,18.768726,15.700435,13.973961,18.708956,16.081314,11.960212,9.792024,9.686878,7.2417855,8.348017,6.9574823,10.602915,11.916906,15.632572,18.129824,17.751621,15.277189,15.304972,9.970593,12.565279,8.643207,11.089289,11.87272,13.285116,16.915192,15.8773,22.028593,17.910973,22.950329,23.14964,27.523113
30,28.669832,29.09558,24.140713,24.468784,22.080996,18.578705,15.858747,17.159101,12.932678,15.470659,13.746007,17.495996,15.714621,13.850475,14.206174,10.296647,13.899257,11.198174,17.41243,14.819709,19.057072,19.500505,19.876455,19.430803,21.02304,16.02673,13.662876,11.677552,7.740672,5.5453563,0.0,6.8662534,8.378797,11.746103,12.278283,16.689342,15.713629,14.419343,10.148949,7.9908004,7.2335653,3.6147387,6.8558097,7.4161606,11.603205,12.796978,19.41906,21.085865,19.147707,18.945202,14.109175,14.660524,11.644218,10.355171,8.040971,12.625525,8.7741375,7.81995,14.10998,12.878724,15.216409,10.789008,14.96864,15.862341,19.099392,21.577389,23.247707,25.164751,24.51321,23.472816,21.259287,17.567112,16.350878,11.45969,14.4973135,9.067723,14.310617,10.17668,13.248914,10.442525,8.832985,13.878491,12.069348,8.068019,7.7760825,6.749109,8.113992,8.309647,10.431021,13.478929,15.524926,19.297886,21.797874,22.23231,20.061977,19.853178,14.917347,15.88728,12.423731,12.577974,12.04161,12.246457,15.8181505,15.621261,21.022064,17.898546,22.954136,23.30682,27.862314
31,27.618101,28.986912,23.776468,25.610147,23.397089,20.891438,18.517803,20.156265,15.500087,18.48438,15.677478,20.89592,18.345497,17.153776,18.68737,14.676743,18.377394,15.808579,21.604744,19.175194,22.917059,23.880796,23.161903,23.575336,25.969687,20.576529,18.672594,15.836572,13.155616,6.911061,6.8662534,0.0,7.242435,6.611292,9.974176,13.5464115,10.916742,10.837439,5.352489,6.647267,6.686633,7.546388,11.624501,13.630618,17.214891,18.92473,24.80187,26.882227,25.41748,25.31106,20.62494,20.347952,16.73352,16.477245,13.23081,16.76286,12.770475,13.609826,19.240253,18.42776,21.457823,17.561836,21.503624,22.35655,25.205986,27.503658,28.76285,30.385141,30.028448,28.435678,26.1775,23.095718,21.904425,17.394083,20.331959,14.931669,19.642925,14.608816,16.604364,13.057752,11.485614,14.572517,10.666261,7.5625153,5.0987587,8.187311,5.71286,10.560975,12.284171,15.952751,18.089104,21.473455,24.370481,23.448507,20.570965,19.83767,14.671786,16.007668,10.740376,12.538255,10.24813,10.017395,14.548831,14.843029,20.97266,18.778303,23.777992,25.208364,29.689075
32,34.161884,35.111156,29.838322,31.074467,28.313648,25.552044,22.754597,22.583418,17.767796,19.225224,15.087387,19.567535,15.78701,13.1430235,16.861897,14.397265,18.862955,17.78797,23.664192,22.465061,26.84505,27.66885,28.004982,27.787682,29.346636,24.234089,22.031816,19.786922,16.047121,12.037752,8.378797,7.242435,0.0,5.750257,4.935883,9.020384,9.265755,9.016267,8.449074,5.7284756,9.828289,7.6299477,14.015594,15.230042,19.43504,20.755367,27.37513,29.063969,26.846153,26.19582,20.971268,21.804407,18.17852,15.415304,12.137288,14.014772,8.894087,10.610173,14.44137,14.172807,18.304646,16.176508,20.645191,22.719519,25.286554,29.082832,30.00748,32.449738,32.233253,31.251581,28.699953,25.307451,22.946377,18.27849,19.66656,13.874189,16.439587,10.426052,10.922584,6.8397856,8.021559,9.694298,5.7959766,5.714539,7.6240964,9.938589,11.531722,14.649975,17.83123,21.186377,23.437006,27.09681,29.789566,29.619152,27.023407,26.476034,21.31106,22.19435,17.520277,17.855265,14.830872,13.165791,17.282297,18.61289,23.571339,22.567034,27.409616,28.867628,33.435795
33,33.113205,34.737656,29.443205,31.652594,29.189774,27.016731,24.53428,25.072273,20.177353,22.256104,18.058214,23.377224,19.638378,17.898588,21.388304,18.39827,22.618979,21.071964,26.78734,25.213663,29.190937,30.242887,29.743483,30.034798,32.180584,26.719261,24.871084,21.996536,19.104984,13.180804,11.746103,6.611292,5.750257,0.0,5.6823297,7.7580066,5.2184772,6.9323525,6.1958365,7.1409116,10.52411,11.129755,16.796282,18.859915,22.710257,24.471224,30.552786,32.622406,30.891144,30.352406,25.283566,25.33481,21.37095,19.940857,16.2791,18.14362,13.813795,15.944717,20.034538,19.905432,23.908653,21.289528,25.602272,27.23814,29.82977,33.05248,33.967564,36.02399,35.85659,34.444378,31.973106,28.872232,26.936432,22.380823,24.328312,18.6395,21.77015,15.90797,16.313313,12.433034,12.699384,13.322181,8.202429,8.600871,8.271709,12.375434,11.428567,16.459988,18.890226,22.529041,24.68328,28.071745,30.947294,29.880013,26.895643,26.103233,20.97306,22.238356,16.791977,18.271017,14.68013,13.054997,17.50954,18.902536,24.334852,23.63371,28.374382,30.396948,34.854736
34,37.56531,38.887825,33.63639,35.2127,32.684242,29.928886,27.235947,27.456432,22.62703,24.14938,19.853748,24.277264,20.222141,17.22795,21.50889,19.272795,23.746155,22.524195,28.498856,26.913136,31.181152,31.759346,31.773148,31.282063,32.721775,27.27026,25.690784,22.788382,19.981455,14.924508,12.278283,9.974176,4.935883,5.6823297,0.0,4.460119,5.7991314,5.073426,8.264692,5.953587,10.917793,10.337915,16.551775,18.51797,22.374252,24.267698,30.278364,32.3241,30.499678,29.187885,23.892267,24.233673,20.170048,17.671568,13.981269,14.339894,10.36088,13.547663,16.27535,17.203768,21.760805,19.878048,24.779207,26.834997,29.718975,33.315575,34.610382,37.003296,36.521156,35.64141,33.24875,29.619246,27.577295,22.781881,24.218685,18.401203,20.502815,14.393197,13.990656,9.680636,12.645274,13.152243,8.882997,10.408046,11.777124,14.718005,15.254636,19.074333,21.395622,24.967726,26.787848,30.504427,33.025574,32.52655,29.798187,29.488844,24.092918,25.853134,20.702517,21.975542,18.887756,17.231232,21.52585,22.938717,28.061543,27.160286,32.019493,33.581833,38.144173
35,40.75924,42.348507,37.071503,39.01293,36.488304,33.97222,31.325068,31.394756,26.509098,27.878574,23.206093,27.711603,23.324327,20.401518,25.23906,23.291023,27.793722,26.782337,32.662064,31.245903,35.481937,36.133766,35.997917,35.582382,37.07486,31.52977,30.083527,27.016775,24.397617,18.96724,16.689342,13.5464115,9.020384,7.7580066,4.460119,0.0,4.860757,5.564828,11.040043,9.919332,14.628147,14.720699,20.784826,22.925238,26.68979,28.692709,34.55126,36.687675,34.92121,33.465374,28.161753,28.398676,24.226137,21.766603,18.065662,17.65879,14.249737,17.691084,19.56821,20.833872,25.575098,24.137417,29.021294,31.218391,33.996735,37.75347,38.936417,41.384342,40.96683,40.056633,37.622715,34.058537,31.893856,27.1549,28.377018,22.61645,24.197659,18.106668,16.994186,13.069339,16.309359,15.559775,11.254469,13.929177,15.228452,18.612501,18.818768,23.142147,25.43958,29.085485,30.877323,34.5286,37.07889,36.29544,33.435345,33.062695,27.683195,29.549593,24.151077,25.65043,22.152508,20.224691,24.438612,26.15241,31.099958,30.747183,35.478333,37.36052,41.881004
36,37.11835,39.050346,33.84792,36.253143,34.02701,31.76781,29.358692,30.202782,25.318783,27.362522,23.051493,28.171753,24.172197,21.91188,25.94121,23.197033,27.515827,25.879318,31.751856,29.823263,33.739296,34.496666,33.775574,33.71416,35.664055,29.926378,28.665188,25.245543,23.154396,16.685915,15.713629,10.916742,9.265755,5.2184772,5.7991314,4.860757,0.0,3.919425,7.7503014,8.846639,12.537313,14.087542,19.60129,22.209272,25.761364,28.00832,33.538578,35.920883,34.53183,33.34505,28.203463,27.863321,23.560606,22.277063,18.351496,18.957098,15.615624,18.768425,22.00335,22.82442,27.223576,24.821527,29.593943,31.267866,34.191826,37.28298,38.588444,40.639744,40.186646,38.92847,36.61267,33.22051,31.547985,26.812237,28.755634,22.941095,25.658827,19.582289,19.353123,15.200077,17.026276,17.069841,12.042915,13.493364,13.459979,17.446682,16.185331,21.28827,22.941807,26.700644,28.390463,31.839458,34.48081,33.179813,30.141027,29.659262,24.375988,26.518478,20.844196,23.078358,19.690783,18.167725,22.59821,23.997433,29.457994,28.75895,33.50658,35.511196,39.963203
