,0,1,2,3,4,5,6,7,8,9,10,11,12,13,14,15,16,17,18,19,20,21,22,23,24,25,26,27,28,29,30,31,32,33,34,35,36,37,38,39,40,41,42,43,44,45,46,47,48,49,50,51,52,53,54,55,56,57,58,59,60,61,62,63,64,65,66,67,68,69,70,71,72,73,74,75,76,77,78,79,80,81,82,83,84,85,86,87,88,89,90,91,92,93,94,95,96,97,98,99,100,101,102,103,104,105,106,107,108,109,110,111
0,0.0,4.3738484,7.786451,9.7114725,12.309811,15.656012,17.40456,23.154707,24.865412,27.779865,32.09848,34.411903,35.20697,30.656584,25.689543,24.67307,20.62445,21.309122,13.812607,15.913619,12.7855015,13.692866,12.504037,15.413238,18.014914,16.914682,19.10164,17.881737,22.197351,18.99005,27.116407,22.369986,29.224266,28.020401,29.978952,32.981205,30.705338,29.640392,25.999947,23.576912,26.616955,22.902912,27.126738,25.857225,21.125858,24.633638,20.141493,23.163702,21.595346,23.561836,26.075056,26.589779,31.3758,33.414745,34.057434,30.286728,30.795994,32.127605,36.67969,36.181957,32.56728,31.010674,36.365597,37.06119,40.570553,36.150036,33.427418,38.945248,35.662567,32.454994,33.609787,34.353058,31.721165,28.443188,29.66822,29.350086,32.02696,35.299305,35.643414,40.625263,37.727974,42.529537,42.15696,37.927696,34.21234,30.969603,28.68362,24.456263,20.891895,18.760584,16.509674,15.446048,12.318569,12.408657,14.859538,16.2955,19.561394,18.127296,23.646101,24.416048,27.405523,29.77032,31.446358,36.45475,39.926254,40.397076,38.43179,39.354404,35.647297,36.433693,32.61653,34.475258
1,4.3738484,0.0,4.724184,6.4160433,8.272081,12.131386,13.476179,19.04844,20.985134,23.612198,28.08349,30.456371,31.543045,27.149172,22.040157,21.080723,17.148678,17.912693,11.171236,13.379973,11.457765,12.175966,12.384733,15.04978,16.948105,16.066004,17.126566,15.653819,19.476168,16.300777,24.109106,19.31866,26.219538,24.730478,27.135555,29.894077,28.036171,27.232828,23.236927,20.666498,24.171469,20.562073,24.584126,23.436203,19.324305,22.52507,18.915071,21.763777,20.96343,22.212694,24.340715,24.405993,29.353254,30.872793,31.99992,28.429075,28.283287,29.602959,34.03478,33.43668,29.77959,27.951206,33.053474,33.526344,37.01662,32.729504,29.708286,35.056496,31.650354,28.38925,29.35196,30.046148,27.363255,24.14717,25.356367,25.209093,27.95869,31.287956,31.868996,36.89369,34.164284,39.15288,38.822445,34.73672,30.886839,27.5655,25.495483,20.86826,17.317959,14.777229,12.432893,11.747497,8.464139,9.962657,12.935646,13.896638,16.951674,15.281256,20.468779,20.89561,23.800907,26.249874,28.323776,33.199013,36.789127,37.282307,35.215378,36.59377,32.57622,33.663124,29.918234,31.710644
2,7.786451,4.724184,0.0,5.027655,7.179529,8.572456,12.19395,16.28352,18.84402,21.574305,25.73686,28.682482,30.247152,26.571053,21.356146,21.28554,17.690222,19.159105,13.822416,16.431828,15.485416,16.129402,16.91401,19.39318,20.94775,20.003902,20.223688,18.188486,21.227974,17.626354,24.466322,19.173534,25.529928,23.09114,25.625576,27.746716,25.71481,25.514452,21.430107,19.309954,23.69837,20.934698,24.934275,24.572836,21.2257,24.634478,21.849754,25.071785,24.856813,25.862383,27.64379,27.144045,32.146698,33.059685,34.51576,31.080315,30.217316,31.147587,35.63511,34.4408,30.558586,29.040016,33.798653,34.158062,37.34456,32.856636,29.904726,34.92169,30.885523,27.691544,27.914593,28.864471,25.711449,23.205948,24.146027,25.038115,27.706268,31.32376,32.51821,37.584198,35.280693,40.539253,40.24919,36.40576,32.4343,28.979202,27.38034,22.127024,18.839031,15.51561,12.848289,12.375021,7.674119,11.613545,15.085732,16.181625,19.074467,17.68815,22.225237,22.358173,25.028217,27.501793,30.066404,34.738277,38.460247,39.07176,36.900497,38.871304,34.42923,35.79785,32.076866,33.502132
3,9.7114725,6.4160433,5.027655,0.0,3.8697193,6.6377125,8.370668,13.9915285,15.327108,18.672333,22.619823,25.110727,26.10047,22.16486,17.079695,17.191345,13.539703,15.578102,10.748413,14.348459,13.953687,15.531853,16.660954,17.971388,19.192186,17.677076,17.192015,14.488674,17.127476,13.111547,19.749075,14.333483,20.733435,18.703455,21.04157,23.600176,21.662533,21.060371,16.985384,14.623912,18.731106,15.925782,19.973396,19.807022,16.694895,20.36411,18.04684,21.847202,22.235826,23.446232,24.921852,23.830286,28.753359,29.43173,30.707455,27.238434,26.155,26.724297,31.408699,29.854212,25.873295,24.825357,29.734179,30.46341,33.431187,28.559698,26.198956,31.47343,27.396193,24.380335,25.170069,26.59475,23.745808,21.04694,23.141478,23.363129,26.893122,30.041538,31.133448,36.08574,33.26685,38.5216,37.6779,33.70047,29.958456,26.216005,25.232775,19.495083,17.146639,13.792226,12.380517,13.403507,9.908855,14.183316,17.425037,17.612568,20.015766,17.673117,21.905966,20.8142,23.311167,24.821634,26.978073,31.830559,35.514717,36.593456,34.73339,37.184364,33.200768,35.03354,31.73636,33.704853
4,12.309811,8.272081,7.179529,3.8697193,0.0,6.1830864,5.2740507,11.234264,12.739998,15.485684,19.854486,22.213158,23.490032,19.526197,14.288089,14.136591,10.686493,12.575639,9.300215,12.448408,13.338435,14.5404215,16.598606,17.638597,18.168055,17.062904,15.605258,13.013564,14.947392,11.451598,17.578894,12.522315,19.021029,16.975513,19.95465,22.32856,21.16999,20.74477,16.31576,13.617343,17.903486,15.031599,18.55364,18.216143,15.865731,18.761555,17.40386,20.546326,21.515194,21.944376,23.037308,21.674356,26.606817,26.862774,28.607334,25.433838,23.834885,24.559822,28.9494,27.5699,23.705944,22.119696,26.72687,27.158213,30.220123,25.684408,22.833078,27.958206,23.96714,20.831812,21.604866,22.84242,20.091518,17.219927,19.411745,19.511227,23.145624,26.227797,27.405962,32.341484,29.63165,34.96166,34.194466,30.363028,26.54168,22.818651,21.989815,16.067436,13.869467,10.25685,9.199815,11.036943,8.554811,13.307673,16.37421,15.956921,17.852888,15.326834,18.92551,17.437107,19.78273,21.346922,23.838211,28.494394,32.234486,33.255478,31.317873,34.04503,29.899921,31.93831,28.792212,30.7422
5,15.656012,12.131386,8.572456,6.6377125,6.1830864,0.0,7.157495,8.790495,11.181918,14.429822,17.82782,21.163359,23.040428,20.455978,15.489747,17.009396,14.478228,17.19367,15.288813,18.549515,19.457094,20.60252,22.491432,23.711985,24.33425,23.072601,21.439602,18.476875,19.59884,15.758973,19.958849,14.453513,19.38585,15.765162,18.62404,19.8879,18.209822,18.795162,14.478455,12.918564,18.383797,17.166302,20.53576,21.473528,20.039154,23.292618,22.549896,26.195803,27.409512,27.944544,28.830667,27.03279,31.82108,31.505808,33.38969,30.366747,28.161722,28.252241,32.67341,30.419548,26.342081,25.544348,29.579037,29.987055,32.438877,27.576267,25.223639,29.730556,24.837517,22.023577,21.616085,23.414644,20.000427,18.536566,20.349443,21.984983,25.378817,28.708216,30.64356,35.479053,33.329655,38.837772,38.071373,34.593212,30.791508,27.033773,26.803152,20.545822,18.840326,14.837009,13.4935665,15.010007,11.362131,17.273787,20.661575,20.71637,22.634302,20.648138,23.658394,22.078823,24.032671,25.463257,28.307707,32.60367,36.37432,37.5726,35.60357,38.902397,34.430744,36.682888,33.58661,35.08546
6,17.40456,13.476179,12.19395,8.370668,5.2740507,7.157495,0.0,7.6961927,7.8010507,10.753649,14.956157,17.012156,18.233995,14.503908,9.247655,9.939932,7.4203467,10.292157,10.682941,13.748323,15.973044,17.37596,20.006927,20.099075,19.864756,18.674706,15.842335,12.830818,12.914345,9.711026,13.508234,8.636335,14.458601,12.204964,15.680113,17.84675,17.499622,17.236784,12.6308365,9.791331,14.3247,12.214748,14.936091,15.248838,14.595537,16.920374,17.35538,20.421122,22.446798,22.405153,22.755957,20.465572,25.095932,24.455873,26.519968,23.745438,21.172426,21.38506,25.626352,23.68414,19.765568,18.465967,22.601221,23.084139,25.747263,21.012693,18.47528,23.438429,19.07908,16.136925,17.025057,18.816927,16.273802,13.672313,16.997671,16.937656,21.292292,23.886312,25.345175,30.027168,27.232094,32.626774,31.442352,27.827969,24.22213,20.307896,20.547852,14.0661125,13.47101,9.873649,10.521446,13.617577,12.404088,17.338629,20.079283,18.984472,20.0803,17.185661,19.47655,16.605194,18.309053,18.833158,21.362951,25.743374,29.467146,30.924189,29.210556,32.80044,28.854311,31.495579,28.923021,31.044249
7,23.154707,19.04844,16.28352,13.9915285,11.234264,8.790495,7.6961927,0.0,5.2032895,6.1072845,9.832299,13.515115,16.634403,15.41038,11.176393,13.516022,13.127173,15.675465,17.998577,20.254366,23.001839,23.719572,26.722227,27.236115,26.719736,25.970993,22.723303,20.016148,19.042625,16.64047,17.419344,13.567184,16.460188,12.200498,16.332846,16.259523,16.777908,18.191994,13.8102045,12.480168,17.85108,17.686918,19.287544,20.630373,21.465384,23.150301,24.659227,27.249798,29.640335,28.930183,28.839222,26.23406,30.505842,28.880322,31.646057,29.51787,25.972033,25.828995,29.354834,26.90995,23.24119,22.020891,24.573824,24.337088,26.30029,22.15585,19.357412,22.719185,17.3956,14.809913,13.289194,15.380671,11.824955,11.613459,13.906673,16.258066,19.850782,22.711685,25.330116,29.718103,28.137321,33.677597,32.878986,30.122751,26.50868,22.973574,23.861458,17.610617,17.42487,13.69264,13.828946,16.565126,15.236126,21.014635,23.78389,22.842167,23.515696,21.48146,22.36869,19.611979,20.526392,21.343727,24.779858,28.082338,31.768461,33.099003,31.169382,35.50547,30.908327,33.810455,31.43286,32.737682
8,24.865412,20.985134,18.84402,15.327108,12.739998,11.181918,7.8010507,5.2032895,0.0,5.0170383,7.440741,10.042903,12.079497,10.728581,6.9959426,10.56903,11.0367155,14.210493,17.695004,20.36788,23.274874,24.622046,27.533949,27.195856,26.475052,25.289043,21.594896,18.520166,16.640411,14.329973,13.164682,9.80715,11.372628,7.149051,11.488361,11.831017,12.977225,13.970143,9.752224,8.433677,13.27564,13.87912,14.806583,16.791689,18.614748,20.197893,22.554169,25.472048,28.363928,27.901236,27.47545,24.291773,28.196657,26.243254,28.707373,26.686085,22.83888,22.059258,25.712233,22.617304,18.850008,18.531178,21.05683,21.429247,22.903826,18.037386,16.445728,20.12586,14.61196,12.539926,12.235882,15.314003,12.758874,12.264995,16.279531,17.21303,21.722479,23.736517,25.991533,30.059568,27.78132,33.125397,31.583258,28.701704,25.547,21.776968,23.478043,17.086685,18.186104,14.9871645,16.304213,19.638983,18.726076,24.13612,26.782318,25.475744,25.976778,23.286184,24.089071,20.3152,20.958145,20.36347,23.040947,26.43751,29.958023,31.90146,30.452229,35.188725,31.334627,34.598072,32.70059,34.584454
9,27.779865,23.612198,21.574305,18.672333,15.485684,14.429822,10.753649,6.1072845,5.0170383,0.0,5.3244276,7.9858823,11.651036,11.302878,8.590732,11.2216015,12.745442,14.89844,19.788513,21.485453,25.074717,25.819761,29.215143,28.966581,27.771658,27.167517,23.04338,20.581602,18.1682,17.005125,15.037582,13.199375,14.160392,10.6816225,15.124544,14.651292,16.900358,18.191933,14.361014,13.104143,17.177017,17.559612,17.676447,19.13165,21.515827,22.029911,25.03183,26.93784,30.078945,28.771065,27.976362,24.790508,28.414484,25.90999,29.040665,27.597683,23.272282,22.83771,25.629278,23.054464,19.867506,18.55359,19.92701,19.434778,20.898315,17.22467,14.485738,17.074594,11.495051,9.299985,7.604762,10.549238,7.8738556,8.399895,12.264135,13.736518,17.908838,19.732136,22.424244,26.239063,24.606108,29.94568,28.754438,26.434149,23.268719,19.913786,21.882755,16.033361,17.484085,14.6919,16.259308,19.630312,19.69409,24.794527,27.062943,25.449987,25.354015,23.018476,22.649431,18.7976,18.83577,18.438513,21.7408,24.31384,27.78039,29.448523,27.827484,32.89203,28.749002,32.161537,30.546598,32.07657
10,32.09848,28.08349,25.73686,22.619823,19.854486,17.82782,14.956157,9.832299,7.440741,5.3244276,0.0,4.7189374,9.105799,11.503528,10.889925,14.500988,16.637894,19.110365,24.268703,26.281689,29.782492,30.80863,34.080795,33.570312,32.376476,31.501076,27.25516,24.550106,21.65175,20.44874,16.64579,15.505115,13.915048,9.991241,13.72807,11.698363,14.899536,16.877108,14.083388,14.02517,17.519989,19.350235,18.736845,21.133436,24.361633,24.91843,28.46733,30.69558,34.10451,32.991714,31.968424,28.403734,31.583887,28.60848,31.571396,30.408443,25.733793,24.56802,27.097715,23.682995,20.703783,20.53889,20.998194,20.77496,21.088257,17.28884,16.117283,17.548405,11.560001,10.933438,8.617069,12.464688,10.575737,12.616069,16.249866,17.92326,21.873232,23.137909,26.007223,29.230446,27.773441,32.802753,31.23006,29.317041,26.66272,23.464674,26.096937,20.507914,22.532122,19.916107,21.557173,24.893875,24.625626,29.955439,32.324505,30.765522,30.665625,28.287434,27.758545,23.647366,23.359701,22.188845,25.03779,27.12552,30.27575,32.344913,31.069344,36.585117,32.806137,36.445286,35.1958,36.716583
11,34.411903,30.456371,28.682482,25.110727,22.213158,21.163359,17.012156,13.515115,10.042903,7.9858823,4.7189374,0.0,5.101098,8.782553,10.307535,13.5717125,16.63289,18.748344,24.969858,26.72516,30.506933,31.683407,35.02268,33.929234,32.3884,31.498987,26.886093,24.374537,20.714277,20.330591,14.803743,15.370802,12.360244,10.217665,13.414542,11.854611,15.990379,17.262653,15.122261,14.902815,16.857948,18.855942,17.159094,19.510546,23.652998,23.44321,27.84012,29.66445,33.471672,32.164467,30.7268,26.836388,29.408302,25.96135,28.899483,28.205412,23.206144,21.707987,23.68527,20.096783,17.617657,17.744905,17.317497,17.261143,16.929415,13.265906,13.025469,13.916969,8.079899,8.6737175,7.892851,12.003625,11.72653,13.221576,17.695433,18.023958,22.354813,22.712687,25.169737,27.874474,26.008406,30.659765,28.555445,26.826723,24.730803,21.694557,25.014444,19.958305,22.943989,21.025278,23.403986,27.043161,27.408262,32.27792,34.375015,32.448612,32.015774,29.33051,28.369312,23.651423,22.948374,20.693417,22.920088,24.577982,27.412815,29.8799,29.031101,34.8617,31.76034,35.65535,34.948967,36.825077
12,35.20697,31.543045,30.247152,26.10047,23.490032,23.040428,18.233995,16.634403,12.079497,11.651036,9.105799,5.101098,0.0,6.0427146,9.862601,13.046324,16.373177,18.581211,24.911829,26.90856,30.50439,32.146027,35.224247,33.52526,31.948565,30.700731,26.054352,23.432585,19.349928,19.215906,12.131607,14.023474,9.125057,9.13495,11.05212,10.485453,14.921023,15.242286,14.041576,13.918267,14.048171,16.579271,13.943076,16.694935,21.549816,21.159363,26.03845,28.062166,32.085087,31.145168,29.539036,25.348326,27.43442,23.916372,26.280382,25.68453,20.709183,18.505053,20.543827,16.201107,13.832811,15.3155775,14.88202,15.872916,14.898858,10.079606,12.22543,13.741636,8.95876,10.260969,11.743939,15.593245,15.971521,16.372522,21.51791,20.66613,25.498573,25.386866,27.191263,29.680792,26.995018,31.281458,28.455568,26.45578,24.899467,21.745766,25.44558,20.58824,24.156607,22.635408,25.460047,29.292107,29.695932,34.29569,36.34828,34.288994,33.904842,30.781094,30.122578,24.978298,24.31346,21.050568,22.207703,24.070124,26.614307,29.644566,29.320059,35.134064,32.85203,36.841343,36.408882,38.81315
13,30.656584,27.149172,26.571053,22.16486,19.526197,20.455978,14.503908,15.41038,10.728581,11.302878,11.503528,8.782553,6.0427146,0.0,5.2825027,7.5899086,10.956335,13.062018,19.424217,21.38975,24.907652,26.726145,29.679018,27.708546,26.10562,24.775248,20.126755,17.538816,13.345784,13.498905,6.272451,9.003317,6.0057244,8.139178,10.557502,12.480394,15.618176,14.7415285,12.628958,11.113036,10.648944,11.619476,8.979008,10.958036,15.750109,15.178823,20.062605,22.043913,26.049513,25.24528,23.754183,19.58743,21.995068,18.972315,21.142252,20.086039,15.343991,13.424746,16.370365,12.4578495,9.210698,10.196973,11.721632,13.310869,13.806987,7.8273354,9.268482,13.351318,9.391611,9.119323,12.532222,15.74458,16.034008,14.616193,20.289053,18.268951,23.619589,23.666962,24.8025,27.789154,24.272217,28.72319,25.798464,22.9759,21.157764,17.563114,20.922579,15.838337,19.492403,18.2855,21.45221,25.372019,26.06435,30.106722,32.003605,29.828249,29.519552,26.070047,25.890034,20.633104,20.346886,16.890627,17.619299,20.483425,23.321714,26.345911,25.987951,31.306545,29.220798,33.0395,32.40018,35.229256
14,25.689543,22.040157,21.356146,17.079695,14.288089,15.489747,9.247655,11.176393,6.9959426,8.590732,10.889925,10.307535,9.862601,5.2825027,0.0,4.5376263,6.7124686,9.622847,15.130574,17.4169,20.793537,22.507366,25.481213,24.059397,22.77708,21.491589,17.125212,14.242868,10.997569,10.024683,6.5237117,5.6589165,7.403506,7.3044467,10.971572,13.268795,15.174198,14.47626,10.941651,8.434159,10.24146,9.761047,9.308812,10.589244,13.658981,14.084576,17.722536,20.10906,23.626087,22.975128,22.053455,18.372324,21.8193,19.647142,21.931314,20.11728,16.015162,15.07833,18.775822,15.823794,12.069487,11.640171,14.718686,15.734991,17.460468,12.1154175,11.068043,15.967807,11.585515,9.639773,12.297539,15.13556,14.300891,12.139936,17.550735,15.994974,21.344816,22.311426,23.598326,27.35115,23.99429,28.9723,26.703192,23.454523,20.791044,16.841629,19.180107,13.135944,15.760303,13.844645,16.642633,20.493423,20.859684,25.084595,27.178513,25.228102,25.259432,21.879501,22.362295,17.58029,17.945547,15.767421,17.361025,21.039839,24.383644,26.81767,25.881765,30.675236,27.823412,31.319118,29.99593,32.64869
15,24.67307,21.080723,21.28554,17.191345,14.136591,17.009396,9.939932,13.516022,10.56903,11.2216015,14.500988,13.5717125,13.046324,7.5899086,4.5376263,0.0,4.108818,5.548269,12.477627,13.92519,17.747282,19.268639,22.433502,20.703316,19.009384,18.070915,13.336107,11.068313,7.339411,7.988002,6.1790648,6.824575,10.46207,11.687735,14.928674,17.684587,19.40963,18.261461,14.756222,11.750302,12.650155,10.363643,9.932579,9.135651,11.740909,10.98654,14.868795,16.270618,19.937323,18.774267,17.695889,14.074716,17.681696,15.741495,18.267954,16.4482,12.490258,12.498086,16.07679,14.411152,11.047672,8.746848,12.6981325,13.525105,16.260134,11.725917,9.307942,15.061891,12.112068,9.664764,13.39183,15.181478,14.949211,11.493291,16.875032,13.939857,19.406143,20.100838,20.700066,24.538382,20.673174,25.572634,23.33696,19.706177,16.920027,12.84698,14.939261,9.059536,12.202713,11.214816,14.682566,18.591114,19.90461,23.16926,24.80397,22.49874,22.209711,18.608334,18.8991,13.858464,14.278714,11.833361,13.193218,17.341417,20.797543,23.061253,22.09972,26.545647,23.928457,27.339909,26.094658,29.066797
16,20.62445,17.148678,17.690222,13.539703,10.686493,14.478228,7.4203467,13.127173,11.0367155,12.745442,16.637894,16.63289,16.373177,10.956335,6.7124686,4.108818,0.0,3.9038634,8.602066,10.783326,14.13974,15.921543,18.852964,17.384724,16.148254,14.959151,10.737964,7.9435935,5.916436,4.831859,7.9954314,5.9651313,12.088407,12.803369,15.852616,19.046288,19.782093,18.429869,14.562926,11.159974,12.699989,9.230113,10.563726,9.249206,9.633464,10.189636,12.361458,14.485228,17.530762,16.957708,16.595549,13.612372,17.95612,17.128593,19.147806,16.568796,13.759874,14.2392025,18.404243,17.097872,13.508186,11.440922,16.216742,17.120485,20.147186,15.591457,13.188105,18.984056,16.009682,13.27305,16.342106,17.88059,16.94915,13.1725235,17.851877,15.268621,20.4281,21.779484,22.239353,26.501888,22.63798,27.61946,25.733685,21.760601,18.63477,14.530475,15.406491,9.210706,10.77707,9.251198,12.262604,15.970549,16.859564,19.985956,21.79827,19.748629,19.9696,16.239128,17.701805,13.38812,14.675277,13.4133215,14.806318,19.55641,23.106293,25.001616,23.803349,27.498558,24.634188,27.605772,25.783741,28.765434
17,21.309122,17.912693,19.159105,15.578102,12.575639,17.19367,10.292157,15.675465,14.210493,14.89844,19.110365,18.748344,18.581211,13.062018,9.622847,5.548269,3.9038634,0.0,8.096857,8.529318,12.680141,13.948849,17.244045,15.534089,13.668488,13.165653,8.425172,7.009504,4.858532,6.5470176,9.947947,9.58917,15.169278,16.371637,19.440615,22.575878,23.593004,22.189108,18.428677,15.038429,16.05519,12.200091,12.996537,10.490242,10.531407,9.485093,11.754684,12.234833,15.414787,13.930122,13.332831,10.578406,15.076051,14.474815,16.876022,14.510048,11.9702835,13.497321,17.04643,16.995909,14.097866,10.553841,15.29266,15.762885,19.425097,15.90961,12.519331,18.315374,16.445698,13.579962,17.066559,17.7818,17.409409,12.990863,17.318708,13.665631,18.637857,19.672049,19.52665,23.765827,19.620031,24.462097,22.747877,18.585608,15.332656,11.317481,11.685901,5.8662753,7.883602,7.821629,11.480167,15.085819,17.120617,19.160173,20.378717,17.900593,17.617853,13.745874,14.721294,10.164482,11.489832,10.264657,11.579848,16.540495,20.124691,21.709797,20.424534,23.768053,21.04169,23.928421,22.213495,25.439775
18,13.812607,11.171236,13.822416,10.748413,9.300215,15.288813,10.682941,17.998577,17.695004,19.788513,24.268703,24.969858,24.911829,19.424217,15.130574,12.477627,8.602066,8.096857,0.0,4.6228666,5.796,8.274023,10.473393,9.525184,9.420338,8.066191,6.496414,4.753843,8.6922455,7.0479856,15.193991,12.367534,19.436146,20.031391,22.48412,26.096684,25.599964,23.908493,20.08157,16.672592,18.207947,13.460813,16.397635,13.872913,10.095906,11.821737,9.334995,11.46394,12.292347,12.807118,14.177574,13.435965,18.400644,19.78756,20.874937,17.414038,17.183496,18.827887,23.05602,23.078096,19.878181,17.481876,22.872082,23.680584,27.331308,23.35845,20.58727,26.40061,24.134727,21.123241,23.811886,24.527466,23.201084,18.94851,22.019363,19.451015,23.499321,25.486273,25.213491,29.823923,25.912441,30.57233,29.368734,24.948288,21.587631,18.031115,16.595957,12.036832,10.351947,9.464373,10.682259,12.824059,13.553704,14.599607,16.130114,14.542159,15.713375,11.927041,15.855814,13.838666,16.405874,17.052723,18.025127,23.251787,26.662382,27.717625,26.229757,28.081377,25.217308,27.058668,24.341015,27.405264
19,15.913619,13.379973,16.431828,14.348459,12.448408,18.549515,13.748323,20.254366,20.36788,21.485453,26.281689,26.72516,26.90856,21.38975,17.4169,13.92519,10.783326,8.529318,4.6228666,0.0,4.8256674,5.4764786,8.865352,7.911378,6.580136,7.1281896,5.418343,6.629091,9.868427,10.326579,17.433195,15.731594,22.460667,23.276297,26.057285,29.487135,29.47806,27.902824,24.000921,20.533758,21.903912,17.134626,19.34648,16.196114,12.971398,12.97189,10.925914,10.47919,11.05231,10.000223,11.437337,11.675014,16.565575,18.279682,19.767603,16.727053,16.838829,19.340654,22.768694,23.873936,21.281143,17.764977,22.731567,23.00512,27.093596,24.129358,20.506916,26.014654,24.596571,21.490238,24.306534,24.270731,23.379255,18.748457,21.228966,17.948912,21.431292,23.199148,22.36431,26.892122,22.99411,27.3944,26.621279,22.22223,18.76992,15.722784,13.299953,10.187225,7.706635,8.565276,10.050625,11.775604,14.160713,13.615447,14.159101,11.90137,12.373074,8.38008,12.136143,10.735583,13.485923,14.851164,15.867762,20.861382,24.175058,24.669708,22.989569,24.171076,21.29814,22.805395,20.013035,23.230883
20,12.7855015,11.457765,15.485416,13.953687,13.338435,19.457094,15.973044,23.001839,23.274874,25.074717,29.782492,30.506933,30.50439,24.907652,20.793537,17.747282,14.13974,12.680141,5.796,4.8256674,0.0,3.751458,4.8149567,4.3958697,5.514407,5.2117333,7.312396,8.322645,12.898181,12.320721,20.391678,18.041372,25.027279,25.816187,28.142712,31.850124,31.160282,29.353947,25.646715,22.294514,23.549068,18.58649,21.475266,18.395067,13.873429,15.004302,10.882414,11.352051,10.082716,10.884652,13.370462,14.473603,19.092009,21.632172,22.285685,18.80734,19.95483,22.277668,26.044876,27.038992,24.322563,21.489035,26.811016,27.425987,31.405672,28.059082,24.96224,30.627031,29.017746,25.941257,28.646444,28.806187,27.610134,23.136866,25.38298,22.552763,25.777645,27.785328,26.905304,31.423159,27.547113,31.722607,30.977776,26.49199,23.236334,20.340233,17.715322,15.007094,12.239939,12.539201,12.841854,13.490738,14.7605,13.318175,13.888444,12.535332,13.98109,10.671973,15.554415,15.248526,18.102474,19.576658,20.168388,25.225687,28.353771,28.800522,27.225864,27.743925,25.163889,26.144436,23.083328,26.179852
21,13.692866,12.175966,16.129402,15.531853,14.5404215,20.60252,17.37596,23.719572,24.622046,25.819761,30.80863,31.683407,32.146027,26.726145,22.507366,19.268639,15.921543,13.948849,8.274023,5.4764786,3.751458,0.0,4.1684985,5.882115,6.2304916,7.8345413,9.440921,11.135096,15.120355,15.057757,22.727495,20.517738,27.490496,27.957644,30.67297,34.07733,33.61029,32.096233,28.14706,24.777575,26.461988,21.619085,24.298111,21.176794,17.148052,17.648643,14.16826,13.464027,12.112643,11.630031,14.048675,15.703226,20.186785,22.64863,23.783781,20.696756,21.68235,24.37881,27.67179,29.104664,26.589779,23.11643,28.02581,28.141953,32.3504,29.590975,25.791576,31.112013,29.741783,26.518513,28.914446,28.560482,27.376774,22.862965,24.33901,21.582352,24.10961,26.278826,25.276733,29.822027,26.354166,30.45454,30.279308,26.003372,22.545246,20.070938,16.762508,14.857381,11.199002,11.981515,11.746807,11.618499,13.799882,11.0634,10.875583,9.2804165,10.606632,7.722848,12.915277,13.825486,16.801014,19.249672,20.327232,24.999886,28.120375,28.0222,26.127865,26.15362,23.14845,23.705906,20.295115,23.108318
22,12.504037,12.384733,16.91401,16.660954,16.598606,22.491432,20.006927,26.722227,27.533949,29.215143,34.080795,35.02268,35.224247,29.679018,25.481213,22.433502,18.852964,17.244045,10.473393,8.865352,4.8149567,4.1684985,0.0,4.5976825,7.000945,7.877647,11.434052,13.021194,17.584244,17.095604,25.19773,22.761024,29.794437,30.411085,32.73362,36.389942,35.477104,33.728367,30.013407,26.740664,28.143885,23.190308,26.199533,23.062778,18.30066,19.368025,14.736327,14.500162,11.92565,12.817509,15.791551,17.91877,22.11095,25.161543,25.630646,22.275812,24.02494,26.600212,30.098352,31.50366,28.965836,25.968752,31.160936,31.587347,35.715443,32.68347,29.3357,34.831738,33.415813,30.25485,32.736668,32.570778,31.281706,26.829767,28.358286,25.731993,28.240023,30.424334,29.321833,33.7783,30.193907,34.06183,33.782406,29.407253,26.184586,23.766258,20.480518,18.76304,15.33504,15.898294,15.346532,14.774933,16.01588,12.799066,12.568497,11.897951,13.729512,11.525235,16.796127,17.941675,20.878376,23.06575,23.676569,28.44635,31.392765,31.348091,29.63409,29.206758,26.646664,26.877071,23.472645,26.263195
23,15.413238,15.04978,19.39318,17.971388,17.638597,23.711985,20.099075,27.236115,27.195856,28.966581,33.570312,33.929234,33.52526,27.708546,24.059397,20.703316,17.384724,15.534089,9.525184,7.911378,4.3958697,5.882115,4.5976825,0.0,3.5028417,3.668885,8.16259,10.343311,14.802,15.001369,22.695396,21.06903,27.756336,29.175785,31.1869,35.17574,34.500565,32.365566,28.967333,25.620228,26.104816,20.965229,23.557617,20.00813,15.221354,15.75932,10.957998,10.195885,7.3385835,8.929379,12.0483465,14.238376,18.176712,21.573856,21.544159,18.081993,20.368967,22.966604,26.41035,28.030613,25.765854,22.94999,28.273394,29.053679,33.077114,30.044346,27.229233,32.87899,31.881594,28.972092,32.083347,32.12046,31.28444,26.656422,28.971367,25.604202,28.68862,30.290905,28.869343,33.056557,28.874735,32.482628,31.64101,27.070532,24.271465,21.794956,18.927246,17.49143,15.176867,16.290323,16.858547,17.274487,18.844635,16.518766,16.394354,15.047528,16.160852,13.161883,17.648249,17.59683,20.256138,21.353136,21.100769,26.033693,28.769655,29.114191,27.828842,27.553524,25.82617,26.41296,23.618662,27.031977
24,18.014914,16.948105,20.94775,19.192186,18.168055,24.33425,19.864756,26.719736,26.475052,27.771658,32.376476,32.3884,31.948565,26.10562,22.77708,19.009384,16.148254,13.668488,9.420338,6.580136,5.514407,6.2304916,7.000945,3.5028417,0.0,3.5918784,6.1512504,9.366066,13.061726,14.300848,21.254314,20.379738,26.792685,28.488642,30.69961,34.60762,34.419277,32.321762,28.878937,25.435364,25.714579,20.590508,22.608805,18.760866,14.70241,14.118544,10.458743,8.074764,6.1583652,5.8602266,8.826948,11.241733,15.162392,18.489655,18.780144,15.619997,17.767668,20.712452,23.732592,25.800594,23.852615,20.512371,25.57026,26.168657,30.300968,27.73684,24.679535,30.16763,29.631618,26.80166,30.148237,29.972672,29.519016,24.76049,27.198027,23.311546,26.424965,27.649801,25.968891,29.975163,25.631416,29.095026,28.203821,23.636621,20.93691,18.63163,15.707606,14.91955,13.08157,14.926394,16.173325,17.040651,19.42388,17.262531,16.880728,14.881524,15.244333,11.928918,15.559042,15.04986,17.490185,18.31827,17.850754,22.670748,25.337652,25.634968,24.408253,24.17141,22.662136,23.4204,20.93511,24.632822
25,16.914682,16.066004,20.003902,17.677076,17.062904,23.072601,18.674706,25.970993,25.289043,27.167517,31.501076,31.498987,30.700731,24.775248,21.491589,18.070915,14.959151,13.165653,8.066191,7.1281896,5.2117333,7.8345413,7.877647,3.668885,3.5918784,0.0,5.151316,7.346653,11.627519,12.178235,19.487732,18.346312,24.735205,26.620502,28.438457,32.583393,32.104607,29.774862,26.57921,23.21584,23.148045,17.968021,20.264315,16.54805,11.865567,12.150888,7.422693,6.893592,4.9473505,7.149892,9.88254,11.328621,15.385177,18.650063,18.423918,14.768335,17.01792,19.443033,23.063725,24.514,22.269978,19.711643,25.180796,26.26522,30.120026,26.88241,24.528954,30.312645,29.382586,26.668436,30.135862,30.45122,29.845001,25.218567,28.180775,24.499443,28.130024,29.407648,28.010052,32.080467,27.545357,31.18461,29.84355,25.15899,22.570536,19.822226,17.60794,15.783882,14.458769,15.598208,16.941944,18.168013,19.739077,18.429419,18.672663,16.975664,17.769468,14.223809,18.109674,16.89408,19.304407,19.477928,18.776606,23.912773,26.634459,27.447596,26.443907,26.773687,25.384813,26.497637,24.136265,27.845858
26,19.10164,17.126566,20.223688,17.192015,15.605258,21.439602,15.842335,22.723303,21.594896,23.04338,27.25516,26.886093,26.054352,20.126755,17.125212,13.336107,10.737964,8.425172,6.496414,5.418343,7.312396,9.440921,11.434052,8.16259,6.1512504,5.151316,0.0,3.930831,6.9281645,8.764639,15.123457,14.73932,20.812208,22.889917,25.013277,28.972944,29.12103,26.943052,23.642,20.188152,20.050915,15.023228,16.624891,12.749483,9.386421,8.39216,6.3843374,5.284732,7.136028,6.792519,7.8618374,7.5074496,12.298754,14.568586,15.154487,11.713753,12.680558,15.184573,18.780289,20.11427,17.852392,14.7974615,20.19451,21.196472,25.058924,21.905865,19.37969,25.171354,24.333654,21.707281,25.421658,25.792412,25.502565,20.860235,24.338343,20.293476,24.392223,25.336674,24.077602,28.090084,23.400307,27.300856,25.656717,20.971922,18.30241,15.182079,13.684437,11.214543,11.087388,12.449647,14.855214,17.062801,19.138798,18.928465,19.414425,17.134293,17.290041,13.276357,15.998375,13.366885,15.41995,14.804476,14.157395,19.465906,22.409786,23.575436,22.61703,23.941307,22.402033,24.231052,22.27663,26.107718
27,17.881737,15.653819,18.188486,14.488674,13.013564,18.476875,12.830818,20.016148,18.520166,20.581602,24.550106,24.374537,23.432585,17.538816,14.242868,11.068313,7.9435935,7.009504,4.753843,6.629091,8.322645,11.135096,13.021194,10.343311,9.366066,7.346653,3.930831,0.0,4.970397,5.003641,12.378982,11.141788,17.517332,19.41065,21.381742,25.425627,25.330198,23.122877,19.830328,16.39774,16.39565,11.335574,13.4695635,10.107716,6.3588715,7.1579714,5.414126,7.756337,9.880983,10.591908,11.336176,9.77021,14.50696,15.959653,16.539856,12.91738,12.9332695,14.504354,18.86568,19.036823,16.097984,13.951715,19.659164,21.001755,24.49427,20.457151,18.491001,24.508482,22.856962,20.263056,23.813334,24.75422,24.109507,19.768831,23.68208,20.231697,24.777847,25.984049,25.308746,29.487867,24.943823,29.228287,27.349712,22.757532,19.982182,16.366577,15.68859,11.638001,11.826742,11.9458065,14.310709,16.931591,18.114178,19.102753,20.282946,18.30742,18.877083,14.825659,17.761068,14.648481,16.665934,15.759319,15.53744,20.936966,24.078503,25.657822,24.709433,26.793045,24.890959,27.065042,25.0386,28.628029
28,22.197351,19.476168,21.227974,17.127476,14.947392,19.59884,12.914345,19.042625,16.640411,18.1682,21.65175,20.714277,19.349928,13.345784,10.997569,7.339411,5.916436,4.858532,8.6922455,9.868427,12.898181,15.120355,17.584244,14.802,13.061726,11.627519,6.9281645,4.970397,0.0,4.760899,8.247287,9.0465145,14.219365,16.83097,18.903702,22.794605,23.549578,21.391665,18.318394,14.974215,14.280906,9.819373,10.346863,6.710746,6.3998985,4.680139,7.8667097,9.1115055,12.808804,12.368257,11.701232,8.394458,12.626408,12.643809,13.831381,10.832861,9.037405,10.223634,14.588168,14.421131,11.50348,9.050977,14.7795515,16.332397,19.620834,15.519554,13.884041,19.95022,18.55605,16.316307,20.423958,21.586544,21.526342,17.352623,22.024343,18.131893,23.170454,23.744232,23.160017,26.974937,22.232046,26.496033,24.08886,19.647087,17.199217,13.341822,14.067684,9.716045,11.981576,12.331801,15.65231,18.969933,20.549692,22.252964,23.427467,21.080423,21.028019,16.956083,18.453272,14.060512,15.256691,12.864085,12.290599,17.543726,20.672304,22.814152,22.177832,25.23504,23.629004,26.439478,25.076845,28.753048
29,18.99005,16.300777,17.626354,13.111547,11.451598,15.758973,9.711026,16.64047,14.329973,17.005125,20.44874,20.330591,19.215906,13.498905,10.024683,7.988002,4.831859,6.5470176,7.0479856,10.326579,12.320721,15.057757,17.095604,15.001369,14.300848,12.178235,8.764639,5.003641,4.760899,0.0,8.52983,6.1742363,12.789214,14.4895735,16.40142,20.446087,20.368273,18.218336,14.896862,11.468893,11.656623,6.839007,9.350875,7.248521,5.170676,7.556305,8.226274,11.883578,14.543015,15.2873125,15.446891,12.773341,17.126925,17.347408,18.19771,14.871365,13.388033,13.699465,18.567175,17.263899,13.584616,12.621366,18.222734,19.865593,22.762106,17.794323,16.588932,22.619736,20.033846,17.636406,20.979671,22.654987,21.754356,17.985567,22.505816,19.741665,24.767878,26.054346,26.064842,30.244917,25.93237,30.55254,28.377188,24.051525,21.287825,17.286629,17.73899,12.385154,13.413824,12.3298855,14.803488,17.987053,18.345638,20.8719,22.680677,20.891644,21.568018,17.625938,20.11984,16.310808,17.955547,16.48791,16.73161,21.906784,25.184206,27.24377,26.359777,29.430117,27.218569,29.882448,27.992872,31.320225
30,27.116407,24.109106,24.466322,19.749075,17.578894,19.958849,13.508234,17.419344,13.164682,15.037582,16.64579,14.803743,12.131607,6.272451,6.5237117,6.1790648,7.9954314,9.947947,15.193991,17.433195,20.391678,22.727495,25.19773,22.695396,21.254314,19.487732,15.123457,12.378982,8.247287,8.52983,0.0,5.8525352,6.520437,10.512867,11.965505,15.72681,17.360876,15.225734,13.025184,10.499085,8.415442,6.9097404,4.2506847,4.7200947,9.664079,9.241884,14.046745,16.504005,20.415817,20.295095,19.089651,15.001316,17.699196,15.758494,16.992796,15.073724,11.243528,9.424854,13.903331,10.576123,6.393202,7.7257123,12.122118,14.562833,16.125217,10.14791,11.367565,16.894245,14.32551,13.223127,17.301918,19.813955,19.912243,17.1524,22.742838,19.799587,25.306437,25.52953,25.849411,29.168903,24.821615,29.118551,26.03668,22.35979,20.52102,16.64426,19.254972,14.282447,17.635906,16.87255,20.154116,23.933645,24.651068,27.938593,29.696552,27.533575,27.497564,23.647924,24.40635,19.322678,19.671497,16.159334,15.827072,19.88937,22.752552,25.778357,25.560446,30.013367,28.447538,31.916706,31.048927,34.398693
31,22.369986,19.31866,19.173534,14.333483,12.522315,14.453513,8.636335,13.567184,9.80715,13.199375,15.505115,15.370802,14.023474,9.003317,5.6589165,6.824575,5.9651313,9.58917,12.367534,15.731594,18.041372,20.517738,22.761024,21.06903,20.379738,18.346312,14.73932,11.141788,9.0465145,6.1742363,5.8525352,0.0,7.1964955,8.355197,10.399033,14.284673,14.5670595,12.69927,9.291246,5.972405,6.819636,4.4925995,6.306894,7.5803804,9.135099,11.356027,13.740461,17.497355,20.54604,21.067984,20.726273,17.344112,21.101482,20.040676,21.255665,18.570518,15.670549,14.614597,19.38273,16.390242,12.162755,12.827089,17.420784,19.229422,21.147528,15.285862,15.205876,20.719423,16.95739,15.063377,17.885586,20.519562,19.403055,16.741148,21.783508,19.992817,25.294233,26.535446,27.335056,31.320808,27.443169,32.271393,29.8428,26.024212,23.413374,19.304804,20.904959,14.893845,16.715336,14.760225,17.155668,20.689096,20.359716,24.279127,26.543531,24.900112,25.52141,21.843061,23.62273,19.297003,20.366272,18.379166,19.1229,23.638884,26.910292,29.401354,28.610191,32.681675,30.205685,33.34576,31.69676,34.689648
32,29.224266,26.219538,25.529928,20.733435,19.021029,19.38585,14.458601,16.460188,11.372628,14.160392,13.915048,12.360244,9.125057,6.0057244,7.403506,10.46207,12.088407,15.169278,19.436146,22.460667,25.027279,27.490496,29.794437,27.756336,26.792685,24.735205,20.812208,17.517332,14.219365,12.789214,6.520437,7.1964955,0.0,5.5667167,5.6877456,9.4823675,11.357228,9.427155,8.197123,7.276254,5.0373707,8.047171,5.8335357,9.83695,14.027322,15.183134,19.08471,22.52686,26.113747,26.479553,25.501652,21.492329,24.124998,21.95716,23.05313,21.2432,17.454283,14.934328,18.98129,14.294545,10.363958,13.45182,16.247347,18.592928,18.905111,12.397509,14.939564,19.244858,15.260124,14.860582,17.598186,21.06742,20.58195,19.189863,24.65803,23.104223,28.496622,29.037952,30.125906,33.406887,29.65938,34.121124,31.075375,27.86082,26.01419,22.18536,24.999971,19.491253,22.41317,20.70045,23.364689,27.080015,26.775436,31.09944,33.374195,31.60322,31.910778,28.288904,29.221945,24.312378,24.632542,21.514505,21.796413,25.349997,28.149117,31.280998,31.006752,35.889088,33.922714,37.51518,36.507805,39.49172
33,28.020401,24.730478,23.09114,18.703455,16.975513,15.765162,12.204964,12.200498,7.149051,10.6816225,9.991241,10.217665,9.13495,8.139178,7.3044467,11.687735,12.803369,16.371637,20.031391,23.276297,25.816187,27.957644,30.411085,29.175785,28.488642,26.620502,22.889917,19.41065,16.83097,14.4895735,10.512867,8.355197,5.5667167,0.0,4.5008764,6.2504554,7.9830337,7.9487457,5.107194,5.1958613,7.775163,10.754629,10.553667,14.101564,17.102018,18.939976,21.989273,25.62881,28.869112,29.106974,28.437872,24.713913,27.962315,25.834463,27.472023,25.504602,21.64544,19.694805,23.62477,19.296995,15.406633,17.303877,19.802385,21.33042,21.811785,15.805685,16.900688,20.692245,15.522497,14.705954,15.823933,19.557545,18.112564,17.573608,22.448988,22.269245,27.302874,28.512302,30.292114,33.893604,30.872211,35.777287,33.319134,30.313992,27.904116,24.027527,26.48363,20.367891,22.502209,19.940483,21.898937,25.4165,24.43958,29.52369,32.14263,30.715023,31.258581,28.034472,29.061022,24.614899,25.08564,23.002127,24.382435,27.851435,30.976526,33.692665,32.924515,37.90103,35.050987,38.56322,37.13504,39.598007
34,29.978952,27.135555,25.625576,21.04157,19.95465,18.62404,15.680113,16.332846,11.488361,15.124544,13.72807,13.414542,11.05212,10.557502,10.971572,14.928674,15.852616,19.440615,22.48412,26.057285,28.142712,30.67297,32.73362,31.1869,30.69961,28.438457,25.013277,21.381742,18.903702,16.40142,11.965505,10.399033,5.6877456,4.5008764,0.0,4.955687,5.7621856,4.3142295,4.6331587,6.4722395,6.2998114,10.974053,10.440474,14.734627,17.818016,20.05894,22.987818,27.141853,30.31806,31.120892,30.485418,26.681465,29.58773,27.603827,28.604744,26.57582,23.05108,20.514841,24.590784,19.670013,15.888616,19.10866,21.634426,23.750221,23.720541,17.374653,19.809172,23.515846,18.744598,18.430809,19.855461,23.693764,22.47459,21.960262,26.930468,26.530005,31.662184,32.68782,34.280693,37.72685,34.420616,39.098995,36.272144,33.193977,31.123009,27.248178,29.840193,23.904736,26.17594,23.766102,25.731981,29.177301,27.917042,32.911926,35.594807,34.258625,34.963634,31.576283,32.909504,28.386223,28.904047,26.396473,27.158224,30.690273,33.583275,36.60597,36.14122,41.078857,38.668324,42.199135,40.879547,43.56248
35,32.981205,29.894077,27.746716,23.600176,22.32856,19.8879,17.84675,16.259523,11.831017,14.651292,11.698363,11.854611,10.485453,12.480394,13.268795,17.684587,19.046288,22.575878,26.096684,29.487135,31.850124,34.07733,36.389942,35.17574,34.60762,32.583393,28.972944,25.425627,22.794605,20.446087,15.72681,14.284673,9.4823675,6.2504554,4.955687,0.0,4.87454,6.771071,7.40969,9.93849,11.235122,15.674523,14.974251,19.14312,22.44022,24.39191,27.535149,31.420313,34.685234,35.12744,34.371796,30.503649,33.38942,30.965582,32.410603,30.690733,26.72623,24.222828,27.779236,22.774202,19.335669,22.210955,23.784792,25.420538,24.909613,19.098038,21.336103,24.00417,18.73901,18.841251,19.09898,23.164024,21.763426,22.336203,26.871763,27.348158,32.12531,33.19849,35.298084,38.563343,35.856102,40.59143,37.964302,35.34043,33.235363,29.529926,32.333065,26.365536,28.615273,25.955454,27.689547,31.070877,29.668695,35.101566,37.88492,36.625526,37.23568,34.139095,35.045403,30.589907,30.858366,28.577585,29.854233,32.869877,35.74851,38.683502,38.096222,43.394173,40.632744,44.281837,43.009155,45.327602
