,0,1,2,3,4,5,6,7,8,9,10,11,12,13,14,15,16,17,18,19,20,21,22,23,24,25,26,27,28,29,30,31,32,33,34,35,36,37,38,39,40,41,42,43,44,45,46,47,48,49,50,51,52,53,54,55,56,57,58,59,60,61,62,63,64,65,66,67,68,69,70,71,72,73,74,75,76,77,78,79,80,81,82,83,84,85,86,87,88,89,90,91,92,93,94,95,96,97,98,99,100,101,102,103,104,105,106,107,108
0,0.0,3.4281423,6.360217,10.144316,12.665041,15.130479,18.10326,20.055433,24.152662,25.459517,31.425024,30.617617,33.94239,37.405823,32.93836,29.5945,27.20001,24.735733,20.082115,19.35543,15.271247,15.368005,11.15323,13.514174,13.750464,18.415073,18.74912,19.98181,18.75056,24.391188,22.318575,30.165985,28.14357,33.992554,33.47708,36.922855,37.902,36.10663,36.79431,33.741898,34.720913,28.134558,29.150303,24.022661,27.102951,23.056812,25.31768,25.710016,28.416878,32.11522,32.645775,34.87837,39.674053,41.214775,38.88341,35.806324,38.244225,39.179188,45.003895,43.23471,39.69722,40.732414,37.994694,39.623466,37.720024,41.0004,39.018627,35.612774,32.08736,33.41405,29.90808,34.08878,32.83472,37.37835,36.062134,41.537273,42.395336,45.777363,46.07559,49.13355,46.361515,45.1381,39.793278,39.125755,33.71951,35.48103,29.405304,28.458298,25.036816,21.789875,21.293396,17.440142,21.150017,20.526516,25.19425,25.478317,25.106503,25.768177,24.516565,25.229038,26.80504,28.265205,30.958576,32.990536,36.383297,34.169975,38.528004,38.549946,42.79707
1,3.4281423,0.0,3.5774398,7.0464115,10.146229,11.933698,15.600694,17.38734,21.474653,23.086523,28.768438,28.378063,31.542896,35.070255,30.855198,27.298182,25.21914,22.732246,18.450405,18.030905,13.970419,15.097125,10.900212,12.356364,13.698415,18.128487,17.890495,18.39383,16.537762,22.10768,19.454672,27.272919,25.01695,30.974155,30.481668,33.854412,34.980003,33.351387,34.077793,31.138008,32.132126,25.761736,26.97075,21.907543,25.400558,21.741457,24.627848,24.967081,27.128231,31.104834,31.116203,33.342747,38.12629,39.48455,36.826344,33.640503,36.20152,36.902794,42.69496,41.13406,37.584637,39.04699,36.50457,38.429703,36.78764,40.25728,38.649845,35.419144,31.987482,32.939445,28.83364,32.881855,31.17321,35.717163,34.0381,39.600925,40.149616,43.45664,43.69559,46.854473,44.0782,43.16135,37.755405,37.34495,31.849022,34.089493,27.85931,27.44347,24.129316,21.242178,21.278791,17.737883,21.935781,21.725101,26.509956,26.10505,25.713959,25.951956,24.817347,24.85602,26.634571,27.994612,30.43816,32.2709,35.213932,32.8521,37.09289,36.882084,41.06109
2,6.360217,3.5774398,0.0,4.5093927,7.4111857,8.924336,12.670975,13.882531,18.06647,19.512098,25.265326,24.810053,27.984184,31.567575,27.383335,23.944725,21.824257,19.664799,15.325973,15.542351,11.444019,13.521531,10.132527,11.71317,14.266338,18.22278,18.28931,18.139288,15.295144,20.897501,17.584217,25.152355,22.375645,28.428257,27.513939,30.981115,31.896141,30.240086,31.23156,28.242624,29.689718,23.242252,24.939346,19.76503,23.951086,20.94811,24.000877,24.984943,26.676676,31.02698,30.260553,32.970615,37.541035,38.390987,35.6959,32.378872,34.65442,35.0427,40.79516,39.110077,35.535217,37.31481,35.055546,37.018326,35.91699,39.04892,37.73597,34.97252,31.32314,31.67521,27.403297,31.144499,29.16495,33.59318,31.650599,37.245552,37.51576,40.898827,40.919884,43.998714,41.07071,40.307068,34.857243,34.662746,29.147375,31.66448,25.521181,25.360655,22.407871,19.701744,20.398897,17.2754,21.799017,21.613081,26.70215,25.641346,24.70915,24.602297,23.138943,22.665644,24.311436,25.462185,27.783857,29.555979,32.178696,29.999992,34.109135,33.944847,38.07862
3,10.144316,7.0464115,4.5093927,0.0,4.088443,5.3371553,9.070895,11.245898,14.924509,17.485018,22.416073,22.796463,25.577063,28.904432,25.073174,21.013826,19.607101,16.817354,13.617119,13.581986,10.126509,13.22687,10.128704,9.797691,13.535179,16.72884,16.15628,15.061188,11.4715605,16.836428,13.111282,20.660189,18.049463,24.037514,23.438128,26.820965,27.960943,26.40026,27.140646,24.286203,25.444101,19.276001,20.959658,15.990727,20.414276,17.941078,21.661777,22.541395,23.527098,28.114475,26.755524,29.483873,33.94931,34.593292,31.644682,28.260435,30.624458,30.851837,36.564,35.100307,31.541002,33.666954,31.58202,33.872463,32.99289,36.406902,35.54021,32.95068,29.5791,29.588102,24.603336,28.194609,25.746069,30.171219,27.934454,33.57222,33.66628,36.912354,37.027435,40.265884,37.493835,36.947144,31.499157,31.453787,25.892744,28.863016,22.534157,23.070015,20.178608,18.149332,19.36488,16.848503,21.666603,22.191725,27.047813,25.182,24.624134,23.97993,23.212978,21.887074,24.168839,25.455854,27.190687,28.48939,30.610107,27.835476,31.838959,31.196129,35.231693
4,12.665041,10.146229,7.4111857,4.088443,0.0,5.735936,5.4799943,9.234441,12.312244,15.300612,20.042774,20.32037,23.036245,25.955904,21.934599,17.67811,16.287624,12.966004,10.050353,9.613345,6.601203,10.339652,8.432002,7.957115,12.566543,14.876796,15.131635,13.747864,9.498169,14.895452,11.520357,18.649574,16.289373,21.907928,21.095877,24.668991,25.424145,23.501625,24.16346,21.092693,22.458082,15.84933,17.711718,12.49692,17.289137,15.372444,18.836246,20.603193,21.347654,26.17379,24.216263,27.647312,31.784525,31.938583,29.361887,25.960945,27.778095,27.958109,33.682518,31.828264,28.246973,30.243149,28.271751,30.388054,29.911844,32.87854,32.152294,29.986336,26.414595,25.971506,21.043776,24.429232,22.027416,26.39069,24.264864,29.876158,30.126883,33.509216,33.602688,36.721764,33.940834,33.134422,27.704748,27.51088,21.962389,24.804554,18.52404,19.064585,16.375704,14.561144,16.30464,14.401785,19.29579,20.026255,24.868887,22.358011,21.584253,20.595167,20.04885,18.25758,20.880552,22.337116,23.723492,24.788671,26.902237,23.847897,27.913557,27.240816,31.321974
5,15.130479,11.933698,8.924336,5.3371553,5.735936,0.0,7.2501597,7.2210956,10.704811,13.54875,17.798548,18.862457,21.293692,24.800734,21.550074,17.496195,16.69008,14.645087,12.543371,13.890686,11.378386,15.74102,14.02932,13.173836,17.70963,20.031662,19.240917,17.038553,12.264553,16.579374,11.264075,17.75441,13.870017,20.163927,18.990099,22.327854,23.462116,22.221117,23.420298,20.77648,22.553205,16.983458,19.541582,15.020074,20.447302,19.39081,23.553675,24.807407,24.7609,29.65859,27.132008,30.11027,34.19885,34.151325,30.822445,27.29069,29.460272,29.002289,34.474216,33.21889,29.712574,32.700447,31.222736,33.815765,33.754204,36.93666,36.724323,34.783752,31.457472,30.597332,25.124727,28.037956,24.849188,28.940178,25.969967,31.592121,30.900166,34.065056,33.82097,37.065968,34.125164,34.225613,28.75253,29.352213,23.846529,27.679667,21.610289,23.07415,20.952272,19.697973,21.832623,20.126606,25.02019,25.702404,30.601038,27.97101,26.949314,25.759138,24.758337,22.487434,24.55372,25.3742,26.668264,27.656635,28.782108,26.235525,29.758587,28.915735,32.692513
6,18.10326,15.600694,12.670975,9.070895,5.4799943,7.2501597,0.0,6.707141,7.872981,12.074002,15.594143,16.508503,18.716734,21.131508,17.42165,12.61946,12.061568,8.145227,7.548366,7.6474595,7.1501274,11.679648,11.82693,10.531624,15.58589,16.382267,16.82115,14.420253,9.202978,13.162301,9.338957,14.852045,12.2508335,17.39773,16.162256,19.86525,20.271122,18.14622,18.869257,15.702127,17.581686,10.906463,13.641133,8.655963,14.604744,14.550447,18.101326,20.67753,20.316359,25.435074,22.11277,26.224499,29.749584,28.995846,26.474709,22.998398,24.179518,23.833073,29.39234,27.367125,23.804482,26.336754,24.9344,27.181658,27.659424,30.156092,30.122293,28.803038,25.288443,23.797205,18.445059,21.03852,18.007004,22.065334,19.447,25.061577,24.92176,28.356497,28.257378,31.339523,28.502764,27.896582,22.436457,22.552149,16.993418,20.4949,14.384884,15.935629,14.157115,13.556433,16.426376,15.890487,20.551353,21.680988,26.224028,22.665348,21.610527,19.866524,19.635212,16.61404,19.526257,20.839895,21.37665,21.81522,23.074697,19.634682,23.403269,22.361567,26.303768
7,20.055433,17.38734,13.882531,11.245898,9.234441,7.2210956,6.707141,0.0,4.618483,6.455779,11.387906,11.711286,14.360369,17.972713,14.490889,11.138879,9.928938,9.790823,8.239474,11.821735,10.753862,15.680415,16.33397,16.44927,21.347054,22.74995,23.222916,20.823713,15.49184,19.001286,13.81108,17.955793,13.039234,18.646345,15.705832,19.417717,19.317581,17.656996,19.859573,16.938957,20.441513,14.793966,18.650894,14.414784,20.74929,21.231293,24.626501,27.383528,26.861,32.00516,28.281,32.370476,35.698807,34.482586,31.685717,28.154522,29.122234,28.034828,33.16689,31.248922,27.832403,31.115192,30.330507,32.535305,33.71081,35.582657,35.79059,34.99272,31.19468,29.132072,24.22752,26.107985,22.808397,26.23689,22.983881,28.34278,27.129915,30.588724,29.676346,32.44474,29.012854,29.231205,23.779343,24.830256,19.598259,23.69672,18.567553,20.267508,19.49942,18.73607,21.887981,21.210543,25.815655,26.21124,31.241972,27.844824,25.629976,23.947668,22.158525,19.024887,20.37296,20.549034,21.382252,22.17358,22.465885,20.742538,23.782402,23.353333,26.977531
8,24.152662,21.474653,18.06647,14.924509,12.312244,10.704811,7.872981,4.618483,0.0,5.7575946,7.7918954,9.525883,11.226864,14.184605,11.304676,7.1629853,7.63544,7.634054,9.14321,12.405061,12.905523,17.649145,18.97953,18.382246,23.410315,23.937702,24.396036,21.502962,16.080906,18.331478,13.409066,15.509749,10.536471,15.213102,11.666839,15.468009,14.930006,13.097263,15.52327,12.651171,16.770052,11.842848,16.232304,12.97778,19.368084,21.07418,24.404419,27.466715,26.207893,31.358099,26.800014,31.18966,33.974922,32.104744,29.398394,25.94047,26.378035,24.838411,29.646835,27.682688,24.403023,28.123161,27.863583,30.152344,32.014465,33.561794,34.334545,34.13601,30.56364,27.84409,22.76431,23.902222,20.182295,23.117636,19.45428,24.599077,22.932411,26.345274,25.238844,27.974226,24.52099,25.043598,19.652512,21.113806,16.123238,20.809137,16.240799,18.783657,18.78226,18.969076,22.578075,22.719664,27.07235,27.849874,32.496277,28.473396,26.347883,24.192516,22.935205,19.04669,20.694744,20.841963,20.798605,20.894703,20.242561,18.128202,20.681133,19.791424,23.148607
9,25.459517,23.086523,19.512098,17.485018,15.300612,13.54875,12.074002,6.455779,5.7575946,0.0,7.087156,5.4365206,8.608025,12.782994,9.388489,8.489337,6.7761273,10.5081415,9.9952345,14.801285,14.816023,19.3047,21.245327,21.983313,26.79282,27.764717,28.85171,26.41537,21.067785,23.884844,18.949741,21.135395,15.786036,20.1486,15.740403,19.251389,17.895855,16.19163,19.524393,16.799194,21.72704,16.972708,21.473034,18.047426,24.395649,25.85784,28.633924,32.19061,31.35985,36.50819,32.069046,36.70235,39.429306,37.370502,34.938313,31.52615,31.616217,29.958965,34.513798,32.218887,29.068724,32.61901,32.51891,34.36615,36.535522,37.295902,37.87336,38.012333,33.964348,31.005022,26.826628,27.698626,24.446846,26.994553,23.561142,28.304583,26.414585,29.946733,28.2709,30.415775,26.491634,27.086315,21.956886,23.647434,19.18332,23.347944,19.697596,21.478077,21.998495,21.634422,25.258524,25.237373,29.405947,29.461601,34.466457,30.720959,27.55108,25.620302,23.015848,19.433323,19.594662,18.788958,19.157452,19.778296,18.792898,18.637484,20.706707,20.90588,24.063812
10,31.425024,28.768438,25.265326,22.416073,20.042774,17.798548,15.594143,11.387906,7.7918954,7.087156,0.0,5.6500425,4.5323443,7.834026,7.675261,6.999026,9.016612,12.383205,14.98364,18.811525,19.94857,24.40342,26.418573,26.036255,31.029984,31.205511,31.777647,28.644327,23.29531,24.479197,19.702421,19.090815,13.791005,16.26644,10.9662895,13.827343,11.728723,10.583131,14.684086,12.871269,18.394781,15.9602,20.635956,18.917082,24.870165,27.664335,30.662321,34.084873,32.223576,37.249638,31.863997,36.427998,38.45312,35.641205,33.052937,29.838243,29.473299,27.03991,30.783556,28.88064,26.141386,30.56446,31.315166,33.46281,36.445335,37.072304,38.526344,39.30383,35.80768,32.19069,27.611471,27.508074,23.604475,25.252169,21.12027,25.185356,22.169508,25.272854,23.127869,25.1954,21.263739,23.015957,18.343681,21.059977,17.487907,22.53111,19.94459,22.938728,24.200335,24.985273,28.91664,29.61488,33.616486,34.244236,38.757008,34.379055,31.650223,29.2254,27.511927,23.21674,23.874937,23.10672,22.321617,21.898129,19.208649,18.642757,19.445066,18.74537,20.984781
11,30.617617,28.378063,24.810053,22.796463,20.32037,18.862457,16.508503,11.711286,9.525883,5.4365206,5.6500425,0.0,3.957216,8.17663,5.4374013,7.892755,6.9303603,12.427099,13.332396,17.967028,18.891897,22.936571,25.617949,26.394127,31.146349,31.60286,33.02003,30.475565,25.19924,27.328583,22.815947,23.470455,18.381159,21.351011,16.242962,19.296215,16.873426,15.149125,19.08544,16.741901,22.420525,18.727571,23.387062,20.83936,26.875628,29.154747,31.473158,35.52874,34.34517,39.408363,34.393784,39.38735,41.534355,38.780056,36.714844,33.48902,32.830734,30.757387,34.698418,32.1352,29.317635,33.00232,33.505756,35.0626,38.040638,37.932556,38.91497,39.849857,35.794643,32.13226,28.51726,28.488998,25.322351,27.002155,23.537899,27.528982,25.125711,28.58579,26.326208,27.859106,23.643003,24.558989,19.964762,22.17951,18.708353,22.773138,20.592428,22.534338,24.050182,24.220505,28.109856,28.712984,32.466923,32.483692,37.22637,33.123596,29.531767,27.344673,24.600077,20.659967,20.210964,18.82301,18.38749,18.492233,16.04874,17.095402,17.993107,18.573687,21.080606
12,33.94239,31.542896,27.984184,25.577063,23.036245,21.293692,18.716734,14.360369,11.226864,8.608025,4.5323443,3.957216,0.0,4.923997,5.3136215,8.237313,9.219939,14.114847,16.343517,20.507868,21.884748,25.956161,28.621967,28.86277,33.71147,33.801792,34.95672,32.08206,26.817648,28.175259,23.76726,23.092148,18.161486,20.071806,14.671381,17.1855,14.277786,12.910261,17.185589,15.435709,21.323023,18.905855,23.564089,21.881008,27.661102,30.575432,32.99428,36.96827,35.27902,40.2585,34.783844,39.724487,41.48773,38.33334,36.22347,33.13293,32.20946,29.735481,33.164886,30.802052,28.258774,32.363415,33.338898,35.02016,38.43683,38.21931,39.66789,40.95224,37.194344,33.199867,29.424099,28.869549,25.413952,26.553509,22.780397,26.282763,23.251286,26.432152,23.849787,25.216873,20.967455,22.582611,18.389568,21.199234,18.379282,22.813854,21.299942,23.82865,25.704666,26.43372,30.450222,31.38567,35.064644,35.36681,39.86021,35.454384,32.105854,29.684547,27.41754,23.164906,23.000736,21.677221,20.645365,20.167698,16.74742,17.619883,17.663023,17.77032,19.616821
13,37.405823,35.070255,31.567575,28.904432,25.955904,24.800734,21.131508,17.972713,14.184605,12.782994,7.834026,8.17663,4.923997,0.0,5.4440246,8.871665,10.967729,15.140209,18.605507,22.025263,24.20097,27.865862,30.945122,30.875244,35.603256,35.05514,36.396156,33.44003,28.451326,29.065342,25.45552,23.551298,19.624905,20.042496,14.840253,16.811348,13.091733,11.439119,15.511073,14.207522,20.148855,18.816637,23.19183,22.467037,27.578972,31.197676,33.185936,37.43899,35.38593,40.145073,34.24709,39.420536,40.57606,36.852417,35.214333,32.40676,30.76481,28.068443,30.885157,28.261303,26.095852,30.139141,31.62336,33.055622,37.093937,36.249287,38.127254,40.05075,36.52976,32.042892,28.669163,27.319273,24.000885,24.295614,20.6654,23.309486,20.005854,23.047705,20.124662,20.978043,16.624376,18.410198,14.86227,18.045935,16.372686,20.580462,20.390844,23.165232,25.718624,27.082827,31.195946,32.738125,36.01635,36.562317,40.589443,35.814175,32.59361,29.906033,28.194977,23.646402,23.723982,22.544712,20.65387,19.39821,14.991215,15.71302,14.65933,14.471599,15.535869
14,32.93836,30.855198,27.383335,25.073174,21.934599,21.550074,17.42165,14.490889,11.304676,9.388489,7.675261,5.4374013,5.3136215,5.4440246,0.0,5.770156,5.9642615,11.016648,13.649488,17.315464,19.408703,22.856775,26.21107,26.710093,31.283646,30.948303,32.783356,30.256702,25.31273,26.787384,23.319334,22.97807,19.061419,20.732466,15.851284,18.764063,15.63722,13.175995,16.74398,14.344503,20.166151,16.894773,21.334763,19.559132,24.943876,27.92493,29.607456,34.164066,32.732517,37.598328,32.21307,37.627323,39.211483,35.936195,34.510532,31.532047,30.082073,27.981441,31.582977,28.503248,25.904581,29.25297,30.088734,31.265352,34.81622,33.96798,35.24421,36.830437,32.884056,28.677399,25.604757,24.826056,21.94431,22.953484,19.812487,23.229559,21.010828,24.597792,22.247068,23.401487,19.136532,19.535168,15.15598,17.324268,14.56544,18.274372,17.30845,19.346556,21.69175,22.54137,26.604145,27.977243,31.228409,31.509312,35.72589,31.167187,27.638086,25.109415,22.99163,18.579088,18.507092,17.39425,15.840965,15.0299015,11.677793,12.408021,12.730729,13.290599,15.687307
15,29.5945,27.298182,23.944725,21.013826,17.67811,17.496195,12.61946,11.138879,7.1629853,8.489337,6.999026,7.892755,8.237313,8.871665,5.770156,0.0,4.553604,6.426682,10.743396,13.533166,15.860556,19.638773,22.427794,22.0479,26.768974,26.243586,27.59311,24.802023,19.851526,21.04673,17.704523,17.486414,13.982044,15.97677,11.731129,15.18278,12.885337,9.996246,12.828745,9.811841,15.265019,11.306361,15.872861,14.0301485,19.612816,22.65287,24.853464,28.978706,27.330265,32.266747,26.90302,32.11747,33.941956,31.00099,29.244287,26.131979,25.12123,23.213106,27.354034,24.543255,21.604626,25.142359,25.634583,27.310936,30.380125,30.496483,31.783829,32.80435,29.166168,25.34038,21.225004,20.96291,17.5165,19.259783,15.739519,20.065176,18.187733,21.876457,20.23411,22.307417,18.50757,18.708635,13.4871435,15.285047,11.156663,15.813882,13.236639,16.05336,17.727262,18.880049,22.950024,24.270126,27.837217,28.668089,32.77582,28.090256,25.47584,22.827145,21.768324,17.144411,18.581432,18.500013,17.158693,16.283098,14.305727,12.220078,13.931562,13.050641,16.187916
16,27.20001,25.21914,21.824257,19.607101,16.287624,16.69008,12.061568,9.928938,7.63544,6.7761273,9.016612,6.9303603,9.219939,10.967729,5.9642615,4.553604,0.0,6.05975,7.701513,11.599819,13.448616,17.039568,20.258823,20.961683,25.494795,25.458319,27.43171,25.214218,20.30834,22.632883,19.24076,20.648878,16.907736,19.907265,15.823807,19.432491,17.31601,14.536742,17.269123,14.070968,19.124264,13.953323,18.27489,15.274376,21.01346,23.150148,24.925415,29.391317,28.513536,33.495205,28.750175,34.096485,36.271168,33.705074,32.18376,29.008968,28.140976,26.685486,31.126001,28.014057,24.951963,27.79726,27.82002,29.085238,31.769112,31.596985,32.261677,33.075058,28.907705,25.356344,21.953108,22.193714,19.477745,21.596869,18.776136,23.191017,21.974058,25.824003,24.260298,26.067501,22.186008,21.74352,16.629732,17.747341,13.5049515,17.008312,14.197918,15.718066,17.18474,17.427486,21.394024,22.366776,25.904243,26.16667,30.64978,26.33974,23.0051,20.65915,18.576054,14.29518,14.93833,14.548594,13.840085,13.740646,12.773478,11.874531,14.276569,14.633667,18.15952
17,24.735733,22.732246,19.664799,16.817354,12.966004,14.645087,8.145227,9.790823,7.634054,10.5081415,12.383205,12.427099,14.114847,15.140209,11.016648,6.426682,6.05975,0.0,6.1001706,7.254342,10.140977,13.560956,16.421185,16.07883,20.592413,20.002945,21.832655,19.544672,14.924486,17.054789,14.655154,16.603971,14.337921,17.30617,14.711585,18.455322,17.213354,14.160006,15.383847,11.79371,15.422493,8.9675,12.810623,9.362608,15.025219,17.139668,19.071398,23.39631,22.462196,27.444935,22.85841,28.207325,30.549137,28.352915,26.89119,23.701702,23.079067,22.169323,27.129364,24.036865,20.703436,23.137003,22.620161,24.126926,26.24235,26.844694,27.396643,27.695,23.79752,20.646454,16.408895,17.287167,14.424423,17.388945,14.832061,19.918978,19.644207,23.511566,22.831472,25.24424,22.02149,20.931343,15.504032,15.683625,10.409728,13.947639,9.316604,11.285224,11.947638,12.654867,16.656923,17.86728,21.525078,22.508358,26.626991,22.06926,19.872408,17.341442,16.891584,12.486159,15.170245,16.17071,15.398686,14.9719,15.348791,11.732517,15.281528,14.462506,18.476105
18,20.082115,18.450405,15.325973,13.617119,10.050353,12.543371,7.548366,8.239474,9.14321,9.9952345,14.98364,13.332396,16.343517,18.605507,13.649488,10.743396,7.701513,6.1001706,0.0,5.2489877,5.8521104,9.640044,12.662595,14.154575,18.41545,19.051243,21.42746,20.01783,15.54413,19.430433,16.592567,20.736721,17.786827,22.087368,19.436733,23.317945,22.342882,19.590633,21.184433,17.644678,21.040262,14.118121,17.386587,12.670874,18.197668,18.506525,20.189838,24.406984,24.650892,29.604048,26.164766,31.213924,34.195225,32.754997,31.257286,27.986975,27.941317,27.49522,32.73246,29.676126,26.258345,28.131908,27.005356,28.213106,29.485611,30.183311,29.837973,29.454813,25.0131,22.745232,19.291695,21.131214,19.123613,22.502382,20.537474,25.630568,25.69348,29.58108,28.898497,31.180935,27.813639,26.539982,21.23487,21.117771,16.02353,18.41463,13.649852,13.71685,13.299989,12.018473,15.447633,15.481004,19.458303,19.545797,24.473656,20.81546,17.84032,16.076168,14.049271,10.799227,12.519313,13.403336,14.205177,15.166822,17.021086,14.955914,18.875717,19.16812,23.302732
19,19.35543,18.030905,15.542351,13.581986,9.613345,13.890686,7.6474595,11.821735,12.405061,14.801285,18.811525,17.967028,20.507868,22.025263,17.315464,13.533166,11.599819,7.254342,5.2489877,0.0,4.28809,6.3941717,9.685971,10.473289,14.340346,14.226831,17.132315,16.140444,12.529059,16.417965,15.261219,19.80293,18.483784,22.27137,20.786167,24.531649,23.942629,21.005762,21.520105,17.964827,20.03036,12.724191,14.720984,9.7751665,14.166702,13.887195,15.050932,19.502577,20.120966,24.902023,21.958448,27.08291,30.123188,29.06161,27.99633,24.899204,24.872349,25.107397,30.559439,27.365753,23.91003,24.919382,23.212975,24.259295,24.899487,25.954063,25.255646,24.432468,20.0494,18.30877,14.7798,17.33454,15.934688,19.794573,18.646976,23.770487,24.82524,28.629904,28.608477,31.073967,28.245987,26.284607,21.134537,20.128864,14.970242,16.43036,10.883176,10.198499,8.582407,7.02859,10.471796,10.891843,14.853095,15.623603,20.129826,16.203661,14.262555,12.388994,12.196937,9.222912,12.8526745,14.966317,15.428851,15.983158,18.737862,15.130376,19.596272,19.35575,23.647537
20,15.271247,13.970419,11.444019,10.126509,6.601203,11.378386,7.1501274,10.753862,12.905523,14.816023,19.94857,18.891897,21.884748,24.20097,19.408703,15.860556,13.448616,10.140977,5.8521104,4.28809,0.0,4.952157,6.826416,8.887645,12.813202,14.134876,16.66123,16.054522,12.411633,17.365063,15.429398,21.269228,19.313053,24.02388,22.537441,26.34359,26.121874,23.500694,24.296083,20.812075,22.84985,15.554224,17.560453,12.20266,16.724562,15.280991,16.977322,20.561062,21.734041,26.484274,24.273045,28.799213,32.36643,31.893246,30.387478,27.173471,27.830156,28.141483,33.754368,30.933084,27.407272,28.592068,26.656322,27.903988,27.948067,29.55383,28.51603,27.04098,22.704147,21.743021,18.170298,21.218613,19.747663,23.816856,22.458931,27.751358,28.577818,32.31444,32.25381,34.86098,31.924006,30.288673,25.025032,24.274605,19.003614,20.716696,15.049426,14.313874,12.102323,9.595932,11.897953,10.724153,15.241266,15.472279,20.56863,17.619205,15.701501,14.606127,13.520276,11.763144,14.443475,16.245077,17.645203,18.864182,21.793758,18.958807,23.331112,23.31436,27.585047
21,15.368005,15.097125,13.521531,13.22687,10.339652,15.74102,11.679648,15.680415,17.649145,19.3047,24.40342,22.936571,25.956161,27.865862,22.856775,19.638773,17.039568,13.560956,9.640044,6.3941717,4.952157,0.0,5.15312,8.843881,10.915142,12.031895,15.92812,16.551132,14.391371,19.28588,18.79514,24.66937,23.592634,27.864054,26.744703,30.48808,30.167946,27.327833,27.73084,24.22126,25.754848,18.459137,19.56982,14.510782,17.449308,15.1036215,15.320853,19.28381,21.435434,25.677717,24.397898,28.968225,32.488228,32.350544,31.550947,28.62378,29.046349,29.933285,35.522854,32.356472,28.939182,29.087439,26.697477,27.315434,26.791409,28.047464,26.274849,24.492058,19.86488,19.654427,17.383018,20.806389,20.495247,24.522171,24.141794,29.076012,30.710218,34.45035,34.677868,37.09752,34.393135,32.05707,27.114367,25.66058,20.800909,21.19164,15.980079,13.811333,11.055837,7.3448277,8.292054,6.5791183,10.706641,10.547723,15.785113,13.330689,11.490357,11.087428,10.481913,10.310385,13.349169,15.878347,17.510578,18.91062,22.915632,19.962423,24.581923,24.848906,29.16335
22,11.15323,10.900212,10.132527,10.128704,8.432002,14.02932,11.82693,16.33397,18.97953,21.245327,26.418573,25.617949,28.621967,30.945122,26.21107,22.427794,20.258823,16.421185,12.662595,9.685971,6.826416,5.15312,0.0,5.4652214,7.0885534,9.982897,12.783375,13.868368,12.362502,17.857437,17.365322,24.297401,23.428661,28.184547,27.717863,31.337872,31.690882,29.203226,29.351345,26.030134,26.860744,19.78211,20.408855,15.255102,17.825277,14.242972,15.472291,17.820078,20.388302,24.484066,24.102293,27.747145,31.870121,32.564404,31.210726,28.24659,29.579676,30.710215,36.484882,33.926296,30.446032,30.77333,28.043707,29.169416,27.777266,30.250187,28.36883,25.620508,21.627356,22.393776,19.25081,23.309208,22.632463,27.048683,26.421494,31.610044,33.164883,36.68612,37.183243,39.98558,37.459114,35.468285,30.38809,29.088024,23.959137,24.886024,19.033201,17.534494,13.997552,10.651173,10.446809,7.1489644,11.76926,12.075546,16.983086,15.531529,15.265385,15.281309,15.342627,15.4321995,18.406399,20.753607,22.554243,23.952425,27.67015,24.44659,29.037916,28.8741,33.16909
23,13.514174,12.356364,11.71317,9.797691,7.957115,13.173836,10.531624,16.44927,18.382246,21.983313,26.036255,26.394127,28.86277,30.875244,26.710093,22.0479,20.961683,16.07883,14.154575,10.473289,8.887645,8.843881,5.4652214,0.0,5.0779614,7.011663,8.07429,8.44556,7.3748116,12.7438,13.146665,20.142765,20.31628,24.679401,25.159525,28.487316,29.38596,27.118742,26.597374,23.575405,23.368338,16.837112,16.651628,11.927638,13.748728,9.709609,12.367369,13.590419,15.643048,19.91737,19.50196,22.695755,27.037724,28.054197,26.30609,23.34949,25.217068,26.526926,32.34429,30.290863,26.833544,27.350502,24.493113,26.217897,24.459188,28.024008,26.592184,23.473421,20.29398,21.225754,16.729168,21.071983,19.864807,24.50978,23.701418,28.958448,30.544853,33.751778,34.642895,37.793148,35.670734,33.914425,28.88906,27.623798,22.439964,23.85489,17.5189,17.036716,13.05698,10.997764,10.982504,8.68003,13.2404585,14.999741,18.826555,16.674074,17.853523,17.24896,18.767326,17.874493,21.712555,24.194231,25.28915,26.049818,29.13915,24.937601,29.41494,28.440636,32.591457
24,13.750464,13.698415,14.266338,13.535179,12.566543,17.70963,15.58589,21.347054,23.410315,26.79282,31.029984,31.146349,33.71147,35.603256,31.283646,26.768974,25.494795,20.592413,18.41545,14.340346,12.813202,10.915142,7.0885534,5.0779614,0.0,4.769356,6.780398,9.66149,11.202713,15.728239,17.416374,24.236572,25.069086,29.127068,29.977413,33.19823,34.15951,31.832209,31.013187,28.054846,27.344816,21.090637,20.144335,16.003218,16.155626,11.009105,12.164987,12.382234,15.888887,19.163406,20.438553,22.988518,27.457853,29.24354,28.022093,25.469282,27.427162,29.338531,35.045727,32.965828,29.676735,29.29974,25.951796,27.250347,24.504759,28.295418,26.140095,22.197598,19.33919,21.561554,18.100014,22.80834,22.526096,27.084328,27.026382,31.935667,34.12723,37.217484,38.41646,41.501427,39.629284,37.448647,32.679455,30.953772,26.097021,26.658619,20.7071,19.420979,15.101803,12.678464,10.892856,7.7925267,11.143436,13.076326,16.047617,15.163698,17.5444,17.687359,19.853891,20.041227,23.89534,26.687265,27.968204,28.848494,32.54338,28.271318,32.86831,32.00962,36.154545
25,18.415073,18.128487,18.22278,16.72884,14.876796,20.031662,16.382267,22.74995,23.937702,27.764717,31.205511,31.60286,33.801792,35.05514,30.948303,26.243586,25.458319,20.002945,19.051243,14.226831,14.134876,12.031895,9.982897,7.011663,4.769356,0.0,5.5780168,8.433219,10.930735,14.082002,17.279274,22.979113,24.82224,27.950897,29.188734,32.2275,33.070484,30.586895,29.24165,26.41281,25.117416,19.294067,17.536568,14.2380085,12.794699,7.51421,7.53445,8.253078,12.007871,15.159695,16.44019,19.433973,23.533823,25.180866,24.57156,22.293936,23.802374,26.061075,31.606207,29.329948,26.202417,25.201214,21.660076,22.761374,19.791475,23.696976,21.578545,17.563211,15.000274,17.447365,14.003022,18.821833,19.026463,23.439407,23.959883,28.488232,31.190763,34.129124,35.634083,38.646427,37.138153,34.61247,30.191689,28.077957,23.635489,23.648495,18.043383,16.707294,12.285246,10.790581,8.714536,7.3793883,9.732688,12.852041,14.662358,12.769585,16.229406,15.92861,19.436008,19.21013,23.700123,26.779009,27.420565,27.780058,31.373974,26.44789,30.95396,29.761175,33.74543
26,18.74912,17.890495,18.28931,16.15628,15.131635,19.240917,16.82115,23.222916,24.396036,28.85171,31.777647,33.02003,34.95672,36.396156,32.783356,27.59311,27.43171,21.832655,21.42746,17.132315,16.66123,15.92812,12.783375,8.07429,6.780398,5.5780168,0.0,4.4008794,8.946169,11.284187,14.912861,20.790533,23.174166,26.282803,28.32607,31.014769,32.552338,30.540813,28.880491,26.455631,24.370493,19.418234,17.251144,14.561115,12.869927,7.4038024,10.166578,7.4711227,10.324293,13.414603,15.19491,16.67792,21.467865,23.906687,22.307917,20.001495,22.669672,24.946684,30.478252,29.120323,26.040428,25.706427,22.21739,24.21645,20.875397,26.109707,24.606073,20.284609,18.86502,21.220793,16.466204,21.167023,20.4193,24.924965,24.819286,29.475002,31.756708,34.321747,36.04093,39.44107,38.15728,36.233437,31.753912,30.056715,25.46892,26.409124,20.43286,20.282427,16.00771,15.253963,13.992177,12.595369,15.272727,18.2543,19.971188,18.247944,21.705786,21.174412,24.45053,23.687923,28.174213,31.027601,31.610786,31.8449,34.8325,29.678207,33.991337,32.28682,36.120983
27,19.98181,18.39383,18.139288,15.061188,13.747864,17.038553,14.420253,20.823713,21.502962,26.41537,28.644327,30.475565,32.08206,33.44003,30.256702,24.802023,25.214218,19.544672,20.01783,16.140444,16.054522,16.551132,13.868368,8.44556,9.66149,8.433219,4.4008794,0.0,5.4795585,6.9809656,10.830942,16.453812,19.08831,22.02154,24.330349,26.85893,28.615416,26.81165,25.03699,22.813309,20.505045,15.983855,13.83699,11.496792,10.302698,5.9955516,10.77637,8.61049,9.11474,13.235067,13.251894,14.974046,19.763983,21.68676,19.34282,16.665691,19.654745,21.525951,27.144392,26.114508,22.950743,23.46727,20.38394,23.018549,20.409946,25.816534,25.10326,21.444126,20.0987,21.448286,15.571687,19.878542,18.167149,22.696444,21.919556,26.76431,28.553432,31.008545,32.66856,36.245934,34.975628,33.506504,28.951218,27.650888,22.953648,24.693283,18.519321,19.380882,15.498799,15.505334,15.386891,14.596342,17.882961,20.860107,23.017473,20.432749,23.290276,22.198978,25.261885,23.655607,28.194304,30.818071,31.095387,31.071257,33.38867,28.085602,32.15588,30.097593,33.791424
28,18.75056,16.537762,15.295144,11.4715605,9.498169,12.264553,9.202978,15.49184,16.080906,21.067785,23.29531,25.19924,26.817648,28.451326,25.31273,19.851526,20.30834,14.924486,15.54413,12.529059,12.411633,14.391371,12.362502,7.3748116,11.202713,10.930735,8.946169,5.4795585,0.0,5.8163824,6.395613,13.135625,14.389392,18.178534,19.697908,22.566545,24.131842,22.321573,21.167133,18.68748,17.44144,12.094855,11.436929,7.807402,9.858755,7.7493405,12.853541,12.9850445,12.533009,17.395376,15.380652,18.232685,22.515072,23.214321,20.43319,17.188654,19.718597,20.617996,26.415375,25.170582,21.733479,23.363537,20.979805,23.770073,22.518072,26.991045,26.74679,24.068668,21.8759,21.947863,15.650352,19.400078,16.749146,21.335169,19.606081,24.963247,25.94272,28.718678,29.818914,33.386192,31.615576,30.596489,25.643078,24.918926,19.765799,22.440727,15.931543,17.451311,14.133746,14.156863,15.377513,14.707862,18.87827,21.313152,24.512451,21.325567,22.798126,21.322634,23.384586,21.093388,25.275585,27.491247,27.763145,27.79221,29.601065,24.703856,28.655254,26.71873,30.485027
29,24.391188,22.10768,20.897501,16.836428,14.895452,16.579374,13.162301,19.001286,18.331478,23.884844,24.479197,27.328583,28.175259,29.065342,26.787384,21.04673,22.632883,17.054789,19.430433,16.417965,17.365063,19.28588,17.857437,12.7438,15.728239,14.082002,11.284187,6.9809656,5.8163824,0.0,6.462675,9.674635,13.471149,15.340813,18.292154,20.406889,22.431557,20.941784,18.736801,17.012009,14.035134,10.933841,8.615151,8.1566515,7.7465496,7.9909782,13.307243,12.474451,9.820256,14.521194,11.297292,13.693642,17.667206,18.217073,14.849588,11.55793,14.692948,15.683199,21.336412,20.787971,17.581625,19.562445,17.421623,20.923576,19.794016,25.01417,25.592794,23.19828,22.088501,21.863136,14.883214,17.96058,14.74087,18.909456,17.048477,21.94325,22.926456,25.110966,26.72332,30.53315,29.413622,28.64244,24.18676,23.516993,18.994055,21.904293,16.007236,18.551804,15.829225,17.20821,18.553682,18.851778,22.345621,25.316944,27.693466,24.020613,26.111263,24.24722,27.124191,24.321934,28.834637,31.086226,30.694452,30.110992,31.243582,25.704062,29.161118,26.463272,29.742167
30,22.318575,19.454672,17.584217,13.111282,11.520357,11.264075,9.338957,13.81108,13.409066,18.949741,19.702421,22.815947,23.76726,25.45552,23.319334,17.704523,19.24076,14.655154,16.592567,15.261219,15.429398,18.79514,17.365322,13.146665,17.416374,17.279274,14.912861,10.830942,6.395613,6.462675,0.0,7.9350715,8.466492,12.659384,14.490324,17.03281,19.207111,18.081566,17.076574,15.169444,14.028093,10.272859,10.813284,8.674664,12.264495,12.758482,17.988352,18.1165,16.142683,20.945292,17.443937,19.938936,23.693872,23.60443,19.765022,16.243544,19.023052,18.76743,24.252893,23.779875,20.434883,23.6607,22.245602,25.672615,25.461094,29.823881,30.48983,28.562546,26.61829,25.715641,18.887102,21.534424,17.639648,21.665323,18.639416,24.002176,23.710066,26.187593,26.952772,30.756765,28.914799,28.976137,24.005886,24.269295,19.215937,23.278994,17.176825,20.079374,17.85986,18.61186,20.72723,20.453371,24.753244,27.005812,30.45451,26.834154,27.64353,25.754868,27.231533,24.116825,27.878387,29.527048,29.462894,29.211514,29.809454,25.174635,28.454378,26.102549,29.451756
31,30.165985,27.272919,25.152355,20.660189,18.649574,17.75441,14.852045,17.955793,15.509749,21.135395,19.090815,23.470455,23.092148,23.551298,22.97807,17.486414,20.648878,16.603971,20.736721,19.80293,21.269228,24.66937,24.297401,20.142765,24.236572,22.979113,20.790533,16.453812,13.135625,9.674635,7.9350715,0.0,6.5094013,5.8461137,9.990153,11.163752,13.945575,13.510964,11.222882,10.826344,7.9268255,9.059145,9.307235,11.107346,13.408995,16.599993,21.230383,21.60413,17.970549,22.24739,16.957375,19.430048,21.718294,20.210209,15.893221,12.546222,14.693277,13.076326,17.814,18.209602,15.316119,20.002491,19.855661,23.798815,24.848486,28.90198,30.781263,29.929874,28.709414,26.792772,19.80835,20.857555,16.10652,18.847,14.950103,19.476377,18.17551,19.890478,20.783756,24.836975,23.590021,24.517576,20.259888,21.200752,17.25813,22.03236,17.380836,21.565256,20.634247,22.71914,25.351303,26.159883,29.943924,32.511204,35.427307,31.06079,31.872686,29.432873,31.351215,27.450937,31.256086,32.688583,31.705578,30.653505,29.965233,24.996614,27.237312,24.015207,26.467857
32,28.14357,25.01695,22.375645,18.049463,16.289373,13.870017,12.2508335,13.039234,10.536471,15.786036,13.791005,18.381159,18.161486,19.624905,19.061419,13.982044,16.907736,14.337921,17.786827,18.483784,19.313053,23.592634,23.428661,20.31628,25.069086,24.82224,23.174166,19.08831,14.389392,13.471149,8.466492,6.5094013,0.0,6.4301305,6.734679,9.184338,11.613625,11.4383335,11.49537,10.454404,11.215784,10.206288,12.959523,12.487462,17.165203,19.703627,24.328417,25.476196,22.700087,27.427757,22.429306,25.367085,27.970078,26.364967,22.333033,18.938383,20.58956,18.638815,23.136322,22.962305,19.96489,24.812584,24.812199,28.314583,29.751192,33.013687,34.59206,33.92001,31.804953,29.55034,22.94716,24.039696,19.297915,22.103483,17.75102,22.628378,20.477726,22.740093,22.549063,26.255844,24.024515,25.503681,20.710146,22.386288,17.939396,23.31458,18.536375,22.494139,21.856646,23.216656,26.303106,26.642187,30.936234,32.84366,36.612476,32.38987,32.09563,29.741436,30.368082,26.379566,29.347609,30.182407,29.573647,28.932486,27.883299,24.060436,26.19174,23.640451,26.267977
33,33.992554,30.974155,28.428257,24.037514,21.907928,20.163927,17.39773,18.646345,15.213102,20.1486,16.26644,21.351011,20.071806,20.042496,20.732466,15.97677,19.907265,17.30617,22.087368,22.27137,24.02388,27.864054,28.184547,24.679401,29.127068,27.950897,26.282803,22.02154,18.178534,15.340813,12.659384,5.8461137,6.4301305,0.0,5.5139937,5.425299,8.642645,9.224613,7.390908,8.391123,7.324396,10.843066,12.601184,14.6757555,17.737368,21.626791,25.803959,26.921879,23.186817,27.392292,21.508604,24.323294,25.80812,23.273754,19.280388,16.355068,17.240185,14.38992,17.892439,18.385916,15.9686365,21.608025,22.504747,26.227526,28.406597,31.465673,33.859676,33.862812,32.426907,29.673143,23.134993,23.158157,18.152737,19.826637,15.181023,18.996412,16.151947,17.604366,17.638931,21.56341,20.068884,22.145393,18.228395,20.237686,17.03678,22.4721,18.996262,23.594118,23.655718,25.946125,29.10596,30.199064,33.997234,36.292732,39.4433,34.763702,34.82654,32.149094,33.48178,29.132225,32.36824,33.27852,31.942034,30.635218,28.855913,24.54904,25.881699,22.571997,24.361523
34,33.47708,30.481668,27.513939,23.438128,21.095877,18.990099,16.162256,15.705832,11.666839,15.740403,10.9662895,16.242962,14.671381,14.840253,15.851284,11.731129,15.823807,14.711585,19.436733,20.786167,22.537441,26.744703,27.717863,25.159525,29.977413,29.188734,28.32607,24.330349,19.697908,18.292154,14.490324,9.990153,6.734679,5.5139937,0.0,3.8924308,4.898926,5.2637377,6.563088,6.6641874,9.6543665,11.080299,14.522487,15.331946,19.78518,23.584854,27.399132,29.48893,26.30621,30.892874,24.958822,28.580503,30.146025,27.283157,23.893806,20.873892,21.018606,18.098225,21.52864,21.009527,18.487703,23.962393,25.027718,28.207144,30.945314,33.005436,35.237003,35.681366,33.505215,30.234034,24.253983,24.016718,19.149137,20.661135,15.81271,19.763294,16.34978,18.495918,17.433296,20.817041,18.304968,20.689318,16.374788,19.029242,15.689494,21.476225,18.39356,22.811226,23.468208,25.446053,29.040375,30.122206,34.052612,35.851547,39.483994,34.74155,33.84016,31.12425,31.537733,27.007044,29.531416,29.933374,28.603199,27.406687,25.09188,21.734072,22.728716,19.950155,21.765488
35,36.922855,33.854412,30.981115,26.820965,24.668991,22.327854,19.86525,19.417717,15.468009,19.251389,13.827343,19.296215,17.1855,16.811348,18.764063,15.18278,19.432491,18.455322,23.317945,24.531649,26.34359,30.48808,31.337872,28.487316,33.19823,32.2275,31.014769,26.85893,22.566545,20.406889,17.03281,11.163752,9.184338,5.425299,3.8924308,0.0,4.2336354,6.6555243,6.9639287,8.824178,10.465024,13.961017,16.69993,18.38995,22.12021,26.201641,30.066675,31.793253,28.192884,32.47243,26.35402,29.50511,30.64288,27.553368,23.951132,21.251879,21.364153,18.021852,20.557177,20.80517,18.794727,24.678486,26.17315,29.53756,32.45688,34.6353,37.24287,37.842827,36.07108,32.737617,26.70884,26.123672,21.184195,22.14376,17.248775,20.393513,16.401205,17.742693,16.657532,20.082535,18.078804,21.221699,17.670065,20.606522,18.070839,23.773075,21.26138,25.869377,26.640482,28.87529,32.40046,33.597355,37.4345,39.396824,42.830807,38.005135,37.33135,34.546925,35.194134,30.601551,33.16682,33.536366,32.01357,30.615097,27.915714,24.566723,25.070917,22.003208,23.19736
36,37.902,34.980003,31.896141,27.960943,25.424145,23.462116,20.271122,19.317581,14.930006,17.895855,11.728723,16.873426,14.277786,13.091733,15.63722,12.885337,17.31601,17.213354,22.342882,23.942629,26.121874,30.167946,31.690882,29.38596,34.15951,33.070484,32.552338,28.615416,24.131842,22.431557,19.207111,13.945575,11.613625,8.642645,4.898926,4.2336354,0.0,3.5400212,5.928212,7.587973,11.178959,14.097268,17.384706,18.897903,22.889605,27.248068,30.562622,33.05607,29.648228,34.02352,27.676407,31.511961,32.385098,28.80168,25.887115,23.255703,22.500378,19.074877,21.39847,20.775127,18.849602,24.523449,26.323421,29.214499,32.73718,34.0018,36.67615,37.836803,35.73469,31.900028,26.475664,25.367714,20.658796,21.110842,16.259594,19.04061,14.665799,16.40915,14.543788,17.473606,14.849679,18.207937,14.743979,18.132994,16.098703,21.751177,20.111208,24.606783,26.026878,28.33626,32.11017,33.60172,37.250767,38.99398,42.462505,37.46534,36.263863,33.373222,33.6971,28.944798,31.128044,31.237764,29.426056,27.842644,24.613745,21.751074,21.714193,18.821821,19.714952
