,0,1,2,3,4,5,6,7,8,9,10,11,12,13,14,15,16,17,18,19,20,21,22,23,24,25,26,27,28,29,30,31,32,33,34,35,36,37,38,39,40,41,42,43,44,45,46,47,48,49,50,51,52,53,54,55,56,57,58,59,60,61,62,63,64,65,66,67,68,69,70,71,72,73,74,75,76,77,78,79,80,81,82,83,84,85,86,87,88,89,90,91,92,93,94,95,96,97,98,99,100,101,102,103,104,105,106,107,108,109,110,111,112,113,114
0,0.0,4.5519137,6.885004,9.874436,13.034615,15.664686,18.000662,22.463387,23.981813,27.85548,31.356077,33.54738,31.790691,28.95297,29.8046,24.34907,24.661455,20.309654,23.108997,18.470764,19.014921,20.149769,16.877972,21.656199,24.253422,24.296505,25.08276,21.488792,25.54133,21.668964,28.71951,25.205437,32.2545,29.025259,32.94075,35.217766,37.30536,35.682625,29.89804,25.913078,29.817663,24.420172,27.859404,24.355719,28.468563,25.40479,29.55177,27.956102,32.17211,32.304146,34.51186,31.938274,35.273506,35.73637,34.01038,30.977976,32.938927,33.692482,38.523136,40.736034,39.253586,35.93762,41.15395,41.13441,40.25033,35.593845,39.37064,36.589478,33.78775,31.648643,32.58803,28.58419,30.760183,26.528309,31.42756,26.728384,31.14127,29.020996,28.391197,30.456629,30.18638,29.984257,24.019533,22.199896,18.490469,18.123363,13.711375,15.275993,10.436204,12.091228,10.938773,13.18799,17.087816,19.517254,20.184307,24.025957,26.063717,28.41589,27.584219,28.740755,28.196898,27.805912,23.540163,19.881279,20.159752,14.149602,12.591251,12.464549,8.525609,8.6897,6.185688,10.399156,9.848694,14.249322,15.395341
1,4.5519137,0.0,5.5038424,6.222088,9.337739,13.254677,14.142268,19.263895,20.318548,24.188904,27.847008,29.637957,27.640276,24.674534,25.444424,20.003614,20.243238,16.028212,18.854443,14.615472,15.546847,17.225567,14.845251,19.674828,21.75218,21.764765,21.712894,18.305256,21.6721,17.860296,24.727114,21.21782,28.444437,25.390642,29.503809,31.771225,34.227562,32.815155,26.898798,22.732687,26.542196,21.170095,24.433681,21.228926,24.99206,22.601307,26.479948,25.218815,29.150309,28.813322,30.850418,27.970736,31.105848,31.472473,29.659735,26.738222,28.771677,29.800976,34.61516,36.935,35.838837,32.406364,37.840416,38.02154,37.367283,32.907837,37.011036,34.55657,31.43006,29.572657,30.037128,26.354023,28.299746,24.244846,29.092281,24.349506,29.074238,26.71628,26.648302,28.564316,27.67121,27.315973,21.521683,19.826593,15.935287,15.4948435,11.610387,12.785865,9.379982,10.89876,11.282159,13.787613,17.585224,19.025206,19.37122,23.911617,25.327402,27.410517,26.278957,27.70792,26.76678,25.87255,22.155153,18.030275,19.44737,13.193769,12.942245,14.028791,10.48841,9.170191,8.216068,9.362335,8.9291525,12.887328,13.833331
2,6.885004,5.5038424,0.0,5.4139566,7.3523965,9.398256,12.48895,16.419012,18.9117,22.339209,26.299925,28.619152,27.501143,24.534689,26.550459,21.198126,22.30374,18.55345,21.923563,18.630611,19.878016,22.129066,20.21196,25.01405,26.854038,26.836163,26.174297,22.837296,25.120308,21.074903,26.884647,22.504549,29.555481,25.47295,29.844034,31.22096,34.010216,33.319107,27.28566,23.551426,28.014957,23.400023,27.179619,24.647758,28.459167,26.897972,30.93933,30.09777,33.81503,32.94719,34.81317,31.481337,34.11894,34.217316,32.115562,29.568968,31.526716,33.1453,38.057835,40.280178,39.777103,35.779533,41.3359,41.92518,41.61441,37.07578,41.192417,38.83255,35.39611,33.33386,33.43044,29.37914,30.694645,26.244648,30.500298,25.184462,29.246895,26.283207,25.588247,26.826523,25.970295,24.990948,19.083519,18.445656,14.975074,15.950428,11.524081,15.2060375,12.938418,15.573559,16.03776,18.827267,22.523502,24.100534,23.93143,28.53737,29.665932,31.502548,29.956017,30.995764,29.73468,28.46129,25.008326,21.195732,22.96955,16.580095,16.989553,17.779646,13.871024,12.696595,8.958152,10.591201,7.494914,11.075765,10.322848
3,9.874436,6.222088,5.4139566,0.0,3.7201595,7.6762505,8.150661,13.054546,14.327195,18.086132,21.877857,23.866135,22.37778,19.479053,21.24669,15.86952,17.228699,13.494989,17.611563,14.598832,17.012205,19.308414,18.220505,22.721096,24.105137,23.71596,22.386574,18.956821,20.3102,16.162647,21.537888,17.100105,24.200293,20.349388,24.769,26.38879,29.289991,28.579533,22.495504,18.587347,22.911148,18.399986,22.107254,19.971237,23.587606,22.753107,26.801409,26.554169,30.019125,28.590866,30.46308,26.960506,29.370728,29.757494,27.241215,24.713688,26.452017,28.232416,33.282978,35.293766,35.10606,30.784864,36.398018,37.22548,37.18617,32.721252,36.97178,34.89502,31.167751,29.278833,28.933838,25.129204,26.1707,21.934822,26.09367,20.868221,25.27374,22.270702,22.316462,23.658323,22.235825,21.468958,15.793194,14.771833,11.040656,11.65462,8.205287,11.24464,11.025687,13.582841,15.422667,18.452765,21.701746,22.303741,21.534382,26.646793,27.026764,28.485336,26.604773,27.803377,26.167356,24.437252,21.611513,17.575514,20.400885,14.208533,15.987437,17.82361,14.536496,12.226284,10.659473,8.783042,6.868498,9.166162,9.108849
4,13.034615,9.337739,7.3523965,3.7201595,0.0,6.197476,5.327072,10.494198,12.364257,15.625212,19.948465,21.697252,20.498833,17.371834,19.873457,14.774911,16.422087,13.523738,17.343798,15.623717,17.90891,20.797976,20.48495,24.80916,25.723156,25.486965,23.381569,20.502691,20.798038,16.988035,21.346867,16.652964,23.633558,19.500973,24.220337,25.228542,28.730635,28.662788,22.558897,18.868141,23.233322,19.335672,22.856281,21.371021,24.43365,24.473713,28.05716,28.07827,31.114504,29.244684,30.766394,26.883385,28.81967,28.809755,26.282475,24.174578,26.012785,28.309515,33.17057,35.326183,35.71189,31.29072,37.047207,38.139103,38.3652,34.18561,38.625076,36.85685,32.921333,31.2593,30.466093,26.942434,27.5506,23.484423,27.184261,21.868912,26.038582,22.598166,22.810925,23.549376,21.529686,20.128738,14.802254,14.8354025,11.563486,12.955027,10.349947,13.686399,14.509619,16.885155,18.965025,21.885117,25.124855,25.438812,24.603352,29.859373,29.959421,31.218464,29.150919,30.385199,28.481178,26.360218,24.096157,20.077923,23.440233,17.453373,19.571491,21.522247,18.253815,15.918049,14.125089,12.0615015,9.614805,10.794745,9.309206
5,15.664686,13.254677,9.398256,7.6762505,6.197476,0.0,7.0198164,7.5967264,11.430665,14.174767,18.036112,21.034916,21.207813,18.769066,22.42621,17.804892,20.581936,17.917467,22.690332,20.901596,23.84328,26.410084,25.734514,30.077177,31.205679,30.59605,28.653551,25.277409,25.090103,20.898178,24.06989,18.648922,24.661634,19.32292,23.794281,23.877033,27.138514,27.628311,21.7241,18.92539,23.93076,21.10798,25.317226,24.380518,27.90365,28.291012,32.552544,33.02469,36.153786,33.960255,35.65721,31.731657,33.309093,33.59385,30.492357,28.583288,29.893204,32.37905,37.50525,39.077362,39.755238,34.58112,40.107048,41.57432,42.096638,37.56598,41.660545,39.792168,35.689026,33.550686,32.63221,28.475508,28.441185,23.93011,26.811039,21.074326,24.114506,20.253166,19.467012,19.537693,18.020515,16.23416,10.645501,11.833575,9.654532,12.703697,9.933193,15.486581,16.820549,20.205969,22.113464,25.432608,28.426582,29.027674,27.516342,32.620293,32.43992,33.42138,30.962744,31.568584,29.46902,27.193317,25.092928,21.839987,25.063643,19.324062,21.870049,23.504314,20.17369,17.98472,14.747744,12.707131,8.879996,8.142791,4.4148
6,18.000662,14.142268,12.48895,8.150661,5.327072,7.0198164,0.0,6.423627,7.346084,10.409768,14.87605,16.40862,15.490128,12.483272,15.858669,11.328273,14.0299425,12.24399,16.70007,16.273071,19.51537,22.41873,23.001415,26.79419,27.152586,26.57889,23.63462,20.990776,19.52041,15.960112,18.329899,13.21062,19.599844,15.117341,19.999918,20.472439,24.457644,25.017893,19.051569,15.782981,20.081774,17.318684,20.704039,20.341131,22.861183,24.263771,27.668098,28.519737,31.027115,28.331097,29.662487,25.470356,26.672895,26.802944,23.667404,22.016985,23.434881,26.274246,31.140047,32.93537,34.08002,29.105751,34.825085,36.41444,37.142887,33.16184,37.62247,36.276203,32.003403,30.512682,29.036617,25.81344,25.66107,21.92166,24.820442,19.609024,23.441538,19.663433,20.456852,20.673435,17.828575,16.118937,11.671833,12.436189,10.040332,11.908876,11.274453,14.2859335,17.158167,19.49325,22.313074,25.320076,28.082537,27.69499,26.221636,31.672367,30.988878,31.724089,29.230043,30.376266,28.01513,25.29743,24.056198,20.341208,24.57275,19.29192,22.421682,24.855076,22.037693,19.26947,18.1518,14.5320425,12.613352,11.921104,10.263859
7,22.463387,19.263895,16.419012,13.054546,10.494198,7.5967264,6.423627,0.0,5.636441,6.8409734,11.072917,13.958986,15.086526,13.152941,18.041563,14.781142,18.483027,17.397234,22.286823,22.153893,25.811422,28.54801,29.04636,32.77095,33.143894,32.28173,29.263132,26.425255,24.178675,20.6008,21.130257,15.5729885,20.203901,14.458584,18.982775,17.886194,22.033972,23.694252,18.207201,16.30138,20.938257,19.857943,23.589462,24.11611,26.695683,28.789635,32.53958,33.931145,36.294693,33.13791,34.462017,30.200294,30.775877,31.074245,27.42064,26.243824,27.059736,30.216957,35.118664,36.3054,38.02097,32.34695,37.75153,39.840363,41.003357,36.907864,41.053356,39.81926,35.3448,33.575123,31.745613,28.209639,27.176996,23.32499,24.981903,19.613497,22.008614,17.649883,17.82541,16.8205,13.726241,10.953148,7.3973126,10.537726,10.215752,13.5355425,13.550553,17.849308,21.35199,24.333673,27.122677,30.408533,32.946587,32.630047,30.555285,35.902245,34.80132,35.153316,32.24502,32.843548,30.18832,27.155308,26.4869,23.568491,27.85649,23.021973,26.597536,28.879915,26.083729,23.372198,21.395472,17.665766,15.082637,12.73808,9.973895
8,23.981813,20.318548,18.9117,14.327195,12.364257,11.430665,7.346084,5.636441,0.0,4.3664713,7.6636724,9.874622,10.06259,8.559814,13.054387,10.304481,14.533277,13.998426,19.31144,19.546213,23.962395,26.28118,27.317024,30.45327,30.476473,29.257536,25.939194,23.18913,19.959278,16.688028,15.896634,10.391628,14.575141,9.012154,13.748265,13.312682,17.60611,19.021032,13.530153,11.558573,15.726056,15.263332,18.608194,19.83028,21.954786,24.818321,28.403765,30.36479,32.401176,28.838085,30.202023,26.047153,26.368393,27.211319,23.066027,21.908545,22.231531,25.390686,30.362476,31.14836,33.072903,27.138618,32.41241,34.692184,36.08848,32.15114,36.250343,35.316307,30.731846,29.210611,26.981539,23.924135,22.574436,19.291206,20.661581,15.807488,18.617338,14.541173,16.083506,15.626116,11.7966795,10.150885,7.93542,9.316576,9.242759,11.349299,13.310929,15.746929,20.540768,22.992453,26.37928,29.531542,31.549019,30.513186,28.079374,33.45518,31.768627,31.746305,28.693933,29.42863,26.55603,23.206913,23.360302,20.604702,25.46059,21.477333,25.639963,28.42683,26.256672,23.174894,22.689226,17.69039,16.565775,13.97202,12.990368
9,27.85548,24.188904,22.339209,18.086132,15.625212,14.174767,10.409768,6.8409734,4.3664713,0.0,5.2595425,7.1637096,9.176709,8.360888,13.9356985,12.691972,16.842745,17.310812,21.943022,23.074371,27.242676,29.799335,31.204134,34.20429,33.944683,32.816174,29.076681,26.788084,22.864567,20.157902,18.055428,13.101958,15.6763935,10.293827,14.473909,12.463178,17.49582,20.048609,15.376742,14.439673,17.982498,18.630861,21.47243,23.31765,24.829695,28.347042,31.484356,33.679123,35.30067,31.395882,32.406338,28.094067,27.759296,28.287174,24.129774,23.624586,23.798464,27.361584,31.93127,32.62935,35.195744,29.231052,34.332897,36.916454,38.620106,35.03865,39.11215,38.495174,33.845074,32.526814,29.948244,27.253849,25.450514,22.581367,23.147005,18.720474,20.661173,16.463673,18.005857,16.597733,12.198451,9.536153,9.633047,12.338179,13.1476145,15.498025,17.490332,20.072529,24.897284,27.323854,30.712399,33.839157,35.878906,34.75133,32.29314,37.65641,35.79712,35.60179,32.45646,33.119217,30.118416,26.590597,27.223318,24.69537,29.635584,25.820593,30.005447,32.771923,30.532354,27.489082,26.705622,21.924025,20.450178,17.690762,16.04912
10,31.356077,27.847008,26.299925,21.877857,19.948465,18.036112,14.87605,11.072917,7.6636724,5.2595425,0.0,5.0773625,8.665415,10.049172,14.733597,14.717759,19.070395,19.744234,24.748802,25.720264,30.458609,32.505836,33.91924,36.55337,36.25127,34.70724,31.086597,28.603426,24.153833,21.629074,18.02561,13.623928,13.696496,8.267286,11.027681,7.7195697,12.776753,16.118876,12.547889,13.182296,16.034441,18.365133,21.002222,23.627262,24.994102,29.034472,32.365314,35.12528,36.575424,32.36726,33.522808,29.515442,28.837814,30.007797,25.358427,24.988672,24.372208,27.761177,32.343914,32.206257,35.03136,28.560532,33.084793,36.03449,38.096622,34.51211,38.13825,37.72477,33.03782,31.64766,28.745203,26.184906,23.648407,21.277205,20.601082,16.918848,17.703207,13.761281,15.808986,14.015171,9.241619,7.4320016,10.350641,12.482285,14.521235,16.458256,19.478828,21.509178,26.988018,29.423237,32.99872,36.162224,37.70852,36.27648,33.28617,38.418167,36.005943,35.34375,31.949125,32.266502,29.075294,25.348433,26.825987,25.097818,30.082544,27.210691,31.79805,34.677967,32.886856,29.754377,29.413235,24.066914,23.177668,19.791256,18.898312
11,33.54738,29.637957,28.619152,23.866135,21.697252,21.034916,16.40862,13.958986,9.874622,7.1637096,5.0773625,0.0,5.016171,7.343523,11.751508,13.40799,17.258108,19.13548,23.13607,25.234064,29.709227,31.864536,33.998226,36.180695,35.35234,33.94325,29.733107,28.044035,22.71043,21.144642,16.295424,13.04966,12.139533,8.8040495,11.234476,8.315203,13.972623,17.31968,14.348268,14.700661,16.260015,18.852013,20.368956,23.51201,23.773073,28.580727,30.97381,33.952385,34.766186,30.222149,30.910938,26.82664,25.506844,26.449492,21.853615,22.10869,21.38595,25.125488,29.145302,29.123327,32.553394,26.43376,30.927668,34.012146,36.28341,33.36172,37.18486,37.254433,32.586544,31.804707,28.533243,26.922688,24.404766,22.867043,22.22688,19.344353,20.688786,17.299456,20.083733,18.687725,13.934909,12.501583,14.9365225,16.570616,17.915419,19.177324,22.438463,23.439499,29.067373,30.91271,34.699825,37.595127,39.083458,37.22096,34.45673,39.631283,37.0702,36.32015,33.062263,33.764355,30.557127,26.730549,28.649431,26.674467,31.939484,29.275867,33.824566,36.93584,35.26981,32.035477,32.28797,26.822395,26.269615,23.362913,22.553131
12,31.790691,27.640276,27.501143,22.37778,20.498833,21.207813,15.490128,15.086526,10.06259,9.176709,8.665415,5.016171,0.0,3.8742034,6.7692804,9.277362,12.729579,15.1539755,18.719849,21.175985,25.646738,27.62093,30.123278,31.933062,30.85302,29.452925,25.05279,23.716963,18.003511,16.979166,11.698145,9.249097,8.8375225,7.417481,10.321795,9.928803,14.990826,17.00203,13.603347,12.887465,13.675421,15.619814,16.390844,19.586079,19.26232,24.315035,26.233438,29.258486,29.863375,25.266348,25.89656,21.827452,20.563847,21.713655,16.987726,17.121897,16.393175,20.172712,24.227743,24.434977,27.77201,21.891376,26.671589,29.5833,31.741798,29.033419,33.10512,33.299145,28.682785,28.272371,24.965797,23.912537,21.812313,20.703798,20.784351,18.262148,20.770786,17.882158,21.240795,20.80999,16.314713,15.63121,16.625732,17.108246,17.541517,17.863054,21.353214,21.108122,26.773193,28.019907,31.953968,34.57191,35.918533,33.721535,31.174423,36.33688,33.77191,33.0748,30.028072,31.133467,28.030968,24.275854,26.232716,23.935217,29.32393,26.877134,31.320332,34.617928,33.20277,29.90782,30.978539,25.341736,25.443214,23.09043,22.888178
13,28.95297,24.674534,24.534689,19.479053,17.371834,18.769066,12.483272,13.152941,8.559814,8.360888,10.049172,7.343523,3.8742034,0.0,5.915618,6.8201222,10.230793,12.622771,15.922521,18.582552,22.669342,25.046547,27.57143,29.66153,28.620497,27.540152,23.033829,21.825201,16.564072,15.335417,11.664429,8.550645,11.008367,9.065818,13.030138,13.117903,18.11382,19.656057,15.361733,13.5525875,15.112846,15.513266,16.571602,18.975721,18.882553,23.38472,25.208689,27.736475,28.546423,24.239647,24.803062,20.43354,19.602936,20.201647,15.884569,15.7558,15.867318,19.75641,23.89155,24.87629,27.83636,22.418201,27.68558,30.214083,32.006424,29.221561,33.633312,33.591835,29.027906,28.610006,25.647493,24.373701,22.891672,21.289633,22.31831,19.144547,22.363468,19.203558,22.183308,21.94063,17.556908,16.428068,16.158638,16.751783,16.409681,16.842127,19.672695,19.623566,24.809643,25.987066,29.797434,32.366585,34.05833,32.07937,29.937948,35.26846,33.13925,32.81597,29.968124,31.313004,28.374071,24.806513,26.063654,23.173895,28.502882,25.389994,29.528734,32.752796,31.062057,27.83242,28.71791,23.457666,23.307064,21.455467,20.974125
14,29.8046,25.444424,26.550459,21.24669,19.873457,22.42621,15.858669,18.041563,13.054387,13.9356985,14.733597,11.751508,6.7692804,5.915618,0.0,5.4638557,6.9298167,10.514683,12.787384,15.959728,20.166794,21.894053,25.000202,26.233265,24.739235,23.469227,18.718073,18.128231,11.906384,12.07757,6.900489,6.9279017,8.717879,10.339485,13.121527,15.134421,19.062565,19.362564,15.660153,13.420527,13.176593,13.224994,12.60039,15.368316,13.976575,19.15536,20.119781,23.03903,23.333466,18.742739,19.240574,15.079228,14.123097,15.520758,10.70243,10.389503,10.011846,13.908754,18.06101,19.005272,21.97489,16.817024,22.175854,24.589108,26.39309,24.056787,28.59019,28.899155,24.482891,24.686121,21.561663,21.380592,20.257376,19.709106,21.074438,19.054583,22.942953,20.756773,24.370699,24.967447,20.983871,20.83781,20.267689,19.58252,18.750626,17.867386,21.16191,19.212671,24.452484,24.71174,28.703592,30.817577,32.020428,29.414684,27.393356,32.472515,30.090208,29.60885,27.033985,28.781988,25.99944,22.59249,24.28413,21.436705,26.750254,24.531582,28.556564,32.007153,30.916546,27.666475,29.795015,24.287725,25.199823,23.82438,24.2985
15,24.34907,20.003614,21.198126,15.86952,14.774911,17.804892,11.328273,14.781142,10.304481,12.691972,14.717759,13.40799,9.277362,6.8201222,5.4638557,0.0,4.476875,5.914719,10.174486,11.931334,16.507229,18.469807,20.913073,22.9095,22.027273,20.847916,16.641087,15.046533,10.355386,8.667632,7.649082,4.6607237,10.856121,10.213545,14.201398,16.557734,20.276186,20.016935,15.034778,11.5673895,13.030167,10.911016,11.865736,13.100353,13.404797,17.057997,19.143599,21.306799,22.647535,18.830482,19.947435,15.743329,16.294844,17.487743,13.34756,11.693595,12.363303,15.487589,20.360384,21.779152,23.530231,18.457832,24.21078,26.07534,27.262384,24.081911,28.761927,28.327745,23.913895,23.510595,21.092213,19.786201,19.370544,17.65175,20.180164,17.031809,21.624748,19.12216,22.149614,23.134365,19.589092,19.390617,17.310442,16.23305,14.545834,13.581149,16.238966,14.513507,19.38809,19.885794,23.775417,26.073648,27.639458,25.498129,23.6498,28.987103,27.135216,27.125504,24.625776,26.395048,23.78035,20.623474,21.220787,17.764914,22.967983,19.896893,23.75301,27.097902,25.730705,22.509628,24.438873,19.144787,19.993288,19.036978,19.649473
16,24.661455,20.243238,22.30374,17.228699,16.422087,20.581936,14.0299425,18.483027,14.533277,16.842745,19.070395,17.258108,12.729579,10.230793,6.9298167,4.476875,0.0,4.771239,6.0826283,9.352995,13.24558,15.22263,18.44926,19.906084,18.51265,17.661764,12.890891,12.414872,7.4868703,7.519509,8.027218,7.943644,13.428171,14.284037,17.72867,20.521126,23.986656,23.26373,18.626827,14.960825,15.531224,12.564346,12.19383,12.720707,11.908506,15.297117,16.145609,17.978933,18.948402,15.271173,16.084902,11.719309,12.743604,13.703916,10.179754,8.016915,9.696622,12.611407,17.141418,19.389446,20.814472,16.83821,22.769213,24.151417,25.002436,22.363262,27.347239,27.078897,22.98391,23.171913,20.986673,20.514784,20.79858,19.650787,22.70104,20.121403,25.084599,23.002872,26.090492,27.370647,23.9814,23.849874,21.494677,20.171762,18.012377,16.530687,18.700867,15.961702,20.008665,19.585714,23.354788,25.122726,26.643787,24.21568,23.010122,28.177723,26.585108,26.790775,24.77763,27.013683,24.733355,21.9662,22.35457,18.602701,23.478355,20.607676,23.876062,27.229038,26.071602,23.018297,25.599232,20.777493,22.023466,21.839012,22.639698
17,20.309654,16.028212,18.55345,13.494989,13.523738,17.917467,12.24399,17.397234,13.998426,17.310812,19.744234,19.13548,15.1539755,12.622771,10.514683,5.914719,4.771239,0.0,6.5998693,6.1037984,11.142972,12.811811,15.000652,17.196156,16.65821,15.599794,11.979761,9.787252,7.3914485,4.6790895,9.497769,7.940036,14.822875,14.593548,18.257471,21.443306,24.374662,23.051197,17.849695,13.565509,15.074517,10.548866,11.50372,10.468129,11.60646,13.181257,15.551991,16.762169,18.920767,16.143606,17.781168,14.036748,16.20008,17.479383,14.368652,11.489091,13.01065,14.831482,19.89641,21.90403,22.240961,18.109327,23.998877,24.999762,25.383282,21.874046,26.72782,25.764938,21.730522,21.277906,19.778074,18.308975,19.203344,17.231684,21.137989,17.99853,23.363634,21.370747,23.98737,25.742071,22.975836,23.14104,19.798431,17.81386,15.028262,13.100571,14.722158,11.588025,15.255538,14.910167,18.689104,20.64643,22.311605,20.224884,19.007635,24.350624,23.131716,23.685862,21.736902,23.92453,21.844318,19.408117,18.87243,14.726596,19.379086,16.012562,19.174852,22.496464,21.308393,18.250788,21.04021,16.281483,17.903866,18.142063,19.485397
18,23.108997,18.854443,21.923563,17.611563,17.343798,22.690332,16.70007,22.286823,19.31144,21.943022,24.748802,23.13607,18.719849,15.922521,12.787384,10.174486,6.0826283,6.5998693,0.0,6.16129,7.7937865,10.208046,14.179622,15.361412,13.62883,13.67225,8.718485,9.745092,7.6759267,8.783248,12.689867,13.338394,19.03343,20.044563,23.439754,26.5031,29.731434,28.516138,23.791458,19.730608,20.296392,16.097113,15.370879,14.218435,13.280415,14.616164,14.244038,14.592663,15.70996,13.335914,13.931153,9.956139,12.55416,12.657967,11.34973,8.597252,11.663122,13.226619,16.911606,20.316542,20.566883,18.44045,24.252417,24.682634,24.698631,22.451202,27.611729,27.122925,23.670479,24.195896,22.832596,22.677896,24.002918,22.876984,26.77298,24.26572,29.64189,27.795233,30.552608,32.186512,29.160257,28.992714,25.83052,24.264578,21.402271,19.604668,20.668709,17.35587,19.671745,18.23161,21.456112,22.507107,24.246515,21.91783,21.878386,26.742067,25.974072,26.776508,25.5188,28.192263,26.5033,24.45202,23.950474,19.768147,23.792828,20.716969,22.844389,25.941229,24.85558,22.224989,25.270193,21.530273,23.018663,23.966923,24.904753
19,18.470764,14.615472,18.630611,14.598832,15.623717,20.901596,16.273071,22.153893,19.546213,23.074371,25.720264,25.234064,21.175985,18.582552,15.959728,11.931334,9.352995,6.1037984,6.16129,0.0,5.8234153,6.7934694,9.130595,11.313801,11.025598,10.456552,7.816961,5.6179047,7.9127607,6.5169554,13.799434,13.6008415,20.011219,20.340996,23.641163,27.256317,29.715511,27.721882,22.711737,18.268408,19.389599,13.896089,14.190224,11.2948475,12.461138,11.301786,13.034037,12.6108885,15.540083,14.385629,16.277534,13.49471,17.012218,18.108883,16.43921,13.033329,15.182445,15.59439,20.097181,22.74615,21.704426,19.17578,24.787859,24.806782,24.291597,20.917612,25.792143,24.447578,21.158607,20.95695,20.489182,19.36795,21.465364,19.71269,24.429874,21.70395,27.360874,25.882322,28.179821,30.421385,28.191147,28.543737,24.571342,22.150522,18.82196,16.391197,16.85973,12.708689,14.041483,12.155295,15.375551,16.46623,18.192194,16.093594,16.141087,21.118938,20.805883,22.033907,20.987474,23.64074,22.318653,20.834522,19.309664,14.87942,18.283222,15.042373,16.779568,19.863907,19.042429,16.493507,20.262388,16.726307,18.996008,20.470835,22.262388
20,19.014921,15.546847,19.878016,17.012205,17.90891,23.84328,19.51537,25.811422,23.962395,27.242676,30.458609,29.709227,25.646738,22.669342,20.166794,16.507229,13.24558,11.142972,7.7937865,5.8234153,0.0,4.399827,7.731952,9.697424,9.011436,10.346464,8.268079,8.8530855,12.224231,12.199453,18.872791,18.98496,25.336733,25.727629,29.206898,32.580677,35.344322,33.500725,28.46515,24.016644,25.134508,19.702204,19.628008,16.627726,17.054173,15.198307,15.172856,13.14478,15.687638,15.859887,16.993034,14.68055,18.468536,18.427792,18.387493,15.377971,18.292273,18.43967,21.736338,25.309902,23.910818,22.939867,28.314806,27.780174,26.770391,24.190685,29.050144,27.769835,25.123629,25.33421,25.259544,24.574049,26.9933,25.360176,30.190638,27.44714,33.1049,31.509535,33.587307,35.71609,33.433765,33.410625,29.171955,27.141035,23.593052,21.525238,21.10923,17.586472,17.272017,14.824142,16.884382,17.051435,19.229477,17.635084,19.102493,23.419691,24.01544,25.710527,25.314611,28.152067,27.25199,26.180529,24.253954,19.821999,22.344868,18.895823,19.2949,21.77006,20.765322,18.907614,22.342972,20.288528,22.090593,24.35647,25.679781
21,20.149769,17.225567,22.129066,19.308414,20.797976,26.410084,22.41873,28.54801,26.28118,29.799335,32.505836,31.864536,27.62093,25.046547,21.894053,18.469807,15.22263,12.811811,10.208046,6.7934694,4.399827,0.0,5.029058,5.469667,5.0181684,6.1762285,6.200648,6.536354,11.862487,12.202425,19.218008,20.072166,25.896639,26.891537,29.838675,33.762184,35.903046,33.448204,28.797007,24.409784,24.972294,19.332508,18.79931,15.214444,15.662187,12.473964,12.306501,9.5055895,12.799569,13.993086,15.7298765,14.532875,18.84053,19.644073,19.54183,16.17883,18.572424,17.705666,20.984371,24.178137,21.84716,21.399534,26.322052,25.30483,23.853876,21.184452,25.800201,24.318375,22.143951,22.491323,22.936317,22.597624,25.520388,24.324432,29.335669,27.226429,32.940304,31.9297,34.11214,36.660954,34.72842,35.216064,31.018856,28.38394,24.883797,22.218964,22.0902,17.535234,16.903484,13.61514,15.519286,15.05573,16.45529,14.302378,16.145393,19.953014,20.651178,22.445127,22.520607,25.540712,25.032978,24.463959,22.450706,18.350061,20.216206,17.829279,17.842026,20.32148,20.141499,18.469194,22.915363,20.763166,23.380512,25.641577,27.647886
22,16.877972,14.845251,20.21196,18.220505,20.48495,25.734514,23.001415,29.04636,27.317024,31.204134,33.91924,33.998226,30.123278,27.57143,25.000202,20.913073,18.44926,15.000652,14.179622,9.130595,7.731952,5.029058,0.0,4.859366,7.537065,8.024043,10.513506,8.597862,15.111094,14.093004,21.88401,21.947128,28.07593,28.371738,31.329601,35.31831,37.074913,34.31715,29.508612,25.073467,26.181398,20.132048,20.486681,16.20527,18.058378,13.553632,15.086126,12.035215,16.230207,17.92101,20.138847,19.189571,23.511818,24.560293,24.068079,20.562084,22.63918,21.65605,25.350298,28.048183,25.263535,24.380018,29.059214,27.907484,26.20349,22.803259,26.926586,24.748976,22.852077,22.486048,23.675488,22.44317,25.764902,23.9958,29.370779,27.006132,32.644863,31.793493,33.436653,36.263077,34.926193,35.605774,30.903872,27.94269,24.253902,21.50519,20.6023,16.179857,13.90717,10.180786,11.133495,10.198125,11.9003935,10.605165,13.211115,16.739843,18.363409,20.710232,21.099657,23.901493,23.823132,23.82509,20.854198,16.85536,17.579517,14.9917145,13.87221,15.902948,15.940177,14.791851,19.550245,18.308374,21.222092,23.987072,26.382332
23,21.656199,19.674828,25.01405,22.721096,24.80916,30.077177,26.79419,32.77095,30.45327,34.20429,36.55337,36.180695,31.933062,29.66153,26.233265,22.9095,19.906084,17.196156,15.361412,11.313801,9.697424,5.469667,4.859366,0.0,3.8121078,4.5641212,8.935687,8.613742,15.113844,15.44555,22.493483,23.73818,29.055273,30.362688,32.818867,37.17079,38.64558,35.57106,31.31452,27.063957,27.26218,21.512133,20.788261,16.635107,17.396648,12.512345,12.410558,8.43974,12.532731,15.333189,17.543371,17.698298,22.221188,23.588253,23.589815,20.114975,21.967402,20.148426,23.131653,25.813623,22.347399,22.668655,26.771057,25.071384,22.938915,20.204409,24.157667,22.233229,20.997555,21.352049,22.728558,22.596556,26.146643,25.292591,30.479012,28.97219,34.60184,34.201992,36.25308,39.230698,37.811428,38.74917,34.43973,31.278275,27.79991,24.71426,24.494267,19.351631,17.760033,13.718611,14.712574,13.127578,13.465643,11.043791,13.949108,16.489555,17.863932,20.02262,20.965576,24.070175,24.273748,24.55369,22.15365,18.671064,19.160446,18.046309,17.042961,19.079535,19.875381,18.802292,24.024734,22.389946,25.646408,28.108467,30.703419
24,24.253422,21.75218,26.854038,24.105137,25.723156,31.205679,27.152586,33.143894,30.476473,33.944683,36.25127,35.35234,30.85302,28.620497,24.739235,22.027273,18.51265,16.65821,13.62883,11.025598,9.011436,5.0181684,7.537065,3.8121078,0.0,3.4238145,6.319168,8.257162,13.571275,15.036142,21.270092,23.188835,28.129936,30.013123,32.392242,36.70513,38.409653,35.52923,31.456104,27.286266,27.03162,21.65547,20.216038,16.636787,16.220352,12.351791,10.457406,6.3089614,9.48473,12.392073,14.172039,14.553562,19.074526,20.298903,20.76563,17.479498,19.477304,17.541687,19.947119,23.032297,19.745525,20.741014,24.876822,23.159796,21.129044,19.16259,23.439457,22.121576,20.795921,21.778057,22.619364,23.250622,26.51169,26.132378,31.022589,29.759962,35.41094,34.93508,37.35525,40.14847,38.334717,39.152798,35.205627,32.26216,28.920582,25.895344,26.150923,20.948671,20.289589,16.488306,18.022469,16.764448,17.10699,14.302892,16.625275,19.321995,20.028395,21.752354,22.495216,25.734486,25.659184,25.56717,23.85731,20.350576,21.56597,20.536152,20.190714,22.500156,23.102842,21.716616,26.759024,24.615252,27.685762,29.860928,32.206684
25,24.296505,21.764765,26.836163,23.71596,25.486965,30.59605,26.57889,32.28173,29.257536,32.816174,34.70724,33.94325,29.452925,27.540152,23.469227,20.847916,17.661764,15.599794,13.67225,10.456552,10.346464,6.1762285,8.024043,4.5641212,3.4238145,0.0,5.682699,6.1530967,11.782174,13.121825,19.231327,21.370342,25.91737,28.019936,30.05592,34.610043,35.934525,32.784344,28.965929,24.93265,24.387094,19.07913,17.486631,13.765665,13.527135,9.093522,7.865653,4.049641,8.463129,10.955495,13.487184,14.011661,18.517767,20.498768,20.212881,16.707336,18.149006,15.906385,18.899364,21.328423,17.814217,18.237423,22.280579,20.621859,18.640509,16.106445,20.37611,18.906906,17.443972,18.354635,19.27564,19.977621,23.32695,23.179333,28.012568,27.098625,32.67981,32.50136,35.03325,37.98461,36.328655,37.45758,33.69912,30.460674,27.30021,24.00204,24.698029,19.026709,18.900017,15.099994,17.06119,16.071117,15.856455,12.435786,14.1030245,16.912224,17.079514,18.578201,19.241392,22.516851,22.427343,22.393702,20.899529,17.66034,18.925537,18.579262,18.683554,21.26136,22.216965,20.606146,26.021763,23.290358,26.7335,28.56488,31.250874
26,25.08276,21.712894,26.174297,22.386574,23.381569,28.653551,23.63462,29.263132,25.939194,29.076681,31.086597,29.733107,25.05279,23.033829,18.718073,16.641087,12.890891,11.979761,8.718485,7.816961,8.268079,6.200648,10.513506,8.935687,6.319168,5.682699,0.0,5.2985168,7.6711464,10.314277,15.408503,17.887054,22.409548,24.757961,27.051413,31.249834,33.214737,30.696165,26.756681,22.750587,22.109182,17.30335,15.291268,12.688177,11.142726,9.581665,7.1819134,5.9821787,7.8876047,7.8630066,9.755612,8.8785305,13.356436,15.06851,14.721928,11.276284,13.2306795,11.738968,14.8800335,18.001062,15.834565,15.732677,20.626163,19.719992,18.5961,16.597054,21.547333,20.866373,18.485176,19.688946,19.381025,20.353052,22.878096,22.78514,27.174122,25.990082,31.569897,30.893873,33.77918,36.265324,33.97093,34.717827,31.39493,28.696426,25.716528,22.7945,23.974455,18.780422,20.008875,16.98337,19.733088,19.585175,20.092203,16.849445,17.576506,21.321606,20.7352,21.699629,21.499243,24.67266,23.829594,22.854574,22.159246,18.546646,21.24367,20.054613,21.22396,24.193726,24.412586,22.257002,26.981934,23.558756,26.418646,27.803879,29.915869
27,21.488792,18.305256,22.837296,18.956821,20.502691,25.277409,20.990776,26.425255,23.18913,26.788084,28.603426,28.044035,23.716963,21.825201,18.128231,15.046533,12.414872,9.787252,9.745092,5.6179047,8.8530855,6.536354,8.597862,8.613742,8.257162,6.1530967,5.2985168,0.0,6.9601865,7.043602,13.936235,15.366262,20.442953,22.012009,24.332722,28.71934,30.275108,27.43246,23.209547,19.035902,18.952572,13.431462,12.497931,8.778405,9.52566,6.3527737,8.187311,7.7722487,11.436929,11.038931,13.823407,12.547017,16.62131,18.844559,17.209755,13.471756,14.761613,13.609717,18.08079,20.126207,17.904354,15.982366,21.01856,20.45241,19.471348,15.921969,20.655567,19.191233,16.329723,16.511354,16.566,16.307207,19.098797,18.334135,23.156048,21.642313,27.304527,26.74831,29.349157,32.107464,30.269482,31.326235,27.688496,24.542482,21.490664,18.268566,19.409351,13.809883,15.105556,12.184862,15.344757,15.721245,16.153297,12.947192,12.926451,17.32282,16.621876,17.704777,17.16782,20.19153,19.295792,18.40322,17.15471,13.355398,16.095457,14.836399,16.355797,19.53481,19.882416,17.536383,22.544432,18.781431,22.058554,23.350632,25.941463
28,25.54133,21.6721,25.120308,20.3102,20.798038,25.090103,19.52041,24.178675,19.959278,22.864567,24.153833,22.71043,18.003511,16.564072,11.906384,10.355386,7.4868703,7.3914485,7.6759267,7.9127607,12.224231,11.862487,15.111094,15.113844,13.571275,11.782174,7.6711464,6.9601865,0.0,4.834524,7.7511206,10.723065,14.740465,17.401508,19.474382,23.691502,25.678562,23.440002,19.613226,15.885696,14.894403,10.88304,8.556304,7.7327933,5.6076527,8.370136,8.818551,11.26273,12.521365,9.101447,11.2401905,8.475265,11.33249,14.174631,11.19288,7.532665,8.187294,8.197564,13.495287,15.268594,14.92068,11.507697,17.332355,17.915844,18.179804,15.290487,20.382336,20.02087,16.278913,17.002241,15.308481,15.92669,17.292185,17.264994,20.936335,19.771193,25.116627,24.30414,27.63249,29.85209,27.248241,28.162004,25.62565,23.003002,20.674118,17.840303,20.307404,15.350667,18.911207,17.203474,20.960644,22.025715,22.518204,19.22374,18.060886,22.639818,20.75734,20.843493,19.380886,22.097622,20.315596,18.250597,18.753235,15.392904,19.623009,18.47391,21.355501,24.82275,24.772552,21.915531,26.124569,21.250463,23.93042,24.129992,26.188662
29,21.668964,17.860296,21.074903,16.162647,16.988035,20.898178,15.960112,20.6008,16.688028,20.157902,21.629074,21.144642,16.979166,15.335417,12.07757,8.667632,7.519509,4.6790895,8.783248,6.5169554,12.199453,12.202425,14.093004,15.44555,15.036142,13.121825,10.314277,7.043602,4.834524,0.0,8.06041,8.338585,13.997653,15.011285,17.650417,21.782684,23.71346,21.438581,16.816923,12.590346,12.973872,7.7444882,7.8433356,5.921908,7.5537868,8.739636,11.999605,13.783881,16.257223,13.583993,15.983924,13.1558485,15.807882,18.218996,14.899378,11.499664,12.104494,12.7105665,18.223383,19.52667,19.095022,14.7273245,20.397175,21.18279,21.418402,17.475628,22.213562,21.121939,17.08697,16.652493,15.3049755,14.141123,15.520015,14.183517,18.407902,16.234446,21.807775,20.704967,23.628252,25.980343,23.694489,24.668734,21.569376,18.679417,16.104183,13.158704,15.494809,10.607447,14.594587,13.574064,17.573502,19.265139,20.090523,17.34942,15.664102,20.803076,19.092669,19.390734,17.495596,19.875349,17.907778,15.692132,15.459163,11.623043,16.249313,14.275789,17.617281,21.143305,20.80528,17.75749,21.685564,16.533731,19.243786,19.356897,21.63164
30,28.71951,24.727114,26.884647,21.537888,21.346867,24.06989,18.329899,21.130257,15.896634,18.055428,18.02561,16.295424,11.698145,11.664429,6.900489,7.649082,8.027218,9.497769,12.689867,13.799434,18.872791,19.218008,21.88401,22.493483,21.270092,19.231327,15.408503,13.936235,7.7511206,8.06041,0.0,5.718311,7.0445757,10.776344,12.17753,16.342218,18.397978,16.77739,13.459419,10.7558365,8.859965,8.039191,5.8510165,9.183983,7.584674,13.153422,14.887166,18.387907,19.112682,14.680362,16.281034,13.191394,13.521549,16.656425,11.811274,9.813289,8.232146,10.2748375,15.651262,15.615313,17.326162,11.303287,16.804146,18.995132,20.61534,17.575212,21.990717,22.10067,17.62228,17.81769,14.706666,14.925302,14.230422,14.480144,16.396921,15.496162,20.008759,19.027794,22.949484,24.633121,21.569893,22.683138,21.570696,19.318758,18.227026,15.951541,19.803432,16.016592,21.413973,21.08673,25.19484,27.055708,27.485733,24.39113,21.972712,26.692032,23.87626,23.11463,20.604954,22.494719,19.842134,16.64958,18.730713,16.337214,21.469913,20.575027,24.663511,28.248749,27.972862,24.753437,28.088186,22.219625,24.381351,23.175434,24.939116
31,25.205437,21.21782,22.504549,17.100105,16.652964,18.648922,13.21062,15.5729885,10.391628,13.101958,13.623928,13.04966,9.249097,8.550645,6.9279017,4.6607237,7.943644,7.940036,13.338394,13.6008415,18.98496,20.072166,21.947128,23.73818,23.188835,21.370342,17.887054,15.366262,10.723065,8.338585,5.718311,0.0,7.4215374,6.9515643,10.3507395,13.710469,16.527233,15.629652,10.694427,7.213524,8.432655,7.028106,8.635169,10.703468,11.755715,15.6809845,18.795229,21.53753,23.139708,19.240427,20.940182,17.351597,17.976543,20.177822,15.52249,13.612782,13.119572,15.591855,20.96253,21.306023,22.830818,16.805727,22.188581,24.321053,25.719809,21.99647,26.255901,25.710474,21.109856,20.306257,17.67676,15.989964,15.055263,13.407041,15.554448,12.721638,17.300352,15.254584,18.699183,20.088638,16.888445,17.626457,15.985159,14.005816,12.9057455,11.306418,15.112189,12.809747,18.57402,19.31158,23.377628,25.842798,26.864202,24.533796,21.937689,27.114254,24.71018,24.280241,21.423561,22.863256,20.012691,16.590508,17.818727,15.037858,20.429804,18.261047,22.662333,26.110197,25.20398,21.8803,24.19687,18.236189,19.705402,18.094397,19.49429
32,32.2545,28.444437,29.555481,24.200293,23.633558,24.661634,19.599844,20.203901,14.575141,15.6763935,13.696496,12.139533,8.8375225,11.008367,8.717879,10.856121,13.428171,14.822875,19.03343,20.011219,25.336733,25.896639,28.07593,29.055273,28.129936,25.91737,22.409548,20.442953,14.740465,13.997653,7.0445757,7.4215374,0.0,6.4176283,5.7241426,9.859346,11.687077,11.0270195,8.885338,8.641132,6.087115,10.01932,9.574903,13.89064,13.3967905,18.811827,21.274366,25.050554,25.747349,21.180437,22.63467,19.694544,19.026022,21.987738,16.784193,15.906935,13.738516,16.056522,20.769182,19.491688,22.09447,15.266711,19.418428,22.499842,24.829126,21.710283,25.199144,25.475754,20.866783,20.460062,16.8147,16.366877,13.813884,14.137424,13.662702,13.183452,16.026491,14.978502,19.304535,20.32547,17.011885,18.495724,19.145243,17.380995,17.800495,16.3536,20.955956,18.572573,24.720312,25.378515,29.489046,31.833178,32.17629,29.352867,26.189762,30.77513,27.462023,26.158983,23.031183,24.031116,20.89638,17.12299,20.244108,18.976376,24.186445,23.59587,28.278845,31.763618,31.377056,28.066847,30.595634,24.310734,25.960602,23.598248,25.077993
33,29.025259,25.390642,25.47295,20.349388,19.500973,19.32292,15.117341,14.458584,9.012154,10.293827,8.267286,8.8040495,7.417481,9.065818,10.339485,10.213545,14.284037,14.593548,20.044563,20.340996,25.727629,26.891537,28.371738,30.362688,30.013123,28.019936,24.757961,22.012009,17.401508,15.011285,10.776344,6.9515643,6.4176283,0.0,4.944534,6.981872,10.279207,10.968366,6.3566313,6.008543,7.931976,10.614937,12.896675,15.904049,17.21924,21.410467,24.929827,28.039627,29.530096,25.374716,26.986702,23.511435,23.328281,25.534859,20.53385,19.436811,18.252724,20.935434,25.981958,25.386105,27.605204,20.876564,25.371262,28.17051,30.128313,26.339235,29.887545,29.47354,24.785875,23.513,20.508709,18.290663,15.838683,14.067299,13.871427,10.947727,13.467548,10.780271,14.521723,14.957809,11.207882,12.285987,12.813882,11.639961,12.648471,12.391454,16.753279,16.299154,22.445078,24.122372,28.041502,30.901333,31.806509,29.755796,26.527693,31.475626,28.65585,27.751734,24.39463,24.977825,21.758911,17.934113,19.994295,18.428185,23.650007,21.855421,26.675186,29.915401,28.907436,25.606407,26.947779,20.797035,21.565271,18.640463,19.581392
34,32.94075,29.503809,29.844034,24.769,24.220337,23.794281,19.999918,18.982775,13.748265,14.473909,11.027681,11.234476,10.321795,13.030138,13.121527,14.201398,17.72867,18.257471,23.439754,23.641163,29.206898,29.838675,31.329601,32.818867,32.392242,30.05592,27.051413,24.332722,19.474382,17.650417,12.17753,10.3507395,5.7241426,4.944534,0.0,5.431279,6.329001,6.6961036,4.968449,7.506402,6.680968,11.882644,13.24447,17.034193,17.905111,22.477684,25.93396,29.551775,30.753096,26.444168,28.150003,25.221972,24.716496,27.5184,22.324512,21.410252,19.427847,21.624435,26.428381,24.85233,27.225191,20.163767,23.722944,26.880709,29.213566,25.56418,28.470541,28.36432,23.777689,22.557304,19.184975,17.480583,14.130093,13.582415,11.576282,10.664167,11.76347,10.443939,14.781067,15.3654585,12.25015,14.384163,16.139744,14.557242,16.189001,15.460403,20.220743,19.111063,25.401705,26.88055,30.822584,33.55628,33.913383,31.540958,27.914165,32.404305,29.023441,27.5803,24.090158,24.33003,21.012321,17.113419,20.290442,19.76885,24.730715,24.147184,29.089327,32.350395,31.84568,28.587465,30.377874,24.035625,25.28996,22.13985,23.537788
