,0,1,2,3,4,5,6,7,8,9,10,11,12,13,14,15,16,17,18,19,20,21,22,23,24,25,26,27,28,29,30,31,32,33,34,35,36,37,38,39,40,41,42,43,44,45,46,47,48,49,50,51,52,53,54,55,56,57,58,59,60,61,62,63,64,65,66,67,68,69,70,71,72,73,74,75,76,77,78,79,80,81,82,83,84,85,86,87,88,89,90,91,92,93,94,95,96,97,98,99,100,101,102,103,104,105,106,107,108
0,0.0,4.2644644,6.907413,9.906854,12.205438,14.761181,17.619017,21.136345,24.773317,26.677774,31.81424,31.48633,29.23323,28.36924,23.5463,23.556105,18.471766,18.848312,16.10896,14.986272,15.765502,11.390589,15.944267,18.022131,17.266409,17.414074,22.32665,22.325373,22.412819,23.190975,26.731913,25.168432,32.13781,29.401035,33.964798,35.616867,36.632187,36.60462,31.893288,27.957544,32.886898,28.732065,30.613405,28.755388,28.728443,26.226788,27.127375,26.76942,29.999823,32.90826,33.967667,38.19424,40.923473,42.742714,39.49788,42.94872,39.30676,40.860466,43.241272,44.523647,41.392765,43.889324,39.714962,39.934093,38.08889,36.2776,37.65087,33.486916,33.5335,28.542408,26.621601,30.849796,29.467533,34.337902,34.800594,35.63057,39.053757,38.343906,40.64237,42.5837,40.62781,37.234047,34.69518,31.308277,29.169888,25.945591,24.308855,19.375523,18.435345,17.690393,16.611252,13.920252,16.693762,20.472898,23.04882,23.589182,28.02856,29.046284,34.12724,34.15203,39.596775,38.903526,37.34604,34.441624,31.743956,27.692753,25.436163,22.166857,19.571198
1,4.2644644,0.0,5.1408567,6.993294,8.541243,12.159407,13.946917,18.232897,21.376709,23.559034,28.42005,28.424253,26.574661,25.574005,20.961134,20.485733,15.733716,15.358976,13.230867,11.2138405,12.46693,8.69716,13.455793,14.741063,14.616165,14.208575,19.00901,18.911694,18.33632,19.397831,22.706682,21.614244,28.532732,26.22221,30.640327,32.491566,33.764153,33.529327,28.904432,24.870583,29.485607,25.146217,26.74523,24.755844,25.031145,22.308065,23.496359,23.18234,26.446781,29.203001,30.063875,34.37504,36.93561,38.72868,35.470627,38.942867,35.236603,36.89191,39.218735,40.36633,37.222244,39.64201,35.47273,35.68713,33.965107,32.140625,33.64148,29.522486,29.783758,24.744453,22.511154,26.672588,25.229187,30.08276,30.583477,31.423216,34.89839,34.301258,36.681557,38.704292,36.88714,33.376373,31.058418,27.547913,25.19794,22.111324,20.218657,15.142938,14.228026,13.594513,12.777729,10.349796,13.696567,16.867836,19.701756,19.704578,24.2637,25.047226,30.32092,30.246267,35.71489,35.19173,33.75333,30.83605,28.299189,23.942856,22.015982,18.465578,16.361702
2,6.907413,5.1408567,0.0,5.1548915,6.6609545,8.130835,11.583336,14.283801,18.213335,19.865168,25.14441,24.786749,22.465178,21.867502,16.971722,17.472982,12.712935,13.484128,12.2657585,11.580891,14.091867,11.186399,16.79875,17.849632,18.883398,18.084436,22.537067,21.981728,19.791615,20.643175,23.386467,21.85963,27.88907,24.833931,29.594969,30.848637,32.512726,32.80546,28.168516,24.42244,29.432428,25.904259,26.985144,25.809328,26.997177,24.371387,26.289745,26.216301,29.493732,31.89808,32.22726,36.696213,38.800434,40.335327,36.78457,39.963085,35.766712,37.247868,39.091667,40.306126,36.979717,39.80151,35.968204,36.034378,35.123375,32.72219,34.632526,30.47044,31.585283,26.324846,23.60911,27.634258,25.377846,30.517815,29.838564,30.877476,33.820217,32.812813,35.03046,36.66531,34.753128,31.564777,28.491302,25.352268,23.419569,20.300886,18.89313,15.079197,14.416074,15.148866,13.630241,10.581238,13.7534485,16.440538,17.790709,18.930552,22.555607,23.664701,28.285921,28.154306,33.570442,32.56757,31.024658,28.042805,25.638515,21.59175,19.257317,16.426634,13.499457
3,9.906854,6.993294,5.1548915,0.0,3.831455,6.207922,8.609995,12.766417,15.62324,18.294817,22.889626,22.19442,20.33881,18.937769,14.457305,13.741786,8.774364,9.05949,7.1392,7.0293856,9.665522,7.7752514,13.511383,14.518745,16.930885,16.640848,20.113665,18.713572,16.1618,16.218616,19.129961,16.905142,23.014915,19.933151,24.650934,26.06091,27.543608,27.724514,23.070341,19.288155,24.375467,21.05626,22.34063,21.63589,22.870758,20.884708,23.10171,23.608315,27.002737,29.055431,29.036306,33.472046,35.63949,36.736515,32.87012,35.779068,31.547567,32.766502,34.69446,36.276276,33.034935,36.31858,32.65777,33.233135,32.75741,30.74383,33.013737,29.141056,30.447792,25.368933,21.790224,25.29102,22.935959,27.447205,26.917408,27.3164,30.396357,29.243631,31.283352,33.144257,30.934013,27.692242,25.08672,21.756243,20.16014,16.489164,16.149805,12.006664,12.609462,13.803394,13.604094,11.560041,15.516353,16.770735,18.240337,18.22788,21.707243,21.994062,26.90016,25.980331,31.552319,30.643778,29.650354,26.424427,25.036732,20.00939,18.710678,15.629064,13.779743
4,12.205438,8.541243,6.6609545,3.831455,0.0,5.4045725,5.4487453,10.460489,12.923247,15.562608,20.064594,20.071093,18.643332,17.482687,13.240146,12.355102,8.465331,7.4519467,8.059782,6.2331357,10.04994,9.540445,14.5148,14.270058,16.900297,15.662316,18.998983,17.847546,14.080672,14.942778,17.10249,16.005629,21.674822,19.233356,23.731647,25.277462,27.305185,27.292715,22.855959,19.070517,23.565826,20.059298,20.627176,19.667122,21.542545,18.991161,21.580557,21.901957,25.155954,27.04586,26.821457,31.341806,33.140457,34.373886,30.638079,33.650417,29.28439,30.761545,32.482845,33.677055,30.340776,33.335487,29.65714,29.943178,29.58153,27.274862,29.610865,25.712309,27.367155,22.230782,18.545673,22.07204,19.486647,24.314257,23.521284,24.297636,27.305658,26.331013,28.581581,30.406073,28.55011,25.17756,22.555735,19.144497,17.059088,13.865708,12.632759,8.828776,9.163499,11.006193,10.601473,8.8675585,12.811388,13.282899,14.654261,14.450861,17.90086,18.216679,23.191608,22.464697,28.02301,27.262135,26.172478,23.023455,21.451345,16.392672,15.16188,11.867112,10.425084
5,14.761181,12.159407,8.130835,6.207922,5.4045725,0.0,5.964907,6.9432926,10.762692,12.727388,17.75358,16.8007,14.517616,13.737994,8.890988,9.702025,5.7074623,7.616374,9.048164,10.093296,13.856979,13.486777,18.841162,19.032196,22.097704,21.050932,24.144203,22.612173,18.16405,18.363522,19.989717,17.956596,22.251223,18.628784,23.506174,24.139057,26.433374,27.182423,22.804752,19.60263,24.60702,22.376595,22.581196,22.787518,25.273169,23.216642,26.196936,26.787018,29.99182,31.570583,30.919172,35.423885,36.86609,37.7218,33.696724,36.240906,31.482998,32.583893,33.766033,35.2051,31.771683,35.337482,32.171337,32.431053,32.966373,30.240396,32.940475,29.14746,31.4762,26.340836,22.401562,25.553102,22.27089,27.018806,24.920523,25.703255,27.962515,26.369177,28.2394,29.54606,27.398792,24.5882,20.978098,18.218176,17.124466,13.78473,13.987874,12.379472,13.151381,15.814073,14.89099,12.7829075,16.011711,16.153954,15.627109,16.792822,18.738552,19.334616,23.213076,22.21348,27.599699,26.14101,25.061497,21.79673,20.750433,16.152586,14.597647,12.729263,10.376565
6,17.619017,13.946917,11.583336,8.609995,5.4487453,5.964907,0.0,6.7588477,7.6824183,10.850312,14.780363,15.090325,14.327062,13.123489,9.708993,8.281488,6.8494806,4.675494,9.026136,7.817614,12.078893,13.470866,17.536459,16.32201,19.94011,18.252338,20.503975,18.968252,13.286011,14.124741,14.8422365,14.2544985,18.280916,16.089512,20.362522,21.659414,24.400234,24.487709,20.450321,17.099087,21.022942,18.304451,17.774614,17.617214,20.705376,18.310242,21.682846,22.3029,25.299053,26.522533,25.559965,30.055658,31.191921,32.062122,28.14701,30.789963,26.017286,27.410034,28.575497,29.655043,26.196253,29.476748,26.23721,26.475172,27.140282,24.482416,27.344893,23.753065,26.354935,21.437021,17.019796,19.806862,16.402027,21.062769,19.131292,19.968336,22.496433,21.274897,23.47318,25.111845,23.361177,20.08102,17.198666,13.872224,11.889671,8.881816,8.161086,6.986416,8.416524,11.820367,11.734866,11.033958,14.29059,12.703096,12.661203,12.194748,14.271038,14.112635,18.664404,17.415094,22.98468,22.088995,21.289238,18.002556,17.30237,11.714305,11.388265,8.675882,8.525006
7,21.136345,18.232897,14.283801,12.766417,10.460489,6.9432926,6.7588477,0.0,5.291627,5.8325925,11.2499695,10.901039,8.936893,9.361589,5.583625,7.859384,8.345428,9.337997,13.663738,14.220191,18.370829,19.285856,23.918663,23.04068,26.55003,24.711468,27.168327,25.684689,19.630653,20.286245,20.281446,19.345415,21.419353,18.293377,22.629091,22.721504,26.036173,26.977512,23.294933,20.790693,24.82278,23.452356,22.2819,23.086397,26.77071,24.53248,28.124664,28.70375,31.527266,32.519993,31.222797,35.637722,36.1908,36.8556,32.906185,35.095417,29.976896,31.104027,31.437105,32.41963,28.870676,32.391644,29.812284,29.628801,31.221275,27.835302,30.915543,27.430063,30.802248,25.934448,21.793169,24.269732,20.206215,24.927595,21.213778,22.55367,23.818157,21.975891,23.773071,24.470182,22.771551,20.380608,15.874233,13.870666,13.07116,11.072611,11.337076,13.138996,13.933619,17.614777,16.432096,15.0710125,17.205595,15.558206,12.89953,14.770487,14.532192,15.256177,17.726894,16.658377,21.681438,19.782074,18.653976,15.407844,14.963707,10.930533,9.605371,9.699205,8.137836
8,24.773317,21.376709,18.213335,15.62324,12.923247,10.762692,7.6824183,5.291627,0.0,4.5359364,7.2969275,7.677151,7.961004,7.415748,6.643528,6.236234,9.6604,8.9577,14.392758,14.636976,18.51965,20.668938,24.339159,22.772945,26.926542,25.025995,26.44216,24.631237,17.813976,18.273901,17.200262,16.832317,17.41331,15.146861,18.797552,18.986729,22.775476,23.46057,20.329065,18.242268,21.293587,20.469536,18.508656,19.895918,24.194756,22.331362,26.269867,27.162846,29.725729,30.1456,28.321802,32.54062,32.685818,32.95623,28.919134,30.74651,25.503336,26.516024,26.506308,27.453857,23.920856,27.70349,25.5296,25.571556,27.948954,24.723766,28.185125,25.204224,29.01164,24.626078,19.93347,21.47608,17.13629,21.07038,16.789816,17.794838,18.753025,16.737043,18.483097,19.27209,17.619434,15.117573,10.772581,8.616679,8.162229,6.7244387,8.355055,12.086012,13.747953,17.725365,17.464128,17.175964,19.317032,16.317009,13.7856045,14.119746,12.925405,12.438613,14.682363,12.500209,17.61979,15.899348,15.562568,12.06851,13.387925,8.255223,9.336014,9.681164,10.52567
9,26.677774,23.559034,19.865168,18.294817,15.562608,12.727388,10.850312,5.8325925,4.5359364,0.0,5.938384,7.2008667,6.8576064,8.585693,8.078765,9.945848,12.948941,13.066758,18.245865,18.444263,22.526405,24.194921,28.22485,26.6635,30.41209,28.142803,29.975237,28.53756,21.665438,22.578865,21.324116,21.35452,21.527792,19.241732,22.704473,22.43277,26.439384,27.39371,24.48945,22.64427,25.5804,24.909317,22.695301,23.922089,28.354462,26.11734,30.021236,30.608223,33.03541,33.497353,31.694006,35.881767,35.672153,36.12627,32.350918,34.159946,28.904829,30.024057,29.594505,30.111277,26.577856,29.94472,28.00621,27.463356,30.01109,26.218546,29.566404,26.55249,30.697796,26.315773,22.167423,23.81607,19.334364,23.6204,18.566107,20.34042,20.539825,18.54514,20.21133,20.276615,19.180925,17.30392,12.194451,11.298071,10.921691,10.902451,11.207717,15.489948,16.299767,20.271734,19.190779,18.573957,19.906532,16.968384,13.047046,14.908679,12.433489,12.9800005,13.573371,12.2923565,16.699055,14.356788,13.327335,10.118571,10.93501,7.948067,7.7974796,10.094424,10.207253
10,31.81424,28.42005,25.14441,22.889626,20.064594,17.75358,14.780363,11.2499695,7.2969275,5.938384,0.0,5.146239,8.153715,9.246628,11.622578,11.961876,16.519175,15.906701,21.371931,21.56271,25.261986,27.795397,31.050415,29.014145,33.239395,30.97383,31.84992,30.146221,22.848766,23.487951,21.166092,21.69982,19.791348,18.496439,20.787935,20.228903,24.701794,25.56335,23.595718,22.55052,24.238445,24.527472,21.474108,23.442764,28.381927,26.657867,30.777609,31.65054,33.71017,33.515278,31.134611,34.942413,34.113403,34.042454,30.30285,31.478369,26.191631,27.045937,25.874971,26.227095,22.847885,26.437996,25.36133,24.944048,28.641659,24.989317,28.68979,26.434227,31.076014,27.402647,22.986061,23.453001,18.860659,21.875366,15.820156,17.277905,16.326145,13.940466,15.183127,14.707773,13.989654,12.744696,7.384811,8.109421,9.048757,10.741775,12.219127,17.802631,19.169878,23.154602,22.777035,22.923407,24.171127,20.311256,16.54948,17.167051,13.468453,12.784263,11.727687,8.958441,12.483894,9.817233,10.159478,6.970949,11.097435,8.609644,10.922085,13.454005,15.082502
11,31.48633,28.424253,24.786749,22.19442,20.071093,16.8007,15.090325,10.901039,7.677151,7.2008667,5.146239,0.0,4.2613535,4.8941445,8.795194,9.683718,14.562112,15.135499,19.961405,21.427095,24.911518,27.292768,30.875383,29.51781,34.090206,32.437263,33.369114,31.170275,24.247904,23.966213,22.26883,21.22154,19.067478,16.336298,19.0803,17.696497,21.961214,23.523504,21.438536,20.8147,23.278868,24.422602,21.957897,24.742054,29.380745,28.337494,32.443237,33.683044,36.037487,35.928303,33.568462,37.42158,36.999996,36.561287,32.390076,33.24956,27.895746,28.184525,27.12425,28.34107,25.077435,29.513487,28.554682,28.751215,32.454784,29.19673,32.967987,30.616764,34.97103,31.069288,26.31489,26.949665,22.441353,25.171724,19.601076,20.100298,19.348154,16.372889,16.873234,16.380556,14.381325,13.735818,8.041178,9.094817,11.604413,11.401092,14.809608,19.352234,21.264822,25.254854,25.04052,24.720999,26.56343,23.355394,19.880108,20.707586,17.860245,17.168928,16.83838,13.811801,17.223738,14.422622,15.076591,12.060897,15.8131275,12.806938,14.426202,16.41826,17.132793
12,29.23323,26.574661,22.465178,20.33881,18.643332,14.517616,14.327062,8.936893,7.961004,6.8576064,8.153715,4.2613535,0.0,3.9231482,6.1284943,9.102768,12.884037,14.635962,18.901999,20.894169,24.521696,26.224987,30.442123,29.614477,33.940277,32.440556,33.987095,31.854969,25.304596,24.980354,24.03645,22.33534,21.341991,17.637224,21.181303,19.702005,23.52608,25.394552,22.746105,21.792145,25.224392,26.041468,24.191282,26.712437,30.998869,29.796274,33.763344,34.89462,37.502052,37.778477,35.73916,39.80316,39.74418,39.535767,35.2932,36.424286,31.07342,31.410803,30.706982,32.08867,28.759348,33.154896,31.813509,31.947737,35.121403,31.756708,35.357685,32.602802,36.703056,32.39726,27.803522,29.081472,24.615402,27.98865,22.809822,23.483486,23.195217,20.352148,20.997686,20.631483,18.4758,17.672968,12.123001,12.44551,14.339038,13.1739435,16.197691,19.831415,21.487091,25.412241,24.76512,23.836641,25.762638,23.31802,19.734507,21.395958,19.113964,19.095015,19.229057,16.894289,20.608929,17.707388,17.663021,14.645525,17.099575,14.292004,14.648646,16.55116,16.129307
13,28.36924,25.574005,21.867502,18.937769,17.482687,13.737994,13.123489,9.361589,7.415748,8.585693,9.246628,4.8941445,3.9231482,0.0,5.091614,6.1454935,10.661165,12.252646,16.270731,18.684103,21.946344,24.03013,27.900963,27.186548,31.861012,30.755558,31.889263,29.39607,23.061152,22.152527,21.36357,19.012026,17.876076,13.801146,17.497162,16.058334,19.74057,21.608181,18.862993,18.010145,21.579443,22.705193,21.11114,24.036911,28.147938,27.457964,31.403885,32.836987,35.510326,35.688477,33.591106,37.591278,37.777336,37.313076,32.84817,33.83583,28.528444,28.62334,28.162638,30.003376,26.746843,31.571949,30.200933,30.840374,33.997272,31.104557,34.796677,32.1473,36.011593,31.785408,26.838575,27.91786,23.620077,26.507914,21.865604,21.827957,21.944683,18.97925,19.48942,19.623854,16.861692,15.780338,10.834747,10.580518,13.001816,10.916056,15.184135,18.27431,20.528492,24.348646,24.30689,23.604523,26.056362,23.567278,20.78733,21.53528,19.911789,19.252893,20.258438,17.287855,21.401766,18.910023,19.369955,16.10745,18.94873,14.93654,15.976603,16.975077,16.981194
14,23.5463,20.961134,16.971722,14.457305,13.240146,8.890988,9.708993,5.583625,6.643528,8.078765,11.622578,8.795194,6.1284943,5.091614,0.0,4.9599457,6.928324,9.556357,13.140944,15.553974,19.11425,20.397926,24.921179,24.590782,28.79511,27.704344,29.584925,27.376322,21.51353,20.939674,21.037975,18.574087,19.56125,15.235869,19.744274,19.026974,22.1602,23.750566,20.195646,18.385923,22.841274,22.777655,21.855267,23.8869,27.524227,26.322727,30.022211,31.172905,34.08879,34.789467,33.186142,37.449497,38.087303,38.11814,33.74329,35.32966,30.117374,30.590248,30.73925,32.453014,29.05639,33.472694,31.400394,31.84802,34.099503,31.125137,34.516068,31.365969,34.795006,30.13564,25.474684,27.37729,23.266552,27.038254,23.125591,23.506908,24.430828,21.931301,23.021654,23.569124,21.046122,19.247986,14.600179,13.190813,14.150294,11.287672,14.2633,16.02844,17.850714,21.481255,21.020447,19.768831,22.390198,20.73411,18.320501,19.570292,18.997744,18.96287,20.972305,18.816807,23.561768,21.305698,20.995218,17.624662,18.849556,14.590894,14.423792,14.721569,13.691465
15,23.556105,20.485733,17.472982,13.741786,12.355102,9.702025,8.281488,7.859384,6.236234,9.945848,11.961876,9.683718,9.102768,6.1454935,4.9599457,0.0,5.457495,6.2231693,10.343269,12.641772,15.801841,18.052137,21.75923,21.122103,25.848173,25.025833,26.144857,23.55024,17.648087,16.538996,16.528965,13.755809,14.744054,10.658567,15.228409,15.148592,18.220821,19.341957,15.680862,13.6634655,17.949505,17.877115,17.017132,19.347418,22.958609,22.24112,25.998997,27.48324,30.364006,30.830982,29.077663,33.23256,34.018414,33.802795,29.272467,30.767853,25.631153,25.99344,26.435648,28.437069,25.1227,29.800446,27.679573,28.627224,30.890896,28.470242,31.962336,29.063879,32.29348,27.900576,22.82373,24.296568,20.417444,23.513308,20.26584,19.922428,21.36082,18.952826,20.080706,21.262615,18.46188,16.124933,12.589248,10.263202,11.312681,7.4513607,11.82607,13.184157,15.856228,19.3702,19.862787,19.300112,22.384043,20.237602,18.840334,18.60949,18.601006,17.638752,20.508062,17.682573,22.720846,21.05129,21.311695,17.800209,19.618185,14.173887,15.212667,14.529785,14.707895
16,18.471766,15.733716,12.712935,8.774364,8.465331,5.7074623,6.8494806,8.345428,9.6604,12.948941,16.519175,14.562112,12.884037,10.661165,6.928324,5.457495,0.0,4.622252,6.27743,9.467266,12.598651,13.705628,18.256966,18.493088,22.726883,22.332705,24.238241,21.801958,17.086823,15.974765,17.437477,14.054228,17.542967,13.22532,18.250103,18.681812,20.79667,21.742102,17.384672,14.51514,19.798895,18.584461,18.907793,20.288235,22.927568,21.97129,25.23274,26.522339,29.717127,30.789766,29.664593,33.987118,35.42063,35.60779,31.168262,33.156326,28.318619,28.883493,29.997866,32.054943,28.766666,33.108555,30.377485,31.310152,32.56416,30.321749,33.42543,30.094242,32.622593,27.861006,23.152533,25.456545,22.067871,25.750345,23.580008,23.396753,25.560284,23.556799,24.968931,26.42916,23.690485,21.052727,17.89074,15.151226,15.154525,10.943906,13.62308,12.532965,14.795745,17.696087,17.99048,16.772348,20.325975,19.44117,18.95822,18.983276,20.3697,19.940676,23.708326,21.58519,26.936533,25.454363,25.19229,21.706337,22.23022,16.802786,16.72226,15.060878,14.133635
17,18.848312,15.358976,13.484128,9.05949,7.4519467,7.616374,4.675494,9.337997,8.9577,13.066758,15.906701,15.135499,14.635962,12.252646,9.556357,6.2231693,4.622252,0.0,5.6778316,6.4458714,9.918564,12.248097,15.857966,15.118194,19.658728,18.93583,20.314959,17.88267,12.592425,11.809582,13.008264,10.591474,14.794349,11.94437,16.49255,17.86367,20.159538,20.293444,16.044308,12.653657,17.140703,14.986009,15.049541,15.870541,18.700863,17.480682,20.893324,22.194382,25.303299,26.254145,25.070047,29.411634,30.830297,31.13276,26.797026,29.030094,24.278763,25.157091,26.525028,28.325283,25.033628,29.064203,26.081617,27.079464,28.104607,26.106968,29.182915,25.966314,28.38794,23.805647,18.892988,21.023146,17.833735,21.372667,19.83345,19.565557,22.246666,20.68814,22.460747,24.370108,21.967049,18.752552,16.487906,13.041638,12.140155,7.846808,9.992636,8.309654,11.162433,14.08331,15.10865,14.737484,18.394028,16.81348,17.131733,15.917039,17.807343,16.826077,21.31943,19.131418,24.64581,23.748026,23.628992,20.188732,20.68572,14.638461,15.303179,12.857932,13.155366
18,16.10896,13.230867,12.2657585,7.1392,8.059782,9.048164,9.026136,13.663738,14.392758,18.245865,21.371931,19.961405,18.901999,16.270731,13.140944,10.343269,6.27743,5.6778316,0.0,5.347965,6.86233,8.243039,12.267005,13.15358,17.544334,18.098698,19.660858,16.892757,13.891092,12.028038,14.997592,10.896427,16.773542,13.3395815,18.009058,19.54985,20.608444,20.727793,16.0192,12.282836,17.737907,15.273011,16.966593,17.559027,18.899687,18.407646,21.04475,22.54578,25.91449,27.25653,26.59891,30.811472,32.983322,33.2506,28.868021,31.142868,26.868994,27.482431,29.456127,31.752483,28.718517,32.849533,29.664867,31.075783,31.443825,30.050777,32.81999,29.542858,31.149385,26.581793,21.98854,24.377735,21.921019,25.097685,24.646006,23.888603,26.974104,25.486395,27.059322,29.185858,26.421268,23.290073,21.507149,18.130589,17.504103,13.0489435,15.112961,11.51564,14.073803,15.784373,17.139612,16.361391,20.480858,20.128431,21.360065,20.11912,22.883488,22.011713,26.846571,24.731644,30.248926,29.409023,29.294983,25.856874,26.09364,20.14249,20.378553,17.530634,17.12415
19,14.986272,11.2138405,11.580891,7.0293856,6.2331357,10.093296,7.817614,14.220191,14.636976,18.444263,21.56271,21.427095,20.894169,18.684103,15.553974,12.641772,9.467266,6.4458714,5.347965,0.0,4.3038964,6.5032744,9.799749,9.211851,13.36072,13.125458,14.944205,12.759722,9.553731,9.196798,12.2962,10.550387,17.356493,15.722402,19.724957,22.024517,23.449125,22.8058,18.396439,14.2849,18.446894,14.364902,15.733031,14.700812,15.91406,14.252959,16.782438,17.8205,21.204195,22.832403,22.50754,26.87395,29.112543,29.952297,25.988716,28.888124,24.847107,26.117256,28.370825,30.007431,26.941277,30.219233,26.514229,27.601616,27.18308,25.860327,28.298147,24.877048,26.10621,21.508944,17.190239,19.976118,18.002357,21.591715,22.019972,21.731674,25.336166,24.53177,26.641523,29.03352,26.911919,23.278315,21.98981,18.174444,16.278206,12.568919,12.511463,7.301361,9.494303,10.610275,12.48009,12.367665,16.515272,16.047112,18.370695,16.269691,19.964083,19.075697,24.601076,23.043028,28.611994,28.327593,27.954006,24.723797,24.203373,18.24699,18.487156,14.832384,15.067516
20,15.765502,12.46693,14.091867,9.665522,10.04994,13.856979,12.078893,18.370829,18.51965,22.526405,25.261986,24.911518,24.521696,21.946344,19.11425,15.801841,12.598651,9.918564,6.86233,4.3038964,0.0,4.7883644,5.9775643,6.3524184,11.012597,12.202691,13.207454,10.409763,9.704994,8.129013,12.43441,9.936895,17.624697,16.413372,19.944338,22.652952,23.275253,22.238567,17.868193,13.658314,17.624931,13.0676775,15.605512,14.317373,14.12492,13.3990965,15.1632185,16.588873,20.039925,21.754366,21.749924,25.842455,28.659527,29.346989,25.403418,28.273003,24.764885,25.841358,28.60991,30.576859,27.819084,31.111618,27.346836,28.916912,28.093348,27.528759,29.75332,26.594948,27.1563,22.976282,18.854687,21.314005,20.089262,22.829145,24.283293,23.389643,27.327656,26.680325,28.63817,31.318779,29.02656,25.366398,24.8185,20.961866,19.289463,15.526413,15.9232,10.3966255,12.583265,12.617412,15.19642,15.394356,19.529572,19.367224,22.283522,19.680445,23.66267,22.455862,28.161825,26.397795,31.871223,31.812384,31.682074,28.47659,28.183073,22.109644,22.63097,18.852594,19.261242
21,11.390589,8.69716,11.186399,7.7752514,9.540445,13.486777,13.470866,19.285856,20.668938,24.194921,27.795397,27.292768,26.224987,24.03013,20.397926,18.052137,13.705628,12.248097,8.243039,6.5032744,4.7883644,0.0,5.9188213,8.353078,10.719999,12.278664,14.875002,13.062123,13.518011,12.768496,17.013472,14.614463,22.171068,20.259094,24.193329,26.548306,27.049921,26.365738,21.817478,17.706879,22.168541,17.795643,20.379347,18.855783,18.32359,17.10832,18.264664,19.089746,22.572605,24.83321,25.35869,29.44824,32.446537,33.49645,29.794905,32.856155,29.43876,30.607384,33.366875,35.221104,32.39619,35.467377,31.524286,32.76063,31.463089,30.64743,32.561497,29.053555,29.2575,24.78286,21.357315,24.490154,23.339178,26.741388,28.067488,27.6355,31.494701,30.810867,32.847622,35.348335,33.05636,29.472338,28.314383,24.550682,22.771494,18.993738,18.802177,13.034476,14.157034,13.6559,15.320158,14.629347,18.755163,19.896832,22.978554,21.198599,25.570034,25.01929,30.70985,29.437618,35.00584,34.747578,34.20554,31.010975,30.00019,24.348253,24.002394,20.182125,19.616644
22,15.944267,13.455793,16.79875,13.511383,14.5148,18.841162,17.536459,23.918663,24.339159,28.22485,31.050415,30.875383,30.442123,27.900963,24.921179,21.75923,18.256966,15.857966,12.267005,9.799749,5.9775643,5.9188213,0.0,4.68011,7.077609,10.361712,11.145487,8.919639,12.378807,11.206956,15.873084,14.125952,21.99434,21.437273,24.395315,27.433464,27.396355,25.939707,21.85253,17.81272,21.044924,15.901076,19.183872,16.896156,14.808309,14.338307,14.399879,15.534228,18.87527,21.13515,22.059175,25.708975,29.265322,30.268894,26.858387,30.006733,27.381008,28.566612,31.8834,33.768726,31.35184,34.05636,30.003977,31.685354,29.816874,29.970497,31.574572,28.532688,27.958916,24.23064,21.052542,23.596058,23.440624,25.76685,28.460426,27.48162,31.773994,31.536636,33.56494,36.465622,34.301865,30.54365,30.487133,26.566904,24.632685,21.186369,20.927109,14.890595,16.212942,14.769,17.569632,17.937235,21.789888,22.461077,26.300901,23.402124,28.061045,26.927505,32.92789,31.472351,36.848064,37.103935,36.884983,33.81632,33.090767,27.214546,27.54547,23.452557,23.775301
23,18.022131,14.741063,17.849632,14.518745,14.270058,19.032196,16.32201,23.04068,22.772945,26.6635,29.014145,29.51781,29.614477,27.186548,24.590782,21.122103,18.493088,15.118194,13.15358,9.211851,6.3524184,8.353078,4.68011,0.0,5.6960735,7.4981093,7.1807957,4.7337527,8.243196,8.196478,12.395294,12.533584,20.17251,20.72377,23.228287,26.604193,27.094833,25.25342,21.4911,17.413729,19.632547,13.781274,16.392653,13.160991,11.261251,9.85666,10.103596,11.162024,14.594348,16.78769,17.634708,21.477013,24.861687,26.108078,22.887901,26.351614,23.760452,25.357359,28.669802,30.090086,27.672527,29.895254,25.672085,27.22284,25.154865,25.425394,26.973145,24.063305,23.490496,19.954086,16.698452,19.047222,19.230055,21.39907,24.573288,23.738953,28.197794,28.351734,30.606232,33.61652,31.873373,27.920378,28.277351,24.258654,21.832016,19.007805,17.986496,11.99916,13.2557955,11.531529,15.013396,16.254587,19.833858,19.695692,23.82486,20.19644,24.910059,23.499926,29.619379,28.283884,33.483208,34.096878,33.92654,31.044577,30.301147,24.473839,25.204802,20.991722,22.080088
24,17.266409,14.616165,18.883398,16.930885,16.900297,22.097704,19.94011,26.55003,26.926542,30.41209,33.239395,34.090206,33.940277,31.861012,28.79511,25.848173,22.726883,19.658728,17.544334,13.36072,11.012597,10.719999,7.077609,5.6960735,0.0,4.6663866,6.3057446,7.241895,12.416658,13.601914,17.303055,18.211552,25.764412,26.368055,28.910036,32.291515,32.754585,30.872944,27.141869,23.072248,25.177176,19.176273,21.630264,17.694336,15.235256,13.003864,11.731826,11.350674,14.38872,17.473577,19.411795,22.902008,26.58608,28.558954,26.135729,30.00396,27.962114,29.896238,33.33147,34.290287,31.979395,33.371655,28.828236,29.915947,26.71946,27.132801,27.900969,24.838106,23.185282,19.862629,18.107716,21.01624,21.966473,24.506758,28.239742,27.947178,32.488663,32.992146,35.47318,38.458374,37.013313,32.97367,33.186325,29.144655,26.273504,23.81778,21.736359,15.560562,15.498863,12.5090885,15.419482,16.588223,19.558111,20.512205,25.391214,21.956186,27.292933,26.383116,32.615406,31.969126,37.070766,37.866135,37.30361,34.62648,33.0222,27.743732,27.879007,23.469015,24.19096
25,17.414074,14.208575,18.084436,16.640848,15.662316,21.050932,18.252338,24.711468,25.025995,28.142803,30.97383,32.437263,32.440556,30.755558,27.704344,25.025833,22.332705,18.93583,18.098698,13.125458,12.202691,12.278664,10.361712,7.4981093,4.6663866,0.0,5.625385,8.092835,10.990665,13.73308,16.487715,18.734743,25.816557,26.715195,29.296083,32.620033,33.72435,31.88324,28.218431,24.11684,25.975168,19.87799,21.378506,16.982822,15.58582,11.889929,11.196557,9.838701,12.793653,16.043715,17.925976,21.733484,24.875132,27.326534,25.178381,29.338945,27.045832,29.404888,32.520588,32.89153,30.402832,31.263168,26.546787,27.03624,23.582651,23.507908,24.106907,20.764696,19.1902,15.526498,14.22451,17.641062,18.651741,21.862146,25.442392,25.81647,30.256334,31.011362,33.75957,36.60703,35.595303,31.479153,31.493656,27.486223,24.108646,22.286436,19.1105,13.233359,12.281573,8.713669,11.563586,13.306442,15.766891,16.477613,21.660357,18.058128,23.581345,22.904263,29.112623,28.961737,33.914143,34.864197,34.04576,31.590708,29.505327,24.655804,24.642813,20.201561,21.196194
26,22.32665,19.00901,22.537067,20.113665,18.998983,24.144203,20.503975,27.168327,26.44216,29.975237,31.84992,33.369114,33.987095,31.889263,29.584925,26.144857,24.238241,20.314959,19.660858,14.944205,13.207454,14.875002,11.145487,7.1807957,6.3057446,5.625385,0.0,4.273932,9.499746,11.756105,14.085352,17.082834,23.665869,25.694399,27.364286,31.108078,31.919878,29.531345,26.437906,22.634604,23.262686,16.94562,18.568363,13.69159,11.168896,8.038519,5.9759765,5.0450354,8.189895,11.21194,13.250464,16.745415,20.34864,22.559814,20.565084,24.714928,23.084158,25.417189,28.884445,29.305214,27.227316,27.909737,23.277122,24.400826,20.865307,21.904734,22.532055,20.006067,18.143534,15.636228,13.884782,15.916176,17.747997,19.359901,24.065458,23.68151,28.357721,29.411005,32.006355,35.154987,34.208298,30.076124,31.117182,27.124775,23.936005,22.36829,19.823248,14.48719,14.563114,11.571743,15.333209,17.698544,20.150625,19.63148,24.58859,20.086372,25.117178,23.60957,29.77617,29.082748,33.74338,35.07024,34.78613,32.401318,31.14267,25.95147,26.88227,22.567753,24.414297
27,22.325373,18.911694,21.981728,18.713572,17.847546,22.612173,18.968252,25.684689,24.631237,28.53756,30.146221,31.170275,31.854969,29.39607,27.376322,23.55024,21.801958,17.88267,16.892757,12.759722,10.409763,13.062123,8.919639,4.7337527,7.241895,8.092835,4.273932,0.0,7.460604,8.161559,11.207771,13.2586565,20.051598,21.989971,23.566425,27.34781,27.887875,25.484072,22.372963,18.615974,19.30847,13.028269,15.237678,10.945923,8.028393,6.4178786,5.4910583,6.9640636,10.237604,12.226456,13.277497,16.901548,20.520159,21.904226,19.101751,22.823423,20.874067,22.765694,26.332888,27.384953,25.292381,26.865442,22.542744,24.27852,21.75317,22.801037,24.088469,21.719805,20.689564,18.015566,15.020116,16.534184,17.669874,18.79074,23.100721,22.040459,26.713457,27.395449,29.719336,32.94483,31.593029,27.550089,28.75856,24.772173,22.100908,20.027939,18.62947,13.321123,14.501718,12.4634695,16.467447,18.547743,21.602148,20.703533,25.083727,20.641096,25.226137,23.358221,29.456263,28.112488,32.92604,34.031277,34.08797,31.463343,30.924345,25.218748,26.52253,22.345146,24.221344
28,22.412819,18.33632,19.791615,16.1618,14.080672,18.16405,13.286011,19.630653,17.813976,21.665438,22.848766,24.247904,25.304596,23.061152,21.51353,17.648087,17.086823,12.592425,13.891092,9.553731,9.704994,13.518011,12.378807,8.243196,12.416658,10.990665,9.499746,7.460604,0.0,4.756528,5.6339517,9.576318,15.35573,17.345623,19.200943,22.672678,24.323902,22.310192,19.169481,15.46628,16.256891,10.53407,10.74482,6.82712,8.3363285,5.064552,8.5603075,9.856835,12.797706,13.7165165,13.011837,17.44414,19.579117,20.679916,17.156525,20.68158,17.261435,19.362759,22.097702,22.899683,20.172295,22.29269,18.113205,19.486366,18.418598,18.200867,20.469118,17.8136,18.646961,15.184777,10.4619665,11.908351,11.427096,13.485625,16.348274,15.663835,20.143164,20.594284,23.11189,26.134737,24.952492,20.832603,21.648872,17.650103,14.695788,13.010829,11.340234,6.968007,9.129382,9.014514,12.9314165,15.249243,18.269917,15.926708,19.313633,14.724841,18.535196,16.35242,22.32425,20.731956,25.671782,26.621067,26.743458,24.065557,23.928041,18.032665,19.836773,15.980713,18.520573
29,23.190975,19.397831,20.643175,16.218616,14.942778,18.363522,14.124741,20.286245,18.273901,22.578865,23.487951,23.966213,24.980354,22.152527,20.939674,16.538996,15.974765,11.809582,12.028038,9.196798,8.129013,12.768496,11.206956,8.196478,13.601914,13.73308,11.756105,8.161559,4.756528,0.0,4.7795606,5.412856,12.250471,13.991143,15.742043,19.372654,20.389969,18.29657,15.005857,11.233662,12.312045,6.4857802,8.285596,6.2534547,7.0195494,7.212603,10.218786,12.61119,15.522129,16.01444,14.98028,18.962051,21.379778,21.566124,17.3857,20.171402,16.701313,17.970337,20.945438,22.751783,20.217693,23.424595,19.821777,21.993313,21.724415,21.903164,24.442371,22.151081,23.07098,19.880836,15.04069,15.822583,15.0212965,15.977055,18.392834,16.631117,20.934458,20.819153,22.799543,25.929638,24.063602,20.160797,21.276213,17.36892,15.518196,12.847667,13.463746,9.555149,12.642217,13.034527,16.710297,18.410507,21.904121,19.834389,22.650215,18.546299,21.783672,19.39493,24.984364,22.634472,27.599707,28.231358,28.784998,25.858274,26.569895,20.294266,22.334423,18.800198,20.96715
30,26.731913,22.706682,23.386467,19.129961,17.10249,19.989717,14.8422365,20.281446,17.200262,21.324116,21.166092,22.26883,24.03645,21.36357,21.037975,16.528965,17.437477,13.008264,14.997592,12.2962,12.43441,17.013472,15.873084,12.395294,17.303055,16.487715,14.085352,11.207771,5.6339517,4.7795606,0.0,6.6904736,10.259594,13.614835,14.384666,18.09737,19.861298,17.552464,15.111781,12.111524,11.41833,6.4741416,5.1931896,2.8874416,7.2192574,7.061882,10.998694,13.267113,15.491072,15.068819,13.016235,16.963678,18.460463,18.359587,13.986336,16.651657,12.614516,14.233332,16.842844,18.251776,15.565301,18.805618,15.385626,17.675821,18.292425,18.40429,21.35213,19.544323,21.213692,18.503618,13.262398,12.856883,11.739604,11.733294,14.031988,11.927079,16.319185,16.497553,18.60636,21.856867,20.43089,16.408236,18.267073,14.499258,12.473118,10.992334,11.539242,9.827563,12.946525,14.010452,17.545816,19.712143,22.679447,19.548656,21.797293,17.26762,19.593462,16.616705,21.799444,19.156353,23.734434,24.690126,25.581394,22.886005,24.181496,18.071484,20.910645,17.857191,20.854425
31,25.168432,21.614244,21.85963,16.905142,16.005629,17.956596,14.2544985,19.345415,16.832317,21.35452,21.69982,21.22154,22.33534,19.012026,18.574087,13.755809,14.054228,10.591474,10.896427,10.550387,9.936895,14.614463,14.125952,12.533584,18.211552,18.734743,17.082834,13.2586565,9.576318,5.412856,6.6904736,0.0,7.8822713,8.7831745,10.709229,14.19249,15.069133,13.292802,9.691603,5.9171753,8.00925,4.553205,6.6069965,8.580478,10.377606,12.09076,15.2042,17.851782,20.555103,20.53872,18.872988,22.49665,24.444382,23.743774,18.98949,20.682827,16.67578,16.940634,19.421349,22.150375,19.615137,24.092857,21.362171,23.916574,24.969816,24.888348,27.935444,25.863457,27.50397,24.293898,19.045519,19.34821,17.644423,18.10737,19.044659,16.566252,20.169998,19.205765,20.536707,23.514591,20.92364,17.439007,18.520002,14.961298,14.539832,11.125194,14.244709,11.974722,15.675919,17.10861,20.238853,21.400574,25.065453,22.778563,24.49936,21.049183,23.2251,20.677689,25.514315,22.376118,27.24608,27.38825,28.395403,25.265863,27.020723,20.583235,22.957874,20.134155,22.076538
32,32.13781,28.532732,27.88907,23.014915,21.674822,22.251223,18.280916,21.419353,17.41331,21.527792,19.791348,19.067478,21.341991,17.876076,19.56125,14.744054,17.542967,14.794349,16.773542,17.356493,17.624697,22.171068,21.99434,20.17251,25.764412,25.816557,23.665869,20.051598,15.35573,12.250471,10.259594,7.8822713,0.0,6.2490487,4.2964153,8.200562,10.165837,8.141987,7.002141,6.9725137,4.567277,7.8072896,5.9742417,11.377192,14.657128,16.96582,20.410074,23.159063,25.162611,24.088604,21.356419,24.271812,25.001873,23.154137,18.130177,18.190226,13.641771,12.664461,13.834331,17.385406,15.093526,20.873545,19.694176,22.690065,25.661087,25.542118,29.13117,27.901583,30.50056,27.95202,22.468685,21.386469,19.123684,17.961197,17.340176,13.736398,15.9838,14.313605,14.570384,17.497665,14.481625,11.697414,14.294286,11.908014,13.378515,11.310914,16.158836,16.890444,20.611956,22.83457,25.643728,26.969723,30.188337,26.8978,27.386763,24.087358,24.492664,21.367823,24.679836,20.56587,24.439257,24.500109,26.455246,23.5926,27.024311,21.059618,24.452051,22.827625,25.346874
33,29.401035,26.22221,24.833931,19.933151,19.233356,18.628784,16.089512,18.293377,15.146861,19.241732,18.496439,16.336298,17.637224,13.801146,15.235869,10.658567,13.22532,11.94437,13.3395815,15.722402,16.413372,20.259094,21.437273,20.72377,26.368055,26.715195,25.694399,21.989971,17.345623,13.991143,13.614835,8.7831745,6.2490487,0.0,5.136881,6.338718,8.356143,8.74045,5.2656155,5.0680256,8.327781,11.225519,11.024913,15.5879,18.487461,20.268639,23.727074,26.299143,28.836666,28.41959,26.1365,29.487331,30.535885,29.069435,24.059978,24.40298,19.798008,18.898922,19.765123,23.231934,20.696472,26.46974,25.083876,27.570654,30.33636,29.519976,33.144657,31.258415,33.974716,30.635357,25.09719,25.041237,22.16102,22.504301,20.879768,18.1768,19.980713,17.586805,17.703396,19.853676,16.15269,13.979944,14.194278,12.0385685,14.290864,10.769634,16.634762,17.057793,20.805567,23.422949,25.616043,26.106503,29.618626,26.99095,26.925322,24.722267,25.11315,22.677946,25.857014,21.86643,26.20701,25.409214,26.988205,23.761898,26.999454,21.015598,23.629217,22.264763,23.774433
34,33.964798,30.640327,29.594969,24.650934,23.731647,23.506174,20.362522,22.629091,18.797552,22.704473,20.787935,19.0803,21.181303,17.497162,19.744274,15.228409,18.250103,16.49255,18.009058,19.724957,19.944338,24.193329,24.395315,23.228287,28.910036,29.296083,27.364286,23.566425,19.200943,15.742043,14.384666,10.709229,4.2964153,5.136881,0.0,4.2584786,6.006524,4.910322,4.734496,7.111151,5.8231654,11.064277,10.171779,15.5686655,18.410439,21.031702,24.342783,27.180851,29.268002,28.222668,25.516006,28.261747,28.975313,26.820158,21.806248,21.266737,16.99876,15.330859,15.917089,19.957987,17.972187,24.112326,23.468298,26.484749,29.801647,29.569407,33.243607,32.011185,34.742085,32.077652,26.554615,25.584766,23.09767,22.029638,20.760471,17.191647,18.637505,16.378035,15.855619,18.25357,14.563289,12.842332,14.956192,13.432232,15.968876,13.620924,19.23935,20.168016,23.941412,26.361074,28.93878,29.902302,33.24685,30.143093,30.183735,27.41108,27.455421,24.516733,27.295616,22.954405,26.5816,26.18567,28.331108,25.425503,29.310822,23.53257,26.774977,25.546925,27.656078
35,35.616867,32.491566,30.848637,26.06091,25.277462,24.139057,21.659414,22.721504,18.986729,22.43277,20.228903,17.696497,19.702005,16.058334,19.026974,15.148592,18.681812,17.86367,19.54985,22.024517,22.652952,26.548306,27.433464,26.604193,32.291515,32.620033,31.108078,27.34781,22.672678,19.372654,18.09737,14.19249,8.200562,6.338718,4.2584786,0.0,4.691565,6.4160366,6.881667,9.878302,9.958092,15.180429,14.173823,19.520748,22.571547,24.927639,28.36593,31.106752,33.272976,32.286533,29.533092,32.322815,32.800602,30.58775,25.632498,24.830978,20.48522,18.654728,18.481777,22.464521,20.493683,26.800056,26.56402,29.328114,33.086956,32.44542,36.26302,34.95864,38.039795,35.18428,29.621134,28.786753,25.872646,25.146656,22.88848,19.63464,20.238577,17.412724,16.325396,17.98956,13.835655,13.191989,14.390247,13.848357,17.27484,15.004604,21.09598,22.65675,26.353064,29.129627,31.306133,31.933968,35.22086,32.14867,31.521894,29.385458,28.840216,26.144455,28.211008,23.733715,27.06163,26.151117,28.415304,25.531355,29.84762,24.45656,27.552021,26.90447,28.671936
36,36.632187,33.764153,32.512726,27.543608,27.305185,26.433374,24.400234,26.036173,22.775476,26.439384,24.701794,21.961214,23.52608,19.74057,22.1602,18.220821,20.79667,20.159538,20.608444,23.449125,23.275253,27.049921,27.396355,27.094833,32.754585,33.72435,31.919878,27.887875,24.323902,20.389969,19.861298,15.069133,10.165837,8.356143,6.006524,4.691565,0.0,3.9454648,5.6229863,9.734269,9.740996,15.524796,15.729238,20.997751,23.072334,26.19481,29.187809,32.181168,34.374588,33.41499,30.86012,33.38532,34.3251,31.872702,26.896376,25.865015,22.149559,19.915722,20.330519,24.784174,23.228735,29.50099,29.199774,32.348564,35.71622,35.574585,39.239822,37.97632,40.608288,37.839455,32.315456,31.519407,29.031324,28.00605,26.617996,23.051176,24.07706,21.531982,20.428104,22.27085,18.195768,17.546919,19.05013,18.234625,21.308025,18.60416,24.554087,25.160318,28.957819,31.34891,33.80661,34.38503,37.94199,35.23385,35.082184,32.75876,32.76012,30.043615,32.54531,28.132696,31.5739,30.781582,33.00383,30.067192,34.15614,28.527697,31.456367,30.42241,32.001553
