,0,1,2,3,4,5,6,7,8,9,10,11,12,13,14,15,16,17,18,19,20,21,22,23,24,25,26,27,28,29,30,31,32,33,34,35,36,37,38,39,40,41,42,43,44,45,46,47,48,49,50,51,52,53,54,55,56,57,58,59,60,61,62,63,64,65,66,67,68,69,70,71,72,73,74,75,76,77,78,79,80,81,82,83,84,85,86,87,88,89,90,91,92,93,94,95,96,97,98,99,100,101,102,103,104,105,106,107,108
0,0.0,4.700081,7.0608525,9.235117,12.685716,14.212158,18.05043,22.02989,24.158419,27.581457,32.341255,34.90295,34.196697,32.21681,28.875257,25.977402,22.56353,20.72304,16.73901,13.976584,14.710503,8.704656,11.920239,14.15467,12.824463,15.616817,16.511885,17.83472,20.836199,19.494719,24.80009,23.03102,30.823793,28.704735,32.494606,34.884396,34.653122,33.901394,29.55574,25.663704,29.910805,25.37862,28.495632,25.861217,22.687685,22.75759,21.77021,19.793991,22.531296,25.480007,28.184614,27.614187,29.504456,32.55778,30.023907,32.536133,33.581165,34.944595,40.058834,38.47581,35.160717,36.77523,33.62515,36.29385,33.193916,39.00907,37.967014,36.24319,36.89525,33.9759,30.404985,34.84452,32.02951,36.713894,35.35942,39.534782,40.72522,42.262104,45.469597,44.354145,39.259285,36.270203,33.192535,29.594048,28.924908,24.183453,21.037596,17.592867,15.858651,13.794661,13.541397,13.249278,15.261109,16.641462,18.273548,20.358175,19.725874,21.07808,23.239847,24.619,24.135725,23.743189,24.333021,25.214743,27.007376,26.728045,31.139328,31.483496,35.659664
1,4.700081,0.0,5.185467,6.5738025,9.396832,12.363358,14.874425,19.785618,21.540478,25.314955,30.24344,32.48364,32.46314,30.856016,27.651772,24.84058,21.909084,19.858019,16.617313,13.292386,15.569142,9.908212,13.61328,14.31862,13.337573,15.043821,14.342718,15.94004,18.295221,18.193031,22.64137,22.095455,29.790012,28.099844,31.958746,34.443253,34.811577,33.921635,29.584875,25.526588,29.372679,24.628979,27.119137,23.847542,21.384369,20.622953,20.178686,17.113972,20.328457,22.755802,25.795383,24.880243,27.67726,30.5496,28.504414,31.425306,31.940695,33.603104,38.738544,36.61465,33.27303,34.315445,30.966766,33.250683,30.002945,35.52286,34.229786,32.158337,32.75618,30.143145,26.704954,31.269606,28.817917,33.60884,32.67283,36.894196,38.405716,40.184814,43.486443,42.877304,37.967087,34.82914,31.77359,28.031998,26.932312,22.836395,18.628153,15.891081,13.228087,11.659301,10.234808,9.078713,11.038704,12.165439,14.180822,16.507895,15.286966,16.629011,19.205685,20.65617,19.787724,19.339916,20.346415,21.277763,23.703207,23.509165,28.009365,28.829487,32.837112
2,7.0608525,5.185467,0.0,5.221086,7.198358,8.433991,12.232402,15.849212,18.448288,21.159584,26.617062,28.572142,28.172897,26.627022,22.99725,20.613585,17.417091,16.029663,13.008118,10.673078,13.644148,8.591906,13.86085,14.770851,15.620773,17.18192,16.560244,16.664001,18.22371,17.659637,21.260975,20.174389,27.427568,24.92008,29.160227,31.161226,31.70191,31.303612,26.77014,22.852076,27.578386,23.432806,25.699692,23.352125,21.793148,21.256523,21.788376,18.819511,22.771173,25.426115,27.967798,26.060366,29.25187,31.208147,28.827494,31.508137,31.458693,32.647926,37.777355,35.46944,32.03132,33.723557,30.80678,33.260387,30.906374,36.03825,35.23675,33.03793,32.76897,29.774834,25.780497,30.003138,27.006277,31.706144,30.276873,34.585052,35.68051,37.647404,40.664795,39.89012,34.840397,31.453493,28.778336,24.886644,24.343369,19.904945,16.656994,14.148518,12.467111,12.294853,11.646647,9.904569,10.295744,12.798791,14.729056,15.151283,14.548857,17.548306,19.685827,19.608335,18.684355,17.975712,17.920877,19.153475,20.37605,20.96524,25.092701,25.890718,29.995987
3,9.235117,6.5738025,5.221086,0.0,3.7782276,6.506863,8.941925,13.739869,15.187961,19.458094,23.840315,26.43474,26.412333,24.715357,22.023602,18.80151,16.380016,13.800389,11.205484,7.493336,11.22778,7.333719,11.543402,10.87453,12.366362,13.000451,11.89468,11.535354,13.034309,12.763008,16.470062,15.990657,23.461147,21.865425,25.74689,28.239923,28.968285,28.045525,23.73354,19.64166,23.46608,18.950994,21.061378,18.259554,16.754936,16.046791,16.827444,13.879879,18.053854,20.888424,23.078175,20.949526,24.163399,25.991693,23.694433,26.505955,26.426924,27.827318,32.964844,30.636585,27.230457,28.703798,25.706839,28.257841,25.930262,31.239145,30.671526,28.883808,28.745731,25.433924,21.519806,25.80761,22.861456,27.567314,26.314697,30.540089,31.906849,33.669224,36.93163,36.321453,31.441132,28.301922,25.236092,21.483011,20.381327,16.347853,12.200616,9.580493,7.3592696,7.2078114,7.0002227,6.28243,7.3635716,9.798873,10.66422,11.455318,12.116634,14.269257,15.465952,15.81667,16.015203,16.210102,16.189909,16.486736,18.36572,17.522886,22.019373,22.457363,26.553955
4,12.685716,9.396832,7.198358,3.7782276,0.0,5.201752,5.4838204,10.975032,12.244177,16.513485,21.16162,23.351496,23.844885,22.542109,19.94647,17.017706,15.183576,12.749176,11.4296465,8.224491,13.036295,10.411959,14.576779,13.145364,15.282506,15.128192,12.955729,12.005956,12.115643,12.953244,14.959324,15.547925,22.381954,20.89831,24.884195,27.206516,28.516886,27.69346,23.44383,19.435875,23.109213,18.872604,20.174694,17.338055,17.103802,15.780897,17.538097,13.927692,18.600311,20.97168,23.067719,20.187876,24.268698,25.42668,23.45735,26.415781,25.60533,27.013134,32.0725,29.21958,25.79417,27.048239,24.141878,26.402304,24.471483,29.245512,28.749617,26.648367,25.984789,22.71446,18.61269,22.817795,19.91697,24.67313,23.57488,27.869904,29.33801,31.390636,34.598034,34.367252,29.641668,26.30253,23.461903,19.57446,18.29962,14.937859,10.202762,8.944736,6.4666753,8.225227,7.393901,5.519877,4.637099,7.921228,8.765804,8.136847,9.032765,12.210364,13.277076,12.618759,12.605099,12.797095,12.455766,12.771701,14.717607,14.189556,18.636936,19.514267,23.489378
5,14.212158,12.363358,8.433991,6.506863,5.201752,0.0,6.1934805,7.842633,10.539773,13.472,18.288385,20.713417,20.179703,18.495815,15.5281515,12.562372,10.148961,8.154742,6.8856235,5.508884,10.419546,9.394651,14.035356,13.345995,16.82713,17.104061,16.187963,13.887427,13.811073,12.922741,14.583262,13.409019,19.774641,17.112236,21.494883,23.321882,24.47724,24.183699,19.705862,15.901956,20.775686,17.401789,18.88986,17.713112,17.863462,17.513958,19.64721,17.189188,21.82693,24.724533,26.103317,22.74985,26.306067,26.707726,24.070414,26.418953,25.440489,26.104729,31.093096,28.50567,25.045525,27.444994,25.221704,27.951181,27.052605,31.624968,31.832958,30.047302,28.726015,24.88372,20.315145,23.852755,20.092047,24.500277,22.47618,26.757578,27.50929,29.497585,32.36619,31.558367,26.528442,23.054846,20.516094,16.55525,16.290045,11.870625,9.670208,8.039598,8.40867,10.67116,11.58327,10.621657,9.429149,12.903381,13.201481,10.852815,13.013416,16.831875,17.035696,15.070499,15.640811,15.784355,13.977889,14.275921,14.01917,13.927113,17.736822,17.913197,22.148054
6,18.05043,14.874425,12.232402,8.941925,5.4838204,6.1934805,0.0,6.856986,7.0633698,11.962175,16.175003,18.244078,19.33865,18.410254,16.538738,13.700902,13.219522,10.756418,11.5997305,9.5092535,14.72128,14.186858,17.776564,15.481501,18.709887,17.688816,15.009423,12.71439,10.856314,12.526471,11.762154,13.607544,19.087812,17.939928,21.82719,23.946896,26.007416,25.243696,21.276468,17.58024,20.783646,17.243906,17.358713,15.050725,16.720623,15.058822,18.16762,14.646878,19.598324,21.649517,23.023045,18.99944,23.756437,23.639965,21.90101,24.762232,22.944168,24.133463,28.973953,25.567348,22.171366,23.48173,21.022524,23.122803,22.295294,26.26402,26.354967,24.282133,22.652437,18.981922,14.439578,18.167585,14.925534,19.600676,18.423286,22.758812,24.228052,26.531298,29.651237,29.795982,25.312767,21.846212,19.266998,15.357173,13.8680105,11.673409,6.7342443,7.986278,6.775593,10.470382,10.241628,8.875751,6.4448705,9.460118,9.0106535,4.930162,8.310418,12.197454,11.789319,8.936267,9.917474,10.777514,9.0301895,8.460756,9.781755,8.767682,13.157138,14.181291,18.073639
7,22.02989,19.785618,15.849212,13.739869,10.975032,7.842633,6.856986,0.0,4.721154,5.7981067,10.947806,12.8755045,12.87861,11.898963,9.708982,7.4120398,7.8396854,6.981802,10.126848,10.923213,15.377716,16.610552,20.341629,18.70139,23.021639,22.338837,20.693102,17.324183,15.171906,15.207673,13.00839,13.160299,16.564636,13.863043,18.207666,19.275396,21.721724,21.845697,17.87746,14.934964,19.289244,17.459227,17.123291,17.25898,19.85295,19.150984,22.709185,20.306051,25.112144,27.496208,28.105492,23.519049,27.792614,26.510225,24.23125,26.27508,23.865658,23.993937,28.46881,25.141428,21.847311,24.527065,23.202898,25.599125,26.332119,29.55431,30.533415,28.739845,26.07586,21.958408,17.087368,19.377264,15.1103,18.899302,16.39685,20.618256,20.977623,23.460052,25.934114,25.582935,20.857805,16.965302,15.28723,11.247878,11.448129,8.916748,8.701425,10.379228,11.96671,15.666866,16.566502,15.529244,13.057936,16.229855,15.718609,10.787135,14.261106,18.673086,17.64307,13.329186,14.5453415,15.04278,11.466384,11.0884695,8.025313,8.568044,10.932596,11.143235,15.202812
8,24.158419,21.540478,18.448288,15.187961,12.244177,10.539773,7.0633698,4.721154,0.0,7.25296,9.2386675,12.033776,13.301393,12.501632,12.346785,9.413961,11.278604,9.121876,12.54028,12.348491,16.696129,18.485518,21.244022,18.588938,22.93603,21.455929,19.276413,15.582474,12.436438,13.479008,9.412882,11.56746,14.174134,13.241459,16.79482,18.456339,21.361853,20.806482,17.40753,14.557555,17.188812,15.304062,13.966936,13.738613,17.40171,16.264091,20.389502,18.084713,22.723883,24.801334,24.947159,19.946186,24.48224,22.629604,20.771708,22.942818,20.021887,20.403263,24.76446,21.032408,17.778017,20.003063,18.746801,21.013208,22.178423,25.09462,26.397087,24.946308,22.143545,17.704094,12.844047,14.911903,10.502214,14.429167,12.219308,16.546066,17.487072,19.936033,22.811424,23.014574,18.690771,15.1050205,12.948035,9.133983,7.9032116,7.6301074,6.083808,9.564601,11.03096,15.023449,15.968314,15.525707,13.25991,15.714283,14.259221,9.130759,13.717886,17.095549,14.947007,10.387933,13.024957,14.490494,11.227456,9.403817,7.5243793,4.613589,7.6703258,7.4451723,11.626583
9,27.581457,25.314955,21.159584,19.458094,16.513485,13.472,11.962175,5.7981067,7.25296,0.0,7.5433316,7.570602,7.947027,8.41111,6.871714,7.3078237,9.763437,10.6950655,14.759955,16.41643,20.38327,22.158504,25.787447,24.120298,28.652437,27.783846,25.977036,22.390963,19.610428,19.912554,16.159395,16.709328,17.561995,14.684648,18.597963,18.58721,21.828165,22.565037,19.230007,17.339767,21.298372,20.769287,19.45408,20.58532,24.195427,23.433924,27.43674,25.12474,29.856892,31.922333,32.19371,27.143127,31.635492,29.441849,27.428038,29.123531,25.939331,25.572369,29.412617,25.742584,22.800257,25.646767,25.107098,27.10732,28.917074,31.027866,32.44918,30.586576,27.012894,23.056248,18.381039,19.356977,15.121203,17.804197,14.936654,18.699507,18.387371,21.326948,23.096249,23.069218,18.814302,14.654408,14.420385,11.034833,12.105232,11.56859,13.029176,15.541887,17.352802,21.208776,22.002592,20.792248,17.942701,20.862175,20.291962,14.768335,18.006596,22.609016,21.27769,15.997538,17.024603,17.362171,13.061476,12.698845,7.2136555,9.468004,8.953838,9.403942,12.512499
10,32.341255,30.24344,26.617062,23.840315,21.16162,18.288385,16.175003,10.947806,9.2386675,7.5433316,0.0,5.5547256,6.144724,6.2468166,9.880462,8.970377,13.260826,13.059021,17.71377,19.357275,22.394062,25.680666,27.952927,25.57455,30.552313,29.05705,27.531254,23.21848,19.877356,19.917318,14.521615,15.409914,12.867765,11.573859,13.897082,13.696918,17.819218,18.214966,16.181885,15.481389,17.425388,18.452576,15.882958,18.570612,23.221245,22.868456,27.26046,26.057585,30.225515,32.293636,31.474941,26.069977,29.903732,26.463634,24.536097,25.50171,21.649107,20.5928,23.620138,19.965576,17.518145,21.034838,21.689312,23.821243,27.10242,28.514158,30.997608,30.146816,26.26669,21.742641,17.574844,16.9948,12.441632,13.390594,9.383436,12.38073,11.224982,13.965696,15.61318,15.626676,11.736966,7.737376,8.247826,6.4743824,8.041317,10.542636,13.90084,17.024977,19.689083,23.448084,24.963732,24.756565,22.428562,24.838657,23.230583,18.003687,22.370861,25.714508,22.980038,17.948126,20.645786,21.978605,18.039902,16.30147,11.923237,10.52284,8.2661085,5.4018536,7.5277667
11,34.90295,32.48364,28.572142,26.43474,23.351496,20.713417,18.244078,12.8755045,12.033776,7.570602,5.5547256,0.0,5.5020623,8.3898,10.603982,12.042673,15.862771,16.711802,21.260712,22.975246,26.530407,29.082006,32.07385,29.88902,34.634758,33.231476,31.190521,27.286034,23.770409,24.507504,19.079008,20.534021,18.407835,16.754725,19.197811,18.372961,22.533745,23.393755,21.360413,20.668837,22.979792,23.79445,21.191153,23.198122,27.962187,27.102804,31.580297,29.630259,34.027832,35.673744,35.27041,29.773075,34.273773,30.890202,29.398983,30.632248,26.546726,25.709553,28.47827,24.449907,22.220797,24.931347,25.486176,26.917427,30.158016,30.798477,32.96293,31.461721,27.016327,23.228935,19.300812,18.335325,14.627122,15.199411,12.211485,14.67085,13.560468,16.926174,17.77574,18.645233,15.739632,12.002362,13.554998,12.000624,13.182804,15.464933,17.721245,21.058702,23.061115,27.028183,27.89749,26.97613,24.104378,26.498556,25.393831,19.754705,23.23897,27.189754,25.029812,19.373247,20.968748,21.73078,17.501627,16.402855,11.039161,12.174965,8.470121,8.321571,8.6434765
12,34.196697,32.46314,28.172897,26.412333,23.844885,20.179703,19.33865,12.87861,13.301393,7.947027,6.144724,5.5020623,0.0,3.7434802,6.723817,9.029306,12.877065,14.645006,19.171783,21.854595,24.62191,27.73738,30.645634,29.089607,34.15043,33.22547,32.046963,27.838366,24.946753,24.40299,19.950293,19.541021,17.155647,13.967152,16.681133,14.996506,18.784073,20.405134,18.265638,18.122757,21.509457,22.97897,21.090746,24.145214,28.25226,28.179314,32.339622,31.02175,35.406357,37.661156,37.128597,31.83649,35.611378,32.39093,30.163279,30.924456,27.349098,25.935915,28.768423,25.540308,23.238903,27.096025,27.819191,29.941708,33.10463,34.479702,36.799477,35.588043,31.510492,27.308292,23.063581,22.545288,18.231543,19.022429,15.179959,17.560682,15.535777,18.157063,18.63201,17.966784,14.241724,10.342813,12.377527,10.970733,13.670217,14.348386,18.465363,20.888697,23.692509,27.39393,28.865057,28.19022,25.593685,28.434868,27.432865,21.981457,25.689953,29.878996,27.831442,22.527397,24.253704,24.868704,20.53187,19.741825,14.156737,15.167596,12.677453,11.215432,12.585899
13,32.21681,30.856016,26.627022,24.715357,22.542109,18.495815,18.410254,11.898963,12.501632,8.41111,6.2468166,8.3898,3.7434802,0.0,5.5226774,6.306704,10.357632,11.939616,16.422644,19.400787,21.630798,25.224178,27.781954,26.394894,31.605358,30.836908,30.181305,25.78332,23.276896,21.983065,18.153448,16.71082,14.424188,10.511563,13.52115,11.879204,15.377392,17.066753,14.684933,14.640467,18.493044,20.14205,18.717787,22.254068,25.912247,26.31564,30.24125,29.420088,33.67691,36.29472,35.61285,30.517817,33.761333,30.717638,28.067543,28.605896,25.438227,23.82923,26.870718,24.13164,21.692696,26.126705,26.809994,29.407562,32.392303,34.37626,36.773567,35.869827,32.19813,27.643078,23.238422,23.124365,18.437813,19.572062,15.363573,17.950062,15.885992,17.95876,18.774733,17.264807,12.75431,8.807162,10.214732,8.648118,12.01688,11.690639,16.823046,18.686945,21.978752,25.429417,27.344158,27.04901,24.813347,27.767681,26.624243,21.509039,25.562061,29.531567,27.356628,22.508192,24.644316,25.43809,21.260996,20.320543,15.207072,15.286262,13.7804365,11.461383,13.672211
14,28.875257,27.651772,22.99725,22.023602,19.94647,15.5281515,16.538738,9.708982,12.346785,6.871714,9.880462,10.603982,6.723817,5.5226774,0.0,5.020587,7.0659013,10.251729,14.115402,17.433422,20.01226,22.638826,26.115803,25.413347,30.330767,30.107836,29.47033,25.537403,23.544466,22.194633,19.580084,17.734068,17.795017,13.002721,17.07478,15.84265,18.419426,20.258078,16.914265,15.951672,21.23396,21.809153,21.265598,23.880577,26.769558,27.03266,30.620506,29.225595,33.78783,36.492867,36.482056,31.665262,35.208183,32.987488,30.210604,31.189466,28.492374,27.320644,30.938753,28.172342,25.373438,29.46174,29.421232,32.01711,34.106766,36.610775,38.385754,36.919033,33.494484,29.216125,24.507444,25.284342,20.666712,22.779757,19.02768,22.242516,20.760426,23.078411,24.148739,22.756866,18.078629,14.10923,14.659055,11.960249,14.81728,12.684678,16.825071,18.023272,20.898981,24.2455,25.819351,24.970482,22.572193,25.86732,25.410954,20.358852,23.645672,28.29755,27.01859,22.225082,23.395294,23.549671,19.353615,19.294092,13.9774475,15.706617,15.138567,14.106736,17.003212
15,25.977402,24.84058,20.613585,18.80151,17.017706,12.562372,13.700902,7.4120398,9.413961,7.3078237,8.970377,12.042673,9.029306,6.306704,5.020587,0.0,4.443676,5.806888,10.205124,13.324696,15.720627,18.975422,21.848516,20.812614,25.904375,25.526726,25.175789,20.999493,19.204716,17.36983,15.155233,12.737914,13.589945,8.848497,13.373226,13.2126665,15.534674,16.651747,12.872613,11.266192,16.646038,16.854515,16.643019,19.313814,21.909561,22.463905,25.926622,24.986675,29.369295,32.32034,32.091877,27.43903,30.56109,28.512436,25.500204,26.460318,24.098885,23.03452,26.984632,24.474974,21.488615,25.765768,25.539783,28.512896,30.363152,33.434525,35.27689,34.213814,31.27496,26.640799,21.888847,23.076124,18.217823,20.73813,16.912004,20.4138,19.349054,21.256569,23.008987,21.396088,16.255215,12.439142,11.602708,8.321222,11.050079,7.824875,12.655422,13.506184,16.870796,20.052849,22.096045,21.851841,19.93861,23.132607,22.240768,17.64099,21.57624,25.590046,23.898842,19.71679,21.680109,22.354866,18.548378,17.89064,13.682441,13.541375,14.121319,12.254095,15.908813
16,22.56353,21.909084,17.417091,16.380016,15.183576,10.148961,13.219522,7.8396854,11.278604,9.763437,13.260826,15.862771,12.877065,10.357632,7.0659013,4.443676,0.0,4.4330597,7.2073894,11.024358,13.161562,15.803509,19.25016,19.067192,23.898045,24.162815,24.26285,20.503279,19.570715,17.193945,16.735624,13.429762,16.237272,11.130347,15.905937,16.022156,17.312582,18.481997,14.149552,11.929788,18.333237,17.737968,18.598701,20.655273,22.137245,22.896463,25.763044,24.736067,29.14933,32.355595,32.564762,28.394241,31.308075,30.064295,26.800793,27.922094,26.250652,25.428772,29.71749,27.53247,24.38474,28.548197,27.82624,30.946686,32.02106,35.70944,37.127136,35.864906,33.37889,28.88535,24.043823,25.939432,21.202908,24.281944,20.737625,24.451874,23.634014,25.443085,27.327871,25.504253,20.229666,16.62201,15.392746,11.99837,14.248396,9.558965,13.394564,12.95224,16.108967,18.795534,20.839909,20.44203,18.794415,22.236822,21.84812,17.83924,21.175081,25.39549,24.390944,20.777622,22.172916,22.458542,18.990135,18.918716,15.278262,15.731762,17.230492,15.931107,19.851246
17,20.72304,19.858019,16.029663,13.800389,12.749176,8.154742,10.756418,6.981802,9.121876,10.6950655,13.059021,16.711802,14.645006,11.939616,10.251729,5.806888,4.4330597,0.0,4.6910524,7.601705,10.090044,13.307843,16.08822,15.187056,20.206474,20.111729,20.228094,16.23664,15.38044,12.771517,12.721999,9.258635,13.440337,9.388727,14.069969,15.363395,16.583494,16.781834,12.300272,9.126349,15.057836,13.659865,14.779979,16.434422,17.70518,18.544147,21.38371,20.620586,24.906351,28.221958,28.265892,24.203835,26.910294,25.838392,22.528185,23.805214,22.367308,21.85401,26.426035,24.304785,21.028404,25.013168,24.027405,27.332312,28.131388,32.20378,33.618916,32.666103,30.59089,25.92092,21.17551,23.40198,18.706333,22.085838,18.788422,22.639088,22.349245,23.903488,26.337152,24.682432,19.38739,16.060307,13.774856,10.144071,11.518344,6.0259323,9.536133,8.703469,12.292447,14.919543,17.346529,17.55109,16.357445,19.550184,18.672253,15.152789,19.050331,22.533371,21.104021,18.104342,20.199926,21.00474,17.999771,17.328682,14.883352,13.726397,16.117756,14.461922,18.682117
18,16.73901,16.617313,13.008118,11.205484,11.4296465,6.8856235,11.5997305,10.126848,12.54028,14.759955,17.71377,21.260712,19.171783,16.422644,14.115402,10.205124,7.2073894,4.6910524,0.0,4.5614614,6.134915,8.966876,12.051767,12.181679,16.875957,17.560991,18.49562,15.08462,15.565168,12.146308,14.573038,10.318235,16.262136,12.521475,16.857527,18.522305,18.753456,18.723509,14.073873,10.499925,16.618427,14.271888,16.64704,17.522964,17.18692,18.413828,20.291758,19.751158,23.794832,27.453558,27.865324,24.56681,26.71411,26.634727,23.081007,24.456003,23.961437,23.745863,28.549194,26.92096,23.603096,27.379223,25.91179,29.374933,29.302744,34.07758,35.086308,34.137188,32.72578,28.21234,23.60164,26.452055,22.024527,25.761196,22.78161,26.678234,26.629707,27.963127,30.566195,28.709461,23.372528,20.348602,17.740683,14.3290615,15.237256,9.38956,11.169987,8.416563,11.550721,13.052824,15.725606,16.179132,15.758039,18.928915,18.42517,16.14473,19.390486,22.535933,21.705856,19.780708,21.516724,22.118645,19.79352,19.473719,18.009626,16.927118,20.029024,18.666565,22.968353
19,13.976584,13.292386,10.673078,7.493336,8.224491,5.508884,9.5092535,10.923213,12.348491,16.41643,19.357275,22.975246,21.854595,19.400787,17.433422,13.324696,11.024358,7.601705,4.5614614,0.0,5.2568655,6.410391,9.426738,8.613588,13.010928,13.437499,14.033191,11.015425,12.071361,9.084414,12.796855,9.7876005,17.12253,14.884722,18.774834,21.195814,21.577738,20.781485,16.36969,12.328578,16.994385,13.2784395,15.8473,15.1438055,14.080936,14.893331,16.41784,15.505505,19.558605,23.189737,23.93138,21.010452,23.28476,23.909595,20.643162,22.578943,22.417383,22.916836,27.969337,26.187767,22.793497,25.738798,23.647314,26.983479,26.100739,31.294653,31.892805,30.934557,30.102262,25.794233,21.43914,24.87257,20.916485,25.068197,22.76103,26.779583,27.415543,28.743511,31.783873,30.41278,25.288465,22.400303,19.259321,15.769279,15.504513,10.287432,9.179148,5.407377,7.5593467,8.546838,11.298934,12.189563,12.437758,15.243442,14.606709,13.4196825,16.489714,18.8716,18.175234,17.256186,19.079458,19.916512,18.3936,17.873821,17.896471,16.079565,19.998768,19.026308,23.341722
20,14.710503,15.569142,13.644148,11.22778,13.036295,10.419546,14.72128,15.377716,16.696129,20.38327,22.394062,26.530407,24.62191,21.630798,20.01226,15.720627,13.161562,10.090044,6.134915,5.2568655,0.0,6.0228257,6.3616657,7.304984,11.899111,13.192606,15.722385,12.760335,14.904715,10.20703,15.348024,10.416843,17.535416,15.141632,18.430723,20.93925,20.196323,19.306984,15.066477,11.37165,16.181444,12.849434,16.578564,16.838879,14.447745,16.57645,17.093653,17.779116,20.927673,25.093328,25.36473,23.11887,23.937216,24.847574,20.967321,22.1835,22.994795,23.079967,27.958794,27.172567,23.991056,27.570854,25.778828,29.541145,28.722189,34.278984,35.14204,34.739494,34.230656,29.718325,25.567163,28.775692,24.703074,28.48009,25.839037,29.523603,29.801388,30.568335,33.49903,31.425253,26.239998,23.90092,20.645712,17.801207,18.031523,12.444975,13.120656,8.924925,11.589957,11.139249,14.624137,16.295132,17.227678,19.70937,18.911518,18.388046,21.48813,23.284077,22.363583,22.010283,24.169449,25.107004,23.640629,23.003492,22.795359,20.618238,24.278913,22.6117,26.855453
21,8.704656,9.908212,8.591906,7.333719,10.411959,9.394651,14.186858,16.610552,18.485518,22.158504,25.680666,29.082006,27.73738,25.224178,22.638826,18.975422,15.803509,13.307843,8.966876,6.410391,6.0228257,0.0,5.7623615,7.995664,10.182567,12.439551,14.390009,13.212988,15.955928,12.829881,18.293428,15.0574465,22.676952,20.370445,24.006947,26.43187,26.009594,25.225872,20.896896,17.06342,21.630701,17.57934,20.987213,19.685717,16.846727,17.957212,17.826103,17.183826,20.435577,24.251295,25.621634,23.995258,25.437258,27.357517,24.061459,25.988363,26.86742,27.604792,32.656956,31.415907,28.116058,30.772276,28.289936,31.596596,29.731592,35.49308,35.530205,34.511887,34.450413,30.545006,26.51659,30.382212,26.795033,31.102356,29.03484,33.03067,33.75219,34.935585,38.011696,36.416523,31.244572,28.52082,25.350145,22.028788,21.789953,16.515743,15.002915,10.875293,11.259855,9.912785,12.137401,13.128811,14.554473,16.873201,17.048805,17.581306,19.256313,21.058575,21.411827,21.74703,22.809465,23.208767,22.51667,22.547535,23.217579,21.917276,26.063568,25.372963,29.678402
22,11.920239,13.61328,13.86085,11.543402,14.576779,14.035356,17.776564,20.341629,21.244022,25.787447,27.952927,32.07385,30.645634,27.781954,26.115803,21.848516,19.25016,16.08822,12.051767,9.426738,6.3616657,5.7623615,0.0,4.823133,6.6290827,9.37339,13.311028,12.153965,15.869117,11.686721,18.402205,14.618984,22.17087,20.871851,23.582165,26.544445,25.50058,24.064692,20.30594,16.717869,19.961304,15.70339,19.829557,18.607414,14.37702,16.509539,15.252634,16.396936,18.48102,22.781681,23.504713,22.6809,22.603289,24.998144,21.39826,22.897213,24.796333,25.562822,30.432617,30.014977,26.975294,29.689373,27.2849,30.902233,28.897562,35.079758,35.359753,35.11727,35.595108,31.496529,27.891972,31.620235,28.17323,32.17647,30.162539,33.804283,34.592495,35.19307,38.428143,36.563168,31.595886,29.51708,25.93901,23.229372,22.734167,17.768164,16.60263,12.1580515,12.95501,10.437808,13.607226,15.966894,18.118244,19.74389,19.12445,20.461975,22.71341,23.283901,22.878658,24.103493,26.034878,26.993658,26.529196,25.941202,26.999699,24.519163,28.714808,27.374945,31.543663
23,14.15467,14.31862,14.770851,10.87453,13.145364,13.345995,15.481501,18.70139,18.588938,24.120298,25.57455,29.88902,29.089607,26.394894,25.413347,20.812614,19.067192,15.187056,12.181679,8.613588,7.304984,7.995664,4.823133,0.0,5.4554467,5.935071,9.442799,7.5124035,11.35849,7.3263693,14.336585,11.637487,19.362206,19.204123,21.587503,25.006327,24.530407,22.564703,19.057724,15.259665,17.22711,12.275484,16.073254,14.055246,9.692327,11.694568,10.6813965,12.053644,14.272407,18.641417,19.032976,17.9147,18.044174,20.30843,16.893894,18.786884,20.498144,21.666569,26.627594,25.918743,22.882296,25.136093,22.567703,26.143808,24.121399,30.318493,30.71124,30.707048,31.262112,27.101627,23.732216,27.432158,24.244251,28.194036,26.533134,30.074999,31.232307,31.784903,35.254925,33.81319,29.11118,27.164057,23.31493,20.70974,19.531435,15.37519,13.205153,9.038186,9.592777,6.912082,10.698865,13.776992,15.9940195,17.225075,15.863059,17.394182,20.19944,20.111425,18.996325,20.537569,23.08435,24.526833,24.204298,23.084244,24.683496,21.35506,25.666094,24.267439,28.256683
24,12.824463,13.337573,15.620773,12.366362,15.282506,16.82713,18.709887,23.021639,22.93603,28.652437,30.552313,34.634758,34.15043,31.605358,30.330767,25.904375,23.898045,20.206474,16.875957,13.010928,11.899111,10.182567,6.6290827,5.4554467,0.0,4.000834,8.581367,9.634442,14.152281,11.690269,18.577835,16.879742,24.506136,24.65042,26.90463,30.41173,29.811752,27.717424,24.386175,20.67101,22.133745,17.006258,20.64021,17.582605,12.441267,13.743027,11.011777,12.190329,13.106029,17.260778,18.432014,18.84917,18.427921,22.101997,19.330166,21.507397,23.848236,25.543894,30.351118,29.772448,26.89973,28.2847,25.21875,28.406645,25.264748,31.791388,31.491385,31.446674,32.8592,29.283579,26.45019,30.531801,27.955952,32.05951,30.929537,34.452766,35.96618,36.524742,40.141068,38.919567,34.35685,32.45166,28.54536,25.922108,24.42041,20.609394,17.438976,13.603974,12.585064,8.725819,11.046812,14.263004,17.338835,17.725798,16.799314,19.84429,21.563683,20.483866,20.143358,22.937983,24.947256,26.231615,26.75991,25.867596,28.342733,25.190737,29.773405,28.81424,32.70627
25,15.616817,15.043821,17.18192,13.000451,15.128192,17.104061,17.688816,22.338837,21.455929,27.783846,29.05705,33.231476,33.22547,30.836908,30.107836,25.526726,24.162815,20.111729,17.560991,13.437499,13.192606,12.439551,9.37339,5.935071,4.000834,0.0,5.4875884,6.5862207,11.132963,9.534562,16.008102,15.462814,22.768562,23.799856,25.713072,29.480776,29.283295,26.841208,23.80467,20.103683,20.501755,15.103172,18.222847,14.418744,9.198379,10.080156,7.044165,8.674284,9.349261,13.703115,14.541511,14.90532,14.551393,18.305893,15.8704815,18.418793,20.629562,22.70782,27.469513,26.680492,23.896969,24.751812,21.525715,24.609785,21.352043,27.923471,27.705133,27.936573,29.486343,25.90631,23.398426,27.404194,25.155691,29.127266,28.352985,31.710302,33.522606,34.011204,37.77713,36.907204,32.637627,30.89449,26.859255,24.417425,22.407381,19.430374,15.5967455,12.392744,11.040613,7.272081,9.664486,13.43441,16.45999,16.406998,14.775752,18.042477,20.171541,18.398369,17.361034,20.547182,23.079205,24.781807,25.434416,24.094494,26.98706,23.185455,27.756557,26.762451,30.411581
26,16.511885,14.342718,16.560244,11.89468,12.955729,16.187963,15.009423,20.693102,19.276413,25.977036,27.531254,31.190521,32.046963,30.181305,29.47033,25.175789,24.26285,20.228094,18.49562,14.033191,15.722385,14.390009,13.311028,9.442799,8.581367,5.4875884,0.0,4.973662,8.281879,9.807586,14.430695,16.092615,23.109716,24.507908,26.65481,30.370752,30.98571,28.587177,25.480822,21.622232,21.792736,16.283388,18.173307,13.050903,9.571882,7.9634104,6.30855,3.8756206,6.3090234,9.868327,11.770198,11.504574,13.40245,16.968119,15.639002,19.0448,20.155184,22.776218,27.565914,25.798298,22.937735,22.72282,18.972557,21.388569,17.532516,23.930662,23.187918,22.904345,24.570803,21.412651,19.174986,23.515587,21.891357,26.092823,26.007622,29.469505,31.78062,32.679188,36.5664,36.430225,32.395973,30.372314,26.456545,23.766672,21.156252,19.150139,13.671312,11.738052,8.731126,5.6297984,5.993703,9.81742,12.82244,11.9518385,9.955136,14.0705,15.78491,13.196443,12.193373,16.104988,18.46721,20.343721,21.548344,20.084946,23.873835,20.060457,24.764246,24.464237,27.860973
27,17.83472,15.94004,16.664001,11.535354,12.005956,13.887427,12.71439,17.324183,15.582474,22.390963,23.21848,27.286034,27.838366,25.78332,25.537403,20.999493,20.503279,16.23664,15.08462,11.015425,12.760335,13.212988,12.153965,7.5124035,9.634442,6.5862207,4.973662,0.0,4.575013,4.922649,9.85587,11.181894,18.148693,19.64719,21.69486,25.429586,26.14495,23.739376,20.67785,16.878056,16.96433,11.500258,13.379379,8.811323,5.8047147,4.964699,5.767869,5.286405,8.770522,12.607019,12.954324,10.832922,12.816335,14.813101,12.583473,15.7407875,16.375628,18.569942,23.553888,21.765734,18.720999,19.453571,16.210419,19.299612,16.839111,22.999575,23.230057,23.239948,23.949066,19.94042,17.053741,20.965614,18.576994,22.627476,21.963177,25.42945,27.424067,28.206789,32.024136,31.635633,27.509394,25.559801,21.58964,19.018736,16.518686,14.461554,9.597085,7.6005044,6.0741725,4.4116015,7.2421,10.836007,12.833753,13.050776,10.4673,12.57739,15.828742,14.474329,12.2635145,14.604937,17.882072,20.02074,20.218578,18.368114,21.226831,16.875723,21.379044,20.44627,23.969471
28,20.836199,18.295221,18.22371,13.034309,12.115643,13.811073,10.856314,15.171906,12.436438,19.610428,19.877356,23.770409,24.946753,23.276896,23.544466,19.204716,19.570715,15.38044,15.565168,12.071361,14.904715,15.955928,15.869117,11.35849,14.152281,11.132963,8.281879,4.575013,0.0,5.7682834,6.4188867,10.336303,16.129202,18.172503,20.143896,23.756945,25.2343,22.88053,20.0236,16.427473,16.002264,11.083869,11.312874,6.080517,6.903405,4.2337713,8.15573,6.3377905,10.462167,13.185264,13.097778,9.127635,12.954075,13.318277,11.707686,15.130519,14.308469,16.606462,21.524546,18.86017,15.711214,16.059418,12.822307,15.73135,14.0654745,19.629673,20.237333,20.106709,20.104362,15.760514,12.625418,16.42072,14.045512,18.143496,17.752937,21.253284,23.512686,24.545088,28.411863,28.542665,24.689672,22.64131,18.813349,16.264961,13.202327,12.535982,6.750303,7.1554503,5.8590364,7.1354814,8.757983,11.33007,12.160634,12.412638,9.186345,9.862721,14.017542,12.924947,9.554472,10.93878,14.998415,17.555973,17.415045,15.02122,17.940096,12.957243,17.317524,16.49637,19.767122
29,19.494719,18.193031,17.659637,12.763008,12.953244,12.922741,12.526471,15.207673,13.479008,19.912554,19.917318,24.507504,24.40299,21.983065,22.194633,17.36983,17.193945,12.771517,12.146308,9.084414,10.20703,12.829881,11.686721,7.3263693,11.690269,9.534562,9.807586,4.922649,5.7682834,0.0,7.127131,6.354592,13.59385,14.918634,16.881466,20.626144,21.224176,18.858181,15.761529,12.016099,12.334228,6.9812083,9.4438925,7.018291,5.1518064,6.6920424,8.7830105,9.875955,13.014176,16.875044,16.242912,13.223442,14.574119,14.965391,11.628659,13.912263,14.19564,15.498774,20.627323,19.119888,15.924936,18.172935,15.857059,19.589571,18.689783,24.340158,25.459093,25.736843,25.58419,20.93287,17.491833,20.68086,17.378849,21.056303,19.49091,22.895159,24.296719,24.861233,28.501965,27.579475,23.22139,21.388538,17.355137,14.97095,12.978111,10.332484,7.5882373,5.149354,7.0003767,7.171181,10.84034,13.767037,14.885272,16.067476,13.5480795,13.666025,17.900854,17.781948,15.0887985,15.714176,19.452902,21.582405,20.746866,18.752583,20.23995,15.682706,19.702618,17.901197,21.597713
30,24.80009,22.64137,21.260975,16.470062,14.959324,14.583262,11.762154,13.00839,9.412882,16.159395,14.521615,19.079008,19.950293,18.153448,19.580084,15.155233,16.735624,12.721999,14.573038,12.796855,15.348024,18.293428,18.402205,14.336585,18.577835,16.008102,14.430695,9.85587,6.4188867,7.127131,0.0,6.74076,10.202267,12.884784,14.4475765,17.936905,19.983212,17.718737,15.262504,12.289217,11.278352,7.9521227,6.2146187,4.4333386,9.038628,8.44942,12.863079,12.632711,16.141003,18.72862,17.519262,12.627842,15.783706,13.662265,11.37289,13.665119,11.279045,12.424323,17.30679,14.277533,10.845938,13.052059,11.402165,14.921639,15.923853,20.159952,22.094816,22.343393,20.95213,15.812351,12.0782175,14.316505,10.594368,13.98843,12.436651,15.882202,17.595207,18.501495,22.263073,22.164986,18.281767,16.355864,12.4869,10.328381,7.0534277,7.8886533,5.1757,7.578075,9.493811,12.042277,14.2945595,16.11967,15.809943,16.9826,13.998053,11.945409,17.123785,17.47773,13.6192465,12.292287,16.93911,19.52507,17.978718,15.201426,16.152937,10.47428,13.72473,11.530309,14.797188
31,23.03102,22.095455,20.174389,15.990657,15.547925,13.409019,13.607544,13.160299,11.56746,16.709328,15.409914,20.534021,19.541021,16.71082,17.734068,12.737914,13.429762,9.258635,10.318235,9.7876005,10.416843,15.0574465,14.618984,11.637487,16.879742,15.462814,16.092615,11.181894,10.336303,6.354592,6.74076,0.0,7.961843,8.604134,10.715045,14.3010435,15.110481,13.052387,9.742288,6.1264443,7.5723376,4.470712,6.439417,8.73881,9.837969,11.777979,14.629004,15.836094,19.04649,22.655312,21.4511,17.599556,18.888233,17.441936,13.650208,14.594349,13.751466,13.466035,18.376143,16.977032,13.744648,17.910534,17.006638,20.996649,21.931486,26.565552,28.556053,28.90889,27.654984,22.535358,18.60723,20.666609,16.397228,19.325577,16.521078,19.74731,20.177494,20.589647,23.828781,22.229073,17.499214,15.677231,11.718341,9.596309,8.827129,5.333846,7.776122,6.7364964,10.8968315,12.543697,16.030128,18.083162,18.141443,20.121664,17.800898,15.880384,20.756187,21.932732,18.959366,17.656296,21.553352,23.546919,21.523516,19.48875,19.071627,14.723231,17.61613,14.740371,18.47232
32,30.823793,29.790012,27.427568,23.461147,22.381954,19.774641,19.087812,16.564636,14.174134,17.561995,12.867765,18.407835,17.155647,14.424188,17.795017,13.589945,16.237272,13.440337,16.262136,17.12253,17.535416,22.676952,22.17087,19.362206,24.506136,22.768562,23.109716,18.148693,16.129202,13.59385,10.202267,7.961843,0.0,6.1336355,4.6501136,8.509163,10.610706,8.20513,7.437477,7.461673,4.782293,8.122025,6.02936,11.989944,15.272882,17.003252,20.417116,22.017673,24.776918,27.848143,25.685713,21.236124,22.215893,18.696342,15.347113,14.804849,12.342523,10.101034,13.693069,12.453769,9.947549,15.838694,16.952969,20.784166,23.861277,26.980724,30.106663,31.055431,28.902685,23.572056,20.10176,20.28105,15.917451,16.862123,13.155845,15.052067,14.361243,13.889784,16.735346,14.543549,10.099602,9.555505,5.598589,6.7112656,7.1697707,8.091387,13.051018,14.067788,17.958641,20.130146,23.273455,25.053953,24.498362,26.414108,23.818022,20.874697,26.1172,27.432419,23.710304,21.353508,25.685999,27.891678,25.198282,22.740347,21.08231,16.522854,17.363361,13.164818,15.599049
33,28.704735,28.099844,24.92008,21.865425,20.89831,17.112236,17.939928,13.863043,13.241459,14.684648,11.573859,16.754725,13.967152,10.511563,13.002721,8.848497,11.130347,9.388727,12.521475,14.884722,15.141632,20.370445,20.871851,19.204123,24.65042,23.799856,24.507908,19.64719,18.172503,14.918634,12.884784,8.604134,6.1336355,0.0,4.8033423,6.381652,8.181755,8.058261,4.7065063,4.738106,8.623689,10.986549,10.852334,15.799469,18.17292,19.981905,23.150974,24.13255,27.527916,30.906244,29.480377,25.111708,26.542915,23.845314,20.224493,20.01784,18.123634,16.120995,19.698723,18.494007,15.88295,21.450125,22.059015,25.764376,28.287619,31.653656,34.31926,34.545773,32.138184,26.924053,22.767096,23.422628,18.570833,20.158716,15.972587,18.509243,17.137096,17.462868,19.522787,16.731335,11.379741,9.3749075,6.8350263,6.0211525,8.972978,6.4764776,13.3981695,13.655353,18.006521,20.364708,23.51711,24.71621,23.830477,26.429308,24.516464,21.011108,25.892143,28.341753,25.452263,22.453924,25.947649,27.537426,24.343046,22.617273,19.811937,16.839766,17.628412,13.8769455,17.006186
34,32.494606,31.958746,29.160227,25.74689,24.884195,21.494883,21.82719,18.207666,16.79482,18.597963,13.897082,19.197811,16.681133,13.52115,17.07478,13.373226,15.905937,14.069969,16.857527,18.774834,18.430723,24.006947,23.582165,21.587503,26.90463,25.713072,26.65481,21.69486,20.143896,16.881466,14.4475765,10.715045,4.6501136,4.8033423,0.0,4.3085737,6.032326,4.460596,4.5936346,7.089601,6.712786,11.224345,10.404292,16.405071,18.964529,21.130054,24.191767,25.982153,28.777588,32.094982,29.990248,25.732174,26.346521,22.980085,19.37597,18.291983,16.373623,13.557629,16.264688,15.922173,13.973666,20.111822,21.523783,25.316986,28.506668,31.535292,34.72632,35.59777,33.253933,27.946669,24.316656,24.324745,19.79283,20.440945,16.292889,17.818903,16.10739,15.396875,17.291382,13.864936,9.045234,8.960557,6.522188,8.326337,10.582647,10.172845,16.440285,16.89057,21.156326,23.225492,26.561207,28.186728,27.536171,29.810558,27.507563,24.30587,29.418564,31.261862,27.838964,25.16885,29.160812,31.074938,28.021132,25.908758,23.389524,19.706774,20.061066,15.806879,18.0915
35,34.884396,34.443253,31.161226,28.239923,27.206516,23.321882,23.946896,19.275396,18.456339,18.58721,13.696918,18.372961,14.996506,11.879204,15.84265,13.2126665,16.022156,15.363395,18.522305,21.195814,20.93925,26.43187,26.544445,25.006327,30.41173,29.480776,30.370752,25.429586,23.756945,20.626144,17.936905,14.3010435,8.509163,6.381652,4.3085737,0.0,4.5806737,6.024094,6.687315,9.858002,10.988381,15.39715,14.488855,20.351011,23.098202,25.10568,28.287018,29.756443,32.800644,36.06658,34.10084,29.667048,30.579418,27.069593,23.608057,22.486855,20.323133,17.349554,19.429838,18.989424,17.333342,23.413628,25.095118,28.641691,32.152126,34.75614,38.021183,38.659824,35.88056,30.662928,26.905275,26.547157,21.926373,22.188963,17.728727,18.942963,16.398703,15.84346,16.772427,12.718973,7.8722525,7.837109,7.5795174,9.695516,12.919558,12.554299,19.290115,19.919199,24.222544,26.550503,29.7453,30.99581,29.99759,32.533035,30.479902,26.754795,31.722992,34.13321,30.912159,27.647234,31.29272,32.946636,29.496168,27.64857,24.261703,21.452269,21.04845,16.883999,18.777258
36,34.653122,34.811577,31.70191,28.968285,28.516886,24.47724,26.007416,21.721724,21.361853,21.828165,17.819218,22.533745,18.784073,15.377392,18.419426,15.534674,17.312582,16.583494,18.753456,21.577738,20.196323,26.009594,25.50058,24.530407,29.811752,29.283295,30.98571,26.14495,25.2343,21.224176,19.983212,15.110481,10.610706,8.181755,6.032326,4.5806737,0.0,4.012103,5.5564647,9.628471,11.156842,15.683804,15.978226,21.89671,23.547338,26.198633,28.742996,30.83818,33.55934,37.191746,35.159355,31.23965,31.33123,28.315704,24.403812,22.864626,21.70029,18.60657,20.650358,21.24131,19.671925,25.91792,27.422487,31.28209,34.368855,37.536278,40.716724,41.552124,39.193592,33.89973,30.129433,30.17905,25.546839,26.123049,21.788843,23.075214,20.716831,19.813519,20.760332,16.345228,12.036516,12.409517,11.602935,13.1945715,16.173885,14.558021,21.305685,21.007437,25.483337,27.23577,30.780293,32.331604,31.738909,34.32025,32.33365,29.12894,34.020046,36.270348,33.19856,30.467205,34.10655,35.713352,32.44365,30.728193,27.605398,24.76762,24.940952,20.851572,23.076124
