,0,1,2,3,4,5,6,7,8,9,10,11,12,13,14,15,16,17,18,19,20,21,22,23,24,25,26,27,28,29,30,31,32,33,34,35,36,37,38,39,40,41,42,43,44,45,46,47,48,49,50,51,52,53,54,55,56,57,58,59,60,61,62,63,64,65,66,67,68,69,70,71,72,73,74,75,76,77,78,79,80,81,82,83,84,85,86,87,88,89,90,91,92,93,94,95,96,97,98,99,100,101,102,103,104,105,106,107,108,109,110,111,112,113
0,0.0,4.185276,7.8880286,9.965907,12.8825865,14.717498,18.423277,22.122717,25.186037,28.933903,33.069496,34.48935,36.96423,39.331154,35.80413,30.81211,30.19295,25.293497,23.69728,20.192734,18.182758,17.270735,12.923457,14.954049,11.850518,16.838764,14.906045,15.611112,20.802769,22.263268,25.632414,31.640396,33.572212,37.090958,38.491463,41.602505,42.70548,40.28268,39.242695,36.408714,34.415436,30.394299,26.175201,25.86546,20.962847,17.133474,16.945528,12.802873,16.363434,12.378208,14.0687475,19.570127,18.717487,18.080818,21.747814,20.248539,22.451637,20.208445,22.770102,24.973692,23.39984,29.487358,29.400114,33.2308,35.433052,36.88238,32.694874,29.650742,34.32895,35.19492,27.558153,29.431736,33.25406,30.361166,26.669657,30.521767,31.992798,28.39419,28.129438,31.116941,29.67091,26.08457,25.457571,25.057564,23.750582,22.204477,27.047709,26.305746,30.06698,29.385492,34.093513,32.63334,37.42172,36.153564,40.072433,39.677467,39.224087,44.38739,41.572258,38.95988,35.557236,31.202953,31.100348,26.639742,26.387976,23.244146,21.263393,24.672783,26.06117,29.243362,28.428177,32.770725,32.237644,36.776672
1,4.185276,0.0,4.963396,7.007727,9.17763,12.008796,14.774915,18.92655,21.983814,25.716396,30.012598,31.184011,33.727795,35.902367,32.197086,27.262295,26.562252,21.497858,20.090048,16.275465,14.660644,13.924052,9.387731,10.79032,8.139438,13.215947,11.665925,11.697004,16.984106,18.147924,21.854052,27.585606,29.815687,33.098637,34.712006,37.725697,38.944103,36.595478,35.38074,32.653698,30.420511,26.639883,22.314854,22.201204,17.360285,13.724048,14.036361,10.85132,15.058969,12.168736,13.024393,18.607557,18.993069,18.08057,20.917053,19.510489,20.84127,18.576902,21.896814,23.209354,21.195219,27.36409,27.172026,30.970558,33.732346,34.49118,30.072552,27.639065,32.31027,32.513813,24.96933,27.369175,30.96012,27.678295,24.348255,28.6964,29.71897,26.108978,26.388004,29.34831,27.811037,24.867441,23.520136,22.675444,20.799194,19.51758,23.763958,22.880213,26.523771,25.675835,30.322042,28.67595,33.454678,32.046574,36.013573,35.523773,35.043186,40.21494,37.423965,34.86816,31.551786,27.182232,26.9389,22.601477,22.203844,19.145884,17.297031,20.761475,21.985857,25.396372,24.382612,28.821184,28.425869,32.948925
2,7.8880286,4.963396,0.0,5.043125,7.4243402,8.947679,12.684007,15.630193,19.393045,22.314642,27.376104,27.928415,30.816622,33.357677,29.337734,24.830048,23.471,19.020695,16.450573,13.007679,10.770756,9.384784,5.2886963,9.056945,8.09452,12.481198,13.301483,12.2868395,17.295551,17.336174,22.301394,26.852877,30.11395,32.51043,34.698456,37.43702,38.798374,36.48199,34.673283,32.251022,29.245213,26.53511,21.790728,22.727064,17.634933,15.249469,15.599607,14.353658,18.679508,16.37856,15.731123,21.786034,22.390814,20.477146,22.636297,20.760256,21.170044,18.280752,21.259882,21.869347,20.073778,26.31881,26.730621,30.5498,34.091213,34.41815,29.69985,28.001986,33.06652,32.7932,25.575373,28.683771,32.29613,28.814436,26.006634,30.759762,31.706343,28.357304,29.124678,32.22603,30.862293,28.5478,26.765957,25.347916,22.882881,21.507889,24.812954,23.106323,26.46862,24.868607,29.299831,27.164951,31.671133,30.053173,33.595474,33.13188,32.71672,38.414753,35.843037,33.485676,30.631327,26.45484,25.345201,21.555323,20.19222,16.485924,14.074776,17.1447,18.948158,21.844944,21.914644,26.212053,26.397388,30.92589
3,9.965907,7.007727,5.043125,0.0,4.036804,5.050217,8.993724,12.174602,15.327773,18.986252,23.271059,24.523493,27.046892,29.544682,25.976767,21.105597,20.368715,15.826278,14.110896,11.39841,8.962609,9.977315,7.3227267,9.2029295,10.487062,14.665669,14.655581,11.971356,17.317026,16.250427,21.333641,25.34195,28.367395,30.632154,32.311558,35.234962,36.120213,33.49022,31.755547,29.17025,26.561369,23.706612,18.910984,20.379671,14.494416,13.2216835,12.234101,12.623057,16.440426,14.71741,12.297332,18.586523,19.366713,16.736002,18.22713,16.245401,16.221882,13.301551,16.634611,17.009872,15.085697,21.337389,21.726166,25.565977,29.10431,29.540464,24.873816,23.075108,28.276688,28.215204,21.048716,24.212746,28.016535,24.775639,22.019163,26.732744,28.052172,25.057169,25.83286,29.222057,28.387154,26.445034,25.024628,23.07149,20.945578,18.426508,21.845985,19.520613,22.980528,21.341494,25.875711,24.197905,28.713572,27.7633,31.161955,31.346441,31.451508,36.883125,34.895508,33.00261,30.345148,25.906017,24.507822,21.580069,19.22932,16.44452,14.447208,16.61543,17.938112,20.046705,19.571404,23.504904,23.025047,27.588161
4,12.8825865,9.17763,7.4243402,4.036804,0.0,5.617134,5.6142135,10.349206,13.056131,16.960938,21.144629,22.220423,24.700115,26.754509,23.036572,18.096228,17.489979,12.411056,11.604231,8.303532,7.0889606,9.134656,7.065148,6.445936,9.54332,12.803994,12.994726,9.180222,14.169453,12.437981,17.749233,21.35674,24.529613,26.615477,28.388998,31.248798,32.2066,29.652843,27.831709,25.31456,22.58327,19.847082,14.988797,16.687922,10.945453,10.405283,9.97727,11.942492,15.758242,15.305803,12.587768,18.07894,20.101965,17.724699,18.273668,16.745054,15.744257,13.29085,17.577833,16.80427,14.178227,20.20942,20.210539,23.883179,27.886377,27.473839,22.640774,21.588432,26.51005,25.65058,18.700102,22.34859,25.723278,22.080664,19.81446,24.92343,25.65236,22.704956,24.034492,27.2504,26.330597,25.094278,23.05105,20.708252,18.10855,15.931193,18.492105,16.05899,19.353521,17.619202,22.118639,20.319952,24.912241,23.874153,27.461084,27.562548,27.669056,32.941677,30.997387,29.201141,26.610567,22.132797,20.666225,18.05109,15.453784,13.21423,11.734202,13.80003,14.569029,17.082237,15.85743,19.971369,19.476034,24.033796
5,14.717498,12.008796,8.947679,5.050217,5.617134,0.0,7.0553346,7.6905913,11.219119,14.386856,18.89449,20.026712,22.627874,25.547525,22.06036,17.487228,16.503517,12.950701,10.5218115,9.604778,6.3069324,8.990757,9.000884,11.080321,14.141737,17.357716,18.379759,14.737195,19.467356,16.973043,22.777784,25.237255,28.899017,30.22044,32.033382,34.758076,35.432865,32.676804,30.473862,28.13997,25.146168,23.361252,18.414251,21.122892,15.025954,15.623006,14.057764,16.390568,19.72483,18.63149,14.82484,20.940163,21.829695,18.240845,18.645348,16.294714,15.016916,11.585891,14.374669,13.646019,12.086315,18.147104,19.272398,23.02461,27.262,27.380278,22.581152,21.529772,27.053782,26.723627,20.239841,23.939875,27.758116,24.655518,22.533543,27.31798,28.787825,26.350592,27.460651,31.005768,30.626373,29.357752,27.894194,25.36236,23.113144,20.051035,22.54591,19.191095,22.237244,19.877062,24.065125,22.29437,26.375196,25.757223,28.497593,29.212795,29.769464,35.412933,34.074173,32.71347,30.664509,26.394901,24.091618,22.365545,18.626942,16.100506,14.058037,14.779819,16.27564,16.891226,17.316057,20.579863,20.21708,24.689623
6,18.423277,14.774915,12.684007,8.993724,5.6142135,7.0553346,0.0,6.4559927,7.9956903,12.211152,15.968244,17.047222,19.356281,21.182293,17.52391,12.49382,12.195268,6.9997344,7.7300406,6.0235534,6.226702,10.396311,10.741611,8.901671,13.751102,15.517065,16.310516,11.388767,14.9400625,11.227592,16.947575,18.53322,22.192888,23.274323,25.030708,27.721645,28.40497,25.719688,23.478771,21.171703,18.163492,16.435617,11.456655,14.725334,9.0591545,11.48428,10.583621,15.1363535,18.114765,18.88884,14.951817,19.48203,22.284052,19.414099,18.432943,17.084808,14.420718,12.323113,16.902653,14.399001,11.354926,16.668455,16.736416,20.099016,24.966663,23.564507,18.528727,18.775528,23.599007,21.861744,15.803893,20.23886,23.22211,19.48126,18.253487,23.564388,24.016228,21.73818,23.704456,26.88961,26.426517,26.311502,24.008135,20.9127,18.129726,15.5511465,16.473856,12.8551235,15.564152,13.05518,17.283674,15.459296,19.818419,19.234676,22.456188,23.138195,23.791243,28.94131,27.745375,26.620884,24.66711,20.327026,18.011187,17.093504,12.878678,11.987519,11.301196,11.571948,11.5722685,12.894127,11.181225,14.785917,14.032413,18.596365
7,22.122717,18.92655,15.630193,12.174602,10.349206,7.6905913,6.4559927,0.0,4.787753,6.814235,12.055789,12.422287,15.258051,18.272013,14.5518875,10.559415,9.043877,7.294243,4.788171,7.7232494,6.268772,10.72874,13.326019,13.700932,18.555893,20.073315,22.070805,17.41428,20.583511,16.298231,22.453695,22.337784,26.803509,26.602148,28.687756,30.941807,31.450817,28.744328,25.836313,24.07887,20.442875,20.570742,15.873906,20.148325,14.929043,17.933662,16.577562,21.104082,23.94032,24.22207,19.6305,24.574348,26.561848,22.726038,21.408882,19.41886,16.132118,13.341587,16.134558,12.676379,10.94585,15.434694,16.995148,20.102713,25.646334,24.241224,19.278347,20.311615,25.525694,23.86238,19.017557,23.600304,26.70634,23.494757,22.792501,27.748377,28.657606,26.983929,28.916363,32.265057,32.23305,32.27611,30.246445,26.986807,24.324535,21.373457,21.768837,17.38591,19.315859,15.933233,19.173979,17.110592,20.367887,20.111366,21.949612,23.320177,24.506298,30.148117,29.755392,29.237661,28.144827,24.338747,20.90866,21.216995,15.799324,14.529239,13.301362,11.571178,12.474124,10.734176,11.957169,13.999124,13.988947,18.153522
8,25.186037,21.983814,19.393045,15.327773,13.056131,11.219119,7.9956903,4.787753,0.0,5.6787534,8.099656,9.920667,11.823695,14.383896,11.481674,6.7742105,7.1942153,6.1975055,7.6147585,10.711219,10.532544,15.172238,17.355509,16.50473,21.584831,22.917152,24.187576,19.105253,21.801676,17.054785,22.44149,21.460434,25.398827,24.892658,26.330227,28.628485,28.588512,25.650234,22.841986,21.066484,18.054066,18.383806,14.281981,18.993303,14.149243,18.3447,16.392944,21.971004,24.040037,25.091524,19.913855,23.87796,26.312935,22.441813,20.076065,18.502943,14.29125,12.408078,15.464689,10.850955,8.74755,11.838037,13.198958,15.899854,21.830122,19.82689,14.91551,16.800722,21.698835,19.682749,15.789907,20.508205,23.297182,20.389856,20.341509,25.02611,25.935408,24.878736,26.984354,30.276365,30.708115,31.38595,29.53933,25.938055,23.639265,20.171892,19.9011,15.012495,16.441183,12.977835,15.826984,14.52559,17.460823,18.238749,19.777777,21.969606,23.750938,28.659168,28.95765,28.983217,28.15165,24.38182,20.976862,22.229746,16.552176,16.741934,16.341042,14.20804,14.009464,11.560698,11.239041,12.084337,10.806705,14.752654
9,28.933903,25.716396,22.314642,18.986252,16.960938,14.386856,12.211152,6.814235,5.6787534,0.0,7.091047,5.75462,9.017228,12.637126,9.059978,7.29005,5.064481,8.537248,7.467432,12.346548,12.156475,16.031996,19.485025,19.43649,24.666512,25.355639,27.79006,22.89908,25.022657,19.975153,25.766918,23.491552,28.314026,26.667059,28.803213,30.493547,30.694721,28.095955,24.623108,23.59577,19.689838,21.786444,17.956308,23.02834,18.935316,23.084772,21.723623,27.072397,29.466469,30.324171,25.321411,29.525919,31.816347,27.7609,25.500242,23.713587,19.52589,17.390474,19.327456,14.56606,13.560569,15.465865,17.563137,19.637177,25.886908,23.420158,18.863377,21.59997,26.236818,23.75982,20.966213,25.729956,28.186312,25.318087,25.734884,30.36396,31.033833,30.13678,32.454113,35.614845,35.968987,36.844616,34.682972,31.055946,28.385237,25.469164,24.484161,19.63057,20.341446,16.409443,18.086407,16.097458,17.779081,18.220495,18.455572,20.805553,22.782452,28.141703,28.91804,29.344908,29.27229,26.14134,21.925161,24.015896,17.787052,17.681782,17.140518,13.739296,14.024234,9.378764,11.85536,11.3084955,11.743799,14.745431
10,33.069496,30.012598,27.376104,23.271059,21.144629,18.89449,15.968244,12.055789,8.099656,7.091047,0.0,5.4600396,4.6737437,7.9329414,7.7146378,6.543318,8.384978,11.820886,13.731283,17.892607,18.049597,22.405033,25.194275,24.288996,29.53607,30.432007,31.834717,26.62391,28.575367,23.39455,28.077778,25.183933,28.924913,27.078644,28.039288,29.784433,29.020258,26.093166,23.0131,22.00733,19.51226,21.6082,18.909492,23.985277,20.355219,25.33802,23.12702,29.223875,30.623146,32.120667,26.49522,29.539715,31.958752,27.830801,24.463322,23.15453,18.29688,17.35744,18.898073,13.387619,12.758758,11.584166,13.654516,14.535335,20.940273,17.907171,14.105985,17.929379,21.799335,19.284342,18.501854,22.836346,24.83651,22.881777,24.060658,27.848352,28.792795,28.861729,31.118155,34.194817,35.282673,36.77769,35.15836,31.2688,29.336014,25.66076,24.255547,19.1396,19.155361,15.664899,16.365738,15.984673,16.736296,18.978264,18.522251,22.144388,24.907085,28.910992,30.685673,31.80166,31.962202,28.869707,25.000072,27.835485,21.741938,22.926638,22.98083,19.778122,19.1427,14.726242,14.973702,12.845357,11.1727495,12.854196
11,34.48935,31.184011,27.928415,24.523493,22.220423,20.026712,17.047222,12.422287,9.920667,5.75462,5.4600396,0.0,3.9707057,7.796561,5.1558642,7.182906,6.166882,11.755811,12.336985,17.061735,17.589645,21.325277,24.88216,24.24221,29.660023,29.844267,32.273113,27.232946,28.597805,23.22285,28.349852,24.579826,29.2797,26.597452,28.525644,29.724747,29.564447,27.121588,23.384691,23.013334,19.310524,22.764503,19.947962,25.247688,22.187248,26.999765,25.660051,31.544147,33.5294,34.930157,29.733418,33.19174,35.84535,31.837788,28.89519,27.443,22.77532,21.336733,23.021635,17.732574,16.966038,16.863487,18.847393,19.842333,26.30931,22.850454,18.959452,22.988756,26.778362,23.582092,22.647692,27.32432,29.064491,26.544857,27.862373,32.100376,32.463066,32.21143,34.806767,37.707462,38.35514,39.93236,37.685986,33.834785,31.259148,28.45016,26.431608,21.519194,21.217995,17.26431,17.422358,15.868564,15.910253,17.21138,15.940617,19.257656,21.937271,26.528496,28.374273,29.62755,30.321714,27.76894,23.296978,26.635654,20.263794,21.221605,21.29988,17.36071,16.926014,11.436807,13.491091,10.705086,11.109569,12.325063
12,36.96423,33.727795,30.816622,27.046892,24.700115,22.627874,19.356281,15.258051,11.823695,9.017228,4.6737437,3.9707057,0.0,4.804261,5.5238013,8.089665,9.035573,14.026301,15.732783,20.181366,20.80119,24.808754,28.067049,27.048622,32.47655,32.772404,34.701576,29.517923,30.80041,25.3943,29.939896,25.866653,29.956078,27.146334,28.425798,29.599384,28.901148,26.333485,22.829048,22.546703,19.668911,23.142302,20.97702,26.20242,23.434072,28.597271,26.882334,33.085224,34.587982,36.300106,30.841167,33.70858,36.426228,32.422092,28.973183,27.777431,22.869635,22.009422,23.488823,17.99574,17.416668,15.879368,17.719692,17.958979,24.32956,20.505245,17.231428,21.817812,25.032207,21.765467,22.043484,26.413452,27.819155,25.809114,27.550518,31.300755,31.75203,32.019615,34.584293,37.395756,38.411674,40.32397,38.343193,34.380333,32.18008,29.048851,26.792904,21.84088,21.13702,17.501652,17.02113,16.377785,15.77727,18.092115,16.386202,20.384153,23.458729,27.187174,29.602562,31.234636,32.0595,29.558405,25.314964,28.988382,22.74692,24.28664,24.616077,20.831453,20.007658,14.84542,15.7338705,12.338388,11.605673,11.801204
13,39.331154,35.902367,33.357677,29.544682,26.754509,25.547525,21.182293,18.272013,14.383896,12.637126,7.9329414,7.796561,4.804261,0.0,5.352247,8.760762,10.832918,15.171855,18.24588,22.078897,23.419285,27.48121,30.442928,28.550583,34.035065,33.921192,35.53213,30.310913,30.893335,25.46513,29.124504,24.222649,27.800657,24.509747,25.378748,26.267061,25.24851,22.826227,19.359076,19.502071,17.194468,21.273132,20.127716,25.157139,23.487478,28.978783,27.517435,34.01693,35.16913,37.497044,32.206238,34.229603,37.558723,33.99944,30.157911,29.46736,24.402508,24.202532,26.313192,20.767757,19.646936,17.546299,18.417519,17.94493,24.168392,19.242682,16.495754,21.93836,24.136635,19.930506,21.521322,25.758617,26.325146,24.383467,26.85694,30.356163,30.215168,30.87987,33.737614,36.15695,37.247124,39.785717,37.60977,33.565414,31.443493,28.685484,25.520617,20.888165,19.360573,16.075785,14.380834,14.382821,12.6929245,15.861705,13.695527,18.224527,21.639091,24.293854,27.28952,29.383917,30.502838,28.33592,24.343279,28.662003,22.741554,25.226637,26.144514,22.462132,20.918444,16.355513,15.784549,11.624571,10.244594,8.734775
14,35.80413,32.197086,29.337734,25.976767,23.036572,22.06036,17.52391,14.5518875,11.481674,9.059978,7.7146378,5.1558642,5.5238013,5.352247,0.0,5.644784,6.011193,11.014371,13.560897,17.40188,19.014507,22.772236,25.96215,24.173058,29.711988,29.294188,31.48629,26.394997,26.86072,21.361227,25.674849,20.898039,25.400394,22.163475,24.028269,24.953737,24.76647,22.525162,18.606438,18.6337,14.909799,19.240866,17.272058,22.520693,20.696917,25.887321,25.038162,31.25163,33.00514,35.092922,30.190443,32.838394,36.278896,32.820065,29.557821,28.634497,23.790768,22.978052,25.613855,20.21916,18.642912,18.312595,19.24351,19.802908,26.29426,21.742723,17.986702,22.818155,25.784105,21.514479,21.384789,26.15155,27.10169,24.327019,26.321,30.571968,30.170904,30.107912,33.10998,35.601322,36.14729,38.345715,35.70027,31.762821,29.062025,26.85586,23.765278,19.161741,18.047981,14.169279,13.264156,11.743005,10.944528,12.69071,11.168559,14.942728,17.964357,21.870062,24.104427,25.739819,26.716026,24.48063,20.11824,24.251251,18.093838,20.231337,21.094872,17.235157,15.79031,11.023201,11.130375,7.06237,7.2959867,7.370299
15,30.81211,27.262295,24.830048,21.105597,18.096228,17.487228,12.49382,10.559415,6.7742105,7.29005,6.543318,7.182906,8.089665,8.760762,5.644784,0.0,4.451176,6.5491443,10.548893,13.716649,15.211291,19.47769,21.967684,19.88028,25.327309,25.500534,26.977518,21.745611,22.867298,17.50848,21.968798,18.670841,22.722288,20.82221,22.261261,24.000713,23.763893,21.039114,17.686983,16.653702,13.382282,15.788687,13.021126,18.283749,15.540853,20.7439,19.52264,25.782999,27.45332,29.503536,24.559692,27.25418,30.675362,27.318497,24.175827,23.305367,18.567091,17.801361,21.081,15.905349,13.70211,14.361629,14.879126,16.19945,22.628191,18.671036,14.18324,18.263151,21.782906,17.988838,16.42309,21.355732,22.826862,19.816774,21.257359,25.766783,25.66454,25.26517,28.071522,30.800049,31.318695,33.141518,30.732779,26.827618,24.30604,21.623928,19.265602,14.380972,14.092505,10.136522,11.017814,9.755655,11.362903,12.983904,13.688232,16.700085,19.164349,23.303896,24.56521,25.448765,25.451448,22.354258,18.554848,21.599783,15.601701,17.552826,18.260195,15.238869,13.764137,10.423479,8.759208,6.9921656,5.024217,8.166176
16,30.19295,26.562252,23.471,20.368715,17.489979,16.503517,12.195268,9.043877,7.1942153,5.064481,8.384978,6.166882,9.035573,10.832918,6.011193,4.451176,0.0,6.036086,7.558303,11.564529,13.02468,16.78,20.00237,18.61026,24.12308,23.95967,26.435444,21.443542,22.506044,17.120703,22.440683,19.088848,24.11834,21.919737,24.322515,25.750874,26.160955,23.814743,20.074291,19.373482,14.9984865,17.997124,14.642547,19.88871,17.026608,21.626358,21.011654,26.735962,29.056528,30.631596,26.022774,29.487804,32.67848,29.220503,26.68519,25.432625,21.04019,19.524467,22.533648,17.624338,15.701789,17.378275,18.45179,20.16347,26.576992,23.003376,18.413637,21.995039,25.921,22.318027,20.053587,25.075804,26.790657,23.473494,24.522934,29.356874,29.176462,28.319693,31.12992,33.891365,34.018566,35.497803,32.76174,29.030117,26.01777,23.890266,21.726276,17.113674,17.118183,12.987546,14.015592,11.504196,12.983443,13.163531,13.599008,15.864975,17.937208,23.112528,23.994873,24.64088,24.827618,21.972925,17.606491,20.540606,14.184068,15.265866,15.635228,11.95548,11.066422,6.4777675,7.5364623,6.2441053,7.3692465,10.371148
17,25.293497,21.497858,19.020695,15.826278,12.411056,12.950701,6.9997344,7.294243,6.1975055,8.537248,11.820886,11.755811,14.026301,15.171855,11.014371,6.5491443,6.036086,0.0,6.0862536,7.468356,9.682304,13.764758,15.814469,13.379004,18.869768,18.988134,20.73206,15.606008,17.01319,11.782238,17.259293,15.596818,20.1982,19.434711,21.630459,23.712536,24.344997,21.83376,18.72592,17.170706,13.171132,14.033446,9.728292,14.682772,11.21729,15.600965,15.272705,20.887829,23.329788,25.042715,20.874525,24.255592,27.786129,24.865786,22.728964,21.728407,17.817497,16.416845,20.591234,16.43354,13.534552,16.761568,16.907997,19.31406,25.201067,22.102459,17.117275,19.618078,23.69817,20.36487,16.45286,21.50449,23.451822,19.612253,20.02848,25.265594,24.92846,23.4623,26.217043,28.990036,28.769812,29.926914,27.070261,23.476536,20.344732,18.379456,16.751291,12.411392,13.368703,9.5798025,12.442443,9.913786,13.52425,13.138892,15.700728,16.94231,18.234404,23.321814,23.07479,22.859472,21.979256,18.3099,14.77971,16.357895,10.502485,11.594925,12.12501,9.996202,8.654496,7.880336,5.320414,7.870731,7.588024,12.047342
18,23.69728,20.090048,16.450573,14.110896,11.604231,10.5218115,7.7300406,4.788171,7.6147585,7.467432,13.731283,12.336985,15.732783,18.24588,13.560897,10.548893,7.558303,6.0862536,0.0,5.132599,5.7083244,9.248462,12.719612,12.53946,17.767706,18.088444,21.167461,16.666483,18.763931,14.173544,20.655182,19.690336,24.962677,24.150492,27.036724,28.87441,29.929111,27.6491,24.324192,23.019539,18.481203,19.621273,15.002954,19.388704,15.305365,18.264355,18.158733,22.571266,25.779303,26.389267,22.503052,27.1547,29.7744,26.440182,25.196327,23.491817,20.188734,17.69089,20.87659,17.300203,15.268285,19.357368,20.527622,23.329767,29.167292,26.895153,21.874872,23.680044,28.441072,25.83636,21.367008,26.23676,28.77295,25.053738,24.80225,30.070341,30.186,28.343466,30.735592,33.732307,33.27564,33.67072,30.897545,27.662287,24.350557,22.539593,21.908459,17.888424,19.290598,15.625663,18.364878,15.389065,18.420416,17.202015,19.084139,19.757303,20.57183,26.658236,26.006836,25.410507,24.60163,21.195158,17.301527,17.987282,12.246088,10.782668,9.784792,7.06091,8.119928,6.438667,8.862092,11.39046,12.819268,16.812275
19,20.192734,16.275465,13.007679,11.39841,8.303532,9.604778,6.0235534,7.7232494,10.711219,12.346548,17.892607,17.061735,20.181366,22.078897,17.40188,13.716649,11.564529,7.468356,5.132599,0.0,4.050605,6.695695,8.82483,7.511202,12.842348,13.020252,16.114012,11.835684,14.064053,10.123176,16.825762,17.438992,22.45963,22.657738,25.659834,27.732971,29.186586,27.070436,24.180984,22.549582,18.205976,18.059889,13.179687,16.544262,12.590539,14.352491,15.240936,18.83035,22.4523,23.037996,20.107384,24.70141,27.62276,25.014198,24.394375,22.96015,20.37418,18.027193,22.027958,19.29739,16.684158,21.605919,22.037,25.121222,30.456833,28.383837,23.29912,24.397894,28.996218,26.462475,21.068064,25.725359,28.221256,24.103983,23.361185,28.848173,28.606041,26.165668,28.514225,31.327223,30.34814,30.407593,27.302929,24.414686,20.80683,19.796705,19.586023,16.461884,18.393007,15.386991,18.80355,15.738815,19.61731,17.737293,20.786762,20.53567,20.59243,26.581991,24.940804,23.562675,21.947647,18.156488,15.088923,14.19515,9.547475,7.0566564,5.807538,5.75066,6.7250757,9.146572,9.301221,13.477155,14.648918,18.914318
20,18.182758,14.660644,10.770756,8.962609,7.0889606,6.3069324,6.226702,6.268772,10.532544,12.156475,18.049597,17.589645,20.80119,23.419285,19.014507,15.211291,13.02468,9.682304,5.7083244,4.050605,0.0,4.723232,7.3288503,8.61714,13.12033,14.523018,17.380907,13.482495,16.834463,13.552807,20.12358,21.355633,26.082006,26.530209,29.254547,31.485435,32.709026,30.376865,27.58954,25.787432,21.739351,21.255503,16.244331,19.499247,14.586788,15.831112,15.878011,18.88558,22.61211,22.38428,19.190603,24.579355,26.628557,23.549454,23.376423,21.469963,19.289896,16.348804,19.642605,17.485886,15.433609,20.8139,21.790354,25.157478,30.274439,29.007053,23.942865,24.367355,29.465033,27.732021,21.949472,26.369347,29.432747,25.674723,24.424484,29.717472,30.161499,27.703424,29.601362,32.73602,31.952837,31.44395,28.908463,26.165998,22.972843,21.214968,22.036789,18.691553,21.033594,18.074894,21.722336,19.005768,22.805645,21.332848,24.000967,24.12198,24.36098,30.44316,28.944632,27.579844,25.921293,22.075247,19.131264,17.88858,13.581975,10.566667,8.397866,8.520911,10.416372,11.455781,12.743731,16.357164,17.226433,21.569685
21,17.270735,13.924052,9.384784,9.977315,9.134656,8.990757,10.396311,10.72874,15.172238,16.031996,22.405033,21.325277,24.808754,27.48121,22.772236,19.47769,16.78,13.764758,9.248462,6.695695,4.723232,0.0,4.8555255,8.448626,11.575177,12.630173,16.657555,13.993986,17.104998,14.904288,21.386969,23.183107,28.135223,28.71922,31.932796,33.980824,35.658024,33.62497,30.805447,29.15159,24.796543,24.35998,19.440075,22.04989,17.691195,17.732994,18.638857,20.306116,24.50916,23.72069,21.574968,27.198467,28.981157,26.275404,26.82456,24.856441,23.301046,20.214125,23.209919,21.674139,19.83322,25.391838,26.391397,29.823788,34.79423,33.65445,28.58977,28.804508,33.88893,32.177643,26.163282,30.433384,33.480804,29.55993,28.079355,33.412727,33.672417,30.85932,32.66966,35.651855,34.444744,33.541805,30.767899,28.457895,25.015348,24.069803,25.07406,22.343348,24.711731,21.92606,25.485487,22.409472,26.135218,23.980293,26.72516,26.12829,25.778345,32.169716,30.069197,28.22484,26.41294,22.872286,20.178774,18.018826,14.7851305,10.425522,7.3447123,8.844261,11.627314,13.66391,15.695295,19.575134,21.104067,25.297981
22,12.923457,9.387731,5.2886963,7.3227267,7.065148,9.000884,10.741611,13.326019,17.355509,19.485025,25.194275,24.88216,28.067049,30.442928,25.96215,21.967684,20.00237,15.814469,12.719612,8.82483,7.3288503,4.8555255,0.0,5.9081516,7.2552695,9.733185,12.763192,10.926153,14.894298,14.0973215,19.863611,23.33571,27.455439,29.093317,31.916555,34.291924,35.975727,33.910748,31.639584,29.603336,25.877396,24.157965,19.325457,20.8575,16.404196,14.985391,16.221235,16.526459,20.96317,19.783735,18.605068,24.202724,25.851261,23.78834,25.016571,23.268923,22.552078,19.69393,23.110157,22.442116,20.322258,26.310635,26.789036,30.408907,34.74928,34.078854,29.115265,28.51673,33.464466,32.194973,25.512177,29.308065,32.46284,28.54212,26.474974,31.68046,31.974033,28.763584,30.229681,33.134697,31.649637,30.180841,27.557098,25.708834,22.478962,21.78601,23.709164,21.731943,24.591827,22.496843,26.54096,23.833387,28.084206,25.983524,29.390694,28.599844,28.015022,33.99387,31.40472,29.111578,26.6,22.706514,21.04421,17.632833,15.812249,11.618179,8.939799,12.105772,14.134191,17.358723,17.8929,22.281208,23.174826,27.562243
23,14.954049,10.79032,9.056945,9.2029295,6.445936,11.080321,8.901671,13.700932,16.50473,19.43649,24.288996,24.24221,27.048622,28.550583,24.173058,19.88028,18.61026,13.379004,12.53946,7.511202,8.61714,8.448626,5.9081516,0.0,5.5437937,6.720722,8.847539,5.5656166,9.240378,8.4528475,13.974988,17.94923,21.661037,23.728895,26.376371,28.8498,30.602833,28.660006,26.688534,24.553608,21.164967,18.842104,14.281754,15.208159,11.582695,10.076008,12.48853,13.628564,17.879025,18.064726,17.06389,21.4694,24.424105,23.046806,23.603119,22.565678,21.403217,19.38354,23.930489,22.638103,19.7186,25.342602,24.987982,28.352953,32.671955,31.29209,26.399302,26.19685,30.502617,28.57157,22.062721,25.925428,28.478758,24.201525,22.478415,27.863846,27.414736,24.120184,26.024437,28.575445,26.861177,26.021635,22.760601,20.727867,17.085909,17.191883,18.39693,17.013273,19.74573,18.115656,22.182013,19.61448,24.163225,21.99895,26.055315,25.041346,24.33489,29.712463,26.924217,24.529222,21.655949,17.434912,16.404158,12.650759,11.506012,8.503201,7.3699336,11.098591,11.637896,16.158808,14.655375,19.454115,19.947908,24.243986
24,11.850518,8.139438,8.09452,10.487062,9.54332,14.141737,13.751102,18.555893,21.584831,24.666512,29.53607,29.660023,32.47655,34.035065,29.711988,25.327309,24.12308,18.869768,17.767706,12.842348,13.12033,11.575177,7.2552695,5.5437937,0.0,5.084387,5.811293,6.516684,10.293183,12.220682,15.980236,21.543924,24.410038,27.353075,29.824696,32.38343,34.310574,32.532978,31.01964,28.742575,25.808287,22.709623,18.606585,18.216839,15.1200075,11.534385,14.408762,12.789213,17.340002,16.599707,17.469858,21.78401,24.173624,23.641819,25.252495,24.319233,24.254229,22.28458,26.596878,26.30606,23.563597,29.465286,28.951977,32.45478,36.134144,35.35904,30.64674,29.643597,33.83747,32.467857,25.509312,28.713942,31.373316,27.24377,24.884478,29.91264,29.530313,25.789827,27.151018,29.488008,27.300058,25.535791,22.456099,21.371943,18.08873,18.905289,21.172657,20.807974,23.808167,22.81026,26.989332,24.632967,29.269974,26.95038,31.222486,29.840874,28.74163,33.888523,30.518232,27.590586,24.18983,20.156305,20.197826,15.20853,15.994564,12.774626,11.503722,15.846714,16.650238,21.455067,20.04861,24.903864,25.324196,29.583103
25,16.838764,13.215947,12.481198,14.665669,12.803994,17.357716,15.517065,20.073315,22.917152,25.355639,30.432007,29.844267,32.772404,33.921192,29.294188,25.500534,23.95967,18.988134,18.088444,13.020252,14.523018,12.630173,9.733185,6.720722,5.084387,0.0,6.3653083,7.413183,8.0326805,10.449788,13.883235,18.842516,22.214396,24.713686,27.851408,29.966316,32.411087,31.107853,29.378342,27.53105,24.118462,21.773691,18.10415,17.594593,16.089392,13.171488,17.02697,16.340298,20.608326,20.745998,21.562136,25.189081,28.32748,27.92975,28.996017,28.26358,27.572048,25.772541,30.351656,29.319662,26.350513,31.908697,31.280674,34.524796,38.64661,37.034508,32.270546,32.109047,35.955235,33.7133,27.35837,30.905176,32.964798,28.482685,26.803127,32.021847,30.85625,27.197514,29.126738,31.026316,28.539072,27.531214,23.601149,22.43814,18.478708,20.55857,21.365208,21.337896,23.697563,22.606403,26.22893,23.414267,27.738253,24.759619,29.1105,27.040958,25.435339,30.522623,26.705824,23.479029,20.079443,16.520737,16.786312,11.315074,13.342629,10.165331,9.672267,14.280463,14.695179,20.28821,18.778696,23.673328,24.72865,28.625597
26,14.906045,11.665925,13.301483,14.655581,12.994726,18.379759,16.310516,22.070805,24.187576,27.79006,31.834717,32.273113,34.701576,35.53213,31.48629,26.977518,26.435444,20.73206,21.167461,16.114012,17.380907,16.657555,12.763192,8.847539,5.811293,6.3653083,0.0,5.3044,7.1522813,11.311164,12.475338,19.475533,21.008274,24.946693,26.937988,29.603397,31.609426,30.090311,29.247375,26.853409,24.743843,20.67459,17.545574,15.545748,14.183138,9.496247,13.640821,11.362725,15.2763605,15.734562,17.732079,20.32771,23.689325,24.283993,25.650255,25.471281,25.49921,24.36369,29.288422,28.894945,25.720243,31.190287,29.91467,33.12719,36.358124,35.256626,30.869045,29.858894,33.23384,31.583834,24.863007,27.597824,29.598124,25.36528,23.101013,27.871555,26.739447,22.763378,24.219997,25.9289,23.20988,21.651707,17.948784,17.392998,14.033072,16.402985,18.429098,19.45876,22.281412,22.223228,26.236979,24.317463,29.038828,26.752272,31.531755,29.875418,28.554897,32.76174,29.03162,25.843937,21.87711,17.814117,19.288778,13.715747,16.317564,14.623695,14.604598,18.870115,18.651115,24.053684,21.202116,26.05688,26.022724,29.976948
27,15.611112,11.697004,12.2868395,11.971356,9.180222,14.737195,11.388767,17.41428,19.105253,22.89908,26.62391,27.232946,29.517923,30.310913,26.394997,21.745611,21.443542,15.606008,16.666483,11.835684,13.482495,13.993986,10.926153,5.5656166,6.516684,7.413183,5.3044,0.0,5.630167,7.240086,10.225573,16.2426,18.39464,21.772179,23.687248,26.492895,28.163467,26.293087,25.131989,22.652784,20.365305,16.482784,12.75201,11.749932,9.300757,5.774728,9.800189,10.19422,14.080148,15.278231,15.354874,18.29436,22.109514,21.855629,22.37004,22.099226,21.32535,20.216345,25.387266,24.354342,21.016842,26.297625,25.06892,28.228394,31.875757,30.445644,25.90545,25.33439,28.889015,26.950474,20.343193,23.616888,25.709137,21.342724,19.4252,24.613697,23.630062,19.98721,21.879915,24.019543,21.898058,21.098944,17.462425,15.734993,12.030984,13.209519,14.730704,14.791395,17.694115,17.238134,21.419416,19.536312,24.363453,22.453566,27.116846,25.99282,25.171854,29.544308,26.46308,23.838543,20.297106,15.759147,16.288967,11.816095,12.603724,11.504314,11.72618,15.31553,14.744042,19.705181,16.46044,21.231228,20.91682,24.99215
28,20.802769,16.984106,17.295551,17.317026,14.169453,19.467356,14.9400625,20.583511,21.801676,25.022657,28.575367,28.597805,30.80041,30.893335,26.86072,22.867298,22.506044,17.01319,18.763931,14.064053,16.834463,17.104998,14.894298,9.240378,10.293183,8.0326805,7.1522813,5.630167,0.0,5.505214,5.9455504,12.378766,14.485253,17.908535,20.36727,22.761927,25.047447,23.812904,22.7047,20.665728,18.242506,14.806597,12.246024,10.294375,11.15196,8.870738,13.613727,14.562599,17.689316,19.79275,20.194767,21.94793,26.518606,26.677256,26.668911,26.762808,25.486134,24.75275,30.136915,28.460262,24.913208,29.597746,28.06766,30.790554,34.672207,32.293842,27.912922,28.240688,31.07845,28.138535,22.49843,25.873901,27.014887,22.33449,21.331377,26.455542,24.350857,20.85771,23.393452,24.75784,22.193083,22.414955,17.72699,16.09239,11.622763,14.96481,14.320192,15.392316,17.28258,17.145191,20.494446,18.339922,22.804672,20.254135,25.22261,23.317503,21.934568,25.721323,22.059238,19.054802,15.160422,10.815775,12.535331,7.314403,10.562765,10.842006,12.378871,15.757364,14.329685,20.026342,16.081524,20.729277,20.857616,24.325794
29,22.263268,18.147924,17.336174,16.250427,12.437981,16.973043,11.227592,16.298231,17.054785,19.975153,23.39455,23.22285,25.3943,25.46513,21.361227,17.50848,17.120703,11.782238,14.173544,10.123176,13.552807,14.904288,14.0973215,8.4528475,12.220682,10.449788,11.311164,7.240086,5.505214,0.0,6.742309,9.572638,13.435593,15.342804,18.154087,20.48044,22.48964,20.915895,19.039616,17.13808,13.8441305,11.570252,8.024997,8.514556,8.521259,9.283333,12.804113,16.051178,19.035618,21.329378,20.056005,22.274261,26.891108,26.086683,25.259418,25.114433,22.894854,22.053564,27.370737,24.869984,21.318737,25.610552,24.352045,26.929834,31.483963,28.585167,23.988726,25.151974,28.224615,24.779858,19.642273,23.748497,24.93417,20.174389,19.846909,25.300566,23.414078,20.524897,23.474419,25.260262,23.43456,24.326447,19.98782,17.340593,12.91159,14.632565,12.839499,12.240335,13.766753,12.627755,15.922992,13.339513,17.86534,15.454837,20.255424,18.85397,18.031685,22.354937,19.530766,17.324333,14.351224,9.736104,9.31065,6.5329823,6.0183415,7.608837,9.701139,11.787011,9.739977,14.98577,10.614214,15.270332,15.487689,19.075066
30,25.632414,21.854052,22.301394,21.333641,17.749233,22.777784,16.947575,22.453695,22.44149,25.766918,28.077778,28.349852,29.939896,29.124504,25.674849,21.968798,22.440683,17.259293,20.655182,16.825762,20.12358,21.386969,19.863611,13.974988,15.980236,13.883235,12.475338,10.225573,5.9455504,6.742309,0.0,8.084752,8.597641,12.7724285,14.645211,17.168911,19.387463,18.354635,17.753237,15.749221,14.291037,10.2769,9.652792,6.3434277,10.633605,10.337401,14.512521,16.947077,18.834606,22.178078,22.006792,22.299404,27.715818,28.088276,27.129025,27.77389,25.90678,25.944525,31.600319,29.327227,25.554585,29.239183,27.13701,29.248278,33.01602,29.815231,25.881647,26.92882,28.788265,25.045504,20.597332,23.830189,23.953552,19.199314,19.228012,24.074417,21.02264,18.031183,21.226902,21.988552,19.553457,21.227064,16.095373,13.9137535,9.31542,13.57208,10.598671,12.692761,13.531647,14.2795925,16.834606,15.334693,19.4922,17.357306,22.557856,20.793253,19.645258,22.070757,18.74136,16.21274,12.348104,7.868883,10.775825,7.8563957,10.915357,13.642017,16.031244,18.193886,15.742189,20.844252,15.526082,19.395706,18.901169,21.636211
31,31.640396,27.585606,26.852877,25.34195,21.35674,25.237255,18.53322,22.337784,21.460434,23.491552,25.183933,24.579826,25.866653,24.222649,20.898039,18.670841,19.088848,15.596818,19.690336,17.438992,21.355633,23.183107,23.33571,17.94923,21.543924,18.842516,19.475533,16.2426,12.378766,9.572638,8.084752,0.0,6.6339536,5.9336267,10.018059,11.393354,14.172783,13.680213,11.656581,11.015984,7.904958,8.197022,9.1318245,9.252833,13.830445,16.373936,19.348467,23.535587,25.268736,28.759624,27.222015,27.707735,33.208256,32.70241,30.731203,31.210787,28.146814,28.202547,33.5824,30.0981,26.467365,29.008018,27.184717,28.60037,33.252987,28.6977,24.906076,27.733587,29.221111,24.122622,21.700357,25.63183,25.04008,20.390163,22.026087,26.800848,23.44132,21.677832,25.480293,26.190697,24.563602,27.385813,22.524328,19.622633,15.532006,18.340729,13.117847,13.483795,12.183513,11.859011,12.2137785,10.004584,12.851979,10.141066,15.254201,13.208771,12.266991,14.144094,11.585999,10.339099,8.317246,5.1012225,5.7561226,8.643464,8.936081,13.778168,16.882553,17.051847,13.705932,17.552797,11.887589,14.272191,14.436323,15.879468
32,33.572212,29.815687,30.11395,28.367395,24.529613,28.899017,22.192888,26.803509,25.398827,28.314026,28.924913,29.2797,29.956078,27.800657,25.400394,22.722288,24.11834,20.1982,24.962677,22.45963,26.082006,28.135223,27.455439,21.661037,24.410038,22.214396,21.008274,18.39464,14.485253,13.435593,8.597641,6.6339536,0.0,6.318416,6.5043,8.993363,11.250859,11.050125,11.455028,10.176459,10.895047,7.9108486,11.346904,8.67582,15.06051,16.949123,19.777023,23.49877,24.14574,28.384693,27.446695,26.320597,32.290928,32.6869,30.561842,31.728064,29.078201,29.932709,35.550365,32.47834,28.700724,30.780544,28.168564,29.2034,32.823334,28.33122,25.32104,27.659887,27.992126,22.994541,21.1784,24.052416,22.51572,18.175003,20.08777,24.012688,19.76047,18.222418,22.081917,21.882631,20.090807,23.734295,18.797867,16.229443,12.964921,16.724728,10.898115,13.493053,11.881458,13.709166,13.880153,13.68136,16.285938,15.059754,19.871206,18.426525,17.783644,17.465899,15.228796,14.15141,11.622973,9.252613,12.190038,13.290951,14.994883,19.443802,22.348925,23.085804,19.85894,23.61154,17.478712,19.50356,18.386658,19.397152
33,37.090958,33.098637,32.51043,30.632154,26.615477,30.22044,23.274323,26.602148,24.892658,26.667059,27.078644,26.597452,27.146334,24.509747,22.163475,20.82221,21.919737,19.434711,24.150492,22.657738,26.530209,28.71922,29.093317,23.728895,27.353075,24.713686,24.946693,21.772179,17.908535,15.342804,12.7724285,5.9336267,6.318416,0.0,5.5359144,5.605759,8.89483,9.5092325,7.9049244,8.637895,7.606209,9.42979,12.677706,12.610052,17.935476,21.014174,23.45261,28.013594,29.038275,33.036514,31.279081,30.851038,36.639923,36.27828,33.70985,34.542877,31.159645,31.754457,37.054775,33.218098,29.652403,31.123842,28.97309,29.633942,34.032234,28.719381,25.703356,29.248705,29.671175,23.897987,23.3023,26.805756,25.178343,21.015223,23.66326,27.697083,23.725456,22.857338,26.869219,26.97631,25.714737,29.501263,24.794695,21.865885,18.520878,21.24084,15.027939,15.7815695,13.140641,13.59867,11.946727,11.101342,11.999144,10.39104,14.614248,12.947837,12.559627,11.323842,10.142091,10.618314,10.217241,9.501967,10.339473,14.238392,14.346661,19.383461,22.50799,22.070606,18.577427,21.290127,15.5897455,16.317816,15.952317,15.78064
34,38.491463,34.712006,34.698456,32.311558,28.388998,32.033382,25.030708,28.687756,26.330227,28.803213,28.039288,28.525644,28.425798,25.378748,24.028269,22.261261,24.322515,21.630459,27.036724,25.659834,29.254547,31.932796,31.916555,26.376371,29.824696,27.851408,26.937988,23.687248,20.36727,18.154087,14.645211,10.018059,6.5043,5.5359144,0.0,3.8646483,4.7762475,5.1337895,6.495959,6.4438767,9.470877,8.917722,13.637919,12.702743,18.366621,21.593561,23.362165,28.062796,28.196903,32.680885,30.845322,29.316526,35.295338,35.297264,32.334206,33.644585,30.35539,31.624725,36.945354,33.27714,29.700302,30.483063,27.760868,27.942087,31.556025,26.162088,23.918247,27.3163,26.725998,20.922089,21.359087,24.075954,21.632593,17.986984,21.181326,24.388481,19.985977,19.814627,23.821426,23.454214,22.626064,27.099752,22.861399,19.903015,17.569006,19.882538,13.357409,14.886233,11.757413,13.674126,11.736371,12.845741,13.693554,13.916684,17.670807,17.211124,17.548203,15.38576,15.192713,15.908599,15.145482,13.941426,15.317845,18.380222,18.44716,23.408388,26.350328,26.055483,22.600397,24.936123,18.78476,19.17625,17.506525,17.041407
