,0,1,2,3,4,5,6,7,8,9,10,11,12,13,14,15,16,17,18,19,20,21,22,23,24,25,26,27,28,29,30,31,32,33,34,35,36,37,38,39,40,41,42,43,44,45,46,47,48,49,50,51,52,53,54,55,56,57,58,59,60,61,62,63,64,65,66,67,68,69,70,71,72,73,74,75,76,77,78,79,80,81,82,83,84,85,86,87,88,89,90,91,92,93,94,95,96,97,98,99,100,101,102,103,104,105,106,107,108,109
0,0.0,4.6455956,7.0239086,9.17,12.299132,14.115045,16.999863,19.893354,22.262604,26.323046,27.460325,30.595966,29.904678,28.269014,23.954489,22.317572,17.118563,16.193464,11.409604,11.706995,8.452221,7.3121705,9.30819,8.926984,12.2299595,13.466129,17.231207,16.448492,19.98362,19.303455,24.77772,27.994686,31.049147,33.411743,36.494003,38.396145,41.779045,42.614758,38.526905,35.15747,35.206318,30.430906,28.719856,26.085583,24.636425,23.228403,19.808064,23.676477,22.532763,23.490795,25.03739,24.833467,26.357956,28.593077,27.2234,29.241869,26.208614,23.140303,25.75374,24.82709,22.836878,27.942448,30.262913,30.474667,35.624695,33.664898,38.072144,37.438766,40.1528,36.427166,33.14228,36.43833,33.796543,36.949856,34.911404,36.821045,38.07001,35.95549,36.14181,38.42752,35.437325,31.886292,31.131948,27.234455,25.614006,21.911903,21.986324,16.400522,17.913702,16.225166,18.623163,21.452106,24.55888,28.592081,25.390265,31.08092,30.714582,33.64979,28.641348,25.258123,29.124905,32.50164,36.92548,35.652416,32.23507,35.872738,29.879232,32.003777,30.841782,31.527632
1,4.6455956,0.0,5.2393975,6.5742197,9.095565,11.9518585,14.719593,17.849583,20.680317,24.571772,26.326954,29.638983,28.903221,27.930037,22.889027,21.756912,16.656134,15.443147,11.811028,10.891091,9.296542,5.867144,10.305699,8.161687,13.321112,13.952278,16.368238,14.971206,19.01437,17.062347,23.338839,25.348797,28.836075,30.668371,33.90634,35.70609,39.27045,40.2922,36.429253,33.372215,32.95623,28.782917,26.478674,24.378706,22.148758,21.365398,17.811506,21.70599,20.268396,20.552536,21.784477,21.013155,22.54396,24.468866,23.454302,25.659954,23.092104,20.013798,22.473406,22.287806,20.367987,25.907398,28.044823,28.83429,33.631786,32.282722,36.787277,36.170876,39.192806,35.718956,32.502384,35.975643,32.99443,36.416355,33.99991,36.178112,37.13356,34.699795,34.426052,36.352654,33.109306,29.682959,28.683353,25.007063,24.063742,19.839792,21.142406,15.754921,17.798662,16.961231,19.390549,21.546064,25.286781,29.251392,25.95586,31.715345,30.807848,34.26752,29.593296,25.8114,29.366844,33.2391,37.573833,36.217873,32.76246,36.091747,29.811098,32.16997,30.482962,31.529413
2,7.0239086,5.2393975,0.0,4.7397857,6.98481,7.8861256,11.452452,13.5685215,16.964098,20.449799,22.361822,25.461842,24.35976,23.394293,17.994108,17.700054,12.295416,12.319614,8.175148,9.598206,9.278113,8.318507,13.222416,12.603281,17.332926,16.769466,18.875599,16.425917,19.747002,17.364428,22.921747,24.389324,26.954956,29.66623,32.171116,34.618652,37.736904,39.081802,35.11745,32.00231,32.442314,28.267136,26.498772,25.361353,22.92109,23.345608,20.606094,24.781866,23.851662,23.970058,24.61256,23.440434,24.113726,25.493774,23.672842,26.07809,24.130325,21.623857,24.846123,24.827822,22.303213,27.711645,29.154697,29.81972,34.315186,32.44981,36.780056,35.573925,38.796913,35.717136,32.087524,34.889523,31.528149,34.46034,31.65431,33.39519,34.049408,31.491625,31.173079,33.371174,30.009674,26.537062,26.41822,22.766489,21.94789,17.939503,19.672384,15.011369,18.122227,17.958857,21.100147,24.275726,27.296345,31.306112,27.077904,32.657135,31.356503,34.58369,29.768625,25.821724,28.714544,32.611664,37.121925,35.01893,31.47714,34.0731,27.770737,29.494524,27.483824,28.036518
3,9.17,6.5742197,4.7397857,0.0,3.2799716,5.971318,8.197875,11.779296,14.171958,18.189806,19.918419,23.321096,22.79336,22.104033,17.304636,15.697826,11.057466,9.395937,7.578052,5.9089074,7.3428855,5.9984083,11.49764,11.21901,16.035036,14.20661,15.233363,12.19545,15.439874,12.654828,18.36282,19.815561,22.695549,25.147219,27.908077,30.129545,33.38519,34.59305,30.649683,27.573639,27.767593,23.655159,21.763329,20.762997,18.231613,19.018002,16.731577,20.985262,20.474289,20.633177,20.943306,19.993778,20.190422,21.794388,19.483606,21.730341,19.60569,17.273512,20.890972,20.723072,17.937845,23.246702,24.494637,25.206305,29.60194,27.839296,32.19422,31.064837,34.35032,31.336279,27.793707,30.801645,27.413086,30.650612,27.884346,29.99759,30.75133,28.204975,27.861181,29.837261,26.622435,23.157536,22.396835,18.682962,17.859953,13.641637,15.602036,10.995041,14.310411,14.853589,18.012909,21.013973,24.066376,27.9604,23.543625,29.05708,27.404665,30.930477,26.42474,22.260813,24.976149,29.168873,33.54132,31.573435,28.064392,30.717342,24.292208,26.507025,24.411198,25.591257
4,12.299132,9.095565,6.98481,3.2799716,0.0,4.6539116,6.12537,9.820732,12.515895,16.210293,18.460182,21.914333,21.364897,21.283522,16.09801,14.996213,10.949915,9.296455,9.263686,7.231968,10.0382395,8.482235,14.062223,13.413184,18.471416,16.222776,16.22138,12.622866,15.662463,11.77616,17.569849,17.704386,20.615648,22.880869,25.522097,27.843323,31.088816,32.518654,28.74587,25.936028,26.02372,22.47082,20.327356,20.169775,17.02178,18.795715,16.921814,21.059172,20.620052,20.286999,20.08334,18.649366,18.356165,19.49005,17.009903,19.436014,17.97596,16.016834,19.773918,20.182266,17.300154,22.64024,23.433956,24.516232,28.441185,26.99891,31.29244,30.014875,33.545303,30.887218,27.352474,30.248463,26.557003,29.826735,26.710337,28.916046,29.35991,26.563002,25.835257,27.555143,24.140356,20.789726,20.014187,16.543806,16.423395,11.901155,15.15956,11.455622,15.192903,16.4953,19.615412,22.311018,25.426935,29.161957,24.574451,29.906046,27.806993,31.554613,27.374765,23.038761,25.23892,29.686646,33.936104,31.769073,28.297165,30.479078,23.985537,26.195288,23.652756,25.03023
5,14.115045,11.9518585,7.8861256,5.971318,4.6539116,0.0,4.073523,5.9163375,9.401647,12.713589,15.014483,18.231173,17.279905,17.074163,11.572886,11.270028,6.9205394,7.11967,7.2232165,8.141165,11.282683,11.748664,16.786558,17.123505,21.660004,19.094107,19.455036,15.596944,17.674028,14.237567,18.55815,18.586584,20.148157,23.557266,25.26928,28.286047,30.939203,32.62013,28.713621,25.774376,26.93436,23.249218,21.95566,22.484884,19.619225,22.01501,20.763918,24.958725,24.887653,24.696543,24.300783,22.83536,22.012283,22.75674,19.613382,22.01373,21.000448,19.600634,23.745941,23.991856,20.789917,25.668411,25.94086,26.663399,30.349615,28.236813,32.244568,30.40438,33.975883,31.652323,27.75596,29.86953,25.940826,28.561602,25.159248,26.783804,26.978031,24.135984,23.50944,25.673496,22.22559,18.772932,19.194052,15.744523,15.522657,11.707615,14.871066,12.222009,16.54678,18.07043,21.61738,25.204147,27.540909,31.275145,26.052835,31.104788,28.871237,32.176224,27.839327,23.570734,25.166662,29.412806,33.798428,30.950474,27.447535,28.925867,22.558435,23.979935,21.211649,21.939543
6,16.999863,14.719593,11.452452,8.197875,6.12537,4.073523,0.0,5.0093217,6.4214606,10.2740345,12.395745,15.886062,15.5828495,15.816179,11.363822,9.631104,7.281203,5.7968435,9.180743,8.14044,12.395118,13.066875,17.674269,18.36341,22.574545,19.153625,18.514854,14.221203,15.538375,11.7347,15.258945,14.738661,16.07528,19.626995,21.238344,24.296448,26.890057,28.559576,24.657446,21.77644,23.051188,19.56817,18.44427,19.666077,16.743837,19.961464,19.54565,23.573425,24.001392,23.804064,22.969376,21.66657,20.12531,20.821758,16.939796,19.122614,18.31596,17.514517,22.032125,22.198975,18.757221,23.157784,22.905191,23.617317,26.92892,24.779753,28.653694,26.668726,30.360344,28.323517,24.438097,26.443312,22.346798,25.073708,21.53418,23.410812,23.563465,20.659336,19.944668,21.945196,18.607618,15.123868,15.178124,11.67725,11.680366,7.81435,11.829889,10.445975,14.945771,17.29446,20.739407,24.204418,26.251287,29.736925,24.273914,28.99171,26.327974,29.763325,25.841875,21.477444,22.498875,26.952286,31.147072,28.218058,24.801178,25.978401,19.58372,21.265469,18.238647,19.536634
7,19.893354,17.849583,13.5685215,11.779296,9.820732,5.9163375,5.0093217,0.0,5.5903463,7.160189,10.376073,13.288325,12.009022,12.824065,6.9310203,8.363127,6.76014,8.447742,11.007531,12.3942175,16.19475,17.30944,22.013609,22.715813,27.021925,23.820465,23.476654,19.19451,20.199835,16.50809,19.114157,17.635862,17.616825,21.841152,22.336868,26.067835,27.997602,30.111633,26.380106,23.736795,25.806551,22.798952,22.153519,24.115242,21.13898,24.81333,24.526552,28.51328,28.880491,28.460897,27.465096,25.747025,23.999537,24.024841,20.16303,22.455805,22.478859,22.03044,26.460714,26.967949,23.541243,27.76585,27.109129,27.82049,30.652594,28.325764,31.844318,29.37717,33.145725,31.610598,27.557343,28.746235,24.398245,26.342716,22.352468,23.483671,23.010122,19.866692,18.848688,21.104038,17.497042,14.19452,15.981859,13.186102,13.807805,11.091429,15.14403,14.77091,19.340418,21.645945,25.249966,29.053814,30.785158,34.240936,28.500134,32.94369,30.166233,33.250214,29.338856,25.126707,25.534489,29.73311,33.920235,30.355045,27.020355,27.216528,21.193512,21.828558,18.355185,18.759096
8,22.262604,20.680317,16.964098,14.171958,12.515895,9.401647,6.4214606,5.5903463,0.0,4.9223866,5.9882107,9.541784,9.807964,10.354213,8.249787,5.0504184,7.2205043,7.047141,12.135447,12.312089,16.531258,18.577461,22.28051,23.918934,27.36377,23.263191,22.37156,18.010838,17.69863,14.849714,15.339235,14.55611,13.322485,18.514256,18.56475,22.447859,24.002117,25.860361,21.877016,18.94031,21.848795,18.518211,18.881504,21.250067,19.018795,23.041945,23.781147,27.564726,28.668386,28.686129,27.494936,26.43889,24.098064,24.497099,19.732618,21.433601,21.136337,21.305927,26.147505,25.972748,22.278076,25.531216,24.361797,24.514454,27.094982,24.104544,27.277243,24.49999,28.167608,26.89174,22.731766,23.43352,19.049683,20.775402,16.806599,17.980192,17.751255,14.807303,14.347582,16.97176,14.012242,10.428531,12.164772,9.082519,8.909581,7.8007097,10.988585,12.557736,16.871319,19.772736,23.254519,27.325062,28.219631,31.345251,25.25216,29.093868,26.038567,28.856834,25.31838,21.259892,20.867899,24.983164,28.992146,25.189129,21.975044,21.777325,15.8617525,16.518461,12.914523,13.863826
9,26.323046,24.571772,20.449799,18.189806,16.210293,12.713589,10.2740345,7.160189,4.9223866,0.0,4.665255,6.9600253,6.3610597,8.862702,6.839535,7.355754,10.47434,11.767358,16.12434,17.084328,21.218525,23.087124,27.076624,28.462624,32.16193,28.15391,27.116585,22.69029,22.290735,19.119238,19.150759,16.840292,14.413934,19.74909,18.573769,23.013412,23.820053,26.185024,22.638472,20.291197,23.694878,21.351538,21.902012,25.141518,22.651808,27.255903,28.169992,31.81359,32.869286,32.548515,31.064445,29.586853,26.925182,26.635607,21.91827,23.647686,24.303186,24.89563,29.586945,29.885445,26.273598,29.336357,27.690313,28.048971,29.89254,27.088863,29.806063,26.646893,30.401863,29.823963,25.741997,25.680956,21.117008,22.061779,17.618513,18.064857,16.866058,13.538161,12.327722,14.943699,11.680014,8.636026,12.381525,10.755928,11.856306,11.640343,15.234197,17.436598,21.672514,24.657848,28.109852,32.109287,32.915222,35.90079,29.738152,33.221645,29.94236,32.570435,29.363693,25.481596,24.426552,28.31366,32.05968,27.808979,24.866362,23.51462,18.33864,18.033216,13.928059,14.158325
10,27.460325,26.326954,22.361822,19.918419,18.460182,15.014483,12.395745,10.376073,5.9882107,4.665255,0.0,3.6618304,5.37845,6.420623,8.769369,5.7813544,10.914969,11.718418,16.524784,17.466223,21.362745,24.111025,27.25301,29.436148,32.374825,27.9773,27.05553,22.836079,21.577168,19.56044,18.048231,17.240898,13.827293,19.960506,18.43458,22.864468,23.217876,25.185791,21.356657,18.58951,22.931658,19.97857,21.582891,24.5995,23.003044,27.313412,28.720852,32.291164,33.793613,33.96017,32.58882,31.690523,28.934946,29.125502,24.006056,25.324907,25.3757,26.114233,31.02487,30.625841,26.874557,29.264105,27.496675,27.184372,29.077705,25.468948,27.823696,24.406347,27.83921,27.350552,23.143492,22.41296,18.060963,18.362051,14.161203,14.078635,13.239303,10.430247,10.518806,13.9663725,11.895666,8.917659,12.590996,10.809965,10.463596,11.933327,13.583596,16.78357,20.568213,23.576395,26.944826,31.364912,31.365778,34.13707,27.753618,30.714495,27.499374,29.578726,26.496641,22.979588,21.359278,24.813429,28.474276,23.89419,21.085869,19.2887,14.532946,13.600519,9.551765,9.498192
11,30.595966,29.638983,25.461842,23.321096,21.914333,18.231173,15.886062,13.288325,9.541784,6.9600253,3.6618304,0.0,3.686902,5.348861,9.969526,8.434195,13.6628,15.066438,19.438795,20.912922,24.623976,27.595879,30.629745,32.954636,35.779247,31.375326,30.547243,26.387058,24.912584,23.120302,21.102568,20.157595,16.02479,22.255249,19.952095,24.571983,24.243696,26.312498,22.739817,20.240456,25.118591,22.49709,24.511957,27.75962,26.338972,30.733976,32.296764,35.811707,37.39633,37.56753,36.13279,35.197945,32.32032,32.334126,27.18228,28.414656,28.702991,29.616041,34.511463,34.11499,30.36746,32.50088,30.520378,30.069794,31.624868,27.839027,29.76026,26.081057,29.32642,29.269625,25.127893,23.647202,19.476501,18.863995,14.73907,13.6471195,12.225896,9.729968,10.072306,13.781328,12.331462,10.197757,14.684524,13.665423,13.445411,15.449495,16.701654,20.183617,23.795706,26.736322,30.075172,34.644947,34.315525,36.951267,30.499836,33.06934,29.859753,31.528221,28.658346,25.462908,23.367239,26.359886,29.78471,24.841608,22.34173,19.632925,15.882149,13.891371,10.008039,8.779911
12,29.904678,28.903221,24.35976,22.79336,21.364897,17.279905,15.5828495,12.009022,9.807964,6.3610597,5.37845,3.686902,0.0,4.374593,7.2755613,8.62382,12.875403,15.363523,18.88391,21.213675,24.785095,27.584892,31.05427,33.075565,36.280354,32.259136,31.782892,27.55072,26.64841,24.421434,23.399368,22.105978,18.542425,24.502253,22.395288,27.082134,26.959543,29.252447,25.768084,23.364157,27.85411,25.270084,26.783957,29.893623,28.061445,32.39434,33.482162,37.188217,38.44164,38.42436,37.07481,35.801968,33.15335,32.95125,28.113626,29.67161,30.142687,30.780182,35.594448,35.507614,31.79143,34.471626,32.720673,32.53451,34.299816,30.764576,32.949715,29.385014,32.740517,32.49275,28.296,27.122524,22.89847,22.49805,18.355997,17.326689,15.808788,13.19832,12.94481,16.321077,14.21182,12.066417,16.80366,15.647934,15.8124075,16.8721,18.774017,21.418213,25.3757,28.076818,31.61273,36.2476,36.28708,39.170174,32.744583,35.718624,32.64649,34.452595,31.234608,27.875074,26.254753,29.345875,32.9803,28.094639,25.44402,23.056255,19.056728,17.114365,13.406677,11.748322
13,28.269014,27.930037,23.394293,22.104033,21.283522,17.074163,15.816179,12.824065,10.354213,8.862702,6.420623,5.348861,4.374593,0.0,7.666035,6.9820232,11.296767,14.071928,16.949146,19.943092,22.965626,26.46423,29.358395,31.917841,34.603394,30.65805,30.777058,26.820017,25.768015,24.38099,23.175552,23.444944,20.136177,26.348663,24.692003,29.162045,29.213913,31.113024,27.278946,24.365942,29.03936,25.583744,27.447859,29.789679,28.50434,32.17238,33.130608,36.96357,38.29599,38.687023,37.668674,36.767963,34.41705,34.71203,29.827705,31.34112,31.082832,31.39406,36.3234,35.71665,31.932596,34.582638,33.18565,32.555557,34.87351,30.800297,33.06125,29.58738,32.63476,31.962505,27.631037,26.419832,22.566248,22.00677,18.453466,17.190199,16.473843,14.570469,15.368544,19.107563,17.436026,14.935961,18.993298,17.121986,16.129051,17.337685,17.868029,20.159079,23.871157,26.164017,29.749992,34.83332,34.47358,37.41833,30.94376,33.901398,31.226412,32.61941,29.045044,25.935774,24.560488,27.25846,31.098162,26.170382,23.439611,21.44322,17.533571,15.210397,12.267851,9.71898
14,23.954489,22.889027,17.994108,17.304636,16.09801,11.572886,11.363822,6.9310203,8.249787,6.839535,8.769369,9.969526,7.2755613,7.666035,0.0,7.413633,8.033517,11.97499,13.708633,17.151823,20.309906,22.654964,26.73306,28.188322,31.937765,28.700205,28.936083,24.787077,25.073027,22.33498,23.44326,22.51243,20.797125,26.085651,25.333168,29.658752,30.61311,32.864517,29.134863,26.435856,29.803043,26.663876,27.10295,29.300001,26.935888,30.617954,30.657534,34.693474,35.311573,35.159008,34.20901,32.632828,30.728607,30.650713,26.505682,28.60094,28.7146,28.524538,33.128277,33.30662,29.723238,33.469868,32.517357,32.704777,35.33208,32.225933,35.224056,32.201626,35.73041,34.604877,30.318335,30.349257,26.094252,26.795296,22.795427,22.66959,21.808867,18.987457,18.444363,21.423935,18.341328,15.446436,19.03247,16.803823,16.906757,15.940381,18.52559,19.122166,23.511045,25.623478,29.396587,33.96988,34.849834,38.226498,32.073486,36.018333,33.346752,35.640278,31.656485,27.885454,27.60237,31.121363,35.287117,30.95997,27.82012,26.943478,21.791092,20.875687,17.491909,16.293404
15,22.317572,21.756912,17.700054,15.697826,14.996213,11.270028,9.631104,8.363127,5.0504184,7.355754,5.7813544,8.434195,8.62382,6.9820232,7.413633,0.0,5.631524,7.144726,11.064529,13.061238,16.40261,19.721312,22.652761,25.130917,27.884195,23.864592,23.894081,19.915615,19.205643,17.73263,17.420755,18.500807,16.644676,22.402992,22.123209,26.062346,27.184193,28.776155,24.579838,21.248495,24.945782,20.835787,22.055155,23.702902,22.324806,25.57877,26.257885,30.176922,31.41804,31.92391,31.095709,30.418125,28.363098,29.129704,24.364422,25.934011,25.034174,24.955383,29.8823,29.102308,25.334768,28.346933,27.420347,26.911919,29.879864,26.062654,29.009113,26.066746,29.30141,27.850063,23.480787,23.57102,19.603527,20.527508,17.076687,17.36644,17.541504,15.297742,15.916901,19.269426,17.031826,13.6431265,15.96599,12.903178,11.272612,11.360486,11.909228,13.359098,17.338509,19.683731,23.33718,28.2172,28.3693,31.541006,25.209944,28.842451,26.227253,28.294355,24.350456,20.704414,20.26859,23.719017,27.93439,23.73956,20.509937,20.199213,14.706791,14.321341,11.376087,10.9755945
16,17.118563,16.656134,12.295416,11.057466,10.949915,6.9205394,7.281203,6.76014,7.2205043,10.47434,10.914969,13.6628,12.875403,11.296767,8.033517,5.631524,0.0,4.955565,6.033759,9.683299,12.439882,15.508209,18.965122,21.011799,24.214222,20.98202,21.840324,18.07373,18.617863,16.830147,18.648201,20.092827,19.83648,24.745056,25.449736,29.00513,30.841923,32.39347,28.17327,24.800047,27.470345,23.091549,23.32703,24.003407,22.245132,24.6788,24.310085,28.509584,29.159557,29.618315,29.227127,28.377802,27.077137,28.04232,23.992823,25.952707,24.655962,23.766298,28.416769,27.79671,24.220928,28.149134,28.006456,27.813097,31.471834,28.126108,31.645638,29.238245,32.496624,30.382156,26.115437,27.170198,23.389166,25.035032,21.840729,22.60812,22.992037,20.640589,20.901003,23.904736,21.123478,17.579092,19.139326,15.6101675,14.157789,12.327629,13.32477,12.197185,16.43213,17.994741,21.83276,26.620548,27.562798,31.157324,25.237495,29.690058,27.55031,29.968763,25.448566,21.580923,22.45851,26.088215,30.589092,27.025011,23.57137,24.442226,18.536901,18.897049,16.462872,16.22509
17,16.193464,15.443147,12.319614,9.395937,9.296455,7.11967,5.7968435,8.447742,7.047141,11.767358,11.718418,15.066438,15.363523,14.071928,11.97499,7.144726,4.955565,0.0,6.1824822,5.9287705,9.6767645,12.683362,15.711887,18.029247,20.921251,17.032595,17.27486,13.398914,13.675971,12.167638,13.982247,16.38394,16.92253,21.360859,22.814276,25.826805,28.105888,29.279873,24.95369,21.417143,23.540045,18.803831,18.884624,19.12282,17.637218,19.853672,19.78493,23.904072,24.857422,25.56189,25.162672,24.791252,23.413235,24.87182,20.635475,22.305464,20.405634,19.505932,24.27162,23.242165,19.600073,23.312544,23.292711,22.9872,26.89085,23.603973,27.337282,25.27052,28.494368,26.064724,21.924654,23.645063,20.014833,22.409079,19.554605,21.119814,22.002895,19.802454,20.205715,22.878517,20.348885,16.715874,16.869791,12.9083,10.816265,8.563814,8.905814,7.327425,11.706871,13.726378,17.470602,22.035028,23.052464,26.58536,20.716393,25.299429,23.051039,25.853022,21.467524,17.345331,18.547312,22.56583,27.021072,23.99056,20.469244,22.136696,15.813516,17.368397,15.202318,16.208897
18,11.409604,11.811028,8.175148,7.578052,9.263686,7.2232165,9.180743,11.007531,12.135447,16.12434,16.524784,19.438795,18.88391,16.949146,13.708633,11.064529,6.033759,6.1824822,0.0,6.399886,7.1873713,10.719232,13.730916,15.95532,18.882196,16.392914,18.409468,15.417716,16.882744,15.892299,19.044943,21.939993,23.031885,27.123117,28.85555,31.754486,34.21248,35.36803,31.045076,27.469412,29.260172,24.31491,24.005436,23.191153,21.781456,22.729723,21.442642,25.747091,26.030045,26.883419,27.161505,26.722382,26.307999,27.942667,24.573158,26.528591,24.275558,22.547369,26.805943,25.766188,22.497976,26.842161,27.635632,27.351467,31.818762,28.665047,32.586952,30.836699,33.81919,30.923164,26.89765,28.857134,25.618782,27.892277,25.35866,26.605577,27.572783,25.492552,25.959196,28.770195,26.042973,22.415836,22.859747,18.938412,16.959362,14.321538,14.23691,10.640227,14.171438,14.513141,18.286966,23.026333,24.423744,28.30894,23.008595,28.0544,26.629316,29.154903,24.169022,20.389206,22.621153,26.141148,30.787945,28.07955,24.537714,26.78889,20.766596,21.952871,20.350855,20.517097
19,11.706995,10.891091,9.598206,5.9089074,7.231968,8.141165,8.14044,12.3942175,12.312089,17.084328,17.466223,20.912922,21.213675,19.943092,17.151823,13.061238,9.683299,5.9287705,6.399886,0.0,4.651089,6.958156,9.998399,12.140879,15.148575,11.595215,12.407534,9.061213,10.918389,9.812697,13.884744,17.338392,19.666662,22.729237,25.395407,27.544209,30.574753,31.372475,27.133034,23.635408,24.39962,19.443342,18.500633,17.108929,15.72218,16.340584,15.189925,19.471876,20.014706,21.017405,21.226027,21.267344,20.80086,22.970806,19.59458,21.243744,18.356302,16.489103,20.790817,19.43925,16.146637,20.504997,21.540663,21.409882,26.079008,23.417393,27.633066,26.418255,29.428698,26.251186,22.566664,25.466291,22.388391,25.59245,23.33405,25.508083,26.777843,24.71473,25.041422,27.276308,24.709036,21.15458,20.058517,16.009743,13.950109,10.6311865,10.459914,5.4307575,8.956866,9.949702,13.523908,17.542408,19.552874,23.383324,18.343737,23.66938,21.999708,25.263666,20.676685,16.513788,19.198267,23.289703,27.70632,25.768047,22.26306,25.25611,18.929564,21.444065,19.900133,21.401134
20,8.452221,9.296542,9.278113,7.3428855,10.0382395,11.282683,12.395118,16.19475,16.531258,21.218525,21.362745,24.623976,24.785095,22.965626,20.309906,16.40261,12.439882,9.6767645,7.1873713,4.651089,0.0,5.430683,6.613286,9.7442465,11.843096,9.307457,12.155728,10.363896,12.643392,12.992198,17.061426,21.50353,24.012655,26.892786,29.777802,31.687946,34.80557,35.36896,31.087826,27.462734,28.058575,22.76369,21.867983,19.36223,18.646103,17.771711,15.820395,19.99736,20.220676,21.734478,22.64628,23.105782,23.415108,25.973671,23.185886,24.753468,21.317076,18.91587,22.653425,20.832415,17.998814,22.311382,24.063856,23.63305,28.787886,26.045277,30.282957,29.421518,32.04049,28.400759,24.923525,28.03062,25.491762,28.632202,26.881498,28.919533,30.491623,28.708326,29.329763,31.708832,29.263042,25.691303,24.599516,20.528872,18.123596,15.1357565,13.859269,8.28182,9.931594,8.937175,12.256235,16.476229,18.535364,22.571285,18.193949,23.750671,22.934942,25.83649,20.857298,17.187414,20.759119,24.297806,28.759436,27.312138,23.874765,27.558718,21.577291,24.033857,23.133125,24.306196
21,7.3121705,5.867144,8.318507,5.9984083,8.482235,11.748664,13.066875,17.30944,18.577461,23.087124,24.111025,27.595879,27.584892,26.46423,22.654964,19.721312,15.508209,12.683362,10.719232,6.958156,5.430683,0.0,5.8693614,5.5452724,10.065787,8.7829895,10.809766,9.34631,13.282448,12.180523,18.115686,21.295725,24.935009,26.671532,30.183445,31.64867,35.27035,35.913567,31.949816,28.734491,28.223698,23.660671,21.588322,18.940826,17.345844,16.124388,13.016285,17.150627,16.506796,17.511078,18.654465,18.796165,19.824223,22.418682,20.63631,22.385418,19.02916,16.035406,19.04613,17.90905,15.63247,20.779732,22.978563,23.36895,28.410711,26.791866,31.28994,30.860353,33.69049,30.044958,26.956163,30.67883,28.000387,31.665169,29.66743,32.14726,33.47247,31.338951,31.39452,33.263885,30.463614,27.029324,25.34495,21.514927,19.995237,16.08807,16.387487,10.708023,12.12794,11.394078,13.796044,16.13294,19.70449,23.651287,20.191324,25.945114,24.984743,28.548746,24.040522,20.225513,23.927954,27.848406,32.052887,31.030674,27.65886,31.380245,25.197386,28.080322,26.739288,28.334898
22,9.30819,10.305699,13.222416,11.49764,14.062223,16.786558,17.674269,22.013609,22.28051,27.076624,27.25301,30.629745,31.05427,29.358395,26.73306,22.652761,18.965122,15.711887,13.730916,9.998399,6.613286,5.8693614,0.0,5.2634993,5.2660747,4.185339,8.81143,9.653932,12.748027,14.187354,18.802866,23.855822,27.424679,29.082771,32.811916,33.8426,37.454437,37.56506,33.50764,30.056229,29.48827,24.32572,22.779186,18.775696,18.688868,15.713297,12.690559,16.288239,16.101309,18.301947,20.069027,21.400433,22.681078,25.93733,24.120882,25.312998,21.053265,18.018717,20.638945,18.201973,16.331066,20.43778,23.252834,22.85001,28.411274,26.396624,30.75896,30.798239,33.006752,28.828232,26.104626,30.096743,28.24185,31.93048,30.781082,33.302982,35.189278,33.591194,34.212708,36.204823,33.91997,30.4973,28.442926,24.53169,22.176376,19.105131,17.469845,11.730468,10.967301,8.420881,9.787312,12.180907,15.42379,19.408314,16.802355,22.532156,22.50369,25.635979,21.035261,17.913925,22.427322,25.697895,29.720804,29.496157,26.350403,30.956856,25.32366,28.490126,28.032707,29.729597
23,8.926984,8.161687,12.603281,11.21901,13.413184,17.123505,18.36341,22.715813,23.918934,28.462624,29.436148,32.954636,33.075565,31.917841,28.188322,25.130917,21.011799,18.029247,15.95532,12.140879,9.7442465,5.5452724,5.2634993,0.0,6.0267806,7.5298414,10.173664,10.963638,15.200646,14.964046,20.991238,24.560432,28.859533,29.718302,33.79353,34.610313,38.56482,38.880386,35.11228,32.04174,30.703938,26.304281,23.794645,20.079546,18.970932,16.070015,11.914318,15.288189,13.905125,15.364048,17.428312,18.252268,20.339653,23.434822,22.686535,24.12259,20.232796,16.735786,18.463125,17.000896,15.799894,20.715445,23.771784,24.236929,29.492643,28.492172,33.02399,33.264175,35.75689,31.741722,29.22783,33.51162,31.34626,35.322975,33.764984,36.511597,38.066647,36.0853,36.179882,37.817574,35.140236,31.820227,29.556232,25.873562,24.338392,20.525808,20.39436,14.705972,14.6079445,12.904005,13.880152,14.44538,18.904354,22.643782,20.690422,26.407291,26.084581,29.70924,25.491194,22.162066,26.464958,30.102184,33.990356,33.810463,30.646439,34.998497,29.086473,32.36002,31.375042,33.21508
24,12.2299595,13.321112,17.332926,16.035036,18.471416,21.660004,22.574545,27.021925,27.36377,32.16193,32.374825,35.779247,36.280354,34.603394,31.937765,27.884195,24.214222,20.921251,18.882196,15.148575,11.843096,10.065787,5.2660747,6.0267806,0.0,5.5531116,9.939024,12.626424,15.706617,17.593637,22.196604,27.36324,31.434517,32.351997,36.51146,36.996197,40.861286,40.69081,36.839527,33.556026,32.28646,27.365711,25.474506,20.686394,21.026672,16.742785,13.108066,15.644348,14.938585,17.601006,20.082306,22.003155,24.053465,27.640062,26.64412,27.572662,22.979193,19.663382,21.148054,18.428541,17.58451,21.214672,24.714937,24.355618,29.986206,28.555159,32.854744,33.504036,35.36271,30.910046,28.783846,33.201897,31.829405,35.736588,34.9633,37.68915,39.737522,38.257656,38.88213,40.666973,38.469753,35.14769,32.649166,28.888058,26.613394,23.571978,21.835516,16.342554,14.630601,11.645094,11.257562,11.373262,15.311403,18.879274,18.080936,23.503984,24.15782,27.23114,23.077114,20.589582,25.466196,28.369192,31.984034,32.569756,29.689823,34.759697,29.457308,32.897877,32.708103,34.59172
25,13.466129,13.952278,16.769466,14.20661,16.222776,19.094107,19.153625,23.820465,23.263191,28.15391,27.9773,31.375326,32.259136,30.65805,28.700205,23.864592,20.98202,17.032595,16.392914,11.595215,9.307457,8.7829895,4.185339,7.5298414,5.5531116,0.0,5.4979267,7.880799,10.2934475,12.976274,16.805706,22.568726,26.351084,27.510597,31.519321,32.05288,35.75108,35.49892,31.550795,28.164726,27.1891,22.004438,20.514778,15.797043,16.545408,12.655495,10.131932,13.297783,13.810504,16.62719,18.388235,20.48193,21.559523,25.195837,23.253756,23.969315,19.219988,16.365992,18.83233,15.6058445,13.922917,17.215687,20.28361,19.565493,25.262318,23.338955,27.634005,28.081875,30.011312,25.64189,23.32412,27.694954,26.28024,30.227598,29.525246,32.343704,34.4698,33.117275,33.87716,35.64169,33.713337,30.453465,27.793554,24.043804,21.49775,18.87239,16.569206,11.395822,9.161551,6.470467,6.431469,8.001314,11.561968,15.464443,13.35338,19.035,19.137045,22.460543,18.293343,15.385472,20.108175,23.311178,26.998302,27.379503,24.458883,29.443373,24.120441,27.769463,27.607956,29.78906
26,17.231207,16.368238,18.875599,15.233363,16.22138,19.455036,18.514854,23.476654,22.37156,27.116585,27.05553,30.547243,31.782892,30.777058,28.936083,23.894081,21.840324,17.27486,18.409468,12.407534,12.155728,10.809766,8.81143,10.173664,9.939024,5.4979267,0.0,4.5219936,6.8518744,9.325803,13.173691,18.47528,22.85457,23.069218,27.489712,27.479841,31.423145,31.020792,27.346237,24.303905,22.500511,17.855316,15.739526,10.755196,11.534951,7.1601596,5.301198,8.574674,10.036863,12.858145,14.052442,16.590357,17.13811,20.98624,18.92978,19.21762,14.18703,11.569328,14.111682,10.462594,8.6390505,11.759455,14.907174,14.549318,20.127516,18.912464,23.34175,24.103598,26.21105,22.020468,20.066183,24.907104,23.42478,27.839283,27.088242,30.383839,32.3972,30.970636,31.450909,32.701,30.923378,27.950142,24.51998,21.149734,19.042036,16.470703,14.753652,10.662384,8.161355,7.7711,7.148255,6.359898,10.82543,14.188727,12.049554,17.463127,16.663078,20.833046,17.603409,14.338958,18.452236,22.211504,25.491589,26.075686,23.314333,28.046455,22.716396,26.88268,26.408314,29.257563
27,16.448492,14.971206,16.425917,12.19545,12.622866,15.596944,14.221203,19.19451,18.010838,22.69029,22.836079,26.387058,27.55072,26.820017,24.787077,19.915615,18.07373,13.398914,15.417716,9.061213,10.363896,9.34631,9.653932,10.963638,12.626424,7.880799,4.5219936,0.0,4.70717,5.159786,10.182951,14.785696,19.02063,19.766285,23.90696,24.437845,28.267614,28.264454,24.430704,21.32154,20.019154,15.3621,13.194915,9.653153,9.1033745,7.4669,6.6760607,10.712386,12.090633,13.820408,14.123005,15.692464,15.392946,18.764004,15.904214,16.554274,12.051014,9.784086,13.64475,11.000815,7.901392,11.9767065,14.017688,14.0423765,19.244652,17.7268,22.279758,22.348026,25.02667,21.314177,18.720566,23.150703,20.918926,25.262426,23.888067,27.13088,28.838741,27.119617,27.376566,28.674955,26.67347,23.624102,20.416206,16.917488,15.038339,12.065227,11.20051,7.1267176,6.3659725,7.8620267,9.145883,10.377225,13.69632,17.081333,13.390776,18.752155,17.027542,21.329525,17.90433,13.913093,17.244654,21.575552,25.176086,24.853168,21.827217,25.852732,20.030138,24.013996,22.983488,25.824713
28,19.98362,19.01437,19.747002,15.439874,15.662463,17.674028,15.538375,20.199835,17.69863,22.290735,21.577168,24.912584,26.64841,25.768015,25.073027,19.205643,18.617863,13.675971,16.882744,10.918389,12.643392,13.282448,12.748027,15.200646,15.706617,10.2934475,6.8518744,4.70717,0.0,5.9433055,6.597619,13.358432,16.769146,17.918245,21.759752,22.181574,25.667871,25.29398,21.291681,17.912003,17.146381,11.728855,10.831114,7.0605803,8.513918,7.5697703,9.416554,12.4214115,14.892905,16.912481,16.776558,18.724014,17.571474,20.834011,17.109106,17.17338,12.664657,11.657626,15.799448,12.507391,9.193095,10.9924555,12.210984,11.068022,16.396547,13.791046,18.207615,18.169064,20.636894,16.829542,14.10736,18.577831,16.689266,21.086115,20.241947,23.591515,25.645006,24.38058,25.09423,26.433523,25.067844,22.1834,18.761433,15.401445,12.746678,11.265622,8.449167,6.546576,4.1802917,7.2533484,8.206917,10.246105,11.695218,14.664378,9.976223,14.873592,12.639213,16.984184,13.881528,9.799949,12.72614,17.146473,20.60825,20.364199,17.481256,21.655247,16.19898,20.526226,19.95595,23.1569
29,19.303455,17.062347,17.364428,12.654828,11.77616,14.237567,11.7347,16.50809,14.849714,19.119238,19.56044,23.120302,24.421434,24.38099,22.33498,17.73263,16.830147,12.167638,15.892299,9.812697,12.992198,12.180523,14.187354,14.964046,17.593637,12.976274,9.325803,5.159786,5.9433055,0.0,7.321174,9.793968,14.294035,14.954984,19.01493,19.798555,23.62862,23.976929,20.20927,17.349888,16.080074,12.090968,9.455592,8.418455,5.920563,8.340759,9.301329,12.771973,14.341477,14.972464,14.069936,14.75717,13.081233,15.771959,11.832804,12.561993,8.932546,7.9227166,12.81993,11.373832,7.605667,11.529674,12.007582,12.740809,16.951488,15.6823015,20.176361,19.694038,22.984499,20.059946,17.218185,21.243721,18.272657,22.662243,20.62476,24.034296,25.297775,23.246634,23.052452,24.0213,21.897863,19.013351,15.501147,12.225556,11.17685,7.863911,9.078037,7.3204355,8.547469,11.633284,13.365593,14.686439,17.328897,20.247778,15.8962345,20.545158,17.786165,22.280212,19.41782,15.12849,17.015207,21.819653,25.27772,24.268402,21.259413,24.244186,18.232119,22.132408,20.366695,23.52076
30,24.77772,23.338839,22.921747,18.36282,17.569849,18.55815,15.258945,19.114157,15.339235,19.150759,18.048231,21.102568,23.399368,23.175552,23.44326,17.420755,18.648201,13.982247,19.044943,13.884744,17.061426,18.115686,18.802866,20.991238,22.196604,16.805706,13.173691,10.182951,6.597619,7.321174,0.0,8.355394,10.632348,12.279252,15.550014,16.219835,19.316534,19.032148,14.851389,11.365146,11.43309,5.711156,6.399647,6.8313527,7.744429,10.799893,14.149169,16.478094,19.240492,20.431627,19.222708,20.537615,17.970766,20.35193,15.457237,15.106935,11.997993,12.914442,17.498331,15.147142,11.644334,11.949599,10.660073,9.499198,13.134435,9.7708025,13.89812,12.834596,16.075068,13.415786,10.141344,13.946462,11.153663,15.776533,14.472817,18.19897,20.000021,18.736015,19.338978,20.33187,19.45767,16.983347,13.105493,10.34092,7.8278213,8.282175,6.0469856,9.003945,8.925892,12.852257,14.130554,16.132326,16.44877,18.481302,13.253137,16.358452,12.646112,16.86193,14.964086,11.007429,11.004575,15.900559,18.929522,17.738,15.0678005,17.752695,12.402937,16.835941,15.68771,19.545237
31,27.994686,25.348797,24.389324,19.815561,17.704386,18.586584,14.738661,17.635862,14.55611,16.840292,17.240898,20.157595,22.105978,23.444944,22.51243,18.500807,20.092827,16.38394,21.939993,17.338392,21.50353,21.295725,23.855822,24.560432,27.36324,22.568726,18.47528,14.785696,13.358432,9.793968,8.355394,0.0,6.0386333,5.4326677,9.342035,10.40485,14.119375,15.058503,11.678268,9.957707,8.739801,8.126186,6.003146,11.234458,8.360421,14.442897,17.323252,19.314053,21.33832,20.971573,18.640131,18.442745,14.631056,15.370441,9.779808,9.514046,9.689703,12.166114,16.433567,16.43074,13.357727,14.399953,11.6437645,13.037046,13.820312,13.208631,16.520245,14.967531,19.09336,18.270721,15.703323,18.312874,14.490361,18.518934,15.60771,19.305906,19.641563,17.307722,16.19621,15.895835,14.24328,12.481929,7.377395,6.5067625,8.416115,7.855975,11.414882,14.319606,16.053066,19.941702,21.544315,22.691872,24.140686,26.05088,21.412992,24.24867,20.235476,24.445398,23.158428,19.299072,18.453835,23.206165,25.752161,23.923326,21.539,22.283234,17.188976,20.612066,17.896868,21.67705
32,31.049147,28.836075,26.954956,22.695549,20.615648,20.148157,16.07528,17.616825,13.322485,14.413934,13.827293,16.02479,18.542425,20.136177,20.797125,16.644676,19.83648,16.92253,23.031885,19.666662,24.012655,24.935009,27.424679,28.859533,31.434517,26.351084,22.85457,19.02063,16.769146,14.294035,10.632348,6.0386333,0.0,6.468636,6.1142583,9.444289,11.184305,12.653583,8.7725,6.7505684,9.449806,9.051183,10.197193,15.4783535,13.863676,19.519617,22.621223,24.787388,27.028734,26.90232,24.660408,24.395477,20.542822,20.826874,15.217825,15.044688,15.692431,18.114027,22.462488,22.17396,18.955366,19.390903,16.231728,16.575048,16.579367,14.507495,16.639877,13.730672,17.903435,18.177624,15.168262,15.894091,11.464682,14.341552,10.6472025,14.00867,13.859962,11.494465,10.434157,10.254647,9.425455,8.080111,3.2828798,4.478191,6.7143197,9.16771,11.767234,16.418596,18.49876,22.523602,24.479921,26.616701,27.012854,28.762783,23.451267,25.52041,21.286251,24.635685,23.578465,20.072939,17.831566,22.128946,24.495588,21.644444,19.5191,18.660551,14.269649,16.769184,13.642136,17.422266
33,33.411743,30.668371,29.66623,25.147219,22.880869,23.557266,19.626995,21.841152,18.514256,19.74909,19.960506,22.255249,24.502253,26.348663,26.085651,22.402992,24.745056,21.360859,27.123117,22.729237,26.892786,26.671532,29.082771,29.718302,32.351997,27.510597,23.069218,19.766285,17.918245,14.954984,12.279252,5.4326677,6.468636,0.0,5.4139295,5.043341,9.166823,10.217328,7.877578,8.2012615,5.920002,9.2913475,8.105893,14.2151785,12.068839,18.020926,21.455254,22.661766,24.886272,24.275412,21.54475,21.334942,17.066133,17.081268,11.978062,10.7593355,12.444533,15.756998,19.123896,19.454556,17.022264,16.61591,12.843336,14.390297,12.860686,13.293373,15.333298,13.680869,17.795525,18.293863,16.576004,18.43502,14.9479475,18.50703,15.789478,19.483038,19.384825,17.323303,15.808034,14.26093,13.564914,13.20394,7.8043637,9.551451,12.03737,12.829943,15.83264,19.474056,20.81554,24.741478,25.988504,26.660315,27.731543,29.037342,24.791256,26.65215,22.359713,26.312332,26.04916,22.696154,20.932186,25.265272,27.010147,25.280148,23.503836,23.341242,19.39481,22.53425,19.846243,23.794111
34,36.494003,33.90634,32.171116,27.908077,25.522097,25.26928,21.238344,22.336868,18.56475,18.573769,18.43458,19.952095,22.395288,24.692003,25.333168,22.123209,25.449736,22.814276,28.85555,25.395407,29.777802,30.183445,32.811916,33.79353,36.51146,31.519321,27.489712,23.90696,21.759752,19.01493,15.550014,9.342035,6.1142583,5.4139295,0.0,4.867216,5.742588,8.279783,6.3906183,7.7738495,8.948359,12.228549,12.82081,18.84691,17.066446,22.991693,26.397743,27.872076,30.109287,29.51442,26.802172,26.299372,21.99658,21.486511,16.39887,15.607357,17.715578,20.868464,24.407534,24.770065,22.145174,21.75843,17.90294,18.843956,16.90561,16.36962,17.36339,14.677948,18.668152,20.217134,18.273993,18.529345,14.7642565,17.019503,13.750443,16.778835,15.870558,13.77899,11.798192,9.4400835,9.658919,10.533053,6.434984,9.951161,12.824517,14.830049,17.743906,22.24787,24.03555,28.064947,29.660154,31.041185,31.546648,32.823994,28.08609,29.506517,25.097399,28.402176,28.263592,25.125723,22.466936,26.398376,27.96317,25.427216,23.915575,22.334578,19.178558,21.334587,18.308565,21.950233
35,38.396145,35.70609,34.618652,30.129545,27.843323,28.286047,24.296448,26.067835,22.447859,23.013412,22.864468,24.571983,27.082134,29.162045,29.658752,26.062346,29.00513,25.826805,31.754486,27.544209,31.687946,31.64867,33.8426,34.610313,36.996197,32.05288,27.479841,24.437845,22.181574,19.798555,16.219835,10.40485,9.444289,5.043341,4.867216,0.0,4.7828507,5.743291,5.600914,8.4518385,6.4357705,11.898747,11.871751,17.809223,16.430286,22.005934,25.804695,26.53026,28.951712,28.33342,25.469437,25.384583,21.014524,20.694227,16.149754,14.522009,16.609447,20.164124,22.989298,23.300653,21.248198,19.826437,15.62957,16.855633,13.6803055,14.557554,15.099321,13.356388,17.053713,18.836325,17.90278,18.842018,15.943638,18.751549,16.498432,19.92273,19.528425,17.984217,16.422037,13.94542,14.495499,15.298581,10.639174,13.434028,15.7804575,17.441374,19.833288,24.01666,25.066895,29.001175,30.01164,30.493818,31.08674,31.89143,27.921982,28.900259,24.500908,28.017412,28.598854,25.756142,23.248917,27.050146,28.05319,26.406591,25.228237,24.264412,21.512955,24.291811,21.824747,25.779964
36,41.779045,39.27045,37.736904,33.38519,31.088816,30.939203,26.890057,27.997602,24.002117,23.820053,23.217876,24.243696,26.959543,29.213913,30.61311,27.184193,30.841923,28.105888,34.21248,30.574753,34.80557,35.27035,37.454437,38.56482,40.861286,35.75108,31.423145,28.267614,25.667871,23.62862,19.316534,14.119375,11.184305,9.166823,5.742588,4.7828507,0.0,3.6422987,5.4637346,9.254429,9.858769,14.715679,15.908521,21.73559,20.76196,26.267817,30.165184,31.019726,33.54963,33.043015,30.218248,30.075233,25.688791,25.16989,20.56824,19.151663,21.27884,24.756836,27.743216,27.9151,25.718683,24.147768,19.905596,20.56459,17.162739,17.184391,16.701746,14.260213,17.524649,20.290195,19.397045,18.977549,16.265148,17.86244,15.683128,18.446304,17.564415,16.45997,14.9269705,11.884743,13.696533,15.414292,12.023744,15.423866,17.64136,20.158146,22.159908,26.962017,28.14669,32.133007,33.29016,34.233967,34.27669,34.938606,30.70576,31.15095,26.710466,29.607279,30.488367,27.969213,24.730368,28.03598,28.679476,26.567451,25.785723,23.716774,21.978418,24.010553,21.595125,25.289621
