,0,1,2,3,4,5,6,7,8,9,10,11,12,13,14,15,16,17,18,19,20,21,22,23,24,25,26,27,28,29,30,31,32,33,34,35,36,37,38,39,40,41,42,43,44,45,46,47,48,49,50,51,52,53,54,55,56,57,58,59,60,61,62,63,64,65,66,67,68,69,70,71,72,73,74,75,76,77,78,79,80,81,82,83,84,85,86,87,88,89,90,91,92,93,94,95,96,97,98,99,100,101,102,103,104,105,106,107,108
0,0.0,3.9186623,7.7972636,10.25048,13.757485,15.431637,19.46764,22.354673,26.102352,28.994116,34.10018,34.519737,37.414642,39.970287,35.628822,31.174068,29.664055,25.037146,23.209387,18.630465,16.694788,14.403556,10.501928,10.268,6.5766096,10.007691,11.140289,15.053789,18.04533,21.904291,23.791052,30.73965,31.273094,35.715923,36.32393,39.700424,40.387516,38.04622,37.51979,34.352753,33.906273,27.692568,26.53207,22.61195,21.942675,16.160402,17.361404,12.970234,17.265259,17.689787,22.438,21.869009,26.88084,29.643469,29.663324,27.394882,29.023249,31.72282,36.914112,34.720665,31.77482,30.265614,26.167528,26.580683,23.099012,25.243057,23.050678,18.046318,19.185047,23.597393,21.548014,25.495707,26.856298,30.09016,31.867472,36.008884,38.759678,40.61872,43.114918,46.307945,47.52204,45.046497,40.766994,37.892582,35.032436,34.359646,29.455708,28.218872,24.94791,23.40502,22.737946,22.492144,24.828405,24.522285,28.508385,30.724072,32.66013,33.34956,37.43034,36.03197,41.266224,42.902336,39.782124,36.088932,35.471416,29.597263,28.931396,24.785334,23.382385
1,3.9186623,0.0,3.9480355,7.3824873,10.467198,12.506915,16.203173,19.00571,22.884129,25.515879,30.844423,30.961025,33.958527,36.51161,32.03064,27.779493,26.026312,21.589602,19.477648,14.8946905,13.000235,10.498856,6.696476,7.500453,5.4073515,8.785778,11.4239645,14.5808115,16.480406,21.006706,22.137623,29.26136,29.24392,33.869164,33.987118,37.51076,37.874596,35.394646,35.155148,31.85118,31.939047,25.37837,24.719616,20.380192,20.550198,14.903567,16.868563,13.353808,17.550636,19.0412,22.802166,23.078398,27.945608,30.235113,29.86631,27.272186,28.732916,31.039227,36.452255,34.02288,30.858707,29.860077,25.941849,26.537766,23.82739,25.681545,23.072147,17.96426,18.108849,22.059132,19.30268,23.572426,24.450527,28.043816,29.388992,33.937702,36.377693,38.41999,40.687374,43.928196,45.132694,42.429882,38.214676,35.583538,32.3575,32.164,26.825336,25.99336,22.429443,21.100582,19.950354,19.436169,21.34713,20.90942,24.788433,27.065283,29.045134,29.956068,34.00822,32.88809,38.06624,39.89606,36.862312,33.16944,32.136463,26.50117,25.482662,21.402025,19.732994
2,7.7972636,3.9480355,0.0,5.2137737,7.1230288,9.995995,12.749257,15.74293,19.587168,22.093342,27.484955,27.383081,30.41477,32.854492,28.251726,24.156208,22.25022,17.892424,15.7077,10.989902,9.387712,6.6480274,3.6000018,5.893785,6.1792927,8.234309,12.211234,14.403416,15.02935,19.988016,20.454084,27.496939,27.044853,31.691607,31.36769,35.004005,35.03074,32.39598,32.374348,28.958828,29.524015,22.72158,22.528996,17.89128,18.860538,13.630488,16.238289,13.87897,17.766312,20.204676,22.87125,24.060873,28.650915,30.360245,29.681612,26.830624,28.009602,29.892076,35.440372,32.764168,29.431318,28.930307,25.269375,26.032183,24.162266,25.710394,22.791527,17.785847,16.931728,20.202066,16.718922,21.219296,21.603191,25.505293,26.434696,31.33735,33.482224,35.709846,37.74656,40.999214,42.16257,39.261753,35.113663,32.71644,29.17689,29.430836,23.734201,23.331108,19.54783,18.543623,16.936947,16.05622,17.666618,17.0393,20.911163,23.1602,25.153025,26.19715,30.238787,29.335632,34.47005,36.46164,33.54499,29.870872,28.465103,23.041645,21.753248,17.706404,15.891081
3,10.25048,7.3824873,5.2137737,0.0,4.1500964,5.910416,9.439308,12.549813,15.929298,19.30564,23.95773,24.734571,27.396456,29.859686,25.748894,21.05796,19.907173,15.159445,13.909666,9.851244,7.7832017,8.099852,5.5825405,2.7273955,4.6868052,5.8956246,8.998397,9.892915,9.8782625,15.103846,15.256174,22.429716,22.022173,26.717463,26.622276,30.178568,30.500412,28.066105,27.942299,24.644999,25.059189,18.295927,18.226917,13.442419,14.978633,9.856178,13.846173,11.429393,14.194924,17.515728,19.216223,20.55546,24.933367,26.656347,25.325867,22.278599,23.81793,25.477468,31.148855,28.86676,25.444235,25.669003,22.214104,23.762396,22.01588,24.573586,22.2761,17.699467,17.036934,19.327984,14.621337,18.676538,18.517584,22.109877,22.911549,27.487385,29.63092,31.51451,33.76128,37.132156,38.65902,36.09951,32.160847,29.715296,26.511442,26.991722,21.651564,21.864779,18.539824,18.54482,17.197666,15.164544,17.943083,16.236273,20.819885,22.16974,23.564821,24.414854,27.813463,26.33425,31.404814,33.013588,29.779512,26.081472,25.554893,19.748777,19.081167,15.206979,13.912884
4,13.757485,10.467198,7.1230288,4.1500964,0.0,5.754369,5.7601595,10.09638,13.079726,16.520147,21.039484,21.599403,24.232388,26.372786,22.062521,17.488016,16.261574,11.2980175,10.494454,6.058749,5.291026,6.266917,6.665112,5.9998417,8.622369,7.8061767,11.991789,11.918893,10.14752,15.323498,14.840122,21.421312,20.652975,25.11391,24.505415,28.18326,28.015781,25.304909,25.345757,21.891788,22.840878,15.848813,16.311977,11.297742,13.782184,9.795887,13.955457,13.3396845,15.718437,19.681625,20.175373,22.642561,26.523054,27.389305,25.963867,22.768904,23.69288,24.825422,30.508175,27.816366,24.27318,24.934723,21.871847,23.408274,22.733385,24.6352,21.997807,17.750614,16.011614,17.363813,11.926876,16.178902,15.434216,19.431742,19.766918,24.80929,26.638403,28.834684,30.778667,34.110012,35.479576,32.652374,28.73007,26.535875,22.957647,23.892483,18.155676,18.850588,15.34961,15.818364,14.049408,11.482645,14.146937,12.148895,16.859386,18.047966,19.448738,20.303362,23.829212,22.554466,27.660223,29.481531,26.462175,22.778494,21.747456,16.090984,15.1955595,11.180853,9.99589
5,15.431637,12.506915,9.995995,5.910416,5.754369,0.0,7.2469425,7.4011846,11.096249,14.168942,18.912758,19.829601,22.466066,25.441738,21.723295,17.096842,16.004107,12.223091,10.455692,8.834783,5.6133766,9.413139,8.067876,5.189991,9.804941,10.927641,12.444892,11.200438,8.855575,14.746837,12.334303,20.002098,18.036896,23.507626,22.593628,26.248133,26.449419,24.24214,24.87777,21.615017,23.08266,16.081108,17.471882,12.1499,16.01804,12.311618,17.458366,15.601566,16.827272,20.901829,21.318447,22.648384,26.614618,28.332037,25.862385,22.478163,24.533699,25.417599,31.209402,29.407848,25.831055,27.417542,24.539253,26.836075,25.660072,28.697777,26.654058,22.52212,21.347157,22.434439,16.410564,20.013409,18.371763,21.93243,21.587132,26.26081,27.639643,29.254238,31.276726,34.871353,36.897163,34.387356,30.986692,29.073874,25.66955,27.31735,21.87634,23.379436,20.230333,21.255003,19.401108,16.244259,18.404718,15.453589,19.850908,20.504482,21.289522,22.747822,25.006165,23.712614,28.300617,29.86357,26.362408,22.73921,22.330635,17.117403,16.013681,13.187581,11.2993765
6,19.46764,16.203173,12.749257,9.439308,5.7601595,7.2469425,0.0,6.628287,7.987206,12.0728245,15.687787,16.619535,18.900167,20.75444,16.653053,11.807482,11.156728,5.823917,6.9810085,5.1368394,6.1733723,9.520643,11.518874,10.669991,13.892399,12.307072,15.767914,14.121787,10.239978,14.864019,12.814454,18.399986,16.7732,21.05689,19.689901,23.459494,22.815195,19.950129,20.392012,16.842701,18.765316,11.60399,13.453164,8.282661,12.983382,11.367516,15.96384,16.792593,17.834112,22.543526,21.315529,24.638939,27.755003,27.846777,25.755545,22.36831,22.975042,23.165648,28.784115,26.101368,22.45675,24.357176,22.103365,24.154135,24.636913,26.494877,24.060268,20.64695,18.193672,17.762592,11.094282,14.553544,12.13811,16.22756,15.391588,20.76447,21.902588,24.165369,25.77908,29.195501,30.7535,27.843931,24.283735,22.584208,18.74393,20.797878,14.999453,17.135534,14.091383,15.951814,13.93279,10.001003,12.621698,9.197756,14.065822,14.065081,14.749664,15.683434,18.463877,17.12867,22.075056,23.908884,20.866823,17.203543,16.12596,10.601431,9.685808,6.113416,5.6241927
7,22.354673,19.00571,15.74293,12.549813,10.09638,7.4011846,6.628287,0.0,4.805415,6.818422,12.072056,12.4325285,15.20907,18.413664,14.727986,10.677201,9.208941,7.5190625,5.3426533,8.234463,6.864592,11.887215,13.165685,12.297707,16.959219,17.065052,19.200016,17.04072,12.884288,17.928486,13.543706,19.756102,15.961244,21.456757,18.912153,22.725122,21.97115,19.616335,21.366375,18.06139,21.307568,14.448008,17.65944,12.568535,18.347372,16.70914,21.872303,21.610792,22.168482,26.841825,25.76875,28.083376,31.301046,32.10725,29.080053,25.541822,27.094833,26.898325,32.509,30.594793,26.962843,29.722517,27.666342,30.17593,30.288908,32.78336,30.54081,26.962614,24.708706,24.364332,17.616495,20.673548,17.460514,21.123783,19.181376,24.283386,24.444513,26.215973,27.490149,31.129744,33.302628,30.483648,27.702366,26.706972,22.763237,25.907703,20.27309,23.177862,20.233341,22.210897,19.75215,15.806496,16.6267,12.614676,16.115799,15.834997,15.913005,18.155396,19.208595,18.673656,22.592222,24.486595,21.153913,17.769236,16.466936,12.78292,10.49336,9.595356,7.0466943
8,26.102352,22.884129,19.587168,15.929298,13.079726,11.096249,7.987206,4.805415,0.0,5.684361,8.0355625,9.921547,11.763116,14.473538,11.494209,6.718322,7.156417,6.1483636,7.450835,10.963881,10.978281,15.6915045,17.425507,16.127203,20.25304,19.419247,21.382025,18.505486,13.583511,17.42891,12.527461,17.031448,12.770874,17.72312,14.618501,18.439724,17.333296,14.891424,16.92174,13.705879,17.639387,11.3692045,15.444257,11.205147,17.571585,17.50026,22.527845,23.21017,22.961557,27.956753,25.702393,28.68012,31.197594,31.313166,27.98495,24.4817,25.650894,24.77682,30.111103,28.29055,24.752474,28.287333,26.872385,29.669373,30.524292,32.999695,31.04855,28.119951,25.673538,24.30197,17.352127,19.44288,15.428622,18.550228,15.842537,20.66865,20.290028,21.927507,23.001245,26.665422,29.036669,26.375065,24.002806,23.351765,19.641485,23.369589,18.367294,22.011002,19.784452,22.519594,20.356394,16.00661,17.301752,12.934695,16.260563,14.736776,13.867512,15.718385,15.679913,14.703946,18.30256,19.928131,16.45894,13.15166,12.497306,9.234375,7.673525,8.420571,7.705514
9,28.994116,25.515879,22.093342,19.30564,16.520147,14.168942,12.0728245,6.818422,5.684361,0.0,7.102866,5.8274293,8.981419,12.891763,9.736382,7.852086,6.0113707,9.198879,7.6746807,12.985612,12.761388,17.217983,19.29163,19.022314,23.76491,23.678274,25.84874,23.310904,18.689573,22.914753,17.644207,22.12603,16.998398,22.010729,17.97407,21.544613,19.838999,17.67799,20.685726,17.780836,22.50342,16.75154,21.006334,16.82364,23.117481,22.656857,27.65708,28.06008,28.21375,33.087074,31.241056,33.905384,36.630203,36.96015,33.524483,30.010551,31.317204,30.346186,35.579884,33.78643,30.285162,33.861305,32.442513,35.07597,35.923992,38.13495,35.852844,32.674,29.895647,28.685884,21.929585,24.314348,20.20083,23.492626,20.281025,25.218454,24.10348,25.797186,26.212887,29.749657,32.09343,29.12729,27.232273,27.24915,23.105143,27.478525,22.170113,26.023832,23.48093,25.98962,23.264977,19.19685,18.701483,14.464593,16.211298,14.910495,13.998172,17.071735,16.211508,16.80904,19.342468,21.498688,18.542456,15.874329,13.60695,12.880871,9.627142,11.644093,9.465598
10,34.10018,30.844423,27.484955,23.95773,21.039484,18.912758,15.687787,12.072056,8.0355625,7.102866,0.0,5.530528,4.679608,7.836267,7.761597,6.3544145,8.457487,11.716719,13.354717,18.060366,18.493467,23.016806,25.123446,24.031343,28.246874,27.30754,28.994158,25.68035,20.554352,23.21462,17.671774,19.510647,13.962601,17.63661,12.682087,15.805885,13.463258,11.6472025,15.460045,13.3156805,18.83939,15.017119,19.83485,17.214888,23.523088,24.707272,29.481003,30.700237,29.829767,34.923695,31.763521,34.952927,36.752003,36.352238,32.49903,29.178276,30.132864,28.302794,32.906937,31.521864,28.334332,32.881428,32.324608,35.34441,36.925953,39.295074,37.542908,35.17233,32.420452,30.137972,23.426859,24.481829,19.74109,21.864054,17.835758,21.669971,19.591585,20.719162,20.704767,24.180883,26.986687,24.529387,23.597677,24.220404,20.848785,25.805561,21.87048,26.399677,24.934263,28.212252,26.045313,21.717009,22.107882,17.818855,19.451527,16.703537,14.475395,16.569996,13.490534,13.370916,14.50134,15.8872595,12.74491,10.867769,10.296702,11.475671,10.132956,13.718571,13.668358
11,34.519737,30.961025,27.383081,24.734571,21.599403,19.829601,16.619535,12.4325285,9.921547,5.8274293,5.530528,0.0,3.9109237,7.981899,5.928562,7.648684,6.7356772,12.14644,11.993166,17.397005,18.017525,22.026962,24.677118,24.670069,29.275627,28.739384,31.13326,28.38863,23.486261,27.005152,21.678581,24.52258,19.14074,23.046028,18.165998,21.258013,18.620413,16.597853,20.330462,17.95244,23.48133,18.996996,23.617027,20.352795,26.620672,27.10583,31.80197,32.926945,32.82848,37.84964,35.32561,38.49796,40.75861,40.486275,36.9631,33.552727,34.39703,32.849056,37.636635,35.793964,32.491188,36.540157,35.67993,38.29203,39.85348,41.674507,39.378525,36.64956,33.46709,31.499693,24.992426,26.724117,22.160559,24.992443,20.99049,25.56261,23.445763,25.137192,24.711111,27.955593,30.237339,27.163382,26.082214,26.976757,22.860415,28.021063,23.28716,27.704086,25.66417,28.550323,25.82893,21.8454,20.691593,16.685322,17.058279,14.803087,12.96189,16.213068,13.555055,15.208554,16.188358,18.556355,16.32778,14.631949,11.492266,13.70929,10.516103,14.211658,12.986002
12,37.414642,33.958527,30.41477,27.396456,24.232388,22.466066,18.900167,15.20907,11.763116,8.981419,4.679608,3.9109237,0.0,4.898076,5.932355,8.272841,9.241173,14.158049,15.216018,20.351727,21.150932,25.278717,27.883993,27.462776,31.862728,30.97206,33.109535,30.011292,24.91475,27.71583,22.313528,23.884487,18.432417,21.511877,16.274729,18.928432,15.907997,14.208663,18.324905,16.495739,22.307001,18.936117,23.713108,21.222593,27.417984,28.639883,33.225285,34.69873,34.117043,39.222313,36.09234,39.478096,41.28641,40.671494,36.953552,33.665806,34.34294,32.377617,36.7866,35.175434,32.070744,36.577396,36.15306,38.943527,40.84911,42.752956,40.728745,38.393536,35.2463,32.77888,26.33711,27.417517,22.612806,24.816164,20.456842,24.349594,21.678558,23.037512,22.271065,25.389727,27.891712,25.113075,24.665182,25.95052,22.302086,27.73028,23.77744,28.482443,26.995586,30.229963,27.800457,23.722103,23.039677,19.051514,19.437706,16.533762,14.069661,16.679075,12.712429,14.094503,13.947385,15.883823,13.795186,12.826894,10.535301,13.940058,11.800257,16.002052,15.672403
13,39.970287,36.51161,32.854492,29.859686,26.372786,25.441738,20.75444,18.413664,14.473538,12.891763,7.836267,7.981899,4.898076,0.0,5.459885,8.993412,10.986456,15.404585,17.72825,22.33089,23.8711,27.610954,30.655869,30.314398,34.34003,32.792583,35.27089,32.141243,26.950499,29.080496,24.289217,24.51984,19.849571,21.530708,16.374437,18.573736,14.848737,12.90244,16.829735,15.424143,21.294125,19.083088,23.66987,22.096169,27.819813,29.86542,33.936943,36.208775,35.49837,40.648468,36.94464,40.97836,42.3522,41.012856,37.57014,34.461067,34.445393,32.129665,36.077732,34.187252,31.323946,35.93154,35.98523,38.598618,41.19173,42.59333,40.610363,38.807358,35.40429,32.27239,26.3138,26.725718,21.84965,23.54569,18.865395,22.325377,19.06344,20.632408,19.182632,21.914425,24.085165,21.170889,21.251095,23.140495,19.721445,25.45916,22.276,27.19119,26.307034,29.806026,27.64945,23.763262,23.160042,19.55174,19.476976,15.894448,12.872492,14.670359,9.456495,11.223341,9.683965,11.805236,10.733776,10.765807,8.040029,13.371795,12.0797,16.655998,17.343847
14,35.628822,32.03064,28.251726,25.748894,22.062521,21.723295,16.653053,14.727986,11.494209,9.736382,7.761597,5.928562,5.932355,5.459885,0.0,5.6896825,6.0822864,11.04079,12.935806,17.459328,19.335453,22.66401,26.060463,26.299646,30.354946,28.88472,31.962666,29.320396,24.311657,27.191177,22.793926,24.409172,20.099298,22.659279,18.010231,20.958715,17.67686,14.979552,18.214716,15.835133,21.364191,17.592518,21.955591,19.534838,25.247725,26.61296,30.622887,32.82338,32.77584,37.859303,34.777164,38.851048,40.7291,39.577286,36.56787,33.312626,33.23498,31.444828,35.89513,33.46277,30.321262,34.240784,33.781876,36.049625,38.435112,39.481968,37.077347,34.906822,31.293383,28.572657,22.613424,23.769518,19.128822,21.756908,17.462538,22.13328,19.719458,22.014526,21.08794,24.008062,25.68124,22.167322,21.07915,22.38281,18.074217,23.562902,19.197289,23.862474,22.322834,25.49801,22.996204,19.21961,18.02517,14.422082,14.203442,10.909423,8.249953,11.056716,7.735611,10.244648,11.143835,14.178056,12.831159,11.425966,6.4549556,10.657233,7.8038893,12.273039,12.479475
15,31.174068,27.779493,24.156208,21.05796,17.488016,17.096842,11.807482,10.677201,6.718322,7.852086,6.3544145,7.648684,8.272841,8.993412,5.6896825,0.0,4.4873257,6.5629196,10.018919,13.863186,15.556177,19.313156,22.241362,21.754473,25.523842,23.830162,26.597803,23.790335,18.731785,21.508867,17.294706,19.295988,15.403018,18.407724,14.421924,17.880365,15.364051,12.324312,14.858333,11.842903,16.93585,12.225029,16.628023,13.918883,19.82057,21.181515,25.385155,27.443546,27.165241,32.271694,29.158178,33.164543,35.070354,34.08038,31.058418,27.754923,27.843695,26.278763,31.031212,28.685122,25.381742,29.246748,28.575281,31.064726,33.128853,34.641953,32.49869,30.264324,27.055674,24.516657,18.078835,19.288893,14.603165,17.383524,13.464643,18.446274,16.91841,19.13693,19.177336,22.54112,24.508308,21.340897,19.453812,19.78095,15.663973,20.546188,15.957118,20.472574,18.88567,22.190834,20.011127,15.773452,16.200876,12.044933,13.9007225,10.909902,8.803451,10.590472,9.12583,8.966753,12.05517,14.3214,11.654907,8.827723,6.022828,6.060965,3.88528,8.028735,8.987088
16,29.664055,26.026312,22.25022,19.907173,16.261574,16.004107,11.156728,9.208941,7.156417,6.0113707,8.457487,6.7356772,9.241173,10.986456,6.0822864,4.4873257,0.0,5.9936886,6.8682704,11.560126,13.265132,16.686136,19.984455,20.395788,24.562002,23.433426,26.688036,24.434614,19.71025,23.457253,19.298357,22.682459,18.659555,22.408653,18.514763,22.071716,19.676928,16.759428,19.29103,16.15876,20.922367,15.414579,19.437988,15.826007,21.641577,21.938017,26.206104,27.821896,28.283506,33.24276,30.956657,34.651615,37.105213,36.52345,33.72902,30.326092,30.612185,29.489004,34.513397,31.947025,28.514132,31.79827,30.650047,32.814518,34.519314,35.75733,33.156345,30.401402,26.978783,25.089502,18.77046,20.920382,16.708145,20.225075,16.786123,22.250742,21.027517,23.47141,23.476992,26.735138,28.396595,24.889238,22.715158,22.962961,18.327696,22.952763,17.459887,21.536127,19.144796,21.870232,19.096495,15.149971,14.147427,10.012514,11.166705,9.111759,7.9917774,11.195438,11.041468,12.267853,15.331403,18.133446,15.912677,13.226972,9.129797,9.088168,4.7129126,7.8041487,6.712358
17,25.037146,21.589602,17.892424,15.159445,11.2980175,12.223091,5.823917,7.5190625,6.1483636,9.198879,11.716719,12.14644,14.158049,15.404585,11.04079,6.5629196,5.9936886,0.0,5.745395,7.6164346,9.939685,13.168052,16.29374,16.19955,19.683624,17.892363,21.412949,19.347372,14.821958,18.520456,15.514683,19.360184,16.7656,20.414179,17.833275,21.57676,19.945976,16.772886,17.976725,14.424557,17.841555,11.392007,14.592959,10.551831,15.969499,16.100676,20.22207,22.064594,22.661123,27.573301,25.388193,29.329021,31.862362,31.207327,28.866959,25.504505,25.57019,24.902706,30.153986,27.300713,23.758337,26.466722,24.995865,27.052866,28.593576,29.864805,27.328806,24.544107,21.337996,19.634912,13.043488,15.549918,11.770885,15.764818,13.361617,19.157074,19.15873,21.760761,22.586428,25.92545,27.400467,24.087059,20.994797,20.197668,15.751176,19.25995,13.394948,16.90087,14.308621,17.01555,14.620842,10.306477,11.382757,7.044348,10.849138,9.496236,9.390948,10.844626,12.896027,12.279385,16.909718,19.2048,16.566229,13.132715,10.688587,6.5085955,3.951529,2.480083,3.2545333
18,23.209387,19.477648,15.7077,13.909666,10.494454,10.455692,6.9810085,5.3426533,7.450835,7.6746807,13.354717,11.993166,15.216018,17.72825,12.935806,10.018919,6.8682704,5.745395,0.0,5.589035,6.6004066,10.082627,13.217268,14.204311,18.583061,18.204954,21.732868,20.279455,16.370184,21.268944,17.799599,23.25206,19.906355,24.628641,21.77752,25.60118,24.115366,21.267424,23.025259,19.546597,23.080757,16.28942,19.321987,14.481718,19.757927,18.283245,22.714746,23.31382,24.63861,29.237394,28.245932,31.26122,34.487274,34.700558,32.29091,28.826317,29.57893,29.356697,34.85632,32.21287,28.593796,30.90332,28.888897,30.788374,31.501883,32.909637,30.05391,26.49632,23.440414,22.92253,16.64971,20.077768,16.966166,21.177752,19.079247,24.831812,24.802858,27.246368,28.025839,31.418482,32.98313,29.566206,26.57155,25.858423,21.247908,24.5914,18.327469,21.197512,17.839283,19.580452,16.562302,12.945002,12.137977,8.260701,11.0331335,11.367887,12.151172,14.88218,16.883915,17.35297,21.416544,24.001425,21.384691,18.123787,15.030411,12.135778,8.499202,7.397347,3.324809
19,18.630465,14.8946905,10.989902,9.851244,6.058749,8.834783,5.1368394,8.234463,10.963881,12.985612,18.060366,17.397005,20.351727,22.33089,17.459328,13.863186,11.560126,7.6164346,5.589035,0.0,4.138331,5.5720673,9.311586,10.885724,14.38301,13.579769,18.017736,17.472063,14.51626,19.49767,17.70442,23.535295,21.627419,26.016474,24.224512,28.039104,26.9859,23.975048,24.765995,21.165987,23.443523,16.416985,18.108713,13.175201,17.002798,14.580267,18.416557,19.013264,21.158123,25.392387,25.104813,28.212051,31.72631,31.951416,30.316319,27.00798,27.456495,27.883549,33.449318,30.408203,26.813528,28.076654,25.571312,26.960688,27.349192,28.371933,25.259346,21.384415,18.41359,18.709476,13.003171,17.197813,15.341867,19.842497,18.991768,24.760502,25.69748,28.341705,29.568724,32.835674,34.003597,30.617023,26.937225,25.490685,21.071545,23.156124,16.690712,18.347393,14.502098,15.423051,12.541605,9.505349,9.807244,7.1439295,11.288539,12.731963,14.405464,16.054367,19.61685,19.416803,24.241394,26.677065,24.116442,20.61336,18.029364,13.615374,11.215637,7.6935153,5.033547
20,16.694788,13.000235,9.387712,7.7832017,5.291026,5.6133766,6.1733723,6.864592,10.978281,12.761388,18.493467,18.017525,21.150932,23.8711,19.335453,15.556177,13.265132,9.939685,6.6004066,4.138331,0.0,5.128413,6.7880993,7.861858,12.319066,12.871752,16.34707,15.824896,13.258153,18.862324,16.584442,23.433382,21.143545,26.254042,24.571991,28.395353,27.774591,25.10457,26.082792,22.566883,24.76878,17.564178,19.31991,13.982897,18.007256,14.719936,19.153648,18.442066,20.51123,24.574387,24.906713,27.080858,30.95712,31.97841,29.981495,26.608479,27.835167,28.493336,34.22187,31.703028,28.073103,29.436317,26.669254,28.375158,27.954103,29.773207,26.964964,22.740198,20.511383,21.45074,15.64559,19.803673,18.007841,22.246397,21.480953,26.93455,27.935606,30.176332,31.657188,35.109833,36.67315,33.55965,30.037333,28.489649,24.34394,26.385853,20.178957,21.768473,18.043655,18.800766,16.185427,13.282051,13.854347,11.179017,15.002867,16.363766,17.73284,19.660704,22.559086,22.188313,26.817293,29.025967,26.059904,22.497814,20.528187,16.030731,13.729589,10.729208,7.6999283
21,14.403556,10.498856,6.6480274,8.099852,6.266917,9.413139,9.520643,11.887215,15.6915045,17.217983,23.016806,22.026962,25.278717,27.610954,22.66401,19.313156,16.686136,13.168052,10.082627,5.5720673,5.128413,0.0,4.9013696,8.743532,11.759589,12.334045,16.927794,17.686098,16.251556,21.581432,20.571085,27.233738,25.692085,30.403542,29.029667,32.834965,32.117992,29.233871,29.857164,26.280733,28.016836,20.940042,21.895563,16.908041,19.550991,15.657889,18.928534,18.282784,21.452204,24.888363,26.07839,28.32236,32.443855,33.365692,32.185555,29.023619,29.796041,30.88353,36.509308,33.50921,29.984692,30.373972,27.285105,28.227104,27.667122,28.603874,25.268364,20.711405,18.31518,20.177744,15.677102,20.325062,19.552969,23.983673,23.8532,29.433208,30.799583,33.380405,34.831814,38.080467,39.154232,35.800953,31.89688,30.141417,25.885,27.225979,20.834993,21.428085,17.280796,16.92205,14.203372,12.659284,12.537265,11.52322,14.832235,17.289042,19.427422,21.085365,25.018723,24.914354,29.783407,32.230145,29.636156,26.09307,23.578676,19.074963,16.771446,13.158726,10.490677
22,10.501928,6.696476,3.6000018,5.5825405,6.665112,8.067876,11.518874,13.165685,17.425507,19.29163,25.123446,24.677118,27.883993,30.655869,26.060463,22.241362,19.984455,16.29374,13.217268,9.311586,6.7880993,4.9013696,0.0,5.1237903,8.138389,10.560133,13.968155,15.296836,15.020236,20.524736,19.81718,27.193106,25.881159,30.966883,30.100254,33.823723,33.68075,31.108034,31.57605,28.116997,29.349045,22.287937,22.858328,17.79305,19.957443,15.100344,18.563967,16.344086,19.627155,22.545595,24.702236,25.843328,30.379333,32.16807,30.904669,27.831501,29.296986,30.819345,36.50863,34.005173,30.533226,30.709427,27.26927,28.410707,26.821407,28.607689,25.714977,20.844685,19.561756,22.197567,17.845066,22.362547,21.950748,26.035788,26.31872,31.462788,33.1616,35.350132,37.195766,40.57441,41.953876,38.95299,35.050457,32.98538,29.153734,30.118334,24.114895,24.422167,20.51814,20.011717,17.878988,16.371197,17.232437,16.005077,19.635935,21.822634,23.688232,25.253946,28.844276,28.276382,33.17172,35.290806,32.305115,28.663345,26.974123,21.988728,20.155916,16.549341,14.041657
23,10.268,7.500453,5.893785,2.7273955,5.9998417,5.189991,10.669991,12.297707,16.127203,19.022314,24.031343,24.670069,27.462776,30.314398,26.299646,21.754473,20.395788,16.19955,14.204311,10.885724,7.861858,8.743532,5.1237903,0.0,5.2183175,8.122764,9.808085,10.554194,10.661981,16.170343,15.601258,23.250877,22.310064,27.450975,27.16474,30.725008,31.141813,28.882832,29.06257,25.807024,26.50375,19.679762,19.991793,15.038887,17.094748,12.034301,16.240866,13.192249,15.65606,18.782986,20.774714,21.41156,25.954174,28.167326,26.49052,23.403103,25.431763,27.0535,32.7631,30.804972,27.37328,27.854214,24.417185,26.151217,24.115564,27.008053,24.841274,20.217499,19.712809,22.049107,17.184107,21.17134,20.69376,24.256159,24.769573,29.325903,31.266775,32.990005,35.218616,38.692,40.432465,37.90832,34.134186,31.826815,28.558628,29.3452,23.939007,24.416914,21.052113,21.124708,19.575663,17.412169,19.69123,17.741428,22.103977,23.485922,24.799963,26.009222,29.056202,27.741709,32.62721,34.244,30.87121,27.192738,26.660309,21.115234,20.136282,16.621565,14.815021
24,6.5766096,5.4073515,6.1792927,4.6868052,8.622369,9.804941,13.892399,16.959219,20.25304,23.76491,28.246874,29.275627,31.862728,34.34003,30.354946,25.523842,24.562002,19.683624,18.583061,14.38301,12.319066,11.759589,8.138389,5.2183175,0.0,5.0693097,6.3149877,9.178524,11.516255,15.789301,17.2697,24.296925,24.713938,29.173717,29.771389,33.127968,33.883556,31.630594,31.109709,27.996458,27.63501,21.36435,20.464718,16.339304,16.35839,10.59916,13.429388,9.257651,12.698573,14.797034,18.04013,18.261961,23.069433,25.49876,24.699072,22.030104,23.844912,26.144274,31.597322,29.571873,26.406712,25.828724,21.988998,23.268452,20.412228,23.391708,21.4823,16.748161,17.339533,20.569391,17.031788,20.78336,21.483755,24.617664,26.102459,30.14808,32.75088,34.422226,36.970234,40.263725,41.75957,39.46182,35.39502,32.603848,29.855234,29.608881,24.789074,24.283842,21.230082,20.688911,19.946547,18.585726,21.729904,20.50459,25.070175,26.56553,28.03492,28.617027,32.17496,30.413328,35.55928,36.95527,33.651466,29.966259,29.888573,23.833563,23.563765,19.580322,18.5544
25,10.007691,8.785778,8.234309,5.8956246,7.8061767,10.927641,12.307072,17.065052,19.419247,23.678274,27.30754,28.739384,30.97206,32.792583,28.88472,23.830162,23.433426,17.892363,18.204954,13.579769,12.871752,12.334045,10.560133,8.122764,5.0693097,0.0,6.013976,8.23909,9.989984,13.276874,15.946483,21.858248,23.184952,26.779362,27.738976,31.00012,31.648287,29.200624,28.142233,25.075298,24.151472,18.264381,16.637554,13.162015,11.973793,6.2467613,8.564456,5.967955,9.760522,12.609738,14.70753,16.595522,20.83961,22.170345,21.866127,19.25381,20.13786,22.41555,27.770344,25.237951,22.101364,21.203587,17.391474,18.516016,16.334856,18.925688,16.95028,12.4761,12.917022,15.76156,12.510386,16.010283,17.291643,20.208216,22.219112,26.062704,28.998753,30.824411,33.423653,36.52196,37.723152,35.491104,31.251324,28.228613,25.78471,24.99084,20.587997,19.695763,17.021702,16.6191,16.486818,15.219275,19.42192,18.423172,23.279299,24.41703,25.797438,25.694736,29.555689,27.395641,32.70977,33.95591,30.866695,27.235584,27.427166,21.056955,21.514053,17.254313,17.275297
26,11.140289,11.4239645,12.211234,8.998397,11.991789,12.444892,15.767914,19.200016,21.382025,25.84874,28.994158,31.13326,33.109535,35.27089,31.962666,26.597803,26.688036,21.412949,21.732868,18.017736,16.34707,16.927794,13.968155,9.808085,6.3149877,6.013976,0.0,4.5173783,9.0865755,11.290505,14.5541115,20.601719,22.373447,26.065498,27.753132,30.681875,32.093708,30.199541,28.986126,26.312153,24.80623,19.5892,17.744411,14.830535,13.398055,8.151242,10.666942,5.2495217,6.97588,9.100926,12.306487,11.979333,16.787241,19.596794,18.759361,16.350454,18.56503,21.254322,26.458107,25.032173,22.148018,21.50125,17.686657,19.577229,16.059149,20.513496,19.822327,15.992566,17.704367,20.292458,16.994038,19.547909,20.608746,22.692385,24.79536,27.735874,30.81246,31.934624,34.938725,38.126698,39.815548,38.169914,34.23671,31.09109,29.292362,28.450647,24.809153,24.1976,22.105173,22.115808,22.226082,20.544872,24.951508,23.383593,28.387173,29.120413,30.080734,30.024467,33.14342,30.531282,35.58691,36.340267,32.84709,29.29783,30.537804,24.084745,24.975504,21.201195,21.217224
27,15.053789,14.5808115,14.403416,9.892915,11.918893,11.200438,14.121787,17.04072,18.505486,23.310904,25.68035,28.38863,30.011292,32.141243,29.320396,23.790335,24.434614,19.347372,20.279455,17.472063,15.824896,17.686098,15.296836,10.554194,9.178524,8.23909,4.5173783,0.0,5.2323174,7.2845187,10.156975,16.29107,17.985744,21.732935,23.509136,26.344118,27.946491,26.268421,25.092567,22.58091,21.128962,16.093285,14.605338,11.773963,11.298419,7.2541814,11.307124,7.672834,6.557848,10.408376,11.148674,11.448525,15.615816,18.165073,16.165247,13.279745,16.035423,18.198017,23.630804,22.61708,19.576422,20.108683,16.818596,19.592268,16.874075,21.804913,21.42743,18.165958,19.298933,20.726315,16.362532,18.363102,18.59506,20.345003,22.031364,24.677158,27.529251,28.334167,31.404255,34.693813,36.723507,35.31125,31.69637,28.714514,27.108809,26.756123,23.384218,23.539267,21.787174,22.627762,22.622192,20.163149,24.791698,22.55537,27.67534,27.795248,28.28434,28.202423,30.63916,27.74779,32.54993,33.02241,29.337765,25.875761,27.740791,21.370901,22.647995,19.37677,19.722456
28,18.04533,16.480406,15.02935,9.8782625,10.14752,8.855575,10.239978,12.884288,13.583511,18.689573,20.554352,23.486261,24.91475,26.950499,24.311657,18.731785,19.71025,14.821958,16.370184,14.51626,13.258153,16.251556,15.020236,10.661981,11.516255,9.989984,9.0865755,5.2323174,0.0,5.900422,5.986926,12.870402,13.547616,17.718723,18.791218,21.89861,23.135324,21.307894,20.50158,17.795364,17.178665,11.447778,11.12017,7.365698,9.497124,7.148155,12.513835,11.20077,9.894821,14.696961,13.329109,15.270015,18.458426,19.836567,17.041101,13.62934,15.926224,16.986212,22.735893,21.48443,18.080166,19.94389,17.32776,20.477365,19.249165,23.535074,22.767927,19.751812,19.67129,19.922956,14.242639,16.128244,15.096381,17.104267,17.90218,20.98512,23.29936,24.208694,27.038818,30.48753,32.695423,31.112823,27.733253,25.135956,23.20194,23.743416,20.081339,21.225706,19.493021,21.136435,20.701262,17.450775,21.912308,19.046673,24.11863,23.7153,23.833855,23.87116,25.792059,22.92159,27.57262,28.088211,24.332247,20.841228,22.740383,16.532606,17.880598,15.085004,15.681685
29,21.904291,21.006706,19.988016,15.103846,15.323498,14.746837,14.864019,17.928486,17.42891,22.914753,23.21462,27.005152,27.71583,29.080496,27.191177,21.508867,23.457253,18.520456,21.268944,19.49767,18.862324,21.581432,20.524736,16.170343,15.789301,13.276874,11.290505,7.2845187,5.900422,0.0,6.5862465,9.530515,13.0075655,15.239941,17.978132,20.345274,22.290068,20.880991,18.968859,17.012518,14.553579,11.12799,9.061317,8.549498,7.884606,8.402528,12.028681,11.760179,8.091372,12.780873,9.118563,11.916726,13.7798395,14.509875,11.279147,7.805827,10.332699,11.517472,17.137922,16.50565,13.414991,15.620012,13.549384,17.41524,16.375582,21.467772,21.811045,19.976294,20.60528,20.134558,15.426692,15.625382,15.187375,15.5515995,17.208115,18.599852,21.548294,21.808094,25.151457,28.324892,30.591402,29.781015,26.583157,23.6104,22.944242,22.63567,20.627672,21.462805,20.8874,22.82184,23.245953,20.214325,25.480383,22.819092,27.908318,26.967999,26.711782,25.93931,27.52391,23.842783,28.23117,28.001339,24.30328,21.191614,24.447863,18.260557,20.85997,18.421705,20.055523
30,23.791052,22.137623,20.454084,15.256174,14.840122,12.334303,12.814454,13.543706,12.527461,17.644207,17.671774,21.678581,22.313528,24.289217,22.793926,17.294706,19.298357,15.514683,17.799599,17.70442,16.584442,20.571085,19.81718,15.601258,17.2697,15.946483,14.5541115,10.156975,5.986926,6.5862465,0.0,8.15247,7.8544836,12.489645,13.6443,16.503029,18.244154,17.04713,16.47005,14.317165,14.0573635,9.505964,10.58155,8.22829,11.890874,12.160189,17.099884,16.567827,13.959665,18.67589,15.695361,17.594679,19.575544,20.589024,16.437323,12.938332,15.73272,15.557629,21.037262,20.73638,17.486403,21.021494,19.455797,23.273792,22.75753,27.35598,27.071568,24.741125,24.413391,23.600485,17.52181,18.289654,16.061731,17.121357,16.9143,19.07459,20.70623,20.835527,23.703829,27.278517,30.131298,29.066732,26.449553,24.309998,22.87734,24.22443,21.368906,23.51739,22.437202,24.881811,24.381319,20.562466,24.795374,21.284248,26.02744,24.734697,24.049702,24.092323,24.592653,21.364838,25.23238,25.147577,21.067383,17.935255,21.108803,15.689989,17.622917,16.25496,17.2452
31,30.73965,29.26136,27.496939,22.429716,21.421312,20.002098,18.399986,19.756102,17.031448,22.12603,19.510647,24.52258,23.884487,24.51984,24.409172,19.295988,22.682459,19.360184,23.25206,23.535295,23.433382,27.233738,27.193106,23.250877,24.296925,21.858248,20.601719,16.29107,12.870402,9.530515,8.15247,0.0,6.624853,5.8798304,9.922041,11.323207,13.996306,13.58303,11.391157,10.867126,8.428459,8.9840555,9.306688,11.220084,13.169031,16.471315,19.875748,21.077936,17.321762,21.680058,16.421804,19.541039,19.348305,18.489546,13.818737,11.041213,12.565094,10.481175,14.959686,15.592838,12.99985,18.220713,18.34125,22.591196,23.418005,27.880161,28.453009,27.549719,27.230198,25.024523,19.783379,18.501472,16.131025,14.955836,14.745836,14.2341175,15.866971,14.757731,18.131325,21.366009,24.559956,24.618095,22.766542,20.711538,20.954458,22.002275,21.396181,23.818335,24.203405,27.305782,27.509586,23.758991,28.503033,25.132286,29.547161,27.318268,25.925713,24.94205,24.458029,20.272366,23.237556,21.951677,18.096766,15.908147,21.080545,16.570787,20.063776,19.657429,21.968771
32,31.273094,29.24392,27.044853,22.022173,20.652975,18.036896,16.7732,15.961244,12.770874,16.998398,13.962601,19.14074,18.432417,19.849571,20.099298,15.403018,18.659555,16.7656,19.906355,21.627419,21.143545,25.692085,25.881159,22.310064,24.713938,23.184952,22.373447,17.985744,13.547616,13.0075655,7.8544836,6.624853,0.0,6.520355,6.2955723,8.972298,10.996608,10.756996,11.021708,9.965818,11.31844,9.577097,12.632208,12.128051,16.671545,18.820242,23.336985,23.951193,21.033764,25.739521,21.522099,23.994715,24.743942,24.686255,19.915329,16.865358,18.881721,16.994537,21.45556,21.756506,18.915663,24.049158,23.76761,27.786274,28.49295,32.66427,32.49859,30.830584,29.84288,27.802084,21.538038,21.26511,17.738487,17.838488,15.967365,17.026062,17.100204,16.325277,18.738493,22.377842,25.956844,25.395468,23.99432,22.835331,21.869259,24.457827,22.548552,25.873775,25.485573,28.734562,28.068676,23.832285,27.44372,23.475065,27.419298,25.055204,23.379951,23.381618,21.939045,18.561893,20.978018,20.132277,15.880819,13.617663,18.218893,14.787966,17.199772,17.841875,19.32487
33,35.715923,33.869164,31.691607,26.717463,25.11391,23.507626,21.05689,21.456757,17.72312,22.010729,17.63661,23.046028,21.511877,21.530708,22.659279,18.407724,22.408653,20.414179,24.628641,26.016474,26.254042,30.403542,30.966883,27.450975,29.173717,26.779362,26.065498,21.732935,17.718723,15.239941,12.489645,5.8798304,6.520355,0.0,5.5097237,5.632262,8.73485,9.328334,7.4641356,8.508278,7.78607,10.717,12.626236,14.715707,17.654444,21.422243,24.85305,26.571053,23.05872,27.500717,22.037018,25.35113,24.795013,23.382418,18.777958,16.452719,17.236248,14.217346,17.38707,18.17751,16.058653,21.977058,22.846611,26.92444,28.55538,32.449905,32.854523,32.198322,31.28113,28.370256,22.973644,21.31536,18.036768,16.487549,14.826796,13.509152,13.476377,11.476322,14.329631,17.57915,21.394651,21.85377,21.102417,20.014856,20.52008,22.634008,22.572231,25.832956,26.536276,30.098005,30.052048,26.06672,30.17204,26.555128,30.311497,27.432728,25.415234,24.444262,22.574966,18.447435,20.121244,18.191168,14.417624,13.215749,19.22637,16.46568,20.03024,20.923492,23.385162
34,36.32393,33.987118,31.36769,26.622276,24.505415,22.593628,19.689901,18.912153,14.618501,17.97407,12.682087,18.165998,16.274729,16.374437,18.010231,14.421924,18.514763,17.833275,21.77752,24.224512,24.571991,29.029667,30.100254,27.16474,29.771389,27.738976,27.753132,23.509136,18.791218,17.978132,13.6443,9.922041,6.2955723,5.5097237,0.0,3.8512166,4.710782,5.177228,6.432836,6.84573,9.970277,10.884195,14.527524,15.207243,19.713642,22.961138,26.975752,28.679125,25.87503,30.68376,25.76071,29.121212,29.260105,28.09731,23.632559,20.942047,21.747492,18.936062,22.45329,22.495024,20.031301,25.773764,26.343822,30.160273,31.973269,35.37618,35.11218,33.996376,32.400444,29.415443,23.402872,22.369776,18.214708,17.644146,14.6053505,14.819032,13.342308,12.124206,13.729177,17.308022,21.220924,20.902294,20.509954,20.280369,19.697088,23.127783,22.098938,26.097034,26.318003,30.039333,29.370293,25.11037,28.252378,24.32059,27.486702,24.361092,22.023512,21.6697,18.881987,15.425399,16.467077,14.922422,10.837042,9.751483,15.385845,13.998655,16.827843,18.756733,20.834078
35,39.700424,37.51076,35.004005,30.178568,28.18326,26.248133,23.459494,22.725122,18.439724,21.544613,15.805885,21.258013,18.928432,18.573736,20.958715,17.880365,22.071716,21.57676,25.60118,28.039104,28.395353,32.834965,33.823723,30.725008,33.127968,31.00012,30.681875,26.344118,21.89861,20.345274,16.503029,11.323207,8.972298,5.632262,3.8512166,0.0,4.233553,6.7802567,7.215755,9.230286,11.174868,13.968528,16.985167,18.460245,22.322325,25.956112,29.661312,31.468279,28.275852,32.87352,27.56465,30.828316,30.383236,28.961546,24.355448,22.069633,22.75915,19.56012,22.197842,22.887375,20.93397,26.963284,28.013521,31.923409,33.8918,37.41569,37.507626,36.760357,35.33771,32.127895,26.465763,24.945745,20.999372,19.72924,16.880846,15.776422,14.004095,11.758505,13.2531805,16.406488,20.673338,21.1672,21.488638,21.478214,21.697393,24.910074,24.759178,28.682755,29.32017,33.11561,32.667988,28.502533,31.762344,27.924118,30.962526,27.664433,25.16608,24.55508,21.344349,17.802317,17.993313,15.713085,12.144951,12.106071,18.106508,17.327278,20.35299,22.400364,24.620996
36,40.387516,37.874596,35.03074,30.500412,28.015781,26.449419,22.815195,21.97115,17.333296,19.838999,13.463258,18.620413,15.907997,14.848737,17.67686,15.364051,19.676928,19.945976,24.115366,26.9859,27.774591,32.117992,33.68075,31.141813,33.883556,31.648287,32.093708,27.946491,23.135324,22.290068,18.244154,13.996306,10.996608,8.73485,4.710782,4.233553,0.0,3.5962863,6.12828,7.954081,11.725687,13.976002,17.602993,18.745382,23.095074,26.773413,30.481829,32.720253,30.024723,34.849888,29.639563,33.39234,33.2312,31.509956,27.280317,24.826225,25.01558,21.810215,24.598385,24.485416,22.371471,28.26415,29.317833,32.926212,35.356483,38.249992,37.906143,37.11445,35.151413,31.647385,25.931822,24.512352,20.141962,19.221022,15.569218,15.159347,12.366108,10.853288,11.237939,14.504017,18.630058,18.544195,19.186615,19.844194,19.556461,23.534824,23.146019,27.48231,28.070757,31.999172,31.304123,27.137392,29.805141,26.002172,28.48676,24.921747,22.173998,21.62846,17.787868,14.613852,14.095704,11.867739,8.392836,9.021852,14.763676,15.287079,18.049065,20.758383,23.039152
