,0,1,2,3,4,5,6,7,8,9,10,11,12,13,14,15,16,17,18,19,20,21,22,23,24,25,26,27,28,29,30,31,32,33,34,35,36,37,38,39,40,41,42,43,44,45,46,47,48,49,50,51,52,53,54,55,56,57,58,59,60,61,62,63,64,65,66,67,68,69,70,71,72,73,74,75,76,77,78,79,80,81,82,83,84,85,86,87,88,89,90,91,92,93,94,95,96,97,98,99,100,101,102,103,104,105,106,107,108
0,0.0,4.2943625,6.6072187,9.621557,12.291201,14.624812,17.837776,21.74343,24.787588,27.444357,31.658552,29.531107,28.150558,26.994396,22.205894,22.18505,16.879614,17.739439,14.405803,14.672414,13.766544,9.192303,13.298971,15.5544815,14.974562,16.476677,19.79652,22.012342,20.497154,24.399166,24.856712,28.779457,33.486248,35.391052,38.85736,40.054974,43.38989,42.768955,39.653023,35.98906,37.392517,32.94509,31.398626,28.958147,27.65706,25.353605,21.377625,21.170458,17.032463,17.292797,14.248585,14.594586,11.783987,13.058124,11.46527,15.266531,17.316559,20.169968,23.580572,24.91039,22.086103,27.775175,27.945549,29.40131,34.214214,31.937878,35.7575,33.449615,39.11975,37.490395,33.100784,36.466545,33.28218,38.977634,34.419415,35.927197,36.64378,35.139027,35.65102,38.191574,35.105957,31.880894,32.37308,28.871502,28.011932,23.975412,24.998503,19.705463,21.596998,21.34328,21.78917,23.466015,26.761112,27.143213,23.896383,24.824053,22.832907,25.74737,21.599138,26.430622,24.029005,23.510883,26.595858,27.359856,26.873087,29.546173,31.198252,31.150448,35.510902
1,4.2943625,0.0,5.243504,6.752303,8.792456,12.281341,14.373622,19.097454,21.588612,24.382137,28.388752,26.720978,25.758251,24.536823,19.959759,19.391489,14.3680935,14.35945,11.640822,10.854599,10.42606,6.476896,10.57736,11.776186,11.52776,12.37309,15.845614,17.814367,16.280865,20.166817,20.824886,24.71034,29.690731,31.681225,35.045803,36.430115,39.61476,38.82475,35.731396,32.039276,33.303955,28.740816,27.254454,24.676643,23.52265,21.149492,17.2467,17.246273,13.131174,13.9346,11.23681,12.205184,10.527766,12.012295,9.337927,13.456652,14.283477,17.381456,20.889444,21.676237,18.524242,24.05498,23.982882,25.28065,30.04882,27.66644,31.472218,29.169258,34.830772,33.25529,28.950726,32.4039,29.254536,35.109272,30.690105,32.440178,33.28842,31.787285,32.53888,35.05954,32.171455,28.781448,29.016848,25.399103,24.29153,20.356104,21.040888,15.696472,17.483747,17.468616,17.998528,19.938955,23.025568,23.730104,20.473494,21.153519,19.555882,22.175823,18.365866,23.17255,21.272846,21.52718,24.251091,24.580883,24.222977,26.191957,27.982786,27.590261,32.040462
2,6.6072187,5.243504,0.0,5.1301913,6.933531,8.399765,11.997327,15.248754,18.680815,21.031454,25.519058,23.459494,21.896843,21.144142,16.227894,16.783215,11.907822,13.148787,11.563373,12.088434,13.197606,10.153669,14.999889,15.162673,15.560478,15.192157,18.073265,19.562653,16.295269,20.56168,19.868042,24.602657,28.129742,30.605598,33.65856,34.763077,38.34837,37.78806,35.053307,31.697647,32.57549,28.826216,26.633476,25.060652,22.828775,21.523523,17.365242,18.090117,14.195003,14.912487,13.494311,12.312873,11.685328,10.711003,6.9492817,10.45449,12.047297,15.309664,17.923214,19.817886,17.16812,23.299444,23.07151,25.20343,29.51566,28.06714,31.855206,29.982388,35.54051,34.708096,30.590609,33.916946,30.354864,36.18133,31.103651,33.294632,33.45367,31.42103,31.775446,33.900627,30.63319,27.654942,27.343472,24.062279,23.871082,19.464617,21.641134,17.091831,19.624397,20.544659,21.366539,23.67236,26.283724,27.418488,23.888659,23.766722,22.221397,23.743969,19.7859,23.573229,20.999552,20.974977,24.608097,25.092321,25.987867,27.558352,30.0221,29.776268,34.3354
3,9.621557,6.752303,5.1301913,0.0,3.833289,6.2084827,8.881659,13.253981,15.491262,18.699068,22.34122,20.193232,19.30837,17.839703,13.374367,12.705483,7.656173,8.318815,6.585411,7.556579,9.355272,7.8386846,12.737798,12.14786,14.449327,12.658857,16.71646,17.203861,12.969472,16.693033,16.220741,20.22252,24.157661,26.05281,29.501537,30.530483,34.008743,33.603786,30.582151,27.125841,28.611633,24.795734,22.983929,21.774897,19.81341,19.141895,15.36901,17.070278,13.498855,15.441585,14.528885,14.558624,14.920061,14.489138,9.800845,13.133343,12.595978,16.35542,18.50747,19.787376,16.57076,22.401468,21.165842,23.062687,26.692013,25.065802,28.592543,26.268045,31.907135,31.008026,26.54673,29.54901,25.79111,31.391283,26.151215,28.239199,28.351868,26.38418,26.79331,29.055975,25.918787,22.773535,22.834179,19.419785,19.039083,14.7117,16.945866,12.683192,15.877671,17.290329,18.953716,20.870821,23.012077,24.18733,20.248182,19.560156,17.865694,18.907438,14.87147,18.450033,15.949051,16.326265,19.70341,20.02754,21.201326,22.573957,25.226704,25.15965,29.706646
4,12.291201,8.792456,6.933531,3.833289,0.0,5.302498,5.602565,10.840233,12.818997,15.740785,19.599447,18.209467,17.572226,16.528238,12.281596,11.5450945,7.723645,7.1012964,8.081791,7.2659235,10.353888,10.082552,13.965164,11.927806,13.931484,11.346317,14.443201,14.613493,9.800307,13.93532,12.998025,17.744244,21.369143,23.905613,26.878069,28.165863,31.59486,30.912354,28.18695,24.853771,25.659655,21.990059,19.792376,18.62422,16.29058,15.764372,11.924233,13.9956255,10.808886,13.006804,13.126057,12.784542,14.366171,13.51507,8.450922,11.203664,9.3986225,13.224538,15.212826,16.172134,12.88976,18.694775,17.389803,19.473392,23.133087,21.793833,25.39829,23.475903,28.994297,28.481003,24.444553,27.653141,23.943798,29.835749,24.724726,27.375437,27.490187,25.340963,25.974497,27.98443,25.009197,21.850897,21.063488,17.646076,17.300339,12.934988,15.215787,11.365923,14.288581,16.236357,17.661406,20.120495,21.888342,23.585884,19.953955,18.900126,18.00268,18.31121,15.054912,18.064184,16.243406,17.583012,20.619028,20.383923,21.966728,22.18643,25.097494,24.479706,29.081799
5,14.624812,12.281341,8.399765,6.2084827,5.302498,0.0,5.9574156,7.452262,10.813138,13.46277,17.592123,15.0954485,13.579986,12.819086,7.9473844,9.009979,5.5479417,7.8378034,9.484567,11.1472025,14.327184,13.9052725,18.479177,16.807144,19.212694,16.483423,19.394983,19.189878,13.188409,16.895603,14.488465,19.43183,21.09727,23.725407,26.559809,27.266912,31.183102,31.01584,28.584894,25.705616,26.509323,23.949652,21.247913,21.51867,18.236135,19.193184,15.586536,18.195189,15.427946,17.296879,17.816532,16.256298,17.867352,15.651465,10.592036,12.129718,11.224272,14.8237295,15.288635,17.603401,15.129328,21.108603,19.440266,22.270151,24.983393,24.655197,27.97451,26.319908,31.58989,31.7103,27.737154,30.498978,26.404545,31.82745,26.002745,28.76074,28.01288,25.364126,25.341658,26.927471,23.44585,20.935005,19.911482,17.107113,18.073261,13.426648,17.576668,15.010982,18.566467,20.9538,22.719475,25.021194,26.4796,28.192492,24.272713,22.692204,21.452538,20.927334,17.39814,19.13123,16.26188,16.778513,20.848557,21.06171,23.830572,24.173904,27.574394,27.474478,31.974873
6,17.837776,14.373622,11.997327,8.881659,5.602565,5.9574156,0.0,6.6405735,7.4223924,10.391248,14.071682,13.291922,13.158146,12.475096,9.140314,8.219283,7.411113,5.952152,10.373669,9.578875,13.674647,14.88151,18.037989,14.80144,17.376308,13.574143,15.668221,14.58276,7.8267026,11.448848,8.664773,14.210619,16.256983,19.44854,21.881842,23.150766,26.730894,26.064754,23.762505,20.844814,21.044525,18.315016,15.449097,15.682225,12.286636,13.655119,10.524713,13.9512205,12.190431,14.764286,16.368364,15.5014305,18.341831,16.696497,11.698235,12.812495,9.313983,12.737117,13.081903,13.936216,10.98457,16.253843,13.903827,16.582533,19.074526,18.762426,22.048029,20.6155,25.771172,26.154518,22.60328,25.528517,21.596676,27.337845,21.946682,25.298227,24.876629,22.268482,22.851341,24.326933,21.422937,18.578135,16.646833,13.566658,14.004536,9.641427,13.223083,11.471211,14.536651,17.526247,19.227598,21.825756,22.641785,24.884993,21.389076,19.35081,19.140862,17.777103,15.501915,16.696648,15.326037,17.534634,20.395254,19.658031,22.463726,21.26511,24.787106,23.932886,28.405415
7,21.74343,19.097454,15.248754,13.253981,10.840233,7.452262,6.6405735,0.0,5.3844204,6.3178506,11.154796,9.417122,7.739956,8.768397,5.6160226,8.121239,9.548544,10.612885,14.920331,15.745923,19.725773,20.46391,24.271402,21.373383,23.801659,20.187761,21.697899,20.580332,13.675996,16.594275,12.248769,17.79094,16.48088,20.271793,21.870674,22.444563,26.600939,26.44882,24.954826,22.930517,22.485374,21.571297,17.93217,19.932625,15.418065,18.336872,15.651765,19.07373,17.751661,19.640636,21.664732,19.386353,22.368214,19.311516,14.69794,14.276086,11.926027,14.470206,12.575649,15.185254,13.8222885,18.801716,16.443987,20.046026,21.3022,22.572905,25.408922,24.73078,29.231016,30.577377,27.519497,29.984514,25.859983,30.985125,25.082367,28.691326,27.269575,24.052366,23.882904,24.517427,21.15746,19.420004,16.548126,14.746411,16.973763,12.90835,18.077188,17.613285,20.849203,24.048462,25.759708,28.393047,28.97072,31.301441,27.730772,25.336502,24.9774,22.877342,20.598772,20.401836,18.245398,19.696783,23.391771,23.005236,26.970434,25.660837,29.608385,29.10747,33.37419
8,24.787588,21.588612,18.680815,15.491262,12.818997,10.813138,7.4223924,5.3844204,0.0,4.6256437,6.880834,6.3094664,7.29749,7.250568,7.0859036,6.5945535,10.418003,9.778147,15.134931,15.390259,19.565128,21.518438,24.48478,20.909964,24.133633,19.737114,21.359688,19.251911,11.991875,13.460564,8.65416,13.267217,11.178442,14.936789,16.557737,17.222752,21.293823,21.159882,19.58626,17.694962,17.411276,16.9673,13.477701,16.55861,12.19533,16.404882,14.818075,18.93017,18.395758,20.953966,23.28023,21.998512,25.318241,23.002165,18.249577,18.214905,14.568612,16.992254,15.135164,16.256823,14.533497,18.225111,14.663631,17.818651,17.74506,19.20481,21.493698,20.675724,24.900534,26.527588,23.596628,25.614191,21.443903,26.208862,20.335766,24.235111,22.672297,19.377876,19.429527,19.877625,16.925493,15.140325,11.572417,9.92626,12.458113,9.149154,14.5078535,15.6522665,18.786983,22.42335,24.539618,26.851347,26.701935,29.193048,25.746567,22.758877,22.845282,19.735838,18.417803,17.02659,15.802952,18.28637,21.037413,20.064463,24.443747,22.079548,26.213387,25.570269,29.576334
9,27.444357,24.382137,21.031454,18.699068,15.740785,13.46277,10.391248,6.3178506,4.6256437,0.0,5.914629,7.2394533,7.3751674,9.48187,9.729668,10.871774,14.396763,14.098535,19.365028,19.329147,23.553764,25.184864,28.188766,24.45682,26.945086,22.774109,23.313047,21.396717,14.665026,16.296196,11.08562,16.173317,12.260985,17.108723,17.301527,18.002821,22.060003,21.708433,21.124165,19.93123,18.210104,18.815496,14.640547,18.104677,13.083218,17.577488,16.215803,20.030733,20.002747,22.015476,24.90601,22.803637,26.548513,23.589632,19.37354,18.324598,14.833422,16.34759,13.259687,14.825967,14.276641,17.354809,14.208083,17.948195,17.508219,20.10412,22.262705,22.439013,26.032158,28.361055,26.239237,28.35918,24.479229,29.190151,23.690172,27.900406,26.209589,22.807055,22.804495,22.672949,19.92155,18.735682,14.316826,13.533387,16.242594,13.471921,18.331287,19.533142,22.164362,25.775429,27.412998,30.114647,29.908213,32.6478,29.534304,26.625292,27.068012,23.913897,22.89323,21.425127,20.37462,22.747486,25.57768,24.55501,28.980509,26.26676,30.38743,29.437304,33.34433
10,31.658552,28.388752,25.519058,22.34122,19.599447,17.592123,14.071682,11.154796,6.880834,5.914629,0.0,5.528008,8.421792,9.421675,12.250626,11.860726,16.767508,15.916161,21.338272,21.41745,25.543169,28.01415,30.504124,26.519686,29.83203,25.138119,26.058289,23.341667,16.676224,16.637163,11.683871,14.412377,7.949417,12.434528,12.089232,12.303975,16.514519,16.646606,16.363071,15.951406,14.473741,16.60361,12.961323,17.999712,13.646017,19.258747,19.002739,23.197647,23.642712,26.14344,29.026983,27.68804,31.445797,28.962824,24.53059,23.896545,19.962696,21.543346,18.6496,19.27733,18.48908,20.328518,16.236692,19.212158,16.791294,19.797506,20.941126,21.004642,23.881739,26.677546,24.777948,26.023014,22.159414,25.853125,20.390398,24.699055,22.465967,18.9272,18.797447,18.007023,15.788472,15.295833,10.041225,10.6682625,14.056356,12.8507595,17.597597,20.466074,23.056047,26.921736,29.040789,31.224724,30.303574,33.033688,29.982372,26.507805,27.15027,23.008917,22.851107,19.912336,19.5419,22.369698,24.37953,23.011372,27.999372,24.460188,28.7145,27.915115,31.313112
11,29.531107,26.720978,23.459494,20.193232,18.209467,15.0954485,13.291922,9.417122,6.3094664,7.2394533,5.528008,0.0,4.0418506,4.1057262,8.099194,8.446076,13.594919,14.098144,18.846992,20.282463,24.209824,26.26562,29.462484,26.194622,29.988024,25.474419,27.493958,25.118116,17.858444,18.406225,13.7668085,16.427437,11.637851,14.260704,15.573424,14.915665,19.457325,20.390808,19.283068,18.40109,18.63259,19.903355,16.801624,21.222885,17.083553,22.06805,20.953777,25.148619,24.687027,27.249205,29.488935,28.057123,31.205786,28.573338,23.811419,23.586142,20.493572,22.730518,20.142927,21.743002,20.540823,23.72019,19.897556,22.971584,21.446346,23.626202,25.116734,24.351345,27.87885,30.002258,27.176395,28.29774,24.004154,27.520557,21.25482,24.91215,22.245485,18.54708,17.646126,17.149256,13.8922415,13.659343,9.802246,10.293174,14.3494005,12.23363,18.154112,20.40655,23.83957,27.574335,30.102022,32.001015,31.505243,33.83899,30.190878,26.800762,26.561134,22.755894,21.552269,18.66032,16.953785,18.769932,21.659369,20.987564,26.37358,24.004745,28.371603,28.364904,31.913647
12,28.150558,25.758251,21.896843,19.30837,17.572226,13.579986,13.158146,7.739956,7.29749,7.3751674,8.421792,4.0418506,0.0,4.007576,6.301284,8.972394,13.104991,14.712492,18.982485,20.901628,24.778677,26.119991,29.899286,27.029999,30.426632,26.310139,28.295238,26.443312,19.135416,20.574554,15.846983,19.507305,15.342558,18.238432,19.505625,18.878462,23.429907,24.296633,23.270664,22.238903,22.25653,23.16338,19.773863,23.63435,19.162598,23.613756,21.861172,25.770905,24.888079,27.082169,29.16957,27.11803,30.044218,26.920893,22.318817,21.81149,19.538925,21.746305,18.95242,21.45115,20.539415,24.422562,21.197687,24.67246,23.929121,26.096779,27.993225,27.343464,31.121576,33.121193,30.182873,31.64099,27.305813,31.155596,24.797895,28.297598,25.71746,22.063564,21.001337,20.67527,17.103472,16.855442,13.628683,13.67109,17.473396,14.570846,20.671793,21.982254,25.584398,29.142189,31.473066,33.592712,33.540367,35.804356,32.014854,28.93688,28.390348,25.164444,23.280148,21.133078,18.688213,19.727482,23.409878,23.185148,28.394457,26.744081,31.052862,31.15669,34.928307
13,26.994396,24.536823,21.144142,17.839703,16.528238,12.819086,12.475096,8.768397,7.250568,9.48187,9.421675,4.1057262,4.007576,0.0,5.097912,6.0515456,10.761082,12.370946,16.314123,18.698261,22.353998,24.015757,27.671843,25.006365,29.024488,24.771156,27.538412,25.495258,18.110086,19.141407,15.000828,17.705868,14.6101885,16.35223,18.675985,17.908943,22.401716,23.519964,21.79412,20.387539,21.546312,21.924868,19.173208,22.879587,19.00466,23.311396,21.60704,25.661638,24.543188,27.113768,28.800913,27.436197,30.052046,27.485643,22.559317,22.783276,20.323757,23.028282,20.961088,23.001518,21.414389,25.442373,21.880852,24.91211,24.181211,25.668629,27.493597,26.173174,30.223455,31.76018,28.30337,29.4992,25.011791,28.610058,22.001713,25.124607,22.485233,18.906298,17.706413,17.776226,13.955874,13.450609,11.200276,10.967549,14.790982,11.9327,18.22055,19.704428,23.61245,27.125029,29.849293,31.551056,31.444132,33.4628,29.454296,26.27903,25.40671,22.118792,20.068775,17.656267,14.926734,15.865483,19.498512,19.397219,24.748024,23.407843,27.708595,28.182451,31.8862
14,22.205894,19.959759,16.227894,13.374367,12.281596,7.9473844,9.140314,5.6160226,7.0859036,9.729668,12.250626,8.099194,6.301284,5.097912,0.0,4.873978,7.0968432,9.780786,13.188438,15.750562,19.339077,20.219501,24.379055,22.121103,25.629076,21.88471,24.74574,23.368912,16.152134,18.336475,14.524525,18.476063,17.237118,19.513096,22.085844,21.924269,26.27079,26.877718,24.864227,22.812168,23.801815,23.006659,20.095469,22.575844,18.663836,21.875895,19.350658,22.990868,21.253109,23.54598,24.864122,23.239105,25.500692,22.849491,17.923874,18.371479,16.56897,19.575562,18.118969,20.60528,18.793022,23.747879,20.8694,24.040127,24.678476,25.574694,28.065853,26.630602,31.255875,32.28741,28.556595,30.405558,25.95487,30.365685,23.88506,26.886007,24.931261,21.653578,20.858418,21.612747,17.786736,16.378288,14.729263,13.220411,16.019848,12.019579,18.004177,17.943392,21.928896,25.11082,27.537054,29.49257,30.009157,31.922176,27.835522,25.207165,24.080276,21.802696,18.955051,18.122667,14.930401,15.444526,19.70894,19.888567,24.42572,23.894657,27.952782,28.290606,32.38964
15,22.18505,19.391489,16.783215,12.705483,11.5450945,9.009979,8.219283,8.121239,6.5945535,10.871774,11.860726,8.446076,8.972394,6.0515456,4.873978,0.0,5.498805,6.4020076,10.462857,12.709436,16.311628,18.195353,21.656563,19.080544,23.36741,19.153246,22.605429,20.696074,13.485481,14.805667,11.708343,14.439781,14.5577965,15.924465,19.317387,19.363071,23.408094,23.964285,21.332443,18.855906,20.73826,19.361036,17.157833,19.51883,16.383133,19.619408,17.572876,21.494776,19.946749,22.817482,24.001154,23.460232,25.74171,23.994926,18.836874,19.993021,17.259666,20.527292,19.747438,21.122728,18.624783,23.090734,19.644382,22.150988,22.517704,22.749645,25.036547,22.998688,27.774418,28.421658,24.34143,25.95502,21.438745,25.739975,19.234486,22.104868,20.380281,17.282701,16.824121,18.074827,14.498013,12.320645,11.350549,9.084797,11.4307,7.439408,13.516555,14.046173,18.192211,21.497625,24.345186,25.884432,26.07299,27.900723,23.7553,20.843563,19.753607,17.082098,14.512846,13.284994,10.476962,12.001594,15.529565,15.311835,19.905361,19.037363,23.134558,23.51876,27.55712
16,16.879614,14.3680935,11.907822,7.656173,7.723645,5.5479417,7.411113,9.548544,10.418003,14.396763,16.767508,13.594919,13.104991,10.761082,7.0968432,5.498805,0.0,4.620811,6.1291914,9.474464,12.55113,13.418478,17.610334,15.969943,19.981833,16.541895,20.687561,19.64272,13.20672,15.6277895,13.735579,16.958487,19.10559,20.417625,24.10115,24.469322,28.287981,28.557589,25.589476,22.575169,24.631765,22.054169,20.125975,20.949907,18.319534,19.962471,17.063776,20.276613,17.785427,20.428093,20.7223,20.39965,21.84874,20.503906,15.359621,17.372065,15.588613,19.282806,19.638199,21.207333,18.293425,23.605991,20.967709,23.27489,25.049902,24.381834,27.230974,24.85098,30.15344,30.017143,25.495052,27.61974,23.275934,28.077679,21.906796,24.20398,23.225267,20.679737,20.474747,22.359484,18.863174,16.197075,16.287655,13.389652,14.330878,9.8788805,14.491611,12.789234,17.063581,19.685087,22.347866,23.860813,24.870476,26.30986,21.96641,19.862898,18.125883,17.046766,13.2582445,14.299917,10.883659,11.330166,15.438039,15.804667,19.086538,19.693808,23.248596,23.755777,28.076382
17,17.739439,14.35945,13.148787,8.318815,7.1012964,7.8378034,5.952152,10.612885,9.778147,14.098535,15.916161,14.098144,14.712492,12.370946,9.780786,6.4020076,4.620811,0.0,5.637576,6.329702,10.14953,12.402978,15.407593,12.699267,17.104912,12.976908,17.13744,15.562751,9.147979,11.142368,10.043734,12.871533,16.503115,17.800615,21.552847,22.46285,25.860954,25.683779,22.503292,19.145285,21.203424,17.932737,16.381977,16.664427,14.65232,16.030752,13.564089,17.009855,14.968593,18.11091,18.691988,19.239874,21.155138,20.526175,15.427188,17.607311,14.617406,18.232737,19.014664,19.46065,16.098536,20.763771,17.815693,19.56398,21.391619,20.18285,23.025934,20.417576,25.8404,25.478136,20.941078,23.256802,19.030249,24.23239,18.463322,21.029318,20.659796,18.383348,18.89623,21.016567,18.12417,14.818286,14.678402,11.137444,10.917422,6.4597116,10.11813,8.414808,12.6574955,15.581122,18.368729,19.900667,20.582033,22.263634,18.107721,15.766023,14.647058,13.2458315,10.159736,11.50935,9.643478,11.933216,14.541251,13.993118,16.808762,16.39646,19.923681,19.844877,24.27446
18,14.405803,11.640822,11.563373,6.585411,8.081791,9.484567,10.373669,14.920331,15.134931,19.365028,21.338272,18.846992,18.982485,16.314123,13.188438,10.462857,6.1291914,5.637576,0.0,5.3827763,6.9525437,8.306996,12.057227,11.265319,15.992314,13.015995,18.444038,17.678118,12.932257,14.961454,15.203214,17.11285,21.751604,22.187727,26.47525,27.21406,30.44444,30.446075,26.850786,23.237072,26.08486,22.21139,21.347637,20.739037,19.554588,19.764883,16.976696,19.53034,16.64695,19.517065,18.782766,20.017317,20.64312,20.802515,16.021284,19.1316,17.342764,21.147516,22.768566,23.405691,19.848703,24.859879,22.473743,23.81895,26.285713,24.315233,27.246119,24.099491,29.721952,28.51636,23.418253,25.65359,21.655973,26.5343,21.049715,22.517527,22.565771,20.896852,21.270279,23.925568,21.016146,17.638466,18.980549,15.493622,14.688356,10.960778,12.988908,9.640229,13.7808075,15.543142,18.472374,19.296646,20.74234,21.588541,17.046339,15.613165,13.182817,13.683568,9.082141,12.472589,9.7125845,10.280503,13.149678,13.546449,14.947578,16.75128,19.517263,20.16941,24.5388
19,14.672414,10.854599,12.088434,7.556579,7.2659235,11.1472025,9.578875,15.745923,15.390259,19.329147,21.41745,20.282463,20.901628,18.698261,15.750562,12.709436,9.474464,6.329702,5.3827763,0.0,4.245896,7.3112707,9.198002,6.546267,11.377442,7.743182,13.262038,12.442586,8.891674,11.067239,12.603856,14.62163,20.651154,21.615482,25.492283,26.917255,29.699284,29.022333,25.492186,21.62716,23.84696,19.126047,18.490726,16.610868,16.196095,15.246874,12.628594,14.840766,12.200836,15.400691,14.841488,17.02003,18.117523,19.06642,14.616877,17.809423,15.102427,18.64617,20.940905,20.501451,16.609339,21.010195,18.884506,19.598948,22.750568,20.091227,23.268219,20.147835,25.894585,24.360209,19.481958,22.366434,18.805712,24.43914,19.837532,21.720953,22.634514,21.279547,22.439291,25.114025,22.799944,19.02648,19.605259,15.752311,13.823711,10.543941,10.363274,5.384706,8.863001,10.582506,13.248169,14.536525,16.064684,17.314018,13.190073,12.049709,10.7494135,11.7322235,8.40085,12.75751,12.109172,14.315347,15.669104,15.001258,15.344519,15.807227,18.213036,17.722486,22.30078
20,13.766544,10.42606,13.197606,9.355272,10.353888,14.327184,13.674647,19.725773,19.565128,23.553764,25.543169,24.209824,24.778677,22.353998,19.339077,16.311628,12.55113,10.14953,6.9525437,4.245896,0.0,4.7978077,5.4784656,5.0048738,10.219992,8.077814,14.322496,14.10943,12.443249,14.116457,16.505974,17.648737,24.361658,24.730099,28.904074,30.310165,32.84336,32.192623,28.382925,24.358347,27.084412,21.939072,21.926754,19.431614,19.798452,18.088577,15.6459675,17.034367,14.141293,17.008373,15.404047,18.47859,18.59457,20.4694,16.594437,20.261768,18.190872,21.63611,24.454689,23.889917,19.942253,24.163115,22.389881,22.622307,26.06074,22.795399,25.883156,22.382057,28.104486,25.849192,20.68849,23.460154,20.310112,25.603115,21.564234,22.632717,24.060736,23.265827,24.502323,27.51078,25.386833,21.52898,22.906403,19.07127,16.706244,14.034913,12.771747,7.4786677,9.806644,9.995249,12.664425,13.046427,15.236295,15.647485,11.389936,11.397996,9.211961,12.153592,8.4910145,14.103607,13.574991,15.116928,15.857031,15.514778,14.261117,16.076817,17.572222,17.409187,21.793562
21,9.192303,6.476896,10.153669,7.8386846,10.082552,13.9052725,14.88151,20.46391,21.518438,25.184864,28.01415,26.26562,26.119991,24.015757,20.219501,18.195353,13.418478,12.402978,8.306996,7.3112707,4.7978077,0.0,5.5115986,7.7176547,10.349383,10.1883545,15.698048,16.629307,15.204635,17.869932,19.614462,21.813341,27.911957,28.75722,32.7777,34.089287,36.91628,36.303566,32.67197,28.734735,31.086346,26.103529,25.578178,22.98259,22.801262,20.699244,17.556795,18.251337,14.628266,16.671812,14.189651,16.83025,15.868799,17.904701,14.550931,18.571215,17.802387,21.220661,24.42162,24.471588,20.753647,25.63545,24.5786,25.206968,29.276968,26.241686,29.639004,26.497015,32.242706,30.081799,25.146267,28.129461,25.025019,30.396065,26.215487,27.286215,28.493132,27.506563,28.441187,31.357868,28.8507,25.194395,26.423624,22.663126,20.847216,17.587517,17.235884,11.818569,13.854103,13.547349,15.209194,15.981548,18.86696,19.052202,15.230282,15.938799,13.659026,16.912846,12.914385,18.350407,16.898037,17.35503,19.0683,19.338942,18.122986,20.68948,22.066334,22.077005,26.374468
22,13.298971,10.57736,14.999889,12.737798,13.965164,18.479177,18.037989,24.271402,24.48478,28.188766,30.504124,29.462484,29.899286,27.671843,24.379055,21.656563,17.610334,15.407593,12.057227,9.198002,5.4784656,5.5115986,0.0,5.195456,7.6827297,8.505369,14.108346,15.051153,15.856693,17.577847,20.669535,21.754526,29.034918,29.492752,33.50593,35.17144,37.419033,36.463516,32.653606,28.538567,31.028055,25.383152,25.675713,22.11761,23.18432,20.183744,17.828938,17.903454,14.892313,17.038977,14.30733,18.458717,17.551327,20.703102,17.969366,21.9026,20.426819,23.462212,27.068222,26.114798,22.213114,26.057022,25.094658,24.780523,29.005035,25.11614,28.314745,24.85595,30.428446,27.510454,22.616486,25.676865,23.292652,28.566698,25.5089,26.189066,28.258627,27.90996,29.388315,32.517017,30.62861,26.702797,28.120205,24.251095,21.511993,19.193434,16.93942,11.43147,11.795823,10.056058,11.42437,11.3318815,14.631792,14.274246,11.006613,12.919544,11.1272135,15.5904665,12.785756,18.740808,18.679068,19.936554,20.188822,19.884539,17.208567,19.469793,19.89199,19.378714,23.397968
23,15.5544815,11.776186,15.162673,12.14786,11.927806,16.807144,14.80144,21.373383,20.909964,24.45682,26.519686,26.194622,27.029999,25.006365,22.121103,19.080544,15.969943,12.699267,11.265319,6.546267,5.0048738,7.7176547,5.195456,0.0,6.1289015,3.860463,10.072453,10.161515,11.077202,12.559058,15.983207,17.113157,24.546059,25.390713,29.032404,30.96873,33.0843,31.851032,28.242996,24.17066,26.162306,20.449165,20.668295,16.927984,18.160118,15.142514,13.141717,13.670252,11.270964,14.135116,12.608372,16.722122,17.206116,19.840048,16.640175,20.107729,17.469566,20.384544,23.720018,22.202541,18.195465,21.526077,20.234762,19.737825,23.83255,19.933638,23.173353,19.859928,25.479353,22.868967,18.178028,21.581438,19.121616,24.913763,21.913925,23.319138,25.398912,24.841928,26.613163,29.511017,27.833504,23.837301,24.528517,20.625744,17.664074,15.550171,12.723784,7.1075296,6.87875,5.904302,7.773285,8.797827,11.426895,12.261714,8.969833,9.867903,9.483614,12.685196,10.8824625,16.252554,17.015308,19.419146,19.462727,18.42549,16.636684,17.084248,18.093832,16.736969,21.06876
24,14.974562,11.52776,15.560478,14.449327,13.931484,19.212694,17.376308,23.801659,24.133633,26.945086,29.83203,29.988024,30.426632,29.024488,25.629076,23.36741,19.981833,17.104912,15.992314,11.377442,10.219992,10.349383,7.6827297,6.1289015,0.0,5.1438537,7.470933,9.99332,13.475772,15.808939,19.00044,21.226875,28.30687,30.029408,33.022064,35.282642,37.34348,35.667282,32.49269,28.562914,29.47356,23.699144,23.47736,18.792282,20.016747,15.507732,13.229476,11.736884,9.163374,10.669422,8.074259,13.285996,13.227214,16.993708,15.307826,18.634388,16.656586,18.789457,23.004446,21.101746,17.435785,20.403915,20.537672,19.817116,25.144331,21.143927,24.758541,22.263073,27.552761,24.925518,21.229458,25.216742,23.40349,29.495216,27.110302,28.811632,31.069653,30.448107,32.31773,35.035175,33.320747,29.382648,29.397448,25.528526,22.738396,20.417568,17.708893,12.320292,10.753829,8.829386,7.363281,9.823951,13.292308,14.222616,12.773951,14.686651,15.101047,18.3986,17.000034,22.202894,22.897886,25.128607,25.538603,24.540771,22.60245,22.851542,23.553371,21.630083,25.703379
25,16.476677,12.37309,15.192157,12.658857,11.346317,16.483423,13.574143,20.187761,19.737114,22.774109,25.138119,25.474419,26.310139,24.771156,21.88471,19.153246,16.541895,12.976908,13.015995,7.743182,8.077814,10.1883545,8.505369,3.860463,5.1438537,0.0,6.336837,6.6646605,8.740547,10.779459,14.112332,16.122854,23.242186,24.890532,27.918053,30.147625,32.233173,30.643797,27.437712,23.520535,24.553518,18.876312,18.634382,14.386102,15.507844,11.7779,9.696446,9.840556,7.7712893,10.8152685,10.082122,14.175039,15.493734,17.964312,15.001468,18.02254,14.855348,17.388624,20.853216,18.851988,14.886138,17.856941,16.927965,16.345812,20.991388,17.16117,20.709536,17.98336,23.527542,21.302326,17.286585,21.193993,18.89869,25.156149,22.346329,24.432262,26.436197,25.61505,27.522186,30.1135,28.481663,24.558464,24.362877,20.515345,17.683144,15.494774,12.708546,7.497088,6.200106,5.949738,6.366905,9.152986,11.428612,13.186371,10.844514,11.328913,12.14544,14.234466,13.192622,17.774574,18.803349,21.64378,21.92654,20.583878,19.474247,18.804634,20.14278,18.115765,22.462574
26,19.79652,15.845614,18.073265,16.71646,14.443201,19.394983,15.668221,21.697899,21.359688,23.313047,26.058289,27.493958,28.295238,27.538412,24.74574,22.605429,20.687561,17.13744,18.444038,13.262038,14.322496,15.698048,14.108346,10.072453,7.470933,6.336837,0.0,4.183066,9.875721,12.050407,14.945873,17.849628,24.171997,26.89795,28.819843,31.518291,33.336792,31.118944,28.647444,25.11745,24.541307,19.097734,18.325468,13.1113825,14.355118,8.893676,7.4213214,4.9841843,5.0979257,7.1485214,8.136979,12.101043,14.540167,17.016825,15.289563,17.26067,13.662323,14.867188,18.684315,15.526487,12.069955,13.477661,13.931615,12.752098,18.595713,14.823212,18.689526,17.274994,22.157688,20.403147,17.986979,22.451725,20.897697,27.413126,25.391365,28.125837,30.205563,29.24296,31.36863,33.538044,32.12195,28.379427,27.073027,23.49528,20.862513,18.943743,16.150248,12.305902,9.801707,9.635426,7.354272,11.540014,13.223482,15.727885,15.096323,15.634928,17.602182,18.915258,18.843388,22.588812,24.016611,27.215698,27.575571,25.916733,25.154396,23.399973,24.73648,21.88734,25.914724
27,22.012342,17.814367,19.562653,17.203861,14.613493,19.189878,14.58276,20.580332,19.251911,21.396717,23.341667,25.118116,26.443312,25.495258,23.368912,20.696074,19.64272,15.562751,17.678118,12.442586,14.10943,16.629307,15.051153,10.161515,9.99332,6.6646605,4.183066,0.0,7.388711,8.295386,11.83741,13.9418955,20.580948,23.072426,24.966413,27.745138,29.35689,27.102436,24.56527,21.040924,20.557638,14.96044,14.519999,9.164297,11.109909,5.9851103,5.9733634,5.9612856,7.2631373,10.235004,11.879939,15.156631,18.023928,19.83238,17.26773,19.042173,14.61637,16.072323,19.019276,15.645556,12.046406,12.785712,11.87084,10.238109,15.303664,11.201305,14.966969,13.208407,18.30466,16.692886,14.13568,18.573832,16.912066,23.470547,21.530643,24.490902,26.553041,25.620125,27.903463,29.973726,28.850035,25.134438,23.708178,20.23553,17.368095,16.048563,12.70544,9.965233,7.090708,8.169525,7.1572328,10.919437,11.386932,14.429802,13.597032,13.170633,15.699848,15.98782,16.703066,19.6702,21.677336,25.38553,25.313831,23.303905,22.937206,20.305742,21.880856,18.808058,22.806381
28,20.497154,16.280865,16.295269,12.969472,9.800307,13.188409,7.8267026,13.675996,11.991875,14.665026,16.676224,17.858444,19.135416,18.110086,16.152134,13.485481,13.20672,9.147979,12.932257,8.891674,12.443249,15.204635,15.856693,11.077202,13.475772,8.740547,9.875721,7.388711,0.0,4.752682,5.5774126,9.882847,15.173226,18.038763,20.310513,22.557514,25.05236,23.482744,20.89467,17.47124,17.405624,12.918338,11.102969,8.8437605,7.6087976,6.93938,5.0312114,8.945413,8.726435,12.261088,14.285689,15.588898,18.823511,18.949097,14.884134,16.39821,11.5559225,14.071634,15.639324,13.717251,9.916733,12.877344,10.121125,10.895889,14.182047,12.104023,15.66461,13.822188,19.276108,18.977848,15.640443,19.215282,15.995201,22.406223,18.489971,21.978138,22.827148,21.031923,22.725147,24.534666,22.777979,19.291264,17.458698,13.95376,12.138623,9.625225,8.96389,7.1906157,8.1202,11.385039,12.752288,15.580845,15.776459,18.5369,15.9311695,13.944637,15.285953,13.958906,13.6282,15.38296,16.405838,20.04294,20.929243,19.1675,20.609886,18.018837,20.89852,18.833178,23.213976
29,24.399166,20.166817,20.56168,16.693033,13.93532,16.895603,11.448848,16.594275,13.460564,16.296196,16.637163,18.406225,20.574554,19.141407,18.336475,14.805667,15.6277895,11.142368,14.961454,11.067239,14.116457,17.869932,17.577847,12.559058,15.808939,10.779459,12.050407,8.295386,4.752682,0.0,5.2636704,5.85273,12.889794,14.87018,17.279247,19.78309,21.664711,19.923893,17.010159,13.381547,13.838585,8.610141,8.113492,5.860594,6.7639174,7.366828,8.169676,11.811774,12.579444,16.133549,18.100906,20.018612,23.18632,23.631721,19.621883,21.105692,16.120937,18.320898,19.4251,16.993414,13.5531225,14.77963,11.103336,10.656006,12.226957,9.470684,12.316651,9.623154,15.227137,14.815494,11.261613,14.588391,11.355407,17.798738,14.388684,18.066395,19.253122,17.812805,19.990911,21.811195,20.782364,17.213501,15.524266,12.176829,9.344281,8.757264,5.831579,6.987027,7.039628,10.8142605,12.810645,14.839104,13.827843,16.788605,14.491337,11.678774,13.860004,11.310086,12.655416,13.275325,15.673036,20.033785,19.782015,17.412264,18.831047,14.943508,17.794172,15.304162,19.411493
30,24.856712,20.824886,19.868042,16.220741,12.998025,14.488465,8.664773,12.248769,8.65416,11.08562,11.683871,13.7668085,15.846983,15.000828,14.524525,11.708343,13.735579,10.043734,15.203214,12.603856,16.505974,19.614462,20.669535,15.983207,19.00044,14.112332,14.945873,11.83741,5.5774126,5.2636704,0.0,6.724808,9.689737,13.282546,15.023386,17.228775,19.934029,18.50416,16.304544,13.403568,12.778719,9.810147,6.858702,8.070493,4.8877153,8.787601,8.701613,13.086297,13.723244,16.924057,19.503311,19.956148,23.583168,22.838816,18.523098,19.221218,14.15867,16.292976,16.160868,14.548481,11.697509,13.6036825,9.313705,10.812588,11.39174,11.122009,13.802766,12.509131,17.32073,18.329758,15.553801,18.290144,14.659833,20.473724,16.00807,20.21252,20.217653,17.875572,19.405294,20.570421,18.96937,15.971555,12.930248,10.016342,9.22212,7.4689484,8.647641,10.272885,11.80291,15.587915,17.410685,19.789818,19.06097,21.963078,19.331453,16.374702,17.82585,14.734218,15.138058,14.6242,15.855465,19.869581,20.706022,18.681953,21.511995,17.82503,21.370346,19.489542,23.506855
31,28.779457,24.71034,24.602657,20.22252,17.744244,19.43183,14.210619,17.79094,13.267217,16.173317,14.412377,16.427437,19.507305,17.705868,18.476063,14.439781,16.958487,12.871533,17.11285,14.62163,17.648737,21.813341,21.754526,17.113157,21.226875,16.122854,17.849628,13.9418955,9.882847,5.85273,6.724808,0.0,8.643417,9.231774,12.109547,14.476056,16.132318,14.759065,11.392586,7.657805,9.515532,5.3801208,6.1413736,8.078901,8.654345,12.036437,13.490538,17.38528,18.297234,21.811071,23.858223,25.443592,28.66305,28.671026,24.303581,25.534863,20.551834,22.749453,22.831652,20.79515,17.895094,18.577173,14.049122,13.790159,12.344009,10.944904,11.996535,9.014746,13.672938,14.1870775,10.750047,12.349878,8.334078,13.778015,9.582918,13.976527,14.453933,12.772793,15.112027,16.568523,16.165634,12.907649,10.967175,8.311484,5.3146267,7.5062075,5.4040103,10.361575,11.30383,15.034217,17.670252,18.797356,16.898981,19.583193,17.164743,13.39341,15.362746,10.856184,13.25501,11.154787,14.310318,19.072319,18.160019,15.392075,18.035625,12.864132,16.331087,14.298774,17.773327
32,33.486248,29.690731,28.129742,24.157661,21.369143,21.09727,16.256983,16.48088,11.178442,12.260985,7.949417,11.637851,15.342558,14.6101885,17.237118,14.5577965,19.10559,16.503115,21.751604,20.651154,24.361658,27.911957,29.034918,24.546059,28.30687,23.242186,24.171997,20.580948,15.173226,12.889794,9.689737,8.643417,0.0,6.044882,5.705234,7.7218394,10.768408,10.031587,8.885195,8.27098,7.011141,9.6111965,7.3434544,13.263652,10.8599415,16.656153,17.916304,22.148088,23.31963,26.361809,29.167522,29.25129,33.03176,31.716766,27.271563,27.384157,22.554337,24.21805,22.46581,21.32807,19.744812,20.079716,15.221176,16.503656,12.597153,14.824956,14.917159,14.445024,16.83718,19.64932,18.04369,18.663574,15.14542,18.401361,13.815447,18.511658,16.926184,13.977933,15.058497,14.56477,14.001974,12.713686,7.5967584,8.03364,9.598573,11.02845,13.27306,17.779707,19.450096,23.310787,25.630402,27.233404,25.427214,28.210085,25.72768,21.908182,23.367401,18.50539,20.034616,16.412643,18.087118,22.141592,22.322319,20.038784,24.411015,19.444338,23.383509,22.035421,24.894175
33,35.391052,31.681225,30.605598,26.05281,23.905613,23.725407,19.44854,20.271793,14.936789,17.108723,12.434528,14.260704,18.238432,16.35223,19.513096,15.924465,20.417625,17.800615,22.187727,21.615482,24.730099,28.75722,29.492752,25.390713,30.029408,24.890532,26.89795,23.072426,18.038763,14.87018,13.282546,9.231774,6.044882,0.0,5.4950676,6.08264,8.295996,9.0130625,5.7121058,5.0182276,8.601928,10.674155,11.009933,16.072006,15.242641,20.301176,21.657461,25.85425,26.693638,30.076754,32.31319,33.11141,36.440872,35.609573,30.891085,31.622555,26.938263,29.067812,27.784447,26.66842,24.576242,25.158005,20.258142,20.813469,16.903465,17.862402,17.282322,15.495685,17.628176,19.653332,17.32944,16.58515,12.930594,14.385653,9.316374,13.583123,11.339885,8.472664,9.778728,9.281744,9.963643,8.858685,5.5926976,7.095019,8.068321,11.453459,12.85883,18.294914,20.14917,23.800055,26.764275,27.461092,25.261158,27.557087,24.914951,20.77439,21.896027,16.447334,18.567469,13.647248,16.017694,20.135345,19.178198,16.685863,21.27046,15.986722,19.850744,19.190557,21.377424
34,38.85736,35.045803,33.65856,29.501537,26.878069,26.559809,21.881842,21.870674,16.557737,17.301527,12.089232,15.573424,19.505625,18.675985,22.085844,19.317387,24.10115,21.552847,26.47525,25.492283,28.904074,32.7777,33.50593,29.032404,33.022064,27.918053,28.819843,24.966413,20.310513,17.279247,15.023386,12.109547,5.705234,5.4950676,0.0,3.5927205,5.136957,4.847611,5.0992627,7.3553324,6.308954,11.43029,10.911976,16.771992,15.503379,21.070099,22.96283,27.026583,28.509766,31.59135,34.41141,34.75392,38.555973,37.373856,32.954884,33.061375,28.179226,29.68254,27.778511,26.412846,25.042854,24.563066,19.737646,20.362583,15.164422,17.58705,16.316275,16.07349,16.763199,20.123068,19.346472,18.713703,15.921404,17.170189,13.7296715,18.102644,16.11143,13.593274,14.682042,13.227508,14.180489,13.967307,9.54238,11.502651,12.772877,15.53627,16.868639,22.098679,23.403885,27.099285,29.52593,30.668888,28.284233,30.941969,28.816076,24.803387,26.467129,21.142485,23.469059,18.95145,21.227526,25.27365,24.633816,22.15419,26.574183,20.992872,24.620747,23.374876,25.307442
35,40.054974,36.430115,34.763077,30.530483,28.165863,27.266912,23.150766,22.444563,17.222752,18.002821,12.303975,14.915665,18.878462,17.908943,21.924269,19.363071,24.469322,22.46285,27.21406,26.917255,30.310165,34.089287,35.17144,30.96873,35.282642,30.147625,31.518291,27.745138,22.557514,19.78309,17.228775,14.476056,7.7218394,6.08264,3.5927205,0.0,4.5932436,6.785743,7.030123,9.4903755,9.883,14.63185,14.072315,19.95445,18.368109,24.045568,25.562122,29.765177,30.92714,34.045784,36.724552,36.879715,40.546715,39.13845,34.538597,34.651707,30.03651,31.721825,29.572737,28.728073,27.393843,27.427582,22.605686,23.571589,18.576433,21.019743,19.879076,19.38368,20.186255,23.343012,22.184435,21.217556,18.205997,18.75525,14.776685,18.673395,15.859808,13.052426,13.362325,11.165822,12.183177,12.967038,8.7747965,11.770521,13.894202,16.52571,18.679922,23.91567,25.709455,29.440613,32.130795,33.121918,30.843988,33.313187,30.862738,26.75251,27.963116,22.529663,24.479937,19.458273,21.208681,24.81985,24.35129,22.154373,27.090973,21.908422,25.674086,25.010561,26.811832
36,43.38989,39.61476,38.34837,34.008743,31.59486,31.183102,26.730894,26.600939,21.293823,22.060003,16.514519,19.457325,23.429907,22.401716,26.27079,23.408094,28.287981,25.860954,30.44444,29.699284,32.84336,36.91628,37.419033,33.0843,37.34348,32.233173,33.336792,29.35689,25.05236,21.664711,19.934029,16.132318,10.768408,8.295996,5.136957,4.5932436,0.0,3.9599347,5.600041,9.510485,9.765515,14.993839,15.502208,20.999077,20.370396,25.702406,27.824902,31.813902,33.351788,36.50541,39.22712,39.782143,43.512226,42.437668,37.95786,38.152077,33.291813,34.81616,32.869213,31.475529,30.133785,29.391773,24.60827,24.883192,19.290928,21.513826,19.529871,19.188322,18.794285,22.141663,21.759445,20.089388,17.932669,17.242798,14.896542,18.462204,16.101671,14.193831,15.059997,12.878767,15.09182,15.78745,12.539648,15.14155,16.250526,19.618399,20.52871,26.086134,27.280993,30.806183,33.391605,34.10469,31.37848,33.81167,31.866402,27.768515,29.397491,23.867893,26.592567,21.501059,24.029444,27.89062,26.645298,24.152277,28.550087,22.806934,26.080034,25.138433,26.23793
