,0,1,2,3,4,5,6,7,8,9,10,11,12,13,14,15,16,17,18,19,20,21,22,23,24,25,26,27,28,29,30,31,32,33,34,35,36,37,38,39,40,41,42,43,44,45,46,47,48,49,50,51,52,53,54,55,56,57,58,59,60,61,62,63,64,65,66,67,68,69,70,71,72,73,74,75,76,77,78,79,80,81,82,83,84,85,86,87,88,89,90,91,92,93,94,95,96,97,98,99,100,101,102,103,104,105,106,107,108,109,110
0,0.0,4.1760373,6.2128506,9.670087,12.363575,14.278258,18.101183,21.625738,23.743576,27.94722,29.70706,33.144623,34.14848,33.574787,33.690002,27.655622,27.391403,22.855064,25.037731,19.119963,18.475779,17.65153,19.273764,13.242107,9.670239,8.635975,11.301179,12.041637,14.84799,16.423088,22.59207,24.121088,27.871952,29.677696,29.836615,27.194471,29.64222,28.671206,23.753222,24.030952,27.04554,21.869675,19.473305,22.589773,23.860794,16.80775,16.107985,21.64249,20.673073,24.431461,21.86365,15.985886,21.00296,22.964165,18.447903,15.468469,16.970526,16.466465,19.117582,23.002684,21.689734,22.458845,26.182947,28.933102,28.193617,27.090061,29.98937,31.332071,26.329393,24.521526,29.398565,30.20616,24.817347,25.519552,20.77869,22.699877,23.59661,20.062016,24.327478,20.858704,24.41721,26.695139,25.047993,21.24099,21.175726,18.13701,17.612926,17.598003,14.932401,17.521122,16.650654,20.32402,20.68219,23.850788,24.008896,23.660868,27.884933,25.179935,29.457632,26.98373,32.80028,28.040903,31.667511,33.672348,30.157593,27.679558,24.502188,22.306326,17.236134,17.103516,12.687621
1,4.1760373,0.0,5.380011,6.8790793,10.073956,12.980102,16.536211,19.185762,21.923527,25.69765,27.6655,31.300587,32.374496,32.213104,32.695847,26.667755,27.061766,22.45335,25.627333,19.704933,20.09875,19.64788,22.060738,15.867941,12.370555,11.036617,11.934456,12.612627,14.201504,16.618078,21.463264,24.064436,26.960007,29.504486,29.85137,27.223593,30.162453,29.172197,24.274475,24.83643,28.27968,22.996153,20.678188,24.427528,25.761557,18.783466,18.381878,24.328856,23.504782,26.949509,23.812376,18.84497,23.533339,24.928623,20.201628,16.494377,17.708055,16.346357,19.589817,23.848673,21.657116,21.814396,25.621489,28.780975,27.842476,26.119457,28.665058,29.631966,24.553381,22.708954,27.16926,27.820517,22.361431,22.524508,18.03826,19.381308,20.113094,16.600355,20.499634,17.285067,20.995647,23.351793,22.174637,18.637592,19.316574,16.261385,17.025291,17.488403,15.638549,18.738216,18.139107,21.941454,22.6328,25.37861,25.231594,24.230635,28.151375,24.778366,28.822805,25.730465,31.38964,26.291697,29.461786,31.307234,27.556429,25.29304,21.791489,20.420563,15.125593,16.023155,11.716881
2,6.2128506,5.380011,0.0,5.5354767,6.688126,9.68843,12.725953,15.797115,17.687517,21.897022,23.51576,26.985098,27.946936,27.462156,27.76936,21.674358,21.82237,17.241873,20.305,14.551478,15.24723,15.37188,18.178965,11.918163,8.922326,7.329239,6.67994,8.139363,9.858988,12.72066,18.300665,20.445744,23.863085,26.058409,25.7084,22.61897,25.632019,25.29197,20.153376,20.249264,24.182175,19.648388,16.602621,20.31239,22.381132,16.02029,14.678069,20.967192,21.100887,24.232359,21.475212,17.152637,22.406666,23.492691,19.383183,16.040668,15.8217325,15.465127,19.656338,22.520689,19.851248,21.404192,25.385921,28.106403,26.278442,24.627188,28.052906,28.719353,23.337015,22.725882,27.066023,26.979517,21.641174,22.992176,18.189579,20.495342,20.381458,16.181826,20.246328,15.961249,19.10718,21.215597,19.139801,15.207841,14.976927,12.050513,11.794065,12.512033,10.89298,14.44921,14.788463,18.28505,18.525648,21.177176,20.386395,19.45856,23.058933,20.03363,23.90534,21.159666,26.828918,21.88259,25.48886,27.50127,24.084887,21.526474,18.637554,16.11293,11.136034,11.193157,6.6888847
3,9.670087,6.8790793,5.5354767,0.0,3.9897847,6.9820185,10.083114,12.621829,15.719579,19.320457,21.732832,25.240997,26.796188,26.681921,28.168875,21.917206,23.112238,18.748678,22.807663,17.822851,19.350924,20.156487,22.990967,16.641172,14.051743,11.780942,10.090819,9.519568,8.947809,12.182419,15.268086,18.858837,20.90138,24.063122,24.475334,21.980307,25.406742,24.444273,19.723108,20.691626,24.57643,19.538044,17.362015,21.897072,23.340818,17.146502,17.130817,23.382114,23.11251,25.724897,21.987793,19.110079,23.372734,23.633484,19.288736,15.140579,14.778804,13.09625,17.75343,21.099695,17.49093,18.030672,21.991283,25.156649,23.278488,20.946297,23.821157,24.177677,18.820301,18.068575,22.024439,21.924072,16.518106,17.524988,12.84766,15.031832,14.874273,10.802101,15.314481,11.694427,15.309388,18.241405,16.417143,13.110364,13.71146,12.063225,12.867364,15.453935,15.068778,19.022373,19.840477,23.204775,23.3466,25.722116,24.24942,22.960028,25.686068,22.344126,25.381912,21.975136,27.04357,21.336597,24.072693,25.53637,21.555346,19.618868,15.4222,14.71332,9.259847,10.684445,7.4447465
4,12.363575,10.073956,6.688126,3.9897847,0.0,5.574632,7.123758,9.273002,11.917875,15.727572,17.908667,21.409977,22.875443,22.71153,24.22544,17.96892,19.371887,15.121777,19.608973,15.089069,17.364954,18.702673,21.971813,16.025217,14.076335,11.968183,8.581278,8.475433,6.635671,10.83122,13.488148,17.187256,19.196196,22.362873,22.152115,19.22018,22.951231,22.655872,17.845367,18.470371,22.924625,18.727972,16.034752,20.57927,22.638678,17.285473,16.607687,22.911049,23.431583,25.661701,22.215555,20.096823,24.559921,24.500225,20.716383,16.909943,15.403165,14.404797,19.624828,21.862307,17.697603,19.191257,23.148268,25.993275,23.329327,20.855724,24.28436,24.171106,18.646301,19.100014,22.563398,21.662107,16.538973,18.34928,13.848825,16.40808,15.296143,10.740153,14.789351,10.187136,13.087318,15.719213,13.200891,9.614267,9.750157,8.51559,9.340941,12.628693,13.135617,17.278065,18.792915,21.781427,21.766384,23.757288,21.73747,20.211864,22.383614,19.05716,21.694887,18.2777,23.18783,17.439669,20.315722,21.86788,18.075628,15.942849,12.189139,10.769682,5.332926,6.998471,4.5079846
5,14.278258,12.980102,9.68843,6.9820185,5.574632,0.0,4.489646,9.813661,11.793364,15.878381,18.585066,21.366026,23.585907,22.771935,25.206568,18.71552,19.969501,16.279524,19.849642,16.519989,18.027578,20.002378,22.215199,16.283258,15.070616,12.203568,9.488892,6.4814196,3.420808,6.1501017,8.665346,11.968822,14.298637,17.176579,17.52363,15.322623,18.75055,17.644978,13.116051,14.529101,18.379526,13.731449,11.874729,16.829561,18.167473,13.326433,13.794319,19.603815,19.861141,21.503841,17.59952,16.999008,20.63716,19.908205,16.571365,13.014504,10.550047,9.912831,15.442009,16.73525,12.296206,14.581695,18.482517,20.92358,17.984901,15.84571,19.84536,20.027756,14.548149,15.54474,19.397022,18.602392,13.757315,16.95008,12.130001,16.159868,15.432517,11.606341,16.76488,13.084094,15.660059,18.901882,15.576166,12.578385,11.311316,12.254066,10.323909,15.196543,15.562012,19.628233,21.66791,24.265854,23.352655,25.716398,22.984692,22.297121,23.748064,21.601746,23.503191,20.794552,25.092657,19.272732,22.034298,23.122416,19.380426,17.702745,13.311604,12.074613,7.798827,6.99944,6.6088157
6,18.101183,16.536211,12.725953,10.083114,7.123758,4.489646,0.0,6.1639757,7.486424,11.544933,14.306926,16.933264,19.33803,18.57003,21.565191,15.209715,17.13266,13.98629,18.18779,15.926543,18.37928,20.879559,23.542727,18.275074,17.619053,15.127358,11.185577,9.079856,4.5926375,7.70003,7.130949,11.269747,12.613663,15.919801,15.600349,13.032365,17.070618,16.784311,12.576628,13.73591,18.213835,14.927778,12.841711,17.617065,19.503609,16.068335,15.977815,21.459455,22.49144,23.557686,19.96954,20.38412,23.896553,22.732065,20.059134,16.869038,13.636163,13.345638,18.920313,19.205046,14.152283,16.893482,20.493374,22.637619,18.854815,16.315668,20.546183,19.932096,14.528236,16.958649,19.752924,17.917034,13.733858,17.47171,13.372469,17.243172,15.499015,11.626024,15.8589735,11.854529,13.328449,16.291275,12.323625,9.814217,7.921448,10.59753,8.841278,14.579277,16.083271,20.105036,22.718538,24.891577,23.932604,25.720068,22.386969,21.338528,21.817005,19.714067,20.715137,17.941257,21.55455,15.617496,18.057972,18.946396,15.355947,13.839362,9.677501,8.411966,5.7585354,5.022926,7.4870663
7,21.625738,19.185762,15.797115,12.621829,9.273002,9.813661,6.1639757,0.0,4.766226,6.8155227,9.951485,13.230085,15.488594,15.864792,19.27778,13.663232,16.925392,14.254124,19.791754,17.835352,21.489073,23.881899,27.436373,22.536028,21.68106,19.68325,15.086707,14.437013,10.228218,13.81468,11.157557,16.20312,15.692528,19.809855,19.200563,16.51692,20.942097,21.37507,17.726524,18.537048,23.341623,20.825512,18.634922,23.136036,25.375904,22.195765,21.702475,27.25538,28.566467,29.604605,26.096914,26.391125,30.020205,28.812275,26.02065,22.526768,19.59843,18.67023,24.199589,24.872913,19.465631,21.2965,24.665077,27.09875,23.164904,19.895514,23.33284,21.793785,16.724552,19.517317,20.922533,18.225012,14.623406,17.420303,14.565891,17.048885,14.088564,10.271412,12.253565,7.991256,7.8635216,10.482397,6.3789215,5.277791,5.4418654,9.115147,10.739479,15.647693,18.214651,22.105183,24.679974,26.781994,26.46764,27.47515,24.200884,22.152515,22.062786,18.95939,19.246634,15.500842,18.311838,11.994186,13.192913,13.791389,9.690407,8.592551,3.5458348,5.4045525,5.226648,7.8566966,10.5957
8,23.743576,21.923527,17.687517,15.719579,11.917875,11.793364,7.486424,4.766226,0.0,4.9489827,6.8632636,9.686117,11.888042,11.540982,15.094857,9.416646,12.825035,11.009849,16.279501,15.711017,19.59149,22.440815,25.911106,21.883816,21.79389,20.090694,15.117855,14.801295,10.808687,13.844851,11.738751,15.346714,15.479672,18.666937,16.909363,13.59331,18.046667,19.561226,16.083513,16.16838,21.275644,20.131472,17.508741,21.388828,24.213348,22.181854,21.010872,26.064837,28.133627,28.782682,25.945795,26.738192,30.497541,29.213364,27.106548,24.236418,20.658792,20.709944,26.23973,25.812325,20.615183,23.582811,26.84012,28.676987,24.237282,21.46385,25.571854,24.003534,19.152695,22.684534,24.10019,21.076447,18.053812,21.576612,18.648655,21.587715,18.667551,14.984444,16.797613,12.452704,11.491171,12.789992,7.9474316,6.906806,4.0117764,9.257,9.123272,14.227935,17.339561,20.836199,23.99065,25.445107,24.733223,25.376453,21.52125,19.648897,18.58095,16.296684,15.668996,12.690781,14.900981,8.920893,10.843689,11.718841,8.840857,7.167613,5.8634176,3.2611182,6.967237,7.2991347,11.3921
9,27.94722,25.69765,21.897022,19.320457,15.727572,15.878381,11.544933,6.8155227,4.9489827,0.0,4.1229205,6.7374597,9.539341,10.414807,15.155216,11.137286,15.389673,14.565099,19.939901,19.957481,24.146217,26.962088,30.62563,26.754763,26.579704,24.911222,19.918226,19.612991,15.452125,18.342459,14.464051,18.619308,17.16774,20.86729,19.33551,16.663067,21.028286,22.572445,19.88598,20.1986,25.025003,24.204926,22.01995,25.838778,28.466122,26.765043,25.86024,30.746277,32.781097,33.193985,30.189367,31.42414,34.881317,33.3057,31.249922,28.227757,24.683186,24.294357,29.740982,29.333883,23.835932,26.233227,29.168446,31.048843,26.47011,23.278536,26.794636,24.565939,20.295034,24.243374,24.54688,20.91214,18.821867,21.962748,20.100317,22.350592,18.861052,15.948142,16.22478,12.90199,10.473114,11.079727,6.7732205,8.463754,7.722652,12.503714,13.805326,18.279316,21.703884,25.03697,28.130474,29.488035,29.01288,29.245056,25.379097,23.126694,21.407547,18.907276,17.279257,14.036178,14.481259,8.899418,8.245039,7.8700814,4.7508616,5.095046,5.0370545,6.6724,10.786557,12.15239,15.955251
10,29.70706,27.6655,23.51576,21.732832,17.908667,18.585066,14.306926,9.951485,6.8632636,4.1229205,0.0,4.107386,5.613967,6.998901,11.359722,8.489003,13.014658,13.09556,18.336044,19.104591,23.608091,26.427698,30.315947,27.178293,27.316765,26.075499,20.885147,21.312548,17.566648,20.522848,17.706795,21.03929,20.248503,23.286959,20.958317,17.755436,21.925335,24.34263,21.611362,21.23078,26.275036,26.250765,23.57466,26.87218,30.035515,28.709051,27.133472,31.847599,34.38637,34.792618,32.31898,33.316586,37.129543,35.74964,33.885975,31.085125,27.423365,27.459171,32.96001,32.291317,27.003149,29.84829,32.859264,34.575336,29.875305,26.934546,30.69703,28.5155,24.254227,28.22476,28.654808,24.997131,22.906494,25.988327,23.98967,26.153864,22.640043,19.496521,19.393267,15.673169,12.92847,12.184154,8.246961,9.746674,8.555441,12.746411,14.108022,17.613426,21.425777,24.267702,27.513561,28.414253,28.02746,27.714031,23.791376,21.296158,18.922606,16.575537,14.125201,11.211455,10.569565,5.7537537,4.796225,5.1455755,4.6445093,4.0096955,8.1658945,7.4178495,12.619349,13.558369,17.370943
11,33.144623,31.300587,26.985098,25.240997,21.409977,21.366026,16.933264,13.230085,9.686117,6.7374597,4.107386,0.0,4.135926,4.8900256,10.890539,9.675439,13.882524,15.149967,19.45161,21.41806,25.700054,28.77718,32.331615,29.657675,30.17878,28.908733,23.793179,23.903967,20.161516,22.487452,19.040623,21.6935,20.495285,23.043686,20.37404,17.558878,21.349491,24.155354,22.199543,21.731972,26.40609,27.261404,24.879684,27.754343,30.854252,30.457897,28.952991,33.086174,35.867958,35.810272,33.574703,35.318127,38.794994,37.123486,35.763145,33.298626,29.308014,29.635174,34.992607,33.633175,28.415726,31.582228,34.301117,35.61196,30.638792,27.905704,31.748243,29.372799,25.597794,30.100779,30.157436,26.21573,24.836765,28.32825,26.594288,28.99686,25.464973,22.684786,22.625898,19.350306,16.493153,15.794134,12.1264105,13.776927,12.100111,16.515944,16.88932,20.508429,24.330101,26.928362,30.423662,30.956053,30.231188,29.756277,25.46886,23.318602,20.07686,18.74165,15.299048,13.553405,11.29435,8.479696,6.8121552,5.8749924,7.469725,7.981426,11.596234,10.9596,16.183329,16.436962,20.59499
12,34.14848,32.374496,27.946936,26.796188,22.875443,23.585907,19.33803,15.488594,11.888042,9.539341,5.613967,4.135926,0.0,3.8200257,7.820741,8.686996,12.688419,14.529319,18.705847,20.896852,25.430347,28.29772,32.159233,30.042286,30.651344,29.801117,24.60014,25.46251,22.107904,24.751286,22.366184,24.774076,24.223871,26.50377,23.430782,20.120369,23.758707,27.067204,24.774408,23.78487,28.692186,29.802685,26.92634,29.48715,33.035324,32.523968,30.440165,34.627125,37.712215,37.86551,35.996082,37.165806,41.07894,39.719826,38.278248,35.828094,31.94109,32.422005,37.87401,36.667614,31.593172,34.891247,37.800404,39.192722,34.275463,31.61245,35.552887,33.277367,29.289787,33.544247,33.82311,29.979347,28.270407,31.472628,29.565685,31.732126,28.157892,25.08045,24.639814,20.986315,17.98048,16.343237,13.192342,14.646183,13.162821,16.622805,17.513594,19.960085,23.984196,26.106426,29.53453,29.744642,29.300734,28.29669,24.23978,21.731789,18.16875,16.711435,12.705465,11.281102,7.657741,6.9253244,5.1225867,5.419302,8.737869,8.444576,13.715702,12.113357,17.546452,17.878704,21.69611
13,33.574787,32.213104,27.462156,26.681921,22.71153,22.771935,18.57003,15.864792,11.540982,10.414807,6.998901,4.8900256,3.8200257,0.0,6.5251245,6.980326,10.392449,12.93112,16.204529,19.276236,23.44295,26.567245,30.006207,28.25852,29.265509,28.409174,23.355753,24.00783,20.893002,23.003838,21.090624,22.595495,22.62259,24.203535,20.664423,17.2189,20.556087,24.266794,22.170628,20.885023,25.636549,27.366531,24.482658,26.615957,30.252728,30.367765,28.1612,31.887037,35.20951,35.116554,33.597805,35.098995,38.89191,37.4903,36.449234,34.392315,30.27055,31.229631,36.55719,34.797726,30.007263,33.84567,36.70056,37.754745,32.730595,30.470623,34.802834,32.763172,28.777208,33.200916,33.828354,30.09473,28.353888,32.08427,29.797857,32.516205,29.180452,25.935463,26.322975,22.378063,19.867607,18.83356,15.018488,15.660579,13.124325,16.857862,16.290396,19.00649,22.875225,24.856508,28.555801,28.503878,27.586271,26.71553,22.270754,20.326527,16.315895,15.975593,11.719421,11.485707,8.494915,7.9406004,8.278686,8.878947,11.227558,10.423522,14.876139,12.141694,17.516321,16.882362,20.951014
14,33.690002,32.695847,27.76936,28.168875,24.22544,25.206568,21.565191,19.27778,15.094857,15.155216,11.359722,10.890539,7.820741,6.5251245,0.0,6.5224833,7.7604103,11.284772,13.547548,17.035666,21.251003,23.953823,27.676903,27.033482,28.287136,28.16975,23.279335,25.078966,22.866636,25.249012,25.324266,26.293007,27.567974,28.668795,24.66948,20.523499,23.468945,27.732876,25.002098,22.898563,27.859694,29.84736,26.201881,27.69128,31.98669,31.880915,28.72857,32.39109,36.151127,36.45462,35.63718,36.0929,40.55639,39.759457,38.638447,36.74362,32.867218,34.184093,39.524952,37.984863,33.61951,37.735977,40.902,42.038868,37.20853,35.191616,39.77932,38.080017,33.670597,37.6124,38.853905,35.426014,33.01761,36.47576,33.689896,36.286594,33.0972,29.325874,29.691673,25.088383,22.85664,21.095781,17.759935,17.526793,15.022871,16.962875,16.522585,17.069986,20.931343,21.92481,25.50258,24.79193,24.180069,22.50261,18.464405,16.195415,11.606676,11.729973,6.491675,8.372679,4.6219754,8.351302,10.491915,12.547525,15.156366,13.252334,18.564896,14.364234,19.317959,18.456553,21.727802
15,27.655622,26.667755,21.674358,21.917206,17.96892,18.71552,15.209715,13.663232,9.416646,11.137286,8.489003,9.675439,8.686996,6.980326,6.5224833,0.0,4.5459948,6.0078607,10.238886,12.383466,16.783962,19.73637,23.488466,21.7381,22.721903,22.217548,17.194078,18.689436,16.348621,18.890638,19.43577,20.66187,22.37355,23.774893,20.187626,15.759059,19.27427,22.903671,19.51889,17.709253,23.038074,24.078165,20.365574,22.497606,26.622564,25.818462,22.927969,27.146383,30.518675,31.073763,29.799456,30.064463,34.54182,33.781597,32.359573,30.297115,26.523901,27.741768,33.108658,31.878872,27.488,31.519894,34.824776,36.135185,31.508587,29.482296,34.140656,32.74651,28.025875,31.6419,33.349678,30.274036,27.379604,30.929373,27.747858,30.628397,27.73156,23.737862,24.944553,20.035618,18.527807,17.753183,13.636891,12.403229,9.069143,11.468218,10.228261,12.106324,15.971854,17.883999,21.583889,21.622732,20.806034,20.124733,15.841595,13.721922,10.621702,9.693775,6.9136844,6.446556,7.704592,5.521597,9.753841,12.082402,12.598887,9.949588,13.80232,8.557587,13.184994,11.951319,15.395529
16,27.391403,27.061766,21.82237,23.112238,19.371887,19.969501,17.13266,16.925392,12.825035,15.389673,13.014658,13.882524,12.688419,10.392449,7.7604103,4.5459948,0.0,4.6424856,6.1050954,9.837907,13.7085,16.712194,20.151203,19.478872,21.050764,21.013845,16.461704,18.415802,17.088564,19.100992,21.293867,21.361683,24.215658,24.736134,20.699825,15.969656,18.768526,22.87042,19.33437,16.777555,21.932217,23.588043,19.474115,20.713078,25.272001,24.876215,21.307524,24.997509,28.810566,29.409883,28.897272,28.786337,33.503128,33.093033,31.99439,30.430653,26.701405,28.528294,33.646137,32.100166,28.33257,32.861687,36.215557,37.27085,32.78196,31.272398,36.254295,35.253757,30.449795,33.84347,36.093525,33.321167,30.172045,33.894604,30.26932,33.444904,30.881462,26.666399,28.42686,23.24481,22.258432,21.605324,17.560093,15.601121,11.96019,13.176135,10.388175,10.833449,14.236563,15.314516,19.234844,18.622244,17.3768,16.499556,11.890808,10.415905,6.6227803,7.858481,5.6104207,7.838411,9.91832,9.564496,14.056806,16.517347,17.094997,14.279736,17.669624,11.794643,15.344665,13.126124,15.9381695
17,22.855064,22.45335,17.241873,18.748678,15.121777,16.279524,13.98629,14.254124,11.009849,14.565099,13.09556,15.149967,14.529319,12.93112,11.284772,6.0078607,4.6424856,0.0,6.292632,6.393888,10.959212,13.787574,17.746595,15.9692545,17.031357,16.91962,12.158171,14.557529,13.462842,16.06564,19.168997,19.811571,22.986656,24.006264,20.60539,15.8179865,19.035519,22.302385,17.999205,15.799209,21.237177,21.598055,17.250488,19.193651,23.6221,22.004784,18.458336,23.007227,26.359797,27.512705,26.563189,25.643847,30.678257,30.545645,28.876165,26.968071,23.623219,25.172953,30.347786,29.524,25.755465,29.92561,33.50339,34.92007,30.780636,29.135424,33.976307,33.225628,28.106428,30.91206,33.55922,31.169094,27.46867,30.851912,26.942795,30.005651,27.697573,23.26434,25.368465,19.963886,19.622158,19.37899,15.416843,12.591075,9.03043,9.16426,6.1428885,6.523602,10.128403,12.019612,15.821818,16.005104,15.088175,14.927722,10.828612,8.916616,7.9430456,6.7321277,7.6932297,7.4334235,11.902276,9.44676,14.424403,17.080925,16.47856,13.270678,15.544167,9.279908,11.579676,9.393053,11.554967
18,25.037731,25.627333,20.305,22.807663,19.608973,19.849642,18.18779,19.791754,16.279501,19.939901,18.336044,19.45161,18.705847,16.204529,13.547548,10.238886,6.1050954,6.292632,0.0,6.5021677,8.571602,11.737163,14.441946,14.877184,17.178356,17.625204,14.110593,16.379408,16.562489,17.769175,22.201487,21.023432,25.317865,24.953999,20.902122,16.125055,18.010544,21.987957,18.075706,14.889474,19.600147,21.371073,16.861513,17.070698,21.975658,21.682777,17.377033,20.497946,24.620384,25.47243,25.791727,24.956675,29.940641,30.07739,29.248934,28.303814,24.856724,27.349968,31.987068,30.282331,27.451607,32.379116,35.78221,36.606037,32.539043,31.690237,36.92974,36.568188,31.652342,34.49135,37.546303,35.365547,31.783438,35.610195,31.399878,34.93987,32.969273,28.56226,31.23484,25.856092,25.76445,25.66623,21.611769,18.749533,14.93729,14.979963,10.40127,9.508829,11.366614,11.548281,15.615479,14.507044,12.334549,12.053821,6.945279,7.5955935,5.7141366,9.047628,9.776784,12.263161,15.606268,14.961019,19.768192,22.286661,22.225159,19.210226,21.410448,15.180456,16.976889,13.738355,15.379978
19,19.119963,19.704933,14.551478,17.822851,15.089069,16.519989,15.926543,17.835352,15.711017,19.957481,19.104591,21.41806,20.896852,19.276236,17.035666,12.383466,9.837907,6.393888,6.5021677,0.0,5.0035696,7.4178677,11.731893,10.336845,11.71721,12.500289,8.951794,12.569171,13.548803,15.673979,21.304586,21.148026,25.580072,26.056986,22.964497,18.295126,20.778778,23.529327,18.696138,16.221493,21.140442,20.86171,16.102997,17.389748,21.948462,19.523426,15.155307,19.733782,23.01428,24.88662,24.547417,22.085234,27.710207,28.410093,26.584415,25.052551,22.406666,24.36376,29.022318,28.61321,25.817688,30.019394,33.743782,35.170628,31.679943,30.55806,35.44594,35.370945,30.075651,31.975079,35.49312,33.83394,29.536499,32.65382,28.166895,31.30677,29.696426,25.073143,27.923384,22.403505,23.100927,23.264427,19.745155,16.096972,13.102889,11.168236,7.286919,3.8578672,4.880024,6.070364,10.080416,10.314662,9.079243,9.943122,6.7153015,6.0543985,8.9099,8.331995,12.013546,12.234656,17.484934,15.351942,20.363373,23.130735,22.017673,18.686943,19.844383,13.796263,13.676473,11.00014,10.796868
20,18.475779,20.09875,15.24723,19.350924,17.364954,18.027578,18.37928,21.489073,19.59149,24.146217,23.608091,25.700054,25.430347,23.44295,21.251003,16.783962,13.7085,10.959212,8.571602,5.0035696,0.0,3.7355416,6.8082685,6.81157,9.419916,10.818517,9.381749,12.602382,14.998537,15.9533825,22.944647,21.675377,26.987513,26.67387,23.68737,19.34382,20.939653,23.395327,18.63869,15.924337,19.966389,19.755463,15.026443,15.204767,19.738165,17.493725,12.555368,16.330788,19.75844,21.874659,22.364855,19.235592,24.97846,26.18907,24.73495,23.93683,21.635986,24.20187,28.198685,27.537487,25.72638,30.201286,33.81275,34.926716,31.8506,31.364985,36.37135,36.800625,31.62972,33.134315,37.175823,35.97124,31.576271,34.82476,30.03464,33.47943,32.377083,27.841002,31.34069,25.967999,27.162275,27.740604,24.182394,20.36124,17.299236,15.4194355,10.7946825,8.135153,6.2555714,5.778678,9.186766,8.964918,6.188057,8.738495,6.4271903,8.455506,11.817794,12.71383,16.314634,17.155548,22.181154,20.214777,25.210705,27.871511,26.623604,23.381964,23.920355,18.054676,17.14858,13.92661,12.955857
21,17.65153,19.64788,15.37188,20.156487,18.702673,20.002378,20.879559,23.881899,22.440815,26.962088,26.427698,28.77718,28.29772,26.567245,23.953823,19.73637,16.712194,13.787574,11.737163,7.4178677,3.7355416,0.0,5.3278356,6.3545985,8.484828,10.882329,10.670102,14.390947,17.295633,18.426796,25.786402,24.73848,30.09591,29.911728,27.166845,22.923817,24.466082,26.643002,21.807138,19.272507,23.01778,22.311783,17.720987,17.808445,22.033148,19.126036,14.214157,17.869865,20.866377,23.486668,24.141485,19.926767,25.914825,27.648495,25.899834,25.093288,23.430588,25.812769,29.516573,29.43327,27.963806,32.077847,35.755234,37.04368,34.33964,33.874607,38.690254,39.295635,34.048626,35.05954,39.321575,38.3847,33.731663,36.573208,31.705616,34.855297,33.975742,29.405691,32.82587,27.471367,28.925549,29.386555,26.24934,22.290247,19.747559,17.021515,13.397301,9.568085,6.4799776,4.2519245,6.272868,6.0712333,3.5981026,7.2204723,7.4443517,9.282161,13.830019,14.155787,18.46779,19.123194,24.452614,22.668049,27.664337,30.473793,29.13167,25.791256,26.282545,20.597004,19.160856,16.455309,14.600611
22,19.273764,22.060738,18.178965,22.990967,21.971813,22.215199,23.542727,27.436373,25.911106,30.62563,30.315947,32.331615,32.159233,30.006207,27.676903,23.488466,20.151203,17.746595,14.441946,11.731893,6.8082685,5.3278356,0.0,6.552908,9.732619,11.955511,13.426292,15.935131,19.490326,19.403278,27.364569,25.195276,31.156301,30.125086,27.469913,23.703943,24.324438,26.21901,21.820642,19.186045,21.777994,21.443232,17.292389,16.078972,19.945255,17.830202,12.846513,14.773002,17.885065,20.474222,22.16291,17.800526,23.46177,25.566149,24.527527,24.679209,23.220362,26.227798,29.15326,28.491686,28.036318,32.469456,35.876995,36.690056,34.3285,34.542183,39.46524,40.48648,35.517803,36.371597,40.959557,40.343918,35.8255,38.962177,33.944935,37.481777,36.978554,32.593616,36.57668,31.411993,33.100105,33.952976,30.551092,26.580357,23.70686,21.568562,17.049679,14.415479,11.322884,9.553852,10.599366,9.898414,6.567935,10.3177805,10.558552,13.687691,17.383213,18.874496,22.628696,23.792772,28.779303,27.020723,32.01533,34.65996,33.281677,30.06962,30.140017,24.528591,22.916016,19.658379,17.901724
23,13.242107,15.867941,11.918163,16.641172,16.025217,16.283258,18.275074,22.536028,21.883816,26.754763,27.178293,29.657675,30.042286,28.25852,27.033482,21.7381,19.478872,15.9692545,14.877184,10.336845,6.81157,6.3545985,6.552908,0.0,3.7074761,5.4152827,7.645916,10.017513,13.969539,14.231563,22.38742,21.117785,26.747753,26.530258,24.667917,21.085825,22.476603,23.42599,18.490503,16.733248,19.845362,17.712769,13.592148,14.214274,17.56884,13.456345,8.957321,13.405987,15.431597,18.561707,18.659643,13.772639,19.87692,21.79723,19.746092,19.057777,17.862392,20.330181,23.556366,23.77371,22.853613,26.735525,30.329361,31.61311,29.438011,29.279535,33.909355,34.973125,29.881052,30.314203,34.999146,34.627277,29.877886,32.719666,27.665094,31.10515,30.817234,26.53212,30.794718,25.883663,28.034773,29.427217,26.167837,22.064491,19.600426,17.377464,13.1219635,11.754793,8.288309,9.064344,10.164144,11.7399025,9.76491,13.570863,12.96874,14.613706,18.482811,18.382114,22.341866,22.163044,27.612307,24.514233,29.26273,31.703709,29.575884,26.517656,25.506958,20.560333,17.865345,14.912941,12.349116
24,9.670239,12.370555,8.922326,14.051743,14.076335,15.070616,17.619053,21.68106,21.79389,26.579704,27.316765,30.17878,30.651344,29.265509,28.287136,22.721903,21.050764,17.031357,17.178356,11.71721,9.419916,8.484828,9.732619,3.7074761,0.0,3.282451,6.71575,9.389855,13.385704,14.295432,22.223269,21.849388,27.033096,27.469442,26.12293,22.670633,24.506758,24.956179,19.848356,18.664904,21.935795,18.78607,14.973226,16.545027,19.359224,14.03361,10.493874,15.670696,16.753286,20.24613,19.520235,13.954202,20.120207,22.162767,19.299152,17.925636,17.399105,19.142462,22.392548,23.640703,22.518522,25.660889,29.388271,31.11715,29.261456,28.782337,33.028797,34.132786,28.94133,28.830135,33.595184,33.473568,28.457336,30.75898,25.715052,28.772045,28.697573,24.45881,28.680248,23.953838,26.471647,28.009447,25.179356,21.007755,19.208603,16.422668,13.297961,11.941581,8.270124,9.832647,9.989543,12.658773,11.790042,15.406576,15.311451,16.10445,20.368738,19.223116,23.522497,22.57276,28.31993,24.73328,29.277475,31.693815,29.173962,26.164711,24.654922,20.269842,16.784342,14.597889,11.104409
25,8.635975,11.036617,7.329239,11.780942,11.968183,12.203568,15.127358,19.68325,20.090694,24.911222,26.075499,28.908733,29.801117,28.409174,28.16975,22.217548,21.013845,16.91962,17.625204,12.500289,10.818517,10.882329,11.955511,5.4152827,3.282451,0.0,5.2530375,6.528171,10.750027,11.3962965,19.327057,19.096643,24.152569,24.755434,23.810188,20.665743,22.621103,22.566315,17.457062,16.776215,19.977169,16.169434,12.645035,14.950636,17.337757,11.468118,8.6627445,14.501809,15.150768,18.530674,17.089169,11.954683,17.964378,19.658173,16.55192,14.876002,14.230275,15.878132,19.295092,20.611301,19.307602,22.387663,26.128288,27.907692,26.064121,25.549788,29.756548,30.9135,25.768345,25.619213,30.433218,30.403276,25.423811,27.865648,22.781105,26.077768,26.11719,22.01962,26.602974,22.105473,24.79066,26.76199,23.780106,19.693466,17.86547,15.692051,12.293114,12.498258,9.541036,12.055016,12.796129,15.482442,14.395032,17.889513,17.018488,17.669497,21.351906,20.113752,23.980825,22.70507,28.287144,24.140766,28.454798,30.623531,27.811537,25.019482,22.861828,18.918545,15.070654,12.79162,9.314041
26,11.301179,11.934456,6.67994,10.090819,8.581278,9.488892,11.185577,15.086707,15.117855,19.918226,20.885147,23.793179,24.60014,23.355753,23.279335,17.194078,16.461704,12.158171,14.110593,8.951794,9.381749,10.670102,13.426292,7.645916,6.71575,5.2530375,0.0,4.7419305,7.3211665,9.599895,16.506979,17.113522,21.591372,22.755222,21.325321,17.638353,20.362154,21.00054,15.687747,14.824406,19.176466,16.077854,11.988178,15.075341,18.206802,13.296946,10.350172,16.564428,18.098173,20.69469,18.881176,15.558772,21.168932,21.979107,19.070312,16.818972,14.978731,16.301262,20.827383,21.67407,19.033846,22.38495,26.264708,28.16869,25.480366,24.328,28.753826,29.257967,23.873585,24.623423,28.822487,28.06102,23.210728,25.932045,21.038162,24.332209,23.596552,19.17014,23.278904,18.327232,20.48496,22.177464,18.909906,14.82013,12.710326,10.746523,7.11167,8.275738,6.775642,10.517192,12.484638,14.9693,14.059652,16.736074,14.862822,14.6472225,17.670048,15.9184475,19.406303,17.775026,23.254772,18.910555,23.207537,25.39769,22.708689,19.842716,18.109097,13.757012,10.341713,7.8894157,4.7096944
27,12.041637,12.612627,8.139363,9.519568,8.475433,6.4814196,9.079856,14.437013,14.801295,19.612991,21.312548,23.903967,25.46251,24.00783,25.078966,18.689436,18.415802,14.557529,16.379408,12.569171,12.602382,14.390947,15.935131,10.017513,9.389855,6.528171,4.7419305,0.0,4.5022993,5.2393074,12.843813,13.117945,17.76083,18.83287,18.119612,15.179684,17.738956,17.375153,12.171846,12.25198,16.05387,11.929938,8.525917,12.5823965,14.80644,9.548944,8.14262,14.445476,15.324023,17.57021,14.919662,12.72131,17.652758,17.903511,15.011238,12.696274,10.340334,11.893782,16.521631,17.027319,14.314986,17.915545,21.718374,23.468266,20.816992,19.888811,24.418974,25.174023,19.954042,20.71726,25.129992,24.611317,19.927792,23.146738,18.151001,22.09046,21.687035,17.680563,22.56803,18.224186,20.618258,23.085823,19.525948,15.805442,13.501689,13.131338,8.934709,12.331128,11.389244,14.970477,17.01382,19.338575,17.909595,20.783567,18.357628,18.572525,20.759705,19.525974,22.203114,20.552465,25.469835,20.58288,24.429415,26.129408,23.091957,20.708523,17.862097,14.419613,10.750821,7.8397074,5.9245195
28,14.84799,14.201504,9.858988,8.947809,6.635671,3.420808,4.5926375,10.228218,10.808687,15.452125,17.566648,20.161516,22.107904,20.893002,22.866636,16.348621,17.088564,13.462842,16.562489,13.548803,14.998537,17.295633,19.490326,13.969539,13.385704,10.750027,7.3211665,4.5022993,0.0,4.5739894,9.258853,11.152893,14.593817,16.64512,16.057238,13.156793,16.548822,16.230654,11.263054,11.93209,16.300842,12.517537,9.673769,14.382209,16.491938,12.273934,11.6824465,17.53038,18.55162,20.093534,16.873638,16.28649,20.412865,19.831743,17.064388,14.221493,11.147074,11.817365,17.178108,17.479622,13.412926,16.821245,20.616335,22.554419,19.252005,17.57191,22.106228,22.252966,16.876152,18.454914,22.214441,21.099495,16.596403,20.149801,15.442196,19.483555,18.484715,14.4672985,19.175978,14.897988,16.92756,19.61385,15.800688,12.479452,10.145318,11.151793,7.611382,12.727056,13.192022,17.12773,19.581173,21.814648,20.5909,22.887362,19.87169,19.433409,20.71502,19.068947,20.932856,18.751478,23.128206,17.700216,21.016945,22.38348,19.127207,17.068033,13.725231,10.93301,7.482865,4.7768984,5.1454816
29,16.423088,16.618078,12.72066,12.182419,10.83122,6.1501017,7.70003,13.81468,13.844851,18.342459,20.522848,22.487452,24.751286,23.003838,25.249012,18.890638,19.100992,16.06564,17.769175,15.673979,15.9533825,18.426796,19.403278,14.231563,14.295432,11.3962965,9.599895,5.2393074,4.5739894,0.0,8.480611,7.934524,12.796924,13.643524,13.425768,11.322462,13.820195,12.627441,7.701671,9.050879,12.43203,7.9704304,5.772831,10.808738,12.165988,8.487245,8.995325,14.06592,14.840522,15.906568,12.517119,13.2184305,16.65825,15.683366,13.602816,11.629937,7.6644864,9.7404785,14.575018,13.609622,10.146866,14.716418,18.230078,19.500858,16.214983,15.460477,20.450455,21.128918,16.201992,17.86623,21.995773,21.24398,17.222023,21.396297,16.692118,21.334911,20.838867,17.419336,22.582445,18.85486,20.877556,23.781155,19.784233,16.762522,14.025248,15.517631,10.901392,15.833744,15.754467,19.25706,21.78159,23.704798,21.822643,24.490242,21.261667,21.682373,22.68627,22.070457,23.640669,22.17753,26.199896,21.095472,24.393297,25.535471,22.493185,20.68285,17.294605,14.641322,11.9228325,8.692519,9.270526
30,22.59207,21.463264,18.300665,15.268086,13.488148,8.665346,7.130949,11.157557,11.738751,14.464051,17.706795,19.040623,22.366184,21.090624,25.324266,19.43577,21.293867,19.168997,22.201487,21.304586,22.944647,25.786402,27.364569,22.38742,22.223269,19.327057,16.506979,12.843813,9.258853,8.480611,0.0,6.3344784,5.7138996,9.657272,11.075867,10.826513,14.126306,12.123869,9.751476,12.564686,15.361246,12.062991,12.303382,16.892952,17.272999,15.545721,17.17715,21.193459,21.696394,21.63599,17.485619,20.436052,22.182865,19.85116,18.195076,15.715569,11.727723,11.600842,16.424057,15.081292,9.507844,12.829663,15.649454,17.024893,12.515044,10.101306,14.969917,14.373037,9.616778,13.499684,15.897035,13.989811,11.23968,16.481375,13.099492,17.894371,16.671091,14.452562,19.0486,16.725574,17.900986,21.327429,17.381878,16.038536,13.9871235,17.574669,14.795218,20.81243,22.051054,25.849268,28.653118,30.561787,28.952206,30.995052,27.187572,26.861423,26.58511,25.555893,25.70603,23.60888,26.181326,20.550274,22.218756,22.260544,18.932384,18.425606,13.931336,14.066144,12.790547,11.383479,13.928242
31,24.121088,24.064436,20.445744,18.858837,17.187256,11.968822,11.269747,16.20312,15.346714,18.619308,21.03929,21.6935,24.774076,22.595495,26.293007,20.66187,21.361683,19.811571,21.023432,21.148026,21.675377,24.73848,25.195276,21.117785,21.849388,19.096643,17.113522,13.117945,11.152893,7.934524,6.3344784,0.0,6.507282,5.7153735,6.5762887,7.3447056,9.020259,6.06411,4.26813,7.8875885,9.252279,7.0168204,8.363124,11.91578,11.8062105,12.406453,14.181182,16.605145,17.514618,16.550432,13.131721,17.66355,18.811312,16.160494,16.044292,15.213797,10.469851,12.557523,16.318047,12.647792,8.720289,14.243963,16.51364,16.45697,11.794096,11.653931,17.242317,17.505013,13.850386,17.368153,20.287846,18.899984,16.766417,22.097412,18.507679,23.54667,22.769512,20.436348,25.241941,22.462885,23.610365,26.656534,22.308783,20.488464,17.424177,20.751795,16.139215,21.78666,22.520142,25.76847,28.80588,30.176983,27.830263,30.108269,26.050163,26.706648,26.170208,26.477295,26.525307,25.575937,28.09053,23.267698,25.627491,25.924173,23.329264,22.439405,19.078691,17.539059,16.711609,13.733117,16.165892
32,27.871952,26.960007,23.863085,20.90138,19.196196,14.298637,12.613663,15.692528,15.479672,17.16774,20.248503,20.495285,24.223871,22.62259,27.567974,22.37355,24.215658,22.986656,25.317865,25.580072,26.987513,30.09591,31.156301,26.747753,27.033096,24.152569,21.591372,17.76083,14.593817,12.796924,5.7138996,6.507282,0.0,5.561757,8.624726,10.80122,12.958319,10.085931,10.498853,13.734243,14.955583,13.101228,14.757584,18.385695,17.926868,18.232393,20.394732,23.042868,23.544203,22.445415,18.51744,23.257553,23.771366,20.641764,20.21782,18.672638,14.52412,14.831544,18.451654,15.475051,10.551268,13.992827,15.50916,15.673111,10.410665,8.691595,13.623541,12.685972,9.872335,14.863947,16.09286,13.853909,13.279401,18.909334,16.629902,21.342161,20.19236,18.937002,23.06044,21.474586,22.09293,25.395668,21.418917,20.759386,18.495464,22.659443,19.500235,25.56821,26.94029,30.5066,33.558197,35.13125,33.14469,35.101562,30.90408,30.918262,29.888163,29.594103,28.963333,27.398527,29.043634,23.901447,25.006489,24.49269,21.716301,21.814756,17.807755,18.326464,18.090538,16.446712,19.393185
33,29.677696,29.504486,26.058409,24.063122,22.362873,17.176579,15.919801,19.809855,18.666937,20.86729,23.286959,23.043686,26.50377,24.203535,28.668795,23.774893,24.736134,24.006264,24.953999,26.056986,26.67387,29.911728,30.125086,26.530258,27.469442,24.755434,22.755222,18.83287,16.64512,13.643524,9.657272,5.7153735,5.561757,0.0,5.0936346,9.13872,9.292078,5.362259,8.306116,11.439559,10.867747,10.814124,13.2828865,15.571826,14.593241,17.027727,19.179129,20.327904,21.14708,19.177446,16.118385,22.062067,21.962635,18.58133,19.528154,19.281376,14.825917,16.553375,19.327072,14.598545,11.354959,16.16059,17.209383,16.09757,10.965885,11.473121,16.632105,16.519472,14.510728,18.854761,20.61552,18.904886,18.411829,24.007912,21.375177,26.308905,25.445877,23.897593,28.283865,26.200312,26.85535,29.889315,25.571507,24.487663,21.49922,25.475151,21.102217,26.85064,27.889828,31.00989,34.22534,35.35818,32.83439,34.906357,30.537813,31.2818,29.995533,30.737333,29.986267,29.313786,30.880543,26.401995,28.052635,27.774761,25.570406,25.316414,22.12373,21.370302,21.379139,18.721956,21.606888
34,29.836615,29.85137,25.7084,24.475334,22.152115,17.52363,15.600349,19.200563,16.909363,19.33551,20.958317,20.37404,23.430782,20.664423,24.66948,20.187626,20.699825,20.60539,20.902122,22.964497,23.68737,27.166845,27.469913,24.667917,26.12293,23.810188,21.325321,18.119612,16.057238,13.425768,11.075867,6.5762887,8.624726,5.0936346,0.0,4.855833,4.7033453,4.2780604,6.693471,8.3181925,8.765619,11.194956,12.085793,13.608502,14.110673,17.292435,18.074743,19.117258,21.107744,19.15639,17.20831,22.519035,23.4065,20.572464,21.61878,21.487612,16.724094,19.09588,22.48154,17.838655,14.719568,20.097927,21.698174,20.815813,15.792178,16.02781,21.35148,20.971916,18.287483,22.732996,24.622507,22.454617,21.452,27.0107,24.014278,28.872343,27.540995,25.292917,29.355576,26.474163,26.714233,29.153486,24.503588,23.26154,19.664774,23.69939,18.778488,24.19848,25.52213,28.2738,31.801884,32.461197,29.767754,31.482386,26.830883,27.717419,25.883936,27.245401,26.099682,26.076077,27.345036,23.5413,25.563963,25.563091,24.004251,23.40224,21.385359,19.460087,20.370844,17.153738,20.513466
35,27.194471,27.223593,22.61897,21.980307,19.22018,15.322623,13.032365,16.51692,13.59331,16.663067,17.755436,17.558878,20.120369,17.2189,20.523499,15.759059,15.969656,15.8179865,16.125055,18.295126,19.34382,22.923817,23.703943,21.085825,22.670633,20.665743,17.638353,15.179684,13.156793,11.322462,10.826513,7.3447056,10.80122,9.13872,4.855833,0.0,4.4762278,7.230735,5.796884,5.5666428,8.959932,11.317038,10.167357,11.948321,14.100552,16.280308,15.784522,17.76244,20.461056,19.258343,17.673382,21.52269,23.676704,21.564562,21.933496,21.38508,16.617136,19.109951,23.234364,19.450388,16.001387,21.481388,23.809107,23.597954,18.719816,18.37422,23.836746,23.371899,19.725338,23.8893,26.164331,23.85348,21.947525,27.225452,23.76596,28.446356,26.828499,23.883776,27.753485,24.132116,24.276882,26.292442,21.495985,19.8576,15.884587,19.665022,14.434349,19.61779,21.151459,23.791018,27.455217,27.978422,25.389929,26.889402,22.171602,22.90719,21.075415,22.427355,21.422735,21.539886,23.154581,19.500574,22.118893,22.612448,21.21521,20.065,18.773684,15.730827,16.979994,13.3882475,16.952322
