,0,1,2,3,4,5,6,7,8,9,10,11,12,13,14,15,16,17,18,19,20,21,22,23,24,25,26,27,28,29,30,31,32,33,34,35,36,37,38,39,40,41,42,43,44,45,46,47,48,49,50,51,52,53,54,55,56,57,58,59,60,61,62,63,64,65,66,67,68,69,70,71,72,73,74,75,76,77,78,79,80,81,82,83,84,85,86,87,88,89,90,91,92,93,94,95,96,97,98,99,100,101,102,103,104,105,106,107
0,0.0,4.278736,6.2199726,9.615724,11.980136,14.594468,17.74729,21.919392,24.962942,27.888771,31.39979,31.831497,30.081158,30.39839,25.98858,26.575464,23.71446,23.007376,23.548666,21.092398,24.190247,21.482927,26.78867,24.574251,27.63708,25.289967,29.321049,29.389845,25.228003,27.800713,27.171133,29.38786,34.404114,31.949326,36.44346,37.6072,40.277134,40.498917,36.20456,32.72191,37.2265,33.732777,34.01576,32.52643,34.396767,30.76907,32.312447,31.91344,33.961056,33.89209,32.317276,36.03275,34.60996,37.650146,36.875706,40.712963,37.10102,39.830563,40.76571,39.61175,36.462357,36.020515,31.64047,29.703077,27.399273,24.055431,24.539953,20.32225,19.735144,15.201163,16.533533,19.381273,20.048635,25.873472,26.753674,29.18498,32.027916,32.80175,35.535004,37.213688,37.710835,34.53549,31.50039,29.647188,25.93302,28.349413,22.12177,23.609867,21.188591,22.43316,20.177752,20.209381,16.763645,16.849323,18.538057,12.411632,11.372118,11.620398,14.33302,13.571095,16.065102,16.753298,15.328063,19.387552,19.039429,19.873106,23.124199,23.411161
1,4.278736,0.0,5.2934484,6.5604978,8.763055,12.263687,14.580729,19.497475,21.851475,25.21161,28.251987,29.078697,27.288239,27.202028,22.80422,22.903988,19.940176,18.92849,19.483892,16.850273,20.037691,17.599945,22.897985,21.047302,24.117933,21.948256,25.657423,25.47276,21.066519,23.555134,22.922052,25.143665,30.254663,27.978092,32.390785,33.739914,36.36917,36.433167,32.16213,28.620226,33.006474,29.461224,29.756407,28.312826,30.258644,26.735388,28.435715,28.283184,30.36254,30.417227,28.813232,32.731373,31.588783,34.473335,33.34065,37.13819,33.389393,35.991066,37.03158,36.16388,32.949432,32.94367,28.492632,26.98609,25.029987,21.828754,22.902924,18.71308,18.735855,13.86752,13.697952,16.432426,16.75706,22.696898,23.44551,25.550776,28.465872,29.36162,32.01661,33.900314,34.1589,30.860466,27.898909,25.903288,22.312794,24.533148,18.438019,20.02045,17.673927,19.436388,17.296324,17.280828,14.283044,13.828981,14.96769,9.193344,7.868597,7.622251,10.058767,9.665174,12.54905,13.181525,11.437701,16.031384,15.213972,16.69932,19.818167,20.727116
2,6.2199726,5.2934484,0.0,5.315127,6.715602,8.8392515,12.072717,15.861818,19.171959,21.845144,25.712973,26.156116,24.868076,25.425974,21.432407,22.011335,20.164135,19.310968,21.243536,18.969625,22.760582,21.20863,26.362965,25.125164,27.790276,25.335548,28.366117,28.215265,22.76323,25.524439,23.881607,26.798979,30.700478,28.661844,32.851112,33.875317,37.04636,37.275383,33.335693,30.14644,34.131386,31.060081,30.573792,29.371603,32.070004,28.360413,30.568323,30.280645,31.875269,31.43985,29.269154,32.90547,31.075123,33.61113,32.72751,36.239628,32.443604,35.21235,35.720844,34.328213,31.173138,30.706871,26.614346,24.439745,22.96513,18.942091,19.873564,15.481788,16.252895,11.107867,11.747038,15.342597,15.213787,21.277403,21.310987,24.240538,26.67585,27.187239,29.979462,31.456448,32.26665,29.22343,26.353796,24.532871,20.615112,23.383562,17.146152,19.499802,17.744915,19.252838,18.02234,19.038897,15.644835,14.388488,16.951122,11.986661,9.13438,11.398962,11.929874,12.770758,15.816909,15.100311,12.762983,15.895798,14.596014,14.742425,17.6279,17.490612
3,9.615724,6.5604978,5.315127,0.0,3.875059,6.0449834,9.157256,13.335039,15.760103,19.025148,21.96215,22.557268,20.772757,20.875092,16.620712,17.098766,14.888181,14.335917,16.22813,14.581654,18.616053,17.576729,22.882349,22.346617,25.406801,23.644135,26.142324,25.293888,19.405838,21.511005,19.795015,22.109783,25.788187,23.436167,27.741035,28.679678,31.783688,32.116005,28.150423,25.069046,29.247812,26.582884,26.163523,25.590336,28.601776,25.361814,27.913864,28.266346,29.963081,29.824451,27.596605,31.58916,30.247866,32.354225,30.707436,33.978123,29.736858,32.150776,32.60145,31.808973,28.4507,29.02944,25.030859,23.547144,23.112968,19.086918,21.042255,16.798275,18.69392,13.378679,11.330733,14.899992,13.579025,19.955196,18.938713,21.50634,23.636053,23.94663,26.41184,27.997082,28.274555,25.25339,21.94365,20.33396,16.854666,19.829962,14.068369,17.50868,16.23943,18.796362,17.929039,18.78621,16.315786,14.250158,15.600574,11.799374,8.730066,9.36307,8.073898,8.8046055,11.7115755,10.199664,7.691538,10.655655,9.77876,10.286279,13.670029,14.400132
4,11.980136,8.763055,6.715602,3.875059,0.0,5.250435,5.841075,11.1907425,13.20777,16.608622,19.82125,20.984539,19.898008,19.884186,16.224224,15.905569,14.684451,13.20158,16.19506,13.965181,18.129705,17.827017,22.495176,22.338894,24.652983,22.535194,24.445276,23.81663,17.425478,20.05881,17.743427,21.068752,24.342628,22.853008,26.692171,27.91325,31.268,31.26804,27.598383,24.548275,28.000612,25.152227,24.222506,23.304398,26.572985,23.070755,25.83325,25.97892,27.337225,26.907246,24.419073,28.256176,26.683577,28.672821,27.158434,30.409504,26.28242,28.860596,29.29802,28.25049,24.962923,25.246115,21.215961,19.682882,19.352951,15.329283,17.527569,13.430722,15.838559,10.668642,7.666275,11.372572,9.796689,16.17471,15.297965,18.000097,20.293118,20.847202,23.560068,25.285242,25.86439,22.664713,19.990433,17.920872,14.020097,16.754982,10.674371,14.031354,13.037815,15.536014,15.24895,16.675953,14.3461895,11.653955,13.654139,10.994538,7.289059,9.903666,7.621059,10.381786,13.610783,11.915335,8.687731,11.438608,8.298829,9.185898,11.454194,12.324356
5,14.594468,12.263687,8.8392515,6.0449834,5.250435,0.0,6.091496,7.5702014,11.084027,13.54279,17.196205,17.332277,16.155352,16.99334,13.519797,14.594659,14.304628,14.119142,17.726267,16.895535,21.259861,21.427082,26.237072,26.557575,29.167889,27.392067,28.906002,27.88967,21.023909,23.053282,20.159506,22.988657,24.751175,22.781693,26.588905,27.049591,30.777836,31.318438,27.940285,25.499317,28.991293,27.196165,25.802345,25.836006,29.767878,26.644064,29.804699,30.244688,31.374523,30.811628,27.983791,31.664888,29.801174,31.175884,29.47723,32.155334,27.724842,30.098585,29.790817,28.643448,25.324575,25.899797,22.596075,20.709686,21.652157,16.810171,19.175482,15.184723,18.575867,13.59702,11.086614,15.08627,12.574115,18.617311,15.89614,19.316908,20.440142,20.025873,22.442642,23.470072,24.254765,21.676409,18.374214,17.206316,13.654101,17.466013,12.33367,17.19082,17.069931,19.599194,19.961674,21.700098,19.396393,16.502144,18.620531,16.22344,12.526624,14.542552,11.650488,13.45012,15.9716625,13.15304,10.507066,10.384358,8.85052,6.709663,9.612393,8.924602
6,17.74729,14.580729,12.072717,9.157256,5.841075,6.091496,0.0,6.9048486,7.712722,11.290463,14.532257,16.274855,16.076637,15.9960375,13.487663,12.464797,13.278849,11.364828,16.086672,14.400572,18.617619,19.75896,23.525272,24.41494,26.05956,24.102678,24.691032,23.818754,16.551186,19.067993,15.539567,19.621687,21.159613,20.592947,23.671993,24.834305,28.65811,28.521791,25.49673,22.9663,25.394604,23.171116,21.244078,20.754948,24.896976,21.607838,24.994595,25.343231,26.091318,25.32495,22.283688,25.876099,24.073092,25.225916,23.394396,26.08843,21.720228,24.219803,24.143948,22.970144,19.65104,20.266762,16.737299,15.365012,16.711187,12.389189,15.565679,12.233105,16.242569,11.997038,7.241081,10.480665,7.0492787,12.814598,10.066229,13.294273,14.875454,15.134676,17.922924,19.567844,20.454025,17.317385,15.167639,12.937454,8.725344,11.882597,6.3718076,11.45319,12.025121,14.778994,15.97532,18.12971,16.620823,13.053263,15.115327,14.7726,11.158695,14.162043,10.328494,14.018524,16.813408,14.254415,10.981206,11.56173,6.535437,6.5748177,6.5578017,7.627795
7,21.919392,19.497475,15.861818,13.335039,11.1907425,7.5702014,6.9048486,0.0,5.4092107,6.1332974,10.8865,11.057815,11.6455345,13.079374,11.843981,12.608684,15.186045,14.874211,19.990738,19.766844,23.995916,25.522087,29.359955,30.662285,32.531082,30.840683,31.046545,29.872543,22.377367,24.210672,20.168118,23.59183,22.937256,22.081203,24.749537,24.875898,29.207222,29.701206,27.304838,25.695505,27.837795,27.01785,24.442839,25.089182,29.888563,27.089777,30.80706,31.378765,31.774494,30.781958,27.400242,30.558273,28.321497,28.601187,26.733982,28.489132,23.9762,26.139576,24.896791,23.42136,20.28085,21.086714,18.964077,17.047848,20.092018,15.052098,18.088129,15.284075,20.120115,16.384417,13.073811,16.306318,12.702507,17.008867,12.036516,16.071667,15.618211,14.2312155,16.494486,16.83883,18.368534,16.397125,13.782301,13.081197,9.908244,14.185015,11.19937,16.911291,18.280087,20.673328,22.421984,24.858835,23.20489,19.658796,21.983986,21.452961,17.698744,20.425924,16.476826,19.227415,21.45019,18.043804,15.449602,13.305559,10.570985,6.946273,6.0868316,2.3470237
8,24.962942,21.851475,19.171959,15.760103,13.20777,11.084027,7.712722,5.4092107,0.0,4.66153,6.88456,9.164891,10.201292,10.213243,10.118702,9.017484,12.897465,11.948948,17.59196,17.621576,21.464083,23.891026,26.882261,28.89874,30.34752,29.060917,28.3882,26.885738,19.333553,20.717575,16.271595,19.790846,18.174831,18.224337,20.204668,20.649725,25.049164,25.181473,23.199198,21.847807,23.169157,22.673613,19.655844,20.697626,25.823061,23.490326,27.452448,28.403566,28.591837,27.719677,24.312475,27.498106,25.765278,25.499142,22.941265,24.325338,19.506365,21.303158,20.0115,19.160143,15.845363,17.921074,16.04873,15.351933,19.345356,15.257102,19.006746,16.932478,21.879826,18.58304,13.835372,15.990856,11.802903,14.954516,8.829703,12.043151,10.934367,9.384698,11.491414,12.404704,13.461602,11.098818,8.880255,7.754758,5.002863,9.403194,8.559058,14.609752,16.760561,19.601358,21.802738,24.12723,23.391706,19.575651,21.00725,21.959286,18.60334,20.852552,16.234175,19.435947,21.352108,17.947493,15.45318,13.075259,9.262084,7.1220546,2.9823272,3.6540775
9,27.888771,25.21161,21.845144,19.025148,16.608622,13.54279,11.290463,6.1332974,4.66153,0.0,6.0331006,6.9071245,9.732762,11.081235,12.344524,12.363952,16.756655,16.390898,21.951588,22.25936,26.08098,28.524033,31.514841,33.557114,34.92777,33.517937,32.717915,31.321205,23.782652,25.15987,20.582363,24.021507,21.364962,21.537106,23.021505,22.896566,27.50062,27.894403,26.441202,25.606058,26.52162,26.628098,23.25961,24.54818,29.824852,27.568148,31.576717,32.393253,32.280582,31.125986,27.52177,30.240679,28.051193,27.315817,25.095108,25.879248,21.345032,23.031153,20.949457,19.542837,16.657503,18.246933,17.463034,16.186638,20.912094,16.554178,19.968191,18.352219,23.607508,20.777811,16.924402,19.167492,15.209005,17.568121,11.125267,14.719579,12.507226,9.950629,11.611432,11.16728,13.290387,12.143137,10.567247,10.584766,8.951412,12.71557,12.657746,18.201231,20.53972,22.88713,25.39514,28.014889,27.03681,23.247784,25.213917,25.95551,22.411802,25.069904,20.6209,23.663942,25.557137,21.972767,19.61204,16.63855,13.700005,10.592101,7.33079,4.777688
10,31.39979,28.251987,25.712973,21.96215,19.82125,17.196205,14.532257,10.8865,6.88456,6.0331006,0.0,4.7090135,7.438188,7.173541,10.450013,9.630069,14.994291,15.072081,20.316849,21.61827,24.878853,28.022184,30.37936,33.13525,34.520824,33.85188,32.387573,30.38553,23.153236,23.461931,18.936716,21.32119,16.972075,17.479662,18.124939,17.652323,22.317686,22.789793,21.988834,21.912395,22.188856,23.444582,19.868742,22.321573,27.813164,26.485151,30.63691,32.108486,31.991848,31.212463,27.807402,30.644508,29.245022,27.949856,24.810303,24.965052,20.08294,20.856209,18.498695,18.438307,15.536914,19.135172,18.856596,18.991404,24.192974,20.688654,24.486242,23.09581,28.225143,25.310474,20.517462,22.182491,17.9627,19.681835,12.864686,14.809903,11.552978,8.214647,8.061607,7.442473,8.037748,7.692828,5.5133033,7.30875,8.611,11.640685,14.094318,19.647106,22.3448,25.235443,27.762724,29.991766,29.750696,25.89147,26.755003,28.330294,25.17755,26.803762,21.913507,24.62257,25.853592,22.164177,20.388323,16.610786,14.367683,12.055291,8.496393,8.701074
11,31.831497,29.078697,26.156116,22.557268,20.984539,17.332277,16.274855,11.057815,9.164891,6.9071245,4.7090135,0.0,4.6592703,6.830201,10.205208,11.586597,16.40409,17.571836,22.422512,24.233397,27.727016,30.469347,33.427162,35.965366,37.86882,37.23378,36.222546,34.13969,26.846853,27.03363,22.744465,24.515903,20.243454,19.603193,20.713936,19.392168,24.022907,25.186478,24.298944,24.46407,25.44669,27.098515,23.86107,26.575764,32.00612,30.661686,34.777344,36.266006,36.32851,35.578297,32.166832,35.071156,33.46396,32.30829,29.374788,29.545652,24.734406,25.517391,22.987667,22.731676,19.987476,23.099966,22.900616,22.413437,27.444979,23.33635,26.848,25.09762,30.270344,27.032814,22.830708,25.125458,20.95018,23.412731,16.66565,19.1836,16.105944,12.71443,12.436399,10.902645,11.564031,12.155861,9.057903,11.563783,12.401147,16.035908,17.43909,23.379902,25.77153,28.651283,30.941105,33.169273,32.47942,28.691032,29.818771,30.55859,27.183958,28.634089,23.892279,25.984926,27.033642,23.060972,21.603199,17.01482,16.242926,12.714764,10.472906,9.092398
12,30.081158,27.288239,24.868076,20.772757,19.898008,16.155352,16.076637,11.6455345,10.201292,9.732762,7.438188,4.6592703,0.0,3.9287643,6.4669642,9.416006,13.358756,15.580457,19.689777,22.2017,25.655514,28.118216,31.461378,33.925247,36.420055,36.164333,35.5508,33.14961,26.06501,25.751677,21.972652,22.70814,18.98289,17.022104,18.951548,17.242208,21.670864,23.314075,21.910215,22.041689,24.019691,25.846203,23.262302,26.350918,31.5632,30.435816,34.441647,36.224735,36.71982,36.346813,33.192684,36.540432,35.317276,34.56136,31.345736,31.909355,26.843533,27.538252,25.501503,25.79402,22.769768,26.2536,25.380169,25.063257,29.503193,25.279146,28.83847,26.504887,31.394905,27.542198,23.164276,25.746332,21.576893,24.95039,18.560873,20.821146,18.39706,15.44775,15.175585,14.350295,13.833098,13.9681425,9.282875,12.125435,13.097335,17.047749,17.82121,24.080362,26.059853,29.347708,31.120453,32.94546,32.231113,28.584158,29.193089,29.473156,26.256098,26.79293,22.110998,23.415102,23.99306,19.904278,19.009937,13.737433,14.55998,10.914289,10.166446,9.651647
13,30.39839,27.202028,25.425974,20.875092,19.884186,16.99334,15.9960375,13.079374,10.213243,11.081235,7.173541,6.830201,3.9287643,0.0,5.0114264,6.4469852,10.821982,12.975432,16.88615,19.711285,22.800207,25.647175,28.53766,31.33949,33.725105,33.812267,32.878853,30.23227,23.408783,22.619473,18.987097,19.231443,15.120855,13.250778,15.02886,13.488054,17.975212,19.44845,18.06471,18.310188,20.118956,22.188805,19.680683,23.13728,28.299017,27.559196,31.549824,33.61576,34.171787,34.034977,31.070692,34.546623,33.793934,32.985596,29.375101,29.926466,24.747448,25.148966,23.414251,24.35197,21.239958,25.425388,24.382193,24.73517,29.123592,25.404905,29.208986,26.973543,31.726276,27.887854,22.897127,25.040901,20.83125,23.925653,17.708906,19.16269,16.850983,14.212201,13.615259,13.485252,11.940893,11.710647,6.4374094,9.623587,11.567162,14.975646,16.556568,22.598108,24.657736,28.201141,29.927206,31.500349,31.254091,27.611174,27.57991,28.461914,25.563433,25.625944,20.761444,22.10504,22.428368,18.490704,17.769947,12.651987,13.223342,10.765669,9.643355,10.84931
14,25.98858,22.80422,21.432407,16.620712,16.224224,13.519797,13.487663,11.843981,10.118702,12.344524,10.450013,10.205208,6.4669642,5.0114264,0.0,5.0165687,7.0933037,10.0996,13.505515,16.377132,19.788958,21.977726,25.607052,27.933296,30.855656,30.920633,30.72514,28.109552,21.357428,20.70506,17.594984,17.567186,15.638817,12.507162,15.840078,14.838232,18.841722,20.312965,17.776964,17.08512,20.307299,21.416153,19.716072,22.638647,27.399855,26.310856,30.08086,32.075977,33.07981,33.1514,30.39903,34.257854,33.58413,33.469997,30.021814,31.30976,26.086138,26.899223,25.842392,26.623913,23.245403,26.92366,24.979132,25.05866,28.50518,24.574646,28.219965,25.384941,29.709902,25.356497,20.504463,23.022259,19.052198,23.243538,17.827942,19.496298,18.35593,16.482801,16.742725,17.299002,15.962473,14.670384,9.26407,10.946769,11.483881,15.2982855,15.108093,21.250698,22.661934,26.384007,27.511017,28.7751,28.261387,24.845762,24.644302,24.77294,21.964209,21.444004,16.795801,17.547098,17.775213,13.731631,13.219388,7.75187,9.714852,7.276309,8.251342,10.035906
15,26.575464,22.903988,22.011335,17.098766,15.905569,14.594659,12.464797,12.608684,9.017484,12.363952,9.630069,11.586597,9.416006,6.4469852,5.0165687,0.0,5.513464,6.572294,10.96499,13.348819,16.464403,19.427362,22.209501,24.984179,27.284243,27.414265,26.590532,23.923996,17.141169,16.391857,12.93602,13.416251,11.346419,9.556059,12.461309,12.649663,16.731962,17.307878,14.804695,13.748387,16.195374,16.884878,14.842753,17.709734,22.612417,21.65932,25.530771,27.642176,28.504328,28.639822,25.963448,29.824766,29.513987,29.283686,25.551441,26.860884,21.618805,22.31784,21.657614,22.833708,19.409836,23.542614,21.44636,22.252888,25.71736,22.5272,26.423206,24.005516,28.239729,24.28728,18.727402,20.453524,16.451773,19.874292,14.728551,15.464252,14.593245,13.345461,13.668746,15.151659,13.394534,11.193743,6.32583,6.866656,8.083185,11.0185995,11.933052,17.619478,19.337738,23.188997,24.543194,25.742535,25.854782,22.342833,21.641558,22.942413,20.455393,20.077402,15.115963,16.79089,17.244675,13.686684,12.68659,8.853079,8.001569,7.9331713,7.046125,10.651022
16,23.71446,19.940176,20.164135,14.888181,14.684451,14.304628,13.278849,15.186045,12.897465,16.756655,14.994291,16.40409,13.358756,10.821982,7.0933037,5.513464,0.0,4.570943,6.4140844,9.79219,12.8757515,15.104658,18.651073,21.05181,24.200315,24.74152,24.739258,21.849066,15.769561,14.550299,12.526471,11.47475,12.48148,8.804112,13.368296,13.920131,16.935383,17.62268,13.885031,11.7961445,16.183424,16.017406,15.514026,17.97391,21.98679,21.072851,24.474241,26.753294,28.265965,28.884502,26.721527,30.998747,31.10398,31.577724,27.902546,29.849663,24.742205,25.559988,25.653978,26.997728,23.516062,27.334377,24.484247,25.253607,27.598581,24.519592,28.163158,25.213636,28.731337,24.294025,18.920298,20.76698,17.345844,21.670952,17.866896,18.351385,18.67183,18.158676,18.7957,20.572517,18.668102,16.211779,11.717627,11.568885,11.762027,14.205603,13.443637,18.47477,19.254345,23.335981,23.781662,24.287724,24.377697,21.333277,19.833733,20.42634,18.46648,16.601727,12.049866,12.433406,12.189881,8.762567,8.707134,5.4051013,7.009439,8.6332655,10.1500435,13.796514
17,23.007376,18.92849,19.310968,14.335917,13.20158,14.119142,11.364828,14.874211,11.948948,16.390898,15.072081,17.571836,15.580457,12.975432,10.0996,6.572294,4.570943,0.0,5.777336,6.803478,10.210693,13.045302,15.985753,18.4982,20.886879,21.045858,20.688574,18.04672,11.456584,10.922329,8.330857,9.13184,11.479058,9.926819,13.672126,15.42003,18.397253,18.103968,14.488901,11.67025,15.062176,13.465682,12.671088,14.107134,18.183805,16.793667,20.30353,22.392284,23.800308,24.337217,22.170862,26.483583,26.689484,27.329351,23.721867,25.990501,21.033436,22.121422,22.71497,23.932543,20.460075,24.007954,20.782906,21.870138,23.848127,21.34852,25.032888,22.384644,25.697685,21.656328,15.872482,17.056723,13.797235,17.685965,14.678684,14.60753,15.748255,16.086515,17.234047,19.646172,18.050291,14.826366,11.602218,9.919144,9.370499,10.833922,9.862647,14.20569,15.035328,19.16709,19.754238,20.307604,20.7912,17.651112,15.942634,17.530603,15.761078,14.525962,9.705077,11.654264,12.293688,9.726579,8.414824,7.963335,5.329212,9.059303,9.352525,13.66472
18,23.548666,19.483892,21.243536,16.22813,16.19506,17.726267,16.086672,19.990738,17.59196,21.951588,20.316849,22.422512,19.689777,16.88615,13.505515,10.96499,6.4140844,5.777336,0.0,5.171996,6.8996453,9.247639,12.463197,15.026722,18.442587,19.68145,19.891205,16.681332,12.055249,9.961955,10.110567,7.436134,12.530435,9.478545,13.962418,15.867979,17.510006,17.285934,12.79664,9.188145,14.371385,12.467288,13.699124,15.258507,17.958654,17.36799,20.10927,22.68988,24.759192,25.99741,24.601118,29.127579,30.048468,31.06071,27.31902,29.788073,25.07883,25.829304,26.954285,28.72051,25.369795,29.103989,25.66462,27.005663,28.278635,26.157244,29.603403,26.746418,29.36403,25.136032,19.72696,20.698215,18.184898,22.122044,20.097069,19.4838,20.985008,21.530655,22.35322,24.812687,22.656666,19.665155,16.33039,15.143644,15.10865,15.976137,14.928977,18.05326,18.084173,22.201567,21.891356,21.485071,22.312641,19.90221,16.941677,18.148184,17.399889,14.116707,10.497706,10.305722,9.362888,8.0958605,8.69995,9.489076,9.76917,13.482998,14.851568,18.921724
19,21.092398,16.850273,18.969625,14.581654,13.965181,16.895535,14.400572,19.766844,17.621576,22.25936,21.61827,24.233397,22.2017,19.711285,16.377132,13.348819,9.79219,6.803478,5.171996,0.0,4.381032,6.441626,9.834361,11.760744,14.574536,15.019825,15.608623,12.9971285,7.9718027,7.62477,8.111044,8.375591,14.900722,13.623305,17.34523,19.89005,21.690062,20.795835,16.603745,12.639759,16.541872,12.760533,13.888855,13.461125,15.618162,13.913091,16.430677,18.471813,20.693472,21.853523,20.600407,25.210495,26.100668,27.68331,24.39996,27.48112,23.162897,24.447952,26.117554,27.387167,24.115585,26.993626,22.99604,24.27219,24.5894,22.992899,26.162159,23.420233,25.442183,21.534986,16.238308,16.632158,14.859007,18.683485,18.146381,17.359245,19.944649,21.289528,22.784298,25.613117,24.067194,20.51313,18.123857,15.86148,14.668674,14.843269,12.584975,14.275186,13.6650305,17.648037,16.976625,16.357172,17.39888,15.2012825,11.835552,13.616783,13.342976,10.394116,7.1287866,8.522152,9.042479,9.0312395,8.149444,11.546936,9.324959,14.04369,15.062646,19.12077
20,24.190247,20.037691,22.760582,18.616053,18.129705,21.259861,18.617619,23.995916,21.464083,26.08098,24.878853,27.727016,25.655514,22.800207,19.788958,16.464403,12.8757515,10.210693,6.8996453,4.381032,0.0,4.7178516,5.8283753,8.833661,11.601413,13.274972,13.460421,10.188089,7.771125,5.6552844,8.73122,7.0975447,15.049021,14.224524,17.396631,20.419153,21.343058,19.974068,15.793236,11.578593,15.241342,10.714304,13.200163,12.504015,13.288594,12.516997,14.307484,16.911777,19.481163,21.246199,20.708694,25.281084,26.947609,28.559574,25.068245,28.122847,24.15351,25.04513,27.215014,29.024336,25.975101,29.159027,25.223045,27.04962,27.129522,26.23731,29.334854,26.891438,28.530533,24.985474,19.796734,19.532574,18.217068,21.150984,21.223145,19.624016,22.32755,23.963917,25.16302,28.198544,26.249847,22.741737,20.804455,18.572763,18.012432,17.353674,16.051794,16.615305,15.894608,19.610476,18.665705,17.373877,19.213318,17.57378,13.231983,15.8127365,16.440325,12.915927,10.891455,11.501939,11.165709,12.183753,12.085515,15.32326,13.59783,18.267082,19.018385,23.234907
21,21.482927,17.599945,21.20863,17.576729,17.827017,21.427082,19.75896,25.522087,23.891026,28.524033,28.022184,30.469347,28.118216,25.647175,21.977726,19.427362,15.104658,13.045302,9.247639,6.441626,4.7178516,0.0,6.0039625,6.206636,10.736309,12.252736,14.347539,11.868378,10.750734,9.975192,12.934836,11.68343,19.525803,17.897345,21.586157,24.257507,25.053238,24.03552,19.598177,15.409602,19.698812,15.270104,17.907728,16.785086,16.869595,15.57843,16.563757,18.55216,21.52498,23.336369,23.088787,27.654861,29.144026,31.34003,28.341984,31.772394,27.981882,29.189734,31.412268,32.84423,29.749132,32.336014,28.060642,29.381575,28.652588,27.593285,30.269484,27.445463,28.413767,24.646654,20.259933,20.291336,19.626413,23.262676,23.949152,22.891521,25.92406,27.55557,29.040688,31.963339,30.262938,26.726871,24.400991,22.223755,21.043894,20.90025,18.347837,18.67377,17.111572,20.482014,18.652662,16.791895,18.155354,17.272882,12.834992,13.86727,15.203304,10.430693,10.217143,9.409826,8.808839,11.346015,11.66995,16.099442,15.157375,19.682083,21.273258,25.110867
22,26.78867,22.897985,26.362965,22.882349,22.495176,26.237072,23.525272,29.359955,26.882261,31.514841,30.37936,33.427162,31.461378,28.53766,25.607052,22.209501,18.651073,15.985753,12.463197,9.834361,5.8283753,6.0039625,0.0,4.654927,6.8428555,10.152681,10.622406,7.420443,9.917193,8.123801,12.653741,11.037757,19.171524,18.969162,21.480602,24.834185,24.97935,23.135937,19.263863,15.193921,17.98715,12.688945,16.142605,14.294326,12.651968,12.430052,12.42479,15.036998,18.152538,20.574759,21.117796,25.443972,27.855312,29.890257,26.67578,29.972298,26.74456,27.522575,30.341698,32.306625,29.57734,32.445026,28.365423,30.4777,29.708513,29.674225,32.398663,30.235636,31.047434,28.019875,23.36936,22.39447,22.003922,24.165007,25.501263,23.374743,26.5484,28.651537,29.878267,33.117317,31.135082,27.56159,26.195097,23.758718,23.172876,21.849888,20.604965,19.63259,18.36307,21.386463,19.800556,17.593166,20.157879,19.509714,14.396589,17.392872,19.172726,15.364096,15.001218,15.241866,14.7407675,16.900599,17.005445,20.87424,19.105522,23.874273,24.558949,28.736597
23,24.574251,21.047302,25.125164,22.346617,22.338894,26.557575,24.41494,30.662285,28.89874,33.557114,33.13525,35.965366,33.925247,31.33949,27.933296,24.984179,21.05181,18.4982,15.026722,11.760744,8.833661,6.206636,4.654927,0.0,5.584761,8.329843,11.188098,9.523481,12.346884,12.01335,16.01599,15.2275305,23.402517,22.753208,25.711912,28.862524,29.148993,27.546879,23.47385,19.334702,22.553555,17.255804,20.436708,18.093327,16.245567,15.129418,14.474644,16.0991,19.492964,21.811615,22.59199,26.833782,28.99414,31.634615,29.00525,32.70722,29.69821,30.876127,33.754517,35.250866,32.49478,34.67367,30.252737,31.897165,30.279924,30.241728,32.513866,30.134232,30.224865,27.218273,23.37686,22.482334,22.789705,25.388071,27.444378,25.771221,29.337387,31.534235,33.114,36.3101,34.65917,30.958305,29.39403,26.832642,25.599096,24.611864,22.261532,20.880575,18.864939,21.420044,19.03322,16.27129,18.505396,18.680887,13.582582,15.460682,17.976194,13.733741,14.925063,14.626835,14.344992,17.36411,17.453829,22.2185,20.606905,25.320236,26.504145,30.369173
24,27.63708,24.117933,27.790276,25.406801,24.652983,29.167889,26.05956,32.531082,30.34752,34.92777,34.520824,37.86882,36.420055,33.725105,30.855656,27.284243,24.200315,20.886879,18.442587,14.574536,11.601413,10.736309,6.8428555,5.584761,0.0,4.7276745,6.467254,6.1506963,11.734893,12.23557,16.215542,16.717133,24.484604,25.173632,27.289719,30.904972,31.234417,29.025408,25.52637,21.539658,23.295868,17.341797,20.210392,16.647053,13.551481,12.252378,10.313238,11.457358,14.951793,17.554237,19.07107,22.910635,25.614414,28.392754,26.065432,29.874968,27.622593,28.800276,32.17042,33.62264,31.259306,33.05324,28.69715,30.75563,28.71377,29.69552,31.774706,30.0766,29.820896,27.705519,23.938747,22.079983,22.941435,24.17689,27.260489,24.949026,28.865032,31.58373,33.252083,36.67901,35.22161,31.381304,30.79037,27.78325,26.529112,24.647459,22.832373,19.989784,18.02738,19.877611,17.664848,14.704929,17.94026,18.418694,13.206876,16.788221,19.527586,16.74443,17.731802,18.727324,19.107449,21.687262,21.128109,25.851715,23.050432,27.928362,28.324867,32.246914
25,25.289967,21.948256,25.335548,23.644135,22.535194,27.392067,24.102678,30.840683,29.060917,33.517937,33.85188,37.23378,36.164333,33.812267,30.920633,27.414265,24.74152,21.045858,19.68145,15.019825,13.274972,12.252736,10.152681,8.329843,4.7276745,0.0,5.637027,7.6190114,11.290509,13.5656595,16.437286,18.590878,25.988014,26.91515,29.154074,32.719704,33.65548,31.505499,28.019485,23.972164,25.596998,19.512394,21.490955,17.266827,14.847225,12.047911,10.325785,9.893508,13.237919,15.244433,16.592869,20.331642,22.513468,25.801262,24.151243,28.345419,26.348211,28.06382,31.401207,32.17924,29.876186,30.80098,26.204422,27.867512,25.104284,26.341497,28.029251,26.479034,25.73319,24.048185,20.851664,18.659126,20.221079,21.273006,25.2201,23.243832,27.55683,30.482733,32.572483,35.974957,35.064163,31.061733,30.72481,27.3938,25.46486,23.613815,21.021227,17.377556,14.922532,16.108418,13.524364,10.329311,13.730378,14.672991,9.788668,13.661107,16.624304,15.027929,16.460306,18.270247,19.503561,21.904024,20.683012,25.805693,22.233936,26.999266,27.258312,30.839169
26,29.321049,25.657423,28.366117,26.142324,24.445276,28.906002,24.691032,31.046545,28.3882,32.717915,32.387573,36.222546,35.5508,32.878853,30.72514,26.590532,24.739258,20.688574,19.891205,15.608623,13.460421,14.347539,10.622406,11.188098,6.467254,5.637027,0.0,4.1523085,9.491189,11.425744,14.196609,16.756975,23.333212,25.424921,26.72692,30.621412,31.464016,28.827787,25.985855,22.286383,22.541088,16.331217,17.994278,13.201136,9.94469,7.448504,4.7828856,5.009517,8.499165,11.118249,12.896968,16.536736,19.554203,22.23717,20.10298,23.996809,22.344778,23.671017,27.330414,28.541988,26.553812,27.924797,23.749065,26.221203,24.178484,26.043146,28.115154,27.203192,27.107552,25.85275,21.872307,19.128077,20.189152,19.845406,23.66861,20.795607,24.92888,28.095684,29.889816,33.44855,32.371742,28.447006,28.926376,25.486668,24.164722,21.435595,20.324686,16.207716,14.738892,16.008,14.704235,12.411031,16.430428,16.447283,11.805518,17.240622,19.41684,18.522385,18.54296,21.05475,22.194231,23.889969,22.523005,26.833088,22.686695,27.483965,26.889084,30.73545
27,29.389845,25.47276,28.215265,25.293888,23.81663,27.88967,23.818754,29.872543,26.885738,31.321205,30.38553,34.13969,33.14961,30.23227,28.109552,23.923996,21.849066,18.04672,16.681332,12.9971285,10.188089,11.868378,7.420443,9.523481,6.1506963,7.6190114,4.1523085,0.0,7.5675597,7.9208384,11.57088,12.993405,19.873682,21.759758,23.060917,26.959381,27.554691,24.952175,22.020416,18.320274,18.766302,12.5640745,14.826599,10.732897,7.5469537,6.3490887,5.081476,7.778542,10.833283,13.488597,14.625306,18.61901,21.609331,23.685595,20.75888,24.247154,21.923782,22.836626,26.289745,28.04887,25.826077,28.103024,24.116209,26.77718,25.627668,26.863804,29.406046,28.177362,28.747065,26.863901,22.232027,20.011179,20.230742,20.461882,23.126205,20.153355,23.841032,26.694532,28.144033,31.676386,30.149094,26.349861,26.46355,23.316843,22.53831,19.952278,19.421503,16.437292,15.444724,17.643831,16.657969,14.661838,18.304873,17.68437,12.752386,17.917896,19.706682,18.000443,17.328917,19.445454,20.085867,21.600803,20.610685,24.448929,20.823818,25.674616,25.181078,29.3061
28,25.228003,21.066519,22.76323,19.405838,17.425478,21.023909,16.551186,22.377367,19.333553,23.782652,23.153236,26.846853,26.06501,23.408783,21.357428,17.141169,15.769561,11.456584,12.055249,7.9718027,7.771125,10.750734,9.917193,12.346884,11.734893,11.290509,9.491189,7.5675597,0.0,4.810357,5.259223,9.611054,15.552684,17.286215,19.101093,22.622374,24.376545,22.296282,19.187147,15.510736,16.466692,10.986978,11.358669,7.871244,9.311809,6.2274637,9.176195,11.003479,12.843526,14.008586,13.019541,17.616068,19.199621,20.856943,17.614317,21.070484,17.566975,19.011276,21.664558,22.9195,20.159058,22.573372,18.450647,20.711721,20.503498,20.686813,23.74053,22.189608,23.791477,21.348934,15.934956,14.297191,13.45116,14.546218,16.059402,13.641646,17.26473,19.856382,21.60076,25.007229,23.828135,19.871891,19.667267,16.330471,15.082611,12.915842,11.9664,10.1638975,9.881665,13.274795,13.277758,12.711037,15.364356,13.272043,9.343105,14.492915,14.858334,14.213932,11.821875,15.118789,16.457743,16.72875,14.993108,18.25657,13.759129,18.485367,17.684263,21.772718
29,27.800713,23.555134,25.524439,21.511005,20.05881,23.053282,19.067993,24.210672,20.717575,25.15987,23.461931,27.03363,25.751677,22.619473,20.70506,16.391857,14.550299,10.922329,9.961955,7.62477,5.6552844,9.975192,8.123801,12.01335,12.23557,13.5656595,11.425744,7.9208384,4.810357,0.0,4.8923793,5.4418387,12.452898,14.000948,15.635983,19.344545,20.44766,18.241285,15.015874,11.264951,12.399713,6.7624288,8.612869,6.896639,8.15525,7.803996,10.438491,13.519779,15.471178,17.18599,16.56446,20.963003,23.039078,24.116972,20.239672,23.024427,19.261936,19.871796,22.39529,24.54834,21.78073,25.288202,21.691116,24.277975,24.833702,24.72834,28.03406,26.351273,28.295147,25.495134,19.859196,18.722878,17.27018,18.555971,18.809261,16.159166,18.864857,20.97048,22.008198,25.350399,23.380127,19.752745,19.12293,16.415289,16.370869,14.361107,14.750732,14.3363,14.495757,18.036894,18.023603,17.20968,19.797312,17.765247,13.624245,18.027657,18.388887,16.500349,13.80871,15.949899,16.264479,16.477417,15.626131,18.039085,14.812348,19.429604,18.826113,23.231857
30,27.171133,22.922052,23.881607,19.795015,17.743427,20.159506,15.539567,20.168118,16.271595,20.582363,18.936716,22.744465,21.972652,18.987097,17.594984,12.93602,12.526471,8.330857,10.110567,8.111044,8.73122,12.934836,12.653741,16.01599,16.215542,16.437286,14.196609,11.57088,5.259223,4.8923793,0.0,6.5524344,10.571335,12.847728,14.257479,17.713041,19.85327,17.876904,15.099189,11.942866,12.4073105,8.188661,7.1597075,6.0308523,10.145836,8.800738,12.613214,15.018544,16.130722,16.966799,15.269928,19.584236,20.874147,21.456043,17.444736,19.989067,15.645105,16.535828,18.520208,20.345135,17.35076,21.006996,17.59753,20.122345,21.526316,21.024761,24.630642,23.102085,25.75217,23.005785,17.004011,16.06877,13.83574,14.952006,14.199302,11.636487,14.077379,16.111517,17.315668,20.667013,19.019772,15.215196,14.897738,11.819558,11.6828575,9.478556,10.602658,11.117082,12.27682,16.04822,16.983871,17.182344,19.267282,16.457632,13.552628,17.939692,17.322882,16.74879,12.998168,16.122736,17.058355,16.182621,14.629895,16.144293,11.868512,16.113726,14.701443,19.075888
31,29.38786,25.143665,26.798979,22.109783,21.068752,22.988657,19.621687,23.59183,19.790846,24.021507,21.32119,24.515903,22.70814,19.231443,17.567186,13.416251,11.47475,9.13184,7.436134,8.375591,7.0975447,11.68343,11.037757,15.2275305,16.717133,18.590878,16.756975,12.993405,9.611054,5.4418387,6.5524344,0.0,8.190472,8.785092,10.695871,14.226967,15.170256,13.326864,9.711033,5.9153194,8.315605,5.032052,7.1259265,9.188449,11.713364,12.62543,15.455523,18.770546,20.446955,22.014097,21.009007,25.261063,27.085445,27.523539,23.204035,25.233128,20.896532,20.919262,22.667913,25.348087,22.420055,26.886763,23.874054,26.38787,27.999058,27.11941,30.760157,28.821266,31.452976,28.141829,22.238518,21.905493,19.558195,21.423428,19.914104,17.643646,19.115097,20.323774,20.652033,23.650682,20.993008,17.895418,16.382523,14.6569395,15.79431,14.577896,15.976175,17.491041,18.21608,22.10526,22.39666,21.916191,23.967098,21.544106,17.91165,21.3608,21.101887,18.715076,15.243344,16.502674,16.010187,15.372559,15.257508,15.983827,14.205308,18.170645,17.73329,22.219011
32,34.404114,30.254663,30.700478,25.788187,24.342628,24.751175,21.159613,22.937256,18.174831,21.364962,16.972075,20.243454,18.98289,15.120855,15.638817,11.346419,12.48148,11.479058,12.530435,14.900722,15.049021,19.525803,19.171524,23.402517,24.484604,25.988014,23.333212,19.873682,15.552684,12.452898,10.571335,8.190472,0.0,6.047907,3.99679,7.824612,9.979951,8.070766,6.9768224,7.1146193,5.239181,8.344574,6.346014,11.661086,15.882351,17.356462,20.83054,24.02794,24.701397,25.638704,23.90333,27.500744,28.89013,28.015734,23.22823,23.811216,19.110544,18.178238,18.630108,22.00834,19.305956,25.008213,23.390192,26.155977,29.50525,28.29291,32.307518,30.835457,34.48653,31.385666,25.237654,25.185326,21.907482,22.914263,19.354939,17.102562,16.450397,16.537664,15.538962,18.055855,14.539636,12.489948,11.47939,11.138212,14.457151,13.313747,17.356398,20.175428,22.145287,25.912367,27.301702,27.70816,29.489103,26.405806,23.880007,27.39626,26.220165,24.918333,20.528666,22.202707,21.844366,19.849304,19.559465,17.833096,16.300983,18.606869,16.905664,20.991512
33,31.949326,27.978092,28.661844,23.436167,22.853008,22.781693,20.592947,22.081203,18.224337,21.537106,17.479662,19.603193,17.022104,13.250778,12.507162,9.556059,8.804112,9.926819,9.478545,13.623305,14.224524,17.897345,18.969162,22.753208,25.173632,26.91515,25.424921,21.759758,17.286215,14.000948,12.847728,8.785092,6.047907,0.0,5.127719,6.423379,8.52185,8.837576,5.3641644,5.26594,8.729378,11.457136,11.296059,15.878432,19.6159,20.653515,23.921728,27.1103,28.377447,29.477661,27.77109,31.775059,32.885044,32.542915,28.020376,29.066135,24.135675,23.680807,23.89618,26.738598,23.704245,28.984629,26.938211,28.976467,32.019985,29.966564,33.905952,31.706598,35.317005,31.4804,25.576157,26.364435,22.972265,25.495474,21.623253,20.429087,19.953012,19.478266,18.742674,20.702501,17.310076,15.581424,12.325171,12.933236,15.6398535,16.131956,18.461962,22.335224,23.733225,27.808113,28.618273,28.796753,30.009226,27.039255,24.497004,26.743008,25.461458,23.227423,18.943153,19.384617,18.33111,16.050722,16.630579,14.061759,14.708641,16.569788,16.28658,20.189833
34,36.44346,32.390785,32.851112,27.741035,26.692171,26.588905,23.671993,24.749537,20.204668,23.021505,18.124939,20.713936,18.951548,15.02886,15.840078,12.461309,13.368296,13.672126,13.962418,17.34523,17.396631,21.586157,21.480602,25.711912,27.289719,29.154074,26.72692,23.060917,19.101093,15.635983,14.257479,10.695871,3.99679,5.127719,0.0,4.233563,6.059911,4.9842443,4.7496624,7.1320624,6.09311,11.077742,10.026315,15.454652,19.250883,21.076536,24.360268,27.712482,28.505028,29.555908,27.89028,31.462858,32.852947,31.863823,27.044674,27.34837,22.676718,21.48571,21.523207,25.045803,22.43617,28.326132,26.979168,29.580908,33.16291,31.627323,35.673637,34.02142,37.816288,34.45491,28.371931,28.666695,25.235811,26.612793,22.596382,20.709602,19.581907,19.074903,17.597027,19.535568,15.613278,14.479743,12.700873,13.513765,17.16424,16.694118,20.570644,23.90209,25.79954,29.6575,30.930513,31.258661,32.885506,29.814772,27.261137,30.332685,29.09019,27.350378,22.978178,23.993656,23.150566,20.981691,21.23741,18.708767,18.443264,20.16027,18.87543,22.675797
35,37.6072,33.739914,33.875317,28.679678,27.91325,27.049591,24.834305,24.875898,20.649725,22.896566,17.652323,19.392168,17.242208,13.488054,14.838232,12.649663,13.920131,15.42003,15.867979,19.89005,20.419153,24.257507,24.834185,28.862524,30.904972,32.719704,30.621412,26.959381,22.622374,19.344545,17.713041,14.226967,7.824612,6.423379,4.233563,0.0,4.6786838,6.393646,6.9043994,9.985574,10.141605,15.222536,14.103772,19.476784,23.441103,25.062098,28.435371,31.70988,32.50633,33.42391,31.54535,35.097923,36.16092,35.040474,30.305513,30.383865,25.583862,24.403255,23.808382,27.124563,24.50735,30.416607,29.37146,31.60792,35.56917,33.512978,37.582024,35.754116,39.832214,36.228394,30.294487,31.069105,27.369179,29.17184,24.444262,23.181225,21.463419,20.227047,18.404184,19.618576,15.583153,15.357831,12.712444,14.678615,18.520525,18.905634,22.590847,26.68548,28.639992,32.55394,33.87491,34.368034,35.63138,32.436253,30.231073,32.731113,31.174044,29.401983,24.906416,25.525026,24.49126,21.882463,22.410757,18.857277,19.640005,20.423634,19.410364,22.691425
36,40.277134,36.36917,37.04636,31.783688,31.268,30.777836,28.65811,29.207222,25.049164,27.50062,22.317686,24.022907,21.670864,17.975212,18.841722,16.731962,16.935383,18.397253,17.510006,21.690062,21.343058,25.053238,24.97935,29.148993,31.234417,33.65548,31.464016,27.554691,24.376545,20.44766,19.85327,15.170256,9.979951,8.52185,6.059911,4.6786838,0.0,3.9335108,5.7210283,9.859636,9.814291,15.494476,15.507853,20.912197,24.00167,26.345512,29.268541,32.850346,33.83983,35.137882,33.703705,37.270508,38.836666,37.794685,32.915462,32.991863,28.46485,26.978695,26.812883,30.538614,28.087315,34.11547,32.96334,35.477886,39.139626,37.388485,41.433342,39.57945,43.397755,39.761757,33.780697,34.344498,30.884815,32.599354,28.392023,26.716915,25.346115,24.447622,22.60122,23.961098,19.811687,19.560282,17.285889,18.9146,22.629753,22.610783,26.213703,29.79438,31.515306,35.45806,36.49464,36.594566,38.161297,35.21912,32.44928,35.084305,33.942284,31.542234,27.412083,27.552353,26.047508,23.972515,24.960718,21.882074,23.054348,24.302397,23.620886,27.083448
