,0,1,2,3,4,5,6,7,8,9,10,11,12,13,14,15,16,17,18,19,20,21,22,23,24,25,26,27,28,29,30,31,32,33,34,35,36,37,38,39,40,41,42,43,44,45,46,47,48,49,50,51,52,53,54,55,56,57,58,59,60,61,62,63,64,65,66,67,68,69,70,71,72,73,74,75,76,77,78,79,80,81,82,83,84,85,86,87,88,89,90,91,92,93,94,95,96,97,98,99,100,101,102,103,104,105,106,107,108,109
0,0.0,3.5311975,7.157741,10.688224,13.556967,16.259653,19.030342,21.891329,25.075,27.106672,30.676043,32.144962,34.500984,32.25358,33.123005,28.1653,27.257776,24.655481,24.417706,23.506388,21.544167,23.581812,19.361713,20.9368,23.844841,23.825666,27.877012,30.21994,31.765781,35.689552,34.511196,40.81386,38.94322,41.077423,36.573605,32.324688,31.945175,36.02613,33.07793,29.402908,31.30237,34.368603,30.474596,27.507782,31.835314,32.977055,28.148958,27.224821,31.534227,32.29526,35.615234,33.278008,38.2188,39.429173,39.843277,40.578716,37.52446,40.931465,44.37961,41.614567,40.3739,45.918808,49.177437,49.71431,45.33958,44.650482,49.982513,49.43843,45.074284,48.68062,51.102295,48.56728,45.80294,50.49074,46.807896,51.234222,49.391586,45.401756,47.81215,43.065975,42.32985,40.780132,38.478992,37.128853,38.771378,34.00213,38.352085,34.818142,37.50754,38.032227,38.495655,37.0115,37.602154,40.80974,39.327385,38.49198,39.188305,37.031967,37.721664,34.70109,35.75094,36.103252,37.764034,38.902546,35.5693,37.97022,32.155205,31.948843,28.724638,25.409576
1,3.5311975,0.0,4.0527678,7.6790414,10.24268,13.147106,15.761846,18.707523,21.87996,23.803244,27.436848,28.767818,31.095045,28.77403,29.720005,24.83871,23.949793,21.580137,21.375723,20.905437,19.270182,21.667568,18.041437,18.69689,21.51015,21.092844,25.173084,27.22349,28.817238,32.583755,31.606125,37.681087,35.771008,38.12791,33.796894,29.421844,29.2238,33.501453,30.564768,26.835375,29.0431,32.273407,28.28375,25.537962,30.081905,31.321886,26.466972,25.920504,30.423605,31.024937,34.031116,32.11,37.062546,37.964058,38.303276,38.83131,35.521656,38.83653,42.494823,39.636463,38.031788,43.65983,46.754173,47.304516,42.77781,41.972034,47.268044,46.581264,42.345432,46.18241,48.3991,45.738026,43.20005,48.047783,44.454685,49.00694,47.24643,43.31737,46.055664,41.30484,40.805176,39.553997,36.94612,35.329662,36.643795,31.801493,35.804424,31.99464,34.50712,34.881847,35.18742,33.642197,34.44141,37.695446,36.37606,35.657135,36.481045,34.5626,35.605988,32.73936,34.109688,34.722565,36.603935,37.440556,34.007233,35.995132,29.994823,29.591,26.158813,22.788422
2,7.157741,4.0527678,0.0,5.0257115,7.8199763,9.760153,13.186012,15.283336,18.899168,20.345663,24.109556,25.363142,27.949833,25.677727,27.346432,22.511337,22.06357,20.186975,20.43651,20.709963,19.806917,22.648903,19.822609,19.182245,21.614529,20.545313,24.333002,25.827784,27.152813,30.731007,29.564524,35.245,32.909695,35.413647,31.34353,26.962273,26.61647,31.211458,28.67301,24.87764,27.003872,30.862741,27.028772,24.202066,28.776924,30.698278,26.017899,25.32133,30.056776,30.168201,33.082054,32.055237,36.68086,37.137077,37.742,38.29559,34.644436,37.99704,41.685528,38.394672,36.608463,42.388767,45.23678,45.56418,40.862255,40.15654,45.48924,44.739113,40.8064,44.91711,46.973747,44.26239,42.07906,47.160908,43.557495,48.297543,46.79633,42.892742,46.065907,41.19364,41.07414,40.093517,37.283916,35.266468,36.254135,31.262157,34.85853,30.81519,32.971004,33.20678,33.156216,31.570362,32.999344,36.35741,35.38353,34.839775,35.77223,34.37247,35.726685,33.22348,34.83084,35.733494,37.899033,38.304096,34.767483,36.292545,30.059546,29.151207,25.572058,21.927608
3,10.688224,7.6790414,5.0257115,0.0,3.9964511,5.703437,8.923928,11.2800865,14.486459,16.591232,20.030457,21.725525,24.16804,22.291452,23.914852,18.659594,18.870255,16.618805,18.316196,18.057962,18.223452,21.245867,18.950878,17.032135,18.725723,17.443398,20.51735,21.989643,22.792467,26.612253,24.839563,30.750614,28.446768,30.669561,26.437195,22.124046,21.721365,26.221693,23.672832,19.87764,22.012632,25.898962,22.133726,19.304285,23.92966,26.032377,21.490108,20.850628,25.665243,25.61162,28.308897,27.734846,32.184647,32.404823,33.072475,33.657455,29.876991,33.29746,36.911118,33.458836,31.694721,37.51065,40.33489,40.57816,35.89808,35.308033,40.706665,40.106388,36.20064,40.242718,42.447136,39.918488,37.699417,42.80648,39.05172,43.84563,42.54934,38.592,41.946884,36.93296,37.07231,36.219845,33.384598,31.099491,32.043053,26.946503,30.574018,26.815388,28.966856,29.589685,29.732822,28.662079,30.303007,33.777813,32.670486,31.863064,32.42586,31.496178,32.407703,30.382814,31.762697,32.816826,35.25165,35.21718,31.62733,33.02365,26.673643,25.228136,21.857706,17.83819
4,13.556967,10.24268,7.8199763,3.9964511,0.0,4.9106965,5.5270634,9.358158,11.796647,14.1412,17.548857,18.960077,21.034203,18.953577,20.077528,14.908991,14.887234,12.808392,14.54205,14.714508,15.367894,18.620287,17.259071,14.26803,15.714325,13.964681,17.109,18.27244,19.377087,22.966568,21.853529,27.55176,25.577204,28.187872,24.171059,19.595469,19.859608,24.438442,21.57596,17.81534,20.79111,24.317417,20.29559,18.268755,23.153301,24.737448,20.191353,20.632515,25.368553,25.435417,27.401402,26.92557,31.5436,31.515402,31.750805,31.845564,27.895237,31.000986,34.98793,31.79802,29.400951,35.182327,37.84179,38.321735,33.509148,32.560963,37.808887,36.954967,33.08066,37.356316,39.247837,36.506653,34.48111,39.688892,36.16399,41.016098,39.680286,35.87322,39.489388,34.64881,34.948982,34.48961,31.270561,28.81905,29.306896,24.285511,27.401068,23.26677,25.291653,25.716366,25.82268,24.708927,26.313236,29.794617,28.749191,28.029743,28.73782,27.957401,29.30748,27.397905,29.185314,30.50233,33.077602,32.788616,29.178082,30.062298,23.664131,22.184614,18.557611,14.723807
5,16.259653,13.147106,9.760153,5.703437,4.9106965,0.0,5.6770563,5.6613984,9.514698,11.050908,14.549537,16.29734,19.031115,17.44145,20.130081,14.999463,16.257175,14.896223,17.670925,18.331886,19.7282,23.049,21.997547,18.49444,19.305506,17.144892,19.260916,19.7125,19.889,23.308302,21.175123,26.37743,23.49311,25.918596,22.143925,17.856716,17.3388,22.300106,20.396595,16.643503,18.779625,23.47005,20.076935,17.49359,21.998518,24.943611,20.953503,20.430418,25.28774,24.532122,26.72462,27.571812,31.411491,30.882683,31.807425,32.300106,28.075048,31.394653,35.030712,31.05906,28.918884,34.842403,37.22684,37.179962,32.274265,31.794867,37.16466,36.47261,33.075912,37.470837,39.3969,36.84653,35.192364,40.558723,36.861824,41.854557,40.973488,37.14813,41.107113,36.051647,36.782143,36.414364,33.319824,30.486727,30.84656,25.726334,28.53509,24.594717,26.110838,26.614159,26.292925,25.395428,27.95836,31.5094,30.865187,30.2491,30.849285,30.803926,32.042545,30.696238,32.33672,33.788258,36.563488,35.871822,32.26312,32.90145,26.483364,24.274094,20.924112,16.750172
6,19.030342,15.761846,13.186012,8.923928,5.5270634,5.6770563,0.0,5.9334774,6.5940356,9.641827,12.560944,14.105763,15.830327,14.090067,15.280182,9.836429,10.934795,9.281287,12.89615,13.430171,15.698902,19.027317,19.062218,14.3755245,14.531907,11.9617605,13.777478,14.055505,14.569055,17.976389,16.675373,22.070572,20.088665,22.863825,19.107916,14.402685,15.15055,19.848753,17.080826,13.438637,17.019815,20.585289,16.711222,15.469065,20.299799,22.020996,17.997835,19.156576,23.71037,23.43136,24.550295,25.07986,29.291275,28.64475,28.786568,28.576363,24.278986,27.15311,31.286978,27.93723,24.9993,30.803965,33.13501,33.56804,28.59532,27.548437,32.734684,31.783058,28.185995,32.724102,34.396164,31.640976,29.982233,35.378983,31.924576,36.922314,35.898693,32.22653,36.36071,31.550524,32.378895,32.43765,28.935642,25.996422,25.893476,20.908756,23.259123,19.023676,20.612122,21.141958,21.13789,20.494032,22.680288,26.24257,25.383116,24.635553,25.177784,25.271908,26.705832,25.555855,27.491272,29.194439,32.101112,31.117535,27.53422,27.675968,21.290277,19.037962,15.522317,11.585231
7,21.891329,18.707523,15.283336,11.2800865,9.358158,5.6613984,5.9334774,0.0,4.841079,5.5178843,8.922753,10.829116,13.739676,12.669189,16.402563,11.697487,14.2299185,13.933067,17.717632,19.032976,21.511538,24.87614,24.955013,20.27171,20.168259,17.38429,18.268572,17.590315,17.021774,19.820026,17.40541,21.650982,18.250395,20.95204,17.810429,13.626588,13.240553,18.549282,17.33239,13.906717,16.187515,21.30151,18.415588,16.547638,20.677927,24.084791,20.843628,20.77458,25.353392,24.067223,25.44335,27.567099,30.779844,29.51388,30.511301,30.771317,26.215284,29.2534,32.907528,28.613722,25.983105,31.86202,33.736794,33.472477,28.38431,27.935652,33.16472,32.350544,29.519922,34.22377,35.803352,33.251953,32.20621,37.74404,34.19786,39.306465,38.836285,35.23295,39.732716,34.773,36.071766,36.232616,32.91303,29.624552,29.338118,24.404856,26.207325,22.225958,23.0045,23.416397,22.671791,22.122833,25.540443,29.069586,28.850761,28.387415,28.949408,29.821205,31.30097,30.682482,32.519985,34.32317,37.36063,36.041527,32.51367,32.375645,26.127777,23.25721,20.137043,16.183598
8,25.075,21.87996,18.899168,14.486459,11.796647,9.514698,6.5940356,4.841079,0.0,4.752727,6.2460694,8.65861,10.476331,10.046972,12.87312,7.9938736,11.547455,11.307337,16.298464,17.22687,20.584976,23.74393,24.620068,19.162773,18.182856,15.25223,14.916992,13.732518,12.530749,15.253987,12.623784,16.97055,14.029741,16.816906,13.653705,9.16461,9.794167,14.925748,13.353191,10.219561,13.461332,17.857466,15.012868,14.284815,18.290426,21.106136,18.31666,19.282665,23.434462,22.262941,22.666565,25.095304,28.184666,26.605421,27.19005,27.025593,22.35592,25.067425,28.908957,24.851288,21.667889,27.461329,29.186539,29.112972,23.952513,23.247278,28.408058,27.52906,24.708763,29.497759,30.975222,28.44717,27.492569,33.05819,29.593447,34.72355,34.37996,30.905445,35.64218,30.821384,32.40564,32.946636,29.45163,25.946005,25.24942,20.5154,21.760977,17.946154,18.514929,19.249641,18.774494,18.923645,22.328308,25.819118,25.461988,24.78374,25.023506,26.431173,27.70924,27.636654,29.440762,31.441486,34.625443,32.875717,29.460445,28.873468,22.86469,19.582216,16.815693,13.164343
9,27.106672,23.803244,20.345663,16.591232,14.1412,11.050908,9.641827,5.5178843,4.752727,0.0,4.1688323,5.33268,8.586771,7.9949574,13.179918,9.946873,13.328406,14.555114,18.402685,20.60548,23.703157,27.006424,28.112444,22.70083,22.004921,18.767138,18.731197,16.769108,15.794494,17.354897,15.462642,17.901773,13.998495,17.488123,15.629819,11.798979,12.108509,17.354439,16.866102,14.204402,16.74289,21.667397,19.324717,18.54776,22.137568,25.489746,22.970392,23.596416,27.73235,26.176294,26.611454,29.616175,32.335827,30.44759,31.288277,31.117552,26.380379,28.870972,32.627323,28.317963,24.986822,30.595663,31.806498,31.454498,26.215063,25.579662,30.41411,29.267742,27.172771,32.267666,33.21266,30.511755,30.29526,35.953003,32.803,37.943653,37.809067,34.585266,39.578655,34.927002,36.705517,37.44921,33.859127,30.267883,29.203527,24.704939,25.170605,21.002508,20.809673,20.774551,19.34821,18.948902,23.263245,26.631365,27.020197,26.907583,27.644817,29.341692,31.378218,31.346817,33.554714,35.683815,38.86689,37.056076,33.680664,32.67341,26.79097,23.594387,20.677927,17.444075
10,30.676043,27.436848,24.109556,20.030457,17.548857,14.549537,12.560944,8.922753,6.2460694,4.1688323,0.0,3.811688,6.2512197,7.6224337,12.730721,10.315267,14.470357,15.779579,20.371517,22.169975,25.806253,28.911339,30.389267,24.62371,23.309752,20.136885,18.986673,16.58794,14.662611,15.725241,13.04873,14.532139,10.091577,13.494983,12.289783,9.173061,9.607397,14.446625,14.709178,12.825162,15.049224,19.776028,18.138205,17.95382,20.86231,24.354948,22.605694,23.398085,27.06425,25.233345,25.04018,28.848335,30.96065,28.619543,29.525898,29.284454,24.523174,26.769068,30.290771,25.820454,22.366241,27.747316,28.585253,28.007566,22.7832,22.324257,27.019737,25.974092,24.350965,29.416906,30.282862,27.830837,27.947723,33.543514,30.427834,35.523754,35.767483,32.710487,37.918137,33.364746,35.51529,36.525898,33.00548,29.211946,27.863008,23.693293,23.563107,19.971535,19.282227,19.581089,18.184267,18.6039,23.179401,26.385103,26.824482,26.569668,26.933031,29.292158,30.967245,31.552902,33.5414,35.77451,39.06362,36.84731,33.633316,32.310688,26.803919,23.171144,20.859915,17.94451
11,32.144962,28.767818,25.363142,21.725525,18.960077,16.29734,14.105763,10.829116,8.65861,5.33268,3.811688,0.0,3.9915545,4.791682,11.167949,10.345481,13.952895,16.372782,19.977077,22.745731,26.242294,29.370579,31.3194,25.4581,24.286152,20.85341,20.015707,17.010715,15.760703,15.7930155,14.810333,14.853085,10.68948,15.102102,14.938302,11.958794,13.111618,17.604042,17.71819,16.010765,18.673704,22.956434,21.153563,21.39419,24.427652,27.452345,25.593075,26.864323,30.522696,28.865585,28.428522,32.001858,34.30313,31.939932,32.526257,31.898426,27.15507,28.997002,32.79914,28.69299,24.727087,29.85059,30.356804,29.999088,24.755777,23.853481,28.083363,26.554134,25.297504,30.680233,30.899614,28.063839,28.737436,34.386307,31.740957,36.7997,36.9738,34.205612,39.575138,35.335953,37.513477,38.798004,35.00834,31.242235,29.457083,25.550823,24.678328,20.507322,19.292513,18.74915,16.616932,16.473446,21.55425,24.608679,25.608013,25.847961,26.729403,29.193005,31.708897,32.229538,34.733517,37.118744,40.373753,38.145233,34.983536,33.18027,27.82737,24.482277,21.900028,19.528784
12,34.500984,31.095045,27.949833,24.16804,21.034203,19.031115,15.830327,13.739676,10.476331,8.586771,6.2512197,3.9915545,0.0,3.827327,8.584216,9.37056,12.965544,15.78763,19.452343,22.151379,25.99291,28.868382,31.42628,25.268293,23.644197,20.231464,18.701893,15.130255,13.758019,12.764262,12.801205,11.546257,8.21431,13.329964,13.905766,11.278627,13.509358,17.181173,17.015053,15.93594,19.133554,22.376163,20.680473,21.864847,24.694788,26.927803,25.41374,27.48976,30.74876,29.337196,28.1608,31.660137,33.929085,31.4323,31.525305,30.40201,25.755981,27.048676,31.038479,27.443144,22.892231,27.635746,27.837055,27.796186,22.588127,21.20343,25.03003,23.178547,22.162672,27.708246,27.488834,24.491951,25.553675,31.167706,28.87866,33.85297,34.08599,31.617577,37.147408,33.25699,35.609226,37.270306,33.32103,29.523256,27.25237,23.824331,22.072842,17.946875,16.164217,15.4456415,13.17623,13.605384,18.787848,21.64731,22.749353,23.019365,23.83315,26.761162,29.425272,30.335093,32.966446,35.500168,38.77198,36.27351,33.298607,30.985737,26.085135,22.717587,20.461233,18.826975
13,32.25358,28.77403,25.677727,22.291452,18.953577,17.44145,14.090067,12.669189,10.046972,7.9949574,7.6224337,4.791682,3.827327,0.0,6.9072075,7.801715,10.493265,13.941924,16.603,20.062483,23.521553,26.508476,29.127596,23.119188,21.929596,18.344227,17.735615,14.212661,14.000685,13.18624,14.519714,14.261962,11.760471,16.848316,16.738087,13.311988,15.676724,19.801449,18.876013,17.209871,20.9467,24.166235,21.794054,22.810755,26.23857,28.084415,25.93177,28.23042,31.805706,30.728682,29.855612,32.584167,35.46532,33.332703,33.178307,31.920168,27.287523,28.642427,32.988026,29.700941,25.036785,29.941345,30.445414,30.744198,25.501076,23.795296,27.658993,25.594166,24.103655,29.741537,29.435827,26.075788,26.90142,32.577347,30.41015,35.408672,35.22848,32.704533,38.090935,34.242203,36.27446,37.839046,33.699898,30.084808,27.875505,24.267643,22.769388,17.868683,16.428026,15.071649,12.563782,11.8372135,16.99069,20.019392,21.238552,21.811398,23.172497,25.540651,28.867025,29.239946,32.281887,34.806293,37.980423,35.794052,32.715015,30.44176,25.299706,22.419401,19.553484,17.988235
14,33.123005,29.720005,27.346432,23.914852,20.077528,20.130081,15.280182,16.402563,12.87312,13.179918,12.730721,11.167949,8.584216,6.9072075,0.0,5.826234,6.6327515,10.592142,12.777307,15.940718,19.737858,22.189709,25.780205,19.537476,17.78577,14.384498,13.199008,9.003613,10.098693,8.059184,12.668847,12.776511,13.209974,18.019527,17.553082,14.055976,17.694761,20.790709,18.486065,17.259485,22.073812,23.400713,20.540253,22.821102,26.374636,26.390694,24.210073,27.96497,31.054619,30.80871,29.140152,30.727781,34.173687,32.36877,31.142544,29.028309,24.756279,25.351196,30.271519,28.273794,22.880709,27.291983,27.941101,29.187868,24.18125,21.47964,24.872862,22.354181,20.211252,25.875406,25.174082,21.321634,21.947615,27.524796,25.875784,30.701454,30.04549,27.816656,33.107677,29.817778,31.675673,33.629215,29.157679,25.793257,23.048567,20.07298,17.718422,12.192888,10.598747,8.540529,6.4638295,6.1695766,10.486443,13.670323,14.44316,14.914436,16.435799,18.8957,22.757416,23.25506,26.70302,29.389357,32.476963,30.178621,27.320967,24.431381,19.825617,17.45905,14.712916,14.673118
15,28.1653,24.83871,22.511337,18.659594,14.908991,14.999463,9.836429,11.697487,7.9938736,9.946873,10.315267,10.345481,9.37056,7.801715,5.826234,0.0,4.5552745,6.4242134,10.9029045,12.797151,16.7683,19.585337,22.184893,15.942516,14.323935,10.864733,10.051241,7.147732,7.7797832,9.0294,10.671865,14.016577,13.507015,17.477707,15.3170185,10.867027,14.062758,17.789698,14.92526,12.805572,17.769506,19.644653,16.251997,17.802195,21.836706,22.241806,19.485579,22.777088,26.260994,26.045227,25.058308,26.366043,30.11031,28.635239,27.783142,26.262587,21.809002,23.305906,28.09182,25.567196,20.8774,26.04636,27.481949,28.467793,23.33874,21.232262,25.622046,23.85209,20.815006,26.094194,26.588194,23.261223,22.6697,28.319664,25.727898,30.769278,29.98025,27.033691,32.006935,27.978758,29.5486,30.864767,26.649948,23.259754,21.44832,17.45356,17.017546,11.816181,11.968333,11.793555,11.426112,11.497461,14.368784,17.865067,17.507984,17.066092,17.823984,19.439318,22.019089,22.058332,24.851679,27.263689,30.428982,28.443684,25.224426,23.455963,17.878428,15.125409,11.933572,10.278756
16,27.257776,23.949793,22.06357,18.870255,14.887234,16.257175,10.934795,14.2299185,11.547455,13.328406,14.470357,13.952895,12.965544,10.493265,6.6327515,4.5552745,0.0,4.808369,6.65678,9.849972,13.38173,16.142387,19.33613,13.201931,12.0539875,8.431958,9.254643,6.7319994,9.766535,10.549121,14.13438,17.33293,17.622868,21.70206,19.562029,15.146419,18.382414,21.936823,18.541283,16.350939,21.551472,22.809837,18.950634,20.639362,24.975721,24.45713,21.209175,25.054415,28.535732,28.876848,27.930824,28.13478,32.50971,31.472301,30.093756,28.198877,24.070072,25.25937,30.37231,28.590801,23.74542,28.630844,30.215324,31.684193,26.734322,24.186085,28.210424,26.139812,22.801657,27.975973,28.155388,24.463022,23.713171,29.162868,27.0048,31.838074,30.521975,27.747562,32.413105,28.767124,29.89936,31.240625,26.795559,23.830797,21.943838,18.239323,17.765333,11.884927,12.488832,11.428398,11.251971,10.187079,11.748931,15.313058,14.77018,14.632623,16.14537,16.85005,20.488647,19.810108,23.292023,25.714386,28.67025,27.066906,23.869884,21.941992,16.420559,14.77847,10.905407,10.318591
17,24.655481,21.580137,20.186975,16.618805,12.808392,14.896223,9.281287,13.933067,11.307337,14.555114,15.779579,16.372782,15.78763,13.941924,10.592142,6.4242134,4.808369,0.0,6.7058377,6.484746,10.63087,13.370338,15.880441,9.563976,8.013057,4.491982,5.7426853,5.7686753,8.641899,11.466747,13.423599,18.544933,19.029587,22.181427,18.962727,14.451825,17.378626,20.619192,16.513298,14.038478,19.300896,20.02703,15.713241,17.252192,21.806181,20.741285,17.050087,21.093632,24.550896,25.308542,24.606695,24.006134,28.789204,28.204325,26.719078,25.0343,21.083994,22.68516,27.71934,26.093288,21.785063,26.85332,29.064125,30.607504,25.856579,23.551756,27.989323,26.440178,22.3713,26.988688,28.00489,24.746136,22.975857,28.234303,25.521513,30.321108,28.780819,25.56074,29.79284,25.778353,26.559797,27.454243,23.195574,20.395742,19.254913,15.035032,16.124752,10.987267,13.042182,13.439914,14.526216,14.35751,14.783864,18.22231,16.618397,15.510769,16.062521,16.051123,18.239424,17.250225,20.056652,22.23653,25.22728,23.845318,20.437151,19.438772,13.325535,11.634903,7.491569,5.8989334
18,24.417706,21.375723,20.43651,18.316196,14.54205,17.670925,12.89615,17.717632,16.298464,18.402685,20.371517,19.977077,19.452343,16.603,12.777307,10.9029045,6.65678,6.7058377,0.0,6.1755877,7.7467895,10.521991,14.029645,8.751403,9.193911,6.4379573,10.438079,10.297119,14.421785,15.740012,19.564993,23.504358,24.181482,27.990854,25.31467,20.788275,23.729055,27.210182,23.197525,20.711786,25.902643,26.64531,22.244345,23.617237,28.307184,26.854412,22.875051,26.960476,30.47581,31.548529,31.02772,29.638977,34.84301,34.569424,32.752937,30.751612,27.145113,28.326756,33.562424,32.501686,27.983946,32.68508,34.74293,36.62063,31.939001,29.234604,33.138565,31.097578,27.203318,31.874405,32.19533,28.448658,27.03335,32.005157,30.045149,34.52117,32.501442,29.722548,33.6003,30.249063,30.56196,31.524635,27.108517,24.925741,23.577097,20.072435,20.556774,14.923358,16.584486,15.452914,15.945736,14.141744,13.31321,16.410526,15.117197,14.980139,16.960491,15.60554,19.7668,17.629059,21.56851,23.666311,26.162767,25.478086,22.288103,20.964092,15.540577,15.685103,11.390394,11.561525
19,23.506388,20.905437,20.709963,18.057962,14.714508,18.331886,13.430171,19.032976,17.22687,20.60548,22.169975,22.745731,22.151379,20.062483,15.940718,12.797151,9.849972,6.484746,6.1755877,0.0,4.7310324,6.946914,10.095608,3.839755,3.0368712,2.2511342,7.0699263,9.590944,13.237186,15.922475,18.519917,23.926006,25.146585,27.969383,24.45139,20.18981,22.965448,25.689249,21.024773,18.698442,23.776758,23.417213,18.809925,20.376465,24.928093,22.408052,18.248438,22.845783,25.935831,27.634586,27.063345,24.573479,30.164547,30.422247,28.239958,26.269808,23.13714,24.45548,29.547724,29.024277,25.055529,29.603125,32.251358,34.335217,30.051731,27.499258,31.593164,30.08709,25.477911,29.389273,30.533903,27.31163,24.805817,29.389128,26.966316,31.24483,28.948353,25.803085,29.081108,25.530704,25.393387,25.951206,21.736599,19.922762,19.342518,15.714714,17.677422,13.244476,16.22134,16.618525,18.454601,17.979353,16.334208,19.239542,16.694233,15.224793,15.780539,13.705739,15.783486,13.293906,16.382814,18.216429,20.773241,20.281153,16.896826,16.638239,10.746386,11.370686,7.341829,7.7530437
20,21.544167,19.270182,19.806917,18.223452,15.367894,19.7282,15.698902,21.511538,20.584976,23.703157,25.806253,26.242294,25.99291,23.521553,19.737858,16.7683,13.38173,10.63087,7.7467895,4.7310324,0.0,3.5160534,6.414212,2.9445133,5.976676,6.839677,11.72038,14.224396,17.960314,20.503302,23.193176,28.57247,29.61019,32.54712,28.93029,24.55694,27.053394,29.995878,25.34481,22.795033,27.626179,27.450573,22.762352,23.785265,28.448107,25.868898,21.393454,25.565285,28.74473,30.70046,30.618296,27.40183,33.302273,33.981613,31.79583,29.970585,27.141039,28.53554,33.506134,33.15639,29.487478,33.962234,36.75219,38.894047,34.687656,32.166996,36.2081,34.6809,30.02278,33.74801,34.87651,31.618612,29.019115,33.317368,31.054478,35.084053,32.495457,29.431444,32.159683,28.84321,28.191853,28.379412,24.431091,23.210241,23.045397,19.671337,21.966124,17.730095,20.666025,20.680357,22.288237,21.196678,19.108212,21.710728,19.220793,18.093227,19.065777,15.987549,18.313387,14.848316,17.96016,19.309061,21.290007,21.714748,18.519136,18.896524,13.701602,15.340697,11.729029,12.043924
21,23.581812,21.667568,22.648903,21.245867,18.620287,23.049,19.027317,24.87614,23.74393,27.006424,28.911339,29.370579,28.868382,26.508476,22.189709,19.585337,16.142387,13.370338,10.521991,6.946914,3.5160534,0.0,5.605839,4.9996605,7.1199255,9.153911,13.205493,16.031376,19.796492,22.176556,25.141792,30.50557,32.034702,34.778812,31.148592,26.991066,29.61041,32.144276,27.290758,25.020832,29.833393,28.967285,24.34929,25.694002,30.1273,26.794727,22.489809,27.0259,29.775202,32.11977,31.805674,27.903587,33.952415,34.912872,32.309307,30.235025,27.873789,28.942146,33.873623,34.16572,30.564781,34.62782,37.514576,39.945484,36.028347,33.350117,37.104767,35.599434,30.784172,34.10735,35.230576,32.063625,29.194687,33.045753,31.031044,34.697136,31.802769,28.92183,31.13806,28.249321,27.21305,27.366741,23.519577,22.841116,22.796495,20.02257,22.35422,18.675356,21.808575,21.95557,23.96021,23.073395,20.189137,22.388662,19.472193,18.104603,18.85047,15.028548,17.000637,12.988951,16.065287,17.157375,18.758772,19.635187,16.711605,17.350042,13.015437,15.621867,12.697181,13.892598
22,19.361713,18.041437,19.822609,18.950878,17.259071,21.997547,19.062218,24.955013,24.620068,28.112444,30.389267,31.3194,31.42628,29.127596,25.780205,22.184893,19.33613,15.880441,14.029645,10.095608,6.414212,5.605839,0.0,6.399737,9.523281,11.88518,16.085295,19.50237,22.629087,25.828049,27.473816,33.6271,34.566998,36.934494,32.737473,28.53539,30.476927,33.14359,28.36252,25.745169,29.947863,29.463924,24.826077,25.186438,29.645311,26.676325,21.981714,25.551308,28.463802,30.951324,31.504244,27.048048,33.257374,34.699905,32.540585,31.163206,28.95844,30.674097,35.159836,35.07381,32.303963,36.638893,39.90865,42.030937,38.171352,35.988064,40.18379,39.091557,34.08925,37.135727,38.892944,36.07115,32.799755,36.60131,34.03575,37.70738,34.879486,31.602654,33.36795,30.015856,28.63094,27.965492,24.769648,24.35528,25.292686,22.034689,25.610577,22.454353,25.861462,26.463352,28.403694,27.553932,25.293394,27.723673,24.890287,23.390049,23.755066,20.104185,20.76082,16.778902,18.494318,18.891222,20.197609,21.723356,18.742693,20.789862,16.268402,18.421547,15.731588,15.561884
23,20.9368,18.69689,19.182245,17.032135,14.26803,18.49444,14.3755245,20.27171,19.162773,22.70083,24.62371,25.4581,25.268293,23.119188,19.537476,15.942516,13.201931,9.563976,8.751403,3.839755,2.9445133,4.9996605,6.399737,0.0,3.8578055,5.490372,10.038454,13.185763,16.419638,19.536215,21.414433,27.317795,28.296955,30.860233,26.943186,22.66832,24.993492,27.746069,23.010265,20.460335,25.150234,24.829967,20.128555,21.064676,25.679403,23.05141,18.509703,22.67121,25.810942,27.817015,27.798105,24.513636,30.423828,31.16754,29.071047,27.433744,24.609468,26.237598,31.069101,30.59748,27.206537,31.775894,34.74115,36.77389,32.635624,30.323145,34.568222,33.305683,28.49952,32.04797,33.562252,30.559715,27.669983,31.985424,29.369331,33.46717,30.990923,27.680264,30.38538,26.748695,26.123892,26.120775,22.291945,20.964529,21.143665,17.462193,20.38868,16.587183,19.819635,20.42139,22.288847,21.685469,19.92883,22.702797,20.037748,18.505018,18.890663,16.167566,17.44052,14.287914,16.737213,18.029531,20.238668,20.481865,17.096228,17.942715,12.305013,13.497388,10.035825,9.778779
24,23.844841,21.51015,21.614529,18.725723,15.714325,19.305506,14.531907,20.168259,18.182856,22.004921,23.309752,24.286152,23.644197,21.929596,17.78577,14.323935,12.0539875,8.013057,9.193911,3.0368712,5.976676,7.1199255,9.523281,3.8578055,0.0,3.6704323,6.591824,10.26345,13.276279,16.481699,18.343327,24.306915,25.770124,28.061657,24.20718,20.211231,22.848665,25.09451,20.19047,18.055689,22.945614,21.946947,17.340141,19.038717,23.39426,20.26739,16.103397,20.987501,23.757463,25.790249,25.145542,22.072296,27.827133,28.35848,25.976479,24.030222,21.202724,22.575682,27.53005,27.308857,23.685581,28.083687,31.012924,33.17907,29.153772,26.71983,30.856792,29.650932,24.755402,28.206348,29.779388,26.886765,23.859758,28.178677,25.51488,29.650137,27.252148,23.923126,26.857298,23.192709,22.822193,23.149334,19.072542,17.469715,17.373978,13.735996,16.551718,13.043387,16.519873,17.635841,19.970514,20.052412,18.21143,20.982576,18.028868,16.028013,15.814378,13.588801,14.230407,11.724327,14.060032,15.714833,18.338257,17.892513,14.4037895,14.848919,8.811702,9.646097,6.2838326,6.8319597
25,23.825666,21.092844,20.545313,17.443398,13.964681,17.144892,11.9617605,17.38429,15.25223,18.767138,20.136885,20.85341,20.231464,18.344227,14.384498,10.864733,8.431958,4.491982,6.4379573,2.2511342,6.839677,9.153911,11.88518,5.490372,3.6704323,0.0,5.311613,7.787725,11.173355,14.137635,16.35597,21.901768,22.998537,25.758478,22.214075,17.93881,20.74572,23.486301,18.877647,16.544582,21.68902,21.473932,16.899399,18.543499,23.089777,20.861645,16.81048,21.381567,24.539085,26.013893,25.355154,23.36274,28.748463,28.778824,26.764206,24.877108,21.502674,22.943888,28.027851,27.207386,23.17994,27.896362,30.490656,32.429756,28.044868,25.587757,29.832129,28.391348,23.8407,27.891834,29.123686,25.962109,23.532534,28.322273,25.707888,30.167677,28.103388,24.853867,28.42744,24.644627,24.799929,25.441004,21.200855,19.028164,18.343529,14.412398,16.337395,11.804392,14.739117,15.388694,17.200577,17.016033,15.931785,19.027405,16.629837,15.082117,15.409621,14.055313,15.838683,13.954914,16.786766,18.7515,21.531515,20.661226,17.209566,16.795263,10.617356,10.324292,6.0563164,5.7991595
26,27.877012,25.173084,24.333002,20.51735,17.109,19.260916,13.777478,18.268572,14.916992,18.731197,18.986673,20.015707,18.701893,17.735615,13.199008,10.051241,9.254643,5.7426853,10.438079,7.0699263,11.72038,13.205493,16.085295,10.038454,6.591824,5.311613,0.0,4.465551,6.7877746,10.185362,12.039722,17.80339,19.682806,21.869293,18.414276,14.728059,17.992632,19.801506,15.006658,13.503638,18.810667,17.541655,13.304763,16.176212,20.115978,17.33652,14.174221,19.510012,22.025473,23.408909,21.806557,20.426577,25.32674,24.950935,22.629827,20.355005,16.88238,17.952482,23.175364,22.593323,18.182217,22.705647,25.22479,27.299688,23.051191,20.447914,24.626446,23.335098,18.632303,22.605139,24.013779,21.089064,18.458055,23.364754,20.551607,25.157425,23.372477,20.067478,24.104671,20.21672,20.932568,22.063469,17.646118,14.899294,13.656037,9.6969595,11.179141,7.1004353,10.508479,12.389905,14.994594,16.167513,15.264789,18.236038,15.582928,13.347184,12.488562,12.559311,13.055552,12.745077,14.939047,17.247135,20.425386,18.575272,15.244778,14.183818,8.0855055,5.8945837,1.958251,3.5105233
27,30.21994,27.22349,25.827784,21.989643,18.27244,19.7125,14.055505,17.590315,13.732518,16.769108,16.58794,17.010715,15.130255,14.212661,9.003613,7.147732,6.7319994,5.7686753,10.297119,9.590944,14.224396,16.031376,19.50237,13.185763,10.26345,7.787725,4.465551,0.0,4.5926013,6.3555264,10.175304,14.487849,16.50049,19.424477,16.890745,13.219033,17.031822,19.083105,14.916769,13.713337,19.165318,18.502354,14.79901,17.881094,21.609188,19.670326,17.12337,22.096743,24.689049,25.476942,23.548412,23.410614,27.673532,26.660034,24.57384,22.137451,18.307493,18.964014,24.259157,23.320879,18.202871,22.667166,24.49206,26.45164,21.885172,18.986694,22.90823,21.101154,17.038834,21.810074,22.414524,19.021883,17.465202,22.813877,20.455772,25.253534,23.877394,21.01837,25.728533,22.155472,23.46411,25.127838,20.598415,17.500185,15.27646,11.902049,11.090189,5.421359,7.333062,8.485097,10.66309,12.039965,12.002731,15.159528,13.244817,11.603031,11.407059,12.87311,14.88731,15.26162,18.081228,20.659283,23.83838,21.603373,18.56051,16.359983,11.113236,8.618139,5.7885575,6.8959126
28,31.765781,28.817238,27.152813,22.792467,19.377087,19.889,14.569055,17.021774,12.530749,15.794494,14.662611,15.760703,13.758019,14.000685,10.098693,7.7797832,9.766535,8.641899,14.421785,13.237186,17.960314,19.796492,22.629087,16.419638,13.276279,11.173355,6.7877746,4.5926013,0.0,5.0018473,5.653009,11.106502,13.119888,15.277997,12.503398,9.303747,13.279147,14.706064,10.675349,10.128837,15.394778,14.549984,11.438324,14.965672,18.107538,16.695082,14.988561,19.661776,21.96425,22.294312,19.977007,20.98895,24.512928,23.008635,21.278814,19.09707,14.889707,15.775625,20.807787,19.24605,14.072205,18.871391,20.646818,22.241987,17.519861,14.949305,19.380707,18.02092,14.009752,18.833967,19.984043,17.145079,15.538993,21.089018,18.11679,23.175207,22.430428,19.345045,24.411188,20.401585,22.282124,23.96815,19.759861,16.13694,13.969319,10.33401,9.503637,5.7200413,6.9907107,9.701512,11.811623,14.223345,15.238184,18.202501,16.543324,14.703671,13.583921,15.994603,16.474754,17.766563,19.557228,22.03201,25.369379,22.693651,19.75941,17.834526,12.95716,9.091357,7.984703,7.725535
29,35.689552,32.583755,30.731007,26.612253,22.966568,23.308302,17.976389,19.820026,15.253987,17.354897,15.725241,15.7930155,12.764262,13.18624,8.059184,9.0294,10.549121,11.466747,15.740012,15.922475,20.503302,22.176556,25.828049,19.536215,16.481699,14.137635,10.185362,6.3555264,5.0018473,0.0,7.499156,8.738717,12.058008,15.036383,14.069849,11.724139,15.991968,17.113997,14.056666,14.192325,19.077673,18.182798,15.830595,19.56842,22.26107,20.862034,19.725142,24.431705,26.467348,26.625395,23.824652,25.26948,28.350021,26.480824,24.535778,21.849405,17.93266,17.78664,22.80838,21.713919,15.889053,19.747383,20.560171,22.399607,17.769014,14.4990635,17.865091,15.612834,12.52228,18.01664,17.807594,14.265551,14.104454,19.768812,17.831884,22.713158,22.191465,19.933064,25.3896,22.223244,24.438908,26.774303,22.394558,18.875753,15.66737,13.443042,9.999174,5.6853733,3.561421,5.45701,7.451107,10.799573,12.164933,14.744477,13.770634,12.4905,11.845982,15.448599,17.248463,19.064487,21.534304,24.267107,27.501537,24.520874,21.989872,18.874407,15.107965,11.893384,11.079624,12.14972
30,34.511196,31.606125,29.564524,24.839563,21.853529,21.175123,16.675373,17.40541,12.623784,15.462642,13.04873,14.810333,12.801205,14.519714,12.668847,10.671865,14.13438,13.423599,19.564993,18.519917,23.193176,25.141792,27.473816,21.414433,18.343327,16.35597,12.039722,10.175304,5.653009,7.499156,0.0,7.692387,9.132592,9.9499445,7.0894237,5.379271,9.35954,9.684729,6.7943563,7.781409,11.931966,11.402358,9.971242,13.503733,15.447982,15.460934,15.150363,18.736002,20.633995,20.058487,17.333391,20.348711,22.510046,20.156809,19.25583,17.667324,13.118623,14.283982,18.470453,15.677393,10.609785,15.750015,17.0984,17.850573,12.767903,11.002738,16.079983,15.37503,12.180635,16.916113,18.539217,16.568153,15.459632,20.913162,17.45601,22.575712,22.800959,19.735806,25.062407,20.784864,23.339014,25.010784,21.410933,17.437977,15.476426,12.207033,11.214309,10.014833,9.903127,12.935259,14.364248,17.360575,19.47348,22.217522,21.05076,19.329298,17.81065,20.938786,20.520945,22.493536,23.487673,25.798534,29.174574,26.159893,23.458948,21.75618,17.499998,13.11793,13.112515,11.968947
31,40.81386,37.681087,35.245,30.750614,27.55176,26.37743,22.070572,21.650982,16.97055,17.901773,14.532139,14.853085,11.546257,14.261962,12.776511,14.016577,17.33293,18.544933,23.504358,23.926006,28.57247,30.50557,33.6271,27.317795,24.306915,21.901768,17.80339,14.487849,11.106502,8.738717,7.692387,0.0,5.67931,7.643546,9.708895,10.294402,13.679087,13.453515,13.157568,14.725038,17.67872,17.52449,17.302723,20.669207,21.847857,22.275354,22.673246,26.00161,27.560091,26.537075,23.343992,27.225567,28.47836,25.493269,24.65128,22.669443,18.678495,18.509563,22.139091,19.701815,14.302576,17.584982,16.971817,17.476376,12.645756,10.373011,13.528456,11.707646,11.312682,16.69357,16.354225,14.093269,15.573799,20.793833,18.705341,23.375904,24.354553,22.467705,28.231792,25.010525,28.090542,30.498539,26.849901,22.972076,19.938042,18.195072,14.62848,13.427383,10.794019,12.365731,12.427652,16.027124,19.16661,21.204731,21.221823,20.325554,19.316248,23.60894,24.381815,26.948723,28.557243,31.132303,34.426834,31.022432,28.76202,25.862497,22.681982,18.75079,18.803413,18.673077
32,38.94322,35.771008,32.909695,28.446768,25.577204,23.49311,20.088665,18.250395,14.029741,13.998495,10.091577,10.68948,8.21431,11.760471,13.209974,13.507015,17.622868,19.029587,24.181482,25.146585,29.61019,32.034702,34.566998,28.296955,25.770124,22.998537,19.682806,16.50049,13.119888,12.058008,9.132592,5.67931,0.0,5.3964643,7.956475,8.367311,10.612208,11.743704,12.857751,13.679309,15.783413,17.788729,17.676512,19.749327,21.053028,23.24197,23.28608,25.374214,27.55058,25.826542,23.579166,28.261147,29.293179,26.15732,26.37475,25.306181,20.917898,21.796658,24.994783,21.207483,16.8046,20.907486,20.542252,20.012062,14.953124,14.13959,17.91452,16.738897,16.481043,21.509941,21.715649,19.740074,20.92376,26.159916,23.594234,28.36635,29.39729,27.095882,32.72408,28.91822,31.860512,33.756805,30.292385,26.30033,23.93843,21.244251,18.999113,17.092207,15.028973,16.0684,15.180319,17.718225,21.93511,24.396252,24.803108,24.22078,23.696363,27.499828,28.49381,30.50984,32.139977,34.605885,37.966537,34.86227,32.255913,29.933592,25.876173,21.777369,21.076365,19.749727
33,41.077423,38.12791,35.413647,30.669561,28.187872,25.918596,22.863825,20.95204,16.816906,17.488123,13.494983,15.102102,13.329964,16.848316,18.019527,17.477707,21.70206,22.181427,27.990854,27.969383,32.54712,34.778812,36.934494,30.860233,28.061657,25.758478,21.869293,19.424477,15.277997,15.036383,9.9499445,7.643546,5.3964643,0.0,5.522879,8.982937,9.930454,8.606282,11.297197,13.329964,13.84554,15.229247,16.531195,18.613592,18.612974,21.216942,22.34947,23.866714,25.298372,23.197748,20.539648,26.192228,26.148966,22.587626,23.297182,22.711536,18.63892,19.587036,21.774199,17.422955,13.932875,17.60164,17.044313,15.672611,10.848824,11.425904,15.415082,15.399706,15.492168,19.502905,20.571741,19.732428,20.49397,25.18709,22.149641,26.65201,28.239664,25.878212,31.28251,27.353428,30.5562,32.31079,29.435877,25.441256,23.491224,21.134268,19.370363,19.11376,17.500786,19.556026,19.477383,22.506037,26.15053,28.501596,28.423834,27.330538,26.049372,29.951742,29.692436,32.144463,32.946693,35.205353,38.553738,35.254982,32.847107,30.939573,27.284967,22.873734,23.036871,21.550247
34,36.573605,33.796894,31.34353,26.437195,24.171059,22.143925,19.107916,17.810429,13.653705,15.629819,12.289783,14.938302,13.905766,16.738087,17.553082,15.3170185,19.562029,18.962727,25.31467,24.45139,28.93029,31.148592,32.737473,26.943186,24.20718,22.214075,18.414276,16.890745,12.503398,14.069849,7.0894237,9.708895,7.956475,5.522879,0.0,4.840151,5.424735,3.907904,5.975086,7.996228,8.579826,10.287187,11.272402,13.091631,13.396669,16.24806,17.062618,18.390944,20.083189,18.10605,15.821239,21.20802,21.661915,18.454548,19.308954,19.150246,14.715525,16.662582,19.09624,14.266688,11.198139,16.213377,17.057987,16.027563,10.964306,11.662462,16.913042,17.308392,15.629999,19.395649,21.566618,20.699234,20.06052,24.929068,21.106972,25.881844,26.975529,23.917486,29.000542,24.428862,27.273067,28.505205,25.754066,21.771444,20.585138,17.42642,17.237883,17.070086,16.632912,19.333273,19.952812,22.761084,25.828508,28.560755,27.831202,26.304739,24.774132,28.002024,27.074255,29.139578,29.536968,31.583244,34.932796,31.920797,29.286213,28.151224,23.966791,19.443514,19.582535,17.439579
35,32.324688,29.421844,26.962273,22.124046,19.595469,17.856716,14.402685,13.626588,9.16461,11.798979,9.173061,11.958794,11.278627,13.311988,14.055976,10.867027,15.146419,14.451825,20.788275,20.18981,24.55694,26.991066,28.53539,22.66832,20.211231,17.93881,14.728059,13.219033,9.303747,11.724139,5.379271,10.294402,8.367311,8.982937,4.840151,0.0,4.2696557,6.978925,5.8169284,5.378188,8.527445,11.145257,10.032783,11.528518,13.648736,16.080755,15.421015,17.21554,19.86487,18.396742,16.887436,20.92947,22.705868,20.199684,20.623915,20.212624,15.471216,17.742678,21.121828,16.851593,13.287206,18.877218,20.269348,19.974066,14.804003,14.453375,19.796988,19.523245,16.99548,21.381367,23.29594,21.609941,20.668488,25.982586,22.242289,27.2904,27.700636,24.397617,29.457266,24.73055,27.116926,28.184423,24.979532,21.048483,19.9249,15.976244,16.318563,14.688969,14.725698,17.029428,17.538866,19.739395,22.777496,25.824238,25.049706,23.65882,22.601116,25.291264,25.039986,26.460447,27.359844,29.465717,32.82903,30.169428,27.213682,26.18283,21.264025,16.94208,16.167742,13.552674
36,31.945175,29.2238,26.61647,21.721365,19.859608,17.3388,15.15055,13.240553,9.794167,12.108509,9.607397,13.111618,13.509358,15.676724,17.694761,14.062758,18.382414,17.378626,23.729055,22.965448,27.053394,29.61041,30.476927,24.993492,22.848665,20.74572,17.992632,17.031822,13.279147,15.991968,9.35954,13.679087,10.612208,9.930454,5.424735,4.2696557,0.0,5.3981905,6.5227265,5.78449,5.8759623,10.835228,10.643062,10.408489,11.880192,16.170248,15.769054,15.894455,18.697168,16.447248,15.824875,20.772764,21.874224,19.237219,20.728895,21.26781,16.673727,19.584518,22.120079,16.90359,14.792661,20.378302,21.882156,20.839968,15.991048,16.72583,22.160244,22.440388,20.195072,24.022188,26.40194,25.18559,24.097635,29.151247,25.09241,29.989458,30.620977,27.143047,31.907423,26.88853,29.209963,29.823296,27.117004,23.277498,22.805565,18.695387,19.8809,18.709288,18.961388,21.281298,21.625937,23.589077,26.84482,29.961723,29.217834,27.812624,26.701958,29.181173,28.516726,29.79349,30.28739,32.164352,35.480885,32.984634,29.987314,29.52075,24.477413,20.157728,19.4279,16.189268
