,0,1,2,3,4,5,6,7,8,9,10,11,12,13,14,15,16,17,18,19,20,21,22,23,24,25,26,27,28,29,30,31,32,33,34,35,36,37,38,39,40,41,42,43,44,45,46,47,48,49,50,51,52,53,54,55,56,57,58,59,60,61,62,63,64,65,66,67,68,69,70,71,72,73,74,75,76,77,78,79,80,81,82,83,84,85,86,87,88,89,90,91,92,93,94,95,96,97,98,99,100,101,102,103,104,105,106,107,108,109,110
0,0.0,4.7352953,6.9216022,9.43083,12.612454,14.219407,17.69027,21.315939,23.562813,28.043934,32.09543,34.733482,34.561424,32.650238,29.081957,26.644102,22.760586,21.71121,17.62418,15.353783,13.722431,11.142198,12.855836,9.448446,13.190604,16.584883,18.142725,18.471628,20.893436,19.57481,23.752237,22.146399,29.357706,26.47076,30.845457,32.686337,33.191013,32.914948,28.368244,24.519844,29.490625,25.494543,27.899935,25.86841,23.729376,23.54131,23.18589,21.332127,24.61128,28.041012,30.17364,29.9084,31.693413,34.589016,32.211784,34.918476,34.88551,36.47499,41.594025,39.232002,35.811443,37.49386,34.47194,36.792385,33.988327,39.198177,36.798943,38.69725,36.889744,33.52743,32.697643,36.76463,34.34265,39.16784,38.32863,42.289078,44.07768,44.068718,47.272846,46.246727,40.842648,38.092087,35.15588,32.3382,31.366957,26.971655,24.371601,19.456842,18.873114,15.702184,16.270296,20.776772,17.33627,22.53307,23.978592,25.62014,28.272814,28.567429,26.592947,27.005404,22.374628,22.96116,20.865814,19.100952,22.54968,24.141037,28.020073,27.790537,32.07895,32.940773,36.990063
1,4.7352953,0.0,5.0569105,6.511239,8.9215,11.998185,14.039346,18.688463,20.29948,25.530157,29.245617,31.76128,32.16568,30.419361,27.264269,24.550531,21.089565,19.420982,15.869996,12.746897,12.613357,8.534845,12.144151,8.390596,13.1282835,15.700118,15.814473,16.26611,17.925581,17.75372,20.923368,20.51609,27.468235,25.150698,29.467026,31.474922,32.55922,32.04748,27.638342,23.70303,28.058718,23.955748,25.69295,23.177666,21.856478,20.93861,21.279106,18.540691,22.362755,25.427933,27.805965,26.962936,29.593166,32.05318,30.061256,33.027004,32.386723,34.11823,39.180157,36.34753,32.91233,34.234344,31.189228,33.2221,30.616789,35.410778,33.005043,34.548676,32.499897,29.048477,28.402386,32.379147,30.123045,35.002373,34.38628,38.40909,40.333065,40.593834,43.881283,43.234688,37.98616,34.98721,32.19921,29.100536,28.01047,23.727764,20.485825,15.858287,14.7121725,11.647098,11.923133,16.445816,13.386904,18.458447,20.137774,21.87804,24.202166,24.317688,22.062592,22.417654,17.667238,18.290014,16.2461,14.7401905,18.334368,19.746416,24.06705,23.62236,27.987976,29.026989,32.949776
2,6.9216022,5.0569105,0.0,5.0752606,7.0451994,8.361463,11.746349,14.913798,17.40384,21.53937,25.97278,28.166811,28.330881,26.784487,23.118217,21.003181,17.31816,16.456034,13.1893635,11.253309,11.432688,9.673566,13.830066,11.55766,16.228373,18.261156,18.724703,17.913649,18.879814,18.061102,20.332523,19.197056,25.367548,22.150307,26.845718,28.291067,29.568245,29.567528,25.06991,21.433628,26.534718,23.215374,24.715954,23.327103,22.807371,22.274523,23.353714,21.072807,25.262543,28.462458,30.330635,28.778812,31.399427,33.077374,30.712202,33.301704,32.398003,33.58165,38.58125,35.77518,32.327644,34.441708,31.899973,34.22107,32.46627,36.99669,35.228275,36.371075,34.042007,30.188486,28.91978,32.54961,29.689398,34.520157,33.32348,37.44574,38.895416,39.110996,42.063404,41.122505,35.733154,32.650017,30.15265,27.116165,26.710135,21.734402,19.773266,15.15637,14.87814,12.833216,13.946099,18.461405,16.819742,21.60369,23.644815,25.513706,27.324492,27.03945,24.161963,24.089916,18.953249,18.645817,15.792927,13.395783,16.384634,18.348164,21.561365,22.16297,26.114658,27.354208,31.336506
3,9.43083,6.511239,5.0752606,0.0,3.783744,5.9784803,8.51846,12.7747965,14.330946,19.696901,23.022903,25.939495,26.013557,24.066975,21.200542,18.1559,14.843952,12.919042,9.504394,6.499103,7.4332957,5.2253094,10.21444,9.013706,13.554793,14.561628,14.674167,13.226765,13.886582,13.217024,15.357359,14.691944,21.161678,18.834198,23.160418,25.15282,26.528837,25.999601,21.678217,17.828209,22.172155,18.550167,19.909119,18.256653,17.93855,17.339647,18.778772,16.674843,21.021622,24.268824,25.786362,23.95996,26.58283,28.037092,25.69316,28.337727,27.35432,28.646095,33.66334,30.858555,27.407536,29.465261,26.921879,29.392649,27.771053,32.452526,31.007301,32.347725,30.322546,26.499641,24.756245,28.570862,25.598734,30.359247,29.162071,33.162468,34.76406,34.796505,37.926342,37.012653,31.670124,28.757084,25.94983,22.984734,22.18963,17.596344,15.364862,10.456067,10.613671,8.5729885,10.537271,14.940077,14.304554,19.014948,21.327713,23.679968,25.157076,24.376303,21.84379,21.201773,16.94164,15.749027,14.078302,12.441181,14.872222,16.016216,19.437704,18.765585,23.002964,23.626003,27.750473
4,12.612454,8.9215,7.0451994,3.783744,0.0,5.32674,5.135526,10.4397545,11.410195,17.259493,20.484987,23.059599,23.74018,22.123055,19.554657,16.551353,13.831561,11.557388,9.462267,6.2844305,9.433549,7.2749476,12.890556,11.882842,16.392235,16.75228,15.743159,14.171598,13.59768,14.06974,14.389037,14.939337,20.426817,18.427992,22.701382,24.564734,26.565788,26.037214,21.962307,18.342812,22.15231,18.891474,19.34691,17.679255,18.590824,17.396688,19.692207,16.998564,21.706,24.497723,26.069021,23.518389,26.900637,27.64832,25.631157,28.33623,26.661703,27.872118,32.730457,29.4656,26.036613,27.976133,25.639217,27.853258,26.779768,30.833786,29.60494,30.390371,27.998112,23.950056,22.188381,25.710947,22.678284,27.487923,26.306835,30.433115,31.988577,32.323746,35.400185,34.792923,29.585497,26.347097,23.874489,20.597063,19.992609,15.221542,12.778773,8.45147,8.290202,7.4902024,9.3959255,13.356409,13.930685,17.972424,20.508974,22.843472,23.782394,22.727636,19.702961,18.834457,14.391326,12.693059,10.701424,9.000777,11.122165,12.280276,15.75534,15.332177,19.503277,20.485401,24.493988
5,14.219407,11.998185,8.361463,5.9784803,5.32674,0.0,6.262787,7.2749124,10.0062685,14.060269,17.952042,20.737667,20.391628,18.556963,15.303309,12.691321,9.214327,8.190693,5.8144503,5.8153205,7.896661,9.667486,13.921815,14.312099,18.240192,18.445843,18.724928,15.962708,15.446288,14.143134,14.348431,12.879868,17.645555,14.308864,19.041416,20.356396,22.20303,22.220793,17.9616,14.665557,19.611105,17.331257,18.046118,18.135895,19.167706,19.042055,21.430824,20.006304,24.48018,27.663506,28.470736,25.761604,28.317844,28.586185,25.891941,27.947853,26.528763,27.030767,31.827063,29.074228,25.701872,28.784315,27.037916,29.817966,29.416138,33.597084,33.073597,33.91081,31.680979,27.515144,24.89736,28.131866,24.39282,28.895067,26.897858,30.908594,31.860542,31.771297,34.45148,33.15382,27.672981,24.70753,22.277788,19.483068,19.664576,14.250314,14.293617,10.0544195,11.773657,11.668248,14.23714,17.933702,18.938736,23.004519,25.595001,28.052881,28.893461,27.617292,24.607449,23.38169,19.248365,16.7963,14.742222,12.536902,13.371669,14.78608,16.263458,16.647268,20.153313,20.774982,24.936222
6,17.69027,14.039346,11.746349,8.51846,5.135526,6.262787,0.0,6.915876,6.485349,13.154744,15.717483,18.263435,19.35229,17.941618,16.094439,12.928374,11.339132,8.553864,8.7612095,6.710706,11.351673,10.743444,15.950566,15.997048,19.998299,19.388498,17.790312,15.424368,13.353054,14.4403715,12.234082,13.8369255,17.535702,16.062738,20.023895,21.717579,24.430128,23.873978,20.282585,17.169096,20.159748,17.743551,17.031288,16.065361,18.616037,17.230042,20.585552,18.046263,22.865011,25.254562,26.33627,22.81296,26.62374,26.190031,24.32998,26.789803,24.354002,25.175642,29.742533,26.13746,22.80453,25.06429,23.322706,25.509804,25.552687,28.87316,28.437815,28.632736,26.041616,21.731043,19.258953,22.259846,18.716396,23.380543,21.806835,25.992735,27.273697,27.736467,30.647995,30.163292,25.064163,21.584673,19.467287,15.995047,15.849694,10.750645,9.201762,6.278009,7.171872,8.866273,11.05702,13.67506,16.24985,19.218727,21.99354,24.455267,24.568064,22.905169,19.596632,18.00727,14.279379,11.045333,9.507097,8.184867,8.149584,8.773548,11.1570835,10.731145,14.628832,15.620693,19.637753
7,21.315939,18.688463,14.913798,12.7747965,10.4397545,7.2749124,6.915876,0.0,4.698655,6.9253297,11.261203,13.496579,13.542145,12.345858,9.444206,7.4954276,6.069908,5.9464726,8.374138,10.095123,13.454127,15.714719,19.945715,20.907135,24.57859,23.927134,23.405426,20.1019,18.03909,17.52488,14.664627,14.249267,15.503555,12.283787,16.647406,17.087833,20.196095,20.588932,17.184645,15.123122,19.034489,18.44179,17.50845,18.93696,21.93283,21.575794,25.075432,23.668972,28.245253,30.884918,31.228045,27.41792,30.480824,29.218075,26.756182,28.337757,25.917871,25.6697,29.871714,26.757462,23.663897,27.32733,26.552982,29.19499,30.281345,33.33386,33.777317,33.731205,31.16376,26.766867,23.481262,25.70466,21.383215,25.387611,22.68411,26.659153,26.89502,27.010908,29.146196,27.872229,22.551825,19.20207,17.70827,14.877293,16.37555,10.470812,13.053961,11.237354,13.555098,15.42437,17.908604,20.379887,23.11594,26.08646,28.879953,31.33491,31.287102,29.46576,26.006636,24.189774,20.61991,17.022547,15.047196,13.018895,11.43686,12.624409,11.220899,13.014617,15.135742,16.000832,19.852825
8,23.562813,20.29948,17.40384,14.330946,11.410195,10.0062685,6.485349,4.698655,0.0,7.8374033,9.253284,12.067897,13.158392,11.94969,11.190981,8.103318,8.711309,6.3961177,9.917027,10.445472,14.750496,16.115572,20.425793,21.547026,24.972902,23.65313,22.217314,18.955647,15.969316,16.674446,12.181007,13.78076,14.222043,13.035431,16.400288,17.48059,21.023874,20.700935,17.909729,15.900477,18.046566,17.355974,15.39813,16.325788,20.338217,19.387028,23.456852,21.758698,26.30893,28.456964,28.70115,24.373117,27.99001,26.135515,24.183287,25.925398,22.85708,22.773195,26.78685,23.155893,20.116035,23.358156,22.739065,25.113436,26.67926,29.197172,29.961336,29.619072,27.060957,22.686419,19.11881,21.127077,16.719557,20.690845,18.076323,22.126505,22.600773,22.940334,25.34477,24.590805,19.493277,15.83358,14.354323,11.000547,12.283942,6.5560555,9.145793,9.012873,11.31435,14.169531,16.519588,18.014395,21.80038,23.993557,26.842562,29.385857,28.837685,26.654716,23.347923,21.109165,18.482338,14.209939,13.375289,12.411696,9.944509,9.870533,8.350317,8.609574,10.860421,11.407942,15.388676
9,28.043934,25.530157,21.53937,19.696901,17.259493,14.060269,13.154744,6.9253297,7.8374033,0.0,6.833598,7.408707,7.2421002,7.5627522,5.30585,6.603042,8.473124,10.0222645,13.947917,16.473648,19.604727,22.438301,26.330982,27.693764,31.124886,30.097988,29.47578,25.84291,23.198809,22.735922,18.540657,18.2377,16.272736,13.214689,16.47433,15.518275,19.476158,20.509336,18.267628,17.725597,20.702465,21.79877,19.920113,22.657131,26.58967,26.388826,30.320137,29.249195,33.67051,36.013374,35.890255,31.514002,34.540764,32.16579,29.799765,30.726881,27.800444,26.700254,30.074385,27.053133,24.484785,28.759535,28.989439,31.532917,33.82115,35.9666,37.272808,36.602936,33.92678,29.562458,25.806519,26.942001,22.291595,25.356064,21.888527,25.449436,24.643702,24.790018,25.997292,24.463942,19.540668,16.18225,16.108782,14.010137,16.999393,11.892106,16.643915,16.599848,19.069567,21.624132,24.002028,25.759087,29.257706,31.608486,34.439854,36.844868,36.266857,34.14134,30.527292,28.391619,25.394442,21.367044,19.600077,17.83748,14.932567,15.787404,11.44536,14.612625,14.503075,15.366801,18.329245
10,32.09543,29.245617,25.97278,23.022903,20.484987,17.952042,15.717483,11.261203,9.253284,6.833598,0.0,5.4813876,5.3101397,4.8981833,8.330723,7.3906183,11.459063,11.317351,16.047447,18.258013,21.632679,24.43842,27.765247,29.809433,32.599194,30.686895,29.615,25.690914,22.318052,22.375637,16.711292,17.59745,13.247802,12.877563,14.103162,13.665478,18.176184,18.344616,17.423788,17.549868,18.06481,19.99812,16.927214,20.219324,25.124462,24.868704,29.232056,28.607285,32.608498,34.497036,33.742214,28.883337,31.82109,28.39126,26.385132,26.899141,23.401726,21.865183,24.55125,21.438114,19.32468,23.819973,24.867075,27.358591,30.647224,32.14943,34.361153,33.532555,31.294352,27.249676,22.75807,23.296867,18.414043,20.540873,16.507128,19.557255,18.329443,18.161194,19.232643,17.662231,12.837383,9.38731,9.922194,8.495267,12.2677555,9.0271015,15.144237,16.788582,19.585272,22.751383,25.196081,25.934946,30.42054,32.040447,34.876144,37.478916,36.390247,33.789864,30.711313,28.009567,26.498344,21.824755,21.599333,20.905128,17.490572,16.96961,12.38812,13.169674,11.974091,11.1529455,13.688769
11,34.733482,31.76128,28.166811,25.939495,23.059599,20.737667,18.263435,13.496579,12.067897,7.408707,5.4813876,0.0,5.451566,8.170189,10.220144,11.500915,14.968297,15.539829,20.083391,22.103065,25.725586,28.085924,31.996466,33.50258,36.746384,35.15354,33.78812,30.19921,26.765766,27.22383,21.59793,22.706509,18.688456,17.64352,19.150536,17.979202,22.49565,23.207571,22.296818,22.50978,23.507166,25.36927,22.326038,25.19589,30.17426,29.572588,34.008667,32.82303,37.05185,38.744194,38.350502,33.3541,36.786625,33.296288,31.577744,32.20297,28.464214,26.965778,29.302143,25.953823,24.069557,28.075912,29.195034,31.201149,34.661076,35.495197,37.604965,36.13964,33.39965,29.295938,25.340122,25.184496,20.652313,22.495577,18.683733,21.635704,19.959703,20.56155,20.930002,19.95222,16.151937,12.58064,14.44735,12.946953,16.697538,13.590114,18.706814,20.56298,22.742344,26.025211,28.0991,28.77872,33.23544,34.58688,37.38583,39.70739,38.409317,35.91482,32.36717,29.874216,27.96385,23.589064,22.63427,21.708378,17.862968,17.784472,11.92886,14.914445,12.458431,13.176506,14.536719
12,34.561424,32.16568,28.330881,26.013557,23.74018,20.391628,19.35229,13.542145,13.158392,7.2421002,5.3101397,5.451566,0.0,3.7899745,6.6858287,8.920402,12.691506,14.269288,18.69667,21.718782,24.490625,28.00522,31.16868,33.275604,36.12397,34.49686,33.985367,29.895576,26.89608,26.209444,21.20062,20.819294,15.954076,14.121183,15.28259,13.288395,17.709814,18.931387,18.337902,19.293447,20.641088,23.343594,20.763685,24.765898,29.26091,29.458597,33.598858,33.277554,37.27597,39.409332,38.54434,33.842964,36.355835,32.94955,30.608913,30.698864,27.587748,25.581371,27.925217,25.451456,23.611141,28.551962,29.831093,32.45985,35.81136,37.36741,39.66155,38.81147,36.515144,32.447826,28.030975,28.381023,23.551456,25.362722,21.17345,23.81617,21.933928,21.554577,21.724854,19.48304,15.123729,12.610096,13.81879,13.390351,17.278141,14.031612,20.223976,21.268469,24.165773,27.062328,29.597229,30.742334,34.8859,36.818863,39.666996,42.21822,41.263508,38.776913,35.495396,32.941166,30.94993,26.47255,25.589815,24.36483,21.010942,21.10956,15.959686,18.077496,16.512957,16.165907,18.118189
13,32.650238,30.419361,26.784487,24.066975,22.123055,18.556963,17.941618,12.345858,11.94969,7.5627522,4.8981833,8.170189,3.7899745,0.0,5.5275,6.110265,10.231356,11.613833,15.977522,19.260756,21.6782,25.603569,28.287722,30.765802,33.28478,31.503008,31.312992,27.00396,24.189222,23.044031,18.300095,17.39053,12.286745,10.497922,11.526674,9.838166,14.335598,15.298792,14.63735,15.651968,16.911968,19.76664,17.379374,21.772076,26.018156,26.557854,30.540928,30.661482,34.47652,36.794415,35.696503,31.192228,33.261436,30.011667,27.392576,27.365929,24.580084,22.531677,25.158432,22.994274,20.99929,26.279612,27.447771,30.419024,33.539352,35.612846,37.89993,37.511288,35.544033,31.535954,26.876568,27.710257,22.759716,24.76743,20.55886,23.222204,21.679398,20.799469,21.425213,18.770947,13.765652,11.6306305,11.7376585,11.582371,15.201944,11.905038,18.461206,19.12555,22.401318,25.090887,27.860527,29.125261,33.154446,35.322727,38.172024,40.884842,40.11887,37.614025,34.635468,32.008945,30.19458,25.63025,25.118315,23.98539,20.990194,20.907299,16.592886,17.580116,16.830362,15.760977,18.330107
14,29.081957,27.264269,23.118217,21.200542,19.554657,15.303309,16.094439,9.444206,11.190981,5.30585,8.330723,10.220144,6.6858287,5.5275,0.0,5.045711,7.045611,10.195107,13.755903,17.476486,19.46255,23.624065,26.552235,28.61445,31.52406,30.426804,30.714485,26.579996,24.401508,22.716303,19.228662,17.251623,14.359771,10.111902,13.184418,11.266208,14.957511,16.667206,14.660061,15.023741,18.513205,20.567905,19.224669,23.151005,26.56008,27.21701,30.810713,30.696148,34.785835,37.504433,36.8518,32.76674,34.829937,32.46418,29.530184,29.857592,27.570538,25.942898,29.203213,27.06234,24.646801,29.737885,30.230915,33.29361,35.60621,38.272762,39.869877,39.692017,37.45778,33.213497,29.015793,30.376505,25.516315,28.28422,24.438658,27.591034,26.463005,25.844603,26.753876,24.256496,19.119522,16.744146,16.288977,15.302981,18.388954,13.675363,19.354177,18.718391,21.84885,23.989815,26.770563,28.826462,32.058094,34.844364,37.68163,40.28288,39.95622,37.80498,34.51931,32.29155,29.462984,25.367638,23.88964,22.042175,19.607105,20.387665,16.527473,18.688953,18.766886,18.650425,21.704115
15,26.644102,24.550531,21.003181,18.1559,16.551353,12.691321,12.928374,7.4954276,8.103318,6.603042,7.3906183,11.500915,8.920402,6.110265,5.045711,0.0,4.391535,5.755341,9.918616,13.427873,15.672079,19.74392,22.452852,24.82508,27.455492,25.977448,26.102386,21.84479,19.531397,17.938963,14.207132,12.530444,10.09256,6.690379,10.12182,9.910709,13.619817,14.195725,11.781073,11.341316,14.299428,15.825268,14.355799,18.10937,21.602575,22.22764,25.888742,25.91027,29.889566,32.588043,31.827127,27.77552,29.795263,27.537668,24.611805,25.157717,22.877348,21.566635,25.232876,22.943861,20.269567,25.243553,25.479954,28.685068,30.766422,33.75363,35.296875,35.45469,33.51419,29.375853,25.011438,26.812756,21.956335,24.968515,21.32608,24.597095,24.048689,23.252708,24.851927,22.540798,17.01633,14.580809,13.021305,11.704426,14.165548,9.303056,15.033923,14.307664,17.764433,19.925798,22.872133,24.746777,28.152468,30.891443,33.724453,36.4856,36.182446,33.931652,31.023048,28.644012,26.30705,22.027906,21.30523,19.929743,17.738455,17.94929,15.175461,15.649735,16.591352,15.769234,19.380917
16,22.760586,21.089565,17.31816,14.843952,13.831561,9.214327,11.339132,6.069908,8.711309,8.473124,11.459063,14.968297,12.691506,10.231356,7.045611,4.391535,0.0,4.457832,6.7979975,10.902208,12.427571,16.9099,19.567442,21.73025,24.531,23.601498,24.294893,20.188986,18.662191,16.391191,14.312187,11.444614,11.764696,6.847678,11.674632,11.798532,14.397326,15.163952,11.592007,10.120588,14.979805,15.478268,15.217831,18.330463,20.753569,21.592932,24.719616,24.712515,28.775515,31.858732,31.411812,27.909021,29.7127,28.367342,25.177887,26.02388,24.35429,23.486895,27.635004,25.509144,22.563343,27.254297,26.863571,30.17026,31.40835,35.042717,35.976242,36.51431,34.555054,30.363636,26.405226,28.774582,24.134657,27.668684,24.426065,27.927052,27.788784,27.04739,28.93205,26.676855,21.07586,18.688768,16.675755,15.032245,16.72461,11.377418,15.661653,13.467788,16.813284,18.211,21.232098,23.831713,26.389343,29.742441,32.516064,35.23536,35.399994,33.46715,30.54019,28.5073,25.510029,21.729862,20.481178,18.655905,17.335741,18.096573,16.439182,17.122248,18.97194,18.58772,22.509474
17,21.71121,19.420982,16.456034,12.919042,11.557388,8.190693,8.553864,5.9464726,6.3961177,10.0222645,11.317351,15.539829,14.269288,11.613833,10.195107,5.755341,4.457832,0.0,4.741169,7.6970797,10.36306,14.028265,16.912142,19.154604,21.865568,20.47088,20.52579,16.420643,14.429218,12.87114,10.056784,8.540203,10.058579,7.5412407,11.682431,13.230541,15.902844,15.538465,12.078494,9.677119,13.172532,12.619209,11.937168,14.208927,17.042892,17.440557,20.876432,20.60666,24.7303,27.626335,27.241735,23.581533,25.762112,24.4329,21.520388,22.80177,20.844244,20.47878,24.897705,22.344666,19.188486,23.389431,22.692987,25.923307,26.997053,30.6908,31.534428,32.181126,30.359493,26.252398,22.27049,24.930958,20.428217,24.177992,21.293127,24.906773,25.311552,24.673103,27.093851,25.31692,19.733358,17.147799,14.552117,12.373627,13.233869,7.86879,11.434536,9.239793,12.834234,14.491898,17.588465,19.82993,22.78663,25.878746,28.66666,31.492811,31.53189,29.46596,26.80589,24.615396,22.14669,18.169264,17.709164,16.506245,15.27686,15.3828335,14.744951,13.927799,16.479958,15.712071,19.903671
18,17.62418,15.869996,13.1893635,9.504394,9.462267,5.8144503,8.7612095,8.374138,9.917027,13.947917,16.047447,20.083391,18.69667,15.977522,13.755903,9.918616,6.7979975,4.741169,0.0,4.7329698,5.8102655,10.408285,12.80266,15.114498,17.768776,16.878038,17.802479,13.82909,13.125144,10.4265175,10.501127,7.381008,12.279428,9.338013,13.735841,15.676263,17.205349,16.738613,12.528856,9.029916,13.858459,11.920858,12.908996,14.215205,15.330028,16.144169,18.697937,18.657482,22.669106,26.050842,25.908705,23.088158,24.745028,24.579315,21.388758,22.951723,21.877983,22.023365,26.825512,24.647314,21.34973,25.143536,23.773113,27.120663,27.14445,31.65248,31.848475,33.10003,31.491383,27.526138,24.01143,27.293575,23.187996,27.25026,24.832674,28.457745,29.26657,28.533577,31.213902,29.404037,23.811855,21.503666,18.49886,16.407614,16.435406,11.585655,13.127351,9.16637,12.43674,12.7538395,15.976154,19.008432,20.814837,24.640871,27.287718,30.11893,30.747242,29.04159,26.660248,24.856918,21.997261,18.733168,18.103428,16.706207,16.693752,17.126421,17.894985,16.834705,20.140364,19.511189,23.816439
19,15.353783,12.746897,11.253309,6.499103,6.2844305,5.8153205,6.710706,10.095123,10.445472,16.473648,18.258013,22.103065,21.718782,19.260756,17.476486,13.427873,10.902208,7.6970797,4.7329698,0.0,4.96624,6.3430934,10.057928,11.594245,14.722022,13.835127,13.783136,10.442701,9.7607765,8.576709,9.256003,8.678292,14.844798,13.486359,17.299366,19.7666,21.385653,20.373137,16.405499,12.593274,16.022846,12.6627,13.521842,12.63303,13.448591,13.252881,15.78031,14.702058,19.05579,22.28922,22.777205,20.117184,22.503344,22.94888,20.324207,22.65225,21.394106,22.365177,27.338999,24.649263,21.212816,23.89138,21.827671,24.78011,24.065248,28.708017,28.270767,29.640059,27.990858,24.120989,21.199802,24.906506,21.353123,25.787565,24.109098,27.89016,29.32583,28.961216,32.085236,30.927668,25.561073,22.960594,19.833681,17.176142,16.287264,11.938632,10.829038,5.872648,8.374818,8.074131,11.306888,14.513499,16.088163,19.976692,22.591372,25.423737,26.169722,24.591345,22.374392,20.75786,17.936497,15.079832,14.874796,13.989634,14.747289,14.871347,17.266836,15.324136,19.401491,19.010433,23.312859
20,13.722431,12.613357,11.432688,7.4332957,9.433549,7.896661,11.351673,13.454127,14.750496,19.604727,21.632679,25.725586,24.490625,21.6782,19.46255,15.672079,12.427571,10.36306,5.8102655,4.96624,0.0,6.394843,7.264378,9.917743,12.16583,11.810064,13.835545,10.363698,11.5965805,7.9676175,11.744752,8.484106,15.837096,13.803255,17.560255,20.076672,20.630194,19.694355,15.387306,11.310529,15.787187,12.158025,14.631945,14.270106,13.096286,14.210281,15.389282,15.63349,19.246233,23.089106,23.263935,21.60851,22.646982,23.953571,20.7416,22.744146,22.621738,23.520071,28.589958,26.728716,23.382883,26.365347,24.20563,27.513725,26.247383,31.599194,31.028343,33.032383,31.824305,28.221235,25.316216,29.2282,25.737423,29.993925,28.221338,31.761868,33.1241,32.32867,35.38762,33.734234,28.263277,26.20601,22.77782,20.722225,19.788353,15.833938,15.321628,10.40724,12.686458,11.240895,14.270644,17.833437,18.187426,22.654484,25.00839,27.834644,29.118916,27.82472,26.070446,24.70138,21.906404,19.578661,19.291643,18.169365,19.373806,19.74836,22.021383,20.21165,24.187536,23.494837,27.823624
21,11.142198,8.534845,9.673566,5.2253094,7.2749476,9.667486,10.743444,15.714719,16.115572,22.438301,24.43842,28.085924,28.00522,25.603569,23.624065,19.74392,16.9099,14.028265,10.408285,6.3430934,6.394843,0.0,5.8390083,5.4396176,9.299699,9.54328,9.622782,8.246174,9.84298,9.2909355,12.908262,12.805339,20.170156,19.203869,22.756807,25.518332,26.542074,25.279469,21.241806,17.143108,20.279602,15.76211,17.529194,14.813874,13.465839,12.8284645,13.695757,11.8615675,15.959981,19.439795,20.829956,19.520256,21.753113,23.827166,21.596355,24.501116,23.952072,25.731401,30.818846,28.240309,24.833017,26.36104,23.423775,25.974897,23.719276,28.994469,27.420498,29.43443,28.050707,24.641926,22.832993,27.079258,24.438984,29.049295,28.205341,31.917976,33.92319,33.695026,37.15061,36.31468,31.13377,28.616432,25.308163,22.594765,20.957676,17.468071,14.341992,9.3577,9.476056,6.424691,8.716549,12.738142,11.984421,16.760128,18.969124,21.671444,23.261736,22.336628,20.761421,19.906647,16.970963,15.713523,15.713521,15.206234,17.45131,17.628447,21.595192,19.27901,23.83675,23.670206,27.807774
22,12.855836,12.144151,13.830066,10.21444,12.890556,13.921815,15.950566,19.945715,20.425793,26.330982,27.765247,31.996466,31.16868,28.287722,26.552235,22.452852,19.567442,16.912142,12.80266,10.057928,7.264378,5.8390083,0.0,4.881143,5.035913,5.058162,8.577932,6.973017,10.745824,7.9959154,14.257498,12.679299,20.67694,20.135006,23.009567,26.150772,26.226088,24.603418,20.74609,16.664204,19.410992,14.447077,17.497295,14.925056,11.2960825,12.137981,11.132839,11.546013,14.170439,18.332592,19.02498,19.001036,19.448204,22.557175,19.868176,22.505262,23.215857,25.109419,30.19488,28.511244,25.284494,26.890806,23.85077,26.797842,23.965075,30.056992,28.55867,31.440754,30.86248,27.945333,25.88567,30.332422,27.77646,32.023224,31.138597,34.444786,36.49958,35.73274,39.243717,38.00571,32.867737,31.024172,27.267635,25.213749,23.238346,20.558853,18.030695,13.347814,14.127611,11.152131,13.201223,16.484612,15.18011,19.833466,21.639599,24.418926,26.342367,25.495125,24.84985,23.947922,21.93659,20.721182,21.359713,21.03061,23.109434,23.042364,26.720821,23.816847,28.288094,27.408266,31.570168
23,9.448446,8.390596,11.55766,9.013706,11.882842,14.312099,15.997048,20.907135,21.547026,27.693764,29.809433,33.50258,33.275604,30.765802,28.61445,24.82508,21.73025,19.154604,15.114498,11.594245,9.917743,5.4396176,4.881143,0.0,4.9560137,7.4104323,8.953048,9.620776,12.926137,12.0060835,17.2122,16.637283,24.478033,23.557552,26.905617,29.801401,30.227623,28.862179,24.817978,20.685133,23.770575,18.846312,21.36426,18.156927,15.13047,14.807014,13.843288,12.3768015,15.311763,19.01121,20.820845,20.963747,22.37601,25.730263,23.616077,26.617542,26.883913,29.018139,34.096493,31.911324,28.61449,29.633656,26.289179,28.679682,25.38794,31.159212,28.899822,31.53668,30.566137,27.659452,26.474127,30.95046,28.821676,33.361214,32.883873,36.436077,38.684185,38.360634,41.95133,41.10477,35.990746,33.6998,30.207573,27.672272,25.72671,22.692791,19.201715,14.475564,14.0135565,10.308628,11.321995,15.118037,12.282931,17.393925,18.963348,21.3919,23.773817,23.468699,22.652943,22.393742,19.68791,19.518978,19.627872,19.251963,22.095798,22.345568,26.76191,24.334833,28.990898,28.780096,32.837757
24,13.190604,13.1282835,16.228373,13.554793,16.392235,18.240192,19.998299,24.57859,24.972902,31.124886,32.599194,36.746384,36.12397,33.28478,31.52406,27.455492,24.531,21.865568,17.768776,14.722022,12.16583,9.299699,5.035913,4.9560137,0.0,4.341651,8.349459,9.398513,13.741348,12.070832,18.412025,17.428581,25.385118,25.11048,27.800156,31.041704,30.891373,29.14171,25.421986,21.413992,23.740889,18.560942,21.687248,18.334167,13.8745575,14.321082,11.82102,11.990487,13.3873415,17.427795,18.740625,20.040535,20.117376,24.345829,22.153614,25.014381,26.162376,28.495703,33.457905,31.88227,28.788168,29.597542,26.135658,28.678877,24.872345,31.185375,28.951147,32.28365,32.01597,29.58102,28.254713,32.869827,30.918339,35.141388,34.757767,37.95724,40.332153,39.652534,43.336834,42.32265,37.35177,35.54927,31.745197,29.652262,27.342627,25.079567,21.756851,17.35075,17.266842,13.750064,14.776138,17.748663,14.970902,19.562174,20.777847,23.268118,25.76255,25.439253,25.471712,25.086344,23.356367,23.071255,23.897572,23.838215,26.443079,26.34001,30.65805,27.559467,32.19162,31.409992,35.434006
25,16.584883,15.700118,18.261156,14.561628,16.75228,18.445843,19.388498,23.927134,23.65313,30.097988,30.686895,35.15354,34.49686,31.503008,30.426804,25.977448,23.601498,20.47088,16.878038,13.835127,11.810064,9.54328,5.058162,7.4104323,4.341651,0.0,5.7924447,5.932861,10.508439,8.967921,15.339446,14.962615,22.633347,23.33868,25.421543,29.009663,28.948536,26.75979,23.449408,19.552502,20.722643,15.333124,18.300716,14.586361,9.7475,10.353949,7.565395,8.837089,9.983889,14.289747,14.930561,16.079878,15.87191,20.030369,17.864931,20.815144,22.005198,24.492645,29.379509,27.890764,24.899557,25.562038,22.12595,24.824799,21.153204,27.635527,25.84303,29.360643,29.447702,27.154758,25.40046,30.009964,28.056465,32.004063,31.6403,34.587723,37.035206,36.186974,39.939995,38.97059,34.198494,32.647873,28.707682,26.84965,24.229738,22.69792,19.409842,15.527604,15.820046,12.849173,14.245407,16.435577,14.958329,18.918322,20.322996,23.145195,25.117151,24.292955,24.628002,23.737164,22.910908,21.97479,23.592867,23.949152,26.006426,25.398838,29.505054,25.674776,30.202456,28.91986,32.850197
26,18.142725,15.814473,18.724703,14.674167,15.743159,18.724928,17.790312,23.405426,22.217314,29.47578,29.615,33.78812,33.985367,31.312992,30.714485,26.102386,24.294893,20.52579,17.802479,13.783136,13.835545,9.622782,8.577932,8.953048,8.349459,5.7924447,0.0,4.940379,7.8734035,9.948696,14.061153,16.191166,23.181355,24.655613,26.677467,30.358536,31.093916,28.732101,25.641605,21.762045,22.049358,16.631763,18.233341,13.08601,9.968465,7.999332,6.5653186,3.7434523,6.593402,10.188305,12.08015,12.472508,14.464234,18.188562,17.17039,20.81365,20.843214,23.819824,28.56336,26.187775,23.192719,22.740273,18.89285,20.868824,16.831352,22.942772,20.65875,23.964502,23.90748,21.764038,20.60439,25.28499,23.946089,27.9585,28.239214,31.22939,34.074814,33.70928,37.678886,37.41847,32.967545,31.037352,27.340961,25.038338,22.021864,21.023706,16.308977,13.315716,12.463533,9.678137,10.224713,11.306893,10.368707,13.552477,15.027625,18.026796,19.631798,18.616589,19.243538,18.315742,18.278795,17.593882,20.018621,21.132292,23.140461,22.03572,26.774729,22.367622,26.985376,25.888777,29.515955
27,18.471628,16.26611,17.913649,13.226765,14.171598,15.962708,15.424368,20.1019,18.955647,25.84291,25.690914,30.19921,29.895576,27.00396,26.579996,21.84479,20.188986,16.420643,13.82909,10.442701,10.363698,8.246174,6.973017,9.620776,9.398513,5.932861,4.940379,0.0,4.5860887,5.031612,9.80795,11.302959,18.353287,19.9069,21.770292,25.496204,26.186235,23.796278,20.755436,16.939838,17.16933,11.775971,13.589968,9.157444,6.06265,5.2783976,5.5901136,5.7284966,8.965017,12.782548,13.061522,12.141009,13.528243,16.168507,14.170197,17.45652,17.468687,19.974636,24.934555,22.788618,19.646894,20.353098,17.046099,19.868998,17.08079,23.187311,22.05657,25.04915,24.885061,22.263454,19.913876,24.432533,22.22773,26.159252,25.710121,28.708286,31.15976,30.444027,34.241615,33.521175,28.8452,27.11656,23.258753,21.23655,18.44791,17.261108,13.7378435,10.44006,11.094563,9.166048,11.192697,12.679729,13.406281,16.687347,18.662996,21.809921,22.909636,21.38387,21.325544,19.767809,19.449282,17.550735,19.782204,20.515594,21.85405,20.759789,24.588516,20.214676,24.63417,23.122791,26.99325
28,20.893436,17.925581,18.879814,13.886582,13.59768,15.446288,13.353054,18.03909,15.969316,23.198809,22.318052,26.765766,26.89608,24.189222,24.401508,19.531397,18.662191,14.429218,13.125144,9.7607765,11.5965805,9.84298,10.745824,12.926137,13.741348,10.508439,7.8734035,4.5860887,0.0,5.8902955,6.3673444,10.452784,16.153566,18.487242,20.089176,23.805267,25.20072,22.724274,20.049364,16.535982,15.861364,11.013634,11.181581,6.0055394,6.6164126,3.9189985,7.7344155,6.5076456,10.494609,13.203515,13.2718115,10.396398,13.424072,14.340174,12.804612,16.22524,14.921064,17.388605,22.26478,19.39721,16.147528,16.76464,13.642285,16.436253,14.681314,20.122622,19.617311,21.980204,21.533363,18.617493,15.706549,20.104818,17.68432,21.625092,21.152763,24.227186,26.722198,26.204544,30.057756,29.655523,25.127935,23.17412,19.472841,17.22,14.220974,13.501097,9.522315,7.3918476,8.321454,8.070763,10.310036,10.763651,13.540671,15.875564,18.202803,21.439728,21.751148,19.668913,19.251379,17.111746,17.348522,14.579203,17.41011,18.538477,19.142338,17.545395,21.087938,16.14649,20.43139,18.719425,22.49349
29,19.57481,17.75372,18.061102,13.217024,14.06974,14.143134,14.4403715,17.52488,16.674446,22.735922,22.375637,27.22383,26.209444,23.044031,22.716303,17.938963,16.391191,12.87114,10.4265175,8.576709,7.9676175,9.2909355,7.9959154,12.0060835,12.070832,8.967921,9.948696,5.031612,5.8902955,0.0,7.096059,6.407456,13.761532,15.173946,16.896542,20.635923,21.16593,18.807634,15.73488,11.974578,12.437766,7.156895,9.638452,7.392522,5.188463,6.9349566,8.518184,10.334171,13.17612,16.871803,16.05873,14.305902,14.7974415,16.106686,12.988557,15.435298,15.555645,17.211342,22.32585,20.621016,17.40485,19.645233,17.204828,20.75414,19.309265,25.107464,24.99172,27.6234,27.34096,24.364658,21.038317,25.176697,22.117908,25.83445,24.526175,27.474663,29.367094,28.23236,31.728363,30.38635,25.424742,23.985554,19.987776,18.415487,16.154198,14.574026,13.100917,9.697171,12.06312,11.19451,14.081577,15.878868,17.452173,20.799158,23.037872,26.209806,27.015537,25.208818,24.58424,22.642838,21.948648,19.157354,20.917128,21.133036,21.783405,20.859674,23.494991,19.506626,23.510654,21.62623,25.692024
30,23.752237,20.923368,20.332523,15.357359,14.389037,14.348431,12.234082,14.664627,12.181007,18.540657,16.711292,21.59793,21.20062,18.300095,19.228662,14.207132,14.312187,10.056784,10.501127,9.256003,11.744752,12.908262,14.257498,17.2122,18.412025,15.339446,14.061153,9.80795,6.3673444,7.096059,0.0,6.7191315,10.142832,13.192419,14.318336,17.96985,19.873055,17.435991,15.19155,12.320989,10.934051,7.6312265,5.915186,4.276173,8.707964,8.269587,12.541668,12.771309,16.219065,18.635117,17.64459,13.683804,16.046913,14.663526,12.296464,14.574917,12.36316,13.542002,18.453949,15.548381,12.105812,14.863682,13.282324,16.794744,17.33781,21.736544,22.715965,24.256681,23.537762,20.191963,15.908479,19.448435,15.762651,19.307812,17.581709,20.65595,22.402681,21.484346,25.00177,24.039143,19.174147,17.33603,13.489132,11.558744,9.102041,8.177435,7.5304117,6.757379,9.979491,11.569301,14.426808,14.963893,18.759455,20.878206,23.454937,26.626072,26.401491,23.94001,22.767931,20.11553,20.071371,16.077974,18.388083,19.034872,18.356256,16.746643,18.378479,13.695176,17.169752,14.768126,18.75414
31,22.146399,20.51609,19.197056,14.691944,14.939337,12.879868,13.8369255,14.249267,13.78076,18.2377,17.59745,22.706509,20.819294,17.39053,17.251623,12.530444,11.444614,8.540203,7.381008,8.678292,8.484106,12.805339,12.679299,16.637283,17.428581,14.962615,16.191166,11.302959,10.452784,6.407456,6.7191315,0.0,8.011926,8.854234,10.64686,14.24519,15.012145,12.929122,9.682641,6.097254,7.5556808,4.5422153,6.5695257,8.96891,9.823134,11.923698,14.44265,16.2603,19.236938,22.599184,21.250303,18.536291,18.888752,18.368122,14.653652,15.77888,15.380946,15.521871,20.464045,19.07476,15.9230585,20.032452,18.876709,22.807909,23.008621,27.978453,28.869335,30.802992,30.171974,26.782024,22.596312,26.019053,22.03884,25.404873,23.022196,25.92832,26.96047,25.469439,28.413778,26.335331,21.002146,19.779755,15.883619,14.881914,13.829795,11.444211,13.188836,10.4802475,14.178131,14.6181345,17.906683,19.805754,22.243477,25.480354,27.992765,31.135342,31.542065,29.454697,28.106281,25.821638,24.68252,21.040712,22.127155,21.763494,21.428501,20.760178,21.644104,18.533974,21.700193,19.573072,23.70174
32,29.357706,27.468235,25.367548,21.161678,20.426817,17.645555,17.535702,15.503555,14.222043,16.272736,13.247802,18.688456,15.954076,12.286745,14.359771,10.09256,11.764696,10.058579,12.279428,14.844798,15.837096,20.170156,20.67694,24.478033,25.385118,22.633347,23.181355,18.353287,16.153566,13.761532,10.142832,8.011926,0.0,6.4375367,4.527594,8.43935,10.499678,8.058039,7.4272456,7.5585856,4.825702,8.226212,6.215637,12.137502,15.418967,17.167988,20.501652,22.365797,25.105064,27.73924,25.676548,21.947819,22.32487,19.54788,16.097223,15.723408,14.20089,12.381156,16.264101,15.253098,12.777669,18.577625,19.21153,23.172167,25.371506,29.015448,31.289606,32.460155,31.830902,28.465593,23.410614,25.647882,21.092812,23.286951,19.845385,22.07431,22.044333,19.931557,22.140434,19.262836,13.877157,13.544712,9.861148,10.630445,11.079329,10.0839615,15.12177,14.883797,18.793385,20.576511,23.733734,24.77637,28.44868,30.858475,33.502277,36.633812,36.31272,33.751144,32.16179,29.364979,28.825743,24.378061,25.612343,25.338306,23.654135,22.65786,21.457699,18.655989,20.16728,17.209593,20.7014
33,26.47076,25.150698,22.150307,18.834198,18.427992,14.308864,16.062738,12.283787,13.035431,13.214689,12.877563,17.64352,14.121183,10.497922,10.111902,6.690379,6.847678,7.5412407,9.338013,13.486359,13.803255,19.203869,20.135006,23.557552,25.11048,23.33868,24.655613,19.9069,18.487242,15.173946,13.192419,8.854234,6.4375367,0.0,5.090434,6.367881,8.369552,8.380746,5.1462965,5.22254,9.088337,11.410764,11.350344,16.26746,18.483486,20.362211,23.265873,24.71515,27.979177,31.128675,29.680023,26.342113,26.874002,25.060598,21.37411,21.305912,20.291807,18.744307,22.638016,21.60938,19.008755,24.530035,24.689291,28.526247,30.135616,34.060623,35.698994,36.76063,35.579136,31.78943,27.156057,29.537424,24.811203,27.628773,24.086391,26.861603,26.548676,24.877014,26.673126,23.628935,18.041002,17.007298,14.245957,14.13665,15.506634,12.027856,17.206379,15.5759945,19.508461,20.847128,24.134089,26.207563,29.09119,32.26597,34.980545,37.97702,38.063614,35.848835,33.650154,31.23876,29.37953,25.252626,25.202908,24.03409,22.621922,22.574768,20.99267,19.99043,21.621025,19.80812,23.573761
34,30.845457,29.467026,26.845718,23.160418,22.701382,19.041416,20.023895,16.647406,16.400288,16.47433,14.103162,19.150536,15.28259,11.526674,13.184418,10.12182,11.674632,11.682431,13.735841,17.299366,17.560255,22.756807,23.009567,26.905617,27.800156,25.421543,26.677467,21.770292,20.089176,16.896542,14.318336,10.64686,4.527594,5.090434,0.0,4.3181677,6.055757,4.461565,4.6625366,7.1576915,6.6836553,11.184739,10.425353,16.415522,18.941202,21.161991,24.08151,26.24612,28.931608,31.817585,29.674728,26.243977,26.10064,23.503607,19.783432,18.838745,17.976429,15.636249,18.876017,18.696587,16.659794,22.721954,23.596298,27.587954,29.818863,33.486397,35.811,36.965385,36.255898,32.799,27.752363,29.806705,25.117481,27.152626,23.396885,25.45861,24.852032,22.542675,24.076048,20.496634,15.228434,15.41192,12.51988,13.809911,15.101915,13.496781,19.077375,18.39913,22.385996,23.966187,27.22408,28.692106,32.03408,34.785652,37.453022,40.5583,40.39029,37.924706,36.126106,33.427475,32.4124,28.0206,28.68134,27.950237,26.22124,25.663235,23.80598,22.007103,23.121805,20.47354,23.790895
35,32.686337,31.474922,28.291067,25.15282,24.564734,20.356396,21.717579,17.087833,17.48059,15.518275,13.665478,17.979202,13.288395,9.838166,11.266208,9.910709,11.798532,13.230541,15.676263,19.7666,20.076672,25.518332,26.150772,29.801401,31.041704,29.009663,30.358536,25.496204,23.805267,20.635923,17.96985,14.24519,8.43935,6.367881,4.3181677,0.0,4.5910807,5.99897,6.6863227,9.889448,10.949889,15.363082,14.580249,20.453827,23.083334,25.190102,28.166716,30.07878,32.98919,35.905727,33.906048,30.361332,30.408411,27.692068,24.057787,22.99629,21.984875,19.384928,22.096947,21.94905,20.150738,26.305727,27.428976,31.275803,33.777412,37.1342,39.536457,40.36878,39.37024,35.738895,30.71053,32.417393,27.564606,29.470425,25.40514,27.443632,26.271229,24.064995,24.94874,21.035107,15.961712,16.155909,14.262994,15.666758,17.82419,15.662373,21.814867,21.186995,25.126637,26.8374,30.079668,31.75262,35.07487,37.919323,40.652634,43.67887,43.4745,41.038803,38.876263,36.22724,34.783966,30.36345,30.469193,29.377865,27.383753,27.178167,24.47785,23.748793,24.28425,22.048471,25.104116
