,0,1,2,3,4,5,6,7,8,9,10,11,12,13,14,15,16,17,18,19,20,21,22,23,24,25,26,27,28,29,30,31,32,33,34,35,36,37,38,39,40,41,42,43,44,45,46,47,48,49,50,51,52,53,54,55,56,57,58,59,60,61,62,63,64,65,66,67,68,69,70,71,72,73,74,75,76,77,78,79,80,81,82,83,84,85,86,87,88,89,90,91,92,93,94,95,96,97,98,99,100,101,102,103,104,105,106,107,108,109,110,111
0,0.0,3.9791625,7.2839537,10.369479,13.2661,16.852798,18.665655,22.977135,26.119596,29.104866,33.951084,33.482132,36.518467,37.96727,33.323902,29.413988,28.015217,22.94378,22.515541,16.730698,17.494776,13.380397,14.282673,16.134312,12.748181,14.177819,16.296246,19.869053,21.85083,24.994942,27.281605,33.271435,34.500465,37.79528,38.323475,41.76274,41.366795,38.199818,37.74839,34.40724,34.117455,28.290861,26.473255,22.924562,21.953217,17.382393,18.98849,14.685792,19.671413,20.955322,24.246601,26.934654,30.905931,32.30891,33.267166,31.19358,31.645876,33.565678,38.874645,35.48596,32.245987,31.302694,27.904644,27.782145,28.43729,26.472237,22.441397,18.860153,15.715368,19.912678,16.954493,20.494331,22.715233,23.972385,27.88529,29.151964,33.179,34.9821,36.946186,40.800926,38.97696,39.794277,36.409138,32.843895,31.072166,27.029018,25.0057,20.554209,20.05875,17.506536,17.796583,20.29544,24.805178,26.343271,29.741076,33.176205,33.5567,31.64378,30.124031,36.934113,36.3082,33.696217,34.091125,38.225613,40.59335,38.129932,35.39423,33.622356,28.809914,28.55064,24.138084,24.67029
1,3.9791625,0.0,4.922415,6.806787,9.597342,13.409438,14.877647,19.491081,22.386177,25.687292,30.236914,30.051685,32.953056,34.356037,29.850304,25.71504,24.582031,19.280752,19.265182,13.489806,14.398158,10.92972,12.225589,13.615481,11.201084,12.639656,14.632465,17.561384,18.94787,22.018053,24.155092,29.867214,31.065788,34.185814,34.62333,38.04085,37.53638,34.33243,33.85092,30.500332,30.31642,24.448198,22.7716,19.191538,18.503536,14.259795,16.40232,13.034022,17.752504,19.839214,22.08749,25.53079,29.27797,30.226269,30.86664,28.56624,28.874037,30.481121,35.84352,32.394318,29.063093,28.609497,25.443518,25.66019,26.880655,25.061487,20.626076,17.733482,13.9585905,17.35322,13.377091,16.962612,18.872793,20.130865,23.964876,25.211634,29.240208,31.046867,33.084343,36.916172,35.199814,36.006104,32.75779,29.138243,27.206444,23.306206,21.075867,16.602745,16.163504,13.732841,14.4164915,17.38541,21.466997,23.4477,26.559303,29.953102,30.14615,28.069376,26.499252,33.35064,32.639824,29.870405,30.240795,34.484642,36.94396,34.587482,31.74978,30.318373,25.226637,25.24145,20.828106,21.567347
2,7.2839537,4.922415,0.0,5.333683,6.928518,10.855743,12.401472,16.030676,19.492306,22.002148,27.243835,26.506248,29.69953,31.526495,26.816387,23.020693,21.232805,16.517378,15.373133,9.628294,10.439228,6.2710238,8.60921,11.505585,10.648203,13.278465,16.26753,18.794493,18.951916,22.898706,23.705599,29.830223,30.031609,33.667633,33.32376,36.951332,36.075798,32.81023,32.93575,29.440994,30.228088,23.814474,23.186441,18.915016,19.858335,15.923161,18.927452,16.70333,21.0017,23.796822,25.25083,29.129875,32.85987,33.610508,33.683422,31.035217,31.442196,32.52618,37.974052,34.526085,31.071142,31.416498,28.606895,29.152172,30.880993,29.07665,24.348564,22.12864,17.954039,20.430098,15.035949,18.532536,19.253494,20.21297,23.699211,24.204689,28.1166,29.393143,31.079185,34.89788,32.725044,33.22481,29.699175,26.332254,24.811378,20.691294,19.182411,15.038649,15.24182,14.015768,15.231263,18.664944,22.552542,24.979046,27.723505,30.823507,31.078773,28.766853,26.677986,33.5678,33.14905,29.931784,29.562681,34.11653,36.708435,34.145924,31.164867,29.879116,24.513878,24.10173,19.792242,19.640055
3,10.369479,6.806787,5.333683,0.0,4.19348,6.609691,9.459162,13.248905,16.335394,19.886642,24.413788,24.695372,27.543104,29.44437,25.218119,20.641905,19.673315,14.3308935,14.028601,8.617982,8.444953,6.86437,7.6366305,8.016288,8.322544,10.221913,12.633416,14.257211,13.899445,17.723103,18.532637,24.503529,24.911015,28.43814,28.349949,31.923311,31.300077,28.123018,28.116264,24.665169,25.235983,18.798027,18.128174,13.697359,14.9925375,11.129101,14.59803,13.7538185,17.285196,20.88043,21.268456,25.590094,29.17147,29.818077,29.298548,26.427032,27.096249,27.933317,33.484962,30.372217,26.82948,27.838688,25.166016,26.37344,28.142464,27.251213,22.498587,20.511824,16.510931,18.069456,11.348115,14.34243,15.092028,15.343778,19.194633,19.536886,23.474112,25.000637,26.715126,30.607843,28.650536,29.735031,26.227066,22.576328,21.099966,16.727417,15.501826,11.0312195,12.1339245,11.174598,13.485245,17.524939,20.048574,23.213333,25.363523,28.491072,28.065516,25.440357,23.732697,30.555052,29.448734,25.951769,26.186047,30.950762,33.75996,31.732645,28.553072,28.233736,22.331991,22.900322,18.726843,19.323006
4,13.2661,9.597342,6.928518,4.19348,0.0,5.7107997,5.637128,9.993624,12.85524,16.205194,20.755894,20.748177,23.6228,25.434351,21.090763,16.690357,15.56239,10.272731,10.176357,4.847983,6.071024,5.981363,8.755367,9.79345,11.86976,13.919019,16.16824,16.978712,15.514023,19.11524,19.210308,24.50557,24.446774,27.702765,27.027441,30.60759,29.445896,26.100285,26.272009,22.752424,24.001116,17.482515,17.583801,13.228472,15.475553,13.029777,16.860348,16.890894,19.979385,23.831903,23.336472,28.238304,31.378956,31.308857,30.714823,27.72614,27.878038,28.207474,33.57614,30.163816,26.650064,28.102226,25.946445,27.141884,29.733627,28.350458,23.337252,22.45035,17.928507,18.477634,11.370506,14.263808,13.623601,14.318886,17.338976,17.508738,21.353647,22.51835,24.308187,28.080435,26.09302,26.562704,23.307543,19.814472,17.962553,14.1305895,12.287528,8.2099695,9.185154,9.344886,11.805967,15.96376,18.301676,21.649904,23.496754,26.312908,26.108067,23.447266,21.238144,28.015188,27.408667,23.787853,23.249037,28.077644,30.878366,28.611132,25.409452,25.055141,19.096495,19.367393,15.339112,15.5427265
5,16.852798,13.409438,10.855743,6.609691,5.7107997,0.0,7.029091,7.9121494,11.260762,14.891923,19.325571,20.176886,22.898998,25.449001,21.717344,16.864796,16.102512,11.415102,10.498831,7.338704,4.8729467,7.743555,7.362344,5.9221334,10.205179,11.9742155,14.248388,14.128882,11.354143,15.807277,14.445712,20.508997,19.629045,23.72052,22.792788,26.55998,25.731598,22.62803,23.36936,19.858957,21.582035,14.632381,15.649148,10.435346,14.526666,12.029077,16.12098,17.526445,19.644873,24.1307,22.906471,27.706663,30.956656,31.29253,29.672215,26.3654,27.36275,27.325153,32.824974,30.179438,26.59914,29.029978,26.98615,28.97993,31.1473,30.998543,26.226486,25.027508,21.138626,21.249542,13.287336,15.007013,14.149297,12.978208,16.332163,15.219049,18.800417,19.785069,20.93444,24.865145,22.510452,23.936255,20.035284,16.40914,15.784948,10.657827,11.54533,7.9603424,11.315556,12.488283,15.796518,20.143457,21.030663,25.026531,26.127853,28.786432,27.788347,24.73218,22.933023,29.337303,27.898594,23.709824,23.671268,28.84905,31.948591,30.320732,26.900223,27.778791,21.391369,22.44903,18.941929,19.218536
6,18.665655,14.877647,12.401472,9.459162,5.637128,7.029091,0.0,6.47805,7.7243133,11.74966,15.386428,15.853255,18.373468,20.012457,15.968984,11.190465,10.749557,5.0258183,6.9981465,5.15303,7.006761,9.922824,12.676364,12.851579,16.333923,17.968763,19.607773,19.172537,16.457718,19.30793,18.616196,22.540636,22.077011,24.695818,23.44225,26.892551,25.167637,21.68868,21.965765,18.464518,20.48606,14.175587,15.373674,11.557477,15.018454,14.634838,18.620386,20.139961,22.237272,26.516466,24.598726,30.139801,32.620975,31.688944,30.713154,27.575329,27.240044,26.787304,31.823074,28.328047,24.922844,27.272795,25.90725,27.410881,30.841293,29.460707,24.392187,24.814816,20.176924,19.128595,11.776337,13.6695795,11.078505,11.840958,13.506612,13.2889185,16.869123,17.66247,19.621758,23.202353,21.425898,21.383497,18.665413,15.262632,12.709262,9.968673,6.9521995,4.034682,5.682276,8.329815,11.233164,15.277422,16.138237,20.008715,20.928406,23.21765,22.841648,20.002237,17.432085,23.878252,23.501186,19.595417,18.354046,23.3534,26.258114,24.079718,20.756962,21.106825,14.85621,15.48846,12.125074,12.357139
7,22.977135,19.491081,16.030676,13.248905,9.993624,7.9121494,6.47805,0.0,4.766465,6.980694,12.126328,12.377437,15.284891,18.333118,14.67451,10.443245,9.083301,6.736911,4.6380973,7.2264414,6.2678328,11.143348,12.70181,12.871133,17.784958,19.788197,21.945578,21.092505,17.189686,20.858812,18.049065,22.364452,20.07136,23.683361,21.15752,24.864635,22.827229,19.56023,21.190119,17.74711,21.349075,14.816403,17.785744,13.464054,18.805166,18.374311,22.50823,24.64563,26.336683,30.99045,28.74345,34.125946,36.74138,36.10455,34.27423,30.866789,31.162388,30.214619,35.185795,32.30279,28.93596,32.180145,31.02927,33.014988,36.240402,35.491394,30.518593,30.692036,26.294827,25.208076,17.4744,18.675705,15.640088,14.861853,15.932884,13.739077,16.420433,16.031292,16.768936,20.300226,17.486122,17.533749,13.783838,10.80193,10.252107,6.280238,8.177337,8.021717,11.34627,14.604635,17.612623,21.532501,21.697296,25.799242,26.084982,27.898428,27.171556,24.121208,21.543156,27.231714,26.674515,22.239735,20.51299,25.725157,28.796394,26.924305,23.53889,24.80558,18.658083,19.183582,16.780514,15.933767
8,26.119596,22.386177,19.492306,16.335394,12.85524,11.260762,7.7243133,4.766465,0.0,5.803109,8.139479,9.858443,11.880834,14.449564,11.513141,6.5674987,7.1476045,5.625351,7.054552,10.57144,10.7094755,15.356932,17.148851,16.640244,21.447807,22.93457,24.395676,22.851221,18.682032,21.19611,18.530806,21.085562,19.003492,21.477577,18.739208,22.124811,19.586964,16.173964,17.610197,14.309366,18.352388,12.625378,16.160183,13.015928,18.328152,19.37002,23.302362,26.183535,27.258677,31.99329,28.850918,34.598434,36.614563,35.261745,33.350243,29.98941,29.761978,28.299345,32.841858,29.900358,26.747372,30.46495,29.920551,32.01922,35.785385,35.006794,30.139359,31.21612,26.856882,24.783442,17.505278,17.980541,13.97631,13.362762,12.988015,10.613925,12.7827425,12.079618,13.263795,16.555399,14.330814,13.80416,11.100203,8.074428,5.8602853,4.7109823,4.960854,7.5538034,10.376701,14.3331785,17.213932,20.711811,19.713833,23.947027,23.50282,24.857069,23.936308,20.88455,18.27132,23.358082,22.912317,18.439924,16.267588,21.446833,24.54391,22.921806,19.535788,21.53947,15.505915,16.602442,15.068071,14.689503
9,29.104866,25.687292,22.002148,19.886642,16.205194,14.891923,11.74966,6.980694,5.803109,0.0,7.0394044,5.6964417,8.919597,12.741765,9.544777,7.48608,5.4258995,8.534731,6.8829694,12.442582,12.560539,16.912977,19.018782,19.646038,24.669466,26.738808,28.822508,27.639198,23.35271,26.452732,23.057344,25.90008,22.811172,25.678122,22.028957,25.328384,22.292847,19.207096,21.507689,18.569008,23.357956,18.021978,21.886057,18.611784,24.069246,24.680115,28.720823,31.199306,32.639286,37.331806,34.50972,40.16727,42.338623,41.055096,39.127853,35.742905,35.548134,33.99775,38.39597,35.431316,32.368713,36.068596,35.580627,37.502457,41.37758,40.237408,35.260735,36.316254,31.723057,29.930204,22.784248,23.605446,19.579247,19.164276,18.487879,15.852364,17.193739,15.455728,15.617983,18.193647,15.187087,13.236359,10.332697,9.2230425,8.931965,8.776874,10.473571,12.923293,15.174166,19.08881,21.532175,24.769997,24.365522,28.233238,27.833555,28.801115,28.35426,25.534117,22.514923,27.056965,27.355022,23.068626,19.88596,24.650375,27.490055,25.486652,22.395845,23.969671,18.712963,18.635986,17.703972,15.906702
10,33.951084,30.236914,27.243835,24.413788,20.755894,19.325571,15.386428,12.126328,8.139479,7.0394044,0.0,5.5444818,4.820446,7.9282355,7.781203,6.2711687,8.238138,11.4911175,12.903378,17.874311,18.303669,22.86575,24.82088,24.428774,29.45011,30.876627,32.13983,30.115383,25.566732,27.309935,24.049751,24.598492,21.758448,22.976639,19.056421,21.609838,17.887094,14.970666,17.136421,14.925678,20.182333,16.700901,21.007198,19.338821,24.510195,26.664598,30.34,33.743652,34.323742,39.085934,35.171925,41.097916,42.496887,40.41442,38.255432,34.993114,34.28702,32.04978,35.691883,32.930046,30.298843,34.650234,34.973404,37.117035,41.473164,40.559902,35.88604,37.90246,33.57004,30.666616,24.244373,24.084965,19.369654,18.898424,16.516466,13.751959,13.594285,11.044429,11.367573,12.910958,11.051324,7.5340147,7.5938153,7.6449513,5.890071,10.214689,10.68562,14.900152,16.595264,20.749115,23.020466,25.650806,23.630966,27.520494,26.03319,26.243849,25.372723,22.6873,19.969097,23.005495,23.32426,19.219622,15.552621,19.82249,22.587513,21.296988,18.42,21.409956,16.868675,17.763102,18.24443,17.368607
11,33.482132,30.051685,26.506248,24.695372,20.748177,20.176886,15.853255,12.377437,9.858443,5.6964417,5.5444818,0.0,3.9180915,7.8311944,5.4668727,7.08336,5.885173,11.418599,11.280643,16.900621,17.831305,21.806408,24.433718,25.212746,30.113455,32.12059,34.004105,32.64694,28.35046,30.844704,27.640965,29.286167,26.302614,28.159382,24.21538,26.960894,23.29657,20.413786,22.607983,20.214163,25.236624,21.076063,25.016111,22.659557,27.711084,29.100292,33.005066,35.626514,36.9216,41.53293,38.32142,44.209515,45.949238,44.039658,42.283836,39.027237,38.249138,36.34653,40.197407,37.031002,34.2861,38.078056,38.122604,39.849392,44.27951,42.68604,37.78231,39.635117,34.929287,32.56773,26.178974,26.775919,22.233864,22.392786,20.561432,18.269943,18.773783,16.48642,16.71624,18.232174,15.893795,11.997655,11.3229475,11.72885,10.607479,13.157754,13.315116,16.741224,17.954569,21.98818,23.849564,26.369617,25.554377,29.014559,28.120508,28.36986,28.28081,25.837358,22.560162,25.989128,27.161459,23.3457,19.066,23.068024,25.516756,23.347761,20.710892,22.302763,18.227985,17.64751,18.05548,15.874966
12,36.518467,32.953056,29.69953,27.543104,23.6228,22.898998,18.373468,15.284891,11.880834,8.919597,4.820446,3.9180915,0.0,4.8370457,5.6316857,8.048827,8.789598,13.814616,14.73877,20.148905,21.093327,25.24414,27.745705,28.060371,33.010178,34.738922,36.26628,34.518696,30.08726,31.981668,28.798986,29.373981,26.473608,27.531286,23.462633,25.745604,21.768742,19.1293,21.243242,19.347775,24.49774,21.348894,25.44249,23.832153,28.734968,30.810106,34.537174,37.592377,38.47568,43.116726,39.38777,45.380943,46.739044,44.440254,42.564922,39.38486,38.362858,36.116615,39.528534,36.494743,34.009377,38.10736,38.57313,40.398457,45.05651,43.576977,38.84618,41.16495,36.601307,33.716305,27.708794,27.842867,23.034897,23.153385,20.55852,18.269543,18.000223,15.362929,15.559294,16.302004,14.6440115,9.8364935,10.955746,12.073722,10.643733,14.683096,14.509171,18.563131,19.56681,23.655903,25.422152,27.614618,26.012352,29.415514,27.953266,27.74442,27.47828,25.17942,22.089128,24.53883,25.818796,22.226894,17.667517,21.167578,23.461067,21.680082,19.294119,21.60261,18.150482,18.014725,19.21971,17.529724
13,37.96727,34.356037,31.526495,29.44437,25.434351,25.449001,20.012457,18.333118,14.449564,12.741765,7.9282355,7.8311944,4.8370457,0.0,5.251776,8.8453455,10.72604,15.180592,17.427328,22.318085,23.926193,27.775703,30.709156,30.98251,35.626396,37.172386,38.381027,36.569656,32.41634,33.675285,31.220293,30.958897,28.851841,28.92775,25.35127,27.190454,23.11217,20.499664,21.7507,20.206318,24.74309,22.532951,26.11789,25.329597,29.440184,32.11942,35.61171,38.662575,39.431778,43.85736,39.902847,46.028774,46.96699,44.1045,42.61837,39.663536,38.01642,35.656227,38.58807,35.25366,33.075565,36.955765,37.82762,39.371635,44.44857,42.542095,37.985424,40.99578,36.458927,33.108093,28.037323,28.008968,23.04591,23.859945,20.583721,19.179743,18.728714,16.456429,17.44047,17.711567,17.230162,12.215511,14.685471,15.452518,12.71994,17.619423,15.684299,19.908936,19.925526,23.792131,24.997286,26.483582,24.501297,27.424662,25.604696,24.850084,24.926855,23.075247,19.906137,21.410107,23.489933,20.586273,15.34269,17.93406,19.793005,17.822147,15.912057,18.147577,15.8999195,15.645867,17.875937,16.538496
14,33.323902,29.850304,26.816387,25.218119,21.090763,21.717344,15.968984,14.67451,11.513141,9.544777,7.781203,5.4668727,5.6316857,5.251776,0.0,5.673643,6.025825,10.963448,12.879576,17.668655,19.67209,23.12004,26.447792,27.295252,31.71688,33.55359,35.11287,33.818195,29.95818,31.811783,29.61285,30.570183,28.610199,29.515615,26.218287,28.64992,24.923567,21.873714,23.063047,20.803362,25.071672,21.582886,24.817583,23.235065,27.297165,29.243475,32.928528,35.365517,36.697437,41.02277,37.728516,43.785748,45.152046,42.6738,41.49497,38.479736,36.9833,35.10448,38.608185,34.946815,32.424248,35.78649,36.13338,37.444855,42.347713,40.109993,35.301426,37.87736,33.091965,30.3215,24.953072,25.56338,20.846512,22.020258,19.591633,18.448952,19.101068,17.364367,18.636274,19.952713,18.72602,14.52586,15.199061,15.018963,12.028244,15.585908,13.134938,16.687613,16.516525,20.320482,21.464039,23.231104,22.334908,25.269163,24.254639,24.131367,24.593067,22.575937,18.991095,22.040236,24.116552,20.94428,15.928377,19.328915,21.424397,18.71019,16.366268,17.315582,14.104194,12.99051,14.322561,12.233341
15,29.413988,25.71504,23.020693,20.641905,16.690357,16.864796,11.190465,10.443245,6.5674987,7.48608,6.2711687,7.08336,8.048827,8.8453455,5.673643,0.0,4.5130386,6.5097957,9.881069,13.999492,15.703465,19.550766,22.444492,22.589018,26.981457,28.500751,29.77342,28.283907,24.452835,26.157894,24.20384,25.330658,23.780464,24.845573,22.043608,24.76346,21.490929,18.130598,19.000385,16.284592,20.245283,16.154703,19.291842,17.565052,21.727785,23.716745,27.390736,30.102503,31.213055,35.65239,32.24186,38.27428,39.729877,37.49033,36.133327,33.03783,31.813816,30.058714,33.9226,30.410517,27.649506,31.157442,31.260504,32.87092,37.47404,35.773457,30.947577,33.181396,28.567585,25.786558,19.855152,20.276962,15.576863,16.433443,14.365659,13.173585,14.477268,13.365127,15.161514,17.35918,16.138071,13.428605,13.09436,11.518502,7.5889697,10.7086315,7.4656887,11.23661,11.579485,15.629629,17.406076,19.81325,18.51998,22.132433,21.211817,21.739567,21.541134,19.011189,15.703437,19.875055,20.874508,17.09232,13.059069,17.564423,20.26474,18.030415,14.9670105,16.643412,11.62876,11.980249,12.04128,11.208064
16,28.015217,24.582031,21.232805,19.673315,15.56239,16.102512,10.749557,9.083301,7.1476045,5.4258995,8.238138,5.885173,8.789598,10.72604,6.025825,4.5130386,0.0,6.0333405,6.856875,11.831946,13.69221,17.176218,20.447939,21.548662,25.946016,28.000986,29.907259,28.994673,25.274876,27.86525,25.6151,27.963705,25.93326,27.920458,24.877008,27.921938,24.747026,21.427547,22.784554,19.865316,23.944912,19.024836,22.094324,19.424322,23.82365,24.810009,28.726322,30.775675,32.499638,36.877796,34.17762,40.036182,41.952106,40.160206,38.92445,35.75979,34.82837,33.408447,37.599274,34.01213,31.07371,34.207275,33.884525,35.293934,39.66041,37.68331,32.665,34.356873,29.503815,27.481806,21.21279,22.335226,18.097212,18.961132,17.822235,16.451149,18.144243,16.926624,18.14634,20.524475,18.47834,15.725339,14.334303,13.002739,10.469533,11.690113,9.800206,12.302706,12.873209,16.691427,18.378578,21.022505,21.009426,24.380693,24.147926,24.941994,25.16896,22.711935,19.218513,23.837446,25.048365,21.300491,17.37621,21.775547,24.325214,21.65131,18.74609,19.347624,14.541307,13.643921,13.012866,10.78482
17,22.94378,19.280752,16.517378,14.3308935,10.272731,11.415102,5.0258183,6.736911,5.625351,8.534731,11.4911175,11.418599,13.814616,15.180592,10.963448,6.5097957,6.0333405,0.0,5.6497207,7.7903404,10.121678,13.421248,16.659554,17.241266,21.145319,22.890226,24.498652,23.718779,20.51006,22.948055,21.665413,24.484688,23.479153,25.519579,23.512226,26.742409,24.2761,20.745167,21.298767,18.00171,20.93866,15.367138,17.480124,14.539718,18.33643,19.04501,22.91992,24.79691,26.611572,30.900242,28.433838,34.23364,36.28509,34.722023,33.7169,30.60225,29.758062,28.769968,33.335125,29.652569,26.492289,29.22622,28.495707,29.901836,33.983643,32.177288,27.118542,28.46232,23.672396,21.864086,15.275706,16.663874,12.87088,14.027314,13.926702,13.383205,16.209171,16.207294,18.156988,21.261679,19.573168,18.316936,16.359884,13.614497,10.3745165,9.82554,5.9056516,6.7160854,7.1529326,10.900009,13.040221,16.300278,16.560423,20.26684,20.557638,22.131302,22.087955,19.40234,16.216633,22.020885,22.488977,18.641104,15.994935,20.855434,23.645643,21.15636,17.917425,18.353182,12.4179945,12.477793,10.180103,9.488006
18,22.515541,19.265182,15.373133,14.028601,10.176357,10.498831,6.9981465,4.6380973,7.054552,6.8829694,12.903378,11.280643,14.73877,17.427328,12.879576,9.881069,6.856875,5.6497207,0.0,5.796247,7.082562,10.55675,13.70587,15.414867,19.702627,22.158564,24.654222,24.40813,21.04438,24.70184,22.452433,26.663303,24.61532,27.886196,25.302816,28.875368,26.486006,23.135431,24.594206,21.21662,24.752398,18.508816,21.063995,17.044725,21.599146,21.032026,25.142664,26.503986,28.792208,33.128998,31.359896,36.789463,39.413567,38.5583,37.287197,34.021797,33.84532,33.04736,37.91099,34.52761,31.222307,33.944374,32.80223,34.27159,37.82909,36.21532,31.090635,31.53082,26.744987,25.880915,18.758718,20.568844,17.441496,17.772518,18.475197,16.999868,19.670216,19.133154,20.113598,23.316204,20.61256,19.504774,16.352022,14.034822,12.763772,10.417905,10.145878,10.04974,11.768351,14.885097,17.13885,20.672014,21.79324,25.370365,26.030352,27.708155,27.712101,24.978994,21.861273,27.61453,27.967024,23.9106,21.320873,26.225273,29.023382,26.480997,23.311655,23.547537,17.91046,17.279501,14.87493,12.976178
19,16.730698,13.489806,9.628294,8.617982,4.847983,7.338704,5.15303,7.2264414,10.57144,12.442582,17.874311,16.900621,20.148905,22.318085,17.668655,13.999492,11.831946,7.7903404,5.796247,0.0,4.2055764,5.686351,9.670669,11.902832,15.114876,17.680948,20.338861,20.878859,18.545599,22.435085,21.351269,26.445986,25.381382,28.825325,27.226206,30.885244,29.144188,25.747332,26.548897,23.01395,25.360592,18.76975,20.026522,15.6321335,19.048244,17.323246,21.316925,21.717476,24.62992,28.620052,27.761948,32.848396,35.843315,35.473915,34.661404,31.54797,31.540703,31.415375,36.604134,33.110497,29.661837,31.576633,29.825836,31.024473,34.068607,32.375107,27.257769,26.931406,22.188778,22.2633,15.229327,17.796543,15.938364,16.612238,18.626766,18.069551,21.504742,21.895145,23.322035,26.897123,24.483955,24.201475,20.880377,17.884779,16.311165,12.86079,11.627898,9.047896,10.277897,11.940145,14.14084,18.006107,20.215899,23.564379,25.057468,27.394293,27.47088,24.807625,22.024517,28.501703,28.49815,24.684607,23.070183,27.961168,30.738922,28.159668,24.975925,24.571083,18.75563,18.287458,14.736419,13.666057
20,17.494776,14.398158,10.439228,8.444953,6.071024,4.8729467,7.006761,6.2678328,10.7094755,12.560539,18.303669,17.831305,21.093327,23.926193,19.67209,15.703465,13.69221,10.121678,7.082562,4.2055764,0.0,5.065271,6.7960176,8.5882635,12.723407,15.415641,18.38562,18.792149,16.049042,20.631912,18.729761,24.622019,22.98722,27.193653,25.471344,29.302273,27.890217,24.693123,25.93009,22.387447,24.944292,18.018827,19.658253,14.659213,18.882244,16.607624,20.684034,21.450363,24.08169,28.33074,27.449142,32.26859,35.53462,35.684044,34.306976,31.031012,31.70269,31.542883,36.911865,33.93795,30.40323,32.727463,30.822298,32.46071,34.99751,34.10887,29.12968,28.198566,23.858381,24.11981,16.485237,18.652922,17.10248,16.648003,19.163126,17.830816,21.14401,21.439001,22.329815,26.065262,23.252367,23.747002,19.725863,16.650652,16.208029,11.517911,12.494525,9.853762,12.548587,14.276677,17.058485,21.201353,22.827467,26.53662,27.788248,30.192692,29.756569,26.840971,24.411062,30.785841,30.143078,25.980299,24.869322,30.0084,32.990936,30.8343,27.499863,27.80978,21.691133,21.776478,18.38559,17.538431
21,13.380397,10.92972,6.2710238,6.86437,5.981363,7.743555,9.922824,11.143348,15.356932,16.912977,22.86575,21.806408,25.24414,27.775703,23.12004,19.550766,17.176218,13.421248,10.55675,5.686351,5.065271,0.0,5.0917153,9.204235,11.228546,14.479264,17.975155,19.577467,18.107811,22.811983,21.875656,28.240131,27.171106,31.390028,30.115505,33.92735,32.707027,29.490051,30.412813,26.854908,28.807331,21.952023,22.699041,17.79761,20.749657,17.45446,21.18207,20.504429,24.016823,27.650938,27.97617,32.31343,35.935307,36.485485,35.70707,32.660015,33.316605,33.720367,39.19636,35.99546,32.45028,33.912937,31.556686,32.69328,34.847485,33.49214,28.564867,26.967134,22.63478,23.989565,17.15483,20.057764,19.4525,19.632982,22.620949,21.9957,25.569374,26.16391,27.270014,31.028229,28.305788,28.67603,24.73854,21.702723,20.979052,16.48588,16.508116,13.155763,14.701213,15.214593,17.297476,21.191677,24.075634,27.200489,29.192514,31.886517,31.879345,29.219152,26.780773,33.460617,33.06085,29.25594,28.261852,33.190796,36.000443,33.510036,30.326054,29.749804,23.976055,23.518566,19.658684,18.684431
22,14.282673,12.225589,8.60921,7.6366305,8.755367,7.362344,12.676364,12.70181,17.148851,19.018782,24.82088,24.433718,27.745705,30.709156,26.447792,22.444492,20.447939,16.659554,13.70587,9.670669,6.7960176,5.0917153,0.0,5.270854,7.459287,10.963873,14.929774,16.681145,15.310921,20.656954,19.274128,26.505322,25.200783,30.093502,29.036552,32.91589,32.245255,29.3124,30.447735,26.970402,28.751133,21.80895,22.543848,17.294415,20.513403,16.454453,19.982845,19.506157,22.684694,26.432951,26.952162,30.763266,34.733177,35.997715,34.688953,31.563911,33.019485,33.535553,39.177208,36.580265,32.983192,34.70163,32.102386,33.673855,35.100864,34.724266,30.066132,27.68671,23.997236,25.624922,18.462263,20.906954,20.897371,20.04951,23.639805,22.532452,25.997858,26.706,27.395567,31.276312,28.361744,29.649445,25.203793,22.068193,22.236877,16.87034,18.408031,14.897131,17.414091,17.811918,20.395338,24.519411,26.799845,30.240856,32.043896,34.883167,34.330612,31.456738,29.478775,36.097885,34.966633,30.924423,30.636206,35.751194,38.747295,36.718575,33.391743,33.478767,27.379963,27.556091,23.73053,23.174318
23,16.134312,13.615481,11.505585,8.016288,9.79345,5.9221334,12.851579,12.871133,16.640244,19.646038,24.428774,25.212746,28.060371,30.98251,27.295252,22.589018,21.548662,17.241266,15.414867,11.902832,8.5882635,9.204235,5.270854,0.0,5.519544,7.7084656,11.046001,11.936615,10.162125,15.715044,14.247165,21.758799,20.767185,25.739878,25.21001,29.006083,28.871817,26.154888,27.08849,23.755693,25.046476,18.290115,18.81686,13.553104,16.924397,12.800314,16.242178,16.861567,19.141289,23.314648,23.176655,26.94621,30.855324,32.317936,30.457104,27.232052,29.182516,29.6253,35.301296,33.228924,29.645985,31.778048,29.20479,31.306774,32.394176,32.98684,28.580267,26.095654,22.947788,24.12351,16.650707,18.328787,18.710518,16.927,20.95211,19.668846,23.053064,24.135427,24.787817,28.74708,26.12533,28.295122,23.869518,20.408422,20.783718,15.0997095,17.221752,13.622614,16.830503,17.187077,20.298489,24.579819,25.801613,29.625864,31.010172,33.910275,32.72223,29.672548,28.26191,34.66869,32.764374,28.610723,29.172106,34.333286,37.467007,36.028324,32.6074,33.49559,27.131416,28.207584,24.51476,24.751186
24,12.748181,11.201084,10.648203,8.322544,11.86976,10.205179,16.333923,17.784958,21.447807,24.669466,29.45011,30.113455,33.010178,35.626396,31.71688,26.981457,25.946016,21.145319,19.702627,15.114876,12.723407,11.228546,7.459287,5.519544,0.0,3.750065,8.078612,11.013202,11.810743,16.747385,17.030748,24.52603,24.566023,29.218,29.47716,33.104465,33.352222,30.68596,31.105341,27.857077,28.213026,21.858595,21.195797,16.471296,17.945614,12.6257515,15.10224,13.968928,17.009474,20.352097,21.75886,24.607004,28.995972,31.192778,29.902401,27.04199,29.201693,30.376907,36.099815,34.04592,30.52666,31.710732,28.578423,30.310719,30.55904,31.234844,27.183752,23.627396,21.086145,23.434345,17.11695,19.174862,20.840439,19.531973,24.053707,23.571354,27.170694,28.702795,29.663164,33.643375,31.299164,33.53595,29.266888,25.698597,25.653818,20.204414,21.319002,17.138748,19.455542,18.636126,21.203201,25.174276,27.108599,30.430346,32.390686,35.62609,34.58629,31.771408,30.649073,37.243404,35.24807,31.501072,32.545967,37.485676,40.487015,38.980724,35.677372,36.039036,29.910091,30.906246,26.860004,27.40567
25,14.177819,12.639656,13.278465,10.221913,13.919019,11.9742155,17.968763,19.788197,22.93457,26.738808,30.876627,32.12059,34.738922,37.172386,33.55359,28.500751,28.000986,22.890226,22.158564,17.680948,15.415641,14.479264,10.963873,7.7084656,3.750065,0.0,4.416254,7.835365,9.9544325,14.249979,15.486895,22.738745,23.514353,27.85701,28.779919,32.19909,32.88678,30.400064,30.448843,27.39659,27.048794,21.198772,19.90632,15.700534,16.298655,10.716998,12.447222,11.537272,13.995963,17.317549,18.778664,21.225147,25.714615,28.286688,26.848774,24.096247,26.636131,28.033152,33.722397,32.034504,28.603237,29.695322,26.43052,28.383533,28.105774,29.50358,25.82032,21.931093,20.080265,22.390581,16.55544,18.101646,20.43902,18.801085,23.58602,23.353735,26.88143,28.778017,29.853468,33.802105,31.81221,34.484283,30.405584,26.691078,26.540155,21.241781,22.195692,17.988462,20.258316,19.091484,21.694878,25.531021,26.947083,30.276907,32.108315,35.433483,34.05903,31.267555,30.619936,37.02829,34.557705,30.964773,32.67345,37.476448,40.472744,39.32002,36.04725,36.715744,30.609795,32.09342,28.105757,29.179638
26,16.296246,14.632465,16.26753,12.633416,16.16824,14.248388,19.607773,21.945578,24.395676,28.822508,32.13983,34.004105,36.26628,38.381027,35.11287,29.77342,29.907259,24.498652,24.654222,20.338861,18.38562,17.975155,14.929774,11.046001,8.078612,4.416254,0.0,4.589695,8.785798,11.46477,14.283567,20.69422,22.547731,26.211107,27.956778,31.05308,32.175232,29.87523,29.379662,26.60081,25.342825,20.285387,18.149557,14.873507,14.140404,8.657763,9.118953,8.852428,10.178108,13.593582,14.854201,16.975119,21.483913,24.350273,22.792444,20.188763,23.06494,24.724672,30.322096,29.010998,25.722946,26.674171,23.31703,25.526705,24.727446,26.953316,23.731102,19.682283,18.661093,20.708782,15.676833,16.511301,19.588129,17.724108,22.645561,22.845871,26.250484,28.582523,29.886934,33.735508,32.26099,35.28198,31.572998,27.726439,27.281578,22.396692,22.894762,18.781202,20.813929,19.273203,21.815313,25.383081,26.127132,29.403551,31.0403,34.420265,32.68556,29.978783,29.898344,36.001194,33.035717,29.717796,32.17139,36.721745,39.661167,38.914646,35.72957,36.714382,30.74563,32.76785,28.918547,30.60068
27,19.869053,17.561384,18.794493,14.257211,16.978712,14.128882,19.172537,21.092505,22.851221,27.639198,30.115383,32.64694,34.518696,36.569656,33.818195,28.283907,28.994673,23.718779,24.40813,20.878859,18.792149,19.577467,16.681145,11.936615,11.013202,7.835365,4.589695,0.0,5.2862334,6.978598,10.242954,16.19679,18.437447,21.815697,23.902256,26.818714,28.213589,26.122099,25.4846,22.934065,21.40953,16.820274,14.697302,11.903,11.470114,7.181467,7.6331124,10.34048,9.65323,14.024694,13.143052,15.979141,19.922647,22.361687,19.932627,16.98431,20.204065,21.394974,26.974419,26.099483,22.840565,24.640934,21.714626,24.558887,24.07087,26.94555,23.796453,20.600027,19.638008,20.479921,15.058554,14.864124,17.635149,14.961041,19.759739,19.71816,22.804878,25.277477,26.524767,30.24979,29.086575,32.505283,29.047216,25.204678,24.853512,20.275318,21.078632,17.491484,19.922522,18.869543,21.779203,25.386885,25.012945,28.671492,29.67686,32.85371,30.629625,27.772997,28.021444,33.706287,30.26777,26.826662,29.698484,34.20921,37.22373,36.931915,33.723087,35.42517,29.386217,31.95108,28.46694,30.433155
28,21.85083,18.94787,18.951916,13.899445,15.514023,11.354143,16.457718,17.189686,18.682032,23.35271,25.566732,28.35046,30.08726,32.41634,29.95818,24.452835,25.274876,20.51006,21.04438,18.545599,16.049042,18.107811,15.310921,10.162125,11.810743,9.9544325,8.785798,5.2862334,0.0,5.8548017,5.722282,12.852208,13.859203,17.946547,19.247156,22.461031,23.571003,21.431631,21.357342,18.665718,18.162968,12.884873,12.225739,8.494982,10.9121065,8.275325,10.484379,14.291679,13.653236,18.509132,16.215586,20.043617,23.32173,24.806162,21.779535,18.387613,21.24843,21.461967,27.016224,26.08909,22.720873,25.658258,23.393661,26.525015,27.053432,29.533072,25.922667,23.788239,21.973017,21.830618,15.0862255,14.573077,15.849209,12.361936,16.7762,15.724462,18.596794,20.702652,21.606995,25.37189,23.962934,27.522215,23.935368,20.168377,20.28399,15.554657,17.408527,14.479037,17.781036,17.843542,21.262459,25.190414,24.221685,28.395157,28.853,31.69212,29.323853,26.179983,26.109974,31.63618,28.259459,24.287245,26.711622,31.506088,34.69156,34.474014,31.124302,33.374096,27.084948,29.732756,26.58635,28.254732
29,24.994942,22.018053,22.898706,17.723103,19.11524,15.807277,19.30793,20.858812,21.19611,26.452732,27.309935,30.844704,31.981668,33.675285,31.811783,26.157894,27.86525,22.948055,24.70184,22.435085,20.631912,22.811983,20.656954,15.715044,16.747385,14.249979,11.46477,6.978598,5.8548017,0.0,6.539981,9.596402,13.241558,15.324686,18.201141,20.664337,22.393234,20.59688,19.41515,17.34798,15.074073,11.818816,9.531943,8.664874,8.506089,8.360878,8.710319,14.149268,11.5609255,16.354637,12.306919,16.350672,18.789633,19.8899,16.290678,12.822573,16.047012,16.181812,21.59902,21.285448,18.161423,21.385263,19.42928,23.059532,23.372625,26.794775,23.819504,22.228582,21.265049,20.234869,14.911101,13.049091,14.969077,11.258341,15.329859,15.15055,17.562565,20.37202,21.748886,25.145977,24.76521,28.5759,25.871696,22.127956,21.565512,18.100538,18.792597,16.392712,18.954346,18.62279,21.746634,25.107124,23.008987,27.049803,27.024132,29.770218,26.849737,23.873938,24.688225,29.499979,25.395903,21.915989,25.469618,29.722929,32.761864,33.195965,30.063055,32.801163,26.928167,30.281483,27.510757,29.938494
30,27.281605,24.155092,23.705599,18.532637,19.210308,14.445712,18.616196,18.049065,18.530806,23.057344,24.049751,27.640965,28.798986,31.220293,29.61285,24.20384,25.6151,21.665413,22.452433,21.351269,18.729761,21.875656,19.274128,14.247165,17.030748,15.486895,14.283567,10.242954,5.722282,6.539981,0.0,8.159794,8.287159,12.841132,14.121832,17.208149,18.76666,17.142069,17.402695,15.195768,15.084531,10.789525,11.544783,9.047654,12.792065,12.574875,14.4226265,19.247524,17.621637,22.507215,18.8226,22.75509,25.208986,26.126682,22.14885,18.611597,21.604624,20.863699,25.950521,25.741669,22.6347,26.718042,25.21631,28.830519,29.701294,32.646027,29.214985,27.903515,26.166006,25.013786,18.339565,16.890186,17.067453,12.711922,15.964488,13.85147,15.655909,17.52703,17.852509,21.31906,20.161997,24.474466,21.16108,17.721302,18.549242,14.497473,17.501816,15.983454,19.69273,20.62627,24.20536,28.006823,25.897383,30.36561,29.994047,32.36784,29.491596,26.22024,26.412945,31.099829,27.27793,23.085768,25.709158,30.397205,33.655655,34.035667,30.711039,33.92864,27.72959,30.832012,28.330917,30.021555
31,33.271435,29.867214,29.830223,24.503529,24.50557,20.508997,22.540636,22.364452,21.085562,25.90008,24.598492,29.286167,29.373981,30.958897,30.570183,25.330658,27.963705,24.484688,26.663303,26.445986,24.622019,28.240131,26.505322,21.758799,24.52603,22.738745,20.69422,16.19679,12.852208,9.596402,8.159794,0.0,6.38693,5.8953967,9.891692,11.488971,14.061663,13.313994,12.163682,11.44573,9.511641,9.613064,10.185586,11.603595,13.846127,16.610243,17.464067,23.292099,20.36156,24.911655,19.380474,23.528395,24.37015,23.959877,19.236494,15.904687,18.366764,16.371885,20.418545,21.20731,18.770536,23.995792,23.674133,27.744139,29.066633,32.58574,29.767773,29.776241,28.518229,25.938929,20.669643,17.877245,17.473896,13.091447,14.346555,12.599197,12.663729,15.063778,15.707569,18.209616,18.785673,23.413012,21.718975,18.768608,18.888144,17.254065,19.051159,18.968601,21.900043,23.025555,26.266384,29.347443,25.573507,29.950106,28.499474,30.271881,26.647831,23.578224,24.708286,27.822119,23.16793,19.45159,23.133429,26.985477,30.049093,31.493807,28.519428,32.807037,27.32954,31.266796,29.670488,32.016636
32,34.500465,31.065788,30.031609,24.911015,24.446774,19.629045,22.077011,20.07136,19.003492,22.811172,21.758448,26.302614,26.473608,28.851841,28.610199,23.780464,25.93326,23.479153,24.61532,25.381382,22.98722,27.171106,25.200783,20.767185,24.566023,23.514353,22.547731,18.437447,13.859203,13.241558,8.287159,6.38693,0.0,6.615619,6.484435,9.428147,11.449508,10.905803,12.142516,11.126536,12.518317,10.797033,13.791448,13.202621,17.708519,19.536608,21.386137,26.751516,24.67667,29.522213,24.665367,28.866085,30.2621,30.102802,25.519497,22.10978,24.471718,22.40883,26.401142,26.813656,24.242516,29.55956,29.17542,33.052525,34.68478,37.640766,34.301212,34.17487,32.23936,29.939638,23.49278,21.37549,19.97261,15.515754,16.373112,12.93819,12.437627,13.348417,12.485762,15.066779,14.501209,19.707033,17.286837,14.849114,16.605099,14.545436,18.480852,19.058607,22.792152,24.789934,28.329668,31.822495,28.498117,33.13534,31.699543,33.263,29.971052,26.704473,27.023617,30.287392,26.292328,21.992352,24.346123,28.640165,31.860785,32.975555,29.833595,34.226017,28.473436,31.925049,30.458805,32.01095
33,37.79528,34.185814,33.667633,28.43814,27.702765,23.72052,24.695818,23.683361,21.477577,25.678122,22.976639,28.159382,27.531286,28.92775,29.515615,24.845573,27.920458,25.519579,27.886196,28.825325,27.193653,31.390028,30.093502,25.739878,29.218,27.85701,26.211107,21.815697,17.946547,15.324686,12.841132,5.8953967,6.615619,0.0,5.5384984,5.7770886,8.874324,9.199636,8.298587,9.0908985,8.570939,10.990176,13.198077,15.11473,18.087952,21.576454,22.777102,28.62085,25.828232,30.365744,24.485132,28.845095,29.127035,27.906187,23.210854,20.15569,21.736502,18.869196,21.823532,22.782228,20.83362,26.702446,27.186647,31.198503,33.205063,36.36704,33.511017,34.34364,32.76185,29.53313,24.336601,21.427965,19.833963,15.796738,15.223562,12.727976,10.917659,12.471717,12.475878,13.93944,15.399319,20.19961,19.50362,17.389275,17.810099,17.745192,19.830456,21.083904,23.935072,25.786781,28.93134,31.77449,27.355913,31.7471,29.587976,30.691565,26.926538,23.952034,25.028606,26.989729,22.441448,18.757225,21.974043,25.39945,28.365187,30.304422,27.535872,32.572815,27.558357,31.60047,30.7716,32.932163
34,38.323475,34.62333,33.32376,28.349949,27.027441,22.792788,23.44225,21.15752,18.739208,22.028957,19.056421,24.21538,23.462633,25.35127,26.218287,22.043608,24.877008,23.512226,25.302816,27.226206,25.471344,30.115505,29.036552,25.21001,29.47716,28.779919,27.956778,23.902256,19.247156,18.201141,14.121832,9.891692,6.484435,5.5384984,0.0,3.9649541,4.977483,5.3366213,7.4694214,7.8426437,10.868685,11.416524,15.3633,15.96851,20.469547,23.526825,25.547108,31.067638,29.008556,33.839813,28.360693,33.076454,33.776737,32.537464,28.150635,24.926292,26.210262,23.344744,26.45348,26.712305,24.556915,30.420345,30.87462,34.64904,37.146988,39.592335,36.221733,37.167713,34.9051,31.754808,25.705858,23.32617,20.779188,16.918833,15.804411,12.059777,9.598634,9.4690485,8.01387,9.395331,10.197266,15.39027,14.567374,13.094495,14.557436,14.92528,18.215261,20.27026,23.51296,26.123205,29.400242,32.465096,28.380556,32.936806,30.761683,31.621822,28.257202,25.153618,25.429188,27.48747,23.749752,19.583307,21.378004,25.153173,28.224115,29.780884,26.904543,31.991209,26.87204,30.467035,29.896229,31.402067
35,41.76274,38.04085,36.951332,31.923311,30.60759,26.55998,26.892551,24.864635,22.124811,25.328384,21.609838,26.960894,25.745604,27.190454,28.64992,24.76346,27.921938,26.742409,28.875368,30.885244,29.302273,33.92735,32.91589,29.006083,33.104465,32.19909,31.05308,26.818714,22.461031,20.664337,17.208149,11.488971,9.428147,5.7770886,3.9649541,0.0,4.378187,6.787868,7.7531185,9.690349,11.614018,14.1737585,17.543161,19.060667,22.840353,26.383434,28.018024,33.74233,31.271122,35.911217,30.041908,34.57103,34.755962,33.190273,28.62519,25.674791,26.786184,23.57737,25.896183,26.71364,25.024672,31.100946,31.981201,35.843117,38.341583,41.065014,38.02257,39.291935,37.308453,33.819553,28.382055,25.67076,23.189743,19.51832,17.883663,14.690292,11.625672,11.544824,10.26298,10.21247,12.259585,17.12035,17.30056,16.346012,17.464483,18.596659,21.2879,23.555143,26.453615,28.95817,32.05651,34.820213,30.243404,34.62833,32.070427,32.625633,29.012064,26.139935,26.83467,27.97732,23.981016,20.314377,22.465351,25.571306,28.410603,30.526957,27.942228,33.41587,28.791008,32.619297,32.407265,34.12763
