,0,1,2,3,4,5,6,7,8,9,10,11,12,13,14,15,16,17,18,19,20,21,22,23,24,25,26,27,28,29,30,31,32,33,34,35,36,37,38,39,40,41,42,43,44,45,46,47,48,49,50,51,52,53,54,55,56,57,58,59,60,61,62,63,64,65,66,67,68,69,70,71,72,73,74,75,76,77,78,79,80,81,82,83,84,85,86,87,88,89,90,91,92,93,94,95,96,97,98,99,100,101,102,103,104,105,106,107,108
0,0.0,4.3111467,6.2241426,9.588357,12.108006,14.3724785,17.490997,21.995075,24.598623,27.228188,31.441355,28.930191,27.363504,26.195122,21.423376,21.301088,16.102474,16.8691,13.711725,14.26733,13.974815,9.85132,14.2483635,16.136877,16.224005,13.72783,19.638268,21.939217,19.246355,23.524347,22.479702,27.390842,31.205551,33.892025,36.56782,37.895008,41.42207,40.51535,38.129574,34.826828,35.234802,31.456232,28.813152,27.25966,24.828068,23.2163,19.023422,19.146381,17.564745,16.298925,16.03145,12.883408,14.412828,14.98549,18.922379,22.640085,23.340666,23.867695,28.708113,28.30266,25.047138,30.432295,30.492945,31.476215,35.242657,33.690605,37.429996,35.785595,40.616398,37.558285,33.462833,35.81093,33.28627,38.940727,34.787384,36.03447,37.3667,35.415607,35.803555,37.736954,34.559383,31.27012,31.11042,27.731173,27.231407,23.15097,24.479458,19.361084,21.490911,21.42565,22.372192,24.670858,26.805775,30.381634,31.28009,31.702694,30.213394,27.818264,25.465294,25.745178,21.600016,21.62658,21.165962,22.705524,26.375898,28.694597,29.940763,33.725727,35.020046
1,4.3111467,0.0,5.2836733,6.687945,8.835399,12.282465,14.342349,19.66027,21.586798,24.440973,28.36146,26.220522,25.138502,23.751734,19.2729,18.409527,13.446808,13.308784,10.404208,10.088759,10.025262,6.471657,10.869746,12.024659,12.783738,9.940782,16.105673,18.050043,15.139475,19.29794,18.49645,23.221663,27.501534,30.056406,32.84887,34.307762,37.662537,36.676464,34.147285,30.7371,31.296083,27.307335,24.86733,23.209152,21.02414,19.468931,15.400844,15.922553,14.716779,14.098659,13.834188,11.661387,13.486888,14.064414,17.00086,20.573803,20.510666,21.333061,26.263453,25.537716,22.017138,27.105179,26.91054,27.641966,31.439413,29.590412,33.26916,31.52458,36.363964,33.319584,29.177254,31.513195,28.993158,34.707973,30.650711,32.009403,33.478134,31.644321,32.261604,34.2907,31.342184,27.895935,27.624792,24.106503,23.292877,19.337389,20.289202,15.085887,17.214521,17.346592,18.536573,20.913733,22.685986,26.485794,27.25057,27.511475,26.143728,23.598894,21.469397,21.815248,17.951616,18.66295,17.995768,19.152037,23.313076,25.019552,26.598957,30.163794,31.705097
2,6.2241426,5.2836733,0.0,5.0961304,6.8595824,8.3885,11.768832,15.815339,18.707035,21.142984,25.52939,23.045652,21.341785,20.49032,15.617645,15.953836,11.188841,12.289191,10.887582,11.72196,13.286324,10.866316,15.445178,15.350495,16.449392,12.379375,18.291668,19.684551,15.4738,19.906158,17.867441,23.328463,25.936436,29.134176,31.319164,32.610615,36.273262,35.367905,33.38686,30.442432,30.295319,27.221542,24.052362,23.40405,20.153217,19.663128,15.61736,16.537159,16.010435,14.319368,12.875785,10.207204,10.492978,9.719134,13.406392,16.921263,17.981888,18.995857,23.590862,23.829382,20.581358,26.364052,25.904514,27.42299,30.568102,29.774546,33.493717,32.068043,37.012486,34.531055,30.569569,33.228077,30.242735,36.077663,31.267582,33.06828,33.853638,31.523903,31.827675,33.35804,30.171242,27.113123,26.212532,23.109396,23.248278,18.80738,21.266506,16.814222,19.399086,20.394087,21.561888,24.522446,25.257744,29.278315,30.238806,30.024954,29.18849,25.945755,24.755482,24.542633,21.29368,22.594011,20.85791,21.643587,25.275785,26.54707,27.588963,31.131205,32.046673
3,9.588357,6.687945,5.0961304,0.0,3.8615358,6.178536,8.882395,13.679723,15.4517765,18.702364,22.267647,19.699293,18.669184,17.087397,12.703957,11.812713,6.8427706,7.4816184,6.020308,7.555926,9.867774,9.007074,13.420524,12.659267,15.547392,11.456831,17.369465,17.859604,12.456625,16.343348,14.127973,19.039238,21.974514,24.586817,27.241924,28.390675,32.04832,31.382011,29.074327,26.03127,26.528429,23.501791,20.633776,20.541191,17.445686,17.88354,14.327307,16.210247,16.430079,15.724078,14.21554,12.973093,13.261326,11.844682,13.897775,16.814167,17.004372,18.879206,23.33476,23.459925,19.838768,25.157738,23.892328,25.087631,27.896343,26.667944,30.112757,28.193466,33.34979,31.14837,26.943705,29.17299,25.926931,31.490429,26.492899,28.137375,28.836916,26.524292,26.827593,28.493557,25.365524,22.173416,21.593052,18.337086,18.371845,13.995292,16.645908,12.688442,16.005898,17.621136,19.594679,22.215464,22.342434,26.906973,27.203339,26.520805,25.68039,21.886707,21.207436,20.228584,17.3965,19.24102,16.715477,17.154577,20.658161,21.601341,22.583565,26.06756,26.98806
4,12.108006,8.835399,6.8595824,3.8615358,0.0,5.328953,5.5295386,11.252099,12.800049,15.6734495,19.558723,17.724537,16.910366,15.780864,11.616334,10.631321,7.1101375,6.2868104,7.755225,7.325956,10.712921,10.984665,14.378437,12.137804,14.714986,10.013088,15.217603,15.251531,9.450502,13.606414,11.06992,16.626223,19.215336,22.47803,24.628294,26.098505,29.589535,28.590096,26.562624,23.641565,23.47626,20.513739,17.334948,17.26229,13.833114,14.494071,11.095712,13.315228,14.151202,13.430788,11.542862,11.243643,11.287878,9.947698,10.74899,13.490825,13.212503,15.194745,19.623362,19.697495,16.06359,21.421421,20.12681,21.530436,24.284712,23.433245,26.998394,25.487396,30.519815,28.430267,24.49456,27.216915,23.975855,29.89582,24.871378,27.11284,27.772785,25.423985,26.021328,27.482594,24.667467,21.51473,20.020056,16.849535,16.909029,12.43835,15.173964,11.470502,14.326459,16.357723,17.980232,21.143349,20.485825,24.950745,25.647144,24.816278,24.531641,20.651798,20.589096,20.083984,18.015099,20.70685,18.163248,17.934767,21.917608,21.702312,23.04844,26.047785,27.093626
5,14.3724785,12.282465,8.3885,6.178536,5.328953,0.0,5.9118614,7.978932,10.929323,13.699297,17.67405,14.728992,13.011544,12.174434,7.3073516,8.321331,5.2337265,7.564005,9.666244,11.53847,14.97079,15.059144,19.061653,17.153727,20.041126,15.306822,20.280468,19.975214,13.499587,17.070242,13.331196,18.731148,19.090996,22.525476,24.240274,25.166355,29.135593,28.576443,27.047667,24.742964,24.283213,22.659645,18.992996,20.430704,16.170404,18.284998,15.347522,17.713865,18.816933,17.434511,14.906094,14.075786,12.683363,9.393261,10.675281,12.708625,14.064052,16.518251,20.14233,21.490469,18.315548,24.013361,22.190895,24.272585,26.00388,26.12841,29.44011,27.957779,33.087486,31.716166,27.897013,30.437716,26.736565,32.257523,26.485674,28.74315,28.537092,25.660728,25.628767,26.538849,23.292353,20.74549,19.065577,16.590559,17.996529,13.35354,17.847748,15.437221,18.805265,21.268139,23.094471,26.197306,25.077436,29.713835,30.190199,28.936451,28.818491,24.3932,24.926851,23.490088,21.700537,24.22466,20.838915,20.644796,23.45805,23.430784,23.818897,26.929342,27.080675
6,17.490997,14.342349,11.768832,8.882395,5.5295386,5.9118614,0.0,6.752659,7.5709124,10.223711,14.196186,12.981229,12.535065,11.934417,8.657034,7.7444544,7.543562,6.160373,10.832382,10.24834,14.344647,15.861789,18.469528,15.009631,17.861296,13.11898,16.700983,15.51115,8.699617,11.9423,7.9068575,13.851781,14.449205,18.526272,19.864872,21.418774,24.936989,23.838165,22.370848,19.996504,18.969849,17.080652,13.253702,14.706997,10.277615,13.04683,10.922624,13.905508,15.900561,15.216807,12.71491,13.682377,12.7030325,10.483288,8.806633,10.064481,9.438933,12.433667,16.010557,16.784,13.378439,18.570398,16.41532,18.414127,20.148132,20.305202,23.681759,22.539522,27.507965,26.206053,22.677538,25.673084,22.090933,27.987164,22.461832,25.400965,25.438587,22.78126,23.40835,24.315533,21.781532,19.04102,16.293081,13.692657,14.58601,10.178302,14.136224,12.311041,14.947397,17.879688,19.449696,22.864399,20.740126,25.244616,25.970732,24.50189,25.019905,20.59792,21.891415,21.064585,20.293585,23.826813,20.627865,19.594906,23.220299,21.637615,22.81072,25.156614,25.83838
7,21.995075,19.66027,15.815339,13.679723,11.252099,7.978932,6.752659,0.0,5.125093,6.1794434,10.720471,8.533679,6.633084,7.8399916,5.268611,7.744784,10.052075,10.9716835,15.628116,16.497433,20.567644,21.86853,24.95231,21.684143,24.560537,19.727331,22.986279,21.534143,14.850742,17.158876,12.404249,17.382046,14.266745,18.8711,18.93529,19.84352,23.806578,23.132858,22.758194,21.544628,19.603,19.907093,15.604449,18.925522,13.888356,18.065905,16.664982,19.475296,21.677074,20.310904,17.276466,17.865211,15.546539,11.832943,9.833329,9.092524,10.7897,14.072457,15.879916,18.488777,16.13876,21.276834,18.577,21.503742,21.607128,23.418846,26.320192,25.560825,30.314049,30.05014,26.996374,29.885378,25.947529,31.26255,25.060726,28.209867,27.128023,23.896442,23.852337,23.778862,21.052973,19.40319,15.819684,14.690863,17.305801,13.363271,18.755621,18.350372,21.139063,24.354433,25.919739,29.355017,26.67292,31.118353,31.774992,29.874449,30.752333,25.932531,27.923355,26.384602,26.050259,29.526707,25.652424,24.545435,27.045675,25.298769,25.51074,27.621954,27.261284
8,24.598623,21.586798,18.707035,15.4517765,12.800049,10.929323,7.5709124,5.125093,0.0,4.6363707,6.8533077,5.8565254,6.829939,6.72533,7.102626,6.474728,10.816463,10.19439,15.631043,15.914602,20.028097,22.375816,24.640635,20.80441,24.35213,19.983503,22.477692,20.215408,13.370088,14.292502,9.43733,13.169081,9.220083,13.784135,13.963646,14.994406,18.88851,18.26742,17.666372,16.533169,14.873668,15.642172,11.645379,16.024044,11.437015,16.733702,16.34177,19.636135,22.284811,21.792002,19.121046,20.570992,18.901329,15.90249,12.991225,11.814323,11.361205,15.135373,16.57214,18.504667,15.975549,19.921082,16.31989,18.755487,18.23376,19.719807,22.188364,21.120085,25.916063,26.111002,23.1199,25.697931,21.61456,26.61432,20.317814,23.689442,22.442852,19.25708,19.478436,19.366201,17.124866,15.455655,11.203844,10.308082,13.085154,9.889995,15.3061495,16.307442,18.960814,22.580439,24.464424,27.545853,24.120403,28.682816,28.874527,26.528017,27.696772,22.628214,25.394506,23.539875,24.12641,28.108938,24.01968,22.338818,24.715855,21.944036,22.305155,23.799313,23.550823
9,27.228188,24.440973,21.142984,18.702364,15.6734495,13.699297,10.223711,6.1794434,4.6363707,0.0,5.8825283,7.191462,7.457431,9.4886265,10.103527,10.927886,14.856435,14.340795,19.786299,19.615324,23.78404,25.92263,28.10446,23.972385,26.747961,22.250198,24.022343,21.727179,15.697976,16.627316,12.063154,15.852813,10.402291,15.9248705,14.437571,15.745665,19.228828,18.127403,18.66874,18.289946,15.007977,16.751278,12.372295,16.88304,12.036922,17.382362,17.456911,20.408867,23.267803,22.38372,19.496042,21.23228,19.074389,16.136099,12.318539,9.850949,9.90991,13.428792,13.552408,16.38595,14.752957,18.51487,15.049838,18.273212,17.011364,19.978842,22.41199,22.316536,26.53754,27.071825,24.776142,27.88764,24.066074,29.140905,23.119808,26.945515,25.557858,22.438654,22.772142,22.161144,20.367823,19.218315,14.28745,14.144721,16.847454,14.110774,18.927303,19.854897,21.845863,25.358912,26.65752,30.125454,26.37655,30.451103,31.210327,28.926857,30.55766,25.780144,28.718405,27.419022,28.16248,32.28018,28.41951,26.670897,29.258339,26.167324,26.655712,27.813095,27.510155
10,31.441355,28.36146,25.52939,22.267647,19.558723,17.67405,14.196186,10.720471,6.8533077,5.8825283,0.0,5.4733114,8.430695,9.3788395,12.522719,12.099623,17.223623,16.42586,21.86403,21.924734,25.923164,28.76138,30.511335,26.27014,29.831501,25.789246,27.214737,24.311317,18.268478,17.743952,13.550835,14.948302,7.0984836,11.75776,9.503499,10.1868305,13.871179,13.432273,14.347802,14.932935,12.066056,15.614519,12.239314,18.034315,14.215736,20.269825,21.105465,24.35913,27.405622,27.131994,24.507895,26.488338,24.64063,21.734901,18.040956,15.648249,14.836119,18.395163,18.015038,20.36838,18.813183,21.161999,16.82961,19.344051,16.758276,19.56704,20.996372,20.457108,24.50695,26.052565,23.973715,26.31433,22.293713,26.328058,20.09923,23.904358,21.753538,18.547562,18.711098,17.483831,16.323877,15.978164,10.488252,11.814302,15.103394,13.845281,18.583015,21.143974,23.209986,27.019041,28.78307,31.67977,27.326206,31.517715,31.544102,28.694319,30.524643,25.452972,29.192564,27.148907,28.781618,33.103584,28.833963,26.679193,28.450872,24.601366,24.679607,25.079569,24.33821
11,28.930191,26.220522,23.045652,19.699293,17.724537,14.728992,12.981229,8.533679,5.8565254,7.191462,5.4733114,0.0,4.046651,4.1046166,8.230466,8.627725,13.823031,14.344912,19.195461,20.531944,24.451801,26.837555,29.334599,25.823172,29.850092,25.574896,28.209906,25.788145,18.899021,19.17326,14.51682,16.58273,10.39373,13.640947,13.2231,12.902676,17.290348,17.71375,17.749115,17.720747,16.422108,18.94593,15.548105,20.84276,16.653069,22.321997,22.170954,25.485935,28.13467,27.554102,24.78216,25.936304,23.921518,20.361826,17.865082,16.18565,16.534624,20.225248,20.74018,23.325191,21.271627,24.737864,20.733496,23.176027,21.468716,23.438637,25.148626,23.864399,28.449413,29.549173,26.76222,28.66567,24.34241,28.260303,21.556107,24.59026,22.2432,18.655205,18.017183,16.943336,14.565968,14.255195,9.963692,10.987765,15.028884,12.912254,18.780676,20.838148,23.82249,27.580547,29.796356,32.538715,28.895197,33.56786,33.2628,30.527416,31.709112,26.333208,29.532347,26.78469,27.737932,31.53886,26.873934,25.162333,26.259047,23.491367,22.8233,24.001633,22.687803
12,27.363504,25.138502,21.341785,18.669184,16.910366,13.011544,12.535065,6.633084,6.829939,7.457431,8.430695,4.046651,0.0,4.016328,6.30295,8.979132,13.181654,14.722096,19.196321,20.984663,24.936426,26.657564,29.735838,26.572014,30.226625,25.621674,28.768837,26.82382,19.862637,21.035986,16.175983,19.38207,13.906897,17.5424,17.10545,16.894367,21.230581,21.487352,21.652443,21.429193,19.81628,21.877548,18.041634,22.783712,18.103184,23.284626,22.528345,25.59607,27.992037,26.862171,23.865242,24.469482,22.043596,18.055004,16.187622,14.64267,16.224918,19.672081,20.30969,23.408789,21.472332,25.737917,22.238157,25.087645,23.81544,26.05854,28.16322,27.106329,31.74394,32.48467,29.600437,31.79949,27.524376,31.803814,25.1189,28.04002,25.881971,22.273582,21.483393,20.534473,17.74802,17.32141,13.639868,14.103671,17.961187,15.04892,21.125427,22.239655,25.38447,28.948616,30.987297,34.00242,30.81316,35.472874,35.49534,33.04403,34.036873,28.75796,31.453573,28.89911,29.203106,32.682014,28.10584,26.789345,27.99069,25.981361,25.220535,26.920938,25.54893
13,26.195122,23.751734,20.49032,17.087397,15.780864,12.174434,11.934417,7.8399916,6.72533,9.4886265,9.3788395,4.1046166,4.016328,0.0,5.09304,6.10376,10.796131,12.382838,16.515387,18.755291,22.496761,24.47418,27.469341,24.574587,28.833776,24.505133,27.96881,25.968021,18.723444,19.611334,14.91795,17.4937,13.054865,15.593769,16.37528,15.907115,20.424517,21.056469,20.410057,19.751823,19.347424,20.89197,17.540224,22.198175,17.940054,23.065145,22.202827,25.471931,27.753935,27.037102,24.287819,24.838675,22.88857,19.071966,17.611332,16.724207,17.582664,21.218292,22.524206,24.973791,22.519743,26.642443,22.951845,25.237394,24.297215,25.578024,27.567362,25.83632,30.76409,31.372036,28.093248,29.772612,25.369938,29.354729,22.558529,25.025686,22.880825,19.244545,18.267958,17.675072,14.499524,13.788774,10.925809,11.084358,15.062208,12.240241,18.513275,19.924908,23.463566,27.057522,29.53302,32.1355,29.125225,34.056957,33.577084,31.035612,31.710272,26.272902,28.912981,25.837727,26.16076,29.506706,24.706202,23.40518,24.191963,22.392447,21.375454,23.255772,21.807186
14,21.423376,19.2729,15.617645,12.703957,11.616334,7.3073516,8.657034,5.268611,7.102626,10.103527,12.522719,8.230466,6.30295,5.09304,0.0,4.860934,7.178437,9.774547,13.434669,15.893903,19.6299,20.85481,24.387663,21.895363,25.686132,21.100687,25.222044,23.869846,16.66061,18.723404,14.067189,18.137922,15.570145,18.727652,19.88675,20.044947,24.402195,24.504608,23.532917,22.157995,21.615805,21.877268,18.161716,21.675486,17.117792,21.272396,19.557327,22.534992,24.406984,23.306578,20.517084,20.48555,18.5119,14.575217,14.079347,14.116133,15.6019745,18.91806,21.084192,23.377384,20.659945,25.648052,22.66697,25.056711,25.174957,26.146317,28.764212,27.158926,32.255703,32.056602,28.507687,30.602045,26.391794,31.10623,24.585882,26.983568,25.604956,22.201073,21.552528,21.618134,18.255945,16.689169,14.405191,13.242648,16.297112,12.342482,18.370394,18.251493,21.8909,25.126286,27.381414,30.245865,27.963856,32.85537,32.781864,30.732723,31.081652,25.935892,27.748194,25.215849,24.622194,27.622824,23.223972,22.410631,23.919502,22.992626,22.43081,24.991533,24.116968
15,21.301088,18.409527,15.953836,11.812713,10.631321,8.321331,7.7444544,7.744784,6.474728,10.927886,12.099623,8.627725,8.979132,6.10376,4.860934,0.0,5.485989,6.335652,10.608637,12.691607,16.393137,18.510721,21.375038,18.629848,23.12459,19.008709,22.880526,21.143242,13.780901,15.111751,10.762589,13.973329,12.839191,15.134435,17.352312,17.673082,21.856455,21.993685,20.235172,18.32581,18.80939,18.418537,15.321557,18.743929,14.880744,19.125639,17.760487,21.056166,23.049349,22.751127,20.39175,20.924692,19.746868,16.590147,15.576171,15.853391,15.774576,19.30537,21.85384,23.2399,20.074293,24.389215,21.087996,22.753843,23.115149,23.076553,25.520895,23.349834,28.62796,28.314367,24.49445,26.182575,21.925335,26.513683,20.0631,22.288616,21.2114,17.989946,17.659704,18.285912,15.080829,12.785853,10.947129,8.932175,11.59126,7.6103864,13.733262,14.220223,18.058338,21.466839,24.131306,26.572845,24.124619,29.21368,28.660435,26.441757,26.682394,21.390942,23.42261,20.5785,20.398085,23.716173,19.175575,18.003798,19.657122,18.239742,17.97877,20.438808,19.995556
16,16.102474,13.446808,11.188841,6.8427706,7.1101375,5.2337265,7.543562,10.052075,10.816463,14.856435,17.223623,13.823031,13.181654,10.796131,7.178437,5.485989,0.0,4.588629,6.3078704,9.636518,12.891671,13.972238,17.661283,15.962552,20.242495,16.152987,21.140085,20.32629,13.360963,15.907268,12.374924,16.407675,17.492157,19.626827,22.33222,22.881971,26.90158,26.835579,24.676405,22.15121,22.967407,21.28799,18.331215,20.219456,16.623705,19.301765,16.85725,19.698425,20.940264,20.466032,18.386368,18.036108,17.320965,14.493015,15.086077,16.651138,16.927965,19.87612,23.385918,24.321098,20.836473,25.770588,23.282618,24.722168,26.212769,25.491102,28.379662,26.098965,31.465906,30.292149,26.109423,27.837584,23.914122,28.83387,22.921892,24.60589,24.31503,21.484118,21.261774,22.503962,19.10991,16.321999,15.721523,12.9582815,14.27709,9.85583,14.643163,13.089796,17.216581,19.957823,22.609816,24.978788,23.740585,28.810225,28.401525,26.795612,26.368073,21.54009,22.311796,19.825478,18.295305,20.834936,16.744928,16.433914,18.570074,18.723679,18.743546,22.029991,22.07954
17,16.8691,13.308784,12.289191,7.4816184,6.2868104,7.564005,6.160373,10.9716835,10.19439,14.340795,16.42586,14.344912,14.722096,12.382838,9.774547,6.335652,4.588629,0.0,5.656713,6.375124,10.23153,12.576003,15.12197,12.393915,16.993986,13.161522,17.486008,16.230993,9.195942,11.410676,8.348144,12.328549,15.03377,17.1361,20.110254,21.194887,24.767399,24.2963,21.776243,18.80235,19.80619,17.286898,14.700378,16.02262,13.01124,15.486505,13.444722,16.554174,18.088339,18.353258,16.63784,17.222532,17.15255,15.244333,14.728127,16.22254,15.099166,18.058172,21.752169,21.886168,18.153624,22.459501,19.927803,20.845743,22.728708,21.35173,24.295303,21.945253,27.297335,25.852774,21.61692,23.49059,19.720032,25.017595,19.474949,21.459845,21.759745,19.302725,19.785542,21.388128,18.605423,15.300207,14.332711,10.933899,11.094134,6.568968,10.46146,8.760425,12.77749,15.766315,18.488657,20.857922,19.239147,24.33984,23.927467,22.286549,22.038044,17.236223,18.251106,16.236795,15.225481,18.564236,14.798816,13.85631,17.131426,16.186169,17.207403,20.040377,20.899729
18,13.711725,10.404208,10.887582,6.020308,7.755225,9.666244,10.832382,15.628116,15.631043,19.786299,21.86403,19.195461,19.196321,16.515387,13.434669,10.608637,6.3078704,5.656713,0.0,5.3247027,7.14334,8.448343,11.892511,11.278348,16.144588,13.161566,18.527521,18.218468,12.448212,14.879602,13.181868,16.304586,20.275537,21.446785,25.096842,25.936195,29.467197,29.24674,26.264553,22.95699,24.832615,21.675365,19.710144,20.034983,17.790306,18.92029,16.207167,18.675528,19.257828,19.658503,18.536242,18.172434,18.76975,17.31459,18.280407,20.538816,19.773066,22.240677,26.429577,26.221249,22.35873,26.743511,24.7276,25.206558,27.705326,25.540884,28.466154,25.682262,31.021618,29.026825,24.446672,25.702211,22.293749,27.15317,22.207207,23.144106,23.958458,21.893383,22.158096,24.280668,21.240543,17.753412,18.391508,14.853366,14.310671,10.602516,12.730128,9.658788,13.899829,15.858489,18.910355,20.52463,20.427471,25.483538,24.666077,23.553596,22.326567,18.08183,17.646708,15.357008,12.749071,14.775148,11.260048,11.560967,14.667259,15.86356,16.73103,20.383204,21.469252
19,14.26733,10.088759,11.72196,7.555926,7.325956,11.53847,10.24834,16.497433,15.914602,19.615324,21.924734,20.531944,20.984663,18.755291,15.893903,12.691607,9.636518,6.375124,5.3247027,0.0,4.17488,7.25123,8.813207,6.3692074,11.38061,8.612763,13.415295,13.038143,8.136327,10.754856,10.416873,13.687983,19.227499,20.797926,24.241003,25.748543,28.730349,27.881063,24.80076,21.132162,22.686676,18.484701,16.869938,15.849126,14.437548,14.417673,11.834131,14.209345,14.859507,16.037931,15.46325,16.024391,17.364819,17.034061,17.103205,19.43158,17.527048,19.597347,24.021679,22.914583,18.93159,22.73266,21.151163,21.118134,24.354721,21.615107,24.789246,22.296593,27.405323,24.829214,20.332928,22.128897,19.209408,24.757364,20.575005,22.024609,23.615103,22.025082,23.086397,25.37417,23.013962,19.25672,19.090052,15.272421,13.574202,10.244816,10.221708,5.3963904,8.970109,10.7905445,13.640779,15.599616,15.451931,20.357422,19.989853,19.200304,18.182594,14.421623,13.736476,13.028432,10.719531,13.804159,11.584975,11.159894,16.067488,15.873554,18.075253,21.010605,22.992329
20,13.974815,10.025262,13.286324,9.867774,10.712921,14.97079,14.344647,20.567644,20.028097,23.78404,25.923164,24.451801,24.936426,22.496761,19.6299,16.393137,12.891671,10.23153,7.14334,4.17488,0.0,4.710475,5.089076,5.0642185,10.256429,9.26151,13.974509,14.2787695,11.236343,13.323069,14.060939,16.36113,22.79212,23.713484,27.570845,29.02914,31.810019,31.03133,27.599247,23.688986,25.855185,21.158594,20.190006,18.430332,17.871035,16.919928,14.323083,16.043306,15.963043,17.584763,17.693981,17.921127,19.858807,20.054983,20.646059,23.243761,21.275892,23.010277,27.611181,26.085783,22.108389,25.533554,24.314331,23.773983,27.419546,23.970856,27.005095,24.235355,29.1487,26.111357,21.494654,22.752102,20.362394,25.491554,22.118185,22.85417,25.014803,23.896805,25.024942,27.683811,25.417189,21.537916,22.181982,18.29439,16.02271,13.449881,12.038888,6.950198,9.609487,10.05237,13.108175,14.070347,15.364773,19.984035,19.229385,18.991055,17.1562,14.265201,12.140585,11.800394,8.135185,10.279156,9.326222,9.730633,14.993553,15.874991,18.362282,21.466648,23.880693
21,9.85132,6.471657,10.866316,9.007074,10.984665,15.059144,15.861789,21.86853,22.375816,25.92263,28.76138,26.837555,26.657564,24.47418,20.85481,18.510721,13.972238,12.576003,8.448343,7.25123,4.710475,0.0,5.243426,7.9394584,10.743267,9.69923,15.326233,16.71628,14.181525,17.182295,17.471533,20.657162,26.464716,27.843273,31.467869,32.866608,35.893806,35.10138,31.89325,28.095263,29.841227,25.272392,23.835615,21.901318,20.85341,19.342434,15.993397,17.010267,16.109547,17.055414,17.324371,16.481255,18.63595,19.119238,20.857721,23.983395,22.774178,24.080864,28.952795,27.611227,23.753853,27.82289,27.14015,26.971874,30.857235,27.8182,31.10185,28.633911,33.484264,30.266397,25.785872,27.284063,25.013618,30.188862,26.767765,27.44594,29.462797,28.167095,29.019775,31.559656,28.941462,25.191103,25.835867,22.032804,20.275717,17.19196,16.616451,11.385199,13.6134,13.362479,15.547142,16.721575,18.973063,23.07122,22.845459,23.095713,21.104078,18.774387,16.054241,16.12236,11.793414,12.217341,12.103304,13.4738865,18.007053,19.994581,22.011478,25.492537,27.601505
22,14.2483635,10.869746,15.445178,13.420524,14.378437,19.061653,18.469528,24.95231,24.640635,28.10446,30.511335,29.334599,29.735838,27.469341,24.387663,21.375038,17.661283,15.12197,11.892511,8.813207,5.089076,5.243426,0.0,5.4195213,8.011377,9.425843,13.33081,14.719339,14.153752,16.187784,17.924,19.997444,27.08889,28.005262,31.819403,33.502804,35.980556,34.948822,31.423891,27.349865,29.47658,24.168243,23.602491,20.68422,20.91821,18.547276,15.89179,16.59501,15.593279,17.680666,18.689684,18.765318,21.458029,22.601458,23.502584,26.413776,24.255178,25.350136,30.162535,28.014574,24.167955,27.175102,26.725735,25.749956,30.069279,26.127546,29.218733,26.659388,31.114763,27.400372,23.002268,24.246984,22.709974,27.731401,25.418858,25.90378,28.669168,28.005602,29.377121,32.215496,30.168247,26.23683,26.960756,23.054947,20.364456,18.204605,15.737956,10.465833,11.190345,9.702755,11.883889,12.085737,15.29208,18.955648,18.509369,19.281923,16.902508,15.671475,11.966837,13.431094,9.13687,9.745982,11.461205,12.423417,17.824553,19.132835,22.036535,24.944199,27.808739
23,16.136877,12.024659,15.350495,12.659267,12.137804,17.153727,15.009631,21.684143,20.80441,23.972385,26.27014,25.823172,26.572014,24.574587,21.895363,18.629848,15.962552,12.393915,11.278348,6.3692074,5.0642185,7.9394584,5.4195213,0.0,6.101809,6.3517995,9.391749,9.775064,9.09325,10.917725,13.103374,15.281659,22.493587,23.848085,27.256617,29.252348,31.512714,30.163855,26.83905,22.813559,24.439953,18.996693,18.405981,15.2653885,15.718974,13.397522,11.238612,12.504252,12.425891,14.952925,15.701729,16.886814,19.3333,20.432693,20.189964,22.662426,19.830978,21.054338,25.640896,23.30578,19.427155,22.058111,21.406822,20.356197,24.659664,20.798567,24.022581,21.750433,26.228886,22.622395,18.302547,20.238695,18.526672,24.219234,21.686445,23.00128,25.670494,24.910133,26.623175,29.234077,27.518742,23.610071,23.432318,19.583532,16.745714,14.644527,11.794041,6.2123475,6.1494374,5.5269175,8.079314,9.653577,11.0782,15.316774,15.325174,15.609234,14.164566,12.231832,9.831044,11.891402,9.389879,12.41074,12.702759,12.259074,18.233738,17.68477,20.98843,23.322681,26.244669
24,16.224005,12.783738,16.449392,15.547392,14.714986,20.041126,17.861296,24.560537,24.35213,26.747961,29.831501,29.850092,30.226625,28.833776,25.686132,23.12459,20.242495,16.993986,16.144588,11.38061,10.256429,10.743267,8.011377,6.101809,0.0,5.063507,5.9743237,8.7899275,11.649944,14.094273,16.629269,19.520613,26.400656,28.542025,31.2825,33.653748,35.681313,33.826504,30.90242,27.003685,27.65562,21.928495,21.164198,16.733873,17.536379,13.200873,10.742226,10.102591,8.599071,11.670589,13.619343,14.894874,18.154106,20.579992,20.511703,23.30689,20.439238,20.54558,25.296957,22.27205,18.80097,21.18372,21.907934,20.820559,25.931627,22.33622,25.898815,24.582266,28.37106,24.139952,20.56877,23.310356,22.404509,28.37686,26.527145,28.205107,31.077753,30.41567,32.30905,34.773468,33.160683,29.318117,28.53473,24.80533,22.097591,19.837242,17.06847,11.703427,9.890079,7.597835,6.6622458,9.314304,12.17001,14.549081,16.278925,17.720747,16.613697,16.335762,13.397255,17.13672,14.668592,16.793573,18.265566,18.125486,24.120117,23.604176,27.055704,29.230467,32.263157
25,13.72783,9.940782,12.379375,11.456831,10.013088,15.306822,13.11898,19.727331,19.983503,22.250198,25.789246,25.574896,25.621674,24.505133,21.100687,19.008709,16.152987,13.161522,13.161566,8.612763,9.26151,9.69923,9.425843,6.3517995,5.063507,0.0,6.273553,8.276587,8.315609,12.094767,13.290074,17.514933,23.222532,26.054651,28.421854,30.69818,33.133976,31.350079,28.811018,25.18835,25.232113,20.174347,18.4327,14.928942,14.292114,10.798522,7.241981,7.434857,6.7227545,8.668574,9.609282,10.87077,13.683605,15.693215,15.607763,18.503582,16.058273,16.434364,21.354275,19.018234,15.338408,18.945124,19.281647,19.107378,23.761139,21.187853,25.0131,23.87297,28.11091,24.517815,20.857147,24.009075,22.259249,28.584007,25.599758,27.748447,29.937052,28.695333,30.30156,32.413967,30.4878,26.812263,25.507019,21.896929,19.931942,16.883888,15.628592,10.215718,9.767993,9.4780035,9.422744,12.994467,13.953526,17.219025,18.934095,19.483908,18.94933,17.204048,15.5091,17.948559,15.6529045,18.311518,18.338535,18.04532,23.740587,23.063137,26.010363,28.408419,30.878344
26,19.638268,16.105673,18.291668,17.369465,15.217603,20.280468,16.700983,22.986279,22.477692,24.022343,27.214737,28.209906,28.768837,27.96881,25.222044,22.880526,21.140085,17.486008,18.527521,13.415295,13.974509,15.326233,13.33081,9.391749,5.9743237,6.273553,0.0,4.1011057,9.579772,11.724434,14.48847,17.653484,23.79885,26.725176,28.557915,31.328825,32.994644,30.634129,28.273088,24.716303,24.206318,18.578344,17.619694,12.477012,13.640824,8.180946,6.7444196,5.43978,5.2639093,9.171608,11.078249,13.939263,16.806622,19.475428,18.0348,20.219662,16.592857,16.237392,20.592018,16.992018,13.80279,15.44094,16.720602,15.637047,21.031698,17.985962,21.814386,21.476439,24.823736,20.683725,17.84747,21.6811,20.904137,27.357546,25.51322,28.09684,30.725073,29.969412,32.13149,34.195827,32.962765,29.351067,27.4766,24.101883,21.60241,19.4925,16.913902,12.553336,9.713195,8.5936165,5.9993577,10.510777,10.78101,12.52545,15.597002,16.703175,16.997313,16.545584,15.223032,19.209736,18.136831,21.32998,21.974323,21.06047,27.091146,25.233892,28.801636,30.393045,33.32504
27,21.939217,18.050043,19.684551,17.859604,15.251531,19.975214,15.51115,21.534143,20.215408,21.727179,24.311317,25.788145,26.82382,25.968021,23.869846,21.143242,20.32629,16.230993,18.218468,13.038143,14.2787695,16.71628,14.719339,9.775064,8.7899275,8.276587,4.1011057,0.0,7.3629093,8.236025,11.5959015,14.077762,20.328777,23.136314,24.850012,27.724903,29.14872,26.711718,24.34141,20.833529,20.285389,14.538301,13.902298,8.509979,10.460615,5.3643694,5.880505,6.4344444,8.180598,11.590304,12.599914,15.98639,18.19855,20.162968,17.828299,19.360088,15.088527,15.326203,19.208403,15.60555,12.278896,13.106098,13.577704,12.068685,17.351055,13.975409,17.790785,17.42683,20.872238,16.964891,14.084437,18.196466,17.265497,23.844782,21.948496,24.867455,27.38718,26.69087,29.026255,30.979675,30.070477,26.570932,24.40338,21.211924,18.591482,16.978184,14.0947895,10.817123,7.505358,7.6709933,5.9337845,10.36029,8.369424,10.871369,13.624497,13.966009,14.976068,13.923471,13.846687,17.485777,17.453838,21.387346,21.379875,19.88662,25.777506,23.03047,26.668299,27.816769,30.740122
28,19.246355,15.139475,15.4738,12.456625,9.450502,13.499587,8.699617,14.850742,13.370088,15.697976,18.268478,18.899021,19.862637,18.723444,16.66061,13.780901,13.360963,9.195942,12.448212,8.136327,11.236343,14.181525,14.153752,9.09325,11.649944,8.315609,9.579772,7.3629093,0.0,4.7501445,5.144118,9.8110285,15.001029,18.102985,20.141838,22.545021,24.873684,23.060291,20.679638,17.291552,17.018494,12.430329,10.289132,8.23517,6.805305,6.6374474,5.508878,8.897609,11.247625,12.85524,12.064048,14.707476,15.765948,16.054926,13.727637,15.11047,11.486033,13.395349,17.401052,15.593479,11.639791,14.696848,13.123508,13.149038,16.72477,14.527301,18.209768,16.938486,21.642015,19.129381,15.4161415,18.832952,16.175201,22.716248,18.822205,21.83713,23.369457,21.8454,23.62135,25.335459,23.84006,20.419373,18.137121,14.841254,13.101165,10.355339,9.7386875,6.797019,7.051718,9.923565,11.182151,14.690643,12.162683,16.546299,17.527987,16.454704,17.166325,13.637717,14.716016,15.734632,15.628307,19.882002,18.082184,16.476723,21.657145,19.040401,21.844728,23.473703,25.617071
29,23.524347,19.29794,19.906158,16.343348,13.606414,17.070242,11.9423,17.158876,14.292502,16.627316,17.743952,19.17326,21.035986,19.611334,18.723404,15.111751,15.907268,11.410676,14.879602,10.754856,13.323069,17.182295,16.187784,10.917725,14.094273,12.094767,11.724434,8.236025,4.7501445,0.0,4.8847613,5.959023,12.831081,15.027089,17.335686,19.930223,21.647976,19.741352,16.93007,13.270656,13.687171,8.312209,7.668502,5.5917296,6.5832243,7.739727,9.004922,12.119636,14.696911,16.895931,16.350195,19.328451,20.318901,20.422224,17.522034,18.138744,13.920812,16.072845,19.195776,17.10078,13.515318,14.680859,12.222776,11.121937,14.258504,10.862914,14.13031,12.323471,17.177557,14.872035,10.961165,14.289527,11.55904,18.186623,14.668341,17.987411,19.773373,18.69434,20.957293,22.770391,21.983814,18.611923,16.30279,13.213363,10.601483,9.5717125,7.054311,6.8726687,6.0269585,9.613936,11.314914,13.978743,9.855374,14.48128,14.732342,12.876773,14.243982,10.338814,12.887138,13.749874,15.177187,19.997974,18.089828,15.770792,20.757496,16.875685,20.073683,20.866703,23.349545
30,22.479702,18.49645,17.867441,14.127973,11.06992,13.331196,7.9068575,12.404249,9.43733,12.063154,13.550835,14.51682,16.175983,14.91795,14.067189,10.762589,12.374924,8.348144,13.181868,10.416873,14.060939,17.471533,17.924,13.103374,16.629269,13.290074,14.48847,11.5959015,5.144118,4.8847613,0.0,6.3544674,9.938295,13.296496,15.178123,17.460398,20.010447,18.443193,16.206615,13.174961,12.803723,9.506343,6.6555753,8.071638,5.3448696,9.354989,9.672405,13.256141,16.012047,17.125994,15.651459,18.20024,18.316689,17.42978,14.387865,14.644152,11.135268,14.1263075,17.05505,16.241207,12.66347,15.31393,12.17842,12.701399,14.534177,13.145899,16.287064,14.719696,19.788885,18.508348,14.918059,17.947054,14.445881,20.605421,15.6647415,19.151655,19.82852,17.868568,19.514402,20.818346,19.467058,16.372047,13.333337,10.41647,9.452541,6.89069,8.189565,8.466077,9.870068,13.557667,15.39939,18.33859,14.68827,19.30813,19.554075,17.503698,18.70295,14.141292,16.739277,16.284302,17.248075,21.833965,18.927143,16.813086,21.010689,17.496109,19.733324,20.928156,22.514114
31,27.390842,23.221663,23.328463,19.039238,16.626223,18.731148,13.851781,17.382046,13.169081,15.852813,14.948302,16.58273,19.38207,17.4937,18.137922,13.973329,16.407675,12.328549,16.304586,13.687983,16.36113,20.657162,19.997444,15.281659,19.520613,17.514933,17.653484,14.077762,9.8110285,5.959023,6.3544674,0.0,8.704749,9.286933,12.399992,14.68688,16.33472,14.994731,11.582671,7.741452,9.868417,5.9718547,6.599054,8.745829,9.238641,12.950016,14.538437,17.853899,20.555836,22.448376,21.455175,24.199846,24.59472,23.756466,20.636137,20.480627,16.661228,19.556068,21.727282,20.502625,17.338234,17.96562,14.190532,13.211305,14.061274,10.965948,12.800127,9.748025,15.181447,14.566717,10.720688,12.595895,8.570057,14.362063,9.466122,13.304613,14.302592,13.047597,15.4615135,17.119425,16.860708,13.783335,11.338355,8.7771,5.98687,7.2639475,5.443935,9.582647,10.265529,14.034597,16.46224,18.112156,13.447828,18.088722,17.022617,14.011632,15.618226,10.609678,14.832765,13.624431,16.407005,21.374159,18.392752,15.511813,19.123093,14.024188,16.691448,16.6622,18.758127
32,31.205551,27.501534,25.936436,21.974514,19.215336,19.090996,14.449205,14.266745,9.220083,10.402291,7.0984836,10.39373,13.906897,13.054865,15.570145,12.839191,17.492157,15.03377,20.275537,19.227499,22.79212,26.464716,27.08889,22.493587,26.400656,23.222532,23.79885,20.328777,15.001029,12.831081,9.938295,8.704749,0.0,6.0878043,5.4868746,7.817958,10.585,9.51157,8.522735,8.030724,6.344803,9.220526,7.2221255,13.261338,11.1356125,17.086405,18.73007,22.153793,25.289732,26.063507,24.110352,26.701235,25.827766,23.840012,20.006916,18.38404,15.650463,19.115189,19.567392,20.186272,18.016996,19.01089,14.269,15.289926,13.077374,13.970479,15.029884,13.661476,18.078228,19.563852,17.2932,19.282555,15.279036,19.361988,13.41851,17.630657,16.181381,13.603174,14.913465,14.619369,14.440377,13.115166,7.7715907,8.227011,9.861875,10.276685,13.138724,16.846684,18.289549,22.143877,24.120142,26.438627,21.616203,25.779854,25.282385,22.155708,24.179066,19.20941,23.48998,21.61069,24.100912,28.800793,24.911503,22.263004,24.477623,19.59094,20.555683,20.264652,20.532217
33,33.892025,30.056406,29.134176,24.586817,22.47803,22.525476,18.526272,18.8711,13.784135,15.9248705,11.75776,13.640947,17.5424,15.593769,18.727652,15.134435,19.626827,17.1361,21.446785,20.797926,23.713484,27.843273,28.005262,23.848085,28.542025,26.054651,26.725176,23.136314,18.102985,15.027089,13.296496,9.286933,6.0878043,0.0,5.5341606,6.154897,8.322181,8.967075,5.736608,5.1781087,8.412696,10.874626,11.302019,16.427784,15.70003,21.011848,22.671108,26.146704,29.068016,30.345589,28.709167,31.153708,30.639175,28.643084,25.317259,24.088085,21.318537,24.768864,25.53154,25.735865,23.331182,23.78673,19.085756,19.018114,16.88689,16.085356,15.979251,13.10354,17.464619,19.512205,17.006857,17.267036,13.07111,15.314424,8.931871,12.623858,10.381504,7.8865786,9.555701,9.504163,10.506152,9.462866,5.6702514,7.0962024,8.039155,10.917895,12.58756,17.716654,19.354954,23.114286,25.729963,27.064259,22.272078,26.578527,24.921064,21.34835,23.068678,17.950665,22.689695,19.75204,23.059593,27.614872,23.504494,20.58572,21.702219,16.170038,16.754929,15.482947,15.631921
34,36.56782,32.84887,31.319164,27.241924,24.628294,24.240274,19.864872,18.93529,13.963646,14.437571,9.503499,13.2231,17.10545,16.37528,19.88675,17.352312,22.33222,20.110254,25.096842,24.241003,27.570845,31.467869,31.819403,27.256617,31.2825,28.421854,28.557915,24.850012,20.141838,17.335686,15.178123,12.399992,5.4868746,5.5341606,0.0,3.535676,5.146868,4.7749195,5.201348,7.589717,6.2278457,11.614207,11.279303,17.122107,15.9327135,21.694887,23.816261,27.143713,30.357468,31.28422,29.391024,32.106205,31.156626,29.078434,25.100595,23.089737,20.454071,23.743872,23.40046,24.121302,22.481934,22.431538,17.551125,18.17402,14.583477,15.828633,15.440742,14.183036,17.556627,20.41899,19.001476,20.171345,16.48389,18.872038,13.434261,17.530573,15.1807375,12.932436,14.175314,12.954452,14.169778,14.090991,9.104465,11.26496,12.90757,14.703145,16.862614,21.406069,22.580904,26.352879,28.35669,30.256304,25.051628,28.844093,27.936062,24.46271,26.784546,22.02637,26.832273,24.623257,27.806652,32.50845,28.51832,25.656582,27.095528,21.65035,22.218,20.927961,20.75433
35,37.895008,34.307762,32.610615,28.390675,26.098505,25.166355,21.418774,19.84352,14.994406,15.745665,10.1868305,12.902676,16.894367,15.907115,20.044947,17.673082,22.881971,21.194887,25.936195,25.748543,29.02914,32.866608,33.502804,29.252348,33.653748,30.69818,31.328825,27.724903,22.545021,19.930223,17.460398,14.68688,7.817958,6.154897,3.535676,0.0,4.5887346,6.6650786,7.079387,9.705262,9.727699,14.799305,14.426707,20.310692,18.854916,24.716276,26.518484,29.943533,33.071587,33.86676,31.843275,34.267563,33.151943,30.69776,27.040556,25.035435,22.922976,26.375267,26.047235,27.144812,25.445288,25.792976,20.915606,21.654032,18.092857,19.246428,18.709425,17.0568,20.39327,23.417593,21.814348,22.399296,18.560497,20.130344,14.411831,17.843538,14.660704,12.069803,12.551965,10.574802,11.981015,12.821432,8.288589,11.438724,13.79657,15.730808,18.477442,23.221622,24.880888,28.704184,31.01214,32.72736,27.720003,31.736107,30.480133,26.909065,28.9496,23.973862,28.74309,25.883865,29.033585,33.51333,29.169695,26.396957,27.048174,21.84646,21.702803,20.320341,19.420202
36,41.42207,37.662537,36.273262,32.04832,29.589535,29.135593,24.936989,23.806578,18.88851,19.228828,13.871179,17.290348,21.230581,20.424517,24.402195,21.856455,26.90158,24.767399,29.467197,28.730349,31.810019,35.893806,35.980556,31.512714,35.681313,33.133976,32.994644,29.14872,24.873684,21.647976,20.010447,16.33472,10.585,8.322181,5.146868,4.5887346,0.0,3.924324,5.6162205,9.650807,9.550065,15.086005,15.801719,21.231802,20.718569,26.23852,28.621326,31.892427,35.11468,36.22579,34.4303,37.217083,36.29915,34.196823,30.201744,28.067436,25.439604,28.616238,27.918016,28.575275,27.190828,26.457497,21.633457,21.820705,17.682936,18.731953,17.23885,15.946981,18.197521,22.028273,21.262411,21.547733,18.330904,18.962252,14.48735,18.008411,15.044673,13.465097,14.56711,12.715992,15.211466,16.080044,12.208012,14.963224,16.340572,18.957859,20.505463,25.552763,26.552168,30.202923,32.277565,33.746635,28.375492,31.85949,30.526844,26.845999,29.279636,24.80533,29.890896,27.413832,31.101177,35.72438,31.726439,28.738907,29.514463,23.763803,24.020205,21.897251,21.413742
