,0,1,2,3,4,5,6,7,8,9,10,11,12,13,14,15,16,17,18,19,20,21,22,23,24,25,26,27,28,29,30,31,32,33,34,35,36,37,38,39,40,41,42,43,44,45,46,47,48,49,50,51,52,53,54,55,56,57,58,59,60,61,62,63,64,65,66,67,68,69,70,71,72,73,74,75,76,77,78,79,80,81,82,83,84,85,86,87,88,89,90,91,92,93,94,95,96,97,98,99,100,101,102,103,104,105,106,107,108
0,0.0,4.251248,5.9414463,9.579698,12.18422,14.054687,17.828556,21.679743,23.844326,27.772654,29.299068,33.7436,33.654247,36.60977,40.748295,38.64943,38.708755,35.56391,39.60764,37.922123,39.545326,41.11732,39.672623,42.64703,37.877987,35.90742,32.43788,31.734812,29.967583,30.461248,30.124405,29.002333,31.79736,29.554329,35.151695,32.419266,30.441622,28.753864,24.54324,25.285315,22.010977,21.892036,22.089155,19.006721,23.459291,20.301573,25.055096,24.928944,26.637575,29.530947,30.617458,34.19782,36.7266,37.732956,32.876022,31.66002,28.666737,26.30493,26.605026,23.712978,19.108576,17.773981,17.665577,14.149844,14.705127,13.720755,15.8632555,18.229904,21.763441,21.02278,25.002834,22.8972,25.168116,25.61421,28.37096,31.22783,34.698997,37.696335,40.96007,41.32258,45.34303,42.055534,41.015408,38.513824,34.592686,36.305107,31.076813,29.777939,29.247316,26.985153,27.731966,25.551973,29.024921,31.61726,31.284311,33.461082,32.128162,33.40149,34.490437,33.72623,36.93597,38.49576,38.776478,36.720924,37.641026,32.268143,33.275402,28.93523,30.286531
1,4.251248,0.0,5.1362295,6.2425885,9.441893,11.779595,14.927919,19.55103,21.21961,25.505028,26.691658,31.152546,30.789156,33.90831,38.164192,36.528744,36.846584,33.902435,38.317196,36.912205,38.81066,40.65957,39.56054,42.905254,38.343388,36.64525,33.15671,31.660534,30.00601,29.740107,29.7128,27.455708,30.666178,27.681854,33.551613,30.3557,28.151472,27.117191,22.807093,23.882875,20.068058,20.932554,20.461348,18.491571,22.864841,20.461176,25.548193,25.54787,28.004217,31.050493,31.464912,35.37504,37.46182,38.819214,34.288506,32.82503,29.455437,27.467146,27.45787,24.551691,20.009647,18.382095,17.722956,13.96004,13.301496,11.83223,13.047114,15.428383,18.686466,18.249952,22.640888,21.219282,23.435478,24.59591,27.497324,30.523012,34.254635,36.98912,40.609886,41.223595,45.02252,41.369255,40.364002,37.593773,33.65646,35.083916,29.51256,28.419518,27.457073,25.335133,25.678587,23.656172,26.909424,29.67504,29.774807,31.719236,30.855202,31.445286,33.13822,31.815119,35.23912,36.887325,36.71333,34.561344,34.959267,29.710196,30.223843,25.786638,26.825527
2,5.9414463,5.1362295,0.0,5.1784854,7.1141114,8.239303,12.335947,15.856749,18.024134,21.90076,23.452217,27.875448,27.96943,30.96852,35.013996,32.95937,32.87533,29.684927,33.88218,32.236065,34.050976,35.731354,34.556515,37.80283,33.213776,31.538979,28.026157,26.604277,24.993132,24.913086,25.010159,23.427134,26.70228,24.300613,30.086922,27.500835,25.837402,24.846495,20.371376,20.672243,16.880205,16.826797,16.328772,13.661985,17.951546,15.3879175,20.425941,20.628195,23.005314,26.221512,26.685705,30.683086,32.77173,34.35577,29.889744,28.769926,25.344398,23.6005,24.182503,21.886173,16.380861,15.882615,15.9475975,12.932046,11.330841,11.584806,13.291431,14.141307,17.741827,16.262018,20.035036,18.285112,19.852772,20.793802,23.104147,26.3803,29.790604,32.773247,36.267075,36.58533,40.4781,36.94262,35.706142,33.133305,29.143274,30.975945,25.608137,24.83714,24.364395,22.594725,23.704647,22.062462,25.703375,27.950905,27.67398,29.457735,27.83812,28.564896,29.588928,28.340343,31.359451,32.80956,32.979992,31.04588,31.905224,26.676407,27.894857,23.639843,25.44838
3,9.579698,6.2425885,5.1784854,0.0,4.001714,6.1918297,8.77981,13.718133,15.047982,19.478493,20.532232,24.969727,24.693676,27.984129,32.192646,30.861431,31.127838,28.231407,32.96425,31.703844,33.925636,35.931343,35.2812,38.95892,34.698513,33.37885,29.965805,27.502888,26.133972,24.938152,25.550428,22.309996,26.199635,22.718246,28.85929,25.62723,23.668085,23.718836,19.184113,19.944632,15.353286,16.872686,15.214,14.530234,18.380653,17.038048,22.283932,22.561827,25.863533,29.10087,28.67312,32.97516,34.456745,36.412228,32.429893,30.959759,27.15911,25.896503,25.980877,23.658854,18.638212,17.642273,16.94741,13.815852,10.682627,10.316963,10.425013,10.941758,14.04724,12.992925,17.39598,16.768663,18.244274,20.252724,22.789146,26.187428,29.939234,32.482563,36.424747,37.121338,40.664406,36.6668,35.539978,32.598957,28.65183,29.997433,24.189388,23.688501,22.558767,21.009346,21.489258,20.112783,23.371376,25.833807,26.175968,27.617493,26.714998,26.45977,28.376005,26.348541,29.695147,31.290115,30.796206,28.700775,28.800318,23.730774,24.196081,19.77161,21.124481
4,12.18422,9.441893,7.1141114,4.001714,0.0,5.233864,5.8929176,10.462431,12.537851,16.40674,18.207113,22.461668,22.907177,26.490246,30.46349,29.34606,29.103619,25.849827,30.834229,29.137945,31.796604,33.342503,33.173332,36.69329,32.412212,30.973583,28.048332,25.18529,24.433435,22.65228,24.312485,21.08313,25.610529,22.235626,28.457436,25.606733,24.122744,24.88444,20.282278,20.412281,15.439241,16.647375,13.798783,13.4302635,16.185415,14.811585,20.145756,19.946371,24.060194,26.95051,25.854713,30.232653,31.375647,33.40822,29.736359,28.02568,24.063461,23.110193,23.012629,20.937378,16.07092,15.211188,14.481908,11.986301,7.6636076,8.40483,8.465489,7.5989547,10.953724,9.345619,13.522792,12.786416,14.349261,16.384264,19.201944,22.41543,26.340525,28.70704,32.727894,33.648075,37.075256,33.01141,32.140247,29.051825,25.196825,26.235264,20.429167,19.725828,18.56938,17.045752,17.7059,16.525885,19.915083,22.139315,22.397575,23.747147,22.743465,22.506247,24.403427,22.520002,26.018381,27.771017,27.418978,25.159046,25.694153,20.292524,21.091959,16.770056,18.397264
5,14.054687,11.779595,8.239303,6.1918297,5.233864,0.0,5.650794,8.788088,9.979524,14.300335,15.272505,19.74954,19.747272,22.824999,26.845974,25.108398,25.129929,22.173023,26.788628,25.636112,27.781298,30.008186,29.375158,33.29649,29.327343,28.460844,24.870983,21.869684,20.471863,18.92525,19.672106,16.289635,20.499874,17.279366,23.420202,20.748663,19.46425,20.022896,15.414817,15.236473,10.356643,11.490552,9.065842,9.125198,12.677626,12.629029,17.559925,18.631897,21.974121,25.595543,24.903284,29.435272,30.581509,33.15538,29.607407,28.664335,24.722342,24.178776,24.995136,23.679066,17.800993,18.332066,18.340162,16.358553,11.95348,13.5170555,13.518353,11.519654,14.29626,11.722488,15.010992,14.835783,14.573376,17.090221,18.276356,22.366707,25.587374,28.313427,32.284557,32.58334,36.056725,31.979956,30.340084,27.584406,23.534658,25.4675,19.746414,20.34267,19.708057,19.140533,20.50963,20.036522,23.459063,25.139381,25.266474,26.156532,24.452559,23.662205,24.93945,22.32988,24.983778,26.18673,25.752295,24.086836,24.259674,19.614298,20.78625,16.692793,19.164764
6,17.828556,14.927919,12.335947,8.77981,5.8929176,5.650794,0.0,5.9438643,6.919173,11.07329,12.536825,16.71253,17.258944,21.062983,24.930592,24.313066,24.078732,21.026712,26.39399,25.04643,28.05636,29.889513,30.27182,34.185974,30.455046,29.60966,26.81935,22.839237,22.440985,19.433985,21.820042,17.246954,22.465174,18.528723,24.782888,21.960667,20.8661,22.93652,18.554056,18.328754,12.963466,15.016335,10.611921,12.662858,14.090757,14.664066,19.467594,19.762297,24.420631,27.415817,25.48277,30.099018,30.491373,33.185436,30.279911,28.712248,24.51564,24.46252,24.519474,23.241564,18.42826,18.36101,17.715208,16.196745,10.815511,12.383033,11.14567,7.606042,9.408751,6.682279,10.181923,11.311326,11.097309,14.627974,16.521198,20.180597,23.920563,25.933172,30.299784,31.271357,34.27886,29.810333,28.729391,25.469408,21.69206,22.600342,16.543474,16.988104,15.58005,15.222005,16.00349,15.993146,18.974613,20.612204,21.252003,21.764988,20.80225,19.149298,21.384773,18.293242,21.58225,23.201752,22.260971,20.128704,20.035284,15.020009,15.6621895,11.388167,13.645097
7,21.679743,19.55103,15.856749,13.718133,10.462431,8.788088,5.9438643,0.0,4.6460915,6.1974516,9.407472,13.083984,15.116807,18.748932,21.954044,20.97084,19.740541,16.049322,21.429438,19.479206,22.845484,24.198502,25.010326,28.782621,25.226196,24.556097,22.219803,17.66029,18.011147,14.245289,17.985682,14.120526,19.812366,16.871912,22.627619,21.008646,21.005344,23.449196,19.381348,17.94778,13.1616535,13.801904,8.334415,10.802734,9.790607,11.46435,15.379031,15.77741,20.842688,23.622828,21.065954,25.732327,25.641684,28.78936,26.486185,25.275034,21.0856,21.820063,22.43767,22.238474,17.240246,18.518322,18.59456,18.325499,12.966095,15.89403,15.34558,10.855498,12.13618,8.290514,8.575749,9.658328,6.9072256,10.769034,11.130552,15.292793,18.535864,20.653862,24.997248,25.722307,28.653864,24.165222,22.840687,19.665041,15.830734,17.1492,11.24235,12.770839,12.240086,13.075248,15.143494,16.070051,19.12484,19.65852,19.748592,19.752768,17.66503,15.872311,16.980747,13.6824665,16.266607,17.640099,17.206684,15.36743,16.311079,11.3006315,13.645596,10.442735,14.12681
8,23.844326,21.21961,18.024134,15.047982,12.537851,9.979524,6.919173,4.6460915,0.0,5.332148,5.683295,9.972231,10.891547,14.654234,18.233715,17.724438,17.342394,14.55278,20.13933,19.371065,22.518719,24.857176,25.656729,30.017181,27.09943,27.131523,24.3864,19.355991,19.21378,14.993663,17.94126,12.128048,17.936127,13.915821,19.763762,17.56,17.437346,20.763498,17.038067,15.95428,11.12208,13.295009,7.7183046,12.392,11.918781,15.000067,18.413815,19.649118,24.152153,27.321512,24.88792,29.552744,29.23932,32.705475,30.652752,29.66462,25.512468,26.393888,27.052864,26.824148,21.825136,22.932909,22.777517,22.097883,16.592897,18.855194,17.543758,13.1500225,13.598895,10.373522,11.029659,13.501889,10.459714,14.894695,14.502391,18.784798,21.597614,23.409403,27.860035,28.45439,31.014456,26.301485,24.566359,21.46578,17.824335,19.187384,13.437201,16.006014,15.067075,16.452412,17.88811,19.137835,21.659998,22.260155,22.898306,22.447992,20.940607,17.949453,19.656036,15.145931,17.24979,18.229385,16.711176,15.301235,14.464107,10.780609,11.992809,8.839899,12.570792
9,27.772654,25.505028,21.90076,19.478493,16.40674,14.300335,11.07329,6.1974516,5.332148,0.0,5.192168,7.3922906,10.8367195,14.418382,16.87189,16.614109,14.891235,11.358114,17.216026,15.647643,19.585253,21.086655,22.825148,26.86513,24.271166,24.419807,22.58773,16.950537,18.000736,12.742212,17.537308,12.697097,18.694374,15.8001375,20.705282,19.715183,20.533669,24.184008,20.8736,19.022211,14.990166,15.921771,10.249484,14.398526,11.621211,15.145783,17.435383,18.277521,23.261799,25.812157,22.512405,27.00621,25.984842,29.730335,28.48582,27.543941,23.519188,25.110569,25.841988,26.379608,21.93522,23.604006,23.710953,23.943443,18.572445,21.453072,20.401825,15.512176,15.470672,12.045815,10.295627,12.9022255,8.372414,12.6982765,11.068988,15.1032295,17.440334,18.844349,23.328304,24.021036,26.206831,21.361017,19.726837,16.498125,13.145521,14.251455,8.898789,12.631771,12.237327,14.727938,16.779488,18.794878,21.027964,20.693993,21.040003,20.026028,17.97723,14.550938,15.534075,10.574635,12.011851,12.903673,11.564725,10.260357,10.564896,6.928501,9.99027,8.654409,13.02307
10,29.299068,26.691658,23.452217,20.532232,18.207113,15.272505,12.536825,9.407472,5.683295,5.192168,0.0,4.5560474,5.869024,9.586549,12.724786,12.85151,12.519946,10.561858,16.27771,16.477795,19.683147,22.556545,23.861818,28.549778,26.59064,27.4429,24.90584,19.201406,19.324284,14.234794,17.399542,10.584359,16.329664,12.338678,17.135412,15.54679,16.336535,20.79451,18.031536,16.544605,12.926601,15.140495,10.080184,15.630306,13.963024,18.359564,20.499586,22.272205,26.439995,29.56617,26.797956,31.29563,30.37383,34.32121,33.019455,32.394608,28.406923,29.879187,30.7811,31.126173,26.295628,27.846478,27.827385,27.500696,21.986034,24.347656,22.836788,18.24497,17.961977,15.00804,14.355846,17.46442,13.37572,17.821962,15.962042,20.150745,22.045122,23.408575,27.77074,28.122124,30.078806,25.249369,23.048018,20.205872,17.087202,18.545618,13.762045,17.74334,17.06267,19.478418,20.980967,22.919899,24.907927,24.878014,25.639324,24.487474,22.932451,18.931942,20.34602,14.861792,15.611355,15.840498,13.40571,12.979698,10.73061,9.677983,10.788097,9.647235,13.518031
11,33.7436,31.152546,27.875448,24.969727,22.461668,19.74954,16.71253,13.083984,9.972231,7.3922906,4.5560474,0.0,5.271081,8.257652,9.923021,11.322401,10.37365,9.108873,14.68138,15.225953,18.763113,21.428389,23.52361,28.103033,26.861834,28.115034,26.179005,20.123108,20.879198,15.262767,19.075788,12.691329,17.933014,14.598964,18.086502,17.291328,18.714745,23.665174,21.504871,19.794647,16.89804,18.76951,14.021586,19.379797,16.783106,21.438156,22.797974,24.465117,28.683426,31.44579,28.187151,32.442856,30.932478,35.096485,34.492626,33.93483,30.110123,32.035286,32.904385,33.65555,29.268167,30.984598,30.986906,31.04791,25.555801,28.036291,26.419302,21.632004,20.832817,18.087055,16.436836,19.851122,15.366183,19.591644,17.091347,20.73204,22.021795,22.76605,26.998999,27.398441,28.715578,23.838148,21.632147,18.927494,16.55056,17.570246,13.904907,18.499172,17.951279,21.007587,22.48275,24.917908,26.424913,25.844557,26.672434,24.985052,23.514166,18.865797,20.089945,14.1831255,13.893084,13.627878,10.350012,10.744606,7.399321,9.084455,10.186067,11.0043,14.582635
12,33.654247,30.789156,27.96943,24.693676,22.907177,19.747272,17.258944,15.116807,10.891547,10.8367195,5.869024,5.271081,0.0,4.454278,8.064691,9.920523,11.3932295,11.852819,16.608858,18.527794,21.072556,24.85119,26.140556,31.17047,30.073269,31.591522,28.86881,23.112701,22.855122,17.925264,19.932068,12.231245,16.727129,12.147555,15.605992,13.666597,14.651886,20.214973,18.563799,17.552843,15.046888,18.118067,14.224766,20.144152,18.901218,23.735193,25.465096,27.707058,31.372705,34.695763,32.05512,36.441036,35.319942,39.47464,38.44224,38.010498,34.09543,35.677197,36.615078,36.966698,32.133797,33.60017,33.45132,32.89749,27.337929,29.314013,27.390934,23.035095,22.288872,19.894672,19.45339,23.01056,19.022203,23.522245,21.391743,25.40268,26.854607,27.875166,32.10148,32.298992,33.770542,28.969728,26.478945,23.976643,21.391956,22.746977,18.704891,22.983679,22.118404,24.736399,25.80719,27.90479,29.447466,29.410055,30.532537,29.050564,27.953974,23.294292,25.003693,19.09745,19.154913,18.842226,15.479642,15.877614,11.590914,13.330182,12.916795,12.87192,15.7043
13,36.60977,33.90831,30.96852,27.984129,26.490246,22.824999,21.062983,18.748932,14.654234,14.418382,9.586549,8.257652,4.454278,0.0,4.5821786,6.504654,9.506226,11.761815,15.133389,18.327724,19.995224,24.51734,25.479479,30.713396,30.296133,32.391563,29.443521,23.85076,23.222166,18.701527,19.672094,12.204821,15.306697,11.349842,13.015182,11.792473,13.576542,19.299238,18.646776,17.46281,16.311876,19.0683,16.254631,22.038143,20.80879,26.072512,27.146925,29.94841,32.90579,36.42534,34.10766,38.339325,37.19873,41.55559,40.6874,40.692123,36.941578,38.63997,39.94439,40.53128,35.40986,37.23438,37.299454,36.74766,31.244759,33.311756,31.526543,27.241749,26.666843,24.169468,23.673603,27.021639,22.77754,27.03332,24.22273,28.341202,29.167416,30.284266,34.2054,33.929226,35.241673,30.684965,27.670341,25.706215,23.363012,25.231125,21.845568,26.499674,25.979012,28.758913,30.055016,32.192936,33.79364,33.618454,34.613537,33.05172,31.663624,27.06536,28.26803,22.424376,21.65029,20.728458,17.472773,18.656134,14.382489,17.138609,16.982265,17.294138,20.046045
14,40.748295,38.164192,35.013996,32.192646,30.46349,26.845974,24.930592,21.954044,18.233715,16.87189,12.724786,9.923021,8.064691,4.5821786,0.0,5.7385707,8.158423,11.668157,13.842539,17.594301,19.099838,23.483566,24.939236,29.978886,30.316114,32.81152,30.345325,24.670498,24.498606,19.835241,21.18011,14.782422,17.190613,14.57738,14.62951,14.813571,17.219076,22.722881,22.520025,20.963776,20.341745,22.432924,19.720957,25.235489,23.236858,28.67314,29.0586,31.846725,34.678802,37.91467,35.341183,39.30606,37.758495,42.27779,41.968254,42.15864,38.604404,40.64887,42.056686,43.0297,38.12922,40.222965,40.409836,40.197113,34.70285,37.000362,35.275272,30.773325,30.018562,27.465925,26.297474,29.658516,25.085754,29.072329,25.701393,29.456614,29.664501,30.425526,34.035824,33.60224,34.40334,30.04631,26.902945,25.338259,23.633738,25.398546,23.018753,28.003891,27.744543,30.908693,32.350292,34.788853,36.175625,35.57298,36.479538,34.604008,33.083572,28.305395,29.084988,23.289524,21.632608,20.196386,16.856,18.784285,14.526894,18.631163,18.75435,20.009165,22.740015
15,38.64943,36.528744,32.95937,30.861431,29.34606,25.108398,24.313066,20.97084,17.724438,16.614109,12.85151,11.322401,9.920523,6.504654,5.7385707,0.0,4.9579377,9.012289,9.920152,14.414751,14.806825,20.05652,20.504992,25.82189,26.18763,28.956947,25.938446,20.718884,19.887846,16.037897,16.119904,10.576255,11.898,10.744381,9.730012,11.510184,14.782414,19.330359,19.345228,17.09657,17.509819,18.567442,16.914177,21.838152,19.963755,25.605661,25.412546,28.833664,30.750494,34.30438,32.429287,36.301422,35.17218,39.74062,39.15641,39.89021,36.522266,38.449585,40.421356,41.575195,36.11563,38.731766,39.33135,39.121017,33.842564,36.429977,35.23622,30.838072,30.791012,27.754734,26.789017,29.415356,24.684553,28.218307,24.246824,28.4462,28.21498,29.685528,32.99132,31.878191,33.187603,29.178873,25.371931,24.312288,22.218256,25.09882,22.769285,27.852755,28.169268,31.157505,33.18735,35.35836,37.315964,36.766605,37.212124,35.68917,33.393776,29.421377,29.352087,24.062057,22.088037,20.350163,18.092749,20.167555,17.341434,20.186615,21.376192,21.841736,25.214958
16,38.708755,36.846584,32.87533,31.127838,29.103619,25.129929,24.078732,19.740541,17.342394,14.891235,12.519946,10.37365,11.3932295,9.506226,8.158423,4.9579377,0.0,4.8948107,5.7823477,9.776217,10.971247,15.539838,16.787281,21.838814,22.291113,25.052233,22.731468,17.213404,17.331955,12.883979,14.658962,10.776757,12.993979,13.071939,12.759991,15.21575,18.47192,22.498106,21.853205,19.023205,18.920143,18.9403,16.654125,21.011889,17.925842,23.489664,22.681744,25.785387,27.91442,30.994043,28.702188,32.36946,30.907124,35.547382,35.395813,36.204643,33.025196,35.263107,37.3212,38.88809,33.73945,36.673992,37.476837,37.76627,32.619553,35.610256,34.714493,30.060043,30.066614,26.778093,25.046038,27.331175,22.30958,25.337315,20.814573,24.68995,23.948687,25.31476,28.380589,27.14795,28.321896,24.434587,20.52362,19.685326,17.89832,20.93339,19.412628,24.671535,25.445904,28.673277,31.086046,33.430874,35.405167,34.43668,34.552,32.93553,30.203644,26.536646,25.740513,20.854296,18.19283,16.100384,14.481925,16.95398,15.3987055,18.1384,20.310926,21.179981,24.932655
17,35.56391,33.902435,29.684927,28.231407,25.849827,22.173023,21.026712,16.049322,14.55278,11.358114,10.561858,9.108873,11.852819,11.761815,11.668157,9.012289,4.8948107,0.0,5.9714847,6.7089353,9.65814,13.021526,14.684599,19.50519,19.029406,21.220236,19.197165,13.2701645,14.121327,8.818693,12.598757,9.604808,13.321147,13.481282,14.861746,16.882212,19.716223,23.259151,21.703218,18.613771,17.634645,16.972675,13.918944,17.749939,13.86811,19.224789,18.42084,21.147865,23.783268,26.623266,24.027903,27.813318,26.367416,30.947037,30.702953,31.36266,28.146284,30.419931,32.46331,34.13072,29.11181,32.164528,33.084072,33.63938,28.644981,31.89109,31.296799,26.577417,26.814949,23.304321,21.247776,23.0815,17.988438,20.666615,15.962506,19.903198,19.261644,20.884129,24.093395,22.980684,24.558512,20.50714,16.715403,15.528255,13.277933,16.628355,14.956339,20.157976,21.23897,24.399504,27.13066,29.404144,31.577442,30.51456,30.342787,28.900837,25.79979,22.639215,21.416662,16.931486,14.379332,12.490809,11.734049,13.808821,13.777664,15.101052,18.196198,18.756767,22.863258
18,39.60764,38.317196,33.88218,32.96425,30.834229,26.788628,26.39399,21.429438,20.13933,17.216026,16.27771,14.68138,16.608858,15.133389,13.842539,9.920152,5.7823477,5.9714847,0.0,5.62962,5.3212204,10.2763,11.259387,16.222376,17.259134,20.51278,18.526602,13.548484,14.0602665,10.563961,12.40111,12.187983,13.273705,15.657565,14.653594,18.380806,21.879862,24.719143,24.039652,20.57734,21.058674,19.5166,17.982016,20.916418,17.094006,22.356455,20.262945,23.571896,24.794785,27.590672,25.635958,28.817095,27.370333,32.080067,32.232986,33.671238,30.971703,33.389477,35.98361,38.07201,32.894188,36.4617,37.733482,38.42327,33.69014,37.08625,36.772427,32.161137,32.62229,29.015427,26.928213,28.35456,23.26868,25.300766,19.994473,23.609917,21.84172,23.597736,25.895533,23.841751,25.158981,21.999275,17.437819,17.638323,16.172855,20.120628,19.755707,24.883615,26.437466,29.61219,32.61553,34.862514,37.1259,35.866676,35.41788,33.97276,30.44832,27.725079,25.709034,21.882145,18.477695,15.922489,15.937568,18.639057,18.88245,20.829884,23.969887,24.717836,28.788465
19,37.922123,36.912205,32.236065,31.703844,29.137945,25.636112,25.04643,19.479206,19.371065,15.647643,16.477795,15.225953,18.527794,18.327724,17.594301,14.414751,9.776217,6.7089353,5.62962,0.0,5.1004167,6.3248262,8.951721,13.13089,13.24538,15.930923,14.98763,9.581303,11.8444,7.759916,12.394439,13.730767,16.047668,18.300539,18.749756,21.926556,25.014,27.521637,26.00774,22.39763,21.99538,19.758905,17.529804,19.482082,14.589982,19.155207,16.586079,19.188461,20.921484,23.05401,20.522593,23.583626,21.870224,26.595692,27.022406,28.404118,25.870365,28.521267,31.139414,33.56442,28.81227,32.599075,34.05641,35.23051,30.822855,34.52232,34.58074,29.943647,30.565083,26.836166,24.1945,24.979742,19.96187,21.159433,15.493661,18.65816,16.422312,18.344906,20.438805,18.293741,19.906408,16.797184,12.141917,12.483938,11.056272,15.43787,15.862686,20.69324,22.777035,25.900257,29.27189,31.492039,33.839573,32.296535,31.434391,30.107946,26.099417,24.130764,21.285574,18.406986,14.757569,12.233662,13.730904,16.10809,18.171402,18.94428,22.936852,23.641733,27.875454
20,39.545326,38.81066,34.050976,33.925636,31.796604,27.781298,28.05636,22.845484,22.518719,19.585253,19.683147,18.763113,21.072556,19.995224,19.099838,14.806825,10.971247,9.65814,5.3212204,5.1004167,0.0,6.312058,5.964868,11.044718,12.391183,16.085848,14.291778,10.353544,11.138804,9.461488,10.968899,14.173888,14.456768,18.247532,17.220217,21.404936,24.84179,26.600174,25.758802,21.931726,22.757755,19.951939,19.171679,20.601906,16.453966,21.049847,17.818571,21.27817,21.436522,23.982782,22.596104,25.279707,24.085808,28.73511,28.967209,31.023903,28.812696,31.244085,34.341206,36.80325,31.590107,35.666397,37.357124,38.330353,34.0877,37.753452,37.990757,33.565598,34.490986,30.681273,28.507397,29.08205,24.196592,25.275824,19.59691,22.940678,20.417765,22.702513,24.243834,21.40553,23.129995,20.79578,15.841455,16.971539,15.627534,20.30229,20.652903,25.318806,27.474945,30.387867,33.838326,35.856853,38.422977,37.04786,36.103394,34.95259,30.792154,29.085546,26.143244,23.415245,19.853401,17.292862,18.630499,21.106348,22.62871,23.603977,27.358957,27.780046,32.039883
21,41.11732,40.65957,35.731354,35.931343,33.342503,30.008186,29.889513,24.198502,24.857176,21.086655,22.556545,21.428389,24.85119,24.51734,23.483566,20.05652,15.539838,13.021526,10.2763,6.3248262,6.312058,0.0,5.467635,7.445843,9.025925,12.415042,13.044005,9.768785,12.783113,11.230442,14.964076,18.874016,20.088491,23.51209,23.296213,27.111835,30.319632,32.061897,30.678263,26.827183,26.91025,23.741512,22.283371,22.862196,17.808617,21.270926,17.336905,19.622581,20.075851,21.314898,19.188433,21.1357,19.264555,23.911364,25.068144,27.254433,25.590914,28.453274,31.5656,34.60265,30.218212,34.525417,36.413776,38.038273,34.231102,38.174973,38.738552,34.28447,35.191265,31.396217,28.496187,28.484684,23.806902,23.815273,17.93597,20.082644,16.511633,18.55899,19.159454,15.835264,17.366428,15.848562,10.816037,13.087707,12.851611,17.364187,19.375,23.472939,26.190811,29.106798,32.841015,34.93041,37.370975,35.51493,34.121838,32.952625,28.361927,27.46331,23.50686,22.099401,18.052862,15.452052,18.184889,20.524126,23.591911,24.059317,28.41116,29.159336,33.399723
22,39.672623,39.56054,34.556515,35.2812,33.173332,29.375158,30.27182,25.010326,25.656729,22.825148,23.861818,23.52361,26.140556,25.479479,24.939236,20.504992,16.787281,14.684599,11.259387,8.951721,5.964868,5.467635,0.0,5.55038,7.1221876,11.378509,10.1309185,8.64406,9.851792,10.85312,11.919208,17.758707,17.597353,22.117416,21.363659,25.595352,28.814083,29.576515,28.490505,24.49467,25.4555,21.586933,21.474815,21.24346,17.033241,20.394989,15.995795,19.320078,18.094212,20.130552,19.560307,21.47177,20.700779,25.105667,25.39561,28.174982,26.634195,28.999382,32.610374,35.449944,30.357882,34.904774,37.02864,38.316338,34.727043,38.60368,39.432255,35.300873,36.68109,32.763718,30.557215,30.213146,25.755539,25.75448,20.041283,22.854422,19.662485,22.461563,23.063574,19.434772,21.679817,20.446125,15.529231,17.526064,16.38543,21.413965,22.4114,26.312368,29.007433,31.525244,35.34983,37.068043,39.90548,38.444817,36.986664,36.197292,31.47106,30.919462,27.136934,25.672785,22.21882,19.892296,22.307985,24.408487,27.01078,27.02963,31.251102,31.342613,35.692444
23,42.64703,42.905254,37.80283,38.95892,36.69329,33.29649,34.185974,28.782621,30.017181,26.86513,28.549778,28.103033,31.17047,30.713396,29.978886,25.82189,21.838814,19.50519,16.222376,13.13089,11.044718,7.445843,5.55038,0.0,5.435385,9.575795,10.797368,11.511072,13.574174,15.184769,16.767723,23.057177,22.970266,27.542675,26.855837,31.10407,34.263317,34.781628,33.56831,29.562506,30.378675,26.191214,26.040747,25.058826,20.653475,22.931198,17.934725,20.366838,18.49104,19.262985,18.876156,19.569483,18.6366,22.68613,23.73372,27.035173,26.312822,28.841425,32.650814,35.96642,31.507715,36.298267,38.676285,40.40886,37.334663,41.366077,42.534557,38.520138,39.989563,36.099693,33.548008,32.675503,28.53627,27.663681,22.051315,23.85939,19.900078,22.54162,21.978565,17.724997,19.805145,19.91858,15.415776,18.342867,18.0721,22.748894,24.846468,28.127686,31.210627,33.582466,37.59869,39.255375,42.05304,40.298847,38.452446,37.75323,32.701653,32.931263,28.424944,28.05586,24.405827,22.139389,25.299303,27.31074,30.720808,30.499346,35.01561,35.26224,39.57981
24,37.877987,38.343388,33.213776,34.698513,32.412212,29.327343,30.455046,25.226196,27.09943,24.271166,26.59064,26.861834,30.073269,30.296133,30.316114,26.18763,22.291113,19.029406,17.259134,13.24538,12.391183,9.025925,7.1221876,5.435385,0.0,4.4890666,5.9746366,7.829076,10.38479,12.648608,14.8435135,21.42042,22.088154,26.190487,26.661184,30.239902,32.96675,33.204464,31.377949,27.461,27.705336,23.227083,22.953714,21.127628,16.74833,18.143164,12.955733,15.144819,13.155425,13.946853,13.809782,14.89147,14.634502,18.666077,18.915607,22.219908,21.383884,23.68301,27.63969,30.856087,26.278852,31.148413,33.644363,35.40683,32.64766,36.69982,38.150368,34.398445,36.165504,32.28481,29.960266,28.550709,24.838545,23.513401,18.25017,20.147781,16.612991,19.929554,19.689072,15.66936,18.828474,18.540726,14.4750595,16.679945,15.602969,20.46898,21.928791,24.596758,27.7712,29.70505,33.820023,35.15807,38.19202,36.65255,34.6364,34.312473,29.114525,29.976202,25.4577,25.571226,22.676546,20.992025,24.399029,25.761644,29.59434,28.278032,32.934105,32.65917,36.961857
25,35.90742,36.64525,31.538979,33.37885,30.973583,28.460844,29.60966,24.556097,27.131523,24.419807,27.4429,28.115034,31.591522,32.391563,32.81152,28.956947,25.052233,21.220236,20.51278,15.930923,16.085848,12.415042,11.378509,9.575795,4.4890666,0.0,5.8476524,8.780742,11.726404,13.975915,16.860823,23.163763,24.49887,28.059786,29.375286,32.404705,34.7674,34.855785,32.531242,28.78195,28.422266,23.854153,23.285715,20.685562,16.374657,16.378223,11.188318,12.151358,10.181711,9.829217,9.745936,10.480613,10.805943,14.550108,14.46742,17.950882,17.445335,19.650272,23.744322,27.112112,22.915379,27.877562,30.540245,32.574234,30.34049,34.433872,36.22254,32.756996,34.72367,30.948322,28.629568,26.584402,23.47929,21.373446,16.717625,18.006594,14.660273,18.281635,17.784956,13.975837,17.807154,17.776167,14.644659,16.435877,15.216032,19.678795,21.096058,22.8405,26.182457,27.657785,31.856947,32.91217,36.042557,34.53101,32.225246,32.23589,26.87235,28.596083,23.850037,24.879873,22.599232,21.472881,25.222837,26.015474,30.410095,28.228981,33.009254,32.460255,36.64297
26,32.43788,33.15671,28.026157,29.965805,28.048332,24.870983,26.81935,22.219803,24.3864,22.58773,24.90584,26.179005,28.86881,29.443521,30.345325,25.938446,22.731468,19.197165,18.526602,14.98763,14.291778,13.044005,10.1309185,10.797368,5.9746366,5.8476524,0.0,6.1956596,6.7857223,11.009322,11.88108,18.96382,19.650597,23.528692,24.812649,27.76805,30.00591,29.536268,27.353685,23.587067,23.76383,18.840187,19.26856,16.323875,12.885017,13.522255,8.22472,11.484847,8.188833,10.772141,12.210929,14.305016,15.524579,19.108646,17.6077,20.780613,19.489782,21.017448,25.189209,27.842468,22.440601,27.327463,29.917654,31.254648,28.714437,32.621147,34.31668,30.991144,33.22391,29.343843,27.817156,26.03346,22.805529,21.554592,16.976835,19.711075,17.4342,21.389158,21.989437,18.667036,22.523275,21.474554,17.800247,18.851206,16.545185,21.549185,21.439005,23.673124,26.59579,27.957489,32.009243,32.87549,36.290348,35.30552,33.34686,33.4878,28.406992,29.536182,25.607489,25.529734,23.668587,22.54418,25.53061,26.319195,29.808065,27.580187,32.03054,30.949533,35.213966
27,31.734812,31.660534,26.604277,27.502888,25.18529,21.869684,22.839237,17.66029,19.355991,16.950537,19.201406,20.123108,23.112701,23.85076,24.670498,20.718884,17.213404,13.2701645,13.548484,9.581303,10.353544,9.768785,8.64406,11.511072,7.829076,8.780742,6.1956596,0.0,4.773501,5.246339,9.2315,14.460968,16.476084,19.459969,21.219881,23.886976,26.249855,26.942265,24.607176,20.84182,20.327166,16.255499,15.236747,14.021113,9.192763,11.89692,7.7527304,11.107127,11.4134035,14.087532,13.034676,16.334139,16.24628,20.546623,19.560177,21.611778,19.347448,21.36765,24.83109,27.277414,21.877415,26.335241,28.439869,29.684153,26.236055,30.161959,31.241776,27.340292,29.078625,25.14043,23.248938,22.284485,18.2911,17.960007,12.702578,16.18585,14.251323,17.917952,19.561447,16.89564,20.36816,18.087854,14.095815,14.3890915,11.587961,16.813942,16.28856,19.435827,22.109486,24.049809,27.9571,29.276669,32.434765,31.34441,29.788364,29.485384,24.713646,24.802668,21.316473,20.240858,18.19139,16.95285,19.55801,20.46226,23.67563,21.80492,26.222967,25.468643,29.801304
28,29.967583,30.00601,24.993132,26.133972,24.433435,20.471863,22.440985,18.011147,19.21378,18.000736,19.324284,20.879198,22.855122,23.222166,24.498606,19.887846,17.331955,14.121327,14.0602665,11.8444,11.138804,12.783113,9.851792,13.574174,10.38479,11.726404,6.7857223,4.773501,0.0,6.0020814,5.3118024,12.251268,13.078106,16.746866,18.272427,21.00312,23.271732,23.157732,21.063957,17.200666,17.554052,12.893213,13.464315,11.753932,8.578209,11.738508,8.16181,12.88559,11.692487,15.665597,16.104803,19.43945,20.156754,24.120893,22.345575,24.554089,22.20621,23.603933,27.203587,29.1478,23.025442,27.364838,29.462074,30.112179,26.65886,30.31893,31.40698,27.820055,29.854975,25.924261,24.89248,24.03998,20.26917,20.496693,15.845682,19.9206,18.647375,22.391123,24.244566,21.623655,25.131887,22.797222,18.736158,18.861738,15.759773,20.895763,19.378653,22.544704,24.824799,26.48087,30.182068,31.219707,34.59335,33.962803,32.615345,32.515617,28.007029,27.880636,25.021132,23.373194,21.760162,20.577374,22.478539,23.364075,25.663727,23.82673,27.790943,26.515997,30.818674
29,30.461248,29.740107,24.913086,24.938152,22.65228,18.92525,19.433985,14.245289,14.993663,12.742212,14.234794,15.262767,17.925264,18.701527,19.835241,16.037897,12.883979,8.818693,10.563961,7.759916,9.461488,11.230442,10.85312,15.184769,12.648608,13.975915,11.009322,5.246339,6.0020814,0.0,7.2112007,9.688975,12.837016,14.828569,17.136187,19.323555,21.66937,23.12942,20.769922,17.121368,16.243587,13.080329,11.194747,11.896805,7.080481,11.894425,9.892693,13.380494,15.054495,18.280748,16.711151,20.594316,20.212326,24.559631,23.422817,24.704395,21.755325,23.650818,26.50838,28.381212,22.73085,26.579058,28.193214,28.954266,24.765615,28.443943,28.92721,24.740799,26.151379,22.22723,20.599144,20.588303,16.105833,17.188873,12.125383,16.539274,15.665613,18.837774,21.499693,19.637655,22.644716,19.355652,15.424579,14.708843,11.353542,16.242115,14.395811,18.37399,20.379309,22.624205,26.141848,27.670555,30.678177,29.833883,28.835442,28.27467,24.118494,23.033865,20.604464,18.081615,16.323162,15.121255,16.595676,17.531412,19.688017,18.179453,22.19334,21.394741,25.759546
30,30.124405,29.7128,25.010159,25.550428,24.312485,19.672106,21.820042,17.985682,17.94126,17.537308,17.399542,19.075788,19.932068,19.672094,21.18011,16.119904,14.658962,12.598757,12.40111,12.394439,10.968899,14.964076,11.919208,16.767723,14.8435135,16.860823,11.88108,9.2315,5.3118024,7.2112007,0.0,8.219744,7.7954874,12.058394,13.0734825,15.990666,18.463778,18.374302,16.82857,12.82718,14.18123,9.97209,11.544498,11.446182,9.844361,14.300124,12.337394,17.155416,16.355513,20.70899,21.103617,24.659195,25.235659,29.284412,27.428514,29.337585,26.643995,27.87839,31.162699,32.641327,26.212269,30.071362,31.814232,31.882463,27.939056,31.227123,31.824797,28.212025,30.052902,26.225426,25.74015,25.686241,21.70753,23.032686,18.647375,23.241816,22.464598,25.88266,28.238798,25.887852,29.0321,26.209145,21.95573,21.753452,18.536146,23.448883,21.175016,24.906137,26.619104,28.43942,31.745707,32.866337,36.134872,35.795048,34.92081,34.644623,30.652163,29.60547,27.57879,24.821018,23.311796,21.995953,22.873089,23.975431,24.979872,23.839771,27.152323,25.778912,29.987823
31,29.002333,27.455708,23.427134,22.309996,21.08313,16.289635,17.246954,14.120526,12.128048,12.697097,10.584359,12.691329,12.231245,12.204821,14.782422,10.576255,10.776757,9.604808,12.187983,13.730767,14.173888,18.874016,17.758707,23.057177,21.42042,23.163763,18.96382,14.460968,12.251268,9.688975,8.219744,0.0,6.020339,5.1596956,9.000131,9.76128,12.010221,14.2409725,12.35616,9.039364,8.904675,8.21975,7.393894,11.49389,10.835807,16.240845,16.703592,20.590183,22.0316,26.239729,25.380375,29.582191,29.583435,33.72985,31.922277,32.75179,29.310188,30.530962,32.855915,33.650272,27.44267,30.261599,31.20537,30.723637,25.902157,28.646591,28.250982,24.362837,25.517,22.02082,22.00971,23.335386,19.209927,22.175688,18.68512,23.635153,24.073025,26.753439,30.15459,28.876305,31.526196,27.642508,23.9222,22.556368,19.128836,22.946154,19.31709,23.474478,24.131807,26.171638,28.68714,30.048296,32.898033,32.900597,32.82749,32.219692,29.284893,26.824894,26.355537,22.105875,21.361923,20.436415,19.657394,20.472471,19.662367,19.043966,21.240992,19.7711,23.691612
32,31.79736,30.666178,26.70228,26.199635,25.610529,20.499874,22.465174,19.812366,17.936127,18.694374,16.329664,17.933014,16.727129,15.306697,17.190613,11.898,12.993979,13.321147,13.273705,16.047668,14.456768,20.088491,17.597353,22.970266,22.088154,24.49887,19.650597,16.476084,13.078106,12.837016,7.7954874,6.020339,0.0,6.199605,5.4825487,8.738534,11.740311,12.21503,12.082056,8.450893,11.572608,9.934471,12.17865,14.62039,14.819874,19.799143,19.316816,23.909567,23.721933,28.260973,28.407408,32.210712,32.55802,36.706978,34.831272,36.32917,33.253544,34.35635,37.1726,38.102478,31.563755,34.70724,35.919823,35.296482,30.819902,33.478863,33.31482,29.772663,31.16905,27.71164,27.92241,28.962564,24.942516,27.512247,23.672352,28.559525,28.369139,31.290699,34.19776,32.263706,34.936398,31.568792,27.326038,26.697447,23.538553,27.855688,24.825897,29.015484,29.933434,31.913568,34.56126,35.795044,38.773228,38.799244,38.586426,38.054863,34.865402,32.652206,31.775938,27.761358,26.50229,25.149738,24.601103,25.87834,24.959568,24.925425,27.042866,25.661316,29.462124
33,29.554329,27.681854,24.300613,22.718246,22.235626,17.279366,18.528723,16.871912,13.915821,15.8001375,12.338678,14.598964,12.147555,11.349842,14.57738,10.744381,13.071939,13.481282,15.657565,18.300539,18.247532,23.51209,22.117416,27.542675,26.190487,28.059786,23.528692,19.459969,16.746866,14.828569,12.058394,5.1596956,6.199605,0.0,6.3276463,4.785684,6.91913,9.837198,8.810845,6.4324994,7.646836,9.252684,9.813152,14.219963,15.175452,20.134779,21.177492,25.111073,26.301264,30.770672,30.23677,34.482876,34.652756,38.7201,36.668777,37.40099,33.858276,34.80648,36.955776,37.329205,31.00486,33.36884,34.03648,33.00169,28.129276,30.306328,29.532995,26.037134,27.05159,23.97162,24.740387,26.491846,22.767159,26.188684,23.292635,28.265417,29.03362,31.582975,35.144047,33.990242,36.546215,32.546875,28.877993,27.408857,24.028666,27.519844,23.50517,27.529156,27.702925,29.556911,31.58871,32.801304,35.523376,35.91033,36.205112,35.61772,33.200054,30.336317,30.561872,25.8925,25.50466,24.681152,23.215322,23.959942,21.983387,21.819317,23.004665,21.285885,24.676552
34,35.151695,33.551613,30.086922,28.85929,28.457436,23.420202,24.782888,22.627619,19.763762,20.705282,17.135412,18.086502,15.605992,13.015182,14.62951,9.730012,12.759991,14.861746,14.653594,18.749756,17.220217,23.296213,21.363659,26.855837,26.661184,29.375286,24.812649,21.219881,18.272427,17.136187,13.0734825,9.000131,5.4825487,6.3276463,0.0,5.5359187,9.348256,11.305683,12.665175,10.311263,13.566652,13.931672,15.512498,19.10654,19.43168,24.616022,24.49195,28.889715,29.116158,33.57319,33.360397,37.22609,37.249035,41.536713,39.89847,41.196404,37.96591,39.17522,41.7177,42.499332,36.10322,38.897507,39.80165,38.959908,34.17576,36.510838,35.826004,32.234074,33.15593,30.005634,30.32797,32.08203,27.967857,31.129549,27.440012,32.277897,32.2083,34.70764,37.819218,36.09864,38.341053,34.737236,30.524954,29.772894,26.883797,30.756912,27.66625,32.157448,32.668247,34.875954,37.121395,38.555485,41.206078,41.2908,41.47331,40.659687,37.960888,34.98567,34.688786,30.006376,28.68501,27.223263,25.840515,27.346405,25.232553,26.261715,27.580132,26.552237,29.96876
35,32.419266,30.3557,27.500835,25.62723,25.606733,20.748663,21.960667,21.008646,17.56,19.715183,15.54679,17.291328,13.666597,11.792473,14.813571,11.510184,15.21575,16.882212,18.380806,21.926556,21.404936,27.111835,25.595352,31.10407,30.239902,32.404705,27.76805,23.886976,21.00312,19.323555,15.990666,9.76128,8.738534,4.785684,5.5359187,0.0,3.942313,8.014557,9.105896,8.321204,10.668699,13.130366,14.268116,18.576504,19.939995,24.790154,25.845324,29.864376,30.806396,35.37118,34.98003,39.180397,39.328228,43.441624,41.414753,42.183422,38.632103,39.534504,41.62335,41.85128,35.52106,37.671833,38.18138,36.874157,31.986555,33.804268,32.73835,29.4727,30.2538,27.505512,28.55339,30.64933,27.037508,30.698269,27.919521,32.848076,33.601295,35.99088,39.57344,38.402245,40.76059,36.738087,32.98651,31.595797,28.398441,31.732386,27.758766,31.870117,31.805006,33.689255,35.420944,36.64714,39.182846,39.70779,40.254223,39.56313,37.463543,34.22332,34.79278,29.806118,29.36563,28.434498,26.50704,27.421614,24.61338,25.184425,25.68566,24.132795,27.06747
36,30.441622,28.151472,25.837402,23.668085,24.122744,19.46425,20.8661,21.005344,17.437346,20.533669,16.336535,18.714745,14.651886,13.576542,17.219076,14.782414,18.47192,19.716223,21.879862,25.014,24.84179,30.319632,28.814083,34.263317,32.96675,34.7674,30.00591,26.249855,23.271732,21.66937,18.463778,12.010221,11.740311,6.91913,9.348256,3.942313,0.0,6.185706,7.0224404,8.064392,9.704618,13.385705,14.601292,18.823828,21.085938,25.433155,27.2037,30.991234,32.146355,36.796917,36.505745,40.846043,41.208714,45.13016,42.75395,43.248936,39.562595,40.1611,42.00041,41.811886,35.502094,37.20636,37.483063,35.78596,30.996113,32.373013,31.137203,28.305544,29.121004,26.71122,28.410265,30.54881,27.457787,31.281782,29.185078,34.127293,35.385483,37.79395,41.587605,40.687515,43.201626,39.02372,35.5456,33.842724,30.441256,33.503273,29.003912,32.699535,32.298954,33.825596,35.21784,36.17671,38.69578,39.592358,40.32786,39.826126,38.085262,34.87339,35.938652,30.951096,31.12618,30.554342,28.46548,28.948118,25.916616,25.95213,25.951115,23.896254,26.413897
