,0,1,2,3,4,5,6,7,8,9,10,11,12,13,14,15,16,17,18,19,20,21,22,23,24,25,26,27,28,29,30,31,32,33,34,35,36,37,38,39,40,41,42,43,44,45,46,47,48,49,50,51,52,53,54,55,56,57,58,59,60,61,62,63,64,65,66,67,68,69,70,71,72,73,74,75,76,77,78,79,80,81,82,83,84,85,86,87,88,89,90,91,92,93,94,95,96,97,98,99,100,101,102,103,104,105,106,107,108
0,0.0,4.61944,6.879063,9.138053,12.204247,14.225124,17.098413,20.303562,22.600971,26.747778,28.153643,31.335842,30.435972,28.586102,24.609306,22.254026,17.229057,15.729761,11.184716,10.462047,7.340226,7.357071,8.420609,8.522298,11.493497,12.837694,16.103296,14.445053,18.995802,16.109066,22.946888,24.34806,28.303661,30.021713,33.2888,35.46713,38.924107,40.265167,36.13794,32.904312,32.508995,28.446632,25.97549,24.573095,21.95373,22.468466,20.159487,24.458723,25.552233,27.978298,30.065886,31.091143,30.507784,32.724194,27.777283,24.394855,23.458199,20.30293,22.49531,21.730106,19.938747,25.381624,27.817114,29.087528,33.943726,33.192204,37.936134,37.603638,40.914745,37.71594,34.41476,37.88109,34.58257,38.54292,35.420063,38.17485,38.451435,36.01195,34.25674,34.744934,31.978388,29.05809,27.513678,23.649221,23.83927,19.189358,21.812695,16.689112,18.941334,18.628788,19.904684,23.590286,26.088196,28.900972,28.864897,26.697845,27.539341,31.662949,31.166874,28.779812,30.34173,29.485395,28.819622,28.911713,27.543854,26.286133,29.247902,27.290874,30.928272
1,4.61944,0.0,5.2763743,6.532551,8.955413,12.019707,14.735216,18.202744,20.83287,24.818674,26.778816,30.10117,29.128147,27.901062,23.145113,21.323576,16.341244,14.465045,11.109597,9.452376,8.082937,5.969201,9.964557,8.444051,13.316331,14.1134615,15.943738,13.895855,18.464127,14.787278,22.01355,22.422796,27.078884,27.883131,31.598211,33.31797,37.118004,38.43613,34.568764,31.682154,30.531767,27.166548,24.052103,23.152916,19.805134,20.952446,18.625069,22.993668,23.687702,25.66407,27.44974,28.067842,27.388947,29.304012,24.34933,20.64652,20.302546,17.069147,19.2836,19.380865,17.668392,23.519812,25.796217,27.68092,32.087826,32.094574,36.878666,36.61514,40.16367,37.271667,34.133083,37.875946,34.485725,38.676987,35.465385,38.56898,38.85526,36.494846,34.698048,34.772594,32.339355,29.766703,27.572195,24.046703,24.215933,19.779264,22.45666,17.780659,19.58813,19.72149,20.458538,24.191965,26.338575,28.621943,28.546957,26.116884,26.389242,30.786295,30.601809,27.594164,28.629606,27.38609,26.449,26.939425,25.002508,24.77124,27.47288,26.093267,29.791458
2,6.879063,5.2763743,0.0,4.745666,6.9148703,8.074502,11.6223,14.09925,17.38579,20.940372,23.035255,26.095472,24.757208,23.39895,18.421736,17.316713,11.926968,11.351974,7.0792327,8.58102,7.9862766,8.924504,12.822357,13.02151,17.22731,16.99856,18.548042,15.374855,19.241861,14.581086,21.361423,20.443335,24.465204,25.751223,28.805017,31.053354,34.54492,36.29317,32.551468,29.834442,29.365782,26.279425,23.647953,23.925928,20.452898,22.898064,21.605858,25.962452,27.09161,28.803225,30.231382,30.3409,28.915554,30.351427,24.946167,21.205975,21.808931,19.142164,22.30663,22.356798,19.974777,25.539497,27.049362,28.777613,32.74386,32.357067,37.018726,36.135315,39.881275,37.412254,33.856064,37.06963,33.23788,37.131115,33.449318,36.337627,36.17878,33.548363,31.346786,31.118855,28.45701,26.089249,24.378973,20.982183,22.022295,17.401459,21.45183,17.713758,20.358145,21.327135,22.78022,26.120268,27.50128,30.444809,29.47227,26.740326,27.596233,31.398298,30.613506,27.286106,28.984459,28.47701,26.580078,26.570742,23.83122,23.29231,25.34921,23.44006,26.748434
3,9.138053,6.532551,4.745666,0.0,3.28987,6.005288,8.255721,12.050172,14.311134,18.395643,20.310053,23.6916,22.875214,21.879246,17.347178,15.096599,10.503261,8.182143,6.580127,4.9721026,6.5610857,6.8385887,11.741014,12.177352,16.686115,15.233281,15.461174,11.796473,15.309663,10.252451,17.144676,16.257818,20.823874,21.648445,25.166874,27.044312,30.749899,32.245045,28.4811,25.789715,24.88335,21.915668,19.011118,19.447826,15.783194,18.67619,17.900753,22.152328,23.438654,24.907133,26.120249,26.052217,24.399137,25.852577,20.410883,16.886736,17.3315,14.934986,18.602877,18.469612,15.786335,21.197718,22.448093,24.301012,28.07527,27.917332,32.580296,31.788002,35.599655,33.255325,29.841827,33.28582,29.529844,33.640972,30.110048,33.318108,33.412685,31.037855,29.13281,28.874552,26.717224,24.479624,21.843674,18.69041,19.152473,14.967803,18.39335,15.074671,17.226973,18.660755,19.853273,22.989208,23.922804,26.620522,25.47367,22.603392,23.246489,27.06645,26.441916,22.866667,24.350925,23.82562,21.84114,21.919174,19.306759,19.010275,21.278473,19.835945,23.429743
4,12.204247,8.955413,6.9148703,3.28987,0.0,4.5731907,6.238681,10.031488,12.6581,16.36703,18.807978,22.194216,21.274136,20.863882,15.758832,14.217505,10.069931,7.867441,8.163403,6.9343433,9.577233,9.331786,14.612108,14.620228,19.46365,17.768646,17.165804,13.30555,16.234499,10.678157,17.11973,14.814388,19.740217,19.810278,23.503605,25.093758,28.981182,30.562605,27.10015,24.810133,23.461836,21.286293,18.061235,19.368305,15.203804,18.983036,18.614197,22.680992,23.785479,24.7838,25.60104,25.026707,23.026804,24.01364,18.461887,14.723065,16.14771,14.116423,18.05477,18.547182,15.82419,21.13345,21.919327,24.153933,27.317945,27.645754,32.20855,31.29864,35.293705,33.344067,30.006992,33.447758,29.579685,33.71024,30.059149,33.42496,33.419827,31.093086,29.108807,28.450008,26.581905,24.744806,21.758497,19.084518,19.71162,15.95697,19.511587,16.97292,18.863773,20.676758,21.645502,24.581188,25.052341,27.469397,26.074125,23.017761,23.375576,27.099848,26.555557,22.479733,23.696314,23.127901,20.599005,20.845444,17.45333,18.062607,19.800497,18.798101,22.244486
5,14.225124,12.019707,8.074502,6.005288,4.5731907,0.0,4.0796437,6.195625,9.662729,12.964765,15.434399,18.555466,17.289087,16.64567,11.429655,10.418856,5.8512387,5.6283746,6.1634045,8.309389,10.908234,12.6378765,17.092825,18.134382,22.356102,20.266504,19.889883,15.559766,17.727222,11.960237,17.272072,13.799819,17.64777,18.533941,21.295824,23.597332,27.021101,29.047293,25.672012,23.501505,23.124352,21.102587,18.710678,20.950556,17.159506,21.606544,21.986065,25.922188,27.42934,28.381308,29.02764,28.225119,25.719341,26.36795,20.66639,17.29952,19.181738,17.742256,22.071148,22.207949,19.12666,23.850286,24.02221,25.842999,28.656694,28.382893,32.72841,31.222277,35.288757,33.689716,29.978113,32.798977,28.574099,32.31625,28.254808,31.323044,30.882484,28.298847,25.935247,25.01565,22.913368,21.287294,18.828497,16.347988,17.892773,14.132651,18.912958,17.36045,19.93948,22.261494,23.858158,26.411877,26.326498,29.371008,27.252382,24.081009,25.108824,28.11547,26.941715,22.828346,24.810305,25.069567,21.831444,21.425955,17.508997,17.403097,18.418732,16.665829,19.625084
6,17.098413,14.735216,11.6223,8.255721,6.238681,4.0796437,0.0,5.0028834,6.4345636,10.324766,12.597198,16.025814,15.367586,15.245085,10.929393,8.610489,6.31741,4.329039,8.591077,8.8377285,12.427358,13.893648,18.25921,19.524027,23.6024,20.719368,19.310272,14.783651,15.950471,10.1348715,14.349535,9.867395,14.118477,14.50271,17.579123,19.62343,23.203856,25.10417,21.781372,19.778606,19.138514,17.555689,15.147611,18.170477,14.371741,19.566538,20.7555,24.319286,26.000156,26.607323,26.911444,25.79432,22.872972,23.306076,17.606674,14.7357435,16.804062,16.08799,20.80832,20.771643,17.472174,21.534405,21.093939,22.925386,25.218094,25.079905,29.279068,27.660015,31.823618,30.549332,26.927597,29.754477,25.52583,29.340193,25.336452,28.651236,28.344679,26.003819,23.884201,22.812145,21.305145,19.99045,16.65001,14.745752,15.893306,12.998219,17.215704,16.675016,18.783136,21.5889,23.024364,25.144257,24.405643,27.267881,24.76149,21.467308,22.421831,25.093363,23.907888,19.471,21.40961,21.956533,18.261642,17.728168,13.519088,13.695506,14.488957,13.189745,16.28735
7,20.303562,18.202744,14.09925,12.050172,10.031488,6.195625,5.0028834,0.0,5.610851,7.080142,10.361458,13.114885,11.514639,11.7974,6.1245265,6.9270806,5.620181,7.456947,10.588465,13.173879,16.247913,18.345743,22.551105,23.964499,27.978455,25.23909,24.132187,19.53421,20.379774,14.746642,17.809515,11.876503,14.484094,15.150417,16.901503,19.506924,22.534567,25.051847,22.25744,20.843904,20.946648,20.190355,18.488241,22.346508,18.767508,24.289421,25.721128,29.194357,30.890825,31.32984,31.414307,29.961094,26.713236,26.580341,21.000128,18.26915,21.144995,20.730705,25.426262,25.647917,22.355873,26.134756,25.245054,26.948486,28.631418,28.315605,32.15919,30.002228,34.218346,33.473637,29.660374,31.823008,27.310064,30.597088,26.183104,29.11824,28.21113,25.611313,22.960812,21.241827,19.599834,18.927855,16.39721,15.190103,17.48706,14.946019,20.105923,20.368954,22.889112,25.88692,27.63245,29.553362,28.472073,31.605865,28.65207,25.33492,26.589956,28.672527,27.075788,22.58497,24.874638,25.90204,21.613579,20.73826,15.784951,15.987412,15.396656,13.634452,15.59203
8,22.600971,20.83287,17.38579,14.311134,12.6581,9.662729,6.4345636,5.610851,0.0,5.0780196,6.20939,9.777627,9.861188,10.132697,8.47002,4.4597235,7.3691735,7.1019425,12.451037,13.481823,16.982231,19.346216,22.842842,24.95266,28.324705,24.65452,22.760963,18.139702,17.64461,12.7719,13.618854,7.0762105,8.878202,10.22244,11.792481,14.726296,17.60684,19.94973,16.840425,15.26985,15.951422,15.173133,14.317253,18.80655,16.004168,21.80805,24.233072,27.184973,29.33484,29.645521,29.535374,28.054781,24.471111,24.417238,19.087156,17.45847,19.63911,20.00709,24.973894,24.41167,20.877745,23.510595,21.946012,23.117373,24.388578,23.579895,27.144548,24.70231,28.89739,28.432728,24.586153,26.50103,21.96452,25.205093,20.843111,23.964487,23.257223,20.944288,18.703402,17.087076,16.184422,15.692222,11.981229,11.544237,13.311876,12.113428,16.463778,18.141045,20.255848,23.742668,25.545008,26.784002,24.905699,28.125948,24.59203,21.2952,22.899767,24.207457,22.292171,17.841967,20.59387,22.400326,17.828476,16.310911,11.795478,10.920381,10.040716,8.038541,10.263121
9,26.747778,24.818674,20.940372,18.395643,16.36703,12.964765,10.324766,7.080142,5.0780196,0.0,4.6473336,6.8229628,5.9656506,8.182149,6.546366,6.8149366,10.427903,11.801256,16.343706,18.278639,21.662916,23.993608,27.728418,29.63951,33.22633,29.69441,27.787907,23.183302,22.560741,17.778124,18.006693,10.568235,10.663827,11.164383,11.088409,14.13193,16.388895,19.373276,17.29289,16.856375,17.759241,18.426886,17.921328,23.08987,20.281397,26.365175,28.925875,31.729578,33.72749,33.71553,33.27725,31.347748,27.467869,26.7232,21.70437,20.221338,23.2977,23.97296,28.856401,28.763716,25.344742,27.761791,25.767954,27.047203,27.456987,26.899065,29.968122,27.133595,31.328009,31.567377,27.809757,29.142012,24.546864,27.203558,22.66339,25.426222,24.169207,21.837975,19.243109,16.701775,16.198399,16.795542,13.850108,14.558501,16.974554,16.367744,20.885784,23.04933,25.198692,28.756622,30.561827,31.663832,29.497934,32.61113,28.830616,25.56776,27.086233,27.931105,25.901846,21.369265,23.974537,25.969027,20.912424,19.386335,14.169716,14.232037,11.684307,10.189646,10.425137
10,28.153643,26.778816,23.035255,20.310053,18.807978,15.434399,12.597198,10.361458,6.20939,4.6473336,0.0,3.738976,5.4919276,6.500078,9.30929,6.3380656,11.672239,12.606196,17.392555,19.078688,22.290564,25.17982,28.124325,30.725262,33.623333,29.5987,27.605772,23.091515,21.677065,17.75665,16.378523,9.899255,7.3728123,9.993866,8.260498,12.4776535,13.796587,16.809925,14.353686,13.635316,16.057705,16.247517,17.020151,22.144867,20.279716,26.080364,29.174284,31.681316,34.101448,34.228054,33.844616,32.140526,28.205761,27.749432,22.982693,22.193258,24.405857,25.348196,30.32217,29.479074,25.910683,27.55935,25.277851,25.835737,26.178127,24.738735,27.46361,24.24026,28.241186,28.641523,24.712254,25.437777,20.772549,23.026352,18.373335,20.919828,19.549175,17.253595,14.764359,12.240965,12.191393,13.074698,9.831428,11.49985,13.90995,14.422626,18.500422,21.711658,23.825535,27.597769,29.67398,30.24935,27.597576,31.055408,26.818405,23.735981,25.837637,25.886703,23.352385,19.3392,22.64267,25.394073,20.457901,18.240036,14.134802,12.413805,9.653062,7.044468,6.2850285
11,31.335842,30.10117,26.095472,23.6916,22.194216,18.555466,16.025814,13.114885,9.777627,6.8229628,3.738976,0.0,3.7769,5.6020803,10.380225,9.133186,14.412977,16.038906,20.347097,22.585634,25.624529,28.736567,31.568918,34.29168,37.090755,33.06892,31.191597,26.69525,25.149826,21.419153,19.644281,13.384969,9.826681,12.418879,9.084337,13.48224,13.619523,17.031416,15.3239,15.260966,18.311625,18.99269,20.252546,25.494452,23.856232,29.633272,32.84597,35.262794,37.726864,37.786568,37.302387,35.479523,31.433502,30.743265,26.199965,25.562271,27.9588,29.013988,33.97427,33.1586,29.598482,31.043009,28.564812,28.950165,28.91063,27.285519,29.579123,26.038239,29.850918,30.683819,26.776934,26.845432,22.231289,23.791622,19.091702,21.054121,19.153084,16.842989,14.093537,10.858266,11.224321,13.113111,11.022385,13.455079,16.235617,17.156694,21.266294,24.844685,27.060673,30.86409,33.074722,33.472515,30.621119,34.177235,29.73232,26.772846,29.027548,28.626907,25.878134,22.143543,25.552807,28.5623,23.534409,21.178795,17.189886,15.475277,12.19563,9.778284,7.3964806
12,30.435972,29.128147,24.757208,22.875214,21.274136,17.289087,15.367586,11.514639,9.861188,5.9656506,5.4919276,3.7769,0.0,4.2917457,7.426285,8.860558,13.230622,15.831475,19.419989,22.49794,25.385683,28.517492,31.676317,34.14642,37.255642,33.648987,32.167404,27.543116,26.63671,22.301407,21.698694,15.09629,12.739713,14.836055,12.356181,16.350672,16.921644,20.39473,18.795881,18.659529,21.157595,21.729912,22.369684,27.48903,25.315443,31.17907,33.954685,36.70743,38.981964,39.113132,38.723045,36.87181,32.912136,32.147285,27.3272,26.107563,28.94591,29.650703,34.588226,34.1537,30.6211,32.72035,30.556597,31.27935,31.535883,30.19639,32.78259,29.408184,33.314804,33.919437,29.946646,30.26235,25.584606,27.291729,22.519339,24.39903,22.378414,19.801996,16.68826,13.5177,12.939392,14.562789,13.324394,14.960749,18.251348,18.23112,23.127174,26.007723,28.556564,32.206154,34.46473,35.25501,32.80988,36.421078,32.22201,29.14379,31.262897,31.371735,28.768536,24.829409,28.068745,30.683039,25.63398,23.58978,19.021736,17.890734,14.903868,12.4744625,10.87452
13,28.586102,27.901062,23.39895,21.879246,20.863882,16.64567,15.245085,11.7974,10.132697,8.182149,6.500078,5.6020803,4.2917457,0.0,7.661177,7.2655144,11.564675,14.6036415,17.407032,21.073296,23.46843,27.232489,29.781223,32.738132,35.347504,31.768873,30.820555,26.234776,25.436438,21.35714,20.893425,15.584282,12.808882,16.46984,14.064996,18.601112,19.003654,22.259699,19.965933,18.997469,22.294762,21.660149,22.707685,27.17631,25.36049,30.762127,33.40007,36.306538,38.8204,39.342896,39.289127,37.85501,34.114124,33.849403,28.816122,27.47118,29.6525,30.031107,35.005203,34.09515,30.456617,32.66978,30.842955,31.170511,32.10867,30.081282,32.82774,29.44982,33.18663,33.341003,29.097082,29.22928,24.487854,26.066332,21.181896,22.714882,20.580763,17.61729,14.176333,11.535399,9.791232,10.929728,10.802225,11.999816,15.851585,15.564928,20.905909,23.734617,26.676468,30.221321,32.837868,33.61291,31.357555,35.440174,31.245964,28.285946,30.875008,30.963432,28.071615,24.629051,28.381044,31.152212,26.498652,24.204748,20.367344,17.990873,15.875533,12.368021,11.210317
14,24.609306,23.145113,18.421736,17.347178,15.758832,11.429655,10.929393,6.1245265,8.47002,6.546366,9.30929,10.380225,7.426285,7.661177,0.0,7.3592935,8.215493,12.042443,14.134231,18.224588,20.76816,23.696188,27.36118,29.272366,32.876583,30.0945,29.342316,24.676935,25.098522,19.852114,21.727388,15.492617,15.78057,17.422953,17.197239,20.62795,22.541048,25.656286,23.376198,22.428278,23.793646,23.429316,22.774363,27.091082,24.03254,29.638676,31.40657,34.78246,36.700577,37.139652,37.131504,35.551365,32.048485,31.619774,26.232721,23.873533,26.902006,26.731724,31.488085,31.540539,28.141558,31.51486,30.24621,31.533434,32.806934,31.926235,35.327618,32.571884,36.67445,36.406258,32.35349,33.613758,28.895359,31.402163,26.647749,28.906113,27.28055,24.404129,21.191229,18.874548,16.984137,17.119328,16.042208,15.698566,19.095053,17.139532,22.940716,24.0928,27.038187,30.222134,32.4093,34.01401,32.554985,36.14291,32.67591,29.436058,31.219936,32.552788,30.39705,26.187187,29.056572,30.746407,26.110327,24.708992,19.738895,19.222124,17.58196,15.087992,15.505294
15,22.254026,21.323576,17.316713,15.096599,14.217505,10.418856,8.610489,6.9270806,4.4597235,6.8149366,6.3380656,9.133186,8.860558,7.2655144,7.3592935,0.0,5.626742,7.4057927,11.243024,13.944057,16.680916,20.13775,22.89565,25.67494,28.474297,24.881533,23.796078,19.154955,18.783579,14.264286,15.041074,10.263864,10.01645,13.432009,13.578517,17.461573,19.439129,22.001625,18.696413,16.71613,18.82369,17.116863,17.188932,21.036772,18.824657,24.04982,26.34182,29.460653,31.88697,32.596893,32.79318,31.66983,28.259502,28.514454,23.16864,21.487162,23.14022,23.16675,28.109604,27.095585,23.462793,26.14855,24.843266,25.456875,27.210125,25.515144,28.999004,26.29222,30.251055,29.589315,25.390474,26.724401,22.03392,24.805208,20.172268,22.704062,21.595413,18.83832,16.124666,14.724789,12.915973,12.095637,9.623118,8.7703495,11.784747,10.194017,15.70033,17.550373,20.385315,23.821226,26.201216,27.373755,25.606813,29.499685,25.804398,22.675825,24.966265,25.959545,23.531878,19.765182,23.235016,25.416573,21.190533,19.258938,15.610016,13.184588,12.618424,9.11622,10.685546
16,17.229057,16.341244,11.926968,10.503261,10.069931,5.8512387,6.31741,5.620181,7.3691735,10.427903,11.672239,14.412977,13.230622,11.564675,8.215493,5.626742,0.0,4.9496307,6.227868,10.487892,12.689037,16.190798,19.30537,21.684536,24.847654,22.069609,21.856495,17.27625,18.354998,13.166853,16.548485,12.957194,14.715408,17.325079,18.648771,21.983284,24.553251,26.914154,23.435595,21.133873,22.336555,20.002539,19.017029,21.785831,18.935421,23.579447,24.823181,28.497274,30.610357,31.668398,32.26373,31.47975,28.584604,29.194532,23.549295,20.96149,22.512535,21.64695,26.318216,25.629059,22.179947,25.99785,25.59885,26.621052,29.239279,27.915545,31.918541,29.771523,33.723194,32.39213,28.268564,30.244913,25.739285,28.914532,24.511179,27.100052,26.23655,23.389864,20.70891,19.788832,17.33017,15.729797,14.011158,11.6604805,14.272037,10.777041,16.707836,16.558767,19.770947,22.602787,24.926321,26.859953,26.107075,29.929253,27.010527,23.889977,25.84698,27.85901,25.883993,22.15904,25.174835,26.500942,22.875576,21.566095,17.947105,16.188793,16.699327,13.709786,16.048944
17,15.729761,14.465045,11.351974,8.182143,7.867441,5.6283746,4.329039,7.456947,7.1019425,11.801256,12.606196,16.038906,15.831475,14.6036415,12.042443,7.4057927,4.9496307,0.0,6.1394176,6.6680503,9.903166,12.777156,15.998711,18.35901,21.547497,18.256784,17.323898,12.668242,13.638869,8.251985,12.299094,9.898394,13.132421,15.206926,17.742495,20.417055,23.529934,25.31011,21.465519,18.771885,19.19616,16.313267,14.784413,17.022833,14.121671,18.631601,19.984037,23.57741,25.756184,26.834558,27.490742,26.896214,24.166437,25.162935,19.57608,17.206528,17.998062,17.157259,21.884695,20.847212,17.332897,21.070616,20.83918,21.926153,24.87301,23.754038,28.006386,26.304209,30.253052,28.59273,24.69229,27.316269,23.075937,26.803757,22.825123,25.927805,25.71216,23.276548,21.264029,20.79351,18.92874,17.020842,13.92035,11.278385,12.336425,8.866065,13.519646,12.965233,15.613765,18.517834,20.499922,22.45556,21.744854,25.256216,22.580217,19.420198,21.103394,23.50099,21.897305,18.100285,20.803394,21.843601,18.626656,17.532465,14.5970745,12.795741,14.42259,12.100038,15.475197
18,11.184716,11.109597,7.0792327,6.580127,8.163403,6.1634045,8.591077,10.588465,12.451037,16.343706,17.392555,20.347097,19.419989,17.407032,14.134231,11.243024,6.227868,6.1394176,0.0,6.5604863,7.148397,11.213354,13.816867,16.28893,19.208036,17.131529,18.071247,13.96352,16.41846,11.675004,16.979925,16.008942,18.745735,21.32124,23.49282,26.459648,29.35733,31.260136,27.337187,24.420956,25.180481,21.720785,20.235344,21.253267,18.51375,21.748627,21.914713,25.963663,27.959352,29.608492,30.800846,30.73397,28.604557,29.957523,24.367685,21.421583,21.858915,20.089973,24.219498,23.225086,20.067675,24.584635,25.251202,26.227205,29.945532,28.564646,32.967987,31.473206,35.185585,33.00043,29.026611,31.580622,27.473906,31.004366,27.0755,29.702665,29.335014,26.597288,24.3237,24.228598,21.481424,19.021221,17.504066,14.042874,15.572823,10.915265,16.041965,13.702368,17.11099,19.077831,21.392685,23.946499,24.310831,28.113138,26.086065,23.238102,25.050257,27.865026,26.293547,23.148212,25.868818,26.512863,24.009949,23.108046,20.577192,18.58091,20.455671,17.694784,20.773636
19,10.462047,9.452376,8.58102,4.9721026,6.9343433,8.309389,8.8377285,13.173879,13.481823,18.278639,19.078688,22.585634,22.49794,21.073296,18.224588,13.944057,10.487892,6.6680503,6.5604863,0.0,4.1085463,6.303225,9.508723,11.750775,14.983253,12.111352,11.929263,7.734998,10.836744,6.2339296,12.999808,13.999892,18.130135,19.745312,23.156338,25.192747,28.648731,29.843126,25.69843,22.529924,22.144053,18.247288,15.941435,15.735983,12.943131,15.42886,15.355976,19.42782,21.412008,23.149523,24.499706,24.77472,23.057636,24.963575,19.667664,17.012074,16.219015,14.24159,18.233292,16.771433,13.645908,18.312859,19.487326,20.651306,24.84495,23.939335,28.602724,27.826857,31.445831,28.845116,25.343412,28.76791,25.165207,29.310057,26.037376,29.238054,29.634523,27.454428,25.95549,26.19887,24.216724,21.6745,18.704271,15.335996,15.016653,10.980606,13.5780945,10.171519,12.393111,14.170676,15.759878,18.57081,19.258272,22.40096,20.99641,18.210142,19.389112,22.916927,22.05888,18.972666,20.947691,20.925858,19.291265,18.908033,17.467766,15.840804,18.852419,17.15477,21.028763
20,7.340226,8.082937,7.9862766,6.5610857,9.577233,10.908234,12.427358,16.247913,16.982231,21.662916,22.290564,25.624529,25.385683,23.46843,20.76816,16.680916,12.689037,9.903166,7.148397,4.1085463,0.0,5.397704,6.691735,9.761862,12.176421,10.127143,11.832048,8.676621,12.502594,9.418036,15.816568,17.837643,21.452082,23.611444,26.739481,29.018185,32.27348,33.460552,29.171993,25.762302,25.776264,21.370232,19.41014,18.300352,16.107195,17.323654,16.449394,20.61414,22.571287,24.809341,26.591537,27.377352,26.141243,28.370413,23.2657,20.567291,19.270208,16.86289,20.196318,18.437387,15.7287655,20.449186,22.212067,23.02833,27.754995,26.460484,31.128345,30.516676,33.864883,30.848381,27.345985,30.677704,27.275457,31.263649,28.152193,31.038113,31.460192,29.191587,27.703745,28.325941,25.940144,23.019127,20.80636,17.00923,16.720526,12.285174,14.676816,10.035207,12.649063,13.478868,15.366771,18.51033,20.034153,23.403307,22.504585,20.104116,21.495115,25.099697,24.21863,21.818705,23.913229,23.787512,22.768322,22.35259,21.432997,19.323683,22.534615,20.463844,24.236227
21,7.357071,5.969201,8.924504,6.8385887,9.331786,12.6378765,13.893648,18.345743,19.346216,23.993608,25.17982,28.736567,28.517492,27.232489,23.696188,20.13775,16.190798,12.777156,11.213354,6.303225,5.397704,0.0,5.798469,5.6612854,10.173317,9.121843,10.061383,8.050753,12.783222,10.078534,17.145058,19.200003,23.918936,24.813028,28.804522,30.277058,34.059227,34.929718,30.82129,27.643957,26.403244,22.471626,19.4681,17.684032,14.911663,15.312798,13.199138,17.571018,18.795755,21.009958,22.944637,23.913292,23.296799,25.723583,20.98221,18.01728,16.332474,13.264392,15.783701,14.622829,12.601887,18.110804,20.561846,22.094154,26.867926,26.626505,31.423756,31.437542,34.790543,31.660242,28.714102,32.705658,29.651554,34.008778,31.233753,34.50368,35.22928,33.221275,31.950302,32.394894,30.387255,27.677885,24.797165,21.312845,20.501173,16.586145,17.830015,12.932993,14.028698,14.146899,14.668127,18.345804,20.46515,22.656652,22.699678,20.408463,20.669613,25.12312,25.109095,22.48004,23.44417,22.242256,21.893127,22.317635,21.514778,20.718197,24.110495,22.996798,27.011187
22,8.420609,9.964557,12.822357,11.741014,14.612108,17.092825,18.25921,22.551105,22.842842,27.728418,28.124325,31.568918,31.676317,29.781223,27.36118,22.89565,19.30537,15.998711,13.816867,9.508723,6.691735,5.798469,0.0,5.29766,5.5873322,4.437633,8.343414,8.20617,12.661506,12.298926,18.160671,22.196753,26.077236,27.891113,31.498655,33.254093,36.64638,37.286568,32.859016,29.215128,28.695503,23.793802,21.64497,18.592793,17.288769,15.969179,13.64535,17.577658,19.301495,22.2208,24.658375,26.398066,26.221025,29.18627,24.862263,22.564962,19.782122,16.941187,18.86644,16.3769,14.688257,19.112993,22.01012,22.568314,28.054348,26.886225,31.559593,31.804876,34.6506,30.927729,28.05336,31.90142,29.303246,33.455284,31.152063,34.067673,35.06852,33.2008,32.29632,33.41066,31.252733,28.106249,25.6941,21.901535,20.540783,16.80193,16.830078,10.971229,11.891463,10.681625,11.608572,15.379882,18.416481,21.009092,21.570883,19.930918,20.75046,24.92044,24.780874,23.340767,24.696033,23.79777,24.32983,24.380165,24.836945,22.796217,26.720764,25.183292,29.189285
23,8.522298,8.444051,13.02151,12.177352,14.620228,18.134382,19.524027,23.964499,24.95266,29.63951,30.725262,34.29168,34.14642,32.738132,29.272366,25.67494,21.684536,18.35901,16.28893,11.750775,9.761862,5.6612854,5.29766,0.0,5.901478,7.7058053,10.157753,10.739621,15.51556,14.603032,21.085783,24.27395,28.988493,29.807808,33.977715,35.21485,39.039795,39.621918,35.440903,32.118168,30.638288,26.418213,23.38979,20.350836,18.268652,16.727276,13.181642,17.203413,17.872389,20.648952,23.16555,24.938038,25.317125,28.23096,24.200224,21.477446,18.874134,15.462304,16.332813,14.957854,14.179161,19.358894,22.70732,24.07568,29.317753,29.201866,33.943504,34.54998,37.516235,33.892574,31.39483,35.64722,33.123413,37.50989,35.2181,38.411446,39.434555,37.595146,36.593586,37.368595,35.325905,32.394936,29.660889,26.041845,24.79785,21.060055,21.255001,15.665052,15.932745,14.589375,14.273012,18.304026,21.587385,23.088293,24.318787,22.652075,22.477783,27.277084,27.769997,25.865433,26.319693,24.510996,25.302065,26.054785,26.0828,25.295334,29.044313,28.105661,32.200706
24,11.493497,13.316331,17.22731,16.686115,19.46365,22.356102,23.6024,27.978455,28.324705,33.22633,33.623333,37.090755,37.255642,35.347504,32.876583,28.474297,24.847654,21.547497,19.208036,14.983253,12.176421,10.173317,5.5873322,5.901478,0.0,5.452932,10.118539,12.221902,16.292881,17.145235,22.495075,27.221756,31.200888,32.796238,36.612896,38.092224,41.552147,41.920277,37.48011,33.77942,32.949512,27.946613,25.709791,21.709812,20.920279,18.076292,14.664886,17.961697,19.135662,22.474606,25.365192,27.784157,28.469082,31.807446,28.12435,26.0152,22.581463,19.538351,20.135841,17.543598,16.961031,20.904615,24.498453,24.931498,30.70026,29.727701,34.26459,35.08409,37.532066,33.404102,31.046759,35.10476,33.06703,37.203026,35.39829,38.2384,39.518948,37.851162,37.21214,38.568703,36.448235,33.189075,30.850332,27.064548,25.36179,21.934444,21.061716,15.114304,15.041573,12.464074,12.298504,16.120201,20.21313,21.947124,23.693275,22.706276,23.027544,27.420916,27.804638,27.00795,27.807497,26.347559,27.854153,28.23939,29.326916,27.47739,31.633224,30.352392,34.41018
25,12.837694,14.1134615,16.99856,15.233281,17.768646,20.266504,20.719368,25.23909,24.65452,29.69441,29.5987,33.06892,33.648987,31.768873,30.0945,24.881533,22.069609,18.256784,17.131529,12.111352,10.127143,9.121843,4.437633,7.7058053,5.452932,0.0,5.516544,7.566005,11.075634,12.803098,17.35156,22.807817,26.470358,28.266281,31.958168,33.42693,36.711323,36.933292,32.424118,28.62732,28.034695,22.766294,20.920267,16.792265,16.571398,13.801685,11.509619,14.810392,16.912056,20.129597,22.776564,24.999758,25.169363,28.530743,24.774134,23.196018,19.450748,16.982634,18.46488,14.980073,13.632344,16.931545,20.124502,20.127579,25.951015,24.531563,29.057796,29.732458,32.18997,28.119383,25.63144,29.677488,27.639446,31.817108,30.110195,33.039783,34.46348,32.97308,32.57826,34.025967,32.22777,29.042694,26.293697,22.706804,20.527746,17.606606,15.927281,10.152584,9.61647,7.277827,7.5784473,11.414229,15.05632,17.334154,18.510817,17.413204,18.147257,22.259817,22.425764,21.765871,22.889406,21.939535,23.339832,23.389765,24.977585,22.581547,26.916298,25.67982,29.74156
26,16.103296,15.943738,18.548042,15.461174,17.165804,19.889883,19.310272,24.132187,22.760963,27.787907,27.605772,31.191597,32.167404,30.820555,29.342316,23.796078,21.856495,17.323898,18.071247,11.929263,11.832048,10.061383,8.343414,10.157753,10.118539,5.516544,0.0,4.6823974,7.101514,10.025774,13.692114,19.549711,23.614887,24.601065,28.737812,29.573128,33.05211,32.915836,28.554823,24.951982,23.58537,18.617155,16.360731,11.697458,11.758786,8.2915945,6.5820813,9.853829,12.453212,15.3843,17.789602,19.89931,19.957327,23.440268,20.0455,19.113503,14.743188,12.838317,14.506369,10.324498,8.735222,11.432985,14.655695,14.84477,20.618536,19.740595,24.340748,25.310244,27.874758,23.976805,21.83368,26.373917,24.512056,29.00641,27.545,30.907583,32.59686,31.449047,31.35083,32.583157,31.413324,28.591536,24.914295,21.885519,19.131847,17.097872,14.424362,9.883286,7.653027,6.460487,5.045488,8.743452,11.603465,13.059965,14.254373,12.959794,12.962179,17.520273,18.23213,17.282003,17.744726,16.481525,18.268145,18.611502,20.789598,18.888224,23.381207,22.944523,27.103453
27,14.445053,13.895855,15.374855,11.796473,13.30555,15.559766,14.783651,19.53421,18.139702,23.183302,23.091515,26.69525,27.543116,26.234776,24.676935,19.154955,17.27625,12.668242,13.96352,7.734998,8.676621,8.050753,8.20617,10.739621,12.221902,7.566005,4.6823974,0.0,4.873472,5.5298934,10.525647,15.44636,19.604015,20.81287,24.803411,25.99603,29.48472,29.733397,25.353529,21.79899,20.758404,15.914589,13.599272,10.48667,9.434298,8.868758,8.814906,12.506224,15.116838,17.359644,19.160952,20.375338,19.448376,22.371958,18.127447,16.795847,13.460452,11.745834,14.887663,11.521256,8.6172085,12.166394,14.277291,14.802482,20.035717,19.00724,23.764074,23.981087,27.063911,23.70229,20.899775,25.124718,22.51866,27.02923,24.896116,28.343817,29.657724,28.220888,27.750746,28.671692,27.403824,24.713251,20.9558,17.907307,15.595885,13.174536,11.706516,7.5320077,6.823603,7.9196634,8.426354,11.313812,12.589414,15.0793705,14.672087,12.444001,13.144819,17.300976,17.280386,15.312462,16.538221,15.982434,16.303247,16.244417,17.41669,15.340905,19.60646,18.851639,23.03405
28,18.995802,18.464127,19.241861,15.309663,16.234499,17.727222,15.950471,20.379774,17.64461,22.560741,21.677065,25.149826,26.63671,25.436438,25.098522,18.783579,18.354998,13.638869,16.41846,10.836744,12.502594,12.783222,12.661506,15.51556,16.292881,11.075634,7.101514,4.873472,0.0,5.8851748,6.6451077,13.466581,16.870613,18.24983,22.027493,23.029743,26.21241,26.087688,21.614712,17.899591,17.123598,11.735413,10.293211,6.641758,7.579838,7.2414994,9.767978,12.106148,15.429879,17.223766,18.564857,19.569868,18.15627,21.051888,17.230371,17.042555,13.387321,13.003614,16.413536,12.441832,9.312942,10.3625555,11.39389,10.92461,16.141287,14.352837,19.058287,19.20201,22.21594,18.893555,16.045446,20.373474,17.955032,22.563845,20.799057,24.394249,26.036694,25.008057,25.048418,26.148539,25.473696,23.000305,18.69552,16.273426,13.08162,12.215295,8.863405,7.1248884,4.8862505,7.6675057,8.291582,9.410775,8.838999,11.786743,10.242711,7.7248654,9.219551,12.691202,12.413814,10.772375,12.494892,12.908934,13.294496,12.6254225,15.140766,12.102159,16.733963,16.291142,20.369097
29,16.109066,14.787278,14.581086,10.252451,10.678157,11.960237,10.1348715,14.746642,12.7719,17.778124,17.75665,21.419153,22.301407,21.35714,19.852114,14.264286,13.166853,8.251985,11.675004,6.2339296,9.418036,10.078534,12.298926,14.603032,17.145235,12.803098,10.025774,5.5298934,5.8851748,0.0,7.2763033,10.095696,14.603497,15.662158,19.626434,20.996212,24.560339,25.162348,20.902615,17.618357,16.676464,12.474166,10.007813,9.656413,7.275885,10.497949,12.166543,15.49949,18.019285,19.349922,20.318045,20.441223,18.356153,20.446285,15.5004015,14.089608,12.287009,11.487688,15.928214,13.574613,9.940101,13.21561,13.691556,14.631594,18.674978,17.781042,22.464478,21.867172,25.513298,23.020576,19.755177,23.582537,20.246393,24.729185,21.920753,25.57131,26.488401,24.878576,24.070309,24.432537,23.383667,21.143578,16.90186,14.314369,12.553417,10.351,10.476673,8.780943,9.308081,12.091217,13.150349,15.075405,14.617528,17.419218,15.497123,12.459179,13.522528,16.88297,16.219622,12.889328,14.73277,15.036278,13.474754,12.943991,12.7445965,10.75145,14.57399,13.806271,18.007257
30,22.946888,22.01355,21.361423,17.144676,17.11973,17.272072,14.349535,17.809515,13.618854,18.006693,16.378523,19.644281,21.698694,20.893425,21.727388,15.041074,16.548485,12.299094,16.979925,12.999808,15.816568,17.145058,18.160671,21.085783,22.495075,17.35156,13.692114,10.525647,6.6451077,7.2763033,0.0,8.237665,10.582338,12.280898,15.595102,16.764547,19.65463,19.642399,15.0881405,11.342569,11.336412,5.7319627,5.9768944,6.7830596,7.711782,11.087566,15.042487,16.706247,19.897177,20.696064,21.053228,20.899164,18.182976,20.053623,16.054268,16.567457,14.439826,15.395217,19.654467,16.545094,13.107038,13.010501,11.563453,10.873543,14.015321,11.639229,15.990387,14.842705,18.524729,16.440968,12.897333,16.552588,13.231016,17.860441,15.477849,19.429346,20.840391,19.920528,19.996265,20.666405,20.701118,18.906929,13.781294,12.577819,9.352285,10.391789,7.736364,10.263723,9.600793,13.354407,14.516525,14.444972,11.626965,14.745306,10.982835,7.7130594,10.136036,11.316794,9.671019,6.258937,9.832312,12.31043,10.34386,8.171683,10.449309,5.741738,10.425551,10.170033,14.0898075
31,24.34806,22.422796,20.443335,16.257818,14.814388,13.799819,9.867395,11.876503,7.0762105,10.568235,9.899255,13.384969,15.09629,15.584282,15.492617,10.263864,12.957194,9.898394,16.008942,13.999892,17.837643,19.200003,22.196753,24.27395,27.221756,22.807817,19.549711,15.44636,13.466581,10.095696,8.237665,0.0,6.266684,5.7835455,9.844163,11.209166,14.880075,16.022451,12.301125,10.244815,9.485626,8.583338,7.429199,12.666007,10.5246105,16.526344,19.930763,22.07417,24.431843,24.418821,24.028429,22.539494,18.798132,19.041054,14.218523,14.032088,15.010609,16.350916,21.235205,20.018734,16.534334,17.735731,15.477398,16.482967,17.333763,16.772121,20.378115,18.2984,22.58824,22.124231,18.705364,21.328938,17.246393,21.14927,17.58547,21.459908,21.744028,20.31296,19.30085,18.369392,18.624031,17.964657,12.685637,12.662684,12.012723,12.4411955,13.813108,16.234158,16.923145,20.597412,21.757362,22.36459,19.812105,22.339216,18.655205,15.353595,16.564154,17.592604,16.067026,11.169884,13.592673,15.718066,11.042992,9.243559,5.6810045,4.3740196,5.0753365,5.752397,9.448549
32,28.303661,27.078884,24.465204,20.823874,19.740217,17.64777,14.118477,14.484094,8.878202,10.663827,7.3728123,9.826681,12.739713,12.808882,15.78057,10.01645,14.715408,13.132421,18.745735,18.130135,21.452082,23.918936,26.077236,28.988493,31.200888,26.470358,23.614887,19.604015,16.870613,14.603497,10.582338,6.266684,0.0,6.2962923,5.9467235,9.490773,11.219911,12.87993,8.922621,6.7516127,9.972461,9.209065,11.273059,16.260456,15.669201,20.957338,24.824697,26.62798,29.406172,29.504435,29.08644,27.68483,23.838007,23.929697,19.73522,20.10577,20.862198,22.363192,27.176676,25.435383,21.916193,22.219776,19.519907,19.363268,19.594772,17.539143,20.172405,16.981659,21.001095,21.2802,17.435669,18.500055,13.967069,16.894632,12.72169,16.20756,16.002245,14.583225,13.634268,12.521133,13.576826,13.637873,8.208866,10.111533,9.993031,12.329832,13.78943,18.043238,19.132582,23.075922,24.854507,24.717865,21.401035,24.620138,20.070856,17.162495,19.45923,18.800848,16.138836,12.343633,16.069853,19.497843,14.972474,12.082126,10.136215,6.1008134,4.143567,1.0512547,3.6119337
33,30.021713,27.883131,25.751223,21.648445,19.810278,18.533941,14.50271,15.150417,10.22244,11.164383,9.993866,12.418879,14.836055,16.46984,17.422953,13.432009,17.325079,15.206926,21.32124,19.745312,23.611444,24.813028,27.891113,29.807808,32.796238,28.266281,24.601065,20.81287,18.24983,15.662158,12.280898,5.7835455,6.2962923,0.0,5.6488333,5.4770823,9.610275,10.78914,8.042449,8.062683,6.723673,9.62035,9.6288595,15.781917,14.295993,20.252836,24.159754,25.609205,27.81091,27.166803,26.13362,23.988892,19.753887,19.00427,15.218767,16.137962,17.855282,20.046227,24.628752,23.76466,20.609266,20.682295,17.423887,18.33977,17.225443,17.173594,19.682705,17.053558,21.361849,22.200861,19.26547,21.162708,17.31011,20.570894,17.223415,21.023024,21.147839,20.248974,19.533924,17.930653,19.355516,19.7539,14.462366,15.969591,15.497103,17.13874,18.04173,21.414968,21.732706,25.481955,26.422665,26.48374,23.232513,25.214083,21.14537,18.139124,19.026758,18.861551,17.33604,12.493975,14.342205,17.038235,11.678403,9.698805,5.644065,6.63713,2.6472163,6.678657,7.955338
34,33.2888,31.598211,28.805017,25.166874,23.503605,21.295824,17.579123,16.901503,11.792481,11.088409,8.260498,9.084337,12.356181,14.064996,17.197239,13.578517,18.648771,17.742495,23.49282,23.156338,26.739481,28.804522,31.498655,33.977715,36.612896,31.958168,28.737812,24.803411,22.027493,19.626434,15.595102,9.844163,5.9467235,5.6488333,0.0,4.941352,5.9130054,8.575931,6.592049,7.7633057,10.0286255,12.584055,14.35425,20.156246,19.337698,25.00131,29.054686,30.503029,32.97195,32.483387,31.505676,29.441168,25.199587,24.346088,20.828066,21.68873,23.427713,25.487154,30.154352,29.036661,25.752295,25.634573,22.289846,22.491756,21.145292,20.008371,21.699562,18.201742,22.137138,23.659636,20.454256,20.925423,16.84456,18.931908,15.146178,18.241678,17.643566,16.746878,15.878695,13.660887,15.855674,17.1899,12.579517,15.383126,15.717433,18.154844,19.593704,23.902256,24.720695,28.642765,30.103815,29.821606,26.20292,28.775091,24.17881,21.422773,23.091953,21.923813,19.595959,15.672535,18.42112,21.83322,16.73143,14.189115,11.266107,10.114622,5.59453,6.7682724,4.5484805
35,35.46713,33.31797,31.053354,27.044312,25.093758,23.597332,19.62343,19.506924,14.726296,14.13193,12.4776535,13.48224,16.350672,18.601112,20.62795,17.461573,21.983284,20.417055,26.459648,25.192747,29.018185,30.277058,33.254093,35.21485,38.092224,33.42693,29.573128,25.99603,23.029743,20.996212,16.764547,11.209166,9.490773,5.4770823,4.941352,0.0,4.850572,6.0518384,5.741953,8.607147,7.8656974,12.727752,13.767321,19.792404,18.960417,24.57718,28.789988,29.728449,31.878616,30.865503,29.433458,26.952393,22.569971,21.183224,18.536419,20.172508,22.083101,24.699451,28.995157,28.223715,25.302994,24.55276,20.759426,21.348412,18.83466,18.896225,20.162344,17.078096,21.027819,23.069424,20.653038,21.621328,18.220558,20.54934,17.63981,21.033352,20.989761,20.676851,20.33853,18.31574,20.732933,21.965685,17.061213,19.552818,19.183998,21.610405,22.164228,26.203344,26.331215,30.118832,30.995619,30.598297,26.853954,28.51953,24.19959,21.575626,22.384617,21.16409,19.579416,15.396726,16.874472,19.959698,14.760969,12.786523,9.976787,11.074059,6.7792506,10.294108,9.282902
36,38.924107,37.118004,34.54492,30.749899,28.981182,27.021101,23.203856,22.534567,17.60684,16.388895,13.796587,13.619523,16.921644,19.003654,22.541048,19.439129,24.553251,23.529934,29.35733,28.648731,32.27348,34.059227,36.64638,39.039795,41.552147,36.711323,33.05211,29.48472,26.21241,24.560339,19.65463,14.880075,11.219911,9.610275,5.9130054,4.850572,0.0,3.7235825,5.6267405,9.398817,11.103388,15.297047,17.526178,23.209373,23.014282,28.312954,32.728462,33.531147,35.919056,35.010563,33.6151,31.26623,26.944363,25.623417,23.26213,24.989326,26.65483,29.247585,33.57272,32.475304,29.484985,28.382008,24.492384,24.443611,21.726725,20.903936,21.334568,17.66067,21.073915,23.78065,21.378998,21.141262,17.920465,19.121473,16.35411,19.039494,18.631378,18.707844,18.655285,16.455532,19.621243,21.4811,17.223038,20.488064,20.35274,23.442781,23.940685,28.66541,28.95726,32.83151,34.003025,33.22657,29.136175,31.1099,26.426844,24.101866,25.438377,23.344976,21.240644,17.939947,19.988548,23.625597,18.780931,16.38241,14.538445,14.191024,9.999018,12.193217,9.618402
