,0,1,2,3,4,5,6,7,8,9,10,11,12,13,14,15,16,17,18,19,20,21,22,23,24,25,26,27,28,29,30,31,32,33,34,35,36,37,38,39,40,41,42,43,44,45,46,47,48,49,50,51,52,53,54,55,56,57,58,59,60,61,62,63,64,65,66,67,68,69,70,71,72,73,74,75,76,77,78,79,80,81,82,83,84,85,86,87,88,89,90,91,92,93,94,95,96,97,98,99,100,101,102,103,104,105,106,107
0,0.0,4.3458185,6.812891,9.953074,12.432671,15.165029,17.690973,21.377789,24.896,28.311012,30.862616,36.009666,33.493225,31.754587,26.993366,25.425388,21.789606,20.449316,17.396564,15.486783,14.463476,11.76824,15.920977,15.48461,18.18955,20.453316,18.585098,20.551424,21.52098,22.862003,25.231424,25.959286,30.572046,30.922953,34.81977,36.351498,39.42491,39.799,37.198193,35.8777,33.93093,33.417404,30.64445,29.7468,29.179905,26.931093,29.95761,28.33247,28.564856,32.627136,34.123024,33.247963,38.03656,40.025345,41.47975,41.95776,37.924194,42.2007,40.40129,42.998722,36.68242,36.61238,33.30832,30.851595,31.414192,29.137686,27.885338,24.150965,23.667534,19.22594,20.043333,16.834398,22.997927,21.241734,25.593845,27.066137,30.49598,31.622847,36.390926,36.795876,40.72883,44.70673,41.693344,38.577026,34.24129,35.185184,29.225927,28.760447,25.335112,23.890266,23.521315,23.223448,27.143314,28.634787,28.81911,31.622746,31.758577,35.721943,34.21988,38.299908,41.53248,36.594337,33.712948,31.245033,27.08813,24.8909,22.242617,19.286161
1,4.3458185,0.0,5.2944584,6.9147468,8.74982,12.666194,13.986391,18.461329,21.474754,25.419752,27.615084,32.89045,30.748474,28.929813,24.550894,22.397167,19.142317,17.132626,14.446056,11.91201,11.510459,8.868953,13.187055,13.33108,15.444117,17.568043,14.722927,17.09374,17.728596,19.490286,21.477917,22.971836,27.313377,28.319363,31.902122,33.76771,36.70911,36.771614,34.121296,32.506226,30.750406,29.756964,27.175083,25.884695,25.679625,22.994865,26.411884,24.899433,24.911903,29.219387,30.551872,29.275265,34.301224,36.381268,37.5493,38.092743,33.950485,38.239388,36.35067,38.89001,32.67106,32.597313,29.244104,26.622313,27.420088,24.910978,23.880316,20.349724,19.7999,15.47995,15.93613,12.536091,18.656454,17.054646,21.35943,23.042482,26.467993,27.585857,32.35641,32.868526,36.676285,40.586315,37.489796,34.303288,29.962357,30.840855,24.888506,24.447802,21.05471,19.77586,19.622591,19.628555,23.30846,24.715902,24.666643,27.619484,27.597689,31.647552,30.109377,34.329132,37.72888,32.940006,29.948788,27.616676,23.185507,21.26537,18.313662,15.744392
2,6.812891,5.2944584,0.0,5.239546,6.975024,8.807804,11.753389,14.667798,18.4809,21.54841,24.290564,29.307661,26.786425,25.231071,20.325834,19.065449,15.580986,14.568434,12.363205,11.087319,11.815552,10.7464695,15.465097,16.79582,19.072933,20.596073,17.357597,18.41811,18.11306,19.19502,20.552586,21.562937,25.07732,25.679272,29.231087,30.668634,34.049488,34.387745,32.283066,30.884516,29.737452,28.94936,27.270096,26.0594,26.87145,24.857075,28.550451,27.99591,28.12165,32.500893,33.206245,31.726753,37.19929,39.030537,39.62977,39.947582,35.348934,39.270763,36.902348,38.748714,32.58694,31.845865,28.808575,26.599628,28.25963,26.015781,26.020145,22.899204,22.839725,18.405226,18.57961,14.255282,19.668974,16.838036,20.864069,21.84752,25.014856,26.01625,30.745405,30.943468,35.094124,39.2435,36.489902,33.75358,29.586561,31.203297,25.2251,25.604315,22.711025,22.17871,22.285416,22.19852,25.17008,25.735153,25.3961,27.551128,27.124132,30.892235,28.896494,32.683865,35.74098,30.651474,27.83198,25.912464,21.6531,19.671444,17.62139,14.783618
3,9.953074,6.9147468,5.239546,0.0,3.9174333,6.298763,9.0477,12.746613,15.691571,19.810385,21.601192,27.232689,24.479708,22.367798,18.270597,15.81355,12.371914,10.558341,7.6633577,5.9900556,6.824259,6.7329946,11.207691,13.514902,15.548371,16.48229,13.38876,13.420253,13.03261,13.970303,15.671194,16.620956,20.661585,21.481373,25.066156,26.857311,29.869274,30.026573,27.578114,26.123615,24.686329,23.96295,22.047424,21.017494,21.763588,20.289679,23.798685,23.887295,24.443905,28.543905,28.7737,27.739052,33.240147,34.644527,35.169205,35.24944,30.580408,34.377457,32.05738,34.06131,27.736246,27.232489,24.15132,22.243204,23.380335,21.674294,21.75953,18.678913,19.43329,14.559271,15.778586,11.740313,16.363474,14.535184,17.879118,19.625896,22.42109,22.620531,27.792677,27.456184,31.565016,35.590923,33.00986,30.128004,25.744322,27.603046,21.512737,22.431654,19.404373,19.43284,20.37994,21.269249,23.825193,24.383577,23.30356,25.921047,24.731712,28.743557,26.099808,30.256353,33.758873,28.962168,25.854637,24.866318,19.711924,18.799181,16.255453,14.638082
4,12.432671,8.74982,6.975024,3.9174333,0.0,5.90865,5.443594,10.269703,12.772769,17.170483,18.944485,24.39781,22.411777,20.563227,16.67405,13.97223,11.405597,8.796059,7.799758,5.5187054,8.575716,8.981685,12.8663225,15.427144,16.564344,17.360304,12.781368,13.568658,12.148987,13.74396,14.094389,16.51393,19.359928,21.190853,24.114618,26.17509,29.2423,29.02797,26.84239,24.95512,24.206755,22.626291,21.488823,19.6578,21.392235,19.082455,23.318247,23.439129,23.405087,27.901646,28.026997,26.065832,31.89739,33.62318,33.62649,33.907852,29.064186,32.83479,30.242104,31.878708,25.851723,25.011677,21.952875,19.674057,21.848028,19.500889,20.285898,17.818987,18.12039,14.080214,13.87204,9.280872,13.451582,10.842344,14.293435,15.784959,18.70992,19.328026,24.279932,24.380821,28.40602,32.469097,29.7049,26.890377,22.66008,24.479347,18.476273,19.42004,16.796953,17.109985,18.009104,18.779842,20.8156,20.960072,19.811583,22.143343,20.980822,24.922651,22.45336,26.552338,30.013561,25.224821,22.118168,20.969517,15.840394,14.914538,12.409473,11.021886
5,15.165029,12.666194,8.807804,6.298763,5.90865,0.0,7.0325575,7.3268476,11.067746,14.214152,16.346796,21.80997,18.526163,16.604652,12.078252,10.447447,6.77677,6.672077,5.8170886,7.200695,10.007839,11.909802,15.548602,18.754421,20.487436,20.697937,17.211853,15.816699,13.953461,13.87067,14.072004,14.5731535,16.8124,17.40441,20.660011,22.019272,25.559622,25.92411,24.287394,23.023855,22.669546,22.025211,21.673153,20.640903,22.952599,22.301512,26.047773,27.30904,27.872381,31.92825,31.3555,29.985909,35.87011,36.954567,36.655014,36.46636,31.337135,34.513176,31.593506,32.57677,26.560612,25.126783,22.618729,21.410746,23.74576,22.47453,23.979658,21.746853,22.962605,18.55929,19.193777,14.768534,17.661003,14.710348,17.00506,17.858011,19.946712,19.69814,24.747242,23.836836,28.311525,32.553123,30.514603,28.291447,24.279957,27.103846,21.317007,23.357752,21.201046,22.203426,23.47365,24.360582,25.891827,25.431398,23.86433,25.457422,23.556812,27.08547,23.717886,27.262878,30.383179,25.41851,22.52581,22.553238,17.56903,17.149088,15.893514,14.709842
6,17.690973,13.986391,11.753389,9.0477,5.443594,7.0325575,0.0,6.499421,7.7524705,12.577814,14.032478,19.335522,18.133137,16.576687,13.341391,10.30432,9.423989,6.267008,8.570275,7.3643084,11.820199,13.303297,16.216381,19.330088,19.68806,19.901152,14.458329,14.827664,11.924009,13.532752,11.742875,15.537228,16.27789,19.237894,21.161276,23.426455,26.554703,25.94877,24.316198,22.038935,22.427197,19.986666,20.336933,17.770262,21.133759,18.661718,23.453243,24.305164,23.878954,28.478138,28.013182,25.203938,31.39729,33.12568,32.23554,32.519684,27.354559,30.717674,27.618025,28.418245,22.891815,21.318048,18.59052,16.353651,20.088543,17.513287,19.73937,18.408316,18.750406,15.837489,14.4599285,9.963738,11.620909,7.85246,10.207386,11.05633,13.613948,14.281917,19.066444,19.279692,23.363346,27.537426,24.861267,22.402714,18.494766,20.83755,15.173526,16.946415,15.357527,16.67161,17.894966,18.790281,19.524044,18.656897,16.935015,18.456114,16.655033,20.324327,17.449667,21.320702,24.720402,19.942528,16.811455,16.344833,10.958243,10.830595,9.11643,9.058803
7,21.377789,18.461329,14.667798,12.746613,10.269703,7.3268476,6.499421,0.0,4.962088,7.0760856,9.777199,14.729533,12.512041,11.466835,7.187753,6.3272324,6.185842,6.526638,10.158263,11.515992,15.63246,17.901827,20.876726,24.388481,25.222301,25.07966,20.37118,19.243279,15.987055,16.125902,13.675993,15.851502,14.605757,16.730946,18.276958,19.703869,23.516842,23.381802,22.826017,21.083698,22.51953,20.721935,22.443838,20.468367,24.673115,23.553288,27.971392,29.75912,29.678299,33.965225,32.898296,30.353834,36.587143,37.840813,36.462845,36.374836,30.956095,33.595592,30.052845,29.798288,24.696135,22.171381,20.311575,19.240093,23.55262,21.891926,24.925478,23.938696,24.847021,21.77471,20.833912,16.447266,17.21874,13.126827,14.000924,13.402068,14.664855,14.626785,18.93262,18.215618,22.779665,27.176529,25.362751,23.881977,20.629993,24.014381,19.058517,21.801874,20.938549,22.752409,24.059685,24.766459,24.953573,23.32825,21.422714,21.668047,19.283388,22.049248,18.403034,21.122465,23.762402,18.714043,16.10904,17.025417,12.6615505,12.912202,13.341477,13.177595
8,24.896,21.474754,18.4809,15.691571,12.772769,11.067746,7.7524705,4.962088,0.0,6.1412187,6.2868147,11.913943,10.883004,9.617197,8.15069,5.1328897,7.9306498,6.817253,11.650792,12.652634,16.999647,19.583046,21.666859,25.397488,25.526814,24.9522,19.971151,18.658121,14.77207,15.076236,11.163565,14.696443,11.788942,15.521867,15.89126,17.988075,21.301073,20.482193,20.050287,17.763857,19.95228,17.240856,19.954002,17.421894,22.560865,21.380062,25.905876,28.18285,27.944977,32.05068,30.537796,27.63823,33.881603,35.003746,33.060806,32.940067,27.458515,29.750317,25.981054,25.253977,20.599886,17.703032,16.134527,15.280209,20.359823,18.799984,22.640377,22.493778,23.581179,21.323792,20.10722,16.450165,15.315499,11.936162,11.045804,10.485235,10.693279,9.823272,14.292368,13.292309,17.853306,22.237291,20.510666,19.16978,16.135489,19.920782,15.521267,18.952126,18.794147,21.291628,23.046522,24.238008,23.568874,21.55517,19.008076,19.06227,15.833918,18.428047,14.084703,16.913435,19.941517,15.3484335,12.484806,14.806414,9.96112,11.918658,12.469992,13.903894
9,28.311012,25.419752,21.54841,19.810385,17.170483,14.214152,12.577814,7.0760856,6.1412187,0.0,4.9644732,7.9103065,6.925123,7.845463,5.897427,7.654353,10.561907,11.793069,16.20525,17.904594,22.074333,24.648386,27.15954,30.876766,31.339033,30.85263,25.95838,24.530146,20.735409,20.54975,16.764864,19.07259,14.87645,17.521168,17.217215,18.188732,22.08141,21.693764,22.529972,20.790653,23.849174,21.629795,25.130796,22.932848,28.301558,27.464354,31.903805,34.32007,34.013733,38.14939,36.538708,33.48143,39.726875,40.825336,38.564007,38.37747,32.87865,34.717915,30.720144,29.106737,25.223804,21.693405,20.91293,20.564821,26.006273,24.603203,28.689386,28.632683,29.57996,27.327974,25.821259,21.868864,21.016747,16.897476,16.081202,14.1318655,13.687083,13.309781,16.022907,14.952637,19.407724,23.757524,22.724615,22.4493,20.402674,24.390343,20.803701,24.194553,24.478682,26.894331,28.287354,28.931938,28.028248,25.484943,23.298763,22.138704,19.211004,20.684637,16.658115,17.767605,19.43638,14.656513,12.931982,15.689629,13.012417,14.24637,16.36287,17.109392
10,30.862616,27.615084,24.290564,21.601192,18.944485,16.346796,14.032478,9.777199,6.2868147,4.9644732,0.0,6.331621,5.7770586,5.6657805,7.7636886,7.0633235,11.357629,11.90986,16.613028,18.351452,22.40286,25.34864,27.056622,30.996792,31.044737,30.097094,25.490896,23.444397,19.39879,18.9542,14.477854,17.041145,11.446669,15.124168,13.709531,15.256462,18.572336,17.621851,18.629501,16.627132,20.331118,17.748056,22.080645,19.869637,25.750292,25.452223,29.58095,32.63107,32.506496,36.213116,34.086864,31.22888,37.298473,37.98437,35.355206,34.943058,29.463465,30.81088,26.693918,24.647478,21.163437,17.3408,17.090767,17.49049,22.958921,22.203655,26.747335,27.253994,28.676195,26.79323,25.667751,22.40918,20.276085,17.303522,15.16905,13.827182,12.213013,10.180791,13.026529,10.668187,15.243859,19.52126,18.987791,18.947056,17.137413,21.63264,18.657616,22.727371,23.384058,26.334879,28.26148,29.523895,28.144697,25.558668,22.741934,21.798912,17.98976,19.347603,14.383839,15.581506,17.77629,13.891654,11.955157,16.380838,13.125499,15.79372,17.424192,19.23878
11,36.009666,32.89045,29.307661,27.232689,24.39781,21.80997,19.335522,14.729533,11.913943,7.9103065,6.331621,0.0,6.646865,9.322156,11.816427,13.12343,17.148798,18.083702,22.779345,24.442272,28.602716,31.413914,33.28206,37.151714,37.09811,36.220055,31.288282,29.632149,25.52142,25.207287,20.524343,23.108269,16.821184,20.134394,17.749807,18.549866,21.67428,20.651747,22.776772,20.959227,25.435665,22.682493,27.687305,25.296867,31.497705,30.920628,35.170216,38.178192,37.685585,41.466778,39.28205,35.84281,41.84386,42.688354,39.521618,39.225567,33.888298,34.76243,30.480806,27.447025,25.277565,21.0059,21.50493,21.968302,28.038895,27.038172,31.94289,32.87003,33.91712,32.56876,30.737715,27.505287,25.064573,21.662153,19.277481,16.823328,14.528324,13.420658,13.596968,11.972761,15.477749,19.295729,19.4377,20.657171,20.223064,24.518373,22.756975,26.61811,27.977562,30.943262,32.55172,33.38868,31.426868,28.241373,25.692764,23.50678,20.016264,19.980185,15.752655,14.791724,15.250114,12.055397,11.773748,16.755222,15.804987,18.191765,20.9545,22.722424
12,33.493225,30.748474,26.786425,24.479708,22.411777,18.526163,18.133137,12.512041,10.883004,6.925123,5.7770586,6.646865,0.0,3.7511811,6.8737297,9.387506,12.867237,15.180275,19.233685,21.834064,25.470203,28.624664,30.520018,34.565933,35.104317,34.08493,30.083858,27.321093,23.532957,22.294432,18.522568,19.194315,13.385348,14.970393,13.387633,13.354071,17.249336,17.197277,19.286139,18.339293,22.244783,20.927855,25.384102,24.048977,29.638689,30.294004,33.97908,37.395725,37.658966,41.15121,38.824356,36.531456,42.502975,42.813538,40.24208,39.52342,34.064186,35.010418,30.906324,28.512,25.256506,21.354921,21.599892,22.694626,27.54896,27.457546,31.847088,32.082905,33.845425,31.417717,30.83552,27.306438,25.73758,22.598875,20.856129,19.406078,17.838552,15.742669,17.960176,14.984289,19.197256,23.111551,23.463535,23.992628,22.504936,27.174881,24.306257,28.454584,28.934607,31.810574,33.71948,34.874863,33.718376,31.126265,28.445929,27.294437,23.623213,24.628218,19.780687,20.16198,21.466621,17.880455,16.71415,21.096085,18.541327,20.64869,22.576075,23.779322
13,31.754587,28.929813,25.231071,22.367798,20.563227,16.604652,16.576687,11.466835,9.617197,7.845463,5.6657805,9.322156,3.7511811,0.0,5.962594,6.7415934,10.309113,12.599845,16.405416,19.223673,22.587988,25.938072,27.511042,31.64463,32.20942,31.012323,27.470669,24.182594,20.508505,18.923096,15.419216,15.529782,9.840031,11.319085,10.106623,10.505197,14.473793,14.478758,16.022682,15.152877,18.699337,17.756353,21.943066,20.974854,26.320513,27.497988,30.868343,34.51409,35.112064,38.361153,35.916424,34.151905,40.018265,40.058052,37.735718,36.84453,31.386055,32.387478,28.41741,26.46407,22.666243,19.067738,19.120682,20.513773,24.705956,25.092388,29.256529,29.337677,31.489658,28.781996,28.838465,25.505404,23.937248,21.408754,19.64417,18.976028,17.57784,14.787606,18.014614,14.466147,18.905603,22.841505,23.100977,23.13292,21.105124,25.876667,22.62396,26.941633,27.078606,30.006857,32.196667,33.714928,32.80362,30.565376,27.666214,27.200996,23.284994,24.850943,19.627258,20.863197,22.915638,19.34754,17.591124,21.945717,18.379608,20.76245,21.970118,23.319714
14,26.993366,24.550894,20.325834,18.270597,16.67405,12.078252,13.341391,7.187753,8.15069,5.897427,7.7636886,11.816427,6.8737297,5.962594,0.0,5.525342,6.992509,10.302671,13.664326,16.527416,19.962856,22.929352,25.390549,29.27824,30.346117,29.673277,25.897556,23.245842,19.898468,18.672964,16.046772,16.13667,12.884946,13.510163,14.366867,14.58543,18.932112,19.425463,20.095749,19.226723,21.58562,20.823885,23.711813,22.640476,27.290958,27.776207,31.515162,34.37679,34.84072,38.567207,36.766136,34.870132,40.95275,41.472645,39.710682,39.103127,33.59468,35.359005,31.5717,30.407442,25.834837,22.693363,21.853437,22.231003,26.343988,25.950327,29.49923,28.836807,30.541397,27.283634,27.15463,23.12289,23.020115,19.562904,19.188112,18.337734,18.167934,16.708422,20.434471,18.147629,22.820168,27.068775,26.474955,25.92013,23.299072,27.56536,23.367365,27.00409,26.553703,28.889912,30.60605,31.61816,31.39059,29.415323,27.08419,26.787868,23.651012,25.683462,21.16362,22.852219,24.879099,20.342615,18.382324,21.137638,17.51119,18.653368,19.81043,20.096552
15,25.425388,22.397167,19.065449,15.81355,13.97223,10.447447,10.30432,6.3272324,5.1328897,7.654353,7.0633235,13.12343,9.387506,6.7415934,5.525342,0.0,4.5077,5.8831115,9.983194,12.534525,16.12057,19.325022,21.140732,25.17957,25.818502,24.886412,21.148867,18.243431,14.67038,13.553613,10.531402,11.504173,8.609988,10.862659,11.9544115,13.599814,17.236498,17.06899,16.676746,15.186454,17.103765,15.821091,18.438337,17.151072,21.867226,22.361393,26.047634,29.06452,29.640472,33.192303,31.271965,29.55321,35.560787,35.967266,34.294014,33.66543,28.168936,30.100306,26.43335,25.780874,20.746727,17.987423,16.738523,17.091953,20.848896,20.643995,24.155882,23.629215,25.627092,22.499968,22.743652,19.212568,18.470781,16.00525,15.170353,15.368613,15.219104,13.013283,17.752544,15.235557,19.934471,24.14812,23.207617,22.022957,18.853931,23.087412,18.61305,22.454697,21.833986,24.391296,26.521507,28.09332,27.824614,26.169733,23.444206,23.936234,20.410461,23.02831,18.149244,20.848658,23.815584,19.569592,16.923037,19.863789,15.00785,16.944021,17.098213,18.159416
16,21.789606,19.142317,15.580986,12.371914,11.405597,6.77677,9.423989,6.185842,7.9306498,10.561907,11.357629,17.148798,12.867237,10.309113,6.992509,4.5077,0.0,4.5614395,6.7324095,10.022989,13.062704,16.212101,18.505085,22.428629,23.683907,23.001816,19.84779,16.770538,13.917419,12.546207,11.336709,10.8837,10.947846,11.41134,14.172122,15.403218,19.113457,19.52888,18.498333,17.483614,18.103287,17.745485,18.910168,18.233788,21.779215,22.47956,25.900347,28.540203,29.43483,32.993065,31.43957,30.299267,36.211765,36.622498,35.612625,34.973362,29.59525,31.941994,28.626558,28.7385,23.097359,21.004002,19.253622,19.286148,22.006582,21.830969,24.4535,23.104221,25.178326,21.211609,22.159191,18.3193,18.993113,16.544912,16.905258,17.563824,18.282866,16.594456,21.646843,19.46162,24.112919,28.30172,27.097263,25.482304,21.853415,25.67103,20.532028,23.843706,22.45822,24.48744,26.456657,27.926628,28.446947,27.330454,24.947845,26.009045,22.97952,26.042393,21.565237,24.655788,27.710402,23.165796,20.402575,22.341301,17.249426,18.325396,17.862968,18.058205
17,20.449316,17.132626,14.568434,10.558341,8.796059,6.672077,6.267008,6.526638,6.817253,11.793069,11.90986,18.083702,15.180275,12.599845,10.302671,5.8831115,4.5614395,0.0,4.894123,6.672137,10.541683,13.565281,15.54122,19.462132,20.150454,19.48838,15.669554,13.194563,9.96755,9.618053,7.965308,9.857605,10.771105,13.030865,15.412788,17.61362,20.665071,20.373556,18.631224,16.84933,17.08278,15.684841,16.329151,14.880145,18.458227,18.253576,22.091278,24.396233,25.024677,28.773602,27.405691,25.907946,31.89177,32.587704,31.634932,31.236582,25.892017,28.639593,25.446863,26.057814,20.184624,18.512793,16.186525,15.512839,18.270638,17.551966,20.07932,18.81531,20.70976,17.0453,17.746178,14.156579,14.506939,12.60924,13.000364,14.415964,15.523638,14.031272,19.47425,17.870218,22.28581,26.401518,24.628136,22.4578,18.451172,21.845728,16.389105,19.482315,17.928335,19.9807,22.091513,23.823444,24.3116,23.433975,20.94445,22.562626,19.5885,23.077032,18.830801,22.600178,26.168568,21.78314,18.649708,20.166246,14.44788,15.783299,14.500213,15.226335
18,17.396564,14.446056,12.363205,7.6633577,7.799758,5.8170886,8.570275,10.158263,11.650792,16.20525,16.613028,22.779345,19.233685,16.405416,13.664326,9.983194,6.7324095,4.894123,0.0,4.112788,6.3408437,9.671538,11.79857,15.705448,17.126703,16.576143,14.094339,10.907462,9.127997,8.222932,9.581573,9.279994,13.256849,13.924026,17.524376,19.474287,22.264788,22.418089,19.975885,18.729017,17.49914,17.262878,16.13524,15.710564,17.518581,17.986734,21.077614,23.101046,24.349852,27.786398,26.72078,26.279081,31.899738,32.36541,32.232624,31.704767,26.653585,29.702963,27.03679,28.50644,22.136135,21.313023,18.6812,18.038548,19.063906,18.831503,20.090527,17.848858,20.136602,15.392617,17.58246,14.213046,15.978786,14.953547,16.237007,18.280008,19.840183,18.400585,23.996136,22.323221,26.591274,30.536905,28.712303,26.181425,21.84744,24.792343,18.99512,21.516443,19.10491,20.550585,22.646755,24.519636,25.869694,25.73775,23.51907,25.872486,23.273909,27.094868,23.117174,27.187244,30.899132,26.510048,23.31584,24.279839,18.466583,19.254908,17.239355,17.29351
19,15.486783,11.91201,11.087319,5.9900556,5.5187054,7.200695,7.3643084,11.515992,12.652634,17.904594,18.351452,24.442272,21.834064,19.223673,16.527416,12.534525,10.022989,6.672137,4.112788,0.0,4.5740275,7.0069714,9.369407,12.995205,13.965096,13.827829,10.38027,8.776927,7.32657,8.3255205,9.779492,11.520498,15.619586,17.311966,20.495184,22.872688,25.38126,25.103035,22.35601,20.598866,19.151047,18.051632,16.272871,15.079206,16.39983,15.423384,19.008184,20.146975,20.99157,24.811169,24.278278,23.388308,29.039309,30.004086,30.113749,29.955103,25.079521,28.644922,26.215733,28.197643,21.800724,21.427917,18.329172,16.768278,17.681414,16.54719,17.225487,14.691895,16.437952,11.718474,13.633937,10.329551,12.800489,12.268055,14.240894,16.776535,18.916616,18.140785,23.665195,22.782175,26.742132,30.584585,28.20394,25.234062,20.709852,22.918135,16.876892,18.6379,15.809345,16.82611,18.787754,20.69909,22.361984,22.654028,20.673338,23.558187,21.44063,25.557919,22.205261,26.659887,30.58553,26.271278,22.939747,23.097067,17.1931,17.678364,14.897595,14.954987
20,14.463476,11.510459,11.815552,6.824259,8.575716,10.007839,11.820199,15.63246,16.999647,22.074333,22.40286,28.602716,25.470203,22.587988,19.962856,16.12057,13.062704,10.541683,6.3408437,4.5740275,0.0,3.824934,5.6933994,9.402906,11.282329,11.138162,10.081115,7.4628015,8.321691,8.587495,12.208625,12.138547,17.946741,18.601542,22.419752,24.643276,26.78355,26.785677,23.521826,22.217772,19.648617,19.550817,16.363434,16.250885,15.734659,15.739823,18.161478,19.107374,20.74197,23.94302,23.616028,24.002789,29.067755,29.638712,30.529991,30.172983,25.711483,29.38044,27.497578,30.160042,23.517893,23.849785,20.693243,19.452993,18.694843,18.332434,17.784239,14.431173,16.744299,11.122693,14.946981,12.589397,15.623192,16.123812,18.187477,21.081993,23.211237,22.153402,27.769567,26.59683,30.423765,34.068115,31.792633,28.630947,23.975069,25.907621,19.933393,21.348051,18.001593,18.529129,20.5395,22.683414,24.941582,25.844099,23.998713,27.383242,25.38928,29.630514,26.313065,30.917023,34.970646,30.77539,27.414532,27.530584,21.608234,22.003906,18.922173,18.728432
21,11.76824,8.868953,10.7464695,6.7329946,8.981685,11.909802,13.303297,17.901827,19.583046,24.648386,25.34864,31.413914,28.624664,25.938072,22.929352,19.325022,16.212101,13.565281,9.671538,7.0069714,3.824934,0.0,4.7218695,6.898217,9.27376,10.186168,9.277454,8.95343,10.670308,11.843386,15.327567,15.871255,21.611713,22.423891,26.20766,28.448814,30.600613,30.545214,27.209042,25.783691,23.090277,22.734396,19.153101,18.756695,17.542736,16.499922,18.91533,18.651684,20.006617,23.40152,23.84336,24.113775,28.925453,29.933401,31.293634,31.246267,27.129623,31.168428,29.582115,32.613827,26.04495,26.647175,23.289684,21.487698,20.556192,19.54071,18.15081,14.298295,15.811991,10.088533,13.86958,11.781125,16.01495,16.635166,19.437677,22.358614,24.95298,24.507872,29.944298,29.326052,33.005386,36.60948,33.98353,30.599428,25.921225,27.233667,21.233503,21.785002,18.07492,17.789097,19.298468,21.154371,24.063494,25.485615,24.14935,27.833155,26.46866,30.817135,28.113907,32.823788,36.86707,32.61138,29.259407,28.595394,22.923632,22.74389,19.309217,18.62249
22,15.920977,13.187055,15.465097,11.207691,12.8663225,15.548602,16.216381,20.876726,21.666859,27.15954,27.056622,33.28206,30.520018,27.511042,25.390549,21.140732,18.505085,15.54122,11.79857,9.369407,5.6933994,4.7218695,0.0,4.263544,6.015071,5.916266,7.83394,6.1137204,9.463429,10.525985,14.876804,15.148338,21.56008,22.476261,26.125544,28.66752,30.138474,29.86564,26.019411,24.616405,21.183395,21.05828,16.454678,16.609253,13.975598,13.721481,15.026135,15.007174,17.204622,19.795517,20.032812,21.444304,25.712742,26.192957,27.990736,27.728273,23.991957,28.02133,26.936098,30.564934,23.981955,25.323723,21.946129,20.466703,18.004673,17.834263,15.612436,11.514949,14.08578,8.217987,13.889807,13.37228,16.294708,18.442049,20.43824,23.96126,26.167572,25.12593,30.612679,29.670181,32.988388,36.227898,33.725967,30.138712,25.408272,26.49215,20.82846,21.426104,17.58663,17.477154,19.58684,22.205454,24.874592,26.582565,24.88015,29.036743,27.336891,31.750904,28.858625,33.791977,38.13531,34.33992,30.89121,30.729538,24.79354,25.285547,21.584438,21.67677
23,15.48461,13.33108,16.79582,13.514902,15.427144,18.754421,19.330088,24.388481,25.397488,30.876766,30.996792,37.151714,34.565933,31.64463,29.27824,25.17957,22.428629,19.462132,15.705448,12.995205,9.402906,6.898217,4.263544,0.0,4.085153,5.7550206,9.141704,9.639366,13.239551,14.663136,18.892284,19.346104,25.794128,26.679014,30.366932,32.894913,34.29836,34.017895,30.064228,28.654488,25.020098,24.852291,19.890554,19.990387,16.56483,15.595116,16.368536,14.92156,17.028646,19.370487,20.510818,22.215158,25.827044,26.589075,29.072758,29.062933,25.920212,30.199522,29.566923,33.611374,27.192158,28.86769,25.395899,23.575233,20.731733,20.19004,17.00498,12.578612,14.311737,8.966309,14.58586,14.804646,18.38296,20.775677,23.212017,26.760813,29.26157,28.623756,33.940563,33.37585,36.51887,39.64793,36.902225,33.127857,28.433287,28.918528,23.425556,23.223818,19.144617,18.219572,19.833504,22.24013,25.49585,27.776264,26.540173,30.9901,29.826054,34.28916,31.915354,36.92626,41.2782,37.50542,34.071686,33.338005,27.63918,27.731606,23.784304,23.546665
24,18.18955,15.444117,19.072933,15.548371,16.564344,20.487436,19.68806,25.222301,25.526814,31.339033,31.044737,37.09811,35.104317,32.20942,30.346117,25.818502,23.683907,20.150454,17.126703,13.965096,11.282329,9.27376,6.015071,4.085153,0.0,3.2174013,6.7964044,8.84758,12.436256,14.641026,18.304031,19.862143,25.834492,27.53004,30.701124,33.599743,34.70988,34.00367,29.945244,28.149513,24.635786,23.755032,18.73353,18.2695,14.603012,12.501517,13.305915,11.035556,12.98931,15.415497,16.858519,18.375343,21.831377,22.854618,25.418911,25.652477,22.773441,27.268665,26.883802,31.217516,25.078815,27.114822,23.56079,21.427753,18.226492,17.365116,13.549026,9.10659,10.720962,6.0842733,12.113182,13.609481,16.277195,19.64648,21.689236,25.534243,27.929224,27.344913,32.408897,32.130417,34.865253,37.717934,34.787674,30.829456,26.230062,26.181318,21.059204,20.439219,16.34651,15.3060665,17.167164,20.041182,23.02818,25.531094,24.207958,28.965876,27.863781,32.3124,30.221352,35.342064,39.831455,36.440266,32.99942,32.25247,26.613752,27.010187,22.835985,23.178528
25,20.453316,17.568043,20.596073,16.48229,17.360304,20.697937,19.901152,25.07966,24.9522,30.85263,30.097094,36.220055,34.08493,31.012323,29.673277,24.886412,23.001816,19.48838,16.576143,13.827829,11.138162,10.186168,5.916266,5.7550206,3.2174013,0.0,7.0585876,6.9191785,10.870415,12.677419,16.59551,17.822746,23.921066,25.59159,28.636335,31.622034,32.40474,31.624376,27.408138,25.687834,21.915075,21.244438,15.891174,15.849866,11.617227,10.638374,10.666571,9.599484,12.457539,14.23164,14.858758,17.195324,20.607477,20.982101,23.459799,23.347479,20.399496,24.698267,24.397532,28.83814,22.6528,24.92634,21.487984,19.82739,15.877691,15.898191,12.165347,7.9107647,10.965037,6.441998,13.082649,14.688614,16.254477,20.04326,21.407333,25.436905,27.427223,26.284388,31.43229,30.72143,33.362507,36.06725,33.402916,29.496054,24.900091,25.121778,20.176886,20.135113,16.247145,15.900652,18.344254,21.626917,24.070375,26.29142,24.504736,29.22768,27.615952,32.01673,29.495255,34.624386,39.22068,36.040897,32.572056,32.440186,26.581541,27.50141,23.44361,24.247961
26,18.585098,14.722927,17.357597,13.38876,12.781368,17.211853,14.458329,20.37118,19.971151,25.95838,25.490896,31.288282,30.083858,27.470669,25.897556,21.148867,19.84779,15.669554,14.094339,10.38027,10.081115,9.277454,7.83394,9.141704,6.7964044,7.0585876,0.0,6.714039,8.099163,11.705348,13.565452,17.202501,21.690325,24.613388,27.047554,30.234917,31.601908,30.474669,26.8638,24.445137,22.070927,19.841234,16.210154,14.155151,12.8920965,8.548296,12.194859,10.791881,11.09838,15.252619,15.991799,15.028073,20.047756,21.76239,22.901585,23.44167,19.63458,24.209381,22.994987,26.632372,20.628304,22.040758,18.358456,15.535629,14.104597,11.8214,9.384583,5.638501,6.694782,1.4062434,6.489511,7.8569217,9.519721,13.179781,14.93224,18.849056,21.225967,20.936314,25.819736,25.978237,28.660456,31.640783,28.475468,24.545502,19.952862,19.974932,14.54466,14.087845,10.043694,9.718851,12.193341,15.403907,17.55646,19.471783,17.759151,22.376707,21.085686,25.539225,23.499731,28.615076,33.086887,29.776405,26.35089,25.65476,20.009787,20.719782,16.542366,17.584616
27,20.551424,17.09374,18.41811,13.420253,13.568658,15.816699,14.827664,19.243279,18.658121,24.530146,23.444397,29.632149,27.321093,24.182594,23.245842,18.243431,16.770538,13.194563,10.907462,8.776927,7.4628015,8.95343,6.1137204,9.639366,8.84758,6.9191785,6.714039,0.0,4.2274604,5.918808,9.793507,11.35099,17.071083,19.100107,21.943773,25.003378,26.02593,25.203678,21.262796,19.394632,16.223526,15.290648,10.858204,10.506029,8.648798,8.85714,10.741747,12.554922,14.785911,17.316324,16.364153,17.440512,22.207611,22.328358,23.26866,22.793335,18.547651,22.369806,20.9791,24.462564,17.868279,19.32917,15.964488,14.816255,12.064316,12.5622225,11.296543,8.25792,12.130127,7.3531275,12.649075,12.671825,13.050759,16.140467,16.733427,20.616518,22.12721,20.363333,25.821209,24.53649,27.566502,30.575247,28.268438,24.70835,20.011692,21.407536,16.037165,17.5149,14.197712,15.317376,18.321688,21.614374,23.131617,24.288898,21.81545,25.879503,23.416922,27.707125,24.326786,29.29609,33.82945,30.537903,27.064978,27.811367,21.647968,23.166784,19.629631,20.902367
28,21.52098,17.728596,18.11306,13.03261,12.148987,13.953461,11.924009,15.987055,14.77207,20.735409,19.39879,25.52142,23.532957,20.508505,19.898468,14.67038,13.917419,9.96755,9.127997,7.32657,8.321691,10.670308,9.463429,13.239551,12.436256,10.870415,8.099163,4.2274604,0.0,4.128266,5.871013,9.388576,13.729448,16.69477,18.988657,22.227264,23.505121,22.441177,18.916111,16.627924,14.518722,12.615615,9.845297,8.23685,9.373884,8.94678,12.266413,14.678792,16.062292,19.13892,17.726917,17.45689,22.913013,23.260561,23.196001,22.777573,17.904282,21.449072,19.306826,21.983051,15.403712,16.091038,12.714933,11.512113,10.559277,10.596476,11.2744665,9.554058,12.868833,9.136503,12.371258,11.586415,10.764772,13.308487,13.232411,16.976171,18.19085,16.225513,21.766966,20.419163,23.621632,26.832893,24.567219,21.198002,16.501907,18.497673,12.95534,15.28184,12.592235,14.555212,17.68566,20.850756,21.661745,22.128836,19.305977,22.879536,19.992416,24.162634,20.43123,25.302706,29.789663,26.489853,23.030426,24.200068,17.968866,19.908192,16.745413,18.48274
29,22.862003,19.490286,19.19502,13.970303,13.74396,13.87067,13.532752,16.125902,15.076236,20.54975,18.9542,25.207287,22.294432,18.923096,18.672964,13.553613,12.546207,9.618053,8.222932,8.3255205,8.587495,11.843386,10.525985,14.663136,14.641026,12.677419,11.705348,5.918808,4.128266,0.0,5.455758,5.5573983,11.348384,13.23867,16.062958,19.08571,20.23145,19.551746,15.841569,14.1679945,11.469047,11.06988,8.15948,8.4945345,9.508296,11.879401,13.835292,17.299297,19.389893,21.740559,19.755964,20.524021,25.62136,25.201258,25.11946,24.152943,19.266657,22.138166,19.93187,22.281818,15.583908,16.075748,13.253254,13.450093,11.957347,13.586022,14.527157,12.908051,16.737534,12.652605,16.449604,15.300128,14.634475,16.52299,16.122633,19.46673,20.19136,17.460226,23.132519,20.833014,24.27969,27.496065,25.88066,22.920942,18.41811,21.142488,15.965833,18.932653,16.561852,18.674013,21.802881,24.887314,25.656404,25.88281,22.919098,26.101757,22.806309,26.735523,22.384962,26.941898,31.29294,27.977287,24.610018,26.509401,20.26995,22.404537,19.735348,21.289942
30,25.231424,21.477917,20.552586,15.671194,14.094389,14.072004,11.742875,13.675993,11.163565,16.764864,14.477854,20.524343,18.522568,15.419216,16.046772,10.531402,11.336709,7.965308,9.581573,9.779492,12.208625,15.327567,14.876804,18.892284,18.304031,16.59551,13.565452,9.793507,5.871013,5.455758,0.0,6.9358654,8.262918,12.499511,13.785617,17.257505,18.617037,17.273623,14.349441,11.703922,11.244084,8.543665,9.005411,6.9754004,11.548405,12.331088,15.6071205,19.158993,20.240522,23.122564,20.851961,19.974588,25.62768,25.61908,24.381252,23.642633,18.26411,20.775295,17.714617,18.927715,12.606043,11.89615,9.155405,9.380205,10.69141,11.5145445,14.473388,14.273622,17.327303,14.648516,16.378746,14.922523,12.562526,13.863726,12.197886,15.197979,15.261758,12.096583,17.752085,15.409441,18.949703,22.355438,20.732924,18.032135,13.693784,17.111052,12.231195,16.121475,14.821531,17.731356,20.880737,23.808626,23.611446,23.037575,19.698662,22.182583,18.368353,21.985048,17.250118,21.639162,25.96748,22.858515,19.546593,22.103374,15.992858,18.846195,16.78639,19.103863
31,25.959286,22.971836,21.562937,16.620956,16.51393,14.5731535,15.537228,15.851502,14.696443,19.07259,17.041145,23.108269,19.194315,15.529782,16.13667,11.504173,10.8837,9.857605,9.279994,11.520498,12.138547,15.871255,15.148338,19.346104,19.862143,17.822746,17.202501,11.35099,9.388576,5.5573983,6.9358654,0.0,7.49786,7.8070683,11.127221,13.816617,15.020999,14.862457,11.419949,10.656682,8.373565,9.879152,9.0952635,10.740509,12.920774,16.69667,18.102322,22.355335,24.594599,26.580313,24.012186,25.010109,29.99639,29.019161,28.42737,26.999865,22.011402,23.870544,21.270264,22.54459,16.26889,15.8638315,14.098878,15.741188,14.982677,17.491426,19.353422,18.268724,22.136387,18.192701,21.594116,19.883778,18.915077,19.844948,18.856234,21.462883,21.448467,17.925446,23.435032,20.03359,23.761356,27.013712,26.2798,24.065716,20.056738,23.725054,19.106852,22.873142,21.134315,23.625706,26.725449,29.615791,30.017706,29.675007,26.501417,28.929764,25.118608,28.567839,23.513111,27.430683,31.433949,28.175064,25.063826,27.970459,21.982353,24.43535,22.617065,24.14409
32,30.572046,27.313377,25.07732,20.661585,19.359928,16.8124,16.27789,14.605757,11.788942,14.87645,11.446669,16.821184,13.385348,9.840031,12.884946,8.609988,10.947846,10.771105,13.256849,15.619586,17.946741,21.611713,21.56008,25.794128,25.834492,23.921066,21.690325,17.071083,13.729448,11.348384,8.262918,7.49786,0.0,6.159933,5.633532,9.202745,10.836857,9.77864,8.326124,6.6423035,9.082687,8.46625,12.331495,12.275919,17.21693,19.918528,22.20873,26.696156,28.091787,30.413374,27.430592,27.008509,32.334354,31.56068,29.646904,28.294088,22.985037,23.919601,20.381105,19.654442,14.666391,12.290117,11.928809,14.483308,16.39554,18.455902,22.095953,22.298605,25.53558,22.789948,24.442194,22.416893,20.012115,19.986914,17.658928,19.169655,17.906443,13.592879,18.347525,14.011789,17.89496,21.25106,21.29311,20.110435,17.065226,21.698404,18.216476,22.844496,22.416838,25.598854,28.618687,31.234715,30.55465,29.205338,25.718456,26.918997,22.498432,25.060297,19.413263,22.366621,25.917456,23.118303,20.441286,24.690653,19.443245,22.66386,22.05034,24.21388
33,30.922953,28.319363,25.679272,21.481373,21.190853,17.40441,19.237894,16.730946,15.521867,17.521168,15.124168,20.134394,14.970393,11.319085,13.510163,10.862659,11.41134,13.030865,13.924026,17.311966,18.601542,22.423891,22.476261,26.679014,27.53004,25.59159,24.613388,19.100107,16.69477,13.23867,12.499511,7.8070683,6.159933,0.0,5.101705,6.2949023,8.5325165,9.688214,8.452452,9.516245,10.116253,12.6882305,14.8828745,16.515991,19.85334,23.816662,25.260422,29.887989,31.94265,33.900475,30.93983,31.605787,36.643505,35.407814,34.09479,32.40062,27.360676,28.149187,25.05177,24.665339,19.635601,17.845205,17.555527,20.1901,20.850965,23.481243,26.320518,25.758945,29.394083,25.700888,28.33314,25.99127,24.725239,24.449802,22.921959,24.371294,23.494719,19.504597,24.206913,19.762466,23.662834,26.891136,27.302578,26.254107,23.17195,27.698572,23.867426,28.253922,27.274853,30.104273,33.052517,35.590294,35.49804,34.409073,31.131216,32.465668,28.261475,30.911852,25.324669,28.080715,31.319063,28.220276,25.686102,29.68758,24.471895,27.11711,26.49617,27.939993
34,34.81977,31.902122,29.231087,25.066156,24.114618,20.660011,21.161276,18.276958,15.89126,17.217215,13.709531,17.749807,13.387633,10.106623,14.366867,11.9544115,14.172122,15.412788,17.524376,20.495184,22.419752,26.20766,26.125544,30.366932,30.701124,28.636335,27.047554,21.943773,18.988657,16.062958,13.785617,11.127221,5.633532,5.101705,0.0,3.9880211,5.477025,5.4234667,6.2636843,7.067442,10.368129,11.750587,15.930139,16.900703,21.352024,25.017433,26.644953,31.569473,33.275364,35.171032,31.84368,31.953625,36.957367,35.6588,33.596405,31.86223,26.821852,26.916386,23.465364,21.977688,18.031172,15.481642,16.193827,19.44801,20.95127,23.651802,27.278051,27.531435,31.006048,28.118307,30.053621,27.94548,25.622164,25.369211,22.949413,24.003006,22.311838,17.840837,21.726597,16.69804,20.195734,23.10056,24.191605,23.802185,21.47713,26.318089,23.458681,28.221876,27.979671,31.212666,34.24527,36.822403,36.045753,34.50422,30.987352,31.77731,27.217375,29.275791,23.468508,25.586683,28.560917,26.135168,23.944315,28.791351,24.089382,27.30183,27.174314,29.179953
35,36.351498,33.76771,30.668634,26.857311,26.17509,22.019272,23.426455,19.703869,17.988075,18.188732,15.256462,18.549866,13.354071,10.505197,14.58543,13.599814,15.403218,17.61362,19.474287,22.872688,24.643276,28.448814,28.66752,32.894913,33.599743,31.622034,30.234917,25.003378,22.227264,19.08571,17.257505,13.816617,9.202745,6.2949023,3.9880211,0.0,4.6211247,6.7384186,8.924993,10.728103,13.543435,15.652615,19.465387,20.752909,24.871769,28.737476,30.264894,35.16492,36.981236,38.88576,35.597343,35.866047,40.86928,39.494015,37.51637,35.704014,30.729542,30.702171,27.311619,25.635519,21.955816,19.341734,20.16184,23.33232,24.865154,27.52794,31.05822,31.075996,34.549503,31.344866,33.362534,30.926647,29.0454,28.327421,26.186981,26.892496,25.245863,21.023924,24.628489,19.609198,23.134594,26.010933,27.39557,27.324883,25.182478,30.086582,27.168756,31.893267,31.587908,34.71981,37.631214,40.02765,39.378555,37.746216,34.35201,34.890568,30.425797,32.31466,26.54448,28.252378,30.803385,28.257238,26.326351,31.186623,26.789549,29.7195,29.902824,31.560627
36,39.42491,36.70911,34.049488,29.869274,29.2423,25.559622,26.554703,23.516842,21.301073,22.08141,18.572336,21.67428,17.249336,14.473793,18.932112,17.236498,19.113457,20.665071,22.264788,25.38126,26.78355,30.600613,30.138474,34.29836,34.70988,32.40474,31.601908,26.02593,23.505121,20.23145,18.617037,15.020999,10.836857,8.5325165,5.477025,4.6211247,0.0,3.6607957,6.437481,9.322409,12.038169,14.830753,18.738058,20.593874,24.369478,28.984768,29.798685,35.16247,37.25389,38.55136,34.860275,35.700638,40.219193,38.29654,36.224857,34.08505,29.469086,28.795933,25.678862,23.909151,20.823158,18.655153,19.993523,23.799894,24.454037,27.904867,31.332565,31.678234,35.494923,32.58213,34.995235,33.13066,30.700003,30.76339,28.19974,29.292349,27.360249,22.697887,26.070274,20.717566,23.563171,25.79831,27.643635,27.64091,25.746233,30.548635,28.196192,33.019684,32.82656,36.111782,39.288647,42.03443,41.21161,39.700073,36.081715,36.859806,32.171093,33.99209,28.135546,29.879896,32.59685,30.662758,28.733368,33.902847,29.396105,32.70504,32.62062,34.65535
