,0,1,2,3,4,5,6,7,8,9,10,11,12,13,14,15,16,17,18,19,20,21,22,23,24,25,26,27,28,29,30,31,32,33,34,35,36,37,38,39,40,41,42,43,44,45,46,47,48,49,50,51,52,53,54,55,56,57,58,59,60,61,62,63,64,65,66,67,68,69,70,71,72,73,74,75,76,77,78,79,80,81,82,83,84,85,86,87,88,89,90,91,92,93,94,95,96,97,98,99,100,101,102,103,104,105,106,107,108
0,0.0,3.9193358,6.5327425,9.744151,13.056647,15.242192,18.185692,21.607092,24.464308,27.044392,30.46023,32.819,35.354725,33.717606,38.105232,33.75535,35.847984,33.82636,37.07432,37.120583,38.58876,41.990368,43.05101,42.752445,43.608612,43.142475,39.979244,40.807228,37.35679,40.770092,34.069767,39.30156,33.959156,35.8495,34.494114,30.945482,28.326061,31.656157,30.932636,27.736864,26.504114,31.410576,29.409529,24.61983,27.03772,31.327915,27.901869,23.675745,27.68265,27.040201,31.813412,31.204834,34.514664,35.346195,37.358147,39.530197,35.905075,40.056587,42.302826,37.27731,36.77271,42.651867,43.585075,42.338078,38.353634,39.08611,44.6263,44.44141,42.05384,47.544758,46.191746,47.676918,43.12373,46.511044,42.473587,45.84489,42.926487,38.755375,39.781525,34.91685,33.34468,31.135359,28.025581,29.847326,30.170742,32.879517,33.405407,37.95837,39.00613,42.96617,42.5417,45.416187,42.64159,39.56075,40.819263,37.150215,35.96111,31.096273,30.342695,27.58009,26.356466,25.193811,21.34632,23.348911,18.198797,24.339266,22.685266,25.269407,23.890661
1,3.9193358,0.0,5.002679,6.174169,9.828513,12.983048,14.911544,18.9083,21.554405,24.131866,27.636908,29.810299,32.286358,30.438093,34.691746,30.4745,32.376785,30.51786,33.48726,33.840904,35.283394,38.63253,39.952347,39.67149,40.437214,39.83346,36.89243,37.626022,34.32781,37.7127,31.246927,36.598186,31.232922,33.54435,32.07692,28.260592,25.97925,29.68572,28.632103,25.227592,24.638317,29.565876,27.159527,22.622263,25.62708,29.623245,25.862453,22.318882,26.689318,26.255753,30.579603,29.86887,33.61886,34.3532,35.94049,37.707733,33.904377,37.90443,40.55885,35.774075,34.689835,40.618565,41.8036,40.80819,36.61137,36.940784,42.468956,42.017635,39.562347,45.069336,43.396328,44.860546,40.565422,43.84497,39.987316,43.287098,40.383865,36.419735,37.44639,32.77961,31.186687,29.264046,25.794096,27.239763,27.431232,29.90702,30.321999,34.644455,35.51962,39.46029,38.875526,41.683975,38.84403,35.809704,37.083794,33.45473,32.449112,27.501562,27.254713,24.302496,23.525736,22.75071,18.598492,20.259783,14.89805,21.035234,19.0853,21.875324,20.44971
2,6.5327425,5.002679,0.0,5.35693,7.3274,8.953893,12.369127,15.173546,18.342428,20.678684,24.126888,26.493904,29.141294,27.732718,32.561684,28.375729,30.863274,29.256361,32.922237,33.39903,35.475452,38.898678,40.56453,39.45244,39.870415,38.998024,35.604797,35.94688,32.300755,35.341274,28.565357,33.35879,27.700598,29.680105,28.711426,25.198563,22.451832,26.144999,25.803951,22.597754,21.42032,27.015312,25.118298,20.48955,23.109064,28.025461,24.799042,20.894434,25.332645,24.171345,28.422735,28.966257,32.124184,32.29532,34.294815,36.107002,32.086544,36.03298,38.510124,33.294235,32.170864,38.0695,38.926422,37.64976,33.31027,33.79835,39.22579,38.821938,36.848133,42.350826,41.05961,42.940315,38.64895,42.413673,38.656353,42.401745,39.815956,35.782738,37.526367,32.68995,31.694592,30.238266,26.569864,27.542976,26.960495,30.105688,29.4859,34.2039,34.775684,38.649185,38.181725,41.157394,38.756573,35.781998,37.709007,34.344673,33.309193,28.48779,28.79882,25.140379,25.011066,24.46718,20.272446,21.49321,15.411167,20.765905,18.452404,20.35483,18.427935
3,9.744151,6.174169,5.35693,0.0,3.8907592,8.30985,8.810499,13.262804,15.699653,18.210344,21.759998,23.787563,26.224352,24.301245,28.671652,24.637133,26.634792,25.164413,28.217848,29.080568,30.93312,34.253563,36.1678,35.324066,35.724964,34.753735,31.829508,32.181095,28.88932,32.027447,25.736502,30.94496,25.446878,28.183746,26.795368,22.766975,20.794857,25.012981,23.852633,20.282,20.401846,25.626797,22.946728,18.856785,22.4563,26.462564,22.61948,19.991007,24.781794,24.235174,27.753431,27.67094,31.60414,31.856718,33.060833,34.256443,30.106153,33.812057,36.919254,32.281437,30.34284,36.27239,37.621128,36.839264,32.306126,32.131363,37.5492,36.75143,34.47347,39.9767,38.082497,39.761055,35.845627,39.259842,35.738144,39.2053,36.548653,32.863064,34.363087,29.915741,28.72943,27.575325,23.530596,24.052177,23.493528,26.070118,25.587757,29.834806,30.26289,34.134518,33.42622,36.27462,33.663994,30.719183,32.500504,29.130766,28.33264,23.402538,24.309628,20.563347,20.978626,20.972254,16.496185,17.208817,11.066429,16.430782,13.717,16.21357,14.394147
4,13.056647,9.828513,7.3274,3.8907592,0.0,5.4133053,5.262038,9.389951,12.049608,14.353279,17.957397,19.988508,22.519749,20.776316,25.540508,21.653402,23.998674,22.903578,26.303333,27.492855,29.817492,33.113384,35.44044,33.974766,34.034657,32.75908,29.65712,29.609797,26.169987,28.98197,22.656298,27.483492,21.726255,24.576473,23.501541,19.50362,17.493343,22.012934,21.1585,17.628345,17.890526,23.526413,20.984985,17.20442,20.846375,25.190317,21.637768,19.37662,24.24232,23.346361,26.370476,27.130682,30.822155,30.609535,31.799543,32.73153,28.360353,31.855066,35.078625,30.361841,27.983322,33.85678,35.130096,34.332,29.583992,29.209524,34.500343,33.536495,31.59446,37.07771,35.249474,37.230747,33.533157,37.21784,33.933228,37.654144,35.27842,31.734211,33.746994,29.390379,28.663492,28.050262,23.789537,23.680738,22.418352,25.295694,23.879322,28.211906,28.251549,32.02171,31.299835,34.22279,31.948187,29.113756,31.424364,28.353207,27.667608,22.915287,24.585733,20.28513,21.513239,21.916662,17.511719,17.588104,11.222629,15.3323765,12.0682535,13.752733,11.335054
5,15.242192,12.983048,8.953893,8.30985,5.4133053,0.0,6.176496,7.0085206,9.821774,12.522054,15.47548,18.255274,20.704313,19.68076,24.771938,20.606585,23.768297,22.531784,27.08083,27.728125,30.704344,34.09941,36.35881,33.995586,33.83362,32.54649,28.70075,28.47468,24.530075,27.120058,20.20164,24.522705,18.842857,20.748283,19.95346,16.567932,13.671333,17.75684,17.814833,14.751641,13.748014,20.01384,18.369741,14.373634,17.148092,22.545435,19.904549,16.94281,21.543097,19.848309,22.872976,24.977787,27.785149,27.054216,28.838976,30.065493,25.65555,29.198772,31.91177,26.657276,24.682568,30.479729,31.278069,30.080034,25.36093,25.476084,30.74581,30.13835,28.57962,34.04041,32.918808,35.24202,31.242043,35.46835,32.106697,36.30672,34.262814,30.48951,33.233532,28.596668,28.556564,28.243479,24.179794,23.918322,21.996187,25.808014,23.490723,28.490034,28.571516,32.235462,32.029922,35.22291,33.620087,30.768606,33.68311,30.891558,29.741924,25.479113,26.794333,22.156273,23.399109,23.604324,19.66386,19.725494,13.503472,16.364586,13.783923,13.872113,11.5947075
6,18.185692,14.911544,12.369127,8.810499,5.262038,6.176496,0.0,5.843265,7.207653,9.764253,13.154841,15.123934,17.421488,15.554823,20.330162,16.572206,19.098621,18.419935,22.038925,23.615042,26.392977,29.590643,32.397488,30.307436,29.989128,28.384586,25.26639,24.824839,21.405725,23.946646,17.874435,22.583385,16.89292,20.223711,19.071262,14.856741,13.455357,18.417416,17.334564,13.775811,15.08838,20.578281,17.84028,15.0046015,19.00882,22.95623,19.580786,18.561264,23.373856,22.505426,24.464989,25.746347,29.450066,28.818014,29.528938,29.84452,25.281832,28.348053,31.955717,27.584433,24.362265,30.082766,31.540936,31.033611,26.07852,25.127592,30.230452,28.929178,27.114708,32.529434,30.488794,32.642296,29.353167,33.11452,30.21703,34.038628,31.972,28.793852,31.241842,27.255373,27.003885,27.157972,22.67986,21.648436,19.598469,22.520113,20.072197,24.269691,23.866966,27.497997,26.786215,29.784418,27.913593,25.191895,28.080402,25.414286,24.808022,20.452057,23.044027,18.22057,20.537823,21.575407,17.485807,16.624268,10.792617,12.602583,8.823293,9.311279,6.2878017
7,21.607092,18.9083,15.173546,13.262804,9.389951,7.0085206,5.843265,0.0,4.881999,5.629175,9.134856,11.448825,14.268785,13.557278,19.506493,16.289574,19.749054,19.784697,24.119951,25.886196,29.344189,32.4205,35.554634,32.497337,31.670794,29.6905,26.092165,24.907373,21.1008,22.713907,16.460896,19.60824,13.051629,15.9983425,16.19384,12.773644,10.567442,15.659926,16.141825,13.358023,13.744583,20.000336,18.341722,15.95823,18.934748,23.85759,21.569174,20.296549,24.698156,22.947495,24.4808,27.442877,30.147099,28.73331,29.942118,30.23823,25.564417,28.306776,31.557781,26.75537,23.410791,28.809149,29.712503,28.806515,23.646725,22.803371,27.52728,26.180182,25.405502,30.657064,29.252386,32.100117,29.048853,33.435402,30.874249,35.18485,33.668888,30.586447,33.84072,29.86898,30.330254,30.91956,26.58342,25.172302,22.336943,25.835978,22.118862,26.478035,25.547493,28.80473,28.233187,31.281252,30.144835,27.741795,31.314976,29.176706,28.657999,24.808655,27.764397,22.710102,25.359478,26.417398,22.645575,21.640985,16.100956,16.65196,13.222037,11.812465,8.336583
8,24.464308,21.554405,18.342428,15.699653,12.049608,9.821774,7.207653,4.881999,0.0,4.842036,6.4498577,9.340654,11.129591,10.04039,15.257971,11.587449,15.2682,15.183178,19.970469,21.490303,25.234848,28.260424,31.459217,27.987654,27.014832,25.00786,21.275738,20.063086,16.22041,17.99237,11.7154665,15.552279,9.780404,13.123795,12.254309,8.284025,7.172991,12.522032,12.095707,9.273254,11.11955,16.508915,14.501138,13.192596,16.512497,20.497223,18.32048,18.29386,22.45821,21.105488,21.644682,24.522892,27.400564,25.892181,26.469358,26.243122,21.539705,23.962584,27.562601,23.295027,19.296827,24.613438,25.876656,25.420647,20.239592,18.836767,23.597227,22.0855,20.90723,26.19242,24.518715,27.262123,24.322998,28.637741,26.247017,30.534964,29.178877,26.351994,29.81166,26.169527,26.95865,28.077522,23.777136,21.790705,18.494537,22.017872,17.69625,22.064974,21.1221,24.317596,24.088732,27.30298,26.56769,24.115309,28.003859,26.130192,25.299137,22.02346,25.023565,19.862297,22.954155,24.30815,21.0584,19.565895,15.000018,13.727088,10.973852,8.190908,5.634314
9,27.044392,24.131866,20.678684,18.210344,14.353279,12.522054,9.764253,5.629175,4.842036,0.0,4.368671,5.8385262,8.879059,8.546224,15.095237,13.017563,16.579638,17.767456,21.780966,24.310083,28.083525,30.799677,34.52235,30.903881,29.53993,27.049711,23.75324,21.775505,18.284513,18.915712,13.760705,15.63371,8.668078,12.830471,13.728179,10.601738,9.860689,14.996743,15.526075,13.360485,14.997983,20.375116,18.757038,17.86651,20.797928,24.898703,22.983793,23.042185,27.094381,25.48454,25.816807,29.162975,31.767694,29.947002,30.568003,30.077711,25.403759,27.35499,30.979765,26.827515,22.475122,27.287449,28.34444,27.826635,22.556524,20.815851,24.869617,22.864367,22.69833,27.595388,25.904234,29.092775,26.952126,31.306637,29.492851,33.75283,32.71644,30.297644,33.865395,30.550947,31.413483,32.692074,28.336102,26.117712,22.709124,25.81514,21.112795,24.734467,23.001854,25.76515,24.999794,27.89236,27.320692,25.358597,29.454784,27.978647,27.85792,24.64872,28.607227,23.481417,27.009636,28.611917,25.216911,23.526676,18.963379,17.685148,14.303054,11.70476,8.369878
10,30.46023,27.636908,24.126888,21.759998,17.957397,15.47548,13.154841,9.134856,6.4498577,4.368671,0.0,3.904846,5.6300435,6.55366,12.696122,10.93087,14.971153,16.376642,20.907286,23.110474,27.282568,29.844158,33.60421,29.28647,27.607483,25.008015,21.413044,19.04629,15.460285,15.440108,10.620015,11.371882,4.30081,8.848822,10.054717,7.76745,7.916833,12.349956,13.212556,11.979925,13.876413,18.407366,17.301643,17.450296,19.839367,23.512503,22.31538,23.0043,26.52552,24.852385,24.29199,28.247772,30.393736,28.185822,28.596327,27.747547,23.19373,24.629875,28.17767,24.339176,19.609879,23.923897,24.893955,24.51863,19.293945,17.173536,20.825304,18.657206,18.923527,23.602604,22.16828,25.655277,23.79569,28.354202,26.899118,31.304352,30.704424,28.563866,32.577297,29.558704,30.943743,32.69049,28.560524,25.953419,22.086182,25.366081,19.919638,23.480114,21.598999,23.991388,23.68058,26.666338,26.835754,25.022726,29.52262,28.470438,28.070133,25.561718,29.387548,24.282791,27.978752,29.657324,26.770548,24.877266,21.01511,18.569468,16.04016,12.476012,10.347606
11,32.819,29.810299,26.493904,23.787563,19.988508,18.255274,15.123934,11.448825,9.340654,5.8385262,3.904846,0.0,3.723358,5.034764,11.644044,11.542732,14.893256,17.328964,20.810669,23.92777,27.933681,30.171726,34.37393,30.16093,28.226404,25.256145,22.36421,19.50991,16.60623,15.811113,12.657774,12.329305,5.9314475,11.028687,12.766097,10.76712,11.7100525,15.86328,16.469824,15.277255,17.68134,21.815512,20.457022,20.93963,23.560637,26.780308,25.39243,26.530611,30.105135,28.618303,27.855787,31.539978,33.892437,31.701662,31.781853,30.547838,26.076982,27.108316,30.930267,27.568773,22.440403,26.334959,27.469816,27.365522,22.25315,19.651611,22.650694,19.94527,20.619669,24.850245,22.959515,26.507555,25.489902,29.712524,28.788572,32.90648,32.456924,30.784142,34.629745,32.036625,33.32095,35.223946,31.004816,28.137918,24.310972,26.973324,21.466692,24.151623,21.62755,23.63318,22.771387,25.401031,25.642159,24.268797,28.835772,28.152565,28.360672,26.004204,30.647087,25.65833,29.785406,31.775316,28.843887,26.671593,23.089005,20.408735,17.499727,14.188554,11.829373
12,35.354725,32.286358,29.141294,26.224352,22.519749,20.704313,17.421488,14.268785,11.129591,8.879059,5.6300435,3.723358,0.0,3.625948,8.735372,9.453117,12.706935,15.48759,18.969322,21.952633,26.125969,28.142693,32.412487,27.79039,25.602224,22.510984,19.682,16.48391,13.8797455,12.4306965,10.5225725,9.371575,4.8965206,9.998407,11.175777,9.776972,11.918169,15.255682,15.425311,14.817479,17.808126,20.844156,19.546213,20.931623,23.404703,25.807007,24.744207,26.649946,29.846983,28.59933,27.106867,30.766743,33.03157,30.738024,30.356737,28.66186,24.389303,24.883993,28.845564,26.109808,20.563858,23.933794,25.27212,25.566236,20.665422,17.513962,20.042141,17.004898,17.737867,21.662945,19.558655,23.173008,22.647358,26.738897,26.2422,30.24887,30.112764,28.846647,32.836327,30.677711,32.249344,34.53833,30.50899,27.292894,23.249311,25.722849,19.810486,22.091307,19.370232,20.988384,20.429733,23.078203,23.913298,22.70241,27.51716,27.223932,27.267143,25.562933,30.171032,25.33183,29.638126,31.76951,29.287407,26.89049,24.06578,20.449522,18.21932,14.449378,13.098377
13,33.717606,30.438093,27.732718,24.301245,20.776316,19.68076,15.554823,13.557278,10.04039,8.546224,6.55366,5.034764,3.625948,0.0,6.858323,7.1579914,9.969541,12.899772,15.9129,19.293411,23.235056,25.30345,29.661142,25.497051,23.491924,20.417826,17.967308,15.078857,12.706856,12.15106,10.14189,11.171935,7.219732,12.513599,12.345576,9.696487,12.261555,16.157187,15.237569,13.937016,17.705563,20.616325,18.531473,19.845589,22.988016,24.896423,23.19248,25.464735,28.921833,28.114513,26.793842,29.585836,32.484035,30.593027,29.863773,28.076113,23.736416,24.42979,28.807323,26.299482,20.623093,24.396118,26.199322,26.764164,21.848324,18.606749,21.63724,18.652206,18.366695,22.578554,19.773752,22.868065,22.215744,25.90295,25.226696,28.953926,28.47267,27.236012,30.814596,28.747862,29.982134,32.200893,28.046535,24.776796,20.947138,22.990492,17.400345,19.43298,16.676065,18.628653,17.766264,20.491858,20.857267,19.466991,24.172832,23.725925,23.890205,22.05193,26.923788,22.140558,26.623783,28.925272,26.420801,23.865944,21.345903,17.545542,15.195837,11.638338,10.48826
14,38.105232,34.691746,32.561684,28.671652,25.540508,24.771938,20.330162,19.506493,15.257971,15.095237,12.696122,11.644044,8.735372,6.858323,0.0,5.405221,5.44064,9.612735,11.343232,14.85154,18.754185,20.198025,24.814077,20.25168,17.791431,14.364479,12.878919,9.424964,8.908691,7.6630516,9.853616,11.094398,11.615655,15.656753,13.919658,12.009906,15.927542,18.456894,16.18368,15.578321,20.32236,21.046196,18.619308,21.383913,24.519028,24.446243,22.922785,26.75309,29.576178,29.544548,27.144772,29.053192,32.197487,30.50827,28.640984,25.896875,22.144453,21.81519,26.687664,25.758753,19.537426,22.294174,24.831078,26.356041,22.148764,18.116358,20.323496,16.978899,15.826351,19.229387,15.202243,17.646488,18.241379,20.93074,21.183014,24.18233,24.096968,23.92408,27.269945,26.350441,27.813995,30.691248,26.962484,23.069376,19.238832,20.205538,14.393782,14.718301,11.299199,12.36743,11.903672,14.675715,16.12489,15.107959,20.14025,20.557587,20.549805,20.211952,25.092325,20.974163,25.757168,28.40257,26.84951,23.870579,23.169973,17.871363,16.970816,13.440414,14.281492
15,33.75535,30.4745,28.375729,24.637133,21.653402,20.606585,16.572206,16.289574,11.587449,13.017563,10.93087,11.542732,9.453117,7.1579914,5.405221,0.0,4.5045476,6.049992,10.658527,12.597187,16.913826,19.201271,23.134151,18.633814,16.812214,14.141005,11.081684,8.941775,6.319245,7.953877,6.090775,10.662035,10.397381,14.066075,11.020291,7.9770093,11.907559,14.624113,11.577805,10.45465,15.509716,16.333431,13.496583,16.04109,19.419655,19.504503,17.718418,21.371105,24.331392,24.368399,22.299383,24.029743,27.375084,25.896101,24.26328,22.003565,17.883364,18.389862,23.262606,21.688492,15.7559395,19.58719,22.172434,23.438946,19.005793,15.494334,19.00858,16.4387,14.167167,18.694647,15.188955,17.382973,16.151958,19.434978,18.471546,22.012861,21.352686,20.244743,23.753643,22.037834,23.464188,26.092958,22.254307,18.591816,14.580611,16.48507,10.481941,12.829224,10.81541,13.303122,13.700136,17.103687,17.735756,15.68144,20.40486,19.860716,18.884838,17.90162,21.739096,17.219439,21.601292,23.941452,22.33373,19.597012,18.625216,13.297747,12.907541,8.906021,10.584112
16,35.847984,32.376785,30.863274,26.634792,23.998674,23.768297,19.098621,19.749054,15.2682,16.579638,14.971153,14.893256,12.706935,9.969541,5.44064,4.5045476,0.0,4.6939545,6.4964147,9.713547,13.592439,15.439714,19.870312,15.784332,13.839882,10.836774,9.4659605,7.542112,7.359566,9.00199,9.954917,14.056593,14.587582,18.33646,15.201307,12.379572,16.286098,18.811514,15.220268,14.027786,19.349327,19.376997,16.042973,18.872934,22.55786,21.479357,19.256866,23.720211,26.557703,27.217747,24.95174,25.533295,29.419596,28.354183,26.0044,23.242949,19.581825,19.62829,24.873688,24.289303,18.323418,21.608486,24.66998,26.445536,22.446444,18.714275,21.728676,18.999676,16.258661,20.100876,15.651408,16.924501,16.62573,18.673775,18.27159,20.881306,20.136778,19.848078,22.614916,21.7943,22.88776,25.74542,22.050323,18.056206,14.540836,14.904483,9.510487,9.6768465,6.7437057,9.201277,9.250621,12.712693,13.361026,11.396202,16.239906,16.163433,15.478111,15.326492,19.7837,15.866752,20.654837,23.405659,22.236435,19.13261,19.437817,13.559654,13.641719,10.610112,12.843784
17,33.82636,30.51786,29.256361,25.164413,22.903578,22.531784,18.419935,19.784697,15.183178,17.767456,16.376642,17.328964,15.48759,12.899772,9.612735,6.049992,4.6939545,0.0,6.723986,6.737891,11.109819,13.744039,17.270676,13.156024,11.949782,10.054845,7.314364,7.5525193,6.482806,10.311187,9.455775,15.277551,16.086657,19.04701,14.892303,11.871682,15.464619,17.46879,13.002534,11.666895,17.065344,16.255823,12.435399,15.461045,19.24101,17.377779,14.891254,19.813221,22.44084,23.54059,21.278322,21.100006,25.31489,24.635721,22.070303,19.481573,15.848984,16.386477,21.685436,21.151827,15.649173,19.411797,22.68295,24.49362,20.757547,17.524157,21.210361,19.221224,15.403938,19.674889,15.582734,16.179987,14.455795,16.483427,15.068764,17.822563,16.51343,15.61636,18.359045,17.169182,18.278389,21.159903,17.56859,13.532822,9.882677,10.699752,4.903276,7.1484323,6.6328897,10.104921,11.417461,15.066934,15.279077,12.555494,16.703362,15.880553,13.874109,13.713693,16.607998,12.662678,16.968176,19.484861,18.768091,15.828618,16.765045,10.453804,12.02611,9.183487,12.6341715
18,37.07432,33.48726,32.922237,28.217848,26.303333,27.08083,22.038925,24.119951,19.970469,21.780966,20.907286,20.810669,18.969322,15.9129,11.343232,10.658527,6.4964147,6.723986,0.0,6.1546946,8.190542,9.645621,14.492799,12.032072,10.806616,8.469828,9.934488,10.130381,11.73481,14.110241,15.565179,20.236135,20.96063,24.630459,21.02954,18.0009,21.62898,24.043247,19.715242,18.190119,23.601427,22.85519,18.874023,21.588385,25.661451,23.232939,20.264603,25.434652,28.117435,29.676735,27.528397,26.254894,30.973482,30.703808,27.614113,24.631042,21.624613,21.621212,27.045834,27.388365,21.9215,24.970352,28.497564,30.671635,27.177704,23.647827,26.636486,24.204924,20.644342,23.982494,19.031433,18.787766,18.732807,19.049534,18.708815,19.855078,18.500229,18.941444,20.172897,20.379501,20.663578,23.522388,20.159248,16.098396,13.885526,11.838004,9.040665,5.759961,2.978907,6.285492,5.931311,9.234834,8.705417,5.9332147,10.274355,10.356826,9.5091305,10.822941,15.482049,12.866112,17.72931,20.870337,20.472118,17.115532,19.392418,13.390374,14.518651,13.2200775,16.154163
19,37.120583,33.840904,33.39903,29.080568,27.492855,27.728125,23.615042,25.886196,21.490303,24.310083,23.110474,23.92777,21.952633,19.293411,14.85154,12.597187,9.713547,6.737891,6.1546946,0.0,4.7242174,7.3985248,10.55751,7.0125175,6.8136115,6.593232,6.77839,9.516518,10.95727,14.569948,15.445328,20.912771,22.704016,25.302855,20.777176,18.217464,21.660631,22.9819,18.056019,17.034475,22.130798,19.84917,15.918822,19.200201,22.789793,18.93555,16.282495,22.196089,24.078377,26.211765,23.610939,21.430334,26.201054,26.32364,22.676464,19.554697,17.172949,17.110695,22.421232,23.489,18.708782,21.49462,25.26287,27.683792,24.887083,21.812006,24.957373,23.309835,18.74631,21.992228,17.455055,16.218164,15.016984,14.71445,13.616237,14.419403,12.567203,12.986352,14.062634,14.644766,15.27852,18.61947,15.921981,11.646746,9.62856,7.1558175,5.1769304,1.0048105,5.063971,7.9896655,10.389108,13.490312,13.596493,10.796214,13.6033325,13.092447,9.90117,12.067203,13.552897,11.587597,15.311135,18.004227,18.746042,15.766515,19.08597,12.80951,15.769238,14.408263,18.24498
20,38.58876,35.283394,35.475452,30.93312,29.817492,30.704344,26.392977,29.344189,25.234848,28.083525,27.282568,27.933681,26.125969,23.235056,18.754185,16.913826,13.592439,11.109819,8.190542,4.7242174,0.0,3.6189675,6.59162,6.409811,7.7271767,8.729759,10.901598,13.748199,15.650972,19.041376,20.121895,25.584507,27.172468,29.962336,25.452948,22.722221,25.993567,27.458939,22.438208,21.179777,26.149078,23.804472,19.730412,22.584515,26.308205,21.97456,18.931662,24.830168,26.603365,29.222565,26.904564,23.549711,28.735512,29.408588,25.47872,22.436396,20.628632,20.59331,25.672373,27.185396,22.888329,25.462791,29.315422,31.847334,29.303133,26.373169,29.427011,27.848484,23.196795,26.082783,21.448309,19.578682,18.732828,17.321182,16.404453,15.851364,13.560955,14.610995,13.86463,15.474012,15.152104,18.230898,16.069988,12.252306,11.933207,7.3900323,9.141031,4.5274234,7.8107586,9.713017,11.480981,13.661407,12.950125,10.269781,11.270187,10.743731,6.9389,10.756813,11.48228,11.371152,14.533089,17.361872,18.783434,15.869048,20.420076,14.759585,17.90865,17.573961,21.359636
21,41.990368,38.63253,38.898678,34.253563,33.113384,34.09941,29.590643,32.4205,28.260424,30.799677,29.844158,30.171726,28.142693,25.30345,20.198025,19.201271,15.439714,13.744039,9.645621,7.3985248,3.6189675,0.0,5.4081364,6.423006,7.490628,8.650123,12.432369,14.972247,17.689142,20.474688,22.614094,27.50195,29.530466,32.369686,27.989613,25.499506,28.9947,30.355341,25.415316,24.37553,29.4196,26.852028,22.961668,26.05578,29.645626,25.074537,22.322226,28.332005,29.906652,32.572433,29.978619,26.611769,31.620062,32.263123,28.068624,24.70097,23.281977,22.705908,27.720633,29.815737,25.416298,27.394264,31.32841,34.106533,31.789474,28.634445,31.181181,29.439074,24.938099,27.216906,22.331856,20.05238,20.174196,17.938322,17.893618,16.480343,14.683022,16.732004,15.57531,18.114822,17.853645,21.000986,19.274052,15.610799,15.41946,10.835305,12.333145,6.7973976,8.903706,9.324187,11.015761,12.342222,12.036959,10.181664,10.437567,11.058059,8.169182,12.924603,14.02347,14.596758,17.621668,20.441704,22.049448,19.14709,23.830374,18.233864,21.108002,20.732841,24.356346
22,43.05101,39.952347,40.56453,36.1678,35.44044,36.35881,32.397488,35.554634,31.459217,34.52235,33.60421,34.37393,32.412487,29.661142,24.814077,23.134151,19.870312,17.270676,14.492799,10.55751,6.59162,5.4081364,0.0,6.713857,9.541487,12.284395,15.10758,18.491413,20.860157,24.090399,25.683441,30.936634,33.24086,35.58131,30.807188,28.491585,31.684864,32.522953,27.396673,26.523605,31.12157,27.800117,24.086456,27.072569,30.276358,24.83053,22.266582,28.322115,29.238039,32.43265,29.843864,25.350756,30.394966,31.618473,27.095222,23.921654,23.350615,22.858501,27.324842,29.98152,26.516184,28.211329,32.149696,34.998005,33.270607,30.605421,33.215645,32.040504,27.096203,29.171474,24.792372,21.876217,21.291847,18.328428,17.762596,15.3095665,12.956284,15.228591,12.4689045,16.026735,15.378575,18.429224,17.861553,14.895888,15.888399,10.976476,14.450101,10.333894,13.632538,14.185416,16.363413,17.605965,17.235989,15.330793,14.687115,14.636692,10.894282,15.463273,13.866691,15.792282,17.268332,19.482569,22.13632,19.800266,25.256163,20.18764,23.824133,23.777102,27.68649
23,42.752445,39.67149,39.45244,35.324066,33.974766,33.995586,30.307436,32.497337,27.987654,30.903881,29.28647,30.16093,27.79039,25.497051,20.25168,18.633814,15.784332,13.156024,12.032072,7.0125175,6.409811,6.423006,6.713857,0.0,3.390486,6.8981104,8.95557,12.549502,15.144463,18.129112,20.368435,25.06653,28.265842,30.100292,25.30627,23.639652,27.122686,27.375492,22.433002,22.2396,26.862438,23.038736,19.815369,23.663832,26.392962,20.98869,19.343609,25.722233,26.414688,29.104315,25.722548,22.644028,26.968548,27.448412,22.867098,19.107908,18.391977,17.187769,21.928564,24.82529,20.848589,22.044138,26.02631,29.041792,27.421057,24.507658,26.717215,25.536098,20.628826,22.474098,18.124706,15.203573,14.788249,11.955276,11.862381,10.057719,8.534229,11.39186,11.098214,14.245107,15.263255,19.1309,18.058437,14.251192,13.399965,10.182326,10.58671,6.7319117,10.03456,10.322531,13.807088,15.872122,16.930822,15.000926,16.513332,16.838701,13.27947,17.059526,16.62195,16.510561,18.846199,21.043272,23.082891,20.544714,24.836962,18.89936,22.43472,21.16495,25.111382
24,43.608612,40.437214,39.870415,35.724964,34.034657,33.83362,29.989128,31.670794,27.014832,29.53993,27.607483,28.226404,25.602224,23.491924,17.791431,16.812214,13.839882,11.949782,10.806616,6.8136115,7.7271767,7.490628,9.541487,3.390486,0.0,3.8098197,6.8314724,9.830137,13.079462,15.448952,18.64992,22.700583,26.289951,28.157,23.605938,22.210138,25.979652,26.220304,21.520658,21.569498,26.360683,22.70707,19.698713,23.85982,26.52575,21.585415,20.255962,26.57778,27.424047,29.706882,26.059572,23.960833,27.915375,27.898268,23.469402,19.444578,18.419315,16.761536,21.708,24.557297,19.98079,20.880016,24.850906,27.951918,26.187466,22.885107,24.695608,23.173971,18.58408,20.17446,15.462934,12.706228,13.265856,10.651013,11.5364,10.393161,9.931779,12.838392,13.721352,16.374392,17.81579,21.742199,20.260483,16.189123,14.47447,12.0052,10.52308,6.2622914,8.254662,7.7470207,11.682492,13.842484,15.693232,14.115905,16.454,17.285608,14.376378,17.966784,18.714245,17.874073,20.859911,23.232824,24.770542,22.023972,25.687378,19.436865,22.48825,20.695473,24.425322
25,43.142475,39.83346,38.998024,34.753735,32.75908,32.54649,28.384586,29.6905,25.00786,27.049711,25.008015,25.256145,22.510984,20.417826,14.364479,14.141005,10.836774,10.054845,8.469828,6.593232,8.729759,8.650123,12.284395,6.8981104,3.8098197,0.0,5.6484647,7.1396255,10.976068,12.707714,16.638912,20.19809,23.64799,25.893866,21.739012,20.283508,24.293358,24.93438,20.514736,20.477518,25.524324,22.579754,19.550608,23.683083,26.566938,22.483038,21.051497,27.116816,28.434515,30.273823,26.726494,25.507837,29.363947,28.928352,24.903053,20.93106,19.229681,17.615786,22.803047,25.044401,19.790533,20.926964,24.775906,27.739439,25.479359,21.777668,23.48616,21.428766,17.356825,19.12685,13.960819,12.085237,13.403008,11.898875,13.143409,13.122624,13.016843,15.29368,16.897547,18.764874,20.221502,24.010431,21.899525,17.62999,15.252267,13.306544,10.289305,5.8240895,5.5639243,4.3469195,8.5342045,11.015596,13.37955,12.060961,15.327998,16.491777,14.402272,17.536642,19.695642,18.101116,21.83056,24.464191,25.332626,22.340647,25.31087,18.899399,21.248365,19.105225,22.490528
26,39.979244,36.89243,35.604797,31.829508,29.65712,28.70075,25.26639,26.092165,21.275738,23.75324,21.413044,22.36421,19.682,17.967308,12.878919,11.081684,9.4659605,7.314364,9.934488,6.77839,10.901598,12.432369,15.10758,8.95557,6.8314724,5.6484647,0.0,4.2206273,6.355269,9.3595295,11.918164,16.115595,19.788794,21.366028,16.780859,15.627819,19.48694,19.59098,15.125335,15.517508,20.294804,17.026588,14.315196,18.782879,21.257442,17.437286,16.562204,22.44051,23.615599,25.111269,21.385035,21.050058,24.482286,23.694506,20.0108,16.222708,13.978581,12.603017,17.956608,19.580452,14.1838875,15.839428,19.637224,22.38924,19.96968,16.4571,18.763012,17.108713,12.514236,15.272845,10.719268,9.708427,8.905503,9.494625,9.380894,11.485302,11.32089,12.155968,15.363046,15.883708,18.058283,21.838028,19.52153,15.309629,11.939506,12.077748,7.1179066,6.778801,7.4715886,8.543015,12.141692,15.356393,17.255428,15.261628,19.035194,19.237795,16.57438,18.413607,19.843445,17.253622,20.673769,22.882635,23.46464,20.770945,22.840681,16.469032,19.013115,16.17549,19.667568
27,40.807228,37.626022,35.94688,32.181095,29.609797,28.47468,24.824839,24.907373,20.063086,21.775505,19.04629,19.50991,16.48391,15.078857,9.424964,8.941775,7.542112,7.5525193,10.130381,9.516518,13.748199,14.972247,18.491413,12.549502,9.830137,7.1396255,4.2206273,0.0,4.542675,5.6693063,10.193498,13.0699415,17.059568,18.912968,14.981751,14.145856,18.340252,18.726402,14.965416,15.515131,20.35177,17.950203,15.632319,19.975702,22.414848,19.726927,19.040339,24.373337,25.892124,26.787283,23.11087,23.932888,26.950182,25.624424,22.465097,18.789762,16.128532,14.610622,19.776566,20.844893,14.835242,16.322323,19.77524,22.358528,19.501755,15.443931,17.249775,14.830933,11.232949,13.911247,8.914386,9.421181,10.075339,11.65815,12.4070835,14.905292,15.304916,16.063475,19.55655,19.753887,21.927044,25.547955,22.850544,18.644552,14.902589,15.44707,9.710004,9.337522,7.8466053,8.244792,11.154642,14.335736,16.78677,15.289872,19.733532,20.321117,18.523327,19.95824,22.601274,19.484957,23.447212,25.819563,25.787266,22.946245,24.160074,17.85507,19.4293,16.069319,18.914726
28,37.35679,34.32781,32.300755,28.88932,26.169987,24.530075,21.405725,21.1008,16.22041,18.284513,15.460285,16.60623,13.8797455,12.706856,8.908691,6.319245,7.359566,6.482806,11.73481,10.95727,15.650972,17.689142,20.860157,15.144463,13.079462,10.976068,6.355269,4.542675,0.0,4.776766,5.7964354,10.108012,13.499867,15.096161,10.766073,9.755477,13.874972,14.277681,10.526975,11.158601,15.892078,14.01836,11.84638,16.035078,18.379814,16.67825,16.122915,20.824955,22.593945,23.023914,19.640345,21.34153,24.131863,22.530497,20.081554,17.047722,13.566026,12.949018,17.981312,17.745506,11.550227,14.279092,17.38923,19.414524,15.908666,12.041189,14.981998,12.841816,9.148252,13.381388,9.655016,11.386239,9.887594,13.300743,12.644299,16.384163,16.366215,15.762774,19.902525,18.849316,21.14263,24.419142,21.394056,17.482792,13.233345,15.290334,8.844926,11.174009,10.298082,11.985715,14.251202,17.71187,19.422022,17.436518,21.964643,21.818506,19.823154,20.168161,22.50235,18.672066,22.411459,24.477615,23.966564,21.395096,21.615643,15.692157,17.033808,13.180488,15.86057
29,40.770092,37.7127,35.341274,32.027447,28.98197,27.120058,23.946646,22.713907,17.99237,18.915712,15.440108,15.811113,12.4306965,12.15106,7.6630516,7.953877,9.00199,10.311187,14.110241,14.569948,19.041376,20.474688,24.090399,18.129112,15.448952,12.707714,9.3595295,5.6693063,4.776766,0.0,7.3914175,7.6626267,12.6019,14.023396,10.965556,11.2371435,15.417546,15.589079,13.193018,14.356623,18.558561,17.100857,15.806866,19.872124,21.74327,20.627913,20.607607,24.929438,26.587397,26.568659,22.956196,25.533993,27.682474,25.597095,23.368456,20.156052,17.02107,15.640797,20.163792,20.146437,13.852861,15.281116,17.932999,19.985456,16.605188,12.193629,13.577986,10.449143,8.568637,11.644441,7.7523193,10.814058,11.396705,14.75198,15.416154,18.906376,19.677479,19.728619,23.967262,23.324629,25.774384,29.143902,26.16787,22.2257,18.005999,19.774271,13.409569,14.530046,12.527949,12.989789,14.866742,17.863937,20.381565,19.12789,23.967495,24.44564,23.104294,23.659672,26.749374,22.931019,26.95213,29.138615,28.448057,25.779633,25.636925,19.866615,20.491266,16.438202,18.304039
30,34.069767,31.246927,28.565357,25.736502,22.656298,20.20164,17.874435,16.460896,11.7154665,13.760705,10.620015,12.657774,10.5225725,10.14189,9.853616,6.090775,9.954917,9.455775,15.565179,15.445328,20.121895,22.614094,25.683441,20.368435,18.64992,16.638912,11.918164,10.193498,5.7964354,7.3914175,0.0,7.0516095,8.590098,9.909958,5.494033,4.1299286,8.282128,9.168172,6.5254836,7.254813,11.367372,11.480236,10.107161,13.253215,15.295837,15.945812,15.635876,18.722256,20.983837,20.403883,17.764494,21.06942,23.264473,21.14737,20.07427,18.163887,13.9239435,14.501103,18.678432,16.422964,10.521751,14.535465,16.606546,17.516253,12.939367,9.585822,13.712278,11.834418,9.575578,14.782976,12.860445,15.737187,13.233668,17.83242,16.362268,20.857939,20.612843,18.862106,23.362377,21.050348,23.27442,25.933863,22.530087,19.2377,14.81761,18.23744,11.965216,15.857773,14.972137,17.16501,18.638308,22.109695,23.265593,21.123932,25.720478,25.024374,23.257244,22.364925,24.735575,20.192217,23.664885,25.355457,24.01536,21.84939,20.37849,15.552844,15.891625,11.527552,13.130727
31,39.30156,36.598186,33.35879,30.94496,27.483492,24.522705,22.583385,19.60824,15.552279,15.63371,11.371882,12.329305,9.371575,11.171935,11.094398,10.662035,14.056593,15.277551,20.236135,20.912771,25.584507,27.50195,30.936634,25.06653,22.700583,20.19809,16.115595,13.0699415,10.108012,7.6626267,7.0516095,0.0,7.294795,6.8285937,5.981365,8.539367,11.464276,11.125228,11.506193,13.303019,15.715579,15.997618,16.22421,19.247746,20.140066,21.38728,22.093597,24.66431,26.447355,25.18969,22.129402,26.742796,27.773237,24.902882,24.220373,22.111227,18.520786,17.96594,21.23203,19.277618,13.6744995,15.541638,16.605326,17.28996,13.076835,9.230844,10.74769,7.6632724,9.133533,12.721848,12.029932,16.244791,15.511123,20.251272,20.096071,24.502356,25.225685,24.184818,29.01744,27.201756,29.803482,32.664135,29.462847,26.106194,21.660233,24.790827,18.331438,21.090416,19.303064,20.342894,21.612438,24.58963,26.639826,25.256027,30.195309,30.175497,28.967796,28.418722,31.435308,26.950083,30.6458,32.402367,30.984585,28.771381,26.960697,22.367966,22.056911,17.645681,18.165325
32,33.959156,31.232922,27.700598,25.446878,21.726255,18.842857,16.89292,13.051629,9.780404,8.668078,4.30081,5.9314475,4.8965206,7.219732,11.615655,10.397381,14.587582,16.086657,20.96063,22.704016,27.172468,29.530466,33.24086,28.265842,26.289951,23.64799,19.788794,17.059568,13.499867,12.6019,8.590098,7.294795,0.0,5.4273686,7.1205854,6.7083344,7.981083,10.740018,11.979688,11.989676,13.928267,17.221367,16.774113,17.973171,19.674456,22.777098,22.381504,23.641989,26.532993,24.83159,23.364288,27.876064,29.484606,26.902313,27.090885,25.8752,21.567896,22.377308,25.748163,22.333706,17.306501,20.891111,21.722214,21.51818,16.464739,13.902915,16.935307,14.571934,15.464535,19.796146,18.755695,22.58142,21.069654,25.813992,24.784685,29.294613,29.18682,27.371237,31.792206,29.119377,31.01088,33.178173,29.349684,26.44541,22.248343,25.620792,19.61622,23.009378,21.064146,22.98428,23.196419,26.20662,27.124271,25.49233,30.268667,29.624947,28.948784,27.138853,30.728176,25.757296,29.496435,31.197283,28.81549,26.801262,23.605461,20.300406,18.591412,14.510184,13.431185
33,35.8495,33.54435,29.680105,28.183746,24.576473,20.748283,20.223711,15.9983425,13.123795,12.830471,8.848822,11.028687,9.998407,12.513599,15.656753,14.066075,18.33646,19.04701,24.630459,25.302855,29.962336,32.369686,35.58131,30.100292,28.157,25.893866,21.366028,18.912968,15.096161,14.023396,9.909958,6.8285937,5.4273686,0.0,5.3611374,8.176442,8.236496,8.12817,11.271059,12.732706,12.997101,15.614029,16.677204,18.073195,18.33259,21.824488,22.628084,23.378563,25.48242,23.244238,21.36562,27.070084,27.529125,24.405436,25.166103,24.292946,20.342682,20.983135,23.363564,19.562037,15.328244,18.241304,18.178959,17.383924,12.52785,10.732688,13.344804,11.836257,13.735774,17.704735,18.210308,22.300865,20.31639,25.560005,24.432976,29.291021,29.557413,27.530584,32.442924,29.590977,31.989698,34.199818,30.802547,28.130283,23.832247,27.824059,21.764482,25.671019,24.25636,25.993822,26.907923,30.025192,31.367805,29.650618,34.44855,33.804672,32.589558,31.047039,33.76726,28.88867,32.108154,33.42397,31.375475,29.683239,26.50778,23.322018,22.314465,18.140167,17.542257
34,34.494114,32.07692,28.711426,26.795368,23.501541,19.95346,19.071262,16.19384,12.254309,13.728179,10.054717,12.766097,11.175777,12.345576,13.919658,11.020291,15.201307,14.892303,21.02954,20.777176,25.452948,27.989613,30.807188,25.30627,23.605938,21.739012,16.780859,14.981751,10.766073,10.965556,5.494033,5.981365,7.1205854,5.3611374,0.0,4.6602707,6.309662,5.242499,6.370477,8.473647,9.83635,10.979754,11.699413,13.971402,14.491819,16.908672,17.73012,19.313053,21.212877,19.571165,17.108974,22.233047,23.121344,20.271898,20.404573,19.277422,15.182534,15.951411,18.812737,15.324481,10.436323,14.114413,14.847849,14.690135,9.60512,7.1322865,11.381613,10.208709,9.931877,14.865395,14.878632,18.446962,15.641017,20.918509,19.349277,24.268167,24.340796,22.179577,27.102377,24.286018,26.79459,29.165113,25.948303,23.178944,18.83393,22.94469,16.948654,21.22633,20.431158,22.41855,23.880825,27.250029,28.54168,26.499006,31.134588,30.351486,28.588284,27.363935,29.408117,24.72856,27.735737,29.000965,27.419336,25.700129,23.279732,19.475952,19.400677,15.108983,15.695679
35,30.945482,28.260592,25.198563,22.766975,19.50362,16.567932,14.856741,12.773644,8.284025,10.601738,7.76745,10.76712,9.776972,9.696487,12.009906,7.9770093,12.379572,11.871682,18.0009,18.217464,22.722221,25.499506,28.491585,23.639652,22.210138,20.283508,15.627819,14.145856,9.755477,11.2371435,4.1299286,8.539367,6.7083344,8.176442,4.6602707,0.0,4.3005357,6.958931,5.748978,5.462566,8.659575,11.164758,10.097963,11.683668,13.766792,16.240725,15.689234,17.388723,20.19413,18.98999,17.367123,21.262661,23.310574,21.126862,21.016453,19.983246,15.448219,16.937214,20.554081,17.02689,12.021381,16.754028,18.162086,18.226713,13.136906,10.862705,15.543073,14.08865,12.652012,17.954056,16.72392,19.735268,16.768276,21.56706,19.581629,24.246325,23.664154,21.272306,25.670424,22.619791,24.547638,26.66326,22.997147,20.235178,16.014854,19.970922,14.222164,18.73692,17.954588,20.53898,21.539263,25.001802,25.612816,23.312778,27.772623,26.63747,25.024822,23.29292,25.62833,20.74968,23.95116,25.376831,23.430294,21.602358,18.95645,15.238811,14.792169,10.508151,11.099527
36,28.326061,25.97925,22.451832,20.794857,17.493343,13.671333,13.455357,10.567442,7.172991,9.860689,7.916833,11.7100525,11.918169,12.261555,15.927542,11.907559,16.286098,15.464619,21.62898,21.660631,25.993567,28.9947,31.684864,27.122686,25.979652,24.293358,19.48694,18.340252,13.874972,15.417546,8.282128,11.464276,7.981083,8.236496,6.309662,4.3005357,0.0,5.3697968,6.513263,5.8482466,6.0948615,10.9889965,10.778636,10.634716,12.098382,16.420378,16.042362,16.075262,19.095615,17.138279,16.55536,21.17795,22.745634,20.461414,21.4055,21.301619,16.744473,18.9533,21.797567,17.133324,13.419987,18.489792,19.189331,18.404572,13.191591,12.308057,17.264997,16.496792,15.5449095,20.813204,20.366446,23.415464,19.885195,24.903057,22.429758,27.276752,26.487183,23.504623,27.87699,24.165615,25.944082,27.523102,23.862309,21.765186,17.870907,22.349363,17.23812,22.278683,21.822632,24.631126,25.518612,28.986057,29.257536,26.80792,31.05857,29.54424,27.869495,25.56057,27.426083,22.450287,25.070606,26.05161,23.726627,22.424583,18.777504,16.427603,15.604964,11.87443,11.585651
