,0,1,2,3,4,5,6,7,8,9,10,11,12,13,14,15,16,17,18,19,20,21,22,23,24,25,26,27,28,29,30,31,32,33,34,35,36,37,38,39,40,41,42,43,44,45,46,47,48,49,50,51,52,53,54,55,56,57,58,59,60,61,62,63,64,65,66,67,68,69,70,71,72,73,74,75,76,77,78,79,80,81,82,83,84,85,86,87,88,89,90,91,92,93,94,95,96,97,98,99,100,101,102,103,104,105,106,107,108,109,110,111
0,0.0,3.572776,7.1338873,10.571175,13.639072,14.837104,18.28677,20.780935,24.23158,26.357347,29.778921,32.391422,35.21982,37.005978,41.271023,38.46795,42.2776,39.91829,46.56957,43.178055,46.891914,48.663086,52.333244,46.699368,45.459198,43.577225,39.186756,37.4139,33.067413,33.024303,25.634413,26.42717,21.859673,20.476196,20.374056,20.49144,17.637306,21.077845,24.172873,22.80217,21.204073,27.744972,27.778538,25.440838,26.663076,32.802776,31.778992,29.513666,33.08564,29.94642,31.61473,36.61618,37.417305,35.14255,37.620636,38.60172,34.12731,37.02147,39.34907,33.647755,31.728127,36.989822,37.715164,35.946022,31.107748,31.99181,37.072845,37.025253,35.844334,40.8125,41.32066,44.182415,40.588577,45.539875,42.417244,47.075424,45.381668,41.32847,44.81519,39.83171,39.794983,39.134655,35.634384,34.35916,31.33139,35.911434,31.33101,36.62001,35.120106,38.423454,37.692123,42.233677,43.086742,46.226482,45.83457,47.10162,43.226223,42.08965,39.2859,39.70817,34.938217,36.313335,31.802979,32.36964,32.18746,27.795914,28.09942,22.253956,25.367212,21.64004,22.640657,21.432203
1,3.572776,0.0,3.6294754,7.5506473,10.747351,12.739374,15.498989,18.116306,21.615618,23.515461,27.086119,29.461246,32.459503,34.19757,38.815502,36.061584,40.02655,37.8859,44.53969,41.459564,45.172707,47.134674,50.714382,45.239372,44.242523,42.255894,38.063778,36.339325,32.102028,32.190224,24.609282,25.962112,21.873856,20.306736,19.240715,19.05155,15.84756,19.508528,22.280094,20.612099,18.816658,25.557266,25.417404,22.656717,24.008148,30.251015,29.035065,26.44782,30.157372,27.091835,29.133228,33.81937,34.79731,32.778004,35.290543,36.457523,32.03018,35.195038,37.48079,31.732779,30.134325,35.5576,36.560047,34.894382,30.17269,31.148373,36.453453,36.515396,34.830433,39.718307,40.350666,42.970547,39.015545,43.855923,40.476063,45.059372,43.205704,39.01244,42.272644,37.17327,36.99531,36.11495,32.729225,31.732574,28.944366,33.644665,29.483124,35.029255,33.840767,37.31813,36.87459,41.4309,42.457,45.413822,44.74594,46.005264,42.032547,40.623573,38.02303,38.00683,33.38869,34.250317,29.84007,30.11332,29.702072,25.458765,25.993246,20.218466,23.565435,20.433622,21.341963,20.860098
2,7.1338873,3.6294754,0.0,4.4571905,7.6491065,10.47949,12.380406,15.109717,18.57507,20.298964,23.969814,26.14009,29.281824,30.941278,35.852463,33.11856,37.20252,35.260277,41.888405,39.10477,42.806976,44.934288,48.427635,43.134686,42.37254,40.31133,36.32555,34.693783,30.603231,30.866503,23.171648,25.197195,21.616081,20.048536,18.00881,17.36188,13.972017,17.91375,20.145056,18.12186,16.335665,23.175816,22.737082,19.617607,21.252516,27.435526,25.952734,23.197123,27.097582,24.215557,26.54422,30.784569,32.066433,30.336632,32.744717,33.997097,29.612776,33.002815,35.33635,29.664957,28.27143,33.844307,35.17881,33.716972,29.09895,30.046158,35.524265,35.61777,33.433838,38.221252,38.887093,41.231537,36.964466,41.64795,38.04678,42.519093,40.503254,36.214165,39.240253,34.073254,33.748306,32.703415,29.393549,28.626106,26.07551,30.840057,27.099709,32.83725,31.954899,35.573254,35.41472,39.95048,41.140415,43.899208,42.968372,44.21502,40.172672,38.51236,36.137165,35.705544,31.27334,31.68426,27.373402,27.42046,26.832018,22.765333,23.465994,17.873434,21.303263,18.847263,19.620272,19.900606
3,10.571175,7.5506473,4.4571905,0.0,3.7635643,6.3415146,8.232808,10.740876,14.158227,16.063568,19.639002,21.981228,25.04774,26.666067,31.461803,28.679676,32.750828,30.848688,37.475853,34.813328,38.585056,40.737595,44.288296,39.170246,38.520523,36.519352,32.59148,31.218088,27.248852,27.873728,20.031843,23.176723,19.82784,18.905397,16.089518,14.430653,11.496877,16.187986,17.367775,14.796092,14.023543,20.682798,19.508951,16.51469,19.011276,24.540016,22.54299,20.420685,24.660376,22.302427,24.415667,27.929386,29.91034,28.448875,30.27472,31.173174,26.708038,30.102825,32.89026,27.656569,25.853376,31.612234,33.402233,32.41758,27.696947,28.186066,33.736084,33.5436,30.972595,35.727192,36.043095,38.094505,33.740726,38.20107,34.545902,38.847164,36.665455,32.45305,35.311092,30.265282,29.778967,28.866547,25.350739,24.456196,21.967802,26.591503,22.956524,28.673798,27.891432,31.588245,31.544119,36.056618,37.411236,39.989452,38.912968,40.09916,36.0136,34.231415,31.953907,31.337746,26.996061,27.343697,22.99865,23.145021,22.670597,18.624973,19.182663,13.760934,16.989449,15.002542,15.766102,16.678944
4,13.639072,10.747351,7.6491065,3.7635643,0.0,5.4325285,4.782732,8.910088,11.388299,13.9425125,17.368792,19.630646,22.871304,24.05879,29.115164,25.890757,29.974535,27.962664,34.53783,31.864122,35.458458,37.752705,41.095028,35.97009,35.47258,33.3373,29.641733,28.175728,24.366331,24.986652,17.29121,20.769659,18.181522,17.200644,13.5463505,11.546586,8.618787,13.389258,13.937507,11.171125,10.67937,17.161625,15.774866,12.84447,15.626249,20.855883,18.826942,17.034943,21.281334,19.15442,21.010874,24.32604,26.502213,25.1231,26.691175,27.497145,23.042492,26.499079,29.354824,24.302456,22.486336,28.291828,30.31791,29.567923,24.948309,25.334583,30.932316,30.771246,27.844273,32.48035,32.86101,34.744904,30.21365,34.616245,30.873135,35.17153,33.001667,28.743212,31.674524,26.599583,26.27246,25.507238,22.022345,21.01832,18.436798,23.230492,19.789555,25.72968,25.304373,29.044638,29.460375,33.86359,35.160713,37.667843,36.368927,37.726406,33.69822,31.763065,29.950075,29.08613,25.042156,25.505596,21.033396,21.510246,21.15771,17.406359,17.663504,12.90633,14.946515,13.713638,13.620155,15.343444
5,14.837104,12.739374,10.47949,6.3415146,5.4325285,0.0,6.1476645,6.9054065,9.823566,12.618704,15.483152,18.610106,21.106594,22.708895,26.605776,23.664598,27.455704,25.288488,31.952438,29.06909,33.03113,34.974236,38.80208,33.803978,33.043213,31.308146,27.177822,26.296568,22.39519,23.638838,15.697172,20.497082,17.024727,17.65696,14.686153,11.39029,10.351528,15.776455,15.373456,12.293225,13.985788,19.57201,17.283836,15.468596,19.135273,23.078318,20.460634,20.15381,24.563177,23.079782,24.23672,26.790968,29.709082,28.409086,29.130531,29.10725,24.500048,27.464352,31.135479,26.842659,23.886608,29.704735,31.969488,31.722195,26.738646,26.265427,31.634575,30.764011,28.08631,32.85905,32.323456,34.10543,30.075073,34.22634,30.834019,34.876415,32.592396,28.770407,31.591568,27.030672,26.436842,26.152351,22.123032,20.497046,17.763723,21.803753,17.650875,22.947111,21.862015,25.544579,25.309546,29.837927,31.341543,33.81248,32.797344,33.868675,29.7676,28.097218,25.670225,25.317293,20.842257,21.916876,17.259315,18.1894,18.406574,14.168042,13.882594,8.661577,10.868674,8.722801,9.814908,11.143086
6,18.28677,15.498989,12.380406,8.232808,4.782732,6.1476645,0.0,6.055062,6.9851627,10.171174,13.260175,15.495341,18.770111,19.599855,24.783659,21.299522,25.417997,23.496347,30.002954,27.59065,31.14054,33.58429,36.832638,31.97108,31.751886,29.60145,26.213501,25.020546,21.579727,22.598703,15.2126,19.934383,18.262365,17.86718,13.338882,10.218369,8.502089,13.105293,11.817343,8.285721,9.512501,14.871059,12.398873,9.658747,13.6238365,17.60288,14.86889,14.0300255,18.53925,17.271568,18.810925,20.945286,23.982792,23.066,23.87192,24.312296,19.919636,23.422066,26.687925,22.31924,20.285173,26.124664,28.71123,28.547028,24.12097,24.052036,29.578846,29.21156,25.701645,30.090591,30.197598,31.602566,26.848928,30.888792,26.991846,31.040396,28.653868,24.424631,27.098116,22.11403,21.625034,21.004269,17.356697,16.262503,13.849638,18.599905,15.682458,21.728966,21.753708,25.579496,26.435032,30.671457,32.134453,34.33657,32.718544,34.077656,30.05363,27.846378,26.476122,25.139446,21.504267,21.737478,17.32562,17.970505,17.732162,14.472785,14.453195,10.925561,11.687428,12.042401,11.323425,14.356605
7,20.780935,18.116306,15.109717,10.740876,8.910088,6.9054065,6.055062,0.0,4.666701,5.769855,8.999867,11.858145,14.495169,16.316204,20.747875,18.394876,22.542917,21.303257,27.80348,26.09787,30.174992,32.43355,36.18414,32.021976,31.910986,30.228727,26.75819,26.52026,23.358795,25.219406,17.953838,24.033642,21.815182,22.559994,18.459047,14.501208,13.942191,18.78809,16.734655,12.940841,15.331915,19.838472,16.423748,14.0457325,18.684095,21.42714,17.651115,17.516905,22.336462,21.873056,23.59738,24.173084,28.186438,27.858797,28.011435,27.999884,23.790474,27.068312,30.88918,27.27673,24.84953,30.595972,33.54965,33.818916,29.358263,28.738983,34.057087,33.174118,29.594902,33.857914,33.179455,34.10715,29.559666,32.946026,29.121677,32.535873,29.684765,25.838867,27.585464,23.125597,21.674873,20.882475,16.84026,16.010664,14.572258,18.134352,15.761054,20.961395,20.69032,24.557264,24.817234,29.065653,31.148682,32.85845,31.240078,31.98914,27.744337,25.401842,23.387033,21.72871,17.898657,16.980686,13.039227,12.69898,12.260598,8.6151495,9.190762,5.659195,8.742437,10.293,11.433035,14.655618
8,24.23158,21.615618,18.57507,14.158227,11.388299,9.823566,6.9851627,4.666701,0.0,4.871246,6.6560435,9.557246,12.259313,13.135218,17.825861,14.567827,18.748905,17.30264,23.773365,22.07982,25.94653,28.403122,31.90421,27.822844,27.965303,26.171154,23.10179,22.945372,20.228935,22.255812,15.75732,22.32116,21.158707,22.073458,17.529808,13.285261,13.639028,17.751865,14.53292,10.764714,14.236832,17.26462,13.215617,11.689318,16.71907,18.048527,13.940394,15.14546,19.710487,19.96326,21.02597,20.744963,25.261497,25.179947,24.634071,24.21847,20.190023,23.318531,27.380957,24.470907,21.887007,27.425192,30.7204,31.441654,27.266771,26.33092,31.435751,30.47076,26.496279,30.437265,29.635578,30.186096,25.517801,28.607477,24.728668,27.970528,25.051323,21.265886,22.981886,18.652842,17.28998,16.93941,12.69766,11.418958,10.002815,13.528139,11.717724,17.085169,17.456417,21.33487,22.312542,26.288153,28.314621,29.835293,27.875797,28.840864,24.711987,22.11566,20.910015,18.809855,15.634885,15.0168085,10.935685,11.501673,11.557744,9.1286335,8.662509,8.025583,7.2308116,10.641239,10.311051,14.52257
9,26.357347,23.515461,20.298964,16.063568,13.9425125,12.618704,10.171174,5.769855,4.871246,0.0,3.9531903,6.1206164,9.008486,10.883716,15.972521,14.213127,18.58178,18.340752,24.387035,23.859875,27.84375,30.343483,33.882927,30.565384,31.037498,29.442482,26.710665,26.99733,24.613644,26.843225,20.571678,27.186485,25.90487,26.748201,22.152164,18.056091,17.957697,22.070095,18.984959,15.211434,17.958735,21.058575,17.007797,14.711991,19.641594,20.899645,16.352587,16.728981,21.461048,22.039959,23.927248,22.64151,27.520021,28.022821,27.551445,27.438404,23.789598,27.09102,30.94373,28.142452,26.136837,31.554369,34.977592,35.699024,31.750818,30.972473,36.06206,35.15909,31.00366,34.713478,33.904266,34.09331,29.293804,31.88582,27.842926,30.561123,27.290382,23.608007,24.25882,20.137486,17.871347,16.666145,12.760054,12.8632345,13.045733,15.645035,15.33467,19.938234,20.48512,24.24799,25.020912,28.802885,31.246454,32.269974,30.14834,30.65057,26.464254,23.590601,22.218254,19.36379,16.590633,13.740365,11.055664,9.382571,8.163185,6.6043305,7.898525,8.37037,10.035958,13.841418,14.568107,18.521368
10,29.778921,27.086119,23.969814,19.639002,17.368792,15.483152,13.260175,8.999867,6.6560435,3.9531903,0.0,4.0573974,5.6972322,7.537278,12.060038,10.465891,14.776608,14.941552,20.750986,20.718754,24.748426,27.209488,30.797495,27.992748,28.669134,27.30877,24.89492,25.708147,23.838863,26.438562,20.962626,28.047703,27.13525,28.472073,23.940393,19.596647,20.248343,24.073174,20.34693,16.767456,20.251705,22.309937,17.866457,16.468132,21.489473,21.450794,16.658152,18.256697,22.626545,23.842785,25.185438,22.946167,28.328959,29.098125,27.917889,27.280275,23.927168,26.844276,31.01719,29.027628,26.709324,31.819967,35.49853,36.652763,32.85868,31.662462,36.433884,35.251556,30.980917,34.380962,33.123833,32.876015,28.291271,30.30678,26.4424,28.634405,25.188684,21.956326,22.062128,18.614506,15.980142,15.209958,11.185589,11.087192,12.040891,13.320035,13.934754,17.609829,18.427387,21.990385,22.918917,26.358198,29.015818,29.61802,27.30518,27.610098,23.496044,20.426107,19.369371,15.984269,13.874837,10.340559,8.372869,6.609239,5.8755856,6.25173,6.7093835,9.892344,9.762718,14.579923,15.119227,19.256487
11,32.391422,29.461246,26.14009,21.981228,19.630646,18.610106,15.495341,11.858145,9.557246,6.1206164,4.0573974,0.0,4.101794,5.341857,11.59631,10.717769,15.028873,16.128048,21.180346,22.111214,25.74015,28.456396,31.592257,29.31909,30.43197,28.967564,27.171885,27.95522,26.468752,28.93528,23.896423,30.703697,30.302383,31.226294,26.355911,22.30673,22.623564,25.98533,22.152878,18.716307,21.640005,23.218637,18.877338,17.072407,21.802734,21.349297,16.420008,17.545153,21.685202,23.356987,25.135134,21.922485,27.521172,28.846027,27.653101,27.35672,24.490442,27.597479,31.365667,29.567657,27.986322,32.853844,36.65548,37.840042,34.476364,33.529003,38.247383,37.33122,32.729332,35.764412,34.831615,34.243225,29.35544,30.9828,26.869045,28.682611,25.054512,21.770802,21.040407,17.64186,14.457293,12.854731,9.576522,11.018615,13.230026,14.218562,16.343584,19.844822,21.279692,24.677431,26.031315,29.134544,31.812542,32.0986,29.477245,29.75369,25.836945,22.503363,22.083351,18.05436,16.887117,12.284085,11.657721,9.110793,7.4039607,9.365751,10.488073,13.5674305,13.725206,18.55203,18.802917,23.085432
12,35.21982,32.459503,29.281824,25.04774,22.871304,21.106594,18.770111,14.495169,12.259313,9.008486,5.6972322,4.101794,0.0,3.938726,7.965861,8.83299,12.60243,14.547289,19.004292,20.662783,24.424776,26.889824,30.238033,28.646906,29.83939,28.78188,27.136665,28.526468,27.392303,30.220974,25.651186,32.849686,32.342785,33.8039,29.184273,24.881187,25.685215,29.1586,25.091022,21.725283,25.156286,26.403461,21.872032,20.663973,25.459478,24.375671,19.434473,21.286633,25.19458,27.119978,28.533703,24.88515,30.719158,32.131023,30.47228,29.709959,27.018383,29.71586,33.794056,32.562943,30.570559,35.23561,39.159348,40.635128,37.241474,35.91953,40.386646,39.13946,34.631687,37.504925,36.045364,35.15225,30.663843,31.764074,27.9869,29.238762,25.502237,22.857847,21.546024,19.096968,15.635382,14.56581,11.540872,12.5664835,15.085857,14.674199,17.184734,19.443357,20.770786,23.836533,24.93777,27.693405,30.668467,30.486345,27.850946,27.691618,23.87026,20.497486,20.016312,15.608634,15.105391,9.317258,10.34596,7.1687846,5.7569637,9.4339,10.232974,14.729068,14.502476,19.58316,20.1841,24.279034
13,37.005978,34.19757,30.941278,26.666067,24.05879,22.708895,19.599855,16.316204,13.135218,10.883716,7.537278,5.341857,3.938726,0.0,7.3835754,6.7358103,10.565845,12.675704,16.685629,18.673662,21.954042,24.708504,27.571089,26.173347,27.708538,26.497126,25.451416,26.775503,26.115206,28.83743,25.07712,32.05907,32.29568,33.60452,28.813452,24.706818,25.73415,28.58164,24.136742,21.11696,24.625278,24.867043,20.333405,19.63694,24.179861,22.097279,17.233107,19.785477,23.169548,25.59097,26.60055,22.218563,28.249065,29.91728,27.829395,26.90556,24.6442,27.169672,31.12938,30.4617,28.68658,32.965027,37.023018,38.734066,35.72709,34.357666,38.570698,37.42067,32.683964,35.15091,33.8026,32.57851,27.997667,28.71923,24.892513,25.83491,22.032845,19.50289,17.77043,15.61533,11.984473,11.163442,8.495729,9.860833,13.19043,12.154821,15.938051,17.967903,20.010075,22.893656,24.7047,27.107653,29.876598,29.561216,26.604462,26.736229,23.180492,19.610428,20.154522,15.42871,15.821309,10.978433,11.790668,10.07605,9.437688,12.636017,12.758755,17.242655,15.709387,21.025864,20.809404,25.167479
14,41.271023,38.815502,35.852463,31.461803,29.115164,26.605776,24.783659,20.747875,17.825861,15.972521,12.060038,11.59631,7.965861,7.3835754,0.0,5.9420624,6.671554,10.397209,12.710881,15.917337,19.406551,21.414953,24.79958,24.63421,26.117645,25.791199,24.910957,27.312256,27.227537,30.497263,27.610458,35.041805,34.99692,37.251804,33.06079,28.617483,30.429594,33.50753,28.866503,26.002497,30.285463,30.252846,25.562853,25.772245,30.441149,27.763796,23.126253,26.615984,29.798622,32.302956,32.6395,28.211296,34.317024,35.8273,33.10462,31.338737,29.218142,30.923183,35.432213,35.588085,32.926785,36.856224,40.976345,43.12603,39.964516,37.92119,41.633728,39.8483,35.509926,37.763725,35.405968,33.797188,30.218414,30.128887,27.192345,27.249811,23.550636,22.37372,20.20472,19.827639,16.51308,16.969925,14.615335,14.556013,17.32309,14.326009,17.782568,17.300192,18.863926,20.878372,22.098825,23.699589,26.919418,25.744787,22.894762,22.16609,18.937254,15.496186,16.022322,10.868609,12.967392,7.5236044,11.106875,10.023436,10.839598,14.669531,13.950656,19.709208,17.457853,22.658255,22.927118,26.715496
15,38.46795,36.061584,33.11856,28.679676,25.890757,23.664598,21.299522,18.394876,14.567827,14.213127,10.465891,10.717769,8.83299,6.7358103,5.9420624,0.0,4.4952173,6.008383,10.495842,12.046856,15.609478,18.14432,21.410332,20.095879,21.53457,20.73294,19.81555,21.824131,21.771786,24.887527,22.39241,29.604956,30.116365,32.22579,28.007143,23.739363,25.851236,28.443552,23.584642,21.052067,25.58065,24.903479,20.238956,21.150896,25.669085,22.535254,18.13083,22.439163,25.357897,27.851648,27.556854,23.459263,29.444712,30.67008,27.741419,25.71115,23.500944,25.055191,29.694448,29.993044,27.125122,30.959763,35.07805,37.304775,34.219666,32.105404,35.737648,34.01823,29.600306,31.845734,29.619192,28.128094,24.36958,24.605883,21.535929,22.081898,18.445381,16.937311,15.6738405,14.877391,12.167947,13.578026,10.599314,9.300123,11.764057,8.389885,12.267443,12.251387,14.478905,16.82844,18.923338,20.808258,23.569899,22.990185,19.933828,20.10869,16.713772,13.07761,14.460809,9.649418,11.309126,8.892358,9.5753,10.677462,12.046764,14.52259,12.985109,18.1851,14.351875,19.648888,18.902372,22.972485
16,42.2776,40.02655,37.20252,32.750828,29.974535,27.455704,25.417997,22.542917,18.748905,18.58178,14.776608,15.028873,12.60243,10.565845,6.671554,4.4952173,0.0,4.680028,6.4302897,9.543763,12.755071,14.9490185,18.22102,18.050694,19.729189,19.504297,19.255545,21.933075,22.637274,25.920914,24.582092,31.680405,32.438667,34.93563,31.048363,26.83896,29.366983,31.713053,26.72129,24.53078,29.287489,28.019106,23.469328,24.977592,29.289703,25.469835,21.432356,26.258017,28.754206,31.47453,30.690393,26.278288,32.22969,33.50127,30.065699,27.520388,25.752666,26.64354,31.393383,32.501423,29.352493,32.63146,36.778996,39.362988,36.48025,33.99599,37.092285,35.076622,30.860233,32.644615,29.88004,27.919159,24.89259,24.26925,21.906977,21.557724,18.089455,17.769524,15.975681,16.699177,14.351491,16.406885,14.161063,12.648463,14.917285,10.389888,14.360109,12.237611,14.553255,15.916625,18.123737,19.045132,21.884697,20.575241,17.326126,17.152542,14.341045,10.705404,13.191992,8.241621,11.837274,10.399483,12.115612,13.705434,15.452627,18.122572,16.295744,21.769503,17.462908,22.484745,21.66512,25.372211
17,39.91829,37.8859,35.260277,30.848688,27.962664,25.288488,23.496347,21.303257,17.30264,18.340752,14.941552,16.128048,14.547289,12.675704,10.397209,6.008383,4.680028,0.0,6.664266,6.1160893,10.1623535,12.435682,16.198353,14.601916,15.828732,15.45117,14.691726,17.37626,18.047915,21.404829,20.46283,27.464012,28.342897,31.060556,27.510534,23.38645,26.339323,28.487822,23.508743,21.638575,26.71636,25.228565,20.799591,23.001703,27.199835,23.3857,19.746136,25.091816,27.502836,29.918535,28.544418,24.985765,30.604986,31.362432,27.85476,24.932291,22.857077,23.39718,28.475187,29.609327,25.857525,29.114452,33.149364,35.78797,32.726246,29.98542,32.95467,30.742002,26.758595,28.727407,25.698853,24.016867,21.245571,21.070538,18.956947,19.216516,16.080519,15.704635,15.376394,15.739123,14.369977,17.092089,14.276369,11.445523,12.413129,7.6685405,10.468097,7.5631647,10.096131,11.5615015,14.261597,15.460647,18.005388,17.285633,14.07502,14.618398,11.50854,7.91858,10.847886,7.0478854,9.91363,11.372043,11.169143,14.334447,16.584976,18.139954,15.661643,20.535048,15.12398,19.726473,18.331179,21.850025
18,46.56957,44.53969,41.888405,37.475853,34.53783,31.952438,30.002954,27.80348,23.773365,24.387035,20.750986,21.180346,19.004292,16.685629,12.710881,10.495842,6.4302897,6.664266,0.0,6.1863513,7.543137,9.344666,12.212554,13.526257,15.617947,16.070787,17.118652,20.356657,22.235441,25.435276,26.05195,32.521454,33.96875,36.76801,33.37293,29.51036,32.588326,34.260807,29.150814,27.661238,32.61103,30.277386,26.097944,28.601595,32.420006,27.632343,24.389591,30.007462,31.76219,34.682796,32.979652,28.495361,34.11024,35.259304,31.14486,27.85389,26.751295,26.591797,31.3566,33.64205,30.14687,32.455265,36.529373,39.602394,37.148083,34.199886,36.393715,34.071686,30.203161,31.2058,27.837109,25.254385,23.38106,21.607922,20.43464,18.973082,16.133005,17.512873,15.757768,18.24518,16.991457,20.008404,18.447403,16.345318,18.01186,12.726224,16.42897,12.141379,14.731683,14.542782,17.403086,16.80323,19.136627,17.071585,13.476534,13.501446,12.167085,9.215581,13.738154,10.338432,14.928056,15.776259,17.077818,19.602089,21.671244,23.971523,21.710712,26.933695,21.700344,26.17514,24.75834,28.01409
19,43.178055,41.459564,39.10477,34.813328,31.864122,29.06909,27.59065,26.09787,22.07982,23.859875,20.718754,22.111214,20.662783,18.673662,15.917337,12.046856,9.543763,6.1160893,6.1863513,0.0,4.785556,6.504107,10.762585,9.209345,10.38729,10.838398,11.078051,14.582514,16.50955,19.807325,21.048637,27.251827,28.724737,31.848288,29.018476,25.32954,28.864424,30.34894,25.426224,24.343199,29.56382,27.169798,23.246191,26.43799,30.09729,25.598692,22.868078,28.841032,30.600243,33.023914,30.715048,27.488523,32.608776,33.04739,28.99811,25.312904,23.73146,23.117062,28.292297,30.458372,26.153704,28.459572,32.310863,35.393284,32.632553,29.344591,31.361002,28.714617,25.290098,26.61595,22.777159,20.67203,19.329458,18.299288,17.595953,17.150906,14.924067,16.10242,16.427977,18.09171,17.864775,21.31985,19.009764,15.717003,15.810285,10.952668,12.544184,6.9345274,9.39979,8.711039,12.305062,11.885173,13.755744,12.574835,8.96725,10.295463,8.562709,6.1368194,11.09,9.65646,12.9656725,16.499332,16.03103,19.879972,22.404726,23.549652,20.709661,25.133924,18.997522,22.694742,20.74089,23.529352
20,46.891914,45.172707,42.806976,38.585056,35.458458,33.03113,31.14054,30.174992,25.94653,27.84375,24.748426,25.74015,24.424776,21.954042,19.406551,15.609478,12.755071,10.1623535,7.543137,4.785556,0.0,3.5847974,6.1345706,6.0754046,8.4840765,9.244271,11.679305,14.976343,17.972708,20.767807,23.528893,28.85876,31.143595,34.052227,31.346678,28.123293,31.717024,32.498333,27.538162,26.9873,31.977406,28.65619,25.15113,28.77806,31.900982,26.595419,24.496319,30.76509,31.82273,34.52649,31.71164,28.116606,32.93543,33.494453,28.978092,24.943731,24.194778,22.872972,27.684668,30.83915,26.78665,28.132153,31.92613,35.35383,33.232925,29.844778,31.11069,28.516745,25.178816,25.57779,21.64623,18.793839,18.233225,15.946614,16.193737,14.578623,13.015356,15.562868,15.642445,18.54974,18.949903,22.76801,21.247248,18.16596,18.44002,13.523064,15.763859,10.385358,13.111169,11.631355,15.599715,14.132301,15.064206,13.481675,9.79982,11.640712,11.608012,10.159217,15.379988,14.210919,17.737686,21.006292,20.705019,24.38573,26.742369,28.05553,25.305197,29.623363,23.371714,26.93981,24.570034,27.277117
21,48.663086,47.134674,44.934288,40.737595,37.752705,34.974236,33.58429,32.43355,28.403122,30.343483,27.209488,28.456396,26.889824,24.708504,21.414953,18.14432,14.9490185,12.435682,9.344666,6.504107,3.5847974,0.0,5.303586,6.5591135,8.041759,10.013326,12.267714,16.006353,19.137217,21.981743,25.14294,30.323175,32.36533,35.65409,33.385548,30.158813,33.949085,34.836792,30.032455,29.535597,34.656372,31.493807,28.060955,31.778828,34.94436,29.815046,27.789589,34.05477,35.194267,37.766293,34.836926,31.544062,36.234066,36.61282,32.102226,27.929792,27.118181,25.53063,30.386349,33.623577,29.240286,30.417835,34.01384,37.499996,35.28766,31.664034,32.588757,29.6862,26.884672,27.218893,22.807453,20.044855,20.414774,18.042055,18.972109,17.279675,16.199615,18.95057,19.164074,22.109804,22.491106,26.26244,24.590946,21.411425,21.426973,16.632524,18.068914,12.110948,13.928524,11.535447,14.923398,12.46719,13.178085,10.92356,7.4293303,9.1427,10.3285265,9.973294,15.110093,14.905034,18.539545,22.416098,22.288086,26.159647,28.736177,29.952524,27.044926,31.37971,25.081186,28.278364,26.110466,28.350231
22,52.333244,50.714382,48.427635,44.288296,41.095028,38.80208,36.832638,36.18414,31.90421,33.882927,30.797495,31.592257,30.238033,27.571089,24.79958,21.410332,18.22102,16.198353,12.212554,10.762585,6.1345706,5.303586,0.0,6.681338,9.290823,10.842543,14.837902,17.817448,21.610859,23.848228,28.044138,32.4087,35.264225,38.136074,35.807487,33.029373,36.728287,36.93553,32.102085,32.03846,36.826984,32.80965,29.790272,33.76167,36.383476,30.532524,29.09002,35.484356,35.91858,38.780975,35.481075,31.75417,36.09735,36.680138,31.801683,27.47408,27.55846,25.450485,29.711046,33.848854,29.985153,30.2195,33.73416,37.48533,36.02366,32.486275,32.74671,30.111986,27.280462,26.619694,22.496332,18.992294,19.924122,16.296349,18.04738,15.144446,14.8699465,18.68393,18.537346,22.453484,23.347351,27.29571,26.41452,23.554855,23.852972,19.110409,21.337095,15.989029,18.364248,16.102533,19.830093,17.25293,17.246855,15.15302,12.116828,13.941788,15.60588,15.175154,20.377438,19.762096,23.498415,26.84563,26.77871,30.422777,32.76037,34.179066,31.420757,35.69585,29.345993,32.64522,30.082138,32.477444
23,46.699368,45.239372,43.134686,39.170246,35.97009,33.803978,31.97108,32.021976,27.822844,30.565384,27.992748,29.31909,28.646906,26.173347,24.63421,20.095879,18.050694,14.601916,13.526257,9.209345,6.0754046,6.5591135,6.681338,0.0,3.523046,4.17162,8.501199,11.156227,15.0819,17.181854,21.798725,25.791834,28.797478,31.634619,29.581257,27.061928,30.905462,30.89586,26.2829,26.551615,31.334352,27.361393,24.614128,28.95099,31.389257,25.98418,24.923319,31.36025,31.880592,34.257908,30.647217,28.06458,32.018795,32.000828,27.380716,22.911558,22.407404,20.128654,24.803286,28.496996,24.065008,24.53382,27.949923,31.586323,29.76692,26.085918,26.507372,23.72942,20.975754,20.851091,16.461002,13.505377,14.401743,12.014718,13.740139,12.580426,12.574237,15.460947,17.255976,19.844454,21.376656,25.43126,23.927895,20.395212,19.587845,15.676277,16.44219,11.515287,13.813282,11.785957,16.123564,14.50743,13.906115,13.477868,10.653052,13.733576,14.268514,13.881002,18.514738,18.55254,21.021456,25.41198,24.07463,28.278532,30.703474,31.300636,28.353207,31.8164,25.150541,27.868446,24.829836,27.007437
24,45.459198,44.242523,42.37254,38.520523,35.47258,33.043213,31.751886,31.910986,27.965303,31.037498,28.669134,30.43197,29.83939,27.708538,26.117645,21.53457,19.729189,15.828732,15.617947,10.38729,8.4840765,8.041759,9.290823,3.523046,0.0,3.3238902,6.352712,9.344718,13.2528,15.3776,20.378033,24.106594,26.837786,30.03355,28.525356,26.091711,30.144835,30.219732,25.90412,26.297663,31.176811,27.542978,24.950472,29.404203,31.853807,26.979177,26.041174,32.376183,33.09983,35.106083,31.383099,29.603561,33.304504,32.869144,28.503473,24.009031,23.055605,20.656647,25.507595,28.840612,23.87172,24.454086,27.584509,31.118637,28.95873,25.032085,25.309113,22.156803,20.038195,20.301298,15.382443,13.140608,14.795016,13.368462,15.325501,15.061272,15.2796335,17.605122,20.055721,22.005304,23.596664,27.568157,25.632557,21.791782,20.345491,16.934855,16.349354,11.301662,12.649154,10.095527,14.125868,12.410525,11.135833,11.435677,9.342042,12.81988,13.4489,13.798244,17.814817,18.808876,20.67026,25.900541,24.133198,28.683928,31.297949,31.447243,28.315731,31.394806,24.617968,26.722612,23.68211,25.319157
25,43.577225,42.255894,40.31133,36.519352,33.3373,31.308146,29.60145,30.228727,26.171154,29.442482,27.30877,28.967564,28.78188,26.497126,25.791199,20.73294,19.504297,15.45117,16.070787,10.838398,9.244271,10.013326,10.842543,4.17162,3.3238902,0.0,5.2189355,7.09605,11.243056,13.087054,18.257988,21.761911,24.952303,27.742184,25.978258,23.75332,27.693295,27.445576,23.085833,23.68801,28.384005,24.44078,22.023455,26.612816,28.821154,23.837934,23.171715,29.507431,30.036806,32.010593,28.16208,26.534178,30.066347,29.572603,25.21465,20.715626,19.780327,17.334278,22.212032,25.542593,20.67895,21.253208,24.510675,28.045416,25.981142,22.171968,22.644165,19.73907,17.137276,17.446312,12.842342,10.563087,11.546336,10.554141,12.218175,12.598277,12.901818,14.846238,17.911928,19.463844,21.41403,25.388962,23.541014,19.673656,18.01414,15.051869,14.486679,10.422464,12.359518,10.725145,15.151339,14.374572,13.281984,14.142442,11.901658,15.348228,15.220218,14.95293,18.830215,19.33503,20.809149,25.752909,23.588728,28.05856,30.482756,30.49172,27.473745,30.250004,23.478998,25.640142,22.244879,24.168163
26,39.186756,38.063778,36.32555,32.59148,29.641733,27.177822,26.213501,26.75819,23.10179,26.710665,24.89492,27.171885,27.136665,25.451416,24.910957,19.81555,19.255545,14.691726,17.118652,11.078051,11.679305,12.267714,14.837902,8.501199,6.352712,5.2189355,0.0,4.24925,7.1511464,9.925648,14.125531,18.347235,20.638716,23.976116,22.541573,19.99773,24.15829,24.526215,20.432129,20.774424,25.754381,22.849766,20.248934,24.642323,27.239693,23.387943,22.375835,28.360567,29.57245,30.999353,27.468704,26.81715,30.371264,29.45437,25.731066,21.585835,19.524181,17.722273,23.034729,25.092329,19.548218,21.247248,24.34492,27.417055,24.415882,20.50154,21.762472,18.541544,16.2775,18.04571,13.416067,12.804588,13.035466,14.061927,14.63331,16.394087,16.07095,16.638166,20.185295,20.46406,22.067984,25.697367,23.044636,18.829363,16.3341,14.213938,11.543213,7.834153,8.391758,7.130971,11.205405,11.639284,10.647825,12.769677,11.213669,14.559754,13.434556,13.432127,16.046999,17.375017,17.670235,23.431229,20.559092,25.364588,27.95322,27.322142,24.138775,26.371258,19.56801,21.072445,17.747637,19.23109
27,37.4139,36.339325,34.693783,31.218088,28.175728,26.296568,25.020546,26.52026,22.945372,26.99733,25.708147,27.95522,28.526468,26.775503,27.312256,21.824131,21.933075,17.37626,20.356657,14.582514,14.976343,16.006353,17.817448,11.156227,9.344718,7.09605,4.24925,0.0,4.4402504,6.0885115,11.808344,14.782001,17.950201,20.78958,19.53117,17.684912,21.782425,21.421593,17.639582,18.654654,23.211685,19.896587,17.979687,22.690094,24.67616,21.030655,20.785706,26.563137,27.417688,28.519142,24.607521,24.838993,27.721468,26.3867,22.881786,18.7813,16.606817,14.507142,19.687498,21.581469,15.839156,17.342936,20.248705,23.265879,20.292166,16.3134,17.545233,14.412672,12.071437,14.17808,9.825386,10.183648,10.157022,12.564107,13.017872,15.856112,16.025314,15.956968,20.415855,20.017069,22.201693,25.709276,23.177399,18.983133,15.900891,15.007964,11.786982,10.301611,10.996204,10.764748,14.415291,15.464585,14.1651945,16.759932,15.43793,18.790998,17.503181,17.279789,19.524275,20.630367,20.318747,25.832127,22.401867,27.083872,29.429045,28.402035,25.377157,26.830894,20.195154,21.210238,17.335093,18.716578
28,33.067413,32.102028,30.603231,27.248852,24.366331,22.39519,21.579727,23.358795,20.228935,24.613644,23.838863,26.468752,27.392303,26.115206,27.227537,21.771786,22.637274,18.047915,22.235441,16.50955,17.972708,19.137217,21.610859,15.0819,13.2528,11.243056,7.1511464,4.4402504,0.0,3.7659037,7.5456877,11.281657,13.725589,16.834835,15.7120695,13.700225,17.92728,18.012974,14.596247,15.481726,20.089952,17.804462,15.91402,20.310253,22.473742,20.060095,19.649038,24.835693,26.208796,26.745302,23.206518,24.415781,27.159473,25.467682,22.709131,19.196198,16.070402,14.861798,20.066895,20.560526,14.474327,17.197994,19.890429,22.281034,18.440351,14.636827,16.981787,13.985405,11.790581,15.313079,11.920204,13.4591675,12.34995,15.918827,15.377008,18.98461,18.68628,17.543913,22.201588,20.714586,22.639185,25.686094,22.655975,18.430199,14.6735,15.051862,10.248039,10.680397,10.4206705,11.358747,14.078396,16.329943,15.415711,18.544273,17.56249,20.573309,18.541145,18.207903,19.33229,20.635098,19.223843,24.825117,20.750189,25.406626,27.671436,26.026855,23.05842,23.69418,17.32932,17.597767,13.565913,14.638647
29,33.024303,32.190224,30.866503,27.873728,24.986652,23.638838,22.598703,25.219406,22.255812,26.843225,26.438562,28.93528,30.220974,28.83743,30.497263,24.887527,25.920914,21.404829,25.435276,19.807325,20.767807,21.981743,23.848228,17.181854,15.3776,13.087054,9.925648,6.0885115,3.7659037,0.0,7.9793787,8.774724,12.587336,15.028197,14.484875,13.650981,17.629417,16.686207,13.935216,15.711471,19.580168,16.791023,15.913528,20.5172,21.855326,19.649918,20.150549,25.01697,25.884346,26.09691,22.109728,24.208069,26.119179,23.980366,21.462055,18.039104,15.073433,13.409523,18.11088,18.547318,12.320281,14.478239,16.694166,19.021297,15.266606,11.24153,13.292591,10.283126,8.50507,12.405679,9.5793295,12.1799,11.368351,15.675364,15.404836,19.456638,19.732317,18.463495,23.59554,21.905184,24.307795,27.277554,24.536922,20.488615,16.57777,17.60943,13.107397,14.212728,14.184271,14.986824,17.620432,19.678158,18.339602,21.611763,20.771578,23.935547,22.156673,21.884872,23.090609,24.344936,22.869051,28.28037,24.05748,28.550943,30.633434,28.80121,25.998598,26.085428,20.067957,19.882513,15.655626,16.370462
30,25.634413,24.609282,23.171648,20.031843,17.29121,15.697172,15.2126,17.953838,15.75732,20.571678,20.962626,23.896423,25.651186,25.07712,27.610458,22.39241,24.582092,20.46283,26.05195,21.048637,23.528893,25.14294,28.044138,21.798725,20.378033,18.257988,14.125531,11.808344,7.5456877,7.9793787,0.0,7.733921,8.199775,10.848771,8.998904,6.384064,10.698866,11.796998,9.217857,9.673984,14.01146,13.974133,12.316867,15.603096,17.922,17.95525,17.330788,20.983839,23.160894,22.695465,20.112738,22.858295,25.244886,23.144682,21.850052,19.69509,15.390974,16.021885,20.650805,18.682037,13.022535,17.681364,20.021866,21.145897,16.21275,13.6089325,17.935482,16.038664,13.702958,18.492216,17.046103,19.320055,16.59869,21.169603,19.213257,23.615944,22.690573,20.030361,24.672295,21.524311,23.003227,25.037674,21.52994,17.774324,13.384307,16.153078,10.320913,14.2131195,13.485678,16.021683,17.536396,21.095448,20.96273,24.193289,23.278585,25.731304,22.772236,21.913141,21.658863,22.52193,19.649261,24.323153,19.430948,23.425667,25.188831,22.582945,20.104586,19.003132,13.857759,12.901167,8.56248,9.641698
31,26.42717,25.962112,25.197195,23.176723,20.769659,20.497082,19.934383,24.033642,22.32116,27.186485,28.047703,30.703697,32.849686,32.05907,35.041805,29.604956,31.680405,27.464012,32.521454,27.251827,28.85876,30.323175,32.4087,25.791834,24.106594,21.761911,18.347235,14.782001,11.281657,8.774724,7.733921,0.0,6.193865,6.604814,7.964552,9.739487,12.536829,10.721283,10.907561,13.473543,15.410761,14.545373,15.390467,18.808666,19.109304,19.789042,21.007687,23.873003,24.926535,23.67705,20.249645,24.895432,25.443138,22.340433,21.777327,19.968084,16.225494,16.015842,19.21189,16.82354,11.324902,14.683328,15.430657,15.808156,10.583984,8.052864,12.158476,10.894689,10.487428,15.524102,15.474158,19.084192,17.291636,22.524124,21.311495,26.114897,26.201998,23.707289,29.024044,25.899305,28.194963,30.224655,27.323753,23.851568,19.500158,22.54739,17.427605,20.813242,20.272764,22.024984,23.62804,26.62609,25.57333,29.20074,28.650599,31.505629,29.14099,28.678867,28.761625,29.944212,27.255777,32.046467,27.14636,31.007288,32.58224,29.787718,27.542488,25.704475,21.303701,19.53903,15.577096,15.291135
32,21.859673,21.873856,21.616081,19.82784,18.181522,17.024727,18.262365,21.815182,21.158707,25.90487,27.13525,30.302383,32.342785,32.29568,34.99692,30.116365,32.438667,28.342897,33.96875,28.724737,31.143595,32.36533,35.264225,28.797478,26.837786,24.952303,20.638716,17.950201,13.725589,12.587336,8.199775,6.193865,0.0,5.2615395,8.246668,8.9169,11.422844,12.000356,13.00431,14.196301,16.252369,17.819342,17.90593,20.204956,21.365301,23.358479,23.600565,25.787434,27.828661,26.19947,23.841032,28.493242,29.536854,26.578506,26.51085,25.046932,20.828817,21.342133,24.828802,21.715376,16.583132,20.658096,21.432072,21.336803,15.883373,14.086359,18.093086,16.584688,16.544167,21.585472,20.87298,24.282797,22.507061,27.518126,26.067202,30.724459,30.283825,27.603615,32.516586,29.091772,30.698372,32.358276,28.874323,25.454649,21.053278,24.2812,18.360092,21.923098,20.399403,22.468271,22.878738,26.48286,25.82017,29.627295,29.516539,31.90363,29.145525,28.882324,27.817822,29.484222,25.930258,30.82259,25.701405,29.40129,31.004822,27.58856,25.425962,22.685923,19.212547,16.05218,13.006685,11.207038
33,20.476196,20.306736,20.048536,18.905397,17.200644,17.65696,17.86718,22.559994,22.073458,26.748201,28.472073,31.226294,33.8039,33.60452,37.251804,32.22579,34.93563,31.060556,36.76801,31.848288,34.052227,35.65409,38.136074,31.634619,30.03355,27.742184,23.976116,20.78958,16.834835,15.028197,10.848771,6.604814,5.2615395,0.0,5.5679674,8.944946,9.689547,8.551259,11.454762,13.398551,13.649701,15.479724,16.809408,18.585474,18.62481,21.63242,22.641989,23.829168,25.437172,23.205484,20.978065,26.703108,26.806313,23.483015,24.305925,23.656433,19.546532,20.52661,23.01785,18.885208,14.829807,18.924025,19.15295,18.179808,12.726321,12.345531,16.919436,16.63568,16.346016,21.294884,21.938297,25.497017,23.090847,28.438894,26.585793,31.553728,31.221916,28.076311,33.12297,29.201752,31.047855,32.325962,29.2266,26.275896,21.97353,25.939466,20.65926,25.051159,24.172184,26.496796,27.411446,31.002274,30.375456,34.05465,33.60451,36.124905,33.29069,32.65282,31.905409,32.96629,29.512547,33.64598,28.502707,31.714094,32.882343,29.467415,27.746553,24.571447,21.798956,19.041845,15.943763,15.035415
34,20.374056,19.240715,18.00881,16.089518,13.5463505,14.686153,13.338882,18.459047,17.529808,22.152164,23.940393,26.355911,29.184273,28.813452,33.06079,28.007143,31.048363,27.510534,33.37293,29.018476,31.346678,33.385548,35.807487,29.581257,28.525356,25.978258,22.541573,19.53117,15.7120695,14.484875,8.998904,7.964552,8.246668,5.5679674,0.0,4.7849326,5.036268,3.809343,6.168559,8.019527,8.3168955,10.546118,11.527993,13.019261,13.395258,16.61439,17.294565,18.323364,20.202623,18.150658,16.274284,21.626797,22.249886,19.3224,20.14127,19.831293,15.39848,17.30005,19.998755,15.437513,11.789431,16.984232,18.21308,17.562944,12.2897415,12.213472,17.681349,17.673552,15.598897,20.498802,21.397326,24.28711,20.728327,25.988605,23.34684,28.337242,27.556326,23.93104,28.70176,24.377207,26.047058,27.043238,24.037966,21.392605,17.261267,21.723,17.07741,22.308186,22.085802,24.905926,26.344957,30.061634,29.928806,33.1879,32.165524,34.60379,31.482618,30.269957,29.822575,30.052357,26.816639,30.093464,25.071375,27.900549,28.782429,25.668417,24.187944,21.328838,18.571295,16.920189,13.50108,14.234493
35,20.49144,19.05155,17.36188,14.430653,11.546586,11.39029,10.218369,14.501208,13.285261,18.056091,19.596647,22.30673,24.881187,24.706818,28.617483,23.739363,26.83896,23.38645,29.51036,25.32954,28.123293,30.158813,33.029373,27.061928,26.091711,23.75332,19.99773,17.684912,13.700225,13.650981,6.384064,9.739487,8.9169,8.944946,4.7849326,0.0,4.3334,7.0444694,5.863418,5.474112,8.579745,11.23645,10.145447,11.600337,13.777915,16.230997,15.564788,17.315077,20.040342,18.680437,17.265877,21.121532,23.056917,20.831205,20.90674,20.13296,15.437106,17.554924,21.234652,17.402569,13.2471695,18.84308,20.918308,20.997942,15.881437,14.9304085,20.264603,19.527977,16.854725,21.743114,21.678898,24.003296,20.237598,25.09046,22.217594,26.912666,25.612658,22.005714,26.359861,22.104845,23.240326,24.280083,20.798914,17.929989,13.743219,18.084393,13.085286,18.546413,18.17115,21.321568,22.58107,26.522533,26.846376,29.875042,28.740051,30.91123,27.525925,26.156675,25.446459,25.54372,22.159416,25.358522,20.307215,23.216879,24.245598,21.150208,19.49676,16.962303,13.798591,12.5003805,8.92148,10.519604
