,0,1,2,3,4,5,6,7,8,9,10,11,12,13,14,15,16,17,18,19,20,21,22,23,24,25,26,27,28,29,30,31,32,33,34,35,36,37,38,39,40,41,42,43,44,45,46,47,48,49,50,51,52,53,54,55,56,57,58,59,60,61,62,63,64,65,66,67,68,69,70,71,72,73,74,75,76,77,78,79,80,81,82,83,84,85,86,87,88,89,90,91,92,93,94,95,96,97,98,99,100,101,102,103,104,105,106,107,108,109,110,111,112,113
0,0.0,4.545883,6.822694,9.085981,12.282188,13.77892,17.588846,22.43807,24.005184,27.69564,29.88551,34.036728,30.971712,28.869951,24.841614,22.976315,18.998148,18.344599,12.140791,13.470248,11.57925,10.0250845,11.118256,14.752061,16.07493,16.340658,18.05103,16.982075,20.951418,17.577192,24.952868,21.249388,28.44075,27.755846,29.005892,31.157976,27.56401,27.632761,23.066362,20.642982,25.378029,21.010496,25.04767,24.391506,21.316675,23.959002,22.445976,25.203709,23.347944,24.01396,28.32695,28.511818,33.14207,35.113613,36.13518,36.414017,36.714077,34.324104,31.112106,30.897331,29.534422,26.627626,27.373983,24.435028,27.123838,21.372461,23.295994,27.201818,23.620289,21.59737,23.963692,21.01084,23.908201,22.190716,25.059969,25.830402,28.235596,33.141647,31.32137,36.509224,36.358463,39.82213,36.01272,31.383144,28.805563,26.512928,25.299345,22.117563,18.675398,19.727613,16.68349,19.40832,16.06384,18.727558,17.715895,15.348675,18.601072,21.952045,23.04552,26.577045,28.016045,32.230724,28.602835,33.246387,31.400694,35.742657,37.2948,37.524666,35.250187,35.131542,30.48948,32.334324,28.657204,30.788485
1,4.545883,0.0,4.827011,5.6330805,8.27438,11.191343,13.670388,19.324354,20.70239,24.524988,26.97202,31.244556,28.36835,26.489372,22.38774,20.151766,16.268587,14.953322,9.7357,9.869149,9.27747,7.098507,9.761417,12.743125,13.156817,14.084399,14.908836,14.477182,18.258278,15.536496,22.818472,19.554197,27.1661,26.209726,28.12736,30.45228,27.442633,27.610178,22.919113,20.293919,24.811516,20.646381,23.71341,22.885242,20.461618,21.896202,21.086758,23.02297,22.071619,22.031439,26.5989,26.290003,30.613691,32.514153,33.08294,33.00207,33.125782,30.51434,27.069519,26.845417,25.120344,22.392876,22.961409,20.097359,22.938543,17.361526,19.70335,23.70208,19.908428,17.598417,19.671928,16.528399,19.367283,17.746765,20.68845,21.670866,24.203327,29.315636,27.765478,32.882343,33.206554,36.683502,33.22082,28.54562,25.679302,23.474266,21.75559,18.66762,14.701199,15.514674,12.379489,15.100061,12.034832,14.623313,13.525681,11.182052,14.385181,17.712091,18.79011,22.184608,23.808079,28.124262,24.847378,29.434958,28.11691,32.526764,34.060173,33.990482,31.82085,31.312994,26.86698,28.57329,24.812225,27.157644
2,6.822694,4.827011,0.0,5.0819,7.076508,7.5755014,11.96081,15.984038,18.174582,21.55976,24.505318,28.553804,24.939568,23.294863,18.784067,17.411888,13.650461,13.355205,8.804397,10.806194,11.436782,10.427763,13.456553,15.508961,15.48046,15.805107,15.26591,13.897999,16.915222,13.3932085,20.378555,15.957858,23.8455,22.114183,24.157116,26.18555,23.282658,23.86362,19.259363,16.992865,21.90693,18.566278,21.71899,21.757275,20.014944,21.760721,22.151411,24.599432,24.24069,24.668198,29.253502,29.448378,33.226707,35.53182,35.396454,35.157158,34.8239,31.777159,28.463135,27.431278,25.831951,22.19319,22.174665,18.842424,21.084675,15.532693,16.883936,21.160059,18.30411,16.480022,19.43277,16.548609,19.891047,18.11917,21.841085,22.400633,25.832533,30.238674,29.469862,34.295696,34.91371,37.739918,34.09179,29.65061,26.46841,25.059458,22.36791,20.973028,16.10832,17.479773,14.601205,17.097921,14.535606,15.864425,13.679003,10.446707,12.891097,16.10426,17.989697,21.339138,22.949997,27.23599,23.984268,28.880756,27.315569,32.22206,33.2654,33.119766,30.577904,29.908499,25.170975,26.487663,22.618616,24.315493
3,9.085981,5.6330805,5.0819,0.0,3.7539787,6.5498924,8.68155,14.303925,15.216907,19.147612,21.34937,25.639904,23.03016,21.05239,17.210867,14.594947,10.723321,9.3847065,4.737425,5.7558155,7.1634607,6.8216987,10.351408,11.256326,10.713356,11.1019945,10.262781,9.436518,12.802714,10.276474,17.376791,14.63575,22.22579,21.529383,23.704866,26.336128,23.831026,23.830633,19.146551,16.323147,20.401007,16.593145,18.782997,18.104332,16.535618,17.293118,17.80647,19.739937,19.887663,20.04655,24.667711,24.905933,28.37403,30.845005,30.450613,30.266354,29.889116,26.904621,23.820154,22.760725,21.807823,17.981289,18.94154,16.14357,19.32768,14.953899,16.906603,21.678415,18.704384,16.25188,18.229275,14.459775,16.944519,14.226867,17.762321,17.822483,21.238281,25.366222,24.51237,29.336876,29.853718,32.677345,29.074165,24.598707,21.423674,19.991776,17.376032,16.170162,11.335042,13.387169,11.2318,14.4656925,12.877477,14.885282,12.99083,9.958693,11.437924,14.105661,14.261351,18.096792,19.131477,23.268002,19.665462,24.430668,22.83217,27.505976,28.794195,28.743477,26.41025,26.06039,21.443686,23.316132,19.75462,22.279387
4,12.282188,8.27438,7.076508,3.7539787,0.0,5.816562,5.4028378,11.755327,12.787444,16.649729,19.480955,23.770409,21.072308,19.565714,15.517098,12.891884,9.48621,7.5140653,6.409761,5.861347,9.379694,8.854273,12.867436,13.020917,11.452408,12.398922,9.939965,9.806063,12.129737,10.480312,16.711924,14.158406,21.96619,20.597286,23.481386,26.029852,24.18868,24.482414,19.956703,17.307222,21.103737,18.021301,19.173756,18.67127,18.064661,17.63455,19.180565,20.299524,21.4186,20.99139,25.640287,25.446516,28.425955,30.798792,29.826078,29.185513,28.502337,25.162798,21.825449,20.506966,18.994072,15.118154,15.425555,12.453737,15.583954,11.488665,13.605338,18.449484,15.617634,13.084833,14.97594,11.178018,13.800611,11.271907,15.255718,15.522608,19.383427,23.526966,23.280325,27.84335,29.01143,31.651064,28.463255,24.106327,20.58036,19.550406,16.029747,15.595519,9.984728,11.708405,9.74633,12.477374,11.649485,12.730506,10.379266,7.2446337,7.8256173,10.353426,10.997358,14.579306,15.986301,20.309872,17.301846,22.086437,21.165415,26.048605,27.119469,26.642597,24.318155,23.329113,18.883017,20.330254,16.539522,19.060526
5,13.77892,11.191343,7.5755014,6.5498924,5.816562,0.0,6.9972057,8.789037,10.983333,14.149504,17.156874,21.078894,17.390308,15.800996,11.282108,10.021856,6.574555,7.5354176,6.634083,9.82358,12.45864,13.124434,16.481077,16.429073,15.364941,15.011164,12.094831,9.978874,11.178464,7.7265725,13.572605,9.09938,17.268888,15.343768,18.035257,20.390625,18.454836,19.013697,14.578256,12.3148155,16.570442,14.477767,16.100866,16.86857,16.819183,17.590944,20.10684,22.447254,23.562445,24.2124,28.635227,29.446594,32.010193,34.935635,33.526157,33.084713,32.038956,28.503654,25.759638,23.50511,22.870667,17.785872,17.876497,14.610327,16.824993,13.396311,13.614418,18.848427,17.584618,15.883645,18.701593,15.469721,18.262154,15.427546,19.783606,19.138605,23.680311,26.511166,26.901218,31.079361,32.06322,33.82894,30.119074,26.183037,22.65163,22.544968,18.566101,20.016094,14.50838,17.028152,15.497198,18.086464,17.260555,17.711945,14.730242,11.115925,10.605386,12.388935,13.433243,16.98254,17.77225,21.626432,18.189995,23.259924,21.362535,26.694632,27.157269,26.948545,24.079853,23.46937,18.484325,19.716042,16.122211,17.649961
6,17.588846,13.670388,11.96081,8.68155,5.4028378,6.9972057,0.0,7.778834,7.9603767,11.819152,14.919837,19.15451,16.816282,15.709192,12.060569,9.03728,6.926042,4.319206,8.7488985,7.9419,12.537443,12.890119,16.68952,15.479883,13.042741,13.778772,9.252738,9.492755,9.683834,9.695041,13.808555,12.44453,19.654879,18.118546,21.6506,24.301794,23.466393,23.782446,19.69473,17.250761,20.076052,18.051092,17.515072,17.278017,18.153831,16.249834,19.457378,19.874865,22.342728,21.704885,26.098846,26.018847,27.923672,30.551476,28.507284,27.490463,26.19631,22.38828,19.350191,17.054758,15.955581,10.985668,11.106722,8.2733555,11.693552,10.065912,11.580027,16.753433,15.0802555,12.711667,14.050321,10.233845,12.018951,8.739273,13.246903,12.646508,17.458595,20.427145,21.315058,25.215607,26.992,28.872087,25.989336,22.080435,18.204193,18.267262,13.452545,15.479366,9.614572,11.808719,11.350991,13.493669,14.2954445,14.341484,11.695848,9.101891,6.59908,7.0359936,6.485085,10.2096815,11.139661,15.351076,12.653796,17.528028,17.011435,22.192148,22.827543,21.993448,19.560585,18.136982,13.723457,14.935496,11.168518,14.005565
7,22.43807,19.324354,15.984038,14.303925,11.755327,8.789037,7.778834,0.0,4.8341694,6.0323853,10.974458,14.293887,10.027103,9.973747,5.3377666,5.719616,6.625196,8.231028,13.292458,14.882126,18.850626,19.846292,23.375614,22.022028,19.905449,19.669697,14.743101,13.386089,11.29928,10.630151,11.259122,8.484778,14.8474245,11.468,15.864765,17.990784,18.360754,19.323563,16.183521,14.853472,17.105827,17.459816,16.156315,17.724308,20.042913,18.710684,23.435053,24.66783,27.518263,27.718521,31.759161,32.503014,33.6415,36.741047,33.892555,32.826305,30.919882,26.802359,24.536634,21.035683,20.718363,14.834165,13.825248,11.035814,11.995249,12.460218,10.952026,16.075815,17.062696,16.03499,18.286253,15.800891,17.69852,14.970659,19.393866,17.98908,23.342411,24.441437,26.54565,29.526579,31.503695,32.03221,28.9781,25.93269,22.075504,23.51633,18.068018,22.335272,16.838833,19.273922,19.029226,20.681257,21.470226,20.533224,17.255272,14.4563265,11.0724535,10.051574,10.863422,13.050556,13.192879,16.16022,13.954387,18.658762,17.526007,23.181759,22.601992,21.690523,18.551462,16.937258,12.224783,12.116061,8.707248,9.163927
8,24.005184,20.70239,18.174582,15.216907,12.787444,10.983333,7.9603767,4.8341694,0.0,4.3571734,7.2481,11.271121,9.32771,8.404773,6.4356513,3.3137658,5.9136477,6.573945,13.130697,13.983604,17.97718,19.521809,22.680712,20.436783,18.05239,17.6004,12.221915,11.378618,8.141687,9.637866,8.599657,9.410361,14.156809,12.982751,16.823494,19.624111,20.175407,20.296394,17.294312,15.508808,16.485353,16.549643,13.82567,14.734555,17.723305,15.121548,20.448526,21.111609,24.612244,24.717117,28.429472,29.401283,29.916546,33.23079,29.964033,28.991627,26.903133,22.832663,21.17495,17.248568,18.243372,11.748514,12.362856,10.802248,13.003772,14.908501,14.376816,19.378277,19.880718,18.319063,19.515074,16.41144,17.1404,13.421959,17.325108,14.91214,20.319696,20.352789,22.726969,25.377342,27.235643,27.392385,24.351652,21.573444,17.764427,19.753536,14.161706,19.670088,14.855046,17.843615,18.566422,20.53397,22.027052,21.669327,18.886026,16.461245,12.865244,11.200656,8.964201,11.625908,10.218244,12.540583,9.470917,14.198146,12.693297,18.352049,17.837559,17.078594,13.952114,12.979988,7.9097466,9.133543,6.7215033,9.140048
9,27.69564,24.524988,21.55976,19.147612,16.649729,14.149504,11.819152,6.0323853,4.3571734,0.0,6.04668,8.70288,5.747348,6.5484977,5.6858063,5.9073596,9.468661,10.897564,17.148226,18.315527,22.273294,23.808535,26.996376,24.756617,22.379574,21.83646,16.465935,15.438875,11.782632,13.035984,9.963843,10.63448,13.612213,11.438755,15.739669,18.062504,19.683609,20.158533,18.004314,16.964956,17.30401,18.732117,15.4821415,17.173931,20.790413,18.270697,24.047838,24.733507,28.46727,28.687458,32.18632,33.279617,33.352882,36.72257,33.012695,31.867262,29.460577,25.281298,23.948425,19.629082,20.66162,14.374308,14.087233,12.810685,13.650729,16.739754,15.18222,19.627106,21.305565,20.321056,21.657082,19.227251,19.937515,16.782469,20.519604,18.088562,23.489527,22.717644,25.762121,27.765402,29.922672,29.366634,26.586452,24.412035,20.736172,23.28278,17.574926,23.664808,18.99422,21.734577,22.49633,24.08214,25.696981,24.797104,21.831213,19.520205,15.586888,13.403288,12.084191,13.51557,12.0110655,13.263241,11.404284,15.270138,14.040595,19.4951,18.16071,17.122,13.805162,12.34701,7.9563494,7.5398045,6.246243,6.558785
10,29.88551,26.97202,24.505318,21.34937,19.480955,17.156874,14.919837,10.974458,7.2481,6.04668,0.0,4.4506927,6.765471,5.2827997,8.715296,7.1430874,10.94709,12.337397,18.189638,19.443134,22.72814,25.003958,27.491577,24.499409,22.327835,21.104017,16.06673,14.948992,10.464344,13.079212,7.2597365,11.842242,11.711828,12.867157,15.692073,18.712479,20.345797,19.736149,18.097183,16.873343,15.400184,17.028975,12.191937,13.623344,18.128561,14.976039,21.321993,22.014616,26.087776,26.792189,29.649023,31.548996,30.88457,34.710964,30.656355,29.979301,27.437702,23.6266,23.467672,18.79127,21.833157,15.291148,17.035196,16.756126,18.578989,21.83272,20.882816,25.466885,26.669523,25.270676,26.078764,23.049362,22.972435,18.90951,21.91449,18.376024,23.41145,20.96791,24.087988,25.565254,27.033304,25.601843,22.424747,20.973047,17.816656,21.16317,16.054363,23.312914,19.780418,23.219315,24.68716,26.815144,28.685186,28.57329,25.976812,23.671078,20.010883,17.945099,14.542091,16.52906,13.517566,13.328118,10.055643,13.080843,10.013312,15.083033,13.451235,13.354169,9.805071,10.869398,6.706755,8.75025,9.914022,11.480865
11,34.036728,31.244556,28.553804,25.639904,23.770409,21.078894,19.15451,14.293887,11.271121,8.70288,4.4506927,0.0,6.624003,6.5147123,11.227032,11.161095,15.062082,16.74949,22.441889,23.887634,27.085238,29.430273,31.84954,28.787756,26.66763,25.323627,20.41154,19.199873,14.687585,17.038681,10.402353,14.72878,12.36241,13.598724,16.012197,18.581758,21.14367,20.562624,19.912704,19.319422,17.000664,19.735847,14.573139,16.49298,21.331306,18.3651,24.81273,25.514841,29.706745,30.5759,33.09857,35.22208,34.07192,37.979683,33.552418,32.846504,30.066593,26.35175,26.674078,21.796276,25.095379,18.841665,20.227734,20.214361,21.379915,25.265997,23.82698,28.01034,29.87143,28.77299,29.594269,26.894764,26.7189,22.908176,25.71689,22.101309,26.972748,23.701252,27.26411,28.06263,29.589,27.342964,24.432714,23.75383,20.965786,24.725561,19.81579,27.401836,24.105793,27.451786,29.013968,30.978962,32.95852,32.610386,29.937387,27.680801,23.848684,21.536972,18.467474,19.837103,16.729113,15.60933,13.339909,15.165933,12.33544,16.424637,13.931382,13.871676,10.523322,11.8289385,9.330394,10.211987,12.54276,12.917512
12,30.971712,28.36835,24.939568,23.03016,21.072308,17.390308,16.816282,10.027103,9.32771,5.747348,6.765471,6.624003,0.0,3.9182642,6.2384152,8.988695,12.679192,15.286306,20.520908,22.724943,26.124344,28.052046,30.936281,28.688633,26.706287,25.555447,20.565102,18.728672,14.811639,15.3517065,10.299873,10.90603,10.489323,8.210248,12.0513315,13.991688,16.722645,17.214775,16.375261,16.30689,15.504976,18.652866,15.144726,17.961054,22.052786,20.456821,26.491304,27.952173,31.47694,32.425533,35.62292,37.436836,37.250835,40.96775,37.104477,36.24954,33.719597,29.707222,28.964922,24.401306,26.137358,19.769499,19.713734,18.47938,18.786798,21.679674,19.40943,23.552074,25.948444,25.325977,27.06952,24.792942,25.67615,22.435068,26.113602,23.357473,28.68392,27.067331,30.237057,31.885511,33.637337,32.308598,29.184132,27.602024,24.30943,27.296194,21.954683,28.494434,24.06276,27.145855,27.831049,29.63359,30.98288,30.154493,27.02104,24.423874,20.743433,18.831568,17.764591,19.187843,17.401033,17.808472,15.767907,18.970757,16.71232,21.711538,19.73095,19.254215,15.777094,15.424002,11.757665,11.29407,11.506928,10.258053
13,28.869951,26.489372,23.294863,21.05239,19.565714,15.800996,15.709192,9.973747,8.404773,6.5484977,5.2827997,6.5147123,3.9182642,0.0,5.4657927,6.8664174,10.398788,13.310442,17.959356,20.519894,23.464529,25.745043,28.28429,25.891298,24.175531,22.635332,17.980272,15.772627,11.809674,12.321996,6.533332,8.457469,7.500913,7.676393,10.562249,13.450032,15.286917,15.031783,13.83176,13.34192,12.078566,14.984952,11.227801,14.140401,18.265268,17.019566,22.986183,24.877522,28.147293,29.478638,32.577206,34.79822,34.73377,38.648827,35.043186,34.558437,32.218502,28.424149,27.885555,23.434874,25.798082,19.154379,20.106237,18.856361,20.070446,22.245579,20.539087,25.208944,26.864355,25.833588,27.533712,24.69531,25.511274,21.685246,25.307425,22.225933,27.449404,25.789085,28.490852,30.429955,31.61676,30.40911,26.781897,25.069218,21.940794,24.840523,19.909203,26.406652,22.25509,25.775414,26.527552,28.800184,29.989805,29.759787,26.76152,23.959219,20.638176,19.137396,17.235388,19.48817,17.346483,17.962408,14.716612,18.248837,14.944859,19.994337,18.404959,18.567463,15.018389,15.810816,11.5056925,12.497826,12.535475,12.630008
14,24.841614,22.38774,18.784067,17.210867,15.517098,11.282108,12.060569,5.3377666,6.4356513,5.6858063,8.715296,11.227032,6.2384152,5.4657927,0.0,5.0291853,7.4597573,10.728543,15.006395,17.774603,21.0138,22.738167,25.739893,24.068464,22.35676,21.269943,16.607965,14.3018675,11.359577,10.368671,8.251526,5.564574,9.824938,6.6419992,10.927591,13.336149,14.261652,14.954778,12.606547,11.9054985,13.037496,14.894006,13.054558,15.702577,18.712406,18.10207,23.359716,25.385483,28.167107,29.194012,32.86746,34.507053,35.262848,38.83908,35.76294,35.07897,33.01445,29.045183,27.568367,23.595694,24.579473,18.168495,18.109127,15.89942,16.811142,17.745417,15.823171,20.676008,22.19277,21.319159,23.611933,20.994217,22.603054,19.301588,23.4805,21.260393,26.63574,26.51779,28.793102,31.433754,32.895256,32.63923,29.090488,26.572851,23.04348,25.11173,19.945288,25.200869,20.214954,23.328522,23.363432,25.454144,26.160496,25.630083,22.386002,19.379175,16.304455,15.3202,14.99979,17.382507,16.441332,18.37219,15.426724,19.812973,17.367058,22.904356,21.852043,21.547201,18.08135,17.660189,12.847449,13.204411,11.358123,11.147147
15,22.976315,20.151766,17.411888,14.594947,12.891884,10.021856,9.03728,5.719616,3.3137658,5.9073596,7.1430874,11.161095,8.988695,6.8664174,5.0291853,0.0,4.009473,6.487824,11.791115,13.808763,17.1556,19.135569,21.96635,19.773722,17.858635,16.78189,11.859841,9.964663,6.597851,7.150356,5.7692313,6.496548,11.285567,10.953085,14.207402,17.317074,17.460289,17.271242,14.198973,12.3316555,13.202773,13.364703,10.863195,12.27606,15.2554245,13.621746,18.936172,20.49576,23.540283,24.318356,27.966084,29.538097,30.236008,33.823795,30.81637,30.252605,28.314623,24.475157,23.101036,19.2579,20.816149,14.230791,15.446052,13.7118635,15.993059,16.982647,16.325758,21.53209,21.936575,20.359697,21.928164,18.602585,19.596424,15.573379,19.474306,16.848207,22.110126,21.98837,23.949932,26.798477,28.050692,28.113365,24.497936,21.713217,18.135696,20.08514,15.004488,20.402124,15.753143,19.225815,19.742847,22.181498,23.227928,23.321115,20.491785,17.67517,14.651516,13.659897,11.497624,14.672566,13.138944,15.265965,11.343454,16.063122,13.354892,18.9574,18.506838,18.386122,15.109121,15.215326,10.004012,11.811865,9.939588,11.831923
16,18.998148,16.268587,13.650461,10.723321,9.48621,6.574555,6.926042,6.625196,5.9136477,9.468661,10.94709,15.062082,12.679192,10.398788,7.4597573,4.009473,0.0,4.0822644,7.8832316,10.509509,13.599713,15.508965,18.367477,16.62026,15.011556,13.940886,9.551466,7.13395,5.6149983,4.124758,7.4642735,6.1882076,12.933561,12.688634,15.43958,18.561428,17.62075,17.384626,13.499923,11.026851,13.216086,11.878075,11.069552,11.895612,13.548093,12.868382,17.120602,19.14101,21.43979,22.30112,26.268425,27.730669,29.172739,32.623215,30.29937,29.934896,28.41682,24.777191,22.955889,19.77441,20.822996,14.628038,16.002787,13.762386,16.540081,15.901555,15.865214,21.291714,20.828396,18.971613,20.78689,17.140232,18.589598,14.536249,18.599844,16.47165,21.470547,22.483583,23.605446,27.136993,28.052317,28.888573,25.044579,21.661043,18.111885,19.163881,14.619153,18.576214,13.648649,17.192577,17.178452,19.980968,20.462557,21.030546,18.282385,15.195627,13.009049,13.024126,11.2960415,15.139239,14.297248,17.230463,13.01025,18.006617,15.331989,20.76776,20.942745,20.991768,17.965445,18.125942,12.936099,14.95917,12.367551,14.57389
17,18.344599,14.953322,13.355205,9.3847065,7.5140653,7.5354176,4.319206,8.231028,6.573945,10.897564,12.337397,16.74949,15.286306,13.310442,10.728543,6.487824,4.0822644,0.0,7.126565,7.4841847,11.428319,13.009803,16.1092,14.067749,11.866346,11.539679,6.535206,5.8867855,5.3755774,6.1952095,10.088223,10.268049,16.630575,16.563025,19.478746,22.60451,21.672443,21.361727,17.361753,14.64181,16.71515,14.497132,13.432811,12.98067,14.177653,12.16735,15.932628,16.870855,19.498152,19.540812,23.690464,24.500448,26.045914,29.212315,26.980919,26.427961,25.050299,21.415821,19.22212,16.443275,17.153511,11.300259,13.197234,11.274618,14.926342,14.303425,15.34295,20.645382,19.357307,17.02559,18.12142,14.079533,15.054522,10.697075,14.631113,12.671166,17.557293,19.270567,20.11249,23.914669,25.052568,26.474174,23.012302,19.252548,15.515251,16.067816,11.394748,14.785161,9.660957,13.180723,13.497399,16.342813,17.248625,18.071651,15.732282,13.095613,10.91643,10.911671,8.048265,12.329384,11.646737,15.066574,10.943131,15.963277,14.129152,19.345335,20.04444,19.817112,17.226002,17.013788,12.181673,14.491047,11.649551,14.866254
18,12.140791,9.7357,8.804397,4.737425,6.409761,6.634083,8.7488985,13.292458,13.130697,17.148226,18.189638,22.441889,20.520908,17.959356,15.006395,11.791115,7.8832316,7.126565,0.0,5.4179683,6.4295983,8.435145,10.910831,10.225731,9.76901,8.7000065,7.4173174,5.1709614,8.8115225,6.120527,13.381636,11.815175,18.565203,19.137302,20.819336,23.896652,21.455263,20.841246,16.247833,13.089987,16.440079,12.347595,14.222024,13.388781,11.955274,12.957591,14.019491,16.656044,17.093758,18.057981,22.426985,23.662235,26.545073,29.625448,28.794918,28.95646,28.35762,25.420826,23.112041,21.43031,21.943678,17.154514,19.19474,16.86825,20.407806,17.464645,18.893621,24.098501,21.852346,19.412458,21.09197,16.968498,18.691574,14.842431,18.289516,17.100557,20.847267,23.661283,23.010656,27.594938,27.656292,29.88848,25.803877,21.567259,18.525137,17.683483,15.091559,15.500662,11.146628,14.534789,13.5939045,17.226631,16.516014,18.618195,16.667389,13.635446,13.795968,15.520432,13.999514,18.325777,18.245132,21.814466,17.355812,22.11755,19.563116,24.180185,25.421604,25.829893,23.385067,23.895208,19.073957,21.583246,18.644163,21.432535
19,13.470248,9.869149,10.806194,5.7558155,5.861347,9.82358,7.9419,14.882126,13.983604,18.315527,19.443134,23.887634,22.724943,20.519894,17.774603,13.808763,10.509509,7.4841847,5.4179683,0.0,4.8558803,5.692199,8.958277,7.6318326,5.717375,6.7373266,5.3001933,6.6411495,10.141083,10.029587,16.165096,15.926355,22.546831,22.98671,25.262754,28.390913,26.421629,25.868547,21.37305,18.221367,21.022884,16.955748,17.617874,15.837785,14.634732,13.479463,14.024442,14.676502,15.71807,15.139099,19.781317,19.834173,22.87075,25.449959,24.746655,24.585386,24.208319,21.363138,18.53985,17.646988,17.54576,13.850767,16.271614,14.534429,18.712856,16.025696,18.57962,23.407043,20.33178,17.395365,17.98607,13.526956,14.497165,10.653364,13.472703,12.868923,16.006407,19.909147,18.808985,23.68032,24.107769,27.08777,23.691927,19.111916,15.96129,14.301642,11.941172,10.651641,6.0593786,9.220005,8.644632,12.516521,12.457287,15.068761,13.896494,11.791541,12.087551,13.702295,11.318079,15.491397,15.713899,19.511583,15.631149,19.976538,18.584387,22.738316,24.45736,24.471313,22.577888,22.586561,18.420523,20.969444,17.98625,21.50384
20,11.57925,9.27747,11.436782,7.1634607,9.379694,12.45864,12.537443,18.850626,17.97718,22.273294,22.72814,27.085238,26.124344,23.464529,21.0138,17.1556,13.599713,11.428319,6.4295983,4.8558803,0.0,3.7105436,4.8274903,4.2139125,5.029975,4.855013,7.643821,8.075471,12.522393,11.682488,18.274847,18.07155,24.144684,25.427715,26.903257,30.122597,27.482727,26.515923,21.980242,18.68551,21.499338,16.51399,18.287102,16.050365,13.340666,13.723238,12.114128,13.802485,13.050217,13.284347,17.826614,18.467953,22.290115,24.90445,25.185163,25.714014,25.86329,23.684711,21.285982,20.923819,21.410732,18.128262,21.011005,19.379116,23.520458,20.340124,22.864658,27.648373,24.30858,21.399841,22.09598,17.751081,18.697638,15.060263,17.14148,16.478096,18.663801,22.490625,20.44829,25.556002,25.001917,28.315195,24.482965,19.821753,17.424368,15.043576,14.481755,11.759896,9.36364,12.1900835,11.388483,15.437515,14.548431,18.050987,17.351044,15.301445,16.464075,18.430555,16.075844,20.255024,20.230247,23.732977,19.40274,23.472502,21.38866,24.997166,27.045965,27.590044,25.815523,26.55764,22.373697,25.300877,22.559378,26.037848
21,10.0250845,7.098507,10.427763,6.8216987,8.854273,13.124434,12.890119,19.846292,19.521809,23.808535,25.003958,29.430273,28.052046,25.745043,22.738167,19.135569,15.508965,13.009803,8.435145,5.692199,3.7105436,0.0,4.220132,6.0056095,6.336315,7.9182777,10.057057,11.057062,15.259199,14.288516,21.079369,20.162683,26.893204,27.390543,29.23742,32.22641,29.582367,28.99368,24.344728,21.18481,24.493149,19.701935,21.610529,19.582815,17.026628,17.146837,15.547201,16.485735,15.692962,15.042371,19.660027,19.249317,23.529737,25.521837,26.187391,26.390034,26.743153,24.560333,21.528389,21.739647,21.067125,18.664879,20.835938,19.019976,22.969065,19.022146,21.99115,26.359653,22.452711,19.495192,20.108885,16.02862,17.289217,14.551036,16.485142,16.869116,18.651789,23.579107,21.37422,26.628723,26.491575,30.27825,26.92021,22.140245,19.635542,16.861416,16.205524,12.109602,9.469495,10.938299,9.14406,12.965045,11.397666,15.223667,14.945051,13.311692,15.320749,17.75922,16.343157,20.119303,20.849674,24.722286,21.04129,25.082853,23.749395,27.407866,29.476501,29.654884,27.97645,28.084404,24.070288,26.580297,23.45171,26.819605
22,11.118256,9.761417,13.456553,10.351408,12.867436,16.481077,16.68952,23.375614,22.680712,26.996376,27.491577,31.84954,30.936281,28.28429,25.739893,21.96635,18.367477,16.1092,10.910831,8.958277,4.8274903,4.220132,0.0,4.5685577,7.022973,7.76408,11.94069,12.802077,17.247814,16.376434,23.002443,22.644215,28.689,30.00691,31.303822,34.440186,31.471733,30.473392,25.924927,22.681026,25.633825,20.32143,22.58328,20.08252,16.688484,17.430382,14.265905,15.527613,13.371844,13.167366,17.444887,17.451065,22.244373,24.218035,25.671743,26.460657,27.233763,25.6558,23.118351,23.699982,23.75505,21.582155,24.39812,22.892769,27.006346,23.237617,26.182718,30.576284,26.611258,23.640295,24.063698,19.98034,20.83624,17.920868,19.208197,19.260244,20.298887,24.902208,21.986647,27.298517,26.34737,30.370014,26.791117,22.055222,20.225733,16.970242,17.710485,12.888674,12.067895,13.649066,12.425282,16.171625,14.601957,18.84124,18.940475,17.472754,19.522057,21.848276,19.84309,23.709904,24.012638,27.547668,23.502512,27.219427,25.442577,28.533142,30.905672,31.487314,30.002377,30.72539,26.810085,29.720562,26.912992,30.451674
23,14.752061,12.743125,15.508961,11.256326,13.020917,16.429073,15.479883,22.022028,20.436783,24.756617,24.499409,28.787756,28.688633,25.891298,24.068464,19.773722,16.62026,14.067749,10.225731,7.6318326,4.2139125,6.0056095,4.5685577,0.0,3.5280633,3.671832,8.61057,10.164549,14.281843,14.581482,20.33609,21.326305,26.654129,28.641499,29.96225,33.381466,30.840147,29.535099,25.168476,21.796078,23.909142,18.712246,19.899271,16.878029,13.924623,13.471207,10.412424,11.048454,9.718714,9.364342,13.887057,14.4432955,18.572578,21.106474,21.913973,22.833483,23.39412,21.83145,19.83482,20.117647,21.23454,18.69653,22.367376,21.411665,25.873634,23.267588,26.116331,30.771563,27.208458,24.117077,24.108591,19.684929,19.784912,16.048029,17.038298,16.17619,17.265326,20.983795,18.123407,23.319052,22.169445,25.936678,22.239351,17.519148,15.768255,12.596314,13.684375,9.596771,9.581625,12.189799,12.302033,16.282675,15.914925,19.883692,19.814617,18.337029,19.372072,20.999794,17.695805,21.707254,21.27072,24.340876,19.999756,23.403305,21.4177,24.174065,26.683208,27.435356,26.129988,27.278044,23.59208,26.885973,24.579483,28.470425
24,16.07493,13.156817,15.48046,10.713356,11.452408,15.364941,13.042741,19.905449,18.05239,22.379574,22.327835,26.66763,26.706287,24.175531,22.35676,17.858635,15.011556,11.866346,9.76901,5.717375,5.029975,6.336315,7.022973,3.5280633,0.0,3.6890337,6.2908535,9.037946,12.615995,13.737564,19.043257,20.360882,25.887383,27.49572,29.3208,32.73858,30.664528,29.561441,25.21463,21.875734,23.867306,19.169916,19.480133,16.539358,14.603904,12.713898,11.189944,10.568416,11.085322,9.671724,14.38225,14.256199,17.750872,20.261883,20.296835,20.705986,20.947195,18.970173,16.674622,16.820099,17.749352,15.235606,18.971981,18.259708,22.839943,20.782534,23.753004,28.34181,24.87948,21.72098,21.367266,16.856226,16.589952,12.650215,13.610009,12.686785,14.07949,18.012203,15.55423,20.760586,20.28384,23.99511,20.667255,15.859107,13.550404,10.549502,10.721334,6.799957,6.1076875,9.079765,9.834314,13.791447,14.191144,17.793978,17.673042,16.403408,16.901445,18.160273,14.44196,18.341822,17.899849,21.01859,16.969093,20.348448,18.922436,21.853935,24.299507,24.708956,23.472462,24.220634,20.730017,23.902952,21.60538,25.660875
25,16.340658,14.084399,15.805107,11.1019945,12.398922,15.011164,13.778772,19.669697,17.6004,21.83646,21.104017,25.323627,25.555447,22.635332,21.269943,16.78189,13.940886,11.539679,8.7000065,6.7373266,4.855013,7.9182777,7.76408,3.671832,3.6890337,0.0,5.6094565,7.068259,10.896892,11.801825,16.940775,18.67082,23.495012,25.856508,27.148674,30.704676,28.463408,27.01111,22.807547,19.419275,21.015507,16.074074,16.555798,13.427346,11.028951,9.903815,7.9326406,8.975279,9.021462,9.36806,13.787441,15.193196,18.286715,21.448263,21.285393,22.158226,22.22102,20.31423,18.755821,18.210316,20.158548,16.690557,20.74601,19.921457,24.432745,22.595406,25.051807,29.974318,26.975191,23.961922,24.04538,19.476841,19.419025,15.021419,16.392498,14.61636,16.501562,19.113276,16.912086,21.825888,20.752396,23.83085,19.788095,15.177097,13.123325,10.779488,11.128786,9.394928,8.722065,12.416005,13.150142,17.172276,17.3901,20.809826,20.241825,18.442533,18.655756,19.793644,15.832324,20.05839,19.044605,21.819746,17.059282,20.56214,18.076372,21.02748,23.379507,24.280294,22.825333,24.304218,20.500387,24.014645,22.020218,25.950619
26,18.05103,14.908836,15.26591,10.262781,9.939965,12.094831,9.252738,14.743101,12.221915,16.465935,16.06673,20.41154,20.565102,17.980272,16.607965,11.859841,9.551466,6.535206,7.4173174,5.3001933,7.643821,10.057057,11.94069,8.61057,6.2908535,5.6094565,0.0,4.094701,6.465384,8.735015,13.003823,15.102583,20.199795,21.899445,23.919827,27.427881,25.942293,24.8527,20.774017,17.561525,18.983948,15.186908,14.280209,11.834154,11.597845,8.644209,10.547998,10.769314,13.228481,13.012109,17.217983,18.20427,20.077246,23.358988,21.7712,21.850464,21.069164,18.20195,16.438068,14.698611,16.626646,11.947382,15.8822775,15.079629,19.547928,18.717531,20.795101,25.831312,23.50734,20.642975,20.759476,16.203373,16.073078,11.149272,13.43118,10.999507,14.494401,16.45618,15.794267,20.2406,20.341162,22.59731,18.845495,14.486632,11.251988,10.539427,7.79294,9.596192,6.406247,10.877048,12.0978985,15.740924,16.785053,19.1038,17.889263,15.918569,14.900637,15.297115,10.784357,15.154015,13.854833,16.730038,11.934141,16.018208,13.805649,17.741337,19.56418,19.981884,18.181137,19.125374,15.090345,18.44959,16.43207,20.41251
27,16.982075,14.477182,13.897999,9.436518,9.806063,9.978874,9.492755,13.386089,11.378618,15.438875,14.948992,19.199873,18.728672,15.772627,14.3018675,9.964663,7.13395,5.8867855,5.1709614,6.6411495,8.075471,11.057062,12.802077,10.164549,9.037946,7.068259,4.094701,0.0,4.556961,4.9861474,10.317287,11.762432,16.858486,18.833958,20.390482,23.927988,22.129274,20.9217,16.796974,13.534038,15.148883,11.233395,11.054543,9.278062,8.901015,8.015185,10.484643,12.741345,14.39353,15.496167,19.49268,21.328598,23.253555,26.814596,25.2825,25.599195,24.70895,21.814196,20.319355,18.09921,20.116009,14.76078,18.077208,16.662022,20.651438,19.443478,20.807978,26.122488,24.296785,21.728926,22.65717,18.267385,18.890102,14.139761,17.072412,14.637244,18.50266,19.886675,19.551283,23.740364,23.566858,25.232466,20.945776,16.957787,13.945426,13.8634615,11.139317,13.564951,10.108975,14.402723,14.882057,18.568342,18.97472,21.08016,19.329224,16.702032,15.729862,16.3579,12.791099,17.26706,15.968755,18.76329,13.621603,18.075926,14.8759,19.248741,20.601576,21.345098,19.035154,20.347733,15.713268,18.983395,16.921125,20.302824
28,20.951418,18.258278,16.915222,12.802714,12.129737,11.178464,9.683834,11.29928,8.141687,11.782632,10.464344,14.687585,14.811639,11.809674,11.359577,6.597851,5.6149983,5.3755774,8.8115225,10.141083,12.522393,15.259199,17.247814,14.281843,12.615995,10.896892,6.465384,4.556961,0.0,5.0702696,6.553444,10.028165,13.96726,16.193605,18.06452,21.703787,20.791245,19.585236,16.028875,13.154776,13.605958,11.288813,8.853608,7.8068786,9.969576,7.446912,12.417607,14.062795,16.964737,17.980406,21.524767,23.536692,24.418446,28.221958,25.71274,25.757189,24.272455,21.005762,20.031406,16.812895,19.54464,13.343235,16.686907,15.645489,19.32301,19.577341,20.293053,25.61328,24.668415,22.362679,23.203304,19.049568,19.328548,14.409038,17.47107,14.278448,18.799976,18.72819,19.550285,22.954023,23.224165,23.873497,19.68321,16.37102,13.090285,14.494855,10.540011,15.522949,12.022342,16.29139,17.3426,20.569487,21.633251,23.01271,20.936615,18.351002,16.267473,15.9208555,11.770457,15.917907,13.806019,15.901879,10.52891,15.0394,11.344239,16.256716,17.006687,17.707554,15.05842,16.601814,11.80353,15.250612,13.839744,17.145584
29,17.577192,15.536496,13.3932085,10.276474,10.480312,7.7265725,9.695041,10.630151,9.637866,13.035984,13.079212,17.038681,15.3517065,12.321996,10.368671,7.150356,4.124758,6.1952095,6.120527,10.029587,11.682488,14.288516,16.376434,14.581482,13.737564,11.801825,8.735015,4.9861474,5.0702696,0.0,7.4063044,6.8883667,12.642929,14.115265,15.588997,19.025562,17.222584,16.262224,12.105628,9.013207,11.189823,8.385075,8.7616205,9.148099,9.801796,10.634633,14.108757,17.18935,18.699347,20.339098,24.164293,26.286007,28.01802,31.693861,29.852583,30.025711,28.816345,25.603815,24.128977,21.278156,23.006384,17.005386,19.264875,17.2355,20.38567,19.150627,19.455553,24.899837,23.969532,21.914616,23.68611,19.730139,21.07281,16.692377,20.347569,17.996386,22.496786,23.429241,23.840435,27.640974,27.751125,28.727934,24.330017,20.840725,17.742878,18.432299,14.964071,18.303976,14.119834,18.101128,18.051405,21.403273,21.483593,22.853706,20.418858,17.249756,15.911042,16.462938,14.198117,18.404184,17.270182,19.991247,15.06907,19.837694,16.275948,21.24293,21.80732,22.49863,19.617056,20.75568,15.64429,18.327679,16.157568,18.563322
30,24.952868,22.818472,20.378555,17.376791,16.711924,13.572605,13.808555,11.259122,8.599657,9.963843,7.2597365,10.402353,10.299873,6.533332,8.251526,5.7692313,7.4642735,10.088223,13.381636,16.165096,18.274847,21.079369,23.002443,20.33609,19.043257,16.940775,13.003823,10.317287,6.553444,7.4063044,0.0,7.2438135,7.755972,11.199504,12.482245,16.251238,16.162045,14.766394,12.345384,10.448935,9.070541,9.776687,5.5250287,7.7885833,11.77786,10.901181,16.595203,19.092072,21.89452,23.691631,26.726252,29.417706,29.713964,33.816624,30.801207,30.8817,28.98521,25.620575,25.233547,21.279005,24.357351,17.705883,20.183615,19.00181,21.585901,22.602535,22.029016,27.255566,27.583647,25.877289,27.309608,23.66457,24.276516,19.696165,23.03123,19.643196,24.459597,23.120419,24.806032,27.380213,27.671055,27.050512,22.704506,20.481842,17.601099,20.025635,15.97943,21.943336,18.401398,22.49632,23.366228,26.326132,27.28304,28.066982,25.472858,22.56038,19.98418,19.201378,16.035242,19.460379,17.04673,18.183414,13.313145,17.281706,12.767154,17.688503,17.202276,18.207355,14.950607,17.030607,12.221656,15.044479,14.563675,16.456497
31,21.249388,19.554197,15.957858,14.63575,14.158406,9.09938,12.44453,8.484778,9.410361,10.63448,11.842242,14.72878,10.90603,8.457469,5.564574,6.496548,6.1882076,10.268049,11.815175,15.926355,18.07155,20.162683,22.644215,21.326305,20.360882,18.67082,15.102583,11.762432,10.028165,6.8883667,7.2438135,0.0,8.25676,7.3831363,9.470858,12.530566,11.474153,11.479568,7.975001,6.5440183,8.965316,9.9565,10.036158,12.904663,14.855209,16.070187,20.408594,23.57267,25.358364,27.12141,30.81488,32.989986,34.345356,38.08195,35.708576,35.567036,33.9241,30.32096,28.87231,25.356886,26.678694,20.293036,21.13307,18.667017,20.379822,19.671268,18.382366,23.568985,24.143143,22.930382,25.498034,22.358185,24.26595,20.543203,24.707771,22.48236,27.545376,27.909859,29.272383,32.50826,33.150375,33.325684,29.10338,26.22592,22.99676,24.47444,20.190964,24.49824,19.744038,23.28377,22.937664,25.67732,25.689524,25.993351,22.896364,19.482174,17.495289,17.584106,16.967773,20.303915,19.4022,21.75216,17.702042,22.380838,18.963366,24.305605,23.842165,24.236742,20.85956,21.451448,16.310785,17.748503,15.717913,16.356071
32,28.44075,27.1661,23.8455,22.22579,21.96619,17.268888,19.654879,14.8474245,14.156809,13.612213,11.711828,12.36241,10.489323,7.500913,9.824938,11.285567,12.933561,16.630575,18.565203,22.546831,24.144684,26.893204,28.689,26.654129,25.887383,23.495012,20.199795,16.858486,13.96726,12.642929,7.755972,8.25676,0.0,7.2095466,5.6843033,9.513514,10.099512,8.455899,8.441896,8.877288,5.708853,10.690631,8.460948,12.725336,16.079638,17.461363,22.463547,25.968143,28.034958,30.570457,33.4104,36.61096,36.98169,41.234097,38.278713,38.49793,36.52921,33.18449,32.89747,28.78282,31.611895,24.90155,26.479868,24.82452,26.383453,27.107887,25.445833,30.357525,31.646963,30.550995,32.77645,29.604803,30.85437,26.68779,30.370516,27.212908,32.154438,30.640076,32.497696,34.848167,34.987392,33.814762,29.309158,27.60575,25.061668,27.570463,23.73111,29.48071,25.674816,29.653496,30.003742,32.88391,33.329803,33.775257,30.770102,27.499502,25.09164,24.50053,22.73633,25.761873,23.72194,24.631565,20.425991,24.04386,19.50698,23.977005,22.7761,23.937332,20.547579,22.569435,18.16715,19.856266,19.610167,19.794302
33,27.755846,26.209726,22.114183,21.529383,20.597286,15.343768,18.118546,11.468,12.982751,11.438755,12.867157,13.598724,8.210248,7.676393,6.6419992,10.953085,12.688634,16.563025,19.137302,22.98671,25.427715,27.390543,30.00691,28.641499,27.49572,25.856508,21.899445,18.833958,16.193605,14.115265,11.199504,7.3831363,7.2095466,0.0,5.040034,6.7309594,8.704089,10.027424,9.546829,10.731652,11.153876,15.115916,14.177665,18.01105,20.899845,21.8509,26.866417,29.88375,32.099255,33.929653,37.38085,39.695103,40.480495,44.332203,41.349285,40.975826,38.909054,35.086643,33.940426,29.862358,31.198587,24.725628,24.667555,22.35583,22.739752,23.20248,20.624617,25.0225,27.145102,26.70219,29.526337,27.142166,29.079939,25.835455,30.043575,27.713074,33.032173,32.51597,34.72974,37.26202,38.294598,37.574596,33.6159,31.46174,28.28404,30.50645,25.772934,31.047487,26.220224,29.526735,29.288408,31.546183,31.782515,31.311167,27.914684,24.646645,22.071753,21.469439,21.62126,23.959383,22.96157,24.479803,21.423006,25.467642,22.283175,27.452541,26.034048,26.212105,22.6607,22.927143,18.470013,18.66099,17.501081,16.263184
34,29.005892,28.12736,24.157116,23.704866,23.481386,18.035257,21.6506,15.864765,16.823494,15.739669,15.692073,16.012197,12.0513315,10.562249,10.927591,14.207402,15.43958,19.478746,20.819336,25.262754,26.903257,29.23742,31.303822,29.96225,29.3208,27.148674,23.919827,20.390482,18.06452,15.588997,12.482245,9.470858,5.6843033,5.040034,0.0,3.9605854,5.3203473,5.625021,7.2053432,9.493105,8.615726,13.707736,13.491119,17.756294,20.328714,22.447697,27.023003,30.795338,32.471603,34.99436,38.14112,41.10815,41.915203,46.020237,43.255352,43.30532,41.36434,37.819935,37.0491,33.009014,34.978527,28.36845,28.97122,26.745527,27.516537,27.602514,25.247057,29.75284,31.595694,31.011055,33.887577,31.212774,33.117813,29.50652,33.591454,30.969074,36.11181,35.265453,37.15373,39.72063,40.137234,39.20159,34.79145,32.850708,30.079369,32.299507,28.18386,33.390057,28.978865,32.631817,32.39755,35.036465,35.02385,35.033,31.733986,28.297478,26.136194,25.841204,25.489382,28.234728,26.907665,28.23802,24.574715,28.473743,24.480642,29.241903,27.895754,28.6773,25.180944,26.372963,21.92789,22.727646,21.923594,21.057562
