,0,1,2,3,4,5,6,7,8,9,10,11,12,13,14,15,16,17,18,19,20,21,22,23,24,25,26,27,28,29,30,31,32,33,34,35,36,37,38,39,40,41,42,43,44,45,46,47,48,49,50,51,52,53,54,55,56,57,58,59,60,61,62,63,64,65,66,67,68,69,70,71,72,73,74,75,76,77,78,79,80,81,82,83,84,85,86,87,88,89,90,91,92,93,94,95,96,97,98,99,100,101,102,103,104,105,106,107,108,109,110,111,112
0,0.0,4.627377,6.6051607,9.537143,12.421591,14.869618,17.883831,19.75185,23.898285,26.385143,30.223333,33.813225,30.81477,29.09586,24.293669,23.657152,18.199463,20.461706,15.529905,17.986752,13.880217,13.604215,14.946509,15.557981,15.663814,18.615305,20.582706,22.652264,21.872263,26.84717,28.39418,33.73994,33.010483,37.086056,38.456573,39.530235,41.024197,42.38496,37.135376,36.716198,32.787884,33.186337,27.789257,29.452787,24.272745,28.105913,23.76921,25.09948,25.426268,28.516123,29.07474,31.423088,35.10195,34.236557,38.25401,36.967144,35.78494,39.182457,41.695736,42.692745,38.2586,37.296047,41.637543,41.818535,45.37237,44.730297,47.214478,47.209816,44.203186,42.708622,40.016865,42.626366,41.566273,37.07292,39.583977,35.544662,39.929893,34.004406,39.68786,37.777973,37.022827,32.58542,29.64555,28.608643,26.769651,28.73224,24.126804,28.988636,25.949425,28.798378,28.725006,30.491232,34.832413,30.216862,29.192987,25.799929,24.692053,23.523548,26.992758,27.135067,24.121016,28.862202,27.466534,30.87861,31.85528,33.53694,36.97517,35.068047,40.53009,35.112286,38.73305,36.795856,39.531013
1,4.627377,0.0,4.8780985,5.929087,8.471526,11.857669,14.179424,17.085688,20.625948,23.459074,27.14785,31.027222,28.549776,26.906614,22.212023,20.985266,15.939267,17.206022,13.233288,14.312544,10.423725,9.358356,11.246246,11.369072,11.216774,14.18154,15.964008,18.083853,17.525162,22.37672,24.423006,29.650146,29.446398,33.25281,34.94139,36.040634,37.79941,39.49663,34.255608,33.61977,29.597662,29.66441,24.152622,25.40417,20.271767,23.686985,19.330507,20.491026,20.880331,23.900074,24.495256,26.846714,30.57906,29.879795,33.737637,32.395466,31.297642,34.687374,37.313713,38.267677,33.824768,33.09648,37.62798,38.02857,41.663223,41.346416,43.962788,44.204247,41.228287,39.67122,36.706337,39.28284,37.96771,33.310184,35.598156,31.434587,35.639416,29.571865,35.205235,33.23117,32.642395,28.071466,25.332588,24.184471,22.512756,24.587643,20.143957,25.322765,22.481676,25.73319,25.772625,28.076855,32.46621,28.309383,26.968803,24.076038,23.105341,20.924892,24.617971,24.370058,20.960884,25.59912,23.767748,27.106281,27.878613,29.407396,32.908375,31.156096,36.670086,31.393864,35.279903,33.491856,36.540726
2,6.6051607,4.8780985,0.0,5.163802,6.910438,8.629006,11.800633,13.30032,17.640678,19.889978,24.00149,27.383286,24.68638,23.286627,18.23911,17.875229,12.719272,15.10837,11.172207,13.777507,11.402121,10.708031,13.929336,14.351578,13.6974,16.575317,16.922176,18.056763,16.770704,21.805153,22.600386,28.425486,27.23524,31.831497,32.986786,34.513786,35.832615,37.42823,32.06561,31.920912,27.546076,28.55101,22.889507,24.928097,19.919327,23.878443,20.820303,21.585123,22.404646,24.588707,24.426989,26.70868,30.071774,28.658508,33.120667,32.22756,30.884348,34.55788,36.710182,38.114586,34.044254,32.739388,37.293583,37.33966,41.21452,40.137848,43.21053,43.07412,39.915546,38.704834,35.952602,38.967358,37.858112,33.211292,35.813095,31.868473,36.351513,30.642092,36.191257,34.41366,34.61172,29.71861,27.655445,25.8237,24.11558,25.620178,21.240572,25.542313,22.14966,25.089226,24.351465,26.52806,30.459337,26.208883,24.264433,22.03731,21.83546,20.27259,24.32611,24.855228,21.836235,26.687967,25.812643,28.454866,29.756105,31.34865,34.509502,32.61375,37.704853,32.111988,35.839645,33.522,36.70711
3,9.537143,5.929087,5.163802,0.0,3.7746336,6.5750422,8.893926,12.002541,15.023503,18.192719,21.444866,25.613768,23.140923,21.358799,16.994293,15.213852,10.445766,11.278008,7.872704,8.8540745,6.4327946,5.865782,9.478201,10.534507,10.6057,13.039909,12.906037,14.299112,12.682139,17.908718,18.956253,24.222782,23.623848,27.59331,29.089897,30.267704,31.919607,33.64705,28.380886,27.82142,23.69514,24.024143,18.441694,20.165905,15.04999,19.205015,16.159952,17.497337,18.93607,21.012093,20.925673,22.871363,26.744066,25.343964,29.594227,28.264957,26.733175,30.19192,32.412247,33.600216,29.386341,28.0434,32.481304,32.62947,36.393196,35.698856,38.564175,38.673077,35.61898,34.209885,31.284998,34.1228,32.907753,28.247696,30.802809,26.848186,31.419214,25.881971,31.530094,30.005106,30.197,25.541645,23.407663,21.21199,19.219402,20.552359,16.105095,20.471766,17.246801,20.430494,20.109728,22.61667,26.84479,22.954733,21.288279,18.923176,18.422796,15.867983,19.926128,20.05071,16.822124,21.608747,20.794928,23.302437,24.744558,26.457794,29.47089,27.491573,32.556156,26.970592,30.748623,28.574259,31.829603
4,12.421591,8.471526,6.910438,3.7746336,0.0,4.723728,5.7450147,9.778506,12.436973,15.513263,19.072777,23.091902,21.302835,19.970818,15.48831,13.780768,9.964414,9.944526,8.819539,8.359352,8.055537,6.2689586,10.780936,10.782686,9.817495,12.007941,10.759773,11.387282,9.863364,14.924642,16.123028,21.78869,21.343536,25.5217,27.13161,28.688309,30.396315,32.499683,27.207378,26.720575,22.230274,22.752645,16.936743,18.455542,13.622839,17.137331,14.842744,15.3272085,16.7703,18.293322,17.838636,19.922216,23.463047,22.002832,26.387506,25.382523,23.975609,27.659458,29.833782,31.244495,27.246119,26.060246,30.844538,31.13632,35.139744,34.457485,37.746597,37.945328,34.847916,33.58143,30.461456,33.462704,32.02321,27.181738,29.519777,25.505262,29.822561,24.176636,29.607359,27.94263,28.681171,23.659855,22.205322,19.788942,18.257671,19.549192,15.604388,19.88293,16.754675,20.223999,19.56206,22.60497,26.481531,23.144232,20.714306,19.507969,19.629946,16.481997,20.772156,20.816423,17.443577,21.952082,20.878502,22.976757,24.209509,25.617329,28.610239,26.882738,31.801502,26.390003,30.401077,28.217844,31.863518
5,14.869618,11.857669,8.629006,6.5750422,4.723728,0.0,4.1991477,5.4327087,9.048077,11.733062,15.438194,19.197145,16.87142,15.538242,10.836851,9.718679,5.831749,7.333859,6.7170887,8.517861,10.109394,9.74974,14.142703,14.964751,14.284197,16.118626,13.76419,13.29364,10.518349,15.53313,14.510691,20.586052,18.725943,23.750404,24.614944,26.494574,27.648258,29.493214,24.1011,24.15535,19.416212,21.0478,15.309369,18.010042,13.57094,18.017683,17.421272,17.920998,19.978497,20.546942,19.261293,20.90742,24.137518,21.671015,26.686293,26.015587,24.152334,27.943295,29.432878,31.26471,27.73261,25.65961,30.15834,29.912231,34.041355,32.442356,36.06917,35.8018,32.5399,31.63795,28.881914,32.305687,31.23688,26.60314,29.399284,25.83892,30.550102,25.700407,30.96074,29.763203,31.192488,26.2317,25.30581,22.206936,20.433348,20.839874,17.067152,19.821304,16.092705,18.86782,17.315256,20.033077,23.394062,19.957167,16.97754,16.481014,17.445904,15.178095,19.629726,20.623983,18.011795,22.572803,22.898462,24.150131,26.131628,27.736187,30.152308,28.160173,32.43057,26.693237,30.276234,27.489962,31.08508
6,17.883831,14.179424,11.800633,8.893926,5.7450147,4.1991477,0.0,5.8863573,6.8869767,10.180412,13.544161,17.629738,16.466934,15.500136,11.495725,9.46867,7.9428205,6.447319,9.111449,7.7595186,10.839515,9.664773,14.109367,14.244267,13.167137,14.364778,10.930657,9.627169,6.732382,11.449025,10.873191,17.0788,16.014177,20.739595,22.074053,24.108688,25.619762,27.987179,22.709833,22.490862,17.604753,18.82173,12.962635,14.990568,10.985144,14.516754,14.738083,14.621371,16.891422,16.823252,15.228355,16.806726,19.95262,17.521547,22.490545,21.892136,20.118053,24.006237,25.576574,27.460678,24.034248,22.25453,27.08579,27.150286,31.42197,30.238594,34.095222,34.151146,30.964893,30.033123,26.93598,30.309738,28.891285,24.07508,26.502398,22.8448,27.216028,22.307667,27.33664,26.082872,27.933455,22.84125,22.511534,19.195559,17.837065,18.179914,15.066795,17.816942,14.541959,17.76633,16.306952,19.766626,22.93493,20.404299,17.024563,17.538057,18.672592,15.269767,19.662952,20.129097,17.256697,21.3033,21.166288,22.045147,23.722128,25.02138,27.381481,25.67532,29.831339,24.420769,28.283169,25.726433,29.699575
7,19.75185,17.085688,13.30032,12.002541,9.778506,5.4327087,5.8863573,0.0,5.5511456,6.706836,11.109986,14.083983,11.904271,11.306009,6.2612157,6.8293533,5.968453,7.754207,9.747543,11.652769,14.810232,14.612389,18.975056,19.699314,18.735273,20.176418,16.784573,15.083704,11.871693,15.83042,12.648256,19.087872,15.833738,21.811508,21.910305,24.458345,25.01446,26.883333,21.536552,22.273434,17.147234,20.10258,14.756326,18.170124,14.857795,19.073189,20.330889,20.243397,22.581266,22.012604,19.83243,21.084488,23.522024,20.118242,25.659266,25.636883,23.545704,27.46674,28.2024,30.578003,27.786474,25.115438,29.462492,28.82973,33.163795,30.716,34.955418,34.31507,30.93183,30.54372,28.068838,31.916975,31.041061,26.625452,29.547604,26.487036,31.15202,27.07168,31.823818,30.942972,33.27402,28.264784,28.21817,24.632729,23.090778,22.79751,19.75854,21.066883,17.244324,19.349127,16.774649,19.395618,21.674269,18.850042,14.702288,16.210997,18.387735,16.70391,21.026793,22.658348,20.69723,24.833609,25.977854,26.302773,28.617102,30.10319,31.986607,30.033092,33.536137,27.859715,31.119911,27.90632,31.625607
8,23.898285,20.625948,17.640678,15.023503,12.436973,9.048077,6.8869767,5.5511456,0.0,4.4053006,6.674214,11.002401,10.22689,9.700066,7.28379,5.182261,8.321639,6.434028,11.70403,11.127012,15.806202,15.612544,19.574253,20.27165,19.508055,20.124382,15.724737,13.238892,9.589827,12.322499,7.4578247,13.730833,10.414397,16.388063,16.644665,19.362522,20.153244,22.51724,17.306606,17.818855,12.527545,15.449358,10.404351,13.7613125,11.67856,15.359022,18.35591,18.133186,21.080448,19.525984,16.82277,17.326359,19.700993,15.7171335,21.300417,21.234915,18.810158,22.603502,22.943388,25.46681,23.061874,20.046135,24.335054,23.702574,28.146477,25.788666,30.30214,29.86821,26.550617,26.22664,23.55745,27.460848,26.429462,22.065695,24.847292,22.10258,26.629774,23.285074,27.609333,27.162624,30.120888,25.40934,26.049446,21.95118,20.561024,19.574886,17.479273,17.621355,14.237124,16.222897,13.458025,16.762766,18.585814,17.078838,12.5208,15.486947,17.947031,15.274986,19.261908,20.630285,18.937323,22.291178,23.799343,23.22048,25.672937,27.015673,28.358896,26.519346,29.40028,24.002123,27.174065,23.974344,27.972069
9,26.385143,23.459074,19.889978,18.192719,15.513263,11.733062,10.180412,6.706836,4.4053006,0.0,5.6696224,7.695433,7.633176,8.702179,6.370638,7.359141,10.868473,10.545922,15.0119,15.420991,19.843468,19.54353,23.702469,24.184475,23.05488,23.818739,19.410883,16.585356,13.412428,15.348847,9.9608135,15.953568,11.563613,18.151299,17.594194,20.94292,21.04317,23.299597,18.346027,19.596401,14.304756,18.260742,13.963844,17.372196,15.920001,19.040268,22.404844,21.67831,24.325386,22.38931,19.323294,19.837553,21.240705,16.849995,22.638863,23.316734,21.039995,24.881447,24.696753,27.624182,25.85426,22.73029,26.839903,25.970503,30.462202,27.438093,32.370518,31.590313,28.235073,28.376753,26.05793,30.169716,29.311506,25.226551,27.949488,25.550276,29.801702,26.7902,30.676651,30.229685,33.604218,28.778847,29.835554,25.80177,24.687243,23.64705,21.818054,21.602938,18.292938,19.792555,16.546253,19.346546,20.211143,19.003048,13.846677,17.872633,20.90504,19.053972,22.882738,24.63443,23.21741,26.468117,28.127508,27.353037,29.77847,30.973616,32.17304,30.453112,32.95555,27.742441,30.677326,27.3029,31.229897
10,30.223333,27.14785,24.00149,21.444866,19.072777,15.438194,13.544161,11.109986,6.674214,5.6696224,0.0,5.6295385,6.40719,6.981799,8.672744,7.638414,13.044194,11.363373,16.778027,16.416067,21.518402,21.764883,25.333622,26.3019,25.735424,25.970722,21.181463,18.272642,14.776171,15.757269,8.721828,12.72267,6.7974606,13.578078,12.2311735,15.72778,15.480623,17.806355,13.086088,14.561801,9.482264,14.171144,11.361323,15.094172,15.1253,18.198067,22.898405,22.631462,25.884672,23.39128,20.141819,19.692316,21.182375,16.231089,21.69478,22.097904,19.269167,22.560574,21.557539,24.576946,23.39474,19.382475,22.703005,21.336197,25.724957,22.138659,27.26233,26.319824,22.999182,23.417532,21.374952,25.62061,25.035082,21.470274,24.368618,22.75603,27.0834,25.409676,28.824808,29.146402,32.920532,28.750504,30.116962,25.624792,24.313652,22.380201,21.300547,19.351202,16.452816,17.000124,13.410937,16.043165,15.938621,16.099062,10.877047,16.2627,19.601223,17.77017,20.854893,22.793684,22.182413,24.634172,27.319792,25.576387,28.499327,29.793386,30.186817,28.345644,29.880789,24.860094,27.171461,23.569515,27.369625
11,33.813225,31.027222,27.383286,25.613768,23.091902,19.197145,17.629738,14.083983,11.002401,7.695433,5.6295385,0.0,5.7218127,8.756992,10.706289,12.08458,17.029781,16.47653,21.27946,21.659203,26.545647,26.60579,30.452417,31.163681,30.210192,30.60684,25.80909,22.620394,19.52526,20.039612,13.320981,16.913187,10.999113,17.30628,15.122642,19.101814,17.966793,19.990004,16.11115,18.357122,13.930471,19.054092,16.899664,20.363058,20.646214,23.177597,27.999487,27.21464,30.127058,27.322514,23.7999,23.44138,23.867828,18.74996,24.143911,25.378952,22.86137,26.106405,24.567558,27.950483,27.508574,23.625786,26.66961,25.134554,29.407043,25.180899,30.641586,29.31604,26.096405,27.078644,25.519339,29.821236,29.416798,26.243868,28.932505,27.663149,31.554579,30.152676,33.068714,33.33381,37.497536,33.199085,34.969902,30.600164,29.5943,27.743214,26.829239,24.864056,22.058067,22.343887,18.571297,20.5858,19.472975,19.939787,14.584322,20.476614,24.187132,23.086828,26.066874,28.274586,27.79056,30.212267,32.866238,31.049744,33.84397,34.954124,35.265255,33.59974,34.786926,30.070011,32.15263,28.498129,32.142994
12,30.81477,28.549776,24.68638,23.140923,21.302835,16.87142,16.466934,11.904271,10.22689,7.633176,6.40719,5.7218127,0.0,3.711747,6.5559716,8.913262,13.416296,14.256149,17.800913,19.706459,24.156916,24.870928,28.620275,29.999617,29.489742,30.259935,25.90932,23.329973,19.660614,21.567205,14.877637,18.97179,12.557713,19.08805,16.689838,19.954027,18.576324,19.647507,15.194218,17.702791,13.311908,18.837915,16.307371,20.747194,20.050798,24.059254,28.041962,28.04802,31.141422,29.088276,25.949423,25.836254,27.236227,22.311596,27.879648,28.461664,25.674622,28.941263,27.755735,30.805023,29.681986,25.405558,28.197659,26.302616,30.394888,25.780546,30.721258,28.990025,25.587528,26.441635,25.243793,29.638649,29.68149,26.550753,29.877773,28.483564,33.12653,31.487564,35.115494,35.43194,38.989277,34.71222,35.686226,31.27115,29.634434,27.784004,26.030998,24.063438,20.595476,20.445477,16.433064,17.60398,16.788004,15.997845,10.690226,16.146519,20.054928,20.118242,23.113531,25.967665,25.826084,28.77299,32.081776,30.590235,33.875214,35.44788,35.879204,33.747753,35.25256,29.890362,31.737421,27.72086,30.957563
13,29.09586,26.906614,23.286627,21.358799,19.970818,15.538242,15.500136,11.306009,9.700066,8.702179,6.981799,8.756992,3.711747,0.0,5.6574364,6.6157837,11.1427765,12.063436,15.187784,17.4311,21.768122,22.94771,26.388844,28.229519,28.156254,28.926357,24.790169,22.620981,18.650824,21.10757,14.547787,18.388378,12.084372,18.286285,16.02402,18.672272,17.45987,18.171886,13.342359,15.655473,11.410118,16.79997,14.268494,19.111547,18.095684,22.831076,26.488642,27.084507,30.40195,28.70771,25.851948,25.67301,27.744205,22.98609,28.452408,28.487825,25.496042,28.617056,27.639168,30.39119,28.875647,24.376688,26.940664,24.911558,28.853802,24.294912,28.827137,27.059975,23.599562,24.216524,23.089151,27.441002,27.669142,24.583712,28.219503,26.81603,31.839592,30.252018,34.19926,34.668606,37.860317,33.8,34.34113,29.865187,27.847612,25.868376,23.822502,21.623014,17.946226,17.47444,13.445511,14.250785,13.856016,12.438114,7.183834,12.444756,16.388895,16.824322,19.691772,22.788958,22.92242,25.957268,29.711014,28.260387,31.839537,33.670506,34.045975,31.662899,33.24794,27.613646,29.29397,25.156258,28.1803
14,24.293669,22.212023,18.23911,16.994293,15.48831,10.836851,11.495725,6.2612157,7.28379,6.370638,8.672744,10.706289,6.5559716,5.6574364,0.0,5.192433,7.447233,9.932336,12.070754,15.083039,18.774572,19.513277,23.436707,24.896313,24.430275,25.650534,21.935905,19.994757,16.262196,19.573006,14.262943,19.714176,14.535529,21.0087,19.786692,22.478704,22.029154,23.200422,18.04868,19.690624,14.862055,19.29098,15.163378,19.64134,17.340681,22.133568,24.60614,24.922667,27.763885,26.641575,24.047293,24.604658,26.794006,22.537529,28.228516,28.33669,25.743902,29.349747,29.160303,31.814718,29.670918,25.956059,29.423857,27.997244,32.170166,28.474928,32.882687,31.544327,28.073652,28.236794,26.526869,30.71164,30.481571,26.721264,30.133976,27.899529,32.87686,30.029835,34.453575,34.251022,37.03227,32.436966,32.637646,28.565353,26.69171,25.51477,22.80367,22.280327,18.278982,18.985891,15.488739,17.02863,18.076797,15.451685,10.709873,13.753191,17.029814,16.933352,20.66148,23.317646,22.510307,26.293922,28.955143,28.42285,31.501947,33.239754,34.378315,32.123142,34.693672,28.883375,31.311312,27.499834,30.816778
15,23.657152,20.985266,17.875229,15.213852,13.780768,9.718679,9.46867,6.8293533,5.182261,7.359141,7.638414,12.08458,8.913262,6.6157837,5.192433,0.0,5.6865964,5.512266,9.40643,10.920097,15.328825,16.35135,19.844975,21.616217,21.645529,22.444683,18.550276,16.823332,12.728366,16.143782,10.903941,15.805425,11.344585,17.156408,16.579786,18.706453,18.937538,20.388319,14.997105,15.858354,10.992897,14.598511,10.175625,14.798857,12.472862,17.707941,20.381207,21.22888,24.499716,23.410223,21.031485,21.244122,24.1294,20.058558,25.44029,24.909554,22.088238,25.457655,25.489948,27.811369,25.335846,21.522587,24.938948,23.64711,27.767458,24.657698,28.766182,27.814415,24.391136,24.138628,22.064936,26.095808,25.711594,21.80768,25.28256,22.976654,28.15295,25.462975,30.032776,30.064976,32.662678,28.409037,28.448606,24.179014,22.052767,20.593594,17.968662,17.09578,13.099079,13.9614525,10.683504,12.942627,14.856175,12.437124,8.028954,10.651722,13.551175,12.268378,16.05983,18.396362,17.583204,21.174772,24.043192,23.299738,26.543652,28.401403,29.384672,27.025679,29.611599,23.730974,26.230726,22.525629,25.969772
16,18.199463,15.939267,12.719272,10.445766,9.964414,5.831749,7.9428205,5.968453,8.321639,10.868473,13.044194,17.029781,13.416296,11.1427765,7.447233,5.6865964,0.0,5.471923,4.6518946,8.972175,11.663256,12.978871,16.568743,18.61262,18.817503,20.24989,17.447918,16.731855,12.977326,17.686266,14.483701,19.817719,16.527905,21.782673,21.77716,23.430689,23.994932,25.19075,19.810438,20.268328,15.838059,18.317364,13.280391,17.305925,13.436755,19.143915,19.808455,21.072296,23.89209,23.926138,22.252005,23.13414,26.503082,23.200287,28.42299,27.593185,25.10041,28.581171,29.352571,31.301477,28.116575,24.938725,28.620565,27.654602,31.600948,29.08229,32.60917,31.813742,28.464994,27.808744,25.635399,29.31247,28.854252,24.725113,28.160995,25.280361,30.564241,26.889284,32.050236,31.606903,33.339287,28.899878,28.048334,24.321232,21.951334,21.317257,17.629284,18.441519,14.191143,15.712425,13.4519825,15.304865,18.374453,14.525856,11.66794,11.086737,12.763537,11.885018,16.122057,18.251503,16.827915,21.289665,23.46536,23.859495,26.832064,28.85962,30.511818,28.055534,31.546822,25.440111,28.251642,24.846502,28.039734
17,20.461706,17.206022,15.10837,11.278008,9.944526,7.333859,6.447319,7.754207,6.434028,10.545922,11.363373,16.47653,14.256149,12.063436,9.932336,5.512266,5.471923,0.0,6.459775,5.4509935,10.239747,11.151052,14.466919,16.273727,16.628105,17.28898,13.696415,12.696489,8.584911,12.962049,10.026647,14.842478,12.783269,17.212536,18.038067,19.449102,20.764097,22.608715,17.296104,16.97375,12.495788,13.824077,8.280039,11.886681,8.091421,13.806854,15.288659,16.63844,19.944517,19.535294,17.825642,18.294798,22.022532,18.86365,23.748148,22.545454,19.942568,23.275686,24.215189,25.978848,22.671576,19.621067,23.532585,22.92515,26.96114,25.20335,28.742994,28.497065,25.267262,24.316826,21.57351,25.090408,24.198986,19.773775,22.957308,19.920767,25.117273,21.53946,26.626173,26.342615,28.275328,24.024858,23.496498,19.43125,17.119137,16.167284,12.964852,13.565074,9.567769,11.911902,10.112507,13.339301,16.746323,14.139485,11.311915,11.486951,12.784317,9.4629545,13.784875,15.013173,13.177957,17.162159,19.093746,19.036564,21.930511,23.832586,25.326057,23.00034,26.444181,20.506474,23.6659,20.543224,24.203976
18,15.529905,13.233288,11.172207,7.872704,8.819539,6.7170887,9.111449,9.747543,11.70403,15.0119,16.778027,21.27946,17.800913,15.187784,12.070754,9.40643,4.6518946,6.459775,0.0,6.6917114,7.713385,9.930133,12.798303,15.538318,16.497465,17.98409,16.099506,16.42733,13.013474,18.159767,16.405243,21.082993,18.95584,23.192068,23.788252,24.742077,25.80602,26.90762,21.669228,21.45845,17.648905,18.800274,13.808233,17.160387,12.571283,18.56333,17.861002,19.934479,22.690454,23.52754,22.552242,23.514992,27.51599,24.858885,29.592705,28.1739,25.779903,28.997244,30.276249,31.723478,27.993568,25.188269,28.766733,28.060547,31.706493,29.923882,32.77724,32.30233,29.128227,27.997948,25.665462,28.882885,28.346691,24.184418,27.562046,24.41442,29.785995,25.777239,31.289528,30.778614,31.739237,27.602884,25.97621,22.575012,19.828028,19.551876,15.250048,16.938877,12.836365,14.724553,13.637322,15.384547,19.439445,15.1983595,13.854085,11.112392,11.1732855,9.758962,13.968959,15.573911,13.788239,18.628143,20.51521,21.577972,24.476713,26.725779,28.636597,26.04312,30.037197,23.872011,26.78225,23.745306,26.681465
19,17.986752,14.312544,13.777507,8.8540745,8.359352,8.517861,7.7595186,11.652769,11.127012,15.420991,16.416067,21.659203,19.706459,17.4311,15.083039,10.920097,8.972175,5.4509935,6.6917114,0.0,5.435806,6.509248,9.134518,11.332697,12.470131,12.98747,10.399481,10.951295,7.7446175,12.629061,12.656529,16.515215,16.497396,19.40871,21.217913,21.86462,23.91288,25.837914,20.823578,19.664272,15.993118,15.363928,10.015753,11.71861,6.607465,12.162509,11.32814,13.670722,16.836393,17.552605,16.908998,17.654953,22.13904,20.13896,24.201426,22.287514,20.055298,23.088053,24.911982,25.975412,21.878439,19.780827,23.83186,23.854168,27.549656,27.054506,29.830666,30.173298,27.225746,25.672548,22.540104,25.353897,24.092476,19.45014,22.224709,18.56854,23.623766,19.169641,24.76016,24.151672,25.06502,21.01003,19.524035,15.919733,13.247556,13.141253,8.960961,11.856325,8.497233,12.034603,12.105108,15.387964,19.731152,16.977957,15.556746,13.868485,13.493791,8.826683,12.95692,12.758206,9.662651,14.103793,14.753418,15.825516,18.23756,20.264294,22.375097,20.065855,24.46453,18.633202,22.2998,19.950958,23.508795
20,13.880217,10.423725,11.402121,6.4327946,8.055537,10.109394,10.839515,14.810232,15.806202,19.843468,21.518402,26.545647,24.156916,21.768122,18.774572,15.328825,11.663256,10.239747,7.713385,5.435806,0.0,3.779293,5.092864,8.409151,10.48755,11.689892,11.451459,13.506332,11.591838,16.514688,17.844984,21.612616,21.929749,24.571703,26.501219,26.840015,28.944227,30.588535,25.664064,24.405031,21.119879,20.129692,15.190437,16.301872,11.170338,15.76837,12.416097,15.276558,17.573818,19.658905,19.928577,21.160938,25.79464,24.542942,28.209305,26.077427,24.250471,27.109362,29.426746,30.095797,25.596806,24.154041,28.072092,28.305859,31.659813,31.60805,33.802727,34.249714,31.446186,29.637321,26.609888,28.972738,27.743732,23.264938,25.827707,21.961079,26.753498,21.69411,27.509325,26.50771,26.297197,22.435177,19.806765,17.2602,14.492955,15.47888,10.67877,15.123045,12.374313,15.668061,16.453403,19.003212,23.764679,20.289251,19.710503,16.543037,15.082692,11.298818,14.835029,14.131982,10.634812,15.39221,14.891409,17.438847,19.259905,21.379488,24.10366,21.828018,26.91178,21.297077,24.954205,23.09777,26.136034
21,13.604215,9.358356,10.708031,5.865782,6.2689586,9.74974,9.664773,14.612389,15.612544,19.54353,21.764883,26.60579,24.870928,22.94771,19.513277,16.35135,12.978871,11.151052,9.930133,6.509248,3.779293,0.0,4.622217,5.6739564,6.890081,8.364947,8.417852,10.8160515,9.844794,14.594299,17.154812,21.29149,22.232002,24.914297,27.20656,27.879793,30.192732,32.275593,27.302662,26.023426,22.367073,21.313509,16.033562,16.431097,11.371137,14.662994,10.598999,12.660094,14.429079,16.829481,17.3507,19.031887,23.475344,22.729593,26.214882,24.265764,22.862879,25.931322,28.594784,29.29031,24.736729,23.988861,28.452705,29.092936,32.648083,32.963856,35.464134,36.15193,33.35203,31.572311,28.23307,30.588203,28.96992,24.205519,26.28842,22.080933,26.346903,20.564243,26.301407,24.77832,24.57861,20.230253,17.771915,15.617048,13.539819,15.278999,10.900755,16.332148,14.007951,17.84842,18.498396,21.60167,26.137234,23.045822,21.789654,19.484335,18.460325,14.247222,17.912123,16.813345,12.866957,17.168148,15.254088,18.08728,19.061066,20.693031,23.890812,22.08447,27.469437,22.261587,26.389465,24.842854,28.256176
22,14.946509,11.246246,13.929336,9.478201,10.780936,14.142703,14.109367,18.975056,19.574253,23.702469,25.333622,30.452417,28.620275,26.388844,23.436707,19.844975,16.568743,14.466919,12.798303,9.134518,5.092864,4.622217,0.0,4.497934,7.897982,8.539158,10.266426,13.48894,13.048797,17.092651,20.2318,23.281767,24.934938,26.636387,29.243097,29.27966,31.889742,33.817654,29.159319,27.42884,24.48528,22.481642,17.921144,17.606764,12.893118,15.686947,10.341673,13.540466,15.137815,18.199995,19.44352,20.827341,25.627773,25.402496,28.200415,25.688623,24.380482,26.88494,29.840023,29.975584,25.116032,24.7402,28.76033,29.610622,32.698063,33.708908,35.50047,36.493134,33.96117,31.829601,28.478079,30.248556,28.593548,24.08884,25.936256,21.736465,25.813032,20.105633,25.89133,24.484812,23.308258,19.769323,16.325966,14.8168125,12.36168,14.500063,10.06395,16.056976,14.575692,18.26639,19.859192,22.66498,27.539064,24.52603,24.185564,21.041779,19.1605,14.782837,17.575268,15.604042,11.483791,15.335706,12.584565,16.306831,16.9423,18.772976,22.131594,20.281145,26.004189,21.120882,25.148064,24.190508,27.186666
23,15.557981,11.369072,14.351578,10.534507,10.782686,14.964751,14.244267,19.699314,20.27165,24.184475,26.3019,31.163681,29.999617,28.229519,24.896313,21.616217,18.61262,16.273727,15.538318,11.332697,8.409151,5.6739564,4.497934,0.0,3.8232625,4.4400673,7.870744,11.58054,12.516231,15.885604,20.359941,23.640623,25.946695,27.635023,30.594933,30.973598,33.77648,36.141552,31.4537,29.725733,26.434134,24.41228,19.609293,18.589962,14.197024,15.341006,9.159385,11.142204,11.681546,15.401745,17.155626,19.045347,23.519045,24.027891,26.43838,24.13547,23.413666,26.062181,29.418957,29.53745,24.670803,25.1689,29.722832,31.021124,34.288013,35.694744,37.8012,39.041428,36.522503,34.44014,30.793625,32.546005,30.489283,25.744354,27.015339,22.513079,25.843996,19.344307,24.896217,22.814425,21.518517,17.451899,14.125687,13.456679,12.118667,15.157733,11.571342,18.205603,17.125305,21.230913,22.616865,25.915297,30.555859,27.880335,26.885988,24.526003,23.078966,18.38018,21.391216,19.217611,14.8669405,18.15959,13.979578,17.8512,17.378153,18.489805,22.401875,21.198702,27.160276,22.864601,27.327734,26.70524,30.065231
24,15.663814,11.216774,13.6974,10.6057,9.817495,14.284197,13.167137,18.735273,19.508055,23.05488,25.735424,30.210192,29.489742,28.156254,24.430275,21.645529,18.817503,16.628105,16.497465,12.470131,10.48755,6.890081,7.897982,3.8232625,0.0,3.102258,6.5905514,9.948913,11.685674,14.737702,19.68121,23.560904,25.846962,27.976625,30.934568,31.790358,34.521095,37.15426,32.343468,30.84567,27.09844,25.532923,20.389957,19.357096,15.134502,15.556565,9.946027,10.241303,9.9235,13.6776085,15.362451,17.778814,21.731873,22.46954,24.964207,23.148003,22.771215,25.766396,29.170582,29.565718,24.916494,25.70839,30.700743,32.113045,35.664288,36.926373,39.502884,40.709805,38.083782,36.196957,32.444984,34.444824,32.234688,27.300917,28.392971,23.79908,26.792149,19.947887,25.22849,22.715147,21.903553,17.158041,14.617145,14.119946,13.63158,16.759129,13.670346,20.147144,18.902641,23.167494,24.053387,27.640024,31.991106,29.437288,27.762674,26.126614,25.206787,20.527077,23.931416,22.043173,17.696722,20.987438,16.742283,20.20597,19.444263,20.103504,24.118944,23.251833,29.093172,24.952768,29.609705,28.871508,32.5483
25,18.615305,14.18154,16.575317,13.039909,12.007941,16.118626,14.364778,20.176418,20.124382,23.818739,25.970722,30.60684,30.259935,28.926357,25.650534,22.444683,20.24989,17.28898,17.98409,12.98747,11.689892,8.364947,8.539158,4.4400673,3.102258,0.0,5.2474375,8.996334,11.337379,13.472644,19.131386,22.248041,25.298662,26.727573,30.03225,30.681473,33.681255,36.489418,31.911617,30.135956,26.663858,24.528204,19.763395,17.98248,14.293351,13.641563,7.5438023,7.7912374,7.4160433,11.468665,13.6361885,15.830079,19.969257,21.147125,23.075487,20.951532,20.747372,23.460222,27.090862,27.215982,22.47996,23.734951,28.708708,30.407473,33.825504,35.594517,38.02782,39.516907,37.048748,35.04838,31.136187,32.876663,30.446627,25.54291,26.250946,21.599703,24.193905,17.203901,22.383389,19.793777,18.809568,14.14587,11.524835,11.241876,11.156857,14.607798,12.177136,18.80397,18.196796,22.56233,23.772207,27.557247,31.855177,29.770132,28.195276,26.778643,25.800667,20.639494,23.747084,21.405167,16.989601,19.65873,14.746938,18.16848,16.902515,17.294182,21.42449,20.825815,26.711948,22.994968,27.783463,27.41559,31.162815
26,20.582706,15.964008,16.922176,12.906037,10.759773,13.76419,10.930657,16.784573,15.724737,19.410883,21.181463,25.80909,25.90932,24.790169,21.935905,18.550276,17.447918,13.696415,16.099506,10.399481,11.451459,8.417852,10.266426,7.870744,6.5905514,5.2474375,0.0,3.9084349,6.4114456,8.310361,13.966908,17.26599,20.28954,21.911697,25.16173,26.132414,29.054937,32.07784,27.508673,25.869644,22.146482,20.315577,15.415814,13.647148,10.30172,9.3367605,5.571755,4.663815,6.591696,8.421866,9.41294,11.439057,15.76675,16.229715,18.74801,16.82833,16.225368,19.361387,22.634163,23.215824,18.75583,19.492197,24.753614,26.298195,30.045767,31.394053,34.336315,35.69225,33.113564,31.36071,27.408474,29.529043,27.087885,22.024673,22.895863,18.33699,21.251944,14.601478,19.807285,17.588884,18.123959,12.925675,11.947171,9.735417,9.634645,12.097409,10.132961,15.809115,14.99551,19.40354,20.107893,24.243593,28.103064,26.537773,24.405079,23.996008,23.675428,18.266361,21.629442,19.695807,15.546212,18.156313,14.443605,16.535316,16.008337,16.447699,19.944431,19.207361,24.50551,20.485363,25.297468,24.48608,28.619953
27,22.652264,18.083853,18.056763,14.299112,11.387282,13.29364,9.627169,15.083704,13.238892,16.585356,18.272642,22.620394,23.329973,22.620981,19.994757,16.823332,16.731855,12.696489,16.42733,10.951295,13.506332,10.8160515,13.48894,11.58054,9.948913,8.996334,3.9084349,0.0,4.215392,4.919056,10.7768955,14.55814,17.459631,19.469282,22.600714,24.060629,26.829805,30.097012,25.547087,24.163597,20.106762,18.829205,13.878765,12.269902,9.714866,8.190126,7.7725415,5.443397,7.841678,7.2972803,6.668235,8.779572,12.742875,12.611554,15.7413225,14.377188,13.639958,17.26291,20.163069,21.263517,17.304379,17.733835,23.276234,24.71237,28.760254,29.696526,33.175358,34.39547,31.725016,30.268698,26.329777,28.788527,26.338287,21.236786,22.122524,17.79943,20.651876,14.495438,19.241896,17.196936,18.953224,13.506863,13.950325,11.041161,11.306118,12.791494,11.581319,15.903163,14.90191,19.117579,19.184938,23.543829,26.861917,25.747488,22.964146,23.602716,23.93898,18.629427,22.160097,20.692642,16.949598,19.398163,16.60581,17.667297,17.524546,17.795044,20.73807,20.08137,24.721237,20.715628,25.428349,24.283709,28.6842
28,21.872263,17.525162,16.770704,12.682139,9.863364,10.518349,6.732382,11.871693,9.589827,13.412428,14.776171,19.52526,19.660614,18.650824,16.262196,12.728366,12.977326,8.584911,13.013474,7.7446175,11.591838,9.844794,13.048797,12.516231,11.685674,11.337379,6.4114456,4.215392,0.0,5.3714895,8.00614,12.640808,14.298017,17.084644,19.697613,21.221594,23.676239,26.675585,21.88965,20.7293,16.44283,15.755592,10.318186,10.013543,6.7385902,7.991883,9.126249,8.661384,11.796181,11.017874,9.554839,10.690915,14.715272,13.054412,17.152637,15.819695,14.144014,17.83958,20.009426,21.44797,17.670132,16.709202,21.943447,22.755335,26.936666,27.057764,30.674465,31.495693,28.635632,27.325949,23.628181,26.480703,24.430828,19.372364,21.041859,17.032396,20.877043,15.660666,20.638618,19.3723,21.413107,16.437237,16.630621,12.924372,12.035628,12.404742,10.470278,13.659207,11.777801,15.766206,15.367008,19.650608,22.931313,21.64412,18.773878,19.529877,20.14556,15.089008,18.847519,18.023386,14.70118,17.62365,16.431723,16.92682,17.9743,18.879717,21.233303,19.942373,24.178028,19.402346,23.75807,21.949936,26.293278
29,26.84717,22.37672,21.805153,17.908718,14.924642,15.53313,11.449025,15.83042,12.322499,15.348847,15.757269,20.039612,21.567205,21.10757,19.573006,16.143782,17.686266,12.962049,18.159767,12.629061,16.514688,14.594299,17.092651,15.885604,14.737702,13.472644,8.310361,4.919056,5.3714895,0.0,7.289747,10.043967,13.742941,15.165964,18.49849,20.141115,22.994556,26.590527,22.40736,20.982452,17.09147,15.750145,11.569929,9.399776,8.95068,5.958955,9.734937,7.531557,10.648665,7.748552,5.140319,5.4732823,9.51181,8.310764,11.825068,10.545243,9.201366,13.121295,15.544021,17.049088,13.6479,13.662079,19.348682,20.786417,24.99967,25.84936,29.69182,30.96971,28.375696,27.134348,23.159634,25.7362,23.196424,18.209854,18.913113,15.023918,17.708054,12.665706,16.728527,15.367396,18.475067,13.480967,15.2774935,11.484356,11.929546,12.016463,12.240221,14.519468,13.986039,17.72505,17.481716,22.031319,24.653973,24.521675,21.45126,23.201626,24.03473,18.665379,21.83653,20.55628,17.478655,19.124676,17.361769,17.011484,17.293148,17.41278,19.42045,18.864126,22.509777,18.797628,23.275476,22.008028,26.62444
30,28.39418,24.423006,22.600386,18.956253,16.123028,14.510691,10.873191,12.648256,7.4578247,9.9608135,8.721828,13.320981,14.877637,14.547787,14.262943,10.903941,14.483701,10.026647,16.405243,12.656529,17.844984,17.154812,20.2318,20.359941,19.68121,19.131386,13.966908,10.7768955,8.00614,7.289747,0.0,6.790404,6.9206157,10.769246,12.690826,15.224119,17.18755,20.614777,16.160734,15.556639,10.930291,11.740171,7.6865273,8.564929,9.070748,9.921087,15.164523,14.399669,17.794386,14.976994,11.850525,11.174541,13.615811,9.4322815,14.578507,14.179319,11.481609,15.1958885,15.558479,18.074207,15.915511,13.223699,18.04753,18.143715,22.71925,21.627008,26.233936,26.656914,23.70367,23.113297,19.74007,23.225842,21.472075,16.928875,18.846203,16.150623,19.951477,17.157984,20.77566,20.650242,24.347635,20.056192,21.725683,17.309776,16.600542,15.085133,14.836671,14.236527,12.517718,14.912733,13.129347,17.400776,18.999298,19.328474,15.458679,18.770819,20.675747,16.378654,19.558165,19.707237,17.886387,19.78901,20.671059,19.174889,21.117832,21.933916,22.801449,21.488808,23.834314,19.324291,22.796446,20.287104,24.780678
31,33.73994,29.650146,28.425486,24.222782,21.78869,20.586052,17.0788,19.087872,13.730833,15.953568,12.72267,16.913187,18.97179,18.388378,19.714176,15.805425,19.817719,14.842478,21.082993,16.515215,21.612616,21.29149,23.281767,23.640623,23.560904,22.248041,17.26599,14.55814,12.640808,10.043967,6.790404,0.0,6.8614078,5.2224627,9.03439,10.579613,13.602458,17.598066,14.46149,12.813596,10.187399,8.590208,8.24429,6.6145015,10.69911,9.445834,16.329956,16.040108,19.744474,16.31181,13.543217,11.189481,13.502207,9.784565,12.835581,11.548004,8.025913,10.3376,9.717117,12.140259,10.789666,6.964414,11.514264,11.927545,16.486786,16.352839,20.864315,21.94831,19.471405,18.736904,15.048989,18.059721,15.921092,11.798174,13.058198,11.386903,14.656797,14.140031,16.540628,17.64276,21.956532,19.002699,21.324257,16.675144,16.160494,13.476764,15.209668,12.442312,12.65409,14.125611,13.266361,17.371235,18.295845,20.325027,17.500334,20.926405,22.478031,17.838387,19.685839,19.208084,18.172491,18.303137,19.734451,16.803225,18.82916,19.407509,19.009789,17.950384,18.822567,15.324395,18.286398,16.274218,20.832554
32,33.010483,29.446398,27.23524,23.623848,21.343536,18.725943,16.014177,15.833738,10.414397,11.563613,6.7974606,10.999113,12.557713,12.084372,14.535529,11.344585,16.527905,12.783269,18.95584,16.497396,21.929749,22.232002,24.934938,25.946695,25.846962,25.298662,20.28954,17.459631,14.298017,13.742941,6.9206157,6.8614078,0.0,6.784601,6.3901243,9.693213,10.676233,14.071185,9.94606,10.032406,5.6858234,8.701811,7.9188476,10.402356,12.614279,14.463176,20.452003,20.49327,24.19537,21.202717,18.085726,16.579666,18.432142,13.631211,18.108927,17.785162,14.486519,17.03779,15.608953,18.43563,17.57413,12.998333,15.953576,14.67546,19.15618,16.298315,21.46836,21.19814,18.124367,18.23847,15.655986,19.686708,18.756666,15.327459,17.945864,16.884518,20.983341,20.520536,23.350088,24.373104,28.42799,25.072077,26.824377,22.076242,20.860964,18.178295,18.387281,15.067937,13.459429,13.732479,10.969641,14.299734,14.139244,16.053158,12.16466,17.096975,19.725178,16.646479,18.821287,19.93298,19.638874,20.81405,23.716553,21.029846,23.988922,25.141407,24.802021,23.106157,23.828653,19.37204,21.47804,18.202114,22.249073
33,37.086056,33.25281,31.831497,27.59331,25.5217,23.750404,20.739595,21.811508,16.388063,18.151299,13.578078,17.30628,19.08805,18.286285,21.0087,17.156408,21.782673,17.212536,23.192068,19.40871,24.571703,24.914297,26.636387,27.635023,27.976625,26.727573,21.911697,19.469282,17.084644,15.165964,10.769246,5.2224627,6.784601,0.0,4.665553,5.5429606,8.72563,12.859327,10.75043,8.936575,8.166748,6.699759,9.6362,9.313907,13.771424,13.724704,20.43954,20.810638,24.662672,21.368803,18.728617,16.214375,18.178907,14.322923,16.826582,15.605503,12.099872,13.012916,10.831292,13.1099205,13.0055685,7.64031,9.370291,8.237437,12.80342,11.390386,16.36263,17.128813,14.699984,14.386934,11.20441,14.547533,13.0867195,10.248813,12.133384,12.307548,15.712308,17.305172,19.017267,21.035904,25.296312,23.178883,25.314413,20.58807,19.605427,16.210604,18.055033,13.387604,13.808423,13.606343,12.487791,15.664275,15.3688755,18.677853,16.424133,20.378372,22.162996,18.368546,19.287937,19.381746,19.538584,19.018929,22.011133,18.25828,21.07296,21.964703,20.563902,19.16713,18.517387,15.239418,16.800251,14.2612,18.350746
34,38.456573,34.94139,32.986786,29.089897,27.13161,24.614944,22.074053,21.910305,16.644665,17.594194,12.2311735,15.122642,16.689838,16.02402,19.786692,16.579786,21.77716,18.038067,23.788252,21.217913,26.501219,27.20656,29.243097,30.594933,30.934568,30.03225,25.16173,22.600714,19.697613,18.49849,12.690826,9.03439,6.3901243,4.665553,0.0,4.3061485,5.020778,9.195322,7.334752,6.9397655,6.627312,8.2050705,11.380122,12.859636,16.510454,17.713434,24.174269,24.643364,28.512505,25.291077,22.395296,20.15823,21.759588,17.311512,20.41776,19.772676,16.343338,17.42737,14.737724,17.264177,17.629213,12.215835,12.76918,10.404778,14.397074,10.4927225,16.09764,15.72517,12.962159,13.6136875,11.681257,15.60366,15.205746,13.353522,15.851248,16.533916,20.134155,21.89497,23.65246,25.68454,29.93276,27.670979,29.644085,24.847263,23.574045,20.148521,21.330727,16.284994,15.8567705,14.684328,12.525571,14.699175,12.989044,16.927753,14.4111395,19.34959,21.780254,19.171356,19.966389,21.049244,21.824541,21.703514,25.58729,21.874994,25.161669,26.309847,24.828617,23.148222,22.166363,18.609468,19.370333,16.119736,19.58586
35,39.530235,36.040634,34.513786,30.267704,28.688309,26.494574,24.108688,24.458345,19.362522,20.94292,15.72778,19.101814,19.954027,18.672272,22.478704,18.706453,23.430689,19.449102,24.742077,21.86462,26.840015,27.879793,29.27966,30.973598,31.790358,30.681473,26.132414,24.060629,21.221594,20.141115,15.224119,10.579613,9.693213,5.5429606,4.3061485,0.0,4.1617484,7.82354,7.3383007,5.175249,7.8319383,6.8799872,11.931628,12.795409,16.822376,18.053366,24.259016,25.36105,29.383644,26.4567,24.011782,21.551731,23.7063,19.826593,22.236921,20.869877,17.385406,17.67263,15.109132,16.816343,17.045422,11.328133,10.223998,7.047065,10.6119,6.6090155,11.9344015,11.914316,9.311568,9.552564,7.5301814,11.36649,11.306529,10.370962,13.130587,14.687943,18.40374,21.17152,22.77857,25.337475,29.17799,27.648304,29.290403,24.530598,22.970297,19.1623,20.695997,14.749695,15.1107025,13.207754,12.010646,13.65048,12.042497,16.567211,15.429751,19.328508,21.148136,18.499802,18.36278,19.150963,20.534422,19.593134,24.103981,19.929176,23.520346,24.855314,22.79462,20.922691,19.183949,15.893763,15.819557,12.59904,15.706226
