,0,1,2,3,4,5,6,7,8,9,10,11,12,13,14,15,16,17,18,19,20,21,22,23,24,25,26,27,28,29,30,31,32,33,34,35,36,37,38,39,40,41,42,43,44,45,46,47,48,49,50,51,52,53,54,55,56,57,58,59,60,61,62,63,64,65,66,67,68,69,70,71,72,73,74,75,76,77,78,79,80,81,82,83,84,85,86,87,88,89,90,91,92,93,94,95,96,97,98,99,100,101,102,103,104,105,106,107,108,109,110,111,112,113
0,0.0,3.6301115,6.7610927,10.812582,14.066845,16.454453,19.41098,20.567375,24.187286,23.931465,27.101553,25.54363,27.590973,26.91738,34.249573,32.62404,35.664772,38.06896,40.38563,44.088932,46.55971,49.480442,51.631516,49.918472,50.152843,48.262207,44.485123,42.100742,38.99454,39.159115,33.30765,34.533146,30.865274,28.516075,26.667185,26.476326,23.13499,26.596186,29.415297,27.451168,25.507223,32.371754,32.14087,28.827503,30.16312,36.71979,35.237457,31.962202,35.98217,33.35481,36.30451,40.10825,42.038788,40.67128,42.94049,44.50261,39.87954,43.328487,46.19974,40.851673,39.26343,45.143494,46.80065,45.8561,40.78435,40.667908,45.561405,44.06909,42.36234,47.57712,47.409924,44.97588,43.848827,47.183105,43.965553,46.674877,43.515034,39.885807,39.759903,36.91868,35.029922,33.868683,32.862606,35.27761,36.499516,37.624233,40.763668,43.705933,47.26724,49.867977,53.26802,55.11117,58.113865,60.731136,61.953266,60.162136,58.45118,55.390026,51.634224,49.310356,50.05612,44.910763,47.0359,41.882874,43.239502,40.80161,39.136906,42.15441,43.232628,45.791084,44.86474,49.040825,48.4997,53.14823
1,3.6301115,0.0,3.902111,7.4134326,10.867906,13.860682,16.280666,18.050964,21.381708,21.643042,24.690573,23.44859,25.177877,24.165396,31.542599,29.545155,32.606617,34.844406,37.199165,40.830383,43.20493,46.189354,48.265987,46.458763,46.73089,44.780567,41.081005,38.59674,35.547863,35.610596,29.907902,31.11193,27.63242,25.169771,23.125734,23.029459,19.577885,22.978756,25.827702,23.947788,21.91408,28.764307,28.620806,25.393448,26.661402,33.20663,31.86782,28.69238,32.666195,30.013243,32.784374,36.72906,38.590206,37.149746,39.372692,40.914886,36.283283,39.735477,42.57464,37.22949,35.64878,41.53555,43.225018,42.30709,37.25016,37.163876,42.13301,40.742733,38.95169,44.144386,44.146866,41.834316,40.620514,44.137886,40.907604,43.819054,40.774734,37.071236,37.31243,34.291138,32.67588,31.766733,30.358955,32.61146,33.577282,34.747467,37.67916,40.54392,44.10859,46.608818,50.069935,51.768154,54.894505,57.530357,58.758076,57.042057,55.416576,52.41983,48.70108,46.38755,47.20772,42.13155,44.259865,39.3854,40.577934,38.42616,36.933353,39.86082,40.73763,43.263603,42.046856,46.211636,45.473553,50.11891
2,6.7610927,3.902111,0.0,4.7689013,8.534379,12.299091,14.358285,17.251822,19.989618,20.610739,23.266691,21.943323,23.160034,21.890318,29.12924,27.096634,29.827719,32.27437,34.138397,38.074093,40.300236,43.2213,45.16504,43.727634,44.178677,42.328224,38.82588,36.315235,33.541515,33.683895,28.307985,30.071247,27.048023,24.534246,21.697456,21.388762,17.70598,21.134619,23.62268,21.521902,19.291222,26.19702,25.893436,22.274551,23.635376,30.203714,28.682013,25.215014,29.261074,26.747911,29.847279,33.404884,35.47478,34.30547,36.53472,38.223057,33.731346,37.38994,40.16595,34.894997,33.642063,39.59325,41.572567,40.782204,35.848446,35.849983,41.05449,39.908363,37.70287,42.75594,43.224445,41.10871,39.41892,43.1923,39.695507,42.924515,39.992752,36.00862,36.631466,33.117943,31.669497,30.683788,28.937227,30.788214,31.74146,32.415897,35.613354,38.038673,41.759125,44.138405,47.647644,49.347878,52.407658,54.959618,56.004555,54.168156,52.49266,49.456417,45.69235,43.58476,44.613644,39.467747,42.0188,37.298355,38.710533,36.814148,35.5808,38.706684,39.32836,42.264744,40.562046,44.88396,44.027725,48.662697
3,10.812582,7.4134326,4.7689013,0.0,4.087271,8.730422,9.818621,13.5166025,15.723591,16.988628,19.406681,18.57445,19.394423,17.742916,25.005222,22.585373,25.463768,27.684847,29.841724,33.54723,35.829514,38.80848,40.859165,39.16359,39.52294,37.650467,34.085083,31.604015,28.781092,29.017372,23.585325,25.70454,22.808643,20.543734,17.28363,16.6855,13.065681,16.857533,19.013765,16.828325,14.989033,21.876753,21.370192,18.0714,19.75965,26.02343,24.483284,21.611547,25.768452,23.45467,26.027643,29.584053,31.83916,30.582272,32.441303,33.853622,29.269768,32.818043,35.80198,30.75102,29.184351,35.13505,37.225883,36.665638,31.68195,31.48059,36.708855,35.564278,33.12985,38.130356,38.70831,36.649845,34.76666,38.632866,35.079002,38.457382,35.631905,31.574348,32.542614,28.85638,27.709951,27.036802,24.8584,26.548563,27.23367,28.050924,30.988173,33.4648,37.13681,39.494446,43.020393,44.658615,47.78919,50.381863,51.510674,49.786163,48.204777,45.24989,41.553303,39.337543,40.33922,35.310604,37.697517,33.26588,34.431885,32.823254,31.768179,34.740738,35.1597,38.035618,36.083786,40.380882,39.390926,44.015087
4,14.066845,10.867906,8.534379,4.087271,0.0,5.189457,5.8727913,10.019318,11.79338,13.237757,15.4285965,14.780198,15.412201,13.707913,21.02305,18.714735,21.76113,24.019358,26.51241,30.029383,32.593678,35.508392,37.880817,36.03607,36.19333,34.45519,30.662436,28.479708,25.520227,26.22562,20.427458,23.495762,20.529781,19.026121,15.285681,13.724773,10.657671,15.279749,16.4973,13.855481,13.204318,19.843798,18.639475,15.744116,18.26704,23.80664,21.822742,19.85201,24.277288,22.491655,24.549786,27.5833,30.389616,29.239666,30.485628,31.447254,26.798853,30.154379,33.56863,29.007,26.940018,32.84245,35.15521,35.011852,29.974476,29.348099,34.51035,33.229076,30.404516,35.298336,35.87737,33.728664,31.485485,35.23378,31.477827,34.84308,31.992012,27.804977,28.796726,24.920967,23.79749,23.140285,20.825968,22.463577,23.229427,24.060741,27.092278,29.711279,33.344112,35.847767,39.290665,41.12879,44.10321,46.704453,47.91331,46.1976,44.594578,41.639557,37.969906,35.59058,36.45505,31.450153,33.677696,29.211395,30.352108,28.7546,27.759563,30.74999,31.112444,34.13326,32.11991,36.487045,35.615532,40.243065
5,16.454453,13.860682,12.299091,8.730422,5.189457,0.0,4.821485,5.857239,8.311157,8.441904,10.97799,9.985166,11.451873,10.689727,18.058712,16.768005,20.179735,22.607347,25.789555,28.872293,32.05673,34.75507,37.760532,35.674225,35.37205,33.91388,29.61628,28.124443,24.791422,26.330366,19.714306,23.897905,20.352282,20.17836,16.667042,13.805333,12.240507,17.559196,17.651196,14.571984,15.806624,21.691097,19.539772,17.473513,20.940508,25.315853,22.65438,21.988863,26.645481,25.53831,27.000748,29.233027,32.733353,31.724915,32.170452,32.427776,27.750101,30.62797,34.680824,30.862461,27.974646,33.646294,36.080082,36.454414,31.326408,30.013182,34.807022,33.08449,29.99043,34.75274,34.88585,32.34676,29.87243,33.01476,29.071384,31.957788,28.827595,24.64276,24.903994,21.1672,19.485569,18.431242,16.715103,18.848127,20.255352,21.32222,24.695652,27.88591,31.316624,34.24267,37.39971,39.749535,42.302647,44.911156,46.315224,44.580368,42.86221,39.860054,36.23572,33.49104,33.904953,28.90356,30.619223,25.566122,26.811537,24.622232,23.302942,26.428436,27.134554,30.298534,28.841658,33.279903,32.959595,37.58919
6,19.41098,16.280666,14.358285,9.818621,5.8727913,4.821485,0.0,6.27559,6.277506,8.990879,10.539444,11.039919,11.060766,8.910701,16.146221,13.4879265,17.070171,18.917063,22.322203,25.172659,28.108992,31.014397,33.815376,31.43526,31.226692,29.564466,25.41723,23.610514,20.34943,21.628864,15.286704,19.539818,16.563766,16.301651,12.220478,9.174073,7.7039433,13.0878525,12.840026,9.838867,11.481415,17.022942,14.975432,13.424142,16.820383,20.923323,18.67305,18.491104,22.89506,21.798475,22.651094,25.235804,28.495352,27.291075,27.597897,27.78151,23.035221,25.907017,29.904346,26.100899,23.158682,28.8507,31.32649,31.738792,26.67668,25.416954,30.352713,28.86796,25.618551,30.360672,30.867004,28.628357,26.014177,29.634247,25.7211,29.113014,26.310678,22.017937,23.29125,19.220222,18.448185,18.2692,15.404991,16.957909,17.452288,18.756147,21.406252,24.443953,27.890678,30.557121,33.905956,35.857285,38.780907,41.457848,42.889805,41.349823,39.85227,37.01722,33.494568,30.78571,31.394785,26.617666,28.294489,24.088398,24.799023,23.450777,22.624641,25.3413,25.515844,28.432829,26.273314,30.62273,29.764975,34.39508
7,20.567375,18.050964,17.251822,13.5166025,10.019318,5.857239,6.27559,0.0,4.5326705,4.3871775,7.5853157,8.328276,10.302434,9.977415,16.610502,15.259618,19.376646,20.950335,25.43746,27.388922,30.968113,33.665924,37.10576,34.14267,33.295956,31.809238,27.045023,25.992912,22.118996,24.025799,16.685118,21.05559,16.885397,18.071373,15.476493,11.979632,12.238117,17.499186,17.033157,14.387851,17.115698,21.858496,19.49213,18.982393,22.578932,25.817867,23.37883,24.2268,28.591713,27.761229,28.025043,30.369484,33.832516,32.492485,32.2274,31.698416,26.922256,29.03865,33.549923,30.347038,26.434782,31.697903,33.888847,34.61265,29.400473,27.42347,31.638794,29.421974,26.47293,31.197025,30.636229,27.731712,25.539616,28.126183,24.406225,26.809652,23.515835,19.632942,19.488432,16.355108,14.661346,14.299925,12.673885,15.567162,16.732254,19.119493,21.542809,25.709927,28.622375,31.79501,34.729458,37.13095,39.688652,42.43828,44.25897,42.871426,41.353054,38.575966,35.22901,31.991726,31.877869,27.33992,27.850845,22.946056,23.359747,21.024908,19.439331,21.930107,22.8645,25.274042,24.449257,28.613077,28.506088,33.12442
8,24.187286,21.381708,19.989618,15.723591,11.79338,8.311157,6.277506,4.5326705,0.0,4.581031,5.2665334,7.6111135,7.8003955,6.6217546,12.731111,10.865122,15.125234,16.457079,21.194818,22.893599,26.537691,29.208384,32.743645,29.719334,28.821259,27.431124,22.647692,21.786274,18.002626,20.328817,13.13542,18.728222,15.323545,17.06743,13.796413,9.435232,10.815398,15.804272,14.111689,11.3127985,15.17987,18.887753,15.968255,16.172226,20.120152,22.339996,19.728384,21.505505,25.705463,25.370209,25.103292,26.906641,30.64857,29.466787,28.678577,27.812197,23.16878,25.110653,29.837221,27.176567,23.113491,28.200872,30.690031,31.792202,26.790663,24.607706,28.84199,26.82179,23.281511,27.725367,27.634172,24.96895,22.075705,24.932377,20.850534,23.722946,20.671844,16.368185,17.14071,13.148998,12.20651,12.399021,9.481679,11.720111,12.473862,14.842695,17.126923,21.193947,24.144402,27.278545,30.25312,32.646305,35.20973,37.956867,39.758495,38.408375,36.953926,34.24264,30.958908,27.696165,27.651388,23.221094,23.755898,19.336475,19.54505,17.853065,16.812172,19.229687,19.609312,22.348284,20.71642,25.046053,24.697489,29.330097
9,23.931465,21.643042,20.610739,16.988628,13.237757,8.441904,8.990879,4.3871775,4.581031,0.0,3.7259083,4.5965037,7.1134396,8.116153,13.668145,13.670603,17.599154,19.456562,24.030025,25.747458,29.72154,32.093445,35.956818,33.1559,32.048958,30.962093,26.016653,25.667711,21.876278,24.566807,17.29738,22.863997,19.007536,21.005278,18.162128,13.959196,15.035381,20.200535,18.669079,15.720513,19.361792,23.354275,20.223694,20.059458,24.235613,26.48337,23.415047,25.054272,29.497356,29.296957,29.393553,30.724161,34.81539,33.834587,32.974854,32.01167,27.489336,29.308651,34.17385,31.708658,27.585539,32.52792,35.00076,36.206326,31.193792,28.843258,32.794907,30.49843,27.068338,31.361736,30.829025,27.840372,25.039757,27.13897,23.059046,25.163752,21.758331,17.704401,17.024506,13.573682,11.270071,10.2029505,9.118954,12.253786,14.275468,16.363451,19.380384,23.636082,26.40796,29.857414,32.492504,35.38912,37.428253,40.083027,41.91724,40.412983,38.747654,35.91447,32.61415,29.220707,28.809328,24.285786,24.582817,19.190104,19.927969,17.117258,15.3829155,18.260458,19.35872,22.384047,21.741604,26.09075,26.50678,31.034079
10,27.101553,24.690573,23.266691,19.406681,15.4285965,10.97799,10.539444,7.5853157,5.2665334,3.7259083,0.0,3.8831532,4.519417,6.0290313,10.166165,10.866443,14.591155,16.515568,21.127197,22.62716,26.789034,28.961779,33.041912,30.363447,29.144878,28.326933,23.369802,23.466467,19.890776,23.107405,16.238073,22.749632,19.530699,21.943304,18.712227,14.087296,15.786392,20.631508,18.171867,15.125266,19.46189,22.57888,18.913862,19.198933,23.693165,24.97678,21.558653,23.967016,28.294476,28.621336,28.42252,28.98,33.460884,32.751026,31.395935,30.108236,25.851173,27.456512,32.51019,30.65748,26.491909,31.150782,33.898315,35.47615,30.720982,28.185982,32.02753,29.871763,25.95165,29.836905,29.646732,26.82892,23.368967,25.416803,20.9794,23.244476,20.00229,15.633645,15.3387575,11.090159,9.001138,7.8322616,5.921166,8.661219,11.104342,12.8040085,16.206678,20.329346,23.076044,26.615076,29.128704,32.255913,34.036774,36.629196,38.424484,36.862858,35.152233,32.31626,29.059038,25.601093,25.115759,20.61835,20.914434,15.511437,16.397633,13.757726,12.382041,15.530576,16.28214,19.961908,18.802553,23.368507,23.87463,28.337446
11,25.54363,23.44859,21.943323,18.57445,14.780198,9.985166,11.039919,8.328276,7.6111135,4.5965037,3.8831532,0.0,4.0890975,6.8425307,11.387813,13.08259,16.202898,18.942007,22.687315,24.882206,28.987019,31.001705,35.02225,32.951313,31.936003,31.276571,26.500692,26.55246,23.221384,26.369055,19.655317,26.057333,22.761395,24.671478,21.15526,16.69762,17.568727,22.702553,20.53886,17.140913,20.872482,24.675484,20.962797,20.352402,24.985718,26.801922,22.994806,24.660055,29.283016,29.596985,30.117828,30.350351,35.08335,34.641563,33.578148,32.63335,28.439577,30.405558,35.320942,33.225487,29.483147,34.349804,37.220036,38.668182,33.88173,31.576187,35.6351,33.57166,29.643383,33.556576,33.5005,30.701767,27.21073,29.243052,24.753923,26.913624,23.627531,19.323727,18.579374,14.511478,11.894732,9.491029,8.983802,11.283486,14.337374,14.918432,19.260504,22.811485,25.774582,29.303593,31.762957,35.111298,36.604607,39.05245,40.613453,38.758774,36.80663,33.765663,30.332228,27.11318,26.7543,21.915943,22.899332,16.884262,18.70091,15.579867,14.021634,17.799149,18.796278,22.981783,21.995436,26.636902,27.37532,31.752571
12,27.590973,25.177877,23.160034,19.394423,15.412201,11.451873,11.060766,10.302434,7.8003955,7.1134396,4.519417,4.0890975,0.0,3.647767,7.56549,9.448548,12.200858,15.245715,18.650885,21.047403,25.0999,27.058521,31.045189,29.247046,28.375628,27.850506,23.284483,23.411915,20.470247,23.816517,17.761427,24.78862,22.279558,24.151712,20.073956,15.436782,16.550995,21.283442,18.380121,14.874603,18.981518,22.059418,17.961836,17.53689,22.3838,23.491676,19.407743,21.560883,26.060097,26.794037,27.154863,26.770323,31.775015,31.593073,30.255419,29.24142,25.286413,27.296593,32.197292,30.445232,26.95025,31.691797,34.848812,36.48866,31.967674,29.73184,33.909912,32.186333,27.823465,31.44151,32.00317,29.569885,25.497698,27.922298,23.148264,25.861462,22.932169,18.28831,18.579702,13.665829,11.965636,10.109835,8.057378,8.885951,11.7942505,11.390614,16.262972,19.20751,22.423933,25.817884,28.388798,31.710917,33.201412,35.595875,36.988426,35.04353,33.077385,30.000443,26.493666,23.403143,23.334105,18.328987,19.922428,14.322958,16.367,14.101203,13.390325,17.240122,17.493057,22.211443,20.174837,25.00871,25.405495,29.742153
13,26.91738,24.165396,21.890318,17.742916,13.707913,10.689727,8.910701,9.977415,6.6217546,8.116153,6.0290313,6.8425307,3.647767,0.0,7.427938,7.005543,10.161313,13.055198,16.441282,19.132078,22.86321,25.143015,28.789799,26.906967,26.310013,25.50284,21.120329,20.714634,17.873499,20.876162,15.083534,22.041113,19.976412,21.437653,16.975197,12.420773,13.409223,17.91525,14.881724,11.300942,15.4422455,18.443583,14.406969,13.967125,18.777044,20.035002,16.161432,18.250347,22.696255,23.29836,23.563536,23.538563,28.325714,28.030598,26.862429,26.063951,21.982277,24.262323,28.997944,26.96581,23.69205,28.630413,31.83154,33.321342,28.8249,26.833492,31.295954,29.846018,25.43233,29.180342,30.142954,27.990265,23.893448,26.955507,22.212946,25.532427,22.859858,18.065918,19.367725,14.181815,13.410141,12.567145,9.288845,9.468164,11.136774,10.800185,15.16226,17.799019,21.309912,24.397741,27.335524,30.196041,32.184288,34.660397,35.98499,34.136402,32.335674,29.329054,25.773277,22.862232,23.224308,18.228481,20.195757,15.555247,17.084648,15.80586,15.57157,18.935005,18.689316,23.050179,20.282309,25.084421,24.828203,29.260178
14,34.249573,31.542599,29.12924,25.005222,21.02305,18.058712,16.146221,16.610502,12.731111,13.668145,10.166165,11.387813,7.56549,7.427938,0.0,5.7823505,6.309189,9.400136,12.456428,14.224488,18.530903,20.049004,24.399841,22.885736,21.897455,21.961933,17.757975,18.784214,16.80981,20.86476,16.67795,24.54907,23.523441,25.84577,21.535107,16.960016,18.998241,22.43024,18.120745,15.173228,19.991175,20.713192,15.996896,16.883791,21.704052,20.406048,15.985715,20.023779,23.73602,25.557247,25.006107,23.030333,28.552452,28.879866,26.480562,24.77199,21.66509,23.090916,28.10369,27.747787,24.419304,28.283512,31.87575,34.165432,30.397398,27.999012,31.809065,30.567955,25.498974,28.07158,29.523417,27.736319,22.621836,25.123962,20.031092,23.24226,21.152716,16.445099,18.19968,12.643981,12.763009,12.092056,8.836683,5.938328,8.040775,4.492374,10.643394,12.250438,15.562258,18.874899,21.30345,24.881166,25.991892,28.255852,29.498705,27.483887,25.519352,22.481108,19.046856,15.863487,15.9597645,10.92804,13.175285,8.885733,11.127013,10.987227,12.146492,15.442547,14.24802,19.712336,15.995404,20.869413,20.959581,24.905188
15,32.62404,29.545155,27.096634,22.585373,18.714735,16.768005,13.4879265,15.259618,10.865122,13.670603,10.866443,13.08259,9.448548,7.005543,5.7823505,0.0,4.4867067,6.075876,10.5608635,12.33339,16.128515,18.537964,22.296238,19.97789,19.304798,18.568974,14.309642,14.227818,11.98306,15.561587,11.514671,19.258871,18.809265,20.740948,16.26428,11.965714,14.252039,17.027763,12.463679,9.85212,14.967526,15.133871,10.528295,12.262853,16.772131,15.535408,11.835977,16.218315,19.677206,21.08767,19.944637,19.120129,24.0073,23.82781,21.628687,20.07394,16.440536,18.157219,23.125858,22.244318,18.838997,23.081944,26.619207,28.662771,24.788588,22.616018,26.802158,25.824596,20.789257,23.772673,25.596966,24.108038,19.191782,22.720016,17.83247,21.931673,20.111927,15.310105,18.413136,12.8795595,14.089785,14.763531,10.262297,8.02346,7.23179,6.1199856,9.282759,11.162668,14.845373,17.632053,20.815784,23.344118,25.650742,28.20021,29.563595,27.972343,26.487577,23.762503,20.44469,17.482864,18.143063,13.734657,15.63521,13.264574,13.700367,14.618841,15.700168,18.00893,16.52374,20.649954,16.303299,20.920248,19.860027,24.092367
16,35.664772,32.606617,29.827719,25.463768,21.76113,20.179735,17.070171,19.376646,15.125234,17.599154,14.591155,16.202898,12.200858,10.161313,6.309189,4.4867067,0.0,4.689679,6.5663075,9.3676605,13.04005,15.052611,18.847954,17.596912,17.29232,17.139812,13.743461,14.098698,13.235097,16.831472,14.642884,22.199823,22.546175,24.212389,19.49296,15.647733,17.533033,19.64401,14.772903,12.441067,16.901157,16.04503,11.264653,12.781799,17.149332,14.577049,10.172378,15.21364,18.236284,20.504185,19.468138,16.94034,22.495008,23.043028,20.414183,18.83482,16.097233,17.842426,22.505152,22.371756,19.810278,23.527864,27.43875,29.712694,26.442064,24.530579,28.628473,28.136093,22.811289,25.050205,27.624968,26.635271,21.254246,24.793997,19.883461,24.099714,22.759953,18.141666,21.476793,15.939858,17.309345,17.65954,13.550806,10.376798,9.73537,5.947608,9.775913,9.078264,13.201507,15.550427,18.69847,21.37685,23.271517,25.55498,26.465225,24.52709,22.85885,19.972921,16.469297,13.9735,15.29787,10.731598,14.154132,12.855536,13.953544,15.73828,17.485085,19.870747,17.892115,22.560387,17.537697,22.002312,20.847513,24.615286
17,38.06896,34.844406,32.27437,27.684847,24.019358,22.607347,18.917063,20.950335,16.457079,19.456562,16.515568,18.942007,15.245715,13.055198,9.400136,6.075876,4.689679,0.0,6.652068,6.4451137,10.316016,12.792799,16.693356,14.016172,13.299405,12.845644,9.082498,9.744439,9.118939,13.051271,12.103629,19.442017,20.545311,22.633488,18.517328,15.097312,17.781822,18.948265,13.760348,12.559214,17.299023,14.868917,10.538028,13.837649,17.38321,13.52903,10.504954,16.600946,18.7039,20.916792,18.560139,16.583418,21.418255,21.526682,18.20452,15.765742,13.167621,13.998035,19.004885,19.672348,16.527231,19.59324,23.4664,26.082851,23.126886,20.939209,24.610922,24.247156,18.78382,20.581274,23.418467,22.772999,17.211689,20.978556,16.289415,20.872623,20.092669,15.839773,20.114477,15.0262575,17.419874,18.813663,14.367995,11.110492,8.649481,6.7154636,6.717811,5.922644,9.837855,11.954395,15.440466,17.547672,20.14172,22.699593,24.003302,22.65589,21.527206,19.17353,16.249334,13.488425,14.607121,11.415353,13.256173,13.8187895,13.2696495,16.158064,18.182756,19.497969,17.062967,20.708412,15.118625,19.094645,17.226269,20.902113
18,40.38563,37.199165,34.138397,29.841724,26.51241,25.789555,22.322203,25.43746,21.194818,24.030025,21.127197,22.687315,18.650885,16.441282,12.456428,10.5608635,6.5663075,6.652068,0.0,5.870065,7.6500015,9.497458,12.622598,12.817662,13.527022,13.851075,12.514199,12.78943,14.100448,16.927864,17.661514,24.279436,25.989275,27.178476,22.471567,19.605816,21.222715,21.879744,16.87895,15.600683,18.982265,16.10264,12.061002,13.951133,17.057312,12.179628,8.316316,14.222511,15.611066,18.907396,17.328535,12.7488985,18.579042,19.945454,16.612053,14.980588,13.876799,15.479211,19.254452,20.263422,19.07076,21.780397,26.024084,28.479588,26.258543,24.892082,28.78608,29.157444,23.720638,24.925446,28.666918,28.598787,23.012875,26.903559,22.42473,26.993124,26.492693,22.349833,26.440863,21.223202,23.197792,23.85805,19.762665,16.257483,14.802706,10.959642,12.547643,8.550101,12.386657,13.05924,16.356136,18.186424,20.2057,22.145187,22.374575,20.326275,18.88191,16.239372,12.925728,11.840709,14.466815,11.301004,15.644537,16.8469,17.585085,20.591269,22.8877,24.73137,22.176033,26.46475,20.665728,24.401888,22.531881,25.54675
19,44.088932,40.830383,38.074093,33.54723,30.029383,28.872293,25.172659,27.388922,22.893599,25.747458,22.62716,24.882206,21.047403,19.132078,14.224488,12.33339,9.3676605,6.4451137,5.870065,0.0,4.72236,6.4856987,10.936502,8.889979,8.381606,9.288567,7.952041,9.939165,11.840312,15.170873,16.978844,23.352324,25.494247,27.512989,23.658102,20.876709,23.447603,23.681467,18.48365,17.986269,22.005255,18.074257,14.485012,17.89037,20.538828,14.737381,12.474925,18.976585,19.706831,22.786661,19.862968,16.056837,20.829214,21.657951,17.32466,14.186489,13.729867,13.495907,17.72331,20.291811,18.158127,19.547585,23.632318,26.736115,25.003317,23.060453,25.990387,26.31735,20.804281,21.023235,24.817411,25.050072,19.229809,22.671528,18.532074,22.963394,23.14058,19.657217,24.224371,19.677448,22.431477,23.878439,19.828176,16.101759,13.658577,10.923672,9.589331,4.2235436,7.0651665,7.2487636,10.776301,12.530593,14.873979,17.152016,18.016457,16.673536,15.832968,13.894605,11.562553,9.674502,11.663377,10.495299,12.700786,16.007864,15.268131,19.35205,22.020105,22.7836,19.764076,23.179977,17.007378,19.999142,17.766771,20.280886
20,46.55971,43.20493,40.300236,35.829514,32.593678,32.05673,28.108992,30.968113,26.537691,29.72154,26.789034,28.987019,25.0999,22.86321,18.530903,16.128515,13.04005,10.316016,7.6500015,4.72236,0.0,3.5925453,6.4927588,5.3719964,6.742513,7.7863693,9.295972,10.305102,13.638617,15.744983,19.334528,24.649435,27.612514,29.079556,25.28675,23.244904,25.45945,24.789843,19.83136,19.942629,23.105276,18.174711,15.47847,18.839104,20.48361,13.703769,12.639179,18.825907,18.349964,21.737835,18.4114,13.869513,18.048473,19.274717,14.548592,11.39878,12.547625,12.136437,15.162253,18.556038,17.669794,18.220373,22.392197,25.43834,24.546791,23.207918,26.018019,27.05315,21.768621,21.370707,25.966635,26.8841,21.364658,25.14516,21.569918,26.159006,26.753767,23.571854,28.45057,24.075558,26.964247,28.505035,24.332386,20.709728,18.090359,15.542652,13.912471,8.706077,10.3116255,8.541538,11.837052,11.873018,14.773812,16.685087,16.923782,15.799871,15.488216,14.151872,12.456789,12.071743,14.657354,14.317318,16.791782,20.597116,19.840378,24.04961,26.737097,27.375612,24.286417,27.294094,21.047718,23.490612,20.749153,22.718985
21,49.480442,46.189354,43.2213,38.80848,35.508392,34.75507,31.014397,33.665924,29.208384,32.093445,28.961779,31.001705,27.058521,25.143015,20.049004,18.537964,15.052611,12.792799,9.497458,6.4856987,3.5925453,0.0,5.216333,6.475341,7.532378,9.774371,11.745433,13.514569,16.79129,19.10206,22.581932,28.044668,30.928137,32.577904,28.7879,26.564379,28.809181,28.325832,23.331457,23.243921,26.46906,21.691675,18.885675,21.946556,23.717022,16.945171,15.566251,21.513956,20.944279,24.607367,21.555553,16.285816,20.548435,22.170721,17.41031,14.345943,16.027554,15.340286,17.94335,21.81404,21.105698,21.178177,25.235996,28.433449,27.849154,26.445465,28.891256,29.927208,24.671152,23.78543,28.331745,29.313553,23.686102,26.953358,23.449484,27.677086,28.451572,25.46886,30.119888,25.864353,28.682653,30.040174,26.17434,22.329145,20.033052,16.977459,15.622271,9.861517,10.6359825,8.305943,10.619924,10.973762,12.732598,14.16502,13.879267,12.438728,12.107043,10.99066,9.845842,10.323044,13.153375,13.807913,16.412827,20.921642,20.381088,24.791988,27.69733,28.275335,25.062357,28.263535,22.04305,24.209995,21.788084,23.207031
22,51.631516,48.265987,45.16504,40.859165,37.880817,37.760532,33.815376,37.10576,32.743645,35.956818,33.041912,35.02225,31.045189,28.789799,24.399841,22.296238,18.847954,16.693356,12.622598,10.936502,6.4927588,5.216333,0.0,6.795828,9.637721,11.228389,14.786673,15.436966,19.402456,20.604418,25.256958,29.736712,33.248497,34.276627,30.53026,28.99668,30.819002,29.558046,24.946836,25.33471,27.669401,22.26124,20.36727,23.160414,23.931576,16.7861,16.575287,21.712942,19.97061,23.751202,20.5634,14.857069,18.092764,20.168703,15.452859,12.995039,16.08134,15.531788,16.498842,20.769468,21.460514,20.908426,24.859808,27.764801,27.970642,27.271587,29.691729,31.371872,26.465588,25.267054,30.398445,31.913727,26.683813,30.338882,27.260225,31.685486,32.667183,29.792376,34.708096,30.465586,33.35269,34.77279,30.70512,26.988817,24.528547,21.644896,20.216412,14.722028,15.465069,12.589458,14.632177,13.374524,15.57046,16.470486,15.441888,14.373664,14.633676,14.207708,13.63422,15.105908,18.110819,18.768023,21.62174,26.027843,25.523888,29.88902,32.72667,33.327328,30.12749,33.05889,26.807804,28.726625,25.8977,27.072477
23,49.918472,46.458763,43.727634,39.16359,36.03607,35.674225,31.43526,34.14267,29.719334,33.1559,30.363447,32.951313,29.247046,26.906967,22.885736,19.97789,17.596912,14.016172,12.817662,8.889979,5.3719964,6.475341,6.795828,0.0,3.6232407,4.509292,8.928624,9.881489,14.058384,15.187189,20.44196,24.414684,28.13154,29.682348,26.684797,25.306406,27.801464,26.305689,21.66934,22.637074,25.556662,19.708412,18.048674,22.077915,22.85428,15.721145,16.279133,22.25081,20.962156,23.978268,19.650778,16.20886,18.679829,19.368399,14.142946,10.056985,12.5723,10.462706,12.530585,17.513004,16.727402,15.51132,19.338556,22.714537,22.819786,21.563929,23.447084,24.971529,20.1153,18.567476,23.669382,25.328352,20.276598,23.972244,21.333223,25.816948,27.10649,24.689493,29.960302,26.281876,29.637222,31.747383,27.522488,24.109785,20.878057,19.438938,16.206547,11.804994,11.782683,8.690873,11.47273,9.161947,13.387503,15.339496,15.903336,15.990281,16.73651,16.5192,15.974208,15.670881,17.697828,18.521646,19.610538,24.263514,22.586744,27.153994,29.850195,29.74433,26.527573,28.409836,22.23894,23.691225,20.302608,21.542963
24,50.152843,46.73089,44.178677,39.52294,36.19333,35.37205,31.226692,33.295956,28.821259,32.048958,29.144878,31.936003,28.375628,26.310013,21.897455,19.304798,17.29232,13.299405,13.527022,8.381606,6.742513,7.532378,9.637721,3.6232407,0.0,3.3973906,6.9046054,9.355326,12.964124,14.812148,19.509373,23.78846,27.197268,29.361523,26.687656,24.973063,27.926918,26.80637,22.037407,22.899124,26.426563,20.89955,18.88246,23.2478,24.497614,17.721949,17.850063,24.17788,23.46121,26.29091,21.906504,18.991953,21.687355,22.002674,16.833939,12.429164,14.0104885,11.302794,14.317541,19.230122,17.295849,15.964185,19.552347,23.253246,23.071524,21.19231,22.591244,23.669497,18.718716,16.880558,21.55407,23.036526,17.792677,20.992004,18.415712,22.640839,24.119768,22.017254,27.23526,23.924221,27.443344,29.768465,25.733646,22.345354,18.973423,18.020885,13.984001,10.054564,9.015311,5.73972,8.510343,6.291532,10.970005,13.395,14.760334,15.213036,16.04556,15.951216,15.629954,14.557899,15.901302,17.23213,17.217947,22.279377,20.06952,24.8139,27.548153,27.027624,23.746922,25.2534,19.154707,20.271517,16.896896,17.95637
25,48.262207,44.780567,42.328224,37.650467,34.45519,33.91388,29.564466,31.809238,27.431124,30.962093,28.326933,31.276571,27.850506,25.50284,21.961933,18.568974,17.139812,12.845644,13.851075,9.288567,7.7863693,9.774371,11.228389,4.509292,3.3973906,0.0,5.356558,6.559541,10.54353,11.707521,17.11317,20.750114,24.474434,26.434053,23.99534,22.691648,25.629768,24.102901,19.555761,20.853024,24.155993,18.354439,16.844776,21.513025,22.372894,15.783234,16.644875,22.808432,21.998142,24.41082,19.648806,17.818968,19.903784,19.680758,14.609467,9.9938965,11.241492,8.069605,11.4049425,16.195898,14.006945,12.619106,16.282618,19.938042,19.67683,17.878462,19.46341,20.7095,15.803332,14.220852,19.193066,20.824543,15.863444,19.702728,17.31848,21.898853,23.301851,21.169542,26.636946,23.376905,26.983652,29.533245,25.256882,22.196114,18.504196,18.252855,13.878267,10.961816,10.561763,8.177849,11.31285,8.958287,14.057423,16.592882,18.086596,18.60233,19.372442,19.0749,18.369373,17.045397,18.355652,18.974356,18.921556,23.316677,20.918316,25.40002,27.884789,27.349836,24.234154,25.36206,19.384087,20.598679,16.824755,18.350813
26,44.485123,41.081005,38.82588,34.085083,30.662436,29.61628,25.41723,27.045023,22.647692,26.016653,23.369802,26.500692,23.284483,21.120329,17.757975,14.309642,13.743461,9.082498,12.514199,7.952041,9.295972,11.745433,14.786673,8.928624,6.9046054,5.356558,0.0,4.470723,6.421446,9.451539,12.854683,17.755587,20.608326,23.198137,20.7265,18.735184,22.124043,21.441288,16.66368,17.525719,21.666512,16.87094,14.562448,19.415068,21.155745,15.631957,15.529659,21.896265,22.23344,24.27918,19.940825,18.878479,21.73523,21.133364,16.642714,12.452914,11.410939,9.035055,14.021776,17.120802,13.333364,13.627792,17.18162,20.692135,19.080578,16.494436,18.54706,18.791813,13.375653,13.107988,16.9929,17.650698,12.080522,16.051437,12.807922,17.662403,18.545269,15.993895,21.447088,18.068241,21.693905,24.371517,20.093136,17.241323,13.352926,13.934115,8.942131,7.8363214,7.9819026,7.8343906,11.379076,11.106264,15.488204,18.407106,20.425844,20.553164,20.738632,19.801342,18.450428,16.021324,16.693518,16.459309,15.737783,19.24351,16.549831,20.715229,22.98164,22.450415,19.502201,20.695007,14.767779,16.639236,13.061508,15.69839
27,42.100742,38.59674,36.315235,31.604015,28.479708,28.124443,23.610514,25.992912,21.786274,25.667711,23.466467,26.55246,23.411915,20.714634,18.784214,14.227818,14.098698,9.744439,12.78943,9.939165,10.305102,13.514569,15.436966,9.881489,9.355326,6.559541,4.470723,0.0,4.5043488,5.7161226,10.781324,14.748497,18.250448,20.043198,17.466288,16.237621,19.247244,17.78343,13.25781,14.804771,18.268738,12.881666,11.416222,16.509789,17.515076,12.183171,13.207945,19.07412,19.100475,20.678648,15.994369,16.15847,18.266098,17.165598,13.034861,9.185317,7.221247,5.1593,10.582326,12.78525,9.012454,10.188945,14.070599,17.152227,15.284141,13.224491,16.242949,16.961689,11.649509,12.374854,16.743946,17.611717,12.792268,17.740751,14.811193,19.975937,20.547361,17.75718,23.283285,19.714962,23.14242,25.783592,21.181726,18.762053,14.865265,15.686141,11.582533,10.910076,12.140616,11.867635,15.568034,14.65302,19.400927,22.188267,23.869139,23.886518,24.04426,22.95079,21.2581,19.199743,20.34334,19.311779,19.449913,22.029102,19.733828,23.36328,25.295607,25.137674,22.494213,23.64252,18.035557,20.158937,16.446417,19.372137
28,38.99454,35.547863,33.541515,28.781092,25.520227,24.791422,20.34943,22.118996,18.002626,21.876278,19.890776,23.221384,20.470247,17.873499,16.80981,11.98306,13.235097,9.118939,14.100448,11.840312,13.638617,16.79129,19.402456,14.058384,12.964124,10.54353,6.421446,4.5043488,0.0,4.7335973,6.5973754,11.758942,14.382037,16.824774,14.462843,12.724641,16.295212,15.560308,11.099289,12.430548,16.606817,12.530008,10.678141,15.766865,17.397148,13.715628,14.072717,19.55705,20.552744,21.549896,17.37045,18.557217,20.894205,19.382574,16.082203,12.93162,9.542514,8.566966,13.958104,14.584862,9.476481,12.061329,15.2866535,18.006247,14.932131,12.15101,15.512656,15.220417,9.763477,12.094275,15.100252,15.0028,10.198177,15.329883,11.986332,17.219913,17.199656,14.120666,19.547869,16.068844,19.44042,22.294687,17.689308,15.87056,11.834922,13.990504,9.793262,11.456114,12.950006,13.954452,17.483501,17.454361,21.813229,24.770353,26.793962,26.70027,26.584518,25.190918,23.190104,20.485224,21.093315,19.434006,18.978851,20.42945,17.925028,20.896652,22.399525,22.209415,19.946669,20.828808,15.774531,18.293179,14.899015,18.585634
29,39.159115,35.610596,33.683895,29.017372,26.22562,26.330366,21.628864,24.025799,20.328817,24.566807,23.107405,26.369055,23.816517,20.876162,20.86476,15.561587,16.831472,13.051271,16.927864,15.170873,15.744983,19.10206,20.604418,15.187189,14.812148,11.707521,9.451539,5.7161226,4.7335973,0.0,7.6405206,9.239146,13.404485,14.814648,13.120155,13.043683,16.047827,13.779286,10.287737,12.939766,15.775576,10.720562,10.834034,15.929164,16.1732,12.828485,14.888665,19.48974,19.715849,20.078245,15.24103,18.019047,18.881971,16.614023,13.815466,11.116485,7.4972982,6.381938,10.900213,10.718339,4.9868197,8.061555,11.114238,13.435446,10.322355,8.043858,12.158928,12.714963,7.8757787,10.652127,14.319394,14.985906,11.645171,17.209024,14.995971,20.075302,20.308468,17.754732,23.133343,20.079607,23.34086,26.261196,21.631308,20.200558,16.275406,18.441185,14.524818,15.644842,17.012165,17.254032,20.793629,19.7298,24.65185,27.524054,29.40063,29.562109,29.730043,28.560465,26.685429,24.406706,25.325205,23.757631,23.591257,25.107473,22.645967,25.501528,26.833904,26.589144,24.466711,24.818165,20.090942,22.123613,18.36455,21.674519
30,33.30765,29.907902,28.307985,23.585325,20.427458,19.714306,15.286704,16.685118,13.13542,17.29738,16.238073,19.655317,17.761427,15.083534,16.67795,11.514671,14.642884,12.103629,17.661514,16.978844,19.334528,22.581932,25.256958,20.44196,19.509373,17.11317,12.854683,10.781324,6.5973754,7.6405206,0.0,7.9383883,8.541585,11.253296,9.043961,6.9502892,11.065938,11.269416,7.89235,9.070867,13.352227,11.821729,10.415116,14.517342,16.391294,15.625966,15.720547,19.658968,21.673397,21.561674,18.329945,21.237034,23.343029,21.264402,19.427635,17.511234,12.966966,13.489182,18.22347,16.533888,11.118024,15.445107,17.754324,19.354305,14.798178,12.048262,16.232798,14.907138,10.6394415,15.097815,16.210735,14.836078,11.678851,16.501663,13.291908,17.900707,16.707903,13.288343,17.78865,14.503703,17.112247,19.913935,15.425169,15.107753,11.766072,15.240439,12.633714,16.074764,18.095333,19.915668,23.311476,23.824602,27.889664,30.884832,32.98606,32.657627,32.221344,30.44293,27.989737,24.980824,25.329985,22.666096,22.23512,21.706411,19.576694,21.05652,21.624592,21.825413,20.479885,21.145939,17.492546,20.484716,17.86428,22.139742
31,34.533146,31.11193,30.071247,25.70454,23.495762,23.897905,19.539818,21.05559,18.728222,22.863997,22.749632,26.057333,24.78862,22.041113,24.54907,19.258871,22.199823,19.442017,24.279436,23.352324,24.649435,28.044668,29.736712,24.414684,23.78846,20.750114,17.755587,14.748497,11.758942,9.239146,7.9383883,0.0,5.548074,6.793667,8.670899,10.603309,13.303339,10.951806,10.818607,13.769558,15.525584,13.610475,14.970336,18.694153,18.569801,18.768045,20.76473,23.50664,24.559752,23.36526,19.532995,24.578604,24.631525,21.44923,20.601057,19.259275,15.066198,15.087814,18.124126,15.344068,10.026431,13.662181,14.107015,14.413896,9.221391,6.863092,11.172133,9.951163,8.529012,13.763925,14.175177,13.467467,13.421805,18.229105,17.129654,21.103214,20.496239,18.56488,22.783367,20.937405,23.489332,26.586483,22.50049,22.762266,19.410788,23.146591,19.882275,22.974112,24.413269,25.480904,28.777704,28.101128,32.8586,35.86291,38.07758,38.284096,38.30942,36.932285,34.792664,32.037697,32.473892,30.273027,29.525013,29.45403,26.900839,28.382807,28.696852,28.325033,27.195028,26.456116,23.545067,25.444752,22.292,25.97896
32,30.865274,27.63242,27.048023,22.808643,20.529781,20.352282,16.563766,16.885397,15.323545,19.007536,19.530699,22.761395,22.279558,19.976412,23.523441,18.809265,22.546175,20.545311,25.989275,25.494247,27.612514,30.928137,33.248497,28.13154,27.197268,24.474434,20.608326,18.250448,14.382037,13.404485,8.541585,5.548074,0.0,5.269907,8.019896,8.956229,11.750211,11.486424,12.002645,13.746769,15.908952,16.261133,16.740496,19.63206,20.412708,21.802397,22.751057,25.091003,27.095467,25.722944,22.856586,27.68211,28.492262,25.544512,24.952112,23.738134,19.158493,19.627459,23.210636,20.183943,15.005819,19.033726,19.591852,19.854252,14.609948,12.284462,15.769032,13.470548,12.384651,17.726164,16.729374,14.674804,14.953436,18.81258,17.397388,20.632193,19.115631,17.059975,20.157373,18.706392,20.541418,23.466661,19.908518,21.127235,18.473747,22.78815,20.345638,24.447302,26.087654,27.89551,31.062212,31.195227,35.481937,38.544537,40.90017,40.86158,40.57205,38.894283,36.49275,33.364048,33.442474,30.752197,29.769993,28.525438,26.198017,26.695652,26.396244,26.206402,25.73024,24.958467,23.085207,25.33391,22.994577,27.061266
33,28.516075,25.169771,24.534246,20.543734,19.026121,20.17836,16.301651,18.071373,17.06743,21.005278,21.943304,24.671478,24.151712,21.437653,25.84577,20.740948,24.212389,22.633488,27.178476,27.512989,29.079556,32.577904,34.276627,29.682348,29.361523,26.434053,23.198137,20.043198,16.824774,14.814648,11.253296,6.793667,5.269907,0.0,5.6673384,9.222411,10.058783,8.318938,11.027053,13.274502,13.501176,14.577901,16.293806,18.30115,18.04905,20.787878,22.381207,23.434109,25.192327,23.076357,20.68722,26.563828,26.5981,23.36757,23.85008,23.62053,18.984795,20.312645,23.004889,18.671383,14.729617,19.371288,19.777662,19.040785,13.660324,12.869537,17.202126,15.869803,15.268424,20.538757,20.387356,19.017517,19.315763,23.636866,22.16276,25.726673,24.287243,21.931442,25.063261,23.076885,24.622246,27.079094,23.374113,24.46818,22.022282,25.600199,23.804237,27.16977,29.264997,30.751,34.20805,34.026104,38.561237,41.551952,43.595963,43.40233,43.076645,41.297062,38.706566,35.94928,36.489155,33.456615,33.31817,31.941738,30.109991,30.612185,30.346634,30.669918,30.141947,29.918327,27.644033,30.138485,27.583897,31.624855
34,26.667185,23.125734,21.697456,17.28363,15.285681,16.667042,12.220478,15.476493,13.796413,18.162128,18.712227,21.15526,20.073956,16.975197,21.535107,16.26428,19.49296,18.517328,22.471567,23.658102,25.28675,28.7879,30.53026,26.684797,26.687656,23.99534,20.7265,17.466288,14.462843,13.120155,9.043961,8.670899,8.019896,5.6673384,0.0,4.8052764,4.989716,3.6796598,5.9129777,7.776432,8.101975,10.093508,11.225969,12.727736,13.04103,16.239609,17.224594,18.041655,20.2798,18.403294,16.601522,21.907963,22.767508,20.068813,20.558151,20.6642,15.746849,18.0377,21.115614,16.595224,13.190737,18.79939,20.381199,20.12044,14.877382,14.2170925,19.448603,18.615799,16.338207,21.39451,22.345776,21.10281,19.73295,24.489077,21.921282,26.07783,24.458265,21.15029,24.524803,21.355738,22.74611,24.685349,20.606943,21.219738,19.053919,21.706656,20.90133,23.662504,26.362984,27.925209,31.591621,31.79973,36.08455,38.97275,40.682037,40.06878,39.464504,37.411777,34.54324,32.00414,32.873627,29.392052,30.133589,28.49653,27.327196,27.885996,27.853743,28.87225,28.130604,29.100473,26.085659,29.274424,26.826748,31.09116
