,0,1,2,3,4,5,6,7,8,9,10,11,12,13,14,15,16,17,18,19,20,21,22,23,24,25,26,27,28,29,30,31,32,33,34,35,36,37,38,39,40,41,42,43,44,45,46,47,48,49,50,51,52,53,54,55,56,57,58,59,60,61,62,63,64,65,66,67,68,69,70,71,72,73,74,75,76,77,78,79,80,81,82,83,84,85,86,87,88,89,90,91,92,93,94,95,96,97,98,99,100,101,102,103,104,105,106,107,108
0,0.0,4.255444,7.781679,10.038111,13.269117,15.145275,18.90179,21.921553,25.30405,28.571138,32.79734,33.96801,36.57858,39.64013,36.062355,31.47266,30.573217,26.739237,24.048113,22.431786,19.036682,20.464998,15.328644,14.540339,13.963128,18.703716,15.789187,15.437386,16.29695,20.056568,18.661442,25.819479,25.659492,30.659971,31.90746,34.444412,36.54453,35.60397,35.377117,33.176792,32.639095,27.769672,28.111029,24.302156,26.138258,22.124342,25.799932,22.918356,24.320707,27.166971,29.425507,27.601797,32.915104,35.9849,32.53895,30.0415,34.103672,35.43077,40.909637,40.455223,37.17046,38.634014,35.60449,38.230553,35.205715,40.38206,39.049202,34.656452,32.716908,35.18071,30.489191,34.899162,32.824158,37.235954,35.26517,40.55301,40.586014,42.805008,43.411575,46.999557,47.2948,44.72483,40.44359,39.060226,36.07468,34.479824,32.227352,28.651485,29.525696,26.533524,29.561556,27.621115,30.830196,32.209,30.023132,35.30945,34.5666,36.742935,40.364323,38.773064,42.411324,44.14741,44.164284,42.107513,42.478138,37.569042,38.6614,34.349426,36.449356
1,4.255444,0.0,4.20029,7.6251693,10.050803,12.735305,15.720523,18.843351,22.412043,25.436829,30.086025,30.81258,33.61147,36.58585,32.714977,28.295752,27.106987,23.242914,20.289883,18.449558,15.056466,16.227491,11.075706,10.640193,10.418578,15.217174,13.306093,13.11301,13.5064,18.090189,16.617085,24.232576,23.817482,29.009647,29.79611,32.653805,34.34927,33.09976,33.042522,30.556137,30.412462,24.930786,25.45968,21.22361,23.362326,19.304974,22.64692,20.600275,22.281586,25.608799,27.460451,26.559412,31.816982,34.43814,31.292484,28.602036,32.204933,33.487705,39.13354,38.194363,34.800262,36.15822,33.144577,35.567604,32.882126,37.549454,36.190636,31.972174,29.560453,31.815441,27.318449,31.756887,29.76919,34.28762,32.38778,37.799896,37.928253,40.418537,40.90568,44.39255,44.448616,41.63464,37.39539,35.739414,32.720657,30.946497,28.5859,24.79727,25.56993,22.512348,25.474024,23.531334,26.693073,27.989399,25.810648,31.134735,30.54339,32.779495,36.63845,35.08524,38.886528,40.790794,40.820297,38.60117,39.106705,34.01881,35.062534,30.73649,32.698578
2,7.781679,4.20029,0.0,4.97282,7.109862,9.147553,12.591442,14.914843,18.770653,21.4206,26.357157,26.841167,29.758423,32.910507,28.97876,24.799597,23.34512,19.942982,16.533838,15.338882,11.575114,13.311741,8.5550585,9.020127,10.714827,14.95396,14.298113,13.452585,12.303277,17.440958,14.834482,22.573206,21.253101,26.8516,26.972298,30.020504,31.422018,30.137835,30.52376,27.900137,28.475348,22.66086,23.875107,19.23912,22.398712,18.952349,22.286108,21.320845,22.688911,26.63367,27.54005,27.40878,32.486847,34.446117,31.200323,28.219368,31.479742,32.354153,38.061245,36.882435,33.39037,35.17001,32.455437,34.917397,32.924038,37.102085,36.039925,32.266174,29.31108,30.922573,26.2522,30.46671,28.124321,32.631275,30.369003,35.882763,35.638687,38.295536,38.4524,41.8345,41.60768,38.621933,34.684303,32.790947,30.181452,27.871475,26.111067,22.07584,23.27836,20.478579,23.544151,21.908073,24.900047,25.498919,22.774487,28.3247,27.404833,30.062313,33.60251,32.481983,36.204807,38.172165,38.55934,36.289516,37.42518,32.03051,33.439354,29.245375,31.29474
3,10.038111,7.6251693,4.97282,0.0,4.196851,5.513949,9.331386,12.122558,15.270128,18.824953,22.79883,24.118565,26.589382,29.619724,26.183998,21.566027,20.842304,17.293753,14.970916,14.3415,10.991806,14.364223,10.634319,9.274969,12.659949,15.732279,14.57483,12.227704,9.752639,14.211912,10.490698,17.99205,16.525698,22.125109,22.470654,25.338278,27.015736,25.983156,26.271479,23.9089,24.38577,19.150282,20.654535,16.393673,20.138218,17.679327,21.896301,20.913424,21.160238,25.422297,25.383028,25.148449,30.027773,31.597874,27.847345,24.715076,28.140823,28.629574,34.224846,33.406345,29.956118,32.37934,30.023376,32.93135,31.380157,35.822895,35.38441,32.057667,29.26532,30.236547,24.729202,28.563187,25.589226,29.883768,27.14201,32.5553,31.898623,34.321236,34.446228,37.914173,37.89281,35.206646,31.293348,29.77706,27.439472,25.267447,24.104748,20.556955,22.485926,20.344688,23.929281,23.110544,26.51912,25.937468,22.858082,28.024693,26.234638,28.821045,31.442682,30.463465,33.725945,35.376823,36.003235,34.049767,35.54853,30.238064,32.255085,28.307291,30.997322
4,13.269117,10.050803,7.109862,4.196851,0.0,5.7003636,5.6855106,9.85318,12.703872,16.429976,20.528233,21.52273,24.042875,26.70321,22.991512,18.317787,17.56548,13.496763,11.548734,10.352566,7.508002,11.28974,8.526647,6.3746333,11.060519,12.981096,12.910555,10.397225,6.8334885,11.944419,8.455467,16.151424,14.843379,20.268488,20.290285,23.484692,24.698452,23.227852,23.480877,20.80912,21.511871,15.635508,17.250248,12.601449,16.714012,14.5965805,18.580763,18.52658,18.714376,23.36279,22.71538,23.452099,28.088652,29.140205,25.784422,22.538885,25.386227,25.856348,31.559422,30.256195,26.733091,29.013952,26.720476,29.458813,28.319849,32.28892,31.972307,28.976408,25.87001,26.45183,20.972256,24.721024,21.777058,26.136385,23.504436,29.007084,28.557753,31.22823,31.344759,34.729523,34.572514,31.71006,27.687302,26.004648,23.480984,21.358185,19.94792,16.375416,18.345715,16.386759,20.096758,19.66165,23.236794,22.152184,19.153088,24.05558,22.22364,24.65833,27.423698,26.323723,29.701473,31.458382,32.009857,29.960018,31.514236,26.11511,28.172304,24.284494,27.032463
5,15.145275,12.735305,9.147553,5.513949,5.7003636,0.0,7.303663,7.34205,10.674552,13.831143,17.79956,19.148867,21.601807,25.00413,21.785255,17.518429,16.667675,14.295484,11.773888,13.008247,9.784533,14.20369,12.218482,11.802348,16.420437,18.54035,18.53676,15.742498,11.742828,15.763884,10.349374,16.826588,13.498344,19.689007,18.88163,21.895912,23.210691,22.34813,23.431261,21.06452,22.735844,17.564947,20.238003,15.902274,21.017466,19.805256,23.868896,24.054735,23.755257,28.464556,27.212341,27.764572,32.196815,32.85952,28.938608,25.546896,28.455494,28.206758,33.650513,32.697468,29.235884,32.414623,30.65002,33.64618,33.086105,36.89311,36.958992,34.310535,31.051657,31.092272,25.401838,28.639973,25.084286,29.101738,25.710808,31.062155,29.634968,32.1454,31.71143,35.00229,34.613163,31.817183,28.516315,26.80405,25.375368,22.3888,22.602892,19.053858,21.808683,20.406294,24.001917,23.809837,26.856071,25.098688,21.237677,26.388699,23.829063,27.005999,28.66555,28.497316,31.365503,32.953384,34.227474,32.361523,34.866524,29.307472,31.959484,28.409832,31.267365
6,18.90179,15.720523,12.591442,9.331386,5.6855106,7.303663,0.0,6.5447683,7.829282,12.179564,15.603816,16.727247,18.964611,21.238262,17.61844,12.723193,12.4407835,8.087568,7.827396,7.555585,6.651902,11.401957,11.235423,9.084909,14.482572,14.47952,15.53318,12.503444,7.526578,11.249311,6.9447985,13.111038,11.036842,16.299006,15.494036,19.001263,19.642702,17.873474,18.419436,15.521914,17.097666,10.877982,13.57395,8.847779,14.473703,14.219922,17.997002,19.332745,18.63792,23.696674,21.478315,23.371529,27.307781,27.227993,23.982859,20.528994,22.53416,22.36948,27.964865,26.31304,22.767002,25.635254,23.9578,26.759792,26.77238,30.026852,30.392303,28.318674,24.89517,24.293533,18.472393,21.458687,17.898113,21.982288,18.837786,24.327171,23.46185,26.313143,26.124804,29.387114,29.023811,26.078293,22.232843,20.48097,18.390362,15.961964,15.449909,12.26951,15.211688,14.414457,18.30901,19.006304,22.547846,19.867361,16.491415,20.695395,17.925457,20.418585,22.258621,21.53499,24.55074,26.206394,27.148272,25.22886,27.563856,22.043343,24.80388,21.415243,24.584995
7,21.921553,18.843351,14.914843,12.122558,9.85318,7.34205,6.5447683,0.0,4.756002,6.7115126,11.703074,12.046547,14.857812,18.296288,14.675984,11.08798,9.512598,8.762055,6.144481,9.807621,8.242763,12.839207,13.741195,13.981197,19.295897,19.819838,21.546339,18.836277,13.9883585,17.53122,12.250926,16.842247,12.2619,18.1289,15.474436,19.0257,19.050491,17.686686,19.739046,16.964264,20.326527,14.714286,18.537186,14.155516,20.324648,20.489058,23.64958,25.64199,25.097147,30.188997,27.64227,29.73465,33.466198,32.91586,29.52656,26.00408,27.650488,26.784458,32.015327,30.305103,26.87159,30.357563,29.227392,31.89322,32.611637,35.133324,35.65904,33.963093,30.06393,28.933647,23.614288,26.031744,22.243628,25.871527,22.170124,27.369493,25.492933,28.42266,27.364834,30.249971,29.186321,25.939,23.308012,21.007538,20.491243,16.472794,18.10683,14.625634,18.10868,17.788973,21.08279,21.825403,24.356829,21.047,16.575975,21.235443,17.908958,21.633022,22.45863,23.160147,25.759756,27.483479,29.337605,27.40163,30.957754,25.176004,28.3307,25.385963,28.19042
8,25.30405,22.412043,18.770653,15.270128,12.703872,10.674552,7.829282,4.756002,0.0,5.7582994,7.8592353,9.631962,11.475332,14.389998,11.473655,7.123914,7.322568,6.9784813,7.9587307,11.428997,11.453824,15.996182,17.41249,16.605711,22.045557,21.683928,23.241663,20.046156,14.940216,17.03138,11.839337,14.171805,9.107433,14.312863,10.991079,14.643422,14.347902,12.960314,15.2643385,12.64398,16.605839,11.889142,16.263851,12.885723,19.262598,20.704226,24.008755,26.240192,24.875736,29.967978,26.461266,28.872936,32.0287,30.785402,27.335423,23.827822,25.020235,23.59802,28.487207,26.876045,23.597687,27.679888,27.12657,29.986376,31.40098,33.735798,34.88508,33.81785,30.122698,28.272575,22.598164,24.254547,19.971159,23.046606,18.867826,23.734924,21.31683,24.116095,22.853748,25.71124,24.712849,21.69993,19.236187,17.305834,17.408594,13.52112,16.284163,13.943274,17.985037,18.612364,21.999226,23.531952,26.262,22.003689,17.738012,21.237488,17.029182,20.337465,19.789928,20.766706,22.644646,23.977,26.171537,24.634682,28.674723,23.18948,26.937752,24.533556,27.80359
9,28.571138,25.436829,21.4206,18.824953,16.429976,13.831143,12.179564,6.7115126,5.7582994,0.0,7.090676,5.503778,8.832859,12.796346,9.276564,8.027171,5.557917,9.31881,8.106484,13.044109,13.053418,16.62377,19.063211,19.747507,25.019096,24.758144,27.233162,24.57866,19.61452,22.364365,17.377888,19.784782,14.447669,19.178118,14.826238,18.250393,16.955381,15.571871,18.8564,16.241825,21.159058,16.392136,20.878098,17.292126,23.625416,24.895643,27.356966,30.377296,29.545214,34.68634,31.217894,34.13305,37.218323,35.71719,32.638996,29.167814,29.850674,28.293793,32.942173,30.864145,27.696995,31.597107,31.227972,33.624004,35.46392,36.907455,37.924,37.103672,32.884842,30.750547,25.948965,27.357344,23.437305,26.275782,22.281351,26.833944,24.192183,27.2303,25.363018,27.635242,25.808945,22.288168,20.991226,18.257347,19.40063,14.33975,18.13651,15.406986,19.280033,20.100847,22.752499,24.248663,26.018682,21.421673,16.6264,20.220865,16.03856,20.274252,19.438711,21.533573,23.350592,24.991892,27.68957,25.91537,30.669363,25.01155,28.66307,26.569645,29.218313
10,32.79734,30.086025,26.357157,22.79883,20.528233,17.79956,15.603816,11.703074,7.8592353,7.090676,0.0,5.5406795,4.6349835,8.118267,7.823704,6.7735295,8.301406,11.849568,13.848317,17.94278,18.65427,22.64176,24.83251,24.325247,29.743847,28.949244,30.745584,27.436996,22.34636,23.408947,18.494913,17.954304,12.355225,15.307501,9.983537,12.696111,10.807256,10.239735,14.299081,12.727095,18.196619,15.860944,20.531857,18.609783,24.694094,27.25564,30.174711,32.957256,31.073816,36.049038,31.591892,34.40858,36.766968,34.52785,31.166277,27.857319,28.182997,25.783482,29.600725,28.092472,25.363781,30.210386,30.692644,33.45795,36.024174,37.515854,39.36501,39.215782,35.49049,32.6707,27.350266,27.782448,23.272932,25.103941,20.482393,24.099802,20.329285,22.760939,20.399632,22.496176,20.819986,18.05913,17.610928,15.92038,18.407768,14.097301,19.324203,18.3108,22.543741,24.19357,27.03928,29.212803,31.35892,26.059715,21.746634,23.92345,18.896936,22.208382,19.099398,21.635866,21.980698,22.720478,26.030375,25.102278,30.423782,25.497478,29.868052,28.503073,31.767
11,33.96801,30.81258,26.841167,24.118565,21.52273,19.148867,16.727247,12.046547,9.631962,5.503778,5.5406795,0.0,4.033429,8.0695,5.3624854,7.491916,6.004566,11.660113,12.245713,16.795732,17.759184,20.84124,23.928013,24.421228,29.656666,28.750149,31.508295,28.798014,23.823204,25.808954,21.250278,22.005495,16.77989,20.093697,14.906195,17.882809,15.467222,14.102279,18.08856,15.874926,21.593767,17.959755,22.571014,19.914692,25.99738,28.149586,30.195517,33.783348,32.59477,37.663364,33.46913,36.92576,39.405796,37.14962,34.374077,31.047981,30.94985,28.88026,32.88472,30.59894,27.781889,31.941652,32.238472,34.428802,37.137478,37.800846,39.300175,39.231976,34.97972,32.068924,27.64999,28.148916,24.208054,26.21181,22.129877,25.866152,22.66299,25.632868,23.163702,24.818947,22.412975,18.827864,18.820719,16.007992,18.614407,13.324429,18.652046,17.042988,20.958307,22.659464,24.86779,26.990606,28.393677,22.930252,18.429611,20.573534,15.816225,19.83794,17.225567,20.39226,21.233955,22.60099,25.95243,24.505331,30.088428,24.854284,28.872187,27.590431,30.202423
12,36.57858,33.61147,29.758423,26.589382,24.042875,21.601807,18.964611,14.857812,11.475332,8.832859,4.6349835,4.033429,0.0,4.8801236,5.402382,8.0098,8.653403,13.661569,15.549268,19.738499,20.963705,24.29287,27.236137,27.173363,32.485878,31.3218,33.755478,30.74227,25.727503,26.906225,22.454838,21.789148,16.654102,18.859875,13.349741,15.730138,12.819411,11.89655,16.248428,14.697788,20.618563,18.344236,22.943996,21.167095,27.038473,29.830156,32.071194,35.548824,33.842667,38.800648,34.101627,37.5318,39.59424,36.92061,34.06632,30.867819,30.511028,27.998198,31.456976,29.445524,26.930298,31.54073,32.327724,34.663807,37.790024,38.41168,40.3616,40.67987,36.694912,33.416264,28.795559,28.739347,24.555151,25.939611,21.6044,24.68656,20.863718,23.467056,20.650099,22.05051,19.603016,16.4546,17.21427,15.022857,18.495508,13.766955,19.765678,19.087591,23.116924,25.21398,27.506575,29.956701,31.551985,25.780567,21.58718,22.973692,17.880194,21.276321,17.336823,20.775248,20.682331,21.488728,25.222477,24.290833,30.192421,25.443457,29.813269,28.969105,31.87318
13,39.64013,36.58585,32.910507,29.619724,26.70321,25.00413,21.238262,18.296288,14.389998,12.796346,8.118267,8.0695,4.8801236,0.0,5.3511643,8.729114,10.619406,14.8219795,18.076681,21.483078,23.487387,26.55363,29.805796,29.221004,34.394802,32.541664,35.07509,32.073036,27.253939,27.67748,24.07423,22.236053,18.120792,18.803637,13.494644,15.42096,11.637811,10.267177,14.428677,13.264753,19.224997,18.004162,22.254656,21.449535,26.685448,30.197405,32.072895,35.880966,33.841427,38.584496,33.335514,37.23917,38.679726,35.39212,33.016758,30.071852,28.936234,26.16261,29.010786,26.741686,24.60585,29.1945,30.514257,32.627663,36.401016,36.43721,38.819244,39.780067,35.98909,32.14834,27.84622,26.990192,22.944101,23.513977,19.362354,21.564968,17.556923,20.098448,16.987434,17.869432,15.048989,11.872866,13.565034,11.687573,16.115139,12.146189,18.625984,19.154596,22.990116,25.7053,27.770813,30.730291,32.37507,26.148409,22.60064,22.68536,17.414608,19.878403,14.564151,18.310122,17.23181,17.597334,21.658308,21.159353,27.397753,23.288322,27.863888,27.71067,30.699299
14,36.062355,32.714977,28.97876,26.183998,22.991512,21.785255,17.61844,14.675984,11.473655,9.276564,7.823704,5.3624854,5.402382,5.3511643,0.0,5.669382,5.7761106,10.627051,13.27868,16.683445,18.837002,21.50551,25.087154,24.919563,29.97146,28.14431,31.176432,28.56323,23.81795,25.087776,21.606153,21.390345,17.340946,19.320312,14.327331,17.272425,14.100348,11.851095,15.504581,13.158919,19.018867,15.79556,20.121868,18.277172,23.75557,26.655813,28.166256,32.29007,30.852934,35.747272,31.018515,35.151684,37.060658,34.227978,32.07026,28.953087,28.010458,25.856213,29.529028,26.735525,24.127401,28.051662,28.7237,30.602161,33.93449,33.919247,35.763706,36.327785,32.170235,28.650816,24.612888,24.376558,20.623306,22.043045,18.224337,21.477633,18.48516,21.707434,19.214333,20.589653,17.934332,13.968039,14.064731,10.940544,14.122598,8.956835,15.047578,14.652748,18.448748,20.943014,22.899912,25.683218,27.192814,21.086765,17.326204,17.919144,12.7121525,15.925376,12.174262,15.6471195,16.010962,17.339277,20.822535,19.497488,25.397062,20.518541,24.745375,24.079865,26.776121
15,31.47266,28.295752,24.799597,21.566027,18.317787,17.518429,12.723193,11.08798,7.123914,8.027171,6.7735295,7.491916,8.0098,8.729114,5.669382,0.0,4.554573,6.3092527,10.506639,13.313296,15.358045,18.81069,21.61966,20.57638,25.760244,24.027134,26.396086,23.4377,18.611727,19.570091,16.027258,15.913755,12.142046,14.576527,10.199071,13.748464,11.544541,8.976452,11.910229,9.009182,14.484885,10.653708,15.227178,13.2453575,19.053158,21.935154,24.214119,27.656912,25.923384,30.873674,26.266665,29.937864,32.114964,29.686337,27.09926,23.841608,23.496183,21.545385,25.786993,23.382206,20.421968,24.573101,24.855537,27.258144,29.98549,31.00602,32.78663,32.85219,29.035591,25.988213,20.949453,21.270254,17.004503,19.06968,14.836551,18.984924,16.25015,19.453583,17.668303,19.992735,18.380323,14.916062,13.01398,10.621645,12.069751,7.5990515,12.555565,11.945746,16.170322,18.259628,21.044188,23.645107,26.045052,20.472374,16.758211,18.20246,13.098396,15.847262,13.420751,15.220718,16.25442,17.465567,20.233091,18.913994,23.938778,18.80551,23.109056,21.765106,25.075897
16,30.573217,27.106987,23.34512,20.842304,17.56548,16.667675,12.4407835,9.512598,7.322568,5.557917,8.301406,6.004566,8.653403,10.619406,5.7761106,4.554573,0.0,6.016477,7.5253067,11.282518,13.094819,15.9831085,19.360453,19.42255,24.515312,23.115217,26.18289,23.742235,18.982935,21.181877,17.462353,19.118141,15.045555,18.558006,14.30076,17.928375,15.87258,13.491964,16.416605,13.3510275,18.47192,13.405957,17.757055,14.600528,20.544186,22.512531,24.256105,28.091711,27.157476,32.21893,28.248877,32.043053,34.63641,32.596268,30.228373,26.906147,26.711788,25.204044,29.732246,26.990736,23.895565,27.398932,27.236902,29.250027,31.655994,32.3472,33.57561,33.3234,29.018938,26.288713,21.915417,22.778603,19.090225,21.655718,17.992857,22.405766,20.227068,23.65144,21.885279,23.979412,21.971848,18.056656,16.4668,13.260862,14.304854,8.967194,13.163669,11.091546,15.0677,16.744627,19.148384,21.389784,23.227594,17.789917,13.495634,15.806366,11.074508,14.991642,13.941002,16.019787,17.929707,19.78238,22.372942,20.472141,25.391506,19.793722,23.560661,21.886534,24.556463
17,26.739237,23.242914,19.942982,17.293753,13.496763,14.295484,8.087568,8.762055,6.9784813,9.31881,11.849568,11.660113,13.661569,14.8219795,10.627051,6.3092527,6.016477,0.0,6.090859,7.2188416,9.81378,13.066269,15.824799,14.603228,19.62973,17.804691,20.555344,18.040947,13.442741,15.505095,12.692341,15.154709,12.685063,16.216002,13.576827,17.404732,16.279026,13.541501,14.890451,11.38935,14.997101,8.528869,12.466061,8.682982,14.705142,16.54005,18.658192,22.166851,21.15554,26.233828,22.491064,26.217987,29.020197,27.396769,25.101648,21.765799,21.880747,20.989443,26.078615,23.346273,19.957912,22.995245,22.246616,24.46109,26.229834,27.651955,28.68933,28.009106,23.984707,21.714731,16.642797,18.175041,14.435326,17.795795,14.433809,19.615871,18.459957,21.928398,21.10429,23.805046,22.660711,19.09731,15.770674,13.156813,11.902163,8.182595,9.529386,7.0452957,11.220398,12.514359,15.74738,17.949198,20.825838,16.024908,12.4913025,15.040029,10.979801,13.688301,14.391945,14.498703,17.258638,19.148333,20.692116,18.654554,22.333311,16.58622,20.107775,17.737804,20.911057
18,24.048113,20.289883,16.533838,14.970916,11.548734,11.773888,7.827396,6.144481,7.9587307,8.106484,13.848317,12.245713,15.549268,18.076681,13.27868,10.506639,7.5253067,6.090859,0.0,5.1431065,5.7158017,8.831259,11.894147,12.719356,17.677898,17.103271,20.368814,18.524994,14.144108,18.070723,14.543989,19.185627,15.884627,20.775465,18.001602,21.842821,20.997849,18.712868,20.549536,17.18835,20.689358,13.976973,17.434834,12.612528,18.360273,18.457914,20.264862,23.580324,23.684135,28.77209,26.213617,29.44449,32.933533,32.079258,29.679865,26.29015,27.029055,26.532722,31.839697,29.181154,25.719074,28.301594,27.01906,28.971144,29.980747,31.471796,31.715595,30.292929,25.865252,24.488142,20.1626,22.553358,19.497692,23.260193,20.32282,25.580015,24.53395,27.993763,27.039902,29.637772,28.196377,24.387003,21.579239,18.542133,17.450037,13.205919,13.911801,9.680696,12.789044,12.611875,15.449946,16.471088,18.690979,14.952341,10.451599,15.2054825,12.404931,16.296894,18.394356,18.841915,22.163969,24.438826,25.929464,23.4956,26.889326,20.878832,23.584032,20.66087,22.934355
19,22.431786,18.449558,15.338882,14.3415,10.352566,13.008247,7.555585,9.807621,11.428997,13.044109,17.94278,16.795732,19.738499,21.483078,16.683445,13.313296,11.282518,7.2188416,5.1431065,0.0,4.2448683,6.0531235,9.203924,9.047968,13.566248,12.2099695,16.015167,14.752846,11.13739,15.368006,13.557285,18.887323,17.28386,21.638834,19.972294,23.77331,23.213947,20.59872,21.42174,17.931273,20.1789,12.899577,15.146335,9.945842,14.642583,13.972636,15.309913,18.822006,19.442791,24.404419,22.387667,25.841097,29.43882,28.963331,27.09957,23.89533,24.590675,24.814234,30.348854,27.441479,23.922775,25.560743,23.698467,25.37159,25.7885,27.423931,27.234741,25.440035,21.024397,20.190842,16.073462,19.131433,16.77772,21.008295,18.93678,24.373386,24.392405,27.907246,27.600693,30.355433,29.310617,25.607092,21.933128,19.118708,16.572647,13.671678,11.868723,7.188024,9.192652,8.057242,11.416474,12.241466,15.326351,12.393199,9.149436,13.74039,12.147224,14.864783,18.59022,17.688223,21.690805,24.119923,24.709173,22.055763,24.265018,18.323988,20.314322,16.81942,19.0186
20,19.036682,15.056466,11.575114,10.991806,7.508002,9.784533,6.651902,8.242763,11.453824,13.053418,18.65427,17.759184,20.963705,23.487387,18.837002,15.358045,13.094819,9.81378,5.7158017,4.2448683,0.0,4.9973803,6.32779,7.447613,12.241005,12.607515,15.649198,14.367573,10.759723,15.88673,13.112538,19.56647,17.404186,22.60114,21.07359,24.803516,24.734543,22.560116,23.578201,20.27703,22.422262,15.385071,17.70852,12.353371,17.115467,15.556579,17.58512,19.990002,20.878162,25.779922,24.470121,27.012642,31.106855,31.226837,28.834385,25.549923,27.012545,27.276268,32.931324,30.503725,26.933064,28.822392,26.772558,28.719036,28.54608,30.840908,30.398687,28.033579,23.844765,23.694061,19.394161,22.812979,20.318567,24.651628,22.30783,27.838366,27.53016,30.84822,30.490673,33.40532,32.446903,28.857641,25.320158,22.649366,20.40656,17.277584,15.997642,11.415515,13.243221,11.407696,14.563779,14.364255,17.199614,15.431916,11.909408,17.313225,15.907708,19.00176,22.484901,21.8553,25.7066,28.025082,28.768286,26.210323,28.369469,22.481941,24.37593,20.684765,22.74027
21,20.464998,16.227491,13.311741,14.364223,11.28974,14.20369,11.401957,12.839207,15.996182,16.62377,22.64176,20.84124,24.29287,26.55363,21.50551,18.81069,15.9831085,13.066269,8.831259,6.0531235,4.9973803,0.0,5.2403255,8.420495,11.336332,11.469293,15.858004,15.955846,13.645035,18.915527,17.36895,23.860395,22.201138,27.080929,25.538778,29.324968,28.943935,26.476957,27.406399,23.94771,25.972828,18.692776,20.391708,15.115983,18.698526,16.35261,16.851748,19.924173,21.88116,26.429457,25.815176,28.786674,32.8522,33.14072,31.471373,28.40522,29.473904,30.158197,35.79759,32.879524,29.371027,30.369738,28.011908,29.27373,28.846693,30.448877,29.355331,26.787348,22.223715,22.56054,19.64885,23.299026,21.799212,26.174726,24.632736,30.032246,30.36074,33.890717,33.638683,36.347458,35.182323,31.328781,27.806917,24.78504,22.16093,19.22897,16.94418,12.096932,12.386354,9.641551,11.731514,10.516462,12.803014,12.421816,9.727919,15.473536,15.665167,18.521374,23.35076,22.411928,26.78888,29.470007,29.79193,26.86951,28.469099,22.65635,23.639654,19.794361,20.866861
22,15.328644,11.075706,8.5550585,10.634319,8.526647,12.218482,11.235423,13.741195,17.41249,19.063211,24.83251,23.928013,27.236137,29.805796,25.087154,21.61966,19.360453,15.824799,11.894147,9.203924,6.32779,5.2403255,0.0,5.4244394,7.702396,10.067884,12.944906,13.231922,11.737056,17.475721,16.005665,23.398708,22.17999,27.359674,26.624813,30.211042,30.552633,28.435703,28.98561,25.76441,26.987942,20.031046,21.250944,16.033602,19.108337,15.717503,17.222872,18.569225,20.755583,25.053856,25.409674,27.231668,31.82081,32.95393,30.845144,27.843037,29.79006,30.786457,36.568504,34.241875,30.698956,31.717764,28.98837,30.628733,29.269619,31.996243,30.66246,27.327686,23.419415,24.682142,21.186947,25.359482,23.754633,28.340473,26.731066,32.260674,32.620857,35.852573,35.902695,38.93076,38.201042,34.671394,30.783737,28.228298,25.304253,22.852835,20.309422,15.7793,16.126259,12.95519,15.465199,13.62633,16.40233,17.17215,14.918619,20.448383,20.464247,22.993206,27.623156,26.336493,30.602484,33.042404,33.175766,30.455656,31.51828,25.927376,26.814487,22.63586,23.992912
23,14.540339,10.640193,9.020127,9.274969,6.3746333,11.802348,9.084909,13.981197,16.605711,19.747507,24.325247,24.421228,27.173363,29.221004,24.919563,20.57638,19.42255,14.603228,12.719356,9.047968,7.447613,8.420495,5.4244394,0.0,5.4414783,6.8528757,8.442098,7.9204597,6.663391,12.286567,11.951639,19.27367,19.310926,23.864897,24.060856,27.434784,28.170954,26.06859,25.86487,22.84911,23.057104,16.495426,16.949953,12.119387,14.478152,10.8694,13.5655155,14.018731,15.640087,20.061098,20.33716,21.8579,26.500013,27.815228,25.595993,22.676641,24.905005,26.15655,31.95208,29.933622,26.434076,27.383966,24.50335,26.501083,24.809917,28.347776,27.304697,23.889587,20.575172,21.9132,17.483234,21.825922,20.069046,24.700377,23.207283,28.68884,29.348507,32.315826,32.80894,36.052147,35.84403,32.729195,28.29823,26.352253,22.868414,21.424109,18.248077,14.50465,14.991519,12.082946,15.446864,14.382036,18.281652,18.38291,16.620573,21.202787,20.671064,22.36225,26.644234,24.710064,28.76097,30.87265,30.662006,28.242682,28.767176,23.52447,24.569056,20.302069,22.424713
24,13.963128,10.418578,10.714827,12.659949,11.060519,16.420437,14.482572,19.295897,22.045557,25.019096,29.743847,29.656666,32.485878,34.394802,29.97146,25.760244,24.515312,19.62973,17.677898,13.566248,12.241005,11.336332,7.702396,5.4414783,0.0,5.196009,6.15366,8.507918,10.315797,15.040411,16.28409,23.426691,24.277403,28.464384,29.144537,32.402313,33.25489,31.082205,30.510513,27.557566,27.105347,20.825191,20.332502,16.10508,16.585497,11.629113,13.142623,12.418374,15.534999,18.958576,20.939596,21.94973,26.762457,28.906588,27.300688,24.840591,27.152227,29.065481,34.759377,32.714638,29.374601,29.344915,25.941698,27.450348,24.715597,28.43337,26.560835,22.328697,19.494484,22.141014,18.8412,23.566229,22.819912,27.422993,26.746973,32.006287,33.341278,36.23977,37.084064,40.316708,40.26669,37.193565,32.52747,30.652357,26.662766,25.800592,21.706427,18.22525,17.555157,14.024341,16.535975,14.450193,18.231258,20.112741,19.473537,23.728195,24.230755,25.346977,30.469257,27.993189,32.314335,34.513577,33.727676,31.207455,30.703962,25.941372,26.024973,21.556448,22.9771
25,18.703716,15.217174,14.95396,15.732279,12.981096,18.54035,14.47952,19.819838,21.683928,24.758144,28.949244,28.750149,31.3218,32.541664,28.14431,24.027134,23.115217,17.804691,17.103271,12.2099695,12.607515,11.469293,10.067884,6.8528757,5.196009,0.0,5.885219,8.228967,9.94179,13.650609,16.14375,22.259846,23.766853,27.142653,27.837624,31.113762,31.583904,29.057756,28.150116,25.127058,24.435566,18.160015,17.070545,13.286587,12.671884,7.7649956,8.068579,8.966262,12.267001,15.9237795,17.254833,19.55385,23.827177,25.38772,24.53227,22.212646,23.696648,25.78965,31.364784,28.826347,25.580385,24.964336,21.509563,22.63826,20.181063,23.384527,21.572216,17.65771,14.493713,16.947731,13.934402,18.691858,18.50486,23.025114,22.953758,27.993084,29.880512,32.87508,33.908157,36.984364,36.968216,33.922707,29.07417,27.277912,22.843668,22.698254,17.780968,14.926198,13.584185,10.2262125,12.751872,11.378707,15.806101,17.09582,17.289454,20.45378,21.157614,21.44459,26.840424,23.847734,28.235071,30.442675,29.261156,26.71982,25.745224,21.23153,21.008291,16.53272,18.042772
26,15.789187,13.306093,14.298113,14.57483,12.910555,18.53676,15.53318,21.546339,23.241663,27.233162,30.745584,31.508295,33.755478,35.07509,31.176432,26.396086,26.18289,20.555344,20.368814,16.015167,15.649198,15.858004,12.944906,8.442098,6.15366,5.885219,0.0,4.441644,8.840174,11.371996,14.808373,20.840385,23.289965,26.371761,28.120295,30.975048,32.20115,30.106005,28.6675,26.111692,24.360416,19.139675,17.423517,14.522971,13.085194,7.749441,10.549553,7.320314,10.0245905,13.104195,15.671869,15.978293,20.875893,23.525173,22.046286,19.97198,22.576084,24.978397,30.46398,28.845797,25.734772,25.319822,21.67985,23.483974,20.039547,24.880598,23.292501,18.907509,17.271242,20.140984,16.1366,20.828594,20.237867,24.59156,24.32471,29.2032,31.006866,33.484867,34.88758,38.254745,38.80598,36.27335,31.151014,30.020931,25.545406,25.901772,21.29393,19.01222,18.370272,15.514177,18.398705,17.254055,21.663626,22.799023,22.603798,25.817333,25.864317,26.0617,30.686657,27.57372,31.508608,33.281677,32.031593,29.93437,28.629284,24.616032,24.697277,20.387125,22.504616
27,15.437386,13.11301,13.452585,12.227704,10.397225,15.742498,12.503444,18.836277,20.046156,24.57866,27.436996,28.798014,30.74227,32.073036,28.56323,23.4377,23.742235,18.040947,18.524994,14.752846,14.367573,15.955846,13.231922,7.9204597,8.507918,8.228967,4.441644,0.0,5.11792,7.221948,10.562633,16.527418,19.10911,22.132244,24.122597,26.831633,28.312744,26.445803,24.940525,22.579407,20.709116,15.846305,14.394282,11.628138,11.10271,6.976043,11.753151,8.958849,9.310912,13.3263645,14.363135,14.39761,19.3884,21.63514,19.26357,16.803453,19.875788,21.862362,27.450289,26.230036,23.024557,23.531048,20.274176,22.799566,20.003227,25.21373,24.454292,20.726017,19.06309,20.916784,15.606777,19.94684,18.364216,22.672522,21.69946,26.676989,27.95889,30.26052,31.587671,35.09065,35.791695,33.478706,28.387892,27.547577,23.38251,23.680557,19.783236,17.749613,18.0659,15.847125,19.373095,18.959187,23.50725,23.447956,22.527529,25.788235,24.914345,25.345379,29.041677,26.218996,29.743572,31.250534,30.37793,28.552038,27.888056,23.715845,24.648695,20.556803,23.429878
28,16.29695,13.5064,12.303277,9.752639,6.8334885,11.742828,7.526578,13.9883585,14.940216,19.61452,22.34636,23.823204,25.727503,27.253939,23.81795,18.611727,18.982935,13.442741,14.144108,11.13739,10.759723,13.645035,11.737056,6.663391,10.315797,9.94179,8.840174,5.11792,0.0,5.7866096,6.296342,13.111824,14.554537,18.253235,19.555988,22.515457,23.815525,21.978132,20.992514,18.451775,17.540916,12.039111,11.960239,8.162069,10.465364,8.380463,13.311858,12.665113,12.030461,16.818808,15.896849,16.88037,21.40314,22.511652,19.549152,16.475058,19.263062,20.357155,26.11986,24.774538,21.335361,22.97059,20.364971,23.218916,21.727762,26.250694,26.136015,23.220829,20.769482,21.41096,15.403078,19.267303,16.620281,20.98919,19.047825,24.363995,24.838661,27.33015,28.17169,31.672127,32.08318,29.61069,24.82592,23.78416,20.22296,19.75486,16.911705,14.578104,15.9831915,14.350454,18.322647,18.516296,22.894178,21.622107,19.786194,23.323929,21.616377,22.682894,25.613947,23.443726,26.751736,28.25344,28.045315,26.232376,26.743515,21.980854,23.800508,19.929659,23.186165
29,20.056568,18.090189,17.440958,14.211912,11.944419,15.763884,11.249311,17.53122,17.03138,22.364365,23.408947,25.808954,26.906225,27.67748,25.087776,19.570091,21.181877,15.505095,18.070723,15.368006,15.88673,18.915527,17.475721,12.286567,15.040411,13.650609,11.371996,7.221948,5.7866096,0.0,6.3899126,9.694328,13.614301,15.386521,18.121975,20.40975,22.155882,20.531702,18.458147,16.61534,13.957503,10.564542,8.962549,8.045708,8.315829,8.4104805,14.016282,12.421132,9.53287,14.034523,11.916766,12.3061285,16.462957,17.410736,13.9106455,10.82888,14.221703,15.475476,21.084671,20.418327,17.215218,19.091131,16.696785,20.211567,18.759317,24.117828,24.755083,22.356123,20.936396,21.136747,14.408962,17.526161,14.561876,18.311514,16.454342,21.197044,21.897253,23.789864,25.208832,28.85546,29.96558,28.218658,23.10132,23.057129,19.308205,20.199242,17.367134,16.645836,18.162798,17.436012,21.361814,22.256495,26.849354,24.992926,23.5561,26.004635,23.821493,24.018908,25.98734,23.409386,25.984703,26.875877,26.376558,25.188478,25.230291,21.365015,23.482777,20.160398,24.057096
30,18.661442,16.617085,14.834482,10.490698,8.455467,10.349374,6.9447985,12.250926,11.839337,17.377888,18.494913,21.250278,22.454838,24.07423,21.606153,16.027258,17.462353,12.692341,14.543989,13.557285,13.112538,17.36895,16.005665,11.951639,16.28409,16.14375,14.808373,10.562633,6.296342,6.3899126,0.0,7.8319707,8.672721,12.698349,14.335242,16.953226,18.862097,17.690159,16.815071,14.85922,14.142118,10.180647,11.423766,8.91061,12.846443,13.186625,18.38256,17.839468,15.71576,20.36724,17.990135,18.443743,22.389751,22.751114,18.615856,15.213074,18.397327,18.374422,23.861904,23.347633,20.009422,23.220236,21.54068,25.097044,24.545973,29.158669,29.952318,27.783121,25.536825,25.19765,18.465927,21.261337,17.402637,21.101341,17.93297,22.990644,22.249054,24.288988,24.821089,28.467556,29.08894,27.087214,22.690742,22.218493,19.709846,18.96407,18.007622,16.38645,19.049557,18.46622,22.576166,23.435547,27.584867,25.129509,22.47179,25.811157,22.866005,24.3012,25.443026,24.038996,26.400526,27.36471,27.90061,26.637943,28.18093,23.540913,26.402298,23.172293,26.99208
31,25.819479,24.232576,22.573206,17.99205,16.151424,16.826588,13.111038,16.842247,14.171805,19.784782,17.954304,22.005495,21.789148,22.236053,21.390345,15.913755,19.118141,15.154709,19.185627,18.887323,19.56647,23.860395,23.398708,19.27367,23.426691,22.259846,20.840385,16.527418,13.111824,9.694328,7.8319707,0.0,6.469749,5.9021406,9.922382,11.236311,13.850752,13.327202,11.151559,10.72146,8.35681,9.167089,10.173862,11.291932,14.217151,17.062073,22.024076,21.680508,17.985428,22.02304,17.791407,18.298098,20.68913,19.665922,14.860769,11.571243,14.35686,12.993959,17.708225,18.259584,15.430552,20.062706,19.631506,23.752178,24.350473,28.87084,30.834753,29.801414,28.213085,26.788292,19.726122,20.920448,16.363396,18.59305,14.759376,18.641935,17.08085,18.164774,18.941322,22.718487,24.121588,23.21289,18.968212,19.909157,18.156458,18.633024,18.857304,19.15901,22.221388,22.878246,26.8338,28.61685,32.774673,29.227549,26.753582,28.748243,24.947977,25.632444,24.81435,23.582502,24.528522,24.533733,25.329954,25.036036,26.930216,23.318506,26.944132,24.756311,29.169191
32,25.659492,23.817482,21.253101,16.525698,14.843379,13.498344,11.036842,12.2619,9.107433,14.447669,12.355225,16.77989,16.654102,18.120792,17.340946,12.142046,15.045555,12.685063,15.884627,17.28386,17.404186,22.201138,22.17999,19.310926,24.277403,23.766853,23.289965,19.10911,14.554537,13.614301,8.672721,6.469749,0.0,6.3469853,6.4407196,8.8403635,11.096137,11.013483,11.212039,10.276922,11.573281,10.514796,13.773613,12.908287,17.925205,20.270134,24.891882,25.448973,22.596506,27.153364,23.160997,24.19256,26.91362,25.740616,21.223925,17.867912,20.02051,18.193676,22.671597,22.649738,19.711788,24.668213,24.439072,28.209003,29.294958,33.011745,34.799152,33.77362,31.310812,29.611147,22.83808,24.114346,19.297935,21.72961,17.214184,21.410862,18.701488,20.277773,19.822351,23.29952,23.768782,22.269957,19.068895,19.135859,18.722713,17.276777,19.233528,18.595549,22.369766,23.08729,26.975298,28.680725,32.308784,28.334251,24.923931,27.582886,23.289637,25.14878,23.782413,23.772987,24.715958,25.021904,26.784372,26.184166,29.373962,24.95401,28.945578,26.732899,30.845333
33,30.659971,29.009647,26.8516,22.125109,20.268488,19.689007,16.299006,18.1289,14.312863,19.178118,15.307501,20.093697,18.859875,18.803637,19.320312,14.576527,18.558006,16.216002,20.775465,21.638834,22.60114,27.080929,27.359674,23.864897,28.464384,27.142653,26.371761,22.132244,18.253235,15.386521,12.698349,5.9021406,6.3469853,0.0,5.579593,5.527889,8.638696,9.169736,7.3620224,8.45672,7.8470955,11.119744,13.313855,14.8906,18.439648,22.053942,26.50837,26.975424,23.200924,27.186724,22.212881,23.29267,24.837065,22.745764,18.20142,15.304233,16.776167,14.071218,17.538256,18.352789,16.039839,21.700748,22.338703,26.336317,28.071873,31.724112,34.261723,33.98075,32.16488,29.90585,23.109415,23.310768,18.398348,19.58946,15.030842,17.911606,14.775507,15.344372,15.296695,18.896814,20.269867,19.91043,16.696758,18.169704,18.012016,18.132267,20.19296,21.077679,24.652838,26.025448,29.765957,32.010826,35.804836,31.396612,28.559992,30.052448,25.548338,26.415548,23.942307,23.66797,23.544731,23.024221,24.681862,24.894766,27.901693,24.55183,28.805038,27.333416,31.788427
34,31.90746,29.79611,26.972298,22.470654,20.290285,18.88163,15.494036,15.474436,10.991079,14.826238,9.983537,14.906195,13.349741,13.494644,14.327331,10.199071,14.30076,13.576827,18.001602,19.972294,21.07359,25.538778,26.624813,24.060856,29.144537,27.837624,28.120295,24.122597,19.555988,18.121975,14.335242,9.922382,6.4407196,5.579593,0.0,3.8627636,4.6708617,5.128146,6.521592,6.725752,10.062093,11.279751,14.970856,15.363776,20.18378,23.745403,27.626799,29.16662,25.989134,30.439001,25.384037,27.396864,29.112919,26.689833,22.735668,19.673197,20.337955,17.497059,20.952295,20.694315,18.236025,23.872509,24.68847,28.232542,30.593214,33.259624,35.723747,35.687084,33.11749,30.400663,24.036669,24.078844,19.072699,20.318895,15.364367,18.472605,14.537762,15.9106,14.598721,17.750671,18.000374,16.894571,14.676101,15.312709,16.462793,15.119339,18.752344,19.302475,23.318375,25.031574,28.521612,30.938953,34.2193,29.24649,25.914934,27.407656,22.484932,24.0445,20.856867,21.650131,21.385683,21.127468,23.624529,23.575628,27.730885,23.819668,28.377832,27.100082,31.272123
35,34.444412,32.653805,30.020504,25.338278,23.484692,21.895912,19.001263,19.0257,14.643422,18.250393,12.696111,17.882809,15.730138,15.42096,17.272425,13.748464,17.928375,17.404732,21.842821,23.77331,24.803516,29.324968,30.211042,27.434784,32.402313,31.113762,30.975048,26.831633,22.515457,20.40975,16.953226,11.236311,8.8403635,5.527889,3.8627636,0.0,4.231905,6.6917367,7.160055,9.035616,11.098023,14.249824,17.32453,18.513762,22.735464,26.538837,30.580387,31.75401,28.189322,32.325287,27.077507,28.64971,29.929766,27.305359,23.130812,20.393057,21.06472,17.827555,20.389156,20.95542,19.00917,24.9778,26.193682,29.895763,32.376606,35.21372,37.983395,38.143757,35.93286,33.129623,26.70948,26.398329,21.411644,22.057583,17.184458,19.364222,15.000308,15.407422,14.087684,17.105467,17.908236,17.767323,16.073975,17.509678,18.99207,18.252392,21.933764,22.902739,26.830519,28.63203,32.121624,34.60822,37.959816,32.93904,29.705404,30.95301,25.970499,27.256142,23.52016,24.344221,23.472153,22.708998,25.260098,25.688683,29.762974,26.409292,31.036375,30.029476,34.323277
36,36.54453,34.34927,31.422018,27.015736,24.698452,23.210691,19.642702,19.050491,14.347902,16.955381,10.807256,15.467222,12.819411,11.637811,14.100348,11.544541,15.87258,16.279026,20.997849,23.213947,24.734543,28.943935,30.552633,28.170954,33.25489,31.583904,32.20115,28.312744,23.815525,22.155882,18.862097,13.850752,11.096137,8.638696,4.6708617,4.231905,0.0,3.534199,6.1016073,7.6869664,11.58282,14.150681,17.640503,18.70094,23.14001,27.235104,30.659595,32.664402,29.334274,33.618214,28.063313,30.509964,31.586025,28.458553,24.93827,22.203987,21.976486,18.605738,21.00584,20.69468,18.806189,24.665651,26.190882,29.492155,32.61561,34.575554,37.46225,38.059277,35.49878,32.201885,26.267118,25.50469,20.618532,20.918468,16.011658,17.899311,13.091083,14.011552,11.838488,14.431475,14.479672,13.990422,13.087351,14.307725,16.759367,15.64588,20.213308,21.496695,25.475357,27.720194,30.882637,33.66948,36.6811,31.189423,27.98747,28.68321,23.507502,24.79152,20.301487,21.721622,20.42925,19.63612,22.682076,23.132322,27.878008,24.526592,29.328075,28.734339,32.841724
