,0,1,2,3,4,5,6,7,8,9,10,11,12,13,14,15,16,17,18,19,20,21,22,23,24,25,26,27,28,29,30,31,32,33,34,35,36,37,38,39,40,41,42,43,44,45,46,47,48,49,50,51,52,53,54,55,56,57,58,59,60,61,62,63,64,65,66,67,68,69,70,71,72,73,74,75,76,77,78,79,80,81,82,83,84,85,86,87,88,89,90,91,92,93,94,95,96,97,98,99,100,101,102,103,104,105,106,107,108,109,110,111,112,113
0,0.0,4.32204,6.404652,9.543937,12.226832,13.91488,17.351088,20.290121,23.362413,25.763454,29.376516,31.009073,33.393948,30.811504,32.089523,28.363758,27.307629,26.268482,23.782896,25.971682,24.73741,26.766459,28.304567,30.920767,32.263687,31.790987,32.640587,34.1914,33.163334,37.557022,33.324856,40.22178,37.513462,39.94883,36.426605,32.618046,32.586777,34.833126,30.993385,28.157139,29.695877,29.985199,26.443438,24.025185,27.283731,25.75735,19.343876,21.17639,23.704805,26.324078,29.10914,23.756756,28.930275,31.665972,30.938879,32.018433,30.241394,33.73879,36.213078,34.11046,34.04173,39.18285,42.548946,43.845432,40.108868,38.835617,43.49893,43.172924,37.974102,39.921238,43.005825,41.10618,36.93816,38.79181,35.32906,36.923733,33.188183,30.370146,28.119497,25.110447,21.359285,17.91228,16.906994,20.651453,24.516176,24.100582,29.08842,31.773594,35.539013,38.742752,41.39692,44.233738,46.511868,49.11037,51.32557,51.066406,52.891262,50.709244,47.506332,45.951748,43.057693,47.49065,48.18128,43.845997,40.524006,44.390842,46.58768,43.310665,40.793446,39.583107,35.35537,32.838886,30.04283,26.5684
1,4.32204,0.0,5.188361,6.4695206,9.0494375,12.180915,14.247855,18.138596,20.78313,23.332373,26.946991,28.397718,30.465996,27.695822,28.432804,24.934454,23.495321,22.569014,19.629835,21.98928,20.64679,22.586151,24.41563,26.929651,28.17212,27.636543,28.763062,30.33601,29.612509,33.9461,30.193518,37.15477,34.691925,37.415825,33.765907,29.83163,30.247717,32.689358,28.571259,25.65783,27.880472,28.061144,24.1302,22.22761,25.98013,24.119156,17.60783,20.258045,23.108398,25.757166,27.970108,22.743986,28.373436,30.790764,29.668207,30.217588,28.118504,31.417343,34.412586,32.462116,31.65558,36.987,40.127,41.73339,37.95077,36.273964,40.744404,40.146297,34.972496,37.114582,39.83775,37.70655,33.7276,35.610348,32.426582,34.07167,30.283659,27.81923,25.610653,22.972042,19.080399,16.156483,14.28343,17.722048,21.609745,20.814512,25.78663,28.291733,31.950153,35.14308,37.623764,40.571533,42.72257,45.231796,47.428757,47.188957,49.00765,46.803837,43.549442,42.228413,39.0776,43.418816,44.30704,40.051876,36.53732,40.279667,42.401573,39.069313,36.61175,35.337833,31.243921,28.638657,26.009722,22.4392
2,6.404652,5.188361,0.0,5.419871,6.6485476,8.102467,11.522315,14.049903,17.434967,19.472376,23.2246,24.699268,27.224691,24.662107,26.516645,22.92005,22.196278,21.731073,19.610826,22.66036,22.31438,24.533075,27.091831,28.491928,29.246038,28.126545,28.848122,29.721512,28.54033,32.64786,28.29215,34.974438,31.712255,34.449215,31.2955,27.250643,27.079376,29.887175,26.284573,23.082333,24.779924,26.05467,22.295313,19.512228,23.362299,22.922491,16.145168,17.755556,21.323921,23.253935,26.128128,22.062653,27.254576,29.266712,28.975277,30.018553,27.425468,31.135502,33.914936,31.018612,30.4942,35.971073,39.065308,40.284832,36.09219,34.611908,39.46287,38.869915,33.919075,36.574337,39.34989,37.14395,33.40234,36.037243,32.496685,34.859585,31.287441,28.386429,27.117521,23.66275,20.229218,17.615623,15.104956,18.106102,21.293749,21.715405,25.667992,29.15739,32.462822,36.032173,38.332302,41.53127,43.37734,45.964626,47.808727,47.115562,48.676483,46.206635,42.960087,40.969547,38.431866,42.800083,43.0084,38.52252,35.511055,39.562447,41.982864,39.06078,36.33057,35.89518,31.198269,29.270779,26.518267,23.594603
3,9.543937,6.4695206,5.419871,0.0,3.803618,6.839,8.36919,12.554232,14.564797,17.619963,20.9159,22.677038,24.55491,22.02931,22.8313,18.874443,17.993183,16.87032,15.172665,17.520433,17.424927,19.991257,22.452827,23.405405,24.23215,23.311193,23.721937,24.902355,23.719116,28.050333,23.883183,30.801395,28.347672,30.957623,27.311806,23.383059,23.818918,26.290802,22.186241,19.199898,21.606647,22.019783,17.946777,16.064484,20.176674,18.759892,12.092661,14.98035,18.418087,20.692776,22.6216,18.351385,24.016863,25.831308,24.91874,25.41827,22.720745,26.202002,29.357985,26.886782,25.792093,31.312109,34.31147,35.843452,31.832039,30.08084,34.69014,34.055767,28.98524,31.493172,34.190147,32.02122,28.17622,30.664042,27.235401,29.542643,25.958565,23.225145,22.036682,18.794025,15.350726,13.319381,10.067179,12.807943,16.089075,16.309566,20.360584,23.742092,27.092123,30.640442,33.01929,36.159294,38.082493,40.721874,42.636177,42.058277,43.73581,41.439896,38.268677,36.46785,33.83308,38.401314,38.833042,34.472546,31.360409,35.494617,37.893723,34.821777,32.05841,31.316761,26.499918,24.537987,21.468052,18.669176
4,12.226832,9.0494375,6.6485476,3.803618,0.0,5.517667,5.23701,9.658703,11.982492,14.466896,18.05413,19.42347,21.418613,18.712914,19.961712,16.421703,15.548966,15.306199,13.388931,16.847738,17.247263,19.6236,22.888529,23.167002,23.476355,21.981972,22.6411,23.206964,22.153238,26.127716,22.16608,28.869173,25.871756,28.955074,25.687712,21.463114,21.892193,25.015078,21.134226,17.773531,20.493681,21.837698,17.587196,15.547486,20.143087,19.649366,13.1125765,15.667264,19.729652,21.374224,23.305208,20.126038,25.590145,26.86082,26.241415,26.617155,23.370136,26.84841,30.268608,27.318148,25.729698,31.461885,34.156807,35.69099,31.350151,29.33484,33.99162,33.030304,28.225506,31.343082,33.61602,31.098202,27.740053,30.758884,27.480713,30.251768,26.819288,24.275925,23.68836,20.48934,17.382265,16.06778,12.098696,13.860461,16.393764,17.017082,20.11583,23.87381,26.76485,30.488804,32.4696,35.89366,37.42756,39.958447,41.603645,40.734657,42.195015,39.635853,36.3697,34.37554,31.826962,36.197495,36.367245,31.900522,28.88859,33.022976,35.52111,32.705353,29.8661,29.72695,24.773464,23.19176,20.462782,18.016611
5,13.91488,12.180915,8.102467,6.839,5.517667,0.0,6.2194877,6.778023,9.8654585,12.3427305,15.633196,17.70187,20.235775,18.26012,20.829454,16.638735,17.233234,16.74565,16.869385,19.772886,21.13442,23.91553,27.044119,26.477009,26.61922,24.971401,24.58977,24.677048,22.688572,26.56533,21.385462,27.719158,24.10715,26.576826,23.708769,19.72249,19.123247,22.086012,18.910343,15.537125,16.939789,19.184404,15.59986,12.192801,16.402582,17.492382,11.064614,11.81597,16.3478,17.26997,20.10401,18.041985,22.693466,23.741844,24.145903,25.379469,22.039515,26.019152,28.701956,24.826475,24.238249,29.81222,32.6935,33.587864,29.01716,27.644571,32.77808,32.220684,27.597557,30.783712,33.560555,31.399576,27.979986,31.504755,27.61839,30.902401,27.80101,24.519863,24.780392,20.56277,18.16199,16.792448,13.331214,14.9059,16.602753,18.790274,20.908598,25.618008,28.30567,32.26595,34.360214,37.733578,39.213413,41.941128,43.32419,42.109474,43.40378,40.79751,37.734318,34.909904,33.348167,37.938427,37.320534,32.690655,30.48758,35.057804,37.86763,35.452698,32.33802,32.792496,27.207159,26.367289,23.185373,21.58587
6,17.351088,14.247855,11.522315,8.36919,5.23701,6.2194877,0.0,6.0452404,7.1086526,9.792759,13.119914,14.505633,16.256035,13.667448,15.177718,11.505996,11.31596,11.614761,11.127807,14.9147625,16.627386,19.137077,22.980684,21.754301,21.421446,19.347345,19.499533,19.285456,17.941153,21.58624,17.502,23.958738,20.700172,24.018812,20.992472,16.599655,17.158304,20.729391,17.056166,13.4513,16.670074,18.748447,14.438576,12.635985,17.614645,18.01797,12.3256855,14.610215,19.040245,19.932655,21.383059,19.765837,24.80988,25.2588,24.901512,25.070127,21.196802,24.599539,28.22221,24.76821,22.590096,28.437532,30.753883,32.253887,27.632614,25.369495,30.048557,28.843685,24.375006,28.099787,30.012798,27.285202,24.433308,28.14479,24.912458,28.336407,25.277065,22.823202,23.315252,20.026861,17.720392,17.535353,12.998424,13.228101,14.350781,15.977159,17.38256,21.85338,24.081573,28.047714,29.66212,33.306374,34.42491,36.947556,38.21743,36.953278,38.177708,35.433174,32.213135,29.755627,27.698092,32.09476,31.763577,27.18756,24.605162,29.018963,31.761724,29.33475,26.25782,26.886068,21.400648,20.677479,17.932674,16.584503
7,20.290121,18.138596,14.049903,12.554232,9.658703,6.778023,6.0452404,0.0,4.8894124,5.6297216,9.281524,11.010586,13.890153,12.148328,16.127766,12.608508,14.179254,15.033183,16.130651,19.790995,22.19443,24.743515,28.685495,26.747961,26.0479,23.603148,23.053963,21.918201,19.81861,22.79736,17.746708,23.229729,18.536308,21.642546,19.692839,15.41234,14.5085125,18.648907,16.311768,12.504505,14.170977,18.27291,14.894066,11.584519,16.111603,18.908686,13.89312,13.971694,18.854315,18.48755,20.847567,21.034245,24.967932,24.868984,25.76066,26.71707,22.610296,26.37675,29.30047,24.677927,23.303547,28.938229,31.171062,31.94316,26.89416,25.192423,30.31591,29.298069,25.394526,29.535774,31.601181,29.04306,26.593359,31.007671,27.389736,31.433777,28.811403,25.860968,27.247784,23.21517,21.59857,21.379875,17.295237,17.339352,17.468102,20.431479,20.54271,25.82122,27.545809,31.692108,33.11806,36.809444,37.604206,40.173935,40.98971,39.198883,40.057175,37.081417,34.042667,30.609947,29.706215,33.989014,32.603542,27.850353,26.314522,30.992487,34.045116,32.295586,29.016714,30.658323,24.7781,24.98888,22.277967,21.792442
8,23.362413,20.78313,17.434967,14.564797,11.982492,9.8654585,7.1086526,4.8894124,0.0,4.8223815,6.5340242,9.089233,10.807458,9.545477,12.602363,8.36236,10.931117,11.405909,14.242402,17.046066,20.264977,22.963936,26.833157,23.907017,22.949657,20.456953,19.169756,17.750624,15.246032,18.17901,12.865055,18.459396,14.320183,17.364786,15.013111,10.634399,10.350606,14.524336,11.904524,8.036269,10.816592,14.688575,11.243343,9.066907,13.737768,16.352201,12.646856,13.233107,17.72911,17.188843,18.389923,19.444939,23.17794,22.484348,23.086662,23.561554,19.142649,22.606342,25.778889,21.226868,19.129124,24.772352,26.713482,27.66447,22.603024,20.5754,25.57426,24.439613,20.654095,25.020983,26.876858,24.307838,22.083685,26.778341,23.270342,27.602837,25.304289,22.559692,24.632263,20.840368,19.887917,20.601961,16.388296,15.300171,14.317194,17.803373,16.662735,22.216053,23.49362,27.68141,28.974556,32.652653,33.301495,35.913982,36.58376,34.680614,35.51514,32.618557,29.714392,26.091629,25.532413,30.03566,28.514088,23.808716,22.562153,27.484417,30.637222,28.99785,25.596596,27.371132,21.17776,21.939669,19.021229,19.416779
9,25.763454,23.332373,19.472376,17.619963,14.466896,12.3427305,9.792759,5.6297216,4.8223815,0.0,4.341804,5.383492,8.516686,7.3136954,12.715103,10.32676,12.8365555,14.753599,16.766302,20.507034,23.623325,25.904497,30.242365,27.229483,25.87592,22.912594,22.143078,19.961908,17.863115,19.776312,15.209269,19.511326,13.9259615,17.706087,16.734356,12.450093,11.499244,16.546213,15.138269,11.473592,13.41264,18.502598,15.599475,13.1488,17.302416,20.872334,17.262451,17.1673,21.793926,20.694069,22.317919,23.99513,27.34477,26.399904,27.471235,28.070255,23.569614,26.91529,29.985083,25.071064,22.972874,28.402721,29.967375,30.688726,25.432417,23.415375,28.275558,26.836933,23.739986,28.551579,29.89143,27.057318,25.575855,30.563677,27.335596,31.836243,29.696323,27.158264,29.33888,25.651674,24.6587,25.23916,20.953281,19.991663,18.981964,22.272406,20.77888,26.194036,27.026028,31.167503,31.9876,35.838028,36.03456,38.424446,38.73463,36.474705,36.941544,33.703747,30.762907,26.826534,26.600412,30.541079,28.45571,23.682936,22.886942,27.586618,30.81397,29.713163,26.357073,29.001606,23.046335,24.23244,22.023546,22.5646
10,29.376516,26.946991,23.2246,20.9159,18.05413,15.633196,13.119914,9.281524,6.5340242,4.341804,0.0,3.8871882,5.9970818,6.819744,12.10426,9.844596,13.4608555,15.071791,18.508312,21.387493,25.09756,27.464115,31.640142,27.814087,26.221867,23.239376,21.668663,18.993765,16.37509,17.652319,12.759824,15.986758,9.930281,13.526019,13.207109,9.353114,7.893245,13.221042,12.795929,9.699363,11.197973,16.785847,14.685915,12.831323,16.217018,20.410358,18.186611,17.682978,21.855228,20.182991,21.206472,24.150757,26.775385,25.181305,26.523561,27.060215,22.453081,25.534977,28.365665,23.180609,20.9703,26.019636,27.210989,27.688131,22.360785,20.430244,25.205341,23.78502,21.2835,26.309221,27.47594,24.80891,23.807755,29.141972,25.959555,30.779024,29.125334,26.6363,29.54212,25.882599,25.580303,26.694319,22.608746,21.01055,19.084938,22.93569,20.244022,25.86703,26.136288,30.238113,30.86036,34.617355,34.56038,36.964146,36.947796,34.389053,34.6502,31.43071,28.771769,24.240961,24.965145,28.93182,26.218994,21.534422,21.631283,26.508554,29.880945,29.200708,25.757673,28.831806,22.688543,24.599361,22.323456,23.711294
11,31.009073,28.397718,24.699268,22.677038,19.42347,17.70187,14.505633,11.010586,9.089233,5.383492,3.8871882,0.0,4.0753613,4.6219406,11.161868,10.740393,13.675612,16.37146,18.880508,22.470778,25.99913,27.946371,32.503326,28.671583,26.768927,23.443977,22.557241,19.444126,17.562805,18.102936,14.593451,17.074099,10.625247,15.165394,15.525877,11.767009,10.995395,16.3894,16.05937,13.065331,14.992673,20.396107,18.092611,16.535772,20.082865,23.986853,21.470179,21.312359,25.598751,24.039877,25.020975,27.723858,30.576033,28.997494,30.154501,30.417696,25.750483,28.588602,31.714836,26.742352,24.054823,29.069614,29.92306,30.595985,25.33084,23.057268,27.413319,25.549324,23.444939,28.734856,29.271158,26.22307,25.80429,31.152296,28.422588,33.183933,31.520382,29.438215,32.184303,28.89357,28.369535,29.500156,25.156145,23.551006,21.781443,25.115944,22.401438,27.64645,27.623047,31.613665,31.80435,35.724407,35.310326,37.45543,37.238796,34.52609,34.555103,31.072927,28.292915,23.89798,24.437817,27.845018,24.990341,20.317509,20.451193,24.984255,28.3193,27.973057,24.652653,28.285618,22.530188,24.623241,23.038681,24.440884
12,33.393948,30.465996,27.224691,24.55491,21.418613,20.235775,16.256035,13.890153,10.807458,8.516686,5.9970818,4.0753613,0.0,3.6973395,8.507495,9.195344,12.309949,15.115042,18.238785,21.246355,25.099154,26.883831,31.383244,26.913717,24.71061,21.308207,20.162395,16.582722,14.879377,14.622797,12.107028,13.746307,7.682335,12.912293,13.357043,9.942972,10.336358,15.427423,15.117913,12.72175,15.377143,20.04235,17.88269,17.460543,20.801098,24.13021,22.432335,22.77558,26.679796,25.212948,25.324415,28.290115,31.069574,29.177734,29.93623,29.66992,24.95872,27.265808,30.644913,26.07002,22.626013,27.398914,27.766996,28.72359,23.64629,20.917847,24.742458,22.511974,20.885317,26.37921,26.31288,23.09037,23.305529,28.733904,26.46709,31.263458,29.914616,28.305882,31.35832,28.571697,28.396822,30.070267,25.71452,23.520044,21.209558,24.391685,20.843348,25.785265,25.189909,29.017982,28.844004,32.75746,32.03415,34.05795,33.617645,30.750614,30.64827,27.123009,24.421602,19.900227,20.733685,24.059488,20.997059,16.35108,16.89383,21.483139,24.880907,24.79627,21.464054,25.438213,19.75804,22.421997,21.120617,23.200148
13,30.811504,27.695822,24.662107,22.02931,18.712914,18.26012,13.667448,12.148328,9.545477,7.3136954,6.819744,4.6219406,3.6973395,0.0,6.799256,7.7836995,9.891511,13.358902,15.347883,19.102703,22.571785,24.190144,28.91366,24.938242,22.815355,19.315315,18.959122,15.714228,14.628679,15.024257,12.937882,15.947965,10.795104,16.00074,15.495208,11.457581,12.392004,17.502066,16.164825,13.236959,16.632046,20.838741,17.924278,17.438114,21.437572,24.059795,21.49991,22.442507,26.599571,25.647188,25.933645,27.905153,31.34687,29.904802,30.25554,29.832317,25.140177,27.546595,31.301992,27.071362,23.429287,28.600101,29.236568,30.54972,25.531307,22.562283,26.420134,24.094242,21.85335,27.219753,27.192312,23.72446,23.556845,28.690392,26.508211,31.033062,29.287647,27.808788,30.3004,27.698584,27.027014,28.491505,23.911518,21.969957,20.231194,22.83129,20.06032,24.742102,24.524693,28.381773,28.304565,32.34739,31.812145,33.80079,33.676525,31.12144,31.251734,27.72031,24.695713,20.909393,20.58773,23.940134,21.678215,16.93612,16.320051,20.79503,24.066587,23.50908,20.215378,23.830353,18.2731,20.381075,19.261349,20.792469
14,32.089523,28.432804,26.516645,22.8313,19.961712,20.829454,15.177718,16.127766,12.602363,12.715103,12.10426,11.161868,8.507495,6.799256,0.0,5.547081,5.7737637,9.55684,11.71315,14.442096,18.118925,19.349735,23.944317,19.262863,16.749796,13.125448,12.991091,9.432375,9.6965885,9.761239,10.459065,13.888359,11.917377,16.822096,15.022571,11.489515,14.495312,18.413824,15.98723,13.878334,18.624174,20.772669,17.53833,18.87895,22.845802,23.617918,21.802534,24.042713,27.568481,27.320078,26.368372,27.649725,31.496225,30.081984,29.30976,27.845558,23.329168,24.832989,29.298674,26.315723,21.415226,26.421217,26.635353,28.816727,24.415428,20.611856,23.480661,20.618532,18.32386,23.54475,22.662783,18.739876,19.033398,23.743353,22.489962,26.606613,24.995056,24.519726,26.876669,25.437834,24.949814,27.140587,22.601053,19.91918,17.872555,19.428091,16.093803,19.707144,18.939978,22.502327,22.023796,26.1487,25.457413,27.30272,27.321527,25.03477,25.417915,22.005274,18.731817,15.917293,14.321657,18.022295,16.849524,12.194913,10.264352,15.003432,18.217937,17.162632,13.75592,17.132835,11.540952,14.083625,13.513414,15.853395
15,28.363758,24.934454,22.92005,18.874443,16.421703,16.638735,11.505996,12.608508,8.36236,10.32676,9.844596,10.740393,9.195344,7.7836995,5.547081,0.0,4.447286,5.9248257,10.305986,12.210636,16.305067,18.488405,22.583681,18.18357,16.41067,13.464314,12.0094595,9.672952,7.9036417,10.391121,7.5208755,13.300076,11.42113,15.335911,12.311284,8.119471,11.081492,14.676205,11.382503,8.865465,13.967869,15.723344,12.157075,13.484262,17.58058,18.189692,16.33505,18.589018,22.03596,21.940111,21.054129,22.164812,26.061287,24.834808,24.13259,23.015162,18.432137,20.499502,24.77164,21.525963,17.124973,22.576172,23.505302,25.48606,20.898378,17.468119,21.23675,19.096663,15.700333,20.637669,21.022379,17.666681,16.530027,21.361872,19.095146,23.42001,21.531456,20.238052,22.70746,20.55684,20.149506,22.249666,17.830435,15.148568,12.960908,15.395822,12.29951,17.0553,17.180847,21.206648,21.729372,25.656906,25.764467,28.13879,28.620634,26.661625,27.478514,24.52515,21.48477,18.37473,17.209091,21.797228,20.76054,16.190907,14.484751,19.49491,22.623209,20.976654,17.51761,19.53666,13.215388,14.8854265,12.549388,14.476646
16,27.307629,23.495321,22.196278,17.993183,15.548966,17.233234,11.31596,14.179254,10.931117,12.8365555,13.4608555,13.675612,12.309949,9.891511,5.7737637,4.447286,0.0,4.717038,6.3443313,9.31176,12.869604,14.5963125,19.10774,15.141021,13.294699,10.10037,10.320387,8.705009,8.924866,11.551497,10.877414,16.56709,15.419279,19.511232,16.321966,12.403318,15.50533,18.86726,15.092819,12.668275,17.927061,18.891953,14.839736,16.391502,20.79154,20.24035,17.68179,20.83386,24.247662,24.80463,23.870918,23.716574,28.299181,27.551025,26.177734,24.600195,20.310013,22.04998,26.792044,24.368301,19.629614,25.088846,26.02097,28.486057,24.275803,20.579905,23.803724,21.427025,17.822351,22.3307,22.30837,18.64623,17.457577,21.52649,19.893538,23.552296,21.273504,20.641945,22.216633,20.868288,19.844036,21.870415,17.259003,14.760267,13.48336,14.320731,12.405893,15.953447,16.35813,20.139856,20.537405,24.587667,24.783827,26.949572,27.77646,26.253069,27.297657,24.398127,21.0491,19.155617,16.454681,20.79901,20.883844,16.563126,13.463957,17.956833,20.750465,18.472904,15.210844,16.544136,10.637872,11.400062,9.644557,10.940321
17,26.268482,22.569014,21.731073,16.87032,15.306199,16.74565,11.614761,15.033183,11.405909,14.753599,15.071791,16.37146,15.115042,13.358902,9.55684,5.9248257,4.717038,0.0,6.767388,6.505178,10.833375,13.439079,17.00862,12.821432,11.681014,9.589844,8.066083,8.143176,7.2084947,11.466641,9.611205,16.268011,16.437258,19.40383,15.201937,11.79171,15.11517,17.301043,12.745227,10.934325,16.297256,15.698902,11.526199,14.070228,18.111618,16.340225,14.455971,18.173653,20.94506,21.949856,20.408731,19.764894,24.436625,23.848795,21.95788,20.117033,16.008533,17.658228,22.516506,20.647572,15.869937,21.38152,22.688705,25.328495,21.4591,17.885366,21.172506,19.289043,14.896528,18.758503,19.468641,16.295895,13.985408,17.753675,15.677722,19.235846,16.78763,15.947229,17.5973,16.280617,15.554268,18.019218,13.719604,10.633741,8.947468,9.905471,7.8840556,11.936538,13.016499,17.03147,18.233208,22.011103,22.871979,25.425581,26.664532,25.536476,26.996334,24.622498,21.55385,19.792795,17.283201,22.253307,22.655302,18.6384,15.7385645,20.302717,22.939169,20.2672,17.098478,17.18189,11.069374,11.228339,7.711059,9.172781
18,23.782896,19.629835,19.610826,15.172665,13.388931,16.869385,11.127807,16.130651,14.242402,16.766302,18.508312,18.880508,18.238785,15.347883,11.71315,10.305986,6.3443313,6.767388,0.0,6.1351485,7.6266403,9.20593,13.975793,11.902397,11.046705,8.848114,11.091695,11.8453665,13.033069,16.372446,16.035763,22.239965,21.633432,25.39536,21.650528,17.849716,20.76919,23.654772,19.174572,16.769314,21.90641,21.770205,17.247156,18.760529,23.334513,21.237564,17.676682,21.857716,25.023104,26.56173,25.763597,23.651228,29.092342,29.214964,27.070353,25.239742,21.590914,23.237156,28.20334,26.748018,22.276438,27.750557,29.143248,31.954008,28.19489,24.622787,27.64486,25.540695,21.296434,24.780771,25.092356,21.671562,19.59968,22.322676,20.948204,23.493359,20.4891,20.231237,20.218283,19.635704,17.588417,19.144209,14.60438,12.898404,13.4554,12.084051,13.077072,15.023302,16.661892,20.001198,20.936499,24.728683,25.617676,27.710169,29.294949,28.632727,30.168074,27.701271,24.273827,23.706127,19.721518,23.832582,25.246622,21.41976,17.27837,20.829832,22.942923,19.672726,17.040506,16.3419,11.808579,9.921772,8.2132635,6.5235424
19,25.971682,21.98928,22.66036,17.520433,16.847738,19.772886,14.9147625,19.790995,17.046066,20.507034,21.387493,22.470778,21.246355,19.102703,14.442096,12.210636,9.31176,6.505178,6.1351485,0.0,4.699662,7.4728208,10.513546,6.9680586,6.9635086,6.676814,7.15972,10.084081,11.154849,15.140245,15.149713,21.363798,22.617401,25.355072,20.839884,17.980276,21.416666,22.96142,18.082993,16.789032,21.926544,19.933468,15.817933,18.764378,22.535856,18.884632,16.912512,21.642593,23.724394,25.688532,23.764097,21.289415,26.567926,26.682068,23.654394,21.02701,17.930166,18.717447,23.93871,23.72054,18.848896,23.816513,25.179264,28.425762,25.436201,21.814276,24.161024,22.351873,17.78946,20.26735,20.722198,17.759922,15.023788,16.786694,15.786576,17.694962,14.656763,15.124882,15.006501,15.5656185,14.173263,16.761202,13.02919,10.253943,10.2677145,7.492037,8.552455,9.045631,11.231876,14.427087,16.032793,19.487917,21.016306,23.409946,25.462015,25.346554,27.354612,25.560843,22.493551,22.461887,18.45409,23.102587,25.06787,21.788982,17.804798,21.30704,23.175632,19.542017,17.091124,14.919179,10.472812,8.067259,4.168432,3.140254
20,24.73741,20.64679,22.31438,17.424927,17.247263,21.13442,16.627386,22.19443,20.264977,23.623325,25.09756,25.99913,25.099154,22.571785,18.118925,16.305067,12.869604,10.833375,7.6266403,4.699662,0.0,3.6390135,6.619747,6.4592385,7.84053,8.721726,10.969015,14.189857,15.784812,19.52365,19.831919,26.030148,27.1139,30.001612,25.49303,22.514555,25.767487,27.398104,22.42041,20.950523,25.922087,23.788439,19.578215,22.118153,25.971533,21.783968,19.126854,24.16789,26.14035,28.595644,26.95419,23.334066,29.011913,29.692366,26.336946,23.688454,21.17661,21.880802,26.988045,27.301523,22.806149,27.594912,29.130442,32.470676,29.725103,26.237339,28.42027,26.701824,22.121523,24.02792,24.502645,21.71554,18.886633,19.615622,19.017729,19.899406,16.528002,17.38457,15.783705,17.118353,14.907403,16.842567,13.564129,11.915003,13.397592,9.219926,12.485811,11.433584,14.152348,16.483145,18.184372,21.230062,23.077145,25.18954,27.656471,28.09017,30.276361,28.693447,25.59954,26.333603,21.6662,25.817326,28.46808,25.443117,20.964487,23.765686,25.1596,21.105122,19.216764,16.015541,13.208673,9.412735,7.295418,2.7877035
21,26.766459,22.586151,24.533075,19.991257,19.6236,23.91553,19.137077,24.743515,22.963936,25.904497,27.464115,27.946371,26.883831,24.190144,19.349735,18.488405,14.5963125,13.439079,9.20593,7.4728208,3.6390135,0.0,5.3420525,6.532528,7.642775,8.721457,12.390184,15.420924,17.833939,20.964376,22.281599,28.061527,29.231588,32.42125,28.11724,25.137941,28.548906,30.39497,25.53228,24.026234,29.140226,27.20288,23.006893,25.532354,29.482103,25.39588,22.700537,27.707008,29.768755,32.194103,30.543236,26.948277,32.6208,33.272224,29.837627,27.011541,24.577847,24.993069,30.184973,30.696325,25.944567,30.568474,31.816414,35.32824,32.690258,28.999271,30.797117,28.796902,24.567883,26.49549,26.36879,23.375677,21.13605,21.528255,21.63204,22.163084,19.009842,20.461452,18.672167,20.532465,18.326296,20.128273,17.001268,15.54289,16.943455,12.708706,15.493544,13.632387,15.743419,17.45439,18.579231,21.550943,23.133272,24.834164,27.361624,28.032454,30.204426,28.658741,25.50804,26.968538,21.682467,25.244638,28.483511,25.805092,20.93075,22.99768,23.959497,19.688246,18.307535,14.532558,13.167313,8.745962,8.529149,4.450739
22,28.304567,24.41563,27.091831,22.452827,22.888529,27.044119,22.980684,28.685495,26.833157,30.242365,31.640142,32.503326,31.383244,28.91366,23.944317,22.583681,19.10774,17.00862,13.975793,10.513546,6.619747,5.3420525,0.0,6.731229,9.495221,12.205987,14.695156,18.570206,20.71243,24.019194,25.26972,30.98087,32.953053,35.55544,30.88327,28.38439,31.83656,32.947346,27.939817,26.947659,31.80754,28.826777,24.99106,27.932774,31.348534,26.244448,24.247334,29.474375,30.757673,33.63011,31.533134,27.202702,32.75685,33.732056,29.677418,26.479477,24.924795,24.748848,29.732023,31.326508,26.832157,30.840607,32.193035,35.88889,33.937042,30.474514,31.789536,30.178862,25.86512,26.680311,26.800045,24.453512,21.767057,20.774689,21.333136,20.608992,17.450064,19.56443,16.75141,19.850397,17.812878,19.70775,17.757097,16.49224,18.184986,13.095199,16.719366,13.258772,15.865799,16.595669,18.317406,20.401382,22.72011,24.418116,27.493502,28.883583,31.424725,30.52877,27.753838,29.717705,24.487537,28.066023,31.724695,29.464111,24.752056,26.562996,27.195208,22.777395,21.785845,17.022846,16.509363,12.137199,11.47164,8.187931
23,30.920767,26.929651,28.491928,23.405405,23.167002,26.477009,21.754301,26.747961,23.907017,27.229483,27.814087,28.671583,26.913717,24.938242,19.262863,18.18357,15.141021,12.821432,11.902397,6.9680586,6.4592385,6.532528,6.731229,0.0,3.3454533,6.8373976,8.309882,12.384436,14.765756,17.692879,19.73148,24.836994,27.526049,29.930563,25.36796,23.317636,27.155846,28.041353,23.310076,22.769117,27.837034,24.8779,21.355143,24.983051,28.193266,23.603037,22.69914,27.621822,28.957052,31.21768,28.534605,25.692812,30.702682,30.857676,27.009806,23.485428,21.354687,20.761957,26.067387,27.404427,22.118153,26.005548,26.804226,30.640787,28.673155,24.867697,25.786278,23.854013,19.913876,21.169638,20.630766,17.953878,15.854046,15.483216,16.476233,16.608725,14.031958,16.552538,15.580733,18.386644,17.469105,20.418545,17.843594,15.172883,15.153839,11.042276,11.968838,8.287595,9.758039,10.961489,12.294663,15.114798,16.99943,18.990673,21.724766,22.666803,25.132008,24.127995,21.395664,23.1489,18.19097,22.187271,25.565392,23.407846,19.050116,21.222506,22.164938,17.995518,16.583944,12.183604,10.663774,7.04909,5.8313513,5.5399265
24,32.263687,28.17212,29.246038,24.23215,23.476355,26.61922,21.421446,26.0479,22.949657,25.87592,26.221867,26.768927,24.71061,22.815355,16.749796,16.41067,13.294699,11.681014,11.046705,6.9635086,7.84053,7.642775,9.495221,3.3454533,0.0,3.8600435,6.2506523,9.737767,12.807165,15.133123,18.029852,22.68784,25.359423,28.049267,23.801336,21.736847,25.744637,26.934593,22.46723,21.8659,27.112337,24.715107,21.209518,24.830582,28.18296,24.284052,23.425058,28.084112,29.754211,31.616428,28.960135,26.906162,31.738365,31.507572,28.006824,24.556717,21.948994,21.406843,26.802938,27.63652,21.97165,25.957518,26.386196,30.20557,27.992342,23.920294,24.73903,22.392351,18.864336,20.822702,19.651268,16.455355,15.196267,15.665856,16.834858,17.705242,15.545694,17.933346,17.828451,20.101652,19.401123,22.436163,19.380129,16.421476,15.766927,12.546909,11.987425,9.21331,9.382213,10.930679,11.291222,14.727669,15.826517,17.675201,19.981174,20.490953,22.730478,21.391954,18.465633,20.241955,15.052811,18.999115,22.352121,20.210505,15.750155,17.893978,18.936375,14.850491,13.274227,9.233538,7.3671265,3.9398272,3.9805312,5.7684894
25,31.790987,27.636543,28.126545,23.311193,21.981972,24.971401,19.347345,23.603148,20.456953,22.912594,23.239376,23.443977,21.308207,19.315315,13.125448,13.464314,10.10037,9.589844,8.848114,6.676814,8.721726,8.721457,12.205987,6.8373976,3.8600435,0.0,5.4576383,7.3000026,10.850357,12.822126,15.947934,20.541769,22.520763,25.73353,21.872053,19.432714,23.420494,25.227844,20.995646,20.005749,25.397646,23.926937,20.250341,23.492609,27.1734,24.195442,22.909773,27.245825,29.452267,30.917221,28.62853,27.211988,32.015667,31.536434,28.582386,25.513796,22.307507,22.268087,27.651415,27.594683,21.852634,26.251637,26.587772,30.164291,27.395164,23.188168,24.42908,21.764637,18.431402,21.373535,20.046263,16.341232,15.613623,17.36009,17.998692,19.830612,17.74479,19.44192,19.956955,21.297771,20.500566,23.353655,19.6892,16.708612,15.755297,13.531008,12.157494,11.242278,10.9573965,13.276154,13.090062,16.988132,17.373457,19.134953,20.808887,20.572721,22.380625,20.3991,17.121443,18.262585,13.0847,17.10021,19.927773,17.3123,12.662015,15.265577,16.759333,12.937774,10.754326,8.314247,4.5428677,1.69337,3.1427438,6.0012064
26,32.640587,28.763062,28.848122,23.721937,22.6411,24.58977,19.499533,23.053963,19.169756,22.143078,21.668663,22.557241,20.162395,18.959122,12.991091,12.0094595,10.320387,8.066083,11.091695,7.15972,10.969015,12.390184,14.695156,8.309882,6.2506523,5.4576383,0.0,4.5109916,6.70741,9.462472,12.00312,16.571545,19.645094,21.937338,17.652681,15.9605,20.119171,21.01987,16.851215,16.676817,21.836163,19.615334,16.531523,20.5037,23.50821,20.426483,20.486973,24.515575,26.195967,27.423576,24.51176,23.904488,28.085564,27.191702,24.239384,21.006763,17.755213,17.357622,22.693123,22.74334,16.751474,20.896471,21.13134,24.742783,22.172691,17.964521,19.086002,16.637087,13.05286,15.953141,14.885788,11.34504,10.201695,12.61951,12.94073,15.447753,13.844911,15.368003,17.084995,18.141092,18.330757,21.764378,18.46156,14.772725,12.539937,11.471669,7.828199,7.6778874,6.5684576,9.9268675,10.367125,14.328654,14.993606,17.454325,18.976961,18.431444,20.356123,18.634344,15.784818,15.871685,12.150551,17.202885,19.094452,16.391268,13.025656,16.588428,18.54446,15.437532,12.835626,11.3143015,6.081489,6.7761593,3.9565566,8.546799
27,34.1914,30.33601,29.721512,24.902355,23.206964,24.677048,19.285456,21.918201,17.750624,19.961908,18.993765,19.444126,16.582722,15.714228,9.432375,9.672952,8.705009,8.143176,11.8453665,10.084081,14.189857,15.420924,18.570206,12.384436,9.737767,7.3000026,4.5109916,0.0,4.4597692,5.577945,9.585535,13.283911,16.010418,18.830538,15.237325,13.466976,17.735449,19.237892,15.766154,15.418765,20.578175,19.571568,16.698635,20.267857,23.37183,21.642414,21.637316,25.011396,27.166508,27.738314,25.108976,25.649359,29.456455,28.080606,25.86454,23.064651,19.27371,19.233896,24.29184,23.343536,17.280598,21.505991,21.307245,24.571432,21.47466,17.075924,18.367504,15.372982,12.660218,16.816267,15.163685,11.050083,11.407582,15.163468,15.220468,18.58494,17.434315,18.38621,20.809717,21.041069,21.341265,24.594677,20.87843,17.22904,14.5221195,14.770583,10.224265,11.774444,9.934469,13.173468,12.635579,16.746542,16.394737,18.572342,19.207928,17.702799,18.992863,16.53855,13.44128,12.435356,9.302517,14.514939,15.41527,12.201209,9.266974,13.592281,16.125254,13.849126,10.688163,11.469121,5.215887,8.414594,7.1692586,11.550117
28,33.163334,29.612509,28.54033,23.719116,22.153238,22.688572,17.941153,19.81861,15.246032,17.863115,16.37509,17.562805,14.879377,14.628679,9.6965885,7.9036417,8.924866,7.2084947,13.033069,11.154849,15.784812,17.833939,20.71243,14.765756,12.807165,10.850357,6.70741,4.4597692,0.0,4.9253125,5.417538,10.307743,13.123574,15.254544,11.123597,9.541758,13.838602,14.880702,11.380128,11.441148,16.393827,15.301878,12.793815,16.54474,19.256365,18.00712,18.650517,21.512707,23.514183,23.757101,21.029682,22.358778,25.701813,24.040901,22.240396,19.82361,15.717844,16.087109,20.841602,19.235607,13.325044,17.85032,17.945045,20.850859,17.350801,13.079064,15.260319,12.69998,9.333743,14.087986,13.503199,9.898896,9.339356,14.228799,13.015682,17.26228,16.252726,16.209146,19.453753,18.743023,19.52829,22.811333,19.250732,15.455392,11.98647,13.766412,8.182472,11.748326,10.381227,14.202783,14.505725,18.263115,18.311197,20.898651,21.418402,19.657743,20.85293,18.531713,15.903782,13.371331,12.291125,17.660427,17.354763,13.778118,12.295098,17.10541,19.91284,18.0864,14.837942,15.88415,9.647632,12.253835,9.600092,13.517701
29,37.557022,33.9461,32.64786,28.050333,26.127716,26.56533,21.58624,22.79736,18.17901,19.776312,17.652319,18.102936,14.622797,15.024257,9.761239,10.391121,11.551497,11.466641,16.372446,15.140245,19.52365,20.964376,24.019194,17.692879,15.133123,12.822126,9.462472,5.577945,4.9253125,0.0,7.214544,8.128665,11.9732065,14.300675,11.529765,10.930422,15.13196,16.295237,14.155446,14.521521,18.956778,18.642427,16.834751,20.301884,22.705248,22.265297,23.227432,25.625404,27.682713,27.443468,24.658583,26.836538,29.66969,27.555157,26.086811,23.636871,19.646986,19.538357,23.953745,22.263044,16.293474,19.900501,18.999924,21.800636,18.51975,14.098241,15.138077,11.733395,10.569037,15.62696,13.481174,9.4433775,11.433841,16.263643,16.060467,20.188189,19.884954,20.354425,23.849585,23.422434,24.405275,27.733507,24.1482,20.378777,16.855585,18.537716,12.803004,15.385652,12.818975,15.835716,14.8888445,18.606798,17.549202,19.66811,19.32425,16.78818,17.36961,14.573251,12.02198,8.613729,8.739416,13.832891,12.6791,9.271662,9.094343,13.83433,16.798971,15.958638,12.778348,15.280656,9.827418,13.791202,12.646331,16.972698
30,33.324856,30.193518,28.29215,23.883183,22.16608,21.385462,17.502,17.746708,12.865055,15.209269,12.759824,14.593451,12.107028,12.937882,10.459065,7.5208755,10.877414,9.611205,16.035763,15.149713,19.831919,22.281599,25.26972,19.73148,18.029852,15.947934,12.00312,9.585535,5.417538,7.214544,0.0,7.1230373,8.779633,10.287009,5.9765396,4.3571243,8.648651,9.714092,7.0782843,7.4994955,11.76791,11.961489,10.334179,13.442529,15.629795,16.22655,17.34689,18.943285,21.094301,20.454754,18.074291,21.006248,23.499865,21.294365,20.647238,19.19999,14.698654,15.91869,19.74391,16.588537,11.541492,16.205757,16.503996,18.419607,14.005706,10.23543,13.867235,11.905493,8.95971,14.346878,14.802579,12.0980015,11.424077,17.007233,14.602193,19.558558,18.819607,17.541536,21.50108,19.471241,20.610945,23.551138,20.088339,16.582745,12.708839,16.241161,10.700832,15.696041,14.731253,18.574606,19.132404,22.552849,22.553303,25.213701,25.31303,23.048635,23.809464,21.346067,19.117298,15.001844,15.928414,20.988787,19.210205,15.282809,15.341426,20.449917,23.584267,22.445759,19.06425,20.995096,14.710228,17.403809,14.545987,17.864407
31,40.22178,37.15477,34.974438,30.801395,28.869173,27.719158,23.958738,23.229729,18.459396,19.511326,15.986758,17.074099,13.746307,15.947965,13.888359,13.300076,16.56709,16.268011,22.239965,21.363798,26.030148,28.061527,30.98087,24.836994,22.68784,20.541769,16.571545,13.283911,10.307743,8.128665,7.1230373,0.0,7.1920414,6.8765097,5.9187946,8.197925,10.963689,10.972169,11.560471,13.044862,15.407204,16.228722,16.269457,19.041449,20.071857,21.678604,23.827507,24.599209,26.354841,24.937872,22.254822,26.638372,27.93863,24.935278,24.862982,23.421232,19.39048,19.7072,22.662811,19.51209,14.819644,17.472425,16.201693,17.555845,13.669462,10.173777,11.985937,9.39519,10.179002,15.476069,14.415174,12.155036,14.044597,19.529139,18.118202,22.983585,23.335302,22.59894,27.133322,25.460114,27.165436,30.293242,27.086027,23.493446,19.376842,22.80763,16.665672,20.647747,18.397501,21.42361,20.982155,23.993761,22.980785,25.231005,24.27696,21.14375,21.069345,18.528267,17.179655,11.6092415,15.373472,19.524393,16.152336,13.073392,15.558937,20.093563,23.209461,23.34306,20.255398,23.333488,17.918411,21.686543,19.798975,23.772438
32,37.513462,34.691925,31.712255,28.347672,25.871756,24.10715,20.700172,18.536308,14.320183,13.9259615,9.930281,10.625247,7.682335,10.795104,11.917377,11.42113,15.419279,16.437258,21.633432,22.617401,27.1139,29.231588,32.953053,27.526049,25.359423,22.520763,19.645094,16.010418,13.123574,11.9732065,8.779633,7.1920414,0.0,5.5225906,7.1932445,6.488202,7.1847854,10.339644,11.671552,11.330241,13.05908,16.801311,16.236965,17.086412,18.849056,22.2729,22.829874,22.778645,25.59207,23.650694,22.53906,27.016418,28.600878,25.86655,26.783411,26.348,21.855604,23.497313,26.271585,21.72822,18.224995,21.940542,21.647923,22.232891,17.37109,14.838669,18.2668,16.283377,15.827594,21.257807,21.113789,18.595695,19.431292,25.113516,22.88246,27.953936,27.504324,25.939081,30.017061,27.347477,28.302301,30.665829,26.953043,24.043888,20.57994,24.468979,19.405798,24.384808,23.046785,26.626316,26.428045,29.876966,29.019337,31.213411,30.39895,27.23649,26.998013,23.890081,21.960342,16.40413,19.256401,22.98807,19.159538,15.109496,17.271502,22.052977,25.469376,25.718998,22.390455,26.179058,20.344543,23.743103,21.899313,25.032495
33,39.94883,37.415825,34.449215,30.957623,28.955074,26.576826,24.018812,21.642546,17.364786,17.706087,13.526019,15.165394,12.912293,16.00074,16.822096,15.335911,19.511232,19.40383,25.39536,25.355072,30.001612,32.42125,35.55544,29.930563,28.049267,25.73353,21.937338,18.830538,15.254544,14.300675,10.287009,6.8765097,5.5225906,0.0,5.325279,7.977156,7.5481815,7.5605435,10.902866,12.176156,12.163375,15.171475,16.186186,17.35326,17.592804,21.38487,23.428322,22.71145,24.641079,22.23208,20.556244,26.20973,26.625393,23.320585,24.719286,24.568434,20.493763,21.85272,23.667215,18.901451,16.232325,18.804775,18.255005,18.030376,13.308376,11.77382,15.170643,14.097818,14.485148,19.261574,19.675356,18.22642,18.981432,24.543762,22.02357,27.146093,27.28902,25.431307,30.09208,27.22616,28.9045,31.43765,28.36019,25.334246,21.425146,25.842548,20.360563,25.36731,23.911884,27.266058,27.356543,30.293444,29.60925,31.986122,31.066961,27.89997,27.675158,25.110224,23.839653,18.007683,21.891912,25.792366,21.798943,18.43855,21.118896,25.795013,29.085442,29.36455,26.126791,29.457457,23.6371,27.040077,24.690725,28.042305
34,36.426605,33.765907,31.2955,27.311806,25.687712,23.708769,20.992472,19.692839,15.013111,16.734356,13.207109,15.525877,13.357043,15.495208,15.022571,12.311284,16.321966,15.201937,21.650528,20.839884,25.49303,28.11724,30.88327,25.36796,23.801336,21.872053,17.652681,15.237325,11.123597,11.529765,5.9765396,5.9187946,7.1932445,5.325279,0.0,4.6205893,6.2440343,5.1484714,6.300095,8.329265,9.659466,10.894667,11.540076,13.802669,14.318125,16.810324,19.165993,19.216896,20.889078,19.160131,16.796871,21.748852,22.712915,19.684933,20.294764,19.717176,15.489064,16.849552,19.22175,14.881246,11.344402,14.789757,14.816302,15.396217,10.417057,7.889727,12.250803,11.288054,10.004935,14.91832,15.997845,14.524266,14.25754,19.840464,16.97171,22.136106,22.065088,20.143496,24.771265,22.039886,23.808832,26.559072,23.622025,20.38729,16.307222,20.717987,15.18557,20.318132,19.21469,22.74634,23.34468,26.276138,26.139048,28.810562,28.454115,25.799252,26.164974,23.877586,22.328766,17.196384,19.973904,24.624788,21.710194,18.148378,19.679451,24.635777,27.843391,27.349136,24.037758,26.436874,20.360037,23.30161,20.41191,23.677095
