,0,1,2,3,4,5,6,7,8,9,10,11,12,13,14,15,16,17,18,19,20,21,22,23,24,25,26,27,28,29,30,31,32,33,34,35,36,37,38,39,40,41,42,43,44,45,46,47,48,49,50,51,52,53,54,55,56,57,58,59,60,61,62,63,64,65,66,67,68,69,70,71,72,73,74,75,76,77,78,79,80,81,82,83,84,85,86,87,88,89,90,91,92,93,94,95,96,97,98,99,100,101,102,103,104,105,106,107,108
0,0.0,4.3880577,7.7114787,9.232343,12.805216,14.582187,18.083212,22.332941,24.277887,28.769209,32.836826,35.932796,37.270794,36.255722,35.407074,31.645151,31.15329,27.10156,25.832777,21.143703,23.57518,18.433811,20.478222,19.88668,16.725374,11.934855,13.209869,16.823578,17.544806,21.589527,23.338726,27.08966,33.119015,34.410583,36.94136,40.19748,41.838398,39.835167,36.51744,32.47607,33.24698,28.21798,28.701809,23.252855,21.876429,18.704048,18.002197,13.38804,15.152158,16.688377,20.760733,19.950558,24.918715,26.971422,27.35979,31.128447,29.119963,32.012283,36.284153,32.77392,29.805887,28.063942,24.054886,23.938862,18.977018,22.642633,18.583767,18.372894,23.126421,24.322372,25.778929,28.129047,27.629562,32.33687,33.03921,37.105278,39.036057,41.441456,44.72678,41.83294,39.46556,37.235435,34.38485,30.280764,28.016485,25.099829,19.778013,18.036299,14.12754,11.855283,12.10266,16.258692,18.786304,16.384487,17.607924,22.784845,21.871635,19.911472,22.268929,25.925415,25.89319,26.249321,27.936968,27.615389,30.31407,28.437693,32.99285,32.778763,36.91263
1,4.3880577,0.0,5.2360725,6.163827,9.287211,12.280505,14.750929,19.896303,21.31453,26.53217,30.194626,33.54139,35.09896,34.036495,33.8128,29.809246,29.764029,25.478104,24.579765,20.042381,22.533401,18.255823,19.893951,18.456182,15.388368,10.99813,10.494218,14.130465,14.512132,18.962984,20.388964,24.608786,30.28328,32.24852,34.300137,37.75917,39.426754,37.139893,34.15547,30.25499,30.240522,25.230207,25.476149,19.727598,18.547474,15.131574,14.568007,9.718246,11.57472,12.802783,16.668081,15.609256,20.794119,22.679073,23.324877,27.124233,25.118095,28.184923,32.332573,28.965054,26.111889,24.169447,20.04962,20.125063,14.961081,19.26803,15.690544,16.411173,21.091732,21.70245,22.768515,25.469755,24.727917,29.429926,30.03243,34.011166,36.060436,38.226067,41.648636,38.781277,36.603786,34.67738,31.922916,27.758759,25.788912,23.070694,18.131365,16.636978,13.060321,11.859774,12.3749275,16.031643,20.077631,17.522415,17.816906,22.85912,22.95913,20.779455,22.165228,25.884203,26.72337,27.552715,28.901628,28.079107,30.642628,27.922403,32.522213,31.763361,35.819256
2,7.7114787,5.2360725,0.0,5.275253,7.115775,8.78838,12.130213,16.801794,18.77084,23.527126,28.085308,30.789732,33.032642,32.49577,32.503983,28.890396,29.47827,25.213648,25.279451,20.995733,24.398079,20.35608,22.897285,21.517542,19.234247,14.831973,13.750849,16.257359,15.116319,20.500212,20.106522,25.341625,29.920973,32.230392,34.15863,37.42146,39.638298,37.40074,34.66696,31.000826,30.549728,26.005306,25.313875,19.638115,20.023224,16.07146,16.977497,11.758798,14.507601,14.986072,18.10741,15.6030655,21.76931,22.234676,23.399954,26.976284,24.084639,27.001247,30.738297,26.797308,24.204042,21.472479,17.540224,16.692497,12.01716,15.015497,11.215533,11.256138,15.898155,16.834553,18.341463,21.079731,21.037596,25.515078,26.725822,30.561665,32.938507,35.272984,38.812176,36.496147,34.670425,32.48603,30.235733,25.895548,23.521914,22.02307,16.558605,16.555607,12.789891,12.747453,11.6654,14.76136,19.673613,15.860469,15.25052,20.777027,21.200247,17.939701,18.644829,23.048939,24.406485,25.698708,27.402428,26.14189,29.47363,26.202692,30.759201,30.112202,33.895363
3,9.232343,6.163827,5.275253,0.0,3.8077133,6.6705594,8.906256,13.804743,15.217422,20.41345,24.09969,27.37929,29.035507,28.11371,28.1205,24.208546,24.643684,20.296484,20.21586,16.004225,19.355751,15.867564,18.317629,16.812769,15.198299,11.116105,9.804124,11.363805,9.9855795,15.357462,15.128932,20.11139,25.006342,27.136248,29.1466,32.450607,34.516,32.32355,29.47206,25.755777,25.562956,20.961876,20.498821,15.009518,15.36122,11.492464,13.107484,7.886252,11.893289,13.684879,16.17334,13.268859,18.883062,19.43407,19.657713,23.172127,20.489126,23.16889,27.361254,23.641005,20.656189,19.142815,15.354037,15.761534,11.999883,16.225153,14.002847,14.302858,17.872744,17.385296,17.875063,20.125751,18.899965,23.718508,24.062794,28.133465,30.024084,32.29154,35.62684,32.777054,30.606533,28.570133,25.933743,21.70622,19.677935,17.354841,12.402286,11.737216,8.440492,9.085552,9.161164,11.667891,17.33831,14.727019,13.894993,18.369411,19.67337,17.655138,17.916098,21.252565,22.99715,24.35299,25.21699,23.832281,26.296541,22.775932,27.342855,26.246193,30.17518
4,12.805216,9.287211,7.115775,3.8077133,0.0,5.2724695,5.485989,11.368221,12.288402,18.055557,21.58931,24.853836,26.932804,26.172743,26.838638,22.942799,24.029207,19.637766,20.311184,16.627626,20.16923,17.696232,19.99507,18.033533,16.972082,13.650029,11.159199,11.711754,9.137632,14.958321,13.364249,19.133104,23.050573,25.884846,27.396477,30.745085,33.036907,30.66468,28.237144,24.824518,23.773907,19.537268,18.379831,12.813376,14.348157,10.224464,12.907098,8.172957,12.270557,13.45959,14.98699,11.014586,17.025375,16.564232,17.123562,20.46777,17.326672,20.030611,23.967503,20.101112,17.28547,15.37521,11.5974865,12.048177,8.912817,13.263903,12.134019,12.996505,15.879038,14.592658,14.58656,17.070559,15.680985,20.433184,20.8104,24.76777,26.842485,28.959568,32.440567,29.794527,27.918886,26.071217,23.738447,19.440796,17.601053,16.077965,11.681027,12.069102,9.681058,11.601494,11.369191,12.755213,19.285555,16.47256,14.731571,18.777164,20.94082,18.643446,17.841497,21.171402,23.727255,25.513876,26.173199,24.31675,26.796595,22.504677,26.937357,25.416517,29.090773
5,14.582187,12.280505,8.78838,6.6705594,5.2724695,0.0,5.808396,8.11838,10.791052,14.767551,19.793018,22.11121,24.495836,24.308022,24.45295,21.25963,22.547485,18.49543,19.906921,16.502037,20.943237,18.127644,21.676416,20.597523,20.245153,16.51588,15.281049,15.035705,11.764502,17.441658,14.395977,20.307425,23.38889,25.593582,27.601511,30.408361,33.24202,31.345716,28.774973,25.505537,25.121017,21.521284,19.763609,15.237829,17.911873,14.033475,17.511208,12.916388,17.352484,18.726263,20.12176,15.717221,21.629353,20.240082,20.52385,23.378967,19.532494,21.500933,25.20316,20.666082,17.908472,16.155462,13.287394,12.9013195,11.708418,13.670527,12.724324,11.515526,13.303537,12.117943,12.592014,14.025556,13.19474,17.910492,18.727163,22.777597,24.794706,27.454756,30.744886,28.48156,26.610846,24.061455,22.072348,17.705223,14.978295,14.564456,9.047145,11.196911,8.575959,11.132139,9.201944,9.566558,16.318043,12.746413,10.209914,14.390063,16.730087,13.988446,12.650288,16.23995,19.031836,21.100748,22.000273,19.906118,23.084927,18.714748,23.10866,22.103067,25.619919
6,18.083212,14.750929,12.130213,8.906256,5.485989,5.808396,0.0,6.920423,6.998854,13.249628,16.53846,19.712145,22.150047,21.644453,22.981646,19.316023,21.25131,17.057428,18.915651,16.24942,20.148487,19.009127,21.504509,19.522793,19.668306,17.172113,14.434706,13.14596,9.080428,14.603745,10.5172415,17.042864,19.258202,22.608091,23.712194,26.854897,29.59066,27.260502,25.27806,22.364147,20.674461,17.354063,15.057127,10.396571,14.132484,10.421843,14.771858,11.381949,15.567196,16.703688,16.797544,11.703717,17.119524,14.895476,15.120237,17.758171,13.7456,15.835314,19.543655,15.235178,12.426543,10.921918,8.041285,9.100875,9.259467,12.4794655,13.524234,14.149087,15.142539,12.246729,10.997541,12.866509,10.574553,15.379564,15.382341,19.371567,21.36939,23.485743,26.96245,24.446,22.774246,20.967495,19.00468,14.683878,13.028495,12.773677,9.585825,11.60947,10.834706,14.087109,13.568317,13.184091,20.323637,17.786175,15.05092,17.751432,21.149786,19.130234,16.931839,19.531979,23.110123,25.386114,25.504065,23.069689,25.284702,20.090075,24.172333,22.10946,25.38132
7,22.332941,19.896303,16.801794,13.804743,11.368221,8.11838,6.920423,0.0,4.3493276,6.78063,12.112607,14.010921,16.781656,17.07975,17.979713,15.402296,17.936789,14.525678,17.716015,16.118134,20.759064,19.984877,23.569843,22.576414,23.785471,21.254707,19.699047,17.434347,13.052895,17.515985,11.735603,17.657475,18.13482,20.523178,22.166183,24.396996,27.884512,26.298931,24.278719,21.82932,21.054714,19.035757,15.995608,13.732817,18.478455,15.543725,20.457047,17.373415,21.92635,23.514706,23.444986,18.26786,22.975046,19.94325,19.398314,21.066355,16.576822,17.132933,20.37687,15.504259,12.900567,12.841697,12.162136,12.652968,15.135216,15.991542,17.61198,16.463842,15.531601,12.087047,10.551637,9.712291,6.8683696,11.553861,11.3459015,15.583202,17.045162,19.953152,22.953003,20.759306,18.980135,16.171272,14.72978,10.441808,7.50298,9.782691,7.023806,11.4648695,11.74275,15.558539,14.07527,11.72995,18.459146,16.173258,12.606566,13.403106,17.825956,16.328632,12.821659,14.202613,18.640905,21.3544,21.057713,18.095474,20.442265,14.655889,18.320864,16.398382,19.254477
8,24.277887,21.31453,18.77084,15.217422,12.288402,10.791052,6.998854,4.3493276,0.0,7.2463155,9.652273,12.831001,15.378104,15.187509,17.239975,14.129715,17.13427,13.677877,17.056063,16.083382,20.092487,20.521614,23.243412,21.681572,23.228907,21.548191,19.241034,16.356176,11.824985,15.591338,9.053742,15.125458,14.698707,18.093344,18.942682,21.491127,24.861166,22.915264,21.37247,19.247412,17.43498,15.818657,12.271864,10.593215,16.037277,13.641976,18.853106,16.776451,20.97149,22.494959,21.619633,16.39341,20.218239,16.716923,15.80515,17.058403,12.5406885,12.81368,16.179403,11.518357,8.66726,9.84636,9.849136,11.640931,14.847329,16.529453,19.011303,18.957945,18.070976,13.948646,11.359287,10.947201,6.609406,11.03762,9.50163,13.745605,14.97292,17.326284,20.457699,17.785254,16.033337,14.008819,12.418079,8.151759,6.873552,8.928612,8.832439,12.281066,13.545738,17.467133,16.908602,14.702394,21.482313,19.873142,16.566532,16.877365,21.537928,20.522486,17.11628,17.94525,22.436384,25.064003,24.266768,21.318785,22.733938,16.726833,20.021318,17.217184,19.85426
9,28.769209,26.53217,23.527126,20.41345,18.055557,14.767551,13.249628,6.78063,7.2463155,0.0,7.5624113,7.5310607,10.865376,12.23233,13.551619,12.556621,16.083895,14.137429,18.502474,18.563,22.954803,23.388466,27.025518,26.430902,28.548378,26.611607,25.302805,22.20455,17.84839,20.90989,14.296081,18.838533,16.787903,18.574064,20.03741,21.219093,25.337074,24.403316,22.889534,21.409575,20.835886,20.510418,16.874361,17.052326,22.393406,20.349304,25.568806,23.277533,27.762238,29.513308,28.846457,23.613295,27.354013,23.594873,22.437,23.024406,18.571684,17.643982,20.034046,15.415695,13.514602,15.170654,16.299675,17.048471,20.981964,20.9898,23.468512,22.029415,19.798542,15.880134,13.693278,10.745369,7.362787,9.64219,8.012661,11.797987,12.038749,15.462555,17.703285,15.794497,14.101606,10.532927,10.23349,7.0584044,4.0688577,10.009259,10.645485,15.170703,16.745857,20.577541,19.173504,15.78925,21.299017,19.956884,16.320236,14.584966,19.766811,19.3088,14.987279,14.149041,19.231642,22.167994,20.98804,17.609495,19.096582,12.794926,15.014321,12.520481,14.174581
10,32.836826,30.194626,28.085308,24.09969,21.58931,19.793018,16.53846,12.112607,9.652273,7.5624113,0.0,5.6288934,6.387535,6.4261813,10.463393,9.092162,13.470033,12.432594,17.04104,18.65439,21.790936,24.233688,26.672834,25.724657,28.662413,28.052032,26.308035,22.27034,18.296791,19.408283,12.75181,15.39689,10.660904,13.069069,13.340259,14.305756,18.540695,17.581104,16.91007,16.513432,15.156649,16.553923,12.638857,15.4563055,20.852245,20.160946,25.359146,24.609125,28.585966,30.589674,28.992113,24.196218,26.125944,22.267149,20.005014,19.475323,15.951512,13.646374,15.848495,12.721636,11.042509,15.556019,17.599222,19.842113,24.05411,25.241283,28.350195,27.971346,26.089113,21.640179,18.602535,16.328918,11.843811,13.084259,8.91449,11.644019,9.909781,12.145132,13.628497,9.855187,7.1020627,4.5231385,3.5298831,2.9418242,5.8597674,9.706839,14.121078,17.092901,20.035736,23.86303,23.689875,20.324337,25.594091,25.54898,22.38319,19.925499,25.275513,25.880133,22.027878,20.328146,25.038239,27.628126,25.487288,22.395716,21.91872,15.922495,17.144358,13.137002,14.120825
11,35.932796,33.54139,30.789732,27.37929,24.853836,22.11121,19.712145,14.010921,12.831001,7.5310607,5.6288934,0.0,5.537903,8.443824,11.536655,12.424671,16.67718,16.424152,21.21763,22.793692,26.353113,28.225952,31.295374,30.705078,33.528564,32.41714,30.931173,27.172047,23.014538,24.68415,17.95368,20.807243,15.965057,17.481304,17.934908,17.86587,22.398552,22.050465,21.615305,21.54603,20.582346,22.175226,18.241846,20.652029,26.185486,25.093592,30.369219,29.061636,33.241924,35.018448,33.603973,28.50469,31.017878,26.715322,25.020435,24.420351,20.510616,18.180332,19.328321,15.886489,15.068216,18.3132,20.777994,22.056973,26.873503,26.752611,30.02648,28.952032,26.147266,21.83504,19.048475,15.675211,12.31307,11.833828,8.413678,9.908525,7.5423813,10.7734375,11.534919,9.749462,8.474106,4.559484,7.233443,7.770745,8.287685,13.754778,16.985481,20.77347,23.248652,27.058046,26.122347,22.454544,27.212402,26.738762,23.298412,20.343246,25.650238,25.992887,21.587591,19.480747,24.433674,27.251244,25.25624,21.922712,21.980467,16.098375,16.330036,13.015386,12.541628
12,37.270794,35.09896,33.032642,29.035507,26.932804,24.495836,22.150047,16.781656,15.378104,10.865376,6.387535,5.537903,0.0,3.7713525,6.9048743,8.906421,12.912172,13.9507885,18.59033,21.18153,24.063889,26.770079,29.533882,29.360723,32.780975,32.23086,31.237167,27.018263,23.361023,23.804396,17.808048,18.864689,13.704549,13.531554,14.506736,13.547152,18.11088,18.523525,17.855427,18.246855,18.536722,20.77772,17.54071,21.122402,26.035154,25.65852,30.738043,29.984241,34.126766,36.475887,35.05086,30.381142,32.14059,28.506556,25.920034,25.131586,22.059662,19.390253,21.101835,18.580593,17.286364,21.77653,23.90656,25.87392,30.10124,30.89776,33.81473,32.80055,30.554874,26.377808,23.658386,20.593061,16.79982,17.123154,13.331501,14.917143,11.903058,14.193993,13.845656,10.496337,7.509647,3.8392212,4.785703,7.852043,9.524524,12.932028,17.626398,20.465313,23.683144,27.243486,26.922209,23.03419,26.945665,27.676588,24.753187,20.838896,26.109943,27.654005,23.841267,20.691252,25.073217,27.47682,24.678068,21.718494,20.236225,15.041765,14.466833,10.476652,9.62878
13,36.255722,34.036495,32.49577,28.11371,26.172743,24.308022,21.644453,17.07975,15.187509,12.23233,6.4261813,8.443824,3.7713525,0.0,5.57462,6.214633,10.201797,11.421181,15.817095,18.845495,21.173712,24.511084,26.782389,26.56306,30.231138,30.14798,29.190283,24.731955,21.42851,21.095776,15.629048,15.680444,10.457803,9.778611,10.949868,10.157755,14.645448,15.037299,14.108295,14.565167,15.257006,17.695742,14.894063,19.06378,23.535952,23.637524,28.51347,28.242117,32.206173,34.812565,33.30335,28.986486,30.184761,27.036657,23.943228,23.125046,20.627953,17.93891,20.215986,18.22042,16.523466,21.702988,23.522049,26.03517,29.787159,31.381819,34.124092,33.461628,31.765516,27.572561,24.774767,22.239365,17.98156,19.042467,14.9490385,16.961603,14.1237335,15.916286,15.769858,11.366419,7.4643526,5.344817,3.1179066,7.0427403,9.6818075,11.256206,16.871475,18.893454,22.527632,25.95894,26.215525,22.482891,26.371267,27.634228,25.011013,21.188395,26.398064,28.329428,24.948885,21.848623,25.934795,28.101927,25.072704,22.375042,20.243032,15.288012,15.13308,10.723,10.860964
14,35.407074,33.8128,32.503983,28.1205,26.838638,24.45295,22.981646,17.979713,17.239975,13.551619,10.463393,11.536655,6.9048743,5.57462,0.0,4.9936724,7.161318,9.817836,13.805614,17.074429,19.530252,22.353037,25.25057,25.943552,29.749744,29.363178,29.398502,25.085062,22.149931,21.742023,17.161324,16.614687,13.693903,10.593172,13.819065,12.669848,16.538181,17.709888,15.527741,15.258626,18.162996,19.724764,17.820354,21.307613,25.092752,25.043617,29.694504,28.981485,33.230427,36.294296,35.417946,31.26215,32.89788,30.428635,27.2093,26.968632,24.508232,22.334913,25.207441,22.80937,20.62155,25.351929,26.503727,28.76604,31.841589,33.518555,35.528576,34.244465,32.84369,29.203646,26.977755,24.272945,20.426205,22.041506,18.578331,21.043928,18.505201,20.844954,20.629408,16.705599,12.970392,10.150511,7.839657,9.859682,10.786635,11.041835,16.022123,17.656693,21.295095,24.276272,24.466082,20.476978,23.011606,25.103104,22.995846,18.225746,23.070425,25.97207,23.185772,19.13333,22.485569,24.258593,20.747313,18.431515,15.357615,11.386258,10.499077,6.220356,6.8117337
15,31.645151,29.809246,28.890396,24.208546,22.942799,21.25963,19.316023,15.402296,14.129715,12.556621,9.092162,12.424671,8.906421,6.214633,4.9936724,0.0,4.436007,5.409796,9.768187,12.931885,15.330765,18.500587,20.987373,21.26955,25.055042,24.911697,24.679007,20.24388,17.432981,16.767359,12.38222,11.724709,9.901722,7.3816533,11.046919,11.455695,14.946443,15.195949,12.435632,11.242649,14.092735,14.950993,13.301691,16.60468,20.131308,20.229101,24.78297,24.330427,28.440386,31.59146,30.689165,26.768234,28.19193,26.13879,22.728403,22.778597,20.567047,18.783634,22.340296,20.016209,17.346764,22.25307,22.93703,25.611958,28.152987,30.581375,32.433422,31.648628,30.854393,27.177853,24.872631,22.897034,18.628351,21.107834,17.548147,20.62783,18.680317,20.822725,21.414253,16.902393,12.909609,10.68576,6.804497,7.3770337,8.8075285,6.8938413,12.776109,13.719501,17.670893,20.724173,21.462591,17.842073,21.233017,23.254135,21.232763,17.399483,22.27382,24.871294,22.37771,19.230589,22.615221,24.36856,21.195724,18.944069,16.311138,11.816777,12.780366,8.527254,10.956834
16,31.15329,29.764029,29.47827,24.643684,24.029207,22.547485,21.25131,17.936789,17.13427,16.083895,13.470033,16.67718,12.912172,10.201797,7.161318,4.436007,0.0,4.478453,6.957908,10.932785,12.585534,16.004719,18.412634,19.45065,23.519905,23.614517,24.208477,19.838852,17.855274,16.378067,13.747477,11.5748005,12.074153,7.6460056,12.509145,12.825631,15.285816,16.000854,12.270962,10.439981,15.312723,15.538281,15.176745,18.130413,20.48871,20.90567,24.884188,24.559256,28.5722,32.17407,31.657093,28.252321,29.470867,28.286613,24.58143,24.957542,23.28879,21.864574,25.822184,23.711164,20.77974,25.583033,25.714497,28.4742,30.237188,33.15937,34.429306,33.533493,33.27854,29.994522,28.01513,26.275364,22.165138,25.054363,21.722801,24.969107,23.10775,25.242994,25.748884,21.131023,17.053667,15.035,11.185733,11.484294,12.290376,8.554493,13.631457,13.214954,17.314009,19.69849,20.951494,17.517387,19.681908,22.747828,21.458889,17.356663,21.596375,25.050806,23.391981,19.912172,22.380733,23.581356,20.053852,18.462778,14.805676,11.834244,12.784571,9.373116,12.338084
17,27.10156,25.478104,25.213648,20.296484,19.637766,18.49543,17.057428,14.525678,13.677877,14.137429,12.432594,16.424152,13.9507885,11.421181,9.817836,5.409796,4.478453,0.0,4.7995996,7.529945,10.247102,13.126617,15.714036,16.208294,19.940315,19.739819,19.996958,15.68059,13.443072,12.581164,9.697013,8.776041,11.000557,8.73932,12.957474,14.591604,17.012835,16.669106,12.9300585,10.041659,13.862778,12.792542,12.33537,14.194537,16.610725,16.633032,20.743008,20.155916,24.27469,27.810278,27.428295,23.97118,25.562157,24.5295,21.051815,21.921944,20.02766,19.195189,23.567883,21.104324,17.855694,22.198875,21.855433,24.638456,25.983433,29.212824,30.304407,29.655136,29.771965,26.574173,24.683264,23.470346,19.34036,22.830122,19.802446,23.479342,22.293154,24.49261,25.718302,21.168818,17.291372,15.250787,11.158718,9.818666,10.188718,4.8340044,9.8478775,9.119228,13.339168,15.999076,17.406652,14.271213,17.624086,20.061565,18.634241,15.603811,19.912832,22.67527,21.07963,18.58755,21.294722,22.682333,19.795937,18.019228,15.603883,11.74893,14.16209,10.919053,14.572461
18,25.832777,24.579765,25.279451,20.21586,20.311184,19.906921,18.915651,17.716015,17.056063,18.502474,17.04104,21.21763,18.59033,15.817095,13.805614,9.768187,6.957908,4.7995996,0.0,4.711041,5.7503395,9.517536,11.481366,12.674838,16.747849,17.101683,18.190838,14.032998,13.201476,11.057173,11.133838,8.406676,13.409181,10.506553,14.899365,16.814629,18.103228,17.754812,13.377293,9.691637,14.8518915,12.773197,13.959591,15.161272,15.789768,16.33621,19.447996,19.265192,23.004282,27.011429,27.015549,24.386232,25.517712,25.643642,21.91048,23.171349,22.066498,21.730131,26.45834,24.388245,20.966602,25.121243,24.145983,27.095284,27.426886,31.384085,31.85883,31.397484,32.262905,29.469545,27.859997,27.148918,23.155338,27.014618,24.158007,27.944456,26.90992,28.956787,30.239988,25.49524,21.564405,19.889053,15.702925,14.385103,14.6562605,8.685381,11.888005,9.017747,13.093173,14.715818,17.104033,14.748576,17.025183,20.357323,19.814379,17.282047,20.644842,23.89636,23.268692,21.008465,22.782442,23.58779,20.715511,19.675705,16.80816,14.451951,17.013285,14.523834,18.331715
19,21.143703,20.042381,20.995733,16.004225,16.627626,16.502037,16.24942,16.118134,16.083382,18.563,18.65439,22.793692,21.18153,18.845495,17.074429,12.931885,10.932785,7.529945,4.711041,0.0,5.125291,5.7225223,8.935958,10.086889,13.361587,12.809596,14.325195,10.777343,10.243174,9.430533,10.439519,9.823588,16.023235,14.551435,18.410896,20.839489,22.219625,21.33294,17.163889,13.147989,17.051683,13.625886,14.825175,14.021177,14.062739,13.771835,16.55394,15.559713,19.502808,23.577894,24.212433,21.714064,23.621376,24.218666,21.038162,23.041655,21.65937,22.133757,27.081678,24.54146,20.94342,24.068071,22.351765,24.975504,24.4266,28.608633,28.451406,27.981384,29.443567,27.147831,25.99087,25.817472,22.257603,26.620773,24.413494,28.504642,28.138891,30.372715,32.19222,27.75835,24.099194,22.16795,18.148375,15.758338,15.169452,9.14473,9.664598,5.3965635,8.9347105,10.1599655,12.963977,11.364986,14.121973,17.013798,16.802526,15.577099,18.348434,21.06279,21.003086,19.739481,21.195225,21.922028,19.811796,18.912407,17.267965,14.913147,18.418789,16.556591,20.748241
20,23.57518,22.533401,24.398079,19.355751,20.16923,20.943237,20.148487,20.759064,20.092487,22.954803,21.790936,26.353113,24.063889,21.173712,19.530252,15.330765,12.585534,10.247102,5.7503395,5.125291,0.0,6.3138123,5.947761,7.64415,11.93753,13.228364,14.989577,11.37922,12.494511,9.183126,12.738949,9.463496,16.628592,14.537227,18.200262,20.718405,21.01851,20.173683,15.7795105,11.671393,16.469341,13.026317,15.674428,15.603173,14.023585,15.07189,16.673887,17.084753,20.076895,24.457222,24.888239,23.360254,23.95399,25.46055,21.726162,23.535572,23.263407,23.675344,28.691256,26.997,23.467207,27.125593,25.407331,28.493525,27.613558,32.416264,32.258453,32.27433,34.032993,31.657839,30.311937,30.359959,26.532501,30.799124,28.206287,32.128254,31.482763,33.320972,34.921604,30.076878,26.268934,24.987232,20.75699,19.060785,19.276922,13.057768,14.658798,10.263609,13.353394,13.716969,17.199276,16.199139,18.010227,21.486715,21.693218,20.41912,22.809687,25.853273,26.072945,24.643007,25.770401,26.164694,23.783281,23.271152,20.775055,19.164547,22.111933,20.05423,23.984573
21,18.433811,18.255823,20.35608,15.867564,17.696232,18.127644,19.009127,19.984877,20.521614,23.388466,24.233688,28.225952,26.770079,24.511084,22.353037,18.500587,16.004719,13.126617,9.517536,5.7225223,6.3138123,0.0,5.6424036,8.466707,10.631245,9.635108,13.106899,11.193587,12.472384,11.755978,14.942432,14.248849,21.301805,19.716444,23.543312,26.035961,26.892538,26.001188,21.691263,17.544403,21.600973,17.511093,19.468294,17.596956,15.996625,15.589425,16.752909,15.473982,18.823643,23.179184,24.729313,23.189781,25.191782,26.927437,24.076601,26.599527,25.607086,26.665564,31.73089,29.219252,25.58572,27.986618,25.59067,27.91372,26.12903,30.677315,29.542255,29.035053,31.363247,29.842312,29.263018,29.564743,26.508362,31.133303,29.385538,33.58716,33.52034,35.811535,37.789562,33.4199,29.802694,27.83513,23.855616,21.309708,20.352343,14.601015,13.344609,8.539993,9.728627,8.548185,12.305151,12.339055,13.223659,16.644556,17.683966,17.519272,18.704058,21.542057,22.767689,22.083036,22.353134,22.38466,20.821548,20.766125,19.437008,18.507198,22.137482,21.12251,25.408762
22,20.478222,19.893951,22.897285,18.317629,19.99507,21.676416,21.504509,23.569843,23.243412,27.025518,26.672834,31.295374,29.533882,26.782389,25.25057,20.987373,18.412634,15.714036,11.481366,8.935958,5.947761,5.6424036,0.0,4.3919144,7.4016156,9.263471,12.251576,10.36459,13.283025,10.488446,15.938133,13.714115,21.501923,20.20237,23.39312,26.255838,26.20889,24.989891,20.830725,16.719522,20.551735,16.174683,19.289112,17.640642,14.356974,15.20357,14.979455,15.401857,17.50774,22.080729,23.317196,22.890331,23.480015,26.2326,22.995577,25.453585,25.565304,26.770363,31.889023,30.212494,26.657543,29.412487,26.937733,29.800926,27.643757,32.96924,31.989956,32.30084,34.94016,33.191475,32.29952,33.02652,29.618334,34.22445,32.1199,36.18896,36.032444,37.85652,39.827972,35.106873,31.481562,30.230053,26.070244,23.861265,23.69592,17.616865,17.515202,12.580753,14.028002,12.92552,17.050713,17.51581,18.796576,21.991318,22.924805,22.986305,24.33217,26.925762,28.00102,27.483343,27.97558,28.015734,26.334532,26.254044,24.476229,23.373335,26.75117,25.179874,29.302452
23,19.88668,18.456182,21.517542,16.812769,18.033533,20.597523,19.522793,22.576414,21.681572,26.430902,25.724657,30.705078,29.360723,26.56306,25.943552,21.26955,19.45065,16.208294,12.674838,10.086889,7.64415,8.466707,4.3919144,0.0,4.6970916,8.058618,9.208079,7.006125,10.686927,7.3761525,13.84305,12.077321,19.970903,19.927141,22.29283,25.675034,25.580557,23.731833,20.050854,15.988817,18.390295,13.484487,16.786335,14.552809,10.418965,11.683512,10.905431,12.273355,13.8781595,18.416227,19.262524,19.16686,19.233892,22.333567,19.149342,21.759958,22.24356,23.781366,28.863287,27.495975,24.04812,26.623108,24.031864,27.14554,24.834774,30.563965,29.867651,30.83271,33.557343,31.58328,30.466213,31.623253,28.108025,32.705307,30.591658,34.56572,34.64657,36.171722,38.39788,33.708664,30.335552,29.495213,25.432848,23.027445,23.190987,17.336374,17.432697,12.769658,14.156163,13.689641,17.770882,18.439472,21.152668,23.414036,23.81082,24.459467,26.296143,28.109154,28.706133,28.750128,29.872763,30.309618,28.84485,28.313702,26.98669,24.93082,28.502502,26.435976,30.491564
24,16.725374,15.388368,19.234247,15.198299,16.972082,20.245153,19.668306,23.785471,23.228907,28.548378,28.662413,33.528564,32.780975,30.231138,29.749744,25.055042,23.519905,19.940315,16.747849,13.361587,11.93753,10.631245,7.4016156,4.6970916,0.0,5.0962496,6.4909697,7.1748357,11.544546,10.088363,16.286055,15.943261,23.635757,24.231941,26.356783,29.921942,29.95123,27.847155,24.405977,20.382439,21.943102,16.70028,19.647402,16.115404,11.445754,11.830258,9.397413,10.282033,10.905861,15.420121,17.148064,17.888052,18.411655,22.265324,19.919964,23.061848,23.490015,25.67264,30.65263,29.10675,25.748913,27.305977,24.136505,26.854076,23.518158,29.48094,28.1371,29.393293,32.75654,31.321861,30.612349,32.32817,29.293194,34.054092,32.46537,36.496193,37.057205,38.614555,41.187023,36.767864,33.639084,32.70875,28.82124,25.958708,25.734095,20.289972,19.123724,14.6568,14.702161,13.500385,17.52428,19.225508,22.005554,23.514017,24.182196,25.941366,27.19077,28.297436,29.317417,30.209589,31.090794,31.454752,30.623417,30.19503,29.636713,27.602802,31.518566,29.736874,33.912457
25,11.934855,10.99813,14.831973,11.116105,13.650029,16.51588,17.172113,21.254707,21.548191,26.611607,28.052032,32.41714,32.23086,30.14798,29.363178,24.911697,23.614517,19.739819,17.101683,12.809596,13.228364,9.635108,9.263471,8.058618,5.0962496,0.0,5.3104177,7.5399375,10.709618,11.765782,16.307442,17.608229,24.930923,25.581564,28.095488,31.513746,32.224186,30.253016,26.690619,22.534943,24.10604,18.858717,20.85243,16.530762,13.216854,11.922193,10.53207,8.664785,10.630206,14.855363,17.474659,17.329617,19.6684,22.783155,21.156721,24.59096,23.98223,26.346424,31.282806,28.921112,25.507439,26.23409,22.762487,24.784948,21.094025,26.57865,24.624916,25.347271,28.941782,28.043085,27.85618,29.603973,27.13284,32.036938,31.033543,35.21555,36.11835,38.059357,40.82692,36.801083,33.788136,32.29254,28.61833,25.261808,24.278366,19.331827,16.617016,12.500272,11.19598,9.334233,13.114013,15.516766,18.352009,19.149141,20.019577,22.570581,23.31886,23.914154,25.300608,26.758097,27.383154,27.735422,27.480555,27.089817,27.402348,25.420292,29.651386,28.373571,32.666862
26,13.209869,10.494218,13.750849,9.804124,11.159199,15.281049,14.434706,19.699047,19.241034,25.302805,26.308035,30.931173,31.237167,29.190283,29.398502,24.679007,24.208477,19.996958,18.190838,14.325195,14.989577,13.106899,12.251576,9.208079,6.4909697,5.3104177,0.0,4.8658066,8.015749,9.854114,14.031369,16.30611,22.993416,24.92753,26.563969,30.357801,31.14785,28.637884,25.692131,21.797707,21.788366,16.414734,18.039345,12.929292,9.38119,7.644468,5.5594068,3.9120014,5.7566237,10.145821,12.272474,12.190359,14.457731,17.709969,16.476065,20.121986,19.660799,22.437757,27.182753,25.084894,21.887472,22.229723,18.62312,20.935547,17.135414,23.166412,21.810875,23.473148,26.95481,25.6133,25.048594,27.28513,24.689919,29.470932,28.471634,32.461792,33.636097,35.219868,38.24699,34.36645,31.721964,30.67502,27.241741,23.753014,23.161985,18.775896,16.543896,13.229836,12.267861,11.947309,15.066213,17.099457,21.549711,21.426334,21.37004,24.186932,25.764093,25.563274,26.062725,27.958254,29.470121,30.354042,30.120949,29.14828,29.728407,26.685719,30.951656,29.086756,33.18815
27,16.823578,14.130465,16.257359,11.363805,11.711754,15.035705,13.14596,17.434347,16.356176,22.20455,22.27034,27.172047,27.018263,24.731955,25.085062,20.24388,19.838852,15.68059,14.032998,10.777343,11.37922,11.193587,10.36459,7.006125,7.1748357,7.5399375,4.8658066,0.0,4.539184,5.0665097,9.691927,11.44464,18.246601,20.090727,21.728983,25.50057,26.317642,23.87158,20.874725,16.994661,17.146244,11.817067,13.5847225,9.220767,5.9396,5.0772157,5.838446,6.030639,8.991054,13.167318,13.787147,12.565487,14.047134,16.39297,14.030614,17.245462,16.797148,18.998837,23.98642,22.058157,18.67164,20.240532,17.284746,20.271914,17.880049,23.690342,23.30023,24.699875,27.346735,25.227715,24.05808,25.710352,22.433977,27.1029,25.465322,29.438656,30.15706,31.668661,34.428364,30.248314,27.39567,26.499458,22.88895,19.699123,19.580292,14.771331,13.900944,10.407535,11.044695,11.857211,15.112399,15.925917,20.736834,21.269617,20.753551,22.434618,24.83449,25.276857,25.1473,26.203629,28.176205,29.251406,28.378593,27.158377,27.076044,23.686384,27.692478,25.387072,29.373028
28,17.544806,14.512132,15.116319,9.9855795,9.137632,11.764502,9.080428,13.052895,11.824985,17.84839,18.296791,23.014538,23.361023,21.42851,22.149931,17.432981,17.855274,13.443072,13.201476,10.243174,12.494511,12.472384,13.283025,10.686927,11.544546,10.709618,8.015749,4.539184,0.0,5.8774877,6.2529054,10.449651,15.910176,18.351469,19.885035,23.542246,25.08673,22.660696,19.921968,16.285955,15.794308,11.00387,11.196117,6.3321924,6.6542497,4.021834,8.271626,6.9348674,11.112642,14.394086,14.480512,11.4771385,14.171755,14.723656,12.59469,15.619203,13.95859,15.975719,20.912333,18.331654,14.848017,16.364735,13.6602955,16.633871,15.258076,20.509106,20.747679,21.874847,23.86755,21.319529,19.903,21.313255,17.916143,22.584324,21.000608,25.027674,25.864187,27.534824,30.405376,26.485826,23.802988,22.669664,19.323004,15.778916,15.4596,11.365868,10.393078,8.205965,9.186129,11.445796,13.71653,13.729241,19.60922,19.49306,18.195457,19.723654,22.790922,22.83092,21.94697,23.052494,25.668257,27.169785,26.324217,24.63031,24.966743,20.798325,24.828579,22.352432,26.183256
29,21.589527,18.962984,20.500212,15.357462,14.958321,17.441658,14.603745,17.515985,15.591338,20.90989,19.408283,24.68415,23.804396,21.095776,21.742023,16.767359,16.378067,12.581164,11.057173,9.430533,9.183126,11.755978,10.488446,7.3761525,10.088363,11.765782,9.854114,5.0665097,5.8774877,0.0,7.0190115,6.56505,13.713431,15.438384,16.880655,20.696695,21.295809,18.8539,15.849183,12.045241,12.358612,7.1021194,9.624335,7.437875,4.9168806,6.6174064,8.883642,10.565417,13.164419,16.99818,16.429377,14.793897,14.873511,16.403135,12.784035,15.110785,15.136688,16.448416,21.553057,20.200012,16.788681,19.900139,17.886286,21.493685,20.477123,25.958494,26.46127,27.750074,29.62019,26.798958,25.007177,26.04688,22.084766,26.399311,23.963705,27.747149,27.845583,29.112823,31.473425,26.874693,23.778114,23.293037,19.463257,16.947302,17.701242,12.48965,13.906173,10.618342,13.015298,14.598907,17.740925,17.383621,22.093151,23.35381,22.482845,22.86243,26.00387,27.13124,26.412737,26.509281,28.882742,30.084986,28.500208,27.089293,26.102839,22.477276,25.97602,23.095308,26.817875
30,23.338726,20.388964,20.106522,15.128932,13.364249,14.395977,10.5172415,11.735603,9.053742,14.296081,12.75181,17.95368,17.808048,15.629048,17.161324,12.38222,13.747477,9.697013,11.133838,10.439519,12.738949,14.942432,15.938133,13.84305,16.286055,16.307442,14.031369,9.691927,6.2529054,7.0190115,0.0,6.6536493,9.9182415,13.013104,14.122766,17.689306,19.6998,17.3362,14.980123,11.949591,10.812677,7.4636292,5.9243345,4.556758,8.54291,8.038693,12.946947,12.906572,16.599915,19.423649,18.30715,14.617481,16.137064,14.909285,11.734178,13.349508,11.295151,11.836098,16.830536,14.450121,10.852719,14.538349,13.485252,17.041935,17.9357,22.219738,23.765104,24.619576,25.31927,21.794409,19.495682,19.901016,15.569826,19.64425,16.99645,20.813635,20.927183,22.41817,24.90693,20.622278,17.735817,16.914999,13.454602,10.380701,11.254923,7.4153056,9.979753,9.342157,12.245266,15.415626,17.102009,15.526015,21.418535,21.786715,19.798698,19.651987,23.817268,24.41003,22.479845,22.43358,25.828522,27.672861,26.076838,23.921635,23.489069,18.588928,21.933702,18.632265,21.9708
31,27.08966,24.608786,25.341625,20.11139,19.133104,20.307425,17.042864,17.657475,15.125458,18.838533,15.39689,20.807243,18.864689,15.680444,16.614687,11.724709,11.5748005,8.776041,8.406676,9.823588,9.463496,14.248849,13.714115,12.077321,15.943261,17.608229,16.30611,11.44464,10.449651,6.56505,6.6536493,0.0,7.918711,8.953945,10.524786,14.178395,14.947681,12.830657,9.572374,5.8772683,7.364342,4.391532,6.5565104,9.106711,9.822112,11.757322,15.045679,16.605783,19.471962,22.951097,21.677671,19.2872,18.857483,18.830376,14.488857,15.259405,15.181126,14.839281,19.680891,18.75235,15.520838,20.349697,19.675453,23.503927,24.154783,28.790949,30.169367,31.014357,31.859343,28.374195,26.020498,26.067577,21.52108,25.16504,21.836912,25.274303,24.456951,25.566711,27.244387,22.207125,18.714571,18.56284,14.516426,13.213096,15.062997,9.970324,14.291721,12.099078,15.867471,18.181488,20.772722,19.07011,23.448051,25.337145,24.018791,22.75938,26.71435,28.566847,27.118961,25.982155,28.810944,30.190706,27.80583,26.130102,24.135733,20.257778,22.87751,19.339537,22.527391
32,33.119015,30.28328,29.920973,25.006342,23.050573,23.38889,19.258202,18.13482,14.698707,16.787903,10.660904,15.965057,13.704549,10.457803,13.693903,9.901722,12.074153,11.000557,13.409181,16.023235,16.628592,21.301805,21.501923,19.970903,23.635757,24.930923,22.993416,18.246601,15.910176,13.713431,9.9182415,7.918711,0.0,6.335755,4.55262,8.305364,10.552055,8.223249,7.426025,7.4228125,4.84293,8.094307,6.040025,11.943455,15.2758665,16.783348,20.900026,22.304535,25.232168,27.88432,25.713634,22.447681,21.79953,19.693901,15.564897,14.51344,13.882387,11.526474,15.15594,14.909656,12.609519,18.75862,19.817755,23.629993,26.206636,29.689116,32.315224,33.113655,32.7109,28.442595,25.368473,24.612074,19.727602,22.037867,17.85396,20.368877,18.694065,19.183802,20.25902,14.9502325,11.523229,12.583269,9.2098465,9.865035,13.36794,11.249092,17.15124,17.117464,20.965084,24.083136,25.720371,23.168236,27.995325,29.360786,27.185158,25.084558,29.899342,31.463087,28.840727,27.179415,30.932745,32.831673,30.166233,27.865713,25.801695,21.026712,22.572855,18.261654,20.138193
33,34.410583,32.24852,32.230392,27.136248,25.884846,25.593582,22.608091,20.523178,18.093344,18.574064,13.069069,17.481304,13.531554,9.778611,10.593172,7.3816533,7.6460056,8.73932,10.506553,14.551435,14.537227,19.716444,20.20237,19.927141,24.231941,25.581564,24.92753,20.090727,18.351469,15.438384,13.013104,8.953945,6.335755,0.0,5.0888147,6.329363,8.289001,8.373016,5.090959,5.203308,9.010296,11.416939,11.236701,16.269413,18.546705,20.143343,23.92142,25.04711,28.275536,31.577063,30.040312,27.031218,26.654043,25.317596,21.031708,20.424162,19.891117,17.790747,21.392267,20.777056,18.288013,24.16286,24.876608,28.410067,30.585861,34.03983,36.093315,36.216984,35.914825,31.98876,29.29619,28.009626,23.298002,25.733309,21.63238,24.286858,22.083174,23.105537,23.426254,18.107811,14.078014,14.147346,10.321466,11.886876,14.713502,11.512745,17.742958,17.085285,21.354939,24.004253,25.814983,22.882563,26.25193,28.774504,27.13204,23.910814,28.439732,31.15445,29.026262,26.27991,29.3622,30.825842,27.526358,25.68238,22.392353,18.763771,19.588827,15.490883,17.343855
34,36.94136,34.300137,34.15863,29.1466,27.396477,27.601511,23.712194,22.166183,18.942682,20.03741,13.340259,17.934908,14.506736,10.949868,13.819065,11.046919,12.509145,12.957474,14.899365,18.410896,18.200262,23.543312,23.39312,22.29283,26.356783,28.095488,26.563969,21.728983,19.885035,16.880655,14.122766,10.524786,4.55262,5.0888147,0.0,4.2998185,6.038592,4.426236,4.5531893,7.070845,6.473762,10.992836,10.212107,16.222284,18.802141,20.792648,24.505571,26.26904,29.015217,31.84901,29.613132,26.698704,25.471258,23.651495,19.317461,17.828102,17.898058,15.205995,18.111416,18.601688,16.73962,23.02055,24.298796,28.102978,30.752308,34.195435,36.84554,37.527485,37.0074,32.7108,29.607082,28.536058,23.67438,25.570913,21.170525,23.219704,20.898108,21.084093,21.305717,15.830733,12.301311,13.923186,10.908961,12.982283,16.575596,14.468763,20.710848,20.403557,24.49319,27.383492,29.182253,26.439571,30.54928,32.523556,30.540415,27.775658,32.541885,34.68185,32.13785,29.834433,33.373478,35.094265,31.993086,29.87964,27.004047,22.829098,23.61928,19.27264,20.569653
35,40.19748,37.75917,37.42146,32.450607,30.745085,30.408361,26.854897,24.396996,21.491127,21.219093,14.305756,17.86587,13.547152,10.157755,12.669848,11.455695,12.825631,14.591604,16.814629,20.839489,20.718405,26.035961,26.255838,25.675034,29.921942,31.513746,30.357801,25.50057,23.542246,20.696695,17.689306,14.178395,8.305364,6.329363,4.2998185,0.0,4.5943274,5.9660907,6.6846547,9.921697,10.744722,15.195745,14.275358,20.193306,22.954689,24.78169,28.614029,30.129412,33.083164,35.982765,33.830917,30.742931,29.722147,27.659302,23.461292,21.813118,21.617733,18.61307,20.90653,21.33055,19.777996,26.049395,27.661554,31.228292,34.25793,37.259743,40.01024,40.327545,39.429897,35.094223,31.993467,30.390852,25.650286,27.041761,22.535767,24.170368,21.254751,21.443348,20.844326,15.5265665,11.978346,13.60113,11.231085,14.425621,17.94248,16.538376,22.94077,22.975025,27.16015,30.053246,31.613897,28.502018,32.054626,34.31505,32.31728,28.840904,33.65717,36.17423,33.491634,30.549948,34.02955,35.70512,32.280224,30.20095,26.834852,23.043093,22.981394,18.69225,19.180769
36,41.838398,39.426754,39.638298,34.516,33.036907,33.24202,29.59066,27.884512,24.861166,25.337074,18.540695,22.398552,18.11088,14.645448,16.538181,14.946443,15.285816,17.012835,18.103228,22.219625,21.01851,26.892538,26.20889,25.580557,29.95123,32.224186,31.14785,26.317642,25.08673,21.295809,19.6998,14.947681,10.552055,8.289001,6.038592,4.5943274,0.0,4.001566,5.5581574,9.722951,11.014178,15.552698,15.83561,21.77977,23.490881,25.96769,29.140223,31.325825,33.795555,36.8408,34.579273,32.147705,30.278011,28.939838,24.409174,22.656473,23.454376,20.676432,23.054409,24.19455,22.612514,28.939177,30.273733,34.12431,36.674377,40.22956,42.815475,43.434944,42.927372,38.655533,35.56375,34.302174,29.47995,31.114714,26.61701,28.287996,25.49845,25.395094,24.808678,19.496851,16.221085,18.132017,15.605911,18.390848,21.859205,19.560472,25.855228,25.117083,29.352716,31.896679,33.946377,31.140503,34.39939,37.061256,35.383194,32.06078,36.620186,39.385635,37.05946,34.172226,37.339497,38.780586,35.255016,33.463425,29.719677,26.44351,26.486132,22.36449,23.087574
