,0,1,2,3,4,5,6,7,8,9,10,11,12,13,14,15,16,17,18,19,20,21,22,23,24,25,26,27,28,29,30,31,32,33,34,35,36,37,38,39,40,41,42,43,44,45,46,47,48,49,50,51,52,53,54,55,56,57,58,59,60,61,62,63,64,65,66,67,68,69,70,71,72,73,74,75,76,77,78,79,80,81,82,83,84,85,86,87,88,89,90,91,92,93,94,95,96,97,98,99,100,101,102,103,104,105,106,107,108
0,0.0,4.349919,8.051088,9.779728,11.518437,14.448925,16.630306,21.214434,24.37671,25.493671,30.508236,31.45276,35.16674,37.45951,34.58663,31.042686,27.036753,24.07035,21.245079,18.01597,13.9377165,13.189298,10.025892,13.974192,16.97027,17.332462,21.363953,22.480791,27.167593,25.81572,34.217945,30.803343,38.019733,37.766335,39.924156,43.58513,41.70542,40.190376,36.486088,33.61472,35.78377,31.245409,34.903072,32.338867,27.216986,29.044905,24.001476,23.882832,20.921568,22.773823,25.167595,27.877253,31.514189,34.81867,35.230953,32.1089,34.154213,36.868717,40.268513,42.44081,39.23132,36.459938,41.5089,41.423042,45.67695,42.58034,39.04503,44.486435,42.237537,38.866375,40.339127,39.14687,38.0158,33.332874,34.141212,28.858362,28.428299,26.148695,22.145712,22.407019,18.962605,17.64431,20.09535,17.47069,20.593826,21.586552,25.358618,24.348259,24.228144,28.474796,30.898338,33.385334,33.631344,37.40814,36.04307,41.754772,39.899437,38.92685,40.258972,36.52116,39.738766,38.813477,34.89734,32.627632,29.808651,28.427395,30.517204,27.993576,29.218584
1,4.349919,0.0,4.1262527,6.9598126,8.654522,10.508378,13.745085,17.432735,20.954485,22.060946,26.989775,28.23876,31.874262,34.486313,31.99484,28.431576,24.529339,21.628777,18.850302,15.863236,12.523988,11.245692,9.31981,13.749231,16.242493,16.840353,20.040812,20.920286,25.324429,23.916801,32.119392,28.526522,35.774788,35.0828,37.578976,40.928646,39.23889,38.040802,34.07608,31.209076,33.91007,29.549192,33.16785,30.80647,26.103334,27.840948,23.400589,23.372139,21.152117,22.678392,24.756638,27.011543,31.085838,33.8698,34.786953,31.71485,33.084446,35.7431,39.219704,41.16841,37.777138,34.781364,39.63919,39.32503,43.55257,40.465073,36.638657,41.933052,39.332893,35.923164,37.01291,35.85534,34.462025,29.920237,30.351366,25.283438,24.41556,22.293455,18.180882,18.436327,15.436758,14.4016,17.60171,15.1886015,17.93692,19.382072,22.59853,21.80053,21.030293,25.362465,27.499638,30.173124,30.766455,34.48066,33.617558,39.262234,37.671726,36.714966,38.568714,34.916504,38.38289,37.6098,33.83509,31.251919,28.858603,26.558374,28.696224,25.769506,26.52504
2,8.051088,4.1262527,0.0,4.8858027,7.369167,7.0400105,11.584872,14.88101,18.338484,20.033907,24.670856,25.669212,29.742159,32.19882,30.229412,26.904951,23.069235,20.815985,17.554811,15.791371,13.193748,12.155371,11.348727,15.488764,17.665226,17.948832,20.366457,20.591852,24.731295,22.835396,30.832748,26.77382,33.93995,32.68057,35.301304,38.297886,36.536655,35.655792,31.581968,28.888905,32.162,28.169342,31.927998,30.023983,25.628222,27.715319,23.676983,24.319014,22.613153,24.282166,26.239933,27.903883,32.331253,34.66911,35.82517,32.64623,33.461666,35.841606,39.599445,41.09581,37.3412,34.505947,39.30873,38.974087,43.038948,39.65374,35.864067,41.10829,37.997314,34.627853,35.353138,34.505344,32.702663,28.36031,28.459785,23.863035,22.307085,20.802742,16.589098,16.972292,14.991466,14.475216,18.555935,16.482924,18.56855,20.3036,22.74214,21.760702,20.09294,24.420229,26.1678,28.898958,29.64046,33.470966,33.12396,38.685806,37.647156,36.882164,39.26397,35.871174,39.627617,39.11779,35.525074,32.702705,30.498014,27.421835,29.33373,25.962164,26.335804
3,9.779728,6.9598126,4.8858027,0.0,3.7948382,5.9556994,7.5366983,12.882505,15.313901,17.521807,22.131926,22.315235,26.865868,28.620823,26.38439,23.252329,19.24743,17.586502,13.575908,12.968128,10.238098,10.526105,9.892793,13.026959,15.260822,14.706265,16.947107,16.593433,20.874813,18.520233,26.702374,22.493462,29.66113,28.681194,31.015491,34.295933,32.4094,31.260893,27.336432,24.604834,27.586071,23.554976,27.455706,25.67564,21.118332,23.660795,19.47117,20.92039,19.297283,21.531593,23.692486,24.917948,29.425783,31.729523,32.605156,29.171663,29.980736,32.058834,36.14899,37.31326,33.31677,30.957891,36.03634,36.085796,39.97418,36.1253,32.877296,38.403904,35.26565,32.015587,33.187893,32.765396,31.064093,26.555082,27.45862,22.865158,21.93334,21.078173,17.16754,18.88824,16.33699,17.375187,21.033045,18.015356,19.373808,20.280481,22.554426,20.231663,18.589077,22.747252,24.713257,26.98127,27.04172,31.28076,30.614414,36.252438,35.671486,35.308376,37.664803,34.692326,38.70882,38.632854,35.154236,32.372894,29.456738,26.4888,27.70825,24.218576,25.076576
4,11.518437,8.654522,7.369167,3.7948382,0.0,6.0791125,5.2958717,10.465042,12.949229,14.472422,19.325512,19.936514,23.90812,26.001646,23.442762,20.047615,16.066828,13.925985,10.362608,9.198007,6.984921,7.352985,7.839068,10.417291,12.089558,11.726858,13.424322,13.264059,17.437654,15.548182,23.663578,19.891893,27.13541,26.505146,29.027369,32.472603,30.988857,29.731396,25.689568,22.70227,25.430798,21.159632,24.753172,22.680883,18.369295,20.401299,16.639492,17.683102,16.592024,18.422535,20.35401,21.377542,25.99965,28.103914,29.18833,25.873285,26.442072,28.623953,32.587856,33.853947,30.003897,27.373,32.37164,32.35221,36.295925,32.619984,29.231468,34.759308,31.807404,28.53112,29.91504,29.397804,27.936476,23.281298,24.600784,19.758547,19.509844,18.6142,15.007823,17.533407,14.296831,16.42267,19.546335,15.98739,16.765274,17.221682,19.358864,16.577879,15.129069,19.231836,21.410526,23.544672,23.47541,27.702986,26.875402,32.539658,31.906868,31.59,33.948654,31.088997,35.194748,35.28963,31.91553,29.107931,26.085636,22.983274,24.012762,20.492294,21.488695
5,14.448925,10.508378,7.0400105,5.9556994,6.0791125,0.0,6.8343425,8.444779,11.709913,13.954637,18.152872,19.02471,23.31916,25.741615,24.374584,21.324398,17.790619,16.443954,13.0068,13.185562,12.540516,11.951763,13.233045,16.224344,17.392149,17.379532,18.02869,17.355358,20.649065,18.432568,25.67046,21.333744,28.265535,26.427202,29.400581,31.986988,30.521923,30.032932,25.700151,23.077238,27.005735,23.508055,27.10623,25.750784,22.261835,24.37073,21.537039,22.809566,22.33678,23.801609,25.321455,25.887802,30.742966,32.192577,33.819805,30.672094,30.43792,32.395428,36.390312,37.239582,33.12788,30.406668,34.95518,34.571156,38.344345,34.667988,30.934944,36.03655,32.33455,29.07287,29.448906,29.08891,26.883625,22.777084,22.838993,18.89922,16.942957,16.67161,12.829108,14.65011,13.54952,15.27258,19.578625,17.330475,17.804003,19.339943,20.390427,18.654284,15.760819,19.79824,21.044252,23.621592,24.401793,28.364573,28.668362,34.010063,33.84485,33.476772,36.584072,33.789875,37.99759,38.079285,34.9068,31.80098,29.724674,25.567846,26.847982,22.911522,22.842165
6,16.630306,13.745085,11.584872,7.5366983,5.2958717,6.8343425,0.0,7.6316357,8.349863,11.016138,15.309268,14.969332,19.681028,21.111444,18.90517,15.937066,12.007574,11.454891,6.7674026,9.209601,9.080642,10.407559,12.029095,13.078706,13.894482,12.8067255,12.743889,11.169336,14.593989,11.837074,19.538942,15.202228,22.355274,21.345026,23.925781,27.221672,25.766266,24.662243,20.506346,17.567125,20.751814,16.89624,20.591238,19.167772,15.501072,18.028242,15.232903,17.454561,17.368805,19.34211,21.002779,20.916674,25.769972,27.17163,28.393177,24.980827,24.746956,26.342934,30.71288,31.227646,26.890837,24.749147,29.721146,29.915318,33.493,29.25347,26.305065,31.872004,28.400148,25.309805,26.645372,26.798086,25.05605,20.602732,22.280752,18.17366,17.902605,18.267895,15.306702,18.771809,16.31997,19.562784,22.77373,19.272755,18.97802,19.098288,20.119194,16.358974,14.027687,17.573278,19.382483,21.060404,20.581894,25.141241,24.677534,30.152887,30.468866,30.654295,33.498604,31.293839,35.736824,36.37668,33.37514,30.462732,27.35298,23.666643,23.902472,20.0145,20.876484
7,21.214434,17.432735,14.88101,12.882505,10.465042,8.444779,7.6316357,0.0,5.017929,5.7419157,9.85995,12.091427,15.125828,18.529041,17.46047,14.3133335,11.674586,10.726904,9.18398,10.7228985,13.198147,12.740882,15.999403,17.284317,16.771784,16.99713,15.141596,14.060633,15.485535,14.122578,19.519482,15.951437,22.352497,20.45691,24.137072,26.438072,26.038288,25.823584,21.195429,18.365696,22.425138,19.324347,21.95484,20.78235,19.029224,20.03666,19.421852,20.348053,21.648169,22.10851,22.698626,22.012848,27.024488,27.25128,29.635427,26.95227,25.356735,27.035559,30.798534,31.241356,27.215878,24.124765,28.010818,27.329155,30.876604,27.400003,23.35453,28.119486,24.102856,20.882153,21.039566,20.932121,18.634342,14.585448,15.128732,11.650617,10.429523,11.65246,9.512869,13.679857,12.70459,17.028217,20.218685,17.678257,16.102802,16.862165,16.084538,13.478263,9.365096,12.568414,13.312861,15.597302,16.512379,20.389952,21.349543,26.340406,26.891348,26.893803,30.670252,28.605053,33.140007,33.882374,31.329233,28.07069,26.310507,21.151407,21.628351,17.330437,16.702663
8,24.37671,20.954485,18.338484,15.313901,12.949229,11.709913,8.349863,5.017929,0.0,4.9956746,7.4345384,7.444509,12.028178,14.086651,13.275917,10.842638,8.479355,9.99517,7.753941,12.1991825,14.947859,15.616062,18.670174,18.980276,18.3379,17.719044,15.083938,12.846698,13.381818,11.177463,15.650997,11.5274515,17.668629,15.514113,19.148048,21.482168,21.06749,20.852907,16.210226,13.421329,17.761269,15.216512,17.836214,17.40751,16.352354,17.882975,17.990831,20.037035,21.76891,22.665863,23.277449,21.776272,26.712458,26.552279,28.68772,25.845577,23.83056,24.817915,29.017963,28.684893,24.1844,21.92464,25.921999,25.739948,28.80733,24.549301,21.398815,26.344566,21.941006,19.05922,19.570698,20.444994,18.096226,14.343362,15.924947,13.524249,13.041948,15.370216,14.091485,18.463322,17.485966,22.00748,24.97882,22.094263,20.248388,20.311062,19.255035,15.420035,11.564483,13.5933895,14.145319,15.352806,15.179736,19.547411,20.46201,25.212545,26.769058,27.404665,31.25846,29.902416,34.61896,35.864487,33.58218,30.457783,28.163,23.222534,22.756716,18.505302,18.31118
9,25.493671,22.060946,20.033907,17.521807,14.472422,13.954637,11.016138,5.7419157,4.9956746,0.0,5.173679,8.767728,9.911699,14.07018,12.703116,9.363235,7.880293,7.5065074,8.453549,10.788767,14.7328005,14.731582,18.469398,18.433147,16.938595,17.117006,13.657446,12.350971,11.92103,11.638762,15.04039,12.663915,18.356546,17.020464,20.968647,23.336077,23.78282,23.4765,18.951057,15.977541,19.435095,16.594643,18.210089,17.043474,16.755348,16.7377,17.89208,18.544167,21.007559,20.841131,20.787186,19.111029,23.979555,23.332142,26.085854,23.778683,21.264559,22.652466,26.21774,26.356445,22.475517,19.20371,22.659943,21.925339,25.290657,21.867636,17.760302,22.481678,18.41662,15.224446,15.790033,16.023252,14.067688,9.791357,11.959603,8.928513,9.973654,12.052539,11.804929,16.730331,15.281018,20.51147,22.61739,19.712734,17.11793,16.819479,15.040931,11.243403,7.17225,8.625924,9.275019,10.615755,10.954953,15.060313,16.137262,20.932013,22.11461,22.582413,26.615744,25.277067,29.989223,31.308668,29.24628,26.085117,24.222824,18.871946,18.366014,14.081257,13.48898
10,30.508236,26.989775,24.670856,22.131926,19.325512,18.152872,15.309268,9.85995,7.4345384,5.173679,0.0,6.1636515,5.4411836,10.338183,10.66474,8.741222,9.4237175,11.044074,12.340347,15.637934,19.698132,19.868319,23.599688,23.304728,21.619902,21.601618,17.594608,15.825738,13.999642,13.763203,14.25053,12.43293,16.348145,14.223048,18.597124,20.064335,21.25819,21.574617,17.171618,14.73586,18.526577,16.974028,17.755085,17.583622,18.824558,18.61909,21.017048,22.03696,25.012262,24.733023,24.343006,21.943802,26.49937,24.974663,27.962622,25.983484,22.586124,23.275679,26.702085,26.024836,22.075186,19.258598,21.806032,20.98353,23.636234,20.090422,16.33759,20.310774,15.365528,12.635648,12.322077,13.6783285,11.089724,8.1804085,10.334761,10.06834,10.809865,14.288413,15.16048,19.842707,19.401491,24.654356,26.702257,24.218065,21.22638,20.900614,18.23707,14.779479,10.846188,10.319795,9.404914,9.59386,9.933449,13.4962,15.801279,19.546753,21.991726,22.954132,27.50598,26.964594,31.676167,33.41959,31.892298,28.78595,27.317984,21.734604,20.640968,16.635046,15.509075
11,31.45276,28.23876,25.669212,22.315235,19.936514,19.02471,14.969332,12.091427,7.444509,8.767728,6.1636515,0.0,7.211028,6.9012103,7.9946227,8.005949,8.53559,12.741548,11.975506,17.43741,20.756874,21.916885,25.048498,24.396917,23.228703,22.213053,18.45783,15.551588,13.814597,11.8538885,11.799452,8.35227,11.898489,8.805212,13.040853,14.715976,15.312376,15.598745,11.093658,8.859855,13.454685,12.877029,14.1671915,15.272356,16.619337,17.820757,19.946095,22.571838,25.217447,25.958277,26.108915,23.437387,27.896051,26.65174,28.831343,26.326956,23.210373,23.085833,27.32189,25.750021,20.979166,19.780996,22.99108,23.181715,25.232649,20.327623,18.41188,22.821217,17.777159,15.755416,16.257874,18.609497,16.265625,13.856242,16.334478,16.061186,16.391573,19.819408,19.86212,24.428204,23.799192,28.745098,31.268927,28.369968,25.878613,25.352173,23.433762,19.060083,15.606497,15.600436,15.316176,14.892583,13.637337,17.745388,19.193218,22.826836,25.973629,27.433266,31.573889,31.366022,36.142895,38.082817,36.443897,33.50006,31.162601,26.257212,24.691078,20.81301,20.599188
12,35.16674,31.874262,29.742159,26.865868,23.90812,23.31916,19.681028,15.125828,12.028178,9.911699,5.4411836,7.211028,0.0,6.7683253,7.943597,7.7785063,10.665414,13.295641,15.421167,19.04326,23.323387,23.868856,27.57302,26.544918,24.493902,24.25072,19.624329,17.672174,14.426908,14.86296,12.019813,12.029032,13.51836,11.954384,16.24937,17.363771,19.595413,19.961676,16.187813,14.198132,16.979593,16.456816,15.86366,16.312374,19.21394,18.354408,22.155985,23.244537,26.830057,26.314758,25.537323,22.361725,26.353796,23.9784,27.018442,25.471752,21.28145,21.222265,24.36336,22.915556,19.141638,16.867943,18.473055,17.83717,19.676146,15.934004,12.976012,16.378008,10.976018,9.030921,9.118888,11.904336,9.985898,8.642527,12.065139,13.169944,15.023675,18.500912,20.022398,24.739044,24.082886,29.534359,31.074713,28.42112,25.110916,24.183012,21.197279,17.33187,14.400004,12.404661,11.245843,9.528597,8.429585,11.384,13.952798,16.553417,20.286423,21.958172,26.536388,26.979141,31.614868,33.907707,32.92409,30.087856,28.518036,23.292892,21.285461,17.894638,17.03375
13,37.45951,34.486313,32.19882,28.620823,26.001646,25.741615,21.111444,18.529041,14.086651,14.07018,10.338183,6.9012103,6.7683253,0.0,5.319851,8.52508,11.514482,16.133516,16.713526,21.946478,25.59827,27.017134,30.195961,28.73636,27.093504,25.941114,21.517797,18.617996,15.273606,14.385572,9.598428,9.184916,7.84307,5.526485,9.660892,10.797645,13.247295,13.579229,10.414268,9.2656765,11.704988,13.014525,12.077124,14.293793,17.882618,18.187075,22.014633,24.577765,27.921272,28.310354,27.986416,24.477854,28.178484,25.985245,28.115746,26.160103,22.187939,21.0439,24.924398,22.275703,17.688244,17.585373,19.673101,20.309116,21.1951,15.8792,15.628869,19.223509,14.194519,13.456422,14.517737,17.964708,16.411003,15.319056,18.72015,19.552088,20.987429,24.526339,25.376862,30.116926,29.26353,34.549015,36.473507,33.4085,30.485209,29.34224,27.002092,22.303778,19.705416,18.304457,17.762604,15.894219,13.489088,16.750454,18.147486,20.390245,24.79676,26.981516,31.009396,31.873074,36.506805,39.032272,37.997303,35.36418,32.941875,28.443504,25.960682,22.77125,22.779236
14,34.58663,31.99484,30.229412,26.38439,23.442762,24.374584,18.90517,17.46047,13.275917,12.703116,10.66474,7.9946227,7.943597,5.319851,0.0,4.3001432,7.6511984,12.279854,13.35221,18.27824,21.881079,23.610872,26.62289,24.596142,22.801607,21.500854,16.928265,14.084884,10.295514,10.006314,4.5534897,5.701253,6.406375,7.7078614,10.730249,13.9328785,15.579314,14.512748,11.397947,9.016022,9.639996,9.249273,7.956902,9.2123375,13.05131,12.894505,17.080626,19.521418,23.008402,23.362795,23.063475,19.457888,23.081226,21.165598,23.016754,20.89388,17.136126,16.124651,20.359053,18.106756,13.261342,12.991691,16.161358,17.267748,18.77575,13.05372,12.857319,17.70254,13.733028,12.450664,15.157165,17.822477,17.130224,14.795922,19.268192,18.613083,21.088715,23.817497,24.366241,29.355448,27.475182,32.84531,34.350426,30.755621,27.972534,26.29459,24.537266,19.118671,17.423601,16.202148,16.687437,14.692834,11.194815,15.272786,15.156441,18.299318,22.061375,24.260393,27.697317,28.431376,33.073433,35.590904,34.37386,31.920187,28.8528,24.99781,22.236164,19.270346,20.130337
15,31.042686,28.431576,26.904951,23.252329,20.047615,21.324398,15.937066,14.3133335,10.842638,9.363235,8.741222,8.005949,7.7785063,8.52508,4.3001432,0.0,4.164291,8.051874,9.980864,14.198211,18.076479,19.566525,22.752594,20.811676,18.853508,17.897097,13.182772,10.723036,7.040636,7.5994897,5.846005,6.2135215,10.219536,11.276538,14.457929,17.82581,18.977772,17.787624,14.1754875,11.157115,12.220228,9.922008,9.690281,8.98772,11.506575,10.786225,14.581173,16.288107,19.817787,19.859592,19.525064,16.225685,20.320454,18.785816,20.954012,18.715818,15.247074,15.242272,19.390875,18.252857,13.767427,11.902827,15.734712,16.336927,18.847685,13.90524,12.003392,17.493553,13.886271,11.64556,14.551964,16.274414,15.707538,12.333881,17.02399,15.291919,18.181538,20.365444,20.750305,25.80023,23.49835,28.896837,30.218348,26.521784,23.769215,22.033985,20.477161,14.916617,13.3806505,12.499053,13.568643,12.027413,8.647039,13.412427,12.884231,17.109188,19.874212,21.649921,25.057486,25.215584,29.942896,32.19724,30.711382,28.147642,25.071007,21.074097,18.603924,15.361824,16.365515
16,27.036753,24.529339,23.069235,19.24743,16.066828,17.790619,12.007574,11.674586,8.479355,7.880293,9.4237175,8.53559,10.665414,11.514482,7.6511984,4.164291,0.0,5.473502,5.8535624,10.800285,14.281388,16.04107,18.997612,17.23473,15.683718,14.4685135,10.243804,7.3583302,5.4671674,4.465861,8.095646,6.004005,12.382405,13.089483,15.990774,19.750916,19.986588,18.530916,14.627451,11.227946,12.771488,9.188275,10.701363,9.278842,9.419883,9.853691,11.884244,14.052338,16.941204,17.560444,17.811842,15.210432,19.767387,19.256374,21.02788,18.212465,15.833798,16.440126,20.904552,20.40615,15.859013,13.9145155,18.555677,19.182556,22.16552,17.395967,15.234167,20.981306,17.654642,15.053809,17.695675,18.817795,18.00052,13.912935,18.076454,15.229422,17.666012,19.338634,18.89772,23.850958,21.173004,26.29192,27.908627,23.993343,21.736536,20.166405,19.387283,13.644279,12.050076,12.561001,14.265385,13.71387,11.048387,16.041594,15.115948,20.048103,21.870832,23.188179,26.292711,25.732018,30.470108,32.3246,30.348877,27.6995,24.278793,20.46395,18.568886,15.012167,16.361595
17,24.07035,21.628777,20.815985,17.586502,13.925985,16.443954,11.454891,10.726904,9.99517,7.5065074,11.044074,12.741548,13.295641,16.133516,12.279854,8.051874,5.473502,0.0,5.6138754,6.3598247,10.719301,11.763751,15.15859,13.405167,11.24942,11.08905,6.6150646,5.9049773,5.571292,7.3115,12.174364,11.348927,17.485046,18.443594,21.42544,25.124426,25.437576,23.964003,20.05363,16.632017,17.882704,13.69353,15.003764,12.232839,11.166849,10.062849,11.235095,11.14016,14.113365,13.739026,13.714962,11.8606825,16.8005,16.799942,19.02601,16.459011,14.642577,16.544888,20.239012,21.110262,17.561905,14.053609,18.620754,18.575933,22.39056,18.902729,15.352001,21.058723,18.602165,15.4828825,18.169682,18.00864,17.70753,12.910788,16.950697,12.62108,15.877725,16.28069,15.726984,20.621809,17.028929,22.207718,23.190128,19.036245,16.740492,14.838888,14.518838,8.532705,8.012428,9.296919,12.064431,12.2712345,10.421419,15.033334,13.484345,19.101542,19.414305,20.052347,22.854788,21.519049,26.202457,27.675697,25.396715,22.675121,19.292961,15.432233,14.087116,10.35643,12.112356
18,21.245079,18.850302,17.554811,13.575908,10.362608,13.0068,6.7674026,9.18398,7.753941,8.453549,12.340347,11.975506,15.421167,16.713526,13.35221,9.980864,5.8535624,5.6138754,0.0,6.729334,9.094784,11.168978,13.702676,12.55214,11.869827,10.467269,7.933716,5.3679204,7.8624897,5.6729956,13.322657,10.094422,17.264828,17.508713,20.086557,23.94544,23.26525,21.69192,17.687962,14.296774,16.27802,11.910743,14.839281,12.858208,9.988679,11.647142,10.446259,12.674006,14.127948,15.516501,16.628056,15.441801,20.31228,21.129395,22.46477,19.175817,18.304976,19.706173,24.129202,24.484467,20.198675,18.01479,23.089354,23.55793,27.031929,22.679316,20.066923,25.878157,22.839775,19.897839,22.156025,22.536839,21.496456,16.887917,20.102562,16.03843,17.672323,18.38837,16.71365,21.235563,18.038822,22.520075,24.545788,20.433025,19.062721,17.906296,18.341766,13.008893,11.512001,13.903348,16.159624,16.818153,15.185955,20.022816,18.862782,24.32576,24.997581,25.659357,28.364422,26.83537,31.436539,32.659973,30.057096,27.327656,23.696848,20.20432,19.340815,15.624643,17.178753
19,18.01597,15.863236,15.791371,12.968128,9.198007,13.185562,9.209601,10.7228985,12.1991825,10.788767,15.637934,17.43741,19.04326,21.946478,18.27824,14.198211,10.800285,6.3598247,6.729334,0.0,4.76493,5.4716687,8.841283,7.764866,6.2625422,6.9091845,5.538618,6.9797754,10.209097,10.82486,17.83166,16.122543,22.92146,23.651604,26.387651,30.245974,29.875668,28.259201,24.31077,20.881645,22.321693,17.600296,19.841974,16.742151,13.5462475,13.32079,11.408967,10.419439,11.450067,11.484037,12.430935,12.74617,17.603828,19.163374,20.812532,17.968855,17.921036,20.53025,23.952608,25.697765,22.526037,19.014345,23.780804,23.624796,27.775776,24.75052,21.0385,26.591694,24.544834,21.278385,23.587406,22.721489,22.313927,17.33859,20.227634,14.844024,17.222689,16.192053,14.277811,18.388575,13.767208,18.06956,19.124949,14.524595,13.45258,11.880176,13.550062,8.754331,9.134086,12.389815,15.474083,16.826174,16.026125,20.097466,18.336277,24.10373,23.128036,22.977715,25.076681,22.603106,26.908728,27.545954,24.52321,21.811941,18.226461,15.123113,15.277672,11.899781,13.851142
20,13.9377165,12.523988,13.193748,10.238098,6.984921,12.540516,9.080642,13.198147,14.947859,14.7328005,19.698132,20.756874,23.323387,25.59827,21.881079,18.076479,14.281388,10.719301,9.094784,4.76493,0.0,3.7506132,4.810576,4.177844,5.2036448,5.0817924,7.540305,8.972615,13.424573,13.096483,21.03524,18.766249,25.78604,26.553247,28.855436,32.94319,31.986713,30.130907,26.383987,23.052752,24.333914,19.412579,22.259777,19.170216,14.744412,15.529864,11.6377535,11.153956,10.123444,11.454427,13.458354,14.89057,19.272709,21.820833,22.660063,19.46924,20.611166,23.231823,26.781582,28.698112,25.503931,22.535892,27.640972,27.78514,31.914007,28.698284,25.427326,31.096323,29.175772,25.962334,28.31627,27.46773,26.970575,22.00791,24.562998,19.104294,20.809698,19.408073,16.706995,19.999847,15.171098,18.224878,19.549543,14.83537,15.120778,13.94083,16.778563,12.880086,13.463205,17.020737,20.048677,21.568588,20.73391,24.832737,22.823288,28.601583,27.346725,27.052464,28.61356,25.808346,29.784842,30.028713,26.643543,24.175755,20.231995,18.216255,18.805122,15.949333,18.087627
21,13.189298,11.245692,12.155371,10.526105,7.352985,11.951763,10.407559,12.740882,15.616062,14.731582,19.868319,21.916885,23.868856,27.017134,23.610872,19.566525,16.04107,11.763751,11.168978,5.4716687,3.7506132,0.0,4.172307,5.849222,6.1452627,7.927696,9.717384,11.701919,15.52876,15.748419,23.220173,21.117731,28.11646,28.54648,31.247828,35.035698,34.31478,32.754177,28.76387,25.420416,27.130573,22.33926,24.961487,21.843384,17.94271,18.091225,14.924548,13.406868,12.737381,12.913044,14.339707,16.136473,20.479738,22.809313,24.19225,21.444174,22.283169,25.216547,28.30531,30.540686,27.650782,24.052889,28.708431,28.342905,32.66759,30.030598,26.063715,31.388184,29.49696,26.131126,28.045017,26.714025,26.18344,21.281515,23.214748,17.513382,19.012312,16.928686,14.081317,16.947645,11.786412,14.667342,15.80043,11.11239,11.648744,10.95432,14.123594,11.456875,12.073348,15.963342,18.891409,20.91328,20.851177,24.500088,22.873213,28.580318,26.836203,26.109926,27.809483,24.557642,28.395666,28.285639,24.784239,22.138227,18.938519,16.460115,17.86614,14.989977,16.56968
22,10.025892,9.31981,11.348727,9.892793,7.839068,13.233045,12.029095,15.999403,18.670174,18.469398,23.599688,25.048498,27.57302,30.195961,26.62289,22.752594,18.997612,15.15859,13.702676,8.841283,4.810576,4.172307,0.0,4.6152787,7.038938,8.084522,11.756636,13.689316,18.10055,17.88202,25.830973,23.512424,30.574453,31.18572,33.509106,37.523876,36.405502,34.606155,30.843842,27.577482,28.99537,24.07503,27.009604,23.848639,19.219664,19.917723,15.612999,14.395424,12.318897,13.369816,15.487471,17.958445,21.826082,24.866425,25.578894,22.621702,24.3381,27.253654,30.40965,32.779488,29.921368,26.74371,31.675508,31.598202,35.89273,33.09521,29.530132,34.99741,33.281445,29.977524,32.084908,30.820238,30.325974,25.40897,27.348948,21.666553,22.916227,20.729849,17.567905,19.776833,14.714743,16.33212,17.48032,12.948147,14.561795,13.980999,17.766878,15.357042,16.244013,20.090174,23.058561,25.008146,24.69942,28.439703,26.478722,32.208164,30.297766,29.547438,30.750406,27.363985,30.902641,30.542269,26.826677,24.496382,20.921564,19.510534,20.978037,18.555464,20.450338
23,13.974192,13.749231,15.488764,13.026959,10.417291,16.224344,13.078706,17.284317,18.980276,18.433147,23.304728,24.396917,26.544918,28.73636,24.596142,20.811676,17.23473,13.405167,12.55214,7.764866,4.177844,5.849222,4.6152787,0.0,3.5480754,3.8846142,8.39075,10.812966,15.176169,15.502266,23.12612,21.52358,28.25108,29.638494,31.639149,36.011616,35.064556,32.896698,29.440609,26.10258,26.639425,21.533796,24.095308,20.573833,15.899024,16.175394,11.716218,10.023184,7.728305,9.033036,11.525354,14.006363,17.666983,21.00051,21.287416,18.20432,20.3419,23.25114,26.38806,28.858019,26.214136,23.26708,28.377304,28.661028,32.860085,30.00409,26.943697,32.566425,31.327816,28.206558,30.959389,29.86325,29.825558,24.847101,27.669416,22.01276,24.214682,22.359228,19.809637,22.76869,17.436388,19.944666,20.43461,15.485309,16.261898,14.527447,18.155504,14.518955,16.26074,19.487549,22.78416,24.105146,23.025524,26.857296,24.181784,29.883902,28.030949,27.588333,28.351183,25.359505,28.941525,28.965662,25.407225,23.351048,18.856258,18.233198,18.887718,16.875729,19.578484
24,16.97027,16.242493,17.665226,15.260822,12.089558,17.392149,13.894482,16.771784,18.3379,16.938595,21.619902,23.228703,24.493902,27.093504,22.801607,18.853508,15.683718,11.24942,11.869827,6.2625422,5.2036448,6.1452627,7.038938,3.5480754,0.0,3.690806,6.165542,9.48836,13.102071,14.438989,21.305756,20.42925,26.881248,28.519373,30.716677,35.041576,34.53874,32.420788,28.915045,25.488375,25.834335,20.751976,22.749699,18.968336,15.033654,14.230767,10.966912,7.8981504,7.2085495,6.7898064,8.61114,10.941603,14.844704,17.85221,18.605894,15.829397,17.525455,20.679535,23.501692,26.18403,23.846498,20.410738,25.274897,25.374693,29.66026,27.175833,23.857439,29.34847,28.401173,25.301447,28.20782,26.944605,27.226263,22.284336,25.421877,19.753653,22.63009,20.764366,18.797934,22.165335,16.66673,19.916628,19.853394,14.761767,14.716179,12.309986,15.638998,11.580522,14.001554,16.781872,20.229172,21.326307,20.169703,23.768953,20.892368,26.545082,24.52287,24.080229,24.830196,21.937128,25.638044,25.872746,22.468382,20.365206,15.748932,14.985943,15.383164,13.506154,16.468416
25,17.332462,16.840353,17.948832,14.706265,11.726858,17.379532,12.8067255,16.99713,17.719044,17.117006,21.601618,22.213053,24.25072,25.941114,21.500854,17.897097,14.4685135,11.08905,10.467269,6.9091845,5.0817924,7.927696,8.084522,3.8846142,3.690806,0.0,5.1712766,7.474268,11.772725,12.289547,19.640491,18.423285,24.878014,26.70889,28.495821,33.04648,32.236538,29.87969,26.623278,23.272087,23.282707,18.130474,20.458126,16.818962,12.191634,12.358025,7.9163795,6.628061,5.074083,7.0667686,9.665712,11.2304735,15.127373,18.260162,18.361792,14.981147,16.98033,19.646915,23.102148,25.279781,22.474358,19.859325,25.196985,25.827936,29.841286,26.647568,24.082792,29.882092,28.712057,25.766287,28.91364,28.176914,28.299295,23.361513,26.814497,21.439896,24.123251,22.853184,20.754427,24.361948,19.214163,22.51049,23.015455,17.994354,17.95549,15.724745,18.63726,13.88158,15.676934,18.352106,21.70518,22.482937,20.745132,24.799234,21.811853,27.473433,26.109669,26.1032,26.907818,24.493382,28.31783,28.857077,25.610422,23.604567,18.661598,17.981596,17.722145,15.676976,18.77607
26,21.363953,20.040812,20.366457,16.947107,13.424322,18.02869,12.743889,15.141596,15.083938,13.657446,17.594608,18.45783,19.624329,21.517797,16.928265,13.182772,10.243804,6.6150646,7.933716,5.538618,7.540305,9.717384,11.756636,8.39075,6.165542,5.1712766,0.0,3.912215,6.9777555,8.79885,15.161176,14.706814,20.843405,22.858404,24.936737,29.354038,29.118025,26.914667,23.55538,20.121403,20.054573,15.054428,16.689785,12.908164,9.603168,8.472933,6.7100415,5.2084546,7.522273,7.682725,8.7630825,8.2785015,13.034678,14.934718,15.866797,12.668581,13.150551,15.7150755,19.337057,21.166628,18.189466,15.147804,20.424284,20.987635,24.95484,21.682055,18.977398,24.835075,23.573124,20.688255,24.034473,23.508476,23.796755,18.964441,22.98022,17.99654,21.327738,20.661821,19.368881,23.677006,18.904882,23.2391,23.65279,18.779915,17.54636,14.9565,16.59603,10.802842,12.520999,14.368649,17.691608,17.943207,15.770511,19.928394,16.929745,22.588829,21.776922,22.15446,23.488295,21.681551,25.91869,27.040672,24.271515,22.068783,17.334528,15.656366,14.491664,12.049132,15.229546
27,22.480791,20.920286,20.591852,16.593433,13.264059,17.355358,11.169336,14.060633,12.846698,12.350971,15.825738,15.551588,17.672174,18.617996,14.084884,10.723036,7.3583302,5.9049773,5.3679204,6.9797754,8.972615,11.701919,13.689316,10.812966,9.48836,7.474268,3.912215,0.0,4.9509444,5.015167,12.358798,11.095033,17.510012,19.379076,21.291462,25.780092,25.331774,23.088512,19.75104,16.337126,16.37807,11.359305,13.50374,10.215611,6.5913367,7.150821,5.60356,7.589045,9.667922,11.032457,12.224644,10.819931,15.432865,16.752832,17.48837,13.98533,13.8379135,15.504279,19.89601,20.754137,16.92367,14.800056,20.350037,21.295897,24.856943,20.689932,18.648964,24.700813,22.781284,20.052872,23.335484,23.49534,23.370504,18.695578,22.806461,18.412209,21.272219,21.416088,20.089272,24.626232,20.49275,24.97085,26.052334,21.389826,20.048262,17.884401,18.915075,12.905978,13.36304,15.058702,17.959578,17.954773,15.385728,20.037056,17.493395,23.008827,23.20345,24.015348,25.824896,24.500502,28.91739,30.30731,27.740313,25.437773,20.903442,18.700005,17.192547,14.330428,17.062672
28,27.167593,25.324429,24.731295,20.874813,17.437654,20.649065,14.593989,15.485535,13.381818,11.92103,13.999642,13.814597,14.426908,15.273606,10.295514,7.040636,5.4671674,5.571292,7.8624897,10.209097,13.424573,15.52876,18.10055,15.176169,13.102071,11.772725,6.9777555,4.9509444,0.0,4.8181877,8.245525,8.982812,14.223022,16.73724,18.797306,23.16199,23.509924,21.365906,18.204453,14.874868,14.306968,9.892868,10.440288,6.9452143,6.737283,4.8217735,8.079064,9.308842,12.92147,13.107848,13.166244,10.159123,14.490846,14.343876,15.689974,12.753205,10.805095,11.904085,16.38088,16.654623,12.664785,10.320483,15.758458,16.853748,20.155302,15.773064,14.001203,20.099512,18.268993,15.822938,19.580915,20.12996,20.383411,16.120876,20.953297,17.37433,20.930538,21.676674,21.291603,26.18972,22.456285,27.50433,28.262354,23.818869,21.68139,19.223269,19.158316,12.857215,13.29748,13.515283,16.094053,15.136077,11.685465,16.307287,13.60857,18.787312,19.79244,21.15907,23.270844,22.800581,27.349932,29.30524,27.315872,25.076073,20.812397,18.253645,15.787041,13.110536,15.731778
29,25.81572,23.916801,22.835396,18.520233,15.548182,18.432568,11.837074,14.122578,11.177463,11.638762,13.763203,11.8538885,14.86296,14.385572,10.006314,7.5994897,4.465861,7.3115,5.6729956,10.82486,13.096483,15.748419,17.88202,15.502266,14.438989,12.289547,8.79885,5.015167,4.8181877,0.0,8.537773,6.14728,12.788242,14.501504,16.296574,20.8084,20.347885,18.135544,14.796078,11.39494,11.583918,6.8040247,9.375749,7.334717,5.2741923,7.519822,8.133184,11.789134,14.075098,15.682919,16.590282,14.258836,18.563482,18.92264,19.70087,16.290285,15.036609,15.503034,20.458454,20.034075,15.30961,14.35592,19.764416,21.06887,23.981619,18.865044,17.716822,23.721764,21.03946,18.669611,21.81075,22.87532,22.345846,18.163792,22.388912,19.064636,21.487093,22.68628,21.67698,26.439219,23.179663,27.903278,29.4975,25.166216,23.481037,21.639427,21.793768,15.750918,15.038751,16.076086,18.25774,17.739998,14.716433,19.646158,17.781824,22.805744,24.274576,25.61948,27.992542,27.339247,31.925797,33.698444,31.485916,29.092823,24.882542,22.088535,20.119856,17.004416,19.158106
30,34.217945,32.119392,30.832748,26.702374,23.663578,25.67046,19.538942,19.519482,15.650997,15.04039,14.25053,11.799452,12.019813,9.598428,4.5534897,5.846005,8.095646,12.174364,13.322657,17.83166,21.03524,23.220173,25.830973,23.12612,21.305756,19.640491,15.161176,12.358798,8.245525,8.537773,0.0,5.809889,6.5140395,10.396288,11.853021,16.115694,17.297062,15.218836,12.909653,10.391644,8.484325,7.006672,4.440275,4.9087596,9.818511,9.288037,14.039434,16.698847,20.237356,20.763004,20.562738,16.770258,19.933395,18.299206,19.4594,17.154276,13.732942,12.3157835,17.036318,14.734954,9.503096,10.216803,14.374399,16.332079,17.901104,11.788295,12.754908,18.132708,15.485566,14.333448,18.055492,20.251877,20.275084,17.484669,22.453749,20.930296,24.021212,26.124588,26.396837,31.443752,28.777256,34.074486,35.227726,31.177427,28.625557,26.439177,25.323818,19.377832,18.718983,17.691988,18.94965,16.857029,12.677645,16.79738,15.185337,18.570572,21.850517,24.171888,26.803381,27.644415,32.14939,34.739586,33.45268,31.304886,27.513964,24.61601,21.489656,19.050053,20.80964
31,30.803343,28.526522,26.77382,22.493462,19.891893,21.333744,15.202228,15.951437,11.5274515,12.663915,12.43293,8.35227,12.029032,9.184916,5.701253,6.2135215,6.004005,11.348927,10.094422,16.122543,18.766249,21.117731,23.512424,21.52358,20.42925,18.423285,14.706814,11.095033,8.982812,6.14728,5.809889,0.0,7.253309,8.387179,10.3442335,14.687721,14.588639,12.696789,9.231847,5.931047,6.881972,4.6478086,6.4823346,7.686444,9.241964,11.322691,13.633903,17.460115,20.05259,21.494917,22.018415,19.017557,22.950064,22.244558,23.266861,20.287132,17.865582,17.13754,22.13308,20.29638,14.99355,15.304785,19.80877,21.29945,23.266262,17.364775,17.28096,22.720259,19.130981,17.414335,20.091719,22.25323,21.275473,18.08492,22.182774,20.415386,22.311426,24.638025,24.186388,29.033884,26.790052,31.734547,33.69271,29.790503,27.68352,26.14069,25.343744,19.582638,17.90579,18.03707,19.196686,18.06555,14.858264,19.562181,18.754463,22.803165,25.69123,27.551355,30.53929,30.61747,35.295113,37.455902,35.68668,33.211468,29.497358,26.093328,23.751848,20.542332,21.957188
32,38.019733,35.774788,33.93995,29.66113,27.13541,28.265535,22.355274,22.352497,17.668629,18.356546,16.348145,11.898489,13.51836,7.84307,6.406375,10.219536,12.382405,17.485046,17.264828,22.92146,25.78604,28.11646,30.574453,28.25108,26.881248,24.878014,20.843405,17.510012,14.223022,12.788242,6.5140395,7.253309,0.0,5.633139,5.6019044,9.935959,11.323311,9.419217,8.154037,7.262209,5.0727086,8.085532,5.9023094,9.828732,14.042796,15.154213,18.946136,22.612555,25.653866,26.798824,26.884695,23.195272,26.223612,24.529427,25.391975,23.060724,19.807665,17.700186,22.272116,18.884024,13.667218,15.956168,19.043165,21.118004,21.612421,15.143147,17.334385,21.65323,18.184156,17.800705,20.514828,23.634586,22.97173,21.094608,25.368776,24.945547,27.051804,29.928692,30.158295,35.070827,33.186813,38.36113,40.11616,36.324436,33.832954,32.070126,30.691998,25.018932,23.50886,22.549995,23.083359,21.013739,17.338722,21.060167,20.536648,23.010195,27.175673,29.687168,32.659084,33.766796,38.27487,40.95704,39.779385,37.538715,33.95881,30.739056,27.727022,25.067757,26.31959
33,37.766335,35.0828,32.68057,28.681194,26.505146,26.427202,21.345026,20.45691,15.514113,17.020464,14.223048,8.805212,11.954384,5.526485,7.7078614,11.276538,13.089483,18.443594,17.508713,23.651604,26.553247,28.54648,31.18572,29.638494,28.519373,26.70889,22.858404,19.379076,16.73724,14.501504,10.396288,8.387179,5.633139,0.0,4.532509,6.682935,8.060729,8.08062,5.1792784,5.2914476,7.9707346,10.927374,10.725211,14.15728,17.208727,18.90537,21.903772,25.644302,28.422718,29.675787,29.88729,26.512278,30.13446,28.511784,29.853254,27.399387,24.107946,22.52423,27.013836,23.929207,18.80948,20.090801,22.920979,24.28179,24.960476,18.931997,19.89085,23.84057,19.25954,18.645908,20.03727,23.41955,21.815657,20.35114,23.621084,23.929281,24.91778,28.370136,28.550205,33.19809,32.212822,37.20856,39.542603,36.228672,33.753265,32.628155,30.898718,25.788319,23.25833,22.579775,22.4661,20.897648,18.207346,21.897938,22.600655,25.127527,29.409536,31.656208,35.29689,36.062847,40.722607,43.200054,41.911293,39.34107,36.317204,32.27148,29.779915,26.555614,27.066507
34,39.924156,37.578976,35.301304,31.015491,29.027369,29.400581,23.925781,24.137072,19.148048,20.968647,18.597124,13.040853,16.24937,9.660892,10.730249,14.457929,15.990774,21.42544,20.086557,26.387651,28.855436,31.247828,33.509106,31.639149,30.716677,28.495821,24.936737,21.291462,18.797306,16.296574,11.853021,10.3442335,5.6019044,4.532509,0.0,5.3059583,5.7884383,4.413142,4.6187677,6.425723,6.343947,10.985465,10.483004,14.676814,17.778002,19.97232,22.775108,27.088877,29.624998,31.29428,31.70764,28.270514,31.489931,30.040567,30.759905,28.201887,25.271564,23.152903,27.788877,24.213318,19.045362,21.555325,24.486563,26.437443,26.686918,20.313053,22.463213,26.37585,22.342655,22.079226,23.916723,27.363335,26.048792,24.550581,28.063528,28.153046,29.29921,32.60607,32.583035,37.245274,35.981964,40.889492,43.224445,39.664936,37.37107,36.03728,34.637173,29.20418,27.049318,26.463324,26.62362,24.902254,21.790636,25.471455,25.603933,27.948334,32.319748,34.76046,38.002693,38.98102,43.560608,46.149307,44.86211,42.467087,39.00436,35.47983,32.750595,29.774254,30.7044
35,43.58513,40.928646,38.297886,34.295933,32.472603,31.986988,27.221672,26.438072,21.482168,23.336077,20.064335,14.715976,17.363771,10.797645,13.9328785,17.82581,19.750916,25.124426,23.94544,30.245974,32.94319,35.035698,37.523876,36.011616,35.041576,33.04648,29.354038,25.780092,23.16199,20.8084,16.115694,14.687721,9.935959,6.682935,5.3059583,0.0,4.5953097,6.825537,7.59267,10.234035,11.644679,16.108452,15.487669,19.579626,22.849977,24.790266,27.772741,31.858374,34.517838,35.990482,36.23976,32.733128,36.03461,34.203964,35.29656,32.97434,29.63752,27.491516,31.773855,27.971914,23.118393,25.378508,27.508917,29.08965,28.89624,22.930244,24.94515,27.991482,23.466888,23.611517,24.494802,28.332531,26.615982,26.001646,28.81451,29.9166,30.470604,34.265915,34.550007,39.005566,38.478416,43.358326,45.909527,42.74811,40.270073,39.24991,37.358406,32.39029,29.736692,28.8831,28.408953,26.684229,24.130648,27.24932,28.270605,29.965714,34.807743,37.281334,40.95127,42.10898,46.686638,49.339874,48.2529,45.736694,42.771973,38.75457,36.123234,33.029625,33.400867
36,41.70542,39.23889,36.536655,32.4094,30.988857,30.521923,25.766266,26.038288,21.06749,23.78282,21.25819,15.312376,19.595413,13.247295,15.579314,18.977772,19.986588,25.437576,23.26525,29.875668,31.986713,34.31478,36.405502,35.064556,34.53874,32.236538,29.118025,25.331774,23.509924,20.347885,17.297062,14.588639,11.323311,8.060729,5.7884383,4.5953097,0.0,3.990697,5.6326785,9.058214,10.970899,15.340656,15.875454,19.950422,22.16654,25.02883,27.020668,31.689356,33.790443,35.828835,36.500755,33.331333,36.803005,35.569763,36.288948,33.538647,30.83152,28.849855,33.554405,29.993824,24.82241,27.208832,30.111212,31.856312,32.079967,25.847555,27.672478,31.344978,26.840137,26.542284,27.587313,31.160614,29.255127,28.050081,30.746622,31.25302,31.438805,35.061756,34.787758,39.093872,38.491318,43.053223,45.940502,42.68638,40.603107,39.728622,38.30638,33.20893,30.47912,30.265823,30.098845,28.782541,26.25614,29.901863,30.602678,32.954376,37.385178,39.691578,43.218338,43.988857,48.645588,51.096,49.677025,47.10917,43.827934,39.964077,37.565296,34.282715,34.8786
