,0,1,2,3,4,5,6,7,8,9,10,11,12,13,14,15,16,17,18,19,20,21,22,23,24,25,26,27,28,29,30,31,32,33,34,35,36,37,38,39,40,41,42,43,44,45,46,47,48,49,50,51,52,53,54,55,56,57,58,59,60,61,62,63,64,65,66,67,68,69,70,71,72,73,74,75,76,77,78,79,80,81,82,83,84,85,86,87,88,89,90,91,92,93,94,95,96,97,98,99,100,101,102,103,104,105,106,107,108,109,110,111
0,0.0,4.1737165,6.3267193,9.710539,12.021356,14.402921,17.535843,21.092636,24.529642,26.822372,30.947931,32.577118,30.616251,29.510786,24.639496,24.586784,19.520874,19.465828,16.739388,14.971973,15.939379,11.677262,16.171938,18.61699,17.557922,16.575724,22.333776,23.381586,23.148767,26.08431,26.99505,29.442038,35.124577,33.913227,38.090935,39.79154,42.098488,41.81024,37.632732,33.856266,37.561935,33.20336,33.51958,30.935024,29.581064,27.985521,28.811546,26.64982,28.351007,31.661957,33.175266,36.995903,40.05418,41.84253,38.287125,41.077732,37.094513,37.518436,39.47066,40.96626,37.438538,40.976135,37.076347,37.764576,36.65342,34.95153,36.708794,32.844677,32.94321,28.324305,24.94019,26.928083,26.417858,27.964523,29.37995,27.116903,30.890015,29.860512,31.889214,34.53466,32.3167,28.58639,27.830177,24.704624,24.07006,20.545954,21.00482,17.285295,16.844831,17.831894,16.540436,15.931302,18.038685,15.84907,18.772701,20.403564,20.823154,22.410852,23.207153,26.993683,26.97371,32.523937,31.861055,36.669033,37.85671,36.010014,32.85183,30.790403,26.084877,24.447983,21.029535,19.003336
1,4.1737165,0.0,5.2667847,6.8172445,8.773584,12.262689,14.30885,18.811243,21.614775,24.32421,28.174015,30.16651,28.510113,27.142387,22.513851,21.795591,17.01172,16.20834,13.764287,11.182546,12.245042,8.440002,12.981301,14.83218,14.0675955,12.738715,18.414595,19.290445,19.034758,21.968533,23.035843,25.508469,31.435137,30.45097,34.470562,36.404305,38.608772,38.120014,33.977192,30.126787,33.656956,29.139109,29.53591,26.854898,25.409931,23.87755,24.755796,22.74785,24.567768,27.863308,29.229177,33.15552,36.061302,37.872314,34.31296,37.15742,33.12617,33.704037,35.68079,37.009586,33.478264,36.86356,32.925545,33.594734,32.527424,30.848505,32.683243,28.880016,29.118605,24.524328,20.934816,22.801262,22.251732,23.879324,25.369873,23.289127,27.205973,26.404272,28.647158,31.342896,29.462736,25.581112,25.00304,21.64272,20.567533,17.122911,17.143326,13.136206,12.7497425,13.866765,13.0112,12.8063965,15.417954,14.013574,16.875153,18.448269,18.42666,19.953117,20.161383,23.884743,23.478851,29.231808,28.34961,33.22965,34.64647,33.011784,29.804056,28.065393,22.95166,21.835249,18.163774,16.83691
2,6.3267193,5.2667847,0.0,5.2107863,6.732579,8.348016,11.857613,14.8067045,18.483965,20.544357,24.851337,26.29898,24.441317,23.531862,18.627314,18.876707,14.058048,14.235613,12.694749,11.38863,13.866455,10.925152,16.388124,17.865019,18.143204,16.010868,21.248228,21.607737,19.519442,22.36565,22.419851,25.13803,29.902723,28.803862,32.957405,34.451046,37.12802,36.95193,32.973564,29.414068,32.948868,29.138107,28.924582,26.923338,26.649302,25.129255,26.81893,25.280827,27.595852,30.922113,31.947886,36.146957,38.51013,40.413628,36.715034,39.402466,34.93577,35.595833,37.042904,38.03466,34.39664,37.756813,34.09966,34.373768,34.046307,31.617002,33.75747,29.791775,30.842072,25.875168,22.163881,24.541307,23.12829,25.805065,26.067558,24.438627,27.852938,26.562735,28.723297,30.967558,28.93742,25.3017,23.579739,20.724287,19.83422,17.243473,16.758465,14.4668255,13.642216,15.691466,14.727303,12.946887,16.175177,14.552273,16.223543,16.986778,16.58548,17.417679,18.695389,21.695917,21.833405,26.979366,26.334158,31.00518,31.928974,29.999004,26.837404,24.87172,20.267738,18.489546,15.433616,13.1076765
3,9.710539,6.8172445,5.2107863,0.0,3.7676008,6.0976634,8.602647,12.828673,15.422572,18.416748,21.742002,23.941675,22.053196,20.442383,15.918535,15.068215,10.195881,9.774971,7.644456,6.464454,9.149577,7.233018,12.782899,13.998743,15.680775,13.839919,18.485037,17.923918,15.904854,18.055044,18.575401,20.466125,25.730764,24.248974,28.516838,30.09393,32.470104,32.303467,28.167486,24.53348,28.41075,24.66032,24.869675,23.260014,22.743097,21.854342,23.588257,22.581549,24.873507,27.919857,28.443995,32.705433,34.902508,36.45924,32.463917,34.85785,30.221088,30.741304,32.002396,33.077244,29.439161,33.112366,29.687475,30.260078,30.44574,28.221338,30.749125,27.061136,28.513922,23.77292,19.46038,21.066788,19.104124,21.490124,21.209152,19.417244,22.68699,21.354109,23.540234,25.834923,23.93172,20.206379,18.763447,15.683701,14.765597,12.03498,12.023113,10.419426,10.625303,13.516088,13.897629,12.934355,16.922413,16.497248,17.959898,18.478054,17.22485,17.547297,17.990755,20.242786,19.508451,24.752783,23.3047,28.02626,29.127113,27.726242,24.336279,23.469017,17.986717,17.325802,14.309614,13.068911
4,12.021356,8.773584,6.732579,3.7676008,0.0,5.321385,5.555568,10.60021,12.874565,15.781863,19.511877,21.627308,20.359215,18.985798,14.66528,13.624753,9.688795,8.253312,8.480923,6.1574736,9.934821,9.514187,14.318133,14.26198,15.826462,12.991866,17.09131,16.623667,13.310597,15.928732,15.739249,18.55745,23.310966,22.583939,26.502466,28.28948,30.93504,30.500807,26.640081,23.060884,26.285461,22.51614,22.203283,20.443201,20.62135,19.379171,21.590143,20.747433,23.413727,26.547949,27.045473,31.448586,33.24124,35.138462,31.392595,34.01809,29.320847,30.268082,31.47695,32.010933,28.351944,31.427847,27.895067,27.98286,28.185526,25.490267,27.975473,24.147682,25.913668,20.985922,16.809105,19.025766,16.93507,20.30432,19.925539,18.96258,22.287031,21.229992,23.737194,25.835005,24.45413,20.719093,18.878159,15.835389,14.028001,12.332043,10.347448,9.117268,8.2692995,11.41339,11.695708,10.109582,14.411055,14.470791,15.276953,15.447954,13.822821,13.969395,14.29532,16.50029,15.879592,21.189434,20.030565,24.804241,26.012333,24.472046,21.168922,20.001179,14.539364,13.890105,10.630515,9.888323
5,14.402921,12.262689,8.348016,6.0976634,5.321385,0.0,5.9687457,7.112977,10.74791,12.999535,16.728914,18.364378,16.304209,15.190109,10.354026,10.7448225,6.2997346,7.5267377,8.213948,9.1843605,12.946817,12.638696,17.84372,18.302208,20.691408,18.160133,21.91658,20.827312,16.685907,18.4445,17.507362,19.594585,22.97811,21.458342,25.749939,26.761318,29.750887,29.935913,26.15462,23.03856,26.700115,24.046297,23.41366,22.849392,23.898287,23.11709,25.750174,25.386648,28.137394,31.088448,31.180017,35.632782,37.078266,38.726856,34.706593,36.87635,31.850817,32.539776,33.104004,33.611324,29.956686,33.38271,30.422298,30.443169,31.590326,28.51381,31.374197,27.669788,30.10621,25.180805,20.937002,22.986544,20.05429,23.658175,21.824709,20.909813,23.327534,21.517378,23.584368,25.13606,23.31702,20.087702,17.02594,14.87745,14.042623,13.217148,12.079419,13.256089,12.908064,16.397896,16.761753,14.520307,18.802279,18.54088,18.600927,18.072508,16.118729,15.236445,16.705399,17.465631,17.240673,21.397446,20.103672,24.421934,24.88387,23.242867,19.898598,19.128378,14.245488,13.109081,11.385197,9.377936
6,17.535843,14.30885,11.857613,8.602647,5.555568,5.9687457,0.0,6.7543926,7.513832,10.864716,14.225232,16.600811,15.88105,14.440588,10.848336,9.150021,7.2431765,4.745851,8.638904,7.5131145,11.675186,13.256448,17.154678,16.007624,18.599083,15.429595,17.94013,16.591799,11.226994,13.144963,11.680232,14.689936,18.190659,17.808977,21.51656,23.2272,26.198364,25.755854,22.212109,18.950481,21.75851,18.732702,17.792517,16.9654,18.520363,17.648039,20.69261,20.765738,23.77554,26.598446,26.475664,31.000425,31.97079,33.862434,30.118156,32.5126,27.515814,28.718063,29.34745,29.245813,25.610382,28.314241,25.200949,24.83008,26.017485,22.66856,25.580175,21.938644,24.767508,19.954657,15.696206,17.888002,14.717618,19.194246,17.358587,17.463062,20.0844,18.95902,21.575563,23.108912,22.283754,18.872402,16.169758,13.65167,11.179626,11.564542,7.7285585,9.755993,8.891374,12.58595,13.641592,11.744978,16.18933,17.166668,16.730307,15.972074,13.317349,12.187743,12.355775,12.688106,11.686461,16.372087,14.832964,19.480486,20.55991,19.204273,15.802105,15.419739,9.534579,9.844999,7.5173073,8.10881
7,21.092636,18.811243,14.8067045,12.828673,10.60021,7.112977,6.7543926,0.0,5.2713614,5.9660816,10.5512085,11.4937,10.197285,9.981209,5.8913603,7.4880133,7.260015,8.325233,12.37226,13.535993,17.555147,18.695322,23.151419,22.483143,25.274036,22.105274,24.56523,23.06727,17.024254,18.275341,15.6072445,18.139776,18.854973,18.067394,21.78685,22.392647,26.093527,26.353102,23.329386,20.965084,23.651674,22.26572,20.504137,21.061686,23.90678,23.206745,26.68458,27.069225,30.210007,32.936405,32.571953,37.095974,37.58542,39.419434,35.63686,37.66544,32.451084,33.537537,33.462887,33.070927,29.552685,32.19758,29.747143,28.979376,31.053473,27.101862,30.170584,26.648361,30.109673,25.305082,21.471754,23.870161,20.21909,25.046654,21.943186,22.389227,23.959734,22.15255,24.239904,24.930122,23.832375,21.230377,16.955368,15.89176,14.500175,16.020102,13.092772,16.433931,15.540584,19.060741,19.590881,16.72099,20.841167,21.25286,19.864689,18.252203,15.463417,13.108096,15.089279,13.552064,13.791717,16.17208,15.148792,18.78108,18.5968,16.727274,13.529432,13.105496,9.237542,8.073807,8.842862,7.5013075
8,24.529642,21.614775,18.483965,15.422572,12.874565,10.74791,7.513832,5.2713614,0.0,4.616902,6.763455,9.342801,9.333371,8.109554,6.651597,5.133756,8.263448,7.5054054,12.84687,13.775223,17.411814,19.829874,23.254255,21.743547,25.123838,22.02478,23.268501,21.137806,14.583965,14.872573,11.677328,13.763358,13.591538,13.247643,16.63678,17.525265,21.248447,21.256823,18.457392,16.29985,18.524973,17.660206,15.678102,17.076777,20.52805,20.362766,24.08705,25.160543,28.29998,30.629873,29.765732,34.21352,34.16091,35.849438,32.126926,33.93727,28.689148,29.957695,29.562506,28.70999,25.315268,27.610765,25.523584,24.585506,27.348343,23.293367,26.660213,23.56226,27.596647,23.260105,19.411425,21.251286,17.073515,22.14579,18.23141,19.493265,20.547314,19.023544,21.25021,21.619167,21.313978,18.926695,14.738394,13.923288,11.80088,14.73906,10.902319,15.674502,15.15394,18.669125,20.012514,17.83356,21.924896,23.23188,21.704428,20.020613,16.775255,14.172706,14.839426,11.958451,11.037176,12.78953,10.671415,14.2574835,14.36669,13.276348,9.75819,11.38007,6.5435214,8.1941595,9.447232,10.503368
9,26.822372,24.32421,20.544357,18.416748,15.781863,12.999535,10.864716,5.9660816,4.616902,0.0,6.216228,6.231887,7.1730714,8.057163,7.2750964,8.492408,11.533023,11.805651,16.843283,17.853437,21.698917,23.682768,27.493334,26.068266,29.07968,25.661228,27.026358,25.242203,18.310785,18.943115,15.130189,17.728497,15.766616,15.996331,18.738674,19.031693,23.246614,23.451656,21.33383,19.806534,21.291311,21.149996,18.468107,20.078856,24.25075,23.730581,27.673677,28.679441,31.969763,34.389862,33.635204,38.074284,37.758274,39.675785,36.188183,38.048298,32.849365,34.24935,33.685154,32.52227,29.257652,31.085978,29.166435,27.754702,30.580212,26.079998,29.23336,26.08594,30.289501,25.878256,22.565786,24.966953,20.979391,26.415562,22.516277,24.041574,24.90024,23.305532,25.347925,25.35369,25.02824,23.007025,18.35349,18.090412,16.311642,19.244658,15.429772,19.783659,18.72473,21.987497,22.74432,19.877094,23.622808,24.628393,22.43912,20.248316,17.05421,13.886778,15.621112,11.93202,12.342476,12.323288,11.51067,14.041703,13.157294,11.19858,8.2360115,8.950081,7.0433865,7.012074,10.162182,10.412542
10,30.947931,28.174015,24.851337,21.742002,19.511877,16.728914,14.225232,10.5512085,6.763455,6.216228,0.0,4.541673,5.876747,5.077677,8.281014,7.747331,12.875888,13.107056,17.9514,19.792557,22.965565,25.768064,28.818367,27.218178,31.109304,28.228262,28.768908,26.138496,19.577774,18.69071,15.156408,15.653087,11.852642,11.146861,13.72449,13.222173,17.554749,18.260885,16.507109,15.881053,17.467527,18.917923,16.516474,19.75375,24.040617,24.535522,28.407103,30.120987,33.181343,35.06366,33.637615,37.87577,37.097923,38.446926,34.76444,35.93835,30.67762,31.834229,30.54619,29.189028,26.214493,28.206821,27.219759,26.035606,30.016914,25.803822,29.394451,26.964935,31.636045,27.876385,24.367739,25.66963,21.104563,25.96674,20.774014,22.621538,22.298698,20.523285,22.122356,21.376572,21.542017,20.34446,15.489184,16.308554,14.994038,19.018707,15.956114,21.587467,21.422468,24.830677,26.41127,24.294743,28.187458,29.651178,27.720503,25.684156,22.330393,19.25563,20.00889,15.6621895,14.805906,13.636111,11.135504,12.380365,11.031381,10.898515,8.140328,12.37343,10.394507,12.447643,15.186876,16.221405
11,32.577118,30.16651,26.29898,23.941675,21.627308,18.364378,16.600811,11.4937,9.342801,6.231887,4.541673,0.0,4.611052,6.86313,9.611682,11.136352,15.510048,16.37193,21.15301,22.972832,26.472385,28.811237,32.346767,30.89949,34.430832,31.244438,32.098335,29.83721,22.945333,22.615871,18.693922,19.97391,15.57685,15.434108,17.432976,16.483677,21.009106,21.85147,20.63322,20.307898,21.372934,22.98761,20.12507,23.118801,27.800508,27.865425,31.89116,33.410023,36.621025,38.681625,37.457645,41.73778,40.87725,42.472816,38.970387,40.28367,35.06815,36.323975,35.041267,33.54604,30.629671,32.295013,31.273514,29.743773,33.543934,28.991724,32.34131,29.752949,34.438877,30.497915,27.342442,29.221727,24.871021,30.073856,25.156502,27.02384,26.830166,24.997057,26.509964,25.661768,25.620125,24.54463,19.431892,20.369814,19.23263,22.94324,19.75813,24.948334,24.308096,27.606972,28.669346,25.973461,29.637587,30.775051,28.396107,26.025867,22.806576,19.440401,21.035284,16.418236,16.620523,14.434111,13.293632,13.717813,11.39371,10.269571,8.494313,11.499777,11.787006,12.506144,16.137838,16.482273
12,30.616251,28.510113,24.441317,22.053196,20.359215,16.304209,15.88105,10.197285,9.333371,7.1730714,5.876747,4.611052,0.0,3.8740506,6.390683,9.283903,12.981592,15.0231285,18.970856,21.679838,25.053724,26.986351,30.860584,30.07672,33.85484,31.03646,32.500946,30.106972,23.76078,23.346718,20.113916,20.66958,17.616732,15.903155,18.972364,17.673584,21.86495,23.24254,21.33432,20.733517,23.076523,24.401756,22.246506,25.10335,29.030739,29.297108,33.07922,34.392876,37.479256,39.63043,38.446987,42.786324,42.377487,43.691406,39.793175,40.92155,35.562244,36.39383,35.092384,34.206818,31.159367,33.69991,32.65218,31.694439,35.4377,31.255,34.76277,32.02776,36.44389,32.285122,28.63002,30.24358,25.784698,30.448967,25.417292,26.503344,26.239122,23.89159,25.083797,24.302282,23.540726,22.568333,17.117168,18.346712,18.084946,21.323172,19.28739,24.492245,24.28171,27.89225,29.001745,26.356884,30.338844,31.088726,29.173826,27.067692,24.007185,20.890123,22.765995,18.948488,18.976557,18.044096,16.430687,17.618156,15.657823,14.6997595,12.440393,14.924251,13.865301,14.09923,17.11343,16.590063
13,29.510786,27.142387,23.531862,20.442383,18.985798,15.190109,14.440588,9.981209,8.109554,8.057163,5.077677,6.86313,3.8740506,0.0,5.1135545,6.3015246,10.64312,12.547918,16.253145,19.300613,22.314955,24.587973,28.08423,27.325302,31.493048,29.038368,30.324444,27.581543,21.707268,20.775063,18.095999,17.731075,15.465971,12.809245,16.50297,15.336962,19.196709,20.659668,18.258718,17.459936,20.508352,21.744312,20.163658,23.193153,26.61488,27.300846,30.875559,32.32963,35.242554,37.22662,35.858955,40.1366,39.84454,40.86804,36.762638,37.682377,32.287357,32.914364,31.547464,30.90713,27.839035,30.819553,29.880556,29.326658,33.229355,29.427193,33.12347,30.551071,34.901184,30.911585,26.932749,27.981087,23.359331,27.539902,22.229204,23.083862,22.59537,20.120667,21.228243,20.472275,19.687386,18.729548,13.284412,14.667672,14.652462,18.064281,16.575281,22.159649,22.47646,26.215096,27.770287,25.634377,29.824717,30.792765,29.300344,27.490858,24.352211,21.492804,22.738705,19.20439,18.459093,18.285997,15.770184,17.421404,16.04777,15.756459,13.001769,16.279612,13.734501,14.8538685,17.128305,17.057562
14,24.639496,22.513851,18.627314,15.918535,14.66528,10.354026,10.848336,5.8913603,6.651597,7.2750964,8.281014,9.611682,6.390683,5.1135545,0.0,5.007793,6.759304,9.61708,12.896862,15.9208,19.28236,20.814695,24.972841,24.678959,28.416742,25.896425,28.020716,25.735603,20.110352,20.052975,17.72763,18.288504,18.040295,15.663255,19.829117,19.43428,23.052038,24.129543,21.110828,19.382324,22.85974,22.731525,21.374777,23.257812,26.070658,26.25886,29.66295,30.547895,33.48572,35.838085,34.935062,39.352184,39.638847,40.88892,36.725773,38.061142,32.667583,33.28349,32.51886,32.31531,28.960503,32.22392,30.570478,30.188133,33.248283,29.544481,33.038666,29.985682,33.824196,29.392601,25.244074,26.720665,22.461607,26.634966,22.247759,22.461306,22.911577,20.439674,21.858112,21.895334,20.495468,18.713774,13.570506,13.852154,13.774258,16.023645,14.687542,19.376837,19.489082,23.295818,24.458067,22.096243,26.37188,26.889154,25.703663,24.12576,21.25929,18.747494,20.408594,17.984205,17.591623,18.852894,16.834244,19.605534,18.776516,17.716707,14.586853,16.186567,12.781656,12.837609,14.327998,13.36702
15,24.586784,21.795591,18.876707,15.068215,13.624753,10.7448225,9.150021,7.4880133,5.133756,8.492408,7.747331,11.136352,9.283903,6.3015246,5.007793,0.0,5.4947605,6.3435435,10.364643,13.094114,16.05885,18.56838,21.865606,21.038013,25.233511,22.961403,24.39857,21.650549,16.291792,15.535911,13.675098,13.414209,14.183901,11.552001,16.019775,16.30639,19.514183,20.221325,16.798086,14.643208,18.450571,18.00933,17.147135,19.165125,21.616701,22.27183,25.543701,26.751856,29.546047,31.635714,30.461168,34.80464,35.01841,36.073723,31.839815,33.077404,27.67706,28.31905,27.576685,27.35796,23.973083,27.351986,25.728113,25.598951,28.827284,25.452362,29.120596,26.340738,30.219948,26.130365,21.75864,22.577673,18.09311,21.985378,17.291563,17.664127,18.041355,15.782392,17.50234,17.737091,16.841745,14.727514,10.006803,9.801375,9.047571,12.074766,10.480425,15.975777,16.634989,20.473036,22.326363,20.740606,25.10655,26.23657,25.366714,24.064306,21.00666,18.760118,19.257498,16.88107,15.407024,17.307346,14.317668,17.520416,17.474295,17.16258,13.716125,16.333744,11.512155,13.164309,13.837725,14.253405
16,19.520874,17.01172,14.058048,10.195881,9.688795,6.2997346,7.2431765,7.260015,8.263448,11.533023,12.875888,15.510048,12.981592,10.64312,6.759304,5.4947605,0.0,4.555689,6.170895,9.685469,12.764694,14.17104,18.318783,18.463535,22.325575,20.361074,22.963863,20.674246,16.395363,16.508318,15.699231,15.904186,18.808132,16.111895,20.800127,21.383139,24.147978,24.765049,20.862476,18.059437,22.420523,20.748602,20.491898,21.282597,22.551067,22.833488,25.609438,26.111366,28.741066,31.159538,30.474659,34.85687,35.852352,36.931637,32.546696,34.040108,28.75144,29.127779,28.99183,29.504673,25.950434,29.865063,27.658743,27.98413,30.288816,27.354332,30.768616,27.617489,30.734833,26.305698,21.68056,22.643904,18.756811,21.997929,18.518288,17.67831,18.998219,16.649012,18.378801,19.454712,17.652077,14.84541,11.00825,9.553228,9.477655,10.070137,9.958687,13.829979,14.695869,18.61583,20.13936,18.622803,23.104885,23.632704,23.477488,22.683445,20.116398,18.563683,19.335608,18.529587,17.353567,20.644192,18.162617,22.030813,22.294846,21.496101,17.980074,19.194181,13.90547,14.411252,13.792602,13.148748
17,19.465828,16.20834,14.235613,9.774971,8.253312,7.5267377,4.745851,8.325233,7.5054054,11.805651,13.107056,16.37193,15.0231285,12.547918,9.61708,6.3435435,4.555689,0.0,5.609482,6.8108463,10.145202,12.671435,16.007061,15.137317,19.015696,16.789207,18.780561,16.389961,11.864583,12.0789,11.51033,12.246522,16.31648,14.575349,18.874775,20.335674,22.894695,22.819635,18.872946,15.575048,19.457426,16.925375,16.789757,16.994818,18.059258,18.283596,21.08423,21.69939,24.387241,26.772827,26.080816,30.505177,31.429472,32.694565,28.482044,30.282656,25.065428,25.811794,26.025213,26.27373,22.644012,26.15618,23.57818,23.816391,25.816313,22.950068,26.31535,23.182419,26.250683,21.940237,17.24517,18.11478,14.241176,17.793617,14.736871,14.3473,16.314707,14.697194,17.091751,18.554903,17.558474,14.223575,11.466518,8.93832,6.8836484,7.809059,5.570346,9.906644,10.80464,14.732979,16.722721,15.746888,20.200775,21.362738,21.277138,20.644701,17.933472,16.649265,16.413008,15.897475,14.054941,18.124441,15.424984,19.761738,20.7461,20.159899,16.587004,17.844004,11.726043,13.178615,11.744894,12.468259
18,16.739388,13.764287,12.694749,7.644456,8.480923,8.213948,8.638904,12.37226,12.84687,16.843283,17.9514,21.15301,18.970856,16.253145,12.896862,10.364643,6.170895,5.609482,0.0,5.2838883,7.0379295,8.592778,12.301188,13.034046,17.198746,16.188673,19.084486,16.734901,14.626246,14.698534,15.750456,15.313946,20.755648,18.023653,22.671186,23.972176,25.855492,26.055883,21.655535,18.152906,22.977282,20.037792,20.939388,20.736597,20.233503,20.749487,22.643469,22.793606,24.933323,27.276756,26.759491,30.97501,32.66992,33.47273,28.916218,30.478706,25.4487,25.520247,26.040539,27.292854,23.70303,28.153908,25.542068,26.63133,28.171873,26.206831,29.443872,26.417269,28.719002,24.578217,19.674864,19.797924,16.561497,18.31793,16.066593,13.953016,16.197802,14.246001,16.175552,18.290195,16.329542,12.675893,11.251428,8.07463,7.9996285,5.468547,7.9461517,9.961441,12.077103,15.7361555,17.777857,17.541683,21.890102,22.537775,23.4428,23.446722,21.292547,20.67504,20.45359,20.947569,19.1178,23.625858,20.863382,25.201979,26.224382,25.742296,22.164494,23.276793,17.193115,18.150875,16.150198,16.077353
19,14.971973,11.182546,11.38863,6.464454,6.1574736,9.1843605,7.5131145,13.535993,13.775223,17.853437,19.792557,22.972832,21.679838,19.300613,15.9208,13.094114,9.685469,6.8108463,5.2838883,0.0,4.22467,6.4355516,9.705599,9.259113,12.641532,11.016531,14.149095,12.436415,10.758475,12.0569515,13.552334,14.613329,20.975687,19.639954,23.643087,25.741484,27.611557,27.063543,22.84236,18.960062,22.804905,18.671265,19.507853,17.945925,16.856243,16.677488,18.344587,18.015413,20.251095,22.906662,22.871548,27.17566,29.112246,30.41526,26.263153,28.53281,23.804502,24.433105,25.706926,26.668324,23.036667,26.730347,23.362055,24.222052,24.718052,22.865067,25.687767,22.41921,24.169258,19.920956,15.10935,15.635518,13.229826,15.267827,14.800879,13.104359,16.625183,15.800887,18.389874,20.890635,19.725029,15.729828,15.216036,11.539016,9.568419,6.7946353,6.2426286,5.033805,7.062918,10.527922,12.696538,13.109192,17.261414,18.277039,19.527374,19.936443,18.026,18.089725,17.08097,18.675093,16.722868,22.159359,19.849997,24.609245,26.243229,25.576363,22.114275,22.445383,16.140293,17.156363,14.110869,14.800328
20,15.939379,12.245042,13.866455,9.149577,9.934821,12.946817,11.675186,17.555147,17.411814,21.698917,22.965565,26.472385,25.053724,22.314955,19.28236,16.05885,12.764694,10.145202,7.0379295,4.22467,0.0,4.817154,5.8753753,6.0873747,10.448571,10.467324,13.296743,11.232432,12.154683,12.677803,15.508184,15.359252,22.728107,21.00577,24.945099,27.191853,28.411533,27.802572,23.382584,19.36993,23.570194,19.101011,20.852295,19.134258,16.684757,17.088453,17.83838,17.445293,19.027838,21.354336,21.239271,25.261574,27.685266,28.519623,24.153889,26.219122,21.75856,21.969257,23.59376,25.18979,21.691235,25.886333,22.548302,24.129736,24.344906,23.425602,26.164137,23.302286,24.50658,20.85211,16.047407,15.36342,13.533187,13.667424,14.031205,11.210367,15.064021,14.562402,16.983913,19.968138,18.759838,14.655366,15.650284,11.723058,10.313076,6.1023207,8.1319475,5.714708,9.085259,11.608444,14.271097,15.789399,19.489382,20.605637,22.44045,23.23567,21.560625,21.924145,20.457525,22.24556,19.910618,25.409666,22.75327,27.414042,29.270527,28.970705,25.523079,26.269773,19.84755,21.225328,18.112213,18.977346
21,11.677262,8.440002,10.925152,7.233018,9.514187,12.638696,13.256448,18.695322,19.829874,23.682768,25.768064,28.811237,26.986351,24.587973,20.814695,18.56838,14.17104,12.671435,8.592778,6.4355516,4.817154,0.0,5.778605,8.520458,10.763801,11.135892,15.530288,14.64013,15.783141,17.121477,19.518011,20.003853,27.012077,25.167002,29.32568,31.329416,32.761196,32.355957,27.90614,23.962296,28.242796,23.801317,25.278015,23.268242,20.859085,20.67848,21.199461,20.07038,21.494389,24.125057,24.600945,28.463745,31.347464,32.311295,28.117208,30.308966,26.129482,26.175446,27.982386,29.838795,26.393127,30.606615,27.130102,28.643862,28.346651,27.415888,29.842564,26.694128,27.376865,23.448437,18.964108,18.965996,17.753716,17.899576,18.838041,15.851543,19.586514,18.797264,20.86414,23.846212,22.03161,18.069199,18.74223,15.061208,14.396737,9.994674,12.205066,8.855824,11.06207,13.083968,14.642887,15.868581,19.296698,19.515274,21.932869,23.093088,21.990856,22.771301,21.922026,24.443333,22.730722,28.411484,26.242683,31.023558,32.674183,31.94582,28.482685,28.47849,22.339401,22.813295,19.460289,19.380938
22,16.171938,12.981301,16.388124,12.782899,14.318133,17.84372,17.154678,23.151419,23.254255,27.493334,28.818367,32.346767,30.860584,28.08423,24.972841,21.865606,18.318783,16.007061,12.301188,9.705599,5.8753753,5.778605,0.0,4.852657,7.708904,10.285664,13.29365,12.118159,15.921175,16.546759,20.168413,19.789345,27.740612,26.058708,29.767935,32.198624,32.90832,32.138153,27.70266,23.666513,27.760006,22.821331,25.160816,22.7926,18.965416,19.353582,18.797842,17.710577,18.291515,20.387037,20.764187,24.185186,27.53093,28.049246,23.85669,25.966452,22.348183,22.166014,24.550943,26.842371,23.683138,27.953903,24.437216,26.599953,25.80716,25.97849,28.192488,25.62743,25.688326,22.662508,18.38285,17.005608,16.64972,14.802285,17.100601,13.558188,17.6313,17.711681,19.758085,23.139349,21.870766,17.940723,20.198442,16.363892,15.4716425,10.944882,13.585772,9.555746,12.589808,13.561715,15.934629,18.49003,21.340221,22.229984,24.936497,26.362118,25.276484,26.27166,24.50441,27.07263,24.738426,30.526712,27.991423,32.66701,34.765755,34.523014,31.140682,31.657703,25.287273,26.528322,23.039993,23.8121
23,18.61699,14.83218,17.865019,13.998743,14.26198,18.302208,16.007624,22.483143,21.743547,26.068266,27.218178,30.89949,30.07672,27.325302,24.678959,21.038013,18.463535,15.137317,13.034046,9.259113,6.0873747,8.520458,4.852657,0.0,5.7142434,7.524645,8.935311,7.272697,11.902342,12.547643,16.509188,16.529875,24.67179,23.857119,26.99966,29.892797,30.580256,29.315495,25.149134,21.04381,24.339659,18.92852,21.271078,18.42628,14.25436,14.623158,13.971299,13.132787,13.910445,16.035448,16.283072,20.00503,23.061583,23.931358,19.930996,22.51291,18.844059,19.33209,21.949615,23.618057,20.428473,23.991919,20.12864,22.072123,21.00296,21.221111,23.363749,20.913458,21.021524,18.227444,13.966413,12.18224,12.202686,10.35518,13.617757,10.9284525,15.560085,16.430954,19.025723,22.305922,21.90689,17.906853,20.102932,16.169588,14.114752,10.613168,11.295822,6.714287,9.826351,10.325125,13.456911,16.524088,19.220228,20.922783,23.242498,24.531574,23.21281,24.181744,21.715479,24.162987,21.481745,27.290276,24.765146,29.382473,31.825987,31.758976,28.546457,29.176678,22.833445,24.608606,21.068575,22.69978
24,17.557922,14.0675955,18.143204,15.680775,15.826462,20.691408,18.599083,25.274036,25.123838,29.07968,31.109304,34.430832,33.85484,31.493048,28.416742,25.233511,22.325575,19.015696,17.198746,12.641532,10.448571,10.763801,7.708904,5.7142434,0.0,4.735997,7.4178767,8.857028,14.050929,16.071089,19.545744,20.951807,28.797802,28.737055,31.596106,34.707184,35.605373,34.05412,30.123014,26.020147,28.581354,22.750044,24.632977,20.750628,16.413486,15.530317,14.123723,11.815618,12.148347,14.862851,16.44571,19.798197,23.463446,24.985594,21.897167,25.175552,22.325277,23.207245,26.359697,27.7894,24.804226,27.459564,23.091349,24.604452,22.086615,22.522907,23.769354,21.08356,19.893604,17.18366,13.979306,13.196592,14.949104,13.507353,18.243845,16.222849,20.954548,22.072428,24.712696,27.984364,27.609322,23.593287,25.522572,21.557642,19.278835,15.892426,15.514068,9.523668,10.813934,9.362624,11.355751,15.222933,16.731354,18.236933,21.251085,23.165062,22.609787,24.375118,21.739315,25.344233,23.15112,29.322084,27.558378,32.303474,34.93029,34.47128,31.439726,31.096252,25.154264,26.352407,22.311384,23.828829
25,16.575724,12.738715,16.010868,13.839919,12.991866,18.160133,15.429595,22.105274,22.02478,25.661228,28.228262,31.244438,31.03646,29.038368,25.896425,22.961403,20.361074,16.789207,16.188673,11.016531,10.467324,11.135892,10.285664,7.524645,4.735997,0.0,5.7957425,8.064449,10.933141,14.0772505,16.609425,19.339685,26.486134,27.07342,29.782858,32.933193,34.352684,32.695473,28.991848,24.940586,26.963257,21.170765,22.231766,18.052614,14.82824,13.001557,12.638043,10.207382,11.830742,15.186804,16.83892,20.711407,23.64916,25.854992,23.0091,26.596874,23.325106,24.756853,27.569712,28.280073,25.09506,27.14848,22.5864,23.275475,20.837025,20.2265,21.464878,18.18663,17.448292,13.8213005,10.521027,11.37217,12.915401,13.604023,17.751804,16.72146,21.453228,22.427586,25.373375,28.342522,28.125132,24.045492,25.018557,21.120926,18.250141,15.6361685,13.528825,7.2728405,6.969837,4.786437,6.7061257,10.655258,12.29447,14.186748,16.816334,18.588795,17.962626,19.803091,17.085249,20.967583,19.065107,25.335773,24.049038,28.867594,31.47138,30.707773,27.798044,26.932558,21.271872,22.243193,18.082647,19.820166
26,22.333776,18.414595,21.248228,18.485037,17.09131,21.91658,17.94013,24.56523,23.268501,27.026358,28.768908,32.098335,32.500946,30.324444,28.020716,24.39857,22.963863,18.780561,19.084486,14.149095,13.296743,15.530288,13.29365,8.935311,7.4178767,5.7957425,0.0,4.4798946,9.441351,11.855777,14.975362,17.447353,24.641335,26.009953,27.871489,31.484451,32.463886,30.272093,26.991894,23.103172,24.128084,17.973778,19.376423,14.656339,10.355551,8.595868,7.0778136,4.666395,6.40253,9.703584,11.24661,15.251797,17.920708,20.3905,17.997969,21.97491,19.157986,21.167816,24.241001,24.425104,21.557558,22.654701,17.861408,18.498241,15.34531,15.482645,16.425882,13.740863,12.617988,10.130952,7.327938,6.5266685,9.783093,9.750043,15.225305,15.20199,19.804688,21.64869,24.74182,27.57895,28.222265,24.36937,25.853428,22.113953,18.707304,17.067244,14.206612,9.253172,9.276929,6.6858435,9.623363,13.717561,14.806165,17.726677,19.604519,21.030888,20.025202,21.571726,17.89299,21.086033,18.506134,24.389503,22.863092,27.30709,30.363382,30.12734,27.50586,27.270287,21.764153,23.680647,19.874367,22.621647
27,23.381586,19.290445,21.607737,17.923918,16.623667,20.827312,16.591799,23.06727,21.137806,25.242203,26.138496,29.83721,30.106972,27.581543,25.735603,21.650549,20.674246,16.389961,16.734901,12.436415,11.232432,14.64013,12.118159,7.272697,8.857028,8.064449,4.4798946,0.0,7.536661,8.345947,12.415183,13.573708,21.292978,22.189705,24.13652,27.708143,28.409212,26.32387,22.874409,18.946867,20.410711,14.3202915,16.375084,12.442044,7.592063,7.634224,6.797566,6.861736,8.425342,10.577329,10.531016,14.876089,17.062143,18.828896,15.5378,19.018305,15.509994,17.368713,20.138174,20.42765,17.385748,19.150883,14.618372,15.809913,14.001982,14.179076,16.107635,13.855804,14.114912,11.87923,7.925711,4.95869,6.5873175,5.6673107,10.843242,10.797738,15.343118,17.302036,20.407679,23.200043,24.04624,20.310184,22.073317,18.445684,15.0336,13.755771,11.221603,7.666214,9.125891,8.382483,12.159555,15.557449,17.630817,20.51592,21.986555,22.94924,21.339493,22.210934,18.668509,20.767426,17.629938,23.18872,20.877542,25.207987,28.201029,28.396479,25.623856,26.336637,20.439999,22.970747,19.599714,22.487482
28,23.148767,19.034758,19.519442,15.904854,13.310597,16.685907,11.226994,17.024254,14.583965,18.310785,19.577774,22.945333,23.76078,21.707268,20.110352,16.291792,16.395363,11.864583,14.626246,10.758475,12.154683,15.783141,15.921175,11.902342,14.050929,10.933141,9.441351,7.536661,0.0,4.6746874,5.772052,9.894807,15.913205,17.702091,19.609674,23.02654,24.775017,22.7962,19.67493,15.982329,16.822624,11.4369955,11.499081,7.8771944,7.654373,6.5204325,9.678187,10.647895,13.749704,16.125996,15.723875,20.252567,20.878305,23.174269,20.076681,23.212412,18.857203,21.058645,22.592957,21.794855,18.430452,19.617064,15.52738,15.036538,14.991624,12.319432,15.081443,11.8046465,14.4420395,10.555889,5.7411876,6.857775,4.2768908,9.886175,10.642307,12.422384,16.02337,17.117619,20.434847,22.44741,23.345264,19.771494,19.600859,16.448439,12.284572,12.950477,7.380785,6.962156,6.396048,7.644289,10.905466,12.2637825,15.213189,18.278269,18.342505,18.335402,15.919403,15.920746,12.495472,13.510783,10.21188,15.834229,13.705677,18.32209,21.157158,21.020042,18.249039,18.820242,12.99582,15.827251,12.924243,16.41755
29,26.08431,21.968533,22.36565,18.055044,15.928732,18.4445,13.144963,18.275341,14.872573,18.943115,18.69071,22.615871,23.346718,20.775063,20.052975,15.535911,16.508318,12.0789,14.698534,12.0569515,12.677803,17.121477,16.546759,12.547643,16.071089,14.0772505,11.855777,8.345947,4.6746874,0.0,4.975402,5.72414,12.983359,14.306055,16.057571,19.63224,20.812101,18.77516,15.490873,11.714601,12.893129,7.358373,8.750224,6.7968645,6.147697,7.7605796,10.472089,12.644842,15.116747,16.592299,15.11292,19.466963,19.620092,21.156263,17.51125,19.98224,15.188296,17.26534,18.311968,17.41697,13.970195,15.686316,12.116281,12.26238,13.825834,11.710065,15.246045,13.064961,16.266005,13.564859,9.184129,7.63773,2.7768648,7.6854186,6.1783886,8.9339695,11.855301,13.279857,16.592865,18.42508,19.861,16.605093,16.953947,14.122575,9.93444,11.587798,6.9036865,9.0366,10.143193,11.800728,15.362036,16.779196,19.877453,22.861603,22.90608,22.720062,20.071838,19.562052,16.397305,16.110405,12.32477,16.766857,13.499473,17.582636,20.419838,21.090893,18.301907,20.32769,14.456485,18.055897,15.962914,19.378794
30,26.99505,23.035843,22.419851,18.575401,15.739249,17.507362,11.680232,15.6072445,11.677328,15.130189,15.156408,18.693922,20.113916,18.095999,17.72763,13.675098,15.699231,11.51033,15.750456,13.552334,15.508184,19.518011,20.168413,16.509188,19.545744,16.609425,14.975362,12.415183,5.772052,4.975402,0.0,6.528749,10.331039,12.999095,14.361341,17.77921,19.917042,17.916553,15.276134,12.143696,12.155258,8.123998,6.645996,5.650021,9.205896,9.423092,13.302584,15.340711,18.342695,20.078207,18.830967,23.150698,22.63475,24.643667,21.503878,23.951075,19.204844,21.468952,21.939144,20.328064,17.051085,17.839865,14.769673,13.506224,15.672439,11.87851,15.450718,12.822512,17.054493,13.777519,10.041485,10.700824,6.466555,12.489756,10.058705,13.236635,15.2848835,16.03678,19.191479,20.345982,21.762426,18.824633,17.69426,15.479186,11.228964,13.991043,8.085532,11.4009905,11.116102,13.111585,15.873579,16.055264,19.217382,22.19278,21.312227,20.475897,17.43381,16.250387,13.342815,11.769046,7.860008,11.827028,8.6256275,12.98806,15.809132,16.22188,13.524779,15.524398,10.023298,14.032599,12.697751,16.520533
31,29.442038,25.508469,25.13803,20.466125,18.55745,19.594585,14.689936,18.139776,13.763358,17.728497,15.653087,19.97391,20.66958,17.731075,18.288504,13.414209,15.904186,12.246522,15.313946,14.613329,15.359252,20.003853,19.789345,16.529875,20.951807,19.339685,17.447353,13.573708,9.894807,5.72414,6.528749,0.0,8.448883,8.852197,10.679945,14.135293,15.14472,13.386112,9.844842,6.1021094,8.276296,4.9799333,6.799101,8.944839,10.200455,12.747891,15.454058,18.100986,20.30962,21.226267,19.028122,22.974222,22.3897,23.14742,19.164667,20.449055,15.211307,16.795015,16.429058,15.161156,11.738963,14.1788025,12.337871,12.624953,16.50801,14.2550535,18.28206,16.88409,20.853088,18.593897,14.601642,12.902574,8.150426,11.171866,5.4552703,9.020681,9.444352,10.276659,13.263422,14.186572,16.20757,13.7594595,13.574358,11.8692,8.168255,11.839173,8.478033,13.273234,14.773264,17.130585,20.528835,21.272217,24.73928,27.507732,27.137468,26.483036,23.46051,22.166573,19.671535,17.792568,14.009094,16.66531,12.364516,15.50964,17.877054,19.338377,16.588354,20.212322,14.747687,18.866646,17.988985,21.14856
32,35.124577,31.435137,29.902723,25.730764,23.310966,22.97811,18.190659,18.854973,13.591538,15.766616,11.852642,15.57685,17.616732,15.465971,18.040295,14.183901,18.808132,16.31648,20.755648,20.975687,22.728107,27.012077,27.740612,24.67179,28.797802,26.486134,24.641335,21.292978,15.913205,12.983359,10.331039,8.448883,0.0,6.113696,4.6222396,8.02638,10.651325,8.869929,7.928253,7.786929,5.878763,8.951021,6.7407713,12.058289,16.399946,18.225058,21.6862,24.571726,27.109161,27.92095,25.604742,29.262278,27.483559,28.448595,25.224783,26.049791,21.236454,22.982695,21.463846,18.892576,16.443565,16.990633,16.795986,15.393386,20.600212,17.04572,20.942442,19.977556,24.994255,22.909372,19.943205,19.467655,15.014311,19.058596,13.43687,17.137632,16.079191,16.110983,18.141037,17.381905,19.79071,18.694067,16.576828,16.675747,13.924953,18.613792,14.892651,20.364752,20.863699,23.32928,26.064821,25.68341,29.0242,31.760796,30.294134,28.806677,25.419224,23.140558,21.363455,17.323881,14.236521,13.344315,8.813894,9.299385,10.961693,13.572071,11.754019,17.089684,13.9108715,18.304642,19.33629,22.507793
33,33.913227,30.45097,28.803862,24.248974,22.583939,21.458342,17.808977,18.067394,13.247643,15.996331,11.146861,15.434108,15.903155,12.809245,15.663255,11.552001,16.111895,14.575349,18.023653,19.639954,21.00577,25.167002,26.058708,23.857119,28.737055,27.07342,26.009953,22.189705,17.702091,14.306055,12.999095,8.852197,6.113696,0.0,5.0880904,6.186242,8.398343,8.713466,5.543596,5.4088197,8.586185,11.462057,11.35537,16.047495,18.844845,21.181133,24.2047,26.857311,29.157656,30.003538,27.589108,31.272017,30.159239,30.4166,26.40311,26.56363,21.397682,22.165266,20.138199,18.719297,16.093832,18.784435,18.999384,18.945902,24.146185,21.39498,25.46614,24.31976,28.903557,26.496792,22.707138,21.674973,16.861954,19.709532,13.102084,15.416507,13.353811,12.182713,13.527844,12.254545,14.254076,13.745405,11.212091,12.29161,10.907501,15.766859,14.058356,20.209818,21.571299,24.629826,27.574192,27.245558,31.111164,33.41131,32.425453,31.130903,27.78631,25.533394,24.319849,20.771744,17.828423,17.890926,13.319708,14.438956,15.083836,17.290892,14.873433,20.215103,16.233463,20.112852,21.017113,23.340363
34,38.090935,34.470562,32.957405,28.516838,26.502466,25.749939,21.51656,21.78685,16.63678,18.738674,13.72449,17.432976,18.972364,16.50297,19.829117,16.019775,20.800127,18.874775,22.671186,23.643087,24.945099,29.32568,29.767935,26.99966,31.596106,29.782858,27.871489,24.13652,19.609674,16.057571,14.361341,10.679945,4.6222396,5.0880904,0.0,4.2725935,6.03699,4.741987,4.7037597,6.946238,5.7989054,11.030715,10.299298,15.807565,19.295742,21.759077,24.80463,27.884514,30.107191,30.550503,27.85024,31.18947,29.2681,29.546295,26.11753,26.109709,21.402912,22.61985,20.287241,17.76592,15.823471,16.903517,17.93665,17.21499,23.06305,20.24135,24.170078,23.727118,28.615408,26.911083,23.827015,22.655157,18.184038,21.103085,14.783406,18.09033,15.800687,15.5679,16.84312,15.270412,18.122478,17.982218,16.126856,17.10966,15.301006,20.089859,17.647297,23.408344,24.447718,27.049116,30.009497,29.80315,33.29231,35.954903,34.65673,33.21563,29.821434,27.494307,25.879099,21.83059,18.813047,17.669739,13.259331,12.877392,13.755011,16.815264,15.281498,21.032291,18.067001,22.285341,23.474247,26.321491
35,39.79154,36.404305,34.451046,30.09393,28.28948,26.761318,23.2272,22.392647,17.525265,19.031693,13.222173,16.483677,17.673584,15.336962,19.43428,16.30639,21.383139,20.335674,23.972176,25.741484,27.191853,31.329416,32.198624,29.892797,34.707184,32.933193,31.484451,27.708143,23.02654,19.63224,17.77921,14.135293,8.02638,6.186242,4.2725935,0.0,4.6229014,6.184244,6.8154473,9.751706,9.969736,15.169623,14.376888,19.831867,23.346884,25.736086,28.84319,31.80353,34.07274,34.607876,31.922184,35.272137,33.433273,33.52382,29.944475,29.610744,24.892061,25.692274,22.964102,20.811169,19.063482,20.637877,22.005848,21.450031,27.330965,24.458858,28.373665,27.807444,32.739567,30.798874,27.55932,26.572456,21.95004,24.799278,18.211168,20.92967,18.201729,17.240902,17.873222,15.637551,18.088331,18.687222,16.093534,17.983791,17.056755,21.88694,20.117016,26.216751,27.32179,30.230047,33.057644,32.503418,36.19433,38.591026,37.17777,35.56863,32.12534,29.529247,28.487032,24.12412,21.529629,19.829288,15.681617,14.740891,14.534023,17.583424,16.24095,22.256638,19.85722,23.67657,25.388361,27.728838
