,0,1,2,3,4,5,6,7,8,9,10,11,12,13,14,15,16,17,18,19,20,21,22,23,24,25,26,27,28,29,30,31,32,33,34,35,36,37,38,39,40,41,42,43,44,45,46,47,48,49,50,51,52,53,54,55,56,57,58,59,60,61,62,63,64,65,66,67,68,69,70,71,72,73,74,75,76,77,78,79,80,81,82,83,84,85,86,87,88,89,90,91,92,93,94,95,96,97,98,99,100,101,102,103,104,105,106,107,108,109
0,0.0,4.2145147,6.243584,9.822494,12.360858,14.4199295,17.847055,21.46477,24.647223,27.489885,31.216663,30.800545,28.29856,27.203712,22.32396,22.53042,17.154573,18.201355,14.618075,15.25847,14.172779,9.642305,13.775942,16.061438,15.270877,16.091347,19.920904,22.270472,20.2467,24.514729,23.91148,28.927567,32.957024,35.617115,37.47761,39.830734,43.122612,41.801933,39.33595,36.151306,36.345196,32.05021,29.704033,27.785397,25.512735,23.446894,19.264368,18.967115,17.477892,15.670648,16.036009,12.781093,15.981113,14.100354,18.865208,22.505304,23.804052,25.019592,29.803822,29.383892,25.869259,31.003988,31.354258,31.93874,36.195568,34.3308,38.213123,36.588394,41.508175,38.404232,34.232853,36.46896,33.99182,39.387615,35.28712,35.78821,37.699226,36.551395,37.12611,39.685158,36.784138,33.419575,33.38126,29.744577,28.73634,24.832071,25.422792,20.079878,21.875542,21.175714,21.948324,22.964008,26.790157,27.710215,31.79154,32.445568,32.28987,31.26116,28.062283,26.525085,25.863323,22.279423,22.592155,21.251146,22.575628,24.058083,27.748096,26.763475,31.008747,29.720186
1,4.2145147,0.0,5.197604,7.0022693,9.133207,12.385397,14.789288,19.313416,21.812876,24.95847,28.366867,28.484035,26.41404,25.109898,20.396038,19.914948,14.723715,14.902874,11.622869,11.325155,10.376641,6.1572394,10.372698,11.987299,11.684121,11.9483,16.185404,18.274252,16.289312,20.440554,20.175589,24.978062,29.483688,32.013947,33.942898,36.45574,39.552837,38.14283,35.5531,32.26733,32.57275,28.05151,25.925817,23.817194,21.83697,19.714985,15.621835,15.573995,14.305842,13.135561,13.418813,11.145985,14.283246,12.844136,16.786612,20.527756,21.034294,22.506378,27.311087,26.59671,22.858477,27.706263,27.820158,28.156517,32.475445,30.315783,34.155636,32.463512,37.358677,34.21564,30.02747,32.28087,29.861393,35.348442,31.408304,32.014294,34.09448,33.042522,33.848698,36.450176,33.78295,30.28167,30.104542,26.364563,25.038065,21.32786,21.460217,16.010612,17.666199,17.047482,17.947958,19.146482,22.712711,23.765678,27.857971,28.371572,28.112316,27.160042,23.897308,22.510433,21.963575,18.61232,19.521212,18.063417,19.049938,21.107231,24.255753,23.617144,27.772036,26.764921
2,6.243584,5.197604,0.0,5.1578584,7.0178003,8.396003,12.016135,15.245205,18.639187,21.294346,25.219887,24.775578,22.257366,21.40564,16.42969,16.988504,11.901079,13.280565,11.09952,12.010121,12.735489,9.574034,14.466065,14.878333,15.241708,14.126741,17.973402,19.48808,15.862741,20.3242,18.801426,24.349298,27.388613,30.483673,31.98095,34.269215,37.714527,36.40645,34.27383,31.391808,31.137217,27.439695,24.607492,23.523472,20.499058,19.47932,15.393325,15.98256,15.625918,13.617948,12.697066,9.688239,11.668575,8.63028,13.2613945,16.612764,18.14657,19.726357,24.260983,24.393456,20.977812,26.54696,26.467758,27.569859,31.292803,30.086935,33.947403,32.430756,37.51381,34.98551,30.814558,33.31401,30.369774,35.96687,31.291119,32.391052,33.828808,32.228054,32.6813,34.92186,31.88616,28.711952,28.093529,24.636911,24.168198,19.924374,21.525602,16.72155,19.087767,19.486938,20.495672,22.506718,25.156475,26.290886,30.468452,30.791107,29.93601,29.424288,25.427122,25.06241,23.763235,21.1841,22.678717,20.13013,20.663721,21.779364,24.54834,23.093418,27.04466,25.21751
3,9.822494,7.0022693,5.1578584,0.0,3.86128,6.0431695,8.997045,13.098239,15.324182,18.766058,21.76108,21.659016,19.748484,18.182804,13.628675,12.934998,7.7415423,8.447014,6.082891,7.415462,8.89848,7.3726397,12.213253,11.894837,14.248381,11.6829605,16.64668,17.19461,12.513882,16.48724,14.956601,19.935581,23.447472,25.948114,27.915913,30.089046,33.478462,32.38794,29.90691,26.887041,27.286215,23.556164,21.074476,20.442812,17.631336,17.475565,13.817469,15.343201,15.651659,14.771916,13.517337,12.140908,13.41022,10.379582,13.38471,16.266903,16.830675,19.243858,23.456,23.615501,19.943762,25.152628,24.219412,25.055603,28.47868,26.821295,30.446459,28.424809,33.674408,31.308878,26.895887,28.968039,25.818043,31.145775,26.344685,27.312729,28.714008,27.191626,27.696434,30.073658,27.174599,23.849731,23.565954,19.969288,19.29626,15.153072,16.72134,12.178689,15.234918,16.268303,18.06623,19.957733,22.040422,23.785145,27.793467,27.40176,26.234884,25.571648,21.185467,21.200817,19.168428,16.999727,18.92705,15.718446,15.924574,16.896238,19.40978,17.98226,21.944921,20.341269
4,12.360858,9.133207,7.0178003,3.86128,0.0,5.326585,5.6884375,10.882421,12.74825,16.011877,19.316359,19.83612,18.207691,17.028217,12.569136,11.792378,7.689879,7.1838365,7.5933943,6.9401813,9.795749,9.492457,13.34236,11.468039,13.540543,10.176269,14.272463,14.440017,9.272123,13.58359,11.807562,17.38517,20.631063,23.70791,25.189402,27.681068,30.923838,29.523504,27.317156,24.424986,24.187983,20.499043,17.725452,17.057459,13.965919,13.946684,10.404281,12.339261,13.314097,12.547775,10.7417555,10.32851,10.838338,8.542737,10.21831,13.169145,13.126822,15.58331,19.8105,19.81482,16.117186,21.340155,20.428316,21.425941,24.834457,23.502296,27.233433,25.581594,30.754156,28.5474,24.339746,26.915565,23.752134,29.506874,24.727741,26.307781,27.693834,25.99724,26.732616,28.871725,26.152351,22.873478,21.735542,18.193264,17.541197,13.383334,15.016059,10.739325,13.406061,14.913219,16.329706,19.017633,20.31889,21.82331,25.863064,25.667837,24.222898,24.112072,19.569397,20.276602,18.645927,17.291311,20.132542,16.885225,16.36247,17.92912,19.151493,17.965528,21.488644,19.836357
5,14.4199295,12.385397,8.396003,6.0431695,5.326585,0.0,5.9832487,7.394702,10.748237,13.560883,17.12748,16.39813,14.043025,13.083508,8.146886,9.031865,5.0034842,7.603339,8.684559,10.690479,13.711865,13.291314,17.786362,16.356152,18.839062,15.374386,19.299015,19.063187,12.793332,16.577145,13.324373,18.968683,20.20456,23.461435,24.749287,26.617523,30.3912,29.428734,27.614016,25.236717,24.84449,22.39751,19.085007,20.002932,15.988562,17.576336,14.510468,16.766268,18.102709,16.750175,14.388596,13.170433,12.545913,8.219016,10.233392,11.842421,13.450648,16.231653,19.693281,21.008648,17.908083,23.64337,22.277887,24.037355,26.474598,26.078693,29.569782,27.82954,33.15335,31.661148,27.450449,29.785608,26.103851,31.425842,25.86209,27.566933,28.08886,25.852673,25.940607,27.720715,24.449064,21.661297,20.55076,17.494816,18.120996,13.4938,17.111914,14.128525,17.558605,19.661167,21.363482,24.032284,24.94349,26.668283,30.588133,30.001122,28.155699,28.111471,23.098291,24.397303,21.761078,20.798653,23.38424,19.350985,18.84149,18.786871,20.193684,17.855072,21.148705,18.469028
6,17.847055,14.789288,12.016135,8.997045,5.6884375,5.9832487,0.0,6.5409956,7.3859987,10.519931,13.943061,14.978241,13.845715,13.0917,9.3136,8.536646,7.3174787,6.203534,10.265431,9.531476,13.546018,14.627295,17.753836,14.651887,17.18122,12.829737,15.656344,14.537652,7.6833005,11.306402,7.76954,14.025862,15.527102,19.355389,20.170284,22.686209,26.025036,24.557497,22.864168,20.475183,19.463465,16.782782,13.301627,14.191173,10.0099535,12.252095,10.015304,13.003488,15.24911,14.735683,12.036587,12.841334,11.454128,9.406453,8.083555,9.497854,8.782657,12.076032,15.432467,16.161121,12.843681,18.12091,16.409807,18.103191,20.540722,20.193066,23.739305,22.335777,27.53376,26.170895,22.219074,25.070887,21.490757,27.308409,22.050903,24.482069,25.239086,23.015476,23.681982,25.286806,22.597122,19.687088,17.435719,14.303175,14.4920025,10.225485,13.334807,11.049742,13.758523,16.46035,17.830076,21.198093,20.970228,22.517344,26.270412,25.746777,23.56371,24.160587,19.095,21.248947,19.202623,19.324467,22.996843,19.15946,17.745464,18.860497,18.413414,16.908722,19.525013,17.349098
7,21.46477,19.313416,15.245205,13.098239,10.882421,7.394702,6.5409956,0.0,5.4049144,6.459983,10.993943,10.239696,7.990268,8.565348,4.863893,7.46941,8.593049,10.121532,14.151585,15.273266,19.189812,19.893406,23.672207,21.004387,23.57617,19.358856,21.892435,20.642248,13.674411,16.390163,11.693737,17.297155,15.423303,19.760979,19.826195,21.493412,25.444881,24.456675,23.638699,22.207132,20.576334,19.893456,15.8243,18.618868,13.699038,17.39903,15.745703,18.616472,21.01537,19.804014,16.707478,16.64961,14.189235,10.784385,9.22181,7.900676,9.7820835,12.989625,14.762827,17.422598,15.34434,20.89925,18.851519,21.569592,22.554163,23.726803,26.84614,25.632126,30.734747,30.349403,26.667362,29.330906,25.324862,30.553242,24.574404,27.297304,26.947554,24.027786,23.903355,24.778833,21.510859,19.52479,16.820347,14.795358,16.81162,12.530537,17.60853,16.716717,19.81573,22.829634,24.27933,27.66785,27.114717,28.710026,32.303123,31.534672,28.981342,29.761663,24.41332,27.11208,24.305637,24.793613,28.224882,23.797985,22.409779,22.037947,21.530724,18.903872,20.857676,17.45617
8,24.647223,21.812876,18.639187,15.324182,12.74825,10.748237,7.3859987,5.4049144,0.0,4.5892987,6.638511,8.008962,8.22846,7.691803,6.8656416,6.042292,9.73385,9.236734,14.548576,14.842646,19.047688,20.984116,23.848549,20.45555,23.820852,18.980684,21.390537,19.180374,11.984323,13.184171,8.151385,12.64372,10.126486,14.38996,14.5603895,16.377821,20.216227,19.269926,18.253675,16.898243,15.517472,15.30939,11.497075,15.450088,10.937516,15.985837,15.470878,18.846016,21.66658,21.414534,18.457426,19.586899,17.257376,14.96815,12.242215,10.785935,10.024116,13.778131,14.721951,16.957058,14.875453,19.260714,16.122375,18.527306,18.797485,19.750488,22.445501,20.914362,26.030144,26.091024,22.48276,24.878124,20.718327,25.693274,19.660706,22.77129,22.23219,19.226257,19.350527,20.086254,17.233223,15.214795,11.797682,9.890998,12.168883,8.521772,13.906292,14.635437,17.572914,21.162054,22.877731,26.221819,24.70936,26.596281,29.76335,28.444149,25.498371,26.490147,21.018423,24.487732,21.426983,22.934956,26.875198,22.357384,20.34388,20.113293,18.166832,15.902184,17.02311,13.933753
9,27.489885,24.95847,21.294346,18.766058,16.011877,13.560883,10.519931,6.459983,4.5892987,0.0,5.9948373,7.0193586,7.1162205,8.760979,8.816049,9.9558325,13.573171,13.668778,18.80875,19.058313,23.280924,24.885645,27.896627,24.38172,27.12737,22.480728,24.003477,21.871586,15.193761,16.363892,11.393531,15.703118,10.922637,16.120178,14.855323,16.475016,20.299244,19.188585,19.31873,18.839159,16.087633,17.19722,12.942725,17.359528,12.517633,17.764193,17.63476,20.787968,23.808016,23.154385,19.943651,21.025318,17.963856,15.960497,12.416253,9.500764,9.512297,12.662067,12.222505,15.578273,14.573546,18.901825,15.974912,19.18672,18.589918,20.994595,23.514359,22.757494,27.432478,28.06434,25.014746,27.79055,23.747427,28.666348,22.7529,26.28607,25.356817,22.096321,22.031813,22.082176,19.302692,18.062893,13.815537,13.035697,15.825527,12.78452,17.968697,18.867054,21.365559,24.89573,26.165781,29.868086,28.081522,29.589828,32.690247,31.682013,28.61954,30.048481,24.73019,28.450607,25.714354,27.371174,31.400639,26.937368,24.89552,24.623678,22.45136,20.129303,20.758574,17.421307
10,31.216663,28.366867,25.219887,21.76108,19.316359,17.12748,13.943061,10.993943,6.638511,5.9948373,0.0,5.0683417,8.353323,8.34833,11.096737,10.265591,15.372587,14.793523,20.108128,20.479269,24.61307,27.084414,29.54618,25.893845,29.606274,24.564537,26.523005,23.685116,17.01038,16.607262,12.021106,13.71886,7.039853,11.148487,10.121776,10.87672,15.066445,14.742561,14.732688,14.825039,13.059604,15.55613,12.337272,17.978102,14.205797,20.196419,20.765274,24.20811,27.310017,27.355652,24.367104,25.870697,23.18911,21.183792,17.850828,15.346706,14.237169,17.544445,16.56833,19.401546,18.39984,21.413937,17.423435,19.995714,18.28112,20.268274,21.896963,20.4367,25.019539,26.401268,23.417662,25.321241,21.052847,24.927748,18.788782,22.426493,20.743841,17.228582,16.925795,16.47848,13.966026,13.345708,8.543713,9.128148,12.839963,11.2201,16.566221,19.192928,21.805944,25.728882,27.514528,30.787943,28.329239,30.329397,32.90944,31.068712,27.658403,29.000511,23.629719,27.915474,24.494793,27.002377,31.092793,26.433186,24.03494,23.16759,19.946836,17.636135,17.063576,13.840008
11,30.800545,28.484035,24.775578,21.659016,19.83612,16.39813,14.978241,10.239696,8.008962,7.0193586,5.0683417,0.0,4.1513824,4.7761703,8.798907,9.661112,14.656701,15.5982275,20.19988,21.79693,25.773315,27.668774,30.849842,27.854357,31.639166,26.765175,29.369175,26.975542,19.834673,20.251783,15.391652,17.803473,11.974279,15.094382,14.694416,14.45307,18.941977,19.241398,19.205833,19.26769,18.089863,20.307686,16.983484,22.218979,18.012993,23.613253,23.417084,26.762257,29.615698,29.122389,26.032812,26.675701,24.006516,20.991571,18.604055,15.890717,16.429932,19.675169,18.941942,22.429783,21.41834,25.303522,21.746763,24.529667,23.140633,25.120024,26.905222,25.26227,29.973331,31.191399,27.934542,29.583109,25.171621,28.741613,22.262482,25.29815,23.255535,19.617659,18.539701,18.071278,14.704716,14.541919,11.248288,11.810856,15.89462,13.479971,19.556889,21.519056,24.776854,28.557926,30.567513,33.66667,31.855207,33.988914,36.837948,34.985477,31.730394,32.684734,27.13769,30.984987,27.062008,28.981617,32.55545,27.576458,25.614532,23.785166,21.689892,18.490866,18.324017,14.235402
12,28.29856,26.41404,22.257366,19.748484,18.207691,14.043025,13.845715,7.990268,8.22846,7.1162205,8.353323,4.1513824,0.0,4.0114565,6.290661,9.234263,13.129207,15.125962,19.160336,21.26974,25.134653,26.345118,30.079062,27.504787,30.903473,26.33668,29.11111,27.241686,19.992228,21.34875,16.34481,19.964767,15.160416,18.662619,18.411438,18.518261,22.969654,23.019827,22.870863,22.542894,21.207117,22.657202,18.938824,23.501774,18.845514,23.851894,22.990904,26.11681,28.734,27.728296,24.59091,24.571606,21.907352,18.319496,16.645632,13.981233,15.782416,18.847101,18.665384,22.388678,21.25535,25.951302,22.995693,25.97761,25.266397,27.226358,29.472666,27.96741,32.855827,33.608192,30.148949,32.06938,27.686295,31.690136,25.177717,27.952826,26.255064,22.755545,21.66902,21.586836,17.93863,17.382948,14.719541,14.475921,18.154488,14.861173,21.0261,21.93296,25.399939,28.90865,30.813858,33.95894,32.767513,34.766376,37.95275,36.445484,33.430225,34.22581,28.639702,32.01159,28.208614,29.45489,32.745182,27.77022,26.188726,24.31292,23.223692,19.771006,20.441778,16.164927
13,27.203712,25.109898,21.40564,18.182804,17.028217,13.083508,13.0917,8.565348,7.691803,8.760979,8.34833,4.7761703,4.0114565,0.0,5.106605,6.310211,10.814126,12.712971,16.51109,19.000122,22.689154,24.248312,27.804564,25.435965,29.451233,24.760231,28.213787,26.203682,18.795132,19.842222,15.096971,18.057707,14.354386,16.796148,17.628721,17.594898,22.101702,22.46677,21.539013,20.778559,20.579502,21.518787,18.319921,22.779945,18.558643,23.519745,22.563965,25.829254,28.305813,27.67406,24.752077,24.822441,22.686544,18.943096,17.747707,15.854412,16.950043,20.422901,20.83018,23.952011,22.246307,26.780071,23.50863,25.958029,25.532282,26.589046,28.746756,26.621836,31.723925,32.26302,28.48339,29.884459,25.412476,29.068571,22.434063,24.772844,23.078115,19.694447,18.49882,18.836071,14.987466,14.070217,12.377301,11.752524,15.392103,12.116138,18.400537,19.544388,23.349024,26.897915,29.2168,31.953356,30.86985,33.220627,36.317596,34.41862,31.448555,31.872826,26.234695,29.462603,25.2048,26.456074,29.550488,24.447372,22.90329,20.596107,19.667501,15.9919815,16.764597,12.393161
14,22.32396,20.396038,16.42969,13.628675,12.569136,8.146886,9.3136,4.863893,6.8656416,8.816049,11.096737,8.798907,6.290661,5.106605,0.0,4.946138,7.0152187,9.863134,13.172081,15.763871,19.378899,20.244347,24.241627,22.1731,25.649788,21.321249,24.89485,23.491056,16.173733,18.352087,13.732101,18.187317,16.252264,19.372665,20.289362,21.13973,25.42745,25.175652,23.961143,22.538965,22.065708,21.705105,18.175915,21.48503,16.990503,20.982933,19.265186,22.257786,24.427055,23.424183,20.567327,20.139389,18.260347,14.132368,13.782401,12.688572,14.441275,17.802853,19.306501,22.05116,19.88237,25.1366,22.574718,24.975739,25.624544,26.319473,29.092247,27.170607,32.45481,32.234814,28.244307,30.11845,25.84488,30.303852,23.926298,26.099174,25.263962,22.256071,21.565588,22.52372,18.819185,17.029541,15.482107,13.649911,16.209951,11.953256,17.739017,17.361794,21.18723,24.326313,26.4229,29.237999,28.859066,30.972445,34.441647,33.06083,30.454062,30.751312,25.208176,27.807735,24.059534,24.498306,27.448383,22.584284,21.404716,19.781439,19.837757,16.449091,18.407265,14.498076
15,22.53042,19.914948,16.988504,12.934998,11.792378,9.031865,8.536646,7.46941,6.042292,9.9558325,10.265591,9.661112,9.234263,6.310211,4.946138,0.0,5.5151286,6.458678,10.565322,12.745258,16.43501,18.320204,21.585531,19.213854,23.523714,18.812199,22.843824,20.948772,13.57472,14.92147,10.725029,14.135861,13.65252,15.768922,17.649658,18.674625,22.727299,22.567123,20.58102,18.664177,19.25434,18.32212,15.506687,18.772728,15.035082,19.183872,17.840494,21.096853,23.304926,23.105818,20.541416,20.868734,19.493717,16.079714,15.3541355,14.915151,14.972622,18.717443,20.428513,22.362812,19.72555,24.27086,21.188652,22.894705,23.67618,23.393578,25.967545,23.463175,28.873646,28.501944,24.285942,25.691277,21.374231,25.6191,19.270164,21.233612,20.636272,17.855637,17.478172,18.921144,15.499648,13.022629,12.030895,9.46309,11.55113,7.2861786,13.1557665,13.458031,17.491617,20.873512,23.393711,25.869614,25.184458,27.671078,30.894825,29.037603,26.365242,26.444262,20.843504,23.586205,19.471933,20.341644,23.51382,18.54713,17.023027,15.489639,14.946809,11.737703,13.760678,10.265323
16,17.154573,14.723715,11.901079,7.7415423,7.689879,5.0034842,7.3174787,8.593049,9.73385,13.573171,15.372587,14.656701,13.129207,10.814126,7.0152187,5.5151286,0.0,4.62629,6.1765423,9.476571,12.624411,13.519034,17.50119,16.03407,19.998009,15.913021,20.672703,19.68068,12.853318,15.502785,12.252197,16.585308,18.14249,20.286549,22.394575,23.83747,27.66664,27.19861,24.888668,22.394703,23.107466,20.851877,18.138935,19.785828,16.262087,18.766287,16.327969,19.075476,20.59591,20.081495,17.901892,17.42853,16.9515,13.10533,14.129354,15.077235,15.688362,19.069904,21.96602,23.308119,20.130182,25.217293,22.968813,24.3511,26.307383,25.358988,28.42823,25.969845,31.44784,30.190218,25.721233,27.281744,23.339928,27.996458,22.162832,23.479895,23.742653,21.552763,21.455755,23.451649,20.149088,17.22425,17.003616,13.84192,14.532242,10.006017,14.139369,12.167986,16.353724,18.950876,21.434828,23.591593,24.102468,26.46065,30.060322,28.654987,26.577305,26.192318,20.902678,22.479618,18.807623,18.301985,20.859379,16.20462,15.488657,14.474404,15.852942,13.0766535,16.421741,13.735792
17,18.201355,14.902874,13.280565,8.447014,7.1838365,7.603339,6.203534,10.121532,9.236734,13.668778,14.793523,15.5982275,15.125962,12.712971,9.863134,6.458678,4.62629,0.0,5.6442256,6.3021035,10.179618,12.460125,15.2724085,12.770321,17.254396,12.600361,17.318102,15.789848,8.975435,11.11087,8.558202,12.503214,15.714704,17.593637,19.951492,21.931698,25.288092,24.503315,21.805029,18.889652,19.898441,16.851871,14.650627,15.777752,12.969695,15.347498,13.397456,16.395866,18.130156,18.455442,16.487745,17.145592,16.829458,14.296842,14.201961,15.480142,14.49309,17.98613,20.97475,21.516314,18.040316,22.39334,19.9173,20.714914,22.970215,21.300247,24.361116,21.759823,27.2299,25.7172,21.187094,22.804089,18.999352,23.99615,18.537285,20.02796,20.883274,19.024315,19.596867,21.83356,19.153822,15.756433,15.227157,11.543247,11.069449,6.73913,9.749172,7.7430744,11.922947,14.856253,17.475756,19.714743,19.714664,22.196552,25.65507,24.11238,21.960415,21.674438,16.344946,18.200344,14.776206,14.837089,18.188408,13.730177,12.336436,12.701478,12.848139,11.142052,14.397725,12.712949
18,14.618075,11.622869,11.09952,6.082891,7.5933943,8.684559,10.265431,14.151585,14.548576,18.80875,20.108128,20.19988,19.160336,16.51109,13.172081,10.565322,6.1765423,5.6442256,0.0,5.368728,7.0084324,8.321606,11.880268,11.366637,16.014612,12.475735,18.370272,17.80656,12.471533,14.972548,13.687607,16.985554,21.172174,22.341295,25.23008,26.995045,30.305832,29.722216,26.648071,23.436152,25.140577,21.51676,19.825521,19.930834,17.747807,18.708935,15.959468,18.190054,18.919106,19.114815,17.866901,17.562763,18.424934,15.506524,17.20901,19.281887,18.964474,22.08185,25.666122,25.9238,22.200914,26.6934,24.74146,25.136068,28.008228,25.668737,28.783125,25.913824,31.306238,29.168388,24.441359,25.533297,22.142963,26.672628,21.724176,22.094204,23.405842,22.132223,22.57059,25.272402,22.542976,19.01826,19.817942,16.11401,15.105506,11.447662,12.819489,9.238939,13.356258,15.064251,17.980812,19.15152,20.637981,23.244242,26.802217,25.32202,23.876205,22.72769,18.002756,18.283962,14.827636,13.09271,15.056326,10.804573,10.814952,10.891798,13.739867,12.207493,16.403557,15.293715
19,15.25847,11.325155,12.010121,7.415462,6.9401813,10.690479,9.531476,15.273266,14.842646,19.058313,20.479269,21.79693,21.26974,19.000122,15.763871,12.745258,9.476571,6.3021035,5.368728,0.0,4.266949,7.3715577,9.103343,6.648161,11.575663,7.3846836,13.306107,12.608313,8.335652,10.885861,11.092586,14.31551,19.998604,21.436989,24.051533,26.528093,29.271843,28.10544,24.948956,21.423492,22.81236,18.19849,16.930258,15.70221,14.431434,14.282915,11.739448,13.851765,14.596567,15.643978,14.771447,15.646137,16.742779,15.412526,16.127333,18.695724,17.102596,19.926525,23.779978,23.075352,19.105024,22.88918,21.232924,21.018156,24.56216,21.596369,24.910799,22.329357,27.515959,24.85078,20.23421,21.85875,18.955748,24.227524,20.08518,20.848656,22.965437,22.048002,23.245008,25.96554,23.875565,20.11194,20.069925,16.143124,14.035155,11.024541,10.198734,5.018633,8.349795,9.894321,12.656172,14.221279,15.522472,17.94111,21.60434,20.500982,19.218678,18.331587,13.865064,14.029723,11.916885,10.403071,13.623502,10.419749,9.644182,12.439832,13.591942,13.617317,17.354406,17.113014
20,14.172779,10.376641,12.735489,8.89848,9.795749,13.711865,13.546018,19.189812,19.047688,23.280924,24.61307,25.773315,25.134653,22.689154,19.378899,16.43501,12.624411,10.179618,7.0084324,4.266949,0.0,4.7251635,5.2502766,5.0797663,10.249465,7.705212,14.110449,14.179645,11.830389,14.023105,15.103633,17.555462,23.924849,24.820953,27.785294,30.199184,32.770515,31.682669,28.230345,24.49286,26.401405,21.385626,20.656555,18.726305,18.16543,17.061619,14.356054,15.680689,15.518916,16.792994,16.710302,17.198454,19.141182,17.991795,19.481304,22.426521,20.97681,23.524282,27.63697,26.595358,22.535816,26.04695,24.726637,24.063524,27.988163,24.419802,27.641218,24.89347,29.848125,26.669497,22.059294,23.205025,20.847702,25.667227,22.225622,22.19404,24.78818,24.406837,25.672428,28.68846,26.761797,22.90104,23.56466,19.62573,17.110334,14.658487,12.805279,7.5303755,9.695967,9.637965,12.533099,12.759897,15.434767,17.894255,21.439812,20.407375,19.85302,18.231165,14.685469,13.269532,11.699434,8.468949,10.508081,8.443267,8.875684,12.320211,14.775374,15.364369,19.36511,19.722065
21,9.642305,6.1572394,9.574034,7.3726397,9.492457,13.291314,14.627295,19.893406,20.984116,24.885645,27.084414,27.668774,26.345118,24.248312,20.244347,18.320204,13.519034,12.460125,8.321606,7.3715577,4.7251635,0.0,5.337027,7.66184,10.157015,9.400934,15.262392,16.448532,14.421438,17.58025,18.109343,21.582218,27.256632,28.73628,31.391586,33.791893,36.626408,35.46621,32.291424,28.69419,30.068686,25.191082,23.904043,21.815203,20.680605,18.995493,15.52818,16.170479,15.304753,15.679751,15.921896,15.241083,17.852728,16.457907,19.173235,22.544165,21.977493,24.126879,28.632168,27.708807,23.694477,27.821388,27.129477,26.827656,31.014969,27.917011,31.409367,29.033678,33.965565,30.696037,26.230627,27.724705,25.41346,30.378134,26.791178,26.817703,29.22342,28.636862,29.643469,32.568516,30.277824,26.54265,27.09042,23.194214,21.189455,18.138638,17.18703,11.7522955,13.644683,12.984846,14.971159,15.260398,18.820982,20.664087,24.452888,24.1211,23.885733,22.357952,19.147697,17.3691,16.34293,12.643677,13.430383,12.021058,13.194932,15.746282,19.07061,19.050394,23.266022,23.060692
22,13.775942,10.372698,14.466065,12.213253,13.34236,17.786362,17.753836,23.672207,23.848549,27.896627,29.54618,30.849842,30.079062,27.804564,24.241627,21.585531,17.50119,15.2724085,11.880268,9.103343,5.2502766,5.337027,0.0,5.221776,7.867139,8.32287,13.851936,15.061913,15.136284,17.320452,19.277248,21.539701,28.471117,29.372742,32.25532,34.902164,37.185974,35.865448,32.353703,28.47858,30.308638,24.76349,24.381617,21.34411,21.503975,18.998106,16.186954,16.410465,15.160779,16.73019,17.66973,18.039669,20.838459,20.520786,22.430895,25.87874,24.345745,26.345581,30.809649,29.141235,25.040411,28.123573,27.506859,26.376635,30.92644,26.90003,30.176874,27.70981,32.221004,28.392862,24.099417,25.279285,23.737818,28.477722,25.998995,25.637394,28.763147,28.811201,30.30688,33.429768,31.741524,27.833817,28.518969,24.57744,21.70863,19.637327,16.910154,11.575756,11.942336,9.942447,11.904926,10.862035,15.22343,17.083273,20.532032,20.245209,20.669378,18.696959,16.599905,13.622144,13.956184,9.698734,10.273652,10.844722,12.026951,16.15948,18.872032,20.071428,23.985987,24.754324
23,16.061438,11.987299,14.878333,11.894837,11.468039,16.356152,14.651887,21.004387,20.45555,24.38172,25.893845,27.854357,27.504787,25.435965,22.1731,19.213854,16.03407,12.770321,11.366637,6.648161,5.0797663,7.66184,5.221776,0.0,6.1923785,3.8260925,9.742003,10.11389,10.429512,12.32707,14.810209,17.007866,24.13756,25.346407,27.870417,30.824448,32.8743,31.266012,27.918875,24.085814,25.494461,19.785315,19.478514,16.150202,16.654667,14.120772,11.828122,12.513223,12.053307,14.312814,14.844799,16.405602,18.5132,18.830965,19.501991,22.720638,20.381416,22.420692,26.645126,24.72083,20.629797,23.26856,22.47074,21.194323,25.754229,21.707094,25.062794,22.819704,27.336315,23.602942,19.34835,21.115646,19.495272,24.878033,22.384975,22.768736,25.915354,25.779491,27.57397,30.467402,29.018837,25.127182,25.02561,21.127224,18.054482,16.229288,12.987756,7.5615277,7.011417,5.358648,7.6072197,8.160119,11.170742,13.129803,16.866262,16.58752,16.469772,15.202376,12.524386,10.61787,11.453595,8.806362,11.808744,11.362347,11.039785,15.9022455,16.831549,18.336908,21.779013,22.556572
24,15.270877,11.684121,15.241708,14.248381,13.540543,18.839062,17.18122,23.57617,23.820852,27.12737,29.606274,31.639166,30.903473,29.451233,25.649788,23.523714,19.998009,17.254396,16.014612,11.575663,10.249465,10.157015,7.867139,6.1923785,0.0,5.2080817,7.107295,9.931227,12.980144,15.618137,18.19855,21.258734,27.935041,29.992487,31.807552,35.135483,37.042423,34.953873,32.066982,28.407475,28.774261,22.908972,22.263783,17.825853,18.462484,14.069441,11.392929,10.214465,8.145969,10.596411,12.42928,14.040603,16.923498,18.650255,19.557453,23.349285,21.130772,22.168571,26.823084,24.193148,20.253952,22.66628,23.193789,21.868443,27.151953,23.461937,27.139942,25.880764,29.856237,25.724375,22.182152,24.810614,23.800735,29.599804,27.589798,28.357456,31.610245,31.391848,33.283886,35.99031,34.513416,30.703827,29.935225,26.121767,23.251505,21.200344,18.23689,12.93808,11.216843,8.480368,7.5094137,8.686532,12.666946,12.789993,16.787462,18.298368,18.916851,18.260103,16.77759,14.530681,17.052944,14.424744,16.69297,17.217316,17.17587,22.002209,22.929157,24.345734,27.727558,28.2262
25,16.091347,11.9483,14.126741,11.6829605,10.176269,15.374386,12.829737,19.358856,18.980684,22.480728,24.564537,26.765175,26.33668,24.760231,21.321249,18.812199,15.913021,12.600361,12.475735,7.3846836,7.705212,9.400934,8.32287,3.8260925,5.2080817,0.0,6.407733,7.116654,8.041375,10.73489,13.10568,16.256613,22.82158,24.86909,26.730326,29.979502,32.009132,30.04548,27.14489,23.529985,23.972921,18.30426,17.486921,13.710576,13.969868,10.708813,8.166156,8.693597,8.527748,10.949869,11.36897,13.57053,15.420917,16.505733,16.602024,19.935934,17.34194,19.039494,23.377794,21.193056,17.112755,19.818157,19.453167,18.382986,23.213367,19.672321,23.358776,21.765741,26.21117,22.588938,18.628405,21.302895,19.62721,25.636795,22.97722,24.116848,27.045233,26.548183,28.389208,30.974516,29.46788,25.708532,24.744259,20.95051,18.178638,16.0665,13.340049,8.073883,6.8501697,5.8261456,6.4443135,9.076432,11.109831,12.257151,16.374498,16.849072,16.439291,16.098326,13.234941,12.384965,13.705277,12.087877,15.553316,14.683676,13.885651,18.488039,18.654263,19.876186,23.056135,23.388193
26,19.920904,16.185404,17.973402,16.64668,14.272463,19.299015,15.656344,21.892435,21.390537,24.003477,26.523005,29.369175,29.11111,28.213787,24.89485,22.843824,20.672703,17.318102,18.370272,13.306107,14.110449,15.262392,13.851936,9.742003,7.107295,6.407733,0.0,4.1481624,9.811462,11.921119,14.879372,18.006681,24.052784,26.845135,27.721186,31.479103,32.967033,30.351034,28.061071,24.777035,23.93742,18.1749,17.41054,12.162216,13.40449,7.8780155,6.6443114,5.113669,4.8540797,8.74116,9.870055,13.56718,15.018272,18.037544,16.91675,20.215971,16.826435,17.376537,21.592905,18.247902,14.529705,15.878956,16.809744,15.290044,20.843494,17.582943,21.469334,21.183878,24.777723,20.909027,18.019938,21.835321,20.948044,27.40251,25.548578,27.401146,30.429565,29.900932,32.0561,34.26441,33.10809,29.562094,27.572803,24.135138,21.418602,19.773756,16.85534,12.845598,9.973224,8.644053,5.8927503,10.146786,10.827394,9.88041,14.03458,16.205278,16.062885,16.96771,15.269288,14.957071,17.9215,17.243572,20.950102,20.633322,19.4626,24.341627,23.452246,24.957214,27.54492,27.870424
27,22.270472,18.274252,19.48808,17.19461,14.440017,19.063187,14.537652,20.642248,19.180374,21.871586,23.685116,26.975542,27.241686,26.203682,23.491056,20.948772,19.68068,15.789848,17.80656,12.608313,14.179645,16.448532,15.061913,10.11389,9.931227,7.116654,4.1481624,0.0,7.427454,8.239131,11.863099,14.194174,20.505842,23.058123,23.936699,27.74826,29.024387,26.39923,24.026049,20.74323,20.010622,14.100719,13.736277,8.310385,10.396523,5.6085224,6.221635,6.755869,8.289178,11.723272,11.808995,15.8015585,16.405342,18.93496,16.937393,19.59709,15.507546,16.587986,20.207605,16.991436,13.289671,14.010045,13.941796,12.044196,17.397133,13.706311,17.554049,17.065819,20.835743,17.17986,14.102922,18.094135,17.0451,23.627184,21.781395,23.949566,26.88775,26.346914,28.644451,30.728046,29.842775,26.382597,24.183418,20.902582,18.031925,16.938845,13.656438,10.717451,7.3968377,7.4398413,5.5615106,10.255473,8.875701,8.672198,12.590022,13.897709,12.954988,14.357027,12.093481,13.000696,15.610205,16.05147,20.422207,19.600193,17.83237,22.646732,20.788616,22.492544,24.602015,25.112349
28,20.2467,16.289312,15.862741,12.513882,9.272123,12.793332,7.6833005,13.674411,11.984323,15.193761,17.01038,19.834673,19.992228,18.795132,16.173733,13.57472,12.853318,8.975435,12.471533,8.335652,11.830389,14.421438,15.136284,10.429512,12.980144,8.041375,9.811462,7.427454,0.0,4.7642827,5.3386507,10.068227,15.137834,18.148472,19.26088,22.630629,24.849316,22.770555,20.43163,17.316435,16.723879,11.930722,9.933404,7.944024,6.407746,6.5804996,5.723677,9.042556,11.570979,13.135607,11.492247,14.463614,14.052733,14.671323,12.49859,14.509107,10.935774,13.512524,16.939434,15.510812,11.603754,14.685144,12.948874,12.884149,16.634224,14.361103,18.129047,16.734003,21.68776,19.41518,15.470706,18.792894,16.001144,22.465122,18.61908,21.112003,23.049503,21.695534,23.403772,25.350826,23.780943,20.412573,18.117624,14.679356,12.733955,10.368819,9.443745,6.8460116,7.1654286,10.01466,10.996827,14.783974,13.602265,15.043675,18.66325,18.29445,16.217398,17.167871,12.619524,14.91687,14.466905,15.287058,19.81476,17.118858,15.0942335,18.380285,16.577827,17.035303,19.271027,18.813892
29,24.514729,20.440554,20.3242,16.48724,13.58359,16.577145,11.306402,16.390163,13.184171,16.363892,16.607262,20.251783,21.34875,19.842222,18.352087,14.92147,15.502785,11.11087,14.972548,10.885861,14.023105,17.58025,17.320452,12.32707,15.618137,10.73489,11.921119,8.239131,4.7642827,0.0,5.0548205,6.1275177,12.883049,14.944209,16.334728,19.878252,21.480701,19.34728,16.585554,13.207474,13.285525,7.7480183,7.322933,5.447751,6.423243,8.022333,9.36313,12.375163,14.941071,17.182362,15.784839,19.111643,18.537872,19.220932,16.507832,17.769554,13.518451,16.15352,18.559965,16.944973,13.534266,14.832591,12.018289,10.985176,14.151123,10.758938,14.110455,12.138931,17.228544,15.118936,10.985701,14.231832,11.385934,17.984999,14.593388,17.43545,19.569115,18.515905,20.688541,22.581299,21.722893,18.401669,15.998183,12.822025,10.044408,9.502171,6.7659793,7.0733485,6.310503,9.978687,11.308226,14.692582,11.852373,13.779203,16.638569,15.403866,12.659809,14.037923,9.261291,12.92626,12.43824,14.753226,19.736258,17.172321,14.498256,18.005318,14.661995,15.950707,17.285828,17.63094
30,23.91148,20.175589,18.801426,14.956601,11.807562,13.324373,7.76954,11.693737,8.151385,11.393531,12.021106,15.391652,16.34481,15.096971,13.732101,10.725029,12.252197,8.558202,13.687607,11.092586,15.103633,18.109343,19.277248,14.810209,18.19855,13.10568,14.879372,11.863099,5.3386507,5.0548205,0.0,6.6117845,9.897418,13.264847,14.179671,17.400225,19.895447,18.056963,15.914017,13.219064,12.438945,9.078634,6.229779,8.048448,5.1570497,9.6332855,10.150916,13.684482,16.595142,17.761942,15.53656,18.199732,16.823294,16.535812,13.491413,13.944311,10.264012,13.624134,15.647539,15.364576,12.221675,15.048357,11.787493,12.523809,14.421782,13.160003,16.34969,14.609472,19.87655,18.864986,15.0009985,17.933704,14.305755,20.360182,15.558801,18.763414,19.781847,17.82283,19.313747,20.810856,19.222492,16.207426,13.121593,10.042666,9.027496,6.807144,8.0885935,8.772027,10.256573,14.0020485,15.503578,18.980255,16.779364,18.630247,21.646505,20.414022,17.536366,18.786102,13.592759,17.256866,15.438228,17.46077,22.12842,18.574995,16.05772,18.07949,15.077893,14.916082,16.217287,15.262966
31,28.927567,24.978062,24.349298,19.935581,17.38517,18.968683,14.025862,17.297155,12.64372,15.703118,13.71886,17.803473,19.964767,18.057707,18.187317,14.135861,16.585308,12.503214,16.985554,14.31551,17.555462,21.582218,21.539701,17.007866,21.258734,16.256613,18.006681,14.194174,10.068227,6.1275177,6.6117845,0.0,8.631534,9.021194,11.246389,14.440427,15.926653,14.359642,10.969647,7.4115257,9.22747,5.356681,6.393244,8.878159,9.433749,13.433829,15.11785,18.329107,21.024923,23.036383,21.295942,24.30107,23.236242,23.063265,20.069397,20.222399,16.232285,19.335852,20.454208,19.826313,17.182724,17.9535,13.824585,13.147615,13.861558,10.950178,12.805194,9.5225525,15.021495,14.51693,10.46256,12.244285,8.149729,13.873442,9.33758,13.051453,14.30277,12.907315,15.201315,16.798433,16.454773,13.446961,10.816395,8.272236,5.3983793,7.376667,5.618942,10.077115,10.688593,14.627178,16.63181,19.20726,15.671224,18.157076,20.082264,17.565575,14.085152,15.393524,10.287907,15.173155,12.917482,16.61894,21.486517,18.232613,15.095226,17.2032,12.202208,13.366658,13.192277,13.822324
32,32.957024,29.483688,27.388613,23.447472,20.631063,20.20456,15.527102,15.423303,10.126486,10.922637,7.039853,11.974279,15.160416,14.354386,16.252264,13.65252,18.14249,15.714704,21.172174,19.998604,23.924849,27.256632,28.471117,24.13756,27.935041,22.82158,24.052784,20.505842,15.137834,12.883049,9.897418,8.631534,0.0,6.138987,4.6578875,7.792107,10.589066,9.23968,8.4271145,8.282022,6.26649,9.284364,7.4094186,13.487306,11.517583,17.524239,19.293398,22.713335,25.934101,26.965,24.406506,26.988787,24.701471,23.931873,20.040813,18.376827,15.196423,18.292831,17.41611,18.631145,17.429941,18.560587,13.831772,15.305238,13.101512,14.204557,15.246544,13.579436,18.034534,19.711987,17.097813,18.997637,15.003458,18.996653,13.651947,18.022564,16.968847,14.015777,15.005935,14.7805605,13.937865,12.71747,7.214133,7.6498303,9.548715,10.248222,13.194129,17.10136,18.573557,22.565884,24.176916,27.341219,23.87013,25.841505,27.792974,25.673454,22.02672,23.810434,18.89817,23.790579,21.045702,24.49153,29.08641,25.05552,22.129948,22.489094,17.74969,17.008993,15.721436,14.317578
33,35.617115,32.013947,30.483673,25.948114,23.70791,23.461435,19.355389,19.760979,14.38996,16.120178,11.148487,15.094382,18.662619,16.796148,19.372665,15.768922,20.286549,17.593637,22.341295,21.436989,24.820953,28.73628,29.372742,25.346407,29.992487,24.86909,26.845135,23.058123,18.148472,14.944209,13.264847,9.021194,6.138987,0.0,5.134964,6.175027,8.180018,8.60739,5.3505974,5.0282283,8.159935,10.781721,11.380603,16.527706,15.954298,21.352186,23.105091,26.513903,29.457592,30.96705,28.731218,31.293251,29.519936,28.443344,25.163214,23.902353,20.784311,24.035986,23.492773,24.344378,22.810572,23.431726,18.597185,18.96606,16.78967,16.1969,16.139904,12.998519,17.211906,19.226875,16.495754,16.621744,12.518327,14.553469,8.937291,13.159877,11.331398,8.421079,9.771832,9.542586,10.03676,9.029901,5.010339,6.6962295,7.902134,10.952861,12.682763,17.8979,19.455263,23.411303,25.630102,27.933926,24.22804,26.79563,28.152067,25.043293,21.327026,22.560537,17.924858,22.90399,19.40317,23.499704,27.793066,23.845135,20.780622,20.578764,14.959596,14.752072,12.09214,11.979137
34,37.47761,33.942898,31.98095,27.915913,25.189402,24.749287,20.170284,19.826195,14.5603895,14.855323,10.121776,14.694416,18.411438,17.628721,20.289362,17.649658,22.394575,19.951492,25.23008,24.051533,27.785294,31.391586,32.25532,27.870417,31.807552,26.730326,27.721186,23.936699,19.26088,16.334728,14.179671,11.246389,4.6578875,5.134964,0.0,4.2418413,5.969992,4.948306,5.119367,7.217553,5.598528,10.893631,10.588864,16.38851,15.40157,21.17112,23.392801,26.714409,29.95202,31.221073,28.755003,31.521877,29.198673,28.557348,24.532894,22.657799,19.411425,22.212784,20.681961,21.825264,21.111824,21.210253,16.32743,17.38588,13.94556,15.256527,15.010924,13.377433,16.868427,19.66983,17.833927,19.050278,15.422914,18.04017,13.390885,17.927784,16.23256,13.398772,14.416629,13.31951,13.632994,13.399759,8.145674,10.17555,11.919089,13.90784,16.066046,20.708221,21.837168,25.776358,27.383799,30.306417,26.302286,28.29485,29.66749,27.18208,23.38272,25.32902,20.905422,26.06958,23.327599,27.307383,31.869019,27.986835,24.918139,25.079538,19.69551,19.291876,16.99699,16.159822
35,39.830734,36.45574,34.269215,30.089046,27.681068,26.617523,22.686209,21.493412,16.377821,16.475016,10.87672,14.45307,18.518261,17.594898,21.13973,18.674625,23.83747,21.931698,26.995045,26.528093,30.199184,33.791893,34.902164,30.824448,35.135483,29.979502,31.479103,27.74826,22.630629,19.878252,17.400225,14.440427,7.792107,6.175027,4.2418413,0.0,4.587537,6.454374,7.0315657,9.749139,9.728018,14.875626,14.60801,20.46279,19.207426,25.099682,27.0316,30.44278,33.633823,34.74488,32.17928,34.61997,32.249077,31.06118,27.325861,25.164883,22.54318,25.477781,23.739408,25.43027,24.819231,25.264341,20.422028,21.62328,18.027822,19.388184,18.832022,16.890753,20.062803,23.166046,21.315285,21.781675,18.081234,19.470596,14.598263,18.629095,15.914068,12.762213,12.93584,10.897084,11.407827,12.38931,7.786608,11.115578,13.696057,15.754173,18.562037,23.421005,25.03527,29.034224,30.95559,33.632492,29.787756,32.02905,33.34587,30.52479,26.728277,28.347406,23.862282,28.933786,25.557142,29.547901,33.806786,29.651987,26.687769,25.966465,20.701551,19.792297,16.886852,15.762947
36,43.122612,39.552837,37.714527,33.478462,30.923838,30.3912,26.025036,25.444881,20.216227,20.299244,15.066445,18.941977,22.969654,22.101702,25.42745,22.727299,27.66664,25.288092,30.305832,29.271843,32.770515,36.626408,37.185974,32.8743,37.042423,32.009132,32.967033,29.024387,24.849316,21.480701,19.895447,15.926653,10.589066,8.180018,5.969992,4.587537,0.0,3.952295,5.6581016,9.590214,9.635097,15.208516,16.023716,21.352814,21.079458,26.594135,29.065054,32.316048,35.518284,36.99151,34.613605,37.465202,35.156696,34.48798,30.468596,28.44342,25.264565,27.900097,25.93576,27.06127,26.680122,26.043777,21.199684,21.826012,17.650833,18.83739,17.311369,15.67328,17.706842,21.566298,20.573606,20.739157,17.738241,18.270277,14.832379,18.948109,16.45951,14.075189,14.871115,12.730463,14.509523,15.478458,11.523343,14.4733305,16.03433,18.870062,20.45235,25.625957,26.570766,30.407528,32.102016,34.65694,30.273987,32.348026,33.110046,30.18797,26.366497,28.279129,24.459288,29.685036,26.842726,31.239958,35.6142,31.887768,28.766357,28.559862,22.763342,22.624336,19.398005,19.16628
