,0,1,2,3,4,5,6,7,8,9,10,11,12,13,14,15,16,17,18,19,20,21,22,23,24,25,26,27,28,29,30,31,32,33,34,35,36,37,38,39,40,41,42,43,44,45,46,47,48,49,50,51,52,53,54,55,56,57,58,59,60,61,62,63,64,65,66,67,68,69,70,71,72,73,74,75,76,77,78,79,80,81,82,83,84,85,86,87,88,89,90,91,92,93,94,95,96,97,98,99,100,101,102,103,104,105,106,107,108,109,110,111
0,0.0,4.322253,6.488146,9.380798,12.466708,14.8150625,17.156548,21.13175,23.02497,26.232882,29.12476,31.834845,34.445023,36.80753,39.677925,38.705284,42.66949,40.766636,47.48718,43.805355,47.212593,49.469917,50.15078,45.393864,46.051056,44.36598,41.429253,41.97588,37.99322,40.907734,33.989277,37.375637,34.148354,32.235794,30.814249,29.509743,25.965946,26.201218,26.856524,25.475298,21.512098,24.870087,25.603876,20.85755,19.740826,25.251154,24.714848,18.37232,20.052364,17.445333,22.670904,24.9716,24.315603,24.40428,28.44958,31.97903,29.374706,33.453094,33.38775,27.543306,29.441093,34.501,34.132324,30.888037,31.410046,34.96483,38.716496,41.48527,38.25465,38.42559,43.203655,43.702686,38.209755,40.606724,36.2195,38.98517,36.458344,31.695202,34.26818,28.89741,30.314125,30.071255,30.284842,31.036598,30.433792,34.637672,34.082016,39.45731,41.609,44.580215,48.505913,50.01249,51.841442,50.91574,50.5213,46.53444,44.652733,41.10577,39.006752,35.550896,32.228214,33.00468,28.378387,30.142794,31.148304,26.799969,25.911224,22.317438,22.436312,17.998928,18.569975,14.384201
1,4.322253,0.0,5.373538,6.2026987,9.312939,13.012626,14.030445,18.528679,20.454718,23.31692,26.41132,28.766552,31.63335,33.806915,37.249336,36.14434,40.266888,38.550335,45.268166,42.007244,45.504597,47.97678,48.77593,44.31281,45.21546,43.683784,40.65028,41.086887,36.940315,39.896976,32.697544,36.247,32.344406,31.056553,29.77453,27.923883,24.424137,25.530666,25.915726,23.993769,20.589851,24.680994,24.720312,19.743313,19.66407,25.192701,23.864376,17.875437,20.53443,18.182123,23.3918,25.27989,25.63015,25.75449,29.321846,32.410847,29.364475,33.491806,34.125286,28.383799,29.413067,34.830956,34.878265,31.768574,31.622854,34.902428,39.117573,41.572906,38.120285,38.88266,43.339962,43.48719,38.015182,40.25908,35.681427,38.201057,35.37054,30.526602,32.60034,27.070913,27.96356,27.313784,27.406925,28.582174,28.464016,32.473312,32.542618,37.9393,40.31284,43.502205,47.586178,49.151756,50.709988,49.630203,48.824036,44.951767,42.762188,39.116085,37.105488,33.248734,29.959927,30.133234,25.521872,26.762321,27.531643,23.172888,22.62006,18.977638,19.969572,15.405734,16.9223,13.1253605
2,6.488146,5.373538,0.0,5.4173045,6.9715133,8.749884,11.792442,14.990558,17.470013,20.318155,23.396967,26.142159,28.757036,31.446358,34.18276,33.814865,37.81724,36.40939,43.14986,39.892673,43.689266,45.93772,47.22284,42.304127,42.894863,41.04212,37.723312,37.72117,33.46917,36.005913,28.959206,31.84349,28.186167,26.372644,25.468298,24.117516,20.311924,21.087023,22.23297,20.707937,16.676476,21.301882,21.954027,17.217482,16.63821,23.074036,22.355644,16.553413,19.205309,16.030188,20.719715,24.054485,23.924015,23.225813,27.044474,29.960257,26.667027,30.54756,31.171698,25.065525,25.77766,31.122562,30.957062,27.593864,27.236126,30.718475,34.932526,37.43832,34.36168,35.370285,39.902348,40.203796,35.07652,37.881462,33.42137,36.4829,33.806625,28.964981,31.62334,26.146755,27.273512,27.25288,26.516659,27.177181,26.362436,30.78666,30.076975,35.70458,37.579594,40.827244,44.360695,46.280552,48.00943,46.753506,46.31268,42.045727,39.99642,36.55469,34.157578,30.862034,27.27269,28.290558,23.832706,25.59667,26.919567,22.859451,21.706142,19.395617,19.053,15.046088,16.36869,12.424563
3,9.380798,6.2026987,5.4173045,0.0,3.8348556,7.894813,7.9418917,12.739836,14.293473,17.304174,20.259312,22.67913,25.469677,27.64974,31.064095,30.009668,34.152187,32.605766,39.32917,36.30899,39.99365,42.50817,43.63407,39.1895,40.156452,38.639706,35.44256,35.67517,31.410275,34.355057,27.013798,30.764782,26.559574,25.795444,24.382713,22.116695,18.770372,20.549578,20.595251,18.2946,15.44117,20.183077,19.652763,14.652286,15.588806,21.247295,19.409819,14.128512,17.807297,15.515475,20.211773,22.22444,23.515509,23.328524,26.28148,28.710049,25.133162,29.154692,30.564995,24.990677,24.922365,30.615826,31.12646,28.258755,27.347208,30.249065,34.89157,36.979855,33.360325,34.7783,38.852367,38.679905,33.37756,35.659332,30.988726,33.517944,30.515474,25.639097,27.618912,22.026583,22.69008,22.250233,21.741686,22.832027,22.690166,26.749113,26.918978,32.396076,34.74527,38.110218,42.144627,43.84824,45.241703,43.995865,43.030518,39.122276,36.79262,33.15235,31.103245,27.18811,23.848598,24.055363,19.482145,20.911648,21.993057,17.771145,16.838472,14.058306,14.483868,10.228516,12.4448395,9.194243
4,12.466708,9.312939,6.9715133,3.8348556,0.0,5.623603,5.137157,9.336994,11.661756,14.059521,17.352406,19.66474,22.577509,25.022024,28.477123,27.95075,32.14198,31.063341,37.752888,35.158497,39.11677,41.627293,43.191185,38.70031,39.6225,38.005272,34.554283,34.34395,29.898884,32.486195,25.097982,28.343704,23.656574,23.091093,22.244253,19.889423,16.356173,18.77739,19.240719,16.790007,14.137523,19.802315,19.178444,14.441192,15.8571825,21.86172,19.949081,15.433332,19.449509,16.94047,20.99913,23.619284,25.090763,24.420067,27.189287,29.173782,25.22377,28.991114,30.825459,25.204964,24.289293,30.04829,30.664576,27.75147,26.214891,29.007084,33.91517,35.787174,32.35841,34.3708,38.222485,37.91557,32.964905,35.508106,30.861876,33.545395,30.471478,25.6448,27.57573,22.038795,22.348232,21.986797,20.675089,21.789343,21.584755,25.706963,25.857489,31.452295,33.577816,37.138535,40.837883,42.849934,44.143963,42.64245,41.60902,37.51629,35.025745,31.485447,29.21366,25.39503,21.856241,22.105206,17.75185,18.943014,20.20241,16.314358,15.311089,13.8619175,14.175114,10.674636,13.51597,10.97308
5,14.8150625,13.012626,8.749884,7.894813,5.623603,0.0,6.2280354,6.9477906,9.386856,12.389191,15.112247,18.266205,20.489944,23.533978,25.675474,25.892433,29.782139,28.82483,35.488026,32.602867,36.762638,38.918453,40.870094,35.8177,36.323833,34.34618,30.678415,30.12319,25.655062,27.897757,20.73262,23.476622,19.476343,18.105282,17.257439,15.616869,11.723332,13.453033,14.695273,12.937347,9.322541,15.440429,15.652921,11.510679,12.1473,18.829226,17.869852,13.871162,17.432068,14.32319,17.415197,21.444603,22.328564,20.878382,23.733427,25.507858,21.442911,24.886856,26.614199,20.784399,19.571941,25.183691,25.605902,22.552103,20.843628,23.816652,28.658983,30.619442,27.525568,29.634607,33.590553,33.509502,28.883268,31.995504,27.572351,30.866875,28.122538,23.427061,26.198254,20.979757,21.894312,22.552645,20.55279,20.672894,19.327898,23.951492,22.861366,28.629261,30.136925,33.628654,36.761757,39.05053,40.62695,39.05761,38.59692,34.090267,31.942387,28.671232,25.98931,23.05784,19.23992,20.96027,16.915554,19.26632,21.317066,18.008633,16.01721,16.115036,14.075216,11.80872,13.408649,11.02829
6,17.156548,14.030445,11.792442,7.9418917,5.137157,6.2280354,0.0,5.840941,6.954336,9.449313,12.503548,14.750005,17.639164,19.923843,23.57949,22.906755,27.147337,26.232033,32.867165,30.615402,34.67743,37.278282,39.073196,34.800114,35.87516,34.39671,30.89454,30.560165,26.07738,28.723156,21.248367,24.895065,19.778463,20.190714,19.090673,16.014288,13.009869,16.493132,16.215578,13.178565,11.988444,17.86239,16.324076,12.075828,14.877266,20.120855,17.568796,14.563461,19.125788,17.198988,20.354435,22.518518,24.959547,24.238897,26.136082,27.34534,23.049297,26.570526,29.218054,24.16642,22.099682,27.94432,29.125254,26.680035,24.397324,26.553766,31.810871,33.197205,29.545288,32.19283,35.49163,34.77676,30.044973,32.40435,27.747004,30.205536,26.965685,22.286625,23.829784,18.459394,18.304693,18.060532,16.076094,17.21054,17.221087,21.156818,21.707785,27.212868,29.417032,33.12898,36.88225,38.929916,39.964912,38.33084,37.001343,33.015656,30.317741,26.754694,24.57024,20.525213,17.042341,17.027943,12.787253,14.034908,15.61809,12.079838,10.649213,10.773645,10.560462,8.443286,11.849752,10.941067
7,21.13175,18.528679,14.990558,12.739836,9.336994,6.9477906,5.840941,0.0,4.7579155,5.64025,8.949471,11.680352,14.178231,17.406109,20.070992,20.84316,24.848276,24.72907,31.15864,29.320877,33.780632,36.09288,38.630524,34.009266,34.73043,32.91765,29.03257,27.882605,23.233255,25.050026,17.82693,20.204788,14.689313,15.0164795,14.979947,12.291629,8.898686,13.104697,13.962644,11.411175,10.398513,16.996368,15.98534,13.003811,15.46485,20.952112,19.122753,17.225204,21.372416,19.028358,20.94824,24.373703,26.40734,24.855656,26.617846,27.254538,22.706184,25.567324,28.484352,23.460775,20.357285,25.902151,27.027288,24.530663,21.446453,23.46357,28.864206,29.999733,26.92082,30.288296,33.323303,32.61976,28.648726,31.626253,27.28594,30.240948,27.248411,22.91508,24.877432,20.084438,19.949425,20.453314,17.246782,17.630651,16.758099,20.881378,20.525127,26.095583,27.522127,31.361647,34.23123,36.83447,37.925808,35.939285,34.929558,30.463392,27.8159,24.654943,21.892387,18.761312,14.893105,16.069561,12.811487,14.409592,16.671103,14.430655,12.472865,15.023599,13.373859,12.936543,15.512772,14.9728365
8,23.02497,20.454718,17.470013,14.293473,11.661756,9.386856,6.954336,4.7579155,0.0,4.842714,6.1908913,9.491312,11.489735,14.218842,16.856833,16.73827,20.7988,20.261917,26.815044,24.785606,29.162714,31.574106,33.98142,29.543375,30.464376,28.877808,25.145658,24.3355,19.778763,22.19262,14.77366,18.582062,13.357392,14.739523,13.287999,9.551466,7.4590716,12.12908,11.234648,7.9197373,9.014739,14.661457,12.549891,10.168445,13.790448,17.961737,15.54379,14.987577,19.29429,17.774572,19.093185,21.526089,24.443428,23.223871,24.11912,24.221897,19.595285,22.397495,25.896221,21.617655,17.955336,23.558058,25.276508,23.415537,20.150084,21.47454,27.014456,27.807463,24.186787,27.69403,30.31478,29.260675,25.142298,27.681059,23.274189,25.891733,22.776302,18.549702,20.247816,15.650551,15.43426,16.316916,12.897934,12.926493,12.066312,16.135191,16.087692,21.584953,23.338566,27.20124,30.540337,32.869164,33.800648,31.929163,30.688223,26.465303,23.753653,20.382444,17.901903,14.342187,10.562314,11.823659,8.386508,11.033019,13.761734,11.828883,9.08775,12.561955,9.695393,10.748274,12.911227,13.655582
9,26.232882,23.31692,20.318155,17.304174,14.059521,12.389191,9.449313,5.64025,4.842714,0.0,4.136274,6.057522,8.871893,11.991142,15.383786,16.261911,20.325323,20.832438,26.935005,26.003538,30.550337,33.007595,35.87838,31.806648,32.78325,31.258389,27.408138,26.002245,21.453598,23.108692,16.18392,18.709711,12.26409,14.70785,14.743593,11.086215,9.449776,14.745827,14.574056,11.610822,13.054671,18.792318,16.735704,14.931534,18.430468,22.503551,20.024712,19.81321,24.130413,22.526724,23.674519,26.229578,29.171007,27.763403,28.569126,28.33147,23.65818,26.014833,29.795414,25.695135,21.46495,26.722113,28.483847,26.654448,22.835382,23.850824,29.463827,29.86115,26.662262,30.809267,32.96838,31.689259,28.228718,30.803356,26.635689,29.066647,25.936989,22.118475,23.212543,19.09778,18.072676,18.482212,14.413424,14.9622,14.713866,17.97067,18.500217,23.55439,25.036472,29.04343,31.865925,34.522415,35.127098,32.898228,31.313278,27.113508,24.040163,20.967413,18.399492,14.976656,11.444702,11.747486,9.698707,10.491254,12.975723,12.1787615,10.298713,14.894068,13.4827175,14.677304,17.417473,18.195995
10,29.12476,26.41132,23.396967,20.259312,17.352406,15.112247,12.503548,8.949471,6.1908913,4.136274,0.0,4.09605,5.385311,8.727409,11.384554,12.351656,16.29215,16.958113,22.95752,22.160072,26.7849,29.160334,32.268463,28.269112,29.242538,27.793081,23.96797,22.446945,18.02289,19.6992,13.038197,16.069023,9.821303,13.420964,12.796724,8.656159,8.719151,13.996567,12.965157,10.140662,13.121092,17.77121,15.266957,14.688776,18.460222,21.406319,18.929276,20.035683,24.089724,22.958622,23.246222,25.43155,28.744627,27.3257,27.41892,26.538393,21.901926,23.782902,28.034763,24.688068,19.775951,24.676819,26.850943,25.576729,21.412382,21.696117,27.318687,27.269659,23.961782,28.481697,30.090115,28.515385,25.409094,27.813833,23.87687,26.149317,23.128757,19.778873,20.726814,17.343227,16.26362,17.283178,12.744863,12.538009,11.948388,14.826564,15.228049,19.965456,21.285938,25.320318,28.066246,30.732307,31.192604,28.892374,27.240784,23.055634,19.931824,16.939754,14.354692,11.151138,7.719356,8.78913,7.9873276,9.656107,12.645918,12.840949,10.4561615,15.918033,13.434015,15.839495,17.88684,19.422415
11,31.834845,28.766552,26.142159,22.67913,19.66474,18.266205,14.750005,11.680352,9.491312,6.057522,4.09605,0.0,3.854785,6.259228,10.932161,11.811335,15.755041,17.132683,22.559507,22.837011,27.339659,29.909088,33.10999,29.794758,31.044586,29.91175,26.266644,24.66859,20.523325,21.949131,15.972555,18.567858,12.022526,16.420942,16.340462,12.303596,12.72951,17.992834,16.868729,13.995179,17.172531,21.699034,18.864412,18.286367,22.335575,24.934847,22.022127,23.359365,27.599833,26.688112,27.11949,28.779066,32.462646,31.230486,31.110664,30.027126,25.451103,27.188755,31.685644,28.632387,23.579178,28.28874,30.626886,29.519596,25.218004,25.18704,30.757017,30.374895,27.133787,31.900305,33.06307,31.18728,28.391403,30.404076,26.60037,28.339043,25.20442,22.201517,22.264746,19.271887,17.368435,17.723192,13.023275,13.599825,14.130946,15.869315,17.45803,21.487535,22.97562,27.008722,29.724144,32.338093,32.346138,29.894386,27.62066,23.903978,20.38362,17.562262,15.473533,11.931217,9.554039,8.368646,8.958408,8.470519,10.908921,12.313098,10.846302,16.762241,15.572605,18.081177,20.613958,22.408073
12,34.445023,31.63335,28.757036,25.469677,22.577509,20.489944,17.639164,14.178231,11.489735,8.871893,5.385311,3.854785,0.0,4.2894936,7.1095543,9.041231,12.542113,14.468042,19.542805,20.084627,24.692303,27.032984,30.617426,27.273918,28.371944,27.21455,23.568851,21.659773,17.746876,18.83895,13.615979,16.033634,10.031791,15.179598,14.891553,11.092065,12.723162,17.539555,16.140537,13.816878,17.667583,21.306738,18.485075,18.947739,22.839367,24.694918,22.111961,24.331125,28.19217,27.484993,27.150808,28.818924,32.52252,31.135483,30.535767,28.925976,24.484324,25.650888,30.402163,27.969324,22.42366,26.595003,29.154203,28.477755,23.909657,23.267971,28.691029,27.89592,24.812939,29.916151,30.55877,28.493238,26.265644,28.266851,24.846941,26.567844,23.707674,21.275747,21.40949,19.243753,17.546938,18.58625,13.725969,13.3549385,13.253775,14.519101,15.566473,19.077465,20.092196,24.077742,26.38599,29.144367,29.059654,26.46292,24.281767,20.452604,16.952847,14.477074,12.250642,9.643806,7.8345337,7.966837,10.00443,10.523534,13.156774,15.044552,13.18615,19.25414,17.075905,20.200441,22.081215,24.180828
13,36.80753,33.806915,31.446358,27.64974,25.022024,23.533978,19.923843,17.406109,14.218842,11.991142,8.727409,6.259228,4.2894936,0.0,7.1147165,6.749368,10.306732,12.4187,16.970257,18.365154,22.644928,25.27949,28.67895,26.200338,27.73227,27.09781,23.891665,22.41013,19.010832,20.487354,15.900921,19.066755,13.810971,19.117414,18.247057,14.245894,16.32221,20.975428,18.775248,16.242247,20.651392,23.649178,20.20519,20.862513,25.176567,26.108532,22.98236,25.841326,29.75229,29.602676,29.259071,29.900932,34.225456,33.25309,32.13859,30.23391,25.987976,27.06809,32.119614,30.29167,24.749956,28.75384,31.65269,31.373442,26.92417,25.859034,31.141214,30.04301,26.654133,31.704319,31.84231,29.386293,27.21277,28.45527,25.1651,26.07379,23.09993,21.165665,20.24507,18.775488,16.376421,17.04641,12.32855,12.343688,13.395489,13.182336,15.713359,18.243288,19.782173,23.63589,26.42085,28.741882,28.140343,25.627785,22.638968,19.654486,15.786393,13.262841,12.143935,8.76287,8.675596,6.3477883,9.993426,9.449729,11.532733,14.48729,13.129729,19.245852,17.650911,21.229475,23.114908,25.783878
14,39.677925,37.249336,34.18276,31.064095,28.477123,25.675474,23.57949,20.070992,16.856833,15.383786,11.384554,10.932161,7.1095543,7.1147165,0.0,6.1638227,7.1990643,10.419075,14.094711,15.305849,19.888847,21.685642,25.969608,22.80159,23.630228,22.579023,19.185467,16.79872,13.85883,14.274814,11.657378,13.801315,10.614637,16.039574,15.04251,12.312213,15.680288,19.09114,17.07567,15.919171,20.523314,22.209597,19.46879,21.630093,25.12336,25.367022,23.38197,27.059383,30.14451,29.95111,28.357515,29.689882,33.45099,31.964859,30.391037,27.801645,23.890162,23.885826,29.002083,27.998755,21.880442,24.736044,27.728693,28.024164,23.266993,21.336185,26.155777,24.46409,21.68834,27.227503,26.650066,24.123886,23.160456,24.845436,22.392876,23.805246,21.632471,20.587744,20.66089,20.288754,19.017347,21.026604,16.49476,14.736419,13.727344,13.605802,13.610885,15.335114,15.2776785,18.946339,20.42514,23.32943,22.929415,20.06998,17.984776,14.109568,10.683686,9.366076,7.293095,7.988805,8.578522,10.561217,14.021706,15.539255,18.100626,20.461668,18.294767,24.194153,20.86486,24.742134,25.583141,28.171305
15,38.705284,36.14434,33.814865,30.009668,27.95075,25.892433,22.906755,20.84316,16.73827,16.261911,12.351656,11.811335,9.041231,6.749368,6.1638227,0.0,4.419489,5.710982,10.79052,11.621596,15.957496,18.540974,22.018593,19.61575,21.258259,20.942986,18.173426,17.232742,14.642055,16.824532,13.464454,18.030235,15.071777,20.018982,17.641218,14.001102,17.342447,20.80462,17.42854,15.568163,20.789732,21.79244,18.03487,20.103474,24.238033,23.348347,20.477674,24.807936,27.993341,28.586365,27.275465,27.045633,31.69582,30.957975,28.863747,26.229183,22.499931,22.923655,28.288225,27.748735,22.090416,25.30987,28.680769,29.255413,25.060398,23.12647,27.93734,26.414934,22.658514,27.54171,26.938038,24.091417,22.193579,22.734644,19.937866,20.2863,17.652945,16.815022,15.64273,15.84649,13.991912,15.910349,11.848107,10.059023,10.364022,8.5137,10.9003,11.973836,13.632853,17.303167,20.618834,22.461924,21.691347,19.399662,16.243881,13.571636,9.665472,6.7712126,6.898273,4.097641,7.0640707,6.7999916,11.038001,12.57269,14.837723,17.406094,15.366884,20.849833,17.74525,22.119125,22.763245,26.04763
16,42.66949,40.266888,37.81724,34.152187,32.14198,29.782139,27.147337,24.848276,20.7988,20.325323,16.29215,15.755041,12.542113,10.306732,7.1990643,4.419489,0.0,4.6738815,7.080146,9.364464,13.437719,15.6060505,19.671644,17.78342,19.304497,19.257122,16.940815,15.8223715,14.332143,15.95456,14.651855,18.594246,17.004446,21.895311,19.505396,16.60858,20.405817,23.232317,19.850319,18.654451,23.914331,24.059351,20.554838,23.343954,27.130678,25.485718,23.065132,27.967363,30.689306,31.496037,29.566338,29.181385,33.753925,32.960632,30.358412,27.178566,23.919025,23.574131,29.015558,29.35456,23.53863,25.834528,29.372328,30.492752,26.279823,23.673222,27.93259,25.849302,22.432497,27.43764,25.943789,22.775923,21.89509,22.043428,20.113861,20.050598,18.059309,18.367937,17.078192,18.528086,17.001932,19.213713,15.65742,13.490127,13.305817,10.689504,12.172777,11.27961,12.051373,15.188715,17.89217,19.643082,18.392065,15.921891,12.394501,10.269714,6.234947,4.923637,6.539601,7.196707,10.608232,11.150421,15.324015,16.87541,18.92926,21.684683,19.69299,24.997744,21.620058,26.113146,26.344746,29.726532
17,40.766636,38.550335,36.40939,32.605766,31.063341,28.82483,26.232033,24.72907,20.261917,20.832438,16.958113,17.132683,14.468042,12.4187,10.419075,5.710982,4.6738815,0.0,6.744591,6.002546,10.286895,12.981354,16.312063,14.19674,16.155207,16.41907,14.466827,14.569349,13.256842,16.189657,14.304592,19.718044,18.60218,22.85139,19.458506,16.397547,20.162981,22.532003,18.376558,17.14889,22.524292,21.79565,17.933628,20.94301,24.74314,22.171286,19.577942,24.974253,27.414127,28.723408,26.72649,25.466103,30.378887,30.001276,27.030066,23.811451,20.81681,20.654804,26.113176,26.843473,21.48835,23.866962,27.571568,28.89988,25.211641,22.660698,26.802366,24.999813,20.920654,25.277067,23.971025,20.770266,19.0581,18.54727,16.375029,15.788063,13.610061,14.220523,12.591926,14.737137,13.575911,16.286663,13.500037,10.712356,10.484895,6.942328,8.967087,7.3593316,9.56465,12.705057,16.967968,17.940756,16.922901,15.129231,11.68105,9.961019,6.6055703,3.464523,6.5194983,5.974995,9.936034,10.645845,14.095822,16.449965,18.529572,20.694944,18.470634,23.03501,19.185638,23.841578,23.49923,27.16911
18,47.48718,45.268166,43.14986,39.32917,37.752888,35.488026,32.867165,31.15864,26.815044,26.935005,22.95752,22.559507,19.542805,16.970257,14.094711,10.79052,7.080146,6.744591,0.0,6.3087716,8.082346,10.080511,14.061175,14.169577,16.14695,17.272932,16.5541,16.594852,16.971312,18.849142,19.32962,23.573572,23.380297,27.797945,24.772257,22.30789,26.303915,28.378448,24.430801,23.627886,28.953167,27.723345,24.142284,27.504463,31.067827,27.873066,25.608107,31.343483,33.417595,34.96861,32.536686,30.92938,35.80047,35.47701,31.986155,28.247425,25.946487,24.963356,30.308233,32.049194,26.692501,27.983768,31.779709,33.68687,30.017965,26.81476,30.163916,27.663801,24.21899,28.517698,25.954449,22.36102,22.196129,20.837767,20.087458,18.533016,17.39392,19.456442,17.278048,20.638847,19.390467,21.752077,19.485191,17.099392,17.126917,13.207167,14.790048,10.948075,11.693193,13.147005,16.250296,16.552841,14.221337,12.449011,7.371591,8.855294,6.6317673,7.505579,11.067959,12.4896145,16.387424,16.64578,20.540434,22.165707,23.783785,26.53907,24.695328,29.229586,25.745623,30.428894,29.99254,33.768288
19,43.805355,42.007244,39.892673,36.30899,35.158497,32.602867,30.615402,29.320877,24.785606,26.003538,22.160072,22.837011,20.084627,18.365154,15.305849,11.621596,9.364464,6.002546,6.3087716,0.0,4.8253255,7.1154203,10.692379,8.63876,10.786655,11.83839,11.266444,12.580817,13.177719,16.283981,16.396612,21.807976,22.456892,25.952486,21.965675,19.783117,23.749487,24.971003,20.53879,20.15811,25.28653,22.942837,19.48685,23.322783,26.437197,22.40155,20.582378,26.680813,28.164242,30.011366,27.212069,25.256266,30.028288,29.86946,26.064596,22.217026,20.289764,19.214241,24.466236,26.653732,21.780735,22.884518,26.761501,28.898289,25.805283,22.643587,25.765305,23.628551,19.58763,23.212713,20.96013,17.44968,16.451183,14.721159,13.892924,12.276761,11.386062,13.991453,12.587999,16.482838,16.370157,19.588152,17.890358,14.641868,13.630435,10.133226,10.194393,5.096303,6.6835628,8.155961,13.233322,12.999018,11.7197275,10.7400255,7.553354,7.489976,6.636606,6.0472684,9.490138,11.09932,14.628425,16.218836,19.005741,21.880922,23.904114,25.685425,23.309372,27.119192,22.658121,27.275145,26.029549,29.775303
20,47.212593,45.504597,43.689266,39.99365,39.11677,36.762638,34.67743,33.780632,29.162714,30.550337,26.7849,27.339659,24.692303,22.644928,19.888847,15.957496,13.437719,10.286895,8.082346,4.8253255,0.0,3.6910996,6.243544,7.150929,9.960564,12.320682,13.39052,15.549163,17.105206,20.100647,20.901596,26.232119,27.247086,30.606936,26.467182,24.425243,28.329527,29.28583,24.69741,24.40399,29.408474,26.479654,23.065207,26.92592,29.88182,25.034428,23.28853,29.618462,30.686186,33.005848,30.079344,27.220398,32.121254,32.374645,28.094116,24.077404,22.942743,21.60977,26.491014,29.506151,25.197813,25.721586,29.602797,32.12727,29.486742,26.166815,28.648632,26.396276,22.477552,25.336233,22.516886,18.93448,18.351992,15.345321,15.537788,12.536918,12.527196,16.242172,14.149533,19.018707,18.97997,21.970772,21.130636,18.130728,17.570568,13.702007,14.208079,8.595042,9.940282,9.44902,14.479988,12.7569475,10.71438,10.9481125,7.51324,10.252322,10.560512,10.796651,14.278901,15.655898,19.237741,20.278074,22.973091,25.614477,27.307108,29.121237,26.960785,30.244139,26.014227,30.584652,29.04433,32.95346
21,49.469917,47.97678,45.93772,42.50817,41.627293,38.918453,37.278282,36.09288,31.574106,33.007595,29.160334,29.909088,27.032984,25.27949,21.685642,18.540974,15.6060505,12.981354,10.080511,7.1154203,3.6910996,0.0,5.389427,6.220372,8.1120615,10.748709,12.640868,14.803192,17.31368,19.80089,21.837162,26.607105,28.512987,31.543303,27.424181,25.95742,29.983616,30.421232,26.044477,26.252203,31.065458,27.6306,24.695139,28.92782,31.434772,26.352545,25.254488,31.635408,32.2727,34.551777,31.152224,28.580683,33.026325,33.103306,28.611324,24.312439,23.678856,21.705067,26.291697,29.934547,25.735668,25.412594,29.225214,32.12016,29.648413,25.997623,27.815271,25.2794,21.823458,24.432484,20.940958,17.313166,17.797207,14.640545,15.942865,13.1661825,14.1312065,18.231777,16.912024,21.785765,22.165365,25.365622,24.426546,21.208885,20.080904,16.69701,16.07085,10.298166,10.13275,8.2436905,12.291093,9.86675,7.4610696,8.437117,6.292613,9.784712,11.433016,12.643114,15.773405,18.1843,21.576815,23.279305,25.930264,28.816547,30.669128,32.41343,30.094194,33.423325,28.841248,33.347828,31.551445,35.29994
22,50.15078,48.77593,47.22284,43.63407,43.191185,40.870094,39.073196,38.630524,33.98142,35.87838,32.268463,33.10999,30.617426,28.67895,25.969608,22.018593,19.671644,16.312063,14.061175,10.692379,6.243544,5.389427,0.0,6.7506533,9.369866,12.779289,15.540893,18.704609,21.080643,24.174057,25.502565,30.91504,32.616264,35.431396,30.916187,29.241098,33.001923,33.301315,28.578163,28.617935,33.244522,29.349663,26.268667,30.247478,32.68001,26.84453,25.59605,32.02865,32.300163,35.1349,31.922663,28.163605,32.866695,33.581493,28.778696,24.678972,24.693665,23.037355,27.1552,31.20594,27.852053,27.582684,31.326487,34.305405,32.45122,29.07862,30.661915,28.518646,24.728596,26.31379,23.132133,19.809061,19.444613,15.145841,16.60707,12.524335,13.876791,18.494102,16.562988,22.010338,22.59208,25.576336,25.661287,22.67324,22.00459,18.43815,18.461174,12.886262,13.894267,11.810522,16.532654,13.234768,11.412026,13.314046,11.590302,14.97561,16.301262,16.703066,19.896313,21.281868,24.598974,25.759344,27.927496,30.783625,32.349,33.782375,31.629137,34.11137,29.764198,34.097286,31.951483,35.8411
23,45.393864,44.31281,42.304127,39.1895,38.70031,35.8177,34.800114,34.009266,29.543375,31.806648,28.269112,29.794758,27.273918,26.200338,22.80159,19.61575,17.78342,14.19674,14.169577,8.63876,7.150929,6.220372,6.7506533,0.0,3.5175567,6.4390593,9.041761,12.756501,15.154546,18.56525,19.884338,25.360659,27.688799,29.817963,25.07343,23.9233,27.623629,27.285969,22.721846,23.316416,27.610899,23.253489,20.684952,25.101595,27.003347,21.256193,20.795866,27.183071,27.163599,29.658127,25.991865,23.1422,27.316217,27.56982,22.839977,18.526089,18.484318,16.460321,20.699144,24.756033,21.341185,20.834444,24.581282,27.588282,25.83542,22.47794,24.021946,22.09024,18.088375,19.661583,16.80183,13.5240555,12.722891,8.771396,10.386357,7.4115186,9.432876,13.968605,13.916269,18.685858,20.157495,23.832232,23.353867,19.760658,17.8546,15.502863,13.496436,8.332664,8.52196,6.1796904,11.983983,9.313762,9.34134,10.852699,11.031526,11.7589445,13.550466,13.582571,15.860282,17.933187,20.58466,23.104137,24.708437,28.388329,30.497265,31.390966,28.734737,31.332075,26.108643,30.291803,27.828018,31.354677
24,46.051056,45.21546,42.894863,40.156452,39.6225,36.323833,35.87516,34.73043,30.464376,32.78325,29.242538,31.044586,28.371944,27.73227,23.630228,21.258259,19.304497,16.155207,16.14695,10.786655,9.960564,8.1120615,9.369866,3.5175567,0.0,3.5335786,7.2737484,11.044915,14.225249,17.158167,19.481556,24.354506,27.542349,29.17509,24.47771,23.989866,27.702114,26.7691,22.561872,23.721992,27.677778,22.89688,20.99307,25.71741,27.06007,21.375483,21.722696,27.926485,27.50667,29.764803,25.620922,23.48424,26.956745,26.852695,22.085653,17.54513,17.933002,15.189329,19.06098,23.621414,20.319462,18.912382,22.535946,25.862082,24.30224,20.69589,21.570223,19.473942,15.904751,17.187569,13.762393,10.49144,10.797949,7.1487617,10.113848,8.515559,11.198595,15.405048,16.394083,20.67575,22.51614,26.382586,25.615732,21.831814,19.299263,17.648567,14.478988,9.901535,8.507297,5.0568366,9.671765,6.7244444,7.9911265,9.810868,11.739949,11.715019,14.304118,14.835514,16.516756,19.42817,21.71612,24.969475,26.441471,30.402666,32.734753,33.48659,30.632994,33.334785,27.738102,31.770048,29.1243,32.348053
25,44.36598,43.683784,41.04212,38.639706,38.005272,34.34618,34.39671,32.91765,28.877808,31.258389,27.793081,29.91175,27.21455,27.09781,22.579023,20.942986,19.257122,16.41907,17.272932,11.83839,12.320682,10.748709,12.779289,6.4390593,3.5335786,0.0,4.3189516,8.20253,11.590958,14.371949,17.036299,21.565792,25.277237,26.436049,21.757309,21.776274,25.421438,24.049355,20.167513,21.771738,25.417135,20.482761,19.117409,24.039593,24.97835,19.68241,20.624594,26.54943,26.006449,27.883331,23.453259,22.263008,25.181456,24.618633,20.06898,15.449002,15.721121,12.527616,16.41523,20.912008,17.443813,15.626233,19.229635,22.6179,21.02873,17.318403,18.0489,15.958265,12.420563,13.900345,10.464253,7.0970716,7.796266,5.5863376,8.709771,9.044209,11.553741,14.98334,17.0155,20.53316,22.67374,26.715363,25.552198,21.61315,18.454456,17.658958,13.374836,9.873771,7.4181123,4.33606,8.009409,6.4237576,8.988652,10.05166,12.905064,11.320964,14.047791,14.526222,15.397502,18.797071,20.563082,24.536219,25.750511,30.001892,32.578083,33.11408,30.059158,32.898254,26.969658,30.834316,28.145882,31.051634
26,41.429253,40.65028,37.723312,35.44256,34.554283,30.678415,30.89454,29.03257,25.145658,27.408138,23.96797,26.266644,23.568851,23.891665,19.185467,18.173426,16.940815,14.466827,16.5541,11.266444,13.39052,12.640868,15.540893,9.041761,7.2737484,4.3189516,0.0,4.5528073,7.308516,10.496325,12.749461,17.376526,21.036686,22.124266,17.473179,17.602589,21.293713,19.982058,16.265999,18.011948,21.683912,17.201357,15.932276,20.923927,21.937754,17.519054,18.467985,24.109552,23.996222,25.358068,21.01986,20.878414,23.686981,22.637266,18.648607,14.226597,13.393929,10.365056,14.981775,18.41566,14.066106,12.872976,16.65867,19.645117,17.414242,13.68148,15.353813,13.333108,9.270187,12.235452,9.75228,6.461161,6.181675,6.872028,7.8190165,9.957733,11.283638,13.471927,16.15521,18.71571,20.817055,24.911366,23.155859,19.15869,15.518981,15.500422,10.335945,8.278731,5.059451,4.556171,7.8162975,8.623007,11.058784,10.775661,13.277223,9.919801,12.058475,12.109903,12.080979,15.769963,17.047338,21.59578,22.683475,27.073933,29.856907,30.310629,27.126007,30.317738,24.25467,28.073368,25.661488,28.370646
27,41.97588,41.086887,37.72117,35.67517,34.34395,30.12319,30.560165,27.882605,24.3355,26.002245,22.446945,24.66859,21.659773,22.41013,16.79872,17.232742,15.8223715,14.569349,16.594852,12.580817,15.549163,14.803192,18.704609,12.756501,11.044915,8.20253,4.5528073,0.0,4.668875,6.175127,10.370703,13.593036,17.947903,19.070179,15.070666,15.790574,19.67421,18.446342,15.559396,17.560417,21.166653,17.590654,16.743748,21.613678,22.613436,19.511286,20.507565,25.629223,25.930735,26.606821,22.344606,23.506615,25.87521,24.195753,20.91703,16.826576,15.270122,12.31582,16.807226,19.285887,14.067823,12.830023,16.36788,19.03696,15.916171,11.7941,13.834617,11.181489,8.087903,12.832603,10.336196,7.4196634,8.891868,11.2086,11.598373,14.243661,14.933115,16.262295,18.965729,20.799528,22.501654,26.459253,23.924704,20.039276,16.20449,16.625685,11.263976,10.272406,6.0951266,6.9185257,6.727164,9.767995,12.010149,10.55305,13.395412,8.677289,10.794362,11.49424,10.452605,15.266516,16.18885,21.243303,22.657549,26.87489,29.825012,30.525024,27.31404,31.172369,25.201519,28.978954,27.05707,29.48601
28,37.99322,36.940315,33.46917,31.410275,29.898884,25.655062,26.07738,23.233255,19.778763,21.453598,18.02289,20.523325,17.746876,19.010832,13.85883,14.642055,14.332143,13.256842,16.971312,13.177719,17.105206,17.31368,21.080643,15.154546,14.225249,11.590958,7.308516,4.668875,0.0,4.9523535,5.755909,10.340118,13.796587,15.011938,10.731089,11.123259,15.039487,14.219952,11.293792,13.162468,16.88548,14.204234,13.182027,17.772087,19.069126,17.066505,17.711554,22.337696,23.227478,23.465866,19.702822,21.5377,24.019863,22.14512,19.585348,16.1202,13.372274,11.513814,16.376242,17.25548,11.310133,11.907715,15.382429,17.11896,13.303342,9.846691,13.669933,11.920788,8.16374,13.551278,12.932008,10.817884,9.971016,13.094289,11.684631,14.990747,14.587655,14.505805,17.536133,18.202343,19.793697,23.621462,20.680075,16.931355,12.804025,14.242699,8.561924,10.00012,7.2805204,10.018326,11.190198,14.171101,15.989731,14.209231,15.760535,10.514017,10.928338,10.311885,7.9888716,12.182707,12.237617,17.768684,18.784416,23.116077,26.206915,26.672117,23.386963,27.39333,21.456707,25.091337,23.518719,25.76655
29,40.907734,39.896976,36.005913,34.355057,32.486195,27.897757,28.723156,25.050026,22.19262,23.108692,19.6992,21.949131,18.83895,20.487354,14.274814,16.824532,15.95456,16.189657,18.849142,16.283981,20.100647,19.80089,24.174057,18.56525,17.158167,14.371949,10.496325,6.175127,4.9523535,0.0,7.4919677,7.778687,13.065442,13.967075,11.181325,12.82278,16.552748,15.521481,14.124272,16.299442,19.429232,17.458145,17.227623,21.503555,22.41596,21.289429,22.27919,26.389677,27.26281,26.98877,23.140749,25.904879,27.71881,25.344917,23.212814,19.868776,17.375444,15.112963,19.226948,19.954556,14.048227,13.585501,16.39723,18.05875,13.790043,9.985961,13.076858,10.531225,9.056308,14.956409,13.739909,12.028852,13.283596,16.784935,16.206594,19.490221,19.39603,19.450912,22.334553,22.907423,24.213938,27.85459,24.473381,20.960041,17.022871,18.398428,13.214833,14.187232,10.674254,12.669603,11.100134,15.1205635,16.936092,14.643484,16.91502,11.393414,12.252714,12.858278,10.204382,15.250296,15.130392,20.670055,22.06638,26.005754,29.133007,29.885317,26.689692,31.147612,25.438887,28.894064,27.64934,29.548054
30,33.989277,32.697544,28.959206,27.013798,25.097982,20.73262,21.248367,17.82693,14.77366,16.18392,13.038197,15.972555,13.615979,15.900921,11.657378,13.464454,14.651855,14.304592,19.32962,16.396612,20.901596,21.837162,25.502565,19.884338,19.481556,17.036299,12.749461,10.370703,5.755909,7.4919677,0.0,7.2715526,8.659769,9.979247,5.6612887,5.5449533,9.532236,9.672512,7.496093,8.994399,12.5783825,12.113035,11.164443,14.710804,16.342968,16.529861,16.689915,20.091824,21.846441,21.25308,18.43363,21.39458,23.717009,21.527674,20.216576,17.84168,13.97713,13.663937,18.166176,16.863104,10.584905,13.368262,16.14325,16.420734,11.821942,9.995748,15.25338,14.529468,11.263343,16.50038,17.410295,16.004377,14.082518,17.60989,14.969165,18.544384,17.138926,15.414807,18.503775,17.473223,18.688028,22.053808,18.481634,15.282738,11.178323,14.050219,9.215839,13.101161,11.9078245,15.326432,16.711174,19.846031,21.37398,19.297155,19.941076,14.606623,13.578493,11.924794,8.409301,10.801106,9.072032,15.056016,15.432768,19.672758,22.92545,23.087887,19.784834,24.088816,18.462875,21.68492,20.84553,22.621462
31,37.375637,36.247,31.84349,30.764782,28.343704,23.476622,24.895065,20.204788,18.582062,18.709711,16.069023,18.567858,16.033634,19.066755,13.801315,18.030235,18.594246,19.718044,23.573572,21.807976,26.232119,26.607105,30.91504,25.360659,24.354506,21.565792,17.376526,13.593036,10.340118,7.778687,7.2715526,0.0,7.086546,6.7294703,6.7139277,9.561067,12.049571,11.515745,12.556824,14.518288,16.395372,16.953733,17.44244,20.346924,21.07612,22.527527,23.374083,25.84675,27.414234,26.000742,23.12718,27.482452,28.681675,25.75352,25.17161,23.02755,19.610056,18.656757,22.13901,20.502722,14.672766,15.950532,17.615429,17.46095,12.362712,10.725732,15.028025,13.986454,13.382389,18.89614,19.54767,18.771715,18.73982,22.929335,21.189482,25.004072,24.068262,22.617788,25.719961,24.62246,25.597265,28.666718,24.662518,21.889374,18.148245,20.817308,16.33733,19.386425,17.066116,19.865725,18.846899,22.879484,24.521545,22.003414,23.416327,17.82,17.26642,16.903095,13.230109,16.57163,14.759283,20.282904,20.980537,24.486282,27.696634,28.10198,25.033478,29.711742,24.575636,27.255383,26.859564,27.91465
32,34.148354,32.344406,28.186167,26.559574,23.656574,19.476343,19.778463,14.689313,13.357392,12.26409,9.821303,12.022526,10.031791,13.810971,10.614637,15.071777,17.004446,18.60218,23.380297,22.456892,27.247086,28.512987,32.616264,27.688799,27.542349,25.277237,21.036686,17.947903,13.796587,13.065442,8.659769,7.086546,0.0,5.6784673,7.2972827,6.905967,8.539495,11.219914,12.198447,12.284821,14.482044,17.550844,16.938765,18.408945,20.322712,22.984972,22.506077,24.258926,26.993013,25.378666,23.886484,27.822227,29.796219,27.278936,27.228664,25.675488,21.465563,21.811642,25.725494,22.950695,17.220383,20.448362,22.236977,21.253986,16.250874,15.851343,20.993599,20.465464,18.727367,24.020136,25.158997,23.99158,22.653969,26.251911,23.456455,26.760567,24.849188,22.500624,24.78824,22.683695,22.773975,25.053642,20.593565,18.749699,16.021526,18.908318,16.24511,20.26277,19.37444,22.970465,23.430882,27.098316,28.11205,25.441849,25.370958,20.145712,18.15376,16.730396,13.012328,14.040579,11.329148,15.76767,16.29381,18.9486,22.02667,22.537403,19.825207,24.939285,20.865133,23.339005,24.049763,25.097576
33,32.235794,31.056553,26.372644,25.795444,23.091093,18.105282,20.190714,15.0164795,14.739523,14.70785,13.420964,16.420942,15.179598,19.117414,16.039574,20.018982,21.895311,22.85139,27.797945,25.952486,30.606936,31.543303,35.431396,29.817963,29.17509,26.436049,22.124266,19.070179,15.011938,13.967075,9.979247,6.7294703,5.6784673,0.0,5.450666,8.134198,7.9850817,8.153018,11.353528,12.694245,12.860777,15.800567,16.76807,18.05712,18.557993,22.113401,22.749334,23.580439,25.672861,23.407562,21.716934,26.965601,27.736172,24.662357,25.37673,24.39196,20.43534,20.779257,23.68051,20.175457,15.172306,18.112673,18.9944,17.310837,12.501621,13.236044,18.05626,18.370687,17.392721,22.026167,24.085718,23.7669,22.349344,26.711864,24.036411,28.093084,26.541739,23.913324,27.182941,24.69478,25.57862,28.085646,24.040545,22.008604,18.627811,22.318037,18.56713,22.981983,21.72674,24.959244,24.981646,28.727112,30.399162,27.999643,28.845116,23.339533,22.068417,20.725336,16.912066,18.235073,15.151113,20.112835,19.620981,22.820387,25.962963,25.640633,22.734188,26.993464,22.462084,24.172087,24.397789,24.608208
34,30.814249,29.77453,25.468298,24.382713,22.244253,17.257439,19.090673,14.979947,13.287999,14.743593,12.796724,16.340462,14.891553,18.247057,15.04251,17.641218,19.505396,19.458506,24.772257,21.965675,26.467182,27.424181,30.916187,25.07343,24.47771,21.757309,17.473179,15.070666,10.731089,11.181325,5.6612887,6.7139277,7.2972827,5.450666,0.0,4.6742244,6.155267,5.072373,6.408407,8.54972,9.688799,11.037653,11.773063,13.989747,14.584843,17.05951,17.854574,19.473244,21.261238,19.569689,17.290941,21.991539,23.165522,20.350813,20.440105,19.171753,15.132052,15.53499,18.836222,15.756183,10.198479,13.690798,15.249515,14.115655,9.254949,9.520956,15.009262,15.424437,13.182848,17.703218,19.932808,19.47688,17.289574,21.543798,18.666939,22.815674,21.330261,18.73231,22.359823,20.128683,21.529018,24.497551,20.88283,18.288607,14.339641,18.23149,13.785637,18.407986,17.397638,20.609531,21.50084,24.811354,26.663954,24.619522,25.543839,20.123951,19.08095,17.355389,13.7181835,15.014074,12.078669,17.715443,16.983475,21.049862,24.325565,23.784992,20.523607,24.412214,19.04239,21.203602,20.66587,21.364449
35,29.509743,27.923883,24.117516,22.116695,19.889423,15.616869,16.014288,12.291629,9.551466,11.086215,8.656159,12.303596,11.092065,14.245894,12.312213,14.001102,16.60858,16.397547,22.30789,19.783117,24.425243,25.95742,29.241098,23.9233,23.989866,21.776274,17.602589,15.790574,11.123259,12.82278,5.5449533,9.561067,6.905967,8.134198,4.6742244,0.0,4.294316,6.953639,5.692444,5.5095005,8.692189,11.1865225,10.062884,11.7435465,13.912622,16.201096,15.643931,17.572021,20.236301,18.98357,17.50419,20.975542,23.291113,21.14859,20.9557,19.684818,15.207205,16.3552,20.368406,17.347607,11.796618,16.249355,18.377758,17.409176,12.998957,13.045502,18.674839,18.834435,15.641733,20.142157,22.075308,21.0098,18.099665,21.51803,18.008427,21.496698,19.3415,16.340332,19.24409,16.632605,17.481197,20.184862,16.358953,14.023936,10.530656,14.514308,11.244146,16.378296,16.41842,20.114594,22.154562,25.088722,26.439575,24.371622,24.304186,19.254543,17.408175,14.940222,11.500703,11.228726,7.7940516,13.171375,12.34265,16.398369,19.6807,19.260427,16.007109,20.25415,15.14543,17.744032,17.708248,18.987886
