,0,1,2,3,4,5,6,7,8,9,10,11,12,13,14,15,16,17,18,19,20,21,22,23,24,25,26,27,28,29,30,31,32,33,34,35,36,37,38,39,40,41,42,43,44,45,46,47,48,49,50,51,52,53,54,55,56,57,58,59,60,61,62,63,64,65,66,67,68,69,70,71,72,73,74,75,76,77,78,79,80,81,82,83,84,85,86,87,88,89,90,91,92,93,94,95,96,97,98,99,100,101,102,103,104,105,106,107,108,109,110
0,0.0,4.388556,6.298695,9.787752,11.902389,14.777105,17.332035,20.874914,24.458595,26.981033,30.067621,35.45465,30.877577,30.100363,24.508389,24.404459,20.395054,20.186296,17.324127,16.20082,16.235966,15.937193,20.821854,22.732134,25.939497,29.15505,32.08125,31.00029,29.889402,32.97021,30.35495,35.533653,33.89827,37.32762,37.956028,40.356853,42.621822,41.25176,39.13546,35.330303,37.75967,32.1077,33.889046,30.56474,32.504368,30.99888,30.95389,31.284637,27.911634,33.236923,34.546658,30.263748,33.043453,37.599644,38.09416,39.343246,37.11842,38.2072,37.13563,39.516006,36.34356,39.81029,39.07296,43.774757,44.451046,42.13492,46.753994,46.89918,47.119762,46.871376,44.2431,41.542683,38.543568,35.42103,32.27925,29.7847,26.36049,25.984962,25.62746,24.373966,25.45351,26.690546,26.69106,25.359175,24.728487,26.514717,25.248934,29.070402,29.061527,32.986294,33.64479,38.011883,36.964684,33.95473,33.72204,30.185085,31.35719,25.005756,26.181719,20.929602,21.68011,20.481533,20.514448,21.721594,19.815144,19.05583,20.129751,21.452782,20.503927,24.05648,23.248413
1,4.388556,0.0,5.351848,6.334124,8.73249,12.305748,14.353141,18.596235,21.574434,24.886076,27.42771,33.066113,28.785625,27.60136,22.338747,21.39622,17.365042,16.632572,13.451755,12.014072,11.88055,11.685798,16.558123,18.764914,21.813387,24.953985,27.747833,26.623608,25.584185,28.755033,26.334167,31.636145,30.43137,33.995342,34.81604,37.394863,39.591053,38.260963,35.82358,32.022717,34.29579,28.572388,30.291239,26.731201,28.892866,27.0333,27.350836,27.663982,24.659529,29.906342,30.997263,27.283886,30.18424,34.45433,35.00303,35.965855,33.766586,34.48717,33.302155,35.810333,32.276222,35.870853,35.122448,39.71512,40.65228,38.16801,42.894615,43.23368,43.239082,43.1475,40.248962,37.5644,34.417515,31.321371,28.070482,25.534142,22.03838,21.67968,21.255121,20.185392,21.343128,22.86829,22.740261,21.574148,20.834045,23.085642,21.705862,25.833897,26.046497,30.052462,31.024767,35.25771,34.665707,31.712784,31.71375,28.288795,28.900806,22.668633,23.54893,17.952908,18.425446,16.71698,16.72698,17.92661,15.656136,14.841222,15.781658,17.287565,16.495499,20.278543,19.89149
2,6.298695,5.351848,0.0,5.2897015,6.6145973,8.81523,11.61624,14.595084,18.36153,20.698889,23.8321,29.170897,24.617865,23.925829,18.295898,18.38156,14.54543,14.701184,12.624193,12.29087,13.793314,14.881491,19.429691,22.399096,24.984507,27.749557,29.98483,27.77894,25.97766,28.652643,25.44564,30.4598,28.136126,31.58427,31.931309,34.28223,36.50681,35.12374,33.216976,29.434984,32.15384,26.570211,28.915352,25.776592,28.259928,27.798203,27.6339,28.955912,26.299772,31.564253,32.04433,27.721565,31.233728,35.59554,35.321674,36.529854,33.651543,34.988647,33.389412,35.158817,32.145927,35.124836,34.155586,39.013016,39.096832,36.997265,41.399754,41.305847,41.884686,41.650616,39.330524,36.902412,33.894306,31.114655,28.017845,26.036388,22.837408,22.321417,23.126629,21.738546,23.771803,25.638594,24.586315,22.70249,21.085972,23.014902,20.597801,24.299137,23.679323,27.520958,27.905668,32.23654,31.312449,28.456833,28.64128,25.120684,26.568266,20.077429,22.129469,16.568375,18.99413,16.965672,18.492548,20.434912,18.30409,16.498177,17.008314,17.25382,15.954478,18.871262,17.837017
3,9.787752,6.334124,5.2897015,0.0,3.9079928,6.3875804,9.101098,12.8900175,15.617975,19.251366,21.381735,27.137667,22.840853,21.407154,16.378094,15.137856,11.042695,10.629908,7.6221137,7.4574995,8.827761,10.652567,14.766513,18.100471,20.332401,22.856369,24.991526,22.609497,20.876743,23.60574,20.75487,25.777107,24.259928,27.706749,28.547413,31.080061,33.363186,32.16829,29.795336,26.032068,28.71298,22.96253,25.493084,21.88466,25.005297,23.975637,24.525045,25.833624,23.865898,28.890251,29.01121,25.725754,29.350344,33.196896,33.03917,33.75619,30.929081,31.604593,29.753847,31.682972,27.920006,31.067928,29.959204,34.623802,35.045338,32.52165,37.051395,37.14995,37.346115,37.147877,34.543396,31.981497,28.975788,26.020245,22.923761,20.789742,17.6074,17.48977,18.245539,17.522326,19.711773,22.117413,20.89192,19.371563,17.40905,20.27256,17.40065,21.658688,21.255232,25.196041,26.007906,30.073746,29.943953,27.258303,27.90603,24.610922,25.236261,19.025064,20.70787,14.636647,16.759241,13.66984,15.342698,17.195131,14.335022,12.363941,11.824546,12.540627,10.903891,14.279178,13.645944
4,11.902389,8.73249,6.6145973,3.9079928,0.0,6.0582094,5.636576,10.4706135,12.971918,16.650839,18.967031,24.6093,20.956062,19.78563,14.822527,13.271872,9.876884,8.598804,7.3610234,6.6296444,9.8902645,11.917301,15.615164,19.421867,21.259275,23.592278,24.977047,22.169962,20.027754,22.668482,19.210094,24.661484,22.360092,26.382843,26.595959,29.339212,31.208956,29.684244,27.34095,23.516478,25.871656,20.219719,22.417643,19.168974,21.90679,21.69618,21.685627,23.521524,21.652628,26.656908,26.496443,22.725271,26.64121,30.561548,29.96961,30.895407,27.782272,28.929949,27.048336,28.697906,25.586872,28.51116,27.573261,32.444332,32.67924,30.679993,35.22179,35.432953,35.965275,36.235966,33.501175,31.442171,27.881632,25.637854,22.161278,20.621485,17.363947,16.214273,17.866718,16.135885,18.853569,21.155582,19.280525,17.139639,14.879962,17.197018,14.17468,18.146103,17.696396,21.648722,22.474361,26.646336,26.301191,23.519485,24.040138,20.74373,21.37499,15.124807,16.977175,10.961622,13.996172,11.041011,13.651719,16.06815,13.946717,11.29965,12.039618,10.9830265,10.432751,13.081494,13.10205
5,14.777105,12.305748,8.81523,6.3875804,6.0582094,0.0,7.0217304,7.420424,10.867988,13.637612,15.906621,21.489962,16.660295,15.412915,10.122981,10.002102,5.9738917,7.88353,7.1288495,9.545358,12.334395,15.340194,18.346745,22.209906,23.664814,25.463654,26.84419,23.06426,20.394255,22.162308,18.499598,22.646559,19.930277,22.928028,23.464966,25.649364,28.15503,27.12188,25.347702,21.70205,25.226088,19.724222,23.52444,20.37414,24.401295,24.986797,25.353388,27.851675,26.746576,31.447123,30.648207,27.363674,31.614714,35.166817,34.080555,34.78763,31.197926,32.229534,29.70237,30.611284,27.142546,29.364605,27.781963,32.5727,31.865246,29.586815,33.58019,33.04951,33.84568,33.302784,31.550896,29.243599,26.714272,24.092258,21.525143,20.220243,17.86499,18.01271,20.280268,19.755932,22.829388,25.720844,23.50669,21.48214,18.338802,21.147266,16.618017,20.310205,18.64604,22.206724,22.28788,26.19437,26.196362,23.911482,25.26175,22.11382,23.45348,17.410532,20.540308,14.772046,19.059658,15.339875,18.654423,21.022411,18.229637,15.447548,13.620925,12.802346,9.976858,11.465776,9.51518
6,17.332035,14.353141,11.61624,9.101098,5.636576,7.0217304,0.0,6.4824076,7.821902,11.903243,13.925492,19.461308,16.702827,15.652202,11.373912,9.089211,7.379336,5.2857614,7.6674895,7.853737,12.424815,15.09899,17.55182,21.854801,22.840675,24.513956,24.79655,20.942278,18.02606,20.046314,15.727356,21.180613,17.762512,22.27415,21.78075,24.697124,26.151539,24.375217,22.125751,18.293406,20.598686,15.113829,17.640968,14.91129,17.970818,19.385828,18.972351,21.988949,21.068892,25.584703,24.495466,20.782595,25.269787,28.79346,27.316544,28.23079,24.46055,26.01031,23.643173,24.479383,21.97209,24.203087,23.17145,28.237783,27.862074,26.422651,30.761703,30.907001,31.920963,32.5854,29.9796,28.563154,24.645426,23.326494,19.756302,19.24148,16.452158,14.551222,17.785297,15.573238,19.15277,21.701885,18.72625,15.95945,12.62276,14.583736,10.118171,13.566092,12.378857,16.229368,16.917343,21.043428,20.88382,18.26184,19.23785,16.156364,16.762331,10.786034,13.573284,7.922058,13.151897,9.763155,14.115107,17.038845,15.4788265,12.091829,12.780634,9.387957,9.534614,10.228715,10.897174
7,20.874914,18.596235,14.595084,12.8900175,10.4706135,7.420424,6.4824076,0.0,5.008822,6.3668633,9.347459,14.585844,10.663077,10.261903,5.308086,5.942056,5.8783293,7.6287746,10.883077,13.073758,17.160088,20.370281,22.504837,26.824131,27.532501,28.74963,28.85478,24.071457,20.567827,21.450134,16.669262,20.473665,15.587745,19.135225,18.21096,20.468918,22.351637,20.861404,19.686407,16.124453,19.782433,14.944909,19.209646,17.247225,21.208033,23.985529,23.556913,27.310974,26.975632,31.148104,29.453632,25.880442,30.626232,33.862297,31.672142,32.568966,28.238415,30.041908,27.10199,26.814173,24.61798,25.70757,24.068056,29.074362,27.255442,26.049305,29.554928,28.766577,30.506124,30.506102,29.152996,27.881664,24.928486,23.743793,21.144632,21.260048,19.493198,18.551071,22.406809,21.000385,24.811913,27.672306,24.39903,21.626238,17.731148,19.55286,14.020731,16.27138,13.330009,16.255575,15.572666,19.418537,19.261463,17.297852,19.19871,16.384924,18.310022,13.036123,17.438126,13.056086,19.17266,15.741024,20.38736,23.279877,21.404474,18.003735,17.014116,13.797152,12.227805,10.993686,9.726351
8,24.458595,21.574434,18.36153,15.617975,12.971918,10.867988,7.821902,5.008822,0.0,6.10201,6.211168,11.985999,9.966755,8.650973,6.764052,3.5134087,6.5883164,6.622258,11.214663,13.236163,17.400455,20.721725,21.82722,26.263447,26.300423,26.98252,26.283846,21.022339,17.212719,17.610563,12.51125,16.332369,11.055652,15.4120245,14.21128,17.026766,18.453135,16.80772,15.037562,11.340232,14.884486,9.992869,14.750605,12.959117,17.491133,20.803009,20.614878,24.804535,25.379807,28.946041,26.62999,23.953571,28.77909,31.369429,28.907719,29.433468,24.952845,26.455679,23.165297,22.486244,20.234821,20.928762,19.16629,24.150467,22.260923,21.189257,24.753153,24.230326,25.98134,26.512547,24.813389,24.030338,20.620062,20.211622,17.500982,18.386644,17.069149,15.757286,20.333616,18.995337,23.062494,26.091755,22.339409,19.638126,15.3162,17.301722,11.145445,13.024818,9.841531,12.509963,12.279226,15.676618,16.574993,14.98016,17.480383,15.297668,16.107845,12.0884695,15.985821,12.335647,18.267761,14.550038,19.521324,22.359325,20.69826,17.214487,16.095745,11.946554,11.179665,8.435294,8.675308
9,26.981033,24.886076,20.698889,19.251366,16.650839,13.637612,11.903243,6.3668633,6.10201,0.0,5.083611,8.687056,6.06511,7.3980207,5.845772,7.806986,10.666676,12.274981,16.389399,18.608248,22.8018,26.10121,27.64941,32.06246,32.277645,33.00837,32.34101,26.940758,23.035648,22.942957,17.827309,20.363304,13.79592,16.972347,14.573359,16.43025,17.761944,16.026873,16.018269,13.050943,17.044584,13.711712,18.471313,17.888548,21.726627,26.142588,25.288624,29.842033,30.213314,33.777428,31.373993,27.937727,32.861576,35.637684,32.58563,33.51772,28.69007,30.955557,27.666412,26.157595,25.068258,24.86995,23.06332,27.902332,24.772272,24.562733,27.187334,25.875477,28.553902,28.740032,28.188208,27.790684,25.046503,24.978218,22.874277,24.031368,23.024435,21.829752,26.429539,24.877552,28.9508,31.79465,27.979816,24.968176,20.785006,21.875706,16.054771,16.612919,12.522196,13.955604,11.981653,15.189891,15.041515,13.964641,16.731524,14.739169,17.281378,13.805583,18.83572,16.247004,22.857885,19.796011,24.842142,27.839329,26.394915,22.878435,21.924467,17.969793,16.847971,14.104851,13.088522
10,30.067621,27.42771,23.8321,21.381735,18.967031,15.906621,13.925492,9.347459,6.211168,5.083611,0.0,5.9893174,5.5476627,4.9702773,7.486165,6.9519277,11.198666,12.404689,16.746185,19.202673,23.085205,26.547705,27.199842,31.571503,31.20507,31.37791,30.18192,24.35913,20.30446,19.463379,14.498515,15.998011,9.002396,12.166201,9.566348,11.798517,13.128463,11.626424,11.264487,8.428439,13.168513,10.349704,16.053844,15.579024,20.228064,24.69014,24.428217,29.134478,30.360598,33.369038,30.450554,28.186724,33.06621,35.148335,32.03417,32.43757,27.615091,29.252369,25.567972,23.679995,22.138844,21.397268,19.192673,23.727139,20.22387,19.85543,22.21685,20.80084,23.521627,23.807089,23.361729,23.287699,20.718258,21.164934,19.504583,21.295603,21.02097,20.150064,25.058651,24.113308,28.238256,31.348965,27.326532,24.6698,20.224737,21.81483,15.647998,16.061708,12.007397,12.792735,11.228962,13.3192625,14.855974,14.520813,17.963509,16.703596,17.992329,15.708198,19.978132,17.662243,23.723366,20.224274,25.25796,28.043629,26.447561,23.018175,21.333069,17.295498,16.188852,12.4152775,11.954553
11,35.45465,33.066113,29.170897,27.137667,24.6093,21.489962,19.461308,14.585844,11.985999,8.687056,5.9893174,0.0,6.7846513,8.274255,12.179198,12.897826,17.07233,18.34944,22.735453,25.11263,29.04645,32.481434,32.99625,37.35633,36.79352,36.728313,35.113907,29.129034,25.04836,23.593615,18.911098,19.081648,11.695478,13.405208,9.096829,10.042738,10.200068,8.464765,10.562616,9.587258,13.7586155,13.437056,18.521578,19.348425,23.300676,28.775127,28.106937,33.190403,34.746735,37.314686,34.012287,31.756203,36.61121,38.370556,34.639187,35.127876,30.078209,32.120674,28.36219,25.473124,25.140394,23.233925,21.062634,25.035948,20.218632,21.083998,22.141264,20.068342,23.829414,24.23757,24.82554,25.635479,23.54816,24.908539,23.802967,26.158916,26.32782,25.317759,30.415422,29.309664,33.462017,36.437595,32.194588,29.405638,25.041222,25.94913,20.147333,19.319637,15.014378,14.1791935,11.482795,11.934793,13.488662,14.452701,18.285238,17.978123,19.718077,18.981823,23.372896,22.285532,28.471972,25.425245,30.527311,33.358387,32.081326,28.64372,27.16597,22.951706,22.086374,18.114798,17.629103
12,30.877577,28.785625,24.617865,22.840853,20.956062,16.660295,16.702827,10.663077,9.966755,6.06511,5.5476627,6.7846513,0.0,3.8158948,6.569823,9.670957,12.849241,15.610324,19.211773,22.252243,25.863596,29.448565,30.54049,34.814785,34.734955,35.029583,34.34857,28.518581,24.540895,23.570057,18.959917,19.436453,12.948571,13.930873,11.842019,12.406155,14.717098,14.072183,15.130131,13.12789,18.200502,15.8195305,21.59436,21.013256,25.703243,29.961143,29.72791,34.30866,35.179035,38.497116,35.781265,33.143726,38.053886,40.415684,37.319923,37.869503,33.023838,34.767952,31.104797,29.189268,27.5467,26.735165,24.351088,28.6127,24.618513,24.0587,25.726646,23.475227,26.438488,25.67372,26.435183,25.972878,24.578356,24.366188,23.429375,24.851957,24.757238,24.63392,29.20295,28.651348,32.69403,35.901108,32.110683,29.485685,25.083473,26.789915,20.635809,21.268879,17.109049,17.820648,15.596556,17.489042,18.3189,18.214567,21.530598,20.107424,22.42124,19.637749,24.447786,21.755789,28.08015,24.513288,29.46223,32.26073,30.284058,26.889402,24.5965,21.301485,19.170181,15.80441,13.803524
13,30.100363,27.60136,23.925829,21.407154,19.78563,15.412915,15.652202,10.261903,8.650973,7.3980207,4.9702773,8.274255,3.8158948,0.0,5.9234996,7.2705793,10.672064,13.434127,16.818047,20.091831,23.369558,27.040611,27.726456,31.915976,31.635595,31.734861,31.059578,25.160923,21.22808,20.123354,15.767834,15.960711,10.079089,10.949275,9.97267,11.009082,13.901937,13.648121,13.724482,11.468111,16.863367,13.958666,20.143898,18.97249,24.27188,27.858997,28.191196,32.542385,33.661728,36.888153,34.14632,32.164276,36.99326,39.129097,36.357937,36.571384,31.926418,33.08392,29.313658,27.723555,25.235521,24.699263,22.105375,26.256474,22.692242,21.394342,23.361507,21.268381,23.711205,22.77423,23.259722,22.453747,21.208544,20.663807,19.91356,21.287176,21.450659,21.79284,26.248932,26.241907,30.204367,33.609856,29.918488,27.63101,23.164276,25.485287,19.182396,20.397911,16.60796,17.680586,16.184065,18.00705,19.62385,19.374996,22.749413,21.266098,22.783224,19.849615,24.1551,20.975262,26.82714,22.84278,27.621344,30.227865,27.95334,24.682062,21.76092,18.783443,16.33252,12.713996,10.668829
14,24.508389,22.338747,18.295898,16.378094,14.822527,10.122981,11.373912,5.308086,6.764052,5.845772,7.486165,12.179198,6.569823,5.9234996,0.0,5.635236,6.95078,10.492529,13.385984,16.57711,20.04448,23.581558,25.208685,29.4217,29.812153,30.581873,30.626743,25.303736,21.603916,21.60124,17.052662,19.096697,13.948063,16.000057,15.397455,16.881287,19.491858,18.692907,18.230713,15.186372,19.92521,15.760757,21.21621,19.429708,24.244434,27.2253,27.268463,31.222471,31.43686,35.319603,33.23576,30.335194,35.133152,37.97016,35.58593,36.182507,31.701094,33.168156,29.81323,28.994072,26.435808,26.871254,24.685764,29.329557,26.6751,25.20863,27.996008,26.449312,28.439138,27.650188,27.35334,25.980736,24.139725,22.801256,21.228823,21.662653,20.815166,20.903952,24.886938,24.428545,28.271597,31.483578,28.146276,25.676048,21.48471,23.74457,17.731592,19.691622,16.214573,18.355522,17.092972,20.138649,20.63621,19.457537,22.088915,19.778843,21.83407,17.431587,21.97118,17.927555,23.922474,20.088045,24.717876,27.436378,25.099396,21.801191,19.400766,16.729666,14.047459,11.777977,9.120005
15,24.404459,21.39622,18.38156,15.137856,13.271872,10.002102,9.089211,5.942056,3.5134087,7.806986,6.9519277,12.897826,9.670957,7.2705793,5.635236,0.0,4.4744587,6.167903,9.949551,12.896632,16.442959,20.026247,20.903841,25.220922,25.187517,25.706789,25.321634,19.893557,16.114817,16.269993,11.580064,14.619379,10.197232,13.646341,13.560043,16.084862,18.27816,17.288528,15.444462,11.937273,16.170034,11.228559,16.640951,14.246213,19.53553,21.988834,22.513132,26.358025,27.061861,30.639885,28.378313,26.31071,31.014515,33.44781,31.314997,31.532217,27.25985,28.159096,24.732534,24.275805,21.070868,21.904623,19.762524,24.457035,22.62393,20.749102,24.222994,23.422235,24.820547,24.694975,23.298756,21.964117,19.28061,18.12423,15.962916,16.565466,15.647973,15.46838,19.734064,19.396648,23.314224,26.6647,23.177927,20.951122,16.607893,19.409702,13.227884,15.729027,12.884564,15.436475,15.286438,18.231926,19.625004,18.288897,20.940855,18.809992,19.471357,15.411002,18.978336,14.768941,20.10616,15.863157,20.490105,23.068995,20.75782,17.45749,14.970773,11.761664,9.61174,6.53427,5.521765
16,20.395054,17.365042,14.54543,11.042695,9.876884,5.9738917,7.379336,5.8783293,6.5883164,10.666676,11.198666,17.07233,12.849241,10.672064,6.95078,4.4744587,0.0,4.600676,6.4795637,9.978578,13.152142,16.757595,18.286709,22.47675,22.980158,23.9742,24.44975,19.656313,16.378218,17.361141,13.34395,16.946424,14.023531,17.041248,17.729122,20.068962,22.577469,21.735815,19.74149,16.196587,20.084282,14.715726,19.42115,16.321465,21.340008,22.553925,23.329348,26.470783,26.507378,30.570923,28.935863,26.638365,31.137533,33.968014,32.441616,32.72194,28.83256,29.514408,26.435877,26.778255,23.016737,24.680313,22.72332,27.380157,26.291193,23.899933,27.707088,27.081678,27.945028,27.482912,25.834162,23.799011,21.31429,19.11895,16.807804,16.30161,14.737481,15.108438,18.454565,18.425978,22.004976,25.352262,22.44617,20.480885,16.549326,19.794672,14.187882,17.63435,15.506395,18.674591,18.823627,22.169565,23.127695,21.351072,23.471329,20.866007,21.606266,16.559483,19.779045,14.54581,19.273449,14.870666,18.93986,21.358177,18.546528,15.443218,12.53669,10.574189,7.312965,6.487986,4.2804847
17,20.186296,16.632572,14.701184,10.629908,8.598804,7.88353,5.2857614,7.6287746,6.622258,12.274981,12.404689,18.34944,15.610324,13.434127,10.492529,6.167903,4.600676,0.0,4.8477683,6.827425,10.786622,14.170657,15.378369,19.788036,20.122192,21.193611,21.255255,16.723135,13.53421,15.222282,11.100163,16.269327,13.882677,18.098377,18.512943,21.490889,23.299524,22.019882,19.27538,15.525111,18.28832,12.540966,16.134195,12.647416,17.288952,18.07704,18.856432,21.873222,21.990515,25.978937,24.37872,22.263145,26.686415,29.435322,28.09928,28.313324,24.619196,25.174704,22.295923,23.108192,19.320885,21.538614,20.008665,24.80572,24.56475,22.331055,26.71513,26.849028,27.415512,27.817171,25.147205,23.432774,19.825047,18.138115,14.824881,14.353681,12.059735,11.189412,14.82492,14.064657,17.808891,21.05829,17.951357,15.897115,11.955385,15.364618,9.999401,13.991117,12.776878,16.359228,17.36587,20.81206,21.886694,19.815079,21.569332,19.02613,18.808367,13.930464,16.181734,10.830572,14.994069,10.432975,14.659841,17.159807,14.736008,11.422685,9.693733,6.3670387,5.091743,4.9661922,6.3576274
18,17.324127,13.451755,12.624193,7.6221137,7.3610234,7.1288495,7.6674895,10.883077,11.214663,16.389399,16.746185,22.735453,19.211773,16.818047,13.385984,9.949551,6.4795637,4.8477683,0.0,4.170039,6.6780787,10.301848,12.008057,16.173643,17.042362,18.556997,19.720781,16.079966,13.768916,16.12672,13.312658,18.217733,17.45175,20.934145,22.25619,25.011871,27.249554,26.312841,23.432674,19.809301,22.552505,16.785627,19.98128,15.955106,20.38622,19.465084,20.90379,22.858723,22.461237,26.72949,25.800709,24.037329,28.00548,30.88616,30.358162,30.404116,27.311117,27.26421,24.739458,26.342987,21.735458,24.648735,23.166216,27.614477,28.069523,25.131214,29.672747,29.899677,29.826008,29.763657,26.937681,24.460775,21.372988,18.53652,15.441636,13.669188,10.885919,11.345532,13.286759,13.617768,16.621002,19.964174,17.801191,16.531578,13.418865,17.461031,13.24608,17.797216,17.266726,20.979174,22.16425,25.613037,26.659603,24.459782,25.931913,23.193686,22.885279,17.646742,19.226816,13.317991,15.85584,11.239827,14.04156,15.964797,12.574224,9.898532,6.6491137,6.5564485,3.343392,6.902204,7.3292756
19,16.20082,12.014072,12.29087,7.4574995,6.6296444,9.545358,7.853737,13.073758,13.236163,18.608248,19.202673,25.11263,22.252243,20.091831,16.57711,12.896632,9.978578,6.827425,4.170039,0.0,4.7282906,7.5556602,9.774265,14.0341,15.208953,17.217136,18.371372,15.679682,13.9451275,17.051432,14.514391,20.310219,19.753542,23.883732,24.861122,27.930162,29.700304,28.413221,25.2227,21.53407,23.369198,17.613787,19.470114,15.384086,18.73344,16.974092,18.251429,19.605116,18.702377,23.191357,22.743996,20.802416,24.489868,27.576714,27.48053,27.627398,24.940662,24.885946,22.874546,25.11278,20.757927,24.257435,23.315258,27.779491,28.963507,26.302868,31.19444,31.956377,31.723518,32.268562,28.774525,26.556387,22.70906,20.288216,16.512074,14.603319,11.021666,10.070258,11.3269615,10.539137,13.315271,16.320885,14.403525,13.147006,10.768121,14.681073,11.77195,16.561626,17.005705,20.929321,22.62128,26.21355,27.003101,24.498167,25.40995,22.632547,21.779058,16.583817,17.101906,11.1704,12.294501,7.9537024,10.048009,11.978024,8.85315,6.0576296,5.6046286,5.314314,5.7146854,9.484953,11.162248
20,16.235966,11.88055,13.793314,8.827761,9.8902645,12.334395,12.424815,17.160088,17.400455,22.8018,23.085205,29.04645,25.863596,23.369558,20.04448,16.442959,13.152142,10.786622,6.6780787,4.7282906,0.0,3.7482448,6.11221,9.936834,11.625397,14.042824,16.350399,14.842383,14.214244,17.641035,16.44667,21.698406,22.577887,26.116028,27.857014,30.790762,32.843822,31.889212,28.488087,24.97074,26.799627,21.141172,22.896246,18.48534,21.865084,18.624453,20.737272,21.039406,20.066547,24.36022,24.397831,23.390837,26.470953,29.290329,29.95867,29.736988,27.689892,26.828056,25.075165,27.883638,22.715183,26.649736,25.685055,29.658892,31.470713,28.162107,33.1157,34.017826,33.144398,33.36413,29.676105,26.887026,23.546944,20.29858,16.90717,14.007719,10.382043,10.980948,10.030846,11.073557,12.569163,15.643805,14.932086,14.8934355,13.461918,17.783432,15.710752,20.588072,21.381584,25.220245,27.078924,30.472347,31.546713,29.109901,30.025166,27.295538,26.190044,21.179033,21.184902,15.454875,15.029787,11.1492,11.245189,11.96576,7.694571,6.784388,4.130526,8.03033,7.514654,11.982304,13.323051
21,15.937193,11.685798,14.881491,10.652567,11.917301,15.340194,15.09899,20.370281,20.721725,26.10121,26.547705,32.481434,29.448565,27.040611,23.581558,20.026247,16.757595,14.170657,10.301848,7.5556602,3.7482448,0.0,4.905648,7.6736145,10.250927,13.36348,16.21369,16.12719,16.294622,20.037106,19.325388,24.73819,25.941566,29.621096,31.333517,34.36134,36.265186,35.203983,31.656197,28.154192,29.537193,23.981594,24.976067,20.616884,23.182116,19.014973,21.156654,20.516283,18.983334,23.297941,24.023607,23.160809,25.652039,28.542149,29.855196,29.62689,28.169693,27.089155,25.881073,29.234312,24.162596,28.489311,27.86765,31.654179,34.021564,30.755114,35.855434,37.057922,35.95592,36.39115,32.35448,29.575596,26.047735,22.86674,19.358809,16.26441,12.52006,12.672349,10.342173,11.102501,11.388271,13.836522,14.200645,14.748801,14.4649105,18.422598,17.597261,22.384733,23.74318,27.612808,29.710144,33.144627,34.062485,31.471144,32.018436,29.27546,27.899767,23.006817,22.287663,16.880875,14.990479,12.063177,10.491034,10.3505945,6.1339116,6.945216,6.803042,10.649373,11.139756,15.522044,17.067886
22,20.821854,16.558123,19.429691,14.766513,15.615164,18.346745,17.55182,22.504837,21.82722,27.64941,27.199842,32.99625,30.54049,27.726456,25.208685,20.903841,18.286709,15.378369,12.008057,9.774265,6.11221,4.905648,0.0,4.466214,5.6703486,8.5226555,11.399132,12.031216,13.115761,16.972197,17.423647,22.476793,24.936298,28.430035,30.552805,33.652245,35.409985,34.54662,30.616865,27.413393,28.392353,23.189526,23.908857,19.372879,22.164127,17.04693,20.17761,19.187092,18.751148,22.20732,22.55546,23.271748,25.50685,27.528427,29.07797,28.225445,27.11839,25.1067,23.823545,27.42602,21.598785,26.125185,25.518126,28.738941,31.746614,28.093765,33.23786,34.807137,33.155464,33.791885,29.293077,26.49152,22.927364,19.74809,16.31378,12.994678,9.471906,10.292283,6.456585,9.332214,8.968494,12.0477,12.55612,14.145339,13.979871,18.496359,17.818155,22.510635,24.199308,27.77442,30.222769,33.158783,34.73612,32.419987,33.24124,30.87364,28.815802,24.717365,23.538769,18.657816,16.230013,13.05483,11.219015,10.34481,5.9806166,7.606807,5.9667997,10.450279,11.417893,15.285497,17.53836
23,22.732134,18.764914,22.399096,18.100471,19.421867,22.209906,21.854801,26.824131,26.263447,32.06246,31.571503,37.35633,34.814785,31.915976,29.4217,25.220922,22.47675,19.788036,16.173643,14.0341,9.936834,7.6736145,4.466214,0.0,3.7722557,7.3769445,11.565244,14.149871,16.200336,19.930634,21.18742,25.762056,28.917292,32.11012,34.540264,37.568127,39.384735,38.652374,34.621975,31.549429,32.366592,27.343561,27.772676,23.282845,25.706282,19.810278,23.196743,21.312887,20.725082,23.747683,24.641104,25.98606,27.547674,29.28768,31.513119,30.437193,29.982246,27.466537,26.608746,30.597153,24.601458,29.313536,28.84883,31.599287,35.10987,31.218939,36.31588,38.0637,35.98069,36.522255,31.865852,28.843452,25.652996,22.229515,19.251915,15.678499,12.7596655,14.03282,9.248997,12.506551,10.711073,12.893358,14.763073,17.113997,17.736279,21.982914,21.981041,26.555988,28.492542,32.010838,34.572334,37.420975,39.063244,36.736294,37.440903,35.09634,32.876545,28.900572,27.363657,22.713642,19.509277,16.975594,14.20883,12.464719,8.886873,11.486435,10.265126,14.8741455,15.646589,19.485903,21.539055
24,25.939497,21.813387,24.984507,20.332401,21.259275,23.664814,22.840675,27.532501,26.300423,32.277645,31.20507,36.79352,34.734955,31.635595,29.812153,25.187517,22.980158,20.122192,17.042362,15.208953,11.625397,10.250927,5.6703486,3.7722557,0.0,3.669703,7.9152226,11.2008915,13.89943,17.472914,19.482044,23.668331,27.532602,30.592978,33.18797,36.240685,37.888596,37.275024,33.051643,30.239407,30.762667,26.103815,26.378027,21.921057,24.502275,18.324951,22.26258,20.429832,20.769361,23.12025,23.513569,25.854002,27.391012,28.488262,30.64515,29.157387,28.807055,25.739454,24.73435,28.713099,22.318844,27.00225,26.53294,28.843328,32.70373,28.639452,33.685944,35.672966,33.27697,34.02369,29.080032,26.17355,22.934034,19.716976,16.864216,13.417979,11.021069,12.596885,7.439961,11.846539,10.011288,12.584354,14.07595,16.827904,17.289362,21.741518,21.651718,26.02058,28.061947,31.306087,34.03641,36.5031,38.578598,36.48129,37.4025,35.33967,32.735523,29.326214,27.634933,23.361984,20.198935,17.456291,15.018281,13.257749,10.018717,12.323112,10.539643,14.726985,15.773107,19.012402,21.488632
25,29.15505,24.953985,27.749557,22.856369,23.592278,25.463654,24.513956,28.74963,26.98252,33.00837,31.37791,36.728313,35.029583,31.734861,30.581873,25.706789,23.9742,21.193611,18.556997,17.217136,14.042824,13.36348,8.5226555,7.3769445,3.669703,0.0,5.1223097,9.165116,12.555954,15.67641,18.579306,22.029243,26.707348,29.42001,32.28357,35.26251,36.827263,36.42418,32.079987,29.584534,29.948715,25.709217,26.030518,21.663467,24.54043,18.364729,22.750494,21.120916,22.312717,24.025877,23.881498,27.077917,28.62576,29.117357,31.127125,29.253307,28.944557,25.375244,24.144724,27.963184,21.153038,25.649155,25.072397,26.835892,30.95783,26.619783,31.506844,33.652073,30.879553,31.679052,26.55908,23.666975,20.656828,17.520844,15.112438,11.840773,10.435992,12.618587,7.82089,13.011704,11.462323,14.204865,15.20166,18.110302,18.257292,22.833422,22.465218,26.58851,28.57715,31.518347,34.31663,36.384792,38.896484,37.061417,38.24603,36.43736,33.589134,30.660465,28.991243,25.016111,22.134422,19.17526,17.228191,15.609306,12.667448,14.516739,12.016035,15.750018,16.697515,19.264017,21.91612
26,32.08125,27.747833,29.98483,24.991526,24.977047,26.84419,24.79655,28.85478,26.283846,32.34101,30.18192,35.113907,34.34857,31.059578,30.626743,25.321634,24.44975,21.255255,19.720781,18.371372,16.350399,16.21369,11.399132,11.565244,7.9152226,5.1223097,0.0,6.262636,10.197571,12.984535,16.38018,19.733156,24.647165,27.626318,30.178196,33.317333,34.35215,33.84244,29.286999,27.120777,26.743176,23.1627,22.807457,18.80105,21.36898,15.168949,19.916338,18.53564,20.850239,21.694986,20.800613,24.997137,26.524109,26.272514,27.999243,25.73302,25.500748,21.446228,20.093254,23.847116,16.927473,21.36833,21.033844,22.32677,26.974434,22.86491,27.78701,30.411673,27.53794,29.105158,23.433266,21.276539,17.450098,15.540227,12.7790365,10.667971,9.918802,10.961367,7.294892,11.922733,10.807611,13.560747,13.591568,16.56525,16.612837,20.923563,20.762278,24.289576,26.535093,29.020267,32.062378,33.64065,36.513065,34.93425,36.20608,34.822235,31.457699,29.450003,27.447124,24.304745,21.450615,18.662853,17.20201,15.818562,13.841876,15.122607,13.3999405,15.4690695,17.322044,18.888174,22.228441
27,31.00029,26.623608,27.77894,22.609497,22.169962,23.06426,20.942278,24.071457,21.022339,26.940758,24.35913,29.129034,28.518581,25.160923,25.303736,19.893557,19.656313,16.723135,16.079966,15.679682,14.842383,16.12719,12.031216,14.149871,11.2008915,9.165116,6.262636,0.0,4.0826864,6.8348556,10.269976,13.594364,18.43189,21.397348,23.937328,27.05817,28.176716,27.76553,23.286482,21.132715,21.260736,17.59259,18.327257,14.175629,18.202818,13.849555,18.318588,18.731993,21.413189,22.764688,20.856354,24.18717,26.753866,26.824425,27.328672,25.332598,23.877415,20.55542,18.078102,20.763489,13.478159,17.301298,16.238382,18.161615,21.848656,17.521334,22.53068,24.765669,22.315132,23.759293,18.339542,16.236567,11.960884,10.082458,6.6035314,5.1321692,5.324717,7.131757,6.7735863,11.145826,12.291418,15.902808,14.110516,15.76326,14.128588,18.828358,16.98914,20.445032,21.940493,24.255253,27.005976,28.435507,31.57388,30.251173,32.011753,30.71392,27.688934,25.706894,24.591059,21.286505,20.151802,16.445206,16.802631,16.597078,14.200449,13.958668,10.948037,11.731206,13.110345,13.558286,17.05576
28,29.889402,25.584185,25.97766,20.876743,20.027754,20.394255,18.02606,20.567827,17.212719,23.035648,20.30446,25.04836,24.540895,21.22808,21.603916,16.114817,16.378218,13.53421,13.768916,13.9451275,14.214244,16.294622,13.115761,16.200336,13.89943,12.555954,10.197571,4.0826864,0.0,4.078614,6.228081,10.433429,14.483503,17.824894,20.08292,23.300093,24.43763,23.930403,19.53344,17.196129,17.742102,13.775167,15.3508625,11.106268,16.102095,13.371734,17.230694,18.799364,21.438332,23.192514,20.835957,23.261366,26.459269,26.888334,26.621792,24.973331,22.710918,20.177225,17.118948,19.015924,12.008718,15.275358,13.7499275,16.514914,19.21177,15.06782,20.172552,22.030039,20.232815,21.651802,16.626919,14.7902155,10.022902,8.546263,3.8897333,3.9994957,4.276276,5.521056,8.096111,11.113086,13.525661,17.305895,14.593112,15.205161,12.493194,17.20016,14.204726,17.581287,18.515076,20.787367,23.313253,24.782724,27.944504,26.715166,28.725643,27.43824,24.71595,22.684769,22.196682,18.831614,18.925024,14.787953,16.387733,16.970182,14.581075,13.329191,10.091445,9.386595,10.5691,10.020432,13.76546
29,32.97021,28.755033,28.652643,23.60574,22.668482,22.162308,20.046314,21.450134,17.610563,22.942957,19.463379,23.593615,23.570057,20.123354,21.60124,16.269993,17.361141,15.222282,16.12672,17.051432,17.641035,20.037106,16.972197,19.930634,17.472914,15.67641,12.984535,6.8348556,4.078614,0.0,5.2864356,6.8433166,12.239712,14.819312,17.44906,20.457281,21.557068,21.448555,17.068687,15.327622,16.086494,13.010966,15.397395,11.847056,17.358229,15.886303,19.508278,21.659433,24.74241,26.125542,23.25369,25.888924,29.235731,29.304365,28.5349,26.74313,24.183136,21.669445,18.170124,19.10329,12.213409,14.222481,12.018969,14.243321,16.359455,11.634558,16.47758,18.21033,16.220741,17.612251,12.577078,10.936636,6.033106,5.3400693,1.2320075,5.1504993,7.662461,9.228157,12.136742,14.935666,17.448896,21.121973,18.18418,18.540451,15.47258,19.778013,16.159151,18.835484,19.158594,20.807484,23.050137,23.89599,27.583641,26.832066,29.28766,28.328667,25.71958,24.231922,24.226074,21.256947,22.143255,17.988642,20.129517,20.896456,18.607622,17.135275,13.538757,12.425125,12.798669,10.923934,14.20595
30,30.35495,26.334167,25.44564,20.75487,19.210094,18.499598,15.727356,16.669262,12.51125,17.827309,14.498515,18.911098,18.959917,15.767834,17.052662,11.580064,13.34395,11.100163,13.312658,14.514391,16.44667,19.325388,17.423647,21.18742,19.482044,18.579306,16.38018,10.269976,6.228081,5.2864356,0.0,6.7738657,8.392097,12.573691,14.089602,17.496084,18.521671,17.863731,13.623562,11.073252,12.49577,8.30962,11.903273,8.310089,14.6001005,15.01871,17.543037,20.729342,23.351255,25.348696,22.35178,23.538015,27.493654,28.228727,26.75459,25.598146,22.218082,20.945095,17.183098,17.426079,11.751841,13.265099,10.920638,14.781735,15.387623,11.906468,16.75373,17.873463,17.362139,18.810658,14.780845,13.83208,8.962046,9.116834,5.546121,8.129936,8.715122,8.514566,13.121268,14.220049,17.679665,21.297422,17.682325,16.899532,12.97316,16.900072,12.135496,14.692264,14.318032,16.145517,18.129436,19.405157,22.773794,21.903553,24.46399,23.37892,21.217268,19.481264,20.180735,17.186039,19.395111,15.100548,18.406546,19.949713,17.916826,15.557614,12.701804,9.763985,10.270645,7.171641,10.857226
31,35.533653,31.636145,30.4598,25.777107,24.661484,22.646559,21.180613,20.473665,16.332369,20.363304,15.998011,19.081648,19.436453,15.960711,19.096697,14.619379,16.946424,16.269327,18.217733,20.310219,21.698406,24.73819,22.476793,25.762056,23.668331,22.029243,19.733156,13.594364,10.433429,6.8433166,6.7738657,0.0,7.4896746,8.2565365,11.555376,14.067441,15.558692,16.186344,12.404613,11.478935,13.773053,11.847933,16.299873,13.977961,20.071218,20.895473,23.598305,26.802229,29.849464,31.389366,28.071278,29.873096,33.739372,33.953632,32.255768,30.773973,27.414272,25.790237,21.797712,21.113356,15.647217,15.503717,12.337644,14.476526,13.743537,8.963243,12.455302,12.711005,11.678261,12.152262,8.938827,7.8769007,5.393554,6.2146244,7.0231752,10.384004,13.081327,14.662006,18.393913,20.559162,23.628654,27.317356,23.947615,23.50192,19.696453,23.427534,18.540508,20.359747,19.235554,20.095055,21.37028,21.570961,25.646936,25.56952,28.72457,28.044842,26.249052,25.049656,26.309834,23.57201,26.160568,21.839176,25.058449,26.404167,24.04509,21.933521,17.937422,16.095097,15.168577,11.618754,13.483713
32,33.89827,30.43137,28.136126,24.259928,22.360092,19.930277,17.762512,15.587745,11.055652,13.79592,9.002396,11.695478,12.948571,10.079089,13.948063,10.197232,14.023531,13.882677,17.45175,19.753542,22.577887,25.941566,24.936298,28.917292,27.532602,26.707348,24.647165,18.43189,14.483503,12.239712,8.392097,7.4896746,0.0,5.9455395,5.752605,9.293985,10.47954,10.148456,6.904104,4.8472285,9.402699,7.3725524,13.507647,12.414091,18.289242,21.524124,22.73792,27.03304,29.557373,31.593678,28.134653,28.220833,32.66947,33.551994,30.906271,30.228586,25.955805,25.933641,21.817226,20.037855,16.740538,15.657271,12.657036,16.357754,13.330732,11.395804,14.138559,13.311202,15.026385,15.818751,14.444092,14.706959,11.99892,13.390805,12.503695,15.409535,16.548695,16.483515,21.330559,21.743633,25.55075,28.998898,25.012669,23.372746,19.001972,21.67428,15.882741,16.719421,14.202401,14.597648,14.917705,15.282705,19.032513,19.164623,22.662798,22.067682,21.179575,20.11551,22.537323,20.319702,24.587801,20.574236,24.911964,27.037407,25.180746,22.28103,19.480669,16.004549,15.240484,10.749253,11.999726
33,37.32762,33.995342,31.58427,27.706749,26.382843,22.928028,22.27415,19.135225,15.4120245,16.972347,12.166201,13.405208,13.930873,10.949275,16.000057,13.646341,17.041248,18.098377,20.934145,23.883732,26.116028,29.621096,28.430035,32.11012,30.592978,29.42001,27.626318,21.397348,17.824894,14.819312,12.573691,8.2565365,5.9455395,0.0,5.2222395,6.2802334,9.273198,10.967455,9.473984,9.513045,14.038648,13.25709,19.182592,18.113794,24.05187,26.836683,28.449753,32.52224,35.139744,37.120865,33.650692,34.093777,38.477863,39.191673,36.631966,35.75042,31.609186,31.223976,27.050278,25.134134,21.501923,20.037815,16.75464,19.195055,15.459161,12.845122,13.740229,11.277489,13.069516,11.8796835,12.87822,12.802455,12.956687,13.705919,14.868727,17.59969,19.680056,20.91965,25.214762,26.583883,30.158712,33.814384,30.101265,28.80666,24.48885,27.491486,21.673254,22.65807,19.966408,20.093023,19.85021,19.65503,23.477144,24.057072,27.781616,27.262491,26.823952,25.647243,28.387964,25.87069,30.16708,25.900354,30.04487,31.99039,29.63683,26.931839,23.038782,20.578701,18.716711,14.419123,14.284036
34,37.956028,34.81604,31.931309,28.547413,26.595959,23.464966,21.78075,18.21096,14.21128,14.573359,9.566348,9.096829,11.842019,9.97267,15.397455,13.560043,17.729122,18.512943,22.25619,24.861122,27.857014,31.333517,30.552805,34.540264,33.18797,32.28357,30.178196,23.937328,20.08292,17.44906,14.089602,11.555376,5.752605,5.2222395,0.0,3.8584507,5.150941,5.9495234,5.566822,6.252792,11.011083,11.4163,17.17265,17.255678,22.475285,26.647287,27.400295,32.038506,34.61112,36.513298,32.830402,32.614998,37.15855,37.961735,34.78729,34.269825,29.730705,30.175022,26.010653,23.322176,21.207907,19.001003,16.021017,18.9459,14.09429,13.4858055,14.079324,11.665925,14.982147,15.19811,15.947881,17.011887,15.788122,17.64093,17.734716,20.744246,22.175142,22.221209,27.080347,27.3746,31.234522,34.60851,30.508669,28.64524,24.25164,26.361341,20.55105,20.508684,17.290306,16.634502,15.798715,15.116166,18.914139,19.916704,23.808622,23.690027,23.542843,23.126856,26.19887,24.570816,29.466234,25.695513,30.273083,32.54863,30.781803,27.770273,24.97399,21.492924,20.392498,15.883467,16.083897
35,40.356853,37.394863,34.28223,31.080061,29.339212,25.649364,24.697124,20.468918,17.026766,16.43025,11.798517,10.042738,12.406155,11.009082,16.881287,16.084862,20.068962,21.490889,25.011871,27.930162,30.790762,34.36134,33.652245,37.568127,36.240685,35.26251,33.317333,27.05817,23.300093,20.457281,17.496084,14.067441,9.293985,6.2802334,3.8584507,0.0,4.5316296,7.0800996,8.643892,9.996115,14.480351,15.256809,20.95504,21.109734,26.302536,30.475603,31.255318,35.89138,38.42849,40.370808,36.67983,36.411858,40.982544,41.79286,38.544403,38.038685,33.475826,33.94088,29.763426,26.919962,24.883385,22.470036,19.446547,21.859459,16.583092,16.021597,15.497947,12.086062,15.772193,14.967018,17.240067,18.265692,18.279978,19.84929,20.653835,23.537577,25.23694,25.726587,30.434837,31.003181,34.831608,38.282078,34.25053,32.420925,28.001759,30.150671,24.26382,24.21022,20.797771,19.988317,18.701668,17.757305,21.308683,22.603107,26.573792,26.520683,26.813803,26.34906,29.729025,28.022667,33.12126,29.278439,33.87723,36.155758,34.199726,31.196724,28.018194,24.863144,23.27699,18.841358,18.35249
