,0,1,2,3,4,5,6,7,8,9,10,11,12,13,14,15,16,17,18,19,20,21,22,23,24,25,26,27,28,29,30,31,32,33,34,35,36,37,38,39,40,41,42,43,44,45,46,47,48,49,50,51,52,53,54,55,56,57,58,59,60,61,62,63,64,65,66,67,68,69,70,71,72,73,74,75,76,77,78,79,80,81,82,83,84,85,86,87,88,89,90,91,92,93,94,95,96,97,98,99,100,101,102,103,104,105,106,107,108,109,110
0,0.0,4.2701087,6.7205896,9.922181,12.290923,14.9183,18.148046,21.51464,25.225948,27.424139,31.978127,31.616632,30.45796,31.546257,27.55338,29.419867,27.324802,27.390055,28.993088,27.234484,31.029419,29.161877,34.401257,35.86023,35.06216,31.617792,35.69449,36.58651,31.112127,34.65095,33.740234,36.110714,38.677094,37.41336,40.910854,41.525608,45.292446,45.64795,42.30528,39.588768,42.17796,39.35019,37.531284,35.457027,38.28841,34.376686,36.3545,37.90934,41.249146,43.21657,43.447098,47.496155,48.74669,49.27383,47.04245,50.05019,45.592293,47.503857,47.725117,47.4669,43.83474,45.437386,41.820858,40.865425,40.477776,36.5949,38.287125,34.103607,33.502052,28.91763,27.447613,31.812473,29.346312,35.7051,33.469254,36.863064,38.694626,38.62445,41.231113,41.83426,40.981396,38.746265,34.001163,32.26395,29.914536,29.241478,25.771624,24.831945,22.678465,23.881575,21.246374,21.321198,16.928526,21.58956,18.167488,20.998453,23.298023,21.912958,17.168612,18.069735,14.792969,18.38301,16.950815,18.420769,19.274248,18.460732,21.187939,22.627277,22.873377,26.19846,26.376526
1,4.2701087,0.0,5.2567716,6.5926895,8.745783,12.279538,14.621016,18.87074,21.995178,24.591444,28.947584,29.097229,28.034864,28.779688,24.902243,26.244692,24.277979,23.864338,25.718714,23.60297,27.41918,25.864178,30.909172,32.187782,31.4667,27.97265,31.796621,32.606163,26.994587,30.623919,29.594934,32.226097,34.869194,33.915024,37.292225,38.15976,41.888092,42.023205,38.71028,35.915142,38.28466,35.30504,33.444183,31.243784,34.118786,30.182924,32.18508,33.87405,37.183113,39.099586,39.2445,43.300716,44.523727,45.015293,42.773636,45.79924,41.37316,43.333603,43.615738,43.31745,39.696457,41.2522,37.583622,36.685585,36.310135,32.49775,34.28364,30.15597,29.676098,25.054646,23.286934,27.658497,25.154966,31.555199,29.451529,32.770733,34.772926,34.791683,37.49056,38.274887,37.4591,35.041603,30.523228,28.57634,25.9941,25.400274,21.643236,20.75041,18.513021,19.866169,17.470991,17.550558,13.006434,17.555344,14.635955,17.233658,19.916553,18.545115,13.77382,14.360042,10.680139,14.124619,12.821547,14.628159,15.509421,14.472711,17.74719,18.670748,19.371511,22.5574,23.145391
2,6.7205896,5.2567716,0.0,5.316674,6.69788,8.601192,12.126059,14.858879,18.833408,20.764084,25.477627,25.05477,24.218178,25.501595,21.935963,23.961668,22.760706,22.889103,25.494015,24.158957,28.310625,27.393822,32.541153,34.01495,34.006733,30.818779,34.16261,34.429935,28.075302,31.305069,29.794956,32.1367,33.563534,32.59836,35.708897,36.13357,40.152203,40.551655,37.595695,35.27669,37.393192,35.20025,32.87536,31.431156,35.11248,31.41774,33.798008,36.009403,39.186077,40.93943,40.6158,44.70142,45.59293,45.56902,43.108288,45.70377,41.04346,42.799274,42.60104,42.409252,38.750862,40.7737,37.557426,36.81525,37.352177,33.33268,35.615746,31.548418,31.904701,26.966843,24.411718,28.328554,25.195965,31.432755,28.297747,31.701271,33.118633,32.776554,35.20872,35.603268,34.690346,32.694447,27.697887,26.270329,24.32293,23.784681,20.93845,20.932602,19.64382,21.838575,20.20835,20.765415,16.119905,20.032574,17.222895,18.526573,21.36152,19.1086,14.973951,14.528166,12.559574,15.13154,14.482577,16.624819,16.212503,14.584504,16.343042,17.450764,16.853683,20.157766,19.919962
3,9.922181,6.5926895,5.316674,0.0,3.8816345,6.230636,9.063825,13.056703,15.870057,18.787962,22.68681,22.901451,21.638216,22.21503,18.377056,19.720568,18.106438,17.877434,20.355562,18.845675,23.002058,22.234615,27.32252,28.838163,29.10066,26.170599,29.41943,29.446115,23.041986,26.12019,24.820858,26.951147,28.861156,27.779547,31.075949,31.739716,35.577732,35.858475,32.700718,30.19529,32.51864,30.149103,28.09064,26.649393,30.17674,26.638664,29.235825,31.42643,34.59104,36.464363,36.106846,40.311283,41.426765,41.38932,38.66603,41.283928,36.567944,38.219112,38.280357,38.37798,34.694584,36.984905,33.56971,33.23289,33.651257,30.051668,32.473267,28.633862,28.921484,24.206385,20.938248,24.908325,21.573698,27.983149,24.987942,27.94138,29.852467,29.41655,31.954205,32.78437,31.567472,29.203247,24.649939,22.627853,20.484821,19.425972,16.60684,15.857796,14.740712,17.0048,15.667819,16.870274,12.835448,16.517262,15.607468,16.608185,20.15261,18.17922,14.198892,13.029484,9.944087,11.318346,9.772042,11.704599,10.918021,9.414738,11.474729,13.034329,13.174493,16.830105,17.551588
4,12.290923,8.745783,6.69788,3.8816345,0.0,5.359433,5.8921447,10.752238,13.350562,16.096846,20.40841,21.016674,20.471022,21.098743,17.970633,18.953138,18.360405,17.581524,20.971848,19.214746,23.396776,23.35159,27.976797,29.131886,29.48824,26.423819,29.033308,28.955647,22.191282,25.396088,23.475313,26.24237,27.426369,27.116652,29.885752,30.7114,34.714916,34.740486,31.947462,29.618061,31.203354,28.949408,26.388552,24.955265,28.980883,25.378462,27.91026,30.510597,33.531265,35.120228,34.497772,38.574078,39.323715,39.0874,36.540573,39.044296,34.375458,36.1658,35.957844,35.72674,32.06717,34.15484,30.968393,30.413383,31.26321,27.378006,29.985939,26.13464,26.996609,22.059069,18.606676,22.255527,18.7888,25.028437,21.784885,25.052996,26.665356,26.387527,28.954231,29.6366,28.756721,26.470325,21.800444,20.03578,17.75546,17.420176,14.270487,14.870569,13.9697485,16.827568,16.208006,16.955559,12.62309,15.423391,14.113034,14.096044,17.617409,15.1993685,11.815258,9.97422,8.554183,9.486311,9.776421,12.623285,11.535807,9.008055,11.225716,10.901233,10.87038,13.914794,14.438463
5,14.9183,12.279538,8.601192,6.230636,5.359433,0.0,6.0499306,7.119342,10.779928,13.1050205,17.162514,16.868467,15.859006,16.950008,13.689828,15.749224,15.557821,15.941675,19.576801,19.178305,23.511679,23.804838,28.642536,30.279572,31.47416,29.059088,31.49148,30.78033,23.670767,26.024216,24.098087,25.758156,25.90664,24.930445,27.744986,27.881834,32.06254,32.616432,30.001905,28.188768,30.043911,28.793123,26.161665,25.847065,30.338465,27.297544,30.3176,33.115444,35.997097,37.616474,36.64445,40.8067,41.51173,40.793873,37.772396,39.769947,34.812122,36.134827,35.598698,35.91326,32.23514,35.20264,32.423855,32.429306,34.009724,30.379992,33.39555,29.83662,31.124517,26.298046,22.073938,25.207964,21.146748,27.055239,22.7603,25.563414,26.759508,25.768602,27.922783,28.360918,26.895618,25.02366,19.983265,18.560226,17.43139,16.334019,15.210263,15.786084,16.241377,19.3992,19.2381,20.862665,17.194847,19.709803,19.311245,18.768957,22.372694,19.649185,16.854841,14.490977,13.623121,13.444716,12.992139,14.994653,12.575356,10.434617,9.479488,11.128412,9.045851,12.935821,12.701639
6,18.148046,14.621016,12.126059,9.063825,5.8921447,6.0499306,0.0,6.782408,7.7755194,10.896344,14.933133,16.25998,16.31886,16.656649,14.55818,14.874653,15.774076,14.541849,19.107834,17.714455,21.830267,22.98736,26.963522,27.928316,29.035378,26.424109,27.996449,27.255812,19.941288,22.611988,19.971256,22.809828,22.65661,23.04774,25.163324,26.017052,30.181816,30.049269,27.755367,25.858526,26.662739,25.052328,21.920185,21.211275,26.075691,22.908934,25.745472,28.944685,31.630064,32.917694,31.71692,35.709293,36.083942,35.280273,32.525364,34.57299,29.7706,31.404076,30.798939,30.623028,26.966871,29.491629,26.760307,26.53995,28.373894,24.608036,27.781998,24.349691,26.17921,21.361217,16.80159,19.503359,15.351932,21.11061,16.883503,19.986452,21.250347,20.698143,23.155672,23.805016,22.866922,20.647308,15.911002,14.271983,12.300527,12.333956,10.067106,12.381122,12.933225,16.606901,17.38906,18.453703,14.999964,16.105692,16.208748,14.389766,18.050335,15.251786,13.588716,10.371726,11.098468,9.59593,11.163065,13.999808,11.705719,8.537519,8.990031,6.6234107,5.4850564,8.072114,8.752025
7,21.51464,18.87074,14.858879,13.056703,10.752238,7.119342,6.782408,0.0,5.4419208,6.1114883,10.888081,10.556811,11.051755,12.67438,11.551552,13.49643,15.810357,16.077686,20.95801,21.170813,25.267279,26.816278,30.869223,32.24432,34.13036,32.0852,33.4,32.07742,24.584085,26.271662,23.479336,25.12151,23.012592,22.950993,24.63726,24.447334,28.949594,29.469313,27.792011,26.831676,27.504808,27.422997,24.002525,24.77047,30.20628,27.70993,30.877832,34.313293,36.76267,37.930393,36.29009,40.200874,40.28627,38.838615,35.74917,37.03507,32.03429,33.112206,31.81239,32.07959,28.53947,31.941816,30.040226,30.25243,33.124386,29.492636,33.02344,29.904903,32.30216,27.55644,22.71012,24.632097,20.152111,24.963919,19.433979,22.074997,22.218767,20.75449,22.429691,22.317896,20.875446,19.67277,14.122708,13.819131,13.985861,13.631004,14.341778,16.944271,18.660332,22.40961,23.40336,24.956728,21.661388,22.811592,22.773857,20.691881,24.017109,20.792557,19.601004,16.381195,17.723402,16.329544,17.337988,19.561409,16.468447,13.882736,11.256654,10.91406,6.530265,8.885984,6.820832
8,25.225948,21.995178,18.833408,15.870057,13.350562,10.779928,7.7755194,5.4419208,0.0,4.6218443,7.162145,9.20175,10.063555,10.190327,10.287576,10.271169,13.754247,13.041695,18.501137,18.615654,22.317684,24.712904,27.979122,29.05555,31.344658,29.678713,30.211384,28.473795,20.990276,22.20115,19.045391,20.75155,17.936924,18.683447,19.820234,20.056078,24.519302,24.638762,23.224651,22.406855,22.416424,22.575686,18.899035,20.13606,25.874645,23.818886,27.100689,30.773666,32.92873,33.916744,31.965555,35.78368,35.76076,34.034527,30.761808,31.813332,26.776297,27.744171,26.387592,26.802723,23.268724,27.023533,25.289795,25.942387,29.209301,26.032188,29.800934,27.17668,29.927319,25.61977,20.184195,21.385777,16.720707,20.929955,15.106707,17.128832,17.42257,15.719142,17.47013,17.822182,16.124548,14.490405,9.262265,8.410563,8.97276,8.656336,10.670331,14.017796,16.593292,20.458145,22.33311,24.027693,21.623081,21.681654,23.03499,20.255411,23.688814,20.78467,20.418798,16.798239,18.346722,15.663411,17.02701,19.025005,15.664848,13.142981,10.143994,8.181441,3.7341695,4.3064,3.745146
9,27.424139,24.591444,20.764084,18.787962,16.096846,13.1050205,10.896344,6.1114883,4.6218443,0.0,5.999823,6.784316,9.5438385,10.92518,12.3892355,13.277337,17.385134,17.235912,22.644766,23.132637,26.762491,29.243616,32.458107,33.517178,35.882553,34.200138,34.545128,32.756645,25.317095,26.363604,22.982582,24.59397,20.59757,21.612274,22.053946,21.749105,26.326826,26.640633,25.90507,25.695091,25.14625,26.053183,22.086565,23.770475,29.742455,27.841185,31.001974,34.84162,36.843952,37.60252,35.431103,39.027054,38.59948,36.539375,33.43786,34.054977,29.152737,29.981794,28.032402,28.25788,24.951683,28.700663,27.654322,28.134184,32.036747,28.648441,32.505203,29.950079,33.14361,28.73646,23.561535,24.313078,19.781796,23.224236,16.90247,19.051313,18.183659,16.243631,17.359846,16.76906,15.348773,14.838992,9.053769,10.206363,11.87831,12.404497,14.728083,18.576368,21.065243,24.962973,26.77608,28.255121,25.482477,25.564888,26.095127,23.040825,26.050667,22.783026,22.837112,19.25786,21.69174,19.464476,21.229313,23.4273,20.130304,17.526949,14.457397,12.637556,8.241022,7.583603,3.9964836
10,31.978127,28.947584,25.477627,22.68681,20.40841,17.162514,14.933133,10.888081,7.162145,5.999823,0.0,4.84419,7.417516,7.2375016,10.818265,10.522968,15.738608,15.713714,20.95115,22.251114,25.285187,28.42711,30.974543,32.089962,35.18252,34.256954,34.023205,31.611013,24.515144,24.462719,21.204239,21.669544,16.23472,17.308786,17.02459,16.310598,20.867716,21.338713,21.161283,21.688015,20.784594,22.884659,19.06059,22.021954,28.007462,26.99785,30.400988,34.26178,35.908993,36.605576,34.10767,37.605194,37.213093,34.71079,31.127132,31.124626,26.151941,26.34317,24.18992,25.22917,22.117247,26.860332,26.255009,27.621706,31.921633,29.360497,33.385075,31.462461,34.761673,30.92632,25.257341,25.383593,20.841951,23.387562,16.985466,17.630316,16.733383,13.869771,14.295291,14.064492,11.320116,11.077943,6.3637733,7.7002754,11.281056,10.809119,15.443073,18.757944,22.148287,25.843555,28.228693,30.205025,28.357845,27.91359,29.799551,26.603796,29.79414,26.896809,27.17464,23.46704,25.357958,22.319149,23.559536,25.090979,21.423592,19.412401,15.312117,14.121401,10.373834,9.189061,7.892999
11,31.616632,29.097229,25.05477,22.901451,21.016674,16.868467,16.25998,10.556811,9.20175,6.784316,4.84419,0.0,4.6190867,6.9087253,10.292486,12.07738,16.77582,17.946146,22.767742,24.691456,27.982319,30.656971,33.77855,35.29506,38.41645,37.472683,37.754837,35.414017,28.225637,28.20236,25.290237,25.20504,20.054684,19.978523,20.19853,18.636587,23.17713,24.350088,24.075775,24.781988,24.628597,26.952532,23.437586,26.400831,32.23932,31.113297,34.61453,38.338596,40.16085,41.02828,38.659966,42.26371,41.982883,39.536465,35.902992,35.879,30.884184,30.926184,28.759218,29.967508,26.916035,31.684612,31.065344,32.33086,36.506405,33.741795,37.716175,35.525093,38.65209,34.53299,28.990068,29.55297,24.935625,27.921967,21.49127,22.427698,21.399626,18.557241,18.721453,17.995985,15.288341,15.677818,11.009866,12.45244,15.684199,14.760693,19.088522,21.83413,25.045069,28.734474,30.659832,32.81435,30.552902,30.801662,32.101685,29.297956,32.530544,29.38883,29.166151,25.605213,27.257397,24.7836,25.56663,27.018202,23.225267,21.336573,16.683573,16.914143,12.453432,12.599865,10.317204
12,30.45796,28.034864,24.218178,21.638216,20.471022,15.859006,16.31886,11.051755,10.063555,9.5438385,7.417516,4.6190867,0.0,3.8526103,6.3680696,9.296155,13.334102,15.451835,19.635365,22.245338,25.515171,27.874239,31.29162,33.216743,36.53299,35.888798,36.59157,34.16634,27.135376,26.831009,24.547926,23.547487,19.241245,17.785398,18.968233,17.047909,21.489918,23.161406,22.243456,22.77853,23.766542,26.016891,23.135242,26.159071,31.575466,30.562319,34.276775,37.688816,39.654118,40.844112,38.69757,42.53069,42.72054,40.50112,36.54125,36.713833,31.565577,31.417934,29.745186,31.49355,28.329937,33.400116,32.303474,33.88487,37.52021,35.036022,38.91316,36.657234,39.281216,35.241653,29.554926,30.596632,25.911064,29.480999,23.420355,24.048944,23.829779,20.946674,21.352745,21.245518,18.034924,17.79846,13.652423,13.838384,16.728306,14.538303,19.157682,20.628056,23.967138,27.396345,29.102049,31.730028,29.78461,30.440063,32.284187,30.024641,33.605263,30.683279,29.82165,26.385616,26.991905,24.500624,24.330606,25.21096,21.236576,19.91556,14.516303,16.490883,12.267836,13.764147,12.534404
13,31.546257,28.779688,25.501595,22.21503,21.098743,16.950008,16.656649,12.67438,10.190327,10.92518,7.2375016,6.9087253,3.8526103,0.0,5.1251917,6.1784186,10.868757,12.703235,16.814697,19.615952,22.534748,25.260418,28.248081,30.124731,33.71177,33.410828,33.827988,31.163967,24.380356,23.620207,21.506859,20.010588,15.597941,13.951863,15.202615,13.3922615,17.856283,19.45354,18.396292,18.970749,20.05925,22.48409,19.849072,23.20416,28.449274,27.794619,31.58713,34.92734,36.755062,37.967163,35.77568,39.602966,39.944725,37.705368,33.542007,33.662155,28.494743,28.169052,26.72468,28.82781,25.688147,31.028614,29.83752,31.794117,35.30933,33.264885,37.13206,35.154743,37.68105,33.984035,28.103167,28.959951,24.34688,27.69719,21.935902,21.949627,22.18732,19.204403,19.672909,20.145756,16.558722,15.822444,12.580159,11.974538,14.977362,12.1369915,17.472013,18.503275,22.21167,25.461775,27.502752,30.322056,28.979486,29.244265,31.930922,29.612614,33.315258,30.691635,29.95162,26.455345,26.73561,23.735136,23.365437,23.903599,19.861961,18.85513,13.302857,15.27658,11.812354,13.062569,12.98759
14,27.55338,24.902243,21.935963,18.377056,17.970633,13.689828,14.55818,11.551552,10.287576,12.3892355,10.818265,10.292486,6.3680696,5.1251917,0.0,4.9614325,7.1794724,10.066974,13.632062,16.553455,19.893154,21.844254,25.606388,27.847214,31.145329,30.689936,31.891222,29.541779,22.747864,22.426468,20.91647,19.356586,17.120922,14.390703,17.143703,15.833024,19.975143,21.58654,19.419106,19.024055,21.4138,22.69785,20.610252,23.096996,27.83776,26.740547,30.583355,33.55913,35.743576,37.32278,35.576008,39.680923,40.485474,38.767582,34.60479,35.342022,30.098997,30.056538,29.243185,31.274715,27.907038,32.900085,30.971233,32.74018,35.435806,33.284286,36.91661,34.584934,36.48096,32.654835,26.940271,28.600819,24.019054,28.353195,23.12807,23.566181,24.594114,22.057806,23.131716,23.945837,20.644005,19.217817,15.6677885,14.097021,15.799627,12.294297,16.500975,16.232962,19.559752,22.57813,24.075527,27.163029,25.79335,26.724743,29.44104,27.834354,31.77501,29.331858,27.825006,24.616537,23.873747,21.217945,19.950394,20.118504,16.057482,15.485094,9.554604,13.482014,10.436353,13.33367,13.860078
15,29.419867,26.244692,23.961668,19.720568,18.953138,15.749224,14.874653,13.49643,10.271169,13.277337,10.522968,12.07738,9.296155,6.1784186,4.9614325,0.0,5.5135455,6.5757585,10.859037,13.479768,16.369644,19.157124,22.1088,24.024313,27.596668,27.43662,28.014229,25.36987,18.73243,17.94529,16.35499,14.613185,12.308179,9.972344,12.756337,12.286501,16.389797,17.420656,15.060984,14.431884,16.570822,17.767487,15.748311,18.520315,23.239286,22.52217,26.41481,29.451338,31.4183,32.908886,31.028633,35.07676,35.92867,34.160595,29.866974,30.586235,25.354185,25.25943,24.696531,26.907923,23.56603,28.688614,26.681948,28.80227,31.449924,29.780794,33.418167,31.480005,33.421356,30.0476,24.125832,25.362333,20.929918,24.809797,19.999771,19.757618,21.29803,18.820898,20.058832,21.506012,18.118212,16.045212,13.618937,11.128413,12.6783905,8.536062,13.591224,13.153812,17.041626,19.938461,22.109312,25.208967,24.595034,24.702642,28.403929,26.468763,30.410402,28.325888,27.288103,23.969622,23.25866,19.85124,18.81886,18.800985,14.791558,14.371027,8.918893,11.591015,9.8832855,11.797212,13.634989
16,27.324802,24.277979,22.760706,18.106438,18.360405,15.557821,15.774076,15.810357,13.754247,17.385134,15.738608,16.77582,13.334102,10.868757,7.1794724,5.5135455,0.0,4.578311,6.476594,9.983415,13.041609,14.850486,18.615025,21.126923,24.569235,24.588541,26.051468,23.65517,17.531624,16.881458,16.544111,14.122419,14.885954,11.081526,15.379647,15.256682,18.502579,19.64983,16.159166,14.4681835,18.356783,18.342598,17.497023,19.29902,22.90828,21.992805,25.88985,28.280123,30.551586,32.507977,31.183031,35.46035,36.94183,35.756844,31.42381,32.697918,27.575008,27.59176,27.809927,30.13537,26.762732,31.53259,28.828604,30.91373,32.527035,31.067812,34.334785,32.214993,33.30499,30.080032,24.455206,26.470032,22.342813,26.956703,23.069893,22.945599,25.267586,23.212124,24.799913,26.544367,23.311922,20.862513,18.602013,15.610632,15.944041,11.507298,14.811987,12.098657,15.450013,17.619007,19.185925,22.810932,22.677906,23.422972,27.58505,26.562016,30.70644,29.027802,27.202662,24.335873,22.225548,19.135088,16.703806,15.714698,11.829077,12.6097975,7.3570824,12.416007,12.021757,15.054673,17.357388
17,27.390055,23.864338,22.889103,17.877434,17.581524,15.941675,14.541849,16.077686,13.041695,17.235912,15.713714,17.946146,15.451835,12.703235,10.066974,6.5757585,4.578311,0.0,5.6291413,6.927153,10.14297,12.829082,15.9622,17.885141,21.18824,21.005484,21.991283,19.578712,13.122659,12.747819,12.093073,10.641867,12.43009,10.10895,14.064495,15.187066,18.313068,18.511528,14.921934,12.490026,15.725399,14.650503,13.648374,14.854458,18.560774,17.480919,21.38186,23.935152,26.181955,28.054905,26.706942,31.001549,32.472878,31.42444,27.20894,28.782528,23.706606,24.070076,24.566061,26.572563,23.138474,27.54399,24.557825,26.607105,27.997854,26.68872,29.902344,27.936531,29.03876,26.057991,20.362925,22.206581,18.260427,22.784628,19.47073,19.21718,22.060696,20.42729,22.390574,24.531399,21.696585,18.687006,16.98146,13.3812895,12.795498,8.384231,11.051486,7.983608,11.757481,14.002108,16.240583,19.643452,19.966156,19.94202,24.735525,23.421844,27.502144,26.127752,24.710768,21.817673,19.867828,16.201487,14.263731,13.448747,9.776752,10.364827,6.6007357,9.584499,10.7372675,12.989104,16.203842
18,28.993088,25.718714,25.494015,20.355562,20.971848,19.576801,19.107834,20.95801,18.501137,22.644766,20.95115,22.767742,19.635365,16.814697,13.632062,10.859037,6.476594,5.6291413,0.0,5.2235427,7.0424466,8.849023,12.281627,15.095148,18.764612,19.480953,21.077454,18.625072,13.793658,12.63594,13.925231,10.655199,14.959041,11.053132,15.908838,16.971231,18.997803,19.469511,15.066787,12.015499,17.048279,15.488179,16.19117,17.044628,19.02811,18.45964,22.218931,23.860125,26.12357,28.428156,27.571888,31.89897,34.033028,33.398354,29.031614,30.78778,26.01997,26.097643,27.311213,29.789951,26.598688,30.929537,27.627678,29.958134,30.474926,29.81585,32.614193,30.843271,31.13805,28.703491,23.442717,25.58227,22.198675,26.659262,24.244606,23.573511,26.847471,25.311216,27.195732,29.576687,26.565298,23.51636,22.397367,18.747766,18.052128,13.714946,15.633493,10.927773,13.749309,14.55715,16.23748,20.196953,21.528728,21.848475,27.30289,26.778435,30.877604,29.973919,28.078222,25.641727,22.580408,19.257101,16.079382,13.935008,11.064156,13.124976,10.39206,14.413381,16.022104,18.543554,21.761477
19,27.234484,23.60297,24.158957,18.845675,19.214746,19.178305,17.714455,21.170813,18.615654,23.132637,22.251114,24.691456,22.245338,19.615952,16.553455,13.479768,9.983415,6.927153,5.2235427,0.0,4.335756,6.263234,9.77476,11.841507,14.681517,14.674663,16.465885,14.503927,9.350614,9.598892,11.022372,10.006292,15.88674,13.834702,17.996954,19.999199,22.053211,21.655764,17.379148,13.660849,17.640486,14.311909,14.940658,14.092048,15.582936,14.195722,17.775002,19.309721,21.872995,24.280287,23.762222,28.19356,30.463503,30.327492,26.359703,28.782328,24.223549,24.957537,26.538284,28.332987,25.07573,28.530046,24.68557,26.595358,26.369144,25.672829,28.171398,26.308287,26.203861,23.954872,19.018703,21.472095,18.568172,23.313725,21.888777,21.560167,25.34709,24.49393,26.85005,29.431671,27.047836,23.579418,22.539328,18.596031,16.694149,13.121903,12.9420185,7.257888,9.240841,9.474145,11.504864,15.325597,17.235826,17.096935,23.093973,22.738949,26.723936,26.27824,24.461971,22.321632,18.965725,15.489392,12.381801,10.1147175,8.165024,10.408296,10.2379055,12.477214,15.535431,17.659794,21.386223
20,31.029419,27.41918,28.310625,23.002058,23.396776,23.511679,21.830267,25.267279,22.317684,26.762491,25.285187,27.982319,25.515171,22.534748,19.893154,16.369644,13.041609,10.14297,7.0424466,4.335756,0.0,4.8044815,5.8233085,8.116429,11.891808,13.183614,14.401376,11.955483,8.936458,7.705784,10.781533,8.525475,16.01439,13.958919,17.955957,20.362923,21.539932,20.822477,16.338154,12.229677,16.60963,12.734535,14.721461,13.784822,13.690996,13.289023,16.638649,17.520458,19.764698,22.336067,22.00595,26.315407,29.007175,29.05779,24.9712,27.41833,23.245169,23.741589,25.916378,28.038773,25.10883,28.474455,24.56826,26.888542,26.17361,26.338882,28.54457,27.241718,26.804554,25.368067,20.745161,22.745018,20.450193,24.405468,23.787537,22.750381,26.840448,26.090979,28.329535,31.221891,28.79659,25.225662,25.09479,21.06882,19.25349,15.804661,15.865309,10.412106,12.0534935,11.205542,13.418577,17.035662,19.949034,19.230093,25.855852,25.536364,29.31419,29.264431,27.713188,25.727194,22.341734,18.786993,15.84333,13.290553,12.165255,14.472046,14.489652,16.204666,19.42553,21.049011,24.953981
21,29.161877,25.864178,27.393822,22.234615,23.35159,23.804838,22.98736,26.816278,24.712904,29.243616,28.42711,30.656971,27.874239,25.260418,21.844254,19.157124,14.850486,12.829082,8.849023,6.263234,4.8044815,0.0,5.861935,8.947204,11.26327,12.282825,15.242239,13.878392,11.895451,11.891786,14.986989,13.323569,20.66023,18.06021,22.40822,24.443493,25.644526,25.269457,20.651985,16.646772,21.372442,17.437984,19.382244,17.875328,17.194054,16.172497,19.018873,19.13428,21.725117,24.605516,24.911121,29.201065,32.192463,32.73093,28.94276,31.70958,27.70888,28.36891,30.634548,32.571884,29.598854,32.603638,28.436152,30.356125,28.98232,28.926516,30.757647,29.102709,27.929821,26.440899,22.454988,25.183674,23.112806,27.667902,27.26979,26.759592,30.865215,30.239786,32.60759,35.364777,32.990612,29.454472,28.747454,24.767342,22.708143,19.313204,18.555233,12.613084,12.970466,11.220368,11.980309,15.870645,19.01206,19.211542,25.559996,26.15775,29.926723,30.097178,27.860535,26.375854,22.043112,19.25713,15.330022,11.995753,11.837659,14.84403,15.620774,18.251839,21.494896,23.783548,27.499317
22,34.401257,30.909172,32.541153,27.32252,27.976797,28.642536,26.963522,30.869223,27.979122,32.458107,30.974543,33.77855,31.29162,28.248081,25.606388,22.1088,18.615025,15.9622,12.281627,9.77476,5.8233085,5.861935,0.0,3.8235621,7.8323646,10.893077,12.172868,10.141005,11.157897,9.794376,14.004061,11.956685,20.208487,18.400156,22.028849,24.69605,25.0238,23.998499,19.554138,15.390459,19.634445,15.071779,18.182034,16.458601,13.990662,14.218898,16.57146,15.984074,17.970873,20.886292,21.33562,25.34037,28.71121,29.436974,25.656893,28.43831,25.049551,25.546265,28.44243,30.545055,28.024338,30.73024,26.591118,28.930643,27.100994,28.1019,29.620928,28.770866,27.467896,27.014229,23.305794,25.217289,23.865692,27.273993,27.843582,26.528141,30.92225,30.524637,32.78255,35.89558,33.6494,29.977484,30.383766,26.324184,24.249538,21.1903,20.61343,15.1965,15.735681,13.541371,15.173777,18.324375,22.331053,21.356281,28.383514,28.573355,32.02521,32.594925,31.032028,29.530212,25.70274,22.483944,19.407494,16.463728,16.544758,19.101044,19.994213,21.404943,24.987417,26.431978,30.457355
23,35.86023,32.187782,34.01495,28.838163,29.131886,30.279572,27.928316,32.24432,29.05555,33.517178,32.089962,35.29506,33.216743,30.124731,27.847214,24.024313,21.126923,17.885141,15.095148,11.841507,8.116429,8.947204,3.8235621,0.0,5.1989484,8.84646,8.803281,6.687056,9.903688,8.808586,13.080288,12.303401,20.625803,19.920635,22.892916,26.033142,26.249197,24.665497,20.577839,16.410255,19.579798,14.256377,17.507036,14.973718,11.331668,11.788496,13.541283,12.483102,14.288935,17.2462,17.93983,21.828876,25.377995,26.425915,22.947296,26.041048,23.097424,23.883057,27.088514,28.83148,26.524767,28.600403,24.323858,26.578354,24.23165,25.702852,26.907833,26.438993,24.964962,25.12662,21.836548,23.36385,22.65158,25.464241,26.881605,25.410774,29.984262,29.978563,32.329235,35.583035,33.701256,29.904852,30.742296,26.684475,24.26778,21.791294,20.632803,15.739138,15.904187,13.411263,15.4444685,17.891659,22.313951,20.576197,27.854755,27.849012,30.9941,31.896643,30.768053,29.387691,25.89665,22.556932,20.147217,17.595917,18.088,20.262924,21.817753,22.118746,26.08621,26.979803,31.163998
24,35.06216,31.4667,34.006733,29.10066,29.48824,31.47416,29.035378,34.13036,31.344658,35.882553,35.18252,38.41645,36.53299,33.71177,31.145329,27.596668,24.569235,21.18824,18.764612,14.681517,11.891808,11.26327,7.8323646,5.1989484,0.0,4.775063,6.18496,6.901374,11.469947,12.294897,15.863386,16.740454,24.86759,24.598288,27.507553,30.741652,31.216343,29.50217,25.528755,21.340944,24.011854,18.23199,20.94439,17.283575,13.137493,12.414951,12.9351845,10.653969,12.927363,16.133081,17.812685,21.49086,25.272831,27.131546,24.44628,28.137756,25.639698,26.98018,30.26262,31.314014,29.038149,30.132694,25.499947,27.033934,23.591856,25.001839,25.501942,24.909575,22.484905,23.155724,21.020393,22.960102,23.037306,26.01164,28.30642,27.395874,32.07686,32.561832,35.18016,38.377132,36.92708,33.028603,33.55837,29.522125,26.509789,24.598312,22.15087,17.400414,16.253,12.895976,14.12276,15.659608,20.666641,18.84571,25.99137,26.599684,29.352581,30.813549,29.562817,28.788095,24.946156,22.19059,19.88943,17.425323,19.039206,21.141815,23.946276,23.732918,28.108984,29.014654,33.19133
25,31.617792,27.97265,30.818779,26.170599,26.423819,29.059088,26.424109,32.0852,29.678713,34.200138,34.256954,37.472683,35.888798,33.410828,30.689936,27.43662,24.588541,21.005484,19.480953,14.674663,13.183614,12.282825,10.893077,8.84646,4.775063,0.0,5.6688437,8.131851,10.694859,13.3210945,15.833782,18.238203,25.832024,26.003687,28.888683,32.113403,33.20445,31.477173,27.608843,23.419607,25.63905,19.689531,21.426195,17.043663,13.83453,11.537744,11.736494,9.863699,12.936886,15.989366,17.8057,21.616495,25.028421,27.088892,24.857307,28.88002,26.222574,28.075377,31.01218,31.430538,28.919128,29.49311,24.634638,25.441277,21.710617,22.367155,22.69501,21.543253,18.742893,19.116531,17.534492,20.055443,20.382837,23.910233,26.412018,26.241636,30.852884,31.650446,34.51739,37.52333,36.436874,32.514286,32.487305,28.5479,25.056065,23.669165,20.11707,15.730244,13.547588,9.837058,10.622385,11.320134,16.492992,14.563769,21.540321,22.45515,25.042446,26.72048,25.374495,24.942472,21.014433,18.644995,16.682037,14.655797,16.975904,18.720781,22.53724,21.674067,26.28533,27.181204,31.248775
26,35.69449,31.796621,34.16261,29.41943,29.033308,31.49148,27.996449,33.4,30.211384,34.545128,34.023205,37.754837,36.59157,33.827988,31.891222,28.014229,26.051468,21.991283,21.077454,16.465885,14.401376,15.242239,12.172868,8.803281,6.18496,5.6688437,0.0,4.083641,9.556788,11.439081,13.716232,16.743399,23.940506,25.202286,27.206783,30.880215,31.61075,29.304066,25.963942,21.994368,23.031939,16.799858,18.763067,14.075508,9.528184,8.133854,7.254696,4.5726223,7.384417,10.506913,12.327123,16.066113,19.643408,21.79174,19.713509,23.843456,21.755703,23.718752,26.957209,27.194603,25.090849,25.198036,20.432228,21.554258,17.594793,19.341541,19.569702,19.42381,17.162786,18.526236,16.840742,18.029018,18.998528,21.069527,24.403301,23.520958,28.22519,29.281715,32.021275,35.241035,34.411125,30.464756,31.372358,27.523073,24.108963,23.214788,20.029675,16.659025,15.304611,12.420831,14.580356,14.8749695,19.681496,16.509314,23.664623,23.526594,25.7946,27.524378,27.1727,26.373312,23.576496,20.532906,19.705397,18.305845,19.90279,21.112217,24.462984,22.539764,27.187624,27.195187,31.415886
27,36.58651,32.606163,34.429935,29.446115,28.955647,30.78033,27.255812,32.07742,28.473795,32.756645,31.611013,35.414017,34.16634,31.163967,29.541779,25.36987,23.65517,19.578712,18.625072,14.503927,11.955483,13.878392,10.141005,6.687056,6.901374,8.131851,4.083641,0.0,7.5154023,7.9092455,10.738186,13.033442,20.331524,21.602177,23.449244,27.178299,27.691023,25.333082,22.030853,18.119314,19.138432,12.947715,15.404292,11.315407,6.364549,6.4627185,7.082652,6.1098456,7.9724827,10.8405285,11.563995,15.613581,19.069204,20.479746,17.598444,21.325468,18.879194,20.460333,23.772774,24.560278,22.450388,23.354305,18.822618,20.716167,17.767931,19.716236,20.628778,20.684534,19.379261,20.28012,17.48163,18.19049,18.476894,20.271414,22.969387,21.479834,26.194311,26.898108,29.43999,32.773632,31.634398,27.718077,29.017494,25.121504,22.133076,20.870897,18.682713,15.266169,14.986999,12.745902,15.598849,16.715784,21.128857,18.03213,25.350275,24.674995,27.283623,28.538393,28.318369,26.994877,24.496414,20.918802,20.018457,18.53015,19.303461,20.540525,22.979513,21.276857,25.671053,25.55734,29.842617
28,31.112127,26.994587,28.075302,23.041986,22.191282,23.670767,19.941288,24.584085,20.990276,25.317095,24.515144,28.225637,27.135376,24.380356,22.747864,18.73243,17.531624,13.122659,13.793658,9.350614,8.936458,11.895451,11.157897,9.903688,11.469947,10.694859,9.556788,7.5154023,0.0,4.828208,5.326374,9.512404,15.726148,17.102827,19.233421,22.649025,24.287037,22.34229,19.00984,15.213681,16.216284,10.612991,11.090949,7.072315,7.3790965,4.864383,8.523246,10.8385515,13.256716,15.312754,14.689798,19.15495,21.3661,21.675781,18.284096,21.535149,17.638012,19.349844,21.55474,22.27081,19.314514,21.231712,16.779158,18.488064,17.351925,17.471363,19.632221,18.55704,18.526142,17.480268,12.925033,14.248228,12.854971,16.221352,17.19252,16.39066,20.953875,21.299152,24.039782,27.09763,25.807241,21.885162,22.256767,18.285738,15.130901,13.712966,11.326831,7.9442544,8.547618,7.9635825,11.821189,13.573579,16.621433,13.823652,20.854969,19.573788,22.813372,23.230196,22.881708,20.936739,18.858688,14.7364235,14.17762,13.352123,13.145283,13.7862215,15.963377,13.797838,18.162891,18.152937,22.428923
29,34.65095,30.623919,31.305069,26.12019,25.396088,26.024216,22.611988,26.271662,22.20115,26.363604,24.462719,28.20236,26.831009,23.620207,22.426468,17.94529,16.881458,12.747819,12.63594,9.598892,7.705784,11.891786,9.794376,8.808586,12.294897,13.3210945,11.439081,7.9092455,4.828208,0.0,4.5043893,5.4145203,12.751285,13.859452,15.849824,19.445724,20.416945,18.351377,14.891603,10.993222,12.350108,6.6456566,8.826248,6.80036,6.419659,7.1879287,10.751396,12.682763,14.218948,16.162333,15.045534,19.304605,21.644733,21.406841,17.27223,19.853443,15.857838,16.76317,19.28756,20.987986,18.30068,21.187305,17.277838,19.986109,19.512762,20.443445,22.758934,22.311993,22.616869,21.934378,17.212355,17.742765,16.124384,18.434977,18.885351,16.974154,21.416733,21.22388,23.52309,26.794773,24.98653,21.160894,22.387596,18.410692,16.22225,14.068043,13.826882,10.539415,12.483798,12.146426,15.771147,18.063501,21.115284,18.60046,25.54431,24.06853,27.351202,27.529634,27.2874,25.057032,23.140303,18.89033,17.965494,16.71863,15.762619,16.72583,17.35919,16.10985,19.795042,19.699905,23.926954
30,33.740234,29.594934,29.794956,24.820858,23.475313,24.098087,19.971256,23.479336,19.045391,22.982582,21.204239,25.290237,24.547926,21.506859,20.91647,16.35499,16.544111,12.093073,13.925231,11.022372,10.781533,14.986989,14.004061,13.080288,15.863386,15.833782,13.716232,10.738186,5.326374,4.5043893,0.0,6.5852556,10.876742,13.559403,14.676173,18.364079,20.043226,17.778011,15.072048,11.875901,11.440315,6.380958,5.772823,3.1553512,7.0630827,6.8157244,10.606857,13.844576,15.299094,16.590328,14.76827,18.966,20.449247,19.651026,15.585504,17.994516,13.465077,14.824693,16.629498,17.79211,14.731572,17.751331,13.972769,16.568787,17.173748,17.460201,20.341022,19.762703,21.014324,19.818558,14.550338,14.506464,12.386903,14.497979,14.427945,12.549459,16.989088,16.918514,19.389359,22.614834,21.115974,17.207218,18.439003,14.5491705,12.121995,10.7291155,10.420246,9.021267,11.498203,12.395282,16.353186,18.16553,20.333935,17.441875,23.824013,21.591093,24.792404,24.632685,24.939837,22.37361,21.465914,16.953457,17.151033,16.849087,15.477184,15.512587,16.074379,13.389962,16.965834,16.090548,20.312426
31,36.110714,32.226097,32.1367,26.951147,26.24237,25.758156,22.809828,25.12151,20.75155,24.59397,21.669544,25.20504,23.547487,20.010588,19.356586,14.613185,14.122419,10.641867,10.655199,10.006292,8.525475,13.323569,11.956685,12.303401,16.740454,18.238203,16.743399,13.033442,9.512404,5.4145203,6.5852556,0.0,8.356544,8.615769,10.783738,14.226329,15.09167,13.350012,9.59805,5.7135115,8.178728,4.9041877,7.280198,8.99299,10.586579,12.107219,15.7380295,17.917446,19.074018,20.698997,19.009727,22.953442,24.840935,23.728611,19.036083,20.464766,15.972161,15.845768,17.776966,20.517792,17.832556,22.138552,19.132452,22.39273,23.229584,23.958029,26.768875,26.319738,27.283102,26.119392,20.81222,21.062687,18.58154,20.662563,19.587324,17.153204,20.974487,19.894226,21.657701,24.841587,22.30676,18.789696,20.285442,16.471859,15.588502,12.520258,14.722968,11.965692,15.210366,15.802047,19.254047,22.07692,24.425837,22.454113,28.92066,27.133724,30.653303,30.234,29.956448,27.273409,25.697727,21.341476,20.241014,19.007153,16.959408,17.85648,16.600567,16.35138,18.93104,18.922428,22.834755
32,38.677094,34.869194,33.563534,28.861156,27.426369,25.90664,22.65661,23.012592,17.936924,20.59757,16.23472,20.054684,19.241245,15.597941,17.120922,12.308179,14.885954,12.43009,14.959041,15.88674,16.01439,20.66023,20.208487,20.625803,24.86759,25.832024,23.940506,20.331524,15.726148,12.751285,10.876742,8.356544,0.0,6.200245,4.1560273,7.9994473,10.027002,8.053417,6.976372,7.185932,4.6471877,8.191871,6.508096,11.806557,15.980509,17.463371,20.932278,24.088306,24.812546,25.600683,22.945454,26.309217,26.91128,24.46716,19.69805,19.49817,14.533601,13.547039,13.453995,16.805815,14.157278,19.999443,18.682602,22.194704,25.214603,25.395256,28.912743,28.590984,30.933805,29.203669,23.412811,22.650354,19.437414,20.339272,17.299234,14.229832,16.518686,14.326418,15.146599,18.096487,14.947871,12.014189,14.560897,11.678683,12.972584,10.446485,15.370456,15.514973,19.546501,21.50249,25.065948,27.598751,28.71548,26.700224,32.054417,29.257671,32.625366,31.40926,31.850018,28.554605,28.526924,24.076164,24.111921,23.877022,20.92155,20.72611,17.893232,16.870682,17.657381,16.484966,19.538677
33,37.41336,33.915024,32.59836,27.779547,27.116652,24.930445,23.04774,22.950993,18.683447,21.612274,17.308786,19.978523,17.785398,13.951863,14.390703,9.972344,11.081526,10.10895,11.053132,13.834702,13.958919,18.06021,18.400156,19.920635,24.598288,26.003687,25.202286,21.602177,17.102827,13.859452,13.559403,8.615769,6.200245,0.0,5.0866003,6.413585,8.368667,8.713819,5.2018294,5.184567,8.442542,11.241161,11.34802,15.610229,18.83255,20.100996,23.86897,26.419258,27.551794,28.936508,26.824583,30.503283,31.741316,29.750587,24.873657,24.98678,20.18044,19.029404,19.372816,22.951933,20.31804,26.008532,24.231794,27.58312,29.906448,29.933323,33.30545,32.541615,34.245872,32.23744,26.389465,26.60902,23.099102,25.261333,22.01228,19.66626,22.011185,19.611847,20.406223,22.921568,19.263477,16.774261,17.829638,14.881596,16.280293,12.359783,17.473482,15.90186,20.00658,21.683205,24.676147,27.924522,29.092937,28.001974,33.444775,31.373552,35.134094,33.837524,33.39446,30.219316,29.175674,25.034536,23.830282,22.876507,19.611925,20.16181,16.312841,17.67883,18.04884,18.403488,21.24522
34,40.910854,37.292225,35.708897,31.075949,29.885752,27.744986,25.163324,24.63726,19.820234,22.053946,17.02459,20.19853,18.968233,15.202615,17.143703,12.756337,15.379647,14.064495,15.908838,17.996954,17.955957,22.40822,22.028849,22.892916,27.507553,28.888683,27.206783,23.449244,19.233421,15.849824,14.676173,10.783738,4.1560273,5.0866003,0.0,4.242176,5.955156,4.906893,4.6706696,7.176544,6.0082836,11.19323,10.514311,15.808854,19.44469,21.23765,24.721586,27.62784,28.262453,29.12074,26.493055,29.710733,30.370157,27.761389,22.9004,22.163332,17.531576,15.849986,15.5006,19.450909,17.235771,23.347574,22.465855,26.10598,29.238962,29.523958,33.04031,32.745148,35.049046,33.275658,27.44,26.78314,23.46253,24.372206,21.002335,17.945456,19.657372,17.030165,17.201044,19.777111,16.084814,13.968107,16.456688,14.170685,16.27787,13.394026,18.894955,18.694078,22.844496,24.748446,28.106405,30.94585,32.01796,30.35036,35.637836,32.966164,36.438072,35.06062,35.299522,31.944496,31.763262,27.431534,27.06591,26.58278,23.374386,23.40845,19.77173,19.800064,19.904762,19.136526,21.696835
35,41.525608,38.15976,36.13357,31.739716,30.7114,27.881834,26.017052,24.447334,20.056078,21.749105,16.310598,18.636587,17.047909,13.3922615,15.833024,12.286501,15.256682,15.187066,16.971231,19.999199,20.362923,24.443493,24.69605,26.033142,30.741652,32.113403,30.880215,27.178299,22.649025,19.445724,18.364079,14.226329,7.9994473,6.413585,4.242176,0.0,4.6101604,6.420467,6.9160275,10.049246,10.16469,15.31121,14.504263,19.704844,23.50334,25.063536,28.666407,31.561916,32.34215,33.289276,30.703003,33.94749,34.547295,31.840166,27.024181,26.071316,21.502234,19.691156,18.87256,22.817137,20.667156,26.914259,26.289278,29.7779,33.15654,33.119976,36.754078,36.220863,38.60371,36.483128,30.52866,30.113056,26.462982,27.712101,23.661362,20.993587,22.097889,19.058693,18.807537,20.797682,16.670483,15.36707,17.117887,15.464593,18.303907,15.185156,21.20114,21.04216,25.292156,27.414846,30.494663,33.549717,34.234276,33.040516,37.937775,35.344128,38.931763,37.245533,37.2515,33.803196,33.63028,29.516018,28.919146,28.428211,24.896276,24.924038,20.467995,21.379747,20.600779,20.250011,22.163536
