,0,1,2,3,4,5,6,7,8,9,10,11,12,13,14,15,16,17,18,19,20,21,22,23,24,25,26,27,28,29,30,31,32,33,34,35,36,37,38,39,40,41,42,43,44,45,46,47,48,49,50,51,52,53,54,55,56,57,58,59,60,61,62,63,64,65,66,67,68,69,70,71,72,73,74,75,76,77,78,79,80,81,82,83,84,85,86,87,88,89,90,91,92,93,94,95,96,97,98,99,100,101,102,103,104,105,106,107,108,109,110
0,0.0,4.0320992,6.912234,10.257849,12.964984,16.012861,17.586355,22.902403,24.450544,27.177963,30.389788,31.492804,35.17272,35.977108,40.529774,42.64152,46.630417,49.89078,54.95802,56.13524,60.19387,61.504513,64.80377,62.321552,59.828552,58.99357,54.05961,52.25585,47.440636,48.909515,40.651424,44.191856,38.067875,38.868626,38.866417,36.51481,40.918606,41.828163,42.695374,43.873516,42.448654,45.744648,41.89601,44.216118,49.958817,47.851856,53.868496,54.58603,59.002583,57.327744,55.298275,50.986713,51.224667,47.45726,48.53048,49.643887,44.893177,41.852303,41.464695,37.165325,37.302013,41.005436,40.307705,43.73908,40.426,38.22672,44.485607,44.702324,46.961693,49.181904,53.41102,55.45981,57.69487,54.856045,51.951744,48.77584,47.033176,43.181328,41.30956,36.900475,38.667324,33.795906,35.7088,38.85679,41.214382,45.16191,44.9426,50.633484,54.26852,55.44283,59.036198,60.47157,59.01746,63.81043,63.194427,59.464005,58.185455,54.012318,51.53338,52.772945,46.40411,48.592113,44.02819,40.387955,42.826363,46.268208,46.80471,51.427353,53.471752,56.225956,59.49238
1,4.0320992,0.0,4.4179287,6.433326,9.24718,12.833581,13.711059,19.38821,20.595125,23.450996,26.510035,27.702703,31.236996,32.112186,36.59524,38.7136,42.705063,45.975155,51.051388,52.22097,56.299103,57.57634,60.901188,58.49099,56.01134,55.203648,50.252434,48.430275,43.634132,45.072437,36.887238,40.35033,34.354645,35.05584,35.24106,32.92453,37.40302,38.331284,38.994667,40.088512,38.82789,42.042698,38.256687,40.56115,46.27378,44.19924,50.186794,50.92404,55.339394,53.617233,51.67142,47.35173,47.789764,44.015926,45.236256,46.221542,41.388935,38.404675,38.24434,33.827633,33.752033,37.38062,36.825665,40.270664,37.044743,34.55976,40.810154,41.18768,43.23781,45.42339,49.666187,51.77728,53.920376,50.995495,48.203228,44.90425,43.15142,39.36808,37.405495,33.034504,34.681995,29.795609,31.828123,34.8792,37.22863,41.17699,40.972694,46.630054,50.300056,51.449516,55.036507,56.505493,55.079365,59.84672,59.33785,55.588142,54.25132,50.13085,47.60483,48.781296,42.42752,44.568512,40.01155,36.378933,38.81125,42.254444,42.84709,47.41115,49.498398,52.23794,55.541588
2,6.912234,4.4179287,0.0,4.994949,8.263621,9.57657,12.533683,16.858095,18.428795,21.543682,24.340128,26.170229,29.28793,30.918629,35.214947,37.762703,41.631744,45.29295,50.06633,51.532246,55.49284,56.86947,60.142326,57.89036,55.59368,54.623802,49.728333,47.619747,42.96317,43.9427,35.850098,38.843155,32.633797,32.90952,32.88173,30.12955,34.506058,35.70595,36.587475,37.991528,36.968536,40.54685,36.984608,39.68025,45.29066,43.69832,49.491253,50.698814,55.074932,53.550953,51.83702,47.492466,48.287598,44.6782,45.861607,46.45829,41.657444,38.58402,39.04101,34.226864,33.654587,37.5271,37.619873,41.174377,38.26966,35.07526,41.288883,42.201916,43.74094,45.75897,50.070263,52.2942,54.181797,50.95507,48.45568,44.81717,43.121292,39.63092,37.31964,33.12974,34.145214,29.164824,31.813562,34.338627,36.672363,40.604794,40.324505,45.808456,49.56312,50.39312,53.94155,55.328114,53.736523,58.25007,57.74117,53.743454,52.515045,48.139954,45.904152,47.042538,40.554222,43.07204,38.357895,34.678394,37.520897,40.881256,42.040752,46.36233,48.692387,51.519176,54.929085
3,10.257849,6.433326,4.994949,0.0,3.6100867,7.1184764,7.679508,13.115765,14.196914,17.189642,20.132565,21.585154,24.937498,26.157751,30.530657,32.920578,36.833652,40.391827,45.246162,46.637753,50.62373,51.989136,55.265293,52.974743,50.6419,49.711555,44.79682,42.75722,38.065025,39.18327,31.086157,34.24027,28.206043,28.684664,28.906267,26.525082,31.035534,32.02391,32.601498,33.747585,32.690353,36.020927,32.40538,34.935677,40.561047,38.834103,44.664387,45.759315,50.14152,48.566772,46.854836,42.51238,43.369987,39.758446,41.028103,41.58559,36.7361,33.722733,34.27452,29.437624,28.781324,32.56151,32.712177,36.280514,33.48477,30.120861,36.330048,37.393913,38.888813,40.83912,45.20815,47.37725,49.272877,46.047527,43.488,39.8919,38.293617,34.83055,32.55725,28.44655,29.355167,24.510418,27.225107,29.722185,31.89752,35.85827,35.462746,41.049446,44.718086,45.64005,49.212498,50.592815,49.057102,53.706676,53.193657,49.32728,48.036324,43.813602,41.397903,42.614265,36.20531,38.573837,33.99218,30.39424,33.16532,36.56243,37.690792,41.8703,44.25826,46.924873,50.431698
4,12.964984,9.24718,8.263621,3.6100867,0.0,6.400526,4.8011413,10.63656,12.006497,14.276221,17.867315,18.531145,22.566435,23.133266,27.72768,30.039206,33.941998,37.52551,42.303036,43.76978,47.670727,49.167393,52.346035,49.916794,47.60984,46.57651,41.701588,39.646706,34.929367,36.09747,27.86807,31.252266,25.124695,26.049076,26.15011,24.222456,28.713976,29.368874,29.97458,30.988462,29.5832,32.835846,29.095001,31.58594,37.257492,35.502937,41.357555,42.510765,46.88958,45.465454,43.724213,39.37275,40.147568,36.647587,37.727283,38.223103,33.46186,30.34589,30.997993,26.047878,25.397871,29.382202,29.770716,33.450516,30.889172,27.338806,33.56973,34.965206,36.520794,38.28794,42.81038,44.79463,46.74324,43.504036,40.748146,37.30202,35.991776,32.625668,30.428484,26.53055,27.075731,22.564125,25.491972,27.813189,29.62561,33.61785,32.866623,38.62476,42.064056,43.011658,46.61385,47.831192,46.228092,51.036587,50.253418,46.54503,45.347572,41.153797,38.68663,40.206177,33.878723,36.298405,31.91814,28.490398,31.381746,34.766907,36.08284,39.900158,42.47492,44.882107,48.578327
5,16.012861,12.833581,9.57657,7.1184764,6.400526,0.0,7.351965,7.6726747,10.423073,13.011893,16.050108,17.983173,21.14867,23.173466,27.314602,30.395958,33.985386,38.221382,42.37576,44.360294,47.997227,49.67217,52.71587,50.55036,48.582523,47.26349,42.559433,40.02806,35.636246,35.949936,28.01901,30.46561,23.940762,24.059587,23.60232,20.78631,25.059269,26.221785,27.371634,29.03169,28.00759,31.971447,28.693972,31.894932,37.289017,36.4364,41.854233,43.819183,48.06889,47.028656,45.676792,41.362484,42.649883,39.503822,40.43798,40.312286,35.75251,32.545437,34.144844,28.744644,27.320438,31.632103,33.056488,36.79423,34.782124,30.317205,36.285538,38.45089,39.21628,40.681908,45.227543,47.342762,48.8749,45.209972,42.950573,39.04224,37.864513,35.04983,32.35685,28.883951,28.342588,23.85465,27.701447,29.056644,30.77812,34.641876,33.751076,39.109726,42.623528,43.001892,46.50216,47.538208,45.63628,49.97885,49.13629,45.017204,44.056854,39.395767,37.50569,38.99748,32.475914,35.606506,31.007982,27.56362,31.191978,34.364155,36.66133,39.99411,42.953075,45.473503,49.303215
6,17.586355,13.711059,12.533683,7.679508,4.8011413,7.351965,0.0,7.6099234,7.709874,10.015753,13.361259,14.0328,17.888256,18.495382,22.982561,25.33538,29.230888,32.871822,37.62538,39.112396,43.022144,44.490044,47.690758,45.369457,43.10325,42.09122,37.20548,35.097237,30.4296,31.510738,23.419306,26.649181,20.76957,21.552164,22.027393,20.3028,24.879896,25.499922,25.693,26.515053,25.39312,28.472507,24.866262,27.335066,32.92604,31.270695,37.038044,38.26303,42.619987,41.15734,39.578636,35.2372,36.37129,32.935738,34.22407,34.445774,29.609526,26.61977,27.77863,22.6657,21.514574,25.357119,26.155663,29.821745,27.56673,23.41518,29.52746,31.324371,32.44705,34.07716,38.624077,40.671074,42.44558,39.051853,36.48927,32.84629,31.600243,28.452692,26.088413,22.423546,22.493738,18.106384,21.425817,23.365227,25.026485,29.0075,28.184048,33.89618,37.35134,38.23726,41.83276,43.07328,41.496376,46.27986,45.632687,41.905804,40.62756,36.518375,33.968006,35.43571,29.142256,31.514471,27.189785,23.831944,26.779993,30.141138,31.655733,35.235363,37.938015,40.26044,44.052654
7,22.902403,19.38821,16.858095,13.115765,10.63656,7.6726747,7.6099234,0.0,5.1061125,5.670441,9.474784,10.697187,14.345595,16.07172,20.144787,23.448328,26.82595,31.341051,35.109352,37.366123,40.78763,42.651108,45.5299,43.36985,41.58703,40.07717,35.512096,32.773083,28.56222,28.532097,20.744951,22.940327,16.305178,16.628193,16.066982,13.81104,18.175522,18.953724,19.945967,21.484663,20.351261,24.34906,21.224306,24.637186,29.865465,29.414503,34.57198,36.92894,41.07087,40.3157,39.207893,34.973476,36.613976,33.847008,34.65793,34.010284,29.67074,26.502073,28.969515,23.341509,21.207872,25.640196,28.056358,31.795353,30.56866,25.282215,30.836416,33.9172,34.138187,35.125725,39.790585,41.726803,43.034184,39.155113,37.003403,33.055637,32.382988,30.145191,27.348518,24.661354,22.84943,19.219479,23.76443,24.149109,25.131618,28.856611,27.379332,32.686012,35.876694,36.048264,39.52534,40.302273,38.24955,42.64123,41.543648,37.49981,36.66442,31.972878,30.121628,31.994495,25.589233,28.987171,24.72377,21.673239,25.718685,28.701698,31.689552,34.1107,37.496384,39.595577,43.74025
8,24.450544,20.595125,18.428795,14.196914,12.006497,10.423073,7.709874,5.1061125,0.0,5.0535617,5.9533834,9.074333,10.914401,13.657221,17.245586,20.439772,23.982508,28.25095,32.418293,34.332,38.043755,39.55437,42.70042,40.821167,38.89951,37.737892,33.012787,30.450111,26.224274,26.37435,19.002695,20.903214,15.245564,14.65698,15.514929,13.143896,17.814734,18.96639,18.754879,19.840088,19.801693,23.18529,20.355879,23.367199,28.455486,27.76423,32.91607,34.873543,39.03282,37.78297,36.799007,32.594776,34.678547,31.680151,33.17634,32.52228,27.860146,25.148386,27.714388,22.345842,19.859438,23.458914,25.619705,29.101007,27.746252,22.273006,27.66817,30.510853,30.290176,31.477085,35.928368,38.196712,39.33065,35.408104,33.665684,29.35224,28.250097,25.989445,22.976604,20.183569,18.533056,14.490815,19.115238,19.44623,20.83672,24.575127,23.649717,28.786251,32.3895,32.67666,36.156116,37.34339,35.592884,39.902958,39.53337,35.381874,34.117073,29.739967,27.536802,28.772701,22.282269,25.21035,20.682861,17.347397,21.08972,24.206085,26.874752,29.722807,32.890526,35.241173,39.212574
9,27.177963,23.450996,21.543682,17.189642,14.276221,13.011893,10.015753,5.670441,5.0535617,0.0,5.9117,5.03724,9.784449,10.408079,14.653228,17.83911,21.230497,25.719847,29.514088,31.74036,35.164463,37.04936,39.91395,37.71248,35.91684,34.424343,29.844046,27.127197,22.899794,22.95548,15.143974,17.516037,11.114345,11.975067,12.050079,11.116362,15.489182,15.663792,15.839684,16.75735,15.585961,19.113686,15.948622,19.18855,24.410444,23.892235,29.03599,31.345074,35.472702,34.698067,33.683712,29.490938,31.376999,28.759151,29.682968,28.786705,24.471827,21.478657,24.452517,18.861082,16.195358,20.42874,23.363722,27.007729,26.28238,20.546782,25.7493,29.324076,29.238625,29.950737,34.6645,36.475292,37.701393,33.7763,31.622665,27.719946,27.364809,25.452309,22.72157,20.632124,18.066002,15.306893,20.04321,19.863165,20.231682,23.866009,21.997246,27.404964,30.37411,30.618946,34.13096,34.851707,32.8505,37.471207,36.348415,32.505333,31.575306,27.129297,24.96209,27.058186,20.843575,24.054356,20.17717,17.510727,21.488514,24.377935,27.48543,29.369865,32.914154,34.658123,38.97193
10,30.389788,26.510035,24.340128,20.132565,17.867315,16.050108,13.361259,9.474784,5.9533834,5.9117,0.0,6.5212207,5.1250997,9.782731,12.150588,15.871181,19.007872,23.62295,27.307446,29.475443,33.006832,34.541794,37.614475,36.02634,34.35077,33.117477,28.574163,25.762877,21.969677,21.467848,15.049214,15.764491,10.956812,9.074324,10.888563,8.79479,13.283768,14.542614,13.410522,14.314107,15.339905,18.510654,16.470478,19.588125,24.082474,24.052351,28.61651,30.986624,34.928165,33.824257,33.289223,29.29623,32.04315,29.470253,31.104334,29.823202,25.449306,23.146233,26.641762,21.470325,18.135616,21.163586,24.275307,27.443113,26.902834,20.727781,25.220383,28.845472,27.658998,28.383368,32.69958,34.99374,35.665623,31.439428,30.265678,25.637632,24.836668,23.423674,20.14339,18.440159,15.237682,12.3638115,17.581747,16.418598,17.160994,20.516638,19.329603,23.959656,27.49494,27.386461,30.771646,31.881498,30.050262,34.12442,33.938324,29.617067,28.312151,23.89738,21.79701,22.955124,16.435715,19.700169,15.2799835,12.277455,16.606209,19.394346,22.977074,24.903456,28.467962,30.598022,34.75582
11,31.492804,27.702703,26.170229,21.585154,18.531145,17.983173,14.0328,10.697187,9.074333,5.03724,6.5212207,0.0,7.369941,5.470936,10.013052,13.005793,16.34546,20.838776,24.574024,26.819149,30.193344,32.14876,34.95536,32.686523,30.908155,29.387163,24.822058,22.096062,17.87716,17.98695,10.146453,12.776762,6.8636875,8.774374,9.641213,10.656622,14.365781,13.754834,12.985375,13.024555,11.719818,14.521751,11.343167,14.349101,19.523136,18.99221,24.072762,26.398802,30.49039,29.766481,28.876146,24.754744,26.915224,24.554665,25.525566,24.293371,20.10963,17.355036,20.966227,15.571887,12.250451,16.16783,19.82279,23.29213,23.239664,17.09251,21.69751,25.888222,25.444355,25.768532,30.521486,32.137695,33.26067,29.288631,27.123014,23.3322,23.446058,22.010422,19.440523,18.223446,14.717906,13.396694,18.053698,17.141388,16.621584,20.024977,17.579473,23.055235,25.66858,25.966665,29.500017,30.093658,28.116726,32.98733,31.755693,28.176178,27.194992,23.049986,20.56361,23.00189,17.174065,20.143276,16.916016,14.935016,18.689177,21.336493,24.582779,25.714895,29.437649,30.718218,35.215427
12,35.17272,31.236996,29.28793,24.937498,22.566435,21.14867,17.888256,14.345595,10.914401,9.784449,5.1250997,7.369941,0.0,7.373639,7.6720266,11.649699,14.379328,19.104567,22.517508,24.741684,28.205038,29.67471,32.745743,31.39565,29.851973,28.676483,24.263536,21.380993,17.994751,17.096338,12.008003,11.5262785,8.785036,5.6375356,9.287831,8.752711,12.106761,13.024325,10.395549,10.418597,12.726673,14.981547,13.829339,16.547787,20.337887,20.677557,24.691097,27.161108,30.896282,29.774834,29.606838,25.860683,29.16773,26.944288,28.805773,27.08116,22.99081,21.259056,25.340292,20.682318,16.842915,18.918093,22.609838,25.34092,25.491293,19.004042,22.464659,26.62253,24.632616,24.946901,29.070486,31.356966,31.656263,27.246344,26.560478,21.741896,21.230694,20.61357,17.273256,16.731125,12.245367,11.076003,16.201635,13.735034,13.649364,16.513208,15.079637,19.237339,22.690928,22.366251,25.703945,26.833838,25.057259,29.073677,29.172132,24.842741,23.344423,19.159859,16.843046,17.873558,11.406831,14.684931,10.559025,8.207007,12.7606735,15.1741,19.370815,20.376146,24.237534,26.057682,30.375404
13,35.977108,32.112186,30.918629,26.157751,23.133266,23.173466,18.495382,16.07172,13.657221,10.408079,9.782731,5.470936,7.373639,0.0,5.2986193,7.578244,11.050263,15.374651,19.332735,21.390085,24.881306,26.750206,29.629036,27.384306,25.529581,24.161419,19.503199,16.89392,12.625659,13.038646,5.6299634,8.532004,5.793039,8.045837,10.407275,12.911135,15.563451,14.449221,12.225488,10.816936,10.163313,11.051436,8.360384,10.27258,15.129374,14.353338,19.328627,21.388618,25.449944,24.51702,23.819878,19.807365,22.509462,20.367624,21.732786,20.13561,16.020424,13.971344,18.224844,13.596372,9.591804,12.131542,16.463255,19.472504,20.183117,13.698267,17.254175,22.041029,20.985712,20.9016,25.598999,27.110655,28.053741,24.018082,21.992622,18.1973,18.754297,17.950214,15.603262,15.571306,11.061274,11.819976,15.899877,14.105403,12.477396,15.470151,12.436864,17.977674,20.300198,20.780117,24.35745,24.998716,23.22658,28.385206,27.370026,24.128668,22.872988,19.380177,16.291407,18.825588,13.698209,15.898338,13.621321,12.632482,15.609571,17.895962,21.020916,21.377028,25.166897,25.956982,30.581411
14,40.529774,36.59524,35.214947,30.530657,27.72768,27.314602,22.982561,20.144787,17.245586,14.653228,12.150588,10.013052,7.6720266,5.2986193,0.0,4.409286,6.876127,11.8125,15.207862,17.488558,20.897964,22.615448,25.558174,23.880547,22.310305,21.044065,16.620178,13.736559,10.42113,9.656506,6.2079144,5.1711464,7.3737187,7.1263723,10.737451,13.470513,14.984076,14.09922,10.475852,8.055294,9.876769,9.349703,8.991031,10.192314,13.2564535,13.521339,17.207859,19.599321,23.245016,22.26101,22.28796,18.770195,22.45903,20.866053,22.648233,20.400991,16.893158,15.917907,20.654863,17.007904,12.870477,13.554613,18.215246,20.389618,21.78868,15.312153,17.131937,22.30236,19.907694,19.330389,23.527142,25.227625,25.449684,21.04529,20.129295,15.809636,16.580923,17.02584,14.489913,15.83308,10.150632,12.533704,16.271072,12.973121,10.556163,12.489769,9.2803955,13.695517,16.07634,16.009449,19.511587,20.269129,18.530724,23.397581,23.020119,19.50212,17.921003,14.666054,11.324467,13.535127,8.73815,10.837007,9.381289,9.732196,12.430289,13.948553,17.87863,17.018143,21.162783,21.71592,26.45137
15,42.64152,38.7136,37.762703,32.920578,30.039206,30.395958,25.33538,23.448328,20.439772,17.83911,15.871181,13.005793,11.649699,7.578244,4.409286,0.0,4.113739,7.904835,12.371232,13.965911,17.753319,19.309366,22.409683,20.467978,18.536867,17.598843,12.861321,10.561246,6.834152,7.6739182,6.253109,6.504841,10.594323,11.462725,14.724336,17.833658,19.153198,17.88402,14.281053,11.350294,12.420846,10.071162,9.831307,8.964471,11.433021,10.561525,14.374763,15.819434,19.572393,18.13182,18.071938,14.5843115,18.53149,17.006386,19.17351,16.940706,13.50085,13.371334,17.994226,15.385397,11.560968,10.521958,15.145941,16.776403,18.73397,12.620553,13.24449,18.725546,16.177048,15.23054,19.489141,20.940802,21.286549,17.014729,15.774155,11.751859,13.174579,14.04145,12.248406,14.543099,9.062954,13.079006,15.520499,12.298471,8.8087635,10.089529,5.878272,10.933995,12.7396,13.47973,17.1038,17.982677,16.721209,22.1561,21.88339,19.21764,17.36276,15.387135,11.374393,13.559538,10.557119,10.679569,10.802065,11.906995,12.918162,14.101934,16.89401,15.600754,19.424088,19.322203,24.099432
16,46.630417,42.705063,41.631744,36.833652,33.941998,33.985386,29.230888,26.82595,23.982508,21.230497,19.007872,16.34546,14.379328,11.050263,6.876127,4.113739,0.0,5.4530816,8.468107,10.695416,14.0664,15.866314,18.74921,17.042784,15.529651,14.373827,10.1041565,7.3389792,5.450204,4.5646324,8.252764,6.1137357,12.491008,12.980858,15.953322,19.46994,19.848219,18.347294,14.49853,11.142298,12.763721,9.195066,10.683659,9.210488,9.369117,9.797643,11.818344,13.874521,17.063713,16.056694,16.728954,13.972673,18.437355,17.833017,19.732868,16.859592,14.57717,15.108186,19.972706,18.063614,14.400928,12.797889,17.618258,18.613632,21.265455,15.685584,14.838346,20.544361,17.342161,15.659384,19.319641,20.44296,20.194458,15.814921,15.343919,11.742251,13.978141,16.01064,14.600542,17.69587,12.1945095,16.644993,18.759512,15.021438,11.21809,11.070743,6.7591987,9.407357,9.985089,10.091814,13.591907,14.049685,12.63261,18.185442,17.847733,15.427604,13.553294,12.267022,8.097663,10.796952,9.736327,9.356549,11.32118,13.584982,14.218823,14.411707,17.630741,14.71285,18.736437,17.871286,22.74534
17,49.89078,45.975155,45.29295,40.391827,37.52551,38.221382,32.871822,31.341051,28.25095,25.719847,23.62295,20.838776,19.104567,15.374651,11.8125,7.904835,5.4530816,0.0,6.3152514,6.250762,10.526945,11.663707,14.957478,13.166879,11.027379,10.879387,6.397656,5.8437524,5.684172,7.311664,12.360538,11.412213,17.599882,18.35073,21.376293,24.852543,25.272156,23.736523,19.894283,16.501106,17.823181,13.61703,14.953997,12.113512,10.958795,9.952362,10.83929,10.729471,13.578731,11.4852085,12.476397,10.464728,15.482454,15.253964,17.801052,15.089162,13.488708,15.404317,19.489061,19.134928,16.26774,12.790919,16.565857,16.36703,19.6295,15.303485,12.291363,17.742573,14.011931,11.585528,14.651262,15.406573,14.93681,10.716004,10.526262,7.757433,11.104462,14.11852,13.906898,17.924911,13.444206,18.74458,19.39934,15.939992,11.774902,10.228813,6.433604,7.1858754,5.812969,7.6848454,10.975116,11.858917,11.698753,17.470486,17.80869,16.752811,14.504028,15.250734,11.149688,12.688193,13.666518,11.251099,14.39357,16.956652,15.9904785,15.682878,17.252403,13.782007,16.939505,15.028154,19.696905
18,54.95802,51.051388,50.06633,45.246162,42.303036,42.37576,37.62538,35.109352,32.418293,29.514088,27.307446,24.574024,22.517508,19.332735,15.207862,12.371232,8.468107,6.3152514,0.0,4.423071,5.7907014,8.31621,10.479178,9.165016,8.711522,7.4442058,5.8534884,4.58061,8.705162,7.2947645,15.414961,12.769134,19.846281,20.353994,22.715797,26.590658,25.880774,24.041977,20.36595,16.956755,18.464579,13.703282,16.589188,13.936296,10.109636,11.6511,8.958491,10.715408,11.784121,11.585869,13.903503,13.437427,18.187525,19.349432,20.811058,17.315659,17.426847,19.302734,23.742508,23.532288,20.617699,17.799904,22.083776,21.756504,25.449553,21.326914,18.082146,23.49407,19.684683,16.830095,18.842302,18.89112,17.58501,13.88508,14.741747,13.287851,16.726526,20.22382,19.944029,24.028223,19.186193,24.26452,25.372696,21.497368,17.47346,15.540363,12.213011,10.52537,6.8756504,6.1185336,8.00501,6.785385,5.9572268,12.111185,11.666218,11.6223135,9.871859,12.147056,9.1812,11.444602,14.801562,12.920775,17.181557,20.434072,19.93186,18.795212,21.33989,16.26038,19.56196,16.826805,21.237728
19,56.13524,52.22097,51.532246,46.637753,43.76978,44.360294,39.112396,37.366123,34.332,31.74036,29.475443,26.819149,24.741684,21.390085,17.488558,13.965911,10.695416,6.250762,4.423071,0.0,4.7521954,5.4700427,8.772663,7.674913,6.117042,6.907357,5.487143,6.9648533,10.283931,10.705935,17.843271,16.057653,22.883514,23.409246,26.167763,29.815905,29.52778,27.873278,24.03491,20.600962,22.134914,17.407507,19.668798,16.531193,13.276528,13.243705,10.982027,10.235414,10.947984,9.138644,11.730022,11.990767,16.890524,17.98386,20.144035,17.14344,17.287195,19.881039,23.593897,24.213861,21.744904,17.914612,21.200714,20.112831,23.887587,20.642826,16.33242,21.103369,16.978756,13.870644,15.073739,14.964496,13.322414,9.907496,11.456359,10.80053,14.429199,18.335238,18.743162,23.196276,19.13259,24.551445,24.726456,21.131374,17.121159,14.559332,12.001679,9.387989,4.463099,5.867248,7.23222,7.3822217,8.567103,13.831336,14.667,15.253314,13.081825,16.005327,12.833907,13.774791,17.260294,14.210899,18.60079,21.787752,20.282848,19.04303,20.276405,15.319731,17.754433,14.425479,18.495861
20,60.19387,56.299103,55.49284,50.62373,47.670727,47.997227,43.022144,40.78763,38.043755,35.164463,33.006832,30.193344,28.205038,24.881306,20.897964,17.753319,14.0664,10.526945,5.7907014,4.7521954,0.0,3.808774,4.7900443,4.147231,5.11993,5.1371865,7.4232087,8.766429,13.307116,12.756867,20.78745,18.506254,25.520927,26.13205,28.410402,32.329624,31.427483,29.52327,25.944403,22.582355,23.918055,18.983706,21.845318,18.730589,14.241445,15.288038,11.062551,11.087367,9.998518,9.979766,13.252086,14.591058,18.92254,20.929882,22.280735,18.930223,20.210777,22.789438,26.57032,27.419075,25.048317,21.536545,25.07286,23.91742,27.972923,24.934282,20.537632,25.285345,21.393997,18.126286,18.799839,18.039425,16.112175,13.595052,15.197025,15.427336,19.095665,23.045385,23.489109,27.92426,23.700014,29.040346,29.432676,25.732054,21.732126,19.168074,16.551659,13.5968,8.608956,8.366579,7.8602633,5.7626925,7.105093,11.592179,11.6095705,13.789888,12.36088,16.301756,14.17927,15.489062,19.974491,17.387608,22.098719,25.519638,24.316406,22.767439,24.415573,18.861431,21.203066,17.484945,21.07195
21,61.504513,57.57634,56.86947,51.989136,49.167393,49.67217,44.490044,42.651108,39.55437,37.04936,34.541794,32.14876,29.67471,26.750206,22.615448,19.309366,15.866314,11.663707,8.31621,5.4700427,3.808774,0.0,4.1393228,5.8577175,6.110845,8.022377,9.736819,11.619291,15.581543,15.496762,23.15557,20.916971,27.95548,28.163118,30.849058,34.43818,33.740406,32.155724,28.303114,24.94821,26.779457,21.988922,24.678574,21.564188,17.566702,18.021505,14.44881,13.388286,12.238409,10.910601,14.211791,15.871853,20.286167,21.97965,23.968578,21.029951,21.982096,24.850973,28.250292,29.36232,27.08247,23.086233,25.962692,24.373413,28.24819,25.638184,20.771914,24.85065,20.496763,17.295267,16.997656,16.453362,13.849096,11.685902,14.537468,14.857022,18.133444,22.408108,23.08632,27.737988,23.977324,29.41291,29.25269,25.570667,21.77257,18.69675,16.949955,12.940686,7.930848,8.196456,6.7652173,6.3039927,9.066535,12.267836,14.117845,16.034197,14.045548,18.389282,16.137823,16.251545,21.064734,17.675362,22.554665,26.033743,24.117727,22.293627,23.177132,17.527502,19.146698,15.023993,18.08771
22,64.80377,60.901188,60.142326,55.265293,52.346035,52.71587,47.690758,45.5299,42.70042,39.91395,37.614475,34.95536,32.745743,29.629036,25.558174,22.409683,18.74921,14.957478,10.479178,8.772663,4.7900443,4.1393228,0.0,4.605772,6.9619617,8.115383,11.667881,13.478257,17.996494,17.506332,25.57303,23.199806,30.264181,30.70081,32.98252,36.82877,35.730064,33.894573,30.313036,27.017021,28.510984,23.588182,26.563229,23.401384,18.69489,19.697876,15.028495,14.374372,12.023212,12.104522,15.619846,17.92327,21.81296,24.178434,25.495878,22.35423,24.144558,26.998755,30.402231,31.73443,29.585867,25.804464,28.882427,27.276628,31.3957,28.949072,24.04431,28.203665,24.19453,20.867834,20.471811,19.352875,16.867332,15.389532,17.72889,18.68475,22.15125,26.338604,27.079714,31.68282,27.790016,33.20095,33.219097,29.536203,25.665627,22.723375,20.682375,16.916826,11.899914,11.582626,9.640798,7.627708,9.92386,12.075837,12.904424,16.161293,14.944398,19.693005,18.14834,18.755495,23.934923,21.001602,25.959995,29.52334,27.915258,26.020948,27.210703,21.364347,22.998999,18.798706,21.503674
23,62.321552,58.49099,57.89036,52.974743,49.916794,50.55036,45.369457,43.36985,40.821167,37.71248,36.02634,32.686523,31.39565,27.384306,23.880547,20.467978,17.042784,13.166879,9.165016,7.674913,4.147231,5.8577175,4.605772,0.0,3.483837,3.8962717,8.3129225,10.663899,15.082421,15.25021,22.898905,21.330091,28.047674,29.265461,31.27647,35.467262,34.597973,32.390556,29.090889,25.717453,26.325834,21.213795,23.765652,20.209293,15.504504,15.994821,11.180866,10.033813,7.431367,8.253838,11.712312,14.134993,17.681822,20.413752,21.250423,18.021482,20.287752,23.176245,26.45429,28.053013,26.202053,22.463314,25.636312,24.135386,28.48412,26.206825,21.380365,25.86035,22.567875,19.104313,19.489628,17.831612,16.234142,14.794122,15.582193,17.21916,21.195625,24.949068,25.901838,30.291157,26.447866,31.85514,31.955849,28.638487,24.563637,22.117277,19.371069,16.973284,11.86281,12.341896,11.719241,9.588035,10.79643,14.723217,13.708523,16.916737,16.023447,19.891085,17.889938,19.58793,23.832146,21.325539,25.88604,29.15875,27.910505,26.536612,27.735744,22.47318,24.453018,20.508408,23.727213
24,59.828552,56.01134,55.59368,50.6419,47.60984,48.582523,43.10325,41.58703,38.89951,35.91684,34.35077,30.908155,29.851973,25.529581,22.310305,18.536867,15.529651,11.027379,8.711522,6.117042,5.11993,6.110845,6.9619617,3.483837,0.0,3.6637537,6.202661,9.458824,13.152249,14.314,21.252935,20.336512,26.822105,28.22666,30.481134,34.585968,34.173096,32.03067,28.629648,25.185335,25.664165,20.583559,22.599098,18.792074,14.817622,14.228964,10.535995,7.9252176,6.343437,5.2205906,8.70714,11.071609,14.863095,17.291931,18.604849,15.664922,17.5546,20.68856,23.680225,25.50506,23.829926,19.684052,22.465483,20.786694,25.116497,23.106707,18.04997,22.40352,19.247849,15.757262,16.322882,14.586714,13.347088,11.898424,12.144958,14.1670265,18.261648,21.854767,23.069529,27.421576,23.933407,29.388767,29.172033,26.148106,22.077663,19.714828,17.009966,15.141509,10.183242,11.697324,11.851021,10.724799,12.02585,16.687477,16.11903,18.5149,17.191738,20.542631,17.88141,19.491402,23.069532,20.302845,24.577171,27.614143,26.135633,25.042933,25.729027,21.02674,22.857922,19.056515,22.409695
25,58.99357,55.203648,54.623802,49.711555,46.57651,47.26349,42.09122,40.07717,37.737892,34.424343,33.117477,29.387163,28.676483,24.161419,21.044065,17.598843,14.373827,10.879387,7.4442058,6.907357,5.1371865,8.022377,8.115383,3.8962717,3.6637537,0.0,5.078906,7.410324,11.67478,12.176173,19.435215,18.358017,24.76841,26.46286,28.285309,32.65298,31.969765,29.56206,26.45529,23.069826,23.115915,17.958427,20.21156,16.495752,11.898485,12.155162,7.400614,6.5713515,5.0039682,6.544689,9.545686,11.218876,14.838258,17.539038,18.068844,14.580682,16.815798,19.504953,23.013662,24.400608,22.547434,19.07176,22.63599,21.52441,25.916016,23.327753,18.957365,23.932741,21.099762,17.699184,19.07101,17.470423,16.606766,14.653586,14.248126,15.691421,19.89142,23.220587,24.05139,28.172485,24.17745,29.45531,29.85019,26.71014,22.540895,20.613396,17.259413,16.085297,11.3544855,12.120684,12.61792,10.58088,10.800619,15.934622,13.953911,16.482754,15.722908,18.630783,16.26313,18.778034,22.126144,20.122713,24.24743,27.257227,26.449581,25.497465,26.974989,22.190536,24.628662,21.123596,24.864359
26,54.05961,50.252434,49.728333,44.79682,41.701588,42.559433,37.20548,35.512096,33.012787,29.844046,28.574163,24.822058,24.263536,19.503199,16.620178,12.861321,10.1041565,6.397656,5.8534884,5.487143,7.4232087,9.736819,11.667881,8.3129225,6.202661,5.078906,0.0,3.88627,6.982087,8.708141,15.072118,14.626625,20.778778,22.58106,24.72864,28.927122,28.81121,26.563925,23.300146,19.862328,19.895866,14.902095,16.52498,12.698802,9.381963,8.410681,6.263175,5.1291924,7.250065,6.467936,8.224508,7.8924627,12.451519,14.099798,15.349921,11.975131,12.816043,15.394484,19.188475,20.086958,17.991283,14.363331,18.146017,17.407715,21.582632,18.45071,14.500367,19.913052,17.13865,13.971511,16.397625,15.45049,15.175511,12.336181,11.087693,11.588731,15.799145,18.748104,19.39678,23.325485,19.30976,24.53086,24.997875,22.016878,17.826965,16.319582,12.598745,12.724185,8.930931,10.496873,12.407742,11.547138,11.401032,17.393051,16.028702,16.935095,15.621551,17.375834,14.117853,16.732481,18.834496,16.8935,20.432714,23.090086,22.371101,21.887949,23.290321,19.287735,22.007462,19.13826,23.347317
27,52.25585,48.430275,47.619747,42.75722,39.646706,40.02806,35.097237,32.773083,30.450111,27.127197,25.762877,22.096062,21.380993,16.89392,13.736559,10.561246,7.3389792,5.8437524,4.58061,6.9648533,8.766429,11.619291,13.478257,10.663899,9.458824,7.410324,3.88627,0.0,4.9604034,4.949968,12.268257,11.061301,17.46909,19.158113,21.113014,25.405401,25.066591,22.766575,19.550158,16.127743,16.234907,11.211924,13.336057,9.996002,6.3422503,7.093953,5.3414216,7.640342,10.048677,10.2781725,11.659969,10.331373,14.710897,15.910681,16.821253,13.174186,13.351296,15.027343,19.606583,19.412798,16.70025,14.109575,18.803467,18.858871,22.696596,18.561884,15.784373,21.621101,18.799866,16.010752,18.971891,18.614307,18.290712,14.828434,13.835368,12.928966,16.718151,19.429985,19.33802,22.97445,18.260372,23.168526,24.436121,21.133522,16.994026,15.941736,11.749986,12.446871,9.553434,10.022295,12.421679,11.278913,10.041633,16.285507,14.388385,14.382946,13.289117,14.121154,10.890108,14.319985,15.936218,14.865733,18.149368,20.7979,20.823883,20.438261,22.828047,18.779934,22.15604,19.796946,24.347462
28,47.440636,43.634132,42.96317,38.065025,34.929367,35.636246,30.4296,28.56222,26.224274,22.899794,21.969677,17.87716,17.994751,12.625659,10.42113,6.834152,5.450204,5.684172,8.705162,10.283931,13.307116,15.581543,17.996494,15.082421,13.152249,11.67478,6.982087,4.9604034,0.0,4.821437,8.161426,8.903096,14.150596,16.476774,18.59824,22.751245,23.231445,21.004938,17.92522,14.6351795,14.104168,9.703378,10.232756,6.67737,6.501638,4.6668873,7.854845,9.180046,12.97704,12.298692,12.340324,9.306846,13.369228,13.331752,14.58596,11.469877,9.877828,10.93566,15.775564,14.88357,11.932566,9.554208,14.677891,15.468135,18.873535,14.1429,12.555426,18.650665,16.536423,14.363633,18.36564,18.439003,18.934303,15.304861,13.126348,11.463301,14.804506,16.495762,16.194868,19.218319,14.627949,19.21294,20.670006,17.884293,13.86954,13.874894,9.211957,12.4472275,11.339954,12.532034,15.669038,15.422333,14.19814,20.369717,18.768385,17.796686,16.51326,15.961716,12.203315,15.583475,15.1381,14.554666,16.542597,18.406605,18.782755,19.22249,21.388533,18.717117,22.168175,20.628723,25.327888
29,48.909515,45.072437,43.9427,39.18327,36.09747,35.949936,31.510738,28.532097,26.37435,22.95548,21.467848,17.98695,17.096338,13.038646,9.656506,7.6739182,4.5646324,7.311664,7.2947645,10.705935,12.756867,15.496762,17.506332,15.25021,14.314,12.176173,8.708141,4.949968,4.821437,0.0,8.54237,6.1884904,12.8396015,14.35062,16.190357,20.506,20.140984,17.872587,14.64135,11.23622,11.51732,6.7276106,9.313594,7.253159,5.178153,7.569067,8.1799345,11.8573,14.684972,15.027235,15.915703,13.614879,17.68605,18.076113,18.876415,15.37688,14.378462,14.824234,20.022179,18.38581,14.942076,13.838368,19.227688,20.22259,23.430273,18.218878,17.071217,23.093515,20.38429,18.2141,21.770737,22.097158,21.897861,17.913548,16.971098,14.668618,17.66367,19.79252,18.802608,21.828402,16.47522,20.718742,22.975693,19.480413,15.648379,15.439729,10.999358,12.886732,11.7739725,11.397875,14.315295,13.44952,11.319397,17.194807,15.175051,13.496714,12.5740795,11.407043,8.064176,12.410674,12.436644,12.822352,15.180949,17.520134,18.610767,18.590595,22.02969,18.485552,22.486343,21.013355,25.826773
30,40.651424,36.887238,35.850098,31.086157,27.86807,28.01901,23.419306,20.744951,19.002695,15.143974,15.049214,10.146453,12.008003,5.6299634,6.2079144,6.253109,8.252764,12.360538,15.414961,17.843271,20.78745,23.15557,25.57303,22.898905,21.252935,19.435215,15.072118,12.268257,8.161426,8.54237,0.0,5.757165,6.50192,10.286711,11.737985,15.84331,17.125587,14.882208,12.650115,10.24898,8.194181,6.745141,4.107294,4.690285,9.625741,9.129198,13.939469,16.541372,20.475325,20.238098,19.689245,15.932357,18.662407,17.470358,18.102125,15.769204,12.647851,10.932868,16.094847,12.357989,8.264444,10.106498,15.664298,18.227468,20.176424,14.143322,16.084946,21.741217,20.596037,19.612904,24.267155,25.020412,25.910892,22.033827,19.65874,16.820395,18.671675,18.789856,17.256968,18.469957,13.627651,16.144642,19.324965,17.083694,14.2100525,16.161615,11.937949,16.953615,17.841854,18.295837,21.719742,21.633255,19.65143,25.259672,23.296637,20.84468,19.991194,17.063032,13.923856,17.635956,14.156595,15.931603,15.456267,15.84097,18.16771,19.67412,22.858402,21.729475,25.659266,25.444511,30.255127
31,44.191856,40.35033,38.843155,34.24027,31.252266,30.46561,26.649181,22.940327,20.903214,17.516037,15.764491,12.776762,11.5262785,8.532004,5.1711464,6.504841,6.1137357,11.412213,12.769134,16.057653,18.506254,20.916971,23.199806,21.330091,20.336512,18.358017,14.626625,11.061301,8.903096,6.1884904,5.757165,0.0,7.2398114,8.199506,10.202673,14.348145,14.380199,12.414858,9.028789,5.7780995,6.7613845,4.57734,6.3749566,7.6267805,9.25179,11.308261,13.780561,17.47772,20.691721,20.774025,21.197617,18.14724,21.816793,21.238092,22.1263,19.148438,16.856684,15.984452,21.291302,18.029016,13.960405,14.771751,20.249355,22.20272,24.436077,18.29657,19.145962,24.91361,22.488255,21.156797,25.179338,26.21724,26.221386,21.90437,20.960299,17.491907,19.329994,20.526339,18.534592,20.48456,14.780763,17.667942,21.143185,17.70539,14.716354,15.741536,11.769705,14.960401,15.817875,15.098749,18.27596,18.004696,15.618978,20.614172,19.010038,15.758455,14.913851,11.435018,8.601436,12.636464,9.583313,12.140248,12.400939,13.793893,16.409527,17.09864,21.474613,19.125055,23.500385,23.20711,28.07266
32,38.067875,34.354645,32.633797,28.206043,25.124695,23.940762,20.76957,16.305178,15.245564,11.114345,10.956812,6.8636875,8.785036,5.793039,7.3737187,10.594323,12.491008,17.599882,19.846281,22.883514,25.520927,27.95548,30.264181,28.047674,26.822105,24.76841,20.778778,17.46909,14.150596,12.8396015,6.50192,7.2398114,0.0,5.549663,5.535387,9.67347,11.207514,9.168189,7.9392843,7.2557807,4.944281,8.08294,5.924027,9.906161,14.096986,15.155327,19.11589,22.61677,26.27333,26.39704,26.086798,22.418062,25.065775,23.773815,24.180113,21.92675,18.856419,16.525028,21.338316,16.58588,12.651429,15.962692,21.054632,24.026922,25.268904,18.94023,21.902771,27.16952,25.908993,25.312052,29.87594,31.051487,31.68911,27.519983,25.738728,22.22839,23.370068,23.219725,20.869928,21.205782,16.278027,17.030634,21.445988,19.15031,17.317814,19.716816,16.26225,20.810823,22.442793,22.077374,25.371893,25.243229,22.799978,27.570559,25.585388,22.108454,21.637901,17.295126,15.279172,18.780178,13.884296,17.427418,15.585247,15.132876,18.980831,20.700863,24.955826,24.237066,28.475872,28.968782,33.743916
33,38.868626,35.05584,32.90952,28.684664,26.049076,24.059587,21.552164,16.628193,14.65698,11.975067,9.074324,8.774374,5.6375356,8.045837,7.1263723,11.462725,12.980858,18.35073,20.353994,23.409246,26.13205,28.163118,30.70081,29.265461,28.22666,26.46286,22.58106,19.158113,16.476774,14.35062,10.286711,8.199506,5.549663,0.0,4.526081,6.502608,8.045638,7.947091,4.9504943,5.2475853,7.824917,10.781683,10.582506,14.020735,17.080713,18.705423,21.890522,25.426704,28.831848,28.592978,28.755861,25.293615,28.652922,27.228542,28.33712,25.967506,22.73286,20.936953,25.72465,21.14015,17.055607,19.460167,24.208975,26.873117,27.87757,21.307877,24.00072,28.998499,26.83878,26.430304,30.567822,32.335712,32.419983,27.920555,27.226387,22.867218,23.348778,23.533943,20.560173,20.953781,15.707118,15.994058,20.808159,17.795654,16.557657,18.698208,16.164474,19.715,22.153238,21.20008,24.33385,24.656488,22.299597,26.21126,25.344566,20.97829,20.144455,15.351284,13.769392,16.069254,10.250281,14.625626,11.941809,11.292721,15.832433,17.341127,22.388496,21.725012,26.070505,27.131159,31.728851
34,38.866417,35.24106,32.88173,28.906267,26.15011,23.60232,22.027393,16.066982,15.514929,12.050079,10.888563,9.641213,9.287831,10.407275,10.737451,14.724336,15.953322,21.376293,22.715797,26.167763,28.410402,30.849058,32.98252,31.27647,30.481134,28.285309,24.72864,21.113014,18.59824,16.190357,11.737985,10.202673,5.535387,4.526081,0.0,5.18581,5.7353926,4.228883,4.4133897,6.4052086,6.2620516,10.912254,10.45219,14.668221,17.752668,19.894068,22.90874,27.040129,30.339018,30.746532,30.824566,27.390385,30.29898,29.180716,29.561403,27.093658,24.286222,22.019814,26.845572,21.98348,18.131104,21.430073,26.454222,29.376932,30.491426,24.04351,26.969772,32.158783,30.442316,29.875662,34.183323,35.610325,35.84951,31.449852,30.35307,26.438805,27.294687,27.389143,24.608007,24.818134,19.757275,19.81112,24.704533,22.045666,20.723911,22.920221,19.98541,23.619432,25.503897,24.405813,27.40051,27.166153,24.441183,28.27242,26.423323,22.234116,22.101091,16.953373,16.150576,19.229366,14.046341,18.64223,16.348572,15.74919,20.355345,21.793737,26.904228,26.006092,30.423864,31.252851,35.918858
35,36.51481,32.92453,30.12955,26.525082,24.222456,20.78631,20.3028,13.81104,13.143896,11.116362,8.79479,10.656622,8.752711,12.911135,13.470513,17.833658,19.46994,24.852543,26.590658,29.815905,32.329624,34.43818,36.82877,35.467262,34.585968,32.65298,28.927122,25.405401,22.751245,20.506,15.84331,14.348145,9.67347,6.502608,5.18581,0.0,4.6756124,6.7860885,7.308352,10.066039,11.43805,15.874303,15.28096,19.374744,22.641348,24.492863,27.698864,31.552197,34.935467,34.950417,35.019276,31.46028,34.486755,32.938625,33.732777,31.534187,28.251917,25.931028,30.420204,25.281828,21.52618,24.863987,29.343283,32.368004,32.887493,26.393393,29.844702,34.53572,32.720703,32.594467,36.788242,38.672157,38.82608,34.319656,33.582066,29.156055,29.302807,29.057896,25.859118,25.42335,20.839499,19.67107,24.875683,22.439983,22.047285,24.493958,22.406013,25.889587,28.531282,27.35749,30.321772,30.542742,28.000408,31.312077,30.249197,25.585075,25.17494,19.89404,19.303719,21.28298,15.406328,20.161016,16.795708,15.2933235,20.30726,21.979387,27.157017,27.101841,31.337288,32.854652,37.267017
