,0,1,2,3,4,5,6,7,8,9,10,11,12,13,14,15,16,17,18,19,20,21,22,23,24,25,26,27,28,29,30,31,32,33,34,35,36,37,38,39,40,41,42,43,44,45,46,47,48,49,50,51,52,53,54,55,56,57,58,59,60,61,62,63,64,65,66,67,68,69,70,71,72,73,74,75,76,77,78,79,80,81,82,83,84,85,86,87,88,89,90,91,92,93,94,95,96,97,98,99,100,101,102,103,104,105,106,107,108
0,0.0,4.3422127,6.196509,8.852801,11.930148,12.429815,15.750834,18.497599,21.287645,24.689602,27.543257,30.65964,33.777752,32.718987,32.140785,27.437984,25.890533,23.101154,21.138117,19.924444,17.66958,20.559174,16.0652,19.004955,21.493824,21.634098,19.360582,23.245647,19.886253,21.313437,21.570915,23.152994,27.491852,23.901592,29.161367,26.864237,30.220564,28.702658,26.620531,25.234785,20.079634,17.66157,18.403578,16.021526,12.054946,16.14887,15.499951,19.581614,19.803099,23.720816,24.175108,27.834946,25.590628,29.639378,27.085302,29.920326,30.787766,32.257893,37.086994,36.85873,33.314465,37.29013,33.19447,34.340374,33.358326,32.827312,36.182285,35.122612,35.09517,34.63319,31.47933,34.397354,31.847193,35.853615,32.910435,38.902626,34.98595,39.617115,40.000683,36.659447,37.467953,35.211353,32.394054,29.003304,28.126377,27.428242,26.730227,26.131021,24.227074,26.154202,25.17524,23.579098,27.42702,28.834518,29.038641,27.894659,30.421673,30.45362,34.96329,34.564472,39.584084,42.485058,41.86444,38.53558,40.10888,33.70138,34.908607,31.559196,33.11848
1,4.3422127,0.0,5.3089366,6.119503,9.06311,11.49161,14.037495,16.889372,20.20303,23.332582,26.605232,29.310074,32.559822,31.560966,30.513609,26.003843,23.946072,21.09636,18.583792,17.003393,14.27662,16.684742,12.034147,14.944577,17.807327,18.43068,16.447706,20.949055,18.197887,20.342405,20.790617,23.812485,28.02604,25.254099,30.342958,28.29799,31.410883,29.910183,27.22914,25.289055,21.162786,17.769527,19.367924,16.542944,11.856733,15.588784,13.787912,18.060163,17.866896,21.354343,22.603043,26.36885,24.768728,28.438011,26.438814,29.63194,29.933733,31.782204,36.589447,35.96548,32.43286,35.747406,31.362347,32.115383,30.810734,30.042772,33.124805,31.701935,31.586002,31.442642,28.82041,31.897623,29.868364,34.002155,31.566574,37.71016,34.25744,38.955467,39.69722,36.408375,37.762306,35.534534,32.22223,28.666681,27.258173,26.534283,25.082365,23.823929,21.516935,23.015148,21.61604,19.743395,23.578663,25.261395,25.683346,24.794867,27.632145,28.118006,32.401188,32.714176,37.66291,40.664906,40.40011,37.109325,39.299328,32.805557,34.611763,31.431345,33.547363
2,6.196509,5.3089366,0.0,5.252541,6.841245,6.795243,11.060767,12.828042,16.45424,19.403877,22.510782,25.212622,28.60036,27.913893,27.062294,22.862703,20.826431,18.682138,16.157879,15.789332,12.902161,17.179966,13.641456,17.474613,20.386957,20.81538,17.5854,21.970161,17.580141,20.61099,19.195307,22.49584,25.818369,22.941298,27.716557,25.118786,27.905746,26.02105,23.701548,22.118107,18.161055,15.212221,17.489065,16.11092,11.863922,16.641008,16.608568,20.511684,21.123753,24.64789,25.930407,29.536594,27.597034,30.519335,28.109205,31.021297,30.881527,32.22502,37.21992,36.141415,32.456955,36.258923,32.244335,32.829285,32.481632,30.916513,34.140797,32.938538,32.090996,31.30182,28.540455,30.971592,28.739906,32.449444,29.775705,35.726288,31.984577,36.72341,37.60506,34.613297,35.89007,34.097595,30.804295,27.515083,25.939156,26.156908,24.155006,24.10523,21.602346,23.614874,22.356014,20.35149,23.459457,24.657305,24.392973,23.564974,25.503126,25.944948,30.05153,29.958359,34.888313,37.66598,37.332577,34.15281,35.85519,29.550827,31.137484,27.67915,29.6427
3,8.852801,6.119503,5.252541,0.0,3.6572182,7.2205973,8.073746,11.389524,14.484202,17.554174,20.95476,23.572317,26.72865,25.657951,24.482653,19.998653,17.86537,15.0040455,12.537231,11.197868,8.955259,12.462438,9.068166,13.113081,15.575709,15.778245,12.356757,16.915382,13.090306,16.471395,15.720063,20.220058,23.732689,21.890553,26.529333,24.679031,27.37923,25.927223,22.663223,20.279217,17.429752,13.233551,15.984284,13.714564,8.991818,13.023828,12.51646,16.211094,16.879986,20.112844,21.796255,25.318455,23.754839,26.13596,24.127226,27.274818,26.656612,28.31804,33.23852,31.91507,28.284462,31.562641,27.370531,27.786243,27.323452,25.705252,28.901684,27.73908,27.032501,26.327124,23.576452,26.291517,24.279036,28.248108,25.933239,32.062634,28.786093,33.525608,34.584408,31.500471,33.2751,31.336344,27.621572,24.123789,22.199717,22.102468,19.764969,19.08979,16.502302,18.407804,17.25157,15.519687,18.993538,20.137125,20.198606,19.116522,21.686317,22.051401,26.366026,26.609829,31.548723,34.55238,34.349316,31.083807,33.491627,26.99476,29.144495,26.116884,28.676348
4,11.930148,9.06311,6.841245,3.6572182,0.0,5.918181,6.4108996,8.623056,12.565591,15.047598,18.722733,20.852856,24.228027,23.474548,21.975702,18.011694,15.324906,13.074551,9.851007,9.29432,6.095095,11.004052,8.886483,13.2564,15.969066,16.50636,12.712821,17.465372,13.249004,17.675938,15.824534,21.393194,24.117311,22.830902,27.009594,25.032217,27.276403,25.622183,22.255932,19.749506,17.98801,13.650984,17.258886,15.738378,11.418673,15.276897,15.006359,18.323792,19.071526,21.833977,24.003557,27.392815,26.11705,27.80992,26.010891,29.137558,27.917852,29.50178,34.40851,32.558098,28.92061,31.924948,27.828392,27.792612,27.691263,25.36274,28.339798,27.002043,25.676989,24.813719,22.544144,24.876755,23.258596,26.966698,24.988003,31.019089,27.988523,32.74025,34.16772,31.372246,33.47122,31.864233,27.884466,24.533426,22.122395,22.656107,19.344439,18.972855,15.918525,17.703655,16.229727,14.102295,16.823433,17.856432,17.562563,16.84973,18.98639,19.839394,23.739925,24.41271,29.238716,32.157627,32.24285,29.118986,31.711784,25.353374,27.851118,24.827166,27.694603
5,12.429815,11.49161,6.795243,7.2205973,5.918181,0.0,6.1797376,6.3952146,10.083146,12.781123,15.811809,18.493093,21.898466,21.395855,20.648918,16.787876,14.820896,13.509709,11.32763,12.53715,10.503944,16.295431,14.722055,19.10891,21.514942,21.514248,17.02741,20.854424,14.966118,19.148802,15.523156,19.939093,21.863285,19.82423,23.800625,21.048176,23.146955,21.04859,18.502869,16.864952,14.432489,11.433237,15.065344,15.339642,12.122219,16.930256,18.576355,21.639584,23.111715,26.34069,27.814093,31.059383,29.02926,30.62301,28.064678,30.665504,29.645563,30.48897,35.527855,33.69956,29.961071,33.951626,30.45401,30.69785,31.549768,28.999813,32.293106,31.48874,29.823053,28.197916,25.306835,26.888565,24.55727,27.688942,24.97104,30.619558,26.85675,31.574154,32.78771,30.222528,31.750551,30.523241,27.0214,24.09129,22.07605,23.454258,20.538166,21.858133,19.258615,21.78677,20.934843,19.162374,21.28566,21.621553,20.5562,19.627462,20.477762,20.696157,24.602533,24.041124,28.888842,31.46905,31.105965,28.05223,29.522854,23.408737,25.082148,21.55462,23.785994
6,15.750834,14.037495,11.060767,8.073746,6.4108996,6.1797376,0.0,5.1394997,6.5814576,9.752217,13.08403,15.852943,18.764038,17.584946,16.546389,12.014875,10.15846,7.6940093,6.2956085,7.196053,7.6289415,12.7124605,12.560898,16.775902,18.153543,17.527706,12.403353,15.589982,9.405292,14.419857,10.458021,16.702183,18.422663,17.950884,21.490917,19.781836,21.635624,20.20166,16.351538,13.556588,13.148564,8.574801,13.049541,12.919775,10.241147,13.769344,15.900742,18.057459,19.978247,22.732813,24.403692,27.279402,25.518387,26.06124,23.816517,26.424301,24.664001,25.594248,30.529665,28.250046,24.560017,28.156103,24.74612,24.778612,26.085766,23.192688,26.568787,26.13792,24.413115,22.42555,19.21032,20.779047,18.430935,21.731894,19.256102,25.121904,21.809355,26.566,28.022943,25.413712,27.56432,26.289536,22.265354,19.207602,16.657598,18.13062,14.5425825,16.006649,13.467869,16.310476,16.058506,15.010597,17.0979,16.814194,15.782138,14.216439,15.439414,15.121707,19.54774,18.95621,23.9308,26.801758,26.457617,23.235966,25.513323,19.085484,21.478043,18.558018,21.609089
7,18.497599,16.889372,12.828042,11.389524,8.623056,6.3952146,5.1394997,0.0,5.533435,6.90304,10.517752,12.523965,16.076426,15.822078,14.5954685,11.481285,8.886605,8.9454155,6.786552,9.913354,9.093975,15.15404,15.72983,19.980244,21.87051,21.750834,16.7865,20.048754,13.887785,19.144825,14.095834,20.214481,20.708752,20.319254,23.151901,20.821255,21.949556,19.93655,16.735353,14.552648,15.0805855,11.741982,16.409103,17.427086,15.06661,18.8502,20.915401,23.138031,24.930294,27.481054,29.417362,32.277054,30.624086,30.9048,28.703924,31.15777,29.114109,29.772213,34.627,31.949165,28.324806,31.826538,28.719301,28.354708,30.054296,26.529537,29.567434,28.931997,26.452969,24.245697,21.753868,22.494411,20.609516,23.137888,20.952206,26.270277,23.055313,27.668694,29.486387,27.43432,29.614904,28.929602,24.989742,22.41259,19.647165,22.002766,17.751883,19.840939,17.043015,19.571993,18.916231,17.36683,18.20607,17.723923,15.918808,15.128521,14.8480425,15.252209,18.646725,18.280521,22.94774,25.431208,25.389585,22.518898,24.415775,18.514023,20.9323,17.726236,20.773933
8,21.287645,20.20303,16.45424,14.484202,12.565591,10.083146,6.5814576,5.533435,0.0,4.095338,6.602373,10.015112,12.598551,11.485636,11.140751,6.950337,6.420843,6.491375,7.710525,10.797382,12.466871,17.462059,18.576159,22.594942,23.512625,22.523409,17.112593,18.879,11.999026,16.797182,10.41335,16.392563,15.828043,16.373592,18.43089,16.591099,17.328342,15.743227,11.884394,9.339676,11.71601,8.836967,13.5200615,15.611903,14.821821,17.825237,21.318684,22.643745,25.153149,27.683533,29.086863,31.48694,29.472645,28.958496,26.452166,28.378193,26.060854,26.128815,30.859255,27.986197,24.431267,28.437286,26.026684,25.872229,28.598164,24.974983,28.322659,28.530746,26.088556,23.084066,19.657036,19.75729,17.05507,19.106476,16.294601,21.344584,17.756681,22.342896,24.070236,22.149433,24.298311,23.880072,20.032255,17.851433,15.183166,18.290071,14.303781,17.939255,15.995399,19.179678,19.606575,19.063255,19.852346,18.479324,16.45018,14.767719,13.860654,12.617755,16.625082,14.517101,19.340754,21.808142,21.118376,18.053871,19.531094,13.392185,15.595376,12.508773,15.817593
9,24.689602,23.332582,19.403877,17.554174,15.047598,12.781123,9.752217,6.90304,4.095338,0.0,4.033762,6.1347704,9.260457,8.979993,8.062613,5.9700713,4.6902122,7.559754,8.441982,12.372885,13.811616,18.750978,20.680176,24.551752,25.551172,24.839096,19.586843,21.330368,14.978574,20.046488,13.574033,19.78829,18.335413,19.540714,20.76936,18.966835,18.892365,17.176374,13.685656,11.478804,15.153029,12.79849,17.363443,19.606483,18.783476,21.578613,24.743935,25.947943,28.328661,30.4906,32.24124,34.533108,32.81924,31.83457,29.62701,31.502504,28.733528,28.737621,33.243687,29.906082,26.533968,30.037209,27.88017,27.248158,30.286629,26.089825,29.050318,29.154474,26.103712,22.888771,20.198635,19.542606,17.53033,18.813519,16.69773,21.093088,18.112787,22.385689,24.61165,23.283327,25.755861,25.839098,21.931145,20.17965,17.174927,20.77591,16.065691,19.809015,17.677103,20.47399,20.70496,20.02505,19.792936,18.071878,15.492966,14.343904,12.093525,11.3740835,14.25537,12.455004,16.879358,19.058456,18.79486,16.09648,17.71301,12.215569,14.963132,12.177628,15.852097
10,27.543257,26.605232,22.510782,20.95476,18.722733,15.811809,13.08403,10.517752,6.602373,4.033762,0.0,4.5339265,6.4279156,6.1652694,6.876402,6.036947,7.21104,10.243597,12.1961155,15.9067745,17.77626,22.50819,24.472658,28.307676,29.038748,28.017576,22.673174,23.709103,17.205545,21.652674,14.662713,19.810766,17.17514,18.803106,19.020927,17.270481,16.411665,14.757515,11.691873,10.223807,15.02634,13.925073,17.936714,21.051846,21.0771,23.667788,27.53514,28.398268,31.096905,33.311115,34.72148,36.77601,34.7949,33.450882,31.002277,32.434845,29.617548,29.086472,33.39159,29.959635,26.751942,30.617834,29.102182,28.595594,32.286983,28.05324,31.073296,31.63494,28.528463,24.886318,21.886208,20.555676,18.172506,18.589918,16.127832,19.600082,16.356615,20.262354,22.446764,21.604872,23.808779,24.42131,20.939514,19.853981,17.207787,21.38483,17.179379,21.830648,20.252151,23.245117,23.918888,23.58904,23.211311,21.13782,18.421755,17.088892,14.183533,12.602937,15.030734,11.687228,15.632672,17.326328,16.496004,14.001776,14.446297,9.518313,11.605265,8.7582855,12.376702
11,30.65964,29.310074,25.212622,23.572317,20.852856,18.493093,15.852943,12.523965,10.015112,6.1347704,4.5339265,0.0,4.1049004,6.056166,5.2489243,8.018403,7.92184,12.17511,13.394894,17.40586,18.929382,23.412334,26.046535,29.673965,30.521982,29.856514,24.772041,26.000765,20.12971,24.975065,18.280067,24.032206,21.248854,23.27137,23.18605,21.582502,20.3344,18.683577,15.957616,14.514875,19.548834,18.136366,22.325258,25.107742,24.743937,27.220245,30.52455,31.38599,33.841206,35.66867,37.5232,39.541836,37.968006,36.29872,34.260136,35.812744,32.591915,32.226517,36.322853,32.494457,29.474482,32.595486,31.131824,30.103651,33.819443,29.101736,31.629633,31.936218,28.285034,24.655758,22.648457,20.782646,19.400183,19.227434,17.846773,20.671925,18.468716,21.909878,24.611881,24.272831,26.885489,27.779762,24.148521,23.228432,20.214006,24.449697,19.540064,23.769394,21.893854,24.366142,24.714193,24.19069,22.880054,20.629192,17.559921,16.919891,12.977859,12.362934,13.081674,10.836746,13.863683,15.131092,15.17855,13.367446,14.396297,10.8405075,13.645266,11.717178,15.342681
12,33.777752,32.559822,28.60036,26.72865,24.228027,21.898466,18.764038,16.076426,12.598551,9.260457,6.4279156,4.1049004,0.0,3.4991999,4.4658475,8.622272,10.117303,14.0326605,16.222078,19.892445,22.136599,26.098463,28.970243,32.424614,32.81887,31.807089,26.73612,27.175432,21.54633,25.865852,19.108086,24.293108,20.66698,23.48869,22.48274,21.452711,19.589445,18.433756,15.790708,14.578297,20.602934,19.691519,23.433035,26.529396,26.829536,28.793217,32.5379,32.915382,35.620087,37.297157,38.92648,40.617035,38.981003,36.748882,34.715263,35.888313,32.4391,31.691704,35.438267,31.403572,28.66906,31.74958,30.932991,29.896286,34.23249,29.451067,31.929811,32.732582,29.07276,25.039389,22.830193,20.285496,18.78699,17.678722,16.401926,18.09495,16.247019,19.076712,21.93358,22.169064,24.827433,26.187344,22.827465,22.526932,19.704489,24.283806,19.69212,24.500948,23.179878,25.720837,26.569984,26.536434,25.109667,22.455854,19.410713,18.462437,14.220453,12.663357,12.892031,9.146355,11.267023,12.011484,11.55651,10.099946,10.498685,8.195125,10.924658,10.060678,13.709828
13,32.718987,31.560966,27.913893,25.657951,23.474548,21.395855,17.584946,15.822078,11.485636,8.979993,6.1652694,6.056166,3.4991999,0.0,3.7765923,6.281496,9.08645,12.219481,15.266087,18.49311,21.417606,24.986439,27.78888,31.142126,31.155882,29.796968,24.696728,24.603073,19.055141,22.986355,16.302649,21.367952,17.661592,20.988302,19.895847,19.39616,17.706797,17.02269,13.69643,12.015806,18.568903,17.547619,21.047237,24.06805,24.76609,26.290293,30.31355,30.366997,33.247093,34.907764,36.301373,37.81889,36.095493,33.66422,31.58671,32.6141,29.131262,28.273256,31.970573,27.958637,25.23838,28.48774,27.830448,26.980326,31.532804,26.940613,29.640564,30.785023,27.440561,23.235582,20.39725,17.891045,15.842598,14.772381,13.043891,14.975784,12.839088,15.944655,18.761318,18.787601,21.600939,22.841795,19.374022,19.118748,16.333704,20.987476,16.657171,21.822847,20.902538,23.667023,24.942036,25.309679,24.29923,21.51967,18.717274,17.194706,13.471797,10.876729,12.197438,7.140837,10.141475,11.524834,10.344048,8.01388,8.915701,4.9300966,8.456534,7.969665,12.198467
14,32.140785,30.513609,27.062294,24.482653,21.975702,20.648918,16.546389,14.5954685,11.140751,8.062613,6.876402,5.2489243,4.4658475,3.7765923,0.0,5.693715,6.8218045,10.6033945,13.0402565,16.358814,19.124678,22.403555,25.644205,28.821104,28.935255,27.896374,23.011908,23.336048,18.286913,22.828493,16.579662,22.798534,19.86811,23.090588,22.655296,22.104912,20.86384,20.019402,16.351507,14.059264,20.183475,18.211811,22.201452,24.525747,24.564505,26.056587,29.368126,29.553059,32.121685,33.490852,35.34546,36.96483,35.66153,33.230278,31.565357,32.973064,29.258972,28.897835,32.64816,28.461788,25.699842,28.238485,27.124725,25.858107,30.026114,25.128012,27.524775,28.26911,24.623053,20.59817,18.491495,16.05963,14.893257,14.202777,13.452504,16.038023,14.72229,18.005272,21.103037,20.88013,24.149286,25.042324,21.089357,20.338545,17.009176,21.312813,16.115341,20.495062,19.093899,21.44939,22.369875,22.551958,21.077972,18.265516,15.316151,14.160062,10.006383,8.205923,8.929614,5.587879,9.070407,11.00582,11.100077,8.85639,11.710126,7.7699957,12.022639,11.440402,15.782467
15,27.437984,26.003843,22.862703,19.998653,18.011694,16.787876,12.014875,11.481285,6.950337,5.9700713,6.036947,8.018403,8.622272,6.281496,5.693715,0.0,4.350687,6.048236,9.713221,12.486548,15.873183,19.21638,21.780409,25.119394,25.070618,23.656677,18.470524,18.686415,12.9533615,17.393076,10.944867,17.477552,15.363064,18.294333,18.709623,18.26691,17.922836,17.258251,12.753221,9.593365,15.301231,12.765518,16.770657,18.850327,19.04942,20.457674,24.123972,24.312855,27.072058,28.804329,30.311,32.04133,30.421225,28.410564,26.414122,27.923216,24.582611,24.329647,28.48531,24.747536,21.60612,24.884916,23.329006,22.63726,26.5208,22.195286,25.245853,26.126356,23.222324,19.371956,15.970172,14.67772,12.171929,13.013065,10.815855,15.207598,12.608321,16.888561,19.367016,18.119947,21.200916,21.382944,17.169416,15.7403555,12.403358,16.485542,11.58246,16.291485,15.055929,18.06351,19.312174,19.704937,19.462387,16.989395,14.605955,12.513234,10.262231,7.3832107,11.228221,7.7104874,12.595315,15.221013,14.484753,11.304276,13.89454,7.715352,11.539621,10.096509,14.529464
16,25.890533,23.946072,20.826431,17.86537,15.324906,14.820896,10.15846,8.886605,6.420843,4.6902122,7.21104,7.92184,10.117303,9.08645,6.8218045,4.350687,0.0,4.55768,6.2663064,9.785292,12.420515,16.08383,18.93773,22.321507,22.780334,21.977987,16.963531,18.319439,12.960401,18.303787,12.574454,19.963837,18.831161,21.02744,22.222155,21.30738,21.339453,20.228006,15.956842,12.835743,17.233646,13.858993,18.420755,19.732767,18.811537,20.648893,23.287165,24.009563,26.272451,27.86318,29.95221,32.008827,30.794994,29.209454,27.569841,29.597597,26.292053,26.640974,30.9347,27.243954,24.015644,26.665398,24.399454,23.34816,26.413754,21.88928,24.629515,24.75689,21.558754,18.235388,15.823807,15.116259,13.701362,15.208971,13.958476,18.688534,16.65959,20.918129,23.510328,22.110909,25.296114,25.188547,20.767841,18.831604,15.234228,18.60972,13.02664,16.28586,14.072367,16.57459,16.993616,16.732483,16.122778,13.957793,11.372257,9.918498,7.693222,6.88577,10.283609,9.498943,14.194157,16.91395,17.117823,14.256977,17.47036,11.766256,15.686964,13.907387,18.1771
17,23.101154,21.09636,18.682138,15.0040455,13.074551,13.509709,7.6940093,8.9454155,6.491375,7.559754,10.243597,12.17511,14.0326605,12.219481,10.6033945,6.048236,4.55768,0.0,4.6537237,6.4918594,10.393304,13.355859,15.784541,19.08478,19.148153,17.946922,12.742618,13.963383,8.437874,13.936111,8.916326,16.893225,16.922537,18.962849,20.908716,20.39439,21.189493,20.4374,15.671424,11.973633,15.414963,11.100934,15.511493,15.929712,14.922573,16.280272,18.88268,19.46195,21.806538,23.503948,25.436134,27.523237,26.260435,24.88346,23.231035,25.458706,22.341064,23.011038,27.487822,24.139624,20.73508,23.52608,20.798788,20.10113,22.769205,18.7441,21.919178,22.15993,19.690495,16.641096,13.308592,13.763389,11.682065,14.460817,12.7387295,18.42676,16.130793,20.697542,22.867447,20.77386,23.929308,23.173014,18.556879,15.993068,12.3867655,14.980462,9.532653,12.3247,10.1456,13.142217,13.943002,14.095847,14.707903,12.871667,11.19207,8.804455,9.060754,7.5620294,12.44381,11.643854,16.608177,19.696527,19.543118,16.311884,19.71516,13.405622,17.03146,15.274278,19.358433
18,21.138117,18.583792,16.157879,12.537231,9.851007,11.32763,6.2956085,6.786552,7.710525,8.441982,12.1961155,13.394894,16.222078,15.266087,13.0402565,9.713221,6.2663064,4.6537237,0.0,4.2617283,6.2225943,10.324274,12.758225,16.321507,17.313541,17.031145,12.202963,15.141075,10.39824,16.267513,12.309827,20.117725,20.846855,21.988752,24.541094,23.433788,24.476143,23.247005,18.919031,15.577151,17.710592,13.116869,17.759737,17.53918,15.212696,17.31085,18.58596,20.014244,21.666658,23.337162,25.848211,28.370022,27.46849,26.82703,25.45735,28.14584,25.32073,26.481451,31.043175,27.907036,24.480127,26.810593,23.473658,22.553083,24.159916,20.20746,22.984093,22.296034,19.684914,17.507536,15.408464,16.46412,15.388337,18.36403,17.219662,22.85641,20.765799,25.300224,27.518946,25.394344,28.452122,27.555403,22.976618,20.171984,16.679464,18.625694,13.270038,14.328041,11.133828,13.270883,12.731131,11.687337,12.216016,11.270267,9.701304,8.4740505,9.398413,10.151229,13.935456,14.87796,19.55089,22.535618,22.964153,19.987438,23.482456,17.408686,21.020655,18.85585,22.77391
19,19.924444,17.003393,15.789332,11.197868,9.29432,12.53715,7.196053,9.913354,10.797382,12.372885,15.9067745,17.40586,19.892445,18.49311,16.358814,12.486548,9.785292,6.4918594,4.2617283,0.0,5.17341,7.0087614,9.446243,12.666317,13.203398,12.769689,8.036952,11.4971895,8.140768,13.805489,11.783636,19.594395,21.353666,22.469067,25.49387,24.843807,26.364153,25.478487,20.876635,17.24963,18.659014,13.493394,17.59985,16.11533,13.381048,14.640425,14.983743,16.312857,17.685446,19.148806,21.867584,24.435556,23.853779,23.39402,22.398312,25.410484,22.700796,24.3928,28.9071,26.066095,22.676258,24.55904,20.684208,19.866236,20.675825,17.209616,20.094398,19.235044,17.33359,15.769697,13.496072,15.69226,14.730525,18.50489,17.548395,23.540968,21.700863,26.218252,28.209757,25.678368,28.810568,27.413214,22.735397,19.524027,16.140131,16.981937,11.993814,11.359007,7.825389,9.764788,9.1394005,8.3762455,10.342947,9.992778,9.709329,8.000885,11.0642805,11.601869,15.791175,17.072918,21.702702,24.931915,25.31237,22.199806,26.092741,19.849598,23.457233,21.55001,25.40932
20,17.66958,14.27662,12.902161,8.955259,6.095095,10.503944,7.6289415,9.093975,12.466871,13.811616,17.77626,18.929382,22.136599,21.417606,19.124678,15.873183,12.420515,10.393304,6.2225943,5.17341,0.0,6.3559313,7.4599285,11.318892,13.562646,14.408813,10.697586,15.452034,12.35998,17.705458,15.80442,22.99561,25.041363,25.196323,28.662457,27.294933,28.971298,27.572824,23.533915,20.375353,20.684618,15.7793,19.95638,18.397858,14.625619,17.024246,16.272827,18.696846,19.324873,21.001572,24.01557,27.044197,26.57565,27.08103,26.073902,29.310783,27.106634,28.946075,33.56801,31.006155,27.56842,29.480375,25.351585,24.539036,24.547564,21.393099,23.87038,22.223225,20.28825,19.517841,18.2175,20.42147,19.830997,23.428553,22.481274,28.389744,26.328316,30.919464,32.90233,30.398653,33.268967,31.87891,27.371944,24.11407,20.94766,21.716146,17.08816,16.087084,12.410916,13.477495,11.499762,9.054626,10.914793,11.881844,11.658032,11.3804,13.9143715,15.602028,18.943094,20.861921,25.370138,28.39623,29.057045,26.110767,29.696648,23.553627,26.966022,24.54665,28.155554
21,20.559174,16.684742,17.179966,12.462438,11.004052,16.295431,12.7124605,15.15404,17.462059,18.750978,22.50819,23.412334,26.098463,24.986439,22.403555,19.21638,16.08383,13.355859,10.324274,7.0087614,6.3559313,0.0,5.2260036,6.7485647,8.106879,9.633343,7.942215,12.781471,13.041611,17.506584,17.814022,25.091597,27.687574,28.492006,31.948488,31.346275,33.15124,32.232967,27.720537,24.120935,24.762394,19.472244,23.064049,20.339159,16.648525,17.27858,14.759485,16.523487,16.304653,16.776318,20.60228,23.397438,23.980574,24.159988,24.230986,27.785215,25.33565,27.883356,32.0547,29.549276,26.469355,27.018959,22.414513,21.22691,20.011791,17.23737,19.145197,16.856201,15.612529,16.058424,15.706602,18.866617,19.236233,23.247805,23.208363,29.078909,27.918247,32.23484,34.258087,31.600445,34.87744,33.14325,28.440657,25.017763,21.784317,21.496038,17.026134,13.789159,10.068377,9.35392,6.2703624,3.2434015,7.1022468,9.202628,10.784726,10.571298,14.861786,16.706396,19.804724,22.679918,26.797663,30.047401,30.985514,28.086748,32.54098,26.509645,30.339415,28.541218,32.414154
22,16.0652,12.034147,13.641456,9.068166,8.886483,14.722055,12.560898,15.72983,18.576159,20.680176,24.472658,26.046535,28.970243,27.78888,25.644205,21.780409,18.93773,15.784541,12.758225,9.446243,7.4599285,5.2260036,0.0,4.4089813,7.474332,9.248006,8.12304,13.642803,13.6112,17.21969,18.356491,24.52541,28.001022,27.77419,31.911438,31.015074,33.355938,32.335747,28.165283,24.875147,23.975857,18.849401,21.864204,18.521809,14.129967,15.256345,11.754377,14.647765,13.926597,15.304449,18.727495,22.05954,22.257532,23.81953,23.480116,27.187199,25.688541,28.31871,32.7006,30.93637,27.709223,28.962212,24.142302,23.696682,21.87438,20.239784,22.536617,20.398153,20.050808,20.650522,19.462646,22.94189,22.48477,26.781286,25.966022,32.09638,30.237968,34.7355,36.311813,33.29862,36.043285,33.96812,29.600992,25.942028,23.288183,22.448866,19.134256,15.922071,12.729605,12.676801,10.237271,7.981885,12.226192,14.412339,15.7977705,15.276927,19.335882,20.671911,24.32027,26.409925,30.872992,34.132095,34.685833,31.585789,35.47442,29.125875,32.408173,30.186954,33.619335
23,19.004955,14.944577,17.474613,13.113081,13.2564,19.10891,16.775902,19.980244,22.594942,24.551752,28.307676,29.673965,32.424614,31.142126,28.821104,25.119394,22.321507,19.08478,16.321507,12.666317,11.318892,6.7485647,4.4089813,0.0,4.4427314,7.674541,9.313038,14.201218,16.231655,19.056835,21.366106,27.377214,31.103266,31.159544,35.26963,34.723995,37.111774,36.292225,31.94854,28.496834,27.758816,22.568243,25.247904,21.389076,17.217676,17.284046,12.50164,14.86123,13.14004,13.388036,17.45149,20.622124,21.722229,23.305365,23.785568,27.654102,26.17129,29.247122,33.242207,31.637707,28.71539,29.05117,23.99324,23.370626,20.461233,19.462828,21.176548,18.524696,18.923534,20.482513,20.024817,23.914766,24.040293,28.429342,28.135231,34.13534,32.78534,37.08802,38.67567,35.610287,38.5339,36.278236,31.88006,28.192112,25.583635,24.149021,21.103931,16.746542,13.895611,12.691612,9.912437,8.049052,12.441787,15.124727,17.257235,16.944832,21.511887,23.01121,26.354351,28.97667,33.16769,36.49043,37.23466,34.207767,38.515316,32.276974,35.762783,33.826607,37.381298
24,21.493824,17.807327,20.386957,15.575709,15.969066,21.514942,18.153543,21.87051,23.512625,25.551172,29.038748,30.521982,32.81887,31.155882,28.935255,25.070618,22.780334,19.148153,17.313541,13.203398,13.562646,8.106879,7.474332,4.4427314,0.0,3.857368,7.6448774,11.262831,15.156699,17.122532,20.495647,26.329357,30.130632,30.766582,34.633892,34.68082,37.042427,36.621082,31.97934,28.310907,28.029465,22.782907,25.088612,20.923216,17.454544,16.200178,11.314898,12.429182,10.607001,9.812801,14.263119,17.030767,18.655497,19.609186,20.680353,24.552559,22.847532,26.182117,29.835558,28.289087,25.633833,25.349222,20.209927,19.597944,16.191193,15.743558,17.451925,15.074657,16.321157,18.070213,17.39762,21.658424,21.879206,26.37002,26.332767,32.157154,31.209627,35.25777,36.745213,33.620213,36.685036,34.27907,29.893112,26.2484,23.75545,21.761042,19.156353,13.95364,11.780929,10.031562,8.054073,7.964094,12.5931425,14.737498,17.25819,16.404085,21.374939,22.31865,25.828272,28.265661,32.281258,35.690968,36.313503,33.274193,37.830246,31.702726,35.243843,33.7332,37.366158
25,21.634098,18.43068,20.81538,15.778245,16.50636,21.514248,17.527706,21.750834,22.523409,24.839096,28.017576,29.856514,31.807089,29.796968,27.896374,23.656677,21.977987,17.946922,17.031145,12.769689,14.408813,9.633343,9.248006,7.674541,3.857368,0.0,5.489724,7.7778726,12.681001,13.789353,17.947668,23.359076,27.2802,28.172117,31.909752,32.345497,34.751373,34.631073,29.875315,26.160576,25.977207,20.830208,22.718134,18.405813,15.601701,13.42514,9.068973,9.149448,7.940576,7.2329936,11.37685,13.975397,15.33446,15.885986,16.903324,20.749195,18.998518,22.365536,26.001411,24.589773,21.95311,21.856644,16.702991,16.499428,13.328734,13.324194,15.719275,14.290235,15.945451,17.05889,15.300317,19.73473,19.410524,24.02551,23.722235,29.503166,28.49484,32.43053,33.690144,30.441793,33.420895,30.877716,26.600801,22.960238,20.716795,18.30168,16.349295,10.928951,9.557176,8.386271,8.010463,9.303474,13.9530525,15.272477,17.59983,16.023273,20.990814,21.133587,25.11591,26.830387,30.899183,34.353546,34.633396,31.49399,35.90951,29.785196,33.122887,31.821669,35.347893
26,19.360582,16.447706,17.5854,12.356757,12.712821,17.02741,12.403353,16.7865,17.112593,19.586843,22.673174,24.772041,26.73612,24.696728,23.011908,18.470524,16.963531,12.742618,12.202963,8.036952,10.697586,7.942215,8.12304,9.313038,7.6448774,5.489724,0.0,5.545837,7.515859,10.179281,12.858757,19.029896,22.526741,23.451965,27.084438,27.284328,29.54593,29.305092,24.540426,20.821733,20.910059,15.653435,18.049078,14.394884,11.680636,10.355625,8.4813175,9.06353,9.938869,11.13532,13.951242,16.591785,16.503832,16.618908,16.317825,19.887718,17.78758,20.462633,24.72107,22.841894,19.693813,20.927551,16.18036,16.103529,15.064513,13.6013155,16.845814,16.149096,16.44953,16.098259,13.157065,17.073187,15.894305,20.519255,19.561989,25.633108,24.04529,28.276014,29.604546,26.41533,29.335657,27.048855,22.622871,18.946436,16.416676,14.852601,12.141678,8.179519,5.9700904,7.070897,7.4303074,8.486333,12.8807,13.394481,14.850822,12.736379,17.222675,16.908487,21.42237,22.405205,26.827862,30.2545,30.284924,27.020157,31.060505,24.761639,27.972595,26.469421,29.978304
27,23.245647,20.949055,21.970161,16.915382,17.465372,20.854424,15.589982,20.048754,18.879,21.330368,23.709103,26.000765,27.175432,24.603073,23.336048,18.686415,18.319439,13.963383,15.141075,11.4971895,15.452034,12.781471,13.642803,14.201218,11.262831,7.7778726,5.545837,0.0,7.322291,7.3950152,11.823847,17.145102,20.498898,22.404299,25.436829,26.577911,28.699638,29.09539,24.0931,20.26356,21.115385,16.31047,17.843668,14.271912,13.402054,10.160238,10.031835,8.010783,10.08272,10.570062,12.327596,13.882497,13.691053,12.071593,12.072074,15.387905,12.592096,15.438082,19.418167,17.47437,14.525193,15.47414,10.739971,11.179849,10.937126,10.060746,14.013657,14.768698,15.786726,14.809334,10.534625,14.622415,12.891205,17.570164,16.641012,22.344128,21.18377,24.972307,26.027796,22.728325,25.773457,23.287687,18.93809,15.395027,13.211029,10.620419,9.186156,4.1625876,5.2709217,6.946715,9.694309,12.300894,15.882018,15.430011,16.828253,14.026131,18.250128,16.748783,21.462767,21.601072,25.692968,29.123718,28.767374,25.50888,29.59107,23.623152,26.652252,25.839127,29.265875
28,19.886253,18.197887,17.580141,13.090306,13.249004,14.966118,9.405292,13.887785,11.999026,14.978574,17.205545,20.12971,21.54633,19.055141,18.286913,12.9533615,12.960401,8.437874,10.39824,8.140768,12.35998,13.041611,13.6112,16.231655,15.156699,12.681001,7.515859,7.322291,0.0,5.8765626,5.35228,12.356926,15.135152,16.53923,19.740292,20.123413,22.197178,22.20083,17.286263,13.516349,14.316169,9.288485,11.825616,9.729714,9.119926,8.384251,11.503022,11.370468,14.263726,16.460564,17.539082,19.621101,17.928867,17.167286,15.202811,17.805733,15.449937,16.76776,21.561832,19.340218,15.711019,19.044888,15.537777,16.1092,17.764603,15.6070795,19.605658,20.318056,19.777822,17.579811,12.760174,15.280481,12.132383,16.381516,13.915949,20.111835,17.47732,21.949316,23.030775,19.809826,22.44876,20.418402,16.001911,12.380783,9.8403425,9.55665,6.9153147,7.657185,7.0077577,10.747979,12.610682,13.834713,16.814795,15.8926935,15.924297,12.95422,15.746626,13.719219,19.076645,17.912855,22.672047,25.950232,25.180862,21.709877,24.844,18.405378,21.014297,19.491228,22.770103
29,21.313437,20.342405,20.61099,16.471395,17.675938,19.148802,14.419857,19.144825,16.797182,20.046488,21.652674,24.975065,25.865852,22.986355,22.828493,17.393076,18.303787,13.936111,16.267513,13.805489,17.705458,17.506584,17.21969,19.056835,17.122532,13.789353,10.179281,7.3950152,5.8765626,0.0,7.2115865,9.964473,14.177542,15.486954,18.812357,20.148655,22.689327,23.39949,18.727179,15.393736,15.129706,11.255948,11.315325,8.022142,9.514208,5.8594127,10.417371,8.609925,12.362005,14.806076,14.324878,15.827046,13.271257,12.496991,9.679412,12.081651,10.513876,11.881719,16.800722,15.666774,12.098147,16.287348,13.047881,14.972364,16.479628,16.036667,20.317987,21.809338,22.41843,20.433403,14.97694,17.763866,14.025008,18.156256,15.245614,20.859531,18.114798,22.05727,22.248747,18.511106,20.5249,17.72448,13.972332,10.168709,9.446812,6.574009,8.540454,8.755681,10.363388,13.583292,16.15012,18.027348,21.496988,20.667484,21.11254,17.979248,20.927313,18.3016,23.668018,21.772326,26.208088,29.408972,28.113909,24.647423,27.311365,21.232986,23.027494,21.933668,24.55074
30,21.570915,20.790617,19.195307,15.720063,15.824534,15.523156,10.458021,14.095834,10.41335,13.574033,14.662713,18.280067,19.108086,16.302649,16.579662,10.944867,12.574454,8.916326,12.309827,11.783636,15.80442,17.814022,18.356491,21.366106,20.495647,17.947668,12.858757,11.823847,5.35228,7.2115865,0.0,8.237663,9.918323,11.816841,14.502873,15.079471,16.988985,17.27991,12.282837,8.571535,10.151312,6.1943636,8.36297,8.724441,10.331221,10.316433,15.404439,15.045604,18.461102,20.991385,21.229755,22.94943,20.446495,19.350073,16.45396,18.046946,15.875291,15.873425,20.755629,18.501257,14.786074,19.622522,17.348816,18.339191,21.291353,19.041391,23.148952,24.50678,23.632698,20.650082,15.296466,16.53632,12.257652,15.516336,11.689656,17.484085,13.71984,18.295902,19.005905,15.801117,17.9471,16.216108,12.063396,8.781744,6.7898054,8.345591,7.0936985,11.211928,11.474455,15.378032,17.520212,18.697407,21.043215,19.575123,18.873447,15.802879,17.130318,14.072474,19.488495,16.53846,21.287579,24.263735,22.764462,19.240376,21.250465,14.878044,16.587452,15.010532,17.881733
31,23.152994,23.812485,22.49584,20.220058,21.393194,19.939093,16.702183,20.214481,16.392563,19.78829,19.810766,24.032206,24.293108,21.367952,22.798534,17.477552,19.963837,16.893225,20.117725,19.594395,22.99561,25.091597,24.52541,27.377214,26.329357,23.359076,19.029896,17.145102,12.356926,9.964473,8.237663,0.0,6.0368214,5.9977603,9.3749695,11.098223,14.0501585,15.371351,11.756183,10.196197,8.490223,8.717639,5.565374,7.6464276,12.260229,11.644742,18.1083,17.297617,21.08244,24.222738,22.790922,24.038307,20.250761,19.865337,15.644917,15.778778,15.56101,14.129332,18.775301,18.218107,14.914163,21.46152,20.29858,22.533909,25.537733,24.674696,28.968916,30.91956,30.793306,27.858479,22.04099,23.15577,18.307264,20.790478,16.144463,20.399652,15.706624,19.313414,18.33889,14.712414,14.602697,12.133427,10.328374,8.038899,10.007704,10.165358,13.448906,17.323542,18.662731,22.416355,24.83375,26.170265,29.010931,27.691397,27.102133,23.985056,25.13292,21.667671,26.914053,22.811525,27.092602,29.645277,27.258204,23.923317,24.20139,18.792276,18.349712,16.93655,17.874199
32,27.491852,28.02604,25.818369,23.732689,24.117311,21.863285,18.422663,20.708752,15.828043,18.335413,17.17514,21.248854,20.66698,17.661592,19.86811,15.363064,18.831161,16.922537,20.846855,21.353666,25.041363,27.687574,28.001022,31.103266,30.130632,27.2802,22.526741,20.498898,15.135152,14.177542,9.918323,6.0368214,0.0,5.9972663,5.2299533,8.146367,9.572359,11.593755,7.8962913,7.1169977,9.021303,10.717994,9.236366,13.023044,17.02512,16.996046,23.284412,22.39483,26.202765,28.965881,27.942636,28.949018,25.480368,24.028685,20.192858,19.849335,18.620718,16.402792,20.440453,18.913795,15.957436,22.483086,22.3228,24.057283,28.205967,26.454699,30.55585,32.81298,31.981525,28.36821,22.657059,22.550735,17.579279,18.754532,13.753401,16.77828,11.472468,14.750649,13.719071,10.760989,10.377605,9.326229,7.9070597,7.634923,9.47474,11.982277,14.111509,19.500723,20.788235,24.620998,27.175179,28.541046,30.515335,28.608429,27.432192,24.367891,24.323858,20.377817,25.079771,19.900578,23.665121,25.755325,22.893469,19.815733,19.035275,14.414057,12.974837,12.093444,12.610478
33,23.901592,25.254099,22.941298,21.890553,22.830902,19.82423,17.950884,20.319254,16.373592,19.540714,18.803106,23.27137,23.48869,20.988302,23.090588,18.294333,21.02744,18.962849,21.988752,22.469067,25.196323,28.492006,27.77419,31.159544,30.766582,28.172117,23.451965,22.404299,16.53923,15.486954,11.816841,5.9977603,5.9972663,0.0,5.463959,5.531936,9.1827755,10.338868,8.3727045,9.0518875,5.6039166,9.441463,6.172518,11.0016985,15.055976,16.178385,22.551178,22.498293,26.11105,29.558287,28.226358,29.72427,25.780914,25.81597,21.496927,21.422205,21.43432,19.61829,23.92574,23.318075,20.209276,26.885605,26.026934,28.029963,31.283667,29.97023,34.207302,35.991074,35.351707,32.158775,26.555481,27.074915,22.230135,24.023413,19.097239,22.64681,17.285608,20.655155,19.499353,16.61147,15.407993,14.034601,13.432436,12.409183,14.143171,15.644773,17.860332,22.405884,23.178219,27.051796,29.101341,29.94077,32.44322,31.070429,29.974482,27.119482,27.387928,24.028055,28.924223,24.212803,28.369423,30.482166,27.802427,24.697536,23.574257,18.733183,17.021324,14.934193,14.51793
34,29.161367,30.342958,27.716557,26.529333,27.009594,23.800625,21.490917,23.151901,18.43089,20.76936,19.020927,23.18605,22.48274,19.895847,22.655296,18.709623,22.222155,20.908716,24.541094,25.49387,28.662457,31.948488,31.911438,35.26963,34.633892,31.909752,27.084438,25.436829,19.740292,18.812357,14.502873,9.3749695,5.2299533,5.463959,0.0,4.6671247,5.9938083,8.73196,7.6390843,9.438384,9.621597,13.444064,11.250403,15.947366,20.031288,20.710514,27.13447,26.597698,30.361614,33.443077,32.13792,33.2206,29.406513,28.464035,24.330084,23.640068,23.100512,20.553482,24.215475,23.209248,20.56548,27.26495,27.372112,29.22391,33.346878,31.683058,35.78289,38.00058,37.0648,33.39469,27.778738,27.453026,22.54319,23.280275,18.29125,20.410765,14.966504,17.44137,15.852399,13.713465,11.663552,11.4591255,12.004739,12.584759,14.660466,17.07326,19.262222,24.645891,25.74207,29.615345,31.977133,33.073677,35.020416,33.17188,31.774015,28.87663,28.398352,24.583836,28.9818,23.433313,26.912119,28.55933,25.398417,22.660286,20.477156,16.862213,13.994509,12.7924,11.387793
35,26.864237,28.29799,25.118786,24.679031,25.032217,21.048176,19.781836,20.821255,16.591099,18.966835,17.270481,21.582502,21.452711,19.39616,22.104912,18.26691,21.30738,20.39439,23.433788,24.843807,27.294933,31.346275,31.015074,34.723995,34.68082,32.345497,27.284328,26.577911,20.123413,20.148655,15.079471,11.098223,8.146367,5.531936,4.6671247,0.0,4.0955706,5.1781864,5.7645164,8.836811,7.280208,12.17436,10.547905,15.866269,19.2427,21.090548,27.291233,27.495832,31.054493,34.43857,33.437584,34.99472,31.184977,30.911552,26.731674,26.565876,26.135061,24.050457,28.098679,26.985538,24.032999,30.584671,30.095356,31.723343,35.48024,33.535336,37.631077,39.384224,38.15767,34.612556,29.293398,29.072676,24.378944,25.352959,20.455091,23.134731,17.589378,20.560072,19.557035,17.626379,16.077711,15.98902,15.83005,15.728587,16.993113,19.632147,20.830154,26.054699,26.487951,30.389534,32.267315,32.84922,34.749874,33.128952,31.534101,28.926373,28.227938,24.908201,29.212997,23.972002,27.729845,29.330091,26.438704,23.70321,21.330837,17.416698,14.61379,12.204091,10.404271
36,30.220564,31.410883,27.905746,27.37923,27.276403,23.146955,21.635624,21.949556,17.328342,18.892365,16.411665,20.3344,19.589445,17.706797,20.86384,17.922836,21.339453,21.189493,24.476143,26.364153,28.971298,33.15124,33.355938,37.111774,37.042427,34.751373,29.54593,28.699638,22.197178,22.689327,16.988985,14.0501585,9.572359,9.1827755,5.9938083,4.0955706,0.0,3.4042406,5.5620465,9.3397,10.443559,14.792267,14.035964,19.320414,22.522852,24.298008,30.443047,30.495808,34.09983,37.24686,36.473904,37.897144,34.274406,33.421886,29.44485,29.13825,28.189016,25.873571,29.632742,28.038868,25.296824,31.620209,31.564116,32.902966,37.16758,34.78337,38.71815,40.60502,39.005486,35.153492,30.032408,29.179588,24.643494,24.872715,20.140951,21.916147,16.501175,18.951284,18.106836,16.984312,15.440775,16.312529,16.335392,16.955065,17.942245,21.283669,21.931705,27.634668,28.052732,31.91061,33.849075,34.47051,35.855682,33.92577,32.035553,29.531507,28.157137,24.715996,28.485228,22.803167,26.04293,27.22668,24.127428,21.744812,18.499475,15.591546,11.962269,9.899706,6.9814415
