,0,1,2,3,4,5,6,7,8,9,10,11,12,13,14,15,16,17,18,19,20,21,22,23,24,25,26,27,28,29,30,31,32,33,34,35,36,37,38,39,40,41,42,43,44,45,46,47,48,49,50,51,52,53,54,55,56,57,58,59,60,61,62,63,64,65,66,67,68,69,70,71,72,73,74,75,76,77,78,79,80,81,82,83,84,85,86,87,88,89,90,91,92,93,94,95,96,97,98,99,100,101,102,103,104,105,106,107,108,109
0,0.0,4.264409,6.429619,9.385131,12.022481,13.970756,17.368752,21.076513,24.329725,27.574873,30.950623,33.67035,35.59149,36.29968,33.634197,33.61679,32.23098,29.939968,32.374233,28.410654,31.21397,30.212494,33.24379,31.150576,30.8563,26.682156,30.430643,32.2553,28.537004,32.83464,31.621386,36.062214,39.9756,40.413162,43.547874,45.360447,48.69328,47.992584,44.66279,41.18633,43.598766,39.17519,37.844173,35.130733,35.708427,32.841515,30.339512,33.615444,35.541744,35.140205,34.05961,36.132183,33.572956,36.558887,37.043255,40.974876,38.229652,41.486855,42.07092,39.372498,36.707184,34.489094,31.156212,27.627796,24.97704,21.200296,20.179575,16.792526,16.918663,13.723261,16.06495,20.764648,20.775398,26.27168,26.626936,30.591852,32.734352,34.815952,38.153847,39.599876,40.662743,37.451546,35.174057,32.85446,28.867762,29.952435,24.200953,24.811012,20.792545,21.169933,17.966011,19.105587,15.822746,17.571478,20.649656,22.633581,19.316656,23.451166,21.043205,26.518349,26.042572,29.138977,32.38573,30.866629,27.850826,29.831856,25.339745,24.251774,23.651459,21.39838
1,4.264409,0.0,5.280057,6.4704337,8.768955,11.988706,14.228261,18.930994,21.48441,25.060663,28.22007,30.60971,32.444668,32.854546,30.141443,29.807196,28.353786,25.87547,28.28462,24.217236,27.020683,26.206669,29.193558,27.031366,27.03206,22.911835,26.578281,28.204288,24.326826,28.587334,27.453165,31.823507,35.918232,36.3494,39.497765,41.41311,44.643356,43.88409,40.510628,36.98519,39.430084,34.96069,33.73846,31.062092,31.6072,28.87189,26.44688,29.929163,31.920599,31.65815,30.525414,32.90135,30.583912,33.476406,33.581673,37.53062,34.583702,37.750248,38.438583,35.99892,33.185165,31.367085,27.814137,24.570047,22.0063,18.207844,17.659369,13.813406,14.261515,10.259006,12.040668,16.949596,16.990652,22.555082,23.225412,26.951258,29.419441,31.428127,34.78125,36.446426,37.284718,33.920525,31.801727,29.24231,25.209146,26.043036,20.291254,20.595201,16.540329,16.972458,13.902838,15.365596,12.360899,13.725201,16.646399,18.483341,15.231675,19.378681,17.090067,22.781145,22.429495,25.818308,29.182335,27.86595,24.72647,27.076452,22.155392,21.688822,20.895802,19.29196
2,6.429619,5.280057,0.0,5.242927,6.6046505,8.211138,11.538259,14.988901,18.45561,21.42966,25.26845,27.829739,30.126623,30.949083,28.834448,28.810677,28.240868,25.874437,29.205677,25.486372,28.789198,28.583845,31.786928,29.393343,30.23297,26.143198,29.141527,30.384089,25.44354,29.5632,27.613167,32.19732,35.135338,35.69735,38.64154,40.212254,43.821487,43.259056,40.192314,37.038586,39.216747,35.363346,33.50901,31.374617,32.923874,30.090118,28.241798,31.935175,33.540394,32.9384,31.23562,33.409386,30.550045,32.902752,33.118073,36.678436,33.628414,36.822445,36.957153,34.16872,31.492212,29.495672,26.59148,23.00035,21.641718,17.139786,17.102968,13.562433,15.7188835,11.984222,12.927308,17.3549,16.174719,22.032358,21.16719,25.334663,27.042513,28.978254,32.267162,33.50124,34.662388,31.63406,29.20303,27.16057,23.267324,24.849371,19.164997,20.948446,17.517319,18.954224,16.845253,18.888412,16.592709,17.134737,19.542215,20.578856,16.977667,19.904005,16.767918,21.969894,20.723059,23.735596,26.81605,24.899405,21.90469,23.495943,19.268724,17.92698,17.71615,15.515733
3,9.385131,6.4704337,5.242927,0.0,3.8689191,6.113325,8.600706,12.92343,15.291435,18.983768,21.84603,24.48705,26.243263,26.940145,24.318253,24.488312,23.45474,21.428686,24.525745,21.148064,24.65874,24.2208,27.951286,26.035524,27.34125,23.718096,26.975662,27.694492,22.4962,26.243923,24.65713,28.51802,31.932999,31.818663,35.192535,36.63716,40.087555,39.74877,36.380123,33.141163,35.915344,32.186794,30.718054,29.016493,30.389366,28.106049,26.383732,30.472073,32.33997,32.144096,30.444862,33.22859,30.884888,33.010857,32.431824,35.922523,32.31394,35.219875,35.371487,33.18338,30.141365,29.199583,26.067795,23.082777,22.187948,17.680746,18.560625,14.447501,16.882416,12.099875,11.3194895,16.168884,14.572271,20.780336,19.940226,23.593668,25.752558,27.207678,30.458706,31.891409,32.42532,29.26002,26.443583,24.160954,20.519932,21.316067,16.171085,17.37441,14.181887,16.050056,14.112108,16.781912,14.581495,13.628699,15.745344,16.46177,12.505569,15.306436,12.356148,17.386854,16.87683,19.780321,23.058834,21.81697,18.833618,21.672314,17.35713,17.214085,17.49027,16.510914
4,12.022481,8.768955,6.6046505,3.8689191,0.0,5.4494047,5.4717603,10.908806,12.926274,16.509613,19.903406,22.004333,24.180136,24.662579,22.579218,22.26155,21.895199,19.422726,23.131907,19.649406,23.257486,23.576788,26.950693,24.59891,26.437365,22.791162,25.339815,25.852053,20.089237,23.838589,21.727589,25.97787,28.79595,29.125046,32.18007,33.692398,37.269886,36.805557,33.687454,30.606745,32.95594,29.40297,27.563396,25.976723,27.900536,25.49998,24.15945,28.320272,29.914986,29.5397,27.536123,30.27193,27.795834,29.627981,28.98366,32.3239,28.689283,31.61792,31.65139,29.36679,26.36355,25.407001,22.414598,19.44895,19.135578,14.442613,15.881519,11.894363,15.307068,10.731901,9.069824,13.324353,11.108008,17.360456,16.104866,19.86581,21.918142,23.4712,26.749714,28.217934,28.900448,25.713634,23.192728,20.891287,17.064322,18.315916,12.858794,14.8776655,12.058937,14.453255,13.477248,16.366,15.119779,14.046279,15.532232,15.615061,11.994415,13.803412,10.356662,15.544768,14.223161,17.55395,20.785208,19.173317,16.006351,18.428679,13.717261,13.66288,13.699359,13.082886
5,13.970756,11.988706,8.211138,6.113325,5.4494047,0.0,5.959022,7.21072,10.842335,13.776786,17.274069,20.274576,22.491209,23.80546,21.963932,22.729935,22.872736,21.27471,25.380716,22.775572,26.757795,26.992754,30.941505,28.966501,31.225754,27.853876,30.372864,30.529634,24.288038,27.553883,25.133923,28.838762,30.76422,30.546928,33.738583,34.612156,38.4712,38.5019,35.493156,32.80258,35.38334,32.60459,30.503798,29.715899,32.195267,30.041893,29.06229,33.343307,34.81298,34.363235,32.079098,34.74042,32.013317,33.367294,32.654026,35.542126,31.678902,34.429897,33.846573,31.494375,28.562998,27.875893,25.629303,22.6008,23.391384,18.419756,20.109112,16.551622,20.373077,16.057888,14.355496,18.1587,15.11369,21.24705,18.35485,22.19458,23.360779,24.406366,27.459686,28.309343,29.00323,26.34362,22.874866,21.369942,18.251633,19.790667,15.413882,18.382471,16.424955,19.31247,18.520767,21.560202,20.047878,18.411188,19.798077,19.532356,15.591324,16.38631,12.670114,16.194153,14.578629,16.558771,19.35343,17.46316,14.828258,17.045988,14.134613,13.223481,14.893785,13.838711
6,17.368752,14.228261,11.538259,8.600706,5.4717603,5.959022,0.0,6.8802843,7.677235,11.326845,14.794083,16.60639,19.045282,19.609188,18.116705,17.893776,18.523596,16.271317,20.874582,18.175356,22.16879,23.225462,26.742859,24.465878,27.401136,24.300518,26.070658,25.788279,19.055756,22.092422,19.357155,23.184475,24.885933,25.006454,27.998476,29.114084,32.93328,32.756752,29.849209,27.18863,29.499178,26.797342,24.568579,23.990154,26.830803,24.854977,24.34009,28.750267,30.053991,29.66576,27.182508,30.097246,27.67362,28.674595,27.434822,30.194513,26.07479,28.690971,28.18405,26.15182,23.031948,22.970438,20.582859,18.1268,19.573082,14.841175,17.465818,14.029927,18.432343,14.260316,11.093182,13.851023,10.122644,16.036633,13.045787,16.50949,18.099216,19.075949,22.2119,23.483212,23.929663,20.939375,17.938196,15.92613,12.492668,14.053208,9.49138,13.042856,11.885578,15.34009,15.784014,19.053347,18.705536,16.544739,17.006779,15.913369,12.630249,12.072165,8.061291,11.781608,9.431761,12.515481,15.567412,13.72397,10.5467205,13.2685175,9.0143,9.719989,10.9216,11.587569
7,21.076513,18.930994,14.988901,12.92343,10.908806,7.21072,6.8802843,0.0,5.3833356,6.772888,11.162953,14.092449,16.923918,18.728605,18.142897,19.296888,20.986166,19.871374,24.875208,23.289722,27.502407,28.605955,32.522346,30.559496,33.90366,31.036192,32.621372,32.01171,24.922403,27.331059,24.177498,27.339207,27.47211,27.099356,29.96649,30.169819,34.365932,34.80821,32.28603,30.327894,32.621693,31.079689,28.424398,28.856794,32.433704,30.686321,30.637136,35.045116,36.08841,35.52055,32.694553,35.35477,32.58311,32.923664,31.71993,33.775055,29.556635,31.887302,30.503279,28.33974,25.515965,25.6952,24.487642,22.010601,24.743612,19.883362,22.594805,19.754213,24.522408,20.674173,17.870657,20.186432,16.00631,21.218382,16.33437,19.674078,19.745815,19.979382,22.613682,22.857126,23.447895,21.425505,17.244331,16.73693,14.688621,16.83149,14.23358,18.666924,18.398214,22.04922,22.567799,25.879408,25.274004,22.876,23.32459,21.9887,18.593838,17.11437,13.32301,14.364855,11.444751,11.992147,13.896028,11.206392,9.231967,10.802802,10.305672,9.374827,12.900944,12.981468
8,24.329725,21.48441,18.45561,15.291435,12.926274,10.842335,7.677235,5.3833356,0.0,4.591652,7.1881766,9.444057,12.055975,13.472392,12.975154,14.002918,16.15548,15.316471,20.535532,19.645327,23.868769,25.35619,29.258757,27.57384,31.55294,29.28686,30.488716,29.267498,21.98941,23.65723,20.595982,22.917524,22.857145,21.961628,25.046087,25.089079,29.209291,29.835888,27.214317,25.399654,27.984285,26.900312,24.441618,25.580782,29.271175,28.12133,28.50434,33.036484,34.08369,33.800076,30.94153,34.000034,31.77572,31.748882,29.770203,31.56103,26.891191,28.79325,27.373682,25.964464,22.86097,24.311342,23.055283,21.487026,24.704678,20.326912,23.636465,20.794176,25.532228,21.600327,17.842333,19.45608,15.096479,19.61712,14.772668,17.026627,17.465975,16.97369,19.426258,19.986683,19.72978,17.548285,12.959122,12.209773,10.882204,12.254048,11.333582,15.614148,16.516964,20.442171,21.757244,25.205244,25.24081,22.069443,21.74046,19.699049,16.91173,13.973092,10.71565,9.881432,6.7125554,6.6470475,8.774883,6.6889935,4.4520726,8.702088,8.368676,9.968406,13.306673,15.06312
9,27.574873,25.060663,21.42966,18.983768,16.509613,13.776786,11.326845,6.772888,4.591652,0.0,6.133979,8.006798,11.590096,13.640995,14.673336,15.94108,19.14467,18.569773,23.990898,23.481247,27.599014,29.443039,33.13321,31.316067,35.52236,33.276867,34.033432,32.69417,25.25592,26.632322,23.103691,25.359167,23.804459,23.158112,25.652859,25.16793,29.554827,30.410292,28.380804,27.202908,29.22888,28.965864,26.018032,27.695877,32.023678,30.857948,31.639595,36.035786,36.744762,36.21635,33.07455,35.811283,33.320564,32.756485,30.894804,32.11344,27.567715,29.281815,27.23774,25.645945,22.923613,24.3892,24.057486,22.545248,26.658314,22.361425,25.772871,23.484556,28.557444,25.06009,21.490402,22.538029,17.970797,21.78535,15.872303,17.965952,17.169334,16.246204,18.208328,17.951479,18.019497,16.701855,11.7518835,12.450434,12.170161,14.378049,14.330478,19.228785,20.495539,24.437347,25.982365,29.367846,29.532457,26.554543,26.183258,24.033953,21.420937,18.218918,15.08191,13.5779,9.962827,8.55313,8.85695,5.2262106,5.0288124,6.111874,9.219639,9.671519,13.838469,15.478531
10,30.950623,28.22007,25.26845,21.84603,19.903406,17.274069,14.794083,11.162953,7.1881766,6.133979,0.0,4.8429937,6.3313756,9.341508,10.116354,12.911689,16.029259,16.915161,21.75845,22.550108,26.601866,28.168518,32.290806,31.287119,35.851982,34.31408,35.238945,33.356415,26.153366,26.65378,23.810932,24.45652,23.13124,20.953127,24.105684,22.948448,27.035517,28.565989,26.219791,25.293287,28.241396,28.628698,26.359177,28.818594,32.76456,32.387264,33.306973,37.831482,38.775246,38.68365,35.726353,38.91881,37.019875,36.350628,33.7915,34.832558,29.88336,31.035063,29.018427,28.417397,25.473072,28.172655,27.6407,26.829414,30.796429,26.779535,30.342043,27.706608,32.442535,28.517954,24.478231,25.65992,21.316086,24.883253,19.682783,20.690956,20.435204,18.668514,20.101149,19.982836,18.70972,17.641602,11.9737015,12.793202,13.9790745,14.34815,16.362326,20.052534,21.998964,25.92371,27.60224,31.084877,31.286217,27.48196,26.68033,24.183023,21.877234,17.895905,15.784375,12.001696,10.112306,6.025769,4.8211036,4.714042,6.6850386,10.472242,13.403424,15.290124,19.030817,21.18973
11,33.67035,30.60971,27.829739,24.48705,22.004333,20.274576,16.60639,14.092449,9.444057,8.006798,4.8429937,0.0,4.4932656,6.254924,9.308196,10.733038,15.182613,15.723504,20.77906,21.84314,25.559961,27.862997,31.356844,30.159685,35.131477,33.88925,34.064816,31.84459,24.640669,24.553255,21.427671,21.734169,19.16202,17.253313,19.870556,18.515442,22.768452,24.292774,22.391905,21.97119,24.365992,25.467905,22.95286,26.040062,30.431128,30.320986,31.774723,36.121128,36.765114,36.64922,33.556892,36.69945,35.045853,33.88389,30.9729,31.537788,26.533361,27.295053,25.041052,24.884212,22.04736,25.493645,25.362139,25.234035,29.771906,26.306507,30.159155,27.97578,32.776,29.302341,24.993029,25.198076,20.90206,23.311504,18.028433,18.06611,17.524277,15.153896,16.10583,16.030684,14.213514,13.392186,7.6785765,9.169746,11.661372,12.002707,15.456274,19.232403,21.982578,25.85068,28.215778,31.565908,32.41103,28.64979,27.372557,24.491322,22.916302,18.238321,16.572826,12.273808,9.841345,6.053348,3.024,3.234104,6.343278,9.227833,12.592865,15.285338,18.535334,21.48401
12,35.59149,32.444668,30.126623,26.243263,24.180136,22.491209,19.045282,16.923918,12.055975,11.590096,6.3313756,4.4932656,0.0,3.8426135,6.4522023,9.405286,13.306711,15.1397705,19.367085,21.416683,24.970448,26.906649,30.712486,30.194336,35.263893,34.523804,34.94552,32.429504,25.618063,24.977095,22.591892,21.653545,19.766146,16.478613,19.767704,17.974995,21.740707,23.792917,21.49413,21.15657,24.434166,25.821766,24.038021,27.443033,31.286953,31.72129,33.12068,37.514725,38.39652,38.621536,35.764767,39.21582,37.97314,36.91832,33.641037,34.242237,29.073187,29.514135,27.496965,27.975843,25.007383,28.986122,28.525785,28.685726,32.84138,29.491814,33.315674,30.827482,35.315434,31.530773,27.052895,27.52654,23.51069,25.957928,21.428442,21.038694,21.087902,18.546516,19.275122,19.450342,16.889565,16.09875,10.798328,11.689948,14.466707,13.366849,17.637236,20.290648,23.247952,26.963297,29.256742,32.60895,33.388016,29.146452,27.64902,24.658049,23.303959,18.394493,17.53258,12.112796,11.420513,6.8574753,3.6409132,7.282922,9.736922,13.66551,16.276562,19.347198,22.42285,25.412868
13,36.29968,32.854546,30.949083,26.940145,24.662579,23.80546,19.609188,18.728605,13.472392,13.640995,9.341508,6.254924,3.8426135,0.0,5.203907,6.378796,11.017424,12.671007,16.752502,19.07764,22.295689,24.643332,28.0167,27.514654,32.798393,32.3853,32.419933,29.648165,23.074245,21.931889,19.731218,18.210197,16.242527,12.652929,16.091875,14.453587,18.13413,20.090115,17.6608,17.364952,20.709564,22.293825,20.73112,24.42878,28.192064,28.955334,30.58611,34.85834,35.685944,36.055702,33.28979,36.860508,35.995144,34.845627,31.235165,31.759375,26.521124,26.704206,24.91618,25.90483,22.85257,27.366072,26.741089,27.418839,31.495235,28.608877,32.519703,30.17157,34.44555,30.875118,26.220247,26.17179,22.456879,24.189753,20.30509,19.180456,19.68625,17.01042,17.61952,18.346977,15.274981,14.101332,9.608224,9.777598,12.991717,11.057056,16.31097,18.35991,21.8241,25.341791,28.039495,31.237568,32.453754,28.184492,26.306627,23.080515,22.365028,17.072453,16.824509,11.157845,10.808227,7.266196,4.937899,8.687817,10.446562,14.489677,16.12393,19.88871,22.322329,25.776375
14,33.634197,30.141443,28.834448,24.318253,22.579218,21.963932,18.116705,18.142897,12.975154,14.673336,10.116354,9.308196,6.4522023,5.203907,0.0,5.031215,7.0806384,9.901094,13.293952,15.894825,19.317356,20.857025,24.919294,24.961145,29.946808,29.64751,30.445642,27.79137,21.556763,20.660608,19.32767,17.541317,18.041353,13.847674,18.314713,17.412756,20.468071,22.192738,18.81383,17.48642,21.96054,22.384798,21.626476,24.586866,27.391388,28.23946,29.291302,33.737114,35.04046,35.715103,33.314003,37.20298,36.52292,36.010845,32.43845,33.6276,28.337246,28.827429,27.694294,28.599995,25.229548,29.370058,27.901844,28.289574,31.42436,28.362448,32.024456,29.13092,32.95637,28.919748,24.282963,25.004852,21.644197,24.178074,21.253777,20.586231,22.06516,19.99499,21.229683,22.42874,19.625956,17.69699,13.424237,12.288631,14.100757,11.152759,15.571593,16.41734,19.46483,22.812206,25.056822,28.283085,29.159904,24.529364,22.68822,19.597689,18.753504,13.669023,14.0238495,7.854368,9.659488,6.543933,6.5371866,10.73307,11.349682,16.847473,17.015268,20.934376,23.16916,26.341057
15,33.61679,29.807196,28.810677,24.488312,22.26155,22.729935,17.893776,19.296888,14.002918,15.94108,12.911689,10.733038,9.405286,6.378796,5.031215,0.0,5.4972577,6.473284,10.562287,12.836504,15.921123,18.432236,21.640182,21.228004,26.52889,26.382273,26.489746,23.6175,17.399282,16.078726,14.638937,12.676939,13.274945,9.472563,14.016059,13.957357,17.026718,18.118256,14.598693,12.919285,17.171534,17.394234,16.631718,19.724442,22.66563,23.679552,25.064714,29.366617,30.502386,31.215502,28.831568,32.766373,32.40505,31.778124,27.948734,29.113274,23.821001,24.188335,23.3884,24.628323,21.19076,25.684395,24.03581,24.97003,28.068262,25.606833,29.36211,26.811459,30.46212,26.9002,22.124863,21.958237,18.94797,20.456879,18.284386,16.833845,18.860405,16.89321,18.168226,20.0188,17.104916,14.561421,11.627608,9.400025,11.157613,7.2853394,12.757084,13.087028,16.850193,19.984371,22.890947,25.889055,27.44636,23.09158,20.819643,17.4269,17.458729,11.945824,12.814989,7.3081536,8.601996,7.7830915,8.421117,11.612427,11.4657545,16.443733,15.454454,19.983217,21.353056,25.02409
16,32.23098,28.353786,28.240868,23.45474,21.895199,22.872736,18.523596,20.986166,16.15548,19.14467,16.029259,15.182613,13.306711,11.017424,7.0806384,5.4972577,0.0,4.6499043,6.236262,9.478428,12.510477,13.957429,17.957886,18.459915,23.396244,23.651915,24.60401,21.791412,16.494986,15.251686,15.351812,12.754202,16.385426,12.24307,17.272198,17.794086,19.913773,20.780733,16.487083,13.786439,19.123772,18.070396,18.540937,20.679152,22.157015,23.45427,24.15337,28.500555,30.189959,31.337782,29.50283,33.74953,33.75799,33.799114,30.005247,31.783968,26.622046,27.169483,27.09396,28.372171,24.787474,28.883764,26.427797,27.178993,29.117508,26.710339,30.082846,27.043144,29.964012,26.026703,21.386362,21.960154,19.694635,21.762096,20.97412,19.89061,22.758621,21.356697,22.981192,25.11389,22.372702,19.507591,16.853638,14.153845,14.643942,10.3149805,14.09713,12.346939,15.508341,18.080503,20.484804,23.34692,24.654789,19.869036,17.43305,14.163709,14.54181,9.476389,11.772579,6.828267,10.629197,10.712281,12.38757,15.696201,14.9270735,20.5789,18.48764,22.944767,23.976124,27.302359
17,29.939968,25.87547,25.874437,21.428686,19.422726,21.27471,16.271317,19.871374,15.316471,18.569773,16.915161,15.723504,15.1397705,12.671007,9.901094,6.473284,4.6499043,0.0,5.741471,6.41864,9.903047,12.419204,15.689104,15.139339,20.229095,20.045227,20.605087,17.93305,12.042624,11.297891,10.993585,9.724186,14.1036415,11.614757,16.090107,17.569313,19.944069,19.96463,15.832798,12.546161,17.064468,14.935974,15.051405,16.505272,18.167686,19.064543,19.772528,24.197775,25.808065,26.82998,24.939983,29.174526,29.157646,29.347797,25.663574,27.736708,22.678669,23.556871,23.834562,24.830296,21.180832,24.920609,22.124405,22.928562,24.619,22.485884,25.845098,23.00189,25.850414,22.252338,17.550926,17.577652,15.56428,17.245687,17.156208,16.022907,19.428028,18.564178,20.555973,23.092432,20.832867,17.418694,15.66202,12.20801,11.6245,7.2088847,10.230842,7.894549,11.522646,14.117342,17.05162,19.843798,21.635237,17.297333,14.70673,11.217902,12.0646305,6.7352114,9.123699,6.1150255,8.866939,10.950293,13.246074,15.472036,13.903525,19.041119,15.75391,20.372606,20.674152,24.140219
18,32.374233,28.28462,29.205677,24.525745,23.131907,25.380716,20.874582,24.875208,20.535532,23.990898,21.75845,20.77906,19.367085,16.752502,13.293952,10.562287,6.236262,5.741471,0.0,5.195334,6.718553,8.332777,11.843577,12.947742,17.815247,18.839464,19.781322,16.78718,13.106218,11.3918705,13.3819065,10.133484,16.660458,13.409448,18.029058,19.722895,20.89805,20.860197,16.205153,12.438971,17.90481,15.282136,17.092371,18.155886,17.995537,19.810923,20.13921,24.192745,26.227402,27.854765,26.668911,31.135511,31.860113,32.384705,28.488464,30.723812,25.927242,26.47292,27.366964,28.934706,25.376108,29.257965,26.071354,27.186869,27.970163,26.381409,29.349476,26.394903,28.315933,24.759521,20.4065,20.609335,19.646362,20.904564,22.154417,20.718796,24.497284,23.692213,25.472506,28.187492,25.62129,22.29251,20.972216,17.599775,17.17769,12.690166,15.214642,11.125862,13.988763,15.285524,17.832447,20.043934,21.920662,17.344608,14.297688,11.086281,13.199279,9.335621,12.99769,10.744663,14.393607,16.036755,18.123337,20.879324,19.489834,24.770267,21.350979,25.90677,25.923822,29.254173
19,28.410654,24.217236,25.486372,21.148064,19.649406,22.775572,18.175356,23.289722,19.645327,23.481247,22.550108,21.84314,21.416683,19.07764,15.894825,12.836504,9.478428,6.41864,5.195334,0.0,4.313714,6.598218,9.771116,9.38995,14.062869,14.210327,15.471566,13.047627,8.90993,8.857707,10.824466,10.1508,17.29019,15.79043,19.756886,22.115574,23.704945,22.977312,18.659882,14.5541315,18.83301,14.738366,16.094732,15.650561,15.148772,16.11363,15.824175,20.119104,22.350973,23.8624,22.787617,27.236584,27.798586,28.85169,25.392317,28.233805,23.723831,24.8857,26.188278,27.108534,23.534424,26.498842,22.766865,23.529024,23.50836,22.041298,24.71004,21.71901,23.27497,19.863892,15.679024,15.890255,15.569864,17.000225,19.269325,18.377726,22.623245,22.594038,24.866192,27.792414,25.928015,22.179598,21.30328,17.509296,15.790664,12.020875,12.3533,7.110726,9.267252,10.123683,12.862069,15.018241,17.198616,13.025807,9.845884,6.473837,9.334874,6.526206,10.268888,10.69804,13.573412,16.626556,19.356157,21.171318,19.039246,23.904457,19.344097,23.635841,22.977413,26.043856
20,31.21397,27.020683,28.789198,24.65874,23.257486,26.757795,22.16879,27.502407,23.868769,27.599014,26.601866,25.559961,24.970448,22.295689,19.317356,15.921123,12.510477,9.903047,6.718553,4.313714,0.0,4.857988,5.8012733,6.26635,11.209171,12.657682,13.403253,10.495035,8.96514,7.770561,11.505867,9.792152,17.967882,16.740038,20.259478,23.040367,23.866312,22.732918,18.419413,14.120078,18.20866,13.517867,16.029951,15.133159,13.093556,14.892534,14.5439,18.27937,20.681202,22.660345,22.165073,26.691378,27.974585,29.14077,25.491837,28.354664,24.20846,25.066889,26.931753,28.317627,24.928875,28.024792,24.119064,25.380514,24.812748,24.157228,26.546387,23.889141,24.71224,21.881487,18.131023,17.726606,18.296614,18.624832,21.966898,20.535265,25.0025,25.04916,27.104378,30.258465,28.267551,24.526316,24.38963,20.553658,19.017189,15.21484,15.765263,10.181278,12.028156,11.582062,14.331854,15.595182,18.310461,14.69551,11.281181,8.652334,12.462219,10.729649,14.408482,14.887932,17.644606,20.632198,23.136438,25.056978,23.01982,27.618753,22.942137,27.270016,26.1868,29.330873
21,30.212494,26.206669,28.583845,24.2208,23.576788,26.992754,23.225462,28.605955,25.35619,29.443039,28.168518,27.862997,26.906649,24.643332,20.857025,18.432236,13.957429,12.419204,8.332777,6.598218,4.857988,0.0,5.7951746,8.36287,11.18472,12.824322,15.298873,13.259593,12.772817,12.493776,16.044361,14.503296,22.560503,20.67868,24.611542,27.055155,27.804115,27.010199,22.503391,18.293015,22.841427,18.31273,20.872192,19.745243,17.175812,18.66907,17.49151,21.034643,23.838501,25.938875,25.801188,30.264002,31.451319,33.066154,29.737345,32.858837,28.794962,29.824583,31.660416,32.82184,29.373358,32.108646,28.01712,28.778381,27.612843,26.60161,28.606058,25.490305,25.806604,22.518013,19.209839,19.96404,20.715273,22.0656,25.33033,24.514816,28.94475,29.058392,31.273617,34.28422,32.308086,28.595104,27.79866,24.052704,22.365444,18.597109,18.553976,12.96665,13.548164,12.663071,14.013587,15.073473,16.952282,12.967106,9.789557,8.17616,11.738343,11.536219,15.408542,16.243023,19.734198,22.453943,25.183348,27.33346,25.249907,30.335104,25.647964,29.711964,28.873104,31.575167
22,33.24379,29.193558,31.786928,27.951286,26.950693,30.941505,26.742859,32.522346,29.258757,33.13321,32.290806,31.356844,30.712486,28.0167,24.919294,21.640182,17.957886,15.689104,11.843577,9.771116,5.8012733,5.7951746,0.0,4.76976,7.3124166,10.65034,11.675908,9.274208,11.8862915,10.956957,15.50641,13.973759,22.344742,21.526062,24.54407,27.618305,27.791216,26.283827,22.175102,17.961143,21.457094,16.214369,19.51329,17.613163,13.534709,15.640201,14.489977,17.138063,19.960457,22.471514,22.959457,27.346327,29.313662,30.99787,27.586115,30.721498,27.24831,28.05182,30.543139,32.03742,28.89311,31.561777,27.331415,28.688038,27.011524,27.083975,28.830048,26.372236,26.026049,23.767414,20.879,20.430523,22.090681,21.922424,26.394224,24.978851,29.632,29.9977,32.031643,35.33471,33.45888,29.686886,29.988682,26.107792,24.359085,20.808151,20.722443,14.917336,15.653108,13.775339,15.693947,15.710345,18.596054,15.915308,12.744007,11.553896,15.739307,15.63367,19.231157,20.436357,23.225796,26.350414,28.917738,30.793781,28.640963,33.098713,28.066738,32.179436,30.648613,33.534702
23,31.150576,27.031366,29.393343,26.035524,24.59891,28.966501,24.465878,30.559496,27.57384,31.316067,31.287119,30.159685,30.194336,27.514654,24.961145,21.228004,18.459915,15.139339,12.947742,9.38995,6.26635,8.36287,4.76976,0.0,5.698956,7.6597567,7.492766,4.9318542,7.845126,8.007212,12.193602,12.516002,20.46225,20.870493,23.344915,26.773155,27.414413,25.487938,21.775652,17.560028,20.004715,14.078643,16.693588,13.827488,9.748535,11.12358,9.785208,12.8351145,15.63523,17.960573,18.317389,22.709108,24.5656,26.371107,23.167524,26.56129,23.30873,24.462288,27.134663,28.237488,25.197763,27.355444,22.967867,24.32784,22.424236,22.858755,24.540684,22.433321,22.079409,20.338228,17.542725,16.338835,18.429274,17.64663,22.726368,21.384611,26.13403,26.918987,29.10443,32.49582,31.074917,27.163877,27.96777,23.98824,21.73746,18.813335,17.887375,12.247669,12.798186,10.566664,13.204627,13.092433,16.683485,14.747176,11.67189,10.410868,14.616701,14.606298,17.604176,19.692286,21.60184,25.31742,27.98838,29.240402,26.824259,30.658669,25.219961,29.138632,27.128956,29.99191
24,30.8563,27.03206,30.23297,27.34125,26.437365,31.225754,27.401136,33.90366,31.55294,35.52236,35.851982,35.131477,35.263893,32.798393,29.946808,26.52889,23.396244,20.229095,17.815247,14.062869,11.209171,11.18472,7.3124166,5.698956,0.0,4.756202,6.537461,6.9712753,12.197159,13.388618,17.184345,18.160595,25.953833,26.567024,28.927185,32.43399,32.961254,30.896889,27.298483,23.126223,25.27218,19.15867,21.717308,18.028534,13.094624,13.6181135,10.898812,12.583119,15.890669,18.409027,19.741394,23.687542,25.762226,28.35706,25.872795,29.688093,27.131645,28.556932,31.563765,32.300938,29.466455,30.752562,26.065872,27.009092,23.78921,24.630892,25.428017,23.398638,21.710299,20.507965,18.919659,18.216156,21.247093,20.705143,26.464235,25.669466,30.443375,31.651377,34.007793,37.40217,36.296627,32.321865,33.129345,29.123545,26.44673,23.909475,21.994667,16.478222,15.632284,12.297769,13.40765,11.863999,15.2865,14.7492485,12.457788,12.818513,16.73994,18.383871,21.1195,24.132122,26.08162,30.004519,32.914036,33.973858,31.325565,35.073273,29.247658,32.71333,30.369925,32.680313
25,26.682156,22.911835,26.143198,23.718096,22.791162,27.853876,24.300518,31.036192,29.28686,33.276867,34.31408,33.88925,34.523804,32.3853,29.64751,26.382273,23.651915,20.045227,18.839464,14.210327,12.657682,12.824322,10.65034,7.6597567,4.756202,0.0,5.634393,7.8582954,11.097061,13.89855,16.547384,19.10825,26.29909,27.392223,29.7327,33.205315,34.347122,32.29049,28.814247,24.649208,26.497955,20.286661,21.86093,17.669867,13.761761,12.781843,9.282326,11.614458,14.933526,16.855856,17.894331,21.654522,23.03612,26.051435,24.172688,28.35796,25.900452,27.881762,30.719831,30.736889,27.91268,28.36788,23.511883,23.824114,20.047295,20.692036,21.140408,19.029596,17.04206,15.95856,14.882637,14.433539,17.889723,17.865683,23.744942,23.665499,28.352314,29.974863,32.62309,35.902287,35.283443,31.230595,31.892996,27.913063,24.668358,22.819283,19.719519,14.726013,12.828509,9.010685,9.614403,7.581553,11.395482,11.871038,10.235065,11.236949,14.516346,16.982119,18.978058,23.015131,24.405027,28.696554,31.81777,32.338573,29.418156,32.806965,26.663425,29.661404,27.092993,28.991848
26,30.430643,26.578281,29.141527,26.975662,25.339815,30.372864,26.070658,32.621372,30.488716,34.033432,35.238945,34.064816,34.94552,32.419933,30.445642,26.489746,24.60401,20.605087,19.781322,15.471566,13.403253,15.298873,11.675908,7.492766,6.537461,5.634393,0.0,4.068186,9.531987,11.655135,14.232166,17.083834,23.595436,25.681067,27.130766,30.962433,31.855759,29.304998,26.399523,22.529036,23.194603,16.832829,18.41147,13.66486,9.075992,8.033707,4.717058,6.335337,9.648113,11.949197,13.296558,17.158958,19.330854,22.002249,19.81721,23.843182,21.859207,23.595476,26.856953,27.195734,24.71055,25.329756,20.62002,21.806177,18.352161,20.128065,20.84289,19.714624,18.108482,18.113342,16.731123,14.432152,18.010445,16.013971,22.52969,21.61095,26.269205,27.94617,30.287558,33.7357,33.176746,29.216082,30.862038,26.931847,23.935692,22.297176,19.79432,15.197149,14.500057,11.267434,13.457572,11.945127,16.157427,16.556034,14.535804,14.429097,17.928968,19.025633,20.903416,24.373144,25.144299,29.49736,32.282578,32.626537,29.851501,32.581005,26.54723,29.721266,26.73606,29.102934
27,32.2553,28.204288,30.384089,27.694492,25.852053,30.529634,25.788279,32.01171,29.267498,32.69417,33.356415,31.84459,32.429504,29.648165,27.79137,23.6175,21.791412,17.93305,16.78718,13.047627,10.495035,13.259593,9.274208,4.9318542,6.9712753,7.8582954,4.068186,0.0,7.49944,8.185102,11.605038,13.404183,20.278889,22.081362,23.564789,27.395529,28.051563,25.547903,22.531136,18.642866,19.531334,13.187536,15.36128,11.257771,6.2056866,6.9965734,5.6106405,8.038048,10.741333,13.197928,13.921899,18.19187,20.514378,22.416248,19.397041,22.950981,20.402945,21.67124,24.833868,25.79051,23.13928,24.766172,20.321577,22.055365,19.74563,21.20287,22.625822,21.340681,20.655369,20.061565,17.758757,15.290544,18.059872,15.807056,21.803455,20.21248,24.922543,26.132357,28.238476,31.749483,30.75319,26.855837,28.559895,24.629414,22.14642,19.964573,18.567564,13.675103,14.148822,11.653856,14.658738,13.990353,18.12852,17.364647,14.721185,13.709093,17.563042,17.558084,19.869629,22.404673,23.40661,27.462158,30.017471,30.723803,28.20627,31.183998,25.522997,29.18171,26.53848,29.403713
28,28.537004,24.326826,25.44354,22.4962,20.089237,24.288038,19.055756,24.922403,21.98941,25.25592,26.153366,24.640669,25.618063,23.074245,21.556763,17.399282,16.494986,12.042624,13.106218,8.90993,8.96514,12.772817,11.8862915,7.845126,12.197159,11.097061,9.531987,7.49944,0.0,4.7364106,5.4981,9.589386,15.553205,17.358263,19.308804,22.75517,24.490124,22.482693,19.341684,15.512634,16.821093,11.172733,11.480879,8.377503,8.147201,7.560529,7.750977,12.251869,13.978719,15.130114,13.879195,18.331017,19.139189,20.36772,17.098774,20.475624,16.688948,18.407965,20.596218,21.043318,17.847557,19.83354,15.548504,16.91196,16.214048,16.30431,18.779146,17.020075,18.184454,16.574818,12.964354,10.371431,11.660522,10.148667,14.985165,13.615032,18.385983,19.454763,21.862827,25.22541,24.320572,20.298391,21.454432,17.485828,14.729098,12.780185,11.14122,6.657918,8.370565,7.8792706,12.11879,13.237816,16.909012,15.088815,12.443729,10.216225,13.140061,11.751149,13.395673,15.845339,16.15878,20.379784,22.956282,23.344515,20.769014,23.712925,18.123917,21.999296,19.751743,22.954185
29,32.83464,28.587334,29.5632,26.243923,23.838589,27.553883,22.092422,27.331059,23.65723,26.632322,26.65378,24.553255,24.977095,21.931889,20.660608,16.078726,15.251686,11.297891,11.3918705,8.857707,7.770561,12.493776,10.956957,8.007212,13.388618,13.89855,11.655135,8.185102,4.7364106,0.0,4.9170837,5.501663,12.600004,14.026913,15.863327,19.481396,20.596695,18.495504,15.198635,11.264988,12.836916,7.09742,8.8859825,7.3994303,6.9139037,8.788314,10.309061,13.96752,15.364221,16.910027,15.762903,20.236786,21.68405,22.166374,18.114338,20.697552,16.655266,17.431684,19.649874,21.193697,18.0562,21.35583,17.682705,19.87344,20.059776,20.37428,23.110447,21.547619,22.883537,21.260212,17.45566,14.879977,15.515816,13.408832,17.361288,14.863317,19.396944,19.718328,21.555353,25.00905,23.40728,19.595724,21.1037,17.247837,15.633879,12.761391,13.460758,9.188274,12.1875925,12.109109,16.201101,17.304668,20.912403,18.489357,15.425367,12.715786,15.985293,13.427153,15.73826,16.453966,17.231283,20.744514,22.831242,23.847279,21.790014,24.94021,20.14537,24.481447,22.647419,26.284529
30,31.621386,27.453165,27.613167,24.65713,21.727589,25.133923,19.357155,24.177498,20.595982,23.103691,23.810932,21.427671,22.591892,19.731218,19.32767,14.638937,15.351812,10.993585,13.3819065,10.824466,11.505867,16.044361,15.50641,12.193602,17.184345,16.547384,14.232166,11.605038,5.4981,4.9170837,0.0,6.5711794,10.288527,13.020599,14.303062,17.789244,19.849804,17.80113,15.153888,11.932235,12.359223,7.834804,6.57264,5.6805987,9.078415,9.24043,11.421786,15.299708,15.9851265,16.64565,14.454734,18.640759,19.221087,19.155489,15.122201,17.507807,12.939792,14.163092,15.8182955,16.82752,13.490291,16.861782,13.489654,15.735879,17.121088,17.107141,20.338005,19.100626,21.402824,19.918776,15.879866,12.682585,12.3597355,9.690689,12.76261,9.961764,14.481887,14.946382,16.963095,20.419214,19.222437,15.290085,17.14548,13.3359785,11.426488,9.525916,10.051819,7.8219757,11.353239,12.420832,16.731,18.335297,21.73616,19.51277,16.891066,14.059373,16.290192,13.151806,14.2857275,15.057731,14.500139,18.215899,20.139357,20.450119,18.343178,20.705717,15.967252,20.240414,18.330269,22.213694
31,36.062214,31.823507,32.19732,28.51802,25.97787,28.838762,23.184475,27.339207,22.917524,25.359167,24.45652,21.734169,21.653545,18.210197,17.541317,12.676939,12.754202,9.724186,10.133484,10.1508,9.792152,14.503296,13.973759,12.516002,18.160595,19.10825,17.083834,13.404183,9.589386,5.501663,6.5711794,0.0,8.388729,8.687742,10.878417,14.282657,15.280057,13.576489,9.893817,5.924275,8.729016,5.3670626,7.325809,9.507854,10.955053,13.393563,15.597308,18.978354,19.90131,21.243444,19.636976,23.869637,25.138542,24.717241,20.181042,21.705755,17.10023,16.996063,18.388283,20.776543,17.612648,22.259544,19.548752,22.079517,23.675314,23.525093,26.774485,25.19202,27.315298,25.313307,21.044321,18.698412,18.120546,16.228842,18.2846,15.05561,18.892313,18.181826,19.400251,22.686201,20.282043,16.853693,18.25648,14.767373,14.632758,11.022812,14.312541,11.298204,15.351425,16.35065,20.38548,22.014696,25.24275,22.092165,18.957243,15.729233,18.457607,14.453806,16.768372,15.411692,16.267504,18.728306,20.104267,21.693588,20.335411,23.614758,20.036013,24.739357,23.673826,27.714998
32,39.9756,35.918232,35.135338,31.932999,28.79595,30.76422,24.885933,27.47211,22.857145,23.804459,23.13124,19.16202,19.766146,16.242527,18.041353,13.274945,16.385426,14.1036415,16.660458,17.29019,17.967882,22.560503,22.344742,20.46225,25.953833,26.29909,23.595436,20.278889,15.553205,12.600004,10.288527,8.388729,0.0,6.155237,4.3621016,8.030592,10.336922,8.481828,7.4343233,7.409965,5.606559,8.380678,6.118277,11.53984,15.996388,17.622303,20.80929,23.759243,23.582668,24.045145,21.491673,24.864447,25.5148,23.608492,18.893785,18.687494,13.824958,12.651467,12.405735,15.638497,12.98877,19.019693,18.185064,21.296434,24.947474,24.780005,28.511408,27.713293,30.87598,29.314632,24.992434,21.967075,20.255688,17.48344,17.153978,12.888904,14.893491,13.0652895,12.994427,16.058987,13.205759,10.591763,13.649026,11.433581,13.171789,11.182085,15.974045,16.006207,20.330374,22.230341,26.413076,28.36415,31.485764,28.540972,25.76893,22.447128,24.213064,19.4985,20.47447,18.087166,17.139307,18.558685,18.6306,19.546549,19.086517,20.617874,18.842228,23.260492,22.599932,27.01989
33,40.413162,36.3494,35.69735,31.818663,29.125046,30.546928,25.006454,27.099356,21.961628,23.158112,20.953127,17.253313,16.478613,12.652929,13.847674,9.472563,12.24307,11.614757,13.409448,15.79043,16.740038,20.67868,21.526062,20.870493,26.567024,27.392223,25.681067,22.081362,17.358263,14.026913,13.020599,8.687742,6.155237,0.0,5.139577,6.3966217,8.413003,8.739986,5.3261023,5.292371,8.490872,11.289275,11.106549,15.916155,19.072706,21.223467,23.802546,27.184685,27.642664,28.528608,26.281012,30.042982,30.691454,29.230698,24.596813,24.754406,19.78066,18.801828,18.360767,21.32635,18.44505,24.280235,23.132833,25.640694,29.004494,28.092955,31.879274,30.320028,33.512432,31.093285,26.454649,24.494724,22.440197,21.164936,20.365301,16.86895,18.919453,16.623228,16.681055,19.161182,15.541912,13.354565,14.04615,12.034911,14.551928,11.114371,17.074263,16.488,20.955854,23.124723,26.953894,29.218029,31.89137,28.132685,25.238081,21.722662,23.321045,18.114433,19.667206,15.7613125,16.099346,16.364677,16.14644,18.383389,18.430729,21.390245,20.253658,24.9452,25.164288,29.452583
34,43.547874,39.497765,38.64154,35.192535,32.18007,33.738583,27.998476,29.96649,25.046087,25.652859,24.105684,19.870556,19.767704,16.091875,18.314713,14.016059,17.272198,16.090107,18.029058,19.756886,20.259478,24.611542,24.54407,23.344915,28.927185,29.7327,27.130766,23.564789,19.308804,15.863327,14.303062,10.878417,4.3621016,5.139577,0.0,4.2446184,6.0060143,4.8744817,4.761482,7.196742,5.882449,11.007668,9.992051,15.490213,19.341858,21.481533,24.673197,27.474636,27.313753,27.938328,25.535784,28.832108,29.652649,27.520367,22.748209,22.023413,17.459883,15.681284,14.98223,18.712593,16.475153,22.739864,22.33895,25.459858,29.292446,29.016508,32.798622,31.897848,35.118904,33.355194,28.917267,26.158123,24.28083,21.80974,21.032421,16.868038,18.263918,15.855426,15.081115,17.574688,13.998966,12.449151,14.987901,13.605362,16.304462,14.003867,19.53977,19.505444,23.943197,25.913074,30.008816,32.029934,35.04939,31.760075,28.876879,25.446491,27.209188,22.196333,23.400505,20.063194,19.532883,19.99802,19.430128,20.92368,21.104177,22.768898,21.95614,26.36063,26.18798,30.612196
35,45.360447,41.41311,40.212254,36.63716,33.692398,34.612156,29.114084,30.169819,25.089079,25.16793,22.948448,18.515442,17.974995,14.453587,17.412756,13.957357,17.794086,17.569313,19.722895,22.115574,23.040367,27.055155,27.618305,26.773155,32.43399,33.205315,30.962433,27.395529,22.75517,19.481396,17.789244,14.282657,8.030592,6.3966217,4.2446184,0.0,4.6260695,6.3358283,6.908924,10.058583,9.942179,15.141482,14.030997,19.512873,23.456202,25.503166,28.57675,31.562729,31.45538,32.004272,29.465807,32.68203,33.201824,30.904978,26.28588,25.291008,20.71895,18.93082,17.472506,20.99061,18.907759,25.200537,25.266912,28.100382,32.383427,31.657223,35.57789,34.52318,38.090694,36.01712,31.449564,29.07709,26.702328,24.837433,23.056093,19.213469,19.87544,16.906002,15.682507,17.443438,13.341747,12.804936,14.396912,14.006555,17.571318,15.415751,21.467865,22.012613,26.473175,28.815123,32.749245,35.03108,37.76488,34.169403,31.380611,27.872646,29.225765,23.918934,24.912424,20.748096,20.197998,19.642843,18.353891,20.14323,21.00329,22.594582,22.932302,27.17827,27.659945,32.019714
36,48.69328,44.643356,43.821487,40.087555,37.269886,38.4712,32.93328,34.365932,29.209291,29.554827,27.035517,22.768452,21.740707,18.13413,20.468071,17.026718,19.913773,19.944069,20.89805,23.704945,23.866312,27.804115,27.791216,27.414413,32.961254,34.347122,31.855759,28.051563,24.490124,20.596695,19.849804,15.280057,10.336922,8.413003,6.0060143,4.6260695,0.0,3.950479,5.6819158,9.906928,9.597952,15.437552,15.526506,20.91387,23.99664,26.680368,29.83296,32.41982,32.312813,33.17053,31.014124,34.26969,35.368782,33.09233,28.255272,27.131907,22.940699,20.692749,19.828743,23.910723,22.052042,28.40727,28.269245,31.428865,35.28399,34.972385,38.76634,37.74,40.91419,38.953564,34.42549,31.927307,30.014801,27.777863,26.840628,22.773287,23.813986,21.064562,19.793764,21.666569,17.666004,17.153187,18.99029,18.33648,21.597437,18.995571,24.945871,24.633673,29.105555,31.026558,35.00163,37.02443,39.95293,36.321888,33.31245,29.8366,31.673311,26.51025,28.036634,23.893353,23.950977,23.503159,22.356657,24.493338,25.27222,27.151876,27.147757,31.516062,31.758049,36.15406
