,0,1,2,3,4,5,6,7,8,9,10,11,12,13,14,15,16,17,18,19,20,21,22,23,24,25,26,27,28,29,30,31,32,33,34,35,36,37,38,39,40,41,42,43,44,45,46,47,48,49,50,51,52,53,54,55,56,57,58,59,60,61,62,63,64,65,66,67,68,69,70,71,72,73,74,75,76,77,78,79,80,81,82,83,84,85,86,87,88,89,90,91,92,93,94,95,96,97,98,99,100,101,102,103,104,105,106,107,108
0,0.0,3.9160213,7.0089655,10.306635,12.618468,16.602102,19.42404,23.254236,26.349361,28.220592,32.094444,34.89783,35.21461,36.506382,32.672657,32.273228,32.730164,30.303812,33.8156,30.859957,34.961487,35.89356,39.996857,34.307655,31.862902,28.893263,25.928818,22.26415,22.268816,19.158384,22.43847,22.150059,22.272362,26.67115,28.102278,26.56334,28.33028,32.411083,32.29287,30.741674,34.105083,37.54638,35.35086,36.211956,39.603127,41.608936,40.083855,41.723522,45.25518,44.18539,43.268105,45.50952,48.956547,46.83102,46.690353,44.819305,40.618423,40.75453,44.774635,42.392933,36.17542,38.843586,36.55248,39.885765,38.24996,34.17809,32.8907,28.958084,30.168583,34.48733,30.37961,26.668798,30.14465,32.638405,34.72662,37.48182,37.765797,38.303623,40.12235,41.309406,41.179123,43.938354,39.61375,37.348377,35.32682,36.3116,31.005585,32.71745,28.50973,28.085636,25.332493,25.99749,28.052628,23.46803,21.22923,23.08994,23.318605,17.933445,16.196402,19.386082,21.216501,23.899197,26.27887,23.559196,28.334045,24.210627,26.236217,26.440418,26.865055
1,3.9160213,0.0,4.6224837,7.184677,9.052293,13.466576,15.775549,19.957584,22.743568,24.881292,28.615606,31.566465,31.911573,33.011024,29.25553,28.575417,29.08377,26.516422,30.218224,27.2174,31.381655,32.48352,36.548126,30.808485,28.489168,25.485542,22.332605,18.580652,18.38673,15.423144,18.573097,18.6831,18.87388,23.371347,24.44976,22.776241,24.713486,28.788946,28.470722,26.920303,30.430168,33.707233,31.46953,32.442596,35.84417,37.71685,36.280594,37.98066,41.44222,40.44431,39.43917,41.6246,45.091274,42.998398,42.79168,40.92065,36.708836,36.883373,40.93004,38.557224,32.311817,35.088116,32.8907,36.2978,34.56702,30.434116,29.305223,25.365108,26.34963,30.743822,26.762348,22.947992,26.294256,28.954088,30.890642,33.75195,33.97617,34.41972,36.32574,37.44765,37.40146,40.238163,35.944847,33.588875,31.467226,32.550697,27.158186,29.004995,24.817165,24.580889,21.990051,22.969038,25.125853,20.72457,18.176556,19.757736,20.55645,15.403306,12.936579,16.043993,18.479969,21.419785,23.431,20.51789,25.129211,20.642,22.849653,22.838808,23.53392
2,7.0089655,4.6224837,0.0,5.192688,6.38863,10.10309,13.055362,16.665354,19.998034,21.442877,25.416105,28.097157,28.666695,30.109829,26.984558,26.434345,27.491058,25.256742,29.473476,27.165703,31.575201,32.893185,37.103386,31.545975,29.594711,26.662674,23.168608,19.258364,18.020838,15.730393,16.986336,17.467415,16.031467,20.873245,22.503428,20.656013,21.897985,26.291807,26.419958,24.67087,27.633793,31.642982,29.570972,29.95443,33.26229,35.879536,34.257893,35.45547,39.09161,37.77037,37.210804,39.78178,43.0102,40.87428,41.175953,39.77823,35.400368,36.039948,39.831,36.800854,31.046154,34.030937,32.18033,35.32642,32.99832,28.943642,28.491014,24.557346,25.322718,30.346655,26.813295,22.794306,25.872904,29.329037,30.550797,33.948013,33.891907,33.67709,35.862774,36.300045,36.206924,38.891285,34.353333,32.234734,30.136349,31.839205,26.594917,29.254072,25.275572,25.66628,23.471804,24.893538,26.562628,22.830946,20.045153,20.431114,22.024107,17.80859,14.539029,16.22796,19.292671,22.412025,23.675789,20.445477,24.226137,19.535212,20.958908,20.548033,20.59165
3,10.306635,7.184677,5.192688,0.0,4.175758,6.7446446,10.128541,13.261306,16.412806,18.47069,22.256088,25.098068,25.069172,26.32813,22.435596,22.295128,22.91519,20.970865,24.743917,22.815823,27.257187,28.371346,32.80783,27.624737,25.806448,23.136934,19.920584,16.18157,15.066493,14.012972,14.6721115,17.276268,15.473145,20.736761,21.271145,18.535702,20.039762,24.792324,24.030743,21.783802,25.269987,29.053505,26.40254,26.684917,30.483185,32.629364,30.367138,31.94802,35.78256,34.86611,34.482967,36.280415,40.018097,38.282288,38.25818,36.845913,32.38704,33.271183,37.39419,34.456707,28.607708,32.17465,30.66958,34.130337,31.530571,27.265121,27.402893,23.557621,23.273455,28.305387,25.19755,20.987232,23.126154,26.680685,27.634523,30.907682,30.418243,30.130875,31.83246,32.314907,31.863968,34.361996,29.819561,27.858105,26.164871,27.512888,22.782343,25.628355,21.92672,22.790712,20.343073,21.55161,22.306763,19.22256,16.58937,15.991617,17.713993,14.507609,11.119598,11.49888,14.564861,17.713915,18.650614,15.379027,19.097063,14.730408,16.145144,16.321629,16.607718
4,12.618468,9.052293,6.38863,4.175758,0.0,5.3060083,6.815243,11.153621,13.85118,15.8893585,19.580385,22.564774,23.095423,24.17458,21.19059,20.17423,21.391953,19.04528,23.650053,21.581417,26.087782,27.68805,31.836002,26.434114,24.883009,22.084793,18.372196,14.513173,12.465579,11.401303,11.060724,13.376789,11.3307085,16.563417,17.234419,14.742611,16.21481,20.816082,20.392588,18.428797,21.715288,25.53596,23.257196,23.686361,27.141949,29.556255,27.893644,29.197035,32.800518,31.650238,31.063074,33.412975,36.768642,34.785835,34.982666,33.680065,29.230112,30.11374,33.97151,30.847145,25.141739,28.529629,27.048687,30.322542,27.627865,23.439669,23.651236,19.81551,19.730408,25.018707,22.038082,17.825577,20.205812,24.169916,24.82123,28.47061,28.127102,27.557833,29.835135,30.003033,29.968287,32.710396,28.190868,25.997822,23.813654,25.777573,20.590662,23.754469,20.055628,21.095436,19.36266,21.308323,22.723429,19.849089,16.765049,15.977023,18.761736,15.856664,11.5765705,11.895046,16.06205,19.40601,19.677464,16.18661,19.17502,13.85162,15.364036,14.42813,14.963053
5,16.602102,13.466576,10.10309,6.7446446,5.3060083,0.0,5.4694643,6.715518,10.58195,11.872854,15.850178,18.476784,18.640242,20.186062,17.29551,17.167133,18.670527,17.326847,21.839882,21.144457,25.713669,27.197239,31.611242,26.948105,25.869722,23.521801,20.076109,16.62189,14.002731,14.704893,11.8815565,16.027573,11.860541,17.336477,17.812195,14.45755,14.926792,20.144812,19.550852,16.847752,19.677109,24.280869,21.719452,21.10645,24.891495,27.85566,25.249262,26.204132,30.26177,29.065578,29.317095,31.377735,34.88387,33.250027,33.791767,33.064682,28.451597,30.071049,33.832966,30.086653,25.079037,29.067413,28.272457,31.389166,27.923014,23.831629,25.232006,21.700174,20.573305,26.239033,24.150812,19.914467,21.081055,25.65555,25.376322,29.283707,28.292334,26.97651,28.992887,28.410707,27.902315,30.160833,25.366812,23.767908,22.17041,24.445097,20.247421,24.271946,21.24047,23.11142,21.518131,23.357773,23.440985,21.72501,18.962427,16.519957,19.59745,18.273832,14.251602,12.2272005,16.133293,19.22727,18.578104,15.084118,16.707932,12.0727005,11.972216,11.180505,10.537447
6,19.42404,15.775549,13.055362,10.128541,6.815243,5.4694643,0.0,5.955304,7.306608,9.772688,13.02864,16.268778,17.021431,17.756283,15.742369,13.93561,15.936804,13.716679,19.160864,17.971828,22.468338,24.519407,28.4494,23.543758,22.783903,20.38148,16.568333,13.312868,9.745525,11.173034,6.6080527,11.686762,7.8615174,12.987631,12.564205,9.047596,10.14877,15.13936,14.281238,11.882987,15.145765,19.20081,16.847616,16.905827,20.424221,23.113815,21.393658,22.428041,26.051155,24.872723,24.515678,26.913769,30.193483,28.344835,28.76782,27.914068,23.340378,24.821573,28.477417,24.83864,19.686716,23.599745,22.856075,25.966263,22.522171,18.383493,19.919847,16.527206,15.159267,20.93402,19.137478,15.000054,16.043306,20.94529,20.353296,24.53905,23.719679,22.254442,24.86248,24.19134,24.277662,26.992102,22.422043,20.296707,17.97082,20.781645,15.957206,20.174248,17.260128,19.348137,18.629786,21.199512,22.084875,20.66695,17.572672,15.087479,19.226812,18.305231,13.7252,11.881798,16.721853,19.898283,18.674055,15.184275,16.155254,10.341641,11.109141,8.641259,9.512859
7,23.254236,19.957584,16.665354,13.261306,11.153621,6.715518,5.955304,0.0,4.8838916,5.4021506,9.257748,11.872224,12.020128,13.5869,11.931152,11.645491,14.106287,13.632315,18.54873,19.26106,23.596518,25.362011,29.53179,25.67701,25.415823,23.601618,20.350395,17.68439,14.243704,16.75605,11.24377,16.903982,11.565421,16.18882,15.784316,11.765375,11.111087,16.443014,15.479592,12.18435,14.3762455,19.45284,16.816061,15.17604,19.102217,22.567476,19.458527,19.903343,24.182306,22.936304,23.850029,25.785019,29.216772,27.887892,28.79118,28.730265,24.090683,26.475704,29.894077,25.55174,21.565052,26.022285,26.099213,28.892033,24.674305,20.899239,23.682701,20.807014,18.477652,24.263353,23.464006,19.571512,19.27347,24.471348,22.916506,27.16434,25.59931,23.282774,25.4004,23.753256,23.144875,25.095379,20.20181,19.04185,17.709152,20.797462,17.630005,22.573877,20.557945,23.319136,22.584955,24.7845,24.191467,23.89081,21.286707,17.462372,21.433912,21.842754,17.805897,14.236427,18.225828,20.933178,18.853756,15.652234,14.807422,10.636687,8.730028,6.412589,4.517142
8,26.349361,22.743568,19.998034,16.412806,13.85118,10.58195,7.306608,4.8838916,0.0,4.8403225,6.4901342,10.029586,10.220466,10.488986,9.429091,7.309688,10.37649,9.574711,15.081588,15.965379,20.033535,22.159,25.912514,22.307922,22.523703,20.9967,17.905325,15.939715,12.268004,15.8541975,9.483478,16.017334,11.672129,15.18613,13.305541,8.904794,8.677323,13.4521475,11.400034,7.7777967,10.725749,15.00147,12.02481,10.663333,14.8851795,17.761656,14.852878,15.647936,19.740135,18.840046,19.39162,21.022215,24.63643,23.439484,24.032923,23.9381,19.306128,21.8546,25.303068,21.103033,17.203236,21.938965,22.400755,25.230751,20.934492,17.216581,20.547867,18.163029,14.936447,20.439974,20.386015,16.872576,15.549688,20.875532,18.71384,23.027325,21.271168,18.60519,20.91464,19.005333,18.680382,20.902723,16.167744,14.675525,13.005307,16.56225,13.603088,18.860409,17.467916,20.632755,20.600334,23.112246,22.633371,23.027561,20.484753,16.313702,20.899595,22.11642,18.102367,14.316817,18.488504,20.99997,18.303484,15.405862,13.565881,9.1911745,7.7293205,3.4879944,4.392313
9,28.220592,24.881292,21.442877,18.47069,15.8893585,11.872854,9.772688,5.4021506,4.8403225,0.0,4.336351,6.6863985,8.021994,9.684002,11.147661,10.037905,13.7424345,13.86948,19.052082,20.603704,24.497606,26.594145,30.260422,26.96532,27.3135,25.812468,22.636448,20.522327,16.620987,19.667261,12.886083,18.225424,12.364906,15.538028,14.943111,11.269061,9.027931,13.76761,13.215111,9.971255,10.389117,16.226858,14.198771,11.354987,14.780859,19.31314,16.371937,15.700833,19.969294,18.258715,19.84933,22.326736,25.15864,23.860971,25.46418,26.180819,21.68127,24.665205,27.388124,22.344284,19.725967,24.152676,24.938015,27.126932,22.315811,19.151361,22.959435,20.777315,18.008678,23.700909,23.923014,20.573029,19.536703,25.058989,22.50958,27.04981,25.272364,22.079937,24.61456,21.878294,21.527723,23.249195,18.524593,17.742954,16.38257,20.43084,18.027071,23.39284,22.143175,25.273914,25.351868,27.902832,27.322565,27.664053,25.081442,20.957273,25.351162,26.340998,22.236488,18.534304,22.536118,25.01563,22.305458,19.43534,17.216608,13.635337,11.109057,7.647177,5.351098
10,32.094444,28.615606,25.416105,22.256088,19.580385,15.850178,13.02864,9.257748,6.4901342,4.336351,0.0,3.7734792,5.5658746,6.0890346,9.981534,8.021094,12.249439,12.922506,17.820852,20.053423,23.415886,25.655495,28.866102,26.218918,27.079294,25.98279,23.149374,21.696936,17.851381,21.51178,14.462804,19.956701,14.804882,16.808283,15.269183,11.820343,9.434502,12.899504,11.72122,8.5600395,8.038871,13.428475,11.482276,7.656413,11.089545,15.764528,12.648325,11.445778,15.783524,14.170802,16.219872,18.430199,21.199854,20.22797,21.953058,23.131927,18.820705,22.265501,24.650728,19.42956,17.803812,22.354221,23.767572,25.688843,20.638489,17.9446,22.473402,20.960596,17.504055,22.6581,23.785833,20.96887,18.96897,24.406027,21.133385,25.60198,23.531734,19.770874,22.308876,18.853846,18.59883,20.119734,15.681284,15.196426,14.033039,18.50735,17.0887,22.549154,22.09354,25.518145,26.127317,28.766388,27.989504,29.023113,26.624496,22.191475,26.792233,28.501373,24.557764,20.592178,24.422026,26.615181,23.403353,20.92795,17.733583,14.840515,12.237772,8.653475,7.4254613
11,34.89783,31.566465,28.097157,25.098068,22.564774,18.476784,16.268778,11.872224,10.029586,6.6863985,3.7734792,0.0,4.304208,5.973841,11.678279,10.802496,14.820304,16.193718,20.51753,23.343748,26.474804,28.591309,31.705908,29.514069,30.53262,29.586578,26.866238,25.462973,21.619173,25.197819,18.0837,23.177053,17.585598,19.243631,18.22058,15.198333,12.227995,15.082598,14.569065,11.840353,9.889676,15.3834505,14.044379,9.452755,11.858609,17.251205,13.908365,11.544326,15.869312,13.8540125,17.014238,19.31073,21.521116,20.798883,23.157354,24.990608,20.978714,24.725557,26.58267,20.995947,20.489822,24.811981,26.546194,28.039316,22.768127,20.597212,25.404194,24.139782,20.792385,25.778954,27.200956,24.54672,22.467592,27.8614,24.324467,28.74065,26.535732,22.475304,24.861818,20.868908,20.426634,21.348976,17.160645,17.388634,16.758087,21.214472,20.497654,25.93943,25.729895,29.207386,29.846142,32.41557,31.339998,32.57233,30.257238,25.669437,30.131565,31.991377,28.108831,23.970617,27.566042,29.619856,26.275412,23.949514,20.342428,18.151262,15.005038,11.968081,9.889464
12,35.21461,31.911573,28.666695,25.069172,23.095423,18.640242,17.021431,12.020128,10.220466,8.021994,5.5658746,4.304208,0.0,3.7385044,8.377323,9.341101,12.546823,14.982864,18.234764,21.88768,24.8622,26.548922,29.912077,28.307375,29.380302,28.75727,26.509804,25.347652,21.975737,25.952126,19.298603,25.271786,20.01591,22.32731,20.764288,17.142323,14.999241,18.223562,16.65244,13.408845,12.86433,17.352634,15.02054,10.540414,13.973193,17.977396,13.093766,11.723424,16.536732,15.555048,18.813543,19.474178,22.669092,22.635511,24.26402,25.858856,21.847023,25.658085,28.03319,22.984257,22.033535,26.782568,28.525106,30.446238,25.377378,22.915525,27.619135,26.231363,22.393286,27.129963,28.53302,25.738857,23.137764,28.249266,24.810623,28.82308,26.215366,22.305508,23.791296,19.965733,18.702538,19.06762,14.68284,15.581347,15.98339,19.685696,19.9713,25.339108,25.409473,29.048344,29.30862,31.443775,29.506664,31.271456,29.328056,24.263975,28.37927,30.923658,27.485006,22.728596,25.689754,27.370676,23.76254,21.811148,17.562857,16.622358,12.837724,10.907025,8.653226
13,36.506382,33.011024,30.109829,26.32813,24.17458,20.186062,17.756283,13.5869,10.488986,9.684002,6.0890346,5.973841,3.7385044,0.0,7.487057,7.14132,10.341842,12.888589,15.872088,19.713615,22.263493,24.090033,27.062307,25.807875,27.194923,26.839853,24.874756,24.21974,21.021154,25.363579,18.822418,24.972057,20.541138,22.348343,19.946297,16.406858,14.776631,17.27712,14.905908,11.849126,11.659252,14.859084,12.265173,7.818975,11.532112,14.613602,9.385178,8.386274,13.292863,12.954421,15.967174,15.88786,19.48643,19.759226,20.95417,22.515867,18.645308,22.569075,24.965033,20.234705,19.494347,24.32792,26.327467,28.28017,23.3527,21.04369,25.91244,24.8987,20.616507,24.800903,26.678549,24.252972,21.027756,25.88061,22.134415,25.939884,23.176851,19.079844,20.466436,16.378897,15.204243,15.6495075,11.453272,12.352042,12.886537,16.684544,17.592688,22.829374,23.42209,27.17363,27.798275,29.99124,28.107498,30.27113,28.448078,23.349998,27.632824,30.581446,27.262508,22.534311,25.478912,27.012518,23.172827,21.479649,16.885294,16.082022,12.862588,10.758453,9.958993
14,32.672657,29.25553,26.984558,22.435596,21.19059,17.29551,15.742369,11.931152,9.429091,11.147661,9.981534,11.678279,8.377323,7.487057,0.0,5.5619736,5.6291823,9.272801,10.740296,15.001969,17.904202,18.998077,22.887482,21.627016,22.575848,22.368017,20.95522,20.360971,18.142546,22.659414,17.550085,24.678143,21.074217,24.168936,21.362741,17.024883,16.980343,20.552217,17.135252,13.497981,16.007692,18.415722,14.418702,12.074774,16.919779,17.853367,11.889208,13.823992,18.429773,19.123833,20.826284,19.291504,24.250265,24.681028,24.453281,24.705061,20.599958,23.789923,27.462776,23.936836,21.123222,26.3721,27.653162,30.579851,26.344135,23.121857,27.028297,25.348848,20.925007,24.99331,25.98245,23.046015,19.79882,24.080877,21.350924,24.503803,21.551798,18.607533,18.674389,16.323683,14.062702,14.619591,9.695839,10.353692,11.892275,13.693733,14.863619,19.709805,20.011572,23.695322,23.345057,24.788244,21.85726,24.350304,23.01003,17.457108,21.133165,24.741945,22.129005,16.752645,18.803913,19.959097,15.985825,14.635341,9.595021,10.396559,6.7310123,7.2345448,7.5359645
15,32.273228,28.575417,26.434345,22.295128,20.17423,17.167133,13.93561,11.645491,7.309688,10.037905,8.021094,10.802496,9.341101,7.14132,5.5619736,0.0,4.4083333,5.7681947,9.851715,12.748646,15.742528,17.79324,21.055786,19.008358,20.173655,19.711157,17.834606,17.441212,14.711552,19.425184,13.813105,20.676,17.813185,20.057602,16.589424,12.525179,12.868414,15.708314,11.799256,8.370391,11.493294,13.080358,8.94113,7.457721,12.450854,13.095815,8.419466,10.723068,14.870144,15.432034,16.127213,15.390217,20.130058,20.044443,19.709293,19.734215,15.409711,18.54911,22.180113,18.642492,15.577421,20.816778,22.16392,25.027353,20.846346,17.656576,21.701279,20.333294,15.69969,19.690454,21.043291,18.438143,14.931271,19.534119,16.378206,19.999786,17.311825,13.990172,15.274833,12.6659775,11.6873455,13.615717,8.902298,7.7493477,7.367735,10.835885,10.763919,16.045506,16.429806,20.200474,20.713802,22.892166,21.328686,23.419409,21.619556,16.63673,21.154432,24.187641,21.025478,16.492472,19.607752,21.237755,17.526527,15.766561,11.770847,9.995478,8.352486,6.092409,8.356604
16,32.730164,29.08377,27.491058,22.91519,21.391953,18.670527,15.936804,14.106287,10.37649,13.7424345,12.249439,14.820304,12.546823,10.341842,5.6291823,4.4083333,0.0,4.55634,5.740224,9.846283,12.494022,14.006575,17.609953,16.224789,17.466825,17.531202,16.536476,16.761652,15.100195,19.998758,15.7196865,22.847403,20.838938,23.380898,19.54866,15.450551,16.626028,19.38327,14.95072,11.841007,15.6139555,16.053936,11.538363,11.183248,15.982039,14.900144,9.7242365,13.374806,17.109587,18.553911,18.876274,16.57004,22.08375,22.51739,21.214111,20.614744,16.616602,19.307571,23.503555,21.011486,17.405924,22.657696,23.82205,27.095142,23.490555,20.18283,23.680601,22.293047,17.483906,20.664099,21.864283,19.359991,15.394176,19.070127,16.406908,19.120544,16.068468,13.513187,13.294016,11.79862,9.814843,11.562734,6.90815,5.7345533,7.0962443,8.167155,9.740514,14.298833,15.169723,18.956697,19.048758,20.607243,18.086786,20.973192,19.752213,14.399274,18.445833,22.418282,20.004734,15.104473,17.287155,18.359304,14.337527,13.296702,8.67137,8.789042,7.805628,7.813859,10.63558
17,30.303812,26.516422,25.256742,20.970865,19.04528,17.326847,13.716679,13.632315,9.574711,13.86948,12.922506,16.193718,14.982864,12.888589,9.272801,5.7681947,4.55634,0.0,6.363958,7.1592255,10.650202,12.971305,16.403856,13.493482,14.446847,13.962018,12.39747,12.626458,10.892766,15.8718815,12.071186,19.000738,18.064724,20.376684,16.158978,12.261934,14.428178,16.932388,12.231168,9.569464,14.3974285,14.218431,9.712161,11.114743,15.598386,14.181877,11.032528,14.731673,17.847206,18.992903,18.150019,16.80861,21.976965,21.736538,20.142664,18.796846,14.571771,16.556614,21.142275,19.06749,14.236894,19.378845,20.043785,23.641596,20.47066,16.80823,19.702707,18.158075,13.440506,16.640882,17.43438,14.871008,11.0121,14.858097,12.590388,15.640109,13.096818,11.113621,11.971322,11.541885,10.9556055,13.934699,10.032273,7.1104546,5.660421,7.2387986,5.62855,10.672741,10.9577,14.758054,15.198299,17.315084,16.134682,18.272558,16.609686,11.899249,16.578243,19.798738,17.01376,12.979635,16.015623,17.59303,14.190657,12.629498,9.887362,7.317181,8.613598,7.458177,11.435896
18,33.8156,30.218224,29.473476,24.743917,23.650053,21.839882,19.160864,18.54873,15.081588,19.052082,17.820852,20.51753,18.234764,15.872088,10.740296,9.851715,5.740224,6.363958,0.0,6.0059767,7.429011,8.35595,12.200776,11.5815,13.051348,13.969228,14.378617,15.749961,15.611439,20.39099,17.98833,24.815508,24.277002,26.70031,22.325903,18.582968,20.73652,22.997734,18.061382,15.646032,20.052351,18.978048,14.451195,15.627921,19.956844,16.973097,12.7595625,17.366543,20.156567,22.366325,21.755545,18.216885,24.17964,24.91997,22.396828,20.78905,17.413864,19.148481,23.914019,22.945017,18.656757,23.57215,24.414568,28.103735,25.439999,22.127209,24.76144,23.546217,18.742153,20.550499,21.602055,19.574848,15.20119,17.251987,15.424615,16.69624,13.465711,12.432825,10.351903,11.224609,8.942418,10.97443,8.191862,6.3091593,8.214807,5.211001,8.65809,11.21207,12.931592,16.440788,16.340176,17.172983,13.956372,17.877296,17.44875,12.383512,15.70176,20.619682,19.233318,14.782018,15.837898,16.16268,12.221654,12.354607,8.544673,10.08516,11.102239,12.211666,15.587797
19,30.859957,27.2174,27.165703,22.815823,21.581417,21.144457,17.971828,19.26106,15.965379,20.603704,20.053423,23.343748,21.88768,19.713615,15.001969,12.748646,9.846283,7.1592255,6.0059767,0.0,4.5756817,6.7775183,10.519424,6.859841,7.6253843,8.030016,8.615309,10.70468,11.685434,16.018873,15.45061,21.48655,22.557125,24.787172,20.208439,17.011568,20.212175,22.167698,17.265345,15.588021,20.739897,19.080198,14.916767,17.603214,21.52647,18.259497,16.091934,20.593096,22.829288,24.694162,22.906328,20.40502,25.878746,25.889662,22.969084,20.33204,17.00774,17.465029,22.707191,22.600052,16.910616,21.289358,21.271269,25.419567,23.652346,20.02975,21.411102,19.98834,15.743529,16.939018,17.096289,15.186837,11.304425,12.361837,12.006247,12.845247,10.524427,11.354857,10.2095175,13.049792,12.481329,15.590842,13.376555,10.279309,9.58104,6.6561475,5.546301,6.240619,7.2716217,10.530158,10.500536,11.678437,10.215553,13.3261,12.651394,8.800448,12.522952,16.650032,15.3198595,12.352261,13.929911,14.713775,11.975807,11.681663,10.827848,9.769882,13.008046,13.493059,17.573582
20,34.961487,31.381655,31.575201,27.257187,26.087782,25.713669,22.468338,23.596518,20.033535,24.497606,23.415886,26.474804,24.8622,22.263493,17.904202,15.742528,12.494022,10.650202,7.429011,4.5756817,0.0,3.5526528,6.0027113,4.4729395,6.834518,8.965712,11.183014,14.198882,15.6479435,19.717232,19.504244,25.099619,26.63202,28.362745,23.446573,20.653137,23.81617,25.092543,19.970856,18.751434,23.581465,20.812347,16.898527,19.880627,23.342426,18.80497,17.035301,21.901232,23.429638,25.933472,23.842484,20.192602,25.812551,26.32022,22.628193,19.630238,17.182837,17.205305,22.371944,23.337917,18.231226,22.1654,22.40266,26.414703,25.182789,22.069641,23.338234,22.551367,18.219624,17.990877,18.824232,17.847218,13.450107,12.915367,12.546008,11.716742,9.035678,10.852061,7.8682337,12.156368,11.601572,14.500261,13.790983,10.9610405,11.010105,6.35666,8.204644,6.342704,9.387098,11.94198,12.517333,13.048538,11.273653,15.33555,15.446128,12.408142,15.050858,19.657198,19.049639,16.479961,17.237524,17.31978,14.662972,15.253674,13.991723,14.168781,16.992943,17.589563,21.567816
21,35.89356,32.48352,32.893185,28.371346,27.68805,27.197239,24.519407,25.362011,22.159,26.594145,25.655495,28.591309,26.548922,24.090033,18.998077,17.79324,14.006575,12.971305,8.35595,6.7775183,3.5526528,0.0,5.1259613,6.122401,7.752085,10.404087,13.316069,16.226435,18.128479,22.01441,22.196455,27.968723,29.333939,31.431292,26.666233,23.653997,26.744257,28.352613,23.248371,21.746883,26.579756,24.108128,20.050444,22.615509,26.301403,21.799088,19.345331,24.289757,26.007324,28.687567,26.930197,22.78715,28.611816,29.410042,25.657942,22.767328,20.494473,20.592842,25.683495,26.71565,21.762665,25.70403,25.90859,29.939997,28.726557,25.57875,26.788183,25.85749,21.62649,21.4571,22.049042,20.937283,16.828035,16.054935,16.055225,14.832253,12.274257,14.163129,10.443783,14.643374,13.318207,15.418603,15.00744,12.89129,13.851807,8.8321,11.458291,9.582308,12.107276,14.191842,13.92552,13.420604,10.087142,15.041223,15.9195175,12.850975,14.360771,19.686718,19.865099,17.100094,16.780622,16.168415,13.608507,15.014395,13.842044,15.352428,17.98818,19.369677,23.12722
22,39.996857,36.548126,37.103386,32.80783,31.836002,31.611242,28.4494,29.53179,25.912514,30.260422,28.866102,31.705908,29.912077,27.062307,22.887482,21.055786,17.609953,16.403856,12.200776,10.519424,6.0027113,5.1259613,0.0,6.5852737,9.142151,12.339741,15.710128,19.219074,21.198915,24.874697,25.254297,30.395138,32.41517,33.807278,28.702934,26.268736,29.433165,30.198252,25.026085,24.178375,28.708326,25.099243,21.56574,24.6602,27.645174,22.108154,20.77652,25.749258,26.545334,29.617157,27.295479,22.595007,28.109695,29.14665,24.724638,21.422039,20.1655,19.605972,24.36625,26.549662,22.156359,25.391304,25.749672,29.531576,28.995852,26.42047,27.369543,27.1141,22.963638,21.427216,22.640306,22.491407,18.098135,16.045456,16.049477,13.414144,11.11616,13.8585005,9.462773,14.572017,14.012818,16.097374,17.098654,14.961268,15.67912,10.614795,13.731219,10.463952,14.007136,15.508092,16.261715,15.906151,13.89936,18.47538,19.436636,17.28648,18.708403,23.586697,23.835281,21.713825,21.59292,20.957602,18.673267,20.056265,18.810818,19.944195,22.5763,23.4307,27.293692
23,34.307655,30.808485,31.545975,27.624737,26.434114,26.948105,23.543758,25.67701,22.307922,26.96532,26.218918,29.514069,28.307375,25.807875,21.627016,19.008358,16.224789,13.493482,11.5815,6.859841,4.4729395,6.122401,6.5852737,0.0,3.2613077,5.9738708,9.252497,12.956216,15.324371,18.56389,19.834154,24.440254,27.138838,28.592978,23.668745,21.465593,25.120369,26.055218,21.159359,20.511961,25.51646,22.373055,18.928223,22.588087,25.68417,21.039467,20.436956,25.129955,26.285845,28.586365,25.826244,22.816895,27.95728,28.04529,24.111525,20.470314,18.385931,17.351425,22.569532,24.33454,18.62421,21.802076,21.38512,25.58007,25.216831,22.12474,22.321661,21.57549,17.94688,16.796255,16.973244,16.506626,12.842081,10.634974,11.901432,9.962889,8.659352,12.157888,10.122777,15.074291,15.392641,18.570284,18.013313,14.874591,13.957247,10.10373,9.548837,5.1219263,7.723592,8.954732,9.905525,10.3666315,10.575201,13.714898,13.927137,12.634218,14.829116,18.546516,18.2751,17.091637,17.907824,18.123959,16.44569,16.893318,17.038101,16.234346,19.815071,20.145441,24.311012
24,31.862902,28.489168,29.594711,25.806448,24.883009,25.869722,22.783903,25.415823,22.523703,27.3135,27.079294,30.53262,29.380302,27.194923,22.575848,20.173655,17.466825,14.446847,13.051348,7.6253843,6.834518,7.752085,9.142151,3.2613077,0.0,3.3762736,7.5178833,11.171001,14.306162,16.944546,19.28293,23.586273,26.622726,28.407276,23.787125,21.588858,25.46332,26.756582,22.117859,21.377476,26.608479,24.00158,20.550747,24.168953,27.453167,23.361877,22.670872,27.232466,28.6841,30.69033,27.948349,25.485529,30.533072,30.335209,26.646198,22.969698,20.632275,19.457346,24.71625,26.279861,20.065748,23.137344,22.22589,26.594206,26.371887,22.994051,22.64609,21.453495,18.364422,17.59373,16.815844,15.984903,13.291224,11.018404,13.318806,11.740302,11.149483,14.652996,13.199582,17.88652,18.109762,21.275076,20.219406,17.062237,15.934893,12.498348,10.665467,6.5008006,7.082836,7.3362703,7.2289734,7.156759,8.317734,10.725439,11.088038,10.783204,12.475468,15.718142,15.82765,15.367512,15.980596,16.277254,15.321388,15.6757555,16.948145,15.758648,19.792063,20.341028,24.489
25,28.893263,25.485542,26.662674,23.136934,22.084793,23.521801,20.38148,23.601618,20.9967,25.812468,25.98279,29.586578,28.75727,26.839853,22.368017,19.711157,17.531202,13.962018,13.969228,8.030016,8.965712,10.404087,12.339741,5.9738708,3.3762736,0.0,4.407992,8.028992,11.535765,13.715267,16.726559,20.63941,23.989841,25.875502,21.51902,19.460123,23.510244,24.9718,20.670895,20.00307,25.329,23.198933,19.908998,23.584318,26.866287,23.464075,23.034657,27.282907,28.926882,30.491177,27.683859,26.105513,30.87361,30.239464,26.956728,23.338827,20.628922,19.401863,24.642347,25.786972,19.11406,22.107473,20.784801,25.261494,25.024652,21.39128,20.64619,19.049301,16.439135,16.224192,14.640637,13.380107,11.596075,9.773628,12.685182,12.024348,11.991577,15.1819515,14.838242,18.985357,19.472095,22.883032,21.219168,17.852098,16.094038,13.633113,10.072212,6.6334763,4.9819427,4.569879,3.9496715,5.1943135,8.541608,9.175521,8.637549,9.187331,11.449611,13.519456,13.104224,13.4029875,14.743336,15.670258,15.126416,14.789009,16.81644,14.480854,18.86477,19.089674,23.229828
26,25.928818,22.332605,23.168608,19.920584,18.372196,20.076109,16.568333,20.350395,17.905325,22.636448,23.149374,26.866238,26.509804,24.874756,20.95522,17.834606,16.536476,12.39747,14.378617,8.615309,11.183014,13.316069,15.710128,9.252497,7.5178833,4.407992,0.0,3.95838,7.28883,9.452373,12.528035,16.272789,19.700464,21.632887,17.519125,15.550366,19.714897,21.34905,17.462896,16.867907,22.184849,20.702606,17.65256,21.279902,24.488182,22.058022,21.932722,25.667442,27.525898,28.513468,25.739979,25.282684,29.65237,28.523006,25.882809,22.563128,19.33032,18.331558,23.424429,23.766975,16.756037,19.838085,18.25754,22.755484,22.169867,18.231167,17.401148,15.294443,13.011398,13.944735,11.681009,9.544802,8.736195,8.586353,11.335079,12.334065,12.563685,14.817888,15.863707,19.017006,19.830114,23.483448,21.116577,17.572985,15.044644,14.065242,8.661738,7.2330303,3.0553098,3.3821282,3.3975956,7.0713277,11.014134,10.184653,8.038704,8.490492,12.088734,12.773854,10.851534,11.525307,14.318437,16.13975,15.548015,14.189029,16.403069,12.507486,17.000118,16.502115,20.57904
27,22.26415,18.580652,19.258364,16.18157,14.513173,16.62189,13.312868,17.68439,15.939715,20.522327,21.696936,25.462973,25.347652,24.21974,20.360971,17.441212,16.761652,12.626458,15.749961,10.70468,14.198882,16.226435,19.219074,12.956216,11.171001,8.028992,3.95838,0.0,4.467987,5.991441,9.798348,13.519249,16.662983,19.198534,15.78385,13.640082,17.742733,20.036634,16.786034,15.911997,21.148249,20.824354,17.89287,21.015707,24.366114,23.089455,22.708313,25.951967,28.246737,28.700912,26.275585,26.656828,30.796549,29.344154,27.376183,24.472534,20.808567,20.219198,25.073153,24.539501,17.477613,20.670483,18.896729,23.267004,22.229574,17.99507,17.15543,14.303553,12.668605,15.0819645,12.11919,8.835745,9.637061,11.141204,13.418259,15.452781,15.649726,17.075933,18.682734,21.039995,21.718258,25.28336,22.255087,18.868547,16.181551,16.148722,10.193269,10.563406,6.252747,6.6594243,5.4995008,8.841182,12.537836,10.482571,7.329238,7.9181952,11.871204,11.155988,8.003683,9.302894,13.062802,15.557808,15.305619,13.170554,16.028767,11.090967,15.587729,14.874449,18.629675
28,22.268816,18.38673,18.020838,15.066493,12.465579,14.002731,9.745525,14.243704,12.268004,16.620987,17.851381,21.619173,21.975737,21.021154,18.142546,14.711552,15.100195,10.892766,15.611439,11.685434,15.6479435,18.128479,21.198915,15.324371,14.306162,11.535765,7.28883,4.467987,0.0,4.992233,5.3873625,10.29457,12.509968,15.100401,11.728886,9.246746,13.299419,15.857827,12.946904,11.971429,17.02562,17.45879,14.77375,17.551325,20.778618,20.51107,20.269121,22.889778,25.348068,25.30509,23.133944,24.392464,28.14094,26.406319,25.136633,22.80298,18.740103,18.756718,23.247559,21.71886,14.912209,18.428476,16.959843,21.05148,19.213387,14.812319,14.76588,11.629259,9.719456,13.726304,11.233792,7.17394,8.164712,11.814959,12.673773,16.019667,15.946883,16.136068,18.662657,19.855087,20.733143,24.314432,20.847713,17.531906,14.385857,15.798323,9.412249,11.770931,8.071175,9.689857,9.77766,13.187785,15.966415,14.474557,11.246709,10.227758,14.896104,14.307236,10.182228,10.18052,14.901456,17.72915,16.771269,14.066934,15.872943,9.973712,13.765029,11.9416,15.516541
29,19.158384,15.423144,15.730393,14.012972,11.401303,14.704893,11.173034,16.75605,15.8541975,19.667261,21.51178,25.197819,25.952126,25.363579,22.659414,19.425184,19.998758,15.8718815,20.39099,16.018873,19.717232,22.01441,24.874697,18.56389,16.944546,13.715267,9.452373,5.991441,4.992233,0.0,7.3356204,8.340905,12.442334,14.911637,12.784979,11.647518,15.527621,17.839184,16.102095,15.732892,20.212566,20.929863,18.947006,21.761196,24.53543,24.677576,25.018246,27.325817,29.617546,29.21554,26.792503,28.755629,32.017673,29.865437,28.788677,26.277193,22.474703,21.913557,26.060015,24.75438,17.896564,20.39327,18.105425,22.019186,20.910936,16.68728,15.155457,11.515971,11.8639,15.445857,11.552789,7.6616845,11.287442,13.838552,15.831192,18.808495,19.5461,20.28848,23.025486,24.510464,25.614069,29.262161,25.839304,22.505882,19.236423,20.573067,14.058603,15.354089,11.130169,11.0537405,10.744667,14.03498,18.16648,15.141061,11.615047,12.773713,16.473211,13.852605,9.601009,12.09256,16.636837,19.663795,19.72645,16.928066,19.861078,13.934034,17.711266,15.999272,19.020697
30,22.43847,18.573097,16.986336,14.6721115,11.060724,11.8815565,6.6080527,11.24377,9.483478,12.886083,14.462804,18.0837,19.298603,18.822418,17.550085,13.813105,15.7196865,12.071186,17.98833,15.45061,19.504244,22.196455,25.254297,19.834154,19.28293,16.726559,12.528035,9.798348,5.3873625,7.3356204,0.0,7.3168926,7.3526855,10.222564,7.6292276,4.754537,8.397537,11.605218,10.012215,9.0230465,13.17918,15.200204,13.302442,15.201265,17.995989,19.497402,19.520786,21.001968,23.63675,22.732985,21.023306,23.68539,26.664131,24.475971,24.324484,22.841545,18.508495,19.23192,22.921915,20.053993,14.098237,17.57783,16.462473,19.846024,17.025555,12.673435,13.582475,10.21416,8.813279,14.471792,12.589309,8.566313,10.069969,15.0294895,14.586846,18.916075,18.71835,17.639505,21.030682,20.851189,21.920101,25.334015,21.453594,18.477766,15.059955,18.032219,12.031857,15.684331,12.703425,14.595139,15.1458845,18.557793,20.891947,19.50807,16.203516,14.593188,19.344889,18.491518,13.869316,13.252652,18.354652,21.4019,20.074549,16.965078,17.84877,11.601792,13.882821,10.711645,13.36088
31,22.150059,18.6831,17.467415,17.276268,13.376789,16.027573,11.686762,16.903982,16.017334,18.225424,19.956701,23.177053,25.271786,24.972057,24.678143,20.676,22.847403,19.000738,24.815508,21.48655,25.099619,27.968723,30.395138,24.440254,23.586273,20.63941,16.272789,13.519249,10.29457,8.340905,7.3168926,0.0,7.1647077,7.3458676,7.236042,8.770187,11.371973,12.520122,13.286421,14.119101,16.667658,18.273928,18.023214,20.35625,21.752836,23.638927,25.284494,26.153364,27.99594,26.501406,24.07129,28.102365,29.87815,26.891422,27.142475,25.48898,21.782654,21.549917,24.305721,21.80078,16.222958,17.663137,15.439921,18.099133,16.438416,12.819593,11.366538,7.5704017,10.270734,14.950547,11.85309,8.901378,13.242852,17.03656,17.524832,21.615532,22.578976,22.039656,26.14264,26.191908,27.986458,31.654325,28.134398,24.96105,21.066196,24.138826,17.695625,20.10234,16.756754,17.243326,18.3359,22.000847,25.936434,23.41177,19.89394,20.126122,24.345821,21.89885,17.334297,18.797915,23.814571,27.00074,26.419933,23.295675,24.950684,18.636276,21.049686,17.826275,19.885094
32,22.272362,18.87388,16.031467,15.473145,11.3307085,11.860541,7.8615174,11.565421,11.672129,12.364906,14.804882,17.585598,20.01591,20.541138,21.074217,17.813185,20.838938,18.064724,24.277002,22.557125,26.63202,29.333939,32.41517,27.138838,26.622726,23.989841,19.700464,16.662983,12.509968,12.442334,7.3526855,7.1647077,0.0,5.5009236,7.701719,7.171215,7.1205263,10.576846,12.330209,11.865095,13.211491,17.382313,16.951105,17.455267,19.175188,22.880072,23.27326,23.227507,25.887327,23.79161,22.784384,27.150526,28.912352,26.128115,27.406303,26.843233,22.63704,23.751482,26.27523,22.201551,17.842344,20.402138,19.394938,21.542788,18.15631,14.66277,15.762741,12.568548,13.140736,19.04239,17.300245,13.931996,16.347029,21.377602,20.533318,25.21276,25.18601,23.43447,27.352886,26.188444,27.365747,30.467756,26.328234,23.873755,20.542606,24.393547,18.883085,22.8113,19.951345,21.54697,22.091486,25.446901,27.821695,25.977182,22.543774,21.165327,25.594076,23.884037,19.055054,18.744452,23.8346,27.076462,25.916794,22.5212,23.21248,17.168377,18.018845,14.387444,15.060816
33,26.67115,23.371347,20.873245,20.736761,16.563417,17.336477,12.987631,16.18882,15.18613,15.538028,16.808283,19.243631,22.32731,22.348343,24.168936,20.057602,23.380898,20.376684,26.70031,24.787172,28.362745,31.431292,33.807278,28.592978,28.407276,25.875502,21.632887,19.198534,15.100401,14.911637,10.222564,7.3458676,5.5009236,0.0,5.4538865,8.123552,7.5943303,7.8046556,11.265162,12.461445,12.471005,15.641784,16.64359,17.685915,17.97778,21.788233,23.738657,23.182167,24.895168,22.442764,20.752228,26.172632,26.858343,23.528677,25.209269,24.816633,21.120348,21.906696,23.483244,19.365005,15.909517,17.259497,16.269445,17.512936,14.262731,11.641649,12.557752,10.23295,11.933311,17.178976,16.028915,13.80927,16.390455,21.13853,19.93477,24.688715,25.116875,23.193216,27.799692,26.36157,28.26209,31.560797,27.937239,25.302025,21.489605,25.766348,20.249712,23.806442,21.38011,22.774687,24.253237,27.981018,30.995451,29.300734,25.856203,24.801414,29.458626,27.842339,23.077303,23.112566,28.25957,31.417908,30.06827,26.844652,27.137281,21.136267,22.114481,18.065512,19.0299
34,28.102278,24.44976,22.503428,21.271145,17.234419,17.812195,12.564205,15.784316,13.305541,14.943111,15.269183,18.22058,20.764288,19.946297,21.362741,16.589424,19.54866,16.158978,22.325903,20.208439,23.446573,26.666233,28.702934,23.668745,23.787125,21.51902,17.519125,15.78385,11.728886,12.784979,7.6292276,7.236042,7.701719,5.4538865,0.0,4.552697,6.239304,5.4821973,6.6958156,8.577564,10.04111,11.397207,12.028299,14.208868,14.7862215,17.245684,19.571497,19.763239,21.203287,19.457855,17.030102,21.727215,22.974209,19.893063,20.72402,19.847424,16.037733,16.680279,18.806026,15.194329,10.709771,12.7230215,11.933419,14.024183,10.632366,6.9914956,8.72478,6.5520706,6.617559,12.163697,11.685674,9.629333,11.2160845,16.136223,14.534119,19.358791,19.70166,17.807255,22.492043,21.299593,23.440939,26.969328,23.695957,20.742762,16.66752,20.823887,15.302857,18.735722,16.759245,18.458052,20.45414,24.301249,27.234806,26.157578,22.90435,21.56304,26.463392,25.676031,21.13405,20.783825,25.82161,28.742313,27.053503,24.137909,24.046398,18.229582,19.685734,15.625632,17.62552
35,26.56334,22.776241,20.656013,18.535702,14.742611,14.45755,9.047596,11.765375,8.904794,11.269061,11.820343,15.198333,17.142323,16.406858,17.024883,12.525179,15.450551,12.261934,18.582968,17.011568,20.653137,23.653997,26.268736,21.465593,21.588858,19.460123,15.550366,13.640082,9.246746,11.647518,4.754537,8.770187,7.171215,8.123552,4.552697,0.0,4.331197,7.005782,5.806143,5.432844,8.682378,11.105314,10.06585,11.673201,13.719575,16.124748,16.881643,17.534569,19.865551,18.506237,16.855862,20.44374,22.752356,20.317963,20.842737,20.034916,15.676447,17.00774,19.976082,16.200737,11.275219,14.849722,14.540887,17.256258,13.498226,9.435955,11.988801,9.526176,7.361158,13.458537,13.060077,10.010252,10.316654,15.848019,14.013062,18.88293,18.473272,16.336151,20.403261,19.127535,20.608965,23.946617,20.218168,17.426523,13.720295,17.823488,12.544041,16.809736,14.854187,17.20715,18.583998,22.15159,24.159533,23.504173,20.371206,18.162493,23.15757,22.980871,18.46189,17.149887,22.122402,24.981373,23.023018,20.079985,19.677597,13.94388,15.145042,11.078234,13.267624
36,28.33028,24.713486,21.897985,20.039762,16.21481,14.926792,10.14877,11.111087,8.677323,9.027931,9.434502,12.227995,14.999241,14.776631,16.980343,12.868414,16.626028,14.428178,20.73652,20.212175,23.81617,26.744257,29.433165,25.120369,25.46332,23.510244,19.714897,17.742733,13.299419,15.527621,8.397537,11.371973,7.1205263,7.5943303,6.239304,4.331197,0.0,5.394285,6.5483637,5.8554716,6.1138926,10.971396,10.76464,10.634436,12.089394,16.350065,16.854263,16.287771,18.839708,16.689877,16.009317,20.46992,22.12034,19.574846,21.181854,21.327965,17.038958,19.09258,21.27074,16.397179,13.225731,16.606531,16.936182,18.784584,14.209869,11.0135765,14.513308,12.594279,10.809427,16.671024,16.873386,14.171501,14.212763,19.795311,17.357311,22.336653,21.63581,18.766336,22.866554,20.618673,21.935566,24.835913,20.93682,18.750069,15.451557,20.145842,15.805079,20.49728,18.923285,21.465305,22.757385,26.208475,27.705038,27.267248,24.173607,21.505651,26.463928,26.424658,21.831526,19.999191,24.893997,27.739069,25.515844,22.508774,21.434528,16.14777,16.14009,11.749159,12.635536
