,0,1,2,3,4,5,6,7,8,9,10,11,12,13,14,15,16,17,18,19,20,21,22,23,24,25,26,27,28,29,30,31,32,33,34,35,36,37,38,39,40,41,42,43,44,45,46,47,48,49,50,51,52,53,54,55,56,57,58,59,60,61,62,63,64,65,66,67,68,69,70,71,72,73,74,75,76,77,78,79,80,81,82,83,84,85,86,87,88,89,90,91,92,93,94,95,96,97,98,99,100,101,102,103,104,105,106,107,108
0,0.0,4.364005,6.3929043,9.67376,12.12481,14.147657,17.57785,20.95294,24.665857,27.87828,30.40079,35.088696,34.280758,34.08898,30.126104,28.757563,27.664318,24.506,24.881113,21.364006,23.187479,21.00305,24.068237,24.03732,24.916677,27.531952,24.231646,28.048075,27.714762,31.198816,30.728594,36.77553,37.332928,42.676525,42.603252,46.438747,46.075546,43.91863,40.73304,36.93985,37.483944,32.073483,31.07905,28.007572,27.445326,22.39371,22.899532,19.923893,15.529628,20.084455,23.429567,19.758038,21.603962,26.028896,27.986,29.962849,27.934025,32.36029,32.929924,37.236237,35.464794,38.9429,38.0337,41.49019,40.284264,36.42512,39.02721,38.837578,35.690826,35.015358,30.806597,34.274216,28.717817,33.8992,31.894867,34.83337,36.25647,32.470222,36.699062,33.16647,33.730656,33.9294,29.715282,26.805056,25.875895,21.67642,21.644855,17.662632,16.344528,14.86191,14.1994095,12.396374,15.340283,18.080734,19.224276,22.02055,22.331715,22.321981,22.949709,26.91706,26.902061,26.55045,30.110958,29.534704,33.902435,31.11021,36.01819,36.235886,40.534515
1,4.364005,0.0,5.3554277,6.5459647,8.7183695,11.957717,14.238673,18.535383,21.670033,25.55887,27.672197,32.65766,31.868126,31.325335,27.74473,25.73247,24.719664,21.190407,21.524971,17.80302,19.647669,17.611935,20.331863,20.546646,21.097475,23.56746,19.954866,23.94594,23.616457,27.236908,26.794289,32.92661,33.673016,38.964073,38.96819,42.731647,42.3779,40.37302,37.043575,33.32916,33.974293,28.495361,27.839966,24.405773,24.524576,19.33824,20.333248,17.887594,14.020991,18.92161,21.630613,18.304873,21.042711,25.062475,26.70792,28.323725,25.828878,29.931097,30.11132,34.310112,32.01021,35.38977,34.218857,37.58281,36.13808,32.225445,34.70102,34.475666,31.334085,30.741943,26.461317,29.968874,24.506397,29.789677,27.963268,31.082998,32.684895,29.131697,33.681892,30.251272,31.221754,31.807768,27.45752,24.186266,22.663801,18.92223,17.94487,14.063469,12.202973,10.772029,9.855502,8.208583,11.559579,13.766649,15.109098,17.938053,18.462965,18.104097,18.60391,22.693283,22.85062,22.88262,26.310293,25.522243,30.093918,27.081573,32.00216,32.26364,36.49314
2,6.3929043,5.3554277,0.0,5.2904906,6.827809,8.312194,11.816356,14.640966,18.577463,21.525467,24.236094,28.747274,28.244215,28.247658,24.626795,23.331778,22.89022,19.692123,21.089258,17.894238,20.807022,19.588737,22.686325,23.735434,24.334074,26.424938,22.099447,25.227856,24.050312,27.478281,26.16732,32.54164,32.170605,37.786194,37.235176,41.08188,40.49439,38.13764,35.076473,31.222109,31.659779,26.328344,25.235231,22.544212,21.76606,17.662373,17.332804,15.370366,10.596903,15.785674,18.417534,13.849828,16.647785,21.147608,22.342674,24.371248,21.895613,26.513824,26.933428,31.076239,29.784666,33.204315,32.606407,36.154682,35.526825,31.98181,35.173187,35.49258,32.85308,32.978287,27.946789,30.86598,24.76752,29.720217,27.083649,29.894428,30.890028,26.767525,30.851934,27.041939,27.514086,27.605942,23.445127,20.540407,19.936346,15.585668,16.326176,12.768637,12.441632,12.350176,12.243135,10.705613,15.303316,15.89806,16.006819,17.79469,18.972961,19.6642,19.77481,23.06438,23.712387,23.723188,26.431677,25.644781,29.365314,26.379427,31.206165,31.097458,35.509354
3,9.67376,6.5459647,5.2904906,0.0,3.860807,5.876588,8.89602,12.658936,15.560215,19.648632,21.390306,26.628963,25.43157,24.815548,21.227528,19.252052,18.410154,14.970167,15.965821,12.632627,15.585689,14.639883,17.738346,19.22004,19.909296,21.790085,17.558521,20.097914,18.967337,22.30866,21.332075,27.503227,27.680721,33.0889,32.946262,36.80637,36.571514,34.472458,31.45441,27.613377,28.745033,23.101389,23.169512,19.938257,20.657042,17.02389,17.077692,16.564983,12.680459,18.109112,19.598795,14.977834,19.182217,23.199389,23.524498,25.18965,21.74882,26.04053,25.605585,29.199741,27.383677,30.377396,29.286228,32.368355,31.482943,28.175817,30.99369,31.185383,28.597023,28.570208,23.398289,26.098309,19.97359,24.829023,22.444263,25.236412,26.590265,22.883194,27.24963,23.997486,24.941992,25.807755,21.319796,18.090546,16.565622,12.668666,12.256725,8.042542,7.7986393,7.491703,8.490564,8.697953,13.405866,12.53119,13.3890705,14.699308,16.968227,16.626945,15.859761,19.602444,21.104616,22.139507,24.37911,22.963705,26.976824,23.109415,27.94711,27.493307,31.77897
4,12.12481,8.7183695,6.827809,3.860807,0.0,5.764492,5.542817,10.3910055,13.063637,17.306156,19.22677,24.238169,23.82965,23.25778,20.495518,18.05051,18.070904,14.214002,16.10217,12.8986635,16.355652,16.02093,18.403704,20.29126,20.291458,21.781761,16.665718,19.463552,17.817104,21.385542,19.686106,26.345873,25.887068,31.534575,30.936543,34.6896,34.056175,31.870792,28.616861,24.834263,25.47059,19.970417,19.557896,16.333727,16.876446,13.246641,13.376975,13.265247,10.049583,15.3118305,16.246975,12.266452,16.830389,20.306452,20.57178,21.905218,18.410013,22.427668,22.008987,25.82778,23.804276,27.004461,26.062965,29.479769,28.711132,25.2483,28.496355,28.99117,26.634987,27.251255,21.779367,24.403994,18.186777,23.154474,20.48638,23.54704,24.667805,20.795433,25.40664,21.695234,22.885084,23.677792,19.323725,15.743636,14.051085,10.606817,9.701377,6.68575,6.2885127,7.964739,8.161144,7.806317,12.942684,11.005775,10.635881,11.480065,13.817887,14.268307,13.680832,16.684078,18.12302,19.055883,20.970055,19.661863,23.375452,19.807417,24.638649,24.393934,28.766779
5,14.147657,11.957717,8.312194,5.876588,5.764492,0.0,7.031985,7.6072807,11.253225,14.393012,16.452787,21.421946,20.142263,20.033474,16.334866,15.249495,15.141995,12.378062,14.850656,12.719897,16.792673,17.059818,20.294336,22.660902,23.41238,24.730461,20.108492,21.15284,19.015068,21.798973,19.81063,25.946764,24.79097,30.452372,29.748795,33.699913,33.34897,30.905334,28.365662,24.38067,25.625849,20.146448,20.299688,18.029268,18.29215,16.764507,15.162455,16.25297,12.3133955,17.466333,18.072432,11.926668,16.867002,20.976274,20.066856,22.057125,18.11728,22.859877,22.248726,25.316582,24.753416,27.477526,26.957726,29.962938,30.101568,27.518692,30.981806,31.781126,29.90415,30.62655,24.778105,26.514956,19.878567,23.935802,20.610003,22.790545,23.386501,19.088102,22.788769,19.32671,19.719074,20.31013,15.864881,13.098193,12.675015,7.9049087,10.354634,7.093247,9.732131,11.054267,12.848047,13.363442,18.361925,16.020945,15.750526,15.450837,18.72346,19.174688,17.731516,20.359715,22.699366,24.029663,25.162191,23.549706,26.442575,22.329266,26.84307,25.694294,30.049904
6,17.57785,14.238673,11.816356,8.89602,5.542817,7.031985,0.0,6.553138,7.9995995,12.705452,14.33692,19.270472,19.426579,18.801287,17.143944,14.209318,15.424146,11.491544,14.742975,12.459651,16.619028,17.485474,19.231464,21.95694,21.512598,22.235458,16.480042,18.20866,15.566121,18.890965,16.042435,23.00276,21.433128,27.326052,26.154423,29.831694,28.883968,26.558437,23.30125,19.503658,20.007378,14.542973,14.308254,11.325695,12.401849,10.763185,10.074384,12.374805,10.70393,15.042115,14.286729,10.592153,16.095585,18.643639,17.765314,18.651617,14.365421,18.00764,16.979185,20.444824,18.554804,21.60985,20.88307,24.393196,24.195402,21.13402,25.000244,26.085642,24.439705,26.001467,19.946108,21.743526,15.279272,19.728096,16.379442,19.380512,20.013,15.902093,20.610716,16.577114,18.094109,19.101633,14.881646,10.9270735,8.883436,6.446565,5.318697,5.3944244,6.859291,10.409629,11.001511,11.319554,15.992976,12.100004,10.337692,8.925647,12.58871,13.737718,12.421095,13.889624,16.271957,17.809587,18.326262,16.678795,19.418108,15.533327,20.13363,19.50383,23.95454
7,20.95294,18.535383,14.640966,12.658936,10.3910055,7.6072807,6.553138,0.0,5.0651946,7.0311284,9.816792,14.164415,14.286096,14.720185,12.887719,11.802258,13.989757,11.65967,16.046627,15.205433,19.843035,21.325396,23.642109,26.77033,26.833065,27.34331,21.945694,22.092243,18.831419,21.16378,17.547255,23.848505,20.657501,26.673714,24.82556,28.608171,27.59328,24.751186,22.386873,18.440115,19.122618,14.213263,13.972725,13.104453,12.858213,14.402347,11.241386,14.895265,12.782574,16.389338,15.027255,9.207967,14.914864,17.707102,15.146342,16.730377,11.938174,16.48598,15.419648,17.982372,18.50523,21.051716,21.314514,24.550613,25.825588,23.903913,28.267471,29.903416,28.984417,30.948654,24.604055,25.33446,18.731092,21.836777,17.535294,19.34505,18.82106,13.856011,17.15948,12.700762,13.012744,13.325362,9.073271,5.942515,7.053376,2.8219068,8.455718,9.203578,12.635903,15.676832,17.104486,17.533218,22.40603,18.565626,16.707981,14.532846,18.369572,19.956652,18.233574,18.827457,21.724972,23.242662,22.842312,21.198227,22.421886,18.58472,22.412783,20.812874,25.15163
8,24.665857,21.670033,18.577463,15.560215,13.063637,11.253225,7.9995995,5.0651946,0.0,6.1864705,6.366054,11.746664,11.681904,11.163761,10.946725,8.3271885,11.556702,9.255124,14.109078,14.069141,18.571222,20.790834,22.367445,25.927544,25.673666,25.596558,20.242008,19.395462,15.675034,17.551119,13.3089485,19.495525,15.785481,21.862597,19.871088,23.619225,22.633072,19.919271,17.512743,13.522317,14.882883,9.714568,11.260262,10.307497,12.145576,14.968644,12.494702,17.258595,16.4091,19.535177,17.217667,13.072619,18.749788,20.50545,17.43805,18.155968,12.809778,15.985637,13.640598,15.113203,15.069485,16.943626,16.859022,19.6875,21.152042,19.797071,24.151009,26.035534,25.642231,28.022545,21.582533,21.5494,15.209816,17.535545,12.9555855,14.613194,13.913806,8.995995,12.945481,8.64964,10.214664,11.904549,7.7206583,3.6154974,2.0531325,3.4835827,6.45981,9.449928,12.896378,16.293068,17.897896,19.040161,23.333914,18.455254,16.576992,13.339111,17.899025,19.022913,16.63421,16.420774,20.15432,22.487965,21.129898,18.974941,19.713581,15.175362,18.54766,16.34995,20.535208
9,27.87828,25.55887,21.525467,19.648632,17.306156,14.393012,12.705452,7.0311284,6.1864705,0.0,4.983344,7.2356815,9.023807,10.642953,11.194956,11.320849,15.100324,14.299485,19.222725,19.667147,24.229553,26.451527,28.354973,31.913857,31.815876,31.76462,26.414917,25.382729,21.55971,22.94022,18.421167,23.765038,18.622978,24.435106,21.503075,24.994236,23.534813,20.255371,18.77038,15.145808,15.617583,12.238491,12.2369375,13.669981,13.114912,17.769615,13.760771,18.82328,17.971306,20.071287,17.39033,12.768252,17.55525,18.987219,14.651394,15.789254,10.726923,14.300347,12.497949,13.179305,16.061697,17.676296,18.989717,21.836592,24.621307,23.950727,28.76201,31.074297,31.132607,33.8824,27.455503,27.033716,21.004963,22.553087,17.704958,18.381353,16.447523,11.304782,12.737169,7.613851,6.814243,6.44697,2.9944153,2.7343616,7.440854,7.5271306,12.573791,14.995465,18.590454,21.8781,23.407562,24.015688,28.637371,24.148647,21.800154,18.619019,22.59067,24.547997,22.529554,21.716192,25.055147,26.794233,25.076788,23.390709,22.853827,19.372068,21.93094,19.540445,23.391392
10,30.40079,27.672197,24.236094,21.390306,19.22677,16.452787,14.33692,9.816792,6.366054,4.983344,0.0,6.290947,5.760102,6.0536413,8.392762,7.756175,12.146772,12.122068,16.927021,18.243734,22.483395,25.250187,26.757105,30.603909,30.524296,30.05453,25.176085,22.977383,19.00536,19.617588,14.991079,19.497576,13.928052,19.584848,16.734903,20.339294,19.34002,16.23432,15.211926,11.565182,13.618106,10.230656,12.754152,13.781368,15.331284,20.088388,16.939425,22.295977,21.718063,24.139175,21.246744,17.162252,22.260012,23.482004,19.205124,19.830067,14.592718,16.988298,14.052417,13.158685,15.432399,15.881866,16.627523,18.468372,21.485277,21.6766,26.071817,28.43078,28.906698,31.684847,25.346714,24.140667,18.542606,19.009085,14.12832,14.0202055,11.739007,6.739215,7.864526,3.1780865,3.9496686,6.8539853,3.910361,4.051139,6.2789707,8.761694,12.241697,15.208341,18.938046,22.093725,24.030754,25.381966,29.587626,24.479696,22.59424,18.95416,23.51555,24.664831,21.990032,21.033903,25.112324,27.644993,25.412245,23.187098,22.5864,18.25374,20.292715,17.097666,20.538204
11,35.088696,32.65766,28.747274,26.628963,24.238169,21.421946,19.270472,14.164415,11.746664,7.2356815,6.290947,0.0,6.7282043,9.151105,12.854956,13.641028,18.004112,18.396858,23.148695,24.528694,28.758913,31.530584,32.95111,36.801624,36.54713,35.970345,30.890162,28.825623,24.774652,25.184292,20.307455,24.132902,17.474466,22.422375,18.465158,21.320211,19.465885,15.903767,15.834644,13.19925,13.692644,12.856541,13.755159,16.693727,16.640816,22.840916,18.98494,24.57927,24.595943,25.862354,22.426853,19.14562,23.172947,23.457832,18.36239,18.712467,14.321191,15.75249,13.128809,10.654586,15.7116375,15.64958,17.846844,19.696207,23.913363,24.70228,29.515106,32.33759,33.34228,36.673313,30.450632,28.940403,23.895252,23.824522,19.029472,18.449162,15.259828,11.262733,9.764594,5.822285,3.6260004,3.051492,5.9088664,8.582503,11.889288,14.070934,17.886251,21.07823,24.626253,27.988468,29.615438,30.502085,34.80443,29.791782,27.298334,23.518791,27.528118,29.45282,27.163446,25.35844,29.022282,31.074488,28.290234,26.51872,24.564016,21.471107,22.519236,19.418013,22.273418
12,34.280758,31.868126,28.244215,25.43157,23.82965,20.142263,19.426579,14.286096,11.681904,9.023807,5.760102,6.7282043,0.0,3.92104,6.985676,9.419951,13.104961,14.94777,19.150293,21.339188,25.268072,28.247051,30.029024,33.962578,34.32983,33.769344,29.528996,26.348562,22.51455,22.20661,18.082994,20.850832,14.937252,19.50769,16.73008,20.13003,19.801426,16.77481,17.373072,14.426031,17.245483,15.006365,17.94578,19.378794,20.785164,25.778187,22.364222,27.611986,26.609835,29.065006,26.313915,21.637735,26.381126,27.807512,23.072802,24.00046,19.129654,21.463333,18.624264,16.494228,19.964128,19.455961,20.411493,21.11663,24.790794,25.956636,29.930109,32.3,33.10169,35.6969,29.524971,27.710464,22.534338,21.929087,17.332527,15.825301,12.95756,9.353275,6.521449,5.9266315,3.4357266,6.5098815,6.2099442,9.134052,11.632143,13.260872,17.250753,19.52173,23.6035,26.305552,28.70666,30.345066,34.597183,29.540257,28.044275,24.476559,29.175327,30.013569,27.058456,26.323957,30.63466,33.34191,30.990236,28.65134,27.814219,23.391739,24.892185,21.195427,23.952347
13,34.08898,31.325335,28.247658,24.815548,23.25778,20.033474,18.801287,14.720185,11.163761,10.642953,6.0536413,9.151105,3.92104,0.0,6.0863543,6.712894,10.46432,12.50444,16.377256,18.925753,22.526606,25.749525,27.174047,31.197983,31.510754,30.727053,26.821766,23.102436,19.313189,18.620892,14.648099,16.957598,11.230821,15.862097,13.572572,17.253551,17.468044,14.836671,15.299265,12.291232,16.185635,13.506774,17.702654,18.374346,21.005005,25.538239,22.801138,28.069904,27.215874,30.012968,27.250248,22.879852,28.051601,29.487867,25.096191,25.751503,20.58643,22.600185,19.290922,17.1331,19.283888,18.425608,18.598253,18.734049,21.995737,23.387966,26.912516,29.131176,29.998129,32.454468,26.430851,24.316544,19.44382,18.354668,13.954836,12.073164,9.367124,6.3374286,3.7198906,5.429774,5.72223,9.788442,8.398359,9.722246,10.504396,13.016715,15.669503,18.118345,22.02651,24.597345,27.126438,29.178417,33.069946,27.739584,26.600554,22.935648,27.874813,28.131817,24.86018,24.230534,28.864323,32.01586,29.587307,26.940395,26.4517,21.47459,22.9128,18.96761,21.549337
14,30.126104,27.74473,24.626795,21.227528,20.495518,16.334866,17.143944,12.887719,10.946725,11.194956,8.392762,12.854956,6.985676,6.0863543,0.0,5.548952,7.1910954,10.056361,13.514699,15.985762,19.690018,22.53569,24.866959,28.664707,29.647833,29.38645,25.854162,22.329742,18.980835,18.639109,15.695435,18.45146,14.812118,19.385221,18.396511,22.298393,23.037018,20.640408,20.58646,17.15917,20.894278,16.968454,20.5917,20.370956,22.637066,25.864985,23.104656,27.577452,25.6015,29.199663,27.32943,21.672155,26.962408,29.46647,25.541842,26.920023,21.760277,25.009012,22.322458,21.441113,23.185383,23.187994,23.00765,23.581411,25.910746,26.468967,29.689316,31.360586,31.449812,33.073227,27.0023,25.62744,20.010523,19.966599,15.843082,14.5867605,13.312983,9.97121,9.618527,9.90453,9.3194685,12.13064,9.136894,10.051892,10.975639,11.084719,14.773335,15.543234,19.868263,21.746964,24.751163,26.944605,31.080276,26.358826,25.899633,22.956575,27.964499,27.827377,24.538713,25.197952,29.69683,32.714108,31.219864,28.568724,29.204674,23.865322,26.303312,22.756392,25.847498
15,28.757563,25.73247,23.331778,19.252052,18.05051,15.249495,14.209318,11.802258,8.3271885,11.320849,7.756175,13.641028,9.419951,6.712894,5.548952,0.0,4.581552,5.806738,9.843861,12.21681,15.922927,19.06102,20.661318,24.627657,25.12165,24.589151,20.843885,17.281908,13.692657,13.5859785,10.246825,14.007984,10.892875,16.190285,15.5087,19.576769,20.228443,18.155344,17.153833,13.529898,17.613031,13.003796,17.492342,16.345327,19.884708,22.593424,20.739851,25.30043,23.95386,27.62542,25.533617,20.875805,26.561443,28.67141,25.233768,26.053812,20.657368,23.31507,20.207283,19.681223,19.757643,19.834717,18.871353,19.501581,21.049063,21.283981,24.310658,25.875835,25.902126,27.623314,21.519396,20.150457,14.498148,14.643123,10.449812,9.8921,9.477514,6.154932,8.831856,8.750515,10.363118,13.92361,10.332189,9.109827,7.480435,9.259887,10.53156,12.175082,16.051266,18.224176,21.025326,23.493145,27.179466,21.984148,21.591482,18.415396,23.58244,23.041046,19.540606,20.07005,24.789127,28.171598,26.556364,23.67898,24.680597,18.948378,21.51604,18.073881,21.273993
16,27.664318,24.719664,22.89022,18.410154,18.070904,15.141995,15.424146,13.989757,11.556702,15.100324,12.146772,18.004112,13.104961,10.46432,7.1910954,4.581552,0.0,4.5850196,6.50651,9.665763,12.790788,15.932058,17.968761,21.823898,22.93833,22.595612,19.798367,15.679302,12.829731,12.378637,10.837122,13.645333,12.906958,17.288216,17.934095,21.955126,23.34409,21.735628,20.796913,17.357256,21.716843,16.840715,21.37937,19.51069,23.298735,24.908323,23.516502,27.420515,25.478416,29.738102,28.236227,23.139675,28.870472,31.541485,28.526552,29.599495,24.263746,27.276546,24.34561,24.162453,23.714693,23.867165,22.405884,22.681915,23.42639,23.46671,25.682102,26.655558,26.220558,27.06273,21.310171,20.187168,14.694677,15.006209,11.903923,11.3369,12.177218,10.228425,12.599085,13.310961,14.604668,17.95484,14.165918,12.877021,10.934604,11.341951,11.876417,11.881913,15.603455,16.78484,20.117165,23.093672,26.496058,21.684973,22.260742,19.729555,24.889236,23.511883,19.805126,21.437103,26.144646,29.704613,28.678204,25.661638,27.534815,21.47655,24.369596,21.11722,24.172928
17,24.506,21.190407,19.692123,14.970167,14.214002,12.378062,11.491544,11.65967,9.255124,14.299485,12.122068,18.396858,14.94777,12.50444,10.056361,5.806738,4.5850196,0.0,4.958659,6.4447303,10.458255,13.388028,15.191166,19.046425,19.688066,19.50393,15.89609,12.882366,9.814345,10.819321,8.912567,13.856925,13.544456,18.602623,18.970314,22.961996,23.75126,22.098494,20.1775,16.513868,20.188866,14.711684,18.771439,16.142818,20.149273,20.902166,20.08471,23.671213,21.960716,26.291573,24.9066,20.369968,26.181866,28.744226,26.300043,27.175367,21.92474,24.882818,22.13614,22.835543,21.393234,22.21637,20.503252,21.559826,21.595247,20.671034,23.095407,23.948677,23.063793,23.967749,17.952837,17.63572,11.432015,13.306734,10.140804,11.288762,12.718091,10.202473,14.303111,13.542399,15.468414,18.541723,14.293585,11.720255,8.560843,8.882085,7.6337175,7.68901,11.176248,12.760831,15.834829,18.758007,22.124205,17.1747,17.68363,15.282413,20.398357,18.993347,15.386842,17.282238,21.810556,25.283466,24.572306,21.621813,24.029627,18.018436,21.482126,18.831972,22.330091
18,24.881113,21.524971,21.089258,15.965821,16.10217,14.850656,14.742975,16.046627,14.109078,19.222725,16.927021,23.148695,19.150293,16.377256,13.514699,9.843861,6.50651,4.958659,0.0,4.0828342,6.302228,9.6310625,11.490318,15.322738,16.591661,16.435198,14.344877,10.342992,8.655391,9.0721,9.835497,13.1459465,15.368871,19.29479,20.93212,24.737251,26.230436,25.143915,23.31865,20.013317,24.079792,18.696192,23.067833,19.888414,24.354403,24.159466,24.046858,27.01982,25.080893,29.756718,28.796356,24.350128,30.081667,32.89422,30.845627,31.73982,26.582747,29.482546,26.720598,27.430166,25.351454,25.976068,23.681566,24.140404,23.291746,22.352037,23.630342,23.763346,22.454844,22.296585,16.988707,16.830074,11.529987,13.22961,11.787319,12.762005,15.230418,14.114522,17.91496,18.100662,20.068111,23.295435,19.107048,16.668043,13.369241,13.398343,11.098019,9.791557,12.0535555,12.151513,15.634026,19.240004,21.790607,17.266945,19.008865,17.35174,22.196035,19.65551,15.848963,18.771202,23.209469,26.97157,26.725657,23.618328,26.796335,20.58222,24.019506,21.551954,24.625546
19,21.364006,17.80302,17.894238,12.632627,12.8986635,12.719897,12.459651,15.205433,14.069141,19.667147,18.243734,24.528694,21.339188,18.925753,15.985762,12.21681,9.665763,6.4447303,4.0828342,0.0,4.660913,7.013457,9.311902,12.879744,13.984702,14.40354,11.6824665,9.644517,8.514453,10.592999,11.311965,15.858162,18.08355,22.387276,23.710995,27.478462,28.508385,27.302202,24.878979,21.442184,24.775766,19.092567,22.620861,18.922123,23.087208,21.76135,22.16577,24.422455,22.374664,27.218063,26.68978,22.544828,28.111366,31.048069,29.64057,30.540937,25.656776,28.70865,26.347715,27.880947,25.274792,26.553165,24.235674,25.403746,24.046339,22.171936,23.569052,23.4615,21.515255,21.100693,15.786811,16.822704,11.1554,14.488431,13.21478,15.265116,17.790043,16.10813,20.55532,19.744013,21.772524,24.590145,20.137503,17.105862,13.5895,12.864326,9.634286,7.1590004,8.468147,8.091912,11.621555,15.306843,17.807013,13.609944,15.749366,14.811117,19.284199,16.574625,13.093312,16.82014,20.730215,24.189066,24.616472,21.727974,25.568563,19.674479,23.663254,21.89137,25.304628
20,23.187479,19.647669,20.807022,15.585689,16.355652,16.792673,16.619028,19.843035,18.571222,24.229553,22.483395,28.758913,25.268072,22.526606,19.690018,15.922927,12.790788,10.458255,6.302228,4.660913,0.0,3.766693,5.495222,9.076767,10.8641205,11.260257,10.710497,7.9480534,8.876061,10.302977,13.027336,16.02852,20.017843,23.353226,25.563887,29.074198,30.584923,29.86797,27.49629,24.414944,28.03288,22.553413,26.428867,22.423155,27.034794,25.180655,26.185423,28.07293,26.124275,31.008436,30.66517,26.875534,32.324833,35.25138,34.097725,34.88584,30.066149,32.870987,30.39907,31.811075,28.64712,29.671213,26.880404,27.516186,25.415937,23.593872,23.886091,23.093456,20.797167,19.297237,15.056463,16.261002,12.103271,14.9901285,15.202737,17.07353,20.212902,19.527126,23.842663,23.698,25.902136,28.951569,24.588587,21.630163,17.909946,17.517256,13.762913,11.40227,11.387009,9.7177515,12.928309,16.996033,18.277414,14.673989,17.807508,17.443296,21.434288,17.749537,14.30222,18.54681,22.2351,25.926249,26.625525,23.64994,27.972769,22.059963,25.808306,24.214186,27.154556
21,21.00305,17.611935,19.588737,14.639883,16.02093,17.059818,17.485474,21.325396,20.790834,26.451527,25.250187,31.530584,28.247051,25.749525,22.53569,19.06102,15.932058,13.388028,9.6310625,7.013457,3.766693,0.0,4.6707544,6.7579713,9.329493,10.752163,10.877854,10.186346,11.797974,13.715305,16.427555,19.64801,23.682316,27.071991,29.241264,32.73853,34.117844,33.344788,30.761946,27.615948,30.861898,25.265142,28.55551,24.337017,28.527061,25.768381,27.103016,28.21014,25.968868,31.0042,31.207058,27.488728,32.635265,35.810417,35.18303,36.0947,31.554323,34.575535,32.455513,34.367508,31.036613,32.44029,29.682789,30.660341,28.281836,25.949905,26.133968,25.034515,22.217295,20.13198,16.514374,18.583223,14.709569,18.207033,18.54209,20.704344,23.808798,22.822405,27.258148,26.712828,28.781012,31.548923,27.04323,23.938873,20.372787,19.311874,15.6139765,12.44708,11.50488,8.633193,11.572333,15.579032,16.358194,13.933037,17.7092,18.273737,21.610804,17.709347,14.886322,19.775854,22.76853,26.05022,27.475687,24.772919,29.592045,24.049032,28.076012,26.931845,29.999266
22,24.068237,20.331863,22.686325,17.738346,18.403704,20.294336,19.231464,23.642109,22.367445,28.354973,26.757105,32.95111,30.029024,27.174047,24.866959,20.661318,17.968761,15.191166,11.490318,9.311902,5.495222,4.6707544,0.0,4.1165085,5.515751,6.20977,7.8896527,7.204534,10.166681,12.071979,15.554546,18.256613,23.149792,26.025536,28.49058,31.646912,33.046642,32.689365,29.87112,27.133068,30.335377,25.066961,28.643414,24.1373,28.996822,26.12383,28.1214,29.358873,27.896301,32.57319,32.424408,29.64173,34.814796,37.455414,36.91911,37.394215,32.87352,35.235657,32.871822,34.64319,30.496576,31.68005,28.471453,29.151653,26.032072,23.596806,22.955185,21.395136,18.37107,15.755578,12.933939,15.254127,12.811591,16.177895,17.631386,20.079006,23.589663,23.374382,28.096825,27.77884,30.338987,33.379807,29.041536,25.711437,21.59568,21.508614,16.664608,14.613741,12.881331,10.640046,12.546874,16.57023,16.220995,13.357897,17.313292,17.802547,20.815578,16.228224,13.331943,18.042997,20.952677,24.61271,25.84218,23.02445,28.037695,22.600582,26.268593,25.440708,28.06646
23,24.03732,20.546646,23.735434,19.22004,20.29126,22.660902,21.95694,26.77033,25.927544,31.913857,30.603909,36.801624,33.962578,31.197983,28.664707,24.627657,21.823898,19.046425,15.322738,12.879744,9.076767,6.7579713,4.1165085,0.0,4.0403585,6.204406,9.732927,10.768505,14.052679,15.964392,19.562334,22.057028,27.199018,29.888067,32.48132,35.541035,36.936962,36.655533,33.713844,31.031404,34.001305,28.748278,31.953651,27.291914,31.890905,28.276325,30.653557,31.215982,29.64991,34.33849,34.621925,32.06819,36.940647,39.697834,39.6237,40.1339,35.86378,38.28079,36.156334,38.247528,33.866188,35.25458,31.993889,32.79405,29.334755,26.577143,25.557846,23.583937,20.126154,16.691885,15.187838,18.096315,16.39515,19.875847,21.592361,24.12712,27.673721,27.426254,32.19187,31.734598,34.24214,37.147655,32.73153,29.320414,25.28143,24.838741,20.031445,17.584497,15.242204,12.329224,13.526962,17.202076,15.832747,14.446243,18.893133,20.195118,22.422094,17.587296,15.466155,20.461325,22.592539,25.85625,27.721413,25.188469,30.593426,25.579872,29.299076,28.87621,31.431013
24,24.916677,21.097475,24.334074,19.909296,20.291458,23.41238,21.512598,26.833065,25.673666,31.815876,30.524296,36.54713,34.32983,31.510754,29.647833,25.12165,22.93833,19.688066,16.591661,13.984702,10.8641205,9.329493,5.515751,4.0403585,0.0,3.2046452,6.9506993,9.743078,13.148913,15.53636,18.816877,21.70517,26.692581,29.44365,31.781282,34.635345,35.69441,35.524143,32.240376,29.781742,32.33588,27.344278,30.327723,25.500095,30.29052,26.451483,29.346869,29.880335,28.980232,33.283066,33.325504,31.631163,36.406593,38.687187,38.79938,38.961327,34.855988,36.779545,34.650475,36.86813,31.90925,33.37682,29.962996,30.923393,27.024654,23.871136,22.626522,20.470362,16.723972,13.223771,12.166035,15.732198,14.754442,18.577196,20.62528,23.607334,27.184801,27.079834,32.16538,31.444532,34.252495,37.154907,32.862564,29.201422,24.88493,24.96762,19.448616,17.764439,14.811708,12.59956,12.870103,16.271687,14.215373,12.458661,16.778034,18.14925,19.88714,14.76673,12.953093,17.702963,19.450394,22.780546,24.623077,22.176882,27.732555,23.103634,26.672451,26.727673,29.13207
25,27.531952,23.56746,26.424938,21.790085,21.781761,24.730461,22.235458,27.34331,25.596558,31.76462,30.05453,35.970345,33.769344,30.727053,29.38645,24.589151,22.595612,19.50393,16.435198,14.40354,11.260257,10.752163,6.20977,6.204406,3.2046452,0.0,6.4768534,7.9456267,11.705462,13.670389,17.252562,19.547232,24.889004,27.230227,29.745554,32.380074,33.544052,33.634098,30.40818,28.2336,30.961002,26.26159,29.678368,24.90607,30.174309,26.868923,29.774221,30.813074,30.297451,34.41193,34.022423,32.5573,37.507374,39.488407,39.313286,39.262245,35.01561,36.564613,34.141457,35.97998,30.802908,31.914389,28.278751,28.84426,24.709362,21.846785,20.089535,17.767126,14.180451,10.489359,9.83303,13.045923,13.121266,16.356186,18.989958,21.86522,25.577055,26.010975,31.035635,30.659803,33.68354,36.81221,32.69761,29.0908,24.573904,25.302761,19.494614,18.52641,15.873394,14.312888,14.720154,18.174997,16.295584,13.617142,17.465437,18.19272,20.18757,15.002603,12.768092,16.870928,19.019691,22.793581,24.021246,21.348667,26.637928,21.871748,25.022585,24.976015,27.014261
26,24.231646,19.954866,22.099447,17.558521,16.665718,20.108492,16.480042,21.945694,20.242008,26.414917,25.176085,30.890162,29.528996,26.821766,25.854162,20.843885,19.798367,15.89609,14.344877,11.6824665,10.710497,10.877854,7.8896527,9.732927,6.9506993,6.4768534,0.0,6.910905,8.647116,12.218881,13.892527,18.356417,21.972795,25.506138,26.940397,29.819912,30.2144,29.790796,26.138535,23.654598,25.700424,20.822952,23.58869,18.72173,23.774591,20.437914,23.385633,24.592306,24.456245,28.316263,27.672634,26.604853,31.509386,33.20466,33.059475,32.879726,28.753176,30.221766,27.97912,30.22919,25.032396,26.658497,23.34877,24.824154,21.114157,17.524286,17.30137,15.912838,12.438779,11.126259,7.1650457,11.263953,9.0071125,13.916768,15.297278,18.94145,22.186544,21.752851,27.18932,25.902498,28.960304,31.766287,27.698574,23.824013,19.2935,20.127094,13.922919,13.635103,10.599841,10.36112,10.208947,13.417982,12.524886,8.099905,11.305184,11.716194,14.010288,9.060733,6.331835,10.843832,13.279973,17.155912,18.253191,15.544551,20.922106,16.18234,19.933052,20.153982,22.88104
27,28.048075,23.94594,25.227856,20.097914,19.463552,21.15284,18.20866,22.092243,19.395462,25.382729,22.977383,28.825623,26.348562,23.102436,22.329742,17.281908,15.679302,12.882366,10.342992,9.644517,7.9480534,10.186346,7.204534,10.768505,9.743078,7.9456267,6.910905,0.0,4.0909343,5.888125,9.449409,12.128278,17.031286,19.764048,22.072668,24.97619,26.254326,26.180143,23.30643,20.986841,24.420856,19.684782,24.092878,19.79426,25.586933,24.073845,25.963137,28.403793,27.944431,32.01996,30.819794,28.7195,34.184353,36.01475,34.831768,34.787712,30.022203,31.519648,28.563337,29.590988,25.07889,25.63176,22.104187,22.266567,19.015705,17.136011,16.382015,15.262525,13.13514,12.051863,7.6627316,8.478261,6.4522676,9.111821,11.3469715,13.979714,17.699034,18.370728,23.212158,23.287306,26.393877,29.824802,25.948742,22.651964,18.071392,19.670536,14.09802,14.2765,13.27975,13.228869,14.868107,18.623402,18.829859,13.97557,16.454802,15.283672,19.018696,14.82486,11.006374,13.964385,17.981573,22.428822,22.210943,18.929585,23.103804,17.256586,20.220644,19.009953,21.217123
28,27.714762,23.616457,24.050312,18.967337,17.817104,19.015068,15.566121,18.831419,15.675034,21.55971,19.00536,24.774652,22.51455,19.313189,18.980835,13.692657,12.829731,9.814345,8.655391,8.514453,8.876061,11.797974,10.166681,14.052679,13.148913,11.705462,8.647116,4.0909343,0.0,4.224941,5.668893,10.215636,13.673853,17.282713,18.903172,22.068373,23.031235,22.618471,19.719833,17.136797,20.65583,15.783239,20.439966,16.416151,22.283361,21.646322,23.007893,26.072659,25.751745,29.650658,28.057745,25.826817,31.418543,33.081112,31.495626,31.421719,26.503809,27.961933,24.85154,25.664738,21.510786,22.011377,18.712446,19.096235,16.567251,14.932691,15.370009,15.200394,13.833858,14.272069,8.5808735,8.401254,3.4984357,6.7055845,7.5660214,10.575451,14.050323,14.361552,19.372875,19.233776,22.409899,25.855085,22.093132,18.834621,14.213832,16.332554,10.87546,12.031595,11.939325,13.002201,14.832624,18.316095,19.489155,13.944713,15.388745,13.263537,17.691488,14.402693,10.263319,12.271457,16.952616,21.422832,20.589148,17.189596,20.694723,14.489121,17.526516,15.817058,18.418034
29,31.198816,27.236908,27.478281,22.30866,21.385542,21.798973,18.890965,21.16378,17.551119,22.94022,19.617588,25.184292,22.20661,18.620892,18.639109,13.5859785,12.378637,10.819321,9.0721,10.592999,10.302977,13.715305,12.071979,15.964392,15.53636,13.670389,12.218881,5.888125,4.224941,0.0,5.2530656,6.436393,11.544237,14.054037,16.589642,19.611122,21.343693,21.361673,19.174894,17.006477,21.381649,17.065239,22.53548,19.063572,25.097532,25.294395,26.256168,29.755442,29.368673,33.25086,31.424656,28.87208,34.585358,36.228638,34.1687,34.10715,28.99712,30.303234,26.84432,26.808638,23.093569,22.778276,19.378246,18.623898,16.394682,16.118324,15.862535,15.736486,15.208588,15.543516,10.782909,8.691163,6.3177595,5.2002416,7.237379,8.601869,12.48677,14.104957,18.31236,19.410652,22.559711,26.387354,22.95139,20.263033,15.921397,18.469818,13.896552,15.151494,15.76792,16.594429,18.79578,22.400343,23.558615,18.13445,19.571295,17.19166,21.703934,18.492493,14.3775835,15.779205,20.616795,25.225025,23.911318,20.413046,23.242933,16.944014,19.12125,16.691664,18.555859
30,30.728594,26.794289,26.16732,21.332075,19.686106,19.81063,16.042435,17.547255,13.3089485,18.421167,14.991079,20.307455,18.082994,14.648099,15.695435,10.246825,10.837122,8.912567,9.835497,11.311965,13.027336,16.427555,15.554546,19.562334,18.816877,17.252562,13.892527,9.449409,5.668893,5.2530656,0.0,7.1867437,8.163438,12.597647,13.471327,16.86826,17.745506,17.14771,14.645107,12.031387,16.34057,11.912349,17.60864,14.617486,20.608803,21.880543,22.290535,26.443026,26.438557,29.88171,27.556917,25.206577,30.894384,32.150757,29.715832,29.501078,24.342556,25.415937,21.808624,21.572681,18.189772,17.888264,14.842774,14.659943,13.513222,13.368136,14.880969,15.929889,16.048923,17.895987,12.122962,9.956874,5.488443,4.596139,2.2576876,5.1145062,8.404071,9.32453,14.110911,14.560958,17.9598,21.726715,18.530716,15.815222,11.459355,14.941611,10.731756,13.442586,14.787418,16.81693,18.78121,21.813812,23.782068,17.883638,18.062183,14.768706,19.643076,17.623543,13.634419,13.690644,18.851322,23.256628,21.27163,17.8266,19.700907,13.309443,15.455329,12.494882,14.987955
31,36.77553,32.92661,32.54164,27.503227,26.345873,25.946764,23.00276,23.848505,19.495525,23.765038,19.497576,24.132902,20.850832,16.957598,18.45146,14.007984,13.645333,13.856925,13.1459465,15.858162,16.02852,19.64801,18.256613,22.057028,21.70517,19.547232,18.356417,12.128278,10.215636,6.436393,7.1867437,0.0,7.4673605,7.86642,11.419757,14.064426,16.711319,17.340122,16.335112,15.066846,20.29018,17.29605,23.56305,21.175919,27.240864,28.96673,29.29774,33.610386,33.52731,37.013824,34.57747,32.022503,37.752983,38.997536,36.183178,35.939636,30.717728,31.466503,27.53219,26.14686,23.200333,21.641169,18.395008,16.044638,14.937927,16.816751,16.438036,17.076832,18.121937,19.348402,15.292919,11.391859,10.906052,6.0299926,7.7477283,5.826842,9.303387,13.041298,15.658394,18.392612,21.519258,25.704226,23.150635,21.358423,17.647753,21.129026,17.727774,19.839766,21.258913,22.54197,24.827368,28.239697,29.692526,24.02449,24.778955,21.695545,26.333214,23.76787,19.740704,19.789766,24.83249,29.491034,27.19762,23.684599,25.09255,19.015785,19.792824,16.381824,17.101894
32,37.332928,33.673016,32.170605,27.680721,25.887068,24.79097,21.433128,20.657501,15.785481,18.622978,13.928052,17.474466,14.937252,11.230821,14.812118,10.892875,12.906958,13.544456,15.368871,18.08355,20.017843,23.682316,23.149792,27.199018,26.692581,24.889004,21.972795,17.031286,13.673853,11.544237,8.163438,7.4673605,0.0,6.114497,5.6292157,9.474835,11.081886,10.655986,10.260551,8.771567,14.462821,12.367983,18.766094,17.817308,23.176126,26.64234,25.944641,31.068356,31.329128,34.165886,31.111538,28.63118,34.149014,34.897144,31.37216,31.003113,25.824203,26.217545,22.08137,19.750216,18.191528,16.071877,13.849708,11.606585,13.249886,15.944143,17.758308,19.77646,21.46327,24.085009,19.033302,15.432701,13.197349,9.319491,6.9461665,3.1100285,2.254027,7.326348,8.949688,12.033936,15.2224865,19.40773,17.728912,16.652794,13.897743,18.24651,16.409426,19.68057,22.005537,24.333721,26.470398,29.228352,31.630907,25.657602,25.120304,21.240158,26.044891,24.940918,21.217339,19.961388,25.040977,29.233088,26.172163,22.93498,22.762732,17.149397,17.362556,13.05855,14.1001425
33,42.676525,38.964073,37.786194,33.0889,31.534575,30.452372,27.326052,26.673714,21.862597,24.435106,19.584848,22.422375,19.50769,15.862097,19.385221,16.190285,17.288216,18.602623,19.29479,22.387276,23.353226,27.071991,26.025536,29.888067,29.44365,27.230227,25.506138,19.764048,17.282713,14.054037,12.597647,7.86642,6.114497,0.0,5.286199,6.9815025,10.844841,12.1648245,13.222611,13.401374,18.842302,17.899715,24.268633,23.402506,28.942806,32.376762,31.925964,37.02432,37.366135,40.21011,37.09627,34.744614,40.25356,40.903336,37.29267,36.801445,31.712961,31.727493,27.475784,24.538189,22.929306,20.034489,17.598024,13.737581,14.988297,18.894367,19.1975,20.888817,23.211344,25.512852,21.639128,17.194775,17.078688,11.845023,11.793419,8.023156,8.121266,13.258064,13.231522,17.449024,20.244364,24.425055,23.250511,22.595966,19.995615,24.204466,22.17929,25.135252,27.211498,29.121101,31.342405,34.381657,36.305523,30.376368,30.242506,26.509914,31.125683,29.520214,25.725185,24.47808,29.47982,33.910725,30.653364,27.359179,27.03628,21.73036,21.053171,16.900015,16.390282
34,42.603252,38.96819,37.235176,32.946262,30.936543,29.748795,26.154423,24.82556,19.871088,21.503075,16.734903,18.465158,16.73008,13.572572,18.396511,15.5087,17.934095,18.970314,20.93212,23.710995,25.563887,29.241264,28.49058,32.48132,31.781282,29.745554,26.940397,22.072668,18.903172,16.589642,13.471327,11.419757,5.6292157,5.286199,0.0,4.07431,6.3982997,6.977984,8.791037,9.448764,14.614449,14.7605095,20.77592,20.86002,25.820312,30.205278,29.284218,34.74888,35.47628,37.765854,34.262756,32.30041,37.525475,37.70149,33.791138,33.09204,28.213497,27.773006,23.472935,19.938429,19.102377,15.800712,14.157185,10.42346,13.581214,17.726274,19.399725,21.867634,24.426912,27.565655,23.095766,18.985575,18.00158,13.553174,11.937799,8.596022,6.396354,10.999184,10.213457,14.078377,16.88087,20.808105,20.348791,20.035315,18.056795,22.684994,21.341213,24.966188,27.2881,29.811596,31.769005,34.334896,36.689217,30.63552,29.70022,25.592867,30.086937,29.380598,25.89175,23.82013,28.656157,32.713894,29.005287,25.982769,24.643911,19.933659,18.80123,14.385313,13.952757
35,46.438747,42.731647,41.08188,36.80637,34.6896,33.699913,29.831694,28.608171,23.619225,24.994236,20.339294,21.320211,20.13003,17.253551,22.298393,19.576769,21.955126,22.961996,24.737251,27.478462,29.074198,32.73853,31.646912,35.541035,34.635345,32.380074,29.819912,24.97619,22.068373,19.611122,16.86826,14.064426,9.474835,6.9815025,4.07431,0.0,4.7157907,7.1911845,9.889803,11.9296875,16.249485,17.554882,23.238016,23.600552,28.511936,33.093693,32.329247,37.84519,38.919502,40.922905,37.21191,35.738285,40.804684,40.617813,36.673782,35.704987,31.070482,30.04829,25.719172,21.74287,20.825836,16.9579,15.407134,10.780233,14.069387,18.962318,20.11042,22.675787,25.774235,29.129692,25.27141,20.8521,20.932966,16.124367,15.277476,12.225416,10.394213,14.876923,13.719888,17.491817,20.150467,23.838995,23.859838,23.684477,21.795282,26.55479,25.026169,28.80166,30.907154,33.45535,35.249588,37.772507,39.88678,33.800453,32.76565,28.62119,32.83543,32.16006,28.812664,26.325363,30.949093,34.988323,30.940752,28.039011,26.181974,22.080212,20.10887,15.96638,14.38005
36,46.075546,42.3779,40.49439,36.571514,34.056175,33.34897,28.883968,27.59328,22.633072,23.534813,19.34002,19.465885,19.801426,17.468044,23.037018,20.228443,23.34409,23.75126,26.230436,28.508385,30.584923,34.117844,33.046642,36.936962,35.69441,33.544052,30.2144,26.254326,23.031235,21.343693,17.745506,16.711319,11.081886,10.844841,6.3982997,4.7157907,0.0,3.6536043,6.493012,9.628737,12.676448,15.299191,20.249912,21.275877,25.702017,30.793333,29.93997,35.566082,37.14717,38.586082,34.577656,33.82744,38.549496,37.823658,33.88594,32.581276,28.300396,26.632496,22.346071,18.080952,17.272095,13.044976,12.147925,7.775045,12.46474,17.258194,19.396812,22.488258,25.704552,29.695974,25.58171,21.563772,21.296896,17.270079,15.767987,13.639855,11.237979,14.630553,13.805991,16.300367,19.051435,22.280085,22.733944,22.490171,20.876692,25.86834,24.451193,28.706324,30.685627,33.660366,35.06885,37.15375,39.392223,33.308044,31.646011,27.333942,31.186644,31.201931,28.252487,25.04197,29.303305,32.963768,28.55556,25.980062,23.25709,19.996847,17.46905,13.533539,11.765141
