,0,1,2,3,4,5,6,7,8,9,10,11,12,13,14,15,16,17,18,19,20,21,22,23,24,25,26,27,28,29,30,31,32,33,34,35,36,37,38,39,40,41,42,43,44,45,46,47,48,49,50,51,52,53,54,55,56,57,58,59,60,61,62,63,64,65,66,67,68,69,70,71,72,73,74,75,76,77,78,79,80,81,82,83,84,85,86,87,88,89,90,91,92,93,94,95,96,97,98,99,100,101,102,103,104,105,106,107,108,109,110,111
0,0.0,4.389771,6.3930373,9.56433,11.92418,14.343275,16.98036,21.037842,24.222116,28.11561,30.33024,35.855793,32.483135,30.925058,26.095917,24.695887,21.067991,19.824955,17.083076,14.842179,14.616044,11.783323,15.950106,15.252296,17.805891,20.223007,18.20404,20.785051,21.147346,22.960384,24.065456,25.975271,30.152931,30.807838,34.3682,35.516403,38.974976,38.868664,37.052788,35.716263,33.26475,32.594402,29.403082,28.19586,27.087053,22.995502,25.914337,23.375505,25.509209,25.764854,27.469397,31.055803,32.062313,32.351307,36.309727,36.034008,34.086895,37.930435,36.70173,41.52418,36.001358,39.542213,37.287174,39.684425,35.093414,32.74248,30.274963,27.222528,24.639687,20.209137,19.767376,15.604641,19.76264,18.269814,20.7213,23.374874,25.630798,27.338043,31.428816,31.96126,35.894215,39.28066,38.119183,34.34586,30.39323,31.561249,26.206009,24.86584,23.058924,19.872128,21.844858,23.408339,26.273884,28.556587,32.993973,33.643932,35.293938,33.87226,39.554314,39.351204,38.48103,43.23917,38.58215,43.00232,45.178604,42.067112,39.44476,40.769226,34.678288,34.979725,31.868229,31.654737
1,4.389771,0.0,5.38982,6.3660936,8.601905,12.120806,13.795483,18.587908,21.125128,25.61606,27.33281,32.985832,30.069859,28.27999,23.934608,21.786758,18.42833,16.5091,13.783734,10.991503,10.906797,8.072682,12.215132,12.116813,14.337775,16.54673,14.011567,16.604574,16.846298,18.892721,19.96986,22.257421,26.520088,27.618666,31.044313,32.531277,35.782494,35.42296,33.435303,31.912703,29.450796,28.513386,25.25993,23.90876,22.857794,18.64692,21.720057,19.376436,21.672625,22.135359,23.587183,27.000898,28.390154,28.744766,32.41545,32.129032,29.95672,33.707314,32.375637,37.160763,31.629236,35.216022,33.05486,35.607895,31.175396,28.922873,26.744045,23.881498,21.524288,17.342468,16.796623,12.732782,16.113144,15.42573,17.42249,20.573515,22.846947,24.08896,28.598982,28.776695,32.646137,35.95394,34.491932,30.659983,26.525846,27.957817,22.349888,21.480507,19.576511,16.760773,18.739218,20.56477,22.972097,25.053072,29.82145,29.947123,31.487598,29.888828,35.535908,35.32567,34.25247,39.118607,34.3653,38.90068,41.174,38.18886,35.457733,36.8559,30.622276,31.175293,27.942093,28.082825
2,6.3930373,5.38982,0.0,5.265923,6.538796,8.591375,11.105062,14.742348,18.153038,21.770748,24.199774,29.594887,26.246618,24.894148,19.948528,18.776075,15.388789,14.287494,12.495896,10.6722,12.1486225,10.767008,15.378832,16.403334,18.699255,20.396847,17.247469,18.873201,18.030663,19.644043,19.675917,21.977755,25.040287,25.986746,29.139614,30.21143,33.89557,33.697674,32.435184,30.981422,29.221642,28.24873,26.081627,24.478588,24.734215,20.93034,24.527763,22.959822,25.315523,26.299925,27.229904,30.2317,32.389595,32.781635,35.949505,35.475296,32.69513,36.07023,34.455143,38.96456,33.060543,36.74306,34.788113,37.66503,33.806778,31.084866,29.562315,27.26182,24.427605,21.136257,19.06801,14.521,16.766205,14.605387,16.031118,18.422884,20.08054,21.602907,25.487043,25.93118,29.896048,33.26582,32.431427,28.838825,25.197691,26.35865,21.526989,20.283667,19.311865,16.526667,19.470997,21.87077,24.451033,25.965494,31.025673,30.910904,32.110806,30.311155,36.000076,35.12342,34.483395,38.553722,34.08134,38.084736,40.005497,36.725758,34.326866,35.845688,30.09042,30.38836,27.786896,27.547329
3,9.56433,6.3660936,5.265923,0.0,3.814265,6.150715,8.726029,12.810809,15.311528,19.86502,21.340097,27.1458,23.989431,22.013628,17.879288,15.539273,12.086299,10.369903,7.6956973,5.6367354,7.037947,6.5776224,11.010234,13.042648,15.301216,16.374924,13.703496,14.037292,13.189564,14.465896,14.973656,16.884487,20.596888,21.519987,24.879642,26.236834,29.613817,29.34965,27.669893,26.266405,24.16438,23.429832,20.955038,19.698137,19.773829,16.785654,20.054684,19.264046,22.275858,22.925407,23.131493,26.528713,28.936321,28.878328,31.752277,30.994541,28.001722,31.30147,29.87278,34.525364,28.94284,32.88537,31.31316,34.567944,30.977598,28.72075,27.626223,25.505915,23.372883,20.244413,18.666798,14.655488,15.320374,14.713359,14.8791065,18.066456,19.366522,19.684412,24.251667,23.674772,27.556313,30.580782,29.442715,25.952421,22.014544,24.069372,18.895737,18.907085,18.009495,16.121216,19.006748,21.700443,23.414392,24.55444,30.099503,29.00528,29.945633,27.691013,33.246185,32.20629,30.944677,35.039955,30.165663,34.30066,36.3159,33.399437,30.830763,32.900505,26.879272,27.946241,25.224781,25.831417
4,11.92418,8.601905,6.538796,3.814265,0.0,5.8624177,5.2535505,10.396781,12.557942,17.211798,18.818562,24.408112,21.847256,20.18026,16.13059,13.647204,11.013861,8.536252,7.765228,5.352152,8.777298,9.084679,12.796357,15.28788,16.771048,17.636066,13.591415,14.321064,12.43732,14.18808,13.371792,16.561625,19.080133,20.922144,23.639584,25.22306,28.662922,28.030714,26.754536,24.957954,23.5377,21.997889,20.337418,18.305042,19.483894,15.916234,19.921324,19.282087,21.81895,23.314167,23.491562,25.881264,28.954195,29.430096,31.79814,31.225594,27.848612,30.802267,28.903334,33.160557,27.14259,30.932068,29.295242,32.57914,29.350475,26.68729,26.042063,24.420527,21.950056,19.704433,17.011152,13.020101,12.590098,11.548421,11.231737,14.30847,15.563409,16.047224,20.595926,20.327137,24.22691,27.4637,26.2899,22.67344,18.856974,20.52016,15.556001,15.281941,14.733481,13.035283,16.328236,19.347939,20.988209,21.757145,27.42512,26.200766,26.994337,24.74668,30.33022,29.113924,28.255812,32.151245,27.592422,31.582943,33.541843,30.375484,27.896442,29.662376,23.830978,24.562199,22.053804,22.395048
5,14.343275,12.120806,8.591375,6.150715,5.8624177,0.0,6.9219255,7.6455317,11.181952,14.699551,16.641663,22.318445,18.400011,16.629335,11.998902,10.653583,6.867979,7.0581684,6.1565547,7.214496,10.014635,11.504934,15.267132,18.163193,20.377995,20.763731,18.097252,16.850988,14.875179,15.04263,14.301064,15.51096,17.514502,17.915789,20.979143,21.745058,25.593622,25.630888,24.826939,23.688297,22.460304,22.00836,21.0347,19.833996,21.461275,19.714003,23.060686,23.42891,26.59933,27.514647,26.936672,30.014355,33.15809,32.900635,35.087086,33.993423,30.36492,33.08576,31.516985,35.789333,30.151491,34.22759,33.161007,36.879005,34.12303,31.664375,31.42746,29.941751,27.692726,25.40625,22.846678,18.847654,17.91706,16.504156,15.245605,17.534372,17.525812,17.300047,21.149298,20.162312,24.041721,26.81317,26.502266,23.589209,20.380625,22.594503,18.658987,18.969114,19.380812,18.149282,21.757587,24.953413,26.428934,26.770975,32.62662,30.861256,31.245487,28.589863,33.926735,31.970377,30.925844,33.836926,29.2072,32.55474,34.0752,31.05118,28.920238,31.516054,26.18974,27.370903,25.539452,26.124723
6,16.98036,13.795483,11.105062,8.726029,5.2535505,6.9219255,0.0,6.490402,7.7149477,12.48266,14.034906,19.392431,17.469,16.108248,12.536809,9.819539,8.745068,5.7526617,8.216886,7.215587,11.667485,13.201423,15.98298,19.180689,20.09522,20.339931,15.700296,15.593124,12.427172,13.886123,11.195552,15.285009,15.756842,18.495876,20.295164,22.003975,25.512499,24.543776,23.96352,21.859722,21.501108,19.26527,19.125153,16.459219,19.389694,16.311665,20.683083,20.948807,23.234835,25.386036,24.994951,26.405615,30.376097,31.081606,32.5897,31.969696,27.982721,30.274424,27.947998,31.60996,25.323225,29.032755,27.720787,31.313911,28.97941,26.04515,26.389061,25.6195,23.113081,22.134377,18.397652,14.965516,12.229387,10.956594,8.580639,11.066701,11.251096,11.073236,15.5724,15.09592,19.016953,22.302536,21.337507,17.858534,14.460968,16.043533,11.994001,12.08382,12.85622,12.285619,16.07531,19.557487,20.641178,20.462118,26.386332,24.402954,24.652607,22.092688,27.464916,25.556173,25.054317,28.139038,23.947092,27.427166,29.125387,25.741175,23.515213,25.361568,20.033466,20.697136,18.90414,19.231941
7,21.037842,18.587908,14.742348,12.810809,10.396781,7.6455317,6.490402,0.0,4.971046,7.1588917,9.831225,15.015837,11.667578,10.731755,6.2025514,5.6446424,5.4975543,6.191996,9.90999,11.446538,15.393726,17.663162,20.492786,24.010855,25.395508,25.257395,21.508114,19.927757,16.587458,16.599426,13.500609,15.778551,14.247436,15.932787,17.274889,18.033485,22.10757,21.662083,22.203009,20.652525,21.224516,19.76541,21.080544,19.035454,22.85518,21.419325,25.26754,26.441027,29.099865,30.960339,29.918562,31.58901,35.8011,36.018684,37.145138,36.105488,31.770693,33.596867,31.425005,34.77713,28.836592,32.644302,31.952362,35.91577,34.295753,31.435118,32.330013,31.856945,29.43016,28.619637,24.74983,21.290482,18.275429,16.43938,13.433675,14.344078,12.652897,11.605524,14.453244,13.221538,17.027086,19.797285,20.174164,17.769104,15.692469,17.49491,15.519451,16.024544,17.996714,17.904043,21.88099,25.458187,26.406519,25.679478,31.587526,29.101248,28.814888,25.936022,30.811363,27.950804,27.570728,29.129444,25.279024,27.652998,28.6559,25.290155,23.722088,26.332066,22.108032,23.004723,22.355267,22.715014
8,24.222116,21.125128,18.153038,15.311528,12.557942,11.181952,7.7149477,4.971046,0.0,6.0802317,6.329911,11.942759,10.450147,9.055827,7.567437,4.15303,7.0990744,5.9816008,10.816389,12.164367,16.128403,18.864735,20.683989,24.569143,25.299744,24.666899,20.728624,18.638504,14.763975,14.668992,10.471782,13.568811,10.482433,13.73581,14.0887,15.660506,19.243656,18.105295,18.72668,16.665644,17.926369,15.642291,17.94212,15.480173,20.299269,19.382462,23.14621,24.98088,27.4782,29.622032,28.12848,29.095098,33.812386,34.14467,34.576714,33.541454,28.897512,30.206112,27.807821,30.715992,24.859182,28.586786,28.250034,32.424076,31.460354,28.786531,30.365171,30.443577,28.433416,28.367683,24.459217,21.758715,17.361486,16.668861,12.573565,13.632179,11.422431,8.505666,12.008521,9.369577,13.059317,15.641298,15.533352,13.172127,11.159849,13.668425,12.289983,14.065347,16.4806,17.500862,21.137943,24.764914,24.907026,23.573843,29.56986,26.245619,25.548967,22.355341,26.852192,23.650154,23.090414,24.294186,20.457766,22.696655,23.7246,20.455153,18.824902,21.755882,17.667366,19.068224,18.748022,19.726515
9,28.11561,25.61606,21.770748,19.86502,17.211798,14.699551,12.48266,7.1588917,6.0802317,0.0,4.9100165,8.232864,5.756511,6.735435,5.4389877,6.920627,10.230883,11.333497,15.801698,17.656885,21.544825,24.217752,26.417252,30.241955,31.217558,30.645784,26.730757,24.63258,20.800898,20.370514,16.222517,18.330437,13.708152,15.95193,15.225252,15.621398,19.562227,18.79882,20.899397,19.299513,21.635866,19.742666,23.090326,20.858427,26.038132,25.406054,29.133484,31.048855,33.423122,35.693558,34.16174,34.937885,39.80061,40.15043,40.389023,39.28061,34.513123,35.477093,33.02685,35.449986,29.727695,33.1861,33.05783,37.196953,36.712486,33.78811,35.636444,35.950413,33.632515,33.81365,29.392714,26.520098,22.298954,20.58286,16.641214,16.211977,12.920989,10.59744,11.054248,8.837373,11.860312,14.030398,15.732994,14.658931,14.559156,15.956732,16.668097,17.64033,20.750404,21.684132,25.51245,29.13623,29.501644,27.882318,33.562325,30.357119,29.370722,26.325996,30.340117,26.546124,26.678223,26.437479,23.588184,24.537062,24.754074,21.306137,20.626307,23.474173,20.942577,21.751165,22.518524,22.858444
10,30.33024,27.33281,24.199774,21.340097,18.818562,16.641663,14.034906,9.831225,6.329911,4.9100165,0.0,6.1069922,5.814374,5.0103674,7.812201,6.5136914,10.92455,11.399669,15.86902,17.917213,21.433764,24.536201,25.89811,29.99073,30.625475,29.565172,26.089872,23.154,19.248972,18.309961,13.968615,15.643896,9.699887,12.704905,11.010903,12.064439,15.490964,14.23298,16.460428,14.702079,17.636162,15.623459,19.796871,17.800446,23.42417,23.837973,27.052809,29.696085,32.20475,34.316982,32.227287,32.84717,37.91477,38.023384,37.7208,36.43858,31.50196,32.018013,29.659115,31.80725,26.575602,30.076132,30.475487,34.879215,34.914925,32.458508,34.765774,35.359756,33.62304,34.068443,30.068521,27.722769,22.754667,22.222631,17.752705,17.944393,14.732874,10.862358,12.093768,7.7212996,10.035211,11.214542,12.53837,12.067708,12.183729,14.785939,15.785049,18.124418,21.182907,22.844215,26.291193,29.882849,29.54883,27.593332,33.368645,29.348112,28.031181,24.621374,28.154997,24.07469,23.599852,22.903297,19.817575,20.51422,20.680979,17.704376,16.977566,20.705381,18.311121,20.076578,21.003908,22.258001
11,35.855793,32.985832,29.594887,27.1458,24.408112,22.318445,19.392431,15.015837,11.942759,8.232864,6.1069922,0.0,6.602471,8.404676,12.103283,12.491036,16.780106,17.435041,21.96683,23.896416,27.505638,30.55975,31.866108,35.960236,36.40198,35.28226,31.526106,28.787247,24.776983,23.918852,19.346003,21.06524,14.215296,17.067064,13.927777,14.387425,17.069084,15.569258,19.149063,17.503511,21.597132,19.305418,24.471529,22.329182,28.418844,28.88323,32.11147,34.878876,37.004093,39.480385,37.328285,37.21141,42.599064,42.961544,42.139004,40.942375,35.876057,35.80065,33.22013,34.5018,29.51895,32.47267,33.159122,37.43195,38.268597,35.66707,38.513554,39.61931,37.793003,38.882812,34.413406,32.34613,27.031107,26.199646,21.637627,20.807575,16.994139,13.349967,11.997501,7.995792,7.917317,7.57993,11.023742,12.424156,14.666144,16.053776,19.133635,21.1167,24.704962,26.7141,30.017912,33.51295,32.985844,30.536457,35.84421,31.653566,29.90299,26.67969,29.343237,24.698933,24.981205,22.568466,20.953712,20.041887,19.248407,16.24658,16.749512,20.126532,19.777931,20.985884,23.100565,23.96171
12,32.483135,30.069859,26.246618,23.989431,21.847256,18.400011,17.469,11.667578,10.450147,5.756511,5.814374,6.602471,0.0,3.8391418,6.6875625,9.218021,12.647876,14.867263,18.806423,21.459295,24.786543,27.844446,29.718603,33.721638,34.869247,33.933586,30.833715,27.711332,24.061874,22.737238,19.000841,19.416765,13.833207,14.617572,13.031851,12.229961,16.158682,16.013552,19.145977,18.35617,21.314795,20.440134,24.520954,23.11761,28.365002,29.061079,32.146526,34.75026,37.49434,39.353962,37.254005,38.372944,43.259235,43.09039,42.99609,41.518147,36.6398,37.21009,35.099506,37.29943,32.296738,35.814007,36.285442,40.685722,40.668736,38.123013,40.26718,40.674393,38.70416,38.81393,34.71933,31.918564,27.545876,26.222061,22.14346,21.822449,18.370079,15.458388,15.209627,11.928945,13.569775,14.041234,16.79734,17.148441,17.864092,19.875385,21.21734,22.883217,26.040247,27.226082,30.955603,34.583103,34.660637,32.842487,38.546112,34.827976,33.534016,30.239552,33.695297,29.453756,29.20093,27.86111,25.192326,25.200684,24.803726,22.025377,21.902542,25.597008,23.89656,25.33729,26.54653,27.38275
13,30.925058,28.27999,24.894148,22.013628,20.18026,16.629335,16.108248,10.731755,9.055827,6.735435,5.0103674,8.404676,3.8391418,0.0,5.975232,6.6923294,10.180994,12.449878,16.041891,18.983828,21.945171,25.216139,26.763945,30.849363,32.022953,30.896122,28.325428,24.651463,21.18726,19.4612,16.124472,15.794351,10.497139,10.822683,9.753556,9.175835,13.357153,13.355213,15.8912115,15.272194,17.769976,17.402964,21.168425,20.213129,25.155678,26.440577,29.149399,32.019043,35.06495,36.55759,34.217125,35.762856,40.481575,39.985603,39.93699,38.292698,33.47036,34.136726,32.288403,34.79303,30.059307,33.827923,34.43039,38.973465,38.78711,36.58262,38.612988,38.844254,37.20621,37.029926,33.44548,30.707594,26.337757,25.637026,21.515799,21.954924,18.903711,15.521137,16.590588,12.608359,14.58125,14.9802065,16.882732,16.90303,16.837654,19.75633,20.203953,22.498077,25.283552,26.518923,30.130245,33.752705,33.651657,31.98221,37.894943,33.950718,32.74004,29.248241,32.823883,28.769535,27.871338,27.05202,23.687515,24.208317,24.147196,21.722826,21.13422,25.337826,22.90932,24.991743,25.708523,27.096878
14,26.095917,23.934608,19.948528,17.879288,16.13059,11.998902,12.536809,6.2025514,7.567437,5.4389877,7.812201,12.103283,6.6875625,5.975232,0.0,5.442906,6.9291835,10.061686,13.399471,16.163387,19.429468,22.206541,24.68831,28.440306,30.038952,29.48292,26.563166,23.784601,20.495193,19.393547,16.402264,16.794672,13.63683,13.820751,14.516759,14.070105,18.497046,18.71216,20.318556,19.520447,20.879179,20.38882,22.812714,21.53368,25.778986,25.831911,29.068241,31.059591,34.067177,35.589535,33.910713,35.83713,40.1957,39.9076,40.630554,39.1943,34.6398,36.004776,34.094433,37.15808,31.799088,35.67001,35.606266,39.888206,38.880505,36.28358,37.63122,37.379,35.226604,34.51331,30.78215,27.448524,24.07799,22.446424,19.050615,19.449629,16.85424,14.866701,16.269438,13.903573,16.932266,18.611649,20.178146,19.074293,18.155386,20.385145,19.791296,20.966722,23.439255,23.800568,27.729893,31.347723,31.987476,30.86931,36.791973,33.728138,33.009182,29.836271,34.147503,30.604568,30.05547,30.306988,26.722607,28.069445,28.425268,25.439568,24.47777,27.900747,24.667017,26.038448,26.168364,26.867926
15,24.695887,21.786758,18.776075,15.539273,13.647204,10.653583,9.819539,5.6446424,4.15303,6.920627,6.5136914,12.491036,9.218021,6.6923294,5.442906,0.0,4.4618564,5.7763624,9.725911,12.355858,15.613851,18.736767,20.507612,24.508762,25.695923,24.843874,21.99328,18.817017,15.369412,14.20648,10.997562,11.8388605,9.042019,10.53544,11.640836,12.579482,16.5177,16.089687,16.673885,15.366187,16.260454,15.352629,17.481459,16.105728,20.412844,20.735497,23.811129,26.103552,29.191051,30.654736,28.747465,30.598463,35.027176,34.704597,35.24848,33.822193,29.22387,30.586113,28.682997,31.884933,26.608908,30.616486,30.630169,35.012245,33.992233,31.722218,33.164913,32.969612,31.258022,30.64539,27.33786,24.438148,20.504488,20.027725,16.25164,17.615263,15.498052,12.570514,15.634605,12.378712,15.620909,17.384453,17.734613,16.06709,14.209487,17.391579,15.878203,18.034557,20.145464,20.957558,24.564009,28.155125,28.301508,27.146095,33.239014,29.750572,29.040348,25.666332,30.015482,26.719343,25.590357,26.527107,22.333382,24.368484,25.216755,22.460062,20.924072,24.604721,20.582443,22.591679,22.212906,23.602894
16,21.067991,18.42833,15.388789,12.086299,11.013861,6.867979,8.745068,5.4975543,7.0990744,10.230883,10.92455,16.780106,12.647876,10.180994,6.9291835,4.4618564,0.0,4.500604,6.536939,9.746505,12.582793,15.527128,17.869612,21.630299,23.379457,22.820976,20.530043,17.438606,14.648907,13.47007,11.680866,11.702342,11.684502,11.752374,14.3779335,14.966805,18.93971,19.055447,18.840479,17.93694,17.559225,17.459013,18.050154,17.196993,20.21301,20.298862,23.21052,25.038364,28.461535,29.422552,27.785686,30.521523,34.37005,33.765076,34.989716,33.504913,29.276075,31.231588,29.671001,33.477352,28.25386,32.448906,32.169003,36.414265,34.683365,32.50649,33.280674,32.498573,30.736713,29.306713,26.518538,23.174538,20.339737,19.690405,16.760042,18.667202,17.321918,15.324878,18.822079,16.299519,19.789677,21.789268,21.922703,19.845158,17.317757,20.41626,17.735703,19.419212,20.833523,20.8921,24.531576,28.014513,28.608732,28.056477,34.182182,31.221495,30.925564,27.711952,32.464176,29.665552,28.31688,30.053612,25.472416,28.070293,29.183344,26.497227,24.685827,28.19125,23.53088,25.46533,24.429163,25.705687
17,19.824955,16.5091,14.287494,10.369903,8.536252,7.0581684,5.7526617,6.191996,5.9816008,11.333497,11.399669,17.435041,14.867263,12.449878,10.061686,5.7763624,4.500604,0.0,4.8576207,6.633835,10.272625,13.192198,15.118807,19.004925,20.171982,19.611408,16.552513,13.97178,10.743834,10.441323,8.037086,10.219869,10.890123,12.845325,15.154223,16.806019,20.232014,19.586622,18.756725,17.107227,16.483849,15.264129,15.361006,13.731585,16.855572,16.098103,19.444414,21.064358,24.228035,25.564,24.11431,26.34975,30.372726,30.17705,31.328686,30.123215,25.873327,27.918402,26.069958,29.898996,24.348328,28.485044,27.953081,32.090565,30.227919,28.020573,28.79918,28.112783,26.435144,25.278624,22.46996,19.468487,16.160944,16.223192,13.132724,15.693086,14.92722,12.827366,17.329296,14.980629,18.605104,21.001959,20.222988,17.463322,14.17431,17.358225,13.794562,15.755523,16.810354,17.106283,20.513742,23.966434,24.315477,23.779734,29.937378,26.937555,26.763433,23.60336,28.52348,26.101826,24.690353,27.187212,22.43266,25.660843,27.199867,24.421587,22.207415,25.308208,20.059452,21.987906,20.476128,21.919012
18,17.083076,13.783734,12.495896,7.6956973,7.765228,6.1565547,8.216886,9.90999,10.816389,15.801698,15.86902,21.96683,18.806423,16.041891,13.399471,9.725911,6.536939,4.8576207,0.0,4.032131,6.059784,9.21751,11.344595,15.108388,16.918812,16.465239,14.753421,11.677981,9.784235,9.090487,9.379954,9.699752,13.35416,13.856291,17.377773,18.833088,22.005377,21.829235,20.084618,18.950562,16.927835,16.844748,15.119987,14.563179,15.727008,15.349934,17.948092,19.296846,23.049757,23.466534,22.074574,25.566118,28.790516,28.014948,29.852995,28.466478,24.716358,27.364143,26.110317,30.590591,25.52392,29.848251,29.217117,33.228725,30.700659,28.947268,29.03398,27.683107,26.341732,24.178698,22.505598,19.340214,17.312302,17.849306,15.791117,18.969826,18.9461,17.310217,22.028246,19.792486,23.364855,25.61718,24.617695,21.791124,18.089777,21.471647,17.02404,18.906282,19.047127,18.751017,21.793505,24.942553,25.483456,25.585522,31.660463,28.99638,29.189297,26.147789,31.194881,29.308695,27.372847,30.562164,25.358965,29.050829,30.826714,28.403675,25.942154,29.134834,23.397995,25.58537,23.44458,25.10696
19,14.842179,10.991503,10.6722,5.6367354,5.352152,7.214496,7.215587,11.446538,12.164367,17.656885,17.917213,23.896416,21.459295,18.983828,16.163387,12.355858,9.746505,6.633835,4.032131,0.0,4.481387,6.7117643,9.10293,12.631635,14.037368,14.04179,11.265979,9.76955,8.028163,9.065627,9.414364,11.686193,15.573461,17.135372,20.289795,22.184921,25.147535,24.538544,22.559414,20.943338,18.815899,17.835926,15.446784,14.150468,14.755397,12.672046,15.885812,16.323582,19.736832,20.50679,19.764399,22.911863,26.015928,25.772337,27.90622,26.930426,23.421703,26.373013,24.872948,29.43448,24.01249,28.155664,27.03257,30.715446,27.717476,25.812078,25.503054,23.950237,22.470627,20.181215,18.593393,15.479641,13.880225,14.808609,13.408096,17.073792,17.874556,16.85473,21.968117,20.391966,24.042692,26.705393,25.176823,21.80977,17.66128,20.569174,15.317842,16.756622,16.187561,15.565339,18.31748,21.296057,21.974207,22.447021,28.387161,26.174582,26.70958,23.978668,29.274952,27.962809,26.19123,30.169088,25.022844,29.216467,31.309057,28.71707,26.013905,28.543268,22.402142,24.206148,21.531345,22.985386
20,14.616044,10.906797,12.1486225,7.037947,8.777298,10.014635,11.667485,15.393726,16.128403,21.544825,21.433764,27.505638,24.786543,21.945171,19.429468,15.613851,12.582793,10.272625,6.059784,4.481387,0.0,3.7475986,5.468153,9.055048,11.161086,11.044404,10.571087,8.085365,8.419738,8.744263,11.401089,11.829949,17.489115,18.087435,21.897123,23.717384,26.297316,25.98921,23.286125,22.10754,18.949228,18.952772,15.195809,15.07442,13.753957,12.677639,14.563036,14.976068,19.052402,18.637474,17.729021,22.198208,24.44591,23.447224,26.127836,24.904394,21.941603,25.342098,24.51657,29.559704,24.879395,29.129677,28.12076,31.713089,28.327776,27.083328,26.305056,24.24741,23.412674,20.298841,20.144815,17.334011,16.656006,18.257584,17.381521,21.265358,22.27707,21.116356,26.32743,24.440355,27.952353,30.32877,28.635017,25.399517,21.105942,24.390549,18.879585,20.627672,19.555218,18.822783,21.000092,23.569334,24.117504,24.973518,30.709383,28.544035,29.24979,26.553623,31.687712,30.730616,28.386093,32.72916,27.236544,31.672379,33.90947,31.746632,28.889563,31.675823,25.319693,27.544838,24.545126,26.39005
21,11.783323,8.072682,10.767008,6.5776224,9.084679,11.504934,13.201423,17.663162,18.864735,24.217752,24.536201,30.55975,27.844446,25.216139,22.206541,18.736767,15.527128,13.192198,9.21751,6.7117643,3.7475986,0.0,4.722033,6.6705637,9.298688,10.245794,9.787174,9.500147,10.645205,11.854944,14.472007,15.472347,21.100248,21.825922,25.615389,27.418146,30.044203,29.706247,26.959663,25.694788,22.45883,22.235817,18.124405,17.769255,15.7559395,13.437567,15.362403,14.475199,18.219978,17.637148,17.655945,22.25724,23.835789,23.098324,26.426493,25.532976,23.145018,26.90078,26.105556,31.246883,26.50323,30.531626,29.090658,32.2553,28.275978,26.976248,25.501333,22.932808,21.951687,18.121506,18.584452,15.655343,16.40859,17.882359,18.02133,21.963797,23.55976,23.089575,28.294964,26.98399,30.595245,33.246098,31.426836,27.922499,23.50029,26.298738,20.446232,21.513494,19.856777,18.49787,20.318329,22.501888,23.476168,24.90549,30.29329,28.85517,29.945179,27.639404,32.928272,32.460373,30.312666,35.139797,29.758205,34.43071,36.808514,34.5111,31.573175,33.893734,27.383505,29.198242,25.872358,27.356256
22,15.950106,12.215132,15.378832,11.010234,12.796357,15.267132,15.98298,20.492786,20.683989,26.417252,25.89811,31.866108,29.718603,26.763945,24.68831,20.507612,17.869612,15.118807,11.344595,9.10293,5.468153,4.722033,0.0,4.280263,5.934657,5.8284564,7.751076,6.1142483,8.952847,10.03002,13.831402,14.403214,20.81902,21.725216,25.449823,27.653557,29.637701,29.089247,25.699741,24.424194,20.611496,20.521914,15.439612,15.680859,12.202248,10.797493,11.391333,10.940372,15.314246,13.873911,13.300296,18.646114,19.907816,18.648396,21.984745,20.952091,18.828709,22.780416,22.386621,27.751907,23.692593,27.729137,26.51981,29.687967,25.731394,25.190315,23.803188,21.267475,21.27639,17.60441,19.135921,17.252073,17.283606,20.058783,19.811823,24.04184,25.637959,24.535221,30.031288,28.201641,31.508017,33.83616,31.540504,28.127865,23.541437,26.801117,20.803175,22.695698,20.797428,20.11024,21.272713,23.186958,23.377363,24.70112,29.957113,28.009455,29.041977,26.649206,31.562346,31.401644,28.64132,33.818027,28.203852,33.136433,35.72676,33.9133,30.782125,33.25293,26.595594,28.955696,25.383522,27.535114
23,15.252296,12.116813,16.403334,13.042648,15.28788,18.163193,19.180689,24.010855,24.569143,30.241955,29.99073,35.960236,33.721638,30.849363,28.440306,24.508762,21.630299,19.004925,15.108388,12.631635,9.055048,6.6705637,4.280263,0.0,4.0140834,5.7306485,9.013161,9.582698,12.816121,14.183751,17.96972,18.584194,25.096037,25.865812,29.69004,31.82629,33.784542,33.299133,29.78168,28.563793,24.573725,24.540026,19.154325,19.441908,15.273788,13.223088,13.276917,11.388273,15.272774,13.041627,13.589552,19.321562,19.358885,18.07982,22.287178,21.566023,20.405155,24.688011,24.569641,29.998062,26.235146,29.977484,28.43967,31.088459,26.53133,26.212868,24.029428,20.875536,21.07845,16.541105,19.294033,17.637009,19.05904,21.786985,22.385042,26.604721,28.636293,28.016394,33.493065,32.032864,35.3912,37.86788,35.469486,31.9026,27.244938,30.173727,23.974117,25.370106,22.979574,21.818045,22.474104,23.84012,24.321539,26.217936,30.95634,29.707054,31.101503,29.106852,34.007423,34.359997,31.66939,37.258003,31.729906,36.83964,39.550026,37.73453,34.536324,36.672836,29.931507,32.018497,28.175955,30.083338
24,17.805891,14.337775,18.699255,15.301216,16.771048,20.377995,20.09522,25.395508,25.299744,31.217558,30.625475,36.40198,34.869247,32.022953,30.038952,25.695923,23.379457,20.171982,16.918812,14.037368,11.161086,9.298688,5.934657,4.0140834,0.0,3.2625902,6.6866207,8.665535,12.1374445,14.179823,17.724127,19.175959,25.404383,26.931568,30.327711,32.86394,34.517014,33.625072,29.962118,28.39932,24.518911,23.833334,18.290493,18.19948,13.625726,10.769867,10.481827,7.6787376,11.413779,9.073334,10.139996,15.536089,15.446446,14.663821,18.877666,18.570204,17.634073,21.975262,21.707685,27.031296,23.38938,26.859404,25.151108,27.529669,22.816875,22.822498,20.547182,17.413778,18.21532,14.010704,17.401892,16.693682,17.708418,21.295105,21.879473,26.197302,28.445093,27.721558,33.313896,31.894588,35.037502,37.502094,34.677094,31.004192,26.27166,29.069414,22.78473,24.362684,21.648052,20.865658,20.87504,21.9091,21.872652,23.796942,28.23266,26.915077,28.404806,26.605413,31.26955,32.070683,29.283018,35.288017,29.884867,35.214592,38.11897,36.44299,33.126778,34.90851,28.13352,30.21019,26.134317,28.228304
25,20.223007,16.54673,20.396847,16.374924,17.636066,20.763731,20.339931,25.257395,24.666899,30.645784,29.565172,35.28226,33.933586,30.896122,29.48292,24.843874,22.820976,19.611408,16.465239,14.04179,11.044404,10.245794,5.8284564,5.7306485,3.2625902,0.0,7.0690217,6.6363573,10.634882,12.156666,16.157103,17.085196,23.512276,24.986656,28.309544,30.965528,32.288067,31.351166,27.44807,25.968693,21.876904,21.415209,15.569219,15.97785,10.801663,9.425083,7.9550643,6.7099338,11.30482,8.515686,7.9670925,14.124222,14.424518,12.922538,16.697117,15.97487,14.766591,19.10654,19.104012,24.570969,21.363464,25.01654,23.743095,26.456144,22.20556,22.619167,20.950289,18.29407,19.547817,16.063898,19.10239,18.604574,18.513222,22.468597,22.369007,26.73217,28.639685,27.344755,32.99836,31.08767,34.041096,36.203434,33.291122,29.84339,25.161303,28.399546,22.300701,24.547997,22.126692,21.902279,22.015856,23.270294,22.710762,24.179451,28.819395,26.788538,27.981369,25.876596,30.268082,30.87293,27.673971,33.517387,27.947042,33.231632,36.132477,34.76593,31.432777,33.56675,26.851547,29.408342,25.454947,28.032906
26,18.20404,14.011567,17.247469,13.703496,13.591415,18.097252,15.700296,21.508114,20.728624,26.730757,26.089872,31.526106,30.833715,28.325428,26.563166,21.99328,20.530043,16.552513,14.753421,11.265979,10.571087,9.787174,7.751076,9.013161,6.6866207,7.0690217,0.0,6.793063,8.121125,11.675859,13.427715,17.045,21.818186,24.682642,27.266983,30.154955,31.956993,30.514433,27.416662,25.176918,22.302158,20.173506,15.760692,14.024734,11.453799,5.584939,8.530264,5.819955,8.705301,9.808867,10.647145,13.09972,15.40145,16.30282,19.015253,19.120867,16.810555,20.480171,18.957405,23.749506,18.790056,22.234753,20.219858,22.875513,18.558283,17.614658,16.129835,13.866482,13.910605,11.319258,12.639651,12.217859,11.481705,15.744741,15.848865,20.183924,22.486053,21.759417,27.34698,26.215574,29.247536,31.931086,28.901709,24.998615,20.258104,22.649275,16.319418,17.908564,15.189481,14.950395,14.987466,16.471087,16.047815,17.515242,22.452452,20.73181,22.094233,20.215355,25.164461,25.82885,23.514753,29.556969,24.46666,29.815542,32.74043,30.70138,27.40252,28.704203,21.931437,23.658333,19.558348,21.545795
27,20.785051,16.604574,18.873201,14.037292,14.321064,16.850988,15.593124,19.927757,18.638504,24.63258,23.154,28.787247,27.711332,24.651463,23.784601,18.817017,17.438606,13.97178,11.677981,9.76955,8.085365,9.500147,6.1142483,9.582698,8.665535,6.6363573,6.793063,0.0,4.2407026,5.7595854,9.556618,11.062834,16.983013,19.032967,21.993505,24.826488,26.248331,25.100843,21.526161,19.773102,16.175581,15.22326,9.987633,9.894018,6.361791,6.0772038,6.5515504,8.497796,13.025972,12.47298,10.418564,14.674915,17.37639,16.385424,18.326397,17.193933,14.008818,17.495613,16.69233,21.931702,17.843956,22.054178,21.284176,24.90895,21.765242,21.514603,21.218695,19.651777,20.211842,18.087135,18.925962,17.95926,15.786408,19.616463,18.214926,22.464592,23.678099,21.666649,27.290838,24.879604,27.745022,29.732613,26.97125,23.715435,19.13255,22.860094,17.130707,20.147669,18.588303,19.110128,20.05794,22.174656,21.30908,21.818542,27.275448,24.218334,24.799599,22.032774,26.53431,26.208426,23.00835,28.159908,22.442787,27.471655,30.183853,28.699593,25.46452,28.094997,21.48451,24.426882,20.954092,23.85037
28,21.147346,16.846298,18.030663,13.189564,12.43732,14.875179,12.427172,16.587458,14.763975,20.800898,19.248972,24.776983,24.061874,21.18726,20.495193,15.369412,14.648907,10.743834,9.784235,8.028163,8.419738,10.645205,8.952847,12.816121,12.1374445,10.634882,8.121125,4.2407026,0.0,4.1299357,5.6557803,9.244437,13.782616,16.766459,19.176891,22.159618,23.84906,22.417328,19.43095,17.241508,14.590781,12.622951,8.909235,7.254831,7.1331024,6.0000854,8.709045,10.891672,14.546364,15.38072,13.474845,15.989922,19.797058,19.52861,20.671944,19.684853,15.738198,18.451395,16.847376,21.518734,16.52671,20.83513,20.132524,24.101763,21.58358,20.636518,21.073952,20.156805,20.075523,18.840422,18.206972,17.006298,13.562025,17.114664,14.912726,18.988028,19.831259,17.521803,23.124144,20.645052,23.527338,25.616848,22.926907,19.608866,15.036342,18.838379,13.308539,16.634167,15.667254,16.642115,18.105513,20.703394,19.779543,19.709074,25.553284,22.110352,22.366278,19.315096,23.99772,23.106823,20.261826,24.983246,19.376217,24.226698,26.81382,24.993258,21.837843,24.505262,17.961033,20.850262,17.70543,20.557838
29,22.960384,18.892721,19.644043,14.465896,14.18808,15.04263,13.886123,16.599426,14.668992,20.370514,18.309961,23.918852,22.737238,19.4612,19.393547,14.20648,13.47007,10.441323,9.090487,9.065627,8.744263,11.854944,10.03002,14.183751,14.179823,12.156666,11.675859,5.7595854,4.1299357,0.0,5.2778497,5.439404,11.368356,13.359812,16.24447,19.083519,20.553572,19.4755,16.128735,14.475004,11.154451,10.5970745,6.5423617,6.96978,6.8628383,9.448562,10.381861,13.731308,17.85419,17.84813,15.0701065,18.437399,22.017511,20.814875,21.679367,20.042994,15.915825,18.330723,17.35078,22.075245,17.938536,22.464487,22.463982,26.74028,24.719746,24.154894,24.86648,24.012508,24.15929,22.75433,22.29124,20.843758,17.417955,20.504105,17.884916,21.679296,21.885588,18.977057,24.318195,21.079071,23.80321,25.350033,23.032354,20.324654,16.158129,20.608856,15.842955,19.576569,19.182272,20.25576,22.030584,24.751059,23.794256,23.482672,29.37603,25.537172,25.466505,22.120535,26.400696,24.972223,21.72612,25.63418,19.798115,24.189035,26.516073,25.103565,22.122414,25.650726,19.513088,22.974037,20.356316,23.487854
30,24.065456,19.96986,19.675917,14.973656,13.371792,14.301064,11.195552,13.500609,10.471782,16.222517,13.968615,19.346003,19.000841,16.124472,16.402264,10.997562,11.680866,8.037086,9.379954,9.414364,11.401089,14.472007,13.831402,17.96972,17.724127,16.157103,13.427715,9.556618,5.6557803,5.2778497,0.0,6.7330704,8.496729,12.561856,14.134175,17.276709,19.1162,17.439226,15.219014,12.711928,11.443289,8.73344,8.138113,5.696471,9.845297,10.48543,13.153085,16.117321,19.264938,20.630417,18.290922,19.80698,24.361008,24.13605,24.339378,23.115318,18.492634,20.102434,18.12005,21.920994,16.736849,21.082687,21.04447,25.495564,24.171385,22.82943,24.291323,24.154491,23.667517,23.299732,21.392284,19.93002,15.24188,17.873398,14.333283,17.647863,17.323511,13.9471035,19.206196,15.886561,18.598633,20.35939,18.027504,15.163839,11.045843,15.564853,11.394524,15.4709,15.922574,17.597612,19.779905,22.869287,21.813828,20.823872,26.910282,22.747917,22.29252,18.74396,23.105375,21.032297,18.4173,21.733606,16.227745,20.338549,22.517313,20.556618,17.68392,21.107044,15.172784,18.44514,16.37828,19.349018
31,25.975271,22.257421,21.977755,16.884487,16.561625,15.51096,15.285009,15.778551,13.568811,18.330437,15.643896,21.06524,19.416765,15.794351,16.794672,11.8388605,11.702342,10.219869,9.699752,11.686193,11.829949,15.472347,14.403214,18.584194,19.175959,17.085196,17.045,11.062834,9.244437,5.439404,6.7330704,0.0,7.473705,8.037469,11.339267,13.923542,15.354118,14.731396,11.498525,10.585093,7.3465014,8.756947,7.195724,8.924387,10.678758,14.6248255,15.201704,19.059929,23.151377,23.038864,19.823133,23.109783,26.84402,25.202328,25.521994,23.436539,19.072477,20.661392,19.954243,24.123096,20.56282,25.097902,25.782265,30.380684,29.129135,28.532299,29.76363,29.219212,29.217382,28.015852,27.041878,25.25342,21.43888,23.775578,20.500624,23.696096,22.977316,19.4066,24.10228,20.039503,22.47623,23.333988,21.743757,19.929049,16.611757,21.501806,18.018097,22.00937,22.50762,23.797037,26.085836,29.098928,28.166058,27.394625,33.420948,29.146263,28.611002,24.953505,28.81653,26.515032,23.259077,25.732182,20.026787,23.430855,25.201893,24.079618,21.546656,25.991608,20.695267,24.50663,22.7777,25.962027
32,30.152931,26.520088,25.040287,20.596888,19.080133,17.514502,15.756842,14.247436,10.482433,13.708152,9.699887,14.215296,13.833207,10.497139,13.63683,9.042019,11.684502,10.890123,13.35416,15.573461,17.489115,21.100248,20.81902,25.096037,25.404383,23.512276,21.818186,16.983013,13.782616,11.368356,8.496729,7.473705,0.0,6.1265416,5.728056,9.169852,10.8898115,9.237014,8.400764,6.4316597,7.9823375,7.1042767,11.009349,10.6952505,15.650547,18.601793,20.222445,24.07851,27.340078,28.376097,25.291906,26.829708,31.534435,30.671305,30.054747,28.24488,23.341587,23.761528,22.195045,24.96947,20.98187,25.087645,26.183414,30.97684,30.918869,29.734005,31.964098,32.297234,31.813025,31.752941,29.407713,27.691853,22.676172,24.28576,20.010258,22.074663,20.182825,15.730527,19.30787,14.399799,16.156174,16.343473,15.38151,14.582805,12.727648,17.614323,16.3593,20.547869,22.317327,24.316965,26.976095,30.289255,29.14718,27.47659,33.45686,28.64623,27.427237,23.562963,26.844221,23.404291,20.854923,21.395216,16.500504,18.49286,19.550623,18.201115,16.32785,21.326752,17.427614,21.177256,20.830887,23.818193
33,30.807838,27.618666,25.986746,21.519987,20.922144,17.915789,18.495876,15.932787,13.73581,15.95193,12.704905,17.067064,14.617572,10.822683,13.820751,10.53544,11.752374,12.845325,13.856291,17.135372,18.087435,21.825922,21.725216,25.865812,26.931568,24.986656,24.682642,19.032967,16.766459,13.359812,12.561856,8.037469,6.1265416,0.0,4.978994,6.1276836,8.311113,9.006735,7.8823185,8.764013,8.562033,11.388084,13.578978,15.04064,18.260303,22.222305,23.0574,27.02023,30.926344,31.054743,27.725494,30.5961,34.632095,32.906845,32.737476,30.440533,25.921864,26.632273,25.92279,29.149895,25.95728,30.228956,31.45983,36.263577,35.844307,34.94109,36.724586,36.55543,36.159367,35.287598,33.479973,31.280872,27.096746,28.346935,24.479023,26.64407,24.747667,20.724281,23.970732,19.201248,21.030678,20.850481,20.765062,20.402699,18.716846,23.43917,21.89048,25.697655,27.27537,28.715733,31.59716,34.92952,34.14747,32.857822,38.942646,34.370842,33.32746,29.487576,32.84953,29.49107,26.725048,27.09766,22.211414,23.849302,24.567223,23.6513,22.087286,27.298248,23.543465,27.265156,26.790493,29.663342
34,34.3682,31.044313,29.139614,24.879642,23.639584,20.979143,20.295164,17.274889,14.0887,15.225252,11.010903,13.927777,13.031851,9.753556,14.516759,11.640836,14.3779335,15.154223,17.377773,20.289795,21.897123,25.615389,25.449823,29.69004,30.327711,28.309544,27.266983,21.993505,19.176891,16.24447,14.134175,11.339267,5.728056,4.978994,0.0,3.9466865,5.3699603,4.705672,6.191231,6.590829,9.456921,10.827655,15.165796,15.857922,20.32701,24.10771,25.21814,29.37386,32.815952,33.518234,30.113913,31.943623,36.517956,35.203857,34.343716,32.20405,27.390013,27.3611,26.236586,28.582506,25.4658,29.38044,30.96016,35.81605,36.19037,35.168335,37.57941,37.975655,37.540333,37.41169,35.05772,33.16842,28.24389,29.455662,25.107088,26.706917,24.284681,19.781294,22.24003,17.01468,18.012123,17.037754,17.286938,17.84376,17.224865,21.785316,21.565907,25.572136,27.688107,29.655207,32.488045,35.861244,34.75353,32.9339,38.842735,33.862553,32.401623,28.502962,31.256182,27.372057,24.880512,24.03687,19.812836,20.42503,20.635202,19.94136,18.895367,24.378231,21.695969,25.448114,25.749794,28.649433
35,35.516403,32.531277,30.21143,26.236834,25.22306,21.745058,22.003975,18.033485,15.660506,15.621398,12.064439,14.387425,12.229961,9.175835,14.070105,12.579482,14.966805,16.806019,18.833088,22.184921,23.717384,27.418146,27.653557,31.82629,32.86394,30.965528,30.154955,24.826488,22.159618,19.083519,17.276709,13.923542,9.169852,6.1276836,3.9466865,0.0,4.5373216,6.3190856,8.817994,10.251813,12.595874,14.709938,18.59904,19.536018,23.65863,27.41625,28.535917,32.56881,36.183647,36.70734,33.349136,35.575916,39.983517,38.466167,37.83321,35.567677,30.874235,30.964535,30.02964,32.446926,29.403276,33.32588,34.87239,39.719513,39.985943,38.852768,41.124023,41.361618,40.738876,40.348213,37.91089,35.67865,31.071974,31.780376,27.54396,28.899136,26.259068,22.037025,23.948023,18.925047,19.910803,18.76415,19.858446,20.717361,20.42307,24.666853,24.650091,28.279547,30.53981,32.230927,35.320293,38.779564,37.955437,36.225323,42.1913,37.394394,35.964703,32.10534,34.941784,30.927628,28.665976,27.478872,23.551226,23.760162,23.608494,22.87543,22.189924,27.606585,25.237835,28.720827,29.18837,31.801115
