,0,1,2,3,4,5,6,7,8,9,10,11,12,13,14,15,16,17,18,19,20,21,22,23,24,25,26,27,28,29,30,31,32,33,34,35,36,37,38,39,40,41,42,43,44,45,46,47,48,49,50,51,52,53,54,55,56,57,58,59,60,61,62,63,64,65,66,67,68,69,70,71,72,73,74,75,76,77,78,79,80,81,82,83,84,85,86,87,88,89,90,91,92,93,94,95,96,97,98,99,100,101,102,103,104,105,106,107,108,109
0,0.0,4.644771,7.2428555,10.226315,13.690004,15.175369,19.094494,22.31901,25.017776,28.992517,33.40295,35.931553,34.076557,32.649193,27.54459,26.278215,22.066252,22.32954,18.038393,18.222645,14.260382,14.424566,14.385469,14.402858,18.22545,20.555704,23.850157,24.720291,24.193197,28.424082,28.667015,32.52467,37.947292,38.329796,41.68153,44.196747,46.393967,45.193275,41.511494,37.272007,39.43237,34.980476,34.89842,30.244478,29.971428,26.850067,27.592949,22.7298,25.311203,21.885845,23.449228,24.668102,22.943392,20.373884,25.49895,28.496918,27.387579,30.921509,31.221378,32.705692,31.767103,30.319685,29.442959,31.561909,35.720093,38.068127,36.620564,40.71467,37.474575,39.32526,35.381054,38.50419,35.717175,38.996643,37.76341,39.66683,39.52259,38.784584,40.827866,42.907063,38.80066,40.144054,36.619305,34.165318,33.04026,29.036585,28.494408,23.584465,25.653517,24.09176,26.704763,28.265238,26.373898,28.818262,26.88224,27.485844,25.774893,24.86355,27.404886,24.516737,29.39856,28.196701,29.07673,30.151825,30.760403,28.765017,31.151285,31.74144,31.000103,34.05286
1,4.644771,0.0,4.8338003,7.131694,10.038396,12.7243805,15.622582,19.645727,22.030834,26.401155,31.02107,33.315548,32.090797,31.091204,25.9875,24.821167,20.947216,20.912872,16.990877,16.498234,13.723295,12.075882,13.26399,11.88934,16.335007,18.592564,20.963856,21.931007,21.114342,25.895016,25.709486,30.213007,35.3287,36.38995,39.323914,42.06211,44.374744,42.87894,39.48676,35.27529,36.74223,32.2787,31.901566,26.892218,26.859888,23.436403,24.25957,19.164711,21.48048,17.919342,19.04941,20.351374,18.334015,16.135965,21.206448,24.21526,23.519672,27.121199,27.839241,29.320597,28.485107,26.495098,25.711924,27.917242,31.901743,34.623833,33.6509,37.85196,35.139057,37.117725,33.54271,36.94762,34.189396,37.84999,36.572132,38.923843,38.775913,37.75889,40.197304,41.928425,37.469414,38.366062,34.713734,32.08978,31.348232,26.765383,26.668232,21.738888,23.843296,22.59354,24.974436,26.933125,25.948107,28.77589,26.92018,27.77243,25.369812,25.247334,26.803732,24.506279,28.629425,27.701878,28.921513,30.372383,30.590012,29.212158,30.71473,31.68719,30.43526,33.694912
2,7.2428555,4.8338003,0.0,5.1699123,7.594908,8.686447,12.793102,15.60716,18.5968,22.186354,27.156511,29.189543,27.696901,26.67707,21.504885,20.795874,16.925097,17.58733,14.179523,14.575308,12.55913,11.959956,14.774836,13.773168,18.569101,19.884386,22.087738,21.995419,20.276077,25.18554,23.851698,28.605228,32.978355,33.886276,36.943054,39.383606,42.051056,40.779602,37.44452,33.443672,34.988422,30.975323,30.090712,25.576925,26.529675,22.990673,24.846008,19.620129,22.549063,19.517492,19.82859,19.866081,17.771158,14.376547,19.078127,22.166866,21.080528,24.311018,24.390121,26.4329,25.905012,24.73855,24.61224,27.361568,31.724323,34.66862,34.04235,37.719975,35.376694,36.783073,33.389786,36.41679,33.163815,36.68196,34.866623,37.237663,36.60708,35.220932,37.433525,38.781006,34.0973,35.091347,31.346472,29.051783,28.570925,24.037872,24.903698,20.44763,23.216599,22.713636,25.588312,28.11348,27.01669,29.636509,27.247486,27.627287,25.032219,24.059912,25.104078,22.249092,26.031275,24.459196,25.416592,27.396982,27.828232,27.306103,28.771774,30.372126,29.438204,33.07707
3,10.226315,7.131694,5.1699123,0.0,3.809331,6.475627,8.944005,13.144733,15.115753,20.038034,24.110573,26.764067,25.723305,24.83081,19.93581,18.321087,14.82996,14.270774,10.842636,10.089087,9.127334,7.129473,11.108052,9.895235,14.723204,15.373288,17.361982,16.8908,15.135563,20.033781,18.96686,23.665447,28.359684,29.47844,32.36551,35.04071,37.50726,36.055244,32.752277,28.667473,30.074812,25.90912,25.216688,20.62068,21.40644,17.959288,19.992693,14.872543,18.32104,15.942782,16.54256,15.88739,15.170972,10.951822,16.273743,19.024313,17.290384,20.86956,21.33264,22.509983,21.598978,20.306208,19.838615,22.467422,26.992304,29.712105,28.994257,32.571537,30.27469,31.654772,28.36521,31.48844,28.326508,32.047108,30.386545,33.00828,32.60694,31.26864,33.895912,35.314377,30.668417,31.358995,27.679653,25.018862,24.461023,19.705505,20.178812,15.597123,18.269375,17.951109,20.773132,23.579739,22.955473,25.728146,23.39315,23.969177,20.89213,20.802258,21.119436,19.16924,22.392538,21.643976,23.21493,24.969324,24.801243,24.32975,24.966675,26.599453,25.190907,28.861256
4,13.690004,10.038396,7.594908,3.809331,0.0,5.288368,5.5929275,10.57745,12.215737,17.330162,21.663626,23.954117,23.520184,23.096458,18.360775,17.069695,14.24473,13.614518,11.320387,10.215738,11.220401,8.213866,13.266721,11.245707,15.988864,16.11432,16.937494,16.045065,13.527437,18.923195,16.804977,22.2536,26.209913,27.95458,30.42954,33.180626,35.872116,34.23837,31.278801,27.375084,28.087038,24.168037,22.933424,18.240185,19.795744,16.05421,18.673622,13.503895,16.843857,14.832227,14.471009,13.007237,12.15624,7.3483634,12.512483,15.282085,13.719543,17.248297,17.930445,19.311277,18.656675,17.144474,17.146544,20.132975,24.608036,27.767963,27.679602,31.072083,29.469187,30.709862,27.915,31.072676,27.824965,31.750078,29.885717,32.858948,32.288197,30.587963,33.437923,34.37524,29.39444,29.666525,25.878815,23.215672,23.19171,17.940468,19.346478,15.235668,18.06925,18.413128,21.034315,24.263563,24.366413,27.237158,24.906763,25.496714,21.971222,22.243608,21.514175,20.021744,22.218393,21.534388,23.258352,25.453543,25.02434,25.39601,25.239843,27.36147,25.684757,29.530516
5,15.175369,12.7243805,8.686447,6.475627,5.288368,0.0,6.225615,7.15383,10.255355,13.921786,18.475826,20.79526,19.418081,18.57463,13.598996,12.646747,9.468388,10.078644,8.498433,9.469739,10.746057,10.738133,15.7913065,15.158067,19.621746,19.079578,20.538689,18.560276,15.470753,20.142616,17.048374,22.01938,25.235912,26.163984,29.149624,31.331451,34.359398,33.25079,30.133621,26.500042,27.916105,24.645123,23.083012,19.571949,21.992308,18.637066,22.112276,17.362463,21.263157,19.811981,19.277758,16.80135,16.237638,10.562395,14.496375,17.057968,14.505611,17.245756,16.506445,18.564611,18.209696,18.522295,19.232248,22.59321,27.469803,30.415817,30.276726,32.92774,31.319653,31.785957,28.94786,31.395227,27.573517,30.995491,28.51465,31.179695,30.01759,28.047298,30.359102,31.068352,26.019037,26.764845,22.929892,20.828747,20.82438,16.171019,18.523146,15.217493,18.77048,19.727207,22.993593,26.423603,25.765587,28.11979,25.198338,25.091259,21.844608,20.60507,19.806517,17.24395,19.401772,17.673105,18.91107,21.60056,21.635664,22.772943,23.069834,25.729893,24.792791,28.91116
6,19.094494,15.622582,12.793102,8.944005,5.5929275,6.225615,0.0,6.724601,6.9090996,12.875582,16.655413,19.003778,19.25648,19.313433,15.194997,13.797515,12.308432,11.143564,10.855787,9.5405245,13.036307,10.3229265,16.017895,14.225518,18.215313,17.107033,16.910456,14.675667,10.964304,16.252014,12.419588,18.454988,21.303373,23.538158,25.634031,28.348738,31.296669,29.600945,26.99451,23.420515,23.566603,20.220264,18.279676,14.143009,17.079287,13.4451475,17.347176,12.890822,16.566002,15.955725,14.746658,11.156206,11.741034,5.4680676,9.328327,11.445444,8.652876,12.012202,12.568653,13.742701,13.248243,12.465352,13.307082,16.85383,21.567959,24.877285,25.393345,28.032099,27.240248,27.868778,25.713688,28.53882,25.034004,28.989386,26.748068,30.061846,29.203001,27.057215,30.129387,30.48752,25.227478,25.010618,21.182451,18.535551,19.123922,13.486198,16.229034,13.287163,16.406412,17.906149,20.469696,24.261097,24.94761,27.639696,25.151445,25.524519,21.569983,22.037588,19.816414,19.028646,19.61688,19.187458,21.193861,23.763649,22.890787,24.43505,23.15581,25.960232,24.105843,28.156292
7,22.31901,19.645727,15.60716,13.144733,10.57745,7.15383,6.724601,0.0,4.616054,6.9013896,11.856176,13.691933,12.985406,12.96892,8.714706,8.673749,8.194581,9.049608,10.970844,11.980008,15.574479,15.416572,20.940361,20.14969,24.068525,22.535574,22.847229,19.732368,15.6318245,19.734142,14.46148,19.744623,20.77659,22.178024,24.659822,26.488379,30.072126,29.05543,26.53678,23.607946,24.28067,22.174303,19.524841,17.336143,21.430605,18.407894,23.004402,19.116697,22.954935,22.644785,21.103275,16.965168,17.143492,11.217056,12.538252,14.162773,10.742259,12.048311,9.997541,12.871632,13.316406,15.309479,17.343113,21.18594,25.99747,29.152761,29.867052,31.499058,31.013689,30.656013,28.719086,30.602709,26.451956,29.712578,26.60072,29.58624,27.822245,25.0961,27.444452,27.071005,21.489569,21.654524,17.699265,16.12114,17.256653,12.54069,17.224405,15.838662,19.570421,21.78134,24.867195,28.807278,28.800785,30.913248,27.849007,27.436388,23.840908,22.625496,20.024147,18.144087,17.954506,16.0503,17.317598,20.836592,20.493654,23.515432,22.49269,26.125751,25.174158,29.484858
8,25.017776,22.030834,18.5968,15.115753,12.215737,10.255355,6.9090996,4.616054,0.0,7.294607,9.808729,12.476906,13.132779,13.66801,10.7970495,9.515456,10.409303,9.349306,12.005963,11.742499,16.494902,15.462166,20.984364,20.02634,23.315208,21.18848,20.728912,17.111843,12.739059,16.41055,10.378534,15.975672,16.553421,18.718119,20.66884,22.846786,26.340143,24.994612,22.75655,19.925293,19.928259,17.999996,15.052088,13.191286,17.828964,15.13754,20.1203,16.999971,20.80976,21.393274,19.799421,14.866503,16.469248,10.709926,11.36538,12.01756,7.4565945,8.717843,7.196287,8.553595,8.711698,11.237016,13.491567,17.336134,22.124308,25.147318,26.128408,27.38216,27.39231,26.85086,25.406172,27.279099,23.272652,26.744076,23.74361,27.128197,25.573324,22.760298,25.677137,25.143923,19.537943,18.968313,15.067102,12.957369,14.512885,9.181235,14.37969,13.785304,17.169247,19.895878,22.576384,26.697227,27.379524,29.514048,26.681398,26.461876,22.515768,22.322882,18.686935,18.17276,16.727516,16.047995,18.000952,21.12737,20.01871,23.25499,21.05103,24.773237,23.277624,27.491568
9,28.992517,26.401155,22.186354,20.038034,17.330162,13.921786,12.875582,6.9013896,7.294607,0.0,7.2601223,7.0476227,7.0872326,8.630542,6.862402,9.049605,11.370108,12.765115,16.320488,17.629799,21.707718,21.889881,27.379072,26.659933,30.26419,28.263418,28.020502,24.34162,19.970371,23.118038,16.663439,21.29969,19.71,21.193874,23.088268,24.127136,28.29875,27.638815,25.870544,23.98473,24.062706,23.46966,19.950607,19.554209,24.68818,22.22251,27.28526,24.19021,27.749912,28.079838,25.938816,21.105295,21.482096,16.297865,15.346104,15.866966,12.584292,11.464651,7.2311435,11.378691,13.0488615,16.847252,19.92006,23.797386,28.200777,31.368364,32.758163,33.36434,33.822075,32.66558,31.534369,32.70483,28.374775,31.140356,27.469149,30.423958,27.986153,24.606764,26.547026,24.90947,19.068579,18.755247,15.024746,14.7623205,17.091255,13.572042,19.766514,20.111786,23.681437,26.579853,29.495247,33.60292,33.82998,35.616962,32.444145,31.684649,28.158209,26.598976,23.051085,21.45231,19.518341,17.218723,17.978022,22.065903,21.702236,26.22592,24.507635,28.779833,28.133986,32.404083
10,33.40295,31.02107,27.156511,24.110573,21.663626,18.475826,16.655413,11.856176,9.808729,7.2601223,0.0,5.70017,6.352866,7.7853365,9.503488,9.167343,13.241677,13.05574,17.640654,18.58182,23.320107,23.961617,28.991522,28.916052,31.616056,28.771862,28.464638,23.98763,19.8708,21.17557,14.739567,17.416002,14.1282,14.935195,16.713633,17.16762,21.494081,21.247593,19.725286,18.660355,19.007101,19.687788,16.19356,18.062332,23.307682,21.998756,27.264118,25.390993,29.213326,30.568727,28.923763,23.516888,25.575958,20.303946,19.505102,19.064646,14.700482,13.136129,9.140761,9.840192,10.936718,16.792622,19.617716,22.93518,27.263302,29.4802,30.666142,30.087904,30.82944,28.742067,28.160154,28.42561,24.039755,26.19087,22.22332,25.125353,22.409655,18.714008,20.730019,18.48723,12.647248,11.689557,8.171081,8.766735,11.823457,10.218266,16.718431,18.954172,22.036823,25.551922,28.2533,32.33953,32.66852,33.941483,30.802378,29.769554,26.379938,25.04784,20.378134,19.98518,16.069698,14.809406,16.010214,19.532513,18.405308,23.770565,20.838156,25.408,24.842684,28.843355
11,35.931553,33.315548,29.189543,26.764067,23.954117,20.79526,19.003778,13.691933,12.476906,7.0476227,5.70017,0.0,5.540664,8.925466,11.097392,13.03972,16.72594,17.57007,21.866613,22.960163,27.514912,27.732595,33.09624,32.481274,35.598198,33.08771,32.335846,28.199776,23.869986,25.865206,19.020338,22.485516,18.394045,19.967216,20.902674,21.079733,25.601332,25.273521,24.472141,23.80734,23.180756,24.175797,20.177086,21.6512,27.277102,25.573471,30.816616,28.67858,32.002895,33.082966,30.71843,25.3891,26.461866,21.859602,19.78342,19.218771,16.071304,13.379444,8.849822,11.704623,13.960437,18.987799,22.483536,26.008385,29.84754,32.69122,34.57864,34.079914,35.434917,33.51283,33.263203,33.710697,29.467094,31.689695,27.741756,30.642096,27.797985,23.990898,25.657429,22.784542,17.16909,15.963158,13.0885,14.194918,17.459293,15.542891,22.149094,23.982523,27.122461,30.539747,33.130833,37.28671,37.856434,39.328926,36.21756,35.26528,31.803364,30.38548,25.957888,25.149565,21.621052,19.76895,20.388191,24.329174,23.626175,29.10682,26.478167,31.063076,30.511488,34.52776
12,34.076557,32.090797,27.696901,25.723305,23.520184,19.418081,19.25648,12.985406,13.132779,7.0872326,6.352866,5.540664,0.0,3.5719585,7.000075,9.725778,13.472614,15.301071,19.639637,21.706743,25.601503,27.061834,32.167458,32.217056,35.479088,33.051353,33.256447,29.04063,24.852678,26.739553,20.463026,23.324945,20.340439,20.334442,22.489256,22.234503,26.652782,26.938038,25.35827,24.42608,25.28482,25.901619,22.50255,23.866116,29.031746,27.29252,32.50853,29.952503,33.813877,34.510685,32.64892,27.59521,28.474642,23.156555,22.251635,22.385096,18.76085,17.046751,12.41863,15.226701,16.779425,22.028193,25.039698,28.61769,33.004,35.537327,36.70208,36.363926,36.849297,34.820263,33.897648,34.059303,29.488161,31.278587,27.081614,29.409925,26.230453,22.540205,23.435656,20.894667,15.4044075,15.604652,12.660555,14.255759,16.679245,15.613026,21.824417,23.461939,26.945335,30.161577,33.258213,37.283493,36.99476,38.171154,34.735912,33.38147,30.382603,27.82252,24.051552,22.194471,19.247156,16.265203,16.136969,20.393396,20.355934,25.99417,24.320208,28.93857,29.113283,33.202488
13,32.649193,31.091204,26.67707,24.83081,23.096458,18.57463,19.313433,12.96892,13.66801,8.630542,7.7853365,8.925466,3.5719585,0.0,5.2294164,7.622209,11.298833,13.523858,17.796762,20.387693,23.833328,26.091202,30.89659,31.434406,34.643192,32.222313,33.03307,28.778742,24.79821,26.464573,20.750095,23.080545,20.96075,20.009722,22.901749,22.521236,26.726389,27.313267,25.211031,24.05076,25.840069,26.162113,23.244555,24.5546,29.3042,27.647081,32.763462,30.081184,34.261578,34.81466,33.379402,28.51311,29.498497,23.793198,23.717865,24.170555,20.193905,19.12309,14.690507,17.062458,18.090471,23.388678,25.988268,29.489962,34.173977,36.416214,37.070297,36.820396,36.72441,34.65019,33.302837,33.28962,28.583368,30.103628,25.845266,27.803936,24.52224,21.0222,21.511238,19.432507,14.16535,15.300096,12.389576,14.011655,15.696308,15.228898,20.883818,22.41022,26.000633,29.054783,32.41091,36.29878,35.482567,36.442352,32.848366,31.25834,28.583483,25.37781,22.043175,19.6094,17.070528,13.459305,12.895587,17.267227,17.611399,23.236917,22.157118,26.714834,27.319796,31.39914
14,27.54459,25.9875,21.504885,19.93581,18.360775,13.598996,15.194997,8.714706,10.7970495,6.862402,9.503488,11.097392,7.000075,5.2294164,0.0,4.9769874,7.1305013,10.298971,13.886019,16.724749,19.735386,21.934555,26.828203,27.221159,30.79464,28.804342,29.88765,26.061794,22.10911,24.641481,19.248684,22.52215,21.977541,21.499414,24.664526,25.081345,29.050953,29.1668,26.613964,24.60066,26.460361,25.713697,23.027618,23.014597,27.400774,25.212482,30.107944,26.801367,31.013252,31.033466,29.726526,25.31615,25.780493,19.917292,20.581875,21.652693,17.856081,17.670752,13.717986,16.63213,17.415545,21.710491,24.028229,27.695486,32.596985,35.129997,35.582226,36.131535,35.569763,34.132206,32.26635,32.904617,28.24345,30.31337,26.386988,28.53951,25.736979,22.613834,23.588123,22.486858,17.121782,18.343508,14.848497,15.184203,16.336304,14.38873,19.6433,19.938227,23.79834,26.424257,29.942875,33.78997,32.84364,34.125324,30.54253,29.196398,26.387495,23.234447,20.613665,17.580908,16.52201,12.703807,12.436072,16.88184,17.429646,22.051018,21.63759,25.8769,26.237501,30.50271
15,26.278215,24.821167,20.795874,18.321087,17.069695,12.646747,13.797515,8.673749,9.515456,9.049605,9.167343,13.03972,9.725778,7.622209,4.9769874,0.0,4.4402966,5.9324336,10.224788,12.906942,16.278454,18.840778,23.397886,24.288157,27.359892,24.997248,26.406824,22.309277,18.655155,20.512379,15.808121,18.295221,18.785683,17.747921,21.422743,22.134914,25.709465,25.796297,22.76455,20.381197,22.956612,21.867384,19.782183,19.94968,23.82159,22.042755,26.839615,23.905575,28.452225,28.83576,28.151295,23.687134,25.158077,18.976952,20.534878,21.462246,16.914803,17.452662,14.172031,15.457428,15.353398,19.822882,21.493242,24.83966,29.957935,31.934336,31.845446,32.319668,31.297077,29.783245,27.665812,28.199242,23.514254,25.565475,21.7559,23.921722,21.380257,18.513592,19.899006,19.553114,14.326479,15.769196,12.190369,11.762618,12.109582,10.3901,14.970282,15.4695425,19.269613,21.963642,25.547691,29.322453,28.23953,29.369154,25.778059,24.397337,21.57141,18.59234,15.656155,13.002018,11.696915,8.401907,9.166213,13.14158,13.113067,17.546581,16.784945,20.99835,21.260784,25.529907
16,22.066252,20.947216,16.925097,14.82996,14.24473,9.468388,12.308432,8.194581,10.409303,11.370108,13.241677,16.72594,13.472614,11.298833,7.1305013,4.4402966,0.0,4.577173,7.0164394,10.5695,12.836186,16.033451,20.368595,21.469921,24.84006,22.96785,25.019766,21.453714,18.137503,20.608118,16.848726,19.698614,21.68077,20.694885,24.576294,25.6653,28.908218,28.81408,25.430443,22.476112,25.335697,23.374443,21.781307,20.833471,23.98403,21.834719,26.188883,22.6761,27.302229,27.08742,26.779465,22.991758,23.976997,17.733953,20.319345,21.84686,17.64244,19.03505,16.38952,17.900906,17.518366,20.868141,22.03662,25.3397,30.591362,32.642254,32.16393,33.332043,31.68026,30.72258,28.013145,28.998085,24.458916,26.73565,23.338217,25.343622,23.23903,20.927656,22.31569,22.778505,17.974606,19.671772,16.14782,15.125566,14.760624,12.397172,15.626109,14.679367,18.625032,20.645046,24.464478,28.02648,26.489557,27.779905,24.1544,22.889086,20.231207,16.913952,15.288252,11.635617,12.584661,9.179099,9.810294,13.292432,13.767646,16.750214,17.17476,20.779625,21.08533,25.360405
17,22.32954,20.912872,17.58733,14.270774,13.614518,10.078644,11.143564,9.049608,9.349306,12.765115,13.05574,17.57007,15.301071,13.523858,10.298971,5.9324336,4.577173,0.0,4.784118,7.140549,10.699742,13.4301,17.642595,18.915289,21.698544,19.31778,21.29553,17.39731,14.279662,16.182829,13.010891,15.39892,18.34606,17.443518,21.351639,22.91554,25.768475,25.394962,21.808495,18.484663,21.519257,19.175703,18.060797,17.129211,19.861317,18.091927,22.397507,19.383917,24.201025,24.5218,24.633015,20.677805,22.735485,16.492117,19.480696,20.65852,15.965617,17.833624,15.943541,16.02646,14.916252,18.137486,18.734228,21.701124,27.022623,28.650854,27.87031,28.983252,27.147232,26.209196,23.439438,24.53432,20.072329,22.634348,19.502113,21.834938,20.205898,18.13787,20.28256,21.230757,16.590107,17.901146,14.436946,12.488476,11.573515,8.78762,11.13478,10.213042,14.134714,16.394331,20.14759,23.792006,22.552551,23.898096,20.391912,19.34569,16.267048,13.967821,11.46545,9.159172,9.533278,8.09484,10.258955,12.6479,11.9913435,14.475771,13.840732,17.371405,17.064907,21.393934
18,18.038393,16.990877,14.179523,10.842636,11.320387,8.498433,10.855787,10.970844,12.005963,16.320488,17.640654,21.866613,19.639637,17.796762,13.886019,10.224788,7.0164394,4.784118,0.0,4.3721952,6.0557356,9.870773,13.558927,15.296715,18.241634,16.430468,19.314627,16.217985,13.886049,16.301468,14.777097,17.255127,21.6942,20.91063,24.82737,26.745848,29.16434,28.579254,24.744743,20.942207,24.133413,20.89527,20.474012,18.368465,19.929947,17.891489,21.390621,17.871706,22.71264,22.415688,23.190813,20.189562,21.924551,15.932129,20.080557,21.75539,17.591297,20.27161,19.137197,19.250313,17.876871,19.717684,19.56807,22.238735,27.541803,29.101355,27.789642,29.696682,27.10483,26.884409,23.46903,25.12202,21.058088,23.842274,21.393358,23.510693,22.522844,21.146004,23.308048,24.993567,20.83294,22.271624,18.957653,16.668211,15.243055,12.234215,12.537883,9.614208,13.326828,14.476062,18.41939,21.692102,19.936377,21.531008,18.103943,17.370726,14.477413,12.289248,11.667119,8.847808,11.852485,10.943723,12.86663,14.308817,13.975436,14.351694,14.925288,17.373466,16.926817,21.054308
19,18.222645,16.498234,14.575308,10.089087,10.215738,9.469739,9.5405245,11.980008,11.742499,17.629799,18.58182,22.960163,21.706743,20.387693,16.724749,12.906942,10.5695,7.140549,4.3721952,0.0,5.4996657,6.619351,10.677161,11.993715,14.567883,12.407622,14.97582,11.887426,9.84205,12.528619,11.960968,14.748022,20.125336,20.155128,23.571093,26.096233,28.17203,27.06034,23.334557,19.195293,21.821175,17.928413,17.908005,15.020408,15.899581,13.852217,17.07966,13.724565,18.643854,18.692545,19.817808,16.916775,19.451054,13.82851,18.342045,19.789215,15.701355,18.915937,18.764185,17.97639,16.13696,16.948647,16.117361,18.439974,23.677502,25.118336,23.686134,25.975971,23.32965,23.586208,20.172428,22.45363,18.790266,22.209665,20.33716,22.945648,22.600054,21.441412,24.336231,26.145308,22.032,22.81891,19.564857,16.583652,15.178433,11.331417,10.4599085,6.27112,9.782879,10.811737,14.52694,17.992777,17.046696,19.151525,16.17008,16.174421,12.541835,12.624036,11.321963,10.6941395,12.867627,13.608071,16.162367,17.112734,15.97477,15.773978,15.17299,17.16545,15.625328,19.620674
20,14.260382,13.723295,12.55913,9.127334,11.220401,10.746057,13.036307,15.574479,16.494902,21.707718,23.320107,27.514912,25.601503,23.833328,19.735386,16.278454,12.836186,10.699742,6.0557356,5.4996657,0.0,6.4769454,8.154706,10.934227,13.568039,12.587541,16.692825,14.919518,14.098698,16.552729,17.272894,19.421825,25.327465,24.753033,28.50289,30.862202,32.67919,31.787529,27.787645,23.570637,26.776276,22.64848,23.138784,19.987423,19.877846,17.86908,19.980732,16.318296,20.903725,20.036879,21.900978,20.261559,21.958254,16.863417,22.016485,23.948298,20.444765,23.841492,23.648447,23.348335,21.602545,21.959877,20.800358,22.786188,27.801624,29.034843,27.00034,29.78325,26.307333,26.999933,22.9594,25.279404,21.975471,24.983368,23.532873,25.457863,25.36524,24.78299,27.142387,29.558,25.93516,27.297297,24.197563,21.479256,19.62213,16.556456,14.794449,10.272551,12.795089,12.198042,15.957516,18.487165,16.224422,18.204866,15.233603,15.2394,12.691942,11.787529,13.209284,11.252056,15.661134,15.8293295,17.764149,18.083586,17.682766,15.807949,17.090729,18.021769,17.11764,20.634188
21,14.424566,12.075882,11.959956,7.129473,8.213866,10.738133,10.3229265,15.416572,15.462166,21.889881,23.961617,27.732595,27.061834,26.091202,21.934555,18.840778,16.033451,13.4301,9.870773,6.619351,6.4769454,0.0,5.704813,5.5020175,9.095196,8.567347,11.357083,10.617878,10.066426,14.012698,15.033155,18.55114,24.574236,25.548191,28.348871,31.386042,33.15521,31.506573,28.020851,23.665869,25.371424,20.673067,21.03433,16.462278,15.82638,13.128999,14.619275,10.323097,14.622807,13.563478,15.588865,14.531492,16.48998,12.323181,17.822258,19.68976,16.997478,20.93372,21.971508,21.319715,19.499708,18.044401,16.363626,18.120773,22.762753,24.497402,22.924883,26.529509,23.597296,25.174,21.60834,24.955938,22.247395,26.147509,25.161877,27.871382,28.186602,27.394444,30.535728,32.526623,28.457424,28.912418,25.6326,22.386225,21.1964,16.78792,15.217954,10.041942,11.8112,10.965113,13.664501,16.490616,16.215971,19.19388,17.189808,18.281672,14.807078,16.55228,16.500708,16.324938,19.172482,20.12003,22.507996,23.249783,22.22257,20.901026,20.647133,21.625954,19.470991,22.813066
22,14.385469,13.26399,14.774836,11.108052,13.266721,15.7913065,16.017895,20.940361,20.984364,27.379072,28.991522,33.09624,32.167458,30.89659,26.828203,23.397886,20.368595,17.642595,13.558927,10.677161,8.154706,5.704813,0.0,4.8245964,5.8363624,6.6513095,11.506438,12.233965,13.597932,16.023903,19.06281,21.181099,28.13491,28.566788,31.513737,34.596184,35.759857,34.16768,30.434153,25.9532,28.228474,23.21317,24.548195,20.143608,17.956964,16.132156,15.995902,12.748552,16.307867,15.103244,18.422438,18.58335,20.702797,17.507465,23.059378,24.84028,22.332941,26.330473,27.520634,26.425846,24.3089,22.637678,20.257738,21.102749,25.260828,26.136274,23.550076,27.523268,23.539078,25.65117,21.497791,24.971481,22.994585,26.601578,26.425776,28.64142,29.60613,29.55819,32.59048,35.2899,31.897703,32.60382,29.663687,26.34071,24.536245,20.944427,17.78717,12.56054,12.917349,10.347183,12.453123,13.915194,12.769076,15.852993,14.541089,16.223581,13.62205,16.171885,17.632254,17.838509,21.56262,23.05467,25.412754,25.231579,24.218273,21.37211,21.776297,21.512827,19.344955,21.872343
23,14.402858,11.88934,13.773168,9.895235,11.245707,15.158067,14.225518,20.14969,20.02634,26.659933,28.916052,32.481274,32.217056,31.434406,27.221159,24.288157,21.469921,18.915289,15.296715,11.993715,10.934227,5.5020175,4.8245964,0.0,4.9703817,6.9858904,9.499576,11.326891,12.400062,16.125328,18.465288,21.82713,28.256199,29.70663,32.071114,35.437717,36.835464,34.835056,31.533075,27.111818,28.271502,23.163727,23.994041,18.730913,16.719746,14.151723,13.639544,9.574711,12.450047,10.528776,13.837783,14.76856,16.48538,14.287495,19.780785,21.61973,19.959658,24.113842,25.932291,25.041656,23.147535,20.364325,17.985474,18.888744,22.669104,24.27541,22.443636,26.92928,23.75298,26.305994,22.75614,26.731197,24.885138,28.975298,28.714222,31.436821,32.294613,31.840704,35.192093,37.389576,33.497963,33.71932,30.54933,27.10546,25.914925,21.454475,19.215157,14.01695,14.462903,12.459832,13.772527,15.613885,16.092777,19.536629,18.559145,20.424154,17.280598,20.230095,20.692724,21.099619,24.07362,25.431377,27.86569,28.303299,27.174383,25.154194,24.887327,25.148851,22.570427,25.267487
24,18.22545,16.335007,18.569101,14.723204,15.988864,19.621746,18.215313,24.068525,23.315208,30.26419,31.616056,35.598198,35.479088,34.643192,30.79464,27.359892,24.84006,21.698544,18.241634,14.567883,13.568039,9.095196,5.8363624,4.9703817,0.0,4.253149,7.626084,10.602605,13.34473,15.478982,19.588505,21.700512,28.788414,30.095022,32.263275,35.79613,36.582905,34.46088,31.153685,26.718342,27.980272,22.648851,24.362682,19.380507,15.92741,14.449575,12.493875,10.282895,12.510697,11.682632,15.899878,17.072742,19.840559,18.155172,23.31541,24.678438,22.845884,26.960299,29.045816,27.304064,25.021616,22.094881,18.999498,18.88707,22.135176,22.74803,20.041489,24.753286,20.89908,23.963827,20.24515,24.453756,23.419657,27.438644,27.95105,30.529911,32.01478,32.081375,35.618187,38.215977,34.86432,34.971996,32.171528,28.536854,26.984257,23.089014,19.566874,14.6729145,13.756193,10.814681,10.892797,11.688388,12.762399,16.406178,16.358639,18.846506,15.99787,20.314806,20.906633,22.372463,25.134802,27.357792,30.045904,29.825802,28.327938,25.59954,24.980219,24.460493,21.460863,23.429264
25,20.555704,18.592564,19.884386,15.373288,16.11432,19.079578,17.107033,22.535574,21.18848,28.263418,28.771862,33.08771,33.051353,32.222313,28.804342,24.997248,22.96785,19.31778,16.430468,12.407622,12.587541,8.567347,6.6513095,6.9858904,4.253149,0.0,5.721483,7.0901103,10.27392,11.452291,16.17154,17.616705,24.906721,26.0676,28.214113,31.746092,32.397446,30.30554,26.957836,22.527933,23.97384,18.65937,20.658266,16.173948,12.548753,11.671476,10.352928,8.992345,12.2843895,12.852702,16.566534,16.37084,20.17489,17.693735,22.559723,23.532564,20.990202,24.931566,26.865715,24.550259,22.02335,19.664051,16.4381,16.203976,19.86373,20.03609,17.071663,21.29943,17.324163,20.010527,16.219019,20.35827,19.201223,23.306372,23.821466,26.532917,28.079332,28.162592,31.856842,34.438625,31.254826,31.24166,28.634916,24.934168,23.26444,19.674164,15.651888,11.062007,9.636147,6.778136,6.9454236,8.743122,10.340881,13.985377,13.6683445,16.1044,12.722741,17.692902,17.45992,19.706154,21.765789,24.512125,27.437368,27.067503,25.21658,22.76023,21.43613,21.041994,17.732433,19.807943
26,23.850157,20.963856,22.087738,17.361982,16.937494,20.538689,16.910456,22.847229,20.728912,28.020502,28.464638,32.335846,33.256447,33.03307,29.88765,26.406824,25.019766,21.29553,19.314627,14.97582,16.692825,11.357083,11.506438,9.499576,7.626084,5.721483,0.0,5.064524,8.612108,10.340807,14.662677,16.991102,23.492327,25.965998,27.115826,31.031073,31.714758,29.046295,26.409996,22.244112,22.049238,16.712622,18.379631,13.145763,8.938057,7.9159646,4.918549,5.0865073,7.2610016,9.413787,12.841564,12.637084,17.306862,16.050213,20.024984,20.428745,18.578577,22.421467,25.198154,22.43893,19.973959,16.307035,12.616616,11.639763,14.60036,15.197673,13.064005,17.943148,15.265876,18.52414,15.946537,20.610434,19.878323,24.469559,25.030954,28.34926,29.877413,29.56576,33.70067,35.678997,32.168007,31.411438,28.801517,24.956116,23.996632,19.7829,16.62337,12.892106,11.269526,9.916879,8.559642,10.811101,14.582187,18.14372,18.17458,20.610094,16.78397,22.100079,20.531874,23.346016,24.162622,27.091682,30.1998,30.316845,28.147242,26.673258,24.289436,24.4646,20.66906,22.75355
27,24.720291,21.931007,21.995419,16.8908,16.045065,18.560276,14.675667,19.732368,17.111843,24.34162,23.98763,28.199776,29.04063,28.778742,26.061794,22.309277,21.453714,17.39731,16.217985,11.887426,14.919518,10.617878,12.233965,11.326891,10.602605,7.0901103,5.064524,0.0,4.4526186,5.5202107,9.960103,12.054566,18.674788,20.948114,22.292723,26.11572,26.974634,24.468863,21.665167,17.442019,17.598566,12.281593,13.888794,9.21164,5.726991,5.0745864,5.850376,6.0256915,10.06757,12.65202,14.827997,12.544446,17.796616,15.04746,18.694908,18.820042,15.831393,19.404436,21.683762,18.497578,15.791414,13.324774,9.861428,9.531878,13.828997,14.314209,12.3730755,16.003485,13.564934,15.647643,13.061265,17.27856,15.754571,20.444643,20.50023,24.025692,25.257658,24.701471,28.898247,30.694738,27.158434,26.358892,23.814272,19.954268,18.97982,14.908311,11.712558,8.539408,7.0677633,7.364897,7.1785073,10.941333,14.121143,17.22369,16.454527,18.327198,14.036059,19.04453,16.44267,19.638353,19.619532,22.772612,26.00717,26.19663,23.810263,23.013252,20.015318,20.762463,16.961254,19.543116
28,24.193197,21.114342,20.276077,15.135563,13.527437,15.470753,10.964304,15.6318245,12.739059,19.970371,19.8708,23.869986,24.852678,24.79821,22.10911,18.655155,18.137503,14.279662,13.886049,9.84205,14.098698,10.066426,13.597932,12.400062,13.34473,10.27392,8.612108,4.4526186,0.0,5.9177103,6.4529276,10.74544,16.261024,18.921556,20.338448,24.012146,25.57625,23.183178,20.4983,16.418983,16.262962,11.460901,11.627911,6.5656505,6.5685177,4.0544868,8.207182,6.588587,11.140008,13.3345995,14.1873,10.472578,15.568705,11.850544,15.125516,15.233857,11.678326,15.220543,17.276106,14.370729,11.82479,9.818124,7.24234,8.717589,13.87312,15.487363,14.845327,17.643564,16.31933,17.43665,15.368723,18.914627,16.447515,21.067122,20.17474,23.92323,24.42911,23.205833,27.317938,28.534483,24.403624,23.497082,20.592316,16.820301,16.427614,11.512845,10.20512,7.4173636,7.966726,9.775602,10.927626,14.97726,17.35123,20.18168,18.660913,19.896135,15.414647,19.109587,15.816755,18.345964,17.776287,20.318762,23.459175,24.332544,22.083275,22.387186,19.280453,21.009888,17.648119,20.917242
29,28.424082,25.895016,25.18554,20.033781,18.923195,20.142616,16.252014,19.734142,16.41055,23.118038,21.17557,25.865206,26.739553,26.464573,24.641481,20.512379,20.608118,16.182829,16.301468,12.528619,16.552729,14.012698,16.023903,16.125328,15.478982,11.452291,10.340807,5.5202107,5.9177103,0.0,7.063872,6.679428,13.770899,15.718008,17.019743,20.822676,21.489895,19.078749,16.15537,11.9438,12.532076,7.2745967,9.631445,7.3468213,5.1951222,6.95369,9.5918865,10.896605,14.718836,17.772318,19.21068,15.683117,21.231123,17.684788,20.44891,20.017677,16.048552,18.815073,20.473026,16.394867,13.34587,12.842373,9.982503,9.677985,14.220922,13.78592,11.844086,13.457564,11.389285,11.801748,9.628786,13.030193,10.9069605,15.6783495,15.470028,19.288887,20.457258,19.815441,24.231136,25.884752,22.697197,21.65743,19.563795,15.688415,14.564363,11.478369,7.558401,7.073086,5.14586,7.916967,8.18853,12.195893,14.944671,17.149305,15.964245,17.198425,12.844312,17.658379,13.602716,17.824724,16.240828,20.111452,23.528393,23.505856,20.65397,20.615093,16.456753,17.656801,13.723234,16.415567
30,28.667015,25.709486,23.851698,18.96686,16.804977,17.048374,12.419588,14.46148,10.378534,16.663439,14.739567,19.020338,20.463026,20.750095,19.248684,15.808121,16.848726,13.010891,14.777097,11.960968,17.272894,15.033155,19.06281,18.465288,19.588505,16.17154,14.662677,9.960103,6.4529276,7.063872,0.0,6.8458056,10.147623,13.412128,14.490084,18.03912,20.134424,17.85064,15.507509,12.00126,11.295101,7.923293,6.270932,4.452165,8.627422,7.958143,12.997519,12.561708,16.426004,19.017561,18.77701,13.751553,18.668177,14.33327,15.764323,15.0206,10.2666025,12.33347,13.535799,9.438197,6.44115,7.859704,7.34793,9.594291,14.679411,16.133568,16.428568,17.174044,17.201443,16.588968,15.653346,17.880333,14.626601,18.843035,16.989672,21.063831,20.863066,18.903101,23.119316,23.495033,19.124905,17.621075,14.830913,11.080586,11.551288,6.6268234,7.880716,8.730412,10.012881,13.440955,14.873351,19.029188,21.07465,23.154968,21.160685,21.614004,17.239351,19.892847,15.026517,17.856478,15.162411,17.787842,20.953777,22.219343,19.656204,21.635715,17.438643,20.252483,17.276695,20.805288
31,32.52467,30.213007,28.605228,23.665447,22.2536,22.01938,18.454988,19.744623,15.975672,21.29969,17.416002,22.485516,23.324945,23.080545,22.52215,18.295221,19.698614,15.39892,17.255127,14.748022,19.421825,18.55114,21.181099,21.82713,21.700512,17.616705,16.991102,12.054566,10.74544,6.679428,6.8458056,0.0,7.8951592,9.086665,10.610365,14.214372,15.0924835,13.057202,9.833283,5.679968,7.5510526,4.4848833,6.389924,9.005739,10.210695,12.042904,15.693075,16.836191,20.64922,23.729664,24.38496,19.872526,25.170511,20.89055,22.608665,21.738787,17.001272,18.500425,19.035482,14.405125,11.426304,13.9434805,12.705735,13.1036825,17.349909,16.66313,15.541021,14.60527,13.821728,11.651548,10.806862,11.694504,8.13744,12.170895,10.648074,14.893444,15.349217,14.103331,18.718641,19.804213,16.857204,15.434971,13.94461,10.263212,9.2007885,8.153069,5.2754536,9.269103,8.820511,12.60287,13.625388,17.255997,18.980947,20.14384,18.327505,18.481916,14.611058,17.827679,12.224397,16.81378,12.968447,17.215895,20.605019,20.625118,17.389338,18.950857,13.567221,15.896448,12.645484,15.55399
32,37.947292,35.3287,32.978355,28.359684,26.209913,25.235912,21.303373,20.77659,16.553421,19.71,14.1282,18.394045,20.340439,20.96075,21.977541,18.785683,21.68077,18.34606,21.6942,20.125336,25.327465,24.574236,28.13491,28.256199,28.788414,24.906721,23.492327,18.674788,16.261024,13.770899,10.147623,7.8951592,0.0,6.2763257,4.650227,8.338519,10.739317,8.559658,7.635875,7.20604,5.0739994,8.100861,5.865212,11.833056,15.483555,16.843958,21.128656,22.194126,25.45326,28.667183,28.14594,22.8279,27.67996,23.569166,23.468443,21.850021,17.284973,16.914738,16.700796,11.67769,9.7452345,14.404255,15.077986,16.054935,19.37556,19.33623,20.049412,17.624752,19.233894,16.160023,17.26865,16.95032,13.773005,16.200033,13.592852,17.5846,16.720507,14.130002,18.355463,17.369944,14.043624,10.915184,10.188696,7.7578015,9.364882,9.621408,11.59293,15.9998045,16.514164,20.38135,21.372751,24.990915,26.84647,27.811234,25.83034,25.5293,21.955425,23.86005,17.822271,21.429783,16.071474,19.212893,22.069235,22.989553,19.927505,23.509314,17.899855,21.238216,18.956951,21.71256
33,38.329796,36.38995,33.886276,29.47844,27.95458,26.163984,23.538158,22.178024,18.718119,21.193874,14.935195,19.967216,20.334442,20.009722,21.499414,17.747921,20.694885,17.443518,20.91063,20.155128,24.753033,25.548191,28.566788,29.70663,30.095022,26.0676,25.965998,20.948114,18.921556,15.718008,13.412128,9.086665,6.2763257,0.0,5.129538,6.2540755,8.3286,8.510614,5.250405,5.4707875,9.062831,11.427966,11.077106,16.280481,18.994068,20.491442,24.601952,25.350866,29.243105,32.129482,32.178394,27.076477,31.734056,26.866516,27.600637,26.51592,21.495472,21.43267,20.238903,16.152098,14.29855,19.46404,19.817162,20.837297,24.60761,23.961004,23.486685,20.908731,21.049925,17.302126,17.47153,15.761113,11.858958,12.688995,8.985636,12.322282,10.72902,7.918125,12.144609,11.677947,9.465172,7.379529,7.9761147,6.5010033,6.0556316,10.136627,10.799172,16.017681,16.65996,20.420015,22.009472,25.295883,25.92006,26.112648,23.738913,22.719261,19.924711,20.653841,14.636508,18.221817,12.164274,15.696063,18.374727,18.506119,15.284097,19.155802,13.418965,16.941511,15.663227,18.259933
34,41.68153,39.323914,36.943054,32.36551,30.42954,29.149624,25.634031,24.659822,20.66884,23.088268,16.713633,20.902674,22.489256,22.901749,24.664526,21.422743,24.576294,21.351639,24.82737,23.571093,28.50289,28.348871,31.513737,32.071114,32.263275,28.214113,27.115826,22.292723,20.338448,17.019743,14.490084,10.610365,4.650227,5.129538,0.0,4.2818847,6.1304307,4.568885,4.621758,7.0516353,6.3904476,10.8744335,10.000869,16.150621,19.064137,20.951462,24.86704,26.328455,29.582367,32.935265,32.627792,27.39366,32.321445,28.146898,28.074272,26.42024,21.88007,21.277697,20.676208,15.925657,14.280242,18.989208,19.497396,20.040663,22.911596,22.09206,22.423628,19.024635,20.615875,16.690298,18.275854,16.710176,13.8895,14.984106,12.353214,15.804208,14.831572,12.418503,16.363274,15.086731,13.188427,9.835465,10.860578,9.674285,10.643728,13.069579,14.13757,19.115538,19.26978,23.0409,23.900866,27.144138,28.715977,29.134274,27.234674,26.636318,23.60353,25.239096,19.170218,23.05375,17.155157,20.55477,23.19377,23.591501,20.405493,24.138693,18.254665,21.387007,19.539137,21.6844
35,44.196747,42.06211,39.383606,35.04071,33.180626,31.331451,28.348738,26.488379,22.846786,24.127136,17.16762,21.079733,22.234503,22.521236,25.081345,22.134914,25.6653,22.91554,26.745848,26.096233,30.862202,31.386042,34.596184,35.437717,35.79613,31.746092,31.031073,26.11572,24.012146,20.822676,18.03912,14.214372,8.338519,6.2540755,4.2818847,0.0,4.5999656,5.9762406,6.584478,9.986058,10.633183,15.048415,14.067499,20.11884,23.2096,24.939018,28.992498,30.196577,33.62688,36.82145,36.429558,31.088226,35.728676,31.266481,31.05839,29.480644,24.870586,23.881845,22.570395,18.437323,17.256742,22.557898,23.4162,24.20701,27.116758,26.332642,26.606089,23.010893,24.432076,20.230648,21.671228,19.43506,16.507349,16.509176,13.401962,15.958383,14.194082,11.472483,14.4871025,12.256526,11.311596,7.8589983,10.34451,10.693058,11.68373,15.362034,16.889736,22.04813,22.504435,26.267887,27.427526,30.584337,31.637762,31.709959,29.585037,28.569962,25.957903,26.69704,20.760162,24.140755,17.895905,20.784592,22.965038,23.330128,20.357088,24.707987,19.075838,22.407347,21.333405,23.338194
36,46.393967,44.374744,42.051056,37.50726,35.872116,34.359398,31.296669,30.072126,26.340143,28.29875,21.494081,25.601332,26.652782,26.726389,29.050953,25.709465,28.908218,25.768475,29.16434,28.17203,32.67919,33.15521,35.759857,36.835464,36.582905,32.397446,31.714758,26.974634,25.57625,21.489895,20.134424,15.0924835,10.739317,8.3286,6.1304307,4.5999656,0.0,3.999144,5.4538774,9.904716,10.962415,15.447671,15.697496,21.783987,23.862173,26.244776,29.696487,31.559721,34.82365,38.300724,38.32835,33.250404,38.313766,34.0571,34.179756,32.549854,27.983389,27.354162,26.504503,21.965443,20.390835,25.025051,25.244526,25.353407,27.838072,26.176216,25.92373,21.70909,22.978127,18.363222,20.261393,17.299564,15.275689,14.460629,12.330446,14.459841,13.6359625,12.100983,15.15097,13.926097,14.511057,11.782929,14.384271,14.22474,14.2861,18.20541,18.178118,23.408415,23.122622,26.619246,27.2904,29.97991,31.155558,30.88921,29.185102,28.2783,26.02637,27.395529,21.632471,25.743729,19.68259,23.304125,25.634432,25.253508,22.046906,25.545525,19.66998,22.196913,20.946135,22.12473
