,0,1,2,3,4,5,6,7,8,9,10,11,12,13,14,15,16,17,18,19,20,21,22,23,24,25,26,27,28,29,30,31,32,33,34,35,36,37,38,39,40,41,42,43,44,45,46,47,48,49,50,51,52,53,54,55,56,57,58,59,60,61,62,63,64,65,66,67,68,69,70,71,72,73,74,75,76,77,78,79,80,81,82,83,84,85,86,87,88,89,90,91,92,93,94,95,96,97,98,99,100,101,102,103,104,105,106,107,108,109,110,111
0,0.0,4.1760197,6.3513584,9.783031,12.712805,15.304042,18.014914,21.55166,23.831179,27.437538,27.694069,31.797874,29.416655,28.797726,22.931446,25.503448,22.824886,24.839933,23.768723,25.281334,27.257318,27.748299,31.72605,33.56493,35.797153,35.63442,31.927483,32.714565,30.855158,30.3795,32.416134,30.191847,34.465954,34.138695,39.25061,41.810055,38.511997,40.122967,34.386517,36.788113,34.828255,35.457714,35.304478,35.10436,36.759605,35.73063,39.73823,40.49901,39.004005,42.572983,40.89622,40.628204,39.79152,42.663177,40.87641,45.122326,41.956676,41.156254,46.91798,47.38758,45.28279,40.937084,41.06594,39.01209,40.712536,36.979095,37.52833,37.01391,38.327923,34.666588,33.629513,32.763332,35.268448,34.48619,38.631622,37.6946,43.62551,42.737934,46.74076,45.202496,41.435036,46.525703,43.33331,39.297874,35.81813,35.692627,31.555082,30.417833,24.829296,22.382597,19.479856,16.106003,15.27726,17.828032,19.486279,23.63315,22.608818,26.471428,27.693115,27.527206,31.341085,32.597485,30.356983,30.142834,29.329296,27.904102,28.666388,26.764515,28.305912,30.499708,30.74903,34.77385
1,4.1760197,0.0,5.246781,6.3584547,9.548733,12.875731,14.836706,19.152985,21.20912,24.880257,25.841394,29.66561,27.626287,27.310383,21.390549,23.418596,20.878683,22.198553,21.712341,22.351242,24.676844,24.920883,29.164883,30.719166,32.65293,32.696877,28.745497,29.992085,27.826712,28.211458,29.938156,28.509706,32.426155,32.879227,37.68639,40.568047,37.545223,38.90189,33.059418,35.010216,33.00681,33.155205,32.783154,32.198082,33.8002,32.449295,36.585007,37.045727,35.39185,39.179054,37.675293,37.667355,37.12388,39.77708,38.32589,42.76187,39.498497,38.36829,44.04372,44.28441,41.972046,37.65509,37.454624,35.29416,36.826485,32.97755,33.45331,32.877285,34.26103,30.587654,29.587446,29.01857,31.522552,31.052235,35.12884,34.58661,40.43746,39.957138,44.00776,42.76122,38.876305,44.018906,41.14441,36.959198,33.391346,32.888847,29.101423,27.372221,22.052027,19.236942,16.542896,13.449361,12.246798,14.302677,15.634043,20.017658,19.028973,22.888737,24.221739,23.729734,27.831102,29.024445,26.57027,26.17126,25.280565,23.774734,24.646942,22.73526,24.60826,26.778252,27.361423,31.335772
2,6.3513584,5.246781,0.0,5.4729724,7.163637,9.1314535,12.377621,15.270599,17.960215,21.348759,21.681612,26.020374,24.134459,24.091398,18.406862,21.434196,19.688177,21.555912,21.946306,23.16857,26.1307,26.948019,31.190573,33.151375,34.90643,34.432312,29.890097,31.056301,28.034882,27.976484,29.014769,27.068398,30.472408,30.575888,35.470055,38.04625,35.24995,37.00541,31.684782,33.569866,32.277668,32.174667,32.830933,32.282375,34.49678,33.230206,38.275898,38.742596,36.62808,40.25692,38.155144,38.514942,37.57201,39.709446,37.778748,42.06103,38.327255,37.43003,42.90355,43.593697,41.11091,37.257717,37.131557,35.513462,36.81477,33.87767,33.695484,33.78359,35.223583,31.646923,30.033863,29.259108,31.162436,30.510416,34.19428,33.421337,38.987774,38.28565,42.214886,40.976185,36.754128,41.54731,38.278053,34.384537,30.737486,30.875093,26.511913,25.753576,20.262403,18.175287,16.006775,12.274206,12.813801,15.307134,17.134172,21.027718,21.2074,24.800238,26.901045,26.42197,30.609554,30.832869,27.98762,28.082952,27.367891,25.05454,25.717075,22.753866,24.388905,25.930574,26.015316,29.739254
3,9.783031,6.3584547,5.4729724,0.0,3.8155077,7.2350264,8.5142765,13.344799,15.011,18.715534,20.162432,23.720322,22.090466,22.254684,16.523865,18.372002,16.629189,17.45505,18.468477,18.568426,21.87899,22.440134,26.892998,28.566986,30.00597,29.696947,24.949823,26.580757,23.321966,24.301723,25.100914,24.2635,27.355427,28.525293,32.966244,36.0223,33.5013,34.78763,29.238062,30.573425,29.06218,28.45446,28.65751,27.692965,29.77213,28.196299,33.309658,33.526817,31.301878,35.089756,33.192474,33.757553,33.158005,35.142193,33.6574,38.16265,34.45909,33.159798,38.604202,38.959198,36.356747,32.39658,32.016815,30.218374,31.515392,28.415184,28.387867,28.42281,29.779856,26.205593,24.638027,23.935266,25.979118,25.555536,29.32428,28.919167,34.531116,34.25694,38.275036,37.317398,33.118587,38.114697,35.35557,31.176962,27.493166,26.966887,23.222614,21.45852,16.303238,13.583122,11.586302,8.432836,8.3863325,10.189892,11.784545,15.751547,16.120922,19.601038,21.913809,21.30726,25.575962,25.5761,22.582903,22.700771,22.102894,19.682592,20.24778,17.467903,19.161528,20.909702,21.345905,25.182125
4,12.712805,9.548733,7.163637,3.8155077,0.0,4.377119,5.7447405,10.023668,12.461973,15.778542,17.569656,21.394318,20.475529,21.291168,16.002144,18.13912,17.345736,17.857872,20.026196,19.721264,23.589235,24.221874,28.736038,30.313215,31.3467,30.98333,25.776083,27.765232,23.718246,25.187363,25.144602,24.65829,26.907711,28.44876,32.62223,35.63786,33.552128,34.94486,29.823196,30.724442,29.74474,28.542772,29.302505,28.006712,30.409683,28.576641,34.277046,34.16002,31.50268,35.398415,33.33373,34.41004,33.843254,35.224125,33.74255,38.245075,34.135056,32.7002,37.81768,38.278336,35.293804,31.809553,31.03342,29.54906,30.33487,27.79422,27.015785,27.438826,29.030357,25.557499,23.605602,23.3512,24.800022,24.736067,27.968473,27.931574,33.10527,33.15104,37.078053,36.45823,31.861223,36.532497,33.76211,29.750338,25.91723,25.577377,21.747522,20.22532,15.452437,13.094985,12.169047,9.22842,10.333967,11.493067,12.720143,16.353683,17.530703,20.633348,23.357088,22.288858,26.85602,26.316732,22.872198,22.94204,22.24217,19.216553,19.91843,16.129663,18.347713,19.30764,19.837759,23.24216
5,15.304042,12.875731,9.1314535,7.2350264,4.377119,0.0,4.554137,6.3350654,9.11919,12.2845,13.388779,17.584503,16.729511,17.814651,12.952944,15.902014,16.009892,17.033205,19.866825,20.25075,24.407103,25.59537,29.877998,31.871544,32.835148,31.913486,26.413805,28.107012,23.504908,24.338375,23.688305,22.710234,24.422235,25.663244,29.817623,32.56406,30.716743,32.392296,27.810062,28.615067,28.289589,26.92102,28.628292,27.494453,30.409613,28.832054,35.175434,35.22037,32.293636,35.822968,33.171104,34.457253,33.45654,34.411713,32.44502,36.711372,32.26935,31.13667,36.048523,36.966454,33.984283,30.92825,30.446594,29.550274,30.302921,28.77142,27.618202,28.723396,30.138323,26.897333,24.42132,23.599033,24.47635,23.98809,26.857384,26.374722,31.284893,30.963135,34.743973,34.05124,29.252014,33.61867,30.487207,26.742723,22.89433,23.206406,18.824373,18.422642,13.587297,12.341069,12.084621,9.025272,11.753956,13.275903,15.028213,17.631136,19.75659,22.433735,25.680656,24.980942,29.195324,27.771708,24.266302,25.035097,24.713291,21.20966,21.429705,17.081036,18.391514,18.793549,18.518799,21.677917
6,18.014914,14.836706,12.377621,8.5142765,5.7447405,4.554137,0.0,6.4450626,7.244018,10.644683,13.38635,16.41321,16.082207,17.489248,13.010694,14.440746,14.849133,14.565998,18.286953,17.430593,21.929998,22.865038,27.213453,28.872177,29.423185,28.656864,22.937572,25.150774,20.165154,22.195456,21.085766,21.398825,22.557999,24.961859,28.528605,31.712898,30.21354,31.411839,26.747026,26.916798,26.468122,24.481754,25.822277,24.188408,27.016882,25.076117,31.568037,31.289948,28.164862,31.850029,29.378817,30.987555,30.348907,31.005003,29.5173,33.97974,29.523764,27.936611,32.730328,33.31129,30.108591,27.056871,26.19134,25.199806,25.802973,24.301352,23.079716,24.281727,25.654232,22.4804,19.900724,19.264177,20.065746,19.944107,22.743847,22.788223,27.641666,27.877583,31.731495,31.413078,26.577583,31.088331,28.534534,24.531956,20.639126,20.199903,16.591957,14.997028,10.849154,9.064488,9.794846,8.11475,10.459643,10.759844,11.965823,14.079038,16.720139,18.957874,22.446865,21.548155,25.754032,23.956015,20.228758,21.053112,20.868984,17.09755,17.1795,12.619729,14.075534,14.352731,14.511456,17.693726
7,21.55166,19.152985,15.270599,13.344799,10.023668,6.3350654,6.4450626,0.0,5.424363,6.7459407,8.518185,12.884619,13.682143,16.068392,13.067687,15.909339,17.726208,18.176844,22.439198,22.39656,27.011265,28.394995,32.467983,34.418137,34.820625,33.62407,27.701958,29.649515,24.102192,25.391548,23.347462,22.975737,22.991701,24.85352,28.23047,30.808516,29.863203,31.600233,28.023144,27.995598,28.65367,26.371653,29.069231,27.578602,30.970243,29.242468,36.342697,36.05239,32.577442,35.910355,32.8694,34.877785,33.8057,33.712128,31.673061,35.703453,30.71507,29.514717,33.675774,34.894913,31.480194,29.411036,28.574083,28.459976,28.534456,28.397705,26.230276,28.199131,29.64733,26.859146,23.767199,23.149565,22.863737,22.63717,24.375334,24.216188,28.125523,28.142439,31.601925,31.439533,26.128107,29.743366,26.617378,23.348675,19.442947,20.275137,15.919041,16.457378,13.078005,13.212206,14.671142,12.818527,16.163557,16.914083,18.275959,19.727493,22.89022,24.766472,28.508255,27.594452,31.695288,29.265064,25.442749,26.538013,26.40303,22.264883,22.25773,16.993063,18.081594,17.047123,16.387815,18.439499
8,23.831179,21.20912,17.960215,15.011,12.461973,9.11919,7.244018,5.424363,0.0,4.1898685,6.972077,9.179667,9.634318,12.091932,9.791693,11.358365,13.958907,13.878772,18.845625,18.716682,23.404312,25.10129,28.813011,30.967966,31.237944,29.588308,23.614704,25.348701,19.517172,20.773825,18.19853,18.35296,17.820917,20.405296,23.355886,26.250072,25.531258,26.915495,23.438692,22.956268,23.780758,21.14737,24.132555,22.653622,26.27578,24.782991,32.18203,32.10542,28.582241,31.461649,28.04487,30.118038,28.849329,28.511902,26.35551,30.332401,25.303238,24.128029,28.32878,29.657303,26.457397,24.366322,24.021261,24.226475,24.752806,25.282114,23.540516,25.941587,26.82209,24.309,20.97742,19.245243,18.808826,17.879122,19.710873,18.979483,23.106365,22.818008,26.359077,26.099579,20.872694,24.814877,21.877861,18.275488,14.335961,14.943706,10.631461,11.220206,8.24033,9.453436,11.799154,11.206299,14.799564,15.222047,16.814066,16.889738,20.778824,22.011875,26.109772,25.842356,29.192299,25.91437,22.339098,24.339891,24.856438,20.664732,19.83204,15.071521,14.353666,13.393001,11.714914,14.058515
9,27.437538,24.880257,21.348759,18.715534,15.778542,12.2845,10.644683,6.7459407,4.1898685,0.0,5.3798437,7.106761,9.755454,13.196468,12.618857,14.131762,17.424643,17.12475,22.444616,22.099154,26.83139,28.516296,32.07576,34.108,34.04667,32.354042,26.30672,28.186966,22.030075,23.532488,20.186687,20.673391,18.919382,21.737417,24.005243,26.609926,26.59536,28.053345,25.44725,24.444715,25.95554,22.817804,26.376713,24.699673,28.486809,26.896193,34.546524,34.20062,30.393312,33.140854,29.594044,32.12689,30.8752,29.806145,27.67033,31.358673,26.027615,24.83614,28.280245,29.825691,26.296827,25.108778,24.405588,25.191753,25.085178,26.561722,24.05186,26.939396,27.914291,25.761961,22.172731,20.87872,19.561022,19.011053,19.734959,19.40343,22.427425,22.492872,25.646524,25.877363,20.297813,23.388765,20.47052,17.48174,13.651864,14.829314,10.890338,12.437051,11.222187,12.983958,15.758043,15.393125,18.931948,19.096811,20.355412,20.155947,24.25134,25.135748,29.303858,28.769667,32.135715,28.50377,24.804821,26.744646,27.219753,22.816965,22.050423,16.913923,16.423765,14.380749,12.647861,13.604083
10,27.694069,25.841394,21.681612,20.162432,17.569656,13.388779,13.38635,8.518185,6.972077,5.3798437,0.0,5.6873717,7.187388,10.5397215,10.964237,14.03818,17.51592,18.594006,23.21386,24.303043,28.720686,30.90969,34.20828,36.79704,37.158096,34.98466,29.152245,30.247904,24.443665,24.25663,21.204744,19.995626,18.470917,19.660326,22.418407,24.281816,24.117338,26.22051,24.221155,23.802738,25.844154,23.404005,27.77538,26.843304,30.87006,29.916943,37.555294,37.751804,34.16601,36.444046,32.430004,34.551083,32.650368,31.8006,28.851263,32.06241,26.754957,26.399727,29.87663,32.06738,29.11345,27.978523,28.162521,29.205591,29.586838,31.235502,29.106535,32.003365,32.7679,30.590393,27.040052,24.990286,23.883883,22.469063,23.40914,21.908089,24.96758,23.835745,26.724445,26.259314,20.944036,23.673296,19.755018,17.375092,13.917495,16.526894,11.474184,15.180103,13.096152,15.579317,17.60799,16.57435,20.638426,21.693405,23.619244,23.463112,27.449537,28.576605,32.754852,32.740936,35.8407,32.167767,28.790781,31.107403,31.728918,27.468538,26.515684,21.710697,20.511045,19.030062,16.526028,17.720697
11,31.797874,29.66561,26.020374,23.720322,21.394318,17.584503,16.41321,12.884619,9.179667,7.106761,5.6873717,0.0,5.154283,9.101494,11.882944,12.962802,17.285847,17.587147,22.71553,23.474882,27.753294,30.103926,32.88081,35.486526,35.51738,32.97092,27.269386,28.200684,22.214514,22.133179,18.130085,17.809933,14.655957,16.91579,18.43225,20.46987,21.172293,22.807259,21.628616,20.26587,22.95321,19.842909,24.794004,23.806332,28.015402,27.292665,35.107956,35.348434,31.67092,33.346622,28.980932,31.380919,29.336475,27.769619,24.750689,27.609964,22.133966,21.8692,24.767677,27.24436,24.437984,23.931225,24.497326,26.199503,26.687998,29.418642,27.406174,30.795933,31.062483,29.400295,25.693966,22.94839,21.277351,19.377981,19.635519,17.652424,20.025621,18.626463,21.252728,20.979239,15.561488,17.996218,14.210274,11.943337,8.670218,11.853655,7.424097,12.305475,12.284491,15.667481,18.356554,18.50902,22.338263,22.883305,24.663082,23.328987,27.781769,28.14568,32.49257,32.861313,35.254635,30.777424,27.703049,30.657219,31.768858,27.540472,26.002958,21.75339,19.260443,17.464123,14.1333065,14.551486
12,29.416655,27.626287,24.134459,22.090466,20.475529,16.729511,16.082207,13.682143,9.634318,9.755454,7.187388,5.154283,0.0,3.9906702,7.562274,9.126332,13.343186,14.738324,19.045252,21.004965,24.88293,27.62718,30.179613,33.26989,33.82005,30.92103,25.533073,25.707249,20.32184,18.698345,15.496353,13.583281,11.645945,12.591864,15.28758,17.359045,17.12601,19.054539,17.342482,16.814821,19.290047,17.122463,22.204617,21.972116,26.191788,26.066916,33.596096,34.46664,31.221207,32.602654,28.030817,29.709612,27.175114,26.43515,22.81808,25.639282,20.51201,20.865889,24.629498,27.260818,25.228277,23.813723,25.352915,26.691683,28.095669,30.162622,29.089132,32.107323,32.090233,30.18447,26.727533,23.067171,22.259947,19.433762,20.858406,17.704126,21.302383,18.7348,21.658342,20.299631,15.604375,19.002583,14.748236,11.914245,8.876868,12.116402,6.539692,12.022258,10.382194,14.076824,15.945248,15.936894,19.871168,21.033632,23.401272,21.986946,26.208498,26.79927,31.057655,32.0895,34.085003,29.76484,27.127129,30.471462,31.803879,27.89798,26.093796,22.517466,19.228888,18.60449,14.853137,16.581627
13,28.797726,27.310383,24.091398,22.254684,21.291168,17.814651,17.489248,16.068392,12.091932,13.196468,10.5397215,9.101494,3.9906702,0.0,5.9782705,7.4407516,11.210595,13.573428,16.862604,19.890705,23.23902,26.309385,28.517258,31.994581,32.933037,29.715458,24.750422,24.20507,19.523287,16.451757,14.063373,10.5705385,9.899186,9.247938,12.992698,15.005395,13.913841,16.05507,13.990005,14.257471,16.581907,15.38195,20.526472,21.007627,25.141207,25.58322,32.73765,34.128666,31.277315,32.29433,27.583786,28.655346,25.704527,25.58495,21.509676,24.13292,19.454464,20.382196,24.62037,27.367369,26.02082,24.060692,26.36621,27.50335,29.558277,31.258717,30.890596,33.65993,33.37261,31.396225,28.174454,23.855143,23.626722,20.160175,22.268059,18.312607,22.530354,19.13247,22.100487,19.935795,16.090311,19.94944,15.599311,12.653497,10.308114,13.25399,8.001691,13.09328,10.68913,14.335151,15.412158,15.420178,19.192799,20.778461,23.524569,21.93644,25.88941,26.54352,30.653631,32.257557,33.796947,29.568344,27.392185,31.052042,32.591488,29.012829,26.981514,24.072716,20.180157,20.37366,16.450005,18.807861
14,22.931446,21.390549,18.406862,16.523865,16.002144,12.952944,13.010694,13.067687,9.791693,12.618857,10.964237,11.882944,7.562274,5.9782705,0.0,5.51326,7.513977,10.717633,13.456042,16.626879,20.152456,22.966164,25.80364,29.165268,30.450047,27.737247,22.660044,22.43351,18.032108,15.448799,14.475749,11.095621,13.009931,12.792026,17.369295,19.872307,17.768862,19.620815,15.629447,16.772932,17.417246,16.768766,20.363468,20.64188,24.367756,24.420218,31.231308,32.558414,29.904142,31.637976,27.519041,28.249754,25.755571,26.606514,23.110569,26.507114,22.193209,22.462242,27.511505,29.524984,27.909388,24.962067,26.771124,26.98889,29.165165,29.495127,29.450975,31.5705,31.584208,29.087648,26.18367,22.276997,22.918169,19.889246,22.993458,19.75321,24.98374,22.376945,25.892735,23.90584,20.027597,24.625818,20.82686,17.189579,14.181551,15.668401,10.461376,13.030128,8.199272,10.61099,10.648596,9.798829,13.709856,15.805107,18.833696,18.137676,21.569382,22.924511,26.823917,28.272968,30.28459,26.909334,24.57161,27.740166,28.97006,25.592691,23.917488,21.063368,17.937977,18.916758,15.806242,19.223198
15,25.503448,23.418596,21.434196,18.372002,18.13912,15.902014,14.440746,15.909339,11.358365,14.131762,14.03818,12.962802,9.126332,7.4407516,5.51326,0.0,4.5955405,6.1675243,9.9456,12.461809,15.948406,18.905508,21.357979,24.714968,25.768986,22.770515,17.744108,17.381916,12.824272,10.443936,9.032396,7.135423,9.064259,11.0166855,14.703762,18.157553,16.29215,17.078066,12.422765,12.717262,12.849323,11.615757,14.955965,15.158437,18.960453,19.200996,26.077,27.535027,24.966236,26.336468,22.089968,22.791967,20.302595,21.144665,17.82527,21.52493,17.360428,17.35839,22.757273,24.48721,23.173,19.812496,22.09743,22.29495,24.999714,25.51187,26.105694,28.268988,27.778248,25.576292,22.795572,18.02751,18.890793,15.22181,18.756603,15.036593,20.798805,18.128567,21.884804,19.861593,16.426128,21.718353,18.780209,14.511496,11.80378,11.969641,8.1485815,9.17558,5.2784057,8.260422,8.896215,10.231131,13.151199,14.2911825,17.041054,14.965983,18.776148,19.337929,23.352818,25.301619,26.534386,22.530804,20.60971,24.423187,26.161646,23.040508,20.765112,18.913395,14.407142,15.936543,12.436653,16.173903
16,22.824886,20.878683,19.688177,16.629189,17.345736,16.009892,14.849133,17.726208,13.958907,17.424643,17.51592,17.285847,13.343186,11.210595,7.513977,4.5955405,0.0,4.9409814,5.9690695,9.957961,12.824078,15.888779,18.431873,22.023401,23.666729,20.803064,16.292059,15.4672,12.231888,9.039467,10.178178,7.7269316,12.120808,13.14048,17.315351,20.738815,18.014732,18.57703,12.734227,14.135981,12.669681,12.84294,14.445147,15.116916,18.227852,18.684814,24.68994,26.528458,24.53148,26.02746,22.263464,22.1608,19.791607,21.83481,18.825563,22.694818,19.39375,19.347029,25.206833,26.473455,25.530247,21.36216,23.77158,23.21681,26.38936,25.744312,27.117334,28.614313,28.073412,25.59,23.343464,18.525345,20.378836,16.788946,21.134172,17.61851,23.883121,21.318901,25.160719,22.887098,20.126654,25.675318,22.996365,18.682426,16.206913,15.750611,12.60636,12.154106,7.553026,8.394304,6.9842033,8.325619,10.272944,11.93718,15.072661,13.347347,16.29653,17.309416,20.904516,23.326782,24.325054,21.06931,19.60342,23.283205,25.00455,22.464724,20.264149,19.278587,15.011165,17.598764,14.855077,19.132381
17,24.839933,22.198553,21.555912,17.45505,17.857872,17.033205,14.565998,18.176844,13.878772,17.12475,18.594006,17.587147,14.738324,13.573428,10.717633,6.1675243,4.9409814,0.0,6.0957055,6.3366375,10.25451,12.898921,15.697592,18.743738,19.780857,17.118286,11.962662,12.106585,7.7189517,7.6750402,7.7954745,9.268146,12.00077,15.342179,18.207447,22.223938,20.257893,20.048676,14.385346,14.344437,12.511892,11.177998,11.642021,11.191187,14.294109,14.126615,20.60143,22.016336,19.746006,21.51867,17.964725,18.347305,16.642841,18.350195,16.259897,20.720114,17.364494,16.355337,22.263515,22.899738,21.625792,17.140799,19.170147,18.348736,21.61334,20.900782,22.518423,24.015987,23.27443,20.947655,18.75182,13.649257,15.729173,12.204786,16.901554,13.963384,20.462528,18.786415,22.831083,21.200268,18.36581,24.159122,22.40116,17.746035,15.234858,13.393257,11.798654,8.983362,5.9221554,5.942067,5.938887,9.300475,10.241787,10.216755,12.559424,9.54709,13.1992235,13.398931,17.329046,19.667635,20.459814,16.601206,15.0224905,19.033834,21.040567,18.525639,15.9557295,15.586641,10.554391,13.564164,11.131061,15.577889
18,23.768723,21.712341,21.946306,18.468477,20.026196,19.866825,18.286953,22.439198,18.845625,22.444616,23.21386,22.71553,19.045252,16.862604,13.456042,9.9456,5.9690695,6.0957055,0.0,6.431403,7.4199147,10.752914,12.873748,16.744759,18.936764,16.055695,12.631519,10.985854,10.12774,6.8533516,10.715761,9.947058,15.063012,16.524546,20.004513,23.68719,20.689508,20.335304,13.775067,15.298017,11.925423,13.103233,11.930606,13.036437,14.940006,15.826608,20.42469,22.807981,21.67027,22.936155,19.841908,18.720037,16.68821,20.063251,17.848206,21.870487,19.826666,19.494915,25.637096,26.150948,25.825384,20.800644,23.51872,22.191835,26.070038,24.395493,26.991283,27.779915,26.817728,24.396835,22.94437,17.789822,20.672667,17.058636,22.075418,18.763212,25.334204,23.026482,26.865543,24.513872,22.763832,28.605509,26.742579,22.302858,20.307882,18.761086,17.114922,14.975874,11.594963,10.900385,8.636478,10.970087,10.498632,11.419252,14.13347,11.796844,13.528672,14.202103,17.079082,20.472406,20.375265,17.624268,17.257744,21.10816,23.152733,21.622051,19.182781,19.967598,15.42903,19.078016,17.078985,21.518604
19,25.281334,22.351242,23.16857,18.568426,19.721264,20.25075,17.430593,22.39656,18.716682,22.099154,24.303043,23.474882,21.004965,19.890705,16.626879,12.461809,9.957961,6.3366375,6.431403,0.0,4.8777814,6.670936,10.1191435,12.698298,13.987325,11.955131,7.266029,8.056202,6.1750975,8.973652,11.070579,13.905432,17.042984,20.581337,22.975773,27.152857,25.015257,24.161781,18.085724,18.067043,14.794872,14.026794,11.194443,10.280484,11.487132,10.900822,15.8483095,17.365631,15.893537,18.08183,15.835167,15.420629,14.892859,17.81543,17.245127,21.93721,19.814295,18.14716,24.054327,23.582867,22.606443,17.24708,18.907965,16.816397,20.624186,18.175333,21.193695,21.625269,20.57046,18.157911,17.065935,12.130368,15.6667595,12.902747,18.172897,16.302229,22.777782,21.951328,25.93423,24.580389,22.534422,28.411884,27.499874,22.808182,20.61181,17.793966,17.524258,13.171261,11.360628,9.346151,8.280435,11.938934,10.3871155,8.991464,10.268977,6.416176,8.549336,8.142249,11.526241,14.757462,14.621258,11.4009695,10.839315,14.87802,17.189957,15.915536,13.200204,15.121505,10.55116,14.780842,13.944421,18.286455
20,27.257318,24.676844,26.1307,21.87899,23.589235,24.407103,21.929998,27.011265,23.404312,26.83139,28.720686,27.753294,24.88293,23.23902,20.152456,15.948406,12.824078,10.25451,7.4199147,4.8777814,0.0,3.7339435,5.767296,9.3286705,11.68689,9.228359,7.2311354,5.789734,8.36533,9.332806,13.139126,15.481204,19.361525,22.276314,24.49597,28.553545,26.056498,24.775923,18.52244,18.948158,14.7274,15.236867,10.802286,11.004435,10.69703,11.274199,13.866659,16.416414,16.220285,17.550646,15.867196,14.027388,13.525114,17.765026,17.49339,21.766924,20.868587,19.560293,25.429148,24.69437,24.61917,18.952587,21.29183,18.962034,23.30438,20.451784,24.36473,24.321217,22.84073,20.732866,20.33758,15.32473,19.1397,16.194267,21.420107,19.190573,25.519924,24.300718,28.039145,26.287281,25.22408,31.103386,30.433094,25.88974,24.19883,21.350304,21.456953,17.430906,15.864398,14.119652,12.506608,15.691225,13.5583105,12.558761,13.637881,10.280868,10.499983,9.712253,11.497904,15.896253,14.1420765,11.708182,12.886333,16.811806,19.314356,19.064667,16.3724,19.344746,14.902535,19.200947,18.389904,22.50783
21,27.748299,24.920883,26.948019,22.440134,24.221874,25.59537,22.865038,28.394995,25.10129,28.516296,30.90969,30.103926,27.62718,26.309385,22.966164,18.905508,15.888779,12.898921,10.752914,6.670936,3.7339435,0.0,4.748912,6.5736322,8.964612,7.9753604,6.8433685,7.152827,10.042329,12.840369,16.077347,19.054287,22.544546,25.85274,27.905018,32.05216,29.706545,28.347055,22.190012,22.357323,18.187998,18.262894,13.330774,12.731863,11.483235,11.151712,12.380728,14.441484,14.669551,16.63157,16.111897,14.355069,15.000024,19.125328,19.783268,24.131302,23.404497,21.601612,27.1875,25.88769,25.564798,19.837957,21.424316,18.473438,22.637373,18.794893,23.159481,22.481565,21.015757,18.87799,19.13605,14.909524,19.105633,17.012154,22.125658,20.813198,26.88849,26.406006,30.127415,28.799183,27.655563,33.471264,33.13537,28.538864,26.7285,23.514904,23.956774,19.26606,18.004475,15.649707,14.151609,17.303001,14.509757,12.778086,12.932729,9.857799,8.749745,7.4842567,8.186135,12.938707,10.616017,9.199505,10.986599,14.322408,16.794668,17.311787,14.844409,18.719069,15.090695,19.4989,19.523073,23.470333
22,31.72605,29.164883,31.190573,26.892998,28.736038,29.877998,27.213453,32.467983,28.813011,32.07576,34.20828,32.88081,30.179613,28.517258,25.80364,21.357979,18.431873,15.697592,12.873748,10.1191435,5.767296,4.748912,0.0,4.6101103,7.798632,5.508181,7.989814,6.003048,11.585498,13.173353,16.918268,19.93403,23.412909,26.52563,28.018476,32.058014,29.721743,27.86028,22.009806,22.115444,17.53964,18.260693,12.395893,12.656142,10.263761,11.305661,10.238852,13.573506,14.935974,15.424444,15.129978,12.1179285,12.739453,17.671543,18.628187,22.40571,22.789454,21.314833,26.628565,25.168585,25.768625,20.021688,22.437231,19.715002,24.342377,21.034575,25.88053,25.27934,23.27891,21.74337,22.206434,17.498474,21.477327,18.901846,23.774843,21.936043,27.695316,26.798065,30.182789,28.57072,28.38965,34.0785,34.10387,29.730228,28.498568,25.215382,26.227177,21.845133,21.195116,19.445992,18.095636,21.29976,18.786686,17.37377,17.66655,14.283454,13.41667,11.632358,11.60987,16.58486,12.844643,11.160473,14.129885,17.723501,20.454866,21.308706,18.616106,22.817965,18.578617,22.822762,22.448092,26.090124
23,33.56493,30.719166,33.151375,28.566986,30.313215,31.871544,28.872177,34.418137,30.967966,34.108,36.79704,35.486526,33.26989,31.994581,29.165268,24.714968,22.023401,18.743738,16.744759,12.698298,9.3286705,6.5736322,4.6101103,0.0,4.0032196,5.0259523,8.821471,8.98447,13.785443,17.1387,20.129179,23.94214,26.853828,30.550457,31.761435,35.932842,33.885048,31.923115,26.253904,25.928242,21.56715,21.60233,15.540975,14.826874,11.6907215,11.572111,8.272491,10.79897,12.976811,14.019143,15.341509,12.724956,14.812638,19.14005,21.184416,24.99969,25.47245,23.412579,28.243366,26.11186,26.422895,20.795828,22.307302,19.00905,23.331787,19.1611,24.480732,23.230558,21.126755,19.845953,21.073086,17.327509,21.45251,19.831316,24.360165,23.561237,28.859951,28.846533,32.14755,31.09776,30.828285,36.37032,36.851887,32.45693,31.145308,27.44805,28.931267,23.88754,23.741014,21.570879,20.53064,23.803684,20.917706,18.839931,18.255861,15.083234,13.461564,11.054546,9.668328,14.45066,9.58905,9.063964,12.890641,15.675833,18.371155,20.080564,17.64665,22.689547,19.23344,23.359322,23.785776,27.081667
24,35.797153,32.65293,34.90643,30.00597,31.3467,32.835148,29.423185,34.820625,31.237944,34.04667,37.158096,35.51738,33.82005,32.933037,30.450047,25.768986,23.666729,19.780857,18.936764,13.987325,11.68689,8.964612,7.798632,4.0032196,0.0,4.763036,8.356609,9.99142,13.764425,18.563356,20.556343,25.327888,27.353144,31.77756,32.46545,36.76821,35.205563,33.088432,27.804438,26.808355,22.847095,22.015354,16.00131,14.403719,10.920991,9.85633,5.5252423,6.9535213,9.502942,10.850674,13.218458,11.36908,14.512623,17.912436,20.822298,24.682167,25.06848,22.48906,26.784357,24.156836,24.21843,18.840256,19.729658,16.214134,20.360266,16.175941,21.757998,20.434849,18.018356,17.249048,18.786915,15.459314,19.376226,18.355947,22.37646,22.33297,27.056751,27.76604,30.91564,30.413681,30.11597,35.41529,36.398426,32.08708,30.862278,26.801085,28.93884,23.471249,24.20739,22.103966,21.728437,25.258146,22.582134,20.007498,18.915157,15.363983,14.239134,11.009919,9.750151,13.75939,8.465134,6.878594,11.244981,13.970473,16.888159,18.743282,16.21028,21.645205,18.315948,22.07539,22.892817,25.666636
25,35.63442,32.696877,34.432312,29.696947,30.98333,31.913486,28.656864,33.62407,29.588308,32.354042,34.98466,32.97092,30.92103,29.715458,27.737247,22.770515,20.803064,17.118286,16.055695,11.955131,9.228359,7.9753604,5.508181,5.0259523,4.763036,0.0,6.1238556,5.807391,10.758732,14.5219,16.73748,21.391598,23.443436,27.670685,28.156713,32.38479,30.815458,28.546371,23.424597,22.389332,18.343534,17.797361,11.541102,10.599842,6.92257,7.4888105,4.8471518,8.462663,10.170923,9.997661,10.534249,7.7271166,10.058078,14.150063,16.531824,20.297377,20.915625,18.760015,23.364927,21.200851,21.860035,16.274351,18.45845,15.680065,20.434422,17.65822,22.843718,22.416887,19.867594,19.104342,19.760044,15.026759,18.678925,16.457123,20.708645,19.518082,24.519123,24.37892,27.486446,26.51135,26.624681,31.992643,32.842625,28.630274,27.723198,23.863634,26.033983,21.112812,21.95529,20.500425,20.17084,23.846346,21.709976,19.624765,19.30659,15.118562,15.0723095,12.0125265,12.229131,16.613022,12.193779,8.759643,12.453692,16.426466,19.560415,20.458218,17.434517,22.126272,17.578463,21.367756,21.245441,24.151089
26,31.927483,28.745497,29.890097,24.949823,25.776083,26.413805,22.937572,27.701958,23.614704,26.30672,29.152245,27.269386,25.533073,24.750422,22.660044,17.744108,16.292059,11.962662,12.631519,7.266029,7.2311354,6.8433685,7.989814,8.821471,8.356609,6.1238556,0.0,4.9191794,5.4498005,11.542699,12.597124,17.793364,19.372889,24.147375,24.985497,29.388346,28.012867,26.239613,20.97322,19.67772,16.296406,14.618916,9.634475,7.271712,5.9998164,4.4020786,8.891859,10.295896,9.196848,10.943039,9.689398,9.293153,10.608556,13.33391,14.886337,19.510717,18.45959,15.894932,21.051254,19.382236,18.852093,13.13749,14.770115,12.073375,16.652042,14.232926,18.591597,18.809607,16.712042,15.358408,15.096161,9.714979,13.523734,11.144515,15.944976,14.938914,20.558344,20.689625,24.270754,23.569597,22.518843,28.090372,28.539581,24.073835,22.633427,18.747393,20.599524,15.313086,16.19477,14.689947,14.923495,18.80649,17.159847,14.83717,14.609563,9.853924,11.312365,8.214453,10.556414,14.171428,11.790591,6.6025715,8.265611,13.141082,16.28727,15.998024,12.681721,16.581034,11.57295,15.460368,15.274305,18.483673
27,32.714565,29.992085,31.056301,26.580757,27.765232,28.107012,25.150774,29.649515,25.348701,28.186966,30.247904,28.200684,25.707249,24.20507,22.43351,17.381916,15.4672,12.106585,10.985854,8.056202,5.789734,7.152827,6.003048,8.98447,9.99142,5.807391,4.9191794,0.0,6.5136046,8.718866,11.415837,15.59837,18.054264,21.95242,22.811821,27.02516,25.243496,23.21431,17.813885,17.023129,12.913226,12.630088,6.689613,6.7184916,5.1789837,7.1475163,9.77038,12.925568,12.889191,12.795612,10.631744,8.325996,7.9303603,12.351433,12.916119,17.084581,16.925554,15.355185,20.828947,19.711927,20.3249,14.620899,17.774141,15.841636,20.704447,19.014723,23.27843,23.700714,21.506128,20.270521,19.848831,14.059068,17.408583,13.96377,18.723042,16.215963,21.993496,20.81082,24.20286,22.621883,22.44679,28.095549,28.27877,23.981369,23.014313,19.62753,21.179512,16.975872,17.323385,16.47159,16.076937,19.742773,18.30345,16.879488,17.512894,13.063244,14.266761,11.976463,13.832951,18.138887,15.262513,11.028155,13.079655,17.802885,20.850183,20.58323,17.338957,20.741972,15.287934,19.118946,17.970804,21.338652
28,30.855158,27.826712,28.034882,23.321966,23.718246,23.504908,20.165154,24.102192,19.517172,22.030075,24.443665,22.214514,20.32184,19.523287,18.032108,12.824272,12.231888,7.7189517,10.12774,6.1750975,8.36533,10.042329,11.585498,13.785443,13.764425,10.758732,5.4498005,6.5136046,0.0,7.794109,7.4156356,13.029024,14.073706,19.1193,20.007492,24.440643,23.246841,21.744972,16.682829,15.096305,12.465081,9.981026,6.9869967,4.5094895,6.946299,6.4920545,13.386517,14.781076,12.644628,13.83134,10.432719,10.991847,10.347643,12.021944,11.878849,16.782822,14.531533,12.292085,18.03007,17.407967,16.62783,11.198012,13.68752,12.349563,16.668709,16.063375,19.05444,20.381922,18.63074,17.161154,15.634602,9.363096,12.09924,8.181308,13.292735,10.884347,17.19358,16.48071,20.331999,19.318253,17.731367,23.4985,23.442621,18.889738,17.367767,13.765473,15.325986,10.551601,11.661615,11.241255,12.1296015,16.074053,15.634469,13.9639845,14.670399,9.789683,13.036236,10.965767,14.505543,17.468582,16.468273,11.168351,10.9375305,15.970098,18.837135,17.226664,13.835802,15.830185,9.655011,13.095423,11.494548,14.999955
29,30.3795,28.211458,27.976484,24.301723,25.187363,24.338375,22.195456,25.391548,20.773825,23.532488,24.25663,22.133179,18.698345,16.451757,15.448799,10.443936,9.039467,7.6750402,6.8533516,8.973652,9.332806,12.840369,13.173353,17.1387,18.563356,14.5219,11.542699,8.718866,7.794109,0.0,5.5648046,6.936079,10.690839,13.414087,15.204194,19.24676,16.988907,15.581581,9.621245,9.65163,5.8401065,6.785552,5.9188805,8.289667,10.907524,13.032763,18.112114,20.89092,19.681719,19.546463,15.423897,14.3111515,11.202753,14.1162815,11.198683,15.028833,13.322444,13.447664,19.522345,20.326006,20.869091,16.097889,20.090515,19.641026,23.958757,23.8544,26.58011,28.055676,26.41873,24.812712,23.120674,16.940042,19.09854,14.467211,18.962807,14.4977,20.702646,17.621834,21.15103,18.463657,17.796621,23.570803,22.388504,18.187248,17.240923,15.323545,15.293283,13.49739,12.685153,13.563122,13.156248,16.162392,16.46691,16.576843,18.6738,14.849533,17.517904,16.679604,19.776379,23.424498,22.258762,17.921185,18.150763,22.92796,25.56907,23.913733,20.814114,21.924217,15.972168,19.061386,16.19493,19.85068
30,32.416134,29.938156,29.014769,25.100914,25.144602,23.688305,21.085766,23.347462,18.19853,20.186687,21.204744,18.130085,15.496353,14.063373,14.475749,9.032396,10.178178,7.7954745,10.715761,11.070579,13.139126,16.077347,16.918268,20.129179,20.556343,16.73748,12.597124,11.415837,7.4156356,5.5648046,0.0,6.9977674,6.807266,12.054606,12.61722,17.046352,16.087206,14.715496,10.385521,8.124685,7.2251735,3.5745788,6.7371993,7.19355,11.303238,12.593696,19.272623,21.182213,18.978352,18.911163,14.065328,14.625605,11.739727,12.219232,8.9424,13.136791,9.619998,9.258448,15.262789,16.538525,16.432642,12.434753,16.380503,16.903633,20.70583,22.053333,23.869713,26.135162,24.547503,23.288124,20.95734,14.752431,15.717587,10.752388,14.455694,9.422202,15.521275,12.407842,16.163342,13.955961,12.467058,18.341413,17.403131,13.031116,12.158361,9.877696,10.823492,9.213741,10.437261,12.470329,13.658653,16.827375,18.020071,17.684141,19.451347,15.304563,19.07754,17.850504,21.575674,24.422602,23.8149,18.566475,17.977741,22.85946,25.488678,23.126085,19.929094,20.166502,13.837782,15.855344,12.283073,15.26147
31,30.191847,28.509706,27.068398,24.2635,24.65829,22.710234,21.398825,22.975737,18.35296,20.673391,19.995626,17.809933,13.583281,10.5705385,11.095621,7.135423,7.7269316,9.268146,9.947058,13.905432,15.481204,19.054287,19.93403,23.94214,25.327888,21.391598,17.793364,15.59837,13.029024,6.936079,6.9977674,0.0,6.431249,6.813313,10.1764145,13.772613,11.178263,11.025416,5.4279013,6.614348,6.427399,7.4876747,11.490884,13.539435,17.071299,18.852295,24.7562,27.212904,25.408459,25.3662,20.650967,20.31773,16.74635,18.181633,13.830113,16.6088,13.591282,14.988722,20.47297,22.596958,22.846699,19.328684,23.242502,23.730055,27.347086,28.265057,29.84272,31.967682,30.743784,29.023668,26.622736,20.789293,21.903858,17.21543,20.783892,15.644828,21.219086,17.031229,20.292889,17.029959,15.6679945,20.9685,18.400497,14.63903,13.736455,13.807951,11.937321,13.248981,11.646615,14.154838,14.103764,15.929306,17.843065,18.95982,21.677471,18.67292,21.968239,21.836056,25.396643,28.435215,28.230425,23.851265,23.181904,27.719902,30.018415,27.551271,24.737848,24.235226,18.642664,20.674507,16.882082,20.171352
32,34.465954,32.426155,30.472408,27.355427,26.907711,24.422235,22.557999,22.991701,17.820917,18.919382,18.470917,14.655957,11.645945,9.899186,13.009931,9.064259,12.120808,12.00077,15.063012,17.042984,19.361525,22.544546,23.412909,26.853828,27.353144,23.443436,19.372889,18.054264,14.073706,10.690839,6.807266,6.431249,0.0,6.8145633,6.767946,11.014888,10.887948,10.368374,8.537711,5.738906,8.964987,6.329846,12.592902,13.561146,17.689695,19.057068,25.802034,27.630802,25.162903,24.827356,19.624876,20.519882,17.11327,16.424341,11.893497,14.243004,9.674652,11.227319,15.743605,18.593592,18.531496,16.397179,20.270052,21.854975,24.875937,27.379808,28.150677,31.033268,29.730597,28.553846,25.688261,19.997513,19.822489,15.14096,17.247389,11.704209,16.089544,11.385959,14.432938,11.41655,9.40544,14.556144,12.135807,8.359261,8.326439,8.881221,8.339651,11.014518,12.068918,15.543583,17.020542,19.143059,21.547358,21.986528,24.185076,20.7127,24.783178,24.036366,27.967188,30.459871,30.388063,25.144169,24.080519,28.728752,31.100946,28.158813,25.227331,24.15936,18.351744,19.140116,14.79377,16.7894
33,34.138695,32.879227,30.575888,28.525293,28.44876,25.663244,24.961859,24.85352,20.405296,21.737417,19.660326,16.91579,12.591864,9.247938,12.792026,11.0166855,13.14048,15.342179,16.524546,20.581337,22.276314,25.85274,26.52563,30.550457,31.77756,27.670685,24.147375,21.95242,19.1193,13.414087,12.054606,6.813313,6.8145633,0.0,5.6942425,7.797284,5.3126426,6.955875,6.1615477,7.1210113,10.425376,11.210365,16.832941,18.91716,22.663279,24.57412,30.65788,33.054733,31.02277,30.55334,25.428041,25.45512,21.516264,21.846159,16.79379,18.033432,14.737806,17.3213,21.470781,24.66246,25.14107,22.964052,27.025711,28.380665,31.535866,33.53941,34.421883,37.08616,35.935158,34.438774,31.652002,26.016668,26.240791,21.605186,23.998693,18.51615,22.64899,17.50121,19.820963,16.051498,14.983662,18.913593,15.284043,12.971846,13.133602,15.188517,12.788703,16.712385,15.740602,19.114243,19.54112,20.612644,23.329584,24.785418,27.598684,24.845749,28.429836,28.348156,32.063503,34.86429,34.85802,30.201424,29.30458,33.82448,36.041473,33.17514,30.447514,29.15706,23.768951,24.858932,20.588694,22.927345
34,39.25061,37.68639,35.470055,32.966244,32.62223,29.817623,28.528605,28.23047,23.355886,24.005243,22.418407,18.43225,15.28758,12.992698,17.369295,14.703762,17.315351,18.207447,20.004513,22.975773,24.49597,27.905018,28.018476,31.761435,32.46545,28.156713,24.985497,22.811821,20.007492,15.204194,12.61722,10.1764145,6.767946,5.6942425,0.0,4.4785523,5.8430915,5.0646763,8.275792,6.0517197,10.957358,10.515625,16.667118,18.612282,22.290173,24.421099,30.391222,32.69002,30.611599,29.400309,24.031029,24.406599,20.381681,19.535652,14.355397,14.412226,11.179409,14.508555,17.428991,21.139307,22.22108,21.011087,25.489275,27.522425,30.59435,33.61241,34.44349,37.4614,35.963577,35.029762,32.208282,26.40899,26.039986,21.303183,22.754719,16.994518,19.8234,14.03961,15.47877,11.302369,11.6532955,14.762161,11.917797,10.593739,12.440343,14.270288,13.834779,17.599037,18.49616,22.050514,23.148705,24.839811,27.378304,28.236193,30.650146,27.231352,31.079727,30.319973,34.050808,36.883003,36.38621,31.11218,30.473146,35.26067,37.734764,34.89544,31.906727,30.910622,25.085213,25.726713,21.32074,22.733269
35,41.810055,40.568047,38.04625,36.0223,35.63786,32.56406,31.712898,30.808516,26.250072,26.609926,24.281816,20.46987,17.359045,15.005395,19.872307,18.157553,20.738815,22.223938,23.68719,27.152857,28.553545,32.05216,32.058014,35.932842,36.76821,32.38479,29.388346,27.02516,24.440643,19.24676,17.046352,13.772613,11.014888,7.797284,4.4785523,0.0,4.8429866,5.509542,11.02988,10.028399,14.66307,14.909794,20.885046,23.024265,26.596666,28.855116,34.645786,37.055298,35.040432,33.667587,28.287539,28.542358,24.391531,23.512936,18.314964,17.551016,14.946033,18.535038,20.659716,24.658567,25.936506,25.19845,29.657011,31.86757,34.79817,38.015816,38.666813,41.78657,40.34122,39.414814,36.515724,30.81476,30.29866,25.654198,26.815556,21.156012,23.334805,17.471773,18.163574,14.017946,14.788037,16.51119,13.218409,13.323715,15.471967,18.040607,17.159517,21.620893,22.21911,25.884407,26.846535,28.136204,30.901814,32.06363,34.636883,31.438108,35.242847,34.64492,38.36149,41.21392,40.767914,35.561214,34.910973,39.662704,42.08289,39.15863,36.240498,34.99368,29.339592,29.800577,25.345917,26.536774
