,0,1,2,3,4,5,6,7,8,9,10,11,12,13,14,15,16,17,18,19,20,21,22,23,24,25,26,27,28,29,30,31,32,33,34,35,36,37,38,39,40,41,42,43,44,45,46,47,48,49,50,51,52,53,54,55,56,57,58,59,60,61,62,63,64,65,66,67,68,69,70,71,72,73,74,75,76,77,78,79,80,81,82,83,84,85,86,87,88,89,90,91,92,93,94,95,96,97,98,99,100,101,102,103,104,105,106,107,108,109,110,111,112
0,0.0,4.120391,5.819242,9.343496,11.719245,14.823284,17.627878,21.98371,24.221659,28.0819,30.872677,33.761456,36.285862,36.167397,36.91895,30.418945,30.85162,26.485483,30.085592,24.353045,25.81648,25.221363,28.881243,24.538895,21.399633,23.714487,22.646317,26.755728,26.77588,31.21351,29.988317,36.489586,36.865513,37.62651,32.680813,29.23393,30.672394,32.15738,27.31316,25.226336,28.156254,26.602123,22.576548,22.325062,25.806564,22.0736,17.904451,20.462805,22.308014,25.773932,26.823362,20.628904,26.768335,29.336203,26.975574,26.392555,25.051943,27.236998,30.843027,30.811434,29.22836,33.48806,36.897934,39.379704,36.082462,33.957203,37.702827,37.498085,31.8725,33.106106,30.28855,29.82638,24.483234,24.835,20.50212,21.109262,17.141926,15.617716,13.207765,14.705242,13.003348,14.962966,13.677549,16.359499,18.373219,16.37323,21.39934,21.773895,25.817228,27.701439,26.711588,25.660786,21.410227,25.635,21.157808,23.379887,25.374712,26.527178,29.965149,32.225754,33.405895,30.31848,35.353283,30.344648,33.684795,35.220913,31.43376,29.4386,25.403194,23.966183,18.963612,17.936184,14.338412
1,4.120391,0.0,5.2118797,5.984585,9.304352,11.67336,15.06702,19.04859,21.749353,25.253416,28.35697,31.079367,33.880756,33.912014,35.27807,28.71616,29.683073,25.443577,29.696178,24.310898,26.298952,26.180376,30.135376,25.305635,21.981113,23.880293,21.999315,26.030941,25.366762,30.016636,27.828365,34.54565,34.676838,35.053764,29.909714,26.849468,28.3344,29.275757,24.366766,22.684,25.537788,23.26636,19.446934,19.70304,22.830307,18.43474,14.578615,17.8008,19.168722,22.83289,23.340899,16.958944,23.14718,25.668928,23.034542,22.325554,21.176298,23.285257,26.788656,27.011703,25.559895,29.60968,33.115788,35.625484,32.518578,30.598223,34.46774,34.55273,28.982752,30.621302,28.08032,28.283604,22.725222,23.79697,19.416306,20.715025,16.68531,15.174859,14.1559105,15.308599,14.575949,17.190126,14.8952265,16.838568,18.030615,15.895486,20.207281,19.847452,23.894772,25.521124,24.744844,24.233458,20.365013,24.830126,21.415026,23.492634,25.794044,26.232864,30.32661,32.00149,32.680054,29.32359,34.017883,28.596846,31.485926,32.72101,28.749641,27.082924,22.554636,21.86567,16.792189,16.222992,12.925968
2,5.819242,5.2118797,0.0,5.49664,6.327512,9.943057,12.230815,16.632418,18.560024,22.577818,25.18892,28.157488,30.550426,30.444036,31.13197,24.625519,25.195637,20.835625,24.844685,19.302874,21.410889,21.171906,25.347841,20.81367,17.430601,19.510305,17.577417,21.69962,21.43515,25.932148,24.5861,31.152584,31.961498,32.9302,28.230022,24.803123,26.839994,28.459885,23.37261,21.360935,25.112938,23.43476,19.047604,19.69137,23.6085,19.680832,15.302758,19.224705,21.462013,24.618567,24.91137,19.574348,25.834185,27.70204,25.022224,23.733763,21.79983,23.632347,27.918194,27.899624,25.341928,29.685843,32.7636,35.422676,32.16956,29.619022,32.900204,32.52,26.971287,27.825241,25.3829,24.933153,19.53782,20.539112,15.905816,17.572908,13.801599,11.222999,10.726687,10.492638,9.894357,12.669336,9.839921,11.689071,12.982772,11.253739,15.727157,16.450647,20.43349,22.556114,22.018448,20.786564,16.690607,20.533403,16.807669,18.507559,20.643597,21.205719,25.149885,26.997778,27.862028,24.719404,29.621883,24.579645,27.97568,29.575274,25.938278,23.813843,20.119015,18.217932,13.373096,12.119605,8.627658
3,9.343496,5.984585,5.49664,0.0,4.096596,5.707215,9.544943,13.077698,15.970415,19.295357,22.490063,25.182398,28.05603,28.234426,29.957169,23.41108,24.89666,20.84452,25.813929,20.992382,23.771164,24.193222,28.586433,23.535873,20.068884,21.449547,18.380625,22.220215,20.821854,25.586136,22.605011,29.499823,29.885275,30.195887,25.164537,22.4336,24.519266,25.199478,20.022388,18.754568,22.322773,19.413578,15.413931,17.00247,20.23957,15.204356,11.487773,16.520447,17.913233,21.288692,20.667767,15.194885,21.360659,23.108343,19.957245,18.365124,16.747438,18.38039,22.560875,23.035076,20.654774,24.624748,27.886738,30.624117,27.707825,25.506905,29.00653,29.138378,23.684944,25.253208,23.318306,24.015205,18.35528,20.532814,16.022738,18.650707,14.988517,12.76918,14.137487,13.755156,14.383632,17.539835,13.957441,14.60555,14.541444,12.607543,15.572246,14.800722,18.724144,20.323414,20.105589,19.862741,16.54934,20.747833,18.826773,20.347141,22.88791,22.386202,27.179892,28.097538,28.19086,24.636919,28.919935,23.223814,25.794281,26.86807,22.881542,21.355091,16.718916,16.302547,11.3637495,11.191738,8.57152
4,11.719245,9.304352,6.327512,4.096596,0.0,3.9686801,6.984102,10.368992,12.750306,16.43205,19.247225,22.234524,24.773148,24.99152,26.26794,19.727442,21.1701,17.04546,22.213333,17.505335,20.752544,21.213263,25.893864,21.172583,17.698929,19.019806,15.427451,19.23002,17.844913,22.52109,19.893679,26.756979,27.831593,28.570608,23.968561,21.137554,23.836447,24.89286,19.596943,18.28401,22.631699,19.992214,15.706871,17.908978,21.560474,16.843458,13.117878,18.646545,20.475449,23.409208,22.416155,17.93277,23.881952,25.053911,21.790667,19.586342,17.456175,18.553045,23.367334,23.876429,20.47675,24.448198,27.268356,30.20491,27.355465,24.639246,27.48601,27.308,21.975279,22.851513,21.331913,21.699308,16.18625,18.755491,14.083452,17.439919,14.251674,11.059595,13.567765,11.602393,12.771123,15.829694,11.616991,11.383957,10.79322,8.977203,11.475771,11.1801815,15.081811,17.042963,17.096672,16.403444,13.125405,16.866568,15.371508,16.53239,19.141598,18.416273,23.349895,24.056194,24.145508,20.55007,24.928642,19.341793,22.215,23.56233,19.771671,17.885176,13.861974,12.561393,7.5930614,7.2978587,4.5835114
5,14.823284,11.67336,9.943057,5.707215,3.9686801,0.0,5.7292743,7.4360757,10.79831,13.705832,17.012625,19.738071,22.651823,23.124454,25.2483,18.831003,21.034988,17.355274,23.101095,19.17329,22.770775,23.681885,28.379635,23.445309,20.054552,20.834757,16.567013,19.925797,17.657991,22.369392,18.428343,25.432693,26.246538,26.490763,21.758404,19.596615,22.411324,22.722008,17.433847,16.841885,21.08424,17.511925,13.665272,16.79951,19.841246,14.456568,11.619625,17.831085,19.037817,21.893732,20.060953,16.016434,21.56014,22.401548,18.77347,16.099503,14.088264,14.747541,19.679619,20.630844,17.079914,20.679684,23.532047,26.588882,24.066044,21.541048,24.401724,24.617868,19.45725,20.831432,19.902576,21.201551,15.722708,19.205828,14.899551,18.826468,15.952949,13.211231,16.583054,14.722096,16.418196,19.58864,15.243242,14.427699,12.951326,11.345621,12.105037,10.495103,14.039194,15.494853,16.001112,16.174078,13.856905,17.505905,17.566525,18.443708,21.184772,19.64937,25.048481,25.009535,24.44866,20.64498,24.348316,18.341003,20.413975,21.28385,17.241535,15.922891,11.107908,11.30637,6.79539,7.7889757,6.9104753
6,17.627878,15.06702,12.230815,9.544943,6.984102,5.7292743,0.0,6.294779,7.225053,11.231787,14.049689,16.384245,19.245926,18.955149,21.021767,14.576304,16.423138,13.040384,18.507778,15.2426605,18.655096,20.240122,24.630976,19.363995,16.212004,16.294054,11.640617,14.622724,12.076842,16.836494,13.120974,20.06778,20.936033,21.657959,17.282568,14.590878,17.791723,18.939632,13.70843,12.626808,17.635809,15.399655,11.088084,14.249807,17.989523,14.390356,11.190702,16.963667,19.225475,21.091454,19.546532,17.48977,22.581137,22.575893,19.836988,17.495281,14.097873,15.214351,20.446985,19.931524,15.458327,19.968588,22.200203,24.90596,21.708763,18.469463,20.997711,20.493958,15.129452,15.919108,14.50399,15.480602,10.04505,13.866228,9.872158,14.417233,12.414151,9.848061,14.687882,12.573877,15.423991,18.98436,14.895491,13.732287,10.922683,11.885824,10.3889475,11.341102,14.054901,16.23053,17.873674,17.33305,15.4290905,17.272665,17.873388,17.198807,19.154993,16.713604,22.297237,22.265383,21.049131,18.07583,21.262806,15.754576,18.203772,19.150743,15.913166,14.315841,11.105114,9.071383,6.9831314,5.1658907,7.5442543
7,21.98371,19.04859,16.632418,13.077698,10.368992,7.4360757,6.294779,0.0,4.5678287,6.2849565,9.74775,12.428347,15.3996935,16.220974,19.034071,13.121563,16.42652,13.844381,20.186039,18.074858,22.325611,23.907711,28.589502,24.041353,21.0934,20.956371,15.638345,17.771053,14.375777,18.514666,13.294375,20.042076,21.563084,21.833199,17.979906,16.786572,20.494287,20.479593,15.609919,15.950797,20.737722,17.06238,13.957353,18.367722,21.009972,16.382067,14.867152,21.157219,22.339355,24.21781,21.315302,19.653513,23.963331,23.52438,19.924719,16.352377,13.737089,12.91517,18.451115,19.538828,14.332181,17.242659,19.020002,22.361132,20.380093,17.254282,18.729893,18.85818,14.45154,15.167559,16.007935,18.058352,13.619014,18.48148,15.171757,20.114147,18.56956,15.796481,20.715883,17.75279,20.402908,23.407112,18.855915,16.701195,13.628299,13.401221,10.32186,8.451483,10.059832,11.317552,13.563785,14.143004,13.855381,15.545357,18.437849,17.983046,20.488884,17.433783,23.286816,21.891457,20.161192,16.420687,18.75195,12.562052,13.639998,14.099306,10.235629,9.335775,5.0178485,6.126031,5.794827,7.6900234,10.175039
8,24.221659,21.749353,18.560024,15.970415,12.750306,10.79831,7.225053,4.5678287,0.0,4.8349867,6.8635006,9.625992,12.15591,12.368177,14.770988,8.711162,12.023904,9.944877,16.17874,15.014033,19.269636,21.227112,25.674301,21.397913,18.831858,18.209871,12.678777,14.07361,10.464944,14.230124,9.419266,15.981259,18.26165,19.265137,16.251047,14.761443,18.928192,19.723835,15.230286,15.223931,20.463106,18.048273,14.839975,18.950132,22.023697,18.734177,16.916718,22.675856,24.550087,25.825552,23.26092,22.643633,26.76462,25.874096,22.89736,19.638527,16.338957,15.79755,21.270128,21.393255,15.618691,18.912504,19.920937,22.956928,20.623016,16.837217,17.428625,16.698935,12.515119,11.867984,13.018192,14.507847,10.880745,15.895281,13.224798,18.367819,17.706078,14.936426,20.39672,16.96249,20.101955,23.010584,18.724834,16.199905,12.382858,13.78856,8.9717455,9.565307,10.082661,12.08627,15.0598,14.732735,14.756915,14.72632,18.103453,16.45549,18.309496,14.500696,20.35896,18.751698,16.448118,13.389553,15.204831,9.521435,11.209949,12.050383,9.397316,7.812641,6.9501777,4.2124133,7.304651,7.329658,11.288266
9,28.0819,25.253416,22.577818,19.295357,16.43205,13.705832,11.231787,6.2849565,4.8349867,0.0,4.0728683,6.2688856,9.408249,10.668508,14.504216,9.95715,14.212429,13.364258,19.378368,19.199377,23.515688,25.572372,29.926865,25.871593,23.479702,22.61965,17.09432,17.824892,13.799523,16.724411,10.628818,16.244816,18.461733,18.761377,16.259884,16.200989,20.330326,20.07105,16.202812,17.255945,21.948309,18.690384,16.559917,21.251438,23.426893,19.854118,19.201998,25.01408,26.184248,27.274944,23.870659,23.940992,27.23987,25.89719,22.67442,18.919113,16.1365,14.426307,19.609547,20.508354,14.4967165,16.403389,16.76199,20.074472,18.721458,15.195178,14.805099,14.720976,11.774855,11.445095,14.382647,16.987028,14.28494,19.599197,17.536375,22.634949,22.127079,19.651821,25.120274,21.78493,24.856855,27.67573,23.277222,20.567266,16.845621,17.634811,12.63178,11.461397,10.692132,11.439282,14.957668,15.696052,16.963318,16.765472,21.410318,19.929102,21.912615,17.829971,23.524376,21.017132,18.136557,15.01148,15.33485,9.761877,9.038959,8.637423,5.8114424,6.107393,5.7803144,6.9397907,10.539408,11.879178,15.37526
10,30.872677,28.35697,25.18892,22.490063,19.247225,17.012625,14.049689,9.74775,6.8635006,4.0728683,0.0,4.0419273,5.7194414,7.3922496,10.780311,7.34542,11.864903,12.099019,17.588507,18.513165,22.846766,24.968561,29.130405,25.752018,23.751015,22.66844,17.256239,17.23288,13.44804,15.339645,10.246818,14.58163,17.933645,18.88312,17.551016,17.525448,21.852674,22.080267,18.700092,19.554325,24.373564,21.860538,19.745302,24.186111,26.563402,23.588268,22.747665,28.337437,29.82239,30.662783,27.411531,27.841133,31.080881,29.545448,26.544266,22.847313,19.965588,18.238089,23.231812,23.889933,17.743664,19.412815,19.052917,22.14606,20.968117,17.196253,15.587713,14.849351,12.95802,11.067042,14.858381,16.819046,15.268689,20.32599,18.774004,23.811283,23.86074,21.241985,26.815727,22.98186,26.139652,28.624481,24.40375,21.329708,17.418331,18.7761,12.939839,12.722519,10.827976,11.731422,15.622466,15.8326845,17.699766,16.140238,21.519203,19.37942,20.94405,16.4579,21.7716,18.661007,15.26407,12.663363,11.81322,7.1155415,5.736825,5.5933332,5.051459,4.9330835,8.359412,7.7126107,12.647233,13.589472,17.368309
11,33.761456,31.079367,28.157488,25.182398,22.234524,19.738071,16.384245,12.428347,9.625992,6.2688856,4.0419273,0.0,4.1624813,5.383197,10.840162,9.179646,13.398081,14.57417,19.307322,21.014374,24.92809,27.40604,31.16565,27.606646,25.857431,24.336359,19.133198,18.461668,14.361934,15.54791,9.614399,12.617576,15.549713,16.073215,15.535815,16.44859,20.58466,20.397701,17.864363,19.223799,23.542927,21.257545,19.895523,24.331083,26.198002,23.936995,23.696787,28.831528,30.185343,30.513193,27.057667,28.570705,31.10715,29.061392,26.49913,23.02267,20.02299,18.229248,22.710672,22.892437,16.759756,18.016605,16.899082,19.610622,18.640388,14.892033,12.290499,11.466063,10.874006,8.869316,13.72237,16.43964,15.864058,20.91366,20.177433,25.00372,25.446623,23.414612,29.121473,25.731817,29.108812,31.810463,27.73379,24.825462,20.772804,22.522707,16.68059,16.64703,14.808469,15.400079,19.32125,19.794878,21.724707,20.093287,25.427422,23.04089,24.28447,19.566809,24.66997,21.48293,17.569191,15.831712,13.832725,10.501549,8.167438,6.634796,7.6265993,8.717018,11.508629,11.488695,16.199085,16.76956,20.7594
12,36.285862,33.880756,30.550426,28.05603,24.773148,22.651823,19.245926,15.3996935,12.15591,9.408249,5.7194414,4.1624813,0.0,3.7319806,7.874832,8.578938,12.409565,14.516858,18.476402,21.069368,24.960823,27.331554,30.918518,28.160685,26.746384,25.18604,20.218048,19.047949,15.515367,15.686631,11.554551,12.918155,17.043013,18.27334,18.691978,19.38068,23.5695,23.85988,21.542204,22.597614,27.05367,25.236732,23.69204,27.928871,30.051758,27.954702,27.430084,32.556843,34.138466,34.448444,31.143843,32.555107,35.24124,33.211864,30.64302,27.098711,24.14952,22.294504,26.759989,27.022001,20.901545,21.971758,20.541529,23.1182,22.37983,18.633923,15.369263,14.072028,14.280008,11.172451,16.114607,17.898426,18.12343,22.759108,22.23909,26.956959,27.722776,25.42979,31.087105,27.205347,30.517035,32.823784,28.90222,25.695772,21.67064,23.627535,17.419283,17.866846,15.295812,15.909636,19.881767,19.941235,22.338505,19.691153,25.532942,22.752977,23.66011,18.840643,23.331,19.583258,15.365021,14.269655,10.950034,9.412946,6.5533357,5.4044466,8.658059,9.261616,13.8022785,12.913843,18.153944,18.667152,22.644182
13,36.167397,33.912014,30.444036,28.234426,24.99152,23.124454,18.955149,16.220974,12.368177,10.668508,7.3922496,5.383197,3.7319806,0.0,6.372614,7.5346622,10.601315,13.32802,16.472181,19.616478,23.007692,25.687786,28.855576,25.98303,24.860958,22.950104,18.325367,16.580225,13.112045,12.611235,8.990026,9.256359,13.778016,15.587124,16.570686,16.995888,21.115658,21.972828,20.01058,20.766205,25.172985,24.26069,22.661718,26.47299,28.779814,27.54326,26.795322,31.438675,33.417137,33.376747,30.486917,32.385674,35.048893,32.883507,30.82096,27.703852,24.270544,23.024773,27.474134,26.829826,20.733679,22.549263,21.117582,23.244078,21.801937,17.766947,14.558668,12.407849,12.625962,8.599431,13.398466,14.819696,15.926094,20.182335,20.315306,24.723629,25.95053,24.057505,29.732628,26.143616,29.65699,32.09469,28.48209,25.490896,21.311266,24.050692,17.797655,19.350962,17.268335,18.45255,22.375338,21.978275,23.80186,20.995314,26.179373,22.934746,23.350418,18.365547,22.706026,19.422943,14.947642,14.801593,11.581941,10.746142,9.44236,8.978566,11.592653,11.596893,15.720982,13.745869,18.952812,18.586246,22.869944
14,36.91895,35.27807,31.13197,29.957169,26.26794,25.2483,21.021767,19.034071,14.770988,14.504216,10.780311,10.840162,7.874832,6.372614,0.0,6.563941,7.3496165,11.22306,12.631031,16.878069,20.057875,22.405052,25.289688,23.776554,23.168228,21.421936,17.460436,15.273283,13.349904,11.638109,12.076902,11.476274,17.23817,20.205742,21.404482,20.716686,24.871164,26.763466,24.476852,24.402298,29.23997,29.010515,26.665699,30.010256,33.052,31.857077,30.273972,34.934925,37.453392,37.6238,35.272396,36.473763,39.812843,37.99758,35.837624,32.697723,29.157038,28.165762,32.994743,32.36273,26.21647,28.487577,27.343483,29.557833,27.84873,23.654041,20.7796,18.275797,17.93115,13.356354,16.74863,16.115519,17.685852,20.94077,21.030134,25.078217,26.625225,24.255825,29.559702,25.285233,28.55332,30.298,27.140205,23.905445,19.981335,23.195545,16.900269,19.748478,17.360437,19.10471,22.698792,21.245493,22.996498,18.89604,23.899397,19.998566,19.662886,14.79298,17.95765,14.367617,9.633735,11.170895,7.0253463,9.547123,10.15961,11.434236,14.409279,13.113632,18.34866,14.663532,19.965021,19.150076,23.193472
15,30.418945,28.71616,24.625519,23.41108,19.727442,18.831003,14.576304,13.121563,8.711162,9.95715,7.34542,9.179646,8.578938,7.5346622,6.563941,0.0,4.523526,5.981179,10.391325,12.49548,16.467934,18.762547,22.500107,19.855877,18.471985,17.132122,12.289687,11.345221,8.737035,9.475096,8.52571,11.791825,16.558334,19.188929,18.61971,17.08962,21.467821,23.431627,20.141333,19.721485,24.991821,24.338531,21.380568,24.769539,28.159054,26.387302,24.371984,29.33132,31.889847,32.488297,30.326479,30.71175,34.567734,33.202103,30.810255,27.72417,24.12184,23.510687,28.709555,28.160604,22.069374,25.06903,24.840124,27.40247,25.152637,20.868612,19.453308,17.343061,15.022614,11.332145,13.574559,13.073793,12.7015085,16.546347,15.551935,20.100111,20.998232,18.284382,23.706886,19.440212,22.755327,24.859566,21.34422,18.231977,14.11095,17.27638,11.009937,14.228875,12.774527,15.143787,18.569561,17.008326,17.909681,14.802366,19.1124,15.596027,15.94228,10.982124,15.801538,13.182435,9.396437,8.660476,8.2579155,6.172323,8.890385,10.735397,11.501118,9.321736,13.356656,8.66905,13.721182,12.621688,16.771284
16,30.85162,29.683073,25.195637,24.89666,21.1701,21.034988,16.423138,16.42652,12.023904,14.212429,11.864903,13.398081,12.409565,10.601315,7.3496165,4.523526,0.0,4.4940567,6.0732784,9.622036,12.926126,15.348064,18.590034,16.63638,15.870315,14.345527,10.475652,8.653564,7.862667,7.146253,10.149375,12.0411,17.13771,20.570957,20.419716,18.13417,22.242508,25.115208,22.0204,20.912727,26.181673,26.57145,23.292618,25.942537,29.789793,28.722391,26.154343,30.587381,33.68896,34.135944,32.619953,32.98068,37.087612,35.83275,33.796535,31.064926,27.194258,27.108416,32.319042,31.197836,25.279755,28.815685,28.663433,30.956984,28.237202,23.84407,22.608759,19.99603,17.5978,13.500561,14.482697,12.258435,12.832717,15.30373,14.844838,18.668646,20.155338,17.566597,22.581545,18.243563,21.51776,23.28124,20.449589,17.531239,13.624861,17.782293,12.046563,16.740284,15.683972,18.465515,21.497293,19.194914,19.468706,15.782799,18.937792,14.684845,13.949979,9.0640135,12.922773,11.103611,7.4746304,8.866765,9.046199,9.262968,12.794911,14.934676,15.89508,13.4154,17.249199,11.711791,16.015863,13.910764,17.833723
17,26.485483,25.443577,20.835625,20.84452,17.04546,17.355274,13.040384,13.844381,9.944877,13.364258,12.099019,14.57417,14.516858,13.32802,11.22306,5.981179,4.4940567,0.0,6.489777,6.587392,10.9442425,12.973119,17.102186,14.500177,12.971334,12.164769,7.6213117,7.7029934,7.197278,8.91581,10.920254,14.863328,19.066557,22.106308,20.783403,17.926544,21.995981,24.861845,21.038181,19.58978,25.088696,25.108812,21.309055,23.858616,28.016758,26.372599,23.33937,28.009462,31.14145,32.03716,30.73537,30.19835,34.799847,34.006584,31.72695,29.029062,25.282803,25.452223,30.847204,29.965088,24.262127,28.141891,28.635576,31.175795,28.26035,23.975513,23.683918,21.483955,18.020357,14.865814,14.91708,12.75591,11.423826,13.945154,12.192157,16.297394,17.073393,13.882631,18.809814,14.141051,17.3319,19.19497,16.085695,13.165753,9.163496,13.456517,8.102331,13.515565,13.364999,16.539259,19.09195,16.536266,15.972868,13.027045,15.207591,11.248222,11.056386,6.42608,11.565999,10.795956,8.78337,8.23729,10.994392,9.055624,13.492354,15.886166,15.564371,12.617994,15.254331,9.082427,12.375835,9.840095,13.518835
18,30.085592,29.696178,24.844685,25.813929,22.213333,23.101095,18.507778,20.186039,16.17874,19.378368,17.588507,19.307322,18.476402,16.472181,12.631031,10.391325,6.0732784,6.489777,0.0,6.0599594,7.6734414,10.069747,12.686979,11.829261,11.945287,10.578525,8.940317,6.905315,9.405622,8.162226,14.192355,15.583907,20.108915,24.019464,23.748535,20.512419,24.078344,27.871475,24.7633,22.796558,27.950249,29.343363,25.590841,27.248846,31.657347,31.170237,27.853117,31.625298,35.318207,35.77684,35.140938,35.07476,39.6177,38.712856,36.99757,34.7049,30.661207,31.226364,36.47212,34.855812,29.299702,33.484997,33.69696,35.81837,32.548843,28.158205,27.546762,24.701012,21.814943,17.96144,17.27931,13.391033,14.16501,14.517754,14.295484,16.778454,18.700464,16.25954,20.246859,15.989098,18.918268,20.111347,18.396029,16.049831,12.945527,17.939407,13.709828,19.596487,19.308943,22.486622,24.876507,21.842932,21.088684,17.377945,18.3934,13.70528,11.575006,8.058884,9.860411,10.47807,8.937313,11.520166,13.237648,14.14601,18.37923,20.798975,21.384916,18.54461,21.709316,15.558124,18.537323,15.466723,18.630297
19,24.353045,24.310898,19.302874,20.992382,17.505335,19.17329,15.2426605,18.074858,15.014033,19.199377,18.513165,21.014374,21.069368,19.616478,16.878069,12.49548,9.622036,6.587392,6.0599594,0.0,4.9708395,6.4572535,10.981898,8.8619375,7.601658,7.807025,6.0736785,7.297528,10.011753,11.435804,15.710902,19.198103,22.781424,26.150635,24.548111,20.745628,24.143332,27.856297,23.967226,21.599041,26.871056,27.852903,23.545563,24.907349,29.656477,28.537289,24.640167,28.519361,32.252274,33.2706,32.99281,31.780796,36.901196,36.607475,34.66087,32.507397,28.685015,29.60368,34.943356,33.58924,28.428375,32.960487,33.914413,36.28231,32.8125,28.614141,29.058706,26.697205,22.721859,19.921982,18.361856,14.803934,13.330958,13.429471,11.478441,13.903422,14.783178,11.552522,15.003746,10.207044,12.932023,14.176689,12.37867,10.354028,7.729174,13.014597,10.485936,16.766073,17.64452,21.069546,22.74475,19.501425,17.569752,15.074026,14.124153,10.012657,8.3393345,6.4296856,9.294871,11.595602,11.85698,12.235471,16.091547,14.97297,19.768915,22.343094,21.674202,18.532192,20.24157,13.984346,15.208059,11.644084,13.859123
20,25.81648,26.298952,21.410889,23.771164,20.752544,22.770775,18.655096,22.325611,19.269636,23.515688,22.846766,24.92809,24.960823,23.007692,20.057875,16.467934,12.926126,10.9442425,7.6734414,4.9708395,0.0,3.5606134,6.434358,4.753384,5.48952,5.495711,7.752066,8.025141,12.177204,12.597068,18.328499,20.801157,23.912558,27.596891,26.305525,22.104618,24.884663,29.24883,25.820196,22.974197,27.798504,29.861668,25.581614,26.029268,30.94958,30.809103,26.665749,29.591337,33.77066,34.461113,34.89642,33.967865,39.02857,38.759148,37.35944,35.701084,31.659897,33.07585,38.22476,36.189964,31.361273,36.288254,37.25085,39.27502,35.38778,31.219019,31.857252,29.187319,25.270214,22.438467,19.986782,15.523602,14.987841,13.196734,12.372407,12.913692,14.613575,12.496435,14.646893,11.12654,13.435797,14.336721,14.126561,13.278085,11.685066,16.90465,15.306535,21.553995,22.603601,26.03202,27.631609,24.3107,22.092457,19.720337,17.800737,13.895508,11.410231,10.760728,11.446553,14.815949,15.31146,16.712448,20.052427,19.663565,24.340134,26.811008,26.358284,23.318432,24.921804,18.737465,19.668268,15.73255,17.584827
21,25.221363,26.180376,21.171906,24.193222,21.213263,23.681885,20.240122,23.907711,21.227112,25.572372,24.968561,27.40604,27.331554,25.687786,22.405052,18.762547,15.348064,12.973119,10.069747,6.4572535,3.5606134,0.0,5.2545595,6.116745,6.674721,8.1323805,10.433127,11.416643,15.316051,15.985982,21.420837,24.1689,27.400728,31.016329,29.508211,25.273922,28.040653,32.310028,28.63219,25.74554,30.58183,32.377632,27.9222,28.315075,33.32123,32.77114,28.414825,31.428127,35.560177,36.56369,37.10742,35.53919,40.89022,40.922443,39.309048,37.58072,33.749985,35.119717,40.34177,38.625618,33.87284,38.740868,39.884083,42.084293,38.28579,34.1623,34.903145,32.369804,28.321253,25.59815,23.274355,18.977322,17.962976,16.242552,14.820619,15.121161,16.206104,13.711678,14.80611,10.993201,12.332969,12.22352,12.764141,12.199245,11.719628,16.386202,15.866226,22.023075,23.239885,26.678524,27.818224,24.211504,21.652464,19.379278,16.389877,12.828717,10.027763,11.001677,10.465495,14.74612,16.31183,17.454998,21.403862,21.079432,25.980536,28.671648,28.030678,24.810375,26.288916,20.127338,20.485844,16.797087,17.837248
22,28.881243,30.135376,25.347841,28.586433,25.893864,28.379635,24.630976,28.589502,25.674301,29.926865,29.130405,31.16565,30.918518,28.855576,25.289688,22.500107,18.590034,17.102186,12.686979,10.981898,6.434358,5.2545595,0.0,6.594216,9.22979,9.876146,13.903645,13.849804,18.27652,17.94083,24.39648,26.029463,28.995798,32.89801,31.913534,27.5571,29.832012,34.566723,31.437784,28.318975,32.7135,35.41293,31.127571,30.8991,35.903366,36.24511,31.863586,34.093094,38.52764,39.138226,40.1718,39.07856,44.233204,44.154354,43.019512,41.63371,37.595768,39.249073,44.31862,42.035477,37.455685,42.53992,43.535988,45.424522,41.357838,37.23277,37.90202,35.059246,31.293686,28.378618,25.626999,20.762829,20.805666,17.955528,17.710314,16.707539,18.562986,17.15678,17.427208,14.9770355,16.01091,15.625986,17.229076,17.226269,16.892017,21.571766,20.99537,27.20373,28.294802,31.730068,32.99498,29.362814,26.884365,24.401848,21.387743,17.825506,14.668724,15.598595,13.940236,18.307293,19.689798,21.749405,25.016083,25.463892,30.224049,32.830116,32.56164,29.43295,31.144403,24.938795,25.532324,21.659687,22.821112
23,24.538895,25.305635,20.81367,23.535873,21.172583,23.445309,19.363995,24.041353,21.397913,25.871593,25.752018,27.606646,28.160685,25.98303,23.776554,19.855877,16.63638,14.500177,11.829261,8.8619375,4.753384,6.116745,6.594216,0.0,3.4867773,3.7719038,8.84984,9.622373,13.766773,14.5866375,19.947626,22.520525,24.573572,28.046581,26.394974,21.814081,23.863453,28.550327,25.330805,22.048788,26.323715,29.113255,24.8355,24.351246,29.365534,29.952179,25.57774,27.560406,32.045006,32.560364,33.718273,32.82512,37.840973,37.74828,36.847073,35.770454,31.646597,33.656197,38.520138,35.911762,31.662567,37.005558,38.253845,39.992245,35.6881,31.7365,33.036285,30.400671,26.1471,23.923603,20.45014,15.871784,15.12817,11.87125,11.476699,10.126884,12.103685,11.238575,12.091422,10.46399,12.532017,13.86768,14.581529,14.935001,13.901191,18.8927,18.238785,24.218128,25.821402,29.229595,30.70963,27.597195,24.906261,23.379822,20.682976,17.43827,15.324387,15.084465,15.96162,19.520458,19.92403,21.046057,24.4001,23.4457,27.972599,30.211685,29.411806,26.536295,27.336552,21.4777,21.663927,17.373287,18.826826
24,21.399633,21.981113,17.430601,20.068884,17.698929,20.054552,16.212004,21.0934,18.831858,23.479702,23.751015,25.857431,26.746384,24.860958,23.168228,18.471985,15.870315,12.971334,11.945287,7.601658,5.48952,6.674721,9.22979,3.4867773,0.0,3.3119721,6.7868633,9.013505,12.454596,14.390305,18.560385,22.156494,24.095146,27.213055,24.965508,20.388422,22.64885,26.977728,23.301569,20.084286,24.594118,26.766483,22.302105,22.0804,27.145937,27.13772,22.666569,25.074856,29.396606,30.231474,31.19396,29.851849,35.060192,35.139404,33.97133,32.790195,28.809996,30.78983,35.70397,33.40206,29.193348,34.501797,35.98658,37.905964,33.698643,29.8248,31.417688,29.077997,24.461466,22.642626,19.239283,15.253478,13.315029,10.804226,9.106236,8.59887,9.6415825,7.975949,9.3423,7.118988,9.661883,11.6804,11.676264,12.092206,11.003638,15.853222,15.576908,21.316385,23.246338,26.617855,27.959093,25.008202,22.112574,21.16025,18.349255,15.51649,14.0777855,13.771007,15.681713,18.961172,19.37087,19.659971,23.44522,21.657324,26.18128,28.381794,27.14154,24.275946,24.540358,18.883432,18.552803,14.234049,15.471704
25,23.714487,23.880293,19.510305,21.449547,19.019806,20.834757,16.294054,20.956371,18.209871,22.61965,22.66844,24.336359,25.18604,22.950104,21.421936,17.132122,14.345527,12.164769,10.578525,7.807025,5.495711,8.1323805,9.876146,3.7719038,3.3119721,0.0,5.55228,6.502416,10.287618,11.680214,16.387539,19.36896,21.194023,24.500792,22.677402,18.117565,20.354685,24.925632,21.655472,18.463171,22.926632,25.573565,21.365799,21.167141,26.118992,26.706596,22.53412,24.759146,29.152393,29.556824,30.417032,29.896263,34.72905,34.425423,33.528267,32.407715,28.184208,30.16896,35.00056,32.318726,27.98287,33.325893,34.527027,36.226837,31.924067,27.964605,29.323112,26.749615,22.401949,20.337759,16.764702,12.385422,11.357532,8.361088,7.972867,7.5022774,9.7943735,8.95206,11.414493,9.670494,12.683681,14.946447,14.52914,14.465015,12.529277,17.703388,16.307108,22.09113,23.669386,26.998543,28.772034,26.0023,23.55613,22.210556,20.368214,17.07849,15.518756,14.217225,16.396305,19.130478,18.785458,19.55505,22.621687,21.131214,25.388124,27.392172,26.51016,23.831066,24.452106,18.781097,19.222258,14.836122,16.90725
26,22.646317,21.999315,17.577417,18.380625,15.427451,16.567013,11.640617,15.638345,12.678777,17.09432,17.256239,19.133198,20.218048,18.325367,17.460436,12.289687,10.475652,7.6213117,8.940317,6.0736785,7.752066,10.433127,13.903645,8.84984,6.7868633,5.55228,0.0,4.151529,5.9505644,9.058617,11.936679,16.248743,18.524794,21.496935,19.312414,15.15098,18.296286,22.13258,18.315275,15.690376,20.857841,22.282581,18.038162,19.083471,23.831163,23.405737,19.590631,23.0257,26.909758,27.572802,27.491764,26.947302,31.749851,31.264446,29.811977,28.141706,23.996424,25.479181,30.547817,28.458847,23.626562,28.644901,29.779999,31.801476,27.875914,23.800077,24.953188,22.651043,18.14897,16.108717,13.368639,10.032626,7.6350136,7.6635203,5.5993166,8.795778,9.979038,7.671834,12.439943,9.278123,13.005464,15.786646,13.636897,12.469583,9.226743,14.364916,11.711056,17.215202,18.624634,21.855751,23.911098,21.492344,19.496868,18.243834,17.735455,14.480214,13.872239,11.286344,15.254371,16.717432,15.682958,15.527071,18.552631,16.150553,20.21632,22.110733,21.015448,18.414251,18.993662,13.378588,14.311006,10.059528,13.074311
27,26.755728,26.030941,21.69962,22.220215,19.23002,19.925797,14.622724,17.771053,14.07361,17.824892,17.23288,18.461668,19.047949,16.580225,15.273283,11.345221,8.653564,7.7029934,6.905315,7.297528,8.025141,11.416643,13.849804,9.622373,9.013505,6.502416,4.151529,0.0,4.542893,5.409058,10.609153,13.267493,16.03857,19.611418,18.507261,14.589107,17.771837,21.932573,18.872332,16.451406,21.414038,23.475956,19.715982,20.777596,25.259062,25.578203,22.204367,25.303455,29.226948,29.36938,29.176058,29.58404,33.90975,32.963932,31.819466,30.158192,25.808676,27.12899,32.079533,29.623833,24.564386,29.434986,30.028135,31.777243,27.8546,23.60801,24.053139,21.262993,17.503235,14.590721,12.06281,7.7314672,7.995243,7.6226926,8.068006,10.524124,12.869235,11.501875,16.027727,13.216603,16.823032,19.276293,17.446224,16.011938,12.59812,17.83279,14.1805105,19.712011,20.396225,23.537237,26.032393,23.631674,22.26046,20.139433,20.508396,16.632866,15.427495,12.144039,15.510917,16.50427,14.676306,15.690714,17.549765,16.307718,20.054466,21.818178,21.560217,19.146368,20.712025,15.064458,17.195885,13.301421,16.795988
28,26.77588,25.366762,21.43515,20.821854,17.844913,17.657991,12.076842,14.375777,10.464944,13.799523,13.44804,14.361934,15.515367,13.112045,13.349904,8.737035,7.862667,7.197278,9.405622,10.011753,12.177204,15.316051,18.27652,13.766773,12.454596,10.287618,5.9505644,4.542893,0.0,4.807156,6.239752,10.472671,13.0898,16.171404,14.7388525,11.303401,15.122629,18.586634,15.366883,13.575433,18.79617,20.072247,16.612627,18.538,22.59611,22.526398,19.740843,23.377005,26.842873,26.946262,26.065691,26.898773,30.879833,29.644789,28.323643,26.426926,22.075155,23.098396,28.027792,25.74748,20.414196,25.0712,25.539001,27.36413,23.628033,19.324352,19.683945,17.081585,13.170226,10.381143,8.414049,5.7140975,5.1377397,7.84215,7.903622,11.858904,13.565058,12.164927,17.544565,14.812697,18.621185,21.524021,18.83773,17.052826,13.091355,17.655619,13.178164,17.73269,18.21894,21.04786,23.909382,22.143534,21.282368,19.542171,21.076988,17.58491,17.24837,13.227039,17.728296,17.587746,14.95605,15.08787,16.32986,14.079053,17.097042,18.39976,17.993208,16.00862,17.335005,12.354282,15.06341,11.704942,15.851847
29,31.21351,30.016636,25.932148,25.586136,22.52109,22.369392,16.836494,18.514666,14.230124,16.724411,15.339645,15.54791,15.686631,12.611235,11.638109,9.475096,7.146253,8.91581,8.162226,11.435804,12.597068,15.985982,17.94083,14.5866375,14.390305,11.680214,9.058617,5.409058,4.807156,0.0,7.8148947,8.207136,12.011846,16.025576,16.28165,13.376941,16.85164,20.642593,18.431902,16.820902,21.5225,23.537647,20.5707,22.226856,26.050217,26.70035,24.168976,27.34357,30.911364,30.584263,29.77271,31.281113,34.905857,33.34087,32.324665,30.468868,26.05749,26.898788,31.64442,29.091358,23.694122,28.037209,27.892557,29.400763,25.788603,21.421896,20.793833,17.593449,15.012288,11.056338,9.826425,5.966485,9.055981,10.127868,11.802845,14.58485,17.151934,16.155922,21.084248,18.328249,22.009113,24.468128,22.272463,20.350239,16.500763,21.358656,16.483984,21.304909,21.11083,23.876368,26.967627,24.995346,24.57964,21.87917,23.805086,19.703135,18.607088,14.389016,17.78458,17.391024,14.213939,15.8682995,15.849803,15.462005,18.199858,19.484715,20.174316,18.305595,20.805483,15.753327,19.216465,16.070536,20.187222
30,29.988317,27.828365,24.5861,22.605011,19.893679,18.428343,13.120974,13.294375,9.419266,10.628818,10.246818,9.614399,11.554551,8.990026,12.076902,8.52571,10.149375,10.920254,14.192355,15.710902,18.328499,21.420837,24.39648,19.947626,18.560385,16.387539,11.936679,10.609153,6.239752,7.8148947,0.0,7.0115156,9.163602,11.354235,10.323833,8.795312,13.137692,15.194802,12.616059,12.385845,17.174086,17.49505,15.214725,18.224737,21.155132,20.989288,19.544926,23.435194,26.10066,25.830685,23.914015,25.931328,28.954712,27.03805,25.710659,23.550669,19.2716,19.648186,24.241226,22.045315,16.325596,20.301859,20.111183,21.812422,18.48196,14.062344,13.603632,10.99513,7.6555166,4.2522984,5.1569715,6.8721113,7.23295,11.692519,12.209278,16.38017,17.724873,16.743313,22.38319,19.98662,23.780613,26.914978,23.668222,21.603083,17.430435,20.987503,15.791909,18.563772,18.37828,20.443579,23.865564,23.089418,23.200602,21.683405,24.73072,21.611704,21.889322,17.330065,22.250078,20.849731,17.26571,16.90991,16.534042,13.821937,14.963757,15.16955,15.138927,14.303092,15.663682,12.558848,16.174202,14.160099,18.598404
31,36.489586,34.54565,31.152584,29.499823,26.756979,25.432693,20.06778,20.042076,15.981259,16.244816,14.58163,12.617576,12.918155,9.256359,11.476274,11.791825,12.0411,14.863328,15.583907,19.198103,20.801157,24.1689,26.029463,22.520525,22.156494,19.36896,16.248743,13.267493,10.472671,8.207136,7.0115156,0.0,5.968586,9.802776,12.345047,11.967463,15.219418,17.613653,17.013876,16.943766,20.60685,22.22377,20.810867,23.145285,25.620333,26.758198,25.686787,28.686811,31.48302,30.474995,28.763496,31.91834,34.252045,31.810404,31.148266,29.274794,25.003546,25.26706,29.260208,26.481855,21.106964,24.446238,23.226704,24.12031,21.050045,16.885885,14.725176,11.050487,10.995945,6.393907,8.1557665,8.435008,12.469675,14.969495,17.215004,20.243618,22.619694,22.220493,27.539434,25.272366,29.089209,31.923471,29.194738,27.066689,22.913368,26.995646,21.438225,24.642656,23.757544,25.68924,29.361456,28.408453,28.980701,26.463776,29.871624,26.09034,25.582201,20.840036,24.638721,22.93769,18.732794,20.024178,17.931332,17.559326,18.046526,17.96419,19.530024,19.02255,21.6804,18.544415,22.768328,20.680107,25.145485
32,36.865513,34.676838,31.961498,29.885275,27.831593,26.246538,20.936033,21.563084,18.26165,18.461733,17.933645,15.549713,17.043013,13.778016,17.23817,16.558334,17.13771,19.066557,20.108915,22.781424,23.912558,27.400728,28.995798,24.573572,24.095146,21.194023,18.524794,16.03857,13.0898,12.011846,9.163602,5.968586,0.0,4.5923796,8.187535,8.766294,10.728469,12.880682,13.780544,14.069428,16.406818,18.897821,18.437592,20.1549,21.869509,24.285364,23.82668,25.764696,28.404423,26.715406,25.250092,29.547674,31.070192,28.272346,28.483524,27.38804,23.016445,23.89772,27.104172,23.247177,18.74804,22.378365,21.21897,21.255505,17.51684,13.808067,12.612661,8.964913,9.122719,7.0616584,6.608709,8.849724,12.733172,14.739215,17.668974,19.996714,22.359772,23.02384,28.070625,26.959997,30.808844,34.112103,31.494984,29.905502,25.87809,29.818762,24.857801,27.646374,27.336538,29.120743,32.7023,32.14822,32.361526,30.682491,33.593876,30.17364,29.870832,25.353832,29.462711,28.227886,24.253548,25.077589,23.482338,22.162569,22.377827,21.806684,22.676601,22.61343,23.969791,21.659327,25.083395,22.861937,27.150097
33,37.62651,35.053764,32.9302,30.195887,28.570608,26.490763,21.657959,21.833199,19.265137,18.761377,18.88312,16.073215,18.27334,15.587124,20.205742,19.188929,20.570957,22.106308,24.019464,26.150635,27.596891,31.016329,32.89801,28.046581,27.213055,24.500792,21.496935,19.611418,16.171404,16.025576,11.354235,9.802776,4.5923796,0.0,5.7157054,8.714121,9.776398,9.990342,12.067565,13.457526,14.685249,16.540674,17.201159,19.149223,19.818125,22.406782,22.868452,24.545935,26.538609,24.561361,22.614567,27.70751,28.410843,25.233923,25.752195,24.910059,20.792864,21.607721,24.085974,19.951088,16.017677,19.173197,17.793848,17.273964,13.516454,10.339343,9.429024,6.4030905,7.65966,8.111857,8.263805,12.217186,14.7431555,17.278643,19.777262,22.21455,24.06301,24.953611,29.980413,29.256987,33.059753,36.615936,33.735184,32.241592,28.245378,31.661903,26.89509,28.819715,28.622772,30.017324,33.58124,33.579266,33.91126,32.816093,35.930466,32.92146,33.04047,28.515413,33.050117,31.627981,27.628815,27.840942,26.246784,24.207603,23.754667,22.634665,23.135387,23.660404,24.230692,23.059357,26.141619,24.391272,28.519234
34,32.680813,29.909714,28.230022,25.164537,23.968561,21.758404,17.282568,17.979906,16.251047,16.259884,17.551016,15.535815,18.691978,16.570686,21.404482,18.61971,20.419716,20.783403,23.748535,24.548111,26.305525,29.508211,31.913534,26.394974,24.965508,22.677402,19.312414,18.507261,14.7388525,16.28165,10.323833,12.345047,8.187535,5.7157054,0.0,4.835489,6.2980614,5.5544243,6.3908806,8.339093,9.921081,10.966819,11.538614,13.830074,14.526959,16.713211,17.231321,19.123058,20.988344,19.328903,17.251133,22.016079,23.020844,20.11221,20.452097,19.771265,15.445161,16.841501,19.52034,15.157683,11.18629,15.475178,15.260152,15.254477,10.573036,7.0155478,9.187299,7.667684,4.773476,8.10365,6.5568147,11.577971,11.814777,14.961901,16.525276,19.22521,20.283852,21.248907,26.161991,25.85109,29.512848,33.318436,30.264118,29.079235,25.315247,28.237743,24.185873,25.645437,26.117247,27.516863,30.749207,30.940182,30.808706,30.609701,33.17759,30.744299,31.319086,27.131916,32.166027,31.1075,27.585257,26.930607,26.413841,23.123646,23.056744,22.087898,21.432293,21.850567,21.094294,20.372877,22.488926,20.816158,24.573614
35,29.23393,26.849468,24.803123,22.4336,21.137554,19.596615,14.590878,16.786572,14.761443,16.200989,17.525448,16.44859,19.38068,16.995888,20.716686,17.08962,18.13417,17.926544,20.512419,20.745628,22.104618,25.273922,27.5571,21.814081,20.388422,18.117565,15.15098,14.589107,11.303401,13.376941,8.795312,11.967463,8.766294,8.714121,4.835489,0.0,4.43764,7.3956447,5.9147286,5.311252,8.765946,11.264031,9.995464,11.472466,13.777785,16.127138,15.254171,17.085844,19.933914,18.614311,17.575583,21.222202,23.32432,21.105743,21.319057,20.750551,16.083218,18.134766,21.526188,17.226093,13.203412,18.426105,18.948868,19.45202,14.627609,11.009123,13.409571,11.458136,7.0713243,8.713556,4.0931745,7.979733,7.598499,10.204612,11.961324,14.402614,15.6649685,16.86418,21.64867,21.556704,25.22806,29.040752,26.310572,25.418476,21.818396,25.169233,21.555964,23.890747,24.816162,26.728031,29.727356,29.35853,28.627449,28.43037,30.151917,27.624098,27.962118,24.110115,28.966087,28.56198,25.474192,24.966993,25.258038,21.95927,22.951204,22.66553,21.724695,21.381748,20.590788,18.690527,20.356972,17.898087,21.565508
