,0,1,2,3,4,5,6,7,8,9,10,11,12,13,14,15,16,17,18,19,20,21,22,23,24,25,26,27,28,29,30,31,32,33,34,35,36,37,38,39,40,41,42,43,44,45,46,47,48,49,50,51,52,53,54,55,56,57,58,59,60,61,62,63,64,65,66,67,68,69,70,71,72,73,74,75,76,77,78,79,80,81,82,83,84,85,86,87,88,89,90,91,92,93,94,95,96,97,98,99,100,101,102,103,104,105,106,107,108,109,110
0,0.0,4.235844,5.538071,9.259811,11.768884,13.198771,17.021032,19.416307,21.88303,25.242474,27.71755,30.96322,33.337353,34.149403,34.11038,28.28979,29.350487,24.973585,29.245192,23.589432,25.736614,25.2337,29.213776,25.168144,21.808958,23.947084,21.864325,26.018938,25.608698,29.992176,29.32156,35.674774,36.687332,41.08282,38.94583,35.020195,38.493122,39.764446,34.716778,33.7686,38.793335,35.755905,31.927454,35.167027,38.544685,33.280773,30.517944,36.563496,37.787304,40.94989,38.392662,33.834084,38.783066,39.739334,35.094936,31.356796,30.967678,29.664116,34.28283,37.44251,32.99845,36.423225,36.864674,40.89724,39.378494,35.97327,36.836838,35.5427,31.145048,30.65653,31.441502,29.824991,26.133705,25.144855,25.145142,25.371643,21.32494,21.004993,18.969324,19.81071,16.767582,17.022617,14.112288,16.728989,17.62767,14.9135275,19.000801,20.378284,19.429865,22.046078,22.03921,22.64131,26.767473,26.544544,30.998592,29.799692,33.43508,29.183018,30.80153,26.195759,31.402824,26.26065,29.24239,30.880842,26.863188,25.014975,20.779606,20.431295,15.011298,15.840484,11.516296
1,4.235844,0.0,5.286968,6.3943095,9.226732,11.758959,15.281169,16.933321,20.073536,22.860655,25.67103,28.757984,31.438105,32.62962,32.99316,27.38749,29.070639,24.917105,29.858608,24.6386,27.38211,27.27144,31.56764,27.324974,23.896782,25.693964,22.769625,26.719511,25.579838,30.120953,28.346952,35.047966,35.322994,40.01648,38.175648,34.214226,37.92078,39.432903,34.580624,33.639084,38.894894,36.226734,32.405556,35.776306,39.309116,34.47991,31.718277,37.794834,39.350254,42.201595,39.554047,35.66001,40.528667,41.102695,36.57737,32.68848,31.84261,30.41947,35.31203,38.207325,33.243652,36.637585,36.651714,40.768772,39.175068,35.48693,35.94759,34.275333,30.274687,30.016712,30.040741,28.12939,25.039293,24.07894,24.737827,25.007442,21.008463,21.253622,19.851332,21.136257,18.651262,19.728077,16.317587,18.566807,18.626364,16.56288,19.333635,21.285103,19.903837,22.893347,23.141068,24.475397,28.156301,27.583588,32.049675,30.947153,34.200794,29.564096,30.73297,25.896042,30.647146,25.121794,27.461464,28.746939,24.482605,23.091042,18.219246,19.052153,13.666861,15.021645,11.291679
2,5.538071,5.286968,0.0,5.239053,6.8271556,8.0369215,11.553673,14.261802,16.492588,20.074602,22.58898,25.69743,28.169931,28.914614,29.312809,23.32522,24.697416,20.398993,25.200676,19.932835,22.525814,22.71693,26.937124,22.341034,18.87744,20.500711,17.524645,21.495708,20.549686,25.034544,23.875622,30.337458,31.166773,35.61948,33.61665,29.743042,33.351494,34.602562,29.650126,28.817928,33.963017,31.053196,27.281822,30.764938,34.153122,29.212336,26.568789,32.742065,34.182644,37.005383,34.275665,30.478891,35.28995,35.822598,31.33424,27.504826,26.59492,25.311968,30.25154,33.00679,28.176636,31.758091,32.03849,36.062298,34.32729,30.769567,31.64675,30.188837,25.829266,25.699703,26.291357,24.448132,20.84916,20.369705,20.26794,21.064974,17.040741,16.575275,15.748331,16.244205,14.050667,15.481531,11.534201,13.4383,13.359831,11.840219,14.485136,16.973082,16.337543,19.594227,20.40363,21.959969,25.116869,24.224245,28.325333,26.792658,30.144928,25.999395,26.85549,22.295322,27.178946,21.707296,24.6199,26.144388,22.204466,20.356005,16.17285,15.421265,10.087359,10.458945,6.394399
3,9.259811,6.3943095,5.239053,0.0,3.8183897,6.1106477,9.288449,11.487821,14.734546,17.552788,20.71001,23.366535,26.437267,27.64066,28.916525,23.168861,25.419998,21.531355,27.102215,22.56068,25.643055,26.378965,30.720844,25.785007,22.337303,23.36989,19.533869,23.026,21.051083,25.586163,22.91459,29.632284,29.42825,34.319496,32.953274,29.211998,33.16335,34.48891,29.879448,29.279663,34.61742,31.981283,28.450436,32.232426,35.59829,31.139263,28.794199,34.983456,36.641808,39.021652,36.003445,33.202576,37.647324,37.629707,33.264217,29.189377,27.865019,26.214941,31.322546,33.921646,28.451403,31.68889,31.298063,35.44346,33.841312,29.96207,30.063377,28.18431,24.487423,24.396137,23.915607,21.87142,19.131989,18.351593,19.420126,19.966639,16.146746,16.796854,16.619097,18.098839,16.704239,19.063541,15.121917,16.713177,15.737106,15.6032715,16.316355,19.753714,18.86023,22.487757,23.647097,25.898005,28.494162,27.181911,31.109749,29.579533,32.43478,28.057898,28.14788,23.48258,27.581434,21.589123,23.527077,24.431398,20.184628,19.09901,13.9307,14.855816,10.006778,10.544944,8.276265
4,11.768884,9.226732,6.8271556,3.8183897,0.0,5.516423,6.7404613,7.88243,11.089972,13.917312,16.946716,19.744326,22.686306,23.916662,25.144918,19.50571,21.969511,18.284939,24.12637,20.057104,23.554638,24.574163,29.105759,24.353628,21.05448,21.865383,17.445297,20.662231,18.335962,22.913963,19.76495,26.747993,26.385355,31.228632,29.661818,25.784733,29.735344,31.368074,26.857107,26.061052,31.49013,29.349192,25.696459,29.318954,32.88006,28.95677,26.413673,32.41374,34.428158,36.571808,33.78514,31.389,35.927242,35.73737,31.691633,27.842033,25.963991,24.718344,30.048864,31.98257,26.369488,30.031673,29.67179,33.68048,31.608292,27.615932,28.052727,25.909,22.193233,22.870584,22.195766,19.607689,17.136215,17.441692,18.090633,19.559753,15.949012,16.060099,17.188318,17.758541,17.04712,19.68478,15.25834,15.912492,14.062881,14.240399,13.640642,17.299427,16.306938,20.106352,21.624506,24.41979,26.368048,24.724434,28.4381,26.928745,29.466093,25.041834,24.775654,20.136084,23.953522,17.88179,19.738358,20.669106,16.492281,15.323486,10.312657,11.129685,6.5829716,7.584908,6.513835
5,13.198771,11.758959,8.0369215,6.1106477,5.516423,0.0,4.66897,9.895691,11.628491,15.400167,18.365877,20.559456,23.653326,24.284077,26.24156,20.059523,22.188354,18.407719,23.884617,19.7847,22.516642,23.937027,27.8826,22.264603,18.925074,19.206675,15.130703,18.19927,15.961653,20.301912,17.952063,24.184475,24.409914,29.177294,28.08864,24.729254,28.708687,29.391724,24.81885,24.7475,29.890903,26.720528,23.610643,27.856522,30.761412,26.197289,24.494137,30.814333,32.165947,34.29478,30.826893,28.723278,32.647755,32.278316,27.934807,23.718906,22.31958,20.399048,25.519642,28.134092,22.550068,25.599777,25.202585,29.348679,27.868435,24.06825,24.201702,22.606417,18.669422,18.37916,18.386654,16.683573,13.309295,12.673693,13.319429,14.244896,10.501885,10.961799,11.952029,13.198659,12.905008,16.219381,12.301255,13.2656355,11.793361,13.919703,13.268432,18.00769,18.305092,22.1363,24.024208,26.490267,28.263166,26.497335,29.68886,27.530525,30.300097,26.778217,26.058016,22.007395,25.77382,19.83752,22.090767,22.969336,19.278566,17.97835,13.808865,12.838243,9.270561,7.1773486,6.8445663
6,17.021032,15.281169,11.553673,9.288449,6.7404613,4.66897,0.0,6.304156,7.2640805,11.063586,13.98627,15.958595,19.120964,19.794159,22.195623,16.213938,18.865698,15.62405,21.512726,18.413153,21.625593,23.555958,27.6133,22.207502,19.188692,18.94831,14.013993,16.319479,13.173681,17.478556,13.876302,20.5092,20.19266,25.074696,24.020134,20.615618,24.73184,25.707916,21.407776,21.280504,26.546139,24.036463,20.960836,25.14145,28.181961,24.494,22.761534,28.773241,30.570087,32.219875,28.921743,27.745176,31.56167,30.772545,26.933739,22.99995,20.74577,19.25539,24.617275,26.263376,20.300306,23.74403,23.142971,27.115711,25.074394,21.01478,21.318932,19.22616,15.481324,16.3413,15.684624,13.124854,10.429934,11.550597,11.93351,14.197054,11.22788,11.231303,14.248997,14.457682,15.301507,18.877234,14.716428,14.42096,11.704486,14.631356,11.777255,17.001432,17.315744,21.247581,23.597296,26.704906,27.570814,25.346794,28.084269,25.910917,28.109135,24.683022,23.197308,19.402044,22.398026,16.392004,18.207876,18.851517,15.445395,14.337783,10.763792,9.54692,7.8743095,5.4315886,7.9847217
7,19.416307,16.933321,14.261802,11.487821,7.88243,9.895691,6.304156,0.0,4.572812,6.06528,9.421895,11.925254,15.12159,16.71981,18.802082,13.874935,17.442015,14.998812,21.371881,19.209745,23.326292,25.171225,29.715673,25.28628,22.54711,22.492338,17.081997,18.935713,15.374137,19.526217,14.289641,21.596083,20.074095,25.00229,23.593426,19.72172,23.824326,26.024769,22.20487,21.29844,26.785646,25.87889,22.446049,25.818876,29.504824,27.120731,24.670801,30.001558,32.675106,33.971195,31.466688,30.657576,34.8526,33.964996,30.76236,27.374105,24.346813,23.691742,29.155376,29.650019,23.642244,27.649624,26.915337,30.537027,27.718298,23.465298,24.023375,21.131649,18.14485,20.445642,18.67756,14.92722,14.117294,16.522985,16.98754,19.855057,17.31437,17.114738,20.498976,20.114511,20.918066,24.124197,19.551691,18.68569,15.363832,16.953367,13.043611,17.22025,16.310171,20.126245,22.438782,26.262186,26.563843,24.12827,26.934546,25.429329,26.870346,22.66606,20.940248,16.831448,18.949884,12.707633,13.262489,13.545586,9.604063,9.159976,4.7569885,6.645225,6.8657312,7.7355843,10.623489
8,21.88303,20.073536,16.492588,14.734546,11.089972,11.628491,7.2640805,4.572812,0.0,4.9254704,6.8646536,9.423974,12.074364,12.95565,15.224323,9.840256,13.4286995,11.377904,17.66357,16.336287,20.364887,22.654549,26.940926,22.625416,20.277092,19.751244,14.171646,15.278528,11.432913,15.324598,9.980876,17.376057,16.357931,20.976452,19.185396,15.236559,19.327492,21.50718,17.68354,16.758324,22.228489,21.53234,18.157827,21.49039,25.119247,23.194656,20.857897,25.934881,28.713114,29.740114,27.346535,27.074352,31.100632,30.034935,27.208527,24.178461,20.713984,20.558285,25.9811,25.792854,19.90921,24.324036,23.874762,27.213188,23.928513,19.765003,21.063133,18.259205,14.941257,18.073114,16.842527,12.90371,11.930616,15.700584,15.039033,18.854473,16.823158,15.759785,20.134497,18.741592,20.261875,23.515985,19.070053,17.344877,13.520986,16.002083,10.69207,15.204283,15.097869,18.760265,21.558292,25.509512,25.00798,22.23984,24.340158,22.5046,23.672968,20.166674,17.735437,14.309461,15.991614,10.025588,11.1982,11.823242,9.089634,7.871999,6.9090295,4.6415877,7.787025,7.184271,11.352527
9,25.242474,22.860655,20.074602,17.552788,13.917312,15.400167,11.063586,6.06528,4.9254704,0.0,3.9646564,5.977037,9.332586,11.4442215,14.338542,10.861277,15.207043,14.370603,20.44838,20.074808,24.345768,26.62805,30.983139,27.11164,24.94246,24.36702,18.78544,19.411215,15.352433,18.600634,11.957779,18.926252,16.341988,21.032503,19.647295,15.875638,19.87836,22.719725,19.775654,18.68461,23.933073,24.352465,21.250834,24.065025,27.7653,26.866653,24.524286,28.95972,32.135216,32.70733,30.644234,31.051947,34.91089,33.558723,31.18518,28.382013,24.611185,24.592876,29.860834,29.09457,23.164972,27.359964,26.460619,29.538034,26.070295,21.842596,22.679884,19.288746,17.190355,20.831486,18.43748,14.007057,14.825326,18.655607,18.73019,22.385336,20.716658,20.186346,24.601278,23.54442,25.101479,28.395247,23.910038,22.235624,18.386503,20.44963,15.065681,18.825174,18.036993,21.41352,24.091887,28.393656,27.498405,24.621096,26.545876,25.174385,25.598402,21.819712,18.939487,15.759717,15.92413,10.351726,9.087733,8.435731,5.6261864,6.457091,6.1656933,7.5926523,11.212672,11.829704,15.5992985
10,27.71755,25.67103,22.58898,20.71001,16.946716,18.365877,13.98627,9.421895,6.8646536,3.9646564,0.0,4.104045,5.820986,7.936281,10.455632,7.983212,12.479053,12.691817,18.2454,18.942093,23.240597,25.634645,29.85313,26.6152,24.876099,24.166267,18.726797,18.741606,14.898414,17.547953,11.123554,17.634022,15.2698,19.279165,17.208143,13.222889,16.885021,20.376272,17.78725,16.220934,21.283466,22.669859,19.543266,21.690704,25.560904,25.564037,23.022066,26.771156,30.323193,30.596294,29.089417,29.849312,33.726093,32.338894,30.50928,28.253654,24.116634,24.781061,29.887453,28.293505,22.774563,27.377525,26.79944,29.454912,25.428595,21.442436,23.04913,19.716097,17.64751,22.001507,20.010727,15.550162,16.431578,20.99738,20.298475,24.488562,23.062939,21.916227,26.724056,24.909372,26.712465,29.802542,25.35269,23.121372,19.088396,21.018934,15.071203,18.123951,17.44912,20.375395,23.228056,27.699656,26.039448,22.957308,24.29433,23.05735,22.892397,19.449236,16.01082,13.542687,12.59947,7.8420477,5.9152102,5.392837,4.7960763,5.1641126,8.40033,8.067216,12.940841,13.570858,17.496819
11,30.96322,28.757984,25.69743,23.366535,19.744326,20.559456,15.958595,11.925254,9.423974,5.977037,4.104045,0.0,4.388115,6.867023,11.478402,10.297294,14.675364,15.578757,20.67063,21.996845,25.9895,28.673412,32.578556,29.139116,27.545898,26.425259,21.051071,20.46411,16.28546,18.20789,10.916779,16.408382,12.739167,16.837778,15.714458,12.529351,16.187696,19.39923,17.700686,16.724394,21.293993,22.93413,20.535206,22.77607,26.133469,26.707172,24.80315,28.22014,31.63804,31.41499,29.693289,31.441446,34.697422,32.84366,31.335667,29.143862,24.8721,25.36588,30.17861,28.251081,22.663374,26.741549,25.703518,28.092566,24.134254,20.178562,21.259403,17.63456,16.659279,21.281652,18.59291,14.097613,16.24184,20.94106,20.611773,24.719992,23.903236,23.1351,28.241045,26.711895,28.91353,32.277,28.045126,25.818329,21.773775,24.412678,18.252748,21.678772,21.354797,24.226507,27.169806,31.623367,29.737417,26.56221,27.452291,26.058588,25.55046,22.710987,18.734638,17.027567,15.164786,11.426228,8.756512,6.960714,7.7471523,9.131563,11.679916,11.795176,16.480354,16.515692,20.690922
12,33.337353,31.438105,28.169931,26.437267,22.686306,23.653326,19.120964,15.12159,12.074364,9.332586,5.820986,4.388115,0.0,3.5681107,7.6876297,8.818339,12.705905,14.789111,18.923206,21.334259,25.24234,27.920399,31.634542,28.985533,27.84363,26.690943,21.627575,20.546515,16.87627,18.121723,11.812125,16.325108,13.329494,16.181377,14.03912,10.728761,13.602438,17.710964,16.543062,14.944896,19.062437,21.921703,19.519144,20.814102,24.334576,25.936043,23.779808,26.30574,30.127005,29.598703,28.618826,30.611216,33.91737,32.119476,31.213812,29.65212,25.117899,26.348677,30.932056,28.18118,23.226133,27.716072,27.12951,29.040947,24.532188,20.994926,22.97534,19.622463,18.535719,23.612017,21.547384,17.250404,19.037634,24.174616,23.104229,27.611174,26.865547,25.498667,30.796362,28.555624,30.853325,33.9306,29.734766,27.053066,22.953905,25.246513,18.871414,21.393597,21.125767,23.426247,26.418573,30.933414,28.32194,25.037066,25.278036,24.119804,22.92984,20.5624,16.135921,15.4337635,12.261688,10.292129,7.2976055,5.8675804,8.950844,9.687681,14.070613,13.162445,18.407846,18.62071,22.7397
13,34.149403,32.62962,28.914614,27.64066,23.916662,24.284077,19.794159,16.71981,12.95565,11.4442215,7.936281,6.867023,3.5681107,0.0,6.258781,7.5331984,10.661318,13.3957,16.718882,19.816483,23.311304,26.20196,29.524893,27.032696,26.236996,24.807348,20.086447,18.414625,15.036214,15.5476465,10.067062,13.608997,11.53441,13.615464,10.748592,7.3439775,10.037245,14.276086,13.3192215,11.698084,15.548469,18.728643,16.583889,17.648338,20.971878,23.038193,21.124517,23.249908,27.036509,26.272919,25.416225,27.827623,30.88134,28.990963,28.431192,27.240023,22.585394,24.199532,28.506714,25.278692,20.737638,25.381088,25.127775,26.726934,21.932522,18.705124,21.36993,18.389936,17.070747,22.380838,20.996643,17.0399,18.422592,23.886236,22.158497,26.935545,26.453255,24.656706,30.17328,27.460333,30.034676,33.011337,29.07312,26.076403,22.02292,24.680666,18.128473,20.57017,20.939724,23.022562,26.196218,30.53557,27.580095,24.213459,23.877165,22.39999,21.07219,19.588694,14.754838,14.950918,11.651693,10.628144,9.125665,8.755037,11.709713,11.547032,16.18639,13.862799,19.245062,18.85219,23.079397
14,34.11038,32.99316,29.312809,28.916525,25.144918,26.24156,22.195623,18.802082,15.224323,14.338542,10.455632,11.478402,7.6876297,6.258781,0.0,6.5839067,7.9298873,11.589182,13.602277,17.419834,21.033773,23.439354,26.847898,25.677656,25.254955,24.339592,20.124693,18.714222,16.515106,17.13226,13.904707,17.460604,17.082264,18.245295,13.922459,10.077271,11.127149,16.311028,14.897989,11.844258,15.40125,19.571611,16.614395,16.160805,20.313623,22.83005,19.841383,21.117838,25.56173,25.089764,25.45668,26.822824,30.650366,29.442982,29.14496,28.530941,23.95381,26.34785,30.644226,27.154194,23.431334,28.75698,29.262037,30.760473,25.671293,22.844492,26.370335,23.796185,21.594019,26.731346,26.160975,22.274832,22.597433,28.009424,25.665495,30.615831,29.608046,27.153124,32.34241,28.896708,31.037395,33.38699,29.353004,26.052011,22.164408,23.506277,17.418964,18.044281,18.03317,19.205652,22.189512,26.517622,22.88115,19.541763,18.768906,17.95106,15.92403,14.396272,9.489571,10.763566,6.015695,8.181044,7.7940984,9.164517,12.538663,11.297507,17.116598,14.103508,19.398659,19.784763,23.390907
15,28.28979,27.38749,23.32522,23.168861,19.50571,20.059523,16.213938,13.874935,9.840256,10.861277,7.983212,10.297294,8.818339,7.5331984,6.5839067,0.0,4.5085745,6.0420074,10.47542,12.551209,16.493597,19.105137,22.898752,20.540794,19.582325,18.714685,13.990265,13.183537,10.641245,12.488024,9.421898,14.832048,15.396736,17.813578,13.767923,9.089493,11.878933,15.669792,12.346688,9.654441,14.821533,16.647934,12.918255,14.186501,18.527962,18.979082,15.876036,19.043764,22.915018,23.28555,22.538988,22.953686,27.161192,26.174063,24.84329,23.481401,19.145288,21.05836,25.84602,23.441723,19.043428,24.565168,25.179293,27.347204,22.682306,19.413757,22.86007,20.50226,17.19499,21.807753,21.783184,18.057558,17.250708,22.416498,19.870705,24.756285,23.418167,20.823664,25.85393,22.463783,24.511433,26.974953,22.892168,19.702105,15.727096,17.559715,11.169711,13.042982,13.631356,15.776217,19.062914,23.253904,20.625679,17.303602,17.585049,15.863053,15.571221,13.384916,9.26717,8.342556,7.777412,5.203563,7.917702,9.989664,10.987556,8.60753,13.276048,8.580973,13.747032,13.460333,17.190725
16,29.350487,29.070639,24.697416,25.419998,21.969511,22.188354,18.865698,17.442015,13.4286995,15.207043,12.479053,14.675364,12.705905,10.661318,7.9298873,4.5085745,0.0,4.538149,6.225474,9.808848,13.195552,15.83874,19.227697,17.749403,17.450798,16.583338,12.835523,11.533854,10.581338,11.546612,11.476505,15.391863,17.544926,18.920403,14.040324,9.7167225,11.174752,14.775964,11.183005,7.726458,12.384641,14.478665,10.378777,10.525957,15.276524,16.054478,12.420979,14.944336,19.1023,19.623276,19.5935,19.556986,24.046005,23.455444,22.5061,21.846882,17.606499,20.315674,24.695425,21.863434,18.506338,24.353174,25.684105,27.503708,22.658623,20.022116,24.297403,22.560295,18.81602,23.218922,24.179052,20.959984,19.413027,24.5193,21.187685,26.169645,24.87635,21.624487,26.479584,22.30263,24.33975,26.274193,22.56709,18.943205,15.344385,16.79879,10.939795,11.405151,12.864884,14.14468,17.498339,21.285564,18.040562,14.69442,14.07113,11.979975,11.592437,10.711358,6.4450235,7.4318986,7.5599627,7.7335052,11.453381,13.921341,15.110085,12.354434,16.92523,11.438354,15.840342,15.24395,18.425564
17,24.973585,24.917105,20.398993,21.531355,18.284939,18.407719,15.62405,14.998812,11.377904,14.370603,12.691817,15.578757,14.789111,13.3957,11.589182,6.0420074,4.538149,0.0,6.3799977,6.551256,10.700137,13.189739,17.226463,14.85937,13.895679,13.482511,9.257238,9.315589,8.62316,11.128474,11.530123,16.597988,18.969923,21.180584,16.857704,12.513515,14.741256,17.39869,12.880016,10.200959,15.219119,15.3820505,10.781729,12.262113,16.843573,15.585981,11.620784,15.818315,19.343508,20.742737,19.978325,18.581463,23.599226,23.420261,21.490257,20.132366,16.380632,18.555332,23.358717,21.707113,17.93223,23.765663,25.148462,27.52533,23.20003,20.289848,24.21825,22.620155,18.197895,21.859354,23.145214,20.101198,17.643887,22.1777,18.85017,23.557978,21.752937,18.39352,22.792292,18.650885,20.28902,22.138308,18.23621,14.733103,11.118982,12.332113,6.4325223,7.5325065,9.441069,11.508804,14.928255,18.564941,16.362146,13.237471,13.934455,11.515053,12.7962,10.818941,8.470344,6.937493,10.053742,7.76137,12.485934,15.133091,14.938911,11.73869,14.97557,8.76265,12.162145,11.350013,14.1354265
18,29.245192,29.858608,25.200676,27.102215,24.12637,23.884617,21.512726,21.371881,17.66357,20.44838,18.2454,20.67063,18.923206,16.718882,13.602277,10.47542,6.225474,6.3799977,0.0,6.1312885,7.928096,10.44281,13.271415,13.034836,13.639856,13.0803585,11.309649,10.096721,11.738051,12.112852,15.434285,18.143198,21.887075,22.624653,17.528532,14.03042,14.437234,16.751125,12.732419,9.610058,12.733951,13.595067,9.200476,8.127681,12.9513035,12.761899,8.062033,10.346152,14.466274,15.940101,16.645601,14.822635,20.066614,20.437037,19.511364,19.579447,16.063154,19.438265,23.230543,20.614704,18.695194,24.621246,26.837566,28.468622,23.88954,21.999605,26.851892,25.924967,21.529522,25.122976,27.30518,24.783298,22.124197,26.68835,22.606962,27.345913,25.920567,21.982128,26.149904,21.153996,22.876001,23.92153,20.878006,16.948399,14.310516,14.973563,10.927354,9.41751,12.233226,12.368908,15.489103,18.23094,14.781106,11.825365,10.336206,7.120943,8.11957,9.413468,7.543471,9.387878,11.609287,12.572436,17.06058,19.825422,20.52968,17.376974,21.188112,15.086852,18.03236,17.04377,19.168545
19,23.589432,24.6386,19.932835,22.56068,20.057104,19.7847,18.413153,19.209745,16.336287,20.074808,18.942093,21.996845,21.334259,19.816483,17.419834,12.551209,9.808848,6.551256,6.1312885,0.0,4.799678,6.699976,11.1375675,9.465992,8.918814,9.578329,7.829315,9.083135,11.231144,13.336649,16.583138,20.615763,24.218073,25.997244,21.550768,17.773344,19.25237,20.964678,16.141937,13.836493,17.67612,16.48273,11.8739805,12.799521,16.942467,13.993793,9.243624,13.873332,16.667936,19.29172,18.876087,15.024964,20.940525,21.904995,19.547203,18.56242,15.966415,18.421755,22.692081,21.820656,19.32925,25.034748,27.203274,29.542297,25.682642,23.409576,27.656906,26.812515,21.808817,24.411234,26.848461,24.538689,20.967491,24.604145,20.70429,24.876886,22.7515,18.7709,22.000801,17.087868,17.993393,18.657644,15.403636,11.666214,9.5372505,8.985877,6.6938806,4.3253603,8.328941,9.176459,12.150652,14.437292,12.800363,10.428682,11.364959,8.239647,11.640543,10.705385,11.057748,9.994049,14.60918,13.338962,18.407873,21.291456,20.654503,17.232286,19.460268,13.279966,14.401183,13.348586,14.337333
20,25.736614,27.38211,22.525814,25.643055,23.554638,22.516642,21.625593,23.326292,20.364887,24.345768,23.240597,25.9895,25.24234,23.311304,21.033773,16.493597,13.195552,10.700137,7.928096,4.799678,0.0,3.630176,6.653826,5.626151,6.767593,7.3392143,8.695565,9.291423,12.99773,13.977549,19.118788,21.793375,26.354212,27.513964,23.089363,19.989288,20.85371,21.62362,16.936768,15.174099,17.832428,15.668735,11.717677,12.22554,15.399162,11.501213,6.9547906,11.383797,13.182492,16.508242,16.258759,11.0214615,17.240454,18.89731,16.59749,16.332396,14.573956,17.438883,20.837635,20.106005,18.94583,24.343397,27.112886,29.112679,25.554401,23.990868,28.576387,28.390747,23.263056,25.309843,28.59841,26.928438,22.928608,26.21061,21.800089,25.69026,23.875315,19.537682,22.278988,16.841066,17.779434,17.716318,15.612367,11.805365,11.024837,10.871819,10.392997,8.3892355,12.4571495,12.501789,14.849409,15.83757,14.320052,12.673323,12.572094,8.981079,12.771586,13.75082,14.388235,14.399608,18.548735,17.938078,22.936361,25.758463,25.293509,21.920452,24.016144,17.756332,18.486742,16.820204,17.39113
21,25.2337,27.27144,22.71693,26.378965,24.574163,23.937027,23.555958,25.171225,22.654549,26.62805,25.634645,28.673412,27.920399,26.20196,23.439354,19.105137,15.83874,13.189739,10.44281,6.699976,3.630176,0.0,5.1427774,6.545408,7.6697836,9.4615755,11.405676,12.714241,16.307467,17.572424,22.444529,25.404984,29.844307,31.08959,26.581266,23.356411,24.155777,25.139017,20.522907,18.59552,21.12561,19.164572,15.309615,15.370171,18.462732,14.596225,10.2682905,13.72675,15.255021,18.903069,19.123999,12.999533,19.312592,21.506706,19.159863,18.980352,17.786777,20.428171,23.63442,23.294666,22.369226,27.609545,30.431448,32.49606,29.087809,27.542809,32.02438,31.82262,26.627031,28.444126,31.73235,30.032833,25.899488,28.843618,24.598587,28.179419,26.057169,21.797789,23.82046,18.528486,18.727966,17.919292,16.060928,12.723336,12.738816,10.894815,12.217534,8.840579,12.387536,11.622883,13.242552,13.267547,12.292042,11.452987,11.834924,8.852062,13.226937,13.943203,15.817245,15.559568,20.189562,19.765062,24.864738,27.848175,27.173769,23.701567,25.555206,19.591776,19.647951,18.495111,18.256014
22,29.213776,31.56764,26.937124,30.720844,29.105759,27.8826,27.6133,29.715673,26.940926,30.983139,29.85313,32.578556,31.634542,29.524893,26.847898,22.898752,19.227697,17.226463,13.271415,11.1375675,6.653826,5.1427774,0.0,6.7189054,9.575563,10.629639,14.356374,14.753583,19.015976,19.22796,25.309294,26.988947,32.13568,32.702744,28.236399,25.67401,25.85136,26.068998,21.873056,20.392324,21.715292,19.27527,16.369072,15.823622,17.710232,13.715545,10.511785,12.397935,12.572033,16.670086,17.382126,10.303509,16.302683,19.235739,17.412794,18.288843,17.911285,20.890501,22.96413,22.494864,23.00393,27.778557,31.088919,32.665207,29.518278,28.712831,33.48088,33.83338,28.717617,30.201109,34.10489,32.90654,28.634085,31.42522,26.812424,30.18785,28.508038,24.08221,25.836378,20.319952,20.722368,19.39983,18.736853,15.570832,16.26219,15.278524,16.675125,13.912633,17.510748,16.47403,17.799196,17.068083,15.869577,15.452125,14.602723,11.651914,15.42326,17.748585,19.34671,20.011395,24.032358,24.207815,29.223078,32.142426,31.777037,28.35188,30.382025,24.24699,24.455044,22.84829,22.680136
23,25.168144,27.324974,22.341034,25.785007,24.353628,22.264603,22.207502,25.28628,22.625416,27.11164,26.6152,29.139116,28.985533,27.032696,25.677656,20.540794,17.749403,14.85937,13.034836,9.465992,5.626151,6.545408,6.7189054,0.0,3.5213332,4.110547,8.820177,9.881518,14.160083,14.946957,20.968939,23.01391,28.035606,29.290625,25.551556,22.986635,24.070774,23.686134,18.924702,18.22162,20.486229,16.497356,13.540902,15.184437,16.947565,10.995415,8.602579,13.573886,13.306349,17.186712,15.664575,9.155089,14.93171,17.090773,13.715697,13.04225,12.923305,15.056518,17.777527,18.530645,18.007057,22.568443,25.622993,27.725605,25.068333,23.896648,28.13331,28.594688,23.29935,24.152266,28.218733,27.381186,22.736942,25.03616,20.463041,23.571281,21.901827,17.47606,19.219927,13.64247,14.401687,13.704566,12.993732,9.635768,10.618391,11.437226,12.683055,12.24021,16.319895,16.849997,18.78838,18.942373,18.682543,17.59276,17.869205,14.404655,18.247665,19.274124,19.849342,19.45658,23.735111,22.333874,27.248648,29.85616,28.942888,25.69949,26.841576,20.711891,20.493845,18.00499,17.983828
24,21.808958,23.896782,18.87744,22.337303,21.05448,18.925074,19.188692,22.54711,20.277092,24.94246,24.876099,27.545898,27.84363,26.236996,25.254955,19.582325,17.450798,13.895679,13.639856,8.918814,6.767593,7.6697836,9.575563,3.5213332,0.0,3.3884528,6.8316236,9.313037,12.919242,14.718341,19.790747,22.759838,27.255846,29.15476,25.69808,22.806551,24.498388,24.33386,19.283262,18.61711,21.68422,17.608328,14.301489,16.740433,18.930157,12.865941,10.403246,16.163311,16.30453,19.913876,17.847256,12.12188,17.555967,19.248943,15.319393,13.52652,13.273586,14.569463,18.060295,19.50635,17.88321,22.420067,25.05856,27.64072,25.155605,23.465937,27.216661,27.423357,22.016865,22.638237,26.419527,25.480028,20.674242,22.633354,18.386843,21.305325,19.218103,14.924731,16.431261,11.03479,11.424476,11.02959,9.630297,6.1642675,7.4904284,8.417851,10.343545,10.7454195,14.626831,15.825842,17.786852,18.226597,18.673576,17.511381,18.680166,15.393406,19.372038,19.305662,19.893234,18.621328,23.283895,21.008041,25.86945,28.391016,27.006287,23.82558,24.317343,18.44259,17.611835,15.03452,14.675948
25,23.947084,25.693964,20.500711,23.36989,21.865383,19.206675,18.94831,22.492338,19.751244,24.36702,24.166267,26.425259,26.690943,24.807348,24.339592,18.714685,16.583338,13.482511,13.0803585,9.578329,7.3392143,9.4615755,10.629639,4.110547,3.3884528,0.0,5.5876846,6.813326,10.827779,11.93754,17.731464,19.932743,24.777664,26.411093,23.159945,20.66511,22.268774,21.572176,16.610476,16.430399,19.221485,14.578605,11.693928,14.657245,16.349989,9.927587,8.338456,14.441672,14.284519,17.583763,14.912545,10.027771,15.013544,16.265642,12.256093,10.386526,9.895208,11.451128,14.917753,16.131378,14.628836,19.18118,21.96479,24.381748,21.882408,20.40307,24.333488,24.782955,19.438892,20.099722,24.171242,23.48428,18.73433,20.974424,16.35651,19.558657,18.020592,13.545805,15.868507,10.201471,11.7695,12.190847,11.037554,7.404743,7.804143,10.708319,10.776803,12.248124,16.319769,17.749182,20.095844,20.981752,20.79084,19.228107,19.785755,16.196781,19.686705,20.162565,19.902561,19.105402,23.141323,20.948591,25.598658,27.924925,26.838938,23.810476,24.586409,18.522692,18.407568,15.29193,15.811442
26,21.864325,22.769625,17.524645,19.533869,17.445297,15.130703,14.013993,17.081997,14.171646,18.78544,18.726797,21.051071,21.627575,20.086447,20.124693,13.990265,12.835523,9.257238,11.309649,7.829315,8.695565,11.405676,14.356374,8.820177,6.8316236,5.5876846,0.0,4.24639,6.3021765,9.232825,13.06329,16.863523,20.736189,23.155043,20.015768,16.90004,19.315498,19.390394,14.151949,13.683777,17.790533,14.053636,10.337879,14.09284,16.81528,11.780646,9.475864,15.934155,17.141066,19.599468,16.872957,14.008389,18.715445,18.944298,15.288263,12.695507,10.438287,11.503661,16.376045,17.01471,13.488128,18.635056,20.578167,23.453083,20.466915,17.999342,21.58491,21.232883,15.861812,17.354607,20.452217,19.014572,14.567314,17.539072,13.305267,17.256636,15.398913,11.1801,14.8678255,9.896397,11.887508,13.773802,10.786513,6.971599,4.276624,8.892798,6.1119046,9.728811,13.341196,15.733426,18.553528,20.592556,20.207027,18.041662,19.141151,15.791113,18.773874,18.022484,17.017096,15.446812,19.30665,16.182772,20.575642,22.722971,21.442322,18.55086,19.228878,13.174704,13.57506,10.285662,11.886104
27,26.018938,26.719511,21.495708,23.026,20.662231,18.19927,16.319479,18.935713,15.278528,19.411215,18.741606,20.46411,20.546515,18.414625,18.714222,13.183537,11.533854,9.315589,10.096721,9.083135,9.291423,12.714241,14.753583,9.881518,9.313037,6.813326,4.24639,0.0,4.6097045,5.465962,11.2217655,13.511587,18.178814,19.844189,16.538778,13.950142,15.908545,15.441802,10.264224,10.226573,13.847862,9.813407,6.2659664,10.563817,12.869906,8.360357,6.820669,13.0061,14.266894,16.10554,13.201593,11.907486,16.004265,15.644939,12.693062,10.825349,7.385622,9.679473,14.230644,13.532885,10.33144,15.959672,18.209862,20.55784,17.072319,14.990601,19.316462,19.22285,14.05201,16.22032,19.580515,18.291584,14.340337,18.103443,13.4184065,17.88941,16.936155,12.74281,17.22373,12.241315,15.045034,17.03455,14.655269,10.90189,8.437134,12.916116,9.034406,12.153202,15.86835,17.882212,20.951895,23.182188,21.859577,19.391777,19.436865,15.839631,18.078783,18.420067,16.469076,16.064072,18.818575,16.562384,20.64421,22.624058,22.123009,19.40673,21.011183,14.817404,16.50281,13.213319,15.6367655
28,25.608698,25.579838,20.549686,21.051083,18.335962,15.961653,13.173681,15.374137,11.432913,15.352433,14.898414,16.28546,16.87627,15.036214,16.515106,10.641245,10.581338,8.62316,11.738051,11.231144,12.99773,16.307467,19.015976,14.160083,12.919242,10.827779,6.3021765,4.6097045,0.0,4.619982,6.9205565,10.916993,14.441993,17.030468,14.281244,11.333992,14.33667,14.311688,9.252708,9.468974,14.114488,11.023116,7.8526998,12.469622,15.031554,11.977657,10.79204,16.317438,18.096014,19.207333,16.133413,16.267017,19.735191,18.634304,15.89951,13.44289,9.520797,10.603637,15.741535,14.950778,9.988963,15.510589,16.760738,19.500496,15.844037,12.780349,16.507538,15.673223,10.582429,13.595665,15.945669,14.060819,10.608707,15.137922,11.015442,15.968689,15.104892,11.622345,16.949738,13.052822,16.057846,18.891727,15.848294,12.600194,9.164444,14.123056,8.757247,13.270706,16.158777,18.837269,22.07532,24.986431,23.68641,20.913538,21.340563,18.106955,19.771507,19.179699,16.459835,15.472071,17.554396,14.352031,17.722843,19.25607,18.642057,16.34101,17.751003,12.003782,14.409133,11.004974,14.479817
29,29.992176,30.120953,25.034544,25.586163,22.913963,20.301912,17.478556,19.526217,15.324598,18.600634,17.547953,18.20789,18.121723,15.5476465,17.13226,12.488024,11.546612,11.128474,12.112852,13.336649,13.977549,17.572424,19.22796,14.946957,14.718341,11.93754,9.232825,5.465962,4.619982,0.0,7.813567,8.107466,13.298168,14.479327,11.561134,9.833482,11.851924,10.5425825,5.545068,7.1069393,10.485126,6.5624704,4.689137,9.718057,11.177666,9.07236,9.386572,13.819498,15.265482,15.623219,12.291857,14.251804,16.691969,14.969448,13.167878,11.722994,7.0536003,9.403644,13.539715,11.160841,6.997861,12.919262,14.753885,16.651354,12.431174,10.220937,15.086031,14.946409,10.377041,13.716601,16.679106,15.424032,12.616156,17.284649,12.783009,17.686487,17.75622,14.25354,19.617844,15.466632,18.910345,21.49359,19.189316,15.772488,12.931513,17.816402,12.772724,16.340246,19.565943,21.69332,24.984911,27.716494,25.769447,22.94281,22.372383,18.927223,20.032362,20.764278,17.52756,17.839142,18.965736,17.043985,20.109774,21.49514,21.708736,19.581114,21.737757,16.054441,18.936453,15.624284,19.023176
30,29.32156,28.346952,23.875622,22.91459,19.76495,17.952063,13.876302,14.289641,9.980876,11.957779,11.123554,10.916779,11.812125,10.067062,13.904707,9.421898,11.476505,11.530123,15.434285,16.583138,19.118788,22.444529,25.309294,20.968939,19.790747,17.731464,13.06329,11.2217655,6.9205565,7.813567,0.0,7.4076195,8.15021,11.839185,10.170264,7.3954005,11.521751,12.114673,8.788557,9.48827,14.118976,13.14679,11.334513,15.159973,17.49695,16.83251,16.196466,20.323093,22.651419,22.585896,19.729597,21.911364,24.455938,22.41527,20.646473,18.437351,14.129226,14.699805,19.331284,17.490776,11.807266,16.38191,16.213177,18.678095,14.571875,10.667693,13.495815,11.290014,7.8419833,12.828639,12.901663,9.86452,9.284038,14.932798,12.357215,17.31703,17.22727,15.231645,21.002337,18.44696,21.576454,24.935926,21.629753,18.866337,15.136238,19.715479,13.526777,18.027649,19.85992,22.720337,26.064604,29.684322,27.885021,24.76175,24.96245,22.232828,22.704382,21.743893,17.810215,17.054878,17.078014,13.78221,15.171854,15.617584,15.739388,14.578387,16.504395,12.365198,16.255066,13.617493,17.994356
31,35.674774,35.047966,30.337458,29.632284,26.747993,24.184475,20.5092,21.596083,17.376057,18.926252,17.634022,16.408382,16.325108,13.608997,17.460604,14.832048,15.391863,16.597988,18.143198,20.615763,21.793375,25.404984,26.988947,23.01391,22.759838,19.932743,16.863523,13.511587,10.916993,8.107466,7.4076195,0.0,6.426146,6.6588864,6.2944274,7.5566072,9.560166,6.874341,6.1448665,9.318056,11.014764,9.709108,10.858784,14.200657,14.434486,15.326891,16.657133,19.207346,20.73077,19.479506,16.25482,20.908445,21.607098,18.581745,18.165703,17.064795,12.757475,13.844169,16.695238,13.091731,8.797041,12.337132,12.431534,13.357955,8.353065,5.6922956,10.280801,9.613572,7.9692135,12.757334,13.94491,12.795699,12.857053,17.940065,14.816849,19.380527,20.644033,18.544817,24.29543,21.462013,25.211985,28.377766,26.035852,23.063282,19.949627,25.023617,19.262407,23.19642,25.724813,28.042953,31.451262,34.724,32.34232,29.225107,28.310272,25.25758,25.225786,25.94333,21.605925,22.344753,21.514029,19.87635,21.078115,21.325037,22.399155,21.408897,23.846682,19.585356,23.398611,20.376251,24.49411
32,36.687332,35.322994,31.166773,29.42825,26.385355,24.409914,20.19266,20.074095,16.357931,16.341988,15.2698,12.739167,13.329494,11.53441,17.082264,15.396736,17.544926,18.969923,21.887075,24.218073,26.354212,29.844307,32.13568,28.035606,27.255846,24.777664,20.736189,18.178814,14.441993,13.298168,8.15021,6.426146,0.0,5.48539,7.9994817,8.924417,11.775653,11.144892,11.461016,13.394126,15.750832,15.966566,16.343142,19.351377,20.295986,21.469475,22.105978,24.79875,26.84551,25.544584,22.648277,27.014297,28.015665,24.985867,24.372269,22.738287,18.573545,18.854393,22.086,19.198996,14.308363,16.77945,15.356036,16.582375,12.597023,9.326996,10.616457,7.820999,8.954156,14.059889,12.51958,10.315856,12.9640465,17.993425,16.562906,20.706184,21.941309,20.941587,26.695383,24.88046,28.39211,31.975954,29.09717,26.523682,23.01702,27.841507,21.669575,25.952324,27.641226,30.315527,33.692112,37.465706,35.185337,31.92764,31.470457,28.873484,28.475494,28.184717,23.54189,23.6891,22.031115,19.817331,19.4783,18.743263,19.961191,19.992926,22.140614,19.483654,23.63611,21.217476,25.659557
33,41.08282,40.01648,35.61948,34.319496,31.228632,29.177294,25.074696,25.00229,20.976452,21.032503,19.279165,16.837778,16.181377,13.615464,18.245295,17.813578,18.920403,21.180584,22.624653,25.997244,27.513964,31.08959,32.702744,29.290625,29.15476,26.411093,23.155043,19.844189,17.030468,14.479327,11.839185,6.6588864,5.48539,0.0,5.610021,9.265284,9.978353,8.072465,10.853498,13.159097,13.483086,14.756564,16.352695,18.339077,18.30556,21.02659,22.270365,23.585386,25.483418,23.362564,20.996319,26.579285,26.750864,23.371412,23.93117,23.33476,19.154219,20.22649,22.418165,18.178274,14.929988,17.038939,16.225489,16.033974,11.4863825,10.028778,12.518656,11.176591,12.542697,17.271292,16.784172,15.420409,17.483297,22.416248,20.3098,24.480711,26.04809,24.564098,30.330914,27.919125,31.637732,34.925186,32.397285,29.460453,26.122938,30.901852,24.743982,28.382858,30.417736,32.60243,36.023018,39.644497,36.768562,33.492146,32.208355,29.573147,28.646595,29.441223,24.548302,25.786457,23.494287,22.644037,22.468235,21.938845,23.932137,23.737951,26.705366,23.479565,27.905792,25.448254,29.81903
34,38.94583,38.175648,33.61665,32.953274,29.661818,28.08864,24.020134,23.593426,19.185396,19.647295,17.208143,15.714458,14.03912,10.748592,13.922459,13.767923,14.040324,16.857704,17.528532,21.550768,23.089363,26.581266,28.236399,25.551556,25.69808,23.159945,20.015768,16.538778,14.281244,11.561134,10.170264,6.2944274,7.9994817,5.610021,0.0,4.680306,4.432196,4.265213,6.7745275,8.081832,8.565421,11.457249,12.221525,13.363946,14.136476,17.57677,17.99112,18.855816,21.440989,19.460236,17.998047,22.965607,23.996943,21.147394,21.8661,21.73375,17.148088,19.26324,21.926743,17.1908,14.294208,18.08661,18.395983,18.5513,13.261031,11.690717,15.808633,14.505379,13.767269,18.894548,19.247631,17.202564,18.056429,23.494524,20.574968,25.338701,26.206944,23.920374,29.719606,26.46081,29.958263,32.85402,30.115465,26.771126,23.335,27.51372,21.29733,24.144503,26.236132,28.01266,31.414913,34.97998,31.737852,28.46202,26.852285,24.3084,23.145554,24.278395,19.36382,21.15993,18.787262,18.784798,19.277826,19.42645,21.723677,20.907417,24.69898,20.67144,25.373354,23.219479,27.454885
35,35.020195,34.214226,29.743042,29.211998,25.784733,24.729254,20.615618,19.72172,15.236559,15.875638,13.222889,12.529351,10.728761,7.3439775,10.077271,9.089493,9.7167225,12.513515,14.03042,17.773344,19.989288,23.356411,25.67401,22.986635,22.806551,20.66511,16.90004,13.950142,11.333992,9.833482,7.3954005,7.5566072,8.924417,9.265284,4.680306,0.0,4.3377805,7.2470975,6.2087326,5.6324244,8.957316,11.684135,10.5435095,11.95295,14.309531,16.7685,15.958952,17.721418,20.907537,19.748201,18.476553,21.943138,24.180176,21.957624,21.882797,21.26894,16.517416,18.685537,22.300146,18.329365,14.579716,19.356806,19.814186,20.863077,15.678891,13.168822,17.24192,15.396757,13.438458,18.738846,18.981544,16.16894,16.459654,22.105742,19.164871,24.18301,24.34266,21.867859,27.608784,24.214983,27.366863,30.194893,27.011688,23.63295,19.94406,23.64258,17.240158,19.961948,21.767925,23.647478,27.047419,30.782383,27.684645,24.364317,23.207747,20.797607,19.847145,20.196062,15.324602,16.639761,14.569772,14.140138,15.006503,15.551462,17.625322,16.476982,20.48196,16.235624,21.091772,19.301617,23.506453
