,0,1,2,3,4,5,6,7,8,9,10,11,12,13,14,15,16,17,18,19,20,21,22,23,24,25,26,27,28,29,30,31,32,33,34,35,36,37,38,39,40,41,42,43,44,45,46,47,48,49,50,51,52,53,54,55,56,57,58,59,60,61,62,63,64,65,66,67,68,69,70,71,72,73,74,75,76,77,78,79,80,81,82,83,84,85,86,87,88,89,90,91,92,93,94,95,96,97,98,99,100,101,102,103,104,105,106,107,108,109,110,111,112
0,0.0,4.3108997,5.9779387,9.669598,12.24957,13.670168,17.959082,21.203846,24.914099,27.788471,31.076704,33.570564,37.38172,37.944557,38.75946,35.403385,38.408726,34.843037,38.653633,37.100384,41.010777,42.047398,42.682964,44.395977,42.90483,42.768982,40.390903,40.298862,37.294052,40.65202,36.75802,43.681744,41.592693,46.56122,44.886436,48.29377,46.20565,43.583553,39.857883,36.786716,34.339836,30.989956,27.37295,24.968828,22.86337,17.2517,18.136278,14.154494,9.846342,14.030284,17.6286,15.067086,15.334243,19.46693,22.124546,23.464544,22.329264,26.263536,27.896914,32.43953,31.652203,35.013775,35.622646,39.687653,40.176773,40.796215,43.91755,44.11841,45.140015,46.44431,41.163395,40.480423,34.855953,38.46939,34.103912,36.888603,35.054783,30.180796,33.36087,27.860487,29.180666,28.218624,26.147844,22.82036,22.820314,18.778524,18.772436,14.00001,14.309384,12.324195,15.664089,19.259628,20.251814,17.997496,21.503077,23.241367,22.398987,22.269606,25.87402,26.958538,25.747284,26.489122,29.255426,31.53249,30.635635,30.407085,29.937923,29.579056,26.957458,26.306356,27.436438,24.836218,27.697918
1,4.3108997,0.0,5.3136306,6.8134146,9.288281,12.095173,15.046102,19.396873,22.558887,26.156952,28.983644,32.08762,35.343475,35.555862,36.1569,32.460888,35.1978,31.420477,34.995148,33.28078,37.063007,38.017735,38.531406,40.17879,38.636093,38.51538,36.253925,36.255848,33.37943,36.85869,33.199787,40.13439,38.507145,43.444614,42.08849,45.557987,43.71699,41.281273,37.378372,34.151653,32.093773,28.278374,25.352575,22.370687,21.309492,15.565181,17.15688,13.831626,10.303704,15.050839,17.77822,15.528719,17.034216,20.8596,23.063232,23.969973,22.237694,25.717882,26.96923,31.516294,29.88224,33.18392,33.456993,37.64763,37.760456,37.930294,41.052177,41.140865,41.844524,43.217712,37.703346,37.129856,31.764078,35.582355,31.450487,34.560215,33.059597,28.360184,32.116413,26.741493,28.576967,28.209465,25.689596,22.011408,21.276226,17.954401,16.607857,11.95592,11.134807,8.460138,11.697865,15.549935,16.058573,14.065747,18.082262,19.432598,18.354906,18.853037,22.596867,23.238504,22.21865,23.564411,26.185219,27.988544,27.03674,26.747255,25.965382,25.677454,22.765604,22.43956,23.411488,21.076435,23.99908
2,5.9779387,5.3136306,0.0,5.314034,7.001821,8.094386,12.398189,15.257176,19.067152,21.844845,25.160376,27.65293,31.440763,32.017097,33.017803,29.744656,32.95937,29.633558,33.679787,32.5,36.578976,37.976074,38.76482,40.87289,39.537846,39.275272,36.38705,36.002037,32.71245,35.8227,31.639029,38.485306,36.05,40.941692,39.14176,42.56058,40.494522,37.81234,34.20542,31.086279,28.772795,25.398026,21.779284,19.58368,17.384796,12.605107,12.86428,10.020845,5.79801,11.110651,13.4526615,10.244637,12.23519,16.326311,17.97006,19.099575,17.146114,21.00525,22.25929,26.712076,25.733988,29.041409,29.671085,33.793274,34.450333,35.16859,38.49907,38.987457,40.188454,41.85818,36.58806,35.507988,29.946686,33.162586,28.676899,31.365738,29.419388,24.632492,27.87865,22.408657,23.951515,23.308819,21.20957,17.613346,17.652138,13.765408,13.841804,9.444113,9.681987,8.819946,11.742152,14.592824,16.817932,14.363886,16.513115,18.99926,19.31898,18.370157,21.078064,22.8824,22.513714,22.514925,24.805376,27.267044,27.192371,27.547064,26.887947,25.90433,23.642704,21.842722,23.20356,20.12619,23.063253
3,9.669598,6.8134146,5.314034,0.0,3.7878118,6.0300097,8.972814,13.290309,16.076576,20.081219,22.54257,26.060873,28.944653,29.232698,29.522272,26.04837,28.875797,25.273685,29.181417,27.721111,31.815327,33.025116,34.019592,36.037205,34.925926,34.886845,31.729548,31.873499,28.710348,31.966738,28.12314,34.9004,33.180996,37.769253,36.512714,40.111046,38.5521,36.06144,32.39937,28.91626,27.499287,23.293861,20.8985,18.07283,17.40705,13.509665,14.034865,12.935582,9.963435,15.257483,16.337667,12.647823,16.184916,20.10969,20.698769,21.597773,18.516844,22.00305,22.34209,26.328157,24.39708,27.22364,27.125036,31.11625,31.043262,31.356176,34.378918,34.539967,35.493683,36.970024,31.624935,30.820162,25.267452,28.909704,24.68701,27.754782,26.312029,21.650946,25.66729,20.433859,22.649082,22.898066,19.91197,16.021759,14.741045,12.103074,9.916585,5.571512,4.6570992,4.1271167,7.3786764,10.777372,12.551637,9.284116,11.947204,13.984238,14.207724,13.116105,16.235735,17.70021,17.211374,17.5349,19.880526,22.136988,21.88745,22.252913,21.66058,20.688425,18.782927,17.126102,18.921757,16.325281,19.797764
4,12.24957,9.288281,7.001821,3.7878118,0.0,5.582564,5.781903,10.732045,13.421089,17.449242,19.905233,23.417784,26.236082,26.29299,27.031227,23.306385,26.283094,22.798674,26.731737,25.600624,29.665064,31.214159,32.003056,34.31099,33.073643,32.770157,29.593662,29.177832,25.832207,28.933262,24.853357,31.681005,29.68612,34.45008,33.051777,36.595528,34.941105,32.48963,28.734274,25.306507,23.794136,19.604494,17.258703,14.290251,14.007156,10.444007,11.231157,11.083777,9.592083,14.295941,14.370273,11.770257,15.845293,18.97267,19.274214,19.616184,16.38578,19.209837,19.443155,23.607054,21.162682,24.227325,24.278423,28.58312,28.742239,28.870766,32.31963,32.825287,33.717262,35.708275,30.14996,28.943798,23.775892,27.01261,22.790823,25.905428,24.420456,20.029078,24.185064,19.112047,21.569864,22.091255,19.363737,15.289943,14.046956,11.978138,9.594333,6.691895,4.125762,4.5790687,5.7370706,7.7950253,10.843868,8.553137,9.690359,12.422805,13.700899,12.774421,14.731491,16.555788,17.254412,17.4392,19.057144,20.976278,21.521257,22.281492,21.102175,19.670036,17.464935,14.971078,16.424593,13.286609,16.521816
5,13.670168,12.095173,8.094386,6.0300097,5.582564,0.0,7.1069894,8.21917,11.737411,14.808525,17.71117,20.68127,24.050959,24.87679,25.4225,22.670153,26.054525,23.141642,27.630405,26.871145,31.285503,32.973854,34.414536,36.922688,36.190815,36.068394,32.09907,31.953129,28.379747,31.083746,26.732855,33.185886,30.602024,34.909748,33.22963,36.7996,35.134083,32.361847,29.19724,25.77222,24.401695,20.63916,17.782698,16.148432,14.3682375,12.994348,11.382449,12.256059,9.864736,14.445611,14.276993,8.975829,13.781376,17.630857,16.729134,17.90251,13.907755,17.797142,17.571177,21.00391,19.826206,22.325146,22.443356,26.181541,26.647242,27.735292,30.860561,31.461533,33.09697,34.836708,29.976158,28.577723,22.766323,25.580767,20.917488,23.381521,21.397251,16.56314,20.039587,14.666324,16.712132,16.9577,14.134947,10.186804,9.687285,6.5493712,6.460447,4.087108,5.9809766,8.758748,10.332027,11.616727,15.221476,11.691231,11.000773,14.463555,16.53502,13.346377,14.627564,17.76127,18.07932,16.34038,18.112623,21.325386,22.23706,23.434174,23.167696,21.36388,20.664248,17.190578,19.620232,16.38736,19.824078
6,17.959082,15.046102,12.398189,8.972814,5.781903,7.1069894,0.0,6.81211,8.073931,12.860407,14.590376,18.701403,20.838402,20.648329,21.389313,17.561895,20.67393,17.442276,21.618492,20.991407,25.199545,27.177582,28.177177,30.923386,29.966555,29.560759,25.734142,25.05891,21.42389,24.15748,19.837145,26.476488,24.326555,28.870476,27.552399,31.176722,29.783037,27.38554,23.770891,20.128126,19.357021,14.718498,13.439294,10.560083,11.620213,11.047053,11.024622,13.429407,13.479154,17.183203,15.60635,13.314729,18.291294,20.627104,19.605354,19.47258,15.331237,17.186357,16.325779,19.83838,16.450829,19.12659,18.798975,23.183777,23.235237,23.203022,26.895557,27.704554,28.674028,31.137436,25.589277,23.896364,19.054846,21.761818,17.584715,20.759048,19.43248,15.530674,20.101765,15.628288,18.645859,20.04728,17.224396,13.191594,11.338225,11.226621,7.965381,8.369022,5.813822,8.420938,6.9413033,5.412944,10.236703,8.470718,5.4037013,9.470447,12.825129,10.858849,10.546326,13.38091,15.613898,14.887888,15.37244,17.17361,18.990892,20.525835,19.090055,16.817127,15.448451,11.127549,13.005331,9.404103,12.775696
7,21.203846,19.396873,15.257176,13.290309,10.732045,8.21917,6.81211,0.0,4.854765,6.8004375,9.978302,12.7815,16.190422,17.036545,18.515093,16.080446,20.09899,18.1987,22.986818,23.365461,27.759624,30.214697,31.701645,34.868477,34.339607,33.858757,29.334963,28.306265,24.3502,26.188488,21.31769,27.202433,23.62079,27.736425,25.609114,29.09332,27.373098,24.478062,21.710175,18.366405,17.353878,14.00327,11.49866,11.31824,9.793094,12.814627,9.953242,14.124532,14.5130005,17.039837,14.411412,11.110428,16.43127,18.32477,15.612149,15.748279,10.674043,12.812851,11.035512,13.724173,11.789939,14.123961,14.496481,18.59277,19.83035,21.18795,25.043753,26.549234,28.531822,31.24815,26.590355,24.151115,19.140873,20.377321,15.5949545,17.53964,15.139976,11.058886,14.442318,9.850015,12.509619,13.869949,11.840682,8.256523,8.24674,8.3349285,8.743885,10.812115,11.01778,14.34217,13.663273,11.855172,16.874578,14.73804,10.114483,14.569806,18.69613,14.995936,12.915017,17.358534,19.75129,16.85267,16.741526,19.730553,22.538206,24.701973,23.90425,21.102825,21.078959,15.644271,17.931513,14.15007,16.748945
8,24.914099,22.558887,19.067152,16.076576,13.421089,11.737411,8.073931,4.854765,0.0,6.134349,6.6031146,11.402918,12.952726,13.253849,14.05004,11.334177,15.276456,13.522686,18.39671,19.04646,23.445429,26.042135,27.760445,31.077309,30.858889,30.456575,25.494753,24.65489,20.724377,22.304398,17.65096,23.15693,20.073475,23.720863,22.12705,25.79286,24.702166,22.080183,19.432503,15.721676,16.183008,12.058094,11.913162,11.433284,12.257874,15.932885,13.90883,18.311811,18.971216,21.603512,18.73514,15.964054,21.279404,22.94009,20.004503,19.80618,14.739117,15.70418,12.9826765,14.379708,10.828073,12.0059395,11.1067,15.18334,15.617556,16.492296,20.386278,21.923082,23.784634,26.74806,22.077,19.417248,14.781204,15.731682,11.132407,13.487468,11.720078,8.479331,12.994227,9.791028,13.234281,15.794292,13.282298,10.292004,8.645086,11.2124815,9.614834,13.08901,12.609002,16.064104,14.511824,11.8011265,16.384813,14.626441,8.608571,12.627021,17.455763,13.550025,9.80999,14.548924,17.794334,14.642786,13.48156,16.069637,19.655825,22.229029,21.32794,18.147787,18.93459,12.879156,15.481655,12.285894,14.809698
9,27.788471,26.156952,21.844845,20.081219,17.449242,14.808525,12.860407,6.8004375,6.134349,0.0,4.9106054,5.98913,10.036261,11.623582,14.169868,13.205759,17.673187,17.391909,22.149239,23.630688,27.79563,30.74521,32.451496,36.022648,35.858234,35.217068,30.224182,28.709063,24.667381,25.456835,20.457659,25.103752,20.46036,23.8412,21.159666,24.418776,22.702507,19.582876,17.85971,14.9411,14.6111765,12.659859,10.987888,13.0239315,11.615827,17.348684,13.924127,19.041496,20.281546,21.630276,18.039257,15.707368,20.480803,21.217472,17.201801,16.877262,11.869867,12.130026,8.509965,8.459702,6.7954245,7.7361097,8.67777,12.5752325,15.11495,17.39718,21.5779,23.964422,26.55059,29.851786,26.005264,22.754646,18.708366,17.988495,13.485909,14.008052,10.949073,8.594106,10.352975,8.007544,10.2761965,12.488067,11.828175,10.193778,11.022923,12.756303,13.998469,17.132685,17.507734,20.921856,19.753767,17.026468,22.021166,20.41308,14.641688,18.746218,23.549818,19.480206,15.665228,20.543972,23.71258,19.882523,18.574364,21.479753,25.385176,28.107992,27.350183,24.075598,24.922552,18.741873,20.90073,17.398426,19.034122
10,31.076704,28.983644,25.160376,22.54257,19.905233,17.71117,14.590376,9.978302,6.6031146,4.9106054,0.0,6.1577024,6.4090023,7.5514545,9.276484,8.738779,13.1481,13.547907,18.19386,20.066656,24.09399,27.13468,29.126219,32.786583,33.001995,32.484173,27.084723,25.851133,21.964891,22.354263,17.775171,21.666985,17.594986,20.175196,18.139908,21.596132,20.725914,17.974068,16.58795,13.365156,14.90828,12.333592,13.16092,14.589374,15.152986,20.71452,18.035624,23.118124,24.312124,26.072308,22.518435,20.203524,25.177076,26.045128,22.109957,21.666492,16.747246,16.478891,12.625822,11.385128,8.048132,6.5553656,4.876961,8.724242,10.404925,12.500505,16.724037,19.275587,21.88188,25.418764,21.826025,18.309444,14.92444,13.407219,9.322589,9.73885,7.3269978,6.8952413,9.585013,9.338546,12.1734085,15.40364,14.0454645,12.814838,12.205028,15.499869,15.243452,19.187902,19.16547,22.665934,20.986774,17.853035,22.277477,20.890146,14.57372,17.962896,23.038511,18.892187,14.044471,18.801088,22.453314,18.452211,16.248549,18.703545,23.191751,26.214613,25.4874,22.000145,23.663174,17.310204,19.650372,16.922968,18.400667
11,33.570564,32.08762,27.65293,26.060873,23.417784,20.68127,18.701403,12.7815,11.402918,5.98913,6.1577024,0.0,6.3183227,9.080024,12.747341,13.708271,17.97472,19.196373,23.510324,25.799755,29.569136,32.800488,34.623013,38.4132,38.530457,37.77529,32.57768,30.719551,26.795786,26.674545,21.886572,25.090544,19.651463,22.013237,18.800138,21.57422,19.886099,16.64651,16.393684,14.393655,14.7244625,14.54724,13.719022,16.91898,15.615128,22.266727,18.692657,24.008924,25.642576,26.281124,22.296465,20.579292,24.803768,24.775421,20.141357,19.554296,15.263728,14.206263,10.040552,6.388491,6.4616804,3.946742,6.182449,8.672017,13.015925,16.239737,20.382492,23.522959,26.576487,30.2449,27.319235,23.5609,20.639278,18.245735,14.631682,13.530052,10.261872,10.522715,9.710436,10.496594,11.532764,13.881881,14.545861,14.449514,15.673406,17.842789,19.488401,22.931973,23.428522,26.865643,25.522768,22.460804,27.339396,26.009443,19.921923,23.686544,28.697268,24.521328,20.02356,24.86218,28.338957,24.076006,22.134848,24.835058,29.280058,32.28084,31.588608,28.121487,29.477484,23.110239,25.073061,21.90024,22.849613
12,37.38172,35.343475,31.440763,28.944653,26.236082,24.050959,20.838402,16.190422,12.952726,10.036261,6.4090023,6.3183227,0.0,3.8051856,7.096455,9.527842,13.089875,15.503852,19.205336,22.031221,25.373837,28.687025,30.743593,34.59494,35.143982,34.50126,28.979769,27.379406,23.782629,23.043547,18.98446,20.878315,16.202824,17.2278,14.894965,17.841803,17.444359,14.875459,15.186348,13.014241,15.684998,14.803317,16.603367,18.926977,19.66389,26.00729,23.25243,28.583189,30.19719,31.385323,27.440119,25.719341,30.345541,30.565868,26.192568,25.459913,21.05756,19.725119,15.573175,12.280206,9.719641,5.206046,2.4341583,3.0702534,7.3556676,10.439146,14.641938,18.200117,21.193134,25.240683,22.800684,18.736696,17.20722,13.571057,11.3320875,9.686067,7.889673,10.849488,11.019108,13.519814,15.313599,18.579502,18.205236,18.086983,17.876457,21.34936,21.433935,25.533579,25.52425,28.976921,27.088268,23.634506,27.846645,26.865463,20.436687,23.347256,28.48204,24.471443,19.15495,23.525972,27.467096,23.293406,20.459639,22.37135,27.324715,30.5646,29.837448,26.24299,28.356346,22.054066,24.009087,21.758568,22.413502
13,37.944557,35.555862,32.017097,29.232698,26.29299,24.87679,20.648329,17.036545,13.253849,11.623582,7.5514545,9.080024,3.8051856,0.0,5.904645,7.086538,10.346851,13.060884,16.27982,19.403358,22.419252,25.904686,27.663744,31.601833,32.053185,31.260452,25.90539,23.96745,20.46027,19.438068,15.532891,17.086668,12.552098,13.627161,11.621927,14.889687,14.92438,12.770782,12.69075,10.283959,14.023019,12.752608,15.938324,17.743,19.689808,25.788671,23.718235,29.017563,30.946028,32.216976,28.202894,27.112343,31.846737,31.933626,27.976473,26.887339,22.616705,20.81328,16.844952,14.394315,10.114346,6.478866,3.128843,5.379602,7.4367156,8.425799,13.48839,17.161978,19.442095,24.0079,21.079897,16.838785,16.32161,12.653896,11.210096,10.564394,9.967286,12.845173,14.246424,16.151674,18.425764,21.728107,20.9534,20.24796,19.436985,23.032568,22.194431,26.221254,25.563375,28.754997,26.434484,22.615007,26.511198,26.163383,19.713062,22.211596,27.34818,24.014029,18.466555,22.302652,26.738367,23.252949,20.074108,21.082266,26.234512,29.455294,28.270414,24.660398,26.523039,20.343527,21.828026,19.92093,20.077312
14,38.75946,36.1569,33.017803,29.522272,27.031227,25.4225,21.389313,18.515093,14.05004,14.169868,9.276484,12.747341,7.096455,5.904645,0.0,5.448948,7.15446,10.410471,13.501933,16.387012,19.501799,22.595194,25.16469,28.865696,29.968315,29.721636,23.740543,23.175507,20.079805,19.299835,16.444626,17.574787,15.378294,15.191554,15.094336,18.410896,19.579811,18.019377,17.789598,14.969819,19.164927,16.574165,20.187922,20.954576,23.384684,28.660612,26.765053,31.756292,32.92958,35.03125,31.48712,29.261602,34.35963,35.280197,31.340616,30.758232,25.977932,25.153399,21.17742,18.87171,15.007044,11.507593,7.208107,6.4119053,2.91998,3.6362567,7.9478197,11.381152,14.103032,18.317276,15.983754,11.837487,11.550106,7.012357,6.9426584,6.0441103,7.644337,11.527619,13.716698,16.214287,18.856028,22.712635,20.946032,20.42112,18.601433,23.083605,21.355795,25.868067,25.40753,28.75376,26.521887,23.138546,26.264547,25.375721,19.17236,20.84179,25.720858,21.938894,16.257893,19.772518,23.826235,19.99596,16.422367,17.398376,22.571499,25.926952,25.351873,21.806278,24.905436,19.12842,21.355623,20.38623,21.25978
15,35.403385,32.460888,29.744656,26.04837,23.306385,22.670153,17.561895,16.080446,11.334177,13.205759,8.738779,13.708271,9.527842,7.086538,5.448948,0.0,4.5043793,6.030381,9.875159,12.5345545,16.006006,19.296156,21.329874,25.130575,25.726376,25.28273,19.554749,18.610807,15.189144,15.007956,11.652742,14.347124,12.653207,14.123112,14.252757,18.026615,18.867113,17.407276,15.77949,12.230733,16.41585,12.603845,16.989307,16.756376,20.284212,24.839058,23.73876,28.482767,29.873325,32.1575,28.732126,27.11052,32.289753,33.214363,29.93653,29.07633,24.40042,23.467571,19.901928,19.032179,13.747743,11.891128,8.116137,10.461777,8.291407,6.040978,10.973428,13.406388,14.658772,19.105875,14.9242735,10.943683,10.348062,8.156753,7.1659374,9.23566,10.433611,12.249441,16.060213,16.78956,20.025997,23.65128,21.450773,19.878344,17.543133,21.695965,18.966415,23.087059,21.810019,24.7812,22.14578,18.45677,21.375122,21.139652,14.982444,16.438984,21.376514,18.483494,12.765097,15.839385,20.5309,17.81427,14.263561,14.307932,19.545406,22.741873,21.414421,17.819592,20.11177,14.246155,16.064753,15.162365,15.883362
16,38.408726,35.1978,32.95937,28.875797,26.283094,26.054525,20.67393,20.09899,15.276456,17.673187,13.1481,17.97472,13.089875,10.346851,7.15446,4.5043793,0.0,4.633902,6.3949227,9.666767,12.459729,15.760668,18.053154,21.826015,22.87356,22.632,16.6416,16.326271,13.598084,12.969122,11.243207,12.37483,12.932647,13.044952,14.778182,18.330156,20.159883,19.433826,18.006382,14.772426,19.590422,15.712264,20.821651,20.073092,24.276426,28.35161,27.715513,32.247227,33.547066,36.07778,32.787804,31.177177,36.41665,37.46846,34.34331,33.458702,28.805113,27.833654,24.333769,23.415113,18.031029,16.003874,12.103012,13.26703,9.651297,5.078573,8.860721,10.776052,10.915441,15.817987,11.611243,7.4503355,9.535623,7.1316466,8.8372135,10.955084,13.365721,15.689817,19.519104,20.631754,23.901047,27.677862,25.191908,23.670568,20.85904,25.273495,21.84986,25.973831,24.41853,27.136337,24.29714,20.713116,22.689686,22.80045,17.20948,17.555975,22.012957,19.710207,14.156102,15.996163,20.729406,18.649601,14.709769,13.434279,18.700989,21.871159,20.472303,17.049728,19.904001,14.907857,16.454075,16.749773,17.187826
17,34.843037,31.420477,29.633558,25.273685,22.798674,23.141642,17.442276,18.1987,13.522686,17.391909,13.547907,19.196373,15.503852,13.060884,10.410471,6.030381,4.633902,0.0,4.9934855,6.626472,10.582895,13.61736,15.807848,19.437422,20.147615,20.051685,14.040915,14.292485,11.317587,12.129964,10.209741,13.445026,14.641675,16.135912,17.68432,21.393488,22.715754,21.813135,19.464886,15.761337,19.863739,14.972809,19.85373,18.098156,22.721386,25.75999,25.653206,29.713215,30.742771,33.690968,30.799646,29.086214,34.3717,35.784206,33.166477,32.3829,27.706244,27.207098,24.102247,24.173145,18.539692,17.556414,14.024141,16.248491,12.924902,9.26169,12.309363,13.02058,12.528702,16.570467,10.924002,7.8957233,8.090995,8.728802,9.076292,12.620801,14.697978,15.5593195,20.344406,20.273579,23.86465,27.465311,24.476332,22.33377,19.023518,23.19088,18.927372,22.713093,20.732828,23.17345,20.231026,16.843206,18.305511,18.525394,13.370692,13.1456375,17.456093,15.658959,10.397855,11.604307,16.6027,15.38477,11.669216,9.686229,14.847472,17.880009,16.1288,12.654963,15.292249,10.382305,12.167387,12.8894205,13.892819
18,38.653633,34.995148,33.679787,29.181417,26.731737,27.630405,21.618492,22.986818,18.39671,22.149239,18.19386,23.510324,19.205336,16.27982,13.501933,9.875159,6.3949227,4.9934855,0.0,4.0150723,6.1698647,9.654082,11.677175,15.462689,16.514872,16.454002,10.298713,10.998789,9.181822,9.329519,9.8407755,11.077455,14.7209635,15.1845045,18.0557,21.385712,23.482878,23.32439,21.109417,17.865604,22.477737,17.866861,23.45664,21.443224,26.701775,29.436432,29.849546,33.749516,34.960983,37.889027,35.001564,33.728935,38.953285,40.220222,37.79615,36.80599,32.315887,31.455248,28.429487,28.45689,22.525055,21.436054,17.896343,19.624657,15.883483,11.142933,13.179353,13.371255,11.171048,15.515665,9.82039,7.470388,10.918729,11.261901,13.280754,16.359995,18.952251,20.350824,24.921211,25.19603,28.747038,32.402058,29.416512,27.303352,23.881783,28.03762,23.445612,26.99883,24.64586,26.640413,23.455595,20.093739,20.59071,21.587126,17.26333,16.079237,19.559177,18.93852,14.348184,13.994493,18.855064,18.721031,15.006569,11.524839,16.102108,18.790672,16.599094,13.650621,16.158361,12.824624,13.498544,15.435647,15.574707
19,37.100384,33.28078,32.5,27.721111,25.600624,26.871145,20.991407,23.365461,19.04646,23.630688,20.066656,25.799755,22.031221,19.403358,16.387012,12.5345545,9.666767,6.626472,4.0150723,0.0,4.6394844,7.116006,9.585095,12.951413,14.072481,14.545931,8.144003,10.705858,9.44056,10.997912,11.872978,14.114343,18.077532,19.031403,21.802351,25.174393,27.057512,26.779768,24.179672,20.723864,24.840477,19.722631,24.915903,22.2432,27.586662,29.394669,30.179552,33.58764,34.39587,37.75061,35.296635,33.72566,38.950897,40.623295,38.55166,37.750362,33.21688,32.845413,30.073513,30.601799,24.744932,24.076557,20.604595,22.555464,18.647161,14.322514,15.697388,14.945578,12.36473,15.524648,9.074951,8.469093,10.74357,12.923323,14.54269,18.157782,20.746391,21.395065,26.41601,26.105497,29.788445,33.350155,29.944805,27.55522,23.737951,27.737156,22.51727,25.740421,23.187271,24.852757,21.734749,18.911205,18.467178,19.444378,16.113699,13.9705,16.678076,16.719297,13.024553,11.349507,15.89776,16.79596,13.469704,8.9885845,12.843405,15.233699,12.849512,10.203903,13.0219555,10.918979,11.7614355,14.580409,15.297944
20,41.010777,37.063007,36.578976,31.815327,29.665064,31.285503,25.199545,27.759624,23.445429,27.79563,24.09399,29.569136,25.373837,22.419252,19.501799,16.006006,12.459729,10.582895,6.1698647,4.6394844,0.0,3.8380578,5.805843,9.396993,11.020553,11.578127,5.273868,8.838466,9.415242,10.183279,13.094334,13.476742,19.02601,19.200794,22.789028,25.740992,28.143288,28.433117,25.99129,22.962526,27.373856,22.607553,28.253956,25.537981,31.262566,32.97531,34.095963,37.43954,38.470013,41.70669,39.195168,38.050026,43.205822,44.68079,42.725002,41.724754,37.356762,36.629765,33.89268,34.34441,28.25892,27.496962,24.04449,25.723246,21.701488,16.872051,17.742836,16.826004,13.203879,16.29777,10.681112,10.743144,14.706918,16.205448,18.60832,21.853123,24.677227,25.763832,30.587107,30.57002,34.215664,37.823055,34.50567,32.16158,28.37445,32.35474,27.081009,30.144846,27.37263,28.7137,25.460869,22.621748,21.646616,23.237793,20.3946,17.958963,20.014612,20.883867,17.584236,15.364255,19.525703,21.022709,17.795895,13.001169,16.009983,17.884558,15.259515,13.417605,15.596357,14.756763,14.610206,17.914576,17.845465
21,42.047398,38.017735,37.976074,33.025116,31.214159,32.973854,27.177582,30.214697,26.042135,30.74521,27.13468,32.800488,28.687025,25.904686,22.595194,19.296156,15.760668,13.61736,9.654082,7.116006,3.8380578,0.0,4.5886045,6.7457504,9.378007,10.93818,5.4410553,10.9581175,12.319298,13.513899,16.654785,17.072992,22.836348,22.891998,26.59902,29.495718,31.964886,32.269863,29.781517,26.699938,30.968624,26.022533,31.460129,28.45971,34.153286,35.330147,36.63345,39.651806,40.34813,43.889908,41.68392,40.246304,45.398113,47.178318,45.390182,44.54912,40.121136,39.713825,37.0622,37.644142,31.668028,30.941689,27.402729,28.92536,24.609661,19.942768,20.06758,18.420502,14.425349,16.310734,11.094119,12.55874,16.233189,18.449085,20.97476,24.299246,27.280272,28.14324,33.09531,32.945305,36.61846,40.2214,36.6262,34.247593,30.210459,34.160667,28.555557,31.416294,28.647018,29.736143,26.654413,24.346962,22.615911,24.081446,22.108625,19.058245,20.211975,21.537941,19.05666,16.003826,19.332409,21.525473,18.675673,13.528424,15.358201,16.684227,14.289793,13.284184,15.756264,16.292383,16.26561,20.040924,20.305191
22,42.682964,38.531406,38.76482,34.019592,32.003056,34.414536,28.177177,31.701645,27.760445,32.451496,29.126219,34.623013,30.743593,27.663744,25.16469,21.329874,18.053154,15.807848,11.677175,9.585095,5.805843,4.5886045,0.0,4.0774894,5.4195347,6.4807153,2.6659977,8.04524,10.695299,11.997652,15.964859,16.238665,22.526026,23.02353,26.75984,29.416504,31.762213,32.3572,29.560379,26.7528,30.774298,26.003656,31.602795,28.330135,34.433796,35.218678,37.06578,39.87103,40.947212,44.2412,42.0209,41.358276,46.318512,47.77173,46.360744,45.220062,41.140392,40.35363,37.99251,38.98635,32.673122,32.42633,29.252373,31.28739,27.448887,22.5899,23.470512,22.341805,18.387669,20.734688,15.493176,16.355658,19.898226,21.930962,24.089184,27.526154,30.229643,30.933693,35.968384,35.513454,39.2285,42.677612,39.251755,36.59504,32.71558,36.302395,30.663488,33.107384,29.863005,30.492495,27.161917,24.67912,22.623592,25.027067,23.430706,20.361588,21.216837,23.603144,21.386042,18.114439,21.70639,24.5731,21.926771,16.71607,18.326727,19.254921,16.009829,15.3260975,16.062197,17.254982,16.027409,20.01131,19.481272
23,44.395977,40.17879,40.87289,36.037205,34.31099,36.922688,30.923386,34.868477,31.077309,36.022648,32.786583,38.4132,34.59494,31.601833,28.865696,25.130575,21.826015,19.437422,15.462689,12.951413,9.396993,6.7457504,4.0774894,0.0,4.001674,6.630221,6.243962,11.425751,14.392449,15.866174,19.891584,20.130253,26.545925,26.946774,30.78449,33.361378,35.760372,36.408,33.56346,30.755371,34.64314,29.779062,35.209846,31.701504,37.791565,38.06202,40.135654,42.609127,43.443157,46.951195,45.009773,44.2153,49.1218,50.78701,49.584732,48.538532,44.468307,43.896645,41.645138,42.78594,36.52116,36.338554,33.120667,35.07636,31.044771,26.25302,26.669746,25.088686,20.917158,22.42341,17.663168,19.295782,22.652157,25.11328,27.347351,30.840057,33.642975,34.176517,39.311447,38.72656,42.46323,45.887367,42.261242,39.549545,35.503067,38.99955,33.118256,35.304234,32.02327,32.342163,29.175592,27.172182,24.449368,26.843815,26.064829,22.563614,22.5632,25.468939,23.979158,20.128798,22.94615,26.440807,24.166716,18.8313,19.415577,19.714966,16.668688,16.8412,17.464575,19.849878,18.63097,22.883059,22.544905
24,42.90483,38.636093,39.537846,34.925926,33.073643,36.190815,29.966555,34.339607,30.858889,35.858234,33.001995,38.530457,35.143982,32.053185,29.968315,25.726376,22.87356,20.147615,16.514872,14.072481,11.020553,9.378007,5.4195347,4.001674,0.0,3.1519957,6.2349114,9.878048,13.102735,15.045617,18.947224,19.831902,26.022432,27.15045,30.659075,33.19899,35.23394,35.889782,32.68737,29.97481,33.426773,28.618988,33.90265,30.134287,36.38837,36.19898,38.69365,40.898575,41.96424,45.290257,43.42398,43.19004,47.892735,49.34865,48.510025,47.283752,43.51548,42.776787,40.835255,42.42262,36.00791,36.32841,33.463646,35.9526,32.370113,27.615736,28.757263,27.580786,23.67089,25.626396,20.328903,21.465656,24.28377,26.850174,28.538153,32.22747,34.69965,34.895966,40.150906,39.15232,42.913418,46.143093,42.637314,39.660137,35.7656,38.872955,33.006153,34.786266,31.159046,31.098406,27.800016,25.753574,22.811108,25.87239,25.456202,22.014612,21.806782,25.467192,24.25262,20.331406,23.369215,27.306915,25.254234,19.990608,20.532745,20.647797,16.941097,17.19861,16.388132,19.187044,17.162495,21.423094,20.652498
25,42.768982,38.51538,39.275272,34.886845,32.770157,36.068394,29.560759,33.858757,30.456575,35.217068,32.484173,37.77529,34.50126,31.260452,29.721636,25.28273,22.632,20.051685,16.454002,14.545931,11.578127,10.93818,6.4807153,6.630221,3.1519957,0.0,6.496696,7.8850527,11.44877,13.227599,17.268593,18.081352,24.212671,25.62353,28.992254,31.383348,33.276855,34.062145,30.763657,28.272417,31.584625,27.038197,32.413303,28.694298,35.09681,34.996708,37.640324,39.90462,41.329807,44.350624,42.317413,42.603523,47.196766,48.325768,47.573498,46.12927,42.58095,41.50249,39.674366,41.374382,34.825527,35.352524,32.737896,35.476006,32.262142,27.457449,29.128984,28.403948,24.64741,27.181711,21.698563,22.241322,25.11827,27.317314,28.81618,32.46219,34.738583,34.976883,40.15477,39.112232,42.848255,45.999172,42.72285,39.67427,35.99383,38.95521,33.287033,34.999737,31.206028,31.092146,27.619112,25.227587,22.59257,26.095312,25.386358,22.296078,22.460758,26.210186,24.70212,21.140327,24.654957,28.41793,26.248817,21.13457,22.176926,22.5074,18.499182,18.384571,16.890688,19.178497,16.587856,20.597794,19.23868
26,40.390903,36.253925,36.38705,31.729548,29.593662,32.09907,25.734142,29.334963,25.494753,30.224182,27.084723,32.57768,28.979769,25.90539,23.740543,19.554749,16.6416,14.040915,10.298713,8.144003,5.273868,5.4410553,2.6659977,6.243962,6.2349114,6.496696,0.0,6.1762094,8.328465,10.232714,13.746298,14.900419,20.761358,21.836966,25.226568,28.036333,30.087664,30.51695,27.506256,24.592678,28.417212,23.545822,29.05836,25.70624,31.835373,32.57622,34.466286,37.26634,38.434437,41.651237,39.40654,38.886948,43.805656,45.185562,43.84173,42.657753,38.64598,37.833866,35.56331,36.741703,30.389048,30.378319,27.363607,29.728737,26.163645,21.417837,22.841349,22.017687,18.436949,21.150059,15.390415,15.775214,18.755545,20.888163,22.59804,26.183607,28.653727,29.132448,34.240246,33.555183,37.282967,40.639275,37.285038,34.51232,30.726692,34.16374,28.585554,30.947332,27.602362,28.225758,24.810902,22.175074,20.290125,22.85555,21.119722,18.199663,19.309725,21.756748,19.448038,16.326357,20.280153,23.120659,20.502707,15.406413,17.319822,18.400177,14.829935,13.821464,14.078627,14.93057,13.478592,17.408285,16.815462
27,40.298862,36.255848,36.002037,31.873499,29.177832,31.953129,25.05891,28.306265,24.65489,28.709063,25.851133,30.719551,27.379406,23.96745,23.175507,18.610807,16.326271,14.292485,10.998789,10.705858,8.838466,10.9581175,8.04524,11.425751,9.878048,7.8850527,6.1762094,0.0,4.1121726,5.437663,9.536905,10.63595,16.356602,18.211035,21.229582,23.767408,25.493156,26.187712,22.952007,20.51195,24.133558,19.868979,25.691603,22.567417,28.999754,30.131647,32.22506,35.24376,37.19156,39.71663,37.058624,37.62899,42.31026,42.97005,41.736404,40.085094,36.533382,34.94431,32.873432,34.23181,27.585348,28.004745,25.588282,28.50853,25.88292,21.137653,23.823362,24.09667,21.060127,24.879765,19.10193,18.109,21.031086,22.17109,23.368685,26.730356,28.688663,29.288887,34.118946,33.383255,37.00398,40.168575,37.37103,34.501667,31.26269,34.357407,29.344002,31.56933,27.968624,28.541897,24.826757,21.421116,20.434698,23.781923,21.321526,19.375565,21.302748,23.769821,20.853952,18.754744,23.489351,25.837431,23.069687,18.622066,21.400122,22.786638,18.834463,17.23533,16.092402,15.600724,12.9959545,16.019955,13.998476
28,37.294052,33.37943,32.71245,28.710348,25.832207,28.379747,21.42389,24.3502,20.724377,24.667381,21.964891,26.795786,23.782629,20.46027,20.079805,15.189144,13.598084,11.317587,9.181822,9.44056,9.415242,12.319298,10.695299,14.392449,13.102735,11.44877,8.328465,4.1121726,0.0,4.1357355,5.9080935,9.326983,13.620932,16.361027,18.6765,21.5933,22.868416,23.138105,19.684343,16.907635,20.420877,15.895899,21.697865,18.669313,25.031607,26.523808,28.352327,31.601475,33.62545,36.049057,33.245262,33.76927,38.48184,39.088028,37.710957,36.076008,32.470467,30.890358,28.777096,30.1884,23.554537,24.136436,21.87113,25.136305,22.893934,18.48822,21.823853,22.510897,20.16677,24.29471,18.248499,16.59592,18.66886,19.69116,20.261465,23.658978,25.27953,25.681454,30.4768,29.587173,33.17231,36.256023,33.596252,30.71174,27.66607,30.674774,25.941404,28.266388,24.77368,25.626808,21.89401,18.14625,17.958096,21.087017,17.95274,16.610617,19.28696,21.154633,17.818369,16.476294,21.596409,23.357265,20.55593,16.692793,20.039774,21.78596,17.946247,15.752282,14.599837,12.712402,10.249604,12.591217,10.546596
29,40.65202,36.85869,35.8227,31.966738,28.933262,31.083746,24.15748,26.188488,22.304398,25.456835,22.354263,26.674545,23.043547,19.438068,19.299835,15.007956,12.969122,12.129964,9.329519,10.997912,10.183279,13.513899,11.997652,15.866174,15.045617,13.227599,10.232714,5.437663,4.1357355,0.0,5.411898,5.4234343,11.019643,12.889448,15.796922,18.376717,20.18922,20.94803,18.024899,15.795169,19.981453,16.2944,22.550016,20.28274,26.493093,28.858187,30.326382,33.99526,36.31384,38.390785,35.216133,35.945816,40.660194,40.920685,39.198616,37.394814,33.842678,31.772058,29.401787,30.222418,23.5675,23.64282,21.345938,24.172216,22.04687,17.370052,20.76705,21.919088,19.541185,24.196205,18.805008,16.626184,19.782198,19.669783,20.826996,23.66785,25.417597,26.568953,30.900303,30.664333,34.10745,37.31615,34.97451,32.409367,29.599567,32.85839,28.53951,31.219332,27.973652,29.120897,25.414684,21.418146,21.790358,24.693104,20.916254,20.020815,23.090115,24.354565,20.395002,19.640432,24.869337,25.963852,22.768667,19.114006,22.959217,24.975988,21.434597,19.054022,18.563623,16.111462,14.06393,15.818014,13.478594
30,36.75802,33.199787,31.639029,28.12314,24.853357,26.732855,19.837145,21.31769,17.65096,20.457659,17.775171,21.886572,18.98446,15.532891,16.444626,11.652742,11.243207,10.209741,9.8407755,11.872978,13.094334,16.654785,15.964859,19.891584,18.947224,17.268593,13.746298,9.536905,5.9080935,5.411898,0.0,6.986346,8.231231,12.153912,13.37928,16.544333,17.340166,17.329517,13.862487,11.041689,14.947124,10.912409,17.177307,15.155431,21.207039,24.080479,25.212633,29.148518,31.647963,33.47194,30.101274,30.952026,35.608414,35.704773,33.871483,32.029953,28.513294,26.36236,24.015873,25.046286,18.34374,18.876135,17.027145,20.598885,19.3413,15.457871,19.891186,21.636396,20.351103,25.152874,19.558798,16.692284,18.289661,18.031752,18.00619,20.821976,21.876501,22.610195,26.824907,26.243174,29.589533,32.58678,30.52684,27.904062,25.505587,28.462013,24.694225,27.348087,24.2718,25.69377,22.07013,17.719482,19.248484,21.848972,17.335491,17.482304,21.31457,21.8748,17.590263,17.975578,23.40867,23.789831,20.75742,18.141262,22.393105,24.675154,21.318117,18.457798,17.709127,13.756633,12.027922,12.30456,9.908426
31,43.681744,40.13439,38.485306,34.9004,31.681005,33.185886,26.476488,27.202433,23.15693,25.103752,21.666985,25.090544,20.878315,17.086668,17.574787,14.347124,12.37483,13.445026,11.077455,14.114343,13.476742,17.072992,16.238665,20.130253,19.831902,18.081352,14.900419,10.63595,9.326983,5.4234343,6.986346,0.0,7.291589,7.684583,11.1792145,13.380515,15.844308,17.089922,15.099877,13.664229,18.565214,16.152828,22.568886,21.450024,27.126179,30.687311,31.509914,35.73313,38.36338,39.968616,36.32872,37.207623,41.88081,41.713047,39.479153,37.525764,34.05027,31.433826,28.734598,28.723278,22.289642,21.686485,19.513283,21.7535,20.12802,15.569965,19.25068,21.252256,19.408974,24.64511,20.225863,17.228104,20.991419,19.37818,20.874208,22.834194,24.491705,26.492172,30.05264,30.611275,33.766026,37.038284,35.21557,33.11348,30.758322,34.213974,30.628572,33.72103,30.895441,32.491722,28.895332,24.615778,25.887999,28.357494,23.711645,23.576698,27.271854,27.597898,22.918245,23.155655,28.493341,28.55631,25.017725,22.04315,26.50317,28.905907,25.798693,23.063492,23.223097,19.787819,18.318293,19.182358,16.796503
32,41.592693,38.507145,36.05,33.180996,29.68612,30.602024,24.326555,23.62079,20.073475,20.46036,17.594986,19.651463,16.202824,12.552098,15.378294,12.653207,12.932647,14.641675,14.7209635,18.077532,19.02601,22.836348,22.526026,26.545925,26.022432,24.212671,20.761358,16.356602,13.620932,11.019643,8.231231,7.291589,0.0,5.974544,5.375681,8.377235,9.364141,9.985135,7.9160995,7.0312266,12.144827,11.336046,17.303047,17.579124,22.303238,27.064976,27.171396,31.86036,34.944336,35.804054,31.706434,33.074432,37.449734,36.673794,34.114895,31.936857,28.80057,25.563532,22.819984,22.503582,16.30161,15.889733,14.789401,17.622946,17.8543,14.767655,19.728687,22.771326,22.415314,27.834414,23.611238,19.808937,21.99935,19.607235,19.800774,21.061735,21.640072,23.588804,26.323143,26.917936,29.647783,32.564415,31.545786,29.686312,28.242012,31.245369,28.868471,31.94113,29.548586,31.495602,28.154722,23.599548,26.28939,28.333035,22.889439,24.126995,28.557936,27.970333,22.943932,24.623423,30.016558,29.047832,25.696747,24.094439,28.961172,31.645418,28.803724,25.640657,25.563114,20.776628,19.715355,18.873125,16.484718
33,46.56122,43.444614,40.941692,37.769253,34.45008,34.909748,28.870476,27.736425,23.720863,23.8412,20.175196,22.013237,17.2278,13.627161,15.191554,14.123112,13.044952,16.135912,15.1845045,19.031403,19.200794,22.891998,23.02353,26.946774,27.15045,25.62353,21.836966,18.211035,16.361027,12.889448,12.153912,7.684583,5.974544,0.0,5.11786,6.822201,10.454479,12.019472,12.198574,12.01201,17.343943,16.821028,22.610926,23.152836,27.57323,32.639576,32.383884,37.25227,40.06995,41.11086,36.978416,37.74352,42.296066,41.68922,38.68409,36.7096,33.310013,30.222338,27.06723,25.715847,20.139511,18.386059,16.547583,17.646643,17.141989,13.662412,17.595915,20.79872,20.298624,25.844221,22.812948,18.964033,22.57354,19.16318,20.665998,21.176535,22.429596,25.452446,27.679487,29.334284,31.9268,35.17461,34.140408,32.79515,31.185587,34.7774,32.369736,35.935677,33.84385,36.061417,32.77109,28.35056,30.745106,32.430256,26.832584,27.701096,32.10659,31.103048,25.7419,27.31128,32.57326,31.2066,27.458153,25.6929,30.731276,33.5794,31.126984,27.972088,28.903006,24.309502,23.71228,23.509485,21.514587
34,44.886436,42.08849,39.14176,36.512714,33.051777,33.22963,27.552399,25.609114,22.12705,21.159666,18.139908,18.800138,14.894965,11.621927,15.094336,14.252757,14.778182,17.68432,18.0557,21.802351,22.789028,26.59902,26.75984,30.78449,30.659075,28.992254,25.226568,21.229582,18.6765,15.796922,13.37928,11.1792145,5.375681,5.11786,0.0,3.8629606,5.844814,6.916455,7.8156095,8.610626,13.451109,14.326571,19.346216,20.814043,24.428661,30.109364,29.449505,34.493935,37.614323,38.1087,33.736515,34.933605,39.182873,38.12308,34.99574,32.848774,29.804226,26.27928,23.206713,21.692284,16.4707,14.956446,14.191032,15.828104,16.938688,14.780287,19.48894,23.145138,23.491184,28.975874,25.780197,21.647718,24.00438,20.48836,20.895945,21.049532,21.402456,24.159363,25.800465,27.315338,29.568838,32.46408,32.027607,30.798517,29.855083,32.98657,31.395243,34.79165,32.933483,35.2561,32.154285,27.652742,30.80336,32.32442,26.448845,28.102547,32.81219,31.448408,26.082685,28.387938,33.634716,31.828875,28.336151,27.348957,32.476746,35.395313,32.98565,29.659761,30.20245,25.011238,24.49772,23.350082,21.334764
35,48.29377,45.557987,42.56058,40.111046,36.595528,36.7996,31.176722,29.09332,25.79286,24.418776,21.596132,21.57422,17.841803,14.889687,18.410896,18.026615,18.330156,21.393488,21.385712,25.174393,25.740992,29.495718,29.416504,33.361378,33.19899,31.383348,28.036333,23.767408,21.5933,18.376717,16.544333,13.380515,8.377235,6.822201,3.8629606,0.0,4.6183724,7.2991576,9.55971,11.589962,15.649983,17.470675,22.120083,23.8786,27.255621,33.038387,32.388702,37.416233,40.766487,40.927193,36.438065,38.03685,42.069714,40.653816,37.52644,35.206684,32.52347,28.633402,25.72231,23.971884,19.27553,17.751234,17.414005,18.549135,19.964842,17.998165,22.30767,26.040432,26.311771,31.816034,28.99617,24.907969,27.638992,23.882633,24.5173,24.366041,24.675245,27.636398,28.856071,30.619247,32.647556,35.413204,35.291946,34.224552,33.49141,36.52659,35.15082,38.496346,36.6344,38.89237,35.771996,31.233622,34.368046,36.058125,30.235125,31.886106,36.54243,35.29884,29.94406,32.182446,37.451622,35.669003,32.142826,31.077139,36.198635,39.098667,36.61851,33.344154,33.775795,28.735003,28.007347,26.89765,24.613731
