,0,1,2,3,4,5,6,7,8,9,10,11,12,13,14,15,16,17,18,19,20,21,22,23,24,25,26,27,28,29,30,31,32,33,34,35,36,37,38,39,40,41,42,43,44,45,46,47,48,49,50,51,52,53,54,55,56,57,58,59,60,61,62,63,64,65,66,67,68,69,70,71,72,73,74,75,76,77,78,79,80,81,82,83,84,85,86,87,88,89,90,91,92,93,94,95,96,97,98,99,100,101,102,103,104,105,106,107,108,109
0,0.0,4.2853007,6.6106544,9.471416,12.252548,13.841339,17.46222,20.63506,23.424694,25.683716,28.851797,30.875668,34.013073,32.079376,33.9325,30.323452,30.808615,29.616982,30.447935,31.287971,31.084875,32.83976,34.92709,36.1019,36.62591,35.730175,35.03477,35.801437,33.855717,37.595196,32.359924,38.54878,34.123726,37.57464,35.131203,30.783335,29.798653,33.920803,31.52014,27.764837,29.030672,32.781315,29.233788,25.740036,29.902267,31.801825,25.00304,25.784225,30.328287,30.818523,34.172657,32.406914,36.72122,37.857246,38.321228,39.269623,35.547165,39.06025,42.463608,38.677094,37.02396,42.130943,44.47865,45.479446,40.529186,39.100754,44.202847,42.697876,39.445312,44.23754,43.969666,41.081043,39.238308,42.11527,38.44511,40.740105,37.686504,34.84172,34.171627,30.571135,27.421106,25.628347,22.109234,24.328655,26.282341,28.07555,30.64626,35.158016,38.205536,41.63189,43.424473,42.474575,40.852272,38.507496,33.963585,30.583076,28.029396,25.100216,21.68405,18.007545,18.921371,16.116426,15.73043,13.773904,15.208305,16.384167,19.961817,18.806173,23.257677,23.177761
1,4.2853007,0.0,5.1087036,6.618263,8.900423,11.887137,14.272735,18.347702,20.753962,23.261805,26.53573,28.54543,31.454592,29.290915,30.57821,27.04193,27.164837,25.924252,26.413086,27.258377,26.903275,28.582954,30.75034,31.982775,32.50541,31.66668,31.184483,32.082928,30.374231,34.220985,29.344505,35.727646,31.819593,35.387737,32.61599,28.181461,27.700119,31.790041,28.925304,25.167168,27.079416,30.326252,26.455637,23.468502,27.960657,29.188326,22.402122,23.887508,28.40572,29.220684,32.048668,29.960642,34.648212,35.770905,35.74812,36.303017,32.576897,35.877266,39.568497,36.199295,34.091206,39.15254,41.71364,42.996365,38.149227,36.42972,41.383938,39.776356,36.338886,41.018517,40.54135,37.497234,35.758293,38.39421,34.880768,37.006992,33.997097,31.442848,30.59566,27.362383,24.137373,22.670103,18.84091,20.819399,22.823889,24.292562,26.972874,31.268154,34.310925,37.637558,39.354763,38.299038,36.62006,34.254402,29.715227,26.315588,23.805956,20.88589,17.578209,14.064952,15.261939,12.74949,12.983191,11.402167,12.209998,14.754132,17.240627,16.763794,21.044348,21.287653
2,6.6106544,5.1087036,0.0,5.3856745,6.7833304,8.2267475,11.582549,14.530614,17.762163,19.509478,22.99214,24.685644,27.924456,25.817982,27.942516,24.746674,25.246935,24.706488,25.384659,27.090248,27.35677,29.054867,31.906065,32.182217,32.218765,30.796007,30.2779,30.524511,28.750168,32.1072,27.275856,33.171898,28.606339,32.532936,30.392384,25.88906,25.31425,29.912302,27.546225,23.697397,25.684845,29.745375,26.003239,23.082935,27.672318,29.69905,23.372267,24.587627,29.38289,29.597908,32.230793,31.275814,35.636677,36.181473,36.430614,36.819977,32.718014,35.87156,39.695473,35.963993,33.32667,38.57879,40.91343,41.99295,36.90878,34.95567,39.72991,37.82504,34.945873,39.941788,39.09422,36.143337,34.980877,38.130714,34.864067,37.51354,34.83818,32.43164,32.237022,29.070871,26.322245,25.519873,21.201523,22.321362,23.341963,25.446331,26.945044,31.703266,34.22491,37.678833,39.074837,38.13896,36.789665,34.286682,29.818935,26.78173,23.65279,22.170542,17.696081,16.220432,16.024372,15.003915,15.903461,13.181836,13.062093,14.358941,16.201336,14.558075,18.667501,17.987417
3,9.471416,6.618263,5.3856745,0.0,3.7822897,5.964882,8.466311,12.291425,14.282775,17.152231,20.136126,22.42369,25.178652,23.260641,24.743713,20.897612,21.57083,20.343613,21.822752,22.73142,23.29676,25.42518,27.918863,27.919569,28.175665,27.06285,25.941273,26.5178,24.42531,28.144178,22.947,29.225153,25.253754,28.771723,26.065863,21.616726,21.153233,25.394035,22.664371,18.84737,20.970453,24.574686,20.75014,17.907043,22.605356,24.331974,18.045422,19.483997,24.243183,24.61777,27.00964,25.988245,30.405476,30.947237,31.062214,31.446077,27.372812,30.59714,34.355843,30.71163,28.205772,33.41065,35.809345,36.983242,32.008064,30.145363,35.05117,33.377323,30.178549,35.057205,34.573174,31.715757,30.097881,33.267048,29.78379,32.513496,29.79488,27.190815,27.259129,23.908215,21.406408,20.90711,16.432762,17.271265,18.107903,20.552965,21.9537,26.906267,29.537518,33.131504,34.82952,34.210365,33.00638,30.78191,26.268444,23.291042,20.266745,18.479612,13.580307,12.170196,10.976296,10.380742,11.62386,8.487914,7.790764,9.659577,11.084072,10.291392,14.469635,14.80657
4,12.252548,8.900423,6.7833304,3.7822897,0.0,5.4724884,5.3779154,10.15638,12.252197,14.747149,18.129162,20.033422,22.751936,20.465864,21.74014,18.365555,18.638638,17.949356,18.779314,20.438446,21.040897,22.928686,25.968735,25.65093,25.585037,24.146734,23.495028,23.81321,22.124863,25.64035,21.102816,27.274439,23.536648,27.483393,24.83737,20.26093,20.451874,24.918903,21.965046,18.169464,21.131104,24.49896,20.423172,18.390337,23.332834,24.616442,18.787214,20.829905,25.477869,25.92423,27.634218,26.742788,31.329456,31.623192,31.318851,31.153502,26.963497,29.781038,33.937702,30.670305,27.342493,32.54046,35.06745,36.460266,31.525743,29.177834,33.735916,31.72631,28.657312,33.552925,32.50783,29.454082,28.40555,31.481064,28.409163,31.116446,28.647688,26.58815,26.64314,23.928135,21.559286,21.668665,16.91395,17.015097,17.39708,19.55138,20.465275,25.246542,27.56048,31.027277,32.37452,31.571527,30.405981,28.003742,23.558195,20.752388,17.415947,16.641542,11.359389,11.787442,10.427183,11.278172,13.371028,10.806065,8.956121,11.623497,10.900067,10.361432,13.8262615,13.842768
5,13.841339,11.887137,8.2267475,5.964882,5.4724884,0.0,6.061283,6.951453,9.962625,11.9962225,15.019121,17.146835,20.251387,18.617296,21.284891,17.719873,19.20182,18.832611,20.976181,22.742615,24.26061,26.4669,29.583939,28.254139,27.924002,26.147676,24.710987,24.405453,22.063887,25.070543,19.777706,25.31389,20.455751,24.3386,22.475552,18.018261,17.351358,22.225225,20.300808,16.493406,18.60761,23.265802,19.839125,17.231697,21.790314,24.592863,19.371431,20.287144,25.127928,24.665892,26.668137,27.265997,31.045727,30.786196,31.294886,31.499235,27.045614,30.018225,33.79483,29.694715,26.602816,31.954762,33.9712,34.82486,29.601433,27.50035,32.148094,30.161978,27.757837,32.995937,32.16834,29.569841,28.626167,32.50573,29.353271,32.778305,30.56834,28.145674,29.160614,25.942785,24.243181,24.555216,19.88566,19.594387,18.972698,22.256474,21.892345,27.36522,29.226995,32.961525,34.30968,34.005722,33.330887,31.096624,26.823244,24.47977,20.861235,20.916506,14.912514,16.12192,13.227541,14.555167,16.215372,12.423269,10.782102,10.211364,10.142283,7.2694807,10.843194,9.77285
6,17.46222,14.272735,11.582549,8.466311,5.3779154,6.061283,0.0,6.0520144,7.3915877,9.829086,13.217042,15.021393,17.51409,15.154209,16.47508,13.241077,13.789065,13.721501,15.0264225,17.356466,18.841282,20.833586,24.37987,22.791483,22.228527,20.295069,19.41615,19.146595,17.438389,20.577408,16.353432,22.234104,18.6516,22.881489,20.411777,15.808635,16.623396,21.28007,18.394869,14.754695,18.459042,21.809324,17.808764,16.70851,21.629425,22.958311,18.282665,20.481903,24.919756,25.050758,25.90297,25.96929,30.255512,29.942081,29.491444,28.833939,24.416132,26.780844,31.163757,28.008648,23.827215,29.027546,31.456438,32.884315,27.954914,25.156338,29.333271,27.016596,24.326176,29.35605,27.880438,24.879467,24.428568,27.864046,25.201208,28.34229,26.371292,24.728588,25.503126,23.252382,21.667088,22.762497,17.897247,16.691355,15.679585,18.287153,17.571196,22.596365,24.213448,27.735075,28.776642,28.23734,27.540123,25.201042,21.007925,18.881395,15.068567,16.208984,9.9848585,13.48934,10.48369,13.479009,16.114418,13.487973,10.615944,12.4764805,9.145952,8.598153,10.495851,10.239447
7,20.63506,18.347702,14.530614,12.291425,10.15638,6.951453,6.0520144,0.0,4.808056,5.067763,8.560627,10.257692,13.459379,11.792816,15.295829,12.467984,14.50271,15.384136,17.799934,20.555939,22.955536,25.039064,28.77194,26.030262,24.99878,22.534304,21.041882,19.73484,17.53049,19.578413,15.019217,19.605648,14.512004,19.108559,17.944223,13.577047,13.762625,19.023447,17.516369,14.151584,17.139574,21.773922,18.643812,17.42349,21.724522,24.50239,20.876467,22.034773,26.451866,25.625896,26.43369,28.201496,31.57497,30.528263,30.807306,30.314283,25.669418,27.907436,31.941359,28.083733,23.805313,29.037333,30.846235,31.705263,26.532454,23.763689,27.692055,25.17191,23.58517,28.957226,27.384464,24.931955,25.05755,29.332878,26.910252,30.777359,29.285423,27.550026,29.296926,26.833014,25.96362,27.325985,22.597593,20.989874,18.939526,22.419573,20.177197,25.624722,26.473194,30.108337,30.90069,30.850012,30.757484,28.57888,24.804209,23.35588,19.370285,21.582947,15.185052,19.164156,15.295885,18.479439,20.778543,17.350971,14.744793,14.045125,10.942324,8.192995,8.602555,5.9882326
8,23.424694,20.753962,17.762163,14.282775,12.252197,9.962625,7.3915877,4.808056,0.0,4.848091,6.3517,9.193252,11.146454,9.871164,12.228617,8.321987,11.080826,11.391364,15.114601,17.113966,20.117762,22.535269,25.941164,22.555712,21.579254,19.3308,17.016127,15.803855,13.086243,15.426923,10.309322,15.468413,11.318591,15.533951,13.574603,9.0667,10.024707,14.974262,13.014752,9.84883,13.575877,17.534138,14.456829,14.100456,18.246546,20.598818,17.918495,19.297705,23.288675,22.525476,22.599052,24.680061,27.884653,26.60294,26.6359,25.89095,21.23971,23.273373,27.333439,23.685661,19.07898,24.271645,26.131393,27.1449,22.080853,19.126904,23.07721,20.647963,18.809502,24.17708,22.817104,20.480913,20.3562,24.822042,22.381775,26.476559,25.192226,23.521357,25.76318,23.481014,23.218418,25.138464,20.641556,18.33312,15.477628,19.275736,16.118042,21.70697,22.313046,26.06026,27.041239,27.41318,27.622456,25.804369,22.22478,21.164524,17.412365,19.890657,13.563738,18.335512,13.671145,17.70468,20.148363,17.093803,14.095515,13.49482,8.671975,7.4161263,5.6266193,4.9456563
9,25.683716,23.261805,19.509478,17.152231,14.747149,11.9962225,9.829086,5.067763,4.848091,0.0,4.3501053,5.297483,8.469781,6.9166126,11.445861,9.621424,12.221102,14.154291,16.800562,20.035992,23.046648,24.998543,28.968166,25.200403,23.671806,20.778208,19.166595,17.003035,14.964565,15.91905,12.316377,15.611008,10.500606,15.635255,15.199968,11.334998,12.381034,17.44825,16.4272,13.833111,17.174065,21.419676,18.767582,18.645641,22.43477,25.06472,22.74535,23.963654,27.897543,26.851618,26.780254,29.337597,32.292694,30.704977,30.825706,29.850368,25.23421,26.823093,30.899578,27.331585,22.30475,27.234917,28.805119,29.636702,24.664759,21.443031,24.617342,21.69819,20.919575,26.244677,24.110386,21.904675,22.9261,27.438099,25.661934,29.789139,28.901255,27.696817,29.967983,28.070255,27.82796,29.813705,25.241016,22.895836,19.994394,23.455276,19.917631,25.088163,25.086771,28.547071,28.909052,29.141798,29.561613,27.550804,24.328972,23.656445,19.680546,23.207275,17.04021,22.29182,18.067919,22.020159,24.528854,21.368694,18.465002,17.688643,13.443605,11.378641,9.607619,6.854905
10,28.851797,26.53573,22.99214,20.136126,18.129162,15.019121,13.217042,8.560627,6.3517,4.3501053,0.0,3.8781412,5.7119,6.2130857,10.938627,8.873156,12.586071,14.221117,18.067606,20.577238,24.156559,26.35937,29.968714,25.514378,23.967981,21.217617,18.708698,16.270609,13.629113,13.924968,9.8982315,12.022862,6.2005057,11.342274,11.548421,8.380151,9.377067,14.117159,13.980957,12.164483,14.996828,19.246717,17.400566,17.697176,20.72386,23.76742,22.593765,23.342085,26.835579,25.372171,24.85752,28.400837,30.668736,28.602205,29.011023,28.070925,23.520826,24.897013,28.585207,24.806961,19.824818,24.531448,25.67018,26.18827,21.26718,18.107977,21.051394,18.193838,18.072357,23.417233,21.585314,19.983027,20.99849,25.97645,24.292318,28.818438,28.273842,26.994232,29.95912,28.013313,28.414112,30.698387,26.432463,23.729372,20.193037,24.075977,19.638443,24.871105,24.421732,27.929688,28.386648,29.194702,30.06497,28.459023,25.580786,25.330446,21.624146,25.230213,19.203644,24.540907,19.765701,23.94211,26.301996,23.097622,20.23646,18.657969,14.223431,12.377887,9.15805,6.9352517
11,30.875668,28.54543,24.685644,22.42369,20.033422,17.146835,15.021393,10.257692,9.193252,5.297483,3.8781412,0.0,4.0472207,4.174534,10.355632,10.316985,13.290979,16.003141,18.759077,22.165686,25.620861,27.410948,31.443953,26.812103,24.862858,21.6722,19.92696,16.905922,15.116909,14.4090805,12.265623,12.980277,7.682069,13.071749,14.16008,11.603076,12.998139,17.381031,17.368784,15.80322,18.783022,22.744276,20.882177,21.478207,24.51501,27.274761,26.157997,27.13708,30.60037,29.203373,28.492973,31.9515,34.290943,32.154297,32.351837,31.088404,26.62992,27.599081,31.443165,28.043484,22.64717,27.055595,28.14704,28.729761,24.079737,20.64938,22.806864,19.552874,20.070518,25.157862,22.555283,20.918394,22.888315,27.618599,26.527273,30.882023,30.61221,29.817188,32.610313,31.102495,31.419512,33.799553,29.43417,26.657671,23.180502,26.635185,22.104404,26.873526,26.02189,29.213654,29.13437,29.727991,30.702078,28.937939,26.371916,26.415323,22.61644,26.98259,21.160164,26.959278,22.544592,26.800945,29.327948,26.222841,23.278664,22.106236,17.634693,15.742219,12.907515,10.270394
12,34.013073,31.454592,27.924456,25.178652,22.751936,20.251387,17.51409,13.459379,11.146454,8.469781,5.7119,4.0472207,0.0,3.730918,8.419375,9.183764,12.292998,15.095119,18.186935,21.229454,25.020025,26.799303,30.628922,25.392284,23.289307,20.146196,18.049095,14.6684885,12.987238,11.27209,10.374643,9.46737,5.7895637,10.779313,12.046732,10.525011,12.7439575,16.13801,16.233025,15.514237,18.632664,21.671719,20.23012,21.678516,24.236715,26.50804,26.388624,27.48703,30.431305,29.073536,27.642748,31.394997,33.433426,31.025414,30.968882,29.345514,25.112335,25.52906,29.285553,26.344324,20.568338,24.506485,25.450735,26.119093,21.866478,18.15366,19.566763,16.097773,17.188541,21.986284,19.108963,17.81494,20.285585,25.036442,24.419308,28.833832,29.00948,28.581722,31.707102,30.621145,31.418438,34.1875,30.099308,26.90666,23.003555,26.31773,21.090864,25.425686,24.002287,26.994884,26.749659,27.708683,29.082731,27.652214,25.570887,26.142918,22.667635,27.421406,22.030539,28.23694,23.661615,28.256613,30.846594,28.051104,24.972395,23.96972,18.933718,17.812365,14.274183,12.623498
13,32.079376,29.290915,25.817982,23.260641,20.465864,18.617296,15.154209,11.792816,9.871164,6.9166126,6.2130857,4.174534,3.730918,0.0,6.360442,7.817718,9.984917,13.423505,15.47474,19.262526,22.704565,24.226387,28.4082,23.53135,21.325714,17.942879,16.662308,13.3453045,12.328846,11.2621975,10.860891,11.680769,8.821563,13.946808,14.116278,11.6582575,14.28525,18.1056,17.205782,15.906122,19.764477,22.5791,20.39707,21.847292,25.040083,26.716778,25.895376,27.545088,30.736729,29.813192,28.511238,31.398756,34.06718,32.03775,31.555635,29.729757,25.438019,25.905542,30.128956,27.539839,21.479286,25.630371,27.076048,28.16943,23.881865,19.961065,21.632418,18.085014,18.323317,23.117517,19.838785,17.827051,20.424809,24.720764,24.13856,28.194586,28.172533,27.982285,30.557991,29.723516,30.112583,32.8158,28.544886,25.436138,21.875042,24.731428,19.985258,24.146034,22.954391,25.871782,25.462345,25.923815,26.983622,25.230696,22.980242,23.415585,19.774927,24.815113,19.523514,25.987423,21.835238,26.459112,29.242998,26.680784,23.468208,23.297203,18.014215,17.15242,14.212218,12.563963
14,33.9325,30.57821,27.942516,24.743713,21.74014,21.284891,16.47508,15.295829,12.228617,11.445861,10.938627,10.355632,8.419375,6.360442,0.0,5.472012,5.3203464,9.427231,10.663886,14.354033,17.876478,19.145523,23.220276,17.867716,15.391202,11.939624,11.013799,7.347874,7.8376837,6.6382036,9.345503,10.847094,11.920735,15.761229,14.239583,12.228607,16.093794,18.7348,16.519531,15.803226,20.542072,21.414583,18.923779,21.626043,24.789158,24.742586,24.574999,27.095743,29.683607,29.485111,27.314735,29.281996,32.317455,30.510164,29.01623,26.409433,22.530338,22.22975,26.905474,25.625004,18.87952,22.488121,24.512854,26.397074,22.786549,18.405916,19.493322,15.876492,15.217525,19.334389,15.318284,12.593596,15.860667,19.35169,19.474907,23.011696,23.363995,24.061028,26.360987,26.545126,27.187029,30.37689,26.491438,22.9018,19.239346,21.1197,16.054192,19.091558,17.379984,19.91748,19.203999,19.645735,20.8977,19.368288,17.643663,18.775146,15.703603,21.409292,17.281023,24.345901,20.589066,25.582216,28.574228,26.91799,23.48575,24.578638,18.457155,19.211847,16.220291,16.14996
15,30.323452,27.04193,24.746674,20.897612,18.365555,17.719873,13.241077,12.467984,8.321987,9.621424,8.873156,10.316985,9.183764,7.817718,5.472012,0.0,4.4081135,5.9212084,10.1928835,12.19811,16.093786,18.262808,21.711054,16.775093,15.156848,12.622964,9.868487,7.740033,5.3995433,7.38958,5.2279787,10.10497,10.261991,13.767421,10.902076,7.8227863,11.693494,14.544979,11.683198,10.486714,15.465646,16.52737,13.726595,16.173626,19.523552,19.756168,19.291496,21.651443,24.38787,24.171787,22.329203,24.302279,27.404154,25.753176,24.55793,22.464405,18.220829,18.738173,23.353905,21.356674,15.050537,19.451468,21.643856,23.43062,19.269888,15.215166,17.767477,14.763843,12.854943,17.742088,15.220253,12.538752,13.717244,17.93846,16.718336,20.755905,20.45857,20.1904,22.793186,22.125448,22.800385,25.842548,21.938364,18.406357,14.525792,17.285042,12.188753,16.577816,15.818457,19.195845,19.631866,20.402254,21.308573,19.941032,17.338522,17.656918,14.492486,18.819569,13.975456,20.492357,16.097593,21.087782,23.897985,22.087109,18.722603,19.491661,13.282357,14.461119,11.33688,12.25581
16,30.808615,27.164837,25.246935,21.57083,18.638638,19.20182,13.789065,14.50271,11.080826,12.221102,12.586071,13.290979,12.292998,9.984917,5.3203464,4.4081135,0.0,4.6552997,6.0625234,9.392159,12.867289,14.510803,18.462585,13.639456,11.653073,8.681339,7.539286,5.6391973,5.948701,8.184528,8.895403,13.283028,14.435433,17.894491,14.84031,12.013885,15.899201,18.466682,14.96078,13.736551,19.023317,19.178091,15.871627,18.665663,22.308416,21.314796,20.514044,23.667469,26.270618,26.692953,24.657911,25.440052,29.152336,27.918213,25.959803,23.339352,19.454123,19.523178,24.584929,23.594067,17.062508,21.017681,23.691225,26.004961,22.321823,18.144573,20.197792,17.167953,14.774129,18.8875,15.650499,12.185528,13.945463,16.93979,16.329353,19.508121,19.263288,19.84875,21.603062,21.849543,22.179857,25.352808,21.506779,17.907442,14.562568,15.996509,11.517677,14.719338,13.895961,16.836395,16.81523,16.931097,17.566252,15.891229,13.35428,13.971028,10.878234,16.194918,12.309432,19.416065,15.933445,20.961948,24.021683,22.905054,19.43535,21.51193,15.189365,17.013634,14.683792,15.674043
17,29.616982,25.924252,24.706488,20.343613,17.949356,18.832611,13.721501,15.384136,11.391364,14.154291,14.221117,16.003141,15.095119,13.423505,9.427231,5.9212084,4.6552997,0.0,6.605006,6.443282,10.462788,13.050332,15.990541,11.438559,10.507344,9.081041,5.914339,6.6091127,5.138716,9.603979,8.140229,14.05775,15.609186,18.14401,13.947692,11.097076,14.748912,16.635885,12.252007,11.072647,16.429487,15.618581,11.9563055,15.111435,18.715925,16.955584,16.262945,19.708359,22.028177,22.828285,20.69211,20.895864,24.829845,23.893393,21.696598,19.183706,15.279653,15.738465,20.877882,19.968681,13.844258,18.01794,21.043886,23.5559,19.909246,16.115828,18.96264,16.659,12.999838,17.056206,15.076992,11.669571,11.405234,14.425813,12.7485075,16.058807,15.295719,15.366976,17.274963,17.240374,17.789618,21.114462,17.542557,13.703018,10.070559,11.751557,6.9617224,11.059919,11.144734,14.736851,15.826967,16.34064,16.733158,15.5101185,12.49894,12.587287,10.093878,13.771732,10.116679,16.600245,12.804331,17.857275,20.752449,20.019468,16.654404,18.980755,12.620566,15.535261,13.391645,15.608776
18,30.447935,26.413086,25.384659,21.822752,18.779314,20.976181,15.0264225,17.799934,15.114601,16.800562,18.067606,18.759077,18.186935,15.47474,10.663886,10.1928835,6.0625234,6.605006,0.0,6.0922117,7.872555,8.771544,13.344751,9.71279,7.9304547,5.460466,7.486818,8.123079,10.036553,12.883206,14.071259,18.860937,20.41759,23.678091,20.064697,17.164165,20.831303,23.140816,18.854538,17.426538,22.816189,22.018476,18.128567,20.952461,24.90351,22.464205,20.957966,25.002995,27.418127,28.718103,26.723864,25.722939,30.26288,29.774048,26.9862,24.042248,20.715939,20.644638,25.996738,26.024717,19.86813,23.395578,26.642355,29.478067,26.22843,22.26929,24.328262,21.689413,18.425154,21.622095,18.487675,14.534428,15.695379,16.83048,16.414337,18.10537,17.47971,18.83932,19.102335,20.361496,20.026543,23.139872,19.559921,16.185965,14.078218,13.487641,11.041694,12.405848,12.401197,14.688669,14.587087,13.48924,13.0967865,10.834609,7.633868,8.125762,5.324779,11.589637,9.826195,16.850924,14.958375,19.578741,22.76479,22.739395,19.384998,23.085503,17.085648,19.78274,18.530865,19.952944
19,31.287971,27.258377,27.090248,22.73142,20.438446,22.742615,17.356466,20.555939,17.113966,20.035992,20.577238,22.165686,21.229454,19.262526,14.354033,12.19811,9.392159,6.443282,6.0922117,0.0,4.417232,7.274302,9.571386,5.5882673,5.892611,6.8096824,5.7402964,9.133483,9.879098,13.909524,14.053652,19.431454,21.942873,24.050802,19.471134,17.10987,20.565958,21.721176,16.831547,15.980772,21.01825,18.640656,14.845966,18.28929,21.702692,17.879524,17.14245,21.53299,23.144087,25.007627,22.564198,20.672571,25.331594,25.200819,21.825882,18.704895,15.883464,15.746328,21.075897,21.82996,16.323364,19.421165,23.038164,26.193872,23.435038,19.981583,22.373491,20.591263,16.218388,18.720987,16.922064,13.206932,12.26647,12.622792,11.34961,12.587131,11.493351,12.937657,13.147281,14.877149,15.1205,18.717373,15.953824,12.1290655,9.941395,8.415397,6.085357,6.4816175,7.734143,10.669217,12.162672,11.898552,11.418667,10.400791,7.1978736,7.4454565,7.0560217,9.951887,9.747498,15.364116,13.388477,17.784714,20.6266,21.317825,18.245533,22.093325,16.310152,20.093159,18.807232,21.393435
20,31.084875,26.903275,27.35677,23.29676,21.040897,24.26061,18.841282,22.955536,20.117762,23.046648,24.156559,25.620861,25.020025,22.704565,17.876478,16.093786,12.867289,10.462788,7.872555,4.417232,0.0,3.5669453,5.9263444,5.433314,6.804217,8.61847,9.707342,12.993073,14.239894,18.068104,18.348608,23.805433,26.066462,28.380245,23.785982,21.212614,24.460028,25.775717,20.76174,19.62236,24.528677,22.07838,18.09456,21.06408,24.651932,20.292759,18.759113,23.518188,25.087585,27.458635,25.338694,22.212591,27.369848,27.821074,24.118267,21.070967,18.775354,18.732353,23.8868,25.081226,20.14698,22.96089,26.717133,29.999296,27.417936,24.172115,26.575384,24.91067,20.44909,22.528717,20.781832,17.054937,16.064402,15.267967,14.184772,13.970716,12.418379,14.256926,12.715135,15.216399,14.582317,17.812723,15.409298,12.265889,11.752382,8.353793,9.271846,7.8345246,10.044777,11.833929,13.193555,11.808126,10.0717535,8.672184,4.775439,3.7776773,5.690011,7.1282616,9.742211,14.232902,13.927715,17.518637,20.296907,21.796186,19.00061,23.792488,18.592285,22.517147,21.956186,24.483355
21,32.83976,28.582954,29.054867,25.42518,22.928686,26.4669,20.833586,25.039064,22.535269,24.998543,26.35937,27.410948,26.799303,24.226387,19.145523,18.262808,14.510803,13.050332,8.771544,7.274302,3.5669453,0.0,5.3387237,6.268347,7.004555,8.708446,11.592394,14.451846,16.531492,19.78824,21.008142,26.02448,28.433344,30.989029,26.626423,24.080545,27.495943,28.955399,24.032726,22.89648,27.917015,25.541117,21.602396,24.57007,28.206015,23.800783,22.235638,27.027832,28.594427,31.019392,28.853077,25.586401,30.757421,31.24539,27.378044,24.129515,22.082975,21.685099,26.821667,28.389423,23.26996,25.794708,29.546307,32.933395,30.532036,27.117064,29.094656,27.235838,23.054197,24.821362,22.5212,18.701117,18.489851,17.048092,16.795626,15.932214,14.816428,17.291876,15.252372,18.321302,17.46809,20.454054,18.225368,15.458302,15.288501,11.645154,12.699239,10.401779,11.869041,12.595531,13.064558,10.673721,8.218457,6.1530557,2.3352878,2.3990557,6.0606904,8.409291,11.973869,16.32877,16.773413,20.082497,22.883608,24.5574,21.80183,26.849205,21.692568,25.396334,24.913818,27.118235
22,34.92709,30.75034,31.906065,27.918863,25.968735,29.583939,24.37987,28.77194,25.941164,28.968166,29.968714,31.443953,30.628922,28.4082,23.220276,21.711054,18.462585,15.990541,13.344751,9.571386,5.9263444,5.3387237,0.0,6.6372905,9.223115,12.419851,13.896661,17.535078,19.114943,22.655146,23.473366,28.553278,31.504435,33.369743,28.563248,26.431473,29.624947,30.31955,25.225906,24.50052,29.04544,25.625221,22.028221,25.152374,28.21523,22.76415,21.776749,26.65858,27.422379,30.373064,27.97182,23.67089,28.841589,29.806034,25.417768,22.124002,21.010736,20.444946,25.115608,27.52801,23.335032,25.145306,29.02735,32.59946,30.787296,27.888378,29.880459,28.667667,24.011627,24.956099,23.622084,20.215673,18.81227,16.262445,15.750226,13.493075,12.017106,14.917449,11.761085,15.92359,15.332894,18.370108,17.412947,14.917101,15.43085,10.712494,13.170645,9.107888,11.507062,11.585344,13.15222,11.313061,8.657225,8.532546,7.0600224,6.910739,10.724135,9.925191,14.731787,17.29031,18.170086,20.773554,23.08319,25.478647,23.150156,28.263788,23.587086,27.798903,27.383993,30.171062
23,36.1019,31.982775,32.182217,27.919569,25.65093,28.254139,22.791483,26.030262,22.555712,25.200403,25.514378,26.812103,25.392284,23.53135,17.867716,16.775093,13.639456,11.438559,9.71279,5.5882673,5.433314,6.268347,6.6372905,0.0,3.30377,7.0970488,7.7299423,11.4095955,13.347514,16.409061,18.208239,22.512629,26.221577,27.833935,23.254444,21.64948,25.282145,25.690447,20.886026,20.72338,25.492565,22.024174,18.820145,22.752647,25.53925,20.635424,20.93382,25.434864,26.209627,28.473976,25.393251,22.832317,27.296526,27.34296,23.167044,19.354181,17.750538,16.462507,21.535587,23.866142,18.606686,20.33271,24.0809,27.661173,25.899857,22.55395,23.956518,22.472385,18.162195,19.109144,17.157776,13.649961,12.996679,10.833943,11.18706,10.218963,10.055037,13.463451,12.781922,16.414698,17.072975,20.83697,19.149563,15.542105,13.993521,10.978108,9.689512,5.5690136,5.763129,6.517202,7.904858,7.2196813,6.52042,6.8435483,5.9791617,8.083927,10.06858,12.473648,14.534344,19.223032,18.184488,22.04072,24.659838,26.008749,23.169226,27.254541,21.665165,25.600658,24.181513,26.832134
24,36.62591,32.50541,32.218765,28.175665,25.585037,27.924002,22.228527,24.99878,21.579254,23.671806,23.967981,24.862858,23.289307,21.325714,15.391202,15.156848,11.653073,10.507344,7.9304547,5.892611,6.804217,7.004555,9.223115,3.30377,0.0,4.0066605,6.1922827,9.091285,11.894684,14.297441,17.10364,20.862026,24.658094,26.569595,22.393526,20.810114,24.709867,25.409328,20.876085,20.703224,25.710232,22.765696,19.604053,23.59075,26.517258,22.261503,22.5753,26.897278,27.980854,29.868832,26.755337,24.987947,29.238676,28.899698,25.012177,21.146027,19.163883,17.70741,22.895658,24.91301,19.009876,20.884932,24.438818,27.915787,26.004976,22.274908,23.28077,21.330383,17.568222,18.76843,15.881237,12.1161175,12.859561,11.3045225,12.401953,12.267414,12.667494,15.907723,15.8331585,19.036444,19.680546,23.416107,21.2427,17.520493,15.475045,13.237272,10.805712,7.9926863,6.66752,7.301192,7.1154623,6.139759,6.2814813,5.902155,5.5969844,8.60047,9.672306,13.814451,14.957374,20.579714,19.183847,23.424559,26.252846,27.15624,24.088884,27.918467,21.987013,25.521023,23.812061,26.046755
25,35.730175,31.66668,30.796007,27.06285,24.146734,26.147676,20.295069,22.534304,19.3308,20.778208,21.217617,21.6722,20.146196,17.942879,11.939624,12.622964,8.681339,9.081041,5.460466,6.8096824,8.61847,8.708446,12.419851,7.0970488,4.0066605,0.0,5.6144567,6.69581,10.245433,12.01582,15.440559,18.866493,22.214464,24.695187,21.050064,19.218336,23.273132,24.573992,20.383308,19.942886,25.17644,23.17514,19.925814,23.67111,26.901043,23.605007,23.547136,27.62859,29.24188,30.68129,27.807531,26.857052,30.994137,30.312595,26.93413,23.278019,20.683943,19.472961,24.750055,25.996376,19.566637,21.97355,25.257738,28.4557,26.089027,22.006739,22.938108,20.409601,17.308062,19.26508,15.556093,11.579234,13.638613,13.437043,14.52701,15.473437,15.895937,18.529219,18.955973,21.411074,21.851662,25.442535,22.61761,18.88968,16.454988,15.164676,11.947239,11.008717,9.388356,10.539551,9.501646,8.5137415,9.04582,7.5992813,6.773913,9.527664,9.015007,14.72797,14.518085,21.035671,19.225048,23.806376,26.842947,27.169022,23.887041,27.39699,21.224907,24.189322,22.308182,23.977215
26,35.03477,31.184483,30.2779,25.941273,23.495028,24.710987,19.41615,21.041882,17.016127,19.166595,18.708698,19.92696,18.049095,16.662308,11.013799,9.868487,7.539286,5.914339,7.486818,5.7402964,9.707342,11.592394,13.896661,7.7299423,6.1922827,5.6144567,0.0,4.141534,5.784671,8.790151,11.022079,14.875042,18.73995,20.402044,16.221432,14.849715,18.864313,19.46181,15.218123,15.347196,20.318865,17.817022,14.976945,19.17739,21.889425,18.724356,19.633034,23.30656,24.601643,25.76937,22.578695,22.41656,26.048643,25.034676,21.898176,18.348276,15.482783,14.316703,19.585083,20.478912,13.957754,16.578005,19.84913,22.977396,20.52815,16.549109,17.889397,15.709156,11.99051,14.361345,11.557777,7.6678762,8.4229,9.74922,9.899084,12.34826,12.789269,14.656604,16.478283,18.15982,19.413496,23.256083,20.576822,16.465208,13.011695,13.007716,7.872156,8.416125,6.4686537,9.419745,10.060953,11.118699,12.295296,11.9256115,10.500706,12.243527,11.358747,15.594896,14.199409,20.399584,17.411482,22.215975,25.016054,24.982548,21.75621,24.376095,18.127275,21.300543,18.84969,21.113512
27,35.801437,32.082928,30.524511,26.5178,23.81321,24.405453,19.146595,19.73484,15.803855,17.003035,16.270609,16.905922,14.6684885,13.3453045,7.347874,7.740033,5.6391973,6.6091127,8.123079,9.133483,12.993073,14.451846,17.535078,11.4095955,9.091285,6.69581,4.141534,0.0,4.3879337,5.398281,9.552645,12.174675,16.067781,18.164743,14.822907,13.592815,17.849009,18.880943,15.397812,15.53654,20.511862,19.005575,16.48693,20.431,23.154884,21.108736,21.996195,25.212036,26.853642,27.45161,24.377703,25.270578,28.500065,27.020742,24.44745,21.08963,17.905111,16.74921,21.760155,22.021683,15.085798,17.86189,20.60325,23.350151,20.648174,16.286915,17.088894,14.172475,11.728369,14.664371,10.735732,6.956489,9.929275,12.312848,12.987518,15.958617,16.714174,18.300777,20.491808,21.73229,22.925632,26.62803,23.541948,19.505646,15.77457,16.55882,11.107495,12.537388,10.180494,12.60354,12.237025,13.249233,14.828012,14.106975,12.969184,14.842702,13.128577,18.341722,15.941319,22.71185,19.335758,24.352486,27.261265,26.625849,23.257357,25.265507,18.86214,21.24278,18.344654,19.892553
28,33.855717,30.374231,28.750168,24.42531,22.124863,22.063887,17.438389,17.53049,13.086243,14.964565,13.629113,15.116909,12.987238,12.328846,7.8376837,5.3995433,5.948701,5.138716,10.036553,9.879098,14.239894,16.531492,19.114943,13.347514,11.894684,10.245433,5.784671,4.3879337,0.0,4.8971763,5.418769,9.5669775,13.005752,14.72472,10.804671,9.452506,13.661175,14.571643,11.043718,11.313603,16.163177,14.948247,12.606851,16.485098,19.035769,17.71634,18.805017,21.527424,23.259888,23.488628,20.568205,22.231115,25.132025,23.42918,21.431896,18.605335,14.89003,14.421652,19.237083,18.485058,11.618012,15.236449,17.810064,20.221449,16.920702,12.639393,14.501703,11.817507,8.860741,13.043812,10.501319,7.5210576,8.508621,12.618858,11.875536,15.93273,16.226921,16.653675,19.638632,19.825375,21.272728,24.86104,21.69885,17.673534,13.415768,15.494788,9.392621,12.6778965,11.101209,14.432938,15.127868,16.620731,18.013622,17.409319,15.539061,16.606018,14.531986,18.64579,15.238331,21.537518,17.363646,22.381302,25.079067,24.01241,20.7412,21.936615,15.624657,17.936878,14.668684,16.621529
29,37.595196,34.220985,32.1072,28.144178,25.64035,25.070543,20.577408,19.578413,15.426923,15.91905,13.924968,14.4090805,11.27209,11.2621975,6.6382036,7.38958,8.184528,9.603979,12.883206,13.909524,18.068104,19.78824,22.655146,16.409061,14.297441,12.01582,8.790151,5.398281,4.8971763,0.0,7.2782264,7.07181,12.017129,13.553548,11.155564,11.094678,15.290639,15.9459,13.788487,14.633848,18.893703,18.065912,16.595179,20.39545,22.440155,21.69632,23.375284,25.682716,27.263111,27.058102,23.879002,26.40049,28.676144,26.48626,24.728651,21.744001,18.38074,17.217897,21.529184,20.962065,13.992055,16.676445,18.54631,20.659426,17.829748,13.2969055,13.435753,9.917407,9.272005,12.843187,8.782505,6.6371613,10.317213,14.263486,14.863714,18.77881,19.844055,20.76908,23.948984,24.450947,26.094242,29.734037,26.590578,22.570145,18.286196,20.255796,14.101025,16.488972,13.879794,16.367594,16.071535,17.80723,19.830608,19.361507,18.36133,20.06567,17.983793,22.930193,19.553719,26.162832,22.005617,27.055864,29.787165,28.45368,25.156412,25.859224,19.644197,21.206686,17.498672,18.610586
30,32.359924,29.344505,27.275856,22.947,21.102816,19.777706,16.353432,15.019217,10.309322,12.316377,9.8982315,12.265623,10.374643,10.860891,9.345503,5.2279787,8.895403,8.140229,14.071259,14.053652,18.348608,21.008142,23.473366,18.208239,17.10364,15.440559,11.022079,9.552645,5.418769,7.2782264,0.0,7.009269,8.488992,10.0450945,6.016423,4.120589,8.38845,9.795612,7.2693515,7.5391936,11.813992,12.327939,10.685705,13.665794,15.919658,16.638954,17.679207,19.271988,21.391071,20.711386,18.363993,21.570871,23.756985,21.587067,20.845531,19.036764,14.784476,15.34935,19.35075,16.814676,10.65399,15.145061,16.91099,18.381432,14.082676,10.0901,13.178913,10.666368,8.659557,14.0264015,12.851532,11.275432,11.180001,16.39898,14.675926,19.435642,19.34141,18.468794,22.116486,20.957352,22.467457,25.643051,22.27,18.605509,14.119409,17.7063,11.830007,16.551085,15.625017,19.245922,20.322208,21.995161,23.30278,22.603207,20.279732,20.709204,18.11912,21.42464,16.792858,22.40543,17.420464,22.203773,24.59508,22.651585,19.58481,19.218754,13.369565,14.723494,10.713209,12.574102
31,38.54878,35.727646,33.171898,29.225153,27.274439,25.31389,22.234104,19.605648,15.468413,15.611008,12.022862,12.980277,9.46737,11.680769,10.847094,10.10497,13.283028,14.05775,18.860937,19.431454,23.805433,26.02448,28.553278,22.512629,20.862026,18.866493,14.875042,12.174675,9.5669775,7.07181,7.009269,0.0,7.251129,6.8455415,6.3312016,8.478548,11.544621,11.464569,11.732337,13.3564625,15.929258,16.36577,16.376032,19.415438,20.425848,21.655027,23.980442,24.936924,26.454584,25.17296,22.260164,26.724916,27.766863,24.83487,24.448692,22.428133,18.886171,18.338638,21.410387,19.240662,13.310973,16.08037,16.5838,17.389578,14.023993,9.958937,10.174615,6.635107,8.76707,13.065324,11.114047,11.338613,13.2227955,18.378656,18.076998,22.80379,23.710352,23.467274,27.567064,26.895521,28.90164,32.254623,29.134005,25.369343,20.770405,24.056978,17.75176,21.31235,19.141611,21.990685,22.288588,24.492537,26.564255,26.219501,24.861048,26.074694,23.653397,27.801565,23.444881,29.361624,24.421862,29.193968,31.534067,29.399523,26.412117,25.372034,19.950174,20.46999,16.082235,16.807512
32,34.123726,31.819593,28.606339,25.253754,23.536648,20.455751,18.6516,14.512004,11.318591,10.500606,6.2005057,7.682069,5.7895637,8.821563,11.920735,10.261991,14.435433,15.609186,20.41759,21.942873,26.066462,28.433344,31.504435,26.221577,24.658094,22.214464,18.73995,16.067781,13.005752,12.017129,8.488992,7.251129,0.0,5.4233418,7.3475866,6.921936,8.107788,10.875981,12.2354965,12.205922,14.092759,17.484577,17.020403,18.231764,19.901556,23.038832,23.70124,23.975216,26.569847,24.693073,23.276573,28.03124,29.277723,26.532982,27.163322,26.1151,21.913696,22.696249,25.725418,21.995277,17.076532,21.053806,21.469658,21.557121,17.00877,13.895951,16.008968,13.239706,14.480799,19.511858,18.103634,17.595861,18.727474,24.111763,22.809685,27.690947,27.762207,26.606411,30.405914,28.663698,29.948093,32.65586,28.929546,25.779541,21.580254,25.638145,20.165976,25.012665,23.8287,27.179585,27.670855,29.2547,30.748356,29.74574,27.494722,27.872429,24.661219,28.402163,22.878075,28.311232,23.162897,27.539778,29.73647,26.734995,23.950516,21.856754,17.30723,16.197754,11.972635,11.184745
33,37.57464,35.387737,32.532936,28.771723,27.483393,24.3386,22.881489,19.108559,15.533951,15.635255,11.342274,13.071749,10.779313,13.946808,15.761229,13.767421,17.894491,18.14401,23.678091,24.050802,28.380245,30.989029,33.369743,27.833935,26.569595,24.695187,20.402044,18.164743,14.72472,13.553548,10.0450945,6.8455415,5.4233418,0.0,5.437572,8.246339,8.475971,8.310869,11.400413,12.881774,13.243416,15.793755,16.792093,18.325045,18.578527,21.986013,24.077549,23.697088,25.447878,23.15694,21.206657,27.013107,27.18795,23.921888,25.023933,24.246555,20.508472,21.054802,23.103607,19.140947,15.12388,18.295237,17.84302,17.238152,13.01073,10.638732,12.3356,10.460998,12.701784,17.139977,16.988504,17.62114,18.019903,23.59475,22.248291,27.3193,27.68954,26.3047,30.74496,28.87873,30.827288,33.65655,30.493488,27.247856,22.796097,27.052029,21.251566,25.824486,24.416878,27.684128,28.519821,30.736227,32.55227,32.070553,30.126291,30.711557,27.947584,31.219114,26.073484,31.057695,25.68844,29.911106,31.800383,28.9278,26.398262,23.7411,19.60424,18.951952,14.509809,14.734084
34,35.131203,32.61599,30.392384,26.065863,24.83737,22.475552,20.411777,17.944223,13.574603,15.199968,11.548421,14.16008,12.046732,14.116278,14.239583,10.902076,14.84031,13.947692,20.064697,19.471134,23.785982,26.626423,28.563248,23.254444,22.393526,21.050064,16.221432,14.822907,10.804671,11.155564,6.016423,6.3312016,7.3475866,5.437572,0.0,4.607863,6.269698,5.188268,6.322532,8.415667,9.780372,10.980615,11.639445,13.958466,14.458148,16.891506,19.219751,19.357697,20.923632,19.201473,16.789528,21.977058,22.65324,19.680176,20.182003,19.19457,15.251977,15.997237,18.52444,14.757119,10.084502,14.01219,14.408296,14.658048,9.932855,6.745983,10.26865,8.695686,8.567934,13.66125,14.126369,14.240516,13.444077,19.110468,17.191196,22.307833,22.426544,20.882366,25.332487,23.498167,25.573668,28.54686,25.598263,22.202187,17.657171,21.872955,16.075863,20.747744,19.707184,23.220009,24.560493,26.817375,28.431131,28.097223,25.983389,26.421705,23.983065,26.695929,21.946886,26.70666,21.368229,25.658457,27.554613,25.157501,22.5578,20.586199,15.916519,16.446352,11.999668,13.702133
35,30.783335,28.181461,25.88906,21.616726,20.26093,18.018261,15.808635,13.577047,9.0667,11.334998,8.380151,11.603076,10.525011,11.6582575,12.228607,7.8227863,12.013885,11.097076,17.164165,17.10987,21.212614,24.080545,26.431473,21.64948,20.810114,19.218336,14.849715,13.592815,9.452506,11.094678,4.120589,8.478548,6.921936,8.246339,4.607863,0.0,4.2909536,6.9630647,5.8083506,5.4928727,8.682183,11.235665,10.135945,11.770181,13.828834,16.291723,16.927181,17.557026,20.061836,18.699736,17.141527,21.238081,22.97103,20.643625,20.91264,20.007185,15.551601,16.986134,20.307339,16.473042,11.600172,16.44584,17.656048,18.358114,13.373803,10.269393,14.303601,12.358413,10.938442,16.405924,16.175358,15.121567,14.320316,19.745136,17.388836,22.313227,21.835142,20.105482,23.93564,21.836437,23.228168,25.963982,22.497562,19.28554,14.9846945,19.362068,14.110769,19.482698,19.104877,22.899412,24.259773,25.923368,27.058987,26.258606,23.575274,23.52563,20.696793,23.269089,18.014545,22.820955,17.473234,21.831562,23.902786,21.337696,18.56525,16.934433,11.861144,12.2871275,7.866636,9.724956
36,29.798653,27.700119,25.31425,21.153233,20.451874,17.351358,16.623396,13.762625,10.024707,12.381034,9.377067,12.998139,12.7439575,14.28525,16.093794,11.693494,15.899201,14.748912,20.831303,20.565958,24.460028,27.495943,29.624947,25.282145,24.709867,23.273132,18.864313,17.849009,13.661175,15.290639,8.38845,11.544621,8.107788,8.475971,6.269698,4.2909536,0.0,5.3920283,6.5324593,5.8268886,6.118694,11.028368,10.767554,10.700336,12.1694,16.4528,16.768188,16.219238,18.968748,16.848106,16.251347,21.176025,22.30869,19.879765,21.216227,21.248741,16.83581,18.981705,21.520708,16.576006,13.370698,18.186646,18.847942,18.7819,13.424609,11.616729,16.199814,14.95112,13.905124,19.157387,19.76374,19.101578,17.69776,23.174417,20.324286,25.291662,24.502005,22.040915,25.987688,23.061214,24.370329,26.620096,23.237911,20.567293,16.62749,21.51328,16.949373,22.640968,22.701832,26.606215,28.248592,29.952316,30.956656,30.136179,27.200413,26.772133,23.87011,25.672394,20.114727,23.914663,18.41764,22.127361,23.750675,20.645832,18.35722,15.295456,11.635742,11.00769,6.7054853,8.475932
