,0,1,2,3,4,5,6,7,8,9,10,11,12,13,14,15,16,17,18,19,20,21,22,23,24,25,26,27,28,29,30,31,32,33,34,35,36,37,38,39,40,41,42,43,44,45,46,47,48,49,50,51,52,53,54,55,56,57,58,59,60,61,62,63,64,65,66,67,68,69,70,71,72,73,74,75,76,77,78,79,80,81,82,83,84,85,86,87,88,89,90,91,92,93,94,95,96,97,98,99,100,101,102,103,104,105,106,107
0,0.0,3.7574227,5.432086,8.917404,11.158182,13.853878,17.150108,19.43754,23.804262,25.999037,30.294737,31.938965,37.3726,35.10944,33.05755,29.099726,25.9777,22.307636,20.153625,16.986122,14.547031,12.500158,10.340542,14.040079,12.617988,14.805043,16.745846,15.578266,16.63702,17.288483,19.493427,19.254747,25.41907,23.309557,28.991482,29.598904,31.64404,28.53181,28.773005,24.174397,26.654354,23.133358,23.856318,25.718817,26.311161,29.15804,28.044758,32.96396,35.176304,33.063416,35.053493,39.92981,40.5672,39.301334,38.350376,37.37455,33.36956,29.867365,33.821003,27.90942,29.302153,29.892538,29.11371,32.43442,27.12486,31.545467,31.405388,30.586472,36.32277,35.451553,39.065495,34.559956,38.27767,33.9507,37.650875,34.44583,30.598776,33.861664,29.142076,31.351168,32.872128,29.220896,26.644342,22.678822,23.56548,22.871468,18.982695,21.19173,19.308325,22.173746,21.51017,26.37586,23.384413,20.041616,23.234184,19.898296,24.23524,21.475582,25.582327,27.738415,29.550253,32.636032,30.422632,35.330032,29.597536,33.33205,30.962599,33.717728
1,3.7574227,0.0,4.243463,6.418537,8.270505,11.463299,14.264538,16.899742,20.973743,23.07922,27.41491,28.848103,34.30635,31.895897,29.70202,25.868473,22.70453,18.934576,17.091413,13.443421,11.733557,9.528095,8.04074,11.949354,11.4685755,14.191555,15.549401,14.706252,14.929088,14.7692585,17.084873,15.9560995,22.126322,19.690233,25.476437,25.957409,27.98669,24.853151,25.231098,20.684418,23.450464,20.384264,21.334623,23.644472,24.935432,27.70442,27.20826,31.862263,33.717396,31.9099,34.53027,38.954136,39.207455,38.222717,37.169666,35.820034,31.664356,28.185099,31.919569,25.726078,27.05142,27.288927,26.705832,29.478853,24.143063,28.543741,28.150074,27.164413,32.909622,32.063942,35.84064,31.34734,35.261562,31.037024,34.883133,31.810215,27.929646,31.428265,26.86471,28.895275,30.91478,27.081038,24.577557,20.803335,22.309149,20.938631,17.446802,19.84639,18.275995,21.498867,20.674353,25.82366,23.354654,20.103384,23.178843,19.495749,23.34831,20.700434,24.05174,26.160326,27.860966,30.761341,28.561554,33.157875,27.34018,31.034323,28.367687,31.289188
2,5.432086,4.243463,0.0,5.226496,6.223782,8.498059,12.185472,14.08451,18.692583,20.793907,25.103174,26.845924,32.25043,30.172619,28.277916,24.341318,21.129622,17.683636,15.164777,12.839983,9.658767,9.009332,7.5379305,12.2735615,12.520184,14.1968155,15.251439,12.934417,12.916656,13.654504,14.914475,15.523354,20.788054,19.266865,24.579987,25.540083,27.667562,24.995958,24.906662,20.7962,22.588995,19.597157,19.627623,22.461432,22.64183,26.013641,25.038355,29.991125,31.756908,29.330706,32.109024,36.521263,36.648705,35.193417,33.945267,32.982143,28.753227,25.416155,29.736162,23.567102,25.645971,26.242603,26.282593,29.238935,24.449999,29.26378,29.106226,27.679104,33.08209,31.742464,35.20505,30.294333,33.793987,29.321232,32.855953,29.424986,25.523676,28.522776,23.76443,25.94487,27.468775,23.855846,21.223286,17.287754,18.384886,17.642235,14.097692,16.82955,15.614696,19.143559,19.114952,24.160566,20.922657,17.538557,20.166868,16.054886,19.971397,16.81208,20.600872,22.488085,24.209415,27.31744,25.217453,30.181831,24.63116,28.686605,26.480888,29.585379
3,8.917404,6.418537,5.226496,0.0,5.049738,7.0734453,8.855225,12.076484,15.463088,18.44299,22.109072,24.363146,29.886763,26.8783,25.15039,20.631462,18.14765,14.450823,13.290268,10.054795,9.307898,9.921536,10.1183,14.72321,15.905604,18.138313,18.620228,16.581415,15.359415,14.951829,15.61312,14.873562,18.937109,16.468048,21.867935,22.147373,24.780134,22.561754,22.993149,19.494148,21.763968,20.222475,20.258297,24.20902,24.998026,28.467741,28.125757,32.77889,33.975487,31.672335,35.305023,39.097385,38.578014,37.16965,35.55468,34.379242,29.843609,26.78808,31.108559,24.511738,26.892485,26.905775,27.537563,29.30652,24.651112,29.302004,28.467905,26.567997,31.8633,30.455564,34.286316,29.165012,32.940716,28.590967,32.196655,28.706186,24.673124,27.337603,22.719114,23.859724,25.897968,21.647726,19.637724,15.906899,18.446796,17.75026,15.485535,18.882689,18.515709,22.500793,22.579557,27.765345,24.827652,21.564835,23.737871,19.06718,22.22249,18.533287,21.452261,22.430391,23.554512,26.83447,25.199461,29.92567,24.710228,29.066011,26.592218,30.206696
4,11.158182,8.270505,6.223782,5.049738,0.0,3.676257,6.598307,8.717365,13.060946,14.871663,19.328241,20.784899,26.232998,24.094343,22.081064,18.374565,14.944469,11.524433,9.082338,6.9628673,4.2775226,5.8815823,6.9556775,11.329093,13.605512,15.300049,15.067099,12.833789,10.81853,10.202673,10.579153,10.492831,14.734481,13.293049,18.407326,19.509212,21.654604,19.333206,19.146397,15.618788,17.177519,15.423129,15.216689,19.35482,20.25859,23.697649,23.686983,28.114748,29.100502,26.982592,30.95741,34.423664,33.754887,32.61343,31.085146,29.609192,25.101095,21.977417,26.107601,19.48554,21.894136,21.974638,22.85843,24.743668,20.433996,25.349632,24.865347,22.808962,27.88896,26.25871,29.809599,24.653513,28.26662,23.851963,27.47704,24.097563,20.11249,23.303247,18.789259,20.677822,23.003468,19.178923,16.63437,13.166891,15.458505,13.478299,11.171588,14.391301,14.244358,18.358559,18.466146,23.64589,21.16856,18.167465,20.14608,15.506435,18.104813,15.125962,17.210342,18.791122,20.242561,23.00341,21.018793,25.474958,19.962414,24.129435,21.616196,25.170572
5,13.853878,11.463299,8.498059,7.0734453,3.676257,0.0,4.737237,5.5898623,10.474455,12.45947,16.69174,18.645592,24.02308,22.05159,20.457502,16.575745,13.343311,10.520258,7.618392,7.8252907,4.484906,8.436409,9.656014,13.798275,16.405169,17.42991,16.890661,13.724567,11.20878,11.208755,9.895101,11.563798,13.816991,13.402172,17.635267,19.095901,21.395107,19.797245,19.240627,16.574816,17.074823,15.989562,14.732417,19.63164,19.559671,23.52294,23.268488,27.752254,28.438442,25.791185,30.15367,33.33544,32.330013,30.756102,28.913536,27.760326,23.111288,20.307913,24.984732,18.396795,21.6653,21.93306,23.58847,25.261229,21.685898,26.746435,26.334013,23.830929,28.387861,26.280758,29.527464,23.972534,27.144867,22.563255,25.808388,22.034655,18.015867,20.481125,15.775115,17.519958,19.49918,15.709221,13.141267,9.533471,12.067673,10.734538,9.243362,13.051114,13.76294,18.104855,19.0008,23.885883,20.925974,18.026148,19.27811,14.212647,16.304974,12.6636,14.62937,15.547988,16.799189,19.838339,18.13567,22.898508,17.861193,22.502481,20.466871,24.319447
6,17.150108,14.264538,12.185472,8.855225,6.598307,4.737237,0.0,4.4713073,6.721918,9.770555,13.287118,15.66448,21.166674,18.214077,16.721636,12.265467,9.721853,6.675078,6.0370717,5.922679,6.840436,10.819085,12.96008,16.530905,19.581207,21.054243,20.171724,17.647251,14.533409,13.345867,11.708357,11.530513,11.717145,10.4183855,14.39876,15.242869,18.036646,17.09853,17.000158,15.312092,16.137608,16.823204,15.729102,21.399736,22.133303,25.87088,26.337954,30.308151,30.417702,28.128044,33.168358,35.649902,34.03472,32.69287,30.593,29.11613,24.338823,21.939016,26.246407,19.522661,22.820442,22.4196,24.604286,24.973972,21.741842,26.46604,25.431618,22.45564,26.700733,24.510527,28.05788,22.386106,25.80605,21.497488,24.779476,21.112736,17.091196,19.25445,15.011124,15.427916,18.303164,13.862087,12.163769,9.44228,13.652972,12.036009,12.331842,16.082495,17.369978,21.706442,22.46419,27.3016,24.887032,22.226038,23.202564,18.142044,19.352045,15.831394,16.396322,16.353516,16.847357,19.72467,18.570929,22.66539,18.154715,22.810656,20.476738,24.713509
7,19.43754,16.899742,14.08451,12.076484,8.717365,5.5898623,4.4713073,0.0,5.7161865,7.191789,11.297242,13.459783,18.730907,16.99223,15.772968,12.167262,9.0442505,7.6552253,4.842543,8.569131,7.049529,11.918454,13.925728,17.08867,20.449545,21.076683,19.821836,16.585793,13.131218,12.685168,9.542272,11.865447,10.508981,11.586767,14.083709,16.056122,18.34663,17.870634,16.869015,15.791321,14.968536,15.677362,13.427361,19.455355,19.148811,23.250412,23.509323,27.405682,27.268682,24.566494,29.883749,32.061413,30.228842,28.606585,26.348467,25.083275,20.275078,18.134468,22.846052,16.356417,20.40954,20.417044,23.234705,23.861458,21.48587,26.417953,25.878138,22.702875,26.329521,23.643402,26.551271,20.608177,23.328758,18.779572,21.61464,17.582163,13.580386,15.341062,10.801754,11.9986925,14.515892,10.64915,8.209499,5.6327047,9.710724,7.8208165,9.230446,12.978682,15.02052,19.293055,20.696337,25.087158,22.503899,20.158825,20.437822,15.395745,15.785713,12.371175,12.182322,11.923379,12.54277,15.338254,14.142019,18.501265,14.239604,19.219633,17.491217,21.807644
8,23.804262,20.973743,18.692583,15.463088,13.060946,10.474455,6.721918,5.7161865,0.0,5.066942,6.683767,10.182659,15.404972,12.163693,11.5531,6.930066,5.8571954,6.0155454,7.1992335,10.27413,11.803228,16.237635,18.713795,21.554558,25.137243,26.146877,24.69772,21.97462,18.26628,16.985813,13.912364,14.428233,10.225226,10.71259,11.622468,12.807032,15.685794,16.563719,16.046568,16.59727,15.89114,18.616653,16.589556,23.036219,23.383749,27.171738,28.055546,31.366806,30.595976,28.241959,34.14067,35.506092,32.983295,31.53961,28.978266,27.503998,22.750639,21.299505,25.469545,19.253626,23.242817,22.561527,25.952482,25.08651,23.360704,27.744356,26.549717,22.864264,25.77444,22.922848,25.974928,19.991476,22.711838,18.710121,21.25717,17.428608,13.776597,14.461374,11.074802,9.60867,13.320673,8.696348,8.311802,8.024248,13.156169,11.711563,14.501701,17.910677,20.289185,24.421055,25.720537,29.962418,27.810896,25.671663,25.69408,20.7717,20.443531,17.210108,15.808354,14.1805105,13.557085,15.964941,15.804804,19.007954,16.047152,20.780487,18.97445,23.561068
9,25.999037,23.07922,20.793907,18.44299,14.871663,12.45947,9.770555,7.191789,5.066942,0.0,5.545254,6.26804,11.604041,10.379882,9.158672,7.461319,4.254515,6.7311335,6.430461,11.39429,12.173924,16.392982,19.046106,20.910997,24.898575,25.420193,23.450253,20.987541,16.935997,15.463001,11.822617,12.981233,6.802246,9.957352,8.992195,11.769866,13.524228,14.622324,13.109761,14.472493,12.244345,15.659051,13.154392,19.688587,20.209042,23.654976,25.088867,27.756073,26.51944,24.571869,30.874056,31.578627,28.722797,27.731005,25.266638,23.294476,18.663773,17.472494,21.070107,15.17803,19.208088,18.43076,22.375843,21.188662,20.429321,24.707973,23.890888,20.055025,22.254402,19.022842,21.546913,15.441239,17.782585,13.718493,16.199291,12.453647,8.832996,10.378842,7.6689377,7.469077,12.117144,9.012422,7.8401446,9.031353,13.000273,9.694776,13.3780575,15.889937,18.633572,22.352673,23.633686,27.408533,26.014881,24.416018,24.09361,19.741476,18.371998,16.46521,13.335117,12.289429,11.97011,12.991399,12.471355,14.667924,11.671304,16.037693,14.251961,18.861675
10,30.294737,27.41491,25.103174,22.109072,19.328241,16.69174,13.287118,11.297242,6.683767,5.545254,0.0,5.5212946,9.521491,6.641969,7.5724893,5.631316,6.862398,10.114821,11.622174,15.6589365,17.256207,21.573435,24.230103,26.330254,30.266073,30.9005,28.985435,26.383244,22.389122,20.992065,17.321674,18.136328,11.2164135,13.461007,10.941685,12.617508,14.735566,17.293386,16.252895,18.78147,16.677706,20.905989,18.38761,24.858257,25.080914,28.540417,29.94301,32.37045,30.74084,28.646711,35.165833,35.314766,31.949366,30.686821,27.85878,26.229422,21.85064,21.455606,24.93356,19.749535,23.901224,22.938383,27.22698,25.21536,25.070866,28.883396,27.681448,23.589298,24.928059,21.553894,23.798435,17.943409,19.619957,16.369644,17.853373,14.31859,11.756187,10.647649,9.590796,5.714437,10.707344,7.6283712,8.941898,11.44508,15.693184,14.029319,18.21109,20.813356,23.79866,27.465519,29.009134,32.57276,30.978266,29.424702,28.742924,24.330204,22.670244,20.344784,17.11002,14.5542755,12.987645,13.910005,14.780836,16.124105,15.232002,19.288769,18.11553,22.61448
11,31.938965,28.848103,26.845924,24.363146,20.784899,18.645592,15.66448,13.459783,10.182659,6.26804,5.5212946,0.0,5.539112,5.8333807,4.9252334,7.686172,6.8381805,10.854876,11.889423,16.221973,17.848347,21.533363,24.38306,25.469109,29.675526,30.12171,27.783127,25.87976,21.715025,19.801313,16.343092,16.64984,8.649144,12.357074,7.9165125,10.886271,11.534089,14.352566,12.571355,16.097271,13.039611,18.156456,15.866381,21.930674,23.029251,25.726402,27.967976,29.552004,27.462656,26.267288,33.045013,32.509594,28.87691,28.499168,25.994852,23.518229,19.474358,19.242056,21.486835,16.83108,20.3195,18.912779,23.49187,20.714577,21.532415,24.883482,23.858135,19.699684,20.183084,16.575346,18.423857,12.685247,14.23205,11.395147,13.003579,10.289958,8.377094,9.018638,9.651549,7.962565,13.25723,11.727505,11.86702,14.473758,17.858341,14.403555,18.591402,20.271574,23.204264,26.386091,27.5235,30.713068,30.18202,29.103783,28.425379,24.659279,22.358822,21.426052,16.98829,15.611351,14.692965,13.994517,14.208796,13.767921,12.781064,15.646244,14.09556,18.351715
12,37.3726,34.30635,32.25043,29.886763,26.232998,24.02308,21.166674,18.730907,15.404972,11.604041,9.521491,5.539112,0.0,6.807746,7.481774,12.03769,12.253743,16.29324,17.259933,21.641388,23.11625,26.675451,29.490526,30.187603,34.456306,34.632206,32.08766,30.282978,26.158657,24.36226,20.813595,21.390484,13.322858,17.233652,11.803258,14.436108,14.098598,17.672588,15.691081,20.08129,16.393528,21.832388,19.42567,24.85772,25.751635,27.994904,30.523731,31.298481,28.56922,27.7205,34.678837,33.102844,28.863516,28.767061,26.21649,23.658512,20.368673,21.086851,22.402216,19.219122,22.428478,20.936527,25.885324,22.381414,24.523848,27.179844,26.288261,22.163336,21.100912,17.308304,17.906803,13.142909,12.949557,11.722707,11.554261,10.122976,10.406611,9.358789,12.421415,10.378013,14.760354,14.838657,15.567571,18.89062,21.608257,18.425718,22.92908,24.04127,27.16348,29.87253,31.138962,33.69089,33.581,32.93924,31.81484,28.546757,25.533617,25.232073,20.066471,18.365456,17.080614,15.149402,16.025257,13.553726,14.792767,16.304583,15.62695,19.13809
13,35.10944,31.895897,30.172619,26.8783,24.094343,22.05159,18.214077,16.99223,12.163693,10.379882,6.641969,5.8333807,6.807746,0.0,3.7779453,6.641529,9.385842,13.1020155,15.85642,18.966553,21.858767,25.495596,28.475676,29.856756,33.984684,34.889572,32.70048,30.94481,26.792131,24.587652,21.493752,20.677713,12.946726,14.619978,9.928322,10.65068,11.950502,15.961455,15.321557,19.415083,17.534534,23.10391,21.338375,27.383743,28.823545,31.460743,33.772778,35.336624,33.15858,32.0571,38.85877,38.16835,34.346897,33.934658,31.286947,28.965483,25.0729,25.034077,27.14124,22.617834,25.818409,24.059736,28.445724,24.867489,25.59553,28.389082,26.676805,22.430592,22.49736,19.268898,21.386385,16.43689,18.045237,16.284773,17.481394,15.476905,14.13404,13.542982,14.531872,10.902353,15.856367,13.878605,15.364722,17.983213,22.05365,19.519897,23.641827,25.7403,28.600983,31.983215,33.025074,36.418552,35.7695,34.490913,33.921513,29.868315,27.844547,26.31107,22.33636,20.242783,18.699831,18.419289,19.33678,18.723442,18.548634,21.214592,19.641525,23.701033
14,33.05755,29.70202,28.277916,25.15039,22.081064,20.457502,16.721636,15.772968,11.5531,9.158672,7.5724893,4.9252334,7.481774,3.7779453,0.0,6.044382,7.159274,10.812568,13.656801,16.425062,19.634186,22.827484,25.91221,26.911888,31.082413,32.11072,29.84748,28.563232,24.39524,21.782257,19.135607,17.513603,9.855324,11.399471,6.229124,7.3946147,8.356246,12.234382,11.565519,15.779415,14.163128,19.945017,18.677492,24.541111,26.737001,29.045633,31.697115,33.158432,31.098972,30.447823,37.164246,36.644753,33.05364,33.082775,30.718561,27.956474,24.007921,23.546198,25.259733,20.449614,23.11944,21.083801,25.219593,21.473759,21.988922,24.705832,22.924244,18.682098,19.039713,15.93032,18.53595,13.515222,15.965221,14.077203,16.107628,14.4164295,12.73652,13.85636,14.397499,12.034252,17.365301,15.086181,15.710557,17.796188,21.84938,18.399925,22.095444,24.006042,26.590586,29.909323,30.549143,34.06746,33.850018,32.58853,32.346554,28.425215,26.572962,25.426474,21.437513,20.203411,19.225496,18.865059,19.074713,18.502296,17.221949,19.617065,17.367853,21.392813
15,29.099726,25.868473,24.341318,20.631462,18.374565,16.575745,12.265467,12.167262,6.930066,7.461319,5.631316,7.686172,12.03769,6.641529,6.044382,0.0,5.061439,7.5016503,11.297173,13.300056,16.866728,20.48781,23.426743,25.427103,29.297077,30.65321,28.858784,27.060562,23.075583,20.783518,18.185217,16.67473,10.44049,10.1791115,8.320072,8.146134,11.233751,13.825616,13.935213,16.448524,16.016352,20.674341,19.341248,25.662592,27.29017,30.315916,32.2029,34.624477,33.196068,31.761581,38.155212,38.586754,35.45891,34.7613,32.221085,30.073421,25.634827,24.674477,27.60482,21.886898,25.125343,23.537186,27.223276,24.571907,23.678165,27.097063,25.202755,21.152946,23.001074,20.229229,23.434671,17.986303,20.87765,18.001415,20.40762,17.62398,14.840367,15.499788,14.215499,11.2690525,16.193354,12.397156,13.282344,14.460397,19.323498,16.993973,20.26086,23.064842,25.491293,29.343441,30.174114,34.2497,33.078922,31.262154,31.286213,26.724201,25.756353,23.385448,20.734003,19.04919,17.957798,19.078695,19.355522,20.613413,18.590567,22.250608,20.021975,24.463007
16,25.9777,22.70453,21.129622,18.14765,14.944469,13.343311,9.721853,9.0442505,5.8571954,4.254515,6.862398,6.8381805,12.253743,9.385842,7.159274,5.061439,0.0,4.0568805,6.7692423,9.738673,12.6623,16.158438,19.153645,20.777805,24.792189,25.932693,23.988308,22.348326,18.289173,15.867679,13.313087,11.931773,5.6303124,6.6137986,5.7738585,7.6985483,10.001571,11.204927,10.523208,12.250852,11.421103,15.671673,14.360918,20.660944,22.541561,25.450087,27.43727,29.886135,28.664215,27.407578,33.654274,34.3505,31.546583,31.100988,28.848171,26.420923,21.907925,20.483416,23.329159,17.27745,20.350872,18.884512,22.417177,20.374046,19.186865,23.046146,21.600508,17.668755,20.126244,17.297642,20.579988,14.817086,18.105856,14.594147,17.66731,14.7675085,11.425939,13.793917,11.799941,10.9504,15.937807,12.427364,11.805418,12.414589,16.782986,13.208844,16.087612,18.594847,20.849606,24.603811,25.233559,29.330034,28.4527,26.732586,26.935436,22.5952,21.6571,19.865755,17.069595,16.484192,16.20404,17.110044,16.498531,18.05879,14.769272,18.424658,15.793264,20.255442
17,22.307636,18.934576,17.683636,14.450823,11.524433,10.520258,6.675078,7.6552253,6.0155454,6.7311335,10.114821,10.854876,16.29324,13.1020155,10.812568,7.5016503,4.0568805,0.0,5.057459,5.90504,9.8925,13.057978,16.061296,18.07407,21.852463,23.42403,21.8048,20.359999,16.549606,13.934399,12.251796,9.79722,6.687699,4.8044515,7.854742,8.696685,11.416654,11.141801,11.170055,11.114133,11.87426,14.9096155,14.29468,20.317934,22.519104,25.47481,27.213326,30.133718,29.457176,28.16582,33.95572,35.361523,33.079685,32.59314,30.530062,28.186073,23.56211,21.554129,24.643845,18.118181,20.830816,19.4814,22.223795,20.873945,18.475256,22.59048,21.044592,17.50724,21.07709,18.7952,22.5708,17.047497,20.864569,17.146763,20.668644,17.74434,14.063837,16.962908,14.080843,13.86653,18.312899,14.258174,13.154464,12.427076,16.89431,13.4644985,15.162581,18.027597,19.71288,23.687582,23.985622,28.539783,27.453625,25.374968,26.134539,21.594713,21.549599,19.367754,17.7203,17.707834,17.855404,19.422493,18.39429,20.795992,16.600449,20.437164,17.469353,21.795818
18,20.153625,17.091413,15.164777,13.290268,9.082338,7.618392,6.0370717,4.842543,7.1992335,6.430461,11.622174,11.889423,17.259933,15.85642,13.656801,11.297173,6.7692423,5.057459,0.0,5.904729,6.0426908,9.993183,12.747371,14.773925,18.65847,19.556562,17.831959,15.775691,11.850823,9.900004,7.4087324,7.568654,6.2470937,7.450425,10.370755,12.722542,14.443972,13.382159,12.241823,10.985518,10.411039,11.716272,10.275438,16.395287,17.785843,21.104128,22.398012,25.664032,25.300955,23.621307,29.175173,30.975195,29.056341,28.35917,26.449316,24.287086,19.608334,17.220839,20.821577,14.090351,17.249609,16.633682,19.334112,19.384136,16.915762,21.712334,21.061771,17.861937,21.631506,19.145012,22.350946,16.634474,19.987669,15.6262665,19.13343,15.79988,11.80923,15.314321,11.628062,13.310606,16.982782,13.572859,11.208714,9.842432,13.250423,9.029602,10.208221,12.98404,14.705886,18.713335,19.288677,23.78039,22.442448,20.415335,21.085215,16.630777,16.613409,14.747917,13.26984,14.195652,15.116663,16.70087,14.980984,18.127815,13.079767,17.241558,14.561133,18.809467
19,16.986122,13.443421,12.839983,10.054795,6.9628673,7.8252907,5.922679,8.569131,10.27413,11.39429,15.6589365,16.221973,21.641388,18.966553,16.425062,13.300056,9.738673,5.90504,5.904729,0.0,6.2479663,7.905135,10.861958,13.165311,16.555407,18.654434,17.486609,16.580618,13.374152,10.538861,10.71317,6.9118066,9.60044,6.4993663,12.123803,12.744097,14.9043455,12.669682,13.003396,10.207785,12.645457,13.242995,13.739064,18.72026,21.391233,24.152514,25.577461,28.979593,29.09875,27.93975,32.9044,35.244953,33.78743,33.420906,31.786911,29.461838,24.911545,22.145212,25.247625,18.47042,20.399654,19.36466,20.80886,20.790245,16.850252,21.289133,20.007769,17.36182,22.22396,20.665047,24.699627,19.67285,23.871218,19.960043,23.9305,21.141788,17.293339,21.058735,17.474691,18.51946,22.273779,18.241146,16.313091,14.200545,17.827616,14.298207,13.944943,16.746742,17.353436,21.322004,20.977423,26.00693,24.8974,22.47609,24.09388,19.689726,20.829958,18.72127,18.500616,19.69445,20.621346,22.549473,20.809723,23.93097,18.624111,22.286644,19.005804,22.84101
20,14.547031,11.733557,9.658767,9.307898,4.2775226,4.484906,6.840436,7.049529,11.803228,12.173924,17.256207,17.848347,23.11625,21.858767,19.634186,16.866728,12.6623,9.8925,6.0426908,6.2479663,0.0,4.9202247,7.029127,10.139757,13.45491,14.456564,13.376714,11.054506,7.928136,6.872355,6.4109406,7.4379663,11.349132,11.301394,15.732672,17.659594,19.269522,17.012587,16.146864,12.8578005,13.405586,11.647698,10.997927,15.578311,16.629848,20.03601,20.472857,24.563377,25.221287,23.309946,27.746698,30.755663,29.836521,28.971573,27.48887,25.680578,21.184208,18.054659,21.963745,15.276683,17.81027,17.912426,19.230822,21.07491,17.310621,22.428879,22.264465,19.98985,24.700388,22.799257,26.031652,20.8154,24.225672,19.75583,23.376541,20.114214,16.20228,19.911554,15.628646,18.197586,20.81184,17.509996,14.583822,11.714312,13.714959,10.249293,8.291502,11.168085,11.499648,15.661625,15.862925,20.892843,18.990034,16.412092,18.00531,13.541688,15.225135,13.160155,13.982203,16.101738,17.795214,19.923569,17.639725,21.699713,15.938725,19.912735,17.349213,20.909117
21,12.500158,9.528095,9.009332,9.921536,5.8815823,8.436409,10.819085,11.918454,16.237635,16.392982,21.573435,21.533363,26.675451,25.495596,22.827484,20.48781,16.158438,13.057978,9.993183,7.905135,4.9202247,0.0,3.2336454,5.7719817,8.966031,10.813161,10.03663,9.524174,7.5449505,5.559523,8.459217,6.9652305,13.854954,12.851865,17.978664,19.578938,20.735216,17.46476,16.928965,12.344787,14.204709,10.935773,12.041937,14.802705,17.2022,19.673449,20.393698,24.321692,25.487118,24.359522,28.044601,31.472668,31.142487,30.880175,29.911446,27.750454,23.628025,20.127645,23.140072,16.79165,17.858456,17.844757,17.78256,20.290407,15.47109,20.376286,20.384348,18.973509,24.3358,23.16,26.59646,22.146278,25.948986,21.816387,25.786558,23.150791,19.490328,23.959787,19.980236,22.818836,25.59212,22.394644,19.43783,16.586926,18.099907,14.339398,11.401711,13.106853,12.077043,15.544834,14.48324,19.788736,18.729141,16.17395,18.726297,15.1589155,17.451082,16.362555,17.488655,20.401182,22.372,24.164354,21.538982,25.185411,18.992163,22.097635,19.074467,21.92635
22,10.340542,8.04074,7.5379305,10.1183,6.9556775,9.656014,12.96008,13.925728,18.713795,19.046106,24.230103,24.38306,29.490526,28.475676,25.91221,23.426743,19.153645,16.061296,12.747371,10.861958,7.029127,3.2336454,0.0,4.891712,6.7576766,8.493771,8.544225,7.847195,7.3687954,7.0099745,10.118705,9.959283,16.880352,16.078785,21.166964,22.803875,23.952328,20.600704,20.006363,15.272919,16.93882,12.833276,13.825328,15.611637,17.332952,19.80348,19.857738,24.15652,25.83914,24.490015,27.444927,31.460154,31.637459,31.193941,30.419561,28.56396,24.63051,20.982216,24.152067,18.164484,19.095549,19.554924,18.973392,22.333382,17.403904,22.233574,22.585775,21.571257,26.978281,25.909258,29.148659,24.844952,28.434956,24.24829,28.075874,25.373425,21.780146,26.094162,21.922106,25.051632,27.345217,24.307478,21.18698,18.013592,18.828993,15.656514,11.865957,13.250972,11.458477,14.591547,13.40009,18.720634,17.245638,14.462963,17.482203,14.258828,17.312721,16.263817,18.332888,21.530321,23.727755,25.691956,22.94401,26.931757,20.715193,23.76382,21.05119,23.571821
23,14.040079,11.949354,12.2735615,14.72321,11.329093,13.798275,16.530905,17.08867,21.554558,20.910997,26.330254,25.469109,30.187603,29.856756,26.911888,25.427103,20.777805,18.07407,14.773925,13.165311,10.139757,5.7719817,4.891712,0.0,4.317333,5.9915233,5.0742145,7.5906115,7.54939,6.1314125,10.735615,9.58564,17.306334,16.894857,21.566236,23.47056,23.838705,19.974089,19.12771,13.987678,15.685119,10.502504,12.741705,12.698343,15.963268,17.216078,18.099762,21.658314,23.441826,23.144981,25.788694,29.598845,30.035948,30.426645,30.136444,27.700623,24.235788,20.467182,22.417803,17.045486,16.54336,16.886126,15.232722,19.181223,13.994029,18.537722,19.433,19.131289,24.521156,23.903936,26.910631,23.407719,27.014967,23.257856,27.217571,25.240522,22.077261,27.155552,23.556414,27.140646,29.764381,27.15061,23.903997,21.259651,21.782604,17.582178,13.956894,14.023932,11.745197,13.775956,11.284809,16.407923,16.639734,14.595017,17.8458,15.82433,18.212765,18.668312,19.726593,23.618587,26.028696,27.23162,24.154776,27.312294,20.870405,22.858576,19.831598,21.565191
24,12.617988,11.4685755,12.520184,15.905604,13.605512,16.405169,19.581207,20.449545,25.137243,24.898575,30.266073,29.675526,34.456306,33.984684,31.082413,29.297077,24.792189,21.852463,18.65847,16.555407,13.45491,8.966031,6.7576766,4.317333,0.0,4.1552863,5.6460137,8.805597,10.522862,10.276755,14.614973,13.766696,21.566338,20.794067,25.732555,27.396212,27.867996,23.847668,23.23663,17.948246,19.939709,14.563038,16.76779,15.842245,18.533047,19.503143,19.718298,23.450314,25.821445,25.48479,27.116747,31.556433,32.604153,32.907288,32.86032,30.710594,27.492702,23.657185,25.599983,20.700594,19.933918,20.552889,18.230083,22.700804,17.358917,21.397764,22.428394,22.671452,28.174448,27.855333,30.819313,27.58964,31.141174,27.440582,31.324718,29.343962,26.207218,31.133368,27.353779,30.984205,33.30001,30.643711,27.35782,24.382349,24.550867,20.992214,16.84146,16.775297,13.886505,15.239349,12.433809,17.16911,17.196665,15.053198,18.853333,17.42108,20.536755,20.911736,22.858982,26.832005,29.349077,30.785007,27.67561,31.10876,24.70421,26.628439,23.815853,25.221907
25,14.805043,14.191555,14.1968155,18.138313,15.300049,17.42991,21.054243,21.076683,26.146877,25.420193,30.9005,30.12171,34.632206,34.889572,32.11072,30.65321,25.932693,23.42403,19.556562,18.654434,14.456564,10.813161,8.493771,5.9915233,4.1552863,0.0,3.1746664,6.283053,9.21916,10.389173,14.144109,15.175815,22.370708,22.65539,27.00861,29.226824,29.48257,25.695606,24.520681,19.554342,20.4088,14.430952,15.956807,14.092957,15.69939,16.588154,16.170609,20.090593,22.844978,22.306566,23.332262,28.100521,29.552483,29.76769,29.977228,28.053616,25.195145,21.350945,23.268557,19.049196,18.288553,19.600346,17.270102,22.652967,18.033365,22.220192,23.87258,24.064924,29.096935,28.492239,30.877022,27.674984,30.658121,26.903246,30.436302,28.458189,25.584791,30.388643,26.702393,30.873665,32.732033,30.639822,27.11601,24.287426,23.590446,20.095074,15.658037,14.732465,11.386324,11.833778,8.860531,13.311335,13.379294,11.560129,15.464352,14.955514,18.002058,19.180002,21.188602,25.58189,28.36004,29.533169,26.247274,29.672445,23.403502,25.031612,22.745653,23.71517
26,16.745846,15.549401,15.251439,18.620228,15.067099,16.890661,20.171724,19.821836,24.69772,23.450253,28.985435,27.783127,32.08766,32.70048,29.84748,28.858784,23.988308,21.8048,17.831959,17.486609,13.376714,10.03663,8.544225,5.0742145,5.6460137,3.1746664,0.0,5.5063634,7.425384,8.139472,11.958781,13.105725,20.017288,20.79226,24.712894,27.19391,27.173124,23.464481,22.009481,17.241241,17.629921,11.479291,13.1072855,10.957314,13.252515,13.922802,14.215226,17.806093,20.235342,20.03243,21.662376,25.941273,27.08023,27.600407,27.807055,25.533825,22.685581,18.847557,20.403471,16.178305,15.157875,16.431072,14.1993475,19.631245,15.297785,19.642984,21.47132,21.52538,26.313572,25.59902,27.815634,24.688671,27.58,23.917166,27.4494,25.674616,22.958725,28.00583,24.60973,28.913916,30.98867,29.096254,25.555212,23.090727,22.474007,18.330544,14.280673,12.976733,9.8874235,10.347928,7.02325,11.79046,12.705838,11.292877,14.7626095,14.2346945,16.51088,18.23899,19.358793,23.91356,26.694836,27.485458,24.122232,27.13418,20.823206,22.143747,19.743143,20.606161
27,15.578266,14.706252,12.934417,16.581415,12.833789,13.724567,17.647251,16.585793,21.97462,20.987541,26.383244,25.87976,30.282978,30.94481,28.563232,27.060562,22.348326,20.359999,15.775691,16.580618,11.054506,9.524174,7.847195,7.5906115,8.805597,6.283053,5.5063634,0.0,4.188379,7.7584305,9.558322,13.475868,19.095465,20.562206,24.227907,26.980371,27.449398,24.422459,22.710016,18.563887,17.989653,12.476345,12.146638,11.836341,11.167218,13.777238,12.573406,17.392801,19.734312,17.92518,19.933615,24.532808,25.446484,24.874004,24.630274,23.135159,19.89933,16.107304,19.254368,14.621783,15.525296,17.385399,16.70722,21.824308,18.214254,23.129745,24.725342,23.912136,28.409008,26.953297,29.001734,24.970205,27.403208,23.196815,26.319927,23.746967,20.799356,25.013906,21.154919,25.588577,26.950148,25.258762,21.596167,18.90975,17.61394,14.312878,9.6975565,8.616391,5.2757115,7.0516086,6.185313,11.286062,9.477603,7.0733213,10.349112,8.896449,11.869161,12.991679,15.066297,19.479664,22.34997,23.585323,20.334465,24.217876,18.173586,20.467432,18.820314,20.345245
28,16.63702,14.929088,12.916656,15.359415,10.81853,11.20878,14.533409,13.131218,18.26628,16.935997,22.389122,21.715025,26.158657,26.792131,24.39524,23.075583,18.289173,16.549606,11.850823,13.374152,7.928136,7.5449505,7.3687954,7.54939,10.522862,9.21916,7.425384,4.188379,0.0,4.4673076,5.38128,10.0430355,14.965768,16.815851,20.161331,23.065556,23.538517,20.799902,18.942303,15.2062845,14.2184515,9.355769,8.46774,10.020296,10.066525,13.198027,13.060177,17.449856,18.92066,17.169983,20.600718,24.285593,24.334032,23.8459,23.18497,21.30334,17.563059,13.818883,17.194351,11.60012,13.206276,14.651147,14.964846,19.161802,15.846277,21.040874,22.310558,20.927061,25.249956,23.489464,25.670643,21.248892,23.813723,19.465853,22.736126,20.03066,16.888956,21.288172,17.492073,21.805834,23.620253,21.804543,18.198816,15.82966,15.198396,10.954356,6.9688053,6.484394,4.7382913,8.138303,7.950022,12.995858,11.677996,9.6252365,11.69052,8.988259,10.748125,11.573039,12.392598,16.633017,19.333132,20.426752,17.226667,20.93411,14.699963,17.367899,15.392835,17.554825
29,17.288483,14.7692585,13.654504,14.951829,10.202673,11.208755,13.345867,12.685168,16.985813,15.463001,20.992065,19.801313,24.36226,24.587652,21.782257,20.783518,15.867679,13.934399,9.900004,10.538861,6.872355,5.559523,7.0099745,6.1314125,10.276755,10.389173,8.139472,7.7584305,4.4673076,0.0,4.851475,5.8300233,12.018708,13.201242,16.868103,19.53167,19.79671,16.665571,15.039671,10.874546,10.770865,6.106541,6.982129,9.330358,12.226657,14.374645,15.761433,19.176828,20.063202,19.363407,23.405466,26.33806,25.893234,26.103859,25.39028,22.791796,18.9426,15.35283,17.740068,11.625441,12.340353,12.656396,12.871206,16.034979,12.09427,17.339167,18.18766,16.728634,21.409245,19.925829,22.648357,18.388672,21.688139,17.593895,21.438618,19.186277,15.957044,21.06487,17.66058,21.432121,24.20353,21.934084,18.644384,16.61614,17.268883,12.187378,9.57591,9.735412,8.9129095,11.869794,10.690818,15.662487,15.673435,13.92873,15.962017,13.223321,14.251908,14.889088,14.511017,18.295702,20.611593,21.43741,18.388926,21.311579,14.879879,17.207876,14.210318,16.62406
30,19.493427,17.084873,14.914475,15.61312,10.579153,9.895101,11.708357,9.542272,13.912364,11.822617,17.321674,16.343092,20.813595,21.493752,19.135607,18.185217,13.313087,12.251796,7.4087324,10.71317,6.4109406,8.459217,10.118705,10.735615,14.614973,14.144109,11.958781,9.558322,5.38128,4.851475,0.0,7.483838,9.922901,12.780958,15.252437,18.490942,18.971687,16.918146,14.764708,12.152123,10.138426,7.4839487,5.067835,10.072877,10.769873,14.167196,15.150449,18.703722,18.967648,17.297474,22.257017,24.673784,23.570612,23.13553,21.898829,19.613321,15.304838,12.004976,15.558625,8.919831,11.796606,12.466727,14.475123,16.917408,14.478613,19.747068,20.494484,18.207823,22.003923,19.693712,21.966835,16.895155,19.531101,14.968336,18.354275,15.383493,11.923657,16.520826,12.915132,16.98671,19.485273,17.586027,14.163724,12.565292,13.028333,7.4618883,6.0280023,6.760436,7.892214,11.518745,12.018253,16.373333,15.458402,13.849859,14.668181,11.200991,11.100544,11.401262,10.005438,13.541213,15.821215,16.606384,13.627338,16.923388,10.631902,13.9505415,11.6018505,14.83492
31,19.254747,15.9560995,15.523354,14.873562,10.492831,11.563798,11.530513,11.865447,14.428233,12.981233,18.136328,16.64984,21.390484,20.677713,17.513603,16.67473,11.931773,9.79722,7.568654,6.9118066,7.4379663,6.9652305,9.959283,9.58564,13.766696,15.175815,13.105725,13.475868,10.0430355,5.8300233,7.483838,0.0,8.1136265,7.751061,11.986743,14.099005,14.430546,11.081716,10.062614,5.705149,7.5789437,6.559222,8.481414,12.40058,16.612719,18.358046,20.699596,23.345158,23.407795,23.269846,28.1165,30.154455,28.919004,29.466091,28.412382,25.369131,21.297094,18.233065,20.057606,13.650437,14.217829,13.005898,13.927693,14.476318,10.336317,15.230704,14.846085,12.625884,17.636034,16.27011,19.90801,15.516571,19.744282,16.025692,20.339458,18.409712,15.066024,20.341482,17.440683,20.01836,23.848244,20.95886,18.343664,16.850212,19.09544,13.81537,12.985149,14.106149,14.274255,17.419743,16.277378,20.980785,21.363173,19.645031,21.368458,18.099888,18.543226,18.448002,17.090275,19.78239,21.395853,22.129213,19.612083,21.770054,15.743441,18.08317,14.269496,17.334892
32,25.41907,22.126322,20.788054,18.937109,14.734481,13.816991,11.717145,10.508981,10.225226,6.802246,11.2164135,8.649144,13.322858,12.946726,9.855324,10.44049,5.6303124,6.687699,6.2470937,9.60044,11.349132,13.854954,16.880352,17.306334,21.566338,22.370708,20.017288,19.095465,14.965768,12.018708,9.922901,8.1136265,0.0,5.891185,5.375972,9.133486,9.417394,8.93896,6.7978034,7.9800396,5.842947,10.401614,9.521192,15.453546,18.3533,20.584738,23.211943,25.177328,23.947521,23.456444,29.604061,30.209105,27.647987,27.947855,26.200142,23.11,18.83896,16.992193,18.911266,12.832445,15.065359,13.36157,16.812973,14.94672,13.900153,17.970926,17.098625,13.321984,16.025412,13.196007,16.415525,10.696388,14.502195,10.725372,14.646703,12.419128,9.139218,13.843468,12.118122,13.542091,18.241278,15.735494,13.97172,14.3091955,17.408457,12.1558895,14.3341675,15.788639,17.704836,20.96347,21.06654,24.951456,25.045008,23.72535,24.125952,20.50253,19.278305,18.905504,15.502949,16.557291,17.202682,17.206202,15.57376,16.523178,11.968081,14.663656,11.218065,15.409257
33,23.309557,19.690233,19.266865,16.468048,13.293049,13.402172,10.4183855,11.586767,10.71259,9.957352,13.461007,12.357074,17.233652,14.619978,11.399471,10.1791115,6.6137986,4.8044515,7.450425,6.4993663,11.301394,12.851865,16.078785,16.894857,20.794067,22.65539,20.79226,20.562206,16.815851,13.201242,12.780958,7.751061,5.891185,0.0,6.1262507,6.7292795,8.412341,6.6864944,7.2855444,6.940087,9.241211,12.833504,13.580966,18.81033,22.545197,24.606703,27.146114,29.47085,28.717443,28.404268,34.104156,35.28574,33.097794,33.429565,31.758595,28.754545,24.43248,22.233805,24.183636,17.878986,19.317131,17.308018,19.5152,17.42514,14.744028,18.370966,16.470444,12.9905,16.959288,15.235345,19.528202,14.710241,19.269194,16.12178,20.181026,18.230024,14.956557,19.084667,16.896404,17.283068,22.064339,18.493942,17.174837,16.6065,20.533674,16.058784,17.221737,19.325974,20.53465,24.094162,23.60636,28.11733,28.078646,26.256186,27.395359,23.406544,23.274513,22.087727,19.996069,20.87988,21.374577,22.216745,20.76263,22.275145,17.633163,20.410772,16.69208,20.53411
34,28.991482,25.476437,24.579987,21.867935,18.407326,17.635267,14.39876,14.083709,11.622468,8.992195,10.941685,7.9165125,11.803258,9.928322,6.229124,8.320072,5.7738585,7.854742,10.370755,12.123803,15.732672,17.978664,21.166964,21.566236,25.732555,27.00861,24.712894,24.227907,20.161331,16.868103,15.252437,11.986743,5.375972,6.1262507,0.0,4.4038787,4.5896525,6.532016,5.750175,9.587209,8.9729395,14.732184,14.558107,20.00123,23.445208,25.278023,28.29837,29.806015,28.188238,28.133522,34.4766,34.529633,31.55096,32.12735,30.258884,27.00224,22.96983,21.634117,22.914837,17.482609,19.174356,16.800177,20.205051,16.635115,16.17739,19.075281,17.230131,13.061724,14.779771,12.128079,15.840814,10.777148,14.867835,12.458395,15.977633,14.607179,12.208932,15.838605,15.240385,14.895257,20.17759,17.472736,16.802803,17.72488,21.539457,16.910458,19.494568,21.127579,23.07201,26.29909,26.224947,30.04917,30.400518,29.082964,29.485466,25.78299,24.470585,23.833267,20.265902,20.489967,20.458101,20.277369,19.35998,19.353107,16.074106,18.169117,14.780193,18.655437
35,29.598904,25.957409,25.540083,22.147373,19.509212,19.095901,15.242869,16.056122,12.807032,11.769866,12.617508,10.886271,14.436108,10.65068,7.3946147,8.146134,7.6985483,8.696685,12.722542,12.744097,17.659594,19.578938,22.803875,23.47056,27.396212,29.226824,27.19391,26.980371,23.065556,19.53167,18.490942,14.099005,9.133486,6.7292795,4.4038787,0.0,3.9517255,6.51571,8.029852,11.302526,12.552971,17.940254,18.35402,23.622463,27.395876,29.204021,32.193634,33.858543,32.389984,32.38622,38.613884,38.851463,35.940746,36.490772,34.57508,31.394268,27.311533,25.89416,27.245573,21.691906,23.130898,20.58944,23.464989,19.582733,18.500492,20.862562,18.27753,14.328979,16.288626,14.435208,18.610723,14.365444,18.600634,16.689222,20.08166,18.845043,16.467,19.523565,18.777008,17.552008,22.85733,19.5673,19.412628,20.041075,24.409672,20.316833,22.628801,24.660818,26.382103,29.808704,29.521664,33.64614,33.876797,32.2962,32.990917,29.02154,28.171558,27.006987,24.00314,23.908903,23.633047,23.907185,23.245281,23.479473,20.343433,22.572626,19.122778,22.880909
36,31.64404,27.98669,27.667562,24.780134,21.654604,21.395107,18.036646,18.34663,15.685794,13.524228,14.735566,11.534089,14.098598,11.950502,8.356246,11.233751,10.001571,11.416654,14.443972,14.9043455,19.269522,20.735216,23.952328,23.838705,27.867996,29.48257,27.173124,27.449398,23.538517,19.79671,18.971687,14.430546,9.417394,8.412341,4.5896525,3.9517255,0.0,4.7971096,5.7802596,10.399615,11.0992985,17.008013,17.773087,22.40634,26.784037,27.969227,31.493433,32.523346,30.77558,31.4302,37.683456,37.454407,34.440968,35.568596,33.901318,30.289999,26.574917,25.288008,25.723995,20.76664,21.4803,18.559551,21.433146,16.732168,16.496992,18.195618,15.621271,11.550774,12.58148,10.7655525,14.984109,11.42994,15.849339,14.695415,18.137602,17.80022,16.039791,19.72065,19.656183,19.040499,24.400427,21.739174,21.316755,22.229326,26.113424,21.372908,23.684135,25.106535,26.762968,29.77494,29.222942,32.987724,33.935844,32.70784,33.350918,29.858849,28.609617,28.235027,24.637388,25.021578,24.955812,24.539206,23.649788,23.021715,19.96707,21.255417,17.600767,20.854813
