,0,1,2,3,4,5,6,7,8,9,10,11,12,13,14,15,16,17,18,19,20,21,22,23,24,25,26,27,28,29,30,31,32,33,34,35,36,37,38,39,40,41,42,43,44,45,46,47,48,49,50,51,52,53,54,55,56,57,58,59,60,61,62,63,64,65,66,67,68,69,70,71,72,73,74,75,76,77,78,79,80,81,82,83,84,85,86,87,88,89,90,91,92,93,94,95,96,97,98,99,100,101,102,103,104,105,106,107,108,109
0,0.0,4.5710993,6.8018656,9.036749,12.122169,13.873269,17.627598,22.323595,23.873306,27.518726,30.029509,34.28057,30.631727,28.848835,24.405512,22.975185,19.160568,17.767866,12.821114,13.601157,12.213501,10.72514,11.825416,15.454089,16.71005,17.037868,18.573814,17.834774,21.525963,18.403332,25.54402,21.447227,29.157412,27.667713,30.09767,31.769348,27.920893,28.542938,23.98202,21.803627,26.656988,22.587744,26.601679,26.036219,23.164993,24.854607,23.426945,22.65362,23.865486,23.653118,27.480013,26.515059,31.643488,33.643414,33.592617,30.543545,32.049496,29.178171,31.295992,29.474236,32.924496,29.460165,30.066917,30.63659,32.506115,36.076878,33.2813,38.628807,36.07697,34.89177,31.481594,33.73477,31.725927,26.913578,28.833557,24.640804,27.716167,26.866657,22.655788,25.58774,19.72087,23.140589,17.072107,15.202668,13.444957,15.582848,20.49808,16.926933,17.804928,21.123222,22.989887,22.888731,23.390455,26.7603,28.041908,28.88857,30.450445,33.066998,29.014072,34.085342,30.90169,35.463757,37.80519,37.462337,34.144775,33.392273,28.458939,28.67624,24.775103,25.19321
1,4.5710993,0.0,4.8126826,5.567218,8.058067,11.257321,13.623688,19.1651,20.421915,24.187796,26.904757,31.26424,27.844906,26.241245,21.797308,19.914682,16.244493,14.132731,10.259179,9.797528,9.549393,7.477729,9.982069,13.035516,13.466157,14.406659,15.134622,14.981821,18.459808,16.094746,23.000422,19.63061,27.530441,25.999418,28.889406,30.980457,27.603077,28.05794,23.407183,20.943695,25.385387,21.390743,24.495037,23.670929,21.279562,21.86196,20.828688,19.206972,21.273941,20.522501,24.70521,23.60284,28.537676,31.093744,30.42573,27.259117,28.507877,25.484026,27.910976,25.741184,29.724072,25.93307,27.214052,27.782454,30.204136,33.146233,30.713413,36.187126,33.20889,31.785467,28.155502,30.02644,27.751305,22.84503,24.490644,20.192844,23.223038,22.312347,18.209967,21.354952,15.586188,19.094492,13.302333,10.798871,9.0664215,11.023516,16.081125,12.924077,13.546866,16.643574,18.59097,18.7278,19.14833,22.296036,23.745167,24.719496,26.193712,28.77006,24.979645,30.092363,27.313177,32.036278,34.322063,33.696945,30.425882,29.29223,24.468512,24.579075,20.551191,21.273169
2,6.8018656,4.8126826,0.0,5.0306096,6.9474864,7.8972335,11.869535,15.888754,18.047703,21.380644,24.617632,28.712547,24.56779,23.262583,18.428835,17.498003,14.062839,13.062842,9.981641,11.115638,12.177495,11.011265,14.016407,16.221844,16.122532,16.614565,16.021618,15.022059,17.665766,14.653261,21.041735,16.589546,24.764534,22.28543,25.492361,27.317955,24.14781,25.10465,20.592167,18.551199,23.260098,20.191195,23.278206,23.286238,21.631016,22.2688,22.58989,21.248068,23.93719,23.477055,27.773224,27.199442,31.835932,34.842934,33.848858,30.687263,31.543331,28.205246,30.564228,27.803848,31.85722,27.191277,28.77838,28.699423,31.140993,33.565197,30.585466,35.862312,32.54768,31.476221,27.66837,29.580662,27.65791,22.581093,24.1216,20.114073,22.537037,22.863895,17.938923,21.441507,15.828098,20.906796,15.527539,12.407159,11.465917,11.45974,17.738008,15.919556,15.021545,17.555767,20.215458,20.511782,19.912241,23.060268,25.289892,25.733673,26.708447,28.579674,24.548613,29.424065,26.069569,30.678558,32.615017,32.08204,28.658838,27.755342,22.929216,22.68625,18.94833,18.788092
3,9.036749,5.567218,5.0306096,0.0,3.7337136,6.398892,8.926852,14.191503,15.044622,18.902473,21.359,25.726875,22.524942,20.78018,16.544697,14.378475,10.686173,8.798667,5.510979,6.234342,7.8855066,7.5191307,10.931485,12.0283375,11.53054,11.881781,10.99936,10.234549,13.195131,10.853843,17.513386,14.504519,22.354895,21.057507,24.029602,26.455019,23.458942,23.676998,19.05741,16.436697,20.501997,16.88232,19.378056,18.833435,17.169033,17.361355,17.672695,16.366867,19.215944,18.945765,23.209578,23.190338,27.581085,30.814009,29.845678,26.86756,27.461,23.917044,25.926891,23.083643,26.92648,22.210463,23.768051,23.724125,26.305773,28.681482,25.953705,31.349697,28.088087,26.823515,23.086735,25.075985,23.13988,18.203043,20.224749,16.359612,19.713366,20.076805,16.172085,20.394312,15.216596,19.41439,14.753972,10.575363,8.545982,8.556915,15.088157,12.9241085,10.667876,13.719303,16.502377,16.14956,15.448862,19.15037,21.152632,21.189812,22.31857,24.48579,20.23016,25.219107,21.999746,26.655834,28.899782,28.439075,25.128891,24.443338,19.453945,19.971344,16.26657,17.24172
4,12.122169,8.058067,6.9474864,3.7337136,0.0,5.919949,5.5737553,11.784772,12.648404,16.430862,19.494944,23.839304,20.606049,19.324091,14.983791,12.693596,9.594897,6.98884,7.0845003,6.1166124,9.640682,8.944716,12.9302435,13.336547,11.835977,12.828712,10.48813,10.415893,12.386865,11.136927,16.747208,14.370151,22.181843,20.411934,23.954544,26.584642,24.203474,24.494492,20.058584,17.507193,21.041702,18.022984,19.391808,18.850422,18.041315,16.899284,18.042032,15.777851,19.634481,18.757942,23.247526,23.027693,27.043665,30.79282,29.128433,26.061401,26.332714,22.698263,25.093805,21.789488,26.260252,21.077034,23.5236,23.34004,26.478195,27.964634,25.571098,30.945097,27.138905,25.710484,21.68082,23.105106,20.89898,15.762191,17.20572,13.230235,16.131973,16.838562,12.691134,17.173565,12.38252,17.10635,13.22908,8.554347,7.459878,5.5831823,12.633457,11.882429,8.915453,11.027131,14.144187,14.347298,13.160317,16.341864,18.866495,19.013523,19.81677,21.645935,17.767504,22.714336,19.910812,24.724533,26.724907,25.881308,22.572395,21.335413,16.519278,16.595795,12.720486,13.7289915
5,13.873269,11.257321,7.8972335,6.398892,5.919949,0.0,7.0254364,8.697688,10.680504,13.878497,16.901028,20.878578,16.799343,15.370537,10.63017,9.809072,6.711987,7.5222836,7.3227687,10.114695,12.94457,13.495481,16.887682,16.971722,15.860563,15.576574,12.786973,10.781034,11.652994,8.6432085,13.696012,9.326591,17.53803,15.044695,18.584358,20.927246,18.539356,19.233025,14.932445,12.887921,16.861645,14.976655,16.86466,17.654179,17.47027,17.497438,19.97748,19.194408,22.714056,22.876986,27.031174,27.79936,31.587181,35.361427,34.002747,31.16674,31.168325,27.301088,29.034002,25.47332,29.170774,23.35484,25.303173,24.256119,26.81898,28.21881,24.78435,29.739496,25.980087,25.27625,21.383926,23.402258,22.165766,17.283127,19.226038,16.254787,18.752491,21.115017,16.728212,21.437845,17.082052,22.628956,18.89309,14.3392725,13.32412,11.020832,18.136818,17.677216,13.639659,15.522165,19.060823,18.772783,16.554697,20.130676,23.091328,22.169857,22.483677,23.485449,18.89677,23.287733,19.165,23.51072,25.230583,24.988518,21.506912,21.417418,16.485493,16.770452,13.899059,13.792283
6,17.627598,13.623688,11.869535,8.926852,5.5737553,7.0254364,0.0,7.580225,7.8174615,11.422891,15.006382,19.209246,16.199404,15.433559,11.44649,8.898446,7.3624253,4.90532,9.674119,8.725599,13.24463,13.238231,17.160797,16.305096,13.884771,14.787632,10.482277,10.577593,10.37447,10.701335,13.928066,12.8808365,19.900496,17.892204,21.91443,24.87395,23.47968,23.665756,19.729067,17.383823,19.823095,17.954165,17.616535,17.400177,18.085215,15.465944,18.383131,15.7745905,20.62543,19.663715,24.031883,24.351892,27.501223,31.927425,29.588415,26.7136,26.26843,22.405945,24.698954,20.667387,25.355345,19.280294,22.657072,21.858995,25.47281,25.597752,23.37086,28.460215,23.97087,22.569508,18.26825,19.085604,16.983427,11.809491,12.766121,9.47307,11.798622,14.34848,10.6016865,15.779107,12.606315,17.615993,15.578999,10.7281685,10.586614,6.5322924,12.763806,14.068122,9.223056,9.464504,13.200261,13.553904,10.859191,13.546568,16.997671,16.39184,16.399307,17.27793,13.530754,18.1128,15.423888,20.2437,21.861364,20.725918,17.39668,15.925721,11.206274,11.074483,7.448375,8.811935
7,22.323595,19.1651,15.888754,14.191503,11.784772,8.697688,7.580225,0.0,4.876639,5.9458013,10.961699,14.194836,9.45662,9.668851,5.002132,6.0060234,7.3147273,9.321378,13.869462,15.301399,19.33359,20.026445,23.702772,22.630999,20.452358,20.412317,15.718077,14.278651,12.12563,11.66692,11.571895,9.453211,15.370929,11.586503,16.35008,19.060593,18.812353,19.557482,16.579325,15.3231945,17.10007,17.601742,16.621744,18.160751,20.229523,18.244146,22.883259,21.533468,26.180286,26.029123,30.01802,31.19449,33.89884,38.49802,36.18029,33.55659,32.70692,28.71061,30.413204,26.048016,29.995056,23.228136,26.391115,24.511143,27.643873,26.893442,23.732122,27.955797,23.147911,22.691103,18.593536,19.55092,18.808468,14.537932,15.418744,14.163448,14.867738,19.609266,15.838511,20.654589,18.441446,24.277628,22.575678,18.0001,18.07927,14.008065,19.853292,21.642508,16.36181,16.136868,19.897408,20.008345,16.366697,18.729008,22.658247,20.928242,20.027275,19.261177,15.331581,18.421545,14.372185,18.236492,18.911673,18.271101,14.788605,14.65525,10.584573,10.056021,9.12729,7.851027
8,23.873306,20.421915,18.047703,15.044622,12.648404,10.680504,7.8174615,4.876639,0.0,4.2738943,7.3508525,11.405358,8.995593,8.178246,6.0178432,3.1302176,6.0161896,7.5162497,13.258059,14.186295,18.224623,19.468998,22.838646,20.86741,18.397955,18.138956,12.953943,11.839714,8.608355,10.019635,8.420828,9.652799,14.132374,12.666218,16.545853,19.913187,19.800575,19.573402,16.714365,14.95244,15.507101,15.720216,13.357709,14.388412,17.093178,14.168927,19.42757,18.265514,22.973196,23.06355,26.699625,28.488272,30.670767,35.40291,33.12521,30.818926,29.632715,25.55549,26.743555,22.283638,25.813843,18.890219,22.156015,20.071638,23.382273,22.154516,19.294315,23.552385,18.580849,17.91879,13.7621565,14.720807,14.19072,10.269484,11.888006,11.547044,13.336122,18.2385,16.018988,21.170547,19.479801,24.139153,23.09899,18.264645,17.813906,13.96092,19.048883,20.711721,14.538017,14.195297,17.840727,17.261217,13.185001,15.91348,19.6058,17.092573,16.078312,15.309074,10.853708,13.914855,9.61289,13.770452,14.929282,14.405564,10.895417,11.430727,6.759394,8.257951,8.033129,9.179202
9,27.518726,24.187796,21.380644,18.902473,16.430862,13.878497,11.422891,5.9458013,4.2738943,0.0,6.1066303,8.754169,5.5623045,6.5018063,5.7927895,6.0486298,9.7020235,11.783261,17.31274,18.43418,22.485138,23.678608,27.098707,25.122776,22.6091,22.322361,17.090023,15.890224,12.2599535,13.535095,10.025303,11.295987,13.982731,11.606758,15.764023,18.927925,19.862457,19.90664,17.892857,16.835443,16.681906,18.243229,15.285916,17.002386,20.358322,17.413792,23.146332,22.082623,26.838516,26.936604,30.42214,32.31294,34.162758,39.05593,36.53273,34.318695,32.894802,28.878307,30.007074,25.409151,28.806005,21.772676,25.19484,22.735428,25.920135,23.846449,20.95096,24.462992,19.235346,19.027111,15.194727,15.611573,15.7228155,12.754486,13.556156,14.232202,14.6733,20.427149,18.272337,23.05938,22.077168,27.023626,26.421041,21.788666,21.734098,17.605095,22.317253,24.574135,18.524822,17.632473,21.141188,20.822605,16.57191,18.53041,22.448532,19.738094,18.168661,16.313446,12.671582,14.295262,10.091355,13.138803,13.24479,12.699063,9.313348,10.376183,7.307779,7.9338593,9.590235,9.451963
10,30.029509,26.904757,24.617632,21.359,19.494944,16.901028,15.006382,10.961699,7.3508525,6.1066303,0.0,4.5926375,6.6555786,5.0234876,8.525206,7.1284146,10.885781,13.310162,18.232275,19.80293,23.19642,25.191853,27.985468,25.23302,22.90512,21.868526,16.877747,15.342679,10.925875,13.087445,6.821242,11.579609,10.982262,11.972825,14.261649,17.939827,19.115965,18.019188,16.702967,15.602399,13.577018,15.7196455,11.195319,13.179094,17.467497,14.682439,21.087526,21.29697,25.342175,26.328465,29.077991,32.058434,33.3686,38.110493,36.09996,34.394764,32.690598,28.641296,28.706837,24.309977,26.35972,19.440624,22.064362,18.962252,21.580559,19.056,15.785866,18.691925,13.552538,13.931274,10.786221,12.031419,13.665223,12.302391,14.452955,16.222292,17.955568,23.3534,22.447775,27.44765,26.453632,30.470276,29.963102,25.099697,24.276276,20.780336,25.167067,26.68296,20.030043,19.647364,22.873148,21.519567,17.207441,19.845846,23.049112,19.24659,17.721075,15.920865,11.625999,12.131487,6.500783,8.204761,8.946041,10.015737,7.1135216,11.199359,8.678952,11.735525,13.727005,15.005229
11,34.28057,31.26424,28.712547,25.726875,23.839304,20.878578,19.209246,14.194836,11.405358,8.754169,4.5926375,0.0,6.6205554,6.488571,11.245562,11.356323,15.182833,17.8568,22.656994,24.389957,27.754692,29.775888,32.555923,29.754196,27.436085,26.326366,21.397594,19.807602,15.373206,17.27238,10.435093,14.683295,11.8673935,12.79057,14.451429,17.752464,20.040577,19.000183,18.766905,18.362864,15.554927,18.870655,14.106911,16.545868,21.145664,18.582832,25.108795,25.52419,29.447157,30.536793,33.045975,36.223095,37.19162,41.992683,39.887653,38.345287,36.430317,32.46844,32.334328,27.945225,29.62861,22.872652,25.385448,21.994053,24.23418,20.935574,17.75721,19.403687,14.44527,15.531403,13.343178,14.045995,16.406887,16.04264,17.625328,20.022358,20.998482,26.802576,26.051544,30.811018,30.270191,34.400307,34.17989,29.39768,28.757402,25.104303,29.29387,31.125814,24.50284,23.83439,26.947344,25.696438,21.33668,23.483164,26.708532,22.738993,20.866604,18.315691,14.934949,13.9608345,9.268837,8.495928,7.535491,9.398308,7.675729,12.582617,11.800036,14.237629,17.089483,17.768822
12,30.631727,27.844906,24.56779,22.524942,20.606049,16.799343,16.199404,9.45662,8.995593,5.5623045,6.6555786,6.6205554,0.0,3.9662237,6.2796955,9.064985,12.6897335,16.018885,20.499542,22.711111,26.319084,27.88145,31.078203,29.110785,26.938906,26.082397,21.169056,19.176077,15.386501,15.729952,10.69146,11.345588,11.215234,8.247362,11.9704485,14.799219,16.882324,17.1054,16.334747,16.290548,15.308127,18.58761,15.66432,18.536812,22.265997,20.43567,26.504694,26.439556,30.678,31.408571,34.618546,37.04001,38.83692,43.60021,41.407528,39.350086,37.875507,33.81249,34.468456,29.96799,32.60665,25.607714,28.322565,25.347868,27.781742,25.642323,21.99957,24.576359,19.759989,20.494228,17.43391,18.39154,19.584234,17.440453,18.624506,19.692865,20.084711,25.966295,23.658648,28.342337,27.210022,32.469814,31.535175,26.843403,26.582863,22.633215,27.755066,29.677462,23.513458,23.013765,26.552528,25.937975,21.665956,23.893333,27.66286,24.537159,22.903542,20.735123,17.042177,17.667482,12.791757,14.128147,13.527125,14.146728,11.408629,14.188403,12.207977,13.012376,15.091867,14.2301855
13,28.848835,26.241245,23.262583,20.78018,19.324091,15.370537,15.433559,9.668851,8.178246,6.5018063,5.0234876,6.488571,3.9662237,0.0,5.3987603,6.980397,10.372614,14.121972,17.97426,20.668169,23.848757,25.82036,28.68745,26.521088,24.598648,23.310724,18.697678,16.290138,12.480072,12.616324,6.984132,8.518788,7.812674,6.990912,9.823802,13.299205,14.681756,14.2255335,13.210071,12.883079,11.496161,14.749985,11.797826,14.929268,18.626257,17.424593,23.464083,24.107298,27.873438,29.095669,32.098194,34.929287,36.813972,41.3476,39.61402,37.681812,36.30097,32.175945,32.422028,28.125864,30.223768,23.355785,25.443222,22.374243,24.444855,22.904818,18.79185,21.578281,17.109516,17.989233,15.072,16.912714,18.367369,16.223265,18.35499,19.225853,20.726023,26.12881,24.04388,29.06012,27.393227,32.31093,30.99137,26.08561,25.274982,21.771513,27.16409,28.360512,21.96224,22.087868,25.636106,24.476208,20.320467,23.295197,26.694984,23.283314,22.010826,20.47413,15.9835,17.07163,11.390646,12.916107,13.265957,14.539958,11.688341,15.168102,12.276156,14.207822,15.641494,15.659038
14,24.405512,21.797308,18.428835,16.544697,14.983791,10.63017,11.44649,5.002132,6.0178432,5.7927895,8.525206,11.245562,6.2796955,5.3987603,0.0,5.0153813,7.36974,11.212675,14.829664,17.551342,20.970823,22.420792,25.643023,24.192072,22.34193,21.4731,16.974342,14.586911,11.764844,10.728186,8.548878,6.231281,10.580778,6.924914,11.4743595,14.411488,14.593841,15.101702,12.7692375,12.0725,13.0364685,14.880577,13.690856,16.265648,18.869091,17.851109,23.10554,23.028316,27.07679,27.79497,31.358772,33.398922,35.922237,40.384075,38.541725,36.205887,35.218082,31.10273,32.055874,27.771214,30.741167,23.894606,26.285475,23.82065,26.274384,25.572197,21.64018,25.316574,20.842625,21.092909,17.504398,19.215075,19.54406,16.061348,17.840366,17.428406,18.753222,23.739325,20.554672,25.507515,23.229368,28.783813,26.89017,22.10117,21.560404,17.943302,23.954918,25.121117,19.284319,19.592272,23.350563,22.72355,18.864538,21.854502,25.501684,22.940817,21.988602,21.013704,16.478367,18.869184,13.667457,16.629986,17.272722,17.633383,14.292737,16.01099,12.174319,12.964596,13.11533,12.3610935
15,22.975185,19.914682,17.498003,14.378475,12.693596,9.809072,8.898446,6.0060234,3.1302176,6.0486298,7.1284146,11.356323,9.064985,6.980397,5.0153813,0.0,3.9931154,7.1614614,11.758778,13.790365,17.292894,19.012959,22.074242,20.056849,17.980587,17.114286,12.312704,10.283302,6.9959297,7.4878135,5.7987514,6.8501954,11.520616,10.850094,14.205624,17.68681,17.193268,16.716537,13.737737,11.880407,12.470468,12.71559,10.76118,12.284038,14.887782,13.027835,18.328081,18.133171,22.258533,22.982037,26.439083,28.67033,31.03121,35.50346,33.73186,31.52571,30.470036,26.329422,27.087597,22.849619,25.74619,18.933685,21.407658,19.131231,21.928764,21.354128,17.833483,22.119669,17.572817,17.253286,13.368397,15.266092,15.253235,11.565388,14.07811,13.612996,16.13101,20.59216,18.316936,23.570684,21.308306,25.920246,24.30103,19.316328,18.320635,14.98647,20.586824,21.428215,15.123029,15.623652,19.278847,18.175085,14.294164,17.77548,21.083923,18.300148,17.617239,17.26965,12.216618,15.312971,10.166902,14.003961,15.546031,15.757157,12.3426,13.919142,9.239991,11.341909,10.925338,12.01419
16,19.160568,16.244493,14.062839,10.686173,9.594897,6.711987,7.3624253,7.3147273,6.0161896,9.7020235,10.885781,15.182833,12.6897335,10.372614,7.36974,3.9931154,0.0,4.6246915,7.8458047,10.548621,13.7267475,15.510219,18.49195,16.841103,15.1365795,14.143501,9.946377,7.403654,5.8354216,4.4433746,7.312703,6.2773213,12.940597,12.480544,15.491501,18.744368,17.169783,16.732656,12.91115,10.453741,12.46087,11.107609,10.937782,11.865963,13.117025,12.243505,16.43896,16.399496,20.14053,20.957045,24.602709,26.594572,29.511393,33.653305,32.26488,29.908115,29.257273,25.144072,26.020113,22.116924,25.06446,18.67125,20.6373,18.871815,21.492733,22.111692,18.532978,23.320751,19.33691,18.772001,14.948733,17.28067,16.753843,12.507652,15.371105,13.780901,17.046633,20.449318,17.750008,23.027452,19.885338,24.425507,22.01038,16.981802,15.518497,12.806379,19.015135,18.949566,12.992262,14.470473,18.123022,16.877703,13.635928,17.72857,20.663935,18.396854,18.358639,18.969463,13.736673,17.681839,12.907833,17.045994,19.034279,19.222569,15.8540535,16.903418,11.85173,13.723481,12.046878,13.312312
17,17.767866,14.132731,13.062842,8.798667,6.98884,7.5222836,4.90532,9.321378,7.5162497,11.783261,13.310162,17.8568,16.018885,14.121972,11.212675,7.1614614,4.6246915,0.0,6.611885,6.7335305,10.73234,12.06381,15.324459,13.525147,11.281474,11.160139,6.507248,5.8306074,5.748421,6.582409,10.547233,10.837972,17.226873,16.995857,20.082531,23.36779,21.650415,21.093277,17.08506,14.287051,16.265745,13.695445,13.302758,12.682428,13.188014,10.937662,14.099773,12.695748,17.024912,17.057388,21.044893,22.440454,25.473427,29.712875,28.046066,25.531403,24.988848,20.928576,22.283104,18.409704,22.106243,15.985153,18.560991,17.564985,20.84774,21.551949,18.998192,24.247227,20.20724,18.866266,14.807421,16.536907,14.949214,10.109504,12.784837,10.233499,14.253214,16.594667,14.348402,19.617506,16.450058,20.219534,18.05539,12.994686,11.397976,8.80807,14.608219,14.482727,8.383068,10.033592,13.619693,12.464014,9.595049,13.820772,16.537853,14.905374,15.299078,16.731905,11.892903,16.651878,13.213768,17.939085,20.20556,19.749134,16.52025,16.354486,11.219647,12.955333,10.228307,12.6265745
18,12.821114,10.259179,9.981641,5.510979,7.0845003,7.3227687,9.674119,13.869462,13.258059,17.31274,18.232275,22.656994,20.499542,17.97426,14.829664,11.758778,7.8458047,6.611885,0.0,5.540649,6.619329,8.795261,11.174988,10.394753,9.934962,8.692149,7.5409174,5.298604,8.781211,6.166392,13.326882,11.617669,18.506737,18.856853,20.999144,23.816908,20.814703,20.210283,15.655359,12.575457,15.985604,11.788381,14.266404,13.540422,11.731787,12.675723,13.471771,13.710696,16.079807,17.033724,20.789043,22.207857,26.12684,29.404417,28.90971,26.399813,26.59732,22.78159,23.749655,20.86601,23.643702,18.721426,19.524668,19.064608,21.23468,23.924343,20.818815,26.162565,23.294514,22.224508,18.84391,21.506887,20.206663,15.807714,18.908657,15.919999,20.228638,21.306288,18.620327,23.440193,19.001085,22.45635,18.674475,14.04674,11.274839,11.072347,17.18678,14.791207,10.514571,13.99736,16.918861,15.306471,14.020948,18.689474,20.411657,19.265484,20.426731,22.64355,17.667345,22.44553,18.647778,22.96865,25.578276,25.681282,22.51721,22.892818,17.7436,19.483263,16.490425,18.276314
19,13.601157,9.797528,11.115638,6.234342,6.1166124,10.114695,8.725599,15.301399,14.186295,18.43418,19.80293,24.389957,22.711111,20.668169,17.551342,13.790365,10.548621,6.7335305,5.540649,0.0,4.7061605,5.428806,8.76136,7.652058,5.8658757,6.8603473,5.5036793,6.8295774,10.172177,10.223942,16.1998,15.922099,22.624481,22.800348,25.46577,28.518486,25.935345,25.297735,20.860304,17.745014,20.482498,16.274706,17.359388,15.557237,13.896713,12.579571,12.291711,10.161195,13.542125,13.007542,17.334476,17.720676,21.73307,25.294907,24.185526,21.417612,21.70583,17.997635,19.75212,16.891077,20.764097,16.267136,18.075584,18.462612,21.525421,23.700504,21.86014,27.44594,24.242998,22.442554,18.840342,20.586348,18.286882,13.709455,16.14674,12.4407,17.026506,16.777187,14.831486,19.351984,15.167881,17.43348,14.177562,9.593011,6.45061,7.0620637,12.015905,9.403147,5.3362603,9.293781,11.74057,10.418387,10.129435,14.381323,15.700787,15.545246,17.097271,19.965357,15.867013,21.015028,18.657303,23.359182,26.008984,25.41689,22.445885,21.657202,16.821684,18.241352,14.668908,17.274067
20,12.213501,9.549393,12.177495,7.8855066,9.640682,12.94457,13.24463,19.33359,18.224623,22.485138,23.19642,27.754692,26.319084,23.848757,20.970823,17.292894,13.7267475,10.73234,6.619329,4.7061605,0.0,3.7391613,4.862358,4.2515535,5.056594,4.9087563,7.596059,8.330797,12.681339,11.961278,18.607426,18.136866,24.47636,25.394077,27.376112,30.26403,27.097261,26.199226,21.698696,18.490053,21.446499,16.368082,18.557533,16.394262,13.340753,13.73947,11.409173,10.726537,11.963472,12.2872305,16.07163,16.632212,21.148878,23.818151,23.786423,21.231321,22.04372,18.683893,19.839945,17.970423,20.811815,17.543821,17.93724,18.858433,21.121994,24.58759,22.703323,28.254654,25.910666,24.187992,21.148933,23.411757,21.366974,17.340162,20.187876,16.682842,21.505484,20.61025,19.003384,23.104527,18.589329,19.973495,16.08874,12.389533,8.666284,11.099407,15.026978,10.723602,8.79266,13.119132,14.719707,12.83147,13.570431,17.937454,18.324911,18.263842,20.280067,23.615664,19.43231,24.461802,21.987347,26.394474,29.338545,29.102558,26.251806,25.908195,21.069376,22.828024,19.355577,21.921528
21,10.72514,7.477729,11.011265,7.5191307,8.944716,13.495481,13.238231,20.026445,19.468998,23.678608,25.191853,29.775888,27.88145,25.82036,22.420792,19.012959,15.510219,12.06381,8.795261,5.428806,3.7391613,0.0,4.167909,5.9703937,6.2672853,7.9566674,9.890239,11.256443,15.241984,14.607605,21.2095,20.236097,27.163025,27.278002,29.755453,32.5333,29.417078,28.900028,24.304216,21.226122,24.505655,19.704714,21.775095,19.721182,16.977814,16.669352,14.351896,12.270782,14.031848,13.085462,17.229954,16.416967,21.270916,23.912384,23.42788,20.49211,21.644129,18.568724,20.610834,18.823732,22.527102,19.481798,20.555016,21.748783,24.376707,27.462648,25.916769,31.515566,28.85195,26.950571,23.655502,25.41521,22.895376,18.571186,20.683012,16.624317,20.915396,19.229937,17.232616,20.78079,15.957491,17.117733,12.717796,9.5875845,5.920313,9.4735775,12.8252945,8.121446,8.422701,12.421653,13.6519785,12.720151,14.070415,17.65014,18.061932,18.971489,21.00201,24.379866,20.7701,25.931751,23.945208,28.59208,31.340818,30.705915,27.801052,26.735233,22.0469,23.139784,19.25868,21.575518
22,11.825416,9.982069,14.016407,10.931485,12.9302435,16.887682,17.160797,23.702772,22.838646,27.098707,27.985468,32.555923,31.078203,28.68745,25.643023,22.074242,18.49195,15.324459,11.174988,8.76136,4.862358,4.167909,0.0,4.5849233,7.0006557,7.892782,11.837338,13.098157,17.443064,16.7441,23.445591,22.774002,29.187054,30.030926,31.973375,34.7121,31.284363,30.458748,25.928452,22.790558,25.93277,20.606348,23.111828,20.67917,17.130375,17.705536,13.942438,12.863077,12.802156,12.476555,15.874889,15.192532,20.29807,22.070019,22.578037,19.956783,21.504911,18.826763,20.251156,19.368898,22.133091,20.229843,20.2498,21.923191,23.956959,27.90325,26.53651,32.033737,30.049332,28.140226,25.321589,27.372417,25.019835,21.199219,23.661894,19.879929,24.498682,22.425909,21.05828,24.355352,19.664354,19.84489,15.555667,13.234383,9.627048,13.5181675,15.889349,10.419794,11.477691,15.588734,16.211477,14.696818,16.645052,20.345873,19.97788,20.840212,23.210575,26.96333,23.333788,28.371145,26.441261,30.84548,33.845734,33.452934,30.699804,29.964794,25.308947,26.802217,23.070732,25.604427
23,15.454089,13.035516,16.221844,12.0283375,13.336547,16.971722,16.305096,22.630999,20.86741,25.122776,25.23302,29.754196,29.110785,26.521088,24.192072,20.056849,16.841103,13.525147,10.394753,7.652058,4.2515535,5.9703937,4.5849233,0.0,3.530216,3.8018227,8.514759,10.361329,14.48462,14.822975,20.78601,21.449766,27.045399,28.70077,30.40195,33.46584,30.379658,29.087137,24.76578,21.45664,23.752232,18.388506,20.013367,17.055964,13.641087,13.600334,9.427781,8.667911,8.479978,8.829241,12.211697,12.89944,17.462873,19.76341,20.226547,17.949593,18.930891,15.862634,16.576027,15.51971,17.825329,15.839138,15.670309,17.401169,19.578995,23.41098,22.351248,27.834963,25.951687,23.909416,21.32454,23.423405,21.225925,17.906599,20.806063,17.603758,22.765123,21.100796,20.705221,24.480085,20.49461,20.37831,17.22886,14.164634,10.413904,13.4477215,15.546419,10.63553,9.611994,13.778196,14.402026,11.899658,13.672962,17.822388,17.168612,17.299152,19.766573,23.65601,19.924732,24.767994,23.028738,27.210423,30.38264,30.119442,27.594501,27.195772,22.68639,24.798088,21.482359,24.621193
24,16.71005,13.466157,16.122532,11.53054,11.835977,15.860563,13.884771,20.452358,18.397955,22.6091,22.90512,27.436085,26.938906,24.598648,22.34193,17.980587,15.1365795,11.281474,9.934962,5.8658757,5.056594,6.2672853,7.0006557,3.530216,0.0,3.7621543,6.0852995,9.050963,12.58019,13.847642,19.185352,20.408916,26.018421,27.419724,29.503159,32.754574,30.099411,28.864279,24.601715,21.283941,23.253857,18.351528,19.014582,16.003656,13.510773,11.849924,8.774913,6.105913,8.2605,7.494893,11.690202,12.277611,16.419048,19.625116,19.11231,16.652618,17.16048,13.684265,14.885848,13.022592,16.30165,13.458539,14.486353,16.02536,18.98642,21.836302,21.073263,26.64445,24.176447,21.92324,19.005257,20.658834,18.148449,14.672061,17.353405,14.138695,19.357807,17.801373,17.769054,21.713043,18.1962,18.09241,15.680202,12.180618,8.666884,10.998527,12.801632,8.705472,6.34328,10.387054,11.13073,8.513294,10.173005,14.315142,13.891561,14.011239,16.400896,20.262585,16.740923,21.66084,20.311872,24.656088,27.714565,27.171288,24.68419,23.942583,19.58254,21.63485,18.363712,21.777475
25,17.037868,14.406659,16.614565,11.881781,12.828712,15.576574,14.787632,20.412317,18.138956,22.322361,21.868526,26.326366,26.082397,23.310724,21.4731,17.114286,14.143501,11.160139,8.692149,6.8603473,4.9087563,7.9566674,7.892782,3.8018227,3.7621543,0.0,5.4991436,7.0958548,11.038504,11.849668,17.301004,18.689367,23.709398,25.84403,27.344213,30.571924,27.740702,26.197582,22.051931,18.69308,20.460663,15.229827,16.331041,13.276137,10.117398,9.909915,6.5209656,6.9704647,7.563046,9.084486,12.315479,14.416364,18.200857,21.064945,21.29287,19.273737,19.598232,16.068157,16.176445,14.419143,16.316433,13.304692,13.078058,14.204737,16.472631,20.101141,18.694906,24.219358,22.241064,20.319607,17.753668,20.163448,18.36342,15.213218,18.649616,16.003586,21.424374,20.740072,20.488388,24.808786,21.158329,21.695791,19.01385,15.192869,11.585231,13.377985,16.239943,12.363665,9.015945,13.0510235,14.299517,11.236219,11.916896,16.67586,16.432205,15.502451,17.723734,21.333477,17.105345,21.805868,19.663637,23.689346,26.93136,26.911842,24.423643,24.55069,19.990839,22.575495,19.685493,22.986675
26,18.573814,15.134622,16.021618,10.99936,10.48813,12.786973,10.482277,15.718077,12.953943,17.090023,16.877747,21.397594,21.169056,18.697678,16.974342,12.312704,9.946377,6.507248,7.5409174,5.5036793,7.596059,9.890239,11.837338,8.514759,6.0852995,5.4991436,0.0,4.093579,6.5717235,8.923233,13.250635,15.369293,20.421665,22.05581,24.13033,27.591497,25.459614,24.091433,20.10082,16.846495,18.155485,14.005909,13.58939,10.967296,9.93644,7.166536,7.941521,6.695357,10.519421,11.045925,14.740108,16.814077,19.815144,23.739796,22.73913,20.570467,20.141735,16.118025,16.714514,13.490915,16.47406,11.340055,13.051984,13.051459,16.358076,18.197292,16.581213,22.187822,19.081724,17.125364,13.771421,15.825388,13.930042,10.141516,13.697325,11.333322,16.73441,17.278934,16.94607,21.787386,18.751925,20.259195,18.370975,13.789015,10.960667,10.701517,14.305946,12.418275,6.4514565,9.606223,11.910058,9.077952,7.7866635,12.9461975,13.9023695,12.176547,13.731998,16.703955,12.0919075,16.98077,14.639875,19.01941,22.035418,21.77479,19.138039,19.151577,14.504617,17.180754,14.573599,18.055037
27,17.834774,14.981821,15.022059,10.234549,10.415893,10.781034,10.577593,14.278651,11.839714,15.890224,15.342679,19.807602,19.176077,16.290138,14.586911,10.283302,7.403654,5.8306074,5.298604,6.8295774,8.330797,11.256443,13.098157,10.361329,9.050963,7.0958548,4.093579,0.0,4.538916,5.0850887,10.464067,11.876613,16.972822,18.85202,20.548386,23.905746,21.538334,20.124876,16.07672,12.790716,14.385103,10.132941,10.6288395,8.890651,7.776789,7.393914,9.43045,10.37629,13.0421,14.590103,17.880816,20.424234,23.509068,27.144855,26.577297,24.50278,24.126373,20.118206,20.312223,17.17774,19.321968,13.9787445,14.75158,13.912345,16.369019,18.645102,15.773735,21.240881,18.33759,17.063297,13.83842,16.73035,15.74313,12.032374,15.906105,13.913298,18.89115,20.373518,19.143974,24.227879,20.787954,23.342375,20.802715,15.995632,13.184588,12.543616,17.487774,15.575888,9.797327,12.868917,15.643539,13.094456,11.204303,16.33264,17.75874,15.567989,16.68559,18.962166,13.69415,18.228746,14.542529,18.65221,21.616066,21.919044,19.067827,19.993158,15.046999,17.852776,15.580612,18.36899
28,21.525963,18.459808,17.665766,13.195131,12.386865,11.652994,10.37447,12.12563,8.608355,12.2599535,10.925875,15.373206,15.386501,12.480072,11.764844,6.9959297,5.8354216,5.748421,8.781211,10.172177,12.681339,15.241984,17.443064,14.48462,12.58019,11.038504,6.5717235,4.538916,0.0,5.112645,6.6945662,10.24233,14.121755,16.259918,18.079098,21.739351,20.242147,18.69589,15.234134,12.289853,12.558728,9.970476,8.035295,7.0313854,8.687853,6.432326,11.3728285,12.112991,15.537844,16.958748,20.003912,22.929619,25.259344,29.385088,28.29706,26.40032,25.45792,21.319523,21.332193,17.583624,19.662346,13.335233,14.902561,13.038719,15.84648,16.571264,13.406949,18.62152,14.9236,13.8713455,10.26343,13.183351,12.83587,9.468126,13.562024,12.750555,17.297647,20.067616,19.160156,24.447016,21.825779,24.766459,23.053095,18.071903,15.931022,14.068457,18.839739,18.224052,11.656733,13.406369,16.481983,14.089465,10.930464,15.694593,17.742016,14.636727,14.967046,16.283415,10.64503,14.645233,10.254365,14.304006,17.157608,17.614456,14.755108,16.329626,11.524436,14.892545,13.598602,16.44026
29,18.403332,16.094746,14.653261,10.853843,11.136927,8.6432085,10.701335,11.66692,10.019635,13.535095,13.087445,17.27238,15.729952,12.616324,10.728186,7.4878135,4.4433746,6.582409,6.166392,10.223942,11.961278,14.607605,16.7441,14.822975,13.847642,11.849668,8.923233,5.0850887,5.112645,0.0,7.3587723,6.901009,12.582613,14.048448,15.683494,18.917353,16.54463,15.390886,11.278302,8.145481,10.345969,7.275533,8.640198,9.221265,9.349521,10.45125,13.895034,15.346063,17.925068,19.672747,22.87999,25.493752,28.54869,32.21341,31.601648,29.48358,29.021975,24.956535,25.161314,21.777723,23.742357,17.930954,18.626701,16.930868,18.788471,20.641556,16.633526,21.55439,18.488409,18.066492,14.856672,18.072847,17.896408,14.193933,17.859043,16.285841,20.398787,23.066765,20.859238,26.103725,22.548166,26.385216,23.516054,18.553297,16.254503,14.729524,20.74341,19.455812,13.6837435,16.177916,19.469643,17.446266,14.814239,19.596083,21.76674,19.271559,19.756788,21.039545,15.473472,19.4324,14.501359,18.22045,20.748682,21.49591,18.394516,20.094168,15.083678,17.63515,15.912417,17.633493
30,25.54402,23.000422,21.041735,17.513386,16.747208,13.696012,13.928066,11.571895,8.420828,10.025303,6.821242,10.435093,10.69146,6.984132,8.548878,5.7987514,7.312703,10.547233,13.326882,16.1998,18.607426,21.2095,23.445591,20.78601,19.185352,17.301004,13.250635,10.464067,6.6945662,7.3587723,0.0,7.2233257,7.818518,10.9804945,12.106694,15.968871,15.464816,13.726661,11.454199,9.57875,7.92437,8.925138,5.3671756,8.106784,11.652346,11.095457,16.907612,18.536535,21.549065,23.430918,26.08777,29.456633,31.439365,35.59319,34.532665,32.8115,31.608408,27.473053,27.128664,23.258244,24.61356,18.119423,19.25998,16.307928,18.100447,17.841024,13.348089,17.219156,13.362606,13.818349,10.920512,14.174062,15.49894,13.283766,16.864363,17.235909,20.547909,24.741236,23.353525,28.673603,26.367905,30.269056,28.583769,23.525484,21.812279,19.274141,24.551985,24.546894,17.965588,19.093973,22.403898,20.338474,16.640764,20.723072,23.291418,19.631,19.13901,18.980917,13.497866,15.715347,9.730125,12.18136,14.351619,15.875467,13.079986,16.48584,12.432211,15.762769,15.962538,17.59508
31,21.447227,19.63061,16.589546,14.504519,14.370151,9.326591,12.8808365,9.453211,9.652799,11.295987,11.579609,14.683295,11.345588,8.518788,6.231281,6.8501954,6.2773213,10.837972,11.617669,15.922099,18.136866,20.236097,22.774002,21.449766,20.408916,18.689367,15.369293,11.876613,10.24233,6.901009,7.2233257,0.0,8.263791,7.3588605,9.683963,12.660505,10.914758,10.809897,7.2813463,5.971977,8.453883,9.513593,10.575727,13.466266,14.972571,16.119263,20.54912,21.831944,24.754938,26.350546,29.63184,32.140278,35.081207,38.96582,38.02802,35.81132,35.179623,31.054234,31.45994,27.705208,29.8145,23.505041,24.564898,22.209547,23.778297,24.649416,19.984402,23.896622,20.500309,20.968624,17.870304,20.802382,21.336433,17.841604,20.770271,19.777264,22.48636,26.454754,23.320265,28.468784,25.1673,30.309797,27.43888,22.533754,21.053476,18.548143,25.103024,24.792578,19.10867,20.74044,24.399317,23.033861,19.75531,23.828945,26.787914,24.13134,23.884233,23.939451,18.613676,21.61113,15.905972,18.818386,20.362833,21.434095,18.221323,20.548546,16.063679,17.811853,17.049665,17.13374
32,29.157412,27.530441,24.764534,22.354895,22.181843,17.53803,19.900496,15.370929,14.132374,13.982731,10.982262,11.8673935,11.215234,7.812674,10.580778,11.520616,12.940597,17.226873,18.506737,22.624481,24.47636,27.163025,29.187054,27.045399,26.018421,23.709398,20.421665,16.972822,14.121755,12.582613,7.818518,8.263791,0.0,7.275081,5.0808434,8.862566,9.349706,7.3123713,7.719911,8.428142,5.160314,10.574968,9.290779,13.609919,16.59433,18.130352,23.462965,25.961302,28.288475,30.697248,33.13653,36.761627,38.88493,42.763855,42.09488,40.422527,39.30937,35.18711,34.596443,30.906837,31.644344,25.467684,25.768877,22.496216,23.008211,23.040945,17.717169,19.86186,17.214254,18.977907,17.281956,20.585306,22.67688,20.903225,24.130157,24.622652,27.255714,31.933567,29.806938,35.036953,32.464844,37.17163,34.942852,29.920835,28.276577,25.734507,31.663778,31.512604,25.216013,26.520807,29.980907,28.04392,24.389557,28.363213,31.0887,27.390087,26.732107,26.043566,20.870134,22.168013,16.049307,16.733948,17.87234,20.261007,17.906569,22.12199,18.821848,21.437593,22.15444,22.518053
33,27.667713,25.999418,22.28543,21.057507,20.411934,15.044695,17.892204,11.586503,12.666218,11.606758,11.972825,12.79057,8.247362,6.990912,6.924914,10.850094,12.480544,16.995857,18.856853,22.800348,25.394077,27.278002,30.030926,28.70077,27.419724,25.84403,22.05581,18.85202,16.259918,14.048448,10.9804945,7.3588605,7.275081,0.0,5.2611017,7.5826235,8.8439045,9.991288,9.541167,10.767231,11.058718,15.071934,14.778529,18.573427,21.15678,21.833572,27.085352,28.260853,31.500238,33.015945,36.216248,38.847557,41.4174,45.590134,44.293705,42.12959,41.18316,37.029034,37.427128,33.35924,35.42203,28.773672,30.172173,27.26948,28.678352,28.373379,23.556479,26.249352,22.661566,23.873383,21.181208,23.573011,24.83255,22.040361,24.250927,24.165903,25.602463,30.652445,27.355366,32.23585,29.66464,35.426388,33.03395,28.257717,27.388945,24.20963,30.563105,31.162674,25.358986,26.174343,29.91955,28.915985,25.136908,28.485405,31.920559,28.96339,28.048578,26.940813,22.217262,23.905329,18.133345,19.713509,20.037283,21.43766,18.598917,21.578373,18.33242,19.410763,20.001574,18.882725
34,30.09767,28.889406,25.492361,24.029602,23.954544,18.584358,21.91443,16.35008,16.545853,15.764023,14.261649,14.451429,11.9704485,9.823802,11.4743595,14.205624,15.491501,20.082531,20.999144,25.46577,27.376112,29.755453,31.973375,30.40195,29.503159,27.344213,24.13033,20.548386,18.079098,15.683494,12.106694,9.683963,5.0808434,5.2611017,0.0,3.920603,5.927165,5.9125004,7.8203344,10.086248,8.849411,14.116542,14.164334,18.435663,20.950796,22.759357,27.871948,30.10511,32.57475,34.79684,37.517513,40.791523,43.22597,47.10614,46.35194,44.463013,43.494144,39.345055,39.10409,35.321728,36.445118,30.154627,30.635704,27.47155,27.988478,28.106756,22.791218,24.720453,22.109697,23.925234,22.064283,25.061739,26.961275,24.786377,27.57909,27.779585,29.804167,34.706375,31.814722,36.85831,34.109608,39.51913,36.94325,32.056732,30.712301,27.988964,34.346035,34.361046,28.390793,29.63859,33.276493,31.738428,28.068876,31.844486,34.89968,31.514435,30.75373,29.82124,24.829868,26.163307,20.118942,20.84104,21.380426,23.557665,21.124357,24.985235,21.839417,23.642416,24.35194,23.758165
35,31.769348,30.980457,27.317955,26.455019,26.584642,20.927246,24.87395,19.060593,19.913187,18.927925,17.939827,17.752464,14.799219,13.299205,14.411488,17.68681,18.744368,23.36779,23.816908,28.518486,30.26403,32.5333,34.7121,33.46584,32.754574,30.571924,27.591497,23.905746,21.739351,18.917353,15.968871,12.660505,8.862566,7.5826235,3.920603,0.0,4.970031,6.602492,9.574703,12.517397,11.963018,17.072752,17.82667,22.10316,24.29919,26.511984,31.399883,33.71224,36.057087,38.322037,41.090923,44.277645,46.883152,50.669353,50.00776,48.04844,47.183052,43.034763,42.86325,39.11697,40.25072,34.012733,34.366882,31.235245,31.541323,31.857267,26.453453,28.119608,25.791418,27.7359,25.97294,28.943014,30.83757,28.561174,31.222652,31.275183,33.06687,37.99837,34.726685,39.639538,36.732212,42.46728,39.61927,34.84871,33.591713,30.912706,37.47765,37.437195,31.704723,33.024303,36.71344,35.303356,31.69651,35.438705,38.57712,35.31665,34.556908,33.565063,28.638872,29.952555,23.951326,24.554064,24.858326,27.033392,24.659973,28.410988,25.37707,26.830778,27.502153,26.449516
36,27.920893,27.603077,24.14781,23.458942,24.203474,18.539356,23.47968,18.812353,19.800575,19.862457,19.115965,20.040577,16.882324,14.681756,14.593841,17.193268,17.169783,21.650415,20.814703,25.935345,27.097261,29.417078,31.284363,30.379658,30.099411,27.740702,25.459614,21.538334,20.242147,16.54463,15.464816,10.914758,9.349706,8.8439045,5.927165,4.970031,0.0,3.9598296,5.8656583,9.164521,10.276804,14.257297,16.664707,20.65276,21.886982,25.010792,29.119104,31.72072,33.596878,36.032898,38.814884,41.880177,44.87124,48.3146,48.046314,46.020542,45.47235,41.373257,41.21081,37.75539,38.82755,32.913223,32.818867,30.034903,30.140491,31.489492,25.958574,28.247976,26.259626,27.910637,26.001383,29.380562,30.900414,28.172293,31.183443,30.608307,32.97223,37.269722,33.781647,38.74138,35.216976,40.810905,37.391422,32.701714,31.125916,28.996143,35.798737,35.074383,29.73372,31.62713,35.25955,33.711174,30.513966,34.66405,37.537067,34.553436,34.215237,33.888325,28.600487,30.66558,24.573086,25.875605,26.81169,28.852293,26.176964,29.59401,25.861351,27.463598,27.371876,26.5939
