,0,1,2,3,4,5,6,7,8,9,10,11,12,13,14,15,16,17,18,19,20,21,22,23,24,25,26,27,28,29,30,31,32,33,34,35,36,37,38,39,40,41,42,43,44,45,46,47,48,49,50,51,52,53,54,55,56,57,58,59,60,61,62,63,64,65,66,67,68,69,70,71,72,73,74,75,76,77,78,79,80,81,82,83,84,85,86,87,88,89,90,91,92,93,94,95,96,97,98,99,100,101,102,103,104,105,106,107,108,109,110,111
0,0.0,4.2829776,6.1567335,9.307083,11.842066,13.285698,17.170427,21.51862,24.33493,27.231344,30.560663,33.92155,35.80865,34.287666,35.379604,30.008116,30.293304,26.235899,25.86474,23.363096,23.086199,22.897696,18.63325,19.242657,16.404778,14.049613,14.899416,15.90616,18.820986,18.433472,22.354933,20.563414,27.375202,25.667404,30.262892,31.73481,31.893635,31.691162,27.046484,23.265244,27.274979,23.557686,25.974028,24.22176,20.645638,22.031984,19.685442,20.955872,25.068304,24.453917,22.926945,28.014626,25.310349,30.098103,28.979715,32.538868,31.04557,33.72239,34.8909,40.34228,34.839176,39.04657,39.353004,38.265907,38.15527,32.18293,34.147846,32.15127,32.090393,31.080942,30.030508,30.449995,26.484144,31.52981,29.49961,31.37824,33.855,30.693962,35.70657,30.756891,33.77267,33.880062,30.000952,26.031689,24.00646,20.805328,19.20289,15.219785,14.679117,13.22351,16.714966,19.58685,23.972942,24.746918,28.721415,31.084267,29.099072,34.060772,31.003946,29.253355,24.838263,24.206013,20.32144,16.389551,14.809684,14.780783,16.817184,21.924126,23.1058,26.365744,29.135935,31.441004
1,4.2829776,0.0,5.378156,6.5033617,8.663944,11.680057,14.073409,19.365442,21.61134,25.14066,27.990337,31.683912,33.16437,31.367804,32.168686,26.771135,26.67303,22.698545,21.92368,19.423716,18.895435,18.78251,14.42328,15.238223,12.674703,10.064591,12.013277,12.903124,15.614972,15.919264,19.450546,18.77787,25.473558,24.363586,28.9192,30.593985,31.247282,30.755774,26.285175,22.353245,25.8875,21.823942,23.740269,21.46489,18.31339,18.745037,17.114195,17.889414,21.90506,22.004303,20.87455,25.271912,23.405094,28.071209,26.829845,30.584612,28.675457,31.829592,32.605747,37.92734,32.044445,36.060966,36.1202,34.774086,34.78195,28.81669,30.447147,28.601362,28.209967,27.3587,25.956356,26.36343,22.742025,27.66953,25.813623,27.992098,30.493578,27.664377,32.88413,28.24345,31.464703,31.997814,27.990772,24.044437,21.479134,18.980892,16.288816,12.597958,11.089111,9.133143,12.543816,15.705616,19.847488,20.988953,24.833866,27.467102,25.734879,30.785145,28.090128,26.734528,22.080519,22.093645,17.567223,14.295994,13.466883,12.010232,13.5399,18.684141,19.46832,22.57101,25.4792,27.518147
2,6.1567335,5.378156,0.0,5.328044,6.799248,7.490862,11.636092,15.434828,18.47692,21.120634,24.61342,27.786337,29.900562,28.430712,29.918787,24.594526,25.32936,21.420795,21.687428,19.86964,20.16483,20.862543,16.762627,18.696054,16.362242,13.213771,15.14231,13.735646,15.45495,14.554253,17.801294,15.956385,22.189846,20.138624,24.87743,26.167969,26.770031,26.722378,22.151917,18.471441,22.660881,19.822351,21.626547,20.680065,18.023249,19.760538,18.259583,20.521305,24.742615,24.60253,22.728817,26.599276,23.829243,28.152283,26.07325,29.504011,27.226702,29.696878,30.439232,35.62944,30.366968,34.206226,34.8569,33.854324,34.53894,28.545654,31.048204,29.722872,29.679571,29.836088,27.772097,27.49182,23.21125,27.844467,25.192717,26.838388,28.8824,25.519833,30.283121,25.124962,27.953222,27.958296,24.239391,20.238964,18.43666,15.139172,13.935712,10.599074,10.614302,10.541165,13.552068,15.161288,20.064945,19.845316,24.011333,25.850433,23.568825,28.427353,25.117039,23.332869,18.962036,18.180395,14.550826,10.608256,9.963725,10.446354,12.152293,17.9857,18.35875,22.108149,24.297436,27.008314
3,9.307083,6.5033617,5.328044,0.0,3.7743676,6.222177,8.715825,13.749398,15.719388,19.473936,22.015896,26.138002,27.121479,25.588331,26.22509,20.87225,21.209236,17.040464,17.188831,14.934831,15.634365,16.198824,12.582233,14.972191,12.520354,9.274505,11.008179,8.557412,10.185839,9.80599,13.176628,12.444542,19.01531,18.304754,22.713268,24.617643,25.47728,24.710556,20.424232,16.439644,19.651426,15.838454,17.413912,15.6876545,13.156838,14.456126,13.310392,15.740613,19.938484,20.01914,18.22284,21.48303,19.213707,23.420977,21.3839,25.01664,22.641407,25.661743,26.261677,31.52199,25.815767,29.823631,30.152277,29.083055,29.39907,23.396772,25.817654,24.411295,24.531387,24.849825,22.902716,22.608147,18.025526,22.86038,20.42509,22.134855,24.560013,21.42605,26.557825,21.881338,25.186007,25.877163,21.695332,17.810902,15.117561,12.775696,10.02972,6.1273584,5.7499957,6.212866,9.40384,11.228438,16.293797,16.345758,20.33262,22.545328,20.74821,25.96177,23.1202,22.387032,17.52348,17.79597,13.424086,11.124497,12.467989,11.062742,11.280925,17.520931,16.217728,19.957006,22.021208,24.18363
4,11.842066,8.663944,6.799248,3.7743676,0.0,5.6237903,5.4292526,11.185659,12.986214,16.882847,19.39434,23.290827,24.545256,22.706032,23.708803,18.316072,18.659185,14.819507,14.937555,13.489878,14.045245,15.408903,11.79203,14.870581,13.374951,9.968589,13.189755,10.051521,10.295983,10.270274,12.269492,12.556465,18.135447,17.283531,21.767021,23.429087,24.912188,24.317493,20.258516,16.518513,19.623745,16.574102,17.229883,15.825555,14.465526,14.977976,15.051176,17.17691,21.05812,21.928581,20.436417,22.629095,21.029926,24.791897,22.218765,25.786201,22.662374,25.756073,25.757536,30.642958,24.908068,28.36694,28.76978,27.469828,28.574322,22.625963,24.965467,24.171217,23.816576,24.826904,21.913092,21.199358,17.101345,21.345928,18.61294,20.538408,22.507345,19.543854,24.592062,19.91571,23.093937,23.868841,19.923925,16.042566,13.239618,11.463917,8.080908,6.0012517,4.5250397,5.8295326,7.703029,8.41885,13.560107,13.181215,17.30568,19.343645,17.386244,22.507954,19.701914,18.87714,13.980612,14.537648,9.793992,8.007136,10.142534,8.093527,7.7470345,14.124631,12.587588,16.479404,18.408932,20.816025
5,13.285698,11.680057,7.490862,6.222177,5.6237903,0.0,6.9027433,8.659886,11.799524,14.256878,17.63081,21.128416,22.85908,21.810402,23.370283,18.25128,19.812796,15.971142,17.654865,16.60211,18.263544,19.773405,16.78753,20.004059,18.056498,14.760177,16.428997,12.096392,11.851038,9.700987,11.905664,9.451234,14.88162,12.827013,17.547367,18.970762,19.959438,19.733622,15.382571,11.779667,15.833174,14.169105,15.24626,15.702367,14.373295,17.11942,16.435736,20.19014,24.263664,24.185434,21.75349,24.042665,20.928558,24.379074,21.22041,24.264164,21.295612,23.30972,23.721151,28.669514,23.897762,27.514647,28.652922,28.05371,29.350142,23.532154,26.992037,26.37609,26.861664,28.407505,25.696144,24.552332,19.472198,23.552023,20.12855,21.002586,22.659016,18.840294,23.213097,17.841362,20.584803,20.602747,16.773256,12.783338,11.283721,7.6498804,7.801979,5.7065163,8.189332,10.846156,12.657663,12.013527,17.484888,15.61439,19.773506,20.760801,18.277082,23.105309,19.491758,18.390638,13.999832,13.290122,10.507561,8.207038,10.750003,11.44878,11.427038,17.788952,15.767901,20.084196,21.034824,23.938137
6,17.170427,14.073409,11.636092,8.715825,5.4292526,6.9027433,0.0,6.959946,7.786154,12.1811285,14.195963,18.232918,19.292862,17.305412,18.568348,13.221644,13.990411,10.576559,11.619443,11.612938,12.960828,15.389953,12.911308,16.838463,16.23985,13.124377,16.510307,11.93722,10.088289,9.92057,9.579619,11.1635275,14.803386,14.283038,18.445913,19.990059,22.260263,21.624958,18.180502,14.967044,17.375488,15.54147,14.851979,14.358177,14.795993,15.070867,16.466028,18.985292,22.375889,23.76115,22.264414,22.827148,21.680538,24.548992,21.14517,24.382181,20.347889,23.305487,22.546963,26.8712,21.355028,24.127195,24.796686,23.483587,25.60472,19.91337,22.639055,22.781715,22.34872,24.668371,20.737047,19.165314,15.16593,18.374846,14.955866,16.63973,17.938116,14.996191,19.783783,15.184152,18.2532,19.305035,15.563366,11.920915,8.9081135,8.555106,4.51635,6.4382634,5.8085346,8.81961,8.381365,5.7909718,10.970348,8.803538,13.0294,14.353356,12.159582,17.288525,14.44559,14.216993,9.185607,10.563878,5.8980174,7.0327744,11.170156,9.186734,7.1538224,12.918413,9.289969,13.5659685,14.399994,17.073317
7,21.51862,19.365442,15.434828,13.749398,11.185659,8.659886,6.959946,0.0,4.5496826,5.779796,9.460889,12.519507,14.759629,13.709372,16.444065,11.933225,14.710859,12.30563,15.373352,16.454962,18.711916,21.424597,19.611763,23.65127,22.916033,19.823204,22.373425,16.931606,14.438714,12.569132,11.09883,10.542668,11.160577,8.847984,13.002731,13.741149,16.480972,16.54943,13.561712,11.557703,14.27678,15.408262,14.105569,16.296408,17.625307,19.583712,20.734568,24.470753,27.822273,28.639915,26.449823,26.485123,24.289478,26.341143,22.030352,24.377861,19.99363,21.468971,20.498476,24.20607,20.255035,22.396526,24.178623,23.656858,26.758972,21.649542,25.52599,26.357336,26.578636,29.826836,25.715708,23.47403,19.037464,21.235157,16.961372,17.178633,17.300303,13.498052,16.71882,11.16278,13.156511,13.165425,10.084506,6.4653664,6.2284207,5.033305,7.0344343,10.176425,12.061118,15.544559,15.198901,11.714153,15.993959,11.872506,15.421575,14.646044,11.580357,15.609027,11.513832,10.921542,7.299909,6.829346,6.8261156,8.548354,13.009469,13.61365,12.097978,16.779064,12.941673,17.144012,16.275394,19.611944
8,24.33493,21.61134,18.47692,15.719388,12.986214,11.799524,7.786154,4.5496826,0.0,5.7300124,6.4257717,11.107763,11.579084,10.047243,12.086345,7.395615,10.304378,8.452547,12.04214,13.90396,16.510942,19.500341,18.613903,22.835293,22.610851,19.886395,22.50468,16.826954,13.478758,12.389024,9.239802,11.060824,10.166662,10.167168,13.092717,14.349956,17.659891,16.993902,14.9227915,13.170097,14.159982,15.034727,12.577727,14.473304,16.996006,17.987972,20.117516,23.502035,26.320889,27.647444,25.809568,24.651268,23.40802,24.845652,20.390324,22.650976,17.713348,19.675232,17.948664,21.2095,16.875847,18.505331,20.085566,19.348997,22.917727,18.120745,21.882212,23.256815,23.3482,27.239471,22.743454,20.119854,16.059752,17.402319,12.9912195,13.119419,12.890838,9.445305,12.9354725,8.054543,10.657732,12.008587,8.707883,6.083109,4.1613345,6.973631,6.575278,11.146611,12.3559,15.905932,14.632216,10.340709,13.605755,8.902804,11.778433,10.669402,8.0280905,12.350631,9.034275,10.458243,6.87937,8.701891,8.07504,11.583922,16.28947,15.55652,13.171771,17.050825,11.755789,15.464408,13.9542675,16.710215
9,27.231344,25.14066,21.120634,19.473936,16.882847,14.256878,12.1811285,5.779796,5.7300124,0.0,5.296207,6.9282246,10.0269575,9.737742,13.718017,10.802217,14.616652,13.742961,17.5534,19.618914,22.188066,25.215387,24.11618,28.30462,27.922705,25.009945,27.483856,21.712164,18.612928,16.704311,13.991413,13.762386,10.892418,8.599622,10.994051,10.771068,14.607762,15.043084,13.586349,13.25139,14.74184,17.853348,15.547321,18.927473,21.326437,23.29383,24.937172,28.837328,31.806723,32.752502,30.520926,29.549667,27.516743,28.665709,23.87374,25.469408,20.669178,21.244526,19.543032,22.029816,19.444729,20.344492,22.80678,22.684034,26.83171,22.604744,26.802097,28.423897,28.763123,32.85933,28.339264,25.562313,21.53852,22.446247,17.92835,17.251345,16.075424,12.498631,13.738752,8.474672,8.785614,8.211815,6.8352704,5.4425607,7.756829,8.55985,11.477356,15.322814,17.267054,20.832645,19.928955,15.763538,18.892138,13.943575,16.34321,13.986547,10.8954525,13.202256,8.849656,9.061628,8.095028,7.542644,10.514824,13.278423,17.51836,18.396273,16.627462,19.982372,15.643561,19.190231,17.004084,20.303267
10,30.560663,27.990337,24.61342,22.015896,19.39434,17.63081,14.195963,9.460889,6.4257717,5.296207,0.0,6.1329174,5.3181477,4.971393,8.5518465,6.8514543,11.057715,11.450053,15.609787,18.314234,21.196297,24.318602,24.209496,28.448687,28.4789,25.968739,28.307762,22.383726,18.65244,17.361572,13.414694,14.974269,10.532874,11.001787,11.642893,12.146773,16.323347,15.792942,15.502724,15.4047985,15.003317,17.95254,14.585724,17.814621,21.306425,22.491465,24.936155,28.542166,30.914148,32.24067,30.316505,28.106665,26.960798,27.32327,22.435911,23.719852,18.474113,19.286211,16.672346,18.280045,15.774988,15.700633,18.17866,18.06084,22.845345,19.356457,23.472973,25.728348,26.08231,30.846205,26.121836,22.977499,19.456915,19.20875,14.764368,13.53861,11.512312,8.605729,8.912145,4.97996,5.292557,7.165899,6.0154495,6.86804,7.905509,11.233446,12.547021,17.059465,18.588722,22.158045,20.579596,16.026964,17.999094,12.913754,14.054677,11.013614,8.902737,10.54808,7.6575527,10.604948,10.002635,11.397069,13.233201,17.03505,21.571363,21.333725,18.916058,21.648607,16.177616,19.00798,16.151386,18.581936
11,33.92155,31.683912,27.786337,26.138002,23.290827,21.128416,18.232918,12.519507,11.107763,6.9282246,6.1329174,0.0,6.723759,7.190503,12.584468,12.374695,16.195934,17.186872,20.895727,23.890825,26.336834,29.657808,29.158934,33.393017,33.55884,30.846237,33.60295,27.810284,24.31172,22.807533,19.272913,19.916336,15.241645,13.872563,14.136649,12.938424,17.357267,18.04348,18.223253,18.988518,19.302572,23.273933,20.214796,23.824205,27.04571,28.428102,30.709286,34.31687,36.81255,38.179684,36.18216,34.218967,32.815426,33.204037,28.230051,29.228313,24.13394,24.177992,21.595903,22.287546,21.150911,20.187445,23.023655,23.026114,28.365442,25.304985,29.234581,31.710215,31.801048,36.6359,31.574375,28.366976,25.369097,24.796555,20.48761,19.360353,16.740656,14.4904995,13.204467,10.340345,8.136647,7.3768973,9.577769,10.934632,13.313503,15.2618685,17.58499,21.86988,23.377323,26.794775,25.273706,20.683434,22.410244,17.238918,18.188301,14.432281,11.957938,11.2011385,7.9220862,9.272409,11.48908,11.483226,15.478551,18.955526,22.92039,23.64392,21.634535,23.399347,18.986057,21.46552,18.108086,21.072317
12,35.80865,33.16437,29.900562,27.121479,24.545256,22.85908,19.292862,14.759629,11.579084,10.0269575,5.3181477,6.723759,0.0,3.8265853,6.9204826,8.896109,12.654299,14.461866,18.49942,21.605356,24.56728,27.68405,28.23888,32.42505,32.713554,30.456903,32.624153,26.66351,22.69725,21.592474,17.230955,19.138538,13.3779,14.710606,13.644656,13.814218,18.080496,17.379951,18.44258,19.164097,17.61923,21.201233,17.358334,20.817696,24.916533,25.848995,28.64264,32.14735,34.05119,35.50528,33.696415,30.583319,29.862635,29.394896,24.462101,25.049784,19.792456,19.992899,16.664782,16.488657,15.5849905,13.731007,16.659609,16.97586,22.546717,20.377953,24.382185,27.277653,27.740871,33.06868,28.273157,24.851208,21.987787,20.513521,16.490076,14.506265,11.289964,9.889933,6.9587007,6.878424,4.6840024,7.3451557,8.576134,11.209858,12.493653,16.113037,17.374498,21.907068,23.368765,26.877752,25.001886,20.37342,21.411674,16.503386,16.398407,12.631284,11.651168,11.1244335,9.987413,13.738261,14.445529,15.958374,18.179554,22.207935,26.68686,26.330847,23.762306,25.798584,20.145304,22.235975,18.752207,20.510273
13,34.287666,31.367804,28.430712,25.588331,22.706032,21.810402,17.305412,13.709372,10.047243,9.737742,4.971393,7.190503,3.8265853,0.0,5.679845,6.7742066,10.034813,12.325876,15.816096,19.306158,21.84473,25.15388,25.654179,29.818367,30.46061,28.254501,30.963001,25.301746,21.335371,20.809746,16.337234,19.169048,14.581975,15.874704,15.868967,16.270794,20.56125,19.856863,20.1486,20.145756,19.080572,21.620106,17.788797,20.305859,24.358673,24.455511,27.628883,30.552525,32.372932,34.31179,32.8707,29.783642,29.677181,29.591515,24.856533,25.992302,20.533916,21.671627,18.322163,18.69084,16.404474,14.743299,16.890226,16.334843,22.119324,19.566328,22.93344,25.90406,25.750437,31.031347,25.80299,22.371338,20.151686,18.514383,14.555726,13.457225,10.232138,9.452933,8.376768,7.9419265,7.5036354,10.173428,10.296377,11.735935,11.923563,15.883411,15.957856,20.725006,21.4896,24.725855,22.504793,17.765512,18.240324,13.359345,12.981863,8.978136,8.068246,7.4629345,6.8930635,11.366366,11.886304,14.198604,15.810368,20.267895,24.734205,23.82801,21.069508,22.559307,16.828434,18.600145,15.003484,16.714926
14,35.379604,32.168686,29.918787,26.22509,23.708803,23.370283,18.568348,16.444065,12.086345,13.718017,8.5518465,12.584468,6.9204826,5.679845,0.0,5.401826,7.275791,10.379139,13.724747,17.09534,19.985485,22.944607,24.43961,28.39998,29.151728,27.45204,29.589134,24.053082,19.863775,19.918781,15.0177965,19.0729,14.580176,17.796011,17.252512,18.665356,22.495197,20.817387,21.399296,21.08809,18.789297,20.299107,16.053995,17.785702,22.44979,21.855291,25.49848,28.094894,29.302738,31.382307,30.24182,26.162106,26.908829,26.178223,21.732183,22.706133,17.248741,19.03076,15.2110615,15.208178,12.164853,9.898435,11.426879,10.692782,16.707647,14.90688,18.095552,21.438835,21.546837,27.196026,22.298899,18.749617,16.809956,14.238777,10.798842,9.032583,5.112114,6.4933586,5.4198565,8.262056,9.288361,13.181098,12.15075,13.706649,12.626336,17.424505,16.318956,20.889677,21.435825,24.527718,22.079336,17.67104,17.439394,13.403587,12.004817,8.976146,9.981056,10.4129715,11.403913,16.197308,15.4835,18.445887,18.620659,23.1046,27.743345,26.001114,22.945986,24.705566,18.322296,19.690979,16.50271,16.888998
15,30.008116,26.771135,24.594526,20.87225,18.316072,18.25128,13.221644,11.933225,7.395615,10.802217,6.8514543,12.374695,8.896109,6.7742066,5.401826,0.0,4.345851,5.682668,9.650436,12.780159,15.754139,18.818789,19.695623,23.800007,24.318966,22.378553,24.73326,19.18485,15.083825,15.206635,10.4444,14.845792,12.003262,14.835863,15.680935,17.432995,21.049435,19.45548,18.858074,17.675179,16.308788,16.830116,12.989942,14.15773,18.332521,17.776361,21.230627,23.88925,25.608908,27.624327,26.395607,23.222887,23.611555,23.802147,19.400803,21.203346,15.718607,18.263706,15.23201,17.173779,12.476418,12.610377,13.681266,12.518505,17.21124,13.57219,16.963114,19.50351,19.466784,24.51405,19.607666,16.319948,13.424003,12.446631,8.124255,7.573721,5.898459,4.549278,7.9410963,6.8717666,9.69252,13.113982,10.523822,10.463571,8.151763,13.018381,11.059452,15.710096,16.099602,19.250227,16.953644,12.492553,13.163212,8.793953,8.785382,6.8490834,6.851329,10.044932,9.619976,13.749148,11.551193,14.725698,13.887063,18.196098,22.860441,20.946842,17.923393,20.41251,13.96181,16.099926,13.657701,14.688761
16,30.293304,26.67303,25.32936,21.209236,18.659185,19.812796,13.990411,14.710859,10.304378,14.616652,11.057715,16.195934,12.654299,10.034813,7.275791,4.345851,0.0,4.494751,6.513414,10.245307,12.762257,15.838958,17.39712,21.273169,22.346697,20.864561,23.48882,18.598537,14.577165,15.867584,11.249712,16.901302,15.339834,18.555794,19.647085,21.635248,25.07562,23.2469,22.416988,20.74878,19.291384,18.431154,14.767196,14.19987,18.391937,16.259268,20.427853,22.025255,23.197433,25.91314,25.356441,21.672844,23.336609,23.575472,19.780708,21.958912,16.666708,20.176619,17.137213,19.070047,13.411873,13.504392,13.248181,10.964837,15.424072,11.830285,13.900645,16.701056,15.89641,21.10551,15.773628,12.354154,10.767507,8.859231,5.147251,6.5068583,5.7217574,6.94604,10.826362,10.9833975,13.910245,17.44578,14.736597,14.283706,11.104464,15.837885,12.237228,16.511377,15.82315,18.330528,15.471299,11.375,10.442186,7.3311286,5.780491,5.600775,7.4846582,10.821894,11.791622,15.944215,13.35276,17.154926,15.113854,19.5051,23.96521,21.077175,17.810507,19.67222,13.065955,14.330111,12.33524,12.163074
17,26.235899,22.698545,21.420795,17.040464,14.819507,15.971142,10.576559,12.30563,8.452547,13.742961,11.450053,17.186872,14.461866,12.325876,10.379139,5.682668,4.494751,0.0,4.788921,7.146589,10.458221,13.29389,14.323194,18.348858,18.808006,17.107668,19.386896,14.216519,10.166775,11.446428,7.051207,13.020654,13.04442,16.217821,18.010036,20.371218,23.31308,21.379292,19.837109,17.558014,16.555124,14.728161,11.602195,10.4550495,14.199036,12.488481,16.293995,18.369623,20.11781,22.38091,21.502861,18.641214,19.644676,20.536402,16.800179,19.50019,14.469252,18.33921,16.10458,19.346474,13.041072,14.90783,14.780212,13.003713,15.823246,10.846748,13.639676,15.312215,15.057819,19.486319,14.832513,11.959119,8.275831,8.97803,4.7369637,6.5225177,7.999047,6.8605056,12.25328,10.661073,14.365326,17.483704,13.812921,12.366528,8.321397,12.624552,8.228837,12.172295,11.672362,14.445383,12.039075,8.200651,9.152065,6.3521843,7.3081546,8.581,9.002393,13.6757,13.243339,16.446672,12.7164755,16.105364,13.215093,16.91205,21.348242,18.503185,15.428663,18.601902,12.204718,14.502078,13.586532,14.071936
18,25.86474,21.92368,21.687428,17.188831,14.937555,17.654865,11.619443,15.373352,12.04214,17.5534,15.609787,20.895727,18.49942,15.816096,13.724747,9.650436,6.513414,4.788921,0.0,4.306243,6.263857,9.4385,10.997217,14.775768,16.065943,14.876593,17.897802,13.992479,10.609006,13.3214,10.08538,16.294247,17.58433,20.492664,22.65973,24.985132,27.865208,25.970453,24.105967,21.429323,20.776829,17.859846,15.337348,12.519642,15.4921055,11.7363405,16.173695,16.57883,17.828106,21.07191,21.102245,18.248127,20.61334,21.923527,19.073223,22.194035,17.654646,22.14301,20.063057,23.242064,16.520018,18.224121,17.158028,14.542982,16.674313,11.824604,12.514499,13.919239,12.283921,16.313324,10.936092,8.2813015,6.716738,7.4614697,5.4738226,9.259064,11.0704155,11.333437,16.474709,15.39139,18.95971,22.05436,18.49066,16.74197,12.532338,16.160631,10.610954,13.603617,11.456723,13.003072,9.812385,6.902317,5.3874116,5.6523256,5.7481813,9.304126,10.560593,15.114241,15.521581,18.412128,14.47919,18.259453,14.280472,17.804834,21.741215,17.82785,14.635163,16.943558,10.912931,12.201786,12.350727,11.790828
19,23.363096,19.423716,19.86964,14.934831,13.489878,16.60211,11.612938,16.454962,13.90396,19.618914,18.314234,23.890825,21.605356,19.306158,17.09534,12.780159,10.245307,7.146589,4.306243,0.0,4.238113,6.2433114,8.043569,11.6458,12.368549,11.474144,13.825462,10.327233,7.4740887,11.04324,9.159007,15.144238,17.987148,21.023611,23.458715,26.12393,28.437195,26.325953,24.041304,20.894634,20.38467,16.172556,14.534807,10.385744,12.378134,7.7657633,12.233939,12.283202,13.779769,16.896183,17.039135,14.775033,17.260403,19.15614,16.981993,20.54601,16.758738,21.632042,20.300339,24.23752,17.166054,19.9725,18.69221,16.39864,16.85236,11.3991,11.955461,11.919252,10.758953,13.580969,9.422237,7.965702,4.4558635,8.293214,7.4088445,10.807475,13.749694,13.360059,18.911234,17.390526,21.290167,24.194817,20.11365,17.926146,13.460543,16.259827,10.289997,11.775943,9.315096,10.3465185,7.7097626,6.8622913,7.0323915,8.768781,9.909883,13.504204,14.306666,19.180836,19.041365,21.424112,16.964556,20.263258,15.711681,18.233818,21.8225,17.787123,14.994698,18.263895,13.051564,14.732638,15.800451,15.363588
20,23.086199,18.895435,20.16483,15.634365,14.045245,18.263544,12.960828,18.711916,16.510942,22.188066,21.196297,26.336834,24.56728,21.84473,19.985485,15.754139,12.762257,10.458221,6.263857,4.238113,0.0,3.6808827,5.423709,8.676797,10.634384,10.220288,13.813745,12.050976,10.38957,14.205646,13.022276,18.591545,21.863037,24.376247,27.16216,29.620005,32.037895,30.155739,27.62493,24.324308,24.31492,19.975927,18.645025,14.347178,15.544822,10.225689,14.352118,12.709478,13.82098,17.784103,18.72425,17.051125,20.182875,22.461271,20.815193,24.493275,20.927994,25.853422,24.511414,28.29491,21.219038,23.655,22.109303,19.397156,19.885038,14.90595,14.070386,13.825045,11.310444,13.016537,8.311079,7.8600097,7.6835084,10.509777,10.6617155,14.493461,17.024742,17.084436,22.487768,20.962605,24.706375,27.505371,23.603432,21.205894,16.80606,19.216616,13.010204,14.030407,10.410252,9.940869,6.696589,7.3716564,5.5403285,9.607791,10.460149,14.73025,15.67611,20.319529,20.539234,22.50329,18.081787,21.50611,16.426552,18.708628,21.696373,16.929567,14.244364,16.50825,12.272949,13.059064,15.113115,14.198648
21,22.897696,18.78251,20.862543,16.198824,15.408903,19.773405,15.389953,21.424597,19.500341,25.215387,24.318602,29.657808,27.68405,25.15388,22.944607,18.818789,15.838958,13.29389,9.4385,6.2433114,3.6808827,0.0,4.726639,6.4219785,8.355428,9.060554,11.75346,11.424809,10.787793,14.915397,14.617575,19.843405,23.785233,26.52663,29.289719,31.97373,34.04474,31.958868,29.313742,25.819185,25.703455,20.5862,19.80822,14.765837,15.166015,9.087531,12.899085,9.892543,10.539167,14.885727,16.448109,15.114832,18.874277,21.397547,20.591072,24.409681,21.55661,26.695965,25.766817,29.802576,22.596336,25.487944,23.627024,21.02374,20.350279,15.513507,14.045222,12.727104,10.2906,10.327763,7.217577,8.334172,8.256561,11.823398,12.8637905,16.456272,19.48953,19.54861,25.034016,23.615154,27.50787,30.32091,26.192953,23.726437,19.27152,21.326025,15.181608,15.194231,11.599651,10.324342,8.054459,10.262791,9.1367445,13.21444,14.031307,18.287949,19.285242,23.953852,24.126144,26.017612,21.456562,24.664917,19.434948,21.133606,23.769619,18.976921,16.691257,19.203266,15.629025,16.344515,18.688137,17.57755
22,18.63325,14.42328,16.762627,12.582233,11.79203,16.78753,12.911308,19.611763,18.613903,24.11618,24.209496,29.158934,28.23888,25.654179,24.43961,19.695623,17.39712,14.323194,10.997217,8.043569,5.423709,4.726639,0.0,4.2457447,5.721701,5.2258816,9.890553,10.076272,10.387884,14.075347,14.729681,18.934195,23.736652,25.481821,28.887098,31.30307,33.24644,31.587194,28.399668,24.673725,25.56094,20.599293,20.381117,15.88762,15.318305,10.606102,13.099746,10.73967,12.802727,16.244726,17.226385,17.673,19.975033,23.28874,22.21332,26.194775,23.320852,28.098263,27.4768,31.897453,24.859545,27.981651,26.67957,24.285892,24.12969,18.795944,18.287287,16.93815,14.95399,14.618404,11.868637,12.622612,11.4356365,15.486433,15.375858,18.834217,21.627459,20.860323,26.480518,24.046247,27.851706,30.146126,25.996624,22.99053,18.738317,19.8287,13.807219,13.072411,8.812274,6.395726,4.585679,8.5409155,9.008204,12.904957,14.909195,18.99029,19.172531,24.117517,23.5771,24.572979,19.782654,22.493305,16.931744,17.766705,19.822065,14.973542,13.169207,16.186275,13.768835,15.079467,18.055447,17.872896
23,19.242657,15.238223,18.696054,14.972191,14.870581,20.004059,16.838463,23.65127,22.835293,28.30462,28.448687,33.393017,32.42505,29.818367,28.39998,23.800007,21.273169,18.348858,14.775768,11.6458,8.676797,6.4219785,4.2457447,0.0,4.088366,5.9347067,9.681903,12.263006,13.574003,17.28132,18.481525,22.381247,27.577625,29.365467,32.796482,35.293655,37.0366,35.307045,32.01411,28.1672,29.074528,23.63348,23.811556,18.88803,17.681004,12.643248,14.460806,10.451254,11.834305,15.558858,17.37953,18.466894,21.327047,24.853971,24.581974,28.616693,26.31149,31.226444,30.842875,35.33474,28.2058,31.458115,29.840477,27.363623,26.521122,21.509556,20.225939,18.264395,16.044695,14.077592,12.722527,14.519593,14.263437,18.232023,18.87186,22.364042,25.344917,24.80515,30.433939,28.16869,32.0212,34.334797,30.120493,27.080116,22.838272,23.689734,17.811752,16.454271,12.337934,9.171633,8.501654,12.743369,12.643964,16.969116,18.629988,22.874723,23.238325,28.04337,27.68116,28.557423,23.811506,26.414228,20.768515,21.131191,22.554394,17.63219,16.339478,18.796286,17.359993,18.126509,21.482178,20.920658
24,16.404778,12.674703,16.362242,12.520354,13.374951,18.056498,16.23985,22.916033,22.610851,27.922705,28.4789,33.55884,32.713554,30.46061,29.151728,24.318966,22.346697,18.808006,16.065943,12.368549,10.634384,8.355428,5.721701,4.088366,0.0,3.4190514,5.741827,9.473871,11.8793545,15.167283,17.373758,20.330341,26.233215,27.857162,31.379343,33.980392,35.276676,33.52522,30.008814,26.021576,27.159826,21.375635,22.24287,17.372303,15.182267,11.176185,11.637617,8.12653,10.726628,13.170902,14.425211,16.869017,18.667898,22.69761,22.657127,26.745575,24.955687,29.639164,29.79289,34.705265,27.737179,31.56772,30.224276,28.180635,26.890993,21.571001,21.113997,18.63604,17.457468,15.274654,14.950178,16.587772,14.690691,19.500505,19.68326,22.699493,25.973856,24.803108,30.51153,27.802473,31.72619,33.78726,29.357906,26.138992,22.05531,22.248262,16.837578,14.469632,10.933092,7.6875324,8.67571,13.252838,14.695637,18.213797,20.466793,24.42725,24.401194,29.516712,28.582594,29.251354,24.28526,26.415886,20.888535,20.582823,21.89547,17.61122,16.72421,20.368202,18.87236,20.457466,23.596697,23.569235
25,14.049613,10.064591,13.213771,9.274505,9.968589,14.760177,13.124377,19.823204,19.886395,25.009945,25.968739,30.846237,30.456903,28.254501,27.45204,22.378553,20.864561,17.107668,14.876593,11.474144,10.220288,9.060554,5.2258816,5.9347067,3.4190514,0.0,5.9657564,7.8324757,10.124198,12.9909315,15.346234,17.873037,23.89336,25.033613,28.794361,31.220078,32.552525,31.037954,27.35884,23.36051,24.940405,19.58096,20.458801,16.187408,14.016701,11.025924,11.351377,9.679953,13.004418,14.903924,15.232035,17.781862,18.580833,22.71439,21.997513,26.072876,23.913174,28.314686,28.447062,33.43964,26.647116,30.464369,29.53209,27.632069,26.954836,21.306025,21.626375,19.57531,18.604574,17.42495,16.170593,17.117542,14.440799,19.357843,18.75415,21.626192,24.675879,23.056246,28.738865,25.543745,29.363869,31.167618,26.795376,23.396997,19.479296,19.308811,14.071292,11.568149,7.8800592,4.3734303,6.2184486,10.859691,13.324769,16.194645,18.992697,22.656666,22.203636,27.419426,26.076923,26.430193,21.41952,23.288763,17.813326,17.25342,18.620707,14.552624,13.757115,18.025684,16.550266,18.689594,21.707705,22.254921
26,14.899416,12.013277,15.14231,11.008179,13.189755,16.428997,16.510307,22.373425,22.50468,27.483856,28.307762,33.60295,32.624153,30.963001,29.589134,24.73326,23.48882,19.386896,17.897802,13.825462,13.813745,11.75346,9.890553,9.681903,5.741827,5.9657564,0.0,6.323662,10.126553,12.4280405,15.881326,17.435825,23.991278,25.66581,29.021196,31.833834,32.47005,30.55281,26.94103,22.897228,24.01299,17.767534,19.589504,14.9380045,11.390527,9.532598,7.5179152,6.1258926,10.203327,10.116482,9.973425,14.261194,14.261903,18.849178,19.170221,23.192358,22.259327,26.524582,27.437899,32.795147,26.221983,30.76285,29.766588,28.393171,26.443605,20.979473,21.66772,18.675373,19.002146,16.962933,17.738722,19.038721,15.246145,20.732552,20.425081,22.591393,26.19637,24.317223,29.920738,26.889957,30.84464,32.64378,27.988682,24.76501,21.006172,20.508121,16.070885,12.563815,10.7142315,8.741162,11.104654,15.004534,17.868572,20.223494,22.883188,26.351536,25.998034,31.340837,29.82742,30.498478,25.41998,27.01334,21.966005,21.153358,22.64783,19.461905,18.835001,23.71338,21.662752,24.079895,26.674519,27.10332
27,15.90616,12.903124,13.735646,8.557412,10.051521,12.096392,11.93722,16.931606,16.826954,21.712164,22.383726,27.810284,26.66351,25.301746,24.053082,19.18485,18.598537,14.216519,13.992479,10.327233,12.050976,11.424809,10.076272,12.263006,9.473871,7.8324757,6.323662,0.0,4.21213,6.149822,9.70469,11.337196,17.684008,19.603724,22.796354,25.673256,26.487808,24.48805,21.051039,17.092499,17.953953,12.005264,13.480762,9.365736,6.289315,6.310681,5.038623,8.214921,12.332291,12.232598,10.521157,12.940417,11.702682,15.839828,14.649626,18.660929,16.895166,20.968445,21.682096,27.080116,20.703749,25.280243,24.80299,23.77904,22.566893,16.727486,18.826887,16.65458,17.612284,17.646433,17.00171,17.0888,11.708193,17.23306,15.84735,17.429789,20.883,18.463806,23.966085,20.702217,24.636358,26.417908,21.728622,18.61413,14.8815565,14.615729,10.344842,7.0876956,6.5966096,7.278933,9.12437,11.253367,15.158089,16.071888,18.987074,21.812078,21.207506,26.572474,24.75821,25.73049,20.733627,22.300776,17.789577,17.62203,20.18198,17.538841,16.329607,21.86184,18.52523,21.585989,23.318562,24.176119
28,18.820986,15.614972,15.45495,10.185839,10.295983,11.851038,10.088289,14.438714,13.478758,18.612928,18.65244,24.31172,22.69725,21.335371,19.863775,15.083825,14.577165,10.166775,10.609006,7.4740887,10.38957,10.787793,10.387884,13.574003,11.8793545,10.124198,10.126553,4.21213,0.0,4.1675553,5.8041058,9.3366995,14.55554,17.122618,19.979465,22.918818,24.224045,22.074173,19.084497,15.411841,15.577586,10.217474,10.417944,6.342979,5.8127475,5.4115467,6.874325,10.300854,13.62506,14.2878,12.657929,12.823632,12.143998,15.222066,12.931811,16.821527,14.010073,18.282843,18.368078,23.517797,16.997908,21.30919,20.943941,19.903206,19.354137,13.375045,16.062056,14.719595,15.71137,17.181335,15.435287,14.693931,8.707645,13.892345,11.926908,13.3436165,16.696291,14.293855,19.85074,16.840235,20.85334,22.959562,18.302805,15.47985,11.419709,12.284638,7.452589,6.167504,6.1148586,8.402966,8.689699,9.002785,12.819974,12.915497,15.610764,18.12448,17.668806,22.946436,21.321218,22.841383,18.002895,19.981478,15.7949295,16.699852,20.071772,17.381884,15.505818,20.792511,16.38955,19.481245,20.569908,21.37732
29,18.433472,15.919264,14.554253,9.80599,10.270274,9.700987,9.92057,12.569132,12.389024,16.704311,17.361572,22.807533,21.592474,20.809746,19.918781,15.206635,15.867584,11.446428,13.3214,11.04324,14.205646,14.915397,14.075347,17.28132,15.167283,12.9909315,12.4280405,6.149822,4.1675553,0.0,4.94216,5.368572,11.577042,13.6918745,16.660072,19.615927,20.500856,18.437395,15.1791725,11.390366,12.005528,6.9277234,7.998808,6.248617,5.1714606,8.766118,8.46518,13.429639,16.99906,16.608812,13.977216,14.789265,12.04004,15.037258,12.00449,15.524298,12.837383,16.153177,16.766724,22.220226,16.488108,21.081438,21.465536,21.083332,20.82459,15.004121,18.781363,17.668983,19.272545,21.012426,19.38083,18.323757,11.9838085,16.65832,13.919881,14.307706,17.282524,13.919207,19.0145,15.228225,19.028267,20.59869,15.862439,12.891428,9.538514,9.266724,6.4645824,4.4678698,7.399626,10.5624695,11.544968,11.09278,15.691367,14.57459,17.635872,19.309776,18.260527,23.418562,21.094337,22.28415,17.64354,18.862202,15.529749,15.953977,19.42095,17.879225,16.35453,22.19316,17.88573,21.518726,22.158632,23.583738
30,22.354933,19.450546,17.801294,13.176628,12.269492,11.905664,9.579619,11.09883,9.239802,13.991413,13.414694,19.272913,17.230955,16.337234,15.0177965,10.4444,11.249712,7.051207,10.08538,9.159007,13.022276,14.617575,14.729681,18.481525,17.373758,15.346234,15.881326,9.70469,5.8041058,4.94216,0.0,6.499187,9.242593,12.552366,14.830134,17.804705,19.5843,17.34434,14.992487,11.98152,11.2932625,8.024575,6.1445985,5.3580856,8.145835,9.645879,11.534944,15.647042,18.4133,19.005283,16.934078,15.623958,14.286962,15.912755,11.967509,15.050583,10.856281,14.4639435,13.850674,18.739388,12.707057,16.707285,17.187902,16.682701,17.483904,11.784417,16.002296,16.030008,17.39614,20.503992,17.770535,15.879074,9.713761,13.179691,9.707091,9.721316,12.395433,9.063622,14.384004,11.095405,15.115771,17.358006,12.713653,10.363661,6.3053603,8.665011,5.2446713,7.257589,9.081541,12.599688,12.069286,9.833721,13.564836,11.475338,13.942964,15.107625,14.382359,19.301208,17.419771,19.481668,15.199548,17.13735,14.288531,16.216383,20.403128,18.55421,16.300484,21.359423,15.967482,19.328243,19.165508,20.374714
31,20.563414,18.77787,15.956385,12.444542,12.556465,9.451234,11.1635275,10.542668,11.060824,13.762386,14.974269,19.916336,19.138538,19.169048,19.0729,14.845792,16.901302,13.020654,16.294247,15.144238,18.591545,19.843405,18.934195,22.381247,20.330341,17.873037,17.435825,11.337196,9.3366995,5.368572,6.499187,0.0,7.3410487,8.735284,11.670026,14.591499,15.166928,13.251425,9.814419,6.093084,7.3082886,5.1792965,6.244371,8.781508,8.885049,13.720564,13.184394,18.640224,22.112305,21.275833,18.107124,18.673136,14.711165,16.803621,12.773354,15.234311,12.321205,13.898632,14.753988,20.106321,15.767395,20.153362,21.545458,21.90075,22.429214,17.123047,21.880367,21.4069,23.372772,25.803127,23.828213,22.237555,15.858565,19.57895,16.047264,15.283918,17.391638,13.126227,17.14235,12.536351,15.770087,16.600142,11.975025,9.11944,7.4532,5.8349504,7.380278,6.9451222,11.183632,14.830396,15.742009,14.144793,18.93314,16.424301,19.52726,20.021315,18.39253,23.045609,20.041948,21.001219,17.01895,17.359015,15.623404,15.987241,19.680428,19.503073,18.173925,24.073877,19.67698,23.665434,23.524551,25.546638
32,27.375202,25.473558,22.189846,19.01531,18.135447,14.88162,14.803386,11.160577,10.166662,10.892418,10.532874,15.241645,13.3779,14.581975,14.580176,12.003262,15.339834,13.04442,17.58433,17.987148,21.863037,23.785233,23.736652,27.577625,26.233215,23.89336,23.991278,17.684008,14.55554,11.577042,9.242593,7.3410487,0.0,5.869526,5.8216877,9.219401,10.895436,8.425109,7.5134234,7.020047,4.547896,8.669468,6.204191,11.67474,14.298036,18.189592,18.918598,24.110306,26.881454,26.503199,23.53288,22.194244,18.947828,19.19535,14.188522,15.092283,10.984536,10.722579,10.238532,14.467779,11.966343,15.197235,17.72836,18.885689,20.795628,16.723288,22.199873,23.00124,25.125353,28.91067,26.190317,23.767918,17.936457,19.745773,15.673284,13.3953,14.018925,9.431337,11.301631,6.8188977,9.288628,10.284435,5.8694673,5.56265,6.506845,7.6885056,10.9308605,13.204167,16.712706,20.614729,20.469408,17.413097,21.138899,17.334372,19.44402,18.418362,16.907646,20.334517,17.508312,19.389017,16.787169,17.211521,17.379707,19.163555,23.433134,23.573074,21.73228,26.678085,21.402763,25.051844,23.603355,25.596027
33,25.667404,24.363586,20.138624,18.304754,17.283531,12.827013,14.283038,8.847984,10.167168,8.599622,11.001787,13.872563,14.710606,15.874704,17.796011,14.835863,18.555794,16.217821,20.492664,21.023611,24.376247,26.52663,25.481821,29.365467,27.857162,25.033613,25.66581,19.603724,17.122618,13.6918745,12.552366,8.735284,5.869526,0.0,4.8890963,6.3479047,8.008637,7.7868857,5.061565,5.24401,7.4493866,12.096063,11.191133,16.04313,17.469543,21.713148,21.856499,27.079664,30.393593,29.912462,26.769117,26.640503,22.7838,23.859205,19.122772,20.208008,16.627405,15.914729,15.858783,19.580235,17.73076,20.39406,23.135202,24.032236,26.43442,22.055603,27.239864,27.917025,29.584965,33.042114,29.990622,27.656984,22.010641,24.17486,19.847511,18.246855,18.4125,13.793143,15.267266,9.701114,10.746143,9.566234,6.318549,4.526578,7.976746,5.921353,11.7417,13.573977,17.372122,21.23471,21.549286,18.522669,22.876991,18.7364,21.54921,20.205227,17.757921,20.952393,17.089128,17.473227,15.336952,14.288458,15.673006,16.50002,20.306501,21.755875,20.549904,25.600803,21.346924,25.38468,24.018576,26.85861
34,30.262892,28.9192,24.87743,22.713268,21.767021,17.547367,18.445913,13.002731,13.092717,10.994051,11.642893,14.136649,13.644656,15.868967,17.252512,15.680935,19.647085,18.010036,22.65973,23.458715,27.16216,29.289719,28.887098,32.796482,31.379343,28.794361,29.021196,22.796354,19.979465,16.660072,14.830134,11.670026,5.8216877,4.8890963,0.0,3.6966572,5.528393,4.1910496,5.281288,7.8908772,6.8954277,13.310422,11.734558,17.403824,19.559025,23.900074,24.24984,29.647793,32.583607,31.951818,28.721153,27.752102,23.904243,23.97866,19.038733,19.14711,15.712971,13.65846,13.399217,16.224482,16.096354,18.233078,21.51595,23.109402,25.605593,22.127274,27.668129,28.696775,30.809471,34.720306,31.819551,29.253296,23.652405,25.092886,20.871115,18.390308,18.08103,13.727438,13.522446,9.163675,9.053117,7.6790843,5.669182,7.062641,10.6435585,10.328257,15.372321,17.517054,21.280851,25.209839,25.247293,21.97987,25.794842,21.470425,23.59477,21.743793,19.739208,22.186407,18.817345,19.996439,18.589844,17.886618,19.723576,21.122608,25.05918,26.331251,24.861977,29.584051,24.804249,28.544456,26.663645,29.163424
35,31.73481,30.593985,26.167969,24.617643,23.429087,18.970762,19.990059,13.741149,14.349956,10.771068,12.146773,12.938424,13.814218,16.270794,18.665356,17.432995,21.635248,20.371218,24.985132,26.12393,29.620005,31.97373,31.30307,35.293655,33.980392,31.220078,31.833834,25.673256,22.918818,19.615927,17.804705,14.591499,9.219401,6.3479047,3.6966572,0.0,4.4633403,5.8149276,7.1473846,10.232205,10.429442,16.78981,15.304105,20.84235,22.897963,27.123613,27.507376,32.818916,35.861607,35.34922,32.132072,31.328087,27.475258,27.664001,22.733358,22.792475,19.341824,17.121653,16.656393,18.74163,19.213459,20.65999,24.15652,25.688444,28.730951,25.364712,30.787922,32.020073,33.878765,37.902973,34.66144,31.983292,26.660307,27.877924,23.516275,21.172466,20.345448,16.178247,15.304851,10.988196,9.649127,6.707211,6.9163566,8.554352,12.822445,12.084872,17.550789,19.854567,23.503353,27.40046,27.406479,23.93779,27.703384,23.08598,25.22866,22.928263,20.60045,22.423395,18.75561,19.364304,18.78421,17.44287,20.283491,21.558475,25.250328,27.111626,25.835176,30.212109,25.827227,29.543764,27.419699,30.254864
