,0,1,2,3,4,5,6,7,8,9,10,11,12,13,14,15,16,17,18,19,20,21,22,23,24,25,26,27,28,29,30,31,32,33,34,35,36,37,38,39,40,41,42,43,44,45,46,47,48,49,50,51,52,53,54,55,56,57,58,59,60,61,62,63,64,65,66,67,68,69,70,71,72,73,74,75,76,77,78,79,80,81,82,83,84,85,86,87,88,89,90,91,92,93,94,95,96,97,98,99,100,101,102,103,104,105,106,107,108
0,0.0,4.3540707,6.3826466,9.569497,12.027424,14.431602,17.195698,20.902296,24.25333,28.125141,30.276772,35.873898,32.63236,31.155104,26.404861,24.88792,21.181599,20.216143,17.082176,15.332995,14.57828,12.105556,16.351229,15.418166,17.835022,20.336765,19.449831,20.639774,20.883823,22.314398,24.124146,25.144787,29.942379,30.090084,33.99826,35.106762,38.26757,38.89905,36.265797,35.111103,32.715652,32.77464,29.538212,29.128843,28.067013,25.670933,28.776064,27.036398,27.47458,31.434591,32.704468,32.23097,37.413704,38.383,39.71967,39.904274,35.72192,39.695377,39.316998,44.135277,37.24399,41.140606,39.331364,42.136433,39.010704,37.39627,36.46847,33.761253,31.790398,27.496775,26.088703,29.107021,26.222454,31.726723,30.423311,34.27174,35.664814,34.25822,39.140076,36.26669,38.9019,39.86037,35.742077,31.904152,29.594969,26.13241,24.556543,19.682768,19.05029,16.851173,16.790617,13.1489935,15.680051,19.211992,20.63516,21.619825,24.697199,25.291248,29.016605,29.560673,34.281548,38.88783,35.413246,32.09,31.330072,25.748285,24.9903,21.570364,19.784262
1,4.3540707,0.0,5.3365436,6.4769135,8.597119,12.247854,13.900054,18.437407,21.174568,25.63408,27.321718,32.991367,30.263672,28.609653,24.338728,22.133461,18.76478,17.045006,14.06854,11.649843,11.15288,8.560523,12.85473,12.561005,14.621136,16.894062,15.412825,16.643167,16.712051,18.45609,20.097263,21.682856,26.400883,27.114103,30.801712,32.251373,35.281147,35.612743,32.896786,31.48142,29.171143,28.84156,25.641258,24.964293,24.087774,21.424934,24.76333,23.203009,23.59534,27.65848,28.720634,28.098223,33.401077,34.331047,35.482807,35.65244,31.399952,35.371704,34.968494,39.80025,32.952724,36.928284,35.212,38.19056,35.120766,33.71572,33.032143,30.39361,28.793045,24.755096,22.66619,25.603672,22.216557,27.766151,26.352749,30.135908,31.652271,30.158346,35.163662,32.30722,35.108753,36.30027,32.077168,28.263414,25.68729,22.517736,20.520327,15.580408,14.891651,12.563225,12.899693,9.679438,13.176766,16.355831,17.98878,18.248343,21.679844,21.84539,25.78326,25.939734,30.864342,35.48869,32.34096,28.964066,28.423975,22.558176,22.30736,18.61907,17.577335
2,6.3826466,5.3365436,0.0,5.2453823,6.794275,8.575924,11.41596,14.600753,18.183842,21.77884,24.133656,29.62957,26.39434,25.122358,20.266275,19.019766,15.536453,14.771823,12.547495,11.218032,12.206154,11.134938,15.905895,16.69491,18.969038,20.75242,18.864899,19.064476,18.099987,19.385489,20.141575,21.493057,25.166422,25.55416,29.101114,30.066244,33.58138,34.215473,32.100742,30.858284,29.274805,28.958494,26.802496,25.91415,26.255419,23.852907,27.625912,26.85705,27.12055,31.374615,31.909636,30.856577,36.533768,37.29579,37.81925,37.733463,33.03679,36.515625,35.864006,40.53482,33.57434,37.21845,35.63497,38.47406,36.22966,34.146717,34.016006,31.951488,30.053108,26.38284,24.226675,26.28448,23.154854,28.342764,26.38654,30.137701,30.982613,29.4841,34.029366,31.104778,33.419792,34.100834,30.182531,26.289978,24.39081,20.557417,19.778755,15.215615,15.272323,14.25138,14.644417,11.934727,15.4435835,16.853746,17.211706,17.587448,19.884764,20.052832,23.530539,24.032047,28.55338,33.17507,29.64621,26.33063,26.149569,20.466503,20.049215,17.13374,15.668378
3,9.569497,6.4769135,5.2453823,0.0,3.8140452,6.223195,8.867269,12.696503,15.352259,19.923628,21.312687,27.126226,24.14212,22.268673,18.234293,15.749958,12.336527,10.71807,7.8328056,6.1116714,7.1682954,6.9692893,11.600526,13.422385,15.717523,16.883665,15.435298,14.339758,13.211213,14.1801605,15.203321,16.344358,20.463554,20.98469,24.606522,25.897905,29.108576,29.566433,27.175045,25.89453,24.09472,23.887388,21.608957,20.94472,21.322237,19.604057,23.132818,23.155476,23.925486,27.796719,27.777323,27.311691,32.828766,33.073948,33.574326,33.2117,28.571337,31.934155,31.607763,36.55514,29.9254,33.88434,32.728397,36.08067,34.02462,32.47462,32.84855,30.873186,29.704617,26.455908,23.229792,25.1274,20.832289,26.030584,23.582895,27.032972,27.990599,25.859709,30.641361,27.247967,29.77321,30.60412,26.39497,22.684416,20.686369,16.939775,16.28843,11.372204,12.302486,11.225615,13.07957,11.602194,16.207443,17.216045,17.816767,16.740091,19.370567,18.319687,22.068993,21.38521,26.313602,31.032705,28.218578,24.805233,25.53908,19.305058,20.0606,16.979939,16.866085
4,12.027424,8.597119,6.794275,3.8140452,0.0,5.928277,5.396606,10.362679,12.603874,17.354635,18.79578,24.441603,22.11877,20.54186,16.700335,14.127686,11.545553,9.19948,8.101433,5.7776046,8.8136215,9.077544,13.066744,15.412285,16.93088,17.838518,14.996711,14.42602,12.431052,14.001103,13.784973,16.239876,19.186739,20.6417,23.646769,25.138233,28.513893,28.660784,26.601225,24.924124,23.816624,22.7534,21.198492,19.712292,21.047773,18.481619,22.704067,22.769169,22.968828,27.22036,27.084303,25.719122,31.582079,32.11022,32.053825,31.79288,26.847578,30.05292,29.305332,33.96655,27.11787,30.813684,29.543552,32.724094,30.962095,29.106401,29.719223,28.054163,26.857075,23.963787,20.529907,21.930555,17.81556,22.799448,20.271198,23.803165,24.596006,22.788813,27.443514,24.414968,26.905031,27.867044,23.786398,19.896427,17.712467,14.130154,13.105688,8.506924,9.313447,9.23157,10.843602,10.145207,14.735955,14.484555,14.629912,13.193161,15.616853,14.53106,18.29747,17.870655,22.756262,27.454973,24.549528,21.131052,21.749716,15.495286,16.376642,13.3738365,13.681367
5,14.431602,12.247854,8.575924,6.223195,5.928277,0.0,6.9283338,7.362235,10.971735,14.539024,16.39446,22.097454,18.383543,16.732363,12.189107,10.611252,6.9740314,7.126918,6.241523,7.392193,10.310717,12.017587,15.996956,18.710266,20.986046,21.519184,19.889704,17.541426,15.258677,15.3130665,14.974413,15.495013,17.78158,17.808458,21.111982,21.764244,25.546587,26.37053,24.833607,23.839304,23.12498,22.99373,22.302715,21.487726,23.45221,22.40486,26.114723,27.222788,27.956533,31.768375,31.012589,30.27148,35.9644,35.838097,35.574085,34.807518,29.8057,32.357597,31.858898,36.57482,30.149593,33.689793,32.936447,36.248726,35.34178,33.24634,34.471104,33.23435,32.044678,29.437744,25.924887,26.700045,22.496029,26.954819,23.719076,26.807072,26.858568,24.467133,28.539581,24.87507,26.703016,26.803846,22.98264,19.365198,18.535847,13.907538,15.524337,11.7549925,14.000854,14.610238,16.623358,16.016941,20.434834,19.69313,18.97645,17.473213,18.521225,16.815405,19.767668,18.887104,23.237375,27.891705,25.01309,21.739954,23.564516,17.629478,18.817715,16.989677,17.085285
6,17.195698,13.900054,11.41596,8.867269,5.396606,6.9283338,0.0,6.4533167,7.646147,12.566691,13.897814,19.328268,17.713697,16.476007,13.196369,10.565242,9.567507,6.7902813,8.820239,7.544054,11.932487,13.294603,16.362225,19.473032,20.467392,20.740648,17.113264,16.031467,12.868075,14.30768,12.206616,15.594658,16.369833,18.716572,20.784096,22.305984,25.930113,25.8273,24.462568,22.49919,22.584492,20.702673,20.664528,18.390297,21.396187,18.706038,23.380608,24.218002,24.048412,28.347406,27.608862,25.48754,31.566406,32.02146,31.059294,30.624142,25.303675,27.842634,26.666101,30.934738,24.125395,27.363495,26.327057,29.427952,28.672329,26.385056,27.852337,26.959337,25.961435,23.964426,20.032915,20.17323,16.11179,20.232027,17.032091,20.290571,20.397963,18.639816,22.82142,19.952871,22.107693,22.92542,19.109648,15.089456,13.249871,9.452456,9.368464,6.422188,8.3025875,10.408049,12.0411215,12.871567,17.006947,14.659345,13.61096,11.097311,12.163811,10.070484,13.469161,12.809629,17.515476,22.225176,19.400503,15.989494,17.422749,11.139108,12.950881,10.961176,12.374706
7,20.902296,18.437407,14.600753,12.696503,10.362679,7.362235,6.4533167,0.0,4.928431,7.300567,9.833825,15.134726,12.0524025,11.273749,6.989866,6.449716,6.2367115,6.7285414,10.219999,11.476022,15.623424,17.832563,20.994095,24.357218,25.889933,25.90746,23.081081,20.75054,17.36759,17.52397,15.016137,16.703068,15.698499,16.910185,18.622328,19.123709,23.35861,23.868664,23.511461,22.16628,23.208197,21.951204,23.25432,21.427378,25.286198,23.832525,28.099522,29.817022,29.96444,33.939194,32.642838,30.845564,36.770603,36.70856,35.33729,34.44318,29.066978,30.738361,29.63088,33.649887,27.405966,30.152422,29.655012,32.6497,33.03583,30.328941,32.486073,32.197353,31.122025,29.532978,25.732683,25.08449,21.39129,24.615646,20.827139,23.421465,22.461494,20.342613,23.403303,20.132355,21.200224,20.83956,17.684153,14.043763,14.268682,9.456068,12.953733,11.678464,14.360826,16.74281,18.446392,19.08601,22.9979,20.164963,18.1772,15.977573,15.114384,12.642981,14.354866,13.482784,16.919533,21.376213,18.47919,15.437901,18.391314,13.214678,15.150272,14.960518,15.926928
8,24.25333,21.174568,18.183842,15.352259,12.603874,10.971735,7.646147,4.928431,0.0,6.124845,6.2563257,11.876447,10.614376,9.47083,8.058901,5.32366,7.8858266,6.5991235,11.352995,12.232705,16.5328,19.069754,21.274729,25.08659,26.050137,25.54124,22.394915,19.7439,15.914132,16.05789,12.417635,14.99497,12.323033,14.967016,15.617934,16.73637,20.692831,20.583338,20.46662,18.652142,20.466396,18.360565,20.62249,18.254992,23.05571,21.678223,25.942703,28.239523,28.301332,32.017647,30.243645,28.238148,34.0148,33.762344,31.866955,30.823816,25.402546,26.585257,25.353699,29.185915,23.280617,25.884895,25.790451,29.011375,29.963923,27.531271,30.311594,30.409473,29.93986,29.028122,24.604616,23.36009,19.235725,21.730717,17.472153,19.50052,18.250914,15.755734,18.654865,15.220586,16.32195,16.210363,12.866684,9.1285305,9.610136,4.8634253,9.717247,10.2094,13.34277,16.370798,18.45362,20.136114,24.048576,20.604788,18.678839,15.389447,14.329613,10.520253,11.8947735,9.442189,13.066109,17.557947,15.609951,12.616751,16.699774,11.6419525,14.893815,14.969619,17.18101
9,28.125141,25.63408,21.77884,19.923628,17.354635,14.539024,12.566691,7.300567,6.124845,0.0,4.895677,8.360266,6.131944,7.3262477,5.949432,7.741953,10.779055,11.767077,16.238194,17.78102,21.972721,24.528826,27.087593,30.806356,31.994877,31.579393,28.42857,25.812315,22.005232,21.862541,18.224047,19.972559,16.089771,17.789658,17.64336,17.62847,21.975864,22.307648,23.369501,22.040405,24.723125,22.880688,25.991808,23.74167,28.88951,27.682142,31.922806,34.315536,34.221,38.00307,36.141247,33.850346,39.62938,39.381542,37.09558,35.952084,30.548065,31.112244,29.636621,32.815327,27.337008,29.118073,29.159004,31.804632,33.678234,30.598152,33.723415,34.37166,33.560307,32.96613,29.024303,27.14578,24.015327,25.739157,21.561497,23.173986,21.014082,19.092148,20.43717,17.61621,17.310125,15.920687,14.160636,11.379779,13.617007,9.899741,15.062507,16.174263,18.919401,22.098568,23.667309,25.04794,28.53097,24.526457,21.790108,19.208487,16.654531,13.627234,13.145498,11.948849,13.14625,16.79639,14.427504,12.278467,17.024893,13.854156,16.411318,17.952671,19.536474
10,30.276772,27.321718,24.133656,21.312687,18.79578,16.39446,13.897814,9.833825,6.2563257,4.895677,0.0,5.9831543,5.9052615,5.475308,7.964202,7.064593,11.347275,11.484219,16.22021,17.804495,21.780128,24.697891,26.444916,30.4952,31.408237,30.504946,27.646738,24.360355,20.450926,19.913689,15.851385,17.495216,12.282122,14.731857,13.621631,14.0659895,18.067919,17.945885,19.254341,17.760008,21.058384,18.932056,22.839209,20.590302,26.254747,25.714615,29.545769,32.63147,32.788376,36.074406,33.697124,31.773077,37.176617,36.4728,33.934837,32.495182,27.257387,27.288582,26.040295,29.240091,24.425207,26.28031,26.937483,30.033817,32.2668,29.789602,33.376476,34.15187,34.00444,33.784504,29.229095,27.195492,23.343088,24.627548,20.050707,20.958807,18.680109,15.932323,17.081696,13.547954,13.104792,11.619497,9.532565,7.2803,10.579052,7.6132045,13.676493,15.630955,18.826195,22.071262,24.221468,26.22371,29.975761,26.030466,23.72308,20.295033,18.228483,14.168916,13.765519,10.575525,11.878,15.375322,14.619945,12.66246,18.331001,15.032591,18.573816,19.746214,22.15973
11,35.873898,32.991367,29.62957,27.126226,24.441603,22.097454,19.328268,15.134726,11.876447,8.360266,5.9831543,0.0,6.6784406,8.491856,12.196307,12.809385,17.059206,17.465513,22.195704,23.722408,27.722446,30.611265,32.227737,36.31557,37.02882,36.01266,32.852535,29.775679,25.808651,25.325356,20.972967,22.70081,16.468405,18.944065,16.55108,16.50716,20.037132,19.689573,22.130161,20.735739,24.980768,22.494879,27.295832,24.806791,30.94275,30.318401,34.12055,37.362534,37.232502,40.437374,37.855186,35.46202,40.676975,39.998405,36.832287,35.33847,30.27634,29.479961,27.878784,30.082954,26.116476,26.92586,27.926477,30.459738,33.828278,31.050852,35.195415,36.65563,36.59614,37.04285,32.660904,29.862082,26.79451,26.945395,22.514954,22.629194,19.492332,17.442274,16.601744,14.252316,12.133719,9.3488455,9.992557,9.688741,13.778227,12.590407,17.969893,20.864477,23.691826,27.221245,29.031775,31.260456,34.610817,30.025139,27.278915,23.982407,20.986696,17.271008,15.379886,12.793875,11.370166,13.132598,13.354639,12.816739,19.021904,17.693304,21.057009,23.204374,25.68194
12,32.63236,30.263672,26.39434,24.14212,22.11877,18.383543,17.713697,12.0524025,10.614376,6.131944,5.9052615,6.6784406,0.0,3.836709,6.651896,9.290057,12.818219,14.852737,19.03424,21.44369,25.151741,28.19983,30.367332,34.30608,35.7216,34.944042,32.610027,28.947983,25.22575,24.183605,20.71792,20.970215,15.971496,16.438414,15.440866,14.313923,18.647259,19.484772,21.571028,21.004433,24.367577,23.289177,27.253422,25.658558,31.053816,31.102993,34.690414,37.90812,38.295177,41.536617,39.118206,37.54334,42.899654,41.981373,39.55271,37.933613,32.823467,32.630688,31.586523,34.663616,30.195227,31.826519,32.580338,35.447643,37.948475,35.19299,38.762047,39.60769,39.143154,38.75443,34.52164,32.513084,28.971395,30.327778,25.837189,26.72779,24.207357,21.609922,22.07216,18.686216,17.412926,14.786274,13.99182,12.807581,16.455738,13.235622,19.360188,20.663364,23.919806,26.945602,29.026714,30.501328,34.273495,30.471668,27.862076,25.038326,22.545633,19.13093,18.292093,16.08321,16.35727,19.077263,18.013964,16.638466,22.159101,19.55022,22.373188,23.983454,25.665333
13,31.155104,28.609653,25.122358,22.268673,20.54186,16.732363,16.476007,11.273749,9.47083,7.3262477,5.475308,8.491856,3.836709,0.0,5.970572,6.656751,10.391962,12.359891,16.323524,18.996023,22.394331,25.662766,27.508707,31.542282,33.02535,32.068104,30.264872,26.049257,22.457972,21.009306,17.825434,17.413761,12.55185,12.609196,11.926241,10.905017,15.376206,16.329737,18.049885,17.643919,20.734373,20.092333,23.8999,22.715822,27.905483,28.573494,31.79172,35.309673,36.065136,39.00488,36.424706,35.452206,40.602985,39.359833,37.204422,35.420795,30.443357,30.345337,29.711098,33.247776,28.892174,31.028412,31.960182,35.282482,37.4001,35.12858,38.604527,39.148743,38.95092,38.36872,33.816166,32.18659,27.960556,29.681961,25.04301,25.931324,23.809944,20.553368,21.67922,17.514889,16.782309,14.505937,12.748398,11.546891,15.0411825,11.523321,17.90879,18.811445,22.419704,25.162083,27.703733,29.23854,33.3561,30.037498,27.885754,24.723175,22.964815,19.11465,19.02663,15.941395,17.240498,20.38748,19.724,17.931128,23.45854,19.957153,23.142557,24.075912,25.980745
14,26.404861,24.338728,20.266275,18.234293,16.700335,12.189107,13.196369,6.989866,8.058901,5.949432,7.964202,12.196307,6.651896,5.970572,0.0,5.504464,7.1055045,10.250806,13.705284,16.416231,19.946552,22.825848,25.582226,29.214684,31.071291,30.679937,28.737747,25.164059,21.76323,20.759878,18.20374,18.03196,15.346319,14.9758415,16.03781,15.201048,19.801405,21.031534,21.796907,21.30883,23.233341,22.82962,25.328337,24.158731,28.562178,28.511892,32.14451,34.839005,35.45044,38.899265,36.953587,35.78095,41.348686,40.590824,38.931366,37.507572,32.31013,33.081688,32.29636,36.138153,30.821333,33.24745,33.475117,36.583656,37.924015,35.2653,38.07246,38.207935,37.3904,36.180805,32.167286,31.049017,27.188889,29.732012,25.461449,27.243128,25.549923,22.83237,24.78642,20.979288,20.932184,19.280476,16.994238,14.534937,16.752048,12.1364355,17.691042,17.32517,20.601564,23.035696,25.170712,25.949253,29.973837,27.038265,24.81437,22.438225,20.840221,17.864666,18.366627,16.631065,18.689823,22.449038,20.345684,18.033983,22.426922,18.376757,20.668814,21.34331,22.384155
15,24.88792,22.133461,19.019766,15.749958,14.127686,10.611252,10.565242,6.449716,5.32366,7.741953,7.064593,12.809385,9.290057,6.656751,5.504464,0.0,4.457962,5.748661,9.828739,12.372523,15.891855,19.05501,21.138618,25.068077,26.636272,25.914349,24.15302,20.125101,16.645733,15.48096,12.782231,12.806917,10.34768,10.909027,12.334683,12.67735,16.926075,17.604656,17.549614,16.634253,18.198349,17.57139,19.855257,18.694372,23.107529,23.35688,26.77517,29.770386,30.615307,33.770706,31.62959,30.834991,36.202633,35.22841,33.712124,32.218163,27.105478,28.04157,27.53708,31.779852,26.529999,29.462385,29.85789,33.455463,34.404896,32.39196,35.19097,35.07954,34.76968,33.585495,29.033005,28.196878,23.498957,26.25624,21.835545,23.531298,22.344734,19.009272,21.779478,17.388416,18.17001,17.326483,13.952169,11.202686,12.728036,7.9444394,13.557165,13.054878,16.784569,19.084978,21.82444,23.101276,27.48234,24.872416,23.294838,20.153992,19.523045,15.769915,17.139061,14.132699,17.380154,21.53656,20.150183,17.451366,21.922394,16.94813,20.010939,19.830656,21.632002
16,21.181599,18.76478,15.536453,12.336527,11.545553,6.9740314,9.567507,6.2367115,7.8858266,10.779055,11.347275,17.059206,12.818219,10.391962,7.1055045,4.457962,0.0,4.57384,6.7031775,9.933937,12.993396,16.053036,18.716394,22.315283,24.395931,24.025549,22.85796,18.836693,15.88107,14.634479,13.261154,12.452832,12.611217,11.952759,14.838939,15.034728,19.089611,20.163754,19.34315,18.748253,19.059715,19.26041,20.184765,19.626,22.902683,23.25624,26.510462,29.066072,30.173132,33.389275,31.638077,31.306498,36.69455,35.788124,34.918545,33.555676,28.559557,30.11743,29.862856,34.485386,28.895576,32.229534,32.301945,35.945915,36.148476,34.22134,36.441444,35.826973,35.242565,33.436905,29.170752,29.053953,24.274813,27.824955,23.740555,25.95105,25.293907,22.06818,25.443722,21.064457,22.274137,21.691242,18.080923,15.122531,15.750024,10.797685,15.060146,12.952141,16.491076,18.02122,20.795769,21.34209,25.915585,24.199717,23.01156,20.409721,20.495178,17.377245,19.4569,17.0963,20.88304,25.270355,23.349152,20.392136,24.00065,18.487947,20.911919,20.057802,21.201527
17,20.216143,17.045006,14.771823,10.71807,9.19948,7.126918,6.7902813,6.7285414,6.5991235,11.767077,11.484219,17.465513,14.852737,12.359891,10.250806,5.748661,4.57384,0.0,4.8549347,6.6471434,10.421841,13.430387,15.612999,19.468927,20.996058,20.474989,18.720041,14.956891,11.671094,11.0374,9.160191,10.097252,10.818872,12.062279,14.670769,16.015419,19.569036,19.851091,18.417234,17.046926,17.083328,16.356031,16.872513,15.723143,19.089825,18.82468,22.381115,24.79941,25.734735,29.035963,27.340609,26.751762,32.2128,31.503498,30.618069,29.436985,24.359957,26.25134,25.901232,30.646534,24.822824,28.404966,28.348145,32.14395,31.982801,30.37748,32.50167,31.752214,31.455748,29.748606,25.172464,25.186552,20.02236,23.721773,19.716753,22.04361,21.846504,18.614758,22.620796,18.365814,20.278067,20.524715,16.386477,13.044279,12.487741,7.864963,10.94377,8.540305,12.288562,13.903302,16.96513,18.073383,22.741934,20.99663,20.22952,17.08889,17.874317,14.4324465,17.148827,14.374922,18.919077,23.494728,21.835133,18.665451,21.92614,15.941629,18.76637,17.323069,19.100916
18,17.082176,14.06854,12.547495,7.8328056,8.101433,6.241523,8.820239,10.219999,11.352995,16.238194,16.22021,22.195704,19.03424,16.323524,13.705284,9.828739,6.7031775,4.8549347,0.0,4.079639,6.299454,9.5465765,12.050012,15.629331,17.800781,17.51892,17.035149,12.852625,10.643564,9.588307,10.1071205,9.441158,13.209612,13.153325,16.917767,18.197346,21.28881,21.866692,19.599176,18.648882,17.204233,17.598541,16.415466,16.319157,17.980505,18.346252,21.260948,23.36358,24.868586,27.904709,26.53403,26.902014,32.073563,31.216557,31.180285,30.051504,25.36816,27.830273,27.977814,33.13502,27.34338,31.38199,31.184433,35.137676,34.17743,32.98393,34.519566,33.180424,32.839798,30.521742,26.154177,27.066023,21.656727,26.062408,22.493439,25.065565,25.47595,22.184055,26.651531,22.284601,24.531832,24.957724,20.636286,17.49105,16.440647,12.316411,13.951376,10.045917,13.243149,13.449975,16.794758,17.132559,22.074677,21.709158,21.703629,19.047356,20.797543,17.93247,21.170671,18.675636,23.50038,28.12525,26.361017,23.092234,25.715633,19.439407,21.740656,19.525343,20.759663
19,15.332995,11.649843,11.218032,6.1116714,5.7776046,7.392193,7.544054,11.476022,12.232705,17.78102,17.804495,23.722408,21.44369,18.996023,16.416231,12.372523,9.933937,6.6471434,4.079639,0.0,4.5179434,6.896078,9.519453,13.048999,14.693018,14.66151,13.264474,10.170429,8.018575,8.517453,9.162739,10.653727,14.755054,15.996393,19.32866,21.167585,24.012878,24.069168,21.500933,19.964207,18.280554,17.779278,15.841241,15.085698,16.242315,15.321775,18.75127,20.087284,21.250452,24.653837,23.7347,23.64044,29.011929,28.652742,28.772514,28.033852,23.31877,26.33719,26.26447,31.407663,25.228056,29.401426,28.81716,32.68334,31.12859,30.09341,31.224365,29.601393,29.277542,26.800325,22.455517,23.771358,18.342081,23.132088,20.018927,22.930645,23.867659,21.010548,25.92081,22.057138,24.779,25.815973,21.348747,17.925566,15.840508,12.430818,12.066034,7.308126,9.813493,9.471683,12.899306,13.365849,18.360966,18.316408,18.841242,16.177187,18.732323,16.231249,19.982813,17.846493,23.039238,27.715014,25.84343,22.467564,24.289494,17.830648,19.941057,17.086105,18.468334
20,14.57828,11.15288,12.206154,7.1682954,8.8136215,10.310717,11.932487,15.623424,16.5328,21.972721,21.780128,27.722446,25.151741,22.394331,19.946552,15.891855,12.993396,10.421841,6.299454,4.5179434,0.0,3.7506814,5.9681063,9.331461,11.726131,11.749394,12.421249,8.574535,8.30427,8.096579,11.015068,10.858885,16.782795,17.154686,21.065596,22.913498,25.219788,25.415714,22.212923,21.047007,18.190128,18.685045,15.333337,15.747899,15.085033,15.266195,17.569538,18.787159,20.733578,23.512918,22.771713,23.924929,28.704893,28.007898,28.95545,28.176645,24.046398,27.385954,27.889225,33.33351,27.531727,32.044735,31.541399,35.603756,33.502117,33.025112,33.778572,31.715895,31.57826,28.753458,24.546236,26.5371,20.89736,25.934599,23.15366,25.951468,27.303812,24.232746,29.350336,25.28235,28.19052,29.319687,24.722773,21.619965,19.464312,16.42699,15.752469,10.945081,12.812442,11.167422,14.712549,14.626505,19.58176,20.841532,22.046015,19.6684,22.764492,20.45291,24.331718,22.028324,27.296535,31.924835,30.25907,26.89242,28.573324,22.097399,24.042912,20.832687,21.958872
21,12.105556,8.560523,11.134938,6.9692893,9.077544,12.017587,13.294603,17.832563,19.069754,24.528826,24.697891,30.611265,28.19983,25.662766,22.825848,19.05501,16.053036,13.430387,9.5465765,6.896078,3.7506814,0.0,4.8187194,6.701378,9.267566,10.24499,10.820051,8.989253,9.743036,10.661525,13.649838,14.308001,20.231228,20.886518,24.718174,26.642677,28.918377,29.004557,25.687973,24.363111,21.314392,21.518759,17.59514,17.783457,16.218777,15.367493,17.7215,17.705202,19.429752,22.456703,22.483027,23.462269,28.217625,28.029371,29.405962,29.029507,25.101362,28.914373,29.291481,34.65158,28.603916,33.14168,32.237362,36.08471,33.332603,32.935123,33.081364,30.612568,30.274231,27.021025,23.284323,25.903076,20.661312,26.042376,23.881083,26.982334,28.708372,26.109367,31.408112,27.756659,30.853155,32.235573,27.640242,24.36299,21.756454,19.013306,17.306818,12.244906,12.951277,10.344833,13.283123,12.471359,17.182764,19.460024,21.23405,19.437088,23.090723,21.464954,25.573744,23.863764,29.208576,33.842842,31.893347,28.48571,29.38798,22.968496,24.373344,20.720987,21.449816
22,16.351229,12.85473,15.905895,11.600526,13.066744,15.996956,16.362225,20.994095,21.274729,27.087593,26.444916,32.227737,30.367332,27.508707,25.582226,21.138618,18.716394,15.612999,12.050012,9.519453,5.9681063,4.8187194,0.0,4.3684807,6.093153,5.910468,8.718874,5.540751,8.112498,8.833533,12.864956,13.342494,19.873775,20.848118,24.470413,26.84503,28.410545,28.120764,24.30045,22.874998,19.15429,19.453634,14.508346,15.284415,12.280816,12.415787,13.603528,13.99338,16.571861,18.713446,18.479044,20.626516,24.698957,24.03895,25.915379,25.45404,22.102905,26.077118,26.96645,32.510624,27.079758,31.902325,31.29327,35.46116,32.47531,32.88136,33.08507,30.497555,30.851484,27.909414,23.733875,26.483824,20.687763,25.821396,23.784107,26.4366,28.56685,25.666838,31.124044,27.386278,30.772812,32.507927,27.793728,24.940762,22.06273,20.166267,17.976185,13.478748,14.167755,11.2910185,14.717735,14.822386,19.266945,21.655146,23.833208,21.454979,25.410088,23.320648,27.450748,25.043242,30.464796,34.92292,33.647266,30.332098,31.478842,25.116978,27.02546,23.280489,24.644112
23,15.418166,12.561005,16.69491,13.422385,15.412285,18.710266,19.473032,24.357218,25.08659,30.806356,30.4952,36.31557,34.30608,31.542282,29.214684,25.068077,22.315283,19.468927,15.629331,13.048999,9.331461,6.701378,4.3684807,0.0,4.0369883,5.7541866,9.729511,9.090066,12.1401615,13.138597,17.15223,17.564085,24.230412,24.969105,28.739103,31.016975,32.529507,32.321762,28.385551,27.065193,23.072392,23.543476,18.209015,19.121948,15.225078,14.896491,15.514832,14.47254,17.037949,18.966408,19.659798,22.071693,25.69672,25.402966,27.950571,27.834608,24.966423,29.256165,30.177269,35.619682,30.178457,34.994164,34.087986,38.048737,34.437805,35.00051,34.57123,31.546764,31.71985,28.322855,24.798178,28.187075,22.90695,28.2295,26.775585,29.608559,32.009434,29.445843,34.97633,31.48446,34.94688,36.77123,32.066765,29.127499,26.085377,24.224602,21.617975,16.998238,16.940441,13.475675,16.040781,15.307021,19.117237,22.677433,25.344862,23.623539,27.926905,26.428696,30.67383,28.73394,34.16959,38.634674,37.112854,33.770233,34.34083,28.067228,29.471,25.444014,26.322195
24,17.835022,14.621136,18.969038,15.717523,16.93088,20.986046,20.467392,25.889933,26.050137,31.994877,31.408237,37.02882,35.7216,33.02535,31.071291,26.636272,24.395931,20.996058,17.800781,14.693018,11.726131,9.267566,6.093153,4.0369883,0.0,3.2593458,6.9531975,8.37097,11.801465,13.634814,17.218927,18.726915,24.939295,26.515676,29.809656,32.46343,33.77072,33.1261,29.13201,27.400167,23.54182,23.243616,17.745848,18.117807,13.778572,12.35712,12.85897,10.756976,13.241782,15.138107,16.312803,18.595142,22.020746,22.111965,24.856861,25.093855,22.51611,27.10207,27.94246,33.212162,27.903788,32.716805,31.680698,35.578217,31.566975,32.57765,31.92378,28.741951,29.286203,26.085436,22.474684,26.069847,20.846334,25.991562,25.024752,27.730032,30.514397,28.250355,33.849262,30.783474,34.472477,36.698742,32.02752,29.17617,25.691542,24.578959,21.072659,16.949005,16.257158,12.598812,14.902654,14.807385,18.121328,21.70285,24.748537,22.847195,27.463188,26.039827,30.30888,28.36663,33.772636,38.05107,36.78941,33.54437,33.79453,27.752214,29.229385,25.059288,26.311016
25,20.336765,16.894062,20.75242,16.883665,17.838518,21.519184,20.740648,25.90746,25.54124,31.579393,30.504946,36.01266,34.944042,32.068104,30.679937,25.914349,24.025549,20.474989,17.51892,14.66151,11.749394,10.24499,5.910468,5.7541866,3.2593458,0.0,6.951348,6.3805943,10.276335,11.724274,15.515738,16.820759,23.025833,24.736801,27.82544,30.65594,31.620668,30.796711,26.66666,24.910706,20.892653,20.628935,14.874366,15.567248,10.704391,10.355621,10.005994,9.100522,12.411132,13.574644,13.954577,17.09651,20.208223,19.675352,22.44121,22.401772,20.010721,24.469568,25.638248,31.04657,26.18251,31.1198,30.45114,34.625256,30.908043,32.239056,32.010075,29.06554,30.046001,27.289635,23.151304,26.361805,20.643574,25.458467,24.202713,26.522366,29.306358,26.695526,32.25613,29.005894,32.734417,35.024597,30.34418,27.792446,24.376055,23.594254,20.269648,16.558891,16.342752,13.087098,15.986112,16.632374,20.189323,23.0808,25.921768,23.454044,27.90136,25.950644,30.109758,27.606956,32.978737,37.150158,36.333267,33.160866,33.88955,27.848892,29.8028,25.813795,27.526684
26,19.449831,15.412825,18.864899,15.435298,14.996711,19.889704,17.113264,23.081081,22.394915,28.42857,27.646738,32.852535,32.610027,30.264872,28.737747,24.15302,22.85796,18.720041,17.035149,13.264474,12.421249,10.820051,8.718874,9.729511,6.9531975,6.951348,0.0,7.038648,8.713592,12.220687,13.896517,17.752487,22.335442,25.380737,27.782215,30.796041,32.33662,31.160542,27.644167,25.17057,22.454184,20.466784,16.115583,14.6030245,12.151249,7.284417,10.532454,8.083761,8.677622,12.515974,13.483061,13.226168,18.067202,19.045023,20.565573,21.161802,17.747576,22.459671,22.500755,27.437984,21.57167,26.208052,24.901096,28.67845,24.762182,25.663721,25.268225,22.367937,23.199104,20.600975,16.233854,19.446304,13.988571,19.046053,18.292746,21.078651,24.046461,22.32429,27.911087,25.534267,29.35031,31.968613,27.479872,24.535376,20.521662,20.284323,15.589896,12.345585,10.788738,7.4493413,9.754432,11.422165,14.651297,16.76303,19.733047,17.195486,21.895432,20.420815,24.606955,22.798723,28.063057,32.11912,31.034914,27.940819,27.904205,22.20403,23.925964,19.831331,21.851719
27,20.639774,16.643167,19.064476,14.339758,14.42602,17.541426,16.031467,20.75054,19.7439,25.812315,24.360355,29.775679,28.947983,26.049257,25.164059,20.125101,18.836693,14.956891,12.852625,10.170429,8.574535,8.989253,5.540751,9.090066,8.37097,6.3805943,7.038648,0.0,4.040086,5.750478,9.135339,11.240336,16.837963,19.140604,21.887512,24.843851,26.04372,25.096573,21.276884,19.238325,15.907817,15.02557,10.124745,10.095033,7.449469,7.401193,9.0195875,10.845947,13.421296,15.397993,14.2218895,16.186834,20.378977,19.458445,20.765022,20.165466,16.601557,20.546093,21.466808,27.05477,21.923473,26.846321,26.557997,30.990314,28.327562,29.164362,29.901821,27.680159,28.70854,26.550917,21.61593,23.775759,17.400585,21.960411,19.722862,21.872795,24.165066,21.074215,26.563778,22.95367,26.569595,28.71373,24.014809,21.493284,18.272457,17.450562,14.672821,11.285494,12.17998,10.079748,14.034703,15.683307,20.006472,21.196863,23.214182,19.926596,23.755056,21.020323,24.973822,21.88784,27.22764,31.419647,30.844673,27.710096,29.217945,23.098442,25.694622,22.185379,24.47417
28,20.883823,16.712051,18.099987,13.211213,12.431052,15.258677,12.868075,17.36759,15.914132,22.005232,20.450926,25.808651,25.22575,22.457972,21.76323,16.645733,15.88107,11.671094,10.643564,8.018575,8.30427,9.743036,8.112498,12.1401615,11.801465,10.276335,8.713592,4.040086,0.0,4.10831,5.49012,9.312287,13.728535,16.731585,19.097265,22.089334,23.68837,22.663773,19.319399,16.981773,14.658123,12.9462805,9.634393,8.290049,8.706395,7.760267,10.962752,13.279816,14.929006,17.558529,15.976708,16.571985,21.458307,20.699648,20.9544,20.197157,15.805326,19.286297,19.70887,25.197512,19.66318,24.407684,24.20329,28.631407,26.65387,26.969074,28.244192,26.505814,27.408434,25.607561,20.384977,21.811789,15.300045,19.65247,16.802439,18.984386,20.863901,17.638544,23.072947,19.368288,22.888931,24.944025,20.25089,17.548725,14.3523,13.426651,10.867797,7.734013,9.472184,8.60531,12.842541,15.038849,19.563187,19.585802,20.985191,17.272396,20.604383,17.453766,21.26494,17.967295,23.30025,27.543474,26.96862,23.84392,25.721619,19.601309,22.531242,19.387623,21.999153
29,22.314398,18.45609,19.385489,14.1801605,14.001103,15.3130665,14.30768,17.52397,16.05789,21.862541,19.913689,25.325356,24.183605,21.009306,20.759878,15.48096,14.634479,11.0374,9.588307,8.517453,8.096579,10.661525,8.833533,13.138597,13.634814,11.724274,12.220687,5.750478,4.10831,0.0,5.0160394,5.56338,11.370552,13.403718,16.224964,19.101837,20.414097,19.6676,16.028961,14.205812,11.245529,10.910296,7.4333563,7.954984,8.446278,10.656807,12.26825,15.820354,18.200443,19.986353,17.762602,19.538185,23.792206,22.151512,22.489037,21.129948,17.070345,19.87253,20.903238,26.563015,21.752567,26.473051,26.810316,31.440584,29.987398,30.34388,31.979849,30.43427,31.394289,29.660122,24.415361,25.58988,19.031229,23.016308,19.708958,21.430965,22.862932,18.964918,24.059574,19.626593,22.841352,24.445644,19.722979,17.469404,15.166521,13.734595,13.023846,10.240611,12.921335,12.379902,16.649847,18.480673,23.214273,23.23795,24.313183,20.569881,23.384623,19.813866,23.305878,19.445028,24.572227,28.777346,28.492353,25.43247,28.10002,21.973818,25.154158,22.37918,24.882698
30,24.124146,20.097263,20.141575,15.203321,13.784973,14.974413,12.206616,15.016137,12.417635,18.224047,15.851385,20.972967,20.71792,17.825434,18.20374,12.782231,13.261154,9.160191,10.1071205,9.162739,11.015068,13.649838,12.864956,17.15223,17.218927,15.515738,13.896517,9.135339,5.49012,5.0160394,0.0,6.5946884,8.487462,12.482136,14.070924,17.217363,18.961046,17.775696,15.003426,12.417307,11.528598,9.092771,8.677691,6.615951,10.671037,11.069641,14.066906,17.62643,18.99468,21.371946,18.902246,19.048037,23.883131,22.622723,21.748472,20.390411,15.538144,17.728165,18.010372,23.35657,18.211145,22.601084,23.064482,27.631111,26.981539,26.904226,29.165848,28.227894,29.224321,28.102114,22.603476,22.846247,16.38604,19.694172,15.812719,17.311565,18.264135,14.239678,19.227716,14.819835,18.03917,19.77466,15.046303,12.620166,10.15984,9.199565,8.770652,7.6278014,10.931721,11.955445,15.937852,18.501263,23.021101,21.687632,22.10484,17.854946,19.95602,15.851969,18.965448,14.6755905,19.680294,23.806583,23.764618,20.829777,23.927095,18.104534,21.771603,19.574764,22.612242
31,25.144787,21.682856,21.493057,16.344358,16.239876,15.495013,15.594658,16.703068,14.99497,19.972559,17.495216,22.70081,20.970215,17.413761,18.03196,12.806917,12.452832,10.097252,9.441158,10.653727,10.858885,14.308001,13.342494,17.564085,18.726915,16.820759,17.752487,11.240336,9.312287,5.56338,6.5946884,0.0,7.4347405,7.9584665,11.249391,13.846581,15.128098,14.862901,11.384004,10.368655,7.814055,9.269621,8.323758,9.880698,12.053442,15.592886,16.688066,21.031992,23.487123,24.934523,22.126656,24.095358,28.077385,25.81962,25.63388,23.67651,19.697409,21.29478,22.554546,28.044628,23.921053,28.278713,29.207167,33.897232,33.42782,33.472073,35.743042,34.67998,35.584534,34.12135,28.802332,29.323551,22.883276,26.279776,22.319056,23.530287,24.115828,19.617393,23.945948,18.774763,21.284811,22.086176,17.563961,15.935548,15.124739,13.053236,14.875015,13.011826,16.582413,16.903355,21.076054,22.795588,27.6686,27.06993,27.447996,23.58944,25.445953,21.360924,24.203869,19.789282,24.36673,28.410284,28.45553,25.59252,29.323515,23.445887,26.957872,24.917545,27.396788
32,29.942379,26.400883,25.166422,20.463554,19.186739,17.78158,16.369833,15.698499,12.323033,16.089771,12.282122,16.468405,15.971496,12.55185,15.346319,10.34768,12.611217,10.818872,13.209612,14.755054,16.782795,20.231228,19.873775,24.230412,24.939295,23.025833,22.335442,16.837963,13.728535,11.370552,8.487462,7.4347405,0.0,6.072324,5.6882887,9.075477,10.85471,9.808036,8.385184,6.4686675,8.779993,7.7336006,11.705765,11.204788,16.352411,18.791592,20.678978,25.321888,26.937353,28.654081,25.36684,25.95957,30.137535,27.97385,26.32291,24.11804,19.71193,19.791492,20.404211,25.1217,21.561491,25.061535,26.592085,31.105247,32.121056,31.701487,34.95487,34.819946,35.85692,35.282295,29.77047,29.011873,23.041895,25.091572,20.496471,20.830893,20.27558,15.447638,18.550554,12.990089,14.674637,14.939817,10.684626,10.025034,10.9597645,9.625707,13.612996,14.254649,18.112886,19.920944,23.637707,26.030188,30.58779,28.446405,27.89941,23.602102,24.105488,19.374819,21.039356,15.890056,19.386282,22.882442,23.756027,21.416115,26.287363,21.372791,25.487543,24.597317,27.601969
33,30.090084,27.114103,25.55416,20.98469,20.6417,17.808458,18.716572,16.910185,14.967016,17.789658,14.731857,18.944065,16.438414,12.609196,14.9758415,10.909027,11.952759,12.062279,13.153325,15.996393,17.154686,20.886518,20.848118,24.969105,26.515676,24.736801,25.380737,19.140604,16.731585,13.403718,12.482136,7.9584665,6.072324,0.0,4.961412,6.1451383,8.198597,9.3049135,7.857451,8.756444,9.444491,11.834453,14.35641,15.611626,19.212723,22.827354,24.007116,28.719357,30.935043,32.380405,29.171482,30.748718,34.677322,32.112984,31.124022,28.731176,24.779493,24.954243,26.060913,30.895515,27.55341,31.125257,32.632473,37.126617,37.96797,37.445576,40.473473,40.08853,40.83597,39.781345,34.48344,34.12716,28.135029,30.713778,26.176588,26.799746,26.200455,21.458645,24.303408,18.720339,19.783113,19.124678,15.522407,15.035575,16.563211,14.011849,18.56548,17.990074,22.015316,23.28004,27.140608,28.814314,33.65825,32.13966,31.5929,27.745234,28.249924,23.819742,25.539831,20.869852,24.19947,27.739983,28.175503,25.793581,30.739729,25.619795,29.340714,28.408735,30.796778
34,33.99826,30.801712,29.101114,24.606522,23.646769,21.111982,20.784096,18.622328,15.617934,17.64336,13.621631,16.55108,15.440866,11.926241,16.03781,12.334683,14.838939,14.670769,16.917767,19.32866,21.065596,24.718174,24.470413,28.739103,29.809656,27.82544,27.782215,21.887512,19.097265,16.224964,14.070924,11.249391,5.6882887,4.961412,0.0,3.9006712,5.4035807,5.339698,6.158492,6.697558,10.225774,11.141079,15.65498,16.110693,20.853676,24.185215,25.475466,30.499895,32.37614,33.718906,30.144098,31.21005,34.974377,32.328182,30.579813,28.011362,24.116608,23.345045,24.266172,28.538239,25.960403,28.992802,30.971191,35.376976,37.02727,36.518597,40.088837,40.20691,41.232372,40.773525,35.30596,34.299778,28.526247,30.218548,25.512648,25.431396,24.320894,19.488401,21.384268,15.82097,16.227869,15.229243,12.226464,12.963126,15.383157,13.93774,18.877127,19.641157,23.588444,25.430119,29.122717,31.309715,35.934322,33.693245,32.83633,28.672916,28.615305,23.876862,24.905306,19.816517,22.296532,25.223745,26.48202,24.562311,30.055748,25.659576,29.736609,29.34486,32.154213
35,35.106762,32.251373,30.066244,25.897905,25.138233,21.764244,22.305984,19.123709,16.73637,17.62847,14.0659895,16.50716,14.313923,10.905017,15.201048,12.67735,15.034728,16.015419,18.197346,21.167585,22.913498,26.642677,26.84503,31.016975,32.46343,30.65594,30.796041,24.843851,22.089334,19.101837,17.217363,13.846581,9.075477,6.1451383,3.9006712,0.0,4.6255803,6.7649717,8.7928095,10.3318,13.383052,14.993056,19.15827,19.84851,24.330435,27.693773,29.03961,33.954792,35.872055,37.336163,33.855293,34.940136,38.80814,36.165943,34.479374,31.899452,28.00937,27.192905,28.038033,32.13876,29.529245,32.35572,34.28603,38.520973,40.372612,39.540684,43.142323,43.326862,44.094627,43.519344,38.217377,37.153004,31.589794,33.361004,28.597965,28.64755,27.24009,22.60748,24.08336,18.695438,18.484762,16.700247,14.416907,15.177568,18.167343,16.086435,21.629856,22.159695,26.19121,28.069504,31.665247,33.54333,38.214394,35.9379,34.81388,30.913519,30.489748,25.918161,26.67418,21.95471,24.014174,26.822586,27.815258,26.021938,31.69815,27.488224,31.346642,31.245188,33.729313
36,38.26757,35.281147,33.58138,29.108576,28.513893,25.546587,25.930113,23.35861,20.692831,21.975864,18.067919,20.037132,18.647259,15.376206,19.801405,16.926075,19.089611,19.569036,21.28881,24.012878,25.219788,28.918377,28.410545,32.529507,33.77072,31.620668,32.33662,26.04372,23.68837,20.414097,18.961046,15.128098,10.85471,8.198597,5.4035807,4.6255803,0.0,3.7094138,6.3857255,9.092389,12.153322,14.501698,18.827192,20.152431,24.270134,28.539722,29.07393,34.482796,36.725353,37.527416,33.67244,35.44832,38.64566,35.456642,33.833683,30.945904,27.708355,26.389378,27.799028,31.833849,30.208466,33.07023,35.41925,39.85947,41.75359,41.468002,45.173714,45.344337,46.51625,46.100346,40.581223,39.580544,33.74637,35.27654,30.593645,30.190973,28.98386,24.107925,25.410559,20.007648,19.861393,18.365137,16.33628,17.833813,20.54246,19.295092,24.241001,24.918514,28.872368,30.521315,34.324417,36.41063,41.11778,39.051483,38.21182,34.074905,33.94542,29.206997,30.031796,24.938322,26.94578,29.431517,31.052908,29.396706,35.110332,30.94036,35.001423,34.7122,37.442833
