,0,1,2,3,4,5,6,7,8,9,10,11,12,13,14,15,16,17,18,19,20,21,22,23,24,25,26,27,28,29,30,31,32,33,34,35,36,37,38,39,40,41,42,43,44,45,46,47,48,49,50,51,52,53,54,55,56,57,58,59,60,61,62,63,64,65,66,67,68,69,70,71,72,73,74,75,76,77,78,79,80,81,82,83,84,85,86,87,88,89,90,91,92,93,94,95,96,97,98,99,100,101,102,103,104,105,106,107,108,109
0,0.0,4.1103535,6.411651,9.802371,11.864438,14.539287,17.263676,20.999847,24.246578,26.834372,31.084757,31.298998,28.523636,27.746689,22.760393,23.274015,18.258585,18.699146,16.451746,15.692853,16.797958,12.774361,17.814068,19.145885,18.866816,22.315277,23.389585,24.413948,25.097023,27.517773,29.710407,31.15932,37.816177,36.611942,40.857998,42.773293,44.4259,44.049107,39.609447,35.370934,39.07116,34.16079,34.987747,33.66702,28.231047,30.095068,27.935442,30.7233,33.38168,36.22079,37.202637,40.994846,43.753105,44.9017,41.911545,45.403805,41.7087,43.237206,47.21416,44.96712,41.669025,43.22452,38.58284,38.07865,37.08943,32.986553,33.91799,29.677437,28.439674,23.946777,22.145067,22.536886,23.907799,22.718184,27.000963,24.093954,28.22339,30.54218,32.74859,36.19202,35.42854,31.520222,33.24714,29.399883,28.18629,24.508337,24.210161,19.312174,18.457726,17.144005,15.892077,16.867588,13.149421,11.668265,12.741383,14.377555,16.972898,19.869595,23.046085,25.697842,29.09367,32.172005,35.508354,36.798103,34.17606,38.42341,32.56892,35.30218,33.21881,34.895992
1,4.1103535,0.0,5.235449,6.602144,8.63294,12.123865,14.126339,18.646404,21.252344,24.27786,28.06659,28.628538,26.19231,25.067707,20.277756,20.120855,15.224053,15.045032,12.96552,11.654087,12.969736,9.371314,14.577876,15.412623,15.904604,19.015835,19.966415,20.617014,21.192665,23.453241,25.77304,27.079676,33.86583,32.716496,36.89451,38.915638,40.500675,40.03219,35.609158,31.334583,34.99895,30.061962,30.969055,29.72753,24.295101,26.37501,24.470821,27.38142,29.92173,32.67886,33.45269,37.287754,39.886143,40.985016,37.896366,41.35088,37.60871,39.141056,43.10764,40.87058,37.579197,39.18684,34.561253,34.185436,33.3305,29.317457,30.477953,26.293472,25.224663,20.689058,18.52053,18.636585,19.842783,18.701866,22.940884,20.172937,24.424786,26.761688,29.125067,32.52302,31.960909,28.004946,29.71863,25.808987,24.377014,20.796158,20.319622,15.267587,14.616834,13.427848,12.755322,14.19781,10.77499,8.3438015,9.571386,10.7186365,13.779454,16.484282,19.702477,22.513338,25.710669,28.993376,32.310524,33.50069,30.902534,34.973476,29.074873,32.022385,29.850119,31.822521
2,6.411651,5.235449,0.0,5.2170854,6.529283,8.372431,11.491704,14.612817,18.129095,20.52371,24.933718,24.990421,22.208668,21.65002,16.630781,17.570145,12.91598,13.759672,12.803996,12.679643,15.182376,12.511851,18.244692,18.667027,20.333704,22.954807,23.305399,23.497355,22.644688,24.649698,26.316498,27.372324,33.443356,31.733578,36.241947,37.74676,39.58795,39.5901,35.128548,31.134285,35.15624,30.923176,31.548561,31.12634,26.366285,28.840239,27.337107,30.74652,33.216442,35.773624,36.107513,40.1419,42.232533,43.268837,39.764606,42.88746,38.70639,39.886147,43.626617,41.381924,38.013725,40.27741,35.951794,35.73712,35.73617,31.477663,33.13918,28.986065,28.708529,23.903393,21.04413,21.236551,21.2968,20.400604,23.36603,19.93658,23.699173,25.605082,27.519709,30.960897,29.768686,25.919743,27.63937,23.924822,23.317257,19.331924,20.107346,15.843928,15.944286,16.005098,15.551556,17.765362,14.106638,11.636475,11.377663,11.285757,13.997544,15.283434,18.842472,20.355333,24.178984,26.775496,29.957476,31.6608,29.297628,34.066326,28.685936,31.805252,30.331535,32.475357
3,9.802371,6.602144,5.2170854,0.0,3.8665159,6.080208,8.794998,12.84204,15.302439,18.602627,22.038956,22.323517,19.906433,18.531698,13.839805,13.574921,8.660814,9.03008,7.6689167,7.8422604,10.566312,8.914208,14.581938,14.798273,17.745775,19.913069,20.532372,19.781555,19.163536,20.465471,22.636736,22.883173,29.422346,27.436426,31.965418,33.578533,35.08818,35.034496,30.473766,26.421474,30.708706,26.446234,27.514694,27.350645,22.497759,25.47115,24.522333,27.818184,29.930817,32.341915,32.32799,36.235046,38.111996,38.860844,35.15012,38.089046,33.94445,34.992462,38.858536,36.87403,33.545612,36.08383,31.79045,32.020367,32.107723,28.301832,30.299953,26.375349,26.083609,21.559261,18.25236,17.43074,17.15506,15.552245,18.421862,14.908507,18.733027,20.917368,22.98257,26.448523,25.695187,21.835995,24.036041,20.188116,19.437037,15.312126,16.429853,11.770605,12.968213,13.348487,14.223411,16.801105,14.04021,10.495496,10.6039715,9.08531,12.703817,12.98546,16.717854,18.070757,21.6239,24.440247,27.468699,29.175915,26.983484,31.48346,26.131296,29.725618,28.100407,30.796427
4,11.864438,8.63294,6.529283,3.8665159,0.0,5.3756185,5.5103674,10.607367,12.652664,15.821914,19.464245,20.316822,18.338997,17.3042,12.8085165,12.482526,8.727007,7.975377,9.176266,8.058016,11.855293,11.353267,16.405695,15.400601,18.65166,20.16504,19.776745,19.211662,17.179338,18.812216,20.196083,21.076376,26.934334,25.266373,29.731709,31.28409,33.206543,33.160755,28.769627,24.818731,28.76226,24.818262,25.31237,25.370922,21.15968,24.040121,23.183437,26.94651,29.155643,31.410242,31.229454,35.389336,36.971928,37.9831,34.240494,37.192905,32.75262,33.86087,37.41133,35.07195,31.686337,34.19455,30.066463,30.044216,30.679907,26.4719,28.681639,24.763876,25.232235,20.458221,16.808344,16.758022,15.746111,15.571381,17.483213,14.164418,17.974306,19.562008,21.686417,25.018856,23.93381,19.948063,21.400866,17.594858,16.792133,12.884451,13.754915,9.938764,10.912251,12.221278,12.937402,16.01956,13.296693,10.089973,8.9493685,6.623573,9.670662,9.3941345,13.170448,14.479689,18.121708,20.922094,24.07173,25.686995,23.409428,28.066471,22.811146,26.324087,24.99561,27.66137
5,14.539287,12.123865,8.372431,6.080208,5.3756185,0.0,6.045466,7.109522,10.62893,13.29538,17.218456,16.846025,14.096407,13.282653,8.310963,9.566949,5.787807,7.9023266,9.23793,10.887734,14.443352,14.189807,19.472889,19.101246,23.0072,24.52561,24.46905,23.18127,20.934937,21.677567,22.94307,22.653433,28.023409,25.250154,30.121109,31.019974,32.789883,33.35639,28.83936,25.299246,29.965288,26.808914,27.5374,28.496695,24.725817,28.082788,27.725513,31.438446,33.355843,35.436768,34.84564,38.87389,40.044094,40.66778,36.503548,38.92457,34.314384,34.861446,38.34551,36.424953,33.08551,36.46015,32.684563,33.192543,34.34863,30.459965,33.038284,29.334051,29.937185,25.35307,21.4616,20.691177,19.004768,17.8814,18.65055,14.518973,17.262245,18.667364,20.022383,23.454927,21.883951,18.247602,20.535582,17.066685,17.602898,13.086405,16.194761,13.243221,15.4098835,17.128443,18.245901,21.34714,18.63305,15.344688,14.311299,11.665154,14.345971,12.292642,16.103472,15.292659,19.469425,21.243288,23.92269,26.325851,24.597576,29.813437,25.352139,29.188951,28.458525,31.431046
6,17.263676,14.126339,11.491704,8.794998,5.5103674,6.045466,0.0,6.7012496,7.3620653,10.694922,14.102018,15.466652,14.194094,13.348437,9.676406,9.061622,7.8895683,6.3752565,10.703605,9.889661,14.211637,15.327401,19.574167,17.625988,21.88072,22.433273,21.215498,20.03137,16.212381,17.257381,17.611017,18.215677,22.914734,20.92764,25.523329,26.667887,28.926197,29.201918,24.961967,21.409107,25.366554,22.400255,22.432646,23.514017,20.558249,23.748674,23.622833,27.745165,29.671976,31.507547,30.714281,34.98241,35.827614,36.806667,32.73452,35.279953,30.417707,31.213238,34.326653,31.883259,28.492437,31.582905,27.961031,28.140547,29.854074,25.63705,28.453588,24.909544,26.379679,21.763145,17.561127,17.542143,15.009372,15.83785,15.564276,12.223419,15.220228,15.8660755,17.70977,20.846437,19.254436,15.285455,16.23449,12.607589,12.496162,8.540048,10.823846,9.29006,11.301767,14.072423,15.370264,18.858442,16.784859,13.876189,11.906631,8.363335,9.979083,6.4778476,10.180482,9.558304,13.566648,15.810824,18.790243,20.747778,18.783806,23.866909,19.33359,23.163383,22.594948,25.657135
7,20.999847,18.646404,14.612817,12.84204,10.607367,7.109522,6.7012496,0.0,5.367092,6.3838916,11.116263,10.630284,8.33587,8.888086,5.273219,7.998884,8.80273,10.145294,14.129683,15.397834,19.397518,20.35644,24.974169,23.611053,28.156204,28.82728,27.794163,26.221666,22.13961,22.469126,22.348288,21.94708,25.322344,22.144167,27.057947,27.165455,29.472303,30.6092,26.463266,23.695759,28.186882,26.454185,26.454378,28.54622,26.320456,29.766,30.00389,34.13014,35.8538,37.496777,36.32759,40.485252,40.82935,41.499565,37.05243,38.97071,33.899933,34.038994,36.82841,34.76044,31.493757,35.490654,32.44001,33.03574,35.421806,31.425358,34.532257,31.203875,32.905914,28.387531,24.108232,23.747833,20.748648,20.897675,19.377707,15.50824,16.852757,16.780727,17.332838,20.324902,17.66059,14.416545,15.884405,13.247073,15.234899,11.266201,15.795495,15.402409,17.900396,20.752287,21.994328,25.460777,23.090206,20.225685,18.26688,14.988791,16.224623,12.034968,15.028682,11.566784,16.008535,16.322844,18.487095,21.546228,20.41732,26.220102,23.038668,26.895863,27.258152,30.390375
8,24.246578,21.252344,18.129095,15.302439,12.652664,10.62893,7.3620653,5.367092,0.0,4.6302238,6.840869,8.409139,8.448025,7.937035,7.071605,6.597274,9.942122,9.339787,14.624388,15.112229,19.064676,21.210434,24.834505,22.649216,27.759306,27.620966,26.12089,24.06441,19.20755,18.92227,18.26595,17.489954,20.118475,16.89042,21.75247,21.848494,24.304142,25.406784,21.414404,18.874645,23.162033,22.037075,21.826624,24.516916,23.185282,26.751593,27.586481,31.717897,33.117496,34.409554,32.8222,36.921463,36.775616,37.407936,32.867393,34.549057,29.328049,29.365267,31.861103,29.711082,26.493114,30.717854,28.02454,28.824091,31.78468,28.06874,31.517914,28.626116,30.841372,26.719845,22.266466,21.731077,17.944614,18.846376,15.902751,12.6978445,13.387432,12.458946,13.104379,15.812073,13.157756,9.682694,10.571569,7.928295,10.38825,7.033828,12.27077,13.526778,16.492802,19.892939,21.735188,25.289917,23.719275,20.873957,18.81843,15.015532,15.768976,10.428142,12.566208,8.017586,11.835607,12.017523,13.961808,17.00297,16.154024,21.705406,18.995619,23.150846,23.73837,27.259895
9,26.834372,24.27786,20.52371,18.602627,15.821914,13.29538,10.694922,6.3838916,4.6302238,0.0,6.007648,6.809182,7.1933484,8.831362,8.8975725,10.340518,13.68163,13.808685,18.847368,19.486032,23.53468,25.35986,29.274137,27.099977,32.001297,31.907356,30.10225,28.338223,22.977747,22.919619,21.548399,21.162708,22.358658,19.159027,23.767614,23.194777,26.052248,27.571184,24.010765,22.095102,26.00672,25.643904,24.916964,27.91178,27.188246,30.532282,31.31031,35.620243,37.10277,38.303078,36.656696,40.821106,40.427185,41.168312,36.632225,38.113503,32.77824,32.634365,34.67229,32.427006,29.330595,33.674034,31.380997,32.008076,35.41122,31.489952,34.96179,32.11976,34.70114,30.458412,26.064455,26.02188,22.164501,23.45185,20.259857,17.227219,17.412334,15.917165,15.834697,18.0057,14.505413,11.949417,11.78116,10.515168,13.627453,11.233179,15.977819,17.781063,20.273918,23.756277,25.148045,28.725828,26.875422,24.364363,21.961891,18.449572,18.599356,13.353338,14.9493885,9.409465,13.161192,11.773599,13.156408,16.757807,16.369455,22.378986,20.653023,24.37479,25.705664,28.927366
10,31.084757,28.06659,24.933718,22.038956,19.464245,17.218456,14.102018,11.116263,6.840869,6.007648,0.0,4.976387,8.442039,8.578276,11.316254,10.714629,15.629015,15.059756,20.268429,20.9376,24.533009,27.301937,30.294516,27.788496,33.26579,32.52799,30.688738,28.191956,22.70335,21.568405,19.976797,18.363482,18.316568,14.321327,18.841663,17.721586,20.460365,22.35582,19.06847,17.942444,21.858791,22.673798,22.06513,25.954096,26.185833,29.750778,31.283272,35.325466,36.286587,37.063457,34.871735,38.731453,37.690052,38.095604,33.36579,34.23994,28.881573,28.272934,29.913382,28.001392,25.138052,30.119488,28.470745,29.677465,33.653618,30.452805,34.271503,32.03259,34.858215,31.233402,26.790905,26.109428,21.690845,22.954756,18.31747,16.065233,14.820216,12.27399,11.462935,12.857543,9.01117,7.323876,6.8317404,7.205367,11.44586,10.445183,15.66248,18.604391,21.692686,25.354252,27.441967,30.972534,29.841146,27.14934,25.000412,21.141026,21.324251,15.626297,16.435844,10.575113,12.580814,10.473429,10.51872,14.383208,14.953558,20.214514,19.598618,23.61862,25.179005,28.865751
11,31.298998,28.628538,24.990421,22.323517,20.316822,16.846025,15.466652,10.630284,8.409139,6.809182,4.976387,0.0,4.347149,5.574277,9.386315,10.432741,15.195856,16.107342,20.530657,22.350025,25.796947,28.123415,31.610579,29.831219,35.353752,35.09752,33.83305,31.193237,26.402193,25.161734,24.24417,22.046408,22.727026,18.06164,22.727419,21.268776,23.397062,25.69532,22.230377,21.196318,25.77252,26.436157,26.378159,30.178286,29.777956,33.57571,34.97934,38.915897,39.894188,40.83435,38.70955,42.459717,41.566673,41.679226,36.791145,37.471466,32.26119,31.34851,33.222855,31.827196,29.040512,34.323505,32.57563,34.043533,37.71038,34.633415,38.389153,35.95505,38.34658,34.579987,30.095158,28.99671,24.878883,25.032658,20.849741,17.843544,16.283798,14.332101,12.789138,14.437835,10.462109,9.580178,11.23805,11.330067,15.556419,13.470854,19.36463,21.241457,24.616781,28.019539,30.089405,33.627743,32.082096,29.106833,27.18422,23.373955,24.13411,18.663637,20.204912,14.543626,17.247738,15.229282,15.2028885,19.211771,19.819038,25.177143,24.423386,28.465305,29.887995,33.542847
12,28.523636,26.19231,22.208668,19.906433,18.338997,14.096407,14.194094,8.33587,8.448025,7.1933484,8.442039,4.347149,0.0,3.9751747,6.3507857,9.288842,12.981216,15.021578,18.728695,21.191612,24.618687,26.314898,30.365606,29.174374,34.463295,34.743397,33.910664,31.443077,27.25934,26.339489,26.013435,23.953005,25.848011,21.239422,26.142677,25.046425,26.93342,29.049826,25.221144,23.64922,28.608212,28.464233,28.735931,32.039818,30.773355,34.632233,35.664654,39.578976,40.760994,41.99325,40.166943,43.973118,43.52729,43.62505,38.755363,39.703243,34.600304,33.840973,36.16261,34.836918,31.91593,37.016273,34.805805,36.19056,39.326912,36.07146,39.629158,36.841904,38.78081,34.751553,30.301851,29.113323,25.457125,24.92927,21.718712,18.033422,17.108204,16.070745,14.876278,17.164898,13.686477,12.201183,14.671162,13.772012,17.515732,14.38719,20.369745,21.1158,24.461065,27.549673,29.423426,32.91807,30.947182,27.83298,26.093872,22.475973,23.703655,18.69342,20.942287,15.847476,19.339102,17.968786,18.583204,22.479895,22.601915,28.227875,26.682892,30.760284,31.810135,35.351257
13,27.746689,25.067707,21.65002,18.531698,17.3042,13.282653,13.348437,8.888086,7.937035,8.831362,8.578276,5.574277,3.9751747,0.0,5.1154118,6.231083,10.6094055,12.526195,15.979541,18.730276,21.799501,23.88655,27.514418,26.426155,31.977617,32.144775,31.651234,28.77814,25.143837,23.755663,24.00294,21.22691,23.903906,18.983557,24.024435,23.237326,24.649904,26.60819,22.500025,20.716324,26.067854,25.672813,26.461205,29.731457,28.198833,32.26275,33.498146,37.151993,38.126163,39.329494,37.42713,41.05173,40.645023,40.5133,35.582165,36.466274,31.504602,30.687626,33.298496,32.245678,29.334074,34.533756,32.20821,33.90385,36.792534,33.927288,37.508953,34.84079,36.493988,32.735645,28.296906,26.51955,22.904745,21.763523,18.456568,14.712132,13.462617,12.7734,11.63092,14.284727,11.447122,9.675468,13.408433,12.071046,15.597858,12.242729,18.506613,18.937439,22.715017,25.663664,27.977016,31.392073,29.747387,26.36489,24.990002,21.200285,22.86248,17.883495,20.257956,15.696276,18.886877,18.196898,18.92281,22.546383,22.571117,27.772804,25.866549,30.23065,30.855103,34.651783
14,22.760393,20.277756,16.630781,13.839805,12.8085165,8.310963,9.676406,5.273219,7.071605,8.8975725,11.316254,9.386315,6.3507857,5.1154118,0.0,4.994649,6.793831,9.657415,12.661636,15.493236,18.812714,20.12537,24.44672,23.698372,28.778254,29.47888,29.184578,26.817377,23.622414,22.989616,23.646788,21.746922,25.627377,21.448431,26.566784,26.447575,28.031813,29.464952,25.093012,22.513968,27.765728,26.241203,27.0403,29.492891,27.046839,30.94824,31.605597,35.333633,36.67416,38.233513,36.80651,40.625175,40.828865,40.966637,36.255505,37.74166,32.854626,32.550285,35.570442,34.1794,31.046612,35.62646,32.68894,33.95972,36.2253,32.921192,36.18031,33.07368,34.34767,30.222315,25.893976,24.411224,21.39677,20.106327,18.257769,13.989394,14.368429,14.685675,14.658957,17.821552,15.493159,12.70573,15.940162,13.496756,16.000902,11.735763,17.356392,16.545794,19.957916,22.569277,24.504154,27.859419,25.785162,22.394695,21.106306,17.601458,19.625612,15.360347,18.41513,14.877372,18.791712,19.004824,20.60485,23.896818,23.207134,28.644964,25.705454,29.95877,30.12302,33.658688
15,23.274015,20.120855,17.570145,13.574921,12.482526,9.566949,9.061622,7.998884,6.597274,10.340518,10.714629,10.432741,9.288842,6.231083,4.994649,0.0,5.4639344,6.4032493,10.170433,12.566643,15.63104,17.97437,21.391119,20.199772,25.764341,25.962107,25.705267,22.818628,19.829723,18.591719,19.656582,17.088457,21.622385,17.438232,22.545786,22.881603,24.16156,25.25645,20.70953,17.83837,23.24737,21.509386,22.686432,25.181864,22.762867,26.860834,27.89567,31.407675,32.46914,33.88141,32.26891,35.94837,36.055096,36.06168,31.314657,32.786,27.958344,27.708628,30.904434,29.60059,26.469002,31.0472,28.064281,29.602823,31.800987,28.906233,32.278732,29.43799,30.670542,26.941158,22.574577,20.524931,17.251791,15.773148,13.3568325,9.156097,9.447426,10.080794,10.692717,14.121072,12.68073,9.35507,13.203086,10.266771,12.228861,7.9304795,13.773807,13.125026,17.113064,19.796284,22.374529,25.67651,24.287651,20.723282,19.706738,15.866106,18.063404,13.612315,16.401554,13.459065,16.62092,17.543686,19.17107,22.01132,21.26826,26.059614,22.89507,27.40721,27.19973,31.036001
16,18.258585,15.224053,12.91598,8.660814,8.727007,5.787807,7.8895683,8.80273,9.942122,13.68163,15.629015,15.195856,12.981216,10.6094055,6.793831,5.4639344,0.0,4.670638,5.8915577,9.280617,12.207036,13.443212,17.721272,17.411913,22.39954,23.41125,23.83895,21.411257,19.702747,19.200293,21.132084,19.289555,25.150442,21.662672,26.616465,27.50783,28.651606,29.2927,24.599821,21.12734,26.379618,23.427208,24.89468,26.338709,22.642487,26.551115,26.918621,30.252886,31.629156,33.469395,32.435802,36.134777,36.99196,37.11524,32.667797,34.67499,30.186039,30.380938,34.048504,32.673084,29.455427,33.351074,29.745628,30.964552,32.20252,29.10833,32.003593,28.725441,29.175749,25.196081,21.117416,19.024195,16.900364,14.500272,14.511303,10.01322,12.154299,14.055661,15.346115,18.889116,17.982363,14.521843,18.008055,14.559624,15.279739,10.62166,14.820982,12.008055,15.544304,17.397087,19.681341,22.74632,20.929617,17.144968,16.687353,13.362699,16.436018,13.477695,16.988104,15.718467,19.245052,21.029255,23.256405,25.725548,24.396744,29.132547,24.974293,29.293661,28.430464,31.961367
17,18.699146,15.045032,13.759672,9.03008,7.975377,7.9023266,6.3752565,10.145294,9.339787,13.808685,15.059756,16.107342,15.021578,12.526195,9.657415,6.4032493,4.670638,0.0,5.7214828,6.2745533,9.859422,12.270529,15.671375,14.178299,19.50062,19.875408,19.757933,17.253565,15.060903,14.629581,16.57067,15.169709,21.410746,18.6827,23.385956,24.811083,26.138243,26.28885,21.66912,17.831358,22.614042,19.241325,20.541565,21.737885,18.108526,21.994074,22.487827,25.946213,27.315947,29.077589,28.009699,31.851053,32.696083,33.065712,28.747416,31.045444,26.47828,27.043112,30.679638,28.92826,25.632046,29.116175,25.36622,26.390532,27.655533,24.461287,27.421423,24.225216,24.958252,21.053951,16.831337,14.8425255,12.341275,10.8974085,10.755487,6.679516,10.045687,11.902769,14.096289,17.501465,17.053381,13.164822,15.831406,11.990535,11.565702,7.1670847,10.342684,7.501541,11.389416,13.616081,16.310755,19.477346,18.269903,14.577882,13.959096,10.227309,13.118637,10.0576,13.272942,12.961844,15.870138,18.411316,20.888044,22.770119,21.170025,25.415302,20.881464,25.218307,24.06935,27.682814
18,16.451746,12.96552,12.803996,7.6689167,9.176266,9.23793,10.703605,14.129683,14.624388,18.847368,20.268429,20.530657,18.728695,15.979541,12.661636,10.170433,5.8915577,5.7214828,0.0,5.300075,6.701117,8.120301,11.950962,12.3290615,17.233824,18.536158,19.920578,17.34595,17.607588,17.116243,20.303226,18.479813,25.754126,22.985434,27.507017,29.163712,29.84357,29.811459,25.068436,21.065798,26.035141,21.92658,24.048048,24.488655,19.666565,23.472103,23.610716,26.35199,27.65744,29.725395,29.071737,32.51961,33.98311,34.02816,29.922073,32.341793,28.399881,29.026049,33.181713,31.92661,28.77107,31.948423,27.852533,29.065384,29.241583,26.573414,29.04052,25.747156,25.26372,21.670036,18.061195,15.133254,14.268164,10.376441,12.808974,9.022406,12.45688,15.443435,17.54605,20.994806,21.200983,17.676844,21.087284,17.349579,16.666412,12.604583,14.769173,10.24415,13.525351,14.232214,16.945124,19.47307,18.204594,14.159056,14.853098,12.135557,15.938209,14.593705,17.933374,18.527443,21.336197,24.103865,26.577522,28.361496,26.676996,30.585445,25.673193,29.885191,28.14621,31.596008
19,15.692853,11.654087,12.679643,7.8422604,8.058016,10.887734,9.889661,15.397834,15.112229,19.486032,20.9376,22.350025,21.191612,18.730276,15.493236,12.566643,9.280617,6.2745533,5.300075,0.0,4.359364,6.8037214,9.829118,8.394784,13.318977,14.184336,14.883404,12.814186,12.924642,13.337643,16.533926,16.09921,23.58949,22.058447,26.1333,28.363117,29.427153,28.818054,24.316658,19.975218,24.006443,19.202139,20.867802,20.497229,15.336165,18.784857,18.571074,21.568697,23.184513,25.377417,25.020937,28.772398,30.5153,31.08616,27.360205,30.362478,26.410086,27.661081,31.703897,29.833048,26.593555,28.905684,24.497614,25.107565,25.003466,21.877571,24.144638,20.659124,20.315397,16.47176,12.824747,10.449037,10.003691,7.762206,11.335698,8.854522,13.396006,16.000607,18.805662,22.006916,22.356476,18.498426,20.686367,16.742771,14.81341,11.56091,11.361352,5.873448,8.459384,8.965302,11.93661,14.532525,13.766715,9.829921,10.53765,7.8995523,11.669412,11.435375,14.3687935,16.5659,18.78539,22.335966,25.178053,26.255981,24.128328,27.520212,22.011183,25.9248,23.733887,26.96452
20,16.797958,12.969736,15.182376,10.566312,11.855293,14.443352,14.211637,19.397518,19.064676,23.53468,24.533009,25.796947,24.618687,21.799501,18.812714,15.63104,12.207036,9.859422,6.701117,4.359364,0.0,4.8012395,5.825324,5.7771897,10.829137,12.017654,14.205077,11.679958,14.248488,14.152652,18.328897,17.2983,25.43354,24.003546,27.746496,30.257761,30.76267,29.871363,25.403797,21.000511,24.95472,19.65392,22.043394,21.117153,15.23731,18.580326,18.370352,20.483576,21.800177,24.109924,23.983503,27.277077,29.440351,29.70241,26.220602,29.305582,25.963793,27.31956,31.708841,30.244926,27.201862,29.173483,24.592518,25.46674,24.462753,22.125803,24.01055,20.764496,19.380638,16.311096,13.439347,9.805207,10.861675,6.467158,11.982942,10.377552,14.639717,17.81074,20.672895,23.733782,24.753586,21.165766,23.762157,19.946281,17.774532,14.969834,14.351326,8.940896,10.948883,10.1200285,13.318032,15.044202,14.965077,11.175236,13.002714,11.320153,15.026629,15.4829035,18.06212,20.598684,22.39222,26.089499,28.796206,29.674932,27.59769,30.420301,24.838804,28.662567,26.014694,29.202515
21,12.774361,9.371314,12.511851,8.914208,11.353267,14.189807,15.327401,20.35644,21.210434,25.35986,27.301937,28.123415,26.314898,23.88655,20.12537,17.97437,13.443212,12.270529,8.120301,6.8037214,4.8012395,0.0,5.92796,8.1626215,10.594839,13.345341,15.996586,14.758031,17.600906,18.357635,22.214167,21.860111,29.81642,28.4041,32.293114,34.696922,35.364937,34.576523,30.07812,25.687115,29.616924,24.253973,26.371613,25.091076,18.983257,21.757153,20.763107,22.770235,24.492165,27.102676,27.515776,30.78459,33.381462,33.804478,30.61383,33.856636,30.66345,32.09297,36.49199,34.951206,31.884573,33.616062,28.919718,29.420414,28.013498,25.334946,26.729986,23.134378,21.23933,17.84381,15.569633,13.0240135,14.825384,11.202085,16.687927,14.607256,18.818987,21.958492,24.613813,27.85225,28.486368,24.798868,27.402182,23.479975,21.555286,18.322222,17.789684,12.0492525,12.963088,11.3208685,13.286975,14.540613,13.571662,9.880281,12.372212,11.846222,15.772824,17.280962,20.222248,23.003925,25.327501,28.98458,31.918705,32.927242,30.651764,33.838997,28.0046,31.561104,28.860174,31.626892
22,17.814068,14.577876,18.244692,14.581938,16.405695,19.472889,19.574167,24.974169,24.834505,29.274137,30.294516,31.610579,30.365606,27.514418,24.44672,21.391119,17.721272,15.671375,11.950962,9.829118,5.825324,5.92796,0.0,5.1080117,7.087698,9.356493,13.436628,11.636407,16.791893,17.015772,21.648771,21.007486,29.360214,28.547253,31.77159,34.662384,34.846973,33.520824,29.301367,24.893835,28.214075,22.351841,25.012306,23.022001,16.508268,18.954245,18.17354,19.079868,20.319387,22.918545,23.542027,26.27729,29.269627,29.498869,26.778875,30.211344,27.755646,29.490883,34.06356,32.766506,29.979479,31.020039,26.220669,26.881927,24.527918,22.838297,23.82985,20.762093,17.923262,15.809547,14.4667635,10.76905,13.867956,9.634398,16.12033,15.560386,19.548935,22.858795,25.795977,28.652145,30.09664,26.645233,29.132431,25.384071,22.794569,20.492222,18.896822,13.584038,14.2044115,11.836551,14.41777,14.761394,15.439684,12.450137,15.330164,15.038598,18.45079,20.194479,22.402504,25.776724,27.203285,31.21355,33.992416,34.482365,32.235535,34.43847,28.573774,31.972761,28.72977,31.500425
23,19.145885,15.412623,18.667027,14.798273,15.400601,19.101246,17.625988,23.611053,22.649216,27.099977,27.788496,29.831219,29.174374,26.426155,23.698372,20.199772,17.411913,14.178299,12.3290615,8.394784,5.7771897,8.1626215,5.1080117,0.0,6.2084727,6.289183,9.035708,6.8292074,11.767241,12.329776,16.827976,16.957264,25.094475,24.999855,27.921728,31.047846,31.576267,29.992327,25.98783,21.502533,24.188396,18.150473,20.381508,18.134552,11.607841,14.104597,13.474286,15.013291,16.438646,18.973179,19.41407,22.6751,25.445343,26.122726,23.376621,27.093655,24.270365,26.324862,30.631687,28.816074,25.937506,26.642096,21.75987,22.091043,20.049904,17.911036,19.168419,16.026318,13.891338,11.454757,9.624951,5.684153,9.138901,6.7676506,13.067845,13.382956,17.644007,20.457169,23.702942,26.339094,27.757391,24.19934,25.889975,22.215576,19.058067,17.49587,14.73367,9.926136,10.079362,7.874441,11.191255,11.917126,13.40347,10.648459,12.91002,12.277765,15.071875,16.801678,18.403553,22.279655,23.120434,27.378258,30.183903,30.263681,27.920195,29.713303,23.781715,27.059635,23.714241,26.53535
24,18.866816,15.904604,20.333704,17.745775,18.65166,23.0072,21.88072,28.156204,27.759306,32.001297,33.26579,35.353752,34.463295,31.977617,28.778254,25.764341,22.39954,19.50062,17.233824,13.318977,10.829137,10.594839,7.087698,6.2084727,0.0,4.3615394,8.570787,9.436057,15.28508,16.986036,21.009449,22.297087,30.066944,30.667892,33.253254,36.594643,37.23636,35.369457,31.629461,27.178831,29.157595,22.882402,24.696285,21.387484,14.849,15.652255,13.620768,14.129207,16.109753,19.098152,20.736273,23.661942,27.343908,28.439993,26.679813,30.820337,28.634033,31.099703,35.300114,33.28375,30.574936,30.213034,25.219843,24.782442,21.534382,19.36669,19.316742,16.055288,12.412899,10.542444,11.043362,9.4498005,13.992714,12.9088125,19.106768,19.5273,23.847284,26.595888,29.86893,32.486015,33.82437,30.177185,31.502981,27.799822,24.42558,23.014393,19.52507,14.831034,13.2962475,9.703227,11.089315,9.884192,12.032482,10.795803,13.846476,14.993254,17.25343,20.587336,21.932798,26.683735,27.458017,31.948242,34.987614,34.715717,32.061565,33.51498,27.249996,29.79961,25.992815,27.97656
25,22.315277,19.015835,22.954807,19.913069,20.16504,24.52561,22.433273,28.82728,27.620966,31.907356,32.52799,35.09752,34.743397,32.144775,29.47888,25.962107,23.41125,19.875408,18.536158,14.184336,12.017654,13.345341,9.356493,6.289183,4.3615394,0.0,5.327469,5.8578553,12.563973,14.052152,18.08141,19.579943,27.068933,28.267756,30.337097,33.921917,34.518368,32.33945,28.928349,24.592854,25.882935,19.527496,21.270435,17.564482,11.142494,11.568993,9.864435,10.060027,11.867387,14.809336,16.384066,19.416641,23.065617,24.344906,22.780598,27.093325,25.032206,27.75067,31.772415,29.606077,27.028145,26.189291,21.206758,20.673965,17.195402,15.350513,15.309137,12.409986,8.698095,7.7752213,8.702551,6.819227,11.668785,11.773093,17.336418,18.727592,22.795023,25.230341,28.632275,30.907242,32.52321,29.034147,29.920448,26.460758,22.702362,22.100752,17.898668,14.1606865,12.571642,9.453426,11.51087,10.519758,13.647306,12.649228,14.9978695,15.604705,17.255646,20.172441,20.854351,25.75762,25.81914,30.413372,33.282032,32.618446,30.040201,30.801424,24.703743,27.120415,23.122208,25.207478
26,23.389585,19.966415,23.305399,20.532372,19.776745,24.46905,21.215498,27.794163,26.12089,30.10225,30.688738,33.83305,33.910664,31.651234,29.184578,25.705267,23.83895,19.757933,19.920578,14.883404,14.205077,15.996586,13.436628,9.035708,8.570787,5.327469,0.0,5.0413733,8.953958,11.746149,14.575699,17.681583,24.186554,26.250906,28.000603,31.658073,32.825344,30.523634,27.448502,23.240686,23.696123,17.577053,18.21822,14.104674,8.450523,7.8251114,5.1909666,7.4544635,10.192539,12.968819,14.449638,18.32187,21.527914,23.557335,22.057775,26.538233,23.97064,26.930532,30.41887,27.537962,24.86572,23.562595,18.644695,17.23658,14.394097,11.128445,11.204424,7.5957575,5.560188,2.7358108,4.408403,5.929909,9.841664,12.913822,17.013353,18.761547,22.804821,24.54023,28.014,30.07365,31.36004,27.815037,27.714136,24.453005,20.352835,20.51074,15.238888,12.798411,10.120559,7.6554494,9.276306,8.614316,12.365557,12.181524,13.414059,14.004353,14.434978,17.549543,17.382193,22.821344,22.308878,27.029325,29.954407,28.82933,26.081453,26.451912,20.26449,22.2318,18.095364,19.940912
27,24.413948,20.617014,23.497355,19.781555,19.211662,23.18127,20.03137,26.221666,24.06441,28.338223,28.191956,31.193237,31.443077,28.77814,26.817377,22.818628,21.411257,17.253565,17.34595,12.814186,11.679958,14.758031,11.636407,6.8292074,9.436057,5.8578553,5.0413733,0.0,7.5589595,8.304106,12.509754,13.896513,21.235943,22.668358,24.534489,28.181051,28.881927,26.645283,23.35056,19.074085,20.093937,13.771019,15.448436,12.082624,5.4644313,7.3347936,7.4372225,9.126066,10.376416,12.670543,12.963145,16.708435,19.382399,20.70515,18.43414,22.645422,19.921343,22.63012,26.464758,24.05602,21.345484,20.87102,15.87714,15.643812,13.319724,11.225173,12.592463,9.968078,8.645411,7.426006,6.159598,2.5100965,6.5559635,8.625018,12.636321,14.899957,18.608906,20.544971,24.013418,25.979622,27.695986,24.370075,24.847143,21.656261,17.663635,17.84538,13.258285,10.859214,10.026307,8.628544,11.8815,12.337506,15.288427,13.780553,15.003043,14.2918625,15.481641,17.068058,17.20637,21.707243,21.16348,25.686697,28.300215,27.49479,25.130997,25.594496,19.802288,22.580984,18.797443,21.560581
28,25.097023,21.192665,22.644688,19.163536,17.179338,20.934937,16.212381,22.13961,19.20755,22.977747,22.70335,26.402193,27.25934,25.143837,23.622414,19.829723,19.702747,15.060903,17.607588,12.924642,14.248488,17.600906,16.791893,11.767241,15.28508,12.563973,8.953958,7.5589595,0.0,4.7010946,5.968522,10.039923,15.840424,17.888527,19.883995,23.283915,25.018133,23.072273,19.948462,15.886057,16.450453,11.161724,10.804859,8.634326,5.2704554,7.6870747,8.601702,12.73491,14.263479,15.669677,14.908063,19.454151,20.634787,22.491854,19.59258,23.34752,19.31201,21.76794,24.775082,21.444197,18.326685,18.512314,13.999465,13.124446,13.801367,9.549701,12.55942,9.723763,12.210739,9.322062,5.5774474,6.5268188,4.181687,10.756344,11.215953,13.295722,16.685019,17.352757,20.734993,22.494785,23.414806,19.983744,19.091015,16.140074,11.815728,13.074038,7.1118407,7.8891687,6.8428674,8.519504,11.352149,13.330592,15.420124,14.112894,13.462042,11.68818,11.340018,11.59475,10.575988,15.138217,13.922828,18.542044,21.232136,20.167166,17.656824,18.357655,12.373145,15.49386,12.230453,15.634176
29,27.517773,23.453241,24.649698,20.465471,18.812216,21.677567,17.257381,22.469126,18.92227,22.919619,21.568405,25.161734,26.339489,23.755663,22.989616,18.591719,19.200293,14.629581,17.116243,13.337643,14.152652,18.357635,17.015772,12.329776,16.986036,14.052152,11.746149,8.304106,4.7010946,0.0,5.2468886,5.947859,13.09456,14.567677,16.499075,20.037655,21.175629,19.158674,15.844845,11.65432,12.680606,6.996247,8.137228,7.381995,4.735063,8.841902,11.30181,14.340853,14.814181,15.696467,13.946571,18.071783,18.571516,19.720776,16.101053,19.442608,15.161861,17.3605,20.66639,17.800398,14.635899,15.774686,11.333637,11.970679,13.240904,10.774851,14.319775,12.5893545,14.555645,12.843372,9.488897,7.546785,3.6931617,8.894141,7.556878,10.85273,13.422563,14.082599,17.4914,18.960907,20.549385,17.502846,17.19652,14.531487,10.324298,12.04233,7.487326,8.881934,10.0424185,11.793104,15.285097,17.272404,19.248922,17.272137,16.94705,14.4999895,14.914009,13.732595,13.072852,16.0439,14.615459,18.733454,20.856426,20.065289,18.184315,18.623474,13.652751,17.34987,14.640038,18.567259
30,29.710407,25.77304,26.316498,22.636736,20.196083,22.94307,17.611017,22.348288,18.26595,21.548399,19.976797,24.24417,26.013435,24.00294,23.646788,19.656582,21.132084,16.57067,20.303226,16.533926,18.328897,22.214167,21.648771,16.827976,21.009449,18.08141,14.575699,12.509754,5.968522,5.2468886,0.0,6.602268,10.041992,12.98961,14.388849,17.804214,19.927666,17.971632,15.357162,11.9438095,11.500194,7.875497,5.76272,6.437986,8.08286,10.463642,12.826125,16.53105,17.215086,17.622038,15.651428,19.990416,19.670134,21.396593,18.002337,20.99966,16.278728,18.37157,20.599274,16.851646,13.630834,14.64087,11.09065,10.73806,14.017658,10.534297,14.502739,13.114774,16.719128,14.746627,11.441883,11.750237,7.785285,13.702026,10.96851,13.684126,15.586022,14.982948,18.034397,19.029602,19.938368,17.072165,15.086618,13.081442,8.715611,11.983356,6.8022494,11.010394,11.460294,14.110906,16.770159,19.025398,20.777418,19.367033,18.127647,15.61297,14.734934,12.851054,10.848281,13.538557,10.870381,14.940173,16.961212,15.496098,13.525316,13.435627,8.560342,12.345305,10.235525,14.520335
31,31.15932,27.079676,27.372324,22.883173,21.076376,22.653433,18.215677,21.94708,17.489954,21.162708,18.363482,22.046408,23.953005,21.22691,21.746922,17.088457,19.289555,15.169709,18.479813,16.09921,17.2983,21.860111,21.007486,16.957264,22.297087,19.579943,17.681583,13.896513,10.039923,5.947859,6.602268,0.0,8.477419,8.840754,10.988423,14.35433,15.31454,13.613264,10.000946,5.8497705,7.9388866,4.5697665,6.2853975,9.41341,10.095658,13.870606,16.897785,19.62852,19.480768,19.683577,16.989697,20.499077,19.596771,20.016407,15.513594,17.540255,12.401767,13.571281,16.556204,14.019244,10.6657715,14.094093,11.03422,13.14243,16.224434,14.843675,18.795805,17.83731,20.203434,18.756178,15.278223,13.077019,8.7426195,11.5884285,6.4021554,10.066182,10.447135,9.863235,12.918376,13.676156,15.646474,13.304809,12.972809,11.220214,7.8017907,10.688385,8.764029,11.951114,14.460443,16.944311,20.449535,22.822166,24.310816,21.961374,21.271748,18.10302,18.527155,15.548633,14.832255,15.5038,13.663058,16.66583,17.899858,17.496452,16.552454,16.98659,13.802658,18.003689,16.587154,20.951717
32,37.816177,33.86583,33.443356,29.422346,26.934334,28.023409,22.914734,25.322344,20.118475,22.358658,18.316568,22.727026,25.848011,23.903906,25.627377,21.622385,25.150442,21.410746,25.754126,23.58949,25.43354,29.81642,29.360214,25.094475,30.066944,27.068933,24.186554,21.235943,15.840424,13.09456,10.041992,8.477419,0.0,6.158557,4.820961,8.259557,10.877635,9.151867,8.194171,7.976687,5.3753357,9.097201,6.7583666,12.101277,16.405144,18.796848,22.026676,24.87998,24.524097,23.904453,20.699463,23.85701,21.389149,22.120665,18.083277,18.851751,13.607049,14.019714,14.378949,10.772604,7.9609094,12.217688,12.088436,13.763969,19.147163,17.94965,22.020678,22.027208,25.724932,24.56733,21.392479,20.629803,16.243238,20.022713,14.421466,17.204906,16.185463,13.65573,15.226488,14.256428,15.488757,14.645236,11.574975,12.393134,10.468977,14.975834,13.710131,18.748201,20.619541,23.642258,26.49761,28.973145,30.402452,28.583214,27.14605,23.96883,23.24569,19.514328,17.567896,16.67354,13.188865,14.394687,14.114068,12.712523,13.090816,11.636153,12.028768,15.417423,15.86359,20.029293
33,36.611942,32.716496,31.733578,27.436426,25.266373,25.250154,20.92764,22.144167,16.89042,19.159027,14.321327,18.06164,21.239422,18.983557,21.448431,17.438232,21.662672,18.6827,22.985434,22.058447,24.003546,28.4041,28.547253,24.999855,30.667892,28.267756,26.250906,22.668358,17.888527,14.567677,12.98961,8.840754,6.158557,0.0,5.1348968,6.306312,8.2838545,8.5762825,5.361614,5.535741,8.026679,11.260581,11.135812,16.302269,18.772371,22.142122,25.206316,28.12441,27.835493,27.59834,24.441284,27.46281,25.27698,25.224085,20.495575,20.647205,15.311083,14.522441,15.669797,13.781476,11.125092,16.884567,16.336828,18.776608,23.387943,22.233831,26.351175,25.744888,28.752542,27.075247,23.343224,21.621964,16.973068,18.998272,12.554099,14.300627,11.924953,8.689197,9.435462,8.1311655,9.575021,9.337453,7.7628064,9.067174,9.065683,12.46864,13.897955,18.2364,21.246347,24.4307,27.613203,30.436,31.267328,28.778858,27.461887,23.785196,23.858467,19.266695,18.401926,15.97855,13.904283,14.261589,13.657199,14.122875,14.965591,15.769114,15.83459,19.920794,20.494846,24.83199
34,40.857998,36.89451,36.241947,31.965418,29.731709,30.121109,25.523329,27.057947,21.75247,23.767614,18.841663,22.727419,26.142677,24.024435,26.566784,22.545786,26.616465,23.385956,27.507017,26.1333,27.746496,32.293114,31.77159,27.921728,33.253254,30.337097,28.000603,24.534489,19.883995,16.499075,14.388849,10.988423,4.820961,5.1348968,0.0,4.2371683,6.092412,4.8278713,5.036286,7.522493,5.744588,11.419626,10.615272,15.957519,19.93446,22.630114,26.084082,28.56543,27.839224,27.036757,23.534023,26.081379,23.09365,23.041708,18.711828,18.273008,13.250176,12.364576,12.051462,9.761424,7.8194857,13.64546,14.551583,17.151236,22.34179,22.01471,26.039156,26.263708,29.589487,28.659212,25.428942,23.946247,19.574463,22.17222,15.994881,18.616575,16.39077,13.489276,14.130992,12.128222,13.946443,14.367077,12.103178,13.834234,13.167057,17.136433,17.293964,21.92549,24.401114,27.387995,30.506346,33.041264,34.36526,32.21283,30.932945,27.51721,27.20552,23.05744,21.556297,19.75045,16.766165,17.043003,15.955891,15.301169,16.486595,15.315524,16.6443,19.947039,20.64801,24.750963
35,42.773293,38.915638,37.74676,33.578533,31.28409,31.019974,26.667887,27.165455,21.848494,23.194777,17.721586,21.268776,25.046425,23.237326,26.447575,22.881603,27.50783,24.811083,29.163712,28.363117,30.257761,34.696922,34.662384,31.047846,36.594643,33.921917,31.658073,28.181051,23.283915,20.037655,17.804214,14.35433,8.259557,6.306312,4.2371683,0.0,4.577702,6.1509485,6.960321,10.280908,9.917555,15.432409,14.6360855,20.028585,23.788763,26.634228,29.961077,32.62927,32.002132,31.258446,27.768137,30.272158,27.17653,26.947357,22.578695,21.656393,16.877684,15.347841,14.5342655,13.088185,11.741901,17.57266,18.775753,21.286188,26.564531,26.040735,30.095003,30.151125,33.541595,32.30836,28.845343,27.382624,22.827541,25.051727,18.606483,20.49848,17.652996,14.259251,13.883319,11.232803,12.381387,13.866194,11.48809,14.234386,14.845699,18.414991,19.7202,24.409761,27.155882,30.372782,33.418198,36.168774,37.14193,34.85094,33.38098,29.768824,29.47291,24.811539,23.490063,20.610247,17.969812,17.127422,15.265459,15.29188,17.20416,16.680996,18.960768,22.201845,23.554642,27.567116
36,44.4259,40.500675,39.58795,35.08818,33.206543,32.789883,28.926197,29.472303,24.304142,26.052248,20.460365,23.397062,26.93342,24.649904,28.031813,24.16156,28.651606,26.138243,29.84357,29.427153,30.76267,35.364937,34.846973,31.576267,37.23636,34.518368,32.825344,28.881927,25.018133,21.175629,19.927666,15.31454,10.877635,8.2838545,6.092412,4.577702,0.0,3.9135668,5.6522603,10.077646,10.180818,15.766222,16.152395,21.314497,24.7027,27.721779,31.29365,33.44316,32.418472,31.539131,27.870138,29.804428,26.51906,25.59952,21.106443,19.387342,15.1368,12.751912,11.8883705,12.0214,11.3436165,17.608294,19.065592,22.313414,27.0875,27.44152,31.402275,31.702477,34.578476,33.782524,30.467022,28.269531,24.005634,25.26912,18.866924,21.041538,17.651775,14.698114,14.075942,10.983398,13.416792,15.377057,14.542371,16.832026,17.345028,20.468328,21.98843,26.044209,29.101461,32.01571,35.380154,37.983047,39.13602,36.610054,35.522305,31.887333,32.052063,27.55006,26.572065,23.981333,21.649647,21.203785,19.55297,19.750725,21.458763,20.801517,22.535212,25.895859,26.726984,30.835304
