,0,1,2,3,4,5,6,7,8,9,10,11,12,13,14,15,16,17,18,19,20,21,22,23,24,25,26,27,28,29,30,31,32,33,34,35,36,37,38,39,40,41,42,43,44,45,46,47,48,49,50,51,52,53,54,55,56,57,58,59,60,61,62,63,64,65,66,67,68,69,70,71,72,73,74,75,76,77,78,79,80,81,82,83,84,85,86,87,88,89,90,91,92,93,94,95,96,97,98,99,100,101,102,103,104,105,106,107,108,109,110,111,112,113,114
0,0.0,4.322471,6.415143,9.567769,12.63494,14.517639,17.65028,20.275513,23.540443,24.590916,28.469246,29.566418,33.129047,31.17959,35.682312,31.71436,33.899998,32.660126,35.30488,35.461407,37.081066,39.38461,42.423225,41.15538,41.268803,39.900032,38.329884,39.117237,36.60142,39.813324,33.9353,38.648296,32.21574,35.101406,34.995506,30.927347,28.999693,32.678844,31.143976,27.698286,27.469715,31.700798,29.081894,24.715374,27.871851,31.068516,26.873755,23.811981,28.178102,27.88163,32.21988,31.309309,34.669704,35.665882,37.181488,38.852074,35.255444,39.108227,41.57215,37.18486,36.19573,40.950943,43.092697,44.690502,39.411736,37.511215,42.41457,41.05413,37.465508,42.10631,43.71712,41.002888,38.60872,43.591843,39.95846,42.909534,39.718716,36.072308,35.770283,31.877594,29.167418,27.373083,24.370584,27.26095,29.059027,31.435383,33.964405,38.53845,41.024033,45.1,43.899853,41.227287,37.58435,35.87599,32.449314,30.094587,24.650122,24.422836,20.313465,20.669832,16.175718,12.860429,17.268114,19.380995,22.277296,24.738806,29.096731,31.882717,31.576649,29.669104,27.00046,26.152447,25.899466,24.198584,25.25628
1,4.322471,0.0,5.292638,6.0011597,9.48293,12.628319,14.476228,18.055489,20.800026,22.098085,25.939915,26.85578,30.277208,28.009628,32.14683,28.288189,30.177637,29.067902,31.322104,31.763828,33.234135,35.403244,38.60886,37.429966,37.465256,36.031612,34.782944,35.560936,33.313545,36.562397,31.002193,36.037205,29.827446,33.14109,32.829517,28.478008,26.980669,31.026886,29.181953,25.543581,26.066034,30.253506,27.228003,23.256308,26.992823,29.815815,25.299658,23.13117,27.756851,27.616734,31.456993,30.434101,34.270073,35.09719,36.179237,37.36785,33.56824,37.189625,40.09789,35.989487,34.213287,39.144947,41.036057,42.99921,37.86295,35.568115,40.213875,38.60586,34.971813,39.690643,41.007328,38.08137,35.751324,40.68414,37.33521,40.24444,37.12531,33.800873,33.302273,29.869877,27.002474,25.484003,22.056885,24.739529,26.592623,28.617613,31.14263,35.57397,37.86643,41.936325,40.478622,37.82843,34.23529,32.532745,29.082708,27.018421,21.397814,21.76841,17.630363,18.773603,14.064852,10.452499,14.438231,15.857054,19.072182,20.953438,25.417225,28.107355,27.538177,25.631899,22.721363,22.096075,21.732647,20.301697,21.452137
2,6.415143,5.292638,0.0,5.493543,6.995941,8.767286,11.8464985,14.148365,17.678146,18.29311,22.264433,23.244148,26.88606,25.073359,29.96546,26.185833,28.71726,27.84938,30.944613,31.411018,33.54028,35.9081,39.334576,37.25557,37.024582,35.31417,33.568268,33.915882,31.281765,34.14287,28.345976,32.691315,26.058119,29.133106,29.376717,25.35522,23.287746,27.320017,26.186344,22.687405,22.503893,27.453657,24.935526,20.652706,24.013655,27.907715,23.928585,21.085411,25.787848,24.895947,28.842762,29.076672,32.265133,32.577972,34.268528,35.661366,31.705067,35.343742,37.937164,33.302505,31.750969,36.455265,38.267384,39.94853,34.659954,32.507442,37.18254,35.57535,32.39705,37.405674,38.61793,35.725327,33.867664,39.11606,35.689137,39.097866,36.195312,32.65979,32.99514,29.255854,26.998537,26.079662,22.31026,24.434883,25.484823,28.338354,29.840433,34.832893,36.900757,40.97783,39.769684,37.390022,34.09528,31.790037,28.429035,25.751669,20.647337,20.417608,16.614037,17.990595,13.511135,11.007481,15.571541,16.266378,20.715,21.84142,26.598774,29.549194,28.589502,26.207996,23.825964,21.774208,21.468876,19.04443,20.066576
3,9.567769,6.0011597,5.493543,0.0,3.9458165,7.8540998,8.621628,12.673386,14.944354,16.57448,20.25074,21.273989,24.524355,22.24018,26.269005,22.31149,24.348513,23.292116,25.933569,26.41435,28.279295,30.5741,33.992252,32.197998,32.05176,30.474224,29.039505,29.668936,27.360662,30.563242,25.047451,30.16935,24.149836,27.667274,27.212059,22.72946,21.505276,25.816639,23.875471,20.133495,21.210743,25.540825,22.342716,18.742573,22.9089,25.762299,21.265823,19.838636,24.685717,24.363792,27.57922,27.124317,31.078781,31.432676,32.324326,33.088886,29.017185,32.383545,35.563835,31.532434,29.056782,34.033928,35.65296,37.838566,32.8175,30.210642,34.624985,32.839615,29.311197,34.19705,35.245384,32.199654,30.091127,35.138016,31.976269,35.125107,32.206867,29.06814,28.931564,25.781286,23.215475,22.490805,18.381968,20.37555,21.726341,23.952862,25.809944,30.456785,32.46697,36.54016,35.0668,32.591747,29.2262,27.133131,23.714382,21.497044,16.030554,16.593344,12.673171,14.900823,10.294848,7.514347,11.163714,11.119267,15.763034,16.459942,21.245825,24.124472,23.129673,20.82889,18.533463,16.756437,16.79449,14.880333,16.626648
4,12.63494,9.48293,6.995941,3.9458165,0.0,5.549073,5.0792665,9.182284,11.65041,12.765892,16.58099,17.427076,20.795397,18.611322,23.100548,19.368868,21.761757,21.135279,24.171074,24.989264,27.290981,29.595726,33.32209,30.850138,30.382689,28.47819,26.907038,27.08593,24.673073,27.506113,22.084215,26.815287,20.560638,24.28355,24.209469,19.80165,18.440096,23.06543,21.569654,17.841946,18.926495,23.846565,20.852581,17.429352,21.575844,24.999805,20.87335,19.57966,24.4582,23.640337,26.517075,27.026577,30.667164,30.496956,31.588612,32.186222,27.904345,31.060259,34.254047,30.025293,27.173828,32.032482,33.366104,35.570984,30.56414,27.785816,31.975954,29.973902,26.867788,32.067173,32.75663,29.553747,27.976278,33.241154,30.2747,33.803303,31.161861,28.137823,28.564484,25.567364,23.471346,23.427782,18.955704,20.213224,20.832525,23.45142,24.327831,29.299377,30.92021,34.963203,33.497353,31.304794,28.289118,25.678247,22.371838,19.875313,14.910224,15.463699,12.107032,15.131667,11.068075,9.582904,12.714158,11.298547,16.97363,16.421206,21.363123,24.276346,22.71306,20.033667,17.99778,15.0676565,14.955494,12.229958,13.863527
5,14.517639,12.628319,8.767286,7.8540998,5.549073,0.0,6.261986,6.0301757,9.544625,10.861391,14.314326,16.16844,19.47569,18.247747,23.130766,18.908245,22.119125,20.999079,25.372234,25.274387,28.242687,30.968912,34.328243,31.131155,30.758936,29.039598,26.440262,26.637762,23.49634,26.297606,20.072647,24.252659,17.839054,20.644537,20.624691,16.685764,14.562056,18.656723,17.588884,14.131057,14.08578,19.395449,17.035313,13.033882,16.627068,20.952576,17.502972,15.254036,20.02699,18.657145,21.745409,23.189217,26.139874,25.704737,27.378645,28.421947,24.204771,27.587303,30.213749,25.486513,23.450277,28.055174,29.675137,31.399143,26.16291,23.847887,28.451591,26.874521,23.847662,28.997543,30.14659,27.387794,25.771143,31.200422,27.767248,31.600998,29.018072,25.493107,26.752642,23.093208,21.711632,22.003248,17.740194,18.653973,18.537735,22.19277,22.35908,27.819456,29.613113,33.623764,32.786114,30.727053,27.860859,24.937656,21.821575,18.481314,14.425201,13.412206,10.609736,12.786256,9.640771,9.9400425,13.378765,12.610031,18.206154,18.135796,22.787766,26.01143,24.866823,22.014622,21.46779,17.297804,18.216099,14.827492,17.024832
6,17.65028,14.476228,11.8464985,8.621628,5.0792665,6.261986,0.0,5.895714,6.999483,8.433228,11.922177,12.799755,15.914827,13.696305,18.150434,14.418661,17.093472,16.751535,20.259457,21.25093,24.012129,26.354256,30.28113,27.094498,26.344275,24.210682,22.456795,22.30395,19.842375,22.476673,17.225056,21.947906,15.933739,20.022118,19.871895,15.36306,14.444754,19.42147,17.97455,14.281904,16.126278,21.095247,18.091082,15.5007515,19.80292,23.13142,19.375614,19.047987,23.741781,22.733828,24.721264,25.918007,29.473457,28.76837,29.636713,29.72869,25.263718,27.974888,31.405106,27.363289,23.681677,28.456045,29.375687,31.828148,27.056236,23.90194,27.666529,25.388966,22.570845,27.974102,28.224981,24.838596,23.711443,29.072134,26.449024,30.243107,27.94603,25.279095,26.161058,23.675674,22.09375,22.932076,18.160944,18.388689,18.203041,20.93617,20.74264,25.857372,27.008793,30.973963,29.483837,27.593937,25.000477,21.902885,18.79383,16.175987,12.021046,12.858639,10.626956,14.648171,11.784066,11.828574,13.553211,10.513818,16.824942,14.749316,19.559616,22.437796,20.368343,17.336952,16.217728,11.763404,12.13194,8.581755,10.950547
7,20.275513,18.055489,14.148365,12.673386,9.182284,6.0301757,5.895714,0.0,4.705242,4.9835463,8.329775,10.32568,13.581629,12.815065,18.172104,14.372126,18.14196,17.688957,22.595032,22.896326,26.414976,29.060656,32.71583,28.584997,27.744007,25.62538,22.811157,22.291851,19.015707,21.146107,15.168652,18.640545,11.9430485,15.219266,15.741498,11.957319,9.738195,14.571047,14.288682,11.076719,11.469527,17.452148,15.491091,12.63765,16.001207,20.647957,18.02056,16.817112,21.142513,19.244957,21.150349,23.95464,26.47461,25.154728,26.807514,27.287983,22.848217,25.598541,28.350733,23.642452,20.640312,24.94688,25.92893,27.820696,22.807285,20.0524,24.057467,22.05197,19.812956,25.397404,25.83528,22.83317,22.18291,27.805168,24.87438,29.198177,27.18292,24.12462,26.155668,23.1479,22.5346,23.876093,19.38082,19.012968,17.706247,21.584488,20.069586,25.758621,26.806149,30.63971,29.815632,28.279676,26.103045,22.48929,19.777864,16.232906,13.694592,12.857076,11.780357,14.9346895,13.246359,14.591562,16.666586,14.277456,20.333261,18.575357,22.967003,26.018206,24.182713,21.013943,21.148123,15.68564,16.6728,12.596682,14.731648
8,23.540443,20.800026,17.678146,14.944354,11.65041,9.544625,6.999483,4.705242,0.0,4.7775135,6.0765314,8.586457,10.81788,9.802055,14.121538,9.840561,13.690393,13.102749,18.331944,18.512846,22.239313,24.898035,28.538704,24.08947,23.16309,21.062088,18.11963,17.63715,14.373062,16.788706,10.817409,15.238554,9.549915,13.38155,12.898281,8.447278,7.8263354,12.959019,11.802532,8.507206,10.927096,15.836125,13.380341,12.012624,15.81413,19.255894,16.662754,17.12257,21.126232,19.699848,20.46849,22.992617,25.916925,24.428288,25.295801,25.017609,20.4779,22.691196,25.994299,21.977476,17.744139,22.191856,22.778837,25.235058,20.6463,17.281353,20.802353,18.493517,16.047985,21.689966,21.773872,18.533695,17.92674,23.51553,20.954891,25.273523,23.479185,20.948545,22.978302,20.748056,20.353498,22.324879,17.747324,16.550772,14.798268,18.29532,16.142778,21.699148,22.409477,26.19805,25.246983,23.849882,21.941887,18.117962,15.591474,12.182664,10.581935,10.321165,10.516695,14.360465,13.688911,15.628149,16.293211,12.929588,18.755371,15.989331,19.927309,22.817623,20.80754,17.58749,18.715252,12.606916,14.411695,10.593634,13.60241
9,24.590916,22.098085,18.29311,16.57448,12.765892,10.861391,8.433228,4.9835463,4.7775135,0.0,4.247081,5.360288,8.85574,8.364756,14.420561,11.695994,15.66918,16.299551,21.05543,22.128914,25.848162,28.199543,32.19888,27.490005,26.142612,23.552105,20.9844,19.60224,16.576324,17.737843,12.718181,15.200567,8.248741,12.577607,13.923758,10.570472,8.880734,14.0897455,14.599537,11.990082,12.993883,18.826601,17.196917,15.553435,18.563065,23.00132,20.905993,20.543856,24.469206,22.394924,23.403786,26.873514,29.152838,27.283869,28.770815,28.704906,24.229284,26.285156,29.192455,24.769175,20.865812,24.753569,24.982546,27.102753,22.55092,19.372261,22.414207,19.829992,18.605759,24.44502,23.947596,20.584562,21.078726,26.668001,24.479404,29.048122,27.5872,25.17332,27.540089,25.297838,25.071945,26.992289,22.424038,21.311,19.3957,22.964073,20.285828,25.801224,26.046665,29.622593,28.615328,27.590569,26.078875,22.032593,19.768309,16.536915,15.234992,15.062208,15.009906,18.669676,17.502552,18.93271,20.318554,16.9826,23.079567,20.067106,24.14965,26.867964,24.347668,21.063684,21.308737,15.3299055,15.883967,11.588637,13.073325
10,28.469246,25.939915,22.264433,20.25074,16.58099,14.314326,11.922177,8.329775,6.0765314,4.247081,0.0,3.92145,5.709332,6.709086,12.091898,9.664487,13.967602,14.705593,19.969803,20.739546,24.800913,27.167645,30.97806,25.662996,24.161394,21.590595,18.552204,16.811373,13.538398,14.160556,9.305944,10.962979,4.13466,8.964663,10.321067,7.5898013,6.646795,11.538087,12.462236,10.69492,12.13023,17.264,16.079193,15.583936,18.106443,22.128918,20.754152,21.125875,24.482208,22.373121,22.430029,26.432749,28.399517,26.097404,27.368174,26.891699,22.520723,24.008411,26.883795,22.784016,18.350895,21.802921,21.569717,23.797676,19.650206,16.248516,18.669584,15.880115,15.299258,21.149769,20.24405,16.917274,18.089361,23.584455,21.74871,26.494886,25.487598,23.453888,26.319698,24.543844,24.917303,27.398228,23.049553,21.220291,18.612812,22.166012,18.403141,23.786158,23.567614,26.875883,26.111057,25.494926,24.54267,20.220085,18.506428,15.285477,15.562898,15.199889,16.287058,19.796526,19.58735,21.619392,22.333693,18.774235,24.4517,21.019386,24.499582,27.05818,24.533703,21.29605,22.569744,16.175406,17.334545,13.389191,15.1721115
11,29.566418,26.85578,23.244148,21.273989,17.427076,16.16844,12.799755,10.32568,8.586457,5.360288,3.92145,0.0,4.0250044,4.449779,10.968902,10.215466,13.954153,15.836574,20.104301,21.938461,25.723305,27.680975,31.91127,26.683657,24.812956,21.787134,19.614431,17.23895,14.758767,14.512269,11.3751955,12.251273,6.238418,11.372972,13.411787,11.061321,10.509521,15.162146,16.25534,14.47684,16.008093,21.151905,19.849413,19.331137,21.988537,25.966948,24.368292,24.784716,28.303486,26.195211,26.35128,30.236553,32.315628,30.009296,31.223936,30.586823,26.217829,27.49554,30.516634,26.588118,21.890299,25.182867,24.56947,26.921486,23.097555,19.6016,21.339151,18.175192,18.202772,23.979574,22.408146,18.752586,20.564743,25.84163,24.579937,29.224148,28.394453,26.740448,29.3384,27.921133,28.054722,30.464672,25.947357,24.20485,21.833553,24.925562,21.23614,26.283947,25.64944,28.812378,27.629597,27.213375,26.484003,22.16219,20.520678,17.857033,17.847271,18.228008,18.988447,22.88933,22.18039,23.708916,24.482536,20.522655,26.382793,22.37859,25.942524,28.235044,25.146908,21.913818,22.393618,16.293434,16.47138,12.565184,13.248894
12,33.129047,30.277208,26.88606,24.524355,20.795397,19.47569,15.914827,13.581629,10.81788,8.85574,5.709332,4.0250044,0.0,3.8899827,8.405056,8.830064,12.298653,14.573521,18.799328,20.599825,24.505428,26.318752,30.414972,24.750288,22.656647,19.58253,17.32632,14.433049,12.189801,10.990994,9.28083,9.081634,5.468607,10.328533,12.002715,10.461537,11.1003275,14.953951,16.025843,14.939799,17.025467,21.207228,20.098295,20.560793,22.97893,26.28286,25.120945,26.294065,29.390774,27.431776,26.797796,30.78964,32.7748,30.223988,31.04793,29.918976,25.722383,26.371792,29.486004,26.127989,20.839487,23.68032,22.497385,25.093622,21.924273,18.208836,18.96607,15.482223,16.25293,21.771477,19.540829,15.802434,18.433218,23.36044,22.728233,27.33621,26.98188,25.899605,28.692612,27.9036,28.413588,31.2389,26.917486,24.635643,21.878487,24.623875,20.180851,24.780796,23.573986,26.381876,25.249506,25.279102,25.15043,20.711142,19.655022,17.373474,18.579624,19.086147,20.610424,24.469166,24.393492,26.266088,26.424189,22.225967,27.645777,23.202194,26.154476,28.17703,25.014772,21.921331,23.197918,17.011948,17.619957,14.299534,15.232162
13,31.17959,28.009628,25.073359,22.24018,18.611322,18.247747,13.696305,12.815065,9.802055,8.364756,6.709086,4.449779,3.8899827,0.0,6.7618737,7.090955,10.078265,12.802691,16.248968,18.756874,22.306797,23.947212,28.375305,23.209444,21.098742,17.832727,16.362022,13.705398,12.050682,11.722077,10.065525,12.018042,8.369534,13.59374,14.451322,11.705532,12.681458,17.18448,17.286777,15.456837,18.244337,22.427212,20.558847,20.794006,23.93741,26.847559,24.939878,26.380558,29.875456,28.290947,27.968966,31.111233,33.742878,31.590303,32.073433,30.836191,26.493122,27.335089,30.9148,27.741383,22.137491,25.55902,24.584433,27.531603,24.220524,20.274961,21.359879,17.843182,17.68471,23.21748,21.09827,17.031805,18.98693,23.917034,23.313574,27.639965,26.984344,25.999395,28.127518,27.518398,27.481947,30.071232,25.547005,23.524275,21.309244,23.554468,19.878838,24.318666,23.252726,26.286938,24.628668,24.347204,23.88251,19.644407,18.22948,16.38622,16.742281,18.040985,19.119726,23.411629,22.882915,24.341953,24.306423,19.783018,25.249725,20.458931,23.579985,25.488234,22.02895,18.916803,19.60477,13.632559,13.829605,10.648312,11.534399
14,35.682312,32.14683,29.96546,26.269005,23.100548,23.130766,18.150434,18.172104,14.121538,14.420561,12.091898,10.968902,8.405056,6.7618737,0.0,5.494645,5.5138364,9.525385,11.557214,14.584922,17.85353,18.995914,23.356325,17.914944,15.3690195,11.849134,11.285986,7.892052,8.175068,7.278286,9.340157,11.966166,12.356074,16.596132,15.886784,13.54294,16.245548,19.780115,18.852667,17.576403,21.54352,23.982908,21.79689,23.379744,26.637148,27.9298,26.129692,29.01108,32.05183,31.122149,29.834194,32.185806,35.23066,33.14994,32.596992,30.440992,26.424757,26.34543,30.469282,28.596685,21.971195,25.093893,23.47765,27.119202,24.88129,20.593153,20.389746,16.64992,16.536932,21.13007,18.127863,13.804346,16.192284,20.107998,20.772001,24.46732,24.373932,24.607439,26.275038,27.031706,27.140696,30.155415,26.005573,23.354345,21.116632,22.055561,18.034817,21.11455,19.132135,21.637014,19.470316,19.718267,20.10872,16.094465,15.615442,15.248599,17.055605,19.126003,21.050852,25.321508,25.54954,27.240692,25.982069,21.108849,25.421812,19.845526,21.670624,22.852251,19.193521,16.569223,18.54849,13.203069,14.192526,12.860098,14.348243
15,31.71436,28.288189,26.185833,22.31149,19.368868,18.908245,14.418661,14.372126,9.840561,11.695994,9.664487,10.215466,8.830064,7.090955,5.494645,0.0,4.4250007,5.8100815,10.53717,11.865227,15.753848,17.803663,21.80249,16.473366,14.711077,11.982979,9.705077,8.166842,6.2043214,8.476416,6.102193,11.590092,10.668463,14.817275,13.080559,9.524488,12.497654,16.269936,14.414125,12.641919,17.084015,19.337986,16.698402,18.182417,21.756279,22.83292,20.725428,23.696152,26.820057,26.128975,25.02759,26.946217,30.267088,28.481905,27.870327,25.947775,21.740202,22.195362,26.448816,24.336706,17.861149,21.702383,20.82297,24.45896,21.57007,17.261885,18.327446,15.031837,13.327402,18.352072,16.555622,12.378658,13.099764,17.850054,17.345772,21.242958,20.49855,20.050865,21.69431,21.911526,21.909678,24.857918,20.657633,18.058453,15.847304,17.208876,13.527874,17.468262,16.443747,19.679243,17.888395,17.33621,16.804102,12.577004,11.3436165,10.156024,11.801575,13.6347,15.706864,19.866686,20.35049,22.352783,20.986647,16.348715,20.70443,15.649732,17.820333,19.613384,16.63538,13.689223,16.466211,10.283219,12.697676,10.833536,13.838439
16,33.899998,30.177637,28.71726,24.348513,21.761757,22.119125,17.093472,18.14196,13.690393,15.66918,13.967602,13.954153,12.298653,10.078265,5.5138364,4.4250007,0.0,4.606405,6.5511217,9.302818,12.558457,14.049718,18.39214,13.317535,11.185189,8.026558,7.560228,6.131509,6.780205,9.005429,9.388921,14.575072,14.881205,18.869806,16.805494,13.526397,16.802757,20.269772,17.939104,16.263313,21.071827,22.585728,19.615412,21.495937,25.279716,25.433313,23.056509,26.72444,29.762842,29.533762,28.193563,29.283815,33.045692,31.50369,30.26081,27.849918,23.88925,23.904436,28.545013,27.229664,20.370483,24.097496,22.954672,26.950642,24.646702,20.280893,20.688063,17.397018,15.6281805,19.782667,17.55447,13.364986,13.935125,17.677355,18.08986,21.216408,20.674776,21.109753,21.929321,23.131783,22.830063,25.760952,21.773308,19.115421,17.42753,17.459888,14.385742,16.982885,15.429196,18.35408,15.768135,15.337982,15.1660185,11.468855,10.726873,11.301934,13.021548,15.79752,17.821089,22.034399,22.53087,24.23773,22.172642,17.290394,20.775816,15.039506,16.327663,17.414505,13.970074,11.438155,14.602203,9.488657,11.897298,11.597496,14.424593
17,32.660126,29.067902,27.84938,23.292116,21.135279,20.999079,16.751535,17.688957,13.102749,16.299551,14.705593,15.836574,14.573521,12.802691,9.525385,5.8100815,4.606405,0.0,6.6783524,6.1211905,10.2314,12.7241,16.286266,11.194032,10.062293,8.367499,5.819673,7.0679054,6.2560897,10.518047,8.76949,15.226463,15.607302,18.893435,15.7897625,12.188417,15.782423,18.737305,15.420114,13.743986,18.969822,19.494242,16.149124,18.458218,22.32562,21.591398,19.101955,23.357088,26.144617,26.375618,24.834078,25.212244,29.273788,28.039925,26.372278,23.85987,19.971865,20.102962,24.959465,23.978863,17.15836,21.255346,20.614605,24.683718,22.28708,18.042074,19.08433,16.380665,13.2997,17.089928,15.868341,12.1588125,10.958117,14.862352,14.547796,17.486675,16.496706,16.778194,17.356874,18.638678,18.363342,21.437387,17.70136,14.780574,13.134185,12.869508,10.096209,12.829421,12.019928,15.492986,13.255837,12.099671,11.205848,7.3220835,6.171062,7.0043936,9.572151,12.218973,14.764707,18.535471,19.699078,21.822601,19.239393,14.772382,17.527832,12.334819,13.15975,14.637512,12.23892,9.779634,14.507316,9.421621,13.2561035,12.959513,16.725868
18,35.30488,31.322104,30.944613,25.933569,24.171074,25.372234,20.259457,22.595032,18.331944,21.05543,19.969803,20.104301,18.799328,16.248968,11.557214,10.53717,6.5511217,6.6783524,0.0,5.9160743,6.965767,7.7541065,12.586988,9.08053,7.390393,5.1947746,7.981623,9.080094,11.222739,14.08174,14.855332,20.503721,21.174433,24.926605,22.181805,18.711098,22.154156,25.35561,22.08412,20.264015,25.482168,25.990221,22.420597,24.543049,28.686281,27.473965,24.523071,29.0266,31.951847,32.540222,31.12385,30.641422,35.167553,34.252872,32.132698,29.302347,25.737972,25.558876,30.636848,30.276243,23.386877,27.261509,26.335283,30.603922,28.68619,24.447481,24.840227,22.008886,19.401249,22.368513,20.565845,16.954103,16.137732,18.477413,19.344666,21.079258,20.32883,21.583435,20.852869,23.14934,22.181826,24.788767,21.317408,18.905132,18.349161,16.486073,15.331428,16.016218,14.639856,17.278925,13.745238,12.741599,12.277601,10.347357,9.899227,12.684337,13.791999,17.475676,19.211552,23.132124,23.70738,25.020226,21.91239,17.22701,18.908144,12.909083,12.516727,12.466687,8.812608,7.485459,11.811389,9.502135,12.302563,14.077553,17.064537
19,35.461407,31.763828,31.411018,26.41435,24.989264,25.274387,21.25093,22.896326,18.512846,22.128914,20.739546,21.938461,20.599825,18.756874,14.584922,11.865227,9.302818,6.1211905,5.9160743,0.0,4.5333476,7.5774865,10.296979,5.8879814,6.156088,6.8820934,6.0618644,9.623759,10.496487,14.60947,14.060868,20.23072,21.521564,24.316626,20.576817,17.344402,21.085672,23.363348,19.326221,17.95935,23.32322,22.427732,18.81179,21.66829,25.51102,23.110565,20.463833,25.71017,28.020697,29.103529,27.17184,26.00874,30.638697,29.963314,27.257011,24.14385,20.938625,20.540104,25.74222,26.073069,19.341572,23.199398,22.655039,26.943102,25.277927,21.33426,22.003164,19.895761,16.30657,18.342987,17.532745,14.721526,12.240195,14.082697,14.480756,15.64928,14.631841,16.176386,15.137092,18.007889,17.39823,20.380722,17.571142,14.620444,13.98302,11.330451,10.482167,10.267945,9.529975,12.63076,9.577253,7.6063066,6.4478135,4.847376,5.145111,9.093478,11.672228,14.6498165,17.178457,20.214235,21.860664,23.844856,20.196894,16.30579,16.81735,11.957704,10.341097,10.704327,9.343611,8.492567,14.707842,12.034699,16.090956,17.167576,20.968075
20,37.081066,33.234135,33.54028,28.279295,27.290981,28.242687,24.012129,26.414976,22.239313,25.848162,24.800913,25.723305,24.505428,22.306797,17.85353,15.753848,12.558457,10.2314,6.965767,4.5333476,0.0,3.559859,6.4017286,5.2210565,6.4420395,8.182862,9.775539,13.072021,14.754521,18.456463,18.52228,24.580439,25.825085,28.804806,25.109758,21.800924,25.441162,27.821184,23.648489,22.13635,27.48977,26.445297,22.653482,25.331276,29.33024,26.457531,23.483215,28.884363,31.193846,32.650013,30.84625,28.843801,33.83091,33.52707,30.454401,27.226177,24.358059,23.894587,29.136662,29.91046,23.387959,27.16309,26.662088,30.972807,29.51929,25.686771,26.237307,24.225018,20.665854,22.164162,21.376923,18.815386,16.290777,17.140745,17.94365,18.08585,17.051691,19.061945,16.89607,20.35745,19.189499,21.662363,19.314548,16.893703,17.168222,13.502447,14.222531,12.686381,12.10604,14.414434,10.840275,8.726652,7.529996,8.46815,8.822049,13.0426655,14.525514,17.903486,19.88043,22.74469,24.131498,25.639208,21.556284,17.918203,17.219938,12.52621,9.5235815,8.389778,7.3886323,8.22956,14.203548,13.611376,17.211105,19.269161,22.805277
21,39.38461,35.403244,35.9081,30.5741,29.595726,30.968912,26.354256,29.060656,24.898035,28.199543,27.167645,27.680975,26.318752,23.947212,18.995914,17.803663,14.049718,12.7241,7.7541065,7.5774865,3.559859,0.0,5.288507,6.206215,6.804079,8.429545,11.738913,14.427304,16.905998,19.995375,21.02861,26.723598,28.1917,31.381435,27.901869,24.686266,28.354933,30.879395,26.897388,25.383839,30.746294,29.877348,26.135399,28.764013,32.803318,30.00822,27.027409,32.37524,34.745983,36.174698,34.369564,32.379158,37.36884,37.036167,33.916477,30.580788,27.808655,27.152643,32.37917,33.301865,26.660477,30.24661,29.480778,33.860424,32.636154,28.73494,28.883234,26.698393,23.558624,24.929848,23.676287,21.051018,19.10191,19.486353,20.89911,20.780996,20.0919,22.434664,20.158339,23.831242,22.586458,24.887854,22.609598,20.366808,20.724072,17.004196,17.623999,15.730496,14.624526,16.263348,12.327417,10.899571,10.581226,11.70009,12.2852745,16.431877,17.694683,21.276522,23.046078,26.069574,27.180298,28.397287,24.331182,20.575068,19.795238,14.930018,11.863783,9.907952,8.322533,9.83442,14.7891865,15.231801,18.137026,20.73495,23.800482
22,42.423225,38.60886,39.334576,33.992252,33.32209,34.328243,30.28113,32.71583,28.538704,32.19888,30.97806,31.91127,30.414972,28.375305,23.356325,21.80249,18.39214,16.286266,12.586988,10.296979,6.4017286,5.288507,0.0,6.6988716,8.981561,12.094573,14.269926,17.62839,19.85063,23.109356,24.026308,29.614641,31.69864,34.30204,30.310904,27.457882,31.259968,33.11676,28.79358,27.690666,32.99324,31.072107,27.473366,30.554842,34.253742,30.428131,27.797968,33.620617,35.390835,37.293312,35.067993,32.310093,37.329067,37.288715,33.544117,29.891657,27.80864,26.73647,31.848299,33.688065,27.40822,30.594034,29.962145,34.271477,33.597164,30.061678,30.03668,28.418127,25.012558,25.218632,24.493225,22.70407,20.069061,19.153374,20.771395,19.390057,18.86837,21.90419,18.924208,23.436401,22.403532,24.658875,23.376158,21.069506,21.654139,17.147991,18.435528,14.945673,14.148758,14.917256,11.442125,9.880719,9.917485,12.79932,14.116877,18.47459,20.297783,23.339592,25.392609,27.638815,29.372099,30.831802,26.371029,23.36562,21.3666,17.694393,13.562777,11.228838,11.812552,13.814548,19.124718,19.737217,23.012083,25.45813,28.78937
23,41.15538,37.429966,37.25557,32.197998,30.850138,31.131155,27.094498,28.584997,24.08947,27.490005,25.662996,26.683657,24.750288,23.209444,17.914944,16.473366,13.317535,11.194032,9.08053,5.8879814,5.2210565,6.206215,6.6988716,0.0,3.1985292,6.8866215,7.825825,11.317355,13.522891,16.635979,17.965824,23.132631,25.85634,28.181324,24.229862,21.816004,25.836481,27.453106,23.518229,22.81503,28.096926,26.319902,23.120354,26.591494,29.98758,26.774923,24.750074,30.441502,32.165577,33.49661,30.917885,29.470776,33.91833,33.224422,29.90057,26.174078,23.733458,22.366512,27.477438,28.972544,22.204105,25.174822,24.12,28.531498,27.951052,24.230602,23.772493,21.935701,18.958517,19.446667,18.145348,16.114653,14.058564,13.528222,15.587482,15.260131,15.279761,18.32949,16.887936,21.054712,20.884912,23.960411,22.020773,18.916395,18.242737,14.787642,13.786196,10.990293,8.902239,10.140265,6.13707,5.2847857,6.9815598,7.828482,10.045016,14.091531,17.347977,19.972467,22.743652,25.328558,27.35354,29.382933,25.438726,21.868076,21.441683,17.02098,14.164883,13.26561,12.571515,12.982023,18.94639,17.346674,20.945553,22.467127,25.901031
24,41.268803,37.465256,37.024582,32.05176,30.382689,30.758936,26.344275,27.744007,23.16309,26.142612,24.161394,24.812956,22.656647,21.098742,15.3690195,14.711077,11.185189,10.062293,7.390393,6.156088,6.4420395,6.804079,8.981561,3.1985292,0.0,3.8896737,6.2833514,8.9044,11.860388,14.378462,16.612904,21.399075,24.264305,26.84439,23.273657,20.940802,24.978733,26.861086,23.35247,22.616035,27.875742,26.693485,23.627235,26.9652,30.394577,27.852839,25.879198,31.26229,33.220825,34.177296,31.67779,30.9251,35.160343,34.15544,31.209372,27.5875,24.860558,23.510473,28.55731,29.63634,22.600061,25.511736,24.115072,28.567926,27.932144,23.99571,23.216503,20.951124,18.57494,19.62289,17.586708,15.038069,14.028117,14.032644,16.413403,16.843618,17.116682,19.912888,19.111904,22.850256,22.762186,25.919605,23.509127,20.36379,19.325924,16.542023,14.647667,12.82482,10.149852,11.388787,7.3462133,7.5129404,9.406903,8.787853,10.772757,14.408908,17.688854,20.464886,23.20574,26.237349,27.965422,29.925066,26.306305,22.28905,22.692549,17.66271,15.52974,14.806649,13.069329,12.999559,18.474401,16.45118,19.661392,21.09657,24.206234
25,39.900032,36.031612,35.31417,30.474224,28.47819,29.039598,24.210682,25.62538,21.062088,23.552105,21.590595,21.787134,19.58253,17.832727,11.849134,11.982979,8.026558,8.367499,5.1947746,6.8820934,8.182862,8.429545,12.094573,6.8866215,3.8896737,0.0,5.6062593,6.4871364,10.044838,12.002246,14.765039,19.350542,21.823242,24.890173,21.889917,19.40013,23.28871,25.689123,22.658012,21.6725,26.84744,26.58258,23.558514,26.495676,30.06892,28.43704,26.326353,31.210264,33.56379,34.094154,31.913,31.850843,35.93795,34.679214,32.275383,28.954891,25.79486,24.759909,29.727232,30.076405,22.898462,25.980974,24.434263,28.836386,27.813732,23.640848,22.9012,20.12009,18.24873,20.296791,17.745316,14.459579,14.454747,15.606134,17.723999,19.117397,19.29105,21.466791,21.222715,24.256233,24.074638,27.191435,24.181696,21.154762,19.885258,17.915361,15.451527,15.042327,12.397928,14.080025,10.395138,10.6692505,12.009144,10.0979,11.301528,14.250203,17.116013,20.100634,22.61245,26.168873,27.417614,29.20824,26.038568,21.561655,22.974316,17.363874,16.251049,15.898002,13.084866,12.301459,16.967726,14.36306,17.065815,18.337706,21.08241
26,38.329884,34.782944,33.568268,29.039505,26.907038,26.440262,22.456795,22.811157,18.11963,20.9844,18.552204,19.614431,17.32632,16.362022,11.285986,9.705077,7.560228,5.819673,7.981623,6.0618644,9.775539,11.738913,14.269926,7.825825,6.2833514,5.6062593,0.0,4.2689104,5.72127,9.107358,10.418311,15.3775425,18.282629,20.598963,17.00248,14.839612,18.953943,20.704037,17.520353,17.0252,22.124119,21.299479,18.589346,21.98416,25.129974,23.41636,21.88803,26.806717,28.78984,29.203833,26.674213,27.08306,30.78946,29.319405,27.01316,23.724977,20.523235,19.408464,24.28015,24.549,17.340805,20.389353,18.965588,23.355625,22.263172,18.143959,17.613646,15.0872135,12.729176,14.861177,12.720875,9.469514,8.891173,10.897849,12.446983,14.625458,14.804569,16.637415,17.363585,20.001076,20.510815,24.046421,21.14079,17.645992,15.558729,14.399268,10.518549,10.95096,8.337732,10.845713,8.356656,8.492389,9.759736,6.313831,8.031341,10.104875,14.41938,16.417429,19.620655,22.736652,24.642254,27.067093,24.107555,20.006907,21.718222,16.823244,16.13381,16.751072,14.872225,13.42845,18.833143,14.7196245,18.25894,18.373453,21.73133
27,39.117237,35.560936,33.915882,29.668936,27.08593,26.637762,22.30395,22.291851,17.63715,19.60224,16.811373,17.23895,14.433049,13.705398,7.892052,8.166842,6.131509,7.0679054,9.080094,9.623759,13.072021,14.427304,17.62839,11.317355,8.9044,6.4871364,4.2689104,0.0,4.3826146,5.5935745,9.214266,12.921388,16.20785,18.836716,16.075315,14.323681,18.262897,20.311272,18.087538,17.664375,22.402891,22.51259,20.230087,23.28516,26.275677,25.589792,24.273317,28.572294,30.7667,30.62423,28.23868,29.631748,32.901474,31.014923,29.299122,26.253805,22.857676,21.783646,26.302023,25.992428,18.781738,21.490898,19.588345,23.816706,22.703028,18.448437,17.359392,14.17638,13.233585,16.117853,12.942691,9.007619,10.718799,13.196905,14.993267,17.819864,18.317884,19.804699,21.16482,23.271526,23.885895,27.394262,24.09827,20.72073,18.309334,18.001495,13.522446,14.82852,11.989789,13.981105,11.756957,12.558808,14.020438,10.353282,11.468935,12.532545,16.435812,18.364923,21.366621,24.887705,26.370352,28.670633,26.26361,21.805914,24.455069,19.166029,19.248589,19.941713,17.283815,15.453267,19.843672,15.218224,17.954256,17.657082,20.374311
28,36.60142,33.313545,31.281765,27.360662,24.673073,23.49634,19.842375,19.015707,14.373062,16.576324,13.538398,14.758767,12.189801,12.050682,8.175068,6.2043214,6.780205,6.2560897,11.222739,10.496487,14.754521,16.905998,19.85063,13.522891,11.860388,10.044838,5.72127,4.3826146,0.0,4.9084477,5.026993,9.854104,12.727793,15.019193,11.890991,10.033739,14.078726,15.97139,13.750368,13.4762125,18.088564,18.314465,16.239632,19.27431,22.049763,21.80103,20.751663,24.70783,26.850447,26.466518,24.12935,26.05892,29.03989,27.001474,25.676798,22.982664,19.325844,18.63155,22.95757,22.041355,14.943304,17.946238,16.386595,20.457014,18.75354,14.419335,14.085735,10.907686,9.414458,13.336311,10.853132,6.6326194,8.044838,12.135936,12.632818,16.394802,16.523678,17.112854,19.251026,20.502274,21.42838,25.018051,21.61988,18.181993,15.250505,16.041636,10.834505,13.654787,11.638532,14.320562,13.088365,13.341182,14.051019,9.692429,10.217827,9.781205,14.101153,15.200074,18.453733,21.746143,23.450052,26.089201,24.066433,19.91214,23.026337,18.33985,19.068811,20.470255,18.26858,15.97976,20.412537,14.888389,18.01305,16.802708,19.909876
29,39.813324,36.562397,34.14287,30.563242,27.506113,26.297606,22.476673,21.146107,16.788706,17.737843,14.160556,14.512269,10.990994,11.722077,7.278286,8.476416,9.005429,10.518047,14.08174,14.60947,18.456463,19.995375,23.109356,16.635979,14.378462,12.002246,9.107358,5.5935745,4.9084477,0.0,7.073766,7.8609214,12.430389,14.484705,12.56719,12.111999,15.655614,17.284739,16.430107,16.641195,20.489845,21.243362,19.918278,22.787054,25.064875,25.518938,24.97428,28.445436,30.487783,29.62174,27.173475,30.008837,32.3862,29.896414,28.98357,26.33933,22.879808,21.824442,25.619429,24.59078,17.76553,19.788462,17.462505,21.23359,20.108007,15.969916,14.29706,10.589737,11.571957,15.174344,11.38,7.283009,11.272502,14.471985,15.867016,19.628618,20.416143,21.241655,23.782629,25.03452,26.20354,29.8275,26.384087,22.979319,19.859531,20.891527,15.375717,17.81955,15.139197,16.917269,15.80843,16.912962,18.371752,14.237474,15.063466,14.59053,18.621721,19.599237,22.682846,26.086954,27.55483,30.090542,28.456444,24.132792,27.66458,22.71731,23.589846,24.766193,22.09727,19.827724,23.582788,18.081917,20.338903,18.9223,21.156708
30,33.9353,31.002193,28.345976,25.047451,22.084215,20.072647,17.225056,15.168652,10.817409,12.718181,9.305944,11.3751955,9.28083,10.065525,9.340157,6.102193,9.388921,8.76949,14.855332,14.060868,18.52228,21.02861,24.026308,17.965824,16.612904,14.765039,10.418311,9.214266,5.026993,7.073766,0.0,6.9803,8.176687,10.370178,7.459552,5.2448764,9.143129,11.336535,9.863725,9.607485,13.617474,14.937794,13.375241,15.797091,18.252073,19.350254,18.598255,21.534851,23.828344,22.820759,20.881506,23.901154,26.33261,23.999018,23.595526,21.667442,17.648354,17.720636,21.451736,19.2799,12.806439,16.064238,15.009013,18.471512,15.731196,11.406214,12.33512,9.156561,7.744656,13.196298,11.661913,7.944417,9.240315,14.47864,13.48194,18.07734,17.760637,17.02762,20.014261,19.894709,21.021978,24.455946,20.803537,17.647156,14.287146,16.686533,11.325389,15.792075,14.779914,17.768166,17.268402,17.126217,17.084354,12.576745,12.147807,9.780165,13.431625,13.410016,16.514038,19.650349,21.21668,24.054356,22.87288,19.067991,23.055788,19.06379,20.79635,22.848991,20.825539,18.091463,21.824984,15.577067,18.482576,16.141556,19.200096
31,38.648296,36.037205,32.691315,30.16935,26.815287,24.252659,21.947906,18.640545,15.238554,15.200567,10.962979,12.251273,9.081634,12.018042,11.966166,11.590092,14.575072,15.226463,20.503721,20.23072,24.580439,26.723598,29.614641,23.132631,21.399075,19.350542,15.3775425,12.921388,9.854104,7.8609214,6.9803,0.0,7.3953,7.188975,6.706477,8.7850485,10.912342,11.394982,12.754819,13.916612,15.901985,17.517302,17.660578,19.947363,21.003508,23.09667,23.58867,25.652946,27.368576,25.560287,23.260887,27.901688,29.010595,25.883667,26.263346,24.564194,21.081396,20.564106,23.111496,20.705425,15.250614,16.548788,14.483595,17.057531,15.182659,11.623877,10.517505,6.9288344,9.876761,14.408143,11.750502,9.098809,13.02827,17.184011,16.956003,21.644407,22.212532,21.671076,25.497751,25.257069,27.027431,30.565886,27.147306,23.963495,20.218258,23.006727,17.028791,20.94971,19.264631,21.275564,21.3969,22.150133,22.98523,18.590622,18.802267,16.506525,20.225824,19.63565,22.631466,25.402271,26.9598,29.852058,29.266422,25.622477,29.905888,25.976538,27.731188,29.650585,27.415031,24.711262,28.039572,21.743538,23.882385,21.14462,23.22232
32,32.21574,29.827446,26.058119,24.149836,20.560638,17.839054,15.933739,11.9430485,9.549915,8.248741,4.13466,6.238418,5.468607,8.369534,12.356074,10.668463,14.881205,15.607302,21.174433,21.521564,25.825085,28.1917,31.69864,25.85634,24.264305,21.823242,18.282629,16.20785,12.727793,12.430389,8.176687,7.3953,0.0,5.3352356,7.4648924,6.763389,6.309412,9.669876,11.629363,11.171011,12.2279005,16.568134,16.235722,16.625326,18.265642,22.117395,21.670753,22.317759,25.00629,22.709589,21.973307,26.720427,28.074358,25.294153,26.603298,25.921299,21.814857,22.749527,25.265356,21.356451,16.882156,19.534945,18.828753,20.870564,17.17594,13.8605,15.524754,12.676106,13.269325,18.919033,17.659214,14.671072,16.721079,21.9609,20.432419,25.340055,24.843576,23.088543,26.557245,25.056314,26.074507,28.954588,24.944666,22.619864,19.42031,23.04721,18.317068,23.472084,22.83939,25.755808,25.421976,25.268862,24.901264,20.434858,19.349161,16.156603,17.787012,17.01206,18.871338,21.947535,22.46079,24.910828,25.345812,21.886614,27.160362,23.677832,26.635075,29.064709,26.664505,23.544544,25.559313,19.057775,20.553467,16.903177,18.672682
33,35.101406,33.14109,29.133106,27.667274,24.28355,20.644537,20.022118,15.219266,13.38155,12.577607,8.964663,11.372972,10.328533,13.59374,16.596132,14.817275,18.869806,18.893435,24.926605,24.316626,28.804806,31.381435,34.30204,28.181324,26.84439,24.890173,20.598963,18.836716,15.019193,14.484705,10.370178,7.188975,5.3352356,0.0,5.1437726,7.898655,6.819587,6.7179217,10.547514,11.746749,11.265235,14.687209,15.81119,16.65945,16.809784,20.867983,21.70652,22.017782,23.788189,21.107079,19.733944,25.574978,25.843607,22.53401,24.319971,23.900644,20.279448,20.950003,22.497082,18.373138,14.987244,16.460836,15.751651,16.905512,13.341123,10.906459,12.446358,10.510863,12.172482,17.110903,16.368887,14.573782,16.769772,21.595085,19.78937,24.775335,24.60916,22.657948,26.904163,25.136904,26.911837,29.977161,26.526031,23.987337,20.29917,24.368578,19.099232,24.12468,23.58255,26.117027,26.614502,26.703722,26.620392,22.27075,21.639534,18.171696,20.66263,18.924494,21.259594,23.403921,24.659971,27.589169,28.080261,25.237284,30.063295,27.206884,29.801582,32.315937,30.436472,27.449638,30.129349,23.595375,25.548187,21.955872,23.944038
34,34.995506,32.829517,29.376717,27.212059,24.209469,20.624691,19.871895,15.741498,12.898281,13.923758,10.321067,13.411787,12.002715,14.451322,15.886784,13.080559,16.805494,15.7897625,22.181805,20.576817,25.109758,27.901869,30.310904,24.229862,23.273657,21.889917,17.00248,16.075315,11.890991,12.56719,7.459552,6.706477,7.4648924,5.1437726,0.0,4.922999,6.22601,4.913372,6.58362,8.629954,9.684929,11.060853,11.881633,14.016335,14.422985,16.992826,17.987474,19.477571,20.896656,18.927055,16.678703,21.80954,22.57079,19.435898,20.321764,19.336697,15.674155,16.052048,18.127499,14.67135,10.136703,12.117257,11.548009,13.528295,9.921847,6.44598,8.69311,6.949988,7.1503587,12.295836,12.187557,10.659925,11.9388895,16.838531,14.692165,19.682861,19.486128,17.65307,21.994951,20.574594,22.635372,25.992609,22.875246,19.930035,15.984259,19.859262,14.293391,19.189438,18.847069,21.436434,22.228367,22.186825,22.090164,17.902903,17.543974,14.119954,17.55246,15.616107,18.678629,20.523552,22.56621,25.883032,25.60735,22.889002,26.972372,24.297962,26.302166,28.761484,27.382544,24.62137,28.212986,21.808983,24.58768,21.488611,24.295567
