,0,1,2,3,4,5,6,7,8,9,10,11,12,13,14,15,16,17,18,19,20,21,22,23,24,25,26,27,28,29,30,31,32,33,34,35,36,37,38,39,40,41,42,43,44,45,46,47,48,49,50,51,52,53,54,55,56,57,58,59,60,61,62,63,64,65,66,67,68,69,70,71,72,73,74,75,76,77,78,79,80,81,82,83,84,85,86,87,88,89,90,91,92,93,94,95,96,97,98,99,100,101,102,103,104,105,106,107,108
0,0.0,3.8843367,6.9701476,9.547808,11.178261,15.297392,16.090412,21.434614,23.941694,27.104975,30.32876,33.495148,34.58593,33.72804,28.376694,26.818605,23.302694,21.558786,18.669685,17.06287,16.40537,11.894971,16.690008,18.677876,20.973745,19.31695,25.24886,27.116898,27.46355,29.902775,34.765858,36.62035,41.453285,41.399532,44.125076,46.448483,46.955326,44.27738,41.50115,39.576008,35.56166,36.19708,30.514656,33.14689,26.550434,26.574083,23.848017,24.08901,24.439852,22.969421,26.085993,23.79116,26.54598,31.129671,31.35679,34.60985,35.296944,38.736603,42.504356,41.473106,39.069885,38.802536,33.195805,34.17412,31.80572,30.838987,34.332542,30.279167,34.94174,32.053787,32.47074,34.192,31.229536,35.90875,33.82945,39.255825,39.15112,40.97486,42.20839,43.919834,42.92772,38.61013,35.364014,32.13402,29.686653,25.952879,24.457365,18.478645,18.541117,16.207958,16.760515,16.749279,13.50461,15.662543,17.694386,19.854208,21.910488,24.418097,27.672533,28.609835,33.45798,37.36131,36.563663,33.463493,36.243763,29.983131,31.188133,28.581938,27.83926
1,3.8843367,0.0,5.31383,6.0630527,8.75589,12.270443,14.012814,19.055712,21.550932,24.945072,27.961285,31.327982,32.04742,30.892881,25.67272,23.903376,20.205751,18.565424,15.294116,14.076838,13.134709,8.814305,13.849189,16.195185,19.084509,18.045324,23.795303,25.289469,26.503115,28.850647,33.5413,35.884796,40.25381,40.715893,43.019947,45.60953,45.951424,43.145298,40.70705,38.498966,34.96764,34.86005,29.322926,31.550056,25.004824,24.488268,21.49019,21.251802,21.357647,19.424873,22.572214,20.084059,22.9752,27.517548,27.910046,31.315262,31.843279,35.340645,38.923912,37.936214,35.671364,35.18399,29.614985,30.641382,28.076933,27.352009,31.058813,27.30519,31.944761,29.554493,29.76119,31.898052,29.130554,33.85641,32.056236,37.354782,37.569843,39.18102,40.75006,42.694664,41.8841,37.297653,34.456623,31.014622,28.251877,24.846354,22.915857,17.15694,17.74245,15.380166,16.889164,17.424875,14.966883,16.844547,18.41429,19.941984,21.765749,23.696075,26.920267,27.32489,32.11509,35.756058,34.844505,31.774017,34.18653,27.855097,29.140594,26.172338,25.635721
2,6.9701476,5.31383,0.0,5.587746,6.710627,9.086261,11.410929,15.388897,18.646292,21.30029,24.816708,27.851358,28.547194,27.715134,22.06178,21.388657,17.613256,16.855555,14.206709,13.90347,14.535043,11.579252,16.881487,18.149141,22.20518,20.646227,26.637487,27.339258,28.307734,29.954576,34.74673,36.235943,40.601536,40.680458,42.5752,45.12032,44.995575,41.987022,39.59185,37.415176,34.241264,34.402344,29.025627,31.71813,25.046022,25.390165,21.677519,22.300718,21.246414,19.696215,21.73778,19.126532,21.002363,25.943235,25.467058,28.430584,29.711132,33.108204,36.937176,36.42677,34.025906,34.447735,28.930492,30.630627,28.542034,28.49453,31.847006,28.79474,32.52744,30.397806,29.695366,31.684198,28.30704,32.838978,30.480774,35.599068,35.2376,36.553608,37.897324,39.981926,38.80395,34.104454,31.650854,28.037773,25.78655,21.824833,21.09465,15.581327,17.164347,15.844263,17.401926,17.101496,15.0347805,15.539482,16.366549,17.407024,18.24,20.646769,23.268192,24.340134,28.8807,32.327312,32.117336,29.265812,32.404995,26.158457,28.23893,25.5436,25.787197
3,9.547808,6.0630527,5.587746,0.0,4.42627,6.6629496,9.392549,13.725928,16.146076,19.70433,22.471512,25.991402,26.368279,25.00094,19.952873,18.01288,14.205498,12.801111,9.423411,9.0673685,9.087964,6.832506,11.894272,13.319196,17.78392,17.014006,22.519396,22.914202,24.91874,26.644491,31.110186,33.51895,37.27103,38.15752,39.72509,42.59705,42.529926,39.506824,37.529507,35.00286,32.281765,31.360407,26.16489,28.097818,21.663837,21.01734,17.313242,17.143187,16.240503,14.275182,16.824413,14.340549,17.0193,21.592249,21.906385,25.323431,25.804987,29.28848,32.9607,32.013878,29.715277,29.536524,23.96729,25.36328,23.180254,22.931324,26.406015,23.385002,27.314964,25.541346,24.982525,27.446844,24.620102,29.270403,27.589832,32.627064,33.03501,34.30901,36.209038,38.449963,37.79981,32.909344,30.696648,27.00446,23.992777,21.003323,18.831177,13.729236,15.413089,13.691203,16.396557,17.273123,16.21466,17.145285,17.762672,18.156105,19.411444,20.434649,23.438753,23.174738,27.755302,31.00145,30.074919,27.126074,29.296135,22.971094,24.654608,21.430555,21.549183
4,11.178261,8.75589,6.710627,4.42627,0.0,5.973987,5.3060966,10.71122,12.848236,16.347855,19.272457,22.634182,23.600863,22.691828,17.63514,15.701745,12.45828,10.702226,8.757981,7.7583103,9.905241,8.851343,13.518401,13.02865,18.03964,16.195461,21.99373,21.855669,23.025047,24.19261,28.82569,30.386652,34.356674,34.77616,36.30288,39.0397,38.824265,35.76455,33.651745,31.243078,28.4946,28.020353,22.80872,25.286842,18.6997,19.153662,15.171651,16.416973,15.05186,14.610056,16.36768,14.7852125,16.842607,21.283667,21.218058,24.246944,24.88561,28.147234,32.403862,31.241573,28.535412,29.237177,23.635992,25.225334,24.125847,23.658356,26.215803,23.263216,26.406956,24.099243,23.156761,25.009346,21.615025,26.167612,24.003454,29.134302,29.159115,30.564926,32.21713,34.345528,33.58979,28.808226,26.39655,22.750635,19.900438,16.679005,14.859938,9.621808,11.732695,10.795367,13.453931,13.952654,13.606181,13.785623,13.909512,13.904536,15.154826,16.02102,19.135288,18.95449,23.631615,27.107338,26.226107,23.242529,25.909094,19.607258,21.56053,18.843512,19.22495
5,15.297392,12.270443,9.086261,6.6629496,5.973987,0.0,7.1153126,7.9831686,11.343017,14.126847,17.137377,20.457455,20.350958,19.038847,13.621881,12.88571,8.763925,9.212955,7.0488095,9.163526,11.415658,11.938276,15.926471,15.931523,21.505087,20.615063,25.733463,24.918945,27.118517,27.865255,32.07134,33.800434,37.018234,37.88541,38.569904,41.558292,40.818363,37.516994,35.96708,33.281017,31.534765,30.253702,25.654684,27.654833,21.552849,21.547167,17.018417,17.626682,14.856398,13.3636265,13.806747,11.259466,12.210351,17.21441,16.438095,19.401993,20.68052,24.050539,27.964537,27.597404,25.209179,26.148039,20.807669,23.16209,21.744167,22.587893,25.460901,23.800539,26.232426,25.303637,23.362663,25.899788,22.6143,26.851162,24.834082,29.340874,29.395748,30.060781,32.038498,34.64358,33.809494,28.605577,27.371044,23.39027,20.728218,17.752651,16.643682,12.979987,16.1454,15.867833,18.916431,19.318762,19.289059,18.801329,18.262644,17.421564,17.242779,17.768682,19.81771,19.54484,23.531342,26.132072,25.892551,23.336803,25.903866,19.862307,22.600039,19.548729,20.937714
6,16.090412,14.012814,11.410929,9.392549,5.3060966,7.1153126,0.0,6.794081,7.967298,11.539842,14.337504,17.614252,19.04961,18.53014,13.835642,11.735499,9.546102,7.653973,8.193793,7.4355173,11.578149,12.478234,15.998691,13.68999,19.268143,16.914845,22.281052,21.10586,21.897333,22.10717,26.568525,27.327404,31.0357,31.271996,32.285114,35.038086,34.44055,31.238838,29.312538,26.838598,24.64864,24.085327,19.24093,21.999779,15.63934,17.163857,12.750324,15.446355,13.082085,14.309378,14.68385,14.270751,15.370424,19.317612,18.864962,21.3745,22.062784,24.983803,29.781467,28.415915,25.337215,27.058392,21.635931,23.535261,23.715258,23.304016,24.762873,22.42023,24.266302,21.894102,20.120247,21.464579,17.504704,21.789549,19.210785,24.215673,23.982147,25.310486,26.935522,29.133173,28.40746,23.552864,21.36643,17.621798,14.746288,11.697628,10.109144,5.9417567,9.452877,10.184681,13.055747,13.363072,14.538168,13.5453825,12.534854,11.165729,11.863666,11.519629,14.539781,13.783964,18.396732,21.846651,20.945225,18.008812,21.021944,14.836584,17.366365,15.168069,16.312109
7,21.434614,19.055712,15.388897,13.725928,10.71122,7.9831686,6.794081,0.0,4.7196913,6.17858,9.697327,12.658182,13.211921,12.810545,7.3670464,7.8071165,5.962544,7.593787,9.648488,11.514925,15.708364,17.680668,20.753357,18.594723,24.551731,22.811731,27.490953,25.500326,26.9027,26.367842,30.255056,30.593323,33.44126,33.839832,33.748814,36.627773,35.24251,31.765589,30.50482,27.864805,27.040863,25.87736,22.089272,24.510899,19.110952,20.68185,15.923963,18.455544,14.491369,15.521201,13.692436,13.239164,12.086443,16.027704,14.126905,15.7801895,17.591251,20.263163,25.166048,24.66835,21.652897,24.575706,19.732065,22.642065,23.30306,24.194838,25.316383,24.58078,24.998123,24.00222,20.807835,22.428576,18.34005,21.813824,19.047783,23.02142,22.37327,22.687822,24.480333,27.239092,26.25831,20.936117,20.41437,16.327785,14.191883,11.47904,11.914641,10.947553,15.008669,16.523056,19.340918,19.262077,20.6931,18.850372,17.051592,14.707979,13.250035,12.343266,13.350959,12.6634245,15.991592,18.239836,18.514545,16.328213,19.73455,14.340239,18.178232,16.219307,18.798122
8,23.941694,21.550932,18.646292,16.146076,12.848236,11.343017,7.967298,4.7196913,0.0,4.878624,6.4605045,10.088134,11.349885,10.984309,7.5792484,5.166812,6.11007,6.1227164,9.9905205,11.067198,15.633732,18.494312,20.584723,17.324793,23.163029,21.331419,25.326546,22.70826,24.051756,22.979677,26.4873,26.742237,29.137047,29.800379,29.352888,32.366642,30.920547,27.426174,26.462748,23.626595,23.324183,21.536903,18.19571,20.326302,15.514482,17.372269,12.79273,16.06765,11.94313,14.532317,12.218333,13.364824,12.438381,15.049836,13.8749075,15.380799,16.13244,18.43616,23.760872,22.404615,19.011694,22.290068,17.598486,20.214602,22.02286,22.362406,22.460255,21.905788,21.485506,20.288837,16.759638,17.986193,13.801794,17.114946,14.487427,18.448158,18.252108,18.726383,20.90444,23.667385,23.221567,17.905605,17.406874,13.43766,10.496166,9.423986,8.483243,9.688973,13.546438,15.522982,18.526089,18.949099,21.263042,19.507458,17.528753,14.707548,13.854874,11.154034,12.522947,9.867116,13.148074,15.427411,14.6423025,12.255241,15.097191,9.65925,13.6289425,11.981981,14.969573
9,27.104975,24.945072,21.30029,19.70433,16.347855,14.126847,11.539842,6.17858,4.878624,0.0,4.512268,6.58493,8.160019,9.126818,5.7129493,7.408888,8.991943,10.685643,14.270722,15.804348,20.31468,22.93562,25.334452,22.194366,28.016613,25.99406,30.021029,27.261234,28.192612,26.694088,30.028837,29.332993,31.58363,31.716764,30.794405,33.56717,31.57403,27.992695,27.188087,24.604536,24.893831,23.644049,20.978874,23.426788,19.220318,21.721457,17.34285,20.777262,16.449873,18.849762,15.813298,16.731384,14.53679,16.91207,14.475556,14.668471,16.627565,18.34082,23.776445,23.160963,19.801891,24.23191,20.225498,23.322033,25.431314,26.352797,26.160467,26.25619,25.072287,24.249874,20.19894,20.967896,16.589191,18.923166,15.69126,18.693756,17.406548,17.169916,18.877317,21.863724,20.85156,15.396493,16.032724,12.044069,10.709293,9.29426,11.224684,13.214523,17.082685,19.536497,22.025953,21.770468,24.074045,21.611837,19.164173,15.974361,13.744817,11.25756,10.728158,9.100144,10.885177,12.297977,13.186304,11.697311,15.710712,11.742232,16.31584,15.597488,18.975788
10,30.32876,27.961285,24.816708,22.471512,19.272457,17.137377,14.337504,9.697327,6.4605045,4.512268,0.0,4.0590544,5.7072363,6.604415,6.818694,6.5412397,10.080681,11.33432,15.505167,16.950947,21.320986,24.673689,26.21252,22.590357,28.205242,26.494987,29.680458,26.34956,27.616549,25.667194,28.347061,27.80236,29.17726,29.848574,28.21363,31.19757,28.970617,25.356478,25.220533,22.369902,23.676443,21.395782,19.662289,21.367344,18.284464,20.536308,16.5816,19.99573,15.533764,18.645515,14.96581,16.957956,14.620491,15.547777,13.595638,13.365634,14.384214,15.503781,21.178244,19.996702,16.426085,21.419592,17.99809,20.982307,24.063515,24.894642,23.818262,24.60259,22.362226,22.016876,17.43846,18.048683,14.0720825,15.664003,12.98049,15.145714,14.530329,13.864484,16.344418,19.579922,19.274996,13.815101,15.318366,11.756781,9.908641,10.885328,11.44951,15.018591,18.504261,21.008589,23.720175,23.968966,26.754921,24.526236,22.093596,18.748056,17.038506,13.468478,13.031219,9.5866,10.187188,10.545943,10.406976,9.339306,12.127835,9.234527,13.838846,13.490106,17.337683
11,33.495148,31.327982,27.851358,25.991402,22.634182,20.457455,17.614252,12.658182,10.088134,6.58493,4.0590544,0.0,4.646909,7.525381,8.9314165,10.426019,13.798179,15.351922,19.458687,20.890028,25.326395,28.536285,30.215313,26.48861,32.024784,30.074348,33.226337,29.785194,30.588278,28.269478,30.742428,29.343508,30.54599,30.728832,28.67998,31.38362,28.700987,25.099337,25.1593,22.61092,24.478409,22.69495,21.63562,23.56634,21.083324,23.88679,20.19904,23.86522,19.480263,22.658989,18.802942,20.738708,17.957544,18.58651,16.100101,14.858367,16.460268,16.842878,22.413263,21.632662,18.17182,23.913916,21.143066,24.212748,27.600641,28.597467,27.164545,28.25263,25.469826,25.172472,20.439003,20.453688,16.471697,17.100365,14.035706,15.074543,13.392001,11.972896,13.9403925,17.334826,16.658,11.270896,14.079347,10.998972,10.723427,11.884034,13.97178,17.966652,21.32742,24.165512,26.49323,26.348202,29.242971,26.593582,23.88425,20.347164,18.011148,14.4832115,12.81039,10.010303,8.623468,7.424037,8.996975,9.209568,12.744359,11.6282215,16.158651,16.659351,20.526634
12,34.58593,32.04742,28.547194,26.368279,23.600863,20.350958,19.04961,13.211921,11.349885,8.160019,5.7072363,4.646909,0.0,3.6267488,7.0766864,9.735635,12.934024,15.520265,19.227835,21.500605,25.54868,29.042564,30.550611,27.396679,33.08404,31.796053,34.76054,31.280216,33.006985,30.965538,33.261387,32.725605,33.453136,34.317986,31.992569,34.94556,32.244164,28.654451,29.11003,26.336246,28.457926,25.88322,24.871853,26.13805,23.689667,25.495836,21.622496,24.349865,19.574812,21.894371,17.45816,19.090755,15.536589,15.692583,12.623311,10.6394825,12.829362,13.018954,18.358784,18.339928,15.255656,21.212486,18.945158,22.463797,25.57226,27.365646,26.273926,28.140963,25.23854,26.055347,21.045012,21.993694,18.69035,19.407421,17.254719,17.88012,17.092054,15.145553,17.617975,21.161335,20.704588,15.515543,18.694214,15.614907,14.865401,15.80523,17.13875,20.52649,24.1382,26.550982,29.31797,29.428259,32.01406,29.617336,27.092838,23.731243,21.351992,18.288145,16.797266,14.283332,13.26796,11.502716,12.95325,13.266337,15.370992,14.168869,18.514444,18.167328,22.207672
13,33.72804,30.892881,27.715134,25.00094,22.691828,19.038847,18.53014,12.810545,10.984309,9.126818,6.604415,7.525381,3.6267488,0.0,6.1571865,7.817891,10.959293,13.804358,17.214458,19.87357,23.539927,27.316551,28.487732,25.670527,31.34169,30.585236,33.300873,29.832228,32.28279,30.54038,32.738106,33.085957,33.574184,35.068733,32.786343,36.00667,33.54653,29.974209,30.557497,27.521997,29.557707,26.293476,25.102583,25.820833,23.300907,24.239367,20.317993,22.30308,17.395496,19.204931,14.509008,16.148424,12.426602,12.132338,9.173985,7.444443,9.268005,9.869421,15.296363,15.25539,12.261433,17.892303,15.591597,19.284298,22.179533,24.288448,23.475344,25.673157,22.91089,24.358007,19.341883,21.05757,18.280396,19.383823,17.96128,18.84314,19.007751,17.267624,20.2486,23.781715,23.696436,18.467245,21.201836,17.95277,16.349915,17.375792,17.551172,20.515327,24.141705,26.135193,29.282537,29.787924,32.22166,30.229454,27.964622,24.798231,22.840157,19.824648,19.025883,16.129442,15.918101,14.635819,15.120066,14.965761,15.997417,14.1993685,18.223574,17.098461,21.11091
14,28.376694,25.67272,22.06178,19.952873,17.63514,13.621881,13.835642,7.3670464,7.5792484,5.7129493,6.818694,8.9314165,7.0766864,6.1571865,0.0,6.2563224,7.0976725,10.796475,13.595672,16.500395,20.33296,23.347605,25.486313,23.229902,29.20158,28.132866,31.843204,29.05457,31.199215,30.040255,33.0903,33.43669,35.05516,36.010677,34.69345,37.77079,35.706303,32.100616,31.812622,28.945282,29.7007,27.444239,24.993954,26.560408,22.565691,23.725307,19.189838,21.251366,16.42082,17.457043,13.635833,13.881053,10.433042,12.795607,9.416923,9.413378,12.265227,14.278459,19.241331,19.53685,16.709858,20.962494,17.316547,20.999422,22.512218,24.508253,24.918316,25.937836,24.729048,25.286268,20.939087,22.839123,19.317354,21.624002,19.401014,21.777264,21.319082,20.392359,22.713383,26.016632,25.264988,19.778908,21.290678,17.440737,15.81714,14.920169,15.709918,17.040562,21.016706,22.800621,25.839773,25.977894,27.832472,25.804953,23.688742,20.843372,18.690983,16.76869,16.275415,14.681678,15.916379,16.121458,17.097982,16.045422,18.612268,14.9025345,19.207277,17.530819,21.09633
15,26.818605,23.903376,21.388657,18.01288,15.701745,12.88571,11.735499,7.8071165,5.166812,7.408888,6.5412397,10.426019,9.735635,7.817891,6.2563224,0.0,4.43629,6.0140967,9.781585,12.075598,15.8818445,19.668201,20.850443,17.981382,23.780325,23.005123,26.106852,23.07189,25.697546,24.632038,27.455553,28.687344,30.028587,31.684677,30.527464,33.893375,32.285194,28.775682,28.582964,25.397493,26.03973,22.862408,20.296501,21.177069,17.33088,17.75157,13.346475,15.266097,10.393345,12.421515,8.646493,10.436994,8.635844,10.162773,9.256142,11.014275,11.043725,13.495567,18.708843,17.339323,14.085758,17.357027,12.929686,16.007252,18.089529,19.172241,19.179396,19.852236,18.73753,19.071323,14.892251,17.17139,14.077637,16.970856,15.598326,18.59342,19.43252,19.215141,22.192709,25.293133,25.363564,19.984015,20.567236,16.841618,13.702738,14.060065,12.2086735,13.926555,17.465246,18.909634,22.39839,23.381334,25.631218,24.28881,22.511461,19.798052,18.995314,16.113586,17.092934,13.798567,15.986694,17.005268,15.906345,14.078386,15.088837,10.475345,14.093012,11.67939,15.161952
16,23.302694,20.205751,17.613256,14.205498,12.45828,8.763925,9.546102,5.962544,6.11007,8.991943,10.080681,13.798179,12.934024,10.959293,7.0976725,4.43629,0.0,4.5042834,6.5659122,9.847083,13.315836,16.610998,18.451838,16.595984,22.57428,22.02697,25.748148,23.391613,26.256851,25.890453,29.184212,30.862083,32.762005,34.329597,33.75899,37.075256,35.76513,32.302986,31.69985,28.610903,28.463589,25.7451,22.401161,23.528236,18.771452,18.690662,13.991386,15.074161,10.502253,10.75396,8.012772,7.81687,6.570372,10.275958,9.331439,12.069125,12.708872,15.819909,20.369122,19.575693,16.82787,18.920397,13.955249,16.990887,17.502491,18.851929,20.200005,20.227854,20.518698,20.73006,17.322382,20.061974,17.038881,20.553253,19.08628,22.636532,23.295607,23.315428,26.012945,29.013412,28.767197,23.345556,23.390106,19.449493,16.383795,15.439563,13.693626,13.433809,17.101181,17.920622,21.523865,22.448502,24.004719,22.962452,21.55,19.350552,18.667435,16.867844,18.219946,15.9615755,18.879873,20.398062,19.704315,17.605074,19.099333,13.814645,17.07849,14.076488,16.827183
17,21.558786,18.565424,16.855555,12.801111,10.702226,9.212955,7.653973,7.593787,6.1227164,10.685643,11.33432,15.351922,15.520265,13.804358,10.796475,6.0140967,4.5042834,0.0,4.4565887,6.0697794,10.075738,13.72256,15.102993,12.437817,18.411043,17.659296,21.339037,19.017946,21.79572,21.61781,25.049906,27.101238,29.23701,30.926636,30.81223,34.151367,33.27398,29.954552,29.116915,26.0053,25.346056,22.548431,18.77728,19.821949,14.714288,14.406701,9.653216,11.100986,6.9512243,8.517141,7.3247013,8.295713,9.373716,12.210795,12.747647,15.735567,15.202992,18.199549,22.823513,21.01811,18.046951,19.412207,14.014722,16.09787,16.885399,16.942024,18.038425,17.002707,17.916542,17.126427,14.40717,16.99861,14.043324,18.151339,16.947996,21.166222,22.288588,22.990536,25.715832,28.392921,28.476698,23.302862,22.42494,18.686302,14.914698,14.369523,10.95213,10.326761,13.506317,14.03734,17.86556,19.321787,21.149223,20.584154,19.456566,17.477322,17.846249,15.639665,18.005919,15.107338,18.734245,20.996012,19.27686,16.643946,17.629025,11.698292,14.124486,10.746435,12.868718
18,18.669685,15.294116,14.206709,9.423411,8.757981,7.0488095,8.193793,9.648488,9.9905205,14.270722,15.505167,19.458687,19.227835,17.214458,13.595672,9.781585,6.5659122,4.4565887,0.0,4.311372,6.832518,10.223638,11.973303,10.922549,16.80052,16.763958,20.73053,19.229864,22.58422,23.24641,26.856995,29.674015,32.042206,33.91927,34.244457,37.586784,37.027603,33.814655,32.79109,29.728298,28.540182,25.861753,21.66961,22.532469,17.075342,15.737246,11.322436,10.996864,7.993548,6.6572065,7.652496,6.4944186,9.268373,12.958085,13.968298,17.583426,17.071234,20.451246,24.370523,22.87182,20.414982,20.529411,14.923076,16.673962,15.798382,15.953665,18.47857,16.85937,19.260515,18.664516,16.87701,20.000235,17.6053,21.953407,21.042513,25.409994,26.659807,27.442675,30.127155,32.751057,32.748547,27.585306,26.439917,22.67204,18.96503,17.79197,14.385051,12.056938,14.769015,14.224184,18.16036,19.818913,20.819736,20.91843,20.385347,19.11988,19.83474,18.556095,21.189747,18.956106,22.865026,25.269394,23.69763,20.99611,21.889482,15.894311,17.751408,13.96966,15.173585
19,17.06287,14.076838,13.90347,9.0673685,7.7583103,9.163526,7.4355173,11.514925,11.067198,15.804348,16.950947,20.890028,21.500605,19.87357,16.500395,12.075598,9.847083,6.0697794,4.311372,0.0,4.743606,7.964965,9.5501795,7.2894297,13.264556,12.590737,16.971823,15.791624,18.62597,19.600956,23.519419,26.430227,29.267815,30.970572,31.884375,35.101982,34.960724,31.932507,30.55345,27.631062,25.771349,23.451748,18.779778,19.84207,13.946489,12.682376,8.556769,8.846691,7.4999967,7.835085,10.19185,10.177978,13.339791,16.389202,17.78181,21.249468,20.34188,23.509748,27.653532,25.52172,22.829424,22.783546,17.1464,18.090664,17.648241,16.47325,18.542698,15.642963,18.699286,16.755466,15.932968,18.472805,16.06303,20.74093,19.83871,24.710163,26.058113,27.427896,29.91769,32.1822,32.324455,27.485048,25.501669,22.012274,18.041597,16.96438,12.631558,9.532069,11.355124,10.273744,14.332158,16.460157,17.639973,18.230116,18.037584,17.127953,18.797104,17.406782,20.775251,18.366657,22.742401,25.75965,23.601385,20.562508,21.36293,15.1591425,16.19714,12.581507,12.766699
20,16.40537,13.134709,14.535043,9.087964,9.905241,11.415658,11.578149,15.708364,15.633732,20.31468,21.320986,25.326395,25.54868,23.539927,20.33296,15.8818445,13.315836,10.075738,6.832518,4.743606,0.0,4.995365,5.1675186,5.6291633,10.699011,11.649219,15.485467,15.213733,19.072765,20.92611,24.576933,28.619297,31.262667,33.496548,34.66903,37.957603,38.1765,35.327152,34.009163,31.061983,29.008717,26.34733,21.69774,22.057661,16.5766,13.787743,10.83752,8.618122,9.1702175,7.212713,11.47455,10.725532,14.975314,17.754614,19.91117,23.792692,22.41942,25.734743,29.189486,26.984545,24.771643,23.39945,17.868546,18.091364,16.332333,14.712473,17.946306,14.38602,18.94305,17.359127,17.614265,20.698984,19.255445,23.91925,23.682838,28.444082,30.261345,31.666239,34.33062,36.55378,36.876713,32.096134,30.038408,26.65077,22.57011,21.621656,17.023468,13.629149,14.568064,12.4116745,16.288044,18.877306,19.380915,20.845829,21.261318,20.9431,22.96518,21.91633,25.415846,23.052742,27.428381,30.381126,28.017311,24.983847,25.150272,19.16869,19.494877,15.553093,14.899365
21,11.894971,8.814305,11.579252,6.832506,8.851343,11.938276,12.478234,17.680668,18.494312,22.93562,24.673689,28.536285,29.042564,27.316551,23.347605,19.668201,16.610998,13.72256,10.223638,7.964965,4.995365,0.0,5.3164153,7.9685054,11.340993,11.6729765,16.511044,17.521648,20.328253,22.781017,26.886713,30.60492,34.0138,35.659775,37.506325,40.51879,40.998608,38.256256,36.43244,33.784195,30.923613,29.250534,24.104404,25.105251,19.15926,17.038181,14.491892,12.940737,13.985428,12.022335,16.165026,14.659316,18.67755,22.109013,23.796871,27.626663,26.803787,30.216843,33.65888,31.764126,29.568335,28.246277,22.721912,22.980684,20.69279,19.09165,22.637917,18.576342,23.610313,21.42897,22.158255,24.78398,23.000021,27.770012,27.060284,32.15441,33.505035,35.1475,37.42252,39.460316,39.46043,34.80154,32.21744,28.861301,25.115768,23.29986,19.326735,14.64753,14.999086,12.146552,15.256804,17.544594,16.962793,19.059174,20.1295,20.659325,23.014153,22.982927,26.669298,25.198528,29.904263,33.27216,31.22983,28.070667,28.945375,22.775373,23.164013,19.61057,18.58732
22,16.690008,13.849189,16.881487,11.894272,13.518401,15.926471,15.998691,20.753357,20.584723,25.334452,26.21252,30.215313,30.550611,28.487732,25.486313,20.850443,18.451838,15.102993,11.973303,9.5501795,5.1675186,5.3164153,0.0,5.7090306,7.4728703,10.023321,13.030358,14.147283,18.32993,21.109203,24.51327,29.449308,32.12379,34.64268,36.339268,39.547825,40.28953,37.73458,36.298874,33.47423,30.964064,28.31607,23.627556,23.522532,18.508362,14.838751,13.444598,10.186459,12.759028,10.709002,15.602146,14.951034,19.536186,21.847265,24.505482,28.506098,26.719023,29.971962,33.033386,30.518377,28.560398,26.274239,21.06805,20.397577,18.048916,15.443264,19.04256,14.434258,20.270971,18.298819,19.933231,22.8996,22.218721,26.822014,27.060114,31.860672,34.018883,35.708897,38.370144,40.362026,40.88722,36.35394,33.878784,30.74986,26.565075,25.779509,20.791283,17.158878,17.009102,14.026559,17.346954,20.394442,20.437624,22.795017,23.815895,24.091463,26.721718,25.84588,29.670572,27.287218,31.786554,34.936134,32.194363,29.066225,28.766932,23.029459,22.51057,18.695774,17.017647
23,18.677876,16.195185,18.149141,13.319196,13.02865,15.931523,13.68999,18.594723,17.324793,22.194366,22.590357,26.48861,27.396679,25.670527,23.229902,17.981382,16.595984,12.437817,10.922549,7.2894297,5.6291633,7.9685054,5.7090306,0.0,6.026831,6.6375985,10.024019,9.811021,13.616075,15.825862,19.396227,23.959946,26.657084,29.067436,30.671238,33.8801,34.583168,32.04055,30.62044,27.783777,25.378574,22.614931,17.945074,17.901293,12.816107,9.378253,8.076308,6.1583285,9.295363,10.006001,14.04619,14.88262,18.95441,20.783987,23.345098,26.988976,24.991945,27.928514,31.650072,28.59635,26.125181,24.736113,19.48337,18.80487,18.284351,15.123523,16.980904,12.097259,16.951687,13.791375,15.405452,17.717308,16.839342,21.457659,21.691694,26.572577,28.801937,30.730898,33.33269,35.146687,35.877785,31.587667,28.926144,26.062603,21.71832,21.584454,15.990488,13.226855,12.739714,10.22834,13.906972,17.278484,18.471006,20.363049,20.944618,20.718174,23.562105,21.864393,25.834515,22.851141,27.261925,30.519146,27.33317,24.151024,23.633596,18.057875,17.112291,13.598958,11.55798
24,20.973745,19.084509,22.20518,17.78392,18.03964,21.505087,19.268143,24.551731,23.163029,28.016613,28.205242,32.024784,33.08404,31.34169,29.20158,23.780325,22.57428,18.411043,16.80052,13.264556,10.699011,11.340993,7.4728703,6.026831,0.0,5.220382,5.6453505,8.025464,12.026725,15.482661,18.41974,24.129265,26.721367,29.496628,31.740215,34.77201,36.16579,34.088497,32.587906,29.986439,27.127714,24.404676,20.015348,19.258636,15.394895,11.215537,12.349538,9.849524,14.331383,14.81173,19.191015,20.110542,24.456467,25.814505,28.833212,32.547417,30.108353,32.90482,36.277157,32.818768,30.582119,28.379534,23.605852,22.015335,21.259415,17.111233,18.789139,12.923075,18.724302,14.994507,18.322485,20.178736,20.347897,24.58436,25.434498,30.152191,32.774605,35.025955,37.57912,39.04959,40.076817,36.20386,33.112362,30.67575,26.322996,26.505499,20.674786,18.012321,16.400034,13.370782,15.966594,19.730246,20.609587,23.329556,24.464548,24.787127,28.208624,26.588799,30.805166,27.756073,32.145016,35.54447,31.910965,28.718748,27.59316,22.612864,20.66711,17.64028,14.539267
25,19.31695,18.045324,20.646227,17.014006,16.195461,20.615063,16.914845,22.811731,21.331419,25.99406,26.494987,30.074348,31.796053,30.585236,28.132866,23.005123,22.02697,17.659296,16.763958,12.590737,11.649219,11.6729765,10.023321,6.6375985,5.220382,0.0,6.3822494,8.33672,9.130493,12.519949,16.537725,20.865969,24.532812,26.26246,29.037159,31.758108,33.192123,31.123903,29.077398,26.778534,23.197903,21.641682,16.647564,17.096048,12.369674,10.22867,11.106409,11.17434,14.8652725,16.585999,20.315023,21.398344,25.24976,27.070335,29.448757,32.856747,30.922522,33.64136,37.649803,34.26213,31.565216,30.463291,25.43994,24.403406,24.423754,20.613148,21.557707,15.95533,20.592344,15.76602,18.593964,19.391079,18.554995,22.874195,22.928663,28.03331,30.033007,32.619434,34.6987,35.899605,36.690742,33.08445,29.434793,27.206293,23.126549,22.987759,17.432545,14.470726,12.065248,8.980858,11.016984,14.873954,16.119858,18.791428,19.964346,20.454506,24.238897,22.74208,27.142677,24.436094,28.995893,32.813293,29.285954,25.975368,25.635902,20.547441,18.731745,16.4595,13.299817
26,25.24886,23.795303,26.637487,22.519396,21.99373,25.733463,22.281052,27.490953,25.326546,30.021029,29.680458,33.226337,34.76054,33.300873,31.843204,26.106852,25.748148,21.339037,20.73053,16.971823,15.485467,16.511044,13.030358,10.024019,5.6453505,6.3822494,0.0,4.7425933,7.707273,11.515499,13.711786,20.010813,22.37555,25.366491,27.952173,30.804182,32.678642,31.02473,29.559975,27.186752,24.239843,21.441353,17.644451,16.267069,13.958723,10.039389,13.145198,11.926065,16.647516,18.586075,22.282673,24.079905,28.084923,28.828022,31.931494,35.335087,32.554203,34.949245,38.5253,34.50779,32.090244,30.180103,25.865273,23.854013,24.321192,19.614609,19.6768,13.726799,18.472424,13.525388,17.84038,18.525364,19.374407,23.006277,24.321806,28.738329,31.6531,34.25423,36.675457,37.72185,39.14055,35.85856,32.450825,30.626905,26.316227,27.299747,21.17567,19.608877,17.245987,14.778343,16.60177,20.512398,22.127398,24.738827,25.747847,25.932693,29.670195,27.467266,31.748789,28.247492,32.335346,35.771835,31.565384,28.4644,26.7126,22.62584,19.690565,17.603067,13.747524
27,27.116898,25.289469,27.339258,22.914202,21.855669,24.918945,21.10586,25.500326,22.70826,27.261234,26.34956,29.785194,31.280216,29.832228,29.05457,23.07189,23.391613,19.017946,19.229864,15.791624,15.213733,17.521648,14.147283,9.811021,8.025464,8.33672,4.7425933,0.0,6.969508,9.186908,10.90743,17.498848,19.0651,22.645367,24.451227,27.63102,29.154482,27.335842,26.33809,23.65749,21.558033,17.708748,14.453876,12.260476,10.751081,5.9517026,9.966284,9.261767,13.711872,16.698587,19.602184,22.142366,25.730055,25.89369,29.036306,32.17855,29.146519,31.260689,34.955097,30.692343,28.155268,26.61931,22.547756,20.522415,22.026962,17.350246,16.285965,10.776358,14.358303,8.919387,13.313885,13.857113,15.166583,18.580133,20.35606,24.452791,27.731455,30.188805,32.8459,33.992184,35.663322,32.37776,29.389912,27.639233,23.18901,24.919224,18.527275,18.202242,16.338612,14.715836,17.084589,20.886984,23.227869,25.134836,25.561441,25.071192,28.431473,25.528639,29.55309,25.453217,29.153963,32.248013,27.78566,24.841774,22.471386,18.8282,15.543676,13.547497,9.586262
28,27.46355,26.503115,28.307734,24.91874,23.025047,27.118517,21.897333,26.9027,24.051756,28.192612,27.616549,30.588278,33.006985,32.28279,31.199215,25.697546,26.256851,21.79572,22.58422,18.62597,19.072765,20.328253,18.32993,13.616075,12.026725,9.130493,7.707273,6.969508,0.0,4.3831425,7.935694,12.606888,16.125734,18.043081,21.264582,23.748438,25.834772,24.398937,22.479795,20.520615,16.987293,15.200845,11.4476185,10.950106,9.552487,9.031576,12.643451,14.571664,18.087404,21.808266,24.288818,26.761482,29.928373,30.624458,33.07786,35.861763,33.403458,35.379333,39.686653,35.502735,32.52999,32.10966,27.908735,26.403267,28.34748,23.97853,22.55733,17.474466,19.865704,13.599669,17.174946,15.771522,15.891122,18.887829,19.677284,24.065578,26.519396,29.616642,31.473398,31.967506,33.477158,30.929714,26.966192,25.887733,21.991741,23.539991,17.725058,17.47092,14.415824,13.314618,14.043684,17.566216,20.354723,22.189138,22.715736,22.542868,26.429852,23.664148,27.859503,24.226183,27.95685,31.614346,27.14661,24.14321,22.669132,19.442102,16.03003,15.690096,11.776084
29,29.902775,28.850647,29.954576,26.644491,24.19261,27.865255,22.10717,26.367842,22.979677,26.694088,25.667194,28.269478,30.965538,30.54038,30.040255,24.632038,25.890453,21.61781,23.24641,19.600956,20.92611,22.781017,21.109203,15.825862,15.482661,12.519949,11.515499,9.186908,4.3831425,0.0,5.1757574,8.653628,12.196972,14.042993,16.962276,19.559898,21.490185,20.026415,18.248175,16.226974,13.100017,10.8988,7.7507133,7.1292357,7.5084853,8.863461,12.42037,15.502836,18.15803,22.692122,24.305508,27.270212,29.869995,30.210531,32.41365,34.779716,32.33465,33.954784,38.494694,34.191628,31.026508,31.342262,27.451841,26.159058,28.990557,24.885202,22.574152,18.322416,19.181606,12.79029,15.608077,13.073864,13.080964,15.394037,16.231415,20.288998,22.777386,25.989134,27.751884,28.063019,29.810225,27.601208,23.730482,23.067171,19.329674,21.65185,15.996584,17.177486,14.440335,14.465534,15.169356,18.221254,21.676752,22.739124,22.691408,21.925467,25.48051,22.076189,25.954502,21.904442,25.1261,28.58826,23.860615,21.06347,19.284037,16.931902,13.149347,13.904994,10.363977
30,34.765858,33.5413,34.74673,31.110186,28.82569,32.07134,26.568525,30.255056,26.4873,30.028837,28.347061,30.742428,33.261387,32.738106,33.0903,27.455553,29.184212,25.049906,26.856995,23.519419,24.576933,26.886713,24.51327,19.396227,18.41974,16.537725,13.711786,10.90743,7.935694,5.1757574,0.0,8.033589,8.778122,12.597529,14.906806,17.629765,19.980947,19.094248,18.211872,16.250847,14.504903,10.804075,10.407141,7.3270206,11.251721,11.35136,15.614346,17.914154,20.704433,25.320831,26.655575,30.06653,32.57726,32.135544,34.690308,36.886963,33.91159,35.137497,39.362568,34.633427,31.672848,31.710949,28.564056,26.75015,30.165678,25.787699,22.53655,18.839016,18.70255,12.644451,15.994705,12.922474,14.611799,15.611798,17.697807,20.567348,23.82372,26.909613,28.882023,28.978832,31.315792,29.576471,26.181877,25.972845,22.325636,25.471804,19.834864,21.831104,19.413355,19.512112,20.343628,23.356241,26.836136,27.853458,27.687716,26.710201,30.030062,26.230268,29.781897,25.264977,27.822039,30.741507,25.5927,23.221354,20.17239,19.211432,14.77931,15.953042,12.54953
31,36.62035,35.884796,36.235943,33.51895,30.386652,33.800434,27.327404,30.593323,26.742237,29.332993,27.80236,29.343508,32.725605,33.085957,33.43669,28.687344,30.862083,27.101238,29.674015,26.430227,28.619297,30.60492,29.449308,23.959946,24.129265,20.865969,20.010813,17.498848,12.606888,8.653628,8.033589,0.0,6.678972,5.4533463,9.666784,11.343396,13.93537,13.382197,11.300759,10.501796,7.6469026,7.578426,8.554291,8.889985,12.599636,16.0834,18.916769,22.921785,24.50625,29.679693,30.226269,33.611786,35.355526,35.302326,36.94697,38.51423,36.296043,37.232952,42.063675,37.672848,34.294933,35.827248,32.62609,31.63215,35.522156,31.768028,28.392975,25.29671,24.226437,18.405062,19.945305,15.649576,15.4057455,15.306438,15.751345,18.243788,20.091343,23.683767,24.555092,23.826094,26.012705,25.378605,21.35334,22.224352,19.71444,22.98951,18.858627,21.763554,19.29023,20.623465,20.36932,22.264904,26.262531,26.338558,25.66745,24.419724,27.46343,23.543558,26.575472,22.540735,24.409597,27.49357,22.607754,20.602951,18.781374,18.94194,15.245787,18.146946,15.932096
32,41.453285,40.25381,40.601536,37.27103,34.356674,37.018234,31.0357,33.44126,29.137047,31.58363,29.17726,30.54599,33.453136,33.574184,35.05516,30.028587,32.762005,29.23701,32.042206,29.267815,31.262667,34.0138,32.12379,26.657084,26.721367,24.532812,22.37555,19.0651,16.125734,12.196972,8.778122,6.678972,0.0,6.6744943,6.843126,9.597951,12.0913925,12.113092,12.438537,11.138423,12.010534,8.136075,12.094675,9.510038,15.678595,17.658705,20.949621,24.19478,25.666883,30.924997,30.981636,34.887604,36.41809,35.38148,37.39809,38.716263,35.870995,36.289547,40.674694,35.876575,32.78734,34.12604,31.876871,30.460693,35.066483,31.292328,26.923603,24.839886,22.399933,17.51791,18.968342,14.368305,15.9565735,14.312966,16.529736,17.242947,20.36664,23.43318,24.901058,24.23845,27.2351,26.833546,24.004257,25.02346,22.383781,26.630987,22.23232,25.982306,24.123276,25.39129,25.901823,28.087713,32.11496,32.155193,31.28557,29.633162,32.22338,27.77348,30.369572,25.60577,26.659698,28.784914,23.461056,22.060047,18.413095,20.174545,15.9515505,18.970469,17.09736
33,41.399532,40.715893,40.680458,38.15752,34.77616,37.88541,31.271996,33.839832,29.800379,31.716764,29.848574,30.728832,34.317986,35.068733,36.010677,31.684677,34.329597,30.926636,33.91927,30.970572,33.496548,35.659775,34.64268,29.067436,29.496628,26.26246,25.366491,22.645367,18.043081,14.042993,12.597529,5.4533463,6.6744943,0.0,5.929434,6.162871,9.44077,10.025552,8.287421,8.897941,8.029103,9.083398,12.303075,12.623104,17.061522,20.834585,23.373808,27.575657,28.661613,34.047874,34.028275,37.62409,38.892292,38.532036,39.89753,40.9845,38.863674,39.36137,44.223606,39.832695,36.436596,38.582214,35.875614,35.029076,39.449097,35.92783,32.033592,29.617159,27.598732,22.335377,23.215548,18.44372,18.247707,16.790146,17.133146,18.168333,19.571201,23.10165,23.406847,21.993607,24.520586,25.004902,21.327156,23.113432,21.45895,25.197481,22.021181,25.688662,23.557934,25.356537,24.922752,26.317709,30.445473,30.024702,29.01431,27.475655,30.031075,25.904253,28.250738,24.296116,25.148317,27.700539,22.914228,21.613811,19.690489,21.385427,18.015617,21.623688,20.096178
34,44.125076,43.019947,42.5752,39.72509,36.30288,38.569904,32.285114,33.748814,29.352888,30.794405,28.21363,28.67998,31.992569,32.786343,34.69345,30.527464,33.75899,30.81223,34.244457,31.884375,34.66903,37.506325,36.339268,30.671238,31.740215,29.037159,27.952173,24.451227,21.264582,16.962276,14.906806,9.666784,6.843126,5.929434,0.0,4.0453815,5.257795,5.803895,7.1991396,6.9580946,10.35988,8.437412,13.6977625,12.93345,18.366953,21.770098,23.967607,28.05689,28.456442,33.997215,33.19915,37.145382,37.875645,36.8579,38.13422,38.763206,36.471966,36.4584,41.138,36.701397,33.41538,36.0261,34.02965,33.304646,38.36739,35.263,30.738163,29.433384,26.112986,21.871197,21.784697,16.800692,17.116392,14.214811,15.295679,14.554043,16.567627,19.604294,20.25746,18.916649,22.132034,22.834284,20.415024,22.374928,20.868198,25.465221,22.510668,27.17537,25.835634,27.940954,28.1997,29.60723,33.891,33.09016,31.666168,29.546288,31.418343,26.75731,28.470499,23.949186,23.833681,25.426414,20.44333,19.846558,16.822313,20.13071,16.909462,20.902674,20.227869
35,46.448483,45.60953,45.12032,42.59705,39.0397,41.558292,35.038086,36.627773,32.366642,33.56717,31.19757,31.38362,34.94556,36.00667,37.77079,33.893375,37.075256,34.151367,37.586784,35.101982,37.957603,40.51879,39.547825,33.8801,34.77201,31.758108,30.804182,27.63102,23.748438,19.559898,17.629765,11.343396,9.597951,6.162871,4.0453815,0.0,4.3605876,6.909368,7.3980885,8.990187,11.439195,11.818504,16.509165,16.453348,21.44738,25.217154,27.398027,31.660154,32.12014,37.665493,36.93119,40.778862,41.46648,40.629204,41.72195,42.24121,40.166946,40.11663,44.8765,40.539074,37.218098,40.00965,37.97508,37.31754,42.327446,39.186443,34.73657,33.251877,30.118862,25.71427,25.749907,20.764631,20.749882,17.961922,18.442814,17.619001,18.749619,21.8276,21.749996,19.7972,22.833025,24.36945,21.683737,24.172134,23.269352,27.569092,25.203842,29.703995,28.148726,30.347965,30.122871,31.217049,35.472122,34.55911,33.14678,31.17108,33.04745,28.619007,30.14892,26.113224,25.769863,27.407595,22.808817,22.40579,20.10217,23.42904,20.488886,24.563719,23.828827
36,46.955326,45.951424,44.995575,42.529926,38.824265,40.818363,34.44055,35.24251,30.920547,31.57403,28.970617,28.700987,32.244164,33.54653,35.706303,32.285194,35.76513,33.27398,37.027603,34.960724,38.1765,40.998608,40.28953,34.583168,36.16579,33.192123,32.678642,29.154482,25.834772,21.490185,19.980947,13.93537,12.0913925,9.44077,5.257795,4.3605876,0.0,3.6190672,6.164775,7.610166,12.03371,11.9901085,17.015665,17.218588,21.923353,25.942438,27.502228,31.966722,31.754257,37.34926,36.045544,39.935776,40.127556,39.15306,39.890053,40.01221,38.172318,37.849327,42.648636,38.550613,35.204758,38.618587,36.828674,36.54875,41.810425,39.141033,34.59324,33.726463,30.00283,26.186426,25.325119,20.390394,19.964083,16.582817,16.711954,14.893099,15.573723,18.335165,18.06276,15.989926,19.281021,21.150501,19.219913,21.951178,21.513626,26.09475,24.37117,29.41969,28.430922,30.987934,31.036415,31.885544,36.22566,34.878033,33.11562,30.750004,32.047077,27.417057,28.368336,24.282785,23.197237,24.258505,19.879751,20.02677,17.818115,21.973675,19.649893,23.967197,23.973543
