,0,1,2,3,4,5,6,7,8,9,10,11,12,13,14,15,16,17,18,19,20,21,22,23,24,25,26,27,28,29,30,31,32,33,34,35,36,37,38,39,40,41,42,43,44,45,46,47,48,49,50,51,52,53,54,55,56,57,58,59,60,61,62,63,64,65,66,67,68,69,70,71,72,73,74,75,76,77,78,79,80,81,82,83,84,85,86,87,88,89,90,91,92,93,94,95,96,97,98,99,100,101,102,103,104,105,106,107,108,109
0,0.0,4.1690464,6.6969256,9.394016,12.007838,14.663986,17.262774,21.931116,24.725817,27.741755,31.268923,33.628555,36.56244,39.237423,35.435425,30.933725,29.689846,27.138605,24.996088,23.691519,20.211626,22.703175,18.44211,19.233608,22.31247,25.81339,26.402063,28.445032,28.922503,33.94927,36.448433,37.45093,37.88261,41.587418,39.140873,42.881992,40.833652,37.443153,37.99936,34.65541,37.718067,32.65842,32.880753,32.339413,31.579704,32.732338,29.144552,32.833813,29.051813,33.288635,29.310175,32.34654,29.856384,30.830061,27.125414,26.206154,26.747766,25.63189,30.653795,28.941067,25.483997,31.353493,28.985914,30.5714,30.876247,33.876453,29.963268,33.033386,27.33953,30.36416,25.10569,27.256575,27.398924,26.871622,29.261852,27.459032,30.494785,28.945559,32.1952,35.453213,34.482304,29.302563,30.908339,26.867432,26.842077,21.653753,24.048355,19.465582,21.771517,21.858063,24.252003,25.887291,28.534575,31.030556,29.810919,34.381878,33.081642,38.25422,35.143646,41.79888,38.872066,43.492382,46.30835,45.629597,42.71234,41.893444,36.56669,37.858196,33.465183,34.710342
1,4.1690464,0.0,4.827999,6.712009,8.617485,12.515776,13.850818,19.250738,21.604355,24.818521,28.213545,30.558764,33.294846,35.772995,31.722961,27.232769,25.834372,23.164928,20.931671,19.549425,16.047346,18.678051,14.51335,15.341441,18.875393,22.146421,23.302872,25.446291,25.963402,30.96159,33.826057,34.769604,35.88962,39.290306,37.308403,40.993546,39.13085,35.706703,35.814926,32.447975,34.976498,30.230125,29.87872,29.68326,28.284727,29.54325,25.699183,29.497183,25.638403,29.828812,25.99779,28.845789,26.447357,27.913677,24.170443,23.60512,24.42431,23.806295,29.149406,27.595507,24.014708,29.698446,26.76402,28.66866,28.977001,31.252478,27.811834,30.361847,25.202168,27.855038,22.591112,24.931675,24.613884,24.653296,26.688177,25.556,28.39113,27.255758,30.381916,33.47466,32.474762,27.229208,28.197159,24.153545,23.722795,18.780762,20.532604,15.834603,17.86694,18.073547,20.302124,21.809692,24.433552,26.921072,25.826027,30.445513,29.331728,34.51065,31.707954,38.341293,35.595684,40.245525,43.091095,42.172207,39.200382,38.221638,32.867184,33.952152,29.521118,30.623617
2,6.6969256,4.827999,0.0,5.639683,6.3435645,9.167957,11.085179,15.421632,18.435429,21.149584,24.841768,27.026432,30.057955,32.89078,29.287315,24.987017,23.808094,21.746758,19.810083,19.275728,16.433796,19.996098,16.523691,16.66113,21.173542,23.548777,24.957306,26.60105,26.115358,30.96851,33.78693,33.69419,34.969223,37.80027,35.519024,38.99838,36.74385,33.23105,33.278248,30.112078,32.953896,28.785751,28.67947,29.116936,27.757746,29.974258,26.297634,30.754036,27.323515,31.829378,28.52627,31.261522,29.233097,31.318586,27.64803,27.42753,28.452234,28.166437,33.634804,32.057526,28.405193,33.78927,30.419516,32.236263,32.126205,33.944504,30.437252,32.264706,27.228134,28.91275,23.536541,24.980862,23.913666,23.514746,24.940407,23.428352,25.587294,24.135511,26.936255,30.024246,28.672657,23.609299,24.847527,20.93954,21.27234,16.103167,19.004967,15.577003,18.069443,19.335304,21.55652,22.910519,24.814392,26.848253,25.70772,29.605326,28.035288,33.16439,29.66108,36.46491,33.031113,37.955185,40.926167,40.38822,37.321754,37.09027,31.37823,32.929302,28.653416,30.057858
3,9.394016,6.712009,5.639683,0.0,4.3596163,6.488855,9.362807,14.140395,16.158596,19.893467,22.822744,25.724977,28.369251,30.811428,27.35956,22.401348,21.927862,19.134739,18.051607,16.675076,14.614394,18.449804,14.446504,12.960741,17.197119,19.2164,19.931122,21.278982,20.656471,25.555801,28.242754,28.505238,29.667707,32.786636,30.737743,34.36008,32.473515,29.039501,29.1065,25.74084,28.433075,23.732643,23.689522,23.69464,22.691408,24.676653,21.27654,25.782797,22.70015,27.578585,24.62655,27.77322,26.411777,28.4803,25.412895,25.955624,26.220505,26.35618,32.002945,29.784603,25.989874,30.60348,26.791386,28.239222,27.62094,29.29354,25.53282,27.059093,21.97087,23.35509,17.966793,19.363922,18.554262,18.26265,20.110035,18.893057,21.716236,20.717402,23.945032,27.024605,26.321278,20.963758,22.10021,17.967352,17.551296,12.454409,14.868988,10.916881,13.993446,15.21806,18.052774,20.420708,21.59015,23.627123,21.8654,25.888613,24.136925,29.265259,25.873213,32.498558,29.663126,34.14407,36.927128,36.320267,33.4517,32.850113,27.516386,29.221949,24.995173,26.863993
4,12.007838,8.617485,6.3435645,4.3596163,0.0,5.9505963,5.388777,11.059333,13.000534,16.456211,19.638418,22.165678,24.818083,27.306908,23.599617,18.968027,18.07362,15.680324,14.300393,13.646293,11.78746,16.14284,13.137821,11.971119,17.229572,18.533821,20.431482,21.777113,20.84533,25.50796,28.682526,28.28437,30.4582,32.791145,31.158928,34.520267,32.585663,29.087519,28.51203,25.32757,27.430054,23.722412,22.922438,23.905758,21.84848,24.495794,20.757023,25.584162,22.509315,27.161573,24.536694,27.127645,25.772837,28.581884,25.341686,26.027418,26.974976,27.508606,33.231247,31.526045,27.790733,32.354572,28.157598,30.042717,29.563822,30.291265,27.28931,28.040102,23.847475,24.497837,19.288492,20.520649,18.616362,18.932274,19.717752,19.24238,21.096449,20.399328,23.049479,25.848845,24.68312,19.504,19.787777,15.822042,15.42881,10.636217,12.745683,9.7597475,12.311582,14.375382,16.577095,18.194319,19.209381,20.975023,19.647894,23.315489,21.693115,26.82692,23.505846,30.276926,27.128786,31.979656,34.94307,34.190353,31.110989,30.769262,25.053854,26.61128,22.368855,23.98065
5,14.663986,12.515776,9.167957,6.488855,5.9505963,0.0,7.079348,8.68733,11.321026,14.688782,17.600475,20.65396,23.559477,26.37233,23.870022,19.036219,19.4107,17.468311,17.435282,17.153833,16.600513,21.263037,18.334177,15.8761835,20.765467,21.299803,22.132376,22.541508,20.288918,24.664658,27.127785,25.7359,27.14517,29.304724,26.898256,30.176981,27.796787,24.252483,24.170902,21.10022,24.251854,20.4931,20.917154,21.906675,21.153137,24.568775,21.751797,27.003847,24.833296,29.975513,27.96207,30.908852,30.223032,32.958214,30.186378,31.216057,31.585049,32.138863,37.860672,35.561066,31.748154,35.79336,31.497606,32.73287,31.523745,32.468117,28.7608,29.110577,24.524775,24.269224,19.14834,18.896866,16.842474,15.795581,16.485708,14.730928,16.435347,15.09224,17.92622,21.007393,20.016409,14.746305,16.38907,12.368002,13.173319,7.733462,12.457592,11.44883,14.977475,17.603504,20.27703,22.532503,22.357813,23.574305,21.597853,24.265202,21.707666,26.576332,22.067198,28.790628,25.072422,29.771458,32.658886,32.6729,29.773762,30.280888,24.645393,27.173754,23.392609,25.882233
6,17.262774,13.850818,11.085179,9.362807,5.388777,7.079348,0.0,6.85056,8.040059,11.398798,14.528075,16.899244,19.470016,21.98136,18.363258,13.919089,13.140564,11.406813,10.642829,11.208717,10.9868965,15.8994465,14.4292145,12.68112,18.460266,18.328005,21.01275,21.86484,20.074896,24.164892,27.629778,26.164284,29.375689,30.662945,29.488451,32.45553,30.50517,27.026518,25.713648,22.839497,24.271013,21.884094,20.422216,22.594908,19.682018,23.355236,19.72323,24.981304,22.483385,26.993782,25.226084,27.296972,26.482653,30.080446,27.105978,28.300245,29.55452,30.64526,36.379642,34.87657,31.211115,35.23034,30.522102,32.52208,31.8097,31.449072,29.088457,28.669516,25.509005,24.881126,20.126709,20.629911,17.439133,18.210861,17.602903,17.988688,18.57231,18.380018,20.260597,22.605854,21.09425,16.27245,15.44808,11.836352,11.502241,7.6492763,9.522573,9.254507,11.247213,14.546442,16.101067,17.184656,17.067728,18.085457,16.961308,19.586752,17.753077,22.722338,19.16757,26.005192,22.442211,27.597834,30.70944,29.976124,26.739637,26.953268,20.886143,22.62637,18.624372,20.353712
7,21.931116,19.250738,15.421632,14.140395,11.059333,8.68733,6.85056,0.0,4.579347,6.115602,9.7389,12.1608305,15.3856,18.650812,16.740122,12.969648,13.602394,13.603388,14.350604,16.056547,17.111221,22.020481,21.087479,18.765388,24.321674,23.304714,25.508152,25.482794,22.302202,25.641096,28.556501,25.348406,28.50416,28.696716,27.033072,29.46025,26.90085,23.434875,21.983557,19.721252,21.714128,20.72182,20.036304,23.091932,20.891407,25.761488,23.051355,28.669512,27.124903,31.786657,30.761229,32.79111,32.525734,36.32395,33.63113,35.03916,36.158924,37.332184,43.080513,41.347294,37.63903,41.327618,36.459625,38.100147,36.866985,36.311855,33.708675,32.595116,29.570837,27.794418,23.429077,22.41563,18.49394,18.249666,16.379469,16.080568,14.843198,14.238822,15.045356,17.162926,14.9595785,10.694797,10.287282,7.36886,9.613167,6.8230996,11.20973,13.991468,16.254942,20.070658,21.604166,22.689356,21.373636,21.455803,20.136578,20.901922,18.114872,22.376091,17.348104,24.04451,19.150095,24.584959,27.796217,27.990562,24.794733,26.57079,20.38148,23.172897,20.046593,22.445707
8,24.725817,21.604355,18.435429,16.158596,13.000534,11.321026,8.040059,4.579347,0.0,4.9148154,6.70353,9.94766,12.368686,15.054094,13.029605,8.696547,10.226952,10.186774,12.135912,13.826963,16.079765,20.809479,20.455542,17.549253,22.817234,20.907537,23.349024,23.017715,19.574203,22.392962,25.565495,22.12179,26.21526,25.88488,25.057587,27.309433,25.246841,21.937647,19.739864,17.545874,18.378136,18.16507,16.555914,20.269156,17.307133,22.516293,19.994612,25.596651,24.53285,28.987701,28.600626,30.374517,30.6433,34.73364,32.469864,34.361565,35.368496,36.961304,42.65103,40.90579,37.28954,40.37069,35.192684,36.82649,35.44035,34.118687,32.056347,30.174067,28.040243,25.53698,21.727657,20.564953,16.009096,16.62449,13.907684,15.099485,13.440509,14.044754,14.536547,16.046427,14.313574,10.354357,7.7852645,5.1877604,5.9707327,5.8744183,8.086028,12.548341,14.174718,18.261885,19.462551,20.592644,18.357758,17.952927,16.526918,16.594364,13.6689005,17.81042,12.9044485,19.645569,15.061398,20.502644,23.738737,23.615871,20.363272,22.041342,15.819149,18.688614,15.785799,18.441
9,27.741755,24.818521,21.149584,19.893467,16.456211,14.688782,11.398798,6.115602,4.9148154,0.0,4.573881,6.049672,9.433588,13.00914,11.984613,9.7443075,10.958202,12.777951,14.413859,17.149553,19.356798,23.924702,24.201092,21.879633,27.307703,25.309246,28.093786,27.73257,24.143349,26.544357,29.60557,25.388409,29.655197,28.498652,27.606121,29.332954,26.930014,23.771906,21.306795,19.816654,20.523575,21.645638,20.142746,24.34816,21.334578,26.821724,24.438293,29.952873,28.994781,33.16919,32.923794,34.340538,34.505646,38.84045,36.408012,38.140495,39.541195,41.125534,46.795696,45.32407,41.732204,44.99389,39.819363,41.598766,40.296856,38.78746,36.921726,34.86922,32.93553,30.250067,26.590466,25.189272,20.48415,20.836422,17.607533,18.49037,15.631064,15.923529,15.184561,16.085014,13.322338,10.908648,7.9108334,7.576265,9.841687,10.430845,12.7536,17.308632,18.595766,22.706001,23.491198,23.912033,21.695383,20.863846,20.035355,19.123508,16.355055,19.652662,14.619747,20.727318,15.160353,20.922674,24.260843,24.533707,21.238876,23.958073,17.763151,20.631485,18.383915,20.634758
10,31.268923,28.213545,24.841768,22.822744,19.638418,17.600475,14.528075,9.7389,6.70353,4.573881,0.0,4.3789563,6.357649,9.478239,9.926046,8.035385,10.874725,12.873361,15.686402,18.159037,21.249416,25.568558,26.111792,23.199987,28.137718,25.380383,27.94828,27.083965,23.022257,24.612057,27.508026,22.619959,27.46993,25.48844,25.203259,26.505644,24.429289,21.564823,18.435072,17.40514,17.144213,19.57753,17.725298,22.506407,19.412214,25.240494,23.492418,28.854311,28.628077,32.628784,33.08601,34.370472,35.14063,39.593533,37.644775,39.804306,40.93813,42.820038,48.42061,46.78152,43.25835,45.90048,40.5159,42.095505,40.496723,38.44239,36.869335,34.09704,32.8693,29.380253,26.398264,24.483597,19.423916,20.048273,16.008245,17.779411,14.148687,15.366706,13.960345,13.985592,11.699081,10.371032,5.463779,7.195869,8.776231,11.632387,12.722851,18.352531,19.320799,23.452312,24.09694,24.733507,21.592056,20.18668,19.147043,17.009014,13.902825,16.342737,10.975484,16.557863,10.699479,16.465494,19.80569,20.251575,17.037577,20.379381,14.519497,17.854774,16.44287,19.1122
11,33.628555,30.558764,27.026432,25.724977,22.165678,20.65396,16.899244,12.1608305,9.94766,6.049672,4.3789563,0.0,3.8908992,7.961208,8.975845,9.639723,11.339167,14.588375,16.819729,20.03651,22.997076,27.060272,28.237556,25.948906,31.065033,28.327919,31.445444,30.794447,26.986362,28.451506,31.503542,26.52886,31.631308,29.257841,29.145653,30.138695,28.008093,25.308289,22.033636,21.392467,20.777353,23.815784,21.701487,26.65793,23.134832,28.878265,26.92195,32.12057,31.738386,35.372303,35.839535,36.704266,37.276997,41.976868,39.838676,41.83825,43.41668,45.32971,50.87878,49.611477,46.147,48.990166,43.611774,45.461544,44.095257,41.795025,40.57539,37.75075,36.772354,33.37992,30.410973,28.729168,23.632462,24.416588,20.349464,22.085402,18.238174,19.225714,17.350267,16.996702,14.139075,13.861048,9.413731,11.385785,13.000508,15.4843025,16.34777,21.69561,22.249413,26.358727,26.542349,26.43884,23.518536,21.883606,21.543276,19.007433,16.52832,18.358057,13.879303,18.572231,12.644506,18.30109,21.600792,21.969437,18.751055,22.46147,16.775618,19.507828,18.472488,20.406437
12,36.56244,33.294846,30.057955,28.369251,24.818083,23.559477,19.470016,15.3856,12.368686,9.433588,6.357649,3.8908992,0.0,4.121269,6.919022,9.153794,11.331921,14.816635,17.565887,20.678617,24.180727,27.858725,29.472467,27.03237,31.758192,28.503607,31.733744,30.89042,27.069296,27.910078,31.00241,25.862553,31.576214,28.633509,29.25631,29.92339,28.244652,25.852276,22.074755,21.755661,20.032246,23.992687,21.289608,26.5733,22.639471,28.350283,26.699383,31.573084,31.61567,34.85904,35.849083,36.39514,37.344276,42.198643,40.39194,42.666203,44.2047,46.377438,51.80642,50.594284,47.244625,49.65426,44.145927,45.988445,44.560364,41.69913,40.96107,37.608044,37.357258,33.53133,31.10286,29.36768,24.119211,25.381117,20.961168,23.478476,19.488659,21.097963,19.029945,18.115297,15.794159,16.059458,10.921156,13.424478,14.113682,17.621437,17.314877,23.00718,23.065832,27.067162,26.910786,26.667488,23.206898,21.101473,20.944832,17.454956,15.264278,16.085941,12.3928995,15.998872,10.443018,15.784261,18.998186,19.108826,15.951116,19.958633,14.777395,17.297773,17.085867,18.874714
13,39.237423,35.772995,32.89078,30.811428,27.306908,26.37233,21.98136,18.650812,15.054094,13.00914,9.478239,7.961208,4.121269,0.0,6.015414,9.494938,11.896978,15.246264,18.3924,21.232,25.193089,28.400928,30.413622,27.853512,32.084217,28.345926,31.667133,30.668081,26.968212,27.168322,30.32044,25.238394,31.550034,28.174555,29.615078,30.027956,28.909063,26.830748,22.65112,22.542402,19.664957,24.318556,20.963852,26.430256,22.050716,27.546465,26.202606,30.626904,31.094395,33.86404,35.391197,35.592236,36.93437,41.896946,40.46511,43.01738,44.48663,46.91971,52.18488,51.036156,47.83258,49.766266,44.162186,45.995003,44.533386,41.093464,40.897785,37.03524,37.570786,33.38141,31.539314,29.85839,24.5722,26.3756,21.775015,25.064314,21.19034,23.357588,21.325733,20.052948,18.36292,18.800884,13.322363,15.905773,15.623691,19.863989,18.383339,24.181725,23.713123,27.49805,26.98501,26.619738,22.661833,20.117884,20.163334,15.761755,14.073752,13.682389,11.367441,13.492654,9.054753,13.625892,16.641365,16.204105,13.143561,17.20834,12.788348,14.850243,15.599729,17.141329
14,35.435425,31.722961,29.287315,27.35956,23.599617,23.870022,18.363258,16.740122,13.029605,11.984613,9.926046,8.975845,6.919022,6.015414,0.0,5.7080607,6.3678737,10.162539,12.8313675,15.922632,19.806362,22.70636,25.14209,23.135788,27.45978,23.975649,28.036703,27.653013,24.801224,25.687784,29.520287,25.684631,32.12314,29.808989,31.271244,32.384773,31.397058,28.935787,25.046469,24.078966,21.37142,24.523298,20.493729,25.60976,20.283146,25.262579,23.004566,27.363485,27.100103,29.644129,30.763298,30.714314,31.665173,36.7468,35.07942,37.48629,39.272987,41.715202,46.90903,46.102623,42.98256,45.17337,39.648426,41.853992,40.829514,37.353165,37.488487,34.008327,34.55322,31.066566,28.876717,28.14069,23.002024,25.46565,21.488194,25.035936,22.221178,24.273035,23.204153,22.773998,21.064892,19.946718,14.520825,15.594993,14.349767,17.891848,15.378946,20.393127,19.311565,22.9447,21.995893,21.070892,17.529057,15.142425,15.832992,12.3897,11.641403,12.705012,11.600273,15.309308,12.071899,16.947071,20.03695,18.482395,15.062712,17.085857,11.696316,12.523048,11.986803,12.679103
15,30.933725,27.232769,24.987017,22.401348,18.968027,19.036219,13.919089,12.969648,8.696547,9.7443075,8.035385,9.639723,9.153794,9.494938,5.7080607,0.0,4.518668,6.071925,9.836012,12.046833,16.09663,19.600079,21.097893,18.364763,22.773375,19.409922,23.01347,22.573862,19.577278,21.036385,24.91949,21.545774,27.588291,26.128336,27.226553,28.892786,27.898771,25.171553,21.684166,20.063183,17.953173,19.784615,15.872343,20.659494,15.508248,20.628393,18.197023,23.053646,22.643213,25.901485,26.704498,27.344604,28.32728,33.10584,31.459776,33.952766,35.2597,37.573277,42.930813,41.68202,38.418797,40.621243,35.090656,37.0588,35.842484,32.855816,32.414204,29.234032,29.20799,25.871445,23.363922,22.651163,17.572575,20.063736,16.444405,20.020557,17.96967,20.055334,19.799173,20.00269,18.7803,16.442114,11.386701,11.292693,9.13123,12.65241,9.680142,14.943825,14.277378,18.130312,17.828512,17.92265,14.239433,12.411036,11.976652,9.744826,7.855698,11.002641,8.556081,14.277872,11.140107,16.3087,19.507154,18.051516,14.53498,15.692475,9.362543,11.164712,9.0681305,11.16614
16,29.689846,25.834372,23.808094,21.927862,18.07362,19.4107,13.140564,13.602394,10.226952,10.958202,10.874725,11.339167,11.331921,11.896978,6.3678737,4.518668,0.0,4.538573,6.5271177,9.8847475,13.492857,16.668072,18.908722,17.260063,21.97083,19.131771,23.599598,23.86544,21.778759,23.741661,27.96985,25.380516,31.30659,30.309462,31.31575,33.18714,32.123535,29.2632,25.987078,24.164433,22.31385,23.500156,19.487473,23.830828,18.277044,22.688036,19.464283,24.044622,22.815552,25.661995,25.947128,26.162252,26.528788,31.503418,29.430265,31.597843,33.494728,35.757607,41.043568,40.31157,37.136074,39.787273,34.401432,36.830513,36.135998,33.15642,33.073135,30.3584,30.286781,27.732912,24.883766,25.012281,20.271605,22.97028,19.948322,23.222496,21.647018,23.326693,23.33342,23.845371,22.229488,19.569721,14.943373,14.235747,12.316307,14.403317,11.362578,15.152723,13.853335,17.467117,16.545973,15.54771,12.822892,11.330352,12.083503,11.179653,10.754981,14.054523,12.893105,18.248579,15.479227,20.549511,23.68649,21.84487,18.348436,18.778236,12.72636,13.1033535,10.369094,10.823982
17,27.138605,23.164928,21.746758,19.134739,15.680324,17.468311,11.406813,13.603388,10.186774,12.777951,12.873361,14.588375,14.816635,15.246264,10.162539,6.071925,4.538573,0.0,4.437759,6.009493,10.224411,13.5473585,15.219171,12.987541,17.524548,14.661763,19.115446,19.564856,17.93062,20.318785,24.728037,23.104479,28.773945,28.581686,29.62238,31.906027,31.116972,28.200512,25.25868,22.952963,21.24781,21.201517,17.040405,20.732132,15.037358,18.906813,15.295909,19.943657,18.439362,21.58271,21.668247,22.250639,22.707802,27.504374,25.575872,27.94258,29.457209,31.756992,37.083473,36.096867,32.897457,35.389725,29.96983,32.320423,31.603907,28.753714,28.572758,26.042957,25.877321,23.618515,20.695621,21.318092,16.92811,20.049322,17.710127,21.195843,20.65222,22.435661,23.220459,24.142767,23.10405,19.644955,15.5926,13.929498,10.947389,12.535294,8.144966,11.095852,9.39685,12.983438,12.253809,12.021398,9.088816,8.255207,8.289738,9.28943,9.001288,13.396564,12.612902,18.34859,16.52873,21.149845,24.117088,22.014956,18.673014,17.916698,12.0166235,12.2221155,8.311502,9.2511015
18,24.996088,20.931671,19.810083,18.051607,14.300393,17.435282,10.642829,14.350604,12.135912,14.413859,15.686402,16.819729,17.565887,18.3924,12.8313675,9.836012,6.5271177,4.437759,0.0,4.3340735,7.069192,10.326451,12.590591,11.899152,16.851742,15.078056,20.103537,21.314476,20.568243,23.510323,28.008497,27.002424,32.283062,32.580402,33.314484,35.807983,34.838432,31.769947,29.122229,26.64629,25.432402,24.774057,20.895803,24.056969,18.5241,21.663248,17.457565,21.74297,19.290161,22.125269,21.34774,21.694042,21.240717,26.057919,23.5028,25.359915,27.48957,29.588299,34.89118,34.388783,31.23788,34.377937,29.230373,32.012245,31.850584,29.352377,29.2727,27.512249,26.95323,25.690374,22.316738,23.694574,19.834436,22.79629,21.093163,23.999805,23.857908,25.158314,26.18876,27.43439,26.054901,22.30352,18.76549,16.66564,14.24592,14.367082,10.851779,11.691482,9.700421,12.699707,11.52239,10.079608,9.258799,9.522407,10.54359,12.904671,13.280157,17.576761,17.025568,22.73691,20.756794,25.526413,28.519032,26.351124,23.007484,22.019344,16.330765,15.947449,11.945732,11.63759
19,23.691519,19.549425,19.275728,16.675076,13.646293,17.153833,11.208717,16.056547,13.826963,17.149553,18.159037,20.03651,20.678617,21.232,15.922632,12.046833,9.8847475,6.009493,4.3340735,0.0,4.720899,7.8093076,9.337684,7.9501376,12.562457,10.852991,16.002884,17.541231,17.560884,20.79435,25.370302,25.413027,30.39174,31.384579,32.25367,35.03433,34.40237,31.388195,29.022038,26.235891,25.029217,23.383999,19.448465,21.804256,16.327091,18.533342,13.982897,18.016233,15.166856,18.180088,17.143854,17.851841,17.512482,22.15736,19.826303,22.0029,23.671045,25.889545,31.217178,30.44709,27.296757,30.173496,24.956917,27.694128,27.552242,25.098305,25.055906,23.493765,22.98103,22.12564,18.824434,20.854776,17.59982,20.955801,19.999102,23.08169,23.85536,25.293455,26.907766,28.374008,27.541712,23.354122,20.247837,17.673262,14.531368,14.3247385,9.859636,8.919717,5.991706,8.461826,7.2453446,6.8001056,6.251982,7.8053246,8.114266,12.32282,12.973048,17.576464,17.544348,23.12365,22.032791,26.269093,29.03467,26.639467,23.529774,21.575636,16.438395,15.819221,11.393748,11.305279
20,20.211626,16.047346,16.433796,14.614394,11.78746,16.600513,10.9868965,17.111221,16.079765,19.356798,21.249416,22.997076,24.180727,25.193089,19.806362,16.09663,13.492857,10.224411,7.069192,4.720899,0.0,4.947293,5.622875,6.7468114,11.714752,12.031187,16.930712,19.191406,19.991758,23.83034,28.235792,28.858946,33.12861,34.773827,35.142654,38.196507,37.343937,34.17675,32.26892,29.267618,28.781164,26.328808,22.985634,24.65755,19.843409,21.390404,16.59663,20.225882,16.47655,19.405176,17.12017,18.042942,16.511183,20.699219,17.538889,18.96694,21.08282,22.857576,28.273558,27.80334,24.609049,28.369562,23.601534,26.647854,27.049116,25.471832,25.104916,24.709206,23.326998,23.72622,19.871569,22.5677,20.08045,22.974539,22.807072,25.095074,26.41725,27.313967,29.30291,31.170504,30.160192,25.602566,23.233917,20.182127,17.589693,15.977933,12.80557,9.781378,7.605373,8.673996,7.831246,6.9271455,9.483917,11.844464,12.2707405,16.97954,17.561346,22.263855,21.894815,27.709846,26.311655,30.72571,33.534477,31.275164,28.164476,26.193638,21.08866,20.500221,16.068329,15.707081
21,22.703175,18.678051,19.996098,18.449804,16.14284,21.263037,15.8994465,22.020481,20.809479,23.924702,25.568558,27.060272,27.858725,28.400928,22.70636,19.600079,16.668072,13.5473585,10.326451,7.8093076,4.947293,0.0,5.2539043,8.6261215,11.32203,12.165116,17.532207,20.332754,22.256947,25.786093,30.323704,31.763983,36.199615,37.998196,38.823708,41.882565,41.371376,38.327557,36.31775,33.3193,32.327244,29.860477,26.113123,27.458694,22.321054,22.80128,17.91292,20.290522,16.09264,17.70217,15.055939,15.05118,12.772204,17.170546,13.832202,15.209399,17.99099,20.060568,25.079685,25.33056,22.552946,26.160135,21.650204,25.213446,26.292278,24.26056,24.94043,24.743767,24.19061,25.182743,21.92125,25.31668,23.311338,26.642727,26.68819,29.331686,30.866383,31.961811,33.988564,35.750847,34.855103,30.377636,27.7595,24.868681,21.958033,20.725904,16.944103,13.572394,10.618425,9.921851,7.6196127,4.6132503,9.524792,12.304184,13.590921,18.652466,20.181166,24.401121,25.190159,30.388685,29.75851,33.797245,36.42509,33.67473,30.72192,27.979794,23.5645,22.052986,17.872862,16.48446
22,18.44211,14.51335,16.523691,14.446504,13.137821,18.334177,14.4292145,21.087479,20.455542,24.201092,26.111792,28.237556,29.472467,30.413622,25.14209,21.097893,18.908722,15.219171,12.590591,9.337684,5.622875,5.2539043,0.0,5.354635,8.272303,10.883666,14.981145,18.022694,20.187328,24.359411,28.51508,30.454374,33.938496,36.52071,36.786034,40.159866,39.5439,36.435352,35.019485,31.74991,31.570948,28.0048,25.046751,25.534357,21.435373,21.545296,16.72843,19.341684,14.801274,17.507753,13.977482,15.4887,13.127525,16.36502,12.841714,14.005071,15.784487,17.33256,22.846916,22.276304,19.067196,23.19879,18.79939,22.035055,22.958027,22.167124,21.674767,22.462486,20.609232,22.442217,18.605072,22.325327,21.121998,23.954834,24.884483,26.84454,29.161491,29.915565,32.486073,34.641697,34.02024,29.110193,27.384985,23.968534,21.199356,18.987787,15.984172,11.02611,9.15183,7.608492,7.3927746,7.831556,11.813806,14.918677,14.876613,20.462132,21.20609,25.87882,25.822287,31.424265,30.618908,34.613926,37.208733,34.84149,31.978388,29.296545,24.829956,24.070799,19.652954,19.311892
23,19.233608,15.341441,16.66113,12.960741,11.971119,15.8761835,12.68112,18.765388,17.549253,21.879633,23.199987,25.948906,27.03237,27.853512,23.135788,18.364763,17.260063,12.987541,11.899152,7.9501376,6.7468114,8.6261215,5.354635,0.0,5.920465,7.1934195,10.737008,13.281089,14.911496,19.220667,23.29945,25.183123,28.592607,31.229708,31.55201,34.944557,34.491444,31.47662,30.111433,26.791262,26.605722,22.755472,19.899063,20.18895,16.35859,16.654682,11.953583,15.377114,11.376665,15.405755,12.741172,15.202896,14.408283,17.63751,15.291326,17.425747,17.859459,19.676558,25.272175,23.666374,20.23666,23.367899,18.336557,20.809301,20.728825,19.733727,18.58192,18.63196,16.6332,17.607187,13.652289,17.096209,15.801335,18.803543,19.821768,22.044226,24.590494,25.626488,28.33213,30.431122,30.255577,25.32308,23.698013,20.25605,17.066957,15.214496,11.674501,6.3058696,4.538742,2.9898148,5.214156,8.577752,10.045186,12.912327,11.575119,17.188143,17.33355,22.133163,21.723867,27.295618,26.731808,30.400763,32.86946,30.701206,27.990644,25.317305,20.997091,20.817953,16.409214,17.10727
24,22.31247,18.875393,21.173542,17.197119,17.229572,20.765467,18.460266,24.321674,22.817234,27.307703,28.137718,31.065033,31.758192,32.084217,27.45978,22.773375,21.97083,17.524548,16.851742,12.562457,11.714752,11.32203,8.272303,5.920465,0.0,5.149355,7.303394,10.8577585,14.605443,18.471039,22.299934,25.83752,28.838585,32.11466,32.94356,36.422604,36.592056,33.886917,32.703793,29.34614,28.741043,24.331991,21.41467,20.528337,17.164478,15.29278,10.993608,12.241983,7.484315,10.983979,7.4344926,10.874181,10.529697,12.764817,11.529761,14.473513,13.584809,15.864988,21.127123,19.09315,15.909271,17.967165,12.662011,15.198799,15.388665,14.152747,13.688667,14.279125,13.0945215,15.246146,12.470408,17.06282,17.17501,20.557856,22.295122,24.827375,28.018826,29.343092,32.29957,34.31464,34.66586,29.78584,28.218191,24.910275,21.295134,19.958437,15.915226,10.738852,8.836745,4.7124257,6.133251,10.186931,11.762704,14.806162,13.32693,19.21927,19.959717,24.147884,24.797611,29.484482,30.08941,32.934155,34.99104,32.45663,30.182045,26.471863,23.3814,22.627798,18.66623,19.088724
25,25.81339,22.146421,23.548777,19.2164,18.533821,21.299803,18.328005,23.304714,20.907537,25.309246,25.380383,28.327919,28.503607,28.345926,23.975649,19.409922,19.131771,14.661763,15.078056,10.852991,12.031187,12.165116,10.883666,7.1934195,5.149355,0.0,5.989673,8.477043,11.579049,14.718948,19.047281,22.15208,26.14965,28.673779,30.190971,33.365852,33.828312,31.298634,29.583681,26.457298,24.960415,21.389465,17.632595,17.4086,12.980712,11.321853,6.669072,8.501294,4.500185,8.753046,7.829486,10.414817,11.875095,15.20123,14.852378,18.34546,17.70057,20.424665,25.35794,23.412672,20.49541,21.46726,15.8273,17.909254,17.31807,14.310071,14.720981,12.988824,13.633867,13.534123,11.676887,15.44543,14.564009,18.721434,19.58573,23.088867,25.69673,27.596542,30.144024,31.729647,32.24908,27.777527,25.522276,22.71139,18.60984,18.576647,13.397967,9.984988,7.1656,4.2817626,4.651158,9.226098,8.333104,10.822533,8.802887,14.4954815,15.478454,19.306019,20.603235,24.770657,25.95475,28.42235,30.351347,27.582388,25.413157,21.424622,18.709433,17.755995,14.054766,14.715998
26,26.402063,23.302872,24.957306,19.931122,20.431482,22.132376,21.01275,25.508152,23.349024,28.093786,27.94828,31.445444,31.733744,31.667133,28.036703,23.01347,23.599598,19.115446,20.103537,16.002884,16.930712,17.532207,14.981145,10.737008,7.303394,5.989673,0.0,3.7548814,8.732344,12.047272,15.41919,19.997463,22.60351,26.212284,27.509989,30.931608,31.731384,29.455872,28.434746,25.178522,24.241823,19.370018,16.720972,14.640088,12.462485,8.98625,6.2606544,6.834545,4.5648365,9.792124,9.153177,13.147117,15.143225,16.712574,17.264633,20.705687,18.572239,20.900187,25.57003,22.463629,19.536718,19.494867,14.008668,14.66998,12.873873,10.861118,9.496147,7.964065,7.767253,8.168489,7.0506973,11.574008,12.684533,16.374277,18.478012,21.50306,25.07046,26.911287,29.936327,31.677155,32.849598,28.303885,26.92659,23.997314,20.018236,19.72421,15.423031,11.807579,10.865007,8.260216,10.377825,15.118377,14.039555,16.055819,13.226204,18.03674,18.169043,21.674555,22.389017,26.14821,27.706097,29.486132,31.045229,28.70105,27.005787,22.95942,21.073465,20.908142,17.740517,19.331406
27,28.445032,25.446291,26.60105,21.278982,21.777113,22.541508,21.86484,25.482794,23.017715,27.73257,27.083965,30.794447,30.89042,30.668081,27.653013,22.573862,23.86544,19.564856,21.314476,17.541231,19.191406,20.332754,18.022694,13.281089,10.8577585,8.477043,3.7548814,0.0,5.622838,8.47188,11.664724,16.51105,19.086332,22.671635,24.227236,27.55868,28.634645,26.580292,25.567501,22.42958,21.292624,16.354074,13.858206,11.247855,9.865588,5.805077,5.013479,6.045896,6.702583,11.58489,12.271917,15.890462,18.448256,20.106129,20.930895,24.441883,22.221159,24.52189,29.068417,25.730146,22.871777,22.334967,17.01845,16.997496,14.412999,12.184231,10.411746,7.165834,7.6440344,5.1044903,5.5402207,8.938846,10.252131,14.063411,16.093342,19.42688,22.965239,25.092077,28.021982,29.555944,31.104725,26.846466,25.534716,22.913214,18.882208,19.234272,15.008939,12.68037,12.263461,10.750751,12.904653,17.599045,15.479585,16.853338,13.526848,17.346666,16.980242,20.057806,20.593649,23.86556,25.77084,27.029636,28.355131,26.222845,24.810661,20.850018,19.500555,19.829014,17.174717,19.420834
28,28.922503,25.963402,26.115358,20.656471,20.84533,20.288918,20.074896,22.302202,19.574203,24.143349,23.022257,26.986362,27.069296,26.968212,24.801224,19.577278,21.778759,17.93062,20.568243,17.560884,19.991758,22.256947,20.187328,14.911496,14.605443,11.579049,8.732344,5.622838,0.0,5.04204,8.446177,11.452505,14.572181,17.620983,19.020576,22.300383,23.203297,21.103836,19.947718,16.837032,15.816507,10.801774,8.479645,6.0086184,5.5755906,4.944988,5.9178,9.67457,11.267909,16.156761,17.259829,20.46541,22.950226,25.23471,25.574656,28.92714,27.170715,29.334438,34.179523,30.854107,27.768768,27.73044,22.464355,22.360535,19.507317,17.634893,15.328581,11.85443,11.376117,6.4665623,6.04237,5.542816,5.064825,9.271308,10.680267,14.487317,17.680182,20.098686,22.817299,24.168335,25.961637,22.003336,20.813854,18.526405,14.629328,15.72337,12.011642,11.808526,12.401605,12.75716,15.132125,19.58199,16.452692,17.034397,13.233651,15.572948,13.970624,16.987911,16.286942,19.705498,21.175264,22.367826,23.750225,22.236483,20.81812,17.851864,16.1574,17.706648,15.410979,18.695812
29,33.94927,30.96159,30.96851,25.555801,25.50796,24.664658,24.164892,25.641096,22.392962,26.544357,24.612057,28.451506,27.910078,27.168322,25.687784,21.036385,23.741661,20.318785,23.510323,20.79435,23.83034,25.786093,24.359411,19.220667,18.471039,14.718948,12.047272,8.47188,5.04204,0.0,4.8330097,8.62723,12.847117,14.994107,17.828161,20.523432,22.295952,20.849628,19.26732,16.77951,14.3108225,10.700128,7.7836633,5.3016043,5.539126,3.8728156,8.130183,9.960916,13.412776,17.157858,19.543018,22.178673,25.416113,27.731867,28.713501,32.380314,30.491447,32.931084,37.434334,34.119972,31.327501,30.396715,25.182041,24.763847,21.629622,18.736368,17.414059,12.491704,14.190991,8.026494,10.348716,8.793479,8.165906,11.859851,12.133283,16.618002,19.025656,22.006737,24.15526,24.857988,27.088495,23.92622,22.280298,20.835531,16.906746,19.229792,15.262379,16.320194,16.37044,16.773699,18.447094,22.512524,18.629478,18.498312,14.834014,15.634685,14.215987,15.69671,15.98665,17.60972,20.450298,20.32668,21.072649,19.394152,18.6895,15.227593,15.347429,16.814575,15.789253,19.164856
30,36.448433,33.826057,33.78693,28.242754,28.682526,27.127785,27.629778,28.556501,25.565495,29.60557,27.508026,31.503542,31.00241,30.32044,29.520287,24.91949,27.96985,24.728037,28.008497,25.370302,28.235792,30.323704,28.51508,23.29945,22.299934,19.047281,15.41919,11.664724,8.446177,4.8330097,0.0,7.4044156,9.281616,12.373593,15.307904,17.928612,20.30644,19.459833,18.59783,16.434172,14.539337,10.41434,9.837958,5.606214,9.752781,8.219997,12.677167,13.656734,17.335487,20.877731,23.235964,26.123314,29.442013,31.228022,32.467953,36.081753,33.729362,35.963642,40.26782,36.519104,33.82032,32.429947,27.613333,26.48063,22.831236,20.666843,18.633907,14.012654,15.26225,8.936725,12.244533,9.455932,10.404323,12.429315,13.325447,16.928135,19.629118,22.50685,24.710867,25.301928,28.10541,25.318653,24.4186,23.205086,19.810783,21.977911,18.991587,20.062477,20.668648,20.982105,22.965132,27.197609,23.44531,23.31279,19.642992,20.064913,18.30233,19.234386,18.957457,19.781006,22.725853,21.783358,21.989979,21.02434,20.944847,18.062359,18.937254,20.843727,20.27011,23.785898
31,37.45093,34.769604,33.69419,28.505238,28.28437,25.7359,26.164284,25.348406,22.12179,25.388409,22.619959,26.52886,25.862553,25.238394,25.684631,21.545774,25.380516,23.104479,27.002424,25.413027,28.858946,31.763983,30.454374,25.183123,25.83752,22.15208,19.997463,16.51105,11.452505,8.62723,7.4044156,0.0,7.4994526,6.669626,10.288353,12.257862,14.369589,13.571291,11.73519,10.2276125,7.3626614,5.921723,6.139952,5.9547653,9.648129,12.329196,15.703552,18.47214,21.701717,25.567595,27.900322,30.419712,33.474262,36.10399,36.6916,40.16819,38.535217,40.773197,45.528225,42.079056,39.077236,38.53698,33.426647,32.80423,29.394886,27.164677,25.115585,20.668098,21.1572,15.01263,16.326088,12.178137,10.265092,11.2093,9.516396,13.536868,14.378551,17.7623,19.004242,18.911257,21.93342,20.121273,19.04625,18.845339,16.157879,19.438951,17.377743,20.579153,21.603447,23.260792,25.109776,28.795105,24.430813,23.566929,20.029928,18.711126,15.844711,16.142351,14.220951,14.617575,16.81119,15.531881,15.786184,15.982936,15.9391575,15.169933,15.586778,18.831673,18.921183,23.032967
32,37.88261,35.88962,34.969223,29.667707,30.4582,27.14517,29.375689,28.50416,26.21526,29.655197,27.46993,31.631308,31.576214,31.550034,32.12314,27.588291,31.30659,28.773945,32.283062,30.39174,33.12861,36.199615,33.938496,28.592607,28.838585,26.14965,22.60351,19.086332,14.572181,12.847117,9.281616,7.4994526,0.0,6.601189,6.923877,9.920324,12.3007145,12.192218,13.068078,11.592836,12.425065,8.103354,12.149913,8.950629,15.354226,16.570967,20.082935,22.416977,25.374495,29.596762,31.30366,34.529133,37.354786,39.16709,39.81434,43.04367,40.76625,42.530956,47.14017,43.059155,40.065327,39.377846,34.856937,33.435005,29.561531,28.86712,25.45018,22.176073,21.12853,15.778551,17.180914,12.333041,13.060831,11.542098,12.323759,13.463653,15.800359,18.139912,20.120472,20.567694,24.140322,22.236546,22.997818,22.327904,20.521326,22.3534,21.808727,23.843119,25.712795,26.9271,29.483686,33.709873,29.998436,29.7002,25.951267,25.605053,22.620806,23.522104,20.869223,21.766403,23.079468,21.931238,21.95915,22.966856,23.115248,22.65028,22.801878,26.117077,25.6952,29.810112
33,41.587418,39.290306,37.80027,32.786636,32.791145,29.304724,30.662945,28.696716,25.88488,28.498652,25.48844,29.257841,28.633509,28.174555,29.808989,26.128336,30.309462,28.581686,32.580402,31.384579,34.773827,37.998196,36.52071,31.229708,32.11466,28.673779,26.212284,22.671635,17.620983,14.994107,12.373593,6.669626,6.601189,0.0,5.904533,6.2231536,9.618598,10.43055,9.59176,9.846632,8.623324,9.115787,11.987092,11.671215,16.199646,18.814999,22.296444,24.921783,28.220675,32.094353,34.394054,37.029774,40.07214,42.55182,43.12919,46.51691,44.739708,46.80196,51.55217,47.842407,44.813522,44.213196,39.331463,38.334354,34.65117,32.960682,30.421875,26.302082,26.28015,20.363752,21.690954,16.917622,15.662532,14.77527,13.139031,15.214733,15.192009,18.170412,18.739862,18.043121,21.76494,21.206797,21.146442,21.689034,20.191505,23.322994,22.619226,26.151731,27.655733,29.519566,31.555115,35.22221,30.856955,29.856295,26.409046,24.557034,21.379963,21.078676,18.318424,17.67876,19.217596,16.950418,16.445286,18.25763,18.95085,19.711588,20.541456,24.225925,24.785698,28.975197
34,39.140873,37.308403,35.519024,30.737743,31.158928,26.898256,29.488451,27.033072,25.057587,27.606121,25.203259,29.145653,29.25631,29.615078,31.271244,27.226553,31.31575,29.62238,33.314484,32.25367,35.142654,38.823708,36.786034,31.55201,32.94356,30.190971,27.509989,24.227236,19.020576,17.828161,15.307904,10.288353,6.923877,5.904533,0.0,4.1048613,5.3806877,5.9582644,7.880123,7.832372,10.610934,9.026093,13.991559,13.211207,18.537846,21.522367,24.34684,27.641947,30.231041,34.725365,36.270733,39.346268,41.885555,44.19287,44.31381,47.351585,45.566933,47.239708,52.18177,48.281437,45.052406,45.070652,40.39637,39.3108,35.618095,34.99296,31.474379,28.35822,26.804684,21.661253,21.896383,16.73815,15.914791,13.269536,12.42121,12.1735525,12.526594,14.564087,15.537723,15.42606,19.366943,18.673002,20.167624,20.359638,19.856918,21.914093,22.768442,25.972107,28.248066,30.295443,32.821472,36.65178,32.777817,32.129982,28.580425,27.368013,23.756556,24.447914,20.374298,21.272852,21.116814,20.089014,20.215141,22.53584,22.621357,24.014996,23.489162,27.570494,27.398523,31.729038
35,42.881992,40.993546,38.99838,34.36008,34.520267,30.176981,32.45553,29.46025,27.309433,29.332954,26.505644,30.138695,29.92339,30.027956,32.384773,28.892786,33.18714,31.906027,35.807983,35.03433,38.196507,41.882565,40.159866,34.944557,36.422604,33.365852,30.931608,27.55868,22.300383,20.523432,17.928612,12.257862,9.920324,6.2231536,4.1048613,0.0,4.440569,7.0510535,8.195455,9.797461,11.406195,12.212932,16.406927,16.362411,21.128813,24.296219,27.324423,30.465664,33.34925,37.595158,39.479343,42.323154,45.044308,47.52608,47.742218,50.88175,49.18831,50.98296,55.908524,52.073345,48.881596,48.74245,43.99516,42.925457,39.20208,38.209152,35.02712,31.530926,30.508558,25.092068,25.64903,20.541393,19.34363,17.067984,15.492563,15.57851,14.758936,16.8648,16.874434,15.938667,19.989698,20.3742,21.567501,22.482798,22.227097,24.823486,25.596048,29.328936,31.408846,33.618927,35.921032,39.5432,35.379635,34.41685,31.016836,29.106089,25.510523,25.46849,21.527428,21.341394,21.352432,19.486353,19.097095,22.022856,22.5873,24.609629,24.677868,28.826603,29.227177,33.530228
36,40.833652,39.13085,36.74385,32.473515,32.585663,27.796787,30.50517,26.90085,25.246841,26.930014,24.429289,28.008093,28.244652,28.909063,31.397058,27.898771,32.123535,31.116972,34.838432,34.40237,37.343937,41.371376,39.5439,34.491444,36.592056,33.828312,31.731384,28.634645,23.203297,22.295952,20.30644,14.369589,12.3007145,9.618598,5.3806877,4.440569,0.0,3.5703292,6.3589897,8.202631,11.856109,12.50499,17.11597,17.607325,22.044674,25.865135,28.242708,32.015343,34.360317,38.953518,40.397236,43.334747,45.672478,48.29736,48.0766,50.969975,49.53772,51.151722,56.28731,52.540985,49.1793,49.64694,44.88581,44.029354,40.4708,39.852436,36.32502,33.28709,31.511593,26.512796,26.166395,21.043758,19.45589,16.50444,14.744481,13.631113,12.11172,13.561942,13.273571,12.463802,16.534311,17.183369,19.210945,20.176224,20.755993,22.87964,24.664608,28.537262,30.983057,33.520054,35.956966,39.44202,35.524166,34.646988,31.330975,29.565235,25.679758,26.183357,21.320454,22.15597,20.818521,19.977919,20.191433,23.39562,23.416727,26.08166,25.10525,29.542358,29.55545,33.896416
