,0,1,2,3,4,5,6,7,8,9,10,11,12,13,14,15,16,17,18,19,20,21,22,23,24,25,26,27,28,29,30,31,32,33,34,35,36,37,38,39,40,41,42,43,44,45,46,47,48,49,50,51,52,53,54,55,56,57,58,59,60,61,62,63,64,65,66,67,68,69,70,71,72,73,74,75,76,77,78,79,80,81,82,83,84,85,86,87,88,89,90,91,92,93,94,95,96,97,98,99,100,101,102,103,104,105,106,107
0,0.0,4.7055473,7.073864,9.436645,12.823636,14.691911,18.04236,22.174944,24.482674,28.81888,32.888927,34.815533,35.043232,33.119404,30.03892,26.782362,23.51756,21.513285,17.384825,14.430057,13.890635,8.3707285,10.974238,13.564325,12.768443,12.728403,17.43357,17.451662,20.93029,18.99187,25.085848,23.2615,31.12797,30.10547,33.184147,36.10022,35.817158,34.5196,30.479366,26.467775,29.70299,24.96639,28.270388,26.025797,21.74943,22.345537,20.384459,19.737976,24.003933,23.87602,28.268595,27.502295,33.17546,35.429455,34.917103,36.861507,35.156,37.414597,41.50177,39.093628,36.178085,36.149426,32.163807,34.392498,30.396008,34.564022,33.23111,33.465305,32.278492,33.816372,29.446886,31.50286,29.255665,30.808538,31.672224,32.477203,35.685192,35.493908,40.008076,41.033966,37.39946,37.739445,34.68438,31.308804,30.387457,25.52341,23.015984,19.158445,16.632378,14.467748,13.560064,13.603071,15.453374,17.401245,19.674376,18.832266,19.976099,22.192146,23.780115,23.203861,22.847786,24.28632,25.096706,28.379292,27.062351,31.776236,32.30111,36.25505
1,4.7055473,0.0,5.2094607,6.471083,9.406662,12.688911,14.662297,19.657614,21.527542,26.170242,30.369112,31.898537,32.76473,31.210522,28.216516,25.051971,22.135265,20.022911,16.585941,13.306711,14.448855,8.677621,13.22271,15.459218,14.894084,13.438362,17.599375,17.596481,20.305267,19.194727,24.620811,23.066248,30.7719,29.299862,32.91371,35.510773,35.687904,34.74167,30.438143,26.332697,30.117666,25.509335,28.330835,26.124699,22.722448,22.566307,21.363625,19.560505,23.96971,23.335962,27.630243,26.346685,32.29864,33.905857,33.737083,35.573544,33.248455,35.392902,39.182774,36.413033,33.571396,32.935913,28.782125,30.626036,26.37979,30.289188,28.839008,29.265005,28.49621,30.288176,26.101175,28.670237,26.471447,28.635757,29.455671,30.846998,33.968014,34.14677,38.621613,39.81304,35.858696,35.714874,32.694954,29.355291,28.079584,23.76968,20.359491,17.092108,13.887804,12.061395,10.1236725,9.5184965,11.176956,13.685121,15.830551,14.358346,15.806422,18.45801,19.867926,18.79616,18.303322,20.045166,20.975998,24.646587,23.598022,28.306114,29.30092,33.071648
2,7.073864,5.2094607,0.0,5.196944,7.066046,8.721207,12.157982,15.798267,18.556038,22.136059,26.761013,28.169518,28.53161,26.924458,23.543945,20.662014,17.376257,15.8183565,12.165301,9.86465,10.687125,6.4928737,11.745415,14.7403555,15.818317,15.059634,18.342777,16.895136,19.182827,17.009796,22.44943,19.658453,27.208622,25.085302,28.837122,31.190187,31.120117,30.448002,26.041956,22.067352,26.55777,22.417894,25.456717,24.319687,21.313421,21.726423,21.330372,20.133102,24.873333,25.07802,28.890255,26.704206,33.01871,34.30708,33.383274,34.77019,32.48201,34.073063,38.123764,35.00455,31.875668,31.815512,27.808405,29.72996,26.357193,29.6439,29.091734,30.200468,29.566305,30.715914,26.733307,28.935972,25.966228,28.131481,28.128983,29.415377,32.072857,31.900742,36.446293,37.00582,32.69458,32.726852,29.400558,26.412807,25.672045,21.057,18.615717,15.614372,13.330392,12.87017,11.069826,9.516121,12.67156,14.699094,14.810437,14.381655,17.334614,19.24333,19.237915,18.35693,17.69412,18.314247,19.476809,21.997225,21.511812,25.976282,26.808807,30.808783
3,9.436645,6.471083,5.196944,0.0,3.7888627,6.9313974,8.715821,13.666176,15.269375,20.427568,24.109941,26.056015,26.895676,25.240662,22.804317,19.224493,16.872513,14.156056,11.449927,7.666028,10.685381,6.0264993,11.729218,13.420554,14.27263,12.250753,14.6972685,13.517595,15.211459,14.391796,19.07066,17.61285,25.035625,23.516731,27.34272,29.82392,30.493385,29.651318,25.276184,21.11365,25.031845,20.642788,22.960045,21.122997,18.808565,18.259472,18.34873,16.129406,20.82866,20.77,24.387074,21.950294,28.33098,29.346817,28.697618,30.16434,27.650726,29.43737,33.335457,30.368004,27.385805,27.137714,23.117228,25.269907,21.81709,25.736355,25.088673,25.834927,24.754124,25.730074,21.64824,23.768778,20.93763,23.155962,23.45121,24.93912,27.816498,27.996593,32.472042,33.562565,29.47784,29.250055,26.249832,22.904446,21.658587,17.395351,14.093103,11.014005,8.222538,7.8522477,6.125658,5.287468,8.712225,9.849476,10.489908,10.894093,13.093661,14.360258,14.782125,14.772346,14.935147,15.696305,16.03103,19.258411,17.626535,22.348227,23.007668,26.895414
4,12.823636,9.406662,7.066046,3.7888627,0.0,5.3044395,5.3184333,10.637192,12.194517,17.117002,21.120062,22.62161,23.814165,22.498636,20.019167,16.720188,14.690622,12.223821,10.566286,7.5739074,11.670806,8.781411,14.472135,16.138071,17.546516,15.3688135,16.957285,15.222888,15.905628,15.29978,19.056261,17.261837,24.129147,21.909363,26.184908,28.213593,29.141855,28.740723,24.217764,20.194727,24.773499,20.909424,22.839258,21.666182,20.308924,19.543318,20.49034,17.9627,22.598555,22.575201,25.743137,22.580427,29.125305,29.457804,28.70694,29.815346,26.84962,28.190557,31.922667,28.462988,25.408596,24.932917,20.87477,22.687023,19.60005,22.845207,22.678106,24.016415,23.411566,24.203007,20.511707,22.826605,19.636108,22.378712,22.130993,24.069555,26.543314,26.855106,31.262215,32.139847,27.630209,27.055113,23.9447,20.881638,19.615887,15.863133,12.291393,10.378291,7.8297048,9.116121,6.8034368,4.307805,8.331054,9.391078,7.857628,8.639352,12.234161,13.252005,12.330641,12.002303,11.997154,12.165985,12.703439,15.5955105,14.565378,19.14321,20.181887,24.022594
5,14.691911,12.688911,8.721207,6.9313974,5.3044395,0.0,6.270478,7.5867558,10.6140995,14.378823,18.282026,20.393526,20.455084,18.599035,16.02746,12.415025,9.972011,7.4110694,5.292951,3.631483,7.7326593,8.032537,12.66945,14.525911,17.315987,16.17945,16.919807,13.763319,14.140981,12.066589,15.859824,12.662241,19.514866,17.034292,21.21204,23.303288,23.966398,23.539682,18.99615,14.988484,19.93666,16.46656,18.67821,18.611996,17.543379,17.594324,19.17475,17.800657,22.490654,23.559849,26.192636,22.486246,29.070652,29.477549,27.727722,28.423748,25.990667,26.837133,31.038416,27.621365,24.25947,25.019123,21.447878,23.768604,21.986994,24.925388,25.711266,27.298342,26.30963,26.171267,22.632504,23.956886,20.053759,22.118538,21.038647,22.339346,24.375822,24.056753,28.557392,28.74256,24.134575,24.128561,20.711788,17.893324,17.520573,12.896023,11.599383,9.557289,9.369456,11.470346,10.706123,9.266377,13.2604475,13.252226,10.517749,13.072906,16.671318,16.485159,14.657804,15.427411,15.660339,14.422197,14.661605,15.690802,14.554965,18.694908,18.847273,23.055038
6,18.04236,14.662297,12.157982,8.715821,5.3184333,6.270478,0.0,6.8202133,7.09229,12.825282,16.277565,17.796011,19.50907,18.485794,16.794865,13.43852,12.721608,10.007674,10.657488,8.68054,13.732673,12.733203,17.782736,18.822428,20.75327,18.295977,18.441526,16.166765,15.322433,15.535098,17.471962,16.05415,21.734438,19.179182,23.797203,25.34829,26.958153,26.923141,22.453966,18.712603,23.429369,20.262146,21.27115,20.682547,20.84448,19.551558,21.676884,18.748274,23.041714,23.204988,25.528385,21.40996,27.961962,27.387775,26.43096,27.043083,23.601606,24.369564,27.886614,23.969837,20.862192,20.339218,16.414062,18.127102,16.035284,18.725103,19.49562,21.356817,20.865149,20.928326,17.811169,19.885088,16.17749,19.346775,18.375423,20.809172,22.762535,23.31544,27.53269,28.334297,23.52983,22.483137,19.452784,16.61388,15.170445,12.400861,8.495061,8.658522,7.3954954,10.594847,8.9405985,6.8930273,9.994539,9.574847,4.759186,8.065545,12.129278,11.654479,8.724318,9.39892,10.092731,8.752433,8.482012,10.700159,9.368466,13.853702,15.001014,18.800026
7,22.174944,19.657614,15.798267,13.666176,10.637192,7.5867558,6.8202133,0.0,4.851857,6.9782944,11.011305,12.826355,13.245102,11.918747,10.09281,6.7045503,6.8082824,5.0900707,8.365094,9.5352125,13.453261,15.454636,19.368994,20.581917,23.748014,22.260567,21.599344,18.003778,16.437763,15.323437,16.151688,12.961353,17.149666,13.287791,18.273592,19.188126,20.784855,21.321009,16.852442,13.684005,19.313757,17.514963,18.302647,19.720854,20.875378,20.406757,23.427155,21.670177,25.800724,27.035627,28.600569,23.753077,30.149752,29.275719,27.133318,26.946512,23.94022,23.623163,27.454699,23.244978,19.773962,20.743368,17.744577,19.618786,19.67326,21.090967,23.338947,25.805273,25.292349,24.234121,21.777563,22.727135,18.216623,20.708685,18.25815,20.138172,20.972149,20.790812,24.90287,24.48838,19.090666,18.417498,14.785149,12.919716,12.96163,10.069312,9.9245205,11.089093,12.381536,15.949789,15.234758,13.5047,16.809486,16.00986,10.723839,14.478194,18.662277,17.318834,13.263584,14.572048,15.05239,11.912603,11.686471,9.955657,9.753979,12.606819,12.783014,16.911695
8,24.482674,21.527542,18.556038,15.269375,12.194517,10.6140995,7.09229,4.851857,0.0,7.9205494,9.388693,11.769255,13.588969,12.692222,12.781046,9.3707695,11.136298,8.610491,12.184173,12.026064,16.704823,17.86805,21.791208,22.234304,24.914167,22.703356,21.313745,18.248154,15.770988,16.385405,15.723094,14.563378,17.82096,14.935028,19.68685,20.52037,23.020685,23.430027,19.33769,16.353703,20.853052,19.027851,18.763153,19.448402,21.54079,20.074074,23.522757,20.888006,24.530272,25.376463,26.448778,21.278875,27.452684,25.888893,24.150877,23.854895,20.25126,19.852821,23.275507,18.844393,15.506368,15.945681,12.935639,14.864721,15.443573,17.01546,19.532228,21.875504,21.19364,19.733753,17.68663,18.539015,14.033852,16.974157,14.449269,17.053036,17.841394,18.37278,22.236591,22.542894,17.320522,15.835491,12.789328,10.5561075,9.463434,8.465578,6.7847013,9.881986,11.347127,15.307099,14.848804,13.653856,16.089558,14.437414,8.828774,13.376047,16.716713,14.440579,9.846584,12.305132,13.666956,10.486965,8.8911085,7.515122,5.10279,8.280762,8.498148,12.590895
9,28.81888,26.170242,22.136059,20.427568,17.117002,14.378823,12.825282,6.9782944,7.9205494,0.0,6.8240867,6.3755755,7.0475507,7.4228263,6.240867,6.288026,8.885009,9.912481,14.103606,16.31063,19.56269,22.281376,25.923084,27.128698,30.539587,29.10375,28.013025,24.250214,22.014431,21.05445,20.394064,17.064713,18.43474,13.297198,18.33586,17.617723,19.657495,21.380774,17.458632,15.763564,21.587303,21.427788,21.403751,24.091805,26.323624,25.877115,29.45925,27.777225,31.525372,32.87251,33.81484,28.479643,34.470192,32.744728,30.3201,29.382467,26.164705,24.71441,27.937534,23.130033,19.844774,20.94057,18.88774,19.841919,21.627243,21.03889,24.561754,27.842793,28.014833,26.394411,25.056505,25.758162,21.186306,23.785221,20.354445,22.453379,21.962564,21.756557,25.114836,23.760712,17.80344,16.524317,12.9032545,13.09799,13.951469,13.429108,14.460674,17.046293,18.677248,22.476088,21.633266,19.651232,22.508207,21.692133,15.725934,19.132486,23.57934,21.951723,16.850018,17.823145,18.032804,13.868777,13.800894,8.902731,11.181996,11.170347,11.632183,14.843323
10,32.888927,30.369112,26.761013,24.109941,21.120062,18.282026,16.277565,11.011305,9.388693,6.8240867,0.0,5.7837777,6.14177,6.0342865,9.831988,8.749394,13.025178,12.640939,17.466675,19.181295,22.578798,25.585213,28.465763,28.751934,32.17329,30.577028,28.324883,24.586895,21.327799,21.419361,18.625122,16.958128,15.893765,12.130575,16.322336,15.299246,18.734285,20.216326,17.217833,16.219042,20.233837,20.844643,19.371496,22.250767,25.911774,24.937,29.230268,27.499317,30.454914,32.095222,32.043472,26.31393,31.580626,29.211126,26.391367,24.826635,21.764671,19.489388,22.445368,17.752058,14.606744,16.913246,16.169548,17.601614,21.087358,20.694147,24.807705,27.628773,27.08083,24.347883,23.671606,23.192717,18.631878,20.489038,16.314363,18.175762,16.67259,16.562056,19.254833,17.79791,11.8779335,9.97993,6.786314,8.303872,9.716452,11.544021,14.012866,17.491243,20.153893,24.102015,24.118294,23.011723,25.431078,23.571556,18.021265,22.354532,25.611158,22.767996,17.865578,20.369085,21.536392,17.55626,16.12606,11.499189,11.107035,9.343323,7.522246,10.135609
11,34.815533,31.898537,28.169518,26.056015,22.62161,20.393526,17.796011,12.826355,11.769255,6.3755755,5.7837777,0.0,5.547305,8.32496,10.082425,11.350664,14.841386,15.693696,20.20939,22.158752,25.626238,28.268803,31.838572,32.66416,35.973324,34.226055,32.577576,28.997948,26.091305,25.960833,23.959482,21.647995,21.11307,16.40711,20.803093,19.089909,21.925295,24.122108,21.005466,20.1906,25.131844,25.752836,24.774157,27.659563,30.854317,29.951153,33.978634,31.958782,35.200287,36.418285,36.718582,31.079063,36.5083,33.91505,31.579845,30.092543,26.584902,24.30294,26.6128,21.469965,18.715504,19.576689,18.61401,18.713245,22.074705,20.014566,24.484459,28.097902,28.63478,26.44902,26.21574,26.607714,22.334066,24.969398,21.065878,23.476437,22.009794,22.190714,24.600752,23.03229,17.195314,14.935354,12.285773,13.998938,14.807435,16.616142,17.705482,21.303715,23.1097,27.066425,26.316235,24.499659,26.762806,25.58646,19.527668,22.886116,26.87816,24.746876,19.26892,20.44815,20.904215,16.576681,16.003923,10.136703,12.763393,10.117555,10.702498,12.147741
12,35.043232,32.76473,28.53161,26.895676,23.814165,20.455084,19.50907,13.245102,13.588969,7.0475507,6.14177,5.547305,0.0,3.7703066,6.6433992,8.93137,12.6545105,14.342976,18.841862,21.711828,24.201777,27.951212,30.730452,31.64489,35.475025,34.408157,32.6406,28.509754,25.765022,24.655817,22.647205,19.32895,17.72965,12.423966,16.441715,14.175869,16.721046,19.2895,16.53386,16.544945,21.498669,23.00948,22.182346,26.120823,29.30657,29.132627,33.221058,32.114277,35.382435,37.27638,37.48618,31.847956,37.235634,35.12739,32.003403,30.33733,27.658733,25.217628,28.15388,23.544533,20.539171,22.825655,22.064257,23.009064,26.294897,25.068556,29.330254,32.63756,32.608948,30.17081,29.469337,29.261496,24.664577,26.49239,22.297768,23.76081,22.021675,21.309328,23.764877,21.16486,15.297201,14.274642,11.120806,13.489964,15.604283,16.28636,19.194973,22.051277,24.515594,28.37968,28.041285,26.398445,29.223133,27.987291,22.145096,25.908098,29.981342,27.759026,22.637575,24.194551,24.640081,20.364006,19.905012,14.42732,16.114887,14.340802,13.490996,15.547445
13,33.119404,31.210522,26.924458,25.240662,22.498636,18.599035,18.485794,11.918747,12.692222,7.4228263,6.0342865,8.32496,3.7703066,0.0,5.6311226,6.39402,10.451436,11.801985,16.303602,19.334665,21.454252,25.632126,27.899649,28.65973,32.662254,31.882454,29.953192,25.61823,22.933355,21.479836,19.427963,15.84022,14.052533,8.658954,12.807844,10.9708,13.633777,15.835742,12.942805,12.924477,17.729414,19.350103,18.565575,22.778254,25.941189,26.030245,30.129034,29.44314,32.674557,34.903114,35.079845,29.522621,34.904022,33.191288,29.721384,28.128258,25.906956,23.66494,27.12602,22.930346,19.698986,22.713726,21.85639,23.509724,26.510365,26.236628,30.172358,33.074215,32.49497,29.946707,28.805075,28.2334,23.489973,24.82018,20.65225,21.575228,20.01877,18.871296,21.654543,18.931042,13.083013,12.906568,9.29742,11.288592,13.946152,13.71649,17.581984,19.929478,22.812822,26.558418,26.609793,25.291502,28.34151,26.898857,21.418741,25.570656,29.388243,26.990227,22.2932,24.341587,25.017292,20.95866,20.27325,15.483239,15.984901,15.057442,13.371119,16.098488
14,30.03892,28.216516,23.543945,22.804317,20.019167,16.02746,16.794865,10.09281,12.781046,6.240867,9.831988,10.082425,6.6433992,5.6311226,0.0,5.0190134,6.8809195,10.101243,13.748086,17.395597,19.0347,23.183022,25.855633,27.391516,31.424505,30.89576,29.881334,25.519785,23.69255,21.328417,21.028015,16.114956,16.528254,10.33335,14.954289,13.676058,14.659002,16.970833,13.258163,12.603351,18.963856,19.886465,20.38237,24.362532,26.313469,26.893034,30.382118,29.843115,33.65243,35.70278,36.62254,31.390762,37.29092,36.08334,32.89358,31.776224,29.419697,27.771427,31.45266,27.105797,23.712261,25.960236,24.253902,25.670671,27.563337,27.26221,30.74239,33.885498,33.736294,31.930286,30.304089,30.495804,25.730583,27.54302,23.87554,25.005781,24.206053,23.086184,26.38744,23.934227,18.149456,18.105253,14.250975,15.137004,17.249155,15.57247,18.47364,20.05655,22.224463,25.743433,25.240227,23.360071,26.749882,26.08065,20.546003,23.969467,28.518738,26.997381,22.336475,23.379229,23.379986,19.4158,19.658266,15.080895,16.894869,16.986893,16.444342,19.658907
15,26.782362,25.051971,20.662014,19.224493,16.720188,12.415025,13.43852,6.7045503,9.3707695,6.288026,8.749394,11.350664,8.93137,6.39402,5.0190134,0.0,4.4728904,5.61266,9.985186,13.193959,15.281128,19.358908,21.852343,22.97015,26.942131,26.299414,24.993174,20.624422,18.677038,16.526564,16.161007,11.570089,13.096222,7.6823587,12.823773,12.93624,14.478477,15.644642,11.426288,9.486031,15.604405,15.684644,16.121878,19.576658,21.558647,21.921871,25.48027,24.877012,28.640057,30.767479,31.668983,26.50653,32.460487,31.520817,28.333752,27.463194,25.238243,24.025904,28.075207,24.062687,20.5149,23.039394,21.10621,23.204878,24.718388,25.54937,28.608244,31.201872,30.435406,28.554329,26.514593,26.447699,21.643799,23.170856,19.756014,20.692745,20.421993,19.316948,23.069792,21.266388,15.652521,15.849803,11.8491125,11.501098,13.43817,10.803273,14.075255,15.312132,17.868122,21.361063,21.309856,19.935938,23.358265,22.250256,17.1498,21.161575,25.13948,23.266323,19.11041,20.91063,21.428495,17.835754,17.476828,14.007585,14.048616,15.138795,13.948907,17.78966
16,23.51756,22.135265,17.376257,16.872513,14.690622,9.972011,12.721608,6.8082824,11.136298,8.885009,13.025178,14.841386,12.6545105,10.451436,6.8809195,4.4728904,0.0,4.561202,6.9640284,10.996304,12.198681,16.485098,19.05203,20.845667,24.881058,24.65186,24.159832,19.788885,18.819698,15.666794,17.087866,11.461911,14.96059,9.8512535,14.555046,15.274679,15.581434,16.44034,11.842204,9.228262,16.099838,15.429504,17.096842,20.20402,20.917892,21.865816,24.729963,24.503296,28.67167,30.760416,32.27161,27.575222,33.78856,33.456398,30.428425,29.980253,27.918192,27.24336,31.502026,27.642216,24.052814,26.223833,23.764885,25.869127,26.410748,27.595385,30.089006,32.607475,31.935848,30.622595,28.081347,28.44707,23.764652,25.374063,22.518549,23.33644,23.679543,22.485077,26.523418,24.887611,19.568058,20.057562,16.083784,15.159031,16.73106,12.929839,15.41735,15.483906,17.423183,20.450869,20.125452,18.49156,22.269455,21.777905,17.141846,20.519262,24.820766,23.677515,20.006968,21.140818,21.2099,18.056545,18.34198,15.710801,16.169983,18.158037,17.512821,21.549978
17,21.513285,20.022911,15.8183565,14.156056,12.223821,7.4110694,10.007674,5.0900707,8.610491,9.912481,12.640939,15.693696,14.342976,11.801985,10.101243,5.61266,4.561202,0.0,4.8407397,7.611096,10.059183,13.835403,16.425764,17.582066,21.431725,20.828964,19.91599,15.608223,14.371036,11.798848,13.113701,8.421736,13.293303,9.79387,14.372601,16.03301,17.09823,17.061481,12.504816,8.908856,14.6488,12.854647,14.248819,16.382792,17.234419,17.66291,20.685226,20.10516,24.22087,26.26668,27.721853,23.04252,29.305962,29.099752,26.223585,26.027576,23.962894,23.724428,28.136805,24.586803,20.996887,23.198156,20.588322,23.197409,23.431755,25.554117,27.68107,29.677467,28.468529,27.078201,24.24968,24.404387,19.785456,21.199738,18.699331,19.470154,20.362793,19.389711,23.697376,22.84163,17.864563,18.309387,14.568097,12.543695,13.565807,8.99395,11.348583,11.034621,13.385755,16.475056,16.648058,15.629094,19.28921,18.231474,14.08137,18.072184,21.646358,20.065123,16.927534,18.85274,19.512009,16.785242,16.37399,14.877191,13.6537695,16.408634,15.34358,19.63157
18,17.384825,16.585941,12.165301,11.449927,10.566286,5.292951,10.657488,8.365094,12.184173,14.103606,17.466675,20.20939,18.841862,16.303602,13.748086,9.985186,6.9640284,4.8407397,0.0,4.671166,5.4923496,9.759766,12.185716,14.072844,17.997347,18.003202,18.059486,13.859574,14.08961,10.282176,13.998804,8.879154,15.5957575,12.980805,16.746637,19.03962,19.179102,18.584167,14.070507,10.0745325,15.41027,12.512608,15.245147,16.578522,15.683629,16.835484,18.819437,18.837309,23.307478,25.357143,27.483816,23.557806,29.898697,30.509954,27.831787,28.15018,26.456982,26.857279,31.447985,28.27783,24.749447,26.71761,23.735622,26.449516,25.687456,28.41487,29.826698,31.488068,30.15872,29.330547,25.943449,26.385565,22.104286,23.338413,21.608238,22.061935,23.610405,22.534922,27.009663,26.405434,21.91875,22.703892,19.098211,16.70281,17.42467,12.128628,13.556734,11.537668,13.060857,15.186873,15.344804,14.440601,18.38076,17.895452,14.972749,18.174927,21.5953,20.760328,18.63918,20.05401,20.415257,18.49212,18.52305,18.158762,16.959805,20.402506,19.62439,23.959387
19,14.430057,13.306711,9.86465,7.666028,7.5739074,3.631483,8.68054,9.5352125,12.026064,16.31063,19.181295,22.158752,21.711828,19.334665,17.395597,13.193959,10.996304,7.611096,4.671166,0.0,5.315942,6.462404,9.923222,11.286785,14.489473,13.765472,14.073191,10.477593,11.214469,8.546847,13.035597,10.12007,17.575539,16.16924,19.740765,22.41098,23.041328,22.027534,17.721203,13.520988,17.49577,13.476057,15.915048,15.429441,13.951414,14.275289,15.782933,14.992211,19.664454,21.236359,23.768051,20.24411,26.705208,27.582966,25.528032,26.359482,24.49152,25.583963,30.070202,27.187727,23.842659,25.232883,21.904657,24.787056,23.169035,26.76751,27.472214,28.576311,26.92649,26.474335,22.690153,23.382961,19.528105,20.843987,19.978825,20.6422,22.945213,22.364025,26.935442,27.25707,23.171728,23.641737,20.418291,17.266771,17.052483,11.74478,11.376942,8.221682,8.983665,10.617952,11.052014,10.812761,14.571827,13.884667,12.188959,15.276163,17.868055,17.131054,16.048958,17.69145,18.40148,17.337048,17.01888,18.171667,15.964241,20.136425,19.539993,23.814821
20,13.890635,14.448855,10.687125,10.685381,11.670806,7.7326593,13.732673,13.453261,16.704823,19.56269,22.578798,25.626238,24.201777,21.454252,19.0347,15.281128,12.198681,10.059183,5.4923496,5.315942,0.0,6.2425394,6.9021387,9.401802,13.462247,14.480652,15.369226,11.514267,13.448046,8.701503,14.493021,10.194854,17.816692,16.728144,19.410881,22.437956,22.060104,20.641466,16.637823,12.650294,16.237993,12.18958,15.870549,15.987584,13.135321,15.090631,15.733307,16.729956,21.245272,23.45734,26.0937,23.159958,29.245564,30.824947,28.288942,29.1421,28.076803,29.154552,33.92162,31.402885,28.016203,30.030558,26.930496,29.963116,28.465345,32.041245,32.756634,33.801323,32.018127,31.528955,27.632732,27.98741,24.190039,24.86381,23.966698,23.863586,26.056429,24.861866,29.391577,29.191143,25.468576,26.65851,23.351084,20.513723,20.997145,15.256466,16.285236,12.812961,13.791746,14.503741,15.215988,15.113409,18.855738,18.553255,17.416203,20.039806,22.57386,22.131317,21.35472,22.77801,23.1947,22.144463,22.14781,22.843441,21.018944,24.926107,23.99724,28.326025
21,8.3707285,8.677621,6.4928737,6.0264993,8.781411,8.032537,12.733203,15.454636,17.86805,22.281376,25.585213,28.268803,27.951212,25.632126,23.183022,19.358908,16.485098,13.835403,9.759766,6.462404,6.2425394,0.0,5.8517046,8.410249,10.372629,10.338532,12.959971,10.93368,13.817202,11.105813,17.135824,14.92672,22.784256,21.973919,24.987885,28.001041,28.043266,26.645985,22.59183,18.463823,21.63638,16.964066,20.115742,18.458118,14.930753,15.7033825,15.145128,14.831269,19.566994,20.643892,24.171745,22.0907,28.218788,30.055948,28.602446,30.076084,28.555044,30.352701,34.77718,32.33811,29.202238,30.124493,26.51302,29.299648,26.532454,30.696081,30.425081,30.98239,29.27034,29.65073,25.399343,26.538061,23.46408,24.612978,24.742668,25.204565,28.0907,27.581045,32.139114,32.837685,29.211834,29.82055,26.748875,23.407299,22.896652,17.622965,16.326916,12.276478,11.281052,10.543614,10.816674,11.127144,14.371558,14.696318,15.330903,16.748274,18.508865,18.992304,19.485289,20.323313,20.669147,20.813183,20.931992,23.219107,21.176792,25.70965,25.463074,29.626375
22,10.974238,13.22271,11.745415,11.729218,14.472135,12.66945,17.782736,19.368994,21.791208,25.923084,28.465763,31.838572,30.730452,27.899649,25.855633,21.852343,19.05203,16.425764,12.185716,9.923222,6.9021387,5.8517046,0.0,4.1287804,7.353141,9.864257,12.094263,9.904232,13.754255,9.898686,16.518986,14.502436,22.12238,22.529646,24.417698,27.98498,27.584991,25.478125,22.08025,18.247843,19.818003,14.900938,18.586863,16.694225,11.79972,13.920399,12.332159,14.178311,18.366278,20.407536,23.684626,22.280033,27.755867,30.426222,28.431992,30.005219,29.51705,31.458773,36.18042,34.44618,31.363642,33.15376,29.96075,33.249252,30.894224,35.4496,35.28623,35.479282,33.144737,33.099865,28.744053,29.04076,26.07765,26.187033,26.43658,25.92327,28.875359,27.849865,32.2869,32.85895,30.009645,31.332336,28.47436,25.124586,25.078678,19.403036,19.538282,15.078232,15.216311,14.081328,15.515674,16.591305,19.515223,19.249607,20.302126,22.243793,23.337524,23.25586,24.134258,25.652145,26.284018,26.246765,26.035927,27.96389,25.342018,29.684198,28.688059,32.88215
23,13.564325,15.459218,14.7403555,13.420554,16.138071,14.525911,18.822428,20.581917,22.234304,27.128698,28.751934,32.66416,31.64489,28.65973,27.391516,22.97015,20.845667,17.582066,14.072844,11.286785,9.401802,8.410249,4.1287804,0.0,4.819455,7.64359,8.733395,6.9187,11.210897,8.282124,14.453744,14.120308,21.357992,22.847864,24.298836,28.154253,28.195234,25.706564,22.661371,18.884441,19.149908,13.888901,17.007484,13.97788,8.637754,10.494439,8.27526,10.756389,14.5783,17.013292,20.056568,19.035963,24.122234,27.160961,25.175293,26.961588,26.90024,29.15235,33.852585,32.66856,29.795284,31.811287,28.8795,32.48852,30.263441,35.31886,35.061527,34.796726,31.912836,31.597115,27.199558,26.96598,24.323454,23.818733,24.482815,23.565268,26.79057,25.82767,30.115543,31.149628,28.923445,30.34707,27.899687,24.295063,24.054266,18.576357,18.82938,14.18521,14.781491,13.34867,15.693283,17.570137,20.04538,19.032934,20.671404,23.074926,23.296322,22.595371,24.01359,26.229729,27.34427,27.391853,26.649027,28.829548,25.363857,29.67102,28.264301,32.294598
24,12.768443,14.894084,15.818317,14.27263,17.546516,17.315987,20.75327,23.748014,24.914167,30.539587,32.17329,35.973324,35.475025,32.662254,31.424505,26.942131,24.881058,21.431725,17.997347,14.489473,13.462247,10.372629,7.353141,4.819455,0.0,4.6494102,7.6561046,8.783888,13.260827,12.177,17.674559,18.48113,25.60864,27.276167,28.831781,32.69215,32.928215,30.417543,27.38373,23.550255,23.633408,18.303846,20.95766,16.932863,11.675678,12.303368,8.630051,10.136642,13.4065275,14.872633,18.630768,18.898737,23.469864,26.985643,25.878729,28.177511,28.06073,30.869488,35.255894,34.383747,31.792097,33.198906,30.113264,33.614845,30.66223,36.1881,35.240913,34.426144,31.379335,31.587898,27.010492,27.070118,25.19116,24.712019,26.214552,25.497402,29.148098,28.609524,32.76405,34.413475,32.439976,33.58207,31.368849,27.521585,26.738815,21.694866,20.797762,16.069828,15.664689,13.079672,15.501606,17.944296,19.585323,18.727308,21.737913,23.427301,22.65575,22.382294,24.866385,26.883404,28.062983,28.831696,28.038729,31.07627,27.376871,31.918245,30.79206,34.629684
25,12.728403,13.438362,15.059634,12.250753,15.3688135,16.17945,18.295977,22.260567,22.703356,29.10375,30.577028,34.226055,34.408157,31.882454,30.89576,26.299414,24.65186,20.828964,18.003202,13.765472,14.480652,10.338532,9.864257,7.64359,4.6494102,0.0,5.271809,7.978533,11.782716,12.513091,17.194456,18.898315,25.996656,27.437408,29.53286,33.172874,33.972725,31.737686,28.414911,24.386753,24.914959,19.562763,21.537123,17.035261,12.955326,11.938011,9.104779,7.727693,11.422058,11.722152,15.951347,16.098969,21.03267,24.119732,23.730131,26.19945,25.43322,28.473545,32.535954,31.53771,29.117691,29.85965,26.609985,29.949612,26.600306,32.355507,31.084023,30.024532,26.945553,27.418468,22.790804,23.214994,21.698484,21.631989,23.571066,23.433432,27.308067,27.31759,31.446295,33.5897,31.447308,32.06358,30.016623,25.983768,24.614243,20.141481,18.030972,13.48175,12.330136,9.177841,11.847055,14.815431,15.837864,14.671488,18.415634,19.928272,18.465303,18.153582,21.192642,23.278074,24.693237,25.82323,24.798521,28.434462,24.458355,29.10489,28.277328,31.901188
26,17.43357,17.599375,18.342777,14.6972685,16.957285,16.919807,18.441526,21.599344,21.313745,28.013025,28.324883,32.577576,32.6406,29.953192,29.881334,24.993174,24.159832,19.91599,18.059486,14.073191,15.369226,12.959971,12.094263,8.733395,7.6561046,5.271809,0.0,4.938617,7.7568126,10.263504,13.294981,16.650105,22.849422,25.185589,26.867838,30.599627,31.9059,29.470573,26.515242,22.701141,22.20293,17.008755,18.04601,12.790587,9.778775,7.383514,5.385494,2.5621402,6.7325106,8.404634,11.687621,11.285966,16.268026,19.410292,18.60529,21.081793,20.734455,23.868443,28.00314,27.502396,25.240826,26.582542,23.852741,27.639168,25.108677,31.067596,30.25008,29.019073,25.328732,24.943533,20.494596,19.869694,18.333551,17.391876,19.447067,18.79148,22.77195,22.796053,26.725815,29.192047,27.63321,28.370596,26.775543,22.656963,21.259995,17.167435,15.759181,11.481235,11.778919,9.632748,13.236281,16.454813,17.49345,15.139339,18.270187,20.934921,19.187416,17.50541,20.313763,23.472395,25.44434,26.052843,24.383944,27.61397,22.81056,27.10396,25.61332,29.033094
27,17.451662,17.596481,16.895136,13.517595,15.222888,13.763319,16.166765,18.003778,18.248154,24.250214,24.586895,28.997948,28.509754,25.61823,25.519785,20.624422,19.788885,15.608223,13.859574,10.477593,11.514267,10.93368,9.904232,6.9187,8.783888,7.978533,4.938617,0.0,4.5205855,5.3311577,9.263764,11.74662,18.24693,20.403822,22.082706,25.826132,27.000082,24.61782,21.585897,17.76978,17.513609,12.292961,13.668722,9.2792,6.3497024,4.9793944,5.562813,5.50239,9.763493,12.518013,14.72837,12.524044,18.141129,20.585257,18.583115,20.356272,20.013725,22.411997,27.015251,26.025824,23.33435,25.426535,22.801134,26.707352,24.990635,30.342731,30.31512,29.804737,26.447271,25.521067,21.297739,20.441444,17.803202,16.939968,17.799883,16.916668,20.422022,19.90453,24.136461,25.86957,23.898235,24.957,23.012047,19.063099,18.290401,13.439632,13.454914,9.036337,10.749101,10.108796,13.407441,15.885548,17.93236,15.623699,17.063902,20.488285,20.032137,18.060823,19.488869,22.778677,24.604244,24.422478,22.864487,25.13677,20.607084,24.711693,22.903093,26.644217
28,20.93029,20.305267,19.182827,15.211459,15.905628,14.140981,15.322433,16.437763,15.770988,22.014431,21.327799,26.091305,25.765022,22.933355,23.69255,18.677038,18.819698,14.371036,14.08961,11.214469,13.448046,13.817202,13.754255,11.210897,13.260827,11.782716,7.7568126,4.5205855,0.0,5.8651133,5.9692626,10.400499,15.709772,18.181787,19.9401,23.454699,25.330864,23.132957,20.22053,16.630745,16.137371,11.558544,11.478987,7.014505,7.5910835,4.48449,8.196423,6.7203336,10.008054,12.854809,13.818457,9.999298,15.993578,17.50863,15.042209,16.426252,15.810091,17.966017,22.647816,21.627357,18.93706,21.424942,19.18482,23.318314,22.42021,27.62476,28.09421,27.685217,24.16327,22.535568,18.683624,17.17978,14.146561,12.95389,13.401546,12.450017,15.933629,15.596202,19.840755,21.815973,19.910547,20.784706,19.159708,15.103534,14.162743,9.838106,10.433907,6.9889436,10.143936,10.862245,14.133195,16.440624,18.365154,15.367824,15.850591,20.079845,19.642593,16.71384,17.497393,21.509962,23.70858,23.051468,20.996105,22.827337,17.736162,21.422441,19.158941,22.711624
29,18.99187,19.194727,17.009796,14.391796,15.29978,12.066589,15.535098,15.323437,16.385405,21.05445,21.419361,25.960833,24.655817,21.479836,21.328417,16.526564,15.666794,11.798848,10.282176,8.546847,8.701503,11.105813,9.898686,8.282124,12.177,12.513091,10.263504,5.3311577,5.8651133,0.0,6.634589,6.600877,13.603207,15.489498,17.057657,20.841576,21.746834,19.401403,16.293701,12.503289,12.587129,7.3965626,9.547136,7.507203,5.6552687,6.818812,9.196676,10.546656,14.273145,17.49409,18.9818,15.734107,21.365019,23.15058,20.09874,21.03009,20.797184,22.236116,27.181934,25.72006,22.643633,25.55917,23.190638,27.069122,26.294115,30.821857,31.629158,31.848558,28.89629,27.478745,23.646963,22.590479,19.05019,18.285196,17.75692,16.606432,19.247364,17.996536,22.406736,23.081894,20.644428,22.182962,19.807224,16.292048,16.520773,10.917356,13.140083,9.421343,12.36159,13.158349,15.724613,17.216879,20.094452,18.034786,17.662273,21.634,22.47108,20.3734,20.335718,23.561045,25.127964,24.062372,22.72387,23.716743,19.7661,23.421618,21.261383,25.265162
30,25.085848,24.620811,22.44943,19.07066,19.056261,15.859824,17.471962,16.151688,15.723094,20.394064,18.625122,23.959482,22.647205,19.427963,21.028015,16.161007,17.087866,13.113701,13.998804,13.035597,14.493021,17.135824,16.518986,14.453744,17.674559,17.194456,13.294981,9.263764,5.9692626,6.634589,0.0,6.9257617,10.0252495,13.604625,14.528946,18.147238,20.281193,17.92904,15.592748,12.69124,10.982356,7.5787253,5.866943,3.789207,8.115954,7.113825,11.797959,12.21772,14.424968,17.968328,17.765522,13.282579,18.326738,19.141075,15.141084,15.306837,15.460197,16.337248,21.425549,20.407108,17.496357,21.47921,20.09218,24.31183,24.896059,29.229784,30.68816,30.83019,27.485516,25.01145,21.881367,19.62147,15.912404,14.129434,12.807134,10.741696,12.971451,11.469105,15.804101,16.786469,15.06866,16.80045,15.231416,11.687224,12.14479,7.7610664,11.932213,10.198033,14.372163,16.108307,18.885778,20.472767,22.89677,19.964344,18.83601,23.64837,24.104153,20.813171,20.215536,24.420235,26.53341,24.930225,22.84581,23.13419,18.338556,21.034296,17.874304,21.382689
31,23.2615,23.066248,19.658453,17.61285,17.261837,12.662241,16.05415,12.961353,14.563378,17.064713,16.958128,21.647995,19.32895,15.84022,16.114956,11.570089,11.461911,8.421736,8.879154,10.12007,10.194854,14.92672,14.502436,14.120308,18.48113,18.898315,16.650105,11.74662,10.400499,6.600877,6.9257617,0.0,7.875899,8.969467,10.701011,14.309753,15.316816,13.326639,9.951427,6.2747583,7.628384,4.5710225,6.3742247,9.159621,10.431426,11.898697,15.313532,16.53836,19.842619,23.165392,23.893826,19.621433,25.08872,25.8381,21.956095,21.815802,21.461437,21.589315,26.608192,24.549747,21.184711,24.93983,23.10355,26.761478,27.306324,30.67652,32.530663,33.54489,31.074581,29.031372,25.892067,24.590195,20.294989,19.742258,17.61294,16.431963,17.643503,15.67388,19.997026,19.248941,16.054193,18.054955,15.220535,12.638771,14.271691,8.77671,13.631063,11.847689,15.553207,17.678053,19.505007,20.015217,23.335129,21.371656,19.046064,23.532145,25.517937,23.116665,21.44653,24.635063,25.997866,23.849247,22.633352,21.879196,18.722631,21.377726,18.772678,22.802114
32,31.12797,30.7719,27.208622,25.035625,24.129147,19.514866,21.734438,17.149666,17.82096,18.43474,15.893765,21.11307,17.72965,14.052533,16.528254,13.096222,14.96059,13.293303,15.5957575,17.575539,17.816692,22.784256,22.12238,21.357992,25.60864,25.996656,22.849422,18.24693,15.709772,13.603207,10.0252495,7.875899,0.0,6.3561535,4.7672477,8.482442,10.878869,8.744252,7.6667566,7.551435,5.1256685,8.090055,5.7411914,11.642431,15.468154,16.564054,20.72411,22.102753,24.289413,27.982487,27.44012,22.676905,27.015787,26.936443,22.106815,20.780836,21.191206,19.965872,24.759789,23.09297,20.017624,25.123495,24.59035,28.205078,30.392448,32.984806,35.738804,36.95162,34.388107,31.377169,29.134232,26.85405,22.520803,21.204258,17.948744,15.927976,15.272041,12.262173,15.566876,13.130795,10.664201,13.946349,11.9076,11.100395,14.205511,11.20965,17.653881,17.560976,21.77364,24.366034,26.274601,26.715761,29.812468,27.415657,24.35523,29.293438,31.263622,28.125694,25.74424,29.415722,30.999105,28.166422,26.577702,24.475529,21.39289,22.450054,18.851917,22.066265
33,30.10547,29.299862,25.085302,23.516731,21.909363,17.034292,19.179182,13.287791,14.935028,13.297198,12.130575,16.40711,12.423966,8.658954,10.33335,7.6823587,9.8512535,9.79387,12.980805,16.16924,16.728144,21.973919,22.529646,22.847864,27.276167,27.437408,25.185589,20.403822,18.181787,15.489498,13.604625,8.969467,6.3561535,0.0,5.157513,6.337771,8.4233885,8.622429,5.2521896,5.2396398,9.126431,11.378009,10.982392,16.217487,19.056248,20.154896,24.07459,24.790453,27.819332,30.943481,31.065248,26.002785,31.148138,30.620417,26.361126,25.073874,24.281466,22.75884,27.241556,24.351948,20.966167,25.224709,24.22078,27.145248,29.326294,30.90747,34.020855,36.00015,34.301575,31.675943,29.591448,28.236942,23.510136,23.476507,19.82138,19.134296,18.292774,15.981822,19.380548,16.5632,12.043896,14.192597,10.8576355,10.994353,14.278068,11.365047,17.157902,17.687836,21.361115,24.447826,25.477562,25.024048,28.430565,26.653069,22.504179,27.097431,30.148039,27.562347,24.201204,27.036991,28.078434,24.757019,23.77329,20.702227,19.15095,19.90844,17.116259,20.582914
34,33.184147,32.91371,28.837122,27.34272,26.184908,21.21204,23.797203,18.273592,19.68685,18.33586,16.322336,20.803093,16.441715,12.807844,14.954289,12.823773,14.555046,14.372601,16.746637,19.740765,19.410881,24.987885,24.417698,24.298836,28.831781,29.53286,26.867838,22.082706,19.9401,17.057657,14.528946,10.701011,4.7672477,5.157513,0.0,4.3651824,6.1432214,4.6623573,4.568476,7.060593,6.595201,11.005023,10.017622,16.134596,19.250038,20.883919,24.750296,26.355652,28.809315,32.476265,32.132076,27.353313,31.778593,31.577705,26.746046,25.229704,25.48286,23.838284,28.382221,26.320015,23.21611,28.219269,27.719713,30.943794,33.388573,35.270687,38.37997,40.057594,37.927383,34.979393,32.908558,30.917095,26.40735,25.50148,21.9316,20.263899,19.097261,16.096622,18.863468,15.344178,12.444148,15.705386,13.346222,13.78992,17.300499,14.61825,20.929878,21.055609,25.030514,27.783537,29.286566,29.235441,32.602486,30.59017,26.950935,31.679026,34.31242,31.477068,28.54515,31.73189,32.94687,29.747066,28.5765,25.654276,23.634798,24.23131,20.934204,24.032972
35,36.10022,35.510773,31.190187,29.82392,28.213593,23.303288,25.34829,19.188126,20.52037,17.617723,15.299246,19.089909,14.175869,10.9708,13.676058,12.93624,15.274679,16.03301,19.03962,22.41098,22.437956,28.001041,27.98498,28.154253,32.69215,33.172874,30.599627,25.826132,23.454699,20.841576,18.147238,14.309753,8.482442,6.337771,4.3651824,0.0,4.675235,6.193373,6.7141953,9.891674,10.93979,15.242443,14.1127615,20.09488,23.43856,24.809649,28.821728,30.037685,32.56059,36.0186,35.590996,30.526289,34.962925,34.228004,29.481579,27.628004,27.490877,25.275356,29.403862,26.92251,23.913506,28.808945,28.591303,31.37156,34.370495,35.44228,39.008617,41.09477,39.37006,36.298443,34.660904,32.806133,28.205122,27.677889,23.678959,22.457912,20.627697,17.837452,20.047998,15.824755,12.409789,15.287427,12.97486,14.668303,18.397427,16.751062,22.847082,23.682762,27.525618,30.606493,31.762245,31.334305,34.694744,32.80611,28.541653,33.18772,36.22456,33.40566,29.870138,32.800537,33.84619,30.268387,29.244684,25.510153,24.27695,24.093973,20.973354,23.651045
36,35.817158,35.687904,31.120117,30.493385,29.141855,23.966398,26.958153,20.784855,23.020685,19.657495,18.734285,21.925295,16.721046,13.633777,14.659002,14.478477,15.581434,17.09823,19.179102,23.041328,22.060104,28.043266,27.584991,28.195234,32.928215,33.972725,31.9059,27.000082,25.330864,21.746834,20.281193,15.316816,10.878869,8.4233885,6.1432214,4.675235,0.0,4.042119,5.58908,9.733824,11.24651,15.700688,15.773983,21.885246,24.229609,26.355099,29.852602,31.675537,34.44822,38.062992,38.018406,33.270683,37.871914,37.641808,32.86238,31.274939,31.339767,29.445608,33.76245,31.301117,28.179804,32.892586,32.309464,35.084366,37.61372,38.755833,42.138634,44.30628,42.677635,39.90957,37.94484,36.340443,31.686155,31.221771,27.477415,26.163496,24.745798,21.848337,24.262907,20.118883,16.98095,19.865528,17.294647,18.585833,22.183956,19.64529,25.563925,25.765587,29.377396,32.196194,33.236744,32.65066,36.274754,34.76157,30.638353,34.982204,38.320644,35.921825,32.51458,35.053802,35.791588,32.30053,31.688324,28.034166,27.274086,27.510872,24.742958,27.707462
