,0,1,2,3,4,5,6,7,8,9,10,11,12,13,14,15,16,17,18,19,20,21,22,23,24,25,26,27,28,29,30,31,32,33,34,35,36,37,38,39,40,41,42,43,44,45,46,47,48,49,50,51,52,53,54,55,56,57,58,59,60,61,62,63,64,65,66,67,68,69,70,71,72,73,74,75,76,77,78,79,80,81,82,83,84,85,86,87,88,89,90,91,92,93,94,95,96,97,98,99,100,101,102,103,104,105,106,107,108,109
0,0.0,4.3825736,7.651977,10.232826,13.070646,16.029554,18.006542,23.80827,25.505924,28.598825,32.898037,35.02323,31.285048,34.209038,30.072525,31.61822,30.806126,32.65399,32.52355,33.531837,35.495148,34.542736,37.285862,39.620544,39.34142,39.73239,37.615734,35.853657,36.05746,33.752617,36.09281,31.762728,34.7255,29.640251,33.030888,31.282484,30.90159,33.505898,29.869661,29.591778,35.486282,35.444157,37.670456,38.902298,38.644447,40.491787,40.728065,42.547756,44.34719,44.14819,44.351887,43.042244,47.67145,45.667675,49.469227,47.649864,43.962902,44.346634,47.45843,45.795406,41.22898,39.40343,40.414,40.37797,40.032654,34.826397,35.81358,37.778698,33.1114,33.811935,34.83876,38.9101,37.506638,35.707424,40.99364,36.472267,41.346546,38.859695,38.004234,39.977684,36.42651,37.319595,34.63646,31.24707,31.317514,30.464397,29.03505,29.705069,31.079287,28.108265,30.004725,26.908289,30.162235,28.458044,26.280863,28.62147,25.123047,26.215824,22.294617,21.868141,22.263563,21.372404,22.090218,22.363148,20.513708,24.288494,23.731133,23.43678,26.275705,26.451008
1,4.3825736,0.0,4.4529796,6.7614026,8.947678,12.682974,13.957518,19.90759,21.815739,24.577374,29.053307,31.234034,27.973715,30.715374,26.814367,28.38649,27.990305,29.944157,30.562471,31.443596,33.896545,33.01192,36.086628,38.025368,37.404873,37.8377,35.265316,33.52207,33.242687,31.280035,32.93177,29.024519,31.660707,26.647072,30.28207,28.446434,28.605898,31.221731,27.483654,27.117374,32.89623,32.939068,34.783882,36.01923,36.248722,37.699444,38.486168,40.09267,42.268723,41.78901,41.81085,40.198685,44.68184,42.433758,46.230194,44.575657,40.625412,40.838783,43.795135,41.964947,37.505836,35.745083,36.51643,36.609726,36.046543,30.83307,32.19096,34.05945,29.675507,30.561125,31.98986,36.02724,34.883396,32.76979,37.86136,33.079456,37.743046,35.02899,34.03238,35.800278,32.32351,33.03818,30.461426,27.178013,27.481482,26.725374,25.627882,26.506838,28.4249,25.721455,28.01038,25.339773,28.99039,27.771477,25.571375,27.648119,24.217758,24.615217,20.432684,19.447226,19.448133,18.069782,18.475609,18.43841,16.790504,20.334875,20.495438,20.236979,23.46243,23.89566
2,7.651977,4.4529796,0.0,5.1948752,7.004267,9.067877,11.9824295,16.772657,19.301981,22.059038,26.354004,29.104887,25.966516,29.450335,26.092648,28.228947,28.355993,30.925262,32.03311,33.196705,35.911407,35.354687,38.54359,40.066208,39.281837,39.488106,36.51369,34.49956,33.677593,31.736605,32.30128,28.679781,30.314957,25.10663,28.53918,26.052204,26.554287,29.536673,26.16996,26.2599,31.901438,32.604504,34.046524,35.73467,36.592026,37.974483,39.319798,41.1603,43.60312,43.156563,43.212833,41.192722,45.546917,43.130024,46.690395,45.047935,40.884026,40.658768,43.64584,41.30187,36.777588,35.609745,36.29719,36.839962,35.91606,30.525335,32.749706,34.614742,30.7939,31.86542,33.875412,37.801365,36.883034,34.33095,39.140457,33.951244,38.251724,35.18271,33.709705,34.99812,31.432184,31.49635,28.714643,25.883364,26.807995,26.660883,25.779406,27.52138,29.933344,27.698238,30.381826,27.997057,32.021614,30.73025,28.301065,29.899792,26.34098,26.140627,22.283905,19.96457,20.419102,17.911804,17.344717,17.880415,17.062817,20.558279,21.878668,21.934826,25.51637,26.312551
3,10.232826,6.7614026,5.1948752,0.0,3.8752315,6.8226204,8.154494,13.874311,15.275385,18.509533,22.682083,24.900253,21.360819,24.654482,21.07988,23.302841,23.35293,26.221212,27.315878,28.75924,31.506697,31.265102,34.45262,35.66848,34.876137,34.86045,31.784536,29.587992,28.717031,26.645037,27.267124,23.50255,25.35318,20.194063,23.754322,21.729462,22.149141,24.859026,21.253614,21.150408,26.815237,27.412653,28.92586,30.614296,31.4543,32.945877,34.30903,36.363518,38.808746,38.534073,38.779583,36.65933,41.082764,38.85361,42.198357,40.351734,36.34701,36.082504,39.368816,37.03357,32.27883,31.290411,32.54366,33.310936,32.81015,26.978857,29.206,31.789038,27.99985,28.67637,31.054188,34.805424,33.61955,30.762123,35.57251,30.238491,34.621,31.768791,30.08677,31.799335,27.73503,28.278692,25.065002,21.908646,22.471735,22.502228,21.17257,23.453377,25.701553,23.792006,26.681988,24.393295,28.773474,27.201485,24.559126,25.69475,22.125246,21.47194,17.92097,14.917354,15.766206,12.971504,12.543626,13.717086,13.051606,17.58899,18.444227,19.469383,22.761402,24.458237
4,13.070646,8.947678,7.004267,3.8752315,0.0,6.1335864,5.115556,11.208063,13.177774,15.635648,20.190222,22.526999,19.91634,22.775356,19.62586,21.733648,22.36564,25.128195,27.13008,28.235125,31.461678,31.164028,34.635513,35.51127,34.34764,34.487804,30.995071,28.97588,27.561003,26.061495,25.828146,22.788223,24.206877,19.318115,23.173069,21.075201,22.289732,24.914452,21.278793,21.005932,26.328133,26.934326,27.912146,29.491186,30.888138,31.785147,33.76101,35.39353,38.23212,37.550064,37.50123,35.1142,39.292534,36.743004,40.144806,38.586575,34.25823,33.83959,36.80651,34.328213,29.818981,28.800447,29.57573,30.412859,29.56097,23.874376,26.529034,28.788157,25.398191,26.37242,29.072075,32.74509,31.945183,28.880568,33.377518,27.868832,31.92539,28.78131,27.009895,28.379004,24.553102,24.796728,21.86215,18.895433,19.86313,19.954834,19.267204,21.592585,24.513006,22.90706,26.070007,24.345865,28.837719,27.969889,25.53246,26.527952,23.260244,22.011555,18.24055,15.028341,15.036103,11.7379675,10.70518,11.055468,10.84526,14.599641,16.614037,17.4637,21.112333,22.849308
5,16.029554,12.682974,9.067877,6.8226204,6.1335864,0.0,6.9357104,8.626998,11.174824,14.373422,17.996317,21.246841,18.089565,22.67617,20.371326,23.490091,24.507631,28.225986,30.134785,31.905401,34.987633,35.230713,38.51275,39.034374,37.97656,37.629047,33.986034,31.462957,29.674803,27.801243,26.387327,23.413986,23.25341,17.993917,21.054102,17.818363,19.114235,22.387764,19.623514,20.353453,25.413458,27.17312,27.830143,30.249296,32.205204,33.460224,35.77344,38.09749,40.939903,40.685516,40.95807,38.224907,42.306946,39.853046,42.71901,40.941967,36.677895,35.666206,38.931725,35.7674,31.012726,31.117579,32.22987,33.75335,32.719643,26.771524,30.35536,32.893612,30.156929,31.06476,34.244,37.691517,36.8834,33.449013,37.639454,31.84223,35.469833,32.15258,29.702858,30.581478,26.430761,25.846634,22.265162,20.092535,21.765902,22.926416,22.066277,25.653502,28.571909,27.501753,30.824448,29.095837,33.797615,32.277733,29.47946,29.89199,26.391672,24.83279,22.029655,17.29767,18.690712,14.330458,11.9578085,14.207407,15.204852,19.091719,21.647982,23.04723,26.60313,28.710463
6,18.006542,13.957518,11.9824295,8.154494,5.115556,6.9357104,0.0,7.309606,8.505131,10.700589,15.3196,17.455418,15.346101,17.988308,15.380558,17.770914,19.085651,22.288923,25.0801,26.297174,29.867126,29.948269,33.53249,33.75268,32.307205,32.251244,28.29476,26.155502,24.062706,22.919348,21.487646,19.135233,19.812733,15.237976,19.260193,17.308704,19.249004,21.614649,18.052254,17.69415,22.499866,23.338194,23.732586,25.441164,27.528746,28.047672,30.708677,32.32842,35.501213,34.732674,34.676968,31.872015,35.828144,33.188538,36.276253,34.745426,30.285423,29.496334,32.51933,29.697882,25.129189,24.61394,25.55976,26.89826,26.048328,20.033985,23.42162,26.093472,23.399496,24.25111,27.656643,30.964087,30.292604,26.720453,30.758722,24.935568,28.566673,25.310858,23.033285,24.30389,20.120953,20.273092,16.959322,14.08437,15.38717,16.145315,15.660229,18.993368,22.349699,21.55601,25.08114,23.986149,28.756779,28.074694,25.61879,25.93137,22.964615,20.784187,17.583878,13.261,13.234959,8.827501,6.4952946,7.3549013,8.670801,12.39712,15.261321,16.981613,20.444016,22.993433
7,23.80827,19.90759,16.772657,13.874311,11.208063,8.626998,7.309606,0.0,5.207876,6.226904,9.965925,13.799989,12.848408,16.970833,16.459936,19.73503,22.08443,26.010986,29.420649,30.957426,34.665737,35.23722,38.769775,38.317978,36.67733,36.256214,31.874283,29.464,26.464973,25.605797,21.770487,20.65298,18.662191,14.491693,17.567883,14.263811,17.499655,20.249792,17.963932,18.569847,22.191757,24.372772,23.646984,26.16289,29.491598,29.709682,33.34847,35.230614,38.722107,38.02356,38.017513,34.625397,38.056145,35.24748,37.656387,36.25016,31.634722,29.934052,32.826984,29.011114,24.619558,25.59235,26.317617,28.56994,27.101255,21.296259,26.165455,28.644583,27.324787,28.365337,32.426846,35.274826,35.0088,30.996815,34.173546,28.112495,30.655993,26.997303,23.843166,23.924013,19.827084,18.310158,14.553172,13.534626,16.390354,18.614386,18.76137,23.263304,27.018637,27.087315,30.801365,30.181877,35.055824,34.31933,31.752945,31.4349,28.578398,25.793898,23.520908,18.082905,18.745262,13.680676,9.846751,11.764363,14.501036,16.786003,20.940475,22.810572,26.236738,28.970108
8,25.505924,21.815739,19.301981,15.275385,13.177774,11.174824,8.505131,5.207876,0.0,4.9834356,7.608027,10.106985,7.8118253,12.282853,11.782524,15.523338,17.882738,22.312479,25.54097,27.48373,31.016571,32.013744,35.347878,34.55284,33.011543,32.245224,27.875353,25.195013,22.124552,21.039408,16.938702,15.744727,13.500078,9.335453,12.593728,10.030173,13.376056,15.600862,13.165283,13.640796,16.997541,19.28474,18.531841,21.252163,24.649078,25.112988,28.744421,31.029234,34.40698,34.05698,34.384655,30.93729,34.456432,32.03122,34.057453,32.279472,28.015268,26.232939,29.6918,25.902689,21.021435,22.465912,24.24372,26.789148,26.08782,19.792511,24.41862,27.872076,26.536236,26.959835,31.215773,33.775105,33.102467,28.898384,32.02296,25.993063,28.622595,25.460981,22.084171,22.936562,18.04108,17.526283,12.885818,11.2936125,13.416777,16.169683,15.518885,20.86062,24.119556,24.6827,28.392174,27.882898,32.839603,31.718708,29.051432,28.160635,25.502123,22.293623,20.87606,14.846689,16.142385,11.015339,7.0679245,10.488027,13.525505,16.729986,19.790827,22.620539,25.388144,28.852207
9,28.598825,24.577374,22.059038,18.509533,15.635648,14.373422,10.700589,6.226904,4.9834356,0.0,5.1423826,8.122472,9.642161,12.0627985,12.998741,15.992163,19.159859,23.005753,27.27213,28.618223,32.58519,33.419155,36.978844,35.841946,33.870842,33.374447,28.637249,26.393167,22.67857,22.623875,17.317123,17.732897,14.88315,12.287098,15.355617,13.216346,17.26324,18.991625,16.874594,16.952894,19.233997,21.248247,19.589144,21.877794,25.989548,25.429527,29.847343,31.364046,35.191875,34.243656,34.113075,30.365515,33.340614,30.456001,32.465103,31.23447,26.543724,24.445883,27.212496,23.093138,18.854439,20.446627,21.280626,24.07411,22.74317,16.95299,22.396847,25.223799,24.831509,25.63119,30.189476,32.462795,32.374657,28.046694,30.471144,24.424788,26.237185,22.669159,19.034405,19.007006,14.605076,13.067587,8.709514,8.428699,11.844216,14.902421,15.588394,20.614056,24.576334,25.531006,29.320187,29.471624,34.290115,33.998837,31.67264,30.811186,28.56547,25.074953,23.40266,18.021795,18.140593,13.432353,9.696111,11.008772,14.457591,15.740755,20.033493,22.458311,25.308844,28.617123
10,32.898037,29.053307,26.354004,22.682083,20.190222,17.996317,15.3196,9.965925,7.608027,5.1423826,0.0,5.126093,8.057122,11.141993,13.822977,17.168715,20.56763,24.822126,28.99078,30.71716,34.47505,35.77386,39.08765,37.47639,35.552414,34.650208,29.89103,27.413525,23.374935,23.320719,16.673748,17.955376,13.1689,11.801569,13.479174,11.260123,15.859864,17.20922,16.27557,16.888155,17.753407,20.640045,18.226404,21.087143,25.83684,25.295074,30.094776,32.005455,35.796013,35.172966,35.309723,31.32637,33.944412,31.32623,32.555473,31.182896,26.84293,24.143656,27.094282,22.427418,18.252892,21.233908,22.596941,25.980856,24.85677,19.366526,25.018362,28.16575,28.399345,28.907713,33.676353,35.538395,35.387135,30.896784,32.801422,26.918203,28.106861,24.829449,20.78841,20.482164,16.063023,14.155164,9.513284,10.716778,13.894018,17.633923,18.04908,23.632162,27.229515,28.728094,32.45791,32.77107,37.585026,36.977413,34.55611,33.164455,31.07347,27.29963,26.50264,20.684563,21.46491,16.887213,13.295416,15.38481,18.860004,20.264528,24.14444,26.952354,29.431644,33.05042
11,35.02323,31.234034,29.104887,24.900253,22.526999,21.246841,17.455418,13.799989,10.106985,8.122472,5.126093,0.0,6.8404565,6.7863684,10.81695,13.66032,17.310371,21.426254,25.809376,27.502909,31.202013,32.756207,35.920635,33.863995,31.852213,30.803293,25.994041,23.604322,19.269527,19.675856,12.2101345,14.692499,9.656062,10.325555,11.876429,11.765206,15.952069,16.091738,15.046605,14.938202,14.581543,16.969826,13.947565,16.515278,21.646475,20.692638,25.827795,27.623322,31.471992,30.86665,31.097343,27.009033,29.433361,27.063965,27.89572,26.389778,22.293884,19.4249,22.702803,18.067913,13.602168,17.193756,19.397398,23.031395,22.641813,17.137953,22.396276,26.206043,26.687023,26.688406,31.556974,32.97953,32.651115,28.081348,29.59723,23.969257,24.898466,22.183855,18.05114,18.46447,13.581413,13.007263,8.145841,9.064887,11.178137,15.225158,15.412062,21.18357,24.388128,26.479052,30.067902,30.79136,35.438843,34.939278,32.70559,30.89541,29.315554,25.20046,25.045807,19.606077,20.174112,16.38442,13.599067,15.413798,18.747185,20.063482,23.079876,26.390688,28.181305,32.242287
12,31.285048,27.973715,25.966516,21.360819,19.91634,18.089565,15.346101,12.848408,7.8118253,9.642161,8.057122,6.8404565,0.0,7.147371,8.462091,12.732341,15.177547,20.267761,23.149822,25.750828,28.835592,30.655396,33.50185,31.90921,30.517685,29.057238,24.766678,21.670834,18.298397,17.023033,11.411392,11.050734,6.218668,3.9915724,5.8475304,5.8699455,9.445438,9.889315,8.443205,9.028283,10.092363,13.364522,11.8275385,15.36904,19.381897,20.155258,24.050299,27.080326,30.253843,30.554256,31.459229,27.83948,31.12515,29.40435,30.38708,28.070868,24.608751,22.381077,26.604376,22.67904,17.380457,20.265783,23.570444,26.695484,26.985222,20.710157,24.956821,29.47619,28.639687,28.236279,32.708668,34.57803,33.48115,29.082644,31.638067,25.978834,28.15195,25.855484,22.160381,23.66145,18.2234,18.699322,13.576663,12.372735,13.165262,16.68299,15.095305,21.310904,23.59053,25.160273,28.646973,28.503504,33.331184,31.704609,29.014109,27.070923,24.984516,21.15769,21.553122,15.281818,17.434519,13.367227,10.776247,14.569892,17.45183,20.841705,22.529528,26.311338,28.039812,32.280285
13,34.209038,30.715374,29.450335,24.654482,22.775356,22.67617,17.988308,16.970833,12.282853,12.0627985,11.141993,6.7863684,7.147371,0.0,5.282799,7.5938344,11.032056,15.305471,19.383219,21.29499,24.749994,26.579462,29.522308,27.29191,25.41969,24.155357,19.459856,16.91188,12.6583,12.986142,5.5585055,8.49709,5.5055485,7.966232,10.170332,12.704757,15.384168,14.311499,12.228258,10.725555,9.967182,10.820791,8.038226,10.054706,14.940006,14.189495,19.079195,21.151531,24.824116,24.528465,25.133633,21.247194,24.188799,22.42358,23.268492,21.107355,17.513872,15.242477,19.583967,15.992079,10.476548,13.457987,17.445038,20.6725,21.67934,15.740652,19.433855,24.409353,24.132095,23.293385,27.915442,29.162252,28.159693,23.66762,25.51198,20.191494,21.870998,20.161942,16.557749,18.832476,13.305799,15.380149,10.954649,9.3336115,8.471717,12.0408945,10.769115,16.772387,18.97152,21.432203,24.771149,25.581738,30.06284,29.331823,27.218267,25.0101,23.902151,19.57214,20.214266,15.402753,15.974643,13.487285,12.255848,14.05299,16.671394,18.806686,19.892622,23.918308,24.812323,29.382967
14,30.072525,26.814367,26.092648,21.07988,19.62586,20.371326,15.380558,16.459936,11.782524,12.998741,13.822977,10.81695,8.462091,5.282799,0.0,4.467477,6.8953238,11.816556,15.252031,17.42301,20.815762,22.472513,25.500937,23.854376,22.251467,21.100275,16.629452,13.815729,10.4753895,9.67768,6.214628,5.1794944,7.137823,6.964257,10.588214,13.284792,14.861327,14.042144,10.493793,7.988123,9.749576,9.179518,8.776408,10.093838,13.15171,13.434935,17.052631,19.420757,22.755423,22.662283,23.441002,20.08206,23.895834,22.344461,23.968172,21.493544,18.059727,16.899128,21.438002,18.868694,13.292778,14.263922,18.465675,20.843954,22.268654,15.848328,18.396215,23.721596,22.18751,21.096634,25.300365,27.024261,25.499825,21.214407,24.109991,18.738655,21.714102,20.229786,17.330399,20.485651,14.853105,17.742802,13.503413,10.189054,8.034784,10.348721,7.4318476,13.581519,15.264946,17.184313,20.545418,20.845064,25.487564,24.395884,22.13286,20.111292,18.7673,14.510372,14.9907675,10.219752,10.976112,8.99655,8.969887,11.00994,12.916241,16.297398,16.097206,20.442001,21.189331,25.854822
15,31.61822,28.38649,28.228947,23.302841,21.733648,23.490091,17.770914,19.73503,15.523338,15.992163,17.168715,13.66032,12.732341,7.5938344,4.467477,0.0,4.1032367,7.8394837,12.431086,13.85185,17.620167,19.133982,22.304422,20.365313,18.3992,17.561375,12.77777,10.552469,6.7752028,7.5852685,5.978269,6.4189463,10.37314,11.352299,14.623182,17.706142,19.090986,17.878754,14.328035,11.325739,12.301327,9.853323,9.604883,8.795119,11.237053,10.368133,14.160155,15.554873,19.219175,18.58031,19.098797,15.73833,19.678009,18.147427,20.088993,17.682356,14.205832,13.728908,18.23085,16.581938,11.3438015,10.941972,15.635751,17.56582,19.728254,13.710158,15.016606,20.762089,19.191967,17.626465,21.735527,23.119629,21.474342,17.198341,19.938705,14.881623,18.030247,17.200977,14.880763,18.866827,13.581566,17.65235,14.387733,10.791048,7.1126585,8.064081,4.7418146,10.183306,11.495253,14.0730295,17.25971,18.262903,22.580196,22.210623,20.467066,18.410118,17.884604,13.519022,14.017135,11.234969,10.375151,10.394989,11.570895,11.873339,13.045923,15.463359,14.257998,18.7088,18.660652,23.520632
16,30.806126,27.990305,28.355993,23.35293,22.36564,24.507631,19.085651,22.08443,17.882738,19.159859,20.56763,17.310371,15.177547,11.032056,6.8953238,4.1032367,0.0,5.432453,8.520963,10.618556,13.963021,15.705153,18.67057,16.996286,15.459365,14.402438,10.098271,7.3831053,5.427073,4.500789,8.116552,5.9902806,12.28864,12.820488,15.871518,19.344961,19.789446,18.350864,14.49549,11.101721,12.654208,9.010138,10.541249,9.156688,9.236216,9.71416,11.682026,13.69266,16.712343,16.664114,17.697191,15.074773,19.616951,18.796724,20.85143,17.994997,15.433315,15.812404,20.449535,19.627283,14.670538,13.570295,18.458244,19.731157,22.3993,16.644426,16.636969,22.552057,20.131332,18.093092,21.514168,23.000872,20.667757,16.842623,20.23231,15.814737,19.694817,19.506819,17.875011,22.266415,17.232323,21.531193,18.36311,14.521587,10.749695,10.601328,6.4023523,10.160335,9.648765,11.960458,14.753592,15.334829,19.570824,18.590378,16.789047,14.44708,14.177804,9.781704,11.150989,9.525266,9.001953,10.633299,12.929631,13.456551,13.6942835,16.94062,14.109877,18.752256,18.113596,23.04521
17,32.65399,29.944157,30.925262,26.221212,25.128195,28.225986,22.288923,26.010986,22.312479,23.005753,24.822126,21.426254,20.267761,15.305471,11.816556,7.8394837,5.432453,0.0,6.47274,6.2069507,10.432758,11.587038,14.908782,13.049867,10.865771,10.743074,6.1695504,5.6432643,5.3463135,7.0794826,11.985495,11.22674,17.317085,18.178831,21.25041,24.706985,25.20754,23.708073,19.875723,16.448656,17.634144,13.341621,14.701251,11.8927355,10.649247,9.6364,10.5806055,10.364253,13.602656,12.486746,12.987732,10.938088,15.829238,15.1788845,17.952578,15.413377,13.190014,14.915697,18.846388,19.439814,15.574887,12.632782,17.188126,17.410044,20.846075,16.15618,14.085496,20.030338,17.297516,14.597444,17.381165,18.460249,15.749906,12.284544,15.775487,12.370052,16.67893,17.497885,17.043493,22.028563,17.899588,22.930874,20.83228,16.976871,12.7404785,10.957948,7.808561,7.6723046,5.1630273,8.495236,10.627338,12.3854885,15.871525,16.202438,15.402913,13.405198,14.42958,10.733376,11.565468,12.904259,10.577328,13.906243,16.76146,15.8105135,15.213514,17.137302,13.0515585,17.315054,15.489373,20.384626
18,32.52355,30.562471,32.03311,27.315878,27.13008,30.134785,25.0801,29.420649,25.54097,27.27213,28.99078,25.809376,23.149822,19.383219,15.252031,12.431086,8.520963,6.47274,0.0,4.5343714,5.715777,8.13248,10.379801,9.265556,8.894154,7.703415,6.2122297,4.8225727,8.848942,7.341828,15.435561,12.677619,19.731821,20.170387,22.67314,26.473476,25.805056,24.048058,20.276485,16.886522,18.41723,13.660147,16.65277,14.142625,10.229118,11.910463,9.207578,10.928655,11.871954,12.779533,14.634569,14.225643,19.233171,19.838768,22.05179,18.891363,18.238024,20.175179,24.383411,25.23542,21.228502,18.873278,23.61719,23.639153,27.192364,22.505497,20.144714,25.86234,22.411612,19.548214,21.187555,22.39187,18.8629,16.57703,20.480844,18.119778,22.623632,23.787586,23.509525,28.480322,24.202671,29.045948,26.465775,22.463507,18.431362,16.919756,13.134185,12.949895,8.784908,10.143103,10.72154,10.891097,13.779039,12.018718,11.015885,7.966533,9.9690275,7.158624,10.262826,13.050755,12.274265,16.296179,19.670208,19.69882,18.546467,21.764812,16.607258,20.731632,18.578707,23.118725
19,33.531837,31.443596,33.196705,28.75924,28.235125,31.905401,26.297174,30.957426,27.48373,28.618223,30.71716,27.502909,25.750828,21.29499,17.42301,13.85185,10.618556,6.2069507,4.5343714,0.0,4.772033,5.408213,8.802532,7.7242937,6.127859,6.9271874,5.4527082,6.8783374,10.118466,10.585492,17.58483,15.88047,22.637075,23.174717,26.059582,29.641073,29.450104,27.86684,23.964193,20.52435,22.013056,17.259079,19.559732,16.505665,13.20514,13.199474,11.060048,10.19014,11.570507,10.851088,11.749554,11.947631,16.90676,17.313507,20.228336,17.680237,16.895163,19.527344,22.960152,24.565022,21.298882,17.837477,21.914425,21.199804,25.00353,21.125631,17.622164,22.998371,19.408718,16.27002,17.313976,18.260918,14.5484295,12.748221,16.710636,15.190346,19.833746,21.473604,21.972841,27.111507,23.524078,28.674023,26.840815,22.848188,18.666218,16.31294,13.375712,11.108528,6.0654254,7.629354,7.329323,9.006835,11.0982685,11.46589,11.67642,9.857808,12.399484,10.3051405,11.58597,15.554487,13.287547,17.826458,21.311285,20.239529,18.741297,20.794355,15.230494,18.835598,15.949538,20.29046
20,35.495148,33.896545,35.911407,31.506697,31.461678,34.987633,29.867126,34.665737,31.016571,32.58519,34.47505,31.202013,28.835592,24.749994,20.815762,17.620167,13.963021,10.432758,5.715777,4.772033,0.0,3.7337284,4.8070498,4.225835,5.1937914,5.1092057,7.380291,8.606524,13.118834,12.607277,20.553059,18.30071,25.267136,25.885538,28.303265,32.171608,31.35804,29.507965,25.838827,22.492247,23.76873,18.821,21.729937,18.68593,14.139424,15.22688,11.104375,11.038459,10.348531,11.189342,13.068175,14.423159,19.05606,20.407675,22.716843,19.833776,20.19421,22.933521,26.49232,28.358833,25.134172,22.054718,26.387583,25.647095,29.615753,25.86148,22.248594,27.508308,23.827833,20.617449,21.00193,21.713202,17.69279,16.756475,20.393835,19.66457,24.074154,26.047272,26.605032,31.76546,28.128078,33.268127,31.227673,27.247719,23.082718,20.96788,17.755775,15.835106,10.749772,11.473461,10.040652,10.618348,11.290208,10.203276,10.846918,8.471061,12.071209,11.188803,13.662309,18.033085,16.67939,21.273687,24.867073,24.318403,22.695704,25.243105,19.396235,22.819769,19.777353,23.727543
21,34.542736,33.01192,35.354687,31.265102,31.164028,35.230713,29.948269,35.23722,32.013744,33.419155,35.77386,32.756207,30.655396,26.579462,22.472513,19.133982,15.705153,11.587038,8.13248,5.408213,3.7337284,0.0,4.17722,5.8613133,6.109049,7.8803887,9.6087675,11.400169,15.332225,15.27059,22.829369,20.636972,27.617477,27.831678,30.648903,34.178665,33.568264,32.040398,28.107378,24.759117,26.542578,21.733488,24.475882,21.447828,17.38798,17.899033,14.43961,13.321354,13.020299,12.712202,13.637422,15.368991,19.858187,20.799654,23.760128,21.409676,21.34663,24.356537,27.39418,29.511179,26.564856,22.820827,26.470772,25.185997,29.046415,25.683323,21.491709,26.240738,22.124807,18.953794,18.58536,19.477652,15.31071,15.096179,19.116333,18.835752,23.52587,25.512295,26.571184,31.712551,28.474937,33.633667,31.968996,27.872335,23.768993,21.11841,18.341932,15.243115,10.1217165,9.895182,7.4290285,8.270616,7.8790708,8.377744,10.03945,9.114592,12.656415,12.441529,13.563872,18.912973,16.767588,21.737642,25.502195,24.32294,22.28715,24.342127,18.125757,20.973005,17.560963,21.06455
22,37.285862,36.086628,38.54359,34.45262,34.635513,38.51275,33.53249,38.769775,35.347878,36.978844,39.08765,35.920635,33.50185,29.522308,25.500937,22.304422,18.67057,14.908782,10.379801,8.802532,4.8070498,4.17722,0.0,4.6194215,7.007431,7.998147,11.61056,13.324724,17.820156,17.37396,25.352135,23.01347,30.028963,30.473448,32.897717,36.69482,35.6841,33.895508,30.216238,26.941444,28.373968,23.441874,26.464346,23.368458,18.602877,19.644588,15.081597,14.351601,12.618324,13.373655,14.954576,17.391924,21.51464,23.190626,25.58968,23.01814,23.840525,26.922422,30.041067,32.392506,29.536604,26.090374,30.017776,28.781063,32.82712,29.586742,25.349833,30.101013,26.130125,22.889029,22.23962,22.78086,18.559029,18.7874,22.305107,22.575068,26.953644,29.249088,30.307707,35.489876,32.217587,37.42374,35.633224,31.595648,27.44673,25.008923,22.049345,19.318277,14.155158,14.038953,11.435444,11.705343,10.281762,9.542385,11.46512,10.176974,14.167648,14.620111,16.600945,21.82585,20.315536,25.19296,28.953474,28.151318,26.159645,28.472769,22.234127,25.03942,21.590754,24.84868
23,39.620544,38.025368,40.066208,35.66848,35.51127,39.034374,33.75268,38.317978,34.55284,35.841946,37.47639,33.863995,31.90921,27.29191,23.854376,20.365313,16.996286,13.049867,9.265556,7.7242937,4.225835,5.8613133,4.6194215,0.0,3.5256786,3.7713282,8.266153,10.541911,14.9298115,15.165814,22.69089,21.197058,27.866488,29.102211,31.253042,35.39683,34.62823,32.477394,29.084631,25.728237,26.267582,21.145605,23.733015,20.219254,15.477715,15.967415,11.302895,10.00963,8.042992,9.020821,11.202982,13.640211,17.60883,19.752985,21.590517,18.803782,20.19823,23.292225,26.477434,28.996668,26.39927,23.252953,27.568806,26.63257,30.947502,27.877005,23.782396,28.87438,25.651457,22.234257,22.245745,22.206274,18.185606,17.839642,20.535084,20.916288,24.704105,27.320797,28.190786,33.397106,30.14853,35.469833,33.748875,30.007221,25.742382,23.60374,20.750257,18.500374,13.414326,14.617736,12.703782,14.002982,13.533358,13.285661,14.534269,12.306152,16.091301,15.302708,17.857403,22.076813,20.619762,25.129292,28.602734,27.899296,26.395393,28.416267,22.688244,25.89278,22.49745,26.238878
24,39.34142,37.404873,39.281837,34.876137,34.34764,37.97656,32.307205,36.67733,33.011543,33.870842,35.552414,31.852213,30.517685,25.41969,22.251467,18.3992,15.459365,10.865771,8.894154,6.127859,5.1937914,6.109049,7.007431,3.5256786,0.0,3.5889978,6.1244583,9.344986,12.984705,14.213918,20.984104,20.184587,26.612333,28.031767,30.4195,34.46271,34.159107,32.09149,28.61081,25.170286,25.598436,20.502995,22.552673,18.797132,14.802778,14.204241,10.71299,7.94069,7.585645,6.6780467,8.164514,10.433198,14.564981,16.387537,18.585182,16.076931,17.08605,20.357695,23.268984,25.947315,23.630457,20.131075,24.23664,23.192732,27.571968,24.785995,20.502232,25.569353,22.643534,19.171255,19.427996,19.164627,15.303548,14.680312,17.108686,17.575788,21.209837,23.942005,24.952015,30.1578,27.16104,32.55986,31.157082,27.535057,23.24377,20.9419,18.50542,15.87499,10.978966,12.814789,11.216749,13.465445,13.440316,14.388252,15.573647,13.576367,17.00804,15.529282,17.474392,21.446676,19.397934,23.8096,27.14558,26.02232,24.654358,26.075636,20.641928,23.804909,20.354664,24.231424
25,39.73239,37.8377,39.488106,34.86045,34.487804,37.629047,32.251244,36.256214,32.245224,33.374447,34.650208,30.803293,29.057238,24.155357,21.100275,17.561375,14.402438,10.743074,7.703415,6.9271874,5.1092057,7.8803887,7.998147,3.7713282,3.5889978,0.0,5.119968,7.3953385,11.625121,12.199445,19.332958,18.330667,24.703918,26.404644,28.369879,32.6856,32.101864,29.764658,26.563913,23.192108,23.186863,18.02122,20.311607,16.63237,12.012595,12.247784,7.6742167,6.590203,5.268679,6.733956,9.581153,11.109282,15.303809,17.478102,18.906885,15.747509,17.184711,20.0276,23.563189,25.828382,23.108261,20.412186,25.158588,24.689753,29.025887,25.73342,22.157022,27.619226,24.89752,21.506388,22.334263,22.198427,18.470407,17.268673,19.619623,19.42848,22.9016,25.423538,25.879444,31.03731,27.583078,32.86774,31.01251,27.469387,23.199692,21.453678,18.543283,17.104652,12.373181,14.477275,13.477244,15.071831,15.69642,15.301678,15.844724,13.033959,16.349573,14.573848,17.50367,20.70469,19.46313,23.521416,26.710773,26.243666,25.170403,27.207798,22.009981,25.616583,22.541044,26.716326
26,37.615734,35.265316,36.51369,31.784536,30.995071,33.986034,28.29476,31.874283,27.875353,28.637249,29.89103,25.994041,24.766678,19.459856,16.629452,12.77777,10.098271,6.1695504,6.2122297,5.4527082,7.380291,9.6087675,11.61056,8.266153,6.1244583,5.119968,0.0,3.8811972,6.8916473,8.682686,14.879,14.551729,20.646706,22.466969,24.732765,28.873558,28.8564,26.689177,23.363546,19.923248,19.906704,14.891358,16.551334,12.777766,9.430886,8.448953,6.4493947,5.038272,7.495719,7.024809,8.863216,8.2638235,13.149396,14.304302,16.128336,12.978557,13.111781,15.660249,19.493282,21.248495,18.222242,15.51698,20.450237,20.370237,24.53304,20.883425,17.865517,23.645243,21.288279,18.06723,19.886343,19.961086,16.70981,14.358896,16.755697,15.421979,18.901163,20.992245,21.053707,26.165533,22.52566,27.776636,25.922142,22.458576,18.183617,16.58917,13.8153515,12.946417,8.960723,12.061249,12.347708,14.418259,16.358501,16.491886,16.421926,13.722051,16.126942,13.191263,15.529952,17.721266,16.114801,19.70688,22.59794,21.966465,21.278374,23.03637,18.514536,22.412235,19.78256,24.355349
27,35.853657,33.52207,34.49956,29.587992,28.97588,31.462957,26.155502,29.464,25.195013,26.393167,27.413525,23.604322,21.670834,16.91188,13.815729,10.552469,7.3831053,5.6432643,4.8225727,6.8783374,8.606524,11.400169,13.324724,10.541911,9.344986,7.3953385,3.8811972,0.0,4.9365106,4.9620605,12.202539,11.034237,17.399424,19.106146,21.17357,25.423569,25.159338,22.925179,19.648373,16.231522,16.272346,11.219353,13.397569,10.1089735,6.352316,7.133208,5.301581,7.4461203,9.496748,10.392902,12.532556,11.196972,15.958565,16.800663,18.248117,14.751971,14.432627,16.108967,20.636253,21.452875,17.58511,15.857691,21.213348,21.765995,25.534145,21.044994,19.109474,25.123432,22.697153,19.77916,22.118147,22.68568,19.57172,16.73396,19.52719,17.13717,20.746275,22.154913,21.505005,26.422394,22.13677,27.06618,24.552145,21.027225,16.90728,15.989053,12.510856,13.307949,9.957021,12.777562,13.806041,14.980752,17.758184,16.726316,15.835433,12.659205,14.367958,10.877147,13.952486,15.019878,14.366555,17.441353,20.176949,20.335043,19.933691,22.564034,18.376741,22.683525,20.668127,25.452145
28,36.05746,33.242687,33.677593,28.717031,27.561003,29.674803,24.062706,26.464973,22.124552,22.67857,23.374935,19.269527,18.298397,12.6583,10.4753895,6.7752028,5.427073,5.3463135,8.848942,10.118466,13.118834,15.332225,17.820156,14.9298115,12.984705,11.625121,6.8916473,4.9365106,0.0,4.756269,8.028982,8.861278,14.07354,16.417053,18.620361,22.726923,23.27397,21.130716,18.021927,14.706632,14.140794,9.676959,10.283881,6.7853684,6.454869,4.6547527,7.737211,8.945481,12.528418,12.280828,13.534217,10.610718,14.900097,14.787756,16.097887,12.85564,11.220903,12.039803,16.895115,16.957886,12.739505,11.605081,17.268335,18.52793,21.993126,17.27655,16.407234,22.5241,20.957008,18.410488,21.708685,22.207777,19.849619,16.184307,18.345491,15.00564,17.952919,18.851032,17.54665,22.220137,17.748362,22.562534,20.053978,16.879,12.837965,12.580657,9.577925,11.808075,10.373601,13.837017,15.830026,17.447792,20.78701,20.426435,19.314579,16.5123,17.421713,13.301887,15.413223,14.857327,13.9505005,15.878824,17.880278,17.935854,18.281925,20.327213,17.45668,21.845688,20.428051,25.360527
29,33.752617,31.280035,31.736605,26.645037,26.061495,27.801243,22.919348,25.605797,21.039408,22.623875,23.320719,19.675856,17.023033,12.986142,9.67768,7.5852685,4.500789,7.0794826,7.341828,10.585492,12.607277,15.27059,17.37396,15.165814,14.213918,12.199445,8.682686,4.9620605,4.756269,0.0,8.522997,6.1388907,12.743192,14.279488,16.236889,20.51356,20.223652,18.020014,14.736878,11.336021,11.532819,6.6962686,9.313531,7.2865787,5.0961046,7.5029073,8.000372,11.625586,13.854255,15.002705,16.951841,14.764177,19.25376,19.451736,20.657698,17.151306,15.943604,16.456406,21.492216,21.048594,16.271511,15.816861,21.323372,22.651125,25.775793,20.413858,19.987392,26.059443,23.79589,21.38585,24.428083,25.476664,22.748098,19.309273,22.301601,18.721933,22.24744,22.733398,21.19801,25.674791,20.724691,25.075014,21.810455,18.352188,14.655011,14.776523,10.799409,13.851806,11.986839,14.464062,16.447609,16.90284,20.582907,18.817463,17.049753,13.846723,14.20146,10.007812,13.213747,12.021459,12.609003,14.420964,16.636349,17.791346,17.984476,21.411213,18.161396,22.775217,21.677404,26.593378
30,36.09281,32.93177,32.30128,27.267124,25.828146,26.387327,21.487646,21.770487,16.938702,17.317123,16.673748,12.2101345,11.411392,5.5585055,6.214628,5.978269,8.116552,11.985495,15.435561,17.58483,20.553059,22.829369,25.352135,22.69089,20.984104,19.332958,14.879,12.202539,8.028982,8.522997,0.0,5.9395638,6.67661,10.479489,11.996789,16.041384,17.411276,15.272357,13.048241,10.572246,8.52996,6.9104633,4.2771645,4.5759234,9.543658,8.864244,13.6690035,16.13789,19.560308,19.725555,20.838705,17.191286,20.36924,19.474491,19.901344,17.044674,14.474662,12.836727,17.96833,15.585881,10.131883,12.47255,17.811714,20.575857,22.754763,17.240711,19.236961,24.916008,24.29399,22.67354,26.892422,27.721056,26.136917,21.890741,23.657173,19.110361,21.046099,20.512907,17.61048,20.970385,15.71073,19.103226,15.438289,13.253795,10.659538,12.952077,10.580553,15.807259,16.560144,19.525095,22.356827,23.380678,27.463829,26.521954,24.642181,21.890131,21.506113,17.076918,18.853815,15.206555,15.762519,14.963107,15.152358,16.648916,18.421757,20.82251,20.217083,24.617275,24.553682,29.42153
31,31.762728,29.024519,28.679781,23.50255,22.788223,23.413986,19.135233,20.65298,15.744727,17.732897,17.955376,14.692499,11.050734,8.49709,5.1794944,6.4189463,5.9902806,11.22674,12.677619,15.88047,18.30071,20.636972,23.01347,21.197058,20.184587,18.330667,14.551729,11.034237,8.861278,6.1388907,5.9395638,0.0,7.183447,8.183299,10.27426,14.394359,14.466734,12.556136,9.165279,5.887502,6.7574635,4.4235177,6.2750616,7.5507927,9.092624,11.179907,13.514604,17.20236,19.758928,20.719694,22.312883,19.442034,23.524927,22.952759,24.024025,20.829819,18.6286,17.885895,22.996153,21.079222,15.578319,16.634666,21.736769,23.875284,26.046347,19.942537,21.38358,27.158556,25.264019,23.570871,27.290182,28.776388,26.603674,22.660404,25.66367,21.012093,24.21001,23.582592,21.083271,24.728556,19.222998,22.528494,18.395926,15.260399,12.613158,14.208587,10.429785,15.657173,15.628506,17.65649,20.437702,20.413696,24.770386,22.739977,20.346,17.580334,16.552347,12.273185,14.546584,10.336421,12.320596,11.746401,12.693577,15.20374,16.364788,20.380793,18.749697,23.36127,23.410404,28.243258
32,34.7255,31.660707,30.314957,25.35318,24.206877,23.25341,19.812733,18.662191,13.500078,14.88315,13.1689,9.656062,6.218668,5.5055485,7.137823,10.37314,12.28864,17.317085,19.731821,22.637075,25.267136,27.617477,30.028963,27.866488,26.612333,24.703918,20.646706,17.399424,14.07354,12.743192,6.67661,7.183447,0.0,5.5395346,5.555381,9.704368,11.246685,9.285915,8.069682,7.2461557,4.958551,7.9688344,5.73883,9.733127,13.935882,14.975813,18.813425,22.30013,25.208523,25.989218,27.346994,23.826305,27.025164,26.02991,26.346197,23.526691,20.949062,18.8273,23.681833,20.326097,14.870097,18.110489,22.66366,25.769815,27.082376,21.08197,24.280363,29.545923,28.775414,27.653543,31.986475,33.321156,31.804434,27.494028,29.700953,24.647234,26.696898,25.367167,21.930738,24.327196,18.810934,20.643013,15.955413,14.404706,13.510807,16.695057,14.333058,20.392956,21.594992,23.832678,26.931221,27.126986,31.624119,29.812464,27.320728,24.675505,23.316845,19.176542,20.878218,15.428807,17.596186,15.075462,13.982553,17.20569,19.541803,22.914612,23.225714,27.522448,28.310541,32.987774
33,29.640251,26.647072,25.10663,20.194063,19.318115,17.993917,15.237976,14.491693,9.335453,12.287098,11.801569,10.325555,3.9915724,7.966232,6.964257,11.352299,12.820488,18.178831,20.170387,23.174717,25.885538,27.831678,30.473448,29.102211,28.031767,26.404644,22.466969,19.106146,16.417053,14.279488,10.479489,8.183299,5.5395346,0.0,4.537999,6.529456,8.036983,7.9727497,5.031072,5.118282,7.7537947,10.637385,10.408483,13.890175,16.920082,18.553995,21.608429,25.131458,27.909197,28.624315,29.85273,26.58283,30.302616,28.977606,30.092041,27.392862,24.338556,22.627424,27.254824,23.9335,18.36052,20.602518,24.504305,27.252687,28.09045,21.598886,24.980604,29.929781,28.41659,27.656479,31.814165,33.796112,32.243603,28.026844,31.052528,25.57627,28.37695,26.499777,23.18662,25.43621,19.806871,21.168756,16.163979,13.972957,13.674019,16.584484,14.012941,20.113703,21.667267,23.030207,26.336763,25.836224,30.636522,28.497816,25.669197,23.590942,21.417564,17.694324,18.562143,12.200656,15.108166,11.552865,9.912988,14.190229,16.479677,20.771101,21.30977,25.388939,26.78854,31.16984
34,33.030888,30.28207,28.53918,23.754322,23.173069,21.054102,19.260193,17.567883,12.593728,15.355617,13.479174,11.876429,5.8475304,10.170332,10.588214,14.623182,15.871518,21.25041,22.67314,26.059582,28.303265,30.648903,32.897717,31.253042,30.4195,28.369879,24.732765,21.17357,18.620361,16.236889,11.996789,10.27426,5.555381,4.537999,0.0,5.195727,5.7696404,4.3234973,4.5808296,6.4462733,6.2740555,10.913522,10.338575,14.581799,17.707874,19.813543,22.718334,26.836885,29.283602,30.532217,32.120728,28.84838,32.31575,31.377878,31.830793,28.896908,26.404388,24.37061,29.17938,25.659113,20.2284,23.325827,27.553247,30.581785,31.534872,25.251669,28.70832,33.778004,32.561874,31.657265,35.846622,37.597996,35.946884,31.729877,34.4584,29.194471,31.639914,29.981588,26.50003,28.56314,23.008512,24.087267,19.045967,17.582699,17.41378,20.553637,17.972702,24.084757,25.240776,26.841537,29.962461,29.436674,34.104355,31.537308,28.629705,26.160418,24.103722,20.494972,22.152554,15.89644,19.249521,15.973889,14.355635,18.70707,21.009068,25.246216,25.71901,29.87405,31.122461,35.587223
35,31.282484,28.446434,26.052204,21.729462,21.075201,17.818363,17.308704,14.263811,10.030173,13.216346,11.260123,11.765206,5.8699455,12.704757,13.284792,17.706142,19.344961,24.706985,26.473476,29.641073,32.171608,34.178665,36.69482,35.39683,34.46271,32.6856,28.873558,25.423569,22.726923,20.51356,16.041384,14.394359,9.704368,6.529456,5.195727,0.0,4.6964097,6.8313236,7.415992,10.039181,11.453388,15.8498955,15.154425,19.267391,22.57176,24.37741,27.488081,31.306684,33.960712,34.898163,36.19833,32.809788,36.272705,34.86861,35.65797,33.045216,30.000591,27.799635,32.212006,28.254223,22.979324,26.022446,29.438646,32.51953,32.753693,26.423212,30.58319,35.08622,33.90381,33.507427,37.781895,39.868015,38.527477,34.2558,37.14372,31.511213,33.93638,31.648607,27.990105,29.343685,23.986504,24.014719,18.889544,17.905653,18.84296,22.142853,20.139502,26.258602,28.109085,29.284065,32.63788,31.880642,36.740803,34.282764,31.24432,29.27743,26.726315,23.420301,24.178171,17.496872,20.809324,16.566906,13.949444,18.582535,21.168894,25.331343,26.795513,30.503277,32.422974,36.518864
36,30.90159,28.605898,26.554287,22.149141,22.289732,19.114235,19.249004,17.499655,13.376056,17.26324,15.859864,15.952069,9.445438,15.384168,14.861327,19.090986,19.789446,25.20754,25.805056,29.450104,31.35804,33.568264,35.6841,34.62823,34.159107,32.101864,28.8564,25.159338,23.27397,20.223652,17.411276,14.466734,11.246685,8.036983,5.7696404,4.6964097,0.0,4.005034,5.5546618,8.993469,10.902792,15.248834,15.7150545,19.829245,22.07893,24.852634,26.97585,31.437378,33.5102,35.054142,36.771973,33.76021,37.52449,36.589966,37.31134,34.304832,31.79822,29.94914,34.727276,31.192581,25.729176,28.482233,32.427464,35.27119,35.95247,29.466711,32.97052,37.827915,36.10788,35.400127,39.359703,41.52244,39.743996,35.68295,38.93481,33.526215,36.40694,34.493378,31.090858,32.976162,27.447916,28.056984,22.921827,21.366987,21.610456,24.501448,21.781855,27.68065,28.769394,29.708954,32.780174,31.570065,36.30133,33.104763,29.880938,27.753452,25.062841,22.18197,23.585978,17.059155,21.206827,17.553589,15.73755,20.694973,22.7347,27.646095,28.141651,32.03694,33.674995,37.832756
