,0,1,2,3,4,5,6,7,8,9,10,11,12,13,14,15,16,17,18,19,20,21,22,23,24,25,26,27,28,29,30,31,32,33,34,35,36,37,38,39,40,41,42,43,44,45,46,47,48,49,50,51,52,53,54,55,56,57,58,59,60,61,62,63,64,65,66,67,68,69,70,71,72,73,74,75,76,77,78,79,80,81,82,83,84,85,86,87,88,89,90,91,92,93,94,95,96,97,98,99,100,101,102,103,104,105,106,107,108,109
0,0.0,4.3462853,6.3360605,9.598374,12.096547,14.604586,17.373955,21.28376,24.741976,27.871925,30.413868,35.98669,31.53188,30.33843,24.989967,24.246527,19.994974,19.732136,16.037828,15.158519,13.86417,13.312211,18.0552,18.742306,22.047016,25.471052,23.41862,25.764444,24.743647,26.7479,27.352692,29.292181,31.419428,32.31659,34.771034,38.139183,40.625107,39.772114,37.724472,34.18854,37.224155,31.48739,33.794796,30.068157,32.53649,30.295164,30.759726,30.88284,27.877743,32.948193,34.31651,30.931173,33.692986,37.82694,38.61375,39.297913,37.372288,37.42166,36.42894,39.106266,35.007984,38.20142,36.843163,41.029762,41.417416,37.912437,42.27964,41.32418,42.157974,41.410477,40.346165,37.457073,35.258614,35.77369,31.639639,32.457027,30.175478,28.077564,28.76074,25.310772,26.136806,26.3717,26.484253,25.002022,24.441765,26.677296,25.353025,29.53535,29.583012,33.5479,32.77417,34.487316,36.65645,32.9122,29.814129,31.630293,24.96261,26.772272,21.244528,21.962175,20.258892,20.20307,21.172749,18.668377,18.063663,18.08304,20.165064,18.292341,21.842264,20.767385
1,4.3462853,0.0,5.334021,6.568284,8.74634,12.532111,14.174962,18.90142,21.751324,25.521467,27.658209,33.348732,29.45775,28.045256,23.05256,21.500517,17.44257,16.402473,12.725048,11.180447,10.014992,9.429912,14.33028,15.611756,18.729729,21.943659,20.268557,22.240723,21.14114,23.513714,23.901287,26.574036,28.567118,30.104937,32.221104,35.776577,37.916042,36.917606,34.556362,30.958511,33.63736,27.87382,29.84921,26.033897,28.401138,25.959324,26.52978,26.637032,23.838,28.85317,30.078306,26.965252,29.802557,33.767113,34.550507,35.09988,33.221478,33.116917,32.14975,34.94836,30.857271,34.166706,32.96144,37.16858,37.872456,34.442257,39.054134,38.44756,39.205387,38.965027,37.444443,34.582977,31.977583,32.358112,28.06033,28.577614,26.263529,23.91097,24.668997,21.021204,21.938683,22.27181,22.18622,20.689247,20.152798,22.50904,21.34472,25.650558,25.984272,29.973814,29.553953,31.511337,33.592556,29.954716,26.814426,28.256058,21.670486,23.122831,17.493143,17.88341,16.01064,15.923191,16.993345,14.476135,13.735516,14.282931,16.140501,14.833029,18.563217,18.188637
2,6.3360605,5.334021,0.0,5.256448,6.812714,8.741248,11.557806,15.005275,18.696325,21.554989,24.271145,29.778128,25.329945,24.31452,18.87604,18.338516,14.237938,14.259558,11.372969,11.16398,11.705424,12.709531,17.304716,19.462217,22.096254,24.876104,22.495106,23.36323,21.433598,23.205406,22.864904,25.051697,26.125454,27.233679,29.220657,32.594193,34.956364,33.92297,32.107437,28.52359,31.715681,26.069286,28.7047,25.317137,28.011084,26.977001,27.069124,28.21192,25.715086,30.835867,31.474108,27.658817,31.145205,35.261993,35.225098,36.017097,33.427696,33.909245,32.44381,34.520786,30.715279,33.499283,31.995974,36.42568,36.182945,33.05131,37.3288,36.250996,37.57462,36.986675,36.24216,33.838165,31.004917,32.290833,28.012165,28.92384,27.320967,24.880081,26.673819,22.842402,24.579649,25.36356,24.360931,22.191143,20.730083,22.849672,20.542116,24.49538,24.004822,27.894875,26.787216,28.406712,30.823114,27.247387,24.04138,26.431349,19.68646,22.30773,16.5462,18.950872,16.617138,18.082115,19.894255,17.353878,15.601824,15.318592,16.017567,13.895004,16.70268,15.393125
3,9.598374,6.568284,5.256448,0.0,3.8876615,6.4669404,8.984699,13.133206,15.769138,19.777979,21.495789,27.20365,23.337263,21.65512,16.938894,15.096186,10.953959,10.2587595,6.490848,6.4326487,6.914671,8.95322,12.923102,15.733798,17.835852,20.249464,17.69224,18.146957,16.187538,18.086613,17.963223,20.47031,22.061085,23.624466,25.654247,29.212082,31.37573,30.465452,28.202427,24.67701,27.75133,22.02293,24.83226,21.060616,24.37953,22.98363,23.715057,24.944378,23.234617,28.030594,28.21023,25.362959,29.02815,32.595993,32.54597,32.873844,30.299925,30.169762,28.463285,30.612621,26.149504,29.044796,27.456709,31.66801,31.826565,28.393736,32.814117,32.02123,33.006195,32.746876,31.500452,28.962803,26.09275,27.1221,22.8279,23.760328,22.134104,19.945015,21.810862,18.362938,20.416254,21.79358,20.550333,18.650919,16.741547,19.728321,16.925339,21.389936,21.044113,24.922792,24.250376,26.45317,29.161802,26.035616,22.6293,24.771084,18.193531,20.507912,14.323638,16.539543,13.138658,14.861199,16.627329,13.449298,11.497149,10.151063,11.255869,8.877048,12.251776,11.621596
4,12.096547,8.74634,6.812714,3.8876615,0.0,6.034525,5.493762,10.642847,13.046455,17.131878,19.045795,24.74706,21.34409,19.952967,15.327618,13.202126,9.682344,8.085505,6.0811696,5.2239723,8.1345415,10.292748,13.956004,17.407488,19.163963,21.11739,19.173326,18.650175,16.138828,18.292212,17.085278,20.582565,20.968813,23.244225,24.472925,28.137285,29.87893,28.567312,26.301462,22.593517,25.299927,19.594856,21.94322,18.516771,21.32421,20.653074,20.79321,22.503918,20.789322,25.65089,25.625753,22.199707,26.132284,29.8439,29.405947,29.974958,27.135435,27.50936,25.791847,27.74472,23.980808,26.745386,25.375822,29.934639,29.922615,27.030209,31.644642,31.072865,32.434723,32.689957,31.361425,29.212671,25.533401,26.94018,22.412579,22.923477,21.672098,18.75126,21.273203,17.140125,19.541939,20.821201,18.920563,16.416975,14.291636,16.663591,13.80248,17.96248,17.629616,21.564888,20.92156,23.009212,25.471365,22.234953,18.869247,20.923746,14.315557,16.793657,10.637186,13.741334,10.49552,13.152522,15.522546,13.103647,10.404292,10.542796,9.584254,8.377913,10.8952675,10.943997
5,14.604586,12.532111,8.741248,6.4669404,6.034525,0.0,6.78837,7.617279,11.14323,14.129628,16.179523,21.674444,17.184309,15.740121,10.630825,9.912771,5.6528,7.375912,6.142952,8.824326,11.340622,14.441319,17.345634,20.814764,22.1479,23.78857,20.599247,19.37893,16.364994,17.160307,15.855479,17.56598,17.66472,18.745123,20.510185,23.863615,26.26966,25.367819,23.787373,20.369904,24.203709,18.798397,22.71123,19.62555,23.572859,24.091076,24.389038,26.914742,25.922447,30.500055,29.797518,26.570143,30.929905,34.355774,33.27166,33.71699,30.299562,30.708675,28.287846,29.352,25.179592,27.21305,25.169682,29.500103,28.368256,25.339659,29.21562,27.829885,29.551468,28.943121,28.682846,26.880194,23.682493,25.986885,21.918444,23.396957,22.913177,20.855299,24.00178,20.725893,23.688875,25.629662,23.359545,20.889357,17.797092,20.52219,16.050594,19.862556,18.256256,21.788956,20.236084,22.194437,25.584274,22.934742,19.434292,22.832094,16.553356,20.248869,14.341468,18.84879,14.959552,18.367798,20.719238,17.75769,14.984663,12.592893,11.783617,8.371291,9.3291855,6.9960046
6,17.373955,14.174962,11.557806,8.984699,5.493762,6.78837,0.0,6.385303,7.980397,12.207929,14.074028,19.691177,16.922037,15.796693,11.734759,9.181,7.2227244,4.9415345,6.973594,7.107172,11.595684,14.26786,16.799448,20.901379,21.888193,22.991308,21.231867,19.118816,15.775063,17.601116,14.870507,19.052523,17.636276,20.626884,20.79503,24.475779,25.735722,24.020685,21.917507,18.099884,20.647182,15.138534,17.552301,14.826164,17.595594,18.72532,18.22401,21.163227,20.20496,24.706198,23.836922,20.057825,24.60846,28.105331,26.719355,27.422646,23.881245,24.853676,22.665388,23.81606,20.777216,22.951849,21.578648,26.456787,25.781578,23.609613,28.175028,27.688614,29.628843,30.366018,29.227865,27.771782,23.215218,25.447327,20.913038,21.248123,20.947084,17.597229,21.299665,16.99035,20.1488,21.770796,18.779884,15.637675,12.528803,14.255529,10.083368,13.570744,12.520758,16.371933,15.460989,17.53937,20.194244,17.256771,13.776188,16.374096,10.0236025,13.482436,7.6940575,13.113236,9.672153,14.023261,16.948586,15.224613,11.830306,12.161085,8.599662,8.335494,8.419874,9.1041355
7,21.28376,18.90142,15.005275,13.133206,10.642847,7.617279,6.385303,0.0,5.064761,6.6782002,9.531595,14.832255,10.914748,10.361964,5.6768584,5.5712767,5.375238,6.9513392,10.304318,12.452635,16.528402,19.725594,21.871016,26.008211,26.672298,27.442621,24.861088,21.936968,18.105288,18.585361,15.182888,17.789064,14.713995,16.820883,16.613329,19.889376,21.53029,19.89016,18.858084,15.336718,19.002228,14.261085,18.193989,16.50322,19.973585,22.843493,22.160837,25.993408,25.667103,29.791395,28.238428,24.432846,29.318686,32.54181,30.296913,31.040606,26.829082,28.189201,25.331568,25.218103,22.442015,23.500269,21.53811,26.262514,23.986002,22.27457,25.937107,24.62509,27.36502,27.496424,27.615759,26.925352,22.457735,25.913494,21.937494,23.023235,23.736681,21.063034,25.435835,21.827122,25.414785,27.471888,24.10238,20.943354,17.17682,18.701557,13.303028,15.50108,12.688165,15.676335,13.301701,14.86732,18.594584,16.467245,13.049697,17.4368,12.241884,16.978819,12.523366,18.842793,15.379628,20.087032,23.00094,21.044954,17.64639,16.390585,12.901581,11.26235,9.028332,7.6879854
8,24.741976,21.751324,18.696325,15.769138,13.046455,11.14323,7.980397,5.064761,0.0,6.0937157,6.163415,11.846798,10.129048,8.81398,7.3419676,3.8024876,6.8096066,6.4038944,11.152108,12.932391,17.19004,20.441074,21.554272,25.986126,25.978752,26.030655,23.905264,19.986002,15.9401455,16.402975,12.019272,15.75873,11.593175,15.227396,13.885903,17.441761,18.196337,16.204096,14.539213,10.801221,14.01284,9.256742,13.383419,12.056874,15.895986,19.53623,18.986744,23.323029,23.942337,27.418112,25.196262,22.185907,27.193226,29.765827,27.158714,27.572708,23.169443,24.318707,21.103466,20.55071,17.844376,18.559738,16.618364,21.433363,19.216911,17.876093,21.823275,21.107254,23.866377,24.929245,24.435421,24.10217,18.875929,22.507383,18.59589,19.31313,20.631914,17.886856,22.773266,19.492157,23.390608,25.775637,21.913914,18.850368,14.632504,16.184175,10.110686,11.81555,8.617193,11.323826,9.446475,11.957307,15.942692,14.691233,11.339686,15.172993,11.247034,15.348107,11.752131,17.84495,14.18195,19.190464,22.057718,20.425095,16.987514,15.856879,11.365201,10.978033,7.3805313,8.172235
9,27.871925,25.521467,21.554989,19.777979,17.131878,14.129628,12.207929,6.6782002,6.0937157,0.0,5.109239,8.8932705,5.8425,7.0978346,5.9834504,7.4770064,10.502927,11.934297,16.198704,18.295229,22.53304,25.791256,27.346407,31.69069,31.87187,32.039345,29.622421,25.713358,21.635084,21.488262,17.113136,19.379288,13.912301,16.187151,14.10164,16.74065,17.642323,15.438648,15.529132,12.542572,16.09023,13.060154,17.07135,17.076271,20.11113,24.878105,23.653276,28.354528,28.758251,32.235573,29.930574,26.134115,31.208883,33.97535,30.753181,31.598892,26.813164,28.796474,25.52379,24.060322,22.545599,22.34947,20.363983,24.928062,21.243067,20.924547,23.771082,22.299881,25.955261,26.446856,27.254095,27.648577,22.67928,27.062788,23.656492,24.656712,26.393654,23.810854,28.802313,25.495022,29.367765,31.586483,27.640522,24.339039,20.301489,20.991192,15.346392,15.596006,11.61473,13.019983,9.40633,10.110632,14.598833,13.858589,11.1420765,16.387508,13.565875,18.477215,15.972797,22.649654,19.628092,24.687174,27.699139,26.223503,22.737385,21.618618,17.377728,16.461094,12.885149,12.069917
10,30.413868,27.658209,24.271145,21.495789,19.045795,16.179523,14.074028,9.531595,6.163415,5.109239,0.0,5.7678967,5.8187385,5.0196238,7.896074,6.8455257,11.204568,12.07567,16.590626,18.820095,22.81381,26.212048,26.837482,31.268795,30.846384,30.416956,28.063406,23.426044,19.345642,18.752539,13.981105,16.271814,9.846117,13.154406,10.028189,12.925093,13.14553,10.804602,10.433533,7.493821,11.44688,9.074934,13.98515,14.286519,18.125525,23.124279,22.47984,27.359615,28.687023,31.545908,28.664854,26.064686,31.115953,33.135525,29.792414,30.093662,25.299616,26.648697,22.952236,21.012144,19.016857,18.269356,15.964416,20.204906,16.198391,16.026321,18.753115,17.55455,21.246683,22.340042,22.829998,23.617117,18.345377,23.017632,20.025805,21.07587,23.422304,21.347929,26.552618,24.013767,28.073456,30.727407,26.592398,23.684772,19.321445,20.518625,14.456687,14.561069,10.490605,11.059838,8.116473,10.089216,14.949707,15.388877,12.877496,17.192554,15.349685,19.40338,17.161335,23.21847,19.758575,24.77475,27.555733,25.989244,22.647917,20.946203,16.645725,16.05318,11.755254,11.890597
11,35.98669,33.348732,29.778128,27.20365,24.74706,21.674444,19.691177,14.832255,11.846798,8.8932705,5.7678967,0.0,6.6088285,7.5343494,12.173305,12.42123,16.742634,17.823662,22.304735,24.551006,28.511839,31.913328,32.314255,36.75141,36.097195,35.356552,33.051003,28.041508,24.062967,23.01163,18.229086,19.662952,12.419394,14.924463,10.3894615,11.711431,10.767593,7.8570905,9.675649,8.703824,11.695213,12.15467,16.29281,17.92159,21.092018,27.01222,26.099297,31.294365,33.029995,35.399246,32.09905,29.660065,34.6391,36.255466,32.316948,32.638794,27.640223,29.323114,25.474375,22.460756,21.601482,19.697264,17.509508,20.968433,15.556097,16.971659,18.26352,16.839285,21.285149,22.541874,23.842113,25.620596,20.501995,25.64859,23.44396,24.473913,27.427767,25.657265,30.966965,28.78357,32.86231,35.56045,31.23182,28.36895,24.08033,24.764208,19.075583,18.011614,13.879095,12.761106,9.614209,10.238313,14.938186,16.848942,15.382843,19.582418,19.40362,23.24457,22.089085,28.097006,24.98232,29.994188,32.758747,31.417913,28.115362,26.433855,22.099894,21.655487,17.2504,17.251009
12,31.53188,29.45775,25.329945,23.337263,21.34409,17.184309,16.922037,10.914748,10.129048,5.8425,5.8187385,6.6088285,0.0,3.8374686,6.6681066,9.52695,12.893713,15.439552,19.269228,22.13143,25.878002,29.418407,30.52697,34.7712,34.6414,34.55207,31.522736,27.283285,23.265501,22.06978,17.994263,18.315205,12.221426,12.910519,10.501556,12.152398,13.665113,12.128273,13.643013,11.861069,16.391306,14.68222,19.769947,20.007578,23.869455,28.740755,28.04474,32.839783,33.7664,36.95447,34.281063,31.21309,36.29648,38.630623,35.24805,35.74828,30.895432,32.441082,28.768524,26.704044,24.673363,23.743702,21.206575,24.945242,20.135386,19.893429,21.419542,19.037098,23.153215,22.890556,24.904953,25.945852,21.680254,26.708494,24.139559,25.840662,28.12633,26.47164,31.505436,29.052593,33.07221,35.7159,31.7834,28.821253,24.49833,25.768644,19.731533,20.010271,15.8580885,16.338673,12.738797,13.328271,18.183506,18.57203,16.322119,21.436214,19.251835,23.942202,21.366163,27.810041,24.30969,29.302542,32.127815,30.188395,26.84054,24.504616,20.911661,19.211693,15.219288,13.634381
13,30.33843,28.045256,24.31452,21.65512,19.952967,15.740121,15.796693,10.361964,8.81398,7.0978346,5.0196238,7.5343494,3.8374686,0.0,5.9884014,7.145827,10.758858,13.299873,16.92381,20.018867,23.454294,27.092012,27.773125,31.970041,31.611668,31.364086,28.181017,23.81522,19.860497,18.396852,14.485244,14.48751,8.509593,9.495716,7.463354,9.968127,11.873982,10.798008,11.422127,9.456305,14.63276,12.4345665,18.220396,17.852066,22.491686,26.742178,26.643738,31.224754,32.438477,35.517696,32.783596,30.416956,35.449173,37.53022,34.46133,34.5918,29.942268,30.837872,27.048624,25.274675,22.279158,21.560524,18.73144,22.288408,17.869352,16.81867,18.580343,16.216354,19.975384,19.728498,21.394085,22.209341,18.049393,23.029415,20.537264,22.499075,24.796762,23.562368,28.490599,26.494184,30.53805,33.4333,29.619478,26.973732,22.5148,24.454159,18.168415,19.117409,15.231631,16.015429,13.104774,14.696123,19.629143,19.939724,17.332174,21.96114,19.357876,23.678612,20.559208,26.57163,22.610964,27.449057,30.077085,27.840948,24.639013,21.687077,18.449497,16.519186,12.372128,10.932577
14,24.989967,23.05256,18.87604,16.938894,15.327618,10.630825,11.734759,5.6768584,7.3419676,5.9834504,7.896074,12.173305,6.6681066,5.9884014,0.0,5.54821,6.964887,10.485803,13.4876995,16.63696,20.12298,23.651527,25.283327,29.32841,29.649323,30.131712,26.829632,23.453316,19.555777,18.80723,15.504171,16.04281,12.164981,12.748738,12.701538,15.416464,17.767778,16.681547,16.661621,13.874681,18.639519,14.900551,20.11524,18.879528,23.176247,26.58132,26.272417,30.408113,30.670143,34.46215,32.445004,29.216673,34.19984,37.01297,34.427334,34.91299,30.46465,31.586857,28.244642,27.373741,24.234049,24.499186,21.955772,26.088892,22.67272,20.980885,23.568077,21.38137,24.55546,23.878437,25.178114,25.054659,21.178564,25.424925,22.194847,24.055243,25.427868,23.671228,28.232267,25.490908,29.295927,31.80533,28.358839,25.480486,21.335434,23.266197,17.2902,19.078224,15.562501,17.578205,14.583709,15.93797,20.458176,19.402718,16.335144,21.249699,17.100565,21.88507,17.845747,24.077765,20.233019,24.941332,27.683493,25.29854,22.036623,19.392887,16.521217,13.965669,10.814565,8.126862
15,24.246527,21.500517,18.338516,15.096186,13.202126,9.912771,9.181,5.5712767,3.8024876,7.4770064,6.8455257,12.42123,9.52695,7.145827,5.54821,0.0,4.4922295,6.1559978,10.039983,12.89164,16.51982,20.081865,21.001677,25.272451,25.187143,25.287682,22.422287,18.56955,14.540783,14.242038,10.415816,12.722536,9.200602,11.99016,11.694108,15.30712,16.875458,15.591122,14.059902,10.657454,14.971952,10.295841,15.571583,13.680807,18.508987,21.398342,21.57196,25.584646,26.328295,29.82045,27.62876,25.216177,30.125883,32.54238,30.214846,30.320728,26.099905,26.633448,23.256142,22.788473,18.996479,19.698381,17.223717,21.53534,19.14628,16.967402,20.524698,19.246872,21.815983,22.164923,22.084923,21.584774,17.030594,20.834679,17.203737,18.71398,20.041365,18.157555,22.82662,20.242516,24.154264,26.872963,23.317158,20.671946,16.3397,18.800735,12.587194,15.002798,12.003768,14.426594,12.565812,15.087135,19.399826,18.391518,15.077105,18.956276,14.7967615,18.757446,14.503016,20.123394,15.8728,20.573378,23.182604,20.84855,17.612967,14.993531,11.604812,9.733178,5.79544,5.1457133
16,19.994974,17.44257,14.237938,10.953959,9.682344,5.6528,7.2227244,5.375238,6.8096066,10.502927,11.204568,16.742634,12.893713,10.758858,6.964887,4.4922295,0.0,4.593059,6.5600815,10.011521,13.211676,16.80898,18.355505,22.365105,22.78098,23.505919,20.278805,17.484087,13.79888,13.893417,11.449435,13.290621,12.156629,13.892638,15.066246,18.58537,20.725695,19.81013,18.155901,14.816292,18.962917,13.8091345,18.569033,15.820613,20.550207,22.10641,22.571281,25.87211,25.951824,29.926653,28.363901,25.795086,30.489605,33.290638,31.601273,31.7466,27.928501,28.197582,25.20369,25.553791,21.223185,22.668747,20.310287,24.53622,22.898869,20.024849,23.748453,22.378922,24.3716,24.14145,23.92537,22.65794,18.896107,21.923817,18.047462,19.728033,20.161072,18.364721,22.357822,19.611248,23.193016,25.731615,22.749208,20.267574,16.331108,19.27009,13.6292925,17.05463,14.790857,17.853813,16.251507,18.62905,22.578579,20.808033,17.302214,20.945238,15.628062,19.465696,14.159707,19.288244,14.85747,19.067518,21.532755,18.700912,15.629926,12.533451,10.368362,7.13483,5.177067,2.432816
17,19.732136,16.402473,14.259558,10.2587595,8.085505,7.375912,4.9415345,6.9513392,6.4038944,11.934297,12.07567,17.823662,15.439552,13.299873,10.485803,6.1559978,4.593059,0.0,4.892536,6.8149633,10.820362,14.189891,15.430386,19.762304,20.02427,20.552774,18.246393,15.267991,11.566039,12.900453,10.03941,14.203704,13.244612,16.494337,16.941633,20.761957,22.07365,20.73916,18.248583,14.576943,17.567934,11.903111,15.518507,12.26855,16.641949,17.651573,18.162352,21.293917,21.4518,25.35209,23.843748,21.493343,26.09773,28.811832,27.356796,27.422577,23.839642,23.947197,21.202368,22.11125,17.850521,19.890043,18.025581,22.562456,21.959358,19.199903,23.727777,23.259378,24.894957,25.673088,24.328056,22.83289,18.363998,20.700043,16.295826,17.101486,17.1818,14.580416,18.644585,15.35269,18.973207,21.412643,18.251076,15.686072,11.756954,14.825589,9.423994,13.453255,12.087407,15.587926,14.96239,17.767282,21.106073,19.109428,15.597794,18.180573,12.817263,15.8071575,10.361182,14.980228,10.400091,14.771719,17.326654,14.890918,11.617834,9.744399,6.156216,4.842903,3.4817662,5.4282255
18,16.037828,12.725048,11.372969,6.490848,6.0811696,6.142952,6.973594,10.304318,11.152108,16.198704,16.590626,22.304735,19.269228,16.92381,13.4876995,10.039983,6.5600815,4.892536,0.0,4.1438236,6.656589,10.280702,11.988483,15.934999,16.677761,17.909937,15.06488,13.545067,10.666807,12.321719,11.518984,14.648467,15.971882,18.27869,19.953354,23.677305,25.50452,24.647493,22.048473,18.615234,21.713972,16.032074,19.461908,15.562771,19.934574,19.20431,20.413149,22.472754,22.12842,26.283836,25.43268,23.519041,27.655157,30.47677,29.84236,29.723293,26.755365,26.23486,23.886513,25.550272,20.515087,23.125149,21.259687,25.344038,25.437551,21.903753,26.380182,25.804462,26.759092,26.979433,25.430708,23.156925,19.76706,21.161863,16.812159,17.927559,16.987066,15.024795,17.906826,15.000989,18.029078,20.386862,18.17614,16.2751,13.120829,16.917513,12.678475,17.330034,16.642483,20.24955,19.834696,22.597473,25.78356,23.45852,19.943556,22.16769,16.291084,18.693436,12.642501,15.673618,10.978239,14.012686,16.018602,12.646731,9.970975,6.6163707,6.32135,2.582614,5.929493,6.5235763
19,15.158519,11.180447,11.16398,6.4326487,5.2239723,8.824326,7.107172,12.452635,12.932391,18.295229,18.820095,24.551006,22.13143,20.018867,16.63696,12.89164,10.011521,6.8149633,4.1438236,0.0,4.706301,7.543731,9.729835,13.819367,14.858863,16.308058,14.68246,13.761381,11.442765,14.2174225,13.401295,17.743744,18.946115,21.933863,23.128222,26.966646,28.327427,27.147503,24.197508,20.610567,22.815716,17.061975,19.154602,15.083599,18.432674,16.710955,17.828665,19.242342,18.412472,22.766298,22.405176,20.41464,24.231445,27.230322,27.076103,27.037529,24.510973,23.95973,22.17215,24.523636,19.91622,23.070015,21.784945,26.029888,26.904121,23.628956,28.55549,28.541792,29.320902,30.140442,27.942135,25.525734,21.788752,22.520416,17.901152,18.121208,16.557173,13.748365,16.107151,12.327793,14.953981,16.833149,14.839525,12.904361,10.519562,14.151973,11.2912035,16.150822,16.447878,20.273647,20.476933,23.233496,25.737627,23.039534,19.680553,20.94061,15.01108,16.417946,10.361571,12.034488,7.5955014,10.039729,12.1037655,9.061805,6.193365,5.6922593,5.017414,5.0138283,8.568812,10.366172
20,13.86417,10.014992,11.705424,6.914671,8.1345415,11.340622,11.595684,16.528402,17.19004,22.53304,22.81381,28.511839,25.878002,23.454294,20.12298,16.51982,13.211676,10.820362,6.656589,4.706301,0.0,3.749984,6.137893,9.633257,11.157284,13.367626,11.406092,12.335917,11.345165,14.209048,15.097254,18.536392,21.371702,23.804596,25.77427,29.519373,31.151758,30.374327,27.25353,23.919523,26.187037,20.542856,22.685919,18.251633,21.77824,18.668772,20.602974,20.988886,20.076254,24.221313,24.323036,23.263567,26.484663,29.222546,29.80886,29.42219,27.519346,26.203161,24.705591,27.551334,22.214905,25.689348,24.369347,28.052332,29.555462,25.66708,30.480707,30.491247,30.605017,31.108562,28.591364,25.560535,22.824694,22.613686,18.302507,18.735094,16.314644,14.503056,15.381588,12.652547,14.36877,16.226439,15.461162,14.652425,13.158029,17.281958,15.231172,20.229504,20.828821,24.549448,24.947594,27.829,30.36716,27.700962,24.368591,25.382769,19.541218,20.426718,14.57838,14.597362,10.628767,11.001611,11.880298,7.725708,6.685468,4.3367248,7.990999,7.1501837,11.591284,12.946263
21,13.312211,9.429912,12.709531,8.95322,10.292748,14.441319,14.26786,19.725594,20.441074,25.791256,26.212048,31.913328,29.418407,27.092012,23.651527,20.081865,16.80898,14.189891,10.280702,7.543731,3.749984,0.0,4.9580483,7.2849364,9.731176,12.633096,11.833194,14.036099,13.894403,17.09294,18.276646,21.915089,24.945549,27.491312,29.423403,33.189114,34.69634,33.843864,30.572552,27.222786,29.080938,23.493496,24.919167,20.469263,23.25651,19.169127,21.16941,20.60838,19.14393,23.290495,24.071724,23.220896,25.829918,28.62546,29.875263,29.485703,28.174719,26.669891,25.741856,29.12231,24.03235,27.826035,26.855639,30.43737,32.47706,28.634167,33.591125,33.85722,33.745346,34.42192,31.563889,28.333845,25.750408,24.954763,20.725752,20.69833,17.721582,15.802763,15.583467,12.794447,13.4274645,14.552562,14.805492,14.541312,14.219232,17.971134,17.205301,22.083605,23.243784,27.000378,27.696623,30.516813,32.65094,29.750423,26.568783,26.997913,21.25047,21.406961,15.947361,14.43197,11.486794,10.158306,10.222318,6.232306,6.786949,7.0457253,10.644875,10.798578,15.162199,16.668228
22,18.0552,14.33028,17.304716,12.923102,13.956004,17.345634,16.799448,21.871016,21.554272,27.346407,26.837482,32.314255,30.52697,27.773125,25.283327,21.001677,18.355505,15.430386,11.988483,9.729835,6.137893,4.9580483,0.0,4.5483475,5.266394,7.704989,7.6284313,10.213285,11.1946535,14.659331,16.607601,20.378078,24.126686,26.984581,28.88641,32.609756,33.80844,33.158955,29.481604,26.457552,27.877625,22.652685,23.87091,19.202095,22.335087,17.379723,20.384153,19.471249,19.130209,22.384636,22.746994,23.472305,25.852266,27.761337,29.220295,28.202679,27.25382,24.806934,23.840239,27.430885,21.637718,25.59886,24.713411,27.67573,30.505547,26.378937,31.345182,32.072235,31.350178,32.45268,28.863632,25.400251,23.11936,21.446392,17.506315,17.21954,13.736891,12.652832,11.383202,10.090994,10.428389,12.423045,12.977081,13.832124,13.545038,17.998919,17.32899,22.210388,23.660332,27.074482,28.291626,31.481611,33.68609,31.30294,28.188898,28.221323,23.171066,22.800173,17.831573,15.66607,12.393112,10.6346,9.815066,5.418848,7.1862893,6.09743,10.580854,11.397772,15.432013,17.685497
23,18.742306,15.611756,19.462217,15.733798,17.407488,20.814764,20.901379,26.008211,25.986126,31.69069,31.268795,36.75141,34.7712,31.970041,29.32841,25.272451,22.365105,19.762304,15.934999,13.819367,9.633257,7.2849364,4.5483475,0.0,3.7651448,7.659769,8.29575,12.882141,14.829017,17.925947,20.606268,23.683662,28.115553,30.583366,32.867085,36.494503,37.845867,37.383972,33.68616,30.788336,32.202072,27.083467,28.194674,23.52824,26.424446,20.843283,24.01364,22.31686,21.673193,24.648596,25.56476,26.714323,28.48868,30.252836,32.33415,31.191374,30.793781,28.017742,27.442818,31.323515,25.473543,29.526161,28.726099,31.306944,34.490486,30.154669,34.954014,35.692604,34.574856,35.44704,31.72195,27.92891,26.442612,24.136208,20.699692,20.463718,16.608463,16.266811,13.741861,13.457,12.562563,13.812854,15.698701,17.220606,17.659088,21.843122,21.748642,26.555847,28.160736,31.567152,32.832783,36.001484,38.127796,35.631535,32.548454,32.4263,27.337627,26.720036,21.896889,19.035429,16.442686,13.769356,12.124525,8.539419,11.177269,10.356088,15.1241,15.561165,19.722178,21.61145
24,22.047016,18.729729,22.096254,17.835852,19.163963,22.1479,21.888193,26.672298,25.978752,31.87187,30.846384,36.097195,34.6414,31.611668,29.649323,25.187143,22.78098,20.02427,16.677761,14.858863,11.157284,9.731176,5.266394,3.7651448,0.0,3.9454036,5.8365407,10.344903,13.014022,16.07842,19.0696,22.208715,26.880898,29.583271,31.721855,35.278828,36.366302,36.020145,32.109524,29.475609,30.579582,25.815536,26.821579,22.154299,25.28691,19.481792,23.20009,21.545578,21.794409,24.132875,24.55071,26.643929,28.419628,29.562483,31.56355,30.01876,29.72543,26.406416,25.698652,29.547167,23.312271,27.33925,26.582384,28.696278,32.32443,27.894993,32.62831,33.685493,32.209637,33.432064,29.241598,25.402328,24.060347,21.219719,18.089375,17.671968,13.630138,14.04521,10.881313,11.994186,11.121037,13.133078,14.82161,16.856853,17.08317,21.580433,21.347101,26.02974,27.710684,30.827257,32.379433,35.750748,37.94398,35.843575,32.817493,32.528706,27.92819,27.12129,22.605484,19.737879,16.857494,14.42769,12.664682,9.26748,11.8128805,10.338311,14.932045,15.72054,19.435152,21.761072
25,25.471052,21.943659,24.876104,20.249464,21.11739,23.78857,22.991308,27.442621,26.030655,32.039345,30.416956,35.356552,34.55207,31.364086,30.131712,25.287682,23.505919,20.552774,17.909937,16.308058,13.367626,12.633096,7.704989,7.659769,3.9454036,0.0,5.6549754,8.581156,11.828423,14.83159,17.837538,21.22661,25.84825,28.912903,30.724354,34.198933,34.90453,34.605423,30.474825,28.127073,28.763958,24.470217,25.191378,20.644665,23.84847,17.90127,22.103975,20.526253,21.717863,23.330204,23.189482,26.238323,27.980421,28.456255,30.330812,28.386187,28.217798,24.370214,23.558151,27.352837,20.861149,24.836277,24.21714,25.830868,29.981133,25.590788,30.283691,31.763947,29.973362,31.715813,26.996866,23.235289,21.839212,18.448278,15.651244,14.818165,10.619192,11.830536,7.9161806,10.752261,9.98173,12.712334,13.998247,16.479298,16.531477,21.14001,20.880629,25.274172,27.07504,29.828703,31.717121,35.24925,37.4188,35.738796,32.837364,32.298714,28.319372,27.257511,23.223331,20.350046,17.367672,15.25513,13.50315,10.6861925,12.90535,11.304729,15.126477,16.43924,19.503094,22.311357
26,23.41862,20.268557,22.495106,17.69224,19.173326,20.599247,21.231867,24.861088,23.905264,29.622421,28.063406,33.051003,31.522736,28.181017,26.829632,22.422287,20.278805,18.246393,15.06488,14.68246,11.406092,11.833194,7.6284313,8.29575,5.8365407,5.6549754,0.0,5.9882617,9.230716,11.266348,15.268888,17.160534,22.660158,24.836514,27.395477,30.725351,32.055565,32.151382,28.382359,26.11965,27.798635,23.284504,25.438736,20.77604,25.166946,20.510939,24.407047,23.911798,24.92932,27.229443,26.706158,28.796326,31.294308,32.25153,33.432957,31.74009,30.736492,27.388067,25.812828,28.87753,21.833605,25.338795,23.942715,25.63406,28.790272,23.883867,28.14803,28.882946,27.159904,27.970676,23.955378,19.954638,19.340776,16.556223,13.850091,14.569535,11.082968,13.058289,11.157095,13.337517,14.026388,17.083008,17.439762,18.926905,17.749283,22.815018,21.00892,25.737726,26.67243,29.533993,30.759436,34.272495,37.08674,35.462425,32.282272,32.729782,28.169159,28.184517,23.319414,21.996836,18.046541,17.1972,16.304367,12.337619,13.539024,9.1163025,14.018767,13.612305,16.74912,18.749207
27,25.764444,22.240723,23.36323,18.146957,18.650175,19.37893,19.118816,21.936968,19.986002,25.713358,23.426044,28.041508,27.283285,23.81522,23.453316,18.56955,17.484087,15.267991,13.545067,13.761381,12.335917,14.036099,10.213285,12.882141,10.344903,8.581156,5.9882617,0.0,4.1014795,6.3001184,9.895773,12.730936,17.573206,20.505283,22.38454,25.740444,26.613422,26.620117,22.673992,20.5938,22.050053,17.894365,20.303371,15.822132,20.859957,17.325293,21.23575,21.824575,23.770172,25.751732,24.240046,26.465855,29.504663,30.13109,30.467606,28.663925,27.071537,23.799862,21.547668,23.956728,16.587591,19.738419,18.108763,19.771961,22.80824,17.949278,22.398363,23.42112,21.87952,23.392233,19.07061,15.511065,13.731611,11.352214,7.9921412,8.904978,6.2088227,8.830511,8.9975,11.38819,13.547113,17.334402,16.163336,17.114878,14.857663,20.030281,17.295124,21.648891,22.280422,24.713148,26.063166,29.71428,32.682983,31.619781,28.548948,29.09834,25.219358,25.438665,21.00957,20.680197,16.251398,16.777412,16.660202,13.18069,13.13141,8.376386,11.243824,11.335389,13.078887,15.80357
28,24.743647,21.14114,21.433598,16.187538,16.138828,16.364994,15.775063,18.105288,15.9401455,21.635084,19.345642,24.062967,23.265501,19.860497,19.555777,14.540783,13.79888,11.566039,10.666807,11.442765,11.345165,13.894403,11.1946535,14.829017,13.014022,11.828423,9.230716,4.1014795,0.0,4.1206703,6.1464753,10.23923,14.04124,17.409033,18.92411,22.475489,23.35789,23.123354,19.288984,16.903498,18.744183,14.217113,17.244759,12.798539,18.347813,16.112848,19.42752,20.956871,22.835033,25.191357,23.347937,24.69177,28.271614,29.254213,28.943087,27.474567,25.214722,22.637932,19.941092,21.808422,14.67167,17.530882,15.5821295,18.035397,20.170944,15.524694,20.230993,20.967228,20.206566,21.734879,18.012634,15.068116,11.98079,11.320331,6.9785147,8.282177,7.1383114,8.049137,10.493376,11.171487,14.315557,18.06701,15.945164,15.939885,12.788826,17.876497,14.154333,18.48797,18.646704,21.129057,22.191442,25.808134,28.966988,27.960304,24.834566,25.793558,21.87958,22.633589,18.106075,18.920938,14.1152935,15.844193,16.526304,13.177126,12.028301,7.0678244,8.296502,8.19019,9.140145,12.175244
29,26.7479,23.513714,23.205406,18.086613,18.292212,17.160307,17.601116,18.585361,16.402975,21.488262,18.752539,23.01163,22.06978,18.396852,18.80723,14.242038,13.893417,12.900453,12.321719,14.2174225,14.209048,17.09294,14.659331,17.925947,16.07842,14.83159,11.266348,6.3001184,4.1206703,0.0,5.282648,6.4817734,11.654653,14.23169,16.332167,19.585508,20.824627,21.153723,17.608082,15.779414,18.368187,14.441671,18.595757,14.6663685,20.763525,19.501007,22.66314,24.647953,26.72277,28.988005,26.83153,28.125298,31.912643,32.77781,32.08407,30.572124,28.000338,25.513214,22.41302,23.52454,16.248018,18.254265,15.686107,17.502905,18.842411,13.691308,17.657839,17.872976,16.894405,17.851124,14.471129,11.454152,9.152661,9.241359,5.890456,9.090897,9.326972,11.380875,13.921155,15.17207,18.325422,22.134499,19.943165,19.805803,16.321285,21.212421,16.74702,20.693817,20.123528,22.213566,22.830156,26.399935,30.037222,29.439247,26.299442,27.876045,24.116158,25.47427,20.937,22.58323,17.646477,19.811375,20.615944,17.148113,15.871526,10.272622,11.399069,9.946985,9.760777,11.812129
30,27.352692,23.901287,22.864904,17.963223,17.085278,15.855479,14.870507,15.182888,12.019272,17.113136,13.981105,18.229086,17.994263,14.485244,15.504171,10.415816,11.449435,10.03941,11.518984,13.401295,15.097254,18.276646,16.607601,20.606268,19.0696,17.837538,15.268888,9.895773,6.1464753,5.282648,0.0,7.074326,8.178256,12.545584,13.071332,16.722061,17.357388,16.99261,13.273633,10.899805,13.486467,9.212763,13.873277,10.366008,16.72812,17.156496,19.537708,22.523577,24.767265,27.056787,24.432253,25.031178,29.243563,30.235592,28.789537,27.584154,24.375854,22.650211,19.147535,19.54582,12.95215,14.465462,11.718282,14.6762495,15.093423,10.722443,15.393933,15.768262,16.064747,17.850653,14.982508,13.398404,8.53625,10.810282,6.8072634,8.830541,10.490102,10.579124,14.84013,14.687688,18.50807,22.154827,19.000149,18.0019,13.8524065,18.113644,12.857529,16.216389,15.192983,17.061237,17.625025,21.225132,24.885744,24.556566,21.538628,23.250856,20.03743,21.677761,17.698475,20.36949,15.543672,18.806278,20.296516,17.558361,15.417405,11.291712,9.621878,9.120293,6.817129,9.828898
31,29.292181,26.574036,25.051697,20.47031,20.582565,17.56598,19.052523,17.789064,15.75873,19.379288,16.271814,19.662952,18.315205,14.48751,16.04281,12.722536,13.290621,14.203704,14.648467,17.743744,18.536392,21.915089,20.378078,23.683662,22.208715,21.22661,17.160534,12.730936,10.23923,6.4817734,7.074326,0.0,7.3573413,8.084373,11.125549,13.899131,15.967388,17.03338,14.481794,13.411764,17.420248,14.425084,20.063595,17.181515,23.589073,24.138569,26.608177,29.495104,31.568628,33.99326,31.450644,32.006172,36.26065,37.28935,35.819508,34.56659,31.300865,29.50794,25.888714,25.791363,19.177618,19.841686,16.57234,18.095707,17.202724,12.19356,14.577689,13.261698,13.066996,12.586003,11.293073,9.53249,7.942478,11.050072,9.600529,13.418209,15.0845585,16.838661,20.11984,20.920912,24.401115,28.144306,25.504671,24.733232,20.68723,25.032291,19.516773,22.733505,20.959442,22.495367,22.15405,25.38707,29.679636,29.613792,26.532755,29.17049,25.662409,28.067583,23.636667,26.783852,21.766598,24.855036,26.158754,22.72978,20.887327,15.238755,15.359425,12.771588,10.786074,11.006277
32,31.419428,28.567118,26.125454,22.061085,20.968813,17.66472,17.636276,14.713995,11.593175,13.912301,9.846117,12.419394,12.221426,8.509593,12.164981,9.200602,12.156629,13.244612,15.971882,18.946115,21.371702,24.945549,24.126686,28.115553,26.880898,25.84825,22.660158,17.573206,14.04124,11.654653,8.178256,7.3573413,0.0,5.8936224,4.902683,8.630294,9.941629,10.15042,8.011701,6.760578,11.815624,9.693441,16.043041,14.666753,20.633022,23.46944,24.800539,28.807972,31.010143,33.37049,30.310944,29.943853,34.61881,35.758427,33.27879,32.469944,28.432228,27.75659,23.758259,22.414618,17.42393,16.874363,13.466997,15.937778,12.758952,9.602978,11.908404,10.240758,12.672619,13.369899,13.385127,13.933876,9.582695,14.6665,12.814066,15.371104,18.119457,18.27583,22.85369,22.41942,26.395765,29.888987,26.33661,24.67658,20.182787,23.368427,17.236418,19.078505,16.324713,17.059046,16.104137,19.048182,23.577507,24.175472,21.43722,24.570059,22.098858,25.056778,21.634148,26.071644,21.490072,25.631062,27.613663,25.007908,22.39423,18.316679,16.028706,14.388511,10.42439,10.787283
33,32.31659,30.104937,27.233679,23.624466,23.244225,18.745123,20.626884,16.820883,15.227396,16.187151,13.154406,14.924463,12.910519,9.495716,12.748738,11.99016,13.892638,16.494337,18.27869,21.933863,23.804596,27.491312,26.984581,30.583366,29.583271,28.912903,24.836514,20.505283,17.409033,14.23169,12.545584,8.084373,5.8936224,0.0,5.3700337,7.1102886,10.814073,12.442646,12.179566,11.938254,17.220552,15.479373,21.88009,20.405964,26.40079,28.946335,30.363302,34.201073,36.065884,38.742874,35.909622,35.289627,40.01091,41.39318,39.01521,38.277615,34.237606,33.56994,29.610514,28.288225,23.17045,22.588781,19.108704,20.878016,17.230574,14.017064,14.412088,11.001351,13.339624,11.277142,13.780384,14.42722,12.66644,17.527357,16.569386,19.895554,22.286707,23.105099,27.20022,27.059387,30.887423,34.41513,31.210974,29.622532,25.182116,28.59011,22.365791,24.481016,21.45653,22.29671,20.655077,23.076532,27.892084,28.385595,25.583687,29.38618,26.389818,29.89657,25.940283,30.649086,25.882252,29.899029,31.812391,28.686342,26.201612,21.22588,20.026896,17.139948,13.803602,12.303163
34,34.771034,32.221104,29.220657,25.654247,24.472925,20.510185,20.79503,16.613329,13.885903,14.10164,10.028189,10.3894615,10.501556,7.463354,12.701538,11.694108,15.066246,16.941633,19.953354,23.128222,25.77427,29.423403,28.88641,32.867085,31.721855,30.724354,27.395477,22.38454,18.92411,16.332167,13.071332,11.125549,4.902683,5.3700337,0.0,3.9257908,6.1465454,7.1187887,7.446449,7.839148,13.026863,12.579865,18.740519,18.367233,23.821896,27.577005,28.457972,32.83729,35.039124,37.36297,34.11668,33.364082,38.171886,39.32885,36.374775,35.75415,31.408777,31.222183,27.099636,24.988625,20.962297,19.5628,16.2069,18.175856,13.351656,11.681604,11.929011,8.89371,12.754557,12.636785,14.642185,16.345722,12.835134,18.310743,17.228127,19.765327,22.80733,22.962282,27.640676,27.122868,31.144325,34.57168,30.859365,28.971275,24.431498,27.106771,20.886526,21.943619,18.604803,18.620392,16.923569,19.17425,23.93062,25.108776,22.719133,26.41263,24.525803,27.94664,24.97154,30.000097,25.632673,30.036264,32.188744,29.68939,26.931389,22.986076,20.507473,18.697771,14.577407,14.056112
35,38.139183,35.776577,32.594193,29.212082,28.137285,23.863615,24.475779,19.889376,17.441761,16.74065,12.925093,11.711431,12.152398,9.968127,15.416464,15.30712,18.58537,20.761957,23.677305,26.966646,29.519373,33.189114,32.609756,36.494503,35.278828,34.198933,30.725351,25.740444,22.475489,19.585508,16.722061,13.899131,8.630294,7.1102886,3.9257908,0.0,4.646145,7.1362205,9.212681,10.821872,15.4064455,16.001427,21.877947,21.923347,27.183306,31.199173,32.035427,36.50687,38.83043,41.02636,37.639725,36.94948,41.76026,42.784077,39.635586,38.992405,34.586395,34.456142,30.268312,27.765087,24.072596,22.201834,18.889496,20.137981,14.662508,13.68509,12.252636,8.303835,12.642644,11.734455,15.182173,17.636333,15.071453,20.573818,20.21343,22.873878,26.106552,26.572979,31.168293,30.90475,34.90726,38.38455,34.663036,32.813778,28.27983,30.838615,24.656267,25.392683,21.925447,21.508307,19.621857,21.442926,26.171246,27.753468,25.623457,29.46701,27.952375,31.478348,28.71887,33.860115,29.541477,33.957767,36.095764,33.56705,30.84173,26.747192,24.423382,22.485437,18.437965,17.594906
36,40.625107,37.916042,34.956364,31.37573,29.87893,26.26966,25.735722,21.53029,18.196337,17.642323,13.14553,10.767593,13.665113,11.873982,17.767778,16.875458,20.725695,22.07365,25.50452,28.327427,31.151758,34.69634,33.80844,37.845867,36.366302,34.90453,32.055565,26.613422,23.35789,20.824627,17.357388,15.967388,9.941629,10.814073,6.1465454,4.646145,0.0,3.6252027,6.362381,9.295959,12.53728,14.716697,19.798887,20.679108,25.39269,29.98792,30.647837,35.315815,38.0801,39.770737,36.034374,35.69664,40.39339,40.985073,37.524967,36.780197,32.353916,32.2978,28.05565,24.97727,22.078627,19.508678,16.45853,17.314354,11.127469,11.726344,9.823527,7.036476,11.93076,13.092381,15.354827,18.403637,14.888484,20.375496,20.19821,22.208216,25.87739,26.133856,30.901438,30.699858,34.70716,38.14417,34.17291,32.351765,27.906574,30.01873,24.16018,24.128065,20.817377,19.626854,18.222519,20.02806,24.389435,26.610397,24.893785,28.185555,27.696497,30.755657,28.82525,33.740013,29.748081,34.18033,36.313423,34.24903,31.51794,28.074724,25.145483,24.08156,19.819372,19.899456
