,0,1,2,3,4,5,6,7,8,9,10,11,12,13,14,15,16,17,18,19,20,21,22,23,24,25,26,27,28,29,30,31,32,33,34,35,36,37,38,39,40,41,42,43,44,45,46,47,48,49,50,51,52,53,54,55,56,57,58,59,60,61,62,63,64,65,66,67,68,69,70,71,72,73,74,75,76,77,78,79,80,81,82,83,84,85,86,87,88,89,90,91,92,93,94,95,96,97,98,99,100,101,102,103,104,105,106,107,108
0,0.0,4.314743,6.390845,9.572458,12.170555,14.145072,17.994728,21.056969,24.678247,27.219944,31.182636,29.15154,26.55743,27.302786,22.587343,24.292606,21.368378,21.988527,22.518991,21.996365,25.601587,24.500969,29.376472,26.113506,31.12677,30.580431,32.34953,31.219408,28.901703,28.760075,31.492887,29.06246,36.56179,33.584618,38.237984,39.69786,40.59277,40.78654,35.960583,32.14943,37.445923,33.242462,35.163685,34.83486,36.2029,35.615204,34.09789,37.592613,39.703278,39.117733,36.52958,39.03667,35.403267,38.89493,38.18449,41.63001,38.03621,40.751522,41.74777,40.083305,36.824104,36.37217,32.704994,30.104418,28.173012,24.5926,25.23929,20.901115,22.222145,17.396585,18.144207,22.367811,21.66195,27.618996,27.268078,30.603806,32.914963,34.510845,37.686817,38.51215,39.659622,36.94559,33.357666,31.935917,27.531322,30.132607,23.682804,25.094694,22.360973,23.299631,22.655493,23.573011,23.42562,18.84164,19.542915,19.524141,18.812666,14.114553,13.839195,15.538132,14.406617,17.63145,16.111334,15.000311,16.988405,18.019619,17.78099,21.507273,21.180561
1,4.314743,0.0,5.2304096,6.6765294,8.7994795,12.025192,14.735815,18.865248,21.859718,24.770578,28.659845,26.95,24.787878,25.133286,20.491476,21.457499,18.594568,18.544477,19.26239,18.208284,21.91069,21.182741,25.750835,22.231846,27.365253,26.62333,28.173897,27.12516,24.65962,24.721586,27.396053,25.351679,32.93178,30.371948,34.88691,36.575684,37.66113,37.650677,32.86833,28.879272,33.93779,29.54503,31.260035,30.853281,32.062447,31.392635,29.803316,33.322575,35.397198,34.811947,32.238007,34.81347,31.297504,34.83631,34.012432,37.519154,33.93697,36.64547,37.802544,36.23792,32.953724,32.60559,28.778597,26.409298,24.421885,21.081118,22.00549,17.616468,19.108368,14.031845,14.172541,18.340843,17.738209,23.564774,23.62011,26.751049,29.369753,31.02519,34.283463,35.37906,36.427612,33.50403,30.226854,28.472977,24.030855,26.30693,19.822683,20.887747,18.069271,19.055023,18.482296,19.655989,19.846148,15.37865,15.551164,15.338164,15.058453,10.135212,9.563646,11.4249935,10.872519,14.670991,13.285502,11.634531,14.653201,14.658028,15.280022,18.696909,19.01522
2,6.390845,5.2304096,0.0,5.3285494,6.87728,8.266324,12.227642,14.8455715,18.705389,20.972097,25.21375,23.569662,21.350609,22.379845,18.125982,19.839094,18.125673,18.41822,20.630257,19.919428,24.075092,24.223566,28.696972,25.252018,30.72972,29.707449,30.488232,29.367706,25.686096,25.68464,27.611868,25.36009,32.154377,28.995644,33.834194,34.98426,36.355274,36.859592,32.089703,28.471212,33.851448,30.172607,31.546803,32.09582,32.71679,32.91378,31.198626,35.038948,36.695713,35.8682,32.91312,35.34279,31.60932,34.518005,33.717068,36.823795,33.185368,35.97004,36.576588,34.627964,31.468616,30.873106,27.588541,24.773228,23.73416,19.579285,20.71511,16.47972,19.108461,14.322033,13.924128,18.323841,16.733734,22.981983,21.630423,25.247395,27.09016,28.683363,31.785093,32.42829,33.815445,31.281393,27.738506,26.415869,22.051193,24.936789,18.66138,20.85725,18.811735,20.241362,20.696156,21.401102,22.824234,19.159021,18.783747,17.954481,18.686451,13.738495,11.881833,12.868792,13.760729,17.943422,15.142488,12.918532,14.176252,13.801594,12.92378,16.115088,15.367591
3,9.572458,6.6765294,5.3285494,0.0,3.811615,5.9972672,9.034768,12.910917,15.568356,18.73985,22.208345,20.326706,18.24996,18.50116,13.994523,15.056827,12.95442,13.151175,15.431118,14.960119,19.201782,19.759115,24.242382,21.24553,27.008148,26.293411,26.681028,25.04448,21.321453,20.797083,22.94763,20.221682,27.256367,24.18013,28.908934,30.286453,31.480644,31.78222,26.993845,23.266964,28.63956,24.947884,26.526445,27.13759,28.017818,28.543644,27.230612,31.18686,32.90823,32.393547,29.572227,32.488712,29.301836,32.12756,30.626345,33.63622,29.581926,32.0922,32.75878,31.35954,27.95226,28.26689,24.938852,22.79828,22.399372,18.557804,20.613604,16.450373,19.646984,14.63094,12.137037,16.371761,14.213489,20.338705,18.9178,21.944191,24.22039,25.425222,28.548143,29.44544,30.281824,27.530508,23.864334,22.472313,18.116798,20.983078,14.6675005,17.42024,15.369977,17.57968,18.143845,19.977842,21.706415,17.934517,16.224573,14.565175,15.399661,11.392639,9.571817,8.461389,9.650898,13.880861,10.412331,7.867321,9.268655,8.68909,8.627734,12.097953,12.573622
4,12.170555,8.7994795,6.87728,3.811615,0.0,5.2753053,5.937697,10.865176,13.2186,16.303669,20.195858,19.08145,17.735867,18.002947,14.158703,14.500544,13.512456,12.643407,16.00607,14.725876,19.098051,20.394037,24.167967,20.723883,26.429123,25.175072,25.075811,23.843344,19.332739,19.415121,20.90045,19.030806,25.61966,22.932451,27.618235,28.996767,30.710213,31.019028,26.359934,22.620691,27.695196,24.081936,25.022484,25.931751,26.118935,26.751966,25.06406,29.103231,30.52655,29.737352,26.702986,29.388058,26.01916,28.650335,27.343098,30.319956,26.463167,29.157959,29.80075,28.081799,24.800089,24.6929,21.368032,19.050377,18.775229,14.800768,17.030777,13.007166,16.703905,11.970873,8.827355,13.04294,10.615199,16.861897,15.372375,18.63807,20.859175,22.357327,25.562983,26.581501,27.707876,24.883617,21.688261,19.937841,15.498402,18.136475,11.799845,14.391827,12.755269,14.934492,16.183922,17.53996,20.134533,17.248457,15.298871,13.489824,15.464179,11.338659,8.46786,7.7974043,10.873651,15.434597,12.273471,9.046453,10.91534,7.95496,8.434349,10.638054,11.250681
5,14.145072,12.025192,8.266324,5.9972672,5.2753053,0.0,6.122502,7.1604466,10.803024,13.285559,17.056126,15.328169,13.415811,14.496554,10.904691,12.768843,12.921654,13.360777,17.597445,17.484695,21.879438,23.515064,27.531403,24.748117,30.628931,29.612675,29.037155,27.36664,22.299726,21.705992,22.70109,19.864851,25.470724,21.716932,26.752026,27.412615,29.046515,29.990309,25.3568,22.248661,27.802021,25.203531,26.204788,28.070726,28.127476,29.785383,28.405571,32.627064,33.780064,33.02766,29.84474,32.58592,29.36243,31.281641,29.671127,32.05315,27.9273,30.414766,30.341715,28.581264,25.355503,25.589075,23.10822,20.676115,21.805494,17.279331,19.824232,16.26763,20.672771,16.398424,13.066505,16.932272,13.503632,19.593699,16.181206,19.582281,20.776508,21.735952,24.59612,24.932484,26.093632,23.854929,19.857723,19.08989,14.999405,18.67813,13.1284485,17.45042,16.654575,19.320446,21.021809,22.382872,25.335419,22.498465,20.328707,18.169312,20.006945,16.326279,13.676179,11.867826,14.458392,18.523035,14.181152,11.43591,10.25224,8.568832,5.833496,8.262784,7.128356
6,17.994728,14.735815,12.227642,9.034768,5.937697,6.122502,0.0,6.8327103,7.6181135,10.965803,14.734107,14.412775,14.158332,14.266167,11.795932,11.268309,12.53735,10.952066,16.16852,14.906746,19.188536,21.78686,24.705013,21.601988,27.271713,25.753757,24.448729,23.146812,17.258018,17.343262,17.536034,15.987382,21.2128,18.499058,23.212198,24.268444,26.554571,27.138186,22.740911,19.409534,24.256533,21.520798,21.688099,23.74426,23.012638,24.769938,23.101397,27.368736,28.199978,27.280077,23.979921,26.66699,23.596891,25.302069,23.560123,25.949358,21.893724,24.506273,24.631739,22.7968,19.550198,19.750458,17.076378,14.97401,16.571507,12.440667,15.727251,12.731163,17.570213,13.95006,9.033793,11.997909,7.932322,13.675407,10.306114,13.587237,15.2815075,16.557066,19.695446,20.64662,21.834059,19.112171,16.04636,14.297676,9.931838,12.999449,7.3260655,11.714389,11.690384,14.593268,17.08361,18.420248,22.295052,20.558956,17.671547,15.151212,18.175694,15.187732,11.996589,9.934882,14.230705,18.348122,14.7427025,11.427557,11.8429785,6.8353624,6.9739537,6.3776684,7.5145445
7,21.056969,18.865248,14.8455715,12.910917,10.865176,7.1604466,6.8327103,0.0,5.439049,6.276453,10.741343,10.240654,9.878626,11.7036085,10.785405,12.209443,15.189326,15.093283,20.790958,20.60349,24.78374,27.535343,30.66298,28.060953,33.78431,32.376797,30.70427,29.185123,22.88496,22.475533,21.91683,19.649656,22.989616,19.039286,24.020727,23.891916,26.307566,27.844765,23.722296,21.460049,26.591547,25.284561,25.302542,28.463959,27.381428,30.181896,28.715624,33.033714,33.449203,32.427715,28.966297,31.387506,28.352055,29.071087,27.33371,28.84536,24.836823,27.207563,26.270285,24.091858,21.260138,21.397078,20.15977,17.711914,20.816746,16.15974,19.249332,16.97601,22.238876,19.210512,15.151731,17.797033,13.479425,18.38688,12.80875,16.230822,15.883483,16.492603,18.91709,18.62634,20.26889,18.685226,14.776805,14.668254,11.432396,15.595151,12.078408,17.416758,18.175455,21.040241,23.809326,24.715124,28.841478,27.152296,24.474375,21.945541,24.74836,21.6183,18.478846,16.330305,19.982864,23.847645,19.38874,16.551432,14.51976,11.404896,8.295166,6.6701,3.426125
8,24.678247,21.859718,18.705389,15.568356,13.2186,10.803024,7.6181135,5.439049,0.0,4.5920916,7.1214724,7.7143807,9.257391,9.528672,10.096441,9.484059,13.774118,12.834415,19.029415,18.756392,22.498772,25.996988,28.356682,26.198854,31.69489,30.322035,27.92653,26.233696,19.540312,18.935318,17.617737,15.597461,17.834965,14.211083,18.989868,18.943209,21.75709,23.172274,19.32535,17.290127,21.918575,21.156607,20.672878,24.432976,22.921759,26.417463,25.24216,29.545015,29.680431,28.826889,25.471334,28.136856,25.785028,26.017553,23.574142,24.67345,20.330887,22.369911,21.234526,19.526844,16.528976,17.771738,16.936735,15.513843,19.698725,15.885042,19.656818,18.007845,23.298014,20.653069,15.504251,17.085718,12.498237,16.02311,9.880618,12.167618,11.824989,11.740884,14.177033,14.275035,15.339152,13.444271,9.5316515,9.271195,6.4091125,10.831916,8.966946,14.936555,16.506134,19.766249,22.864887,24.291302,28.776072,27.581049,24.1366,21.186323,24.348253,22.282675,19.287716,16.268448,20.300388,23.670313,19.457262,16.737053,14.844403,10.716188,9.098642,5.049279,5.3403325
9,27.219944,24.770578,20.972097,18.73985,16.303669,13.285559,10.965803,6.276453,4.5920916,0.0,5.712962,7.9296465,10.135474,11.640213,13.27452,13.522086,18.060974,17.40924,23.59658,23.314646,27.047544,30.570108,32.84191,30.53879,35.93831,34.31956,31.766726,30.363712,23.425106,23.139925,21.275547,19.743692,20.69578,17.048885,21.521048,20.737282,23.886673,25.788033,22.396097,20.999638,25.300516,25.169477,24.282001,28.405916,26.3873,30.100441,28.70722,32.92815,32.703285,31.56183,28.052149,30.209276,27.65714,27.243574,25.243937,25.818329,21.988678,24.045599,22.294268,19.939472,17.600275,17.98747,18.14567,16.24789,21.047653,17.015556,20.434233,19.402727,24.82848,22.791515,18.294138,19.667273,15.213468,18.255428,11.418036,13.977331,11.995363,11.900321,13.648162,12.726426,14.754517,13.90528,10.519634,11.145293,9.656824,13.515246,12.815526,18.211313,20.13391,23.023325,26.385595,27.144411,31.941774,31.09512,27.97645,25.218153,28.552444,26.086128,22.855171,20.414225,24.519926,28.073195,23.768126,21.004148,18.842558,15.110891,12.804901,9.241646,7.4758434
10,31.182636,28.659845,25.21375,22.208345,20.195858,17.056126,14.734107,10.741343,7.1214724,5.712962,0.0,4.7999134,8.819779,9.310445,12.941912,12.624892,17.981213,17.692076,23.723032,24.124216,27.31676,31.201794,33.1566,31.715607,36.961544,35.745285,32.71483,30.797503,24.006496,22.94496,20.706734,18.518358,17.566662,13.4161825,17.492708,15.942425,19.123508,21.481113,18.661434,18.31612,22.200138,23.378021,22.430302,27.300896,25.312967,29.961315,29.238775,33.35725,32.962963,32.21158,28.999315,31.503016,29.808435,28.90053,26.063253,25.932728,21.734167,22.995611,20.63802,19.27511,16.997673,19.090631,19.994228,19.261091,24.694744,21.34012,25.073423,24.20217,29.55028,27.426165,22.314976,23.297293,18.811073,20.908281,14.187565,15.1055765,12.876223,11.119469,11.8375845,10.383344,11.052458,11.0196,6.644073,9.288023,9.836065,13.49404,14.672104,20.420786,22.624315,25.903368,29.202631,30.648968,35.386227,34.461765,30.767712,27.653957,30.784079,29.191326,26.311857,22.940939,26.698057,29.570189,25.142962,22.882465,19.897724,16.821625,14.698713,10.716146,10.173939
11,29.15154,26.95,23.569662,20.326706,19.08145,15.328169,14.412775,10.240654,7.7143807,7.9296465,4.7999134,0.0,4.2533393,4.9831853,9.063125,9.985137,15.092098,15.945783,21.584923,22.811024,26.062181,29.546885,32.158897,31.125898,36.633804,35.90592,33.299698,30.862839,24.624067,22.819273,21.53104,17.910658,18.100496,12.812174,17.418558,15.903152,18.05254,20.561747,17.242363,16.88245,21.636988,22.710735,22.718027,27.303625,26.258211,30.79212,30.448015,34.655907,34.71532,34.29022,31.2282,34.168953,32.477814,32.16641,29.10245,29.376478,24.780233,25.937023,23.94112,23.134817,20.436594,22.984005,23.187645,22.395061,27.173382,23.515789,27.261719,25.658297,30.965113,28.104267,22.938868,24.624596,20.055586,23.113104,16.835018,17.958673,16.718765,15.055563,16.073687,14.930562,14.807291,14.449469,9.062136,11.77365,11.378758,15.632613,15.457853,21.707407,23.24427,26.819029,29.667755,31.648752,35.869667,34.18323,30.453606,27.247587,29.767887,28.245302,25.698072,21.820732,24.871016,27.435286,22.610273,20.77917,16.78576,15.075653,12.154195,9.010841,8.2894335
12,26.55743,24.787878,21.350609,18.24996,17.735867,13.415811,14.158332,9.878626,9.257391,10.135474,8.819779,4.2533393,0.0,3.939164,6.485466,9.456163,13.544195,15.460599,20.588615,22.341871,25.779722,28.706337,32.008545,31.054537,36.786068,36.346848,34.26857,31.600834,25.848318,23.733782,23.31431,18.909525,20.51439,14.860063,19.709038,18.48677,19.807629,22.208736,18.453487,17.742414,23.160946,23.707327,24.471653,28.528757,28.20067,32.31638,32.059402,36.32711,36.771038,36.468803,33.44799,36.572018,34.648518,34.87409,31.90892,32.614563,27.890627,29.184385,27.544453,26.790136,23.860767,26.236612,25.86062,24.742981,28.835081,24.832666,28.404554,26.215643,31.40801,28.005459,23.12421,25.476439,20.974081,24.933165,19.061255,20.669685,20.010426,18.729666,20.079588,19.093672,18.992914,18.363295,12.857461,15.083308,13.745268,18.250652,16.685888,23.015127,23.906622,27.529835,29.978819,32.15253,35.906967,33.589733,30.078499,26.960712,28.949732,27.19153,24.878696,20.92888,23.330437,25.809967,20.663412,19.130535,14.368785,14.059175,10.20165,8.580726,7.1206665
13,27.302786,25.133286,22.379845,18.50116,18.002947,14.496554,14.266167,11.7036085,9.528672,11.640213,9.310445,4.9831853,3.939164,0.0,5.116842,6.5064836,11.046983,12.889144,17.8284,19.837662,22.897585,26.047401,29.067738,28.575695,34.158676,33.965862,31.717623,28.765686,23.294569,20.740343,20.43427,15.562211,17.094032,11.28564,16.153461,15.259757,16.321762,18.482658,14.575022,13.880678,19.33474,20.06078,21.016264,25.127844,25.06296,29.37744,29.496397,33.678707,34.196022,34.17526,31.392763,34.81208,33.34706,33.64591,30.236761,30.935768,25.962233,26.952433,25.502113,25.384764,22.248613,25.435787,24.896458,24.40595,28.487944,24.970835,28.788307,26.603464,31.64679,28.169868,22.820477,24.855328,20.459917,23.937712,18.56939,19.431616,19.364786,17.750282,19.139643,18.669035,17.786148,16.743406,11.141881,13.260997,12.202846,16.395779,15.274508,21.55432,22.455563,26.270237,28.579615,31.259764,34.88352,32.57885,28.66828,25.35798,27.236546,26.207047,24.182695,19.678925,21.93259,23.921703,18.979488,17.728739,13.04612,12.681866,9.911498,7.953189,8.6388035
14,22.587343,20.491476,18.125982,13.994523,14.158703,10.904691,11.795932,10.785405,10.096441,13.27452,12.941912,9.063125,6.485466,5.116842,0.0,4.949754,7.263136,9.998019,14.450316,16.62748,20.0575,22.563534,26.29301,25.559753,31.366673,31.342766,29.785667,26.785395,21.891449,19.322205,20.12142,14.924422,18.90518,13.656716,18.664968,18.745897,19.39755,20.817394,16.301153,14.342118,20.35068,19.613562,21.271015,24.361624,25.009665,28.418535,28.420938,32.63837,33.64123,33.675133,30.936504,34.497223,32.700344,33.787483,30.627493,32.04487,27.043072,28.392616,27.641779,27.3919,23.949224,26.69042,25.223389,24.404884,27.424187,23.74934,27.347746,24.524168,29.244473,25.214708,20.15179,22.806318,18.698416,23.085146,18.626122,20.037918,20.924826,20.035843,22.0842,22.130371,21.576054,19.819304,14.544048,15.437656,12.977059,17.143705,14.115659,20.094114,20.152752,23.91413,25.712526,28.596512,31.650663,28.760193,25.092064,21.932276,23.311848,22.051596,20.309782,15.767088,17.447159,19.519907,14.349812,13.203833,8.106301,8.920814,5.7245703,6.1219025,7.3959246
15,24.292606,21.457499,19.839094,15.056827,14.500544,12.768843,11.268309,12.209443,9.484059,13.522086,12.624892,9.985137,9.456163,6.5064836,4.949754,0.0,5.5147114,6.4101434,11.62029,13.34968,16.44818,19.69788,22.642994,22.08583,27.683388,27.610346,25.593822,22.515057,17.477678,14.718955,15.306112,10.0431385,14.329904,9.703713,14.668311,15.52708,16.520164,17.313934,12.645467,10.016412,15.891967,14.913444,16.341747,19.583702,20.090363,23.71639,23.911127,28.078157,29.008188,29.202059,26.636232,30.394108,29.072048,30.11222,26.567842,27.975817,22.83286,23.982538,23.52256,23.752445,20.155725,23.54123,21.929571,21.840916,24.96462,22.005621,25.87635,23.376068,27.933525,24.19828,18.540611,20.445507,16.498566,19.944918,16.103924,16.611212,18.16418,17.121143,19.306055,20.036884,18.992596,16.626656,11.9000435,12.011293,9.693602,13.220354,10.875254,16.657946,17.026089,20.951477,22.854584,26.10492,29.326313,26.923067,22.723461,19.311316,21.067663,20.674362,19.018703,14.045697,16.264565,18.042933,13.546288,12.250045,8.806968,7.3818994,7.1379347,5.73286,9.365437
16,21.368378,18.594568,18.125673,12.95442,13.512456,12.921654,12.53735,15.189326,13.774118,18.060974,17.981213,15.092098,13.544195,11.046983,7.263136,5.5147114,0.0,4.5483,7.217398,10.031385,13.1231365,15.391271,19.285364,19.027874,24.741428,25.255493,24.140543,20.715742,17.164186,13.998847,16.335453,10.642738,17.206259,13.535861,17.819437,19.433746,19.546154,19.57757,14.747557,11.280674,17.129128,14.641779,17.273705,18.956053,20.77366,23.262838,23.709013,27.690718,29.2773,29.78226,27.554583,31.559902,30.216755,32.10805,28.68268,30.72701,25.637363,26.855928,27.128525,27.584412,23.8354,27.037867,24.600761,24.476532,26.342968,23.580141,27.125608,24.018074,27.921633,23.596304,18.373686,20.746544,17.536612,21.487097,19.134296,19.787737,22.242142,21.665436,24.137733,25.21314,24.15259,21.448038,17.162598,16.639988,13.760859,16.563143,12.808445,17.400183,16.573132,20.33503,21.27856,25.12704,27.343126,24.104118,20.01075,16.75161,17.403904,17.48819,16.7012,11.365112,12.032685,13.090164,8.473493,8.153627,4.7436123,6.170325,7.527057,9.009384,12.456933
17,21.988527,18.544477,18.41822,13.151175,12.643407,13.360777,10.952066,15.093283,12.834415,17.40924,17.692076,15.945783,15.460599,12.889144,9.998019,6.4101434,4.5483,0.0,6.2375493,6.9618034,10.4121275,13.649452,16.631365,15.750988,21.455235,21.506723,20.00421,16.855717,12.704454,9.928723,12.190623,7.4262934,14.953548,12.623467,16.627335,18.859356,19.711937,19.24126,14.561494,10.390984,15.522178,12.101003,14.0750885,15.551627,16.884775,19.127796,19.293276,23.359783,24.874203,25.278543,23.023596,27.038982,25.789007,27.778656,24.349136,26.609495,21.616547,22.988262,23.678019,24.104115,20.313997,23.429298,20.660267,20.877733,22.534039,20.326267,23.9534,21.140814,24.863657,20.91085,15.317315,17.044258,14.102462,17.401707,15.885546,16.13581,19.227844,18.976664,21.706923,23.332369,22.387709,19.179333,15.802906,14.24607,11.114341,13.036415,9.167938,13.124994,12.440584,16.284178,17.45787,21.384491,23.938377,21.35328,16.886232,13.416899,14.917368,15.373392,14.3443165,8.981678,10.991162,12.501575,9.079038,7.722981,7.6961484,4.903932,8.678302,8.839282,13.061584
18,22.518991,19.26239,20.630257,15.431118,16.00607,17.597445,16.16852,20.790958,19.029415,23.59658,23.723032,21.584923,20.588615,17.8284,14.450316,11.62029,7.217398,6.2375493,0.0,4.678331,6.380563,8.30031,12.264047,12.732908,18.139645,19.355461,18.857454,15.017836,13.783491,10.3100195,14.467786,9.783446,17.90996,16.507753,19.438337,22.258623,22.075602,20.792051,16.41452,12.150416,16.357107,11.767933,15.181034,14.592897,17.779984,18.749636,19.704988,23.172596,25.414167,26.438211,24.920368,29.209766,28.437027,31.09222,27.588,30.196644,25.363663,26.399704,27.721786,28.774708,25.012732,28.364264,25.160307,25.72984,26.343363,24.742123,27.991194,24.90105,27.71253,23.483002,18.609161,20.281988,18.436916,21.35724,21.326935,21.206036,24.82825,24.60206,27.2645,29.126743,27.789669,24.483942,21.42567,19.834217,17.055557,18.15914,14.485361,16.611202,14.888034,18.135874,17.934166,22.682213,23.820389,20.47412,16.03286,12.943883,12.52699,14.757065,15.285682,10.149162,9.3081665,8.298875,6.7369394,7.7778797,9.304988,9.615007,13.380348,14.74448,18.657024
19,21.996365,18.208284,19.919428,14.960119,14.725876,17.484695,14.906746,20.60349,18.756392,23.314646,24.124216,22.811024,22.341871,19.837662,16.62748,13.34968,10.031385,6.9618034,4.678331,0.0,4.4239793,7.3296146,10.234034,9.009813,14.801872,15.302915,14.806504,11.515075,10.055465,7.776522,12.160117,9.639946,18.074306,17.73961,20.539621,23.645021,24.221972,22.744516,18.558691,14.016188,17.420713,11.991438,14.364611,13.042842,15.6075535,15.566949,15.879362,19.423805,21.757225,22.549564,20.977097,25.14255,24.204231,27.230104,24.057594,27.093378,22.606703,23.989538,25.812263,26.545387,22.867645,25.626282,21.945498,22.579536,22.482557,21.425957,24.472624,21.562304,23.927353,20.020931,15.248186,16.395353,15.2680025,17.693668,18.894676,18.73059,22.864075,23.192514,26.111908,28.35864,27.411955,23.7683,21.525644,19.112556,16.038513,16.308184,12.299753,12.867451,10.740897,13.706826,13.363972,18.225449,19.463629,16.652306,11.89377,8.647572,9.111067,11.704636,12.145935,7.5913525,8.0252075,8.103134,8.16379,7.741071,11.584762,9.536091,14.256966,15.1308775,19.145708
20,25.601587,21.91069,24.075092,19.201782,19.098051,21.879438,19.188536,24.78374,22.498772,27.047544,27.31676,26.062181,25.779722,22.897585,20.0575,16.44818,13.1231365,10.4121275,6.380563,4.4239793,0.0,4.882998,6.2458906,7.132736,12.026564,13.515048,13.089107,9.018594,10.241494,7.438854,12.450866,10.486282,18.340076,19.03262,20.83104,24.377419,24.520515,22.403467,18.762606,14.412184,16.502485,10.557559,13.414952,10.56162,14.353406,13.602094,14.869929,17.75807,20.433594,21.82887,20.986277,25.348892,25.216248,28.303661,24.83203,27.80049,23.47052,24.35453,26.56043,27.976654,24.431488,27.70014,24.071392,25.344028,25.09409,24.74633,27.709763,25.084877,26.983486,23.406546,18.886322,19.387613,18.789738,20.147848,22.051437,21.150372,25.488937,25.589565,28.293417,30.781881,29.38158,25.687963,23.93016,21.480183,19.041393,18.586224,15.706684,15.40964,13.467761,15.884888,14.963783,20.157059,20.746809,18.229158,13.484647,10.781025,10.339692,14.477743,15.59973,11.705349,11.219427,9.549777,11.191073,11.710855,15.188943,13.784919,18.378223,19.032705,23.205528
21,24.500969,21.182741,24.223566,19.759115,20.394037,23.515064,21.78686,27.535343,25.996988,30.570108,31.201794,29.546885,28.706337,26.047401,22.563534,19.69788,15.391271,13.649452,8.30031,7.3296146,4.882998,0.0,5.854446,7.2662888,11.437845,13.866518,15.147391,11.574651,14.410594,12.242794,17.247011,15.149055,23.056684,23.36634,25.273096,28.730679,28.469366,26.351484,22.68717,18.469248,20.721495,14.941257,18.119627,14.678958,18.841919,17.117233,18.290543,20.625013,23.701433,25.159948,24.570303,28.735033,28.380371,31.965446,28.888088,32.135983,28.020472,29.018354,31.359156,32.63735,29.10081,31.996923,28.094208,29.013905,27.989527,27.554775,30.107931,27.099571,28.405432,24.51424,20.874592,21.847534,21.731455,23.654972,25.898006,25.455944,29.824743,30.120981,32.928356,35.32715,34.05468,30.392437,28.338713,26.010056,23.245842,23.110733,19.505999,18.93972,16.296568,18.112448,16.20158,21.386625,20.689394,17.267471,13.303978,11.530086,9.01556,13.814409,15.997788,12.900184,10.491836,7.134188,10.802234,12.300889,16.312504,16.20517,20.547634,22.082518,25.935186
22,29.376472,25.750835,28.696972,24.242382,24.167967,27.531403,24.705013,30.66298,28.356682,32.84191,33.1566,32.158897,32.008545,29.067738,26.29301,22.642994,19.285364,16.631365,12.264047,10.234034,6.2458906,5.854446,0.0,5.5046816,7.146369,10.23131,11.0242815,7.2991323,12.6863365,11.210817,15.811129,15.582505,22.37754,24.19391,25.090496,28.965988,28.92978,26.244062,23.320072,19.328285,19.874865,13.893641,16.292847,11.42984,15.773888,12.837728,14.63996,16.087715,19.355284,21.288506,21.47035,25.634655,26.186789,29.708672,26.476118,29.66353,26.012897,26.620024,29.484535,31.254173,28.023087,31.12994,27.282316,28.970638,27.82326,28.418287,30.918905,28.571192,29.465202,26.381266,22.703539,22.5362,23.014877,23.360382,26.60496,25.304827,29.936096,30.216936,32.838757,35.642918,34.139587,30.341347,29.303411,26.565044,24.424114,23.178446,20.842318,19.003841,16.875853,18.112215,16.161495,21.330544,20.663853,18.659666,14.558266,13.104863,11.691511,17.039864,18.963827,16.40841,15.279033,12.704618,16.149036,16.99671,21.058697,19.767965,24.460026,25.133562,29.28771
23,26.113506,22.231846,25.252018,21.24553,20.723883,24.748117,21.601988,28.060953,26.198854,30.53879,31.715607,31.125898,31.054537,28.575695,25.559753,22.08583,19.027874,15.750988,12.732908,9.009813,7.132736,7.2662888,5.5046816,0.0,5.984504,6.862288,8.475003,6.4094586,10.436797,10.751905,14.952879,15.846297,23.137848,24.743086,26.352285,30.043852,30.744125,28.46991,25.12253,20.77142,22.041315,15.895603,17.367193,13.204067,16.006134,12.413004,12.575001,14.551363,17.806036,18.993977,18.633068,22.465252,22.197544,26.211061,23.66631,27.362385,24.027725,25.32039,28.321552,29.274035,26.089413,28.190506,23.901766,25.132452,23.176804,23.899271,26.039652,23.688505,24.167908,21.262157,18.083698,17.768223,18.90645,19.362347,23.342506,22.577522,27.346535,28.239592,31.161407,34.013893,33.16078,29.224226,28.369564,25.205576,22.515121,21.190424,18.07311,15.204623,12.551973,13.139839,10.767195,15.905747,15.237633,13.52511,9.299863,8.206544,7.5535088,12.682608,14.465134,13.039835,12.742045,11.630849,15.129705,15.0205,20.120678,17.773582,22.65495,23.32728,27.226162
24,31.12677,27.365253,30.72972,27.008148,26.429123,30.628931,27.271713,33.78431,31.69489,35.93831,36.961544,36.633804,36.786068,34.158676,31.366673,27.683388,24.741428,21.455235,18.139645,14.801872,12.026564,11.437845,7.146369,5.984504,0.0,4.368997,7.712545,7.3984075,13.955891,14.852319,18.431015,20.378134,26.672085,29.209417,30.028793,33.96834,34.570206,31.85099,29.116287,25.065054,25.128609,19.161198,20.211058,14.990535,17.797756,12.637138,13.2086735,13.305935,16.917202,18.588665,19.372665,22.783531,23.38225,27.551903,25.262184,28.959816,26.379427,27.307985,30.807787,32.130993,29.330463,31.36421,27.116516,28.82942,26.337809,27.98624,29.72303,27.860556,27.50148,25.336786,22.861168,21.826035,23.678318,23.003645,27.865358,26.603645,31.462576,32.39571,35.139484,38.248272,37.241726,33.275574,33.091965,29.757046,27.504103,25.514854,23.232576,19.485868,17.198309,16.825779,14.045719,18.450144,16.757038,16.200258,13.187373,13.265785,12.33275,17.48043,19.526258,18.865911,18.351145,16.713984,20.789246,20.928259,26.003618,23.709846,28.610483,29.097452,33.053024
25,30.580431,26.62333,29.707449,26.293411,25.175072,29.612675,25.753757,32.376797,30.322035,34.31956,35.745285,35.90592,36.346848,33.965862,31.342766,27.610346,25.255493,21.506723,19.355461,15.302915,13.515048,13.866518,10.23131,6.862288,4.368997,0.0,5.1496663,7.29341,12.387772,14.629898,17.390173,20.445568,26.465206,29.162853,30.188091,34.010323,35.184017,32.678448,29.872658,25.749504,25.915825,20.046553,20.251057,15.608103,17.09937,11.566861,10.794846,10.96116,14.408527,15.48539,16.052557,19.093407,19.381319,23.794424,22.013681,25.977194,23.848717,25.141445,28.783253,29.623331,27.030582,28.369602,23.970066,25.61154,22.648935,24.762043,26.226011,24.74022,24.050419,22.47423,20.321823,18.70188,21.105045,19.833635,25.350122,24.175879,29.03543,30.344042,33.158215,36.354015,35.741543,31.736189,31.987185,28.351038,26.03783,23.7162,21.527094,16.889503,14.769276,13.649859,10.951186,14.819501,13.539768,14.253078,11.399278,11.819803,12.228931,16.506134,17.991999,18.103312,18.604212,18.061037,21.654295,21.08283,26.417809,23.227167,28.133173,28.275806,32.064293
26,32.34953,28.173897,30.488232,26.681028,25.075811,29.037155,24.448729,30.70427,27.92653,31.766726,32.71483,33.299698,34.26857,31.717623,29.785667,25.593822,24.140543,20.00421,18.857454,14.806504,13.089107,15.147391,11.0242815,8.475003,7.712545,5.1496663,0.0,4.6528087,8.765625,11.593607,13.295239,17.469107,22.399174,25.745607,26.336678,30.16614,31.664701,29.130766,26.688456,22.840797,22.351946,16.916204,16.209631,11.956352,12.399949,6.6917505,5.743421,6.3282695,9.72276,11.052566,11.686326,15.274029,16.341232,20.1093,17.649473,21.33472,19.138094,20.171696,23.900148,25.05422,22.595093,24.39869,20.352226,22.663273,20.677204,23.06976,25.025505,24.064829,24.12696,22.8997,19.771769,17.520672,19.422428,17.066097,22.429869,20.526348,25.334663,26.413269,29.004251,32.33777,31.534933,27.562838,28.38135,24.657116,22.931183,20.019888,19.058027,14.372424,13.329235,12.769147,11.5726795,15.32448,15.934785,17.25698,13.55315,12.836344,14.589276,18.4162,19.026278,18.299982,19.837515,19.721039,22.305244,21.380434,26.069439,22.202843,27.066845,26.437017,30.392017
27,31.219408,27.12516,29.367706,25.04448,23.843344,27.36664,23.146812,29.185123,26.233696,30.363712,30.797503,30.862839,31.600834,28.765686,26.785395,22.515057,20.715742,16.855717,15.017836,11.515075,9.018594,11.574651,7.2991323,6.4094586,7.3984075,7.29341,4.6528087,0.0,7.342434,8.260246,11.216481,14.042374,19.56087,22.599577,23.163698,27.100832,28.118042,25.477196,22.916462,19.01643,18.67196,12.91114,13.117473,8.3454275,10.506045,6.1214356,7.3642898,9.084727,12.2206135,14.010804,14.26398,18.446466,19.46816,22.763563,19.521673,22.787035,19.64146,20.338984,23.658484,25.297043,22.422945,25.197895,21.393665,23.678164,22.610859,24.14571,26.641188,25.175423,26.018003,23.971727,20.055426,18.57537,19.500027,18.09605,22.275974,20.314056,25.085016,25.648777,28.19512,31.361809,30.114843,26.179228,26.352146,22.990168,21.296932,18.876287,17.778122,14.4755125,13.307911,14.040496,13.020921,17.644072,18.339035,18.298498,13.88343,12.274595,13.408303,17.7852,18.584702,16.616964,17.651728,16.912687,19.28546,18.81566,23.010258,19.771948,24.643068,24.188185,28.382214
28,28.901703,24.65962,25.686096,21.321453,19.332739,22.299726,17.258018,22.88496,19.540312,23.425106,24.006496,24.624067,25.848318,23.294569,21.891449,17.477678,17.164186,12.704454,13.783491,10.055465,10.241494,14.410594,12.6863365,10.436797,13.955891,12.387772,8.765625,7.342434,0.0,4.693041,5.3948965,9.710325,14.978213,17.564901,18.947546,22.432215,24.371546,22.476751,19.507866,15.575724,16.239895,11.28223,10.10601,8.880432,8.0117445,7.537162,6.6171584,10.819643,12.304829,12.799508,11.164567,15.562496,15.658137,18.205557,14.59346,17.733776,13.805729,15.181573,17.962276,18.907001,15.724805,18.451889,14.7515335,16.966963,17.14945,18.132605,21.23069,20.029669,22.034018,20.11018,15.153815,13.453243,13.348463,11.730883,15.080115,13.033154,17.79891,18.467138,21.189795,24.301249,23.441658,19.443287,19.714735,16.07499,14.29375,11.653159,10.973819,7.9977717,8.24997,10.234431,11.444357,15.391708,18.27996,18.552023,13.768342,11.1063385,14.281574,16.680605,15.970281,13.506075,16.46761,17.446733,17.866566,16.288849,19.734674,15.110921,19.668905,18.311235,22.380894
29,28.760075,24.721586,25.68464,20.797083,19.415121,21.705992,17.343262,22.475533,18.935318,23.139925,22.94496,22.819273,23.733782,20.740343,19.322205,14.718955,13.998847,9.928723,10.3100195,7.776522,7.438854,12.242794,11.210817,10.751905,14.852319,14.629898,11.593607,8.260246,4.693041,0.0,5.017842,5.9039297,12.459919,14.55041,15.9101515,19.571829,20.843252,18.799929,15.595648,11.467497,12.512949,7.045044,7.397191,6.5471053,7.865008,9.278806,10.242725,13.957816,15.593439,16.67969,15.377803,19.885918,20.206713,22.342972,18.28047,20.77632,16.22508,16.971333,19.130802,20.72619,17.267574,21.052134,17.915792,19.978203,20.951727,21.094852,24.515038,22.83527,25.363598,22.724518,17.34805,16.644108,15.555714,15.214122,16.872547,14.880382,19.23027,19.138079,21.657223,24.46983,22.986094,19.146976,18.494038,15.513677,13.919208,12.224117,11.486496,11.01233,10.953154,13.795305,14.640406,19.099323,21.522423,20.68968,15.646399,12.512919,14.65833,17.493242,17.118639,13.310803,15.470506,15.694666,15.627272,14.686296,17.226015,13.581603,18.033209,16.911884,21.28141
30,31.492887,27.396053,27.611868,22.94763,20.90045,22.70109,17.536034,21.91683,17.617737,21.275547,20.706734,21.53104,23.31431,20.43427,20.12142,15.306112,16.335453,12.190623,14.467786,12.160117,12.450866,17.247011,15.811129,14.952879,18.431015,17.390173,13.295239,11.216481,5.3948965,5.017842,0.0,6.6617255,9.702851,12.951131,13.829491,17.287155,19.508001,17.724726,15.137884,11.813941,11.88785,8.438461,5.838455,7.9161305,5.510536,9.327644,9.646655,13.515477,13.958193,14.582797,12.835079,17.175734,17.841513,18.943857,14.401126,16.290773,11.480843,12.0886755,14.1151495,15.859195,12.503504,16.818722,14.336221,17.075277,19.179464,19.666378,23.296896,22.41421,25.320213,23.441639,17.848553,16.35748,14.923223,13.129462,14.2833,11.2567425,15.388435,15.085429,17.36005,20.433079,18.920492,15.018153,15.5267515,12.163028,11.628894,8.667178,10.52698,10.094717,11.729021,14.434462,16.395735,19.919228,23.379347,23.502146,18.643538,15.608843,18.653692,20.693674,19.558771,16.14099,19.299154,20.232353,19.500748,17.997465,19.85553,15.327635,19.184328,16.92926,21.082066
31,29.06246,25.351679,25.36009,20.221682,19.030806,19.864851,15.987382,19.649656,15.597461,19.743692,18.518358,17.910658,18.909525,15.562211,14.924422,10.0431385,10.642738,7.4262934,9.783446,9.639946,10.486282,15.149055,15.582505,15.846297,20.378134,20.445568,17.469107,14.042374,9.710325,5.9039297,6.6617255,0.0,8.469294,8.907439,11.068862,14.370768,15.5292635,14.073298,10.257512,6.0244584,8.967883,5.6699247,6.742032,9.627841,10.431462,14.280889,15.391488,19.167686,20.186909,21.080498,19.352146,23.67864,23.783844,25.023842,20.651184,22.250246,17.088816,17.514235,18.396193,20.122654,16.480383,21.095848,18.93462,20.690762,23.153643,22.257744,26.130445,24.345226,27.861677,24.893688,18.982973,19.027164,16.528637,17.143278,16.294895,14.443138,17.778421,16.78503,18.970488,21.233707,19.278278,15.820028,14.026765,12.015552,10.969201,10.649038,10.686097,13.274089,13.927651,17.517189,19.034725,23.130243,26.07851,24.728136,19.750708,16.275494,18.291752,20.194809,19.306992,14.530703,16.789614,17.266071,15.411846,14.537869,14.851272,11.775706,15.156729,13.474622,17.865864
32,36.56179,32.93178,32.154377,27.256367,25.61966,25.470724,21.2128,22.989616,17.834965,20.69578,17.566662,18.100496,20.51439,17.094032,18.90518,14.329904,17.206259,14.953548,17.90996,18.074306,18.340076,23.056684,22.37754,23.137848,26.672085,26.465206,22.399174,19.56087,14.978213,12.459919,9.702851,8.469294,0.0,6.088826,4.348661,7.9009986,10.363395,8.995804,7.775374,7.5717254,6.111754,9.064613,6.8427854,12.665769,11.073914,17.141775,18.593838,21.733871,21.471561,22.34334,20.837963,24.673338,25.775301,25.31982,20.341082,20.155542,15.159199,14.120875,13.60363,16.665257,13.816201,19.896048,19.640415,22.28502,26.391188,25.91463,29.95532,29.17649,33.069027,30.94948,24.9311,24.179253,21.379831,20.3593,18.312433,15.122755,16.848858,14.465533,15.172817,17.31779,14.051279,11.361807,11.299719,10.391105,12.6028185,11.346979,15.342888,18.07718,20.125517,23.386904,25.633448,29.036142,32.733963,32.27384,27.33464,23.96757,26.459124,28.20753,26.872171,22.41199,25.139553,25.697784,23.539711,22.559847,21.727549,18.621532,20.702114,17.66725,21.36036
33,33.584618,30.371948,28.995644,24.18013,22.932451,21.716932,18.499058,19.039286,14.211083,17.048885,13.4161825,12.812174,14.860063,11.28564,13.656716,9.703713,13.535861,12.623467,16.507753,17.73961,19.03262,23.36634,24.19391,24.743086,29.209417,29.162853,25.745607,22.599577,17.564901,14.55041,12.951131,8.907439,6.088826,0.0,5.163397,6.282989,8.370888,9.007144,5.705678,5.9432874,8.963809,11.567822,11.366412,16.60769,15.996273,21.499683,22.564972,26.204903,26.302364,26.891321,24.861584,28.6558,28.813808,28.595394,24.055807,24.130377,18.945196,18.691643,17.531096,19.403643,16.291918,21.659918,21.405787,22.984978,27.364302,25.723692,29.875679,28.555923,33.00568,30.291965,24.21659,24.481031,20.882622,21.553404,17.933392,16.040451,17.034191,14.495898,15.372074,16.486826,13.538688,11.484481,8.45657,9.2796955,10.834513,11.972228,14.421328,19.00904,20.707232,24.430828,26.74567,30.102188,33.82083,32.5756,27.796404,24.26234,26.502535,27.446676,25.897621,21.036455,23.584332,24.476877,21.202667,20.25201,17.945599,15.71594,16.567352,13.59398,16.879263
34,38.237984,34.88691,33.834194,28.908934,27.618235,26.752026,23.212198,24.020727,18.989868,21.521048,17.492708,17.418558,19.709038,16.153461,18.664968,14.668311,17.819437,16.627335,19.438337,20.539621,20.83104,25.273096,25.090496,26.352285,30.028793,30.188091,26.336678,23.163698,18.947546,15.9101515,13.829491,11.068862,4.348661,5.163397,0.0,4.1688485,6.0441656,5.322265,5.150662,7.521024,6.379606,11.303268,10.382501,15.885753,15.08566,21.098577,22.804377,25.867073,25.665659,26.638292,25.178047,28.9635,30.009203,29.383972,24.446882,23.932158,19.046705,17.826204,16.637915,19.68558,17.090652,23.16011,23.328995,25.675814,30.11161,29.184372,33.300602,32.349785,36.523067,34.136883,28.054731,27.73576,24.566923,24.146835,21.284683,18.494637,19.501081,16.661144,16.832766,18.221153,14.4696865,12.795791,11.724454,12.333744,14.82817,14.621173,18.248873,21.807861,23.701853,27.167955,29.354511,32.860184,36.47858,35.61121,30.665863,27.203041,29.354723,31.009985,29.718418,24.914799,27.266844,27.604927,24.971167,24.31577,22.444607,20.28803,21.594793,18.669497,21.99506
35,39.69786,36.575684,34.98426,30.286453,28.996767,27.412615,24.268444,23.891916,18.943209,20.737282,15.942425,15.903152,18.48677,15.259757,18.745897,15.52708,19.433746,18.859356,22.258623,23.645021,24.377419,28.730679,28.965988,30.043852,33.96834,34.010323,30.16614,27.100832,22.432215,19.571829,17.287155,14.370768,7.9009986,6.282989,4.1688485,0.0,4.613935,6.576285,7.1785727,10.433482,10.352666,15.310834,14.4293165,20.015623,18.9301,25.01393,26.452759,29.619434,29.208063,29.933403,28.227896,31.747604,32.544918,31.501232,26.7488,25.806479,21.091148,19.920288,17.907606,20.545288,18.292042,24.130457,24.943434,26.960758,31.95415,30.61851,34.760857,33.910347,38.423008,36.074875,30.014212,29.908613,26.358372,26.23141,22.390766,19.941729,19.968481,16.741121,16.305326,16.890182,12.9247465,12.385443,10.8331375,12.772932,15.777337,16.280521,20.065697,24.288054,26.38034,29.927668,32.38019,35.600708,39.494507,38.569447,33.727745,30.223465,32.48611,33.655952,32.094616,27.295666,29.788816,30.418621,27.24173,26.47402,23.833328,21.937292,22.356936,19.18398,21.84365
36,40.59277,37.66113,36.355274,31.480644,30.710213,29.046515,26.554571,26.307566,21.75709,23.886673,19.123508,18.05254,19.807629,16.321762,19.39755,16.520164,19.546154,19.711937,22.075602,24.221972,24.520515,28.469366,28.92978,30.744125,34.570206,35.184017,31.664701,28.118042,24.371546,20.843252,19.508001,15.5292635,10.363395,8.370888,6.0441656,4.613935,0.0,3.9164317,5.7896557,10.237895,10.035501,15.457587,15.74428,20.703423,20.751791,26.582035,28.539394,31.55471,31.515882,32.61707,31.199913,35.0033,35.940166,35.279854,30.403011,29.715012,24.905079,23.622955,22.008034,24.908812,22.505482,28.406654,28.835388,30.81053,35.43454,33.995495,38.15134,36.9235,41.351955,38.59734,32.52167,32.741154,29.24151,29.557808,26.006123,23.734625,24.172783,21.08337,20.850904,21.356953,17.462215,16.900547,14.730592,16.669554,19.026419,19.821962,22.776007,27.060886,28.681541,32.34571,34.3831,38.046494,41.47883,40.065155,35.16054,31.635221,33.301968,34.857346,33.692226,28.56466,30.337543,30.350618,27.243109,27.057749,24.005432,23.206322,23.580894,21.083044,23.825706
