,0,1,2,3,4,5,6,7,8,9,10,11,12,13,14,15,16,17,18,19,20,21,22,23,24,25,26,27,28,29,30,31,32,33,34,35,36,37,38,39,40,41,42,43,44,45,46,47,48,49,50,51,52,53,54,55,56,57,58,59,60,61,62,63,64,65,66,67,68,69,70,71,72,73,74,75,76,77,78,79,80,81,82,83,84,85,86,87,88,89,90,91,92,93,94,95,96,97,98,99,100,101,102,103,104,105,106,107,108
0,0.0,3.9449666,6.942391,9.394884,12.983823,14.905649,17.861145,20.711584,23.852047,26.154284,29.634039,31.76405,35.002464,35.42798,33.271576,29.849705,28.40967,26.317566,24.722967,24.046885,22.909351,23.738932,23.426119,27.463503,27.785662,28.718098,29.693872,32.69075,32.399303,36.86004,33.44511,39.840687,36.446293,39.168137,36.10496,32.09645,31.368914,34.061726,31.045658,27.845957,28.541212,30.404686,27.257547,23.653114,26.808498,27.460848,23.124802,21.045929,24.390543,25.804558,29.67778,26.242403,30.465431,32.628235,33.293934,35.096615,32.505554,36.45773,38.83257,35.13459,35.22382,40.56603,43.639393,44.27879,39.65898,38.74447,44.037933,43.557453,39.179054,43.041527,45.159683,42.85754,39.687084,44.10292,40.522114,44.599113,41.924778,38.75546,39.29292,35.562546,33.35885,32.162464,28.613884,29.91355,30.905638,32.791317,34.098877,38.852737,40.377792,44.280544,45.07704,43.64161,49.590485,45.811012,43.230442,41.97428,37.16218,35.684772,33.045677,31.059368,27.413992,28.850937,24.38397,20.718973,17.952007,20.25536,19.128542,20.551989,23.218002
1,3.9449666,0.0,5.181923,5.6231165,9.467677,12.193192,14.27482,17.76587,20.55101,23.126143,26.541769,28.725082,31.788496,32.1877,29.741747,26.21592,24.778032,22.48471,21.173832,20.212736,19.361172,20.307259,20.577663,24.179638,24.203878,25.142012,25.862335,28.923868,28.573017,33.092392,29.702374,36.189312,33.115604,35.836597,32.58022,28.553291,28.098167,30.779451,27.51723,24.304274,25.395622,27.041742,23.669155,20.331614,23.805084,24.162846,19.601168,18.108067,21.685951,23.233036,26.718287,23.266855,27.856413,29.85173,30.253338,31.78093,29.013391,32.888977,35.512714,31.912354,31.629637,37.055744,40.054382,40.87967,36.272575,35.16157,40.377457,39.830853,35.390675,39.267292,41.309956,38.975506,35.79398,40.218388,36.712513,40.814144,38.152996,35.06957,35.730423,32.094307,29.981794,29.07435,25.289116,26.330162,27.202963,29.053463,30.230806,34.957157,36.439743,40.345104,41.13348,39.723316,45.69146,41.998436,39.471363,38.127815,33.396,31.794622,29.261044,27.223492,23.73602,25.480541,21.112734,17.50234,14.740116,16.458096,15.370036,16.658875,19.503914
2,6.942391,5.181923,0.0,5.5183134,7.3803935,8.117206,11.998599,13.942676,17.349358,19.422127,22.878897,25.028582,28.347862,28.928852,27.368183,23.88104,22.828545,21.179932,19.882301,20.16431,19.793749,21.558367,21.907028,24.324604,24.113277,24.279306,25.141352,27.593018,27.045204,31.30691,27.70003,33.79301,29.888313,32.76948,30.112204,26.00222,25.022415,28.152126,25.523417,22.093403,22.723759,25.588812,22.461048,18.485487,22.027664,23.850618,19.47272,17.075397,21.282372,21.883165,25.711708,23.7266,27.760834,29.13743,30.244858,31.99582,28.764194,32.802513,35.311195,30.950348,30.64255,36.152683,38.86875,39.430542,34.51832,33.45251,38.756615,38.065292,34.086445,38.465282,40.249874,37.77619,35.141106,40.00855,36.480984,40.97692,38.72151,35.57304,37.00151,33.131702,31.583496,31.099665,27.167675,27.548365,27.5954,30.090765,30.137985,35.234848,36.235188,40.2133,40.656296,39.270287,45.469624,42.002327,39.810947,38.66438,34.28105,32.344925,30.415127,28.20917,25.514017,28.030714,23.979397,20.581833,17.368608,17.647232,17.157104,17.186737,20.417797
3,9.394884,5.6231165,5.5183134,0.0,4.0685983,8.219385,8.812283,12.880802,15.311899,18.016472,21.402985,23.543276,26.44789,26.7842,24.175137,20.609009,19.199713,16.929691,15.885094,15.129788,14.87656,16.440775,17.552092,19.876883,19.39451,19.994719,20.50779,23.413616,23.004501,27.488445,24.204683,30.692522,27.785913,30.686405,27.40179,23.245523,23.101986,26.057379,22.637882,19.249722,20.9709,22.82772,19.10748,16.059433,20.182253,20.669786,15.789041,15.140372,19.32433,20.62472,23.506535,20.750383,25.637634,27.047495,27.290674,28.391047,25.1015,28.866844,31.909874,28.176935,27.144478,32.768017,35.474884,36.535095,31.811478,30.3194,35.412643,34.62385,30.289803,34.46608,36.192757,33.66757,30.753128,35.407127,32.08795,36.40026,33.919697,31.025219,32.2058,28.722809,27.007833,26.809109,22.592302,22.841759,23.123499,25.100128,25.517576,30.28822,31.435196,35.37971,35.94037,34.494873,40.576317,37.022984,34.701077,33.42316,28.930351,27.109371,24.983162,22.956337,20.146872,22.781519,18.831844,15.570633,12.984798,12.583902,11.667533,11.849072,15.094157
4,12.983823,9.467677,7.3803935,4.0685983,0.0,5.369237,5.0697207,8.908992,11.35477,13.957179,17.363766,19.47829,22.399374,22.785652,20.480768,16.87214,15.70057,13.805334,13.02568,13.159322,13.634661,15.935576,17.517479,18.4082,17.47557,17.420937,17.83705,20.29099,19.727165,24.059238,20.726105,27.034569,23.844282,26.946442,23.91568,19.624146,19.453995,22.810276,19.599413,15.991831,17.945347,20.500944,16.73024,13.642159,18.149202,19.384974,14.584432,14.080873,18.710108,19.41374,22.00243,20.375423,25.044062,25.83738,26.293081,27.236237,23.491497,27.209095,30.399698,26.297884,24.809896,30.54069,32.930614,34.00679,29.102856,27.401089,32.441452,31.440851,27.399714,31.971682,33.386093,30.690739,28.20982,33.177822,29.979427,34.558804,32.38866,29.60095,31.400665,27.947048,26.734325,27.085133,22.708122,22.224604,21.763727,24.083862,23.49681,28.41729,29.127642,33.102615,33.36913,31.926426,38.15613,34.812046,32.7827,31.636532,27.503855,25.410772,23.860193,21.7935,19.85054,23.212055,19.772533,16.958614,14.435673,12.2720995,11.898153,10.615375,14.141305
5,14.905649,12.193192,8.117206,8.219385,5.369237,0.0,6.1990805,6.462313,9.586065,11.889113,14.9537325,17.461525,20.627462,21.638035,20.851643,16.963934,16.899195,15.647565,15.732826,16.856722,18.066624,20.742085,22.38221,22.406443,21.151918,20.294878,20.398722,22.017014,20.799173,24.787985,20.641668,26.28214,21.933727,24.784767,22.508087,18.402681,17.106417,20.64223,18.523407,14.937087,15.48463,19.512459,16.599014,12.409535,16.32793,19.53135,15.580043,13.1887,18.048262,17.57828,20.858425,20.901628,24.453423,24.73293,26.24096,27.805475,23.927418,27.896425,30.462475,25.469776,24.653164,30.194822,32.43964,32.905945,27.752655,26.53423,31.783094,30.928019,27.47449,32.3309,33.778725,31.251873,29.254974,34.532635,31.0707,35.955822,34.302105,31.212904,33.698826,29.761429,29.126484,29.505983,25.429226,24.65896,23.467445,26.706114,25.134928,30.56967,30.963482,34.931046,35.056114,33.934467,40.35706,37.542076,35.931454,34.681755,31.095695,28.405401,27.568262,24.935436,23.667871,27.234556,24.043722,21.35721,17.951178,15.767576,16.545176,14.8611,18.648466
6,17.861145,14.27482,11.998599,8.812283,5.0697207,6.1990805,0.0,6.2002344,6.7718973,10.227222,13.063608,15.476948,17.961573,18.60478,16.357481,12.17425,11.773685,9.678862,10.722636,10.95844,13.056923,15.830604,18.572197,17.63576,15.719359,14.99633,14.412364,16.400328,15.206198,19.546019,15.744641,22.0143,19.016136,22.013254,18.889362,14.569311,14.658999,18.112558,14.846659,11.129471,13.699032,16.457682,12.6055765,9.9982605,14.882917,16.454046,11.992276,12.301843,16.98621,17.23325,18.988123,18.518183,22.946299,23.040722,23.47171,24.089859,19.932798,23.487467,26.838099,22.567896,20.495245,26.269041,28.36158,29.527681,24.558052,22.613415,27.57073,26.463253,22.603449,27.430517,28.655092,25.937033,23.75005,28.952631,25.811037,30.608946,28.802906,26.09934,28.565575,25.163792,24.57817,25.56266,21.16626,19.833866,18.508842,21.254255,19.562069,24.684523,25.039413,29.015284,29.150702,27.939713,34.32722,31.482115,29.843494,28.483929,24.96023,22.241138,21.518343,19.080194,18.276072,22.306606,19.659708,17.559872,15.122092,11.154656,11.950501,9.351548,13.217208
7,20.711584,17.76587,13.942676,12.880802,8.908992,6.462313,6.2002344,0.0,4.803286,5.5024276,9.080666,11.12034,14.444128,15.248287,15.023619,11.692755,11.922053,12.126725,12.215612,15.034815,16.785675,20.055496,21.91677,20.027187,18.392172,16.529675,16.80317,17.363234,16.285883,19.586338,16.117607,21.152178,16.396732,20.076685,18.435701,14.057095,13.118269,17.720755,16.008224,12.225105,13.813694,18.70549,15.734208,12.644752,16.905611,20.43777,16.84617,15.891055,20.669638,19.679338,21.758738,23.072859,26.50291,25.87406,27.18798,28.046354,23.622847,27.074554,30.115442,25.082634,22.997313,28.539656,30.024101,30.811384,25.55712,23.645243,28.420404,26.954031,24.141096,29.588894,30.188576,27.21855,26.162006,31.73321,28.872343,33.935658,32.696037,30.16155,33.309616,29.916368,29.864182,31.102108,26.839466,25.096638,23.057451,26.149239,23.231882,28.287836,27.852207,31.692669,31.17602,29.863195,36.248417,33.60775,32.43471,31.697206,28.686848,26.079096,25.995722,23.92882,23.887411,28.180983,25.75667,23.729662,21.229372,17.23143,17.899998,14.7400875,17.877985
8,23.852047,20.55101,17.349358,15.311899,11.35477,9.586065,6.7718973,4.803286,0.0,4.8331733,6.41908,9.399278,11.671501,13.024315,12.559752,8.11791,9.796253,9.427148,11.955517,13.833736,16.845083,20.032455,22.982113,20.147348,17.641552,15.594272,14.440122,14.654527,12.610267,16.017483,11.619758,16.78648,12.597914,15.866657,13.730145,9.322893,8.7889385,13.320158,11.3992405,7.659776,10.0310545,14.6831,11.845328,9.699721,13.8889475,17.262138,14.3028345,14.266025,18.611944,17.501913,18.562271,20.599754,23.80513,22.68903,23.778301,24.29582,19.717196,22.917625,26.0198,21.075686,18.521816,23.993101,25.300137,26.204165,20.992048,18.887543,23.61914,22.194817,19.405666,24.89677,25.508553,22.68693,21.701866,27.327265,24.43973,29.572834,28.623543,26.129745,29.697552,26.380533,26.809677,28.456846,24.366209,22.091108,19.471619,22.845535,19.192938,24.365204,23.79002,27.577568,27.155981,26.237677,32.706093,30.656734,29.793713,28.587326,26.1708,22.913202,23.51652,20.986696,21.779078,26.298359,24.526417,23.067719,20.6494,15.87237,17.4244,13.994124,17.240429
9,26.154284,23.126143,19.422127,18.016472,13.957179,11.889113,10.227222,5.5024276,4.8331733,0.0,4.290507,5.6292157,9.04972,9.8991165,10.987065,8.496489,9.720315,11.540972,12.250746,16.001053,18.289804,21.738518,23.867315,20.404945,18.36047,15.62013,15.669888,14.867645,13.694109,15.906462,13.083074,16.93387,11.642225,16.050379,15.331192,11.124019,10.509108,15.755908,14.837626,11.498239,13.5614395,18.811934,16.288551,14.394706,18.223711,21.956007,19.091806,18.940126,23.314322,21.890558,22.987898,25.414072,28.429253,27.058382,28.304293,28.664772,24.0099,26.891443,30.077068,25.099588,22.163961,27.379316,28.107353,29.047472,23.87731,21.504347,25.6677,23.712769,21.760487,27.573956,27.407486,24.1853,24.150703,29.839603,27.531305,32.640423,31.912828,29.85271,33.58358,30.63274,31.16164,33.014503,28.83716,26.390465,23.654661,26.667536,22.578384,27.184914,25.980433,29.56783,28.490826,27.185308,33.43849,31.231304,30.607714,30.208746,27.983335,25.323635,26.083675,24.371384,25.439863,30.10988,28.39839,26.942152,24.937975,20.038956,20.869413,17.033644,19.507605
10,29.634039,26.541769,22.878897,21.402985,17.363766,14.9537325,13.063608,9.080666,6.41908,4.290507,0.0,3.896551,5.9677186,8.195149,10.789035,8.128028,11.009135,12.728837,14.994052,18.123951,21.118986,24.463343,27.158262,23.112055,20.570757,17.64242,16.686226,15.168014,13.118781,14.630112,11.106915,13.720124,7.6638665,11.919944,11.954327,8.373961,7.300393,12.622093,12.76084,10.21413,11.746979,17.225498,15.553056,14.288108,17.28033,21.447567,19.52433,19.421917,23.280293,21.383419,21.848986,25.377588,27.688517,25.730497,27.188774,27.475624,22.83757,25.412317,28.282257,23.177683,20.176794,24.92779,25.231495,25.955526,20.861074,18.561464,22.461193,20.514765,19.278635,25.14324,24.80863,21.82159,22.354635,28.040455,25.785454,30.92536,30.718536,28.702166,32.93997,29.99829,31.077467,33.193207,29.331312,26.512102,23.22461,26.58823,21.701607,26.297941,24.77756,28.148586,26.997757,26.16488,32.359795,30.91764,30.765425,30.064268,28.587553,25.388754,26.876667,24.785355,26.569979,31.307552,30.079334,28.980728,26.827585,21.70446,23.211403,19.379961,21.899878
11,31.76405,28.725082,25.028582,23.543276,19.47829,17.461525,15.476948,11.12034,9.399278,5.6292157,3.896551,0.0,4.041127,5.1167264,9.2108965,8.756518,10.86639,13.895247,14.985648,19.0875,21.606255,25.019203,27.23293,22.632626,20.393736,17.072153,16.924816,14.695248,13.550802,13.980797,12.370729,13.926774,8.004161,13.175763,14.013743,10.787936,10.558068,15.693725,15.889164,13.521161,15.519375,20.678099,18.835054,17.959455,21.096628,24.90914,22.797796,23.108185,27.029776,25.252584,25.555822,28.899961,31.411535,29.415462,30.640732,30.592516,25.915167,28.15365,31.304586,26.505499,22.968498,27.558735,27.432274,28.438858,23.570038,20.881401,24.119343,21.672586,20.945711,26.895967,25.862352,22.496119,23.701418,29.292181,27.643095,32.639534,32.49452,30.948343,35.163074,32.67085,33.731544,36.063625,32.0727,29.108826,25.851387,28.71489,23.678095,27.634129,25.651384,28.810534,27.123535,25.895477,31.797556,30.173815,30.199196,30.18391,28.86706,26.252811,27.812729,26.476627,28.469193,33.31477,32.214188,31.213385,29.563068,24.194246,25.131765,21.00777,22.867653
12,35.002464,31.788496,28.347862,26.44789,22.399374,20.627462,17.961573,14.444128,11.671501,9.04972,5.9677186,4.041127,0.0,3.5602922,8.58364,8.679422,11.634686,14.544829,16.691011,20.182413,23.191387,26.430614,29.141453,23.954535,21.30459,17.921001,16.945023,14.055518,12.448673,11.812789,10.565637,10.423392,4.7741895,10.208714,11.676007,9.460823,9.969786,14.398779,15.033014,13.542792,15.703134,20.176497,18.803423,18.880144,21.517061,24.978117,23.495102,24.377956,27.817389,25.996302,25.502668,29.306196,31.51025,29.1346,30.136206,29.70587,25.11711,26.820957,29.938686,25.488655,21.4985,25.573814,24.91275,26.063076,21.53444,18.59124,21.145628,18.45096,18.45146,24.328428,22.840988,19.527596,21.423832,26.843672,25.570862,30.421047,30.687748,29.459173,33.973583,31.805897,33.271114,35.934196,32.183064,28.867428,25.26728,28.044535,22.428022,25.953506,23.57282,26.415497,24.523132,23.602802,29.302727,28.331009,28.808727,28.661226,28.082676,25.220749,27.41193,26.064232,28.734201,33.608406,33.04346,32.462837,31.018936,25.356354,26.614729,22.460966,24.09697
13,35.42798,32.1877,28.928852,26.7842,22.785652,21.638035,18.60478,15.248287,13.024315,9.8991165,8.195149,5.1167264,3.5602922,0.0,6.411254,8.672773,10.430116,14.228563,15.269737,19.378538,21.903894,25.116394,27.439924,21.879942,19.515661,15.935289,15.737117,12.468997,11.991485,10.714426,11.549324,11.615394,7.790484,13.193567,14.201479,11.721268,12.9897995,17.4344,17.368319,15.619121,18.512108,22.578236,20.665136,20.959747,24.077507,26.93753,24.99266,26.393055,30.012375,28.547686,28.019531,31.183943,33.898293,31.738073,32.334064,31.574482,26.94869,28.473015,32.02528,27.97177,23.494959,27.701204,26.963415,28.546198,24.179375,20.846834,23.047976,20.000603,19.842665,25.67969,23.75372,20.022583,22.079,27.361523,26.583166,31.255938,31.307528,30.483032,34.73002,32.989605,34.229115,37.011406,33.062542,29.732538,26.370115,28.545235,23.153023,26.092188,23.493593,26.24279,23.974222,22.500942,27.975218,26.525848,26.965569,27.464914,26.784616,24.602297,26.623606,26.047228,28.703672,33.61601,33.099743,32.58782,31.689123,25.85005,26.504011,22.167234,23.18016
14,33.271576,29.741747,27.368183,24.175137,20.480768,20.851643,16.357481,15.023619,12.559752,10.987065,10.789035,9.2108965,8.58364,6.411254,0.0,5.484943,5.321816,9.426091,10.367019,13.932958,16.482468,19.433178,22.157185,16.205002,13.490223,9.99391,9.59559,6.1856756,7.03234,6.4724274,9.251898,11.786443,11.077408,15.865979,14.669686,11.552103,14.371512,18.370174,16.490074,14.511866,18.897942,21.450516,18.57248,19.72442,23.500591,24.709446,22.182861,24.924347,28.465672,27.915377,26.969584,28.734783,32.382362,30.735016,30.351328,28.979284,24.415228,25.694656,29.99749,26.827335,21.620628,26.241394,25.884926,28.255424,24.086414,20.19273,22.436579,19.314613,17.820333,23.420454,21.579033,17.436298,18.639967,23.776293,23.278225,27.72792,27.157482,26.699022,30.358038,29.166492,29.98482,32.8991,28.760021,25.447817,22.556906,23.808266,19.044165,21.402695,18.994389,21.963055,19.817986,17.742224,23.48147,21.20302,21.147835,21.733309,20.58028,18.876019,20.580936,20.71281,23.355482,28.234875,27.955406,27.755571,27.722214,21.625576,21.72951,17.345556,17.604477
15,29.849705,26.21592,23.88104,20.609009,16.87214,16.963934,12.17425,11.692755,8.11791,8.496489,8.128028,8.756518,8.679422,8.672773,5.484943,0.0,4.380905,5.9431186,9.730899,11.766863,15.380164,18.388351,21.927265,17.023628,13.771576,11.004423,8.841659,7.3201294,5.2351723,7.957123,5.8570056,11.006314,9.639137,13.674758,11.214738,7.1984367,10.066673,13.992809,11.498156,9.131468,13.762874,16.245163,13.238521,14.256784,18.068369,19.419283,16.96151,19.51516,23.00214,22.448309,21.601254,23.452494,27.005692,25.448164,25.263445,24.28743,19.619183,21.452068,25.525537,21.926832,17.20094,22.289972,22.593197,24.633293,20.072704,16.538137,19.879572,17.435421,14.982796,20.73365,20.021612,16.405373,16.4148,21.982208,20.380455,25.250807,24.540668,23.253998,27.05371,25.087873,25.926748,28.577154,24.48752,21.285683,18.233402,20.361275,15.609252,19.335398,17.717836,21.217455,20.036951,18.73954,25.070715,23.165798,22.771486,22.049408,20.502895,17.574184,19.156797,17.839882,20.201916,25.102455,24.55785,24.166172,23.379086,17.376753,18.372198,14.196366,15.720151
16,28.40967,24.778032,22.828545,19.199713,15.70057,16.899195,11.773685,11.922053,9.796253,9.720315,11.009135,10.86639,11.634686,10.430116,5.321816,4.380905,0.0,4.759532,5.695365,8.975857,11.737881,14.860522,17.92467,12.787584,9.8298,6.8248515,6.3322296,5.564274,6.328056,9.094165,9.498229,14.60401,13.63439,17.976727,15.484419,11.473627,14.16569,18.153807,15.13208,12.405207,17.232538,19.379726,15.703406,16.49893,20.878046,21.497902,18.197208,21.15421,24.918234,24.902658,24.375067,25.062088,29.339567,28.287457,27.693481,26.528837,21.973879,23.794008,28.266682,25.097824,20.27624,25.53474,26.02804,28.3794,23.955395,20.315851,23.48628,20.92716,18.098408,23.519941,22.66956,18.785961,18.452642,23.691103,22.4622,27.030216,25.779634,24.81722,27.942154,26.3804,26.630844,29.178366,24.773834,21.871237,19.52905,20.752396,17.009289,20.0828,18.633902,22.142384,20.8208,18.741682,24.862673,21.928827,21.01351,21.01452,18.658236,16.839697,17.582884,17.38299,19.161913,24.021412,23.238194,22.740337,22.703665,16.720556,16.549837,12.132829,12.752547
17,26.317566,22.48471,21.179932,16.929691,13.805334,15.647565,9.678862,12.126725,9.427148,11.540972,12.728837,13.895247,14.544829,14.228563,9.426091,5.9431186,4.759532,0.0,6.589027,6.0278063,10.246831,12.97383,17.175606,13.128241,9.601484,8.19718,5.2557526,7.108847,6.1623135,10.736419,8.992497,15.454443,15.282767,18.559904,14.856285,10.911418,13.754469,16.834785,12.783481,10.107204,15.291811,16.174274,12.022855,13.324135,17.785599,17.352848,13.839723,17.558638,21.021214,21.55913,20.801935,20.688948,25.329252,24.63366,23.623589,22.416367,17.981863,20.010311,24.578964,21.72908,17.115135,22.633076,23.75268,26.14926,21.807434,18.400711,22.069397,20.103354,16.251957,21.225822,21.278452,17.877464,16.235441,21.3939,19.506733,24.094624,22.453362,21.045523,23.892735,22.035986,22.068571,24.479218,20.042864,17.247534,15.141107,16.489906,13.379264,17.137371,16.57282,20.410912,19.976355,18.396599,24.751926,21.997921,20.705383,19.579636,16.80462,14.128917,14.54404,13.32122,14.822065,19.69802,18.892141,18.491386,18.339663,12.207384,12.634844,8.441221,9.954874
18,24.722967,21.173832,19.882301,15.885094,13.02568,15.732826,10.722636,12.215612,11.955517,12.250746,14.994052,14.985648,16.691011,15.269737,10.367019,9.730899,5.695365,6.589027,0.0,6.180869,6.8048162,10.22495,12.489484,8.281582,6.376589,4.626279,7.2566667,8.981957,10.92661,14.047152,14.600198,20.197227,19.052076,23.3655,20.547413,16.309332,18.545235,22.514425,18.93645,15.776122,20.437628,22.292284,18.021284,18.16186,23.02319,22.976654,18.717619,21.695976,25.73185,26.362112,26.483757,25.710606,30.73776,30.433706,29.5713,28.541952,24.233862,26.363289,30.989754,28.070784,23.688507,29.220348,30.25794,32.667004,28.229181,24.810034,28.282808,25.968994,22.51206,27.495043,27.061615,23.281609,22.110746,26.961,25.61589,29.897709,27.948303,26.918829,29.115385,27.614054,27.019934,29.08868,24.394596,22.224026,20.934511,21.463783,19.377605,22.24415,21.523054,25.09973,24.119781,21.598064,27.389702,23.424284,21.658209,22.04035,18.378603,17.705303,16.91991,17.49939,17.84533,22.346268,20.853905,19.905008,20.48912,15.104818,13.421956,9.172086,8.972114
19,24.046885,20.212736,20.16431,15.129788,13.159322,16.856722,10.95844,15.034815,13.833736,16.001053,18.123951,19.0875,20.182413,19.378538,13.932958,11.766863,8.975857,6.0278063,6.180869,0.0,4.8576345,7.0576596,11.81464,9.095869,6.049557,7.2203517,6.1237917,10.073432,10.96197,15.127303,14.635691,21.01803,21.27995,24.533724,20.560247,16.777302,19.438122,22.21212,17.682726,15.062354,19.978258,19.953983,15.392907,16.498396,21.137068,19.293236,14.942321,19.25636,22.591627,24.09532,23.634878,21.55173,27.099314,27.273054,25.565912,24.15706,20.287952,22.237383,27.06612,25.056152,20.753855,26.210802,27.776077,30.439901,26.428621,23.159735,26.700514,24.92666,20.542828,24.661697,24.989187,21.727394,19.259398,23.578747,21.909048,25.83313,23.337002,22.180817,23.69469,22.341524,21.32509,23.332743,18.627567,16.662003,16.091925,15.952921,15.226466,18.042124,18.327482,22.034714,21.988558,19.901278,25.710577,21.900824,19.66613,18.794542,14.560195,13.34041,11.7888565,11.878034,11.682258,16.17133,14.895171,14.406093,15.679794,10.084255,8.356987,4.3320713,3.9550529
20,22.909351,19.361172,19.793749,14.87656,13.634661,18.066624,13.056923,16.785675,16.845083,18.289804,21.118986,21.606255,23.191387,21.903894,16.482468,15.380164,11.737881,10.246831,6.8048162,4.8576345,0.0,3.5210364,7.0140867,5.761011,5.1272497,7.574467,9.459489,13.015857,15.009193,18.576662,19.034777,25.150501,24.998714,28.727655,25.082556,21.100725,23.510586,26.696945,22.320873,19.437883,24.11731,24.515545,19.90584,20.381031,25.183382,23.44751,18.74355,22.5473,26.105333,27.772442,27.840311,25.178127,30.967073,31.486216,29.79998,28.507448,24.82843,26.81813,31.6371,29.681587,25.571781,31.02359,32.60824,35.296394,31.252102,27.989418,31.461752,29.541224,25.285292,29.338497,29.465754,26.047503,23.753683,27.782494,26.42431,30.05843,27.317062,26.40768,27.320784,26.259647,24.74163,26.381634,21.659948,20.320553,20.409224,19.69152,19.777588,21.973204,22.269403,25.742937,25.47615,22.877052,28.15624,23.548687,20.881363,20.964424,16.08686,16.457731,13.936328,15.357251,14.117728,17.83122,16.003103,15.097798,17.157726,12.743985,9.254656,6.5060997,3.6780977
21,23.738932,20.307259,21.558367,16.440775,15.935576,20.742085,15.830604,20.055496,20.032455,21.738518,24.463343,25.019203,26.430614,25.116394,19.433178,18.388351,14.860522,12.97383,10.22495,7.0576596,3.5210364,0.0,5.752292,6.593592,6.728002,10.066458,11.458313,15.2723255,17.327112,20.816442,21.485687,27.592545,28.018738,31.50608,27.57786,23.820667,26.39882,29.208965,24.58004,21.961142,26.659904,26.344275,21.737131,22.549984,27.171732,24.610975,19.96936,24.203299,27.37069,29.48059,29.348417,25.90395,31.932913,32.765713,30.61158,29.067701,25.785786,27.512014,32.408974,31.068792,26.994469,32.24355,33.963497,36.837654,33.090923,29.85096,33.134487,31.34699,26.86186,30.380787,30.646006,27.41294,24.7405,28.211115,27.03304,30.202278,27.12734,26.45871,26.668678,26.055426,24.128883,25.62178,21.042929,20.097729,20.866995,19.337835,20.47744,22.02876,22.73714,25.999584,26.020948,23.39358,28.22081,23.369175,20.320555,20.326225,15.012123,16.135159,12.789846,14.926144,13.018342,16.040596,14.328644,13.754397,16.878801,13.196112,9.071104,7.872876,3.7887294
22,23.426119,20.577663,21.907028,17.552092,17.517479,22.38221,18.572197,21.91677,22.982113,23.867315,27.158262,27.23293,29.141453,27.439924,22.157185,21.927265,17.92467,17.175606,12.489484,11.81464,7.0140867,5.752292,0.0,6.8999386,9.749002,12.524321,15.759095,18.923801,21.607204,24.625349,25.88448,31.74236,31.459782,35.487354,32.03086,27.986418,30.246193,33.623936,29.285095,26.307041,30.781199,31.26463,26.632017,26.743359,31.558762,29.629944,24.737904,28.189083,31.731543,33.689423,34.15633,30.722124,36.747017,37.701763,35.869602,34.595486,31.244164,33.16134,37.98562,36.31326,32.37815,37.752014,39.400726,42.18558,38.22033,34.9636,38.3041,36.30003,32.075115,35.87396,35.867542,32.3939,30.128963,33.675453,32.67277,35.85278,32.795246,32.210392,32.311367,31.703493,29.612991,30.813503,26.273275,25.655266,26.503136,25.058811,26.130217,27.574804,28.013552,31.145224,30.781626,27.761251,32.196606,26.833931,23.714855,24.747868,19.444994,21.441492,18.057549,20.653442,18.49225,20.95765,18.795042,17.68215,20.694767,17.908108,13.395351,12.48176,9.246905
23,27.463503,24.179638,24.324604,19.876883,18.4082,22.406443,17.63576,20.027187,20.147348,20.404945,23.112055,22.632626,23.954535,21.879942,16.205002,17.023628,12.787584,13.128241,8.281582,9.095869,5.761011,6.593592,6.8999386,0.0,4.0634274,6.3385863,10.456466,12.830939,16.224367,18.468618,20.929676,26.106146,26.35205,30.564102,27.463465,23.644398,26.405233,29.920364,25.866783,23.121935,28.069838,28.776114,24.297037,25.110964,29.915989,28.38615,23.953901,27.868101,31.473143,32.90062,32.684826,30.482178,36.153606,36.361034,34.5703,32.872246,29.113064,30.596018,35.668648,33.932114,29.166168,34.378426,35.39225,38.40133,34.520844,30.821678,33.61064,31.169262,27.487625,31.608938,30.858425,27.037664,25.597713,29.347595,28.923138,32.261463,29.70226,29.588293,30.54094,30.257963,28.955585,30.990112,26.390123,24.705261,24.547611,23.228067,22.792614,23.829863,23.381401,26.387674,25.365019,22.067526,26.615034,21.345406,18.692463,20.321024,15.734958,17.688208,15.490048,18.53807,18.16936,21.720226,20.59227,20.178154,22.782858,18.271202,14.824825,12.065158,8.5482855
24,27.785662,24.203878,24.113277,19.39451,17.47557,21.151918,15.719359,18.392172,17.641552,18.36047,20.570757,20.393736,21.30459,19.515661,13.490223,13.771576,9.8298,9.601484,6.376589,6.049557,5.1272497,6.728002,9.749002,4.0634274,0.0,3.7043073,6.4599566,9.31245,12.408073,14.996265,17.153305,22.483763,23.195623,27.090487,23.738676,20.098661,23.124664,26.331364,22.180794,19.67949,24.811853,25.16418,20.770273,22.071428,26.72189,25.044262,20.911922,25.196371,28.598852,29.946814,29.316917,27.463861,32.967167,32.944263,31.07736,29.232178,25.400623,26.751295,31.854479,30.188438,25.23298,30.379742,31.336876,34.3854,30.59041,26.841633,29.583405,27.204536,23.43782,27.561682,26.881023,23.116478,21.580427,25.482136,24.952988,28.433874,26.021238,25.84343,27.158354,26.795769,25.821005,28.13555,23.566357,21.468786,20.925755,19.804634,18.862072,20.086689,19.573172,22.746513,21.845108,18.80721,23.86872,19.09115,16.675005,17.554314,13.243936,14.246592,12.634477,15.178848,15.542379,19.601414,18.881002,18.782112,21.055859,15.8610735,13.223902,9.882149,6.7595973
25,28.718098,25.142012,24.279306,19.994719,17.420937,20.294878,14.99633,16.529675,15.594272,15.62013,17.64242,17.072153,17.921001,15.935289,9.99391,11.004423,6.8248515,8.19718,4.626279,7.2203517,7.574467,10.066458,12.524321,6.3385863,3.7043073,0.0,5.4493494,6.8070226,10.283738,12.396486,14.962268,19.870232,20.14273,24.377304,21.531393,17.820864,20.79516,24.3878,20.70869,18.125896,23.21372,24.307896,20.130293,21.271358,25.905033,25.094177,21.194323,25.036074,28.664494,29.489355,28.893946,27.997356,33.105392,32.663967,31.23422,29.54036,25.391869,26.81055,31.79345,29.622307,24.524721,29.684946,30.316036,33.218315,29.230303,25.38244,28.06961,25.434193,22.167513,26.811184,25.765583,21.76263,20.94259,25.301619,24.806059,28.636889,26.683764,26.435274,28.442427,27.81992,27.318634,29.816736,25.256315,22.777412,21.532513,21.104939,18.989126,20.579391,19.448204,22.654497,21.286367,18.265856,23.615623,19.246267,17.453407,18.544502,15.090222,15.399741,14.824738,16.743597,17.815678,22.239407,21.551477,21.314056,22.854095,17.25133,15.325766,11.335558,9.4516535
26,29.693872,25.862335,25.141352,20.50779,17.83705,20.398722,14.412364,16.80317,14.440122,15.669888,16.686226,16.924816,16.945023,15.737117,9.59559,8.841659,6.3322296,5.2557526,7.2566667,6.1237917,9.459489,11.458313,15.759095,10.456466,6.4599566,5.4493494,0.0,4.260237,6.1459556,9.419086,10.946796,16.36949,17.880611,21.21868,17.614868,14.392926,17.91861,20.623528,16.555191,14.614758,19.982538,19.982079,15.9731865,18.15941,22.363264,20.870441,17.588694,22.170269,25.214865,26.13921,24.772486,24.074862,28.97223,28.329096,26.556215,24.52816,20.445047,21.538712,26.602139,24.83522,19.443338,24.444,25.114145,28.17511,24.455814,20.546516,23.156427,20.76461,17.068861,21.483646,20.747313,16.976116,15.6270075,20.08165,19.367666,23.291473,21.441006,21.11338,23.456232,22.830706,22.732157,25.567331,21.223131,18.258669,16.583174,16.286703,13.597595,15.411947,14.405969,17.889261,17.008005,14.634167,20.622976,17.183844,15.681798,15.255167,12.395855,10.969181,11.409243,12.258421,14.415557,19.146242,19.146784,19.470816,20.743694,14.656707,14.033516,10.144109,9.227561
27,32.69075,28.923868,27.593018,23.413616,20.29099,22.017014,16.400328,17.363234,14.654527,14.867645,15.168014,14.695248,14.055518,12.468997,6.1856756,7.3201294,5.564274,7.108847,8.981957,10.073432,13.015857,15.2723255,18.923801,12.830939,9.31245,6.8070226,4.260237,0.0,4.4243274,5.7032204,9.330613,13.436532,15.195773,18.862368,16.04235,13.165463,16.87072,19.82521,16.553768,14.904122,20.121828,20.791525,17.334684,19.565224,23.48699,22.844349,20.116444,24.249607,27.3336,27.681797,26.130924,26.547567,30.88056,29.695282,28.278975,26.224277,21.976486,22.786573,27.681652,25.647161,19.928436,24.583084,24.5789,27.622223,23.93626,19.76876,21.815952,18.914974,16.191753,21.043236,19.462147,15.29847,15.331593,19.985106,19.802761,23.817234,22.634771,22.621084,25.612133,25.10626,25.575127,28.668655,24.530031,21.21052,18.86459,18.973866,15.026706,16.502651,14.45178,17.584087,15.849781,13.367182,19.349289,16.431273,15.786613,15.992416,14.424357,12.982252,14.534256,15.389069,18.257193,23.004168,23.248348,23.609085,24.529793,18.327545,18.093197,14.017173,13.354235
28,32.399303,28.573017,27.045204,23.004501,19.727165,20.799173,15.206198,16.285883,12.610267,13.694109,13.118781,13.550802,12.448673,11.991485,7.03234,5.2351723,6.328056,6.1623135,10.92661,10.96197,15.009193,17.327112,21.607204,16.224367,12.408073,10.283738,6.1459556,4.4243274,0.0,4.910195,5.085934,10.281813,12.349341,15.265972,11.860694,9.190008,13.181079,15.598249,12.288312,11.093424,16.272972,16.653643,13.577054,16.228374,19.70338,19.280602,17.191591,21.214233,23.986319,24.07837,22.195381,23.320747,27.172369,25.686548,24.475681,22.56541,18.191298,19.09865,23.751566,21.430864,15.734816,20.44352,20.519669,23.36369,19.540442,15.435392,17.887545,15.25235,12.254467,17.485157,16.40182,12.524898,12.279347,17.533434,16.6227,21.11485,20.284191,19.714624,23.334772,22.25876,23.20164,26.333927,22.425882,18.85134,15.858602,16.949537,12.034342,14.655688,12.754,16.21352,15.040936,13.682015,20.110956,18.35309,18.042337,16.946991,15.926975,12.81905,15.069293,14.246132,17.540064,22.373314,22.707502,23.087519,23.222206,16.972109,17.908194,14.020259,14.599614
29,36.86004,33.092392,31.30691,27.488445,24.059238,24.787985,19.546019,19.586338,16.017483,15.906462,14.630112,13.980797,11.812789,10.714426,6.4724274,7.957123,9.094165,10.736419,14.047152,15.127303,18.576662,20.816442,24.625349,18.468618,14.996265,12.396486,9.419086,5.7032204,4.910195,0.0,7.0426784,8.3764305,11.830049,14.8436985,12.747239,11.244943,15.182936,17.489256,15.291549,14.709633,19.382898,20.05904,17.679073,20.418732,23.471174,23.419092,21.836355,25.666313,28.302292,28.053623,25.878567,27.671473,31.073776,29.173218,28.033709,25.855745,21.661469,21.906368,26.391981,24.335707,18.34469,22.18691,21.317707,24.320526,20.982573,16.624521,17.730333,14.374181,12.996786,18.058271,15.628893,11.312806,13.082118,17.8145,18.068478,22.11712,21.931776,22.142748,26.004526,25.556637,26.883572,30.302608,26.655334,22.875385,19.690092,20.415321,15.028964,16.267305,13.243689,15.83869,13.528561,11.940882,17.855387,16.68921,17.28275,17.050201,17.281593,14.869595,17.801018,17.836515,21.646694,26.34184,27.088854,27.702957,28.085304,21.830915,22.561357,18.612516,18.582842
30,33.44511,29.702374,27.70003,24.204683,20.726105,20.641668,15.744641,16.117607,11.619758,13.083074,11.106915,12.370729,10.565637,11.549324,9.251898,5.8570056,9.498229,8.992497,14.600198,14.635691,19.034777,21.485687,25.88448,20.929676,17.153305,14.962268,10.946796,9.330613,5.085934,7.0426784,0.0,6.8467364,8.720955,10.54354,6.7762814,4.720301,8.987141,10.779707,8.276069,8.045048,12.516185,13.229509,11.286778,14.026403,16.593502,17.245264,16.26359,19.459307,21.878027,21.263487,19.104858,21.745064,24.585634,22.483517,21.945724,20.467623,15.982082,17.047102,20.98918,17.921497,12.519021,17.02923,16.914574,19.211683,15.062937,11.107338,14.072497,11.705193,9.216624,15.07849,14.425615,11.18865,11.379442,17.039015,15.353681,20.291794,20.215528,18.999893,23.447691,21.638794,23.264252,26.321012,22.844181,19.133427,15.358906,17.826084,11.909948,15.637077,13.797847,17.100317,16.297522,16.1277,22.464382,21.911818,22.088696,20.288023,19.962236,15.857815,18.60681,16.382399,19.830812,24.535639,24.851309,25.111832,24.231922,18.266335,20.317556,16.731112,18.368599
31,39.840687,36.189312,33.79301,30.692522,27.034569,26.28214,22.0143,21.152178,16.78648,16.93387,13.720124,13.926774,10.423392,11.615394,11.786443,11.006314,14.60401,15.454443,20.197227,21.01803,25.150501,27.592545,31.74236,26.106146,22.483763,19.870232,16.36949,13.436532,10.281813,8.3764305,6.8467364,0.0,7.246018,7.4746294,6.8558345,8.426372,11.432607,12.162041,12.301263,13.351811,16.177649,17.168818,16.754486,19.470835,20.929657,22.269121,22.329319,24.999107,26.947662,25.688623,23.056646,26.97529,28.73041,25.885918,25.69536,24.052013,20.05617,20.159542,23.34509,20.571234,15.319233,17.963923,16.247734,18.348747,15.110674,11.210074,11.7985525,8.459307,9.650185,14.960055,12.697602,9.733321,12.82272,17.603096,17.075428,21.412357,22.533905,22.042965,27.003763,25.739056,28.064026,31.404898,28.46714,24.524166,20.42943,22.742727,16.240156,18.567028,15.668743,17.762136,16.093132,16.589447,21.970684,22.848421,24.103346,22.698555,23.84665,19.990932,23.573875,21.796886,25.879614,30.413898,31.224037,31.751467,30.88954,25.00556,27.106783,23.476168,24.73255
32,36.446293,33.115604,29.888313,27.785913,23.844282,21.933727,19.016136,16.396732,12.597914,11.642225,7.6638665,8.004161,4.7741895,7.790484,11.077408,9.639137,13.63439,15.282767,19.052076,21.27995,24.998714,28.018738,31.459782,26.35205,23.195623,20.14273,17.880611,15.195773,12.349341,11.830049,8.720955,7.246018,0.0,5.4895406,7.4562454,6.819352,7.3402643,10.536411,12.010251,11.680196,13.270639,17.116442,16.637438,17.380705,19.116507,22.555433,22.020144,22.992912,25.770273,23.752613,22.574833,27.111444,28.663862,25.886892,26.952835,26.490973,22.100536,23.525255,26.210543,21.802792,17.946947,21.47725,20.588617,21.50129,17.109678,14.343535,16.800158,14.4007635,14.896386,20.600067,19.379494,16.649456,18.641424,23.949184,22.416962,27.258036,27.96545,26.570854,31.449442,29.149649,31.080019,33.836555,30.510958,27.019485,23.04963,26.24828,20.195,23.909664,21.60561,24.294147,22.78816,22.675394,28.400255,28.300423,29.031826,28.069939,28.056534,24.401709,27.114126,25.019583,28.112335,32.851944,32.66284,32.366802,30.64374,25.057669,27.083996,23.23601,25.227028
33,39.168137,35.836597,32.76948,30.686405,26.946442,24.784767,22.013254,20.076685,15.866657,16.050379,11.919944,13.175763,10.208714,13.193567,15.865979,13.674758,17.976727,18.559904,23.3655,24.533724,28.727655,31.50608,35.487354,30.564102,27.090487,24.377304,21.21868,18.862368,15.265972,14.8436985,10.54354,7.4746294,5.4895406,0.0,5.3996134,8.079164,7.8881025,7.947223,11.127908,12.470614,12.654966,15.47393,16.459312,17.757961,18.059694,21.570002,22.322716,23.09336,24.93728,22.587057,20.6685,26.212162,26.686245,23.365326,24.696615,24.34293,20.431503,21.447458,23.244793,18.885077,15.685916,18.03673,16.731766,16.980692,12.962868,10.957559,13.006061,11.402327,13.006139,17.971294,17.214241,15.645869,17.72292,22.542961,20.702349,25.338568,26.693657,25.081266,30.33708,27.855696,30.358404,33.11899,30.425629,26.864185,22.582207,26.258053,19.9522,23.73826,21.632143,23.944677,22.955477,23.820702,29.275688,30.193377,31.213787,29.451813,30.072094,25.701391,28.875874,26.007093,29.421562,33.8715,34.05306,34.01804,31.930534,26.678745,29.459185,26.055956,28.37153
34,36.10496,32.58022,30.112204,27.40179,23.91568,22.508087,18.889362,18.435701,13.730145,15.331192,11.954327,14.013743,11.676007,14.201479,14.669686,11.214738,15.484419,14.856285,20.547413,20.560247,25.082556,27.57786,32.03086,27.463465,23.738676,21.531393,17.614868,16.04235,11.860694,12.747239,6.7762814,6.8558345,7.4562454,5.3996134,0.0,4.6044574,6.323076,5.3649745,6.359185,8.372783,9.832653,11.000674,11.588921,13.89066,14.478091,16.775652,17.529594,19.233719,20.86711,19.182987,16.687553,21.500177,22.582783,19.56966,20.167439,19.45615,15.343005,16.445747,18.830395,14.765597,10.734683,14.045587,13.518459,14.517683,9.978835,6.999566,10.577257,9.269921,8.692043,14.092232,14.197984,12.592364,13.32835,18.490925,16.058172,20.99146,21.913563,20.027174,25.170918,22.599419,24.995464,27.797962,25.074411,21.472078,17.187561,20.91597,14.716144,18.985708,17.410301,20.145586,19.799797,20.783619,26.65047,27.295984,27.917887,25.543358,25.860853,21.10074,24.162567,20.861326,24.26233,28.606386,28.924103,29.074614,27.147732,21.88326,24.908136,21.804022,24.217491
35,32.09645,28.553291,26.00222,23.245523,19.624146,18.402681,14.569311,14.057095,9.322893,11.124019,8.373961,10.787936,9.460823,11.721268,11.552103,7.1984367,11.473627,10.911418,16.309332,16.777302,21.100725,23.820667,27.986418,23.644398,20.098661,17.820864,14.392926,13.165463,9.190008,11.244943,4.720301,8.426372,6.819352,8.079164,4.6044574,0.0,4.281085,6.897014,5.694378,5.2555804,8.425357,10.986598,9.892111,11.374858,13.453831,15.935241,15.339955,17.030163,19.608335,18.207438,16.667892,20.49222,22.582464,20.201876,20.756542,20.263105,15.694362,17.59293,20.626558,16.262342,12.223781,16.827486,17.075596,18.309048,13.431401,10.488878,14.590942,12.986189,11.05712,16.829193,16.984606,14.544992,14.556291,20.17532,17.63771,22.790657,22.917274,20.892996,25.549524,22.809223,24.532812,27.123966,23.782585,20.403358,16.494062,20.081543,14.417373,19.143042,17.7979,21.08779,20.60876,20.760572,27.039528,26.631735,26.744577,24.793623,24.183071,19.840796,22.226189,19.218315,22.027517,26.623365,26.392353,26.159472,24.268295,18.7955,21.398733,18.007595,20.549753
36,31.368914,28.098167,25.022415,23.101986,19.453995,17.106417,14.658999,13.118269,8.7889385,10.509108,7.300393,10.558068,9.969786,12.9897995,14.371512,10.066673,14.16569,13.754469,18.545235,19.438122,23.510586,26.39882,30.246193,26.405233,23.124664,20.79516,17.91861,16.87072,13.181079,15.182936,8.987141,11.432607,7.3402643,7.8881025,6.323076,4.281085,0.0,5.3377542,6.5744834,5.8825994,5.9632387,10.920727,10.77755,10.55031,11.923802,16.274324,15.97575,15.981575,18.696945,16.471346,15.822533,20.60854,21.923288,19.372072,21.01495,21.44278,17.038273,19.517405,21.677954,16.333605,13.886639,18.20415,18.707722,18.955206,13.74347,12.069148,16.59657,15.588551,14.227133,19.63114,20.23984,18.280863,18.262934,23.741697,20.764343,25.928806,26.178526,23.66137,28.342964,24.97968,26.697454,28.848408,25.65713,22.65424,18.838926,23.043684,17.75339,22.920506,21.841412,25.09773,24.751015,25.022902,31.262787,30.89195,30.961456,29.001076,28.18097,23.790009,25.896034,22.511473,24.787298,29.233936,28.548588,27.8944,25.227667,20.350443,23.211456,20.046856,23.132412
