,0,1,2,3,4,5,6,7,8,9,10,11,12,13,14,15,16,17,18,19,20,21,22,23,24,25,26,27,28,29,30,31,32,33,34,35,36,37,38,39,40,41,42,43,44,45,46,47,48,49,50,51,52,53,54,55,56,57,58,59,60,61,62,63,64,65,66,67,68,69,70,71,72,73,74,75,76,77,78,79,80,81,82,83,84,85,86,87,88,89,90,91,92,93,94,95,96,97,98,99,100,101,102,103,104,105,106,107,108
0,0.0,4.3092,6.4849834,9.412407,12.532933,14.889534,17.921679,21.089474,24.572182,27.711046,29.96326,35.479515,31.870647,29.821815,25.244675,23.698215,19.328695,19.511604,14.06699,15.469744,13.515224,10.912226,13.40968,16.390131,15.993323,17.409292,16.224306,20.269331,23.255497,26.620728,29.84653,33.349075,36.71646,38.356426,39.476112,40.950386,42.39341,46.052807,43.55112,43.451656,45.944798,40.81604,43.55985,38.683456,43.40371,39.705494,43.97139,43.207623,41.57452,47.6632,46.220707,40.75596,46.56846,50.728374,47.826427,49.010475,45.164223,42.989033,38.42348,38.68089,34.602226,34.63716,32.304344,28.993963,31.042656,25.305237,27.573893,24.801949,24.37851,21.034363,22.041813,21.619736,20.950083,25.570871,24.070414,28.52254,28.259043,31.719233,32.367805,34.382847,35.456947,34.626408,32.125614,28.728485,29.126541,24.765833,25.83344,21.297333,22.173292,21.338806,22.673365,20.365185,23.375185,26.312243,24.80351,27.62645,23.010908,28.029661,22.954906,28.927229,26.474962,26.108055,26.522793,27.995733,24.410675,30.297085,29.750177,32.120014,34.19438
1,4.3092,0.0,5.238121,6.4130244,9.071134,12.357166,14.582765,18.505661,21.654394,25.154589,27.425432,32.896713,29.928291,27.999489,23.511461,21.568087,17.42771,16.931433,12.412687,12.593851,11.609664,8.969237,12.815341,14.2957325,13.509717,14.518981,12.617178,16.412956,19.315662,22.741602,25.82008,29.70536,32.87252,34.856518,35.992958,37.687134,39.26545,43.030415,40.34541,40.16695,42.391525,37.26509,39.712265,34.78957,39.35628,35.475803,39.800865,38.921688,37.324875,43.4277,42.090893,36.678516,42.471825,46.630447,43.92377,45.10344,41.278297,39.30531,34.76321,35.093994,30.791569,30.639551,28.193933,24.935572,26.80849,21.136898,23.538462,20.892756,20.140795,17.02514,17.87797,17.647787,16.863646,21.578848,20.408356,24.848467,25.018337,28.6024,29.562334,31.737278,33.029823,32.633034,29.878399,26.222664,26.28675,22.030146,22.647987,18.26668,18.838163,18.304573,19.137384,17.635664,20.899733,23.525833,22.280092,24.693104,20.687248,25.476185,20.764778,26.751326,24.722675,24.844894,25.478443,26.57239,23.151112,28.50876,28.178068,30.052584,32.29936
2,6.4849834,5.238121,0.0,5.1244664,7.2789707,8.769715,12.182933,14.78934,18.622606,21.350187,23.93217,29.229713,25.76947,24.007353,19.131662,18.02444,13.734238,14.484399,9.570842,12.125633,12.106011,10.745612,14.334022,16.320374,16.523289,16.614687,15.775453,18.929604,20.781069,24.688992,26.771332,31.263996,33.720146,35.753746,36.250217,38.10382,39.09558,42.573917,39.521557,39.034702,41.737022,36.31508,39.109837,34.441795,38.886894,35.603718,39.38775,39.176235,37.382645,43.263268,41.286354,35.84511,41.873516,45.757195,42.421276,43.517765,39.62842,37.151295,32.610905,32.778427,29.045778,29.44332,27.495836,24.207712,27.240536,21.400164,24.470636,22.559935,21.432842,17.743034,18.049513,16.653837,16.56867,20.62523,19.050835,23.569088,23.072598,26.865747,27.016647,29.615652,30.258448,29.490486,27.332783,23.952425,24.895939,20.252197,22.338112,18.411423,20.043724,20.48742,22.140152,21.070166,23.571045,25.739164,24.039412,25.872707,21.165598,25.137672,19.881693,25.21015,22.345818,22.011265,23.405579,24.950953,22.675543,27.991247,28.43181,30.522278,33.254448
3,9.412407,6.4130244,5.1244664,0.0,3.8481617,6.5536566,8.882692,12.7028265,15.480416,19.34297,21.173101,26.826853,23.88923,21.84296,17.71601,15.2672,11.282351,10.544182,6.6525254,7.1678233,8.05443,7.294907,11.620245,12.196342,12.59428,12.007003,11.787437,14.52704,15.970399,19.950773,21.975897,26.254501,28.742804,30.641964,31.180046,33.00315,34.096935,37.661854,34.71302,34.367123,36.94225,31.646112,34.501385,29.761915,34.522503,31.457253,35.408173,35.408623,34.121964,39.940907,37.90162,32.99931,39.181385,42.75292,39.800354,40.623363,36.529324,34.400383,30.14425,29.76971,25.719482,26.467436,24.454323,21.521456,24.307816,18.830524,22.496397,20.911179,18.637653,16.044628,15.473666,13.982164,12.43697,16.783756,14.757565,19.20768,18.874718,22.474237,23.19936,25.477526,26.637476,26.295887,23.578571,19.92692,20.305042,15.855421,17.322441,13.352271,14.976224,15.742236,17.806763,17.06702,19.170174,20.992613,19.308578,20.850704,16.434818,20.323973,15.398112,20.939009,18.748571,19.058603,20.205336,21.226486,18.817179,23.660717,24.159666,25.87759,28.700233
4,12.532933,9.071134,7.2789707,3.8481617,0.0,4.630137,5.511947,10.001218,12.760695,16.51089,18.773102,24.10253,21.859112,20.233475,15.96834,13.749078,10.331286,9.405272,7.7748985,7.663206,10.46137,10.285108,14.7944145,14.226264,14.411223,13.144735,12.282067,14.002234,14.672292,18.823053,20.025623,25.20539,27.005995,29.475304,29.740324,31.948664,32.950096,36.489143,33.104584,32.457382,34.867863,29.410887,31.931576,27.265106,31.60871,28.451488,32.185852,32.231663,30.727707,36.48928,34.352795,29.312458,35.518513,39.090874,36.018208,36.902725,32.874065,30.701603,26.362778,26.220316,22.154182,22.75476,20.828985,17.853086,21.057655,15.564997,19.572626,18.53722,15.964094,13.251653,12.238643,10.278612,9.416564,13.414761,11.926191,16.4665,16.518711,20.514317,21.160187,24.004349,25.020271,25.05591,22.451164,18.674116,19.112059,14.697583,16.33638,13.148828,14.734531,16.322113,17.734306,18.233944,20.337305,21.573624,20.160534,20.883009,17.222113,20.195698,15.746712,20.640572,18.601942,19.238947,21.028551,21.820192,20.25052,24.280529,25.31154,26.52045,29.619823
5,14.889534,12.357166,8.769715,6.5536566,4.630137,0.0,4.641547,6.278719,9.872564,12.943799,15.254199,20.63443,17.676378,16.050276,11.490466,9.880222,6.2710514,7.1388745,5.975506,8.732293,11.846225,12.712324,16.365734,16.476343,17.53643,15.829682,16.25123,17.584505,17.324978,21.581345,21.876484,27.106972,28.287287,30.500198,30.117239,32.31777,32.664726,35.83195,32.22569,31.341593,34.32688,28.682018,31.725433,27.436256,31.764332,29.505066,32.62059,33.50101,32.021843,37.408173,34.56644,29.80393,36.20482,39.308327,35.67867,36.340706,32.18716,29.523195,25.377377,24.721874,21.410376,22.93119,21.682917,18.960844,23.1807,17.973171,22.440256,22.051529,19.205336,16.438183,14.884934,11.76921,11.319991,14.006185,11.643507,15.942415,14.89308,18.912075,18.581448,21.740463,22.0558,21.63548,19.658014,16.275019,17.779327,13.052611,16.486763,14.00841,16.686756,18.909044,21.258898,21.63816,22.914728,23.806252,21.936007,22.214912,17.865747,19.87353,15.00484,18.926798,15.996057,16.159342,18.722408,19.934809,19.61741,23.474669,25.212536,26.678179,30.130219
6,17.921679,14.582765,12.182933,8.882692,5.511947,4.641547,0.0,5.7040367,7.5343623,11.553557,13.744911,18.862537,17.396025,16.135447,12.3668585,10.017705,8.136641,6.899427,9.102152,8.831639,13.179637,14.181258,18.206434,16.769896,17.422092,15.171704,15.067591,15.267223,14.172591,18.363527,17.930397,23.810415,24.449827,27.199875,26.754799,29.30378,29.814419,33.096825,29.205444,28.169914,30.717762,25.052485,27.615286,23.266651,27.338133,24.891336,28.032246,28.86819,27.481236,32.843906,30.06687,25.438255,31.877317,34.919064,31.56802,32.1896,28.009178,25.662664,21.56197,20.934053,17.161396,18.55549,17.232567,14.728303,18.954283,14.159651,19.037075,19.244263,15.681343,13.729612,11.342556,7.8817744,7.141533,9.366983,7.501712,11.896611,11.767726,16.105326,16.37912,19.836351,20.55081,20.98826,18.61804,14.899099,15.715803,11.487215,14.0568495,12.463904,14.631971,17.478035,19.099741,20.655447,21.913332,22.197182,20.78692,20.274488,17.21835,18.463348,14.693712,18.137571,16.231081,17.26582,19.86069,20.362839,20.303017,23.079073,25.026752,25.714134,29.254803
7,21.089474,18.505661,14.78934,12.7028265,10.001218,6.278719,5.7040367,0.0,4.9639435,6.672975,9.640626,14.503635,12.20177,11.388695,6.955694,6.598207,6.0743704,7.7091417,10.442906,12.649727,16.664272,18.219046,21.538446,20.938688,22.23243,19.846676,20.565771,20.723497,19.08694,23.173439,21.84295,27.666578,27.515423,30.011366,28.77572,31.323986,31.002155,33.727802,29.510931,28.074583,31.279663,25.459715,28.50299,24.829416,28.536945,27.2073,29.377472,31.169596,29.666702,34.43598,30.826271,26.502121,32.983624,35.453278,31.3042,31.707178,27.512041,24.419994,20.596327,19.46099,17.068872,19.531523,19.225164,17.110613,22.382133,18.070364,23.006186,23.789272,20.415514,18.140806,15.707786,11.600574,12.021019,12.256638,9.967765,13.239678,11.604475,15.792806,14.376463,18.498623,17.964304,17.812513,16.650972,13.763703,16.14549,11.960144,16.589888,15.92524,18.943218,22.132784,24.438843,25.771217,26.42043,26.459894,24.656317,23.762539,20.131212,20.2234,16.2711,18.108557,15.1259,15.482201,19.140444,20.141537,21.67969,24.105997,26.83865,27.785435,31.639141
8,24.572182,21.654394,18.622606,15.480416,12.760695,9.872564,7.5343623,4.9639435,0.0,5.8201146,6.3166914,11.69076,10.807336,9.859414,8.151991,5.637352,7.789012,7.3177266,12.5588875,13.050181,17.53331,19.6319,22.61819,21.034912,22.50865,19.585722,20.934738,20.171476,17.497694,21.232456,18.96734,24.57478,23.758192,26.118818,24.456656,27.09031,26.495724,29.076725,24.690483,23.150152,26.415249,20.597202,23.871758,20.432535,24.322763,23.836105,25.739681,28.23762,27.385601,31.750069,27.769722,24.422504,30.990055,32.800358,28.979675,28.905392,24.434145,21.671865,18.535667,16.23139,13.886525,17.44067,17.531948,16.323074,21.392994,18.145962,23.418127,24.738401,20.485916,19.513195,16.312496,12.281787,11.345437,10.198404,7.081546,9.107363,6.8727565,11.021127,9.70652,14.0426,13.802952,14.47295,12.899246,9.944961,12.155577,8.820868,13.488636,14.232071,17.290844,21.057472,23.58465,25.425909,25.3574,24.684128,22.994987,21.240412,18.470236,17.218523,14.4582205,14.993332,12.981311,14.216546,17.820421,18.110514,20.411596,21.512465,24.700598,25.038637,29.03669
9,27.711046,25.154589,21.350187,19.34297,16.51089,12.943799,11.553557,6.672975,5.8201146,0.0,5.297726,8.130757,7.426909,8.511343,6.3686337,8.221454,10.775484,12.338901,16.401766,18.290874,22.515177,24.451078,27.448061,26.471804,27.941341,25.179377,26.164255,25.534222,22.951273,26.626457,23.922655,29.880646,28.4174,31.008959,28.893185,31.663076,30.568558,32.647766,27.904448,25.85916,29.275133,23.52302,26.496992,23.82113,26.605894,26.568842,27.460829,30.342768,28.918627,32.73916,28.253752,24.7514,31.05608,32.604485,27.877678,27.876875,23.740307,20.108377,17.057674,15.095226,14.5258,18.16868,19.117683,17.990587,23.839407,20.79968,25.759209,27.511248,23.89125,22.204422,19.318295,15.06485,15.999433,14.021449,12.311717,13.517942,11.36932,14.829148,11.946578,16.864584,15.099316,15.270492,15.476343,13.795009,16.882,14.045689,19.115376,20.016361,23.09524,26.826075,29.099339,31.039099,31.140364,30.502253,28.781153,26.966122,24.068928,22.49113,19.685165,19.344074,16.638813,17.072407,21.35844,22.108803,25.22961,26.255295,29.77734,30.253248,34.332954
10,29.96326,27.425432,23.93217,21.173101,18.773102,15.254199,13.744911,9.640626,6.3166914,5.297726,0.0,6.253464,5.59754,5.640561,7.600196,7.137633,11.264936,11.961688,17.061466,18.361294,22.452478,24.959766,27.267265,25.995897,27.919476,24.84985,26.879889,25.907925,22.76195,26.123308,23.063856,28.08237,26.368675,28.203035,25.637417,28.112478,26.484621,28.199644,23.594797,21.617455,25.58393,20.010155,23.832045,21.561367,24.937866,26.126648,26.831738,30.532646,29.990795,33.393726,28.550959,26.30421,32.621727,33.391613,29.124731,28.483978,24.045607,20.857704,18.869974,15.288278,15.067898,19.840788,20.971388,20.545221,25.875135,23.448801,28.663374,30.453531,26.138596,25.354242,22.052498,17.976315,17.306967,15.126869,12.266432,12.233632,8.799395,10.971506,7.1708474,11.937833,9.813725,10.211457,10.593225,9.699832,13.247427,11.453773,16.87403,18.684923,22.0716,26.016893,29.052198,30.801558,30.027174,28.942886,27.046589,24.777605,22.056414,19.349771,17.348974,15.482224,13.241738,14.058298,18.262817,18.608091,22.666273,22.654324,26.61384,26.891087,31.043343
11,35.479515,32.896713,29.229713,26.826853,24.10253,20.63443,18.862537,14.503635,11.69076,8.130757,6.253464,0.0,6.68641,9.346829,11.832609,13.211357,17.167513,18.124298,23.09078,24.415342,28.636518,31.043728,33.49904,32.082123,33.84554,30.721474,32.356995,31.015455,27.571762,30.619167,26.77148,32.049595,29.335684,31.498703,28.406963,31.104939,29.011349,30.100594,25.096828,22.505344,26.228497,21.070293,24.187517,23.048367,24.953072,27.000914,26.402918,30.759586,30.03747,32.466793,27.03571,25.452381,31.22897,31.214943,26.393904,25.471743,21.433382,17.750044,16.793478,12.885108,14.941256,19.940536,22.029966,22.239893,27.788223,26.239147,31.139723,33.57028,29.480549,28.773626,25.469193,21.475012,21.80786,18.558416,16.942219,15.896239,13.348778,14.660429,10.592649,15.104475,12.019007,12.843352,14.666135,14.882812,18.102434,17.26954,22.09021,24.463406,27.537724,31.627636,34.170822,36.44789,35.708725,34.32816,32.662975,29.95624,27.907804,24.600765,23.31486,20.640245,18.824594,19.495663,23.741932,23.979942,28.550581,27.841673,32.048737,31.957247,36.09851
12,31.870647,29.928291,25.76947,23.88923,21.859112,17.676378,17.396025,12.20177,10.807336,7.426909,5.59754,6.68641,0.0,3.7072585,6.78347,9.417069,13.10411,15.396334,19.191116,21.967113,25.52214,28.031895,29.97512,29.639986,31.833593,28.978294,31.203083,30.722778,27.91047,31.43281,28.607874,33.46144,31.837446,33.37117,30.639294,32.864902,30.81888,32.070553,27.663776,25.640594,29.988956,24.694124,28.690632,26.849995,29.920399,31.420427,31.70446,35.589603,34.778206,37.92495,32.831913,30.519566,36.62876,37.22207,32.40119,31.764763,27.632553,23.928635,22.14674,18.853697,19.685656,24.299875,25.677217,25.034063,30.713144,27.966322,33.0402,34.731327,30.842743,29.380476,26.416712,22.183168,22.134474,20.287327,17.501345,17.8234,14.244997,15.8960905,11.483398,15.379586,11.999966,10.719321,13.078575,13.440391,17.680592,15.719209,21.726105,23.094488,26.81671,30.552753,33.947308,35.203377,34.395733,33.58105,31.378683,29.457531,25.950935,23.420834,20.824148,18.639696,15.343008,14.9554405,19.554081,20.620054,25.26338,25.65076,29.738434,30.56542,34.705803
13,29.821815,27.999489,24.007353,21.84296,20.233475,16.050276,16.135447,11.388695,9.859414,8.511343,5.640561,9.346829,3.7072585,0.0,5.8952093,6.825047,10.6629095,12.852953,16.555197,19.38125,22.624111,25.325382,26.887129,26.717823,29.150747,26.324745,29.06352,28.785069,26.110004,29.662882,27.276854,31.602955,30.495213,31.576496,29.041346,30.981697,29.02358,30.424873,26.389544,24.748692,29.308487,24.025213,28.495144,26.307398,30.1259,31.526445,32.33994,36.08561,35.572346,39.033997,34.15109,31.86424,38.173306,38.924244,34.479034,33.80909,29.455538,26.085358,24.149626,20.665169,20.698912,25.341276,26.309717,25.52267,30.89617,27.876127,33.084415,34.42424,30.335075,29.016193,26.03832,21.891254,21.015793,19.818117,16.292496,16.917784,12.878616,14.329433,10.182129,13.433773,10.482403,8.576554,10.425499,10.716681,15.199658,13.014803,19.30316,20.424963,24.374596,27.959558,31.842035,32.651115,31.582119,30.87123,28.469437,26.780737,22.843847,20.466354,17.586561,15.460092,11.791695,11.250439,15.860856,17.038649,21.701778,22.300737,26.325535,27.410297,31.516893
14,25.244675,23.511461,19.131662,17.71601,15.96834,11.490466,12.3668585,6.955694,8.151991,6.3686337,7.600196,11.832609,6.78347,5.8952093,0.0,5.5903654,7.372784,10.912131,13.280538,17.039827,20.308287,22.447254,24.676168,24.956528,26.99682,24.53563,26.399218,26.670353,24.71023,28.662321,26.924072,32.032696,31.485632,33.220192,31.2906,33.494137,32.24801,34.248672,30.113977,28.528276,32.587,26.94724,30.809147,27.918486,31.620974,31.692194,33.047783,35.87221,34.655056,38.750294,34.37216,30.86165,37.249176,38.89854,34.24514,34.193233,29.989656,26.405762,23.419472,21.26141,20.484951,24.088453,24.577673,23.006424,28.585722,24.734081,29.706533,30.690226,27.248919,25.041313,22.568884,18.38008,18.471283,18.032984,15.034615,17.066341,13.871704,16.834612,13.652533,17.51477,15.488046,14.05097,14.658879,13.395741,17.302816,13.715628,19.796007,19.756613,23.512064,26.796047,30.117275,30.866842,30.692066,30.56549,28.265965,27.214739,22.86774,21.948887,17.961708,17.955223,13.858628,13.092932,17.584042,19.188665,22.402655,24.427727,27.824333,29.204262,33.21992
15,23.698215,21.568087,18.02444,15.2672,13.749078,9.880222,10.017705,6.598207,5.637352,8.221454,7.137633,13.211357,9.417069,6.825047,5.5903654,0.0,4.4488792,6.1135616,10.21561,12.641766,16.116495,18.683132,20.68017,20.286634,22.522339,19.795277,22.345676,22.375278,20.182402,24.00994,22.503687,26.975878,26.826399,28.148544,26.445345,28.445541,27.446173,29.737158,25.9286,24.755589,28.776186,23.20354,27.41654,24.148676,28.682673,28.770351,30.716856,33.482994,32.89824,37.202564,33.080067,30.02297,36.581776,38.187363,34.27535,34.012714,29.497314,26.589195,23.760124,21.00979,19.241928,23.06347,23.116568,21.763142,26.653252,22.984549,28.194576,28.973682,24.883127,23.541798,20.71275,16.80464,15.212149,15.2666,11.211908,13.280747,9.716608,12.52494,10.361457,13.549562,12.768203,11.882975,10.77898,8.533869,12.08899,8.201139,14.3915,14.453662,18.376009,21.747313,25.527927,26.15678,25.528135,25.207731,22.859062,21.706417,17.42082,16.387352,12.4978695,12.762947,9.093777,9.294417,13.379828,14.449505,17.378347,19.166613,22.496347,23.705713,27.721443
16,19.328695,17.42771,13.734238,11.282351,10.331286,6.2710514,8.136641,6.0743704,7.789012,10.775484,11.264936,17.167513,13.10411,10.6629095,7.372784,4.4488792,0.0,4.668004,6.109493,9.9569435,12.938368,15.150078,17.366262,17.693302,19.815462,17.539843,19.808737,20.629358,19.34535,23.428514,22.941092,27.404613,28.107155,29.498451,28.417402,30.308437,29.85189,32.51084,29.004513,28.113516,31.862997,26.294378,30.26769,26.501196,31.228071,30.411957,32.95468,34.98368,34.11553,38.928406,35.30643,31.562647,38.132015,40.351234,36.536564,36.624504,32.194626,29.347391,25.956339,23.971476,21.533903,24.515242,23.985392,22.01802,26.62723,22.202742,27.159616,27.308502,23.690645,21.759766,19.473423,15.85273,14.332146,15.763821,11.919819,15.167925,12.424063,15.645073,14.364907,17.141628,16.917599,15.8629265,14.324333,11.59714,14.30079,9.647805,15.016447,13.590408,17.393112,20.17261,23.89871,23.952372,23.882347,24.227028,21.807692,21.53624,16.547628,17.143301,12.166291,14.487473,10.6293955,10.360171,13.696423,15.200912,16.59006,19.819826,22.392262,24.086884,27.85714
17,19.511604,16.931433,14.484399,10.544182,9.405272,7.1388745,6.899427,7.7091417,7.3177266,12.338901,11.961688,18.124298,15.396334,12.852953,10.912131,6.1135616,4.668004,0.0,6.315238,6.5865173,10.517296,13.031975,15.456108,14.415576,16.451958,13.740103,16.345266,16.637188,14.987673,18.963459,18.58246,22.76449,23.709942,25.049267,24.257086,26.146725,26.09516,29.090765,25.748547,25.127079,28.515623,23.06413,26.938606,22.85482,28.006357,27.01712,30.008074,31.85835,31.445824,36.35978,33.03793,29.651915,36.221733,38.413704,35.23153,35.20513,30.6566,28.400635,25.166584,22.950651,19.771723,22.678444,21.808533,20.121052,24.022787,19.985043,25.042545,25.17811,20.977951,20.013023,17.361532,14.169899,11.129621,12.93851,8.531322,11.857163,9.609171,12.768442,12.893928,15.132829,16.098492,15.959723,13.141743,9.514998,10.868086,6.052208,10.507304,9.071263,12.855844,15.918691,19.72792,20.101961,19.7922,19.828552,17.581362,17.031399,12.590635,13.226281,8.667293,11.837965,9.482023,10.637839,12.991736,13.522783,14.142243,16.8689,19.237606,20.414492,24.168505
18,14.06699,12.412687,9.570842,6.6525254,7.7748985,5.975506,9.102152,10.442906,12.5588875,16.401766,17.061466,23.09078,19.191116,16.555197,13.280538,10.21561,6.109493,6.315238,0.0,6.323993,7.61494,9.426056,11.667642,12.881684,14.956612,13.41006,15.778708,17.698906,17.720013,21.766424,22.81907,26.542776,28.518772,29.62436,29.426842,30.965899,31.244444,34.3453,31.473808,31.120909,34.49516,29.176874,32.985207,28.679325,33.87753,32.198658,35.578426,36.77071,35.974422,41.29833,38.385654,34.29938,40.78853,43.548805,40.248127,40.562237,36.16155,33.728195,30.022491,28.50025,25.203575,27.361296,26.06538,23.696293,27.325613,22.391533,26.869865,26.067823,22.857557,20.846945,19.252056,16.597252,14.283463,17.47326,13.860593,17.766016,15.913147,18.949835,18.91058,20.789434,21.52855,20.568317,18.17772,15.03304,16.386944,11.713787,15.125749,11.846887,15.149923,16.796919,20.700308,19.654734,20.058758,21.275555,18.790709,19.790144,14.137301,16.919851,11.234252,15.930814,12.791892,12.59735,14.106261,15.60014,14.500674,19.295095,20.619362,22.802763,26.060268
19,15.469744,12.593851,12.125633,7.1678233,7.663206,8.732293,8.831639,12.649727,13.050181,18.290874,18.361294,24.415342,21.967113,19.38125,17.039827,12.641766,9.9569435,6.5865173,6.323993,0.0,4.8664336,6.949089,10.065438,8.292693,9.971773,7.638771,10.428528,11.751898,11.704913,15.598842,17.232773,20.540098,23.04773,24.216171,24.61497,26.166435,27.15943,30.715393,28.095222,28.07431,30.759932,25.740263,29.118948,24.449049,29.950573,27.829372,31.80464,32.556847,32.272366,37.715134,35.330765,31.633558,37.985832,40.776073,38.310894,38.549355,34.121574,32.44491,28.922796,27.335117,23.219233,25.001038,23.228882,21.199257,23.696732,19.325636,23.736895,22.86106,18.98054,18.339886,16.403528,14.625725,10.501827,14.405026,10.931456,14.672456,13.996387,16.744879,18.291796,19.605742,21.563412,21.666956,18.145987,14.3355,13.8225155,9.886288,10.495072,6.352376,8.953309,10.684983,14.568884,14.009637,14.406168,15.371756,13.293453,14.203035,9.63303,13.177306,8.63176,14.443993,13.424745,14.716262,15.199704,15.352793,12.953479,16.920097,17.666967,18.976566,22.048517
20,13.515224,11.609664,12.106011,8.05443,10.46137,11.846225,13.179637,16.664272,17.53331,22.515177,22.452478,28.636518,25.52214,22.624111,20.308287,16.116495,12.938368,10.517296,7.61494,4.8664336,0.0,3.4449062,5.211733,5.407976,7.86744,6.967575,10.742297,13.33102,14.505341,17.84091,20.564718,22.59728,26.000046,26.44563,27.296429,28.284292,29.467415,33.012707,31.053188,31.426762,34.172928,29.489191,33.069256,28.390224,34.162773,31.98545,36.199886,36.725304,36.56755,42.110897,39.955093,36.256607,42.52453,45.429943,43.10531,43.36322,38.938988,37.30998,33.768085,32.17829,28.064842,29.726404,27.784672,25.63447,27.686317,23.172604,27.118322,25.610474,22.257084,21.466713,20.144072,18.8549,14.886064,19.117579,15.7461605,19.291904,18.416021,20.639635,22.194498,22.820126,24.876123,24.52213,21.014273,17.593168,17.005692,13.464526,13.5959,8.876002,10.780453,10.722381,15.284437,12.806917,13.114048,15.104165,12.681848,15.084176,9.590879,14.694242,9.92088,16.321524,15.241149,15.991545,15.322219,15.751651,11.679369,16.98825,16.639492,18.756838,21.226948
21,10.912226,8.969237,10.745612,7.294907,10.285108,12.712324,14.181258,18.219046,19.6319,24.451078,24.959766,31.043728,28.031895,25.325382,22.447254,18.683132,15.150078,13.031975,9.426056,6.949089,3.4449062,0.0,4.9587727,5.73749,6.6761045,7.1919274,9.271718,12.77574,15.010773,18.19984,21.565268,23.742033,27.476372,28.24452,29.466707,30.533863,32.068768,35.774414,33.815254,34.18273,36.623188,31.95178,35.132828,30.284513,35.83569,33.01822,37.48363,37.435627,37.018963,42.796993,41.04798,36.9347,43.04447,46.346863,44.127125,44.633255,40.35579,38.789974,34.97757,33.90675,29.543818,30.593637,28.350039,25.918852,27.563377,22.792362,26.22563,24.219208,21.484083,20.400675,19.689646,18.973904,15.472702,20.164408,17.473658,21.281609,20.917208,23.440748,25.096178,25.982965,28.034464,27.750467,24.288023,20.746899,20.039877,16.461983,16.12605,11.277075,12.156334,11.24818,14.6796665,11.839634,13.376881,15.970578,14.061074,16.92979,12.236398,17.67076,13.251441,19.689318,18.62114,19.26659,18.666407,19.162418,14.765535,20.118862,19.328764,21.332924,23.442154
22,13.40968,12.815341,14.334022,11.620245,14.7944145,16.365734,18.206434,21.538446,22.61819,27.448061,27.267265,33.49904,29.97512,26.887129,24.676168,20.68017,17.366262,15.456108,11.667642,10.065438,5.211733,4.9587727,0.0,5.846896,8.155394,9.130247,12.882118,16.153292,18.16678,20.86185,24.399908,25.26856,29.399254,29.20618,30.490982,30.950645,32.341667,35.845127,34.535362,35.271107,37.982517,33.662,37.338657,32.671227,38.63584,36.389202,40.822044,41.114,41.099754,46.715416,44.80561,41.140194,47.30593,50.310463,48.170856,48.442432,44.027637,42.49113,38.947094,37.359333,33.203045,34.73734,32.6398,30.431814,32.03695,27.511047,31.008589,28.99004,26.112268,25.3177,24.476528,23.613396,19.715897,24.136656,20.87134,24.255962,23.33258,25.145756,26.775375,26.833717,29.000374,28.349165,24.87669,21.816727,21.08503,17.99726,17.644331,12.945537,14.080047,12.54772,17.1422,12.994049,13.16112,16.038109,13.601721,17.191847,11.75732,17.560022,13.264152,19.52514,18.601118,18.946934,17.260035,17.814579,12.466888,18.454689,16.915693,19.652937,21.283949
23,16.390131,14.2957325,16.320374,12.196342,14.226264,16.476343,16.769896,20.938688,21.034912,26.471804,25.995897,32.082123,29.639986,26.717823,24.956528,20.286634,17.693302,14.415576,12.881684,8.292693,5.407976,5.73749,5.846896,0.0,3.7045593,3.6195896,8.726621,11.093856,12.898533,15.196574,19.00795,19.531792,23.880087,23.849993,25.486166,26.084871,27.964567,31.767338,30.45065,31.291716,33.43694,29.349527,32.590244,27.81139,33.782265,31.364687,36.02542,36.12834,36.497276,42.0195,40.39421,37.142933,43.1371,46.014732,44.42421,44.598362,40.226547,39.198135,35.894535,34.23848,29.728395,31.077461,28.82688,27.012611,27.927217,24.078,27.576784,25.825289,22.326874,22.656445,21.399847,20.983793,16.246069,20.575666,17.631746,20.555532,20.410646,21.993355,24.506233,24.411686,27.229637,27.399157,23.34438,19.909044,18.08642,15.707188,13.502319,8.836152,8.693413,6.7012944,11.697081,8.03768,7.952301,10.57695,8.535669,12.044136,8.118984,14.162824,11.286902,17.638874,18.066572,19.439608,17.866144,17.407318,12.109031,16.558937,14.997602,16.518276,18.219233
24,15.993323,13.509717,16.523289,12.59428,14.411223,17.53643,17.422092,22.23243,22.50865,27.941341,27.919476,33.84554,31.833593,29.150747,26.99682,22.522339,19.815462,16.451958,14.956612,9.971773,7.86744,6.6761045,8.155394,3.7045593,0.0,3.5095875,5.8984,8.868402,11.862651,13.780784,18.337515,19.046686,23.69436,24.192009,26.27538,27.076778,29.429247,33.443,32.04362,32.84401,34.48175,30.468128,33.102432,28.150562,33.805508,30.659767,35.621452,35.06164,35.2852,40.992172,39.8817,36.362675,42.112453,45.336727,44.036865,44.427677,40.23633,39.436512,35.962013,34.804386,29.967607,30.640343,28.058956,26.133793,26.370783,22.587173,25.534012,23.418306,20.310123,20.86525,20.037516,20.35046,15.844242,20.476385,18.349972,21.364088,21.949049,23.817741,26.601055,26.821852,29.740934,30.204397,26.086882,22.427725,20.32822,18.003397,15.126631,10.634438,9.106704,6.164267,9.156855,5.206623,7.433879,10.510541,9.640635,13.112583,10.906545,16.66807,14.351664,20.608479,21.212929,22.716776,21.423517,20.880194,15.710545,19.697748,17.988605,18.94946,20.330856
25,17.409292,14.518981,16.614687,12.007003,13.144735,15.829682,15.171704,19.846676,19.585722,25.179377,24.84985,30.721474,28.978294,26.324745,24.53563,19.795277,17.539843,13.740103,13.41006,7.638771,6.967575,7.1919274,9.130247,3.6195896,3.5095875,0.0,6.0551076,7.6030726,9.333856,11.734427,15.62518,16.735031,20.949532,21.534378,23.27443,24.264996,26.40315,30.395355,28.752733,29.446562,31.20504,27.063581,29.854845,24.943499,30.714905,27.95579,32.739357,32.614933,32.991047,38.53898,37.1008,33.859577,39.75128,42.68698,41.3056,41.53039,37.241577,36.433773,33.147217,31.677969,26.93824,27.992466,25.618166,23.931143,24.515308,20.952316,24.431873,22.87452,19.079473,19.93159,18.479095,18.360493,13.364419,17.681887,15.220151,18.02948,18.55292,20.324678,23.209837,23.42964,26.41876,27.077099,22.874376,19.1545,16.906427,14.719865,11.637898,7.183744,5.819922,4.0762835,8.573647,6.50652,7.233534,9.150806,7.9056125,10.498223,8.242761,13.579355,11.466962,17.549232,18.413717,20.229876,19.194538,18.411129,13.870605,17.268202,16.19194,16.821737,18.756691
26,16.224306,12.617178,15.775453,11.787437,12.282067,16.25123,15.067591,20.565771,20.934738,26.164255,26.879889,32.356995,31.203083,29.06352,26.399218,22.345676,19.808737,16.345266,15.778708,10.428528,10.742297,9.271718,12.882118,8.726621,5.8984,6.0551076,0.0,4.432078,8.608255,10.86217,15.337898,17.882904,21.88585,23.773277,25.83241,27.391157,29.955147,34.135418,32.030903,32.398907,33.504124,29.240608,30.99964,25.881239,30.816553,26.73451,31.832298,30.600412,30.355171,36.28703,35.595047,31.570631,37.104977,40.74877,39.562725,40.264843,36.33424,35.68751,31.96519,31.554422,26.405478,26.19716,23.301432,21.210268,20.955597,17.151453,19.734406,17.568478,14.561155,15.383929,14.786478,15.889736,11.922563,16.71869,15.916512,19.090757,20.696348,23.23765,26.116255,27.211447,29.99519,30.945904,26.932055,22.926857,20.78778,18.309963,15.246434,11.437257,9.105756,7.621075,6.5230665,6.8129435,10.7128525,12.603402,12.782999,14.705369,14.015358,18.622559,16.628103,22.471066,23.032263,24.791403,24.475798,23.893272,19.790237,23.034342,22.127966,22.323488,24.10134
27,20.269331,16.412956,18.929604,14.52704,14.002234,17.584505,15.267223,20.723497,20.171476,25.534222,25.907925,31.015455,30.722778,28.785069,26.670353,22.375278,20.629358,16.637188,17.698906,11.751898,13.33102,12.77574,16.153292,11.093856,8.868402,7.6030726,4.432078,0.0,4.736008,6.564868,11.102261,14.011311,17.736984,20.106695,22.245045,24.077955,26.859241,31.117764,28.888248,29.22147,29.849962,25.795135,27.089638,21.968042,26.763906,22.599098,27.819069,26.556442,26.702566,32.47708,31.89998,28.368488,33.776962,37.173298,36.407593,36.957813,33.066578,32.84393,29.459478,28.900284,23.608734,23.3347,20.426897,18.895088,18.050571,15.242388,17.996925,16.552427,12.551258,14.854012,13.50771,14.855651,10.286492,14.364755,14.102545,16.500896,18.808968,21.051958,24.427767,25.446552,28.51836,30.023994,25.84651,21.840023,19.121449,17.420246,13.321775,10.735747,7.4093103,7.0384884,4.0147467,7.86585,10.746773,11.254725,12.167072,12.767703,13.919998,17.360506,16.616718,21.663982,22.976923,25.224892,25.07341,24.003342,20.540007,22.54455,22.001299,21.337723,23.227518
28,23.255497,19.315662,20.781069,15.970399,14.672292,17.324978,14.172591,19.08694,17.497694,22.951273,22.76195,27.571762,27.91047,26.110004,24.71023,20.182402,19.34535,14.987673,17.720013,11.704913,14.505341,15.010773,18.16678,12.898533,11.862651,9.333856,8.608255,4.736008,0.0,4.2569995,6.848874,10.9709635,13.7129,16.4528,18.076952,20.284855,22.816864,27.022276,24.45131,24.628769,25.241854,21.08515,22.44175,17.319359,22.342865,18.797924,23.819193,23.310387,23.89822,29.346937,28.255213,25.373787,30.98189,33.819782,33.059387,33.283573,29.22318,29.13241,26.170094,25.037695,19.839966,20.205599,17.669424,16.796932,16.395996,14.4319,18.02732,17.722569,12.645936,15.60119,13.13146,13.720289,8.383361,11.24993,10.809234,12.329519,14.977985,16.8925,20.579342,21.543737,24.757114,26.684248,22.462755,18.543125,15.478855,14.484609,9.834921,8.887282,5.774694,7.8928967,6.8612976,11.116343,12.106433,11.131093,11.885058,10.703151,12.811727,14.601695,14.83125,18.809547,20.6491,23.286,23.446629,22.02361,19.634521,20.4627,20.703089,19.446419,21.819036
29,26.620728,22.741602,24.688992,19.950773,18.823053,21.581345,18.363527,23.173439,21.232456,26.626457,26.123308,30.619167,31.43281,29.662882,28.662321,24.00994,23.428514,18.963459,21.766424,15.598842,17.84091,18.19984,20.86185,15.196574,13.780784,11.734427,10.86217,6.564868,4.2569995,0.0,5.801017,7.8658104,11.449315,14.209644,16.675676,18.698755,21.921543,26.246304,24.177406,24.688507,24.487162,21.135508,21.804554,16.831173,21.664335,17.912466,23.25485,22.271404,23.542864,28.71806,28.230433,26.056433,31.135006,33.790077,33.841198,33.94615,30.09336,30.647362,28.113148,26.950771,21.73694,21.76958,19.167393,18.884491,17.20671,16.513174,19.325315,19.063934,14.165339,18.12828,15.894569,17.11886,12.183349,14.23563,14.32695,14.850873,17.850187,19.014845,23.173637,23.585032,27.176428,29.433308,25.049173,21.370525,17.72209,17.67317,12.094481,11.916654,8.045762,8.983818,6.20222,11.360054,12.001021,10.301017,12.197137,10.64145,14.748131,16.15457,17.626068,21.109306,23.686106,26.531466,26.28406,24.472326,21.84139,21.871557,21.66166,19.69986,21.482147
30,29.84653,25.82008,26.771332,21.975897,20.025623,21.876484,17.930397,21.84295,18.96734,23.922655,23.063856,26.77148,28.607874,27.276854,26.924072,22.503687,22.941092,18.58246,22.81907,17.232773,20.564718,21.565268,24.399908,19.00795,18.337515,15.62518,15.337898,11.102261,6.848874,5.801017,0.0,7.6631417,7.6858606,12.038469,13.296956,16.256409,18.921719,23.029135,20.132248,20.133495,19.667555,16.064564,16.270967,11.229841,15.971974,12.775534,17.82136,17.770605,19.456144,24.172592,23.058542,21.63598,26.841293,28.86565,28.902388,28.689137,24.742727,25.52638,23.538921,21.937752,16.934158,17.482729,15.457137,16.127577,14.97335,15.505229,18.931139,19.962416,14.445103,18.661211,15.565939,16.070887,11.5686035,11.395284,12.02642,10.957314,14.61328,15.427929,19.681936,20.387005,23.8459,26.658989,22.54903,19.15243,15.5169115,16.283377,11.166306,13.061019,10.590453,13.259011,11.884274,16.774395,16.65152,14.224636,15.524698,12.384891,16.578968,15.884291,18.078835,19.971928,22.776766,25.859203,26.28368,24.306095,23.20356,22.100792,23.008154,20.583284,22.967299
31,33.349075,29.70536,31.263996,26.254501,25.20539,27.106972,23.810415,27.666578,24.57478,29.880646,28.08237,32.049595,33.46144,31.602955,32.032696,26.975878,27.404613,22.76449,26.542776,20.540098,22.59728,23.742033,25.26856,19.531792,19.046686,16.735031,17.882904,14.011311,10.9709635,7.8658104,7.6631417,0.0,6.010424,6.7866096,10.295196,11.713337,15.661748,19.958593,18.900398,20.142067,19.136703,17.353916,17.98658,13.883879,19.17882,17.52487,22.244255,22.426249,25.265604,29.173046,28.409693,28.28689,32.90965,34.264725,35.097176,34.446934,30.59286,31.83662,30.504139,28.188953,23.682928,24.749285,22.931997,23.77575,22.077055,22.786348,25.712444,26.14809,21.023697,25.354797,22.639736,23.25489,18.146824,18.667507,18.07514,16.732538,19.28357,18.560982,23.294226,22.280476,26.458149,29.221527,24.712494,21.873234,17.419813,19.399082,13.065586,15.005206,11.8703165,13.042324,12.557704,16.190968,14.374577,10.894152,13.080413,9.642519,16.123371,15.2779255,19.187922,20.691687,24.658094,27.905643,27.096067,24.505592,22.625746,20.399343,20.27396,16.933052,18.191015
32,36.71646,32.87252,33.720146,28.742804,27.005995,28.287287,24.449827,27.515423,23.758192,28.4174,26.368675,29.335684,31.837446,30.495213,31.485632,26.826399,28.107155,23.709942,28.518772,23.04773,26.000046,27.476372,29.399254,23.880087,23.69436,20.949532,21.88585,17.736984,13.7129,11.449315,7.6858606,6.010424,0.0,5.8028016,7.208719,10.20227,13.425253,17.356394,15.308037,15.980971,14.107903,12.589883,12.160994,8.431165,13.388675,12.938132,16.96375,18.157875,21.595718,24.6866,23.459623,24.443748,28.823183,29.39837,30.455067,29.439802,25.681356,27.347633,26.76993,24.103144,20.129265,21.548977,20.408377,22.125412,20.701464,22.519815,25.63193,27.04361,21.66864,26.16461,22.974836,23.18696,18.771008,17.625265,17.61932,14.929702,17.838787,16.62192,21.260786,20.509932,24.440748,27.777609,23.69441,21.279814,17.050518,19.725607,14.264546,17.581331,15.428735,17.757872,17.281902,21.477308,19.836374,16.350004,17.918726,13.721263,19.507248,17.000826,21.22516,21.257454,25.273794,28.649908,28.555876,25.912762,25.48759,22.413149,23.405396,19.842499,21.681646
33,38.356426,34.856518,35.753746,30.641964,29.475304,30.500198,27.199875,30.011366,26.118818,31.008959,28.203035,31.498703,33.37117,31.576496,33.220192,28.148544,29.498451,25.049267,29.62436,24.216171,26.44563,28.24452,29.20618,23.849993,24.192009,21.534378,23.773277,20.106695,16.4528,14.209644,12.038469,6.7866096,5.8028016,0.0,4.4698772,5.242887,9.497126,13.589098,13.285248,15.127255,13.7293005,13.489992,14.63693,12.036613,17.460972,18.449198,21.864693,23.660564,27.30394,30.051071,28.522373,29.934395,34.35793,34.501278,35.48678,34.159355,30.275461,31.758663,31.434082,28.081182,24.54456,26.713129,25.736597,27.241241,26.222048,27.454098,30.80035,31.827477,26.42714,30.62028,27.4539,27.340063,22.329632,21.740786,20.5678,17.98908,19.764463,17.524923,22.210325,20.11308,24.430025,27.533064,23.281836,21.429987,16.902712,20.337523,14.675191,18.070843,16.210632,18.029348,18.993397,21.91773,19.008135,15.13541,16.483139,12.158633,18.388285,15.331329,20.582699,19.966436,24.66853,28.06208,27.155222,24.13877,23.610228,19.556202,20.170984,16.07734,17.341743
34,39.476112,35.992958,36.250217,31.180046,29.740324,30.117239,26.754799,28.77572,24.456656,28.893185,25.637417,28.406963,30.639294,29.041346,31.2906,26.445345,28.417402,24.257086,29.426842,24.61497,27.296429,29.466707,30.490982,25.486166,26.27538,23.27443,25.83241,22.245045,18.076952,16.675676,13.296956,10.295196,7.208719,4.4698772,0.0,3.928554,6.2239866,10.201012,8.936652,10.661216,9.62894,9.408568,11.473221,9.667888,15.288134,17.853592,20.328857,23.31372,26.95489,29.233805,26.889267,28.811405,33.37507,32.93898,33.5443,31.891607,27.88532,29.212563,29.352102,25.40493,22.532219,25.474102,25.08319,26.857548,26.646221,27.92812,31.697783,33.164993,27.574575,31.444342,27.957882,27.24719,22.526333,21.146002,19.704859,16.440678,17.728256,14.801019,19.238472,16.920948,21.082775,24.436064,20.520243,19.202185,14.977208,19.001987,14.336764,18.55383,17.651804,20.232872,21.819103,24.736591,21.753008,17.97456,18.62945,13.96708,19.161337,14.848202,20.212769,18.30942,23.025398,26.432041,25.949228,22.923424,23.619001,18.964329,20.56973,16.613253,18.554388
35,40.950386,37.687134,38.10382,33.00315,31.948664,32.31777,29.30378,31.323986,27.09031,31.663076,28.112478,31.104939,32.864902,30.981697,33.494137,28.445541,30.308437,26.146725,30.965899,26.166435,28.284292,30.533863,30.950645,26.084871,27.076778,24.264996,27.391157,24.077955,20.284855,18.698755,16.256409,11.713337,10.20227,5.242887,3.928554,0.0,4.6397867,8.570454,9.564633,12.2141695,11.525123,12.386004,14.844848,13.558062,18.94934,21.631878,24.07834,26.976116,30.74306,32.93735,30.690823,32.733765,37.23357,36.692837,37.394814,35.6547,31.671984,32.961536,33.150944,29.040173,26.286139,29.338348,28.876392,30.499344,30.227222,31.273632,35.024574,36.213673,30.666258,34.48671,31.102537,30.398535,25.379837,24.461473,22.5786,19.621532,20.391203,17.142344,21.42921,18.331108,22.613993,25.671677,21.71363,20.760002,16.502476,20.717266,15.991235,19.886341,18.99793,21.055155,23.186327,25.390747,21.79073,17.94306,18.525215,14.141209,19.429422,15.120535,20.92081,18.80915,23.851748,27.182636,26.074554,22.847452,23.29944,18.091059,19.249523,14.9838,16.291466
36,42.39341,39.26545,39.09558,34.096935,32.950096,32.664726,29.814419,31.002155,26.495724,30.568558,26.484621,29.011349,30.81888,29.02358,32.24801,27.446173,29.85189,26.09516,31.244444,27.15943,29.467415,32.068768,32.341667,27.964567,29.429247,26.40315,29.955147,26.859241,22.816864,21.921543,18.921719,15.661748,13.425253,9.497126,6.2239866,4.6397867,0.0,4.3618965,5.6900487,8.848132,9.536087,10.725874,14.43096,14.132772,19.305431,23.214746,24.798912,28.64885,32.290756,34.10251,31.110058,33.49562,38.13023,37.079906,37.31596,35.277843,31.207235,32.1929,32.785477,28.090416,26.108288,29.90437,29.948385,31.66575,32.179874,33.06697,37.19513,38.644493,32.983887,36.4018,32.804317,31.53407,26.753092,25.362524,23.054413,19.761581,19.712393,15.772097,19.446627,15.772854,19.776577,22.85702,19.373053,19.255043,15.574656,20.244709,16.777288,21.097076,21.126343,23.651842,26.45769,28.4298,24.678972,21.005203,20.931532,16.53336,20.589453,15.285809,21.00746,17.514648,22.50329,25.713865,24.83965,21.623117,23.319,17.49123,19.56178,15.646963,17.465996
