,0,1,2,3,4,5,6,7,8,9,10,11,12,13,14,15,16,17,18,19,20,21,22,23,24,25,26,27,28,29,30,31,32,33,34,35,36,37,38,39,40,41,42,43,44,45,46,47,48,49,50,51,52,53,54,55,56,57,58,59,60,61,62,63,64,65,66,67,68,69,70,71,72,73,74,75,76,77,78,79,80,81,82,83,84,85,86,87,88,89,90,91,92,93,94,95,96,97,98,99,100,101,102,103,104,105,106,107,108,109,110
0,0.0,4.294989,6.3414855,9.552202,12.02747,14.429246,17.538189,22.080433,24.78813,26.931658,31.254824,28.408573,26.527828,25.576374,20.75709,20.719168,15.844691,15.975225,13.889302,13.348346,14.399346,10.431776,15.661825,17.802834,16.810036,19.728733,16.59063,21.535288,18.475924,22.998646,21.836111,26.659567,29.44357,31.877285,34.588287,35.71369,39.39898,39.04428,36.347813,33.400707,33.268658,30.65195,27.627707,27.225504,24.340551,23.6332,19.456299,20.471176,16.670168,17.723577,15.460054,16.42804,17.720953,15.168855,10.611166,12.342864,12.262408,15.86008,16.673672,19.256207,18.081059,23.48378,24.494907,26.65274,31.83525,30.318203,34.387997,35.35725,35.864494,35.802128,30.358267,32.7169,30.530272,32.010456,31.573399,27.898169,30.546171,31.194458,31.277193,34.348003,31.704515,28.360617,28.446129,25.812147,26.87146,22.281942,26.109581,22.42578,24.689026,25.465889,27.811544,28.310053,31.746284,31.804247,34.358307,33.226334,38.435516,35.992165,40.95066,39.69442,36.909676,34.931038,39.265312,41.82018,37.758972,34.80346,32.808052,27.261385,26.463072,22.046335,21.356325
1,4.294989,0.0,5.3096347,6.2977076,8.663181,12.0213785,14.237712,19.552309,21.646202,24.204128,28.091219,25.420591,24.00463,22.696356,18.172356,17.35833,12.674763,12.080623,10.128258,9.069221,10.489774,7.195338,12.669062,14.365677,14.392033,16.732735,13.434835,17.927677,14.400771,18.807203,17.781906,22.417015,25.604832,27.893087,30.757542,31.998014,35.537502,35.117714,32.273296,29.221647,29.275736,26.488129,23.631739,23.252764,20.56853,20.04384,16.024784,17.592392,14.031875,15.844892,13.828817,15.894008,17.627228,16.003809,10.844083,12.9770565,11.110769,14.965631,15.911106,17.571268,15.60535,21.115679,21.478382,23.511942,28.367838,26.739092,30.776278,31.594982,32.03281,31.764301,26.299366,28.599876,26.286386,27.951275,27.381811,23.828497,26.581192,27.219889,27.508104,30.60978,28.183382,24.684046,24.680784,21.87236,22.69804,18.142893,21.832546,18.302498,20.640625,21.707525,24.163582,24.98231,28.232637,28.063053,30.617786,29.27808,34.481754,32.088062,37.058376,35.59563,32.759575,30.9672,35.440624,38.193626,34.296505,31.27116,29.724089,23.941006,23.68147,19.322454,19.20003
2,6.3414855,5.3096347,0.0,5.211283,6.7872586,8.457684,11.83765,15.838574,18.834112,20.693548,25.2492,22.516441,20.517925,19.950441,15.082492,15.490961,11.311512,11.727187,11.743588,11.503748,14.286594,12.068048,17.43755,18.358076,18.448128,20.011671,15.411869,19.784838,15.189567,19.733639,17.537918,22.887787,24.35647,27.515123,29.555502,30.759226,34.50161,34.037567,31.83401,29.296988,28.367638,26.543806,23.001923,23.516184,19.799467,20.261835,16.282665,18.214872,15.149532,16.700657,15.913845,16.756392,19.554008,16.808584,11.930331,12.317485,10.0029,13.230131,12.570915,15.114193,13.572135,19.678741,20.091192,22.946238,27.534485,26.949007,30.906658,32.343147,33.439,33.476982,28.255573,30.984344,28.250072,30.829082,29.367458,26.301027,28.666565,28.642952,28.73026,31.446468,28.653328,25.487469,24.478872,22.307678,23.736645,19.548637,23.616997,21.071943,23.146357,24.858812,26.959154,27.609068,30.342596,29.806164,31.778585,30.094122,34.93667,31.94725,36.72762,35.55327,32.800186,30.176159,34.262444,36.730396,32.35556,29.40515,27.305712,21.721977,20.596418,16.369596,15.225165
3,9.552202,6.2977076,5.211283,0.0,3.7892008,6.1620393,8.808394,13.711269,15.685056,18.554705,22.160662,19.19472,17.811205,16.398909,11.928117,11.196598,6.6607876,6.7815547,6.8647814,7.5549374,10.853106,10.228787,15.370449,16.071692,17.800213,18.751085,14.503959,17.74132,11.966752,15.963633,13.759668,18.352337,20.044163,22.648811,25.116413,26.206244,29.941319,29.678318,27.181934,24.5632,24.25559,22.514996,19.297222,20.380394,16.94122,18.217945,14.746856,17.679989,15.159269,17.672325,16.99399,19.138874,21.920631,20.249935,15.063761,16.134062,12.490417,15.76115,15.199851,16.424599,13.678728,19.84298,19.014454,21.714357,25.47344,24.80179,28.633307,29.72912,30.601492,30.049068,24.791245,27.073391,23.958252,26.427643,24.486809,21.473902,23.601679,23.45784,23.535528,26.256346,23.55565,20.313335,19.423065,17.135221,18.674765,14.476991,19.00899,17.223742,19.686531,21.873466,24.32557,25.6573,28.109205,27.18165,29.200035,27.036266,31.810602,28.883844,33.641052,31.851364,28.891386,26.585629,30.996204,33.976803,29.793385,26.651249,25.533405,19.372019,19.177874,15.312721,14.772442
4,12.02747,8.663181,6.7872586,3.7892008,0.0,5.2875986,5.5824413,11.358635,13.098531,15.668765,19.499292,17.235178,16.166822,15.109243,11.006498,9.873125,7.168776,5.8232,8.625293,7.7560596,11.77411,11.998839,16.333218,15.953998,17.671017,17.752092,12.777559,15.6055355,9.489309,13.623193,10.910398,16.335567,17.790516,21.158337,23.106993,24.602253,28.100473,27.43215,25.202314,22.678467,21.605852,19.865791,16.293493,17.379969,13.527744,15.076396,11.758926,15.003178,13.091442,15.714909,15.915295,17.929308,21.289675,19.806557,14.852142,15.455005,10.877158,13.626875,12.851185,13.3442955,10.262185,16.43423,15.34529,18.25047,21.897825,21.58442,25.3712,26.764431,28.005548,27.797298,22.781763,25.559856,22.453108,25.821926,23.73944,21.305258,23.638857,23.280712,23.735506,26.278536,23.857338,20.593178,18.827797,16.641432,17.792265,14.111426,17.828476,16.344975,18.233152,20.758749,22.749325,23.867878,25.909481,24.788326,26.44039,24.210262,28.823437,25.683506,30.395332,28.946316,26.135891,23.5027,27.726767,30.486544,26.255354,23.173117,21.821384,15.758174,15.5622635,11.610226,11.575694
5,14.429246,12.0213785,8.457684,6.1620393,5.2875986,0.0,5.90122,7.972011,10.952817,13.250978,17.328691,14.137995,12.133694,11.563015,6.7412515,7.9319277,5.7365613,7.5608087,10.672069,12.052952,15.944599,16.218004,20.966864,20.928389,22.891289,23.003445,17.959225,20.429811,13.733994,17.086344,13.490033,18.268848,17.251404,20.876158,22.154242,23.128199,27.065208,26.817287,25.20977,23.415228,21.926504,21.750889,17.88114,20.470188,15.991516,18.93831,16.133512,19.580715,18.014399,20.382557,20.879309,22.253963,25.838673,23.63548,18.85992,18.705074,14.579592,16.74013,14.441269,15.735539,13.167073,19.437634,18.023531,21.546371,24.29922,25.008556,28.507236,30.198196,31.766111,31.382324,26.638409,29.18253,25.579838,29.030655,25.940458,23.7709,25.230972,24.181334,24.024996,26.071869,23.068213,20.45488,18.095871,16.92404,19.20577,16.011473,20.65466,20.440859,22.501812,25.397362,27.439064,28.743044,30.428587,28.967028,30.218428,27.50894,31.606195,28.012281,32.354862,30.71773,27.872393,24.613995,28.49959,31.280031,26.596972,23.531961,22.212934,16.229786,15.260038,12.204384,10.326749
6,17.538189,14.237712,11.83765,8.808394,5.5824413,5.90122,0.0,6.972752,7.741218,10.4225645,14.006334,12.334371,11.879934,11.111734,8.233129,6.6309643,7.702047,6.1591816,11.44996,10.951734,15.123358,16.650238,20.12836,18.838121,21.242275,20.197372,15.043815,16.257902,9.381524,12.164658,8.106699,13.583427,13.09672,17.453262,18.446033,20.185587,23.544891,22.640999,21.008352,19.049793,16.925076,16.305859,12.213248,14.800169,10.14336,13.720713,11.709727,15.685038,15.204382,17.940498,19.23061,21.114725,24.973124,23.715603,19.18613,19.188145,14.032348,15.631199,13.934793,13.30182,9.848503,15.380851,12.952766,16.333914,18.53475,19.397213,22.750591,24.518738,26.310549,26.121094,21.727297,24.665451,21.147121,25.55355,22.497492,21.081427,22.954416,21.877398,22.463566,24.43879,22.193127,19.324429,16.171782,14.747547,16.01735,13.609147,16.796091,17.050266,18.40304,21.679272,23.227049,24.502392,25.593813,23.835136,24.72239,21.864101,25.792645,22.12985,26.487728,25.042147,22.318573,18.997465,22.931246,25.70487,21.238697,18.119799,17.107985,10.823052,10.884842,7.9063144,8.191111
7,22.080433,19.552309,15.838574,13.711269,11.358635,7.972011,6.972752,0.0,4.837531,5.519663,10.150486,7.8483057,5.960751,7.4353604,5.702501,7.752379,10.766252,11.692921,16.620083,17.515978,21.61963,22.981802,26.873957,25.777155,28.136501,27.074142,21.72323,22.752216,16.030663,17.913958,13.434589,17.63373,13.335359,18.378633,17.678152,18.87074,22.513884,21.918123,21.639029,20.994764,17.719215,19.514444,15.250918,19.42789,14.395783,19.115541,17.770382,21.529009,21.423939,23.705149,25.441433,26.479939,30.685225,28.66755,24.466286,23.571459,18.895912,19.673685,16.399231,16.481052,14.132557,19.053999,16.537783,20.484478,21.33658,23.745453,26.498138,28.778046,31.122442,30.98215,27.223835,30.028427,26.163475,30.836842,26.762983,25.93337,26.851158,24.92976,24.935713,26.074343,23.383194,21.530525,17.337788,17.490881,19.777699,18.339882,21.92084,23.402872,24.67981,28.22026,29.591282,30.84712,31.411697,29.313448,29.50539,26.241777,29.194992,24.967104,28.528881,27.208868,24.726063,20.418678,23.355778,25.777893,20.710352,17.89482,16.672915,11.468437,9.927982,9.354755,6.836261
8,24.78813,21.646202,18.834112,15.685056,13.098531,10.952817,7.741218,4.837531,0.0,4.7831016,6.4885297,5.1022778,6.2041497,6.186251,7.358123,6.7038,11.628993,11.495431,16.818893,17.492779,21.368288,23.676754,26.760088,25.180384,28.272793,26.598074,21.764742,21.592834,14.896609,15.469323,11.071917,13.98928,8.624713,14.027714,12.986429,14.524778,17.908646,17.137278,16.881466,16.455273,12.98116,15.436954,11.4739895,16.563305,12.053331,17.61951,17.263067,21.379509,21.923674,24.585127,26.440899,28.156738,32.2506,30.98114,26.706947,26.27367,21.133305,21.94457,19.353523,18.30881,15.355781,19.410295,15.84038,19.27565,18.871538,21.41748,23.765366,25.795135,28.077637,27.591068,24.261137,26.788715,22.768476,27.742851,23.257174,23.106445,23.788038,21.606419,21.902544,22.755575,20.577429,18.851885,14.046945,14.514044,16.456896,16.045692,18.896938,21.434214,22.470488,26.310833,27.568707,29.170584,29.2146,26.753918,26.69335,23.025978,25.556726,21.342419,24.675669,22.904333,20.365673,16.120049,19.216347,22.131609,17.345959,14.345201,14.573198,9.065078,9.417839,10.0163965,9.58401
9,26.931658,24.204128,20.693548,18.554705,15.668765,13.250978,10.4225645,5.519663,4.7831016,0.0,6.123829,7.015025,7.119957,9.381552,10.346155,11.17191,15.4788685,15.47607,20.880634,21.111183,25.160707,27.053478,30.269169,28.468674,30.92462,29.113873,23.83348,23.87669,17.830366,18.67096,14.262521,17.794603,12.089825,17.906445,15.713639,17.387497,20.28517,19.08341,19.812386,19.908325,15.224876,18.103905,13.911923,18.59704,13.757062,19.080297,18.864368,22.500273,23.363794,25.512508,27.932121,28.863811,33.28915,31.63489,27.859951,26.73244,21.83488,21.84462,18.589552,17.580162,15.498306,18.819237,15.654209,19.447203,18.797493,22.308113,24.377443,27.013124,29.851871,30.008806,27.101997,30.11168,26.367315,31.797323,27.489647,27.575197,28.391806,26.176144,26.53844,27.187632,25.066595,23.549244,18.57299,19.23287,20.943493,20.633223,22.965225,25.184927,25.777626,29.523287,30.319914,31.424536,31.206251,28.782024,28.210138,24.768028,26.794182,22.27435,25.15102,24.291365,22.259752,17.321947,19.309889,21.274036,16.048738,13.5718975,12.444753,8.6104145,7.0308323,9.175407,7.9084883
10,31.254824,28.091219,25.2492,22.160662,19.499292,17.328691,14.006334,10.150486,6.4885297,6.123829,0.0,5.3232317,8.383523,9.296514,12.768101,12.356315,17.727486,17.519142,22.7477,23.355982,27.022198,29.75575,32.34253,30.340994,33.65736,31.42351,26.841091,25.74537,19.775827,19.128504,15.221463,16.384396,8.655701,14.029201,10.541305,12.1456585,14.6046915,13.498129,15.041255,16.168848,11.32282,16.0678,12.938987,18.697746,14.997735,20.945423,21.693201,25.624472,26.926838,29.459602,31.779045,33.39104,37.62335,36.54876,32.573074,31.912569,26.728037,26.975952,24.21769,22.622164,20.054691,22.702604,18.657969,21.68543,19.311749,22.98847,24.334904,26.535036,29.198717,28.72842,26.518835,28.851196,24.881073,30.298464,25.266956,26.216938,26.300583,23.58681,23.957481,23.899864,22.294537,21.455755,15.966789,17.538586,19.161665,20.203245,21.968035,25.594942,26.101486,30.11236,30.914799,32.533073,31.725126,28.867676,27.97487,23.998077,25.142168,20.738932,22.86175,21.200018,19.210571,14.428741,16.087551,18.742458,14.077617,11.694879,13.229181,10.185756,10.9768,13.847921,13.778553
11,28.408573,25.420591,22.516441,19.19472,17.235178,14.137995,12.334371,7.8483057,5.1022778,7.015025,5.3232317,0.0,4.0397787,4.1361556,8.351971,8.835271,13.964809,14.903767,19.578825,21.271769,24.902475,27.37678,30.562115,29.275764,32.77206,31.189035,26.605806,26.219986,19.404829,19.400047,15.296493,16.548368,9.129431,13.493421,11.496636,11.959651,15.710531,15.768069,16.327812,16.97927,13.887843,17.97157,14.779438,20.525492,16.54693,22.346498,22.228802,26.41114,26.930721,29.651127,31.370667,33.133762,37.185146,35.766922,31.37634,30.92248,25.933804,26.808838,23.900661,23.187786,20.398174,24.35803,20.67403,23.983187,22.743858,25.611153,27.54216,29.41807,31.624752,30.69943,27.717001,29.654217,25.355919,29.952705,24.70221,24.892344,24.6279,21.853727,21.5778,21.67906,19.275227,18.545551,13.390691,15.185953,17.892496,18.204638,21.484,24.940182,26.215693,30.17442,31.612432,33.532204,33.37015,30.699467,30.477161,26.500341,28.423574,24.237234,26.930014,24.657269,22.16696,18.013254,20.583261,23.678959,19.08175,16.394945,17.550993,13.081897,13.396168,14.831066,13.713131
12,26.527828,24.00463,20.517925,17.811205,16.166822,12.133694,11.879934,5.960751,6.2041497,7.119957,8.383523,4.0397787,0.0,4.0132003,6.2788563,8.97925,13.009339,14.869265,19.259727,21.295612,25.096613,26.923319,30.744822,29.862478,32.91216,31.795988,26.849281,27.293873,20.284449,21.189945,16.859667,19.173368,12.680801,16.91585,15.452798,15.678991,19.618916,19.805246,20.207306,20.541323,17.600332,21.06,17.449057,22.72635,18.225777,23.640652,22.839657,26.859657,26.907856,29.407103,30.99434,32.320824,36.422905,34.45524,30.086298,29.343624,24.72779,25.63006,22.269432,22.35743,19.940372,24.513699,21.461796,25.169943,24.809156,27.595701,29.8765,31.943977,34.199074,33.492657,30.107033,32.252495,27.998566,32.369358,27.380905,26.986954,26.887321,24.3114,23.756418,24.126743,21.216887,20.368477,15.7586975,17.228882,20.289488,19.74141,23.724535,26.452402,27.97293,31.766665,33.34779,35.069386,35.311504,32.878033,32.872696,29.130737,31.4473,27.19349,30.148344,28.180685,25.669647,21.407438,23.98459,26.751705,21.851366,19.2049,19.279648,14.715389,13.870362,14.672583,12.360069
13,25.576374,22.696356,19.950441,16.398909,15.109243,11.563015,11.111734,7.4353604,6.186251,9.381552,9.296514,4.1361556,4.0132003,0.0,5.073939,6.198668,10.641789,12.500365,16.520864,19.003208,22.508398,24.738703,28.308073,27.58331,31.15547,30.09143,25.638039,25.787626,18.575197,19.103409,15.096872,16.5041,10.47147,13.789331,13.348068,13.312558,17.589308,18.16549,17.802166,17.804037,16.001312,19.14381,15.999337,21.359625,17.371342,22.768524,22.01177,26.267796,26.18204,29.0226,30.21754,32.15658,35.969795,34.40792,29.73516,29.552593,24.769806,26.177044,23.40322,23.262611,20.301067,25.08258,21.726418,25.076702,24.721725,26.871397,29.231016,30.833374,32.660316,31.462934,27.899645,29.57733,25.173208,29.080864,23.933512,23.417711,23.077753,20.477829,19.800003,20.266012,17.28566,16.36966,11.905153,13.431233,16.793741,16.306597,20.663807,23.73051,25.555742,29.365664,31.255054,33.351448,33.7102,31.250275,31.565226,27.700039,30.24978,26.292883,29.45505,26.86035,24.058056,20.422182,23.638155,27.003187,22.471169,19.55678,20.481747,15.18205,15.403845,15.653652,14.148355
14,20.75709,18.172356,15.082492,11.928117,11.006498,6.7412515,8.233129,5.702501,7.358123,10.346155,12.768101,8.351971,6.2788563,5.073939,0.0,4.885579,6.9503965,9.691981,13.415159,15.969338,19.66768,21.114822,25.320887,25.020554,28.018536,27.523895,22.79337,23.951584,16.668083,18.435013,14.386959,17.349894,13.489702,16.935524,17.450626,17.785673,22.02279,22.320946,21.341555,20.489103,18.904285,20.613018,17.010147,21.370974,16.976635,21.55053,19.87982,23.906317,23.161974,25.833664,26.703535,28.3863,32.10424,30.172691,25.433517,25.222591,20.774893,22.486097,19.71749,20.303997,17.500574,23.066338,20.475359,24.04529,25.044325,26.637821,29.549397,31.21659,32.938957,32.032837,27.85184,29.862597,25.685684,29.320879,24.933096,23.55532,23.894514,21.921932,21.302643,22.523191,19.285658,17.602379,14.184659,14.477113,17.698797,15.8308935,20.765337,22.518827,24.597965,28.083012,30.143454,31.97153,32.94387,30.885176,31.641094,28.202755,31.490606,27.620485,31.358128,29.125261,26.234737,22.694075,26.275873,29.417877,24.688885,21.645048,21.4873,15.671266,15.181267,14.025961,11.938209
15,20.719168,17.35833,15.490961,11.196598,9.873125,7.9319277,6.6309643,7.752379,6.7038,11.17191,12.356315,8.835271,8.97925,6.198668,4.885579,0.0,5.564632,6.3335204,10.752094,12.820103,16.35716,18.71195,22.126919,21.430012,25.062704,24.158232,19.966768,20.32577,12.974427,14.051498,10.314977,12.595466,10.055817,13.099526,14.581231,15.361537,19.349577,19.447012,17.68196,16.225286,15.381966,16.325089,13.131083,17.412664,13.662456,18.2663,17.022425,21.320818,20.865269,23.941092,24.706072,27.16007,30.654955,29.537167,24.668198,25.080128,20.169739,22.128471,20.272348,19.901985,16.427036,21.59848,18.438717,21.443356,22.191862,23.192137,26.073944,27.317175,28.710546,27.481993,23.267557,25.053972,20.829493,24.49197,20.141245,18.884323,19.462969,17.647013,17.49825,19.030449,16.30155,14.015805,10.547269,10.123975,12.940462,11.205848,15.902841,18.039234,20.115767,23.730623,25.860897,27.992018,28.846703,26.68991,27.609901,24.07569,27.521282,23.955507,27.882084,25.260494,22.193466,19.251028,23.389484,26.967463,22.70484,19.467648,20.14983,13.835555,14.742861,13.406492,12.979111
16,15.844691,12.674763,11.311512,6.6607876,7.168776,5.7365613,7.702047,10.766252,11.628993,15.4788685,17.727486,13.964809,13.009339,10.641789,6.9503965,5.564632,0.0,4.5201545,6.518275,9.8201475,13.125466,14.514094,18.796776,19.109413,22.347044,22.447239,18.486223,20.061934,12.981058,15.3499775,12.418234,15.3667755,15.177103,17.275484,19.700554,20.263489,24.297995,24.572065,22.248535,20.168867,20.216084,19.88347,16.8794,19.791332,16.286089,19.47885,17.155352,21.0416,19.535944,22.516592,22.411509,24.921597,27.95444,26.587233,21.45587,22.28838,18.00829,20.71347,19.313145,19.849869,16.554674,22.466154,20.250782,23.138248,25.246298,25.332333,28.698997,29.701841,30.661499,29.427807,24.553717,26.213121,22.31059,24.926506,21.48813,19.04507,20.049263,19.023834,18.617764,20.8411,17.790213,15.026366,13.50999,12.03753,14.754022,11.342362,16.96075,17.481997,20.18508,23.19833,25.806282,27.857529,29.558256,27.932726,29.538528,26.519526,30.676151,27.481482,31.835094,29.28931,26.131943,23.704477,28.130754,31.63193,27.421188,24.159441,24.200825,17.739775,18.153082,15.548642,14.765284
17,15.975225,12.080623,11.727187,6.7815547,5.8232,7.5608087,6.1591816,11.692921,11.495431,15.47607,17.519142,14.903767,14.869265,12.500365,9.691981,6.3335204,4.5201545,0.0,5.6404886,6.5083513,10.235478,12.503788,15.8988085,15.403388,18.919205,18.45179,14.633559,15.663735,8.549288,10.960266,8.42445,11.901191,13.706151,15.972299,18.711224,19.952646,23.46336,23.185667,20.457449,17.79995,17.896435,16.387835,13.538841,15.639323,12.592814,15.303633,13.162923,17.178288,15.992406,19.251972,19.292925,22.328493,25.321663,24.687561,19.642849,20.837658,16.070835,18.749325,18.16559,17.737333,14.007369,19.40811,16.96061,19.36618,21.631516,21.176128,24.619547,25.43833,26.271116,25.144253,20.182295,22.118763,18.4293,21.493254,18.598183,16.283543,18.126911,17.529654,17.940815,20.47193,18.195398,14.841613,13.251581,10.846115,12.263432,8.65104,13.287806,13.36031,15.810608,18.904213,21.361095,23.399801,25.038918,23.438425,25.149134,22.283243,26.687424,23.733433,28.306377,25.896496,22.772417,20.721104,25.387201,28.88539,25.029264,21.753315,21.935143,15.414521,16.59825,13.708628,14.297271
18,13.889302,10.128258,11.743588,6.8647814,8.625293,10.672069,11.44996,16.620083,16.818893,20.880634,22.7477,19.578825,19.259727,16.520864,13.415159,10.752094,6.518275,5.6404886,0.0,5.381473,7.199396,8.981322,12.834557,13.904256,17.617725,18.307726,15.786591,17.420486,11.5901,13.993747,12.955766,15.101398,18.190409,18.970839,22.664146,23.417288,26.98118,27.173943,23.881735,20.882854,22.349905,20.258171,18.225649,19.481234,17.378479,18.916111,16.358425,19.751984,17.694582,20.876244,19.712069,23.198156,25.30368,24.857944,19.62621,21.63859,17.784729,21.163202,21.253315,21.431063,17.956614,23.408133,21.54056,23.46762,26.270802,24.928116,28.484995,28.734318,28.847925,27.262747,21.930979,23.050951,19.684504,20.986567,18.88324,15.401019,17.234535,17.433216,17.4465,20.500431,18.108162,14.5612955,15.084488,12.167545,13.585605,8.977387,14.365749,13.300612,16.613232,18.89596,22.058569,24.370989,26.734087,25.594473,27.998137,25.512167,30.267,27.892723,32.577152,29.80663,26.570427,25.333405,30.239002,33.94303,30.371277,27.092173,27.43594,20.94875,22.127157,18.91155,19.262156
19,13.348346,9.069221,11.503748,7.5549374,7.7560596,12.052952,10.951734,17.515978,17.492779,21.111183,23.355982,21.271769,21.295612,19.003208,15.969338,12.820103,9.8201475,6.5083513,5.381473,0.0,4.2030044,6.604601,9.460256,9.324246,12.818311,13.067573,10.496455,12.283156,7.443443,10.671365,10.586487,13.856951,18.659834,20.11781,23.59243,25.080889,28.111362,27.586245,24.206814,20.779888,21.7292,18.33431,16.33359,16.007805,14.432294,14.539664,11.742231,14.753227,12.681835,15.997099,14.8575325,18.797617,20.853313,21.121477,16.110865,18.46319,14.349259,17.664549,18.750345,18.162058,14.641465,19.402489,17.892448,19.24348,22.765972,20.729603,24.485596,24.688925,24.752789,23.706442,18.214304,20.073826,17.36667,19.346945,18.443373,15.213759,18.282211,19.00386,19.935751,23.115124,21.46752,17.604113,17.597458,14.2096195,14.068738,9.671204,12.764125,9.859101,12.620282,14.611496,17.461079,19.368307,21.962822,21.139946,23.733734,21.797201,26.923233,24.832739,29.75881,27.577957,24.571396,23.562716,28.442228,31.792316,28.51973,25.374525,25.308397,19.166294,20.597,16.958443,18.369896
20,14.399346,10.489774,14.286594,10.853106,11.77411,15.944599,15.123358,21.61963,21.368288,25.160707,27.022198,24.902475,25.096613,22.508398,19.66768,16.35716,13.125466,10.235478,7.199396,4.2030044,0.0,4.782992,5.8917627,6.9609113,11.179987,12.119245,11.583648,13.036028,10.190752,12.497319,13.656629,15.619103,21.519281,22.023298,26.084805,27.44291,30.256145,29.874409,26.059004,22.33474,24.23143,20.247982,19.057484,18.013998,17.494267,16.7698,14.25256,16.586628,14.320339,17.478844,15.481664,19.979641,21.121523,22.093433,17.311918,20.351107,16.929598,20.409056,22.12989,21.50346,18.145466,22.35445,21.035824,21.741087,25.315483,22.50995,26.156233,25.758276,25.130178,23.698425,18.11524,19.237907,17.079403,17.652172,17.848196,14.007671,17.402105,18.902077,19.937521,23.403362,22.135914,18.176174,19.325195,15.616058,14.908942,10.513176,12.90132,8.862597,12.063334,13.10839,16.481804,18.676367,21.734995,21.308622,24.429573,22.883615,28.15319,26.690248,31.60422,29.17937,26.181002,25.970942,30.986216,34.479298,31.629797,28.534214,28.808372,22.809526,24.54943,20.943043,22.538244
21,10.431776,7.195338,12.068048,10.228787,11.998839,16.218004,16.650238,22.981802,23.676754,27.053478,29.75575,27.37678,26.923319,24.738703,21.114822,18.71195,14.514094,12.503788,8.981322,6.604601,4.782992,0.0,5.7864223,8.556036,10.224018,12.773091,11.968181,15.15473,12.972988,16.297743,16.940506,19.952251,25.207785,26.22324,30.018826,31.31862,34.391724,34.01038,30.415785,26.816076,28.211033,24.373314,22.672684,21.422937,20.32901,19.06564,15.75566,17.304293,14.106946,16.610048,13.83569,17.81132,18.487068,18.955221,14.177902,17.506378,15.174438,18.966845,20.948708,21.169579,18.441883,22.955046,22.59778,23.544458,27.986116,25.22059,29.089228,28.983358,28.512928,27.582409,21.996128,23.468588,21.64534,22.093435,22.606783,18.652206,21.890003,23.364899,24.08335,27.541573,25.876955,22.04867,23.178318,19.684162,19.47353,14.913001,17.62603,13.172646,15.904974,16.288496,19.343508,20.805994,24.364035,24.40244,27.578474,26.455181,31.859385,30.283676,35.293633,33.293114,30.388788,29.794708,34.662197,37.85141,34.707962,31.644695,31.154436,25.248272,26.257177,22.17533,23.247038
22,15.661825,12.669062,17.43755,15.370449,16.333218,20.966864,20.12836,26.873957,26.760088,30.269169,32.34253,30.562115,30.744822,28.308073,25.320887,22.126919,18.796776,15.8988085,12.834557,9.460256,5.8917627,5.7864223,0.0,4.5879846,7.316453,9.709031,11.7515,13.516956,13.796534,15.948865,18.066082,19.946957,26.743473,27.106384,31.256008,32.79764,35.281864,34.67477,30.68391,26.723198,28.773342,23.954367,23.217741,20.79315,21.15244,18.822145,16.315615,17.2118,14.602876,17.08431,14.037717,18.888681,18.701103,20.737305,16.75333,20.515621,18.230677,21.649073,24.43599,23.71717,20.896654,24.156061,23.65679,23.558025,27.801668,24.06411,27.66446,26.831612,25.603914,24.465866,19.051785,20.027918,19.183622,18.732489,20.802452,16.936148,20.820248,23.038033,24.36487,27.945683,27.127615,23.170635,24.777145,20.938429,19.538748,15.6118965,16.33719,10.750214,13.039025,12.179266,15.386431,17.028675,20.889278,21.37925,25.023977,24.482225,29.940302,29.198706,34.124943,32.089054,29.37067,29.754295,34.656002,37.86734,35.446968,32.541645,32.543873,27.024778,28.758278,24.90889,26.852764
23,17.802834,14.365677,18.358076,16.071692,15.953998,20.928389,18.838121,25.777155,25.180384,28.468674,30.340994,29.275764,29.862478,27.58331,25.020554,21.430012,19.109413,15.403388,13.904256,9.324246,6.9609113,8.556036,4.5879846,0.0,5.875125,5.9386344,8.644709,9.193381,10.943667,12.619842,15.371957,17.332603,24.66509,25.392014,29.216518,31.165373,33.255066,32.21489,28.326094,24.303253,25.940006,20.612253,20.080692,16.871689,17.848846,14.882834,12.930866,13.671687,11.84479,14.588491,12.30656,17.509714,17.807396,20.409712,16.706533,20.169739,17.190678,20.114899,23.121891,21.539087,18.591541,20.97954,20.252697,19.632797,23.74328,19.699263,23.226242,22.32772,21.139536,20.31672,14.942732,16.568527,16.06541,16.724724,19.031096,15.90662,20.245739,22.32818,24.18442,27.606716,27.177439,23.154743,24.025763,20.173414,18.07583,14.762772,13.959188,7.789825,9.104419,8.172747,11.067425,12.653571,16.394102,16.854967,20.484367,20.13829,25.632942,25.051392,29.964314,28.24279,25.724367,26.255333,31.007347,34.020798,31.905542,29.157097,29.220467,24.11843,26.206488,22.590582,25.205616
24,16.810036,14.392033,18.448128,17.800213,17.671017,22.891289,21.242275,28.136501,28.272793,30.92462,33.65736,32.77206,32.91216,31.15547,28.018536,25.062704,22.347044,18.919205,17.617725,12.818311,11.179987,10.224018,7.316453,5.875125,0.0,4.645106,7.949198,10.650876,14.022559,16.679354,18.939445,22.149164,28.998573,30.490044,33.878998,36.010433,38.17238,36.867165,33.283752,29.36794,30.184826,24.807087,23.752975,19.913952,20.47142,16.374418,13.777907,12.766458,10.124116,11.5594225,8.189005,13.216355,12.47762,15.773936,13.061515,16.834663,15.2040615,17.875593,21.753828,20.479416,18.488525,20.232716,20.898489,20.106146,25.359169,21.193785,24.850004,24.341122,23.42697,23.655676,18.703825,21.051054,21.14589,22.126719,24.76598,21.775951,26.11615,28.128834,29.907095,33.322594,32.662853,28.636478,29.185398,25.439968,23.58144,20.124506,19.44896,13.294493,13.638309,11.975257,13.47563,13.277381,17.58164,18.891413,22.396376,22.942232,28.443071,27.887495,32.805767,31.943628,29.740183,29.877502,34.26972,36.67742,34.459015,31.909914,30.984297,26.412653,27.813238,23.793846,26.307047
25,19.728733,16.732735,20.011671,18.751085,17.752092,23.003445,20.197372,27.074142,26.598074,29.113873,31.42351,31.189035,31.795988,30.09143,27.523895,24.158232,22.447239,18.45179,18.307726,13.067573,12.119245,12.773091,9.709031,5.9386344,4.645106,0.0,6.084712,6.5982246,11.811995,13.658772,16.45851,19.42259,26.594759,28.237965,31.334085,33.76323,35.50965,33.869778,30.395548,26.502632,27.03286,21.300987,20.566582,16.050167,17.348837,12.69059,10.999646,9.858869,8.636627,10.552237,8.803194,13.924385,14.120377,17.670696,15.131696,18.28114,15.634865,17.69238,21.488787,19.222336,16.964668,17.710905,17.878046,16.44444,21.343182,16.839104,20.36206,19.73168,18.8506,19.370382,14.636775,17.55622,17.95306,19.880621,22.54674,20.293617,24.80531,26.661612,28.834053,32.052162,31.772781,27.777782,27.79056,24.124155,21.719025,18.963263,17.04389,11.111728,10.299085,8.7130165,9.394453,8.949936,13.075495,14.311947,17.764482,18.484598,23.940569,23.577293,28.41917,27.78575,25.793776,26.144012,30.361296,32.633564,30.786411,28.404198,27.729418,23.59782,25.46951,21.862154,25.029871
26,16.59063,13.434835,15.411869,14.503959,12.777559,17.959225,15.043815,21.72323,21.764742,23.83348,26.841091,26.605806,26.849281,25.638039,22.79337,19.966768,18.486223,14.633559,15.786591,10.496455,11.583648,11.968181,11.7515,8.644709,7.949198,6.084712,0.0,5.58321,8.055971,11.539965,12.793803,17.543737,23.265726,26.00736,28.43287,30.912624,33.042534,31.336779,28.41114,24.900904,24.273458,19.387314,17.414364,13.788401,13.309848,9.2286825,5.973218,5.556198,3.3145204,6.593409,6.434012,10.891057,13.074055,15.006451,11.710732,14.016298,10.245348,12.256973,15.618634,13.367504,10.959476,12.659881,13.0087185,12.742846,18.27654,15.026932,19.030832,19.569878,19.953352,20.871195,16.01904,19.73098,18.913439,22.231731,23.248417,21.157024,25.265564,26.34202,28.208302,31.217577,30.350237,26.457792,25.504396,22.207159,20.574818,17.5797,16.889126,12.105157,11.757361,12.262654,12.906563,12.514071,15.496454,15.768467,18.288097,18.13909,23.505018,21.985754,26.978792,26.624208,24.510374,23.603014,27.690556,29.778688,27.134447,24.631077,23.201448,18.840313,20.066723,16.153332,19.128252
27,21.535288,17.927677,19.784838,17.74132,15.6055355,20.429811,16.257902,22.752216,21.592834,23.87669,25.74537,26.219986,27.293873,25.787626,23.951584,20.32577,20.061934,15.663735,17.420486,12.283156,13.036028,15.15473,13.516956,9.193381,10.650876,6.5982246,5.58321,0.0,7.3682733,8.326061,11.115393,14.404868,21.150545,23.422329,25.849821,28.595766,30.06754,28.075489,24.991823,21.35841,21.017437,15.344239,14.406272,9.576488,11.119469,6.334184,6.0476756,6.4964824,7.7321067,10.611343,11.354895,15.659083,17.621593,20.196903,17.256779,19.325706,15.154526,16.529285,19.407259,16.142792,13.257783,13.478763,12.3042965,10.734161,14.972347,10.78095,14.541362,14.438945,14.496135,15.299024,10.614839,14.723222,14.343505,18.370745,19.67897,18.467402,22.71998,23.847475,26.230362,29.034655,28.86877,25.062555,23.954311,20.673397,18.106096,16.225512,13.585929,9.361112,7.4845486,8.436255,8.268698,8.404094,10.559212,10.343075,13.008134,12.838919,18.311665,17.321812,22.275843,21.77632,19.820805,19.727543,23.834393,26.089945,24.207253,21.853956,21.445448,17.524853,19.905216,16.91202,20.696348
28,18.475924,14.400771,15.189567,11.966752,9.489309,13.733994,9.381524,16.030663,14.896609,17.830366,19.775827,19.404829,20.284449,18.575197,16.668083,12.974427,12.981058,8.549288,11.5901,7.443443,10.190752,12.972988,13.796534,10.943667,14.022559,11.811995,8.055971,7.3682733,0.0,4.8470006,4.977838,10.020028,15.317375,18.044659,20.478178,22.869194,25.132544,23.66069,20.72236,17.372486,16.845648,12.685555,10.340469,8.91599,7.468792,7.3541923,5.710774,9.741823,9.801449,13.361397,14.139549,17.850424,20.765657,21.616192,17.401857,18.940739,13.797839,15.788094,16.95297,14.533793,10.604679,13.789631,11.297151,12.213064,15.347316,13.464238,17.220688,17.86268,18.65217,18.392227,13.391443,16.665327,14.14199,18.501934,17.46789,15.942454,19.367386,19.633718,21.416029,24.081268,23.16278,19.47017,17.767061,14.74815,13.374107,10.901835,10.862395,8.8722925,9.436888,12.442262,13.890355,15.343528,16.812151,15.425385,17.274271,15.164334,20.185629,17.812859,22.80639,21.3285,18.65762,17.331657,21.949802,24.909554,21.908007,18.953964,18.844328,13.280151,15.517824,12.395434,15.445663
29,22.998646,18.807203,19.733639,15.963633,13.623193,17.086344,12.164658,17.913958,15.469323,18.67096,19.128504,19.400047,21.189945,19.103409,18.435013,14.051498,15.3499775,10.960266,13.993747,10.671365,12.497319,16.297743,15.948865,12.619842,16.679354,13.658772,11.539965,8.326061,4.8470006,0.0,4.5157156,6.167885,13.187864,15.100746,17.729092,20.346205,21.945692,20.281858,17.002222,13.389719,13.528299,8.419932,7.5245724,5.835954,6.8863616,7.721656,8.70036,12.390362,13.547633,16.994177,17.951084,21.912836,24.59653,25.999723,22.010956,23.61347,18.461443,20.101297,21.154589,18.18757,14.286035,16.198038,12.675853,12.677675,13.850874,11.732911,14.846099,14.844224,15.336274,14.353426,9.620406,12.655883,9.769145,15.048096,13.689595,13.22529,16.596617,16.791502,19.107853,21.515402,21.36151,17.829609,15.99992,13.053714,10.523012,9.702864,7.273699,7.3970127,7.1271157,11.021443,12.230674,14.469703,14.909923,12.785566,14.389572,11.551178,16.372509,14.319048,19.20444,17.075653,14.268281,13.835485,18.736618,22.158623,19.879908,16.997953,18.290188,13.17246,16.59519,14.656952,18.119259
30,21.836111,17.781906,17.537918,13.759668,10.910398,13.490033,8.106699,13.434589,11.071917,14.262521,15.221463,15.296493,16.859667,15.096872,14.386959,10.314977,12.418234,8.42445,12.955766,10.586487,13.656629,16.940506,18.066082,15.371957,18.939445,16.45851,12.793803,11.115393,4.977838,4.5157156,0.0,6.6858263,10.480783,13.85921,15.684393,18.242529,20.436,18.876812,16.288372,13.374597,12.093906,9.02775,5.894565,7.393769,4.810585,8.558969,8.746474,13.111282,14.043034,17.375107,18.770634,21.996775,25.312197,25.786024,21.577559,22.534595,17.096655,18.558235,18.606012,15.998106,11.977235,14.949811,11.105017,12.602284,13.632341,13.254509,16.39073,17.3544,18.694708,18.091297,13.860226,16.861204,13.487381,18.74803,16.175444,15.671097,18.248924,17.63709,19.370316,21.473299,20.607962,17.343273,14.465089,12.169507,11.101867,10.034649,10.10511,11.1194315,11.542215,15.325076,16.518534,18.324852,18.70767,16.505554,17.434576,14.25771,18.438074,15.3599205,20.040562,18.11995,15.270418,13.232135,17.941654,21.28159,18.045275,14.898089,15.697302,9.750033,12.795455,10.93658,14.00408
31,26.659567,22.417015,22.887787,18.352337,16.335567,18.268848,13.583427,17.63373,13.98928,17.794603,16.384396,16.548368,19.173368,16.5041,17.349894,12.595466,15.3667755,11.901191,15.101398,13.856951,15.619103,19.952251,19.946957,17.332603,22.149164,19.42259,17.543737,14.404868,10.020028,6.167885,6.6858263,0.0,8.62333,9.110057,12.261176,14.682025,16.127245,14.884112,11.153457,7.440165,9.101681,5.6196737,6.2928,8.795382,9.570786,12.967463,14.374993,18.328918,19.49953,22.962229,23.907286,27.766235,30.571512,31.636078,27.340334,28.76531,23.452852,25.110039,25.284441,22.601242,18.616877,20.878586,16.613256,17.095016,16.100653,15.3458185,17.38682,17.16188,17.61418,15.428121,11.889965,13.14931,8.854775,14.123984,10.270814,11.134802,13.025418,12.153532,14.481799,16.269869,16.482845,13.489726,10.986686,8.744906,5.9897795,7.867708,5.79093,10.466617,11.002476,15.059923,16.5543,19.43574,19.10483,16.375713,17.264866,13.361327,16.741102,14.462907,18.524912,14.934987,11.593026,11.422392,16.595675,20.911694,18.803705,15.825367,18.809742,13.691033,17.630323,16.94415,19.776896
32,29.44357,25.604832,24.35647,20.044163,17.790516,17.251404,13.09672,13.335359,8.624713,12.089825,8.655701,9.129431,12.680801,10.47147,13.489702,10.055817,15.177103,13.706151,18.190409,18.659834,21.519281,25.207785,26.743473,24.66509,28.998573,26.594759,23.265726,21.150545,15.317375,13.187864,10.480783,8.62333,0.0,6.1210318,5.4934683,8.037333,10.573608,9.685801,8.34192,8.052828,5.7935004,9.57852,7.9855814,13.996493,12.063773,17.7259,18.87905,23.153654,24.373331,27.54851,29.138308,32.016872,35.591953,35.533157,31.14461,31.60317,26.151846,27.28828,25.871822,23.741302,20.156103,22.937021,18.353607,20.264605,17.979826,19.822077,21.323025,22.298452,23.921816,22.323854,19.825087,21.236494,16.9473,21.918245,16.643099,17.878027,17.899847,15.325122,16.266806,16.578878,15.778943,14.3513155,9.128344,10.07171,10.838991,12.912768,13.990755,18.646523,19.398056,23.490797,24.738882,27.14719,26.431767,23.459799,23.257824,18.960382,20.743565,17.163803,20.013004,16.686893,13.783558,10.867295,14.767371,19.035608,15.770278,12.760645,16.207886,11.451056,14.665373,15.753243,17.240585
33,31.877285,27.893087,27.515123,22.648811,21.158337,20.876158,17.453262,18.378633,14.027714,17.906445,14.029201,13.493421,16.91585,13.789331,16.935524,13.099526,17.275484,15.972299,18.970839,20.11781,22.023298,26.22324,27.106384,25.392014,30.490044,28.237965,26.00736,23.422329,18.044659,15.100746,13.85921,9.110057,6.1210318,0.0,5.4555144,6.252568,8.346762,9.077914,5.6334224,5.16851,8.352794,11.159033,11.848337,16.848106,16.422125,21.286814,22.523727,26.758423,27.741796,31.176714,32.160873,35.684284,38.7718,39.14746,34.520294,35.563965,30.215998,31.850557,30.876919,28.835512,25.002598,27.877638,23.305939,24.593603,22.19953,23.04844,24.27905,24.285566,24.977182,22.255379,19.990503,19.898455,15.4144945,19.004631,12.870775,14.694349,13.432565,10.308649,11.195564,10.920716,11.077487,10.28237,5.8748136,7.5916505,8.155007,11.808622,12.693089,18.506197,19.693533,23.588839,25.30506,28.39193,27.700756,24.71696,24.940367,20.600962,22.194464,19.608034,22.095566,17.552593,14.448905,13.709803,17.723362,22.497581,20.322107,17.609688,21.817045,17.263567,20.703476,21.382208,22.867249
34,34.588287,30.757542,29.555502,25.116413,23.106993,22.154242,18.446033,17.678152,12.986429,15.713639,10.541305,11.496636,15.452798,13.348068,17.450626,14.581231,19.700554,18.711224,22.664146,23.59243,26.084805,30.018826,31.256008,29.216518,33.878998,31.334085,28.43287,25.849821,20.478178,17.729092,15.684393,12.261176,5.4934683,5.4555144,0.0,3.5722609,5.1233096,5.095648,5.209635,7.6974335,6.5964656,12.217644,12.229636,17.990843,16.934498,22.453554,24.054184,28.227112,29.657991,32.84209,34.44562,37.426044,40.950813,41.00923,36.616783,37.093266,31.640669,32.70317,31.15918,28.972607,25.49542,27.864017,23.123482,24.713234,21.346905,23.475216,24.21229,24.87585,26.340971,24.273853,22.729282,23.325834,19.12014,23.604656,17.719282,19.895931,18.828852,15.677312,16.361633,15.474525,15.384246,15.246388,10.148731,12.447114,13.215678,16.464752,17.025969,22.551863,23.195023,27.223127,28.384752,31.032423,29.833408,26.644808,26.067589,21.600328,22.222626,19.023026,20.694002,16.728905,14.213365,12.065112,14.850232,19.31364,16.934443,14.591704,19.15436,15.7398615,18.916643,20.74,22.009323
35,35.71369,31.998014,30.759226,26.206244,24.602253,23.128199,20.185587,18.87074,14.524778,17.387497,12.1456585,11.959651,15.678991,13.312558,17.785673,15.361537,20.263489,19.952646,23.417288,25.080889,27.44291,31.31862,32.79764,31.165373,36.010433,33.76323,30.912624,28.595766,22.869194,20.346205,18.242529,14.682025,8.037333,6.252568,3.5722609,0.0,4.575502,6.9018736,7.189775,9.864955,10.141496,15.431386,15.454224,21.212738,19.998299,25.534313,26.823196,31.102186,32.237274,35.492058,36.86229,39.88554,43.356995,43.227264,38.64742,39.16945,33.80823,35.07777,33.333477,31.526087,28.031412,30.863413,26.225662,28.0029,24.865559,26.901049,27.72869,28.274672,29.540136,27.183256,25.499182,25.654451,21.320393,25.059826,18.826574,20.804382,18.995565,15.500405,15.487311,13.993964,13.636589,14.376134,9.533964,12.7105255,14.298635,17.487114,18.876175,24.543917,25.594305,29.573671,31.047129,33.88853,32.88652,29.747501,29.369873,24.905758,25.57559,22.52712,24.082432,19.920969,17.422768,15.6064205,18.185284,22.563185,20.182064,17.92844,22.300533,18.7262,21.515774,23.228739,23.965929
