,0,1,2,3,4,5,6,7,8,9,10,11,12,13,14,15,16,17,18,19,20,21,22,23,24,25,26,27,28,29,30,31,32,33,34,35,36,37,38,39,40,41,42,43,44,45,46,47,48,49,50,51,52,53,54,55,56,57,58,59,60,61,62,63,64,65,66,67,68,69,70,71,72,73,74,75,76,77,78,79,80,81,82,83,84,85,86,87,88,89,90,91,92,93,94,95,96,97,98,99,100,101,102,103,104,105,106,107,108,109
0,0.0,4.23335,6.457735,9.81733,11.934465,14.777766,17.26979,21.07532,24.592253,27.315252,30.296825,35.696545,31.607048,30.568525,25.067759,24.70458,20.578936,20.220823,16.956434,15.644149,14.953864,14.211319,18.802538,19.890472,23.246685,26.919596,29.300201,28.414112,27.72699,30.758339,30.026592,34.162373,34.186802,36.25442,37.090637,40.193203,42.351147,41.420334,38.895184,35.274754,38.15947,32.414177,34.71636,31.249313,33.525898,31.372547,31.8083,32.093052,29.063726,34.27201,35.507786,31.938692,34.808002,39.041203,39.918606,40.823498,38.83714,39.05257,37.960907,40.849743,36.544037,40.24974,39.167194,43.789433,44.39272,41.776386,46.406338,46.332172,46.884045,45.75597,44.00713,40.69312,38.598423,36.393326,33.19755,32.11614,28.831814,27.739262,27.802275,25.200176,26.094961,26.624754,27.043926,25.781454,25.280226,28.133942,26.297468,30.251106,30.212011,33.99891,34.983265,40.548653,38.448128,35.448647,32.391953,31.989307,27.825651,27.872656,22.148508,22.777754,21.356783,20.808882,21.556366,19.306545,18.995876,20.090378,21.874388,20.134888,23.895208,22.809427
1,4.23335,0.0,5.317761,6.2959,8.709498,12.097625,14.246445,18.552229,21.53443,24.929945,27.399555,33.051044,29.141079,27.743652,22.570564,21.489218,17.383154,16.583864,13.091283,11.533315,10.767374,10.232714,14.895341,16.497175,19.666769,23.227201,25.433895,24.369165,23.632904,26.767208,26.01399,30.394302,30.542192,32.905846,33.76101,37.021313,39.05487,38.144836,35.36542,31.761955,34.48858,28.690647,30.954472,27.310474,29.789495,27.452835,28.16437,28.519903,25.87467,30.982706,31.95412,28.842827,31.865013,35.832783,36.670437,37.35655,35.33247,35.28546,34.078167,37.006504,32.466377,36.238827,35.162,39.712128,40.526463,37.80636,42.516445,42.595913,42.962345,41.911663,39.967503,36.65342,34.465225,32.236835,29.007002,27.899128,24.602976,23.55234,23.66492,21.186193,22.252472,23.109655,23.309372,22.109837,21.407946,24.685814,22.630077,26.817318,26.948477,30.829933,32.05431,37.526592,35.79116,32.805077,29.878157,29.142958,25.111624,24.930613,18.87198,19.513426,17.612028,17.185991,18.005587,15.404956,14.971936,15.865982,17.785072,16.131672,20.065094,19.357903
2,6.457735,5.317761,0.0,5.3527856,6.6427946,8.763552,11.488627,14.677524,18.456253,20.876963,23.99564,29.29102,25.233791,24.355127,18.771065,18.694517,14.734224,14.794961,12.330798,11.871935,12.816304,13.644891,18.111841,20.531107,23.236107,26.479208,28.076134,25.896645,24.368147,27.002054,25.514553,29.548996,28.720957,30.775766,31.224457,34.24386,36.333637,35.325665,33.061775,29.44809,32.642864,27.019884,29.86919,26.684517,29.435974,28.443697,28.658224,29.976309,27.60281,32.785133,33.209915,29.42884,33.03775,37.174126,37.241833,38.191814,35.50359,36.08157,34.443527,36.701767,32.572426,35.77118,34.423573,39.182945,39.12812,36.73318,41.147583,40.848736,41.822933,40.901417,39.338097,36.336403,34.202015,32.53474,29.241596,28.820183,25.79592,24.54988,25.765726,22.962456,24.829779,26.024368,25.338636,23.407925,21.913773,24.312418,21.805014,25.543932,24.852657,28.494087,29.158176,34.71327,32.699512,29.819357,26.894388,26.949867,22.398628,23.51105,17.80007,20.01521,17.965841,18.936783,20.54321,18.12009,16.670027,17.189558,17.717108,15.665903,18.788765,17.318136
3,9.81733,6.2959,5.3527856,0.0,3.8720026,6.2258153,9.001613,12.808782,15.5814085,19.205542,21.32146,27.079199,23.119457,21.53009,16.567278,15.229205,11.094046,10.568175,7.25198,6.9296074,7.844992,9.564495,13.542377,16.569624,18.792416,21.753849,23.035397,20.594753,19.036541,21.780378,20.464025,24.726635,24.395195,26.764803,27.478949,30.737324,32.77316,31.921156,29.233833,25.686682,28.746214,22.980537,25.955921,22.356241,25.660456,24.24441,25.07582,26.424833,24.748632,29.643764,29.678303,26.842445,30.570484,34.189693,34.30141,34.826706,32.157005,32.167908,30.326946,32.677906,27.971731,31.307657,29.898949,34.48629,34.830624,32.083405,36.635773,36.515823,37.124573,36.133556,34.397038,31.254236,29.18817,27.28551,24.086248,23.521008,20.535332,19.634283,20.837837,18.55155,20.646587,22.404732,21.480494,19.80518,17.899824,21.187672,18.161436,22.381954,21.943092,25.744053,26.801666,32.162956,30.85492,28.03951,25.393597,24.900892,20.59411,21.367622,15.08773,17.34803,14.3170595,15.563195,17.163448,14.084276,12.443382,11.944056,12.8862295,10.561956,14.108351,13.121383
4,11.934465,8.709498,6.6427946,3.8720026,0.0,6.0082,5.5537252,10.45333,12.959305,16.726274,18.986607,24.647038,21.391212,20.045706,15.17525,13.513284,10.057884,8.695131,7.185032,6.2922287,9.3220005,11.213648,15.07906,18.60262,20.631113,23.336744,24.352882,21.48135,19.432817,22.11465,19.889277,24.669996,23.267189,26.197367,26.171837,29.508831,31.10703,29.888697,27.20943,23.498741,26.291836,20.609243,23.25088,20.055094,22.921766,22.318777,22.542295,24.39728,22.715122,27.664534,27.48595,24.040245,28.04438,31.836157,31.528053,32.311607,29.35349,29.899273,28.016584,30.11337,26.038042,29.155762,27.87004,32.689884,32.736588,30.531387,35.066856,35.10624,35.977093,35.556557,33.453995,30.761127,28.053593,26.867363,23.212942,23.205233,20.244158,18.516895,20.53759,17.436075,19.976307,21.646132,20.095793,17.809902,15.688974,18.134336,15.248374,19.142563,18.61044,22.393671,23.438766,28.90069,27.313337,24.42183,21.67331,21.213924,16.879673,17.756786,11.686611,14.638115,11.897779,13.959306,16.154535,13.826902,11.454984,12.191848,11.412036,10.02665,12.924289,12.430728
5,14.777766,12.097625,8.763552,6.2258153,6.0082,0.0,7.027783,7.5214624,11.102334,13.720218,16.098293,21.617388,17.140865,15.810959,10.505752,10.334954,6.1892166,7.9345694,6.7339597,9.137491,11.565898,14.474092,17.395397,20.992071,22.38941,24.691309,25.022635,21.173908,18.63708,20.39517,18.302345,21.689434,20.332878,22.11026,22.552885,25.512487,27.773218,27.017754,24.948103,21.549873,25.415598,19.979858,24.121023,21.029684,25.15417,25.328823,25.9444,28.432562,27.55061,32.16526,31.332258,28.412851,32.753586,36.151226,35.369495,35.921143,32.490086,32.89288,30.374668,31.767487,27.273157,29.737562,27.834534,32.44783,31.73181,29.129503,33.209286,32.515965,33.787632,32.767544,31.714552,28.907003,27.276112,25.962734,23.041225,23.34504,21.027626,20.38315,22.832148,20.81732,23.755623,26.074638,24.190054,21.9836,18.951061,21.442198,17.502731,21.137651,19.502874,22.871853,23.226501,28.44815,27.353687,24.860458,22.5624,22.993015,18.182205,20.820766,15.185697,19.37735,15.857692,18.752304,20.956888,17.981577,15.478524,13.671221,12.878626,9.706147,11.445604,8.96789
6,17.26979,14.246445,11.488627,9.001613,5.5537252,7.027783,0.0,6.404693,7.8827605,11.984778,14.033754,19.575836,17.195856,16.043346,11.7905855,9.575384,7.741567,5.761888,7.8533664,7.965054,12.435277,14.966602,17.886858,21.988129,23.326168,25.387646,25.65188,21.811623,18.953833,21.076033,17.661058,22.576427,19.693916,23.111338,22.164581,25.503595,26.615755,25.054554,22.516857,18.717365,21.477943,16.043812,18.902727,16.375233,19.343563,20.423977,20.086597,23.085611,22.155794,26.73536,25.734703,22.043724,26.617424,30.19655,28.992937,29.895887,26.258724,27.379221,25.038021,26.348104,22.933573,25.364275,23.961264,28.9613,28.299742,26.687454,30.998543,31.03056,32.354565,32.53709,30.292421,28.235037,25.07753,24.896465,20.996021,21.9508,19.454535,17.19396,20.573095,17.180182,20.52143,22.514072,19.872189,16.898874,13.827275,15.009555,11.56138,14.782223,13.4905,17.1049,17.932835,23.409449,21.862585,19.052896,16.469347,16.34486,11.742052,13.83738,8.485547,13.481748,10.608972,14.435738,17.2925,15.621218,12.393888,13.091288,9.8474455,9.307317,10.286374,10.196444
7,21.07532,18.552229,14.677524,12.808782,10.45333,7.5214624,6.404693,0.0,5.067836,6.4054546,9.465821,14.621875,11.233235,10.732071,5.851995,6.2964206,5.9238358,7.60172,10.657644,12.864409,16.80499,19.922716,22.312933,26.46275,27.335165,29.020823,28.630278,23.847292,20.419455,21.398895,17.675491,21.010912,17.153704,19.440332,18.222902,21.017996,22.564903,21.223326,19.719671,16.263948,20.281322,15.573425,20.032354,18.208853,22.135115,24.535679,24.2561,27.993526,27.751072,31.949965,30.290846,26.850937,31.709515,34.953953,33.05926,33.891743,29.67655,30.99192,28.025652,28.27499,25.004215,26.367975,24.33572,29.133623,27.180052,25.625845,29.20964,28.386625,30.51645,30.438618,29.274357,27.50558,25.258081,25.474104,22.273949,23.873293,22.166014,20.733212,24.660038,22.096107,25.755405,28.177818,25.193134,22.212883,18.470282,19.079859,14.948303,17.138987,14.234685,16.900505,16.488161,21.643911,20.407553,18.183224,16.22939,17.633139,12.608697,17.18125,13.358932,19.168922,16.079174,20.400272,23.259144,21.245647,17.978306,16.918797,13.504985,11.755663,10.717724,8.660422
8,24.592253,21.53443,18.456253,15.5814085,12.959305,11.102334,7.8827605,5.067836,0.0,6.091833,6.2512045,12.051833,10.416973,9.108293,7.2016826,4.0865283,6.8447347,6.6789827,11.293328,13.222527,17.435707,20.653133,22.209566,26.617039,26.931612,28.051828,27.164936,22.039978,18.297945,18.996727,14.471786,18.303762,13.486746,16.933111,14.936665,18.126154,18.938047,17.282932,15.209242,11.547504,15.2510195,10.5676,15.214333,13.735289,17.933592,21.103296,20.835575,25.069897,25.64395,29.269464,27.008266,24.186905,29.165596,31.867847,29.600487,30.205395,25.763435,27.019562,23.759197,23.58005,20.513096,21.480635,19.418253,24.24361,22.215073,20.946987,24.599539,24.14453,26.211184,26.745657,25.021471,23.725214,20.907503,21.853527,18.472393,20.680353,19.383453,17.690376,22.281754,19.868065,23.832317,26.498264,22.955753,19.929586,15.740554,15.976644,11.484569,13.18702,10.003429,12.55992,12.527516,17.463211,17.019176,14.944779,13.539896,14.382547,10.044552,14.583246,11.6177,17.628412,14.3765135,19.24087,22.181118,20.52896,17.073662,15.99083,11.432401,10.848879,8.259832,7.9265738
9,27.315252,24.929945,20.876963,19.205542,16.726274,13.720218,11.984778,6.4054546,6.091833,0.0,5.1043587,8.58413,6.5060973,7.668927,5.9403334,7.845627,10.498653,12.20801,16.186855,18.5087,22.57515,25.819326,27.715532,32.01982,32.456688,33.658054,32.688206,27.330008,23.493412,23.576517,19.181856,21.514479,15.929659,17.843224,15.227802,17.357271,18.357988,16.67423,16.32902,13.399889,17.734985,14.574662,19.41313,18.94384,22.758413,26.816677,26.095129,30.62496,31.04904,34.69385,32.3462,28.943878,34.00712,36.873047,34.110394,35.014698,30.254309,32.10752,28.73985,27.799665,25.55488,25.66029,23.399036,27.940031,24.628407,23.963827,26.662071,25.40309,28.42305,28.922804,28.175184,27.33383,25.181215,26.525135,23.658867,26.13476,25.164135,23.699137,28.335226,25.924994,29.877655,32.432064,28.870243,25.66171,21.586931,20.937618,16.927536,17.516048,13.463877,14.657428,12.963409,17.399755,16.432419,14.992364,14.000849,16.652222,12.20482,18.311802,16.558022,22.798096,20.06811,24.900768,27.925287,26.323809,22.88011,21.715117,17.476381,16.342663,13.692032,11.956215
10,30.296825,27.399555,23.99564,21.32146,18.986607,16.098293,14.033754,9.465821,6.2512045,5.1043587,0.0,6.0769444,5.820427,5.2858357,7.5833945,6.9234586,11.13718,12.270291,16.64916,19.107256,22.999666,26.398363,27.438614,31.836292,31.680908,32.308586,30.79803,25.11387,21.0987,20.615538,15.881951,17.865496,11.475104,13.999175,10.668691,13.148477,13.680224,11.937646,11.24443,8.433321,13.177814,10.625629,16.127527,15.937123,20.353495,24.746311,24.430313,29.187634,30.46883,33.50563,30.605467,28.231617,33.27136,35.45031,32.504498,32.981686,28.14084,29.5731,25.857775,24.442009,22.050138,21.588064,19.062338,23.31829,19.747707,19.03688,21.568434,20.346027,23.391266,24.180275,23.339094,22.87865,20.781288,22.627758,20.08822,23.018595,22.657265,21.524502,26.447014,24.676697,28.755388,31.642672,27.788965,24.83612,20.44325,19.99473,15.6782055,15.950478,11.8685255,12.534221,11.117466,14.697962,15.279629,14.329681,14.246794,16.158169,12.778005,18.316057,16.981153,22.984234,19.89294,24.889574,27.791485,26.180006,22.76822,20.980583,16.472795,15.757456,12.030676,11.196399
11,35.696545,33.051044,29.29102,27.079199,24.647038,21.617388,19.575836,14.621875,12.051833,8.58413,6.0769444,0.0,6.656189,8.40646,12.069172,12.899271,16.992144,18.328783,22.703651,25.136463,29.075499,32.46301,33.469208,37.870495,37.599133,38.0396,36.28317,30.4474,26.391731,25.372742,20.661732,21.527462,14.536597,15.938193,11.502036,12.349133,11.907977,9.756832,11.447019,10.307227,14.366866,14.219617,19.020464,20.082418,23.811478,29.226147,28.472008,33.590324,35.120472,37.792564,34.55614,32.055542,37.085476,39.04527,35.47107,36.09082,30.974117,32.92343,29.102081,26.697905,25.51572,23.92197,21.411066,25.043932,20.108019,20.57429,21.757896,19.978512,24.000105,25.344898,25.126945,25.628244,23.850863,26.521246,24.443825,27.783796,27.878109,26.726154,31.844437,30.088047,34.200455,37.019886,32.93956,29.86269,25.548603,24.168879,20.42344,19.49228,15.104344,14.1277685,11.382613,13.0571785,14.025774,14.322456,15.333548,18.248487,15.807209,21.847025,21.909788,27.916231,25.298988,30.373505,33.345882,32.024754,28.579603,26.957964,22.31139,21.797543,17.911444,17.017145
12,31.607048,29.141079,25.233791,23.119457,21.391212,17.140865,17.195856,11.233235,10.416973,6.5060973,5.820427,6.656189,0.0,3.7952187,6.6817255,9.686057,12.842572,15.653952,19.148891,22.306652,25.727821,29.275276,30.444113,34.64545,34.52502,35.24464,33.676712,27.840977,23.910065,22.902433,18.97174,19.17466,13.585008,13.522011,11.062078,12.134925,14.052442,13.3389015,14.296018,12.648791,17.906242,15.9274,21.767897,21.369953,26.11198,30.15783,30.097559,34.697197,35.802067,39.045486,36.261635,33.84841,38.89323,41.186626,38.31533,38.77596,33.954987,35.255127,31.478441,29.990225,27.27894,26.66114,23.863304,27.639563,23.614918,22.48246,24.23686,21.990906,25.494175,25.370937,25.989086,25.301182,24.566866,25.86852,24.116005,26.768513,26.583866,26.19517,30.757133,29.42466,33.412518,36.413612,32.82677,30.008776,25.617086,25.592127,21.150051,21.724562,17.611803,18.076092,16.08347,18.999731,19.490929,18.949982,18.922895,21.518936,17.787565,23.70929,21.913717,27.99638,24.687996,29.513008,32.33172,30.221375,26.930801,24.346674,20.679493,18.863403,15.47503,13.082911
13,30.568525,27.743652,24.355127,21.53009,20.045706,15.810959,16.043346,10.732071,9.108293,7.668927,5.2858357,8.40646,3.7952187,0.0,5.961068,7.184123,10.625528,13.341236,16.688719,20.01459,23.161083,26.782892,27.511036,31.69092,31.312826,31.827229,30.096857,24.190838,20.25506,19.122484,15.289134,15.456547,10.145622,10.439407,8.57055,10.562994,12.853902,12.496601,12.426533,10.58247,16.093204,13.579261,19.806564,18.855392,24.148342,27.618286,28.063095,32.453545,33.821453,36.928062,34.09841,32.324734,37.27954,39.315582,36.731636,36.883724,32.25627,33.013313,29.179321,27.97515,24.55663,24.212206,21.291885,25.006765,21.556997,19.71573,21.885193,19.814444,22.822447,22.396355,22.875038,21.823664,21.278795,22.233412,20.646622,23.184582,23.129272,23.13165,27.55155,26.680614,30.623144,33.817028,30.307793,27.77795,23.298826,23.978592,19.23971,20.342525,16.632765,17.5403,16.271633,19.279655,20.347866,19.584724,19.4924,21.288004,17.691061,22.916073,20.549673,26.349403,22.640596,27.353167,30.003132,27.663744,24.493149,21.35566,17.944345,15.994059,12.355923,10.103554
14,25.067759,22.570564,18.771065,16.567278,15.17525,10.505752,11.7905855,5.851995,7.2016826,5.9403334,7.5833945,12.069172,6.6817255,5.961068,0.0,5.6462364,6.8354135,10.480429,13.195287,16.51857,19.736467,23.229683,24.83663,28.914316,29.20898,30.419952,29.404268,23.995901,20.333164,20.214914,16.771523,18.212461,14.267771,15.002586,14.187151,16.41559,18.755987,18.105516,17.429775,14.713181,19.76561,15.869307,21.554665,19.90255,24.812286,27.494781,27.759792,31.725971,32.190384,35.98662,33.835537,31.236652,36.15717,38.880775,36.75601,37.22708,32.824314,33.748474,30.318695,29.957535,26.291893,26.947598,24.363949,28.63572,25.98475,23.999285,26.903288,25.267326,27.793242,27.120018,27.122843,25.390228,24.381567,24.550718,22.316153,24.168901,23.22718,22.85425,26.847641,25.345434,29.10944,31.99843,28.911833,26.248034,22.090517,23.069712,18.432241,20.338411,16.915867,18.806564,17.812904,22.063602,21.843992,20.332047,19.235912,21.063978,16.487652,21.604261,18.19633,24.014511,20.403913,24.826828,27.510895,25.010365,21.868727,19.217072,16.259083,13.691533,11.442647,8.105998
15,24.70458,21.489218,18.694517,15.229205,13.513284,10.334954,9.575384,6.2964206,4.0865283,7.845627,6.9234586,12.899271,9.686057,7.184123,5.6462364,0.0,4.515434,6.1623983,9.937979,12.921469,16.391027,19.920334,20.942474,25.251892,25.22789,26.14097,24.967743,19.523615,15.709851,15.960282,11.9094095,14.916311,10.955208,13.725447,12.793139,16.062277,17.690142,16.77337,14.649058,11.368957,15.825911,11.072365,16.650347,14.473963,19.700153,22.020826,22.614622,26.514921,27.403004,30.905926,28.589499,26.651184,31.489645,33.860897,31.91609,32.106377,27.874048,28.380978,24.944653,24.901806,20.811264,21.865244,19.41837,23.86862,22.061415,19.829622,23.45187,22.610352,24.443014,24.188843,23.111416,21.287436,19.466131,19.690184,16.968824,18.911343,17.910074,17.316236,21.543236,20.133768,24.006187,27.05425,23.773249,21.262884,16.933247,18.401941,13.493769,15.867036,13.071484,15.516542,15.577209,19.926394,20.267506,18.49068,17.412327,18.021679,13.99618,17.964382,14.257136,19.758015,15.802456,20.349806,22.976536,20.606106,17.400734,14.7335415,11.141271,9.262361,6.156146,4.4473815
16,20.578936,17.383154,14.734224,11.094046,10.057884,6.1892166,7.741567,5.9238358,6.8447347,10.498653,11.13718,16.992144,12.842572,10.625528,6.8354135,4.515434,0.0,4.6075006,6.3937244,9.940467,12.9622,16.509619,18.016071,22.133081,22.530779,23.948929,23.310223,18.376852,15.041751,16.012562,13.073073,16.282335,14.176609,16.335947,16.529686,19.698557,21.809284,21.156715,18.92701,15.671056,19.83002,14.599207,19.584614,16.648664,21.679424,22.698467,23.5997,26.795477,27.051554,31.014038,29.309305,27.236437,31.859648,34.571583,33.25512,33.462044,29.649874,29.85099,26.779884,27.526558,22.874466,24.74045,22.49604,26.945177,25.884205,23.177921,27.098392,26.327827,27.700087,26.858747,25.859083,23.342281,21.818481,21.002466,18.287012,19.311306,17.694818,17.381172,20.761307,19.371439,22.89257,25.815447,23.151442,20.904648,16.99611,19.40154,14.675294,17.990381,15.889416,18.91896,19.275064,23.99994,23.855988,21.732868,20.104076,20.445446,16.042099,19.241167,14.275875,19.210741,15.057555,18.955404,21.355879,18.457031,15.520078,12.52675,10.313843,7.106836,6.3852997,3.2249677
17,20.220823,16.583864,14.794961,10.568175,8.695131,7.9345694,5.761888,7.60172,6.6789827,12.20801,12.270291,18.328783,15.653952,13.341236,10.480429,6.1623983,4.6075006,0.0,4.894468,6.8778768,10.818966,14.135101,15.577332,19.957436,20.400454,21.804855,21.359997,16.81049,13.583136,15.39229,11.980984,16.9175,14.719509,18.317324,17.988987,21.582712,22.910172,21.816751,18.795013,15.197853,18.24745,12.533868,16.416086,13.126193,17.684212,18.319279,19.140785,22.22113,22.468132,26.411732,24.784847,22.753902,27.310421,30.012737,28.866905,29.070885,25.44416,25.601244,22.765713,23.977964,19.402914,21.818972,20.019548,24.724241,24.40811,21.98629,26.41711,26.423988,27.339363,27.14761,25.034458,22.669382,19.997845,19.418854,15.879826,16.861628,14.769068,13.498871,17.123566,15.073666,18.721384,21.546705,18.680784,16.313229,12.420357,15.068142,10.44959,14.293726,13.076612,16.619045,17.793297,22.67141,22.45093,20.030235,18.205072,17.577316,13.665489,15.54567,10.17595,14.782972,10.509197,14.600742,17.130993,14.643531,11.441501,9.574162,6.107832,4.494199,4.579012,5.3774347
18,16.956434,13.091283,12.330798,7.25198,7.185032,6.7339597,7.8533664,10.657644,11.293328,16.186855,16.64916,22.703651,19.148891,16.688719,13.195287,9.937979,6.3937244,4.894468,0.0,4.178682,6.587756,10.14697,11.81907,15.94133,16.718517,18.617037,18.730764,14.921048,12.531611,14.9943695,13.22579,17.797,17.536785,20.411612,21.198095,24.703312,26.562883,25.890324,22.80432,19.434912,22.471777,16.711733,20.28342,16.376266,20.83225,19.77293,21.286394,23.322378,23.100405,27.276987,26.287588,24.696436,28.791586,31.552801,31.208035,31.208754,28.197088,27.697464,25.24379,27.191763,21.877737,24.950018,23.253738,27.642906,28.071213,24.983173,29.559614,29.53751,29.92772,29.00493,27.14623,24.051325,22.060541,20.255465,17.161533,16.976345,14.419846,14.059566,16.202518,14.825963,17.78145,20.566927,18.66393,17.050386,13.93026,17.869576,13.76327,18.197077,17.644445,21.331194,22.659515,27.527704,27.27711,24.765196,22.7449,21.878933,18.007095,19.01559,12.854995,15.977068,11.570348,14.201643,16.082808,12.626796,10.185697,7.038458,7.044877,3.4543521,7.09214,7.0027514
19,15.644149,11.533315,11.871935,6.9296074,6.2922287,9.137491,7.965054,12.864409,13.222527,18.5087,19.107256,25.136463,22.306652,20.01459,16.51857,12.921469,9.940467,6.8778768,4.178682,0.0,4.7507043,7.4752884,9.9219265,14.078739,15.396188,17.657549,18.410852,15.622991,13.832088,17.007687,15.230982,20.676588,20.322527,23.872675,24.27673,27.946081,29.34521,28.345293,24.918373,21.378788,23.574583,17.741976,20.03366,16.047104,19.429596,17.536694,18.859024,20.298082,19.500265,23.94095,23.472271,21.63221,25.442652,28.452696,28.539314,28.664654,26.06688,25.587296,23.660692,26.226728,21.223854,24.85108,23.678543,28.180365,29.206997,26.470785,31.3265,31.834017,31.943508,31.477343,28.865223,25.911823,23.096468,21.417841,17.764223,17.264908,14.121972,12.728919,14.3829365,12.004719,14.656482,17.015018,15.390847,13.802306,11.447842,15.6679325,12.43923,17.127657,17.492903,21.435019,23.243017,28.234507,27.635572,24.873302,22.573906,21.054676,17.62499,17.242054,10.76488,12.596404,8.509642,10.330388,12.172379,8.956475,6.467235,5.979007,6.270015,5.475901,9.492501,10.716715
20,14.953864,10.767374,12.816304,7.844992,9.3220005,11.565898,12.435277,16.80499,17.435707,22.57515,22.999666,29.075499,25.727821,23.161083,19.736467,16.391027,12.9622,10.818966,6.587756,4.7507043,0.0,3.6905394,5.9362884,9.732534,11.345289,14.09142,15.466087,13.825752,13.195576,16.72066,16.463211,21.362747,22.57592,25.619778,26.875252,30.483019,32.234024,31.620277,28.075117,24.790241,26.988182,21.228943,23.490002,19.115889,22.618618,19.349764,21.483711,21.92321,21.066114,25.295525,25.273401,24.36412,27.590036,30.297915,31.1063,30.866558,28.880949,27.612452,25.96814,29.020353,23.338755,27.349838,26.21309,30.272411,31.959587,28.61267,33.520367,34.03598,33.61253,32.538033,30.136517,26.621841,24.501083,21.79613,18.78149,17.249538,13.985898,13.825996,13.71026,12.721354,14.3078,16.658705,16.193571,15.733684,14.182272,19.276093,16.364218,21.203312,21.898378,25.809198,27.735075,32.552956,32.230095,29.517187,27.283518,25.582287,22.340944,21.534458,15.104406,15.626608,11.803377,11.862025,12.510585,8.2484665,7.641025,5.3356586,9.272924,7.7922797,12.281614,13.202631
21,14.211319,10.232714,13.644891,9.564495,11.213648,14.474092,14.966602,19.922716,20.653133,25.819326,26.398363,32.46301,29.275276,26.782892,23.229683,19.920334,16.509619,14.135101,10.14697,7.4752884,3.6905394,0.0,4.854157,7.5241137,10.153883,13.477046,15.732355,15.500085,15.647184,19.421509,19.513393,24.549852,26.003319,29.182821,30.43346,34.082737,35.716877,35.021393,31.335688,28.023363,29.8319,24.117264,25.683456,21.31795,24.07155,19.941774,22.079796,21.645401,20.201773,24.487814,25.136448,24.309809,26.980495,29.779509,31.190716,30.95897,29.5339,28.084436,26.971008,30.515171,24.996181,29.356943,28.552982,32.51183,34.661793,31.401377,36.42026,37.192226,36.51645,35.521465,32.821003,29.276228,26.940353,24.089338,21.038084,19.090717,15.62298,15.202153,13.998306,12.846763,13.405789,15.089251,15.61063,15.701985,15.219963,20.38293,18.265965,23.064203,24.276379,28.24966,30.388697,35.236084,34.71679,31.886135,29.500017,27.481033,24.528893,22.908487,16.617361,15.8131075,12.807159,11.339586,11.161675,7.031077,7.9145966,7.7374816,11.892504,11.279102,15.727313,16.87292
22,18.802538,14.895341,18.111841,13.542377,15.07906,17.395397,17.886858,22.312933,22.209566,27.715532,27.438614,33.469208,30.444113,27.511036,24.83663,20.942474,18.016071,15.577332,11.81907,9.9219265,5.9362884,4.854157,0.0,4.481472,5.6648836,8.674564,10.944151,11.567299,12.669598,16.57536,17.63957,22.44392,24.964333,28.157978,29.839235,33.502785,35.083767,34.669334,30.7007,27.737787,29.216312,23.78499,25.22671,20.590322,23.705221,18.735163,21.823097,21.012348,20.545452,24.024187,24.35031,25.013525,27.415342,29.38159,31.036985,30.221203,29.122993,26.78936,25.636778,29.346077,23.171766,27.684237,26.916489,30.326538,33.151367,29.441048,34.461514,35.4496,34.17657,32.958244,30.13996,26.353716,24.386522,20.919413,18.413568,15.762529,12.465305,13.221084,10.787772,11.61706,11.697397,14.064557,14.810681,15.852996,15.337984,21.217276,18.976587,23.79564,25.295073,29.105116,31.49918,35.887035,36.049896,33.418552,31.396652,29.022808,26.546349,24.665379,18.683998,17.570095,14.176611,12.59193,11.778934,7.3659344,8.984391,6.68437,12.07515,11.713136,15.76952,17.492558
23,19.890472,16.497175,20.531107,16.569624,18.60262,20.992071,21.988129,26.46275,26.617039,32.01982,31.836292,37.870495,34.64545,31.69092,28.914316,25.251892,22.133081,19.957436,15.94133,14.078739,9.732534,7.5241137,4.481472,0.0,3.8706694,7.7012014,11.19344,13.806405,15.872612,19.601357,21.440737,25.742435,28.949644,31.845446,33.877163,37.466167,39.177242,38.908257,34.914673,32.062763,33.447998,28.120716,29.34098,24.702274,27.501406,21.869352,25.127533,23.520407,22.774097,25.968163,26.843676,27.938433,29.735098,31.52362,33.78802,32.81875,32.29687,29.582941,28.843096,32.8683,26.652626,31.31877,30.704765,33.78739,37.024734,33.134163,38.110615,39.159916,37.560352,36.055023,33.33337,29.347155,27.764488,23.861288,21.852821,18.713282,15.678525,16.843685,13.315583,14.778492,13.709766,15.357375,17.25961,18.964594,19.16696,25.040838,23.200712,27.96475,29.668642,33.47958,35.93924,40.297157,40.4525,37.790024,35.711285,33.228394,30.843555,28.646387,22.75251,20.958452,18.101805,15.66153,14.093393,10.3054495,12.772084,11.11965,16.53012,16.081259,20.12676,21.625992
24,23.246685,19.666769,23.236107,18.792416,20.631113,22.38941,23.326168,27.335165,26.931612,32.456688,31.680908,37.599133,34.52502,31.312826,29.20898,25.22789,22.530779,20.400454,16.718517,15.396188,11.345289,10.153883,5.6648836,3.8706694,0.0,3.8657606,7.409753,10.872136,13.62426,17.157991,19.645136,23.568775,27.429487,30.25856,32.541924,36.075947,37.733746,37.679047,33.5768,31.030592,32.241024,27.22119,28.48859,23.790503,26.949917,21.156591,24.956696,23.43136,23.539465,26.135473,26.525517,28.539505,30.34754,31.533087,33.70881,32.352375,31.8693,28.646004,27.722034,31.64044,25.032887,29.606365,28.942999,31.579462,35.148438,30.967443,35.838253,36.977005,35.00817,33.33971,30.631535,26.531055,25.338633,21.061651,19.610727,16.098787,13.493657,15.623873,11.6373,14.564355,13.566916,15.819799,17.388699,19.424316,19.297972,25.409266,23.33852,28.008703,29.736567,33.363148,35.90557,39.896355,40.55551,38.079704,36.29546,33.692997,31.56509,29.439985,23.782013,22.200817,18.985338,16.978022,15.449703,11.699582,13.907859,11.048441,16.525768,16.148169,19.68853,21.472317
25,26.919596,23.227201,26.479208,21.753849,23.336744,24.691309,25.387646,29.020823,28.051828,33.658054,32.308586,38.0396,35.24464,31.827229,30.419952,26.14097,23.948929,21.804855,18.617037,17.657549,14.09142,13.477046,8.674564,7.7012014,3.8657606,0.0,4.0331373,9.106038,12.594684,15.746489,18.820591,22.331018,26.760391,29.582216,32.023563,35.484653,36.99358,37.11767,32.90003,30.697113,31.588383,26.995174,28.118717,23.479132,26.782148,20.833864,25.088297,23.544697,24.45026,26.356073,26.32892,29.283564,30.976606,31.517845,33.663105,31.915667,31.58222,27.8373,26.833576,30.658384,23.800428,28.249699,27.628527,29.713678,33.711678,29.319452,34.049133,35.365097,32.957157,31.215508,28.413624,24.282814,23.425323,18.840117,18.036133,14.163062,12.215224,15.202144,10.820882,15.074648,14.0468445,16.64061,17.94075,20.30909,20.02623,26.181915,24.07121,28.521526,30.346611,33.73869,36.387535,39.955875,41.094673,38.81202,37.323006,34.557243,32.787296,30.611595,25.33649,23.805199,20.473497,18.763077,17.23057,13.840353,15.826414,12.443999,17.5205,17.406107,20.309046,22.418428
26,29.300201,25.433895,28.076134,23.035397,24.352882,25.022635,25.65188,28.630278,27.164936,32.688206,30.79803,36.28317,33.676712,30.096857,29.404268,24.967743,23.310223,21.359997,18.730764,18.410852,15.466087,15.732355,10.944151,11.19344,7.409753,4.0331373,0.0,6.1330714,10.058677,12.639635,16.23213,19.189425,24.08111,26.779991,29.375237,32.72028,34.166515,34.500885,30.294014,28.439117,29.273878,25.080027,26.470879,21.925192,25.75127,20.300522,24.80534,23.833965,25.51916,27.048292,26.31823,29.729671,31.702324,31.841873,33.534397,31.558952,30.933863,26.998968,25.563417,28.956333,21.805958,25.894775,25.0738,26.754885,30.799814,26.142488,30.68696,31.981047,29.34891,27.458838,24.771902,20.558254,20.205856,15.311059,15.223889,11.210174,10.134321,14.155455,10.401921,15.4762535,15.15398,18.290552,18.742626,20.909967,19.983843,26.03485,23.544415,27.76375,29.375074,32.49674,35.08311,38.261414,39.87161,37.823956,36.654785,33.963432,32.347626,30.551678,25.579489,24.662605,20.971653,20.080143,18.972122,15.639233,16.952116,12.645854,17.108957,16.945139,19.067373,21.31397
27,28.414112,24.369165,25.896645,20.594753,21.48135,21.173908,21.811623,23.847292,22.039978,27.330008,25.11387,30.4474,27.840977,24.190838,23.995901,19.523615,18.376852,16.81049,14.921048,15.622991,13.825752,15.500085,11.567299,13.806405,10.872136,9.106038,6.1330714,0.0,4.0576057,6.6573544,10.278373,13.276157,18.012527,20.712008,23.265553,26.614792,28.161686,28.56958,24.515232,22.720598,24.080046,19.875471,22.265392,17.762661,22.65799,18.746313,22.944395,23.366505,25.419558,27.301884,25.743221,28.453264,31.283356,31.688154,32.383892,30.648249,29.031597,25.724072,23.424484,25.97843,18.645884,22.153246,20.72324,22.781073,25.950504,21.113329,25.646797,26.541922,24.40978,22.472878,20.122465,15.797988,15.650452,10.801688,10.651714,7.289262,6.7133775,11.499365,10.235306,14.598412,15.912861,19.657932,18.685343,19.795595,17.584108,23.28435,19.915918,24.000057,24.916887,27.854538,30.123579,33.211025,35.03283,33.16885,32.22088,29.978569,28.101894,27.295767,22.422977,22.919153,18.590694,19.225203,19.125229,15.566332,15.547504,9.898099,13.273623,12.590926,13.78706,15.979927
28,27.72699,23.632904,24.368147,19.036541,19.432817,18.63708,18.953833,20.419455,18.297945,23.493412,21.0987,26.391731,23.910065,20.25506,20.333164,15.709851,15.041751,13.583136,12.531611,13.832088,13.195576,15.647184,12.669598,15.872612,13.62426,12.594684,10.058677,4.0576057,0.0,4.0646315,6.388187,10.310331,14.184928,17.249847,19.454496,22.926712,24.433258,24.719236,20.720932,18.797808,20.51908,16.169369,19.22333,14.81173,20.311937,17.630257,21.377352,22.725855,24.868729,27.007336,25.015032,27.058563,30.4126,31.076334,31.120823,29.648409,27.383446,24.678635,21.895588,23.879639,16.702438,19.791252,17.98855,20.555077,22.953018,18.233784,22.846579,23.512915,21.950727,20.30829,18.0059,13.920302,13.3543825,9.254904,8.332117,6.3789215,5.930672,10.130283,10.906426,14.108362,16.406063,20.291395,18.463448,18.77277,15.769587,21.007553,17.116112,21.045977,21.487885,24.324705,26.391977,29.501045,31.346745,29.564882,28.723818,26.774088,24.74113,24.567337,19.86426,21.307747,16.71799,18.392765,18.97944,15.550576,14.606847,8.735736,10.639462,9.762747,10.067954,12.423578
29,30.758339,26.767208,27.002054,21.780378,22.11465,20.39517,21.076033,21.398895,18.996727,23.576517,20.615538,25.372742,22.902433,19.122484,20.214914,15.960282,16.012562,15.39229,14.9943695,17.007687,16.72066,19.421509,16.57536,19.601357,17.157991,15.746489,12.639635,6.6573544,4.0646315,0.0,5.3778143,6.638793,11.9082775,14.226099,16.997381,20.161528,21.85992,22.626572,18.907059,17.633688,19.672321,16.09689,19.857077,15.956905,21.913403,20.180128,23.81582,25.645588,28.198015,30.047056,27.608171,29.830374,33.34279,33.725613,33.348648,31.761738,29.21265,26.543005,23.377598,24.605602,17.528017,19.694115,17.436028,19.407627,21.330486,16.130426,20.253107,20.494823,18.861565,16.61045,15.131424,10.739506,11.8087845,7.4902334,8.429512,7.558356,8.849066,13.043326,14.372061,17.657816,20.114029,24.03706,21.93201,22.059692,18.708876,23.387127,19.216228,22.619034,22.523018,24.879496,26.614414,29.198729,31.568588,30.138453,29.687822,28.095905,26.112352,26.653028,22.40961,24.489569,19.87192,22.054262,22.831697,19.529222,18.345613,12.488477,13.488424,12.236733,11.237,12.975495
30,30.026592,26.01399,25.514553,20.464025,19.889277,18.302345,17.661058,17.675491,14.471786,19.181856,15.881951,20.661732,18.97174,15.289134,16.771523,11.9094095,13.073073,11.980984,13.22579,15.230982,16.463211,19.513393,17.63957,21.440737,19.645136,18.820591,16.23213,10.278373,6.388187,5.3778143,0.0,6.806127,8.051551,12.238839,13.465931,17.108006,18.209492,18.349785,14.345933,12.571886,14.69018,10.766675,15.029554,11.4048815,17.727657,17.53568,20.419567,23.211786,25.816475,27.826351,24.991276,26.414808,30.382273,31.038689,29.960402,28.740665,25.542435,23.69666,20.15019,20.7886,14.289308,16.020031,13.508603,16.49942,17.504187,12.987908,17.525587,17.904112,17.203922,16.324453,14.020058,10.876689,9.669783,7.97255,6.4591312,8.070732,8.867309,11.095209,14.393114,16.111065,19.38997,23.227648,20.253973,19.515766,15.542441,19.309425,14.851402,17.812645,17.346283,19.557722,21.243162,23.88333,26.1918,24.80024,24.472271,23.005869,21.136833,22.087196,18.441748,21.323574,16.813692,19.987804,21.43065,18.718323,16.69224,11.922736,10.532191,10.053772,7.447357,10.073247
31,34.162373,30.394302,29.548996,24.726635,24.669996,21.689434,22.576427,21.010912,18.303762,21.514479,17.865496,21.527462,19.17466,15.456547,18.212461,14.916311,16.282335,16.9175,17.797,20.676588,21.362747,24.549852,22.44392,25.742435,23.568775,22.331018,19.189425,13.276157,10.310331,6.638793,6.806127,0.0,7.390939,8.020104,11.484054,14.095715,16.225111,17.673515,14.809791,14.512961,17.498653,15.1770735,20.204,17.419947,23.774714,24.016432,26.956059,29.798477,32.583702,34.394318,31.382658,33.074776,37.047916,37.43533,36.174057,34.780617,31.50891,29.533838,25.804745,25.694164,19.509516,20.04325,17.071175,18.669739,18.729734,13.464102,16.443626,15.455259,14.77874,11.880145,12.426952,8.775184,11.7316,9.614723,11.368478,12.587358,14.447795,17.637905,20.210772,22.692997,25.697884,29.60275,26.878471,26.30966,22.340225,25.832747,21.245089,23.724154,22.511354,24.059816,25.003334,26.888485,29.792675,28.919004,29.02282,28.279072,26.202961,28.153662,24.688643,28.017538,23.440628,26.61276,27.94842,24.87216,23.03723,17.499077,16.91264,15.268433,12.527988,13.081553
32,34.186802,30.542192,28.720957,24.395195,23.267189,20.332878,19.693916,17.153704,13.486746,15.929659,11.475104,14.536597,13.585008,10.145622,14.267771,10.955208,14.176609,14.719509,17.536785,20.322527,22.57592,26.003319,24.964333,28.949644,27.429487,26.760391,24.08111,18.012527,14.184928,11.9082775,8.051551,7.390939,0.0,6.0306325,5.465624,9.16339,10.329956,10.890969,7.9358315,7.3913445,11.412749,9.686367,15.624775,14.126747,20.271158,22.755383,24.479769,28.44083,31.15447,33.10826,29.697916,30.229256,34.688118,35.42324,33.20211,32.362144,28.275066,27.55979,23.48569,22.304897,17.637774,17.053978,13.783123,16.463936,14.372423,10.674619,13.556757,12.321005,13.765522,13.332485,12.923972,11.7467575,11.711092,12.845469,12.402785,15.3643055,16.652039,17.820118,21.993818,22.778887,26.471025,30.124779,26.569063,25.002018,20.568644,22.405766,17.760736,19.100784,16.94043,17.797762,18.192305,19.84406,22.81125,22.235212,22.722618,22.569471,20.653038,23.617313,21.339806,25.718536,21.601961,25.78768,27.833044,25.502645,22.863544,18.787891,15.921545,15.058009,10.847793,11.514594
33,36.25442,32.905846,30.775766,26.764803,26.197367,22.11026,23.111338,19.440332,16.933111,17.843224,13.999175,15.938193,13.522011,10.439407,15.002586,13.725447,16.335947,18.317324,20.411612,23.872675,25.619778,29.182821,28.157978,31.845446,30.25856,29.582216,26.779991,20.712008,17.249847,14.226099,12.238839,8.020104,6.0306325,0.0,5.292102,6.7230043,10.246129,12.35592,11.60245,12.129283,16.627619,15.502091,21.575039,20.107866,26.285196,28.531382,30.405039,34.22583,36.761547,38.90171,35.611717,36.068066,40.56631,41.392124,39.22881,38.375153,34.30162,33.50993,29.441778,28.16276,23.452194,22.678284,19.344868,21.232553,18.633434,14.809062,16.126808,13.327009,15.2566595,12.985971,15.392794,13.927527,16.298906,16.465858,17.296297,19.589132,21.051228,23.011747,26.627548,27.878096,31.417658,35.16231,31.91062,30.462488,26.03803,28.109072,23.297203,24.784218,22.19944,22.886974,22.595274,24.000818,26.91817,26.604141,27.142372,27.687742,25.251434,28.942883,26.299479,30.952051,26.631285,30.711826,32.679073,29.852608,27.349424,22.492905,20.514685,18.549696,14.806397,13.803362
34,37.090637,33.76101,31.224457,27.478949,26.171837,22.552885,22.164581,18.222902,14.936665,15.227802,10.668691,11.502036,11.062078,8.57055,14.187151,12.793139,16.529686,17.988987,21.198095,24.27673,26.875252,30.43346,29.839235,33.877163,32.541924,32.023563,29.375237,23.265553,19.454496,16.997381,13.465931,11.484054,5.465624,5.292102,0.0,3.932415,5.910123,7.2458463,7.028563,7.9593697,12.68047,12.588362,18.565851,18.147423,23.777056,27.329325,28.45762,32.856033,35.453583,37.477024,33.91968,33.843304,38.505108,39.38617,36.632885,36.072094,31.60481,31.546757,27.369596,25.390474,21.858488,20.336166,17.04245,19.332994,15.466693,13.081502,14.124957,11.458189,14.664086,14.422853,15.574197,15.478527,16.060696,17.855085,17.687532,20.79398,22.089836,22.952034,27.34061,27.724962,31.551435,35.09643,31.369406,29.434355,24.909927,25.843456,21.299873,21.837786,18.803507,18.790554,18.100815,19.009497,22.12056,22.143885,23.090353,23.948454,21.934563,26.057314,24.47456,29.50172,25.651836,30.18262,32.482346,30.261465,27.395185,23.58727,20.375305,19.241526,14.926812,14.47762
35,40.193203,37.021313,34.24386,30.737324,29.508831,25.512487,25.503595,21.017996,18.126154,17.357271,13.148477,12.349133,12.134925,10.562994,16.41559,16.062277,19.698557,21.582712,24.703312,27.946081,30.483019,34.082737,33.502785,37.466167,36.075947,35.484653,32.72028,26.614792,22.926712,20.161528,17.108006,14.095715,9.16339,6.7230043,3.932415,0.0,4.6424494,7.3431993,9.244537,11.101511,15.393593,16.181639,21.912228,21.875437,27.300812,31.114223,32.15344,36.64162,39.29732,41.24371,37.585342,37.484104,42.164093,42.96973,40.02362,39.47623,34.932167,34.9864,30.76991,28.42113,25.285404,23.30187,20.028069,21.727032,17.241446,15.309944,15.057987,11.462343,15.35762,14.861348,17.261078,17.633867,19.011683,20.888197,21.229898,24.301224,25.799662,26.82899,31.14952,31.6495,35.461365,39.019623,35.282146,33.327682,28.802267,29.512568,25.054333,25.2998,22.04603,21.594135,20.42631,20.65851,23.927263,24.362358,25.590837,26.882868,24.932245,29.436499,28.122492,33.294865,29.508368,34.08192,36.403374,34.14186,31.274532,27.351587,24.257393,22.93328,18.695837,17.819391
36,42.351147,39.05487,36.333637,32.77316,31.10703,27.773218,26.615755,22.564903,18.938047,18.357988,13.680224,11.907977,14.052442,12.853902,18.755987,17.690142,21.809284,22.910172,26.562883,29.34521,32.234024,35.716877,35.083767,39.177242,37.733746,36.99358,34.166515,28.161686,24.433258,21.85992,18.209492,16.225111,10.329956,10.246129,5.910123,4.6424494,0.0,3.5444293,6.5666604,9.59602,12.618431,14.978992,19.854963,20.742428,25.492437,30.067776,30.733091,35.475773,38.445423,39.961422,36.005962,36.015083,40.610138,41.10992,37.77081,37.240437,32.590355,32.93529,28.698645,25.715189,23.592165,20.829905,17.745779,19.143097,13.794907,13.209511,12.234287,8.986218,13.623253,14.886694,16.182259,17.737467,18.061934,21.10452,21.133085,24.680668,26.331972,26.79534,31.4471,31.66478,35.52103,38.942715,34.913895,32.84847,28.421879,28.39242,24.40577,23.826973,20.675842,19.489414,18.31096,17.458454,21.361383,22.235697,23.983337,25.115387,24.013767,28.261803,27.931864,32.943928,29.57452,34.24343,36.631577,34.884212,31.938747,28.693937,24.986439,24.486378,20.034807,20.003834
