,0,1,2,3,4,5,6,7,8,9,10,11,12,13,14,15,16,17,18,19,20,21,22,23,24,25,26,27,28,29,30,31,32,33,34,35,36,37,38,39,40,41,42,43,44,45,46,47,48,49,50,51,52,53,54,55,56,57,58,59,60,61,62,63,64,65,66,67,68,69,70,71,72,73,74,75,76,77,78,79,80,81,82,83,84,85,86,87,88,89,90,91,92,93,94,95,96,97,98,99,100,101,102,103,104,105,106,107,108,109,110,111,112,113,114
0,0.0,4.3797255,6.1510973,9.045044,12.007913,13.880208,16.138372,19.895082,22.390047,26.216333,28.98135,32.45968,33.85142,35.99467,32.955956,28.853188,27.034462,24.922155,22.237236,23.159252,20.697903,23.666012,23.030077,27.132591,30.674742,29.754705,27.191772,27.043633,26.942554,26.246798,29.721806,27.953846,33.415417,32.921185,37.730446,40.636486,36.9028,37.744102,31.378613,34.140224,31.095669,32.543236,30.733171,30.939478,31.795408,31.31026,33.893383,34.989098,34.310936,37.58673,36.33516,35.376717,34.893063,38.10237,36.69902,41.526108,38.458385,37.16911,43.35199,41.300694,40.397163,35.655872,35.212177,33.00438,33.776604,31.659164,31.222923,29.471737,30.138838,26.664747,26.235964,25.846659,29.292482,29.196981,33.03094,32.418823,38.07862,36.963448,40.401672,39.22291,34.288334,37.791832,36.026173,32.112778,28.399773,27.441242,24.274197,23.022688,20.57814,19.313097,19.023262,20.702583,17.94469,21.199923,25.178167,19.758417,22.767635,19.097952,15.578592,20.638063,14.211967,13.097527,18.659658,16.977486,21.310354,22.593287,26.917425,30.177824,29.45967,26.091127,27.750154,22.564848,21.916746,20.148365,18.26762
1,4.3797255,0.0,5.2892847,6.4251513,9.304085,12.242808,14.374328,18.323395,21.389025,24.840052,28.276442,31.017467,32.643875,34.91706,31.320438,27.425024,25.02587,23.041748,19.59947,20.631464,17.664745,20.495386,20.314003,24.104015,27.566149,27.19728,24.761486,25.260069,25.279842,25.796547,29.107737,28.372004,33.48107,33.867416,38.290768,41.546093,38.085663,38.59075,32.08026,34.346146,31.085192,32.070766,29.642168,29.404406,29.872173,29.004255,31.148972,31.9035,31.346924,34.91128,34.17535,33.327404,33.380272,36.651436,35.698788,40.69103,37.82087,36.12995,42.181004,39.934715,38.575935,33.86595,32.924324,30.404358,30.974098,28.32571,27.895895,25.81239,26.469671,22.996881,22.86612,23.077156,26.710428,27.183743,30.95311,31.002377,36.587383,36.08411,39.70827,38.789738,33.843193,37.673233,36.388687,32.232212,28.699928,27.069231,24.52638,22.1767,19.605217,17.568378,17.296402,18.631275,16.557734,20.450249,24.321012,19.879457,23.11631,20.267311,16.949581,22.284843,15.964526,13.966529,19.6353,17.27512,22.371037,22.592325,27.24247,30.456078,29.216223,25.817368,26.533396,21.36892,20.031507,17.824049,15.357812
2,6.1510973,5.2892847,0.0,5.4081573,6.7550573,8.176678,11.383474,14.117999,17.330704,20.775349,24.012915,27.107899,29.01056,31.636944,28.349783,24.855936,22.589283,21.40045,17.883808,20.31873,18.32873,21.631744,22.248728,26.070408,29.140148,28.729208,25.359129,26.233997,24.956459,25.63974,28.162516,27.282791,31.898169,32.320393,36.883984,40.047806,36.832684,37.718292,31.471746,33.549423,30.932896,31.378277,29.837738,29.277481,30.38236,29.174217,32.491863,32.86722,31.580177,35.421516,34.26157,34.067753,33.93739,36.36009,35.3004,40.301308,36.810688,34.980198,40.81833,38.287933,37.01921,32.81696,31.640709,29.642467,29.652287,28.173487,26.81497,25.30956,26.68067,23.11959,22.261671,22.482576,25.250698,25.814388,29.047762,29.15049,34.327663,33.963814,37.373566,36.840042,31.493845,34.792355,33.77776,29.934696,26.55861,24.948547,23.005238,20.691427,19.659344,17.85279,18.704576,20.90602,19.338886,22.154648,26.793335,22.07834,24.539772,21.80218,18.26901,22.449863,15.58704,13.433746,18.667349,14.978511,19.9805,19.848898,24.110016,27.250856,25.774353,22.55576,23.277752,18.875633,17.326374,16.304565,13.69241
3,9.045044,6.4251513,5.4081573,0.0,3.831303,6.9090037,8.061327,12.751554,15.480685,18.861654,22.453737,24.8791,26.387236,28.64974,24.915321,21.128794,18.61567,16.8909,13.346959,15.096054,12.922843,16.244879,17.033634,20.790825,23.774166,23.41553,20.040794,21.198263,20.075115,21.605833,24.118914,24.22354,28.607132,29.880657,33.94517,37.4659,34.49458,34.903667,28.52279,30.124811,27.220175,27.356653,25.220427,24.419468,25.252415,23.93269,27.10944,27.467682,26.255064,30.064293,29.0812,28.865204,29.006962,31.56282,30.802292,35.896046,32.716682,30.666508,36.49878,33.9994,32.50796,28.083048,26.877764,24.608353,24.937761,23.057072,22.228159,20.678461,21.675142,18.148605,17.373508,17.34968,20.562235,21.133286,24.671732,24.950813,30.343193,30.193947,33.833385,33.269283,28.159184,32.027313,31.25074,27.045916,23.803093,21.601526,20.003788,16.724316,15.272195,12.910668,13.890117,16.090866,15.268972,18.064083,22.726753,18.959383,21.35368,19.641485,16.489227,20.715511,14.431664,11.414322,16.453623,12.687319,18.36247,17.301058,22.051617,25.147118,23.461123,20.106905,20.255787,15.233016,13.614223,11.5891285,9.232813
4,12.007913,9.304085,6.7550573,3.831303,0.0,4.152467,6.2496724,9.57065,13.181163,16.018791,20.122787,22.083267,24.112597,26.820875,22.852726,19.727516,16.738544,16.0223,11.533558,14.8821125,13.206777,16.57521,18.385534,21.685596,24.203497,24.331259,20.496351,22.447243,20.487474,23.020998,24.754112,25.452381,29.130398,30.95422,34.810463,38.42011,35.81117,36.282265,30.119112,31.268658,28.734154,28.19051,26.30437,24.945414,25.91224,24.03148,27.619392,27.367643,25.713877,29.95715,29.128527,29.497496,29.929533,31.868776,31.390015,36.522648,33.086872,30.660435,36.13797,33.279293,31.477674,27.56656,25.70023,23.609177,23.193285,21.827583,20.105387,18.722507,20.401175,16.856308,15.735237,16.481432,18.981153,20.258888,23.166687,24.14663,29.031874,29.543653,33.108337,33.064625,27.709793,31.330147,31.138521,27.094433,24.192574,21.572184,20.97726,17.04696,16.818077,14.201446,15.932661,18.2478,18.181604,20.621956,25.41615,22.122961,24.163904,22.862509,19.785135,23.41387,17.158646,13.999003,18.422977,13.5896845,19.2862,17.23633,21.713774,24.619633,22.337866,19.217678,18.421726,14.346014,11.695685,10.534413,7.119187
5,13.880208,12.242808,8.176678,6.9090037,4.152467,0.0,4.656089,6.110593,9.6819935,12.730088,16.50348,19.025038,21.179647,24.14267,20.641663,17.844522,15.268813,15.330789,11.436015,15.8011875,15.331184,18.843761,20.88125,24.202848,26.394041,26.246258,21.797974,23.722603,20.744446,23.01302,24.054405,24.448006,27.667166,29.391245,33.341854,36.793537,34.388783,35.19127,29.365446,30.405325,28.48495,27.595537,26.63468,25.17522,26.760084,24.803518,29.376982,28.999226,26.77082,30.991285,29.640284,30.480614,30.583475,31.78436,31.10065,36.122536,32.177837,29.766693,35.03634,32.02686,30.469212,27.035898,25.19652,23.74282,22.966255,22.914078,20.516544,19.910786,22.048555,18.648233,16.817717,17.15632,18.651667,19.709642,22.08207,22.853947,27.341467,27.793758,31.102194,31.325834,25.686256,28.763277,28.735891,25.038849,22.313587,19.851242,19.762505,16.18352,17.397514,15.383574,17.822733,20.70663,20.707079,22.199013,27.398996,23.783676,25.189098,23.891634,20.778944,23.401243,17.126171,14.1559725,17.802877,12.122688,17.359425,15.0173025,18.9843,21.781902,19.351711,16.434195,15.817831,12.624301,10.051178,10.586487,7.95555
6,16.138372,14.374328,11.383474,8.061327,6.2496724,4.656089,0.0,6.582852,7.8482957,11.179642,14.757469,16.96942,18.328892,20.741394,17.066309,13.681009,11.2339325,10.719284,7.5764513,11.594989,12.03857,15.566468,17.707735,20.961678,22.879904,22.422028,17.638243,19.624336,16.203463,18.947674,19.671928,20.759426,23.638407,26.004414,29.54638,33.223133,31.06132,31.556139,25.782082,26.399002,24.487978,23.246574,22.243671,20.612745,22.341564,20.380003,25.439674,25.157064,22.71945,26.731607,25.112726,26.084944,26.131224,27.145195,26.534954,31.57147,27.702566,25.192244,30.496212,27.551573,26.032122,22.420593,20.823938,19.442976,19.097704,19.383253,17.46779,17.345797,19.122372,15.904403,13.689892,13.03937,14.552744,15.150459,17.834442,18.36452,23.140596,23.504078,26.97176,27.104813,21.619385,25.143171,25.220646,21.262974,18.68299,15.766587,16.136978,11.835999,13.545412,11.579098,14.606198,17.779099,18.42222,19.09574,24.37697,21.439713,22.342165,21.926014,19.264162,21.29061,15.855235,12.559215,15.275611,9.514183,14.924879,11.640456,15.965423,18.702644,16.217829,13.136451,12.317495,8.264837,5.947736,6.226804,5.3159375
7,19.895082,18.323395,14.117999,12.751554,9.57065,6.110593,6.582852,0.0,5.4871736,7.033385,11.437599,13.316721,16.144318,19.730406,16.314615,14.899845,12.270225,14.273845,10.640816,16.534296,17.447397,20.690449,23.601215,26.326899,27.717165,27.81474,22.775303,25.373999,21.123358,24.338346,23.992403,25.162333,26.98086,29.503489,32.920383,36.379906,34.690624,35.574116,30.392038,30.652584,29.528988,27.615673,27.422024,25.319254,27.319756,24.822584,30.278711,29.242939,26.24007,30.655594,29.153002,30.909235,31.140884,31.139635,30.737453,35.567932,31.213182,28.406487,32.9079,29.466496,27.723904,25.364346,22.878874,22.203024,20.42164,22.054152,18.463179,18.88842,21.787542,18.843437,16.251802,16.850496,16.56208,18.15028,19.16107,20.639532,23.977346,25.274015,28.239586,29.291245,23.479816,25.893644,26.841534,23.658998,21.739323,18.861694,20.477858,16.494656,19.628723,17.843353,21.076994,24.162401,24.972294,25.577917,30.887178,27.903807,28.585617,28.00821,25.203043,26.688423,21.085276,18.177784,20.402975,14.099146,18.37728,14.5845375,17.443346,19.612473,16.295376,14.164651,11.990284,11.470315,8.074412,11.033963,9.193961
8,22.390047,21.389025,17.330704,15.480685,13.181163,9.6819935,7.8482957,5.4871736,0.0,4.509195,6.9905715,10.275326,11.850907,14.994287,12.467903,10.746391,9.66051,11.793516,10.779048,15.817798,18.066275,21.204592,23.803146,26.586905,27.673162,27.06904,21.6402,23.766132,18.671364,21.302057,20.116943,21.175615,22.260458,24.92608,28.11813,31.478653,30.131855,31.123718,26.454535,26.39524,25.941774,23.65561,24.495275,22.482538,25.164362,22.959108,29.40169,28.646477,25.230139,29.07984,26.74321,28.794651,28.465467,27.718884,26.994226,31.55953,26.824907,24.203928,28.545736,25.201698,24.050722,21.985725,20.21289,20.372648,19.026152,22.02612,18.845263,20.23766,22.75245,20.188196,17.10638,16.168623,15.04108,15.408992,16.131691,16.591616,19.746702,20.469492,23.203354,24.284565,18.385986,20.478611,21.501032,18.579597,17.02199,14.277711,16.661264,13.246381,17.807117,16.964159,20.642435,24.156967,25.117224,24.45172,29.904345,27.031887,26.84311,26.77404,24.36999,24.541973,19.907707,17.301235,17.965902,11.773079,14.816584,10.306793,12.349391,14.254645,10.820591,8.910908,7.304428,8.001768,6.514801,10.734257,11.292103
9,26.216333,24.840052,20.775349,18.861654,16.018791,12.730088,11.179642,7.033385,4.509195,0.0,5.475617,6.377249,9.3660345,13.40323,10.58797,10.993433,9.465685,13.25037,11.851299,17.550165,20.067953,22.839495,26.07566,28.270857,28.818148,28.729376,23.262644,26.056513,20.620966,24.28169,22.366926,24.293982,24.370323,27.751211,30.339355,33.72834,32.92951,33.8025,29.564514,28.905443,28.772356,25.824905,26.703766,24.153429,26.718054,24.012836,30.486877,29.101706,25.336746,29.426155,27.414667,30.061234,30.145897,28.71891,28.479902,32.86523,28.14025,25.107235,28.625488,24.898237,23.28651,22.230139,19.593657,20.162157,17.799778,21.685404,17.605074,19.516256,22.551756,20.402264,17.153748,17.001534,14.656309,15.964916,15.308289,16.975094,18.797804,20.740253,23.171484,25.056664,19.350182,20.935562,22.968939,20.507248,19.7126,16.613438,20.04437,16.19042,21.105997,19.989586,23.78111,27.06462,28.538677,27.902958,33.174187,30.893503,30.633364,30.943422,28.657051,28.758593,24.346466,21.658121,22.143744,16.087858,18.794638,13.815316,14.956041,16.076525,11.953801,11.198758,7.243476,10.697289,8.334605,12.896147,13.121063
10,28.98135,28.276442,24.012915,22.453737,20.122787,16.50348,14.757469,11.437599,6.9905715,5.475617,0.0,6.09624,7.0528045,10.670419,10.375552,11.149564,11.889526,15.239415,15.8716345,20.534927,23.684973,26.425482,29.191511,31.55658,32.002884,31.277964,25.682089,27.795557,21.911642,24.38504,21.753351,22.95319,22.193726,25.174788,27.631355,30.592203,30.179014,31.436586,28.016565,27.229084,28.004158,24.91443,27.103842,24.892975,28.094694,25.854755,32.99763,31.953375,27.97436,31.417599,28.60728,31.41775,30.832909,28.648075,27.926609,31.817108,26.624567,24.04318,27.12589,23.609962,22.914648,22.48343,20.797684,22.271824,20.381737,25.23945,21.605862,24.018686,26.721794,24.799585,21.417093,20.208517,17.432663,17.436768,16.338713,16.605291,17.615858,18.691147,20.39421,22.44295,16.784267,17.096565,19.275848,17.745388,17.5533,15.295399,19.140139,16.73083,22.488234,22.301472,26.179914,29.764597,31.018616,29.474808,34.82586,32.279823,31.325642,31.702604,29.657906,28.572298,24.938065,22.815996,22.09057,16.603958,17.54933,12.925162,12.139447,12.438381,8.4708805,9.1155,7.073359,11.976445,11.7457,16.338629,17.598326
11,32.45968,31.017467,27.107899,24.8791,22.083267,19.025038,16.96942,13.316721,10.275326,6.377249,6.09624,0.0,4.8516083,9.439362,7.696497,11.140563,10.83144,15.486924,15.533692,20.52219,23.833477,26.026596,29.520575,31.074371,30.849277,30.843842,25.386246,28.411892,22.443874,26.596756,23.46894,26.224442,24.652056,28.855341,30.42618,33.694744,33.808838,34.535927,31.26017,29.71138,30.363161,26.55289,28.093287,25.145092,27.88228,24.984758,31.820278,30.002747,25.76139,29.48513,27.34816,30.763319,30.933548,28.248966,28.387028,32.186245,27.415548,24.153215,26.298388,22.310629,20.644548,21.253471,18.31217,20.015902,17.014706,22.596607,18.260344,21.199812,24.237844,22.92052,19.525644,19.182869,15.286988,16.561028,13.986585,16.194244,15.742474,18.81713,20.485392,23.38169,18.310368,18.895657,22.216112,20.65187,21.077038,17.939253,22.655334,19.012972,24.64936,23.864584,27.79504,30.9643,32.978695,31.66634,36.669815,35.140068,34.31446,35.32451,33.448032,32.771873,29.264345,26.717615,26.21441,20.727945,22.352058,16.988537,16.63313,16.508932,12.139482,13.072616,8.075202,14.071842,12.631034,17.048086,18.077997
12,33.85142,32.643875,29.01056,26.387236,24.112597,21.179647,18.328892,16.144318,11.850907,9.3660345,7.0528045,4.8516083,0.0,4.623043,5.043674,8.777078,10.452344,14.39982,16.40513,20.08223,24.040426,26.01768,29.083382,30.610382,30.188179,29.602686,24.151323,26.665777,20.4216,24.064758,20.260864,23.184786,20.727943,25.274591,26.296074,29.507492,30.03458,30.646482,27.950943,25.977058,27.151802,23.027979,25.296608,22.49368,25.624798,23.120323,30.43848,28.98494,24.629463,27.6372,24.829752,28.375717,28.099821,24.798079,24.737738,28.165709,23.250473,20.161774,21.97262,18.11938,17.105827,18.09603,16.086216,18.543722,16.377893,22.605936,19.212223,22.537407,24.932358,23.895306,20.438334,18.877,14.751701,14.681362,11.814686,12.804047,11.694139,14.342737,15.714261,18.769331,13.978183,14.282807,17.99244,16.774698,17.867699,14.917585,20.209625,17.18829,23.273697,23.145737,27.093748,30.349382,32.454273,30.322393,35.15937,33.938652,32.53356,34.026314,32.573,31.102179,28.562992,26.274858,24.777308,20.068098,20.715742,15.329784,14.085686,13.265751,9.139072,10.954833,6.69598,13.2010565,13.351109,17.453346,19.651064
13,35.99467,34.91706,31.636944,28.64974,26.820875,24.14267,20.741394,19.730406,14.994287,13.40323,10.670419,9.439362,4.623043,0.0,5.6131945,8.60089,11.822603,14.6937895,18.250101,20.532038,24.937729,26.570732,29.22005,30.576502,29.885452,28.820795,23.570482,25.587837,19.292086,22.47056,17.968815,21.241896,17.694105,22.74935,22.952015,26.121313,27.186146,27.551388,25.564598,23.020954,24.735504,20.240997,23.173733,20.518944,23.912157,21.835566,29.393986,28.255463,23.8885,26.077791,22.70368,26.381159,25.726154,21.71666,21.557371,24.473103,19.533445,16.614239,17.806278,14.122992,13.884327,15.480664,14.566176,17.734781,16.468086,23.039898,20.611986,24.177876,25.938835,25.263021,21.897697,19.40067,15.243075,13.9309435,10.853921,10.417661,8.098785,10.315011,11.215362,14.606143,10.520904,10.540523,14.846958,14.084094,16.042004,13.374757,19.098078,16.74584,22.927137,23.377552,27.201912,30.392797,32.638218,29.778837,34.29217,33.552677,31.61335,33.656944,32.67515,30.518673,29.013456,26.976728,24.602077,20.860184,20.635681,15.491131,13.530514,11.953991,8.769981,11.210164,8.427003,14.095982,15.475868,18.942705,21.979362
14,32.955956,31.320438,28.349783,24.915321,22.852726,20.641663,17.066309,16.314615,12.467903,10.58797,10.375552,7.696497,5.043674,5.6131945,0.0,5.5056305,6.8920937,10.72634,13.322733,16.13532,20.337198,21.88225,25.052906,26.174671,25.460615,25.003447,19.686523,22.551813,16.406271,21.171444,17.386269,21.550484,19.195547,24.596445,25.226236,28.919802,29.361904,29.363329,26.270891,23.963285,24.557133,20.184198,21.555965,18.344086,21.133461,18.373438,25.569565,24.007555,19.620325,22.638561,20.061388,23.72149,23.8585,20.724749,21.178286,24.892273,20.479815,16.877424,18.994797,14.9513,13.122683,13.64313,11.117491,13.5183,11.552611,17.905354,15.092472,18.604454,20.559128,19.84527,16.462685,14.551506,10.095797,10.09985,6.8004217,8.935764,8.495669,12.154946,14.466103,17.224318,12.749957,14.805969,18.304329,16.140675,17.087685,13.277112,18.739866,14.675022,20.333515,19.932863,23.78474,26.721302,29.306742,27.190023,31.673254,31.268127,29.956352,32.010525,30.82109,29.739876,27.512438,24.942593,23.551651,19.212091,20.549593,14.774882,14.708431,14.333388,10.418874,11.2322,5.8631244,11.2041855,11.313809,14.565188,17.306103
15,28.853188,27.425024,24.855936,21.128794,19.727516,17.844522,13.681009,14.899845,10.746391,10.993433,11.149564,11.140563,8.777078,8.60089,5.5056305,0.0,4.6816998,6.1260276,10.502563,12.080921,16.46331,18.295172,20.798477,22.526556,22.389698,21.224892,15.718662,17.911058,11.6789255,15.899037,12.631745,16.613382,15.337349,20.489626,21.71384,25.658556,25.427864,25.345682,21.518814,19.678877,19.70931,15.81489,16.958632,14.149287,17.263308,15.034955,22.52793,21.804972,17.81538,20.601488,17.475342,20.384748,20.015928,17.852005,17.687532,21.97837,17.4899,14.188979,18.057713,14.593648,13.428394,11.58433,10.544615,12.022439,11.889361,16.721369,15.180592,17.986128,19.255468,18.030584,14.756718,11.48143,8.613497,6.6259937,6.5541015,6.0119853,9.556839,10.72816,14.050941,15.368392,10.262276,13.916616,15.988852,12.676917,12.7270355,8.461059,13.553783,9.172324,14.935318,14.896386,18.757547,21.922985,24.23867,21.856579,26.495155,25.829426,24.473282,26.527136,25.438276,24.373337,22.368086,19.837698,18.274057,14.356226,15.8829975,10.116088,11.19254,11.692503,8.429166,7.7519975,4.174316,6.3715563,8.196064,10.694652,14.402674
16,27.034462,25.02587,22.589283,18.61567,16.738544,15.268813,11.2339325,12.270225,9.66051,9.465685,11.889526,10.83144,10.452344,11.822603,6.8920937,4.6816998,0.0,5.0507183,6.5092754,9.841688,13.675211,15.599729,18.894442,20.414751,20.351746,20.071823,14.586906,17.830105,12.220774,17.77604,15.572541,19.702007,19.397488,24.329048,25.867468,29.919928,29.337545,29.149424,24.707415,23.21364,22.430483,18.928192,18.625843,15.461644,17.663942,14.694851,21.394146,20.09402,16.19824,20.00921,18.012083,20.783562,21.293146,20.014536,20.422985,25.044643,21.12146,17.55532,21.44041,17.822512,15.588925,13.449119,10.717748,10.872797,9.648666,13.633133,11.251052,13.7682905,15.561747,14.062286,10.64817,8.622364,5.711886,6.6633434,6.9468446,9.341508,12.679286,15.000573,18.410929,19.780943,14.877853,18.55789,20.560429,17.024353,16.458582,12.077579,16.151632,10.587064,15.158205,13.893022,17.726784,20.58692,23.150782,21.864601,26.477892,25.93873,25.374252,27.148691,25.706581,25.815804,22.847042,19.830193,19.590014,14.932376,17.978119,12.243531,14.551112,15.6435375,12.040131,10.678754,5.678244,6.5446615,5.307668,7.772818,10.686777
17,24.922155,23.041748,21.40045,16.8909,16.0223,15.330789,10.719284,14.273845,11.793516,13.25037,15.239415,15.486924,14.39982,14.6937895,10.72634,6.1260276,5.0507183,0.0,6.3472342,6.027458,10.413066,12.349239,14.773312,16.768816,17.163668,16.043192,10.444915,13.025754,7.50813,13.103233,11.756376,16.047508,16.748085,21.49128,23.185095,27.412926,26.364492,25.855259,20.874283,19.676382,18.152508,15.194276,14.109667,11.301986,13.537776,11.181372,18.003428,17.651007,14.324479,17.560865,15.1175375,17.051207,17.192617,16.983229,17.026709,21.99952,18.458292,15.264703,20.266304,17.335972,15.6446495,11.710497,10.647007,9.853795,10.986925,13.058399,12.800849,14.482967,15.027834,13.338437,10.475787,6.290728,6.40533,4.526401,8.312131,8.396794,13.792503,14.472186,18.353264,18.556772,14.028343,18.732714,19.635065,15.381629,14.137896,9.7423725,12.690415,6.5248504,10.304773,9.274321,13.082994,16.043438,18.61661,16.919714,21.47746,21.161186,20.523005,22.649084,21.533321,21.732466,19.372402,16.390287,15.933439,12.360203,15.595497,10.504941,13.85798,15.458592,12.998099,10.7890835,8.570425,5.0231323,6.2081323,5.7199364,10.197135
18,22.237236,19.59947,17.883808,13.346959,11.533558,11.436015,7.5764513,10.640816,10.779048,11.851299,15.8716345,15.533692,16.40513,18.250101,13.322733,10.502563,6.5092754,6.3472342,0.0,6.5768595,8.468978,11.024012,14.637441,16.546106,17.362331,17.682682,12.668806,16.268345,12.407991,18.079533,17.807167,21.363792,22.846287,27.001635,29.237164,33.3781,31.984804,31.6893,26.273691,25.635511,23.644098,21.260569,19.30168,16.530737,17.637896,14.683931,19.751604,18.615612,15.736144,20.201752,19.27915,20.933949,21.969511,22.526356,22.973768,28.01726,24.754059,21.452131,26.12828,22.905695,20.435333,17.029331,14.32252,12.447858,11.78938,12.0106735,10.186526,10.63026,12.317271,9.64104,6.7131405,6.2516484,7.4527698,9.575793,11.988215,14.2352085,18.620466,20.387869,24.114971,24.738417,19.917479,24.11214,25.209753,21.089308,19.44854,15.333257,17.423782,11.351491,13.354392,10.633248,13.992519,16.457031,18.89529,19.143211,23.685808,22.95836,23.50796,24.72334,22.904057,24.622332,20.675287,17.22413,18.745632,14.014063,18.751486,13.9932,17.88858,19.880148,16.773306,14.341594,10.936155,8.0000105,4.5582986,3.1076043,4.6393332
19,23.159252,20.631464,20.31873,15.096054,14.8821125,15.8011875,11.594989,16.534296,15.817798,17.550165,20.534927,20.52219,20.08223,20.532038,16.13532,12.080921,9.841688,6.027458,6.5768595,0.0,4.744097,6.3593187,9.053719,11.0451355,12.037165,11.382468,6.26866,9.803072,7.1710873,13.541243,14.171999,18.463715,20.389605,24.731289,26.47853,30.799839,29.263596,28.297806,22.695023,21.947586,19.12966,17.187529,13.766913,11.222768,11.5915785,9.1708975,13.947543,13.883016,11.759001,15.348642,14.2766905,14.984036,16.06424,17.832767,18.356785,23.492039,21.165821,18.18169,23.417774,20.96646,18.8129,13.987753,12.799865,9.983769,12.036389,10.383447,11.979705,12.041496,11.363402,9.363388,7.787578,3.4618905,8.081352,7.830187,12.250187,13.052838,18.513323,19.24769,23.26402,22.92003,19.135387,24.236517,24.631311,20.07598,18.30302,14.357939,15.472468,9.466214,9.106793,6.2350216,9.090886,11.113474,14.38346,13.973192,17.878386,18.494434,18.861507,21.127241,20.126194,21.831373,19.35016,16.113714,16.979221,14.352504,18.617502,14.698162,18.883196,20.864153,18.794516,16.208452,14.315138,9.713813,9.447719,5.5704246,9.021806
20,20.697903,17.664745,18.32873,12.922843,13.206777,15.331184,12.03857,17.447397,18.066275,20.067953,23.684973,23.833477,24.040426,24.937729,20.337198,16.46331,13.675211,10.413066,8.468978,4.744097,0.0,3.6190357,6.44592,8.971018,11.160612,11.299798,8.011979,11.079847,10.899257,16.086407,17.93024,21.428442,24.279144,27.958977,30.111109,34.350018,32.35731,31.39659,25.379795,25.251562,21.824707,20.766949,16.585968,14.6908865,14.085993,12.109696,14.42967,14.554215,13.697113,17.406084,17.362854,17.144295,18.599031,21.478163,22.010904,27.108997,25.229046,22.504683,27.842821,25.555902,23.28077,18.372416,17.0123,13.647929,15.359986,11.64037,13.529202,12.055966,10.979977,8.317156,8.296283,6.8189106,11.870988,12.526303,16.705496,17.791435,23.211802,23.93307,27.956652,27.418562,23.62724,28.710314,28.77808,24.124191,21.901257,18.32537,18.36595,12.886015,10.540009,6.689012,7.843817,8.797255,11.967182,13.484107,16.936771,17.477615,18.96389,20.623957,19.370777,22.43737,19.328362,15.993362,18.232185,15.8561945,20.829262,17.709362,22.357403,24.682987,22.690844,19.802582,18.125265,13.101893,11.989717,7.4020333,8.558149
21,23.666012,20.495386,21.631744,16.244879,16.57521,18.843761,15.566468,20.690449,21.204592,22.839495,26.425482,26.026596,26.01768,26.570732,21.88225,18.295172,15.599729,12.349239,11.024012,6.3593187,3.6190357,0.0,4.861266,5.6872573,7.6372924,8.553712,6.6226006,10.262728,11.349862,17.107534,18.887259,23.054464,25.541517,29.610428,31.226229,35.543407,33.753838,32.401176,26.59406,26.103853,22.480656,21.327087,16.374718,14.331884,12.715081,10.673144,11.33918,11.412299,11.36012,14.875083,15.703307,15.159994,17.337616,20.607431,21.66699,26.570665,25.395662,22.606897,27.611198,25.532839,22.997883,18.055656,16.681974,12.853093,15.067002,10.041466,13.347141,11.61384,9.321221,7.602126,8.653776,7.406591,12.507436,13.283998,17.306505,18.682657,23.822067,24.804682,28.818108,28.23707,25.043816,30.314825,30.529795,25.893858,23.960104,20.315304,20.541082,15.13585,12.405136,8.954744,9.174532,8.740556,12.736908,14.226906,16.586872,18.536549,19.989143,22.271206,21.490076,24.522022,22.117165,18.952951,20.829998,19.048172,23.693705,20.534128,24.978085,27.084435,25.137644,22.458006,20.47681,15.856823,14.8864765,10.5006,11.728039
22,23.030077,20.314003,22.248728,17.033634,18.385534,20.88125,17.707735,23.601215,23.803146,26.07566,29.191511,29.520575,29.083382,29.22005,25.052906,20.798477,18.894442,14.773312,14.637441,9.053719,6.44592,4.861266,0.0,4.5581427,8.156413,7.0183287,7.151684,8.073904,11.596356,15.40307,18.391272,21.798588,25.094328,28.453207,30.174068,34.340755,32.153744,30.60654,24.62907,24.650898,20.431025,20.350325,14.823346,13.986261,11.990198,11.593785,11.079645,12.944587,13.905054,15.943558,16.27428,14.3609295,15.892075,20.405014,20.949884,25.675722,25.028038,22.94214,28.373055,26.93921,25.06387,19.543018,19.485046,15.8983555,19.01154,14.28242,18.068163,16.4551,13.864498,12.412268,13.433693,11.171423,16.289406,15.76774,20.366884,20.495506,26.133259,26.062525,30.049465,28.730385,25.985249,31.427864,30.888605,26.159624,23.896132,20.904598,19.903784,15.593294,11.048346,8.360297,6.5242457,4.4312096,8.804876,10.483249,11.987867,14.617874,16.361107,18.875101,18.61266,21.91685,20.377493,17.665905,19.420692,19.113565,23.346008,21.260567,25.806211,28.05546,26.827194,23.960855,23.156517,17.740019,17.798029,13.233828,14.872019
23,27.132591,24.104015,26.070408,20.790825,21.685596,24.202848,20.961678,26.326899,26.586905,28.270857,31.55658,31.074371,30.610382,30.576502,26.174671,22.526556,20.414751,16.768816,16.546106,11.0451355,8.971018,5.6872573,4.5581427,0.0,4.020485,5.051304,7.5779634,9.647738,13.366241,18.273531,20.55823,24.886822,27.381105,31.399029,32.454704,36.714844,34.94954,33.05628,27.503004,26.901373,22.818981,22.199139,16.24178,14.857917,11.820163,10.983504,7.839753,9.352521,11.456421,13.259193,14.999005,13.07331,15.797731,20.225222,21.59938,26.003971,26.044027,23.67761,28.420448,27.032711,24.675253,19.515537,19.018867,15.09255,18.261566,12.498921,17.261118,15.493081,12.029608,11.714623,13.472747,11.93042,16.64131,16.710028,20.740828,21.61297,26.619595,27.22852,31.142683,30.084679,27.85272,33.347225,33.27754,28.666761,26.87041,23.581434,23.316565,18.68166,14.8479,12.288884,10.948455,8.585466,12.909425,14.286278,14.59943,18.534258,20.015385,23.014675,23.022188,26.078503,24.871466,22.143736,23.59803,23.122042,27.22834,24.632175,28.913614,30.87401,29.390203,26.81576,25.23828,20.549507,20.242447,15.880136,17.371294
24,30.674742,27.566149,29.140148,23.774166,24.203497,26.394041,22.879904,27.717165,27.673162,28.818148,32.002884,30.849277,30.188179,29.885452,25.460615,22.389698,20.351746,17.163668,17.362331,12.037165,11.160612,7.6372924,8.156413,4.020485,0.0,4.805865,7.742407,10.735071,13.720819,19.576113,20.94412,26.117254,27.689596,32.382275,32.810284,37.143402,35.876324,33.763443,28.693926,27.421776,23.71726,22.373056,16.473328,14.450594,10.967691,9.5238085,4.89495,5.43277,8.297417,9.880928,12.702861,11.319693,14.952822,18.716969,20.79905,24.913708,25.31992,22.65111,26.68455,25.281294,22.56074,17.876638,17.055294,13.091931,16.356985,10.440452,15.917767,14.599536,10.670027,11.537092,13.28698,11.872392,15.75647,16.09048,19.47222,20.865154,25.184608,26.370209,30.148024,29.400885,27.618343,33.05643,33.47384,29.05532,27.77228,24.227106,24.78677,19.901669,17.018526,14.692354,14.07023,12.201933,16.650494,17.213634,17.366018,21.798727,22.722252,26.181957,26.344482,28.813177,27.897152,25.118498,26.034893,25.315998,29.147041,26.001097,29.896255,31.512394,29.832918,27.615582,25.438837,21.550219,21.176485,17.24336,19.016943
25,29.754705,27.19728,28.729208,23.41553,24.331259,26.246258,22.422028,27.81474,27.06904,28.729376,31.277964,30.843842,29.602686,28.820795,25.003447,21.224892,20.071823,16.043192,17.682682,11.382468,11.299798,8.553712,7.0183287,5.051304,4.805865,0.0,5.600111,6.4328012,10.807539,15.487112,17.318195,22.186455,24.033539,28.382715,28.760582,33.005604,31.594952,29.356714,24.319597,23.180527,19.250927,18.3903,12.182597,10.941982,7.2782464,7.545491,4.4809346,7.8830643,9.777497,9.823145,10.719801,8.126104,10.893912,15.576103,17.07172,21.210878,21.765238,19.64391,24.223164,23.330782,21.420177,16.06551,16.740849,13.318287,17.519989,13.124396,18.306993,17.627338,14.176796,14.390492,15.28774,12.18941,16.187407,15.005806,19.058271,19.049463,23.935116,24.018135,27.772701,26.402712,24.960268,30.513388,30.35953,25.922878,24.537676,21.457344,21.412695,17.324444,13.867022,12.465209,11.503682,9.840725,14.173271,13.456301,13.392443,18.214933,18.580276,22.525599,23.138443,25.016943,24.991869,22.569086,22.779316,23.012852,26.217413,23.64953,27.41032,29.014376,27.94491,25.682568,24.51356,20.098417,20.77943,16.838655,19.495718
26,27.191772,24.761486,25.359129,20.040794,20.496351,21.797974,17.638243,22.775303,21.6402,23.262644,25.682089,25.386246,24.151323,23.570482,19.686523,15.718662,14.586906,10.444915,12.668806,6.26866,8.011979,6.6226006,7.151684,7.5779634,7.742407,5.600111,0.0,5.224257,6.042856,12.509321,13.530888,18.711647,20.310143,24.986696,25.76116,30.139343,28.81527,27.055136,21.82187,20.575132,17.19052,15.481107,10.288136,7.900397,6.213689,4.608251,8.196774,9.505657,8.645418,10.506582,9.693775,9.172096,10.939204,14.031741,15.138422,19.972466,19.102896,16.452118,21.499214,19.92072,17.955172,12.449247,12.722443,9.484232,13.525235,10.660644,14.75696,14.788217,12.352291,11.843276,11.550882,7.2539425,11.240588,9.719229,14.17066,14.158535,19.442963,19.670778,23.60492,22.615551,20.322477,25.820267,25.938444,21.42594,20.038414,16.524063,17.186344,12.30882,10.203355,8.582781,9.415763,9.791246,13.970615,12.64747,14.823106,17.746315,17.703354,21.258623,21.296247,22.674212,21.92468,19.198788,19.19294,18.454817,21.76838,18.54734,22.286137,23.901985,22.531998,20.272415,18.921753,14.614454,15.399076,11.783834,15.086757
27,27.043633,25.260069,26.233997,21.198263,22.447243,23.722603,19.624336,25.373999,23.766132,26.056513,27.795557,28.411892,26.665777,25.587837,22.551813,17.911058,17.830105,13.025754,16.268345,9.803072,11.079847,10.262728,8.073904,9.647738,10.735071,6.4328012,5.224257,0.0,6.3154745,9.08193,11.614971,15.837136,18.293877,22.125143,22.946096,27.14612,25.422098,23.419945,18.050201,17.2918,13.205386,12.820472,6.83301,6.785479,5.343319,7.3344584,9.932674,12.997627,12.943117,12.951271,10.852727,8.535042,8.3615,13.068992,13.082708,17.726381,17.33697,15.796401,21.425194,20.740309,19.899317,13.967617,16.075516,13.66394,18.102741,15.85247,19.862968,19.904163,17.455214,16.729246,16.432058,11.819852,15.5395155,12.670248,17.429781,15.64835,21.364235,20.047752,23.816286,21.845016,20.16915,25.729301,24.870844,20.344902,18.641129,16.101122,15.300985,12.154834,8.384859,8.569964,8.102984,8.386004,11.79399,8.816488,10.420101,13.9300585,13.273659,17.506489,18.284954,19.147287,19.770618,17.69142,16.919256,17.94433,20.392849,18.43745,22.050177,23.734112,23.327507,20.959827,21.136879,16.140709,18.113142,14.556456,18.172653
28,26.942554,25.279842,24.956459,20.075115,20.487474,20.744446,16.203463,21.123358,18.671364,20.620966,21.911642,22.443874,20.4216,19.292086,16.406271,11.6789255,12.220774,7.50813,12.407991,7.1710873,10.899257,11.349862,11.596356,13.366241,13.720819,10.807539,6.042856,6.3154745,0.0,7.89803,7.7227807,13.204616,14.415417,19.262167,20.14906,24.547867,23.34425,21.881021,16.793589,15.331791,12.6583395,10.254878,6.942728,4.4692044,6.723531,6.368296,13.107156,14.469306,12.31384,13.48993,10.127408,10.597684,10.030156,11.4972725,11.339843,16.51694,14.336358,11.873059,17.714544,16.164589,15.293053,9.54109,11.459315,10.0631895,14.0043745,14.194546,16.767166,17.889898,16.570738,15.633875,14.05717,8.660469,10.862294,6.9298615,11.79963,9.5893955,15.628907,14.554092,18.511374,17.196304,14.598568,20.136265,19.939003,15.397824,14.104492,10.689736,11.757507,7.3264837,7.408866,7.8775477,10.173079,12.380562,15.386122,12.210579,15.673545,17.096333,15.803248,19.394367,19.470047,19.281376,19.101593,16.713581,15.226417,14.705756,16.888783,13.606019,16.801065,18.227165,17.37355,15.278354,15.092736,10.822864,13.312874,10.932092,15.386193
29,26.246798,25.796547,25.63974,21.605833,23.020998,23.01302,18.947674,24.338346,21.302057,24.28169,24.38504,26.596756,24.064758,22.47056,21.171444,15.899037,17.77604,13.103233,18.079533,13.541243,16.086407,17.107534,15.40307,18.273531,19.576113,15.487112,12.509321,9.08193,7.89803,0.0,5.4600644,6.812111,10.679815,13.2235985,15.004361,19.027954,16.799032,15.435236,9.499128,9.61653,5.9239335,6.7894526,6.041347,8.339885,11.152546,13.244976,18.508156,21.12278,19.73227,19.686043,15.508019,14.495484,11.42633,13.629061,11.03617,15.433451,13.061456,12.997009,19.425869,19.154858,20.123955,14.727727,18.310766,17.738918,21.593824,21.999327,24.38388,25.305532,24.037659,22.674334,21.187061,15.977726,18.157112,13.722108,18.115768,13.80114,19.754278,16.120708,19.427269,16.512135,14.580591,19.639837,17.418318,12.99413,10.748092,10.003377,7.369886,8.124892,6.5741243,10.153722,11.134735,13.752071,14.706787,9.449365,13.083419,12.927014,9.948007,13.858047,14.816978,12.739761,14.92362,13.911369,10.436411,13.161929,13.191975,12.741094,15.383313,16.983786,18.03565,15.833367,18.561548,13.661836,17.600033,15.6694765,19.956474
30,29.721806,29.107737,28.162516,24.118914,24.754112,24.054405,19.671928,23.992403,20.116943,22.366926,21.753351,23.46894,20.260864,17.968815,17.386269,12.631745,15.572541,11.756376,17.807167,14.171999,17.93024,18.887259,18.391272,20.55823,20.94412,17.318195,13.530888,11.614971,7.7227807,5.4600644,0.0,6.917555,6.8249555,11.93747,12.449003,16.847158,15.908015,14.570394,10.265556,8.070287,7.2119355,3.6329672,6.701414,7.1931763,11.308077,12.626375,19.330034,21.162798,18.830631,18.706835,13.810357,14.366046,11.341977,10.740945,8.057193,12.522539,8.745836,8.114704,14.530311,14.039202,15.499814,10.810306,14.959603,15.574087,19.143461,21.238466,23.071629,24.85499,23.9836,23.020689,20.979038,15.631453,16.21024,11.211478,14.580125,9.357851,14.777224,10.7021,13.991973,11.28443,9.523582,14.796337,13.348391,9.041785,8.295558,6.8687263,7.6639934,7.870895,10.121537,12.957155,15.0674925,17.812809,19.484146,14.627122,18.100882,18.346397,15.329059,18.987196,19.62884,16.871178,18.605976,17.375767,13.447864,14.586091,13.83678,11.847074,13.114422,13.815922,14.7472315,13.411734,15.73542,12.555605,16.795124,16.022888,20.696213
31,27.953846,28.372004,27.282791,24.22354,25.452381,24.448006,20.759426,25.162333,21.175615,24.293982,22.95319,26.224442,23.184786,21.241896,21.550484,16.613382,19.702007,16.047508,21.363792,18.463715,21.428442,23.054464,21.798588,24.886822,26.117254,22.186455,18.711647,15.837136,13.204616,6.812111,6.917555,0.0,6.5781975,6.6925592,9.995187,13.577263,10.998781,10.855708,5.2988863,6.5713754,6.5005527,7.5389886,11.511177,13.504263,17.142002,18.887657,24.950836,27.235197,25.229944,25.23417,20.464577,20.244333,16.651396,16.903822,13.37761,16.577465,12.752012,13.853248,19.711708,19.681034,21.815153,17.61868,21.499044,22.035675,25.216179,27.102413,28.496815,29.943396,29.350777,27.795755,25.741037,20.655977,21.665512,16.991215,20.356207,15.027912,20.077724,15.055136,17.427084,14.07029,12.078411,15.836569,12.276674,8.557816,6.04093,8.38712,4.7497716,10.01529,11.442448,15.181293,16.759748,19.882627,19.991346,14.858243,18.675095,16.744083,13.095918,15.56191,16.311666,11.771241,14.827125,14.875234,9.536987,12.846137,9.856597,11.04886,11.703299,12.837686,15.4032345,13.841435,18.434944,14.751669,19.43517,18.975756,23.194944
32,33.415417,33.48107,31.898169,28.607132,29.130398,27.667166,23.638407,26.98086,22.260458,24.370323,22.193726,24.652056,20.727943,17.694105,19.195547,15.337349,19.397488,16.748085,22.846287,20.389605,24.279144,25.541517,25.094328,27.381105,27.689596,24.033539,20.310143,18.293877,14.415417,10.679815,6.8249555,6.5781975,0.0,6.884255,6.4920435,10.735321,10.730064,10.17143,8.534326,5.6059494,8.97905,6.3400846,12.573102,13.5279,17.636286,18.995607,25.784899,27.509626,24.880894,24.436821,19.188108,20.131464,16.572517,14.346472,10.888302,13.078683,8.012936,9.5048065,14.258912,14.532733,17.608133,14.813563,19.23172,20.943188,23.881361,27.211317,28.340471,30.587198,30.157644,29.173706,26.779482,21.63688,21.20641,16.280497,18.235094,12.331377,15.752873,9.845265,11.393117,7.6413155,7.2728724,10.627436,7.6321816,4.916151,6.257246,8.155177,9.157117,12.422232,15.780329,18.973225,21.161943,24.141794,25.172861,20.013975,23.401236,22.713823,19.020525,22.033167,22.783972,18.310392,20.95629,20.588337,15.507158,17.10441,13.963155,13.175656,11.842209,11.274644,13.9114065,13.806514,17.607533,16.100075,20.74149,21.156126,25.693306
33,32.921185,33.867416,32.320393,29.880657,30.95422,29.391245,26.004414,29.503489,24.92608,27.751211,25.174788,28.855341,25.274591,22.74935,24.596445,20.489626,24.329048,21.49128,27.001635,24.731289,27.958977,29.610428,28.453207,31.399029,32.382275,28.382715,24.986696,22.125143,19.262167,13.2235985,11.93747,6.6925592,6.884255,0.0,5.6795263,7.7577863,5.2210264,6.9006443,6.0973525,7.1194797,10.439564,11.25062,16.842232,18.86849,22.685177,24.526712,30.775604,33.004402,30.761084,30.342209,25.192513,25.314436,21.325592,20.319448,16.427418,17.912107,13.85625,16.194294,20.63635,21.284384,24.481894,21.504835,25.773684,27.114965,30.023624,32.84698,33.891235,35.757294,35.38648,33.956593,31.659782,26.610842,26.818138,22.04979,24.441399,18.683954,22.26023,16.339966,17.228607,13.49301,12.986771,14.5330925,9.64268,8.680594,8.138866,12.254448,10.184822,15.841733,18.10119,21.793375,23.420502,26.502617,26.370264,21.140074,24.458288,22.312864,18.313768,20.224607,21.164991,15.389936,19.247398,20.061321,14.382929,17.623817,12.86423,14.925187,13.252622,13.121452,16.973108,16.577347,21.852812,19.666897,24.45403,24.822224,28.980898
34,37.730446,38.290768,36.883984,33.94517,34.810463,33.341854,29.54638,32.920383,28.11813,30.339355,27.631355,30.42618,26.296074,22.952015,25.226236,21.71384,25.867468,23.185095,29.237164,26.47853,30.111109,31.226229,30.174068,32.454704,32.810284,28.760582,25.76116,22.946096,20.14906,15.004361,12.449003,9.995187,6.4920435,5.6795263,0.0,4.443695,5.8044386,5.050614,8.216888,5.9427924,10.859619,10.447729,16.640991,18.559708,22.263748,24.331707,30.43204,32.62776,30.37233,29.155098,23.788752,24.169853,20.019674,17.899395,14.033978,14.030656,10.448263,13.772309,16.947212,18.527485,22.398188,20.156929,25.056091,26.87988,30.046879,33.270443,34.70378,36.92596,36.271492,35.372974,33.117577,27.883526,27.598558,22.61634,24.413284,18.493591,20.996984,14.773952,14.853799,10.545828,12.622164,13.850702,9.7418585,9.923455,11.2726965,14.38095,13.965891,18.451681,20.851961,24.41804,26.027834,28.73522,29.263687,23.703125,26.268002,25.534458,21.294947,24.206753,25.57347,20.061285,24.225792,24.692282,19.128904,22.02625,17.835157,18.619669,16.627186,15.667892,19.165052,19.419123,23.751057,22.346369,27.064035,27.39674,31.879602
