,0,1,2,3,4,5,6,7,8,9,10,11,12,13,14,15,16,17,18,19,20,21,22,23,24,25,26,27,28,29,30,31,32,33,34,35,36,37,38,39,40,41,42,43,44,45,46,47,48,49,50,51,52,53,54,55,56,57,58,59,60,61,62,63,64,65,66,67,68,69,70,71,72,73,74,75,76,77,78,79,80,81,82,83,84,85,86,87,88,89,90,91,92,93,94,95,96,97,98,99,100,101,102,103,104,105,106,107,108
0,0.0,4.3086896,6.2019773,9.5448675,12.111239,14.370115,17.475342,21.793808,24.588543,27.234644,31.47015,28.922398,27.373507,26.234556,21.448324,21.324402,16.114256,16.904633,13.691748,14.339247,14.018076,9.858975,14.122997,16.003687,15.663756,14.557883,19.436607,21.843603,19.281258,23.539211,22.58995,27.566986,31.33963,34.030895,36.683914,37.974426,41.513577,40.63042,38.311356,35.136265,35.460842,31.674953,29.094898,27.455725,25.103758,23.390268,19.189966,19.173407,17.568478,16.022192,15.764045,12.482342,14.102013,14.48902,18.633093,22.39952,23.158371,23.46161,28.32063,27.93773,24.712442,30.230082,30.214197,31.28399,34.94234,33.63589,37.420944,35.95725,40.761745,37.695423,33.69882,36.170235,33.33888,39.026543,34.193058,35.921913,36.789413,34.582508,35.04383,37.184223,33.9425,30.960152,30.805223,27.546421,27.124647,22.997984,24.478363,19.455551,21.656454,21.77002,23.017145,25.100483,27.230276,30.932743,31.365053,31.683233,29.998318,27.529013,24.714684,25.096077,20.840406,20.639807,22.165997,23.28853,28.838991,29.58224,32.82933,35.312443,38.462997
1,4.3086896,0.0,5.2942724,6.6776757,8.840306,12.296112,14.311011,19.461632,21.574398,24.43093,28.391262,26.213747,25.149519,23.795776,19.295916,18.44162,13.470349,13.348917,10.417414,10.177146,10.126684,6.571859,10.820701,11.924172,12.249313,10.482189,15.881569,17.930206,15.173408,19.312927,18.623661,23.413544,27.660656,30.227606,32.992786,34.425312,37.789326,36.81529,34.354782,31.070251,31.532574,27.526033,25.14799,23.3797,21.28167,19.592443,15.502513,15.844641,14.575375,13.674369,13.388451,11.077444,13.004252,13.441764,16.62347,20.270449,20.273254,20.875208,25.85805,25.146317,21.64701,26.871195,26.613874,27.428257,31.134686,29.526197,33.258938,31.699203,36.510925,33.450596,29.41002,31.871683,29.052965,34.804176,30.092543,31.92395,32.954884,30.876183,31.573944,33.806007,30.794039,27.603909,27.376305,23.95094,23.207983,19.200928,20.297127,15.185621,17.384445,17.698013,19.213266,21.317144,23.102516,27.014208,27.330317,27.493662,25.942982,23.322783,20.720003,21.190248,17.219862,17.720354,19.064657,19.789608,25.60762,25.830683,29.307161,31.52786,34.808067
2,6.2019773,5.2942724,0.0,5.0987306,6.9117055,8.421815,11.809514,15.64565,18.748161,21.187216,25.602877,23.095646,21.400152,20.594738,15.703338,16.058146,11.289023,12.42496,10.9612055,11.911216,13.4326315,10.926681,15.459635,15.4028845,16.0545,13.040957,18.025194,19.508682,15.4730015,19.924093,17.977262,23.517042,26.094725,29.297808,31.457813,32.712284,36.377773,35.498875,33.583233,30.765612,30.541903,27.46152,24.357906,23.620338,20.456488,19.851673,15.781131,16.580978,16.04323,14.129673,12.646129,9.829503,10.123821,9.127319,13.098536,16.675196,17.844707,18.636703,23.267416,23.548996,20.352709,26.219316,25.669535,27.272966,30.28903,29.74438,33.49361,32.254166,37.156116,34.66149,30.80705,33.52942,30.280704,35.993713,30.632559,32.883858,33.231903,30.697468,31.110136,32.856438,29.603031,26.874119,25.9369,22.953636,23.182854,18.71368,21.298302,17.002089,19.648153,20.82907,22.26743,24.99985,25.75621,29.966335,30.418161,30.087889,29.05571,25.703072,24.03046,23.918718,20.482794,21.6348,21.868935,22.238554,28.168705,27.657967,31.131306,33.40571,36.315296
3,9.5448675,6.6776757,5.0987306,0.0,3.8683324,6.1887436,8.842393,13.488641,15.451345,18.698843,22.31547,19.701794,18.67179,17.138107,12.71578,11.870145,6.8947077,7.59085,6.1014466,7.7441425,9.985951,8.994084,13.436065,12.711059,15.2321415,11.271134,17.12425,17.663464,12.389111,16.320055,14.203204,19.217747,22.124195,24.750538,27.38191,28.501978,32.162975,31.514858,29.267588,26.341902,26.768192,23.69979,20.916325,20.68551,17.706392,17.980082,14.364807,16.109236,16.28189,15.404781,13.810341,12.478305,12.771243,11.149441,13.476647,16.483086,16.81674,18.506102,23.060518,23.217772,19.638666,25.013687,23.66522,24.927738,27.62707,26.625917,30.113506,28.37256,33.498535,31.271952,27.17007,29.440456,25.96513,31.38523,25.843187,27.93854,28.21132,25.695917,26.11301,27.996107,24.808949,21.923176,21.326023,18.189312,18.306211,13.898246,16.68905,12.906156,16.269867,18.03158,20.387812,22.53992,22.787579,27.47818,27.276096,26.502975,25.48644,21.611338,20.467216,19.58531,16.515625,18.290976,17.660269,17.702236,23.652964,22.790081,26.238873,28.53018,31.31694
4,12.111239,8.840306,6.9117055,3.8683324,0.0,5.338288,5.4892936,11.055657,12.783347,15.65437,19.582897,17.71396,16.914501,15.821879,11.628367,10.676462,7.144255,6.377958,7.792236,7.501408,10.86526,11.048457,14.48099,12.298393,14.520731,9.849616,14.926011,14.980669,9.327581,13.5405655,11.112657,16.743807,19.340021,22.595934,24.73306,26.17395,29.661585,28.683516,26.710527,23.906925,23.677177,20.686943,17.588367,17.393677,14.07746,14.581782,11.116387,13.224518,14.034048,13.186254,11.166101,10.823436,10.80424,9.294049,10.317422,13.1526375,13.014512,14.8355665,19.362574,19.479288,15.889637,21.282475,19.883755,21.353645,23.98148,23.355297,26.947138,25.609253,30.601385,28.490753,24.655342,27.390083,23.918114,29.62664,24.14974,26.801395,27.07876,24.570505,25.303621,26.981354,24.101704,21.205658,19.731236,16.630243,16.77533,12.282478,15.122817,11.627399,14.555264,16.763765,18.695686,21.5188,20.93513,25.60556,25.790798,24.842934,24.382896,20.365345,19.842396,19.4267,17.167835,19.800226,19.038208,18.424082,24.546415,22.670893,26.454283,28.220331,31.102842
5,14.370115,12.296112,8.421815,6.1887436,5.338288,0.0,5.910538,7.7772393,10.936386,13.700901,17.711424,14.748786,13.026043,12.259631,7.367749,8.438844,5.3727117,7.730636,9.752252,11.728124,15.0897665,15.052807,19.124014,17.31056,19.846401,15.165242,19.97487,19.673409,13.312939,16.969006,13.277073,18.803343,19.152401,22.592117,24.291769,25.181038,29.142523,28.616953,27.137737,24.942497,24.44506,22.786003,19.205757,20.532835,16.383247,18.365622,15.364103,17.676798,18.781958,17.325874,14.711003,13.833074,12.366577,8.859733,10.322517,12.404379,13.968329,16.27035,19.980494,21.380594,18.283957,23.934013,21.994324,24.130093,25.706652,26.05142,29.372345,28.05925,33.144222,31.753098,28.036592,30.535973,26.658138,31.82953,25.68083,28.338047,27.729382,24.722063,24.84702,25.978924,22.677149,20.508295,18.703108,16.37006,17.881134,13.253067,17.83446,15.656034,19.066301,21.679764,23.82179,26.533686,25.523365,30.376474,30.313162,28.948284,28.656364,24.110287,24.206678,22.843699,20.788357,23.304853,21.603884,21.047247,26.78817,24.795033,28.165468,30.258415,32.525604
6,17.475342,14.311011,11.809514,8.842393,5.4892936,5.910538,0.0,6.648907,7.5655994,10.251397,14.232715,12.976601,12.565244,11.965155,8.660482,7.7478595,7.5016975,6.1538124,10.77076,10.306538,14.403146,15.845951,18.54793,15.202715,17.801249,12.6650095,16.387207,15.14332,8.409785,11.755361,7.779048,13.816204,14.514508,18.538366,19.909845,21.42876,24.93432,23.87282,22.424627,20.14115,19.115082,17.173058,13.450135,14.778114,10.4873295,13.09831,10.878368,13.843211,15.832109,15.154395,12.527129,13.494235,12.411187,10.11274,8.536346,9.842738,9.400392,12.305938,15.9935255,16.80769,13.473043,18.563704,16.266771,18.288471,19.867474,20.200848,23.572247,22.56572,27.495447,26.16725,22.717247,25.629063,21.863457,27.36528,21.562881,24.836823,24.554485,21.821396,22.62635,23.7585,21.16292,18.651693,15.926214,13.344831,14.327012,9.93099,13.937071,12.369342,15.100496,18.199804,20.049444,23.148252,21.118341,25.911303,26.099447,24.502407,24.846731,20.247534,21.125843,20.349077,19.384148,22.905369,21.211721,19.837967,25.689085,22.491356,26.30958,27.595636,30.128918
7,21.793808,19.461632,15.64565,13.488641,11.055657,7.7772393,6.648907,0.0,5.2627234,6.364899,10.925984,8.76277,6.8714967,8.074548,5.351773,7.843594,9.992152,10.961961,15.526851,16.491692,20.52548,21.695473,24.903543,21.785856,24.368328,19.274471,22.52329,21.040201,14.465606,16.918684,12.153374,17.301353,14.31619,18.9012,19.012194,19.893383,23.832972,23.199389,22.821644,21.66107,19.75056,19.96191,15.72897,18.926826,13.967494,18.01477,16.497076,19.33305,21.542536,20.212032,17.094975,17.648586,15.234934,11.510049,9.56643,8.853945,10.81997,14.013084,15.969428,18.589931,16.3219,21.293253,18.479544,21.408316,21.366606,23.324024,26.210655,25.583166,30.289343,29.976587,26.996763,29.75112,25.710917,30.461689,24.16128,27.587399,26.215334,22.989487,23.161911,23.320923,20.54399,19.21802,15.497416,14.431374,17.130169,13.234404,18.600082,18.404247,21.251328,24.60123,26.393673,29.550615,26.992916,31.759426,31.881525,29.874212,30.572279,25.600716,27.168074,25.698418,25.075562,28.556463,26.092339,24.682709,30.041908,26.493975,29.851461,31.227873,33.024208
8,24.588543,21.574398,18.748161,15.451345,12.783347,10.936386,7.5655994,5.2627234,0.0,4.6409388,6.8933434,5.864932,6.851485,6.7608128,7.082879,6.5038095,10.812515,10.218463,15.630182,15.984812,20.088009,22.34755,24.747986,21.044107,24.401192,19.21492,22.19184,19.828358,13.0410795,14.045257,9.131307,12.990154,9.135371,13.675539,13.909721,14.915693,18.785183,18.207382,17.595678,16.513254,14.910591,15.585527,11.67526,15.954834,11.4581585,16.668848,16.194633,19.529089,22.184496,21.771841,18.990997,20.452015,18.687605,15.696456,12.835492,11.654475,11.431521,15.187089,16.785479,18.728718,16.285809,20.005167,16.283928,18.684683,17.99208,19.595549,22.028305,21.063276,25.823982,25.990705,23.067234,25.450714,21.298805,25.63978,19.318459,22.93291,21.424715,18.287306,18.746721,18.834688,16.572845,15.16198,10.796944,9.946969,12.842466,9.766762,15.1308775,16.40828,19.119673,22.855598,25.021294,27.705286,24.422049,29.278343,28.961546,26.507288,27.543337,22.324615,24.762735,22.946291,23.299976,27.335207,24.368752,22.413483,27.348148,22.979673,26.292496,27.21585,28.846485
9,27.234644,24.43093,21.187216,18.698843,15.65437,13.700901,10.251397,6.364899,4.6409388,0.0,5.8537345,7.2434435,7.54719,9.563126,10.147026,10.978754,14.878883,14.374409,19.791176,19.689411,23.867704,25.93143,28.23982,24.24308,26.82306,21.756998,23.68599,21.278921,15.363721,16.359526,11.741212,15.59887,10.202075,15.724304,14.261068,15.551695,18.999187,17.941914,18.483055,18.163898,14.909745,16.632141,12.276494,16.786331,11.962466,17.30596,17.315617,20.353859,23.246582,22.481987,19.499285,21.247082,18.975945,16.118767,12.306195,9.804728,10.071535,13.608324,13.871332,16.69699,15.1584,18.614754,14.999394,18.179361,16.69164,19.7882,22.147036,22.158342,26.319519,26.84797,24.628078,27.533125,23.653221,27.997114,22.11173,26.117018,24.52144,21.523483,22.10104,21.668886,19.864714,18.942741,13.907115,13.782995,16.584574,13.9785,18.69893,19.90848,21.956682,25.617773,27.079823,30.354948,26.669693,31.129557,31.38286,28.96813,30.461042,25.493814,28.10324,26.843369,27.374495,31.511799,28.79796,26.757936,31.718712,27.044182,30.41891,30.974491,32.566223
10,31.47015,28.391262,25.602877,22.31547,19.582897,17.711424,14.232715,10.925984,6.8933434,5.8537345,0.0,5.5144463,8.446611,9.413045,12.527089,12.160247,17.266476,16.489323,21.923903,22.032528,26.037956,28.791862,30.699947,26.593414,30.016119,24.960278,26.990356,23.962528,17.998608,17.534964,13.279724,14.711009,6.8369994,11.536239,9.300051,9.980709,13.629781,13.238938,14.134086,14.750087,11.956859,15.45717,12.116513,17.905054,14.123632,20.170961,20.947105,24.269705,27.330198,27.180704,24.446405,26.444847,24.49253,21.648748,17.985466,15.57962,14.978339,18.586895,18.40155,20.749916,19.26689,21.339048,16.923584,19.354937,16.597223,19.455555,20.803953,20.332079,24.338005,25.873209,23.8562,25.916813,21.930668,25.079645,19.165083,23.056335,20.756195,17.781069,18.214478,17.125444,16.010323,15.843973,10.258735,11.600301,14.955101,13.867289,18.458685,21.273712,23.382872,27.28793,29.28058,31.822577,27.599113,32.11145,31.684591,28.738073,30.47339,25.262901,28.740955,26.736036,28.133703,32.51511,29.07748,26.696089,30.806746,25.543583,28.422876,28.652325,29.597715
11,28.922398,26.213747,23.095646,19.701794,17.71396,14.748786,12.976601,8.76277,5.864932,7.2434435,5.5144463,0.0,4.0529,4.0821786,8.193105,8.613527,13.806826,14.347025,19.179863,20.575293,24.451216,26.744371,29.382744,26.010096,29.877018,24.689705,27.937252,25.410086,18.564695,18.898958,14.187427,16.32068,10.128507,13.348296,13.008555,12.638186,17.023134,17.523518,17.513683,17.509884,16.344889,18.771826,15.477876,20.708601,16.62141,22.235077,22.019377,25.38322,28.038698,27.562096,24.70217,25.866325,23.792953,20.25248,17.804304,16.13707,16.684103,20.378323,21.101149,23.658812,21.664148,24.881413,20.772661,23.141293,21.286879,23.304218,24.960474,23.736204,28.299292,29.375242,26.64457,28.27893,23.968065,27.067259,20.46705,23.662365,21.047125,17.57822,17.185486,16.27571,13.928107,13.995535,9.405191,10.626749,14.768846,12.824776,18.60745,20.935438,23.961512,27.805567,30.36209,32.573723,29.116348,34.047657,33.22608,30.398138,31.465557,25.983252,28.900248,26.179054,26.853073,30.75316,26.994331,25.052128,29.158281,24.713114,27.290712,28.371265,29.105768
12,27.373507,25.149519,21.400152,18.67179,16.914501,13.026043,12.565244,6.8714967,6.851485,7.54719,8.446611,4.0529,0.0,4.023274,6.2933383,8.992057,13.185743,14.761797,19.191574,21.068645,24.960043,26.577108,29.785868,26.77007,30.218153,25.029623,28.493021,26.462065,19.559534,20.802023,15.890263,19.179342,13.682776,17.285704,16.894403,16.613182,20.946156,21.291956,21.44111,21.273527,19.764526,21.772888,18.033289,22.732012,18.145939,23.28171,22.461378,25.584621,28.001293,26.961046,23.89351,24.494055,22.016256,18.041191,16.202675,14.656446,16.431541,19.86036,20.668758,23.748444,21.879913,25.897783,22.265448,25.064909,23.614397,25.947468,27.993444,27.017673,31.619982,32.350117,29.535019,31.494118,27.194437,30.703253,24.048296,27.168512,24.697395,21.161974,20.58668,19.809906,17.023945,17.05213,13.060022,13.73792,17.712002,14.942777,20.97816,22.373913,25.566914,29.242544,31.601492,34.14776,31.116825,36.06165,35.529804,32.969547,33.821445,28.418125,30.78824,28.256289,28.262959,31.821012,28.337214,26.759907,31.217388,27.331675,29.980404,31.4188,32.29515
13,26.234556,23.795776,20.594738,17.138107,15.821879,12.259631,11.965155,8.074548,6.7608128,9.563126,9.413045,4.0821786,4.023274,0.0,5.0988555,6.120816,10.822328,12.42679,16.532022,18.8354,22.499928,24.379124,27.500084,24.737774,28.817175,23.66844,27.729092,25.63794,18.42742,19.369663,14.642921,17.300852,12.859547,15.349851,16.202026,15.674317,20.186876,20.895819,20.219477,19.602337,19.32142,20.765564,17.548613,22.11265,17.992191,23.033058,22.112177,25.405493,27.689926,27.048893,24.222368,24.7805,22.796661,18.95742,17.55535,16.680977,17.730375,21.332695,22.824896,25.254173,22.86288,26.76452,22.959688,25.190428,24.102074,25.459496,27.41074,25.754885,30.663513,31.248695,28.035162,29.477352,25.060703,28.317827,21.465391,24.159508,21.669094,18.05931,17.286444,16.878704,13.699113,13.489988,10.290718,10.722815,14.811152,12.1514225,18.388039,20.075867,23.64864,27.323809,30.204596,32.17637,29.378395,34.518593,33.49323,30.86201,31.412376,25.891956,28.234898,25.180138,25.20431,28.667849,24.85886,23.31919,27.515907,23.843626,26.292261,27.98441,28.763924
14,21.448324,19.295916,15.703338,12.71578,11.628367,7.367749,8.660482,5.351773,7.082879,10.147026,12.527089,8.193105,6.2933383,5.0988555,0.0,4.8466535,7.177832,9.80343,13.413757,15.96601,19.619198,20.74227,24.379736,22.013,25.571068,20.50991,24.933304,23.516735,16.355051,18.482428,13.812551,17.992388,15.435231,18.556488,19.760206,19.865118,24.215014,24.381927,23.40733,22.100628,21.628504,21.813107,18.222843,21.638739,17.217949,21.275679,19.501165,22.489763,24.370876,23.310658,20.452606,20.41866,18.415155,14.414645,13.980093,14.023578,15.694384,18.938494,21.246777,23.539454,20.891346,25.698952,22.58226,24.952917,24.908056,26.00943,28.602732,27.104769,32.174034,31.955004,28.483156,30.40956,26.112978,30.244894,23.518553,26.22432,24.466116,21.01215,20.548029,20.833242,17.433575,16.329866,13.801178,12.843759,16.016716,12.1572075,18.22019,18.381563,22.06595,25.414894,28.055487,30.366558,28.26009,33.37526,32.733475,30.579483,30.774288,25.521177,26.97617,24.468517,23.57761,26.65896,23.547318,22.440577,27.354582,24.413939,27.255903,29.245249,30.627052
15,21.324402,18.44162,16.058146,11.870145,10.676462,8.438844,7.7478595,7.843594,6.5038095,10.978754,12.160247,8.613527,8.992057,6.120816,4.8466535,0.0,5.490269,6.3627577,10.607854,12.753042,16.37933,18.40454,21.386747,18.7525,23.067646,18.013367,22.653221,20.840528,13.499182,14.887772,10.551658,13.877144,12.817143,15.065836,17.344448,17.634,21.801235,21.979885,20.208988,18.349812,18.906483,18.379892,15.436905,18.690653,14.99921,19.092342,17.656376,20.929184,22.900389,22.63693,20.185148,20.725426,19.517345,16.285202,15.384729,15.699516,15.809143,19.27205,21.995716,23.37766,20.27067,24.434849,21.030607,22.666428,22.906391,22.974009,25.417538,23.346102,28.612192,28.258526,24.505827,26.029573,21.696417,25.753593,19.042477,21.590214,20.14946,16.85109,16.713781,17.584322,14.343155,12.413284,10.445032,8.578959,11.33848,7.4570856,13.616652,14.371117,18.245161,21.728073,24.845882,26.595572,24.382538,29.63029,28.543922,26.243544,26.350685,20.97932,22.685715,19.861141,19.40191,22.83562,19.442684,18.005531,22.857508,19.615986,22.578196,24.452433,26.00046
16,16.114256,13.470349,11.289023,6.8947077,7.144255,5.3727117,7.5016975,9.992152,10.812515,14.878883,17.266476,13.806826,13.185743,10.822328,7.177832,5.490269,0.0,4.6167884,6.285255,9.696138,12.846437,13.820616,17.600126,15.984366,20.034637,15.328839,20.888313,20.04416,13.123019,15.726501,12.262681,16.412497,17.528584,19.643145,22.370901,22.89133,26.902365,26.866467,24.724798,22.277794,23.108688,21.321419,18.505165,20.219267,16.794802,19.30038,16.790176,19.560474,20.769468,20.260874,18.100426,17.736544,17.020048,14.044496,14.802125,16.425495,16.864544,19.694477,23.352175,24.292116,20.855465,25.719322,23.130013,24.575943,25.955372,25.385838,28.297712,26.14887,31.500366,30.288162,26.186926,27.8409,23.779118,28.359644,22.02154,24.103725,23.405796,20.423515,20.34996,21.839226,18.403118,15.977967,15.30422,12.694787,14.076828,9.67974,14.569605,13.24654,17.405994,20.237772,23.368399,25.041206,24.027523,29.214268,28.268337,26.584656,25.998716,21.107111,21.489529,19.040535,17.206734,19.82539,17.223524,16.595037,21.983004,20.133083,23.19924,25.59455,27.627314
17,16.904633,13.348917,12.42496,7.59085,6.377958,7.730636,6.1538124,10.961961,10.218463,14.374409,16.489323,14.347025,14.761797,12.42679,9.80343,6.3627577,4.6167884,0.0,5.6492906,6.411985,10.218928,12.500474,15.130829,12.464869,16.883451,11.9838705,17.26359,15.954636,8.9614725,11.21994,8.293153,12.353161,15.149548,17.213472,20.21484,21.283115,24.83904,24.382868,21.87847,18.981388,19.986177,17.338852,14.904917,16.006762,13.191143,15.449531,13.330075,16.35301,17.835869,18.090376,16.270094,16.873957,16.792206,14.787817,14.432425,15.995522,15.004899,17.863825,21.715918,21.847721,18.151192,22.397427,19.776688,20.689547,22.484858,21.24154,24.217392,21.994665,27.332827,25.839725,21.678925,23.488382,19.562153,24.571005,18.604845,20.979305,20.9295,18.33677,18.984407,20.831959,18.015314,14.917047,14.0352,10.68941,10.871399,6.3441496,10.327908,8.874288,12.936692,16.011051,19.21845,20.883068,19.492563,24.709173,23.788538,22.068897,21.673124,16.782663,17.415073,15.440365,14.20038,17.630379,15.303971,14.043613,19.809599,17.221037,20.832111,22.656057,25.175869
18,13.691748,10.417414,10.9612055,6.1014466,7.792236,9.752252,10.77076,15.526851,15.630182,19.791176,21.923903,19.179863,19.191574,16.532022,13.413757,10.607854,6.285255,5.6492906,0.0,5.351439,7.055338,8.252954,11.785729,11.184366,15.876279,12.011452,18.364126,18.061428,12.350528,14.809075,13.238534,16.470087,20.437883,21.621262,25.26365,26.089073,29.622274,29.406334,26.465061,23.247543,25.078712,21.807575,19.968466,20.07905,18.004045,18.917265,16.133327,18.449284,18.943392,19.249477,18.05297,17.663464,18.305408,16.704988,17.895697,20.242243,19.605429,21.927593,26.268196,26.057362,22.21697,26.624693,24.548815,25.052027,27.48918,25.49076,28.47998,25.845825,31.182049,29.138803,24.643782,25.923601,22.335016,27.09491,21.56045,22.94943,23.348816,21.06698,21.433409,23.781586,20.709658,17.472227,18.172174,14.756645,14.242391,10.511202,12.783134,9.854383,14.112963,16.127989,19.750475,20.523512,20.706762,25.762438,24.469263,23.317299,21.934013,17.688822,16.83593,14.608161,11.682734,13.762953,11.990141,11.941593,17.717127,17.103567,20.305927,22.88625,25.549355
19,14.339247,10.177146,11.911216,7.7441425,7.501408,11.728124,10.306538,16.491692,15.984812,19.689411,22.032528,20.575293,21.068645,18.8354,15.96601,12.753042,9.696138,6.411985,5.351439,0.0,4.1864157,7.2639155,8.819385,6.321639,11.216153,7.1144557,13.30476,12.925351,8.181839,10.738487,10.620286,13.884636,19.471254,21.010155,24.462317,25.957598,28.933672,28.08574,25.039574,21.465399,22.971455,18.667894,17.18401,15.937962,14.71356,14.450031,11.802705,13.985298,14.5173,15.637844,14.98682,15.570166,16.956179,16.549217,16.82089,19.23371,17.40003,19.335402,23.895899,22.770409,18.789177,22.628485,20.993206,20.968414,24.162659,21.56528,24.798553,22.444653,27.541634,24.914845,20.49796,22.337471,19.190565,24.707205,19.966152,21.820705,23.067673,21.293524,22.457745,24.959215,22.563604,18.916325,18.96442,15.173265,13.468989,10.130506,10.165984,5.461044,9.113998,11.020958,14.431152,15.618019,15.706969,20.643873,19.818754,18.973078,17.786997,13.975427,12.807812,12.207966,9.736614,12.82638,12.351668,11.578082,17.809776,16.395157,20.301964,21.992414,25.341194
20,14.018076,10.126684,13.4326315,9.985951,10.86526,15.0897665,14.403146,20.52548,20.088009,23.867704,26.037956,24.451216,24.960043,22.499928,19.619198,16.37933,12.846437,10.218928,7.055338,4.1864157,0.0,4.725713,5.124493,5.010076,10.230532,8.020222,14.192742,14.516203,11.518184,13.527926,14.387423,16.70318,23.098835,23.991234,27.860922,29.28719,32.09388,31.332579,27.942116,24.135733,26.252203,21.490797,20.623222,18.699493,18.271158,17.14129,14.489121,15.992031,15.759342,17.253506,17.299208,17.496408,19.49027,19.561472,20.40283,23.087137,21.215414,22.818216,27.542686,26.023497,22.037405,25.567562,24.297132,23.792852,27.390736,24.107931,27.211279,24.565441,29.493738,26.432173,21.887163,23.230133,20.567171,25.798079,21.721949,22.862188,24.62749,23.262545,24.421562,27.269901,24.950062,21.170485,22.0817,18.241056,15.997072,13.382733,12.146917,7.1423373,9.935921,10.454179,14.168846,14.208876,15.782763,20.332335,19.150772,18.880192,16.863945,13.987176,11.37828,11.094291,7.241683,9.224369,10.153516,10.230274,16.187292,16.195488,19.811417,21.7277,25.304619
21,9.858975,6.571859,10.926681,8.994084,11.048457,15.052807,15.845951,21.695473,22.34755,25.93143,28.791862,26.744371,26.577108,24.379124,20.74227,18.40454,13.820616,12.500474,8.252954,7.2639155,4.725713,0.0,5.238852,7.871976,10.6031,9.397182,15.56953,16.984056,14.429677,17.367281,17.728409,20.954,26.68665,28.043093,31.673754,33.023254,36.09077,35.332752,32.177143,28.49816,30.189898,25.600206,24.239138,22.211237,21.24865,19.63437,16.251205,17.082891,16.073093,16.789371,16.995869,16.06627,18.277348,18.567627,20.575891,23.778038,22.675774,23.834646,28.795107,27.487522,23.624846,27.842783,27.07948,26.982756,30.782583,27.954449,31.301485,28.964752,33.837124,30.622513,26.211636,27.818686,25.227314,30.523563,26.328817,27.447483,29.006737,27.424042,28.290342,31.018,28.32597,24.759401,25.594429,21.87631,20.190094,17.040335,16.695286,11.549073,13.94067,13.847486,16.620552,17.108402,19.497423,23.586065,22.917559,23.096476,20.922058,18.5613,15.410483,15.500473,11.05018,11.15835,13.005172,14.000407,19.559092,20.480202,23.775524,26.047457,29.491226
22,14.122997,10.820701,15.459635,13.436065,14.48099,19.124014,18.54793,24.903543,24.747986,28.23982,30.699947,29.382744,29.785868,27.500084,24.379736,21.386747,17.600126,15.130829,11.785729,8.819385,5.124493,5.238852,0.0,5.342405,8.025635,8.776947,13.788342,15.23526,14.60833,16.59067,18.384708,20.505781,27.528278,28.434223,32.256958,33.90032,36.432552,35.422127,31.951498,27.98816,30.036703,24.702152,24.179085,21.149635,21.43549,18.92666,16.197609,16.652348,15.449731,17.31929,18.295498,18.28327,21.052237,22.076658,23.27198,26.284376,24.225739,25.171133,30.087406,27.958979,24.089481,27.29638,26.816793,25.917086,30.199514,26.459072,29.638937,27.204782,31.694717,27.974415,23.636562,25.049047,23.160944,28.448635,25.326523,26.209602,28.560417,27.602617,28.951883,31.951504,29.820051,25.963476,26.984528,23.10718,20.474443,18.22414,15.981836,10.667422,11.599205,10.238069,13.045861,12.510591,15.903115,19.4567,18.68103,19.431448,16.871855,15.672773,11.528182,13.057721,8.846031,8.900435,12.3457985,13.05954,18.185154,19.18379,22.59564,24.258375,28.158566
23,16.003687,11.924172,15.4028845,12.711059,12.298393,17.31056,15.202715,21.785856,21.044107,24.24308,26.593414,26.010096,26.77007,24.737774,22.013,18.7525,15.984366,12.464869,11.184366,6.321639,5.010076,7.871976,5.342405,0.0,6.178129,4.8544316,9.786436,10.283468,9.689177,11.419568,13.701595,15.853882,23.061417,24.36337,27.80693,29.764555,32.06237,30.735638,27.445347,23.52097,25.095936,19.617443,19.089338,15.81177,16.340405,13.827926,11.563128,12.525477,12.183679,14.600941,15.316769,16.45134,18.967457,20.020962,20.068727,22.65648,19.914354,21.001413,25.710173,23.376759,19.471539,22.26832,21.604403,20.59747,24.880953,21.179205,24.469793,22.309692,26.79203,23.151402,18.896105,20.92431,18.898542,24.731613,21.566029,23.188772,25.539717,24.566523,26.29315,29.085577,27.285727,23.384068,23.582205,19.699839,16.883604,14.724706,11.98808,6.333846,6.56948,6.043705,9.194937,9.949424,11.671382,15.853752,15.48,15.745907,14.067165,12.139272,9.09348,11.341115,8.862989,11.499583,13.384977,12.73782,18.426714,17.522785,21.550829,22.519232,26.5361
24,15.663756,12.249313,16.0545,15.2321415,14.520731,19.846401,17.801249,24.368328,24.401192,26.82306,30.016119,29.877018,30.218153,28.817175,25.571068,23.067646,20.034637,16.883451,15.876279,11.216153,10.230532,10.6031,8.025635,6.178129,0.0,5.2032266,6.5560226,9.489792,12.1436615,14.614516,17.121809,20.096981,26.91835,29.06703,31.821304,34.141987,36.256645,34.434418,31.577278,27.7983,28.335642,22.667696,21.827925,17.414787,18.085817,13.702196,11.05209,10.108189,8.237451,10.9933815,12.945007,14.076826,17.415726,19.84153,20.10787,23.041378,20.286276,20.2291,25.066353,22.097393,18.580526,21.327393,22.039135,21.109892,26.166262,22.843897,26.492807,25.304531,29.130999,24.9222,21.389397,24.305986,22.95264,29.158588,26.59363,28.590315,31.103731,30.174055,32.045765,34.66503,32.90223,29.079893,28.62318,24.83588,22.226952,19.813887,17.25587,11.734121,10.257064,8.297262,7.7567215,10.484799,13.147531,15.718956,17.106182,18.399046,17.08268,16.599457,13.185168,16.943882,14.564698,16.191751,19.128057,18.772585,24.206505,23.435524,27.481407,28.121374,32.29957
25,14.557883,10.482189,13.040957,11.271134,9.849616,15.165242,12.6650095,19.274471,19.21492,21.756998,24.960278,24.689705,25.029623,23.66844,20.50991,18.013367,15.328839,11.9838705,12.011452,7.1144557,8.020222,9.397182,8.776947,4.8544316,5.2032266,0.0,6.5548515,7.7741394,7.4103904,10.724326,12.315494,16.098402,22.222155,24.704391,27.31432,29.519272,31.928944,30.251707,27.576902,23.973183,24.284092,19.123344,17.661407,14.1994915,13.850729,10.668732,7.4784584,8.121616,7.8297462,9.884164,10.479856,11.963794,14.523313,16.083754,15.916467,18.668247,16.00276,16.62341,21.496572,19.186806,15.342957,18.841492,18.697996,18.362406,22.830872,20.131384,23.885672,22.600195,26.949297,23.405037,19.619768,22.671722,20.49251,26.815783,23.286535,25.695112,27.623657,26.271742,27.992771,30.371307,28.444807,24.767578,23.892803,20.181082,18.050335,15.143531,13.619406,8.146279,8.002432,8.294483,9.282997,12.439383,13.057234,16.947119,17.821226,18.021536,17.247551,15.086811,13.035816,15.437385,13.407979,16.120996,17.57138,16.759018,22.72686,21.085552,25.30593,26.118502,29.996365
26,19.436607,15.881569,18.025194,17.12425,14.926011,19.97487,16.387207,22.52329,22.19184,23.68599,26.990356,27.937252,28.493021,27.729092,24.933304,22.653221,20.888313,17.26359,18.364126,13.30476,14.192742,15.56953,13.788342,9.786436,6.5560226,6.5548515,0.0,4.2380123,9.676664,11.842097,14.58532,17.81821,23.904161,26.883274,28.668928,31.42263,33.14009,30.777065,28.520304,25.105785,24.392464,18.87808,17.772581,12.689237,13.633194,8.1107645,6.4557447,4.736028,4.347456,8.282549,10.103115,13.113991,15.908432,18.65498,17.326946,19.566973,15.928957,15.42155,19.812952,16.221407,12.9647255,14.96125,16.247656,15.350469,20.686777,17.97141,21.878267,21.728203,25.070799,20.980707,18.21643,22.250673,21.030676,27.628902,25.270905,28.160124,30.491688,29.53838,31.729532,33.91029,32.55269,28.935015,27.313711,23.851816,21.464298,19.239801,16.797476,12.396304,9.777891,9.118181,6.4363804,11.744101,11.588236,13.840414,16.52365,17.356129,17.52595,16.701273,15.06876,19.056007,18.167398,21.058483,22.935118,21.722525,27.269096,24.917225,29.28383,29.202616,33.29549
27,21.843603,17.930206,19.508682,17.663464,14.980669,19.673409,15.14332,21.040201,19.828358,21.278921,23.962528,25.410086,26.462065,25.63794,23.516735,20.840528,20.04416,15.954636,18.061428,12.925351,14.516203,16.984056,15.23526,10.283468,9.489792,7.7741394,4.2380123,0.0,7.341545,8.230141,11.565461,14.099602,20.307281,23.168549,24.833557,27.700737,29.169174,26.722868,24.455015,21.087328,20.327671,14.695357,13.88785,8.541306,10.246252,4.9709806,5.347214,5.7696176,7.5985475,10.988662,11.778698,15.331218,17.39747,19.400461,17.121275,18.669222,14.357972,14.537461,18.46375,14.882249,11.47296,12.5656185,12.993815,11.644652,16.883297,13.826525,17.726303,17.548452,20.99438,17.148613,14.3421,18.611067,17.251001,23.901995,21.599216,24.783611,27.05373,26.205112,28.581451,30.633541,29.6148,26.066492,24.17298,20.868206,18.350975,16.648443,13.862697,10.600962,7.5323014,8.196146,6.4629507,11.442494,9.205432,12.220371,14.555938,14.618722,15.520907,14.058307,13.734195,17.340393,17.49417,21.183613,22.213554,20.441917,25.819046,22.569841,27.002527,26.535988,30.502684
28,19.281258,15.173408,15.4730015,12.389111,9.327581,13.312939,8.409785,14.465606,13.0410795,15.363721,17.998608,18.564695,19.559534,18.42742,16.355051,13.499182,13.123019,8.9614725,12.350528,8.181839,11.518184,14.429677,14.60833,9.689177,12.1436615,7.4103904,9.676664,7.341545,0.0,4.746177,5.142115,9.840895,14.994831,18.093838,20.121122,22.493567,24.851522,23.060627,20.749655,17.500067,17.118343,12.598602,10.434704,8.3994875,6.9005666,6.711948,5.4150677,8.774618,11.114725,12.659347,11.611272,14.329233,15.227913,15.452716,13.205197,14.608447,11.0544615,12.978641,17.076963,15.374673,11.427159,14.585599,12.851531,12.990495,16.40156,14.473468,18.180193,17.059969,21.75055,19.270702,15.642845,19.048826,16.0792,22.434156,18.160618,21.494482,22.73637,21.090431,22.969065,24.831345,23.253065,19.86737,17.805685,14.434707,12.7992325,9.990336,9.50926,6.8267307,7.4131813,10.533187,12.067577,15.334048,12.845305,17.510538,18.023514,16.776066,17.359077,13.553602,14.301744,15.321504,15.2409115,19.3956,18.823742,16.915922,22.738482,19.136665,23.506319,23.81414,27.221506
29,23.539211,19.312927,19.924093,16.320055,13.5405655,16.969006,11.755361,16.918684,14.045257,16.359526,17.534964,18.898958,20.802023,19.369663,18.482428,14.887772,15.726501,11.21994,14.809075,10.738487,13.527926,17.367281,16.59067,11.419568,14.614516,10.724326,11.842097,8.230141,4.746177,0.0,4.934708,5.993797,12.908039,15.089498,17.404446,19.98467,21.728476,19.827745,17.072876,13.5326605,13.84076,8.487319,7.8039837,5.606905,6.5561876,7.6060224,8.768567,11.861372,14.40531,16.634346,15.887433,18.943808,19.810741,19.895243,17.09324,17.729015,13.58467,15.773773,19.007235,16.987667,13.411931,14.614906,12.054171,11.005168,14.0329895,10.835649,14.144476,12.468262,17.318747,15.018313,11.18035,14.448278,11.436503,17.867207,14.100845,17.658173,19.264647,18.13106,20.491686,22.42558,21.573921,18.113592,16.146467,12.914113,10.342364,9.307125,6.770953,6.8173246,6.2887588,10.025469,12.036762,14.361825,10.405115,15.262715,15.151821,13.178431,14.453012,10.307236,12.606502,13.469336,14.959992,19.677176,18.61549,16.07438,21.194424,16.618345,20.999495,20.567574,23.982594
30,22.58995,18.623661,17.977262,14.203204,11.112657,13.277073,7.779048,12.153374,9.131307,11.741212,13.279724,14.187427,15.890263,14.642921,13.812551,10.551658,12.262681,8.293153,13.238534,10.620286,14.387423,17.728409,18.384708,13.701595,17.121809,12.315494,14.58532,11.565461,5.142115,4.934708,0.0,6.3944817,9.928492,13.277437,15.14849,17.400805,19.967154,18.42655,16.25304,13.358686,12.9098015,9.657524,6.8460755,8.1987915,5.4915724,9.421193,9.630788,13.210247,15.9520445,17.076172,15.391305,17.983059,17.937403,16.99195,14.015839,14.2499075,10.901552,13.946506,16.968782,16.274858,12.77888,15.366255,12.084237,12.671679,14.288735,13.144483,16.273882,14.846958,19.887827,18.62989,15.129867,18.033976,14.331345,20.069923,14.908121,18.68686,19.108109,17.103859,18.902266,20.345976,18.940077,15.885387,13.033755,10.0339575,9.208677,6.6690598,8.094902,8.731166,10.312235,14.121862,16.25627,18.815622,15.3006315,20.175358,19.978134,17.799582,18.896372,14.125242,16.44492,15.981872,16.8834,21.445234,19.548922,17.176445,22.504572,17.905237,22.036524,22.221237,25.027748
31,27.566986,23.413544,23.517042,19.217747,16.743807,18.803343,13.816204,17.301353,12.990154,15.59887,14.711009,16.32068,19.179342,17.300852,17.992388,13.877144,16.412497,12.353161,16.470087,13.884636,16.70318,20.954,20.505781,15.853882,20.096981,16.098402,17.81821,14.099602,9.840895,5.993797,6.3944817,0.0,8.723427,9.3206215,12.400429,14.708388,16.344425,14.976788,11.624038,7.90271,9.897514,5.868777,6.563835,8.561849,9.144296,12.802975,14.369015,17.660221,20.333677,22.289589,21.119808,23.94131,24.21866,23.363771,20.319025,20.150545,16.453997,19.39671,21.685715,20.525322,17.41736,17.94765,14.108434,13.12021,13.83999,10.875916,12.724932,9.791827,15.221119,14.604847,10.844835,12.539053,8.410428,13.721052,8.768093,12.856412,13.75853,12.583098,15.150046,16.87423,16.627806,13.414891,11.335801,8.650996,5.9100266,7.328339,5.502474,9.847821,10.639953,14.4377575,17.220976,18.300194,13.835473,18.608896,17.258667,14.184838,15.810639,10.721353,14.809994,13.634505,16.387201,21.338974,18.833559,15.79587,19.856579,14.084767,18.014925,17.248066,19.931223
32,31.33963,27.660656,26.094725,22.124195,19.340021,19.152401,14.514508,14.31619,9.135371,10.202075,6.8369994,10.128507,13.682776,12.859547,15.435231,12.817143,17.528584,15.149548,20.437883,19.471254,23.098835,26.68665,27.528278,23.061417,26.91835,22.222155,23.904161,20.307281,14.994831,12.908039,9.928492,8.723427,0.0,6.0517535,5.4564223,7.7533293,10.510747,9.492142,8.531658,8.110523,6.5062838,9.304977,7.326536,13.319339,11.194404,17.133915,18.700178,22.161396,25.283728,26.14309,24.02667,26.635513,25.618195,23.6309,19.868536,18.215519,15.731501,19.27341,19.879684,20.589231,18.5058,19.325745,14.552367,15.53516,13.15856,14.141956,15.129463,13.824993,18.20363,19.688208,17.47117,19.147875,15.184971,18.35952,12.737555,16.99936,15.433529,13.097929,14.623475,14.389584,14.23669,12.934162,7.784012,8.166094,9.923619,10.487,13.255401,17.17169,18.7018,22.618355,24.869118,26.75377,22.109213,26.53865,25.671953,22.475323,24.44083,19.349531,23.428339,21.556175,23.855423,28.58827,25.25274,22.434225,26.168602,20.291332,23.3626,22.90238,24.198294
33,34.030895,30.227606,29.297808,24.750538,22.595934,22.592117,18.538366,18.9012,13.675539,15.724304,11.536239,13.348296,17.285704,15.349851,18.556488,15.065836,19.643145,17.213472,21.621262,21.010155,23.991234,28.043093,28.434223,24.36337,29.06703,24.704391,26.883274,23.168549,18.093838,15.089498,13.277437,9.3206215,6.0517535,0.0,5.535368,6.1705146,8.326068,8.980031,5.7644596,5.186915,8.506336,10.825088,11.308716,16.365377,15.686729,20.967491,22.571312,26.05164,28.94156,30.29859,28.502708,30.980242,30.352163,28.337261,25.101963,23.863092,21.31305,24.828426,25.770916,26.041525,23.69501,24.01546,19.302944,19.203272,16.993305,16.2416,16.126566,13.29339,17.66181,19.676825,17.206223,17.1252,13.097191,14.321995,8.382271,12.009927,9.702154,7.644758,9.5337305,9.436993,10.552125,9.391988,6.0037184,7.2840137,8.273025,11.211763,12.818724,18.054863,19.755774,23.5176,26.521946,27.180466,22.643074,27.075493,25.126217,21.533335,23.276382,18.14647,22.778732,19.883005,22.974632,27.610226,23.645782,20.64183,23.077347,16.878744,19.179798,18.40919,19.0001
34,36.683914,32.992786,31.457813,27.38191,24.73306,24.291769,19.909845,19.012194,13.909721,14.261068,9.300051,13.008555,16.894403,16.202026,19.760206,17.344448,22.370901,20.21484,25.26365,24.462317,27.860922,31.673754,32.256958,27.80693,31.821304,27.31432,28.668928,24.833557,20.121122,17.404446,15.14849,12.400429,5.4564223,5.535368,0.0,3.5478907,5.097151,4.7787347,5.200775,7.5664134,6.311359,11.614941,11.257579,17.107054,15.901522,21.67933,23.735939,27.10551,30.304148,31.332594,29.280447,32.016163,30.92791,28.869522,24.960539,22.926931,20.526299,23.913836,23.749363,24.548925,22.970144,22.757673,17.882229,18.45699,14.793408,16.039381,15.597249,14.352842,17.709969,20.550898,19.15866,19.963638,16.441307,17.746885,13.027547,16.943548,14.6372385,12.84683,14.2745495,13.0580015,14.305859,14.1275425,9.409172,11.391973,13.082882,14.966375,17.02461,21.71386,22.959774,26.771673,29.040522,30.488323,25.468988,29.506134,28.306181,24.794603,27.099049,22.255247,26.912277,24.725822,27.684498,32.435085,28.734383,25.755661,28.529829,22.2888,24.678387,23.660538,24.16276
35,37.974426,34.425312,32.712284,28.501978,26.17395,25.181038,21.42876,19.893383,14.915693,15.551695,9.980709,12.638186,16.613182,15.674317,19.865118,17.634,22.89133,21.283115,26.089073,25.957598,29.28719,33.023254,33.90032,29.764555,34.141987,29.519272,31.42263,27.700737,22.493567,19.98467,17.400805,14.708388,7.7533293,6.1705146,3.5478907,0.0,4.584476,6.721991,7.119796,9.692948,9.82604,14.802938,14.422433,20.293749,18.832724,24.695082,26.424154,29.88477,32.99437,33.87975,31.701677,34.13665,32.892315,30.441769,26.862015,24.840097,22.983686,26.520273,26.389772,27.55915,25.916582,26.109943,21.231956,21.931458,18.313362,19.473036,18.9127,17.274887,20.618351,23.602758,22.017595,22.244429,18.601929,19.086971,14.071916,17.300997,14.1379795,12.052079,12.739466,10.759777,12.221747,12.988481,8.63507,11.63146,14.023006,16.018867,18.68946,23.555231,25.278423,29.127007,31.753792,32.914986,28.134592,32.353554,30.794237,27.198599,29.22924,24.200611,28.826065,26.003521,28.879126,33.443054,29.309427,26.447998,28.786158,22.754625,24.626904,23.91457,23.797462
36,41.513577,37.789326,36.377773,32.162975,29.661585,29.142523,24.93432,23.832972,18.785183,18.999187,13.629781,17.023134,20.946156,20.186876,24.215014,21.801235,26.902365,24.83904,29.622274,28.933672,32.09388,36.09077,36.432552,32.06237,36.256645,31.928944,33.14009,29.169174,24.851522,21.728476,19.967154,16.344425,10.510747,8.326068,5.097151,4.584476,0.0,3.9404953,5.624086,9.581716,9.556773,15.058173,15.726711,21.187267,20.637856,26.190086,28.509907,31.822302,35.026268,36.236694,34.276512,37.081467,36.02129,33.935665,30.012663,27.855415,25.465176,28.753143,28.239435,28.984215,27.646908,26.778843,21.972591,22.129051,17.969479,18.991657,17.483778,16.16707,18.44553,22.23366,21.461172,21.36587,18.399614,17.887995,14.41509,17.55938,14.79776,13.793342,15.012241,13.116665,15.58612,16.240349,12.591529,15.154736,16.57462,19.230036,20.715073,25.862238,26.932755,30.607546,32.95595,33.941257,28.768414,32.464977,30.913704,27.222233,29.676804,25.140123,30.128538,27.678385,31.111786,35.801117,31.847355,28.794662,30.68025,24.338636,26.043224,24.573671,24.325045
