,0,1,2,3,4,5,6,7,8,9,10,11,12,13,14,15,16,17,18,19,20,21,22,23,24,25,26,27,28,29,30,31,32,33,34,35,36,37,38,39,40,41,42,43,44,45,46,47,48,49,50,51,52,53,54,55,56,57,58,59,60,61,62,63,64,65,66,67,68,69,70,71,72,73,74,75,76,77,78,79,80,81,82,83,84,85,86,87,88,89,90,91,92,93,94,95,96,97,98,99,100,101,102,103,104,105,106,107,108,109
0,0.0,4.164562,7.306265,9.760114,12.596072,13.331341,17.167482,20.174728,23.855453,26.87842,28.591658,34.344402,34.04119,30.329933,33.38834,30.448574,30.096064,31.189734,28.853397,31.667528,29.362177,32.96158,31.387339,29.017344,30.487663,26.878576,28.422342,26.100811,26.183987,26.412289,24.241175,30.4583,26.84384,33.23339,30.467855,31.531107,31.076706,27.241714,27.059221,26.070236,21.711313,21.776218,20.173376,18.835056,17.703363,24.058676,20.701452,24.974426,26.869514,30.654331,32.42953,35.431767,38.996937,41.514805,42.206924,39.84843,40.332573,36.76302,35.034885,36.83655,33.02231,30.531256,27.766462,23.737158,21.33763,21.45696,19.467886,21.90837,25.754915,26.058594,28.964039,28.223759,31.271914,30.327429,35.27952,35.357113,39.68534,43.418686,44.399372,48.39922,49.36735,49.81354,46.305943,42.696674,38.654343,38.33799,41.476234,35.921314,35.147545,40.02084,39.35004,40.65855,43.53356,43.412914,44.355392,41.86779,38.943645,42.867096,45.20564,43.61688,41.943703,45.123207,46.37973,43.625168,42.110367,39.049335,36.44515,36.77319,32.828747,35.161217
1,4.164562,0.0,4.144671,5.851313,8.96469,9.348588,13.338185,16.249374,19.780693,22.881508,24.513365,30.218794,30.050308,26.41529,29.70107,26.855907,26.827614,28.086344,26.426487,29.247732,27.562674,31.246088,30.14237,27.49014,28.560015,24.951725,25.796438,23.346243,22.90974,23.34969,20.636095,27.190273,23.427559,29.698807,27.181278,28.541914,28.428862,24.647606,24.462976,23.42991,18.768251,19.34815,16.95539,16.276474,14.971413,21.222872,18.78223,22.704748,25.23528,28.539448,30.797878,33.42428,37.00415,39.969547,40.12222,37.626404,37.927017,34.1905,32.6403,34.153515,30.340681,27.545122,24.989882,20.545643,18.628416,17.900799,16.398699,19.512547,22.75509,22.711895,25.632395,24.570517,27.702377,26.695452,31.65058,31.821474,35.997517,39.999046,40.712147,44.748737,45.78392,46.46708,43.117813,39.39417,35.364876,35.318356,38.663265,32.94774,32.627,37.540146,36.996025,38.596344,41.34982,41.167458,41.80788,39.172245,35.83682,39.847076,42.43799,40.655216,38.72512,41.870102,43.08524,40.135586,38.644043,35.33904,32.86909,32.946217,28.98513,31.260685
2,7.306265,4.144671,0.0,5.0586143,6.674233,6.6977344,10.914123,13.083984,17.16124,19.913183,21.77639,27.734194,26.966898,23.163992,26.101748,23.291817,23.04219,24.464252,22.566683,25.671577,24.147083,27.811117,26.983637,24.501888,25.529778,21.931606,22.55097,19.783396,19.453667,19.462854,16.967281,23.232822,19.722359,26.056494,23.614075,24.979916,24.60508,20.863886,20.408798,19.296627,14.731202,15.240491,13.106134,12.659176,11.994401,18.290695,16.68659,20.828543,23.458378,26.341024,28.970264,31.04209,34.90338,37.93594,37.776814,35.05778,35.542538,31.834217,30.745789,32.381466,28.916626,25.285872,23.560179,18.988697,17.926231,17.283325,16.775312,20.639002,23.202553,22.60384,25.049774,23.450731,26.228533,24.529861,29.734211,29.293688,33.725277,37.4127,38.001793,42.27461,42.888145,43.717,40.25241,36.343777,32.437355,32.5508,35.604652,29.672283,29.49228,34.34281,33.573143,35.310356,37.906338,37.46717,38.085205,35.295586,32.058506,35.919273,38.581764,37.103497,35.125175,38.108883,39.251205,36.410915,35.008034,31.830223,29.468246,29.856531,26.083675,28.732864
3,9.760114,5.851313,5.0586143,0.0,3.725639,5.983568,7.6837897,11.823712,14.465319,17.695623,19.732723,24.88947,25.077084,21.65576,25.067177,21.972305,22.3509,23.4594,22.965378,25.354164,24.504055,28.224592,27.677444,24.512285,24.949678,21.46379,21.424097,19.157856,18.057611,19.270905,16.190226,23.389124,20.164814,26.01997,24.383093,26.362198,26.534296,23.02006,22.309683,20.864819,16.247425,16.840261,12.956603,12.843872,10.815046,16.512722,15.170757,18.307493,21.61434,24.26696,27.025105,29.255726,32.70942,36.20064,35.744843,33.186596,33.19541,29.297327,27.868763,29.03046,25.24105,22.253143,19.8589,15.057259,13.770935,12.424586,11.762503,15.809363,18.15647,17.608364,20.242046,18.880568,21.937582,20.891802,25.824955,26.121126,30.17439,34.35388,34.992558,38.961594,40.161705,40.90418,37.72684,34.024822,29.962433,30.079176,33.747272,28.059237,28.169806,33.104397,32.90085,34.762733,37.44257,37.443687,37.71142,35.14686,31.316387,35.62459,38.270718,35.937134,33.864773,37.196022,38.545105,35.417618,33.74287,30.37899,27.681696,27.49434,23.410284,25.510475
4,12.596072,8.96469,6.674233,3.725639,0.0,6.0055304,4.6891956,9.737728,12.154862,15.070077,17.764734,22.680635,22.532335,19.08119,22.073566,18.648298,18.8618,19.78916,19.472578,21.70516,21.11255,24.816593,24.523458,21.25853,21.488222,18.05983,17.737516,15.478562,14.396353,15.803778,13.169101,20.406717,18.019075,23.663683,22.572105,24.758245,24.666664,21.364618,20.035997,18.21439,14.045332,14.023981,9.67233,9.489237,7.3036895,12.8645935,12.265642,15.327159,18.821333,21.068071,24.13005,25.958647,29.553322,33.14937,32.437256,29.756102,29.841581,25.952991,24.82026,26.086803,22.582476,18.980152,17.218538,12.403834,11.957462,11.285412,11.705191,16.212997,17.90289,16.866158,18.785337,17.061188,19.617767,17.971476,23.13258,22.905289,27.25826,31.07328,31.820637,35.901886,36.84059,37.522564,34.226036,30.481403,26.442762,26.556322,30.096752,24.357576,24.50451,29.427048,29.218132,31.151932,33.783916,33.803143,34.021236,31.522839,27.71266,32.107227,34.6297,32.23139,30.236265,33.65607,35.107864,32.090435,30.297754,27.215492,24.24674,24.352127,20.312136,22.65335
5,13.331341,9.348588,6.6977344,5.983568,6.0055304,0.0,7.283322,7.1042643,11.217682,14.081311,15.321579,21.50141,20.920149,17.268007,20.915903,18.716185,19.391584,21.435661,21.169827,24.329622,24.261513,27.85438,28.024086,25.277054,25.471579,22.136152,21.096542,18.039135,16.303185,16.541058,12.296901,19.084587,14.790298,20.756298,18.687895,20.632088,21.246872,17.787058,17.728724,16.862375,11.685488,14.129826,10.323405,12.340221,11.772383,16.803677,17.703045,20.66032,24.333567,26.037058,29.49025,30.68698,34.454742,38.236393,37.02981,34.08854,34.202415,30.26541,29.651423,30.587008,27.279608,23.055244,22.032152,16.786545,17.150316,14.185966,15.155303,19.903252,20.873257,19.488405,21.896996,19.463526,22.383358,20.511053,25.56855,25.340212,29.255215,33.597137,33.39182,37.76887,38.480034,39.96845,36.928574,32.74217,28.99266,29.840221,33.225403,26.99981,27.953226,32.696125,32.128178,34.461227,36.674385,35.9777,35.93481,32.74861,28.642763,32.485294,35.81697,34.12891,31.49428,34.192875,35.10192,31.798058,30.612516,26.707375,25.004429,24.706388,21.033758,23.580385
6,17.167482,13.338185,10.914123,7.6837897,4.6891956,7.283322,0.0,7.0899014,7.844047,10.763014,13.826392,18.162405,18.286348,15.124565,18.30122,14.849363,15.729628,16.720884,17.951492,19.812231,20.39343,23.940386,24.387888,20.88813,20.369816,17.307327,15.612974,13.465901,11.21647,13.421077,10.074189,17.706036,15.81708,20.700918,20.499962,23.177649,23.50068,20.64478,19.09947,17.14846,13.3239355,13.778508,8.12425,9.4967985,7.3045096,10.735913,12.502993,14.166768,18.425016,19.553822,23.227716,24.30944,27.756361,31.897652,30.38938,27.587606,27.367622,23.33602,22.587288,23.33216,20.049994,15.911461,14.876193,9.6209755,10.884275,8.810231,10.997401,16.018003,16.221104,14.414124,15.797861,13.354535,15.713197,13.725547,18.91506,18.715494,22.865404,26.996292,27.396105,31.518831,32.540714,33.51117,30.462912,26.6067,22.61761,23.160404,26.994694,21.180227,22.106302,26.917847,26.988747,29.296625,31.686575,31.704144,31.446018,28.87542,24.468369,29.020782,31.780504,28.978415,26.660975,30.09247,31.554121,28.292322,26.44078,23.122372,20.175457,19.879156,15.76283,18.009775
7,20.174728,16.249374,13.083984,11.823712,9.737728,7.1042643,7.0899014,0.0,5.557394,7.371607,8.9310665,15.287352,13.94562,10.192286,13.918069,12.146908,13.527481,16.130701,17.42388,20.463587,21.875324,25.124777,26.335888,23.639618,23.04958,20.276087,17.648373,14.423907,11.512643,11.684264,6.040942,13.029021,9.274723,14.418519,13.647702,16.398518,17.405838,14.755617,14.139269,13.119912,8.722126,12.013875,7.233143,11.517186,11.752152,14.242533,17.923597,19.716536,23.826443,24.08527,28.248102,28.197283,31.963465,36.195633,33.980198,30.783836,30.789648,26.898758,27.161446,27.687538,25.113901,19.803034,20.432562,15.349392,17.677784,14.158974,17.006138,22.154253,21.467846,19.128119,20.458431,17.029322,19.124178,16.233137,21.184305,20.246391,23.997833,28.231077,27.379328,32.028145,32.307213,34.334057,31.510962,27.033623,23.637163,25.187178,28.412529,21.99531,23.988815,28.370478,27.83651,30.673597,32.396908,31.39265,30.778812,27.307777,22.617815,26.35845,30.13204,28.436708,25.325754,27.714373,28.469332,24.947687,23.910328,19.696976,18.492432,18.051462,14.779506,17.726374
8,23.855453,19.780693,17.16124,14.465319,12.154862,11.217682,7.844047,5.557394,0.0,3.7065916,6.2022295,10.63299,10.894567,8.244392,12.581024,10.60619,13.238075,15.247445,18.710333,20.577194,22.977356,26.011013,27.636173,24.43807,23.09087,20.787498,17.158436,14.864113,10.841702,12.811651,7.4553657,14.2069645,12.083053,15.149351,16.126999,19.423868,20.902365,18.946077,17.934002,16.58571,13.329484,15.720898,10.195355,14.052021,13.305054,13.726663,18.373274,18.594093,23.225105,22.675095,27.04289,26.695637,29.906061,34.656967,31.838345,28.807098,28.236284,24.249329,24.511261,24.275928,21.780485,16.853926,17.617231,12.740811,15.980135,11.488157,15.339869,20.310368,18.352634,15.518401,16.266083,12.413238,14.304104,11.677775,16.153269,15.925658,19.00829,23.946981,22.84021,27.231335,28.122911,30.258047,27.908531,23.624445,20.21255,22.07636,25.95176,19.981995,22.65212,26.839037,27.004858,30.020035,31.655836,31.12233,29.977,26.85318,21.431795,25.605722,29.308477,26.555063,23.253452,25.971819,26.963118,23.08513,21.704868,17.233816,15.691201,14.154232,10.474243,12.699314
9,26.87842,22.881508,19.913183,17.695623,15.070077,14.081311,10.763014,7.371607,3.7065916,0.0,4.700938,8.585041,7.5249724,4.851309,8.9908085,7.5416126,10.7400465,13.09145,17.29774,19.078657,22.184849,24.874542,27.008787,24.097095,22.468872,20.590435,16.329496,14.043145,9.752416,11.310748,6.33845,11.561423,10.596792,12.362602,14.38273,17.853683,19.307152,17.967056,16.663027,15.346799,13.139076,15.487669,10.653532,14.858234,14.808311,13.97816,19.65672,19.558903,24.0078,22.739399,27.328228,26.214617,29.462843,34.25518,30.965832,27.787945,27.30508,23.51516,24.435001,24.12594,22.299454,16.717836,18.698666,14.462587,18.334967,14.510629,18.601202,23.461535,21.143114,18.111588,18.13445,14.060823,14.988726,11.518332,15.658028,14.496058,17.522558,22.023832,20.449362,25.12687,25.461748,27.977999,25.692657,21.176895,18.15027,20.497564,23.977928,17.951488,21.217144,25.016104,25.062899,28.31611,29.584854,28.761831,27.328836,24.016092,18.37672,22.33754,26.298555,23.757984,20.162992,22.562275,23.410173,19.452368,18.223228,13.569536,12.512162,11.014445,7.9220023,10.796088
10,28.591658,24.513365,21.77639,19.732723,17.764734,15.321579,13.826392,8.9310665,6.2022295,4.700938,0.0,7.2960415,6.529203,4.8115664,10.132112,10.875089,14.243958,17.11211,21.116606,23.283724,26.449205,29.065445,31.292469,28.585413,27.038376,25.143427,20.912334,18.42445,14.266948,15.015434,9.484863,13.248654,10.470388,11.271348,12.940847,16.431936,18.990168,17.913443,17.776506,17.321642,14.720392,18.426622,14.109392,18.705765,18.816902,18.621187,24.041803,24.094109,28.618835,27.40982,31.99093,30.845743,33.994736,38.862885,35.399563,32.235664,31.645573,27.903564,28.847729,28.222313,26.342812,21.130087,22.830542,18.4071,21.980564,16.962141,20.89467,25.695383,23.057398,20.02409,20.587162,16.46302,17.862597,15.148432,18.46417,17.977716,19.942953,24.982971,22.523844,27.053112,27.49847,30.676756,28.898369,24.368776,21.772236,24.505684,27.909954,22.028316,25.62145,29.170393,29.119053,32.50243,33.500732,32.31766,30.65601,27.006275,21.260979,24.550789,29.07337,26.98143,22.980566,24.609003,24.89947,20.650759,20.117676,14.622955,15.305265,12.981106,10.897071,12.928643
11,34.344402,30.218794,27.734194,24.88947,22.680635,21.50141,18.162405,15.287352,10.63299,8.585041,7.2960415,0.0,5.852363,8.343938,11.588959,12.497645,16.43996,18.23751,24.0509,24.850637,28.931284,31.090862,33.75223,30.768616,28.49713,27.318336,22.358751,21.036896,16.60888,18.573637,14.543144,17.081787,16.665844,15.246795,18.638351,22.15099,24.642017,24.230436,23.493162,22.644722,21.063658,23.719278,19.176699,23.169777,22.732378,20.698524,26.66918,25.216904,29.813082,27.599989,32.16852,30.457603,32.785023,38.043392,33.813473,30.962212,29.734438,26.251972,27.444002,25.854572,24.603973,20.194141,22.393736,19.154123,23.31358,18.410172,22.755236,26.858421,22.967724,19.673466,19.063038,15.028411,15.221408,13.17478,14.354262,14.628458,14.653353,20.303442,16.964987,20.97525,22.104519,25.705585,24.886614,20.849182,18.842813,22.077374,25.829851,21.113579,25.42385,28.269672,29.007298,32.481754,33.17717,32.50501,30.178907,27.13009,20.91576,24.301886,28.507278,25.279497,21.181902,22.890083,23.388575,18.926743,18.091877,12.745056,13.51752,9.354642,8.412262,8.157505
12,34.04119,30.050308,26.966898,25.077084,22.532335,20.920149,18.286348,13.94562,10.894567,7.5249724,6.529203,5.852363,0.0,4.124534,6.185744,8.792119,12.503221,15.117805,20.344566,21.786047,25.983595,27.911013,30.850126,28.485828,26.424158,25.343466,20.37511,18.467278,14.421803,14.985869,11.5208845,11.885536,12.292299,9.755892,13.886248,17.33305,19.49016,19.589687,18.682049,18.076523,17.415077,20.181194,16.773447,21.112494,21.682632,19.638947,26.101639,25.38687,29.584576,27.282377,32.00253,29.76642,32.683758,37.58375,33.38507,30.182413,29.589128,26.31116,28.146515,27.279493,26.47239,20.81956,24.009565,20.69857,25.031319,21.065866,25.379984,29.962673,26.798485,23.53991,22.923801,18.757475,18.676731,15.220835,17.474932,15.774496,17.157816,21.223526,17.958189,22.707806,22.28241,26.065496,24.622805,20.01796,18.341732,21.739243,24.474747,19.139074,23.54701,26.206478,26.212328,29.838032,30.208855,28.805529,26.562777,22.930481,16.926245,19.720833,24.44171,22.413036,18.042564,19.04948,19.132265,14.696744,14.433919,8.595007,10.766033,8.139746,8.361871,10.465534
13,30.329933,26.41529,23.163992,21.65576,19.08119,17.268007,15.124565,10.192286,8.244392,4.851309,4.8115664,8.343938,4.124534,0.0,5.333768,6.8875794,10.260237,13.42461,17.651096,19.782558,23.414843,25.660189,28.294998,25.981627,24.301697,22.808681,18.260384,15.753652,11.83159,11.857703,7.6313906,9.117608,8.654305,8.071618,11.2572975,14.802616,16.614313,16.167978,15.1694565,14.480952,13.357709,16.351788,12.960485,17.525282,18.361902,17.131628,23.304163,23.318413,27.453161,25.706486,30.401587,28.55667,31.898989,36.583164,32.888706,29.552658,29.283335,25.825184,27.426882,27.10372,25.915293,19.895681,22.781384,18.968512,23.019579,19.332415,23.426336,28.28495,25.791069,22.680267,22.491026,18.33544,18.751982,14.965372,18.384249,16.4274,18.965006,22.83939,20.399971,25.327263,24.809162,28.04543,25.973711,21.202759,18.970953,21.89859,24.590723,18.599445,22.441492,25.623936,25.269812,28.77653,29.465487,27.962435,26.211378,22.39106,16.708454,19.781576,24.416973,22.780865,18.691381,20.058258,20.2973,16.182947,15.733617,10.418759,11.429711,10.108384,8.97474,12.094188
14,33.38834,29.70107,26.101748,25.067177,22.073566,20.915903,18.30122,13.918069,12.581024,8.9908085,10.132112,11.588959,6.185744,5.333768,0.0,5.0091004,7.5061626,10.690849,15.1331415,16.971529,21.214314,22.82472,25.991112,24.248129,22.392214,21.548359,16.768309,14.539717,11.418309,10.487524,9.204523,6.419914,9.936631,7.297888,11.955087,15.045371,15.78767,16.262165,14.26737,13.335382,14.3053255,16.068256,14.146718,18.155684,19.674255,17.26495,23.950089,23.81435,27.355345,24.95898,29.644398,26.943298,30.377878,34.776268,30.79034,27.327541,27.426907,24.456362,26.83177,26.797205,26.477478,19.893797,23.967009,21.033932,25.38361,22.977877,27.109829,31.882196,29.47754,26.35307,25.47044,21.454714,20.916504,16.42125,19.519886,16.10327,18.97366,21.222738,18.832401,24.007505,22.279228,25.563877,23.24243,18.322039,16.80463,19.9131,21.528984,15.708177,19.835484,22.319712,21.593046,25.23221,25.422388,23.483204,21.528906,17.492321,11.914643,14.51701,19.355177,18.401947,14.193482,15.023803,15.14941,11.270828,11.021639,6.3316154,8.144163,8.714541,9.401203,13.020037
15,30.448574,26.855907,23.291817,21.972305,18.648298,18.716185,14.849363,12.146908,10.60619,7.5416126,10.875089,12.497645,8.792119,6.8875794,5.0091004,0.0,3.943637,6.5636306,11.731264,13.084564,17.201712,19.159313,22.061321,19.828072,17.88178,16.884583,12.004153,9.9583845,6.523744,6.8628993,6.763428,7.1054974,11.104157,11.194815,14.671156,17.745443,17.719202,17.325832,14.439565,12.443639,13.145894,13.446515,10.759229,14.119207,15.312613,12.309234,19.10127,18.835302,22.350876,20.063236,24.751932,22.346516,25.913664,30.320597,26.663383,23.193724,23.33031,20.129786,22.250622,22.551914,22.055954,15.268553,19.360434,16.64325,20.986355,19.592575,23.598509,28.256805,26.224606,23.248934,22.131401,18.374996,17.65219,12.800212,16.667084,12.8907995,16.939442,18.994968,17.846617,22.993027,21.697361,24.005196,21.074778,16.218725,13.78669,16.282013,18.364187,12.0504,15.718964,18.892794,18.420786,21.896978,22.701326,21.46345,19.933764,16.47917,10.93495,15.015969,18.80791,16.806942,13.284217,15.703221,16.816097,13.470156,11.910119,8.857751,6.756777,8.34125,7.233232,11.443197
16,30.096064,26.827614,23.04219,22.3509,18.8618,19.391584,15.729628,13.527481,13.238075,10.7400465,14.243958,16.43996,12.503221,10.260237,7.5061626,3.943637,0.0,4.0498176,7.9213505,9.730396,13.732834,15.553034,18.546377,16.768461,15.083849,14.218284,9.758347,7.365268,5.7026477,4.141638,7.557591,6.2980013,11.793181,12.548226,15.454627,18.026308,16.938482,16.559578,12.834704,10.306319,12.2773075,11.112569,9.948547,12.447145,14.383039,11.251337,17.791105,18.09313,20.923315,18.743366,23.25878,20.665186,24.636982,28.552595,25.259691,21.656206,22.377413,19.46644,21.817165,22.818861,22.598429,15.515724,19.905664,17.606937,21.636549,21.418188,25.077242,29.6898,28.248573,25.483253,24.304714,20.849243,19.979813,14.961859,19.07588,14.672606,19.349142,20.248718,19.858025,24.95947,23.073538,24.824347,21.331095,16.580675,14.252161,16.10936,17.277395,10.738212,13.615111,16.808535,15.692371,19.051847,19.91556,18.418404,17.38935,13.857457,9.263611,13.339527,16.632795,15.38913,12.548932,15.068187,16.368303,13.913111,12.273428,10.895395,8.25763,11.381978,10.540874,14.691665
17,31.189734,28.086344,24.464252,23.4594,19.78916,21.435661,16.720884,16.130701,15.247445,13.09145,17.11211,18.23751,15.117805,13.42461,10.690849,6.5636306,4.0498176,0.0,7.1744432,6.726569,11.46433,12.998306,16.15532,14.068385,11.834245,11.615768,6.659813,5.9382477,5.5125394,6.130612,10.56353,10.2253475,15.735894,16.46542,19.502296,22.02564,20.671576,20.227592,16.189192,13.309787,15.395425,12.931845,11.6882,12.7795,14.22317,9.5662,16.142187,15.710134,18.099937,15.334744,19.79562,16.799364,20.718225,24.606785,21.227882,17.615852,18.43138,15.693957,18.31835,19.566692,19.837372,12.747081,17.74176,16.497232,20.549568,21.517973,25.052717,29.279934,27.894026,25.261953,23.513294,20.482944,18.957731,13.9099655,17.725107,12.754513,17.880508,17.747324,18.341217,23.185532,21.253674,22.207706,18.313654,13.852714,11.322115,12.569579,13.532333,6.9257817,9.589319,12.93078,12.164428,15.484504,16.633606,15.889471,14.959916,12.353198,8.170128,13.091072,15.109815,12.756915,10.805038,14.422006,16.468018,14.605402,12.153598,12.334515,7.935471,11.747899,10.879371,14.58014
18,28.853397,26.426487,22.566683,22.965378,19.472578,21.169827,17.951492,17.42388,18.710333,17.29774,21.116606,24.0509,20.344566,17.651096,15.1331415,11.731264,7.9213505,7.1744432,0.0,5.094923,6.641847,8.58894,11.180975,10.481052,10.031631,9.199949,7.683528,5.475072,8.829369,6.1709404,12.304206,11.280626,16.283972,18.5307,19.987629,21.61131,18.89861,18.097971,13.444562,10.218063,13.459043,8.862861,10.941124,10.372184,13.299841,10.845384,15.214759,16.875168,17.966011,16.641638,20.302652,18.002571,22.635456,25.273285,23.31261,19.748644,21.590902,19.31452,21.498518,23.865309,23.83371,17.092367,21.106417,19.64979,22.599247,24.57683,27.330462,31.598309,31.396128,29.172596,28.034662,25.309477,24.42559,19.635738,24.064577,19.406866,24.812325,24.309425,25.37722,30.10545,27.834469,28.314991,24.009869,20.010405,17.69688,17.901983,17.6887,11.971418,11.73747,15.031712,12.719093,15.069273,16.573103,15.11626,15.837137,13.182888,12.053716,15.363941,16.608875,16.545845,15.766147,18.486038,20.124937,19.24605,17.50055,18.052437,14.773064,18.643436,17.497873,21.383871
19,31.667528,29.247732,25.671577,25.354164,21.70516,24.329622,19.812231,20.463587,20.577194,19.078657,23.283724,24.850637,21.786047,19.782558,16.971529,13.084564,9.730396,6.726569,5.094923,0.0,5.468815,6.3214884,9.686738,8.363089,6.5041695,7.4211383,5.3681927,6.398451,9.764523,9.466874,15.337154,14.754867,20.29021,21.796118,24.065601,25.992714,23.560444,22.95555,18.348955,15.147728,18.036797,13.51212,14.234465,13.016594,14.840803,10.409873,14.810362,15.064578,15.5584755,13.132371,16.678047,13.511835,17.99916,20.644888,18.35647,14.776295,16.783386,14.938719,17.5798,20.107166,20.834635,14.413438,19.100508,18.963722,22.074236,24.974333,27.77125,31.568226,31.110237,28.941998,27.091146,24.764505,23.103018,18.43787,22.18776,17.145903,22.564833,20.931847,22.8591,27.171814,24.846914,24.536913,19.981129,16.539433,14.363291,13.831174,13.061159,8.17208,6.8086905,10.071936,8.122675,10.4893265,12.407043,12.151953,12.849475,11.602228,10.913502,14.869279,14.709927,13.224214,13.534575,17.167425,19.510006,19.05611,16.61184,18.362183,13.953858,18.116085,17.21064,20.549595
20,29.362177,27.562674,24.147083,24.504055,21.11255,24.261513,20.39343,21.875324,22.977356,22.184849,26.449205,28.931284,25.983595,23.414843,21.214314,17.201712,13.732834,11.46433,6.641847,5.468815,0.0,3.724426,4.8879213,4.2253633,5.121369,5.143188,7.6547527,8.195926,12.616986,11.894338,17.602877,17.879173,22.443253,25.105743,26.390877,27.931093,24.984755,23.853792,19.251663,16.013512,18.595373,13.008669,14.842413,11.998809,14.019577,11.327207,13.073159,14.788686,14.032878,13.260834,15.764502,13.934896,18.70253,20.270903,19.589228,16.404549,18.880674,17.24697,18.979708,22.261482,22.488447,16.835014,20.288942,20.167871,22.223917,26.112764,28.166517,31.722197,32.216206,30.477087,29.033268,27.13497,25.946245,21.688782,25.853786,21.347319,26.972155,25.533363,27.905401,32.040897,30.004044,29.234047,24.546566,21.539303,19.114351,17.87162,17.14459,13.119596,10.144464,13.363621,11.217352,11.98525,14.594887,14.643844,16.517517,15.743312,16.128178,19.511974,18.909224,18.129131,18.903791,22.316204,24.507994,24.23775,21.979523,23.444574,19.159748,23.063042,21.572678,24.924124
21,32.96158,31.246088,27.811117,28.224592,24.816593,27.85438,23.940386,25.124777,26.011013,24.874542,29.065445,31.090862,27.911013,25.660189,22.82472,19.159313,15.553034,12.998306,8.58894,6.3214884,3.724426,0.0,4.206106,5.9533124,6.385129,8.113718,10.0574255,11.168394,15.352165,14.435257,20.445162,19.616062,24.860947,26.846073,28.46653,29.858992,26.67937,25.992706,21.275457,18.197,21.45457,15.981181,18.19659,15.661962,17.702589,14.493175,16.371431,17.499462,16.201513,14.772516,16.788683,14.097174,18.586685,19.515945,18.771399,15.704312,18.616417,17.758211,20.02516,23.360012,24.271652,18.810118,22.758768,23.179417,25.392239,29.403564,31.570448,35.011963,35.32977,33.537018,31.785242,29.912674,28.334187,24.000137,27.712357,22.822855,28.242966,25.886112,28.418898,32.372944,29.797674,28.768969,24.013403,21.384901,19.601332,18.206446,16.330801,13.409919,10.046622,11.902607,9.120023,9.252957,11.627511,11.666936,14.1067505,14.07194,15.809221,18.551155,16.992195,16.789543,18.329315,21.46508,23.71954,24.133118,21.923477,24.282206,20.121662,24.399017,23.48295,26.733004
22,31.387339,30.14237,26.983637,27.677444,24.523458,28.024086,24.387888,26.335888,27.636173,27.008787,31.292469,33.75223,30.850126,28.294998,25.991112,22.061321,18.546377,16.15532,11.180975,9.686738,4.8879213,4.206106,0.0,4.5551033,7.0608687,7.9974895,11.9338255,12.980751,17.408007,16.693293,22.34583,22.443487,26.951199,29.694197,30.765253,32.034317,28.72626,27.606058,23.033484,19.961222,22.661268,16.812592,19.18203,15.725797,17.509197,15.342394,15.336665,17.197481,15.027897,14.852568,15.961519,14.53387,18.97287,19.157383,19.690495,17.051378,20.032282,19.20198,20.686209,24.428183,24.929785,20.160017,23.172083,23.701523,25.141094,29.847233,31.45586,34.595615,35.556366,34.1044,32.594654,31.096052,29.809635,25.841246,29.76789,25.322506,30.874693,28.787952,31.665283,35.47276,33.29619,31.933184,27.13966,24.768045,22.641699,20.810303,19.369097,16.704494,12.753701,14.93052,12.672383,11.961519,14.766207,15.334276,18.065117,18.247309,19.883894,22.712715,21.129206,20.770565,22.37387,25.647224,27.899483,28.182047,25.934792,27.952032,23.621908,27.645992,26.241137,29.41903
23,29.017344,27.49014,24.501888,24.512285,21.25853,25.277054,20.88813,23.639618,24.43807,24.097095,28.585413,30.768616,28.485828,25.981627,24.248129,19.828072,16.768461,14.068385,10.481052,8.363089,4.2253633,5.9533124,4.5551033,0.0,3.5283418,3.805186,8.541015,10.254696,14.443977,14.862449,20.01548,21.41857,25.553217,28.537083,29.786602,31.482508,28.715563,27.28162,22.824797,19.535069,21.386103,15.763458,16.737284,13.061583,14.058614,11.375217,11.186498,12.648709,10.721124,10.637133,12.247664,11.364667,16.043037,17.164072,17.446571,14.690016,17.1922,15.728106,16.745268,20.467707,20.58787,15.970523,18.652716,19.32728,20.723799,25.667145,27.246635,30.259771,31.139547,29.744984,28.171345,26.857254,25.596306,21.885574,25.850466,21.798563,27.407604,25.856342,28.915806,32.633278,31.109446,29.673557,24.951044,22.53858,19.846058,17.828184,17.471502,14.409236,10.385352,13.7406025,12.493537,12.365494,15.655945,16.885765,18.88474,18.9298,19.205585,22.939123,21.845985,20.14314,21.36177,25.259197,27.730944,27.394928,24.818123,26.312933,21.47878,25.059982,23.17615,26.099894
24,30.487663,28.560015,25.529778,24.949678,21.488222,25.471579,20.369816,23.04958,23.09087,22.468872,27.038376,28.49713,26.424158,24.301697,22.392214,17.88178,15.083849,11.834245,10.031631,6.5041695,5.121369,6.385129,7.0608687,3.5283418,0.0,3.6243532,6.19934,9.063102,12.779136,13.928084,19.062525,20.392012,24.969954,27.37901,29.216143,31.202013,28.769535,27.559608,23.069136,19.719627,21.60794,16.428896,16.54626,13.551488,14.196169,9.983153,11.3941555,11.425801,10.153103,8.449136,10.9288645,8.861319,13.659294,15.620889,14.877157,11.800749,14.131731,12.535213,14.072177,17.580488,18.11945,13.197908,16.66999,17.750593,19.769499,24.468607,26.458326,29.48921,29.783522,28.182272,26.20726,24.810904,23.1272,19.312645,22.929966,18.65367,24.178957,22.359354,25.521698,29.152908,27.655548,26.162107,21.454374,19.08874,16.40405,14.313035,14.068626,11.11701,6.9432774,10.680576,10.022054,10.403825,13.736438,15.372288,16.818142,17.059353,16.822824,20.927572,19.79281,17.255589,18.505663,22.719961,25.391245,24.961164,22.154036,23.856184,18.720352,22.281364,20.580961,23.290575
25,26.878576,24.951725,21.931606,21.46379,18.05983,22.136152,17.307327,20.276087,20.787498,20.590435,25.143427,27.318336,25.343466,22.808681,21.548359,16.884583,14.218284,11.615768,9.199949,7.4211383,5.143188,8.113718,7.9974895,3.805186,3.6243532,0.0,5.466191,7.1972923,11.064302,12.216218,16.854448,19.171694,22.914543,26.054768,27.377058,29.359655,27.045086,25.429398,21.142893,17.783014,18.997911,13.799366,13.654003,10.179048,10.767489,7.5711265,8.361361,9.697045,9.148041,8.936183,11.761221,11.133711,15.883643,18.146591,17.69034,14.692195,16.546026,14.236401,15.034114,18.39563,18.001959,12.887712,15.515313,15.707607,17.408438,21.982397,23.769562,26.999763,27.638704,26.119799,24.634497,23.167639,22.075443,18.34079,22.573387,18.781292,24.46896,23.70384,26.499817,30.365715,29.271917,28.186392,23.621525,20.828413,17.66479,15.96757,16.678043,12.650948,9.477235,13.820305,13.10311,13.886431,17.053076,18.137486,19.450954,18.923754,17.95486,22.240778,21.921442,19.578014,20.094961,24.22564,26.678738,25.753576,23.095821,23.914286,18.961195,22.142044,19.882458,22.784962
26,28.422342,25.796438,22.55097,21.424097,17.737516,21.096542,15.612974,17.648373,17.158436,16.329496,20.912334,22.358751,20.37511,18.260384,16.768309,12.004153,9.758347,6.659813,7.683528,5.3681927,7.6547527,10.0574255,11.9338255,8.541015,6.19934,5.466191,0.0,4.0786448,6.731439,8.943212,13.439273,15.527239,19.816147,22.087736,24.205656,26.588783,24.848717,23.60907,19.40612,16.094332,17.369598,13.272905,11.862609,10.324779,10.866212,5.3474007,10.447075,10.062118,11.630678,9.443393,13.689622,11.672852,16.09743,19.634539,17.469221,14.036386,15.194677,12.277513,13.96444,16.349451,16.223131,9.730231,13.896898,13.656534,16.755201,19.92332,22.622864,26.27726,25.84502,23.790752,21.973497,19.888775,18.419802,14.069555,18.229422,13.9345255,19.642656,19.193804,21.423769,25.590406,24.454794,23.990234,19.62938,16.226034,12.906547,12.067999,13.462556,8.1079855,6.9971275,11.81007,11.566732,13.684445,16.206762,16.924458,17.156021,16.045681,13.633384,18.465275,18.906355,15.839202,15.543531,19.853657,22.324532,20.930952,18.144749,18.696321,13.567059,16.69498,14.636871,17.633526
27,26.100811,23.346243,19.783396,19.157856,15.478562,18.039135,13.465901,14.423907,14.864113,14.043145,18.42445,21.036896,18.467278,15.753652,14.539717,9.9583845,7.365268,5.9382477,5.475072,6.398451,8.195926,11.168394,12.980751,10.254696,9.063102,7.1972923,4.0786448,0.0,4.484859,5.23916,10.014163,12.297474,16.090261,18.953562,20.546,22.813963,21.039165,19.612934,15.490404,12.183012,13.308635,9.348503,8.186008,7.376312,9.025898,5.4822326,10.971957,12.080222,14.211907,13.036097,17.196056,15.674833,20.140827,23.567162,21.535109,18.072952,19.210266,16.16,17.638987,19.740166,19.043434,12.3422,15.864272,14.174914,17.244278,19.328398,22.111465,26.287405,25.986979,23.813444,22.654104,20.094501,19.349941,14.798678,19.561216,15.539813,21.14906,21.61217,22.972885,27.544395,26.317228,26.603031,22.448935,18.496855,15.25873,15.273519,16.704561,10.582656,10.591629,15.065045,14.109923,16.503239,18.64457,18.37343,18.58738,16.440218,13.649473,18.150291,19.587255,17.58086,16.455408,20.11749,22.101538,20.361664,18.072412,17.69865,13.437371,16.41275,14.187441,17.773304
28,26.183987,22.90974,19.453667,18.057611,14.396353,16.303185,11.21647,11.512643,10.841702,9.752416,14.266948,16.60888,14.421803,11.83159,11.418309,6.523744,5.7026477,5.5125394,8.829369,9.764523,12.616986,15.352165,17.408007,14.443977,12.779136,11.064302,6.731439,4.484859,0.0,4.876832,7.023321,10.771256,13.88115,16.400785,18.438452,21.202326,20.352726,18.960127,15.45116,12.530597,12.610654,10.660892,7.2357,8.712669,9.439078,5.901265,12.612494,12.808658,16.182842,14.659875,19.221338,17.72667,21.692757,25.843702,23.141747,19.734718,20.134775,16.632158,18.00098,19.179556,18.123232,11.260138,14.740155,12.180137,16.003288,16.532503,19.91847,24.367985,23.331366,20.816744,19.727152,16.669645,16.107477,11.379858,16.315151,12.729698,18.032228,19.701612,20.307522,25.03138,24.31198,25.244562,21.596796,17.296963,13.8314085,14.748495,17.24272,10.780689,12.516681,16.865808,16.53607,19.39342,21.207575,20.87643,20.308403,17.763533,13.481171,18.260311,20.606934,17.978785,15.869165,19.469961,21.276154,18.712704,16.468388,14.885653,10.812967,12.822247,10.094608,13.785381
29,26.412289,23.34969,19.462854,19.270905,15.803778,16.541058,13.421077,11.684264,12.811651,11.310748,15.015434,18.573637,14.985869,11.857703,10.487524,6.8628993,4.141638,6.130612,6.1709404,9.466874,11.894338,14.435257,16.693293,14.862449,13.928084,12.216218,8.943212,5.23916,4.876832,0.0,6.1846266,7.2209044,11.09423,13.87913,15.371191,17.653715,16.095701,14.903197,10.946198,7.89507,9.359239,7.1697927,6.453565,8.623409,11.152716,9.482185,15.162893,16.59155,19.256662,18.06913,22.36836,20.587584,24.919765,28.512236,26.012033,22.442152,23.42169,20.341227,22.10058,23.620417,22.821754,15.891271,19.41349,16.651987,20.042915,20.286348,23.465462,28.152523,27.452412,24.965446,24.283447,21.052889,20.77758,16.012056,20.807285,16.897724,21.976782,23.181448,23.301037,28.287622,26.754984,28.086351,24.336891,19.80135,17.005579,18.155975,19.484259,12.893997,14.447934,18.285217,16.895823,19.80062,21.198397,19.825098,19.553383,16.215336,12.6832485,16.51318,19.347998,18.435337,16.19353,18.82262,20.101732,17.891333,16.351568,14.859988,12.171658,14.882388,13.109057,17.219515
30,24.241175,20.636095,16.967281,16.190226,13.169101,12.296901,10.074189,6.040942,7.4553657,6.33845,9.484863,14.543144,11.5208845,7.6313906,9.204523,6.763428,7.557591,10.56353,12.304206,15.337154,17.602877,20.445162,22.34583,20.01548,19.062525,16.854448,13.439273,10.014163,7.023321,6.1846266,0.0,7.702933,7.3720083,11.3335,12.187512,15.099963,15.14569,13.380634,11.159472,9.341231,7.4636593,9.221482,5.37786,10.069748,11.506283,11.659006,17.022501,18.370285,22.080898,21.355263,25.798954,24.70231,28.674,32.80895,30.15014,26.72707,27.052494,23.472076,24.612326,25.378067,23.740307,17.362312,19.724388,15.620971,18.968822,17.015135,20.418867,25.44914,24.376507,21.73701,21.862707,18.217527,18.972998,14.820699,19.744043,17.247873,21.536558,24.566109,23.785707,28.753147,28.118164,30.140518,27.036259,22.357513,19.310434,21.054586,23.536015,16.939987,19.263954,23.2873,22.460972,25.506104,26.89892,25.60955,24.876978,21.289427,16.68281,20.38623,24.111044,22.744848,19.661423,21.963875,22.805878,19.592272,18.464903,14.940763,13.463344,14.196675,11.645964,15.484953
31,30.4583,27.190273,23.232822,23.389124,20.406717,19.084587,17.706036,13.029021,14.2069645,11.561423,13.248654,17.081787,11.885536,9.117608,6.419914,7.1054974,6.2980013,10.2253475,11.280626,14.754867,17.879173,19.616062,22.443487,21.41857,20.392012,19.171694,15.527239,12.297474,10.771256,7.2209044,7.702933,0.0,7.048345,7.2571273,9.642419,11.913389,10.9506645,11.190893,8.205747,7.152401,9.579427,10.917851,11.198824,14.914234,17.542793,16.337715,22.24223,23.4461,26.362288,24.73119,29.167137,26.774195,30.86787,34.60251,31.424606,27.793262,28.629992,25.762676,28.033997,28.936829,28.423332,21.445896,25.290678,22.12541,25.869032,24.413368,27.999647,32.96233,31.589964,28.767733,28.316229,24.516602,24.38295,19.644318,23.738997,19.918655,23.887033,25.421576,24.000269,29.226028,27.07798,29.673502,26.587105,21.695618,19.89425,22.17611,23.037382,16.727106,19.602446,22.409151,20.713377,24.034842,24.42654,21.906836,20.898859,16.468275,12.517379,14.571444,19.079332,19.654789,16.285194,17.020468,17.08738,14.455294,14.363208,11.650074,12.175656,14.3234415,14.079638,18.186485
32,26.84384,23.427559,19.722359,20.164814,18.019075,14.790298,15.81708,9.274723,12.083053,10.596792,10.470388,16.665844,12.292299,8.654305,9.936631,11.104157,11.793181,15.735894,16.283972,20.29021,22.443253,24.860947,26.951199,25.553217,24.969954,22.914543,19.816147,16.090261,13.88115,11.09423,7.3720083,7.048345,0.0,6.5072064,4.937457,7.793516,8.878614,7.6098595,7.671387,8.396581,6.751225,11.660493,10.915095,15.576057,17.803495,18.785791,23.736044,25.616352,29.084654,28.397717,32.79978,31.377441,35.480145,39.418907,36.611576,33.063953,33.60902,30.259995,31.763336,32.450138,30.99347,24.54198,27.04252,22.739876,25.852806,22.915499,26.138153,31.283415,30.163778,27.498672,28.12497,24.250315,25.316729,21.352806,25.763681,23.291796,26.853334,29.915283,28.118423,33.23427,32.00364,34.88102,32.100582,27.195353,24.884432,27.170563,28.965437,22.432148,25.120714,28.552164,27.098188,30.282991,31.05745,28.73421,27.887594,23.50561,19.36605,21.449705,26.11708,26.380156,22.806581,23.56146,23.347172,20.168688,20.351015,16.165134,17.260157,17.779442,16.545046,20.230669
33,33.23339,29.698807,26.056494,26.01997,23.663683,20.756298,20.700918,14.418519,15.149351,12.362602,11.271348,15.246795,9.755892,8.071618,7.297888,11.194815,12.548226,16.46542,18.5307,21.796118,25.105743,26.846073,29.694197,28.537083,27.37901,26.054768,22.087736,18.953562,16.400785,13.87913,11.3335,7.2571273,6.5072064,0.0,5.4162273,8.251214,10.224983,11.386134,11.379446,12.293379,12.823071,16.625208,16.007856,20.565102,22.706038,22.10638,28.048847,29.018192,32.51609,30.856129,35.45463,33.12886,36.917046,41.04535,37.450546,33.89352,34.283775,31.263298,33.42829,33.639114,32.885033,26.29789,29.723625,25.98104,29.785095,26.569485,30.331917,35.379456,33.397873,30.405546,30.425581,26.306892,26.673609,22.54536,25.97671,23.137737,25.808191,28.464659,25.72234,30.801743,28.973114,32.60703,30.384714,25.4673,24.063486,27.042519,28.36119,22.363026,25.981941,28.547457,27.169315,30.672531,30.725142,28.005095,26.433743,21.81442,17.380812,18.421982,23.756844,24.444527,20.338816,19.935255,19.027546,15.643339,16.72611,12.173008,15.355585,15.605539,15.999127,19.354647
34,30.467855,27.181278,23.614075,24.383093,22.572105,18.687895,20.499962,13.647702,16.126999,14.38273,12.940847,18.638351,13.886248,11.2572975,11.955087,14.671156,15.454627,19.502296,19.987629,24.065601,26.390877,28.46653,30.765253,29.786602,29.216143,27.377058,24.205656,20.546,18.438452,15.371191,12.187512,9.642419,4.937457,5.4162273,0.0,3.5710397,6.82281,7.238958,9.281736,11.334479,10.678273,15.694255,15.783938,20.319412,22.69828,23.585598,28.62794,30.482498,33.90003,33.02223,37.45933,35.73004,39.80641,43.71635,40.676746,37.087337,37.67163,34.47618,36.24405,36.781754,35.52332,29.022593,31.74686,27.464275,30.648844,27.260866,30.513748,35.65143,34.312775,31.580826,32.28632,28.289589,29.340313,25.45103,29.444654,26.967823,30.008286,33.013588,30.597147,35.690544,34.11296,37.512444,35.03507,30.091463,28.280062,30.903248,32.342472,26.014225,29.012587,32.01032,30.344767,33.62041,33.967346,31.135998,30.093657,25.40927,21.560455,22.590057,27.697557,28.779112,24.96415,24.741673,23.850443,20.791214,21.790163,17.447561,19.957775,20.2711,19.847742,23.291288
35,31.531107,28.541914,24.979916,26.362198,24.758245,20.632088,23.177649,16.398518,19.423868,17.853683,16.431936,22.15099,17.33305,14.802616,15.045371,17.745443,18.026308,22.02564,21.61131,25.992714,27.931093,29.858992,32.034317,31.482508,31.202013,29.359655,26.588783,22.813963,21.202326,17.653715,15.099963,11.913389,7.793516,8.251214,3.5710397,0.0,4.7824206,6.104711,9.38405,12.206498,12.041231,16.930292,18.034695,22.24458,24.938313,26.183846,30.889902,33.125996,36.29171,35.59079,39.915283,38.182323,42.40356,46.070015,43.205425,39.580162,40.38521,37.303333,39.137054,39.88298,38.664974,32.071705,34.810425,30.524887,33.52037,30.328451,33.3764,38.51893,37.451992,34.811897,35.64056,31.692896,32.7961,28.85091,32.931786,30.29122,33.443474,36.1876,33.80448,38.924294,37.06807,40.47079,37.898434,32.958744,31.27939,33.81522,34.90736,28.6162,31.371536,34.237415,32.25517,35.40881,35.633747,32.47647,31.651821,26.865692,23.656391,24.102888,29.147432,30.937895,27.288418,26.68038,25.535547,22.894392,24.179094,20.249952,22.926172,23.55726,23.278728,26.792833
36,31.076706,28.428862,24.60508,26.534296,24.666664,21.246872,23.50068,17.405838,20.902365,19.307152,18.990168,24.642017,19.49016,16.614313,15.78767,17.719202,16.938482,20.671576,18.89861,23.560444,24.984755,26.67937,28.72626,28.715563,28.769535,27.045086,24.848717,21.039165,20.352726,16.095701,15.14569,10.9506645,8.878614,10.224983,6.82281,4.7824206,0.0,3.8695593,6.112209,9.329429,10.801779,14.47685,17.091864,20.609196,23.83206,25.039259,29.424011,32.036144,34.659218,34.06619,38.172714,36.348385,40.774418,43.997803,41.462536,37.81286,39.012276,36.172894,38.151115,39.364674,38.375217,31.560232,34.564995,30.620619,33.503967,31.34165,34.244762,39.37123,38.724564,36.176754,36.76686,32.96039,33.77819,29.47519,33.84108,30.594187,34.33262,36.297894,34.472332,39.684013,37.388344,40.353313,37.35727,32.482777,30.838968,33.010323,33.52868,27.306536,29.496794,32.22391,29.82591,32.732113,32.940247,29.56664,29.194046,24.461054,22.18244,22.364609,26.950981,29.386412,26.235567,25.673128,24.683575,22.70567,23.822784,20.895668,22.897484,24.463705,24.177038,28.05557
