,0,1,2,3,4,5,6,7,8,9,10,11,12,13,14,15,16,17,18,19,20,21,22,23,24,25,26,27,28,29,30,31,32,33,34,35,36,37,38,39,40,41,42,43,44,45,46,47,48,49,50,51,52,53,54,55,56,57,58,59,60,61,62,63,64,65,66,67,68,69,70,71,72,73,74,75,76,77,78,79,80,81,82,83,84,85,86,87,88,89,90,91,92,93,94,95,96,97,98,99,100,101,102,103,104,105,106,107,108,109
0,0.0,4.2991853,6.544648,9.440628,12.569442,14.759811,17.973106,20.812466,24.467625,27.50571,29.806667,35.222393,30.97732,29.039646,24.145676,23.097195,18.746746,19.393597,14.109954,16.54246,16.69754,15.659378,18.015795,22.70321,24.857622,27.283978,30.157099,29.396828,33.431717,35.63977,33.941574,33.97454,40.14415,39.734085,38.59431,40.60702,44.076977,45.040035,43.263245,43.13961,44.671753,40.141262,42.06943,36.85042,40.696716,34.29917,38.988827,34.327843,36.75726,35.2067,38.00669,42.11883,41.783432,40.583164,45.138046,43.49011,41.42745,43.222134,44.065582,40.04851,38.41174,37.361893,34.14375,31.512157,30.031147,26.292858,26.868446,23.419546,20.374147,17.120192,15.721583,15.241761,17.804096,22.013002,22.01508,26.413464,27.372377,31.75443,32.158222,35.74487,36.84963,37.176147,34.44708,30.49432,30.126968,25.744497,25.92628,21.554777,20.654339,19.944227,20.325409,21.62568,25.21699,26.188053,24.32227,26.358192,24.400246,28.744522,26.840645,33.745293,29.967617,34.73885,37.269806,35.222137,32.38685,31.412033,26.793846,25.276947,21.149782,19.540886
1,4.2991853,0.0,5.2509327,6.489762,9.133404,12.281898,14.717509,18.33875,21.710686,25.154766,27.46799,32.93469,29.297668,27.456001,22.658934,21.14608,17.072134,17.029394,12.754293,13.929295,14.937616,13.814882,17.036203,21.014963,23.122612,25.5518,27.84308,26.712446,30.57868,33.120014,31.695097,31.001083,37.298893,37.34174,35.929348,37.646774,41.39463,42.523808,40.393528,40.127922,41.380367,36.866634,38.424732,33.180576,36.88819,30.372679,35.218273,30.431,33.241135,31.568884,34.071304,38.390766,38.24234,36.876606,41.236126,39.487816,37.38698,39.041927,39.855236,35.77998,34.26124,33.086735,29.862268,27.217196,25.80113,21.995651,22.689404,19.372906,16.138618,13.056007,11.702506,10.974241,13.942494,17.972017,18.446424,22.715464,24.046581,28.482456,29.141378,32.805504,34.12217,34.83116,31.907774,27.863773,27.162792,22.989573,22.667421,18.58635,17.272213,16.991444,17.027441,18.042797,21.988169,23.099604,21.417929,23.142258,22.018955,26.08217,24.725897,31.426298,27.969805,32.75578,35.289875,33.667503,30.820175,30.471598,25.426596,24.688913,20.351269,19.5811
2,6.544648,5.2509327,0.0,5.0517697,7.217135,8.440845,12.065187,14.332554,18.23494,20.995428,23.533323,28.788515,24.75032,23.049288,17.953205,17.207554,13.064374,14.231793,10.176529,13.125214,15.0100975,15.140609,18.237116,22.115938,24.92465,26.800653,29.61271,27.776472,31.890646,34.21905,31.995615,31.270145,37.94898,37.532364,35.576138,37.45558,41.01573,41.730305,39.44457,38.93313,40.775196,35.793232,37.711685,32.61268,35.866314,29.313023,33.588547,28.88148,30.775064,29.298916,32.55577,36.3582,35.719547,34.834156,39.59508,38.21545,36.210243,38.466736,39.595013,35.894276,34.256084,33.63708,30.727777,27.870325,27.585318,23.004038,24.601645,21.740574,17.816053,16.060053,14.590849,12.439319,14.531668,17.968155,17.318583,21.721933,22.049831,26.552605,26.434177,30.38954,31.102516,31.49396,29.083899,25.245817,25.380653,20.732874,21.853197,17.947311,17.766542,18.260107,19.142754,20.577295,24.862673,24.985891,22.56164,23.537256,21.785303,25.229918,23.114681,29.40105,25.41716,29.937393,32.19288,30.17973,27.5872,26.52684,22.079533,21.104801,16.810131,16.329819
3,9.440628,6.489762,5.0517697,0.0,3.866809,6.6688986,8.959376,12.788611,15.608802,19.560995,21.315165,27.029348,23.480417,21.46151,17.12383,14.900184,11.014252,10.568362,7.290034,8.371604,10.860645,11.113923,14.768696,17.885654,20.722424,22.468315,24.98086,22.881178,26.949064,29.362265,27.264906,26.265516,32.95647,32.725277,30.736517,32.514492,36.178734,37.045372,34.712437,34.277905,35.925816,31.10211,33.021496,27.873001,31.500654,25.226303,29.733028,25.491722,27.691687,26.799273,29.525837,33.07716,33.20272,32.598343,36.784824,35.400475,32.88626,35.065285,35.755867,32.259937,29.981775,29.709654,26.823484,24.252916,23.862114,19.64726,21.815668,19.442106,15.165212,13.353047,11.104292,8.876982,9.728026,13.525447,12.74018,17.202833,17.933743,22.345657,22.81813,26.446669,27.686499,28.3508,25.435875,21.415705,20.97312,16.60762,17.006296,13.040755,12.720162,13.396703,14.469725,16.137913,20.470041,20.160505,17.635508,18.489983,17.06227,20.490894,18.871468,25.25386,21.709127,26.410837,28.879906,27.388151,24.58341,24.577776,19.332594,19.213087,14.808339,15.051435
4,12.569442,9.133404,7.217135,3.866809,0.0,4.654383,5.595512,10.030562,12.810783,16.760088,18.877768,24.36161,21.516104,19.881104,15.513523,13.397665,10.279918,9.6090975,8.940666,8.899812,12.738144,13.328558,17.30718,19.521439,22.343216,23.85591,25.802553,23.1041,26.913967,29.604755,27.588848,25.663141,32.55823,32.71023,30.178944,31.608156,35.50944,36.383472,33.529137,32.760014,34.30067,29.270218,30.769566,25.681921,28.729803,22.11715,26.540619,21.932167,24.226192,23.020575,25.82563,29.57508,29.502632,28.755375,33.03531,31.658503,29.300205,31.574379,32.521225,29.03489,27.11656,26.79479,24.066826,21.288574,21.646868,16.87471,19.506907,17.551006,12.954319,12.513833,10.814174,7.3781013,8.420095,10.991435,10.421049,14.673005,15.372405,19.958946,20.267405,24.28256,25.394083,26.430147,23.642458,19.680279,19.293581,15.030256,15.559955,12.456041,12.145045,13.919075,14.728599,15.950881,20.634834,20.25727,17.843002,17.818264,17.391104,19.920555,18.714417,24.357134,21.014809,25.445017,27.683035,26.509466,23.934513,24.200233,19.047495,19.712328,15.3989315,16.65889
5,14.759811,12.281898,8.440845,6.6688986,4.654383,0.0,4.6471324,6.2168713,9.79494,13.001731,15.275489,20.664883,17.236929,15.676476,10.96121,9.607268,6.508444,7.6955853,8.086498,10.062713,14.100563,15.694922,19.116879,21.297121,24.608444,25.603865,28.098608,24.97048,28.93565,31.262163,28.475592,26.769102,33.821648,33.41156,30.462858,32.10455,35.67845,36.089924,33.205215,32.235424,34.43668,29.009436,30.990446,26.18453,28.760656,22.375565,25.997128,21.73033,22.769522,21.999804,25.639797,28.604345,28.049017,27.984194,32.606327,31.685629,29.40156,32.30632,33.501705,30.528498,28.412163,28.748697,26.426933,23.61103,24.922014,19.816923,23.031355,21.461376,16.758408,17.024853,15.342386,11.75734,11.659134,13.312437,11.192528,15.245176,14.484243,18.969763,18.27148,22.544611,22.923147,23.518246,21.343473,17.679451,18.391972,13.6304655,16.081064,13.360914,14.458873,16.577839,18.148972,19.743156,24.315424,23.107212,20.100382,19.477875,18.186945,19.986448,17.87431,22.914793,18.984575,23.05171,24.96999,23.335728,21.055227,20.544552,16.095282,16.587105,12.467453,14.270697
6,17.973106,14.717509,12.065187,8.959376,5.595512,4.6471324,0.0,5.820852,7.4698286,11.874383,13.765384,19.159714,17.109697,15.777154,12.104476,9.639355,8.320548,7.2689657,10.4597025,9.715437,14.535839,16.057013,19.835112,20.874199,23.928694,24.75292,26.428747,22.832153,26.397871,29.031944,26.618633,23.904047,30.989826,31.156631,27.838955,29.026897,32.91409,33.528637,30.166422,28.979282,30.798653,25.387226,26.853182,22.048609,24.368204,17.797865,21.632908,17.272959,18.852943,18.152086,21.329842,24.439722,24.349014,24.229317,28.453678,27.457457,24.942402,27.78135,28.869625,25.987976,23.804752,24.254328,22.091248,19.348564,21.168983,16.050184,19.8762,19.018164,14.240949,15.501164,14.00749,10.134981,9.208914,9.361321,7.380261,11.011039,10.655698,15.285738,15.050082,19.442303,20.234991,21.528545,19.001621,15.264076,15.373168,11.194768,12.884305,11.272963,12.09357,15.088659,16.329813,17.530901,22.150843,20.815126,18.088142,16.680202,16.759012,17.713448,16.62469,20.936113,17.770258,21.65238,23.527596,22.71727,20.508757,21.187449,16.338806,18.115685,14.321537,16.970114
7,20.812466,18.33875,14.332554,12.788611,10.030562,6.2168713,5.820852,0.0,4.9733133,6.828771,9.850314,14.682221,12.053296,11.356783,6.985477,6.932968,7.115108,8.85812,12.512464,13.841814,18.34237,20.494934,23.74239,24.977146,28.404263,28.818695,31.012747,27.145403,30.772123,33.022728,29.88907,27.432148,34.51649,34.117508,30.358385,31.70205,35.161865,35.21082,31.778336,30.276756,32.834232,27.031147,28.87553,24.62276,25.980623,19.808039,22.296904,18.263361,17.938213,17.467833,21.89867,24.067333,22.910088,23.533735,28.37324,27.973505,25.8988,29.457716,31.056156,28.751877,26.80199,27.767178,26.119028,23.300825,26.076248,20.648355,24.626942,23.93663,19.2785,20.99576,19.712143,15.750062,14.923774,14.553505,11.735104,14.443621,12.20696,16.253641,14.296946,19.114908,18.576336,19.290663,17.987104,15.005823,16.776825,12.396385,16.333296,15.291025,17.171339,20.15022,21.856754,23.254065,27.776802,25.961954,22.847414,21.027884,20.26486,20.389215,18.322262,21.46163,17.676966,20.716938,21.9279,20.497385,18.950718,18.359806,15.039842,16.57184,13.462377,16.596827
8,24.467625,21.710686,18.23494,15.608802,12.810783,9.79494,7.4698286,4.9733133,0.0,5.8536806,6.371123,11.896209,10.555976,9.679043,8.100841,5.817844,8.446623,8.326382,14.0472555,13.916268,18.481014,20.956207,23.98866,24.143942,27.509518,27.417486,29.261215,24.924221,28.230017,30.328844,27.059467,24.145979,31.099895,30.726576,26.550903,27.702225,31.071835,31.000229,27.314507,25.623499,28.325241,22.42903,24.4226,20.483082,21.639185,16.132057,18.088108,15.165866,14.130565,15.152609,19.21318,20.295078,19.993286,21.564112,25.640184,25.570187,22.88932,26.739285,27.945257,26.350683,23.587296,25.443392,24.24638,21.88439,25.164663,20.265505,24.90024,24.966507,20.381027,22.421797,20.895437,17.188593,14.957294,13.556452,9.909805,11.390287,8.062643,11.593921,9.325508,14.192538,13.752306,14.8483925,13.339908,10.536108,12.545352,8.823955,13.349483,13.629316,16.091162,19.477081,21.420378,22.875744,27.03226,24.485636,21.293694,18.67261,18.325327,17.216486,15.597354,17.440176,14.254358,16.799904,17.867048,17.182823,15.804821,16.49872,13.030041,15.928853,13.578788,17.513365
9,27.50571,25.154766,20.995428,19.560995,16.760088,13.001731,11.874383,6.828771,5.8536806,0.0,5.2833185,8.106811,7.185016,8.369992,6.7959723,8.657434,11.626852,13.348123,18.181942,19.282352,23.69874,26.246437,29.168613,29.6938,33.181282,33.034107,35.06132,30.686893,33.93337,35.922905,32.421005,29.549309,36.361984,35.80975,31.387321,32.469707,35.55745,35.11416,31.3099,29.300997,32.327843,26.344172,28.155434,24.838182,24.76407,19.553955,20.208603,17.192759,14.541187,14.998077,20.189873,20.75618,18.825653,20.745724,25.570307,25.988905,24.194902,28.473326,30.397602,29.096725,27.22561,28.995783,28.16105,25.585524,29.539886,24.229769,28.670494,28.73058,24.313221,26.840307,25.739859,21.761448,20.373098,18.790129,15.640863,16.713306,13.139728,15.726366,12.15508,16.988886,14.996016,15.584322,15.839853,14.310903,17.304596,14.058146,19.035446,19.427608,21.893309,25.232376,27.110382,28.434998,32.722565,30.3248,27.14129,24.46475,23.922443,22.54446,20.50843,21.329561,17.983541,19.407871,19.565454,18.375275,17.96475,17.17411,15.8118925,18.097813,16.46489,20.26834
10,29.806667,27.46799,23.533323,21.315165,18.877768,15.275489,13.765384,9.850314,6.371123,5.2833185,0.0,6.2687035,5.573205,5.7405825,8.05159,7.632722,11.913956,12.706431,18.363457,18.918802,22.932558,25.8618,28.273146,28.083298,31.604143,30.92081,33.03521,28.45633,31.56238,33.09845,29.183249,26.578686,33.09751,32.10551,27.516104,28.736822,31.384558,30.612074,26.975782,24.985115,28.526539,22.548914,25.104979,22.212114,22.39773,18.484732,18.481728,17.323288,13.764194,16.374693,20.824692,19.81814,19.181894,22.314821,26.072805,26.85619,24.264814,28.726515,29.971544,29.427338,26.359684,29.115051,28.563211,26.530634,30.417683,25.77691,30.625772,31.031874,26.553976,28.754217,27.148167,23.528551,20.91333,19.281528,15.288426,15.681835,11.252092,12.619486,8.462791,12.590558,10.214746,10.361823,10.883141,10.065203,13.842816,11.338748,17.03836,18.073875,21.239754,24.501823,26.844458,28.504778,32.32798,29.117954,25.681244,22.656961,21.69844,19.448162,17.288866,16.825365,13.774833,14.439085,14.349541,13.491055,13.368761,13.505583,12.47109,15.68765,15.0332985,19.29723
11,35.222393,32.93469,28.788515,27.029348,24.36161,20.664883,19.159714,14.682221,11.896209,8.106811,6.2687035,0.0,6.6193223,9.281908,12.216547,13.628156,17.759954,18.951408,24.436518,25.141916,29.200802,32.112095,34.532887,34.215706,37.678158,36.85549,38.742977,34.005764,36.770958,38.25634,34.366253,31.402746,37.54694,36.65507,31.737112,32.590714,34.95696,33.87487,29.967268,27.556412,31.171896,25.376577,27.417078,25.469683,24.124481,21.03866,19.424059,18.849094,13.635014,16.326805,21.141848,18.944067,17.071224,21.07775,24.827185,26.308573,24.46152,29.280647,31.03347,31.151703,28.802866,31.708864,31.73014,29.744883,34.392723,29.684551,34.517296,35.261074,31.041058,33.860497,32.62963,28.847857,26.607569,24.380205,20.8723,20.544601,16.207712,16.541203,11.9459,15.250829,11.514387,11.54278,14.058767,14.796766,18.653734,17.147131,22.508574,24.097557,27.112694,30.534195,32.69649,34.108593,37.928143,34.766926,31.5109,28.17345,27.628775,24.815767,22.931782,21.05662,18.71717,17.948246,16.711035,16.177074,17.264624,16.833094,17.677387,20.637661,20.647163,24.778566
12,30.97732,29.297668,24.75032,23.480417,21.516104,17.236929,17.109697,12.053296,10.555976,7.185016,5.573205,6.6193223,0.0,3.58356,6.9053926,9.479247,13.19612,15.592185,19.99076,22.046873,25.624002,28.728582,30.770279,31.238125,35.004047,34.293064,37.063995,32.708817,36.096775,37.324585,32.957447,31.16594,37.60034,36.004253,31.622326,33.215088,35.397007,34.23104,31.07986,29.224987,33.22784,27.329933,30.28543,27.58197,27.725538,24.018976,23.694593,22.50276,18.485672,20.642618,25.591724,24.37069,22.8645,26.10251,30.297792,31.304949,29.176329,33.757935,35.263283,34.722088,31.903246,34.548607,33.927895,31.718037,35.51353,30.59007,35.21613,35.236397,30.65868,32.580097,30.925953,27.217197,25.01211,24.034718,19.942745,20.944853,16.570898,17.923368,13.703377,17.087906,13.984009,12.71213,14.52001,14.31421,18.556717,15.654206,21.802387,22.10715,25.493652,28.400934,30.993937,32.896965,36.81371,33.590218,29.890759,27.270763,25.341007,23.540289,20.458773,20.124792,16.408978,16.557878,15.961262,13.746099,14.309526,12.017077,13.336757,15.163896,15.310306,19.092018
13,29.039646,27.456001,23.049288,21.46151,19.881104,15.676476,15.777154,11.356783,9.679043,8.369992,5.7405825,9.281908,3.58356,0.0,5.885905,6.8966775,10.676355,12.9384575,17.190788,19.34111,22.584745,25.817362,27.593378,28.066034,31.8916,31.105677,34.146587,29.93166,33.485718,34.531883,29.99056,28.699003,35.136444,33.255398,29.12544,31.014816,33.098366,31.950474,29.148735,27.593847,31.707233,25.866812,29.292452,26.325333,27.292261,23.6635,23.887253,22.90797,19.473173,21.95861,26.5248,25.443975,24.703585,27.837149,31.771214,32.56739,29.981747,34.394062,35.499207,34.837738,31.444256,34.20275,33.363964,31.278328,34.58524,29.903946,34.53857,34.410805,29.723314,31.140055,29.148726,25.675385,23.05473,22.582209,18.131357,19.48206,15.145277,16.632725,12.881942,15.94507,13.474286,11.882925,12.8828535,12.199024,16.446928,13.207917,19.558365,19.488377,23.124582,25.764671,28.607998,30.768553,34.520824,31.082642,27.209976,24.829563,22.325497,20.785572,17.309996,17.535528,13.380145,14.066813,14.005174,11.377148,11.357036,9.060504,9.798979,11.670195,11.935481,15.837032
14,24.145676,22.658934,17.953205,17.12383,15.513523,10.96121,12.104476,6.985477,8.100841,6.7959723,8.05159,12.216547,6.9053926,5.885905,0.0,5.572386,7.3817315,11.0459,14.148406,17.15372,20.740637,23.58377,25.87732,27.25923,31.077715,30.940212,34.003117,30.10432,33.93962,35.465775,31.381773,29.954943,36.808285,35.37218,31.558132,33.409866,36.06503,35.40448,32.48922,31.04133,34.57842,28.671307,31.531786,27.847845,29.100328,24.111214,25.40824,22.792448,20.607187,21.47476,26.351149,26.877932,25.507307,27.414486,32.137062,32.400818,30.243061,34.331806,35.82047,34.269363,31.666796,33.477287,32.15518,29.602222,32.539936,27.356932,31.513556,30.837236,26.128887,27.400826,25.678715,21.99106,20.432318,20.492462,16.635988,19.011911,15.5017,18.418667,15.301241,19.385672,17.669638,16.955217,16.947662,14.995058,18.309774,13.993844,19.656574,18.602583,21.589727,24.151485,26.631609,28.60785,32.80062,30.16764,26.471384,24.642107,22.354362,22.029144,18.66121,20.850447,16.343462,18.447653,19.081745,16.516182,15.625721,13.133378,12.058674,12.740656,11.119682,14.412108
15,23.097195,21.14608,17.207554,14.900184,13.397665,9.607268,9.639355,6.932968,5.817844,8.657434,7.632722,13.628156,9.479247,6.8966775,5.572386,0.0,4.4868865,6.1734986,10.895236,12.608303,16.228722,19.260687,21.489454,22.214474,25.988108,25.669273,28.599295,24.612286,28.436607,29.898228,25.84293,24.45366,31.30653,29.892866,26.187777,28.12064,30.863434,30.405186,27.604403,26.400991,29.803497,24.023502,27.186016,23.263977,25.398531,20.727766,22.600168,20.612497,19.1479,20.855198,24.84731,25.259115,25.213518,27.240978,31.184238,31.253798,28.33561,32.179638,33.000557,31.53674,28.036243,30.2022,28.789076,26.609375,29.098122,24.513887,28.920841,28.467012,23.703663,24.593027,22.4035,19.09174,16.397024,16.605536,12.142871,14.566018,11.1144085,14.102336,11.892865,15.574965,14.973424,14.60337,13.208739,10.409075,13.225401,8.623697,14.370982,13.343978,16.708096,19.26323,22.002392,24.196589,28.086882,25.020569,21.208878,19.291796,16.892748,16.478682,13.226947,15.986953,11.5361185,14.540556,15.935564,14.003266,12.217809,11.740912,8.176646,10.253017,8.077971,12.169552
16,18.746746,17.072134,13.064374,11.014252,10.279918,6.508444,8.320548,7.115108,8.446623,11.626852,11.913956,17.759954,13.19612,10.676355,7.3817315,4.4868865,0.0,4.756003,6.898113,10.083309,13.428171,16.235088,18.560572,20.240349,24.04753,24.2122,27.489376,24.0461,28.196869,29.770481,25.953302,25.111359,32.034107,30.638762,27.535381,29.672873,32.563877,32.392918,29.947422,29.08749,32.165672,26.608532,29.682655,25.300936,28.094862,22.88804,25.609676,22.906742,22.457026,23.366932,27.201979,28.526543,28.432499,29.731062,33.916492,33.589924,30.767132,34.226517,35.02179,32.951622,29.664225,31.211927,29.320082,26.968742,28.650816,24.03427,27.925117,26.86193,22.076166,22.187302,19.83896,16.71599,14.592754,16.046427,12.065139,15.598457,13.283653,16.932266,15.58616,19.18437,19.152607,18.844643,16.972315,13.672049,15.509416,10.47837,14.991115,12.532965,15.404212,17.379313,20.069754,22.401821,26.420467,23.85426,20.069752,19.056519,16.167,17.235672,13.832765,18.375036,13.772176,17.618013,19.484213,17.299982,15.017042,14.104982,9.840574,10.279369,6.5460095,9.569696
17,19.393597,17.029394,14.231793,10.568362,9.6090975,7.6955853,7.2689657,8.85812,8.326382,13.348123,12.706431,18.951408,15.592185,12.9384575,11.0459,6.1734986,4.756003,0.0,6.579348,6.4554405,10.419741,13.266365,15.868017,16.582054,20.239672,20.316837,23.129105,19.474468,23.531847,25.264114,21.738785,20.50584,27.487974,26.439198,23.370024,25.369284,28.53184,28.69722,26.163776,25.451408,28.13513,22.782623,25.781006,21.185656,24.620365,19.643013,22.89601,20.615845,20.950956,22.301035,25.266964,26.625046,27.505037,28.761972,32.25657,31.746994,28.419971,31.57107,31.850101,29.8359,25.957014,27.696106,25.763058,23.764875,25.108103,21.093004,25.19504,24.48285,19.77331,19.755785,17.091084,14.354669,10.983154,12.39434,8.005224,11.610125,9.94735,13.657291,13.513795,16.656864,17.687696,17.990088,15.054492,11.159464,11.770445,6.81485,10.35771,7.832042,10.96407,13.200484,16.01295,18.423079,22.226433,19.332382,15.538705,14.3071165,11.84896,12.903118,10.265618,15.40922,11.530151,15.976209,18.33601,17.122507,14.38677,15.447336,9.744574,11.621769,8.049809,11.199244
18,14.109954,12.754293,10.176529,7.290034,8.940666,8.086498,10.4597025,12.512464,14.0472555,18.181942,18.363457,24.436518,19.99076,17.190788,14.148406,10.895236,6.898113,6.579348,0.0,6.1313996,7.704789,10.133646,12.292478,15.124431,18.824162,19.589561,23.31679,20.867924,25.333546,26.854452,23.500975,23.704441,30.335361,28.920288,26.911081,29.338339,32.275356,32.571716,30.836077,30.630987,33.17196,28.250204,31.379866,26.57112,30.607353,25.444874,29.186357,26.412214,27.265837,27.944227,30.94528,32.945103,33.558014,34.27001,38.097668,37.29406,34.17714,36.969334,37.23746,34.660225,31.059927,32.11982,29.67624,27.555246,27.714722,23.881584,27.026491,25.352093,20.83762,19.29704,16.319145,14.364803,12.260946,15.716223,12.631512,16.895407,16.242222,19.96815,20.073452,22.935038,23.990932,23.827658,21.010414,17.238949,17.535688,12.902162,14.977183,10.740411,12.701356,13.178166,15.969286,18.71272,22.356155,20.209682,16.53656,17.089783,13.374841,16.594128,13.502129,20.072718,15.951614,20.683752,23.275517,21.326216,18.355022,18.192844,12.873444,12.250854,7.9508595,8.185465
19,16.54246,13.929295,13.125214,8.371604,8.899812,10.062713,9.715437,13.841814,13.916268,19.282352,18.918802,25.141916,22.046873,19.34111,17.15372,12.608303,10.083309,6.4554405,6.1313996,0.0,4.950431,7.0470896,10.35645,11.354853,14.707829,15.551965,18.2441,15.43766,19.725042,21.729275,19.104977,18.389315,25.103207,24.482136,22.47974,24.50261,27.938562,28.77333,26.750746,26.636358,28.44829,23.890768,26.56422,21.549816,26.139456,21.203344,25.53826,23.089718,24.930851,25.840528,27.80094,29.986532,31.5409,32.06258,35.10687,34.062717,30.52012,32.850853,32.589855,30.018524,25.967724,27.061348,24.5653,22.868708,22.586027,19.54454,22.882524,21.737562,17.412445,15.877879,12.548727,11.176746,7.2857485,10.937816,8.256611,12.316082,13.007203,16.571753,18.001955,20.40132,22.493567,23.142962,19.442577,15.345166,14.059624,10.377386,9.923746,5.2461796,6.5991216,7.4364276,10.355843,13.1856985,16.736782,14.318135,10.736626,11.200616,8.770874,12.28296,10.972554,17.715036,14.879778,19.82524,22.709791,21.946756,18.788092,20.542671,14.305482,15.476324,11.726992,13.009696
20,16.69754,14.937616,15.0100975,10.860645,12.738144,14.100563,14.535839,18.34237,18.481014,23.69874,22.932558,29.200802,25.624002,22.584745,20.740637,16.228722,13.428171,10.419741,7.704789,4.950431,0.0,3.582579,5.5153275,7.54492,11.125987,12.158946,15.908992,14.228113,18.765532,20.15538,17.486414,18.476685,24.490108,23.278446,22.329004,24.816708,27.77067,28.653063,27.549627,28.017365,29.813595,25.866722,28.999323,24.143532,29.40801,25.175215,29.51182,27.600163,29.434755,30.660515,32.37375,34.315266,36.22079,36.87188,39.659706,38.591553,34.844387,36.96712,36.303406,33.808125,29.320875,30.492641,27.895515,26.556181,25.411045,23.186644,26.023537,24.62186,20.718912,18.094585,14.428254,14.319878,10.762249,14.970453,12.734992,16.312979,17.154,20.096283,21.823748,23.44306,25.777819,26.022982,22.191225,18.328157,16.8221,13.773401,12.769965,7.9930534,8.861962,7.2232757,10.580622,13.941676,16.402157,13.782848,10.174134,12.25811,8.094671,13.106855,11.571984,18.947596,16.365162,21.37382,24.524958,23.6023,20.222414,21.989462,15.833973,16.130627,12.873686,12.753797
21,15.659378,13.814882,15.140609,11.113923,13.328558,15.694922,16.057013,20.494934,20.956207,26.246437,25.8618,32.112095,28.728582,25.817362,23.58377,19.260687,16.235088,13.266365,10.133646,7.0470896,3.582579,0.0,4.43864,7.2053285,9.80196,11.816641,14.975789,14.172575,18.4625,20.161922,18.449488,19.332361,24.968687,24.294874,23.841196,26.08238,29.241451,30.49372,29.440817,30.030323,31.277807,27.696308,30.359684,25.389502,30.813307,26.405619,31.160225,28.902994,31.401337,32.183033,33.540688,36.035168,38.01462,38.18487,40.891373,39.541153,35.88047,37.582554,36.825775,33.968002,29.773905,30.394505,27.537727,26.272617,24.331629,22.58076,24.78478,23.102306,19.636337,16.26083,12.5497265,13.408371,10.590373,15.278008,14.188399,17.69664,19.321455,22.367725,24.455566,26.132498,28.701715,29.213854,25.241611,21.306063,19.33352,16.595282,14.522027,9.908152,9.142051,6.3650293,8.773369,11.979252,14.1611185,12.541169,9.821496,12.878864,10.000344,15.294628,14.63165,21.882883,19.691599,24.68006,27.85824,27.111908,23.731287,25.559381,19.398016,19.61968,16.239838,15.768472
22,18.015795,17.036203,18.237116,14.768696,17.30718,19.116879,19.835112,23.74239,23.98866,29.168613,28.273146,34.532887,30.770279,27.593378,25.87732,21.489454,18.560572,15.868017,12.292478,10.35645,5.5153275,4.43864,0.0,5.522593,8.125337,9.824455,14.256833,14.389211,18.673187,19.48751,17.418028,19.91045,24.801086,23.327644,23.660166,26.345518,28.869436,29.958532,29.724016,30.735062,32.213146,29.035917,32.26021,27.57864,33.351017,29.631979,34.11247,32.48064,34.593826,35.8814,37.236008,39.208286,41.439163,41.99433,44.517235,43.31514,39.43971,41.211117,40.175064,37.623894,32.93702,33.94903,31.214325,30.214895,28.12628,26.775381,28.964659,27.326683,24.010647,20.448809,16.759363,17.83943,14.84289,19.304863,17.74733,20.96706,22.214136,24.753017,26.838531,27.901686,30.507626,30.596212,26.651974,23.0066,21.161638,18.762047,17.004827,12.615648,12.597469,9.40965,12.025042,15.301705,16.388727,14.193603,11.457725,14.910218,10.674288,16.177042,15.085014,22.321758,20.28144,25.109547,28.391495,27.494896,24.054022,25.866985,20.00387,19.685198,16.98217,15.755082
23,22.70321,21.014963,22.115938,17.885654,19.521439,21.297121,20.874199,24.977146,24.143942,29.6938,28.083298,34.215706,31.238125,28.066034,27.25923,22.214474,20.240349,16.582054,15.124431,11.354853,7.54492,7.2053285,5.522593,0.0,4.032454,4.726433,9.188441,9.124204,13.37901,13.982078,12.118246,14.809002,19.316275,17.99742,18.615408,21.204958,23.720465,25.090347,25.007433,26.279547,27.394556,24.800137,28.049118,23.668741,29.832266,27.094233,31.425293,30.719517,32.92346,34.846725,35.519478,36.958218,39.95871,40.82774,42.587357,41.471607,37.201866,38.79672,37.213726,35.158203,29.77235,31.331856,28.897955,28.484085,26.414648,25.900846,28.46795,27.57784,24.454945,21.433983,17.760984,18.984016,14.8455925,18.39031,16.833378,19.019335,20.590813,22.28284,25.064127,25.28474,28.467731,28.846046,24.530579,21.143446,18.49938,17.38404,14.407642,11.115922,11.094951,7.833576,10.6684265,13.952396,14.035742,10.400776,7.5829062,11.161022,7.3181562,12.533235,12.860349,19.354435,18.548649,23.059456,26.414558,26.360708,22.9589,26.036474,19.978462,20.796124,18.643015,18.446848
24,24.857622,23.122612,24.92465,20.722424,22.343216,24.608444,23.928694,28.404263,27.509518,33.181282,31.604143,37.678158,35.004047,31.8916,31.077715,25.988108,24.04753,20.239672,18.824162,14.707829,11.125987,9.80196,8.125337,4.032454,0.0,3.5122643,6.451668,8.514394,11.856372,12.4049225,12.162177,15.003096,18.33845,17.62759,19.159367,21.401573,23.89024,25.707497,25.925383,27.471703,27.89594,26.06309,28.885914,24.69146,31.070227,28.71421,33.233,32.668236,35.36086,37.19245,37.33217,38.9528,42.298435,42.930584,44.30399,43.007893,38.669834,39.814075,37.889145,35.78483,30.379187,31.693018,29.215134,29.179256,26.393036,26.768755,28.855862,28.058376,25.513262,22.170303,18.69173,20.651407,16.83262,20.201788,19.430862,21.177622,23.330982,24.767813,27.973671,27.917585,31.413147,32.026337,27.56258,24.281616,21.165754,20.638613,16.772327,14.067433,13.112863,9.490337,11.085044,13.795283,12.507835,9.403716,8.288424,12.417514,10.301294,14.930335,16.203827,22.091734,21.938717,26.22875,29.572025,29.861202,26.509169,29.887672,23.84712,24.783712,22.672947,22.397474
25,27.283978,25.5518,26.800653,22.468315,23.85591,25.603865,24.75292,28.818695,27.417486,33.034107,30.92081,36.85549,34.293064,31.105677,30.940212,25.669273,24.2122,20.316837,19.589561,15.551965,12.158946,11.816641,9.824455,4.726433,3.5122643,0.0,5.867004,7.296537,10.632545,10.206169,9.039101,13.05239,16.036585,14.553235,16.332994,18.902235,20.939423,22.581133,23.215225,24.983925,25.681572,24.066675,27.37309,23.537752,30.007635,28.365187,32.45001,32.59247,34.812798,37.220055,37.33449,38.29487,41.91003,43.018063,44.130474,43.07747,38.527645,39.87742,37.76179,36.146473,30.23639,32.173935,30.004946,30.154621,27.860529,28.228228,30.773842,30.310083,27.560432,24.678637,21.16542,22.693037,18.305235,21.17992,19.799063,21.118444,22.838902,23.697697,26.918093,26.282171,29.838867,30.274841,25.832811,22.895819,19.813686,19.826359,16.233608,14.121504,14.029734,11.008645,13.182686,15.979813,14.704183,10.515252,8.812015,12.095191,9.277956,13.184206,14.543475,19.799908,20.125637,24.0673,27.390318,27.896893,24.630486,28.406626,22.59788,23.79005,22.235704,22.221365
26,30.157099,27.84308,29.61271,24.98086,25.802553,28.098608,26.428747,31.012747,29.261215,35.06132,33.03521,38.742977,37.063995,34.146587,34.003117,28.599295,27.489376,23.129105,23.31679,18.2441,15.908992,14.975789,14.256833,9.188441,6.451668,5.867004,0.0,5.051144,6.0763483,6.7558346,9.185494,11.004034,12.745884,13.38395,15.483466,16.937819,19.588966,22.067846,22.279833,24.070602,23.49663,22.807972,25.076532,21.495731,28.038591,26.94414,31.233381,31.612177,34.584297,36.844635,36.05242,37.25065,41.3926,42.148754,42.568016,41.289223,36.66495,37.3691,34.78742,33.232555,27.310602,29.023565,26.977377,27.733948,24.886585,26.45055,28.663864,28.739656,26.694698,24.096567,21.028923,23.04948,18.793165,20.810127,20.518675,20.900288,23.518295,23.972986,27.863686,26.993351,31.021582,32.11544,27.454786,24.623096,20.741093,21.704355,16.682634,15.789458,14.539435,11.909123,12.597081,14.332723,11.625582,7.630578,8.421088,11.361776,11.880668,14.507568,17.563267,21.72112,23.015924,26.633413,29.810987,31.054033,27.953068,32.34895,26.379642,28.292566,26.523401,27.068623
27,29.396828,26.712446,27.776472,22.881178,23.1041,24.97048,22.832153,27.145403,24.924221,30.686893,28.45633,34.005764,32.708817,29.93166,30.10432,24.612286,24.0461,19.474468,20.867924,15.43766,14.228113,14.172575,14.389211,9.124204,8.514394,7.296537,5.051144,0.0,4.604814,6.55239,7.119985,6.7228036,10.944545,11.703588,12.054814,13.483498,16.836233,19.148308,18.449703,19.839949,19.615408,18.183643,20.650354,16.829033,23.375841,22.278854,26.381039,27.001186,29.677984,32.221916,31.533382,32.401806,36.56199,37.59997,38.02017,36.93395,32.2211,33.283546,30.842524,29.550728,23.332893,25.590427,23.77625,24.415882,22.528435,23.506054,26.472727,26.917423,24.39997,22.648714,19.583061,20.800678,15.910749,17.181091,16.39621,16.317226,18.742496,18.954313,22.91327,22.009806,26.084425,27.359806,22.661272,19.857836,15.807654,17.15876,11.960712,11.921736,11.245677,9.79727,11.150927,13.103086,11.758644,6.25099,5.4708304,6.8167133,8.314447,9.85387,13.617962,17.317873,18.826826,22.348507,25.441355,26.94101,23.950748,28.650042,22.669022,25.204626,23.488775,24.76268
28,33.431717,30.57868,31.890646,26.949064,26.913967,28.93565,26.397871,30.772123,28.230017,33.93337,31.56238,36.770958,36.096775,33.485718,33.93962,28.436607,28.196869,23.531847,25.333546,19.725042,18.765532,18.4625,18.673187,13.37901,11.856372,10.632545,6.0763483,4.604814,0.0,4.242451,8.220433,6.438332,7.775108,10.514275,11.604001,11.916417,15.324621,18.29314,17.70299,19.332298,17.950129,17.880434,19.571857,16.511139,22.991907,23.002516,26.879189,28.141224,31.11818,33.80125,32.34408,33.01016,37.71894,38.706856,38.37434,37.238293,32.405403,32.958565,29.963297,29.060404,22.631231,25.006212,23.540146,24.8527,22.70198,24.747965,27.46913,28.418732,26.488863,25.02428,22.35177,23.837372,19.18841,19.700785,19.539204,18.593258,21.342485,20.877256,25.190804,23.742174,28.083769,29.672968,24.995592,22.6258,18.267015,20.498917,14.906816,15.863461,14.803399,13.692072,14.110402,15.152042,12.712166,8.115767,9.330123,9.787998,12.688501,12.961215,17.35457,19.69216,22.08142,25.004766,27.879616,29.93649,27.181911,32.298035,26.523567,29.367765,27.830244,29.274807
29,35.63977,33.120014,34.21905,29.362265,29.604755,31.262163,29.031944,33.022728,30.328844,35.922905,33.09845,38.25634,37.324585,34.531883,35.465775,29.898228,29.770481,25.264114,26.854452,21.729275,20.15538,20.161922,19.48751,13.982078,12.4049225,10.206169,6.7558346,6.55239,4.242451,0.0,5.856265,7.4802103,6.2931437,7.2949305,10.1593075,11.21311,13.305161,16.115948,16.806105,19.043468,18.122211,18.65497,21.190786,18.769144,25.226889,25.955885,29.307638,31.178453,33.541824,36.73604,35.47371,35.48336,40.319817,41.78126,41.35608,40.467667,35.50504,36.29388,33.18048,32.70013,25.964493,28.797113,27.527798,28.84857,26.916172,28.77875,31.630037,32.475082,30.356316,28.715391,25.821037,27.22056,22.363224,23.14695,22.31755,21.487625,23.597641,22.719072,26.815516,24.758467,29.022335,30.177536,25.627394,23.656097,19.626202,22.042212,17.213135,18.000784,17.704638,16.307507,17.363293,18.850409,16.377316,11.664359,12.006975,12.619889,13.737731,13.784802,17.683582,19.484365,22.21051,24.746115,27.611675,29.683578,26.998386,32.238937,26.827354,29.483232,28.491629,29.71562
30,33.941574,31.695097,31.995615,27.264906,27.588848,28.475592,26.618633,29.88907,27.059467,32.421005,29.183249,34.366253,32.957447,29.99056,31.381773,25.84293,25.953302,21.738785,23.500975,19.104977,17.486414,18.449488,17.418028,12.118246,12.162177,9.039101,9.185494,7.119985,8.220433,5.856265,0.0,7.0453887,8.839228,5.9219785,7.5823307,10.540789,11.937518,13.599228,14.614878,16.840279,17.675467,16.963137,20.935085,18.345818,24.70293,25.205212,28.09041,30.125443,31.506027,35.169003,34.725487,34.13895,38.61339,40.669247,40.757732,40.230015,35.24977,36.818897,34.148735,33.843872,26.930323,30.295376,29.068192,29.854708,28.809284,29.486103,32.955368,33.563225,30.695936,29.221037,25.995817,26.677988,21.406837,22.40869,20.348179,19.910713,20.946049,19.975044,23.510855,21.270927,25.201761,25.770393,21.373016,19.574375,16.184614,18.365757,14.902593,15.44225,16.53281,15.47357,17.751081,20.050459,18.840673,13.369291,11.662286,11.703571,10.385742,9.911063,12.899882,14.614661,17.156979,19.615187,22.579489,24.362883,21.656694,26.85186,21.751272,24.33148,23.864597,25.167147
31,33.97454,31.001083,31.270145,26.265516,25.663141,26.769102,23.904047,27.432148,24.145979,29.549309,26.578686,31.402746,31.16594,28.699003,29.954943,24.45366,25.111359,20.50584,23.704441,18.389315,18.476685,19.332361,19.91045,14.809002,15.003096,13.05239,11.004034,6.7228036,6.438332,7.4802103,7.0453887,0.0,7.1103296,8.642199,6.5989194,7.1184335,11.269008,13.714922,12.058652,13.32555,12.922906,11.836967,14.63172,11.695188,18.204723,18.92543,21.979456,24.168638,26.162209,29.665691,28.517664,28.140652,32.963814,34.73007,34.342655,33.69598,28.667524,29.967073,27.150183,26.98853,19.963558,23.53262,22.624441,23.721579,23.213144,24.198133,27.933775,29.229305,26.612877,26.142017,23.446608,23.806261,18.559113,18.113447,16.78265,15.068359,16.844332,15.449878,19.695002,17.627499,22.013191,23.61573,19.017351,17.133741,12.810443,16.023348,11.178802,13.595575,14.025335,14.376248,15.807708,17.249,16.486773,11.1995535,10.28261,8.091544,10.799953,8.374668,13.317857,13.917374,17.023098,19.312008,21.95974,24.457808,22.01389,27.56722,22.22308,25.748573,24.71674,26.930014
32,40.14415,37.298893,37.94898,32.95647,32.55823,33.821648,30.989826,34.51649,31.099895,36.361984,33.09751,37.54694,37.60034,35.136444,36.808285,31.30653,32.034107,27.487974,30.335361,25.103207,24.490108,24.968687,24.801086,19.316275,18.33845,16.036585,12.745884,10.944545,7.775108,6.2931437,8.839228,7.1103296,0.0,5.900858,7.3680944,6.396518,8.564739,12.059137,12.284034,14.616545,12.711587,14.775539,16.907156,15.903539,21.782627,24.245047,26.649181,29.772045,31.748482,35.545235,33.691883,32.763237,38.182407,40.08988,38.799187,38.216785,33.09136,33.814762,30.269005,30.781628,23.62177,27.312119,26.834003,28.648067,27.614927,29.738338,33.00473,34.565807,32.538677,31.849321,29.288551,30.18731,25.162186,24.722246,23.820002,21.836292,23.634445,21.618155,25.82835,22.910404,27.29691,28.78153,24.485708,23.342749,19.263216,22.888323,18.271591,20.549067,20.643345,20.337404,21.282064,22.327765,20.212105,15.586101,15.939416,14.79198,17.042389,14.960139,19.452911,18.900717,22.776255,24.217133,26.576231,29.487183,27.328918,33.15105,28.279613,31.662474,31.078665,33.00375
33,39.734085,37.34174,37.532364,32.725277,32.71023,33.41156,31.156631,34.117508,30.726576,35.80975,32.10551,36.65507,36.004253,33.255398,35.37218,29.892866,30.638762,26.439198,28.920288,24.482136,23.278446,24.294874,23.327644,17.99742,17.62759,14.553235,13.38395,11.703588,10.514275,7.2949305,5.9219785,8.642199,5.900858,0.0,5.433319,7.5494323,7.0664897,9.271528,11.543649,14.462687,14.673973,15.838663,19.686756,18.580605,24.451202,26.67574,28.705488,31.945032,32.99883,37.246727,36.210537,34.739117,39.82334,42.296608,41.525494,41.249195,36.095425,37.485832,34.30388,34.858574,27.57216,31.55315,30.93053,32.26222,31.548698,32.80715,36.38853,37.526794,34.921997,33.9197,30.933432,31.551718,26.227934,26.424702,24.492348,23.135239,23.98928,21.954481,25.579443,22.324444,26.351591,27.031683,22.946539,22.0864,18.730162,22.013596,18.67419,20.31584,21.416481,20.823835,22.713217,24.548697,22.901041,17.651936,16.715796,15.908616,15.77885,13.737521,17.090658,16.317614,20.119673,21.292887,23.740097,26.317549,24.164001,29.873154,25.476019,28.480034,28.542263,30.184834
34,38.59431,35.929348,35.576138,30.736517,30.178944,30.462858,27.838955,30.358385,26.550903,31.387321,27.516104,31.737112,31.622326,29.12544,31.558132,26.187777,27.535381,23.370024,26.911081,22.47974,22.329004,23.841196,23.660166,18.615408,19.159367,16.332994,15.483466,12.054814,11.604001,10.1593075,7.5823307,6.5989194,7.3680944,5.433319,0.0,3.9831033,5.4837127,7.233906,7.0774727,9.522125,10.6038265,10.622264,15.094681,14.047315,19.628212,22.08097,23.639439,27.246716,27.854776,32.394806,31.474281,29.578646,34.644028,37.40425,36.636032,36.58138,31.424728,33.19855,30.253479,31.100685,23.737606,28.198423,27.86706,29.030916,29.263863,29.937212,34.016598,35.41953,32.539875,32.277473,29.45747,29.423136,23.978962,23.411352,21.121115,19.217705,19.588524,17.01521,20.579853,17.069244,21.164349,22.118809,18.042557,17.479345,14.143412,18.06369,15.18684,17.795792,19.405136,19.823631,21.87919,23.64971,22.937544,17.50868,15.990817,13.798436,14.279447,10.545876,14.284595,12.049544,16.417686,17.172972,19.412722,22.435112,20.521587,26.528414,22.279955,25.929657,26.019627,28.357216
35,40.60702,37.646774,37.45558,32.514492,31.608156,32.10455,29.026897,31.70205,27.702225,32.469707,28.736822,32.590714,33.215088,31.014816,33.409866,28.12064,29.672873,25.369284,29.338339,24.50261,24.816708,26.08238,26.345518,21.204958,21.401573,18.902235,16.937819,13.483498,11.916417,11.21311,10.540789,7.1184335,6.396518,7.5494323,3.9831033,0.0,5.0599275,7.9218087,6.108641,8.22938,7.329191,8.930183,12.273937,12.088778,17.36125,20.753502,22.084515,26.155518,27.112743,31.623377,30.026274,28.032799,33.51968,36.145966,34.753403,34.661774,29.458765,30.85992,27.55887,28.791935,21.349508,25.997965,26.042187,27.618834,27.991398,29.195793,33.20785,35.037014,32.5143,32.665596,30.170963,30.183054,24.912832,23.672056,21.983326,19.38391,20.188047,17.232002,21.11555,17.50083,21.775908,23.309992,19.328373,18.954906,15.292427,19.699415,16.217999,19.510538,20.591528,21.353071,22.840767,24.076498,23.166965,18.141874,17.372719,14.738282,16.773497,12.809407,17.141582,14.450926,19.026941,19.505634,21.412899,24.847157,23.170618,29.276196,25.040493,28.991426,28.855722,31.448807
36,44.076977,41.39463,41.01573,36.178734,35.50944,35.67845,32.91409,35.161865,31.071835,35.55745,31.384558,34.95696,35.397007,33.098366,36.06503,30.863434,32.563877,28.53184,32.275356,27.938562,27.77067,29.241451,28.869436,23.720465,23.89024,20.939423,19.588966,16.836233,15.324621,13.305161,11.937518,11.269008,8.564739,7.0664897,5.4837127,5.0599275,0.0,3.711177,5.8507195,9.096216,9.372784,11.982854,15.889588,16.606283,21.195967,25.184189,25.842875,30.429441,30.672754,35.625183,34.239056,31.528336,37.02134,40.14185,38.610184,38.811382,33.61499,35.195473,31.844685,33.480446,26.028534,30.871027,31.049095,32.628155,33.040432,34.17782,38.224125,39.958767,37.318253,37.27678,34.59956,34.610443,29.220098,28.28368,26.152164,23.795269,24.003054,20.783474,24.13036,19.911718,23.766613,24.673376,21.179016,21.48407,18.530785,22.857887,20.267176,23.196323,24.723305,25.164682,26.99277,28.509401,27.387146,22.197989,21.182869,18.982063,19.746008,15.876036,19.327623,15.743457,20.599586,20.253376,21.876896,25.382605,24.019423,30.153019,26.63518,30.355267,30.881054,33.279655
