,0,1,2,3,4,5,6,7,8,9,10,11,12,13,14,15,16,17,18,19,20,21,22,23,24,25,26,27,28,29,30,31,32,33,34,35,36,37,38,39,40,41,42,43,44,45,46,47,48,49,50,51,52,53,54,55,56,57,58,59,60,61,62,63,64,65,66,67,68,69,70,71,72,73,74,75,76,77,78,79,80,81,82,83,84,85,86,87,88,89,90,91,92,93,94,95,96,97,98,99,100,101,102,103,104,105,106,107,108
0,0.0,4.293563,6.415278,9.533276,12.128563,14.35269,17.676336,21.33817,24.35251,26.974123,30.616007,30.483273,27.028723,26.306484,21.295876,21.819817,17.313305,18.493513,16.587944,16.686525,19.115517,15.888134,21.396568,24.321692,25.316349,25.230007,29.839058,30.260466,24.698675,27.373878,25.911118,27.160841,30.828829,27.635803,32.118187,31.675531,35.297817,36.902676,33.316383,30.629684,35.56909,32.62146,32.806507,32.734062,32.112312,31.864758,29.84145,31.599333,28.435053,33.423527,30.349073,31.773733,34.09296,31.260546,26.619028,26.566778,24.509825,26.598038,23.239412,25.426542,27.302969,30.209145,30.937838,35.06044,38.74014,39.04642,36.57291,36.624786,41.920483,41.159294,36.831463,39.92062,36.747368,43.0133,38.94163,40.711918,42.212902,39.850426,40.965755,42.12736,38.51076,37.068077,33.654392,31.481974,29.997461,28.564095,26.26068,24.16129,20.86968,20.570234,17.725407,16.49835,17.98756,14.854288,11.626003,11.98964,12.031714,15.936683,16.344337,20.262056,21.87878,22.626797,25.867043,25.150772,29.137281,28.290455,32.40507,32.902847,37.38131
1,4.293563,0.0,5.2825503,6.5527925,8.72953,12.127782,14.325701,18.93459,21.30675,24.300894,27.673048,28.091677,25.025059,24.029068,19.110199,18.839071,14.455487,14.871483,13.191796,12.602733,15.254754,12.359751,17.962526,20.48139,21.720947,21.445778,25.833408,26.135897,20.462877,23.299686,21.803146,23.434427,27.381418,24.649221,29.073233,29.050129,32.610966,33.886936,30.248854,27.344109,32.018963,28.776442,28.806463,28.630384,27.904331,27.59911,25.562124,27.395716,24.331612,29.461443,26.586184,28.221685,30.739883,28.204699,23.404984,23.502464,20.919035,23.145775,20.130028,21.949165,23.473362,26.768456,27.20658,31.421146,35.15314,35.26817,32.641243,32.645763,37.958866,37.05351,32.632023,35.706837,32.623165,38.88354,35.003944,36.71581,38.40742,36.205086,37.49125,38.830257,35.319923,33.602398,30.4137,27.94421,26.361303,24.657349,22.456955,20.043188,16.869156,16.703562,13.809293,13.265524,14.826214,12.493311,8.646363,8.075394,8.743801,12.050728,13.283326,16.912264,19.221893,20.774689,23.35457,22.210882,26.419987,24.866772,29.134266,29.414455,33.913933
2,6.415278,5.2825503,0.0,5.2146854,6.8503313,8.391355,11.977549,15.087375,18.441742,20.721657,24.729776,24.517387,21.117157,20.767666,15.705941,16.75698,12.829334,14.058758,13.97657,14.286482,17.803938,16.07422,21.673111,23.654999,25.58466,24.937365,28.765007,28.660908,22.22136,25.097143,22.604376,24.768877,27.168613,24.859015,28.67723,28.30829,32.299095,33.79364,30.702919,28.298674,32.487873,30.015396,29.4234,30.187012,28.577251,29.185759,26.936941,29.184216,26.283451,31.405869,29.159878,30.520288,33.635117,30.799503,26.282927,25.718924,22.721218,24.285023,20.740982,22.004597,23.816607,25.982504,26.28921,30.39702,33.44698,34.451553,32.238182,31.864782,37.14473,36.99919,32.76518,35.648724,32.07642,38.341175,33.82234,35.983334,37.106926,34.556274,35.64525,36.525898,33.056267,31.682573,27.852898,25.94612,24.368927,23.535404,20.972134,20.007399,16.897541,17.56932,15.691686,15.464012,18.136768,15.887484,11.247953,10.571078,9.356534,11.789556,12.301269,14.966139,16.603,17.217533,20.059645,19.356049,22.929394,22.422375,26.355001,27.053514,31.468533
3,9.533276,6.5527925,5.2146854,0.0,3.8129196,6.114911,8.73221,12.950125,15.118492,18.293139,21.330593,21.667898,18.69769,17.502851,12.645754,12.404091,8.13304,9.189578,8.828273,9.7338705,13.339272,12.531562,17.87574,19.642859,22.401823,22.144985,25.437908,24.785305,18.001581,20.40548,17.830347,19.658756,22.04955,19.742617,23.628355,23.48324,27.361622,28.705927,25.547726,23.105541,27.292412,24.937126,24.472963,25.450953,24.056835,25.084944,23.344383,25.97285,23.58113,29.083948,27.185078,29.145254,32.31927,30.251932,25.463512,25.439901,21.652273,23.555689,20.81853,21.266016,22.1744,25.068516,24.48568,28.80541,31.550642,32.50665,29.965944,29.137344,34.49025,34.156624,29.483475,31.986767,28.434958,34.410076,29.898386,31.62841,32.858837,30.388447,31.437843,32.624844,29.008644,27.546583,24.26119,22.07706,20.9782,19.517092,18.0921,17.097008,14.685197,16.077673,14.185399,15.440769,17.645325,16.667704,12.013344,9.699255,9.91506,9.995868,12.665529,13.798456,16.894289,18.548029,20.033655,18.557455,21.849398,19.966934,24.015295,23.930782,28.49607
4,12.128563,8.72953,6.8503313,3.8129196,0.0,5.3537827,5.6111293,10.801732,12.715104,15.7720375,19.187399,19.977985,17.411076,16.533802,11.86797,11.364235,8.229317,7.850411,9.649713,9.253456,13.434514,13.460572,18.437542,19.31392,22.082655,21.154087,24.02259,23.356424,16.4223,19.360119,16.276268,19.3003,21.383804,20.174427,23.533909,23.83158,27.759512,28.718405,25.79754,23.286263,26.722496,24.15944,23.044184,24.13624,21.992489,23.095732,20.931135,23.610023,21.218342,26.567657,25.09308,26.828772,30.390045,28.228474,23.688389,23.302315,19.188446,20.718893,17.98135,17.962412,18.876728,21.422932,20.785044,25.072174,27.797474,28.830444,26.416948,25.61752,30.95009,30.813078,26.348616,28.984108,25.34414,31.523998,27.047287,29.166965,30.425581,28.029774,29.33505,30.449015,27.133625,25.367048,21.840591,19.503082,17.873522,16.721655,14.552478,13.834772,11.378288,13.186274,12.055175,13.756236,16.546757,16.090073,11.24451,8.707081,8.142188,6.7706256,9.633396,10.010323,13.367016,15.48991,16.513903,14.857828,18.424513,16.454012,20.61411,20.802567,25.313583
5,14.35269,12.127782,8.391355,6.114911,5.3537827,0.0,5.992964,7.1880627,10.517841,12.867756,16.515,16.17862,12.944545,12.480107,7.469916,9.184776,6.7131033,8.725207,11.24684,12.928181,16.920816,17.50828,22.313843,23.262388,26.669085,26.026033,28.452673,27.27663,19.980312,22.204464,18.487164,20.967064,21.056427,19.739416,22.459192,22.026304,26.33279,27.779156,25.497663,23.795933,26.991251,25.722815,24.39649,26.59844,24.101206,26.347178,24.525906,27.608372,25.646114,30.978735,29.955547,31.679478,35.440754,33.289116,28.88119,28.299976,24.050888,25.21447,22.321524,21.816265,22.690956,24.280975,23.187675,27.270103,28.8993,30.986935,28.941488,27.477787,32.665165,33.267223,28.848183,30.911654,26.817177,32.559605,27.284977,29.497355,29.96061,27.081097,27.861902,28.48671,24.958183,23.93201,19.903994,18.507944,17.613077,17.353117,15.905632,17.109957,15.322494,17.788063,17.20518,18.920166,21.883896,21.205786,16.260746,14.015628,12.951536,11.337649,13.457998,12.280566,14.876902,15.725492,16.55595,15.347747,17.31579,16.359922,19.82139,20.021992,24.441
6,17.676336,14.325701,11.977549,8.73221,5.6111293,5.992964,0.0,6.7966967,7.368712,10.659487,13.878467,15.238705,13.457306,12.632142,8.892196,7.8136215,7.347656,5.8197365,10.622255,10.456398,14.60487,16.340063,20.317556,20.09465,23.60483,22.395622,24.0418,22.707624,15.45406,18.113462,13.981744,17.909943,18.280361,18.525118,20.768606,21.389668,25.396042,26.018812,23.771955,21.68136,23.927923,22.010159,19.998888,22.087526,18.889277,21.146805,19.081705,22.274233,20.611443,25.803055,25.388985,27.15662,31.197632,29.441069,25.274931,24.698996,19.908606,20.879972,18.711956,17.288668,17.4929,19.329868,17.65579,21.830626,23.558483,25.331705,23.122915,21.587019,26.823914,27.293325,22.865232,25.005125,20.965944,26.930243,21.990112,24.407463,25.295574,22.766586,24.099268,25.054228,21.942022,20.093832,16.333406,14.077051,12.452348,11.886452,10.055531,11.400143,10.290209,13.488302,13.803318,16.570095,19.527782,20.036049,15.440107,12.62354,11.856147,7.7819014,11.044525,7.949361,11.970365,14.45913,13.675191,11.476817,14.046165,11.33135,15.332749,15.275679,19.807468
7,21.33817,18.93459,15.087375,12.950125,10.801732,7.1880627,6.7966967,0.0,5.2846932,5.8114176,10.439156,9.944461,7.424782,8.2906065,5.3757834,8.176579,9.767092,10.624989,15.351398,16.71008,20.631426,22.527464,26.500113,26.343834,30.211336,29.092815,30.366434,28.682196,21.413637,23.421711,18.811827,22.207548,20.038137,20.60815,21.643745,21.45221,25.812176,26.883186,25.672283,24.638727,26.197758,25.85836,23.437477,26.735025,22.991169,26.380526,24.544174,27.944508,26.652723,31.525352,31.620052,33.1232,37.41418,35.459324,31.596508,30.600897,25.899887,26.280176,23.773743,21.993608,22.430435,22.640903,20.710846,24.275095,24.41452,27.692474,26.2376,24.011606,28.779018,30.400303,26.444386,27.888386,23.374102,28.62838,22.744267,25.54946,25.204485,22.04626,22.701683,22.70252,19.609211,18.824932,13.969051,13.5254755,12.760608,14.193682,12.927542,16.68799,16.103722,19.477276,20.290367,22.654356,25.983515,26.039791,21.219099,18.86956,17.335238,13.982261,15.739617,11.760239,13.837545,14.370702,13.196228,12.003216,11.713029,11.423419,13.830056,14.278153,18.336931
8,24.35251,21.30675,18.441742,15.118492,12.715104,10.517841,7.368712,5.2846932,0.0,4.6809773,6.5309405,8.383417,8.162264,7.3845096,6.880814,6.134477,9.817174,9.160698,14.543466,15.611069,19.011784,21.930365,24.94782,24.063705,28.362518,27.323566,27.706808,25.523523,18.485518,19.958218,15.088135,18.735323,15.785772,17.621948,17.917011,18.444376,22.490183,22.984276,22.0497,21.100239,21.754097,21.635683,18.789158,22.563063,18.505,22.576328,21.222795,24.890749,24.314526,29.11572,29.796766,31.64868,35.94716,34.703403,30.91863,30.290022,25.160612,25.628504,24.053406,21.515427,20.956379,21.67492,18.734686,22.259462,21.905096,25.073963,23.37163,20.563307,25.243954,26.765205,22.541775,23.429106,18.889002,23.74583,17.77057,20.330282,20.055155,16.975248,17.811464,18.233583,15.1297245,13.847912,9.440311,8.383758,8.293008,9.459815,10.080682,14.452861,15.12814,18.956503,20.108578,23.342836,26.21541,27.186787,22.721428,19.827839,19.060385,14.461862,17.31627,12.322439,15.524822,17.305225,14.6771345,12.539216,11.867698,8.847255,11.166996,10.160813,14.494458
9,26.974123,24.300894,20.721657,18.293139,15.7720375,12.867756,10.659487,5.8114176,4.6809773,0.0,6.045231,6.4007754,6.6990967,8.208842,8.838153,10.284996,13.786533,13.669126,18.996452,20.0114,23.57579,26.296041,29.502632,28.542456,32.659737,31.303421,31.606722,29.535223,22.695978,24.345362,19.420885,23.260567,19.585747,21.74076,21.400997,21.626125,25.678478,26.243963,25.892366,25.340498,25.452555,25.792143,22.603159,26.599546,22.07111,26.249084,24.604502,28.129694,27.522636,31.894773,32.87856,34.297787,38.831898,37.24635,33.824142,32.712482,27.764683,27.674475,25.790442,23.081064,22.90859,22.285007,19.521185,22.450819,21.147842,25.295576,24.300404,21.370243,25.573778,27.958185,24.447895,25.183502,20.504904,25.024984,18.786121,21.98139,20.941557,17.66381,18.259485,17.752226,15.265496,14.579117,9.139488,9.801787,9.424564,12.398731,11.935741,17.309292,17.876791,21.62947,23.251186,26.096533,29.389069,30.08474,25.529078,23.045565,21.580173,17.329653,19.077694,13.750404,15.5463295,16.2593,13.221262,11.885342,9.186282,8.736068,9.4329815,9.706839,13.204892
10,30.616007,27.673048,24.729776,21.330593,19.187399,16.515,13.878467,10.439156,6.5309405,6.045231,0.0,4.7958508,8.030634,7.463985,10.698906,10.214366,14.896468,14.559863,19.48316,20.992872,23.769173,27.288076,29.565659,28.244734,32.930122,32.047997,31.531359,28.81501,22.38649,22.906494,18.067795,21.077019,15.654301,18.828152,17.192818,17.677605,21.289595,21.520243,21.961994,22.100878,21.155676,22.671928,19.369062,24.219603,19.858845,25.01776,24.337763,28.13149,28.376158,32.737118,34.166924,36.08332,40.448452,39.652916,36.159126,35.57034,30.308132,30.50631,29.421762,26.295397,25.204908,25.29033,21.623772,24.367857,22.287971,26.347773,25.113468,21.435417,25.233131,27.523062,23.705433,23.356743,18.80535,22.031992,15.478022,17.843134,16.194633,12.6282,12.65975,12.317818,9.328853,9.111907,4.2337284,6.2830396,8.727562,11.052249,13.634418,18.907814,20.49306,24.444902,25.9604,29.455664,32.1902,33.491997,29.148237,26.174143,25.506556,20.675571,23.43641,17.927551,20.603073,21.991106,18.45112,16.588892,13.759278,11.081571,10.838049,8.584161,11.578314
11,30.483273,28.091677,24.517387,21.667898,19.977985,16.17862,15.238705,9.944461,8.383417,6.4007754,4.7958508,0.0,4.3710523,5.536535,9.530726,11.328901,15.489268,16.46109,20.985636,23.243143,26.275255,29.323483,32.167202,31.420813,36.11362,35.38424,35.37898,32.789032,26.006445,26.579851,21.778938,24.216356,18.613014,20.665615,19.204044,18.67756,22.605808,23.565994,24.179138,24.696695,24.39087,26.359924,23.480267,28.337276,24.30329,29.331762,28.535858,32.317883,32.21567,36.759354,37.858467,39.66861,44.05513,42.874294,39.236546,38.475758,33.368298,33.55776,31.890997,29.15032,28.603819,28.324278,25.13044,27.878202,25.756544,30.191,29.180536,25.68735,29.46532,31.984657,28.285746,28.09827,23.511679,26.722462,20.13513,22.441189,20.418674,16.732862,16.12116,15.073341,12.039584,13.100087,8.546999,11.072041,13.044821,15.470694,17.193636,22.413166,23.365023,27.212763,28.467314,31.546587,34.533207,35.254223,30.604687,27.847248,26.832224,22.650066,24.951265,19.865326,21.888243,22.273874,19.453253,18.262526,14.909768,14.216639,13.810815,12.684977,15.242869
12,27.028723,25.025059,21.117157,18.69769,17.411076,12.944545,13.457306,7.424782,8.162264,6.6990967,8.030634,4.3710523,0.0,4.0366135,6.3962574,10.087303,13.238026,15.137353,19.261675,21.894844,25.211033,27.666021,31.11203,30.945475,35.46737,34.84432,35.520664,33.21316,26.057016,26.94476,22.240578,24.463474,19.798588,20.61854,20.169,19.144354,23.44899,24.919336,24.927607,25.154598,25.938948,27.453798,25.029406,29.464994,25.805738,30.34811,29.302732,33.019264,32.412994,37.25519,37.803055,39.572067,43.870987,42.324863,38.453976,37.648315,32.736748,33.105648,30.928762,28.743214,28.696476,28.617104,25.983864,29.09059,27.756685,31.905233,30.732988,27.675392,31.871178,34.089417,30.183292,30.556318,25.934559,29.84287,23.363802,25.682999,24.134607,20.510303,20.075968,19.320278,16.014004,16.813667,12.208677,13.788748,15.0475025,17.01011,17.869055,22.507761,22.73566,26.368347,27.204842,29.876314,32.976597,33.17566,28.3424,25.779598,24.592026,21.089254,23.150902,18.791105,20.630114,20.551783,18.74763,17.843233,15.284078,15.314119,15.862363,15.389987,18.535736
13,26.306484,24.029068,20.767666,17.502851,16.533802,12.480107,12.632142,8.2906065,7.3845096,8.208842,7.463985,5.536535,4.0366135,0.0,5.0684347,7.1316633,10.756652,12.739723,16.427021,19.497065,22.401827,25.149633,28.212921,28.093525,32.886044,32.656055,33.189865,30.649702,23.551737,23.91452,19.390146,20.932825,16.057312,16.629995,16.227896,15.1919775,19.544641,21.06329,20.935726,21.236944,22.23135,23.959751,21.877428,26.40311,23.238274,27.93197,27.363491,31.195667,30.82616,35.894993,36.355263,38.507076,42.59482,41.46213,37.360394,36.985344,31.916054,32.679344,30.875046,28.687239,28.216576,29.009325,26.067593,29.44737,28.431572,32.060287,30.451527,27.293005,31.652065,33.363102,29.000124,29.18629,24.717136,28.454153,22.107983,23.780155,22.534801,18.989393,18.492805,18.379742,14.505745,15.180694,11.511788,12.444962,14.419601,15.332977,17.39275,21.443712,21.947296,25.6194,26.125412,29.154144,31.832397,32.33273,27.627249,24.707884,24.161652,20.389606,23.282272,19.053898,21.794243,22.495934,20.603918,19.12329,17.333206,15.741864,16.832232,15.372866,18.880207
14,21.295876,19.110199,15.705941,12.645754,11.86797,7.469916,8.892196,5.3757834,6.880814,8.838153,10.698906,9.530726,6.3962574,5.0684347,0.0,5.4230433,7.038062,9.739457,13.236534,16.207537,19.574495,21.609938,25.378336,25.739285,30.132528,29.819353,31.105968,29.033426,21.657284,22.700872,18.3552,20.20385,17.339998,16.844559,17.996576,17.097567,21.597246,23.213537,22.056623,21.503206,23.637518,24.144176,22.41379,26.083755,23.195833,27.015865,25.979816,29.611423,28.623293,33.904137,33.771526,35.813957,39.791145,38.277225,33.99969,33.574757,28.754583,29.704983,27.472383,25.882177,25.903013,27.040182,24.750158,28.503939,28.549131,31.620115,29.792814,27.256031,32.059723,33.32496,28.82863,29.794443,25.386353,30.06329,24.055561,25.963507,25.480997,22.17562,22.255568,22.51148,18.719687,18.582682,14.637065,14.396365,15.121773,15.49836,16.225092,19.335735,19.011736,22.357952,22.445688,25.064825,27.833555,27.90386,23.08959,20.350039,19.681084,16.545483,19.28647,15.955744,18.742493,19.443861,18.536324,17.12106,16.725237,15.366154,17.600943,16.845278,20.939548
15,21.819817,18.839071,16.75698,12.404091,11.364235,9.184776,7.8136215,8.176579,6.134477,10.284996,10.214366,11.328901,10.087303,7.1316633,5.4230433,0.0,4.8480144,5.7460446,9.664871,12.425544,15.296345,18.177242,21.15329,21.062857,25.790628,25.697329,26.499958,24.118608,16.865389,17.45686,13.133245,14.893269,12.449882,12.433853,13.875682,13.92567,18.160583,19.20958,17.596874,16.58276,18.669792,18.748045,17.106485,20.716652,18.128284,22.05453,21.498182,25.254953,24.685287,30.080069,30.088833,32.552097,36.345604,35.469837,31.098532,31.175756,26.084805,27.39072,25.93802,24.053402,23.312222,25.464191,22.665081,26.602335,26.981075,29.323656,27.007105,24.384682,29.282202,29.919445,24.99011,25.792032,21.655865,26.23555,20.649754,21.967922,22.139828,19.202469,19.639473,20.735655,16.83035,15.908811,13.1379175,11.633111,12.709329,11.609373,13.803785,16.127163,16.503061,19.96845,19.957441,23.294401,25.47968,26.34986,21.931433,18.646822,18.90372,14.881795,18.792572,15.25043,19.212576,21.204506,19.616379,17.383753,17.762169,14.236535,16.994215,15.179202,19.536768
16,17.313305,14.455487,12.829334,8.13304,8.229317,6.7131033,7.347656,9.767092,9.817174,13.786533,14.896468,15.489268,13.238026,10.756652,7.038062,4.8480144,0.0,4.551739,6.2385902,9.797856,12.885932,14.7335005,18.523233,19.370869,23.720274,23.920712,25.668406,23.76691,16.460552,17.425146,13.883875,15.01126,14.882653,13.037003,16.079819,15.823259,19.94462,21.334894,18.833971,17.191566,20.701548,19.863909,19.089499,21.637917,19.933762,22.782732,22.038221,25.48873,24.316261,29.978443,29.186153,31.695684,35.16962,34.039165,29.34399,29.606833,24.872616,26.606335,24.793362,23.746357,23.459822,26.222635,24.13047,28.353678,29.691694,31.423601,28.865461,26.867632,32.03025,32.135582,27.076494,28.471752,24.605328,29.667423,24.544077,25.74682,26.423689,23.704615,24.286232,25.54056,21.61131,20.573185,17.867804,16.023691,16.374939,14.739345,15.835959,16.623001,16.023066,18.855629,17.958649,20.809397,22.77914,23.132315,18.68585,15.483094,16.091125,13.180579,17.161457,15.199163,19.182148,21.130562,20.689575,18.628992,20.17798,17.08069,20.482698,19.181116,23.701012
17,18.493513,14.871483,14.058758,9.189578,7.850411,8.725207,5.8197365,10.624989,9.160698,13.669126,14.559863,16.46109,15.137353,12.739723,9.739457,5.7460446,4.551739,0.0,5.6889,6.8218794,10.20478,12.908486,16.148092,16.100681,20.443205,20.216196,21.561409,19.64105,12.237903,13.728694,9.907436,12.486116,13.549738,13.066776,15.9839115,16.853477,20.552956,21.125727,18.389856,16.062075,18.985403,17.063826,15.852544,17.953669,15.892769,18.441174,17.508406,20.98037,19.923767,25.55058,25.002605,27.583574,31.141378,30.282192,25.711336,26.071386,21.092083,22.844458,21.581543,20.165813,19.412954,22.652304,20.349014,24.63115,26.342745,27.527557,24.744864,22.902088,28.121927,27.873476,22.738937,24.349686,20.67565,26.035692,21.399775,22.670315,23.943056,21.628006,22.77393,24.404465,20.8517,18.992043,16.655727,13.904566,13.623849,11.224297,12.295283,12.359812,12.209048,15.214811,14.645825,18.12585,19.940956,21.073246,16.968542,13.445189,14.413339,10.379433,15.040935,12.653174,17.307571,20.210472,19.139872,16.575333,18.783873,14.532466,18.345434,16.856644,21.428656
18,16.587944,13.191796,13.97657,8.828273,9.649713,11.24684,10.622255,15.351398,14.543466,18.996452,19.48316,20.985636,19.261675,16.427021,13.236534,9.664871,6.2385902,5.6889,0.0,5.290148,7.1126413,8.996385,12.414117,13.799535,18.144827,19.05493,21.12646,19.38493,12.656295,13.273644,11.253023,11.191421,14.411831,11.6278305,16.08186,16.615194,19.850761,20.780481,17.15903,14.384327,18.994009,16.69608,17.05965,18.162313,17.94616,19.58849,19.339785,22.439323,21.261683,27.089134,25.724176,28.730797,31.58426,31.030027,26.047066,27.109648,22.591967,25.059008,23.936878,23.336035,22.604952,26.76084,24.82534,29.193943,31.454666,31.997755,28.882652,27.383009,32.59027,31.649885,26.26352,27.899958,24.762173,29.812078,25.730392,26.207432,27.829475,25.749733,26.687893,28.645052,24.832298,23.196663,21.61003,18.870165,19.009727,15.96723,17.453249,16.042505,15.458208,17.48347,15.637488,18.709473,19.526571,20.4249,16.8252,13.301863,15.465184,12.99724,17.745075,17.026756,21.600584,24.431267,24.130205,21.693047,24.31714,20.137733,24.001577,22.301523,26.811583
19,16.686525,12.602733,14.286482,9.7338705,9.253456,12.928181,10.456398,16.71008,15.611069,20.0114,20.992872,23.243143,21.894844,19.497065,16.207537,12.425544,9.797856,6.8218794,5.290148,0.0,4.3121066,6.4597282,9.87073,10.342387,14.071204,14.211712,16.548714,15.353415,8.687194,10.88221,9.380735,11.368613,16.37191,15.049764,19.138128,20.526384,23.414639,23.604641,19.846346,16.378733,20.255878,16.365423,16.33183,16.136059,15.713986,16.007084,15.095714,17.821062,16.228968,22.051943,20.485296,23.459438,26.31491,25.783136,20.830536,21.997362,17.470812,20.126144,19.428543,18.943447,18.059729,22.849257,21.262234,25.636673,28.723068,28.42699,25.115988,24.254488,29.488586,28.022667,22.779137,25.059189,22.331472,27.903545,24.604893,25.3697,27.658659,26.042646,27.594618,29.738121,26.416826,24.04582,22.48333,19.097399,18.212442,14.82145,15.213295,12.158421,11.360681,12.820609,10.797961,14.280801,14.807322,16.449179,13.386326,9.664851,12.429253,9.646069,14.661156,14.540069,19.31951,22.903368,22.515244,19.86701,23.462555,18.85591,23.106775,21.73017,26.152208
20,19.115517,15.254754,17.803938,13.339272,13.434514,16.920816,14.60487,20.631426,19.011784,23.57579,23.769173,26.275255,25.211033,22.401827,19.574495,15.296345,12.885932,10.20478,7.1126413,4.3121066,0.0,4.8330827,5.9577117,6.774901,11.101278,12.432584,14.555698,13.167912,7.819077,8.671163,9.196301,9.280189,16.085035,14.327571,18.766228,20.483501,22.65305,22.55794,18.349257,14.437204,18.772745,14.225436,15.285183,14.061293,15.222125,14.81716,14.904985,17.317581,16.22684,21.92549,20.159279,23.65008,25.870705,26.133194,21.13234,23.053164,18.811485,21.872444,21.91258,21.508688,20.106928,25.541172,23.792175,28.025673,31.218012,30.369268,26.785793,25.988028,30.996677,28.923826,23.511452,25.52237,23.399797,28.412079,25.79322,25.797405,28.481852,27.252186,28.784334,31.309069,28.00803,25.568737,24.879736,21.332571,20.87577,16.885933,18.241741,14.606878,14.385049,15.327697,12.9934635,16.43781,15.818978,17.985392,15.9011965,12.41807,15.825426,13.463982,18.385635,18.460493,23.30339,27.07784,26.529413,23.750504,27.283226,22.166807,26.270485,24.410746,28.649061
21,15.888134,12.359751,16.07422,12.531562,13.460572,17.50828,16.340063,22.527464,21.930365,26.296041,27.288076,29.323483,27.666021,25.149633,21.609938,18.177242,14.7335005,12.908486,8.996385,6.4597282,4.8330827,0.0,5.6451907,8.742888,10.918737,12.461323,16.160503,15.882137,11.597305,13.082632,13.885249,13.840525,20.571255,17.985918,22.828339,24.048872,26.334166,26.627972,22.261633,18.444725,23.303915,18.78663,20.085007,18.407763,19.736305,18.508627,18.054022,19.800507,17.889006,23.378035,20.654636,23.860682,25.618078,25.368132,20.152971,22.175888,18.750063,22.0827,21.622042,22.237192,21.567959,27.036871,26.102037,30.37238,34.15213,33.066116,29.54628,29.288136,34.373413,32.17129,27.021946,29.505806,27.449192,32.79164,30.212786,30.477667,33.146427,31.811344,33.329407,35.69736,32.29935,29.976181,28.799213,25.375158,24.552519,20.924543,21.215412,17.118294,15.838378,15.824526,12.542143,14.801587,13.657874,15.020794,13.431828,10.540347,14.397328,13.870134,18.072649,19.679102,24.03466,27.509945,27.883497,25.433943,29.507473,25.105745,29.434254,28.0936,32.449303
22,21.396568,17.962526,21.673111,17.87574,18.437542,22.313843,20.317556,26.500113,24.94782,29.502632,29.565659,32.167202,31.11203,28.212921,25.378336,21.15329,18.523233,16.148092,12.414117,9.87073,5.9577117,5.6451907,0.0,4.692087,7.16329,10.37492,13.084403,12.556053,10.634944,10.68945,13.456561,12.1796055,20.18719,18.017344,22.620289,24.46523,25.853807,25.522316,20.961647,16.806862,21.375948,16.097752,18.2671,15.3496895,18.190853,16.137367,16.806795,18.132557,17.098646,22.166523,19.629515,23.419113,24.510256,25.480679,20.533253,23.338839,20.044487,23.568659,24.223692,24.439283,22.927351,28.981024,27.630865,31.651056,35.405872,33.690163,29.901552,29.649992,34.363605,31.500977,26.279491,28.385525,27.094316,31.709677,30.059437,29.546494,32.697594,31.917316,33.532635,36.3249,33.15394,30.601995,30.428385,26.746367,26.246286,22.02067,23.308533,18.771347,18.455622,18.327404,15.436086,18.13878,16.047749,18.487501,17.912102,15.141852,19.108633,17.859211,22.27657,23.31407,27.948124,31.868488,31.605427,28.8559,32.778206,27.558975,31.683098,29.777739,33.83218
23,24.321692,20.48139,23.654999,19.642859,19.31392,23.262388,20.09465,26.343834,24.063705,28.542456,28.244734,31.420813,30.945475,28.093525,25.739285,21.062857,19.370869,16.100681,13.799535,10.342387,6.774901,8.742888,4.692087,0.0,5.546082,7.937435,9.012217,7.9085603,7.127255,7.207497,10.784924,10.711361,18.855717,18.168234,22.008694,24.510061,25.714256,24.738964,20.482037,16.205917,19.53106,13.476406,15.148496,11.444868,14.312411,11.576506,12.570249,13.837818,13.453312,18.390442,16.541449,20.581251,21.910452,23.465496,18.86782,21.71164,18.020609,21.358461,22.78136,22.327814,20.147432,26.368332,24.654911,28.437927,32.118458,30.049772,26.16731,25.928658,30.393867,27.261179,22.074879,24.105368,23.222769,27.640087,26.602224,25.990396,29.487478,29.102476,31.013533,33.95905,31.193684,28.25922,28.493269,24.567686,23.897614,19.47253,20.999065,16.212025,16.707853,16.731731,14.633705,18.039907,16.06699,19.432215,18.949493,16.018858,19.712626,17.425753,21.955563,22.221607,26.992811,31.321535,30.37139,27.40215,31.229446,25.493587,29.432827,27.35203,31.09824
24,25.316349,21.720947,25.58466,22.401823,22.082655,26.669085,23.60483,30.211336,28.362518,32.659737,32.930122,36.11362,35.46737,32.886044,30.132528,25.790628,23.720274,20.443205,18.144827,14.071204,11.101278,10.918737,7.16329,5.546082,0.0,4.548205,7.5156436,8.975968,10.998901,12.170282,15.688215,16.226852,24.35597,23.636389,27.551168,30.015835,31.17562,30.159275,25.868893,21.585917,24.764,18.457338,19.99739,15.5211525,18.296263,14.020084,14.265525,14.010831,12.911629,16.844843,13.875386,17.825195,18.108799,19.982208,15.578439,19.073978,16.593552,20.195541,22.048183,22.386705,20.491436,26.992447,26.110477,29.61713,34.110966,31.193977,27.31965,27.970566,32.18194,28.487207,23.91071,26.531986,26.235891,30.809143,30.486267,30.103216,33.87799,33.728935,35.87536,38.79586,36.239365,33.10541,33.129547,29.096111,27.850908,23.65051,24.10291,18.480276,18.406998,17.207151,14.76904,17.178122,14.060123,17.714064,18.689772,16.635307,20.446142,19.271847,22.973185,24.365149,28.664532,33.080185,32.57764,29.783249,34.236504,28.825203,32.899853,31.27727,34.899563
25,25.230007,21.445778,24.937365,22.144985,21.154087,26.026033,22.395622,29.092815,27.323566,31.303421,32.047997,35.38424,34.84432,32.656055,29.819353,25.697329,23.920712,20.216196,19.05493,14.211712,12.432584,12.461323,10.37492,7.937435,4.548205,0.0,5.54731,8.319599,10.310842,12.991363,15.625355,17.891558,25.412424,25.47932,29.047943,31.63893,33.165524,32.038437,28.026619,23.796936,26.323557,19.928703,20.451546,16.151525,17.600677,12.786686,11.743367,10.867113,8.930644,12.769294,9.513849,13.398675,14.200861,15.792803,11.423719,14.8129,12.284652,15.821729,18.063858,18.373817,16.48195,23.00469,22.506367,25.828913,30.729677,27.471085,23.681957,24.837704,28.984612,25.253393,21.07758,24.272106,24.040667,29.073767,28.940022,29.154205,32.983723,32.894543,35.32359,38.070095,35.815887,32.43096,32.074768,27.969172,26.097004,22.252869,21.718355,15.687894,15.506406,13.780104,11.845962,14.23886,11.241806,15.531999,16.773594,15.026541,18.389105,17.096191,20.256096,21.743372,25.719723,30.30064,29.710096,26.987709,31.728043,26.53094,30.600136,29.41814,32.87499
26,29.839058,25.833408,28.765007,25.437908,24.02259,28.452673,24.0418,30.366434,27.706808,31.606722,31.531359,35.37898,35.520664,33.189865,31.105968,26.499958,25.668406,21.561409,21.12646,16.548714,14.555698,16.160503,13.084403,9.012217,7.5156436,5.54731,0.0,4.0608373,9.695583,11.414522,14.574127,17.058302,24.130816,25.330093,28.084267,31.198227,32.24826,30.51319,26.900623,22.822985,24.09225,17.503311,17.71265,12.756967,14.435897,8.703948,8.7192135,7.21164,7.585304,10.503158,9.293272,13.557249,14.495938,17.416449,14.164037,17.2892,14.3084755,17.16511,20.332993,19.48883,16.540722,22.961843,21.645466,24.507732,28.90537,25.291426,21.377857,22.299658,25.892277,21.695684,17.562002,20.26473,20.839739,25.06665,25.90113,25.631685,29.799664,30.268194,32.854774,35.819344,34.01535,30.40241,30.847548,26.662466,25.02033,20.984955,21.351377,15.719962,16.86841,15.886175,15.164594,18.291588,15.951271,20.470362,21.26913,19.154364,22.165224,19.65976,23.100145,23.284552,27.446072,32.283585,30.777254,27.805294,31.998453,26.155245,29.760221,28.108248,31.059982
27,30.260466,26.135897,28.660908,24.785305,23.356424,27.27663,22.707624,28.682196,25.523523,29.535223,28.81501,32.789032,33.21316,30.649702,29.033426,24.118608,23.76691,19.64105,19.38493,15.353415,13.167912,15.882137,12.556053,7.9085603,8.975968,8.319599,4.0608373,0.0,7.4253187,7.958905,11.458744,13.680732,20.470154,22.075792,24.462904,27.751596,28.604885,26.689384,23.248516,19.289633,20.130537,13.559298,13.763495,8.69663,10.85553,5.4734883,7.2331314,7.3746743,9.056184,12.632304,12.553289,16.701712,18.204548,20.93202,17.55663,20.287462,16.531244,19.167421,22.046621,20.56352,17.279013,23.458542,21.331867,24.326063,27.9633,24.934175,20.968235,21.062466,24.732466,20.836231,16.096163,18.085434,18.471508,22.30277,22.93034,22.224566,26.378927,26.880138,29.348274,32.445366,30.606268,27.057724,27.95656,23.805777,22.679592,18.36164,19.845274,14.911348,16.747816,16.724308,16.256289,20.023785,18.269693,22.598694,22.56919,19.910814,22.88266,19.591368,23.618652,22.885963,27.413874,32.220642,30.270243,27.124622,30.756643,24.501617,27.901575,25.743542,28.665413
28,24.698675,20.462877,22.22136,18.001581,16.4223,19.980312,15.45406,21.413637,18.485518,22.695978,22.38649,26.006445,26.057016,23.551737,21.657284,16.865389,16.460552,12.237903,12.656295,8.687194,7.819077,11.597305,10.634944,7.127255,10.998901,10.310842,9.695583,7.4253187,0.0,4.807716,5.38452,9.559644,15.666354,16.942795,19.682102,22.507618,24.319735,23.094599,19.640186,15.786166,17.498804,11.839667,11.168334,9.002119,8.742839,7.359578,7.230934,10.14185,10.15031,15.638561,15.327271,18.925703,21.703318,22.700571,18.480528,20.240929,15.385904,17.917677,19.327965,17.64481,14.970492,20.666376,18.238066,22.065954,25.239702,23.69858,19.917824,19.18013,23.872656,21.364088,15.937589,18.056044,16.5173,21.562616,20.02084,20.139536,23.520046,23.031631,25.250431,28.000828,25.569933,22.29831,22.231993,18.147963,17.057549,12.698066,14.203471,9.85772,11.481836,12.721621,12.196376,16.602276,16.18871,19.742048,18.173367,14.868283,17.536562,13.512266,18.219397,16.88646,21.81116,26.338366,24.524948,21.364761,24.817225,18.736338,22.521435,20.459198,24.104559
29,27.373878,23.299686,25.097143,20.40548,19.360119,22.204464,18.113462,23.421711,19.958218,24.345362,22.906494,26.579851,26.94476,23.91452,22.700872,17.45686,17.425146,13.728694,13.273644,10.88221,8.671163,13.082632,10.68945,7.207497,12.170282,12.991363,11.414522,7.958905,4.807716,0.0,4.950621,5.86117,12.844518,14.153907,16.674337,19.82894,20.91383,19.349617,15.7738495,11.8180895,13.425459,7.3277187,7.987791,5.414792,7.7445245,7.719665,10.011532,12.846801,13.981338,18.90886,18.902939,22.78689,25.088593,26.743143,22.607553,24.718836,20.0352,22.58657,24.133804,22.322853,19.434584,24.922821,21.995865,25.614614,28.04955,26.750612,22.981857,21.641342,25.95052,23.401804,17.80587,18.801659,17.58246,21.384447,20.030031,19.01412,22.428478,22.152052,24.04363,27.139145,24.583984,21.54908,22.528076,18.622162,18.635818,13.932991,17.237148,13.998065,15.982559,17.500538,16.804712,21.113491,20.39367,23.832415,22.238104,18.785074,21.656923,17.647354,22.594069,20.856993,25.905447,30.255672,28.189295,24.969137,27.720667,21.328766,24.678734,21.868982,25.311054
30,25.911118,21.803146,22.604376,17.830347,16.276268,18.487164,13.981744,18.811827,15.088135,19.420885,18.067795,21.778938,22.240578,19.390146,18.3552,13.133245,13.883875,9.907436,11.253023,9.380735,9.196301,13.885249,13.456561,10.784924,15.688215,15.625355,14.574127,11.458744,5.38452,4.950621,0.0,6.4738936,10.496487,12.701108,14.696054,17.653538,19.586287,18.350538,15.365654,12.042428,13.144182,8.817365,7.2611966,8.15477,6.7092056,9.3558035,10.229752,13.932027,14.6608095,19.864782,20.289537,23.675257,26.77285,27.635326,23.514202,24.853437,19.683575,21.722858,22.627886,20.351004,17.704971,22.370964,19.095343,22.898275,24.75369,24.403296,20.917921,19.00398,23.673334,22.072838,16.397663,17.372164,15.012226,19.475603,16.809555,16.60745,19.449707,18.580374,20.464487,23.257286,20.554455,17.521519,17.854603,13.940161,13.949231,9.299684,13.004371,11.076873,13.327853,15.814815,15.763439,20.264317,20.599924,23.616425,21.132256,17.51477,19.657364,14.909204,19.894455,17.183569,22.255665,26.39229,24.025963,20.805084,23.104956,16.742857,20.065882,17.259832,20.973711
31,27.160841,23.434427,24.768877,19.658756,19.3003,20.967064,17.909943,22.207548,18.735323,23.260567,21.077019,24.216356,24.463474,20.932825,20.20385,14.893269,15.01126,12.486116,11.191421,11.368613,9.280189,13.840525,12.1796055,10.711361,16.226852,17.891558,17.058302,13.680732,9.559644,5.86117,6.4738936,0.0,8.384798,8.451399,11.412975,14.334545,15.337718,14.214708,10.2674465,6.2457147,9.543347,5.645835,7.7436285,8.544075,10.719214,13.080397,15.382175,18.55983,19.52186,24.646431,24.529888,28.33954,30.71663,32.04917,27.624598,29.568321,24.754915,27.27082,28.102352,26.33445,23.833345,28.76108,25.569117,29.346214,30.962427,30.674843,27.149567,25.102472,29.476133,27.669228,21.980577,22.235903,20.337029,23.509005,21.013983,19.54772,22.098083,21.245825,22.381813,25.420424,22.243896,19.986317,21.210222,17.894897,19.116682,14.643716,19.096676,17.343767,19.059025,21.187527,20.222271,24.399065,24.070118,26.795034,24.47105,20.789652,23.53133,19.590464,24.78416,22.670477,27.776712,31.582195,29.615313,26.514662,28.472057,22.363604,25.432035,22.20035,25.814514
32,30.828829,27.381418,27.168613,22.04955,21.383804,21.056427,18.280361,20.038137,15.785772,19.585747,15.654301,18.613014,19.798588,16.057312,17.339998,12.449882,14.882653,13.549738,14.411831,16.37191,16.085035,20.571255,20.18719,18.855717,24.35597,25.412424,24.130816,20.470154,15.666354,12.844518,10.496487,8.384798,0.0,6.2548566,4.57465,8.213946,9.649084,8.441197,7.0660048,6.869087,6.3051,9.002262,8.4263735,13.322153,12.862463,17.919315,19.946136,23.680311,25.01027,29.884438,30.684044,34.096462,37.147507,38.129303,33.95191,35.203403,29.957788,31.762098,32.15041,29.627249,27.196987,30.702784,26.777187,30.205568,30.08281,31.327105,28.430737,25.233624,29.20605,28.766363,23.390238,22.426012,19.682842,21.65071,17.675251,15.987158,16.943583,15.365199,15.535321,18.373402,14.8423395,13.5270405,15.574428,13.441905,16.433592,13.114471,19.058714,20.030094,22.23922,25.376348,25.286245,29.56241,30.239105,32.58116,29.358828,25.615671,27.376657,22.734465,27.629513,23.96892,28.70523,31.834703,29.119875,26.20602,26.38654,20.659113,22.530075,18.640991,21.760527
33,27.635803,24.649221,24.859015,19.742617,20.174427,19.739416,18.525118,20.60815,17.621948,21.74076,18.828152,20.665615,20.61854,16.629995,16.844559,12.433853,13.037003,13.066776,11.6278305,15.049764,14.327571,17.985918,18.017344,18.168234,23.636389,25.47932,25.330093,22.075792,16.942795,14.153907,12.701108,8.451399,6.2548566,0.0,5.3702364,6.4722013,8.446963,9.324236,5.934061,5.3914046,9.79578,11.564192,12.948496,16.22626,17.115807,20.962877,22.825817,26.364012,27.015198,32.370068,32.23186,35.79946,38.50018,39.22655,34.575447,36.0789,31.117899,33.39556,33.286335,31.536835,29.622171,33.583187,30.238747,34.086216,34.66019,35.745827,32.67107,29.92317,34.32276,33.601635,28.025797,27.719204,24.94833,27.586365,23.578283,22.1695,23.12977,21.294579,21.201334,23.65964,19.678537,18.967884,19.947786,18.013968,20.570261,17.252916,22.17749,22.363022,23.649248,26.402056,25.408762,29.2455,29.650091,31.405075,28.1462,24.471127,26.592663,22.911,27.895119,25.301222,30.061014,32.88553,31.123299,28.404005,29.134655,24.008657,26.475845,23.114376,26.749561
34,32.118187,29.073233,28.67723,23.628355,23.533909,22.459192,20.768606,21.643745,17.917011,21.400997,17.192818,19.204044,20.169,16.227896,17.996576,13.875682,16.079819,15.9839115,16.08186,19.138128,18.766228,22.828339,22.620289,22.008694,27.551168,29.047943,28.084267,24.462904,19.682102,16.674337,14.696054,11.412975,4.57465,5.3702364,0.0,4.038895,5.256797,5.3455176,5.1124883,7.3998003,7.7617764,12.274988,12.654844,17.26542,17.381624,22.293798,24.414564,28.112795,29.326267,34.317448,34.89919,38.368805,41.321507,42.231487,37.87805,39.17549,33.982956,35.881508,35.976025,33.64311,31.438856,34.808594,30.95049,34.40904,34.012627,35.62467,32.84224,29.528402,33.427624,33.209774,27.899117,26.753515,23.963127,25.48933,21.288546,19.413685,19.634272,17.79119,17.12822,19.591469,15.750218,15.599659,17.647863,16.41581,19.855726,17.084774,22.85984,24.13798,26.0328,29.181831,28.815483,32.89704,33.587997,35.573734,32.16362,28.449022,30.19072,25.914892,30.75445,27.239567,31.825539,34.530193,32.07415,29.3643,29.129034,23.969763,25.583778,21.75124,24.738827
35,31.675531,29.050129,28.30829,23.48324,23.83158,22.026304,21.389668,21.45221,18.444376,21.626125,17.677605,18.67756,19.144354,15.1919775,17.097567,13.92567,15.823259,16.853477,16.615194,20.526384,20.483501,24.048872,24.46523,24.510061,30.015835,31.63893,31.198227,27.751596,22.507618,19.82894,17.653538,14.334545,8.213946,6.4722013,4.038895,0.0,4.5377645,7.170097,7.4742007,10.142483,11.626774,16.01914,16.53365,20.99999,21.030247,25.841318,27.671175,31.41518,32.288376,37.48992,37.804077,41.199078,44.206963,44.791996,40.26636,41.43953,36.294308,38.206036,37.85318,35.746273,33.90668,37.0377,33.366787,36.936275,36.443718,38.450462,35.795177,32.467064,36.503887,36.572773,31.28843,30.304415,27.221684,28.96185,24.299076,22.79486,22.5025,20.240734,19.141754,21.051352,16.918825,17.561125,18.888721,18.28944,21.80274,19.547298,24.870481,26.472967,27.953484,31.140972,30.57987,34.398285,35.286945,36.81188,33.126442,29.509745,31.061016,27.172152,31.829844,28.487623,32.84201,35.070934,32.980614,30.521816,30.021599,25.545958,27.092953,23.550642,26.637535
36,35.297817,32.610966,32.299095,27.361622,27.759512,26.33279,25.396042,25.812176,22.490183,25.678478,21.289595,22.605808,23.44899,19.544641,21.597246,18.160583,19.94462,20.552956,19.850761,23.414639,22.65305,26.334166,25.853807,25.714256,31.17562,33.165524,32.24826,28.604885,24.319735,20.91383,19.586287,15.337718,9.649084,8.446963,5.256797,4.5377645,0.0,3.8830028,5.7990546,9.815729,10.347344,15.782593,17.010235,21.213772,22.09783,26.797306,29.252121,32.828896,34.134594,39.104465,39.554024,43.162445,45.886303,46.9629,42.50797,43.99295,38.891365,40.932964,40.99057,38.798252,36.62166,40.05891,36.202248,39.627487,39.04968,40.75004,37.985977,34.60441,38.319473,38.0881,32.826187,31.399567,28.834314,29.719532,25.752428,23.421938,23.268877,21.565437,20.317295,22.545582,18.845476,19.499008,21.870028,21.196167,24.870272,22.296904,28.070316,29.325289,31.100769,34.154694,33.53451,37.491302,37.993134,39.818428,36.448586,32.774395,34.646755,30.69241,35.53004,32.21737,36.73549,39.21068,36.92455,34.327656,33.848988,28.986698,30.378563,26.524399,29.246927
