,0,1,2,3,4,5,6,7,8,9,10,11,12,13,14,15,16,17,18,19,20,21,22,23,24,25,26,27,28,29,30,31,32,33,34,35,36,37,38,39,40,41,42,43,44,45,46,47,48,49,50,51,52,53,54,55,56,57,58,59,60,61,62,63,64,65,66,67,68,69,70,71,72,73,74,75,76,77,78,79,80,81,82,83,84,85,86,87,88,89,90,91,92,93,94,95,96,97,98,99,100,101,102,103,104,105,106,107,108,109,110
0,0.0,4.214789,7.8809166,10.070863,13.130684,15.870825,17.922056,22.012983,24.879622,27.427134,31.136827,33.058125,35.17698,32.361477,31.455912,28.524775,25.168875,24.532528,19.220324,21.283855,17.779255,18.901594,16.054064,19.30519,22.779722,22.822565,27.287603,29.413513,31.280914,34.914238,33.905785,40.505177,39.59451,42.277855,37.81463,34.19596,35.03311,36.89076,32.36784,29.885773,32.31286,31.292883,27.489239,26.317102,29.65299,26.661974,22.375341,23.844437,25.87118,29.00444,30.880678,24.995779,30.573553,33.404827,31.867998,32.31508,30.65842,33.618763,36.614468,35.51843,34.687687,39.2804,43.243603,44.04643,40.579987,39.795994,44.692833,44.848267,39.801876,41.921295,44.863907,43.09183,39.004128,42.22539,38.723797,42.19934,39.52198,35.67989,36.766827,32.682762,30.287062,27.841301,26.4258,28.330517,28.910671,30.936432,32.30854,32.17244,34.27409,35.653183,34.036346,37.646152,36.524986,32.0509,33.11288,38.75791,34.014355,29.128443,34.256584,36.467155,32.720573,28.732388,32.875698,35.248703,32.639416,30.182678,30.852856,27.34834,24.95632,24.950323,21.607027
1,4.214789,0.0,4.408687,7.601914,11.150262,13.5207205,16.58524,19.680582,23.076488,25.287052,29.1852,31.058607,33.566345,30.874542,30.807955,27.793316,24.754599,24.514017,19.435896,22.243826,19.434408,21.183693,18.651983,20.959877,24.342499,24.077152,28.160295,29.999565,31.429838,35.119205,33.477863,40.132767,38.5141,41.26811,37.090996,33.270016,33.68008,35.90136,31.689932,28.899496,31.002522,30.833815,27.042171,25.168116,28.657982,26.676619,22.180214,22.734442,25.31507,27.987099,30.465313,25.294651,30.600029,33.237267,32.331806,33.184914,31.140125,34.44934,37.366962,35.536285,34.853306,39.771313,43.581413,44.037014,40.315586,39.741238,44.88398,45.03246,40.181377,42.678394,45.6143,43.767036,39.92216,43.56287,39.879707,43.693798,41.290638,37.331764,38.922787,34.53346,32.516403,30.194044,28.696754,30.139395,30.260637,32.654,33.52171,33.568054,35.255657,36.664326,35.039772,38.37659,36.88886,32.76923,33.527298,38.832623,33.750095,28.948887,34.012413,35.8122,31.790138,27.913992,32.161278,34.667828,32.53415,29.985743,31.44989,27.891224,25.96897,26.328264,23.420238
2,7.8809166,4.408687,0.0,4.17982,7.5214887,9.352929,13.039843,15.523757,19.075497,21.232418,25.126238,27.09436,29.74409,27.220036,27.72206,24.493034,21.842356,21.77796,17.22745,20.465645,18.510828,20.909239,18.849636,19.940006,23.115921,22.62355,26.152897,27.773634,28.725134,32.494896,30.263529,36.940495,34.89733,37.594696,33.611362,29.712368,29.821331,32.237835,28.271646,25.30221,27.189484,27.63177,23.864794,21.53492,25.1846,24.007492,19.36558,19.369217,22.483553,24.72539,27.4829,23.123781,28.229486,30.526728,30.090107,31.177338,28.727757,32.285793,35.185776,32.737865,32.07371,37.24261,40.875496,41.069286,37.14438,36.719894,42.0241,42.183147,37.53431,40.3271,43.24972,41.39463,37.77562,41.776215,37.934414,42.055347,39.966618,35.928387,38.084053,33.439762,31.883638,29.838717,28.16132,29.026503,28.647207,31.41934,31.789444,32.204838,33.55207,35.153614,33.76234,36.883904,34.91109,31.178282,31.994492,36.909393,31.45017,27.000425,32.177235,33.354717,29.014168,25.626219,30.156202,32.91613,31.233902,28.436537,30.478777,26.518475,25.286253,25.606966,23.294792
3,10.070863,7.601914,4.17982,0.0,3.767306,7.4150763,9.626656,12.292236,15.858867,17.75548,21.727812,23.472672,26.02815,23.344849,23.739746,20.837471,18.037895,18.50739,13.733097,17.773022,16.29556,18.938892,18.045355,17.85697,20.681797,19.67135,23.141388,24.33247,25.341206,28.866314,26.871098,33.375042,31.217518,34.20927,30.337706,26.270866,26.648964,29.39241,25.320808,22.19586,24.63528,25.315096,21.223774,19.192297,23.359848,22.286322,17.342415,18.07394,21.666096,23.683416,26.012842,22.258102,27.55947,29.392887,28.83223,29.539896,26.63867,30.073448,33.41631,30.855825,29.535982,34.91644,38.380096,38.712498,34.531063,33.782124,39.065983,38.958878,34.36657,37.550293,40.168686,38.057037,34.69423,38.946537,35.288868,39.611095,37.591568,33.662346,36.289436,31.793228,30.43956,28.9026,26.670149,27.071356,26.22587,28.778595,28.699755,28.8758,29.910078,31.42269,30.018084,32.991432,30.90244,27.330812,28.05565,32.82991,27.307024,22.935905,28.149284,29.194931,24.840145,21.535572,26.169447,29.022743,27.454647,24.539719,26.778103,22.689419,21.81163,22.24194,20.363758
4,13.130684,11.150262,7.5214887,3.767306,0.0,5.1161637,5.91619,8.950677,12.1894245,14.313697,18.145254,20.03124,22.422232,19.800829,20.250492,17.147528,14.573843,15.144161,10.932396,15.250784,14.676191,17.737635,17.535461,16.083607,18.525475,17.297758,20.225235,21.214245,21.907812,25.461979,23.196552,29.695154,27.491474,30.441988,26.59969,22.510406,22.91282,25.72859,21.678139,18.483015,21.093472,21.97935,17.7975,15.812146,20.240818,19.485687,14.452729,15.4293785,19.362204,21.090132,23.172422,20.1389,25.350811,26.775385,26.322464,26.944386,23.701557,27.166626,30.634563,27.80157,26.229822,31.75238,35.065712,35.351166,31.030834,30.23717,35.56106,35.413116,30.93458,34.321285,36.865654,34.738483,31.542109,36.012352,32.323055,36.831966,35.036247,31.126728,34.194317,29.653257,28.674704,27.515322,25.047054,24.918758,23.63658,26.36091,25.879324,26.361969,27.17139,28.89797,27.80869,30.658804,28.181692,24.903383,25.916218,30.387127,24.61244,20.6977,26.096378,26.59942,22.025415,19.36279,24.286572,27.361135,26.04918,22.890411,25.299805,20.734575,20.532476,20.66191,19.406054
5,15.870825,13.5207205,9.352929,7.4150763,5.1161637,0.0,6.0875726,7.5641847,10.314337,13.276052,16.614151,19.240587,21.700823,19.739212,21.039747,16.940851,15.558722,15.284244,13.12698,16.220621,16.555689,19.977188,18.97869,17.407526,19.748623,19.081865,20.86122,22.18241,21.89808,25.925238,22.340708,29.063951,26.649391,28.874376,25.085674,21.295252,20.835058,23.266233,19.76504,16.654491,18.028717,19.411568,15.870703,12.709641,16.639757,17.077785,12.482281,11.475697,15.687079,16.938843,19.84106,17.555208,22.035192,23.405481,23.801643,25.230854,22.043701,25.968628,28.719818,25.159351,24.548134,30.036451,33.278214,33.000397,28.80671,28.729712,34.241554,34.547096,30.35156,33.489532,36.453667,34.795734,31.58565,36.106567,31.965458,36.545864,35.18415,31.099339,34.294254,29.300688,28.819078,27.492157,25.590673,25.172335,23.804506,27.377516,26.824343,28.375565,29.185133,31.410156,30.888254,33.624054,30.604355,27.770123,29.247387,33.219498,27.137838,23.990982,29.421412,29.06518,24.156155,22.53809,27.627556,30.89045,30.012985,26.705244,29.327408,24.360659,24.722128,24.370295,23.449947
6,17.922056,16.58524,13.039843,9.626656,5.91619,6.0875726,0.0,6.212697,7.2159843,10.441333,13.495539,15.864167,17.595829,15.199356,15.355126,11.514278,9.54407,9.80164,7.599714,11.564845,12.815395,16.334934,17.115288,13.716151,15.307231,13.931951,15.578726,16.37621,16.402906,20.15543,17.349855,23.952932,22.025997,24.704084,20.714287,16.722265,17.293837,19.95338,15.79858,12.619555,15.644241,16.509222,12.178625,10.600709,15.397373,14.934907,9.974826,11.781871,15.952665,17.23895,18.585836,16.813005,21.751537,22.464989,22.067507,22.476343,18.739204,22.195244,25.817581,22.666805,20.677954,26.357979,29.462263,29.721245,25.25737,24.398544,29.762707,29.633684,25.294699,28.866629,31.377335,29.342806,26.324333,31.05162,27.27516,32.018097,30.608078,26.750235,30.452354,25.885412,25.561584,25.031288,22.308931,21.298706,19.33782,22.410357,21.347675,22.592834,23.164057,25.391468,25.026005,27.725761,24.613995,21.842237,23.62563,27.546202,21.494698,18.656652,24.27726,23.832922,19.029,17.82488,23.043566,26.375296,25.384674,21.929758,24.235197,18.907028,19.804163,19.13954,18.91061
7,22.012983,19.680582,15.523757,12.292236,8.950677,7.5641847,6.212697,0.0,4.836069,5.8405023,9.701829,11.830353,14.702451,12.8011055,15.573132,12.330352,11.952627,13.568883,12.804146,17.074808,18.904312,22.402487,23.29212,19.719826,20.897577,19.193588,19.91396,19.799862,18.888294,22.0902,18.211226,24.192175,20.492268,23.4016,20.493048,16.192966,15.593043,19.377787,16.487146,12.753856,14.802969,18.130901,14.473802,11.451808,16.182442,18.279587,14.020739,13.55128,18.38994,18.300459,20.52623,20.672064,24.532808,24.618404,25.379114,26.314548,22.204643,25.811369,29.094616,24.821873,23.042185,28.905943,31.412416,31.031473,26.197098,25.694956,31.182716,30.913399,27.321413,31.523264,33.717304,31.552576,29.33405,34.521523,30.800167,35.815884,34.91148,31.202383,35.418636,30.819805,30.980537,30.643457,27.998701,26.529184,24.072786,27.208548,25.351192,26.582787,26.26483,28.247326,27.844475,29.782753,26.210892,24.465372,25.43231,28.304893,22.017841,19.829197,24.724617,23.28828,18.184195,17.723862,22.706173,26.116463,26.17487,22.819677,26.373837,21.569063,23.187422,23.272997,23.636381
8,24.879622,23.076488,19.075497,15.858867,12.1894245,10.314337,7.2159843,4.836069,0.0,4.87963,6.6792727,9.848212,11.643357,10.265569,12.692975,8.505006,9.537006,10.549518,12.152783,15.232366,18.154316,21.682663,22.992193,18.510714,19.004353,17.45419,16.907892,16.691463,14.972975,18.334068,13.693912,19.791128,16.48676,18.91746,15.764163,11.624606,11.005731,14.591731,11.714457,7.9620256,10.290441,13.790427,10.355243,7.6988244,12.49784,15.039512,11.509784,11.517199,16.09496,15.557731,16.967083,18.331593,21.70308,21.154352,21.973272,22.748472,18.391945,21.886808,25.122171,20.623278,18.599709,24.467215,26.762365,26.324938,21.419445,20.954851,26.460316,26.30166,22.887482,27.10715,29.33302,27.379969,25.300974,30.567482,26.77858,31.870512,31.324032,27.722824,32.296,27.764322,28.44544,28.54737,25.89163,23.834288,20.984045,24.361158,22.156847,24.145697,23.739922,26.176912,26.46613,28.322182,24.32243,23.006847,24.740334,27.163193,20.87046,19.729767,24.678106,22.551386,17.487844,18.369999,23.35863,26.838467,26.964859,23.492584,26.594875,21.324232,23.548637,22.908081,23.840044
9,27.427134,25.287052,21.232418,17.75548,14.313697,13.276052,10.441333,5.8405023,4.87963,0.0,4.4144263,5.9950476,9.104526,7.629339,12.120345,9.970781,11.156895,13.820565,14.792467,18.855192,21.6662,25.023623,26.928053,22.26997,22.532906,20.388184,19.955742,18.769346,17.154469,19.458128,15.313297,20.247478,15.476589,18.829134,16.87018,12.4382715,11.690418,16.464973,14.467751,10.741958,13.097834,17.64321,14.467488,12.198193,16.645306,19.695784,16.282814,16.211489,20.829706,19.89485,21.333708,23.18668,26.366888,25.514101,26.49504,27.057297,22.528057,25.684801,29.136173,24.508905,21.962908,27.784931,29.585056,29.105986,23.960867,23.172106,28.428814,27.748856,24.851248,29.717035,31.275604,28.857843,27.538248,33.072342,29.743032,34.930832,34.489204,31.17951,36.041004,31.83407,32.54271,32.909683,29.937096,27.72959,24.600712,27.383009,24.604597,25.808323,24.62215,26.497347,26.454014,27.662218,23.587252,22.985664,23.775997,25.44318,19.192162,18.407106,22.595015,19.939217,14.866267,16.159876,20.736998,24.163107,25.024035,21.742737,25.695232,21.095858,23.746677,23.87228,25.235384
10,31.136827,29.1852,25.126238,21.727812,18.145254,16.614151,13.495539,9.701829,6.6792727,4.4144263,0.0,3.9608648,5.837428,6.0654087,11.225775,9.138306,11.949901,14.168924,16.87108,19.926773,23.442846,26.735273,28.874166,23.69943,23.401554,21.407124,19.818558,18.328382,15.821783,17.770851,12.800666,17.016722,11.751831,14.707327,13.342703,9.256078,7.8167253,12.979794,12.028117,8.7838545,10.5991535,15.893673,13.592795,11.806155,15.455469,19.295849,16.882778,16.716476,20.88521,19.304508,20.161232,23.376352,25.764774,24.226435,25.524023,26.038563,21.41748,24.30798,27.503004,22.541248,19.887526,25.477915,26.756903,26.020721,20.817453,20.168873,25.265244,24.600466,22.318455,27.31759,28.695187,26.467073,25.658113,31.266579,28.018213,33.22222,33.263744,30.191305,35.38622,31.340147,32.57154,33.323265,30.42595,27.717648,24.264725,27.128296,23.928625,25.71675,24.228401,26.366257,26.939503,27.811457,23.333302,23.481342,24.7004,25.561363,19.5261,19.968924,23.780466,20.264168,15.501353,18.211271,22.43603,25.791395,26.951267,23.723877,27.429773,22.735449,25.905973,25.597336,27.44581
11,33.058125,31.058607,27.09436,23.472672,20.03124,19.240587,15.864167,11.830353,9.848212,5.9950476,3.9608648,0.0,4.1933146,4.4034286,10.829361,10.811999,13.220434,16.425453,18.526667,22.181486,25.565144,28.666895,31.35076,26.005522,25.517775,23.085146,21.713173,19.53068,17.397533,18.365046,14.465128,17.449217,11.305438,15.281628,14.916491,10.905926,10.19579,15.603531,14.907812,11.929248,14.203623,19.311384,16.89764,15.622672,19.321415,22.847218,20.280733,20.56025,24.7621,23.255665,23.921694,27.032137,29.584404,27.962727,29.05413,29.214876,24.520397,27.052126,30.56235,25.84428,22.621355,28.079557,29.045319,28.516071,23.260813,22.126188,26.830109,25.635561,23.693632,29.12478,29.868717,27.195663,26.978354,32.688038,29.929077,35.12371,35.144382,32.35124,37.696693,34.000072,35.16222,36.151363,32.93956,30.16565,26.559706,28.822556,25.255114,26.282913,24.206205,25.816126,26.126066,26.444792,22.007238,22.762714,23.246449,23.409594,17.618279,18.531149,21.551842,17.584469,13.086568,16.344572,19.988136,23.19597,24.907356,21.921282,26.078632,22.013397,25.48813,25.691006,27.891075
12,35.17698,33.566345,29.74409,26.02815,22.422232,21.700823,17.595829,14.702451,11.643357,9.104526,5.837428,4.1933146,0.0,3.5571156,8.7674,9.529563,12.744076,15.674588,18.870846,21.703417,25.548786,28.432798,31.56513,25.744453,24.685728,22.285471,20.101439,17.512121,14.972399,15.262644,11.53681,13.478243,7.1538086,11.544473,11.575318,7.995477,8.14561,13.310927,12.969265,10.801175,13.469528,17.98786,16.019655,15.866918,19.070715,22.242184,20.343903,21.341646,25.027931,23.47721,23.22614,26.864626,29.13362,27.086966,27.908314,27.624073,22.931013,24.93486,28.5267,24.084343,20.28732,25.416412,25.98467,25.655788,20.426712,18.899126,23.247515,21.805096,20.244995,25.862165,26.228569,23.517578,23.77487,29.483494,27.029633,32.156788,32.44365,29.9793,35.54754,32.225277,33.699154,35.129604,31.827276,28.677532,24.832962,26.819721,22.88944,24.155785,21.808743,23.590631,24.465557,24.558199,19.856533,21.198326,22.218767,21.822182,16.37377,18.38115,21.17995,16.726423,12.7618265,17.095572,20.444101,23.530535,25.16932,22.232166,25.78422,21.607473,25.468943,25.188807,27.83593
13,32.361477,30.874542,27.220036,23.344849,19.800829,19.739212,15.199356,12.8011055,10.265569,7.629339,6.0654087,4.4034286,3.5571156,0.0,6.4898934,7.823631,10.064194,13.732893,16.014112,19.481525,23.00381,25.824398,29.161388,23.41891,22.510155,19.82853,18.363873,15.701777,13.943808,14.402863,11.664684,14.552627,9.371278,14.111563,13.08666,8.843117,9.999862,15.014949,13.406784,10.722545,14.453828,18.244324,15.4320965,15.469857,19.369572,21.650465,19.090498,20.74004,24.631159,23.648567,23.442245,26.08052,29.059887,27.443548,27.77064,27.251371,22.528145,24.58691,28.623972,24.616693,20.518427,25.911617,26.950031,27.038109,21.783804,19.884434,24.391356,22.831795,20.54909,26.177675,26.608551,23.598555,23.405209,29.120789,26.697105,31.850761,31.695791,29.10596,34.50872,31.199217,32.28789,33.613136,30.08688,27.192413,23.462408,25.18948,21.415932,22.088827,19.847704,21.434185,21.885288,22.251226,17.739346,18.532677,19.361889,19.632076,13.773555,15.117224,18.344343,14.432846,9.951589,13.782184,17.503014,20.733805,22.062248,18.994295,22.594574,18.345104,22.089449,22.01577,24.571676
14,31.455912,30.807955,27.72206,23.739746,20.250492,21.039747,15.355126,15.573132,12.692975,12.120345,11.225775,10.829361,8.7674,6.4898934,0.0,5.679073,6.7235847,10.421295,13.008311,15.596448,19.246092,21.50071,25.738165,19.535688,17.915474,14.978118,13.320301,9.902317,9.1487,8.784903,8.95375,11.864459,10.072985,14.595854,12.2233095,8.585669,12.081633,15.52203,12.521467,10.82389,15.930309,17.262638,14.066559,16.090967,19.882627,20.05387,17.710386,21.272018,24.446318,24.306532,22.87704,24.577858,28.099081,26.619242,25.739416,24.186731,19.652464,20.879286,25.637028,22.956955,17.75735,22.82631,24.113937,25.200306,20.242792,17.282516,21.35288,19.404263,16.325665,21.954037,22.05983,18.625984,18.148455,23.74743,21.802202,26.803898,26.285776,23.98472,29.352613,26.66104,27.591448,29.399738,25.47222,22.455435,18.645996,19.473389,15.477998,15.672353,13.37836,15.223421,16.117422,16.938034,12.362275,12.766474,14.817649,15.777361,10.080754,11.876782,15.697323,12.641978,8.972484,12.64944,16.338778,19.404104,19.69455,16.55951,18.649818,13.857934,17.831509,16.931423,19.972277
15,28.524775,27.793316,24.493034,20.837471,17.147528,16.940851,11.514278,12.330352,8.505006,9.970781,9.138306,10.811999,9.529563,7.823631,5.679073,0.0,4.4307976,6.196874,10.499649,12.244352,16.33964,19.172836,22.374813,16.341272,15.18515,13.025451,10.921011,9.210163,7.222534,9.873562,6.685507,12.587352,11.2863655,14.266107,10.423075,6.304095,9.149817,12.040446,8.054392,5.7058783,11.130286,12.173555,8.602815,10.47628,14.37356,14.687204,12.330331,15.647005,18.788279,18.682959,17.468927,19.20128,22.65597,21.35304,20.766266,19.833641,15.164444,17.27372,21.631485,18.381264,13.991938,19.643198,21.563292,22.201698,17.191162,15.116614,20.112612,19.192764,15.521732,20.431736,21.836636,19.32673,17.660677,23.185385,20.121138,25.30047,24.826448,21.82921,27.03142,23.474506,24.522598,25.828018,22.39578,19.460674,15.800207,18.109251,14.878354,16.808363,15.891773,18.634533,19.7451,21.438755,17.135273,16.355318,19.134546,21.08541,15.256394,15.6536665,20.414152,17.956795,13.685081,16.07715,20.591726,23.877974,23.732645,20.325615,22.257235,16.71113,19.844536,18.3268,20.461966
16,25.168875,24.754599,21.842356,18.037895,14.573843,15.558722,9.54407,11.952627,9.537006,11.156895,11.949901,13.220434,12.744076,10.064194,6.7235847,4.4307976,0.0,4.9186316,6.543024,9.653647,13.05269,15.7732725,19.40371,13.493869,12.65748,9.899177,9.662659,8.185595,8.495585,11.075226,10.259386,15.898965,15.141404,18.496428,14.556531,10.680864,13.493933,16.186548,11.67132,9.335332,14.659561,14.734691,10.397103,12.292936,16.675959,15.522198,12.153058,16.443165,19.64617,20.407597,19.374336,19.35966,23.79103,23.198269,21.90597,20.643314,16.27812,18.30239,23.091951,20.690315,16.284609,21.809292,24.222855,25.331205,20.602955,18.264769,23.025026,21.976822,17.717604,22.2708,23.659801,20.877499,18.653496,23.860785,20.994875,25.967747,24.802761,21.69412,26.436663,22.990728,23.322414,24.409885,20.63055,18.261925,15.001652,16.739481,14.057067,14.85733,14.414167,16.824806,17.246,19.529415,15.834942,13.857756,16.558252,19.679228,13.8182535,12.832101,18.237688,16.995832,12.779917,13.657358,18.444666,21.70272,20.87551,17.388842,18.94883,13.156667,15.80763,14.351201,16.197351
17,24.532528,24.514017,21.77796,18.50739,15.144161,15.284244,9.80164,13.568883,10.549518,13.820565,14.168924,16.425453,15.674588,13.732893,10.421295,6.196874,4.9186316,0.0,6.558744,6.1456575,10.500763,13.402124,16.339005,10.24637,9.28851,7.7771435,6.405191,7.1924148,6.979521,11.247781,9.613803,16.124348,16.855244,18.884054,14.036807,11.140497,13.713709,14.818117,9.679196,8.334609,13.099774,11.1924715,6.7825055,9.91585,13.579206,10.992388,8.09967,13.430919,15.772611,17.027111,15.349062,14.818168,19.328062,18.926147,17.178318,15.869499,11.647807,13.951701,18.610443,16.59777,12.618662,18.082651,21.05636,22.233,17.942324,16.021402,20.924894,20.60629,15.87262,19.431765,21.723839,19.72874,16.525848,21.332317,17.770967,22.659214,21.47073,17.933525,22.474483,18.551643,19.041336,19.985184,16.54301,14.06353,10.931758,13.833871,11.997402,14.521711,15.28923,18.478516,19.538692,22.329449,18.836365,16.457424,20.10357,23.486237,18.048304,17.128136,22.622187,21.568552,17.58655,18.382935,23.142958,26.31677,25.103489,21.663794,22.412613,16.396757,18.37501,15.927188,17.143707
18,19.220324,19.435896,17.22745,13.733097,10.932396,13.12698,7.599714,12.804146,12.152783,14.792467,16.87108,18.526667,18.870846,16.014112,13.008311,10.499649,6.543024,6.558744,0.0,6.209442,7.5022683,10.450729,13.656442,8.669277,9.330409,6.9155927,10.02283,10.722444,12.609591,15.792321,15.651309,21.689379,21.610813,24.571627,20.128159,16.599615,18.940126,20.94271,15.947651,13.782283,18.361418,17.117283,12.488181,13.965923,18.294304,15.307637,10.969068,15.977107,18.817778,20.815939,20.200539,17.621311,23.151232,23.71583,21.708918,20.507244,16.965725,19.223093,23.893154,22.423338,18.912256,24.11332,27.322533,28.672092,24.488085,22.48058,27.173637,26.559008,21.688862,25.12093,27.125582,24.700258,21.413828,25.78169,22.69279,27.160166,25.18604,21.68244,25.304428,21.60407,20.876333,21.120052,17.419683,16.328314,14.313918,16.067411,15.182448,15.485344,16.57291,18.762094,18.440996,21.709372,19.17716,15.552388,18.223175,22.880438,17.52734,14.601591,20.498034,20.950323,17.044407,15.672197,20.550135,23.595976,21.68586,18.301304,18.972618,13.188854,13.892148,12.159085,12.258012
19,21.283855,22.243826,20.465645,17.773022,15.250784,16.220621,11.564845,17.074808,15.232366,18.855192,19.926773,22.181486,21.703417,19.481525,15.596448,12.244352,9.653647,6.1456575,6.209442,0.0,4.750028,7.4749126,10.499924,4.141599,3.8440068,3.932783,6.085101,9.188909,11.024326,14.915622,14.956525,21.00847,22.739847,24.52331,19.437168,17.10517,19.639803,19.99816,14.806039,14.034756,18.048122,14.543916,10.696426,13.709694,16.67781,11.621032,8.719313,15.039679,16.29681,18.89166,17.026606,13.65523,19.17587,19.875418,16.862679,15.023838,12.173374,13.99601,18.621279,18.35832,15.107288,19.573101,23.222353,24.950579,21.53367,19.67062,23.983908,23.947218,18.733335,20.908617,23.585533,21.943514,17.75355,21.37905,17.883135,21.987867,19.867817,16.074234,19.362268,15.435169,14.769338,15.185265,11.509983,10.223958,8.613277,11.256504,11.615232,13.733536,16.091673,19.156614,19.886911,23.511597,21.06554,17.424929,21.40184,25.893156,21.115894,19.145359,24.831486,25.069712,21.557945,21.045881,25.649918,28.550594,26.401392,23.158848,22.71149,16.843203,17.383753,14.213541,14.166694
20,17.779255,19.434408,18.510828,16.29556,14.676191,16.555689,12.815395,18.904312,18.154316,21.6662,23.442846,25.565144,25.548786,23.00381,19.246092,16.33964,13.05269,10.500763,7.5022683,4.750028,0.0,3.6594827,6.6135902,2.1754186,5.0377107,5.7645664,10.167476,13.069432,15.580079,19.070015,19.639082,25.586586,27.149946,29.192196,24.155272,21.627888,24.031939,24.588964,19.412252,18.361525,22.180107,18.75958,14.961603,17.208353,20.219397,14.82059,11.58397,17.371252,18.465569,21.652151,20.334772,15.4236555,21.409573,22.880953,19.61138,17.920406,15.928073,17.60805,21.873209,22.187834,19.496777,23.559946,27.399408,29.233463,26.078554,24.293846,28.418242,28.378805,23.095062,24.851036,27.50527,25.851824,21.499123,24.493814,21.300163,24.81896,22.145374,18.461655,20.572104,16.920435,15.128321,14.691868,11.19117,11.641853,11.551377,13.236186,14.71649,15.626967,18.477966,20.971676,20.998749,24.98776,23.314123,18.953995,22.484533,27.707388,23.261826,20.313608,26.000385,27.187822,23.8763,22.232353,26.68368,29.371058,26.663034,23.630018,22.705631,17.31433,16.59126,13.588276,12.130424
21,18.901594,21.183693,20.909239,18.938892,17.737635,19.977188,16.334934,22.402487,21.682663,25.023623,26.735273,28.666895,28.432798,25.824398,21.50071,19.172836,15.7732725,13.402124,10.450729,7.4749126,3.6594827,0.0,6.1535244,4.170413,5.691428,6.871255,11.518553,14.3735695,17.47831,20.439667,21.994583,27.441858,29.60534,31.640255,26.603647,24.351517,27.063574,27.39392,22.219196,21.482475,25.409485,21.53107,18.004465,20.649086,23.393282,17.510124,14.863549,20.74594,21.387247,24.746506,23.034542,17.792402,23.639257,25.210037,21.410261,19.17698,17.80906,18.752438,23.039797,24.275095,21.41421,24.85876,28.698963,30.936773,28.13964,26.089235,29.717108,29.577637,24.248213,25.53552,27.979208,26.35048,21.87806,24.187466,21.49758,24.432354,21.320475,17.989252,19.32885,16.44242,13.993496,13.687431,9.951517,11.236211,11.988577,12.441714,14.773507,15.001271,18.398075,20.630228,20.581636,24.7972,23.761972,19.088991,22.753113,28.216743,24.430151,21.44178,26.831778,28.54404,25.7445,23.878944,27.924124,30.325302,27.206903,24.454048,22.661001,17.733017,16.406284,13.013054,11.078754
22,16.054064,18.651983,18.849636,18.045355,17.535461,18.97869,17.115288,23.29212,22.992193,26.928053,28.874166,31.35076,31.56513,29.161388,25.738165,22.374813,19.40371,16.339005,13.656442,10.499924,6.6135902,6.1535244,0.0,6.5162435,9.619542,11.8889,15.539135,19.08205,21.2993,25.020872,25.216526,31.277662,33.15009,34.673393,29.443686,27.271486,29.242826,29.174105,24.196749,23.437597,26.349554,22.261782,19.21526,20.91932,23.020155,16.930944,14.54172,19.308863,19.228271,23.143345,22.131546,15.445852,21.31759,23.811825,20.219965,19.012497,18.511723,20.142397,23.27793,24.430971,23.127342,26.352613,30.539791,32.286884,29.874285,28.68364,32.575657,33.084206,27.806671,28.409378,31.629244,30.646578,25.831877,27.818388,24.461102,27.09854,24.157543,20.443829,20.806604,17.081696,14.322372,12.194861,10.4539175,12.999811,14.788038,16.671597,19.499916,20.79486,24.228579,26.682667,26.674835,30.85264,29.586695,25.022158,28.496586,33.9688,29.750086,26.506687,32.114178,33.656532,30.349518,28.300627,32.68817,35.250057,32.242496,29.397131,28.123514,23.203928,21.661175,18.771109,16.266209
23,19.30519,20.959877,19.940006,17.85697,16.083607,17.407526,13.716151,19.719826,18.510714,22.26997,23.69943,26.005522,25.744453,23.41891,19.535688,16.341272,13.493869,10.24637,8.669277,4.141599,2.1754186,4.170413,6.5162435,0.0,3.6537776,5.7287865,9.169093,12.611582,14.856792,18.532696,18.957872,24.873278,26.870327,28.532757,23.368576,21.198172,23.595078,23.686342,18.555262,17.896435,21.491884,17.51495,14.060337,16.679983,19.242275,13.381389,10.757635,16.766941,17.373014,20.628849,18.912985,13.946187,19.803894,21.23928,17.718805,15.864181,14.121843,15.675156,19.836184,20.457273,17.920982,21.726028,25.653471,27.536646,24.62108,22.945034,26.955536,27.122633,21.825794,23.198698,26.08077,24.717928,20.161428,22.953283,19.578049,23.00308,20.383842,16.580599,18.647467,14.809749,13.139308,12.780361,9.2942505,9.61426,9.732439,11.886566,13.696261,15.367073,18.43128,21.237617,21.676937,25.643518,23.821445,19.654598,23.547176,28.547083,24.138477,21.607182,27.26302,28.167242,24.857073,23.647278,28.11374,30.835527,28.219032,25.15803,24.139536,18.63523,18.190693,14.884566,13.74129
24,22.779722,24.342499,23.115921,20.681797,18.525475,19.748623,15.307231,20.897577,19.004353,22.532906,23.401554,25.517775,24.685728,22.510155,17.915474,15.18515,12.65748,9.28851,9.330409,3.8440068,5.0377107,5.691428,9.619542,3.6537776,0.0,3.7306054,6.138106,9.740045,12.306775,15.612161,16.869596,22.236343,24.956972,26.49831,21.365797,19.61002,22.478285,22.288513,17.194384,17.050013,20.9788,16.626999,13.427168,16.989477,19.343615,13.438083,11.629025,18.037537,18.493221,21.362867,18.843729,14.959269,20.296976,21.105215,17.28642,14.622407,12.700788,13.450958,18.166647,19.24075,15.855216,19.389725,23.124805,25.388401,22.55123,20.41703,24.059616,24.030706,18.70048,20.078867,22.688646,21.24162,16.678505,19.466099,16.343586,19.847252,17.231503,13.60375,16.28991,12.936139,11.749534,12.588357,8.368182,7.3981037,6.715637,8.371251,10.077916,12.146128,15.374466,18.46456,19.43554,23.324413,21.423923,17.517412,21.93467,26.579645,22.497196,20.68378,26.103577,26.740978,23.77285,23.215006,27.444397,30.091436,27.56343,24.55278,23.182932,17.609594,17.735207,13.929358,13.71457
25,22.822565,24.077152,22.62355,19.67135,17.297758,19.081865,13.931951,19.193588,17.45419,20.388184,21.407124,23.085146,22.285471,19.82853,14.978118,13.025451,9.899177,7.7771435,6.9155927,3.932783,5.7645664,6.871255,11.8889,5.7287865,3.7306054,0.0,5.5303254,7.6100903,10.902881,13.690318,15.5602,20.756813,22.930548,25.156845,20.313717,18.041607,21.208698,21.810598,16.665648,16.020193,20.611685,17.24714,13.470377,16.893652,19.998594,15.081549,12.505822,18.813292,20.13293,22.575056,20.366491,17.332678,22.67189,23.120764,19.79219,17.236696,14.517278,15.3586855,20.471642,20.838879,16.702698,20.79058,24.150797,26.384546,22.995806,20.43181,24.21722,23.64199,18.397009,20.813145,22.774624,20.62675,16.662224,20.152159,17.475468,21.38349,18.92347,15.665947,18.99772,16.081593,15.164337,16.28301,11.93022,10.568125,8.805672,9.411269,9.559857,10.271564,12.861279,15.673208,16.301434,20.118132,18.135382,14.132252,18.351608,23.057959,18.87256,16.95584,22.384607,23.09805,20.21483,19.575865,23.731264,26.3729,23.916014,20.874838,19.683563,13.983525,14.468268,10.8285055,11.27056
26,27.287603,28.160295,26.152897,23.141388,20.225235,20.86122,15.578726,19.91396,16.907892,19.955742,19.818558,21.713173,20.101439,18.363873,13.320301,10.921011,9.662659,6.405191,10.02283,6.085101,10.167476,11.518553,15.539135,9.169093,6.138106,5.5303254,0.0,4.343445,6.321366,9.666582,11.182705,16.123672,19.316118,20.722439,15.726721,14.374115,17.748932,17.463898,12.570184,12.996298,17.363132,13.354199,10.433213,14.953565,17.229544,12.636509,11.620862,17.793142,18.64435,20.428593,17.271751,16.041334,20.335657,19.891548,16.662138,13.699906,10.480604,10.778844,16.197525,16.460732,11.587262,15.618747,18.748222,21.064365,17.728321,14.986426,18.704443,18.300137,13.020858,15.526364,17.691265,15.869128,11.790516,15.850857,12.713243,17.205116,15.507332,12.216171,16.799728,13.794024,14.295478,16.283663,12.288093,9.161661,5.5925465,7.4740148,6.054554,9.750256,11.816669,15.5519905,17.44348,20.642498,17.808142,15.105763,19.902843,23.403032,19.192902,18.833454,23.89968,23.38832,20.495258,21.40965,25.504795,28.263641,26.455555,23.349874,22.507954,16.728573,18.391462,14.746761,16.207169
27,29.413513,29.999565,27.773634,24.33247,21.214245,22.18241,16.37621,19.799862,16.691463,18.769346,18.328382,19.53068,17.512121,15.701777,9.902317,9.210163,8.185595,7.1924148,10.722444,9.188909,13.069432,14.3735695,19.08205,12.611582,9.740045,7.6100903,4.343445,0.0,4.485485,6.08178,9.467979,13.425898,16.427252,18.583458,14.1705,12.55651,16.526125,17.040977,12.526382,12.690266,17.67526,14.956864,11.949399,16.249033,18.996838,15.736685,14.4008465,20.09927,21.61597,22.806808,19.836908,19.697336,23.697409,22.75621,20.062445,17.174461,13.533645,13.558879,19.027246,18.705572,13.032689,17.189468,19.526865,21.868883,18.055475,14.623547,18.126999,16.860147,11.945714,15.854213,16.863024,14.064649,11.193414,16.042473,13.839329,18.523554,17.18482,14.680873,19.718544,17.445988,18.144844,20.449057,16.293732,13.104485,9.381498,9.580319,5.992741,8.050792,8.548525,12.246408,14.338187,17.036242,13.765374,11.752876,16.522457,19.412052,15.299412,15.77173,20.404688,19.489775,16.95734,18.55119,22.27503,24.952461,23.490265,20.468042,19.82979,14.229629,16.792635,13.553271,16.057055
28,31.280914,31.429838,28.725134,25.341206,21.907812,21.89808,16.402906,18.888294,14.972975,17.154469,15.821783,17.397533,14.972399,13.943808,9.1487,7.222534,8.495585,6.979521,12.609591,11.024326,15.580079,17.47831,21.2993,14.856792,12.306775,10.902881,6.321366,4.485485,0.0,4.925527,5.1735425,10.030748,13.120858,14.536999,9.818692,8.696339,12.594631,12.63323,8.4016,9.267617,13.889917,11.472652,9.202471,13.651856,15.862736,13.804598,13.283332,18.145365,19.624651,20.091494,16.95954,18.441198,21.56332,19.97916,18.031935,15.651127,11.468224,11.889867,16.916471,15.508225,9.66515,14.37139,16.37466,18.190075,13.957152,10.709731,14.904277,13.965203,9.312704,13.846554,15.264267,12.952844,10.536061,15.979976,13.095279,18.229742,17.809574,15.190678,20.71469,17.936928,19.45259,21.68212,18.117077,14.468816,10.396885,12.123013,8.433014,12.0110235,11.844665,15.562701,17.953173,20.014374,16.063528,15.182854,19.54765,21.506193,16.989758,18.183256,22.644753,20.656551,17.676674,20.228222,24.129831,27.012028,26.197104,23.057358,23.246086,17.658016,20.606936,17.73934,20.171019
29,34.914238,35.119205,32.494896,28.866314,25.461979,25.925238,20.15543,22.0902,18.334068,19.458128,17.770851,18.365046,15.262644,14.402863,8.784903,9.873562,11.075226,11.247781,15.792321,14.915622,19.070015,20.439667,25.020872,18.532696,15.612161,13.690318,9.666582,6.08178,4.925527,0.0,7.0710535,7.9262443,12.062867,14.032868,10.657779,10.217048,14.558684,14.9693365,11.93063,12.860933,17.413374,15.738778,13.928234,18.099201,20.281189,18.633478,18.170553,22.908567,24.476826,24.70508,21.44568,23.276962,26.156624,24.27172,22.290182,19.488264,15.689534,15.120847,20.094425,19.175512,12.943121,16.525164,17.524231,19.763693,15.770334,11.659786,14.453161,12.273428,8.474081,13.915389,13.593238,10.11802,9.498819,15.0751295,13.725074,18.484438,18.294424,16.7334,22.385681,20.719501,22.28928,25.065994,21.232698,17.503431,13.496269,13.446107,8.776277,10.820858,9.119959,12.527914,15.489464,16.751995,12.632991,13.066018,17.384615,18.245508,14.689643,17.220049,20.656528,18.300602,16.385899,19.750502,22.786316,25.311497,24.759258,21.982023,21.84811,16.977526,20.503773,17.849384,21.075031
30,33.905785,33.477863,30.263529,26.871098,23.196552,22.340708,17.349855,18.211226,13.693912,15.313297,12.800666,14.465128,11.53681,11.664684,8.95375,6.685507,10.259386,9.613803,15.651309,14.956525,19.639082,21.994583,25.216526,18.957872,16.869596,15.5602,11.182705,9.467979,5.1735425,7.0710535,0.0,7.0090904,8.847509,9.652821,4.8395844,4.0631356,7.9295917,8.129921,5.249876,6.6461625,10.499436,10.073652,8.974798,12.41013,14.152828,14.517906,14.484675,17.714052,19.523277,18.870682,16.122366,19.592968,21.649837,19.33182,18.710173,17.277071,12.818568,13.821285,17.795324,14.729279,9.4720545,14.419521,15.52369,16.287521,11.318693,8.662443,13.522123,12.729632,9.578804,14.720954,16.018944,14.085394,13.027635,18.60132,15.61457,20.774216,21.221077,18.769707,24.452085,21.406809,23.437498,25.470093,22.391253,18.653765,14.646852,16.979355,13.2484045,16.780893,15.791466,19.157404,21.528065,22.844479,18.336596,18.57571,22.229473,23.135302,18.325813,20.238667,24.2659,21.15705,17.866386,21.400934,25.258364,28.268883,28.255396,25.092676,26.25025,20.88527,24.282114,21.992382,24.53225
31,40.505177,40.132767,36.940495,33.375042,29.695154,29.063951,23.952932,24.192175,19.791128,20.247478,17.016722,17.449217,13.478243,14.552627,11.864459,12.587352,15.898965,16.124348,21.689379,21.00847,25.586586,27.441858,31.277662,24.873278,22.236343,20.756813,16.123672,13.425898,10.030748,7.9262443,7.0090904,0.0,7.216923,6.9826565,6.023215,8.385335,11.532489,11.226044,11.258343,13.0887575,15.753849,15.759728,15.776615,19.051254,20.087595,20.800299,21.381348,24.408428,25.890451,24.820473,21.642723,25.867329,27.15067,24.233343,23.654682,21.716772,17.918268,17.523584,21.030144,18.669443,13.273421,16.109959,15.374201,16.430834,12.243609,8.683412,10.932263,8.557817,8.271011,14.039258,13.235168,10.880148,12.606157,17.818747,16.43376,20.955164,22.215061,21.035229,26.89391,25.055937,27.510439,30.23975,27.10021,23.04855,19.02151,20.028069,15.649422,18.52126,16.411661,19.249683,22.273842,22.446922,17.906687,19.888344,23.285007,22.438446,19.030796,22.609964,25.234365,21.318964,19.384644,24.091692,26.852058,29.40023,29.927229,27.23981,28.142248,23.657898,27.591593,25.424452,28.671154
32,39.59451,38.5141,34.89733,31.217518,27.491474,26.649391,22.025997,20.492268,16.48676,15.476589,11.751831,11.305438,7.1538086,9.371278,10.072985,11.2863655,15.141404,16.855244,21.610813,22.739847,27.149946,29.60534,33.15009,26.870327,24.956972,22.930548,19.316118,16.427252,13.120858,12.062867,8.847509,7.216923,0.0,5.5176277,7.13367,6.5600157,8.145743,10.953296,11.802519,11.815087,14.141648,17.112616,16.440533,17.938925,19.824657,22.395144,21.90811,23.665709,26.276306,24.610228,22.905153,27.454615,28.933853,26.172686,26.647837,25.711565,21.331348,22.25655,25.62716,21.774746,17.325052,21.382393,20.998728,20.933964,16.055109,13.944944,17.273726,15.449532,15.079163,20.775206,20.4358,17.947231,19.262474,24.742395,22.865814,27.692842,28.640795,26.863333,32.689857,30.074514,32.175587,34.300404,31.08326,27.35861,23.290916,24.866241,20.517437,22.517633,19.9467,22.127224,24.131926,23.906513,19.033356,21.258091,23.309206,22.063105,17.747665,21.166166,23.52336,18.77924,16.129501,21.26053,24.050365,26.797209,28.190825,25.449123,27.830412,23.609352,27.770222,26.620953,29.764294
33,42.277855,41.26811,37.594696,34.20927,30.441988,28.874376,24.704084,23.4016,18.91746,18.829134,14.707327,15.281628,11.544473,14.111563,14.595854,14.266107,18.496428,18.884054,24.571627,24.52331,29.192196,31.640255,34.673393,28.532757,26.49831,25.156845,20.722439,18.583458,14.536999,14.032868,9.652821,6.9826565,5.5176277,0.0,5.3799834,8.121476,8.335202,8.374769,11.275465,12.727925,13.260468,15.745807,16.637184,18.267931,18.69899,21.767057,22.50657,23.685934,25.482334,23.334658,21.13038,26.801725,27.12941,23.805323,24.75618,24.09988,20.174109,20.83042,23.19417,19.082134,15.442791,18.53656,17.393932,16.65072,12.181098,11.012116,13.859322,12.849325,13.710067,18.547544,18.581942,17.255754,18.717663,23.710203,21.589302,26.106956,27.747828,26.134167,31.895905,29.282131,31.94065,34.133427,31.470322,27.532135,23.602102,25.69859,21.653728,24.844532,22.80029,25.498621,28.055384,28.053299,23.260784,25.32036,28.016552,26.877167,22.821249,26.165121,28.770012,24.150799,21.54063,26.49441,29.468513,32.227238,33.435623,30.62817,32.630085,28.096216,32.08554,30.400549,33.370785
34,37.81463,37.090996,33.611362,30.337706,26.59969,25.085674,20.714287,20.493048,15.764163,16.87018,13.342703,14.916491,11.575318,13.08666,12.2233095,10.423075,14.556531,14.036807,20.128159,19.437168,24.155272,26.603647,29.443686,23.368576,21.365797,20.313717,15.726721,14.1705,9.818692,10.657779,4.8395844,6.023215,7.13367,5.3799834,0.0,4.6533527,6.352726,5.270803,6.2920866,8.455044,9.911679,10.923037,11.5771055,14.016762,14.592402,16.674475,17.484184,19.363224,20.93886,19.347069,16.69091,21.767197,22.586185,19.561419,19.948105,19.102968,14.974268,15.876523,18.692417,14.747669,10.539992,14.561507,14.5111065,14.28766,9.172481,7.5174174,12.053845,11.603021,10.453795,15.284445,16.37117,15.1305895,15.169579,20.39966,17.548344,22.409723,23.643677,21.535118,27.239775,24.265795,26.79047,28.842794,26.205343,22.333672,18.447357,20.981016,17.273167,21.060627,19.749504,22.959206,25.530758,26.321665,21.637388,22.66856,26.010452,26.04035,21.48379,24.012419,27.51737,23.674967,20.545103,24.741285,28.333424,31.296316,31.817635,28.754313,30.302532,25.199862,28.813267,26.698975,29.330406
35,34.19596,33.270016,29.712368,26.270866,22.510406,21.295252,16.722265,16.192966,11.624606,12.4382715,9.256078,10.905926,7.995477,8.843117,8.585669,6.304095,10.680864,11.140497,16.599615,17.10517,21.627888,24.351517,27.271486,21.198172,19.61002,18.041607,14.374115,12.55651,8.696339,10.217048,4.0631356,8.385335,6.5600157,8.121476,4.6533527,0.0,4.386505,7.004596,5.626227,5.4112525,8.767547,11.040079,9.894417,11.672896,13.801712,15.941131,15.385077,17.370274,19.897694,18.611208,16.880434,20.960264,22.803106,20.419401,20.729776,20.080503,15.49133,17.180716,20.653105,16.552603,12.341632,17.433216,18.249674,18.197203,12.947666,11.275893,16.175339,15.404577,13.1745,18.333563,19.496212,17.530052,16.991907,22.56705,19.576426,24.711641,25.253078,22.702135,28.31202,24.96031,26.900482,28.586315,25.611814,22.085226,18.179777,20.737492,17.03928,20.011929,18.603354,21.547693,23.46813,24.42701,19.698977,20.297853,23.171612,23.685343,18.454395,20.37025,24.20111,20.547232,16.826939,20.66195,24.564903,27.696686,28.228168,25.0353,27.075144,21.899656,25.466406,23.793947,26.289717
