,0,1,2,3,4,5,6,7,8,9,10,11,12,13,14,15,16,17,18,19,20,21,22,23,24,25,26,27,28,29,30,31,32,33,34,35,36,37,38,39,40,41,42,43,44,45,46,47,48,49,50,51,52,53,54,55,56,57,58,59,60,61,62,63,64,65,66,67,68,69,70,71,72,73,74,75,76,77,78,79,80,81,82,83,84,85,86,87,88,89,90,91,92,93,94,95,96,97,98,99,100,101,102,103,104,105,106,107,108
0,0.0,4.7119713,7.195625,9.100637,12.595913,14.548401,17.65584,22.4729,23.899952,30.035236,32.707775,34.917828,37.050232,35.757595,35.56039,31.15495,30.471964,26.255358,25.293293,20.642086,22.819735,16.982231,19.560513,17.96439,19.506992,18.421188,12.884464,16.639175,16.018707,21.190928,21.342693,26.127268,31.518251,33.48525,35.64757,39.05778,40.99764,38.68646,35.912033,31.823776,31.777164,27.002022,26.545729,20.644527,20.798704,16.900543,17.761831,12.169437,14.503579,15.771984,19.672474,19.237125,24.207548,26.25942,26.963099,30.479677,28.67587,31.6699,36.100025,32.66914,29.633217,27.830389,24.12147,23.38806,19.553135,22.549032,17.263372,20.617723,21.547205,21.327442,24.226702,26.103527,25.906282,30.030008,30.22916,34.38884,36.53328,37.719776,40.638767,41.352272,37.028507,33.033226,31.521702,28.077782,25.1585,24.410044,17.879738,16.70801,13.120515,10.309052,9.3719015,13.733646,13.565725,13.01523,15.72244,18.88386,18.243511,22.34687,18.509846,22.740152,21.74611,22.251665,26.312601,25.870998,31.522514,28.72047,33.526035,32.955738,36.752274
1,4.7119713,0.0,5.103648,6.4340076,9.234443,12.520175,14.403956,19.966824,21.091095,27.424145,30.010338,32.29873,34.72938,33.346577,33.785896,29.19561,28.882847,24.54957,23.853935,19.492104,21.587242,16.516785,18.4109,17.995972,18.864819,16.766193,11.076777,14.369333,13.595721,18.782774,18.929964,23.825413,28.862793,31.539703,33.144924,36.81382,38.56475,35.929558,33.51486,29.551245,28.7202,23.98704,23.450394,17.324121,17.44299,13.511387,14.241282,8.963313,10.73473,11.386275,15.256938,14.718185,19.87942,21.863636,22.929106,26.521605,24.768528,28.026228,32.318996,29.146976,26.264097,24.251904,20.305357,19.90337,15.474091,19.425108,14.212289,18.299067,20.07899,20.429516,22.73847,25.408451,25.32708,29.728165,30.258844,34.31095,36.67905,37.58295,40.700706,40.914036,36.31824,32.421673,30.366096,27.095167,23.962473,23.097918,16.85794,15.760663,12.744481,10.610395,10.58286,14.946094,16.647484,14.863432,16.609165,19.943928,18.959208,23.052387,19.42833,22.972012,22.208168,22.597034,26.29964,25.81435,31.060823,28.056772,32.71603,31.66009,35.509285
2,7.195625,5.103648,0.0,5.1693215,7.153361,8.721088,12.141679,16.533102,18.643967,23.967157,27.40651,28.974474,31.780254,30.87878,31.365145,27.068176,27.316715,22.919573,23.141083,19.100746,22.188337,17.790426,20.637732,20.43134,22.084316,19.856081,14.141069,16.178606,13.943629,19.712753,17.934603,23.740164,27.61422,30.593878,31.97707,35.46635,37.720596,35.124935,33.03197,29.397524,28.144842,24.01539,22.501743,16.746042,18.58457,14.338854,16.541576,11.571053,14.015454,14.018397,17.231617,15.001009,21.067741,21.521566,23.027931,26.29947,23.60082,26.651487,30.625566,26.843916,24.161802,21.478487,17.834158,16.520683,12.973379,15.35581,10.264691,13.791039,15.130462,15.326327,17.786665,20.369759,20.57159,24.870335,25.720686,29.648237,32.232838,33.330257,36.65797,37.081043,32.703407,28.736227,26.538074,23.580263,20.10543,20.324799,13.898061,14.410061,11.118044,10.542185,9.115865,12.71628,15.188505,11.541841,12.685332,16.19138,15.590271,20.041449,17.953232,20.879663,21.249477,22.332184,25.599272,24.45985,29.742628,25.851974,30.328743,28.898022,32.476917
3,9.100637,6.4340076,5.1693215,0.0,3.7878134,6.7303267,8.580464,13.84983,14.896985,21.34586,23.779917,26.154505,28.372759,27.024845,27.398144,22.86446,22.776384,18.38917,18.245874,14.212007,17.138739,13.213126,15.986001,16.362122,18.095886,15.65301,10.238022,11.342014,8.784953,14.597584,13.057904,18.637503,22.986313,25.7427,27.288206,30.829565,32.89935,30.369278,28.069933,24.325994,23.410797,19.100582,17.896502,12.105666,13.902749,9.63182,12.539864,7.7597365,11.372222,12.468118,14.789268,12.294508,17.774754,18.4355,19.04709,22.267916,19.92183,22.751467,27.13424,23.596188,20.539267,18.972296,15.43206,15.200236,12.289943,15.828675,12.303804,16.219666,17.6009,17.129412,18.345802,21.299946,20.430422,25.124323,25.324814,29.381924,31.588957,32.071358,35.136707,34.94584,30.184,26.384243,24.213345,20.906645,17.889503,16.748274,10.734096,10.019237,7.4965286,7.181943,7.6903276,11.080478,15.214744,12.636967,12.921035,15.921257,14.318495,18.033043,14.938481,17.57008,17.44269,18.173254,21.286037,20.418962,25.421339,22.003067,26.537941,25.286028,29.1315
4,12.595913,9.234443,7.153361,3.7878134,0.0,5.2715178,5.2276716,11.013402,12.030176,18.318504,20.925074,23.136024,25.72772,24.472778,25.456078,20.925201,21.43713,17.03933,17.599464,14.288064,17.377947,14.787846,17.140467,18.427114,19.860353,16.847282,12.036468,11.85676,8.5797825,14.081481,11.485035,17.42823,20.748579,24.26801,25.181797,28.844397,30.942245,28.170523,26.355322,22.94274,21.118881,17.24563,15.443307,9.7738695,12.663481,8.551877,12.136036,8.786272,11.741913,12.030639,13.4589205,9.763574,15.663199,15.296345,16.356297,19.41357,16.618452,19.560116,23.713654,20.12708,17.257753,15.298641,11.664379,11.577517,8.875921,12.81307,10.290427,14.380455,16.230099,16.080587,16.471983,20.055548,19.271166,24.044716,24.560572,28.382696,30.76398,31.016973,34.245735,33.67037,28.799631,25.152906,22.474218,19.51898,16.307938,15.420986,10.202844,10.378499,8.992533,10.013312,10.616852,13.087122,18.078596,14.654952,14.002935,16.821396,15.14643,18.60467,16.432142,18.02736,18.516085,19.350306,21.814636,20.70555,25.155718,21.333403,25.528103,23.711645,27.448961
5,14.548401,12.520175,8.721088,6.7303267,5.2715178,0.0,6.126863,8.110586,10.8152075,15.612593,19.161999,20.56721,23.197157,22.529888,23.00032,18.976505,19.858765,15.561173,17.074602,14.159487,18.299124,16.157816,19.69866,20.482193,22.908117,20.456476,15.802776,15.141334,11.045632,16.474216,11.837711,18.364435,20.491674,23.651455,24.76171,27.940378,30.71932,28.320816,26.589508,23.539566,22.018785,18.983776,16.261208,11.933942,16.250582,12.434575,16.76133,13.369842,16.877907,17.28414,18.52362,14.234463,20.001093,18.41428,19.334492,21.76496,18.119057,20.308859,24.142582,19.735006,16.974371,14.797101,12.215391,10.849114,10.77782,11.547673,10.365602,12.825084,13.291694,11.984374,12.125253,15.264613,14.097913,18.894434,19.300974,23.16084,25.549643,25.969341,29.285751,29.05961,24.444815,20.626291,18.087624,15.232686,11.713612,12.136086,6.4616218,9.196266,7.618438,10.355315,9.56623,10.351498,15.942396,11.517316,9.739261,12.240442,10.769563,14.345585,13.999714,14.875608,16.665403,18.330318,20.335598,18.488586,23.104088,18.372614,22.440872,20.51002,23.958265
6,17.65584,14.403956,12.141679,8.580464,5.2276716,6.126863,0.0,6.8395715,6.9706693,13.587605,15.798066,18.213947,20.77832,19.478498,20.955542,16.466629,17.597935,13.369204,14.864089,12.835774,16.118746,15.5893345,17.719374,19.905132,21.386734,18.15586,14.5760355,12.521422,8.479918,12.728613,8.195062,14.360996,16.147879,20.301706,20.621372,24.281267,26.514269,23.652924,22.305702,19.395649,16.828493,13.822793,11.042626,6.499986,11.461372,8.404131,12.976289,11.640626,14.399492,14.636622,14.447461,9.559688,14.612686,12.549395,13.26277,15.664598,12.18924,14.7237215,18.820637,15.032938,12.084329,10.6264105,7.563241,8.449096,8.327419,11.747298,11.994584,15.363407,17.0672,16.576752,15.367692,19.362495,17.962456,22.753433,23.114826,26.63355,28.868814,28.54004,31.705711,30.44628,25.377886,22.080921,18.98838,16.354784,13.430812,12.14661,9.032517,9.887481,10.425549,12.782502,13.818377,14.918058,20.948862,17.399437,15.60374,17.661345,15.615485,18.085367,16.813808,16.889479,18.002893,18.905499,20.327868,18.976309,22.493334,18.411171,22.0718,19.734179,23.3775
7,22.4729,19.966824,16.533102,13.84983,11.013402,8.110586,6.8395715,0.0,4.790778,7.562742,11.4715395,12.489721,15.455513,15.1415825,16.566,13.023167,15.399518,11.813775,15.185955,14.63293,18.714582,19.412426,22.356754,24.307981,26.565977,23.789957,20.571667,18.009878,13.594459,16.95205,10.249627,16.135107,14.998309,19.09013,19.036274,21.948706,25.090431,22.664682,21.932528,20.016672,17.335081,16.25588,12.103085,10.9279375,16.845675,14.559007,19.395607,18.175491,21.22147,21.36679,20.901592,15.638936,20.095304,16.354548,16.959877,18.058834,13.477743,14.4766865,17.578943,12.620426,10.23831,8.564786,8.335436,7.650245,11.78963,11.131812,14.114737,15.4061165,15.772678,14.275676,11.329825,15.062865,12.944189,17.446558,17.743303,20.806133,22.996864,22.376566,25.662945,24.219652,19.324986,16.187086,12.610851,10.774993,7.6854897,8.416978,8.173679,11.675583,12.850504,16.478708,16.58336,15.847455,22.239225,18.018652,14.930536,15.88477,14.118133,15.595444,17.017994,15.270025,18.127789,19.834469,20.054024,17.787395,20.562778,15.236609,18.014715,14.868506,17.905947
8,23.899952,21.091095,18.643967,14.896985,12.030176,10.8152075,6.9706693,4.790778,0.0,8.1240015,8.920246,12.025322,13.920049,12.513356,14.338788,10.089906,12.271641,8.796246,12.002566,12.35218,15.676739,17.682589,19.798586,22.475964,24.308918,21.396357,19.222256,15.738755,11.710904,13.567252,6.8938556,11.901256,10.504817,15.0780525,14.76534,18.082256,20.818062,18.19031,17.412834,15.508355,12.557659,11.687694,7.3664145,7.6962543,13.635181,12.407516,17.140984,17.164928,20.021711,20.599426,19.296162,14.353328,17.42073,13.825075,13.283999,14.026522,9.928483,10.504419,14.369989,10.064545,6.7799788,7.9910846,8.066778,9.79625,13.169004,14.542627,17.259203,19.366467,20.27727,18.988127,16.094847,19.766094,17.266348,21.666565,21.407833,24.407497,26.117458,24.886354,27.707335,25.49836,20.23972,17.62044,14.294727,12.196332,10.506346,8.288029,9.779611,11.231325,13.635127,16.917109,18.140007,17.644314,24.27813,21.053482,18.25934,19.094334,16.749456,17.483578,17.521835,15.520712,17.459288,18.496002,18.286732,16.58361,18.49291,14.18155,16.781897,13.813943,17.260223
9,30.035236,27.424145,23.967157,21.34586,18.318504,15.612593,13.587605,7.562742,8.1240015,0.0,6.6176615,5.0545936,9.253259,10.23353,13.063018,11.362498,15.302509,13.553303,17.959085,19.289768,22.860155,25.21877,27.724667,30.180153,32.32141,29.513178,27.164524,23.848215,19.718115,21.486715,14.679194,18.637665,13.969232,18.430328,16.912283,18.983055,22.489475,20.30425,20.945415,20.600306,17.040178,18.338224,13.664099,15.6144285,21.483582,20.365976,24.981853,24.882679,27.532524,27.43375,26.074614,20.701593,23.853962,18.750717,19.15209,18.7181,13.88847,13.031734,14.18631,8.973874,8.473562,7.978785,11.099612,10.953073,16.81111,14.823013,19.778093,19.976202,20.036638,18.580812,14.147047,17.328176,15.007469,18.176521,18.469809,20.207325,22.047045,20.473454,23.534561,20.929977,16.341522,14.560317,10.320901,10.883923,9.68962,11.082263,14.486048,17.80166,19.775934,23.570368,23.792887,22.376764,28.77232,24.5899,21.035685,21.10518,19.566153,19.6513,22.389584,19.164045,22.586287,24.279587,23.133587,20.68646,21.484423,16.2036,16.901236,12.624224,14.264287
10,32.707775,30.010338,27.40651,23.779917,20.925074,19.161999,15.798066,11.4715395,8.920246,6.6176615,0.0,5.7053986,5.6953545,4.3979874,8.654907,7.0758038,11.237745,10.980659,15.141037,17.925955,20.434143,24.37773,26.07684,29.091156,30.916452,28.271053,27.216295,23.066778,19.591759,19.483856,13.52094,15.098088,8.477928,12.968141,10.599785,12.571681,15.94289,13.86932,14.928944,15.465578,11.988933,14.79891,10.617069,15.019184,20.109112,20.24877,24.518541,25.556997,28.122805,28.624804,26.501408,21.726706,23.149704,18.473547,17.29816,15.910789,12.294471,9.732185,11.090163,7.402598,6.5444717,10.588505,13.722078,15.455236,20.395315,20.282093,24.66113,25.72274,26.134377,24.569609,20.429611,23.43514,20.452812,23.645702,22.991356,24.767841,25.771835,23.377111,25.558863,21.895687,16.976713,16.14585,12.869739,12.874067,13.40345,11.714203,16.772362,18.428118,21.471046,24.993362,26.185678,24.7469,31.371841,28.311401,24.94384,24.781776,22.602947,21.74684,23.239754,19.557108,22.085842,23.097717,21.112307,19.289839,18.465534,14.716777,14.529869,10.579528,12.435761
11,34.917828,32.29873,28.974474,26.154505,23.136024,20.56721,18.213947,12.489721,12.025322,5.0545936,5.7053986,0.0,5.5399847,7.777971,11.461197,11.526167,15.867261,15.4978485,20.002409,22.30995,25.416199,28.694027,30.90427,33.601376,35.674328,32.95514,31.210688,27.48078,23.606647,24.434547,17.946056,20.535479,14.178988,18.255257,15.895037,17.082924,20.677309,18.893143,20.404606,21.143188,17.508635,20.169346,15.723874,19.139017,24.678347,24.221397,28.661627,29.14439,31.678453,31.649834,29.834087,24.623184,26.876135,21.490057,21.434877,20.121552,15.801803,13.712893,13.467215,9.248372,10.048039,11.179195,15.033993,15.41106,21.310299,19.311432,24.618622,24.58838,24.532118,23.024343,18.330275,20.973652,18.476297,20.814022,20.78701,21.731615,23.026789,20.737963,23.276028,19.761587,15.604768,15.121874,11.320845,13.024968,13.225789,14.099011,18.779116,21.715246,24.13163,27.94741,28.376974,26.655752,33.058403,29.170307,25.491167,25.137583,23.5771,22.880552,25.894989,22.033546,25.462397,27.014772,25.104296,22.748009,22.223965,17.546204,16.820324,12.346862,12.732954
12,37.050232,34.72938,31.780254,28.372759,25.72772,23.197157,20.77832,15.455513,13.920049,9.253259,5.6953545,5.5399847,0.0,3.8190837,6.842468,8.79758,12.880641,14.039282,18.325228,21.58936,24.187244,28.373993,30.46816,33.146618,35.38495,33.112144,32.118736,27.984304,24.442863,24.288784,18.23977,19.338436,12.31054,14.81694,12.642941,12.687291,16.685799,15.800079,17.248043,18.701345,16.333298,19.727247,15.911423,20.428078,25.486923,25.564846,29.95635,30.713186,33.558853,34.16281,32.166798,27.334597,28.825228,24.06911,22.866606,21.186726,17.813528,14.872642,15.016929,11.994464,12.097524,15.337529,18.841991,19.847729,25.324457,24.06146,28.850964,29.169577,28.888811,26.856787,22.384817,24.501814,21.187372,23.401915,22.318678,23.268066,23.645725,20.633347,22.258806,17.920273,13.6445465,14.148926,11.5714655,13.010067,14.774012,14.014054,20.003843,22.1353,25.166311,28.921669,29.76673,27.617895,34.00052,31.03994,27.374708,26.52893,24.620823,22.90342,25.590736,21.155964,24.265366,25.563702,22.84567,20.730606,18.857191,15.20801,13.261801,9.19261,8.968149
13,35.757595,33.346577,30.87878,27.024845,24.472778,22.529888,19.478498,15.1415825,12.513356,10.23353,4.3979874,7.777971,3.8190837,0.0,5.3828807,6.1945915,10.074264,11.551589,15.461095,19.0903,21.172049,25.8316,27.494186,30.417528,32.419327,30.178875,29.68004,25.301212,22.105597,21.262222,15.775554,15.976518,8.661374,11.252599,8.858859,9.386358,13.301533,12.218594,13.460493,14.950521,12.7692375,16.379456,12.960572,18.053171,22.657206,23.174383,27.348688,28.520107,31.294283,32.18044,29.9691,25.48066,26.371635,22.095179,20.237808,18.474646,15.715415,12.534559,13.476194,11.047149,10.433705,14.966591,18.048077,19.78892,24.668222,24.496775,28.78852,29.751026,29.832537,27.881882,23.714354,26.174673,22.7206,25.50131,24.212898,25.700325,26.046041,23.104185,24.605536,20.334698,15.631921,15.736026,13.381813,13.676294,15.413884,13.13235,19.153101,20.410927,23.797518,27.30251,28.644112,26.762056,33.25926,30.780514,27.350891,26.707909,24.434397,22.73016,24.327066,20.101425,22.520283,23.399008,20.639503,18.962385,16.809229,13.982502,12.470409,8.94382,10.014385
14,35.56039,33.785896,31.365145,27.398144,25.456078,23.00032,20.955542,16.566,14.338788,13.063018,8.654907,11.461197,6.842468,5.3828807,0.0,4.9423614,7.398901,10.145082,13.744276,17.645687,19.818064,24.515085,26.743214,29.050785,31.653925,30.0809,29.690662,25.436867,22.306242,21.48713,16.11556,16.000837,10.346445,9.878196,9.913796,9.185336,13.7252655,13.912503,13.707504,14.836922,15.039603,17.865324,15.047194,19.61572,24.001875,24.264055,28.606556,29.176485,32.545742,34.009346,32.23851,27.950712,29.133434,25.62808,23.322418,22.031023,19.568441,16.763287,18.53894,15.891814,14.476658,18.80113,21.301012,22.663427,27.300169,26.976587,30.677076,31.57174,31.073647,28.461617,24.661968,26.362507,22.254778,24.840464,22.63269,24.272251,23.905746,20.71459,21.553207,17.284958,12.479935,12.8794,11.974152,11.733293,14.676458,11.66457,18.318909,19.296299,22.809898,26.30418,27.583826,25.076563,31.22038,29.544294,26.15024,24.930914,22.570087,19.941462,21.694723,16.990734,19.446249,20.439215,17.069065,15.2845955,12.344085,9.993169,7.39853,4.8600044,6.1406736
15,31.15495,29.19561,27.068176,22.86446,20.925201,18.976505,16.466629,13.023167,10.089906,11.362498,7.0758038,11.526167,8.79758,6.1945915,4.9423614,0.0,4.349894,5.62012,9.6031475,13.26978,15.594373,20.127441,22.235634,24.744406,27.167734,25.362314,24.859524,20.581171,17.42949,16.713997,11.191641,11.546892,6.833843,7.774264,8.389274,9.803946,13.7306,12.841871,11.800983,11.635211,11.568265,13.444133,10.49891,14.744897,19.141949,19.326355,23.683447,24.273792,27.611345,29.152374,27.444626,23.283297,24.556355,21.456387,19.040659,18.245682,15.793578,13.590874,16.528303,13.582703,11.213942,15.722834,17.524687,19.25288,23.251255,23.799541,26.93388,28.404655,28.328936,25.971085,22.549944,24.825878,20.91163,24.305037,22.416838,24.785862,24.992502,22.40225,23.849958,20.31844,15.0184145,14.032577,12.378922,10.782378,12.727986,8.414425,14.565894,15.002205,18.662992,22.010391,23.60555,21.607447,27.998247,26.321407,23.182491,22.499125,19.850489,17.934149,18.550169,14.460112,16.417566,17.206476,14.535877,12.929085,11.419469,8.577333,8.65554,6.2469883,9.680498
16,30.471964,28.882847,27.316715,22.776384,21.43713,19.858765,17.597935,15.399518,12.271641,15.302509,11.237745,15.867261,12.880641,10.074264,7.398901,4.349894,0.0,4.416673,6.526707,10.882181,12.512425,17.565948,19.589006,21.86364,24.455126,23.204584,23.304625,18.99479,16.435682,14.995081,10.761275,9.632929,7.7157907,5.422285,8.673454,9.873235,13.250975,12.983249,10.442236,9.465676,11.857898,12.829832,11.261644,15.029964,18.43867,18.858852,22.917488,23.460363,27.036798,29.183868,27.633204,24.086557,24.973827,22.944668,19.85751,19.399593,17.83428,15.943713,19.506586,17.076857,14.273689,18.949713,20.040926,21.969692,25.161526,26.418705,28.740679,30.620317,30.524256,27.980745,25.110598,27.16953,23.036732,26.58035,24.215178,26.937103,26.809547,24.291492,25.320383,22.060192,16.865578,15.767525,15.055666,12.620744,14.786594,9.279015,14.798586,13.884565,17.835833,20.723776,22.770956,20.749403,26.816044,26.177353,23.43148,22.656738,19.728989,17.423174,16.716488,12.873746,13.704169,13.947518,10.849065,9.938449,7.792675,7.110456,8.007545,7.9979434,11.690289
17,26.255358,24.54957,22.919573,18.38917,17.03933,15.561173,13.369204,11.813775,8.796246,13.553303,10.980659,15.4978485,14.039282,11.551589,10.145082,5.62012,4.416673,0.0,4.653192,7.6644883,10.500242,14.538873,17.006895,19.241562,21.895702,20.291908,19.633663,15.535763,12.4527855,12.113167,6.750597,8.009007,8.139534,8.495843,11.008333,13.375489,16.397692,15.193699,12.670611,10.436082,11.674628,11.092638,8.970579,11.321705,15.2686205,15.020262,19.41657,19.468973,23.18605,25.23325,24.01511,20.30975,21.935125,20.056734,17.419315,17.695963,15.631606,14.687249,18.860651,15.793544,12.474386,16.30297,16.695112,18.465908,21.19979,22.730967,24.587633,26.700315,26.78037,24.410461,21.897453,24.26707,20.424671,24.450665,22.493786,25.653526,26.078455,24.136475,25.785927,23.181,17.780632,15.710205,14.34607,11.224562,12.254455,6.3124647,10.796816,9.833914,13.760542,16.767523,18.783682,17.133615,23.465736,22.439041,19.81739,19.515305,16.508307,15.087183,13.913343,10.758778,11.697551,12.222136,10.484063,9.21951,9.913338,7.3539147,10.289357,9.465044,13.655878
18,25.293293,23.853935,23.141083,18.245874,17.599464,17.074602,14.864089,15.185955,12.002566,17.959085,15.141037,20.002409,18.325228,15.461095,13.744276,9.6031475,6.526707,4.653192,0.0,4.808744,6.1426187,11.1419735,13.148119,15.382407,17.997469,16.911283,17.156519,12.974089,11.011995,9.399095,6.981894,5.8004136,9.979806,8.618128,12.362914,14.801838,16.878132,15.902286,12.264027,8.84175,12.157192,10.210495,10.129108,11.555818,13.7302,13.947646,17.670673,17.902752,21.678549,24.401297,23.282236,20.522146,21.45798,20.955032,17.634739,18.3217,17.412157,16.863554,21.494162,19.135635,15.621363,19.591516,19.249945,21.375065,22.986298,25.545687,26.46077,29.145075,29.446384,27.16064,25.268068,27.607708,23.832998,28.009499,25.858854,29.298096,29.570654,27.773918,29.154528,26.7761,21.51705,19.428934,18.58825,15.116672,16.015589,9.905505,12.457119,9.384725,13.443016,15.482365,18.276617,17.093653,22.908884,23.048752,21.09822,20.994019,17.784666,16.442596,13.145524,11.2033,9.99096,9.295742,7.984243,8.3028345,9.366557,9.456048,12.806476,13.295225,17.413553
19,20.642086,19.492104,19.100746,14.212007,14.288064,14.159487,12.835774,14.63293,12.35218,19.289768,17.925955,22.30995,21.58936,19.0903,17.645687,13.26978,10.882181,7.6644883,4.808744,0.0,4.852786,6.8947873,10.158639,11.697028,14.799741,13.78221,13.064682,9.588423,7.483374,7.8185925,6.28573,7.9351187,13.690948,13.369163,16.747747,19.498901,21.462011,20.128353,16.558344,12.64172,15.166154,11.688342,11.739104,10.441212,12.161157,11.242771,14.996847,14.067382,18.293316,21.27679,20.930626,18.491194,20.294844,20.593952,17.839828,19.471354,18.370419,18.859362,23.791557,21.03007,17.32133,20.06445,18.761412,20.466269,21.041748,23.97699,23.80983,26.79891,27.16094,24.987684,23.917515,26.237326,22.832409,27.285015,25.37667,29.2283,29.841864,28.675364,30.396303,28.783722,23.597624,20.826069,19.906424,15.9918375,15.921256,10.423127,10.083406,5.5540414,9.292711,10.790036,13.878961,13.290079,18.884506,19.333223,17.969418,18.37245,15.157422,14.811212,10.050205,10.001179,7.890715,7.1718907,8.451628,8.771907,12.353819,11.5611315,15.894887,16.294422,20.525654
20,22.819735,21.587242,22.188337,17.138739,17.377947,18.299124,16.118746,18.714582,15.676739,22.860155,20.434143,25.416199,24.187244,21.172049,19.818064,15.594373,12.512425,10.500242,6.1426187,4.852786,0.0,6.568386,7.258928,9.75983,11.997761,11.44056,12.82763,8.948101,9.139101,6.2958646,8.956085,6.875148,14.332986,13.093016,16.720509,19.477964,20.464535,19.28739,15.188077,10.84807,14.66981,10.797959,12.716303,12.023749,11.496207,12.025513,14.411069,14.736192,18.334726,21.804838,21.014753,19.65132,19.965593,21.343225,17.745523,19.264265,19.478456,19.839357,24.864388,23.059944,19.409187,22.89336,21.516582,23.87897,23.896215,27.724428,27.345879,30.758839,31.498,29.579872,28.525682,31.023972,27.658281,32.103645,30.122332,33.91046,34.354626,32.962223,34.402138,32.45484,27.277231,24.890833,24.092993,20.329124,20.5541,14.795867,14.8639345,10.051651,13.291102,13.637892,17.327597,17.324633,22.218382,23.435053,22.478386,22.971893,19.771492,19.258783,13.778673,14.084082,10.801261,8.622454,9.652279,11.441146,13.582859,14.791048,18.514025,19.365192,23.49521
21,16.982231,16.516785,17.790426,13.213126,14.787846,16.157816,15.5893345,19.412426,17.682589,25.21877,24.37773,28.694027,28.373993,25.8316,24.515085,20.127441,17.565948,14.538873,11.1419735,6.8947873,6.568386,0.0,5.42708,5.093778,8.808407,8.884354,8.278627,6.9074183,7.7146697,8.580693,11.299135,12.378957,19.659197,19.252663,22.678627,25.592491,26.874207,25.44418,21.580034,17.204706,19.955397,15.284435,16.618649,13.377064,12.4246,11.126375,13.034551,11.092771,15.286328,19.104483,19.688122,18.886864,20.530554,22.736822,20.171732,22.638168,22.35035,23.692526,28.833244,26.422155,22.69583,24.697557,22.393826,23.996698,22.80334,26.75932,24.95162,28.560524,29.244764,27.464922,27.524984,29.780197,26.943401,31.49194,29.785084,33.93755,34.713173,34.077732,35.842453,34.82487,29.83028,26.779942,26.018938,21.946194,21.278765,16.577765,13.861602,8.5904875,9.860912,8.435533,12.434926,13.499696,17.29184,19.222107,19.284424,20.358803,17.458418,18.137667,11.43276,14.108326,10.346429,8.555517,12.1436,13.469539,17.681107,17.761759,22.27462,23.042892,27.24195
22,19.560513,18.4109,20.637732,15.986001,17.140467,19.69866,17.719374,22.356754,19.798586,27.724667,26.07684,30.90427,30.46816,27.494186,26.743214,22.235634,19.589006,17.006895,13.148119,10.158639,7.258928,5.42708,0.0,4.798235,4.938868,4.6603885,7.7403364,5.821505,9.258165,7.2460837,13.066291,12.1136875,20.090982,19.82734,22.831726,26.00249,26.369112,24.72894,20.864994,16.391474,19.140251,14.089622,16.803982,13.861833,10.590931,10.928079,10.899502,11.055973,13.902908,18.044046,17.940365,18.408112,18.35891,21.752974,18.6043,21.096281,22.051092,23.510126,28.657034,27.188625,23.581797,26.071468,23.62825,25.984167,24.18513,29.20241,27.374107,31.478043,32.789265,31.503819,31.367823,34.105442,31.438885,36.11151,34.601974,38.666183,39.511963,38.64151,40.38874,38.911434,33.74502,30.957481,29.893965,25.999119,25.360575,20.331112,18.229916,13.039339,14.557612,12.888455,17.026964,18.689077,22.298256,24.081459,24.23029,25.544802,22.640455,23.345665,16.801794,19.00301,15.167412,12.832445,15.603076,17.493961,20.523956,21.445171,25.527239,26.16417,30.375185
23,17.96439,17.995972,20.43134,16.362122,18.427114,20.482193,19.905132,24.307981,22.475964,30.180153,29.091156,33.601376,33.146618,30.417528,29.050785,24.744406,21.86364,19.241562,15.382407,11.697028,9.75983,5.093778,4.798235,0.0,4.8926563,7.330905,8.610923,8.984827,11.66131,11.451119,15.927425,15.8717785,23.673374,22.832184,26.368746,29.221478,29.942806,28.638178,24.557829,20.117935,23.335201,18.432955,20.62585,17.295181,14.768802,14.068816,14.2359915,12.622758,15.915612,20.165026,21.009167,21.496122,22.341982,25.695662,22.958721,25.57976,26.058044,27.55953,32.732132,30.78086,27.09054,29.1548,26.587038,28.350286,26.422058,30.936375,28.49767,32.38912,33.273045,31.707058,32.158962,34.368225,31.700857,36.21254,34.477394,38.687336,39.38738,38.834377,40.445473,39.526344,34.61897,31.635834,31.050623,26.952534,26.323902,21.636686,18.761824,13.575817,14.175425,11.638735,15.498456,17.152224,19.49283,22.427788,23.174528,24.376225,21.681705,22.434671,15.298192,18.515707,14.15876,11.818184,15.5021925,17.472933,21.295973,22.301113,26.666595,27.782326,31.946192
24,19.506992,18.864819,22.084316,18.095886,19.860353,22.908117,21.386734,26.565977,24.308918,32.32141,30.916452,35.674328,35.38495,32.419327,31.653925,27.167734,24.455126,21.895702,17.997469,14.799741,11.997761,8.808407,4.938868,4.8926563,0.0,4.3818145,8.345592,9.065047,13.080777,11.752262,17.75255,16.91183,24.905964,24.554575,27.55923,30.701015,30.783943,29.175327,25.297192,20.881426,23.614088,18.466463,21.403358,17.966242,13.9106,14.101109,12.572836,12.367181,14.2632,18.617264,19.119013,20.781897,20.477541,24.84142,21.989998,24.741488,26.056807,27.834446,32.93711,31.645185,28.098911,30.213375,27.401884,29.627014,27.024927,32.397785,29.779701,34.094296,35.55349,34.49744,34.900204,37.556526,35.167652,39.83286,38.406654,42.58564,43.48656,42.855984,44.603977,43.40213,38.322525,35.4164,34.45004,30.477995,29.647497,24.897348,22.100391,16.976,17.62798,14.981333,18.916685,21.194002,23.59063,26.059662,26.891228,28.441727,25.77136,26.822033,19.873695,22.84508,18.6805,16.25377,19.487684,21.572836,24.813566,25.980785,30.155037,30.963717,35.17211
25,18.421188,16.766193,19.856081,15.65301,16.847282,20.456476,18.15586,23.789957,21.396357,29.513178,28.271053,32.95514,33.112144,30.178875,30.0809,25.362314,23.204584,20.291908,16.911283,13.78221,11.44056,8.884354,4.6603885,7.330905,4.3818145,0.0,5.7818747,5.7803764,10.247218,8.959591,15.207527,14.851244,22.548025,23.240625,25.582605,29.10873,29.197105,27.100094,23.659365,19.276117,20.876076,15.503525,18.339472,14.4696045,9.915333,10.284592,8.234004,9.000037,10.4904175,14.760952,14.857235,16.567526,16.119488,20.594805,17.95702,20.928606,22.258501,24.36084,29.397951,28.22466,24.796158,26.64492,23.676216,26.115496,23.280815,29.046158,26.610447,31.106314,32.949654,32.256622,32.435947,35.508633,33.376747,38.16754,37.135746,41.233196,42.438705,41.789856,43.840744,42.442802,37.203915,34.254055,32.778378,28.991415,27.81172,23.278782,20.426327,15.6197815,16.394382,14.180933,18.15668,20.73746,23.991621,25.334023,25.856487,27.702824,25.02264,26.452368,20.068434,22.637625,19.156294,17.116909,20.086136,21.71855,24.911585,25.320683,29.46226,29.645206,33.884094
26,12.884464,11.076777,14.141069,10.238022,12.036468,15.802776,14.5760355,20.571667,19.222256,27.164524,27.216295,31.210688,32.118736,29.68004,29.690662,24.859524,23.304625,19.633663,17.156519,13.064682,12.82763,8.278627,7.7403364,8.610923,8.345592,5.7818747,0.0,4.936224,7.6914926,10.037375,13.927757,16.07672,23.062225,24.537418,26.73381,30.380482,31.231493,28.912891,25.76869,21.410238,22.100594,16.71872,18.170153,12.924214,10.131893,8.041288,7.3670325,4.262804,7.542076,11.658856,13.136789,13.949798,15.821728,19.4971,18.075146,21.4657,21.521042,24.109621,29.101559,27.055521,23.625814,24.269518,20.875427,22.535978,19.274115,24.675627,21.582552,26.02122,27.776535,27.214108,27.913128,30.892721,29.203775,33.985886,33.33036,37.502403,39.04806,38.8641,41.272026,40.395004,35.27465,31.92543,30.26034,26.483421,24.654852,21.076023,16.85276,12.712428,12.275611,9.679987,13.260966,16.507494,19.666777,20.302063,21.092283,23.361273,20.999743,23.27446,17.376179,20.489386,17.790789,16.627815,20.142551,20.969528,25.195848,24.258883,28.782455,28.550089,32.780933
27,16.639175,14.369333,16.178606,11.342014,11.85676,15.141334,12.521422,18.009878,15.738755,23.848215,23.066778,27.48078,27.984304,25.301212,25.436867,20.581171,18.99479,15.535763,12.974089,9.588423,8.948101,6.9074183,5.821505,8.984827,9.065047,5.7803764,4.936224,0.0,4.513858,5.1133757,9.813117,11.204029,18.287737,19.812399,21.86713,25.556253,26.316925,23.979664,20.862413,16.539593,17.249245,11.879118,13.611406,9.10875,6.2201858,5.220962,6.185502,6.138314,9.410558,13.098241,12.981233,12.749781,13.769987,16.755842,14.443773,17.468765,17.715631,19.86631,24.968992,23.16037,19.642145,21.222128,18.34473,20.6429,18.432804,23.764824,21.92734,26.204855,27.91392,27.096376,26.912352,30.110891,27.946198,32.770786,31.90174,35.90954,37.27272,36.615906,38.88587,37.453674,32.169796,29.127565,27.353943,23.682024,22.277802,17.989296,15.120646,10.689575,11.846977,10.728669,14.6141405,16.848,21.303473,21.503736,21.39374,23.233498,20.4865,22.0461,16.503197,18.477991,15.951734,14.630787,17.30869,18.179272,21.648748,20.928759,25.13987,24.796293,29.032097
28,16.018707,13.595721,13.943629,8.784953,8.5797825,11.045632,8.479918,13.594459,11.710904,19.718115,19.591759,23.606647,24.442863,22.105597,22.306242,17.42949,16.435682,12.4527855,11.011995,7.483374,9.139101,7.7146697,9.258165,11.66131,13.080777,10.247218,7.6914926,4.513858,0.0,5.8980684,6.3544674,10.2431965,16.098192,18.220066,20.08046,23.737486,25.194744,22.801785,20.016527,15.973413,15.983244,11.154908,11.282574,6.2745495,6.998824,4.205209,8.349435,7.0464654,11.098402,13.814016,13.771245,11.650558,14.254823,15.481051,13.756391,16.586685,15.544131,17.615524,22.65392,20.071995,16.48446,17.649654,14.93182,16.838902,15.448926,20.001482,18.7305,22.643185,24.067322,23.021168,22.558178,25.762804,23.533602,28.36697,27.603287,31.552378,33.036285,32.42988,34.882523,33.52931,28.26475,25.092321,23.116627,19.518497,17.868576,13.943582,10.871329,7.0761733,8.558205,8.885887,12.24655,13.933881,19.30612,18.519878,17.814789,19.587433,16.830976,18.51387,13.973655,15.373784,13.942712,13.482876,15.823448,15.868269,19.653801,17.784643,22.066957,21.2854,25.478539
29,21.190928,18.782774,19.712753,14.597584,14.081481,16.474216,12.728613,16.95205,13.567252,21.486715,19.483856,24.434547,24.288784,21.262222,21.48713,16.713997,14.995081,12.113167,9.399095,7.8185925,6.2958646,8.580693,7.2460837,11.451119,11.752262,8.959591,10.037375,5.1133757,5.8980684,0.0,7.1536865,6.2629313,13.644764,15.038256,16.954939,20.656254,21.22713,18.927029,15.76331,11.469138,12.465767,7.203489,9.652165,7.375535,5.211879,6.707126,8.744224,10.641832,13.336618,16.40305,14.996507,13.880268,13.679288,15.581251,12.110107,14.310097,14.941795,16.267956,21.42169,20.035763,16.491932,19.40196,17.385128,20.311983,19.413042,24.362112,23.84376,27.791508,29.37144,28.2904,27.214285,30.506868,27.85529,32.585392,31.447792,35.197968,36.289623,35.091183,37.12154,35.05421,29.661505,27.080828,25.285137,21.835747,21.085915,16.04124,15.181401,10.948811,13.619006,13.81623,17.569178,18.743847,24.021118,23.97162,23.076698,24.376955,21.363365,22.015696,17.117208,17.688885,15.4456005,13.976871,15.345731,16.3145,18.541695,18.31461,21.958866,21.569767,25.730974
30,21.342693,18.929964,17.934603,13.057904,11.485035,11.837711,8.195062,10.249627,6.8938556,14.679194,13.52094,17.946056,18.23977,15.775554,16.11556,11.191641,10.761275,6.750597,6.981894,6.28573,8.956085,11.299135,13.066291,15.927425,17.75255,15.207527,13.927757,9.813117,6.3544674,7.1536865,0.0,6.5742273,10.202885,12.849212,14.321658,17.885277,19.864513,17.546877,15.153173,11.762283,11.271315,7.9881816,6.319981,4.954473,9.106779,8.31813,12.9021435,13.100998,16.543499,18.49534,17.354746,13.872989,15.853455,14.852717,12.547725,14.095177,12.254557,13.097857,18.050184,15.188714,11.454087,14.062985,12.804301,15.110902,16.102596,19.360638,20.121077,23.216122,24.226288,22.718666,20.945683,24.165976,21.281258,25.916502,24.87092,28.424644,29.637169,28.399454,30.687065,28.627766,23.216997,20.505037,18.327133,15.064066,14.159934,9.396674,9.588797,7.3595996,10.745323,13.035497,15.62758,15.630764,21.968147,20.52881,18.6076,19.539173,16.586878,17.062485,14.294822,13.403752,13.276428,13.303823,13.773817,13.191717,15.6543865,13.2603445,16.882637,15.593151,19.721296
31,26.127268,23.825413,23.740164,18.637503,17.42823,18.364435,14.360996,16.135107,11.901256,18.637665,15.098088,20.535479,19.338436,15.976518,16.000837,11.546892,9.632929,8.009007,5.8004136,7.9351187,6.875148,12.378957,12.1136875,15.8717785,16.91183,14.851244,16.07672,11.204029,10.2431965,6.2629313,6.5742273,0.0,8.037189,8.840001,10.866335,14.41626,15.227088,13.216439,9.871864,5.734062,7.8169026,4.7017374,6.674867,8.9298935,9.707947,11.511536,14.394134,16.388475,19.145222,21.655523,19.649002,17.424204,16.88004,16.8227,12.766443,13.331561,13.679459,13.367486,18.2613,17.056652,13.629056,18.127047,17.522955,20.639692,21.564466,25.376703,26.329065,29.600746,30.747482,29.212994,27.178925,30.290176,27.04913,31.458279,29.930286,33.270844,33.94736,32.11812,33.782154,31.019558,25.631853,23.707418,22.060387,19.02629,19.273308,13.624576,15.508478,12.271592,16.023586,17.501421,20.780184,20.687,26.591484,26.25422,24.509665,25.060078,21.918716,21.4108,17.821344,16.56714,15.153917,13.962984,13.358923,14.084268,14.453107,14.671549,17.339634,16.928507,20.864592
32,31.518251,28.862793,27.61422,22.986313,20.748579,20.491674,16.147879,14.998309,10.504817,13.969232,8.477928,14.178988,12.31054,8.661374,10.346445,6.833843,7.7157907,8.139534,9.979806,13.690948,14.332986,19.659197,20.090982,23.673374,24.905964,22.548025,23.062225,18.287737,16.098192,13.644764,10.202885,8.037189,0.0,6.3502893,4.495967,8.499241,10.414453,7.896654,7.193321,7.0846734,4.7817626,8.07142,6.163421,12.118627,15.234128,16.779438,20.242834,22.363447,24.806013,26.2732,23.709272,20.225822,19.82534,17.137697,13.786616,12.395278,11.462962,8.902268,12.542918,11.494723,8.979873,14.867789,16.232544,19.334005,22.28382,24.597141,27.429697,29.790182,30.722101,29.171377,25.931248,29.083063,25.765514,29.608553,28.290497,30.820225,31.423946,28.994509,30.617292,26.96603,21.730986,20.719069,18.53752,16.853191,17.71819,13.0944605,17.51339,16.581436,20.38109,23.006767,25.42811,24.544495,31.021936,29.461391,26.797369,26.879612,24.02894,22.96506,21.852968,18.890112,19.42565,19.22688,17.193316,16.741951,15.259879,14.23332,14.903083,13.0473995,16.106161
33,33.48525,31.539703,30.593878,25.7427,24.26801,23.651455,20.301706,19.09013,15.0780525,18.430328,12.968141,18.255257,14.81694,11.252599,9.878196,7.774264,5.422285,8.495843,8.618128,13.369163,13.093016,19.252663,19.82734,22.832184,24.554575,23.240625,24.537418,19.812399,18.220066,15.038256,12.849212,8.840001,6.3502893,0.0,5.101355,6.4594502,8.472852,8.484714,5.227353,5.5008817,9.177784,11.342163,11.260138,16.17387,18.304897,19.91383,23.15881,24.89627,27.862215,30.100483,27.887062,24.967915,24.397438,22.783146,18.898691,17.79048,17.599005,15.179405,18.530596,17.610416,15.127073,20.763708,21.92034,24.65923,27.444462,29.607462,31.963032,34.277443,34.694874,32.53427,29.562002,32.0229,28.08867,31.689783,29.49856,32.075462,31.929718,29.196035,30.018436,26.285717,21.306059,20.75206,19.868555,17.824987,19.786327,14.313968,19.27225,17.514475,21.599773,23.956656,26.587732,25.123861,31.120506,30.763094,28.25098,27.752464,24.73013,22.632423,21.003763,17.73364,17.50662,16.851782,13.767735,14.0253935,10.769468,12.305692,12.340879,12.460738,15.38268
34,35.64757,33.144924,31.97707,27.288206,25.181797,24.76171,20.621372,19.036274,14.76534,16.912283,10.599785,15.895037,12.642941,8.858859,9.913796,8.389274,8.673454,11.008333,12.362914,16.747747,16.720509,22.678627,22.831726,26.368746,27.55923,25.582605,26.73381,21.86713,20.08046,16.954939,14.321658,10.866335,4.495967,5.101355,0.0,4.3007946,6.0644965,4.492112,4.661205,7.2845244,6.9102254,11.282358,10.47618,16.46416,18.94135,20.88707,24.017164,26.40104,28.790775,30.41263,27.658966,24.465826,23.429533,20.87446,17.240381,15.231877,15.064854,11.839575,14.269511,14.233411,12.553567,18.609825,20.420588,23.480917,26.682232,28.752432,31.83665,34.024597,34.78284,33.04985,29.595947,32.468,28.899078,32.392433,30.741014,32.946896,33.109947,30.25278,31.351488,27.198298,22.297531,22.064768,20.411137,19.158993,20.769358,16.143965,21.270502,20.230047,24.18232,26.76075,29.253933,28.054798,34.39686,33.20473,30.455002,30.18609,27.322851,25.634418,24.689697,21.306414,21.703695,21.30178,18.514376,18.350666,15.359368,15.60419,15.033457,13.759742,16.047321
35,39.05778,36.81382,35.46635,30.829565,28.844397,27.940378,24.281267,21.948706,18.082256,18.983055,12.571681,17.082924,12.687291,9.386358,9.185336,9.803946,9.873235,13.375489,14.801838,19.498901,19.477964,25.592491,26.00249,29.221478,30.701015,29.10873,30.380482,25.556253,23.737486,20.656254,17.885277,14.41626,8.499241,6.4594502,4.3007946,0.0,4.5630755,6.0029635,6.69127,10.218631,11.136799,15.43099,14.631899,20.506493,23.056467,24.89553,28.108809,30.280573,32.87755,34.608128,31.93472,28.682003,27.723963,25.063293,21.510502,19.345531,19.07855,15.600042,17.20118,17.204578,15.985135,21.8803,24.08183,26.829569,30.471912,31.960752,35.31777,37.166565,37.564335,35.526268,31.881235,34.329044,30.487965,33.547085,31.537043,33.383186,33.079502,29.8551,30.418701,25.894072,21.453253,21.973686,20.930374,20.13654,22.447033,18.063934,23.858011,23.0571,27.056173,29.771648,32.10681,30.437727,36.62722,35.65969,32.74657,32.050488,29.264585,26.953915,26.557617,22.676847,23.28756,22.981726,19.535458,19.330019,15.16724,16.130772,14.304388,13.586678,14.940233
36,40.99764,38.56475,37.720596,32.89935,30.942245,30.71932,26.514269,25.090431,20.818062,22.489475,15.94289,20.677309,16.685799,13.301533,13.7252655,13.7306,13.250975,16.397692,16.878132,21.462011,20.464535,26.874207,26.369112,29.942806,30.783943,29.197105,31.231493,26.316925,25.194744,21.22713,19.864513,15.227088,10.414453,8.472852,6.0644965,4.5630755,0.0,4.025356,5.5429907,10.001787,11.121786,15.60208,15.956961,21.881819,23.382648,25.90347,28.423304,31.308401,33.44223,35.24801,32.202812,29.56901,27.577984,25.488657,21.478373,19.007107,19.939354,16.496662,17.930563,19.14689,18.067516,24.181814,26.119125,29.34519,32.433994,34.682663,37.808174,40.04841,40.824715,39.048737,35.51643,38.247177,34.54142,37.79294,35.884926,37.83973,37.606762,34.41225,34.952477,30.403858,26.009058,26.473389,25.337364,24.361994,26.416006,21.727251,27.011692,25.57537,29.61784,31.93234,34.656677,33.3926,39.51673,38.816044,36.135048,35.67711,32.767155,30.658703,29.464607,26.028708,25.948227,25.138262,21.913647,22.301964,18.125143,19.928608,18.480398,18.034191,19.495121
