,0,1,2,3,4,5,6,7,8,9,10,11,12,13,14,15,16,17,18,19,20,21,22,23,24,25,26,27,28,29,30,31,32,33,34,35,36,37,38,39,40,41,42,43,44,45,46,47,48,49,50,51,52,53,54,55,56,57,58,59,60,61,62,63,64,65,66,67,68,69,70,71,72,73,74,75,76,77,78,79,80,81,82,83,84,85,86,87,88,89,90,91,92,93,94,95,96,97,98,99,100,101,102,103,104,105,106,107,108
0,0.0,4.6801815,6.9552565,9.271749,12.361094,14.438617,17.34902,20.307,22.933004,26.78477,28.335602,31.419685,30.374264,28.837309,24.508879,22.555248,17.38555,15.840153,11.846277,11.746308,8.392919,7.9090605,10.502324,11.378101,14.049149,15.767263,19.08091,17.30414,21.255762,18.988138,24.984255,26.137644,29.299871,31.55202,34.2095,36.39987,39.76282,41.046585,37.077496,34.059273,33.85054,29.958694,27.592356,26.190039,23.749502,23.3615,19.829086,23.728926,21.97568,20.54316,21.768017,19.523493,21.807623,22.020779,25.288483,28.348204,27.993065,26.030495,29.927986,29.360168,26.36857,31.278921,32.213852,32.920605,36.900635,35.70115,39.910633,38.26664,42.19693,40.291183,36.442547,38.622715,34.419083,37.259666,33.119087,34.689022,33.488792,33.81569,31.934427,33.963493,30.543509,27.463474,28.083025,24.352633,24.904663,20.398783,22.567001,17.355988,20.267658,19.324923,22.687927,26.25718,30.005825,28.800543,24.825834,28.365,32.19785,29.997555,27.834078,30.817064,34.42594,37.03983,37.608376,34.97719,37.43646,32.409744,36.458828,33.99381,37.46941
1,4.6801815,0.0,5.220918,6.4811125,8.892268,11.958607,14.599081,17.822998,20.62732,24.411049,26.457785,29.73988,28.752275,27.825598,22.945454,21.269138,16.393654,14.345606,11.860668,10.673797,8.752985,5.722626,10.497209,9.271903,13.76043,15.361738,17.620026,15.740949,20.130127,17.13719,23.855389,24.486782,28.466747,29.77564,32.975014,34.64578,38.37787,39.53074,35.805588,33.047974,32.00959,28.586966,25.548264,24.120539,21.21074,20.89227,17.049654,20.810335,18.581923,16.648645,17.797422,15.260756,17.885477,18.047577,21.771824,24.623661,24.59564,22.457937,26.052366,25.980099,23.21353,28.507223,29.556074,30.762413,34.560345,34.09118,38.434628,37.170918,41.14772,39.23408,35.67039,38.40784,34.275944,37.60487,33.549446,35.636356,34.53876,34.46328,32.769737,34.382133,31.029657,28.208277,27.994755,24.466175,25.122545,20.6025,22.951904,17.74021,20.356281,19.771557,22.871525,25.67062,29.964174,29.660774,25.677309,28.487623,32.6528,30.94363,28.51542,30.886604,34.808968,37.584663,37.50383,34.73711,36.552647,31.372412,35.018436,32.09821,35.39914
2,6.9552565,5.220918,0.0,4.8395357,7.1690273,8.250418,11.81214,13.959276,17.490963,20.757088,22.954025,25.955929,24.55573,23.598276,18.31344,17.534876,12.244425,11.539627,8.341922,9.875586,9.265799,8.494113,13.701401,13.331009,18.01263,18.384775,19.914143,16.935125,20.820236,16.782864,23.200869,22.233215,25.890108,27.286894,29.987543,31.99086,35.50681,37.05828,33.509693,31.048393,30.149387,27.432888,24.411678,24.27459,20.77607,21.973715,18.958979,22.987455,21.069271,18.839073,19.089264,15.833266,17.477997,16.576645,20.14142,23.439625,24.115885,22.702288,26.70668,27.021574,23.945404,28.966774,29.232449,30.565563,33.70943,33.227978,37.307705,35.700783,39.849392,38.537655,34.89857,37.34322,32.939896,36.140724,31.767317,33.80958,32.214844,31.767475,29.696934,30.995556,27.375252,24.90254,25.033297,21.857052,23.381424,18.687788,22.421635,18.047344,21.462305,21.714666,25.056536,27.70693,32.053078,31.599834,27.006268,29.46063,33.86365,31.571669,28.518103,31.047255,35.36327,38.638763,38.423008,35.38574,37.623573,31.980732,35.531593,32.626312,35.50812
3,9.271749,6.4811125,4.8395357,0.0,3.328743,5.954626,8.228269,11.762128,14.160083,18.083494,19.996944,23.33127,22.521503,21.725048,17.198206,15.001462,10.569322,8.123239,7.383127,6.100868,7.1993566,5.955922,11.49764,10.848883,16.020605,15.331351,15.863005,12.574229,16.476925,12.155849,18.882828,18.292435,22.480005,23.462204,26.673271,28.287352,32.046654,33.28734,29.710918,27.20357,25.95485,23.10771,19.8742,19.51287,15.994402,17.22194,14.473903,18.562077,16.965902,14.944205,14.891574,11.985963,13.265947,13.100411,16.119247,19.34516,19.517836,18.084244,22.30298,22.354795,19.175158,24.130816,24.454855,25.808546,29.066122,28.730057,32.925373,31.579924,35.679546,34.195778,30.717447,33.538425,29.293642,32.85151,28.713097,31.175333,29.956022,29.395666,27.800926,28.983652,25.737406,23.221153,22.366383,19.159473,20.269545,15.770447,19.101376,14.81747,17.912893,18.597054,21.705252,23.770082,28.372873,28.520578,23.902346,25.729023,30.321157,28.407824,25.226109,27.254202,31.7226,35.093655,34.44137,31.33885,33.241673,27.53987,30.910034,27.878918,30.733984
4,12.361094,8.892268,7.1690273,3.328743,0.0,4.6206107,6.020334,9.719834,12.2261715,15.938213,18.311644,21.738491,20.980234,20.777143,15.921756,14.1176605,10.451752,7.900083,9.20077,7.6377416,9.966048,8.091113,13.667502,12.120097,17.778519,16.80195,16.314177,12.896874,16.676523,11.66868,18.57069,17.102459,21.882704,21.961262,25.528444,26.700478,30.702671,31.882242,28.597519,26.423683,24.47741,22.286211,18.508812,18.513668,14.467178,16.264875,13.750164,17.57111,15.81473,13.382636,12.769751,9.378161,10.370555,9.80991,13.173203,16.349794,17.033539,15.724497,19.794922,20.394808,17.367367,22.46054,22.641106,24.455563,27.333399,27.637432,31.824362,30.749271,34.862576,33.518173,30.319029,33.48049,29.332432,33.179035,29.152067,31.948322,30.764597,29.849487,28.399899,29.170229,26.047117,23.881187,22.391296,19.572527,20.857925,16.613113,20.113657,16.309002,19.10061,20.158419,22.9733,24.367025,29.22176,29.952284,25.365799,26.541452,31.289108,29.664326,26.280981,27.811346,32.476837,35.99206,34.851963,31.654152,33.118065,27.310986,30.254412,26.910059,29.456814
5,14.438617,11.958607,8.250418,5.954626,4.6206107,0.0,4.1074657,5.919089,9.422164,12.580757,15.018772,18.148113,16.961811,16.646456,11.445687,10.423715,6.419794,5.8780375,7.312055,8.714064,11.639308,11.670675,16.79875,16.258202,21.509804,19.922064,19.274338,15.2162895,18.137058,12.621885,18.532263,15.311239,19.529121,19.846767,22.746136,24.37477,28.06924,29.689592,26.560286,24.682217,23.070444,21.612968,18.123253,19.57972,15.271019,18.523119,17.02471,20.869326,19.612093,17.308872,16.082733,12.615786,12.230173,10.479474,12.980045,16.625515,17.934916,17.584415,21.943613,22.700905,19.454185,23.887886,23.203592,24.950407,27.116175,27.216675,31.035707,29.538784,33.77971,33.06369,29.77883,32.50994,28.133316,31.74419,27.446314,30.127878,28.475521,27.212368,25.416666,25.864346,22.516275,20.74193,19.577118,17.210285,19.39623,15.1591625,19.92961,17.145426,20.553137,22.194828,25.177685,26.593956,31.259102,31.667692,26.6616,27.619429,32.42066,30.222067,26.372276,28.104452,32.99919,36.891598,35.76188,32.389843,34.35937,28.265265,31.14545,28.007786,30.122213
6,17.34902,14.599081,11.81214,8.228269,6.020334,4.1074657,0.0,4.977912,6.210592,10.131562,12.32435,15.8045,15.31957,15.39572,11.360754,8.853082,7.190475,5.0359316,9.531897,8.9543,12.903756,12.848684,17.39068,16.690533,21.871183,19.494759,17.753016,13.549693,15.9131,10.017745,15.640887,11.962132,16.888863,16.383419,19.860893,20.972492,24.955338,26.30396,23.283619,21.55364,19.363356,18.234068,14.369791,16.20135,11.631077,15.620586,14.941426,18.485788,17.694944,15.656797,13.81705,10.862502,9.276719,7.9702115,9.222722,12.9426565,14.0457945,14.105311,18.642313,19.34734,16.065323,20.174833,19.244135,21.167637,23.1156,23.560148,27.398708,26.181377,30.382883,29.669552,26.64696,29.743275,25.566854,29.514477,25.502993,28.601736,27.270203,25.780731,24.472715,24.63736,21.757301,20.164711,17.9022,15.843614,17.745258,14.069697,18.472248,16.345232,19.265577,21.393448,23.989449,24.666086,29.444294,30.438923,25.509743,25.672977,30.569712,28.731298,24.742437,25.857243,30.886034,34.895546,33.2689,29.832554,31.429104,25.284668,27.787487,24.504406,26.35715
7,20.307,17.822998,13.959276,11.762128,9.719834,5.919089,4.977912,0.0,5.5799212,6.964396,10.25597,13.107966,11.690483,12.416458,6.885419,7.5415606,6.7415414,8.018322,11.371199,13.119418,16.791716,17.165194,21.937992,21.352749,26.602886,24.320309,22.6486,18.34054,20.24532,14.354107,18.830322,13.118465,17.282654,16.397636,19.039825,20.36986,24.022408,25.912542,23.435839,22.389238,20.189178,20.426718,16.796648,19.926775,15.27652,20.06145,19.770746,23.107859,22.272638,19.986431,17.861546,14.548332,12.540129,9.664796,10.599583,14.262193,16.640907,17.484146,21.642069,22.982195,19.91473,23.509167,21.855324,23.97067,24.881523,25.585411,28.90822,27.441366,31.677494,31.711502,28.82689,31.548513,27.282759,30.96319,26.786547,29.747007,27.885868,25.897985,24.181602,23.722914,20.615818,19.812231,17.928926,16.768143,19.660133,16.26668,21.61914,20.27548,23.518589,25.865557,28.544022,29.207928,33.850826,34.67039,29.544977,29.551733,34.415684,32.206547,27.919914,29.109837,34.249214,38.50812,36.82132,33.2915,35.098,28.854317,31.065458,27.877625,29.15014
8,22.933004,20.62732,17.490963,14.160083,12.2261715,9.422164,6.210592,5.5799212,0.0,4.984636,6.200526,9.81258,10.0336275,10.571689,8.92285,5.282823,8.181953,7.75344,13.028247,13.170351,17.472858,18.421757,22.118053,22.014975,26.68478,23.36994,20.784967,16.411116,17.128868,11.538205,14.411103,7.757791,12.4245205,10.937215,14.14793,15.170944,19.068146,20.657232,18.056362,17.038467,14.614857,15.164616,11.660783,15.735126,11.398928,17.078438,18.124939,21.104813,21.210264,19.681286,17.163149,15.0278,11.8577385,10.437164,8.444293,11.941396,13.268829,14.945213,19.425997,20.085821,16.87383,19.389965,17.139694,18.992657,19.595667,20.136656,23.348309,21.94712,26.158472,26.283728,23.577738,26.464035,22.403795,26.329866,22.498108,25.857689,24.412418,22.24583,21.21314,20.55417,18.181986,17.472376,14.212886,13.503293,15.9995775,13.584327,18.417702,18.25323,20.99217,23.931625,26.178312,26.160463,30.620932,31.817932,26.77362,25.90543,30.724623,28.730717,24.295753,24.887087,30.089787,34.498398,32.410213,28.836601,30.548105,24.303741,26.193989,23.182253,24.115114
9,26.78477,24.411049,20.757088,18.083494,15.938213,12.580757,10.131562,6.964396,4.984636,0.0,4.661833,7.0246243,6.444335,8.85764,7.0968113,7.34298,10.963081,12.212013,16.667942,17.874939,22.03453,22.883738,26.927795,26.600908,31.502314,28.331137,25.663902,21.352732,21.903103,16.434204,18.550674,10.7502985,14.24484,11.661039,13.892849,14.62014,18.159239,20.214169,18.589483,18.625467,15.849264,18.173,14.940919,19.778225,15.531727,21.454388,22.656105,25.328789,25.289904,23.488598,20.71427,18.30777,14.9360075,12.456122,10.333155,13.18133,15.801941,18.061127,21.874025,23.265837,20.479864,22.520561,19.716337,21.883718,21.239542,22.415567,24.956472,23.573626,27.629963,28.525887,26.23324,28.866713,24.983467,28.661427,24.942205,28.211487,26.416414,23.71776,22.503904,21.02309,18.754597,19.05392,15.982245,16.394575,19.480282,17.554934,22.720083,23.046358,25.831297,28.86323,31.068092,30.863668,35.248512,36.509914,31.445683,30.314392,35.047237,32.957554,28.385397,28.815073,34.011505,38.554768,36.25805,32.671055,34.28034,28.126123,29.500994,26.525854,26.759684
10,28.335602,26.457785,22.954025,19.996944,18.311644,15.018772,12.32435,10.25597,6.200526,4.661833,0.0,3.7372994,5.460904,6.5622144,9.193254,6.4445624,11.771379,12.76212,17.367779,18.3537,22.5476,24.225039,27.429249,27.850122,32.121185,28.302872,25.469698,21.13457,20.707811,15.964577,16.244734,7.9072657,10.035589,7.8312726,9.299984,10.684955,13.914512,16.140198,14.279132,14.395645,12.422036,15.052379,12.90522,18.481474,15.052183,21.202875,23.226759,25.832708,26.489388,25.283113,22.541904,20.810184,17.197433,15.715853,12.500613,15.069079,16.418283,19.065481,23.15923,23.710548,20.741415,21.741528,18.42964,19.868074,18.92128,19.24351,21.361214,19.55474,23.602797,24.86781,22.534485,24.75506,20.925577,24.41323,20.835958,24.136597,22.42113,19.53412,18.672367,16.9648,15.255593,15.825957,12.094571,13.278659,16.347292,15.387436,20.334139,21.786816,24.425068,27.81507,29.83584,29.478922,33.445927,34.54899,29.48548,27.949255,32.47511,30.194172,25.512577,25.806171,30.92854,35.605804,33.31262,29.732695,31.732483,25.656422,26.98932,24.542494,24.533026
11,31.419685,29.73988,25.955929,23.33127,21.738491,18.148113,15.8045,13.107966,9.81258,7.0246243,3.7372994,0.0,3.7089393,5.452104,10.158128,9.020351,14.330974,16.05038,20.119637,21.71821,25.781517,27.723993,30.884226,31.486528,35.679806,31.785513,29.000635,24.667238,23.961536,19.495699,19.040276,10.754276,11.098214,9.077717,8.5183525,10.230347,12.41211,15.215272,14.124367,15.045719,13.639392,17.164778,15.744312,21.615908,18.510277,24.688066,26.90135,29.425682,30.16982,28.9713,26.174927,24.411734,20.751873,19.028996,15.784402,18.024485,19.581219,22.465487,26.326496,26.961878,24.131554,24.650902,21.011541,22.264141,20.575548,20.792747,22.178171,20.141106,23.942661,25.904385,23.810087,25.48465,21.850174,24.8634,21.449043,24.48975,22.498968,19.23819,18.303204,15.902443,14.546335,16.030355,12.675691,14.818966,18.173307,17.757835,22.78483,24.778019,27.468708,30.957848,32.95412,32.574684,36.302467,37.254562,32.18089,30.497293,34.832653,32.344566,27.609655,27.888533,32.882473,37.640324,35.352318,31.816835,33.99694,28.082357,29.172775,27.034845,26.592468
12,30.374264,28.752275,24.55573,22.521503,20.980234,16.961811,15.31957,11.690483,10.0336275,6.444335,5.460904,3.7089393,0.0,4.2931266,7.2281637,8.728456,13.137249,15.835266,19.16834,21.70581,25.563894,27.438007,31.085106,31.574621,36.052433,32.58016,30.231691,25.753696,25.631266,20.721277,21.28256,13.09953,13.771318,12.48618,11.961407,13.937457,15.911583,18.854326,17.722967,18.380108,17.127209,20.125551,18.343332,23.883396,20.320599,26.398968,28.02068,30.835354,31.147884,29.57335,26.88633,24.560198,21.238022,18.856993,16.569859,19.159191,21.347836,23.917482,27.814066,28.815166,25.91176,27.126862,23.768167,25.241543,23.892506,24.177828,25.7775,23.657923,27.524294,29.370016,27.052723,28.611973,24.735126,27.57954,23.815596,26.553589,24.169563,21.017658,19.439009,17.17906,15.065824,16.57277,14.327829,16.061127,19.877413,18.735691,24.374788,25.790897,28.89376,32.165253,34.469513,34.512756,38.398754,39.07786,33.835068,32.674976,37.117588,34.389126,29.636986,30.36764,35.416683,40.15812,38.142532,34.575638,36.915703,30.860783,32.24714,29.944756,29.784039
13,28.837309,27.825598,23.598276,21.725048,20.777143,16.646456,15.39572,12.416458,10.571689,8.85764,6.5622144,5.452104,4.2931266,0.0,7.708898,7.122078,11.507098,14.5262,17.15631,20.16539,23.718248,26.358517,29.498484,30.695465,34.689724,31.051521,29.142767,24.594667,24.21537,19.74299,19.789555,12.295031,11.63507,12.493334,11.08091,14.3657675,15.7935705,18.868929,16.97864,16.971481,17.131489,19.059507,18.078754,23.419935,20.283594,26.115479,27.752571,30.869276,31.40795,30.099672,27.689743,25.486227,22.413607,20.49895,18.350956,21.287973,22.66648,24.988407,29.347649,29.704437,26.46652,27.615414,24.379536,25.22151,24.463629,23.662857,25.270077,22.581877,26.520166,28.284733,25.509668,26.487642,22.343569,24.77318,20.698376,23.071922,20.411089,17.39728,15.455529,13.477976,10.937815,12.396638,10.88007,12.687393,16.829971,15.794551,21.668972,23.433838,26.784092,30.056976,32.50208,32.96979,36.543392,36.671757,31.320513,30.492172,34.78033,31.608526,26.851194,28.06404,33.00057,37.75085,36.197197,32.66404,35.642147,29.593023,31.467196,29.572405,29.767609
14,24.508879,22.945454,18.31344,17.198206,15.921756,11.445687,11.360754,6.885419,8.92285,7.0968113,9.193254,10.158128,7.2281637,7.708898,0.0,7.3238864,8.303073,12.190738,14.098563,17.823717,21.160736,22.729109,27.093836,27.354403,32.18519,29.594858,28.159864,23.617846,24.71955,19.2356,21.977318,14.947879,16.951698,16.807684,17.474455,19.718893,22.289131,24.964859,22.963411,22.535917,21.350681,22.60932,20.064255,24.404474,20.209692,25.602907,25.946615,29.32308,28.867916,26.776033,24.563633,21.402466,19.077612,16.090351,15.932324,19.286783,21.802296,23.374434,27.526112,28.751488,25.618546,28.29588,25.834068,27.533678,27.508547,27.673737,30.175627,28.058563,32.219044,33.21017,30.306564,32.09875,27.74101,30.704716,26.355228,28.828178,26.25513,23.792517,21.506971,20.367676,17.04652,17.345509,16.472174,16.534773,20.47005,17.730286,23.93057,23.804094,27.463047,30.137102,32.94451,33.80661,38.018566,38.283257,32.89043,32.8246,37.4843,34.581944,30.001041,31.500893,36.611847,41.151527,39.676624,36.0966,38.59165,32.315422,34.458088,31.79119,32.54654
15,22.555248,21.269138,17.534876,15.001462,14.1176605,10.423715,8.853082,7.5415606,5.282823,7.34298,6.4445624,9.020351,8.728456,7.122078,7.3238864,0.0,5.6546035,7.4694586,11.131559,13.188682,16.993454,19.354607,22.557957,23.58462,27.670238,24.191587,22.411736,17.813248,18.092545,13.143016,14.861652,8.425681,10.53334,11.672403,12.981121,15.614243,18.502062,20.67147,17.676111,16.333334,15.842657,15.806204,13.8325405,18.094019,14.556696,19.938442,21.016665,24.419266,24.767416,23.482603,21.361341,19.189333,16.53145,15.203954,13.687255,17.155024,17.915812,19.492708,24.250076,24.303127,20.800888,22.897554,20.47608,21.44722,22.14994,21.345201,24.141138,21.856712,26.117598,26.624619,23.418367,25.29522,20.851225,24.082588,19.76303,22.574661,20.544268,18.39111,16.753696,16.277258,13.382779,12.648972,10.456585,9.861276,13.397138,10.90482,16.844072,17.373022,20.797115,23.823397,26.411837,27.09999,31.076605,31.366743,26.003824,25.628729,30.247318,27.413494,22.798862,24.177732,29.293756,33.844254,32.385204,28.81241,31.536274,25.27466,27.69987,25.364735,26.437054
16,17.38555,16.393654,12.244425,10.569322,10.451752,6.419794,7.190475,6.7415414,8.181953,10.963081,11.771379,14.330974,13.137249,11.507098,8.303073,5.6546035,0.0,4.970581,6.079298,9.976625,13.04786,15.437141,19.208872,20.266014,24.522722,21.91383,21.25308,16.728336,18.245821,13.175629,16.9062,12.639901,15.132226,16.888771,18.47624,21.128798,24.07521,26.141945,22.862259,20.979849,20.662487,19.385828,17.09849,19.873781,16.144491,20.388865,20.158781,24.07247,23.754768,22.119095,20.621302,17.843975,16.382805,14.882788,15.323858,19.106678,19.948364,20.53051,25.351671,25.464848,21.866493,25.096514,23.538465,24.568573,26.237753,25.32199,28.589495,26.352526,30.6282,30.540537,26.992537,28.864021,24.250444,27.315228,22.732685,25.081974,22.954256,21.505486,19.366419,19.755754,16.21682,14.596949,14.074683,12.075098,15.222076,11.269896,17.294708,16.128439,20.096647,22.401075,25.482914,27.05632,31.175533,30.957588,25.552668,26.326115,30.970854,27.979742,23.709864,25.831366,30.782484,35.02639,34.15631,30.689985,33.56289,27.33985,30.372396,27.890312,29.683962
17,15.840153,14.345606,11.539627,8.123239,7.900083,5.8780375,5.0359316,8.018322,7.75344,12.212013,12.76212,16.05038,15.835266,14.5262,12.190738,7.4694586,4.970581,0.0,5.992436,5.8958526,9.912004,11.899965,15.298834,16.201895,20.399984,17.432753,16.358852,11.823847,13.617876,8.392323,13.212772,10.785122,14.493213,15.929463,18.669897,20.688847,24.15581,25.587852,21.970413,19.596666,18.855326,16.526972,13.850705,15.533974,11.926608,15.573018,15.267834,19.222559,19.102486,17.820087,16.47648,14.303008,12.991103,12.747752,13.001615,16.626644,16.47626,16.562147,21.545053,21.14707,17.455362,20.938608,19.946585,20.896103,23.362694,22.47027,26.235811,24.429806,28.654333,27.855867,24.326836,26.812613,22.387596,25.950365,21.692526,24.444658,23.059221,21.979065,20.569368,21.341152,18.382853,16.177448,14.515496,11.746862,13.560526,9.42146,14.27345,12.356443,15.91427,18.204294,21.10993,22.434792,26.793303,27.027868,21.806398,22.435009,27.217106,24.783625,20.729244,22.498215,27.44622,31.504438,30.441372,27.020933,29.481104,23.314478,26.45747,23.795507,26.0015
18,11.846277,11.860668,8.341922,7.383127,9.20077,7.312055,9.531897,11.371199,13.028247,16.667942,17.367779,20.119637,19.16834,17.15631,14.098563,11.131559,6.079298,5.992436,0.0,6.5224724,7.8206425,11.09061,14.396948,16.215069,19.864962,17.911661,18.642673,14.588846,16.904297,12.875947,17.522106,16.117529,18.517208,21.166605,23.020283,25.740143,28.693512,30.427376,26.638184,24.01992,24.244024,21.398977,19.417746,20.473877,17.396233,19.943428,18.693113,22.947124,22.410324,21.020485,20.43815,17.897423,17.710697,17.126839,18.522018,22.191832,22.188713,21.806225,26.661463,26.171196,22.508783,26.28535,25.633095,26.242846,29.042356,27.549025,31.20673,28.989887,33.1566,32.313217,28.420908,30.201216,25.602041,28.453218,23.884108,25.789354,23.980043,23.464869,21.361183,22.777958,19.245697,16.600613,16.966242,13.7543335,15.719661,11.034424,15.947014,13.134772,17.366474,18.801886,22.259691,24.796103,28.740105,27.878925,22.62452,24.58484,29.026873,25.966806,22.293789,25.096767,29.638746,33.41785,33.258724,30.032162,33.145447,27.223663,30.92518,28.62371,31.204733
19,11.746308,10.673797,9.875586,6.100868,7.6377416,8.714064,8.9543,13.119418,13.170351,17.874939,18.3537,21.71821,21.70581,20.16539,17.823717,13.188682,9.976625,5.8958526,6.5224724,0.0,4.4534135,6.863688,9.428008,11.025977,14.665584,12.020667,12.17701,8.20519,11.251465,7.696484,13.58513,14.645587,18.178804,20.15684,23.192038,25.062935,28.552345,29.538923,25.544024,22.542982,22.15641,18.294735,15.9663515,15.343836,12.789571,13.954495,12.404549,16.686823,16.431383,15.640183,15.399012,13.903648,14.063403,15.106441,16.172312,19.350407,18.146643,17.080416,21.891556,20.722225,17.097723,21.104925,21.266571,21.765125,25.446852,24.110622,28.26385,26.685987,30.6818,28.9985,25.28549,27.86972,23.667225,27.133497,23.140198,25.600477,24.765913,24.532211,23.388504,24.961195,22.182623,19.235016,18.038437,14.41386,14.701727,10.37625,13.017734,8.878659,12.279902,13.590799,16.77647,18.91444,23.255285,23.17638,18.257643,19.936453,24.545113,22.41674,19.13074,21.27524,25.741053,29.225578,28.70831,25.583538,27.998283,22.267435,26.005049,23.48661,26.539494
20,8.392919,8.752985,9.265799,7.1993566,9.966048,11.639308,12.903756,16.791716,17.472858,22.03453,22.5476,25.781517,25.563894,23.718248,21.160736,16.993454,13.04786,9.912004,7.8206425,4.4534135,0.0,5.3903484,6.635205,9.565676,12.159116,10.612835,12.75337,9.973167,13.28656,11.344569,16.711517,18.812218,21.777601,24.343506,27.097153,29.214687,32.50428,33.490307,29.33018,26.082071,26.199402,21.811134,19.93783,18.549421,16.641731,16.583641,14.251297,18.461414,17.951263,17.353827,17.907225,16.54147,17.57428,18.696215,20.340813,23.412481,22.063662,20.557285,25.097574,23.68227,20.245102,24.367302,24.991167,25.19011,29.286026,27.565813,31.72298,30.045227,33.902336,31.934938,28.05567,30.301374,26.172222,29.224,25.265848,27.205467,26.419872,26.724354,25.42655,27.490509,24.602043,21.317125,21.0082,17.093987,17.000362,12.708984,14.391134,9.252644,12.549798,12.649602,16.164028,19.32974,23.24893,22.396486,17.78232,20.628149,24.816404,22.558023,19.932583,22.668211,26.596914,29.613712,29.802399,26.96982,29.644217,24.362137,28.479666,26.260841,29.688866
21,7.9090605,5.722626,8.494113,5.955922,8.091113,11.670675,12.848684,17.165194,18.421757,22.883738,24.225039,27.723993,27.438007,26.358517,22.729109,19.354607,15.437141,11.899965,11.09061,6.863688,5.3903484,0.0,5.9852567,5.297583,10.083881,10.186184,11.969298,10.110534,14.566881,12.241254,18.836182,20.76331,24.834284,26.18222,29.69638,31.123137,34.91333,35.68095,31.78842,28.792456,27.81888,23.808582,20.997776,18.879457,16.562479,15.59739,11.942088,15.911501,14.38398,13.265058,14.404267,12.9444,15.119328,16.504143,19.14699,21.812708,20.730719,18.503363,22.409842,21.510994,18.55526,23.539095,24.804504,25.654245,29.850868,29.110044,33.54458,32.46503,36.290665,34.0511,30.555693,33.505535,29.60883,33.129055,29.404375,31.742094,31.14463,31.19526,30.050367,31.770182,28.891644,25.86836,24.895153,21.210623,21.09615,16.94844,18.263388,12.879753,14.993226,14.579332,17.527973,20.03349,24.466253,24.562532,20.592861,23.035847,27.279812,25.926132,23.57596,25.586874,29.480148,32.230522,31.929996,29.185995,30.84698,25.750757,29.440794,26.632116,30.111631
22,10.502324,10.497209,13.701401,11.49764,13.667502,16.79875,17.39068,21.937992,22.118053,26.927795,27.429249,30.884226,31.085106,29.498484,27.093836,22.557957,19.208872,15.298834,14.396948,9.428008,6.635205,5.9852567,0.0,5.4019523,5.565509,5.2673025,9.342558,9.227177,12.941346,13.236422,18.368153,22.532928,25.86713,27.982775,31.339472,32.856186,36.371502,36.781914,32.568367,29.100555,28.89826,23.798302,21.971441,18.69362,17.922884,15.437697,12.15271,15.657142,15.136476,15.46485,17.107155,17.036158,18.95673,21.227697,22.934057,25.290756,23.055124,20.697607,24.509596,22.42996,19.571346,23.765926,25.512873,25.488886,30.385927,28.783571,33.185314,32.112858,35.590187,32.78631,29.194006,31.878353,28.358301,31.548536,28.280174,30.288658,30.27936,30.990557,30.289728,32.554237,30.125008,26.684587,25.803783,21.82682,20.568209,17.106344,16.348032,10.516512,11.478333,9.787467,12.668144,16.039827,19.853436,19.417122,16.039846,19.285826,22.975536,21.905647,20.466085,22.652842,25.808628,27.95082,28.259323,25.9237,27.797762,23.409231,27.539328,25.37862,29.346941
23,11.378101,9.271903,13.331009,10.848883,12.120097,16.258202,16.690533,21.352749,22.014975,26.600908,27.850122,31.486528,31.574621,30.695465,27.354403,23.58462,20.266014,16.201895,16.215069,11.025977,9.565676,5.297583,5.4019523,0.0,6.149256,7.800269,9.886805,10.212448,14.723688,13.963192,20.182905,23.510647,27.838062,28.777649,32.753006,33.66813,37.634212,37.940887,34.062336,30.958717,29.666018,25.24252,22.441645,18.948326,17.518883,14.655164,10.179433,13.295984,11.535706,11.23207,13.436291,13.352311,16.190434,18.584166,21.071371,23.024714,21.216574,18.305447,21.4301,20.054472,17.71952,22.739138,24.905958,25.659168,30.37864,29.858707,34.448368,33.88923,37.41136,34.577236,31.384855,34.723568,31.302864,34.97687,31.766178,34.22466,34.177574,34.453934,33.760906,35.581543,33.054985,29.928658,28.466,24.75576,23.858847,20.279428,20.071962,14.497157,15.058103,13.738184,15.8772955,18.020155,22.419746,23.135925,20.156483,22.528643,26.407896,26.02413,24.429121,25.885036,29.255148,31.39514,30.997831,28.61742,29.48478,25.094751,28.615623,25.775368,29.574928
24,14.049149,13.76043,18.01263,16.020605,17.778519,21.509804,21.871183,26.602886,26.68478,31.502314,32.121185,35.679806,36.052433,34.689724,32.18519,27.670238,24.522722,20.399984,19.864962,14.665584,12.159116,10.083881,5.565509,6.149256,0.0,5.6156535,10.079477,12.216605,15.6328,17.050209,21.8072,26.820545,30.390581,32.08884,35.802654,36.889988,40.551228,40.602234,36.455555,32.96056,32.442272,27.140585,25.2893,20.959547,20.87969,16.906288,13.117531,15.405047,14.698397,15.700681,18.162445,18.97043,21.4976,24.309006,26.159563,27.945932,25.31961,22.412363,25.354242,22.994238,20.864443,24.999079,27.555267,27.486176,32.757114,31.42276,35.90094,35.312305,38.472454,35.144493,31.889553,34.85883,31.830652,35.065556,32.291153,34.316864,34.745308,35.650757,35.259727,37.583645,35.37652,31.904858,30.740314,26.811413,25.067484,22.072054,20.247545,14.66448,14.065723,11.301362,12.880907,15.895731,19.30392,19.371386,17.47317,20.71331,23.741772,23.736464,23.242695,24.88167,27.306543,28.631037,28.990253,27.160574,28.193855,24.74767,28.631874,26.522213,30.735422
25,15.767263,15.361738,18.384775,15.331351,16.80195,19.922064,19.494759,24.320309,23.36994,28.331137,28.302872,31.785513,32.58016,31.051521,29.594858,24.191587,21.91383,17.432753,17.911661,12.020667,10.612835,10.186184,5.2673025,7.800269,5.6156535,0.0,5.4468894,7.6137853,10.246646,12.685773,16.493086,22.265781,25.505331,27.399754,31.015348,32.08359,35.581364,35.482666,31.264492,27.668962,27.451305,21.842045,20.473045,16.073118,16.62311,12.748902,10.188011,12.82612,13.436737,15.019364,16.697958,17.928305,19.412716,22.547249,23.30798,25.114231,21.902288,19.467234,22.964146,19.975588,17.40635,20.816051,23.062105,22.536835,27.880877,26.08588,30.489592,29.826498,32.92822,29.604946,26.292608,29.259054,26.30346,29.62227,27.019888,29.229437,29.903214,30.776499,30.73915,33.01539,31.182823,27.743809,26.111036,22.285475,20.093826,17.622356,15.06689,9.841875,8.6032715,6.3237233,8.147427,11.080424,14.960554,15.337478,12.693802,15.403435,18.872217,18.783928,17.96024,19.37426,22.094696,23.847576,23.90739,21.830791,23.183298,19.374454,23.453844,21.559277,25.784018
26,19.08091,17.620026,19.914143,15.863005,16.314177,19.274338,17.753016,22.6486,20.784967,25.663902,25.469698,29.000635,30.231691,29.142767,28.159864,22.411736,21.25308,16.358852,18.642673,12.17701,12.75337,11.969298,9.342558,9.886805,10.079477,5.4468894,0.0,4.618058,6.635222,9.534353,12.9735565,18.974735,22.75266,23.696241,27.809788,28.224754,31.95724,31.5242,27.551256,24.19732,23.229795,17.872921,16.13385,11.102044,12.136629,7.4600887,5.914859,8.1982355,9.960593,12.178088,13.208348,15.31218,16.029125,19.736582,19.603094,20.920622,17.140772,14.791045,18.229794,14.829782,12.259979,15.388175,17.827824,17.445292,22.83592,21.575256,26.106798,25.940584,28.97714,25.576096,22.670206,26.34563,23.652386,27.540104,25.263918,28.102465,29.016401,29.432207,29.815855,31.609434,30.14444,27.064077,24.36635,20.98478,18.660645,16.779501,14.095414,10.115317,8.06498,7.9291964,8.514442,8.731897,13.734357,15.878043,13.129839,13.745619,17.781652,18.391768,17.015575,17.20502,20.440498,22.623167,21.499554,19.128624,19.60648,15.390203,18.966637,16.558512,20.699701
27,17.30414,15.740949,16.935125,12.574229,12.896874,15.2162895,13.549693,18.34054,16.411116,21.352732,21.13457,24.667238,25.753696,24.594667,23.617846,17.813248,16.728336,11.823847,14.588846,8.20519,9.973167,10.110534,9.227177,10.212448,12.216605,7.6137853,4.618058,0.0,4.7213435,5.213075,10.0831375,14.959972,18.903337,20.018744,23.989208,24.749237,28.497847,28.455376,24.42886,21.149422,20.234007,15.207501,13.103004,9.487144,9.164177,6.9806175,6.2048736,9.912175,11.204836,12.279717,12.392001,13.45975,13.479371,16.656296,16.353798,18.28393,15.035362,13.305909,17.67615,14.950118,11.565652,14.998203,16.385668,16.312681,21.16489,19.852192,24.37902,23.737936,27.211792,24.446684,21.211697,24.71959,21.428732,25.428236,22.573456,25.549213,25.974203,26.040703,26.115898,27.716908,26.0073,23.045734,20.351606,16.969248,15.247535,12.834107,11.575966,7.656131,7.591503,9.04478,10.860914,11.503479,16.412476,17.889542,13.884377,14.35745,18.990963,18.49978,16.007889,16.679588,20.775406,23.777233,22.568266,19.678028,20.949938,15.695503,19.340483,16.731354,20.417877
28,21.255762,20.130127,20.820236,16.476925,16.676523,18.137058,15.9131,20.24532,17.128868,21.903103,20.707811,23.961536,25.631266,24.21537,24.71955,18.092545,18.245821,13.617876,16.904297,11.251465,13.28656,14.566881,12.941346,14.723688,15.6328,10.246646,6.635222,4.7213435,0.0,5.9611735,6.459743,13.449357,16.47403,17.988537,21.69281,22.381952,25.780954,25.396826,21.231024,17.705748,17.446697,11.628794,10.852256,6.9272323,8.715641,7.020792,9.113177,11.561031,14.087063,15.759405,15.371429,16.929901,15.982851,19.226685,17.608683,19.244173,15.266909,14.372017,18.710768,15.223266,11.869841,13.3620615,14.309418,13.168852,18.249798,15.98679,20.387764,19.70128,22.959019,19.989893,16.685623,20.20254,17.20472,21.263046,18.897738,22.031849,22.977592,23.162735,23.853014,25.474958,24.427324,21.541792,18.308659,15.248392,12.590905,11.630606,8.6743965,7.1286983,5.6601543,8.653649,9.565558,9.104314,13.646279,15.428843,11.325495,10.396133,15.229772,14.865113,12.17953,12.170055,16.460917,19.771841,18.234793,15.16862,16.810434,11.277677,15.224292,13.208387,16.943146
29,18.988138,17.13719,16.782864,12.155849,11.66868,12.621885,10.017745,14.354107,11.538205,16.434204,15.964577,19.495699,20.721277,19.74299,19.2356,13.143016,13.175629,8.392323,12.875947,7.696484,11.344569,12.241254,13.236422,13.963192,17.050209,12.685773,9.534353,5.213075,5.9611735,0.0,7.249376,9.900968,14.40104,15.070976,19.12634,19.9095,23.772877,23.999168,20.10876,17.155165,15.85952,11.694546,8.906199,7.7288685,5.564843,7.6053166,8.752185,12.20808,13.471459,13.718494,12.521644,12.786247,11.289808,13.817898,12.487917,14.842961,12.079735,11.553439,16.579687,14.568727,10.725613,13.714065,13.721789,14.088978,17.99838,16.961956,21.362377,20.45806,24.297932,22.306128,19.076628,22.62062,18.956425,23.225758,20.035805,23.397371,23.410969,22.813831,22.79695,23.84221,22.129868,19.62606,16.3099,13.417808,12.54699,10.15503,10.89796,8.988401,10.29208,13.012289,14.881296,14.8874655,19.59138,21.090689,16.50804,15.9755535,20.88683,19.792625,16.262384,16.717182,21.533104,25.27551,23.546595,20.233137,21.766634,15.764576,18.895056,16.048279,18.90272
30,24.984255,23.855389,23.200869,18.882828,18.57069,18.532263,15.640887,18.830322,14.411103,18.550674,16.244734,19.040276,21.28256,19.789555,21.977318,14.861652,16.9062,13.212772,17.522106,13.58513,16.711517,18.836182,18.368153,20.182905,21.8072,16.493086,12.9735565,10.0831375,6.459743,7.249376,0.0,8.394483,10.487955,12.186961,15.518593,16.299334,19.41922,19.083479,14.814591,11.267505,11.538528,5.520347,6.295138,6.363308,7.928067,10.25425,13.810982,15.909027,18.521044,19.665684,18.239492,19.27613,16.93777,19.41531,16.334442,18.018875,14.360993,15.126912,19.687803,16.69503,13.269558,12.990044,11.857011,10.242506,14.052468,10.976119,15.084777,13.810787,17.484138,15.427107,11.907196,15.406255,11.999602,16.513805,14.056083,17.806345,18.633694,18.131369,19.224216,20.248562,19.781197,17.50614,13.205816,11.164154,8.671915,9.42308,7.8490105,10.127458,10.1643715,13.97073,14.823057,13.745726,17.27921,18.867224,14.4413,11.970043,16.644058,15.469391,11.498528,10.82966,15.955654,20.236372,18.04135,14.487433,16.779613,10.518498,13.693447,12.066174,14.482781
31,26.137644,24.486782,22.233215,18.292435,17.102459,15.311239,11.962132,13.118465,7.757791,10.7502985,7.9072657,10.754276,13.09953,12.295031,14.947879,8.425681,12.639901,10.785122,16.117529,14.645587,18.812218,20.76331,22.532928,23.510647,26.820545,22.265781,18.974735,14.959972,13.449357,9.900968,8.394483,0.0,6.1182785,5.540549,9.371513,10.447247,14.198546,15.046144,11.497911,9.643144,8.164809,7.700175,5.901536,11.280156,9.042748,14.786469,17.670414,20.11217,21.665054,21.459892,19.074123,18.642159,15.209038,15.863438,12.0468235,14.341746,12.987034,15.203896,19.842354,18.810915,15.461466,15.819146,12.892101,13.290247,14.035903,12.992856,16.125885,14.416519,18.673046,18.69658,15.870562,18.778278,14.917194,19.14071,15.865435,19.703247,19.093775,17.060513,17.268269,16.827467,15.825348,14.868489,9.863939,9.614482,10.662901,10.464074,13.596793,15.548317,17.374086,21.004627,22.581516,21.852028,25.65492,27.020557,22.201149,20.205568,24.753035,22.90177,18.379982,18.229877,23.394743,27.974567,25.59778,22.007069,24.032518,17.868631,19.654854,17.408138,18.124762
32,29.299871,28.466747,25.890108,22.480005,21.882704,19.529121,16.888863,17.282654,12.4245205,14.24484,10.035589,11.098214,13.771318,11.63507,16.951698,10.53334,15.132226,14.493213,18.517208,18.178804,21.777601,24.834284,25.86713,27.838062,30.390581,25.505331,22.75266,18.903337,16.47403,14.40104,10.487955,6.1182785,0.0,6.508583,6.1417756,9.428129,11.194025,12.552471,8.437499,6.1996245,8.842847,8.535838,10.232017,15.284395,14.463975,19.49218,22.654503,25.112988,27.044088,27.142244,24.95963,24.570467,21.285011,21.742369,18.006552,20.193932,18.738813,21.057985,25.584179,24.095984,20.816782,20.151628,16.911758,16.07615,16.156792,13.251782,15.010788,11.910062,16.055906,17.097164,13.953018,15.198311,11.059656,14.42418,10.941308,14.586686,13.717267,11.259942,11.937311,11.2606,11.2859745,10.840964,5.1399384,7.029443,8.362798,10.304469,13.297428,17.10121,19.044031,22.866066,24.382345,23.956556,26.808058,27.364601,22.517405,20.389967,24.332539,21.677364,16.988836,17.175024,22.009323,26.809158,24.880915,21.40154,24.549686,18.817183,20.697779,19.707005,20.017855
33,31.55202,29.77564,27.286894,23.462204,21.961262,19.846767,16.383419,16.397636,10.937215,11.661039,7.8312726,9.077717,12.48618,12.493334,16.807684,11.672403,16.888771,15.929463,21.166605,20.15684,24.343506,26.18222,27.982775,28.777649,32.08884,27.399754,23.696241,20.018744,17.988537,15.070976,12.186961,5.540549,6.508583,0.0,5.4577527,4.942736,9.120059,9.932998,7.3474865,7.547467,4.704976,8.736143,8.1958,14.351051,12.808841,18.584425,22.069641,23.849026,25.632858,25.487844,22.754833,22.526518,18.605396,18.90776,14.20939,15.576199,14.683012,17.789116,21.637997,20.943924,18.231722,17.168644,13.218875,13.646258,12.073598,11.728051,13.533322,11.985178,15.975549,17.23275,15.397884,18.097326,15.0101185,18.997744,16.540833,20.475527,19.955992,17.244888,18.00576,16.483585,16.505564,16.74396,11.268008,12.867724,14.034849,15.094142,17.782204,20.633852,22.037685,25.812138,26.98201,25.598904,29.017267,30.7306,26.234854,23.4119,27.548586,25.932936,21.476324,20.550524,25.419136,30.059046,27.133291,23.667965,25.293655,19.628954,20.244993,18.351036,17.701187
34,34.2095,32.975014,29.987543,26.673271,25.528444,22.746136,19.860893,19.039825,14.14793,13.892849,9.299984,8.5183525,11.961407,11.08091,17.474455,12.981121,18.47624,18.669897,23.020283,23.192038,27.097153,29.69638,31.339472,32.753006,35.802654,31.015348,27.809788,23.989208,21.69281,19.12634,15.518593,9.371513,6.1417756,5.4577527,0.0,4.7973957,5.7059197,8.147639,6.0027103,7.3441854,8.255407,11.944794,13.061367,18.986212,17.809212,23.418238,26.835585,28.86953,30.699415,30.532927,27.900293,27.370604,23.564857,23.401413,19.063421,20.674044,20.125937,23.18914,27.091118,26.325514,23.540493,22.251463,18.250143,18.016796,16.019947,14.493553,14.882626,12.203998,15.819236,18.299809,16.418192,17.526482,14.469153,17.325438,14.857609,18.233164,17.178097,13.887712,14.66111,12.299422,13.126137,14.411742,9.425496,12.582104,14.409818,16.238438,19.368599,23.082928,24.864145,28.71694,30.038933,29.065342,31.932829,32.954422,28.340199,25.676537,29.408974,27.105116,22.559273,22.077356,26.643362,31.402878,28.911327,25.562796,28.024424,22.673824,23.407206,22.340614,21.448078
35,36.39987,34.64578,31.99086,28.287352,26.700478,24.37477,20.972492,20.36986,15.170944,14.62014,10.684955,10.230347,13.937457,14.3657675,19.718893,15.614243,21.128798,20.688847,25.740143,25.062935,29.214687,31.123137,32.856186,33.66813,36.889988,32.08359,28.224754,24.749237,22.381952,19.9095,16.299334,10.447247,9.428129,4.942736,4.7973957,0.0,4.8018966,5.6404834,5.3651414,8.19682,5.9129915,11.819571,12.302625,18.25236,17.248234,22.800396,26.584978,27.987062,29.933685,29.866922,27.000072,26.89532,22.807604,22.897984,17.953176,18.707767,18.111837,21.554039,24.786533,24.25172,22.007193,20.023298,15.695937,15.9087,12.662383,12.654823,12.740636,11.351265,14.583137,17.10522,16.243265,18.34418,16.13894,19.5171,17.889229,21.607922,21.169485,18.076298,19.264954,16.96871,17.916695,19.03143,13.750661,16.348293,17.51053,19.292086,21.683224,25.127703,26.31249,30.161354,31.080156,29.356173,32.37311,34.196217,29.957447,26.659662,30.3721,28.859838,24.544676,23.188389,27.654945,32.248688,29.049465,25.792767,27.219603,22.165228,21.954681,20.582453,18.927692
36,39.76282,38.37787,35.50681,32.046654,30.702671,28.06924,24.955338,24.022408,19.068146,18.159239,13.914512,12.41211,15.911583,15.7935705,22.289131,18.502062,24.07521,24.15581,28.693512,28.552345,32.50428,34.91333,36.371502,37.634212,40.551228,35.581364,31.95724,28.497847,25.780954,23.772877,19.41922,14.198546,11.194025,9.120059,5.7059197,4.8018966,0.0,3.6492255,5.421416,9.187912,9.631873,14.753074,16.397093,22.137482,21.590742,26.9418,30.83532,32.296238,34.409283,34.457966,31.66698,31.527674,27.493185,27.4634,22.648666,23.483099,22.858946,26.263021,29.488482,28.744287,26.498533,24.137506,19.824871,19.41134,15.957838,14.940307,13.650035,11.586696,13.993882,17.632397,17.057386,17.845766,16.171705,18.493479,17.412922,20.59216,20.068943,16.748917,18.266577,15.450063,17.353224,19.147232,14.448478,17.82541,19.032871,21.497564,23.764519,27.896276,29.130695,33.04076,33.91643,32.319332,34.80701,36.232605,32.08197,28.70969,31.96841,30.130587,25.9144,24.64472,28.689274,33.264427,30.290545,27.235239,29.146103,24.5596,24.25649,23.649466,21.724792
