,0,1,2,3,4,5,6,7,8,9,10,11,12,13,14,15,16,17,18,19,20,21,22,23,24,25,26,27,28,29,30,31,32,33,34,35,36,37,38,39,40,41,42,43,44,45,46,47,48,49,50,51,52,53,54,55,56,57,58,59,60,61,62,63,64,65,66,67,68,69,70,71,72,73,74,75,76,77,78,79,80,81,82,83,84,85,86,87,88,89,90,91,92,93,94,95,96,97,98,99,100,101,102,103,104,105,106,107,108,109,110
0,0.0,4.195463,6.5118713,9.988833,12.7338915,14.978205,18.499178,22.603205,25.526922,28.171064,31.863817,33.655235,36.919132,37.177067,34.31073,31.135857,29.202417,27.450834,25.734125,24.841875,22.050728,23.471224,23.079908,27.229776,29.414251,29.152126,31.530785,33.32822,33.52206,37.667995,35.371075,42.32277,41.484985,44.22301,39.6827,35.75456,37.010853,39.45302,34.816452,32.14879,35.373787,34.74975,30.42831,29.875273,33.82963,30.653296,24.810896,28.634783,30.867336,34.214527,35.285248,29.35098,35.610706,38.106445,36.058167,35.403374,33.79276,36.00289,39.792843,39.682934,37.86784,42.217888,45.957127,47.896328,44.496315,42.499252,46.434666,45.820175,40.550148,42.175842,44.407036,42.29603,38.051712,39.696278,37.36824,38.669758,34.69823,32.874783,30.715881,29.068905,25.26355,23.630484,20.665054,22.624733,26.034264,23.699017,28.58483,29.747372,33.157673,35.55726,36.714455,40.60701,41.53857,42.4217,44.437,40.710564,37.903328,35.261917,31.15145,29.553934,25.606524,23.505455,19.991604,18.651806,18.371445,17.760048,15.349697,20.803558,19.780176,23.451797,25.092768
1,4.195463,0.0,5.2400913,6.496351,9.544913,12.742077,15.393769,20.153547,22.650759,25.54541,29.131891,30.98075,34.00938,34.185284,30.926598,27.681185,25.639294,23.640163,22.009266,20.756765,17.945776,19.485268,19.087208,23.055191,25.2731,25.118942,27.448553,29.390108,29.656403,33.836136,31.75186,38.683735,38.226395,40.892292,36.2804,32.478718,34.020218,36.26487,31.473022,28.98762,32.498627,31.489504,27.11627,27.067549,31.044758,27.487062,21.964392,26.236588,28.399029,31.798435,32.347065,26.556118,32.903267,35.206905,32.863045,31.887276,30.234758,32.22888,36.21124,36.32982,34.202602,38.46371,42.140633,44.229763,40.88685,38.72905,42.50932,41.838272,36.57662,38.17418,40.300877,38.184357,33.94997,35.56,33.33785,34.65206,30.686779,28.98662,26.95544,25.486732,21.76688,20.584747,17.355661,18.936045,22.276318,19.676489,24.57598,25.575848,28.973124,31.364088,32.54117,36.433376,37.395123,38.341248,40.42148,36.79343,33.98452,31.454588,27.216547,25.798882,21.56458,19.830725,16.202446,15.150562,14.741308,14.409756,12.240405,17.741762,17.489424,21.204796,23.430803
2,6.5118713,5.2400913,0.0,5.52178,6.9447427,8.832055,12.372384,16.195168,19.38482,21.74703,25.5452,27.207182,30.546083,30.81745,28.28545,25.191132,23.423199,22.111118,20.554142,20.452631,18.397348,20.330679,21.280218,24.036764,25.722038,24.846231,26.96113,28.247385,28.24421,32.24471,29.768753,36.596176,35.36179,38.34037,34.06112,29.914837,31.181492,34.04586,29.541616,26.609268,30.080818,30.132425,25.602558,24.937496,29.329243,26.898586,20.795898,24.597734,27.559828,30.447935,31.518648,26.573801,32.861176,34.80147,33.05507,32.390957,30.034576,32.43284,36.557648,35.80857,33.493248,38.306637,41.808067,43.55861,39.73938,37.657475,41.85235,41.055866,35.901035,38.188526,40.26231,37.86169,33.892574,36.29742,33.745502,35.800423,32.02294,29.87983,28.74155,26.519253,23.196318,22.269377,18.34094,19.457644,22.078043,20.531126,24.321388,26.370062,29.420397,32.28172,33.39353,37.178604,38.702015,39.65327,41.984493,38.490482,35.5098,33.560116,29.373438,27.484428,22.98242,20.95939,16.524324,14.220951,13.1506815,11.896781,9.818852,15.230918,14.138328,18.219236,19.772348
3,9.988833,6.496351,5.52178,0.0,3.915093,7.231145,9.257039,14.191573,16.262096,19.427755,22.8272,24.853168,27.751604,28.091743,24.987688,21.39676,19.733227,17.619602,16.872137,15.655155,13.909351,16.348063,17.010094,19.171183,21.029026,20.489344,22.122952,23.831444,23.65527,27.935602,25.40136,32.398273,31.811325,34.412643,29.831274,25.986908,27.560078,29.887877,25.122442,22.55681,26.254393,25.500519,20.981882,21.032211,25.26646,22.119572,16.521948,20.963003,23.59282,26.656454,27.015642,22.083172,28.42824,30.228964,28.094053,27.120066,24.839972,27.039196,31.256771,30.848299,28.379864,33.00546,36.53939,38.45344,34.83372,32.677357,36.702175,36.012993,30.779531,32.80838,34.983837,32.770744,28.613297,30.874405,28.280136,30.28647,26.52133,24.37275,23.34371,21.187836,17.98093,17.537773,13.35451,14.074818,16.735252,15.013368,19.002758,21.022245,24.226442,27.106047,28.491823,32.279526,33.785122,35.02038,37.469116,34.261677,31.368473,29.547884,25.041162,23.873137,18.694849,17.83568,13.240671,11.606126,9.644922,8.434517,5.813233,11.314644,11.62763,15.429938,18.085842
4,12.7338915,9.544913,6.9447427,3.915093,0.0,5.444903,5.890703,11.101528,13.576848,16.193121,19.86206,21.53085,24.508406,24.645044,21.641432,18.448648,16.588331,15.184997,13.935876,13.935591,12.668779,15.168628,17.146212,18.341463,19.622257,18.436165,20.235384,21.359503,21.328749,25.302145,23.045439,29.790947,28.917383,31.944517,27.70911,23.615711,25.3796,28.18723,23.532751,20.734499,24.83825,24.710978,20.014051,20.140749,24.758265,22.280283,16.774746,21.085854,24.25734,26.856356,27.114384,23.152683,29.345007,30.648434,28.68981,27.569447,24.722717,26.86875,31.418087,30.63445,27.551653,32.478798,35.71644,37.570045,33.603825,31.224325,35.33349,34.337883,29.276443,31.94082,33.744503,31.157433,27.40635,30.240677,27.735502,30.262787,26.701775,24.585424,24.34953,22.101152,19.422432,19.653122,15.088879,14.827888,16.510004,15.282117,18.003147,20.458479,23.149889,26.279587,27.370186,31.033192,32.95029,34.017113,36.589478,33.427765,30.405428,29.08318,24.830706,23.083214,18.001293,16.727612,11.692443,9.097962,6.6660137,5.0421968,4.5386224,9.666659,10.293674,14.478626,16.91412
5,14.978205,12.742077,8.832055,7.231145,5.444903,0.0,5.872425,7.89486,10.856275,13.528453,17.016426,19.094938,22.42524,23.207296,21.530928,17.813179,17.173277,16.015123,16.368511,16.675266,16.69349,19.629595,21.74433,21.869658,22.878704,21.414305,22.113096,22.795555,21.801804,25.833538,22.222721,29.067453,27.213491,30.029102,25.896818,21.610882,22.537477,25.726112,21.55526,18.296886,21.694704,22.702269,18.150116,17.000698,21.769176,20.678585,14.452067,17.7587,21.588554,23.688023,24.90145,21.59039,27.48919,28.667171,27.622541,27.309372,24.044216,26.92185,31.059217,29.20821,26.725086,32.09498,35.33549,36.594124,32.337547,30.507769,35.192657,34.492283,29.511576,32.436253,34.69138,32.27201,28.523432,31.907606,28.708817,31.768902,28.478277,25.59281,25.959894,22.633432,20.319466,20.173935,15.550829,15.56168,16.720028,17.231894,19.041876,22.8383,25.418184,28.907263,30.358086,33.82679,36.091885,37.486088,40.276752,37.49362,34.516575,33.55121,29.15758,27.786009,22.356457,21.65718,16.511745,13.5977335,10.283369,6.872104,3.9947603,7.3472695,5.7020946,10.108649,11.79162
6,18.499178,15.393769,12.372384,9.257039,5.890703,5.872425,0.0,6.1311207,8.06366,10.529591,14.117505,15.761034,18.63148,18.86271,16.210997,12.842927,11.506041,10.685719,10.5869875,11.668136,12.340317,15.285325,18.448023,17.405993,17.843405,15.93952,16.820162,17.166363,16.626896,20.4111,17.763765,24.349066,23.099798,26.310507,22.368383,18.083492,19.979162,23.178953,18.755339,15.752055,20.232447,20.848534,16.12221,16.37851,21.270687,19.827805,14.865741,18.759718,22.453426,24.30736,24.338455,21.979263,27.677883,28.218582,26.660019,25.553587,21.94351,24.172333,28.900465,27.413967,23.770647,29.088448,31.946243,33.53908,29.171244,26.731218,31.084555,29.931042,25.10901,28.508553,30.130976,27.316904,23.997309,27.696306,24.95854,28.310429,25.225473,22.820286,23.896852,21.163906,19.47899,20.543709,15.7603035,14.261445,14.286785,14.584596,15.054431,18.721607,20.702196,24.274776,25.371365,28.70116,31.250109,32.470715,35.335766,32.677326,29.663507,29.213245,25.107956,23.481962,18.160423,17.660332,12.574197,9.643302,5.704703,2.0496376,4.9872074,6.046202,7.86876,11.586587,14.056636
7,22.603205,20.153547,16.195168,14.191573,11.101528,7.89486,6.1311207,0.0,4.693123,5.681302,9.475717,11.227037,14.716247,15.628296,15.125735,11.806509,12.198048,12.633249,13.945408,15.972424,17.740963,20.691536,24.189425,22.143982,22.032232,19.6724,19.492004,18.850225,17.365921,20.614788,16.74228,22.843496,20.063915,23.4208,20.104567,15.453268,16.416777,20.570261,17.09358,13.452635,17.288004,19.868671,15.546776,14.439217,19.494143,20.213846,15.236287,17.54416,22.022758,22.858261,23.744413,22.902954,27.898708,27.92152,27.452555,27.07393,22.870358,25.654343,29.983494,27.205172,23.86054,29.639492,32.17101,33.04164,28.19454,26.254488,31.154398,30.106329,25.714703,29.732513,31.482527,28.675253,25.828897,30.280266,27.054342,31.088547,28.496502,25.532757,27.48397,23.92286,22.882496,23.834162,19.18529,17.689762,16.74637,18.765587,17.70526,22.528004,23.969032,27.80521,28.999645,31.925508,34.947704,36.319958,39.365673,37.123,34.167015,34.26239,30.301834,28.73517,23.496479,23.173357,18.2333,15.035883,11.392557,8.126318,9.126315,6.9997244,6.7164927,9.310375,10.189822
8,25.526922,22.650759,19.38482,16.262096,13.576848,10.856275,8.06366,4.693123,0.0,4.7920084,6.717813,9.572512,12.196657,13.59993,12.973538,8.502215,10.255519,9.954057,13.375591,14.4693165,17.295322,20.478188,23.751347,20.586802,20.290163,18.14105,16.732697,16.128561,13.7941675,17.286669,12.465594,18.888287,16.462982,19.271263,15.5725565,11.019563,12.190549,16.024527,12.421479,8.834303,13.087639,15.49008,11.313048,10.763022,15.689307,16.63533,12.776255,14.909941,19.17563,19.672571,19.939697,20.094221,24.591114,24.146784,23.732405,23.314867,18.862446,21.631,25.876871,22.884912,19.36562,25.200811,27.61762,28.384075,23.506132,21.647348,26.662056,25.795618,21.440994,25.49301,27.426838,24.850533,22.00367,26.674976,23.191395,27.514765,25.279985,22.116419,24.736301,20.987566,20.669418,22.133703,17.774391,15.643012,13.699713,16.722883,14.456068,19.894966,21.075876,25.000662,26.511532,29.192785,32.35172,34.064404,37.241936,35.490498,32.72332,33.14494,29.111908,28.291506,22.782698,23.588726,19.001333,16.56051,12.606545,9.752431,10.580316,6.033038,7.6695976,8.279859,10.19287
9,28.171064,25.54541,21.74703,19.427755,16.193121,13.528453,10.529591,5.681302,4.7920084,0.0,4.3500185,5.569278,9.082325,10.23484,11.169443,8.553404,10.297026,12.074783,14.239539,17.034046,19.834398,22.591658,26.641079,23.253239,22.38285,19.61487,18.60787,16.93329,15.034213,17.319113,13.377653,18.415024,14.843892,18.654837,16.234339,11.517637,12.598088,17.38803,14.795796,11.310137,15.227213,18.786892,15.133234,14.421121,19.060923,20.925587,17.413155,18.930738,23.369856,23.318344,23.745953,24.657446,28.792852,27.979603,27.865025,27.400568,22.769836,25.271967,29.55582,26.263681,22.354519,28.156376,30.030727,30.594582,25.43356,23.442593,28.332012,27.03409,23.303432,28.028639,29.326214,26.332338,24.33135,29.405476,26.290495,30.872992,28.90294,26.032526,28.97884,25.465792,25.306673,26.895145,22.49399,20.244045,18.067015,20.859327,17.931276,23.094173,23.61187,27.499432,28.500721,30.890497,34.375248,35.74392,38.911182,37.169403,34.340626,35.18176,31.61054,30.10536,25.183699,25.295063,20.861044,17.962215,14.611358,12.196581,14.144032,10.532525,11.248632,12.032266,12.454729
10,31.863817,29.131891,25.5452,22.8272,19.86206,17.016426,14.117505,9.475717,6.717813,4.3500185,0.0,3.8846774,6.1804123,8.57584,10.967715,8.18433,11.512347,13.039802,16.555536,18.757679,22.2147,25.038963,28.89961,24.718445,23.630648,21.021685,18.94254,17.022865,14.295261,16.148928,11.203951,15.561391,11.291093,14.702454,12.673405,8.1353,8.655785,13.773469,12.138392,8.954205,12.253675,16.607538,13.810324,13.076537,17.049812,19.953203,17.598707,18.240417,22.481537,21.717209,21.965559,24.211618,27.511225,26.13107,26.499405,26.274721,21.470373,23.98219,27.87328,24.004768,20.204153,25.962128,27.471272,27.59475,22.298285,20.668232,25.712423,24.607254,21.331861,26.219925,27.609211,24.877134,23.230846,28.571314,25.238811,30.122526,28.655653,25.601397,29.176535,25.447727,25.95213,27.768978,23.747095,21.254347,18.37765,22.005856,18.094582,23.636663,23.761183,27.627539,28.83589,30.834139,34.496006,36.12495,39.386932,38.153133,35.52377,36.72177,33.197037,32.22724,27.245455,28.082457,23.936737,21.460928,18.009256,15.717896,17.236502,12.658667,13.619867,12.989207,13.282358
11,33.655235,30.98075,27.207182,24.853168,21.53085,19.094938,15.761034,11.227037,9.572512,5.569278,3.8846774,0.0,4.058172,5.675224,9.562016,8.967359,11.610524,14.4343,16.780354,20.0736,23.399069,25.845047,30.246042,25.97943,24.490479,21.478886,19.91073,17.287369,15.253404,16.042217,12.626962,15.526203,10.738529,15.213363,14.416183,10.262822,11.223347,16.354694,15.166445,12.400659,15.691764,20.003626,17.320412,16.933685,20.785173,23.589575,21.312496,22.121586,26.349247,25.538134,25.627836,27.95697,31.25515,29.742424,29.986322,29.482285,24.67303,26.803112,30.878666,27.194218,22.938185,28.491076,29.598383,29.79632,24.463013,22.515059,27.174196,25.6047,22.827665,28.123453,28.854918,25.73374,24.765003,30.253181,27.396034,32.32877,30.975567,28.307108,31.975023,28.616388,29.110651,31.099264,26.954615,24.296713,21.386284,24.551453,20.38336,25.475292,25.132372,28.88887,29.61594,31.404945,35.2522,36.53269,39.736237,38.465767,35.80026,37.300396,34.188667,32.67076,28.225025,28.545162,24.637703,21.989286,19.05963,17.219223,19.572275,15.583512,16.531404,16.489706,16.45427
12,36.919132,34.00938,30.546083,27.751604,24.508406,22.42524,18.63148,14.716247,12.196657,9.082325,6.1804123,4.058172,0.0,3.4329808,8.545413,8.86785,12.078333,14.918329,17.813467,20.826075,24.589413,26.88098,31.258905,26.285116,24.45602,21.52816,19.305487,16.297266,14.0432825,13.865951,10.852674,12.099001,6.8798037,11.762202,11.981074,8.702785,10.082887,14.713195,14.297413,12.439204,15.475652,19.522606,17.560452,17.870993,21.034021,23.95196,22.807732,23.447762,27.252275,26.119816,25.57738,28.767323,31.47313,29.484936,29.731012,29.03883,24.238619,25.93663,29.857853,26.181545,21.597229,26.789467,27.35594,27.43585,22.129324,20.109732,24.46266,22.742418,20.628403,26.166603,26.525017,23.43806,23.140533,28.782923,26.14616,31.225843,30.358498,27.905497,32.065296,28.948378,29.975994,32.348526,28.497404,25.475697,22.034489,25.403654,20.385109,25.308437,24.382376,27.96611,28.61728,29.950165,33.964775,35.302006,38.52599,37.70625,35.244225,37.171078,34.320908,33.118847,28.906544,29.749968,26.307653,24.124243,21.334198,19.892588,22.402918,18.036161,19.579817,19.064957,19.387785
13,37.177067,34.185284,30.81745,28.091743,24.645044,23.207296,18.86271,15.628296,13.59993,10.23484,8.57584,5.675224,3.4329808,0.0,6.375398,8.82798,10.966536,14.651234,16.465742,20.196196,23.77794,25.69047,30.432598,25.444763,23.313597,20.123089,18.483286,15.013824,13.656723,12.686387,11.627024,12.115667,8.00668,13.448833,13.948576,10.911202,13.088702,17.320774,16.483164,14.805247,18.407461,21.784338,19.560053,20.412533,23.751108,25.973358,24.787422,25.98907,29.727142,28.89721,28.006037,30.81644,33.797405,31.878218,31.674562,30.539497,25.834196,27.10654,31.360458,28.23173,23.127897,28.088911,28.490889,28.95767,23.787533,21.24552,25.091114,22.892214,20.967033,26.688028,26.427366,22.938848,23.080011,28.676184,26.581453,31.545937,30.655317,28.66066,32.738102,30.104399,31.030342,33.607197,29.647545,26.438896,23.05867,25.814785,20.74933,25.079414,23.811586,27.24158,27.433512,28.661861,32.747955,33.741886,36.880844,35.96019,33.469616,35.59434,33.114372,31.48539,27.781889,28.271238,25.171432,23.057917,20.774166,19.876375,23.090141,19.236422,21.105528,21.192574,21.759575
14,34.31073,30.926598,28.28545,24.987688,21.641432,21.530928,16.210997,15.125735,12.973538,11.169443,10.967715,9.562016,8.545413,6.375398,0.0,5.5970964,5.6792326,9.818185,10.892493,14.679209,18.236086,19.826448,24.647165,19.491882,17.148798,13.869327,12.704343,9.04465,8.923128,8.124693,9.512539,11.373607,10.737899,15.492568,14.463858,11.50906,15.14153,18.328672,15.979315,14.706909,19.48622,20.938393,18.148378,20.29745,23.83225,24.23322,23.272337,25.681149,28.961243,28.951809,27.18631,28.989428,32.50995,30.9132,29.666151,27.720505,23.343409,23.945314,28.793028,26.896374,21.073658,25.719316,26.390373,27.779812,22.993874,19.579483,22.865446,20.283745,17.725697,23.274181,22.60417,18.704939,18.632708,23.940557,22.454365,27.073332,25.939102,24.585024,28.36115,26.54378,27.328264,30.280895,26.37771,22.831886,19.568266,21.311329,16.28873,19.70273,18.228865,21.548857,21.444155,22.900602,26.895521,27.726835,30.839445,29.694653,27.141294,29.231194,26.87033,25.20904,21.73426,22.437948,19.85288,18.396389,16.568834,16.633038,20.541174,17.316162,20.287043,21.063913,22.791965
15,31.135857,27.681185,25.191132,21.39676,18.448648,17.813179,12.842927,11.806509,8.502215,8.553404,8.18433,8.967359,8.86785,8.82798,5.5970964,0.0,4.4625397,6.0784597,10.143255,12.051103,16.067316,18.512682,22.550571,17.497435,15.922335,13.282308,10.994738,8.849995,6.6329985,8.957755,6.253199,11.640977,10.988214,14.534632,11.634996,7.8896937,11.592724,14.585256,11.276592,9.635379,14.82379,15.90117,12.701724,14.89949,18.592716,18.78776,17.706182,20.175728,23.407053,23.581951,21.921331,23.461864,27.12992,25.757761,24.577608,22.947119,18.428886,19.643929,24.437729,22.28113,16.883091,22.087923,23.490149,24.78948,19.912909,16.872263,21.023226,19.223217,15.550891,20.632288,21.20049,17.920124,16.401028,21.69764,19.226517,23.955027,22.499645,20.40218,24.114353,21.647255,22.40484,25.176075,21.308977,17.85754,14.490207,16.998695,12.076818,16.69749,16.1684,19.93551,20.802652,22.789007,26.489178,27.976023,31.226301,30.047647,27.483812,28.948093,25.723753,24.92867,20.289156,21.788593,18.507448,17.103134,14.218183,13.490545,16.435158,12.450394,15.736945,16.06321,18.318012
16,29.202417,25.639294,23.423199,19.733227,16.588331,17.173277,11.506041,12.198048,10.255519,10.297026,11.512347,11.610524,12.078333,10.966536,5.6792326,4.4625397,0.0,4.8386264,5.93104,9.358578,12.838742,14.844769,19.4696,14.817474,13.048336,9.881985,9.384886,7.190601,7.411626,9.490024,9.75343,14.459429,14.650846,18.51132,15.767306,12.306883,16.02512,18.832088,15.10323,13.492309,18.865871,19.207285,15.564819,18.03075,21.99642,21.085169,19.479795,22.789051,25.924324,26.69663,24.88797,25.326843,29.593372,28.625563,26.802055,24.656853,20.527117,21.280405,26.475307,25.213854,19.583529,24.405706,25.921076,27.775393,23.237741,19.761173,23.263548,21.08134,17.29694,22.096102,22.111017,18.426268,16.923254,21.735003,20.013386,24.240623,22.391556,20.968065,24.051886,22.340504,22.574568,25.411352,21.359625,17.895332,15.177789,16.206797,12.132311,15.49254,14.955345,18.553112,18.827045,21.133263,24.694115,25.70821,28.827826,27.135075,24.361118,25.698822,22.703936,21.178806,16.943087,17.780144,14.715768,13.412578,11.250534,11.574476,15.6009655,13.000536,16.545134,17.944014,20.434237
17,27.450834,23.640163,22.111118,17.619602,15.184997,16.015123,10.685719,12.633249,9.954057,12.074783,13.039802,14.4343,14.918329,14.651234,9.818185,6.0784597,4.8386264,0.0,6.58442,6.095119,10.337222,13.041439,16.594416,11.714318,10.711204,8.670109,6.8877835,7.0459332,6.1557846,10.36091,9.122286,15.323987,16.454687,19.111439,15.166237,12.123523,15.761152,17.53071,12.978968,11.806757,17.181057,16.081963,12.240644,15.445635,19.143473,17.044092,15.853117,19.694696,22.274866,23.520742,21.2737,21.091372,25.514717,24.823393,22.541243,20.214949,16.328894,17.084904,22.379763,21.637774,16.234598,20.991863,23.08802,25.210415,21.039762,17.677153,21.276049,19.649597,15.045572,19.027205,19.84473,16.73112,13.982357,18.398447,16.193316,20.226877,18.057858,16.370962,19.288164,17.537472,17.803326,20.7999,16.9754,13.296622,10.482108,11.52744,7.4413495,11.369041,11.6825075,15.533734,16.645763,19.372463,22.5476,24.122972,27.30391,25.690287,23.027472,23.862497,20.183535,19.766848,14.584502,16.712826,13.573344,13.095773,10.304019,10.505141,13.503107,10.707557,14.993515,16.074356,19.401184
18,25.734125,22.009266,20.554142,16.872137,13.935876,16.368511,10.5869875,13.945408,13.375591,14.239539,16.555536,16.780354,17.813467,16.465742,10.892493,10.143255,5.93104,6.58442,0.0,6.157824,7.9114695,9.355486,14.512778,11.115041,9.751541,6.5283165,9.256325,8.787795,10.905956,13.26442,14.735081,19.555206,20.505259,24.156485,21.009588,17.718418,21.354773,23.772623,19.43267,17.868069,23.29718,22.607122,18.554375,21.232103,25.342094,22.981306,20.809662,25.064648,27.875616,29.473293,27.537233,26.408087,31.376217,31.057858,28.464043,25.846222,22.401642,22.768774,28.212475,28.05205,22.57379,26.913853,28.826977,31.271242,27.24482,23.564882,26.493664,24.287138,20.16553,24.066267,23.920816,20.26277,18.253729,21.955454,20.94045,24.223696,21.728807,21.034672,22.9445,22.162453,21.591526,24.313444,20.242956,17.052591,15.550348,14.501559,12.488051,13.91683,14.016583,17.165176,16.976755,19.93074,22.872972,23.428322,26.28042,23.761421,20.717802,21.382391,18.36685,16.044182,11.993954,11.936891,8.983376,8.260253,7.4306355,9.6137705,14.320399,13.830614,17.50945,19.942034,22.85459
19,24.841875,20.756765,20.452631,15.655155,13.935591,16.675266,11.668136,15.972424,14.4693165,17.034046,18.757679,20.0736,20.826075,20.196196,14.679209,12.051103,9.358578,6.095119,6.157824,0.0,4.587986,7.332038,10.51419,6.2675114,6.3324046,5.5802445,6.7538905,9.162632,10.373281,14.135705,14.580236,20.283278,22.291283,24.730034,20.60044,17.99724,21.54132,22.72817,17.85508,17.009691,22.127378,19.752977,15.890556,19.354591,22.842958,18.991869,17.654408,22.430643,24.336046,26.476234,23.894852,21.998325,26.979544,26.979557,23.720247,20.732494,17.943445,17.967731,23.395329,24.16186,19.072105,22.896751,25.344086,28.151499,24.762918,21.235876,23.937515,22.336142,17.5719,20.255049,20.865824,17.966705,14.682052,17.497074,16.25015,18.956575,16.039595,15.425489,16.866938,16.542723,15.984036,19.043737,15.498103,12.034915,10.825777,8.710626,7.6784644,8.257891,9.635579,12.875539,13.754455,17.239084,19.592745,20.905989,23.825075,21.517601,18.706009,18.716673,14.678728,14.299001,8.642882,11.349307,8.862401,10.055029,8.516646,10.441296,13.434608,12.906167,17.243666,19.132988,22.894226
20,22.050728,17.945776,18.397348,13.909351,12.668779,16.69349,12.340317,17.740963,17.295322,19.834398,22.2147,23.399069,24.589413,23.77794,18.236086,16.067316,12.838742,10.337222,7.9114695,4.587986,0.0,3.610318,6.9312973,6.0978594,7.435271,7.4720907,10.683653,13.073389,14.879551,18.29886,19.12434,24.742863,26.610802,29.258518,25.126324,22.33885,25.722776,27.071583,22.095081,21.000103,26.026003,23.586454,19.556902,22.62337,26.260462,21.914824,19.856863,24.975351,26.783804,29.393719,27.08874,24.070726,29.496775,30.024775,26.495987,23.476887,21.257078,21.243544,26.513796,27.769094,23.089016,26.624071,29.261965,32.239723,29.089619,25.616205,28.07682,26.487019,21.77333,23.918074,24.438799,21.656002,18.35787,20.232786,19.48588,21.298876,17.959059,17.858358,17.978289,18.324165,16.862698,19.409712,15.947059,13.297909,13.56162,9.854699,11.438073,10.406196,12.363584,14.739604,15.158676,18.927887,20.562796,21.392487,23.921532,20.851446,17.881466,16.947823,12.80537,11.591696,5.828161,7.454068,4.9835253,7.5595937,7.6012554,10.56242,13.474801,14.772402,18.618906,21.219387,24.926096
21,23.471224,19.485268,20.330679,16.348063,15.168628,19.629595,15.285325,20.691536,20.478188,22.591658,25.038963,25.845047,26.88098,25.69047,19.826448,18.512682,14.844769,13.041439,9.355486,7.332038,3.610318,0.0,5.75496,6.2969475,7.27034,7.625931,12.069339,14.250842,16.887226,19.61798,21.576498,26.54474,28.780153,31.6037,27.768366,25.141058,28.730146,30.053673,25.180113,24.234188,29.34527,26.811346,22.928156,26.15077,29.719402,25.248722,23.4295,28.564758,30.260992,32.898575,30.39283,27.362608,32.68848,33.190693,29.437761,26.132343,24.185242,23.702686,28.968271,30.665688,25.770006,28.886982,31.279263,34.497036,31.54822,27.841476,29.773804,27.9094,23.541533,25.560976,25.471254,22.54681,19.760979,21.130814,21.216639,22.55929,19.36393,20.043991,19.892048,21.026886,19.601366,22.184912,19.054026,16.535084,16.848848,12.7719345,14.22684,11.930444,13.251429,14.859258,14.455987,18.149227,19.447277,19.678217,21.915016,18.395422,15.31614,14.191573,10.629704,8.237873,3.6183484,4.189186,4.5592403,8.338812,9.974121,13.414987,16.643301,18.26416,21.990211,24.74606,28.354774
22,23.079908,19.087208,21.280218,17.010094,17.146212,21.74433,18.448023,24.189425,23.751347,26.641079,28.89961,30.246042,31.258905,30.432598,24.647165,22.550571,19.4696,16.594416,14.512778,10.51419,6.9312973,5.75496,0.0,6.8532343,9.640736,11.81133,14.900743,18.099293,20.148369,23.353182,24.685032,29.975794,32.66389,34.79789,30.462244,28.242981,31.608099,32.20293,27.171896,26.611635,31.273138,27.723276,24.170513,27.540792,30.556751,25.03383,23.680473,29.00347,29.867903,33.015846,30.249529,26.224335,31.487637,32.490204,28.22064,24.758875,23.843826,23.058535,27.853077,30.488764,26.35292,28.732733,31.503992,34.948692,32.68578,29.277563,30.861132,29.525589,24.985592,25.71696,26.163761,24.061804,20.599882,20.561565,20.803738,20.905466,17.341772,18.52094,16.91703,19.065935,17.219177,19.556353,17.423826,15.565442,16.926859,11.721093,15.207276,11.538231,13.933293,14.637476,14.942212,18.76568,18.91516,19.552004,21.421438,17.903023,15.318526,12.773948,8.170593,8.493563,4.022941,7.311569,8.651463,12.553555,13.67675,16.56342,18.311125,20.353752,24.002106,26.480434,30.444443
23,27.229776,23.055191,24.036764,19.171183,18.341463,21.869658,17.405993,22.143982,20.586802,23.253239,24.718445,25.97943,26.285116,25.444763,19.491882,17.497435,14.817474,11.714318,11.115041,6.2675114,6.0978594,6.2969475,6.8532343,0.0,3.3948965,6.471085,8.299347,11.841981,13.891291,16.893873,18.717714,23.480082,26.750427,28.62522,24.53234,22.809317,26.492727,26.748741,21.9756,21.944,26.717897,23.084085,19.92207,23.983616,26.720285,21.692062,21.525766,26.489195,27.431126,29.942675,26.568449,24.147915,28.76411,28.93815,24.817547,21.046232,19.515074,18.271242,23.459267,25.82558,20.874672,23.25977,25.58935,29.057917,26.655588,22.957531,24.372307,22.802608,18.400143,19.670485,19.74553,17.339495,14.102382,14.912263,15.206097,16.316973,13.308901,14.500473,14.8968115,16.677694,16.239157,19.636024,17.28537,14.069661,13.5425,9.602176,10.016336,5.975231,7.3711705,8.891749,9.487725,13.379286,14.680201,15.939852,18.592487,16.108538,13.502678,12.984223,8.625544,9.88915,4.5009537,9.962255,10.345153,13.445144,13.378938,15.902581,18.31368,18.434837,22.753767,24.491701,28.523563
24,29.414251,25.2731,25.722038,21.029026,19.622257,22.878704,17.843405,22.032232,20.290163,22.38285,23.630648,24.490479,24.45602,23.313597,17.148798,15.922335,13.048336,10.711204,9.751541,6.3324046,7.435271,7.27034,9.640736,3.3948965,0.0,3.7632043,6.1559725,9.14659,11.9522705,14.230389,17.139189,21.180746,24.674957,26.800028,23.175447,21.560625,25.50624,25.927511,21.428467,21.481575,26.441114,23.227436,20.186903,24.369576,27.16921,22.774746,22.828918,27.529465,28.754652,30.865936,27.39886,25.847609,30.189224,29.92719,26.050451,22.251917,20.27532,18.86841,24.193985,26.2208,20.699038,23.154768,24.997694,28.437735,25.821564,21.82642,23.048376,21.022924,17.006039,19.009346,18.354837,15.37797,12.9797125,14.535532,15.216802,16.944948,14.560818,15.811979,17.162722,18.668608,18.718433,22.287403,19.714638,16.175068,14.822316,11.8832035,10.389949,7.083721,6.502572,8.275012,7.953261,11.575295,13.682129,14.643638,17.51961,15.288578,12.576117,13.19344,9.878018,10.192532,6.2500496,10.639742,11.184994,13.858239,13.893837,16.484337,19.585274,19.140057,23.543657,25.197088,29.028608
25,29.152126,25.118942,24.846231,20.489344,18.436165,21.414305,15.93952,19.6724,18.14105,19.61487,21.021685,21.478886,21.52816,20.123089,13.869327,13.282308,9.881985,8.670109,6.5283165,5.5802445,7.4720907,7.625931,11.81133,6.471085,3.7632043,0.0,5.5175295,6.8788404,10.2964735,12.207762,15.478458,19.401327,22.307575,25.065191,21.814945,19.742014,23.779533,24.883797,20.529776,20.150421,25.380722,23.102062,19.774769,23.611109,26.848461,23.311575,22.778866,27.279202,29.108656,30.908783,27.84931,26.771101,31.233963,30.772123,27.377731,23.922062,21.262129,20.36494,25.827406,27.007185,21.19476,24.32908,25.976685,29.088816,25.893284,21.81735,23.521866,21.175629,17.29329,20.351334,19.51558,15.967308,14.149429,16.868973,17.084282,19.631157,17.428833,18.011103,19.893263,20.55351,20.558554,23.964788,20.801569,17.191439,15.466025,13.384972,10.990776,9.7008,8.7659235,11.1986685,10.52641,13.600413,16.368765,16.964165,19.873972,17.619535,14.738418,15.82294,13.053806,11.8457575,8.294156,10.742613,10.388772,12.145471,12.136056,14.721108,18.5462,17.870977,22.138733,23.981651,27.477192
26,31.530785,27.448553,26.96113,22.122952,20.235384,22.113096,16.820162,19.492004,16.732697,18.60787,18.94254,19.91073,19.305487,18.483286,12.704343,10.994738,9.384886,6.8877835,9.256325,6.7538905,10.683653,12.069339,14.900743,8.299347,6.1559725,5.5175295,0.0,4.2112274,5.903825,8.709661,11.114365,15.201675,18.78409,20.657116,17.109358,15.77724,19.841312,20.14589,15.9782295,16.358957,21.255293,18.475273,15.800917,20.170216,22.756239,19.442513,20.170193,24.164295,25.645199,27.037615,23.498423,23.4997,27.237364,26.288933,23.06665,19.624313,16.71306,15.616939,21.033266,21.977913,15.920569,19.033606,20.571579,23.590849,20.403856,16.324232,18.190756,16.09017,11.873402,15.206513,14.80747,11.438609,9.130388,12.917142,12.377963,15.826421,14.205167,14.238167,17.379404,17.502775,18.500467,22.27513,19.482246,15.44445,12.530864,12.075099,7.283462,7.490516,5.667217,9.193011,9.949734,12.489786,15.779785,17.448603,20.703272,19.609146,17.276815,18.757633,15.646429,16.23935,12.033431,15.768157,14.740468,16.017382,14.635515,16.100206,19.07066,16.905449,21.409767,22.237211,25.868597
27,33.32822,29.390108,28.247385,23.831444,21.359503,22.795555,17.166363,18.850225,16.128561,16.93329,17.022865,17.287369,16.297266,15.013824,9.04465,8.849995,7.190601,7.0459332,8.787795,9.162632,13.073389,14.250842,18.099293,11.841981,9.14659,6.8788404,4.2112274,0.0,4.4707747,5.3711863,9.593644,12.542034,15.838128,18.464289,15.804599,14.278342,18.547089,19.530428,15.957926,16.073631,21.095882,19.509834,16.903887,20.852005,23.67846,21.559237,21.985899,25.510353,27.53241,28.409466,25.21005,26.047888,29.599087,28.279024,25.63894,22.54764,19.106403,18.332605,23.594652,23.692667,17.352983,20.825024,21.772688,24.384874,20.684717,16.490246,18.518978,15.863359,12.457939,16.983631,15.92004,11.914474,11.187593,15.759891,15.267948,19.199934,18.041533,17.824522,21.366411,20.99862,22.071276,25.698355,22.552443,18.545208,15.319332,15.6503725,10.40011,11.693967,9.450915,12.547422,12.490114,14.249943,18.072796,19.254753,22.484251,21.525404,19.155151,21.24176,18.779966,18.380003,14.886382,17.480858,16.236021,16.748787,15.432379,16.721764,20.31302,17.73795,21.965158,22.789122,25.917953
28,33.52206,29.656403,28.24421,23.65527,21.328749,21.801804,16.626896,17.365921,13.7941675,15.034213,14.295261,15.253404,14.0432825,13.656723,8.923128,6.6329985,7.411626,6.1557846,10.905956,10.373281,14.879551,16.887226,20.148369,13.891291,11.9522705,10.2964735,5.903825,4.4707747,0.0,4.985074,5.3733673,9.951644,12.971898,14.922942,11.592659,10.210756,14.430809,15.1002445,11.532602,11.958611,16.773262,15.276775,12.981245,16.977953,19.506056,18.000916,18.90795,21.884007,23.889906,24.396132,21.232668,22.857655,26.001902,24.407808,22.242718,19.607176,15.696859,15.466009,20.524063,19.807423,13.532138,17.648067,18.773443,20.934847,16.825386,12.909389,15.95553,13.870184,9.897905,14.857606,14.882314,11.489601,10.007557,15.342767,13.5402355,18.190197,17.234877,16.006596,20.184738,18.864584,20.373486,23.913105,20.861197,16.844978,12.97739,14.839613,8.646872,11.996878,10.40523,13.944849,14.98252,16.632809,20.368557,22.199137,25.51989,24.936739,22.737158,24.563272,21.546968,21.867067,17.52346,20.538975,18.510662,18.589031,16.297081,16.61742,19.3713,15.757857,19.898886,19.943583,23.044529
29,37.667995,33.836136,32.24471,27.935602,25.302145,25.833538,20.4111,20.614788,17.286669,17.319113,16.148928,16.042217,13.865951,12.686387,8.124693,8.957755,9.490024,10.36091,13.26442,14.135705,18.29886,19.61798,23.353182,16.893873,14.230389,12.207762,8.709661,5.3711863,4.985074,0.0,7.403611,7.4604645,11.607961,13.992948,12.509766,12.003124,16.214928,16.949162,14.645404,15.34839,19.72092,18.88945,17.262304,21.009586,23.252333,22.4412,23.66157,26.24245,28.292763,28.366863,25.11628,27.491413,30.140823,28.127407,26.178118,23.466793,19.710732,18.956272,23.655771,22.917044,16.464207,19.801676,19.858252,21.90271,17.923004,13.774189,15.753087,12.753904,10.642779,16.17202,14.69777,10.67967,11.597776,16.895414,16.161713,20.680815,20.433174,19.87075,24.26319,23.397943,25.138065,28.788994,25.825352,21.786606,17.90515,19.525087,13.352523,15.577387,12.867177,15.625813,15.71341,16.359642,20.517626,21.87436,25.105593,24.981264,22.996592,25.63589,23.524685,23.410088,20.177876,22.786655,21.406221,21.475563,19.777748,20.41427,23.723146,20.174625,24.072931,24.125208,26.78774
30,35.371075,31.75186,29.768753,25.40136,23.045439,22.222721,17.763765,16.74228,12.465594,13.377653,11.203951,12.626962,10.852674,11.627024,9.512539,6.253199,9.75343,9.122286,14.735081,14.580236,19.12434,21.576498,24.685032,18.717714,17.139189,15.478458,11.114365,9.593644,5.3733673,7.403611,0.0,7.360879,8.860792,10.171807,6.435735,5.099665,9.297391,10.111044,7.43168,8.123614,12.321748,12.222958,10.723824,13.994774,16.123642,16.513268,17.73366,19.46567,21.75358,21.37786,18.685568,21.797142,24.198393,22.080948,21.038422,19.369835,14.876188,15.606933,19.894283,17.553217,11.787513,16.67198,17.595968,18.693546,13.809087,10.715342,15.082952,13.669917,10.23771,15.525544,16.429626,13.825084,12.573811,18.16968,15.321083,20.442757,19.899988,17.669998,22.328247,19.861055,21.737255,24.906559,21.913746,18.207348,13.964352,17.466202,11.262875,16.022005,14.911038,18.402885,19.879755,21.190996,24.925678,27.031,30.367205,30.10427,28.017765,29.831045,26.629345,27.109188,22.431515,25.289259,22.61901,22.028515,19.062529,18.350637,20.324673,15.620192,19.099531,18.125353,20.660849
31,42.32277,38.683735,36.596176,32.398273,29.790947,29.067453,24.349066,22.843496,18.888287,18.415024,15.561391,15.526203,12.099001,12.115667,11.373607,11.640977,14.459429,15.323987,19.555206,20.283278,24.742863,26.54474,29.975794,23.480082,21.180746,19.401327,15.201675,12.542034,9.951644,7.4604645,7.360879,0.0,6.472348,7.0849643,7.895912,9.542711,12.655305,12.724143,12.839246,14.302095,16.986855,17.438057,17.343105,20.317293,21.514965,22.695894,24.779474,25.873148,27.863005,26.805164,23.823101,28.132397,29.492243,26.674679,25.966978,24.186167,20.160667,19.925665,23.45178,21.187483,15.488728,18.738958,17.874096,18.537771,14.081262,10.9780445,13.573234,11.231619,10.976679,16.679668,15.870411,13.178027,14.702141,20.15481,18.498903,23.457766,24.004627,22.609388,27.694897,25.891043,28.270742,31.686232,29.017279,25.200422,20.848703,24.005152,17.457228,20.921936,18.521088,21.173393,21.901012,21.946756,26.01475,27.806505,31.003584,31.561523,29.88396,32.620106,30.36096,30.732346,27.124556,29.917578,28.00599,27.57473,25.1927,24.8931,27.404884,22.789804,26.02757,24.921307,26.886143
32,41.484985,38.226395,35.36179,31.811325,28.917383,27.213491,23.099798,20.063915,16.462982,14.843892,11.291093,10.738529,6.8798037,8.00668,10.737899,10.988214,14.650846,16.454687,20.505259,22.291283,26.610802,28.780153,32.66389,26.750427,24.674957,22.307575,18.78409,15.838128,12.971898,11.607961,8.860792,6.472348,0.0,5.5261583,7.7925644,7.56592,9.332727,11.717932,12.722694,12.817313,14.960016,17.912535,17.424837,18.83303,20.578646,23.435867,24.265327,24.587446,27.453632,25.896067,24.25085,28.740076,30.318111,27.61278,27.861397,26.958946,22.413172,23.376547,26.754538,23.179447,18.375198,22.692793,22.360384,22.172085,17.089128,15.152438,18.94659,17.270348,16.371002,21.938372,21.961636,19.344322,19.982643,25.615007,23.203327,28.363785,28.377832,26.202118,31.052694,28.299288,30.219992,33.083393,29.915976,26.504213,22.393066,26.125263,20.09073,24.652834,22.995846,26.167986,26.982216,27.560608,31.649248,33.3099,36.546402,36.581284,34.560093,36.98069,34.381523,34.09173,30.06127,32.02106,29.25771,27.91017,25.152521,24.10754,26.398762,21.524012,23.816628,22.52536,23.496586
33,44.22301,40.892292,38.34037,34.412643,31.944517,30.029102,26.310507,23.4208,19.271263,18.654837,14.702454,15.213363,11.762202,13.448833,15.492568,14.534632,18.51132,19.111439,24.156485,24.730034,29.258518,31.6037,34.79789,28.62522,26.800028,25.065191,20.657116,18.464289,14.922942,13.992948,10.171807,7.0849643,5.5261583,0.0,5.574981,8.512072,9.007329,8.802047,11.618758,13.098112,13.567598,15.943946,16.95235,18.487608,18.83007,22.137667,24.319996,23.909931,26.01239,23.93513,21.871792,27.4837,27.92185,24.70138,25.424156,24.889217,20.668318,21.51217,23.93391,19.934673,15.897939,19.52096,18.696478,17.746666,12.841714,11.972771,15.7672825,14.992131,14.857348,19.723343,20.316278,18.739815,19.394423,24.687372,21.934711,27.015202,27.62762,25.24488,30.417942,27.52434,30.040308,32.914703,30.393074,27.07038,22.742283,27.032099,20.852636,25.447405,23.817167,26.721256,28.060154,28.311586,32.189342,34.333378,37.568726,38.15513,36.44477,38.86065,36.105476,36.6912,32.41354,35.17566,32.530552,31.56077,28.529129,27.323347,28.89133,23.6278,25.956905,23.852325,24.991951
34,39.6827,36.2804,34.06112,29.831274,27.70911,25.896818,22.368383,20.104567,15.5725565,16.234339,12.673405,14.416183,11.981074,13.948576,14.463858,11.634996,15.767306,15.166237,21.009588,20.60044,25.126324,27.768366,30.462244,24.53234,23.175447,21.814945,17.109358,15.804599,11.592659,12.509766,6.435735,7.895912,7.7925644,5.574981,0.0,4.7324266,6.106213,4.862517,6.155654,8.25025,9.373429,10.666547,11.470955,13.583876,14.063665,16.67166,19.007778,18.982029,20.929668,19.322487,16.914392,22.06402,22.929571,20.006992,20.343575,19.762257,15.332727,16.58006,19.364113,15.408715,11.077326,15.664267,15.953541,15.547033,10.194951,8.988703,14.070508,13.799263,11.803559,16.397999,18.048944,16.65019,15.86224,21.12205,17.684347,22.82433,23.008455,20.200176,25.229923,22.065105,24.521816,27.346565,24.908897,21.638826,17.321098,21.856688,15.923251,20.954058,19.960344,23.12684,24.993917,25.81197,29.43556,31.887789,35.19772,35.484646,33.665936,35.572098,32.31161,33.28596,28.4711,31.581676,28.735092,27.956839,24.64719,23.31206,24.375261,19.048773,21.68731,19.47171,21.289736
35,35.75456,32.478718,29.914837,25.986908,23.615711,21.610882,18.083492,15.453268,11.019563,11.517637,8.1353,10.262822,8.702785,10.911202,11.50906,7.8896937,12.306883,12.123523,17.718418,17.99724,22.33885,25.141058,28.242981,22.809317,21.560625,19.742014,15.77724,14.278342,10.210756,12.003124,5.099665,9.542711,7.56592,8.512072,4.7324266,0.0,4.300311,7.000763,5.72611,5.3000517,8.504961,11.072742,9.955428,11.443266,13.590852,16.11985,16.734829,17.212004,20.091158,18.949884,17.401035,21.313759,23.366217,21.11276,21.265238,20.697721,15.915745,17.782583,21.309263,17.485653,13.090155,18.497393,19.55009,19.599617,14.284006,12.634984,17.782408,17.067968,14.087389,18.916216,20.534395,18.447,17.030964,22.459587,18.956837,24.091078,23.481379,20.49435,25.019611,21.578056,23.30949,25.878078,22.773645,19.614216,15.605358,19.98377,14.527055,20.058023,19.558052,23.151964,24.843824,26.248762,29.91361,32.09598,35.43476,35.084797,32.91701,34.518795,31.05594,31.385237,26.359566,28.810505,25.484709,24.228107,20.782701,19.18153,20.40985,15.116423,17.589354,15.817911,17.530565
