,0,1,2,3,4,5,6,7,8,9,10,11,12,13,14,15,16,17,18,19,20,21,22,23,24,25,26,27,28,29,30,31,32,33,34,35,36,37,38,39,40,41,42,43,44,45,46,47,48,49,50,51,52,53,54,55,56,57,58,59,60,61,62,63,64,65,66,67,68,69,70,71,72,73,74,75,76,77,78,79,80,81,82,83,84,85,86,87,88,89,90,91,92,93,94,95,96,97,98,99,100,101,102,103,104,105,106,107,108
0,0.0,4.3978844,7.0398693,9.560377,12.530677,14.340196,17.316599,20.638952,23.124737,25.957533,28.896387,31.667635,34.842697,37.097984,33.709995,29.962948,29.368118,26.707077,27.442007,25.328186,26.186014,28.71791,28.211329,30.659008,29.533417,30.214561,29.917301,32.46016,31.864805,36.052013,32.498917,39.13065,36.39979,39.621723,36.092106,31.887875,31.6678,35.031532,31.545822,28.106176,30.019276,31.931534,28.003521,25.300722,29.445263,29.45702,24.5665,24.41158,28.190884,29.961143,32.737568,29.089819,34.02316,36.044483,35.712635,36.556023,33.605453,37.2493,40.203335,37.43089,36.181698,41.793324,44.30014,45.943485,41.276127,39.38803,44.281944,43.174107,38.68295,42.426716,44.07431,41.10646,38.43893,41.776936,38.917492,43.022743,40.411606,36.445972,38.32119,33.287567,32.86094,31.459314,29.149832,28.075262,27.871492,24.342384,23.321245,22.693802,20.620485,18.565231,17.775084,17.369184,14.768433,17.860203,20.526731,26.147736,25.36501,20.571268,23.290878,27.15099,27.749207,29.24957,32.384266,31.258425,35.489044,33.470966,38.173138,38.1859,42.511944
1,4.3978844,0.0,4.8929663,6.9497595,9.102999,12.178704,14.165313,18.112005,20.67263,23.407097,26.647738,29.179264,32.433567,34.382256,30.497314,26.970798,25.94746,23.239368,23.60103,21.341013,21.920782,24.390476,23.813524,26.381662,25.403448,26.189404,26.225037,28.831924,28.607626,32.732643,29.781446,36.395145,34.19833,37.543877,33.81426,29.610975,29.934784,33.256035,29.381014,26.016758,28.59827,30.003191,25.778133,23.756197,28.19798,27.517054,22.489313,23.43632,27.1708,29.193834,31.302607,27.453806,32.826027,34.733143,33.874443,34.201904,31.17999,34.559532,37.91757,35.56293,33.71581,39.39374,41.72885,43.702557,39.23437,37.047806,41.702053,40.4782,35.893093,39.48295,40.948425,37.907578,35.255924,38.294403,35.722633,39.656666,36.84975,33.047234,34.733288,29.936283,29.323305,28.066336,25.42936,24.578844,24.765488,20.901127,19.61392,19.6519,17.707727,15.126473,14.42022,14.896961,12.253066,15.550734,18.193087,23.438438,23.27852,18.888283,21.158657,24.89839,25.988903,27.690107,30.358677,29.01485,32.82433,30.572844,35.22396,34.97242,39.263683
2,7.0398693,4.8929663,0.0,5.437679,6.9871287,8.214531,11.798792,14.378807,17.60743,19.746319,23.099579,25.470196,28.932838,31.02837,27.575293,24.384506,23.416296,21.440163,21.312445,20.236485,20.93752,23.843414,23.592693,25.492466,24.633009,24.76791,25.090885,27.058657,26.833954,30.57578,27.669947,33.955353,31.127193,34.894756,31.656883,27.223291,27.54022,31.438904,27.891907,24.277308,27.070808,29.331905,25.055573,22.959768,27.710857,27.861061,22.735664,23.686518,27.939274,29.39752,31.429985,28.62394,33.825825,35.197807,34.62299,34.833336,31.318039,34.666058,38.26881,35.436035,33.111492,38.874664,40.86857,42.952244,38.305553,35.79964,40.308685,38.716537,34.48964,38.639538,39.58956,36.211266,34.194637,37.564663,35.283897,39.43489,36.723568,33.081078,35.338455,30.549358,30.328255,29.729313,26.523178,25.298779,26.029331,22.900877,20.163118,20.486357,19.59093,16.96898,15.243743,16.019215,14.989872,18.266378,21.42425,25.971577,26.646448,22.203114,23.171928,27.16254,29.022627,31.100464,33.514874,31.770344,35.5975,32.573883,37.252876,36.456955,40.650654
3,9.560377,6.9497595,5.437679,0.0,3.75461,6.386056,7.8187046,11.848157,13.857801,16.991825,19.946915,22.71359,25.752052,27.816175,24.274801,20.415602,19.930769,17.29546,18.557629,16.688547,18.43641,21.364902,22.088074,22.853498,21.287184,21.491419,20.872734,23.128263,22.411886,26.5234,23.096182,29.67386,27.29241,30.610191,26.991764,22.723875,23.046808,26.548712,22.807926,19.30515,22.10062,23.975103,19.702099,17.689482,22.4541,22.43587,17.311155,18.508593,22.741072,24.253668,26.05072,23.368382,28.570152,29.84195,29.236288,29.483644,25.934484,29.371464,32.872597,30.009552,27.800354,33.54623,35.665478,37.652332,33.03043,30.657965,35.29809,33.933178,29.55075,33.587543,34.844543,31.699299,29.36122,32.921535,30.311367,34.598434,32.09653,28.2681,30.847965,25.773573,25.920164,25.525394,22.45986,20.723629,21.270058,19.077923,15.857178,15.513109,15.109275,13.045652,10.596741,10.947992,11.226397,14.235205,17.904205,21.829208,23.078506,18.533262,18.387074,22.53155,24.908808,27.333378,29.572802,27.513899,31.631832,28.083105,32.821125,31.909334,36.08382
4,12.530677,9.102999,6.9871287,3.75461,0.0,5.5219226,5.1913543,9.692565,12.075835,14.721934,18.11205,20.45506,23.669867,25.403212,21.3966,17.986021,16.908405,14.532816,15.025202,13.502282,14.961006,18.022419,18.815102,19.420904,18.097319,18.14475,18.119892,20.186165,19.97927,23.846869,21.238277,27.62053,25.640753,29.244276,25.623766,21.320257,22.296339,25.896688,21.902214,18.483072,22.06117,23.612398,19.098343,17.957575,22.934286,22.432215,17.341114,19.661999,23.777178,25.329119,26.40223,23.876759,29.303629,30.307926,29.265911,28.934937,25.229017,28.295765,32.26354,29.75078,26.770887,32.5463,34.34703,36.710747,32.293495,29.513372,33.792675,32.17111,27.835869,31.865688,32.721455,29.367044,27.296482,30.59874,28.452393,32.584053,29.889944,26.340818,28.858044,24.132484,24.179182,24.16994,20.58585,19.031952,20.24771,17.982458,13.941723,14.65041,14.846413,12.297958,9.668053,11.358602,12.139944,14.976249,18.41965,21.59698,23.567217,19.631409,18.819937,22.694454,25.5951,28.158789,29.877167,27.607773,31.192993,27.323776,31.919369,30.599356,34.658573
5,14.340196,12.178704,8.214531,6.386056,5.5219226,0.0,6.151191,6.397625,9.757893,11.723203,14.911496,17.404715,20.790705,23.062151,20.235567,17.014177,16.663229,15.453496,15.903969,16.152733,18.024714,21.391987,22.592203,22.265253,20.937351,20.094084,19.948309,21.035494,20.35434,23.69813,20.492804,26.386175,23.068674,27.084826,24.295542,19.724121,20.15778,24.543962,21.400005,17.643064,20.835682,23.917873,19.754896,17.931099,22.916637,24.032429,19.151037,20.44945,25.09006,25.7509,27.217394,26.126038,30.900925,31.355043,31.083187,31.064705,26.939157,30.135628,33.944283,30.550846,27.58026,33.290253,34.81027,36.981865,32.22608,29.355005,33.625515,31.684938,27.947977,32.742985,33.149685,29.52361,28.25196,32.191822,30.138994,34.603558,32.285427,28.85022,32.129173,27.318405,27.969862,28.483435,24.787554,22.700726,24.02696,22.830236,18.00441,18.231607,19.23788,17.259346,14.025705,14.878426,16.765162,19.436172,23.234243,26.15973,28.298311,24.013502,22.492563,26.610529,29.78586,32.523415,34.355103,31.902988,35.811695,31.445374,36.033916,34.411163,38.323883
6,17.316599,14.165313,11.798792,7.8187046,5.1913543,6.151191,0.0,6.205868,7.3116264,10.35152,13.498253,15.891196,18.835264,20.470566,16.513716,12.821782,12.118502,9.827035,11.349979,10.374922,13.069938,16.320768,18.357845,17.091137,15.234352,14.635301,13.9964695,15.61556,15.059183,18.86177,16.126213,22.43364,20.640879,24.23281,20.626001,16.32212,17.698757,21.339664,17.344828,13.971853,18.120289,19.73838,15.228026,14.742197,19.802284,19.57087,14.786546,17.755627,21.871658,23.000908,23.406126,21.96757,27.111355,27.497007,26.47854,25.855433,21.772072,24.64098,28.81518,26.121138,22.567871,28.314373,29.807987,32.307125,27.917885,24.852427,28.94361,27.145878,22.989271,27.333876,27.899021,24.426119,22.695961,26.33331,24.319511,28.640392,26.199755,22.789253,26.003452,21.305267,21.99588,22.828835,18.97649,16.774174,18.45914,17.808098,12.26203,12.932353,14.719613,12.92092,9.361563,11.123446,14.036463,16.10175,19.710346,21.473927,24.47377,20.904146,18.293324,22.039587,25.831507,28.783913,29.99742,27.271774,30.78621,26.018784,30.458729,28.554207,32.371735
7,20.638952,18.112005,14.378807,11.848157,9.692565,6.397625,6.205868,0.0,4.8023276,5.369738,8.972658,11.112567,14.60745,16.719975,14.1175165,11.396116,11.241188,11.378709,11.729816,13.679876,16.096266,19.51285,21.698008,19.616505,18.1909,16.422077,16.299685,16.275387,15.595326,18.190018,15.520189,20.71478,17.380497,21.82874,19.470444,14.89583,16.07902,20.751677,17.872574,14.350164,18.321928,21.537409,17.590437,16.840155,21.703531,23.027931,18.759077,20.915333,25.350765,25.535378,26.02334,26.176136,30.609234,30.292574,29.913267,29.349527,24.88808,27.565874,31.703814,28.303131,24.409622,29.902729,30.796654,33.273434,28.713665,25.324928,29.021004,26.635595,23.421549,28.596725,28.264063,24.341482,23.943077,28.03096,26.556303,31.0048,28.924706,25.977167,29.8176,25.452555,26.618113,28.065073,24.001547,21.595213,23.607647,23.680243,17.624744,18.322632,20.681873,19.083784,15.450034,16.781086,20.062296,22.12478,25.849522,27.35738,30.548681,26.86561,23.80749,27.572687,31.607508,34.668068,35.833206,32.958614,36.468132,31.288698,35.55309,33.219616,36.742874
8,23.124737,20.67263,17.60743,13.857801,12.075835,9.757893,7.3116264,4.8023276,0.0,4.8002253,6.452166,9.540588,12.003548,14.208775,11.942011,7.872572,9.333208,8.965935,11.785859,13.013549,16.589703,19.73369,22.809296,19.513227,17.315437,15.463358,13.88316,13.777796,12.01921,14.951576,11.075497,16.677345,13.622617,17.565926,14.821739,10.230946,11.522668,16.000519,13.120483,9.660315,13.855996,17.040264,13.37396,12.98484,17.599562,19.221766,15.498095,17.756197,21.948702,21.821285,21.87985,22.863047,26.857758,26.152348,25.92996,25.408728,20.827318,23.496197,27.454786,23.816607,19.916323,25.318989,26.217712,28.559364,23.945385,20.59847,24.443026,22.213614,18.977694,24.322151,24.211252,20.501102,19.980564,24.532843,22.716648,27.391413,25.734863,22.701962,27.0978,22.580986,24.343742,26.164175,22.4156,19.433603,21.27285,22.708405,16.382841,16.314718,19.455158,18.718515,14.826549,15.572214,19.959171,21.39359,25.167856,25.809462,29.426456,25.935936,21.793688,25.389664,29.817102,33.073975,34.00711,30.90922,34.57233,28.92882,33.059437,30.557741,33.90086
9,25.957533,23.407097,19.746319,16.991825,14.721934,11.723203,10.35152,5.369738,4.8002253,0.0,4.2852626,5.7734137,9.3390045,11.418997,9.731332,7.9227304,8.587298,10.580195,11.083036,14.439238,17.171747,20.31718,23.23137,19.69521,18.203024,15.6446295,15.335657,13.976598,13.101805,14.528269,12.3667145,16.32736,12.707911,17.594196,16.001038,11.702047,13.496089,18.266298,16.072638,13.130835,17.29177,20.667189,17.336582,17.424728,21.742037,23.445272,20.011127,22.437723,26.536148,26.204357,25.965742,27.330944,31.200031,30.194807,29.89738,29.000717,24.391161,26.548841,30.74678,27.274801,22.78812,27.839533,28.099195,30.722715,26.394188,22.649029,25.693195,22.886347,20.447504,25.972559,24.892176,20.761316,21.407564,25.66375,24.730608,29.100193,27.417194,25.004389,29.34014,25.464891,27.127535,29.295156,25.180115,22.54155,24.904291,26.08703,19.514992,20.30306,23.493435,22.343618,18.65625,19.986717,24.015432,25.61439,29.229595,29.733532,33.54467,30.27323,26.222046,29.635695,34.1726,37.414318,38.127842,34.992947,38.22888,32.50442,36.412704,33.566883,36.667027
10,28.896387,26.647738,23.099579,19.946915,18.11205,14.911496,13.498253,8.972658,6.452166,4.2852626,0.0,3.9284167,6.0233326,8.953952,9.492624,7.4946637,10.021108,12.152319,13.999896,17.059797,20.324549,23.243437,26.614176,22.349247,20.47362,17.783464,16.516102,14.682356,12.842949,13.711862,10.501622,13.547272,8.756784,13.720627,12.903686,8.88691,10.293149,15.220284,14.074769,11.569321,15.062563,19.079245,16.564747,16.628826,20.279076,22.878782,20.168274,22.039797,25.937231,24.988663,24.611958,27.14586,30.270512,28.752394,28.951754,28.265911,23.610064,25.682096,29.484833,25.526669,21.238373,25.868822,25.8888,28.217901,23.823374,20.173983,23.086935,20.222258,18.460144,24.3439,23.126162,19.169115,20.331621,25.067066,24.010733,28.509455,27.403873,25.109169,29.963251,26.099657,28.294685,30.754187,26.958788,23.921736,26.053268,28.238586,21.646137,21.768675,25.362251,24.809196,20.98875,21.718151,26.34132,27.601067,31.29931,31.342916,35.3138,32.041473,27.350773,30.663792,35.379654,38.733555,39.375587,36.11169,39.5388,33.496006,37.245434,34.27216,37.129208
11,31.667635,29.179264,25.470196,22.71359,20.45506,17.404715,15.891196,11.112567,9.540588,5.7734137,3.9284167,0.0,4.143531,6.285841,7.6193748,8.194425,9.762536,13.238244,13.648724,17.820604,20.501352,23.229351,26.562504,21.992916,20.607586,17.511713,17.113409,14.424286,13.436562,12.95394,11.794635,13.152244,8.921446,14.283017,14.254384,10.995805,13.094431,17.548115,16.578028,14.627523,18.318373,21.80281,19.407295,20.109089,23.604528,25.760046,23.243696,25.620632,29.317215,28.440905,27.615135,30.166214,33.331245,31.656248,31.552395,30.419382,25.837835,27.390848,31.44515,27.920536,23.08058,27.359642,26.839825,29.49577,25.556145,21.595152,23.661354,20.380024,19.240591,24.965776,22.946568,18.73755,20.797182,25.062386,24.806215,28.913992,27.76941,26.045387,30.737064,27.487822,29.568312,32.317776,28.290617,25.554197,28.101213,30.158514,23.426325,24.211468,27.89944,27.100445,23.467543,24.702814,29.14569,30.42132,33.926273,33.678844,37.898872,34.944824,30.217407,33.293224,38.14828,41.49742,41.851948,38.54302,41.521194,35.415127,38.919643,35.654522,38.26527
12,34.842697,32.433567,28.932838,25.752052,23.669867,20.790705,18.835264,14.60745,12.003548,9.3390045,6.0233326,4.143531,0.0,3.6439822,8.035534,8.776472,11.435264,14.737163,16.184782,19.896496,22.960999,25.393358,29.143856,23.913767,22.21387,19.10714,17.93023,14.885508,13.245441,11.949282,10.553279,10.073287,5.3230586,10.639097,11.640725,9.490999,11.565983,15.368418,15.347461,14.243622,17.3325,20.719782,19.15237,20.203844,22.939774,25.43373,23.699158,25.895916,29.17819,27.911304,26.680897,30.119127,32.63649,30.500198,30.628437,29.495913,25.022232,26.255451,29.977158,26.332018,21.54482,25.20174,24.29285,26.780296,23.066751,19.154737,20.718395,17.326908,17.061457,22.86612,20.562107,16.603788,19.302227,23.768147,23.588507,27.615,27.02774,25.58391,30.609274,27.587206,30.08202,33.128983,29.41291,26.442116,28.846243,31.758495,25.083855,25.46732,29.487808,29.172617,25.540379,26.440899,31.305561,32.226894,35.677513,34.86005,39.294064,36.53007,31.236376,34.060513,39.086063,42.50791,42.66017,39.243813,42.206768,35.8509,39.087914,35.664894,37.951817
13,37.097984,34.382256,31.02837,27.816175,25.403212,23.062151,20.470566,16.719975,14.208775,11.418997,8.953952,6.285841,3.6439822,0.0,6.3892026,9.079446,10.989169,14.824833,15.69802,19.68998,22.439274,24.504385,28.391628,22.713516,21.243002,17.977806,17.18525,13.543206,12.572251,9.992079,10.817958,8.746022,6.815614,11.25111,12.217532,10.959709,13.830534,16.761377,16.473116,15.958121,19.403633,21.785315,20.305279,22.140696,24.715248,26.437244,24.998007,27.857077,30.787567,29.7481,27.91224,31.201462,33.782707,31.560228,31.220356,29.57671,25.287422,25.935686,29.888348,26.90057,21.572943,24.843287,23.466066,26.34618,23.232416,19.057005,19.747494,16.077856,16.235819,21.614449,18.638947,14.549851,17.971354,21.870716,22.42531,25.993908,25.425377,24.55175,29.38133,27.003998,29.433384,32.764603,29.000149,26.284512,28.9885,31.993973,25.341427,26.196865,30.351067,29.995298,26.60576,27.887548,32.684338,33.446724,36.627647,35.313572,40.033226,37.71894,32.25901,34.72521,39.895313,43.304016,43.084614,39.624855,42.09981,35.6936,38.607056,34.92464,36.911003
14,33.709995,30.497314,27.575293,24.274801,21.3966,20.235567,16.513716,14.1175165,11.942011,9.731332,9.492624,7.6193748,8.035534,6.3892026,0.0,5.482767,5.1369586,9.503634,9.642434,13.673123,16.179844,18.12721,22.083889,16.32974,14.947413,11.619916,11.537805,7.804248,8.26467,6.330343,9.314632,10.16458,10.874935,14.8492565,13.34287,11.223655,15.095576,17.830975,15.618539,14.780237,19.472445,20.494297,18.000751,20.52762,23.770481,23.91315,21.947348,25.95903,28.807144,28.650467,26.531235,28.366505,31.88369,30.260725,28.992441,26.813133,22.592735,23.155233,27.8213,25.750353,19.836952,23.830856,22.914396,26.387197,23.384106,18.951168,20.094248,16.724627,15.139917,19.943928,17.420092,12.950066,15.1975765,18.478876,19.193882,22.655832,21.234314,20.238892,24.530888,22.277416,24.19753,27.443981,23.365454,21.068676,24.18669,26.53933,19.91022,21.592916,25.595966,24.88659,21.849892,23.838882,28.201162,28.953482,31.804108,30.391054,35.215664,33.302902,28.162674,30.426586,35.566048,38.875427,38.45412,35.068077,37.10321,30.920582,33.872356,30.192463,32.395817
15,29.962948,26.970798,24.384506,20.415602,17.986021,17.014177,12.821782,11.396116,7.872572,7.9227304,7.4946637,8.194425,8.776472,9.079446,5.482767,0.0,4.437851,6.1327477,9.709286,11.690966,15.480089,17.79255,21.917048,16.585045,14.182659,11.576439,9.437658,7.431616,5.4550905,7.125326,5.430945,9.957324,9.8951845,13.408905,10.404088,7.14546,10.966533,13.883788,10.908023,9.522401,14.513816,15.670362,12.812535,15.0751,18.537193,18.910423,16.708427,20.492344,23.481543,23.351444,21.565235,23.332752,26.908543,25.479872,24.475954,22.810858,18.3347,19.6836,24.15327,21.500963,16.075327,20.813635,20.747786,23.826645,20.10586,15.953448,18.510489,15.762795,12.929485,18.207968,17.087307,13.024287,13.538873,17.875479,17.096565,21.382143,20.018244,17.945776,22.694092,19.311874,21.537685,24.442581,20.655806,17.729996,20.319733,23.091635,16.438234,17.161888,21.274508,20.999262,17.644825,19.031128,23.810827,24.438705,27.552343,26.3726,30.998442,28.708176,23.391457,25.957624,31.047552,34.4231,34.344734,30.950077,33.655926,27.418907,30.784758,27.476482,30.104403
16,29.368118,25.94746,23.416296,19.930769,16.908405,16.663229,12.118502,11.241188,9.333208,8.587298,10.021108,9.762536,11.435264,10.989169,5.1369586,4.437851,0.0,4.796379,5.460546,8.7328205,11.694468,14.013223,17.973759,12.690786,10.904024,7.8948197,7.8216,5.59487,6.577237,7.780657,9.300968,13.089066,13.773036,17.50023,14.564647,11.554506,15.319724,18.139673,14.662692,13.172338,18.42598,18.890604,15.488683,17.973286,21.818863,21.119843,18.447996,22.953833,25.925087,26.383966,24.515297,25.144245,29.381144,28.366327,26.711216,24.56552,20.335962,21.364761,26.299257,24.481318,18.747065,23.515057,23.389984,26.863798,23.559729,19.328596,21.444939,18.661379,15.633546,20.097004,18.697453,14.48403,14.876276,18.076958,18.045078,21.775784,19.697138,17.953318,21.893955,19.039942,20.551546,23.390453,19.09975,16.892723,20.067762,21.756748,15.066968,17.08055,20.83727,19.8678,16.920155,19.25552,23.306692,24.150265,26.943024,25.862482,30.535192,28.589636,23.854584,26.244953,31.22635,34.464073,34.197292,30.913588,33.041386,27.108261,30.405005,27.024942,29.705412
17,26.707077,23.239368,21.440163,17.29546,14.532816,15.453496,9.827035,11.378709,8.965935,10.580195,12.152319,13.238244,14.737163,14.824833,9.503634,6.1327477,4.796379,0.0,6.6350904,5.812718,10.202858,12.506185,16.650414,11.843142,8.96927,7.318369,4.9960175,5.9303236,5.7793746,9.609456,9.15084,14.756851,15.872208,18.760296,14.665206,11.578103,14.981005,17.203897,12.760471,11.148423,16.497816,15.990465,12.037664,14.746984,18.737127,17.126024,14.156123,19.176922,21.945198,22.922886,21.075233,20.802656,25.4555,24.890816,22.927305,20.88466,16.728636,18.191427,23.143293,21.550575,16.205,21.459831,22.092213,25.388855,21.92204,18.08945,21.025114,18.960165,14.837907,18.812853,18.662899,15.05887,13.664179,16.984507,15.877901,19.929855,17.61516,15.002114,18.878597,15.213604,16.688309,19.197441,15.061397,12.507318,15.465688,17.29578,10.573523,12.287836,16.125498,15.455022,12.53369,14.811289,18.984636,19.562574,22.3051,21.152088,25.806078,23.898819,19.08289,21.479156,26.434334,29.67678,29.492273,26.223013,28.61244,22.730219,26.31093,23.241537,26.297556
18,27.442007,23.60103,21.312445,18.557629,15.025202,15.903969,11.349979,11.729816,11.785859,11.083036,13.999896,13.648724,16.184782,15.69802,9.642434,9.709286,5.460546,6.6350904,0.0,6.039937,7.0086403,9.676823,12.981257,8.731817,8.165968,5.5194697,8.670081,8.04896,10.699787,12.151131,14.387027,18.362822,19.100718,22.955898,19.82959,16.655643,20.159674,23.055273,19.062204,17.237232,22.580559,22.606422,18.63611,20.925808,25.200588,23.565588,20.252247,25.187223,28.211248,29.32919,27.682432,26.907917,31.881336,31.480257,29.288391,26.926304,23.029322,24.040619,29.228647,28.077398,22.462654,27.395155,27.526035,31.161434,28.037668,23.94062,26.07467,23.493553,20.08592,23.756054,22.578213,18.56911,18.323086,20.408781,20.674494,23.855696,21.00567,19.330599,22.0728,19.566418,20.031864,22.357906,17.623283,16.428326,19.9371,19.889307,13.605227,16.948698,19.873167,17.977358,15.674283,18.972017,21.852348,23.03982,25.440042,24.859642,29.271217,27.590357,23.90396,26.19672,30.796213,33.783375,33.500717,30.47556,32.095158,26.8008,30.14746,26.99672,29.899286
19,25.328186,21.341013,20.236485,16.688547,13.502282,16.152733,10.374922,13.679876,13.013549,14.439238,17.059797,17.820604,19.896496,19.68998,13.673123,11.690966,8.7328205,5.812718,6.039937,0.0,4.8177934,7.1491814,11.043052,7.347604,4.862959,5.1177945,6.063956,8.636704,10.540631,13.774476,14.78353,20.01317,21.565186,24.49675,20.285213,17.351194,20.591013,22.617031,17.828684,16.224634,21.392069,20.06718,15.825507,18.440128,22.562948,19.570127,16.18391,21.763783,24.256838,26.083435,24.29901,22.254364,27.675869,27.840643,25.100557,22.681604,19.19879,20.386272,25.541716,25.030499,19.906786,25.044117,25.89284,29.378124,26.351906,22.741245,25.448229,23.643566,19.261972,22.05809,22.140043,18.862984,16.85263,18.641718,17.9616,21.154114,17.959627,15.520569,17.732801,14.630758,14.678169,16.568382,11.848293,10.734143,14.203427,13.885916,7.6614995,11.543062,14.264537,12.545729,10.787551,14.401182,17.02827,17.759544,19.79048,18.87065,23.366932,22.080849,18.459517,20.45271,24.960968,27.88352,27.504095,24.532934,26.153255,21.030418,24.578407,21.774744,25.056866
20,26.186014,21.920782,20.93752,18.43641,14.961006,18.024714,13.069938,16.096266,16.589703,17.171747,20.324549,20.501352,22.960999,22.439274,16.179844,15.480089,11.694468,10.202858,7.0086403,4.8177934,0.0,3.466537,6.507749,4.5567613,5.114843,6.060359,9.866752,11.664088,14.604073,16.901262,19.114416,23.699755,25.316849,28.582811,24.66927,21.743698,25.084894,27.300245,22.592125,20.951231,26.147825,24.84097,20.60722,23.097021,27.29851,24.033287,20.577024,26.139952,28.60418,30.658642,28.920488,26.329296,31.962934,32.346222,29.317867,26.655231,23.519209,24.359554,29.598598,29.586096,24.373888,29.27955,29.924538,33.611973,30.882334,27.18801,29.466314,27.514288,23.382797,25.755537,25.435648,22.12864,20.497301,21.31559,21.419888,23.872978,20.292192,18.524609,19.560743,17.501358,16.60191,18.096031,13.250746,13.5602865,17.133265,15.16897,10.364995,15.066337,16.804241,14.26804,13.488826,17.614363,18.966454,19.97712,21.420692,20.833057,24.985035,24.164055,21.59897,23.26954,27.309267,29.90466,29.356104,26.69684,27.51616,23.142876,26.366875,23.671038,26.7944
21,28.71791,24.390476,23.843414,21.364902,18.022419,21.391987,16.320768,19.51285,19.73369,20.31718,23.243437,23.229351,25.393358,24.504385,18.12721,17.79255,14.013223,12.506185,9.676823,7.1491814,3.466537,0.0,4.845262,2.7042236,4.7123036,6.85715,10.794218,12.722953,16.041279,17.99413,20.958244,25.120235,27.536196,30.46541,26.436213,23.948324,27.47039,29.204071,24.416502,23.201323,28.351883,26.324232,22.319721,25.26019,29.142624,25.191221,22.177464,28.070738,30.062273,32.350773,30.200994,27.26414,32.882538,33.341705,29.862848,26.802952,24.123795,24.445532,29.720655,30.45296,25.161972,29.691502,30.233715,34.071533,31.826176,28.202593,30.07328,28.295946,24.185837,25.785316,25.478851,22.521029,20.701942,20.584934,21.136452,22.895857,19.079592,17.83112,17.940578,16.827011,15.380783,16.900326,12.2068615,13.414878,17.105984,14.951825,11.235232,16.217161,17.736757,15.387251,15.347061,19.493237,20.499151,21.125525,21.94074,20.675865,24.95086,24.905636,22.439507,23.470705,27.393486,29.811596,28.791353,26.241674,26.275873,22.211687,24.957495,22.183262,25.0324
22,28.211329,23.813524,23.592693,22.088074,18.815102,22.592203,18.357845,21.698008,22.809296,23.23137,26.614176,26.562504,29.143856,28.391628,22.083889,21.917048,17.973759,16.650414,12.981257,11.043052,6.507749,4.845262,0.0,6.9363065,9.5423355,11.428676,15.523099,17.393623,20.69313,22.61268,25.44741,29.723862,31.696316,34.92439,30.976387,28.20911,31.554308,33.59602,28.766497,27.239391,32.33427,30.546955,26.356922,28.846561,32.945988,28.953064,25.584038,31.230059,33.35471,35.87454,34.104675,30.541904,36.414635,37.228428,33.711525,30.804367,28.308027,28.791735,33.954662,34.756798,29.724512,34.33156,35.00147,38.792774,36.481373,32.92887,34.910366,33.12236,28.998543,30.555168,30.285166,27.32339,25.524298,25.205389,25.772451,27.304424,23.377588,22.176056,21.577023,20.666761,18.60798,19.276136,14.947553,16.854382,20.141747,16.421783,14.07916,19.112274,19.628393,16.626884,17.265957,21.585123,21.38193,22.361149,22.757797,22.345858,25.878647,25.962376,24.744944,25.761301,29.01752,31.062704,30.212667,28.086267,27.764534,24.671476,27.35822,25.090727,27.992533
23,30.659008,26.381662,25.492466,22.853498,19.420904,22.265253,17.091137,19.616505,19.513227,19.69521,22.349247,21.992916,23.913767,22.713516,16.32974,16.585045,12.690786,11.843142,8.731817,7.347604,4.5567613,2.7042236,6.9363065,0.0,3.8624616,5.1169047,9.74703,10.943364,14.674333,16.023344,19.73523,23.314709,26.08139,28.966208,25.15287,22.915709,26.666286,28.305973,23.709585,22.735723,27.970442,25.949015,22.15786,25.399822,29.140844,25.379642,22.672586,28.631914,30.584608,32.62982,30.194872,27.846931,33.209248,33.34286,29.900982,26.649084,23.869772,23.88659,29.260412,30.00669,24.373104,28.687788,28.894657,32.87824,30.81225,27.013523,28.494457,26.545572,22.731462,24.334965,23.593258,20.536913,19.1812,18.90587,19.95893,21.591219,17.878431,17.068367,17.507246,16.791073,15.7611265,17.87878,13.215858,14.061598,17.956816,16.741322,12.505219,17.25923,19.330164,17.309628,16.880098,20.854721,22.43094,22.951311,23.927973,22.240984,26.809021,26.770708,23.729809,24.707092,28.923187,31.469185,30.278542,27.566868,27.54316,23.092014,25.616634,22.46888,25.019493
24,29.533417,25.403448,24.633009,21.287184,18.097319,20.937351,15.234352,18.1909,17.315437,18.203024,20.47362,20.607586,22.21387,21.243002,14.947413,14.182659,10.904024,8.96927,8.165968,4.862959,5.114843,4.7123036,9.5423355,3.8624616,0.0,3.5169683,6.2221084,8.484664,11.625188,13.798896,16.700655,20.822796,23.747143,26.2495,22.069647,19.940886,23.604523,24.921734,20.182674,19.371695,24.500908,22.167934,18.429205,21.862722,25.427237,21.55501,19.019487,25.074585,26.874928,28.891184,26.348509,24.141811,29.407854,29.484514,26.092295,22.923271,20.03442,20.212029,25.570866,26.179506,20.647396,25.11348,25.567768,29.421227,27.211845,23.542528,25.368105,23.652575,19.483883,21.163109,20.925665,18.002523,16.02497,16.313086,16.674885,18.828907,15.230356,13.788842,14.957238,13.433451,12.92709,15.353323,10.63449,10.687972,14.640369,14.469347,9.533392,13.933655,16.52656,15.068696,14.305024,17.964792,20.194658,20.42219,21.636673,19.583261,24.438995,24.233562,20.533163,21.570099,26.087725,28.836483,27.705282,24.778608,25.263453,20.27268,23.062244,19.840685,22.613499
25,30.214561,26.189404,24.76791,21.491419,18.14475,20.094084,14.635301,16.422077,15.463358,15.6446295,17.783464,17.511713,19.10714,17.977806,11.619916,11.576439,7.8948197,7.318369,5.5194697,5.1177945,6.060359,6.85715,11.428676,5.1169047,3.5169683,0.0,5.5456367,5.995761,9.714903,11.189785,14.699201,18.339346,21.00744,23.861967,20.1252,17.900084,21.757555,23.453636,19.066633,18.167833,23.461239,21.843266,18.194807,21.549473,25.220095,22.208778,19.665611,25.426634,27.579958,29.12314,26.632168,25.35677,30.328566,29.99386,27.02691,23.983768,20.655651,20.879875,26.26954,26.28926,20.413153,24.892439,24.966053,28.887392,26.505257,22.51895,24.14298,21.97923,18.245993,20.656492,19.728355,16.277357,15.269058,16.157373,16.877855,19.362974,16.152077,14.947634,17.037163,15.417373,15.617776,18.373707,13.73649,13.068322,16.9572,17.41763,11.724913,15.588963,18.6599,17.244623,15.750839,19.191275,21.99444,22.46512,24.161428,22.342636,27.224691,26.543262,22.471,23.889057,28.622774,31.531096,30.572075,27.512123,28.345253,23.015112,25.837408,22.404303,24.99658
26,29.917301,26.225037,25.090885,20.872734,18.119892,19.948309,13.9964695,16.299685,13.88316,15.335657,16.516102,17.113409,17.93023,17.18525,11.537805,9.437658,7.8216,4.9960175,8.670081,6.063956,9.866752,10.794218,15.523099,9.74703,6.2221084,5.5456367,0.0,4.3387885,5.7300663,9.0763035,10.746689,15.31687,18.463907,20.421364,15.977743,14.159464,17.875635,18.786736,14.139595,13.763311,18.815065,16.469019,13.06382,16.95723,20.147879,16.958744,14.986021,20.849554,22.619293,24.046434,21.231068,20.416784,25.05381,24.528465,21.65156,18.723988,15.194018,15.615616,20.940536,20.745144,14.946352,19.643682,20.108025,23.81573,21.248241,17.472109,19.659885,17.96842,13.579052,16.100475,16.109491,13.049955,10.8209,12.878873,12.285131,15.693038,12.960251,10.758219,14.232972,11.433183,12.803827,15.927596,11.88705,9.767159,13.281206,15.724744,9.710431,12.109048,16.013021,15.7382345,13.818257,16.347376,20.164433,20.07692,22.021904,19.577211,24.732883,23.907568,18.789898,20.180454,25.285393,28.431082,27.50796,24.192629,25.701591,19.713339,22.728767,19.260252,21.984436
27,32.46016,28.831924,27.058657,23.128263,20.186165,21.035494,15.61556,16.275387,13.777796,13.976598,14.682356,14.424286,14.885508,13.543206,7.804248,7.431616,5.59487,5.9303236,8.04896,8.636704,11.664088,12.722953,17.393623,10.943364,8.484664,5.995761,4.3387885,0.0,4.3714323,5.3772264,9.382429,12.420976,15.847659,18.160913,14.52215,12.967307,17.116392,18.336237,14.465956,14.275764,19.375458,17.872482,14.976345,18.77058,21.834835,19.687042,18.011215,23.378582,25.373804,26.207874,23.312265,23.65604,27.76091,26.68405,24.230629,21.30189,17.589066,17.641188,22.857252,22.2699,16.022995,20.247921,19.909142,23.812143,21.377264,17.145296,18.539228,16.131113,12.710093,15.911085,14.573774,10.749271,10.472184,12.74348,13.296654,16.505262,14.289882,13.109356,16.914488,14.932505,16.57438,19.990189,16.012844,14.024151,17.46254,20.028276,13.8937435,16.137571,20.153059,19.73886,17.482677,19.895107,23.946123,24.085894,26.24184,23.892105,29.047686,28.049706,22.796303,24.302137,29.480646,32.671917,31.721388,28.362097,29.777409,23.682331,26.393822,22.641756,24.891312
28,31.864805,28.607626,26.833954,22.411886,19.97927,20.35434,15.059183,15.595326,12.01921,13.101805,12.842949,13.436562,13.245441,12.572251,8.26467,5.4550905,6.577237,5.7793746,10.699787,10.540631,14.604073,16.041279,20.69313,14.674333,11.625188,9.714903,5.7300663,4.3714323,0.0,4.967568,5.2960763,9.769827,12.975174,14.71238,10.505302,9.039078,13.1078825,14.0076275,10.124944,10.246947,15.156224,13.806594,11.239567,15.090959,17.82879,16.405375,15.109799,19.989996,21.971325,22.385372,19.517878,20.77915,24.393322,23.007668,21.09983,18.66409,14.549541,15.116839,19.992523,18.545996,12.450267,17.01471,16.975613,20.519156,17.524801,13.321568,15.518937,13.296696,9.427052,13.68369,13.050914,9.395351,8.577754,12.650706,11.829997,16.011406,14.577205,12.613249,17.461658,14.488703,16.957539,20.288908,16.853071,13.939105,16.673624,20.32415,14.136212,14.963307,19.361828,19.624718,16.898268,18.41133,23.177626,23.129545,25.65614,23.327776,28.393852,26.965733,21.142776,22.909088,28.204659,31.550941,30.877132,27.402622,29.562178,23.155193,26.09819,22.531403,24.892439
29,36.052013,32.732643,30.57578,26.5234,23.846869,23.69813,18.86177,18.190018,14.951576,14.528269,13.711862,12.95394,11.949282,9.992079,6.330343,7.125326,7.780657,9.609456,12.151131,13.774476,16.901262,17.99413,22.61268,16.023344,13.798896,11.189785,9.0763035,5.3772264,4.967568,0.0,7.2465916,7.4267044,12.0470495,13.803473,11.071705,10.742192,15.011611,15.783683,13.213069,13.851579,18.296284,17.344076,15.599362,19.375347,21.683216,20.713629,19.91206,24.518156,26.371336,26.413029,23.262655,25.239656,28.345549,26.508167,24.696163,21.96554,18.173853,17.881714,22.578474,21.40967,15.055951,18.440578,17.272858,21.112427,18.85697,14.367702,14.876202,11.824554,9.793144,13.846605,11.337196,6.9216886,9.087342,12.314526,13.240451,16.509153,15.516411,14.943325,19.526031,17.826864,20.221994,23.926397,20.47233,18.036066,21.007803,24.597557,18.505953,19.80243,24.15083,24.220474,21.604145,23.326775,27.978529,27.996662,30.397211,27.80839,33.012535,31.830563,25.992403,27.502853,32.83427,36.143127,35.176155,31.694237,33.34578,26.932358,29.349977,25.420033,27.162743
30,32.498917,29.781446,27.669947,23.096182,21.238277,20.492804,16.126213,15.520189,11.075497,12.3667145,10.501622,11.794635,10.553279,10.817958,9.314632,5.430945,9.300968,9.15084,14.387027,14.78353,19.114416,20.958244,25.44741,19.73523,16.700655,14.699201,10.746689,9.382429,5.2960763,7.2465916,0.0,6.9683113,8.6548395,9.929029,5.5646634,3.969834,8.108415,9.194041,6.4470153,6.899348,11.097676,11.3885565,9.850569,12.8527775,15.050002,15.72485,14.90003,18.328209,20.559677,19.989548,17.535755,20.540745,23.177938,21.192114,20.493288,18.997196,14.565796,15.771827,19.71395,16.707691,11.344219,15.762623,15.735744,18.535856,14.709059,10.570014,13.53661,11.210422,8.1486,13.917275,13.4702635,10.161497,10.194543,15.4866495,13.862747,18.50111,18.05163,15.86285,21.285946,17.783178,20.78919,23.900858,20.94432,17.489956,19.416992,23.679125,17.579876,17.091196,21.550123,22.26278,19.017946,19.49655,24.84112,24.830976,27.839104,25.88929,30.636042,28.563314,22.436472,24.623728,29.850382,33.301647,33.05018,29.544498,32.47419,25.943226,29.027666,25.714191,28.026987
31,39.13065,36.395145,33.955353,29.67386,27.62053,26.386175,22.43364,20.71478,16.677345,16.32736,13.547272,13.152244,10.073287,8.746022,10.16458,9.957324,13.089066,14.756851,18.362822,20.01317,23.699755,25.120235,29.723862,23.314709,20.822796,18.339346,15.31687,12.420976,9.769827,7.4267044,6.9683113,0.0,7.22942,6.8862996,6.164475,8.297531,11.503417,11.394029,11.460125,13.047243,15.700228,16.012735,15.981216,19.010765,20.111576,21.173967,21.35144,24.412752,26.113647,24.995039,21.999279,26.09562,27.745531,25.03112,24.53186,22.687283,18.877047,18.813337,22.223206,19.655735,14.283544,16.530258,14.804846,17.718687,15.157516,10.921174,11.004118,7.385006,8.152219,13.458689,10.848616,7.623601,11.0612955,15.565945,15.541745,19.12269,19.599298,18.880192,24.199385,22.057455,25.207355,28.83549,26.032356,22.924324,25.058989,29.671017,23.688648,23.605417,28.1351,28.851469,25.779171,26.419079,31.726381,31.613338,34.416214,31.892075,36.882088,35.205105,28.849985,30.567377,35.880344,39.30328,38.623528,35.071907,37.44577,30.799282,33.171345,29.42846,30.90498
32,36.39979,34.19833,31.127193,27.29241,25.640753,23.068674,20.640879,17.380497,13.622617,12.707911,8.756784,8.921446,5.3230586,6.815614,10.874935,9.8951845,13.773036,15.872208,19.100718,21.565186,25.316849,27.536196,31.696316,26.08139,23.747143,21.00744,18.463907,15.847659,12.975174,12.0470495,8.6548395,7.22942,0.0,5.4050355,7.2618904,6.6881375,8.09356,10.833436,12.09216,12.003002,13.955546,17.297112,16.833954,17.989988,19.69248,22.760275,21.96586,23.635557,26.389206,24.650599,23.144203,27.603352,29.263655,26.685688,27.277409,26.466925,22.158957,23.348057,26.413363,22.34908,18.111174,21.194492,20.275667,22.25844,18.451923,14.882987,16.579874,13.517724,13.7989235,19.736519,17.920792,14.67787,17.17187,22.183147,21.384357,25.574594,25.682653,24.125092,29.566727,26.395365,29.40473,32.531834,29.404331,26.027708,27.925943,31.859167,25.497713,25.003687,29.252089,29.655746,26.022491,26.23927,31.572346,32.034386,35.45819,34.150616,38.61763,35.943756,30.087933,32.689926,37.75673,41.22436,41.31289,37.839317,41.04994,34.524185,37.58223,34.233936,36.308575
33,39.621723,37.543877,34.894756,30.610191,29.244276,27.084826,24.23281,21.82874,17.565926,17.594196,13.720627,14.283017,10.639097,11.25111,14.8492565,13.408905,17.50023,18.760296,22.955898,24.49675,28.582811,30.46541,34.92439,28.966208,26.2495,23.861967,20.421364,18.160913,14.71238,13.803473,9.929029,6.8862996,5.4050355,0.0,5.43348,8.151871,8.542357,8.35932,11.361093,12.802177,13.223167,15.726035,16.738008,18.22136,18.499737,21.799496,22.233017,23.48076,25.382177,23.2175,21.169216,26.673334,27.269625,24.144737,25.125944,24.520885,20.669231,21.476606,23.681677,19.472052,15.949055,17.814178,16.614029,17.957844,14.451483,11.487058,12.707197,10.212469,11.750784,17.220497,15.813326,13.772858,16.151087,21.256117,20.090364,24.08742,25.028618,23.654991,29.288816,26.32261,29.755709,32.994293,30.51787,26.94105,28.37355,33.247696,27.365166,26.225138,30.600605,31.652018,28.197727,27.906006,33.502625,33.47223,36.707397,34.76653,39.283867,36.90382,30.558859,32.730427,37.78949,41.2435,41.12644,37.63171,40.867188,34.255253,36.929996,33.620644,35.289795
34,36.092106,33.81426,31.656883,26.991764,25.623766,24.295542,20.626001,19.470444,14.821739,16.001038,12.903686,14.254384,11.640725,12.217532,13.34287,10.404088,14.564647,14.665206,19.82959,20.285213,24.66927,26.436213,30.976387,25.15287,22.069647,20.1252,15.977743,14.52215,10.505302,11.071705,5.5646634,6.164475,7.2618904,5.43348,0.0,4.622585,6.371073,5.2698536,6.2858458,8.353696,9.754634,10.887812,11.566676,13.830827,14.369936,16.693745,17.13052,19.107594,20.841095,19.250341,16.752434,21.626936,22.783636,19.987127,20.371815,19.553877,15.479077,16.550383,19.224003,15.227704,11.060194,14.073045,13.679826,15.542729,11.445233,7.7872634,10.737492,8.716625,7.702807,13.631209,13.331384,11.1926985,11.968636,17.511578,15.575844,20.047033,20.678349,18.76314,24.453287,21.097633,24.556227,27.674395,25.347328,21.671778,22.965899,27.998243,22.337042,20.997458,25.414,26.666473,23.378868,23.064516,28.678368,28.426907,31.50673,29.36806,33.937824,31.753115,25.298685,27.351467,32.459385,35.913795,35.727116,32.224823,35.46743,28.87127,31.673344,28.472727,30.387968
35,31.887875,29.610975,27.223291,22.723875,21.320257,19.724121,16.32212,14.89583,10.230946,11.702047,8.88691,10.995805,9.490999,10.959709,11.223655,7.14546,11.554506,11.578103,16.655643,17.351194,21.743698,23.948324,28.20911,22.915709,19.940886,17.900084,14.159464,12.967307,9.039078,10.742192,3.969834,8.297531,6.6881375,8.151871,4.622585,0.0,4.295229,7.0013733,5.881117,5.4779963,8.634886,11.239967,10.177851,11.672142,13.764019,16.247814,15.287941,17.357569,20.05635,18.799843,17.20036,21.039581,23.17676,21.022982,21.301779,20.649824,16.132002,17.98369,21.223757,17.09069,12.895557,17.17724,17.39492,19.42918,14.941454,11.390611,14.943147,12.793221,10.586979,16.585056,16.376719,13.397738,13.651663,19.155392,17.129269,21.907284,21.713585,19.263195,24.76658,20.824778,23.8923,26.688284,23.862747,20.202951,21.687546,25.863834,19.812489,18.67588,22.932423,23.72576,20.15345,20.010662,25.516457,25.703447,29.080013,27.727322,32.091892,29.433598,23.453405,26.082958,31.104597,34.572586,34.766052,31.320713,34.81956,28.376442,31.701548,28.6783,31.135624
36,31.6678,29.934784,27.54022,23.046808,22.296339,20.15778,17.698757,16.07902,11.522668,13.496089,10.293149,13.094431,11.565983,13.830534,15.095576,10.966533,15.319724,14.981005,20.159674,20.591013,25.084894,27.47039,31.554308,26.666286,23.604523,21.757555,17.875635,17.116392,13.1078825,15.011611,8.108415,11.503417,8.09356,8.542357,6.371073,4.295229,0.0,5.4012175,6.5587277,5.7811537,6.020827,11.000212,10.798299,10.578038,12.018929,16.339811,15.568742,15.9724455,18.87596,16.85767,16.210188,20.894829,22.300356,20.01179,21.343079,21.626204,17.24187,19.670658,22.039227,16.89066,14.246013,18.22108,18.875761,19.997356,14.980225,12.461336,16.596582,15.034052,13.290543,19.073101,19.442385,17.015415,16.97658,22.637806,20.040802,24.932024,25.033201,22.269928,27.82225,23.4579,26.629171,29.073065,26.59823,22.737053,23.62044,27.889652,22.195297,20.248627,24.203852,25.281906,21.575285,20.629692,26.208677,26.416998,30.03524,29.138084,33.05099,29.914566,24.079058,26.991297,31.709822,35.14522,35.761616,32.41847,36.494377,30.20354,33.69093,31.03557,33.598682
