,0,1,2,3,4,5,6,7,8,9,10,11,12,13,14,15,16,17,18,19,20,21,22,23,24,25,26,27,28,29,30,31,32,33,34,35,36,37,38,39,40,41,42,43,44,45,46,47,48,49,50,51,52,53,54,55,56,57,58,59,60,61,62,63,64,65,66,67,68,69,70,71,72,73,74,75,76,77,78,79,80,81,82,83,84,85,86,87,88,89,90,91,92,93,94,95,96,97,98,99,100,101,102,103,104,105,106,107
0,0.0,4.070941,7.4098983,10.235159,13.439939,15.467844,19.357498,22.293877,25.69803,28.976414,33.28523,34.247063,36.795242,39.77953,36.21929,31.29468,30.66809,26.293076,24.1498,21.826992,18.758915,19.538946,15.513421,14.1118765,16.226324,20.17753,20.574417,21.547024,20.473879,26.333899,24.505589,31.95119,29.772018,35.44221,34.146996,37.841328,37.910557,35.742237,36.96339,33.6284,35.40013,28.274935,29.585142,24.214132,27.316664,23.49166,24.27132,25.961706,28.862186,32.700764,33.09427,35.822376,40.116463,40.845387,39.817486,36.857197,38.060696,39.265045,44.943012,41.9989,38.600433,38.489906,35.633015,36.128765,34.37808,36.04926,33.63647,30.756525,26.552935,27.318966,26.97006,30.80128,30.871506,34.96107,34.66632,39.679344,40.91592,44.665302,44.701073,46.681377,43.650463,41.45108,36.980022,35.01139,30.75468,29.997982,25.729227,22.18712,19.35537,15.2014475,12.611482,10.87715,12.769271,13.70849,17.765041,21.417273,24.416172,27.79378,31.245111,34.502327,35.00076,32.296597,31.186352,25.987684,26.085934,22.60383,20.718456,19.129343
1,4.070941,0.0,5.351934,6.3836665,10.027633,11.611445,15.811097,18.659409,21.895359,25.388927,29.402569,30.627104,33.030746,36.033394,32.66961,27.644274,27.284294,22.935005,21.209059,19.200527,16.306963,17.967695,14.472536,12.735387,16.029207,19.174515,20.230927,20.579502,18.658546,24.495539,22.315779,29.407495,26.933647,32.50586,30.850883,34.620213,34.419353,32.152832,33.55573,30.168491,32.330242,25.13294,26.812904,21.389889,25.021366,21.826878,22.605701,25.04396,27.417332,31.617346,31.215933,34.409756,38.478073,38.696594,37.65954,34.619663,35.492817,36.44084,42.050934,38.93708,35.53838,35.637367,33.043358,33.54753,32.379593,33.66819,31.600498,29.264154,24.744482,24.79939,24.341766,27.869614,27.778873,31.730932,31.322517,36.28317,37.37578,41.18454,41.074272,42.92555,39.798416,37.654152,33.202675,31.300486,27.148493,26.399109,22.380035,18.779528,16.372286,12.143531,10.373038,7.715239,9.813842,10.105925,14.505633,17.613161,20.736666,23.83641,27.41878,30.51779,31.08525,28.384617,27.397009,22.174261,22.520027,19.185223,17.503231,16.439823
2,7.4098983,5.351934,0.0,5.588467,7.252042,11.34261,12.901975,17.230284,20.04176,23.855045,27.872162,28.781199,31.161486,33.650112,29.94309,24.932484,24.453588,19.558,18.080181,15.097853,12.740475,13.849474,10.112349,7.44717,11.0390005,13.844618,15.319668,15.797399,14.241857,19.97714,18.817938,25.885187,24.407131,29.54918,28.547272,32.28404,32.277878,29.844873,30.607843,27.215155,28.65179,21.450481,22.470491,17.18691,20.094456,16.6095,17.334234,19.732082,22.175749,26.309637,26.04553,29.285364,33.301464,33.652275,32.821278,29.915106,30.810318,32.08655,37.71177,34.682487,31.320744,31.083117,28.239319,28.824612,27.285456,29.087067,27.052122,24.41436,20.174622,20.545103,19.612612,23.501247,23.531994,27.678938,27.532373,32.511593,34.02306,37.716476,38.00804,40.110023,37.306168,34.854904,30.446657,28.271357,23.951439,23.155344,18.603481,15.1680565,12.014711,7.9605484,5.248701,4.2540445,7.173881,9.327673,11.744084,15.967682,18.453407,22.5876,25.663378,29.181803,30.079504,27.886154,26.56288,22.147581,21.15439,18.626947,15.870363,15.492867
3,10.235159,6.3836665,5.588467,0.0,4.187946,5.9896946,9.550788,12.715885,15.616176,19.465963,23.22241,24.547472,26.815683,29.689789,26.393261,21.291307,21.159218,16.7791,15.66753,14.055915,11.685469,14.6317625,12.423657,10.610566,15.392406,16.947815,19.363918,19.005825,16.147064,21.537529,19.550194,25.744947,23.402374,28.407751,26.444414,30.316563,29.651377,27.050694,28.42824,24.923018,27.418716,20.128212,22.053158,16.786932,20.735533,18.610647,18.972773,22.679598,24.294851,28.810123,27.277657,31.295435,34.837883,34.251102,33.496708,30.492504,30.678028,31.410707,36.831726,33.373352,30.053848,30.13993,27.873575,28.239893,27.876535,28.523642,26.941801,25.448448,20.602552,19.623417,19.17386,22.199543,22.13284,25.823954,25.553421,30.309393,31.512674,35.38033,35.25207,36.936073,33.775776,31.414356,27.148956,25.07996,21.204218,20.126617,16.602146,12.74058,11.115408,7.108413,7.3163137,4.1800733,7.153329,6.712026,10.281001,12.435781,15.451429,18.394968,22.065237,24.929775,25.935184,23.528841,22.721941,17.920334,18.178162,15.774152,14.020218,14.562908
4,13.439939,10.027633,7.252042,4.187946,0.0,5.694915,5.942926,10.109962,12.849555,16.667915,20.718044,21.541779,23.927454,26.544891,22.896482,17.917078,17.473913,12.916232,11.712504,9.896891,7.858431,11.268938,10.048366,8.779914,14.030804,14.598559,18.11609,17.79391,15.064314,19.91697,18.91679,24.493675,22.934875,27.271776,25.566912,29.421062,28.589909,25.698742,26.644077,23.083748,25.267454,17.982695,19.459398,14.540738,17.823,16.075195,15.657816,20.171225,21.629404,26.048649,24.189405,28.72596,31.889568,30.972923,30.711372,27.899538,27.619032,28.544416,33.81912,30.116571,26.917284,26.498764,24.18434,24.270609,24.03248,24.368055,22.8282,21.618181,16.67767,15.44414,15.345302,18.278334,18.697073,22.281975,22.544779,27.067358,28.786201,32.619606,32.76721,34.435135,31.434902,28.60163,24.644745,22.136906,18.532919,16.80359,13.554819,9.250983,7.8291974,4.4535317,5.824474,5.1123633,8.282822,8.630319,9.925202,11.899484,14.247702,17.495934,20.903873,23.673944,25.190506,23.259657,22.492546,18.465939,18.084385,16.718987,14.497627,16.035257
5,15.467844,11.611445,11.34261,5.9896946,5.694915,0.0,7.2985444,7.478736,10.736989,14.091282,17.938808,19.309431,21.619936,24.961386,21.97792,17.125887,17.052685,13.846439,12.820678,13.224809,11.125263,15.433307,15.022699,14.457345,19.680614,20.205122,23.67305,22.987768,19.605442,24.23236,22.25094,27.127821,24.50192,28.814774,26.05599,29.935785,28.447628,25.554522,27.34344,23.807922,27.164827,20.155983,22.56112,17.90084,22.006517,21.171103,20.67877,25.597092,26.608212,31.157381,28.580906,33.427727,36.28291,34.713802,34.413006,31.536007,30.767637,31.103848,36.077812,32.069332,28.98833,28.986364,27.324316,27.1687,27.959982,27.139004,25.940487,25.720266,20.500105,18.267832,18.912104,20.751495,21.043936,23.925093,23.966497,28.091068,29.296806,33.255928,32.82625,33.9341,30.470242,27.894657,24.20036,21.99081,19.141123,17.173899,15.576986,11.368315,11.933948,9.397561,11.403303,9.207205,11.470539,9.555936,12.282482,11.530399,14.496578,15.614597,19.832432,21.542084,23.023655,20.653942,20.67944,15.989095,17.644217,16.13191,15.462667,17.234592
6,19.357498,15.811097,12.901975,9.550788,5.942926,7.2985444,0.0,6.604486,7.691544,12.1296,15.491469,16.38983,18.478651,20.751314,17.167112,12.044644,12.054649,7.2741475,7.998205,7.3459754,7.5988846,11.9695425,12.870663,11.970669,17.043184,15.805075,20.119095,19.104258,15.842301,19.330717,18.754053,22.608536,21.428083,24.675465,22.739407,26.491653,25.120169,21.898973,22.680647,19.129995,21.604456,14.728442,16.351646,12.408901,15.582076,15.689704,14.729461,20.300161,20.630394,25.090935,21.877714,27.202097,29.570278,27.64432,27.762878,25.124222,23.90228,24.506403,29.385021,25.264494,22.254887,21.791277,20.046143,19.91781,20.941132,20.315552,19.64414,19.77301,14.865048,11.867993,11.746895,13.49274,14.007108,17.014633,17.585203,21.669966,23.598145,27.449715,27.610437,29.046843,26.074007,22.89698,19.315804,16.488312,13.519194,11.011848,9.090628,4.391391,6.1035333,6.351047,9.748099,9.851568,11.580939,11.342585,10.357321,10.145995,11.410973,14.057544,17.137104,19.401342,21.52803,20.228533,19.734316,16.909227,16.270695,16.459597,14.53224,17.466232
7,22.293877,18.659409,17.230284,12.715885,10.109962,7.478736,6.604486,0.0,4.6857376,6.7554464,11.64462,11.988667,14.670953,18.158203,14.915127,10.722798,10.081329,8.82991,7.960262,10.979892,10.286151,15.084936,16.899105,17.51359,22.638746,21.765667,26.445211,25.674345,22.401056,25.762638,24.860518,28.063889,26.270414,29.175314,26.354326,30.014524,27.834452,24.518978,25.959398,22.556612,25.962597,19.74616,21.770205,18.461376,21.508017,22.031294,20.257465,26.307281,26.696455,30.883118,27.37181,33.103893,34.943687,32.32912,32.959763,30.5263,28.537355,28.779068,33.018677,28.381819,25.799839,25.05935,23.976444,22.980877,24.93539,22.386974,21.692345,23.026993,17.876848,14.284548,16.48187,16.73222,18.015905,19.698862,20.777327,23.756744,25.638712,29.491392,29.198977,29.759527,26.35072,22.934172,20.417013,17.514683,16.373777,12.62279,13.870499,9.8594475,12.650943,12.498984,15.3355665,14.804002,16.884901,15.449478,15.898349,13.664301,15.230146,15.148256,18.92739,19.391733,21.901237,20.417065,21.078615,17.980963,19.469212,19.710375,19.113613,22.090427
8,25.69803,21.895359,20.04176,15.616176,12.849555,10.736989,7.691544,4.6857376,0.0,5.744128,7.89949,9.484991,11.234637,14.235706,11.557713,6.7778335,7.9134083,7.0102444,9.288947,12.148313,12.989801,17.59098,19.695518,19.578402,24.558035,22.824924,27.370667,25.981249,22.307297,24.777428,23.814436,25.76229,24.078444,26.199785,23.21238,26.671997,24.175055,20.771797,22.184042,18.952667,22.651442,17.176926,19.471907,17.027138,20.207539,21.910517,20.518778,26.565979,26.061186,30.31523,25.924068,31.7786,33.180557,29.98603,30.505995,28.142359,25.727852,25.506475,29.400852,24.697805,22.260393,22.019491,21.59308,20.846628,23.77913,21.06049,21.37786,23.426258,18.753206,14.215008,15.336024,14.530865,15.196519,16.230951,17.04204,19.670832,21.288023,25.119883,24.686985,25.110847,21.690178,18.284575,15.892524,13.056278,12.574288,8.765532,11.530471,8.885543,12.841395,13.913614,17.41649,16.908138,18.150038,16.621473,15.816662,12.456298,13.038491,12.19202,15.414414,15.454833,18.330109,17.444876,18.201437,16.337765,17.402063,18.70954,18.347132,21.954563
9,28.976414,25.388927,23.855045,19.465963,16.667915,14.091282,12.1296,6.7554464,5.744128,0.0,7.0071898,5.470255,8.69093,12.724439,9.867599,7.8545322,6.8192124,9.85116,9.877587,14.455502,14.872149,19.149855,22.073519,23.214752,28.058971,26.436987,31.555696,30.651136,27.418188,29.804712,29.358124,31.11566,29.694008,31.423769,28.405724,31.678621,28.863787,25.447792,26.774439,23.784338,27.335026,22.37889,24.201765,22.210947,24.503622,26.113228,23.711908,30.156273,29.96349,33.745987,29.499067,35.681057,36.592537,33.03919,34.350094,32.3506,29.354702,29.28444,32.55431,27.498178,25.591883,24.43113,24.22422,22.50521,25.719358,21.449478,21.503416,24.404432,19.826862,15.362906,18.566523,17.03599,18.910662,18.973896,20.792772,22.211636,24.37644,27.923933,27.541199,27.298508,23.945408,19.99408,19.118065,16.010607,17.097885,12.350067,16.464342,13.736243,17.479887,18.44723,21.46381,21.340689,23.158064,21.657318,21.339787,18.116726,18.728277,17.166943,20.246574,19.144232,22.292292,21.58335,22.94331,21.174284,22.929277,24.19531,24.030865,27.519785
10,33.28523,29.402569,27.872162,23.22241,20.718044,17.938808,15.491469,11.64462,7.89949,7.0071898,0.0,5.5216346,4.581213,8.2617,8.455923,7.035031,9.509691,12.322728,15.22626,18.88963,20.239277,24.561298,27.234934,27.290348,32.116386,29.884573,34.471943,32.743534,28.881773,30.388178,29.331064,29.503428,27.739635,28.51943,24.972168,27.78404,24.40372,21.164938,22.863985,20.41141,24.667593,21.137486,23.590393,22.56866,25.4281,28.258177,26.770521,32.865562,31.613594,35.578922,30.325048,36.333717,36.820705,32.612434,33.421387,31.44254,28.11304,27.119486,29.728811,24.832218,23.234247,23.331524,24.233484,23.163643,27.548845,23.48947,24.867687,28.278515,24.264662,19.148151,20.475386,17.92316,18.403887,17.424631,18.266457,18.883438,19.932951,23.301973,22.272184,21.44362,17.834787,14.451859,14.206966,12.067131,14.597146,11.103241,16.526693,15.643858,19.98712,21.596777,25.227222,24.60241,25.434551,23.492088,22.401772,17.817026,17.52801,14.252742,16.39018,13.872306,17.280687,17.359203,19.193598,19.049738,20.90965,23.199224,23.79046,27.713623
11,34.247063,30.627104,28.781199,24.547472,21.541779,19.309431,16.38983,11.988667,9.484991,5.470255,5.5216346,0.0,3.9494016,7.9485064,6.0271893,7.2808695,6.925014,11.991954,13.2959795,17.785982,19.085825,22.921177,26.317526,27.404154,31.9867,29.71506,34.93166,33.79095,30.572735,32.08212,31.989092,32.50899,31.520514,32.212654,29.256922,32.100803,28.945164,25.569912,26.610523,24.100698,27.510988,23.808664,25.388676,24.520721,26.231544,28.723753,26.179901,32.629974,31.824535,35.279457,30.433521,36.756947,36.915085,32.664837,34.37636,32.75672,29.06753,28.69098,31.062614,25.860518,24.586714,23.27942,23.892012,21.862709,26.070284,20.888872,21.86099,25.79294,21.968687,17.07355,20.160595,17.3695,19.31265,18.04106,20.252886,20.272373,22.566515,25.69398,25.310564,24.468754,21.387323,17.079077,17.72945,14.690742,17.501274,12.679031,18.342297,16.827318,20.943043,22.683783,25.895777,26.031847,27.518427,26.10146,25.02316,21.38014,21.18895,19.020407,21.153181,19.139479,22.632645,22.735296,24.338512,23.836777,25.279947,27.353205,27.32091,31.161892
12,36.795242,33.030746,31.161486,26.815683,23.927454,21.619936,18.478651,14.670953,11.234637,8.69093,4.581213,3.9494016,0.0,4.8046217,5.826231,7.8389874,9.308908,13.8022995,16.376665,20.385756,22.09732,25.974558,29.233383,29.788017,34.349464,31.765335,36.7058,35.15636,31.658854,32.672134,32.328766,31.968803,30.897242,30.996279,27.85684,30.379688,26.955698,23.725763,24.852068,22.721493,26.369482,23.56354,25.380577,25.086323,26.998007,30.11422,28.036407,34.270473,32.90785,36.41462,31.053518,37.25179,37.13363,32.516747,33.99439,32.4375,28.542757,27.668285,29.560387,24.470806,23.46327,22.8093,24.074675,22.404547,27.228004,22.219475,23.921083,28.071259,24.57567,19.418558,21.488894,18.188957,19.388586,17.470453,19.199732,18.570686,20.291876,23.204643,22.505812,21.246632,18.144833,14.064168,15.449612,12.988766,16.707949,12.655068,18.851841,18.263176,22.603975,24.648157,28.13946,28.05726,29.080704,27.489614,26.017944,21.820274,21.159695,18.295813,19.77676,17.067644,20.632895,21.246273,23.029196,23.43307,24.813387,27.398766,27.69341,31.724274
13,39.77953,36.033394,33.650112,29.689789,26.544891,24.961386,20.751314,18.158203,14.235706,12.724439,8.2617,7.9485064,4.8046217,0.0,5.2514067,8.836811,10.881804,15.012172,18.531643,21.906425,24.342308,27.8007,31.213247,31.475487,35.67544,32.509666,37.325462,35.548748,32.19528,32.336716,32.462406,31.046177,30.665176,29.802977,27.13682,29.215971,25.826574,22.708656,23.18773,21.564482,24.609692,23.042997,24.411173,25.161346,26.412558,30.206608,28.244457,34.184723,32.240414,35.425785,29.651844,35.73608,35.02456,29.971725,31.65046,30.451517,26.128523,25.040033,26.158665,21.126472,20.687208,20.05019,21.997547,20.415468,25.856848,20.838915,23.404709,27.950363,25.210762,19.96571,21.276333,17.250763,18.187138,15.266427,17.18169,15.31052,17.230139,19.647049,19.219452,17.75159,15.269704,10.695961,13.494455,11.191443,15.999721,12.492275,19.047533,19.544174,23.849194,26.5347,30.097378,30.357937,31.055307,29.809366,27.496618,23.495314,22.09592,19.6318,19.997292,17.372824,21.005503,22.40063,23.851685,25.344078,25.753407,28.95958,28.994787,33.219513
14,36.21929,32.66961,29.94309,26.393261,22.896482,21.97792,17.167112,14.915127,11.557713,9.867599,8.455923,6.0271893,5.826231,5.2514067,0.0,5.589714,6.027411,10.80526,13.730829,17.19268,19.697227,22.870346,26.52788,27.233103,31.286398,28.1801,33.345036,31.999031,29.079039,29.538584,30.275942,29.77785,29.840939,29.565874,27.387228,29.886326,26.966381,23.575865,23.668383,21.505003,23.959797,21.311945,22.127867,22.46595,23.13056,26.405638,23.845068,30.03387,28.584995,31.64437,26.363571,32.688816,32.226444,27.56599,29.655361,28.430738,24.261265,23.939795,25.778334,20.501844,19.657394,17.903343,18.997858,16.88162,21.796404,16.505041,18.547516,23.008986,20.119722,14.95107,17.192642,13.39368,15.45922,13.187788,16.118675,15.183061,18.284485,21.075806,21.325304,20.74727,18.392584,13.337139,14.72815,11.208489,14.890521,10.032388,16.314148,16.09889,20.17887,22.911955,26.190836,26.968779,28.087793,27.309387,24.989697,21.873108,20.732525,19.543356,20.473526,19.04792,22.7075,23.612469,24.612827,25.23984,25.189358,27.984835,27.349096,31.450272
15,31.29468,27.644274,24.932484,21.291307,17.917078,17.125887,12.044644,10.722798,6.7778335,7.8545322,7.035031,7.2808695,7.8389874,8.836811,5.589714,0.0,4.527855,6.355521,10.689039,13.49401,15.950695,19.640944,22.662617,22.67799,27.014578,24.13937,28.979517,27.409342,24.113802,25.078634,25.25314,25.455042,25.041565,25.549767,23.197605,26.10904,23.43339,19.918938,20.342037,17.642921,20.535471,16.737215,18.123558,17.614506,19.26316,22.278835,20.395536,26.516665,25.164038,28.849165,23.65654,29.845217,30.19834,26.112415,27.36934,25.581955,22.127872,21.798712,24.76182,19.682188,17.91189,17.053808,17.482042,16.277523,20.514881,16.790073,18.357521,21.692074,18.081087,12.773576,13.791381,10.9446745,12.136568,11.362978,13.330048,14.37274,16.909891,20.381762,20.436918,20.62636,17.784296,13.317492,12.43467,8.710575,10.643288,5.4401155,11.370348,10.874229,15.159571,17.757324,21.26677,21.711824,22.624605,21.779278,19.45305,16.349463,15.377889,14.719486,16.129042,15.660206,19.14179,19.579882,20.208008,20.306438,20.039694,22.594435,21.840324,25.897491
16,30.66809,27.284294,24.453588,21.159218,17.473913,17.052685,12.054649,10.081329,7.9134083,6.8192124,9.509691,6.925014,9.308908,10.881804,6.027411,4.527855,0.0,5.995029,7.719324,11.5511675,13.728598,17.050152,20.67765,21.742859,25.923262,23.268507,28.677921,27.777863,25.109194,26.437798,27.292559,28.273771,28.24666,29.079948,27.09021,30.120043,27.676874,24.139938,24.30737,21.499655,23.78665,19.498526,20.186722,19.347147,20.096012,22.344479,19.414106,25.90115,25.263487,28.549433,24.05225,30.440971,30.770302,26.954506,28.908592,27.337635,23.878134,24.233583,27.21559,22.037434,20.410637,18.26372,18.027397,15.889989,19.466919,14.827789,15.531247,19.086687,15.295334,10.2216425,13.541622,11.076749,13.91552,13.450305,16.440157,17.336166,20.66508,23.949411,24.403275,24.610474,22.016287,17.240294,16.766977,12.823736,14.301507,8.688481,13.4342,11.732951,15.466939,17.81416,20.793663,21.832287,23.443321,22.973555,21.076273,18.868065,18.397438,18.401499,20.256657,20.013239,23.432446,23.553717,24.170408,23.531357,23.39035,25.410786,24.263466,28.04905
17,26.293076,22.935005,19.558,16.7791,12.916232,13.846439,7.2741475,8.82991,7.0102444,9.85116,12.322728,11.991954,13.8022995,15.012172,10.80526,6.355521,5.995029,0.0,6.054274,7.287547,10.184253,13.638315,16.481186,16.50464,20.724926,17.963953,23.041666,21.915838,19.12179,20.714376,21.533302,23.23815,23.329126,24.783697,23.225813,26.516222,24.695467,21.19291,21.152052,17.980442,19.884787,14.543142,15.199393,13.615669,14.791271,16.751389,14.5254345,20.827097,20.19761,24.010729,19.691256,25.844229,26.940739,23.842625,25.051537,23.04522,20.41695,21.030396,25.032005,20.286076,17.880663,16.360394,15.254997,14.233911,16.789156,14.458968,14.869988,16.863997,12.693517,7.7618427,8.770512,7.9451127,9.959058,11.454215,13.614492,16.328997,19.366169,22.956936,23.58209,24.701208,22.158903,17.974184,15.7119,11.922376,10.958902,6.1120715,8.094168,5.9023724,9.552794,12.311698,15.465917,16.668665,17.990425,18.030766,15.535657,14.333621,13.82327,15.586066,17.420658,18.749735,21.723831,21.57128,21.383202,20.419098,19.19573,20.965603,19.131866,22.793535
18,24.1498,21.209059,18.080181,15.66753,11.712504,12.820678,7.998205,7.960262,9.288947,9.877587,15.22626,13.2959795,16.376665,18.531643,13.730829,10.689039,7.719324,6.054274,0.0,5.185465,6.1765475,9.634996,13.22792,15.146559,19.34105,17.578672,23.260723,23.223202,21.253988,23.805645,24.967855,27.962626,27.983765,30.12687,28.624432,32.086597,30.38876,26.919687,27.033232,23.757406,25.47485,19.60898,19.867897,17.477753,18.031033,18.313032,14.842763,21.38945,22.15035,25.505648,22.541098,28.594776,29.960417,27.493902,29.23117,27.365221,25.045868,26.253464,30.292656,25.564568,23.293287,20.832106,19.026196,17.157808,18.306969,15.385852,13.9579315,15.36681,10.316817,6.882826,11.510937,11.958206,15.151136,16.818607,19.470774,21.97653,25.342112,28.845533,29.558096,30.512047,27.897009,23.529161,21.641615,17.820034,16.90401,12.1248665,13.1297035,9.337983,11.266781,12.58893,14.6029625,16.34135,18.819324,19.107283,17.965937,17.71661,18.227648,20.022243,22.644432,23.808678,26.687748,25.981209,26.015242,23.90196,23.457859,24.25571,22.30432,25.334894
19,21.826992,19.200527,15.097853,14.055915,9.896891,13.224809,7.3459754,10.979892,12.148313,14.455502,18.88963,17.785982,20.385756,21.906425,17.19268,13.49401,11.5511675,7.287547,5.185465,0.0,4.1994476,6.447315,9.482328,10.662718,14.507195,12.4080925,18.125017,18.2457,16.791267,19.409489,21.19196,24.805717,25.430271,27.837294,27.100172,30.565836,29.531555,26.222033,25.849485,22.54807,23.375957,17.171677,16.753805,14.015877,13.925453,13.366229,9.92029,16.340328,17.434772,20.90849,18.563251,24.264963,26.172377,24.501574,25.906046,23.925793,22.359072,24.039167,28.607513,24.39196,21.79668,19.419573,16.808018,15.680415,15.458842,14.703191,12.976685,12.637514,7.546593,5.6178207,8.171534,10.618601,13.365127,16.211071,18.48027,21.823399,25.185007,28.62788,29.680487,31.284672,28.983608,24.91708,22.253042,18.628242,16.397879,12.780809,11.249309,7.606158,7.5815167,9.297637,10.772944,13.498071,15.815466,17.127546,15.265848,16.668436,17.004242,20.381817,22.58416,24.86988,27.394943,26.695444,26.028994,23.948431,22.307016,22.892202,20.103338,22.799936
20,18.758915,16.306963,12.740475,11.685469,7.858431,11.125263,7.5988846,10.286151,12.989801,14.872149,20.239277,19.085825,22.09732,24.342308,19.697227,15.950695,13.728598,10.184253,6.1765475,4.1994476,0.0,4.8451533,7.2551055,9.66957,13.928613,13.338776,18.795036,19.438833,18.091877,21.690195,22.863722,27.404877,27.383415,30.495655,29.415365,33.061634,32.00854,28.754421,28.847553,25.407124,26.68349,20.022522,20.068985,16.53076,17.1744,15.601872,12.45826,18.30042,20.20579,23.668404,22.070131,27.395897,29.709099,28.436964,29.637367,27.505392,26.300495,27.929356,32.651585,28.472233,25.782515,23.609444,20.9644,19.803917,19.188032,18.34919,15.968259,15.062794,9.758244,9.201701,12.19269,14.780785,17.270088,20.19479,22.1678,25.680683,28.755455,32.33432,33.131287,34.608337,32.011196,28.09516,25.284012,21.808811,19.434958,15.900263,14.24408,9.845694,9.208652,8.952196,9.526508,11.9843,15.07953,16.208782,15.747015,17.37171,18.547487,21.631784,24.496681,26.669878,29.008364,27.801384,27.310028,24.327171,23.477655,23.273016,20.710009,22.88268
21,19.538946,17.967695,13.849474,14.6317625,11.268938,15.433307,11.9695425,15.084936,17.59098,19.149855,24.561298,22.921177,25.974558,27.8007,22.870346,19.640944,17.050152,13.638315,9.634996,6.447315,4.8451533,0.0,4.750146,8.954288,11.556824,11.179407,16.910341,18.529673,18.52257,21.84073,24.106354,28.902596,29.708788,32.688564,32.32854,35.848576,35.193184,32.01823,31.583761,28.274426,28.639858,22.26408,21.372189,18.205969,17.3601,14.74844,10.700574,15.911097,18.761646,21.438995,21.116102,26.024977,28.403257,27.83595,29.442062,27.62448,26.744726,28.985413,33.66442,29.779898,27.23231,24.373886,21.153833,19.8351,17.803331,17.820787,14.546826,12.175489,7.4814734,9.711751,12.877331,16.108315,19.037914,22.098324,24.44689,27.848965,31.361567,34.701656,35.925797,37.65673,35.41659,31.336401,28.645954,25.058945,22.575851,19.224262,17.011696,13.282382,11.541085,11.453188,10.554798,14.1542425,17.24061,19.252811,18.461962,21.154371,22.077873,25.840899,28.337353,30.867197,33.179718,32.11819,31.3442,28.523531,27.019789,26.747095,23.655159,25.438717
22,15.513421,14.472536,10.112349,12.423657,10.048366,15.022699,12.870663,16.899105,19.695518,22.073519,27.234934,26.317526,29.233383,31.213247,26.52788,22.662617,20.67765,16.481186,13.22792,9.482328,7.2551055,4.750146,0.0,5.4642186,7.892955,9.390737,14.094468,16.112694,16.4357,20.589872,22.394604,28.202316,28.697987,32.37825,32.15289,35.738777,35.48425,32.54267,32.26778,28.917511,29.238506,22.514906,21.834087,17.916681,17.715471,13.947744,11.366355,15.096067,18.541128,21.48549,21.939808,26.024626,29.174515,29.374786,30.228453,28.113718,28.093151,30.306807,35.408413,31.945105,29.096521,26.918732,23.518911,22.945766,20.417068,21.706629,18.634508,15.407572,11.414012,13.702027,15.012186,18.974672,20.968098,24.638226,26.23395,30.281467,33.29868,36.71843,37.812008,39.818676,37.495922,33.868195,30.536858,27.325758,24.029982,21.568092,18.111053,14.430899,11.490409,10.061177,7.6194553,11.424263,14.5738945,17.10609,16.911182,20.635584,21.966385,26.263845,28.867794,31.938099,33.816254,32.42497,31.341274,28.03732,26.371225,25.399567,22.090649,23.122244
23,14.1118765,12.735387,7.44717,10.610566,8.779914,14.457345,11.970669,17.51359,19.578402,23.214752,27.290348,27.404154,29.788017,31.475487,27.233103,22.67799,21.742859,16.50464,15.146559,10.662718,9.66957,8.954288,5.4642186,0.0,5.288619,6.7248535,10.172706,11.378719,11.244841,15.949064,17.235216,23.554913,23.924364,27.959082,27.98755,31.520836,31.691172,29.022154,28.726229,25.452728,25.606943,18.800365,18.340149,13.907098,14.571815,10.420529,10.166492,12.81504,15.701805,19.443327,19.616684,23.119053,26.860363,27.396782,27.268696,24.775858,25.489317,27.458635,32.923866,29.949636,26.803051,25.629848,22.292923,22.747839,20.371115,22.911945,20.740044,17.487503,13.909635,15.224551,13.939331,18.385693,19.06085,23.289074,23.924744,28.603636,30.987087,34.40071,35.382427,37.739628,35.490788,32.452225,28.45476,25.76296,21.624199,20.417864,15.604221,12.679523,8.66679,6.844869,3.6133997,7.9206614,10.145732,13.431105,12.563337,17.299858,18.501831,23.553562,25.783,29.523695,30.974358,29.583754,28.020914,24.906721,22.451948,21.329609,17.614912,18.33923
24,16.226324,16.029207,11.0390005,15.392406,14.030804,19.680614,17.043184,22.638746,24.558035,28.058971,32.116386,31.9867,34.349464,35.67544,31.286398,27.014578,25.923262,20.724926,19.34105,14.507195,13.928613,11.556824,7.892955,5.288619,0.0,5.063737,6.73493,9.80188,12.057153,15.993101,18.488146,24.889742,26.185509,29.992014,30.879818,34.14951,34.84205,32.385593,31.560247,28.547012,27.711386,21.551758,20.179575,16.452906,15.586771,10.269019,10.386169,10.312586,14.384645,17.165445,19.132635,21.467468,25.560242,27.188082,27.0805,24.897327,26.298838,28.781218,34.177517,31.754644,28.747341,27.26365,23.52061,24.185581,20.580149,24.358583,21.909126,17.528381,15.3535595,17.988823,16.293238,21.036175,21.742874,26.032745,26.761816,31.357428,33.939735,37.059196,38.408092,41.06392,39.188545,36.15832,32.196793,29.543173,25.30152,24.419155,19.27699,17.126358,12.916045,11.82651,8.566877,12.40767,13.892755,17.680292,16.423502,21.762041,22.600256,28.111822,29.879803,33.9552,35.300602,34.085857,32.221565,29.416716,26.300615,25.183088,21.110588,21.283663
25,20.17753,19.174515,13.844618,16.947815,14.598559,20.205122,15.805075,21.765667,22.824924,26.436987,29.884573,29.71506,31.765335,32.509666,28.1801,24.13937,23.268507,17.963953,17.578672,12.4080925,13.338776,11.179407,9.390737,6.7248535,5.063737,0.0,6.138088,8.026096,10.222249,12.754627,16.483616,21.765053,23.930038,26.885952,28.157925,31.245064,31.909082,29.373308,28.041056,25.18896,23.782026,18.127432,16.036356,13.190397,10.977308,5.761943,5.6504745,6.1316037,9.738059,12.870925,14.173708,17.106028,20.875582,22.185642,22.341513,20.315321,21.434334,24.103075,29.35837,26.971628,24.087503,22.393997,18.578642,19.454182,15.816888,20.166843,18.289665,14.13619,12.532611,14.804278,12.009645,16.792688,17.449076,21.66189,22.583778,26.95915,29.795761,32.72092,34.343193,37.092644,35.53526,32.390705,28.654133,25.93646,21.875069,21.101475,15.9908495,14.703211,10.743392,11.412892,9.648539,13.722423,14.695237,18.354294,15.619538,20.5534,20.603088,26.291996,27.471048,31.553879,33.122208,32.40577,30.46089,28.52737,24.761995,24.55282,20.30489,21.317516
26,20.574417,20.230927,15.319668,19.363918,18.11609,23.67305,20.119095,26.445211,27.370667,31.555696,34.471943,34.93166,36.7058,37.325462,33.345036,28.979517,28.677921,23.041666,23.260723,18.125017,18.795036,16.910341,14.094468,10.172706,6.73493,6.138088,0.0,4.372983,8.944784,11.257761,14.810568,20.766436,23.115414,26.444494,28.396442,31.199802,32.62079,30.609634,29.171186,26.640137,24.689997,19.634556,17.584473,14.804354,13.172766,7.795348,10.902892,7.2904606,10.408868,13.187664,15.759352,16.418228,21.157999,23.731981,22.67034,20.489473,23.016588,25.55917,30.968176,29.506773,26.516575,25.778614,22.08888,23.850458,20.015396,25.406492,23.91921,19.544783,18.588215,20.703995,16.796953,21.508068,21.03665,25.467184,25.446299,30.198133,32.34837,35.066402,36.640335,39.76484,38.392754,35.902374,31.66101,29.551968,24.882278,25.302607,19.376146,18.85576,14.598477,14.623079,12.44409,15.522094,15.34414,19.41123,16.699455,22.447456,22.469532,28.614613,29.395878,34.06749,35.068394,34.272564,31.850288,29.996437,25.601698,24.94338,20.473589,20.452154
27,21.547024,20.579502,15.797399,19.005825,17.79391,22.987768,19.104258,25.674345,25.981249,30.651136,32.743534,33.79095,35.15636,35.548748,31.999031,27.409342,27.777863,21.915838,23.223202,18.2457,19.438833,18.529673,16.112694,11.378719,9.80188,8.026096,4.372983,0.0,5.2096744,7.153212,10.551144,16.464071,18.873272,22.16605,24.27299,26.969833,28.575268,26.750177,25.273563,22.88676,20.863781,16.05829,14.237062,11.534519,10.744816,6.44757,11.392893,8.491133,9.325359,13.219353,14.223063,14.841952,19.718311,21.918472,20.028036,17.440928,20.299536,22.411139,27.984858,26.774435,23.632177,23.782072,20.471153,22.860758,19.862139,25.31687,24.593245,20.956648,19.752672,20.799526,15.716366,20.154242,18.717442,23.230415,22.495667,27.492178,29.113123,31.791878,33.217888,36.47162,35.162163,33.100338,28.58772,26.900778,21.946268,23.201267,16.907608,17.230452,13.221262,13.74275,12.590038,14.904747,13.775369,17.642246,14.079706,19.721714,19.343975,25.643166,25.984795,30.886627,31.664923,31.035837,28.395458,27.033527,22.115711,21.778406,17.243013,17.414162
28,20.473879,18.658546,14.241857,16.147064,15.064314,19.605442,15.842301,22.401056,22.307297,27.418188,28.881773,30.572735,31.658854,32.19528,29.079039,24.113802,25.109194,19.12179,21.253988,16.791267,18.091877,18.52257,16.4357,11.244841,12.057153,10.222249,8.944784,5.2096744,0.0,5.8804216,6.4579163,13.172095,14.407388,18.317183,19.678238,22.67,24.007322,22.127344,21.168562,18.555769,17.495102,11.90485,11.386611,7.4921064,9.601676,7.355663,12.380964,12.002434,11.506902,16.340359,15.144684,16.921103,21.329874,22.315292,19.990952,16.861694,19.223648,20.525736,26.323294,24.77206,21.356241,22.410105,19.680223,22.232115,20.595415,25.103693,24.891289,22.251392,20.108372,19.848505,14.351605,18.35524,16.12588,20.714758,19.280935,24.649189,25.667707,28.632906,29.60261,32.729324,31.099428,29.376568,24.514135,23.156425,17.892618,19.711823,13.174874,13.799836,10.20325,10.792384,10.937086,12.089998,10.127681,13.511985,9.260275,14.748587,14.327389,20.63879,21.017792,25.997057,26.612778,25.888205,23.222326,21.894344,16.910767,16.680918,12.140822,12.810673
29,26.333899,24.495539,19.97714,21.537529,19.91697,24.23236,19.330717,25.762638,24.777428,29.804712,30.388178,32.08212,32.672134,32.336716,29.538584,25.078634,26.437798,20.714376,23.805645,19.409489,21.690195,21.84073,20.589872,15.949064,15.993101,12.754627,11.257761,7.153212,5.8804216,0.0,6.494263,9.722481,13.501009,15.543399,18.377546,20.653318,22.509888,20.93404,18.865486,16.971756,14.12063,10.75349,8.591472,7.8978624,7.5385766,7.752318,13.181548,11.600371,8.792879,13.334551,11.318375,12.067802,16.377386,17.61235,14.541632,11.414829,14.649113,16.088022,21.720545,21.043993,17.861416,19.365337,16.877073,20.25318,18.710411,24.144041,24.786922,22.461365,21.471813,21.00455,14.409048,17.736227,14.7756405,18.966845,17.203175,22.198118,23.143875,25.520575,26.961273,30.462658,29.55163,28.0661,23.473793,22.457998,17.47999,20.086308,13.902043,16.187004,13.489166,15.473722,16.15419,17.640045,15.644153,18.559809,13.48995,17.765865,16.138468,22.344862,21.50091,26.557186,27.2017,27.258852,24.355835,24.47895,18.580261,19.585714,15.295024,16.543034
30,24.505589,22.315779,18.817938,19.550194,18.91679,22.25094,18.754053,24.860518,23.814436,29.358124,29.331064,31.989092,32.328766,32.462406,30.275942,25.25314,27.292559,21.533302,24.967855,21.19196,22.863722,24.106354,22.394604,17.235216,18.488146,16.483616,14.810568,10.551144,6.4579163,6.494263,0.0,7.8369775,8.433682,12.687114,14.426064,17.053581,19.032227,17.847351,16.965603,14.937358,13.934033,9.884505,10.6859865,8.208711,12.026826,12.447793,17.601389,17.192139,15.0736,19.794504,17.25104,18.277552,22.304602,22.81588,19.166235,15.690619,18.52109,18.672447,24.318687,23.524494,20.095669,22.870033,21.106827,24.39125,23.911766,28.286322,29.002848,27.16995,25.122631,23.847616,17.601248,20.515081,16.860016,20.96373,18.084795,23.525757,23.214022,25.924227,26.4801,29.81615,28.371073,27.733324,22.473537,22.233547,16.777367,20.297123,14.036781,16.168812,13.927846,14.886553,16.116066,15.896676,12.805422,14.859136,10.09837,14.014424,12.730056,18.728346,17.996687,23.364296,23.285053,22.893742,19.72653,19.586031,13.569784,14.029078,9.979585,10.765051
31,31.95119,29.407495,25.885187,25.744947,24.493675,27.127821,22.608536,28.063889,25.76229,31.11566,29.503428,32.50899,31.968803,31.046177,29.77785,25.455042,28.273771,23.23815,27.962626,24.805717,27.404877,28.902596,28.202316,23.554913,24.889742,21.765053,20.766436,16.464071,13.172095,9.722481,7.8369775,0.0,6.431915,6.033293,10.132544,11.438087,14.125181,13.628489,11.369642,10.822322,7.973972,8.825929,9.366639,10.883506,13.409133,16.487282,21.10447,20.895653,17.06672,21.12738,16.885803,17.551388,20.203182,19.687996,15.083382,11.7435465,14.465614,13.325008,18.315632,18.618565,15.602512,19.949009,19.422287,23.377583,24.138723,28.37482,30.304344,29.505474,28.167065,26.046295,19.20178,20.577488,15.889795,18.777493,14.844144,19.513334,18.165306,20.089184,20.755445,24.460201,23.859722,24.077518,19.163761,19.944378,15.272121,20.071672,15.180842,19.049343,18.2848,20.500204,22.552275,22.506302,19.617773,20.84829,15.622127,17.111809,14.334751,19.146248,16.528381,21.622797,21.429903,22.26805,18.976795,21.215944,14.602874,17.113863,14.357609,16.28203
32,29.772018,26.933647,24.407131,23.402374,22.934875,24.50192,21.428083,26.270414,24.078444,29.694008,27.739635,31.520514,30.897242,30.665176,29.840939,25.041565,28.24666,23.329126,27.983765,25.430271,27.383415,29.708788,28.697987,23.924364,26.185509,23.930038,23.115414,18.873272,14.407388,13.501009,8.433682,6.431915,0.0,6.3199954,6.6627417,9.106353,11.383787,11.181921,11.238,10.150862,11.001093,9.802387,12.832791,12.130825,17.000362,19.442596,23.871788,24.590456,21.57498,26.184258,22.007631,23.42747,26.292143,25.387415,21.212803,17.82215,19.695816,18.068607,22.881582,22.41155,19.248919,23.802485,23.492838,26.948736,28.231422,31.474022,33.13903,32.582417,30.254028,27.647676,21.49304,22.80401,18.165632,21.045052,16.744446,21.660496,19.458113,21.941866,21.524094,24.698416,23.226786,24.075994,18.63039,19.944677,15.070395,20.097956,15.49018,18.658886,18.321491,19.61661,22.019863,20.72474,17.408257,17.527018,13.23088,13.499221,11.239801,15.211269,12.92198,18.189026,17.20814,17.416035,13.893515,15.875709,9.384857,11.647697,10.032878,11.861896
33,35.44221,32.50586,29.54918,28.407751,27.271776,28.814774,24.675465,29.175314,26.199785,31.423769,28.51943,32.212654,30.996279,29.802977,29.565874,25.549767,29.079948,24.783697,30.12687,27.837294,30.495655,32.688564,32.37825,27.959082,29.992014,26.885952,26.444494,22.16605,18.317183,15.543399,12.687114,6.033293,6.3199954,0.0,5.5458956,5.54596,8.713059,9.267576,7.353949,8.300598,7.3037376,10.691081,12.733147,14.580317,17.87614,21.651257,25.711206,26.37978,22.409082,26.416353,21.379316,22.560116,24.320354,22.693283,18.230904,15.325602,16.74015,14.189323,18.050665,18.495106,15.900788,21.364939,21.946495,25.737295,27.730936,30.919989,33.392612,33.466652,31.831417,28.876654,22.429415,22.720427,17.696442,19.479704,14.731639,18.61465,15.671129,17.291836,17.087627,20.628378,20.101019,21.542522,16.729704,18.731945,14.917011,20.435736,17.019194,21.194672,21.540592,23.779938,26.44685,25.76446,22.804636,23.019865,18.228462,17.72645,14.594977,17.587736,13.894231,18.434637,17.703182,19.174389,15.943197,19.6945,13.515241,16.979263,15.724043,18.091372
34,34.146996,30.850883,28.547272,26.444414,25.566912,26.05599,22.739407,26.354326,23.21238,28.405724,24.972168,29.256922,27.85684,27.13682,27.387228,23.197605,27.09021,23.225813,28.624432,27.100172,29.415365,32.32854,32.15289,27.98755,30.879818,28.157925,28.396442,24.27299,19.678238,18.377546,14.426064,10.132544,6.6627417,5.5458956,0.0,3.8982456,4.7334747,5.107933,6.357918,6.4910946,9.617464,10.8909025,14.529942,15.145342,19.774664,23.433052,26.974453,28.743776,25.264492,29.721395,24.420248,26.650646,28.423687,26.191383,22.449404,19.465372,19.875753,17.146063,20.881968,20.191801,17.514381,22.847216,23.673395,26.891603,29.537628,31.602787,33.96743,34.519375,32.122746,28.58902,22.901548,22.826555,17.990616,19.515387,14.683488,18.55846,15.065904,17.369576,16.127184,18.962801,17.46844,19.324703,14.173528,16.658352,13.098478,18.628904,16.091728,19.792337,20.898394,22.753098,25.878384,24.488361,21.625284,20.865078,16.811514,14.620216,11.663098,13.065385,9.161211,13.555353,12.363238,13.757022,10.550979,14.910978,9.474609,13.500005,13.569594,16.423742
35,37.841328,34.620213,32.28404,30.316563,29.421062,29.935785,26.491653,30.014524,26.671997,31.678621,27.78404,32.100803,30.379688,29.215971,29.886326,26.10904,30.120043,26.516222,32.086597,30.565836,33.061634,35.848576,35.738777,31.520836,34.14951,31.245064,31.199802,26.969833,22.67,20.653318,17.053581,11.438087,9.106353,5.54596,3.8982456,0.0,4.2552276,6.7128124,6.963315,8.827795,10.622173,13.911889,16.906725,18.336578,22.325247,26.244312,29.91045,31.28644,27.447508,31.578257,26.186523,27.858803,29.25888,26.977879,22.8883,20.217516,20.746117,17.593237,20.501928,20.65354,18.445934,24.23218,25.454702,28.883373,31.680437,33.91188,36.597935,37.270794,35.22112,31.681643,25.813858,25.45432,20.50132,21.526493,16.562819,19.665495,15.529355,17.005985,15.633577,18.561232,17.75996,20.409534,15.84149,18.831347,15.95788,21.567337,19.415865,23.379808,24.492764,26.503479,29.555395,28.272339,25.327616,24.660868,20.578686,18.507265,15.527038,16.478638,12.225096,15.789911,14.318949,16.232311,13.278366,18.201323,13.1747265,17.020206,17.233847,19.740946
36,37.910557,34.419353,32.277878,29.651377,28.589909,28.447628,25.120169,27.834452,24.175055,28.863787,24.40372,28.945164,26.955698,25.826574,26.966381,23.43339,27.676874,24.695467,30.38876,29.531555,32.00854,35.193184,35.48425,31.691172,34.84205,31.909082,32.62079,28.575268,24.007322,22.509888,19.032227,14.125181,11.383787,8.713059,4.7334747,4.2552276,0.0,3.5437734,5.9476066,7.568799,11.34408,13.981127,17.469316,18.725914,22.963884,27.126308,30.159239,32.398857,28.710398,32.973095,27.180964,29.721426,30.816113,27.859081,24.469135,21.885021,21.440487,18.134497,20.7556,20.043823,17.964775,23.57991,25.160297,28.131124,31.568426,32.86363,35.655396,36.886414,34.524902,30.514912,25.274324,24.338228,19.634512,20.096685,15.261293,17.890343,13.416312,15.262859,13.201226,15.553048,14.168646,17.115482,12.686247,16.092577,14.03292,19.401703,18.415855,22.20013,24.035078,26.115736,29.521616,28.107222,25.507923,24.349619,20.575407,17.35448,14.364367,13.866032,9.2935505,11.950039,10.585759,13.050925,10.643006,16.257864,12.281746,16.607471,17.440454,20.511816
