,0,1,2,3,4,5,6,7,8,9,10,11,12,13,14,15,16,17,18,19,20,21,22,23,24,25,26,27,28,29,30,31,32,33,34,35,36,37,38,39,40,41,42,43,44,45,46,47,48,49,50,51,52,53,54,55,56,57,58,59,60,61,62,63,64,65,66,67,68,69,70,71,72,73,74,75,76,77,78,79,80,81,82,83,84,85,86,87,88,89,90,91,92,93,94,95,96,97,98,99,100,101,102,103,104,105,106,107,108,109,110,111,112
0,0.0,4.1056724,7.3775125,10.176351,12.546777,15.202197,18.198008,20.666811,23.729689,25.314331,28.513039,30.157536,33.413548,34.316803,38.35787,37.17247,41.537636,41.116188,47.292835,47.035408,50.97469,53.489872,57.45592,52.504158,50.18627,49.00772,43.842873,44.989357,40.764713,43.8743,36.160583,41.503296,38.118546,37.62302,33.480545,31.466394,32.590305,37.154205,37.219334,35.530327,38.551613,42.404907,40.34797,40.85905,44.31881,46.83799,44.986046,46.503304,50.834072,51.56744,50.52104,52.062565,54.728485,53.912243,51.171764,49.72745,45.135174,45.10464,49.85354,47.866806,42.261738,44.953587,42.304173,45.165436,43.040558,38.766636,37.12196,33.49815,33.726284,35.318848,30.95886,28.158487,30.185165,27.163746,29.600267,26.65447,25.038015,27.548618,23.580034,28.254562,26.106024,27.500013,29.819368,33.514595,34.131145,40.812534,38.491165,44.126213,45.134186,47.99019,50.076042,50.626575,53.73682,56.07288,53.918766,57.076206,54.386242,51.16917,50.450695,46.184147,44.592556,40.219322,37.05923,34.599667,31.939936,29.79227,27.370031,29.829153,26.43229,30.845888,31.069891,32.97765,35.43574
1,4.1056724,0.0,5.157483,6.4194493,8.809245,12.09209,14.493462,17.402523,20.06107,22.062174,25.08785,27.019884,30.099136,30.797115,34.80217,33.354473,37.722923,37.15657,43.393005,43.02897,46.932255,49.4662,53.40439,48.41107,46.095722,44.905685,39.747433,40.92491,36.714806,39.892754,32.259148,37.757507,34.544334,34.196815,29.994856,27.758772,29.154295,33.691246,33.49335,31.838547,35.106293,38.67516,36.54056,37.276497,40.779274,43.017933,41.215904,42.97991,47.23359,48.014996,46.780342,48.24759,50.849846,50.030525,47.181927,45.667454,41.114033,41.025124,45.805725,43.92783,38.27065,41.01375,38.40804,41.373215,39.24968,34.931946,33.392387,29.811914,29.791924,31.37195,27.166513,24.337622,26.142992,23.19218,25.517342,22.691267,21.014742,23.502583,19.726881,24.42722,22.514494,24.200987,26.185947,29.801418,30.230934,36.94706,34.49774,40.140316,41.13246,43.953568,46.092636,46.65368,49.727547,52.127953,50.0026,53.19592,50.540314,47.312195,46.61725,42.32019,40.78686,36.370163,33.40876,30.780754,28.341373,26.346241,23.833778,26.118826,22.64597,26.878254,27.179087,28.97974,31.579361
2,7.3775125,5.157483,0.0,5.4235125,6.3684883,8.560975,11.537104,13.877178,17.2611,18.477722,21.99304,23.487703,26.91845,27.64761,32.372707,31.032312,35.49248,35.40027,41.37034,41.623173,45.41429,48.116547,51.85655,47.15279,45.1257,43.71134,38.517536,39.167934,34.85302,37.6339,29.814068,35.017765,31.61049,30.671225,26.420172,24.597986,25.397781,30.007233,30.339457,28.661457,31.365705,35.508022,33.670086,33.94225,37.22029,40.142914,38.483826,39.605965,43.8966,44.470646,43.62041,45.471313,48.09571,47.288254,44.89227,43.83508,39.03794,39.512222,44.177837,41.699203,36.43474,39.597813,37.361176,40.135666,37.404533,33.13888,32.262497,28.474628,28.340609,30.796793,26.634129,23.15527,25.202208,23.312431,25.220095,23.358988,21.368341,23.001724,19.554525,23.632215,21.471493,22.727255,24.62,28.453032,29.10055,35.779964,33.698643,39.161964,40.62867,43.468678,45.889214,46.743282,49.694405,52.254337,50.09386,53.174034,50.34848,47.02395,45.832607,42.121017,40.08298,36.20811,32.85903,30.485655,27.91749,25.820124,24.035244,26.262527,23.629818,26.969954,28.018742,29.347782,32.542824
3,10.176351,6.4194493,5.4235125,0.0,3.780814,6.359463,8.759257,11.296337,13.702425,15.899465,18.726938,20.837666,23.767174,24.428476,28.41304,27.003025,31.376091,30.997501,37.131428,37.03547,40.97895,43.527332,47.470158,42.733387,40.53356,39.3438,34.105076,35.128517,30.984049,34.196766,26.782335,32.624184,29.787567,29.156826,24.621134,21.958305,23.383724,28.149448,27.594656,25.696907,29.162382,32.73268,30.365986,31.017883,34.70201,36.861233,34.866703,36.671627,40.97214,41.91223,40.76223,41.969822,44.803715,44.165104,41.343155,39.969357,35.37668,35.586216,40.512413,38.584133,33.08346,36.373245,34.156574,37.321598,34.80644,30.406607,29.645658,26.102383,25.190893,27.226337,23.637627,20.39334,21.419777,19.304646,20.71806,18.735283,16.421556,18.022856,14.248423,18.554665,16.553617,18.24517,19.987768,23.682047,24.2293,30.935167,28.763704,34.30859,35.631172,38.5503,40.82807,41.68542,44.75111,47.147575,44.923058,47.97357,45.150562,41.849678,40.81963,36.919094,35.021603,30.975512,27.734285,25.258993,22.751223,20.766323,18.705437,20.90729,18.308537,21.78843,22.938078,24.586025,27.775917
4,12.546777,8.809245,6.3684883,3.780814,0.0,5.59146,5.700544,9.668104,11.845392,14.152341,17.226135,19.397646,22.381771,22.588331,27.285639,25.31457,29.795958,29.385895,35.48806,35.516094,39.216587,41.968494,45.64038,40.83186,38.816387,37.361492,32.185493,32.87653,28.56437,31.476492,23.77029,29.31102,26.258915,25.660168,21.28763,18.960417,20.417646,24.943605,24.704016,23.128967,26.385653,29.890854,27.90783,28.696218,32.046402,34.373466,32.85575,34.50589,38.62155,39.279346,38.011982,39.7454,42.21183,41.377266,38.75361,37.549706,32.8132,33.171024,37.89204,35.6192,30.237408,33.50206,31.362673,34.323975,31.596867,27.248383,26.621672,22.946316,22.266172,24.765114,20.981733,17.401894,18.966702,17.459652,19.028267,17.671751,15.583944,16.964228,14.253626,18.144913,16.627241,18.514078,19.506577,23.110205,23.307894,30.029102,27.670366,33.12223,34.554462,37.297947,39.82817,40.68789,43.542385,46.23243,44.150475,47.2994,44.568413,41.2408,40.11344,36.352596,34.456257,30.526575,27.657497,24.94509,22.937954,21.24746,19.392235,21.113615,18.484583,21.152882,22.41156,23.388165,26.873053
5,15.202197,12.09209,8.560975,6.359463,5.59146,0.0,5.9900694,5.492762,9.284361,10.115852,13.503999,15.031822,18.37911,19.291304,23.950079,23.004662,27.407043,27.81107,33.466003,34.26988,38.14908,40.799065,44.58017,40.413593,38.580853,37.244606,31.982655,32.371567,28.272453,31.07022,23.802608,29.503239,26.798807,25.225119,20.37022,17.842382,18.392275,23.528654,23.297407,21.049263,23.960573,28.331486,26.047007,25.934584,29.597946,32.527348,30.390188,31.431597,35.900074,36.802525,36.251316,37.552372,40.705288,40.27484,37.96468,37.18137,32.376617,33.400528,38.274635,35.750244,30.860407,34.90645,33.346375,36.397152,33.098045,28.797716,29.211643,25.629091,24.042114,27.12384,24.132523,20.227932,20.85523,20.411163,20.6897,20.241386,17.415236,17.313528,14.010375,16.85001,14.350665,15.128563,16.832815,20.795664,21.870798,28.309559,26.92806,32.0832,34.10774,37.11379,39.654064,40.98931,43.93875,46.36191,44.02426,46.784,43.677715,40.288284,38.53139,35.577393,32.895016,29.795279,25.8439,24.00589,21.189425,19.052013,18.343931,20.44721,19.61311,21.61708,23.987219,25.149134,29.02875
6,18.198008,14.493462,11.537104,8.759257,5.700544,5.9900694,0.0,5.9960933,6.9177785,9.571474,12.457518,14.849722,17.599686,17.327593,22.554207,20.176805,24.70503,24.477453,30.390566,30.780127,34.313305,37.202164,40.671303,36.085762,34.32728,32.700184,27.546976,27.817034,23.47949,26.166988,18.51545,24.158922,21.387503,20.49151,15.880284,13.307554,14.845151,19.428095,19.031458,17.452578,20.764534,24.212511,22.287952,23.097216,26.37284,28.744322,27.398668,28.968998,32.987293,33.597588,32.327625,34.18521,36.613884,35.818512,33.369324,32.43599,27.57576,28.357609,33.03554,30.474422,25.389719,29.163044,27.507395,30.465374,27.238953,22.92014,23.239548,19.651106,18.18258,21.460909,18.381365,14.32778,15.311523,15.412261,15.950932,16.132412,13.818781,13.8200655,12.4283,15.016591,13.979333,15.848034,15.832134,19.258036,19.284811,25.815008,23.656336,28.822973,30.631693,33.30096,36.09202,37.20841,39.87893,42.718346,40.66597,43.712948,40.926277,37.56161,36.08001,32.84026,30.641523,27.242693,24.466185,21.843313,20.252434,18.909853,17.80891,18.944624,17.379744,18.463636,20.556423,20.841814,24.906437
7,20.666811,17.402523,13.877178,11.296337,9.668104,5.492762,5.9960933,0.0,4.7789826,4.664556,8.212056,9.795293,13.108535,13.863841,18.996277,18.052105,22.435148,23.256668,28.569729,29.885895,33.65088,36.35939,39.988716,36.205456,34.640476,33.22755,28.033585,28.008871,24.054205,26.618395,19.803003,25.535553,23.32024,21.268732,16.168644,13.330428,13.538072,18.901026,18.412413,15.860921,18.751677,23.288853,20.897104,20.494928,24.25864,27.324114,25.100689,25.944838,30.444607,31.424332,31.056015,32.254158,35.584923,35.32516,33.225773,32.766403,27.926992,29.45778,34.287464,31.555159,27.12402,31.711473,30.71128,33.752544,30.02259,25.86774,27.25608,23.918674,21.509003,25.14525,23.020008,18.958101,18.773897,19.723536,18.89363,19.78488,16.777222,15.228317,13.038158,14.227187,11.980321,12.350315,13.185904,17.024462,18.220676,24.288301,23.394833,28.14029,30.613447,33.59162,36.316715,37.963696,40.75889,43.216988,40.86422,43.431393,40.216953,36.80706,34.613117,32.324314,29.21664,26.827099,22.748735,21.259222,18.677132,16.821892,17.12157,18.700794,19.18631,19.68655,22.902376,23.554998,27.851154
8,23.729689,20.06107,17.2611,13.702425,11.845392,9.284361,6.9177785,4.7789826,0.0,4.7178597,5.832779,8.944237,10.983484,10.861964,15.668654,13.839078,18.317423,18.705296,24.291681,25.27451,29.029362,31.7593,35.4093,31.48396,29.872326,28.486008,23.272717,23.391249,19.493507,22.36041,15.932138,22.185247,20.625517,19.084595,13.982269,10.137267,11.482677,16.579765,14.989547,12.393049,16.342283,19.840742,17.022402,17.401358,21.409128,23.510155,21.293686,23.021397,27.324501,28.51025,27.583181,28.44468,31.68634,31.444096,28.960117,28.245293,23.516945,24.875948,29.845415,27.502214,22.926907,27.641344,26.786915,30.045765,26.457157,22.301414,23.996618,21.032925,17.84391,21.319475,19.98916,16.234016,14.965329,16.564621,14.897849,16.590183,13.594707,11.178917,10.315333,10.474886,9.327692,10.530748,9.755743,13.172223,13.811448,19.939156,18.773893,23.518606,25.954187,28.865915,31.657965,33.31069,36.04005,38.566658,36.276474,38.90382,35.788857,32.38457,30.304817,27.915228,24.979103,22.53629,19.013273,17.202023,15.349253,14.1252985,14.482238,15.317748,16.202013,15.640765,19.186459,19.500326,23.949068
9,25.314331,22.062174,18.477722,15.899465,14.152341,10.115852,9.571474,4.664556,4.7178597,0.0,4.26439,5.3535495,8.737631,9.509471,15.200098,14.589387,18.802437,20.27376,25.00227,26.998487,30.621683,33.335346,36.79711,33.54236,32.290104,30.845402,25.814146,25.313316,21.64973,23.859621,17.829155,23.353851,21.72652,19.080685,13.921733,10.978427,10.395804,15.88633,15.178993,12.180833,14.790259,19.688763,17.18532,16.165354,20.066114,23.441448,21.01688,21.431944,26.03464,27.130007,27.138172,28.155048,31.782412,31.770624,29.987358,29.947672,25.143986,27.272066,31.979742,29.030796,25.243631,30.332808,29.936129,32.894657,28.781122,24.898853,27.22056,24.214584,21.137766,25.171133,23.907564,19.903675,18.997932,21.103714,19.330551,21.29254,18.283989,15.557966,14.42176,13.891152,11.983026,11.603145,11.582865,15.015036,16.468922,21.807665,21.637094,25.772076,28.725266,31.660862,34.506,36.48125,39.114616,41.527454,39.14882,41.44692,38.108273,34.717525,32.03205,30.556963,26.970947,25.473259,21.214449,20.30422,17.929592,16.378761,17.729502,18.829975,20.574846,19.788326,23.657412,23.90542,28.413635
10,28.513039,25.08785,21.99304,18.726938,17.226135,13.503999,12.457518,8.212056,5.832779,4.26439,0.0,3.766354,5.19677,6.0336704,10.971347,10.710861,14.776773,16.502281,21.046818,23.19249,26.940052,29.49846,33.101917,30.156965,28.927694,27.704006,22.739841,22.321524,19.094378,21.526953,16.660744,22.479265,21.764128,19.299046,14.303605,10.621098,10.486404,15.563694,13.634436,10.089223,13.487516,17.64998,14.376957,13.396115,17.911966,20.496449,17.419147,18.425247,23.116083,24.720474,24.648651,24.774998,28.861189,29.187939,27.161253,27.054955,22.526712,24.749939,29.598644,27.10155,23.537413,28.914293,28.864937,32.02614,28.016365,24.291044,27.076502,24.543278,20.663624,24.392288,24.090656,20.524385,18.456718,21.016861,18.28544,20.835108,17.759405,14.106019,13.633406,11.612639,10.177092,9.473598,8.408921,11.340996,13.062285,17.861383,18.261627,22.028149,25.221169,28.230555,31.004972,33.206882,35.8484,38.06003,35.59436,37.68057,34.237484,30.86756,27.96503,26.89193,23.031372,22.07146,17.667288,17.226065,15.025474,13.848591,15.944244,16.597794,19.486153,17.772432,22.146364,22.374165,26.870594
11,30.157536,27.019884,23.487703,20.837666,19.397646,15.031822,14.849722,9.795293,8.944237,5.3535495,3.766354,0.0,4.137385,6.316618,11.488764,12.48006,15.976965,18.541096,22.176447,25.111763,28.665438,31.160948,34.55669,32.195774,31.263952,30.013468,25.286636,24.411804,21.44382,23.305492,18.857243,23.9772,23.229448,20.025429,15.225608,12.440766,10.906797,15.873313,14.725748,11.123873,13.028782,18.218533,15.353183,13.072696,17.35083,20.990269,17.79118,17.493893,22.396242,23.93348,24.724089,24.934685,29.313473,29.846212,28.431622,28.867233,24.379358,27.12855,31.696838,28.776863,25.858667,31.408463,31.66325,34.58354,30.246113,26.752768,29.896494,27.32957,23.611176,27.665977,27.330578,23.596844,21.858946,24.631832,21.965012,24.578432,21.50155,17.858652,17.14677,15.062687,13.221753,11.590905,11.268219,13.928224,16.089357,20.077456,21.184427,24.395206,27.894108,30.863659,33.63578,36.044567,38.586876,40.69313,38.18607,39.997833,36.419586,33.10808,29.773563,29.436056,25.165276,24.930279,20.128887,20.32449,17.840425,16.469372,19.055965,19.901075,23.120935,21.411598,25.868181,26.060139,30.563986
12,33.413548,30.099136,26.91845,23.767174,22.381771,18.37911,17.599686,13.108535,10.983484,8.737631,5.19677,4.137385,0.0,3.7215395,7.476794,9.258471,12.205104,15.239957,18.346617,21.593512,25.143482,27.477108,30.914902,28.964857,28.146782,27.093714,22.588282,21.680504,19.285948,21.179224,18.100325,23.208551,23.329674,20.37193,15.958502,12.825135,11.757416,15.906273,13.692807,9.86074,12.220769,16.390522,12.885015,10.503336,15.316217,18.08367,14.207161,14.428186,19.385176,21.45493,22.189276,21.474995,26.306835,27.191956,25.626532,26.08152,21.958157,24.844944,29.4023,26.898687,24.36102,30.087051,30.711971,33.727367,29.511889,26.269854,29.821285,27.720163,23.419575,27.1734,27.687555,24.380295,21.788425,24.96428,21.591183,24.707565,21.730593,17.481968,17.533228,14.299646,13.173909,11.450106,10.033862,11.589926,13.84129,16.767395,18.569576,21.129276,24.879019,27.819733,30.525099,33.152985,35.61694,37.5433,35.001766,36.571854,32.930786,29.683218,26.083372,26.318687,21.789371,22.28729,17.577986,18.301939,16.255434,15.42851,18.571777,18.876738,22.94121,20.364689,25.105946,25.160547,29.564438
13,34.316803,30.797115,27.64761,24.428476,22.588331,19.291304,17.327593,13.863841,10.861964,9.509471,6.0336704,6.316618,3.7215395,0.0,7.482485,6.8314753,10.190286,12.887554,16.221054,19.353655,22.60089,25.233547,28.390644,26.149065,25.478119,24.130424,19.689384,18.430784,15.881514,17.545275,14.597795,19.570835,19.967312,17.233368,13.082199,9.902906,9.234247,12.811606,10.075382,6.240036,9.293615,12.826026,9.305113,7.568036,12.431796,14.888528,11.672682,12.450279,17.10986,18.919498,19.04184,18.909779,23.229225,23.852816,22.236193,22.738125,18.436968,21.468794,25.889421,23.20694,20.773949,26.541315,27.336569,30.22667,25.937773,22.845139,26.67595,24.786678,20.382086,24.302492,25.11789,21.961102,19.295607,23.068014,19.6071,23.264809,20.663656,16.326685,17.560993,14.1603,14.059358,13.312876,10.684641,11.599932,12.781853,15.606024,16.850748,19.269882,22.987976,25.650162,28.616846,31.134943,33.355377,35.621468,33.299545,35.081936,31.685177,28.449184,25.022385,25.105434,20.943554,21.291994,17.638187,17.722559,16.710018,16.478483,19.15165,18.853859,22.46136,19.227337,23.815756,23.254028,27.722383
14,38.35787,34.80217,32.372707,28.41304,27.285639,23.950079,22.554207,18.996277,15.668654,15.200098,10.971347,11.488764,7.476794,7.482485,0.0,5.9765577,6.40784,10.002856,12.110339,15.420609,19.218172,21.011217,24.843353,23.539177,22.694567,22.30165,18.298866,17.893808,16.90238,19.220678,18.848404,23.952091,25.477379,23.466125,19.826664,16.226755,16.457176,19.16992,15.2815075,11.9781275,15.206385,16.431526,11.858342,10.769209,15.755072,15.532672,10.177197,12.881461,17.210175,20.376833,20.452183,17.364307,22.966904,24.513468,22.203625,22.215342,19.1868,21.741137,26.340233,25.198881,23.078295,28.719046,29.768263,33.049145,29.470013,26.656054,30.436937,29.195835,24.097532,26.794367,28.725494,26.382168,22.376795,25.687607,21.2989,24.850016,22.174522,17.33892,18.4722,13.7437525,14.066044,12.705587,9.787289,8.389632,10.488357,10.534862,13.925091,15.065826,19.12001,22.075848,24.447258,27.436558,29.87034,31.295729,28.63115,29.75046,25.975298,22.849512,18.880264,20.044456,15.089463,17.02065,12.72693,14.579058,13.63263,14.053918,17.747866,17.02945,22.350838,18.540876,23.460585,23.497862,27.406286
15,37.17247,33.354473,31.032312,27.003025,25.31457,23.004662,20.176805,18.052105,13.839078,14.589387,10.710861,12.48006,9.258471,6.8314753,5.9765577,0.0,4.5347342,6.1012135,10.517909,12.693631,16.289831,18.847427,22.411295,19.838913,18.901737,17.893822,13.443426,12.852907,11.128275,13.789677,13.15791,18.550058,20.264967,19.037123,15.735227,11.919716,13.348324,15.362544,10.675173,8.034131,12.592802,12.277117,7.414751,8.896701,13.535412,12.257274,8.447371,12.769654,16.388857,18.862572,17.462393,15.712764,20.022953,20.837475,17.957026,17.544477,13.922025,16.289808,21.089882,19.85497,17.204098,22.829996,23.814407,27.089993,23.581074,20.747663,24.575373,23.552164,18.34936,21.102335,23.306349,21.227827,17.090328,21.018797,16.613794,20.812006,18.687067,13.904972,16.693316,12.189419,13.909682,14.1855545,9.944387,8.413711,8.058369,9.357359,10.622447,12.472822,16.243862,18.860413,21.81557,24.402199,26.5981,28.80245,26.51618,28.360336,25.104805,21.882198,18.723509,18.622843,14.799958,15.360691,13.170678,13.059399,13.790253,14.869847,17.308788,15.83035,19.906689,15.347347,19.928316,19.05748,23.156887
16,41.537636,37.722923,35.49248,31.376091,29.795958,27.407043,24.70503,22.435148,18.317423,18.802437,14.776773,15.976965,12.205104,10.190286,6.40784,4.5347342,0.0,4.646238,6.3074365,9.695301,13.0792675,15.28351,18.831997,17.312449,16.780529,16.19099,12.683632,11.868944,11.854586,13.93163,15.80983,20.205383,22.773806,21.660929,19.088879,15.798437,16.907385,17.977985,13.220231,11.233251,14.691582,13.06384,8.437035,9.687003,13.684449,10.730669,5.7910433,11.356231,14.265451,17.408981,16.065071,12.5060005,17.549313,19.032211,16.14269,15.944135,13.444879,16.018997,20.331278,19.767027,18.217226,23.688177,25.243046,28.365326,25.106703,22.891336,27.048645,26.573534,21.230055,23.497452,26.458992,24.853378,20.381012,24.406734,19.718983,24.04234,22.16031,17.35801,20.320349,15.439588,17.330267,17.258133,13.165394,10.552566,10.19305,8.072782,10.939199,10.555852,14.773978,17.105606,19.864271,22.84104,24.764763,26.615421,24.328684,25.644983,22.319872,19.310345,15.565357,16.916838,12.756009,15.049239,13.527953,14.381713,15.681991,17.200924,19.99873,18.18469,22.83239,17.81438,22.259613,21.282673,24.923222
17,41.116188,37.15657,35.40027,30.997501,29.385895,27.81107,24.477453,23.256668,18.705296,20.27376,16.502281,18.541096,15.239957,12.887554,10.002856,6.1012135,4.646238,0.0,6.6163883,6.7290683,10.626772,13.116632,17.012093,14.115278,12.975193,12.413236,8.3750305,8.690051,8.862781,12.028587,14.332212,19.071304,21.875631,21.834883,19.524862,15.961035,18.177845,18.955387,13.7645035,12.543531,16.838306,13.9442835,9.568898,12.722601,16.175331,11.875107,8.783533,15.049776,17.161854,19.874306,17.23519,14.105657,17.854979,18.815392,14.798826,13.352907,11.131032,12.493901,17.294355,17.772043,15.41462,20.44725,21.753057,25.15545,22.559608,20.336533,24.061201,23.995098,18.505133,19.920462,23.443562,22.504984,17.512964,21.395151,16.539688,20.982563,19.609257,15.078526,18.98241,14.29371,17.1767,18.097588,13.542358,10.4774475,8.3954115,6.070806,7.084329,6.839546,10.713344,12.993839,16.016565,18.714375,20.698036,22.902449,20.763624,22.651606,19.687105,16.586504,13.83931,13.734214,10.754971,11.873459,12.365537,12.018183,14.744188,16.889254,18.789598,16.323689,20.307707,14.775034,18.754372,17.400764,20.764523
18,47.292835,43.393005,41.37034,37.131428,35.48806,33.466003,30.390566,28.569729,24.291681,25.00227,21.046818,22.176447,18.346617,16.221054,12.110339,10.517909,6.3074365,6.6163883,0.0,5.8523784,7.7615857,9.57108,12.78648,12.611642,12.869943,12.780037,11.309009,10.246625,12.632533,13.772462,18.627333,21.615568,25.21484,24.762379,23.281597,20.565594,21.851435,21.640497,16.879805,16.041222,18.679352,15.003513,11.589255,13.518917,15.816991,10.248243,6.88476,12.982118,13.717794,17.074663,14.962702,9.3189335,14.12487,16.219872,13.001167,12.754881,12.394285,14.660454,17.890806,18.597342,18.465763,23.238688,25.46774,28.264404,25.626234,24.347198,28.70148,29.0763,23.746458,25.220272,29.167665,28.355595,23.593267,27.77402,22.9727,27.488176,26.209728,21.670444,25.304342,20.392506,22.83195,22.98998,18.825539,15.562396,14.433403,9.685356,12.586611,9.150701,13.033057,14.279004,16.808558,20.002583,21.198872,22.842571,20.90132,21.69891,18.769266,16.307892,12.449103,15.415352,12.143457,15.867684,16.46193,17.45189,19.892544,21.980328,24.51477,22.147715,26.647715,21.095114,24.90801,23.444061,26.34609
19,47.035408,43.02897,41.623173,37.03547,35.516094,34.26988,30.780127,29.885895,25.27451,26.998487,23.19249,25.111763,21.593512,19.353655,15.420609,12.693631,9.695301,6.7290683,5.8523784,0.0,4.7542076,6.548381,10.998948,8.698625,7.754633,8.530954,7.382252,8.516537,11.550628,13.811869,18.81158,22.20064,25.88553,26.535824,25.118608,22.00772,24.303705,24.160898,19.047127,18.595121,22.210949,17.861559,14.49405,17.768795,20.11271,13.918897,11.912527,18.370815,18.908958,21.772247,18.506884,13.801417,16.742197,18.113798,13.489211,11.243496,11.900536,12.07966,15.688047,18.173292,17.068247,20.933681,22.76091,25.90405,24.316544,23.057257,26.649408,27.511187,22.169537,22.361853,26.906002,26.931095,21.671064,25.3011,20.463787,24.740013,24.024372,19.991684,24.20974,19.607376,22.830013,23.8249,19.423279,15.778009,13.487134,8.351746,9.4724655,4.598423,7.556266,8.429838,11.130954,14.197605,15.521557,17.397104,15.5361,16.995209,14.485871,11.931804,9.593609,10.817615,9.451049,12.155888,15.145005,15.196369,18.905338,21.567652,23.219309,20.277082,24.129076,18.34443,21.384962,19.75845,21.945238
20,50.97469,46.932255,45.41429,40.97895,39.216587,38.14908,34.313305,33.65088,29.029362,30.621683,26.940052,28.665438,25.143482,22.60089,19.218172,16.289831,13.0792675,10.626772,7.7615857,4.7542076,0.0,3.6320617,6.5238953,5.0772,6.1015186,6.7312946,8.599422,8.493532,12.766697,13.597141,20.262287,22.218527,26.47614,27.434158,26.889149,24.436094,26.590536,25.493849,20.68659,20.970726,23.825768,18.464935,16.177649,19.579865,20.792967,13.7570715,13.382171,19.334244,18.595343,21.065527,17.281464,12.580688,14.057814,15.455728,10.869557,8.738202,11.35116,11.492633,13.432866,16.592169,16.979532,20.134073,22.61264,25.157711,23.867826,23.486229,27.33916,28.744293,23.72347,23.78235,28.718384,29.09573,24.138758,28.10948,23.551487,28.014664,27.70752,23.918943,28.498129,24.05786,27.34932,28.378838,23.910284,20.397787,17.99875,13.100216,13.764654,8.911824,10.422814,9.504364,11.9874115,14.6635065,14.752563,16.91041,15.852153,17.014235,15.424437,13.72776,11.962057,13.943635,13.571117,16.340828,19.862272,19.756006,23.624949,26.287804,27.820267,24.797419,28.192524,22.324665,24.879864,22.686436,24.5078
21,53.489872,49.4662,48.116547,43.527332,41.968494,40.799065,37.202164,36.35939,31.7593,33.335346,29.49846,31.160948,27.477108,25.233547,21.011217,18.847427,15.28351,13.116632,9.57108,6.548381,3.6320617,0.0,5.2271624,6.394662,7.2640877,9.158047,11.530973,12.061089,16.268633,17.220316,23.813517,25.835905,30.1067,31.02258,30.370995,27.774467,29.869707,28.951403,24.118727,24.161896,27.010921,21.859718,19.420036,22.441849,23.775341,16.811476,15.88248,21.650223,20.785961,23.531479,20.134382,14.599564,16.35654,18.12971,13.928737,11.935121,14.95882,14.770776,16.325142,19.948263,20.447506,23.243862,25.637827,28.184671,27.239872,26.927544,30.565908,32.060722,27.028019,26.715435,31.755598,32.28642,27.150637,30.78164,26.13854,30.332705,29.998981,26.240751,30.561028,26.01119,29.24617,30.115679,25.830383,22.062204,19.912958,14.229758,15.475684,9.97236,10.879539,9.625513,11.03102,13.92368,13.807805,15.060188,13.98292,14.359867,12.882777,11.772266,10.152342,13.256473,13.291677,16.844477,20.591063,21.003742,24.85631,27.6208,29.26736,26.219538,29.935688,24.180845,26.622187,24.775463,26.167122
22,57.45592,53.40439,51.85655,47.470158,45.64038,44.58017,40.671303,39.988716,35.4093,36.79711,33.101917,34.55669,30.914902,28.390644,24.843353,22.411295,18.831997,17.012093,12.78648,10.998948,6.5238953,5.2271624,0.0,6.70332,9.454829,10.473463,14.335254,13.733797,18.31843,17.972698,25.589874,26.226315,30.884312,31.96798,32.133118,30.202213,32.07795,30.303,25.903616,26.563932,28.63344,22.803621,21.406336,24.39212,24.64887,17.420958,17.952673,22.919765,20.89312,23.064135,19.405539,14.42208,14.362363,16.079998,12.678294,11.48793,15.716099,15.762594,15.48073,19.230831,21.22805,23.34243,26.314468,28.135284,27.356176,27.87576,31.77042,33.66394,29.017033,28.803396,34.006058,34.71941,29.985075,33.990135,29.62572,34.036594,33.980904,30.351501,34.9787,30.532906,33.79073,34.66994,30.282038,26.688694,24.448572,19.126722,20.060896,14.854502,15.484043,13.481318,14.78501,16.978241,15.694573,17.22198,17.075891,17.178062,16.696627,16.292107,15.053577,18.213964,18.515606,21.870401,25.69274,25.902765,29.799402,32.505493,34.111008,31.04239,34.393906,28.553474,30.740465,28.3957,29.669004
23,52.504158,48.41107,47.15279,42.733387,40.83186,40.413593,36.085762,36.205456,31.48396,33.54236,30.156965,32.195774,28.964857,26.149065,23.539177,19.838913,17.312449,14.115278,12.611642,8.698625,5.0772,6.394662,6.70332,0.0,3.5101347,3.9658322,8.68321,9.1005,13.480617,13.978248,20.98652,22.184193,26.599699,28.44432,28.48451,26.313538,28.917706,27.334242,22.718801,23.650175,26.561352,20.557531,18.996046,23.054094,23.743265,16.55955,17.48644,23.28146,22.102072,23.900444,19.31215,16.048283,15.492794,15.962133,10.957612,7.529509,11.6047945,10.035977,10.610377,15.379321,15.934085,17.64701,20.175547,22.408817,22.106833,22.349812,25.70936,27.752602,23.202026,22.407349,27.76343,28.87557,24.111843,27.904306,23.794395,28.124691,28.483454,25.33297,30.402159,26.466818,30.129341,31.680773,27.094074,23.72852,20.734146,16.631615,15.818957,11.60735,11.354688,8.92444,11.312565,12.878347,11.879905,14.951482,14.868113,16.680017,16.326265,15.169089,15.048911,15.525254,16.764086,18.243963,22.972054,22.020708,26.45365,29.270483,30.127424,26.863976,29.261663,23.44965,25.078335,22.326399,23.467196
24,50.18627,46.095722,45.1257,40.53356,38.816387,38.580853,34.32728,34.640476,29.872326,32.290104,28.927694,31.263952,28.146782,25.478119,22.694567,18.901737,16.780529,12.975193,12.869943,7.754633,6.1015186,7.2640877,9.454829,3.5101347,0.0,3.4063475,6.937244,9.078974,12.843491,14.505009,20.45958,22.623827,26.675722,28.674309,28.223108,25.5904,28.544294,27.528646,22.673433,23.302015,26.855818,21.287077,19.140396,23.392982,24.736818,17.867172,18.077425,24.288538,23.801884,25.797556,21.28728,18.02818,18.192297,18.555418,13.23942,9.269334,12.2188425,9.7902355,11.759906,16.621998,15.787479,17.520336,19.395771,22.178236,22.141233,21.831179,24.67394,26.58715,21.895031,20.59661,25.967184,27.231077,22.163212,25.491308,21.304878,25.368336,25.781368,22.813093,27.840935,24.063906,27.878412,29.666197,25.134863,21.725327,18.514343,14.671914,13.210321,9.323854,8.220882,5.5964384,8.374388,9.8935,9.620005,12.9225025,12.500223,14.962695,14.460429,12.967408,13.522882,12.676384,14.556961,15.243351,20.51063,19.241608,23.912996,26.838774,27.389402,24.028303,26.255608,20.529367,21.939205,19.380617,20.303892
25,49.00772,44.905685,43.71134,39.3438,37.361492,37.244606,32.700184,33.22755,28.486008,30.845402,27.704006,30.013468,27.093714,24.130424,22.30165,17.893822,16.19099,12.413236,12.780037,8.530954,6.7312946,9.158047,10.473463,3.9658322,3.4063475,0.0,5.3165874,6.421609,10.250072,11.417602,17.694279,19.369875,23.519308,25.67975,25.577394,23.29519,26.254595,24.836668,20.178823,21.24123,24.569397,18.691982,17.05712,21.60108,22.541813,15.770285,16.864134,22.834051,22.221693,23.783289,18.926159,16.766672,16.212004,16.058867,10.591949,6.263408,9.15351,6.5460153,8.534339,13.24845,12.5619335,14.418095,16.614096,19.226456,18.89525,18.770952,21.936195,23.911741,19.341574,18.454367,23.801207,24.975367,20.235949,24.050112,20.078947,24.471315,24.985682,22.055384,27.354647,23.751701,27.551418,29.43789,24.786308,21.716331,18.363745,15.401468,13.504207,10.539106,10.177505,8.226619,11.436344,12.630897,12.295155,16.038574,15.750437,18.361017,17.765108,16.049305,16.109722,15.148669,16.421492,16.678295,21.473545,19.814259,24.362314,27.12132,27.59764,24.32371,26.151882,20.379364,21.832668,18.782799,20.155323
26,43.842873,39.747433,38.517536,34.105076,32.185493,31.982655,27.546976,28.033585,23.272717,25.814146,22.739841,25.286636,22.588282,19.689384,18.298866,13.443426,12.683632,8.3750305,11.309009,7.382252,8.599422,11.530973,14.335254,8.68321,6.937244,5.3165874,0.0,4.476387,6.422826,9.607452,13.915708,17.283203,20.78687,22.634861,21.691715,18.82525,22.043528,21.440737,16.488152,17.072674,21.148043,16.160301,13.660868,18.369,20.208183,14.373186,14.530485,20.719679,21.251537,22.98825,18.538176,16.777472,17.531357,17.36192,12.024981,8.327046,7.8590775,5.765538,10.648891,13.468173,10.726977,14.069113,15.481255,18.86089,17.72876,16.39548,19.536062,20.771318,15.672422,15.324811,20.233257,20.863642,15.785142,19.674774,15.357773,19.940989,20.07924,16.877409,22.157972,18.58454,22.38026,24.4045,19.738884,16.928205,13.398116,11.703288,8.997886,7.902709,8.520903,8.575771,12.278564,13.794447,14.865822,18.359856,17.259672,20.170986,18.676392,16.152449,15.676767,13.711582,14.0828495,13.346214,17.415863,15.312611,19.67863,22.293484,22.696499,19.5386,21.410488,15.581146,17.598133,14.720647,16.99907
27,44.989357,40.92491,39.167934,35.128517,32.87653,32.371567,27.817034,28.008871,23.391249,25.313316,22.321524,24.411804,21.680504,18.430784,17.893808,12.852907,11.868944,8.690051,10.246625,8.516537,8.493532,12.061089,13.733797,9.1005,9.078974,6.421609,4.476387,0.0,4.611298,5.756954,12.050763,14.182466,18.217827,19.71344,19.411556,17.285109,19.969896,18.498417,13.794847,14.983368,18.176422,12.435391,10.78831,15.566287,16.543438,10.410316,11.917182,17.571033,17.557035,18.887543,14.1804495,13.320441,13.456793,13.080072,7.961264,5.2242985,3.7009597,4.475395,8.619598,9.96285,8.77997,13.033046,15.386283,18.079361,15.974036,15.158055,19.361809,20.53861,15.613916,16.548637,21.129707,21.25126,16.86742,21.584116,17.545397,22.492573,22.451674,19.002012,24.200504,20.519854,23.934156,25.5867,20.893566,18.403234,15.335203,13.722111,12.119586,10.765967,12.4375725,12.339467,15.973841,17.684652,18.202269,21.718702,20.80028,23.27493,21.72145,19.321651,17.972868,17.371439,16.79853,17.017227,19.997494,18.321463,22.085571,24.385159,25.237186,22.375141,24.40648,18.661043,21.060642,17.98426,20.714132
28,40.764713,36.714806,34.85302,30.984049,28.56437,28.272453,23.47949,24.054205,19.493507,21.64973,19.094378,21.44382,19.285948,15.881514,16.90238,11.128275,11.854586,8.862781,12.632533,11.550628,12.766697,16.268633,18.31843,13.480617,12.843491,10.250072,6.422826,4.611298,0.0,4.79347,7.716181,11.366896,14.64205,16.216972,15.445962,13.10544,16.250372,15.185591,10.459146,11.796081,15.584022,10.676679,8.923683,14.063527,15.471494,11.103622,12.474133,17.560583,18.471746,19.426113,15.035265,15.669723,16.07949,15.202826,10.91361,8.996527,4.7120705,5.698767,10.635571,10.112111,6.5683866,11.899741,13.475119,16.525063,13.710174,11.846225,16.084898,16.641096,11.507255,13.369532,17.301031,16.923975,12.7717,17.847305,14.066862,19.163067,19.03188,15.733984,20.991655,17.830433,21.1302,23.06163,18.453527,16.718596,13.567773,14.100372,11.652109,12.490359,14.273445,14.945558,18.637129,20.092957,21.120213,24.766941,23.652708,26.482836,24.694834,21.960012,20.623169,19.089212,18.182632,17.251394,19.428385,17.102034,20.440401,22.398138,22.909758,20.3188,21.699102,16.31017,18.79167,15.605532,19.018177
29,43.8743,39.892754,37.6339,34.196766,31.476492,31.07022,26.166988,26.618395,22.36041,23.859621,21.526953,23.305492,21.179224,17.545275,19.220678,13.789677,13.93163,12.028587,13.772462,13.811869,13.597141,17.220316,17.972698,13.978248,14.505009,11.417602,9.607452,5.756954,4.79347,0.0,8.309579,8.627509,12.981065,14.485429,15.149964,14.236127,16.558084,13.930208,10.080256,12.549521,14.664266,8.359956,8.853398,13.691617,13.422264,8.823265,12.417256,16.39691,16.217506,16.341806,11.342512,13.706677,12.557609,11.003604,7.555499,7.3236628,2.3792615,6.3231807,8.753198,6.0770764,5.7398744,11.037354,13.79554,15.682064,12.143671,11.597851,16.770454,17.659174,13.371434,15.887203,19.60571,19.139479,16.05795,21.467209,18.244438,23.331774,23.325855,20.152172,25.265116,22.1427,25.132652,26.739044,22.229492,20.64822,17.889906,17.822098,16.131754,15.981736,17.898092,17.950792,21.618696,23.073244,23.4217,27.211943,26.454567,29.004858,27.464209,25.010046,23.37049,22.8008,21.758524,21.625631,23.64962,21.704882,24.818449,26.626976,27.408373,24.956087,26.327862,21.054056,23.423893,20.00598,23.243723
30,36.160583,32.259148,29.814068,26.782335,23.77029,23.802608,18.51545,19.803003,15.932138,17.829155,16.660744,18.857243,18.100325,14.597795,18.848404,13.15791,15.80983,14.332212,18.627333,18.81158,20.262287,23.813517,25.589874,20.98652,20.45958,17.694279,13.915708,12.050763,7.716181,8.309579,0.0,7.0094447,7.949772,9.465861,8.558429,7.305432,10.752955,9.490516,6.4620376,8.975101,12.104133,9.426904,9.511241,13.631061,14.521993,13.812904,15.795164,18.676773,20.298347,20.137148,16.55948,19.828945,19.873688,18.256895,15.784725,15.285174,10.231835,11.8827305,15.407946,11.983927,7.818894,12.895288,13.485093,15.869283,11.45807,8.30232,12.832354,11.881129,7.7036667,12.455557,13.978022,12.066948,10.299237,15.882041,13.7099285,18.417557,18.15903,15.640071,20.23889,18.409811,20.854074,22.851807,18.908348,18.83832,16.372358,19.35545,16.792786,19.266636,21.179546,22.245455,25.880861,27.065187,28.25155,32.055954,30.916681,33.934727,32.00269,29.081852,27.548824,25.65448,24.2496,22.545567,23.252748,20.516058,22.624498,23.70369,23.842798,22.079859,22.243801,18.178131,20.480856,17.368782,21.418903
31,41.503296,37.757507,35.017765,32.624184,29.31102,29.503239,24.158922,25.535553,22.185247,23.353851,22.479265,23.9772,23.208551,19.570835,23.952091,18.550058,20.205383,19.071304,21.615568,22.20064,22.218527,25.835905,26.226315,22.184193,22.623827,19.369875,17.283203,14.182466,11.366896,8.627509,7.0094447,0.0,4.9510117,7.7887597,10.75346,12.402305,14.178061,10.08984,9.5895,13.357929,13.757762,9.571632,12.597712,16.156742,14.638935,14.108394,18.281057,19.939428,20.040613,18.55084,14.455342,19.911922,17.820862,15.191556,14.329092,15.087842,10.901785,13.154056,14.058148,8.54268,7.9259353,11.454779,13.348959,13.746851,8.329021,7.957965,13.431922,13.529858,11.543805,15.863459,17.482792,16.24354,15.930058,21.383501,19.912424,24.483955,24.726755,22.549156,27.210073,25.375515,27.75425,29.513477,25.585535,25.306938,22.868399,24.750126,22.519365,23.784847,25.552565,25.785593,29.472807,30.482128,30.835129,34.95876,34.35043,37.233868,35.764538,33.185825,31.632624,30.45129,29.311394,28.26938,29.526932,27.012146,29.384018,30.548552,30.828283,28.962154,28.986296,24.808825,26.670134,23.052782,26.56306
32,38.118546,34.544334,31.61049,29.787567,26.258915,26.798807,21.387503,23.32024,20.625517,21.72652,21.764128,23.229448,23.329674,19.967312,25.477379,20.264967,22.773806,21.875631,25.21484,25.88553,26.47614,30.1067,30.884312,26.599699,26.675722,23.519308,20.78687,18.217827,14.64205,12.981065,7.949772,4.9510117,0.0,5.187816,8.443307,11.156819,12.725,9.198478,10.496767,13.917568,14.107635,12.295649,15.01753,17.857494,16.728518,17.8631,21.352936,22.396196,23.220877,21.587534,18.339417,23.951864,22.402056,19.883492,19.195982,19.770924,15.28752,17.1393,18.5461,13.354252,11.47816,14.336075,15.00447,15.325045,9.991652,8.48732,12.7229595,11.580668,11.0334015,16.113497,16.054674,14.000856,15.321151,20.327518,19.81804,23.818295,24.004688,22.41925,26.514847,25.504463,27.43239,29.275846,25.840996,26.329147,24.159864,27.189373,24.708527,26.892014,28.657232,29.256542,32.92592,33.820637,34.48909,38.625507,37.8752,40.94787,39.323463,36.561836,35.034622,33.364075,32.074867,30.43977,31.097387,28.31813,30.132713,30.877268,30.838224,29.405123,28.747837,25.396996,27.07469,23.704086,27.406607
33,37.62302,34.196815,30.671225,29.156826,25.660168,25.225119,20.49151,21.268732,19.084595,19.080685,19.299046,20.025429,20.37193,17.233368,23.466125,19.037123,21.660929,21.834883,24.762379,26.535824,27.434158,31.02258,31.96798,28.44432,28.674309,25.67975,22.634861,19.71344,16.216972,14.485429,9.465861,7.7887597,5.187816,0.0,5.18908,9.414354,9.140801,4.8805614,8.474126,11.518802,10.1297,10.491342,13.514252,14.915364,13.549217,16.714746,19.745369,19.453602,20.759623,18.983807,17.01525,22.805645,22.158005,20.156597,20.26196,21.61356,16.847942,19.762676,21.545431,15.980404,14.861329,18.758818,19.741488,20.330803,14.895985,13.242947,17.54152,15.841958,14.628757,20.069437,19.759674,16.838362,17.892895,22.884842,21.92912,25.949768,25.414454,23.241947,26.624159,25.325834,26.597248,27.795944,24.727373,25.563696,24.130157,27.173117,25.57998,27.717758,30.146227,31.152315,34.83356,36.19266,37.09414,40.93414,39.863388,42.603287,40.5453,37.656727,35.465107,34.48882,32.379047,31.362696,30.94151,28.77732,29.852936,30.223612,30.798023,29.761509,29.905416,26.657745,29.095512,26.243435,30.350212
34,33.480545,29.994856,26.420172,24.621134,21.28763,20.37022,15.880284,16.168644,13.982269,13.921733,14.303605,15.225608,15.958502,13.082199,19.826664,15.735227,19.088879,19.524862,23.281597,25.118608,26.889149,30.370995,32.133118,28.48451,28.223108,25.577394,21.691715,19.411556,15.445962,15.149964,8.558429,10.75346,8.443307,5.18908,0.0,4.788896,4.473509,4.0167856,6.513032,8.081621,8.190042,10.713814,11.880573,12.865977,13.321019,16.802368,18.276094,18.34142,20.8427,19.993446,18.521374,22.925528,23.69866,22.320854,21.612423,22.441511,17.311543,20.076864,23.073118,18.323307,15.86047,20.483849,20.927876,22.491814,17.39232,14.564004,18.350424,15.972942,13.85835,19.37186,18.696774,15.09254,15.644647,20.298584,19.069529,22.854841,21.742123,19.346287,22.109114,20.927856,21.793463,22.875332,20.117891,21.430775,20.425013,24.234896,22.807133,25.642015,28.276628,29.853678,33.42831,34.96504,36.389557,39.93447,38.48892,41.204292,38.78155,35.68754,33.362907,32.141117,29.651724,28.398071,27.168102,25.115946,25.586761,25.648617,26.307087,25.614664,26.011549,23.15734,26.006369,23.769619,28.180237
35,31.466394,27.758772,24.597986,21.958305,18.960417,17.842382,13.307554,13.330428,10.137267,10.978427,10.621098,12.440766,12.825135,9.902906,16.226755,11.919716,15.798437,15.961035,20.565594,22.00772,24.436094,27.774467,30.202213,26.313538,25.5904,23.29519,18.82525,17.285109,13.10544,14.236127,7.305432,12.402305,11.156819,9.414354,4.788896,0.0,4.4387093,7.176128,5.79339,5.579972,8.862778,10.988681,10.082801,11.670455,13.855301,16.118544,16.316183,17.640076,20.764675,20.87339,19.160843,22.044191,23.729486,22.79558,21.076553,21.186367,16.025463,18.34648,22.30453,18.61908,15.081457,20.137148,20.265198,22.69125,18.133873,14.639343,18.089928,15.712542,12.358126,17.397718,17.113184,13.539278,12.712127,17.214209,15.293315,19.14579,17.65497,14.819963,17.59951,16.155842,17.188213,18.481592,15.493327,16.810423,15.792292,20.093006,18.578691,21.915901,24.550325,26.495886,29.940216,31.553993,33.348194,36.649433,34.966766,37.69473,35.096497,31.894287,29.66252,28.088923,25.538292,23.99835,22.541224,20.429747,20.818024,20.935638,21.582565,20.85083,21.57554,18.642994,21.827347,19.985752,24.542212
