,0,1,2,3,4,5,6,7,8,9,10,11,12,13,14,15,16,17,18,19,20,21,22,23,24,25,26,27,28,29,30,31,32,33,34,35,36,37,38,39,40,41,42,43,44,45,46,47,48,49,50,51,52,53,54,55,56,57,58,59,60,61,62,63,64,65,66,67,68,69,70,71,72,73,74,75,76,77,78,79,80,81,82,83,84,85,86,87,88,89,90,91,92,93,94,95,96,97,98,99,100,101,102,103,104,105,106,107,108,109,110,111,112
0,0.0,4.334983,6.1451473,9.585348,11.868896,14.119891,17.091265,21.364431,24.087803,26.645313,31.2725,29.439997,26.712803,26.07819,21.09925,21.774464,16.753256,17.561146,14.525124,14.437278,15.049676,10.643828,15.125265,17.563417,16.179834,18.688028,19.207256,21.636477,19.061731,23.135971,22.221264,26.636812,30.877716,32.56809,36.139374,37.13137,40.580345,40.294632,37.38913,33.885174,35.433342,31.734022,29.827633,28.552477,26.408638,25.408583,21.438091,22.069117,20.76151,19.24592,18.113626,14.511179,14.666192,14.698487,17.980743,21.75217,23.465649,24.075293,28.795887,29.098478,26.083475,31.918684,31.433506,32.64862,35.96658,34.524036,38.16139,36.724937,41.48113,38.65427,34.853256,37.65048,34.946606,39.259457,36.57091,35.32488,36.944054,35.264362,35.668716,37.59342,34.56999,31.566969,29.383127,27.607758,28.614061,25.672674,28.149061,26.671556,27.014238,28.624662,28.344086,31.691198,33.201096,33.276577,33.830994,35.769196,36.57558,36.017498,33.176697,30.75525,31.63682,28.811531,28.896177,29.759817,29.720472,33.490925,32.08462,30.510994,35.209057,32.39803,34.281322,36.05526,36.79829
1,4.334983,0.0,5.2879148,6.278133,8.756479,11.813789,14.142782,19.05522,21.052279,24.073421,28.32578,26.623318,24.295277,23.214104,18.40235,18.317446,13.293463,13.558162,10.466683,10.115558,10.929313,6.908793,11.9679,14.141925,13.682633,15.381992,16.503983,18.29595,15.453281,19.22613,18.638128,22.655874,27.495394,28.884384,32.64239,33.721275,36.985806,36.660175,33.547707,29.904545,31.746817,27.813694,26.230022,24.9193,23.110746,22.283413,18.560265,19.594812,18.628445,17.776781,16.82948,13.943545,14.3974285,14.364141,16.718328,20.386257,21.350985,22.395906,27.228163,27.236,23.903038,29.413729,28.573843,29.473837,32.655838,30.91584,34.422638,32.73481,37.56647,34.82941,30.895418,33.507595,30.72962,34.961998,32.256447,30.994652,32.661453,31.058796,31.57495,33.60023,30.730755,27.571983,25.510574,23.5187,24.373543,21.388168,23.853783,22.446758,22.932737,24.723434,24.724287,28.067856,29.837238,30.24347,31.009794,32.77422,33.32483,32.4547,29.490961,26.855091,27.698483,24.623571,24.904867,25.541105,25.729542,29.69814,28.096113,26.3722,31.024122,28.084843,30.052126,31.799824,32.688
2,6.1451473,5.2879148,0.0,5.1768255,6.609371,8.306982,11.367946,15.284386,18.259794,20.576086,25.34025,23.640987,20.922035,20.607899,15.594302,16.697365,12.272186,13.347701,11.99148,12.218507,14.480403,11.468432,16.728981,18.216702,17.386559,18.455261,18.27448,19.910322,15.488726,19.533094,17.633432,22.230291,25.448105,27.28594,30.683558,31.504461,35.15212,35.039516,32.386406,29.220665,30.577547,27.595036,25.361612,25.133064,22.330101,22.590757,18.921408,20.421732,20.070229,18.517115,16.67253,13.694765,12.727943,11.293993,13.550437,17.174212,19.205608,20.540888,24.932034,25.889236,22.846508,28.788874,27.608671,29.200481,31.733337,30.921543,34.383865,33.01315,37.907753,35.67131,32.012177,34.9391,31.794153,36.568703,33.18057,32.573,33.82332,31.771074,32.245106,33.76611,30.863323,28.119295,25.095755,23.830833,24.885628,22.75215,24.89892,24.689392,24.868917,27.207539,27.088917,30.797771,32.14325,32.48694,33.622303,35.271008,35.954067,34.974285,32.398502,29.46321,30.768595,27.145912,28.283442,28.211681,28.978363,33.19345,30.882837,28.914011,32.89535,29.471405,30.865074,32.275654,32.5108
3,9.585348,6.278133,5.1768255,0.0,3.7343996,5.9643126,8.585661,13.095443,14.952714,18.170643,22.212782,20.348562,18.112572,16.990963,12.204339,12.237838,7.4910793,8.376533,7.079275,8.040033,10.8597765,9.200256,14.589045,15.821233,16.529547,16.427526,17.259102,17.771719,12.684845,15.956004,14.407137,18.06751,22.158976,23.204765,27.104858,27.879255,31.338194,31.345715,28.286095,24.937557,27.016113,23.788008,22.16469,22.14689,19.872957,20.659386,17.545471,19.649502,19.775276,19.174988,17.688784,15.706707,15.207919,13.7998705,14.553737,17.794685,18.750011,20.790094,25.171726,25.776608,22.349375,27.699812,25.899837,27.002283,29.14075,27.904068,31.063396,29.164383,34.245056,32.26714,28.360853,30.829638,27.45331,31.948872,28.315384,27.621258,28.71351,26.633482,27.086145,28.685438,25.832848,22.982445,20.134491,18.702177,19.8798,17.671951,20.227476,20.430624,21.043575,23.724987,24.189428,27.759174,29.595306,30.474205,31.855516,33.23379,33.482944,32.00352,29.173738,25.91408,26.986769,22.900227,24.231855,23.528841,24.446426,28.75627,26.07431,24.02472,27.794662,24.428143,25.73126,27.299131,27.586737
4,11.868896,8.756479,6.609371,3.7343996,0.0,5.3363442,5.387905,10.948785,12.55034,15.437792,19.7716,18.687523,16.813213,16.040184,11.457088,11.291591,7.9550996,7.5987577,8.819293,8.300079,11.991934,11.32525,16.077477,16.309351,16.517126,15.797001,15.614751,15.894126,9.987183,13.533819,11.29218,15.681247,19.093601,20.858295,24.29367,25.289274,28.754782,28.546309,25.808317,22.623665,24.065739,21.16917,19.066858,19.393553,16.61002,17.866577,14.897395,17.32414,17.958937,17.249113,15.460084,14.063033,13.197576,11.452001,11.323001,14.333498,15.152874,17.421124,21.638927,22.419893,19.053137,24.438055,22.491924,23.87371,25.840998,25.0262,28.252716,26.723225,31.713694,29.87254,26.24148,29.112787,25.722734,30.758453,27.097828,26.964205,28.182703,26.10924,26.918196,28.350658,25.895588,23.059835,19.612928,18.326656,18.910725,17.481806,18.929428,19.643492,19.687538,22.58932,22.770914,26.59942,27.976938,28.761929,30.404818,31.676851,32.05414,30.58963,28.197445,24.861233,26.46568,22.284166,24.37517,23.638714,25.294474,29.901943,27.014648,24.604977,28.024437,23.908865,25.20438,26.161566,26.373095
5,14.119891,11.813789,8.306982,5.9643126,5.3363442,0.0,5.9013333,7.588334,10.667033,13.270206,17.58266,15.386118,12.677294,12.379774,7.388167,9.356394,6.5534806,8.940901,10.408964,12.168488,15.726439,14.979543,20.202532,20.946663,21.67816,20.890017,20.87108,20.825172,14.2672415,17.007328,13.976231,17.442375,19.30118,20.347311,23.993793,24.229471,28.14347,28.623295,26.02888,23.401329,25.235935,23.37581,21.32258,22.92587,19.7961,22.197912,19.630566,22.304468,23.164112,22.258636,20.158148,18.570587,16.977375,14.245135,13.818471,16.354494,18.093721,20.790068,24.33236,25.951809,22.862913,28.18731,25.689909,27.36632,28.331324,28.122599,30.932423,29.179575,34.30731,33.16315,29.58021,32.070175,28.225786,33.033672,28.48468,28.569637,28.93447,26.279589,26.56343,27.422218,24.573206,22.442017,18.45201,18.19685,19.788898,18.84392,21.140842,22.99232,23.467781,26.736353,27.313934,31.047829,32.612175,33.62129,35.421394,36.55371,36.752773,34.98629,32.509823,28.923092,30.296158,25.610498,27.794268,26.070969,27.544886,31.924305,28.408184,26.202206,28.88006,25.20106,25.570114,26.784523,26.115234
6,17.091265,14.142782,11.367946,8.585661,5.387905,5.9013333,0.0,6.702602,7.5381036,10.186367,14.5773535,14.183654,12.893551,12.518844,8.775886,8.57556,8.220932,7.455534,11.534673,11.174401,15.341436,15.942109,20.168827,19.623695,20.132227,18.36351,17.52446,16.809822,9.634693,12.123743,8.383399,12.598518,14.178223,16.283142,19.352188,20.22598,23.876884,23.808008,21.453579,18.801647,19.849768,18.07689,15.594802,17.489433,14.038017,17.06997,15.07787,18.174109,19.731823,19.183283,17.120132,16.7413,15.288673,12.800339,10.684226,12.4794,13.0674715,16.219313,19.554207,20.941734,17.802391,22.71064,19.921354,21.6426,22.449009,22.471012,25.32829,23.960224,28.938648,27.872797,24.611116,27.534084,23.799953,29.226273,24.947191,25.678246,26.481358,24.115622,25.096748,25.99792,23.952978,21.537924,17.149092,16.618155,16.955654,16.951649,17.485197,19.780584,19.53556,22.982164,23.292341,27.195639,28.273827,29.27931,31.398598,32.31567,32.559376,30.757095,28.817596,25.196396,27.1808,22.521322,25.610235,24.031164,26.486635,31.245981,27.696943,24.993502,27.391375,22.659157,23.338673,23.635977,23.246462
7,21.364431,19.05522,15.284386,13.095443,10.948785,7.588334,6.702602,0.0,5.196238,6.0250626,10.682884,9.221958,7.014298,8.365013,5.7167296,8.53255,10.403374,11.78619,15.791944,17.016354,21.04249,21.503553,26.146172,25.967396,26.76916,24.983667,24.117914,23.200258,15.879126,17.41198,13.171862,15.790294,14.230397,15.574729,18.365911,18.101433,22.383377,23.2446,21.479347,19.9707,21.082062,21.140327,18.679838,22.199488,18.421028,22.644672,21.172344,24.374834,26.154959,25.33127,22.938005,22.40159,20.226051,16.86939,14.481584,15.328298,16.996815,20.411999,22.568148,25.035372,22.474094,27.063906,23.699965,25.839025,25.199074,26.25923,28.466343,27.070507,31.965624,31.894407,28.948362,31.47119,27.330389,32.5085,27.261473,28.514404,28.278309,25.269773,25.728624,25.708738,23.50651,22.175564,16.98033,18.001154,19.261562,20.193502,21.234158,24.812613,24.871803,28.616222,29.233408,33.01471,34.11586,35.29126,37.609932,38.340622,38.442715,36.363213,34.516476,30.700737,32.547222,27.466843,30.766415,28.186644,30.604809,35.113075,30.883085,28.359135,29.664885,25.315104,24.786573,25.05084,23.408588
8,24.087803,21.052279,18.259794,14.952714,12.55034,10.667033,7.5381036,5.196238,0.0,4.6674514,7.2798133,7.1228585,7.4992323,7.213382,6.8846607,6.496519,10.574651,10.448037,15.594765,16.334316,20.314531,21.93237,25.81733,25.022158,26.486519,23.845211,23.322763,21.476795,14.275332,14.408911,10.452146,11.425432,9.766893,10.438639,13.6679125,13.598961,17.662222,18.468344,16.369268,14.841043,16.388624,16.637869,14.731493,18.842037,15.652802,20.50977,19.920732,23.414667,25.60418,25.512308,23.529718,23.80011,22.166126,19.361368,16.241661,16.555443,16.64895,20.413681,22.364199,24.222395,21.507248,25.112713,21.205696,22.81047,21.552935,22.386747,24.155144,22.44679,27.358355,27.698812,24.822174,27.02171,22.756567,27.874916,22.466156,24.129042,23.819235,20.886526,21.682676,21.608715,20.000086,18.61131,13.203528,14.297824,14.990895,16.835766,17.124624,21.510098,21.572735,25.510437,26.44853,30.00018,31.205479,32.745735,35.294174,35.71113,35.499535,33.074047,31.36102,27.426346,29.299479,24.058996,27.856829,24.831553,27.788237,32.3346,27.888994,25.159971,25.87058,21.117764,20.433638,20.221582,18.552692
9,26.645313,24.073421,20.576086,18.170643,15.437792,13.270206,10.186367,6.0250626,4.6674514,0.0,5.7122126,7.4062243,7.9201665,9.640103,9.976215,11.002887,14.769371,14.837104,19.897799,20.344599,24.450043,25.763615,29.754978,28.799456,29.630398,27.115774,25.737816,24.136734,17.014738,17.395794,12.921607,14.460836,9.767555,11.830425,13.292457,12.933997,17.298668,18.176628,17.278988,16.787964,16.905148,18.587805,15.931165,20.738058,16.845179,22.167381,21.743801,25.153948,27.554794,27.024536,24.70317,25.111668,22.948473,19.748722,16.192423,15.646657,16.406878,20.128292,21.113682,23.792322,21.695766,25.223087,21.261873,23.534067,21.59913,23.59959,25.234926,24.262333,28.749763,29.480946,27.192316,29.745893,25.630835,31.043919,25.68018,27.86747,27.464388,24.529963,25.392195,24.887915,23.59188,22.643888,17.065998,18.580013,18.996449,21.28431,20.880135,25.39477,25.000748,28.878004,29.44449,33.121605,33.787067,35.064552,37.730053,38.109707,38.12728,35.87666,34.627457,30.803371,33.03325,27.950274,32.022354,29.126095,32.29574,36.873425,32.399906,29.618586,30.027328,25.08143,24.180601,23.421078,21.357655
10,31.2725,28.32578,25.34025,22.212782,19.7716,17.58266,14.5773535,10.682884,7.2798133,5.7122126,0.0,5.4416385,8.736455,9.544378,12.364158,12.246823,17.267849,17.130568,22.370169,23.123001,26.96355,29.009235,32.573544,31.42322,33.0187,29.928751,29.102068,26.760605,20.013332,19.053925,15.34531,14.505362,8.67575,8.337587,9.643312,8.085388,12.597207,14.364395,13.608588,14.196473,14.991693,17.852133,16.265026,21.794891,18.803015,24.572325,24.95651,28.508904,31.14404,31.170265,29.161892,29.953793,28.103485,25.148767,21.415098,20.608639,20.444733,24.26761,24.832241,27.12182,25.081757,27.493763,23.021059,24.69563,21.596096,23.60358,24.29758,22.897764,27.155289,28.825136,26.776058,28.559166,24.287481,29.104815,23.254436,25.964085,24.852257,21.78108,22.563515,21.412703,20.753641,20.542217,14.985087,17.316273,17.708843,20.984575,20.365864,25.816519,25.713352,29.708458,30.766142,34.030853,34.93208,36.644753,39.50318,39.529118,39.136353,36.448017,35.268085,31.34663,33.346436,28.093481,32.429573,28.742367,32.148205,36.44778,31.59162,28.879608,28.143774,23.415197,21.684904,20.511866,17.671299
11,29.439997,26.623318,23.640987,20.348562,18.687523,15.386118,14.183654,9.221958,7.1228585,7.4062243,5.4416385,0.0,4.1931767,4.7649856,8.759122,9.747036,14.59437,15.80595,20.235859,22.175526,25.822632,27.474373,31.517656,31.09185,33.129284,30.41728,30.322626,28.23643,21.186666,20.654495,17.150066,16.368729,13.045527,11.214746,14.256268,12.350564,16.610058,18.818457,17.140495,17.004587,19.260067,20.958138,19.83509,24.692001,21.904545,27.159142,26.917356,30.45051,32.688698,32.63061,30.593807,30.707182,28.852955,25.720446,22.707542,22.719587,23.196667,26.99531,28.289915,30.55689,28.137617,31.248407,26.983555,28.487778,26.071774,27.318346,28.221111,26.169544,30.824844,32.156876,29.499128,30.858776,26.35425,30.591034,24.358961,26.303738,24.716259,21.226837,21.244186,20.018988,18.389908,18.532785,12.998069,15.841343,17.596842,20.080492,21.173578,26.391947,26.986942,31.026875,32.438534,35.658707,37.15216,38.999607,41.65321,41.85929,41.343864,38.559788,36.758953,32.707718,34.167484,28.666079,32.37462,28.34136,31.041216,35.080036,30.05139,27.700119,27.082481,23.274452,21.186308,21.158318,18.078918
12,26.712803,24.295277,20.922035,18.112572,16.813213,12.677294,12.893551,7.014298,7.4992323,7.9201665,8.736455,4.1931767,0.0,3.982169,6.241955,9.326392,12.968585,15.199983,18.942463,21.353127,25.017519,25.95986,30.515957,30.57437,32.332104,30.164438,30.050875,28.514317,21.258812,21.597563,17.861158,18.236315,15.759706,14.749037,17.914625,16.321138,20.660566,22.639263,20.863976,20.223686,22.384764,23.434092,21.925055,26.269842,23.124645,27.942106,27.06014,30.453484,32.37946,31.941908,29.718489,29.277122,27.215988,23.861637,21.417759,21.90388,23.18681,26.81572,28.474703,30.979397,28.488909,32.34563,28.423227,30.192284,28.438936,29.570421,30.943964,28.963182,33.8059,34.63963,31.72631,33.343033,28.862196,33.208843,27.127064,28.573446,27.191694,23.67707,23.45775,22.546497,20.250706,20.150652,14.8245945,17.293781,19.517933,21.125988,22.946402,27.545809,28.231146,32.194942,33.458122,36.864906,38.419155,40.06654,42.537006,42.993896,42.663036,40.089752,38.05615,34.03188,35.41451,29.947714,33.2446,29.534243,31.782045,35.829514,30.974913,28.768734,28.821808,25.293016,23.530703,24.052412,21.303228
13,26.07819,23.214104,20.607899,16.990963,16.040184,12.379774,12.518844,8.365013,7.213382,9.640103,9.544378,4.7649856,3.982169,0.0,5.044692,6.4253893,10.662536,12.79522,16.40666,19.130424,22.517756,23.905437,28.16236,28.259043,30.636616,28.241661,28.816666,26.950314,19.950657,19.790718,16.721857,16.17682,15.362542,13.219701,17.38586,15.964412,19.950727,21.903091,19.367758,18.212704,21.362843,21.686031,20.87902,24.84468,22.368467,26.928944,26.175812,29.605158,31.454275,31.458399,29.560902,29.213644,27.610353,24.639795,22.298216,23.093964,23.68936,27.371202,29.468128,31.37958,28.552656,32.15972,28.185541,29.422256,27.885078,28.285664,29.549335,27.04177,32.047073,32.78373,29.57237,30.753244,26.20832,30.127502,23.978271,25.09788,23.601576,20.052065,19.698965,18.992157,16.489769,16.237535,11.032776,13.526367,16.142735,17.581991,19.970808,24.602146,25.684496,29.641565,31.256493,34.429615,36.37908,38.28394,40.703934,41.093075,40.516457,37.74965,35.442364,31.37146,32.425213,26.87811,29.987026,25.99622,28.106184,32.032063,27.100204,24.975233,24.955732,21.719524,19.894022,20.825474,18.234253
14,21.09925,18.40235,15.594302,12.204339,11.457088,7.388167,8.775886,5.7167296,6.8846607,9.976215,12.364158,8.759122,6.241955,5.044692,0.0,4.9883423,6.8504677,9.796349,12.860971,15.624505,19.143791,19.822643,24.51938,24.93326,26.845938,25.006994,25.47759,24.230856,17.17915,18.095875,14.909002,15.980477,16.479778,15.74026,19.866484,19.199457,23.233957,24.549896,21.885427,19.961609,22.69218,22.000673,20.674034,23.76429,20.98193,24.814829,23.35113,26.569296,28.060375,27.756483,25.780966,24.971172,23.36869,20.438173,18.714386,20.155329,21.21186,24.625721,27.323898,29.159355,26.166126,30.511295,27.04234,28.460337,27.93526,28.044157,29.97943,27.692383,32.86383,32.807755,29.343107,31.043398,26.692066,31.004755,25.421322,26.02553,25.294561,22.057022,21.924435,21.979843,19.151794,17.968464,13.221133,14.429459,16.83895,17.155392,19.80389,23.406876,24.353924,28.128569,29.413265,32.835194,34.720535,36.3208,38.509285,39.19691,38.896736,36.478313,34.01766,30.066544,31.202278,25.871607,28.601896,25.404308,27.211285,31.359776,26.911718,24.750153,25.929884,22.52574,21.63688,22.835266,21.108252
15,21.774464,18.317446,16.697365,12.237838,11.291591,9.356394,8.57556,8.53255,6.496519,11.002887,12.246823,9.747036,9.326392,6.4253893,4.9883423,0.0,5.4917717,6.4449406,10.578043,12.838538,16.229757,18.030005,21.94452,21.865509,24.45875,21.964645,23.017986,21.091694,14.418262,14.345915,12.0276985,11.800381,14.223272,12.735072,17.530773,17.360146,20.849873,21.841621,18.524693,15.982789,19.461512,17.983265,17.415346,20.15457,18.216833,21.91635,20.94157,24.26826,25.899256,26.28492,24.778069,24.535727,23.567932,21.268717,19.204866,20.567636,20.376635,23.873394,26.790571,27.85095,24.57907,28.27354,24.66941,25.43338,25.016819,24.392166,26.166306,23.447157,28.708012,28.579933,24.922443,26.297863,21.926992,26.066462,20.582813,21.083078,20.586304,17.54377,17.768984,18.278088,15.777902,13.924346,9.263214,9.769235,11.892008,12.326961,14.907117,18.748468,19.900166,23.741999,25.353573,28.543877,30.691484,32.591164,34.840096,35.34984,34.7807,32.128735,29.580446,25.560522,26.574516,21.138054,24.065744,20.642773,22.796976,27.08051,22.577393,20.190573,21.349905,17.6099,17.00819,18.196077,16.986542
16,16.753256,13.293463,12.272186,7.4910793,7.9550996,6.5534806,8.220932,10.403374,10.574651,14.769371,17.267849,14.59437,12.968585,10.662536,6.8504677,5.4917717,0.0,4.6613154,6.0128703,9.407711,12.504611,13.298706,17.849476,18.60353,21.076336,19.443102,21.008305,19.896404,13.77896,14.988878,13.300523,14.554798,18.485472,17.784914,22.458555,22.636274,26.048445,26.695477,23.247625,20.153605,23.449507,20.854055,20.120405,21.476831,19.649395,22.03067,20.139616,23.03141,23.979177,24.161991,22.778933,21.791664,21.126795,19.180096,18.286802,20.567738,20.806004,23.794376,27.489822,28.262457,24.766644,29.168167,26.26642,26.993296,27.76057,26.559689,28.9084,26.246515,31.557184,30.564552,26.556465,28.133898,24.118923,28.099354,23.372572,22.939857,23.055908,20.419924,20.494984,21.68334,18.686132,16.252417,12.997055,12.2525215,14.438886,12.947833,16.505808,18.605595,19.9682,23.370047,24.794012,28.038774,30.405579,32.0479,33.88763,34.758022,34.37883,32.084072,29.11533,25.322628,26.045479,21.007893,22.955404,20.4353,21.704058,25.932457,22.102753,20.009605,22.538174,19.41067,19.69898,21.548523,21.146736
17,17.561146,13.558162,13.347701,8.376533,7.5987577,8.940901,7.455534,11.78619,10.448037,14.837104,17.130568,15.80595,15.199983,12.79522,9.796349,6.4449406,4.6613154,0.0,5.702237,6.43173,10.048764,12.157661,15.728006,15.479455,18.078882,15.702311,17.290777,15.630109,9.703904,10.446777,9.510105,10.688415,16.113369,15.896935,20.38093,21.242537,24.200365,24.253984,20.66331,17.091827,20.183887,16.81993,16.273737,17.022432,15.687465,17.778069,16.22952,19.223818,20.40412,21.11087,20.079342,19.812637,19.645626,18.287249,16.90188,18.952826,18.106798,21.05882,24.871082,25.009127,21.35555,25.287937,22.438179,22.776606,23.902082,22.234688,24.714132,22.093504,27.369764,26.077879,22.033106,23.840328,19.998142,24.354742,20.152498,19.842182,20.70197,18.561443,19.362448,20.977486,18.69604,15.609763,12.570247,10.796042,11.582356,10.148475,12.515401,14.386048,15.421774,18.892677,20.252104,23.55892,25.820604,27.527884,29.47187,30.243374,29.834108,27.51895,24.711739,20.893745,21.937613,16.934683,19.399128,17.277073,19.285812,23.929836,20.346106,17.784794,20.620102,16.58018,17.658201,18.955719,19.306458
18,14.525124,10.466683,11.99148,7.079275,8.819293,10.408964,11.534673,15.791944,15.594765,19.897799,22.370169,20.235859,18.942463,16.40666,12.860971,10.578043,6.0128703,5.702237,0.0,5.2023726,6.90976,7.938217,12.07818,13.343842,16.52656,15.254964,18.122948,17.26661,13.004664,14.372703,14.458903,15.718978,21.803337,21.240805,25.950748,26.693613,29.561495,29.6869,25.845978,22.063524,25.52739,21.526194,21.34052,20.978928,20.197096,20.95808,18.7578,21.076855,21.36523,22.07645,21.412487,20.320915,20.673576,19.838455,19.74208,22.492569,22.038887,24.437376,28.782612,28.600222,24.837723,29.070776,26.83195,26.907518,28.799694,26.509066,29.138975,26.29392,31.486952,29.636663,25.280128,26.695494,23.244339,26.720486,23.128082,21.706152,22.708227,20.865833,21.159935,23.240486,20.387348,17.127806,15.587455,13.333489,14.817937,11.582728,15.570056,15.610242,17.346375,20.08055,21.575048,24.507826,27.319525,28.944027,30.357122,31.41351,30.972895,28.885633,25.444431,21.974037,22.206182,17.777376,18.64041,17.184607,17.718313,21.921753,19.045734,17.1432,21.080406,18.441105,19.921019,22.173239,22.950024
19,14.437278,10.115558,12.218507,8.040033,8.300079,12.168488,11.174401,17.016354,16.334316,20.344599,23.123001,22.175526,21.353127,19.130424,15.624505,12.838538,9.407711,6.43173,5.2023726,0.0,4.199215,6.5998883,9.486223,9.312306,12.018355,10.243387,13.00247,12.149458,8.870895,10.717322,11.713195,13.855021,20.647623,21.147537,25.24133,26.665787,29.206356,28.652359,25.006046,20.951189,23.57594,18.898237,18.475243,16.992691,16.531534,16.286789,13.963858,16.077513,16.331276,17.414864,17.137913,16.630526,17.585505,17.527359,17.301338,19.96503,18.704796,20.71169,25.283123,24.453873,20.612953,24.655464,22.885098,22.749367,25.434753,22.804264,25.834015,23.441862,28.409424,25.951427,21.696701,23.761616,20.798653,24.884033,22.23152,21.028975,23.001392,21.759605,22.813774,25.157532,23.019026,19.36124,17.739717,14.93328,14.842967,11.8687725,13.805844,12.670662,13.560102,16.01933,16.958513,20.187265,22.612904,23.990505,25.385218,26.536701,26.339437,24.558907,21.40249,18.110176,18.959715,15.028512,16.310516,16.15719,17.489988,22.126028,19.913006,17.54687,21.922993,18.274078,20.656126,22.106129,23.580399
20,15.049676,10.929313,14.480403,10.8597765,11.991934,15.726439,15.341436,21.04249,20.314531,24.450043,26.96355,25.822632,25.017519,22.517756,19.143791,16.229757,12.504611,10.048764,6.90976,4.199215,0.0,4.8360643,5.8132763,6.5194583,10.649513,9.431707,13.768889,13.1433525,12.044583,13.376806,15.354686,16.79143,24.282053,24.373386,28.610718,30.088957,32.33235,31.70302,27.808426,23.553688,26.523088,21.2975,21.46596,19.124949,19.53303,18.314005,16.058151,17.518188,17.141253,18.680042,19.027597,18.389902,19.976414,20.519796,20.814075,23.60606,22.138271,23.759487,28.497751,27.157173,23.307598,26.98392,25.621616,24.979921,28.124664,24.821438,27.773977,25.142021,29.898252,27.029167,22.605255,24.183577,21.702019,24.951942,23.07533,21.082474,23.385096,22.628859,23.575544,26.33059,24.18263,20.32537,19.824963,16.567644,16.466925,12.585531,15.049904,12.350919,13.798713,15.406146,16.584793,19.213255,22.18518,23.633242,24.585741,25.837715,25.462738,23.795536,20.138908,17.249784,17.344646,14.167602,14.062183,14.8230715,15.202965,19.512642,18.181566,16.22924,21.38296,18.606203,21.477074,23.36085,25.36428
21,10.643828,6.908793,11.468432,9.200256,11.32525,14.979543,15.942109,21.503553,21.93237,25.763615,29.009235,27.474373,25.95986,23.905437,19.822643,18.030005,13.298706,12.157661,7.938217,6.5998883,4.8360643,0.0,5.6771517,8.43645,10.513266,11.368309,14.822843,15.579328,14.2616005,16.794296,17.874903,20.430246,27.08875,27.625412,31.787918,33.106888,35.75825,35.251717,31.577784,27.483305,30.09815,25.218187,24.735044,22.540545,22.172913,20.73598,17.683105,18.711397,17.72853,18.3975,18.48172,16.807678,18.31343,18.938614,20.266716,23.54471,22.998922,24.250168,29.202225,28.222363,24.521746,28.984617,28.018026,27.906307,31.305857,28.454412,31.689718,29.404129,34.157764,31.166603,26.89201,28.816835,26.35655,29.78152,27.761942,25.822546,27.897032,26.872128,27.527296,30.09451,27.52347,23.912119,23.049774,20.219286,20.672127,16.88333,19.628563,17.10435,18.21262,19.587545,20.198954,22.969454,25.542149,26.471598,27.11322,28.699345,28.732862,27.548992,24.038538,21.486084,21.664463,18.904804,18.407116,19.46641,19.253593,23.125422,22.069183,20.477978,25.665953,23.20348,25.77369,27.802977,29.445173
22,15.125265,11.9679,16.728981,14.589045,16.077477,20.202532,20.168827,26.146172,25.81733,29.754978,32.573544,31.517656,30.515957,28.16236,24.51938,21.94452,17.849476,15.728006,12.07818,9.486223,5.8132763,5.6771517,0.0,4.4544272,8.056117,9.055996,14.005311,14.583499,15.86611,17.593847,20.00054,21.856537,29.45274,29.911003,33.91467,35.607517,37.698498,36.796127,32.972034,28.627748,31.232807,25.622974,25.763514,22.379171,23.185732,20.559235,17.976315,18.306309,16.877289,18.520693,19.576876,18.621325,20.998085,22.470911,23.64395,26.656923,25.193783,26.034689,31.014166,29.12474,25.440805,29.019289,28.54872,27.684702,31.697435,28.004522,31.171856,28.847178,33.16001,29.599016,25.338984,26.959785,25.29294,28.06495,27.31139,24.870438,27.654388,27.409607,28.381935,31.388702,29.307947,25.386406,25.437346,22.02134,21.683477,17.590307,19.590399,15.415246,16.510666,16.755728,17.330084,19.381556,22.281693,23.22726,23.397226,25.024971,24.90154,23.964277,20.205105,18.330505,18.0295,16.578232,14.962617,17.584593,17.010498,20.559044,20.74426,19.33166,25.062292,22.900766,26.225893,28.137901,30.57695
23,17.563417,14.141925,18.216702,15.821233,16.309351,20.946663,19.623695,25.967396,25.022158,28.799456,31.42322,31.09185,30.57437,28.259043,24.93326,21.865509,18.60353,15.479455,13.343842,9.312306,6.5194583,8.43645,4.4544272,0.0,5.8718953,5.0380864,10.649235,10.661298,13.363569,14.637809,17.70866,19.451239,27.227478,28.072094,31.64419,33.692608,35.452328,34.170578,30.505886,26.133745,28.267208,22.408361,22.632235,18.630917,19.960852,16.793003,14.650119,14.859368,13.675396,16.038744,17.48014,17.472715,20.098726,21.844543,22.406826,25.007902,22.779089,23.505836,28.333643,25.96377,22.297667,25.270401,24.950499,23.755436,28.038212,24.089642,27.313774,25.243994,29.303015,25.490114,21.375761,23.322594,22.012127,25.142628,24.944908,22.853167,26.133204,26.209564,27.682835,30.717934,29.17641,25.11483,24.972858,21.393301,20.165144,16.605658,17.143566,12.430384,12.812206,12.7225485,12.94743,15.1877365,17.878263,18.844913,19.190533,20.740505,20.65132,19.743177,16.235008,14.404125,14.716806,13.61845,12.7496,16.018345,16.535696,20.52934,20.664892,18.752972,24.266388,21.277502,24.971527,26.241531,29.009468
24,16.179834,13.682633,17.386559,16.529547,16.517126,21.67816,20.132227,26.76916,26.486519,29.630398,33.0187,33.129284,32.332104,30.636616,26.845938,24.45875,21.076336,18.078882,16.52656,12.018355,10.649513,10.513266,8.056117,5.8718953,0.0,4.8044467,7.3954716,9.830502,13.550985,16.123636,18.48611,21.744835,28.483583,30.489565,33.41667,35.69421,37.655495,36.075558,32.96133,28.804615,29.798576,24.289576,23.509647,19.187294,19.726515,15.5883045,12.596782,11.657117,9.4267435,11.247772,13.090755,12.967371,16.16655,18.757856,19.973503,22.62923,20.672205,20.505634,25.458096,22.927902,19.59496,23.080679,23.706846,23.064413,28.053366,24.695286,28.426119,27.308294,31.039606,26.87716,23.347412,26.286324,25.269041,29.20146,29.149889,27.64798,31.03654,30.973173,32.621273,35.438904,33.90746,29.927715,28.99269,25.71226,24.296106,21.335527,20.987398,16.69256,15.85934,15.510029,14.235127,16.985268,18.207935,18.032566,18.063587,20.11439,20.975065,21.064886,18.563826,17.338953,18.638369,18.089476,17.897604,21.429646,22.339674,26.326756,26.476358,24.419613,29.729803,26.131561,29.736198,30.499828,33.06445
25,18.688028,15.381992,18.455261,16.427526,15.797001,20.890017,18.36351,24.983667,23.845211,27.115774,29.928751,30.41728,30.164438,28.241661,25.006994,21.964645,19.443102,15.702311,15.254964,10.243387,9.431707,11.368309,9.055996,5.0380864,4.8044467,0.0,5.8726883,5.96174,10.410236,11.97376,15.098941,17.608097,24.778881,26.572245,29.421856,31.833439,33.484135,31.791115,28.59796,24.395031,25.484991,19.747423,19.387428,14.86521,16.082447,12.144201,10.006079,9.928208,9.005975,11.858888,13.550875,14.519535,17.278877,19.33289,19.415583,21.591194,18.80167,19.200487,23.899038,21.17739,17.599865,20.375555,20.42002,19.313715,24.047813,20.33274,23.906666,22.574358,26.371983,22.331589,18.642782,21.563515,20.484188,24.596407,24.592018,23.339125,26.868332,26.953634,28.87439,31.675709,30.538328,26.525053,25.609299,22.230019,20.274872,17.726871,16.539425,12.2590065,11.098749,11.033995,9.995753,13.164574,14.68866,15.188405,15.916674,17.534744,17.963957,17.395668,14.84901,13.0520935,14.788875,13.794364,14.537218,17.753014,19.499939,23.856853,23.568827,21.1559,26.090225,22.000992,25.708729,26.120926,28.851704
26,19.207256,16.503983,18.27448,17.259102,15.614751,20.87108,17.52446,24.117914,23.322763,25.737816,29.102068,30.322626,30.050875,28.816666,25.47759,23.017986,21.008305,17.290777,18.122948,13.00247,13.768889,14.822843,14.005311,10.649235,7.3954716,5.8726883,0.0,4.4820337,9.235123,11.912254,13.910084,17.90503,23.452991,26.551502,28.492254,31.146458,32.93626,30.92759,28.484037,24.71503,24.388615,19.40539,17.797112,13.361102,13.372703,8.654113,5.532871,4.36164,3.5400894,6.4389577,8.280007,10.41857,13.200639,15.691319,15.54283,17.295341,14.314069,13.955353,18.63432,15.742259,12.375756,15.72372,16.505524,16.19635,21.401104,18.687794,22.729671,22.539013,25.997993,21.98453,19.11303,23.133615,22.116453,27.23446,27.023212,26.690577,30.119091,29.948303,32.08803,34.501133,33.52394,29.721088,27.821648,24.929724,22.719046,21.170933,18.9224,15.906852,13.607852,13.906504,11.618664,15.41986,15.116149,14.59415,15.66664,17.409607,18.714973,18.7795,17.602102,16.013987,18.821789,17.738102,19.59429,22.362131,24.76785,29.322332,28.583313,25.88569,30.264965,25.372345,28.75149,28.44879,30.779583
27,21.636477,18.29595,19.910322,17.771719,15.894126,20.825172,16.809822,23.200258,21.476795,24.136734,26.760605,28.23643,28.514317,26.950314,24.230856,21.091694,19.896404,15.630109,17.26661,12.149458,13.1433525,15.579328,14.583499,10.661298,9.830502,5.96174,4.4820337,0.0,7.3414583,8.334465,11.445536,14.305659,20.52749,23.19973,25.176235,27.94272,29.37239,27.282112,24.638914,20.762083,20.705563,15.311601,14.33905,9.475427,10.637439,6.2036986,5.045476,5.922424,7.198343,10.338381,11.654753,14.105089,16.273623,17.995161,16.81833,18.088245,14.3060875,14.833056,19.041576,16.058802,12.457182,14.653389,14.491367,13.415929,18.283562,14.935595,18.79849,18.224,21.840733,17.952515,14.793054,18.745886,17.640228,22.86434,22.70903,22.579046,26.09743,26.103651,28.457876,30.872068,30.268873,26.468832,24.74308,21.756985,19.054913,17.934395,14.872377,12.077634,9.380311,10.130013,8.196052,12.345519,12.460191,12.874281,14.657791,15.833396,16.511898,15.7663,14.52007,12.3454,15.484986,13.965587,16.651834,18.957973,21.980654,26.671701,25.618578,22.714067,26.66775,21.46961,24.912949,24.317545,26.8435
28,19.061731,15.453281,15.488726,12.684845,9.987183,14.2672415,9.634693,15.879126,14.275332,17.014738,20.013332,21.186666,21.258812,19.950657,17.17915,14.418262,13.77896,9.703904,13.004664,8.870895,12.044583,14.2616005,15.86611,13.363569,13.550985,10.410236,9.235123,7.3414583,0.0,4.7563753,4.9789095,9.703317,15.022926,17.762314,20.216387,22.485416,24.753633,23.333336,20.667595,17.020441,17.395546,13.161689,11.193086,9.668096,7.956537,8.342383,6.623649,9.912324,11.857994,12.939954,12.291667,13.767737,14.33185,14.334981,12.241603,13.646487,10.780634,13.002696,17.148264,16.085758,12.248015,16.067722,14.0944395,14.479648,17.34358,15.562883,19.12319,18.066343,22.66293,20.249777,16.88258,20.511307,17.817566,23.59214,21.303087,21.764414,24.184988,23.142649,25.122337,26.96601,25.906898,22.505735,19.577677,17.341225,15.451336,15.004959,12.948257,13.077752,11.512913,14.358137,13.957749,18.046734,18.739706,19.651728,21.790075,22.682936,23.01932,21.498787,19.913118,16.670122,19.344803,15.7252245,19.135809,19.275091,22.427853,27.415289,24.990765,21.938862,25.177631,19.702692,22.073153,21.66188,23.06368
29,23.135971,19.22613,19.533094,15.956004,13.533819,17.007328,12.123743,17.41198,14.408911,17.395794,19.053925,20.654495,21.597563,19.790718,18.095875,14.345915,14.988878,10.446777,14.372703,10.717322,13.376806,16.794296,17.593847,14.637809,16.123636,11.97376,11.912254,8.334465,4.7563753,0.0,4.8307767,6.018944,13.003957,14.933662,17.44968,19.953909,21.579885,19.974947,16.934647,12.9921255,13.910461,8.852794,8.183891,6.653174,6.949001,8.46016,9.036092,12.279581,14.612873,16.533798,16.341038,18.295803,18.963783,18.875608,16.25627,16.964453,13.346582,15.861755,19.208069,17.767185,14.123913,16.183372,13.42011,12.748635,14.849019,12.24898,15.32872,13.617881,18.4505,16.38209,12.762358,16.066721,13.127594,19.045998,16.784039,17.605112,20.166206,19.4296,21.780197,23.665836,23.221563,19.80407,17.247686,14.8192215,11.986518,12.394416,8.792228,9.928646,8.200419,11.715367,12.089681,15.81606,16.86664,18.518946,21.033707,21.402107,21.157116,18.956264,17.441488,13.815928,16.56911,12.518336,16.825193,16.298908,20.174007,25.15249,22.476038,19.21957,21.800564,15.879349,18.361198,17.440298,19.215136
30,22.221264,18.638128,17.633432,14.407137,11.29218,13.976231,8.383399,13.171862,10.452146,12.921607,15.34531,17.150066,17.861158,16.721857,14.909002,12.0276985,13.300523,9.510105,14.458903,11.713195,15.354686,17.874903,20.00054,17.70866,18.48611,15.098941,13.910084,11.445536,4.9789095,4.8307767,0.0,6.2447605,10.083924,13.109223,15.363288,17.56528,20.002,18.772064,16.312567,13.092515,13.283709,10.294883,7.7869678,9.2080145,6.382195,10.210151,10.053345,13.649775,16.173122,16.997387,15.861561,17.458447,17.156193,16.139408,12.890567,13.313507,10.471767,13.74174,16.769146,16.600346,13.172092,16.334318,13.043566,13.848051,14.87677,14.149172,17.128504,15.99108,20.809614,19.538095,16.51164,19.921915,16.577013,22.665312,19.36484,20.723818,22.469944,20.992088,23.009464,24.292025,23.522274,20.600576,16.847616,15.392972,13.450545,14.496549,11.935367,14.369711,13.004178,16.537115,16.65391,20.517174,21.134193,22.400066,24.950354,25.429388,25.49124,23.487907,22.222504,18.638823,21.351728,17.031826,21.22768,20.081331,23.737309,28.720371,25.50222,22.309381,24.42406,18.549168,20.080292,19.122173,19.796627
31,26.636812,22.655874,22.230291,18.06751,15.681247,17.442375,12.598518,15.790294,11.425432,14.460836,14.505362,16.368729,18.236315,16.17682,15.980477,11.800381,14.554798,10.688415,15.718978,13.855021,16.79143,20.430246,21.856537,19.451239,21.744835,17.608097,17.90503,14.305659,9.703317,6.018944,6.2447605,0.0,8.73575,9.095971,12.257085,14.456983,16.046936,14.9679575,11.445002,7.4980645,9.943423,6.3240123,6.8870487,9.371859,9.305963,13.333301,14.557078,17.969261,20.516298,22.15926,21.536526,23.287424,23.284435,22.305475,19.054192,19.203457,16.066065,19.324768,21.697662,21.144396,17.940958,19.345562,15.421596,14.910611,14.467126,12.815252,14.506865,11.915831,17.16761,16.859018,13.546584,15.695459,11.637215,17.386663,13.359075,15.244131,16.670357,15.303502,17.660124,18.906057,18.867514,16.040922,12.785058,11.248695,8.277129,10.89254,7.1721735,11.846776,11.248426,15.224541,16.527807,19.585133,20.944134,23.086035,25.847301,25.782097,25.060034,22.221903,20.772133,16.84826,19.070791,14.15945,18.947813,16.48956,20.70809,25.477568,21.76351,18.474947,19.444836,13.248043,14.45116,12.975034,13.85867
32,30.877716,27.495394,25.448105,22.158976,19.093601,19.30118,14.178223,14.230397,9.766893,9.767555,8.67575,13.045527,15.759706,15.362542,16.479778,14.223272,18.485472,16.113369,21.803337,20.647623,24.282053,27.08875,29.45274,27.227478,28.483583,24.778881,23.452991,20.52749,15.022926,13.003957,10.083924,8.73575,0.0,6.1742377,5.7012997,8.025395,10.667818,9.87454,8.953523,8.598051,7.140883,9.9937,7.8814864,13.839126,11.307798,17.30908,18.752878,22.222584,25.254095,25.91824,24.45659,26.324003,25.19558,23.236328,18.997793,17.72021,15.4464245,19.109236,19.5966,20.69722,18.62283,19.78891,15.085492,16.266962,13.0680065,14.994173,15.86148,15.068855,19.1946,20.546896,18.925743,21.441229,17.675556,23.421795,18.814356,21.989716,22.2646,20.256289,22.248278,22.081774,22.36766,20.91862,16.198133,16.782917,14.958458,18.577839,15.427582,20.485353,19.3903,23.121923,23.736235,26.936277,27.22371,28.85583,31.880209,31.68854,31.367085,28.818962,28.312752,24.66848,27.317724,22.673616,27.625082,24.865335,29.081358,33.69373,29.505163,26.344276,26.14016,20.199907,19.845964,17.473448,16.31752
33,32.56809,28.884384,27.28594,23.204765,20.858295,20.347311,16.283142,15.574729,10.438639,11.830425,8.337587,11.214746,14.749037,13.219701,15.74026,12.735072,17.784914,15.896935,21.240805,21.147537,24.373386,27.625412,29.911003,28.072094,30.489565,26.572245,26.551502,23.19973,17.762314,14.933662,13.109223,9.095971,6.1742377,0.0,5.525602,5.9605274,8.343099,9.234507,6.2226577,6.0543547,8.994741,11.18585,11.600226,16.827509,15.723979,21.175247,22.588451,26.123297,28.907063,29.998404,28.781345,30.30001,29.409708,27.40715,23.593845,22.947397,20.875097,24.594147,25.582573,26.36793,23.933298,24.939789,20.257128,20.514532,17.263647,17.868948,17.845526,15.501406,19.88757,21.857136,19.71929,20.751554,16.450085,20.965322,15.221036,18.43679,17.634125,15.167021,16.843239,16.209929,16.78736,15.927887,11.373624,12.748276,11.504374,15.837054,13.757143,19.776499,19.749895,23.647636,25.19698,27.864355,29.074099,31.311737,34.27251,33.90822,33.010574,29.899498,28.790958,24.910986,26.752571,21.65554,26.364405,22.446968,26.450994,30.648098,25.951557,23.03887,21.767036,16.469015,15.007721,12.832767,10.673475
34,36.139374,32.64239,30.683558,27.104858,24.29367,23.993793,19.352188,18.365911,13.6679125,13.292457,9.643312,14.256268,17.914625,17.38586,19.866484,17.530773,22.458555,20.38093,25.950748,25.24133,28.610718,31.787918,33.91467,31.64419,33.41667,29.421856,28.492254,25.176235,20.216387,17.44968,15.363288,12.257085,5.7012997,5.525602,0.0,3.624979,4.996802,4.9135747,5.3591847,7.9404855,6.778245,11.903565,11.509848,17.445745,16.011765,21.844866,23.841072,27.229393,30.34003,31.28261,29.97683,31.977133,30.888462,28.889042,24.608381,23.120495,20.807829,24.332022,24.213242,25.239433,23.514355,23.606249,18.775127,19.382498,14.797432,16.950716,16.35295,15.32176,18.66568,21.399738,20.405128,21.922602,18.241306,23.081509,18.15635,22.045284,21.53803,19.570349,21.517303,20.629623,21.788164,21.16856,16.836632,18.142252,16.328215,20.76265,17.507494,23.23052,22.434807,26.065798,27.085133,29.742786,30.142338,32.103416,35.249496,34.691715,34.00365,31.109486,30.81466,27.236887,29.612148,25.013931,30.088274,26.63794,30.994402,35.222275,30.748978,27.739168,26.28428,20.73008,19.477835,16.41219,14.433647
35,37.13137,33.721275,31.504461,27.879255,25.289274,24.229471,20.22598,18.101433,13.598961,12.933997,8.085388,12.350564,16.321138,15.964412,19.199457,17.360146,22.636274,21.242537,26.693613,26.665787,30.088957,33.106888,35.607517,33.692608,35.69421,31.833439,31.146458,27.94272,22.485416,19.953909,17.56528,14.456983,8.025395,5.9605274,3.624979,0.0,4.521347,6.87015,7.2566223,10.121617,10.327007,15.054639,14.79585,20.702707,19.074205,24.964235,26.640688,30.11719,33.128952,33.90648,32.425434,34.0982,32.784622,30.452759,26.282047,24.92312,23.219526,26.874065,26.777096,28.209291,26.457712,26.96894,22.147768,22.922709,18.392252,20.511135,19.839275,18.482635,21.845411,24.746155,23.563547,24.673876,20.777493,25.090588,19.588434,23.344097,22.131386,19.721539,21.174244,19.731157,20.746538,20.772406,16.226854,18.292675,17.28482,21.737413,19.414299,25.406757,25.032133,28.793839,30.048517,32.693283,33.37591,35.424484,38.53015,38.018475,37.24909,34.24374,33.676434,29.97211,32.056408,27.193462,32.063076,28.138117,32.217648,36.271107,31.484985,28.6651,26.786676,21.774141,19.814775,17.161575,14.278262
