,0,1,2,3,4,5,6,7,8,9,10,11,12,13,14,15,16,17,18,19,20,21,22,23,24,25,26,27,28,29,30,31,32,33,34,35,36,37,38,39,40,41,42,43,44,45,46,47,48,49,50,51,52,53,54,55,56,57,58,59,60,61,62,63,64,65,66,67,68,69,70,71,72,73,74,75,76,77,78,79,80,81,82,83,84,85,86,87,88,89,90,91,92,93,94,95,96,97,98,99,100,101,102,103,104,105,106,107,108,109
0,0.0,4.31127,6.502655,9.511196,12.585527,14.275442,18.701508,22.638462,24.806284,28.268284,31.699478,34.045483,34.009193,31.511957,26.704367,27.464376,24.098808,25.679626,21.107864,24.216097,22.703556,23.92125,23.773228,25.84387,27.786848,26.10554,26.921339,24.434994,27.455957,23.068274,29.37929,23.692015,29.091415,26.491978,27.603588,29.688948,26.279718,25.889256,23.179136,22.089056,26.062933,24.322695,28.683826,29.191036,25.647783,30.066769,26.753763,30.951294,30.306864,32.59094,34.45689,34.134293,38.85869,39.676125,41.044693,37.315758,37.0019,37.695568,42.637882,41.181915,36.92035,36.440685,41.53677,42.15203,45.29873,40.118126,38.42055,44.022427,39.811596,37.424797,38.839886,41.461514,38.457767,37.73503,40.82323,40.420387,43.03608,44.315212,43.581577,48.21733,44.974155,49.33098,47.389862,42.910294,39.07261,37.308086,33.625698,32.14136,28.42224,26.396723,26.754835,23.218863,18.079184,17.074099,14.004282,11.784424,13.956182,13.2331295,18.080524,16.289692,21.254524,21.50812,23.585316,26.115877,25.462791,30.322996,26.507195,29.473795,30.228647,34.078808
1,4.31127,0.0,4.7551312,6.0052457,8.636231,11.616945,15.166648,19.46603,21.390491,24.721762,28.464409,30.423077,30.48419,27.59848,22.762215,23.31273,19.862371,21.484173,16.960716,20.269648,19.025959,20.489227,20.661922,22.330738,24.045065,22.27621,22.780407,20.186663,23.144781,18.770922,25.255222,19.638296,25.377333,23.12667,24.422054,26.918434,23.816687,23.119448,20.093126,18.58045,22.44035,20.33121,24.694069,25.005169,21.481356,25.800718,22.661892,26.855139,26.478443,28.645872,30.411074,29.924353,34.65217,35.405308,36.784184,33.085636,32.69415,33.409252,38.332012,36.94344,32.723797,32.163086,37.312344,37.981613,41.159134,36.017628,34.354267,40.05452,36.035336,33.655262,35.384537,37.9873,35.161556,34.147785,37.486008,36.715797,39.5202,40.562115,39.726154,44.29599,40.908997,45.241615,43.187057,38.703487,34.89752,33.26469,29.472385,28.309944,24.612982,22.837683,23.555237,20.216341,14.718321,14.512263,11.032042,9.7153015,11.868459,10.065904,15.318577,13.719622,18.05733,18.90267,21.205132,23.163305,22.563114,27.080894,22.988474,26.28804,26.832705,30.921501
2,6.502655,4.7551312,0.0,5.0224247,7.5464697,7.968772,13.096813,16.25253,18.809929,22.09781,25.480598,28.110346,28.60851,26.249136,21.294054,22.29404,19.33007,21.388742,18.074345,21.09384,20.851881,21.876566,22.854761,24.581352,25.7697,24.35018,23.996128,21.299297,23.504694,19.299025,24.82611,19.107784,24.462011,21.34297,23.194622,24.928707,22.131157,22.188383,18.752502,17.476946,22.276524,20.758087,24.761723,25.479067,22.86832,26.749708,24.586567,28.485353,28.74334,30.299253,31.627388,30.754297,35.631798,35.789165,37.670498,34.242157,33.114944,33.722237,38.502167,36.88727,32.585976,31.81934,36.512604,36.880356,39.925117,34.85105,32.86298,38.231915,33.76714,31.37994,32.53225,35.241093,32.242336,31.788551,34.987976,34.82825,37.70303,39.148884,38.780506,43.478275,40.069664,44.76625,43.00865,38.64401,34.69972,33.064682,29.24829,28.032614,24.985306,22.734173,23.832333,20.259634,15.099136,15.471684,12.945054,11.420735,11.425245,8.923637,13.482959,10.302991,15.492707,15.271959,17.211222,19.801746,19.454067,24.47499,21.339804,24.554497,25.82154,29.841394
3,9.511196,6.0052457,5.0224247,0.0,3.8330972,6.55223,9.266226,14.139783,15.547935,19.213152,22.679213,24.65817,24.582167,22.036737,17.279493,18.475754,15.526621,18.326916,15.14686,18.819237,18.877417,20.585844,21.73332,22.543768,23.480326,21.62388,20.797054,17.653244,19.503572,15.026868,20.26498,14.489477,19.82712,17.205622,18.778849,21.135782,18.371355,17.87493,14.422898,12.8834915,17.35802,15.8198805,19.882814,20.773453,18.3625,22.449066,20.640892,24.985168,25.634127,27.343908,28.609303,27.31273,32.03415,32.16667,33.719887,30.230164,29.048492,29.347628,34.302414,32.40629,28.030792,27.740873,32.60368,33.346134,36.202335,30.817356,29.447084,35.00275,30.734213,28.594355,30.361795,33.28065,30.747534,29.90557,33.75592,32.903667,36.31091,37.25367,36.69138,41.20092,37.34544,41.989414,39.806232,35.429314,31.640102,30.480978,26.303572,26.100952,23.074078,21.529865,23.237772,20.174734,14.583052,16.115145,12.947893,12.829338,13.303962,9.35906,14.192041,10.989963,14.855286,15.296583,17.190296,18.971062,19.101763,23.509134,20.145063,24.05215,24.933884,29.358149
4,12.585527,8.636231,7.5464697,3.8330972,0.0,6.1335936,7.098985,11.612383,13.129012,16.24388,20.275278,21.89851,22.421219,19.248388,14.248525,14.967682,11.920073,14.617884,12.045295,15.556857,16.284555,17.89449,19.586512,20.122997,20.625462,18.99228,17.613483,14.530254,16.13942,11.936401,17.407497,11.794615,17.81975,15.557558,17.76311,20.415476,18.39522,17.73782,13.73971,11.4558525,15.939611,13.7791395,17.631598,18.089397,15.919867,19.47507,18.1298,22.026325,23.064219,24.321388,25.333897,23.905195,28.698881,28.634455,30.457268,27.124655,25.707369,26.201221,30.994635,29.3532,25.086575,24.328024,29.145525,29.740685,32.75728,27.61098,25.903004,31.525576,27.445559,25.17222,27.142546,29.913963,27.44848,26.33217,30.259733,29.180782,32.63134,33.46551,32.87922,37.376568,33.51995,38.18456,36.07515,31.717754,27.889269,26.723076,22.544193,22.432966,19.634935,18.182611,20.2564,17.448666,12.017687,14.454621,11.720606,12.43792,12.193345,7.4915376,11.789837,9.120578,11.740178,12.9701185,15.167206,16.134007,16.182457,20.14954,16.579031,20.690836,21.458807,25.992134
5,14.275442,11.616945,7.968772,6.55223,6.1335936,0.0,6.5909038,8.733659,11.225441,14.704076,17.602953,20.598415,21.39553,19.662552,14.886924,16.78283,14.950305,18.290201,17.307894,20.24571,21.706873,22.778036,24.920347,25.703676,25.862713,24.574587,22.569012,19.524466,20.043272,16.300812,19.529932,14.106312,18.49136,14.562705,17.28116,18.356962,16.548042,17.274563,13.139343,11.938282,17.627045,17.032076,20.118673,21.495537,20.672796,23.731167,23.489471,27.112782,28.642735,29.40586,29.979362,28.137264,32.906033,32.129387,34.40108,31.436943,29.172253,29.31888,33.88744,31.734243,27.386356,26.716328,30.725296,30.987003,33.5926,28.42886,26.560621,31.525187,26.636642,24.529877,25.465137,28.568312,25.896284,25.861586,29.608557,29.552202,33.139687,34.570667,34.695187,39.286186,35.39356,40.50389,38.759895,34.652863,30.765633,29.700058,25.589079,25.480547,23.592031,21.57942,23.865887,20.801472,16.135645,18.434422,16.567621,16.38796,14.672792,10.27471,13.033071,7.597507,11.599615,10.25106,11.300559,13.780658,14.634148,19.489649,17.847965,21.635706,23.490364,27.742987
6,18.701508,15.166648,13.096813,9.266226,7.098985,6.5909038,0.0,7.008883,6.436698,10.540126,13.738999,15.435993,15.604983,13.355985,8.741285,11.263272,10.055743,14.6877365,14.86727,18.136127,20.263685,21.94729,24.359608,23.95913,23.567015,21.962711,19.052185,15.6416,14.982553,11.450224,13.086287,7.789681,12.035554,8.7871685,11.796455,13.935283,12.932003,12.827263,8.229247,6.025219,11.59339,11.161428,13.710787,15.408838,15.673089,18.360628,19.297523,23.032333,25.30681,25.943153,26.215418,23.687103,28.120258,27.097574,29.056938,26.21331,23.599022,23.279879,27.954372,25.403378,20.976366,20.855822,24.941936,25.681849,28.001165,22.42437,21.39792,26.603338,22.0435,20.333742,22.293686,25.640417,23.786913,23.100445,27.75989,26.644133,30.958893,31.63393,31.525843,35.774864,31.285725,36.3117,34.04498,30.013947,26.401781,26.08747,21.572266,23.028437,21.502302,20.54448,23.575138,21.393131,16.842772,20.250948,18.113243,19.221228,18.043089,13.059508,15.437449,11.427465,12.318681,12.380939,13.246634,13.726753,15.246483,18.55923,16.814188,21.328634,22.569468,27.159805
7,22.638462,19.46603,16.25253,14.139783,11.612383,8.733659,7.008883,0.0,5.108682,6.4390874,9.790385,12.970746,15.677848,13.921961,9.619808,11.634624,11.843313,15.402517,17.629213,19.456514,22.635641,23.287624,26.490522,26.505106,25.494783,24.820734,21.290213,18.687193,17.25862,15.300751,15.605285,12.071123,15.210607,11.4066725,15.681052,16.179014,16.738707,17.76278,13.260223,11.64058,16.800074,16.482153,17.798101,19.035225,20.236624,21.423487,23.310175,25.658237,28.379812,27.893717,27.48577,24.889528,29.328032,27.445553,30.435059,28.315605,24.829123,24.869722,28.661552,26.527367,22.586098,21.190468,24.031788,23.759586,26.121138,21.525251,19.003382,23.366787,18.196531,16.108889,16.779713,20.059114,17.733328,17.972008,22.175161,22.18387,26.339966,27.751148,28.447943,32.83605,28.722641,34.16117,32.74422,29.09275,25.354153,24.761915,20.819664,21.618378,21.415855,19.749146,22.994223,20.891798,17.82008,21.4161,20.683117,21.519335,18.661627,14.219178,14.108962,9.789625,9.053758,7.491184,7.25155,7.322484,9.762773,13.175281,13.709215,17.58239,19.88944,23.95933
8,24.806284,21.390491,18.809929,15.547935,13.129012,11.225441,6.436698,5.108682,0.0,4.966769,7.3331847,9.421406,10.816208,9.540432,6.069367,9.684505,10.91639,15.644029,18.212597,20.547201,23.754404,25.039762,28.08935,27.303736,26.139679,25.006395,21.0787,18.104176,15.741576,13.913943,11.889098,9.059104,10.383281,6.5666823,11.04408,11.816837,13.064367,13.797085,9.575682,8.180556,12.6625,13.332553,13.811684,15.83916,18.14787,19.237022,21.997711,24.745214,27.889915,27.614824,27.110586,23.93458,27.945667,25.917206,28.37629,26.307894,22.562769,21.869556,25.854828,22.955292,18.834803,18.517994,21.314781,21.716824,23.477436,18.10884,17.009819,21.452166,16.377953,15.084557,16.715816,20.431395,19.120157,18.958254,23.96702,23.067017,27.891521,28.5895,29.07794,33.069183,28.336163,33.655857,31.636932,28.092945,24.71533,24.941965,20.622236,22.912544,22.770658,21.996202,25.555468,23.928112,20.531212,24.436323,23.093725,24.405224,22.336266,17.541391,18.202227,14.274893,13.235174,12.553752,12.158643,11.516369,14.148902,16.256939,16.581387,20.84595,22.540152,26.801477
9,28.268284,24.721762,22.09781,19.213152,16.24388,14.704076,10.540126,6.4390874,4.966769,0.0,5.540985,6.9748077,11.217902,9.171305,6.6226816,8.619347,11.031297,14.671575,18.783709,20.079548,23.996052,24.760231,28.269733,27.393362,25.67947,25.145872,20.729929,18.457651,15.448992,15.074292,12.355426,11.359984,12.603026,10.270668,14.747283,15.340597,17.47722,18.118639,14.161652,12.467584,15.885743,15.861063,15.507128,16.634583,19.480745,19.246946,22.757133,24.335981,27.867868,26.75374,25.69886,22.419662,26.226448,23.596094,26.707796,25.251057,20.954021,20.611706,23.803076,21.46981,17.939995,16.430223,18.307962,18.00173,19.932438,15.467835,13.096262,17.184217,11.983627,10.310182,11.889657,15.50303,14.348112,14.135198,19.27003,18.403473,23.358112,24.116665,24.952822,28.866081,24.248945,29.732609,28.154882,24.915497,21.592422,21.860435,17.979038,20.336288,21.226715,20.506617,24.282696,23.17722,20.911749,25.08061,24.517641,26.075434,23.410969,19.02065,18.323196,15.455543,12.573534,12.344835,11.79658,9.380977,12.1544285,12.707695,14.256348,18.091536,19.927176,23.811718
10,31.699478,28.464409,25.480598,22.679213,20.275278,17.602953,13.738999,9.790385,7.3331847,5.540985,0.0,5.3519635,9.164987,10.452313,10.22851,13.224889,16.05261,20.024658,24.069572,25.560781,29.417387,30.286308,33.74739,32.77532,31.05301,30.375982,25.877243,23.455599,20.074867,19.66213,15.193941,14.87733,13.448957,10.43632,14.4464445,13.268081,16.444275,17.956585,14.861868,14.40534,17.46985,18.926481,17.829414,19.900589,23.54653,23.31869,27.318892,29.119476,32.835625,31.774567,30.58395,27.012407,30.375404,27.382309,30.274002,29.135561,24.48247,23.446417,26.286171,23.171646,19.867447,19.359585,20.055426,19.857307,20.591442,16.127295,14.990638,17.51658,11.750644,11.493702,11.837935,15.99616,15.627895,16.611664,21.54604,21.280294,26.398024,27.230059,28.548105,32.059563,27.31284,32.785942,31.245197,28.49739,25.598728,26.355694,22.666445,25.463,26.661366,25.979876,29.750051,28.589018,26.249828,30.30102,29.586035,30.901848,28.178452,23.723948,23.155205,19.455328,17.373035,15.921708,14.263491,12.830161,16.132835,16.67711,19.42066,22.847168,24.995686,28.56294
11,34.045483,30.423077,28.110346,24.65817,21.89851,20.598415,15.435993,12.970746,9.421406,6.9748077,5.3519635,0.0,6.3429303,6.6757917,8.815571,11.175199,14.843932,18.643145,23.296032,24.61468,28.619747,29.744497,33.16895,31.516607,29.478025,28.74167,23.925398,21.739191,17.599236,18.162777,11.992857,13.693251,11.22688,10.595929,14.010574,14.033726,17.642565,18.15333,15.551131,14.671943,15.971728,17.211824,15.013469,16.764528,21.280756,20.171011,25.021317,26.397934,30.485188,29.233347,27.778244,23.849474,26.618458,23.392311,26.000488,25.22126,20.305384,18.892845,21.409254,18.084368,15.106358,14.894171,15.130367,15.411378,15.755833,10.866712,10.853832,13.597914,8.586102,9.19579,11.551139,15.396536,16.144539,15.898228,21.420303,19.799618,25.325365,25.25545,26.190659,29.226316,24.034683,29.23391,27.221664,24.678438,22.233883,23.712143,20.028719,24.01033,25.475136,25.629862,29.589775,29.074257,26.949162,31.292952,30.466639,32.344566,30.075666,25.565031,25.10844,22.354557,19.396389,19.2298,18.267397,15.810473,18.65433,17.9058,19.919695,23.504393,24.869368,28.464376
12,34.009193,30.48419,28.60851,24.582167,22.421219,21.39553,15.604983,15.677848,10.816208,11.217902,9.164987,6.3429303,0.0,6.2232018,9.882656,13.367606,16.494545,21.19652,24.752827,26.979088,30.367634,32.17671,35.111454,33.094055,31.421436,29.988325,25.475807,22.712814,18.671019,18.44501,11.116005,12.951755,7.4116955,7.7691655,9.334572,9.414784,13.423165,13.552569,12.374162,12.500313,12.287386,15.167596,12.406091,15.541371,20.44608,20.17643,24.933546,27.366192,31.312523,30.881092,29.832148,25.73734,28.209864,25.506863,26.997215,25.816273,21.380621,19.014448,22.219296,17.690512,14.2511215,16.42301,17.375675,18.93277,18.545568,12.46458,15.173118,18.043959,14.087247,15.203518,17.819616,21.629337,22.482122,22.049114,27.669561,25.632608,31.21609,30.735426,31.2011,34.011864,28.498064,33.289135,30.513847,27.87113,25.728218,27.606646,23.487856,28.059666,28.725264,29.256548,33.15419,32.472424,29.43915,33.66969,32.033966,33.934704,32.46015,27.613028,28.325886,25.021008,23.128195,22.905605,22.051706,20.496794,23.355742,23.43898,24.431177,28.514236,29.534,33.51618
13,31.511957,27.59848,26.249136,22.036737,19.248388,19.662552,13.355985,13.921961,9.540432,9.171305,10.452313,6.6757917,6.2232018,0.0,5.273831,7.57998,10.942756,15.305388,19.194725,21.146635,24.642414,26.449144,29.404644,27.182064,25.350203,24.037365,19.388866,16.853422,12.570169,13.002662,5.5448604,8.586259,5.9246783,8.278657,10.739984,13.186068,15.849696,14.875034,12.515118,10.931095,10.443343,11.178815,8.436641,10.292459,15.178819,14.330576,19.263666,21.276264,25.302841,24.688158,23.62643,19.576023,22.308012,19.815449,21.50422,20.085953,15.713429,13.88795,17.598087,13.850112,9.87841,11.00474,13.421953,15.084096,16.007242,9.670506,11.382328,16.004734,12.753696,12.815853,16.701517,20.0081,20.521597,18.919233,24.699242,21.822344,27.28736,26.465378,26.372633,29.37567,23.861042,28.582504,25.624962,22.5177,20.110712,21.856932,17.54367,22.303068,22.802624,23.708765,27.609941,27.28334,24.509863,28.87979,27.401646,29.716303,28.443142,23.77569,24.362621,22.190079,19.478975,20.530876,20.56326,18.175623,20.385284,19.955517,19.757158,24.006008,24.412334,28.535269
14,26.704367,22.762215,21.294054,17.279493,14.248525,14.886924,8.741285,9.619808,6.069367,6.6226816,10.22851,8.815571,9.882656,5.273831,0.0,4.480818,6.8029804,11.782099,15.126906,17.334583,20.743393,22.410309,25.412794,23.762943,22.233957,20.971716,16.594772,13.747168,10.412162,9.639143,6.1108894,5.2259593,7.4425607,7.4979267,11.089153,13.84373,15.316747,14.492043,10.806232,8.240889,10.104996,9.452103,9.014458,10.217914,13.326933,13.533076,17.178959,19.575096,23.138832,22.730106,22.061869,18.53958,22.249422,20.292458,22.43025,20.3797,16.606724,15.844763,20.027868,17.289425,13.1068535,12.773611,16.336285,17.321575,19.366156,13.705004,13.198021,18.549644,14.708755,13.497073,16.87834,20.126919,19.527515,17.945126,23.446049,21.06365,26.127228,25.886236,25.716286,29.383377,24.29606,29.260439,26.671898,23.01419,19.870749,20.636602,16.056238,19.598581,19.467926,19.770723,23.558165,22.752453,19.631203,23.929321,22.478437,24.623426,23.221718,18.521692,19.2544,17.059706,14.615639,15.908215,16.431822,14.320632,16.215384,16.728231,15.737456,20.284847,20.88981,25.30599
15,27.464376,23.31273,22.29404,18.475754,14.967682,16.78283,11.263272,11.634624,9.684505,8.619347,13.224889,11.175199,13.367606,7.57998,4.480818,0.0,4.093975,7.8491626,12.361835,13.773978,17.602987,19.055017,22.25499,20.372318,18.45868,17.583784,12.862538,10.648174,6.9094963,7.790802,6.3012776,6.7608438,10.741959,11.900905,15.129319,18.262493,19.567118,18.353386,14.703077,11.682114,12.7714405,10.35533,10.057918,9.176703,11.696653,10.716145,14.536779,15.9030905,19.653433,18.709522,17.816584,14.356972,18.275059,16.366041,18.919874,16.937063,13.231098,13.372329,17.33862,15.752043,12.0345955,10.004031,14.223169,14.92489,17.847692,13.052206,11.343598,17.315691,14.489313,12.678585,16.681877,19.190084,18.546238,15.989911,21.344257,18.24031,23.058504,22.473442,21.877203,25.596064,20.648197,25.467113,22.909922,19.020046,15.677257,16.260187,11.617191,15.362364,15.398771,16.16508,20.04069,19.808012,17.395653,21.866493,20.865768,23.439613,22.059448,17.808722,17.961311,17.273415,13.678396,16.260937,17.444683,14.434677,15.523883,15.004003,13.000963,17.470839,17.398819,21.797361
16,24.098808,19.862371,19.33007,15.526621,11.920073,14.950305,10.055743,11.843313,10.91639,11.031297,16.05261,14.843932,16.494545,10.942756,6.8029804,4.093975,0.0,5.4589067,8.488462,10.59362,13.984455,15.701086,18.667955,17.017344,15.5418,14.398607,10.182276,7.4535804,5.497214,4.6362967,8.165764,6.177591,12.44366,13.243303,16.151184,19.73819,20.10291,18.604057,14.74249,11.342133,12.894864,9.30032,10.717468,9.274556,9.559731,9.882804,11.954112,13.97738,17.093727,16.731596,16.489437,13.719486,18.219383,17.259739,19.521194,16.858349,14.30385,15.010425,19.36923,18.272675,14.4917555,12.565107,17.499903,18.22395,21.489485,16.863382,15.034241,21.093168,18.363596,16.229202,19.88258,22.197365,20.9656,18.341265,23.212654,20.277786,24.514875,24.103422,23.126694,27.10161,22.576162,27.129871,24.585194,20.343067,16.752077,16.59656,11.898552,14.47601,13.250741,13.852562,17.456816,16.90425,13.848221,18.230705,16.933357,19.629934,18.711523,14.532714,15.350032,15.213377,12.17978,15.439829,17.30776,14.828207,15.250507,15.614222,12.035271,16.718958,16.309109,20.994085
17,25.679626,21.484173,21.388742,18.326916,14.617884,18.290201,14.6877365,15.402517,15.644029,14.671575,20.024658,18.643145,21.19652,15.305388,11.782099,7.8491626,5.4589067,0.0,6.405,6.083958,10.404977,11.412392,14.816977,13.137504,11.053213,10.931998,6.5265207,5.952726,5.7581916,7.3294077,12.313564,11.467531,17.565226,18.649067,21.572613,25.15558,25.529942,23.966238,20.125088,16.688692,17.92514,13.685375,15.016321,12.204828,11.156253,10.107591,11.122293,11.014743,13.902926,12.580367,12.169701,10.273983,15.215057,14.708466,17.5628,15.0830555,13.315071,15.410996,18.947485,19.451454,16.601957,13.083785,17.929163,18.039932,22.072834,18.826117,15.784631,21.72923,20.014633,17.398752,21.049118,22.418848,20.979252,17.58081,21.655806,18.271698,21.643482,21.029928,19.489496,23.586756,19.744003,23.898838,21.735226,17.298317,13.438743,12.315439,8.05197,9.417641,7.8511853,9.106894,12.737274,13.088227,11.511094,15.874018,15.554524,18.660316,17.678825,14.631961,14.381517,16.42021,12.349158,16.789715,19.22432,16.111551,15.434216,14.713808,9.639133,13.687479,12.129768,16.699547
18,21.107864,16.960716,18.074345,15.14686,12.045295,17.307894,14.86727,17.629213,18.212597,18.783709,24.069572,23.296032,24.752827,19.194725,15.126906,12.361835,8.488462,6.405,0.0,4.565627,5.760224,8.281359,10.447791,9.174733,8.831388,7.4029636,5.967893,4.4713845,8.604343,7.1075797,15.249206,12.640159,19.63311,20.47384,22.675125,26.704954,25.943108,23.999365,20.381731,16.982529,18.289095,13.488504,16.403112,13.766917,9.962995,11.516273,8.88892,10.745344,11.641421,12.35243,13.596833,13.105311,17.942026,18.894161,20.579632,17.196053,17.150042,19.069427,23.222103,23.540295,20.368156,18.060457,23.502502,24.094183,27.965921,24.15916,21.912718,27.965664,25.978468,23.433935,26.841465,28.440086,26.611094,23.560976,27.28553,24.321558,27.16889,26.746534,24.90209,28.953718,25.526066,29.154633,26.789629,22.246853,18.671185,17.202806,13.523096,13.395766,9.448893,10.223615,12.39605,11.859188,8.337161,11.96335,10.424356,13.889002,14.519113,11.913093,13.585257,16.012646,13.955277,18.364508,21.280987,19.38917,18.345383,19.189741,13.247707,17.014385,15.302457,19.781517
19,24.216097,20.269648,21.09384,18.819237,15.556857,20.24571,18.136127,19.456514,20.547201,20.079548,25.560781,24.61468,26.979088,21.146635,17.334583,13.773978,10.59362,6.083958,4.565627,0.0,4.7771654,5.397087,8.7876,7.72215,6.194095,6.8619356,5.4047003,6.782909,10.04701,10.518738,17.584723,15.939038,22.653193,23.575907,26.186888,29.998814,29.67938,27.923756,24.13613,20.683693,22.008957,17.240026,19.476526,16.321835,13.169366,13.039022,11.014747,10.274775,11.11647,10.286645,11.094591,11.479298,16.331139,17.260378,19.62516,16.798183,16.842527,19.537334,22.844038,24.141108,21.607523,18.167477,23.118755,23.131779,27.39853,24.601337,21.442064,27.201437,25.800406,22.98714,26.275558,27.218485,25.323889,21.888414,24.955027,21.84659,23.996218,23.523218,21.444227,25.524586,22.730326,26.09156,24.241148,19.779444,16.133127,13.905468,11.114373,9.46104,5.0008535,6.363388,8.516206,9.171718,8.128092,11.647917,11.76904,15.2071705,15.099391,13.539543,13.550771,17.358984,14.14943,19.068068,22.10478,19.558067,17.952095,17.771736,11.419137,14.309313,11.768352,15.911119
20,22.703556,19.025959,20.851881,18.877417,16.284555,21.706873,20.263685,22.635641,23.754404,23.996052,29.417387,28.619747,30.367634,24.642414,20.743393,17.602987,13.984455,10.404977,5.760224,4.7771654,0.0,3.785015,4.8118806,4.1307273,5.1259527,4.89975,7.286841,8.52043,13.058699,12.540593,20.533539,18.349047,25.251245,26.230585,28.341154,32.432686,31.502445,29.468893,25.964045,22.61539,23.70874,18.74395,21.602264,18.466702,14.022643,15.004827,10.92805,10.950181,9.78943,10.61898,12.653791,14.043732,18.419998,20.313795,21.818462,18.56608,19.77086,22.376503,25.902592,27.21968,24.64893,21.842546,27.117895,27.450087,31.631172,28.596567,25.93012,31.777142,30.38424,27.64559,30.93723,31.96449,29.96348,26.624588,29.516666,26.505981,28.336508,27.830418,25.497051,29.369324,26.867626,29.732546,27.715837,23.286745,19.984526,17.770094,15.370456,13.485738,8.52805,9.556122,9.862979,10.115999,8.338776,10.273507,9.693876,13.319499,14.737651,14.049307,15.198388,19.220524,17.24752,21.97697,25.198622,23.283373,21.536745,22.032598,15.52662,18.05402,15.450286,19.137941
21,23.92125,20.489227,21.876566,20.585844,17.89449,22.778036,21.94729,23.287624,25.039762,24.760231,30.286308,29.744497,32.17671,26.449144,22.410309,19.055017,15.701086,11.412392,8.281359,5.397087,3.785015,0.0,4.1644034,5.8013797,6.0324483,7.755239,9.508377,11.319019,15.258214,15.2260895,22.828547,20.724506,27.663694,28.28505,30.811459,34.597977,33.86215,32.13528,28.349508,24.981047,26.56586,21.725763,24.396793,21.2536,17.3215,17.689365,14.308662,13.249402,12.208185,11.853206,13.386537,15.249391,19.577269,21.188011,23.318459,20.529758,21.446644,24.388,27.42588,29.155352,26.803606,23.327475,28.158506,27.973457,32.37445,29.908747,26.492903,32.05708,30.738941,27.752855,30.652166,31.282171,29.014282,25.712406,27.92756,25.278593,26.43667,26.259693,24.011913,28.021826,26.152185,28.965946,27.574797,23.302485,19.897846,17.023136,15.397963,11.931644,7.064505,7.1797314,6.3678365,7.1141963,7.5262723,8.954137,10.081954,13.299885,13.860853,14.1186905,14.059406,19.030409,16.641151,21.50988,24.832346,22.76033,20.547611,20.759998,14.19633,15.826613,12.997812,16.194508
22,23.773228,20.661922,22.854761,21.73332,19.586512,24.920347,24.359608,26.490522,28.08935,28.269733,33.74739,33.16895,35.111454,29.404644,25.412794,22.25499,18.667955,14.816977,10.447791,8.7876,4.8118806,4.1644034,0.0,4.5849214,6.9452586,7.9044895,11.544911,13.264076,17.77214,17.31281,25.341866,23.055517,30.017136,30.818945,32.932545,36.963055,35.82654,33.8464,30.342394,27.062456,28.315554,23.366478,26.345089,23.165165,18.497381,19.443605,14.922102,14.262625,11.866241,12.701232,14.995718,17.414139,21.293936,23.59975,25.030586,21.98391,23.741177,26.609575,29.771744,31.544685,29.221842,26.203302,31.293339,31.40009,35.72709,33.091606,30.110437,35.776398,34.55226,31.662357,34.69226,35.399677,33.162075,29.84816,32.061172,29.326582,30.364044,30.02494,27.542334,31.297455,29.565073,31.950768,30.345844,26.118008,23.023317,20.322601,18.830965,15.722724,10.841048,11.283692,9.734789,10.196545,9.932592,9.803195,10.210955,13.277183,15.200363,16.043762,16.875021,21.696884,20.117718,24.797682,28.17776,26.478056,24.286924,24.840559,18.271572,19.825487,16.99229,19.826176
23,25.84387,22.330738,24.581352,22.543768,20.122997,25.703676,23.95913,26.505106,27.303736,27.393362,32.77532,31.516607,33.094055,27.182064,23.762943,20.372318,17.017344,13.137504,9.174733,7.72215,4.1307273,5.8013797,4.5849214,0.0,3.4944785,3.7360795,8.226844,10.49213,14.902406,15.097726,22.700485,21.213877,27.787577,29.35552,31.176226,35.525063,34.632122,32.302616,29.092052,25.751225,26.11721,21.002409,23.563494,19.989109,15.325286,15.762176,11.124574,9.926893,7.2849813,8.5597925,11.251301,13.685216,17.280773,19.977547,20.87743,17.697037,19.948301,22.80569,25.930532,27.834309,25.76745,22.989618,28.2232,28.703943,32.88562,30.253176,27.848799,33.577312,32.81869,30.205145,33.77614,34.550064,32.816635,29.13935,31.876188,28.409554,29.927504,28.940887,26.14396,29.554218,27.379993,29.509285,27.343159,23.082273,20.297962,18.188942,16.472548,14.793196,10.0174465,12.036106,11.676177,12.914606,12.198121,13.385193,12.951653,16.441948,18.339508,18.069319,19.11995,23.340551,21.194838,26.005922,29.209225,27.071068,25.290365,25.265177,18.786823,20.887955,17.725405,20.854633
24,27.786848,24.045065,25.7697,23.480326,20.625462,25.862713,23.567015,25.494783,26.139679,25.67947,31.05301,29.478025,31.421436,25.350203,22.233957,18.45868,15.5418,11.053213,8.831388,6.194095,5.1259527,6.0324483,6.9452586,3.4944785,0.0,3.6244245,6.1183443,9.333125,12.99733,14.207715,21.07147,20.279007,26.601837,28.389399,30.45207,34.713375,34.279556,32.02834,28.711243,25.282085,25.520245,20.431158,22.43983,18.60474,14.701926,14.027084,10.588741,7.901645,6.6000047,5.9559855,8.113604,10.60802,14.34954,16.786089,18.12775,15.274007,17.199924,20.33844,23.094934,25.33213,23.54762,20.266542,25.246881,25.556334,29.81681,27.591146,24.95302,30.531435,30.109274,27.518778,31.2025,31.77052,30.256947,26.358072,29.101685,25.33643,26.893951,25.668083,22.784557,26.127928,23.904263,26.032997,23.906763,19.64423,16.845407,14.730001,13.197279,11.767192,7.3447986,10.284081,10.62318,12.608471,12.652943,14.696866,14.746615,18.309679,19.367565,18.684307,19.018091,23.246288,20.267382,25.216784,28.28729,25.646017,23.941519,23.218616,16.9412,18.977184,15.550633,18.66192
25,26.10554,22.27621,24.35018,21.62388,18.99228,24.574587,21.962711,24.820734,25.006395,25.145872,30.375982,28.74167,29.988325,24.037365,20.971716,17.583784,14.398607,10.931998,7.4029636,6.8619356,4.89975,7.755239,7.9044895,3.7360795,3.6244245,0.0,5.1080227,7.31992,11.604168,12.087294,19.337399,18.291265,24.5639,26.555391,28.197838,32.690865,31.983934,29.48934,26.454641,23.10717,22.962255,17.815561,20.106152,16.391613,11.830407,12.068936,7.5122576,6.6252627,4.9407306,6.715211,9.367721,10.926969,14.699389,17.310297,17.943142,14.48898,16.652235,19.292206,22.695225,24.31705,22.180279,19.728937,25.16029,25.973679,29.967659,27.05032,25.150854,30.989443,30.295307,27.914963,31.811916,32.813084,31.408783,27.649563,30.939817,27.115679,29.25507,27.972162,25.198402,28.51568,25.713705,28.028685,25.382399,21.010235,18.266703,16.796541,14.414757,14.220087,9.810294,12.476958,13.274654,14.452815,12.980786,15.153805,14.111403,17.783108,19.46713,18.216562,19.513422,23.00011,20.601923,25.330496,28.329487,26.005917,24.650383,24.448942,18.225765,20.960615,17.944986,21.52095
26,26.921339,22.780407,23.996128,20.797054,17.613483,22.569012,19.052185,21.290213,21.0787,20.729929,25.877243,23.925398,25.475807,19.388866,16.594772,12.862538,10.182276,6.5265207,5.967893,5.4047003,7.286841,9.508377,11.544911,8.226844,6.1183443,5.1080227,0.0,3.8796406,6.907893,8.692629,14.971708,14.645867,20.627567,22.774872,24.756607,29.072613,28.951977,26.640486,23.434612,20.007084,19.848728,14.853747,16.46365,12.613949,9.409364,8.316932,6.4800825,5.180448,7.380599,6.9156036,7.858229,7.431216,12.097536,13.612657,15.012879,11.746531,12.504797,15.127723,18.65613,20.016602,17.751179,14.882427,20.297058,21.069077,25.045885,22.06081,20.065382,25.953554,25.235546,22.94899,27.026077,28.126312,27.001598,23.185354,26.930752,22.884726,25.650919,24.26276,21.759758,25.201614,21.753338,24.663109,21.878143,17.360634,14.279149,13.292262,10.004758,11.346813,8.011948,11.056226,13.319537,14.53236,13.055614,16.4632,15.621519,19.248812,19.838081,17.615679,18.33909,21.173056,17.944502,22.586487,25.27927,22.480871,21.526936,20.80103,15.118264,18.368464,15.649705,19.634825
27,24.434994,20.186663,21.299297,17.653244,14.530254,19.524466,15.6416,18.687193,18.104176,18.457651,23.455599,21.739191,22.712814,16.853422,13.747168,10.648174,7.4535804,5.952726,4.4713845,6.782909,8.52043,11.319019,13.264076,10.49213,9.333125,7.31992,3.8796406,0.0,4.9534993,4.95775,12.248207,11.101041,17.37279,19.351942,21.164095,25.557886,25.210627,22.860107,19.68336,16.277357,16.227556,11.198886,13.330379,9.982843,6.415269,7.067753,5.438743,7.595603,9.839761,10.503523,11.420669,9.958934,14.530863,15.5083475,16.663519,13.120346,13.11643,14.842554,19.182955,19.4315,16.409262,14.467719,20.193441,21.303534,24.944656,21.031727,19.604431,25.717237,24.295103,22.161287,26.201733,27.857176,26.685036,23.285666,27.528502,23.813427,27.160309,26.061419,23.984308,27.596386,23.646244,27.056305,24.085657,19.568737,16.367395,15.821057,11.752391,13.702636,10.580463,12.662345,15.286425,15.563214,12.706228,16.391518,14.746935,18.218359,18.900242,15.898007,17.413523,19.19993,16.600863,20.821383,23.35862,20.990969,20.47006,20.504843,15.151639,19.102148,17.131136,21.546455
28,27.455957,23.144781,23.504694,19.503572,16.13942,20.043272,14.982553,17.25862,15.741576,15.448992,20.074867,17.599236,18.671019,12.570169,10.412162,6.9094963,5.497214,5.7581916,8.604343,10.04701,13.058699,15.258214,17.77214,14.902406,12.99733,11.604168,6.907893,4.9534993,0.0,4.811658,8.124683,8.957239,14.053288,16.666058,18.668468,22.890362,23.37174,21.144934,18.074028,14.76526,14.14409,9.73626,10.262725,6.7092233,6.6380715,4.724464,7.9683423,9.1661415,12.937928,12.497604,12.179235,9.013693,13.203925,12.882702,14.412429,11.444748,9.62214,10.805025,15.291984,14.998639,11.826428,9.755539,15.498072,16.842651,20.223091,16.085588,15.069121,21.188042,19.92377,18.149742,22.582075,24.38887,23.802734,20.358572,25.164406,21.108719,25.166512,23.776884,22.001078,25.386168,20.760105,24.52625,21.30219,16.953098,13.874363,14.359583,9.727105,13.750866,12.353613,14.553953,17.90475,18.410164,16.030626,20.186378,18.837305,22.090721,21.985544,18.399448,19.27601,20.199465,16.86721,20.636816,22.620083,19.730448,19.857313,19.142874,15.016479,19.18063,17.605034,21.98069
29,23.068274,18.770922,19.299025,15.026868,11.936401,16.300812,11.450224,15.300751,13.913943,15.074292,19.66213,18.162777,18.44501,13.002662,9.639143,7.790802,4.6362967,7.3294077,7.1075797,10.518738,12.540593,15.2260895,17.31281,15.097726,14.207715,12.087294,8.692629,4.95775,4.811658,0.0,8.534521,6.207499,12.754935,14.498689,16.247143,20.63274,20.274435,17.99115,14.762987,11.365572,11.54758,6.752361,9.318789,7.266469,5.2866893,7.5572085,8.144563,11.772753,14.383158,15.206259,15.725278,13.282922,17.567783,17.650152,18.78136,15.399806,14.127953,14.652488,19.58687,18.434238,14.576073,13.800025,19.437765,20.84956,23.940916,19.017832,18.320602,24.460041,22.203564,20.383116,24.311203,26.626484,25.552128,22.741228,27.558113,24.252258,28.306366,27.497496,25.999868,29.704098,25.186466,29.171383,26.086882,21.719067,18.486094,18.510315,13.877372,16.610435,14.266837,15.518858,18.588774,18.108044,14.336807,18.270275,16.093477,19.076271,19.409008,15.405057,17.452818,17.556149,15.561815,18.911943,20.986776,19.050776,19.29135,19.993961,15.667166,20.213549,19.198212,23.880777
30,29.37929,25.255222,24.82611,20.26498,17.407497,19.529932,13.086287,15.605285,11.889098,12.355426,15.193941,11.992857,11.116005,5.5448604,6.1108894,6.3012776,8.165764,12.313564,15.249206,17.584723,20.533539,22.828547,25.341866,22.700485,21.07147,19.337399,14.971708,12.248207,8.124683,8.534521,0.0,5.8075695,6.4356236,10.34337,11.821889,15.882953,17.236809,15.115068,12.79263,10.315867,8.397487,6.9202394,4.294548,4.8046603,9.744041,9.148646,13.912562,16.420713,20.272282,20.20587,19.585335,15.690331,18.583227,17.03977,18.01578,15.816324,12.381246,10.8080435,15.621466,12.4588995,7.94374,9.353678,13.914663,16.127327,17.884201,11.855961,13.41235,18.955017,16.76398,16.191292,20.58873,23.403063,23.554142,21.10095,26.721508,23.14777,28.232403,26.992609,26.086002,29.125908,23.71204,27.938904,24.467955,20.842821,18.376617,19.993814,15.3749075,20.283516,19.854187,21.35377,25.03011,24.917467,21.83177,26.08875,24.230106,26.928183,26.475433,21.978645,23.230703,21.955782,19.36386,21.49042,22.36836,19.979721,21.458124,21.180984,19.203773,23.688995,23.270607,27.649176
31,23.692015,19.638296,19.107784,14.489477,11.794615,14.106312,7.789681,12.071123,9.059104,11.359984,14.87733,13.693251,12.951755,8.586259,5.2259593,6.7608438,6.177591,11.467531,12.640159,15.939038,18.349047,20.724506,23.055517,21.213877,20.279007,18.291265,14.645867,11.101041,8.957239,6.207499,5.8075695,0.0,7.2008348,8.307723,10.292953,14.461806,14.494124,12.57186,9.1373205,5.8438396,6.849852,4.62864,6.3687153,7.6649756,9.300417,11.328414,13.690581,17.412708,20.404774,21.021519,21.07823,17.92548,21.767653,20.848845,22.089903,19.233875,16.655684,15.894391,20.876787,18.182976,13.692974,14.314254,19.070232,20.660048,22.868956,16.977282,17.230085,22.938936,19.669764,18.427565,21.99075,25.066917,24.25227,22.3229,27.638292,24.929262,29.671495,29.190052,28.421183,32.092262,27.090054,31.61154,28.56086,24.557547,21.45055,22.049551,17.250029,20.58449,19.205587,19.817163,23.23219,22.253002,18.216246,22.210243,19.92988,22.232115,21.907555,17.170134,19.239437,17.308279,15.949791,17.784836,18.93633,17.532413,18.864874,20.09452,17.546684,22.318169,22.342564,27.032848
32,29.091415,25.377333,24.462011,19.82712,17.81975,18.49136,12.035554,15.210607,10.383281,12.603026,13.448957,11.22688,7.4116955,5.9246783,7.4425607,10.741959,12.44366,17.565226,19.63311,22.653193,25.251245,27.663694,30.017136,27.787577,26.601837,24.5639,20.627567,17.37279,14.053288,12.754935,6.4356236,7.2008348,0.0,5.5165114,5.6611824,9.722801,11.34546,9.455827,8.078147,7.239018,5.0608563,8.038735,5.734277,9.7440605,13.962928,14.980652,18.835922,22.332258,25.802862,26.269264,25.89299,22.092123,24.906395,23.293282,24.007727,21.841188,18.503843,16.266968,20.818256,16.521736,12.100423,14.978424,18.291021,20.516287,21.240894,14.629705,17.187462,21.79877,18.510786,18.58048,22.088095,25.617186,25.768246,24.382025,30.088427,27.368496,32.695625,31.929594,31.544697,34.639526,29.136658,33.608498,30.254112,26.895344,24.490215,26.077433,21.453886,25.932613,25.384811,26.260105,29.899176,29.12204,25.321577,29.350101,27.037962,29.167452,28.685648,23.800203,25.63607,22.807766,21.508629,22.27865,22.425304,21.12945,23.320807,24.082508,23.059505,27.664242,27.995451,32.45851
33,26.491978,23.12667,21.34297,17.205622,15.557558,14.562705,8.7871685,11.4066725,6.5666823,10.270668,10.43632,10.595929,7.7691655,8.278657,7.4979267,11.900905,13.243303,18.649067,20.47384,23.575907,26.230585,28.28505,30.818945,29.35552,28.389399,26.555391,22.774872,19.351942,16.666058,14.498689,10.34337,8.307723,5.5165114,0.0,4.5422835,6.511599,8.012372,7.98657,4.9876137,5.197874,7.7726192,10.775237,10.43928,14.015747,17.112915,18.762445,21.831675,25.470793,28.666372,29.077925,28.790054,25.25877,28.690916,26.932985,28.329107,26.086899,22.603548,20.897278,25.301035,21.326538,16.955458,18.715843,21.694284,23.166904,24.08648,17.77542,19.012709,23.352053,18.881697,18.606108,21.002983,24.879908,24.405088,23.910732,29.337269,27.667423,32.85694,32.86885,32.98355,36.525547,31.28835,36.233894,33.44292,29.991373,27.116158,28.100468,23.488235,26.950253,26.396355,26.395163,29.957264,28.541962,24.521133,28.350372,26.165253,27.695017,26.664762,21.677692,23.462698,19.544699,19.141712,18.790577,18.44243,18.078644,20.624002,22.40615,22.106329,26.628883,27.733177,32.181747
34,27.603588,24.422054,23.194622,18.778849,17.76311,17.28116,11.796455,15.681052,11.04408,14.747283,14.4464445,14.010574,9.334572,10.739984,11.089153,15.129319,16.151184,21.572613,22.675125,26.186888,28.341154,30.811459,32.932545,31.176226,30.45207,28.197838,24.756607,21.164095,18.668468,16.247143,11.821889,10.292953,5.6611824,4.5422835,0.0,5.1977243,5.78135,4.3237715,4.5050597,6.413896,6.157928,10.834433,10.25381,14.552031,17.619663,19.78824,22.63107,26.844492,29.856358,30.802853,30.753637,27.194284,30.258244,28.839607,29.490086,27.087616,24.049627,21.832026,26.430489,21.95511,17.622768,20.610846,23.721119,25.7654,26.260036,19.67494,22.07555,26.296423,22.288464,22.406666,25.057327,28.932615,28.73331,28.089138,33.62433,31.631733,36.90211,36.60267,36.474403,39.793365,34.38073,39.037807,35.82881,32.42417,29.841637,31.127844,26.43408,30.292334,29.383871,29.720648,33.174606,31.798664,27.40562,31.047255,28.369572,29.926167,29.548977,24.571356,27.00293,23.085888,23.157404,22.919302,22.655033,22.544336,24.99817,26.829813,26.118565,30.747885,31.565477,36.112164
35,29.688948,26.918434,24.928707,21.135782,20.415476,18.356962,13.935283,16.179014,11.816837,15.340597,13.268081,14.033726,9.414784,13.186068,13.84373,18.262493,19.73819,25.15558,26.704954,29.998814,32.432686,34.597977,36.963055,35.525063,34.713375,32.690865,29.072613,25.557886,22.890362,20.63274,15.882953,14.461806,9.722801,6.511599,5.1977243,0.0,4.6825953,6.8051395,7.3983235,10.088123,11.347006,15.826426,15.073797,19.274841,22.56917,24.44093,27.512161,31.473248,34.60925,35.267773,35.01127,31.36004,34.460106,32.599308,33.639572,31.54374,28.037134,25.771362,29.93808,25.2876,21.222197,23.953598,26.171257,27.834057,27.865707,21.572187,23.798294,27.168045,22.576529,23.030827,24.74932,28.856369,28.702202,28.896912,34.23056,32.970604,38.282207,38.38409,38.771378,42.107998,36.750854,41.670177,38.807663,35.650734,33.04559,34.302876,29.754955,33.388504,32.90601,32.82339,36.340755,34.73612,30.508118,34.094364,31.675543,32.84271,31.910364,26.953285,28.984047,24.31677,24.718504,23.447855,22.424038,22.857998,25.74987,27.819801,28.215908,32.595734,33.993355,38.35082
36,26.279718,23.816687,22.131157,18.371355,18.39522,16.548042,12.932003,16.738707,13.064367,17.47722,16.444275,17.642565,13.423165,15.849696,15.316747,19.567118,20.10291,25.529942,25.943108,29.67938,31.502445,33.86215,35.82654,34.632122,34.279556,31.983934,28.951977,25.210627,23.37174,20.274435,17.236809,14.494124,11.34546,8.012372,5.78135,4.6825953,0.0,4.0168757,5.5741215,9.028213,10.862395,15.20883,15.666797,19.828053,22.027246,24.858856,26.915728,31.49638,34.121246,35.333797,35.51304,32.197506,35.572548,34.24897,35.05084,32.48006,29.578403,27.532524,32.16258,27.717937,23.389372,26.124022,29.135477,30.895144,31.37883,24.922445,26.857817,30.81565,26.211746,26.221075,28.02523,32.08132,31.46011,31.50114,36.73542,35.496677,40.609325,40.815063,40.952553,44.530514,39.276295,44.152367,41.181435,37.700386,34.88397,35.814156,31.112959,34.287086,33.13785,32.902,36.13271,34.20253,29.450521,32.6375,29.804565,30.707253,30.28678,25.424507,28.211851,23.373476,24.747475,23.511505,22.847164,23.917503,26.488375,29.278778,28.908575,33.41252,34.715607,39.24642
