,0,1,2,3,4,5,6,7,8,9,10,11,12,13,14,15,16,17,18,19,20,21,22,23,24,25,26,27,28,29,30,31,32,33,34,35,36,37,38,39,40,41,42,43,44,45,46,47,48,49,50,51,52,53,54,55,56,57,58,59,60,61,62,63,64,65,66,67,68,69,70,71,72,73,74,75,76,77,78,79,80,81,82,83,84,85,86,87,88,89,90,91,92,93,94,95,96,97,98,99,100,101,102,103,104,105,106,107
0,0.0,4.3646436,6.4803524,9.832102,12.099017,15.031997,17.57603,21.660275,24.90839,28.364279,30.638725,36.25886,31.741009,30.310633,25.186525,24.159632,19.97347,19.520895,16.2081,15.288666,15.048071,14.867914,19.556927,21.333134,24.801373,27.956553,31.163303,29.567722,27.721153,30.557577,27.241325,32.518463,33.35659,34.313828,37.42,39.19975,42.387184,41.592533,38.887115,34.96164,37.303967,32.10471,33.5959,30.835546,32.280716,31.671951,30.85961,31.988426,28.951855,34.217262,35.18188,30.551683,33.976593,38.441235,38.498844,39.76147,36.978912,38.43795,36.82547,39.349396,35.968628,39.414524,38.072826,41.845036,42.278584,38.997135,42.77879,41.172203,41.66075,41.745975,38.711914,35.5924,31.366978,31.184484,27.004625,27.533234,25.235415,25.164516,25.497011,24.341618,26.429794,28.157946,27.244364,25.350836,23.898552,25.272827,22.92654,26.201855,25.082779,28.226946,27.725826,24.690855,25.090515,21.55847,21.808088,23.463802,18.110971,20.952414,19.405457,20.759672,22.425694,20.025269,18.623707,18.431034,19.77558,18.473534,22.196573,21.101637
1,4.3646436,0.0,5.3604503,6.4294577,8.707147,12.583352,14.152717,18.939056,21.598886,25.621998,27.530386,33.272007,29.234024,27.578794,22.83758,21.046856,17.02314,15.896602,12.4819765,11.073329,10.926792,10.852998,15.610331,17.802723,21.105661,24.201836,27.138906,25.408115,23.536951,26.479406,23.281084,28.754385,29.750795,31.092907,34.140274,36.160835,39.09791,38.193886,35.275105,31.29142,33.491108,28.182491,29.637083,26.67918,28.29035,27.452059,26.870907,27.98685,25.232897,30.418953,31.21822,27.003004,30.53148,34.765804,34.873,35.918613,33.17263,34.352936,32.6764,35.28502,31.71018,35.225887,33.93041,37.67336,38.377377,35.093197,39.11184,37.778576,38.336082,38.846603,35.659046,32.447197,28.136574,27.701473,23.40806,23.581564,21.159561,20.866707,21.225016,19.992588,22.174244,24.05508,23.002851,21.190645,19.703785,21.540241,19.098293,22.737074,22.022774,25.316824,25.289635,22.426119,23.173456,19.260305,18.960901,20.392845,14.605646,17.15599,15.252817,16.625036,18.3483,15.822411,14.285959,14.296224,15.559868,14.671172,18.580347,18.072569
2,6.4803524,5.3604503,0.0,5.3048177,6.7092996,8.845699,11.898113,15.290757,18.848103,21.99724,24.38853,29.9216,25.290787,23.998344,18.751183,18.033546,13.92336,13.966339,11.4465065,11.466192,12.883366,14.184014,18.55136,21.549171,24.459045,27.178366,29.577126,26.790625,24.229326,26.53521,22.505083,27.635172,27.644258,28.579924,31.422184,33.157337,36.44941,35.589626,33.16017,29.333895,31.71199,26.764126,28.484571,26.172771,27.849302,28.42387,27.38775,29.505333,27.254835,32.339832,32.462223,27.853668,31.984007,36.148293,35.431545,36.597168,33.20592,34.88389,32.79304,34.66504,31.599144,34.688015,33.23459,37.26248,36.99541,34.08891,37.649506,35.798187,36.712807,36.50067,34.05581,31.269463,26.368595,27.001087,22.717375,23.174706,21.684366,21.409306,22.960218,21.673212,24.595728,26.87458,24.99232,22.688475,20.249798,21.423065,18.276638,21.41441,19.745552,22.58667,22.233019,19.608511,20.712349,17.442005,17.198704,19.582203,14.111039,18.564714,16.11919,18.93988,21.212976,18.710815,16.348515,15.574589,15.615024,13.87319,16.880306,15.5470915
3,9.832102,6.4294577,5.3048177,0.0,3.9312034,6.6629925,8.972228,13.294305,15.711734,20.009851,21.459309,27.289448,23.22708,21.31346,16.89437,14.779051,10.675846,9.878127,6.4488997,6.584296,7.9718843,10.080672,13.907926,17.404491,19.931246,22.386616,24.529142,21.526083,18.97154,21.34187,17.577988,22.828588,23.575699,24.695473,27.791779,29.744541,32.729774,31.936752,29.096258,25.157602,27.729195,22.503595,24.70222,21.900843,24.362429,24.456667,24.100033,26.134186,24.50381,29.328644,29.17344,25.568098,29.765852,33.433205,32.897984,33.58511,30.287125,31.277914,28.941214,30.860937,27.078133,30.224485,28.60825,32.38728,32.490852,29.283445,33.051235,31.519941,32.26409,32.623608,29.742685,26.744646,22.00032,22.119564,17.75525,18.071054,16.395205,16.388115,17.868462,17.119745,20.14128,22.829262,20.888027,19.006866,16.373358,18.790184,15.160457,19.134846,18.115273,21.056541,21.625898,19.499033,21.257135,17.574274,16.308132,18.351385,12.170841,16.008581,12.5696535,15.397175,17.53195,14.488018,12.043314,10.350141,10.764133,8.813366,12.367641,11.673656
4,12.099017,8.707147,6.7092996,3.9312034,0.0,5.956624,5.5292683,10.465277,12.961048,17.02796,18.94333,24.630524,20.944199,19.433603,14.885192,12.776909,9.280784,7.8019123,6.364846,5.973893,9.456884,11.630494,15.219916,19.066074,21.266891,23.587538,25.06914,21.614162,18.661806,20.85457,16.592052,22.09151,21.733929,23.56289,26.026667,28.237648,31.11088,29.926416,27.270254,23.367313,25.325695,20.299643,21.822477,19.476982,21.308352,22.192091,21.260313,23.833298,22.356297,27.11326,26.649654,22.605722,27.085102,30.773462,29.7954,30.662071,27.098557,28.557344,26.239616,27.995823,24.958422,28.03179,26.711626,30.919203,30.823439,28.199146,32.135754,30.683355,31.987984,32.38834,30.013178,27.270638,21.894598,22.512936,18.026722,17.604422,16.427322,15.328847,17.741879,15.998448,19.445602,22.017561,19.440184,16.976242,13.958458,15.510791,11.83401,15.438071,14.242651,17.251373,17.768717,15.630483,17.502172,13.8608885,12.438073,14.696602,8.737533,13.626202,10.290378,14.095466,16.718079,14.441371,11.3701515,11.083594,9.41994,8.662018,11.294583,11.301387
5,15.031997,12.583352,8.845699,6.6629925,5.956624,0.0,7.018492,7.896151,11.23043,14.541745,16.15739,21.782625,17.013983,15.302501,10.472493,9.54679,5.2737603,7.1994276,6.545229,9.3668785,12.285662,15.411055,18.114235,22.214968,24.011902,25.771366,26.994884,22.665659,19.29119,20.476099,15.694941,20.07571,19.42725,19.908792,22.750141,24.3351,27.732126,27.052063,24.83681,21.178633,24.126057,19.53403,22.39568,20.53681,23.389309,25.322517,24.653622,27.88827,27.206455,31.586117,30.456802,26.92866,31.725363,34.974625,33.451874,34.063957,30.030867,31.362993,28.403889,29.165524,25.941607,28.32912,26.428003,30.423716,29.160994,26.496338,29.551334,27.365877,28.630518,28.120369,26.304487,23.9913,18.409454,20.153128,16.050188,16.72636,16.72488,16.84768,19.900377,19.341627,23.063004,26.16971,23.314457,21.11216,17.373869,19.164793,14.59771,17.828077,15.719258,17.712767,18.371027,17.174314,19.792562,17.154276,15.487575,18.50768,13.311863,18.725967,14.752167,18.93534,21.43096,18.621231,15.583386,12.979483,11.503728,8.363525,9.420196,7.308957
6,17.57603,14.152717,11.898113,8.972228,5.5292683,7.018492,0.0,6.352109,7.80851,12.146256,13.95807,19.531252,16.637894,15.322185,11.464286,8.66235,6.8934145,4.2994823,6.857778,7.126858,11.794077,14.426432,16.794912,21.09289,22.481176,24.208422,24.592764,20.238665,16.718102,18.236525,13.397726,18.776257,17.110554,19.741112,21.46618,23.991043,26.607548,25.053621,22.55986,18.760502,20.187454,15.468177,16.714846,14.991503,16.783598,19.044926,17.835857,21.395664,20.943735,25.113443,23.762753,20.079567,25.00778,28.146616,26.446968,27.143297,23.092085,24.71891,22.016027,23.138943,20.70636,23.422468,22.240845,26.81685,26.274874,24.329294,28.308022,26.970007,28.911797,29.446058,27.6967,25.364502,19.374113,20.652626,16.30151,15.063075,14.982095,12.943488,16.792356,14.58568,18.593277,21.346312,17.861723,15.080003,11.130535,12.191534,7.6448197,10.985638,9.624336,12.342393,13.616046,12.366447,15.11323,11.98203,9.472051,12.015363,7.1597877,12.770249,9.013639,13.961898,16.838392,15.21626,11.703148,11.7919035,7.6460915,8.035347,8.455151,9.669675
7,21.660275,18.939056,15.290757,13.294305,10.465277,7.896151,6.352109,0.0,5.048939,6.7989764,9.455731,14.684099,10.695301,10.030899,5.4640155,5.219223,5.520814,6.8743906,10.665554,12.742883,16.995066,20.114174,22.019545,26.473162,27.528967,28.776524,28.688251,23.50479,19.566023,19.814768,14.396815,18.213194,14.726261,16.476885,17.647768,19.654705,22.798939,21.370903,19.827644,16.553373,18.383574,14.839646,16.862104,16.550827,18.641047,22.712934,21.296295,25.720451,26.019127,29.658674,27.540884,24.057602,29.24471,31.934628,29.333118,29.970404,25.315926,27.275864,24.03885,23.733997,22.088112,23.761436,22.264362,26.889212,24.696308,23.461628,26.427868,24.3048,26.7977,26.256538,25.789444,24.28909,17.761877,20.711252,17.005205,16.400066,17.867338,16.513988,21.109686,19.568743,23.731344,26.70756,22.859888,20.135729,15.774098,16.024057,11.39357,12.919941,10.002288,10.781046,11.97597,12.20303,15.730371,14.319601,12.004312,15.360352,12.484738,18.429825,14.856907,19.926544,22.749104,21.0668,17.609337,16.441944,12.369211,11.262029,9.208178,8.925499
8,24.90839,21.598886,18.848103,15.711734,12.961048,11.23043,7.80851,5.048939,0.0,6.101916,6.228891,11.92523,10.018843,8.602894,7.3909545,3.7015226,6.9749784,6.451988,11.202412,12.970357,17.064812,20.196308,21.060553,25.561186,25.945492,26.680504,25.809654,20.271008,16.233528,15.96616,10.649846,14.2347,10.204228,13.249813,13.987033,16.66569,19.14917,17.412546,15.3893175,11.957175,13.488778,9.806785,12.25454,12.033073,14.906342,19.2431,18.354853,22.95934,24.190437,27.174255,24.523077,22.24627,27.365076,29.324966,26.68451,26.798985,22.168781,23.500137,19.904884,19.241386,17.326733,18.775747,17.242706,21.936628,19.883087,18.881348,22.20955,20.618477,23.392155,23.66861,23.113613,21.688236,15.147039,17.885033,14.483845,12.989154,15.126264,13.343778,18.447725,17.092651,21.240915,24.335258,20.241007,17.902832,13.395909,14.352729,9.649585,11.329986,9.68675,10.090977,12.771733,13.823921,17.54547,16.005571,12.932079,15.379981,13.058262,17.723518,13.932146,18.756943,21.317654,19.88641,16.61586,15.525199,10.82906,10.757008,7.366348,9.066787
9,28.364279,25.621998,21.99724,20.009851,17.02796,14.541745,12.146256,6.7989764,6.101916,0.0,5.08441,8.489472,6.064688,7.3557897,6.4496903,7.6356287,10.982885,12.027601,16.552761,18.463465,22.744211,25.854145,27.063864,31.56594,32.039326,32.76673,31.74812,26.084843,22.03652,21.253698,16.099566,18.325666,12.382202,14.70118,13.855711,15.911431,18.698933,16.694698,16.289343,14.0163355,14.736152,13.25124,14.654563,16.20727,17.740437,23.537205,21.83183,26.98581,28.280603,31.005367,28.01327,25.136194,30.34245,32.238758,28.732271,29.194963,24.147589,26.382574,22.870726,21.122705,21.037167,21.567072,20.350481,25.10184,21.676067,21.957647,24.27431,22.113083,25.580181,24.779076,25.719358,25.145323,18.536097,22.390617,19.583057,18.45817,21.054321,19.262478,24.46399,22.794518,26.929522,29.783947,25.480316,22.785097,18.403133,17.686909,13.809255,13.379866,10.403605,8.72788,10.623673,12.9286995,16.767054,16.855404,14.439947,17.392864,16.730257,22.058147,18.986963,24.00902,26.749884,25.679005,22.302319,21.491934,16.797258,16.454077,13.006305,13.411935
10,30.638725,27.530386,24.38853,21.459309,18.94333,16.15739,13.95807,9.455731,6.228891,5.08441,0.0,5.9513845,5.608055,4.866201,7.953671,6.9826784,11.4026375,12.25855,16.69825,18.929234,22.674936,25.950785,26.25355,30.718708,30.6405,30.823248,29.310701,23.337866,19.34642,17.77945,13.060403,13.998431,7.515327,10.006658,8.950636,11.433092,13.956082,12.086266,11.313894,9.106628,10.69166,9.635771,12.721084,14.129993,17.13009,22.559153,21.81224,26.784071,28.830318,31.066896,27.734434,26.236488,31.271267,32.494926,29.230629,29.03316,24.19846,25.400267,21.434837,19.183313,18.171688,18.151548,16.405346,20.75775,16.873901,17.132965,19.203426,17.12334,20.731884,20.324461,21.322285,21.002426,14.593644,18.614695,16.497366,15.341097,18.673323,17.441454,22.657278,21.881533,25.850157,28.981197,24.762249,22.734856,18.360126,18.93454,14.870969,15.233927,13.465468,12.048982,14.854614,17.202185,21.062136,20.621635,17.719378,20.088144,18.925827,23.309254,19.741854,24.356495,26.72828,25.394955,22.323868,20.713518,16.36513,15.87127,11.616565,12.563396
11,36.25886,33.272007,29.9216,27.289448,24.630524,21.782625,19.531252,14.684099,11.92523,8.489472,5.9513845,0.0,6.692079,8.194805,12.39525,12.856062,17.19661,18.163443,22.648645,24.770763,28.554512,31.77057,31.888033,36.30028,35.97172,35.888065,33.88579,27.862244,24.048159,21.925062,17.920902,17.45365,10.070928,12.035129,8.390234,10.203696,11.926219,9.451672,10.931276,10.857152,10.831697,12.707637,14.630726,17.45387,19.56009,25.862936,24.870493,30.100643,32.650776,34.24046,30.425117,29.285099,34.149677,34.805737,30.919785,30.635933,25.725965,27.140652,23.223349,19.742796,20.348856,19.129786,17.806335,21.769972,16.616081,18.614538,19.535334,17.441519,21.787436,20.904861,23.386152,23.999626,18.229095,22.62764,21.341787,20.112593,23.79746,22.417437,27.65147,26.7636,30.56772,33.490242,29.133778,27.13074,22.992437,22.773273,19.473953,18.636505,16.895508,14.324179,16.867163,20.057674,23.745432,24.264301,21.615494,23.777096,23.817371,27.99848,24.898338,29.417776,31.741123,30.79335,27.790136,26.471512,22.011185,21.77729,17.44427,18.265417
12,31.741009,29.234024,25.290787,23.22708,20.944199,17.013983,16.637894,10.695301,10.018843,6.064688,5.608055,6.692079,0.0,3.9017103,6.6644287,9.469779,12.972504,15.404593,19.374636,22.173592,25.887716,29.33677,30.117418,34.620743,34.855885,35.182617,34.059727,28.057182,24.046854,22.40848,17.597273,17.934502,11.956059,11.859159,10.881484,11.606343,15.15342,14.055785,14.705093,13.405038,15.496028,15.12563,18.131767,19.708782,22.347898,27.97754,26.907267,31.973785,33.647736,36.171127,32.95288,30.791183,35.942043,37.472523,33.955624,34.05374,29.060604,30.720436,26.849829,24.36653,23.737099,23.456177,21.597218,25.575842,20.83039,21.201529,22.073763,19.032087,22.555405,20.582796,22.669302,22.929213,16.710056,21.602985,19.770998,19.624943,22.947937,22.335796,27.393166,26.798006,30.857393,34.054344,29.896307,27.66449,23.20228,23.329546,19.176596,19.218994,16.459427,14.586151,16.267988,18.712847,22.475792,22.737019,20.408276,23.410286,22.222685,27.464743,23.90263,28.775288,31.314333,29.690006,26.480696,24.353638,20.44514,18.957964,14.959759,14.284518
13,30.310633,27.578794,23.998344,21.31346,19.433603,15.302501,15.322185,10.030899,8.602894,7.3557897,4.866201,8.194805,3.9017103,0.0,5.987022,7.0395994,10.670729,13.190107,16.832415,19.915323,23.219978,26.77392,27.18626,31.641222,31.728891,31.893845,30.820484,24.780272,20.82414,19.060051,14.341147,14.442698,9.400935,8.609299,9.09299,10.049253,13.797954,13.193134,12.855489,10.975555,14.293568,13.075023,17.255348,18.005005,21.648352,26.489315,26.040075,30.777302,32.531197,35.1122,32.014164,30.379578,35.466194,36.92386,33.867157,33.67551,28.902792,29.920544,25.89041,23.753042,21.936205,21.874575,19.567106,23.258139,18.845097,18.348177,19.383186,16.30361,19.431349,17.795227,19.193516,19.177103,12.86112,17.748112,15.999276,16.173193,19.611544,19.590551,24.439804,24.470985,28.439754,31.852484,27.907341,26.0526,21.58647,22.724733,18.201643,19.200796,16.952627,15.795398,17.953705,19.959743,23.80075,23.309847,20.66318,23.493147,21.43301,26.296223,22.294876,26.92787,29.264597,27.269285,24.238218,21.442167,18.00699,16.107222,11.915507,11.208653
14,25.186525,22.83758,18.751183,16.89437,14.885192,10.472493,11.464286,5.4640155,7.3909545,6.4496903,7.953671,12.39525,6.6644287,5.987022,0.0,5.5481925,7.158889,10.524776,13.829223,16.879293,20.528189,23.984634,25.417166,29.890787,30.679754,31.51394,31.235754,25.610435,21.604195,20.922453,15.613431,17.691544,13.71434,13.6654,14.894534,15.996892,19.749798,18.928253,18.156172,15.520801,18.320286,15.790212,19.02868,19.22532,22.099377,26.606808,25.570007,30.175945,30.972488,34.297596,31.798098,28.905413,34.11151,36.400986,33.52718,33.894367,29.0878,30.765787,27.129953,25.920656,24.172974,25.040363,23.04745,27.214762,23.781046,22.723064,24.537481,21.634275,24.217405,22.615438,23.112045,22.325193,15.848366,20.005352,17.140198,17.452497,19.84143,19.520996,24.17179,23.569403,27.695562,30.96152,27.12573,24.763405,20.284338,20.916672,16.232176,17.450043,14.434916,14.027061,15.239125,16.353096,19.985386,19.312641,17.141556,20.523367,17.922375,23.671375,19.824211,24.751638,27.390924,25.315681,22.025188,19.611115,16.20619,13.969156,10.902734,9.223414
15,24.159632,21.046856,18.033546,14.779051,12.776909,9.54679,8.66235,5.219223,3.7015226,7.6356287,6.9826784,12.856062,9.469779,7.0395994,5.5481925,0.0,4.4877677,6.156033,10.054695,12.902264,16.443424,19.912006,20.709843,25.218773,25.672441,26.325397,25.797388,20.143116,16.113571,15.606629,10.209603,13.203818,10.271075,11.564381,13.472715,15.550229,18.59369,17.580156,15.546741,12.104273,15.090817,11.341085,15.163536,14.414676,18.157793,21.816519,21.435867,25.702414,26.79988,29.967714,27.49694,25.426569,30.482197,32.49834,30.125475,30.108126,25.616524,26.559662,22.840792,22.155235,19.370363,20.695745,18.591421,22.75511,20.353224,18.648293,21.431084,19.296217,21.623299,21.38686,20.690876,19.241085,12.65296,15.840174,12.524512,12.161083,14.493421,14.033186,18.754139,18.391567,22.462383,25.858486,22.095304,20.119413,15.651117,17.44346,12.495056,14.81284,13.003562,13.456931,15.720145,16.545126,20.217615,18.54976,15.701162,18.389025,15.140184,19.922087,15.659837,20.294468,22.701265,20.563324,17.426493,14.922638,11.285432,9.522445,5.7634606,5.966053
16,19.97347,17.02314,13.92336,10.675846,9.280784,5.2737603,6.8934145,5.520814,6.9749784,10.982885,11.4026375,17.19661,12.972504,10.670729,7.158889,4.4877677,0.0,4.594796,6.7260623,10.174903,13.435297,16.969069,18.436485,22.861826,23.864775,24.967598,25.285696,20.151577,16.37188,16.717628,11.5446415,15.382866,14.19896,14.796493,17.534908,19.289778,22.531042,21.835255,19.57463,15.961517,19.173964,14.802371,18.409071,16.83305,20.452412,23.054445,22.734941,26.450758,26.770947,30.531588,28.697487,26.102942,31.05724,33.618103,31.746372,31.938917,27.70062,28.653994,25.238918,25.339315,22.003035,23.922718,21.797718,25.757555,24.03006,21.58504,24.509453,22.3376,23.951939,23.625734,22.151161,20.142748,14.023207,16.415236,12.538942,12.932948,14.110956,14.243436,18.184526,18.006136,21.967901,25.375353,22.062723,20.0926,15.867447,18.06671,13.048125,16.176407,14.303283,15.641447,17.24676,17.09714,20.38535,18.115896,15.64908,18.49758,14.022329,19.060244,14.627741,19.091822,21.504286,18.842548,15.732043,12.669719,10.088262,7.012489,5.348006,3.5944045
17,19.520895,15.896602,13.966339,9.878127,7.8019123,7.1994276,4.2994823,6.8743906,6.451988,12.027601,12.25855,18.163443,15.404593,13.190107,10.524776,6.156033,4.594796,0.0,4.8315496,6.800276,10.7430315,14.003911,15.2999,19.799513,20.684875,21.911428,22.023273,17.13644,13.402377,14.493284,9.499897,14.724817,13.969178,16.172297,18.519413,20.990635,23.542522,22.360619,19.50885,15.579272,17.900105,12.857477,15.623428,13.381516,16.794409,18.707508,18.500772,21.955301,22.262136,26.01492,24.328684,21.93359,26.76285,29.299057,27.760918,27.886274,23.91813,24.667345,21.483355,22.278484,18.747839,21.263252,19.532001,23.72016,23.100945,20.63462,24.498745,23.156612,24.81883,25.562994,23.501774,21.088524,15.190854,16.36597,12.054348,11.063283,11.466514,10.38064,14.4797325,13.586385,17.62864,20.92138,17.516447,15.503724,11.3238535,14.047722,9.076582,12.997256,12.172475,14.274263,16.322279,15.842077,18.931255,16.00246,13.149329,15.287504,10.519035,14.786784,10.209521,14.67222,17.111603,14.793313,11.55229,9.664716,5.7981014,4.8066034,4.1630936,6.192871
18,16.2081,12.4819765,11.4465065,6.4488997,6.364846,6.545229,6.857778,10.665554,11.202412,16.552761,16.69825,22.648645,19.374636,16.832415,13.829223,10.054695,6.7260623,4.8315496,0.0,4.1842837,6.7135625,10.262991,12.002356,16.34361,17.743616,19.354946,20.471111,16.368265,13.267076,15.154602,11.157282,16.413559,17.545818,18.87893,22.077944,24.246838,26.889654,26.150063,23.007765,19.026432,21.894682,16.558023,19.623041,16.592495,20.246328,20.611156,20.962494,23.44935,23.105227,27.249598,26.273567,23.981695,28.42064,31.240406,30.451235,30.539156,27.07121,27.380377,24.48254,25.9319,21.524155,24.413927,22.49541,26.110563,26.152447,22.835438,26.686554,25.384836,26.219547,27.073221,24.113707,21.144995,16.152235,16.226503,11.737137,11.731014,10.672783,10.977057,13.432302,13.489804,17.00652,20.364128,17.840315,16.384205,12.995263,16.634106,12.186071,16.674484,16.149315,18.680632,20.343885,19.218628,21.832216,18.35391,15.961946,17.822319,11.948517,15.35441,10.69804,14.071659,16.109612,12.822753,10.063989,6.524961,5.852988,2.4409842,6.175852,6.7710524
19,15.288666,11.073329,11.466192,6.584296,5.973893,9.3668785,7.126858,12.742883,12.970357,18.463465,18.929234,24.770763,22.173592,19.915323,16.879293,12.902264,10.174903,6.800276,4.1842837,0.0,4.768771,7.4307265,9.838969,14.059406,15.7444105,17.83649,19.104994,15.820863,13.189166,15.935849,12.595415,18.475924,19.607405,21.895472,24.663336,27.218317,29.484358,28.366192,25.012499,20.967024,22.967882,17.468073,19.360437,15.976424,18.781185,18.17227,18.427324,20.318268,19.433369,23.835161,23.362623,20.858248,25.014194,28.08879,27.758196,27.98119,24.917511,25.24099,22.857006,25.094328,20.870443,24.283638,22.87881,26.628912,27.559055,24.40184,28.843084,28.084972,29.00253,30.43032,27.238762,24.090456,19.344069,18.695524,14.190185,13.1655245,11.09758,10.03346,11.807532,10.67911,14.016557,17.001934,14.682276,13.0926075,10.360812,14.139765,10.517523,15.2819605,15.552641,18.659184,20.24546,18.625603,20.739492,16.734518,14.462893,15.560075,9.390099,11.641699,7.21955,10.123877,12.256077,9.266196,6.281385,5.451842,4.500923,5.273848,9.030337,10.760599
20,15.048071,10.926792,12.883366,7.9718843,9.456884,12.285662,11.794077,16.995066,17.064812,22.744211,22.674936,28.554512,25.887716,23.219978,20.528189,16.443424,13.435297,10.7430315,6.7135625,4.768771,0.0,3.7252722,6.0150366,9.966079,12.060742,14.446215,16.718346,14.520847,12.901145,16.13667,14.112619,19.545029,22.273329,23.974096,27.34939,29.724337,31.873217,31.139297,27.467155,23.45343,25.927689,20.304338,22.714462,18.757063,22.10303,20.105207,21.23074,22.104065,21.03935,25.346354,25.394974,23.696682,27.270899,30.192228,30.608501,30.542099,28.047762,27.628138,25.415056,28.02765,22.881903,26.438473,24.813686,27.844358,29.431442,25.556438,29.95679,29.414751,29.58283,31.353907,27.346043,23.778152,20.143755,18.346512,14.166546,13.803999,10.6013565,11.10616,10.709563,11.26589,13.499014,16.509586,15.400879,14.920074,13.2389765,17.860266,14.759371,19.660074,20.257883,23.36632,25.010937,23.310593,25.23841,21.066936,18.988354,19.716003,13.548494,14.201647,10.324364,11.0781,12.116721,7.957518,6.73344,3.577597,7.4543357,7.1703854,11.614022,12.918695
21,14.867914,10.852998,14.184014,10.080672,11.630494,15.411055,14.426432,20.114174,20.196308,25.854145,25.950785,31.77057,29.33677,26.77392,23.984634,19.912006,16.969069,14.003911,10.262991,7.4307265,3.7252722,0.0,4.8792086,7.6131506,10.463619,13.5097475,16.387266,15.538844,14.726697,18.389967,17.039373,22.513817,25.42346,27.440819,30.69407,33.2025,35.167603,34.31056,30.516941,26.515516,28.590399,22.96481,24.741964,20.610985,23.360733,20.357468,21.57949,21.570826,19.886276,24.306448,25.034288,23.37629,26.389917,29.478683,30.50913,30.508041,28.548037,27.98765,26.288456,29.485703,24.401073,28.242031,26.927132,29.818817,32.050686,28.173542,32.822277,32.59762,32.650356,34.73591,30.48322,26.78417,23.532103,21.254467,17.283695,16.610016,12.909908,12.926716,11.294184,11.396339,12.637545,15.0065365,14.806425,14.675113,14.104234,18.594725,16.391527,21.164822,22.192514,25.553768,27.04965,25.018663,26.49804,22.08483,20.31176,20.470835,14.521754,13.758285,10.933316,10.051062,10.433796,6.374651,6.575648,6.328536,10.019514,10.800581,15.140995,16.631348
22,19.556927,15.610331,18.55136,13.907926,15.219916,18.114235,16.794912,22.019545,21.060553,27.063864,26.25355,31.888033,30.117418,27.18626,25.417166,20.709843,18.436485,15.2999,12.002356,9.838969,6.0150366,4.8792086,0.0,4.5210414,6.071662,8.7394905,11.625793,11.360511,11.491183,15.3319025,15.371026,20.274794,24.312857,26.327276,29.70684,32.2681,33.759453,33.077656,28.96033,25.118605,27.292353,21.75679,23.95915,19.408117,22.949173,19.083126,21.373198,20.918886,20.163862,23.815052,24.292568,24.161415,26.879292,29.173803,30.519318,29.917553,28.315302,26.789255,24.963095,28.182177,22.237774,26.026508,24.56818,26.767584,29.675089,25.431868,30.174324,30.462194,30.12696,32.904762,28.166128,24.312733,21.924465,18.676943,15.268437,14.378108,10.140177,10.986845,7.7106476,9.835969,10.218206,13.050962,13.410801,14.506547,14.28801,19.785673,17.64098,22.547876,24.088032,27.19757,29.262016,27.715502,29.517017,25.197845,22.958906,22.811405,17.28679,15.602493,12.548593,10.89487,10.275345,5.8509593,7.4653096,5.8297615,10.449366,11.509181,15.275573,17.362818
23,21.333134,17.802723,21.549171,17.404491,19.066074,22.214968,21.09289,26.473162,25.561186,31.56594,30.718708,36.30028,34.620743,31.641222,29.890787,25.218773,22.861826,19.799513,16.34361,14.059406,9.966079,7.6131506,4.5210414,0.0,3.7848876,7.328256,11.488267,13.444938,14.723354,18.55593,19.425957,23.914593,28.449879,30.386478,33.848633,36.38281,37.700966,37.1032,32.867935,29.132486,31.200073,25.769278,27.735508,23.072227,26.327494,21.517965,24.12149,22.706026,21.597342,24.985807,26.116135,26.45186,28.454016,30.640125,32.694878,31.989649,31.02268,29.104942,27.736277,31.357689,25.280611,29.146235,27.841566,29.543823,33.072823,28.660198,33.393875,33.975353,33.257305,36.33143,31.206549,27.226612,25.623573,21.815186,18.920284,18.182146,13.827186,14.818974,10.511145,12.758324,11.67332,13.530467,15.302958,17.05334,17.783264,23.134611,21.595133,26.37098,28.159163,31.377615,33.368637,31.63794,33.159397,28.713003,26.697287,26.199312,20.8901,18.278711,16.094858,13.274491,11.723975,8.221169,10.952681,10.3146515,14.876898,15.955662,19.739737,21.68521
24,24.801373,21.105661,24.459045,19.931246,21.266891,24.011902,22.481176,27.528967,25.945492,32.039326,30.6405,35.97172,34.855885,31.728891,30.679754,25.672441,23.864775,20.684875,17.743616,15.7444105,12.060742,10.463619,6.071662,3.7848876,0.0,3.6298668,7.859748,10.820099,12.973893,16.655859,18.525166,22.439846,27.499065,29.535618,32.90411,35.491962,36.40743,35.87045,31.485296,27.955368,29.923458,24.72825,26.82142,22.04146,25.675901,20.450836,23.703764,22.089647,21.77439,24.478035,25.30216,26.708826,28.540016,30.081318,32.24631,31.114473,30.385199,27.824865,26.391636,29.945007,23.447966,27.178432,25.86106,27.02702,31.051247,26.550158,31.325375,32.336933,31.451572,35.037125,29.734436,25.777708,24.729036,20.413837,18.065619,17.030174,12.723642,13.960992,8.920838,12.260514,10.559952,12.57451,14.586007,17.052317,17.930838,23.671177,22.212797,26.924511,29.022327,32.025673,34.376602,32.99782,34.736145,30.402548,28.08306,27.40965,22.466707,19.496082,17.199215,14.281532,12.384293,9.339289,12.184458,11.27567,15.502179,16.85389,20.044075,22.39642
25,27.956553,24.201836,27.178366,22.386616,23.587538,25.771366,24.208422,28.776524,26.680504,32.76673,30.823248,35.888065,35.182617,31.893845,31.51394,26.325397,24.967598,21.911428,19.354946,17.83649,14.446215,13.5097475,8.7394905,7.328256,3.6298668,0.0,4.9378986,8.998492,12.040068,15.253849,18.115856,21.191502,26.854052,28.739185,32.10526,34.628757,35.2006,34.838478,30.359009,27.0882,29.138563,24.247738,26.683786,21.893642,26.02205,20.727201,24.498058,22.917995,23.368711,25.453285,25.869404,28.157106,29.93249,30.885586,33.014732,31.494226,30.876032,27.762959,26.152462,29.440313,22.511528,25.95264,24.493053,24.995798,29.355715,24.686121,29.323101,30.681314,29.512632,33.516834,28.021063,24.115854,23.79595,19.007149,17.379387,16.329676,12.336395,14.14052,8.924047,13.310398,11.4459505,13.617878,15.534676,18.43206,19.181942,25.163944,23.602161,28.232285,30.447302,33.1901,35.835674,34.802086,36.781048,32.595078,30.02768,29.353296,24.650574,21.720982,19.202326,16.54627,14.623269,11.886648,14.457757,12.895559,16.83916,18.064045,20.649744,23.157415
26,31.163303,27.138906,29.577126,24.529142,25.06914,26.994884,24.592764,28.688251,25.809654,31.74812,29.310701,33.88579,34.059727,30.820484,31.235754,25.797388,25.285696,22.023273,20.471111,19.104994,16.718346,16.387266,11.625793,11.488267,7.859748,4.9378986,0.0,6.181209,10.032632,12.694166,16.523022,18.942131,24.55959,26.936167,29.800947,32.50679,32.51662,32.005234,27.460342,24.51069,26.055733,21.656698,23.880928,19.207024,23.500238,18.113869,22.4171,20.924805,22.444166,23.67457,23.452211,26.82525,28.530466,28.71269,30.675379,28.714188,28.245615,24.539865,22.820839,25.896715,18.773834,21.984285,20.688633,20.728092,25.691376,21.302248,26.155174,28.101425,27.168043,31.740873,26.490892,22.877779,22.636108,17.807163,16.705385,14.808442,11.52572,12.710392,7.896531,12.413889,10.43181,12.695635,14.10677,17.417791,18.17897,24.1678,22.838324,27.100824,29.658512,32.060246,35.066055,34.486366,36.6562,32.73561,29.877583,28.985441,24.99926,21.858988,19.378973,16.997282,15.141053,13.275536,15.412766,14.335435,16.949331,18.788393,20.409418,23.501923
27,29.567722,25.408115,26.790625,21.526083,21.614162,22.665659,20.238665,23.50479,20.271008,26.084843,23.337866,27.862244,28.057182,24.780272,25.610435,20.143116,20.151577,17.13644,16.368265,15.820863,14.520847,15.538844,11.360511,13.444938,10.820099,8.998492,6.181209,0.0,4.0694475,6.583593,10.465686,12.892975,18.433767,20.815123,23.667747,26.389603,26.56136,26.049334,21.527884,18.440908,20.415283,15.875228,18.990257,14.413787,19.701084,16.007591,19.942282,20.019258,22.085468,23.643532,22.393728,25.14654,27.838146,28.15827,29.00306,27.159618,25.664627,22.47795,19.827753,22.014288,14.623363,17.595268,15.7064905,16.400864,20.3932,15.896941,20.89481,22.469566,22.005476,26.303743,21.493004,18.034843,16.890831,12.557437,11.167947,8.742696,6.1394897,7.9113297,5.1735,10.318357,10.528085,13.994124,13.3222,15.689588,14.975586,21.036991,18.819592,23.058123,25.209929,27.241392,30.428616,30.27264,32.869682,29.2901,26.153,25.79851,21.8234,20.045834,16.627375,15.908133,15.152053,12.82544,13.532413,11.287248,12.793328,14.306184,14.986734,18.282536
28,27.721153,23.536951,24.229326,18.97154,18.661806,19.29119,16.718102,19.566023,16.233528,22.03652,19.34642,24.048159,24.046854,20.82414,21.604195,16.113571,16.37188,13.402377,13.267076,13.189166,12.901145,14.726697,11.491183,14.723354,12.973893,12.040068,10.032632,4.0694475,0.0,4.0770354,6.49918,10.01655,14.865792,17.47031,20.281254,23.099323,23.62455,22.956234,18.531229,15.109387,17.33838,12.395613,16.006004,11.535794,17.256817,14.966883,18.240313,19.388947,21.453049,23.421741,21.724918,23.614666,26.948044,27.600779,27.728703,26.17685,23.956106,21.47766,18.35195,20.03652,12.958737,15.887836,13.731371,15.500094,18.359747,14.089456,19.180227,20.190195,20.33425,24.07692,19.822113,16.541159,14.056608,10.717584,8.369626,5.095934,3.0875726,4.7973537,5.268692,9.274587,11.080639,14.906354,13.02328,14.407058,12.603052,18.494778,15.64486,19.88579,21.683365,23.567854,26.767214,26.772158,29.574223,26.19563,22.95599,22.990238,18.999443,18.255156,14.303737,14.8224945,14.896058,12.43972,12.042008,9.370488,9.649533,11.055584,11.118655,14.663312
29,30.557577,26.479406,26.53521,21.34187,20.85457,20.476099,18.236525,19.814768,15.96616,21.253698,17.77945,21.925062,22.40848,19.060051,20.922453,15.606629,16.717628,14.493284,15.154602,15.935849,16.13667,18.389967,15.3319025,18.55593,16.655859,15.253849,12.694166,6.583593,4.0770354,0.0,5.4399643,6.4013824,12.136633,14.376977,17.13808,19.825699,20.023375,19.624268,15.136457,12.061838,14.854824,10.589145,15.294825,11.511216,17.845278,16.759115,19.944437,21.711441,24.367231,25.903158,23.593262,25.810661,29.321165,29.545542,29.155764,27.3886,24.880827,22.299534,18.704203,19.327505,12.170535,14.093168,11.25529,12.520816,14.750337,10.130108,15.108273,16.254318,16.465069,20.485403,16.469585,13.576034,11.310149,8.210561,7.170085,3.8853023,5.6191993,7.5879655,9.296382,12.776342,14.723469,18.403185,16.181793,17.343353,15.060182,20.437645,17.295374,21.032957,22.537806,23.819668,27.246897,27.800888,30.916529,27.971,24.581385,24.905045,21.351158,21.286522,17.227749,18.395996,18.689257,16.417849,15.680956,12.561891,12.145126,12.754536,11.406325,14.714134
30,27.241325,23.281084,22.505083,17.577988,16.592052,15.694941,13.397726,14.396815,10.649846,16.099566,13.060403,17.920902,17.597273,14.341147,15.613431,10.209603,11.5446415,9.499897,11.157282,12.595415,14.112619,17.039373,15.371026,19.425957,18.525166,18.115856,16.523022,10.465686,6.49918,5.4399643,0.0,6.1481476,9.068317,11.694689,14.480627,17.305258,18.466944,17.728184,13.656714,9.796796,13.018367,7.8520803,13.060931,9.797959,15.937762,16.641308,18.584106,21.434353,23.574112,25.83456,23.398722,24.062017,28.261059,29.19247,28.082054,26.928434,23.590708,22.269215,18.449352,18.693819,12.850751,14.8228655,12.12846,15.150206,15.433423,11.836296,16.343233,16.196178,17.377918,19.97657,16.988771,14.4284725,9.695863,9.158229,6.058636,2.5459044,5.958872,6.60433,10.700245,12.463147,15.678258,19.44987,16.359816,16.234161,12.795815,17.478846,13.476908,17.190521,17.973316,19.186865,22.4411,23.021399,26.31329,23.58695,20.216078,21.15944,17.4881,18.916922,14.436316,17.033733,18.22812,15.876867,14.020716,10.849136,8.776477,8.856811,6.3355727,9.998676
31,32.518463,28.754385,27.635172,22.828588,22.09151,20.07571,18.776257,18.213194,14.2347,18.325666,13.998431,17.45365,17.934502,14.442698,17.691544,13.203818,15.382866,14.724817,16.413559,18.475924,19.545029,22.513817,20.274794,23.914593,22.439846,21.191502,18.942131,12.892975,10.01655,6.4013824,6.1481476,0.0,7.539569,8.203378,11.36798,13.631754,14.102653,14.291049,10.09741,7.3548183,12.052715,9.089625,15.360005,13.21795,19.595697,20.785952,23.094114,26.00075,28.81791,30.400831,27.494108,29.058975,33.112415,33.34698,31.994616,30.400888,27.123106,25.263294,21.145187,20.16964,14.289331,14.617228,11.0522785,12.438645,11.3740225,6.866075,10.44841,10.375455,11.34767,14.61416,11.766685,9.97345,6.367692,6.4583116,6.906786,5.9648566,10.170053,12.07798,15.19543,17.867067,20.514872,24.208036,21.365442,21.690147,18.46739,22.80815,18.960594,21.975176,22.512814,22.90798,26.335634,27.568203,31.10829,28.877047,25.465086,26.556385,23.367142,24.877405,20.524681,22.937393,23.851059,21.49246,19.989883,16.218096,14.8923025,14.100609,10.949381,13.206407
32,33.35659,29.750795,27.644258,23.575699,21.733929,19.42725,17.110554,14.726261,10.204228,12.382202,7.515327,10.070928,11.956059,9.400935,13.71434,10.271075,14.19896,13.969178,17.545818,19.607405,22.273329,25.42346,24.312857,28.449879,27.499065,26.854052,24.55959,18.433767,14.865792,12.136633,9.068317,7.539569,0.0,6.1292124,5.8942995,9.427915,10.26156,8.887122,5.5427775,1.8519822,6.5898027,5.4684396,11.299113,11.551777,16.622833,20.512033,21.374958,25.579483,28.520922,30.029465,26.498606,27.052763,31.57773,31.893806,29.355219,28.214283,24.088491,23.537973,19.213219,16.888845,13.737794,13.161319,10.388649,13.863354,10.167568,9.620472,12.268109,11.216871,14.675366,16.107937,16.140173,15.749444,10.3266945,13.382117,12.509429,10.859607,14.963722,14.552494,19.247246,19.84204,23.22512,26.574686,22.764488,21.919554,18.047682,20.474808,16.685043,18.171515,18.045862,17.37864,20.852959,22.886705,26.613977,25.345425,22.000252,23.447208,21.669626,24.323391,20.420666,23.9879,25.639082,24.094383,21.741768,19.402336,15.976296,15.785961,11.445805,13.588133
33,34.313828,31.092907,28.579924,24.695473,23.56289,19.908792,19.741112,16.476885,13.249813,14.70118,10.006658,12.035129,11.859159,8.609299,13.6654,11.564381,14.796493,16.172297,18.87893,21.895472,23.974096,27.440819,26.327276,30.386478,29.535618,28.739185,26.936167,20.815123,17.47031,14.376977,11.694689,8.203378,6.1292124,0.0,5.2199035,6.1441197,8.6303625,9.616847,7.7106047,6.5413485,12.077673,11.384531,17.412914,17.269009,22.609417,26.051708,27.116333,31.12334,33.755802,35.604687,32.303104,32.651493,37.267296,37.804146,35.39538,34.286274,30.17108,29.549063,25.223942,22.910471,19.277548,18.523829,15.291752,17.322329,12.686582,11.069347,11.160349,7.9882584,10.94374,10.656744,11.520874,12.00954,6.8666735,11.7539215,12.106124,12.632718,16.883495,18.185923,22.268297,23.922287,27.241907,30.893513,27.445738,26.782757,22.796537,25.623835,21.30146,23.209908,22.375082,21.662247,24.670015,26.609316,30.445782,29.23423,26.084042,28.090342,25.512527,28.779627,24.4171,28.03416,29.632433,27.320292,25.050867,21.255516,18.988892,17.161789,12.901443,13.263312
34,37.42,34.140274,31.422184,27.791779,26.026667,22.750141,21.46618,17.647768,13.987033,13.855711,8.950636,8.390234,10.881484,9.09299,14.894534,13.472715,17.534908,18.519413,22.077944,24.663336,27.34939,30.69407,29.70684,33.848633,32.90411,32.10526,29.800947,23.667747,20.281254,17.13808,14.480627,11.36798,5.8942995,5.2199035,0.0,3.8415864,5.183311,4.7510414,4.711313,5.760538,9.292046,10.979839,15.799987,17.064222,21.471006,26.037508,26.621784,31.075191,34.11697,35.47365,31.710814,32.14579,36.73385,36.885784,33.88856,32.784626,28.490572,28.216621,23.897278,20.638035,18.610535,16.969067,14.324053,16.73388,10.851271,11.766764,11.547262,9.0615015,13.428338,13.194895,15.516455,16.58561,11.949194,16.297688,16.48635,15.927888,20.218277,20.363224,24.917027,25.725924,29.099838,32.45248,28.62883,27.686802,23.733097,25.577108,21.787226,22.608707,21.791643,20.301659,23.40975,25.975996,29.800259,29.229729,26.110641,27.955421,26.54493,29.802946,25.931604,29.743475,31.485205,29.827745,27.391232,24.621012,21.413645,20.493605,15.987663,16.895422
35,39.19975,36.160835,33.157337,29.744541,28.237648,24.3351,23.991043,19.654705,16.66569,15.911431,11.433092,10.203696,11.606343,10.049253,15.996892,15.550229,19.289778,20.990635,24.246838,27.218317,29.724337,33.2025,32.2681,36.38281,35.491962,34.628757,32.50679,26.389603,23.099323,19.825699,17.305258,13.631754,9.427915,6.1441197,3.8415864,0.0,4.477961,6.299503,7.7862267,9.330891,13.011737,14.72098,19.621908,20.828764,25.274185,29.8096,30.403097,34.8536,37.79644,39.266853,35.541103,35.846733,40.496563,40.717587,37.672398,36.603397,32.273075,32.044655,27.725496,24.368286,22.315289,20.53541,17.779512,19.561644,13.290067,14.010101,12.24847,8.667241,12.789696,10.978983,14.672634,16.533873,12.633041,17.50871,18.2399,18.480019,22.791597,23.520847,27.885323,29.049885,32.42639,35.891075,32.16578,31.246094,27.212688,29.093147,25.107876,25.972347,24.782387,23.156063,25.966728,28.571802,32.423992,32.03038,29.047241,31.169584,29.550655,33.152866,29.126091,33.022102,34.77925,32.84252,30.40282,27.10168,24.288538,22.742855,18.300737,18.415821
36,42.387184,39.09791,36.44941,32.729774,31.11088,27.732126,26.607548,22.798939,19.14917,18.698933,13.956082,11.926219,15.15342,13.797954,19.749798,18.59369,22.531042,23.542522,26.889654,29.484358,31.873217,35.167603,33.759453,37.700966,36.40743,35.2006,32.51662,26.56136,23.62455,20.023375,18.466944,14.102653,10.26156,8.6303625,5.183311,4.477961,0.0,3.8332922,6.1129117,9.363995,11.860883,14.865643,19.296946,20.785658,25.134352,29.51594,30.431261,34.700626,38.154446,39.027115,35.048893,36.199623,40.54972,40.178295,37.157127,35.728886,31.702164,30.976068,26.700266,22.914373,21.111984,18.601927,16.021135,17.027252,10.220174,12.2431345,9.772256,7.425097,12.094265,11.776595,15.42828,17.537333,14.645993,18.617277,19.88394,19.525988,23.886314,24.360647,28.541893,29.765236,32.827507,36.119465,32.46077,31.867674,28.160877,30.10181,26.586418,27.233513,26.623535,24.903214,28.01957,30.80202,34.590504,34.1934,31.066519,32.741463,31.551722,34.465206,30.666136,34.198223,35.719517,34.100845,31.901419,28.961496,26.080418,25.164333,20.749998,21.583635
