,0,1,2,3,4,5,6,7,8,9,10,11,12,13,14,15,16,17,18,19,20,21,22,23,24,25,26,27,28,29,30,31,32,33,34,35,36,37,38,39,40,41,42,43,44,45,46,47,48,49,50,51,52,53,54,55,56,57,58,59,60,61,62,63,64,65,66,67,68,69,70,71,72,73,74,75,76,77,78,79,80,81,82,83,84,85,86,87,88,89,90,91,92,93,94,95,96,97,98,99,100,101,102,103,104,105,106,107,108,109
0,0.0,4.440753,6.808778,9.64188,11.813113,14.541677,17.02833,21.856495,24.099428,27.477406,31.117619,35.555687,33.00905,31.499212,27.297256,25.68379,21.474518,22.051064,15.577306,15.702564,13.848569,11.863561,15.394748,15.171967,15.4954195,19.046331,19.665504,19.606018,19.69606,17.786293,21.929483,19.356253,27.138346,22.640793,27.576805,27.041786,29.520222,30.959354,27.337654,25.441252,29.093834,26.452137,26.761984,28.173023,25.798384,27.428688,27.535563,30.254072,31.413652,33.651157,30.924984,30.216927,35.498547,35.44359,32.07248,35.619507,38.08465,35.2353,35.23958,38.92799,40.691605,36.1306,39.26859,42.730183,42.34505,38.493298,41.920265,43.877296,39.867065,36.534996,35.494026,30.257828,29.350317,24.977251,25.423492,21.270798,20.266718,19.241377,14.624288,17.031984,12.028385,12.182517,13.233434,15.680991,15.104516,19.037184,16.870935,22.141748,23.535421,27.061075,30.217827,33.58189,37.543068,39.14227,42.14841,40.214893,37.57505,37.06165,32.21043,31.732082,28.313639,25.281612,24.255129,22.296143,23.9066,28.591536,28.392685,31.586645,35.300167,35.738125
1,4.440753,0.0,4.7038455,6.416399,7.538231,11.095709,12.690438,17.899923,19.888042,23.344837,26.991356,31.337835,29.127243,27.665945,23.628075,21.792242,17.755936,18.016874,12.213092,11.731179,10.690628,8.86641,12.810008,13.635532,15.229595,18.035547,17.607473,17.77131,16.464653,15.2051115,18.277264,16.081583,23.715845,19.598473,24.442375,24.091805,26.954933,28.2227,24.865051,22.984917,26.1049,23.917742,23.489128,25.25406,23.557247,24.586731,25.607368,27.989552,28.846653,31.013966,28.344742,27.092075,32.387096,32.461754,28.64556,32.050957,34.64754,31.749128,31.39738,35.131588,37.129627,32.318523,35.218346,38.75773,38.452335,34.40426,37.67425,39.534443,35.46264,32.137054,31.054243,25.82613,24.93246,20.562637,21.157183,17.03985,16.335794,15.914737,11.303848,14.790157,10.533855,10.536557,11.762358,13.225606,11.742574,15.789869,12.802381,18.264547,19.281534,22.845732,25.900057,29.283138,33.24304,34.790154,37.813286,36.021324,33.440136,32.971363,28.204683,27.57971,24.491894,21.447721,20.967537,18.586716,20.117266,24.941133,24.335356,27.80093,31.356138,31.975306
2,6.808778,4.7038455,0.0,5.2334385,7.414235,8.054688,11.974012,15.593087,18.388624,21.416742,25.215143,29.62069,26.550291,25.13305,20.69846,19.532236,15.233346,16.650208,10.284358,12.118854,11.08387,10.972315,15.633511,16.163734,18.414505,20.504473,20.475775,19.524424,17.733093,15.702135,18.261986,14.354918,21.704515,16.645803,21.541143,20.548462,23.43844,25.161093,22.024588,20.620584,24.11547,22.60453,22.81467,25.175884,24.285728,25.58467,26.967745,29.779327,31.13217,32.629627,29.535418,28.614532,33.927,33.26611,29.339975,33.316193,35.316936,31.849258,31.689909,35.609077,37.01315,31.818811,35.124775,38.42118,37.613243,33.462795,36.776577,39.160896,34.921917,31.482056,30.93551,25.50214,25.019548,21.129475,21.61506,18.453657,17.279434,18.72872,13.635904,17.612314,13.996894,14.883612,16.336357,17.37968,15.206365,18.959305,15.031621,20.034369,20.441559,23.568989,26.546307,29.620018,33.894066,34.93388,38.213867,36.819508,34.075596,34.132717,29.285725,28.903107,26.363432,23.793583,24.164408,21.374882,22.635944,27.627064,26.290003,30.226757,33.381016,34.111584
3,9.64188,6.416399,5.2334385,0.0,4.447586,6.3541784,9.158378,13.911291,15.405061,19.191229,22.050335,26.967594,24.409151,22.42435,18.794333,16.495035,12.315997,12.734797,5.953926,7.4487534,5.9347773,6.852472,11.697306,12.338115,15.666022,16.67719,16.406576,14.956816,12.724125,10.604728,13.209385,9.80284,17.519617,13.394406,18.242144,18.331917,20.864847,21.903133,18.49474,16.614841,19.754753,17.854649,17.760914,19.97361,19.218712,20.411716,22.08011,24.86811,26.40189,27.589329,24.405224,23.604427,28.906334,28.05253,24.215649,28.41445,30.19946,26.739685,26.817001,30.708979,31.975233,27.028725,30.527927,33.766148,33.039925,29.224773,32.87578,35.315674,31.535837,28.181633,27.883678,22.435211,22.592888,18.379734,20.14825,16.585022,17.016573,18.300964,14.290772,19.020943,15.849582,15.304056,15.842594,15.741375,12.896662,15.654836,12.009452,15.811009,16.712357,19.401936,22.729137,25.596718,30.01713,31.089577,34.369865,32.648308,29.68265,29.906351,24.815243,24.997492,22.149591,20.308935,21.121456,18.773783,20.685286,25.44611,23.18252,26.985306,29.86127,30.143642
4,11.813113,7.538231,7.414235,4.447586,0.0,5.993278,5.3603735,11.307078,12.4763,16.276644,19.549051,24.031492,22.204063,20.584246,17.076578,14.618557,10.949574,10.596805,6.5189905,5.3802133,6.7467136,7.1917357,11.312682,13.482031,17.172432,18.011288,16.267555,15.970703,11.930535,11.642324,11.983373,10.093586,17.052124,13.794845,18.246756,18.404747,21.68259,22.547064,19.754513,18.028524,20.10978,18.969273,17.423721,20.008194,19.975914,20.068638,22.793266,24.78398,25.499565,27.00457,24.236784,22.37608,27.580845,27.379732,22.882881,26.419706,28.77617,25.527645,24.785734,28.665731,30.65162,25.359894,28.15731,31.663057,31.257748,26.982815,30.17784,32.1984,28.141523,24.788273,24.06478,18.686872,18.418121,14.167713,15.736658,12.195689,12.794003,14.595953,10.999301,16.177809,14.087242,13.698963,14.558411,13.734216,10.306511,13.260423,8.463232,12.992918,13.06358,16.177229,19.171629,22.307602,26.529713,27.715738,30.920435,29.42521,26.743246,26.73377,21.968199,21.515406,19.225716,16.907543,18.14228,15.160559,16.660532,21.509077,19.282501,23.363682,26.228802,26.97409
5,14.541677,11.095709,8.054688,6.3541784,5.993278,0.0,6.6824603,8.242304,11.005865,13.916198,17.399979,21.97855,18.680908,17.08814,12.835075,11.544169,7.232001,9.508587,5.0466356,8.891482,9.72787,11.963679,16.386238,17.771818,21.66538,21.992468,21.023834,19.403322,15.359661,13.903251,13.464479,8.556812,14.588633,9.605965,14.190915,13.251551,16.81319,18.3982,16.08736,15.228227,17.761776,17.895119,17.38379,20.824306,21.946373,22.469698,25.47208,28.004591,29.381569,29.977581,26.712566,25.44048,30.485466,29.248726,24.768463,29.018225,30.436714,26.426798,26.010904,30.059097,31.100399,25.317986,28.693611,31.75482,30.571085,26.182625,29.403639,32.22446,27.973705,24.501957,24.672493,19.153154,19.586157,16.417698,17.644997,15.851919,15.578635,19.384636,15.280311,20.41158,18.572289,19.148842,20.34451,19.720795,16.232595,18.82953,13.751744,17.136974,16.3699,18.524078,21.202017,23.701662,28.25774,28.63493,32.155746,31.28783,28.438807,29.204334,24.505714,24.432732,23.01166,21.44064,23.48412,20.257484,21.293638,26.101524,23.165703,27.640606,29.897593,30.762213
6,17.02833,12.690438,11.974012,9.158378,5.3603735,6.6824603,0.0,7.065678,7.392665,11.192727,14.602216,18.785156,17.48479,16.11378,13.041396,10.3701315,7.7520847,6.7308373,7.4181485,5.9856706,9.555522,11.009093,14.03575,16.915447,21.180412,21.132412,18.4773,18.291086,12.483445,13.433667,10.564161,9.513814,14.396886,12.265356,15.801196,16.084751,19.957827,20.592361,18.754238,17.499409,18.30212,18.582096,15.832078,19.19167,20.725998,19.804167,23.889303,25.283356,25.569506,26.665749,24.091421,21.481283,26.325064,26.150745,21.001001,24.212578,26.52744,23.11418,21.649048,25.570116,27.781479,21.925941,24.235062,27.765682,27.338959,22.582201,25.351679,27.34819,23.021318,19.616161,19.01953,13.561361,13.567437,9.8572,11.773287,9.624481,10.854767,14.672453,12.199953,17.5912,17.079514,16.976036,17.928001,16.150883,12.212122,14.185371,8.521163,11.696139,10.008406,12.634324,15.058002,18.007559,22.277431,23.08655,26.412783,25.46727,22.939213,23.242374,18.878222,18.1327,17.165285,15.280347,17.894724,14.32819,15.165031,19.765308,16.558653,21.163542,23.367207,24.557554
7,21.856495,17.899923,15.593087,13.911291,11.307078,8.242304,7.065678,0.0,5.1066484,5.9739304,10.78529,14.2783375,11.38854,10.821719,6.6086736,6.427771,5.2601223,7.506611,10.582535,12.243523,15.211187,17.534971,20.83667,23.326439,27.73846,27.369843,25.067728,24.106255,18.184145,18.515879,14.522156,11.597974,13.350313,10.672802,12.900038,11.70173,16.506924,17.799658,17.461752,17.508492,17.7935,20.161827,17.86825,22.140404,25.12414,24.205778,28.834042,30.391413,30.961168,31.239023,28.447895,26.043398,30.42348,29.475285,24.19572,27.619219,29.080484,25.048767,23.431177,27.341688,28.809244,22.27539,24.59084,27.59354,26.383564,21.144907,23.303282,26.013287,21.168652,17.686087,18.104422,12.912849,13.597244,12.348028,13.021527,13.944666,13.737025,19.761032,17.042814,22.091421,22.251192,23.186993,24.60854,23.021494,19.136866,20.973833,15.2721405,17.421144,14.578873,15.823237,17.119204,19.09149,23.348824,23.011911,26.590527,26.826954,24.468435,25.608517,21.923319,21.20145,21.834211,20.630756,24.026226,20.148394,20.08445,24.323168,20.650576,25.566565,26.888687,28.531086
8,24.099428,19.888042,18.388624,15.405061,12.4763,11.005865,7.392665,5.1066484,0.0,4.720837,7.247467,11.62863,10.666535,9.237714,7.79022,4.4819684,5.799954,4.5213027,11.104928,11.170012,14.681288,17.180635,19.506958,22.282097,27.032114,25.888836,23.048769,22.220411,15.647585,16.932476,11.323721,10.636767,10.737824,10.827954,12.042414,12.70282,16.79956,16.966362,16.756306,16.42899,15.387602,17.911257,14.377487,18.629276,22.267752,20.606977,25.897303,26.914515,27.224176,27.232393,24.706501,21.934303,25.965641,25.130869,19.66759,22.845715,24.266207,20.373558,18.429712,22.293228,23.99876,17.452242,19.527454,22.648592,21.719448,16.469515,18.857716,21.470453,17.013218,13.536663,14.220489,8.882021,10.8085575,9.55081,12.140556,12.895443,14.645653,19.876791,18.453697,23.591928,23.999414,24.00038,24.815058,22.444227,18.40253,19.066376,14.018438,14.24934,11.144503,11.341076,12.5650625,14.195762,18.647318,18.296276,21.932161,21.944248,19.445932,20.80509,17.1488,16.816236,17.80239,17.51321,21.553892,18.152517,18.46325,22.095333,17.407503,22.12965,22.92362,24.276522
9,27.477406,23.344837,21.416742,19.191229,16.276644,13.916198,11.192727,5.9739304,4.720837,0.0,5.915283,8.326655,6.8593345,7.09084,5.820932,5.748132,8.499814,8.969749,15.045909,15.746603,19.193565,21.653753,24.115889,26.94136,31.637327,30.601057,27.714382,26.925903,20.343304,21.55186,15.866739,14.64904,13.242507,13.217666,13.314166,12.907097,17.418026,17.96156,18.858994,19.287651,17.88835,21.437798,18.128487,22.551838,26.670574,24.891302,30.374176,31.274324,31.43565,31.2714,28.863464,25.96065,29.597654,28.70628,23.217293,26.000237,27.2012,23.295795,20.978016,24.571371,26.138296,19.399094,20.85212,23.612385,22.389685,16.754894,18.07429,20.796324,15.78364,12.40619,13.531027,9.119783,10.89915,11.699596,12.775529,15.3491535,16.072313,22.340569,20.917793,25.720612,26.730288,27.369747,28.55877,26.31466,22.359571,23.24503,17.997591,18.459175,14.770009,14.637035,14.717121,15.729043,19.625313,18.54175,22.122356,23.160269,21.144197,22.76108,19.994179,19.216633,21.307137,20.95506,25.187569,21.465837,21.02686,24.380995,19.914833,24.705444,25.034456,26.908323
10,31.117619,26.991356,25.215143,22.050335,19.549051,17.399979,14.602216,10.78529,7.247467,5.915283,0.0,5.8925705,6.441521,4.772638,8.201526,6.239165,10.58016,9.707733,16.92931,17.46876,20.631535,23.538702,25.335293,27.904009,32.85942,30.916327,28.085108,26.808762,20.284382,21.663696,15.119421,15.047609,10.702943,13.49075,11.766576,13.0756035,16.309923,15.664993,17.267765,17.815905,14.895915,19.246815,15.505067,19.843504,24.95735,22.822193,28.704353,29.344286,29.710585,28.695547,26.372753,23.753761,26.6889,25.199802,20.012978,22.89912,23.153378,19.088749,16.930984,20.285225,21.13672,14.419535,16.051775,18.289682,16.673372,11.16012,12.938839,16.529116,12.509223,9.478228,12.345357,9.047375,12.744217,13.824124,16.51533,18.62746,20.695099,26.127567,25.35704,30.299797,31.112095,31.008047,31.62882,28.89557,24.881886,24.684275,20.365448,18.828342,15.569944,13.731545,13.57918,13.129817,17.116991,15.285746,18.975254,20.029564,17.72502,20.226938,17.707426,18.064741,20.502579,21.631744,26.326239,23.396975,23.52437,26.16782,20.669413,24.906094,24.355375,25.57878
11,35.555687,31.337835,29.62069,26.967594,24.031492,21.97855,18.785156,14.2783375,11.62863,8.326655,5.8925705,0.0,6.549103,8.006703,11.40299,11.477174,15.639507,15.086367,22.26694,22.432333,25.942566,28.516966,30.156797,33.097004,37.972973,36.202106,32.922493,32.188793,25.408304,27.24715,20.510878,20.779552,16.458452,18.959482,16.970308,17.451576,20.83136,20.419907,22.675188,23.529842,20.40935,25.015291,21.058699,25.187157,30.40885,27.829016,33.96117,34.11208,33.88947,33.031075,31.17689,27.99263,30.367203,29.42524,24.18398,25.964712,26.479218,23.003593,20.032366,22.73217,24.082928,17.73771,17.653807,19.534912,18.214888,12.555266,11.801682,14.654048,9.894714,7.584798,10.698868,9.767861,12.765421,15.790859,17.188011,20.795427,22.313604,28.267183,28.008574,32.470688,34.12019,34.435253,35.33542,32.53273,28.657927,28.52855,24.125563,22.801598,18.865337,17.018354,15.485786,14.511684,17.15752,14.597525,17.831244,20.28202,18.988136,21.390465,20.318293,19.786993,23.523657,24.40431,29.25734,26.06422,25.36901,27.41394,22.302023,26.390474,25.249918,27.178135
12,33.00905,29.127243,26.550291,24.409151,22.204063,18.680908,17.48479,11.38854,10.666535,6.8593345,6.441521,6.549103,0.0,3.8911223,6.175626,8.629163,12.351792,13.775943,19.584986,21.470667,24.381578,27.379581,29.951015,32.339066,37.181778,35.691433,33.25103,31.711727,25.451807,26.088562,20.338545,18.36258,14.323769,14.994669,12.937579,12.015341,15.782028,16.314665,18.860834,20.338259,18.247326,23.201752,20.675264,25.230597,30.223969,28.650171,34.20089,35.291996,35.909508,34.887024,32.309475,30.004517,33.07355,31.292253,26.282248,29.334665,29.371908,25.122066,23.24191,26.464115,26.794497,20.22714,21.862005,23.551657,21.37155,16.193394,16.91803,20.651777,16.274275,13.653875,16.40973,13.678122,16.264011,18.053019,19.07771,22.133387,22.690363,29.165668,27.593346,32.34842,33.27509,34.050957,35.216496,32.991318,28.984493,29.606678,24.595339,24.313717,20.836039,19.714134,19.377964,19.105446,22.620846,20.420609,23.893454,25.719456,23.78883,26.24997,24.03498,23.931046,26.537535,27.02091,31.516077,28.045727,27.634459,30.62534,25.771435,30.294321,29.890371,31.56425
13,31.499212,27.665945,25.13305,22.42435,20.584246,17.08814,16.11378,10.821719,9.237714,7.09084,4.772638,8.006703,3.8911223,0.0,5.5004354,6.069949,10.127941,11.262988,17.121746,19.224611,21.814947,25.092194,27.565592,29.657461,34.5794,32.765095,30.611353,28.656847,22.655565,23.02522,17.34567,15.310993,10.5234995,11.935442,9.419281,9.556468,12.8784895,12.903775,15.306793,16.685179,14.365374,19.4032,17.067858,21.631,26.737106,25.373152,30.793442,32.082382,33.065407,31.752172,28.974365,27.102825,30.232443,28.025412,23.246162,26.833757,26.480892,21.971838,20.643219,24.025108,23.877234,17.337948,19.818071,21.467157,19.067581,14.215428,16.102232,20.296066,16.515963,13.763412,16.79574,13.489095,16.689995,17.583437,19.625265,21.75651,22.979963,28.889904,27.260729,32.30446,32.726246,33.03822,33.882652,31.56802,27.503504,27.811375,23.133085,22.292706,19.354437,17.927052,18.20315,17.840494,21.84046,19.814861,23.449213,24.625198,22.211168,24.878447,22.104061,22.690994,24.688278,25.634995,30.097797,27.003231,27.160831,30.2364,24.988075,29.378778,29.043604,30.190073
14,27.297256,23.628075,20.69846,18.794333,17.076578,12.835075,13.041396,6.6086736,7.79022,5.820932,8.201526,11.40299,6.175626,5.5004354,0.0,5.059016,7.0274577,10.052004,14.188864,17.061623,19.511189,22.58631,25.780254,27.816542,32.493732,31.418247,29.518978,27.678865,21.905,21.761126,17.150103,13.61821,11.720189,9.985641,9.625507,7.6928577,12.512705,13.893481,15.245466,16.465878,15.872632,19.971203,18.285795,22.922049,27.085352,26.264652,31.169603,32.894176,33.951134,33.252563,30.243704,28.397083,32.234016,30.319935,25.368982,29.189737,29.487328,24.964977,23.729107,27.45239,27.760237,21.137661,23.8275,26.002972,23.914412,18.921553,20.931986,24.615522,20.168537,16.996218,18.932085,14.621866,16.667665,16.798883,17.90827,19.753204,19.90084,26.14412,23.64499,28.644068,28.803175,29.670856,30.912947,29.148596,25.156898,26.375225,21.076162,21.806925,18.933718,18.760424,19.572218,20.292376,24.518812,23.14385,26.828508,27.704977,25.264341,27.324434,24.021307,24.045437,25.386625,25.301428,29.25184,25.696941,25.702787,29.461079,24.983858,29.743193,30.214651,31.63469
15,25.68379,21.792242,19.532236,16.495035,14.618557,11.544169,10.3701315,6.427771,4.4819684,5.748132,6.239165,11.477174,8.629163,6.069949,5.059016,0.0,4.4395003,5.4713182,11.252225,13.243918,15.851643,19.060467,21.734846,23.82881,28.687412,27.174534,25.083252,23.249716,17.266508,17.51299,12.275253,9.837016,7.7847996,7.829496,7.894152,8.587713,12.537899,12.760538,13.188549,13.550942,12.395309,15.9862,13.504379,18.10902,22.340855,21.26389,26.35256,27.897322,28.94029,28.197474,25.237476,23.350994,27.228819,25.374624,20.381857,24.356968,24.72152,20.243246,19.12914,22.992203,23.48267,16.913172,19.937344,22.411966,20.658392,15.818697,18.683186,22.252651,18.279896,14.99625,16.844244,12.057844,14.73279,13.927162,16.488125,17.294472,18.758163,24.054258,22.11506,27.362951,27.28243,27.331484,28.067669,25.892765,21.827541,22.393965,17.611158,17.362495,14.9000025,14.351727,15.717319,16.498943,21.092129,20.117996,23.865168,24.019163,21.227694,23.260105,19.496334,20.026731,20.866661,21.280336,25.317966,22.235582,22.832989,26.428007,21.453072,25.986917,26.465214,27.414068
16,21.474518,17.755936,15.233346,12.315997,10.949574,7.232001,7.7520847,5.2601223,5.799954,8.499814,10.58016,15.639507,12.351792,10.127941,7.0274577,4.4395003,0.0,4.718847,7.2581544,10.447891,12.514311,15.752775,19.087894,20.858435,25.52056,24.494617,22.899204,20.885328,15.489816,14.921986,11.267111,6.9713764,8.724799,5.623354,8.439496,8.423538,12.449354,13.335111,12.395454,12.253705,12.854714,15.090022,13.566872,17.910967,21.065834,20.724733,25.060602,27.131191,28.475079,28.129368,24.898203,23.400017,27.844755,26.042568,21.261263,25.61224,26.278835,21.843554,21.213518,25.237709,25.792765,19.54974,22.98127,25.67639,24.086927,19.569136,22.7717,26.115078,22.106388,18.719864,19.903736,14.626453,16.46742,14.478524,16.767456,16.468376,17.456247,22.308392,19.57535,24.917946,24.155605,24.286999,25.104029,23.40251,19.42667,20.624628,15.654874,16.579718,14.84347,15.354409,17.500702,19.03226,23.755548,23.360113,27.05843,26.686474,23.747696,25.326063,20.98136,21.441559,21.223347,20.989765,24.366978,21.249887,22.148699,26.290525,21.913622,26.490028,27.681671,28.494387
17,22.051064,18.016874,16.650208,12.734797,10.596805,9.508587,6.7308373,7.506611,4.5213027,8.969749,9.707733,15.086367,13.775943,11.262988,10.052004,5.4713182,4.718847,0.0,7.6990795,8.028877,10.952787,13.983578,16.320488,18.59055,23.480524,21.973978,19.646309,18.139769,11.926464,12.640501,7.3325315,6.402233,7.978018,8.226391,10.309585,12.082436,15.284127,15.041024,13.783155,12.777046,12.222231,13.764254,10.53609,14.706329,18.024178,16.87487,21.795044,23.270163,24.188421,23.976751,21.062717,18.995413,23.382215,22.053911,16.963705,21.015818,22.083183,17.969072,16.98508,21.030712,22.216387,16.091892,19.226706,22.285826,21.286922,16.83492,20.276056,23.145224,19.510263,16.20631,17.066984,11.774675,13.970029,11.376406,14.983212,14.027589,16.477037,20.429422,18.779177,24.131718,23.632067,22.955198,23.276518,20.918093,16.865456,17.162619,12.754763,12.323773,10.686427,10.793173,13.300413,14.955261,19.762583,19.781904,23.389996,22.514338,19.47118,20.873333,16.338285,17.014654,16.60945,16.840445,20.510723,17.79612,19.081059,22.824385,17.944735,22.286745,23.357243,23.90535
18,15.577306,12.213092,10.284358,5.953926,6.5189905,5.0466356,7.4181485,10.582535,11.104928,15.045909,16.92931,22.26694,19.584986,17.121746,14.188864,11.252225,7.2581544,7.6990795,0.0,6.0926404,5.964586,9.420961,13.405714,14.350081,18.745398,18.142931,17.453428,15.058651,11.226732,9.199134,9.291053,4.128282,11.59624,7.8407593,12.489608,13.261464,15.716288,16.362719,13.277257,11.572309,14.120854,13.260514,12.906377,15.99906,16.974869,17.766953,20.627096,23.366766,25.193914,25.409433,21.941948,21.214664,26.272255,24.649101,20.569462,25.291122,26.32474,22.308157,22.527596,26.536667,27.212183,21.938246,25.826885,28.771557,27.650846,23.910585,27.769297,30.703821,27.17347,23.853678,24.32744,18.877333,20.079618,16.425583,19.127085,16.56437,17.900717,20.594593,17.393482,22.65451,20.502972,19.836193,20.147106,18.956467,15.366611,16.852032,12.816312,14.538736,14.803976,16.329424,19.603365,21.824173,26.556908,27.074644,30.555239,29.090363,25.88954,26.814291,21.695686,22.501467,20.363443,19.708511,21.824497,19.438484,21.327646,25.771252,22.123718,26.17597,28.247654,28.39668
19,15.702564,11.731179,12.118854,7.4487534,5.3802133,8.891482,5.9856706,12.243523,11.170012,15.746603,17.46876,22.432333,21.470667,19.224611,17.061623,13.243918,10.447891,8.028877,6.0926404,0.0,4.303456,6.093163,8.741218,11.271547,15.891493,15.276378,12.934426,12.305614,6.9294515,7.738128,6.8155985,7.5297775,13.934069,12.702354,16.4968,18.046122,20.695133,20.631577,17.744162,15.529394,16.704714,15.144963,12.6719265,14.972151,15.2757845,14.844684,18.20313,19.909048,20.695679,21.839207,19.071466,17.141174,22.327265,22.016258,17.52727,21.264664,23.453905,20.303549,19.7686,23.604956,25.552649,20.630274,23.576296,27.053185,26.853292,23.053432,26.654423,28.651426,25.279242,22.121428,21.68669,16.490961,17.13318,12.605912,15.989821,12.188742,14.917983,16.12342,14.269038,19.413437,17.758583,16.088873,15.8815,13.814182,10.001604,10.878356,7.152879,8.78464,9.754134,12.083068,15.633266,18.469364,22.835865,24.127575,27.28049,25.291918,22.321161,22.48488,17.366909,17.735981,14.962441,13.838079,15.739828,13.609894,15.970495,20.188559,16.73195,20.48029,22.921158,23.022188
20,13.848569,10.690628,11.08387,5.9347773,6.7467136,9.72787,9.555522,15.211187,14.681288,19.193565,20.631535,25.942566,24.381578,21.814947,19.511189,15.851643,12.514311,10.952787,5.964586,4.303456,0.0,4.052481,7.6525135,8.453696,13.013283,12.433182,11.671621,9.729713,6.971421,4.993433,8.324091,7.5654874,14.987987,13.070415,17.2584,18.887522,20.748919,20.717443,17.069578,14.460289,16.730453,13.899399,13.041473,14.56938,13.548924,14.501459,16.410318,19.024454,20.701103,21.667141,18.484701,17.813858,23.114967,22.239466,18.649017,22.985369,24.66152,21.470024,21.888012,25.629393,26.896645,22.56205,26.164143,29.370544,28.956776,25.741528,29.78009,32.066673,29.032495,25.923553,25.76705,20.597584,21.426456,16.89023,20.158504,16.093258,18.41943,18.865168,16.477201,21.32497,18.62863,16.619331,16.011168,14.63805,11.510684,12.409271,10.174401,11.582373,13.6349325,15.6381035,19.425251,22.020844,26.42959,27.724005,30.851637,28.538258,25.347168,25.601131,20.2323,21.201334,17.673433,16.876795,17.954332,16.585012,19.356247,23.50842,20.363329,23.652367,26.231657,25.806232
21,11.863561,8.86641,10.972315,6.852472,7.1917357,11.963679,11.009093,17.534971,17.180635,21.653753,23.538702,28.516966,27.379581,25.092194,22.58631,19.060467,15.752775,13.983578,9.420961,6.093163,4.052481,0.0,4.8546143,6.307401,10.228518,10.884906,9.6537485,9.468707,7.8645544,7.2755437,11.04374,11.5404415,18.822643,16.947996,21.198603,22.61913,24.712078,24.761215,21.106295,18.451887,20.63806,17.500875,16.282679,17.1897,15.099483,15.82032,17.043152,19.20399,20.256708,22.162516,19.507845,18.410988,23.72121,23.753422,20.28763,23.858152,26.276537,23.716732,23.803526,27.338833,29.265844,25.233805,28.29327,31.744215,31.769672,28.496239,32.289146,34.057247,30.95277,27.905159,27.131159,22.139824,22.274944,17.391418,20.239468,15.403247,17.64619,16.605398,14.4803505,18.792576,15.739394,13.10126,12.141523,11.037259,8.499997,9.946856,8.727316,11.351817,13.956474,16.71751,20.412468,23.435282,27.461674,29.23375,32.114975,29.565752,26.644772,26.280056,21.096565,21.536732,17.48983,15.815683,15.796521,14.733422,17.697287,21.827267,19.681679,22.583746,25.722755,25.350134
22,15.394748,12.810008,15.633511,11.697306,11.312682,16.386238,14.03575,20.83667,19.506958,24.115889,25.335293,30.156797,29.951015,27.565592,25.780254,21.734846,19.087894,16.320488,13.405714,8.741218,7.6525135,4.8546143,0.0,4.447244,8.247512,8.161079,5.0907917,7.276103,6.63472,8.1581135,11.605454,14.533474,20.850445,20.337269,24.064331,26.138264,27.987946,27.481533,23.867327,20.936136,22.353102,18.70581,16.690186,16.521856,13.532387,13.576587,14.407618,15.697502,16.109709,18.740244,16.749826,15.288062,20.414078,21.321949,18.281872,21.07904,24.023087,22.332466,22.365665,25.473589,27.925203,24.72249,27.288166,30.81516,31.419943,28.614758,32.373844,33.594296,31.055693,28.32508,27.235271,22.80108,22.920422,17.905876,21.320137,16.02472,19.32973,16.84619,16.302505,20.003231,17.382078,13.59837,11.508866,9.399601,7.714152,6.941774,8.887043,9.593666,13.448575,15.960383,19.665174,22.646198,26.190855,28.449903,30.941153,27.813852,25.029463,24.180614,19.141085,19.770363,14.856131,13.490435,12.650326,13.027309,16.68626,19.990547,18.007698,19.961315,23.207596,22.26483
23,15.171967,13.635532,16.163734,12.338115,13.482031,17.771818,16.915447,23.326439,22.282097,26.94136,27.904009,33.097004,32.339066,29.657461,27.816542,23.82881,20.858435,18.59055,14.350081,11.271547,8.453696,6.307401,4.447244,0.0,5.0378175,4.634991,5.533918,5.0200834,8.556333,7.6176295,13.447199,15.294819,21.84996,20.987913,24.81289,26.973572,28.152737,27.621536,23.544107,20.421274,22.533274,18.011045,17.380127,16.560999,12.317406,13.911396,12.870908,15.276023,16.901472,19.019695,16.589832,16.698605,21.68715,21.800665,19.752384,23.2077,25.393595,23.583317,24.523531,27.550217,29.194387,26.491455,29.707241,32.91369,33.229908,30.928598,35.089977,36.693314,34.41935,31.679369,30.989574,26.431765,26.903677,21.951574,25.41218,20.242334,23.181723,20.812187,19.636059,23.193966,19.801647,16.071405,13.823229,12.737839,11.724678,11.212429,13.105722,13.499608,17.45618,19.505154,23.383726,26.048353,29.760458,31.845669,34.39963,31.11028,28.083052,27.52948,22.309137,23.563559,18.450613,17.715515,16.702295,17.44277,21.105366,24.355131,22.311716,24.056522,27.144201,25.7657
24,15.4954195,15.229595,18.414505,15.666022,17.172432,21.66538,21.180412,27.73846,27.032114,31.637327,32.85942,37.972973,37.181778,34.5794,32.493732,28.687412,25.52056,23.480524,18.745398,15.891493,13.013283,10.228518,8.247512,5.0378175,0.0,5.098097,7.824279,8.644528,13.419049,12.448396,18.468372,20.054197,26.783323,25.578617,29.564404,31.522854,32.600025,32.20208,27.947021,24.813612,27.250603,22.400887,22.210665,20.946987,15.899586,17.816116,15.34369,17.545347,18.967,21.646885,19.725412,20.192354,24.764874,25.301723,23.904089,26.864855,29.24004,27.912485,28.954172,31.718138,33.465534,31.214138,34.272118,37.474663,37.96301,35.823658,39.941135,41.330086,39.105064,36.41059,35.453865,31.004293,31.116318,26.079056,29.123486,23.66631,26.21289,22.755663,21.661915,24.302385,20.375038,16.297716,13.58481,13.57669,14.026621,13.833262,16.622295,17.609821,21.675524,23.988184,27.74202,30.535135,33.96566,36.303192,38.665344,35.17757,32.324863,31.415691,26.432753,27.474691,22.090029,20.935703,18.811886,20.115057,23.734583,26.71747,25.651209,26.843712,30.264475,28.756916
25,19.046331,18.035547,20.504473,16.67719,18.011288,21.992468,21.132412,27.369843,25.888836,30.601057,30.916327,36.202106,35.691433,32.765095,31.418247,27.174534,24.494617,21.973978,18.142931,15.276378,12.433182,10.884906,8.161079,4.634991,5.098097,0.0,5.7184396,4.4847903,10.884361,9.971023,15.899408,18.381973,24.143486,24.017782,27.425838,30.057926,30.631128,29.6838,25.485722,22.185713,24.06823,18.876513,18.644712,16.66145,11.139865,13.329016,10.259357,12.800667,15.043981,17.028856,14.872622,16.125504,20.533953,20.567944,19.769434,23.072704,24.8748,23.646893,25.224487,27.793661,29.095737,27.434616,30.724922,33.649494,34.128723,32.577576,36.94303,38.465763,36.815777,34.318848,33.77584,29.54977,30.319439,25.449135,29.297983,24.110592,27.453682,24.662481,23.98609,27.262201,23.86997,19.787903,17.080849,15.927508,15.504901,13.974144,17.004726,16.090784,20.495037,21.933865,25.80215,28.095074,31.557907,33.74746,36.06254,32.345158,29.273483,28.69913,23.601618,25.455431,19.93879,20.028133,18.699566,20.419306,24.33271,26.96485,24.824282,25.832026,28.672604,26.60128
26,19.665504,17.607473,20.475775,16.406576,16.267555,21.023834,18.4773,25.067728,23.048769,27.714382,28.085108,32.922493,33.25103,30.611353,29.518978,25.083252,22.899204,19.646309,17.453428,12.934426,11.671621,9.6537485,5.0907917,5.533918,7.824279,5.7184396,0.0,5.7691803,8.044476,9.984058,13.545854,17.69311,23.037066,23.596754,26.811697,29.513432,30.792877,29.747797,26.059416,22.8864,23.818876,19.501995,17.438612,15.910665,11.696535,11.610914,11.074809,11.6681,12.006135,15.085555,13.701813,12.791112,17.431692,18.789759,16.900845,19.202423,22.104471,21.29263,21.824566,24.352175,26.774744,24.777536,27.193989,30.506084,31.48924,29.512493,33.426357,34.36875,32.6287,30.256828,29.2307,25.353855,25.80671,20.950659,24.90177,19.635096,23.576014,20.431475,20.795454,24.041145,21.580523,17.259188,14.470938,12.110366,11.477972,8.781053,12.811849,11.208901,15.812081,17.448341,21.09131,23.629875,26.73976,29.25499,31.370577,27.633413,24.860456,23.817099,18.962273,20.302616,14.673427,14.486507,13.085095,15.134053,19.165014,21.435066,19.341068,20.141008,23.106113,21.223598
27,19.606018,17.77131,19.524424,14.956816,15.970703,19.403322,18.291086,24.106255,22.220411,26.925903,26.808762,32.188793,31.711727,28.656847,27.678865,23.249716,20.885328,18.139769,15.058651,12.305614,9.729713,9.468707,7.276103,5.0200834,8.644528,4.4847903,5.7691803,0.0,7.126942,6.1349716,11.714786,14.611286,19.83069,20.271053,23.353567,26.286083,26.799828,25.627962,21.608446,18.299442,19.76445,14.751748,14.161792,12.357285,7.415473,9.541261,7.988421,10.970456,13.668706,14.77311,11.910583,13.107892,17.89925,17.27139,15.969118,19.949856,21.36339,19.610256,21.28538,24.087046,25.12559,23.142706,26.703041,29.556675,29.832285,28.26272,32.742123,34.5249,32.937675,30.440023,30.251213,25.993948,27.22054,22.552952,26.815546,22.056335,25.716267,23.969936,23.244604,27.186647,24.260515,20.558825,18.271404,16.43688,14.923061,13.072413,15.190042,13.326768,17.54057,18.45658,22.42026,24.444458,28.175993,30.069143,32.558964,29.009007,25.724163,25.588024,20.263132,22.50378,17.321243,18.079554,17.895893,19.130922,22.9846,25.74487,22.647484,24.104702,26.505217,24.485313
28,19.69606,16.464653,17.733093,12.724125,11.930535,15.359661,12.483445,18.184145,15.647585,20.343304,20.284382,25.408304,25.451807,22.655565,21.905,17.266508,15.489816,11.926464,11.226732,6.9294515,6.971421,7.8645544,6.63472,8.556333,13.419049,10.884361,8.044476,7.126942,0.0,5.137907,5.512669,10.4763565,15.158112,16.263016,19.089867,21.993938,23.456055,22.323147,19.097681,16.182653,16.51309,13.313873,10.244772,10.388883,9.341162,8.4080515,11.661377,12.982822,14.066875,15.103983,12.426602,10.906895,16.230516,16.062067,12.438515,16.323765,18.419273,16.05026,16.38012,19.749636,21.646381,18.24464,21.31606,24.621647,24.962362,22.434233,26.548645,28.22386,26.13907,23.515276,23.222822,18.871513,20.180542,15.658926,20.240536,16.001793,20.122995,19.607006,19.246792,23.793169,22.009766,18.944838,17.415298,14.604593,11.666454,9.679075,9.968205,7.092609,10.721757,11.593448,15.611085,17.851183,21.859764,23.606071,26.330297,23.267864,20.017885,20.031223,14.554315,16.353363,11.975157,12.7242985,14.204604,14.253676,17.732492,20.724218,16.716187,19.077944,21.20084,19.937115
29,17.786293,15.2051115,15.702135,10.604728,11.642324,13.903251,13.433667,18.515879,16.932476,21.55186,21.663696,27.24715,26.088562,23.02522,21.761126,17.51299,14.921986,12.640501,9.199134,7.738128,4.993433,7.2755437,8.1581135,7.6176295,12.448396,9.971023,9.984058,6.1349716,5.137907,0.0,7.28087,8.499181,14.402104,14.184976,17.521753,20.212372,21.028372,20.170443,16.244246,13.105715,14.926721,10.759997,10.283857,10.500873,8.623959,10.336189,11.690063,14.7917,17.341133,17.59487,14.056948,14.525289,19.669943,18.14912,15.45827,20.340662,21.32741,18.281908,19.650278,23.124811,23.78113,20.398453,24.459133,27.33093,26.96235,24.684263,29.194113,31.581894,29.40129,26.592749,26.842443,22.08012,23.609468,19.207273,23.343239,19.300146,22.49535,22.49147,20.893675,25.588947,22.927473,20.239092,18.908043,17.080122,14.323466,13.5878935,13.104877,11.96552,14.973217,15.844493,19.853838,21.847319,26.192783,27.489471,30.461807,27.634064,24.164412,24.665329,19.11225,21.159983,17.068457,17.646276,18.793684,18.531149,21.828934,25.30924,21.522076,24.143633,26.282131,25.014566
30,21.929483,18.277264,18.261986,13.209385,11.983373,13.464479,10.564161,14.522156,11.323721,15.866739,15.119421,20.510878,20.338545,17.34567,17.150103,12.275253,11.267111,7.3325315,9.291053,6.8155985,8.324091,11.04374,11.605454,13.447199,18.468372,15.899408,13.545854,11.714786,5.512669,7.28087,0.0,7.0592723,9.928525,12.047149,14.136483,17.340183,18.916454,17.615225,15.063615,12.618571,11.990648,10.528777,6.2871556,8.761919,11.077056,9.708535,14.579835,15.976746,17.270859,17.025362,13.98826,12.379848,17.198614,15.914144,11.366166,16.046806,17.198408,13.632842,13.747345,17.622566,18.887465,14.294702,17.910818,21.048628,20.768713,17.799301,22.065456,24.410795,22.137938,19.372534,19.877645,15.3156185,17.52703,13.795439,18.634815,15.76916,19.692976,21.140789,20.409845,25.475473,24.268167,22.104824,21.283607,18.465103,14.849522,13.493084,11.626563,8.537551,9.885161,9.479404,13.298743,14.919237,19.515793,20.443937,23.597273,21.23578,17.742863,18.732185,13.299215,15.390158,12.780711,14.227197,17.237179,16.215408,18.901339,22.01868,16.96311,20.134447,21.411198,20.623608
31,19.356253,16.081583,14.354918,9.80284,10.093586,8.556812,9.513814,11.597974,10.636767,14.64904,15.047609,20.779552,18.36258,15.310993,13.61821,9.837016,6.9713764,6.402233,4.128282,7.5297775,7.5654874,11.5404415,14.533474,15.294819,20.054197,18.381973,17.69311,14.611286,10.4763565,8.499181,7.0592723,0.0,7.873655,5.9070606,9.705057,11.852781,13.518395,13.332517,10.22703,8.243503,10.112736,9.5478945,9.119247,12.595101,14.668664,15.332351,18.714903,21.451683,23.631378,23.079828,19.419825,19.07514,23.841482,21.555464,17.647774,22.839437,23.163649,18.83413,19.508606,23.49133,23.560246,18.410412,22.779718,25.42045,24.071201,20.772766,25.01841,28.281065,25.301167,22.159134,23.231926,18.044584,20.11455,16.815598,20.363476,18.168436,20.339447,23.13012,20.6305,25.96514,24.107428,23.01948,22.93968,21.203917,17.501265,17.933577,14.511305,14.336737,14.703377,15.094222,18.41504,19.994894,24.855366,25.081766,28.594131,27.039576,23.596903,25.007542,19.830254,21.40458,19.435207,19.873457,22.547607,20.604721,22.721022,26.710722,22.22782,26.076246,27.581379,27.333258
32,27.138346,23.715845,21.704515,17.519617,17.052124,14.588633,14.396886,13.350313,10.737824,13.242507,10.702943,16.458452,14.323769,10.5234995,11.720189,7.7847996,8.724799,7.978018,11.59624,13.934069,14.987987,18.822643,20.850445,21.84996,26.783323,24.143486,23.037066,19.83069,15.158112,14.402104,9.928525,7.873655,0.0,6.6604476,5.091478,9.545037,10.116452,8.244887,7.666196,7.381974,4.695652,8.892961,7.539429,12.023416,16.934237,16.599552,21.201454,23.299545,25.47695,23.59109,20.097101,19.80255,23.393742,20.084116,16.262186,21.553444,20.41711,15.399018,16.238718,19.986609,18.764023,13.179507,18.086311,19.843609,17.588387,14.666155,19.162628,23.31775,21.094769,18.390297,20.879396,16.650454,20.114708,18.428886,22.40808,21.800863,24.425909,28.238335,26.50968,31.89932,30.897009,29.90753,29.80573,27.457653,23.564829,23.064667,19.809032,17.697699,17.031033,15.413043,17.735739,17.729689,22.501463,21.615704,25.202179,24.303417,20.789253,23.358076,18.926304,21.26392,20.836363,22.717617,26.502073,24.668297,26.397785,29.630724,24.034164,27.75769,27.98618,27.641062
33,22.640793,19.598473,16.645803,13.394406,13.794845,9.605965,12.265356,10.672802,10.827954,13.217666,13.49075,18.959482,14.994669,11.935442,9.985641,7.829496,5.623354,8.226391,7.8407593,12.702354,13.070415,16.947996,20.337269,20.987913,25.578617,24.017782,23.596754,20.271053,16.263016,14.184976,12.047149,5.9070606,6.6604476,0.0,4.949874,6.0405583,8.049946,8.861612,7.008199,7.2095547,9.148075,11.408232,12.128802,16.231121,19.413517,20.141922,23.690887,26.53997,28.891876,27.764887,24.00498,23.859703,28.191362,25.256939,21.41146,26.694494,26.273693,21.434526,22.104694,26.034819,25.26415,19.653753,24.21418,26.291672,24.104164,20.641083,24.596851,28.586811,25.385416,22.248648,24.119778,19.121105,21.562496,19.413908,22.239912,21.414865,22.687223,26.879963,23.888124,29.24703,27.688997,27.440065,27.866304,26.366005,22.553284,23.376413,19.240574,19.36146,18.68427,18.590824,21.178335,22.158405,27.031094,26.429886,30.129843,29.405558,26.065197,28.085535,23.38966,24.865871,23.98094,24.52644,27.673977,25.214828,26.715958,30.771448,26.090647,30.301281,31.353489,31.477423
34,27.576805,24.442375,21.541143,18.242144,18.246756,14.190915,15.801196,12.900038,12.042414,13.314166,11.766576,16.970308,12.937579,9.419281,9.625507,7.894152,8.439496,10.309585,12.489608,16.4968,17.2584,21.198603,24.064331,24.81289,29.564404,27.425838,26.811697,23.353567,19.089867,17.521753,14.136483,9.705057,5.091478,4.949874,0.0,4.8215685,5.3967977,4.998836,5.939177,7.6946516,7.160675,11.820346,12.337297,16.610062,21.031332,21.329678,25.393002,27.94236,30.332232,28.49682,24.835232,24.793358,28.470852,24.990332,21.347813,26.604858,25.36195,20.280996,21.0778,24.749325,23.177334,17.576878,22.283312,23.717989,20.943428,17.846916,21.768644,26.296503,23.591549,20.78934,23.497515,19.173147,22.344727,21.098217,24.160284,24.135967,25.732336,30.354559,27.841726,33.223682,32.101624,31.799839,32.141792,30.27463,26.350725,26.621698,22.663149,21.726988,20.651144,19.558676,21.5935,21.691229,26.4036,25.149052,28.828764,28.51829,25.203028,27.834578,23.613747,25.487938,25.364246,26.67295,30.364002,28.023403,29.378677,33.004887,27.741047,31.836012,32.197746,32.24093
35,27.041786,24.091805,20.548462,18.331917,18.404747,13.251551,16.084751,11.70173,12.70282,12.907097,13.0756035,17.451576,12.015341,9.556468,7.6928577,8.587713,8.423538,12.082436,13.261464,18.046122,18.887522,22.61913,26.138264,26.973572,31.522854,30.057926,29.513432,26.286083,21.993938,20.212372,17.340183,11.852781,9.545037,6.0405583,4.8215685,0.0,5.1167264,7.612407,8.894588,11.060301,11.865228,15.95789,16.704039,21.027332,24.946241,25.410322,29.289675,31.98399,34.222855,32.787685,29.123968,28.818813,32.74919,29.58309,25.669998,30.69751,29.8712,24.85629,25.211758,28.957617,27.74464,21.860239,26.09706,27.659157,24.867733,21.22634,24.472673,28.920168,25.51645,22.546013,25.030903,20.55555,23.140913,22.205866,24.24162,24.734928,25.268831,30.58246,27.434988,32.666317,31.605375,32.04055,32.88134,31.453758,27.553913,28.603807,23.95525,24.24064,22.69823,22.263372,24.053686,24.51196,29.14801,27.80965,31.546299,31.69915,28.634447,31.072605,27.003464,28.211578,28.357407,28.91995,32.478043,29.58167,30.47931,34.460297,29.69796,34.157444,34.776302,35.322166
36,29.520222,26.954933,23.43844,20.864847,21.68259,16.81319,19.957827,16.506924,16.79956,17.418026,16.309923,20.83136,15.782028,12.8784895,12.512705,12.537899,12.449354,15.284127,15.716288,20.695133,20.748919,24.712078,27.987946,28.152737,32.600025,30.631128,30.792877,26.799828,23.456055,21.028372,18.916454,13.518395,10.116452,8.049946,5.3967977,5.1167264,0.0,3.8520722,6.035906,9.206022,10.251976,14.437371,16.693989,20.47832,24.458015,25.525864,28.823658,31.899364,34.791576,32.696503,28.79506,29.459053,33.083817,29.090658,26.041922,31.557924,29.837727,24.68691,26.000153,29.51047,27.207287,22.114288,27.03437,27.998173,24.780535,22.245918,25.99018,30.813684,28.21897,25.536903,28.447762,24.22429,27.249475,26.121025,28.734213,28.80952,29.808508,34.626762,31.526161,36.82606,35.331226,35.35882,35.84713,34.404755,30.593742,31.218863,27.192755,26.740297,25.834936,24.928076,26.969543,27.00077,31.651722,30.189384,33.845486,33.700787,30.388016,33.146374,28.937105,30.884386,30.631502,31.832825,35.313255,32.92208,34.256508,38.093563,33.008392,37.1583,37.591103,37.596493
