,0,1,2,3,4,5,6,7,8,9,10,11,12,13,14,15,16,17,18,19,20,21,22,23,24,25,26,27,28,29,30,31,32,33,34,35,36,37,38,39,40,41,42,43,44,45,46,47,48,49,50,51,52,53,54,55,56,57,58,59,60,61,62,63,64,65,66,67,68,69,70,71,72,73,74,75,76,77,78,79,80,81,82,83,84,85,86,87,88,89,90,91,92,93,94,95,96,97,98,99,100,101,102,103,104,105,106,107,108,109
0,0.0,4.216537,6.37069,9.647843,12.050768,14.74064,17.545437,22.137127,24.928177,27.098642,31.787382,30.218508,28.637283,27.638023,22.808168,21.953272,17.50657,17.45548,14.828512,13.95668,15.764853,12.669763,18.37554,21.19627,22.383709,25.082886,26.155827,27.119146,24.412357,26.090832,26.212446,27.702307,32.866474,31.076004,36.087746,36.157337,39.313095,39.996574,36.0862,32.574596,36.438644,32.147606,31.78703,31.200565,30.141716,30.288712,27.514278,29.527874,26.58307,29.18607,26.69351,29.767908,30.692087,30.056528,25.140514,27.524858,25.701708,29.409765,29.207325,30.491621,28.342813,34.6758,33.16809,36.82522,39.36156,39.781044,38.249763,37.544468,42.583866,41.638428,36.948006,39.2217,35.138416,39.419132,34.51062,33.12606,33.89307,31.298931,31.719915,33.42744,30.427238,27.343336,25.676088,22.900997,22.696106,19.613277,19.450472,16.674105,15.711603,17.368189,15.595454,18.365995,12.074499,16.597229,17.332962,18.884636,17.775774,21.717327,22.293646,26.31966,28.225615,32.66814,36.861767,34.43577,31.435574,29.289652,24.576738,24.810396,20.432379,21.36959
1,4.216537,0.0,5.247536,6.6066294,8.664405,12.331398,14.125126,19.491907,21.689693,24.232376,28.541786,27.266762,26.11997,24.864918,20.28861,18.739271,14.5842,13.800839,11.423476,9.835864,11.913324,9.283077,15.02816,17.805893,19.087914,21.41469,22.402315,23.090267,20.28336,21.878897,22.13304,23.626165,29.055067,27.468512,32.434273,32.742493,35.787533,36.2542,32.340668,28.73488,32.44213,28.009365,27.66816,26.9881,26.028666,26.18358,23.558683,25.727425,23.01397,25.844233,23.633778,27.003244,28.235544,27.910036,22.839533,25.311457,22.876299,26.576948,26.598616,27.373245,24.908022,31.163044,29.376234,32.93374,35.375637,35.728046,34.119408,33.357594,38.380817,37.447803,32.766018,35.07103,30.997375,35.435833,30.583447,29.358023,30.31002,27.793633,28.503908,30.30034,27.611076,24.310516,22.657715,19.658493,18.9735,16.042437,15.381452,12.536583,11.595693,13.571948,12.270524,15.368503,9.764584,14.493226,16.563068,17.023449,15.238939,19.210976,18.938854,23.333738,24.706734,29.325373,33.70969,31.402359,28.313927,26.803146,21.679737,22.543106,18.323032,19.849846
2,6.37069,5.247536,0.0,5.2278028,6.828544,8.726542,11.975929,15.880441,19.01913,20.886826,25.804684,24.21038,22.491959,21.80998,16.904278,16.637543,12.499081,12.783582,11.855427,11.580176,14.895686,13.564045,19.161522,21.903664,23.123522,24.828005,25.036451,25.403662,21.162079,22.783718,21.916876,23.711365,27.74106,26.17796,30.950926,30.84488,34.335445,35.18883,31.614822,28.421913,31.938374,28.370857,27.52201,27.951096,26.163862,27.432909,24.779705,27.582249,24.997292,27.927444,26.333048,29.167362,31.062632,30.041618,24.858658,26.615807,23.821373,27.200405,26.325518,27.190325,25.069778,31.001053,29.217733,33.125534,34.997803,36.267864,35.06695,33.932793,39.02829,38.819744,34.40271,36.75564,32.56251,37.125862,31.791813,31.244884,31.699112,28.77722,29.312422,30.53079,27.82508,24.999025,22.199364,19.906122,19.417767,17.574675,16.131582,15.05529,13.653058,16.064335,14.535247,16.649652,10.516486,13.449806,14.895198,14.430724,12.703531,16.57025,17.339582,21.328402,23.111704,27.637165,31.834234,28.893528,25.876558,23.644453,18.76311,18.761902,14.45652,15.205779
3,9.647843,6.6066294,5.2278028,0.0,3.8123863,6.2061987,8.700964,13.598801,15.784106,18.596592,22.70741,20.923164,19.759905,18.321041,13.782252,12.320391,8.043807,8.017811,6.7099524,7.3390474,10.924882,11.041515,16.111063,18.970764,20.937637,22.106192,22.666464,22.18718,17.884314,18.661434,18.166267,19.021912,23.543892,21.513704,26.514013,26.510035,29.724428,30.51467,26.73511,23.44496,27.346857,23.73053,23.34278,23.920288,22.61335,24.187008,22.171326,25.277369,23.325834,26.62736,25.42199,28.840252,30.92842,30.599031,25.378115,27.358381,23.769491,27.066513,26.59425,26.51825,23.799482,29.408419,26.886644,30.530846,31.840998,33.133698,31.623377,30.074974,35.0225,34.84178,30.290497,32.263344,27.942736,32.211994,26.717806,26.24245,26.535086,23.569908,24.158684,25.406952,22.858213,19.932135,17.184546,14.743706,14.215049,12.556319,11.325613,11.411087,10.950974,14.220046,13.973535,16.605383,12.090503,14.980074,17.979504,15.949273,13.01203,16.69279,15.808461,20.527119,20.957287,25.974154,30.554789,27.52179,24.315483,23.2522,17.481379,18.374598,14.587891,15.629244
4,12.050768,8.664405,6.828544,3.8123863,0.0,5.31063,5.507706,11.147164,13.041761,15.680255,19.884724,18.808826,17.949152,16.825222,12.531593,10.951323,7.8823113,6.5285754,7.9945116,7.1343174,11.418112,12.203752,16.66261,19.017672,20.347288,20.948288,20.682417,20.227888,15.1155205,16.399565,15.212458,17.074682,21.056526,19.912823,24.538393,24.788858,28.199383,28.748964,25.283344,22.069077,25.200977,21.730885,20.72546,21.535894,19.615904,21.50523,19.309717,22.681807,20.796741,24.109055,23.377766,26.466255,29.018906,28.422926,23.213892,24.825026,20.87234,23.948462,23.2532,23.005001,20.363478,25.830635,23.387419,27.176317,28.532957,30.045599,28.825293,27.369637,32.425964,32.53135,28.26749,30.622976,26.43949,31.258375,25.898579,25.969559,26.547466,23.679869,24.702682,25.841946,23.826265,20.863085,17.710873,15.375086,13.896224,13.247559,10.134622,10.612659,9.258457,12.439968,12.159141,14.121576,10.448353,12.260341,15.920343,12.920068,9.582887,13.1218815,12.0035515,16.73477,17.233356,22.189583,26.7512,23.80652,20.604305,19.681973,13.867278,15.156188,11.509018,13.35764
5,14.74064,12.331398,8.726542,6.2061987,5.31063,0.0,5.941498,7.858609,11.093889,13.240104,17.825878,15.608534,13.912611,13.090846,8.206623,8.619735,5.4167995,7.1739902,9.359922,11.157108,15.245843,16.59048,20.968863,23.516306,25.29622,25.612013,25.27271,24.270649,18.471611,19.017714,17.045046,18.098934,20.377035,18.493616,23.046198,22.554321,26.306658,27.523216,24.326881,21.729837,25.143373,22.887152,21.852789,23.97272,21.717422,24.77581,23.027523,26.817337,25.306128,28.66718,28.327652,31.201483,34.03118,33.186172,28.00893,29.22463,25.09415,27.818827,26.498016,26.100376,23.699541,28.492046,25.784945,29.644688,29.97251,32.441387,31.42911,29.346056,34.204975,34.99279,30.931313,32.871872,28.565842,32.89069,27.007343,27.56564,27.28998,23.986763,24.493587,24.912403,22.723642,20.539183,16.296606,15.096883,14.576186,14.953852,12.513668,14.985064,14.177862,17.511019,17.338625,18.854095,15.014988,15.681862,18.521172,14.680258,11.439764,14.256021,13.90526,18.030573,18.265394,23.15363,27.521496,23.679548,20.569818,19.245663,13.531975,13.701581,10.543544,10.5812025
6,17.545437,14.125126,11.975929,8.700964,5.507706,5.941498,0.0,6.9737515,7.663622,10.671121,14.433521,13.822681,13.591246,12.517763,9.143356,7.199778,6.887076,4.734594,9.708788,9.397904,13.539821,15.81345,19.017122,20.86268,22.084633,21.586508,20.547018,19.295088,12.902892,13.73249,11.261975,13.431331,15.940872,15.439209,19.596418,19.93607,23.561026,24.050259,21.034605,18.21282,20.629904,18.030762,16.447325,18.477385,15.857933,19.09441,17.46175,21.484774,20.387575,23.811659,24.092096,26.90073,30.11883,29.49975,24.504612,25.564611,20.850012,23.28011,22.257189,21.119347,18.411476,22.915455,19.94679,23.73073,24.167515,26.511475,25.591078,23.638815,28.596903,29.456213,25.638237,27.976273,23.888147,28.875004,23.408564,24.458439,24.84578,21.940968,23.25187,23.913923,22.622328,20.023148,16.10244,14.480918,12.310383,13.664318,9.015018,11.971,10.773543,13.88797,14.3869705,15.409385,13.775116,13.687997,17.950235,13.068634,9.063024,11.262795,8.893738,13.608818,12.875528,18.044529,22.709545,19.37689,16.116024,16.145058,9.802932,11.885868,9.548309,11.711647
7,22.137127,19.491907,15.880441,13.598801,11.147164,7.858609,6.9737515,0.0,5.0277224,5.516097,10.625782,8.992994,7.4894547,8.136397,5.177847,7.5999074,9.203573,9.998376,14.837039,16.071377,20.11016,22.488184,25.793406,27.685947,28.960243,28.16418,26.677305,25.15076,18.168718,18.558363,14.880302,16.63751,15.545566,15.068475,18.237432,17.602962,21.91563,23.17982,21.115396,19.513538,21.34041,20.840527,18.737413,22.504232,19.108852,23.71003,22.44767,26.763916,25.99449,29.23298,30.059748,32.240322,35.887615,34.69027,29.861128,30.197346,25.459135,27.244532,25.224627,24.074038,22.089634,25.372543,22.488476,26.329695,25.448254,29.23057,28.937466,26.419874,30.992928,32.936638,29.76353,31.820658,27.88246,32.45201,26.69961,28.579266,28.138836,24.926828,25.79574,25.471062,24.35942,22.814947,17.722635,17.65219,16.347647,18.818037,14.82659,18.826244,17.69338,20.600601,20.775446,21.019161,19.112394,17.533258,20.641838,14.8517065,11.615551,12.194031,11.647798,14.370932,13.716303,18.055197,22.028316,17.434246,14.564408,13.825115,8.4795685,8.538446,8.120132,7.9627914
8,24.928177,21.689693,19.01913,15.784106,13.041761,11.093889,7.663622,5.0277224,0.0,4.639988,6.923471,6.6514125,7.7185335,7.1493936,7.061867,6.564273,10.327642,9.677958,15.175813,15.972931,19.495445,22.673016,24.913225,26.363005,27.634691,26.147068,24.492956,22.341978,15.337056,15.0382185,11.051999,12.511596,10.559151,10.934566,13.714692,13.690304,17.847422,18.642525,16.754515,15.258991,16.41482,16.301136,14.022908,18.378479,15.017803,20.205402,19.668901,24.124119,24.082035,27.369587,28.728992,31.05885,34.866444,34.15805,29.57344,29.94345,24.764042,26.229347,24.6743,22.591734,20.224836,22.734816,19.203367,22.646223,21.089575,25.04471,24.690052,21.83165,26.216854,28.425295,25.509876,27.439445,23.682838,28.27981,22.764282,25.18259,24.89408,21.968395,23.278345,22.93662,22.606295,21.036642,16.22446,16.236135,14.173679,17.611177,13.049114,17.860964,17.138128,19.900839,20.875305,21.067537,20.695833,19.154667,23.17457,17.068144,13.483752,13.487533,10.872778,13.732788,11.044832,15.628966,19.892742,15.62411,12.681534,14.149592,8.568456,10.666593,11.293901,12.397297
9,27.098642,24.232376,20.886826,18.596592,15.680255,13.240104,10.671121,5.516097,4.639988,0.0,6.0665913,6.834941,6.955511,8.723075,8.962875,10.668366,13.864357,13.738611,19.165792,19.783073,23.578419,26.370089,28.943035,30.330334,31.166014,29.680704,27.458263,25.702435,18.434607,18.80774,14.268718,16.659689,13.040285,14.3994255,15.9342985,15.565536,19.99685,20.95463,19.939514,19.087538,19.249052,19.976196,17.050697,21.67689,17.58886,22.962185,22.097258,26.520294,26.312891,29.316132,30.918924,32.579372,36.669586,35.33646,30.911987,30.690903,25.70013,26.736643,24.4263,22.662275,21.052284,22.965824,20.069864,23.700485,21.971329,26.60705,26.900877,24.250307,28.48624,31.193293,28.803617,31.000233,27.52563,32.274036,26.96751,29.63316,29.317776,26.414654,27.643667,27.031748,26.739262,25.44629,20.39689,20.694077,18.804293,22.119091,17.42737,21.71601,20.427576,22.843119,23.252258,22.739548,22.25126,19.63487,22.91622,16.476362,13.644807,12.585992,11.59761,12.725805,11.090659,14.508676,18.00903,13.033875,10.527373,11.0247135,7.029151,7.727265,9.96092,10.440092
10,31.787382,28.541786,25.804684,22.70741,19.884724,17.825878,14.433521,10.625782,6.923471,6.0665913,0.0,5.406003,8.511074,9.166713,12.0927,12.354446,16.80516,16.23024,21.6427,22.356636,25.50414,29.019575,30.569635,31.576307,32.575687,30.395159,28.150106,25.632048,18.806591,18.11467,13.671857,14.914144,8.581804,11.210591,10.90086,10.878965,15.079336,15.742328,15.702477,15.810607,14.6772,17.05251,14.126536,19.749693,15.989401,22.037579,22.272709,26.676928,27.396603,30.352783,32.53561,34.31531,38.517548,37.717037,33.628532,33.419357,28.104774,28.700352,26.859379,24.11169,22.260456,22.792225,19.203897,21.996529,18.716837,23.986032,24.346813,21.06467,24.600594,27.998884,26.230824,27.943335,24.881884,29.15333,24.241096,27.664736,27.169203,24.627237,26.071169,25.102331,25.743471,24.87682,20.151806,20.989382,18.887615,23.093723,18.572947,23.616556,22.933943,25.234324,26.40459,25.951803,26.620651,24.210787,28.071196,21.557333,18.557465,17.22106,14.732665,15.593399,11.8,14.552048,17.7785,13.257179,11.350243,14.429034,11.346408,13.162772,15.741281,16.495575
11,30.218508,27.266762,24.21038,20.923164,18.808826,15.608534,13.822681,8.992994,6.6514125,6.834941,5.406003,0.0,4.0402575,4.1416864,8.229813,9.683364,13.996774,14.816053,19.596025,21.580393,24.765017,28.260998,30.300283,31.84152,33.556747,31.842262,30.370375,27.706682,21.021296,19.788883,16.035984,15.720657,10.713001,10.063259,11.246758,9.716487,14.279019,16.122776,15.338164,15.48606,16.428574,18.616703,16.821106,22.268698,19.285624,25.072613,25.264997,29.727566,30.162516,33.40106,35.040253,37.320538,41.232777,40.563473,36.095184,36.29267,31.060246,32.19597,30.40695,28.067211,25.938177,27.36792,23.64518,26.555412,23.468863,28.320972,28.145779,24.59361,28.138168,31.15779,28.765612,29.901875,26.366407,29.897787,24.279497,27.320251,26.063396,23.032415,23.797592,22.442202,22.536745,22.168167,16.896132,18.406183,17.36537,21.470577,18.08099,23.647505,23.435373,26.336876,27.480917,27.702393,27.159176,25.473671,29.049112,22.81222,19.569077,19.113705,17.114029,18.9495,15.842785,19.346144,22.801136,18.006094,15.850673,17.560127,13.60306,14.418004,16.134563,15.676678
12,28.637283,26.11997,22.491959,19.759905,17.949152,13.912611,13.591246,7.4894547,7.7185335,6.955511,8.511074,4.0402575,0.0,3.9508634,6.2976766,9.935282,13.182248,14.977035,19.393764,21.793169,25.31295,28.356506,31.101645,32.974903,34.75365,33.48892,32.13931,29.836222,22.988346,22.186348,18.46307,18.489153,14.538246,13.243497,15.094521,13.213295,17.700289,19.875355,18.792408,18.66171,20.265102,21.906942,20.171097,25.248497,22.143139,27.660511,27.353016,31.817965,31.776005,35.03719,36.331707,38.553635,42.379925,41.391033,36.73092,36.915386,31.926464,33.284927,31.175163,29.411442,27.48277,29.48192,26.118458,29.392933,26.825567,31.566761,31.406258,28.07288,31.85981,34.660797,32.002407,33.258656,29.51534,33.078625,27.203695,29.826925,28.432848,25.135067,25.537493,24.179451,23.609194,23.296572,17.714085,19.22883,18.73568,22.269123,19.214357,24.446829,24.025497,27.08253,27.771349,28.055624,26.558565,24.878035,27.839323,21.845188,18.856367,18.674204,17.768023,19.591166,17.612545,21.169147,24.52228,19.402508,17.21508,17.504786,13.68455,13.299783,14.661956,13.153306
13,27.638023,24.864918,21.80998,18.321041,16.825222,13.090846,12.517763,8.136397,7.1493936,8.723075,9.166713,4.1416864,3.9508634,0.0,5.091444,7.092441,10.881853,12.6908,16.75916,19.569603,22.700468,26.078527,28.458963,30.373405,32.558212,31.265392,30.405355,27.754004,21.33753,19.880358,16.795889,15.662876,12.676342,10.033318,12.872836,11.017292,15.274088,17.491608,15.7354555,15.338157,17.878788,19.196636,18.1619,23.067503,20.66404,25.99932,26.053722,30.465658,30.625616,34.04647,35.200867,37.892197,41.501266,41.006023,36.28401,36.87314,31.75671,33.352432,31.76717,29.724274,27.316267,29.561478,25.76169,28.80294,26.210077,30.504246,29.881445,26.340065,30.07276,32.556725,29.587008,30.473072,26.573523,29.762547,23.716066,26.199776,24.6194,21.26263,21.591557,20.260826,19.706694,19.405252,13.849698,15.54131,15.2633095,18.995275,16.501251,22.165085,22.304071,25.571022,26.70608,27.49,26.141268,25.20381,28.683176,22.874552,19.430504,19.794067,17.909506,20.604048,17.919928,22.068043,25.898481,21.160524,18.674171,19.71968,14.950731,15.504378,16.158875,15.24931
14,22.808168,20.28861,16.904278,13.782252,12.531593,8.206623,9.143356,5.177847,7.061867,8.962875,12.0927,8.229813,6.2976766,5.091444,0.0,5.3490725,7.074554,9.72693,13.475749,16.365732,19.930468,22.677748,25.869162,28.1056,30.230034,29.541666,28.870396,26.788607,20.352669,19.618717,16.766737,16.475386,15.678401,13.164345,16.996197,15.653049,19.73809,21.63675,19.184166,17.798153,20.918287,20.767,19.695187,23.672588,21.199348,25.850872,25.182428,29.48386,28.991636,32.44425,33.05645,35.808273,39.180508,38.480976,33.535282,34.308388,29.508219,31.527197,29.901552,28.506771,26.11839,29.382868,25.970182,29.45715,27.968794,31.681347,30.92423,27.88546,32.14948,34.017963,30.555494,31.85227,27.686209,31.331205,25.15898,26.885303,25.679966,22.174862,22.449852,21.733538,20.313768,19.341932,13.869957,14.622814,14.470711,17.124886,14.674591,19.563448,19.398855,22.799377,23.455751,24.46826,22.141321,21.602198,24.741512,19.44611,16.040148,17.174685,16.007812,19.259077,17.755482,22.335918,26.428232,21.784115,18.96933,18.825045,13.486518,13.579548,12.946991,11.834879
15,21.953272,18.739271,16.637543,12.320391,10.951323,8.619735,7.199778,7.5999074,6.564273,10.668366,12.354446,9.683364,9.935282,7.092441,5.3490725,0.0,4.91091,5.7341633,9.925106,12.543127,15.619548,19.023579,21.42288,23.468166,25.826841,24.899113,24.60205,22.127613,16.208385,14.824659,12.785001,11.569606,12.845151,9.934536,14.723363,14.273425,17.772766,19.017385,15.798404,13.559784,17.281672,16.094816,15.625381,19.043653,17.334742,21.59018,21.327862,25.51622,25.349392,28.933462,29.52635,32.75842,35.933758,35.87946,31.005352,32.199306,27.203854,29.371582,28.501698,26.618658,23.657904,27.07795,23.22202,26.376749,25.115156,28.109968,26.86602,23.811354,28.117584,29.498165,25.717495,26.883055,22.604692,26.296595,20.156588,21.70858,20.850554,17.489044,18.221733,18.063726,16.928505,15.255227,10.280159,10.23368,9.286071,12.385666,9.722779,15.248674,15.715605,19.215767,20.604084,22.075647,20.655972,20.880322,24.95803,19.834494,15.920904,17.416193,14.604582,18.767136,16.261547,21.36357,25.945614,22.020615,18.951803,20.05694,13.937069,15.632267,14.631426,15.088389
16,17.50657,14.5842,12.499081,8.043807,7.8823113,5.4167995,6.887076,9.203573,10.327642,13.864357,16.80516,13.996774,13.182248,10.881853,7.074554,4.91091,0.0,4.53154,6.453406,10.064702,13.363983,15.959451,19.347599,21.92411,24.526972,24.434067,24.722998,22.819424,17.490625,16.672346,15.436207,14.575596,17.498653,14.395178,19.468256,18.95768,22.236526,23.521938,19.913801,17.230673,21.540182,19.34934,19.214418,21.529612,20.168829,23.442839,22.592222,26.457762,25.644838,29.23418,29.09554,32.553104,35.292187,35.206535,30.115952,31.675507,27.133083,29.803833,29.052164,27.840431,24.883423,29.233753,25.765686,29.13828,28.758892,31.127773,29.663204,27.051926,31.588032,32.324715,28.087587,29.349651,24.903471,28.534184,22.398031,22.967823,22.241158,18.804235,19.155762,19.496645,17.373955,15.275122,10.891847,9.887577,9.861024,10.930892,9.549625,13.752034,14.269599,18.003378,18.94932,21.012573,18.285637,19.5066,23.144396,19.005617,15.274854,17.747492,15.728253,20.317291,18.945318,24.180899,28.837051,25.056562,21.871506,21.960674,15.747077,16.88118,14.623456,14.836793
17,17.45548,13.800839,12.783582,8.017811,6.5285754,7.1739902,4.734594,9.998376,9.677958,13.738611,16.23024,14.816053,14.977035,12.6908,9.72693,5.7341633,4.53154,0.0,5.6929812,6.8874826,10.393491,13.487565,16.23982,18.398844,20.612682,20.198372,20.249384,18.34741,13.025892,12.4599,11.52624,11.406701,15.681984,13.713194,18.657068,18.999958,22.054756,22.589048,18.89908,15.6651945,19.371006,16.22435,15.893092,17.498049,16.217714,19.045618,18.131649,21.94546,21.226303,24.845615,24.837362,28.38819,31.170862,31.326723,26.343943,28.001194,23.29495,25.957438,25.632322,24.136322,20.919342,25.396648,21.886253,25.163408,25.307484,27.145046,25.579674,23.293945,28.02467,28.446695,24.152863,25.831194,21.46679,25.779936,20.035934,20.61185,20.740473,17.727806,18.872793,19.790209,18.280588,15.451306,11.980817,9.888077,7.9548855,9.110078,5.564405,9.872453,10.285525,13.961515,15.357936,17.4124,15.851923,17.147411,21.572073,17.371634,13.401922,15.846007,12.71669,17.729788,15.994675,21.36489,26.219574,23.07961,19.80803,20.60093,14.173591,16.416174,14.180369,15.774263
18,14.828512,11.423476,11.855427,6.7099524,7.9945116,9.359922,9.708788,14.837039,15.175813,19.165792,21.6427,19.596025,19.393764,16.75916,13.475749,9.925106,6.453406,5.6929812,0.0,5.4334235,7.512754,10.082195,13.353353,16.264917,19.45329,19.977177,21.402012,19.703749,16.176083,15.260321,15.928725,14.603202,20.292526,17.257444,22.617996,22.803745,25.293701,25.947483,21.713223,18.192377,22.98619,19.143995,19.90018,20.387943,20.298151,21.946941,21.078287,24.239763,23.249102,26.823296,25.9709,30.100368,32.12009,32.784424,27.76434,30.083042,25.91983,29.04651,29.239807,28.106575,24.732586,29.730247,26.320827,29.340364,29.899479,30.949255,28.866175,26.773329,31.321741,30.958427,26.152891,27.32544,22.843245,26.324617,20.647293,19.951494,19.939974,16.958557,17.531858,19.030058,16.618513,13.3875675,11.363051,8.312806,8.086376,6.0962954,6.9666495,9.202453,10.914426,14.654587,16.102974,19.215868,16.692421,19.60861,23.615175,20.739298,17.121237,20.243896,17.521101,22.694431,21.328201,26.686464,31.57858,28.65249,25.369087,25.844555,19.492388,21.364601,18.479849,19.65206
19,13.95668,9.835864,11.580176,7.3390474,7.1343174,11.157108,9.397904,16.071377,15.972931,19.783073,22.356636,21.580393,21.793169,19.569603,16.365732,12.543127,10.064702,6.8874826,5.4334235,0.0,4.367032,6.716056,9.925169,12.376941,14.676501,15.295731,16.422625,15.402549,12.367389,12.629184,13.755297,14.121042,20.643423,19.11859,24.033304,24.920576,27.397943,27.358423,23.307196,19.449091,23.145124,18.35025,18.577902,17.825241,17.663439,18.187426,16.719667,19.506382,18.139778,21.636444,20.580248,24.752163,26.688044,27.447313,22.490067,24.987576,20.96311,24.23514,24.889973,23.87537,20.433191,25.872412,22.878344,25.889914,27.501455,27.78584,25.735577,24.409483,29.227886,28.378517,23.579773,25.542416,21.332598,25.81126,20.912066,20.113121,21.3144,18.990435,20.390896,22.368057,20.597406,16.899258,15.5729265,12.088122,9.998728,7.7794237,5.738893,4.2931943,5.586745,9.250111,10.917274,14.254752,12.721025,16.040358,20.576244,18.19951,14.782048,17.973028,14.831731,20.075314,19.100367,24.244465,29.117662,26.983276,23.737585,24.374075,18.27715,20.79586,17.741903,20.085775
20,15.764853,11.913324,14.895686,10.924882,11.418112,15.245843,13.539821,20.11016,19.495445,23.578419,25.50414,24.765017,25.31295,22.700468,19.930468,15.619548,13.363983,10.393491,7.512754,4.367032,0.0,4.7074924,5.9846225,8.77302,12.157236,13.107446,15.579547,14.356157,13.458019,13.011756,15.582391,14.902884,22.50621,20.708376,25.620802,26.758778,28.626457,28.303984,23.989906,19.908878,23.9165,18.486046,19.587984,17.761696,18.84428,18.306858,17.362818,19.43936,18.375938,21.743017,20.322779,25.045101,26.370556,27.955257,23.315552,26.305895,22.56746,25.890627,27.244713,26.01743,22.342096,27.651537,24.543447,27.003355,28.793447,28.26076,25.713531,24.570877,29.069557,27.502378,22.406084,23.963913,19.86509,23.813189,19.434723,17.73968,19.373068,17.573645,19.065407,21.618814,19.928888,15.903679,16.111725,12.189224,10.293318,6.6356297,7.177983,3.915471,7.2617135,9.960038,12.378182,16.181475,15.437065,19.358622,23.91983,22.074972,18.807833,21.91013,18.349138,23.549934,22.130949,27.161692,32.050797,30.329807,27.13395,28.26769,22.211014,24.9991,22.051065,24.446531
21,12.669763,9.283077,13.564045,11.041515,12.203752,16.59048,15.81345,22.488184,22.673016,26.370089,29.019575,28.260998,28.356506,26.078527,22.677748,19.023579,15.959451,13.487565,10.082195,6.716056,4.7074924,0.0,5.795322,8.896742,11.563858,13.951227,16.62961,16.649902,16.340288,16.890985,19.198418,19.38558,26.76228,25.12959,30.072805,31.105326,33.175335,32.92915,28.649279,24.588467,28.456463,22.94839,23.730583,21.536106,22.331654,21.14288,19.478998,20.958801,19.088858,22.089823,19.808813,24.43487,25.14912,26.590366,21.950693,25.253788,22.341255,25.993841,27.440418,26.983967,23.628317,29.497393,27.026045,29.657919,32.174255,31.31069,28.894978,28.283554,32.880844,31.00245,25.959372,27.808641,23.944384,27.93207,23.914917,21.85292,23.61446,21.9238,23.1644,25.782337,23.70315,19.752356,20.021336,16.165947,14.797531,10.790379,11.434003,6.623545,8.282476,9.999861,11.291999,15.484402,13.7207155,18.612825,22.498133,21.975296,19.319397,22.799925,20.118587,25.117153,24.70138,29.522423,34.258007,32.714905,29.552774,29.94011,24.205067,26.589464,23.112877,25.504204
22,18.37554,15.02816,19.161522,16.111063,16.66261,20.968863,19.017122,25.793406,24.913225,28.943035,30.569635,30.300283,31.101645,28.458963,25.869162,21.42288,19.347599,16.23982,13.353353,9.925169,5.9846225,5.795322,0.0,3.5443974,7.8810678,9.978241,14.040784,13.572746,15.632507,15.462413,19.076092,18.551878,26.73989,25.401178,29.978693,31.516275,32.898754,32.094173,27.799559,23.619957,27.185083,21.104681,22.570684,19.195753,21.259317,18.954334,18.1156,18.822897,17.743631,20.56524,18.42,23.56476,23.883272,26.426296,22.401701,25.970427,23.001469,26.365107,28.623451,27.486149,23.813314,29.108564,26.397673,28.249037,30.857714,29.064524,26.165997,25.827509,29.962507,27.347128,22.205837,23.75759,20.289896,23.945599,20.943714,18.303585,20.898453,20.088587,21.814522,24.906101,23.518063,19.37736,20.908356,16.912024,15.020377,11.195491,12.265117,7.3710127,10.134712,10.801807,13.395435,17.34461,17.704636,22.17094,26.60823,25.756744,22.950579,25.960966,22.281212,27.186964,25.866747,30.469769,35.188553,34.24826,31.19616,32.59111,26.888742,29.947495,26.965471,29.748283
23,21.19627,17.805893,21.903664,18.970764,19.017672,23.516306,20.86268,27.685947,26.363005,30.330334,31.576307,31.84152,32.974903,30.373405,28.1056,23.468166,21.92411,18.398844,16.264917,12.376941,8.77302,8.896742,3.5443974,0.0,5.0836887,6.9915447,11.701051,11.471835,15.106781,15.110809,19.143997,18.955662,27.223516,26.514248,30.687553,32.57486,33.73015,32.52598,28.427256,24.262846,27.164976,20.822563,22.258104,18.066061,20.554173,17.323,16.683443,16.671568,15.886098,18.409811,16.298565,21.57513,21.651573,24.737827,21.17544,24.823797,22.006351,25.153017,27.900326,26.535719,22.848864,27.836899,25.288816,26.706602,29.704193,27.240866,24.229393,24.378721,28.30384,25.229414,20.227474,22.010649,19.01863,22.904957,20.773424,18.149538,21.397102,21.124773,23.240683,26.435095,25.53902,21.396303,23.141205,19.207073,16.814589,13.6181755,13.883586,8.89364,11.199629,10.833148,13.75246,17.30231,18.937618,23.076794,27.707571,26.888288,24.218962,26.90678,22.90098,27.522346,26.01427,30.263752,34.82713,34.420654,31.515142,33.321857,27.900623,31.289108,28.555576,31.700653
24,22.383709,19.087914,23.123522,20.937637,20.347288,25.29622,22.084633,28.960243,27.634691,31.166014,32.575687,33.556747,34.75365,32.558212,30.230034,25.826841,24.526972,20.612682,19.45329,14.676501,12.157236,11.563858,7.8810678,5.0836887,0.0,4.34113,8.402524,10.089821,14.594746,15.927711,19.540161,20.849758,28.613403,28.937044,32.681484,34.83226,36.19403,34.695934,30.971397,26.887625,28.765089,22.396124,23.016727,18.27483,20.227898,15.987734,14.615026,13.56681,12.233873,14.169487,11.58342,16.85391,16.618824,19.967094,16.839737,20.603062,18.344616,21.380892,24.611713,23.506458,20.124218,25.16498,23.381912,24.680098,28.665483,25.609936,22.9408,24.00529,28.015,24.745653,20.258455,22.960777,20.558348,25.277447,23.758251,21.69583,25.324932,25.17173,27.579193,30.642021,29.984747,25.848206,27.04867,23.178894,20.251656,17.656435,16.375824,10.7886505,11.50159,9.438521,11.922798,14.7646055,17.764952,21.511305,26.042305,25.756748,23.628307,25.986895,22.191223,26.223145,25.268478,28.901594,33.1179,33.40726,30.728836,32.461693,27.693598,31.209213,28.576412,32.21089
25,25.082886,21.41469,24.828005,22.106192,20.948288,25.612013,21.586508,28.16418,26.147068,29.680704,30.395159,31.842262,33.48892,31.265392,29.541666,24.899113,24.434067,20.198372,19.977177,15.295731,13.107446,13.951227,9.978241,6.9915447,4.34113,0.0,5.3069396,6.086697,11.930392,12.98883,16.8908,18.253767,25.802675,26.704044,29.947672,32.397663,33.526062,31.693329,28.254576,24.311745,25.486073,19.121775,19.681215,14.476499,16.829473,12.108256,11.432308,10.232116,10.069973,12.227828,10.958304,16.144762,16.704252,20.167822,17.28962,20.569847,17.590878,20.10883,23.467106,21.571812,17.96,22.27452,20.152136,21.00108,24.836765,21.510199,18.701157,19.875303,23.755545,20.435764,16.059944,19.062037,16.937683,22.108578,21.027567,19.523207,23.451603,23.566471,26.349241,29.282946,29.201292,25.17816,26.270727,22.62868,19.197271,17.566448,15.481944,11.023986,11.7861185,9.806556,12.992282,15.117033,19.228197,22.06313,27.072191,25.881002,23.509825,25.35163,20.899046,24.70804,23.00648,26.404741,30.555014,31.118694,28.576263,31.042923,26.407322,30.313614,28.22221,32.034523
26,26.155827,22.402315,25.036451,22.666464,20.682417,25.27271,20.547018,26.677305,24.492956,27.458263,28.150106,30.370375,32.13931,30.405355,28.870396,24.60205,24.722998,20.249384,21.402012,16.422625,15.579547,16.62961,14.040784,11.701051,8.402524,5.3069396,0.0,4.634069,9.403244,11.986818,14.744115,17.83952,24.208328,26.264923,28.918829,31.537785,32.998066,30.996494,28.108328,24.442492,24.436428,18.543074,17.880283,12.870681,13.927705,8.757251,6.992678,5.169958,4.970262,7.427281,7.586407,12.178657,13.992019,16.782528,14.013069,16.62524,13.157287,15.215974,18.68608,16.496103,12.990659,17.14498,15.514509,16.480576,21.070145,17.751745,15.619237,17.42487,21.64305,18.932571,15.350072,19.392618,17.589449,23.70682,22.566519,22.136652,25.940971,25.816715,28.795826,31.335443,31.505472,27.63523,27.791365,24.44224,20.532469,19.879093,16.16563,12.404408,11.720218,9.031779,11.750934,12.3972225,17.961584,19.52584,24.653652,23.095474,21.048819,22.216373,17.766504,20.818064,19.342833,22.078606,25.912249,27.017471,24.739922,27.360859,23.445704,27.515139,25.87497,30.060379
27,27.119146,23.090267,25.403662,22.18718,20.227888,24.270649,19.295088,25.15076,22.341978,25.702435,25.632048,27.706682,29.836222,27.754004,26.788607,22.127613,22.819424,18.34741,19.703749,15.402549,14.356157,16.649902,13.572746,11.471835,10.089821,6.086697,4.634069,0.0,7.3481174,8.258296,11.965784,13.933438,20.670444,22.51972,25.063532,27.797781,28.906847,26.79223,23.845654,20.198637,20.268707,14.185701,14.117789,8.735775,10.999774,6.117807,6.584137,6.6894407,8.424668,11.226979,12.172446,16.469517,18.544903,21.226362,18.274794,20.591394,16.432846,18.23199,21.16081,18.228975,14.325526,17.668243,14.801342,15.463786,18.815414,15.837487,13.06916,13.975649,18.203758,15.60556,11.406155,15.18588,13.035379,19.261927,18.01618,17.895937,21.688908,21.702263,24.83441,27.294823,27.833694,24.1148,24.448284,21.315153,17.274311,17.268885,13.668246,11.414842,11.77676,10.463282,13.93492,15.022674,19.89907,21.349401,26.81852,24.280987,21.601822,22.69198,17.529266,20.980993,18.284384,21.467285,25.605328,26.254915,23.86298,27.175425,22.756826,27.044064,25.733768,29.654457
28,24.412357,20.28336,21.162079,17.884314,15.1155205,18.471611,12.902892,18.168718,15.337056,18.434607,18.806591,21.021296,22.988346,21.33753,20.352669,16.208385,17.490625,13.025892,16.176083,12.367389,13.458019,16.340288,15.632507,15.106781,14.594746,11.930392,9.403244,7.3481174,0.0,4.7656827,5.459057,9.9623995,15.335022,17.641972,20.292051,22.679916,24.710598,23.136007,20.40763,16.986038,16.938776,11.879944,10.0860615,7.880044,6.487162,6.3961806,5.2899303,9.32719,9.92427,13.426647,14.94287,18.229393,21.531128,22.492237,18.591284,20.023762,14.804655,16.601461,17.9556,14.920734,10.88883,14.755802,11.168608,13.62452,15.926714,15.564425,13.94013,13.406804,18.563797,18.098085,14.396517,18.04152,14.9699135,21.46604,18.346334,19.435152,22.043686,20.933641,23.78926,25.513405,25.809624,22.41719,21.049376,18.426105,14.178695,15.440186,9.852478,9.883648,9.035652,9.242555,12.074204,12.47053,16.527956,16.723661,22.375668,18.521622,15.4267,16.17523,10.636367,14.4584675,11.448958,15.489712,20.140663,19.785833,17.089783,20.25491,15.518707,19.858524,18.875944,22.744703
29,26.090832,21.878897,22.783718,18.661434,16.399565,19.017714,13.73249,18.558363,15.0382185,18.80774,18.11467,19.788883,22.186348,19.880358,19.618717,14.824659,16.672346,12.4599,15.260321,12.629184,13.011756,16.890985,15.462413,15.110809,15.927711,12.98883,11.986818,8.258296,4.7656827,0.0,5.051708,5.8902216,12.81697,14.333237,17.134485,19.662643,21.115557,19.430695,16.338074,12.708432,13.30839,7.5854473,7.300913,5.274925,6.3510485,7.544114,8.929688,12.386911,13.86109,17.25902,18.689787,22.388317,25.350494,26.845322,23.041967,24.688206,19.53594,21.235752,22.575449,19.260265,15.277319,18.111927,13.77547,15.405626,16.073122,15.96391,13.621612,11.806733,16.610468,16.219055,11.975558,14.657484,10.996405,17.16325,13.631234,15.033023,17.469694,16.486137,19.49952,21.208569,21.917027,18.676556,17.76128,15.360919,11.024869,13.081514,8.300709,10.381122,11.187548,12.367886,15.671079,16.810926,20.012806,20.676043,26.295578,22.10628,18.58767,19.468346,13.797491,17.813822,13.726397,18.003794,22.698147,21.855925,19.138403,22.850975,17.649427,21.916092,21.15833,24.453857
30,26.212446,22.13304,21.916876,18.166267,15.212458,17.045046,11.261975,14.880302,11.051999,14.268718,13.671857,16.035984,18.46307,16.795889,16.766737,12.785001,15.436207,11.52624,15.928725,13.755297,15.582391,19.198418,19.076092,19.143997,19.540161,16.8908,14.744115,11.965784,5.459057,5.051708,0.0,6.5575185,10.002759,12.816827,15.106734,17.433155,19.732782,18.373726,15.982109,13.049559,12.609697,8.995406,6.1704717,7.8369703,4.754787,9.249436,9.613391,13.945918,15.000569,18.304577,20.221212,23.05267,26.686302,27.207762,23.245796,24.146341,18.674473,19.991884,20.325256,16.959312,13.379578,15.831219,11.398337,14.009791,14.0044155,15.700773,14.518468,12.389795,17.42728,18.424538,15.211676,18.117363,14.774018,20.814224,16.843616,19.044048,20.714962,19.154234,21.849401,22.865816,23.489857,20.699726,18.385344,16.658907,12.530759,15.410557,9.608695,12.677962,12.276848,13.700269,16.131,16.350508,19.265,18.64655,24.100163,19.044428,15.528781,15.693555,9.987266,13.582222,8.990766,13.580272,18.407854,17.00852,14.216848,18.086025,13.065372,17.437372,17.324297,20.636677
31,27.702307,23.626165,23.711365,19.021912,17.074682,18.098934,13.431331,16.63751,12.511596,16.659689,14.914144,15.720657,18.489153,15.662876,16.475386,11.569606,14.575596,11.406701,14.603202,14.121042,14.902884,19.38558,18.551878,18.955662,20.849758,18.253767,17.83952,13.933438,9.9623995,5.8902216,6.5575185,0.0,8.511051,8.619535,11.848097,14.15999,15.504727,14.242308,10.753518,7.075344,9.104274,4.8291073,5.95409,8.308297,8.958102,12.614229,14.412464,18.10114,19.629068,23.030735,24.503235,28.09807,31.178272,32.43528,28.423298,29.873024,24.552313,26.138853,26.781029,23.409817,19.699114,21.816513,17.058874,18.65396,17.216482,18.716486,16.601387,13.259503,17.323578,18.135946,14.302549,15.413853,11.325692,16.016172,10.9794655,13.52971,14.477951,12.820903,15.5766945,16.535421,17.624735,15.093166,13.446766,12.129025,8.228335,12.19575,8.472037,13.409976,14.783168,17.001247,20.027536,21.33607,23.30647,23.742378,29.119635,24.191471,20.315727,21.075575,15.713254,19.667551,14.883922,19.40703,24.066442,22.158289,19.428593,23.310133,17.802422,21.645502,21.376377,23.779446
32,32.866474,29.055067,27.74106,23.543892,21.056526,20.377035,15.940872,15.545566,10.559151,13.040285,8.581804,10.713001,14.538246,12.676342,15.678401,12.845151,17.498653,15.681984,20.292526,20.643423,22.50621,26.76228,26.73989,27.223516,28.613403,25.802675,24.208328,20.670444,15.335022,12.81697,10.002759,8.511051,0.0,6.2612386,5.4581604,8.132892,10.4376335,9.406128,8.628193,8.386574,6.235501,9.079983,7.188552,13.237018,11.303768,17.147743,18.883505,22.951649,24.679434,27.743574,30.056768,32.624935,36.43548,36.842995,33.013493,33.496017,27.959484,28.689089,28.222742,24.563652,21.727505,22.005295,17.315922,18.88783,14.994506,19.188166,18.531918,14.456081,17.602901,20.719305,18.793468,19.783514,16.842333,20.727695,16.238108,20.13578,19.95943,18.129702,20.23423,19.673622,21.341604,20.22385,16.961802,17.461075,14.705797,19.387808,15.419025,20.772583,21.175388,23.323195,25.641768,25.887846,27.758823,26.581932,31.471302,25.455929,21.886286,21.322002,16.759125,18.961502,13.484789,16.810402,20.650637,17.924425,15.856951,20.479368,16.301098,19.618471,21.046148,22.753342
33,31.076004,27.468512,26.17796,21.513704,19.912823,18.493616,15.439209,15.068475,10.934566,14.3994255,11.210591,10.063259,13.243497,10.033318,13.164345,9.934536,14.395178,13.713194,17.257444,19.11859,20.708376,25.12959,25.401178,26.514248,28.937044,26.704044,26.264923,22.51972,17.641972,14.333237,12.816827,8.619535,6.2612386,0.0,5.5038886,6.1201673,8.38958,9.130537,6.100094,5.508895,8.720647,10.551194,11.107351,16.059273,15.445188,20.524921,22.144514,26.175518,27.53798,30.930746,32.53112,35.770317,39.162086,39.8385,35.588093,36.612526,31.170115,32.545628,32.18974,28.976507,25.821999,27.206831,22.492348,24.273197,20.917246,24.371588,23.004358,18.841751,21.831596,24.144169,21.296665,21.290985,17.648224,20.171366,14.466168,17.833725,16.437159,13.8453045,15.195364,14.153582,15.508235,14.937804,11.280474,12.682216,11.179064,16.08506,13.896455,20.052135,21.26889,24.139044,26.564276,27.692205,28.332157,28.112078,32.84795,27.150377,23.258657,23.60614,19.387148,22.610352,17.831093,21.987684,26.139328,22.831455,20.399685,23.92394,18.80943,21.478445,22.099417,22.983774
34,36.087746,32.434273,30.950926,26.514013,24.538393,23.046198,19.596418,18.237432,13.714692,15.9342985,10.90086,11.246758,15.094521,12.872836,16.996197,14.723363,19.468256,18.657068,22.617996,24.033304,25.620802,30.072805,29.978693,30.687553,32.681484,29.947672,28.918829,25.063532,20.292051,17.134485,15.106734,11.848097,5.4581604,5.5038886,0.0,3.612225,5.0303583,5.038125,5.5259547,7.859555,6.8387628,11.8169155,11.641768,17.342525,16.393934,21.91629,24.013208,27.942827,29.814518,32.92308,35.129715,37.91295,41.597412,42.182785,38.292168,38.893097,33.360397,34.14563,33.631447,29.993256,27.183575,27.250353,22.553858,23.729969,19.092463,23.349833,22.52589,18.06266,20.106113,23.468792,21.77522,21.59796,18.838636,21.041206,16.435322,20.630945,19.335012,17.466896,18.958752,17.506357,19.695248,19.644342,16.41673,18.04606,16.382706,21.30306,18.670296,24.546825,25.464231,27.93709,30.366392,30.943922,32.292065,31.369225,36.08747,30.01421,26.37229,25.955286,21.769522,23.97015,18.686441,21.753023,25.203266,22.136385,20.343388,24.65801,20.630121,23.306011,24.85014,25.756435
35,36.157337,32.742493,30.84488,26.510035,24.788858,22.554321,19.93607,17.602962,13.690304,15.565536,10.878965,9.716487,13.213295,11.017292,15.653049,14.273425,18.95768,18.999958,22.803745,24.920576,26.758778,31.105326,31.516275,32.57486,34.83226,32.397663,31.537785,27.797781,22.679916,19.662643,17.433155,14.15999,8.132892,6.1201673,3.612225,0.0,4.568021,6.9772024,7.365729,9.85832,10.371852,14.8998785,14.803782,20.4902,19.330887,24.945856,26.726305,30.805054,32.384014,35.59898,37.60697,40.42086,44.11259,44.490566,40.385212,40.977352,35.47216,36.40503,35.58091,32.22895,29.526281,29.895481,25.33505,26.845434,22.290657,26.774023,26.017994,21.604748,23.715431,27.03973,25.167913,24.867342,21.90208,23.71669,18.701895,22.603891,20.705679,18.409597,19.280396,17.30272,19.124672,19.633757,15.804182,18.082973,17.17541,22.040184,19.874926,26.007181,26.92812,29.699297,31.910065,32.59921,33.251858,32.327015,36.737083,30.613253,26.991716,26.67807,23.044075,25.256325,20.41746,23.603315,26.98101,23.337774,21.53518,25.203274,21.188469,23.239563,24.808647,25.05739
36,39.313095,35.787533,34.335445,29.724428,28.199383,26.306658,23.561026,21.91563,17.847422,19.99685,15.079336,14.279019,17.700289,15.274088,19.73809,17.772766,22.236526,22.054756,25.293701,27.397943,28.626457,33.175335,32.898754,33.73015,36.19403,33.526062,32.998066,28.906847,24.710598,21.115557,19.732782,15.504727,10.4376335,8.38958,5.0303583,4.568021,0.0,3.8914297,5.707519,9.599761,9.829239,15.047594,15.935642,21.152235,20.9644,26.13488,28.520197,32.29044,34.2955,37.43469,39.528816,42.540684,46.067097,46.888317,42.96968,43.732513,38.209034,39.07325,38.6433,34.98717,32.113575,32.108257,27.364134,28.228418,23.274027,27.305387,26.260479,21.643173,22.856731,26.15708,24.606054,23.476185,20.968891,21.601711,17.220142,21.384083,19.173222,17.482388,18.328135,16.121069,18.813362,19.764408,17.025902,19.434433,18.700104,23.51366,22.033382,28.079657,29.427372,32.08031,34.647533,35.5254,36.566822,35.952877,40.602543,34.58503,30.878231,30.645683,26.593369,28.909306,23.70231,26.696978,29.966621,26.819971,25.158388,29.282743,25.272167,27.605629,29.086157,29.508963
