,0,1,2,3,4,5,6,7,8,9,10,11,12,13,14,15,16,17,18,19,20,21,22,23,24,25,26,27,28,29,30,31,32,33,34,35,36,37,38,39,40,41,42,43,44,45,46,47,48,49,50,51,52,53,54,55,56,57,58,59,60,61,62,63,64,65,66,67,68,69,70,71,72,73,74,75,76,77,78,79,80,81,82,83,84,85,86,87,88,89,90,91,92,93,94,95,96,97,98,99,100,101,102,103,104,105,106,107,108,109,110,111,112
0,0.0,4.2422256,7.413546,10.987672,13.682759,16.347132,18.296528,22.35175,25.12341,28.66675,33.103294,33.727142,37.543186,38.26167,36.558575,32.42876,33.524895,28.452951,29.729063,25.609148,26.06241,27.23724,24.272749,22.593966,17.811089,15.4944515,17.808897,22.08984,23.995216,27.536861,28.40611,35.5845,36.429718,41.11097,41.92257,45.57051,49.126896,45.266815,44.476475,41.710842,38.914722,35.527626,31.598362,30.10812,26.055273,26.178469,25.612387,31.5354,33.804333,32.272957,36.83063,38.97702,42.452766,42.28714,39.49163,40.549908,40.004677,35.097702,37.902176,33.491753,31.375204,31.567787,28.857994,29.861116,24.611908,26.79078,23.21986,24.823563,22.785109,26.009035,24.469692,26.860306,28.887499,29.631308,32.913544,34.53814,38.292603,38.18589,40.20391,41.519917,36.668476,36.786217,31.594961,28.609644,25.679176,23.127337,22.83955,20.396406,20.969471,20.064032,23.951874,22.524479,20.616821,25.158283,27.917278,25.848183,25.812332,28.029774,30.319801,28.757235,25.898138,29.365158,23.648628,27.71943,27.466175,27.806183,31.493784,30.962523,35.94196,31.805223,36.327164,34.68909,38.39883
1,4.2422256,0.0,5.4925127,7.97256,10.103615,13.560943,14.807879,19.353415,21.749687,25.38178,30.161058,30.34344,34.231655,34.781277,33.247623,28.996035,30.23253,25.19135,26.553293,22.659698,23.02121,24.775734,21.491056,20.114182,15.682925,13.152204,14.5117655,18.598505,20.61433,23.823893,24.667065,31.871742,32.502846,37.367058,37.984676,41.74269,45.23675,41.287815,40.597424,37.9305,34.939034,31.766886,27.772886,26.416914,22.430254,23.009228,23.027704,28.786022,30.915234,28.993895,33.578033,35.57147,39.300587,39.00176,36.5507,37.667572,37.49126,32.782513,35.948456,32.03491,29.66416,30.584047,27.797142,29.325829,23.874777,26.75093,23.547113,25.265015,22.449783,25.51567,23.086147,25.39607,26.727839,27.923975,30.51754,32.17777,35.898357,35.66672,37.46413,38.47713,33.623566,33.835987,28.875704,25.880047,23.521233,20.897402,21.333197,19.035944,20.536055,20.38623,24.505651,23.780853,21.274483,25.23448,28.608816,26.773018,26.187635,28.01393,30.19812,28.217892,25.320055,28.3435,22.79392,26.136835,25.9078,26.072977,29.504208,29.103424,33.62743,29.672806,34.135895,32.359173,36.271774
2,7.413546,5.4925127,0.0,4.7681484,8.646576,9.573409,13.26169,15.890548,19.469753,22.604038,26.832438,27.93984,31.913675,32.952618,31.939505,28.076702,30.05003,25.233335,27.562263,24.191635,25.387394,27.698627,24.840094,24.038658,19.87752,16.567774,17.490862,20.801569,21.74317,25.216503,24.490742,31.938093,31.70898,36.71087,36.875126,40.45025,44.26249,40.700657,40.493687,37.910275,35.030052,32.533672,28.116493,27.77681,23.435577,25.589798,26.008814,31.339148,32.971977,30.20788,34.81337,36.14636,39.792477,38.691566,36.079926,36.551743,36.73726,31.778292,35.6875,31.61415,30.31886,31.037617,29.150854,31.059618,26.126204,29.515884,26.186827,26.959934,24.06004,26.361786,23.746758,25.13233,26.197514,26.663982,29.103903,30.064968,33.529995,32.822468,34.66456,35.91277,30.95318,32.031246,26.71958,24.362473,21.83235,20.881721,20.61229,19.507887,21.05882,21.375397,25.588865,24.641266,21.208284,25.079638,28.476824,25.884165,24.762438,26.75735,28.40295,26.11408,24.044271,27.560585,23.07259,26.082514,26.892748,27.62174,30.538883,29.593464,33.78639,29.070704,33.188583,30.77028,34.390427
3,10.987672,7.97256,4.7681484,0.0,4.1841407,5.591983,8.542542,11.526644,14.733343,17.989138,22.455896,23.250885,27.21184,28.197735,27.18833,23.360476,25.494179,20.792587,23.481823,20.49588,22.143366,24.894726,22.412289,22.214415,18.567078,14.762632,15.102532,17.628592,17.816887,21.443068,19.996859,27.460682,27.156008,32.056793,32.302277,35.7872,39.64439,36.203827,36.0186,33.40956,30.716505,28.351954,23.815197,23.93322,19.426424,22.50395,23.262787,28.128876,29.400604,26.172747,30.740551,31.77922,35.40364,34.068054,31.528175,31.932333,32.338547,27.500156,31.730474,28.064371,26.828796,28.06773,26.40934,28.82725,24.076809,28.132156,25.192875,25.735676,22.21126,24.057867,20.700586,21.740812,22.167204,22.883009,24.754892,25.723452,29.174152,28.467066,30.194296,31.296642,26.351755,27.364994,22.175978,19.833723,17.72099,17.058544,17.24797,16.627882,18.977224,20.129484,24.38415,24.172575,20.162457,23.20506,27.141735,24.887213,23.184113,24.658264,26.155823,23.489126,21.426878,24.430439,20.426771,22.608656,23.701855,24.485563,26.969881,25.962833,29.703438,25.0035,28.98833,26.444342,30.18074
4,13.682759,10.103615,8.646576,4.1841407,0.0,6.0099225,4.829275,9.935773,11.6621475,15.340678,20.387468,20.244833,24.165743,24.801733,23.60306,19.550436,21.546877,16.823444,19.471304,16.7123,18.424755,21.543917,19.192238,19.453173,16.427483,12.550986,12.088793,13.917546,13.789478,17.360243,15.873436,23.331331,23.279076,28.116474,28.576363,32.114395,35.85758,32.309834,31.962494,29.313826,26.659422,24.175375,19.6528,19.817965,15.2839775,18.811453,19.924496,24.437283,25.533363,22.092289,26.645159,27.657387,31.39777,30.162992,27.869246,28.532143,29.086802,24.550919,28.816849,25.748434,24.01948,25.993324,24.146507,26.940271,22.167238,26.661806,24.221266,24.953732,20.871487,22.569788,18.473574,19.578371,19.307281,20.747084,21.927557,23.248398,26.765575,26.24974,27.768229,28.525038,23.671095,24.231663,19.445747,16.799326,15.444936,14.183699,15.431713,14.765966,17.969526,19.736074,23.909662,24.469952,20.404703,22.639578,27.019835,25.408064,23.438202,24.32699,25.882425,23.025087,20.648405,22.81267,18.886337,20.222712,21.094578,21.62029,23.83484,23.06201,26.383568,22.130081,26.114622,23.733212,27.746424
5,16.347132,13.560943,9.573409,5.591983,6.0099225,0.0,7.058893,6.38849,10.86055,13.3769,17.303291,18.878748,22.839354,24.282295,23.84361,20.599379,23.499432,19.394526,23.050335,20.997267,23.449507,26.687674,24.85293,25.338898,22.311155,18.215618,17.9881,19.263681,18.086178,21.704231,18.406288,25.676104,24.509098,29.299625,29.17927,32.34125,36.4693,33.543156,33.811497,31.322687,28.962366,27.380306,22.611782,23.941391,19.365791,24.037853,25.225843,29.246855,29.856056,25.789436,30.141033,30.366919,33.793118,31.601078,29.03918,28.765343,29.688858,24.865458,29.90161,26.549698,26.342123,27.733318,27.023409,29.93814,25.905104,30.48838,27.816063,27.586243,23.838993,24.7143,20.940472,20.846518,20.468575,20.642847,21.754124,21.95744,25.040884,23.83346,25.477106,26.680563,21.698048,23.575228,18.275772,16.79746,15.069172,16.477207,16.361856,17.252716,19.935293,21.853436,25.900818,25.994923,21.25803,23.434704,27.534021,25.048405,22.587034,23.713884,24.536171,21.401512,20.262257,23.10376,20.666956,21.774529,23.879059,25.093073,26.731705,25.278456,28.21843,23.042566,26.42245,23.2211,26.660099
6,18.296528,14.807879,13.26169,8.542542,4.829275,7.058893,0.0,7.1706295,7.0790615,11.009174,16.329424,15.607837,19.448614,20.017946,18.796143,14.838413,17.157381,12.731372,16.102673,14.22995,16.723366,20.29396,18.761436,19.838476,17.735424,13.80002,12.706818,12.867827,11.103641,14.832923,11.7769165,19.188004,19.018581,23.60487,24.23911,27.57444,31.411688,28.114952,27.80634,25.107,22.853909,20.62114,15.948999,17.025856,12.347744,17.391172,18.894531,22.434755,22.902983,18.768957,23.162956,23.643774,27.271221,25.6219,23.386757,23.890368,24.778242,20.467705,25.184986,22.771305,21.29586,23.885044,22.531046,25.8604,21.668007,26.69916,24.80184,25.128422,20.64054,21.56538,16.76715,17.176193,15.833336,17.592411,17.766144,19.056536,22.480883,21.986662,23.320747,23.876848,19.098686,19.514145,14.998159,12.434088,12.051901,11.5220785,13.466777,13.752667,17.645315,20.235039,24.1097,25.36034,20.957668,22.06729,26.771202,25.55408,23.057194,23.288155,24.53728,21.37528,19.231667,20.55293,17.69161,17.659536,18.999557,19.640152,21.049957,20.153473,22.662504,18.475481,22.125189,19.564056,23.667374
7,22.35175,19.353415,15.890548,11.526644,9.935773,6.38849,7.1706295,0.0,5.6948676,7.1597004,10.992228,12.712286,16.61414,18.34262,18.379364,15.819962,19.401514,16.255234,20.712723,19.91539,23.048796,26.688297,25.675356,26.94791,24.84362,20.743925,19.861897,19.624407,16.992907,20.32626,15.165399,21.73231,19.90959,24.291039,24.054693,26.797405,31.111897,28.73282,29.301306,26.918346,25.123491,24.276896,19.52775,22.106262,17.776892,23.865292,25.487291,28.31541,28.146135,23.321552,27.236452,26.58849,29.73832,26.756409,24.348183,23.513393,25.08582,20.638319,26.413193,23.959888,24.432804,26.423033,26.493088,29.971132,26.719053,31.819508,29.759384,29.054281,24.941895,24.857859,20.46397,19.322363,17.592827,17.735783,17.312454,16.904228,19.577383,17.995762,19.35606,20.387646,15.4080715,17.891535,12.887572,12.389168,12.021074,15.219747,15.532023,17.704239,20.962826,23.748377,27.384296,28.239529,23.162199,23.951223,28.325468,26.273197,23.132751,23.416424,23.65903,20.10448,19.617006,21.427053,20.671848,20.080112,22.890398,24.283974,24.839266,23.162205,24.853777,19.707314,22.283552,18.567299,21.8379
8,25.12341,21.749687,19.469753,14.733343,11.6621475,10.86055,7.0790615,5.6948676,0.0,4.10087,9.730653,8.60896,12.536347,13.530138,13.14675,10.203879,13.904978,11.199306,15.857284,15.989627,19.273037,23.18241,22.683046,24.546135,23.412333,19.680609,18.108435,16.598925,13.0866785,15.97076,9.904903,16.105978,14.625008,18.765669,19.050163,21.831484,26.027245,23.52405,23.7976,21.298777,19.800034,18.902182,14.266492,17.381428,13.388669,20.172007,22.169352,24.050404,23.432226,18.237234,21.895985,20.97606,24.216616,21.245932,19.24379,18.805395,20.739555,16.953598,22.777435,21.49249,21.253542,24.314281,24.187355,28.042645,25.008759,30.399866,29.047619,28.613873,24.054815,23.741842,18.632454,17.500553,14.481185,15.89655,13.904553,14.2005205,16.956467,15.883589,16.75944,17.015253,12.210399,13.600401,9.599863,8.654144,10.479317,12.863504,14.736586,16.800638,20.792526,24.08258,27.420834,29.139338,24.333002,24.147972,28.873629,27.778103,24.57761,24.088882,24.50143,20.955091,19.925537,20.289072,19.793972,17.831121,20.261732,21.262749,21.168474,19.864996,20.583496,16.355392,18.726185,15.3433485,19.112495
9,28.66675,25.38178,22.604038,17.989138,15.340678,13.3769,11.009174,7.1597004,4.10087,0.0,5.906531,5.5595903,9.547881,11.300087,12.092629,10.567349,14.889179,13.487353,18.345146,19.227047,22.644264,26.577919,26.365118,28.396406,27.455782,23.749325,22.105036,20.301126,16.533442,18.887018,12.101855,16.93184,14.341644,18.037575,17.73139,19.984203,24.418898,22.614807,23.463045,21.278393,20.218588,20.345503,16.01372,19.926949,16.478352,23.567629,25.700272,26.98475,25.938786,20.454512,23.577309,21.87183,24.743414,20.912409,19.124846,17.829884,20.452143,17.084734,23.400639,22.595268,23.265425,26.229631,26.793314,30.74449,28.251268,33.673676,32.421196,31.591375,27.165876,26.340265,21.399033,19.552828,16.109419,16.865992,13.909736,13.081347,15.005215,13.157936,13.654104,13.809154,8.942172,11.972596,8.590828,9.543425,11.994032,15.81917,17.17442,19.93472,23.68996,27.105654,30.222181,31.932547,26.945438,26.376106,30.929155,29.677366,26.193064,25.519745,25.389372,21.734697,21.53539,21.710403,22.410788,19.888937,22.862076,24.087374,23.380527,21.825554,21.668818,17.421453,18.807228,14.880507,18.006578
10,33.103294,30.161058,26.832438,22.455896,20.387468,17.303291,16.329424,10.992228,9.730653,5.906531,0.0,6.251684,8.17115,11.365468,13.078604,13.659085,17.895485,17.66464,22.592442,23.909729,27.715746,31.363953,31.732706,33.862263,32.852562,28.968473,27.749556,25.903873,21.73144,24.195366,17.08409,20.47435,17.502207,19.852222,19.374062,20.419693,24.999306,24.43105,25.7106,23.804537,23.695686,24.465994,20.631763,24.9447,21.751133,28.837284,30.696093,31.511139,30.066399,24.615269,27.153938,24.772474,26.73026,22.07893,20.0018,17.424765,20.340105,17.308607,23.875593,23.265358,25.463737,27.811136,29.462324,33.375282,31.758081,37.097042,35.882053,34.32984,30.279661,28.698275,24.312212,21.511665,18.093298,17.523796,14.148799,11.5843725,12.065049,9.012877,9.352949,10.307297,5.834639,11.147091,8.557288,11.698834,13.853281,19.340227,19.622974,23.273073,26.450386,29.933084,32.638325,34.244846,29.090849,27.98596,32.112957,30.63044,26.843119,25.943724,25.019312,21.399889,22.437584,22.521692,24.875341,21.950668,25.72284,27.426939,26.105883,24.048937,23.213331,18.67534,18.767517,14.299778,16.025665
11,33.727142,30.34344,27.93984,23.250885,20.244833,18.878748,15.607837,12.712286,8.60896,5.5595903,6.251684,0.0,4.1766896,5.9303813,7.983906,8.394454,12.856565,13.482773,18.076105,20.246523,23.66516,27.568914,28.007143,30.491602,30.347324,27.008627,25.028023,22.318373,18.041397,19.473543,12.215518,14.477964,11.357122,13.738657,13.506676,14.979798,19.504904,18.445068,19.522661,17.600435,17.514584,18.564634,15.078011,19.800293,17.396654,24.640245,26.988852,27.011793,25.277445,19.574896,21.745224,19.076736,21.47374,16.852404,15.8173,14.045937,17.683285,15.7069645,22.030518,22.697517,23.495716,27.044933,27.966475,32.10609,30.265966,35.738613,35.075214,34.16722,29.68103,28.372992,23.32885,21.112404,16.720108,17.872133,13.111456,12.025417,12.863382,11.0443,10.366673,9.1989355,5.1646442,8.428558,8.194802,10.310789,14.334568,18.024359,19.892063,22.81685,26.669273,30.353703,33.034767,35.26305,30.461594,29.042871,33.56492,32.885136,29.29431,28.021732,27.662004,24.135994,24.112722,23.146667,24.814081,21.11388,24.008114,25.05036,23.383286,22.016632,20.263481,17.192493,17.336273,13.651328,16.291159
12,37.543186,34.231655,31.913675,27.21184,24.165743,22.839354,19.448614,16.61414,12.536347,9.547881,8.17115,4.1766896,0.0,3.5765796,6.670361,9.389645,13.164919,15.179492,19.397299,22.209476,25.733398,29.370703,30.406563,33.10717,33.295563,30.078924,28.20034,25.143576,20.555054,21.736313,14.605202,14.928584,12.066563,12.504479,12.719095,12.890454,17.379974,17.375843,18.51316,16.820827,17.891455,19.372984,16.72665,21.631828,19.804565,26.829773,29.042192,28.28255,26.093975,20.545431,21.916224,18.598663,20.155094,14.894187,14.14137,11.604114,15.871743,15.019658,21.121754,22.711718,23.99471,27.596592,29.016111,33.17572,31.997654,37.401573,37.083004,35.925377,31.567926,29.79879,24.961838,22.34721,17.641985,18.622086,13.014407,11.49887,11.163612,9.495103,7.8236,5.485896,3.6481082,6.5669646,9.053697,11.921571,16.26514,20.140985,21.90814,25.080296,28.758541,32.56364,34.85591,37.344105,32.66259,30.638546,34.98613,34.625713,30.96281,29.298485,28.670416,25.316895,25.60709,23.973715,26.542439,22.193214,25.195463,26.279234,23.943851,22.550117,19.748232,17.409014,16.415995,13.015425,14.811411
13,38.26167,34.781277,32.952618,28.197735,24.801733,24.282295,20.017946,18.34262,13.530138,11.300087,11.365468,5.9303813,3.5765796,0.0,4.8044415,7.779822,11.088814,13.890239,17.537834,20.876911,24.034271,27.717192,28.81649,31.689585,32.398922,29.5691,27.319714,23.826777,19.33989,19.76206,13.008018,11.908222,9.170952,8.929252,9.645031,9.933577,14.333202,14.035613,14.956492,13.277495,14.6305275,16.37563,14.28742,19.306274,18.187078,25.016415,27.469856,26.150976,23.766933,18.20428,19.141752,15.548034,17.33318,12.070861,12.396196,10.68025,15.27662,15.283644,20.861872,23.177504,23.579603,27.787264,28.747688,32.94983,31.672169,37.055588,37.054,36.269962,31.752897,30.17493,25.109488,22.910824,17.89995,19.761316,13.835866,13.313708,13.274037,12.415557,10.681251,7.7270203,7.06053,7.26234,10.830136,12.741385,17.576996,20.31691,22.826138,25.511486,29.440163,33.268818,35.516808,38.28801,33.84922,31.723507,36.208263,36.24183,32.72778,30.933163,30.605864,27.347279,27.113083,25.03024,27.140127,22.52253,24.909367,25.562424,23.056461,22.149672,18.812935,17.598598,16.679327,14.060713,16.239647
14,36.558575,33.247623,31.939505,27.18833,23.60306,23.84361,18.796143,18.379364,13.14675,12.092629,13.078604,7.983906,6.670361,4.8044415,0.0,4.7749915,6.9579787,10.31383,13.736905,17.199419,20.692827,23.92074,25.691084,28.644073,29.426435,26.658657,24.885107,21.31316,16.39012,17.47849,11.11308,9.923881,10.030225,8.957281,12.068101,12.57374,16.358986,15.499061,15.024682,12.447663,14.483044,14.448706,12.543727,16.970085,15.635134,21.971449,23.886063,22.347507,19.868618,14.6118355,15.586937,12.366657,13.7739725,9.06757,8.0807705,7.216296,11.195554,11.208208,16.426008,18.999268,18.952705,23.396204,24.255833,28.445564,27.43783,32.73516,33.001705,32.234634,27.759218,26.077381,21.067091,18.987991,13.819471,16.301939,10.285825,11.061647,11.92345,12.479726,11.622719,9.775138,8.699844,5.031451,8.990013,9.811453,14.843781,16.727945,19.534037,21.98576,25.86149,29.720736,31.6969,34.76781,30.647572,28.16805,32.657406,33.196815,29.873882,27.831232,27.816462,24.7851,24.010378,21.355751,23.35321,18.403505,20.50436,21.08824,18.35349,17.548473,14.050798,13.336952,12.633857,10.797185,13.651926
15,32.42876,28.996035,28.076702,23.360476,19.550436,20.599379,14.838413,15.819962,10.203879,10.567349,13.659085,8.394454,9.389645,7.779822,4.7749915,0.0,4.5831676,6.1157155,10.044057,13.104013,16.460707,20.068377,21.298906,24.165096,24.881773,22.186087,20.165316,16.611713,11.784199,13.036607,6.46068,7.636971,8.6372795,9.971209,12.799444,14.808072,18.433762,16.180632,15.325901,12.344068,12.887431,11.67599,8.697447,12.895658,10.99585,17.641518,19.788906,18.942942,16.963505,11.34418,13.512104,11.415132,14.25994,11.118468,10.062522,10.788822,13.442842,12.163276,17.171082,18.793814,17.49885,22.241552,22.144178,26.342161,24.451847,29.846817,29.919191,29.681124,24.943308,23.938684,18.511192,17.265106,12.331423,15.689303,10.81827,12.600405,14.697114,15.185439,14.988643,13.690625,11.106734,8.324726,9.301837,8.237828,13.122316,13.618716,17.199839,18.9388,23.194704,26.931793,29.2931,32.277443,28.23501,26.341825,31.095886,31.574087,28.472452,26.77186,27.270306,24.17215,22.667118,20.475166,21.033384,16.69834,18.188963,18.42376,16.502155,16.0618,13.908714,12.812416,13.833872,12.121665,15.992167
16,33.524895,30.23253,30.05003,25.494179,21.546877,23.499432,17.157381,19.401514,13.904978,14.889179,17.895485,12.856565,13.164919,11.088814,6.9579787,4.5831676,0.0,5.105656,6.949329,10.93973,14.168957,17.146515,19.30474,22.397568,23.707546,21.524534,19.76457,15.851449,10.955785,12.013284,7.6855216,6.4891353,10.632462,10.247751,14.620756,16.284178,19.103788,16.699718,14.645756,11.223474,12.738518,9.877213,8.381631,11.333479,10.2844715,15.572517,17.256956,15.393552,12.990272,7.7992,9.424014,7.76181,10.368542,8.772652,7.6231422,10.202913,11.737519,11.4520235,14.889446,17.379875,14.891018,20.259964,19.714405,23.834484,22.287224,27.461918,28.12507,28.156849,23.481129,22.483288,17.196693,16.470842,11.591564,15.856873,11.363618,14.275047,16.502932,17.937263,17.862421,16.617949,14.8231325,10.408018,12.065332,10.118144,14.538486,13.28878,17.427393,18.478453,22.62772,26.29376,28.229076,31.65938,28.190996,25.864004,30.529024,31.73213,28.950165,26.948812,27.791378,25.08676,22.99432,20.005596,20.240032,15.518468,16.006378,15.689303,13.296402,13.585891,10.777816,11.707784,12.8456955,12.738849,16.612785
17,28.452951,25.19135,25.233335,20.792587,16.823444,19.394526,12.731372,16.255234,11.199306,13.487353,17.66464,13.482773,15.179492,13.890239,10.31383,6.1157155,5.105656,0.0,4.981775,7.0494184,10.872352,14.238262,15.719235,18.52771,19.183046,16.644087,15.092504,11.646937,6.379544,9.330397,5.407362,9.06758,12.548776,14.294967,17.62863,20.107126,23.18989,20.159534,18.354622,15.001694,14.894511,11.159174,8.051217,9.756345,6.6618304,12.39955,13.927245,13.857878,12.582079,7.581697,11.272473,11.46366,14.619823,13.855789,11.932387,14.102547,14.76151,12.573143,16.146158,16.812597,13.69795,18.724756,17.408064,21.481476,18.914446,24.267262,24.41417,24.758926,19.871744,19.550228,13.926261,13.990811,9.896184,14.413531,11.673581,14.859488,17.977472,19.16346,19.735243,19.189413,16.181622,12.75873,11.894191,8.577355,11.927692,9.309029,13.978368,14.38756,18.838568,22.356567,24.768509,27.919355,24.399113,22.796112,27.655973,28.565447,25.978174,24.435675,25.686876,22.92614,20.291346,18.140827,16.927507,13.259618,13.4704,13.144959,12.18556,12.382286,12.116552,11.281661,14.133175,13.560273,18.001396
18,29.729063,26.553293,27.562263,23.481823,19.471304,23.050335,16.102673,20.712723,15.857284,18.345146,22.592442,18.076105,19.397299,17.537834,13.736905,10.044057,6.949329,4.981775,0.0,4.708383,7.362818,10.259858,12.545805,15.685046,17.420519,15.962583,14.29413,10.328089,6.158802,7.655002,8.050055,9.264689,14.526753,15.501411,19.4716,21.963678,24.257782,20.819815,18.126451,14.735315,14.748602,9.473388,8.205497,7.406365,6.1581683,9.013395,10.3288355,9.010851,7.6343174,3.277944,7.5342073,9.591766,12.915386,14.183568,13.039392,16.39785,16.351248,15.19661,16.95448,18.266714,13.455584,19.032963,16.61356,20.368805,17.682716,22.615765,23.44458,24.542904,19.748255,19.922966,14.637174,15.80854,12.42877,17.44994,15.255996,18.93298,21.952948,23.571398,24.026466,23.221718,20.73486,16.66379,16.552788,13.133103,15.911174,11.518415,16.566553,15.758165,19.990654,23.15646,25.214663,28.719158,25.98406,24.291006,28.989841,30.574055,28.45472,26.809052,28.472126,26.118698,22.895027,20.264196,18.1653,14.737707,13.208809,11.67375,10.899315,12.475527,12.175424,13.533166,16.416853,17.06583,21.3189
19,25.609148,22.659698,24.191635,20.49588,16.7123,20.997267,14.22995,19.91539,15.989627,19.227047,23.909729,20.246523,22.209476,20.876911,17.199419,13.104013,10.93973,7.0494184,4.708383,0.0,4.8006334,7.4572988,9.354369,12.084327,13.065531,11.401573,10.520997,7.5137753,4.085557,8.060819,9.941797,13.456834,17.98929,19.853642,23.334408,26.133898,28.643604,25.006342,22.51336,19.203285,18.502642,13.174559,11.165647,9.064949,6.1600604,6.939405,7.043496,8.630929,9.109242,7.2200255,11.523703,14.229778,17.302063,18.703337,16.833652,19.86103,19.191221,16.9128,18.407253,18.201782,12.913766,17.769253,14.449316,17.895712,14.153743,19.098055,19.51926,21.076973,16.213652,17.226782,12.05403,14.338358,12.372721,17.147396,16.625153,20.381464,23.888739,25.461239,26.39303,26.13414,23.02708,19.40858,17.90257,13.898396,15.243519,9.381475,14.451908,12.520508,16.711082,19.506653,21.848574,25.131283,22.662083,21.634659,26.323011,27.817617,26.078382,24.84211,26.933964,24.76116,21.007233,19.096079,15.476503,13.473494,11.235143,9.474936,10.611513,12.135707,14.098359,14.234498,18.105247,18.622957,23.022463
20,26.06241,23.02121,25.387394,22.143366,18.424755,23.449507,16.723366,23.048796,19.273037,22.644264,27.715746,23.66516,25.733398,24.034271,20.692827,16.460707,14.168957,10.872352,7.362818,4.8006334,0.0,4.860593,5.186064,8.390262,10.959343,11.031839,9.03944,5.692022,6.1893106,6.8454766,12.047067,14.7828,19.44772,21.602247,24.786766,27.945393,29.950611,25.773949,23.056976,20.052565,18.608292,12.950355,11.866062,7.7634883,6.901898,2.3440456,3.8169749,6.1989074,8.138431,8.044803,11.833486,15.409338,18.986097,21.189993,20.30517,23.704315,23.24406,21.493677,22.55718,22.648462,16.822124,21.598196,17.528223,20.37192,16.08578,20.268349,20.927654,23.43761,18.828804,20.606544,15.947743,18.79604,17.147665,21.910328,21.319977,25.030342,28.438337,29.873878,30.596289,29.981735,26.94007,23.528872,22.334167,18.440372,19.843449,13.834529,18.755539,16.148935,20.051344,22.287416,24.64138,27.787758,25.853785,25.318441,29.837706,31.433084,30.025259,29.007296,31.30522,29.237833,25.292753,23.569826,19.287163,17.925474,14.977819,12.538689,14.133269,16.268614,17.99814,18.922283,22.639349,23.294899,27.679422
21,27.23724,24.775734,27.698627,24.894726,21.543917,26.687674,20.29396,26.688297,23.18241,26.577919,31.363953,27.568914,29.370703,27.717192,23.92074,20.068377,17.146515,14.238262,10.259858,7.4572988,4.860593,0.0,5.652915,7.997577,10.780459,11.749998,11.571361,9.761607,10.347943,11.613144,16.486256,18.5127,23.739737,25.13566,28.865011,31.684036,33.471985,29.516577,26.393036,23.339113,22.562471,16.618834,16.26535,12.119594,11.606435,6.0035143,2.0315745,4.840501,7.97641,10.738373,13.490084,17.68479,20.270761,23.397512,22.077688,25.758095,24.405678,22.82844,22.542124,22.478643,15.969766,20.291233,15.506295,17.612383,13.529205,16.860954,18.212027,21.20765,17.120039,19.19257,15.540204,19.016758,18.31651,22.955593,23.195353,27.220758,30.697327,32.603848,33.53887,33.185596,30.353014,26.3351,25.170677,21.119444,21.896906,15.25985,19.696997,16.429966,19.534533,21.269491,22.982225,26.372458,25.341665,24.59128,28.686016,30.924582,30.02581,28.902506,31.507383,29.95114,25.632435,23.610579,18.869434,18.01611,13.994075,10.937051,13.168206,15.844016,18.243998,19.87997,23.670153,25.095924,29.248024
22,24.272749,21.491056,24.840094,22.412289,19.192238,24.85293,18.761436,25.675356,22.683046,26.365118,31.732706,28.007143,30.406563,28.81649,25.691084,21.298906,19.30474,15.719235,12.545805,9.354369,5.186064,5.652915,0.0,3.3421574,7.2917914,9.417473,7.556078,6.5793786,10.075007,10.16871,16.270649,19.443005,23.676437,26.315744,29.079361,32.516754,34.38786,29.913723,27.268616,24.505362,22.4551,17.026316,16.049417,11.400247,10.871911,4.1878424,3.8635457,8.712058,11.827298,13.006783,16.341194,20.199154,23.787645,26.283056,25.462936,28.85029,28.224771,26.203096,26.986912,26.462475,20.440556,24.519747,19.787722,21.848978,16.80966,20.048817,20.482132,23.895819,19.730679,22.446602,18.5206,22.042917,21.290937,25.744394,25.91178,29.575747,33.141808,34.46926,35.32895,34.826305,31.522722,28.452173,26.768278,22.760757,23.474947,17.115744,21.55143,18.126755,21.488667,22.939325,25.39267,28.122965,26.815027,27.088217,31.325191,32.8532,31.941648,31.356218,33.96998,32.11557,27.882418,26.761593,21.458725,21.335417,17.932318,15.340464,17.916246,20.107996,22.633495,23.298052,27.309217,27.933458,32.339024
23,22.593966,20.114182,24.038658,22.214415,19.453173,25.338898,19.838476,26.94791,24.546135,28.396406,33.862263,30.491602,33.10717,31.689585,28.644073,24.165096,22.397568,18.52771,15.685046,12.084327,8.390262,7.997577,3.3421574,0.0,5.04586,8.597904,7.5265393,8.47977,12.585518,13.00775,18.975311,22.62749,26.575151,29.499222,32.053482,35.608784,37.542362,32.98988,30.453999,27.745342,25.468592,20.203592,19.030579,14.451854,13.624879,7.437993,6.379307,11.614762,14.930853,16.323225,19.659521,23.540169,27.079662,29.566622,28.564264,31.851652,31.081024,28.747168,29.455463,28.40719,22.453587,25.979727,21.00977,22.593233,17.17096,19.792412,19.9006,23.75087,19.949427,23.184963,19.774294,23.601393,23.442478,27.606321,28.333979,31.938427,35.62644,36.889763,37.901024,37.572277,34.058628,31.210735,29.104769,25.031979,25.226673,18.784658,22.78335,18.959442,21.88956,22.808468,25.33214,27.694843,26.76242,27.592886,31.603773,33.008713,32.418694,32.144833,34.93006,33.22567,28.865322,28.205406,22.346107,23.036299,19.539682,17.05369,20.163033,22.227354,25.322178,25.613214,29.835104,30.381056,34.784447
24,17.811089,15.682925,19.87752,18.567078,16.427483,22.311155,17.735424,24.84362,23.412333,27.455782,32.852562,30.347324,33.295563,32.398922,29.426435,24.881773,23.707546,19.183046,17.420519,13.065531,10.959343,10.780459,7.2917914,5.04586,0.0,4.6169744,6.1707597,9.510249,13.166515,15.259242,19.888964,24.822947,28.225218,31.570797,33.912727,37.494972,39.918194,35.5322,33.332314,30.46045,28.161213,23.134811,21.038359,17.22436,14.97668,10.685105,9.1264305,15.184455,18.255157,18.885468,22.762577,26.288605,29.712263,31.602459,29.868,32.68726,31.730474,28.582592,29.625216,27.514072,22.204826,24.828787,20.032719,21.38625,15.464318,18.05478,17.153513,20.932428,17.32778,20.996,18.019096,21.96718,22.636627,26.14364,27.79375,31.158957,35.0396,36.157135,37.513004,37.666157,33.751713,31.344124,28.338673,24.229012,23.485373,17.247334,20.430794,16.328156,18.813875,19.272696,22.183123,23.96192,23.010279,24.608816,28.472136,29.410524,29.034313,29.216856,32.10028,30.492943,26.124725,26.309462,19.909182,21.724468,18.676933,16.832462,20.56265,21.989574,26.032751,25.130758,29.691929,29.859013,34.21532
25,15.4944515,13.152204,16.567774,14.762632,12.550986,18.215618,13.80002,20.743925,19.680609,23.749325,28.968473,27.008627,30.078924,29.5691,26.658657,22.186087,21.524534,16.644087,15.962583,11.401573,11.031839,11.749998,9.417473,8.597904,4.6169744,0.0,5.2798843,8.842693,11.077804,14.657826,17.670443,23.438942,26.41722,29.89661,32.158806,35.615913,38.456615,34.366917,32.4573,29.43188,27.342794,22.584711,19.744392,16.887302,13.462238,11.430938,10.136619,16.090216,18.566963,18.105198,22.387432,25.371967,28.688322,29.872953,27.60858,29.965456,29.043476,25.358145,26.966108,24.320034,19.749258,22.071901,17.866886,19.66903,13.759402,17.275955,15.746348,18.672602,14.653684,18.03402,14.703417,18.344181,19.17172,22.270329,24.238953,27.365473,31.306927,32.299503,33.838184,34.2972,30.186602,28.07367,24.54229,20.485678,19.295439,13.421989,16.252184,12.358196,15.133415,15.974025,19.346445,21.01505,19.305084,21.00254,25.120184,25.64351,24.967794,25.239693,27.988895,26.210312,21.997414,22.579304,16.290043,18.319502,16.048527,14.906071,18.601425,19.385084,23.74203,21.86248,26.530962,26.294132,30.608507
26,17.808897,14.5117655,17.490862,15.102532,12.088793,17.9881,12.706818,19.861897,18.108435,22.105036,27.749556,25.028023,28.20034,27.319714,24.885107,20.165316,19.76457,15.092504,14.29413,10.520997,9.03944,11.571361,7.556078,7.5265393,6.1707597,5.2798843,0.0,4.695617,8.816693,10.681156,14.642428,20.311201,22.852108,26.845171,28.582407,32.37199,35.00898,30.58654,28.87594,26.123636,23.350437,18.983173,16.125057,13.073553,10.189148,8.581163,9.584884,14.896751,17.177328,15.918058,20.23136,23.004808,27.030563,28.020123,26.662956,29.129927,29.018047,25.838167,28.10181,26.401201,21.698374,25.055834,21.061758,23.4425,17.820206,21.714418,20.672987,23.468664,19.0954,21.941212,17.685944,20.77728,20.291954,23.93103,24.57344,27.562916,31.28583,31.925596,33.02496,32.905197,28.857107,27.104954,24.143988,20.307873,20.297928,14.930024,18.693197,15.619417,19.214989,20.657465,24.08107,25.936495,23.708015,25.046547,29.482706,29.852064,28.688326,28.756033,31.182142,28.952757,25.095371,25.29736,19.8071,20.587654,18.58518,17.14718,20.028566,21.082588,24.278395,22.874168,27.209534,26.659113,31.164648
27,22.08984,18.598505,20.801569,17.628592,13.917546,19.263681,12.867827,19.624407,16.598925,20.301126,25.903873,22.318373,25.143576,23.826777,21.31316,16.611713,15.851449,11.646937,10.328089,7.5137753,5.692022,9.761607,6.5793786,8.47977,9.510249,8.842693,4.695617,0.0,5.373042,6.043302,10.886833,15.820978,18.80252,22.483551,24.473425,28.195059,30.622435,26.173704,24.2774,21.518343,18.87014,14.304374,11.693225,8.39654,5.893135,5.1279945,7.9579506,11.778551,13.4861145,11.569003,15.839477,18.488852,22.738253,23.779093,22.95062,25.66359,25.893225,23.364101,25.707897,25.001875,20.090145,24.341415,20.610043,23.514742,18.510042,22.877684,22.515852,24.970991,20.253883,22.396107,17.496752,20.12767,18.569546,22.79107,22.334635,25.460482,28.958784,29.696257,30.459028,29.910625,26.237259,24.09491,22.000462,18.27074,19.366146,14.129369,18.71397,16.279617,20.420456,22.528486,25.65764,28.096018,25.59245,26.02651,30.701717,31.40621,29.8479,29.394112,31.580572,29.162252,25.482233,24.837362,20.23941,19.662243,17.69555,16.006737,17.989939,19.328213,21.453259,20.838146,24.774694,24.388641,28.932713
28,23.995216,20.61433,21.74317,17.816887,13.789478,18.086178,11.103641,16.992907,13.0866785,16.533442,21.73144,18.041397,20.555054,19.33989,16.39012,11.784199,10.955785,6.379544,6.158802,4.085557,6.1893106,10.347943,10.075007,12.585518,13.166515,11.077804,8.816693,5.373042,0.0,5.830635,7.121338,12.4295025,15.771555,18.826296,21.414892,24.680895,27.45345,23.554312,21.645847,18.532282,16.884941,12.3044815,9.0926,7.6780567,3.118998,7.3161874,9.271201,11.4799595,11.922607,8.481645,13.0934925,15.028422,18.892412,19.336533,17.930079,20.439777,20.658897,18.061357,20.790121,20.367556,15.986832,20.580236,17.697361,21.215939,17.089739,22.138926,21.95279,23.440208,18.473442,19.61298,14.169046,15.978928,13.624182,18.02838,17.045479,20.252203,23.712633,24.65551,25.449574,25.024279,21.500614,18.895008,16.977102,13.20134,14.84649,10.028688,15.0001745,13.549247,18.070179,20.906027,23.81286,26.62671,23.600624,23.166828,28.023254,28.82955,26.825525,25.92491,27.801645,25.236034,21.844604,20.640804,17.147728,15.418615,14.196477,13.024588,14.086687,15.000161,16.628654,15.754948,19.516113,19.082321,23.62003
29,27.536861,23.823893,25.216503,21.443068,17.360243,21.704231,14.832923,20.32626,15.97076,18.887018,24.195366,19.473543,21.736313,19.76206,17.47849,13.036607,12.013284,9.330397,7.655002,8.060819,6.8454766,11.613144,10.16871,13.00775,15.259242,14.657826,10.681156,6.043302,5.830635,0.0,7.2755384,10.263451,13.610178,16.966253,19.059723,22.752344,24.84685,20.299261,18.281704,15.6314945,12.911335,8.333577,6.124045,2.5994918,3.1707952,6.3441353,10.548293,11.059913,11.275321,7.6578655,11.450843,13.407841,18.20831,19.01882,19.323193,22.208708,23.232792,21.775084,24.42325,25.127596,20.437325,25.570465,22.503836,25.90935,21.84595,26.518353,26.742268,28.709213,23.818378,25.073381,19.70725,21.441992,18.48749,23.100693,20.993044,23.993942,26.979206,27.656073,27.83891,26.58509,23.532932,21.172606,20.47938,17.312208,19.926823,15.717215,20.733847,19.347338,23.817652,26.523935,29.351126,32.223732,29.369642,28.935045,33.764725,34.659004,32.631824,31.66765,33.438744,30.777386,27.559181,26.070923,22.861788,20.722006,19.191359,17.482277,17.984098,19.47886,19.760868,20.165037,23.233213,22.881111,27.303337
30,28.40611,24.667065,24.490742,19.996859,15.873436,18.406288,11.7769165,15.165399,9.904903,12.101855,17.08409,12.215518,14.605202,13.008018,11.11308,6.46068,7.6855216,5.407362,8.050055,9.941797,12.047067,16.486256,16.270649,18.975311,19.888964,17.670443,14.642428,10.886833,7.121338,7.2755384,0.0,7.4649806,8.915756,12.796547,14.589585,18.006794,21.12145,17.40727,16.34084,13.487263,11.622177,9.197544,4.5617924,7.878542,5.40233,12.651781,15.694938,15.921665,14.922409,9.319717,12.861525,12.507167,16.872465,15.466823,15.186285,16.913874,18.830103,16.995552,21.221996,21.959045,19.071941,23.977451,22.43022,26.392136,23.153236,28.447596,28.287052,29.037374,24.058962,24.239714,18.543938,18.749714,14.781181,18.754995,15.545957,17.799088,20.496458,20.725346,20.787554,19.572195,16.309864,14.600313,13.895634,11.4913435,15.0922985,13.335183,17.789524,18.11428,22.737871,26.06329,28.95575,31.712662,27.943918,27.05293,31.995687,32.358128,29.669735,28.524517,29.63727,26.570196,24.251907,22.811344,21.290724,18.236551,18.511997,17.981728,17.443644,17.766947,17.214155,16.25067,18.67562,17.27419,21.567814
31,35.5845,31.871742,31.938093,27.460682,23.331331,25.676104,19.188004,21.73231,16.105978,16.93184,20.47435,14.477964,14.928584,11.908222,9.923881,7.636971,6.4891353,9.06758,9.264689,13.456834,14.7828,18.5127,19.443005,22.62749,24.822947,23.438942,20.311201,15.820978,12.4295025,10.263451,7.4649806,0.0,6.377964,6.8740053,10.513889,13.222075,15.2890625,11.594923,9.422105,6.2225175,6.30695,4.574884,4.690758,8.699813,10.160415,15.278061,18.372252,15.933485,13.581932,8.147496,8.773717,6.4210544,11.199628,9.943515,12.176622,14.676056,17.267841,17.779295,21.035793,23.827286,20.742825,26.339067,25.078146,29.04314,26.79908,31.824526,32.548004,33.2857,28.448938,28.094389,22.633728,22.510023,17.834854,22.110302,17.482706,19.781189,21.513329,22.184208,21.412128,19.142672,17.665228,14.748903,16.90428,15.427292,19.95793,18.367891,22.909765,23.41296,27.84297,31.314026,33.573555,36.88782,33.463757,31.666775,36.4474,37.48668,34.75292,33.01037,33.919144,31.052174,28.923513,26.298298,25.815979,21.59089,21.459036,20.488434,18.602882,19.538704,16.676954,18.179577,19.146297,18.740826,22.382975
32,36.429718,32.502846,31.70898,27.156008,23.279076,24.509098,19.018581,19.90959,14.625008,14.341644,17.502207,11.357122,12.066563,9.170952,10.030225,8.6372795,10.632462,12.548776,14.526753,17.98929,19.44772,23.739737,23.676437,26.575151,28.225218,26.41722,22.852108,18.80252,15.771555,13.610178,8.915756,6.377964,0.0,6.271127,5.7584424,9.732286,12.75226,9.109283,9.651639,8.157015,6.2859125,9.325494,7.673285,12.736477,13.37643,19.656088,23.230244,21.73339,19.739784,14.105502,15.130196,12.290495,16.40674,13.250718,15.64517,16.521648,20.305246,20.379845,24.946692,27.284664,25.332062,30.489023,29.743261,33.84447,31.3516,36.617073,36.798973,37.263206,32.356075,31.935606,26.335316,25.663208,20.858536,24.288733,19.223719,20.279684,21.433027,20.948597,19.667234,16.877403,15.298276,14.72451,16.771482,16.485258,21.186022,21.244907,25.21444,26.383602,30.893095,34.43458,37.0997,39.976994,35.96724,34.573845,39.421085,39.719627,36.64258,35.18486,35.669125,32.426685,31.001339,29.074173,29.052916,25.056547,25.857439,25.398592,23.692955,23.978565,21.251738,21.336872,21.91999,20.24635,23.553082
33,41.11097,37.367058,36.71087,32.056793,28.116474,29.299625,23.60487,24.291039,18.765669,18.037575,19.852222,13.738657,12.504479,8.929252,8.957281,9.971209,10.247751,14.294967,15.501411,19.853642,21.602247,25.13566,26.315744,29.499222,31.570797,29.89661,26.845171,22.483551,18.826296,16.966253,12.796547,6.8740053,6.271127,0.0,5.7590823,6.673915,8.931692,6.900951,6.186926,4.5509686,7.5924177,10.339384,10.976652,15.426285,16.71927,22.149576,25.12787,22.262497,19.460571,14.480347,13.733636,9.518444,12.135283,8.248539,12.222254,13.24468,17.28954,19.051243,22.747185,26.408304,24.72747,30.04162,29.823048,33.893456,32.399208,37.487247,38.249744,38.402046,33.700123,32.6706,27.393858,26.309708,21.186607,24.613007,18.845198,19.990717,20.424664,20.644949,18.964369,15.743239,15.889409,13.711624,17.717983,17.868977,22.901588,23.083439,26.938717,28.377205,32.63137,36.329456,38.406925,41.71414,37.952682,35.715137,40.34771,41.212837,38.111942,36.125946,36.428688,33.45308,32.186848,29.332119,30.291515,25.455051,26.213533,25.739967,23.064302,23.471838,19.291206,20.817667,20.243797,19.443779,22.049719
34,41.92257,37.984676,36.875126,32.302277,28.576363,29.17927,24.23911,24.054693,19.050163,17.73139,19.374062,13.506676,12.719095,9.645031,12.068101,12.799444,14.620756,17.62863,19.4716,23.334408,24.786766,28.865011,29.079361,32.053482,33.912727,32.158806,28.582407,24.473425,21.414892,19.059723,14.589585,10.513889,5.7584424,5.7590823,0.0,4.595138,7.5582848,5.2220144,8.035619,8.475032,8.343717,13.2813225,13.058098,17.853203,19.025976,24.98028,28.524363,26.350435,23.949562,18.661186,18.55556,14.787068,17.847403,13.847695,17.399614,17.545954,22.043324,23.154482,27.645294,30.731342,29.404203,34.52037,34.2892,38.424805,36.429653,41.67159,42.03142,42.244316,37.421818,36.61719,31.154383,30.015064,24.962515,27.980173,22.259932,22.63038,22.788404,21.996298,19.970171,16.396292,16.351698,16.383547,19.744377,20.443626,25.369421,26.227236,29.88533,31.484566,35.87533,39.53451,42.014767,44.971436,40.85717,39.123108,43.855354,44.15843,40.894802,39.23703,39.358894,36.10904,35.186928,32.986515,33.809853,29.376064,30.477741,30.137129,27.879814,28.06243,24.391514,24.927813,24.504824,22.824654,25.322052
35,45.57051,41.74269,40.45025,35.7872,32.114395,32.34125,27.57444,26.797405,21.831484,19.984203,20.419693,14.979798,12.890454,9.933577,12.57374,14.808072,16.284178,20.107126,21.963678,26.133898,27.945393,31.684036,32.516754,35.608784,37.494972,35.615913,32.37199,28.195059,24.680895,22.752344,18.006794,13.222075,9.732286,6.673915,4.595138,0.0,4.582412,6.184206,8.947342,9.877606,11.807605,16.342447,16.644161,21.382807,22.519136,28.364159,31.566732,28.885271,26.110968,21.103462,20.310585,15.975826,17.750519,13.095817,16.993387,16.518904,21.29748,23.261484,27.483898,31.174099,30.473341,35.437096,35.77453,39.905647,38.55064,43.742867,44.304913,44.155888,39.48981,38.218853,32.99566,31.398468,26.210165,28.862011,22.737148,22.71663,22.123098,21.446054,19.005814,15.087788,16.443308,16.23091,20.63959,21.954523,26.979517,28.405481,31.74132,33.735355,37.924118,41.70011,43.873066,46.970222,42.853226,40.647167,45.201145,45.65402,42.27992,40.348648,40.184223,37.04791,36.498085,33.914524,35.581417,30.709597,32.096455,31.949121,29.154776,29.168211,24.757011,25.672548,24.382095,22.906605,24.667343
