,0,1,2,3,4,5,6,7,8,9,10,11,12,13,14,15,16,17,18,19,20,21,22,23,24,25,26,27,28,29,30,31,32,33,34,35,36,37,38,39,40,41,42,43,44,45,46,47,48,49,50,51,52,53,54,55,56,57,58,59,60,61,62,63,64,65,66,67,68,69,70,71,72,73,74,75,76,77,78,79,80,81,82,83,84,85,86,87,88,89,90,91,92,93,94,95,96,97,98,99,100,101,102,103,104,105,106,107,108,109,110,111,112
0,0.0,3.9360926,7.178861,9.5548725,12.438563,13.718289,16.612791,21.836168,24.21518,26.881136,31.438032,31.549055,36.799976,35.68026,30.679813,28.822338,24.877728,25.03173,18.14193,18.695093,15.802466,15.128001,13.872063,17.986687,20.494078,20.509224,22.94314,22.604582,26.855682,24.202513,32.195236,27.586279,34.563816,32.949776,35.353664,38.0505,35.94441,35.240753,31.333826,28.88909,32.39072,28.67953,32.73275,31.274439,26.621231,29.465021,25.044714,27.064562,25.032667,27.43674,30.604874,31.75119,36.139496,38.05289,39.068382,35.285496,36.403473,37.99867,42.483368,42.318466,38.878765,37.0097,42.376945,42.67874,46.71444,42.709057,39.863262,45.770046,42.918964,39.853775,42.120113,41.594704,40.81031,35.85681,38.632217,32.75373,36.18725,32.764935,33.643307,33.92661,31.626322,36.25067,35.3273,33.1508,29.166603,26.527992,25.27173,25.707058,21.262753,21.85061,20.716602,18.401495,19.895239,22.925327,26.207018,27.257563,29.974817,28.861135,28.134268,31.443535,33.121407,33.48206,33.52703,32.334335,35.892235,37.622322,38.23097,35.879017,41.012814,35.97179,39.04354,39.204533,40.820095
1,3.9360926,0.0,4.206626,5.619186,8.6261635,10.2413025,12.678255,18.131193,20.316538,23.079283,27.59203,27.657665,32.893833,31.75718,26.760563,24.984713,21.067766,21.366858,14.76015,15.620154,13.263159,12.818165,12.399118,16.143848,18.318182,18.175333,19.969198,19.328526,23.3523,20.599358,28.427406,23.779299,30.739803,29.091742,31.604183,34.29656,32.356777,31.676582,27.655447,25.134953,28.742977,25.086296,29.073019,27.730865,23.34624,26.180931,22.177158,24.401434,22.903082,25.143415,28.124382,28.859726,33.39449,35.0431,36.168816,32.38711,33.157387,34.607403,39.19026,38.7846,35.241768,33.48474,38.889416,39.295944,43.220417,39.03093,36.35398,42.30716,39.387093,36.401722,38.816376,38.495636,37.73858,32.76833,35.752995,29.854807,33.29464,29.936089,30.542282,30.899733,28.273485,32.767666,31.627388,29.35713,25.390442,22.806831,21.741385,22.376532,18.168615,19.210163,18.608099,16.674301,18.398203,21.79819,24.95664,25.748987,28.413206,26.925158,26.172338,29.645254,31.306896,31.319221,31.555405,29.882832,33.585438,35.22975,35.544895,33.04482,38.079605,32.873783,36.09058,36.010014,37.81246
2,7.178861,4.206626,0.0,4.873042,6.900948,6.7853904,10.806135,14.864332,17.807364,20.104387,24.696953,25.308233,30.312735,29.73652,24.641012,22.98526,19.348999,19.251976,13.757665,13.820877,12.607844,11.317412,12.195716,15.91192,17.359497,17.809061,18.785545,18.41507,21.946,19.690887,27.06351,22.688498,29.583298,27.751837,30.755562,33.179234,31.758781,31.345392,27.02129,24.368116,28.275581,24.662462,28.283604,26.869558,23.086351,25.273403,22.083673,23.673908,22.695406,24.122267,26.961538,27.50406,32.288425,33.499462,35.172287,31.604712,31.838263,33.412052,37.844746,37.43344,33.858055,31.735071,36.885105,37.031563,40.940483,36.871918,33.842617,39.628956,36.37924,33.37496,35.467472,35.241257,34.209854,29.28126,31.956917,26.018602,29.26667,25.820713,26.52702,26.9283,24.571978,29.257694,28.46616,26.282745,22.266485,19.615742,18.234564,19.340527,15.082525,15.791398,15.484241,13.415307,14.88738,18.745138,21.870878,22.972109,25.781876,24.513445,24.114073,27.58457,28.822327,28.703728,28.43088,26.572908,30.005295,31.456038,31.914703,29.558617,34.840652,29.941359,33.4165,33.534725,35.677635
3,9.5548725,5.619186,4.873042,0.0,3.722759,6.361933,7.0721383,13.126854,14.801008,17.7925,22.184963,22.132004,27.345747,26.166237,21.184734,19.58944,15.747939,16.388922,10.6395645,12.185279,11.191898,11.291545,12.39067,15.027377,16.44573,16.00628,16.477247,15.220996,18.671041,15.730297,23.142288,18.42052,25.3184,23.602516,26.307129,28.984055,27.34931,26.71513,22.507677,19.857143,23.65667,20.14832,23.980228,22.888094,19.09447,21.878492,18.767708,21.32291,20.825056,22.712608,25.277187,25.264206,29.97225,31.143116,32.433353,28.698608,28.844452,30.00824,34.74032,33.90142,30.184116,28.661674,34.110725,34.711117,38.41733,33.90615,31.562664,37.572903,34.548546,31.726093,34.397778,34.441105,33.742584,28.797544,32.118404,26.275152,29.668056,26.476736,26.573164,27.050638,23.848518,28.043623,26.49131,24.051882,20.1432,17.705126,17.077393,18.118607,14.560494,16.464155,16.879368,15.763651,17.721792,21.478222,24.293638,24.64385,27.127464,25.074858,24.297665,27.93083,29.530317,28.971495,29.527033,27.089294,30.963327,32.435955,32.246906,29.524675,34.318607,28.876022,32.306896,31.793854,33.90173
4,12.438563,8.6261635,6.900948,3.722759,0.0,6.1393337,5.001204,10.749104,12.538225,14.888254,19.513712,20.12463,24.859324,23.465555,18.404179,16.435228,12.607749,12.833145,7.3963017,8.698246,8.662273,8.857788,10.926506,12.810065,13.617406,13.311,13.099231,11.988777,15.269288,12.809172,20.234865,15.988105,23.025309,21.794851,24.70186,27.624804,26.469305,25.645214,21.3347,18.354681,21.78457,17.948128,21.44058,19.982515,16.444286,18.668524,16.042978,18.161547,18.110464,19.5508,21.94987,21.76851,26.570704,27.571045,29.074366,25.45414,25.400354,26.712881,31.319185,30.652964,27.030043,25.180992,30.542349,31.044405,34.81084,30.468653,27.93371,33.93891,31.0286,28.157677,30.921455,30.882732,30.350576,25.39866,29.000889,23.266682,26.973875,24.121136,24.294674,25.31865,22.028355,26.163939,24.451,21.555473,17.544601,14.764045,14.11594,14.535306,11.139306,13.499868,14.277439,13.845445,16.098532,19.636532,22.147429,22.054108,24.346056,21.9884,21.176645,24.836546,26.439934,25.66547,26.510923,23.85539,27.932127,29.494701,29.025137,26.16788,30.772596,25.218697,28.61588,28.072691,30.201612
5,13.718289,10.2413025,6.7853904,6.361933,6.1393337,0.0,6.6419044,8.522608,11.739128,14.140504,18.42482,19.037987,24.034603,24.218914,19.1981,18.25532,15.234807,15.3936,12.656986,12.878234,13.973672,12.874379,15.510062,17.990202,18.292486,18.721811,17.782045,16.866302,19.039326,16.945196,22.88971,18.616726,24.953968,22.548264,26.083784,27.944174,27.140545,27.213516,22.617865,20.04206,24.545881,21.559729,24.659662,23.772697,21.311445,23.049736,21.516167,23.123888,23.488897,24.089632,26.294298,25.839598,30.847506,31.17853,33.345512,30.028942,29.152716,30.348064,34.828743,33.76165,29.93802,28.024649,32.96564,33.18764,36.71531,32.260643,29.497417,35.149837,31.373749,28.631289,30.67445,31.110853,29.77572,24.977863,27.577225,21.662899,24.335087,20.790182,20.73688,20.887402,18.034992,22.56368,21.723684,19.781713,15.884997,13.674329,12.6041155,15.458442,12.303378,13.607274,14.901924,13.683651,14.826947,19.306135,21.927202,22.934296,25.614576,24.04764,23.939493,27.448915,28.228521,27.407272,26.933178,24.064743,27.24658,28.173655,28.263803,25.870249,31.124638,26.340012,30.319273,30.063774,32.870144
6,16.612791,12.678255,10.806135,7.0721383,5.001204,6.6419044,0.0,7.6007323,7.922807,11.2493105,15.372076,15.283854,20.336258,19.159826,14.171258,12.960774,9.473656,10.752325,8.279416,10.465193,12.04698,12.681983,15.320608,16.245768,16.359356,15.698404,13.9295635,11.841259,13.683828,10.770385,16.861212,12.221393,18.872643,17.069654,20.23289,22.827768,21.907888,21.39417,16.894875,13.9971075,18.065113,14.937677,18.213882,17.552986,15.204322,17.505095,16.331797,18.984964,20.057001,21.135046,22.897903,21.73259,26.537586,26.870836,28.48156,24.992725,24.05553,24.769678,29.599335,28.117344,24.169453,22.959768,28.337019,29.17745,32.505634,27.56511,25.708485,31.705536,28.506851,25.975677,28.969048,29.575335,28.955887,24.189653,27.906075,22.36891,25.558762,22.778849,22.093945,22.817003,18.82181,22.403246,20.194965,17.418404,13.653172,11.543817,11.856366,13.647386,11.781576,14.78571,16.647623,16.764704,18.713257,22.503351,24.663101,24.45082,26.55092,23.907127,23.197674,26.812645,28.191988,26.866133,27.78063,24.367517,28.286112,29.446898,28.53855,25.589413,29.898012,24.284283,27.97765,26.847948,29.42756
7,21.836168,18.131193,14.864332,13.126854,10.749104,8.522608,7.6007323,0.0,5.142003,5.8329425,10.058157,11.972149,16.008652,16.84142,12.024815,11.756896,10.35307,10.279245,12.711719,12.662517,16.166609,15.547719,19.31483,20.023563,18.90574,19.332964,16.166452,15.023023,14.843273,13.952544,17.109957,14.108943,19.26173,17.021202,21.213072,22.743603,23.274673,23.540546,18.897041,16.240616,20.464424,18.115204,19.873484,19.266718,18.904404,19.322807,20.252115,21.259186,23.250158,22.642668,23.81346,22.158644,27.090961,26.284437,29.055355,26.320776,24.084469,24.930122,29.120232,27.553062,23.71408,21.770557,26.168163,26.39234,29.456367,24.82109,22.266296,27.657904,23.50166,21.084146,23.264648,24.40737,23.049665,18.546818,21.515278,16.089565,18.458666,15.618858,14.539248,15.439968,11.562602,15.504898,14.06244,11.457096,7.425012,5.339568,5.2656097,10.184609,9.934389,12.167959,15.222706,15.767612,16.812607,20.74823,22.297607,22.50746,24.56312,22.438519,22.534904,25.797209,26.15414,24.421885,24.25948,20.21845,23.261898,23.727581,22.887186,20.299126,24.95959,20.271214,24.601372,23.810263,27.267675
8,24.21518,20.316538,17.807364,14.801008,12.538225,11.739128,7.922807,5.142003,0.0,5.048937,7.753431,7.7404385,12.594751,12.683669,7.955199,8.714253,7.8460383,9.503126,13.023332,14.412519,17.800854,18.212662,21.65751,21.657623,20.619558,20.208345,16.568644,14.381777,13.300401,11.677991,13.342721,9.922828,14.472329,11.897679,16.087126,17.690556,18.259298,18.496368,13.897295,11.34917,15.771681,14.196716,15.789059,16.09415,16.565853,17.510298,19.139149,21.14978,23.693224,23.53916,24.271885,21.88663,26.498577,25.505302,27.76098,24.969406,22.395815,22.464146,27.017595,24.603094,20.466364,19.66502,24.35613,25.300205,27.881521,22.46533,21.21697,26.765495,22.928072,20.987768,23.939716,25.543541,24.662792,20.489664,24.051725,19.2528,21.436918,19.16318,17.23891,17.898985,13.075274,15.521263,12.5985775,9.707357,6.453124,6.143642,8.365002,12.278473,13.203912,16.243773,19.333834,20.262314,21.641834,25.340443,26.755192,26.400064,28.11492,25.38922,25.087158,28.351143,29.084991,27.020994,27.7228,23.377483,26.687124,27.135939,25.61543,22.767504,26.499983,21.374065,25.46073,23.764065,27.153511
9,26.881136,23.079283,20.104387,17.7925,14.888254,14.140504,11.2493105,5.8329425,5.048937,0.0,5.01327,8.8033285,11.121722,11.744789,7.315435,7.5140104,8.248337,8.027484,14.005072,14.051902,18.31357,18.280369,22.169472,21.696678,19.89064,20.073225,15.757421,14.47335,12.369438,12.65482,13.004683,11.6985855,15.43936,14.038358,18.333838,19.939306,21.447865,21.522705,17.246922,14.620273,17.83675,15.983896,16.451023,15.990559,17.32056,16.680386,19.400606,20.038294,23.05402,21.832542,22.141186,19.586899,24.153175,22.574594,25.551224,23.304346,20.152426,20.630056,24.547518,22.617561,18.862568,17.011602,21.009583,21.408833,24.079323,19.231594,17.099771,22.402988,18.281965,16.196028,18.931805,20.563082,19.62908,15.553956,19.23784,14.793869,17.157717,15.574096,13.847344,15.667177,11.334308,13.733027,11.179499,7.171759,3.3554542,1.7654805,4.9557962,8.790911,11.255166,13.992349,17.495375,19.080866,20.276508,23.432508,24.265327,23.634706,25.031477,22.368572,22.371008,25.317217,25.630657,23.293797,23.879526,19.250513,22.35639,22.68916,20.85705,18.012897,21.584377,16.761805,21.026787,19.54272,23.283285
10,31.438032,27.59203,24.696953,22.184963,19.513712,18.42482,15.372076,10.058157,7.753431,5.01327,0.0,5.9199715,6.313424,8.811885,6.335159,8.767665,11.194577,11.655516,18.403189,18.789633,23.061718,23.226118,27.073053,26.342878,24.413927,24.395424,19.765358,18.203001,15.120053,15.549084,13.018775,12.789984,14.040332,12.254901,16.633251,17.271421,19.72673,20.305483,16.520147,14.633969,17.59559,17.108057,16.550629,17.057919,19.783724,18.90826,22.64947,23.437286,26.927197,25.535536,25.309898,22.163445,26.218266,23.95309,26.937546,25.154945,21.21778,20.968792,24.576906,21.795097,18.07243,17.112556,20.32303,21.01531,22.770454,17.492548,16.505266,21.103407,16.655052,15.46612,18.155134,20.711483,19.706308,16.589548,19.87549,16.57026,17.727701,16.74483,13.943636,15.325033,10.662671,11.014266,7.3714585,2.8489654,3.0568929,6.060996,9.038582,12.784804,16.007439,18.512466,22.12367,23.802235,24.757198,27.824669,28.374792,27.702795,28.84578,26.191357,26.281702,28.942398,29.023865,26.386656,26.960062,22.080633,24.599932,24.409039,22.17753,19.60794,22.280119,18.139849,22.259792,20.223839,24.25763
11,31.549055,27.657665,25.308233,22.132004,20.12463,19.037987,15.283854,11.972149,7.7404385,8.8033285,5.9199715,0.0,6.2855663,8.353725,6.7884398,10.519874,12.274569,14.372856,19.722637,21.323217,24.941914,25.626535,29.080313,28.553192,27.20864,26.543224,22.289478,19.817848,17.136003,16.025679,13.184792,11.506171,11.6510515,7.8317103,12.312287,12.105101,14.308431,15.531214,11.812646,10.81285,14.767319,15.641971,15.5579,17.451189,20.097029,20.597353,23.832605,25.973856,29.288902,28.822218,28.765064,25.495565,29.416037,27.502726,29.68907,27.522293,23.870996,22.855103,27.046465,23.34114,19.222618,19.89472,23.635462,25.100706,26.424284,20.3793,20.8938,25.548983,21.56168,20.767202,23.75382,26.428974,25.56389,22.491642,25.721678,22.233677,23.115929,21.602352,18.406546,18.471493,13.264416,12.838841,8.337906,6.670502,7.3878202,10.274511,13.338091,17.375223,19.783659,22.673208,26.08979,27.339535,28.448204,31.978222,32.96324,32.436554,33.783115,30.946127,30.734016,33.65609,34.12572,31.59476,32.40671,27.621204,30.332758,30.175446,28.074646,25.471088,28.061224,23.622854,27.524424,25.043556,28.753235
12,36.799976,32.893833,30.312735,27.345747,24.859324,24.034603,20.336258,16.008652,12.594751,11.121722,6.313424,6.2855663,0.0,6.286933,8.030072,11.71752,15.029323,16.231724,23.198736,24.173935,28.299627,28.913242,32.58154,31.449194,29.519676,29.070583,24.2579,22.270363,18.467525,18.7967,13.489463,14.454121,12.339383,10.607564,14.27258,13.731219,17.359266,18.330776,15.675277,14.908067,16.93266,18.166447,16.464375,18.192453,22.226448,21.374811,25.934921,27.156347,31.05904,29.790754,29.036472,25.312256,28.62045,25.861448,28.414038,27.075443,22.582582,21.309206,24.574564,20.66486,17.136454,17.810785,20.158062,21.532305,22.009457,16.19108,17.361244,20.988754,16.997639,17.066607,19.941578,23.179317,22.545732,20.509731,23.613764,21.502064,21.895016,21.570484,18.194332,19.032003,14.551678,12.49925,7.9138384,6.0566325,9.1961355,12.338774,15.326767,18.390657,21.993107,24.641136,28.24248,30.060472,31.049704,33.999306,34.3783,33.45342,34.30423,31.431795,31.379292,33.82375,33.965073,31.08164,32.065304,27.101465,29.36167,28.908781,26.217056,23.827888,25.229996,21.582224,25.12566,22.321852,26.226738
13,35.68026,31.75718,29.73652,26.166237,23.465555,24.218914,19.159826,16.84142,12.683669,11.744789,8.811885,8.353725,6.286933,0.0,5.1398783,8.1456,11.771137,13.499494,20.275745,21.876844,25.653534,26.989876,30.249794,28.44335,26.616188,25.57574,20.786808,18.41645,14.2318,14.563943,7.6806865,9.975397,6.794198,7.7853537,10.576876,12.220693,15.331886,14.939506,12.690537,11.4721155,11.685951,12.879849,10.429151,12.422676,17.079288,16.307001,21.197973,22.902557,26.980673,26.187279,25.199581,21.204702,24.104994,21.680082,23.44442,21.91976,17.636463,15.838408,19.633741,15.361404,11.447536,13.17559,16.477846,18.704182,19.41656,12.927338,15.197755,19.702885,17.151192,16.947153,21.032282,23.53484,23.921806,21.487562,25.760231,23.412966,25.144665,24.981464,22.32725,23.854176,19.192978,18.23244,13.653069,10.418798,11.598555,13.303587,16.427622,17.585863,21.176235,24.475548,27.794424,29.93853,31.518389,34.123455,34.550964,32.930817,33.5149,30.009235,29.403818,31.905668,32.732285,29.838861,31.995949,27.207964,30.374737,30.612898,27.52172,24.593214,25.40965,20.67079,23.573805,20.109798,23.304707
14,30.679813,26.760563,24.641012,21.184734,18.404179,19.1981,14.171258,12.024815,7.955199,7.315435,6.335159,6.7884398,8.030072,5.1398783,0.0,4.103936,7.183553,9.084169,15.619253,17.175558,20.971247,22.141588,25.478268,24.037338,22.361198,21.475082,16.8289,14.434745,10.8935,10.766884,6.9475336,6.985692,8.287339,8.116411,11.91299,14.21907,16.159243,15.663773,12.129061,9.786908,11.576648,11.018952,10.234949,11.163034,14.379967,14.05831,18.044046,19.824928,23.526579,22.913973,22.507467,18.988564,22.717394,20.902916,22.917334,20.752502,17.119398,16.257902,20.613787,17.365873,13.195236,13.403038,17.787415,19.464344,21.306091,15.276536,15.635322,21.037601,18.022943,16.824505,20.78431,22.764526,22.84503,19.510084,23.92608,20.570045,22.879782,22.092617,19.86038,21.463726,16.672554,17.112072,12.909408,8.91191,8.185933,8.997957,12.100545,13.4776535,16.515406,19.946177,23.199463,25.140108,26.79902,29.609613,30.317835,28.918642,29.818188,26.404408,25.803532,28.623444,29.542566,26.895088,28.799473,24.117847,27.604479,28.093958,25.431902,22.332954,24.23697,18.938805,22.341105,19.47617,22.747526
15,28.822338,24.984713,22.98526,19.58944,16.435228,18.25532,12.960774,11.756896,8.714253,7.5140104,8.767665,10.519874,11.71752,8.1456,4.103936,0.0,4.1590843,5.4229717,12.404308,13.766913,17.591864,18.944946,22.179401,20.35028,18.534758,17.619394,12.846882,10.640266,6.85673,7.5872903,5.683723,6.19857,9.844736,11.102077,14.260619,17.487831,18.848478,17.657042,14.125801,11.142236,12.026622,9.720883,9.315732,8.596887,11.195287,10.332958,14.313062,15.741247,19.480272,18.830278,18.47809,15.086955,19.048372,17.638111,19.634909,17.209345,14.009407,13.802868,18.340504,16.01599,12.013563,11.085943,16.162436,17.65286,20.241753,14.75258,14.1705675,20.130991,17.693613,15.908999,20.15254,21.388004,21.892876,18.160324,23.11464,19.531336,22.762917,22.105679,20.639845,22.8723,18.448559,19.724812,16.01662,11.5853815,9.744113,8.856344,11.341188,10.823777,13.774738,17.454193,20.447935,22.659454,24.63193,27.050198,27.710257,25.916817,26.674927,23.001253,22.159658,25.025251,26.260387,23.704473,26.133821,21.692528,25.697565,26.662994,23.960005,20.606102,22.520689,16.624304,19.787605,17.058622,19.95014
16,24.877728,21.067766,19.348999,15.747939,12.607749,15.234807,9.473656,10.35307,7.8460383,8.248337,11.194577,12.274569,15.029323,11.771137,7.183553,4.1590843,0.0,3.8530502,8.512268,10.605629,13.969695,15.584064,18.585123,17.036455,15.704537,14.534392,10.3075485,7.556818,5.6621013,4.4520435,7.882999,5.543941,11.806302,12.490345,15.440333,19.033688,19.421898,18.023884,14.12676,10.726756,12.297152,8.752772,10.24299,8.98133,9.146897,9.698238,11.811036,14.008435,17.076145,17.202868,17.572977,14.898546,19.275734,18.805647,20.405973,17.331179,15.317721,15.595279,20.437439,18.682423,14.767321,13.664151,19.17997,20.515411,23.568254,18.429468,17.33103,23.478832,21.13979,18.949356,22.970613,23.717466,24.10703,19.860104,24.758259,20.441792,24.094757,22.8569,21.812773,23.82749,19.439144,21.572296,18.187647,14.0099535,11.178701,9.33804,11.17749,10.406035,11.886564,15.836603,18.441853,20.321001,22.55766,25.16254,26.240358,24.589386,25.650455,21.983292,20.925652,24.133347,25.715948,23.546894,25.955656,21.88701,26.231419,27.506662,25.258255,21.850843,24.466553,18.291698,21.452265,19.222696,21.705463
17,25.03173,21.366858,19.251976,16.388922,12.833145,15.3936,10.752325,10.279245,9.503126,8.027484,11.655516,14.372856,16.231724,13.499494,9.084169,5.4229717,3.8530502,0.0,8.128946,8.493568,12.646109,13.730661,17.101109,15.329941,13.356824,12.908415,8.154072,6.852831,4.7866473,6.426804,9.828155,9.184185,14.750239,15.790839,18.897299,22.332373,23.078995,21.732971,17.88985,14.53186,15.722558,11.923406,12.780708,10.425634,10.419873,9.265155,11.617728,12.107357,15.308866,14.500212,14.850062,12.413424,17.152353,16.586767,18.87813,16.06107,14.035858,15.210593,19.487988,18.683868,15.26192,12.671192,17.822378,18.496458,22.038748,17.700348,15.331447,21.482073,19.155907,16.545567,20.352987,20.630547,21.098234,16.67934,21.732824,17.449066,21.613714,20.692757,20.255129,22.918877,19.11455,21.638502,18.811125,14.355323,11.25142,8.495419,9.507481,6.9124236,8.905251,12.790779,15.431382,17.74587,19.991297,22.14785,22.93521,21.042933,21.954498,18.272196,17.337687,20.475166,21.916645,19.711344,22.16072,18.145603,22.63528,24.110521,21.854477,18.389519,21.131742,14.886735,18.106274,16.356596,18.89979
18,18.14193,14.76015,13.757665,10.6395645,7.3963017,12.656986,8.279416,12.711719,13.023332,14.005072,18.403189,19.722637,23.198736,20.275745,15.619253,12.404308,8.512268,8.128946,0.0,4.559096,5.712271,8.146881,10.330663,9.189606,9.036072,7.644317,6.2248254,4.669147,8.758773,7.10208,15.239541,12.342644,19.399204,19.991247,22.403372,26.299982,25.60437,23.887075,20.047106,16.6433,18.17181,13.41337,16.37273,13.859349,9.919118,11.554275,8.916552,11.041188,11.789691,13.322994,15.311425,14.806933,19.424145,20.688108,21.794262,18.091436,18.413677,19.922146,24.4305,24.271854,21.045708,18.951115,24.461052,25.176939,29.067541,25.061596,22.724705,28.868763,26.962471,24.11039,27.602873,27.192959,27.607765,22.825884,27.484406,22.449493,26.970238,25.211176,25.427452,27.5304,23.937466,27.378668,24.895144,20.989065,17.281662,14.199604,14.159299,11.744919,9.78494,13.316805,14.330683,15.622235,18.481619,20.72939,22.42135,20.805841,22.229397,18.754904,17.253204,20.838028,23.102373,21.9153,24.38415,21.55923,26.378143,28.384092,26.983557,23.672207,27.112131,20.904146,23.592886,22.55104,24.069695
19,18.695093,15.620154,13.820877,12.185279,8.698246,12.878234,10.465193,12.662517,14.412519,14.051902,18.789633,21.323217,24.173935,21.876844,17.175558,13.766913,10.605629,8.493568,4.559096,0.0,4.766033,5.3203225,8.725915,7.6882277,6.327435,6.952143,5.427951,6.7512164,10.012513,10.355215,17.421318,15.49753,22.21396,22.858042,25.705742,29.344963,29.145857,27.645279,23.652514,20.204206,21.765514,17.062204,19.311975,16.292587,13.06483,12.97806,11.044404,10.634336,11.155481,11.232062,13.522614,13.72701,18.59905,19.735126,21.630081,18.364504,18.59282,20.82575,24.683836,25.276829,22.41781,19.211477,24.128254,24.127043,28.352568,25.128967,21.692814,27.557568,25.534302,22.375973,25.327496,24.44514,24.735947,19.876993,24.299583,19.259487,24.138271,22.569958,23.48122,26.083282,23.195795,27.01766,25.152584,21.170319,17.314451,13.713804,12.752285,9.137218,6.2242055,9.316664,10.022592,11.782529,14.729311,16.494291,17.982456,16.250078,17.722387,14.427588,13.171166,16.822327,18.842802,17.836885,19.999044,17.479298,22.318514,24.524101,23.399647,20.224373,24.02277,18.161661,20.875446,20.627705,22.196592
20,15.802466,13.263159,12.607844,11.191898,8.662273,13.973672,12.04698,16.166609,17.800854,18.31357,23.061718,24.941914,28.299627,25.653534,20.971247,17.591864,13.969695,12.646109,5.712271,4.766033,0.0,3.7431254,4.736379,4.2285695,5.418054,5.219665,7.472394,8.573326,13.117519,12.482733,20.50997,18.02379,25.016745,25.686657,28.084913,31.985146,31.158415,29.409779,25.614851,22.256805,23.658306,18.736343,21.626797,18.613756,14.106872,15.106874,11.093631,11.462275,10.106029,11.909011,14.883949,16.020292,20.380749,22.396526,23.5055,19.937166,21.27469,23.500742,27.416494,28.25163,25.519201,22.686161,27.774584,27.934793,32.219902,29.073767,25.901794,31.770308,30.093382,26.936268,29.917364,28.786694,29.20009,24.369097,28.648804,23.556395,28.448807,26.645458,27.723845,30.042913,27.187809,31.187096,29.30341,25.47689,21.555923,18.069315,17.105074,13.859937,10.401175,12.616706,12.074794,12.943638,16.073168,17.555206,19.474535,17.860607,19.418983,16.391016,14.759554,18.312302,20.84391,20.460688,22.768282,21.037277,25.863167,28.28889,27.472515,24.417723,28.172731,22.383156,24.64592,24.508438,25.483137
21,15.128001,12.818165,11.317412,11.291545,8.857788,12.874379,12.681983,15.547719,18.212662,18.280369,23.226118,25.626535,28.913242,26.989876,22.141588,18.944946,15.584064,13.730661,8.146881,5.3203225,3.7431254,0.0,4.2159634,5.892601,6.267999,7.9460044,9.547435,11.267624,15.184931,15.034897,22.61067,20.206104,27.161804,27.424374,30.249805,33.790188,33.20001,31.790983,27.730938,24.374157,26.289165,21.533482,24.223875,21.23931,17.277159,17.67694,14.4177265,13.773549,12.477263,13.110366,16.16477,17.572119,22.102806,23.800085,25.531296,22.274622,23.233345,25.70738,29.349174,30.340248,27.620916,24.304064,29.034618,28.748623,33.136272,30.280783,26.485462,32.125618,30.054182,26.751347,29.173212,27.911575,27.935932,23.063828,26.812063,21.55887,26.384518,24.413332,25.927242,28.275017,25.972141,30.33163,29.00944,25.39,21.345226,17.689037,16.094,13.1057205,8.7982855,9.974486,8.823985,9.297896,12.431362,13.9507885,16.084192,14.982818,16.955519,14.58299,13.481333,17.031025,19.062267,18.967897,20.397465,18.973768,23.492645,25.886219,25.565102,22.78496,27.102194,21.819687,24.32977,24.78647,26.043203
22,13.872063,12.399118,12.195716,12.39067,10.926506,15.510062,15.320608,19.31483,21.65751,22.169472,27.073053,29.080313,32.58154,30.249794,25.478268,22.179401,18.585123,17.101109,10.330663,8.725915,4.736379,4.2159634,0.0,4.617428,7.0817575,8.044181,11.596828,13.221392,17.738506,17.191263,25.241358,22.662672,29.710583,30.173456,32.609474,36.4097,35.40427,33.740677,29.912027,26.625189,28.219677,23.31413,26.318161,23.257517,18.548445,19.489826,15.0413885,14.748527,12.174477,13.970854,17.346659,19.383553,23.419825,25.777935,26.879623,23.473114,25.26954,27.76406,31.373276,32.62862,30.079863,26.986526,31.818104,31.662258,36.103115,33.37002,29.781471,35.428005,33.74387,30.449348,32.989952,31.50272,31.7512,26.955225,30.727768,25.592995,30.473797,28.490185,30.085896,32.320118,29.99529,34.372177,32.939278,29.323406,25.283474,21.698204,20.241549,17.143913,12.985772,13.928537,12.1495285,12.106261,15.111743,16.048744,18.300755,17.125317,18.922905,16.71709,15.260276,18.53175,21.016796,21.37395,23.135534,22.330118,26.855831,29.441456,29.220018,26.490782,30.561623,25.268702,27.332993,27.80352,28.532007
23,17.986687,16.143848,15.91192,15.027377,12.810065,17.990202,16.245768,20.023563,21.657623,21.696678,26.342878,28.553192,31.449194,28.44335,24.037338,20.35028,17.036455,15.329941,9.189606,7.6882277,4.2285695,5.892601,4.617428,0.0,3.54568,3.808187,8.280063,10.467999,14.908998,15.05216,22.748423,20.978529,27.694296,28.977406,31.11916,35.294334,34.514275,32.470848,28.9387,25.56476,26.245865,21.135223,23.71,20.212257,15.5172205,15.8908615,11.342141,10.394371,7.5587797,9.755139,13.117409,15.31625,19.056938,21.722208,22.4953,19.103153,21.32148,23.95338,27.34236,28.967022,26.768879,23.589592,28.335672,28.29111,32.74207,30.289341,26.884798,32.492104,31.43312,28.218746,31.146893,29.483557,30.296434,25.677975,30.026833,25.354004,30.562845,29.156284,30.615961,33.303112,30.706934,34.673504,32.82057,28.79863,24.983984,21.399887,20.31486,16.079056,12.899522,14.522728,13.223472,14.37504,17.54047,17.900425,19.479298,17.235598,18.322062,15.218211,13.147842,16.364355,19.413065,19.448496,22.386919,21.404446,26.342533,29.125832,28.289219,25.305635,28.586748,22.971905,24.512884,24.691092,24.947838
24,20.494078,18.318182,17.359497,16.44573,13.617406,18.292486,16.359356,18.90574,20.619558,19.89064,24.413927,27.20864,29.519676,26.616188,22.361198,18.534758,15.704537,13.356824,9.036072,6.327435,5.418054,6.267999,7.0817575,3.54568,0.0,3.62856,6.1710844,9.374624,13.040763,14.2231865,21.157244,20.106546,26.515905,28.045061,30.400196,34.500675,34.191196,32.209084,28.623938,25.169567,25.677765,20.606672,22.60506,18.846813,14.926678,14.172333,10.869196,8.406006,6.6737285,7.0372295,10.324731,12.493958,16.503212,18.824575,20.14768,17.047459,18.84216,21.752323,24.840805,26.704205,24.67284,20.98575,25.422958,25.115574,29.642742,27.510557,23.741623,29.205782,28.20904,24.956787,27.80901,26.020264,26.956572,22.438288,26.911682,22.519398,27.872839,26.845251,28.394672,31.445103,28.99063,32.80543,31.01319,26.83243,23.155407,19.503677,18.353142,13.391713,10.76876,12.423356,11.457948,13.430951,16.557161,16.613503,17.706972,14.9686165,15.759728,12.221144,10.079406,13.43472,16.435953,16.168686,19.419804,18.23735,23.299938,26.129871,25.057854,22.021006,25.0951,19.507298,20.983929,21.295916,21.62624
25,20.509224,18.175333,17.809061,16.00628,13.311,18.721811,15.698404,19.332964,20.208345,20.073225,24.395424,26.543224,29.070583,25.57574,21.475082,17.619394,14.534392,12.908415,7.644317,6.952143,5.219665,7.9460044,8.044181,3.808187,3.62856,0.0,5.1665716,7.34812,11.634404,12.139201,19.470072,18.206917,24.612747,26.403759,28.329952,32.705208,32.101746,29.847565,26.531797,23.142366,23.231617,18.071579,20.33489,16.65063,12.078628,12.163423,7.7255683,6.8560944,4.9072027,7.5701594,10.506657,12.097649,15.878418,18.51724,19.05646,15.50436,17.714169,20.231066,23.734394,25.2692,23.136118,20.125032,25.007334,25.24855,29.587553,26.998598,24.000332,29.707844,28.960052,25.900236,29.254406,27.752144,28.898184,24.397678,29.211496,24.81168,30.05855,28.969738,30.066975,32.910686,29.952766,33.4993,31.240616,26.995853,23.421608,20.000443,19.393688,14.754545,12.617187,15.031249,14.554919,16.345255,19.514381,20.018312,21.244062,18.553896,19.257986,15.489461,13.174729,16.380919,19.576504,19.037441,22.673878,21.118088,26.279099,28.998331,27.604576,24.376583,27.086634,21.089716,22.478174,22.101662,22.263376
26,22.94314,19.969198,18.785545,16.477247,13.099231,17.782045,13.9295635,16.166452,16.568644,15.757421,19.765358,22.289478,24.2579,20.786808,16.8289,12.846882,10.3075485,8.154072,6.2248254,5.427951,7.472394,9.547435,11.596828,8.280063,6.1710844,5.1665716,0.0,3.9067812,6.8938494,8.672437,15.01931,14.466489,20.517538,22.476059,24.692867,28.906162,28.883337,26.790895,23.37987,19.927933,19.964567,14.989963,16.568983,12.785091,9.564653,8.361496,6.7111564,5.3919816,7.3081875,7.4566326,9.107127,8.907498,13.556525,15.133234,16.436356,13.017688,13.845373,16.270004,19.99001,21.079311,18.706821,15.449356,20.450188,20.77025,25.012548,22.096096,19.127502,25.011723,24.042778,21.074898,24.688272,23.572552,24.748735,20.300344,25.438915,21.246094,26.367153,25.582596,26.28532,29.309216,26.140764,29.275572,26.81834,22.399054,19.075594,15.794946,15.578019,10.639425,9.969668,13.16683,13.929186,16.375248,19.331533,20.242847,21.093937,18.318073,18.882998,14.730056,12.751437,16.02536,18.70904,17.333498,21.031446,18.502357,23.690208,26.119661,24.21795,20.783304,23.24693,16.92672,18.725336,17.834736,18.626366
27,22.604582,19.328526,18.41507,15.220996,11.988777,16.866302,11.841259,15.023023,14.381777,14.47335,18.203001,19.817848,22.270363,18.41645,14.434745,10.640266,7.556818,6.852831,4.669147,6.7512164,8.573326,11.267624,13.221392,10.467999,9.374624,7.34812,3.9067812,0.0,4.9785795,4.9503007,12.31156,10.967847,17.31814,19.1729,21.160751,25.499846,25.209587,23.031061,19.680784,16.253855,16.317963,11.285882,13.395667,10.077038,6.3668823,6.9457903,5.31735,7.4788747,9.697479,10.938815,12.098014,10.840037,15.2222,16.485344,17.270174,13.529748,13.904744,15.437531,19.912432,19.99511,17.077621,14.9227295,20.505838,21.4817,25.322325,21.501068,19.535103,25.672924,24.508396,21.82831,25.809994,25.293404,26.344444,21.899555,27.105585,22.75721,27.4806,26.430473,26.51729,29.099016,25.371828,28.206247,25.293678,20.970623,17.765661,14.907451,15.380866,11.708818,11.424413,15.156271,16.416496,18.490608,21.37422,22.978437,24.0973,21.701385,22.47977,18.415155,16.579193,19.86106,22.399141,20.824364,24.28192,21.29062,26.335457,28.45775,26.41564,22.906942,25.341038,18.844036,20.957012,19.36816,20.473568
28,26.855682,23.3523,21.946,18.671041,15.269288,19.039326,13.683828,14.843273,13.300401,12.369438,15.120053,17.136003,18.467525,14.2318,10.8935,6.85673,5.6621013,4.7866473,8.758773,10.012513,13.117519,15.184931,17.738506,14.908998,13.040763,11.634404,6.8938494,4.9785795,0.0,4.770876,8.168247,8.830347,13.917999,16.471113,18.569279,22.788479,23.307756,21.204746,18.064554,14.751346,14.157498,9.759414,10.245857,6.710611,6.5272694,4.5015597,7.9335785,8.971954,12.77805,12.569448,12.397722,9.46339,13.693136,13.683908,14.991521,11.796871,10.392513,11.489694,16.104666,15.618015,12.507876,10.269044,15.974382,17.240566,20.780453,16.593596,15.081331,21.275135,20.195047,17.829435,22.20829,22.131168,23.412376,19.378716,24.852999,21.159742,25.57668,25.0864,24.710073,27.520746,23.62745,25.717222,22.466734,17.916025,15.376493,13.070949,14.249346,10.634093,12.423318,16.242775,18.295166,20.826792,23.396603,24.98011,25.619524,23.053167,23.485043,19.28429,17.735811,20.654049,22.759077,20.559435,24.160603,20.528198,25.349306,27.155941,24.517817,20.931492,22.599638,16.05441,18.21541,15.854874,17.41483
29,24.202513,20.599358,19.690887,15.730297,12.809172,16.945196,10.770385,13.952544,11.677991,12.65482,15.549084,16.025679,18.7967,14.563943,10.766884,7.5872903,4.4520435,6.426804,7.10208,10.355215,12.482733,15.034897,17.191263,15.05216,14.2231865,12.139201,8.672437,4.9503007,4.770876,0.0,8.515982,6.0883512,12.680598,14.381788,16.234367,20.612516,20.289242,18.127712,14.788472,11.381969,11.563227,6.7406516,9.271858,7.1888494,4.9851446,7.2851663,7.930187,11.541766,14.275322,15.500506,16.03272,13.681719,17.684614,18.140062,18.730125,15.127592,14.347546,14.635315,19.737574,18.395191,14.777186,14.093862,19.987839,21.638853,24.836454,19.965345,19.250916,25.4563,23.975122,21.7589,26.049303,26.32421,27.197607,22.946936,28.123035,23.854534,27.939804,26.765396,26.034323,28.121046,23.787764,25.99449,22.513794,18.37827,15.623892,13.628664,15.082133,13.107022,13.761158,17.769428,19.71136,21.573793,24.195774,26.439573,27.634033,25.585365,26.481573,22.498573,20.920792,24.147196,26.358784,24.433975,27.58155,23.985416,28.731724,30.405224,28.122503,24.602531,26.860518,20.387402,22.866718,20.535732,22.164867
30,32.195236,28.427406,27.06351,23.142288,20.234865,22.88971,16.861212,17.109957,13.342721,13.004683,13.018775,13.184792,13.489463,7.6806865,6.9475336,5.683723,7.882999,9.828155,15.239541,17.421318,20.50997,22.61067,25.241358,22.748423,21.157244,19.470072,15.01931,12.31156,8.168247,8.515982,0.0,5.7420917,6.2116427,10.197965,11.608441,15.783846,17.087889,14.998592,12.747983,10.289502,8.279472,6.855743,4.1706653,4.7574463,9.702132,9.155286,13.987169,16.303959,20.312725,20.267569,19.344694,15.454971,18.251392,16.911367,17.661076,15.345859,12.125728,10.471418,15.457039,12.084695,7.775297,9.416927,14.7128315,17.320692,19.199165,13.249783,14.868301,20.483768,19.352638,18.239403,23.01667,24.248583,25.458107,22.289793,27.504902,24.555742,27.765007,27.485939,25.84321,27.997992,23.4113,23.904133,19.665539,15.58535,14.737473,14.455594,17.020674,15.826962,18.709469,22.51206,25.21693,27.56393,29.77573,31.911783,32.48737,30.223461,30.623613,26.561485,25.299923,27.940979,29.622154,26.990717,30.279606,26.011415,30.178537,31.27988,28.167667,24.761158,25.547785,19.624243,21.831934,18.278322,20.352114
31,27.586279,23.779299,22.688498,18.42052,15.988105,18.616726,12.221393,14.108943,9.922828,11.6985855,12.789984,11.506171,14.454121,9.975397,6.985692,6.19857,5.543941,9.184185,12.342644,15.49753,18.02379,20.206104,22.662672,20.978529,20.106546,18.206917,14.466489,10.967847,8.830347,6.0883512,5.7420917,0.0,7.2065163,8.334949,10.315786,14.5380535,14.552009,12.686688,9.240635,5.951439,6.8273077,4.471632,6.282878,7.5052323,8.999483,11.0712,13.459023,17.091505,20.22933,21.103062,21.126629,18.000952,21.564064,21.034367,21.68796,18.621494,16.5104,15.465684,20.694786,17.678864,13.426248,14.578738,20.132196,22.359022,24.614288,18.698565,19.478788,25.36182,23.428696,21.903198,26.2798,27.501734,28.090157,24.2767,29.16992,25.229599,28.373007,27.17675,25.475199,26.926672,22.03776,23.21336,19.082972,15.435122,13.701968,13.239176,15.736143,15.777682,17.391602,21.334557,23.899757,25.605265,27.841322,30.611855,31.769642,30.080061,31.04926,27.22621,25.97415,29.089308,30.86501,28.590618,31.298952,27.1341,31.379269,32.482014,29.979107,26.592697,28.582338,22.490223,25.308525,22.364464,24.606062
32,34.563816,30.739803,29.583298,25.3184,23.025309,24.953968,18.872643,19.26173,14.472329,15.43936,14.040332,11.6510515,12.339383,6.794198,8.287339,9.844736,11.806302,14.750239,19.399204,22.21396,25.016745,27.161804,29.710583,27.694296,26.515905,24.612747,20.517538,17.31814,13.917999,12.680598,6.2116427,7.2065163,0.0,5.60108,5.659464,9.864761,11.411139,9.531048,8.24609,7.364954,5.1687503,8.073119,5.7457304,9.670465,13.937261,14.901217,18.861156,22.103308,25.818861,26.256607,25.4759,21.62302,24.154451,22.707598,23.068361,20.898083,17.732931,15.255681,19.901321,15.258755,11.1229105,14.650316,19.026537,21.99225,22.873613,16.369516,19.394028,24.312704,22.810999,22.3492,26.872143,28.813883,29.63049,26.746271,31.484442,28.564331,30.93604,30.343273,27.93231,29.189892,24.187927,23.772839,19.05817,16.06002,16.196815,17.157225,20.186018,20.66668,23.347593,27.13217,30.025558,31.983057,34.01109,36.69164,37.502518,35.649517,36.292862,32.39343,31.243448,33.989403,35.535755,32.878937,35.74494,31.258888,35.079666,35.783585,32.76519,29.545809,30.422276,24.928274,27.36613,23.665943,25.95976
33,32.949776,29.091742,27.751837,23.602516,21.794851,22.548264,17.069654,17.021202,11.897679,14.038358,12.254901,7.8317103,10.607564,7.7853537,8.116411,11.102077,12.490345,15.790839,19.991247,22.858042,25.686657,27.424374,30.173456,28.977406,28.045061,26.403759,22.476059,19.1729,16.471113,14.381788,10.197965,8.334949,5.60108,0.0,4.5577292,6.557407,8.080573,8.0998535,5.1916513,5.2790995,7.8776803,10.774296,10.48483,13.953221,16.987661,18.599821,21.715591,25.153118,28.509808,29.016064,28.72968,25.171963,28.380127,26.944653,27.829323,25.425152,22.283106,20.28566,24.955164,20.472155,16.24763,18.91749,23.24323,25.754467,26.740036,20.162434,22.438787,27.348701,24.764732,24.208107,28.178675,30.508024,30.574726,27.49026,31.618746,28.24161,29.954779,28.729998,25.876308,26.258217,21.038288,20.516392,15.82395,13.806845,14.093372,15.791407,18.91863,21.117775,23.344717,26.924038,29.98,31.430126,33.145763,36.426014,37.53543,36.347843,37.433647,33.927887,33.074062,36.062386,37.298233,34.751244,36.767784,32.142757,35.606937,35.96567,33.40719,30.393076,32.145267,26.918236,30.05156,26.782879,29.653156
34,35.353664,31.604183,30.755562,26.307129,24.70186,26.083784,20.23289,21.213072,16.087126,18.333838,16.633251,12.312287,14.27258,10.576876,11.91299,14.260619,15.440333,18.897299,22.403372,25.705742,28.084913,30.249805,32.609474,31.11916,30.400196,28.329952,24.692867,21.160751,18.569279,16.234367,11.608441,10.315786,5.659464,4.5577292,0.0,5.274933,5.838465,4.4297647,4.655568,6.475544,6.264762,10.905377,10.285079,14.528595,17.668085,19.760773,22.717712,26.696169,29.999252,30.961706,30.512789,26.871656,29.518509,28.296408,28.429916,26.060345,23.253698,20.686672,25.315521,20.436476,16.518818,20.308937,24.539371,27.523365,28.14041,21.559608,24.769398,29.481205,27.594322,27.275913,31.521046,33.765923,34.197437,31.255535,35.618587,32.412308,34.286087,33.204292,30.37725,30.776142,25.559711,24.804825,20.058283,18.176613,18.583223,20.097155,23.188496,24.790867,26.95023,30.694422,33.582603,35.092663,37.002384,40.16051,41.29229,39.8474,40.793034,37.047386,35.93791,38.881153,40.41522,37.864193,40.359467,35.821846,39.49137,39.994278,37.24491,34.136223,35.436707,30.067617,32.778645,29.183168,31.597862
35,38.0505,34.29656,33.179234,28.984055,27.624804,27.944174,22.827768,22.743603,17.690556,19.939306,17.271421,12.105101,13.731219,12.220693,14.21907,17.487831,19.033688,22.332373,26.299982,29.344963,31.985146,33.790188,36.4097,35.294334,34.500675,32.705208,28.906162,25.499846,22.788479,20.612516,15.783846,14.5380535,9.864761,6.557407,5.274933,0.0,4.7071857,6.8726277,7.520777,10.135691,11.525363,15.936245,15.220095,19.332047,22.624987,24.441742,27.581686,31.30516,34.670357,35.339745,34.895798,31.177967,33.96539,32.339275,32.89001,30.753963,27.49978,24.923122,29.209417,24.06301,20.285824,23.955736,27.574343,30.379738,30.539198,23.941774,27.279598,31.455496,29.008621,29.061344,32.83714,35.596806,35.58563,32.97493,36.749626,33.769623,34.817547,33.63696,30.300615,30.0226,24.893795,23.297684,18.683586,18.040092,19.307571,21.641216,24.801481,27.48028,29.78063,33.263325,36.378662,37.695698,39.274517,42.72602,43.857838,42.79404,43.881252,40.406742,39.577473,42.506504,43.679047,41.044533,42.978405,38.2506,41.433125,41.51081,38.895374,36.06038,37.474083,32.64852,35.654472,32.146107,34.98904
