,0,1,2,3,4,5,6,7,8,9,10,11,12,13,14,15,16,17,18,19,20,21,22,23,24,25,26,27,28,29,30,31,32,33,34,35,36,37,38,39,40,41,42,43,44,45,46,47,48,49,50,51,52,53,54,55,56,57,58,59,60,61,62,63,64,65,66,67,68,69,70,71,72,73,74,75,76,77,78,79,80,81,82,83,84,85,86,87,88,89,90,91,92,93,94,95,96,97,98,99,100,101,102,103,104,105,106,107,108,109,110,111
0,0.0,4.280525,6.636386,9.317305,12.255774,13.988557,17.239212,22.04066,24.201002,27.622744,31.269388,33.657906,33.27024,30.750805,25.959816,26.807817,23.569735,25.107683,20.611536,23.568266,22.302711,23.191132,23.376106,25.726965,27.488083,26.29254,26.70854,24.372889,27.231283,23.018646,29.349548,23.44831,28.7759,25.745674,27.29665,28.944733,25.865963,25.92755,22.803232,21.747131,26.240866,24.568224,28.829674,29.288137,26.091808,30.156137,27.327875,30.755764,30.495838,31.602993,32.16385,32.097115,36.095104,34.092552,39.004944,38.742085,35.769676,38.564674,39.134735,41.095825,41.565083,36.57878,42.0881,42.23934,46.343597,42.468082,39.943916,45.883247,43.295475,40.36167,43.683575,42.41339,40.42476,38.530933,43.37072,39.93534,42.737415,42.984776,40.216377,43.09874,38.90583,40.866657,41.348614,36.459293,34.929592,33.90261,31.637157,31.816418,27.905912,31.10378,29.575369,26.007694,26.157705,23.912725,25.444239,19.085037,16.287838,13.965915,13.134029,15.809234,19.392359,20.092901,23.857086,25.206724,27.22053,30.47954,29.344955,35.508358,31.045765,35.18788,35.108677,38.466618
1,4.280525,0.0,4.662072,6.1359177,8.454855,11.603978,13.585302,19.003693,20.974998,24.174078,28.14928,30.167583,29.892845,26.960186,22.06016,22.653938,19.348326,20.84377,16.530342,19.560839,18.679062,19.685112,20.29779,22.332623,23.804918,22.63085,22.673592,20.291111,23.045652,18.934511,25.409855,19.603958,25.328356,22.566925,24.438871,26.45432,23.74829,23.568733,20.04662,18.52761,23.015833,20.961334,25.162006,25.38797,22.276247,26.114016,23.538992,26.837759,26.903814,27.859982,28.501667,28.174896,32.29438,30.241629,35.120113,34.753113,31.680712,34.39719,35.127174,36.978592,37.38634,32.31267,37.812855,37.97245,42.06477,38.213516,35.693268,41.649666,39.130558,36.229656,39.676235,38.511055,36.595222,34.59792,39.463055,35.875603,38.84741,38.97704,36.291363,39.249924,34.885895,37.047623,37.40467,32.5081,30.833593,29.692858,27.526472,27.557735,23.724098,27.032955,25.69748,22.23719,22.456356,20.56055,22.586374,16.118765,13.05731,10.617674,9.358033,11.624639,15.554873,16.383814,19.97593,21.598593,23.805868,26.862234,25.678637,31.728134,27.14589,31.39464,31.19034,34.742622
2,6.636386,4.662072,0.0,5.0602665,7.0489793,7.8438754,11.790945,15.615555,18.32937,21.409613,25.155544,27.809786,28.086687,25.7574,20.850805,21.966087,19.247606,21.286392,18.196404,21.010942,21.11295,21.798752,23.159578,25.09076,26.035297,25.123611,24.32717,21.79822,23.729023,19.803797,25.165655,19.345268,24.465403,20.885525,23.194725,24.398054,22.030996,22.592533,18.820086,17.64553,22.886534,21.51274,25.301332,25.972765,23.809734,27.231588,25.644726,28.753445,29.483469,30.09771,30.679882,29.720001,33.80264,31.238585,36.186523,35.974457,32.323112,34.636032,35.149796,36.516537,36.564396,32.05211,37.43104,37.606453,41.847527,38.457966,35.912243,41.885372,39.981407,37.146595,40.91586,39.78267,37.70782,35.202156,39.776283,35.767525,38.42357,38.206707,35.201294,37.67677,33.494198,34.998848,35.389297,30.558079,29.29217,28.734247,26.069809,27.19435,23.390177,26.689405,25.280308,22.035402,23.197075,20.78416,23.600176,17.121906,14.3887615,13.026539,9.795598,11.597779,14.647717,13.990775,18.210499,18.90401,20.72115,24.154665,23.252195,29.551897,25.681974,29.920895,30.353514,33.818928
3,9.317305,6.1359177,5.0602665,0.0,3.7608232,6.594373,8.056058,13.690891,15.083559,18.707104,22.329967,24.417631,23.99329,21.570496,16.864773,18.291151,15.612597,18.481356,15.578907,19.084826,19.429157,20.865894,22.30388,23.339916,24.097342,22.67573,21.45209,18.417152,19.974567,15.717167,20.718601,14.7579155,19.787205,16.581463,18.598164,20.39699,17.937403,17.9975,14.2101965,12.854494,17.899485,16.633957,20.481861,21.415745,19.500364,23.190306,21.954393,25.66218,26.423267,27.526924,28.69131,27.643911,32.136528,29.925257,34.6078,33.835243,30.362703,32.512333,33.772663,34.804035,34.4835,29.38843,34.535988,34.29282,38.656532,35.605114,32.408535,38.251495,36.39268,33.3797,36.94002,35.520134,33.21403,30.7149,35.22926,31.51224,33.970158,34.0887,31.13492,33.883957,29.924501,31.755964,32.616127,27.711061,26.521353,25.695131,23.719986,24.625631,21.489872,25.270477,24.555904,21.670223,22.681385,21.31317,24.573938,18.228786,15.123095,13.086022,10.165282,10.110358,14.33684,12.850456,17.13497,17.691835,19.195915,22.868826,22.348537,28.436993,24.692518,29.261152,29.427273,33.411804
4,12.255774,8.454855,7.0489793,3.7608232,0.0,6.278346,5.221651,11.284108,12.808119,15.828981,19.987556,21.76592,21.851013,18.921892,13.937613,15.010491,12.411976,15.231022,13.185936,16.400923,17.513584,18.767391,20.798822,21.58626,21.862566,20.717522,18.89565,15.963548,17.12287,13.269441,18.159876,12.444616,17.959778,14.942844,17.65896,19.639505,17.94554,17.931074,13.634598,11.644096,16.770744,15.073449,18.5899,19.184628,17.656,20.719732,20.063305,23.275072,24.594904,25.263338,26.334164,24.85649,29.304173,26.872496,31.519773,30.80331,27.070118,29.047354,30.275496,31.143747,30.765282,25.825308,30.994032,30.883335,35.227352,32.205612,29.19909,35.098698,33.441883,30.554598,34.38565,33.20907,31.061106,28.332792,32.82271,28.726875,31.424849,31.206007,28.289017,30.981543,26.722998,28.636759,29.186253,24.278547,22.929602,22.134748,20.004684,21.029903,17.892698,21.696438,21.104212,18.435335,19.788652,18.620094,22.405485,16.3491,13.424378,12.002623,8.304128,7.0523796,11.094981,9.318416,13.463844,14.219287,16.013714,19.380323,18.768568,24.768114,20.997086,25.608334,25.79796,29.864119
5,13.988557,11.603978,7.8438754,6.594373,6.278346,0.0,7.102736,8.454533,11.178184,14.558632,17.647804,20.833231,21.401108,20.136812,15.72546,18.021385,16.609293,20.09808,19.16358,22.084194,23.62333,24.579144,26.830936,27.751982,27.828714,26.822475,24.577461,21.567476,21.809431,18.230534,21.005482,15.557919,19.090715,14.569956,17.377495,17.621805,16.058928,17.44881,13.423253,12.817414,18.688078,18.621439,21.455894,23.018688,22.666676,25.477413,25.710257,28.939003,30.566622,31.153212,32.19164,30.330542,34.6416,31.811428,36.43975,35.875656,31.6897,33.16708,34.143105,34.38158,33.465294,29.334011,34.119717,33.874336,38.38243,36.12984,32.94529,38.66208,37.780228,34.945164,38.895603,37.569977,35.10394,31.902557,35.83426,31.543915,33.435513,32.986736,29.575575,31.474531,27.912457,28.615314,29.579227,24.871464,24.444073,24.607807,21.967592,24.614918,21.780628,25.397131,24.703337,22.350634,24.58216,22.71488,26.852367,20.850348,18.33522,17.554512,13.115655,12.343225,14.714405,10.556411,15.561505,14.2449465,14.742337,19.135855,19.275084,25.532494,23.151188,27.588934,28.699669,32.510887
6,17.239212,13.585302,11.790945,8.056058,5.221651,7.102736,0.0,7.7628856,7.8854775,11.083762,15.126563,16.601416,16.691938,13.990166,9.162658,11.173028,9.731982,13.91086,13.891144,17.01387,19.163977,20.64028,23.173903,23.081713,22.675856,21.448494,18.521229,15.292167,14.892806,11.5021305,14.094698,8.699982,13.363011,10.11842,13.431621,15.369208,14.561776,14.629727,10.015797,7.812879,13.191793,12.251006,14.891393,16.058647,16.098892,18.515718,19.41854,22.636665,24.62347,25.292212,26.753345,24.658943,29.230633,26.775135,31.024668,29.94353,25.972965,27.305864,29.055305,29.093851,28.000628,23.130823,27.805944,27.308556,31.844097,29.64834,26.074526,31.763325,30.799274,27.905977,31.82222,30.5118,28.10998,24.889982,28.955492,24.664722,26.928963,26.592474,23.459824,25.965603,22.009071,23.7014,24.685919,19.792595,18.905342,18.41777,16.642313,18.535213,16.442295,20.500479,20.664871,18.83851,20.750883,20.295746,24.77513,19.380114,16.780874,15.785977,12.02743,9.022374,12.1108055,8.021662,12.058663,11.5854435,12.49261,16.243202,16.401985,22.051132,19.259228,24.001303,24.454288,28.840847
7,22.04066,19.003693,15.615555,13.690891,11.284108,8.454533,7.7628856,0.0,5.2262063,6.5591125,9.972608,13.406159,15.60988,14.865156,11.271461,13.969478,14.502539,18.352448,20.173122,22.271334,25.285727,26.021254,29.166023,29.27946,28.32593,27.71021,24.136862,21.379961,19.815535,17.72117,17.507673,13.882465,15.745891,11.177912,15.264679,14.758579,15.539522,17.248466,13.115679,12.356321,17.594904,18.070808,19.213812,20.875654,22.446438,23.671423,25.859058,28.22772,30.963705,30.940878,32.029926,29.18683,33.24269,30.077013,34.170013,33.530334,28.82335,29.297878,30.420895,29.495806,27.71514,24.556566,28.581547,28.236311,32.758904,31.585327,28.396954,33.725254,34.01432,31.522276,35.815445,34.765354,32.361153,28.464756,31.625,26.686361,28.182192,26.934666,23.290644,24.363924,21.007597,20.825285,21.743662,17.308588,17.651665,18.813097,15.948017,20.321356,18.64718,22.009842,22.040365,20.95014,24.170143,22.950373,28.040588,23.210085,21.364574,21.548618,16.770401,14.2436905,14.664139,8.09774,12.068612,8.39492,7.04964,12.075377,13.388933,19.027746,18.447815,22.686462,24.475271,28.359562
8,24.201002,20.974998,18.32937,15.083559,12.808119,11.178184,7.8854775,5.2262063,0.0,5.002192,7.38014,9.72638,10.667448,10.429435,7.824535,11.67716,12.993744,17.779451,20.003288,22.531115,25.571623,26.927782,29.909012,29.254425,28.178072,27.090107,23.198599,20.08878,17.748903,15.740935,13.617649,10.632461,10.79253,6.178384,10.434996,10.346086,11.802133,13.085239,9.249827,8.714108,13.191682,14.545123,14.960332,17.29992,19.809643,20.996494,23.90048,26.768522,29.47962,29.979527,31.652214,28.834126,33.18437,30.536482,34.198723,32.926266,28.594019,28.82071,30.841936,29.524574,27.261335,23.435545,26.918976,25.899181,30.569313,30.020138,25.922384,30.923204,31.417921,28.746305,32.692387,31.252056,28.510172,24.521078,27.369768,22.819511,23.758118,22.971926,19.231808,20.60571,17.834782,17.984095,19.950773,15.500047,16.235094,17.093102,15.567566,19.58334,19.062841,22.780924,23.616901,22.91625,25.690006,25.451689,30.52217,25.821127,23.701376,23.29556,19.189,15.885871,17.236267,11.146628,14.314099,11.097268,9.246755,13.816989,15.636827,20.361517,20.031399,24.3957,25.72266,30.046545
9,27.622744,24.174078,21.409613,18.707104,15.828981,14.558632,11.083762,6.5591125,5.002192,0.0,5.456346,7.2865853,10.808886,10.190408,8.354131,11.107405,13.451389,17.408861,21.003807,22.635347,26.355564,27.240528,30.676884,29.925602,28.324482,27.761211,23.404814,20.878963,17.905594,17.158619,14.157418,12.849868,12.894492,9.756839,14.06001,13.790379,16.21274,17.378397,13.81392,12.843432,16.362734,17.120516,16.692863,18.316757,21.389439,21.361729,25.007574,26.859035,30.1902,29.994946,31.35145,28.010315,31.912367,28.940336,32.315174,31.29582,26.614702,26.273981,28.00337,26.118855,23.520203,20.718792,23.808529,23.07494,27.598837,27.46121,23.932934,28.737785,29.89082,27.634722,31.92499,30.978277,28.614944,24.340918,26.785986,21.597546,22.70636,20.996716,17.27449,17.931765,14.779863,14.273198,15.55508,11.243686,12.388785,14.144358,12.084024,17.271858,17.246346,20.402424,21.437273,21.460361,24.761675,24.626976,29.975986,26.089281,24.521564,24.850685,20.599653,17.097092,16.994164,10.880601,12.557039,8.499482,5.644673,9.565037,12.016366,15.976798,16.79629,20.754095,22.524834,26.634142
10,31.269388,28.14928,25.155544,22.329967,19.987556,17.647804,15.126563,9.972608,7.38014,5.456346,0.0,5.344478,8.979715,11.524175,11.847585,15.260665,18.023767,22.333942,25.92487,27.78805,31.425177,32.519073,35.854816,34.89861,33.29869,32.5095,28.071476,25.366957,22.000135,21.251871,16.614305,16.073006,13.565147,10.303926,13.626827,11.658893,15.153397,16.990503,14.597983,14.815204,17.58517,19.729317,18.54992,21.02811,24.88311,24.875378,28.994427,31.179852,34.45275,34.572746,36.19696,32.8401,36.752495,33.935722,37.006805,35.757786,31.219526,30.482285,32.469654,30.02553,26.862692,24.527832,26.691088,25.435848,29.875088,30.807676,26.791666,30.896421,32.74837,30.531149,34.46678,33.19834,30.498844,26.070131,27.620117,22.906965,22.679306,21.115122,17.124672,16.737017,15.470418,13.390882,16.080444,12.867716,15.344227,17.571806,16.301907,21.69175,22.345135,25.358416,26.608982,26.843752,30.159964,30.06496,35.425,31.461199,29.795666,29.916277,25.640789,22.231415,22.390743,16.097946,17.933748,13.533041,9.903496,13.479024,16.506805,19.502928,21.54291,25.084206,27.11827,31.058561
11,33.657906,30.167583,27.809786,24.417631,21.76592,20.833231,16.601416,13.406159,9.72638,7.2865853,5.344478,0.0,5.74075,7.87436,10.204306,13.030992,16.562681,20.670004,24.988964,26.616842,30.44521,31.751125,35.076878,33.487072,31.574553,30.721363,25.996017,23.509642,19.44075,19.599787,13.357683,14.720362,11.308108,10.391115,13.283823,12.791192,16.62297,17.335213,15.317661,14.966875,16.067675,17.951572,15.711793,17.898657,22.54909,21.720064,26.606592,28.478474,31.951014,32.089325,33.96719,30.508497,34.342274,31.938332,34.4375,32.778984,28.595694,27.48489,30.124758,27.307552,23.787838,21.191498,22.63241,20.913229,25.318447,26.847242,22.414848,26.070778,28.2886,26.187693,29.937952,28.696283,26.06971,21.53931,22.638077,17.921665,17.494026,15.785468,11.794026,11.593079,10.477183,8.959381,12.463113,9.437423,12.176935,14.144857,14.281855,19.082075,20.886494,23.800797,25.748262,26.510405,29.464127,30.25816,35.542625,32.12684,30.528206,30.552061,26.864222,22.93959,23.182795,17.689272,18.437363,14.9510565,12.024187,14.12937,17.034306,18.80389,20.850595,24.238325,25.722666,29.896818
12,33.27024,29.892845,28.086687,23.99329,21.851013,21.401108,16.691938,15.60988,10.667448,10.808886,8.979715,5.74075,0.0,6.1956806,9.977967,13.441061,16.562906,21.305504,24.816042,27.141941,30.41794,32.349,35.197575,33.21951,31.619825,30.146212,25.696579,22.766155,18.76083,18.362469,11.214549,12.859874,7.0903554,7.771201,8.94347,9.394977,13.192505,13.083209,12.224118,12.384512,11.867087,14.875172,12.137062,15.332516,20.304283,20.158129,24.94448,27.746775,30.667385,31.641407,34.08314,31.104868,35.352184,33.56753,35.96813,33.742195,30.184517,29.413092,32.76392,30.296984,26.942741,23.107166,24.494705,22.11534,26.58273,28.09978,22.67221,26.100502,27.840239,25.320213,28.38813,26.439,23.257824,18.965029,19.98663,16.399479,15.151929,14.992789,11.141854,12.309249,12.238006,12.343459,16.598358,13.637031,15.63308,16.36968,17.651182,21.017384,23.011326,26.416822,28.572159,28.986696,31.281061,32.503437,37.51579,33.693504,31.654438,30.946957,27.813335,23.796478,25.238087,20.09695,21.416103,18.662117,16.290974,18.923086,21.41714,23.602911,24.611725,28.368908,29.206299,33.731247
13,30.750805,26.960186,25.7574,21.570496,18.921892,20.136812,13.990166,14.865156,10.429435,10.190408,11.524175,7.87436,6.1956806,0.0,5.243813,7.6169224,10.951886,15.384743,19.258465,21.312716,24.703936,26.634817,29.507706,27.32436,25.566742,24.198723,19.62057,16.891699,12.659931,12.865881,5.5535865,8.361479,5.578273,8.105973,10.409906,13.122886,15.596891,14.470422,12.289592,10.709002,10.008134,10.813962,8.094107,10.053881,14.97723,14.29289,19.234474,21.651209,24.769354,25.509043,27.90797,24.928442,29.219366,27.58949,29.990582,27.698818,24.256798,23.77368,27.322802,25.324606,22.444553,17.672798,19.775553,17.6537,22.31015,22.80946,17.449738,21.68147,22.649748,19.987259,23.48409,21.869492,19.048512,14.722792,17.025806,12.568264,13.456708,13.075137,9.713242,12.696401,9.887438,12.511084,15.252196,11.361739,11.78498,11.340699,13.184764,15.34803,17.47338,21.002079,23.363138,23.814041,25.700733,27.445412,32.260033,28.834204,26.913485,26.267271,23.657286,19.375614,20.816364,16.79927,17.310337,15.879388,14.786688,16.580734,18.301294,20.502773,20.24057,24.187614,24.35011,29.109236
14,25.959816,22.06016,20.850805,16.864773,13.937613,15.72546,9.162658,11.271461,7.824535,8.354131,11.847585,10.204306,9.977967,5.243813,0.0,4.4577274,6.793156,11.7834215,15.091829,17.371386,20.707392,22.465874,25.421848,23.802118,22.301243,21.070047,16.703976,13.739951,10.423964,9.538785,6.2948723,5.1494937,7.3845387,7.4624143,11.014213,13.897061,15.28357,14.395766,10.811626,8.257683,9.995459,9.298338,8.922955,10.057604,13.187256,13.410335,17.148085,19.680946,22.684845,23.204664,25.251577,22.388302,26.869413,24.852318,27.9879,26.140015,22.327074,22.556973,25.49834,24.301289,22.169931,17.065897,20.583351,19.311401,24.002274,23.096031,18.557898,23.731823,23.755697,20.978445,24.92098,23.609467,21.113777,17.20056,20.60774,15.916867,18.01032,17.432655,14.357401,17.221422,13.233745,15.78477,17.288942,12.58715,11.943359,11.195695,11.4692745,13.503163,14.144201,18.105776,19.878342,19.695349,21.642609,22.91538,27.743002,23.900503,21.88007,21.286688,18.449564,14.207292,15.861259,11.9605875,12.980514,12.116595,11.968915,14.234572,15.3024235,18.822794,17.32352,21.760818,21.899925,26.712729
15,26.807817,22.653938,21.966087,18.291151,15.010491,18.021385,11.173028,13.969478,11.67716,11.107405,15.260665,13.030992,13.441061,7.6169224,4.4577274,0.0,4.1005144,7.9019375,12.420692,13.911389,17.67421,19.241642,22.388773,20.49368,18.594528,17.714025,13.005009,10.648377,6.8843436,7.6799726,6.2335925,6.6652327,10.686714,11.84738,15.065092,18.305655,19.529783,18.27139,14.703989,11.694383,12.665238,10.193009,9.901434,8.947539,11.456512,10.452918,14.401482,15.929433,19.389778,19.345411,21.217356,18.12468,22.498978,20.54432,23.54866,21.697544,17.890888,18.228495,21.311525,20.400568,18.67629,13.018326,17.069033,16.223354,20.780972,19.09716,15.043572,20.647947,20.21631,17.58281,21.901613,21.141987,19.263876,15.5769205,19.473238,14.405281,17.773182,16.82583,14.496121,17.770983,12.716559,16.350006,16.688389,12.0821705,10.063145,8.134095,8.892879,9.29805,10.277324,14.204945,16.341661,16.492966,18.107819,20.067982,24.740025,21.654768,19.984308,19.71954,17.493338,13.095638,14.159714,11.966058,11.386274,12.121176,13.127502,13.89288,14.163278,17.014736,14.554368,18.882547,18.363409,23.294142
16,23.569735,19.348326,19.247606,15.612597,12.411976,16.609293,9.731982,14.502539,12.993744,13.451389,18.023767,16.562681,16.562906,10.951886,6.793156,4.1005144,0.0,5.4194174,8.499114,10.642402,13.984336,15.792667,18.720585,17.063795,15.58441,14.492956,10.245611,7.4279184,5.454176,4.561689,8.230723,6.1719823,12.4762745,13.207879,16.174845,19.805601,20.123293,18.631367,14.789907,11.401369,12.92063,9.265534,10.706333,9.174483,9.381131,9.6611395,11.851487,13.868099,16.832838,16.990784,18.805899,16.22809,20.929544,19.098598,22.622248,20.901583,17.354586,18.60688,21.403404,21.488113,20.609346,14.509934,19.293743,18.83805,23.140753,20.379501,16.816278,22.69459,21.222553,18.42017,22.582458,21.819925,20.104609,17.088207,21.647532,17.121702,20.85591,20.354326,18.285706,21.79074,16.733376,20.430685,20.531385,15.892696,13.500808,11.228195,11.307854,10.258676,9.591306,13.860411,15.42978,14.731054,15.6982765,17.629124,21.951572,18.451414,16.502413,15.86778,14.149603,9.801336,11.845499,11.044061,10.889523,12.8805065,14.771452,15.799502,15.333535,18.950262,15.155007,19.674631,18.70983,23.597834
17,25.107683,20.84377,21.286392,18.481356,15.231022,20.09808,13.91086,18.352448,17.779451,17.408861,22.333942,20.670004,21.305504,15.384743,11.7834215,7.9019375,5.4194174,0.0,6.370586,6.18806,10.42954,11.603982,14.936062,13.15649,11.042721,10.906117,6.4178586,5.7262683,5.546007,7.1715074,12.216085,11.396575,17.566298,18.589693,21.556797,25.194715,25.5042,23.943884,20.118351,16.689573,17.884678,13.571702,14.916764,12.028375,10.7767,9.644077,10.69719,10.470473,13.977073,12.856817,13.993526,11.093603,15.659394,13.728392,17.4423,16.0444,12.461496,14.399393,16.88197,17.90434,18.079395,11.867953,17.351255,17.81357,21.4961,17.383894,15.350832,21.412527,19.174345,16.834002,21.269602,21.38877,20.659403,18.28301,23.041817,18.489542,23.154358,22.252262,20.916042,24.418251,18.76974,22.89864,21.832226,17.647291,14.301445,11.40377,11.314927,7.6432266,5.9396267,9.781154,11.407539,10.882307,10.99301,13.975487,17.866,15.630783,14.395265,14.462068,13.82807,10.069111,10.762783,12.754497,10.747788,14.491477,17.32648,16.921053,15.463306,18.229567,13.104424,17.117498,15.170371,19.920155
18,20.611536,16.530342,18.196404,15.578907,13.185936,19.16358,13.891144,20.173122,20.003288,21.003807,25.92487,24.988964,24.816042,19.258465,15.091829,12.420692,8.499114,6.370586,0.0,4.4819264,5.7289815,8.20781,10.424048,9.291071,8.932712,7.7563853,6.1894994,4.77962,8.829965,7.322758,15.461615,12.697058,19.772264,20.363367,22.740578,26.692972,25.895224,24.079689,20.346985,16.960585,18.485777,13.705865,16.660946,14.0670595,10.204678,11.735004,9.199784,10.659192,12.103859,12.110141,13.288646,12.304303,17.059206,15.843997,20.002422,18.752632,16.315296,19.23046,21.239765,23.28905,24.089909,17.873547,23.30495,23.664646,27.155296,22.53624,20.506392,26.374596,23.147726,20.53662,24.186352,23.884882,23.029993,21.489872,26.710413,23.058033,27.52497,27.383106,25.98508,29.785336,24.470228,28.528856,27.913101,23.497997,20.422203,17.648392,17.289728,13.90937,11.17859,14.496888,14.875511,12.779296,11.369901,13.723107,16.377254,12.968061,10.877635,9.514328,10.700743,8.119679,11.076384,14.419502,13.969072,17.946245,21.00882,21.557508,19.876911,23.634104,17.954336,21.957901,19.907845,24.2073
19,23.568266,19.560839,21.010942,19.084826,16.400923,22.084194,17.01387,22.271334,22.531115,22.635347,27.78805,26.616842,27.141941,21.312716,17.371386,13.911389,10.642402,6.18806,4.4819264,0.0,4.759633,5.456665,8.837794,7.7701187,6.2106705,7.0003877,5.456213,6.838845,10.17351,10.604507,17.707571,15.9769745,22.783644,23.511868,26.24183,30.020168,29.640568,27.973316,24.118235,20.68459,22.135626,17.34488,19.631191,16.491919,13.146098,13.023793,10.919571,9.76184,11.957166,10.196169,10.236108,8.713638,13.070175,11.489953,15.895722,15.192629,12.614116,15.914871,17.35852,20.0146,21.50748,15.8073015,21.402132,22.437366,25.441872,20.149765,19.419136,25.221266,21.875776,19.806875,23.738125,24.190163,24.023819,22.595617,27.65811,23.709545,28.640911,27.97788,26.928644,30.53104,24.835907,28.984934,27.562126,23.511005,19.989025,17.128979,16.54911,12.247774,9.067215,11.353021,11.563328,9.742789,7.44797,10.930713,13.3023205,11.573407,10.643809,10.717426,12.140632,10.065615,10.894463,15.508143,13.643439,18.342096,21.802347,21.302076,19.11815,22.066757,15.877946,19.27071,16.665537,20.652925
20,22.302711,18.679062,21.11295,19.429157,17.513584,23.62333,19.163977,25.285727,25.571623,26.355564,31.425177,30.44521,30.41794,24.703936,20.707392,17.67421,13.984336,10.42954,5.7289815,4.759633,0.0,3.7737172,4.829332,4.2397327,5.200638,5.1702394,7.322879,8.589733,13.167937,12.61108,20.628769,18.329979,25.324026,26.080307,28.338224,32.366863,31.38212,29.464237,25.853378,22.52078,23.795326,18.826046,21.73891,18.648846,14.060271,15.0850935,10.969334,10.540209,10.7659025,9.879755,9.861517,10.444983,14.404225,13.883309,18.005415,17.276396,15.937437,19.619865,20.9629,24.138557,25.942759,20.126911,25.517473,26.411942,29.219316,23.672523,22.88984,28.435253,24.405634,22.240973,25.50015,25.750454,25.650936,24.90305,30.179256,26.903522,31.779959,31.613274,30.671186,34.53661,29.026604,33.31266,32.15559,28.029602,24.592527,21.624489,21.234053,16.861399,13.810871,15.816184,15.601018,13.262147,9.999452,12.870374,13.565039,11.627096,10.376018,9.303486,12.682979,11.848717,13.756558,18.729279,17.63493,22.268938,25.733194,25.670378,23.45995,26.707685,20.401379,23.653124,20.9291,24.537481
21,23.191132,19.685112,21.798752,20.865894,18.767391,24.579144,20.64028,26.021254,26.927782,27.240528,32.519073,31.751125,32.349,26.634817,22.465874,19.241642,15.792667,11.603982,8.20781,5.456665,3.7737172,0.0,4.200434,5.8653517,6.0922065,7.945428,9.588376,11.426292,15.436805,15.348579,22.995728,20.771362,27.792706,28.186275,30.835085,34.553635,33.75455,32.146248,28.272833,24.939833,26.689716,21.84571,24.58124,21.477623,17.367489,17.773436,14.306141,12.746641,13.495384,11.400856,10.031604,10.273272,13.26345,12.031624,16.572319,16.756094,15.080649,18.91175,19.281113,22.932034,25.236088,20.21898,25.739342,27.157986,29.720846,23.867489,24.035297,29.574335,25.737207,23.95743,27.500164,28.185114,28.363699,27.443272,32.578995,28.910036,33.936996,33.324646,32.369633,35.94362,30.190308,34.23934,32.5454,28.571812,24.991629,22.27878,21.28436,17.035044,13.349117,14.508072,13.582382,11.020169,7.1602273,9.892809,9.919838,9.144725,8.9629545,9.324202,12.542027,12.375492,12.900517,18.752222,17.080208,22.069038,25.836166,25.263859,22.66628,25.69346,19.113531,21.891376,19.10827,22.199888
22,23.376106,20.29779,23.159578,22.30388,20.798822,26.830936,23.173903,29.166023,29.909012,30.676884,35.854816,35.076878,35.197575,29.507706,25.421848,22.388773,18.720585,14.936062,10.424048,8.837794,4.829332,4.200434,0.0,4.5866504,6.973531,8.026374,11.555567,13.323843,17.895405,17.391352,25.449945,23.050833,30.091635,30.67276,32.91523,36.875576,35.675728,33.815285,30.210184,26.959763,28.384174,23.432896,26.473373,23.342495,18.510761,19.517204,14.908674,13.771871,13.070206,11.73458,10.458537,12.297076,14.897776,14.76246,18.702318,18.674877,18.060545,22.04712,22.59963,26.488014,28.927874,23.665213,28.977802,30.225721,32.62435,26.628794,26.670044,31.96372,27.595804,25.76111,28.72504,29.270998,29.547962,29.192022,34.446613,31.345156,36.351395,36.141666,35.338055,39.161766,33.55312,37.80898,36.3434,32.335403,28.782524,25.880875,25.226479,20.730902,17.378607,18.551413,17.694195,15.1267185,11.103954,13.39693,12.07842,11.4046,10.973893,10.281894,14.707933,15.147513,16.48246,22.214432,21.01614,25.88624,29.579708,29.296032,26.765652,29.883049,23.312075,26.024218,23.110361,26.008772
23,25.726965,22.332623,25.09076,23.339916,21.58626,27.751982,23.081713,29.27946,29.254425,29.925602,34.89861,33.487072,33.21951,27.32436,23.802118,20.49368,17.063795,13.15649,9.291071,7.7701187,4.2397327,5.8653517,4.5866504,0.0,3.523293,3.8094487,8.220206,10.55318,15.027662,15.195789,22.805244,21.25014,27.947746,29.30822,31.279476,35.58827,34.62261,32.392723,29.07437,25.73334,26.268602,21.128511,23.744762,20.217684,15.36062,15.871836,11.089374,9.470594,8.53768,7.3823876,7.077935,9.373041,12.699603,13.517734,16.784882,15.810774,15.855573,19.741693,21.292036,24.84931,27.02478,21.182705,26.139036,27.079609,29.36233,23.461704,23.124035,28.181702,23.528708,21.6279,24.316319,24.850344,25.291145,25.257858,30.480299,27.7717,32.853695,32.88198,32.42562,36.48528,31.038477,35.696247,34.42449,30.588692,26.988527,23.705254,23.907637,18.731234,16.38536,17.764772,17.854918,16.035501,12.097573,15.648742,15.28361,14.766518,14.019146,12.984456,16.816454,16.07418,17.745571,22.77909,21.313717,26.028475,29.459757,29.066088,26.825161,29.44354,23.133602,25.92784,22.69562,26.018353
24,27.488083,23.804918,26.035297,24.097342,21.862566,27.828714,22.675856,28.32593,28.178072,28.324482,33.29869,31.574553,31.619825,25.566742,22.301243,18.594528,15.58441,11.042721,8.932712,6.2106705,5.200638,6.0922065,6.973531,3.523293,0.0,3.6180015,6.110868,9.3807535,13.132471,14.306295,21.182508,20.340113,26.814392,28.394516,30.60498,34.843327,34.326,32.163235,28.750412,25.31548,25.712738,20.584517,22.652555,18.859467,14.718348,14.113384,10.467279,7.329701,8.087417,5.313017,4.698943,5.923794,9.757994,10.449247,13.680491,12.560661,12.368211,16.226257,17.975952,21.417818,23.601822,17.838314,22.742193,23.852135,26.018402,20.029177,20.031483,25.112291,20.642084,18.938921,22.012384,22.895643,23.549168,23.271795,28.343267,25.326618,30.58585,30.300056,29.994057,33.93561,28.376694,33.094185,31.55276,27.93993,24.212729,20.864319,21.241434,15.696353,13.742506,14.820094,15.341711,14.143505,10.348208,14.681112,15.007246,15.10791,14.687693,14.331702,17.298355,15.895593,16.858562,21.7176,19.618254,24.366205,27.761892,26.906494,24.675375,26.74131,20.558628,23.155416,19.73338,23.155203
25,26.29254,22.63085,25.123611,22.67573,20.717522,26.822475,21.448494,27.71021,27.090107,27.761211,32.5095,30.721363,30.146212,24.198723,21.070047,17.714025,14.492956,10.906117,7.7563853,7.0003877,5.1702394,7.945428,8.026374,3.8094487,3.6180015,0.0,5.061861,7.415337,11.71472,12.247288,19.438389,18.407646,24.797312,26.631563,28.425636,32.908424,32.1421,29.718784,26.591543,23.224766,23.200342,18.01358,20.317684,16.620918,11.871593,12.129741,7.4067116,6.071864,5.6405916,5.381872,7.0280137,8.406523,12.736459,13.685142,16.620094,14.79975,14.7302265,18.261324,20.701912,23.628218,25.271017,18.879654,23.637009,24.171839,26.651564,21.132315,20.017792,25.09758,20.49851,18.308758,21.012524,21.301804,21.560574,21.479034,26.728237,24.153345,29.177877,29.38958,29.01867,33.22108,27.953852,32.79732,31.833916,28.029648,24.528109,21.055256,21.850296,16.531305,14.985706,16.87908,17.698774,16.337877,13.026808,16.968788,17.6818,16.628134,15.479024,14.199574,17.264137,15.58434,17.624374,21.794529,20.365461,24.74543,27.866676,27.58944,25.692606,28.157671,22.228302,25.297451,22.121578,25.92465
26,26.70854,22.673592,24.32717,21.45209,18.89565,24.577461,18.521229,24.136862,23.198599,23.404814,28.071476,25.996017,25.696579,19.62057,16.703976,13.005009,10.245611,6.4178586,6.1894994,5.456213,7.322879,9.588376,11.555567,8.220206,6.110868,5.061861,0.0,3.9039624,7.054691,8.798315,15.092435,14.746522,20.884697,22.863813,24.979017,29.307138,29.097576,26.838987,23.565117,20.117498,20.072954,15.021907,16.684278,12.85632,9.363883,8.341995,6.2281427,4.720676,7.670831,6.8447375,8.875944,7.555146,12.635804,12.607412,15.642557,13.494587,12.110462,15.029323,18.05464,20.11799,21.11457,14.40351,19.303284,19.672625,22.58677,17.546743,15.825448,21.350351,17.489424,15.100096,18.64347,18.90324,18.837734,17.889872,23.060978,19.79412,24.859789,24.727571,24.209051,28.290062,22.93159,27.750042,26.800762,23.01026,19.535248,16.027653,17.071068,11.798951,10.926337,13.369757,14.920516,14.201543,12.065207,16.171497,18.345469,16.968046,15.764822,15.002949,16.539417,13.740973,15.356713,18.564987,16.79268,20.838543,23.70572,23.267204,21.653866,23.869907,18.397036,21.720152,18.80148,23.10151
27,24.372889,20.291111,21.79822,18.417152,15.963548,21.567476,15.292167,21.379961,20.08878,20.878963,25.366957,23.509642,22.766155,16.891699,13.739951,10.648377,7.4279184,5.7262683,4.77962,6.838845,8.589733,11.426292,13.323843,10.55318,9.3807535,7.415337,3.9039624,0.0,4.967058,5.019094,12.28714,11.128784,17.513334,19.352331,21.305452,25.705732,25.302511,23.003153,19.76118,16.332373,16.378645,11.307605,13.454168,10.101526,6.333682,7.0049276,5.331114,7.4453073,9.5862055,10.299204,12.661841,11.387508,16.470459,16.030031,19.2686,17.07591,15.17785,17.620216,20.76948,22.222084,22.543242,15.642232,20.501284,20.32165,23.807558,19.587248,16.699972,22.368143,19.03644,16.176174,19.651434,19.155264,18.255375,16.84596,22.127106,18.839237,23.424294,23.60742,22.618559,26.774498,21.69123,26.303091,26.007881,21.856926,18.797443,15.509037,16.504002,12.379666,11.508744,14.893233,16.390049,15.335859,14.02388,17.308123,20.082363,17.453648,15.593565,14.240487,15.14667,11.887204,14.536982,16.659845,15.824847,19.270157,21.799006,22.15284,20.942501,23.873005,18.812983,22.710705,20.39979,24.998058
28,27.231283,23.045652,23.729023,19.974567,17.12287,21.809431,14.892806,19.815535,17.748903,17.905594,22.000135,19.44075,18.76083,12.659931,10.423964,6.8843436,5.454176,5.546007,8.829965,10.17351,13.167937,15.436805,17.895405,15.027662,13.132471,11.71472,7.054691,4.967058,0.0,4.785787,8.097429,8.972522,14.21059,16.717659,18.821844,23.099197,23.493145,21.272673,18.18891,14.85204,14.261426,9.781854,10.335569,6.749972,6.4333286,4.5008316,7.8098025,9.276492,12.577049,12.964783,15.455948,13.088844,17.901972,17.157856,19.812286,17.281988,14.818772,16.14781,19.953096,20.235785,19.61798,12.575933,16.91238,16.199139,20.10055,16.926962,12.997757,18.746225,16.422596,13.444421,17.398312,16.775896,15.509368,13.135297,18.134472,14.231221,18.777863,18.715475,17.678917,21.83806,16.81693,21.591421,21.539112,17.541868,14.683196,11.287477,13.226719,9.603795,10.569114,14.140628,16.482634,16.38138,16.165096,19.443913,23.020739,20.5985,18.922571,18.066528,17.762331,13.769161,15.673509,16.182108,15.026124,17.576246,19.459335,19.625013,19.011934,21.29939,17.306583,21.214102,19.271093,24.143427
29,23.018646,18.934511,19.803797,15.717167,13.269441,18.230534,11.5021305,17.72117,15.740935,17.158619,21.251871,19.599787,18.362469,12.865881,9.538785,7.6799726,4.561689,7.1715074,7.322758,10.604507,12.61108,15.348579,17.391352,15.195789,14.306295,12.247288,8.798315,5.019094,4.785787,0.0,8.551878,6.16505,12.784668,14.431241,16.308847,20.712654,20.318897,18.067266,14.8001375,11.379115,11.613018,6.777899,9.344317,7.241399,5.2074122,7.487366,8.21922,11.862774,13.851638,15.167259,17.648947,16.006893,21.03848,20.113651,23.41156,21.18819,18.668623,20.409742,23.676268,24.25107,23.681255,16.928196,21.459686,20.65736,24.738012,21.684393,17.661505,23.288895,20.929106,17.76894,21.227701,20.003305,18.134706,15.894984,20.930737,17.46989,21.22531,21.634989,19.984447,24.051521,19.443966,23.612488,24.159716,19.70234,17.35374,14.590436,15.541369,13.256871,12.791782,16.85298,18.41313,17.35615,17.200459,19.589228,23.13389,19.483564,17.153637,15.539274,15.103053,11.24255,14.593656,14.66271,14.980938,17.21699,19.038496,20.350286,19.830177,23.35631,19.21893,23.592852,22.095695,26.94019
30,29.349548,25.409855,25.165655,20.718601,18.159876,21.005482,14.094698,17.507673,13.617649,14.157418,16.614305,13.357683,11.214549,5.5535865,6.2948723,6.2335925,8.230723,12.216085,15.461615,17.707571,20.628769,22.995728,25.449945,22.805244,21.182508,19.438389,15.092435,12.28714,8.097429,8.551878,0.0,6.023831,6.7836804,10.711169,12.204616,16.388353,17.635601,15.429295,13.203658,10.682881,8.619461,6.996184,4.3095474,4.5525646,9.627707,8.984344,13.880557,16.68541,19.48456,20.66847,23.432913,20.927208,25.491495,24.51257,26.814528,24.120518,21.380833,21.516663,25.551008,24.355282,22.212841,16.097727,18.778893,16.70322,21.201235,20.563124,14.924403,19.610048,19.238228,16.148819,19.457893,17.686398,14.9250345,11.10924,14.861761,10.956441,13.452341,13.987852,11.9108305,16.097385,12.535603,16.698349,18.54802,14.633269,13.566629,11.442924,14.059123,13.724129,15.806302,19.529669,22.038551,22.229845,23.161995,25.610497,29.885452,26.649006,24.6081,23.525517,21.950842,17.65116,19.819695,17.415136,17.546394,17.730114,17.857347,19.192677,20.019112,22.31696,20.494944,24.55893,23.764475,28.70867
31,23.44831,19.603958,19.345268,14.7579155,12.444616,15.557919,8.699982,13.882465,10.632461,12.849868,16.073006,14.720362,12.859874,8.361479,5.1494937,6.6652327,6.1719823,11.396575,12.697058,15.9769745,18.329979,20.771362,23.050833,21.25014,20.340113,18.407646,14.746522,11.128784,8.972522,6.16505,6.023831,0.0,7.2054143,8.295086,10.354168,14.583429,14.572714,12.628165,9.230436,5.9271145,6.8669815,4.5548997,6.3674903,7.563615,9.262407,11.302051,13.782388,17.590626,19.722174,21.142263,23.618439,21.540257,26.426079,25.031406,28.283773,26.106058,23.01318,23.967936,27.216558,26.798908,25.25273,19.178665,23.029501,21.63335,26.167336,24.536276,19.69435,24.945652,23.877512,20.691034,24.082901,22.316515,19.610855,16.43793,20.595476,16.949469,19.296953,19.784533,17.235275,20.847832,17.129684,20.351694,21.998226,17.409132,16.267609,14.574729,15.345444,15.519099,15.631106,19.871534,21.475391,20.645306,21.62896,23.184284,27.419184,23.143536,20.650507,19.157816,17.253857,13.222365,16.432476,13.813408,15.376747,15.653795,16.192616,18.663002,19.157497,23.045969,20.396904,24.98152,24.460323,29.366781
32,28.7759,25.328356,24.465403,19.787205,17.959778,19.090715,13.363011,15.745891,10.79253,12.894492,13.565147,11.308108,7.0903554,5.578273,7.3845387,10.686714,12.4762745,17.566298,19.772264,22.783644,25.324026,27.792706,30.091635,27.947746,26.814392,24.797312,20.884697,17.513334,14.21059,12.784668,6.7836804,7.2054143,0.0,5.5197635,5.663636,9.879733,11.35785,9.360765,8.098079,7.214878,4.9701853,8.00527,5.8352327,9.804455,14.086275,15.196688,19.093084,22.866112,25.093954,26.783022,29.574575,27.257547,31.95101,30.692894,33.34306,30.815853,27.820229,27.907858,31.600779,30.135649,27.594028,22.190504,24.58036,22.27436,26.836931,26.985525,21.220858,25.34597,25.571026,22.493572,25.28235,22.926212,19.518671,15.813767,18.376379,15.425538,15.596244,16.673525,13.640455,16.800482,15.110184,17.42941,20.691656,16.849401,17.224306,16.411322,18.046295,19.514141,20.94182,24.881851,26.940556,26.721434,28.14728,29.728859,34.24773,30.083157,27.658554,26.243555,23.945593,19.960686,22.647121,18.628384,20.299196,18.990438,17.951382,20.78183,22.357748,25.43932,24.53433,28.812166,28.798464,33.66236
33,25.745674,22.566925,20.885525,16.581463,14.942844,14.569956,10.11842,11.177912,6.178384,9.756839,10.303926,10.391115,7.771201,8.105973,7.4624143,11.84738,13.207879,18.589693,20.363367,23.511868,26.080307,28.186275,30.67276,29.30822,28.394516,26.631563,22.863813,19.352331,16.717659,14.431241,10.711169,8.295086,5.5197635,0.0,4.4637246,6.606104,7.985758,7.8672743,4.9583735,5.1472673,7.7286496,10.7101345,10.526872,14.004865,17.142073,18.833364,21.964092,25.715864,27.966984,29.335163,31.692345,29.267382,33.954243,32.066463,35.320732,33.339504,29.722015,29.984594,32.933685,31.591394,29.155891,24.34934,27.335014,25.55212,30.247349,30.080679,24.947746,29.520535,29.816444,26.828808,30.077461,27.992647,24.760431,20.999397,23.666872,20.131832,20.388536,20.731623,17.182417,19.35886,17.476368,18.514038,21.554226,17.354864,18.086124,18.09354,18.235304,20.956394,21.331812,25.350647,26.773983,26.139133,28.135338,28.76024,33.50813,28.767317,26.28047,25.061226,21.909029,18.319695,20.865986,15.797931,18.55417,16.346413,14.8576145,18.752283,20.506748,24.551218,23.878471,28.323195,28.959984,33.63597
34,27.29665,24.438871,23.194725,18.598164,17.65896,17.377495,13.431621,15.264679,10.434996,14.06001,13.626827,13.283823,8.94347,10.409906,11.014213,15.065092,16.174845,21.556797,22.740578,26.24183,28.338224,30.835085,32.91523,31.279476,30.60498,28.425636,24.979017,21.305452,18.821844,16.308847,12.204616,10.354168,5.663636,4.4637246,0.0,5.2400517,5.7815695,4.2529445,4.5188203,6.3922577,6.253769,10.925062,10.465372,14.680865,17.856771,20.057354,22.988523,27.34969,29.110542,31.100306,33.82837,31.756098,36.58378,35.12889,38.181686,35.84763,32.688553,33.00425,36.3537,35.029373,32.52714,27.364525,29.992136,27.792353,32.388664,32.504757,26.85638,30.990866,31.168915,28.025457,30.644459,28.05915,24.465574,21.072632,23.397598,20.919931,20.407104,21.644989,18.36431,20.742859,19.800072,20.981638,24.618565,20.768097,21.619905,21.326658,22.12936,24.270205,24.947712,29.038158,30.620632,29.918127,31.525042,32.40466,36.912857,32.033466,29.331524,27.63014,24.967636,21.531713,24.653376,19.948576,22.771917,20.790915,19.285355,23.146902,24.921549,28.776648,28.047606,32.489925,32.889412,37.65764
35,28.944733,26.45432,24.398054,20.39699,19.639505,17.621805,15.369208,14.758579,10.346086,13.790379,11.658893,12.791192,9.394977,13.122886,13.897061,18.305655,19.805601,25.194715,26.692972,30.020168,32.366863,34.553635,36.875576,35.58827,34.843327,32.908424,29.307138,25.705732,23.099197,20.712654,16.388353,14.583429,9.879733,6.606104,5.2400517,0.0,4.544374,6.6940727,7.3979807,10.110545,11.486308,15.952022,15.368504,19.480017,22.825619,24.752338,27.873121,31.967226,33.970062,35.664284,38.16431,35.820435,40.51913,38.651478,41.835747,39.772648,36.191513,36.2414,39.219494,37.536663,34.735912,30.367329,32.78871,30.677004,35.286373,35.880806,30.45294,34.439793,35.225742,32.26316,35.079235,32.619995,29.046999,25.383114,27.137346,24.38915,23.239656,23.977196,20.32538,21.580166,21.402891,21.183798,25.12985,21.627068,23.24527,23.796286,23.969124,27.251694,27.787369,31.712315,33.07653,32.434124,34.59714,34.915726,39.688,34.654884,32.063282,30.684462,27.355635,24.183653,26.763254,21.174871,24.373756,21.37195,19.030895,23.352407,25.59756,29.500788,29.693151,33.971737,35.000484,39.54065
