,0,1,2,3,4,5,6,7,8,9,10,11,12,13,14,15,16,17,18,19,20,21,22,23,24,25,26,27,28,29,30,31,32,33,34,35,36,37,38,39,40,41,42,43,44,45,46,47,48,49,50,51,52,53,54,55,56,57,58,59,60,61,62,63,64,65,66,67,68,69,70,71,72,73,74,75,76,77,78,79,80,81,82,83,84,85,86,87,88,89,90,91,92,93,94,95,96,97,98,99,100,101,102,103,104,105,106,107,108,109,110
0,0.0,3.97038,6.731893,9.779769,12.206532,15.297751,18.151255,21.147976,24.976227,26.964901,32.68684,32.195465,35.446247,38.911118,34.90717,30.924892,29.30875,26.167168,23.02002,21.925507,17.435839,17.958641,13.131439,14.116399,13.25267,18.251457,17.544748,17.338413,17.890017,22.586618,20.687464,28.245283,27.13747,32.7178,33.26627,36.100124,38.00484,36.986485,36.722595,34.21099,33.946194,28.418837,28.980516,24.503918,26.806095,22.576103,25.90411,23.223934,25.195456,27.825716,29.618462,29.1821,34.384117,37.41071,34.528904,31.850878,35.348637,36.53084,42.146946,41.272892,37.82094,39.440914,36.39907,38.88451,35.774696,40.85618,38.66709,33.701077,32.66528,35.327995,30.94506,35.48776,33.718983,38.001984,36.39919,41.509003,41.567528,43.51308,43.936108,47.730446,46.385,44.474297,39.79545,38.17066,34.438496,33.852905,31.289305,27.686457,28.494688,25.562103,28.765594,28.000492,29.549747,30.283495,27.00851,33.364254,32.74368,35.459663,37.865948,38.18943,42.74464,41.285965,45.977028,48.274876,46.680393,44.44984,44.097305,38.56903,39.752808,35.403606,36.98438
1,3.97038,0.0,4.28294,7.08775,10.152474,12.272517,16.181206,18.154613,22.254042,23.909073,29.709736,29.26932,32.547737,36.271763,32.478535,28.635126,27.020613,24.402077,21.02732,20.81149,16.20941,17.65937,13.261293,14.267376,14.856387,19.425894,19.110191,18.043541,17.492393,22.216108,19.213749,26.64,24.773731,30.621069,30.829485,33.602207,35.524166,34.72831,34.783005,32.36071,32.5177,27.126554,28.248394,23.76265,26.835337,23.23011,26.952381,24.780766,26.210785,29.353302,30.284794,30.129457,35.23838,37.86298,34.59238,31.687124,35.162697,35.912476,41.48414,40.71284,37.23216,39.433506,36.70899,39.438404,36.84413,41.82061,39.94316,35.33645,33.99972,36.139854,31.258152,35.60679,33.32122,37.539585,35.457863,40.540726,40.13321,41.930058,42.14684,45.94684,44.42471,42.64845,38.127777,36.5464,33.168873,32.457275,30.548822,26.998123,28.409634,25.904852,29.409184,28.980497,30.036348,30.2929,26.579351,33.005726,31.739624,34.78991,36.695698,37.21946,41.402122,40.05297,44.814148,47.1457,45.874996,43.727386,43.88671,38.225048,39.8202,35.573784,37.442722
2,6.731893,4.28294,0.0,5.017094,6.6759176,9.890916,12.602513,14.755529,18.77092,20.318619,26.2756,25.529408,28.864925,32.455753,28.466007,24.740961,22.926113,20.357971,16.803232,16.655418,12.006635,13.767443,9.777047,11.233986,12.961681,16.89105,17.620401,16.381157,14.918648,20.121788,16.635387,24.320908,22.063337,28.058216,27.804071,30.837282,32.40304,31.371752,31.647974,29.016153,29.638264,23.815313,25.288536,20.45975,24.113194,20.82715,24.367733,23.1251,24.549883,28.215208,28.52695,29.234865,34.204456,36.233364,33.16196,30.090622,33.081963,33.66287,39.299625,38.131336,34.58226,36.848507,34.265163,36.889378,34.778633,39.269714,37.442253,33.22794,31.373518,33.122395,28.206194,32.4967,30.075212,34.374405,32.111816,37.349422,36.749573,38.73559,38.75274,42.440662,40.77641,38.788292,34.390553,32.604027,29.380617,28.368544,26.724876,23.039473,24.659494,22.380152,25.980583,25.726774,26.417982,26.415356,22.526127,28.953259,27.533411,30.700247,32.552162,33.204655,37.39024,36.255,41.056114,43.523674,42.344162,40.097,40.537643,34.666153,36.351006,32.13183,33.9988
3,9.779769,7.08775,5.017094,0.0,4.1185617,5.551315,9.6209545,11.870562,15.611622,18.151253,23.297491,23.535519,26.462458,30.002457,26.54275,22.254845,21.296228,18.41099,15.913794,16.090038,12.105477,15.263127,11.684009,10.783507,13.628917,16.90326,16.825628,14.345762,12.146829,16.636213,12.531719,19.853546,17.696344,23.591156,23.765835,26.549696,28.487303,27.7342,27.751717,25.424755,25.694965,20.54913,22.066624,17.850283,21.5983,19.088743,23.454397,22.023964,22.429049,26.35576,25.82006,26.379648,31.177895,33.0031,29.444904,26.272224,29.486315,29.76639,35.277767,34.51628,31.03605,33.838737,31.554104,34.59819,32.79108,37.613316,36.360115,32.41804,30.869013,32.156025,26.484211,30.428797,27.542253,31.567179,29.091675,34.039276,33.36871,35.018677,35.216606,39.064014,37.6045,36.09007,31.500757,30.225311,26.903975,26.653599,24.994116,21.965351,24.046104,22.260967,26.21758,26.686573,27.580128,27.438692,23.043634,29.192078,27.007744,29.99704,31.224075,31.601017,35.34394,33.753067,38.486774,40.69992,39.65883,37.70791,38.2576,32.69495,34.817123,30.831549,33.289864
4,12.206532,10.152474,6.6759176,4.1185617,0.0,5.6335115,6.046333,9.699699,12.95595,15.771617,20.884792,20.849178,23.751844,26.959946,23.207117,18.864782,17.80317,14.535508,12.201533,12.007188,8.260597,11.893574,9.075213,7.8899255,11.953533,14.223321,15.210394,12.723812,9.538733,14.60073,10.287843,17.996944,15.75098,21.646997,21.430565,24.563763,26.059416,24.904573,25.010603,22.378616,23.014664,17.23787,18.990683,14.32716,18.598528,16.395374,20.471146,20.01761,20.483984,24.839931,23.791903,25.292564,29.895117,31.134062,27.964272,24.695915,27.304476,27.534,33.1312,31.863838,28.31009,30.999353,28.787254,31.647863,30.263033,34.56914,33.32448,29.762209,27.752876,28.694992,23.057663,26.97517,24.058313,28.207499,25.676943,30.832804,30.129272,32.062965,32.130947,35.867577,34.33712,32.543488,27.97555,26.47818,23.126139,22.676134,21.010363,17.873972,20.072683,18.503092,22.52992,23.2274,23.915531,23.633598,19.108337,25.163342,22.922556,25.878706,27.172901,27.569529,31.454647,30.002558,34.773674,37.118916,36.052864,33.967793,34.654194,28.900215,31.029938,27.051517,29.489834
5,15.297751,12.272517,9.890916,5.551315,5.6335115,0.0,7.2423263,7.32213,10.9073925,13.777264,18.270151,19.198608,21.800827,25.465738,22.594189,18.233276,17.888056,15.623979,13.842436,15.32588,12.399262,16.7981,14.608185,13.036625,17.171131,19.199636,19.45295,16.059845,12.345993,15.849274,10.091188,16.34327,12.947782,19.104563,18.83778,21.4999,23.48854,23.071497,23.425539,21.351572,22.167362,17.656786,19.996128,16.35737,20.968517,19.897816,24.539845,23.915327,23.36516,27.776136,25.85492,26.945185,31.262304,32.26762,28.32302,24.94087,27.850307,27.401394,32.6573,32.052456,28.653938,32.29569,30.635792,33.968395,33.059525,37.57668,36.93531,33.719967,31.934093,32.33463,26.077768,29.415707,25.805784,29.474678,26.35224,31.02642,29.72008,31.065628,31.041515,34.891304,33.31526,32.15971,27.762035,26.797495,23.996443,23.968447,23.230534,20.809425,23.717297,22.83809,26.994757,28.1328,28.535456,27.82603,22.97534,28.655724,25.434076,28.563417,28.832426,29.292711,32.274612,30.655254,35.341583,37.465034,36.89593,35.19519,36.432255,30.981499,33.71862,30.122938,33.06204
6,18.151255,16.181206,12.602513,9.6209545,6.046333,7.2423263,0.0,6.7284603,8.03216,12.102227,16.039446,16.536701,18.916231,21.608488,18.062897,13.230475,12.974997,9.121322,8.641101,8.819475,7.518312,12.227563,11.604129,9.198728,14.394473,14.535131,16.21413,13.0641575,8.112621,12.155488,6.7475953,13.666845,10.943315,16.66419,15.964119,19.367378,20.459198,19.028032,19.22999,16.443785,17.647291,11.665252,14.259093,9.775594,15.208607,14.768736,18.782362,19.711151,19.270498,24.196198,21.601187,24.239712,28.192879,28.303381,25.244354,21.817242,23.598446,23.272924,28.72946,27.13116,23.589005,26.781263,25.136505,28.08383,27.773151,31.44494,30.794117,28.190546,25.789335,25.66324,19.518375,22.81546,19.27008,23.215143,20.185524,25.320919,24.253412,26.243841,26.154377,29.846655,28.295717,26.558619,21.964577,20.61583,17.379572,17.268888,16.051125,13.610139,16.633173,16.198542,20.37724,21.989498,22.295069,21.53509,16.593266,21.881062,18.682169,21.48905,22.029713,22.31396,25.771633,24.20992,28.978245,31.310562,30.49225,28.516575,29.739416,24.003395,26.661972,23.064333,25.99041
7,21.147976,18.154613,14.755529,11.870562,9.699699,7.32213,6.7284603,0.0,4.6086216,6.553287,11.564976,11.894544,14.642058,18.443869,15.507087,11.744193,11.131136,10.563497,8.853104,12.41103,11.194203,16.121199,16.199245,15.401917,20.493214,21.005436,22.83757,19.572287,14.655754,17.83854,11.419557,16.057228,10.689743,16.90183,14.620909,17.802826,18.701796,18.025724,19.550976,17.189955,19.883795,15.101459,18.83217,15.190025,21.087046,21.37081,25.22565,26.42614,25.727385,30.669292,27.57977,30.089148,33.80148,33.53169,30.005463,26.500975,28.182076,27.042772,32.007977,30.718105,27.379616,31.436916,30.427034,33.49703,33.842285,37.141182,36.786846,34.619728,31.923618,31.258215,25.12321,27.826818,23.710104,27.165348,23.278427,27.978401,25.68015,27.228598,26.431332,29.930029,27.784115,26.320381,22.575623,21.217558,19.554697,18.638092,19.69836,17.507643,21.300676,21.542868,25.548037,27.128262,26.422644,24.83989,19.790518,24.742647,20.538664,24.100784,23.465317,24.469898,26.781612,25.87093,30.581549,32.998528,33.022064,31.256811,33.584248,27.853117,31.030556,27.853987,30.821167
8,24.976227,22.254042,18.77092,15.611622,12.95595,10.9073925,8.03216,4.6086216,0.0,5.773159,8.070324,9.607646,11.435463,14.634477,12.176109,7.7608967,8.670381,8.208552,8.993169,12.400592,12.9255295,17.747305,18.604622,17.046347,22.32231,21.821888,23.778502,20.317719,15.080712,17.128479,11.01865,13.686997,7.9240932,13.474784,10.450357,13.904506,14.342395,13.4582,15.222167,12.86105,16.231663,12.002758,16.266882,13.513087,19.520498,20.981907,24.61662,26.495567,25.234562,30.307789,26.331732,29.444067,32.598183,31.554733,28.197449,24.730326,25.734943,24.153044,28.805334,27.335884,24.141428,28.539234,28.037579,31.10624,32.20618,35.02088,35.14281,33.671608,30.879576,29.50161,23.231585,25.265614,20.79286,23.826387,19.584948,24.016464,21.343428,22.83884,21.884285,25.34522,23.200497,21.905283,18.183813,17.125166,15.810684,15.368589,17.013775,15.778545,19.916183,20.960396,24.831137,26.98155,26.173916,24.398182,19.354094,23.369503,18.525494,21.731405,20.305113,21.144737,22.849056,21.793953,26.395731,28.722933,29.002533,27.423738,30.170858,24.6973,28.247818,25.533966,28.811306
9,26.964901,23.909073,20.318619,18.151253,15.771617,13.777264,12.102227,6.553287,5.773159,0.0,7.047613,5.5592422,8.808848,13.151849,10.474271,8.848413,7.6102123,10.645935,9.222475,14.266842,14.539102,18.933918,20.498047,20.471392,25.683712,25.427011,28.110802,25.070593,19.917597,22.652582,16.525705,19.331068,13.221354,18.277287,14.162587,17.287104,16.883938,16.206085,19.11143,16.847769,21.209322,16.99062,21.46367,18.306553,24.544233,25.696842,28.799517,31.131245,30.38705,35.4907,31.753872,35.022953,38.25764,37.126286,33.92239,30.466625,31.251097,29.560503,34.002514,32.292763,29.195831,33.504654,33.100014,35.867607,37.180996,39.441044,39.32117,38.00624,34.68512,33.201065,27.49309,29.503252,25.164799,28.167234,23.74633,28.099415,24.787537,26.349955,24.681677,27.597578,24.790922,23.097345,20.525694,18.790499,18.862133,16.842546,20.068241,18.304087,22.559683,23.730173,27.305511,29.079367,27.336477,24.95667,20.155859,24.008032,19.001625,22.924135,21.20123,22.905005,24.171,24.233112,28.729586,31.371737,32.117306,30.386541,33.79512,28.051891,31.520794,28.893929,31.710484
10,32.68684,29.709736,26.2756,23.297491,20.884792,18.270151,16.039446,11.564976,8.070324,7.047613,0.0,5.5796933,4.638957,8.258244,8.593232,7.4522924,9.497877,12.609479,14.13439,18.2954,19.819645,24.216665,25.971947,24.815746,30.11724,29.094667,31.363323,27.892721,22.634819,23.722652,18.131338,17.877821,11.894357,14.741432,9.534616,11.989093,10.7412815,10.690042,14.410645,13.074309,18.145771,16.183372,20.80493,19.43524,25.172092,27.721,30.823101,33.466286,31.804335,36.872356,32.05072,35.593815,38.0175,35.99116,32.750427,29.478506,29.597845,27.133966,30.701899,29.23552,26.618898,31.602535,32.079094,34.97482,37.24111,39.086567,39.79729,39.33874,36.2254,33.878468,27.974628,28.875172,24.10631,26.076939,21.233845,24.502142,20.376678,21.277744,19.239716,21.952248,19.107466,18.352196,16.40001,15.746804,16.972633,16.140755,20.17714,20.0594,24.460163,26.49163,29.867586,32.331944,30.704195,28.244041,23.617414,26.090271,20.381771,23.478254,20.286493,21.620436,21.21745,20.994595,24.93694,27.155172,28.60181,27.48492,31.5865,26.707996,30.746044,28.988258,32.29294
11,32.195465,29.26932,25.529408,23.535519,20.849178,19.198608,16.536701,11.894544,9.607646,5.5592422,5.5796933,0.0,4.0071015,8.341328,6.2739363,7.744342,6.7951818,11.9594755,11.815255,16.657684,18.171162,22.005402,24.479506,24.531832,29.758526,28.758564,31.911331,29.01554,23.786053,25.985804,20.382662,21.812979,15.943834,19.567936,14.48846,17.341396,15.656793,14.795231,18.590729,16.532322,21.90406,18.409517,23.099186,20.602472,26.718502,28.632015,31.10489,34.284737,33.401897,38.55268,34.26763,38.159393,40.901897,39.01634,36.20896,32.881554,32.846973,30.787584,34.690952,32.597336,29.798632,34.149673,34.277763,36.73195,38.873608,40.219097,40.38479,39.87442,36.176144,33.96881,28.720203,30.010666,25.64179,28.099478,23.448845,27.303028,23.307047,24.886082,22.537642,24.801836,21.51783,19.61677,18.247297,16.311203,17.961868,15.316698,20.11983,19.08088,23.429056,25.384384,28.4867,30.526926,28.171465,25.315588,20.965855,23.446901,17.929508,21.706753,18.935432,21.063473,21.223791,22.095825,26.205893,28.951979,30.283659,28.654982,32.880707,27.382185,31.02461,29.01812,31.716244
12,35.446247,32.547737,28.864925,26.462458,23.751844,21.800827,18.916231,14.642058,11.435463,8.808848,4.638957,4.0071015,0.0,4.913738,5.6985464,7.9593983,8.9115925,13.619165,14.867641,19.184969,21.23847,25.09448,27.616236,27.10196,32.36694,30.985777,33.92925,30.837738,25.580997,26.98053,21.705036,21.685593,16.096163,18.463285,13.013109,15.352432,13.010426,12.392947,16.62894,15.115078,20.811504,18.534035,23.20479,21.6401,27.426086,30.03838,32.47045,35.82172,34.486897,39.597286,34.771675,38.818447,41.116028,38.73973,35.977245,32.779552,32.34413,29.899635,33.271385,31.262787,28.769753,33.406532,34.02387,36.49317,39.16829,40.223915,40.83708,40.818863,37.227108,34.546814,29.27288,29.932552,25.398653,27.245913,22.427612,25.60616,21.144768,22.37602,19.728533,21.711876,18.31579,16.890797,16.158005,14.811769,17.296839,15.299043,20.53355,20.410189,24.761086,27.158606,30.118364,32.514076,30.237518,27.37072,23.17725,24.847078,19.038586,22.25122,18.618364,20.53711,19.604824,20.439575,24.139551,26.654215,28.437437,27.162167,31.816662,26.852922,30.772713,29.29345,32.21611
13,38.911118,36.271763,32.455753,30.002457,26.959946,25.465738,21.608488,18.443869,14.634477,13.151849,8.258244,8.341328,4.913738,0.0,5.3742843,8.778767,10.673789,14.796075,17.299421,20.75159,23.668543,27.122149,30.068775,29.219412,34.373096,32.30025,35.39928,32.45581,27.32752,28.112148,23.665075,22.620874,18.009937,18.951324,13.562822,15.564839,12.165965,10.963133,15.337825,14.079281,20.0653,18.585863,22.998716,22.22838,27.480648,30.746853,32.632088,36.558887,35.02952,40.038345,34.793556,39.332867,41.100483,38.075077,35.82501,32.856743,31.638885,29.020464,31.84959,29.455303,27.31065,31.764702,32.84149,34.983845,38.337696,38.622036,39.57393,40.285686,36.59032,33.315434,28.500694,28.421093,24.037617,25.246557,20.50415,23.042389,18.253178,19.562447,16.456255,17.781109,14.109739,12.487435,12.890673,11.719618,15.44201,13.667494,19.48275,20.304214,24.416521,27.382877,29.901663,32.619877,30.259354,27.343334,23.617071,24.02427,18.142458,20.58391,16.100805,17.90664,15.81388,17.06559,20.235905,22.71652,24.907541,23.816502,28.979355,24.53161,28.530128,27.715357,30.604261
14,34.90717,32.478535,28.466007,26.54275,23.207117,22.594189,18.062897,15.507087,12.176109,10.474271,8.593232,6.2739363,5.6985464,5.3742843,0.0,5.677538,5.7529225,10.538032,12.461883,15.900013,18.921711,22.049664,25.309584,24.97969,30.041426,27.98187,31.580582,29.034811,23.966213,25.625965,21.178625,21.826456,17.221516,19.51209,14.476917,17.477522,14.7233515,12.699966,16.443508,14.081481,19.893126,16.486057,20.966684,19.047985,24.675032,27.281073,28.879013,32.996845,32.07533,37.153236,32.493492,37.171604,39.3894,36.795326,34.772915,31.672525,30.65909,28.620295,32.21056,29.383642,26.794386,30.665117,31.106548,33.05896,35.90269,36.252384,36.616253,36.923424,32.92684,30.048151,25.436804,26.059034,21.94711,24.018707,19.509834,23.186413,19.146503,21.277975,18.630674,20.393578,16.965527,14.182277,13.328619,10.7476845,13.456223,10.2379875,16.103132,15.975072,20.135336,22.87227,25.410465,27.85471,25.308033,22.329882,18.498316,19.418583,13.5777645,16.734043,13.166403,15.431494,15.144971,16.617123,20.56859,23.554628,24.958858,23.197994,27.817616,22.47441,26.102694,24.64763,27.211313
15,30.924892,28.635126,24.740961,22.254845,18.864782,18.233276,13.230475,11.744193,7.7608967,8.848413,7.4522924,7.744342,7.9593983,8.778767,5.677538,0.0,4.6368356,6.2575216,9.807127,12.591802,15.5295,19.256659,21.793846,20.500547,25.645424,23.658451,26.670563,23.80075,18.678425,20.039883,15.59912,16.363316,12.044564,14.809001,10.424209,14.024456,12.219722,9.909512,12.734523,9.856409,15.16003,11.184881,15.816436,13.900708,19.662064,22.326303,24.562256,28.12454,26.885508,31.990488,27.294947,31.70858,34.06944,31.791533,29.475475,26.278881,25.676716,23.791576,27.840864,25.293516,22.409296,26.488014,26.648767,29.031788,31.420347,32.619728,33.04684,32.866062,29.354128,26.825975,21.379736,22.367804,17.92218,20.38861,15.815195,20.047688,16.631857,18.785032,16.97294,19.735147,17.059738,14.85924,11.877554,10.000034,10.411085,8.903216,12.925398,12.881201,17.25482,19.660807,22.767036,25.43224,23.828417,21.47632,16.993797,18.998642,13.317329,16.173328,13.452701,14.676187,15.561912,15.387768,19.90184,22.6215,23.359476,21.63161,25.4187,19.946238,23.73695,21.815552,24.933208
16,29.30875,27.020613,22.926113,21.296228,17.80317,17.888056,12.974997,11.131136,8.670381,7.6102123,9.497877,6.7951818,8.9115925,10.673789,5.7529225,4.6368356,0.0,5.934258,6.7164707,10.548236,13.201544,16.531021,19.607384,19.542404,24.608583,22.926405,26.641663,24.269993,19.244678,21.827135,17.152906,19.687866,15.107761,18.90578,14.688502,18.325535,16.679123,14.51811,17.314295,14.273126,19.220432,14.077906,18.488173,15.271977,21.34021,23.034822,24.877846,28.617533,28.171024,33.295147,29.326853,33.72755,36.5271,34.669827,32.52929,29.269527,28.897642,27.443106,31.819927,29.03398,25.985834,29.501877,29.18884,31.266893,33.22169,34.279476,34.08759,33.565193,29.624176,27.517193,22.625109,24.254248,20.307417,23.327806,19.141104,23.806316,20.703535,23.153927,21.257885,23.72792,20.819685,17.96245,15.524268,12.6998,13.107519,9.7190275,13.924687,12.384674,16.682848,18.703518,21.704601,23.819311,21.593357,18.904778,14.429101,17.052355,11.64704,15.52174,13.74193,15.746627,17.50923,18.227827,22.802635,25.865997,26.39778,24.247005,27.854689,21.829895,25.093763,22.721718,25.207052
17,26.167168,24.402077,20.357971,18.41099,14.535508,15.623979,9.121322,10.563497,8.208552,10.645935,12.609479,11.9594755,13.619165,14.796075,10.538032,6.2575216,5.934258,0.0,5.7127166,6.5264273,9.952506,13.394056,15.964826,14.695024,19.696625,17.580217,21.055817,18.704012,13.811063,16.325514,12.504983,15.822001,12.766958,16.619457,13.916808,17.783922,16.924355,14.352843,15.621298,12.135133,15.696441,9.253789,13.224873,9.4149475,15.517939,17.123198,19.163223,22.755451,22.25276,27.36906,23.542292,28.001135,30.899727,29.305351,27.346079,24.114584,23.87717,22.945288,27.795782,24.926527,21.615768,24.704401,23.919931,26.109985,27.587114,29.172855,28.882257,27.983698,24.36446,22.597084,17.205545,19.34097,15.496478,19.097527,15.402883,20.682858,18.732721,21.463383,20.466496,23.479485,21.373062,18.683264,14.750643,12.353175,10.225511,8.444768,9.646191,7.8449183,12.1834,13.903259,17.36604,19.785006,18.652315,16.804708,11.932429,15.323789,10.671644,13.701833,13.233862,14.080682,17.261951,16.69385,21.5518,24.414566,24.071472,21.788765,24.305302,18.120794,21.205128,18.306622,21.140905
18,23.02002,21.02732,16.803232,15.913794,12.201533,13.842436,8.641101,8.853104,8.993169,9.222475,14.13439,11.815255,14.867641,17.299421,12.461883,9.807127,6.7164707,5.7127166,0.0,5.408912,6.620761,10.263165,13.009637,13.695646,18.626078,17.660326,21.58199,19.665773,15.0116005,19.05828,14.492021,19.606794,15.686579,20.759111,17.881556,21.703365,21.133938,19.047945,20.757397,17.4399,20.897655,14.318175,17.94369,13.143675,19.21269,19.305246,21.343357,24.412937,24.79317,29.810682,27.014833,30.907934,34.429546,33.58754,31.4242,28.100739,28.536764,27.900484,32.994606,30.324299,26.912638,29.760794,28.512821,30.602583,31.333513,33.203953,32.25226,30.634005,26.846306,25.908968,21.03523,23.905254,20.546682,24.461876,21.022657,26.37501,24.391375,27.026098,25.862741,28.775562,26.350788,23.48203,20.10161,17.330946,15.764135,12.855128,14.227002,10.836503,14.542684,15.137416,18.607527,20.01717,18.34656,16.296532,11.345549,16.255228,12.50428,16.519173,16.924185,18.464651,21.894945,22.012783,26.833265,29.86217,29.536413,27.074087,29.437862,23.002306,25.558447,22.215073,24.349659
19,21.925507,20.81149,16.655418,16.090038,12.007188,15.32588,8.819475,12.41103,12.400592,14.266842,18.2954,16.657684,19.184969,20.75159,15.900013,12.591802,10.548236,6.5264273,5.408912,0.0,4.7842655,6.9557796,10.117246,10.184685,14.680049,12.803692,17.312452,16.11015,12.140046,16.442863,13.6075325,19.300303,17.134172,21.645927,19.826187,23.665623,23.252892,20.717783,21.437275,17.916536,20.246565,12.9903145,15.471277,10.071261,15.376568,14.842268,16.221046,19.690994,20.595413,25.456835,23.179081,27.367079,30.909369,30.242355,28.72432,25.606434,25.846172,25.889858,31.20745,28.170305,24.685955,26.580347,24.81352,26.548693,26.83629,28.66383,27.321798,25.470608,21.618805,21.0894,16.585558,20.007998,17.408297,21.74364,19.193808,24.839382,23.91355,26.916603,26.2936,29.25188,27.341356,24.265366,20.318857,17.561941,14.662195,12.379904,11.2963,7.046995,9.889158,9.847631,13.510568,14.96754,14.074287,12.82504,7.807336,13.357721,11.033654,14.146522,16.043335,16.87461,21.469799,21.113548,25.882093,28.851183,27.78036,25.073074,26.454662,19.930721,21.851967,18.048649,19.938097
20,17.435839,16.20941,12.006635,12.105477,8.260597,12.399262,7.518312,11.194203,12.9255295,14.539102,19.819645,18.171162,21.23847,23.668543,18.921711,15.5295,13.201544,9.952506,6.620761,4.7842655,0.0,4.992958,6.4244785,7.85908,12.365167,12.259718,16.245771,15.087374,11.48879,16.802132,13.394261,20.370905,17.898615,23.248377,21.773354,25.504179,25.695955,23.621967,24.307962,20.984587,22.871948,15.792818,18.03472,12.415019,17.428173,15.660139,17.788113,19.878458,21.182623,25.854153,24.438688,27.702467,31.811394,31.991405,29.996052,26.801624,27.925863,28.169527,33.71227,31.19319,27.615818,29.617434,27.501463,29.50432,28.952505,31.627174,29.989527,27.266293,23.90215,24.26468,19.66375,23.556532,21.04706,25.480415,23.002365,28.612768,27.749292,30.467133,29.993889,33.193573,31.28213,28.48977,24.435024,21.918276,18.97138,16.984144,15.784782,11.607336,13.783224,12.552132,16.278204,16.893082,16.448025,15.641592,11.063238,17.294233,15.532768,18.787283,20.769873,21.647196,26.12573,25.61545,30.422792,33.280277,32.180428,29.576134,30.653856,24.262817,26.030245,21.994215,23.750933
21,17.958641,17.65937,13.767443,15.263127,11.893574,16.7981,12.227563,16.121199,17.747305,18.933918,24.216665,22.005402,25.09448,27.122149,22.049664,19.256659,16.531021,13.394056,10.263165,6.9557796,4.992958,0.0,5.061707,8.751329,11.421233,10.998859,16.042356,16.312916,14.026637,19.43865,17.365225,24.375914,22.560148,27.568172,26.204576,29.983511,29.927736,27.551605,28.09666,24.636238,26.317682,19.033731,20.583658,14.914864,18.83518,16.184042,16.909374,19.415659,21.80184,26.017303,25.550354,28.976639,33.107876,33.47766,32.19404,29.251165,30.09171,30.83209,36.386715,33.450405,29.926174,30.999897,28.50208,29.868555,28.922964,31.086353,28.764114,25.843565,22.127802,23.09284,19.802593,24.010868,22.455412,27.022108,25.225794,30.90813,30.522154,33.56969,33.13778,36.092945,34.235027,31.004818,27.137352,24.253965,21.21128,18.762632,16.92401,12.281114,12.9994135,10.835737,13.78383,13.378762,12.890931,12.654848,9.182637,15.618165,15.624427,18.487265,21.631838,22.5212,27.638205,27.472757,32.10404,35.092377,33.624363,30.729656,31.300087,24.857891,25.801935,21.555561,22.399874
22,13.131439,13.261293,9.777047,11.684009,9.075213,14.608185,11.604129,16.199245,18.604622,20.498047,25.971947,24.479506,27.616236,30.068775,25.309584,21.793846,19.607384,15.964826,13.009637,10.117246,6.4244785,5.061707,0.0,5.783614,7.6572857,9.442881,13.147443,13.468247,12.094569,17.866442,16.066866,23.76027,22.425419,27.691744,27.113123,30.68514,31.31144,29.27934,29.37486,26.14866,26.973291,20.025755,21.038187,15.51055,18.781242,15.14723,16.90212,17.624691,20.13666,24.042622,24.37262,26.782223,31.36085,32.58415,30.886679,27.981483,29.662773,30.689127,36.406517,34.05002,30.478682,31.602903,28.773365,30.518871,28.706417,31.971464,29.613749,25.8217,23.025375,24.773195,20.992847,25.530333,23.990166,28.585268,26.98721,32.572773,32.525738,35.269363,35.236244,38.537495,36.94751,34.16641,29.842566,27.454592,23.884638,22.354382,19.80393,15.574386,16.129269,13.344169,16.547796,16.00077,16.790884,17.243158,13.927942,20.250875,20.122953,22.717627,25.70111,26.208082,31.259066,30.468666,35.136383,37.85563,36.208363,33.5243,33.574703,27.451439,28.40599,24.011837,25.166105
23,14.116399,14.267376,11.233986,10.783507,7.8899255,13.036625,9.198728,15.401917,17.046347,20.471392,24.815746,24.531832,27.10196,29.219412,24.97969,20.500547,19.542404,14.695024,13.695646,10.184685,7.85908,8.751329,5.783614,0.0,5.304987,6.3411283,8.641543,7.892031,6.535183,12.209584,11.452436,19.003382,18.898485,23.593071,23.960127,27.296198,28.33712,26.375723,25.713903,22.731491,22.527514,16.053503,16.305655,11.244452,13.794431,10.092592,13.2125025,13.132804,14.831884,19.02588,18.916119,21.19624,25.765942,27.057375,25.158335,22.27002,24.207397,25.38392,31.131798,29.098928,25.547926,26.758827,23.87736,26.053942,24.079548,28.115602,26.27226,22.381474,20.322922,21.955326,17.187288,21.697426,19.99974,24.471687,23.129704,28.490625,28.934145,31.440395,31.908024,35.452366,34.346924,32.068615,27.220884,25.514124,21.232683,21.085901,17.478506,14.189605,14.771882,12.186991,15.937313,16.447094,18.306438,19.063572,15.334756,21.066114,20.350773,22.256601,24.845383,24.650188,29.539248,27.888386,32.448418,34.786304,32.93043,30.54491,30.14075,24.486198,25.68979,21.384352,23.299913
24,13.25267,14.856387,12.961681,13.628917,11.953533,17.171131,14.394473,20.493214,22.32231,25.683712,30.11724,29.758526,32.36694,34.373096,30.041426,25.645424,24.608583,19.696625,18.626078,14.680049,12.365167,11.421233,7.6572857,5.304987,0.0,5.180287,6.128911,8.116615,9.981047,14.680365,15.670894,22.890167,23.653326,27.982811,28.86351,32.06479,33.244102,31.23466,30.203362,27.311499,26.435595,20.317062,19.616144,15.153026,15.826163,10.747961,12.859407,11.203459,14.309142,17.362234,19.153502,20.627586,25.414455,27.57558,26.233425,23.80675,25.965694,27.837282,33.510494,31.53749,28.136667,28.391052,24.966204,26.716192,23.640152,28.013628,25.54717,20.771416,19.413492,22.256914,18.618786,23.39372,22.710085,27.100353,26.588617,31.76252,32.87186,35.42633,36.191998,39.693523,38.83957,36.503323,31.586224,29.909794,25.345076,25.359217,21.01352,17.82773,17.211031,13.780822,16.657513,16.307356,19.177885,20.825886,18.126755,23.56155,23.983614,25.36766,28.64825,28.207592,33.46841,31.707792,36.047874,38.262596,35.97191,33.538704,32.28124,27.026052,27.462711,23.058382,24.355791
25,18.251457,19.425894,16.89105,16.90326,14.223321,19.199636,14.535131,21.005436,21.821888,25.427011,29.094667,28.758564,30.985777,32.30025,27.98187,23.658451,22.926405,17.580217,17.660326,12.803692,12.259718,10.998859,9.442881,6.3411283,5.180287,0.0,5.9243727,8.155078,9.42784,13.334298,15.300002,21.632463,22.91896,26.521194,27.308353,30.5859,31.316397,28.915174,27.695963,24.686543,23.790684,17.553873,16.427795,12.151922,12.123088,7.2145963,8.02565,8.553517,11.830074,15.350935,16.34763,19.246698,23.451786,24.732042,24.148287,21.830027,23.020346,24.987734,30.54947,27.968565,24.628416,24.352686,20.930689,22.275333,19.678026,23.334093,20.856375,16.591768,14.593108,17.13315,13.760889,18.595152,18.368303,22.779005,22.680338,27.846851,29.280088,32.105377,32.90612,36.181236,35.484142,32.9593,28.095041,26.382463,21.626293,21.85576,16.837315,14.028028,12.677537,9.200023,11.974662,12.254064,15.59552,17.481628,15.074277,19.702286,20.464851,21.160206,24.70604,23.9408,29.40382,27.60335,31.747652,33.95602,31.451202,28.914677,27.432756,22.214777,22.383076,17.968391,19.211304
26,17.544748,19.110191,17.620401,16.825628,15.210394,19.45295,16.21413,22.83757,23.778502,28.110802,31.363323,31.911331,33.92925,35.39928,31.580582,26.670563,26.641663,21.055817,21.58199,17.312452,16.245771,16.042356,13.147443,8.641543,6.128911,5.9243727,0.0,4.6112757,9.031082,11.375753,14.893066,20.706581,23.162718,26.317915,28.21436,31.032986,32.46459,30.468418,28.58699,26.073603,23.93809,18.901741,16.862022,13.90939,12.246527,6.8205204,9.694894,5.69703,8.515188,11.273463,13.5419,14.698957,19.422522,21.903137,20.893072,18.870039,21.113718,23.524683,29.000204,27.297817,24.127777,23.83186,20.160606,22.063076,18.370916,23.641375,21.604656,16.570585,16.525887,19.512566,15.605719,20.11143,19.90944,23.861155,24.140263,28.756433,30.689846,33.015606,34.371086,37.92692,37.68016,35.796154,30.566051,29.571016,24.465256,25.783913,20.43999,18.503597,17.454454,14.442507,17.072031,17.596968,21.354717,23.320864,20.735994,25.197224,25.483889,25.960817,29.008469,27.829323,32.897976,30.366367,34.320206,36.05328,33.398094,31.299726,29.217224,24.859856,25.159891,21.076057,22.83227
27,17.338413,18.043541,16.381157,14.345762,12.723812,16.059845,13.0641575,19.572287,20.317719,25.070593,27.892721,29.01554,30.837738,32.45581,29.034811,23.80075,24.269993,18.704012,19.665773,16.11015,15.087374,16.312916,13.468247,7.892031,8.116615,8.155078,4.6112757,0.0,5.2752776,7.2857046,10.608099,16.39378,18.920265,22.095394,24.240683,26.89597,28.626554,26.914198,24.967348,22.664404,20.378962,15.727053,13.961322,11.298195,10.444752,6.357376,11.334958,8.172368,8.229343,12.145799,12.389757,13.484999,18.305216,20.44639,18.389107,15.882433,18.644451,20.543783,26.154926,24.890455,21.602238,22.389053,19.180138,21.874372,18.941118,24.520838,23.306131,18.960985,18.795525,20.756098,15.459084,19.5911,18.340673,22.181097,21.818668,26.360449,27.914604,29.923847,31.304737,35.067024,34.821297,33.33182,27.973116,27.341303,22.302208,24.071966,19.174707,17.623255,17.601362,15.3542795,18.68006,19.893272,23.037039,24.382822,20.999454,25.60629,24.817307,25.603386,27.84662,26.681015,31.227785,28.427877,32.501667,34.121017,31.809374,29.963276,28.432718,24.053038,25.155636,21.271444,23.807335
28,17.890017,17.492393,14.918648,12.146829,9.538733,12.345993,8.112621,14.655754,15.080712,19.917597,22.634819,23.786053,25.580997,27.32752,23.966213,18.678425,19.244678,13.811063,15.0116005,12.140046,11.48879,14.026637,12.094569,6.535183,9.981047,9.42784,9.031082,5.2752776,0.0,5.834345,6.0673385,12.918132,14.250391,18.076252,19.51043,22.439955,23.967167,22.251886,20.804462,18.284481,16.950888,11.537528,11.14117,7.443982,9.514141,7.612726,12.693574,12.060961,11.371087,16.151241,14.314989,16.606697,20.889112,21.809057,19.231665,16.128069,18.391508,19.3183,25.063744,23.570545,20.049969,21.990282,19.476873,22.453876,20.914312,25.65983,24.874651,21.503666,20.251013,21.047205,14.875407,18.714903,16.281935,20.306995,18.863323,23.766186,24.445429,26.490524,27.441233,31.249884,30.631731,29.10371,23.841957,23.08507,18.391457,19.889992,15.891194,14.239878,15.427946,14.023701,17.96212,19.674719,21.79717,22.345362,18.229578,22.997671,21.201345,22.540012,24.10902,23.282127,27.468046,24.90481,29.275629,31.126482,29.324806,27.444891,26.965462,21.996725,23.875011,20.068687,23.040579
29,22.586618,22.216108,20.121788,16.636213,14.60073,15.849274,12.155488,17.83854,17.128479,22.652582,23.722652,25.985804,26.98053,28.112148,25.625965,20.039883,21.827135,16.325514,19.05828,16.442863,16.802132,19.43865,17.866442,12.209584,14.680365,13.334298,11.375753,7.2857046,5.834345,0.0,6.6318765,9.530405,13.490797,15.349359,18.231934,20.467873,22.39415,20.896273,18.376867,16.587475,13.4675455,10.353879,8.232321,8.048794,7.3561015,8.030173,13.390269,12.184089,9.107255,13.744848,10.156679,12.38183,16.066906,16.616993,13.531682,10.330766,12.985271,13.994597,19.677568,18.785925,15.452928,17.71428,15.505535,19.147179,17.868376,23.246578,23.438766,20.612833,20.370396,20.598467,13.912093,16.72746,14.154023,17.313955,16.357115,20.376112,21.746967,23.285103,24.927452,28.846905,28.920702,28.136448,22.63928,22.890799,17.919395,20.990513,16.540707,16.560694,17.595894,16.958172,20.487438,22.842756,25.342638,25.984146,22.064295,25.782995,23.661484,24.1855,25.102869,23.583097,27.10659,23.670689,27.54447,28.770082,26.828722,25.511671,24.551096,20.719408,22.859087,19.746677,23.343988
30,20.687464,19.213749,16.635387,12.531719,10.287843,10.091188,6.7475953,11.419557,11.01865,16.525705,18.131338,20.382662,21.705036,23.665075,21.178625,15.59912,17.152906,12.504983,14.492021,13.6075325,13.394261,17.365225,16.066866,11.452436,15.670894,15.300002,14.893066,10.608099,6.0673385,6.6318765,0.0,7.960982,8.386461,12.645487,14.197458,16.882776,18.883041,17.758024,16.456018,14.402764,13.366697,9.213892,10.324845,8.208756,11.809809,12.4871025,17.547903,17.368336,15.3505,20.130459,16.675486,18.77773,22.424118,22.570602,18.92428,15.456444,17.84381,17.532064,22.997562,22.161837,18.732273,22.282536,20.776993,24.355225,23.919392,28.486952,28.572159,26.028368,24.737345,24.498035,17.633904,20.3983,16.7143,20.070902,17.497662,21.9414,21.68469,23.117613,23.922585,27.946669,27.241415,26.3918,21.206068,21.076319,17.029608,19.047525,16.514711,15.740718,18.218409,17.982218,22.045414,24.252144,25.59019,25.379286,20.71512,25.125029,21.944431,23.645025,23.823856,23.145275,26.183706,23.427979,27.794569,29.448538,28.345802,26.917624,27.421345,22.716309,25.555536,22.36433,25.960842
31,28.245283,26.64,24.320908,19.853546,17.996944,16.34327,13.666845,16.057228,13.686997,19.331068,17.877821,21.812979,21.685593,22.620874,21.826456,16.363316,19.687866,15.822001,19.606794,19.300303,20.370905,24.375914,23.76027,19.003382,22.890167,21.632463,20.706581,16.39378,12.918132,9.530405,7.960982,0.0,6.599659,6.033255,10.1449,11.426404,14.113933,13.660774,10.966659,10.543775,7.5021877,8.732928,9.335353,11.542408,13.455382,16.69208,21.314615,21.469496,17.867136,22.140509,16.79033,18.965889,21.004457,19.725424,15.450504,12.137556,13.865933,12.02945,16.665442,16.831728,13.9520855,19.026306,18.90946,23.0013,23.878773,28.155874,29.557892,28.222843,27.473495,26.102858,19.033274,19.997772,15.693389,17.34665,14.4749775,17.242582,16.865294,17.188232,18.630968,22.81171,22.87015,23.33648,18.215015,19.673275,16.127743,19.928507,17.949848,19.202545,21.828154,22.712332,26.34194,29.277231,30.564322,30.136038,25.644636,28.65467,24.74698,25.646463,24.461578,23.17887,24.662416,21.019386,24.624416,25.447628,24.785719,24.284992,25.116203,21.86993,25.399658,23.397598,27.652105
32,27.13747,24.773731,22.063337,17.696344,15.75098,12.947782,10.943315,10.689743,7.9240932,13.221354,11.894357,15.943834,16.096163,18.009937,17.221516,12.044564,15.107761,12.766958,15.686579,17.134172,17.898615,22.560148,22.425419,18.898485,23.653326,22.91896,23.162718,18.920265,14.250391,13.490797,8.386461,6.599659,0.0,6.373406,6.5783305,9.000397,11.396278,11.34734,10.9873295,9.955243,10.818141,9.792285,12.942887,12.838877,17.179316,19.732388,24.179142,25.038965,22.382738,27.106068,22.280888,24.71949,27.271059,26.07488,22.006054,18.634542,20.066017,18.01958,22.347795,21.984299,19.056704,24.224096,24.151316,27.886059,29.02343,32.664116,33.622368,32.266243,30.582788,29.081089,22.126644,23.46521,18.743042,20.902504,16.933924,20.320648,18.297537,18.827728,18.98622,23.004976,21.976866,22.066963,17.570362,18.27505,15.986203,18.216627,18.21623,18.575407,22.155237,23.240057,27.126232,29.808777,30.109709,28.98284,24.08974,27.539757,22.887016,24.862543,23.145096,22.817934,23.956415,21.36858,25.446848,26.881618,26.967974,26.13788,28.207613,23.971819,27.792635,25.55796,29.548065
33,32.7178,30.621069,28.058216,23.591156,21.646997,19.104563,16.66419,16.90183,13.474784,18.277287,14.741432,19.567936,18.463285,18.951324,19.51209,14.809001,18.90578,16.619457,20.759111,21.645927,23.248377,27.568172,27.691744,23.593071,27.982811,26.521194,26.317915,22.095394,18.076252,15.349359,12.645487,6.033255,6.373406,0.0,5.532225,5.538822,8.628046,9.187265,6.9458237,8.046309,7.13347,10.749223,12.807869,15.256481,17.997831,21.87021,25.965374,26.98549,23.439484,27.736109,21.910416,24.479351,25.847046,23.623716,19.602875,16.685408,17.231314,14.218311,17.424997,17.699738,15.446685,21.344969,22.261662,26.129206,28.130455,31.435062,33.281464,32.772133,31.552286,29.371605,22.537096,22.61557,17.83547,18.584627,14.75448,16.479431,14.4906,13.9633875,14.806053,18.91051,18.76753,20.048496,15.680215,17.818165,15.825401,19.549295,19.389301,21.203905,24.442556,26.098425,29.58095,32.740925,33.282078,32.253414,27.706995,30.042429,25.309618,26.34827,23.918966,22.926624,22.949268,19.56939,22.800112,23.4459,23.785593,23.73328,25.835361,22.936535,27.034494,25.715168,30.052963
34,33.26627,30.829485,27.804071,23.765835,21.430565,18.83778,15.964119,14.620909,10.450357,14.162587,9.534616,14.48846,13.013109,13.562822,14.476917,10.424209,14.688502,13.916808,17.881556,19.826187,21.773354,26.204576,27.113123,23.960127,28.86351,27.308353,28.21436,24.240683,19.51043,18.231934,14.197458,10.1449,6.5783305,5.532225,0.0,3.8763185,4.839681,5.3085217,6.312187,6.465512,9.702765,11.065452,14.693351,15.815851,19.98313,23.69232,27.304419,29.266504,26.389292,31.088217,25.423956,28.682144,30.332382,27.896044,24.384714,21.35117,21.340849,18.402317,21.57686,20.872108,18.521093,24.177645,25.133797,28.557,30.99512,33.4582,35.002724,34.76794,32.69733,30.176186,23.63961,23.791084,18.786917,19.866146,15.248974,17.547937,14.138376,14.173533,13.555724,17.328917,16.071308,16.841328,13.157089,14.680034,14.067315,16.565365,18.19289,19.690886,23.521996,25.596846,29.03048,32.117786,31.811275,30.200447,25.59459,27.71255,22.407688,24.018639,20.955868,20.68368,20.200459,17.810062,21.35931,22.607832,23.587492,23.19925,26.41152,22.764963,27.067978,25.75406,29.833298
35,36.100124,33.602207,30.837282,26.549696,24.563763,21.4999,19.367378,17.802826,13.904506,17.287104,11.989093,17.341396,15.352432,15.564839,17.477522,14.024456,18.325535,17.783922,21.703365,23.665623,25.504179,29.983511,30.68514,27.296198,32.06479,30.5859,31.032986,26.89597,22.439955,20.467873,16.882776,11.426404,9.000397,5.538822,3.8763185,0.0,4.2065625,6.7083554,6.942154,8.830213,10.790645,14.101449,17.0874,19.021332,22.534441,26.495281,30.239313,31.879543,28.590767,33.029118,27.113567,29.971098,31.187157,28.561329,24.79992,22.030422,22.025272,18.664312,20.972765,21.03839,19.203367,25.202354,26.592182,30.156967,32.781807,35.340622,37.28079,37.23216,35.50913,32.86326,26.328672,26.044855,21.10278,21.492018,17.096428,18.25823,14.774376,13.752274,13.393515,17.020458,16.240852,18.061274,14.92488,17.195475,16.936308,19.875237,21.455715,23.318441,27.01216,29.130781,32.501194,35.685036,35.50971,33.94196,29.399014,31.295494,25.971687,27.328957,23.96479,23.497894,22.31946,19.682093,22.59986,23.302935,24.597303,24.734406,27.962818,25.082636,29.460789,28.521437,32.72771
