,0,1,2,3,4,5,6,7,8,9,10,11,12,13,14,15,16,17,18,19,20,21,22,23,24,25,26,27,28,29,30,31,32,33,34,35,36,37,38,39,40,41,42,43,44,45,46,47,48,49,50,51,52,53,54,55,56,57,58,59,60,61,62,63,64,65,66,67,68,69,70,71,72,73,74,75,76,77,78,79,80,81,82,83,84,85,86,87,88,89,90,91,92,93,94,95,96,97,98,99,100,101,102,103,104,105,106,107,108
0,0.0,4.6278434,7.2174215,10.135665,13.316449,15.125373,18.606142,22.118925,24.531265,28.087223,32.928757,35.86036,35.52717,33.910965,29.4857,27.827162,24.069317,23.244654,19.16534,17.384321,16.865456,10.943631,14.065624,17.454416,16.728619,16.583998,21.761312,22.29607,25.293118,24.25399,29.793533,28.146376,35.85848,34.463066,37.760574,40.42563,40.09144,38.975456,34.819977,30.699863,34.709324,30.166893,33.25215,30.614584,26.997665,27.0756,25.579432,25.157118,26.923332,30.410763,33.863934,32.53204,38.39576,40.22086,38.717762,40.2215,38.570965,40.96198,45.705956,42.217945,38.76823,38.947903,35.39907,36.301033,32.34372,36.035976,32.33378,30.270763,32.661526,31.869791,34.984653,35.952335,35.03741,39.34477,39.06463,43.416466,44.923687,45.61291,49.182793,48.04106,43.19202,40.888474,37.505264,34.81978,31.941437,30.62905,24.470928,22.389114,19.614681,17.537447,18.33214,19.46875,16.051455,20.981268,23.663504,24.388895,22.573732,25.36849,28.553804,28.849495,27.059315,25.742716,26.056818,27.611366,28.315062,29.13039,33.034744,33.553974,37.802116
1,4.6278434,0.0,4.8929324,6.8882174,9.623457,12.708588,14.940937,19.374798,21.250685,25.443172,30.036097,32.930645,33.142925,31.728199,27.566225,25.655094,22.343437,21.064348,17.592237,15.219038,16.172249,10.040139,14.275511,16.732788,16.268545,14.901286,19.972082,20.30733,22.680363,22.312006,27.082726,25.997507,33.49872,32.07317,35.65426,38.217255,38.365246,37.36993,33.06833,28.829876,32.970432,28.43479,31.039892,28.318502,25.445375,25.015245,24.312473,23.173607,25.667152,28.97598,32.417503,30.790726,36.745056,37.951233,36.734016,38.142136,35.983265,38.25697,42.850662,39.045444,35.65123,35.654324,32.230553,32.94224,29.410757,32.665855,29.04554,26.548119,28.602798,27.966,31.041422,31.766842,31.067892,35.245293,35.173275,39.4852,41.138096,42.055782,45.6455,44.851658,40.112793,37.610962,34.439075,31.52111,28.548172,27.127138,20.902388,19.17367,15.93341,14.049258,14.205393,15.186983,11.501564,16.39248,19.15416,20.063366,18.069351,20.742659,23.997381,24.43992,22.630924,21.433289,22.027102,23.44591,24.728561,25.323925,29.381292,30.14234,34.343075
2,7.2174215,4.8929324,0.0,5.1834254,7.047834,8.7241,12.035202,15.331627,17.918148,21.215506,26.430355,28.971397,29.03391,27.793789,23.30479,21.939934,18.47571,17.91252,14.584194,13.110391,14.274777,8.859625,14.158686,16.888248,17.819252,16.707872,21.264029,20.428043,22.473942,21.257626,25.88903,23.831083,31.119446,28.941647,32.776093,35.001686,34.949383,34.321785,29.879301,25.859537,30.698,26.635262,29.388615,27.610416,25.040218,25.090355,24.952543,24.385113,27.22155,30.87902,33.833332,31.511276,37.461327,38.369686,36.63094,37.60519,35.521732,37.349247,42.037136,38.35716,34.859127,35.667557,32.614204,33.786526,30.885061,34.35868,31.291761,28.62006,29.908691,28.709238,31.321861,31.585577,30.33823,34.354973,33.76745,38.098522,39.33616,40.290104,43.613747,42.624557,37.599808,34.915012,31.69478,29.189499,25.958645,25.466183,19.135124,18.216875,15.567043,14.894988,15.124404,14.744265,10.773292,16.66038,18.926525,18.304178,16.7532,20.649578,23.48021,22.736326,20.906227,19.574661,19.264832,20.890413,21.159872,22.388859,26.064104,26.832935,30.994547
3,10.135665,6.8882174,5.1834254,0.0,3.7673562,6.6861815,8.808942,13.184324,14.723659,19.393595,23.360014,26.638063,26.703798,25.141554,21.350658,18.999746,16.001204,14.317375,11.314215,8.749017,11.117096,6.097155,11.503938,13.036111,14.353269,12.615255,16.68681,15.54691,17.337025,16.49787,20.885319,19.421562,26.767145,25.212189,28.876547,31.385342,31.71184,30.780628,26.419926,22.161343,26.519339,22.221373,24.683046,22.594288,20.33935,20.114353,20.420284,19.628277,22.836203,26.463995,29.215565,26.655865,32.599598,33.27597,31.626423,32.61275,30.39172,32.28482,36.9458,33.25407,29.762718,30.530216,27.47908,28.795801,26.025589,29.74448,27.046885,24.64408,25.750134,24.041101,26.567507,27.078224,25.620281,29.827686,29.209259,33.574528,34.909203,35.68771,39.168602,38.17146,33.32616,30.866182,27.610878,24.82274,21.857761,20.740372,14.474361,13.106487,10.543314,10.07113,10.901935,10.516958,8.6565,13.631396,15.29637,15.031875,14.649342,17.963242,20.064247,19.70362,18.950546,18.419596,18.053741,18.825495,19.505299,19.317371,23.447409,23.699408,27.986631
4,13.316449,9.623457,7.047834,3.7673562,0.0,5.318378,5.3365088,10.4400215,11.679288,16.526249,20.629387,23.57291,24.174189,22.988127,19.317461,17.139269,14.686824,13.053257,11.208248,8.910954,12.663151,9.018715,14.403061,15.3050375,17.124521,14.859342,18.25221,16.504847,17.35786,16.786634,20.057737,18.651403,25.45005,23.39658,27.47146,29.631107,30.29211,29.718887,25.20853,21.074379,25.88479,21.996984,23.999006,22.421965,21.113554,20.680433,21.89401,20.797888,24.53593,28.001139,30.494064,27.518105,33.370625,33.39336,31.792894,32.471794,29.863155,31.3819,35.88901,31.986317,28.540852,29.533154,26.851942,28.157475,26.156174,29.420609,27.071447,24.221718,24.597754,22.85956,25.047834,25.000439,23.507269,27.428444,26.755747,31.07416,32.32724,33.387714,36.723682,35.986107,31.099733,28.30499,25.272486,22.50266,19.245485,18.659569,12.307334,12.167501,9.595576,10.409627,10.304024,8.523892,6.339665,11.613681,12.928064,11.675473,11.434744,15.425926,17.318035,16.297697,15.473336,15.001398,14.35748,15.097007,15.831092,15.83895,19.920343,20.520428,24.72946
5,15.125373,12.708588,8.7241,6.6861815,5.318378,0.0,6.2378974,7.103556,10.026261,13.17399,17.916084,20.826384,20.503838,19.111773,14.885745,13.245835,10.068053,9.66528,7.4924846,7.3737297,10.2015505,8.611535,13.7249365,15.170823,18.220253,17.079462,19.905289,17.12168,18.143583,15.909719,19.65807,16.498188,23.217205,20.412876,24.467434,26.422611,26.467613,26.12351,21.553423,17.703297,23.192814,19.87244,22.454617,22.100283,20.549511,21.115738,22.305859,22.430992,25.869122,29.767756,31.695341,28.230202,33.905247,34.109512,31.700628,31.964594,29.94778,31.062843,35.76937,32.401096,28.843122,30.905327,28.556263,30.550432,28.813301,32.723747,30.9176,28.467669,28.502396,26.001225,27.673973,27.514816,25.160248,28.985096,27.478907,31.769905,32.377045,33.12857,36.14373,34.78211,29.523754,26.850735,23.503986,21.504116,18.21516,18.80274,12.871346,13.174384,12.330119,13.8829,14.741193,12.459731,11.28487,16.293728,16.861645,14.082116,14.998391,19.625443,20.71442,18.48412,18.143574,17.709633,15.724954,16.447542,15.119697,15.579039,18.972523,18.944265,23.174877
6,18.606142,14.940937,12.035202,8.808942,5.3365088,6.2378974,0.0,6.7289786,6.6247444,12.260355,15.746953,18.622137,19.739069,18.871809,15.823585,13.529525,12.270421,10.453753,10.7304,9.132534,14.066861,12.608548,17.400316,17.369324,20.000458,17.498743,19.619621,16.873516,16.4574,15.955578,17.559216,16.115023,21.910372,19.345787,23.801981,25.551105,26.687475,26.491438,21.92748,18.055777,23.21631,20.03515,21.366161,20.721296,20.721449,20.22902,22.616926,21.515324,25.738571,29.046614,30.92672,27.298826,32.850285,32.055035,30.330074,30.499704,27.57406,28.49217,32.797565,28.838121,25.46583,27.084564,25.050327,26.632473,25.776169,28.76716,27.267921,24.287695,23.546967,21.255299,22.682978,21.97844,19.994308,23.537336,22.457588,26.700222,27.662342,28.898937,32.010906,31.412895,26.473705,23.390081,20.575651,17.933657,14.403713,14.69836,8.661343,10.503086,9.089893,11.790448,11.341481,7.789833,7.8806496,11.414343,11.270149,7.849405,9.546094,14.032579,14.635819,12.294738,12.439855,12.68606,11.000229,10.944463,11.2108,10.551528,14.662581,15.233718,19.415527
7,22.118925,19.374798,15.331627,13.184324,10.4400215,7.103556,6.7289786,0.0,4.723387,6.2183814,11.394277,13.750026,13.933517,13.226496,9.38032,8.439778,7.290756,7.8936605,9.474603,10.709139,14.387418,15.046472,19.335562,19.750416,23.459259,21.982061,23.549065,19.806053,19.368347,17.125456,18.611897,14.977908,19.802937,15.668468,20.393421,21.450134,21.953644,22.452665,17.776196,14.664042,20.958418,19.032475,20.743347,21.997524,22.105148,22.692438,25.191133,25.32671,29.227898,32.893925,34.09299,29.898876,35.08947,34.289135,31.66219,31.177618,28.892767,29.074932,33.438942,30.161367,26.784796,29.78846,28.364048,30.667042,30.32863,33.804844,32.941917,30.298065,29.097185,26.125273,26.812742,25.770731,22.834913,25.89705,23.721634,27.720669,27.695076,28.66854,31.150328,29.864641,24.435888,21.306725,18.283329,17.005049,13.364367,15.946443,11.374071,13.975884,14.425504,17.472507,17.780321,14.1933,14.259039,17.901142,17.22259,12.357085,14.803982,19.78628,19.570452,15.646245,16.158684,16.283539,12.885441,12.921636,9.627211,10.22962,12.616718,12.449609,16.489416
8,24.531265,21.250685,17.918148,14.723659,11.679288,10.026261,6.6247444,4.723387,0.0,7.2829256,9.132363,12.38369,13.515185,12.830993,10.91021,8.487432,9.342297,7.9404182,11.031007,11.167891,15.855717,16.83608,20.667753,20.007504,23.578388,21.49104,22.251055,18.391132,16.941988,15.705402,15.511814,13.149813,17.16735,13.596012,18.443478,19.577166,21.04347,21.379286,16.86205,13.662029,19.2946,17.457182,18.176683,19.343914,20.594734,20.58566,23.902422,23.47501,27.745258,31.015223,31.974316,27.609457,32.569847,31.111237,28.844936,28.245638,25.448277,25.448864,29.56216,26.016657,22.758385,25.699177,24.601925,26.851156,27.192476,30.294956,29.925966,27.311293,25.554132,22.333609,22.61929,21.359234,18.279045,21.203857,19.022116,23.033983,23.159945,24.267935,26.903435,25.985268,20.771774,17.498066,14.696122,12.84606,9.047522,11.608224,7.7075367,11.450593,12.399338,16.096653,16.147552,12.2297735,14.068996,16.038578,14.467624,9.3855505,13.256462,17.365429,16.15351,12.214928,14.068106,15.123975,11.996141,10.74967,8.606274,6.3379507,9.647226,9.0507555,13.358555
9,28.087223,25.443172,21.215506,19.393595,16.526249,13.17399,12.260355,6.2183814,7.2829256,0.0,7.6985326,8.120005,8.615058,9.291794,6.196773,7.8106427,9.093035,11.042075,14.068413,16.08908,19.34056,20.967638,24.815773,24.990347,29.039442,27.65896,28.593445,24.411915,23.307873,20.886034,20.937311,16.883183,19.36989,13.899152,18.827797,18.63471,19.231802,20.783592,16.413744,14.730921,21.268316,20.887249,21.980541,24.666239,25.70289,26.513876,29.562927,29.952356,33.894154,37.43605,38.085693,33.489506,38.1649,36.782295,33.885216,32.768005,30.571499,29.907612,33.854073,30.945213,27.866917,31.695955,31.064579,33.6027,34.20508,37.400272,37.193626,34.524582,32.564976,29.35439,29.26077,27.573755,24.249578,26.411104,23.597813,27.049177,26.213072,27.292122,28.998959,27.633904,22.141525,18.721172,16.248528,16.30448,12.861469,17.356718,14.76404,18.295809,19.47707,22.957132,23.070044,19.141264,19.521727,22.427599,21.144438,15.427887,18.370525,23.27219,22.231377,17.213638,18.16683,18.523739,14.300874,13.957833,8.574,9.960358,9.760311,9.3263445,12.430038
10,32.928757,30.036097,26.430355,23.360014,20.629387,17.916084,15.746953,11.394277,9.132363,7.6985326,0.0,5.6744304,6.0065727,6.0540447,8.454382,7.368514,11.47995,11.589552,16.183754,17.788837,21.279675,24.195503,26.921495,25.805473,30.02641,28.517292,28.017275,23.432955,21.241842,19.261911,17.02793,13.7564335,13.346096,7.876093,12.798282,12.1864605,14.222637,15.793775,12.0398035,11.288288,16.576597,17.448402,17.16239,20.932163,23.46578,24.136564,28.061357,28.510365,32.463894,35.559517,35.382442,30.40982,34.27501,32.12028,29.176159,27.49145,25.269913,23.849377,27.3412,24.867178,22.134014,26.763905,26.991835,29.925898,31.55863,34.699192,35.56952,33.511433,30.891657,26.91059,25.888624,24.17764,20.095308,21.703909,18.06552,21.076159,19.591873,20.2297,21.679998,20.000233,14.494445,11.210612,8.795324,9.920305,7.574542,13.141157,13.58713,17.421303,19.936043,23.857412,24.329363,20.531864,23.09514,24.232986,21.888191,16.685858,21.155148,24.628397,22.07959,17.490353,20.413221,21.910349,18.160398,16.30025,12.378629,9.690455,8.829554,4.971829,7.5880127
11,35.86036,32.930645,28.971397,26.638063,23.57291,20.826384,18.622137,13.750026,12.38369,8.120005,5.6744304,0.0,5.4464397,8.443684,10.17375,11.632036,15.1051,16.298336,20.470428,22.286816,25.754974,28.135254,31.428099,30.774864,34.936764,33.30684,33.22584,28.770363,26.621105,24.762653,22.578148,19.376404,18.50297,12.7841835,17.225237,15.433795,17.171291,19.677996,16.388432,16.424105,21.784153,23.025839,22.726484,26.556686,29.084156,29.690588,33.583004,33.850407,37.92158,41.006573,40.954517,36.011833,39.857624,37.47995,34.6696,32.85834,30.51959,28.821177,31.88229,29.386343,26.943571,31.436699,31.909565,34.55472,36.495018,39.10179,39.890984,37.370182,34.435627,30.942749,29.787191,27.436653,23.813494,24.633776,21.210905,23.642971,21.833435,23.04942,23.706821,22.583075,17.534742,13.8515415,12.848982,14.486298,12.167464,17.924173,18.128736,22.336641,24.249811,28.170767,28.078781,23.992617,25.518885,26.907673,24.737339,18.94925,22.705523,26.612411,24.278336,18.89084,21.031693,22.166094,18.012823,16.578812,11.622163,11.289414,8.035837,6.421228,6.410424
12,35.52717,33.142925,29.03391,26.703798,24.174189,20.503838,19.739069,13.933517,13.515185,8.615058,6.0065727,5.4464397,0.0,3.7875056,6.81903,9.037121,12.57824,14.587792,18.612099,21.257044,23.714197,27.039793,29.66764,29.186718,33.720436,32.798042,32.54246,27.802204,26.146683,23.226627,21.870846,17.35893,16.37808,10.141236,14.068694,12.200366,12.721906,15.481348,12.29906,13.138325,18.66503,20.49531,20.860893,25.385193,27.309242,28.658676,32.124107,33.262688,36.874302,40.251747,39.912457,34.882107,38.576694,36.776836,33.30061,31.356909,29.851774,28.16402,31.57178,29.76925,27.15875,32.223415,32.53171,35.67101,37.13259,40.563057,41.375217,39.34711,36.851425,32.8729,31.864218,30.141018,26.022026,27.40401,23.578312,26.172806,24.114832,24.494534,25.174667,22.91984,17.560396,14.886414,12.92425,15.262151,13.487936,18.957514,19.062548,22.515846,25.00861,28.747225,29.41076,25.609735,27.325111,29.313269,27.300375,21.794046,25.71046,29.806923,27.628973,22.653547,24.862122,25.852036,21.653732,20.467834,15.3046,14.705044,12.702308,9.930259,10.77401
13,33.910965,31.728199,27.793789,25.141554,22.988127,19.111773,18.871809,13.226496,12.830993,9.291794,6.0540447,8.443684,3.7875056,0.0,5.5648723,6.3686924,10.154521,11.955171,16.001314,18.833895,20.86394,24.762814,26.854462,26.219164,30.876474,30.26649,29.775839,24.931843,23.49717,20.12738,19.194063,14.120025,13.486711,7.2606936,11.119869,10.060866,10.104673,12.319993,8.721852,9.495343,15.168381,17.004435,17.733953,22.40893,24.025652,25.684168,28.9508,30.478678,33.842873,37.31399,36.843533,31.812702,35.471336,34.019684,30.275928,28.39037,27.255371,25.767693,29.491499,27.926266,25.146286,30.352518,30.453861,33.83529,34.948353,38.857464,39.67681,38.01749,35.839573,31.566093,30.706097,29.48245,25.119858,27.001781,23.081842,25.941307,24.035475,23.935446,25.007961,22.233078,16.692833,14.6273,11.831469,14.018449,12.555988,17.437866,17.517176,20.386812,23.272451,26.865904,28.018711,24.509888,26.686445,28.721615,26.729338,21.666761,25.823061,29.737179,27.567686,23.111837,25.595497,26.684679,22.699554,21.420046,16.716583,15.257748,14.368748,10.943089,12.678443
14,29.4857,27.566225,23.30479,21.350658,19.317461,14.885745,15.823585,9.38032,10.91021,6.196773,8.454382,10.17375,6.81903,5.5648723,0.0,5.0458493,6.5138693,9.943889,12.916876,16.182343,17.931166,21.146347,23.87323,24.110569,28.684566,28.219488,28.67599,24.089685,23.433624,19.735003,20.47826,14.932536,16.98539,11.247249,15.364635,15.215001,14.522139,16.121502,11.92614,11.098729,17.754816,18.197248,19.96562,23.623802,24.126331,25.858482,28.495535,29.990345,33.34378,37.14949,37.29668,32.546253,36.86743,36.009094,32.352974,30.982687,29.753635,28.94017,33.09519,31.055384,27.936213,32.52311,31.940853,35.076035,35.400093,39.444168,39.516663,37.5277,35.865658,32.012703,31.816584,30.709023,26.75344,29.179361,25.772469,29.132568,27.805857,28.052282,29.573092,27.140379,21.501312,19.044239,15.984664,17.007467,14.513364,18.86055,16.96804,19.548376,21.683296,24.954535,26.033884,22.55633,23.58018,26.68735,25.34883,20.18257,23.528341,28.164185,26.898869,22.386646,23.868557,24.34359,20.287678,19.804485,14.731149,14.853891,14.707318,12.559237,15.272762
15,27.827162,25.655094,21.939934,18.999746,17.139269,13.245835,13.529525,8.439778,8.487432,7.8106427,7.368514,11.632036,9.037121,6.3686924,5.0458493,0.0,4.4710903,5.66871,9.739148,12.49295,14.763208,18.442913,20.696018,20.178316,24.759407,24.135628,24.08972,19.384125,18.50208,14.910992,15.464875,10.001046,12.969021,8.119823,12.46313,13.529353,13.588498,14.076994,9.423497,7.0721617,13.799002,13.559198,15.245109,18.604582,19.313063,20.89714,23.776646,25.183512,28.593128,32.28761,32.34813,27.562185,31.910803,31.037685,27.481972,26.268776,24.91842,24.37612,28.737577,26.579561,23.324457,27.79107,27.06095,30.297586,30.526375,34.778835,34.99862,33.343945,31.800497,27.660803,27.507689,26.82223,22.706911,25.556267,22.205706,25.825,24.850136,24.833185,26.897655,24.419659,18.79409,16.643515,13.0271225,13.279369,10.990001,14.487491,12.773829,14.991665,17.660168,20.996016,22.439041,19.217121,21.385527,23.830587,22.225763,17.711079,21.659206,25.617931,24.030598,20.256083,22.469774,23.410688,19.85747,18.801561,14.961514,13.150816,14.288193,11.390707,14.851704
16,24.069317,22.343437,18.47571,16.001204,14.686824,10.068053,12.270421,7.290756,9.342297,9.093035,11.47995,15.1051,12.57824,10.154521,6.5138693,4.4710903,0.0,4.589235,6.43783,10.0398445,11.427432,14.915099,17.370632,17.69126,22.262672,22.070341,22.793962,18.384846,18.515497,14.390231,16.905737,11.164869,16.08751,12.115894,15.861593,17.39837,16.716566,16.762646,12.202561,9.257867,15.757492,14.411226,17.141283,19.538837,18.9138,20.770082,22.784285,24.447273,27.582449,31.598307,32.101433,27.657738,32.429356,32.284237,28.70241,27.944082,26.830385,26.885239,31.546236,29.290789,25.846458,29.801445,28.465015,31.561033,30.93282,35.502827,35.110523,33.430733,32.52671,28.668425,29.12064,28.787468,25.005096,28.329138,25.384459,29.268871,28.672358,28.680456,31.014095,28.554659,22.985247,20.919525,17.209822,16.891699,14.361412,16.852858,13.602403,14.85946,16.917969,19.678745,21.389755,18.535816,19.84303,23.249699,22.302639,18.196047,21.36749,25.697594,24.91907,21.51298,22.955917,23.405378,20.069822,19.66484,16.026323,15.212336,17.016178,14.926913,18.682499
17,23.244654,21.064348,17.91252,14.317375,13.053257,9.66528,10.453753,7.8936605,7.9404182,11.042075,11.589552,16.298336,14.587792,11.955171,9.943889,5.66871,4.589235,0.0,4.8159056,6.9097724,9.697402,13.269422,15.393343,14.681288,19.153372,18.502598,18.733559,14.207506,13.984657,10.2693,12.628163,7.6160307,13.780637,11.243925,14.881116,17.21526,17.417711,16.695417,12.189674,8.111245,13.759138,11.329119,13.763303,15.351179,15.041065,16.459139,18.889341,20.159702,23.554472,27.403097,27.930862,23.464222,28.367073,28.070696,24.797386,24.280615,22.809599,23.204535,27.961819,25.421745,21.886688,25.484148,23.963085,27.032442,26.353256,30.978996,30.695122,29.231985,28.386362,24.350409,24.88167,24.893913,21.12595,24.796839,22.094614,26.16002,25.994566,25.916262,28.711916,26.474152,21.13262,19.246586,15.406599,14.14036,11.820176,13.025592,9.641078,10.421495,12.971087,15.877674,17.85131,15.2358,17.783628,20.320423,19.090878,15.742402,19.406775,22.954475,21.872948,19.250315,21.323118,22.22678,19.46419,18.517246,16.179398,13.8010435,16.590803,14.256022,18.334866
18,19.16534,17.592237,14.584194,11.314215,11.208248,7.4924846,10.7304,9.474603,11.031007,14.068413,16.183754,20.470428,18.612099,16.001314,12.916876,9.739148,6.43783,4.8159056,0.0,4.289547,5.3225613,8.955046,11.104414,11.448457,15.894691,15.913426,17.112667,13.178644,14.448653,10.303383,15.007516,10.392391,17.594862,15.706733,18.771835,21.396755,20.978762,19.902657,15.658273,11.5994,16.463299,13.092965,16.441216,16.819416,14.778403,16.48774,17.617933,19.237776,22.141113,26.330921,27.378807,23.45408,28.733084,29.335974,26.105719,26.133444,25.024124,26.061972,31.014507,28.492798,24.876116,27.828547,25.66246,28.517551,26.794975,31.779486,30.807869,29.457989,29.440275,25.7748,26.976524,27.46077,24.135933,28.196077,25.93774,30.142797,30.311457,30.193499,33.1946,30.932716,25.708189,23.981033,20.115932,18.586798,16.280207,16.549128,12.069989,11.28254,12.868724,14.6944475,17.150652,15.327819,16.942785,20.401453,19.98064,17.481133,20.152409,23.809628,23.619282,21.629566,22.923534,23.343107,21.016878,20.689297,18.760307,17.250944,20.422396,18.661947,22.844923
19,17.384321,15.219038,13.110391,8.749017,8.910954,7.3737297,9.132534,10.709139,11.167891,16.08908,17.788837,22.286816,21.257044,18.833895,16.182343,12.49295,10.0398445,6.9097724,4.289547,0.0,5.521294,7.066238,9.60321,9.080706,12.953945,12.115684,13.586416,10.088794,11.480042,8.670167,13.524989,10.865101,18.481144,17.533108,20.601831,23.51795,23.762775,22.394629,18.259617,13.860437,17.802094,13.56642,16.349953,15.225662,13.184946,13.962237,15.160137,15.854897,19.14607,23.167017,24.675343,21.04481,26.659391,27.197666,24.609556,25.091953,23.451817,24.984545,29.88812,26.895477,23.271938,25.359364,22.785397,25.265028,23.177565,28.019485,26.742437,25.360907,25.650517,22.223711,23.832672,24.623606,21.763065,26.112913,24.443308,28.77263,29.503754,29.54493,32.923134,31.129803,26.216995,24.441053,20.75394,18.37731,16.107933,15.045867,9.878588,7.9948225,8.936574,10.425757,13.100266,11.800956,14.083893,16.986145,16.708185,15.310155,17.78908,20.746273,20.75528,19.706913,21.059912,21.64726,20.063774,19.564013,18.954407,16.814821,20.721163,19.31248,23.627615
20,16.865456,16.172249,14.274777,11.117096,12.663151,10.2015505,14.066861,14.387418,15.855717,19.34056,21.279675,25.754974,23.714197,20.86394,17.931166,14.763208,11.427432,9.697402,5.3225613,5.521294,0.0,6.1783767,6.031025,7.1221704,11.547204,12.780657,14.392933,11.340252,14.173572,9.926449,16.418577,12.712241,20.403795,19.772411,21.981907,25.136772,24.430319,22.688616,19.000437,14.96518,18.261347,14.028766,17.906757,16.970043,13.190816,15.216926,14.744778,16.999039,19.017763,23.453327,24.828438,21.577868,26.98924,28.612642,25.45399,26.085524,25.510492,27.242958,32.31033,30.01191,26.4159,28.722858,25.980225,28.716024,25.929361,31.437645,30.031813,29.256037,30.126896,26.622742,28.343061,29.563286,26.552174,30.983784,29.09147,33.32849,33.82384,33.421223,36.695614,34.304794,29.389809,28.13305,24.206839,22.382597,20.526928,19.601711,15.127088,12.644783,13.768432,14.163056,17.412676,16.873705,18.438992,21.86482,21.94358,20.764841,22.883617,25.920517,26.178474,25.196535,26.317667,26.625834,24.927902,24.741589,23.527912,21.873657,25.410414,23.665583,27.875513
21,10.943631,10.040139,8.859625,6.097155,9.018715,8.611535,12.608548,15.046472,16.83608,20.967638,24.195503,28.135254,27.039793,24.762814,21.146347,18.442913,14.915099,13.269422,8.955046,7.066238,6.1783767,0.0,5.698945,8.375922,10.549344,10.808733,14.512527,13.096826,16.084347,13.763705,19.742876,17.401375,25.200352,24.268566,27.130648,30.083376,29.767975,28.320889,24.330917,20.117577,23.783373,19.271955,22.563435,20.554405,16.980318,17.776833,16.987087,17.710045,19.987686,24.139713,26.54358,24.0324,29.845652,31.41125,29.11365,30.185118,28.900068,30.984163,35.91489,32.92619,29.352608,30.613142,27.433998,29.366695,26.050812,30.881626,28.518066,27.141302,28.588095,26.084244,28.476086,29.616976,27.495367,31.993448,30.85744,35.22734,36.258884,36.39081,39.878597,38.14636,33.275085,31.476162,27.803745,25.3864,22.9805,21.667206,16.052227,13.523927,12.557016,11.784406,14.391096,14.533067,14.48218,18.633507,19.705309,19.384256,20.103243,23.09419,24.467073,24.089417,24.181648,23.981857,23.07321,23.471897,23.244589,22.395853,26.360943,25.623758,29.975212
22,14.065624,14.275511,14.158686,11.503938,14.403061,13.7249365,17.400316,19.335562,20.667753,24.815773,26.921495,31.428099,29.66764,26.854462,23.87323,20.696018,17.370632,15.393343,11.104414,9.60321,6.031025,5.698945,0.0,4.7022977,6.9899497,9.61995,12.392459,11.481571,15.494657,12.622445,19.541471,17.373257,25.126238,25.32179,27.199078,30.638977,30.0091,27.909365,24.543991,20.486233,22.725067,17.9412,21.626808,19.156471,14.316715,15.78968,13.547229,15.57595,16.595655,20.989338,23.143526,21.06285,26.593214,29.097961,26.534086,27.909136,27.467005,29.915827,34.89997,32.52922,29.049948,30.283678,26.923307,29.146057,25.220802,30.829008,28.700504,28.340061,30.23469,27.310064,29.682194,31.513582,29.155388,33.84221,32.57369,36.829403,37.816418,37.389797,40.96727,38.783726,34.2033,33.10895,29.27557,26.980976,25.28588,23.328568,18.672869,15.133539,15.158717,13.848682,17.392488,18.267582,19.437004,22.657284,23.39961,23.648148,24.935463,27.223583,28.134335,28.247213,28.986498,29.120975,28.226831,28.241255,27.961988,26.316689,30.278847,28.855959,33.141216
23,17.454416,16.732788,16.888248,13.036111,15.3050375,15.170823,17.369324,19.750416,20.007504,24.990347,25.805473,30.774864,29.186718,26.219164,24.110569,20.178316,17.69126,14.681288,11.448457,9.080706,7.1221704,8.375922,4.7022977,0.0,4.9172397,7.094062,8.183889,7.0083256,11.285104,8.9745865,15.767847,14.769256,22.306843,23.478071,24.983711,28.713345,28.585531,26.137075,23.034578,18.869041,20.086452,14.927939,18.143759,14.906792,10.005885,11.165986,8.981963,11.112025,12.378325,16.830793,18.740206,16.421194,22.040665,24.416058,22.01966,23.559097,23.017353,25.68529,30.596333,28.263279,24.868387,25.893469,22.492474,24.847502,20.951916,26.852377,25.177467,25.300987,27.068787,23.742496,25.970634,28.155092,25.718699,30.464682,29.274763,33.418083,34.54752,33.91516,37.638588,35.521313,31.30192,30.53862,26.813341,24.254343,23.070478,20.31754,16.449017,12.270326,12.999512,11.771743,15.801995,16.908758,19.610048,21.592089,21.76515,22.504677,24.477251,25.993122,26.259018,26.85176,28.344822,28.997091,28.24237,27.68239,27.857965,25.177963,29.301905,27.521095,31.705397
24,16.728619,16.268545,17.819252,14.353269,17.124521,18.220253,20.000458,23.459259,23.578388,29.039442,30.02641,34.936764,33.720436,30.876474,28.684566,24.759407,22.262672,19.153372,15.894691,12.953945,11.547204,10.549344,6.9899497,4.9172397,0.0,4.6829596,7.054945,8.983589,13.279459,12.80296,18.855913,19.103426,26.424976,27.96934,29.446018,33.24976,33.330975,30.779133,27.778038,23.581312,24.383202,19.102535,21.827656,17.56488,12.769464,12.809291,9.515954,10.321632,10.672861,14.70955,17.604574,16.613523,22.182186,25.01522,23.48964,25.617926,24.909775,28.069489,32.72444,30.199306,27.012152,26.935282,23.0885,24.754349,19.94447,25.618626,23.251707,23.720276,26.367693,23.739138,26.507803,29.117172,27.40082,32.208176,31.647839,35.727947,37.30556,36.77469,40.7074,38.9334,35.030518,34.273327,30.73106,27.793867,26.656315,23.242567,19.320847,14.811182,14.460377,11.889987,15.737381,17.987617,20.399408,21.876226,22.537277,24.450638,25.739212,26.4818,27.23914,28.756958,29.948996,30.51122,30.437521,29.987555,30.959187,28.300463,32.702568,31.266254,35.464745
25,16.583998,14.901286,16.707872,12.615255,14.859342,17.079462,17.498743,21.982061,21.49104,27.65896,28.517292,33.30684,32.798042,30.26649,28.219488,24.135628,22.070341,18.502598,15.913426,12.115684,12.780657,10.808733,9.61995,7.094062,4.6829596,0.0,5.3090987,7.870284,11.207434,12.456762,17.304901,18.65165,25.806458,27.250324,29.20877,32.853397,33.536697,31.219772,27.943758,23.559069,24.701244,19.381653,21.350578,16.654402,13.198433,11.900843,10.249298,8.645359,10.797209,14.222701,17.521801,16.29684,22.143879,24.003202,23.16993,25.280796,23.621895,26.769096,31.241077,28.080906,24.928106,24.261978,20.314938,21.500687,16.84905,21.957914,19.32156,19.294485,21.903181,19.595749,22.613438,25.126436,23.874855,28.651676,28.542576,32.63433,34.548542,34.377316,38.4303,37.202625,33.42428,32.34206,29.072931,25.702105,24.414217,20.597666,16.503933,12.028784,10.801481,7.6565123,11.370877,14.0767765,16.978378,17.628576,18.286238,20.865786,22.00386,22.167208,22.97186,25.00104,26.217047,26.941729,27.29479,26.684307,28.40467,25.507736,30.12056,29.050747,33.203327
26,21.761312,19.972082,21.264029,16.68681,18.25221,19.905289,19.619621,23.549065,22.251055,28.593445,28.017275,33.22584,32.54246,29.775839,28.67599,24.08972,22.793962,18.733559,17.112667,13.586416,14.392933,14.512527,12.392459,8.183889,7.054945,5.3090987,0.0,4.968411,7.915735,10.236705,14.126816,16.711794,23.033937,25.602285,26.837473,30.724386,31.696833,29.000477,26.274134,22.125746,21.90713,16.640497,17.968292,12.542452,9.404882,7.3268943,5.8025575,3.4793081,6.322138,9.914553,12.596079,11.00626,16.877787,18.759235,18.019466,20.337513,18.850002,22.264944,26.614239,23.80559,20.826632,20.07813,16.121845,17.770037,13.106719,19.11059,17.551378,18.598501,20.80191,17.604237,20.152927,23.202309,21.585487,26.342188,26.092003,29.930813,31.814386,31.1944,35.301308,33.91925,30.63009,30.147408,27.005365,23.646326,23.162113,18.684986,16.144995,11.358199,11.737929,9.688576,13.520651,15.83746,20.229301,19.75759,19.467659,22.035757,24.188908,23.771252,23.509062,25.707035,27.894266,29.171148,29.308369,28.089436,29.75364,25.86243,30.337254,28.651543,32.554073
27,22.29607,20.30733,20.428043,15.54691,16.504847,17.12168,16.873516,19.806053,18.391132,24.411915,23.432955,28.770363,27.802204,24.931843,24.089685,19.384125,18.384846,14.207506,13.178644,10.088794,11.340252,13.096826,11.481571,7.0083256,8.983589,7.870284,4.968411,0.0,4.494028,5.299857,9.964348,11.758386,18.351534,20.697727,21.997078,25.850893,26.770594,24.171827,21.327318,17.162651,17.243713,11.954919,13.5629015,8.931025,5.896056,4.7969394,5.8052874,6.133277,9.490696,13.310471,14.614184,11.268645,17.135935,18.33039,16.473326,18.046509,16.60385,19.449562,24.19308,21.514072,18.193144,18.886936,15.529229,18.116798,14.879211,20.90556,20.17658,20.650368,21.734428,17.714426,19.544243,22.030413,19.483147,24.227804,23.218111,27.19041,28.588417,27.861118,31.793299,30.049599,26.381535,25.877867,22.52023,19.444605,18.964024,14.995811,12.628803,7.970255,9.973893,9.665616,13.614234,14.581586,19.346516,19.37672,18.520931,19.782589,22.734015,23.139215,22.305704,23.47379,26.046242,27.449505,26.892654,25.502647,26.405409,22.341478,26.563578,24.47731,28.37331
28,25.293118,22.680363,22.473942,17.337025,17.35786,18.143583,16.4574,19.368347,16.941988,23.307873,21.241842,26.621105,26.146683,23.49717,23.433624,18.50208,18.515497,13.984657,14.448653,11.480042,14.173572,16.084347,15.494657,11.285104,13.279459,11.207434,7.915735,4.494028,0.0,5.779909,6.4052258,10.429577,15.8512,18.602707,19.98115,23.674318,25.32154,22.885023,20.130463,16.145802,15.928441,11.15368,11.236351,6.2870097,6.942904,4.219971,8.553372,7.3575025,11.61593,14.411448,15.052295,10.945361,16.404827,16.113464,14.621523,15.798753,13.322332,15.9255705,20.541975,17.406132,14.030462,14.845611,11.818124,14.7256,12.798866,18.422392,18.562904,18.876772,19.013517,14.39597,15.642025,18.016283,15.174185,19.866789,18.83651,22.74423,24.243925,23.572943,27.593374,26.170605,22.766588,22.269949,19.23293,15.831377,15.768952,11.123507,10.153493,6.0825024,9.137549,10.145088,13.282946,13.590362,19.323631,18.281416,16.62167,17.779564,21.420319,21.33576,19.64254,20.858242,24.132618,25.991991,25.417135,23.51244,24.71577,19.881271,23.997791,21.769175,25.390196
29,24.25399,22.312006,21.257626,16.49787,16.786634,15.909719,15.955578,17.125456,15.705402,20.886034,19.261911,24.762653,23.226627,20.12738,19.735003,14.910992,14.390231,10.2693,10.303383,8.670167,9.926449,13.763705,12.622445,8.9745865,12.80296,12.456762,10.236705,5.299857,5.779909,0.0,7.158968,6.62689,13.639717,15.73712,16.922152,20.78383,21.499233,18.948023,16.041271,11.921507,12.279266,7.0264506,9.387898,7.0595455,4.9895186,6.4946404,8.926969,10.860877,13.759266,17.52181,17.719112,13.348853,18.505632,19.126987,16.05519,16.60825,15.596151,17.522442,22.561764,20.34683,16.823973,19.279453,16.857615,20.216951,18.346903,24.178839,24.187893,24.322212,24.454664,19.872908,20.832596,22.637407,19.126099,23.583931,21.613945,25.56852,26.252592,25.29526,28.892336,26.577507,22.470541,22.07908,18.418442,15.986875,15.640913,12.782109,11.115806,7.7424245,11.368603,12.713596,16.2355,15.807887,20.489367,21.104296,19.744501,19.406385,23.125475,24.42431,23.01878,22.925707,25.851685,27.334562,25.939308,24.404034,24.202824,20.0597,23.74889,21.053741,24.846643
30,29.793533,27.082726,25.88903,20.885319,20.057737,19.65807,17.559216,18.611897,15.511814,20.937311,17.02793,22.578148,21.870846,19.194063,20.47826,15.464875,16.905737,12.628163,15.007516,13.524989,16.418577,19.742876,19.541471,15.767847,18.855913,17.304901,14.126816,9.964348,6.4052258,7.158968,0.0,6.772371,9.77416,13.254074,14.203272,17.785725,19.969555,17.653696,15.284476,11.973863,11.051525,7.756286,5.833032,4.3086357,8.839016,8.078837,13.01603,13.167686,16.76701,19.207323,18.505838,13.506156,17.530613,15.888164,13.351171,13.013272,10.411201,11.519736,16.365578,13.646539,10.035325,13.464987,12.239303,16.06924,16.418053,21.337675,22.725245,22.849716,21.626984,16.381973,16.057316,17.525343,13.3420725,17.375658,15.048874,18.734278,19.396645,18.282888,22.031244,20.09265,16.536022,16.456295,13.394485,10.466188,11.479764,7.5254893,9.729728,8.417635,12.70006,15.193002,17.589697,16.471308,22.269112,21.235048,18.762096,18.247608,22.92065,23.338953,20.57125,20.498707,24.566595,26.767887,25.384516,23.002748,23.255182,17.791973,21.051126,17.935514,21.040583
31,28.146376,25.997507,23.831083,19.421562,18.651403,16.498188,16.115023,14.977908,13.149813,16.883183,13.7564335,19.376404,17.35893,14.120025,14.932536,10.001046,11.164869,7.6160307,10.392391,10.865101,12.712241,17.401375,17.373257,14.769256,19.103426,18.65165,16.711794,11.758386,10.429577,6.62689,6.772371,0.0,7.858142,9.151934,10.589739,14.250225,15.168443,13.022767,9.774483,5.7400117,7.3994823,4.3240914,6.2059383,8.855547,10.000071,11.734011,15.06883,16.933008,19.944986,23.346197,22.777824,17.826906,21.93564,21.382996,17.649925,16.808533,15.840978,16.160576,21.072245,19.270601,15.810199,20.102531,18.994417,22.765938,22.54769,27.715761,28.491774,28.151201,27.141392,22.222868,22.129038,22.918512,18.543446,22.251368,19.18986,22.908094,22.644106,21.568417,24.595821,21.764738,17.072731,16.663984,12.732943,11.399258,11.340607,10.64774,10.722764,10.216849,14.434591,17.150743,19.807585,17.993477,22.476246,23.259449,21.272062,19.167095,23.680592,25.706322,23.541933,21.9916,25.373081,27.032383,24.737408,22.914036,21.473257,17.17109,19.855093,16.369587,19.776283
32,35.85848,33.49872,31.119446,26.767145,25.45005,23.217205,21.910372,19.802937,17.16735,19.36989,13.346096,18.50297,16.37808,13.486711,16.98539,12.969021,16.08751,13.780637,17.594862,18.481144,20.403795,25.200352,25.126238,22.306843,26.424976,25.806458,23.033937,18.351534,15.8512,13.639717,9.77416,7.858142,0.0,6.2711754,4.7171764,8.372455,10.888305,8.81136,7.761072,7.4809475,5.3225083,8.176807,5.79342,11.741105,15.303812,16.62618,20.640585,22.329388,25.130047,27.734299,26.072203,20.86843,23.269442,21.352049,17.420126,15.114128,14.469646,12.764609,16.798964,16.210264,13.575353,19.48301,20.053102,24.120823,25.620642,30.103477,32.110077,32.033028,30.025465,24.762331,23.375357,23.629025,18.711311,21.075336,17.059164,19.678764,18.259846,16.341099,18.578817,14.834701,10.418087,11.547786,8.214408,9.062682,11.277409,11.936901,15.40238,16.294504,20.615204,23.740805,25.861395,23.659077,28.535894,28.434193,25.732634,23.129814,28.250607,29.85722,26.632708,24.613884,28.79704,30.917574,28.29814,25.890886,24.044847,19.135105,20.364597,16.007898,17.895555
33,34.463066,32.07317,28.941647,25.212189,23.39658,20.412876,19.345787,15.668468,13.596012,13.899152,7.876093,12.7841835,10.141236,7.2606936,11.247249,8.119823,12.115894,11.243925,15.706733,17.533108,19.772411,24.268566,25.32179,23.478071,27.96934,27.250324,25.602285,20.697727,18.602707,15.73712,13.254074,9.151934,6.2711754,0.0,5.1012845,6.279741,8.401457,8.565888,5.2555537,5.603652,9.09032,11.446556,10.988381,16.224545,18.85089,20.310207,24.09,25.618704,28.844538,31.911125,30.897297,25.732927,28.868214,27.104038,23.34748,21.279007,20.208654,18.581348,22.387545,21.132647,18.39398,23.964432,24.328558,28.034327,29.436977,33.57689,35.013805,34.076416,31.87771,27.045284,25.859995,25.257387,20.481653,22.599829,18.455198,21.300566,19.537132,18.619507,20.2765,16.992643,11.501293,10.677685,6.948245,9.025678,9.3761835,12.811989,14.801746,16.971876,20.75303,24.295567,25.925854,22.955816,26.75508,27.567808,25.078365,21.16398,26.06991,28.75527,25.886377,22.6046,26.20766,27.967432,24.697533,22.641216,19.588284,15.7443495,16.118904,11.721611,13.697152
34,37.760574,35.65426,32.776093,28.876547,27.47146,24.467434,23.801981,20.393421,18.443478,18.827797,12.798282,17.225237,14.068694,11.119869,15.364635,12.46313,15.861593,14.881116,18.771835,20.601831,21.981907,27.130648,27.199078,24.983711,29.446018,29.20877,26.837473,21.997078,19.98115,16.922152,14.203272,10.589739,4.7171764,5.1012845,0.0,4.278356,6.207914,4.7590375,4.731032,7.255308,6.478429,10.906441,9.959412,16.083342,18.817211,20.715542,24.270891,26.442402,29.047157,31.904009,30.19426,25.02849,27.262703,25.632792,21.374722,18.837435,18.849285,16.803223,20.349869,20.329355,17.994417,24.052067,24.761478,28.809002,30.287516,34.7776,36.68758,36.413074,34.32992,29.168701,27.741396,27.62434,22.68821,24.659012,20.37034,22.666573,20.586098,18.728067,20.068855,15.807308,11.171954,12.297487,9.251605,11.754379,13.415921,15.647426,18.504835,19.828539,24.000675,27.233576,29.309015,26.776316,31.023518,31.567974,28.989746,25.63348,30.646282,32.90918,29.820528,27.04311,30.9215,32.811558,29.688498,27.522663,24.673492,20.582342,20.930073,16.425556,17.790419
35,40.42563,38.217255,35.001686,31.385342,29.631107,26.422611,25.551105,21.450134,19.577166,18.63471,12.1864605,15.433795,12.200366,10.060866,15.215001,13.529353,17.39837,17.21526,21.396755,23.51795,25.136772,30.083376,30.638977,28.713345,33.24976,32.853397,30.724386,25.850893,23.674318,20.78383,17.785725,14.250225,8.372455,6.279741,4.278356,0.0,4.6844316,6.1478252,6.7383156,10.184003,10.706894,15.0880575,14.013654,20.056562,22.991028,24.734522,28.427546,30.385334,33.18096,35.998325,34.31342,29.128443,31.241512,29.240046,25.182514,22.444721,22.226315,19.704687,22.620663,22.654852,20.657131,26.806429,27.907467,31.79679,33.741417,37.80849,39.828926,39.239838,36.76747,31.760153,30.049526,29.37736,24.490826,25.809668,21.319447,23.150297,20.484232,18.880438,19.369406,15.1173,10.504817,11.373533,9.266865,12.926873,14.417418,17.814974,20.822433,22.87135,26.822035,30.30729,32.013966,29.09775,32.985336,33.60262,30.929897,26.9824,31.968729,34.4942,31.268896,27.882782,31.674753,33.52699,30.097567,27.944895,24.551989,20.944258,20.30095,15.833515,16.2637
36,40.09144,38.365246,34.949383,31.71184,30.29211,26.467613,26.687475,21.953644,21.04347,19.231802,14.222637,17.171291,12.721906,10.104673,14.522139,13.588498,16.716566,17.417711,20.978762,23.762775,24.430319,29.767975,30.0091,28.585531,33.330975,33.536697,31.696833,26.770594,25.32154,21.499233,19.969555,15.168443,10.888305,8.401457,6.207914,4.6844316,0.0,4.0066037,5.620828,10.076114,11.015255,15.52876,15.736703,21.785637,23.625826,26.040781,29.050098,31.691038,34.086357,37.2548,35.600887,30.518635,32.73136,31.510489,26.972466,24.382631,24.905418,22.7716,26.011753,26.345562,24.151648,30.242529,30.931007,34.95645,36.26472,40.834236,42.528427,42.019264,39.954292,34.934284,33.584763,33.155285,28.267054,29.98958,25.58369,27.666393,25.123339,23.484896,24.000198,19.588306,15.16327,15.910282,13.4471035,16.71512,17.612965,20.963816,22.975986,24.582655,28.492048,31.73999,33.773975,30.961094,34.36896,35.727783,33.390106,29.319195,34.033737,37.054718,34.261566,30.740747,34.100174,35.625027,31.991657,30.244913,26.298222,23.454762,22.89953,18.629,19.444422
