,0,1,2,3,4,5,6,7,8,9,10,11,12,13,14,15,16,17,18,19,20,21,22,23,24,25,26,27,28,29,30,31,32,33,34,35,36,37,38,39,40,41,42,43,44,45,46,47,48,49,50,51,52,53,54,55,56,57,58,59,60,61,62,63,64,65,66,67,68,69,70,71,72,73,74,75,76,77,78,79,80,81,82,83,84,85,86,87,88,89,90,91,92,93,94,95,96,97,98,99,100,101,102,103,104,105,106,107,108,109
0,0.0,4.126244,7.2367806,10.325913,13.245605,16.309704,19.410002,23.522655,26.335762,29.75636,31.562405,37.013485,32.262077,29.757618,25.469429,24.02447,19.641655,19.641613,15.229993,15.515436,13.520839,13.254652,17.621489,19.235626,21.367031,21.959759,21.083925,18.002054,20.027473,17.7875,21.39481,17.881153,20.604616,24.841871,25.867361,29.260046,31.01801,28.519665,29.26933,28.090122,26.810944,28.033636,25.347086,28.590055,25.713314,32.674488,29.01666,34.51783,35.704346,37.699654,34.51552,30.733444,34.864376,36.48024,31.66531,33.655663,29.549229,33.96224,31.929974,30.724058,33.172436,33.629032,32.782635,37.469135,33.233265,35.095955,36.257664,33.903183,38.378475,36.342693,40.86802,41.317215,36.807186,39.184536,38.202995,36.285217,38.631683,35.333458,40.418434,36.645767,40.60996,41.88399,37.24739,33.99181,30.579927,29.234375,26.269594,22.299421,21.599495,17.992697,18.46844,15.287285,15.910788,17.518955,19.7353,20.96213,24.974451,26.005081,28.195885,33.371967,32.367947,36.718964,39.440617,40.579414,37.451313,40.278908,33.96384,35.020954,32.037907,32.50146
1,4.126244,0.0,5.3474226,6.666999,9.611223,13.466163,15.726259,20.381504,22.848728,26.665657,28.328554,33.88255,29.54488,27.053709,22.860567,20.875158,16.65753,16.042942,11.682496,11.543896,10.038597,9.991569,14.545435,16.513052,18.210712,18.449553,17.534807,13.977964,15.907658,13.793217,17.514614,14.583219,17.859976,22.064327,23.527231,26.895199,28.378899,25.810776,26.05992,24.613438,23.19576,24.165497,21.311678,24.494589,21.618341,28.601936,25.044262,30.595572,31.945591,33.918404,30.701447,27.179062,31.45069,32.99312,28.237011,30.116535,25.815168,30.09829,27.941715,26.869072,29.124193,29.71585,28.914059,33.714153,29.795502,31.536465,33.07624,30.973976,35.386337,33.756737,37.86592,38.046585,33.488537,35.620243,34.533974,32.440063,34.707005,31.30844,36.37602,32.60009,36.554264,37.85238,33.2056,30.021528,26.60501,25.427418,22.450815,18.600967,18.250183,14.884479,16.02386,13.328994,14.334214,15.367696,17.272715,17.991398,22.037971,22.607218,24.69606,29.667166,28.561749,32.853687,35.522987,36.645634,33.56127,36.394463,30.072098,31.319235,28.260004,29.009369
2,7.2367806,5.3474226,0.0,5.5705023,7.1867576,9.642229,13.0599785,16.53324,19.813736,22.758163,24.991747,30.281773,25.403265,23.199734,18.506525,17.481932,13.094166,13.727511,10.23472,11.62987,11.905634,13.203462,17.41617,20.18364,21.579422,21.063986,20.331997,15.435994,16.020773,13.319679,15.588531,12.390369,13.835718,18.567242,19.364143,22.566769,24.647608,22.518564,23.114277,21.746096,21.43795,22.214344,20.792372,23.638474,22.167746,29.016796,25.974504,31.654108,32.966187,35.399452,32.375732,29.02367,33.78546,35.482414,31.014526,32.666893,27.954285,31.674532,28.907864,27.675545,28.706753,29.23628,27.774582,32.312626,27.905962,29.071981,30.203064,27.563152,31.833382,29.552315,34.012688,34.543716,29.843323,32.577934,31.57771,30.038431,32.565147,29.753315,34.951706,31.730999,35.87638,37.663918,33.00729,29.885696,25.978346,25.546968,21.405659,18.170076,16.791067,13.347915,13.907254,10.341858,13.048003,14.623749,17.14922,17.53862,20.918701,22.312416,23.374178,29.221558,27.38447,32.10491,34.94874,35.44014,32.164436,34.3629,28.119095,28.537834,25.644665,25.654882
3,10.325913,6.666999,5.5705023,0.0,3.9117367,7.50078,9.643514,14.15192,16.246798,20.33323,21.726946,27.33461,23.331408,20.800785,16.91473,14.349229,10.3296,9.383903,5.227086,6.1065717,6.9992337,9.012447,12.715246,15.931357,17.03931,16.041094,16.177193,10.777046,11.343708,9.659887,11.996572,11.273115,13.731191,18.364132,19.9698,22.94456,24.55126,22.384035,21.78821,19.626598,19.065334,18.828176,16.78551,19.171528,17.219526,23.786674,20.567364,26.225838,27.403791,29.943758,27.086594,23.568834,28.461449,30.332699,26.12797,27.863434,23.129267,26.928612,24.275238,23.788212,24.561693,25.655022,24.481636,29.39102,25.950872,26.748823,28.869009,26.804333,30.83444,29.328312,32.839622,32.75258,27.707724,30.002272,28.46812,26.483376,28.551682,25.264463,30.339743,26.69824,30.776197,32.3697,27.71926,24.491142,20.722885,20.036947,16.244194,12.780782,12.040257,8.926723,10.720182,8.786886,10.943308,11.283212,13.040006,12.839959,16.440031,17.092981,18.464575,23.88333,22.32096,26.870216,29.670235,30.461657,27.265234,29.974644,23.668388,24.85768,22.057474,22.82831
4,13.245605,9.611223,7.1867576,3.9117367,0.0,6.0795074,6.1651835,11.169825,13.59904,17.46328,19.412497,24.886158,21.024805,18.961443,14.604717,12.23922,8.584974,7.499396,5.477388,6.3566413,9.524981,11.606625,14.922566,18.168722,18.471056,17.0095,16.415665,10.394845,9.623462,7.2190533,8.587441,7.887355,10.090567,14.60821,16.39682,19.311626,20.750246,18.635738,17.91385,15.767149,15.51427,15.367764,14.113199,16.549875,15.735813,22.365763,19.826185,25.48298,27.101633,29.55228,26.607882,23.979795,28.960691,30.497488,26.420729,27.72472,22.712921,25.833136,22.692232,21.813408,21.912518,22.79335,21.257181,25.992834,22.332014,22.980045,25.000515,22.914642,26.926945,25.550192,28.985996,28.914284,24.032215,26.290846,25.005116,23.137577,25.52664,22.592768,27.801254,24.705976,28.868006,30.818792,26.172384,23.269026,19.237621,19.509747,14.994093,12.543431,11.808014,9.508168,11.658523,9.971738,13.279903,13.405621,14.973731,13.974978,16.895802,17.302158,17.695145,23.15897,20.878006,25.535475,28.280424,28.581724,25.36673,27.436789,21.162085,21.86547,18.800152,19.4004
5,16.309704,13.466163,9.642229,7.50078,6.0795074,0.0,7.090361,7.760981,10.797323,13.64317,15.435916,20.740545,16.08233,13.706916,9.502221,7.9115357,3.4734094,5.967507,5.8081713,9.420567,12.281975,15.282361,17.699291,21.534882,22.337955,20.426132,21.34546,15.0975685,13.579677,12.146369,10.870583,12.073082,10.7517185,15.947765,16.57187,18.710035,21.216122,20.100956,19.306795,16.738546,18.401796,16.865063,17.430794,18.451248,18.871729,24.268507,21.967424,27.354706,28.11535,31.446356,29.23274,25.836445,31.227922,33.46461,30.039675,31.510256,26.555325,29.434385,26.15815,25.973795,24.537397,25.887506,23.830397,28.27958,24.821383,24.153965,26.154593,23.510677,26.8845,24.59274,27.999014,28.155474,22.460552,25.764307,23.868198,22.805313,24.877266,22.514898,27.52844,24.692802,28.912504,31.16096,26.711784,23.600111,19.271807,19.700714,14.236007,12.33213,9.520714,7.188256,7.72511,5.948231,10.509217,11.046882,13.187642,12.233392,13.975462,16.07279,15.46341,22.173138,19.576172,24.66773,27.70941,27.543976,24.10049,25.974613,19.98687,19.992458,17.931654,17.578506
6,19.410002,15.726259,13.0599785,9.643514,6.1651835,7.090361,0.0,6.692404,8.280965,12.424423,14.468664,19.761717,16.830605,15.339269,11.4090605,8.44575,6.975944,4.8506308,7.543293,8.259951,13.0226145,15.409358,17.45366,20.849207,20.257725,17.954298,17.591383,11.332536,8.341819,6.9851265,3.818161,7.7847905,8.325423,11.932284,14.104464,16.252989,17.294306,15.70106,13.734248,10.72787,11.675616,9.97625,10.619327,11.894597,13.284891,18.937449,17.520216,22.819496,24.651604,27.256882,24.631966,22.96693,28.080872,29.466663,26.076538,26.88059,21.727648,23.733997,20.037958,19.445242,17.653824,18.82289,16.758533,21.325283,18.274063,17.837032,20.501644,18.72305,22.200697,21.390173,23.874792,23.397299,18.26952,20.403732,18.869965,17.066767,19.51196,16.971264,22.224894,19.795403,24.01258,26.44035,21.93701,19.46605,15.151634,16.833313,11.419467,11.018354,10.447709,10.1693535,12.731179,12.5591955,16.201365,15.58429,16.44081,14.300131,15.847471,15.72649,14.54711,19.785877,16.550024,21.249743,23.913034,23.532597,20.318447,21.672146,15.514688,15.814318,12.650194,13.380418
7,23.522655,20.381504,16.53324,14.15192,11.169825,7.760981,6.692404,0.0,4.998211,6.345896,9.424536,14.242432,10.345036,9.371985,5.0768495,4.232139,5.4391003,7.1412654,11.198111,13.586021,17.855736,20.794046,22.39624,26.176176,25.956388,23.374657,23.96432,17.712936,14.547041,13.640258,9.275122,12.857963,9.401998,12.986056,13.503152,14.36208,16.622742,16.486238,14.685708,11.613923,15.227815,12.364673,15.638146,15.288554,18.348429,22.354967,21.580685,26.308586,27.401306,30.740288,28.869104,26.860222,32.212482,34.083744,31.36147,32.167072,27.14818,28.641592,24.804686,24.637037,21.142668,22.513426,19.759184,23.467178,20.522589,18.404947,20.650625,18.13,20.624395,18.653215,21.047756,20.96873,14.912313,18.582647,16.52897,16.17447,18.449883,17.246376,22.078304,20.600489,24.734238,27.673824,23.607174,21.268991,16.795204,19.089489,12.8119,13.683942,11.294576,11.67148,12.6599655,12.757559,16.956612,16.68603,17.861492,15.715474,15.59697,17.011255,14.168191,20.409313,16.463627,21.466755,24.309546,22.971045,19.59171,19.95724,14.54204,13.071208,11.325905,10.031918
8,26.335762,22.848728,19.813736,16.246798,13.59904,10.797323,8.280965,4.998211,0.0,5.9897833,6.295095,11.711733,10.113326,8.840824,7.9192247,4.108292,7.7554646,7.1775856,12.087976,13.749263,18.075075,21.007698,21.58972,25.306322,24.734838,21.770136,23.17542,17.337627,13.897275,14.40321,9.633285,15.462957,13.450641,16.128836,17.335966,17.838516,19.275654,19.152895,16.19777,12.427504,15.7013445,11.238094,14.444258,12.645306,16.108374,18.689867,18.320917,22.51076,23.298122,26.863209,25.485308,23.611713,28.903591,30.923473,28.848534,29.583023,24.820665,25.947508,22.272356,23.057177,18.728737,20.846018,18.407978,22.22888,20.760883,18.004793,21.41972,19.812296,21.6809,20.830238,21.71159,20.755316,14.4093275,17.30114,14.203056,13.358155,14.709391,13.101246,17.701435,15.97411,20.050852,22.990166,19.086716,16.807905,12.434493,15.174182,8.971306,11.295716,9.619528,11.641142,13.235422,14.900541,18.06665,16.896912,17.107792,14.324538,13.337831,13.869599,10.197601,15.854575,11.637204,16.57536,19.412796,18.039093,14.629657,15.422166,9.87466,9.341629,8.3369055,8.443416
9,29.75636,26.665657,22.758163,20.33323,17.46328,13.64317,12.424423,6.345896,5.9897833,0.0,5.178651,8.3146925,5.4565506,6.583091,5.971,7.010038,10.687372,12.231726,16.790602,19.059523,23.303896,26.337692,27.267668,31.071861,30.626886,27.718672,28.785023,22.821192,19.272572,19.033247,13.948702,18.336702,14.200841,16.265324,16.18496,15.555053,17.73718,18.756413,16.418804,13.369865,18.169577,14.25152,19.0016,17.229618,21.628918,23.825655,24.023582,27.851662,28.565422,32.183662,31.000711,29.414688,34.653927,36.62154,34.686066,35.240612,30.474953,31.142792,27.255053,27.56778,22.549416,24.166056,21.124443,23.902878,21.93929,18.2915,20.669088,18.375872,19.372524,17.446482,18.382109,18.08273,11.439875,15.862474,13.082994,14.091783,15.775052,16.056107,19.972578,19.748226,23.44609,26.793436,23.425953,21.670078,17.578773,20.696014,14.672198,17.082088,14.678716,16.191593,16.687529,17.637161,21.382153,20.846912,21.586035,19.169228,17.578205,19.107258,14.900453,20.470114,15.991917,20.508186,23.134953,20.776579,17.624311,16.625511,12.741984,9.515551,9.830068,6.967609
10,31.562405,28.328554,24.991747,21.726946,19.412497,15.435916,14.468664,9.424536,6.295095,5.178651,0.0,5.7585087,6.047227,5.6461577,8.886963,7.552907,12.0137205,12.718398,17.291685,19.39983,23.241886,26.357914,26.409805,30.214752,29.838648,26.726063,28.902008,23.282267,19.918455,20.688421,15.832449,21.461569,18.39102,20.69301,21.089422,20.623262,22.44859,23.232403,20.296936,16.772581,20.902977,16.033298,20.004152,17.26112,21.231468,22.09027,22.27027,25.514023,25.439722,29.525686,29.023169,26.934004,32.121655,34.541424,33.24692,33.98146,29.575914,30.27344,26.777079,28.12074,22.797222,25.164974,22.603455,25.626425,24.864988,20.995564,24.278002,22.634762,23.309826,22.09849,22.014397,21.020245,14.364247,17.904617,14.003582,14.558141,14.797006,14.601026,17.841724,17.079876,20.53219,23.666372,20.618105,18.697842,14.99812,17.823143,12.406311,15.421648,13.149591,15.631509,16.11518,18.31297,21.039787,19.883572,19.92164,17.290014,14.710153,16.134493,11.368768,16.564367,12.343167,16.659256,19.375685,17.132896,13.95841,13.838305,10.416876,8.527692,10.459283,9.278601
11,37.013485,33.88255,30.281773,27.33461,24.886158,20.740545,19.761717,14.242432,11.711733,8.3146925,5.7585087,0.0,6.680459,8.614293,12.722196,13.040223,17.383947,18.432987,23.013895,25.132027,28.993286,32.10496,32.031475,35.78974,35.28711,32.096558,34.23013,28.761166,25.227259,25.953308,20.822458,26.21646,22.464079,23.991375,23.878757,22.56017,24.33908,25.864584,22.97156,19.878862,24.580587,19.720846,24.48241,21.323921,25.99788,25.865532,26.76011,29.272999,29.029057,33.082,33.021606,31.427713,36.358112,38.70055,37.891968,38.38724,34.19434,34.267,30.763361,32.13737,26.033323,28.27282,25.52376,27.605726,27.32547,22.655062,25.575235,24.056295,23.578743,22.339886,21.169918,20.171701,14.0121565,17.725811,13.768899,15.695323,15.364296,16.804714,18.734928,19.43781,22.13612,25.48295,23.292074,22.089249,19.042585,22.24256,17.491032,20.910568,18.736328,21.253819,21.377966,23.47278,26.187202,25.153467,25.165613,22.630695,19.55079,21.028221,16.032707,19.99156,15.87086,19.09323,21.29404,18.12505,15.643171,13.776531,12.934685,9.644446,13.052209,10.960815
12,32.262077,29.54488,25.403265,23.331408,21.024805,16.08233,16.830605,10.345036,10.113326,5.4565506,6.047227,6.680459,0.0,3.8848875,6.9927363,9.517843,13.038666,15.582345,19.627941,22.514662,26.172323,29.435026,30.137863,34.12089,34.161255,31.256052,33.09678,27.064909,23.812727,23.68872,18.91036,23.019503,18.41664,20.927914,20.120945,19.155418,21.998932,23.421856,21.538132,18.725454,23.603222,19.646158,24.153845,22.139637,26.16639,27.838276,27.805475,31.383923,31.319618,35.448856,34.76764,32.39958,37.726482,40.21306,38.577877,39.400043,34.785965,35.679867,31.993546,32.71489,27.59203,29.434418,26.451853,29.068645,27.242218,23.343945,25.408932,22.85045,23.321877,20.610888,21.51587,21.553143,15.083162,19.902472,16.854696,18.49096,19.427862,20.033329,23.241844,23.017548,26.41164,29.639505,26.638187,24.699331,20.867392,23.41923,17.682583,19.823832,16.63392,18.053188,17.4617,18.608082,21.926098,21.634813,22.511559,20.505434,18.110344,20.776709,16.436174,22.314913,18.309917,22.64037,25.337582,22.89252,19.85829,18.98234,16.141394,13.012785,14.623184,11.687662
13,29.757618,27.053709,23.199734,20.800785,18.961443,13.706916,15.339269,9.371985,8.840824,6.583091,5.6461577,8.614293,3.8848875,0.0,6.000276,7.1332493,10.522498,13.129201,16.806938,19.891844,23.151436,26.49238,27.012995,31.054276,31.396046,28.554178,30.926144,24.912624,22.007101,22.133581,17.817617,22.178078,18.260944,21.552343,21.118065,20.805595,23.663183,24.547005,22.584015,19.439447,23.718554,19.639317,23.252829,21.350687,24.536192,26.415537,25.792992,29.570751,29.161509,33.51183,32.87576,29.802246,35.230423,38.027615,36.330574,37.448574,32.890827,34.29571,30.836882,31.888725,27.292837,29.422783,26.741913,29.96034,28.182701,24.741785,27.216036,24.738907,25.7851,23.252943,24.481215,24.31905,17.669994,22.091715,18.763382,19.616793,20.319729,19.971128,23.441238,22.248663,25.811413,28.723125,25.47523,23.044668,19.143099,20.992558,15.317303,16.89696,13.34613,14.717682,13.8866005,15.471274,18.372843,17.954887,18.77973,16.908161,14.458317,17.582808,13.60372,20.086945,16.55168,21.182604,24.124914,22.324715,19.08539,19.430164,15.826489,13.941612,15.211204,13.213369
14,25.469429,22.860567,18.506525,16.91473,14.604717,9.502221,11.4090605,5.0768495,7.9192247,5.971,8.886963,12.722196,6.9927363,6.000276,0.0,5.4432583,7.0166554,10.610751,13.978741,17.192451,20.789412,23.981373,25.480494,29.464869,29.757107,27.200306,28.44139,22.135096,19.261606,18.375385,14.317834,17.200928,12.656378,16.396166,15.720019,15.916568,19.126276,19.715227,18.50957,15.823998,20.016619,17.100945,20.663609,19.948084,22.99562,26.45195,25.585922,30.10233,30.543272,34.367096,32.921062,30.243652,35.725487,38.049377,35.564957,36.58405,31.6681,33.285675,29.55064,29.644419,25.837543,27.319586,24.436575,27.785748,24.810915,22.174835,23.921005,20.912905,22.811897,19.767721,22.379042,22.773115,16.469282,21.058813,18.761427,19.327023,21.202713,20.619015,24.958578,23.725733,27.686552,30.679476,26.896666,24.436733,20.078434,22.050568,15.814278,16.573088,13.126113,13.287295,12.800466,12.7744875,16.935616,17.156006,18.718155,17.041557,16.116602,18.877625,15.698114,22.516342,18.7346,23.749619,26.71076,25.104862,21.71713,21.867058,17.22501,15.073998,14.6370125,12.290203
15,24.02447,20.875158,17.481932,14.349229,12.23922,7.9115357,8.44575,4.232139,4.108292,7.010038,7.552907,13.040223,9.517843,7.1332493,5.4432583,0.0,4.479805,6.0986004,10.244037,13.003339,16.74599,19.955238,20.853848,24.815262,24.928625,22.19703,24.00826,17.878883,15.044215,15.085627,11.166941,15.788478,13.287459,17.096838,17.71855,18.513472,20.759096,20.604286,18.449715,15.018353,18.18755,14.493659,16.975069,15.893533,18.27552,21.515974,20.34685,24.886242,25.21379,29.077156,27.698593,24.81049,30.298645,32.726948,30.384958,31.51659,26.72171,28.543793,25.054256,25.777344,22.203405,24.219227,21.84075,25.830448,23.70657,21.349556,24.205679,22.007954,24.18392,22.40391,24.200294,23.766735,17.334772,20.84948,17.947275,17.400524,18.756422,17.052345,21.568382,19.391556,23.466108,26.150791,22.161366,19.397741,15.014472,16.661798,10.442405,11.237505,8.11742,9.195497,9.880769,11.28764,14.663377,13.935704,14.748573,12.490894,11.682068,13.666933,10.661191,17.48997,13.962353,19.12011,22.178045,21.194506,17.70832,19.028196,13.622535,13.1272135,12.377032,11.790468
16,19.641655,16.65753,13.094166,10.3296,8.584974,3.4734094,6.975944,5.4391003,7.7554646,10.687372,12.0137205,17.383947,13.038666,10.522498,7.0166554,4.479805,0.0,4.667655,6.9807425,10.451154,13.787374,16.991486,18.651579,22.626272,23.175463,20.857407,22.321514,16.029354,13.885374,13.185396,10.607424,13.592982,11.634685,16.37975,16.992136,18.561556,21.033968,20.337715,18.926487,15.91087,18.261385,15.719846,17.065763,17.177658,18.365915,22.893185,20.979855,26.069838,26.581343,30.210238,28.371983,25.053864,30.552063,32.946423,29.991365,31.36376,26.45539,28.94636,25.579266,25.8502,23.490248,25.177551,22.981707,27.304089,24.410372,23.00444,25.406044,22.916042,25.807045,23.67772,26.44601,26.362925,20.295855,23.731459,21.386799,20.513926,22.276758,20.11632,24.950415,22.293741,26.477928,28.88381,24.59453,21.547613,17.150656,17.978195,12.097577,11.121492,7.8310704,6.8665724,7.4324794,7.464953,11.528961,11.423461,13.018055,11.440461,12.129999,14.378296,12.869027,19.8077,16.893978,22.067036,25.15409,24.711782,21.230087,22.982038,17.183228,17.065718,15.511699,15.080378
17,19.641613,16.042942,13.727511,9.383903,7.499396,5.967507,4.8506308,7.1412654,7.1775856,12.231726,12.718398,18.432987,15.582345,13.129201,10.610751,6.0986004,4.667655,0.0,4.9504027,6.9488482,11.092962,14.114771,15.302211,19.141058,19.161982,16.62853,18.147243,11.959742,9.640043,9.895076,7.6186113,12.273049,12.453383,16.51634,18.20389,20.01937,21.532326,20.303236,18.120033,14.728611,15.958026,13.057721,13.199178,13.273769,13.784533,18.47979,16.401985,21.619534,22.450544,25.797638,23.775698,20.761028,26.188112,28.375835,25.40862,26.713516,21.811707,24.341911,21.095776,21.695524,19.6719,21.64198,19.91686,24.64806,22.45926,21.418839,24.577665,22.847292,25.868622,24.833858,26.908861,26.227234,20.414455,22.839882,20.370987,18.614296,20.138815,17.158304,22.100512,18.867565,23.07131,25.221165,20.751719,17.656803,13.321989,14.0422125,8.433172,7.2739615,5.6591372,5.799162,8.571127,9.774348,12.622852,11.472359,12.02115,9.698012,11.029852,11.498529,10.577121,16.651278,13.971341,18.946245,21.912302,21.961008,18.589052,20.971767,14.778634,15.896502,13.80815,14.757309
18,15.229993,11.682496,10.23472,5.227086,5.477388,5.8081713,7.543293,11.198111,12.087976,16.790602,17.291685,23.013895,19.627941,16.806938,13.978741,10.244037,6.9807425,4.9504027,0.0,4.114671,6.8377585,10.012159,11.963211,15.843437,16.669577,14.766751,16.451284,10.519979,9.950808,9.804306,10.223539,12.675788,14.153481,18.725727,20.406382,22.804455,24.433249,22.728428,21.19022,18.248816,18.456861,16.652554,15.219241,16.335691,14.953397,20.507298,17.431248,22.933716,23.60894,26.750246,24.448093,20.572748,25.864733,28.203062,24.690556,26.448723,21.695166,25.179958,22.428082,22.893784,22.396177,24.178894,22.906662,27.894999,25.335238,25.161983,28.01969,26.180862,29.671999,28.415585,31.104654,30.624975,25.039698,27.381279,25.160494,23.186127,24.72365,21.3389,26.23381,22.421825,26.511457,28.173038,23.603773,20.198399,16.285248,15.642033,11.392793,8.05278,6.8539977,4.260477,7.2026443,7.4672303,9.486468,8.629732,9.6942005,8.498802,11.6055975,12.285903,13.267253,19.019695,17.39128,22.081652,25.01439,25.751562,22.488794,25.485374,19.255377,20.793634,18.536795,19.571226
19,15.515436,11.543896,11.62987,6.1065717,6.3566413,9.420567,8.259951,13.586021,13.749263,19.059523,19.39983,25.132027,22.514662,19.891844,17.192451,13.003339,10.451154,6.9488482,4.114671,0.0,4.9693117,7.396272,9.296443,12.820605,13.00629,11.119086,12.343775,6.5022926,6.7443547,7.4172325,9.438523,12.076568,15.344261,19.171423,21.564213,24.157957,25.048164,22.89483,21.017317,18.130495,17.130718,15.681261,12.745713,14.390955,11.726706,17.866081,14.507384,20.147974,21.36093,23.905369,21.185143,17.793653,22.824047,24.74756,20.92403,22.620058,17.851158,21.570736,19.046427,19.528662,19.955761,21.722479,21.00084,26.201906,24.072386,24.496357,27.68841,26.431274,30.073095,29.592505,31.918102,31.10099,25.959919,27.497469,25.458038,22.883207,24.353382,20.473665,25.314665,21.196198,25.140633,26.4848,21.842802,18.581396,15.069391,14.183201,11.094513,7.5710845,8.704537,7.336216,10.816716,11.392326,12.587722,11.219615,11.331648,9.87117,13.361853,12.336511,14.038407,18.410593,17.172966,21.341272,23.993132,25.162142,22.154058,25.42746,19.166399,21.408058,18.705917,20.545168
20,13.520839,10.038597,11.905634,6.9992337,9.524981,12.281975,13.0226145,17.855736,18.075075,23.303896,23.241886,28.993286,26.172323,23.151436,20.789412,16.74599,13.787374,11.092962,6.8377585,4.9693117,0.0,3.4225605,5.7961717,9.3878565,11.050392,10.133029,12.542006,8.596124,10.706045,11.458879,14.353653,15.946775,19.449162,23.543903,25.756702,28.531263,29.61158,27.332119,25.765177,23.030766,21.715548,20.540918,16.976013,18.687918,14.818679,20.543976,16.405657,21.745865,22.341108,24.837517,22.258432,17.666893,22.358335,24.692379,20.69948,23.003973,18.833796,23.4146,21.678497,22.509237,23.906973,25.741016,25.428642,30.696138,28.648083,29.36523,32.497467,31.193146,34.950603,34.28144,36.82694,36.063526,30.84713,32.436977,30.271095,27.637089,28.82252,24.683886,29.248222,24.618893,28.315424,29.135458,24.631418,21.104033,18.190268,15.999104,14.311129,9.834521,10.921542,8.771947,11.452259,11.935427,11.299644,9.93763,9.873358,9.767712,14.110649,13.31795,16.407286,20.35559,20.180355,23.981838,26.585564,28.37557,25.499857,29.411549,23.292482,25.913055,23.473728,25.336027
21,13.254652,9.991569,13.203462,9.012447,11.606625,15.282361,15.409358,20.794046,21.007698,26.337692,26.357914,32.10496,29.435026,26.49238,23.981373,19.955238,16.991486,14.114771,10.012159,7.396272,3.4225605,0.0,4.675187,7.01389,8.854464,8.93387,10.679927,8.392272,11.5860195,12.3429785,16.17841,17.062504,21.409613,25.150211,27.614248,30.579065,31.331547,28.757599,27.282944,24.790878,22.745377,22.1328,17.763634,19.95003,15.246647,21.151682,16.83564,21.974579,22.86829,24.739313,21.844076,17.537622,21.644825,23.602674,19.207106,21.60124,17.75189,22.69661,21.410782,22.067387,24.510109,26.137789,26.238935,31.510754,29.549185,30.812414,33.910923,32.852154,36.77857,36.405155,38.96355,38.130337,33.238422,34.45243,32.50815,29.616106,30.829903,26.506592,30.968584,26.229378,29.73294,30.256783,25.819798,22.468435,19.98976,17.574392,16.753508,12.42259,14.137124,12.188792,14.804154,15.0222435,14.139885,12.918579,12.646737,12.748443,17.111706,15.7286005,19.164503,22.288359,22.450514,25.839705,28.208847,30.29475,27.6192,31.6324,25.575933,28.432789,25.751764,27.875387
22,17.621489,14.545435,17.41617,12.715246,14.922566,17.699291,17.45366,22.39624,21.58972,27.267668,26.409805,32.031475,30.137863,27.012995,25.480494,20.853848,18.651579,15.302211,11.963211,9.296443,5.7961717,4.675187,0.0,4.1235447,6.470887,6.165792,10.858683,9.809845,12.7643795,14.812012,17.935148,20.328827,24.48516,28.07914,30.690742,33.389614,34.008854,31.594938,29.518335,26.627174,24.656097,23.177689,18.608543,19.877117,14.625598,19.149557,14.437437,19.013254,19.2227,21.264462,18.882936,13.572389,17.630035,20.191824,16.369713,19.188019,15.902808,21.071157,20.396744,22.193312,24.347477,26.551779,27.007034,32.321026,31.300764,32.143147,35.83577,35.128727,38.71939,38.714787,40.61848,39.399323,34.33042,35.256462,32.844242,29.748106,30.31307,25.670425,29.626188,24.413216,27.561975,27.603426,23.423964,19.94323,18.169699,14.831129,15.546143,11.252325,13.808138,12.865102,15.601423,17.051899,15.295957,13.201102,11.702595,11.596822,15.65613,13.341362,17.549402,19.495941,20.583687,23.346783,25.543842,28.178701,25.771639,30.424925,24.735949,28.303719,26.073992,28.664701
23,19.235626,16.513052,20.18364,15.931357,18.168722,21.534882,20.849207,26.176176,25.306322,31.071861,30.214752,35.78974,34.12089,31.054276,29.464869,24.815262,22.626272,19.141058,15.843437,12.820605,9.3878565,7.01389,4.1235447,0.0,4.260661,6.0993376,10.201093,11.566022,15.094844,17.176432,20.875816,22.807257,27.589132,30.841143,33.682655,36.509235,36.803997,34.15359,32.089478,29.394743,26.785715,25.735447,20.504791,22.048819,16.116156,20.303762,15.577676,19.48618,19.908354,21.072771,18.4968,13.613635,16.511602,18.619608,14.504408,17.537243,15.083911,20.587248,20.680426,22.493774,25.685375,27.728487,28.678928,33.91668,33.17442,34.479397,38.204277,37.798645,41.48143,41.820316,43.630898,42.28747,37.53419,38.046158,35.802864,32.453663,32.944576,28.142809,31.83862,26.541788,29.340263,28.94955,25.01143,21.834469,20.70798,17.200235,18.868479,14.918017,17.824438,16.982557,19.676136,20.943026,19.02343,17.060755,15.490941,15.5435505,19.453163,16.690594,21.05733,21.992962,23.50405,25.668484,27.516193,30.506811,28.403805,33.172123,27.6874,31.518847,29.13862,32.0025
24,21.367031,18.210712,21.579422,17.03931,18.471056,22.337955,20.257725,25.956388,24.734838,30.626886,29.838648,35.28711,34.161255,31.396046,29.757107,24.928625,23.175463,19.161982,16.669577,13.00629,11.050392,8.854464,6.470887,4.260661,0.0,3.3815184,6.795207,9.785079,13.243726,15.789615,19.51403,21.804459,27.035532,29.641872,32.845974,35.587616,35.363113,32.612343,30.224876,27.601025,24.486536,23.549957,17.837168,19.427395,13.096607,17.165714,12.701884,16.438387,17.74905,18.138992,15.010948,11.580566,14.144135,15.381626,10.7760515,13.543326,10.928563,16.462471,16.766825,18.665281,22.305084,24.2868,25.611004,30.734285,30.489769,31.994522,35.915016,35.9696,39.54849,40.479137,41.86016,40.267303,35.932827,35.867077,33.820816,30.20148,30.664066,25.793266,29.319586,24.177965,26.783491,26.307667,22.427862,19.688673,18.912712,15.900244,18.025602,14.844792,18.454458,18.217325,21.419344,22.8133,21.61389,19.483892,17.795464,17.0756,20.625551,17.022942,20.925463,20.976927,22.298311,24.038677,25.571028,28.557678,26.7002,31.252226,25.964031,29.982233,27.38504,30.629541
25,21.959759,18.449553,21.063986,16.041094,17.0095,20.426132,17.954298,23.374657,21.770136,27.718672,26.726063,32.096558,31.256052,28.554178,27.200306,22.19703,20.857407,16.62853,14.766751,11.119086,10.133029,8.93387,6.165792,6.0993376,3.3815184,0.0,6.916861,8.233326,10.997313,14.109841,17.14001,20.37962,25.215914,27.801762,30.995453,33.525055,33.330032,30.784748,28.087307,25.205479,22.458004,20.920471,15.501744,16.553568,10.378417,14.27836,9.663709,13.896366,15.198507,16.15261,13.1507225,9.468726,13.0876045,14.7198,10.595786,13.151788,9.768856,15.016694,14.81824,17.18511,19.874487,22.198046,23.328625,28.508076,28.499725,29.546112,33.700947,33.77787,37.143814,38.123375,39.227264,37.526196,33.042267,33.000294,30.749039,27.15624,27.471346,22.579777,26.117584,20.927643,23.66066,23.37019,19.344122,16.46653,15.541094,12.616374,14.751668,11.870844,15.777395,16.05642,19.464222,21.261219,20.348984,17.963491,16.08188,14.830389,18.045652,14.110342,17.771667,17.761787,18.931684,20.75942,22.3913,25.264666,23.34122,27.911577,22.63746,26.74816,24.30666,27.637135
26,21.083925,17.534807,20.331997,16.177193,16.415665,21.34546,17.591383,23.96432,23.17542,28.785023,28.902008,34.23013,33.09678,30.926144,28.44139,24.00826,22.321514,18.147243,16.451284,12.343775,12.542006,10.679927,10.858683,10.201093,6.795207,6.916861,0.0,6.3700385,9.629693,11.598213,15.883356,17.314669,23.273672,24.926392,28.502316,31.30514,30.438225,27.41465,25.12171,23.02212,19.045162,19.228254,12.9872465,15.786375,9.76402,15.597922,12.351949,16.60957,19.643875,19.290653,15.124584,14.799049,17.363535,16.971859,11.773059,12.906503,8.858494,13.47009,12.781609,12.99062,17.68572,18.846676,20.274897,25.234297,24.648443,26.891636,30.479198,30.848742,34.589954,35.993454,37.394028,35.853176,32.290333,31.734535,30.456928,26.725653,27.875143,23.343666,27.233248,22.947752,25.760508,25.885698,21.793682,19.757362,18.465258,17.207703,18.016048,15.796229,19.376364,19.175232,22.756008,23.46897,23.717274,21.978285,20.94325,19.59477,22.963995,19.391443,22.018293,22.439617,22.453459,24.45187,25.857147,28.078539,26.194569,29.687548,24.296833,27.730673,24.409712,27.6579
27,18.002054,13.977964,15.435994,10.777046,10.394845,15.0975685,11.332536,17.712936,17.337627,22.821192,23.282267,28.761166,27.064909,24.912624,22.135096,17.878883,16.029354,11.959742,10.519979,6.5022926,8.596124,8.392272,9.809845,11.566022,9.785079,8.233326,6.3700385,0.0,4.106559,6.0231504,10.151617,12.217392,17.524399,19.861576,23.13955,25.881948,25.604557,22.867897,20.64442,18.185297,15.249039,14.862311,9.633657,12.4871435,7.9222836,15.092073,11.938254,17.395317,19.933754,21.047962,17.421848,15.954585,20.080578,20.760527,16.298002,17.480291,12.576042,16.340437,14.077592,14.044608,16.39206,17.76981,18.006598,23.261776,21.75808,23.267849,26.70955,26.39059,30.171682,30.866152,32.667755,31.43947,27.27604,27.54977,26.079033,22.77818,24.306694,20.069479,24.657694,20.596928,24.133724,25.082787,20.53446,17.987,15.367941,14.791011,13.512587,11.145616,14.027934,13.626604,17.25489,17.787376,18.825167,17.289064,16.776533,15.128704,18.405655,15.698217,17.577427,19.775503,18.816874,21.95125,23.966253,25.482855,23.009401,26.150282,20.20204,23.003654,19.662151,22.386421
28,20.027473,15.907658,16.020773,11.343708,9.623462,13.579677,8.341819,14.547041,13.897275,19.272572,19.918455,25.227259,23.812727,22.007101,19.261606,15.044215,13.885374,9.640043,9.950808,6.7443547,10.706045,11.5860195,12.7643795,15.094844,13.243726,10.997313,9.629693,4.106559,0.0,4.119108,6.431044,10.320393,14.919502,16.933018,20.2795,22.706486,22.334414,19.862822,17.179049,14.398303,11.960613,10.861248,6.2826743,8.919644,6.2550845,13.475793,11.31207,16.81322,19.539562,20.999832,17.621002,16.830725,21.300304,21.975342,18.11399,18.826487,13.650629,16.25644,13.105876,12.956688,13.589177,15.108259,14.764341,20.051823,18.579336,19.520807,23.173882,22.876747,26.435246,27.25465,28.749504,27.43513,23.20853,23.492105,21.99479,18.76906,20.487497,16.504513,21.34623,17.777058,21.554014,23.035799,18.417395,16.091166,12.917252,13.594405,11.135294,10.0209465,12.626808,12.902954,16.592941,17.32031,19.152372,17.600626,17.194023,14.955932,17.466612,14.881816,15.577237,18.101706,16.25065,19.67882,21.768389,22.669895,20.069803,22.638474,16.629879,19.089354,15.60789,18.3533
29,17.7875,13.793217,13.319679,9.659887,7.2190533,12.146369,6.9851265,13.640258,14.40321,19.033247,20.688421,25.953308,23.68872,22.133581,18.375385,15.085627,13.185396,9.895076,9.804306,7.4172325,11.458879,12.3429785,14.812012,17.176432,15.789615,14.109841,11.598213,6.0231504,4.119108,0.0,5.4536643,6.3916163,11.72022,13.854935,17.142473,19.94178,19.715624,16.989744,15.123698,12.961923,10.4881115,10.988677,7.622441,11.268572,10.009995,17.273943,15.412608,20.85517,23.647139,25.055893,21.538088,20.82011,25.230446,25.736307,21.5532,22.160246,17.007328,19.443201,16.096247,14.651908,15.537104,16.148365,15.231622,20.230146,17.376276,18.859047,21.627937,20.809975,24.824049,25.147818,27.478529,26.67869,22.70189,23.412846,22.532152,19.74686,22.174606,18.831444,23.922878,20.983078,24.875782,26.66663,22.074072,19.87483,16.383505,17.374035,13.989736,12.686052,14.174916,13.567586,16.843521,16.500715,19.10048,18.232643,18.596973,16.7363,19.433178,17.79548,18.141003,21.624477,19.30435,23.124664,25.320988,25.769804,23.011335,24.896584,18.81951,20.264776,16.444576,18.367085
30,21.39481,17.514614,15.588531,11.996572,8.587441,10.870583,3.818161,9.275122,9.633285,13.948702,15.832449,20.822458,18.91036,17.817617,14.317834,11.166941,10.607424,7.6186113,10.223539,9.438523,14.353653,16.17841,17.935148,20.875816,19.51403,17.14001,15.883356,10.151617,6.431044,5.4536643,0.0,7.266291,9.491046,11.421298,14.485712,16.566296,16.540031,14.581911,11.85729,8.746771,8.446111,6.8334007,6.9457903,8.751798,10.655779,16.479383,15.652669,20.760387,23.287455,25.301018,22.38721,21.869265,26.643671,27.444622,24.065498,24.440395,19.258535,20.697908,16.786768,15.842612,14.042302,15.037219,13.106121,17.85833,15.19755,15.169242,18.318405,17.303318,20.80401,21.049187,22.886751,21.979868,17.491932,18.6052,17.410246,14.997158,17.609596,14.877257,20.15199,17.950802,22.03832,24.45508,19.984373,18.005611,13.986108,16.253365,11.54168,11.892884,12.599864,12.974329,15.990595,16.163052,19.43739,18.472176,18.83166,16.400896,17.918678,16.694206,15.515505,19.491903,16.172981,20.339336,22.657057,22.273804,19.34183,20.439388,14.410726,15.085697,11.274085,12.927714
31,17.881153,14.583219,12.390369,11.273115,7.887355,12.073082,7.7847905,12.857963,15.462957,18.336702,21.461569,26.21646,23.019503,22.178078,17.200928,15.788478,13.592982,12.273049,12.675788,12.076568,15.946775,17.062504,20.328827,22.807257,21.804459,20.37962,17.314669,12.217392,10.320393,6.3916163,7.266291,0.0,6.654899,8.485581,11.512667,14.755709,14.7765255,11.87872,11.600909,10.772197,9.329949,11.813243,11.335607,14.956803,15.724351,22.575571,21.387836,26.667217,29.542746,31.028318,27.527508,27.120071,31.577454,31.92549,27.709433,28.048283,22.924364,24.723131,21.008272,18.408863,18.623442,18.180828,16.272526,20.327927,15.556304,17.35987,18.51832,16.75415,21.255882,20.736156,24.26307,24.307407,20.90209,22.272638,22.368147,20.480766,23.796795,21.624561,26.83709,24.99886,28.974289,31.30276,26.840137,24.9385,21.081144,22.810352,18.340096,17.509727,17.66051,16.508043,18.900808,17.295511,21.083982,21.108345,22.346416,20.757006,23.105478,22.578875,22.033154,26.464188,23.365963,27.560637,29.834936,29.469593,26.578932,27.263645,21.444233,21.282179,17.282385,17.78251
32,20.604616,17.859976,13.835718,13.731191,10.090567,10.7517185,8.325423,9.401998,13.450641,14.200841,18.39102,22.464079,18.41664,18.260944,12.656378,13.287459,11.634685,12.453383,14.153481,15.344261,19.449162,21.409613,24.48516,27.589132,27.035532,25.215914,23.273672,17.524399,14.919502,11.72022,9.491046,6.654899,0.0,5.432786,6.333354,9.291516,11.076586,9.605224,10.242045,9.58888,11.675438,12.868911,15.330002,17.495926,19.988497,25.85895,25.105072,30.240637,32.579067,34.7869,31.830307,30.982153,35.879818,36.72556,32.98119,33.38174,28.18072,29.608938,25.585096,23.407724,21.74591,21.483732,18.64246,21.899446,16.677013,16.831753,17.077248,13.940653,18.053648,15.905808,20.305166,21.116428,17.239246,20.055729,20.202545,19.572838,23.136415,22.089832,27.216448,26.188295,30.264866,33.129116,28.854692,26.959244,22.682861,24.98873,19.394123,19.281218,18.016386,16.977915,18.355316,16.405993,21.098557,21.605465,23.347288,21.751694,23.157915,23.84352,22.14781,27.612047,23.826925,28.455929,30.951994,29.769749,26.670702,26.447239,21.036346,19.359543,16.0038,14.780823
33,24.841871,22.064327,18.567242,18.364132,14.60821,15.947765,11.932284,12.986056,16.128836,16.265324,20.69301,23.991375,20.927914,21.552343,16.396166,17.096838,16.37975,16.51634,18.725727,19.171423,23.543903,25.150211,28.07914,30.841143,29.641872,27.801762,24.926392,19.861576,16.933018,13.854935,11.421298,8.485581,5.432786,0.0,4.140738,6.782671,6.3832397,4.2005343,5.8369007,7.2683053,9.280897,12.007,15.328355,17.602785,21.028048,26.48215,26.593554,31.2819,34.24707,35.882915,32.75139,33.162945,37.698124,37.891457,34.253757,34.0901,29.004194,29.515856,25.296696,22.33506,20.392466,19.272217,16.13807,18.36525,12.390264,13.052672,12.193615,9.110208,13.679656,12.48856,16.779064,17.687386,15.3794985,17.290655,18.662062,18.180763,22.246124,21.91886,26.736614,26.665203,30.441778,33.48602,29.499836,28.303768,24.335321,27.362968,22.097692,22.755665,22.119436,21.634167,23.356602,21.735792,26.339283,26.60113,28.038754,26.12495,27.32093,27.354494,25.298056,29.894018,25.794575,29.925552,32.03598,30.441923,27.68842,26.511293,21.76699,19.572062,15.870231,14.618553
34,25.867361,23.527231,19.364143,19.9698,16.39682,16.57187,14.104464,13.503152,17.335966,16.18496,21.089422,23.878757,20.120945,21.118065,15.720019,17.71855,16.992136,18.20389,20.406382,21.564213,25.756702,27.614248,30.690742,33.682655,32.845974,30.995453,28.502316,23.13955,20.2795,17.142473,14.485712,11.512667,6.333354,4.140738,0.0,3.686545,5.946558,5.874961,8.765928,10.244721,13.295764,15.339579,19.14918,21.041178,24.633839,29.928898,29.954592,34.698906,37.346535,39.326427,36.37865,36.34809,41.09257,41.56599,37.97137,37.956284,32.826263,33.463676,29.226181,26.435112,24.152283,23.15016,19.84642,21.666826,15.688468,15.62103,13.871302,9.786161,13.775981,10.746364,16.263521,18.01094,15.689476,18.59391,20.021078,20.34166,24.370825,24.539581,29.244118,29.407429,33.219437,36.424065,32.499847,31.179214,27.039883,30.04043,24.37306,24.990349,23.665884,22.955832,24.058619,22.045298,26.93109,27.586578,29.380075,27.67835,28.613478,29.356922,27.018621,32.20309,27.960169,32.31878,34.573105,32.704933,29.842611,28.36198,23.865156,20.99023,17.86643,15.616645
35,29.260046,26.895199,22.566769,22.94456,19.311626,18.710035,16.252989,14.36208,17.838516,15.555053,20.623262,22.56017,19.155418,20.805595,15.916568,18.513472,18.561556,20.01937,22.804455,24.157957,28.531263,30.579065,33.389614,36.509235,35.587616,33.525055,31.30514,25.881948,22.706486,19.94178,16.566296,14.755709,9.291516,6.782671,3.686545,0.0,4.7124324,6.891697,9.259885,10.859429,14.913539,16.277988,21.003841,22.230978,26.54962,31.167461,31.620243,36.07032,38.62206,40.723873,38.028625,38.1937,42.966446,43.475628,40.19605,40.055576,34.97027,35.20543,30.869404,28.259298,25.133553,24.170376,20.61113,21.763325,16.152082,15.066419,12.800056,8.285845,11.319152,7.294469,13.204385,15.428837,13.517123,16.825146,18.555698,19.606695,23.628662,24.541927,28.89288,29.700583,33.34389,36.76273,33.1093,32.042614,27.967154,31.352114,25.566538,26.73766,25.237291,24.912825,25.839201,24.12638,29.059958,29.63971,31.351212,29.488771,29.911844,30.782072,27.912651,32.99236,28.487825,32.703636,34.86206,32.545914,29.803003,27.644089,23.787931,20.204584,17.577488,14.641819
36,31.01801,28.378899,24.647608,24.55126,20.750246,21.216122,17.294306,16.622742,19.275654,17.73718,22.44859,24.33908,21.998932,23.663183,19.126276,20.759096,21.033968,21.532326,24.433249,25.048164,29.61158,31.331547,34.008854,36.803997,35.363113,33.330032,30.438225,25.604557,22.334414,19.715624,16.540031,14.7765255,11.076586,6.3832397,5.946558,4.7124324,0.0,3.7358654,6.2435784,9.273279,12.500685,14.798658,19.495895,20.905146,25.485498,29.881456,30.83829,34.959713,38.03168,39.57584,36.69084,37.80185,42.212273,42.180676,38.953815,38.415836,33.491573,33.13622,28.786852,25.697323,22.649569,21.105375,17.576366,18.010595,12.124064,11.639698,8.489878,4.115825,8.223439,6.873671,11.575087,13.3432865,13.030884,14.791732,17.453253,18.112371,22.377245,23.434666,27.564228,28.796534,32.18422,35.565414,32.08591,31.500452,27.753016,31.465397,26.161596,27.654306,26.882122,26.874693,28.367937,26.96748,31.724056,31.966335,33.33946,31.218405,31.77606,31.87283,29.074432,33.305126,28.78814,32.54349,34.370075,32.026775,29.590612,27.101568,23.557562,20.209408,17.110321,14.922306
