,0,1,2,3,4,5,6,7,8,9,10,11,12,13,14,15,16,17,18,19,20,21,22,23,24,25,26,27,28,29,30,31,32,33,34,35,36,37,38,39,40,41,42,43,44,45,46,47,48,49,50,51,52,53,54,55,56,57,58,59,60,61,62,63,64,65,66,67,68,69,70,71,72,73,74,75,76,77,78,79,80,81,82,83,84,85,86,87,88,89,90,91,92,93,94,95,96,97,98,99,100,101,102,103,104,105,106,107,108
0,0.0,4.127632,5.7275558,9.0077,12.156333,12.903619,15.768091,20.87637,22.288359,25.835917,29.672106,31.248495,27.554123,29.837622,25.194199,26.64231,25.130823,26.975134,25.933184,27.605621,29.008316,28.814438,30.978762,33.164696,33.463444,33.04455,31.618233,29.4073,30.335594,27.128359,30.632055,25.462126,29.217287,24.32666,27.187498,26.45006,24.897312,26.972998,23.333971,23.057953,28.943657,28.672966,31.526516,32.80508,31.737297,34.41595,33.807167,36.730427,37.69195,38.896885,39.808243,38.630928,43.63922,42.956017,45.628716,42.66116,40.73393,41.44204,45.753685,44.498817,40.166286,38.90816,43.27274,43.01895,46.156025,41.818886,38.76065,43.30201,38.270294,35.539383,34.698853,37.314507,33.684902,33.96921,37.825676,36.890285,40.04987,41.925083,39.950806,43.60986,39.736443,43.797745,40.379623,35.835327,34.34014,35.834354,33.771637,29.913351,30.960466,32.269703,29.13236,26.636974,25.026419,23.193626,20.74028,18.710884,19.488207,20.264109,18.791656,22.763433,22.63734,24.414154,26.350035,24.858122,29.949331,28.27467,30.215086,31.831322,32.69962
1,4.127632,0.0,4.7212176,5.8657002,9.629021,12.325619,13.385962,19.568886,20.531641,23.939674,28.004316,29.258953,25.065935,27.123106,22.290686,23.285128,21.731853,23.20762,22.498253,23.862532,25.552887,25.195822,27.632467,29.72853,29.813843,29.59771,28.009382,26.000816,26.891422,23.992184,27.718801,22.759672,27.045471,22.478144,25.751522,25.541502,24.322306,26.054302,21.980104,21.155315,26.98352,26.214182,28.996944,29.890076,28.806086,31.132246,30.663197,33.214005,34.320404,35.257046,36.044975,34.925602,39.95153,39.24573,42.07494,39.201286,37.2762,38.216785,42.37888,41.443497,37.248566,35.614662,40.041904,39.700035,43.042686,38.92897,35.601765,40.305218,35.520195,32.605034,31.901068,34.290913,30.53477,30.631527,34.33027,33.26444,36.312763,38.127068,36.035995,39.61772,35.817116,39.767544,36.291897,31.770676,30.34354,31.80663,29.651642,25.848999,27.010494,28.249289,25.058407,22.665209,20.960913,19.41121,17.123993,14.919155,16.116606,16.32619,15.482689,19.093039,19.459969,21.550932,23.146467,21.355518,26.310667,24.361067,26.254913,27.75055,28.632048
2,5.7275558,4.7212176,0.0,5.284766,7.5793867,8.980048,11.450223,16.492296,18.534353,21.414629,25.645267,27.623653,23.4379,26.585512,22.227182,23.713251,22.95418,24.90086,25.22813,26.482208,28.774357,28.401075,31.20707,32.965816,32.657555,32.519245,30.309807,28.207016,28.314066,25.748652,28.091202,23.635792,26.907991,21.973673,25.429491,24.392767,23.794764,26.075954,22.16514,21.719412,27.565784,27.442839,29.630226,30.906816,30.690132,32.621902,32.9998,35.451813,37.066273,37.666508,38.114315,36.58925,41.51847,40.303493,43.407955,40.82955,38.326637,39.09098,43.015083,41.897255,37.78129,36.00064,39.89469,39.235672,42.394962,38.559902,34.956013,39.151737,34.107277,31.349451,29.998312,32.463604,28.816233,29.595438,33.162956,32.867477,35.691727,37.951797,36.19873,40.010563,36.614693,40.656258,37.484417,32.79204,31.809591,33.620323,31.078299,27.363453,29.246876,30.447504,26.997679,25.135954,22.981552,22.46985,20.373629,17.714787,18.488752,17.743229,16.465525,19.248138,18.514784,20.063845,21.616816,20.415577,25.237196,24.438616,26.066713,28.273552,29.039015
3,9.0077,5.8657002,5.284766,0.0,3.9626253,8.620345,7.6998787,14.46783,15.242939,18.353485,22.590015,23.869583,19.36896,21.877909,17.275723,18.49876,17.691895,19.728249,20.399189,21.7179,24.32468,24.17495,27.186981,28.498543,27.971228,27.762165,25.255316,23.11028,23.048525,20.628653,23.05448,18.703638,22.471601,17.947205,21.718662,21.475763,21.082691,22.830374,18.516937,17.495258,23.20611,22.664364,24.797148,25.811298,25.655924,27.386093,27.972761,30.336214,32.157948,32.65432,33.026997,31.368212,36.276104,35.054855,38.12551,35.56738,33.048107,33.867184,37.790363,36.785385,32.7153,30.827831,34.88391,34.34284,37.608818,33.723557,30.149181,34.647484,29.809616,26.904158,26.049652,28.477798,24.77319,25.021196,28.820343,28.017485,31.132113,33.12998,31.347078,35.188435,31.539064,35.74801,32.72973,27.96563,26.828655,28.835693,26.697233,22.574705,24.528048,26.125746,22.825592,21.134829,18.551369,18.469242,16.210493,13.252908,13.59021,12.696373,11.237594,14.124636,13.802441,15.755059,17.400274,15.856704,21.072378,19.665241,21.815245,23.80034,25.103062
4,12.156333,9.629021,7.5793867,3.9626253,0.0,6.247459,4.0271688,10.65478,11.729601,14.50428,18.862629,20.477087,15.943626,19.231169,15.139,16.894733,16.941374,19.607624,21.266445,22.624853,25.734442,25.785318,29.043108,29.812164,28.912706,28.64011,25.518175,23.226856,22.32424,20.266998,21.19319,17.47093,20.23093,15.5850115,19.583937,18.911865,19.235088,21.21089,17.014265,16.187792,21.678303,21.683098,23.161077,24.508335,25.244738,26.572405,28.022385,30.34985,32.67196,32.908566,32.97473,30.8502,35.576946,33.90214,37.10041,34.817635,31.773499,32.35087,36.07501,34.84722,30.863976,28.938583,32.529095,31.812937,34.86887,31.136555,27.45395,31.585905,26.54455,23.779137,22.59653,25.19349,21.63796,22.249798,26.170458,25.803389,28.960642,31.193497,29.79679,33.872437,30.420034,34.8404,32.286877,27.385593,26.533875,28.970264,26.87495,22.619347,25.146557,26.978018,23.6797,22.547373,19.458103,20.353043,18.17117,14.96192,14.450426,12.952688,10.670701,12.691166,11.085576,12.501877,14.4079,13.476814,18.871758,18.350775,20.632404,23.137072,24.71108
5,12.903619,12.325619,8.980048,8.620345,6.247459,0.0,6.834129,8.219016,10.979728,13.830168,17.55372,20.171934,17.042667,21.146656,17.98882,20.87076,21.328846,24.858185,26.288736,28.19875,31.105696,31.513418,34.556778,35.183308,34.419155,33.7738,30.594826,27.883366,26.66298,24.238686,23.919851,20.23795,21.193335,15.849297,19.080875,16.846743,17.21131,20.147501,16.876219,17.323095,22.712852,24.043425,25.207804,27.485292,28.776247,30.49338,32.18376,35.12822,37.503456,38.03953,38.14475,35.66319,40.209496,38.322613,41.268723,39.011314,35.672173,35.651367,39.47495,37.50903,33.38292,32.202263,35.301422,34.67822,37.111828,33.09897,30.00516,33.46236,27.896362,25.725683,24.121298,27.249866,24.240261,25.388563,29.58655,29.690157,33.035133,35.42815,34.510185,38.784054,35.331078,40.02693,37.874012,32.917755,32.060234,34.744556,32.884155,28.466322,30.9919,33.08295,29.86382,28.718819,25.582449,26.265596,23.736528,20.62959,19.289232,18.783342,15.25837,17.737398,14.806039,15.004494,17.737873,17.848743,23.225163,23.585976,25.966312,28.79171,30.47719
6,15.768091,13.385962,11.450223,7.6998787,4.0271688,6.834129,0.0,7.676944,7.8751316,10.6825075,14.965969,16.465866,11.991899,15.598515,12.009219,14.366266,15.164287,18.558357,20.922606,22.48937,25.910105,26.32671,29.675636,29.821222,28.646584,28.173965,24.552364,22.055767,20.405046,18.619783,18.133028,15.021784,16.840416,12.287703,16.476082,15.775983,16.767054,18.65979,14.581987,13.805231,18.875116,19.325293,20.195107,21.847311,23.375868,24.41062,26.594814,29.005129,31.732687,31.850918,31.70826,29.129839,33.63235,31.63534,34.779587,32.690403,29.24849,29.521605,33.151546,31.63964,27.700333,25.915089,29.183945,28.486612,31.30246,27.518074,23.974865,27.921558,22.722277,20.10092,18.998516,21.874256,18.55743,19.12352,23.425678,23.071394,26.547825,28.75305,27.736996,32.003033,28.500896,33.218513,31.19779,26.227873,25.437422,28.293797,26.6378,22.079302,24.89768,27.164263,24.100136,23.402952,19.890848,21.452328,19.207396,15.942421,14.372554,12.887457,9.541914,10.985734,8.088895,8.915841,11.565023,11.247514,17.008951,16.900541,19.664667,22.343103,24.461542
7,20.87637,19.568886,16.492296,14.46783,10.65478,8.219016,7.676944,0.0,5.315953,6.036703,9.754687,13.222815,10.6266365,16.149733,14.883057,18.332108,20.289297,24.393698,27.331171,29.102324,32.685307,33.38389,36.74247,36.40261,35.006996,34.316494,30.253515,27.543596,24.943584,23.50996,20.332508,18.57688,17.238987,12.685008,15.987636,13.218301,15.678934,18.431406,15.797212,16.343277,20.286825,22.38806,22.031431,24.65885,27.548365,28.272572,31.461863,34.067055,37.240196,37.241467,36.785873,33.591904,37.567894,34.933968,37.975964,36.349888,32.19248,31.729057,34.955746,32.68065,28.976728,27.746227,29.730772,28.821753,30.703913,27.171991,24.064817,26.584938,20.82535,19.171034,17.061064,20.513018,18.2231,19.892672,24.166197,24.957462,28.311539,30.890343,30.78706,35.264576,32.25445,37.14681,35.98226,31.077087,30.695995,33.97456,32.460197,28.022099,31.249712,33.68837,30.733015,30.502728,26.785288,28.85969,26.611448,23.382793,21.141563,19.83643,15.926436,16.43831,11.802,10.2132845,13.299802,14.898659,19.736773,21.493582,24.036945,27.326405,29.541824
8,22.288359,20.531641,18.534353,15.242939,11.729601,10.979728,7.8751316,5.315953,0.0,4.90745,7.6095834,9.23303,6.950805,11.26616,10.220586,14.178489,16.248384,20.905058,23.778063,25.92612,29.40708,30.566322,33.751793,32.912792,31.512112,30.489923,26.333345,23.39619,20.566654,19.070894,15.305329,13.735857,11.929654,7.5892997,11.183463,9.511765,12.229402,14.217428,11.42901,11.700756,15.12593,17.33521,16.757353,19.56953,22.71169,23.520159,26.86837,29.749357,32.979626,33.167454,32.78933,29.3936,33.23308,30.724798,33.400288,31.662256,27.560064,26.83937,30.33212,27.790754,23.908264,23.125021,25.432066,25.009954,26.826796,22.650352,20.16037,23.251171,17.504793,15.804988,14.992755,18.749693,16.623373,17.113771,22.148846,21.854076,25.97325,27.954514,27.89838,32.379925,28.788366,34.005493,33.131832,28.2772,27.485865,30.949791,30.299377,25.383753,28.300684,31.296144,28.792768,28.594412,24.734789,26.779865,24.324078,21.290998,18.135843,17.629742,12.911178,13.809831,9.248651,7.5663977,11.807983,13.183752,18.579365,19.306395,22.698084,25.422213,28.342522
9,25.835917,23.939674,21.414629,18.353485,14.50428,13.830168,10.6825075,6.036703,4.90745,0.0,4.89807,8.122757,5.562276,11.850234,12.344638,15.720896,18.648993,22.840975,26.691162,28.273615,32.17506,33.084435,36.538677,35.491554,33.688866,32.984364,28.441513,25.884502,22.411339,21.878332,16.815804,16.843807,14.202061,11.294246,14.516178,12.617,16.18635,18.031385,15.757259,15.862693,18.289661,20.43642,18.945744,21.472755,25.365582,25.229004,29.389711,31.588968,35.24017,34.846798,34.015347,30.410643,33.887814,30.82267,33.860554,32.701233,28.091564,27.394623,30.13519,27.799877,24.504248,23.12531,24.372364,23.327127,24.920961,21.741314,18.592772,20.660975,14.862862,13.474977,11.41392,15.164814,13.497684,15.057926,19.510744,20.399303,23.899862,26.35526,26.799473,31.308804,28.519257,33.49643,33.07346,28.358921,28.222895,31.825214,30.801731,26.407845,29.907368,32.601463,30.038147,30.417055,26.460575,29.34036,27.367283,24.277054,21.562012,19.888172,16.159424,15.192079,10.128285,7.26401,10.35684,12.861313,16.99634,19.253477,22.02784,25.264679,27.976345
10,29.672106,28.004316,25.645267,22.590015,18.862629,17.55372,14.965969,9.754687,7.6095834,4.89807,0.0,4.98116,6.9330406,11.682044,13.882293,17.572384,20.693823,25.27371,29.004793,30.922039,34.661,35.96778,39.222916,37.728996,35.92605,34.89015,30.284763,27.546051,23.740412,23.274317,16.89245,17.80236,13.1931305,11.450649,13.303803,11.067236,15.336817,16.901999,15.848946,16.50638,17.532877,20.558393,18.31032,21.383425,25.919466,25.763582,30.29242,32.77576,36.530064,36.28462,35.418835,31.488865,34.481148,31.282314,33.843185,32.87647,28.093544,26.738413,29.335072,26.306734,23.187546,22.69901,23.217585,22.51622,23.206104,19.784555,17.835625,19.043913,13.14257,12.906914,11.53637,15.575188,15.123377,16.24394,20.835281,21.497547,25.297045,27.370707,28.343872,32.789803,29.910353,35.053566,35.251434,30.742224,30.477486,34.260223,33.89073,29.33918,32.643,35.705345,33.49456,33.96425,29.959524,32.793396,30.654293,27.737123,24.391933,23.433739,19.214,18.541597,13.729259,10.738112,13.861899,16.513367,20.223558,22.370502,25.430222,28.39964,31.48011
11,31.248495,29.258953,27.623653,23.869583,20.477087,20.171934,16.465866,13.222815,9.23303,8.122757,4.98116,0.0,6.15838,7.824011,11.354387,14.904639,18.105513,22.816626,26.481203,28.570534,32.14436,33.80149,36.844875,34.88052,33.053226,31.77257,27.150782,24.372215,20.329605,20.106922,12.835581,14.745466,9.231606,9.5027485,10.792148,10.442719,14.518589,14.894268,14.071801,14.281318,13.899327,16.868721,13.99124,17.10865,22.050575,21.72235,26.505426,29.064344,32.87168,32.71817,31.873781,27.774069,30.474607,27.373465,29.527332,28.560333,23.808136,22.125988,24.865475,21.529795,18.341122,18.369795,19.025505,18.901163,19.43725,15.251846,14.20176,16.001093,10.261034,10.193651,10.866578,14.852063,14.703062,14.375288,19.496279,18.966652,23.428036,24.794468,25.85438,30.18754,26.840836,32.184734,32.731304,28.421442,27.834122,31.705406,32.14709,27.366571,30.32255,33.777187,32.046017,32.59389,28.605167,31.410069,29.252481,26.639135,22.79252,22.399582,18.080769,17.438768,13.375118,10.746759,13.993582,16.210793,19.92191,21.077232,24.69364,27.034698,30.637465
12,27.554123,25.065935,23.4379,19.36896,15.943626,17.042667,11.991899,10.6266365,6.950805,5.562276,6.9330406,6.15838,0.0,6.6599464,8.083266,11.051119,14.5011835,18.650131,22.945166,24.422709,28.40376,29.528332,32.930138,31.376833,29.371216,28.61463,23.861427,21.440989,17.514683,17.62731,11.732576,13.005657,10.598869,9.549136,12.981616,13.146358,16.495636,17.120674,14.559983,13.707253,15.088658,16.483837,14.469555,16.489027,20.765173,20.053185,24.672369,26.57577,30.437714,29.867256,28.9084,25.136335,28.435503,25.338158,28.31029,27.237701,22.549528,21.904604,24.631792,22.48934,19.252846,17.579493,19.115742,18.286718,20.22153,16.780685,13.477371,16.491503,10.92145,8.889473,8.561928,12.305563,10.572846,10.580413,15.79257,15.544918,19.718029,21.624302,22.081812,26.57432,23.422712,28.590672,28.474348,23.885426,23.58966,27.349705,27.007214,22.438053,25.827227,28.844961,26.74307,27.399912,23.37674,26.58204,24.78858,21.979155,18.908203,17.269745,13.819803,12.011073,7.571928,4.680918,7.9531627,10.162351,14.258254,15.583001,18.992981,21.653212,24.97223
13,29.837622,27.123106,26.585512,21.877909,19.231169,21.146656,15.598515,16.149733,11.26616,11.850234,11.682044,7.824011,6.6599464,0.0,5.2754745,7.6877036,11.002908,15.475302,19.355024,21.269062,24.83655,26.601149,29.56836,27.31557,25.379911,24.126936,19.419453,16.804499,12.550329,12.915275,5.390136,8.636014,6.063768,8.512661,10.909758,13.589759,16.086216,15.114328,12.828403,11.139423,10.402431,11.063479,8.226177,10.070841,14.942874,14.119334,19.050774,21.28466,25.159868,24.90433,24.1237,20.10593,23.148203,20.413155,22.665146,21.322062,16.812714,15.743478,19.12577,16.599197,12.893836,12.005555,14.635996,15.019727,16.99373,12.124673,10.373335,14.917712,10.4854145,8.5248995,11.538153,14.5368595,13.320841,10.728724,16.4374,13.772255,19.082594,19.623375,19.969374,24.19764,19.983883,25.551207,25.81132,21.538134,20.45695,24.302835,25.414656,20.371693,22.938908,26.673649,25.398064,25.996122,22.11949,24.962872,23.049526,20.84486,16.929335,16.659039,13.059456,11.957362,9.852184,8.834692,11.536987,12.306317,16.233753,15.329393,19.654787,21.021883,25.12189
14,25.194199,22.290686,22.227182,17.275723,15.139,17.98882,12.009219,14.883057,10.220586,12.344638,13.882293,11.354387,8.083266,5.2754745,0.0,4.477959,6.8698587,11.857163,15.241266,17.359749,20.901081,22.510817,25.555698,23.878754,22.223711,21.046303,16.598038,13.730801,10.404371,9.61981,6.135184,5.3661695,7.5034604,7.4151125,11.077266,13.9163475,15.342741,14.632614,10.971862,8.410148,10.148481,9.488528,8.978393,10.172493,13.208255,13.392367,17.059313,19.60375,23.038599,23.107786,22.75589,19.312384,23.247889,21.180609,23.649624,21.624784,17.896793,17.66605,21.615025,19.797321,15.741891,14.405835,18.330587,18.638508,21.366209,16.6721,14.303863,19.430813,15.15957,12.514231,14.57869,17.350288,14.959131,12.5781975,18.09329,15.174852,20.290285,20.969732,20.358253,24.56319,19.917528,25.41114,24.615337,19.977018,18.449116,22.02317,22.758986,17.320503,19.647957,23.350527,21.757229,21.81986,17.957382,20.280893,18.113874,15.765272,11.840192,11.856213,7.7932224,7.888986,6.7728972,7.4730573,10.518533,9.99699,15.233328,13.039674,17.659452,18.840996,22.770863
15,26.64231,23.285128,23.713251,18.49876,16.894733,20.87076,14.366266,18.332108,14.178489,15.720896,17.572384,14.904639,11.051119,7.6877036,4.477959,0.0,4.096576,7.9217935,12.44841,13.790584,17.696226,19.0997,22.31517,20.405144,18.385702,17.58727,12.821344,10.566068,6.8590846,7.6849537,6.270634,6.767508,10.87886,11.773347,15.11875,18.343164,19.520914,18.446404,14.723608,11.670937,12.818662,10.364432,10.124332,9.243404,11.558968,10.58616,14.432787,15.960573,19.630247,19.171993,18.617165,15.321761,19.503784,17.562841,20.423956,18.428638,14.919889,15.586532,19.304102,18.567852,14.952811,12.36249,16.936508,17.133383,20.582918,16.561918,13.51644,19.24445,16.06327,12.9912405,15.476903,17.317392,14.669446,11.4482765,16.355097,12.520203,17.553814,17.814785,16.67724,20.696041,15.814335,21.231138,20.221054,15.6189375,13.973325,17.574215,18.559296,13.11726,15.499705,19.233715,17.940657,18.362036,14.552785,17.443527,15.900985,13.934904,10.719398,9.751608,8.015439,6.094692,7.762896,9.425968,10.667819,9.110998,13.359136,9.734953,14.586862,15.023768,19.218147
16,25.130823,21.731853,22.95418,17.691895,16.941374,21.328846,15.164287,20.289297,16.248384,18.648993,20.693823,18.105513,14.5011835,11.002908,6.8698587,4.096576,0.0,5.4601374,8.544593,10.58382,14.072047,15.775202,18.746077,17.042002,15.460564,14.364351,10.0955305,7.343191,5.439425,4.500832,8.1986,6.113157,12.465417,12.961353,16.00158,19.630438,19.897001,18.561579,14.584846,11.186179,12.877284,9.28175,10.765888,9.346529,9.4004965,9.743131,11.811118,13.951641,16.97103,17.168653,17.263391,14.619572,19.263073,18.27671,20.673796,17.99637,15.604186,16.57141,20.795033,20.250395,16.426899,14.435592,19.716387,20.340029,23.829927,19.502274,17.11257,23.003447,20.02193,17.039202,19.542362,21.339216,18.532063,15.336364,19.88807,15.682588,20.482712,20.347136,18.630442,22.217875,16.831444,22.006166,20.319674,15.867029,13.367339,16.460133,17.894157,12.075984,13.348629,17.41991,16.348587,16.062056,12.5587015,14.369347,12.447353,10.887039,7.251445,8.009326,6.5545135,7.0924873,10.167558,12.477286,13.85957,11.648403,16.057215,11.256311,16.011864,15.652774,19.706478
17,26.975134,23.20762,24.90086,19.728249,19.607624,24.858185,18.558357,24.393698,20.905058,22.840975,25.27371,22.816626,18.650131,15.475302,11.857163,7.9217935,5.4601374,0.0,6.3584003,6.0152807,10.3356495,11.346914,14.72467,13.015092,10.873154,10.792358,6.4237576,5.845267,5.836749,7.2532268,12.400111,11.411016,17.685894,18.374842,21.448929,25.05402,25.265219,23.899523,19.896194,16.468872,17.962141,13.724311,15.211667,12.492898,11.142504,10.193937,11.174993,11.188844,14.058873,13.4085655,13.395585,11.754276,16.774118,16.372862,19.205976,16.612787,15.156732,17.34929,20.892496,21.743078,18.718956,15.628595,20.998894,21.340816,25.396303,22.070263,19.082281,25.0298,23.008085,19.805391,22.206902,23.125122,20.121061,16.75982,20.06427,15.548921,19.428339,18.904184,16.336143,19.26103,13.933238,18.381943,15.857581,11.638008,8.685923,11.282825,12.919547,7.099375,7.903707,12.03707,11.421751,11.463856,8.331826,10.811403,10.25504,9.655023,8.51099,7.4685082,9.933627,8.66321,13.287497,15.966778,15.932723,13.04567,15.835391,9.744627,13.79582,12.095977,16.024975
18,25.933184,22.498253,25.22813,20.399189,21.266445,26.288736,20.922606,27.331171,23.778063,26.691162,29.004793,26.481203,22.945166,19.355024,15.241266,12.44841,8.544593,6.3584003,0.0,4.541271,5.854871,8.364978,10.520205,9.308486,8.942989,7.5486326,6.195633,4.842856,8.929174,7.3344593,15.530253,12.635125,19.720995,20.082457,22.468107,26.405872,25.523724,23.839254,20.001177,16.670877,18.387878,13.686996,16.73764,14.24485,10.311219,11.914172,9.307348,11.071331,11.85728,13.191065,14.673118,14.226946,19.093672,20.043245,21.6355,18.166063,18.281647,20.12404,24.348417,24.791645,21.399298,19.738525,25.570017,26.576553,30.290777,26.186138,24.311356,30.361313,28.130991,25.144402,27.742493,29.07055,26.088675,22.761068,26.37088,21.67471,25.67749,24.80646,22.14747,24.552694,18.929035,22.903852,20.011032,16.615034,12.987849,14.198166,16.592672,11.445926,9.443395,13.596623,13.635926,11.978539,10.3459015,9.128464,7.408757,8.469137,7.1026664,10.032922,11.491837,13.327814,17.629082,20.43154,21.249712,18.344225,21.85635,15.804044,19.535677,17.51948,20.84886
19,27.605621,23.862532,26.482208,21.7179,22.624853,28.19875,22.48937,29.102324,25.92612,28.273615,30.922039,28.570534,24.422709,21.269062,17.359749,13.790584,10.58382,6.0152807,4.541271,0.0,4.7572975,5.38422,8.761622,7.7801394,6.29934,6.977156,5.669499,7.018406,10.286979,10.620372,17.744938,15.874673,22.729631,23.157848,25.96013,29.697765,29.23073,27.742662,23.738768,20.345833,22.06889,17.3755,19.768541,16.771057,13.453932,13.424603,11.501146,10.81555,11.759463,11.66908,12.699491,13.076515,17.963892,18.945719,21.166763,18.172865,18.43586,21.041803,24.502537,25.889845,23.096933,20.380955,25.93371,26.485025,30.59085,27.360685,24.724207,30.674986,28.959871,25.77616,28.126444,28.85723,25.744957,22.496336,25.225311,20.695946,23.88723,22.997168,19.8909,21.834318,16.729982,19.938826,16.410845,13.324437,9.84349,10.28895,12.401664,7.9077544,5.0828195,9.06339,9.472309,8.212917,7.1920047,7.0217156,7.501145,8.951853,9.84256,10.051573,13.612777,13.635123,18.525105,21.459751,21.315737,18.14397,20.502546,14.17633,17.095594,14.383628,17.326426
20,29.008316,25.552887,28.774357,24.32468,25.734442,31.105696,25.910105,32.685307,29.40708,32.17506,34.661,32.14436,28.40376,24.83655,20.901081,17.696226,14.072047,10.3356495,5.854871,4.7572975,0.0,3.80125,4.782853,4.2068005,5.2175145,5.038562,7.482518,8.840259,13.334869,12.802117,20.81869,18.42556,25.428576,25.935762,28.247223,32.22937,31.188862,29.430256,25.691433,22.419216,23.925459,19.041286,22.021364,18.998817,14.470576,15.44192,11.524263,11.319454,10.286017,11.585224,13.67528,15.030465,19.446392,21.38876,22.706724,19.304312,20.73035,23.19497,26.86095,28.190664,25.400534,23.44142,29.196457,30.169409,34.079803,30.53394,28.586279,34.595005,32.97482,29.932253,32.532917,33.389862,30.368782,26.983904,29.80604,25.022844,28.271816,27.01883,23.896473,25.375174,20.171993,22.923204,19.385897,17.139685,13.458955,12.972272,15.772025,12.237904,8.221462,11.328487,12.581015,10.528982,10.965833,8.372878,8.595564,11.2067995,12.064932,13.939127,16.812151,17.971695,22.695156,25.628847,25.844116,22.70023,25.257019,18.93339,21.725672,18.786259,21.386711
21,28.814438,25.195822,28.401075,24.17495,25.785318,31.513418,26.32671,33.38389,30.566322,33.084435,35.96778,33.80149,29.528332,26.601149,22.510817,19.0997,15.775202,11.346914,8.364978,5.38422,3.80125,0.0,4.1867647,5.8874044,6.1356664,7.8913627,9.698153,11.608278,15.485755,15.451435,23.035816,20.773018,27.800295,27.938904,30.66107,34.33187,33.48497,32.046234,28.040033,24.76039,26.73886,21.98808,24.76314,21.742386,17.723646,18.079472,14.897634,13.711992,12.958326,13.182485,14.77398,16.546686,20.93708,22.66693,24.552612,21.54301,22.749157,25.566608,28.806047,30.564552,27.974865,25.359177,30.87812,31.424988,35.59597,32.54767,29.937721,35.84094,34.278233,31.056906,33.241234,33.81093,30.577784,27.515644,29.799942,25.458714,28.071114,27.09878,23.70065,24.953636,20.399218,22.512907,18.3554,16.300606,13.152295,11.940528,13.623115,11.121334,7.04362,8.665128,9.83996,7.4723554,9.08284,6.307982,8.219411,10.977226,13.369216,13.80637,17.84378,18.280714,23.23333,26.304596,25.983334,22.66287,24.653162,18.434149,20.46214,17.354816,19.248669
22,30.978762,27.632467,31.20707,27.186981,29.043108,34.556778,29.675636,36.74247,33.751793,36.538677,39.222916,36.844875,32.930138,29.56836,25.555698,22.31517,18.746077,14.72467,10.520205,8.761622,4.782853,4.1867647,0.0,4.6190276,7.0056744,7.980447,11.668026,13.530108,17.986837,17.561882,25.587074,23.13325,30.17686,30.514013,32.829018,36.73003,35.500713,33.80609,30.067667,26.879131,28.53662,23.66709,26.745457,23.660042,18.93267,19.828861,15.4984665,14.56988,12.439069,13.616914,15.888253,18.25497,22.174654,24.601482,25.752752,22.504766,24.560886,27.25566,30.597721,32.329445,29.803051,27.747656,33.39948,34.29712,38.30005,35.030888,32.987675,38.941017,37.518017,34.42154,36.88557,37.538322,34.42572,31.16457,33.554512,28.92111,31.654272,30.333801,26.976324,27.88857,23.206812,25.041885,21.078674,19.646471,16.30579,14.713412,17.125313,15.02553,10.545786,11.926127,13.692102,11.30182,13.247782,9.724767,10.979088,14.098269,16.023003,17.537706,20.954649,22.044132,26.889763,29.924612,29.877064,26.6061,28.740685,22.467443,24.577162,21.31658,23.156513
23,33.164696,29.72853,32.965816,28.498543,29.812164,35.183308,29.821222,36.40261,32.912792,35.491554,37.728996,34.88052,31.376833,27.31557,23.878754,20.405144,17.042002,13.015092,9.308486,7.7801394,4.2068005,5.8874044,4.6190276,0.0,3.5175216,3.7909508,8.305117,10.700642,15.075609,15.297732,22.909264,21.262356,27.967142,29.096428,31.137466,35.39908,34.403522,32.336678,28.876133,25.583006,26.351553,21.280529,23.96596,20.471409,15.742789,16.13533,11.7092905,10.170822,7.8626766,9.202198,11.773576,14.17848,17.869041,20.584194,21.337282,18.021439,20.453432,23.158497,26.40784,28.259398,26.003784,24.107586,29.737421,30.911272,34.75207,31.531212,29.942654,35.85538,34.864727,31.95915,34.893917,35.457516,32.690235,29.00291,31.435349,26.3294,29.312922,27.51028,24.354343,25.147995,20.076065,22.133532,18.813335,17.602612,13.882086,12.618997,16.4962,13.947264,9.28482,11.91555,14.310248,12.895064,13.906486,11.8957405,12.714225,15.347841,16.05125,17.690126,20.605518,21.270897,26.031939,28.84223,28.840475,25.766565,27.716488,21.348124,23.87694,20.404093,22.942959
24,33.463444,29.813843,32.657555,27.971228,28.912706,34.419155,28.646584,35.006996,31.512112,33.688866,35.92605,33.053226,29.371216,25.379911,22.223711,18.385702,15.460564,10.873154,8.942989,6.29934,5.2175145,6.1356664,7.0056744,3.5175216,0.0,3.6571622,6.1465464,9.43101,13.062234,14.274412,21.13272,20.213741,26.698288,28.052023,30.33586,34.543743,33.987694,31.989481,28.430643,25.027174,25.64614,20.585934,22.731953,18.990232,14.990477,14.312316,11.108116,8.263192,7.4750285,7.075472,8.988709,11.331467,15.256418,17.627375,18.935303,15.952943,17.959068,20.98929,23.883093,26.09471,24.088266,21.574242,27.019854,27.95839,31.947279,29.146326,27.184214,33.0106,32.27533,29.333849,32.241222,32.54685,29.852856,26.120983,28.24503,23.154469,25.928228,24.086119,20.881748,21.643188,16.64026,18.693842,15.385688,14.1427,10.422652,9.213455,13.506049,10.9964485,6.383694,9.481515,12.118261,11.55136,12.118188,11.614173,12.842872,14.975632,15.665401,16.269213,19.577341,19.282787,24.109447,26.83411,26.460398,23.434586,24.87346,18.548086,20.953432,17.31529,20.04568
25,33.04455,29.59771,32.519245,27.762165,28.64011,33.7738,28.173965,34.316494,30.489923,32.984364,34.89015,31.77257,28.61463,24.126936,21.046303,17.58727,14.364351,10.792358,7.5486326,6.977156,5.038562,7.8913627,7.980447,3.7909508,3.6571622,0.0,5.133478,7.44448,11.732979,12.206202,19.498104,18.27602,24.705082,26.28239,28.141289,32.579163,31.758774,29.503212,26.222694,22.897541,23.138874,18.015194,20.45396,16.818783,12.167157,12.398085,8.033114,6.776432,5.2851295,7.078414,9.679761,11.223712,15.149224,17.683403,18.28769,14.755109,16.982122,19.497368,22.989975,24.577995,22.23957,20.566793,26.281233,27.66563,31.3479,27.915236,26.657007,32.581017,31.631836,28.86755,32.08563,32.764076,30.217705,26.300303,29.039549,23.66345,27.094412,25.140173,22.26838,23.383879,17.824268,20.598164,17.912392,16.296608,12.295808,12.012468,16.501356,13.046848,8.994235,12.788025,14.928917,13.9943905,13.934969,12.886092,13.019066,15.071908,14.650066,16.551188,18.756784,19.34119,23.86039,26.46732,26.685291,23.82466,25.965902,19.655804,22.724222,19.461777,22.63834
26,31.618233,28.009382,30.309807,25.255316,25.518175,30.594826,24.552364,30.253515,26.333345,28.441513,30.284763,27.150782,23.861427,19.419453,16.598038,12.821344,10.0955305,6.4237576,6.195633,5.669499,7.482518,9.698153,11.668026,8.305117,6.1465464,5.133478,0.0,3.8750973,6.959874,8.685091,15.011274,14.553057,20.71273,22.477457,24.655798,28.96928,28.715445,26.61443,23.19534,19.76371,19.92522,14.931382,16.69799,12.939271,9.55571,8.522356,6.786851,5.399528,7.649992,7.5294204,8.585612,8.186017,13.001195,14.334535,15.872502,12.617175,13.314568,15.897645,19.453716,20.903479,18.412,16.086054,21.803545,22.942963,26.756197,23.408237,21.694681,27.653563,26.600096,23.77711,26.979906,27.643429,25.15562,21.182344,24.081263,18.695684,22.431887,20.691505,18.012806,19.786697,13.916543,17.664814,15.393922,12.80313,8.773125,10.064869,14.304139,9.787092,7.3760114,12.04316,13.427478,13.297148,11.867162,12.683045,12.5608,13.540344,12.40697,13.346446,15.354358,15.021581,19.392357,21.830576,21.923378,19.230612,21.324377,15.157413,18.658234,15.782102,19.560328
27,29.4073,26.000816,28.207016,23.11028,23.226856,27.883366,22.055767,27.543596,23.39619,25.884502,27.546051,24.372215,21.440989,16.804499,13.730801,10.566068,7.343191,5.845267,4.842856,7.018406,8.840259,11.608278,13.530108,10.700642,9.43101,7.44448,3.8750973,0.0,4.9486046,4.9459405,12.261009,10.97668,17.365572,19.006895,21.002598,25.389454,24.951637,22.797888,19.424896,16.018974,16.248331,11.237866,13.475802,10.194357,6.4835086,7.1080775,5.530992,7.553993,9.743307,10.774551,11.872547,10.397805,15.102601,15.894112,17.18039,13.680298,13.5966,15.315138,19.633934,20.040018,16.812952,15.3005295,21.229076,22.595636,26.116325,21.974184,20.66446,26.71232,25.00429,22.27387,25.525229,26.736517,24.256214,20.366955,24.072924,18.792015,23.2021,21.799395,19.532686,21.946218,15.899684,20.362719,18.447031,15.221139,11.452354,13.447669,16.974594,11.69677,10.248834,14.962999,15.551285,14.976404,12.874159,13.293952,12.016752,12.454493,9.925703,12.149265,12.688232,13.4756,17.354511,19.69238,20.525558,18.03344,21.143862,15.266647,19.41051,17.310905,21.30583
28,30.335594,26.891422,28.314066,23.048525,22.32424,26.66298,20.405046,24.943584,20.566654,22.411339,23.740412,20.329605,17.514683,12.550329,10.404371,6.8590846,5.439425,5.836749,8.929174,10.286979,13.334869,15.485755,17.986837,15.075609,13.062234,11.732979,6.959874,4.9486046,0.0,4.7970333,8.103563,8.915129,14.168433,16.483337,18.669737,22.938704,23.311213,21.255432,18.020786,14.669752,14.254572,9.823027,10.460079,6.965576,6.6475773,4.6964083,7.988033,9.217075,12.928217,12.7553,12.648951,9.5591345,14.004848,13.389279,15.353558,12.561842,10.575435,12.008624,16.224348,16.353418,13.077558,10.869944,16.686169,17.88847,21.412294,17.35283,15.7320385,21.785435,20.114117,17.430437,20.911085,22.0934,19.90917,15.79841,19.763895,14.408675,19.278234,18.007502,16.30072,19.30319,13.309234,18.533445,17.52571,13.84375,10.8229685,13.975263,17.075,11.682358,12.105502,16.61959,16.753942,17.065918,14.135923,16.178278,15.017743,14.463028,11.435049,12.169272,11.977734,11.273801,14.434419,16.27611,17.008993,15.011315,17.89303,12.705358,17.221632,15.772969,20.217278
29,27.128359,23.992184,25.748652,20.628653,20.266998,24.238686,18.619783,23.50996,19.070894,21.878332,23.274317,20.106922,17.62731,12.915275,9.61981,7.6849537,4.500832,7.2532268,7.3344593,10.620372,12.802117,15.451435,17.561882,15.297732,14.274412,12.206202,8.685091,4.9459405,4.7970333,0.0,8.590259,6.079635,12.700695,14.148378,16.076538,20.45914,20.054747,17.95486,14.552679,11.146764,11.561226,6.80241,9.412619,7.380901,5.2460456,7.478067,8.038754,11.682451,14.13934,15.364779,16.116451,13.657041,18.067999,17.938269,19.260214,15.964611,14.567843,15.184094,20.014349,19.164736,15.144204,14.448771,20.209421,21.633766,24.752916,19.833445,18.816908,24.773,22.198786,19.62104,22.790878,24.658253,22.260317,18.640165,23.22152,18.359596,23.385939,22.520996,20.8413,23.977976,18.042038,23.160112,21.700384,17.84551,14.633156,17.338268,20.02142,14.282827,14.130112,18.684362,18.422485,17.751131,14.88946,15.488081,13.24613,12.616597,8.38585,11.469195,9.647873,11.577985,14.350001,16.364052,18.124716,16.099455,20.286114,15.226438,19.907795,18.87742,23.028378
30,30.632055,27.718801,28.091202,23.05448,21.19319,23.919851,18.133028,20.332508,15.305329,16.815804,16.89245,12.835581,11.732576,5.390136,6.135184,6.270634,8.1986,12.400111,15.530253,17.744938,20.81869,23.035816,25.587074,22.909264,21.13272,19.498104,15.011274,12.261009,8.103563,8.590259,0.0,6.051136,6.7913527,10.535972,12.177914,16.304403,17.6042,15.606552,13.215444,10.651983,8.762072,7.1640964,4.549873,4.7688513,9.69731,8.965251,13.797722,16.37351,20.091993,20.215067,19.77343,15.830748,18.993397,17.009634,18.641226,16.685461,12.839242,11.890431,16.222439,13.959732,9.698866,9.330889,13.816747,15.206759,17.562578,12.13181,11.559688,17.072613,14.125082,12.133931,15.971389,18.230486,16.852694,13.157445,18.446766,14.128074,19.764397,19.24326,19.016663,22.801172,17.624228,23.300268,23.428566,19.467577,17.551668,21.215591,23.430027,18.10744,19.7247,23.937363,23.326872,23.720322,20.167114,22.47104,20.5526,18.988049,14.758677,15.625307,12.526945,12.214365,12.284668,12.580144,14.747371,14.334438,18.093948,15.29154,20.015154,20.221823,24.669561
31,25.462126,22.759672,23.635792,18.703638,17.47093,20.23795,15.021784,18.57688,13.735857,16.843807,17.80236,14.745466,13.005657,8.636014,5.3661695,6.767508,6.113157,11.411016,12.635125,15.874673,18.42556,20.773018,23.13325,21.262356,20.213741,18.27602,14.553057,10.97668,8.915129,6.079635,6.051136,0.0,7.203612,8.103724,10.217779,14.429917,14.431707,12.640896,9.1222,5.812597,6.867618,4.57616,6.3648868,7.5885353,9.064001,11.147392,13.39554,17.252523,20.014908,21.087872,21.438921,18.299795,22.293245,21.187572,22.677837,19.898708,17.219227,16.725384,21.536623,19.3965,14.852762,14.959043,19.828465,21.078392,23.577703,18.052061,17.253967,22.69407,18.97697,16.72266,19.522367,22.208014,20.037397,17.076988,22.463163,18.540508,23.910854,23.7774,22.842052,26.620749,21.162441,26.676731,25.707888,21.401234,18.929966,22.146791,23.94722,18.153967,19.168383,23.41757,22.409775,21.845003,18.423557,19.445127,16.729877,15.057571,10.130482,12.829671,8.3162,11.02467,11.501324,12.683562,15.693252,14.604569,19.753328,16.252638,21.088846,21.316957,25.419035
32,29.217287,27.045471,26.907991,22.471601,20.23093,21.193335,16.840416,17.238987,11.929654,14.202061,13.1931305,9.231606,10.598869,6.063768,7.5034604,10.87886,12.465417,17.685894,19.720995,22.729631,25.428576,27.800295,30.17686,27.967142,26.698288,24.705082,20.71273,17.365572,14.168433,12.700695,6.7913527,7.203612,0.0,5.543992,5.6651096,9.856673,11.381864,9.521604,8.196225,7.266544,4.8889933,7.894034,5.6185346,9.66503,13.801747,14.964022,18.631056,22.35848,25.539316,26.370209,26.275923,22.453768,25.49367,23.560757,24.7405,22.70951,19.05375,17.22687,21.534447,17.95476,13.504832,15.028857,18.176104,19.558329,20.766699,14.710711,15.28323,19.452347,15.118945,14.049473,16.95425,20.283737,19.224323,16.785988,22.479918,19.414644,24.900265,25.00166,25.155235,29.161255,24.282299,29.958805,30.023577,25.832424,23.984142,27.593876,29.332378,23.817356,25.46303,29.634079,28.554722,28.447355,24.7841,26.413195,23.774994,21.80967,17.012651,18.832232,13.872306,15.38625,13.536264,12.897857,16.58127,16.999804,21.76951,20.090925,24.714155,25.70236,29.869612
33,24.32666,22.478144,21.973673,17.947205,15.5850115,15.849297,12.287703,12.685008,7.5892997,11.294246,11.450649,9.5027485,9.549136,8.512661,7.4151125,11.773347,12.961353,18.374842,20.082457,23.157848,25.935762,27.938904,30.514013,29.096428,28.052023,26.28239,22.477457,19.006895,16.483337,14.148378,10.535972,8.103724,5.543992,0.0,4.5267677,6.688942,8.057672,8.035019,5.0418696,5.0796704,7.6098323,10.511121,10.287424,13.816971,16.726812,18.509281,21.358788,25.204134,28.102207,29.03948,29.11279,25.644093,29.305468,27.430477,29.130297,26.88911,23.363995,22.099894,26.39333,23.236034,18.805468,19.485693,22.7192,23.470512,25.05152,19.516645,18.829596,22.847769,17.71032,16.220358,17.692184,21.36656,19.622837,18.219454,23.908741,21.706085,26.827934,27.652714,27.463726,31.702242,27.031023,32.61546,31.973248,27.37048,25.648087,29.110815,29.92757,24.367498,26.25511,30.07658,28.360325,27.845205,24.138504,25.40024,22.465508,20.048979,15.517387,17.273703,11.549644,14.203103,11.513347,10.960903,15.341695,15.748052,21.38827,20.118137,24.50225,26.056652,29.758183
34,27.187498,25.751522,25.429491,21.718662,19.583937,19.080875,16.476082,15.987636,11.183463,14.516178,13.303803,10.792148,12.981616,10.909758,11.077266,15.11875,16.00158,21.448929,22.468107,25.96013,28.247223,30.66107,32.829018,31.137466,30.33586,28.141289,24.655798,21.002598,18.669737,16.076538,12.177914,10.217779,5.6651096,4.5267677,0.0,5.190957,5.7987714,4.3672037,4.549435,6.34517,6.07341,10.70358,10.232486,14.4875555,17.417393,19.732037,22.309784,26.721493,29.377676,30.762127,31.030544,27.47252,30.72701,29.063654,30.06198,27.746384,24.473913,22.55771,27.015848,23.131475,18.65328,20.66878,23.653967,24.973251,25.865135,19.801785,20.554821,24.168404,19.293291,18.504002,20.468864,24.21808,23.035284,21.386272,27.114273,24.61131,29.944687,30.383242,30.437263,34.53598,29.637726,35.304127,35.00512,30.622566,28.64295,32.091118,33.503933,27.840273,29.302607,33.403664,32.01323,31.38875,27.813923,28.685701,25.552374,23.449022,18.554544,21.182882,15.377455,18.391476,15.947353,15.208747,19.533043,20.074078,25.49562,24.092424,28.61057,29.90926,33.805225
35,26.45006,25.541502,24.392767,21.475763,18.911865,16.846743,15.775983,13.218301,9.511765,12.617,11.067236,10.442719,13.146358,13.589759,13.9163475,18.343164,19.630438,25.05402,26.405872,29.697765,32.22937,34.33187,36.73003,35.39908,34.543743,32.579163,28.96928,25.389454,22.938704,20.45914,16.304403,14.429917,9.856673,6.688942,5.190957,0.0,4.4614863,6.582554,7.3569336,10.021974,11.260409,15.704507,15.102621,19.282694,22.372086,24.444613,27.201555,31.412796,34.171616,35.36548,35.48862,31.891474,35.231834,33.227295,34.594196,32.496887,28.88089,27.013945,31.117887,27.205532,22.97414,24.58226,26.897987,27.709383,28.374249,22.823433,23.045496,25.857513,20.416536,19.904995,20.721739,24.748146,23.658833,23.030779,28.581348,27.103525,32.060524,33.097935,33.34434,37.64349,33.205624,38.81369,38.450714,33.867428,32.268127,35.775906,36.508293,31.007687,32.92717,36.723248,34.893215,34.27267,30.59298,31.608637,28.469393,26.006622,21.546175,23.518202,17.650217,20.448162,16.98675,15.648834,20.121357,21.227201,26.669052,26.300198,30.431704,32.369236,35.91976
36,24.897312,24.322306,23.794764,21.082691,19.235088,17.21131,16.767054,15.678934,12.229402,16.18635,15.336817,14.518589,16.495636,16.086216,15.342741,19.520914,19.897001,25.265219,25.523724,29.23073,31.188862,33.48497,35.500713,34.403522,33.987694,31.758774,28.715445,24.951637,23.311213,20.054747,17.6042,14.431707,11.381864,8.057672,5.7987714,4.4614863,0.0,3.96058,5.557327,8.984615,10.848872,15.107376,15.676875,19.768963,21.792353,24.762016,26.508238,31.258104,33.482155,35.222366,35.76023,32.479553,36.010536,34.5392,35.565132,33.02398,30.014732,28.21638,32.77799,28.879429,24.374805,26.38314,29.393463,30.549553,31.417377,25.47458,25.996975,29.355915,24.1232,23.34769,24.497738,28.435686,27.019714,26.022234,31.684305,29.653812,34.796394,35.571182,35.454605,39.638325,34.76404,40.384346,39.668755,35.10789,33.075752,36.34025,37.326286,31.639257,32.986942,36.895603,35.179478,34.100197,30.67967,30.883759,27.429388,25.230392,20.622572,23.666327,17.586037,21.585203,18.869652,18.214405,22.740881,23.273062,29.097347,27.915186,32.225475,33.791115,37.347107
