,0,1,2,3,4,5,6,7,8,9,10,11,12,13,14,15,16,17,18,19,20,21,22,23,24,25,26,27,28,29,30,31,32,33,34,35,36,37,38,39,40,41,42,43,44,45,46,47,48,49,50,51,52,53,54,55,56,57,58,59,60,61,62,63,64,65,66,67,68,69,70,71,72,73,74,75,76,77,78,79,80,81,82,83,84,85,86,87,88,89,90,91,92,93,94,95,96,97,98,99,100,101,102,103,104,105,106,107,108,109,110
0,0.0,4.219169,6.762256,9.836889,12.624189,14.702726,18.382174,21.95842,25.790258,28.59004,33.392986,34.350742,34.806335,35.541855,32.961575,32.63504,31.953638,29.522472,32.903957,29.316845,32.61595,33.650867,34.846657,30.919355,29.824116,25.329184,24.04306,25.855442,21.589338,25.170359,22.734568,28.79291,29.390518,34.362064,33.943424,37.0938,40.046677,37.51349,36.550224,33.944237,30.211967,27.884794,25.08358,20.928188,23.851395,19.742908,22.026901,20.830015,24.011837,26.098164,27.686462,31.626957,33.529316,36.17435,35.709763,39.58636,36.82551,40.252087,40.92089,37.770134,35.29073,33.38881,30.49431,27.089474,28.095713,22.62552,22.875814,21.30075,25.109474,23.172247,23.579678,28.538849,27.714006,33.775906,34.006374,34.97565,38.34411,38.304424,40.957485,42.458527,41.868965,38.55528,35.292984,33.131104,30.994707,30.49837,27.547655,27.056845,24.052734,25.391792,22.901747,26.790379,23.296288,21.87077,24.620707,21.641226,24.659853,19.294443,22.329245,19.826565,23.445778,23.264416,24.269838,27.044746,25.524612,23.158434,25.117994,23.55189,23.068491,24.822857,23.331434
1,4.219169,0.0,5.1428113,6.9162307,9.198418,12.438202,15.05967,19.566896,22.8369,26.052176,30.729334,31.719805,32.23588,32.62053,30.094637,29.333567,28.61313,25.878893,29.220684,25.417583,28.618544,29.855654,30.846369,26.791285,25.868065,21.37392,19.982725,21.675468,17.434502,21.112791,18.919413,24.982946,26.298845,31.014523,30.908743,34.19277,37.00655,34.49594,33.195774,30.331064,26.989515,24.252262,21.726725,17.257235,19.921885,15.754127,18.213013,17.18218,20.491823,22.68547,24.14718,28.267092,30.30542,32.79804,32.03595,35.964115,33.090813,36.45941,37.303654,34.348778,31.773191,30.026077,26.824905,23.58768,24.390762,18.881657,19.355658,17.444431,21.433807,19.210358,19.39798,24.344038,23.528131,29.55934,29.911646,30.884087,34.335472,34.44197,37.195267,38.8028,38.36914,34.974667,31.990778,29.614363,27.240818,26.758127,23.515879,22.966265,19.91388,21.343082,19.039291,23.063398,19.957146,18.6137,21.54949,18.573992,21.411884,15.909832,19.051044,16.338854,20.621792,20.275646,21.973248,25.039085,23.528086,20.805983,23.001839,20.533785,20.479588,21.783794,20.685883
2,6.762256,5.1428113,0.0,5.2983584,6.9240313,8.595801,12.285741,15.624989,19.625492,22.255976,27.197678,28.559824,29.539822,30.273624,28.350998,27.679417,27.892603,25.17981,29.34979,25.892633,29.338049,31.18363,32.261612,27.897509,27.988758,23.571327,21.770658,22.501524,17.051554,20.048014,16.968615,22.929886,22.757082,27.859701,27.29206,30.368217,33.39993,30.961805,30.101534,27.74843,23.879484,22.06079,18.820423,15.333,19.445307,15.81643,18.96158,18.956083,22.094236,23.751719,24.418257,28.7048,30.021961,32.12477,31.181637,34.68241,31.489197,34.788548,35.04783,31.956757,29.359491,28.07361,25.36827,22.293959,24.42661,18.815117,20.150269,18.71333,23.464666,21.286642,20.572945,25.033573,23.262548,29.640879,28.852839,30.111927,33.03327,32.58679,35.118244,36.353073,35.787422,32.687164,29.087055,27.218979,25.19621,25.214552,22.423132,23.173746,20.694118,23.01233,21.515135,25.894999,23.52115,21.921665,24.73434,21.403063,23.388895,17.908482,19.781841,16.428902,20.039999,18.648436,20.02351,22.731781,20.51128,17.946278,19.08548,17.319841,16.420168,18.177664,16.641706
3,9.836889,6.9162307,5.2983584,0.0,3.8987966,6.1361227,9.027239,13.097866,16.218468,19.45958,24.000055,24.836203,25.352001,25.853048,23.525934,22.934372,22.766205,20.250881,24.315039,21.143175,24.812864,26.497194,28.069813,24.017855,24.56062,20.170845,19.328682,19.891413,13.807328,17.390768,14.118168,20.54975,21.202614,25.548983,25.922071,28.815145,32.04674,30.027866,28.454624,25.70285,22.995316,20.7438,17.697224,14.22952,18.198217,14.614093,18.255161,18.441086,21.787865,23.79639,24.288435,28.84736,30.479967,32.20585,30.488441,33.97397,30.269205,33.261223,33.67957,31.212378,28.2448,27.869947,24.536158,22.11449,23.874693,18.336658,20.165586,17.777134,22.44915,19.209333,17.712513,22.227718,20.304758,26.319988,25.609888,26.226078,29.308548,29.044983,31.501595,33.070435,32.22062,28.864904,25.666769,23.439512,21.616163,20.920025,18.751328,18.899317,16.713076,19.243622,18.099682,22.929302,20.833181,18.394426,20.832802,17.213076,18.620499,13.316677,14.589722,11.252454,14.8000765,13.72296,15.384663,18.42624,16.73141,13.912162,16.355202,14.04363,14.523434,16.424768,16.208458
4,12.624189,9.198418,6.9240313,3.8987966,0.0,5.3729725,5.8652735,11.170332,13.824537,17.28928,21.865927,23.142645,24.154509,24.336803,22.567286,21.263908,21.64604,18.571737,22.977688,19.555204,23.030767,25.339405,26.404495,21.961718,23.037443,18.854406,17.327435,17.214336,10.753955,13.8409395,10.4625,16.788778,17.651371,22.053595,22.36813,25.46242,28.48215,26.36005,24.723238,21.926102,19.18204,16.849411,13.8439665,10.411376,14.781699,11.600041,15.555643,16.438114,19.569534,21.256958,21.268742,25.894575,27.265257,28.741976,26.854637,30.211485,26.429817,29.419313,29.792503,27.320557,24.347256,24.073286,20.760595,18.504257,20.67096,15.22579,17.569439,15.399795,20.426569,17.381289,15.406658,19.46477,17.113691,23.365496,22.255596,23.28728,26.195284,25.833254,28.398844,29.84018,29.298456,26.035082,22.828085,20.61189,18.443577,18.337746,15.616169,16.678215,14.690286,17.700884,17.189964,21.91756,20.645638,18.72985,21.340832,17.966816,18.888313,13.760143,14.639432,10.773246,14.935645,12.880881,15.460158,18.534367,16.389883,13.239684,14.950303,11.45253,11.83297,12.99612,12.889934
5,14.702726,12.438202,8.595801,6.1361227,5.3729725,0.0,6.0399833,7.283913,11.448094,13.893664,18.736914,20.007292,21.156628,22.099796,20.712875,20.249022,21.480783,19.163334,24.20448,21.766891,25.580835,27.963934,29.646605,25.461546,27.29225,23.269352,22.165749,21.535158,14.377791,16.720306,12.302852,18.226711,16.800484,21.296158,21.387684,23.8202,27.447844,25.763857,24.5523,22.476126,19.607433,18.679394,14.822687,13.337028,18.748404,16.254229,20.379341,21.63851,24.63657,26.05356,25.606861,30.216576,31.05111,32.136932,30.005556,32.828735,28.635258,31.33316,30.997215,28.651712,25.591074,26.24121,23.485842,21.670717,24.82895,19.60125,22.350035,20.44719,25.576292,22.422089,19.915617,23.48756,20.414562,26.432384,24.195122,24.99559,27.249275,26.235006,28.28301,29.390644,28.253357,25.302113,21.324034,19.829025,18.728437,18.618073,17.536112,19.424088,18.305424,21.745707,21.67465,26.610838,25.420511,22.852068,24.988611,21.259747,21.489105,16.851461,16.23129,12.499009,14.444393,11.6468725,12.79991,15.183617,12.377361,9.742537,10.6056185,9.389482,8.996734,11.945696,11.870407
6,18.382174,15.05967,12.285741,9.027239,5.8652735,6.0399833,0.0,6.9483886,8.221115,12.019527,16.352907,17.882187,19.35765,19.321745,18.352682,16.552431,18.041443,14.842962,20.016088,17.229511,20.713053,23.738155,24.852587,20.42475,22.963928,19.39252,18.03914,16.577927,9.161104,10.935614,6.3674307,12.446222,12.722598,16.575783,17.44212,20.246605,23.467451,21.807098,19.81564,17.134762,15.264532,13.546536,10.292292,8.931275,14.043614,12.385907,16.647064,18.59909,21.269356,22.506945,21.55126,26.188705,27.037264,27.68392,24.977081,27.722858,23.28044,25.804647,25.74944,23.831783,20.570095,21.72983,18.505964,17.370373,20.376987,15.6734915,18.9864,16.904888,21.947254,18.659336,15.390064,18.207558,14.693903,20.617062,18.160042,19.144043,21.431816,20.604422,22.936775,24.228823,23.540098,20.404339,16.980024,14.94104,13.106445,13.397207,11.5953045,14.294557,13.648348,17.539997,18.374792,23.078983,22.988968,20.880836,23.02612,19.73705,19.285326,15.199394,14.17222,10.160426,13.233156,9.632427,12.85853,15.61782,13.0519495,9.763885,10.748697,5.801415,7.1898584,8.075356,9.603754
7,21.95842,19.566896,15.624989,13.097866,11.170332,7.283913,6.9483886,0.0,5.4877853,6.669265,11.7041645,13.593828,15.701886,16.833109,16.931553,16.285944,19.240646,17.253485,22.96584,21.562538,25.203848,28.262121,29.974997,25.95794,29.19203,25.849981,24.817064,22.970915,15.581108,16.264555,11.412981,15.574677,12.000115,15.721488,16.110523,17.704418,21.796755,20.879625,19.672234,18.350103,16.360554,16.925856,12.903459,14.205039,19.95387,18.93819,23.147932,25.34793,27.870657,28.772102,27.36542,31.848364,31.991453,32.163002,29.306973,31.244576,26.46406,28.504635,27.406591,25.70245,22.508303,24.836351,22.602194,21.996971,26.088903,21.74539,25.278399,23.626646,28.74001,25.53764,22.027754,24.250732,20.174337,25.480446,21.62428,22.372112,23.499031,21.664604,23.09389,23.718445,22.199945,19.771446,15.088697,14.558536,14.630661,15.165504,15.837622,19.404007,19.688496,23.751215,24.881643,29.682446,29.592836,26.948723,28.660975,25.083452,24.025461,20.50552,18.150852,14.664941,14.874081,10.477135,11.420758,12.669369,8.818984,6.799781,4.1991577,4.3849883,3.5648437,7.825119,9.403984
8,25.790258,22.8369,19.625492,16.218468,13.824537,11.448094,8.221115,5.4877853,0.0,4.689515,8.17708,9.883554,12.16609,12.356825,13.077179,11.474271,15.161743,13.110172,18.913921,18.098795,21.453138,24.826866,26.51334,22.841639,26.904469,24.191557,23.62267,21.17232,14.211875,14.182067,9.90502,12.768594,10.480886,12.194131,14.20506,15.482851,19.435366,19.13621,16.90007,15.194746,15.256196,15.488113,12.482899,14.451591,19.223454,19.014738,23.052803,25.56821,27.816458,28.677078,26.930613,31.304495,31.520065,31.166613,27.610222,29.246824,24.096447,25.583017,24.60107,23.799093,20.378523,23.801298,21.224592,21.5995,25.280708,21.695387,25.48739,23.53827,28.216131,24.70811,20.576956,21.88277,17.518345,21.865582,17.502449,17.750166,18.50108,16.588524,17.853413,18.736444,17.044516,14.38038,10.032177,9.156188,9.834076,10.201309,12.267855,16.271675,17.562353,21.756521,23.710716,28.246004,28.986134,26.334215,27.662874,24.43087,22.49597,20.005568,16.762173,13.774909,13.506378,8.701649,10.804461,11.99305,9.054025,7.0595126,6.030984,2.4822552,6.022418,7.58054,11.236878
9,28.59004,26.052176,22.255976,19.45958,17.28928,13.893664,12.019527,6.669265,4.689515,0.0,5.213236,8.085175,11.4628315,12.611864,14.59356,13.802515,18.267544,16.939281,22.648636,22.405214,25.632719,29.041916,30.792936,27.238491,31.48988,28.857845,28.115704,25.500107,18.652168,18.097513,13.883367,15.623263,10.82088,12.250603,13.509655,13.66037,18.109884,18.373003,16.965115,16.5033,16.231932,17.938068,14.654489,17.73519,22.884468,22.948162,26.9492,29.637705,31.7702,32.356247,30.337568,34.56346,34.272762,33.656033,30.174246,31.25722,26.098808,27.297825,25.580526,24.830915,21.651161,25.570776,23.783884,24.340324,28.697277,25.294188,29.17535,27.616682,32.42604,29.173513,25.078487,26.118622,21.57807,25.681597,20.637472,21.051706,20.922073,18.330645,18.863277,18.982668,16.876688,15.180228,9.939674,10.89474,12.730722,13.676774,16.348816,20.756605,22.207336,26.412245,28.393612,32.912834,33.640255,30.938133,32.214756,28.890028,26.883587,24.45612,21.01365,18.176016,17.044477,12.389061,12.980402,12.900466,9.401846,8.98513,4.788795,6.468735,6.8953443,9.1257305,12.087757
10,33.392986,30.729334,27.197678,24.000055,21.865927,18.736914,16.352907,11.7041645,8.17708,5.213236,0.0,4.168167,8.463507,9.386388,12.930476,12.268829,17.48028,16.996738,22.22748,23.044743,25.891943,29.284546,31.217876,28.278296,33.11193,31.027729,30.77742,27.848747,21.580475,20.60551,17.096476,17.526134,13.344918,12.31067,14.696925,13.607704,17.861809,19.186941,17.361559,17.291042,18.70432,20.574184,18.106468,21.569696,26.024958,26.565105,30.382553,33.19686,35.144638,35.680977,33.438446,37.48411,37.125553,36.04869,32.116184,32.703564,27.382769,27.87442,25.961987,26.141945,23.030874,27.899132,26.192938,27.4732,31.581514,28.771904,32.736053,31.037252,35.489586,32.056072,27.655392,27.996447,23.43204,26.361979,20.898947,20.665321,19.651041,16.72318,16.315918,16.228828,13.299691,12.262114,7.3799996,9.578626,12.968697,13.565118,17.807047,22.096622,24.304266,28.394451,30.867022,35.150436,36.354362,33.499992,34.346004,31.247189,28.573849,27.068218,22.933325,20.774813,18.678213,14.448894,14.722143,13.827894,11.4746275,11.955215,9.1332245,10.553892,11.919054,13.118889,16.533632
11,34.350742,31.719805,28.559824,24.836203,23.142645,20.007292,17.882187,13.593828,9.883554,8.085175,4.168167,0.0,4.364764,5.914358,9.629375,10.157769,15.182896,15.777011,20.556671,22.207304,25.141998,28.042875,30.597744,28.252106,33.114426,31.139729,31.64332,28.959785,22.759113,22.367495,18.985203,19.952276,16.99529,15.595361,18.572414,17.514545,21.572636,23.041624,20.802433,20.263182,22.246931,23.461079,21.171331,23.976427,28.126806,28.367836,32.223026,34.77008,36.890373,37.737614,35.74385,39.88844,39.90433,38.914333,34.802135,35.583687,30.195168,30.56641,28.992401,29.489239,26.266169,31.14524,28.996437,30.277208,33.852673,30.929731,34.78414,32.64108,36.87743,32.996334,28.524664,29.024694,24.727884,27.153355,22.188776,21.072697,20.272453,17.74991,17.077026,17.556007,13.987646,12.61032,9.129677,10.507279,14.349597,13.582078,18.84286,22.121748,24.563433,28.441532,30.920284,35.250244,36.352657,33.046303,33.459045,30.374098,27.32162,26.451344,21.785288,20.28646,17.064106,13.538603,13.065701,11.584248,10.445964,11.584905,10.576431,12.331196,14.670215,16.255255,19.853848
12,34.806335,32.23588,29.539822,25.352001,24.154509,21.156628,19.35765,15.701886,12.16609,11.4628315,8.463507,4.364764,0.0,3.8366647,6.4185696,8.856728,12.99231,14.805647,18.912249,21.32707,24.363708,26.619997,29.837257,28.104662,32.819656,30.913673,32.18324,29.858086,23.796011,24.076601,20.846333,22.462389,20.620138,19.216255,22.550217,21.72011,25.656017,27.071482,24.49295,23.450146,25.728289,26.265326,24.101252,26.163261,29.994244,29.86226,33.71717,35.92755,38.232365,39.41534,37.738678,41.980812,42.413647,41.59288,37.384804,38.453373,33.05411,33.42571,32.24982,32.903175,29.568491,34.2842,31.679722,32.852234,35.85867,32.775333,36.454784,33.87597,37.868046,33.56821,29.134048,29.9026,25.983171,28.011248,23.765572,21.864145,21.514023,19.570107,18.887863,19.967825,16.161032,14.343992,12.20382,12.569902,16.295115,14.251594,20.053883,22.130407,24.651121,28.218054,30.588516,34.94055,35.848095,32.09327,32.057564,29.007431,25.649626,25.429266,20.34556,19.604332,15.282699,12.827661,11.555646,9.595252,10.160015,11.73122,12.681528,14.407027,17.452599,19.330631,23.003159
13,35.541855,32.62053,30.273624,25.853048,24.336803,22.099796,19.321745,16.833109,12.356825,12.611864,9.386388,5.914358,3.8366647,0.0,5.073747,5.8725495,10.458387,12.2382765,15.9725065,18.68742,21.344723,23.745594,26.776562,25.301846,30.289745,28.799225,30.231203,27.725172,22.289646,22.317142,19.726103,20.736443,20.13006,17.947899,21.93365,21.313015,24.82647,26.278927,23.153187,21.719563,24.849657,24.910303,23.363008,25.31818,28.470417,28.652956,32.272068,34.54019,36.653984,37.815426,36.073853,40.17541,40.731537,39.75281,35.32695,36.354614,30.972105,31.118591,30.24636,31.295853,27.946617,32.82476,30.00035,31.505993,34.085705,31.42593,35.0778,32.411278,36.057293,31.744904,27.19661,27.480156,23.698038,25.031404,20.917276,18.626163,18.182354,16.51256,15.806963,17.317532,13.583873,11.361969,10.490704,10.22176,14.014493,11.586213,17.827908,19.711966,22.625898,26.045658,28.76625,32.80369,34.168514,30.635614,30.487192,27.77588,24.12043,24.39925,19.265848,18.789753,14.971413,12.676338,12.711354,11.686638,12.445435,13.114129,14.549249,14.553145,18.15967,19.21127,23.255587
14,32.961575,30.094637,28.350998,23.525934,22.567286,20.712875,18.352682,16.931553,13.077179,14.59356,12.930476,9.629375,6.4185696,5.073747,0.0,4.9804006,6.9477,9.848951,13.130476,16.054138,19.157343,20.78424,24.528566,23.387964,27.840082,26.129929,28.267666,26.383467,20.956493,22.02264,19.450779,21.7324,22.240726,20.925499,24.846601,24.91149,28.47493,29.411934,26.100075,23.966665,26.712246,25.884043,24.262907,25.093853,27.998013,27.528276,31.154089,32.926712,35.31882,36.905476,35.6723,39.935635,41.03458,40.48897,36.203655,37.824387,32.547398,33.07459,32.755463,33.50158,30.009901,34.21944,30.833937,31.88095,33.815224,30.747162,34.09562,30.971577,34.426483,29.71001,25.384365,26.357683,23.104973,24.611351,21.6625,18.910759,19.646246,18.818039,18.815678,20.930939,17.627592,14.663393,14.1083355,12.567434,15.286557,11.648592,17.480534,17.818352,20.410528,23.478325,25.819723,29.998579,30.906292,26.925028,26.464487,23.687065,19.942553,20.602386,15.230034,15.465767,10.781545,9.851509,9.612896,9.167949,11.325457,11.679232,15.139288,14.732735,18.902445,20.343298,24.247616
15,32.63504,29.333567,27.679417,22.934372,21.263908,20.249022,16.552431,16.285944,11.474271,13.802515,12.268829,10.157769,8.856728,5.8725495,4.9804006,0.0,5.4886255,6.405445,10.4362955,12.81869,15.559401,18.068972,21.023022,19.52311,24.450678,23.084724,24.820711,22.474688,17.59084,18.021006,16.115509,17.525692,19.171793,17.305984,21.64847,22.083078,25.186008,25.97919,22.24596,19.735714,23.130085,21.933052,20.948286,21.90501,24.20281,24.276037,27.657413,29.708336,31.79264,33.1673,31.696342,35.78877,36.823605,36.075226,31.636795,33.171307,27.928577,28.33884,28.252245,29.21379,25.742111,30.043034,26.57253,27.97317,29.719831,27.158867,30.583633,27.608908,30.875309,26.394068,21.866163,22.169764,18.783266,19.92496,16.748842,13.993941,14.733188,14.086989,14.485615,16.926355,14.201434,10.668958,10.900758,8.445134,10.788122,6.9456825,13.148054,14.048365,17.100657,20.325638,23.182606,27.049046,28.620684,25.271418,25.124731,22.689049,18.932642,19.495134,14.518596,14.298483,11.537166,9.68849,11.703756,12.396654,13.323208,12.551189,15.39879,13.011938,17.44426,17.790617,21.992636
16,31.953638,28.61313,27.892603,22.766205,21.64604,21.480783,18.041443,19.240646,15.161743,18.267544,17.48028,15.182896,12.99231,10.458387,6.9477,5.4886255,0.0,4.670288,6.2354927,9.645837,12.536496,13.843647,17.764738,17.180767,21.526997,20.3227,23.196274,21.598448,17.554157,19.047451,17.776276,20.043695,23.15574,21.758574,26.071415,26.994452,29.90455,30.344908,26.387093,23.261822,26.563322,24.359537,23.680166,23.38021,24.842785,24.366583,27.460808,28.891424,31.122902,32.96073,32.067455,36.149445,37.84349,37.46245,33.131554,35.19737,30.231777,30.836391,31.44864,32.3496,28.868326,32.488564,28.44527,29.524565,30.2168,27.56809,30.515135,27.004692,29.67182,24.751791,20.558546,21.320702,18.93761,19.543095,18.19014,14.7035055,16.691004,17.225204,18.101156,21.056688,18.778242,15.046809,16.058191,12.996406,14.013021,9.3495455,14.183254,12.486472,15.324905,17.712904,20.322512,24.004316,25.36362,21.62045,20.871117,18.74654,14.545494,16.317675,11.182635,12.433832,9.50715,10.057956,12.259135,13.688728,15.690693,14.592864,18.896585,16.063683,20.764818,21.177624,25.155504
17,29.522472,25.878893,25.17981,20.250881,18.571737,19.163334,14.842962,17.253485,13.110172,16.939281,16.996738,15.777011,14.805647,12.2382765,9.848951,6.405445,4.670288,0.0,5.805969,6.533391,9.838143,12.42627,15.286722,13.567151,18.165756,16.78292,19.012428,17.112774,13.106857,14.443035,13.588296,15.820381,19.895788,18.862577,23.031061,24.538761,27.173525,27.163502,23.112827,19.58583,22.734173,20.04758,19.683067,19.105923,20.224909,19.9442,22.955921,24.575865,26.682583,28.399164,27.415468,31.493668,33.17955,32.854946,28.598997,30.84624,25.970362,26.836193,27.685877,28.329132,24.85334,28.105278,23.920153,24.954782,25.550303,23.002127,25.994684,22.59687,25.352823,20.611895,16.235897,16.876795,14.29741,15.454603,14.156925,11.154074,13.858938,14.624626,16.309172,19.297678,17.813017,13.7747345,14.521417,10.823675,10.499071,5.8973165,9.616919,8.144685,11.171306,14.044503,16.962341,20.69227,22.390745,19.263952,19.189295,17.107824,13.394606,14.217322,9.856509,10.0554905,9.6300535,9.007142,12.838274,15.061936,15.963988,13.982012,17.834435,13.541554,18.214342,17.921427,21.83895
18,32.903957,29.220684,29.34979,24.315039,22.977688,24.20448,20.016088,22.96584,18.913921,22.648636,22.22748,20.556671,18.912249,15.9725065,13.130476,10.4362955,6.2354927,5.805969,0.0,5.261927,6.82021,7.828506,11.718052,12.100041,16.416882,16.183939,19.729301,18.365492,16.470913,17.984846,18.291143,19.965818,25.12724,23.545406,27.987892,29.471933,31.675766,31.765354,27.403357,23.64225,27.423433,24.170868,24.5154,23.390715,23.232801,22.985601,25.300127,26.426905,28.299297,30.253193,29.624836,33.34061,35.524334,35.203815,30.875154,33.21546,28.719194,29.26862,30.732044,31.861084,28.559126,31.610128,27.148932,28.363287,27.792908,25.87159,28.336077,24.636017,26.286085,21.404291,17.515366,17.644783,16.445635,15.585976,16.187218,12.172573,15.232982,17.107685,18.636547,22.040194,20.809496,16.955214,19.12769,15.464247,14.985624,10.622608,13.308444,9.486458,12.508482,13.739978,16.779388,19.499285,21.648724,18.577484,17.575033,16.556887,12.215795,15.156235,11.367478,13.241248,12.857397,13.9629965,17.24833,19.342821,21.022457,19.265608,23.51631,19.299097,23.947683,23.417004,27.268736
19,29.316845,25.417583,25.892633,21.143175,19.555204,21.766891,17.229511,21.562538,18.098795,22.405214,23.044743,22.207304,21.32707,18.68742,16.054138,12.81869,9.645837,6.533391,5.261927,0.0,4.2380013,6.796871,9.188891,7.7527947,11.9191065,11.18914,14.476961,13.2973995,11.993647,13.96526,14.926958,17.072763,23.19224,22.482271,26.432512,28.611822,30.603941,30.054756,25.799057,21.629395,24.728386,20.762213,21.361893,19.378756,18.581448,18.144718,20.224503,21.21184,23.08262,25.135782,24.739025,28.501106,30.935347,30.957472,26.936674,29.76291,25.556362,26.63433,28.486427,29.063799,25.824133,27.994688,23.266453,24.07582,23.029428,21.015512,23.251019,19.466482,21.051416,16.14786,12.2893,12.838194,12.098032,12.164776,13.847211,10.80939,14.951929,17.06958,19.445858,22.706842,22.21849,18.21592,19.68979,15.711566,13.809935,10.25695,10.163989,4.723456,7.3615794,8.606598,11.884947,14.789454,17.113026,14.645827,14.4467945,13.5017185,10.007323,11.846053,9.558842,10.637857,12.818007,13.494673,17.707226,20.507805,21.433842,18.972208,23.039402,17.834356,22.175777,21.194304,24.632847
20,32.61595,28.618544,29.338049,24.812864,23.030767,25.580835,20.713053,25.203848,21.453138,25.632719,25.891943,25.141998,24.363708,21.344723,19.157343,15.559401,12.536496,9.838143,6.82021,4.2380013,0.0,4.80911,5.4873867,5.61776,10.35341,11.306268,14.7147255,13.386995,14.250805,15.423216,17.461205,18.377657,25.315216,23.981565,28.107306,30.29395,31.741344,31.248077,26.761002,22.484583,26.242346,22.00538,23.399433,21.491953,19.572845,19.745232,21.074427,22.034096,23.358908,25.246838,24.802265,28.069407,30.646822,30.44075,26.302109,28.991146,25.15846,25.873234,28.196695,29.23912,26.24553,28.364866,23.623785,24.857958,23.037569,22.008717,23.940514,20.331434,20.957588,16.49325,13.033215,12.166926,12.441167,10.282179,13.385349,10.0021515,14.203557,17.08241,19.487032,22.889193,22.938286,19.171707,21.581226,17.651628,15.515427,12.527655,11.882787,6.7252216,9.270691,9.159976,12.84315,14.273874,17.62851,16.118536,15.699554,15.804717,12.552873,15.022823,13.501088,14.695404,16.991022,17.610777,21.821445,24.479002,25.402296,22.984644,26.72601,21.259258,25.461643,23.922855,27.368507
21,33.650867,29.855654,31.18363,26.497194,25.339405,27.963934,23.738155,28.262121,24.826866,29.041916,29.284546,28.042875,26.619997,23.745594,20.78424,18.068972,13.843647,12.42627,7.828506,6.796871,4.80911,0.0,5.474749,8.4105215,10.761601,12.027951,16.74537,16.535557,17.632896,19.581266,21.327131,22.948666,29.674475,28.531265,32.66079,34.78837,36.416107,35.951122,31.497538,27.235668,30.77491,26.445162,27.601171,25.21566,23.257545,22.826765,23.97894,24.25628,25.745075,28.01504,28.12626,31.299438,34.281216,34.374096,30.474983,33.36748,29.754314,30.515806,32.96164,33.95749,30.978514,32.82336,27.979155,28.881739,26.578545,25.338745,26.803482,22.894276,22.963322,18.288582,15.654534,15.608862,16.653456,14.551537,18.182268,14.692274,18.670395,21.560387,23.692646,27.179642,26.894588,23.124878,25.576815,21.675724,19.927061,16.445042,16.276545,10.443455,11.959037,10.566568,13.22355,14.111843,16.910822,14.908939,13.454204,14.316132,10.858764,14.842977,13.6767,16.00882,17.759047,19.571058,23.247334,25.893831,27.44765,25.208271,29.631332,24.614143,28.957275,27.887213,31.236027
22,34.846657,30.846369,32.261612,28.069813,26.404495,29.646605,24.852587,29.974997,26.51334,30.792936,31.217876,30.597744,29.837257,26.776562,24.528566,21.023022,17.764738,15.286722,11.718052,9.188891,5.4873867,5.474749,0.0,5.3429966,7.6133447,10.605559,14.407307,13.928986,17.215302,18.354067,21.2552,21.825098,29.46095,28.217285,32.129585,34.576878,35.56392,34.819458,30.33411,25.924503,29.600105,24.86204,26.845062,24.344107,21.148643,21.385727,21.679317,22.04975,22.85867,24.82107,24.853788,27.480158,30.567816,30.548689,26.762959,29.672018,26.648315,27.340176,30.323433,31.41057,28.77545,30.10557,25.298958,26.428402,23.320435,23.115097,24.232853,20.712006,19.890862,16.008497,13.844646,12.404006,14.546447,11.092759,16.225988,13.492831,17.59339,20.949522,23.468857,26.820576,27.406916,23.862297,26.566994,22.680466,20.1394,17.717415,15.938123,10.671939,11.808835,9.679998,12.767525,12.0897045,16.245798,16.010544,15.408325,16.863415,14.487407,17.330994,17.226973,18.648857,21.611055,22.611431,26.841394,29.652418,30.601973,28.049112,31.818596,26.094322,30.0534,28.200867,31.312262
23,30.919355,26.791285,27.897509,24.017855,21.961718,25.461546,20.42475,25.95794,22.841639,27.238491,28.278296,28.252106,28.104662,25.301846,23.387964,19.52311,17.180767,13.567151,12.100041,7.7527947,5.61776,8.4105215,5.3429966,0.0,5.867955,7.451202,9.891823,8.736826,12.196429,13.223042,16.417841,17.14076,24.953453,24.351683,27.830902,30.634747,31.640211,30.514765,26.240067,21.718409,24.7739,19.8305,21.8168,19.101206,15.822648,16.156525,16.600206,17.368114,18.282505,20.144848,19.967886,22.98049,25.921087,26.044626,22.32979,25.525679,22.347498,23.545702,26.434715,26.971846,24.269419,25.224459,20.314577,21.20463,18.371052,17.866844,19.25735,15.791859,15.687636,11.688988,8.829838,7.338288,9.39908,7.486886,12.6205,11.024746,15.574671,18.549585,21.549364,24.631672,25.467505,21.834517,23.710632,19.807976,16.58838,14.902258,11.584246,6.7177033,7.3248167,5.928902,9.772062,10.14809,14.364298,14.497072,15.099854,15.700472,13.949377,15.056976,15.379816,15.680901,19.70087,19.868528,24.508833,27.543098,27.824587,24.962894,28.241613,22.120422,25.714241,23.597048,26.436033
24,29.824116,25.868065,27.988758,24.56062,23.037443,27.29225,22.963928,29.19203,26.904469,31.48988,33.11193,33.114426,32.819656,30.289745,27.840082,24.450678,21.526997,18.165756,16.416882,11.9191065,10.35341,10.761601,7.6133447,5.867955,0.0,4.529774,8.092933,9.544431,14.47398,16.426783,19.637144,21.221302,29.006582,29.21709,32.194378,35.343033,36.324696,34.774334,30.794312,26.233463,28.352682,23.019268,24.915838,21.10537,17.105776,16.557705,16.026537,15.482522,16.318718,18.741907,19.70462,22.345646,26.064106,26.957527,24.119469,27.898207,25.529905,27.184017,30.423271,30.409748,27.96112,27.677738,22.72323,22.746834,18.6982,18.143154,18.31081,14.654014,13.043626,9.261804,8.928248,9.116971,12.854785,12.032139,17.755527,16.786074,21.309805,24.242208,27.336082,30.332256,31.235653,27.565546,29.055025,25.139532,21.733973,20.1103,16.174496,11.037944,9.515878,5.6515117,7.134123,4.837227,9.718305,11.432507,12.316409,14.080746,13.877125,14.776606,16.967674,17.530575,22.283192,23.134932,27.59999,30.921156,31.278946,28.252996,31.86765,25.803226,29.082323,27.167887,29.392693
25,25.329184,21.37392,23.571327,20.170845,18.854406,23.269352,19.39252,25.849981,24.191557,28.857845,31.027729,31.139729,30.913673,28.799225,26.129929,23.084724,20.3227,16.78292,16.183939,11.18914,11.306268,12.027951,10.605559,7.451202,4.529774,0.0,5.6777105,8.112304,11.4259405,14.406085,16.888367,19.696003,26.862345,27.871746,30.498152,33.776245,35.176754,33.433025,29.74115,25.242758,26.502665,21.251925,22.456045,18.150938,14.948214,13.435435,13.570181,12.791782,14.502789,17.31448,18.502995,21.817673,25.448223,26.716892,24.100313,28.12518,25.429136,27.548124,30.383781,29.79238,27.139887,26.641924,21.642834,21.01774,17.631622,15.774989,16.107746,11.97884,11.647986,6.6915855,6.183302,8.968564,11.831796,13.343062,17.930529,17.315912,21.938492,24.34399,27.50896,30.364693,30.95253,27.13274,27.783266,23.90377,20.484983,18.842627,14.6498575,9.601354,6.740105,2.7895784,2.781609,4.1265674,7.1563725,8.191667,10.08857,10.887963,11.450461,10.9546585,13.892877,13.972962,19.315117,20.133821,24.515377,28.000687,28.162718,25.022814,28.72477,22.837029,25.93259,24.423561,26.367693
26,24.04306,19.982725,21.770658,19.328682,17.327435,22.165749,18.03914,24.817064,23.62267,28.115704,30.77742,31.64332,32.18324,30.231203,28.267666,24.820711,23.196274,19.012428,19.729301,14.476961,14.7147255,16.74537,14.407307,9.891823,8.092933,5.6777105,0.0,4.3323627,9.486934,11.600589,14.747922,17.034616,24.242311,25.872602,27.748539,31.414686,32.435448,30.205957,26.928486,22.548721,22.937761,17.47432,19.05316,14.396768,10.126106,8.906257,8.085935,7.6659613,9.0799,11.7261505,12.885255,16.352926,19.95275,21.494753,19.356998,23.670483,21.426147,24.03048,26.91436,25.71772,23.362818,21.895231,17.034264,15.934571,12.172392,10.445985,10.52065,6.599282,6.6510754,1.9036974,3.1345346,6.355658,9.459215,12.601777,16.653225,17.554146,21.824184,23.857086,27.281155,29.67568,30.80452,27.261616,27.341064,23.765512,19.778698,19.44057,13.832732,11.112796,7.9181924,6.570904,6.5999613,7.3225713,9.818532,12.185458,14.977377,15.097231,16.14137,14.035801,17.048063,15.768947,21.73938,21.420586,26.034733,29.529129,28.865168,25.512693,28.201756,21.964397,24.221577,22.097797,23.394941
27,25.855442,21.675468,22.501524,19.891413,17.214336,21.535158,16.577927,22.970915,21.17232,25.500107,27.848747,28.959785,29.858086,27.725172,26.383467,22.474688,21.598448,17.112774,18.365492,13.2973995,13.386995,16.535557,13.928986,8.736826,9.544431,8.112304,4.3323627,0.0,7.492067,8.065583,12.049675,13.153396,20.849174,21.99056,24.035555,27.639614,28.443396,26.340805,22.875446,18.4412,19.410183,13.907009,16.029778,12.210069,7.621922,8.119743,7.9625206,9.501008,10.335746,11.956236,11.695772,15.373406,18.289812,19.114433,16.220627,20.236925,17.515228,19.961506,22.770298,21.852985,19.3934,18.571232,13.574536,13.304707,10.262928,9.195177,10.640703,7.5283804,8.808853,5.8827024,2.968795,2.7730086,5.295702,9.052001,12.491548,13.936303,17.946764,19.86395,23.342276,25.601265,26.977995,23.608156,23.817667,20.358315,16.17912,16.451189,10.421751,9.173124,7.1151586,7.5593076,9.511465,10.702191,13.818332,15.355873,17.78681,17.482037,17.534039,15.639071,17.389452,15.714612,21.30794,20.216455,25.057917,28.344227,27.412508,24.110912,26.22861,19.70689,21.976576,19.306852,20.969267
28,21.589338,17.434502,17.051554,13.807328,10.753955,14.377791,9.161104,15.581108,14.211875,18.652168,21.580475,22.759113,23.796011,22.289646,20.956493,17.59084,17.554157,13.106857,16.470913,11.993647,14.250805,17.632896,17.215302,12.196429,14.47398,11.4259405,9.486934,7.492067,0.0,4.755272,5.552133,9.8941345,15.759043,17.868116,19.790506,23.208048,25.084743,23.16843,20.000385,15.893885,15.948328,11.3744955,11.3923,7.712431,7.8944573,6.8429,10.199372,12.259913,14.480111,16.039545,15.306412,19.815287,21.689901,22.38194,19.311527,22.780478,18.832287,21.392326,22.873795,21.538328,18.416166,18.769924,14.151511,13.484717,13.850136,10.144615,13.171847,10.132512,14.2124815,10.545506,6.5460596,9.138391,6.514823,12.6394005,12.583669,13.743924,17.314262,18.040852,21.223324,23.258184,23.708433,20.167402,18.978115,15.694564,11.983374,12.0975275,6.717953,7.6399217,5.999232,9.654097,11.298713,15.130818,16.460571,15.772895,18.162222,16.18503,15.801961,12.636724,13.129723,10.170348,15.563719,13.582676,18.302523,21.544258,20.20919,16.848846,18.888346,12.515792,14.936156,13.049252,15.027529
29,25.170359,21.112791,20.048014,17.390768,13.8409395,16.720306,10.935614,16.264555,14.182067,18.097513,20.60551,22.367495,24.076601,22.317142,22.02264,18.021006,19.047451,14.443035,17.984846,13.96526,15.423216,19.581266,18.354067,13.223042,16.426783,14.406085,11.600589,8.065583,4.755272,0.0,4.872785,5.6214147,12.836956,14.377961,16.25479,19.828133,21.11902,19.13013,15.783993,11.529401,12.170529,7.253451,8.636387,6.7485228,6.3050923,8.004248,10.650591,13.795309,15.064663,15.652771,13.771679,18.002275,19.11294,19.084524,15.498881,18.521288,14.248549,16.729866,18.119522,16.934744,13.787121,14.680904,10.104846,10.535965,11.85642,9.527092,13.216104,11.400823,15.240711,12.792659,8.860994,8.75187,4.4827704,10.7874,9.178873,11.718644,14.519648,14.94686,18.271584,19.929014,21.038424,17.919504,16.873339,13.9487505,9.699658,11.514653,5.3013744,9.364651,9.200419,12.62072,14.984642,17.92167,20.126389,20.03191,22.30542,20.639536,19.833517,17.219248,17.073431,14.191355,18.772713,15.993026,20.703806,23.537489,21.775158,18.612513,19.422976,12.806578,14.68492,11.507983,13.697839
30,22.734568,18.919413,16.968615,14.118168,10.4625,12.302852,6.3674307,11.412981,9.90502,13.883367,17.096476,18.985203,20.846333,19.726103,19.450779,16.115509,17.776276,13.588296,18.291143,14.926958,17.461205,21.327131,21.2552,16.417841,19.637144,16.888367,14.747922,12.049675,5.552133,4.872785,0.0,6.5222845,10.362233,13.109276,14.639692,17.986765,20.250154,18.424387,15.600515,12.051283,11.4627695,8.2609415,6.8412957,5.796163,9.37672,9.527041,13.312136,16.142586,18.07307,18.846182,17.184843,21.644243,22.392717,22.515644,19.244425,21.91454,17.3419,19.77325,20.196974,18.668468,15.311432,16.760977,13.002396,12.809071,15.561726,11.983961,15.800388,13.958527,18.595633,15.726498,11.864263,13.156653,9.002438,14.97178,12.240299,14.072375,16.373905,15.903702,18.76017,20.154945,20.433779,17.30152,14.926656,12.375694,9.004559,10.611279,6.495739,10.948634,10.868083,14.8973255,16.765272,20.654612,21.92451,20.848928,23.0585,20.599987,19.733763,16.504763,15.6633835,12.144015,16.055897,12.563872,16.893356,19.594908,17.397678,14.228566,14.721035,8.189951,10.011997,7.5663548,10.088226
31,28.79291,24.982946,22.929886,20.54975,16.788778,18.226711,12.446222,15.574677,12.768594,15.623263,17.526134,19.952276,22.462389,20.736443,21.7324,17.525692,20.043695,15.820381,19.965818,17.072763,18.377657,22.948666,21.825098,17.14076,21.221302,19.696003,17.034616,13.153396,9.8941345,5.6214147,6.5222845,0.0,8.423861,9.028658,11.018828,14.491849,15.553373,13.813615,10.21186,6.0070443,7.873795,4.7124877,6.5307894,8.776383,10.036467,12.662376,15.137006,18.693415,19.516144,19.340734,16.559862,20.264168,20.144928,19.132187,15.070231,16.768717,11.676087,13.588937,13.850199,13.023164,9.521655,12.569945,9.268323,11.205414,14.477989,13.202647,17.158817,16.323374,20.11308,18.248306,14.366047,13.12003,8.495099,12.796443,8.126041,11.555039,12.494669,11.659665,14.678494,15.560771,17.009382,14.594175,13.071037,11.104911,7.163204,11.019108,6.926388,13.057384,14.099665,17.699427,20.419146,23.258478,25.69164,25.359846,27.393372,25.540258,24.179031,21.856632,20.675463,17.718847,21.018929,17.339994,21.612457,23.7841,21.53263,18.8291,18.150469,12.025374,13.223031,9.117552,11.859079
32,29.390518,26.298845,22.757082,21.202614,17.651371,16.800484,12.722598,12.000115,10.480886,10.82088,13.344918,16.99529,20.620138,20.13006,22.240726,19.171793,23.15574,19.895788,25.12724,23.19224,25.315216,29.674475,29.46095,24.953453,29.006582,26.862345,24.242311,20.849174,15.759043,12.836956,10.362233,8.423861,0.0,6.0611763,4.7384696,8.126353,10.845356,9.230349,8.007506,7.7429385,5.4935327,8.800421,6.394584,11.7905445,16.123444,17.84558,20.959723,24.450342,25.601315,25.169987,22.30604,25.926313,24.754541,23.673326,20.443663,21.079105,16.242893,17.832142,15.899271,14.2776985,11.288032,15.058146,14.245129,15.349825,20.630592,18.519758,22.535496,22.312874,26.9153,25.191383,21.520731,21.274124,16.638062,21.064426,15.581125,18.325502,17.908484,15.400473,17.031616,16.484095,16.99557,15.760306,11.594158,12.055729,10.792317,14.759191,13.607509,19.768862,20.756989,24.782614,27.020205,30.575361,32.192627,31.18444,33.253925,30.64784,29.314566,26.371496,24.519587,21.076393,22.94473,18.326963,21.18156,22.409178,19.082544,17.1696,13.868877,10.195461,8.726061,4.870208,7.0346828
33,34.362064,31.014523,27.859701,25.548983,22.053595,21.296158,16.575783,15.721488,12.194131,12.250603,12.31067,15.595361,19.216255,17.947899,20.925499,17.305984,21.758574,18.862577,23.545406,22.482271,23.981565,28.531265,28.217285,24.351683,29.21709,27.871746,25.872602,21.99056,17.868116,14.377961,13.109276,9.028658,6.0611763,0.0,5.127912,6.3644776,8.355437,8.714284,5.299528,5.5240335,8.780693,11.282257,11.016783,15.921947,18.773443,21.15346,23.91403,27.506676,28.357826,27.896029,24.766678,28.023842,26.869566,25.041185,20.991447,20.815813,15.61345,15.89463,13.690824,14.025305,11.049699,16.739655,15.8596945,18.308123,22.747263,21.691864,25.71115,25.182182,29.12761,27.15219,23.043703,21.659851,16.988789,19.602743,13.206572,15.512155,13.736071,10.560456,11.549261,10.52483,11.422013,10.89555,7.7419353,9.005535,8.712586,13.058393,13.431001,19.669834,21.669903,25.549097,28.497747,31.664124,34.01819,32.928688,34.532066,32.260307,30.167381,28.256512,25.677866,22.882307,24.01749,19.599365,22.5473,23.406113,20.740025,19.226002,16.494093,12.91482,13.170077,9.898881,13.018275
34,33.943424,30.908743,27.29206,25.922071,22.36813,21.387684,17.44212,16.110523,14.20506,13.509655,14.696925,18.572414,22.550217,21.93365,24.846601,21.64847,26.071415,23.031061,27.987892,26.432512,28.107306,32.66079,32.129585,27.830902,32.194378,30.498152,27.748539,24.035555,19.790506,16.25479,14.639692,11.018828,4.7384696,5.127912,0.0,4.2363315,6.140422,4.955093,4.843659,7.3526454,6.4247856,11.148902,10.151365,15.7753725,19.281124,21.649197,24.30402,27.991787,28.713533,27.857279,24.578356,27.63954,25.829151,24.086004,20.801065,20.36215,15.7302475,16.53194,13.5919,12.525847,10.185912,15.085315,15.505412,17.413546,22.83893,21.693565,25.624893,25.829031,30.092947,28.765934,25.108683,24.074833,19.508038,22.97443,16.93937,19.920267,18.440962,15.4512415,16.460745,14.965733,16.03787,15.933025,12.180649,13.708314,13.065284,17.431236,16.77507,23.142096,24.500202,28.402178,30.930954,34.144627,36.16924,35.374817,37.362736,34.93009,33.36428,30.748398,28.692148,25.439896,26.985113,22.345715,25.002756,25.829681,22.55049,21.05658,17.252716,14.435542,12.9253025,9.55005,10.9803915
35,37.0938,34.19277,30.368217,28.815145,25.46242,23.8202,20.246605,17.704418,15.482851,13.66037,13.607704,17.514545,21.72011,21.313015,24.91149,22.083078,26.994452,24.538761,29.471933,28.611822,30.29395,34.78837,34.576878,30.634747,35.343033,33.776245,31.414686,27.639614,23.208048,19.828133,17.986765,14.491849,8.126353,6.3644776,4.2363315,0.0,4.637676,6.2503114,6.8719883,10.273302,10.645561,15.249855,14.170137,19.742088,23.337576,25.631424,28.397518,32.058697,32.839027,32.029377,28.7241,31.702354,29.790777,27.812004,24.409555,23.486305,18.921099,19.041056,15.623555,15.418914,13.482515,18.848017,19.493544,21.60965,26.93007,25.848623,29.806879,29.860443,34.090145,32.52833,28.663511,27.509724,22.868074,25.753181,19.369589,21.8079,19.623499,16.163862,16.25725,14.10756,14.687939,15.517383,11.647813,14.285355,14.871416,18.914566,19.532324,25.801018,27.554966,31.52538,34.22604,37.53936,39.617935,38.499622,40.24885,37.7216,35.804054,33.505405,30.904531,27.866344,28.567417,23.88327,25.97926,26.232935,23.030163,22.126652,17.869638,16.302235,14.91696,12.470999,14.12351
