,0,1,2,3,4,5,6,7,8,9,10,11,12,13,14,15,16,17,18,19,20,21,22,23,24,25,26,27,28,29,30,31,32,33,34,35,36,37,38,39,40,41,42,43,44,45,46,47,48,49,50,51,52,53,54,55,56,57,58,59,60,61,62,63,64,65,66,67,68,69,70,71,72,73,74,75,76,77,78,79,80,81,82,83,84,85,86,87,88,89,90,91,92,93,94,95,96,97,98,99,100,101,102,103,104,105,106,107,108,109,110
0,0.0,4.420976,6.597249,9.843823,12.577668,15.046058,18.198982,22.084887,25.535063,28.407326,32.489807,35.08016,39.09311,42.294357,45.840645,45.261597,45.02242,41.311523,46.65448,43.740273,47.35857,46.961094,47.120735,48.052902,42.974106,40.259907,38.522797,37.826447,37.408226,36.70005,38.709663,38.022293,42.077057,39.82609,45.610565,42.664024,43.058506,40.08123,35.864536,35.138405,32.741905,30.211205,31.501032,27.542858,29.480734,29.27258,26.089136,27.975502,22.41926,25.286877,30.150232,31.014084,33.818275,35.489197,37.75867,40.938557,40.37026,43.721325,46.884445,48.567287,43.00767,45.12507,43.84186,42.726715,37.364178,36.955162,34.410496,31.093235,27.828426,24.62395,26.917702,21.913557,24.916904,20.835636,24.781391,23.089222,26.036438,28.266396,28.855364,32.38343,34.835953,35.360218,37.520035,34.909172,32.16251,32.850124,30.301933,27.134563,27.985144,24.958708,26.722263,23.742744,26.528784,27.756733,26.279266,22.984495,25.14439,21.951412,28.850605,27.481512,31.781893,31.91505,36.500107,39.792458,36.979794,34.05565,33.426315,29.529383,29.438322,25.945143,25.67773
1,4.420976,0.0,5.380795,6.3992267,9.1278105,12.622021,14.6677,19.098326,22.277328,25.48242,29.351042,32.129524,36.048088,39.30521,42.607815,42.099354,41.535503,37.71942,43.058754,39.944702,43.71354,43.0705,43.479824,44.32504,39.208344,36.36063,34.919014,34.07243,33.989033,33.091347,35.6095,35.09626,39.387188,37.32101,43.094208,40.466957,41.239277,38.63149,34.318645,33.195343,30.640608,27.8866,28.687876,24.578539,25.933218,25.357752,21.98482,23.68282,18.108011,20.920166,25.731384,26.645998,29.417425,31.187193,33.42748,36.541676,35.949467,39.30473,42.472748,44.19421,38.68427,40.81049,39.593838,38.621086,33.242535,32.947823,30.365128,27.135534,23.866251,20.486048,22.915094,17.96893,21.206991,17.492731,21.675686,20.683527,23.93252,26.50566,27.668982,30.939236,33.753334,33.77008,35.51443,32.71207,29.570284,30.456585,27.253849,24.213545,24.69867,21.65864,23.317295,20.370377,23.489183,24.657358,23.711805,20.394434,22.617464,19.291492,26.07703,24.97822,28.77642,29.309942,33.66884,36.99363,34.25243,31.375668,31.469572,27.690462,27.867981,24.763395,25.035473
2,6.597249,5.380795,0.0,5.334513,6.9427342,8.727519,12.609116,15.711897,19.435001,22.006577,26.14949,28.610601,32.681572,35.80082,39.45299,38.863556,38.85512,35.332104,40.77631,38.260128,41.880363,41.975777,42.212303,43.669575,38.795242,36.36752,34.266727,32.871593,32.328293,31.130278,33.146896,31.787113,36.018627,33.451626,39.32037,36.267864,36.70953,34.027416,29.66757,28.91972,26.254393,23.972748,25.060965,21.445732,23.536205,23.762424,20.980417,23.477392,18.3651,22.183796,26.702482,28.370329,30.972477,33.367985,35.049522,37.838017,36.87958,39.98902,43.26011,44.39379,38.8954,41.670956,40.705006,39.87291,34.419575,34.67792,32.589397,28.95328,25.792004,22.127815,23.426632,18.439161,20.378603,16.518717,19.48172,18.259014,20.556488,23.292742,23.695108,26.79208,29.723093,30.258232,31.95884,29.583136,26.647951,28.011406,25.323292,22.99609,24.157923,21.740135,24.291327,22.168192,25.570444,27.316458,26.357485,22.811014,24.434776,20.284317,26.990288,24.658686,28.92224,28.304823,32.582047,35.709538,32.488148,29.852596,29.289988,25.844486,26.7286,23.18256,23.891504
3,9.843823,6.3992267,5.334513,0.0,3.982781,6.8754025,8.418823,13.071246,15.998855,19.32846,23.193558,26.069914,29.891756,33.326675,36.607094,36.4981,36.035175,32.49466,38.077843,35.34317,39.34915,39.056095,39.895966,41.252144,36.334503,33.630245,32.175133,30.309961,30.46635,28.630814,31.72419,30.236332,35.01916,32.46202,38.37593,35.66032,36.57982,34.63825,30.096914,28.925516,25.716125,23.523716,23.457888,20.022219,20.790318,20.243517,16.931133,19.17849,13.449002,17.146482,21.977703,23.46324,26.314287,28.56411,29.98586,32.9201,32.20888,35.281452,38.7492,40.045235,34.845074,37.694828,36.936512,36.503357,31.069603,31.504417,29.180841,25.98095,22.86119,18.888855,20.580217,15.865093,18.133797,15.2520075,18.309402,18.517878,20.9982,24.300114,25.336285,27.875761,31.35269,31.299868,32.274467,29.755013,26.191334,28.045769,24.273975,22.37214,22.867046,20.506403,22.738226,20.627153,24.402496,25.817158,25.69569,22.32727,24.137516,20.118923,26.438742,24.710155,28.044634,28.1303,31.963037,35.099876,31.99198,29.500435,30.041136,26.85832,28.076952,25.125614,26.390394
4,12.577668,9.1278105,6.9427342,3.982781,0.0,5.3941994,6.4379697,10.162128,13.519643,16.585018,20.349686,23.095823,27.035604,30.210463,33.503113,33.01393,32.560577,28.926012,34.43199,31.760675,35.63208,35.55597,36.21886,37.764194,32.94791,30.466625,28.673882,26.693123,26.64774,24.878712,27.767355,26.401365,31.098978,28.731674,34.583042,32.044323,33.132553,31.20616,26.727343,25.295755,22.289526,19.74795,19.798216,16.093342,17.130318,16.937963,14.044916,16.668308,11.962224,16.322453,20.3706,22.58331,24.942923,27.83061,29.139265,31.583591,30.391253,33.36781,36.675995,37.607384,32.22057,35.311726,34.60008,34.11726,28.675377,29.429949,27.570173,24.01298,21.037588,17.023895,17.8127,13.170224,14.641894,11.826507,14.396448,14.867859,17.236526,20.683397,21.96555,24.331533,27.931301,27.62916,28.430742,25.877602,22.237236,24.225435,20.40984,18.830881,19.50714,17.531197,20.22258,18.758911,22.690586,24.48761,24.498346,21.082737,22.430483,18.00118,23.988611,21.740356,25.041,24.71825,28.392572,31.443653,28.214504,25.837263,26.470648,23.52263,25.144352,22.354233,24.097427
5,15.046058,12.622021,8.727519,6.8754025,5.3941994,0.0,5.912831,7.483565,11.075115,13.487846,17.725533,20.241724,24.206207,27.560839,31.232506,31.223074,31.450085,28.429165,34.1736,32.33304,36.21322,36.88732,37.711506,39.90421,35.43511,33.309216,31.20302,28.359041,28.123264,25.537392,28.29288,25.344156,30.28373,26.922253,32.97838,29.779457,30.444695,28.862965,24.172031,23.370386,19.609753,18.407625,18.04721,15.816004,17.071253,17.607946,15.372712,18.687145,14.235235,18.953457,22.962404,25.400627,27.890013,30.875566,31.396217,33.771214,32.61373,35.214046,38.795322,39.251015,34.299103,38.040047,37.724277,37.62681,32.275772,33.498466,31.850302,28.387947,25.596,21.483433,21.618834,17.435143,17.65269,15.384785,16.14165,16.840096,17.633,21.37155,21.542744,23.306984,27.221786,27.617472,28.057518,26.207775,22.73226,25.560873,22.186056,21.719688,22.854237,21.559422,24.678316,23.719103,27.702501,29.637594,29.703602,26.267324,27.380781,22.702349,28.426193,25.445202,28.853836,27.65674,31.016136,33.773453,30.113846,28.141356,28.254375,25.833838,28.110153,25.019032,27.01994
6,18.198982,14.6677,12.609116,8.418823,6.4379697,5.912831,0.0,6.1008673,7.8066864,11.661474,15.126937,18.265322,21.84336,25.455639,28.481873,28.840172,28.267454,25.047903,30.8444,28.543524,32.836784,32.900173,34.363945,36.305176,31.79691,29.368912,28.051975,24.832016,25.47515,22.322794,26.386143,23.820427,29.241528,26.33811,32.22521,29.772202,31.182617,30.390318,25.762384,24.217518,20.275269,18.750381,16.979155,14.705511,13.898841,13.195088,10.243745,13.295632,8.641012,13.445045,17.315615,19.81544,22.319702,25.347301,25.594917,27.923498,26.872854,29.44205,33.143814,33.760746,29.04503,32.814857,32.69421,32.98131,27.736137,29.171051,27.427948,24.450422,21.86806,17.651834,17.952438,14.483784,14.87519,14.084529,14.963232,17.300877,18.611942,22.625349,23.848711,25.10698,29.337626,28.816242,28.521736,26.354216,22.2384,25.30107,20.705976,20.611702,20.868214,19.716908,22.334791,21.55872,25.713654,27.302813,28.200602,25.091553,26.264492,21.948101,26.95422,24.777887,27.026497,26.742785,29.536507,32.280293,28.939018,27.118496,28.57858,26.41539,28.796944,26.497255,28.884119
7,22.084887,19.098326,15.711897,13.071246,10.162128,7.483565,6.1008673,0.0,4.5324774,6.449033,10.441151,13.049022,17.024841,20.31243,23.832552,23.874798,24.048588,21.25655,27.0969,25.715385,29.66856,30.790714,31.958178,34.685856,30.69211,28.98609,26.830767,22.923244,22.91829,19.313866,22.646732,18.786127,24.233435,20.707254,26.705368,23.900433,25.18174,24.66718,20.014011,18.619589,14.318531,13.571039,11.474553,10.535168,10.580869,11.673563,10.802798,14.700496,12.710361,17.65366,20.080551,23.442951,25.219458,28.93495,28.648544,30.186756,28.506,30.592562,34.105026,33.810505,29.204485,33.65005,33.810883,34.17474,29.143492,31.172474,30.227064,26.885862,24.67959,20.722454,19.43515,16.630096,14.94416,14.633574,13.079926,15.682472,15.283361,19.462315,20.024355,20.449448,24.965557,24.709518,23.90808,22.37391,18.47553,22.33368,18.414934,19.682898,20.64601,20.543427,23.889486,24.13673,28.20348,30.30096,31.091211,27.956638,28.467112,23.739515,28.10098,24.797703,27.182177,25.605635,27.929138,30.248192,26.459742,25.16468,26.11339,24.723188,27.92384,25.618942,28.530245
8,25.535063,22.277328,19.435001,15.998855,13.519643,11.075115,7.8066864,4.5324774,0.0,4.4509335,7.436265,10.704625,14.0873375,17.886059,20.946085,21.887224,21.73625,19.33177,25.294777,24.107967,28.402847,29.408947,31.283386,34.106644,30.367622,28.630346,27.088623,22.475723,23.194994,18.643568,23.04426,18.613892,24.499409,20.849545,26.60106,24.15107,25.808641,26.292278,21.792364,20.242794,15.552561,15.583394,11.853973,12.304629,10.159338,10.397572,9.787163,13.394706,12.111875,16.498829,18.457102,21.79022,23.555038,27.181444,26.165686,27.559828,26.061026,27.786318,31.528887,31.071842,27.112154,31.895666,32.468735,33.38458,28.631527,30.991816,30.05936,27.280401,25.375793,21.495607,20.212448,18.27345,16.46947,17.346336,15.5209055,19.039272,18.522703,22.70235,23.487951,23.280659,27.955917,27.375591,25.850534,24.499924,20.389189,24.612318,20.150156,22.052305,22.483047,22.674131,25.639421,26.073875,30.160639,31.980715,33.308743,30.417782,30.966423,26.525942,30.326502,27.474293,29.03223,27.882788,29.593702,31.708792,28.10076,27.145592,28.842161,27.834297,31.182476,29.294481,32.385662
9,28.407326,25.48242,22.006577,19.32846,16.585018,13.487846,11.661474,6.449033,4.4509335,0.0,4.430164,6.881115,10.718856,14.26482,17.885002,18.689602,19.387356,17.619164,23.473776,23.240852,27.132847,29.04312,30.655542,34.06232,30.806404,29.64682,27.530693,22.547966,22.72557,17.937914,21.532751,15.818247,21.630947,17.290525,23.05344,20.230497,21.727436,22.653967,18.251274,16.978785,11.925966,13.214477,8.977285,11.418794,10.088328,11.811581,12.712381,16.375275,16.263357,20.602745,21.866936,25.51921,26.856262,30.768791,29.504595,30.402622,28.55231,29.901865,33.425255,32.31905,28.566055,33.703312,34.44895,35.381664,30.85458,33.510406,33.057446,30.076723,28.38219,24.708073,22.651346,21.030436,18.255941,19.230154,16.129944,19.487934,17.767395,21.786346,21.947285,20.98852,25.73713,25.445625,23.488209,22.798637,19.089037,23.780035,20.08743,22.834528,23.733696,24.520494,27.845089,28.792326,32.765003,34.867855,36.05284,33.142914,33.332455,28.709011,32.141525,28.630825,30.302643,28.29695,29.646273,31.389835,27.532948,27.00855,28.231579,27.805382,31.60219,29.713444,33.033997
10,32.489807,29.351042,26.14949,23.193558,20.349686,17.725533,15.126937,10.441151,7.436265,4.430164,0.0,3.568257,6.737236,10.469227,13.655376,14.971548,15.4879055,14.289221,20.047987,20.341688,24.252312,26.399284,28.427998,32.09073,29.330374,28.469978,26.624212,21.066498,21.629267,16.158154,20.261553,14.058833,20.006193,15.832534,21.041178,18.886578,20.944656,22.878092,18.97431,17.355324,12.64093,14.292309,8.91763,12.605946,9.861398,11.418177,13.388075,16.495766,17.889841,21.618841,21.817438,25.643944,26.486895,30.544077,28.758364,29.067078,27.022486,27.867605,31.25463,29.630291,26.456068,31.923155,33.03338,34.33371,30.25168,33.285225,33.202213,30.550913,29.280535,25.92902,23.41859,22.72992,19.458956,21.385046,17.741302,21.69988,19.752382,23.546938,24.016579,22.390001,27.107143,26.353231,23.637495,23.202057,19.52404,24.429428,20.597439,24.085539,24.675285,25.974363,29.0786,30.485569,34.326916,36.350365,37.904102,35.249493,35.231064,30.842001,33.484962,30.148691,31.07255,29.151575,29.759535,31.140837,27.482931,27.431902,29.243685,29.370798,33.375816,31.990063,35.555786
11,35.08016,32.129524,28.610601,26.069914,23.095823,20.241724,18.265322,13.049022,10.704625,6.881115,3.568257,0.0,4.3080406,7.3878922,11.256301,12.391569,13.897904,13.561093,18.89885,20.155733,23.547953,26.464878,28.23005,32.320057,30.033829,29.658875,27.422045,21.744802,21.861092,16.440184,19.64259,12.444764,18.06254,13.361002,18.307108,15.975877,17.99545,20.54785,17.007116,15.619137,11.058675,13.759592,8.412762,13.424265,11.508779,13.8157425,16.395329,19.434078,21.29846,25.03122,24.878212,28.841118,29.40208,33.60208,31.719631,31.684385,29.414333,29.983234,33.113728,31.012266,28.060251,33.666927,34.879585,36.161808,32.313587,35.50691,35.763775,32.99829,31.881138,28.702765,25.757193,25.267797,21.507627,23.439842,19.149897,22.861582,20.179033,23.656616,23.7033,21.455288,26.059616,25.474117,22.36377,22.533224,19.34925,24.432049,21.320107,25.317976,26.19442,27.872316,31.148663,32.878403,36.599506,38.793995,40.245472,37.606457,37.343338,32.89335,35.22563,31.50103,32.45032,29.961664,30.23506,31.271818,27.52423,27.846527,29.312098,29.915966,34.17507,32.858597,36.544613
12,39.09311,36.048088,32.681572,29.891756,27.035604,24.206207,21.84336,17.024841,14.0873375,10.718856,6.737236,4.3080406,0.0,4.529531,7.6599264,10.558548,12.214233,13.263468,17.947313,20.022247,23.25882,26.3811,28.618216,32.872578,31.130512,30.983723,29.142107,23.144587,23.65472,17.902306,21.349775,14.050405,19.208311,14.763853,18.617407,16.913336,19.127234,22.666012,19.722988,18.434256,14.376842,17.37621,12.0226555,17.163069,14.552286,16.305183,19.093632,21.61322,24.015875,27.218058,26.537395,30.367134,30.703915,34.77225,32.350037,31.941393,29.745277,29.773825,32.816032,30.286835,28.20596,33.998444,35.5822,37.262585,33.861214,37.282036,37.705338,35.331955,34.493946,31.510857,28.507904,28.542604,24.742172,27.138859,22.802822,26.747759,24.03356,27.322401,27.422482,24.799107,29.244085,28.501827,24.92801,25.392847,22.406239,27.467617,24.35618,28.661304,29.282427,31.170425,34.212875,36.110798,39.755665,41.815018,43.53647,41.06284,40.754955,36.488243,38.397903,34.89291,35.33509,33.010204,32.767246,33.50372,29.995642,30.657858,32.47172,33.40557,37.72931,36.681095,40.454105
13,42.294357,39.30521,35.80082,33.326675,30.210463,27.560839,25.455639,20.31243,17.886059,14.26482,10.469227,7.3878922,4.529531,0.0,4.76025,6.742014,9.782217,12.048405,15.624907,18.837637,21.237316,25.192274,27.048056,31.699554,30.612143,31.07602,28.875784,22.931719,23.00785,17.607975,19.960419,12.399868,16.584814,12.399097,15.107702,14.03288,16.569365,20.839918,18.748577,17.40266,14.432251,17.583328,12.796395,18.294897,16.259413,18.518862,21.921991,24.2749,27.441761,30.61125,29.339891,33.391617,33.24885,37.55698,35.196194,34.275856,31.696682,31.458717,34.01287,30.934155,29.01794,34.817375,36.459698,38.04861,35.02258,38.608154,39.517876,37.04015,36.467697,33.806652,30.258,30.699024,26.38253,28.958437,24.06594,27.84121,24.640991,27.426016,27.438799,24.233982,28.335743,27.439669,23.386265,24.388641,22.007866,26.9792,24.598244,29.391384,30.170965,32.519394,35.618122,37.95953,41.377872,43.59687,45.2714,42.921093,42.278347,38.08788,39.396477,35.63312,35.86416,33.07593,32.28969,32.56102,29.159536,30.297943,31.975979,33.499043,38.003876,37.262115,41.171074
14,45.840645,42.607815,39.45299,36.607094,33.503113,31.232506,28.481873,23.832552,20.946085,17.885002,13.655376,11.256301,7.6599264,4.76025,0.0,6.004586,7.736985,11.412971,13.745619,17.508724,19.718426,23.53522,25.978628,30.569216,30.06085,30.711761,29.122183,23.05047,23.73545,18.235973,21.119286,14.659544,18.236103,15.3672,16.713438,17.029783,19.960245,24.54188,22.905773,21.23833,18.808605,21.338327,16.464796,21.4551,18.537294,20.088259,23.637001,25.335339,29.236942,31.77973,29.773947,33.69011,33.144382,37.334972,34.595615,33.15186,30.555017,29.771671,32.027744,28.515041,27.49903,33.312027,35.294395,37.25507,34.80986,38.583775,39.72583,37.71668,37.51307,35.18327,31.577288,32.687397,28.406185,31.559711,26.80132,30.943913,28.080524,30.73541,31.233755,27.977222,31.915531,30.521076,26.171062,27.045565,24.6473,29.37351,26.6979,31.629097,31.971811,34.499012,37.212208,39.747677,43.008038,45.025723,47.049866,44.96837,44.264637,40.401337,41.11327,37.804596,37.30976,34.97514,33.61859,33.628887,30.678848,32.083046,34.43898,36.181213,40.614082,40.30362,44.289665
15,45.261597,42.099354,38.863556,36.4981,33.01393,31.223074,28.840172,23.874798,21.887224,18.689602,14.971548,12.391569,10.558548,6.742014,6.004586,0.0,4.999569,8.461039,9.891495,14.30104,15.540926,20.299444,21.71035,26.66924,26.452118,27.686367,25.303162,19.624012,19.453701,14.783546,16.083225,10.0151825,12.536515,10.796282,11.250605,12.786032,16.403961,20.67322,19.676016,17.471468,16.46452,18.164602,14.264315,18.894943,16.947845,19.270693,23.368877,25.127604,29.643295,32.471718,30.103416,34.41369,33.425865,38.055435,35.977028,34.261597,31.07308,30.578955,32.289738,28.616796,26.716494,32.29748,33.931736,35.339317,32.970596,36.728233,38.36518,35.90625,35.850685,33.854492,29.618494,30.952152,26.133173,29.265907,24.024273,27.831915,24.686543,26.75717,27.469467,23.956282,27.500982,25.689436,21.082947,22.153397,20.303928,24.739656,22.860668,28.110825,28.717583,31.668396,34.516357,37.4951,40.459732,42.74457,44.52695,42.544792,41.443558,37.659115,37.79714,34.14817,33.622005,30.72718,28.998638,28.65544,25.754364,27.511805,29.679007,31.898335,36.40624,36.43205,40.494762
16,45.02242,41.535503,38.85512,36.035175,32.560577,31.450085,28.267454,24.048588,21.73625,19.387356,15.4879055,13.897904,12.214233,9.782217,7.736985,4.999569,0.0,4.8605185,6.0997906,10.026965,12.00198,16.002901,18.253202,22.89529,22.703268,23.795645,22.167904,16.301838,17.116886,12.134778,15.027421,11.1032505,14.007101,13.816769,14.442634,16.733555,20.634249,24.258955,22.957432,20.14919,19.114454,19.591274,15.387557,18.896896,15.743578,17.138742,21.28949,22.342003,27.614954,29.838009,26.762836,30.998837,29.604431,34.20804,32.100292,30.002142,26.67259,25.995115,27.46415,23.678453,21.964554,27.530394,29.31208,30.943918,28.916151,32.781548,34.550602,32.49287,32.74972,31.084541,26.876947,28.870466,24.253382,28.004978,23.211266,27.532654,25.211264,27.385096,28.979437,25.940039,29.541218,27.041782,22.559097,22.800114,20.389168,24.475899,21.679562,26.779238,26.75456,29.722914,32.082516,35.14743,37.966843,39.99181,42.14442,40.446335,39.37147,35.983078,35.623047,32.669907,31.368242,29.315487,27.26055,26.984894,24.572536,26.274603,29.479002,31.529526,35.77777,36.224716,40.29019
17,41.311523,37.71942,35.332104,32.49466,28.926012,28.429165,25.047903,21.25655,19.33177,17.619164,14.289221,13.561093,13.263468,12.048405,11.412971,8.461039,4.8605185,0.0,5.964989,6.8961744,10.187299,13.317791,15.430494,19.7784,18.757057,19.50609,17.745815,11.712792,12.777136,7.3838687,11.581412,9.231534,12.944947,13.477549,15.24453,17.339323,21.33358,23.897335,22.130445,18.798714,17.874441,17.041256,13.075192,15.315604,11.831583,13.060929,17.34774,18.26554,23.87468,26.121258,22.92156,27.341688,25.834871,30.659426,29.090483,27.130001,23.55761,23.425604,24.91818,21.627203,18.729876,24.201586,25.628754,26.926275,24.525167,28.312067,30.071415,27.788921,28.015089,26.428772,22.08751,24.218264,19.580832,23.517431,18.939423,23.449627,21.708815,23.961077,26.190826,23.696033,27.379526,24.472576,20.372208,19.80895,16.848118,20.741444,17.290117,22.227629,21.997412,24.945736,27.229584,30.327662,33.110275,35.14573,37.293224,35.636837,34.552166,31.255836,30.830013,28.063684,26.655312,24.914028,23.045925,23.11426,20.691597,22.10001,25.76812,27.51161,31.586458,32.153538,36.182426
18,46.65448,43.058754,40.77631,38.077843,34.43199,34.1736,30.8444,27.0969,25.294777,23.473776,20.047987,18.89885,17.947313,15.624907,13.745619,9.891495,6.0997906,5.964989,0.0,5.741791,6.022582,10.703513,12.538668,17.319069,17.95944,19.796848,18.21097,13.094905,13.93941,10.618571,12.589877,12.383407,13.478208,15.881911,15.310009,19.030008,23.20358,26.086021,25.325253,21.976805,22.17778,21.263365,18.14697,20.191437,17.333141,18.426662,22.668589,23.044127,29.160927,30.97116,27.072327,31.348234,29.203804,33.961834,32.38955,29.695604,25.861061,25.159538,25.661257,21.614233,19.576359,24.552387,26.142252,27.432596,26.108017,29.986807,32.42735,30.446585,31.214739,30.300095,25.668434,28.470964,23.757708,27.860338,23.259895,27.423594,25.606258,27.126272,29.512854,26.685202,29.71384,26.376194,21.945433,21.740746,19.713902,22.800234,20.279976,25.310053,24.936148,28.283684,30.190905,33.73114,36.01092,37.998577,40.242203,38.96944,37.525417,34.697464,33.198128,30.657782,28.505709,26.738728,23.830132,23.06342,21.453577,23.559364,27.462755,29.884914,33.851776,35.05341,39.10221
19,43.740273,39.944702,38.260128,35.34317,31.760675,32.33304,28.543524,25.715385,24.107967,23.240852,20.341688,20.155733,20.022247,18.837637,17.508724,14.30104,10.026965,6.8961744,5.741791,0.0,5.04766,6.422953,9.246087,13.200765,12.864868,14.230031,13.332122,8.144456,10.41458,7.563047,11.480815,13.791445,15.621325,18.41827,19.018902,22.288576,26.434448,28.372023,27.052792,23.314306,23.36985,21.223564,18.339468,18.757015,15.316612,15.460959,19.385101,19.060276,25.649475,26.990026,22.620617,26.852636,24.34991,29.184694,28.12083,25.344168,21.253536,20.962376,21.25157,17.70991,14.541924,19.31735,20.645098,21.767202,20.385002,24.26345,26.801662,24.951397,25.940147,25.393574,20.799269,24.158237,19.817568,24.311693,20.484158,24.888285,24.137634,25.74725,28.975435,26.933025,30.013487,26.213419,22.409855,21.121397,18.434702,20.912756,17.330229,21.775427,20.730677,23.95233,25.348963,28.905664,31.01088,32.78715,35.269672,34.2411,32.845592,30.424997,28.558363,26.767744,23.977388,23.227913,20.353115,20.025314,18.86629,20.532654,25.417467,27.329918,30.858618,32.362553,36.283302
20,47.35857,43.71354,41.880363,39.34915,35.63208,36.21322,32.836784,29.66856,28.402847,27.132847,24.252312,23.547953,23.25882,21.237316,19.718426,15.540926,12.00198,10.187299,6.022582,5.04766,0.0,6.106816,6.6498737,11.562843,13.052772,15.722023,14.168746,10.621163,11.413727,10.776281,11.555491,15.113628,14.921715,19.045418,18.108084,22.362747,26.527592,28.46351,27.97676,24.262127,25.330635,23.15936,21.100756,21.627838,19.217403,19.955072,23.959543,23.738857,30.303694,31.736149,27.294132,31.487719,28.743412,33.54783,32.68188,29.63523,25.439976,24.959953,24.553362,20.691135,17.981647,21.965399,23.115606,23.818905,23.155148,26.873629,29.932175,27.986597,29.219048,29.081984,24.20343,27.665731,23.1051,27.342226,23.232744,27.05833,25.94307,26.831852,29.99304,27.63002,30.08139,26.02958,22.035551,21.17203,19.498772,21.310236,19.058374,23.625498,22.86197,26.430294,27.796354,31.706387,33.38202,35.302826,37.572792,36.744576,34.96671,32.777767,30.171087,28.175673,25.181263,23.880066,20.20799,19.020918,18.4379,20.77545,25.390377,27.981045,31.486229,33.41867,37.33805
21,46.961094,43.0705,41.975777,39.056095,35.55597,36.88732,32.900173,30.790714,29.408947,29.04312,26.399284,26.464878,26.3811,25.192274,23.53522,20.299444,16.002901,13.317791,10.703513,6.422953,6.106816,0.0,5.4301333,7.686896,8.968908,11.230513,11.817916,9.422141,12.093222,12.148032,14.752211,19.365383,20.041758,23.928917,23.814243,27.665108,31.8107,33.33042,32.345917,28.452414,29.088772,26.25945,24.066824,23.487206,20.305023,19.813463,23.162024,21.950872,28.85253,29.396452,24.29415,28.077,24.79332,29.348345,28.798157,25.377117,21.075644,20.61281,19.514149,15.9859705,13.001293,16.225534,17.337103,18.167469,18.262558,21.974,25.267738,24.017626,25.747269,26.249945,21.772604,25.980722,22.225895,26.84241,23.84584,27.890514,27.906788,28.954649,32.79276,31.130611,33.66229,29.332981,25.938822,24.217579,21.963657,23.139194,19.821766,23.426434,21.73417,24.954636,25.40005,29.206993,30.543312,31.980541,34.717617,34.344666,32.697132,31.217993,28.028082,27.299482,23.290096,23.602968,19.925621,19.17361,19.478252,21.241436,26.87105,28.840042,31.709301,34.000122,37.69409
22,47.120735,43.479824,42.212303,39.895966,36.21886,37.711506,34.363945,31.958178,31.283386,30.655542,28.427998,28.23005,28.618216,27.048056,25.978628,21.71035,18.253202,15.430494,12.538668,9.246087,6.6498737,5.4301333,0.0,5.307571,7.734148,11.4392185,10.000614,9.664987,10.29813,12.798109,12.633463,18.986547,18.250534,23.182451,22.508812,26.67952,30.680004,31.551495,31.092148,27.145926,28.77162,25.42797,24.385075,23.323353,21.449484,21.750006,25.1968,24.410555,31.050447,32.084373,27.35295,31.310995,28.102701,32.81743,32.86795,29.72094,25.341763,25.3471,24.155014,21.041985,17.362957,19.807024,20.14934,19.876772,19.842415,23.132177,26.77618,24.830667,26.512644,27.257193,22.356293,26.354527,22.280855,26.41801,23.197153,26.48126,26.345387,26.628168,30.574398,28.957848,30.839005,26.221605,23.08617,21.354671,19.953272,20.200527,18.160822,21.69741,20.43663,24.010338,24.646845,28.819815,29.753231,31.551245,33.79187,33.482708,31.390583,30.01244,26.22577,25.045544,21.1079,20.64387,16.330568,14.876582,15.742593,17.981092,23.356993,25.81637,28.57875,31.264118,34.902794
23,48.052902,44.32504,43.669575,41.252144,37.764194,39.90421,36.305176,34.685856,34.106644,34.06232,32.09073,32.320057,32.872578,31.699554,30.569216,26.66924,22.89529,19.7784,17.319069,13.200765,11.562843,7.686896,5.307571,0.0,5.3471913,9.201729,9.707639,11.766215,13.118992,16.31572,16.763002,23.638529,23.157198,28.04961,27.67676,31.692276,35.63578,36.130737,35.49489,31.477219,33.01804,29.19938,28.325638,26.457935,24.411892,24.012503,26.84386,25.391806,32.01762,32.39019,27.320297,30.809752,27.190676,31.552345,32.13407,28.791948,24.466295,24.624243,22.690462,20.2364,16.444853,17.294388,17.108574,16.282127,17.322062,20.18392,24.23872,22.837694,25.028004,26.568047,22.099487,26.588308,23.323166,27.45437,25.246628,28.333885,29.077751,29.22886,33.636337,32.58326,34.28289,29.48183,26.944786,24.681263,23.170982,22.615128,20.259926,22.691622,20.766703,23.967657,23.6699,27.779194,28.091492,29.475748,31.95476,32.20293,30.070192,29.554697,24.913414,24.957598,20.072681,21.041786,16.67975,15.440693,17.455578,19.16941,25.077986,27.075834,29.07328,32.21631,35.526997
24,42.974106,39.208344,38.795242,36.334503,32.94791,35.43511,31.79691,30.69211,30.367622,30.806404,29.330374,30.033829,31.130512,30.612143,30.06085,26.452118,22.703268,18.757057,17.95944,12.864868,13.052772,8.968908,7.734148,5.3471913,0.0,4.191789,5.1510587,8.388431,10.344098,13.778286,15.2488575,22.165476,22.680841,26.948183,27.72638,30.983362,34.805653,34.83984,33.601677,29.537617,30.654156,26.397963,25.617186,22.940601,20.864143,20.10767,22.480192,20.91379,27.29842,27.690695,22.869137,26.404726,22.966187,27.477686,28.515207,25.686796,21.382048,22.274939,20.958496,19.380674,14.163444,15.143527,14.393526,13.067125,12.819738,15.716797,19.580626,17.720915,19.766457,21.270132,16.81904,21.371601,18.434105,22.57557,20.977882,24.139103,25.537336,26.000277,30.685835,30.18041,32.178394,27.4719,25.40976,22.542953,20.366268,19.77394,16.451166,18.264786,15.9250965,18.901333,18.467047,22.513275,23.014463,24.43573,26.98751,27.09904,25.128645,24.534618,20.194592,20.522999,15.545453,17.273195,13.645501,13.50246,15.065029,15.974815,22.323256,23.605278,25.441135,28.367018,31.616457
25,40.259907,36.36063,36.36752,33.630245,30.466625,33.309216,29.368912,28.98609,28.630346,29.64682,28.469978,29.658875,30.983723,31.07602,30.711761,27.686367,23.795645,19.50609,19.796848,14.230031,15.722023,11.230513,11.4392185,9.201729,4.191789,0.0,5.7479506,8.6170635,11.514456,14.098474,16.95179,23.21403,24.667719,28.23269,29.807295,32.512703,36.25545,36.15549,34.394768,30.366693,30.888351,26.507814,25.474176,22.305162,19.779413,18.292204,19.990133,17.952711,24.157867,24.137856,19.274399,22.586432,19.11752,23.556875,24.942394,22.38969,18.210592,19.613869,18.592196,17.908777,11.94932,12.556254,11.3583145,9.829627,8.70229,11.747273,15.459104,13.7372265,15.900907,17.572472,13.548727,18.394896,16.225258,20.479118,19.774185,23.146305,25.219095,26.118488,30.935501,30.866556,33.185104,28.67766,26.938757,23.729755,20.934292,20.523056,16.1994,17.221539,14.27261,16.643745,15.679052,19.400543,20.044247,21.159891,24.076607,24.227955,22.60795,22.18296,18.20803,19.324507,14.212504,17.1577,14.569964,15.38229,16.521687,16.618147,23.105175,23.616507,25.160757,27.815271,30.90218
26,38.522797,34.919014,34.266727,32.175133,28.673882,31.20302,28.051975,26.830767,27.088623,27.530693,26.624212,27.422045,29.142107,28.875784,29.122183,25.303162,22.167904,17.745815,18.21097,13.332122,14.168746,11.817916,10.000614,9.707639,5.1510587,5.7479506,0.0,6.226452,6.7722793,11.315857,12.171163,19.324022,20.119032,24.044497,25.574432,28.180065,31.74938,31.181463,29.695673,25.657927,26.858013,22.164341,22.026161,18.665806,17.447628,17.205523,19.503572,18.568205,24.43383,25.563637,21.543396,25.42761,22.593977,27.390133,28.71775,26.633326,22.445211,23.93983,23.51883,22.303555,16.332369,18.039822,17.020782,15.348225,13.249097,15.876156,19.155474,16.093355,17.436125,18.389801,13.433825,17.428415,14.055208,17.874847,16.167528,19.048912,20.603502,21.031755,25.834906,25.67147,27.700415,23.082632,21.465271,18.20846,15.827459,15.019226,11.478514,13.157382,11.070661,14.376182,14.688685,18.931532,19.810034,21.800367,23.86606,23.48361,21.422699,20.194004,16.408531,15.815789,11.497382,12.496434,9.410301,10.142773,10.821576,11.2271185,17.654472,18.662527,20.710274,23.387033,26.747456
27,37.826447,34.07243,32.871593,30.309961,26.693123,28.359041,24.832016,22.923244,22.475723,22.547966,21.066498,21.744802,23.144587,22.931719,23.05047,19.624012,16.301838,11.712792,13.094905,8.144456,10.621163,9.422141,9.664987,11.766215,8.388431,8.6170635,6.226452,0.0,4.660943,5.5610323,9.343682,14.636026,16.66777,19.719706,21.673016,24.067228,27.844542,28.14199,26.319546,22.306156,22.701572,18.802038,17.370197,15.15811,12.696868,12.563172,15.747559,15.24739,21.605276,23.124727,19.103216,23.454662,20.986013,26.06699,26.389292,24.320147,20.123827,21.228779,21.62262,19.721241,14.13874,17.768967,17.789877,17.542725,14.924302,18.359062,20.915318,18.12109,18.952932,18.703943,13.661369,17.23985,13.005901,17.483282,14.542825,18.630493,19.203556,20.590925,24.764582,23.89568,26.753073,22.578314,20.0098,17.347105,14.13713,15.424614,10.854956,14.342676,12.820085,16.09625,17.368162,21.14037,23.063824,25.04849,27.297852,26.304234,24.762774,22.52215,20.415644,18.887196,15.919287,15.790314,13.473064,14.139896,13.038815,13.789767,19.467339,20.629534,23.641327,25.380339,29.109812
28,37.408226,33.989033,32.328293,30.46635,26.64774,28.123264,25.47515,22.91829,23.194994,22.72557,21.629267,21.861092,23.65472,23.00785,23.73545,19.453701,17.116886,12.777136,13.93941,10.41458,11.413727,12.093222,10.29813,13.118992,10.344098,11.514456,6.7722793,4.660943,0.0,6.1610093,5.5916953,12.63671,13.555557,17.275131,19.03614,21.419792,25.008865,24.709145,23.279568,19.21695,20.56626,16.23601,16.072063,13.626338,13.054275,14.298838,17.637306,17.986172,23.638731,25.874367,22.56268,27.012833,24.874437,29.984167,30.54025,28.75527,24.62834,25.849255,26.269855,24.286472,18.779905,22.151234,21.886663,21.073425,18.334627,21.331617,23.916183,20.44885,20.945173,20.556566,15.23973,17.984947,13.152308,16.791616,13.015552,16.283926,16.2336,16.960947,21.125982,20.141792,22.593893,18.212862,15.735315,13.006609,10.390479,11.239261,7.9925804,12.244695,11.813809,15.583171,17.605186,21.605822,23.397186,25.88084,27.465178,26.253107,24.346102,21.753983,19.655025,16.92654,14.819942,12.9190855,10.364139,10.723747,8.855449,10.134709,15.344538,17.104418,20.496796,22.287273,26.158096
29,36.70005,33.091347,31.130278,28.630814,24.878712,25.537392,22.322794,19.313866,18.643568,17.937914,16.158154,16.440184,17.902306,17.607975,18.235973,14.783546,12.134778,7.3838687,10.618571,7.563047,10.776281,12.148032,12.798109,16.31572,13.778286,14.098474,11.315857,5.5610323,6.1610093,0.0,7.2297983,9.537642,12.850822,14.745488,17.396475,19.206831,22.97908,23.757185,21.689514,17.79563,17.678818,14.525524,12.28449,11.415675,8.76886,9.998931,14.084715,14.825061,20.65279,23.05694,19.87765,24.506702,22.803988,27.930914,27.589418,25.95133,22.059494,22.963587,24.199308,21.91404,17.04132,21.689201,22.188116,22.468506,19.393517,22.850006,24.758373,21.759977,21.91942,20.631239,15.762682,18.104193,13.195684,17.283491,13.011552,17.467588,16.778027,18.760227,22.096294,20.595943,24.018917,20.439703,17.261332,15.311644,11.743669,14.784614,10.456323,15.149379,14.723062,17.873106,20.166857,23.534061,26.105429,28.341728,30.272291,28.690012,27.389622,24.24592,23.491089,20.792215,19.293543,17.754858,16.175522,16.818401,14.364932,15.264129,19.629702,20.966501,24.72693,25.620193,29.576693
30,38.709663,35.6095,33.146896,31.72419,27.767355,28.29288,26.386143,22.646732,23.04426,21.532751,20.261553,19.64259,21.349775,19.960419,21.119286,16.083225,15.027421,11.581412,12.589877,11.480815,11.555491,14.752211,12.633463,16.763002,15.2488575,16.95179,12.171163,9.343682,5.5916953,7.2297983,0.0,8.330359,8.020267,12.279061,13.628217,16.136477,19.730747,19.6403,18.745213,14.727374,16.858124,13.182793,13.497914,12.590709,13.299754,15.948603,19.790735,21.05524,26.179857,29.100386,26.351486,30.96934,29.233385,34.387775,34.490517,32.82546,28.798927,29.72578,30.439436,27.917229,23.03567,26.991516,27.065464,26.527817,23.800995,26.850607,29.247993,25.634268,25.785051,24.849524,19.61774,21.429836,16.14761,19.01717,13.98294,16.725893,14.896613,15.368867,18.530119,16.507277,18.946619,14.832237,11.315133,9.761221,8.102614,10.2811165,9.381299,14.599704,15.455008,19.164814,21.943539,25.744663,27.775515,30.52933,31.687496,30.104967,28.177805,24.987783,23.634073,19.731071,18.936102,15.320198,13.062234,12.703605,9.705536,11.766527,14.89645,17.52505,21.661638,22.89264,26.946732
31,38.022293,35.09626,31.787113,30.236332,26.401365,25.344156,23.820427,18.786127,18.613892,15.818247,14.058833,12.444764,14.050405,12.399868,14.659544,10.0151825,11.1032505,9.231534,12.383407,13.791445,15.113628,19.365383,18.986547,23.638529,22.165476,23.21403,19.324022,14.636026,12.63671,9.537642,8.330359,0.0,6.0625033,5.217596,9.126213,9.722353,13.469813,14.938516,13.301434,9.748968,10.296996,9.332374,7.600316,10.569874,11.184536,14.896477,18.959646,21.29325,25.427105,29.010471,27.20664,31.849743,30.965614,35.976173,35.189575,34.02007,30.48892,31.141361,32.813522,30.056812,26.022615,31.018011,31.69255,31.972643,28.753586,32.027805,33.658466,30.199034,29.769987,27.765429,23.13959,23.845034,18.616503,21.001907,15.306957,18.413597,15.038576,16.803911,17.98843,14.873159,18.519806,16.230692,12.003061,12.3970785,10.362121,14.97821,13.78532,19.048105,20.395643,23.427446,26.804495,29.876955,32.71244,35.432606,36.566494,34.397015,33.045265,29.030443,29.39098,25.009382,25.390724,21.614294,20.607264,20.702288,17.067621,18.454487,19.92738,22.017696,26.605438,26.502337,30.565035
32,42.077057,39.387188,36.018627,35.01916,31.098978,30.28373,29.241528,24.233435,24.499409,21.630947,20.006193,18.06254,19.208311,16.584814,18.236103,12.536515,14.007101,12.944947,13.478208,15.621325,14.921715,20.041758,18.250534,23.157198,22.680841,24.667719,20.119032,16.66777,13.555557,12.850822,8.020267,6.0625033,0.0,6.2618594,5.750379,8.837933,12.5611,13.6502285,13.987333,10.678968,13.748177,12.558058,13.000252,15.034702,16.643154,20.249134,24.314196,26.36738,30.802761,34.28515,32.116634,36.794346,35.49531,40.60604,40.065075,38.50601,34.682323,35.185406,36.2329,33.12783,29.15965,33.71841,34.232784,34.11931,31.448282,34.641884,36.835365,33.23315,33.10429,31.629747,26.6334,27.654974,22.284163,24.418268,18.697987,20.781849,17.073816,17.39225,18.395447,14.726574,17.027998,14.298141,9.416791,11.0498295,11.301989,14.542062,15.592701,20.819832,22.476612,25.916943,29.20233,32.70534,35.014782,37.920265,38.77804,36.845,35.020267,31.312984,30.774014,26.08933,26.331623,21.75378,19.93834,19.101913,15.832346,18.062012,18.77989,21.909788,26.482254,26.918028,30.940178
33,39.82609,37.32101,33.451626,32.46202,28.731674,26.922253,26.33811,20.707254,20.849545,17.290525,15.832534,13.361002,14.763853,12.399097,15.3672,10.796282,13.816769,13.477549,15.881911,18.41827,19.045418,23.928917,23.182451,28.04961,26.948183,28.23269,24.044497,19.719706,17.275131,14.745488,12.279061,5.217596,6.2618594,0.0,6.099559,4.5604105,8.272293,10.527313,9.667433,7.0717654,8.576451,9.854031,9.373729,13.441914,15.266455,19.27869,23.07395,25.803911,29.236444,33.168037,31.865507,36.459328,35.845467,40.791115,39.875637,38.867138,35.46186,36.028,37.802,34.890827,31.12782,36.187744,36.89891,37.144062,33.902275,37.10395,38.670067,35.050526,34.440243,32.248238,27.753956,27.9206,22.77681,24.425062,18.62418,20.797365,16.456816,17.777845,17.496689,13.528761,16.868397,15.728015,11.385071,13.392302,12.7853155,17.228386,17.529398,22.542458,24.452034,27.357477,31.025618,33.960613,36.81713,39.704494,40.489304,38.127422,36.747,32.48789,33.22382,28.292933,29.365816,24.857609,24.08278,23.931074,20.114378,21.611065,21.672693,24.022984,28.748064,28.207916,32.153164
34,45.610565,43.094208,39.32037,38.37593,34.583042,32.97838,32.22521,26.705368,26.60106,23.05344,21.041178,18.307108,18.617407,15.107702,16.713438,11.250605,14.442634,15.24453,15.310009,19.018902,18.108084,23.814243,22.508812,27.67676,27.72638,29.807295,25.574432,21.673016,19.03614,17.396475,13.628217,9.126213,5.750379,6.099559,0.0,5.560623,9.1970005,12.379415,13.722046,11.762417,14.430984,15.438958,15.270728,18.86872,20.269402,23.95735,28.048994,30.33812,34.478893,38.08222,36.113914,40.74902,39.647594,44.667446,43.630146,42.05951,38.405468,38.55358,39.7649,36.294487,33.059742,37.95425,38.805016,39.056435,36.509747,39.858276,41.955624,38.51068,38.316185,36.59441,31.759104,32.56624,27.248367,29.243538,23.422539,25.429123,21.174692,21.620096,21.455423,17.181435,19.293467,17.774778,12.996339,15.741152,16.35474,19.82072,21.03817,26.233854,27.995163,31.306496,34.702236,38.057747,40.53853,43.43,44.290466,42.22542,40.514427,36.61793,36.41942,31.595942,32.055134,27.374178,25.630035,24.637844,21.456726,23.70296,23.807878,26.962378,31.601812,31.67899,35.62059
35,42.664024,40.466957,36.267864,35.66032,32.044323,29.779457,29.772202,23.900433,24.15107,20.230497,18.886578,15.975877,16.913336,14.03288,17.029783,12.786032,16.733555,17.339323,19.030008,22.288576,22.362747,27.665108,26.67952,31.692276,30.983362,32.512703,28.180065,24.067228,21.419792,19.206831,16.136477,9.722353,8.837933,4.5604105,5.560623,0.0,4.196353,8.198742,8.984903,8.186425,10.309586,12.90756,13.101524,17.387196,19.60046,23.65234,27.335115,30.19942,33.324688,37.388767,36.282505,40.844486,40.32419,45.235435,44.194454,43.19621,39.83795,40.271187,42.03159,38.930115,35.438335,40.534405,41.30733,41.555347,38.406807,41.602,43.20609,39.53067,38.878017,36.64191,32.185986,32.149094,27.058222,28.34864,22.572954,24.166718,19.409567,20.26255,18.978388,14.575896,17.195448,17.003986,12.8858595,15.905187,16.30369,20.324512,21.534065,26.37959,28.552212,31.427414,35.203846,38.106346,40.917557,43.896675,44.480953,42.048954,40.612663,36.2768,37.103783,31.894653,33.27255,28.355019,27.573404,27.15218,23.391584,25.038673,24.260479,26.844646,31.564234,30.834177,34.638783
