,0,1,2,3,4,5,6,7,8,9,10,11,12,13,14,15,16,17,18,19,20,21,22,23,24,25,26,27,28,29,30,31,32,33,34,35,36,37,38,39,40,41,42,43,44,45,46,47,48,49,50,51,52,53,54,55,56,57,58,59,60,61,62,63,64,65,66,67,68,69,70,71,72,73,74,75,76,77,78,79,80,81,82,83,84,85,86,87,88,89,90,91,92,93,94,95,96,97,98,99,100,101,102,103,104,105,106,107,108,109,110,111
0,0.0,4.337294,7.05343,9.643894,12.615308,14.986962,18.116625,22.682629,24.971466,28.264515,31.540388,34.174477,34.12352,32.470844,27.867739,29.522152,27.862825,30.222343,28.410835,30.755758,31.48538,31.568617,33.27167,35.487217,36.11709,35.52627,34.25129,31.728193,32.926147,29.218626,32.69591,27.379423,31.198896,26.435644,28.876171,28.461473,26.193846,28.057178,24.753206,24.586554,30.355265,30.19118,33.39439,34.847958,33.527866,36.809097,35.814022,39.113144,40.184574,38.555393,41.044136,39.478622,44.338997,43.748,46.09282,43.065125,40.93404,41.08394,45.638718,43.00149,38.902317,38.034664,40.984455,41.01727,42.55623,37.241344,35.80158,39.613663,34.114132,32.84516,33.543507,36.10619,33.553513,33.81297,38.12051,38.189575,42.74379,44.222664,43.818058,48.298412,44.609882,50.291298,49.75331,46.49697,42.38545,41.62276,37.20273,38.035694,34.418625,33.094753,34.451588,30.4613,31.414314,28.078674,25.435886,23.172735,24.03799,21.606169,18.9156,21.692888,20.300606,19.811552,23.865002,22.713688,23.912947,27.286268,25.471355,30.6313,28.044899,28.229055,29.867739,30.422073
1,4.337294,0.0,4.581771,6.402885,8.683221,12.193114,14.394527,19.209435,21.592215,24.55118,28.205996,30.595924,30.735147,28.689068,23.945051,25.373522,23.737085,26.017927,24.542387,26.787012,27.845102,27.91215,29.904518,31.916344,32.315887,31.805513,30.265738,27.795296,28.846123,25.329515,28.83412,23.626379,27.781254,23.191435,26.005978,25.899551,24.014797,25.642387,21.915092,21.345818,27.169827,26.699215,29.810038,31.047895,29.84737,32.86496,32.085716,35.16409,36.36665,34.527973,36.944233,35.301697,40.16311,39.49833,41.955666,39.006462,36.79434,37.058884,41.529255,39.06535,35.027443,33.9069,36.81302,36.765278,38.415764,33.19177,31.556206,35.451138,29.99728,28.64419,29.534033,32.085087,29.602867,29.662888,34.11128,33.962135,38.57519,39.948124,39.492386,43.973976,40.283016,45.96129,45.45351,42.197536,38.097538,37.361725,32.941475,33.865658,30.389969,29.101986,30.667416,26.818624,28.0682,25.035528,22.40942,20.213299,20.74139,17.968674,15.271537,17.701557,16.079962,15.558936,19.529854,18.545124,19.988226,23.183662,21.293327,26.441166,23.736761,24.07493,25.741898,26.56949
2,7.05343,4.581771,0.0,5.110193,7.0177684,8.54931,12.587262,15.918768,18.767246,21.78419,25.015266,28.007797,28.60618,27.149832,22.754753,24.56214,23.651487,26.319757,25.908411,28.021591,29.760363,29.804922,32.251774,33.894714,33.860874,33.4247,31.234636,28.701319,28.981691,25.845358,28.081007,23.31533,26.628551,21.669907,24.804974,23.981823,22.767048,24.912132,21.16155,20.863543,26.794046,26.85638,29.390568,30.928146,30.577242,33.139507,33.217495,36.081657,37.72291,35.465046,37.581646,35.506435,40.224403,39.051704,41.783066,39.142788,36.34594,36.391273,40.597088,37.882984,33.89003,32.834805,35.186638,35.156456,36.31942,31.143076,29.847868,33.268314,27.721436,26.80058,27.503925,30.432035,28.361147,28.838057,33.578125,33.2382,38.15242,39.28492,38.67081,42.872417,39.1029,44.82779,44.592983,41.68116,37.690502,37.35236,32.859882,34.359196,31.411213,30.130856,32.109013,28.54059,30.20589,27.498682,25.230356,23.249092,23.293686,20.144928,17.17705,18.617188,16.757595,14.568471,18.751753,16.565865,17.250828,20.894434,19.440573,24.970787,23.232538,23.711105,26.075022,27.176344
3,9.643894,6.402885,5.110193,0.0,3.8988285,6.736122,8.551386,13.773577,15.483913,18.904865,22.252522,24.581947,24.529394,22.973673,18.58366,20.749586,19.762989,23.078743,22.512617,25.171036,26.875374,27.484955,29.833252,30.960016,30.944862,30.08605,27.774992,24.891071,25.043997,21.602125,23.665752,18.685007,21.941282,17.066025,19.99515,19.617996,18.13234,19.988007,16.17279,15.870831,21.795109,22.006676,24.624535,26.382923,26.100716,28.928188,29.120289,32.422676,34.310238,32.363743,34.321056,32.047707,36.649723,35.585903,37.936855,35.172565,32.454144,32.239254,36.69035,33.7344,29.628786,29.033356,31.89454,32.28009,33.55068,27.942133,27.182459,31.259834,26.089666,25.263313,26.9352,29.949919,28.193031,27.887638,32.990005,31.816147,36.822594,37.472042,36.43421,40.660046,36.449318,42.123768,41.405575,38.538956,34.495792,34.36891,29.68671,31.769218,28.778387,28.10494,30.349428,27.070143,28.996561,26.798603,23.829866,21.294382,20.448284,17.82676,13.69291,14.89604,14.304018,11.474278,16.393341,14.505979,15.620113,19.189835,18.084852,23.840748,21.30005,22.70742,24.596498,26.527058
4,12.615308,8.683221,7.0177684,3.8988285,0.0,6.132135,5.980135,11.026802,13.215069,15.923965,19.835161,21.993242,22.463192,20.378662,15.802837,17.578825,16.80492,19.91315,20.094852,22.40388,24.621912,25.063288,27.789898,28.716726,28.34897,27.722092,25.031124,22.338318,22.17408,19.203638,21.116772,16.486534,20.130178,15.556801,19.125645,19.048428,18.352652,19.8947,15.613552,14.687904,20.536474,20.304596,22.638687,24.036684,24.029888,26.318312,26.891203,29.716362,31.744347,29.41793,31.26422,28.894604,33.49532,32.250076,34.879642,32.292297,29.38148,29.373617,33.615585,30.943226,26.96079,25.876032,28.489885,28.659758,30.019466,24.629684,23.484695,27.498302,22.286608,21.375965,23.122742,26.13372,24.487614,24.112497,29.320217,28.012335,33.085594,33.67717,32.653797,36.84776,32.72848,38.425064,37.893818,35.046272,31.044134,30.949995,26.316872,28.46005,25.779917,25.037367,27.509249,24.473267,26.70276,24.875011,22.263578,20.107058,19.005585,15.934852,12.272499,12.530469,11.335909,7.8453474,12.645822,10.654092,12.011867,15.389082,14.201034,19.964346,17.582527,19.091621,21.194778,23.348747
5,14.986962,12.193114,8.54931,6.736122,6.132135,0.0,7.1169257,8.381399,10.717476,14.296168,16.768347,20.104588,20.875923,20.436567,16.961674,19.734388,20.109928,23.894865,25.020199,27.346897,29.96779,30.540672,33.440258,33.98067,33.32491,32.592014,29.375713,26.525675,25.405937,22.807232,22.53,18.691366,20.196878,14.939485,18.40034,16.760273,16.83678,19.421505,15.774706,15.919723,21.52865,22.606272,24.049665,26.22537,27.3857,29.323917,30.901142,33.745743,36.265503,33.756493,35.168823,32.260735,36.48252,34.627758,37.334,35.136738,31.534636,30.936197,34.850616,31.516935,27.586145,27.159065,29.046413,29.532341,29.949755,24.44343,24.446636,27.738094,22.655931,22.672842,24.260187,27.81642,26.887865,27.052408,32.499725,30.879059,36.231636,36.388714,35.037537,38.724037,34.381485,40.018654,39.68172,37.439423,33.666695,34.218143,29.552494,32.548737,30.478388,29.907804,32.692245,29.962242,32.40576,30.74532,28.318155,26.176329,24.78629,21.841507,17.845562,17.44095,16.654514,11.436757,16.136892,12.290893,11.822839,16.035913,16.004889,22.098654,21.13931,22.873335,25.615067,27.980137
6,18.116625,14.394527,12.587262,8.551386,5.980135,7.1169257,0.0,7.6803803,8.000399,10.96922,14.865181,16.360914,16.512646,14.576576,10.363957,13.030203,13.155398,17.378834,18.593828,21.201492,23.918264,24.936317,27.811037,27.772755,27.01134,26.020224,22.637705,19.627522,18.403269,15.738634,15.815238,11.698469,14.374749,9.822738,13.799795,13.940197,14.116695,15.388102,10.946815,9.8995075,15.474072,15.799099,17.411165,19.248703,20.313477,22.236523,23.882477,26.8289,29.512562,27.205917,28.496714,25.526848,29.731998,28.149498,30.55784,28.178326,24.822762,24.313251,28.542112,25.422165,21.385761,20.86382,23.58216,24.30238,25.385702,19.53156,19.441942,23.863853,19.30938,18.969507,21.838358,25.090347,24.292807,23.263836,28.890043,26.41311,31.664234,31.421497,29.745369,33.638245,28.96537,34.552464,33.67432,31.225903,27.3375,27.892216,23.098627,26.469236,24.3919,24.439392,27.45134,25.18936,27.904484,26.985306,24.150038,21.838816,19.537521,17.075193,12.704217,11.223784,11.72318,5.9042234,11.04321,8.528733,9.653979,12.80751,12.804763,18.604969,16.232563,19.012894,20.926435,24.158861
7,22.682629,19.209435,15.918768,13.773577,11.026802,8.381399,7.6803803,0.0,5.0609393,6.4135485,9.486255,12.9484,15.295855,14.769638,12.3466835,14.851426,16.757944,20.442343,23.580801,25.236883,28.839699,29.376461,32.815006,32.51453,31.056927,30.572292,26.435154,23.964031,21.490278,20.366095,17.916536,16.028194,16.494022,12.37943,16.698254,15.2715225,17.527658,19.449522,15.727231,15.1822605,19.552158,20.47308,20.513409,22.337149,24.871803,25.364388,28.386925,30.27112,33.372566,30.251171,30.973412,27.528828,31.20726,28.608595,31.73194,30.242254,25.8808,25.220308,28.354872,25.198463,21.721037,20.83148,21.63057,22.052,21.930923,16.74963,17.142702,19.887007,15.237476,16.075882,18.285507,22.134848,22.324148,22.288511,27.98204,25.445465,30.94434,30.376186,28.619125,31.746552,27.308943,32.80073,32.800987,31.135342,27.743847,28.95039,24.541252,28.423471,27.561235,27.303047,30.645378,28.89748,31.934538,31.324987,29.489664,27.924328,25.800722,22.764862,19.528704,17.198334,16.397148,9.959299,12.8214035,7.794884,5.5780487,9.474148,11.067632,16.729118,17.160177,19.591925,22.697582,25.824207
8,24.971466,21.592215,18.767246,15.483913,13.215069,10.717476,8.000399,5.0609393,0.0,4.994983,7.019913,9.417593,10.616176,10.993709,9.623283,13.255216,15.571976,20.14618,23.172865,25.371914,28.798347,29.947172,33.12372,32.246258,30.840227,29.840168,25.606163,22.760881,19.835907,18.58482,14.657263,13.252899,12.034252,7.95466,12.0570135,10.591194,13.489559,15.195969,11.970894,11.85653,15.456018,17.236227,16.727169,19.23506,22.407692,23.04822,26.535275,28.934937,32.37929,29.729965,30.123817,26.36723,29.662949,27.091839,29.60086,28.086037,23.66479,22.330267,25.702896,21.84025,18.18225,18.467964,19.843338,21.142382,20.841555,14.877903,16.8884,20.363138,16.790697,17.938656,21.199774,24.90745,25.451557,24.627386,30.421858,27.047436,32.455143,31.259129,28.931572,31.886023,26.863659,32.130203,31.453365,30.062807,26.741491,28.397045,23.86823,28.58824,27.800425,28.277824,31.76727,30.353527,33.47615,33.2404,30.830069,28.821209,26.01925,23.735252,19.727158,17.086193,17.818554,11.331217,14.451061,10.485274,9.20209,11.95063,14.026553,19.231747,18.796705,22.086535,24.498789,28.248934
9,28.264515,24.55118,21.78419,18.904865,15.923965,14.296168,10.96922,6.4135485,4.994983,0.0,5.4660554,7.0425916,10.382926,9.676616,9.079634,11.447792,14.622498,18.409077,22.634579,24.083885,28.038458,28.904902,32.390663,31.235222,29.347973,28.737064,24.099155,21.803488,18.261072,18.248283,13.648218,13.811125,12.910028,10.730289,14.87351,14.212777,17.608774,18.613707,15.371923,14.447332,17.06634,17.979721,16.751972,18.39845,22.074629,21.564247,25.70826,27.144508,30.73496,27.581078,27.627598,23.72655,26.726618,23.689732,26.7033,25.705687,20.87845,19.865694,22.524643,19.247576,16.109346,15.372954,15.699063,16.638985,16.13598,10.5947275,12.397795,15.41949,12.181972,13.783958,17.31917,20.972351,22.108427,21.221521,26.9213,23.209888,28.574991,27.09085,24.678726,27.322607,22.432775,27.656288,27.404783,26.270477,23.218956,25.127596,20.941706,25.844572,25.84755,26.28879,29.951088,29.085451,32.422523,32.69273,30.87815,29.428986,26.590347,24.105055,21.099695,17.720285,17.879255,11.855495,13.052426,9.28559,7.557979,8.672102,11.588514,15.796412,16.372826,19.729137,22.3083,26.20763
10,31.540388,28.205996,25.015266,22.252522,19.835161,16.768347,14.865181,9.486255,7.019913,5.4660554,0.0,5.453165,9.251394,11.634763,13.01015,15.921668,19.356697,23.392162,27.614443,29.223763,33.119442,34.17016,37.574066,36.18369,34.265587,33.46432,28.758982,26.36681,22.47342,22.550583,16.520884,17.472496,14.285439,12.3562355,15.460669,13.475734,17.78948,19.271713,17.132868,17.161966,18.935843,21.012434,19.019312,21.349447,25.736725,25.112488,29.766142,31.34156,35.170742,32.18422,31.875301,27.742487,30.127218,26.763802,29.44913,28.866566,23.777124,22.055077,24.1366,20.166834,17.469275,17.974066,17.468168,18.99138,17.209202,12.160332,15.814144,17.65299,15.555727,17.941116,21.117458,24.849562,26.510612,25.9275,31.47211,27.59194,32.830692,30.922998,28.223577,30.1528,25.20637,29.91446,29.667427,29.301935,26.712002,29.149107,25.219257,30.56957,30.888039,31.53331,35.240906,34.508633,37.86154,38.147785,36.231544,34.61031,31.637278,29.347553,25.915316,22.689081,23.207127,16.98999,18.517893,14.530125,12.199472,13.480089,16.648096,20.478607,21.683056,24.966383,27.632565,31.523565
11,34.174477,30.595924,28.007797,24.581947,21.993242,20.104588,16.360914,12.9484,9.417593,7.0425916,5.453165,0.0,5.314816,7.4743533,10.724463,13.294837,17.07959,21.108673,25.528843,27.154604,30.979944,32.3879,35.60294,33.625114,31.592531,30.556995,25.772047,23.46179,19.108646,19.774387,12.519318,14.9879465,10.956631,11.257359,13.734791,13.223166,17.614193,17.966953,16.207994,15.797323,15.988704,17.857561,15.018275,17.166065,22.155539,21.014965,26.207039,27.67025,31.73156,29.042234,28.319553,24.01402,25.866085,22.508293,24.726131,24.318956,19.195694,17.06469,19.066187,14.803806,12.257019,13.431547,13.292775,15.634438,14.049999,8.382518,13.489704,16.222511,15.492583,17.7201,21.872787,25.140715,27.006533,25.518282,30.930582,26.28891,31.217766,28.732016,25.559795,27.334517,21.954964,26.3501,25.44743,25.302048,22.901934,25.719917,21.97145,27.90246,28.555225,29.826921,33.600914,33.40834,36.833794,37.680454,35.582268,33.92735,30.474266,28.778698,25.466183,21.795218,23.162458,17.638966,18.463436,15.811276,14.482633,14.552111,17.686022,20.632132,21.020235,24.89949,26.802332,31.176092
12,34.12352,30.735147,28.60618,24.529394,22.463192,20.875923,16.512646,15.295855,10.616176,10.382926,9.251394,5.314816,0.0,6.099577,10.172962,13.5756645,16.7781,21.50173,24.94774,27.278854,30.53862,32.505238,35.26719,33.05728,31.401949,29.781963,25.347723,22.564278,18.46627,18.38367,10.6522665,12.997746,6.9689784,8.502301,9.433365,9.66321,13.905366,13.627266,12.846153,12.943374,11.874202,14.784842,11.68165,14.85184,19.913994,19.584118,24.545956,26.941338,31.039555,29.125866,28.432762,24.17633,25.924166,23.17272,24.38844,23.510084,18.938124,16.112192,18.982504,13.845199,10.70596,13.840721,15.471299,18.486427,17.57008,11.579213,16.755413,20.520735,19.848804,21.554874,26.083652,29.206818,30.685183,28.684557,34.14662,29.319237,34.106262,31.547771,28.19369,30.224915,24.523146,28.708845,26.878824,26.556553,24.006577,26.770632,22.819374,28.951063,29.09,30.871758,34.536804,34.266354,37.554222,38.392353,35.63861,33.472443,29.659643,28.67082,24.653927,21.272633,23.784758,18.557877,20.168291,18.17336,17.575617,18.084871,20.747639,24.07236,23.139828,27.37956,28.64928,33.244957
13,32.470844,28.689068,27.149832,22.973673,20.378662,20.436567,14.576576,14.769638,10.993709,9.676616,11.634763,7.4743533,6.099577,0.0,5.2558417,7.712564,11.014658,15.503357,19.20538,21.311752,24.675209,26.599396,29.404732,27.113873,25.348534,23.854525,19.31115,16.674511,12.441433,12.804119,5.0996256,8.326411,5.4497066,8.249327,10.463818,12.714846,15.665722,14.51597,12.333536,10.797716,9.922217,10.681486,7.826103,9.808948,14.721972,14.020501,18.97906,21.073957,25.125267,23.065765,22.509743,18.320648,20.554132,18.09642,19.603561,18.30746,13.821525,11.690789,15.411565,11.2154875,7.264505,8.888249,12.02436,14.68851,15.252794,8.908406,12.574694,17.615606,16.746555,17.654757,22.626143,25.32198,26.457157,23.85549,29.204924,24.2763,28.930674,26.539045,23.297813,25.935879,20.195972,24.77201,22.761068,21.660578,18.659916,21.069708,16.904875,22.950602,23.015331,24.92424,28.572428,28.503075,31.807787,32.94129,30.32208,28.414112,24.523037,23.624405,20.282244,16.452854,19.06189,14.835878,15.493847,14.864923,15.323034,14.928737,17.060543,19.810017,17.94578,22.407331,23.132841,27.88198
14,27.867739,23.945051,22.754753,18.58366,15.802837,16.961674,10.363957,12.3466835,9.623283,9.079634,13.01015,10.724463,10.172962,5.2558417,0.0,4.5468254,6.973776,12.057634,15.231438,17.587486,20.914236,22.651943,25.558252,23.862736,22.353962,21.002151,16.64779,13.721914,10.4094515,9.567485,5.768126,4.959574,7.1584225,7.3333883,10.873454,13.3609085,15.152718,14.238855,10.641358,8.13333,9.801194,9.163104,8.709446,9.990566,13.102245,13.444694,17.106558,19.533474,23.148153,20.921759,21.149626,17.396605,20.769447,18.89105,20.84889,18.82501,14.977155,14.020837,18.312672,15.175514,11.161712,10.851647,14.523197,16.128284,17.626436,11.460265,12.599483,18.214943,15.864078,15.889238,20.620874,23.315681,23.664917,21.093313,26.612377,22.305502,27.181513,25.585796,22.92159,26.384151,20.992016,26.140385,24.43324,22.390844,18.753601,20.225723,15.525531,20.697634,19.883108,21.36224,24.912577,24.26996,27.490992,28.235384,25.510546,23.547062,19.869688,18.632177,15.244573,11.410305,13.919543,9.843802,10.963616,10.884437,12.288109,12.297302,13.571651,17.054712,14.180819,18.56641,19.282644,23.865355
15,29.522152,25.373522,24.56214,20.749586,17.578825,19.734388,13.030203,14.851426,13.255216,11.447792,15.921668,13.294837,13.5756645,7.712564,4.5468254,0.0,4.090267,8.000455,12.367832,13.928098,17.694845,19.195877,22.318537,20.414896,18.518003,17.557465,12.861265,10.553007,6.847079,7.644579,6.110438,6.58323,10.686872,11.82947,15.059647,17.875084,19.478016,18.204428,14.598441,11.614721,12.640121,10.172362,9.925534,9.049505,11.505153,10.685645,14.40743,15.814264,19.403467,16.714285,16.916697,13.218558,16.923672,15.17856,17.610743,15.570583,11.895161,12.070324,16.1735,14.414745,11.011821,8.598266,12.561065,13.464036,16.012413,10.852169,10.039014,16.137163,14.145264,13.462865,18.433151,20.527346,20.799616,17.626564,22.87352,18.343704,22.982681,21.404156,18.843868,22.627184,17.442247,22.680386,21.046598,18.511461,14.664775,15.81355,11.060572,16.195202,15.722623,17.321299,20.9663,20.817822,24.162262,25.432163,23.170702,21.778425,18.139044,16.87609,14.90282,10.562237,12.538768,10.284959,9.154315,10.939375,13.01485,11.623442,12.3517,14.416969,10.902434,15.492992,15.62698,20.430824
16,27.862825,23.737085,23.651487,19.762989,16.80492,20.109928,13.155398,16.757944,15.571976,14.622498,19.356697,17.07959,16.7781,11.014658,6.973776,4.090267,0.0,5.523605,8.450259,10.652201,14.0057125,15.754869,18.655548,16.977798,15.492962,14.318587,10.082096,7.292807,5.39045,4.447989,8.053681,6.1527615,12.497531,13.288624,16.19295,19.496498,20.127964,18.561022,14.749493,11.385134,12.86743,9.197121,10.660667,9.170651,9.349232,9.803484,11.763952,13.809571,16.903801,14.631564,15.55735,12.596579,16.96084,16.256214,18.267939,15.4959135,13.124748,13.875499,18.38873,17.133602,13.76578,11.4852495,15.983588,16.564295,19.632986,14.85756,13.230337,19.306976,16.926851,15.515957,20.091026,21.811447,21.330082,17.883074,22.837852,18.83177,23.14795,22.147789,20.045704,24.320251,19.540762,24.673176,22.808147,19.617844,15.509871,15.692729,10.840689,14.819406,13.194845,14.901097,18.290485,17.810999,20.975979,22.161015,19.49316,17.914454,14.124983,13.245397,11.509462,7.19521,9.988765,9.701381,8.67626,11.908501,14.775984,13.707428,13.408959,15.4635725,10.3982115,14.754595,14.023761,18.708391
17,30.222343,26.017927,26.319757,23.078743,19.91315,23.894865,17.378834,20.442343,20.14618,18.409077,23.392162,21.108673,21.50173,15.503357,12.057634,8.000455,5.523605,0.0,6.338884,6.1295094,10.417376,11.458806,14.802088,13.069311,10.94372,10.803806,6.3431544,5.7570796,5.6667695,7.2408705,12.307436,11.537688,17.694235,18.761196,21.68024,24.98,25.615913,23.977547,20.188255,16.785889,17.964876,13.664218,15.028989,12.167821,11.000138,10.065132,10.789914,10.691307,13.155099,9.941833,11.375804,9.347632,14.3096895,14.254855,16.79514,14.109463,12.795123,15.025442,18.707102,19.11951,16.675089,12.88674,16.725883,16.234987,20.162563,16.93049,13.419177,19.016125,17.010183,14.726126,18.84727,19.569044,18.709507,14.599639,18.758017,14.958529,18.628237,18.085405,16.589848,21.314598,17.41136,22.342836,20.81305,16.900057,12.732927,11.671278,7.2192397,9.522991,7.840607,9.622536,13.1276,13.385263,16.693556,18.664698,16.887413,16.405357,13.1516695,12.188591,13.103712,9.311716,10.284428,12.576338,9.317607,14.036113,17.15546,15.038559,13.953519,13.955345,8.135319,11.906829,9.816036,14.575757
18,28.410835,24.542387,25.908411,22.512617,20.094852,25.020199,18.593828,23.580801,23.172865,22.634579,27.614443,25.528843,24.94774,19.20538,15.231438,12.367832,8.450259,6.338884,0.0,4.463324,5.794365,8.215647,10.409851,9.251346,8.868713,7.6299014,6.0928464,4.656303,8.767314,7.1710567,15.296749,12.712917,19.743927,20.46271,22.711052,26.453474,25.902441,23.939674,20.329838,16.966496,18.357157,13.5688305,16.518055,13.916179,10.094364,11.749652,8.967795,10.885459,11.879239,10.73773,13.2916765,12.803078,17.591528,18.845095,20.15589,16.64866,16.935837,18.85397,23.151648,23.279655,20.537434,17.910345,22.512644,22.39698,26.28635,22.56349,19.640453,25.312588,22.913918,20.497421,24.145237,24.780317,23.144754,19.270878,22.827698,20.051516,23.054531,23.164747,22.113188,26.922762,23.312262,27.85395,25.813705,21.64686,17.6456,15.886946,12.235275,12.491067,8.421639,10.326125,12.504594,11.758227,14.246776,15.798424,12.638138,11.344005,7.5084977,8.40738,9.78942,7.747688,10.099201,14.328609,12.699255,17.508045,21.001154,19.833534,18.212507,19.056856,12.622097,15.346002,12.433989,16.092272
19,30.755758,26.787012,28.021591,25.171036,22.40388,27.346897,21.201492,25.236883,25.371914,24.083885,29.223763,27.154604,27.278854,21.311752,17.587486,13.928098,10.652201,6.1295094,4.463324,0.0,4.743754,5.394023,8.732311,7.658673,6.0939817,6.8540053,5.374317,6.754329,10.1245575,10.493481,17.630653,16.014095,22.779064,23.64167,26.249674,29.799894,29.689007,27.867546,24.124998,20.709469,22.03105,17.23233,19.521654,16.364887,13.102558,13.1312,10.727096,10.105103,10.404556,7.9609513,10.97334,11.363929,16.203959,17.580158,19.484577,16.431517,16.959955,19.654411,23.178707,24.265413,22.070396,18.44413,22.300081,21.47074,25.694653,22.970873,19.010025,24.119764,22.00297,19.191147,22.396126,22.350595,20.572392,16.428108,19.224155,16.774418,19.184584,19.707779,19.211174,24.146275,21.305323,25.638449,24.08874,19.636217,15.833016,13.286647,10.472843,8.747691,4.194515,5.9811864,8.337645,8.542478,11.387866,13.884543,12.169404,12.415364,9.854512,9.82815,13.069976,10.946101,11.382222,16.150515,13.095784,18.342684,21.781301,19.881922,17.98621,17.430988,11.227571,13.174551,9.378074,12.833501
20,31.48538,27.845102,29.760363,26.875374,24.621912,29.96779,23.918264,28.839699,28.798347,28.038458,33.119442,30.979944,30.53862,24.675209,20.914236,17.694845,14.0057125,10.417376,5.794365,4.743754,0.0,3.786147,4.751369,4.1405487,5.1167173,5.096769,7.348397,8.584823,13.158167,12.542934,20.555532,18.413584,25.331312,26.242449,28.345556,32.191383,31.442474,29.349483,25.895016,22.587048,23.693287,18.725159,21.621378,18.502184,13.992562,15.101081,10.731741,10.94141,9.6853285,9.458494,12.7960615,14.210397,18.554163,20.778664,21.79891,18.38147,19.987488,22.543156,26.278929,27.37129,25.169569,22.133272,26.428263,25.842123,30.106827,27.21958,23.609768,28.815273,26.716053,23.89775,26.949146,26.785807,24.712297,20.707142,22.929117,21.008505,22.771755,23.533577,23.226698,28.062906,25.426926,29.356007,27.407412,22.873686,19.32558,16.5171,14.338858,11.909826,7.0607343,8.710503,9.124827,8.950353,10.467307,12.933505,10.387531,10.43538,8.146759,10.013767,13.639719,12.848428,13.947214,19.31191,17.060804,22.21967,25.7737,24.258142,22.227776,21.975077,15.70562,17.185854,13.188962,15.577678
21,31.568617,27.91215,29.804922,27.484955,25.063288,30.540672,24.936317,29.376461,29.947172,28.904902,34.17016,32.3879,32.505238,26.599396,22.651943,19.195877,15.754869,11.458806,8.215647,5.394023,3.786147,0.0,4.17724,5.8398767,6.018796,7.922167,9.560992,11.358309,15.353962,15.215853,22.867321,20.784462,27.767733,28.316015,30.839296,34.386185,33.8281,32.03952,28.296328,24.966768,26.565905,21.71281,24.435183,21.304829,17.290527,17.806133,14.086291,13.179039,11.6042,10.283883,13.774932,15.526448,19.905415,21.887451,23.532894,20.500267,21.82169,24.696192,28.029366,29.453732,27.367764,23.746885,27.438404,26.325499,30.644243,28.227966,23.908278,28.602592,26.28874,23.18035,25.589163,25.031414,22.586348,18.792088,20.385998,19.313908,20.72348,22.185352,22.516552,27.435585,25.436722,29.376736,28.041466,23.409145,19.994967,16.780844,15.064164,11.276019,6.463259,6.317105,5.767735,5.349897,6.886601,9.919472,8.787388,10.334851,9.527565,10.082601,14.9701605,14.297062,13.9587965,19.833307,16.971754,22.247393,25.777294,24.048246,21.65707,20.78898,14.873749,15.361833,11.091613,12.55405
22,33.27167,29.904518,32.251774,29.833252,27.789898,33.440258,27.811037,32.815006,33.12372,32.390663,37.574066,35.60294,35.26719,29.404732,25.558252,22.318537,18.655548,14.802088,10.409851,8.732311,4.751369,4.17724,0.0,4.561216,6.8988233,8.026185,11.543116,13.262511,17.806313,17.2537,25.302666,23.061535,30.032887,30.779514,32.87057,36.68024,35.70493,33.654373,30.211418,26.973238,28.223152,23.273052,26.287445,23.123074,18.39085,19.459183,14.644676,14.180376,11.603486,11.996148,15.43138,17.776514,21.703062,24.308292,25.233183,21.986475,24.108738,26.88861,30.331367,31.815187,29.794228,26.59717,30.651272,29.769903,34.149338,31.637547,27.637583,32.4839,30.33949,27.287552,29.764936,29.149864,26.66593,22.887774,24.132536,23.170805,24.099768,25.513035,25.836376,30.616058,28.69433,32.27009,30.543196,25.893015,22.695028,19.39319,18.06911,14.222303,9.661066,10.156387,8.627859,8.39671,8.213188,10.983392,9.2639,10.544687,10.125212,12.12197,16.728594,16.77379,17.133188,23.089306,20.73774,25.945559,29.529219,27.994822,25.641281,24.959305,18.976807,19.491516,15.2321825,16.251095
23,35.487217,31.916344,33.894714,30.960016,28.716726,33.98067,27.772755,32.51453,32.246258,31.235222,36.18369,33.625114,33.05728,27.113873,23.862736,20.414896,16.977798,13.069311,9.251346,7.658673,4.1405487,5.8398767,4.561216,0.0,3.4944992,3.852662,8.249092,10.521206,14.943118,15.073762,22.68295,21.252548,27.819914,29.333208,31.137005,35.227184,34.53003,32.13581,28.990107,25.691988,26.056866,20.945314,23.52574,19.966343,15.26284,15.790041,10.85901,9.886253,7.1187873,8.405572,11.604418,14.130945,17.692766,20.665308,21.081758,17.77738,20.41674,23.23162,26.54487,28.280792,26.582876,23.542274,27.790987,27.180809,31.625696,29.281355,25.688683,30.719452,29.265263,26.46238,29.549671,28.989304,27.099352,22.851227,24.34921,22.346273,23.227861,23.82847,23.6124,28.18679,25.977734,29.235891,27.01075,22.436546,19.378527,16.241814,15.161709,11.9667,7.9530654,10.222023,9.760287,10.986169,11.824714,15.04634,13.1745615,13.667173,11.760538,14.054427,17.595518,16.740736,18.012506,23.19759,20.668894,25.873844,29.352757,27.515062,25.634157,24.742455,18.758808,20.12407,15.788462,17.881863
24,36.11709,32.315887,33.860874,30.944862,28.34897,33.32491,27.01134,31.056927,30.840227,29.347973,34.265587,31.592531,31.401949,25.348534,22.353962,18.518003,15.492962,10.94372,8.868713,6.0939817,5.1167173,6.018796,6.8988233,3.4944992,0.0,3.655595,6.149069,9.349628,13.04266,14.18671,21.090885,20.32798,26.6734,28.389473,30.452589,34.424553,34.212097,31.90441,28.638487,25.249596,25.504526,20.40944,22.449156,18.62996,14.679751,14.115651,10.322376,7.827277,5.6731586,5.136725,8.536442,11.141707,14.836217,17.601753,18.48336,15.477718,17.838741,20.960129,23.90595,25.9915,24.538006,21.013987,24.893423,24.059782,28.575033,26.656515,22.80243,27.622412,26.48969,23.708015,26.861483,26.16142,24.563282,20.12134,21.594893,19.195587,20.043055,20.408169,20.128586,24.693096,22.574726,25.820995,23.783712,19.159399,16.112423,12.8366785,12.004192,8.506794,4.950776,7.9652896,8.31383,10.511442,12.155697,15.782358,14.587479,15.36842,13.225246,14.623322,18.111046,16.456337,17.382656,22.157621,19.024473,24.246708,27.58647,25.350534,23.632751,22.198524,16.528414,18.032286,13.667117,16.210867
25,35.52627,31.805513,33.4247,30.08605,27.722092,32.592014,26.020224,30.572292,29.840168,28.737064,33.46432,30.556995,29.781963,23.854525,21.002151,17.557465,14.318587,10.803806,7.6299014,6.8540053,5.096769,7.922167,8.026185,3.852662,3.655595,0.0,5.054191,7.3289695,11.567578,12.063907,19.258036,18.32948,24.55827,26.52904,28.154148,32.37163,31.90357,29.340406,26.38092,23.074896,22.89324,17.749813,20.015306,16.291428,11.72896,11.979564,7.150249,6.4471474,4.9145875,6.4502287,9.205895,11.0678835,14.679619,17.603954,17.749779,14.234056,16.860874,19.515776,22.995035,24.573318,22.913576,20.122738,24.643646,24.387049,28.753119,26.236814,23.156004,28.452492,27.335752,24.82905,28.452623,28.19405,26.780645,22.33082,24.444471,21.553484,22.895555,22.766449,21.91606,26.374187,23.580856,26.893732,24.273739,19.847603,16.646786,14.015184,12.492085,10.8392,7.4151025,10.809689,11.61344,13.015406,14.636992,17.709759,15.443145,15.231683,12.271688,14.494582,16.923029,15.338255,17.372013,21.71835,19.298252,24.314196,27.667572,25.771526,24.312372,23.632544,17.659744,19.84437,15.814642,18.849985
26,34.25129,30.265738,31.234636,27.774992,25.031124,29.375713,22.637705,26.435154,25.606163,24.099155,28.758982,25.772047,25.347723,19.31115,16.64779,12.861265,10.082096,6.3431544,6.0928464,5.374317,7.348397,9.560992,11.543116,8.249092,6.149069,5.054191,0.0,3.8610864,6.9212785,8.665171,14.96449,14.689126,20.683529,22.767101,24.75742,28.759163,28.894058,26.53164,23.37549,19.987375,19.837591,14.833141,16.460781,12.620265,9.375154,8.388823,6.209881,5.089534,6.976653,5.338739,7.331601,7.2580166,11.789647,13.737605,14.715444,11.332434,12.654855,15.365759,18.937647,20.295235,18.521734,15.307344,19.744524,19.526234,23.817295,21.20274,18.171553,23.6106,22.604372,20.32217,24.337626,24.400326,23.465084,18.94741,21.833778,18.138308,20.302319,19.609463,18.214334,22.724192,19.319092,23.15018,20.679485,16.373514,12.68431,10.684353,7.9552584,8.420286,6.044383,9.800656,12.163494,13.545611,16.147184,19.012604,16.962107,16.57837,13.121312,14.1211405,15.731098,12.961147,14.965128,18.265839,15.502112,20.30206,23.45305,21.322481,20.240685,19.58784,13.860871,16.805668,13.368591,17.37926
27,31.728193,27.795296,28.701319,24.891071,22.338318,26.525675,19.627522,23.964031,22.760881,21.803488,26.36681,23.46179,22.564278,16.674511,13.721914,10.553007,7.292807,5.7570796,4.656303,6.754329,8.584823,11.358309,13.262511,10.521206,9.349628,7.3289695,3.8610864,0.0,4.9526687,4.9299655,12.193594,11.131981,17.400343,19.314968,21.148142,25.231136,25.143215,22.751589,19.616508,16.247503,16.21453,11.18354,13.316152,9.9753895,6.3945975,7.1171856,5.3421454,7.6113505,10.0585375,9.16546,10.679026,9.35282,13.795776,15.11043,15.884993,12.247189,12.684506,14.513837,18.889812,19.141333,16.699509,14.314727,19.338764,19.692583,23.599112,20.004457,17.794834,23.684795,22.235588,20.256374,24.565914,25.251345,24.363056,20.137278,23.803808,19.989239,22.908,22.07467,20.32097,24.77226,20.692074,24.919342,22.288343,18.360785,14.449087,13.346827,9.593295,11.69476,9.105183,12.231966,14.827086,15.235138,17.894962,20.028137,17.165565,15.885399,11.812637,12.921702,13.0999365,10.15018,13.258164,15.858242,14.080057,18.477,21.629381,20.073961,19.198366,19.700474,13.781301,17.293308,14.551608,18.832186
28,32.926147,28.846123,28.981691,25.043997,22.17408,25.405937,18.403269,21.490278,19.835907,18.261072,22.47342,19.108646,18.46627,12.441433,10.4094515,6.847079,5.39045,5.6667695,8.767314,10.1245575,13.158167,15.353962,17.806313,14.943118,13.04266,11.567578,6.9212785,4.9526687,0.0,4.863833,8.121677,9.048291,14.138045,16.700434,18.722723,22.591085,23.37952,21.11229,18.091383,14.826357,14.19519,9.777816,10.297245,6.73998,6.639912,4.801076,7.9147882,9.1296425,12.862665,10.993159,11.149144,7.9299254,11.964662,11.954321,13.242273,10.185394,8.723932,10.192967,14.662302,14.535424,12.057601,9.40016,14.566767,15.323998,18.980398,15.244317,13.707955,19.741096,18.862352,17.46679,22.305645,23.34563,23.24753,19.106352,23.295422,18.628359,22.062817,20.405031,17.930937,21.979916,17.20678,21.639967,18.987822,15.624846,11.656919,11.927148,7.504915,12.259408,11.501956,14.43087,17.67255,18.396086,21.466454,23.601799,21.159693,19.951578,15.923033,16.117168,15.390088,11.500319,14.38214,15.026239,13.081446,16.658312,19.291946,17.4224,17.361713,17.850937,12.94808,17.164732,15.36723,20.169712
29,29.218626,25.329515,25.845358,21.602125,19.203638,22.807232,15.738634,20.366095,18.58482,18.248283,22.550583,19.774387,18.38367,12.804119,9.567485,7.644579,4.447989,7.2408705,7.1710567,10.493481,12.542934,15.215853,17.2537,15.073762,14.18671,12.063907,8.665171,4.9299655,4.863833,0.0,8.502673,6.2664847,12.8189945,14.481085,16.265936,20.337194,20.235844,17.92417,14.723546,11.360693,11.583086,6.7853026,9.366892,7.322758,5.285597,7.6299996,8.200262,11.81781,14.77453,13.823937,14.833782,12.380386,16.471048,16.776583,17.592255,14.164146,13.125342,13.6914215,18.700169,17.488483,14.216296,12.978288,18.314743,19.339401,22.571722,17.859049,16.85973,23.030485,21.16967,19.746876,24.344955,25.798563,25.170776,21.418308,25.92029,21.899977,25.63351,24.533173,22.357834,26.587854,21.812761,26.433878,23.810173,20.481049,16.498747,16.43674,11.975122,15.588083,13.355947,15.864778,18.784216,18.464996,21.25271,22.629639,19.285036,17.221277,12.880112,13.49894,11.471373,8.041924,12.296489,13.054036,12.700072,16.06261,18.967552,18.139313,17.760235,19.62196,14.109774,18.186039,16.570702,21.075174
30,32.69591,28.83412,28.081007,23.665752,21.116772,22.53,15.815238,17.916536,14.657263,13.648218,16.520884,12.519318,10.6522665,5.0996256,5.768126,6.110438,8.053681,12.307436,15.296749,17.630653,20.555532,22.867321,25.302666,22.68295,21.090885,19.258036,14.96449,12.193594,8.121677,8.502673,0.0,5.764661,6.480083,10.314816,11.824008,15.491595,17.175537,15.033004,12.747074,10.305516,8.3964205,6.8751874,4.327931,4.842149,9.686478,9.178708,13.960615,16.457321,20.473211,18.963589,18.506144,14.555872,17.029018,15.499667,16.351341,14.289592,10.724266,9.025794,13.904013,10.656324,6.598344,7.6682897,12.806604,15.228341,17.114603,11.5719795,13.5462,19.38021,18.649185,18.682243,23.85007,25.975739,26.6436,23.33316,28.34779,23.351229,27.557205,25.271727,22.110975,25.227818,19.565968,23.995922,21.292849,19.475008,16.158382,18.092058,13.843767,19.730858,19.410252,21.860973,25.317305,25.482168,28.642292,30.102404,27.223145,25.265163,21.081285,20.91188,17.948057,14.09008,17.523148,14.954706,15.059598,16.131721,17.630468,16.787508,18.089258,20.229664,16.921793,21.526207,21.236057,26.112576
31,27.379423,23.626379,23.31533,18.685007,16.486534,18.691366,11.698469,16.028194,13.252899,13.811125,17.472496,14.9879465,12.997746,8.326411,4.959574,6.58323,6.1527615,11.537688,12.712917,16.014095,18.413584,20.784462,23.061535,21.252548,20.32798,18.32948,14.689126,11.131981,9.048291,6.2664847,5.764661,0.0,7.2360325,8.227787,10.282407,14.109897,14.425337,12.50207,9.075495,5.826942,6.8988485,4.69493,6.46254,7.7613873,9.331439,11.424825,13.844155,17.515411,20.856127,19.595764,20.158,16.894617,20.436705,19.59383,20.61267,17.813269,15.21104,14.3086605,19.369854,16.412548,12.321308,12.736976,17.632511,19.376783,21.471645,15.585645,16.377367,22.36327,20.154179,19.628521,24.329985,26.65131,26.481611,23.454641,28.675653,24.508026,28.974865,27.565708,25.007212,28.790302,23.460575,28.34434,25.95111,23.452261,19.651453,20.600588,15.881867,20.560135,18.877605,20.847696,24.053968,23.275017,26.19569,26.93333,23.49546,21.00703,16.914734,16.712627,12.7765465,9.42551,13.589696,11.224972,12.804041,14.0350275,16.15565,16.353638,16.855637,20.176676,15.90688,20.236443,19.98406,24.521324
32,31.198896,27.781254,26.628551,21.941282,20.130178,20.196878,14.374749,16.494022,12.034252,12.910028,14.285439,10.956631,6.9689784,5.4497066,7.1584225,10.686872,12.497531,17.694235,19.743927,22.779064,25.331312,27.767733,30.032887,27.819914,26.6734,24.55827,20.683529,17.400343,14.138045,12.8189945,6.480083,7.2360325,0.0,5.5356913,5.6460776,9.305772,11.279107,9.383744,8.087498,7.306842,5.0656896,8.045483,5.7824183,9.791328,13.950261,15.0211115,18.980957,22.43747,26.272573,25.10921,24.86888,21.011715,23.347609,21.688423,22.233606,20.290445,16.799768,14.269726,18.706472,14.031987,9.915906,13.085343,17.081797,19.90811,20.587507,14.31611,17.800016,23.023367,21.73438,22.371494,27.217949,29.986412,30.660637,27.998343,33.399532,28.703207,33.29863,31.130163,27.972559,30.847876,25.086304,29.495125,26.932673,25.614885,22.480015,24.540373,20.211292,25.929575,25.147207,27.293442,30.69497,30.22228,33.263092,34.067554,30.708696,28.141695,24.055466,23.823084,19.456436,16.385431,20.068285,16.01012,18.02099,17.481846,18.243189,18.805964,20.494635,24.00353,21.216146,25.665977,26.041052,30.711262
33,26.435644,23.191435,21.669907,17.066025,15.556801,14.939485,9.822738,12.37943,7.95466,10.730289,12.3562355,11.257359,8.502301,8.249327,7.3333883,11.82947,13.288624,18.761196,20.46271,23.64167,26.242449,28.316015,30.779514,29.333208,28.389473,26.52904,22.767101,19.314968,16.700434,14.481085,10.314816,8.227787,5.5356913,0.0,4.5968847,6.2392597,8.021152,8.007536,5.009795,5.230776,7.7747655,10.7342825,10.472532,14.0317135,17.042866,18.776978,21.907623,25.500067,29.014626,27.48504,27.799976,24.118715,27.17309,25.411951,26.645134,24.537012,20.92604,18.957348,23.310032,18.875074,14.72415,16.722645,20.078634,22.311533,22.77888,16.241386,19.019218,23.929607,21.385406,21.989243,26.242813,29.425457,29.72499,27.732903,33.40739,29.389057,34.401814,32.828663,30.083775,33.268837,27.725695,32.648045,30.715668,29.114895,25.67193,27.330194,22.660547,27.785532,26.479088,27.932829,31.280127,30.08318,33.039925,33.141598,29.764593,27.048504,23.452084,22.548365,17.60875,15.124961,18.169922,13.089201,16.461157,14.797062,15.258488,17.022848,18.522873,23.158543,20.671188,24.709608,25.764402,30.034986
34,28.876171,26.005978,24.804974,19.99515,19.125645,18.40034,13.799795,16.698254,12.0570135,14.87351,15.460669,13.734791,9.433365,10.463818,10.873454,15.059647,16.19295,21.68024,22.711052,26.249674,28.345556,30.839296,32.87057,31.137005,30.452589,28.154148,24.75742,21.148142,18.722723,16.265936,11.824008,10.282407,5.6460776,4.5968847,0.0,4.9244475,5.723759,4.2921166,4.5474753,6.455414,6.137471,10.804757,10.273299,14.562749,17.560287,19.782652,22.75224,26.91649,30.444689,29.575724,29.719173,26.095072,28.703758,27.248205,27.684261,25.50021,22.33584,19.815413,24.26412,19.37955,15.410127,18.68251,22.418276,25.139866,25.494064,19.057085,22.523104,27.500198,25.50469,26.189268,30.626215,33.716995,34.081207,31.844284,37.427063,33.170486,37.98523,36.155754,33.18592,36.201622,30.490889,35.038193,32.573364,31.187798,27.931993,29.745523,25.233278,30.543474,29.149506,31.021982,34.252136,33.175083,35.9974,36.18908,32.414436,29.366575,25.53341,25.337875,20.064083,17.999775,21.760958,17.260908,20.637363,19.344398,19.84589,21.52404,23.039036,27.478783,24.666718,28.833683,29.491953,33.86281
35,28.461473,25.899551,23.981823,19.617996,19.048428,16.760273,13.940197,15.2715225,10.591194,14.212777,13.475734,13.223166,9.66321,12.714846,13.3609085,17.875084,19.496498,24.98,26.453474,29.799894,32.191383,34.386185,36.68024,35.227184,34.424553,32.37163,28.759163,25.231136,22.591085,20.337194,15.491595,14.109897,9.305772,6.2392597,4.9244475,0.0,4.889891,6.8413343,7.332305,9.915663,11.041207,15.494392,14.731102,18.920134,22.192955,24.083055,27.305635,31.185665,34.76507,33.492622,33.641766,29.85905,32.49742,30.577635,31.45096,29.578936,25.90746,23.335928,27.305649,22.19763,18.428505,21.53406,24.317295,26.93098,26.5703,20.19197,24.023489,28.274565,25.986736,27.112226,31.10469,34.551857,35.08366,33.45061,39.188103,35.16297,40.24573,38.484215,35.572357,38.367805,32.7297,37.3792,35.387104,34.300175,31.134169,33.117672,28.572193,33.918377,32.67957,34.166958,37.492004,36.185345,39.0654,38.9396,35.379345,32.405605,28.912874,28.15201,22.788488,20.898344,23.88368,18.475792,22.282017,19.826998,19.50489,21.828787,23.662611,28.559256,26.650629,30.550573,31.875223,36.04296
