,0,1,2,3,4,5,6,7,8,9,10,11,12,13,14,15,16,17,18,19,20,21,22,23,24,25,26,27,28,29,30,31,32,33,34,35,36,37,38,39,40,41,42,43,44,45,46,47,48,49,50,51,52,53,54,55,56,57,58,59,60,61,62,63,64,65,66,67,68,69,70,71,72,73,74,75,76,77,78,79,80,81,82,83,84,85,86,87,88,89,90,91,92,93,94,95,96,97,98,99,100,101,102,103,104,105,106,107,108,109,110,111,112
0,0.0,4.3247647,6.404476,9.6806135,12.333697,15.027931,17.957542,22.237625,25.274235,27.858215,32.17833,30.237476,28.622683,27.104113,22.461357,21.883827,16.639122,16.924969,14.178495,13.799292,15.562553,11.994105,17.288134,20.374659,20.749414,24.13773,26.172993,27.5562,25.494164,25.786947,28.886608,26.164793,32.214485,28.130613,33.240753,33.51619,35.4619,36.40477,31.883263,28.48004,34.111614,30.273249,31.163143,31.175707,31.155638,31.030901,29.600767,31.239218,28.193066,33.385414,30.095028,31.953926,33.41948,31.903881,26.88391,28.029293,25.933598,28.582903,26.208227,28.355766,27.817308,33.71569,33.42909,37.58227,41.141193,41.053925,38.267838,38.44813,43.592323,42.976055,39.25282,42.06165,38.8094,43.598156,40.02879,40.5106,41.028564,39.095425,38.329865,39.108997,35.925503,32.36512,30.562628,27.39974,25.91449,22.52698,22.025642,17.586826,17.861332,17.330078,18.355862,20.131525,20.300652,19.583458,14.043525,17.41805,12.990849,18.444437,19.364107,21.833656,25.3766,26.152641,30.276297,31.086546,35.53348,39.22978,35.221794,32.25424,29.995863,24.910578,23.463823,19.515434,18.115623
1,4.3247647,0.0,5.324233,6.650195,8.915442,12.629641,14.470362,19.551697,21.974005,24.886816,28.8546,27.28892,26.128807,24.41489,20.048416,18.821617,13.850087,13.280816,10.721406,9.560283,11.594776,8.496408,14.003365,16.543976,17.458786,20.43863,22.403265,23.53619,21.193659,21.539064,24.58105,22.080551,28.273935,24.554665,29.593613,30.174644,32.21142,32.924885,28.436365,24.875628,30.28289,26.247087,26.968912,26.961714,26.84093,26.781641,25.3861,27.176685,24.298903,29.647552,26.657389,28.73058,30.501575,29.2244,24.068024,25.286978,22.614397,25.30841,23.214426,24.899855,24.013685,30.006514,29.434483,33.582054,37.064396,36.94755,34.09516,34.20216,39.35386,38.71187,34.948345,37.73789,34.501175,39.339676,35.860134,36.39436,37.064754,35.242046,34.67316,35.59776,32.60801,28.961231,27.112776,23.761292,22.003475,18.641354,17.935476,13.289839,13.776892,13.397911,15.00035,16.925499,17.657053,17.944971,12.343993,15.822538,10.722027,15.557351,16.536795,18.459879,22.19113,22.373419,26.762613,27.222572,31.854723,35.744118,31.919998,28.845318,27.055845,21.569326,20.71405,16.578625,15.991441
2,6.404476,5.324233,0.0,5.2559056,7.0559154,9.0721855,12.413431,16.04683,19.49095,21.691797,26.349844,24.49027,22.729925,21.617327,16.805183,16.79494,11.951383,12.440184,11.731123,11.568559,14.844853,12.98726,18.516489,20.288912,21.670238,24.114727,25.253391,26.347864,22.79991,23.75363,25.99047,23.997948,29.04527,25.436455,30.326849,30.44794,33.09271,34.20941,30.00015,26.789757,31.994492,28.536465,28.532276,29.274405,28.182888,28.760698,26.816252,28.825996,25.85114,30.930702,28.242899,29.709188,32.022503,29.910217,24.99971,25.35164,22.78287,24.827589,21.801655,23.784758,23.625393,28.990404,28.855236,33.12377,36.372227,36.877495,34.455116,34.4311,39.527306,39.57841,36.143353,38.858006,35.21249,40.196815,35.985092,36.998524,37.081184,34.807507,34.059933,34.44172,31.421537,28.056114,25.519306,22.758516,21.19967,18.483864,17.491926,14.336837,14.621065,15.444399,16.661236,19.404198,19.663008,19.894228,13.858256,16.0347,9.802553,15.033201,14.5791855,16.911566,19.912632,21.072783,24.855486,25.838245,29.979982,33.454845,29.206102,26.341276,23.891163,19.021032,17.249062,13.556539,11.767576
3,9.6806135,6.650195,5.2559056,0.0,3.8357131,6.3478703,8.806866,13.353525,15.80016,18.824535,22.678446,20.740904,19.538301,17.77264,13.428182,12.31402,7.3666453,7.46958,6.7255764,7.533446,11.10657,10.770275,15.95771,17.204607,19.939596,21.652985,23.199106,23.450891,19.185276,19.625286,21.631721,19.197422,23.890856,20.192692,25.074097,25.229767,27.894855,28.997002,24.852163,21.737585,26.897966,23.818895,23.772547,25.113804,23.883127,25.194143,23.678825,26.209581,23.820997,29.20922,27.193037,29.099356,31.827068,30.23076,25.203428,25.684488,22.133913,24.118332,21.490067,22.447523,21.6071,26.912195,25.98604,30.317993,32.95837,33.832977,31.297182,30.76523,35.897404,36.053013,32.351845,34.636856,30.890759,35.508373,31.264559,32.029644,32.06009,29.84628,29.045746,29.615322,26.557245,23.071583,20.916584,17.890182,16.586447,13.44732,13.443986,10.649981,12.317086,13.78217,16.242855,18.955954,20.17814,21.629002,15.935784,18.26553,11.615197,15.438082,14.639878,15.669025,18.605978,18.460085,22.728388,22.581402,27.084234,30.896832,26.597414,23.541513,22.203438,16.451801,15.756986,12.230115,11.357525
4,12.333697,8.915442,7.0559154,3.8357131,0.0,5.358388,5.6395373,10.955974,13.175995,16.015892,20.055155,18.836546,17.936287,16.54279,12.388613,11.219271,7.586429,6.190822,8.125737,7.268234,11.483507,12.000611,16.650244,16.836248,19.508495,20.67655,21.347229,21.69531,16.88333,18.127497,19.636045,18.321571,22.786697,20.010056,24.560135,25.041792,28.063534,28.92241,25.015793,21.828114,26.35964,23.019907,22.31589,23.557804,21.748135,22.99071,20.992712,23.507513,21.058035,26.230612,24.473284,26.121647,29.19536,27.367542,22.498915,22.63535,18.893892,20.604599,17.87456,18.694454,18.004631,23.160978,22.434978,26.773836,29.588322,30.435738,28.064531,27.689585,32.77985,33.122437,29.709042,32.21426,28.396238,33.416264,29.037346,30.30044,30.38294,28.131273,27.664454,28.125484,25.468546,22.063482,19.180868,16.274788,14.264194,11.985088,10.5002365,8.430083,9.530466,11.773263,14.058731,17.164186,18.34907,20.316517,14.889304,16.488174,9.702056,12.507954,11.203604,11.903996,14.793217,14.743373,18.938915,19.103521,23.5238,27.31016,23.188042,20.121033,18.67683,12.904433,12.394637,8.620474,8.714401
5,15.027931,12.629641,9.0721855,6.3478703,5.358388,0.0,5.9708233,7.4452763,11.059035,13.297186,17.753527,15.466141,13.703769,12.666935,7.868823,8.518163,5.298188,6.987805,10.045988,11.569673,15.578583,16.51379,21.183443,21.394855,24.642832,25.532133,26.164742,26.111725,20.474155,21.541649,22.238869,20.69738,23.389528,20.29797,24.577066,24.223106,27.689816,29.175386,25.664314,23.183039,27.611856,25.46522,24.379927,26.742842,24.250044,26.526907,24.543827,27.39415,25.25134,30.167166,28.884119,30.20059,33.638355,31.398642,26.81748,26.360762,22.65254,23.676,20.281956,20.932322,20.745604,24.858164,24.156832,28.508556,30.471378,32.31839,30.384014,29.489567,34.40573,35.50858,32.262074,34.24156,30.042877,34.629013,29.509819,30.888908,30.12997,27.378922,26.414703,26.261541,23.328922,20.335402,17.176878,15.158156,14.276057,12.542865,12.365301,12.558426,14.100966,16.863724,19.04478,22.318693,23.340227,25.141384,19.56799,20.605072,13.665724,16.410337,13.758695,14.271457,15.745158,16.211138,19.584734,19.554914,23.3628,26.688736,21.838177,19.043577,17.487122,12.34448,10.99956,8.894071,6.8936243
6,17.957542,14.470362,12.413431,8.806866,5.6395373,5.9708233,0.0,6.801417,7.7027993,10.844186,14.5014925,13.85681,13.626499,12.404449,9.244936,7.6601734,7.2017236,4.851896,10.08404,9.63319,13.59325,15.755423,19.335142,18.222713,21.715929,21.706486,21.665617,21.321667,15.134507,16.819298,16.969778,16.694126,19.496485,17.772514,21.618599,22.129763,25.715454,26.547853,23.245697,20.491583,24.053303,21.372267,19.650055,21.77986,18.821436,21.080023,18.896389,21.875475,20.057493,24.852968,24.154472,25.580807,29.359276,27.47602,23.050722,22.609013,18.22902,19.10969,16.37054,16.049627,15.296368,19.45955,18.351446,22.71605,24.805836,26.424904,24.421648,23.57183,28.521593,29.55845,26.41671,28.572598,24.420551,29.411777,24.485243,26.243933,25.940891,23.457453,23.153357,23.334938,21.080282,17.9334,14.257594,11.7789135,9.476407,8.724904,6.577062,8.252514,9.807113,13.284347,15.785528,19.015802,20.531998,23.3746,18.630922,19.335844,13.02741,13.642376,11.051439,9.958436,11.598584,10.652416,14.644778,14.064966,18.382355,22.195004,17.923363,14.798514,14.240433,7.946991,8.6869955,6.2304983,7.868395
7,22.237625,19.551697,16.04683,13.353525,10.955974,7.4452763,6.801417,0.0,5.3501363,5.961538,11.0727415,9.430827,7.903471,8.394123,5.385734,7.4831514,9.411332,9.977064,15.168688,16.151346,20.034182,22.147482,25.942917,24.872334,28.504957,28.323423,27.9036,27.425383,20.727873,22.502506,21.63823,21.646906,22.140402,20.642319,23.72751,23.316013,27.495955,28.946547,26.35824,24.489758,27.519522,26.148083,23.827343,26.94632,23.15279,26.263733,23.893639,26.944561,25.362923,29.477558,29.28548,30.046776,34.204803,31.646461,27.776981,26.47627,22.510767,22.379335,18.801678,18.466362,18.761496,21.052334,20.42535,24.525393,25.56102,28.441349,27.265099,25.984083,30.441887,32.565666,29.99836,31.622992,27.125473,31.667145,25.839462,28.076077,26.665646,23.527544,22.784147,21.89386,19.699516,17.485523,12.86371,12.401199,11.601906,12.486397,11.4983425,14.92427,16.14011,19.7776,21.732195,25.184217,26.253176,28.768394,23.907995,23.812853,17.544584,18.154003,14.218376,13.262021,12.561084,13.023953,14.954869,14.708061,17.472603,20.250454,14.992923,12.528775,11.449485,7.3711042,6.4287868,7.7650247,7.1208253
8,25.274235,21.974005,19.49095,15.80016,13.175995,11.059035,7.7027993,5.3501363,0.0,4.662834,6.905666,6.7245364,7.8570557,7.3346844,7.474384,6.6897707,10.856752,9.966605,15.52027,16.200726,19.471785,22.579535,25.376331,23.486712,27.697557,26.683735,26.176245,24.988844,17.853418,19.463165,17.730297,18.353546,17.69137,17.31763,19.66195,19.657457,23.968472,25.075108,22.96119,21.351683,23.447918,22.485947,19.62236,23.25206,18.978249,22.812588,20.797005,24.173332,23.365927,27.318392,27.94002,28.985216,33.37765,31.417559,27.724081,26.608091,22.015745,21.727234,19.067295,17.423548,16.903025,18.62469,16.992886,20.94668,21.159576,24.480726,23.324673,21.485886,25.838081,28.180502,25.587158,26.770311,22.186018,26.480627,20.535007,22.91274,21.48526,18.405098,17.993761,17.293037,15.607637,13.413136,8.320352,8.044057,7.083916,9.547246,8.922216,13.991339,15.748608,19.545546,21.998672,25.115013,26.777348,30.071997,25.796957,25.830786,19.99653,19.413479,15.916981,13.555403,12.623509,10.88602,13.019636,10.816479,13.974706,17.305798,12.395745,9.597012,11.186167,6.339257,8.654247,10.103305,11.552475
9,27.858215,24.886816,21.691797,18.824535,16.015892,13.297186,10.844186,5.961538,4.662834,0.0,6.118317,6.8480988,7.1272507,8.898871,9.271684,10.565672,14.378698,14.064212,19.651608,20.142637,23.680565,26.456915,29.510952,27.574766,31.358938,30.379978,29.24016,28.405725,21.330172,23.50737,21.482208,22.795952,21.6672,21.727118,23.644957,23.426432,27.891869,29.095066,27.312458,25.89834,27.632391,26.7903,23.60934,27.0753,22.46077,26.045576,23.543173,26.608608,25.639105,28.943747,29.70094,30.10202,34.67849,32.122467,28.917587,27.155403,23.076334,22.092205,18.896885,17.493906,17.967619,18.410866,17.702976,21.312147,21.362648,25.1057,24.623863,23.016369,26.90206,29.83555,27.926077,29.198988,24.634592,29.025965,22.850958,25.816257,24.02188,20.765501,20.449917,19.048553,17.896637,16.527979,11.040351,12.085697,11.266477,14.194122,12.66829,17.716068,18.660824,22.52841,24.321367,27.64608,28.825035,31.870287,27.705935,27.02727,21.529526,20.66098,16.50343,14.389512,12.073358,11.933064,12.182295,11.356994,12.779808,15.011578,9.511168,7.491534,8.082277,6.370717,7.342195,10.702024,11.628393
10,32.17833,28.8546,26.349844,22.678446,20.055155,17.753527,14.5014925,11.0727415,6.905666,6.118317,0.0,5.334263,8.631204,9.37132,12.384296,12.139424,17.191391,16.456917,21.778343,22.500925,25.325512,28.888205,31.054281,28.564219,32.975464,31.244646,30.247551,28.58234,21.34637,22.972374,19.982111,21.621778,18.427265,19.718296,20.342482,20.178364,24.703434,25.731636,24.843563,24.148746,24.647243,24.899849,21.248724,25.51833,20.516203,25.073128,23.241423,26.597105,26.598667,29.609358,31.259977,31.962584,36.678707,34.777298,31.79168,30.262478,25.72298,24.618723,22.403303,19.84714,19.4891,18.943197,17.02888,20.037033,18.320982,23.073418,22.854628,20.315203,23.677423,27.157175,25.351967,25.666767,21.058926,24.529259,18.041212,21.125252,18.778616,15.413509,15.284097,13.595563,13.369265,12.828426,7.408288,9.993801,10.205407,14.170168,13.907181,19.743912,21.318188,25.118929,27.410414,30.341625,32.072002,35.702274,31.930035,31.511744,26.22117,24.756695,21.094542,18.138649,15.870014,13.768018,13.820409,10.507435,11.365563,13.644493,8.970481,7.543042,11.701512,10.254585,12.945529,15.783617,17.379452
11,30.237476,27.28892,24.49027,20.740904,18.836546,15.466141,13.85681,9.430827,6.7245364,6.8480988,5.334263,0.0,4.107922,4.445783,8.520524,9.204241,14.340237,14.968179,19.815311,21.748035,24.664055,27.975252,30.674084,28.938572,33.67082,32.46074,32.277348,30.593704,23.35808,24.276037,21.95485,22.01359,18.854124,18.507442,19.712582,18.5655,23.160318,24.926342,23.785332,23.36637,24.82729,25.63858,22.676216,27.39402,22.923962,27.70455,26.201164,29.756939,29.462969,33.14201,34.232887,35.21535,39.739986,37.776,34.294003,32.99555,28.456894,27.826118,25.12432,23.242096,22.860312,23.366684,21.478817,24.847778,23.399113,27.932558,27.314396,24.705143,28.363792,31.489178,29.121544,29.25015,24.586582,27.534777,21.041595,23.197714,20.456438,16.82757,15.571606,13.680819,11.947542,11.266893,6.5084357,9.261296,11.098476,13.562863,15.022297,20.139854,22.338968,26.074633,28.69423,31.753437,33.4944,36.746914,32.301517,32.35182,26.324566,26.039316,22.302721,20.04846,18.405903,16.840767,17.788713,14.903433,16.491266,18.736977,13.624387,12.072482,14.6296835,12.206515,13.7282295,16.20059,16.502554
12,28.622683,26.128807,22.729925,19.538301,17.936287,13.703769,13.626499,7.903471,7.8570557,7.1272507,8.631204,4.107922,0.0,3.9284348,6.350577,9.189638,13.3637495,15.010754,19.664492,21.970549,25.256575,28.011776,31.357824,30.15807,34.632988,33.94178,33.864346,32.580124,25.455196,26.475348,24.69693,24.297037,22.002657,20.72739,22.586357,21.1007,25.592665,27.66964,26.136822,25.531078,27.74787,28.27286,25.663895,30.12294,25.901072,30.306833,28.554363,31.991495,31.210281,35.068745,35.662376,36.48942,40.90573,38.553825,34.937263,33.5165,29.30898,28.761002,25.481277,24.320383,24.40005,25.29136,23.988037,27.57219,26.719643,30.985945,30.319004,28.055508,31.884995,34.87305,32.461124,32.91857,28.248854,31.449402,25.021477,27.059807,24.389463,20.764763,19.267046,17.350323,15.128958,14.286059,10.070626,12.018819,13.624282,15.226506,16.513546,20.959631,22.972599,26.669708,29.065292,32.340843,33.752914,36.5304,31.696491,31.700863,25.410284,25.851774,21.864347,20.332592,18.75117,18.298037,19.226217,17.437239,18.987944,20.943071,15.437701,13.970547,14.912833,12.800401,12.915771,15.466481,14.621784
13,27.104113,24.41489,21.617327,17.77264,16.54279,12.666935,12.404449,8.394123,7.3346844,8.898871,9.37132,4.445783,3.9284348,0.0,5.085562,6.2102466,10.893726,12.581807,16.793137,19.570484,22.48905,25.489742,28.575712,27.494513,32.33296,31.608715,32.087296,30.484251,23.463335,23.872421,22.311111,21.155981,18.8493,17.018421,19.111578,17.522573,21.93358,24.089375,22.395657,21.858248,24.345213,25.099594,22.835228,27.532425,23.665005,28.309092,27.031952,30.659258,30.069899,34.31729,34.863388,36.144737,40.415413,38.52101,34.60021,33.63211,29.09453,28.983097,26.09021,24.726274,24.178951,25.760197,23.847683,27.572777,26.703619,30.742903,29.6543,27.17379,31.233093,33.830654,30.951315,31.2054,26.575415,29.475954,23.251348,24.712936,22.194103,18.684608,16.932673,15.533585,12.663899,11.191195,7.7407537,9.046278,11.415859,12.250418,14.82367,18.966885,21.59934,25.131859,27.996222,31.05792,32.827595,35.77084,30.88893,31.429354,24.950262,25.600357,22.092297,20.405083,19.576721,18.207682,20.083038,17.46841,19.919073,22.563189,17.31899,15.338915,16.952705,13.363568,14.213377,15.787233,15.27416
14,22.461357,20.048416,16.805183,13.428182,12.388613,7.868823,9.244936,5.385734,7.474384,9.271684,12.384296,8.520524,6.350577,5.085562,0.0,4.881252,7.268018,9.806746,13.925523,16.655363,20.075808,22.338526,26.147871,25.626238,29.946913,29.875885,30.421356,29.419207,22.739462,23.42874,22.731934,21.305779,20.98797,18.3597,21.542946,20.302275,24.396938,26.432858,23.91895,22.612532,26.078863,25.734592,23.923052,27.830254,24.405106,28.225943,26.5961,29.986267,28.73968,33.281845,33.1094,34.339252,38.35551,36.194725,32.020016,31.132692,26.921421,27.152578,23.84907,23.317768,23.053366,25.567223,24.226633,28.30392,28.585413,31.860107,30.474712,28.611488,33.07466,35.1697,32.13897,33.103706,28.549229,32.193768,26.283848,27.746012,25.87106,22.595266,21.094494,20.160727,17.153357,14.964862,11.561635,11.246259,12.29113,11.995776,13.702874,16.674768,18.990189,22.36514,24.973124,28.200106,29.638674,32.093025,26.872177,27.510279,20.799273,22.253187,18.801546,17.937243,17.737621,17.304813,19.691841,18.247139,21.223633,24.083263,18.707047,16.365839,16.38196,12.155151,11.811907,12.515253,11.08427
15,21.883827,18.821617,16.79494,12.31402,11.219271,8.518163,7.6601734,7.4831514,6.6897707,10.565672,12.139424,9.204241,9.189638,6.2102466,4.881252,0.0,5.458271,6.472197,10.706017,13.412609,16.326012,19.290253,22.42464,21.584572,26.375254,25.956293,26.893002,25.434967,18.793934,18.946327,18.322687,16.477968,16.439886,13.72828,17.18549,16.446217,20.403313,22.104662,19.368803,17.839085,21.34579,20.878138,19.231646,23.25208,20.091429,24.123676,22.99193,26.577572,25.708113,30.517323,30.530373,32.25627,36.178993,34.665085,30.317013,29.928532,25.246952,25.853771,23.302511,22.192953,21.086098,24.12916,22.03102,26.131168,26.379143,29.331026,27.53592,25.480705,30.11566,31.77966,28.350868,29.17744,24.732037,28.243177,22.69754,23.746403,22.333298,19.382244,18.07178,17.904598,14.830455,11.850585,9.120475,7.314544,8.428448,7.2646003,10.344069,13.317376,16.38093,19.628016,22.819683,25.700125,27.680685,30.629045,25.71905,26.839602,20.286402,21.288591,18.54395,17.041542,17.56476,15.671899,18.988268,16.47013,20.31614,23.884958,19.038166,16.25801,17.435434,11.898499,13.107123,12.835805,12.881802
16,16.639122,13.850087,11.951383,7.3666453,7.586429,5.298188,7.2017236,9.411332,10.856752,14.378698,17.191391,14.340237,13.3637495,10.893726,7.268018,5.458271,0.0,4.563359,6.8167048,10.314439,13.497464,15.409167,19.420977,19.651768,23.950212,24.453625,25.964745,25.067333,19.301226,19.251287,19.930828,17.197756,19.36454,15.519303,19.961222,19.372803,22.638275,24.297026,20.760757,18.569624,23.2547,21.849583,21.150469,24.234978,22.03779,25.091618,23.950008,27.22674,25.74308,30.983448,30.118969,32.02447,35.461025,33.939,29.19651,29.207565,24.8929,26.136934,23.440527,23.224382,22.174114,26.331429,24.643686,28.940708,30.156643,32.285984,30.095118,28.59013,33.51592,34.506874,30.799156,32.145626,27.962763,31.79471,26.81551,27.500124,26.66484,24.042345,22.758493,22.97061,19.65574,16.39551,14.433754,11.90989,12.0856495,9.181942,11.639259,12.0132675,15.016433,17.643051,20.777838,23.604036,25.374975,27.702879,22.348871,24.062994,17.248703,19.571394,17.47141,17.047825,18.65811,17.509699,21.417213,19.856432,24.103354,27.814917,23.037552,20.09726,20.070818,14.204548,14.358967,12.591673,11.773638
17,16.924969,13.280816,12.440184,7.46958,6.190822,6.987805,4.851896,9.977064,9.966605,14.064212,16.456917,14.968179,15.010754,12.581807,9.806746,6.472197,4.563359,0.0,5.695069,7.01439,10.384156,13.070761,16.461334,15.88235,20.237356,20.331573,21.564959,20.605507,14.767444,15.011108,15.796798,13.7167845,16.979338,14.059215,18.491966,18.883528,22.049253,23.002419,19.33308,16.524963,20.849672,18.481546,17.58061,20.114054,17.938862,20.627264,19.425114,22.685493,21.28462,26.583168,25.843504,27.939495,31.389956,30.207695,25.469337,25.708736,21.095278,22.520426,20.412407,19.805374,18.263306,22.826345,20.906227,25.194847,26.827572,28.419483,25.998152,24.71762,29.761154,30.3914,26.631317,28.309748,24.279953,28.57469,23.990606,24.848234,24.667221,22.404467,21.743685,22.420658,19.644579,16.085985,13.857168,10.537628,9.268558,6.1387033,7.51626,7.6112432,10.931864,13.692967,17.11276,19.798723,21.900494,24.789635,19.945856,21.654598,15.284072,16.615288,15.031603,13.98387,16.126095,14.11259,18.593952,16.81918,21.559067,25.668364,21.473927,18.290676,18.68686,12.204605,13.410058,10.985661,11.89094
18,14.178495,10.721406,11.731123,6.7255764,8.125737,10.045988,10.08404,15.168688,15.52027,19.651608,21.778343,19.815311,19.664492,16.793137,13.925523,10.706017,6.8167048,5.695069,0.0,5.413766,7.253884,9.231328,12.886081,13.821151,18.255566,19.148453,21.792719,20.813116,16.452436,15.390057,17.51507,13.6046,18.329378,14.028367,19.105,19.459028,21.642752,22.59316,18.293493,15.173677,20.650705,18.061289,18.605972,20.583242,19.86586,21.992447,21.590734,24.630064,23.201443,28.884964,27.577482,30.20482,33.00441,32.381065,27.312904,28.289928,23.91381,26.025564,24.32831,24.071777,22.169935,27.40703,25.303835,29.485052,31.310799,32.37314,29.522,28.328032,33.42186,33.345337,29.112276,30.696665,27.092089,30.88222,27.061602,27.012358,27.247229,25.411085,24.518593,25.693579,22.533281,18.779182,18.018013,14.361778,13.740818,9.3613825,11.936065,9.301195,12.914467,14.276124,18.012428,20.030901,22.350101,24.78006,19.858744,22.644707,16.563068,18.971485,18.529688,18.141325,21.023176,18.97695,23.780048,21.932072,26.902393,31.161308,27.123283,23.915691,24.250275,17.763247,18.664635,15.651128,15.976897
19,13.799292,9.560283,11.568559,7.533446,7.268234,11.569673,9.63319,16.151346,16.200726,20.142637,22.500925,21.748035,21.970549,19.570484,16.655363,13.412609,10.314439,7.01439,5.413766,0.0,4.269537,6.404183,9.851107,9.937894,13.651765,14.601637,16.72508,16.337654,12.611363,12.437667,15.184649,12.732172,19.071909,16.226645,20.965181,22.276173,24.406927,24.582264,20.291552,16.503344,21.2818,17.106163,17.442785,17.93543,17.501276,18.309645,17.481829,20.091393,18.267712,23.999056,22.35133,25.073643,27.680237,27.254314,22.144016,23.436028,19.124212,21.61214,20.482922,20.34126,18.216133,24.05988,22.239737,26.326036,29.077143,29.213177,26.158463,25.657522,30.82073,30.213814,26.132345,28.486443,25.206995,29.813818,26.535528,26.932514,27.909534,26.417294,26.236387,27.624187,25.087862,21.284927,19.80412,15.934722,13.784983,10.202755,9.971157,5.040572,8.106512,8.913944,12.778866,14.649107,17.13089,19.934347,15.54964,18.362856,13.076908,14.677728,15.219359,14.79056,18.4002,16.2506,21.32402,20.083961,25.235638,29.643116,26.268845,22.984198,23.038973,16.583195,17.792982,14.069174,15.602506
20,15.562553,11.594776,14.844853,11.10657,11.483507,15.578583,13.59325,20.034182,19.471785,23.680565,25.325512,24.664055,25.256575,22.48905,20.075808,16.326012,13.497464,10.384156,7.253884,4.269537,0.0,4.777322,6.109197,6.6939034,11.211108,12.158574,15.619075,14.721767,12.437156,10.90201,14.565643,11.096345,18.496113,15.548992,20.221619,21.936901,23.305979,23.063423,18.574614,14.503377,19.45221,14.8282175,16.203846,16.058071,16.881113,17.285866,17.428064,19.899044,18.557028,24.3638,22.74626,26.008505,28.16624,28.55199,23.462826,25.358023,21.041555,23.845755,23.455112,22.991198,20.327896,26.277454,23.993298,27.795017,30.43011,30.161095,26.784372,26.223494,31.28154,30.07651,25.644506,27.803509,24.994747,29.124207,26.658636,26.40063,27.894335,26.903572,26.820683,28.695919,26.221363,22.345179,21.785559,17.67493,15.786205,11.862858,12.547968,7.4945545,10.511951,10.104909,14.193423,15.04586,18.046764,20.97575,17.341917,20.671629,16.292082,17.580902,18.822062,18.159857,21.892878,19.096296,24.298763,22.498259,27.801756,32.386497,29.371788,26.075298,26.683626,20.165491,21.80818,18.15835,19.869257
21,11.994105,8.496408,12.98726,10.770275,12.000611,16.51379,15.755423,22.147482,22.579535,26.456915,28.888205,27.975252,28.011776,25.489742,22.338526,19.290253,15.409167,13.070761,9.231328,6.404183,4.777322,0.0,5.597266,8.680061,10.703748,13.352396,16.885756,17.092278,16.027193,15.043937,18.962046,15.785265,23.241547,19.943958,24.763905,26.219812,27.447365,27.36526,22.757566,18.76533,23.953672,19.222036,20.842588,20.049295,21.212624,20.759613,20.555357,22.423012,20.409212,26.10832,23.614368,26.733713,28.295567,28.516735,23.292404,25.44496,21.882996,25.023418,24.422083,24.815361,22.597576,28.892815,27.222101,31.048338,34.26116,33.612724,30.235632,30.142458,35.210884,33.78093,29.51133,32.04195,29.38967,33.725704,31.34442,31.160782,32.65746,31.586546,31.400234,33.12886,30.46812,26.596218,25.80798,21.811619,19.88516,16.013601,16.05836,10.380849,12.044095,10.616699,13.796004,14.391952,16.785593,18.685669,14.836844,18.80762,14.927312,17.348492,19.22469,19.567692,23.658838,21.819487,26.894049,25.960182,31.151012,35.59697,32.473625,29.196522,28.960026,22.689789,23.54216,19.451357,20.570442
22,17.288134,14.003365,18.516489,15.95771,16.650244,21.183443,19.335142,25.942917,25.376331,29.510952,31.054281,30.674084,31.357824,28.575712,26.147871,22.42464,19.420977,16.461334,12.886081,9.851107,6.109197,5.597266,0.0,4.9200277,7.276716,9.487355,14.390517,13.951862,14.796662,12.80147,17.326838,14.102536,22.28141,19.723356,23.998325,26.146439,26.665531,25.854374,21.373997,17.209084,21.760397,16.35936,18.779388,16.868353,19.353357,18.159378,18.971025,20.545416,19.256645,24.788132,22.612968,26.31548,27.463215,28.758783,23.793785,26.526764,22.819702,26.137426,26.55894,26.30129,23.413921,29.64193,27.44122,30.821999,33.941875,32.714046,29.036669,28.981606,33.80377,31.660847,27.172508,29.58361,27.605265,31.529587,30.21623,29.537071,31.74484,31.31848,31.49796,33.74079,31.457804,27.604744,27.460445,23.293789,21.259892,17.568756,17.77856,12.302577,13.977624,11.854645,15.162098,14.543333,17.652391,20.181135,17.812574,21.727629,19.001333,20.148926,22.551933,22.196388,26.307001,23.534145,28.693953,27.127926,32.421432,37.05556,34.556423,31.287268,31.819664,25.498785,27.132921,23.201986,25.055695
23,20.374659,16.543976,20.288912,17.204607,16.836248,21.394855,18.222713,24.872334,23.486712,27.574766,28.564219,28.938572,30.15807,27.494513,25.626238,21.584572,19.651768,15.88235,13.821151,9.937894,6.6939034,8.680061,4.9200277,0.0,6.128947,5.7966003,10.480013,9.261176,10.277951,8.3715105,12.99187,11.069478,19.45494,18.22176,21.933102,24.655552,25.420422,24.144743,20.02792,15.748253,19.232948,13.09641,14.960755,12.338726,14.852917,13.243847,14.237115,15.908377,15.115036,20.615452,19.092846,22.965069,24.49597,26.088427,21.372263,24.029922,19.873228,23.008015,24.015202,23.08445,19.782085,25.769426,23.269926,26.405334,29.507122,28.036434,24.29463,24.296906,29.032305,26.757454,22.296516,24.883564,23.051245,27.268013,26.233995,25.838076,28.396795,28.203281,28.848825,31.204144,29.44235,25.693441,25.300703,21.187922,18.638584,15.695692,15.12403,10.260806,11.782339,9.903164,13.518124,12.789872,16.446232,20.022612,18.282204,21.492971,19.042194,18.770418,21.09767,19.946472,23.851122,20.392897,25.470333,23.577627,28.817823,33.49595,31.52032,28.323853,29.382553,23.227814,25.520374,21.884314,24.547066
24,20.749414,17.458786,21.670238,19.939596,19.508495,24.642832,21.715929,28.504957,27.697557,31.358938,32.975464,33.67082,34.632988,32.33296,29.946913,26.375254,23.950212,20.237356,18.255566,13.651765,11.211108,10.703748,7.276716,6.128947,0.0,4.6050644,8.607389,9.874394,13.577872,13.191944,17.559938,16.95425,25.272125,24.33386,27.977156,30.767275,31.509823,30.105732,26.05557,21.796053,24.963398,18.51702,20.180384,16.289824,19.05897,15.635041,15.958578,16.178846,14.544626,19.42223,16.713634,20.608831,21.007807,23.070246,18.527163,21.891138,18.841162,22.445223,23.986732,23.790056,20.840466,27.090216,25.416021,28.219751,32.323586,29.833002,26.09778,27.080166,31.580324,28.70175,24.780466,28.145264,26.858236,31.552246,30.986902,30.948196,33.79346,33.68677,34.56443,36.829845,35.210365,31.479317,30.577114,26.55653,23.534225,20.995178,19.124073,13.771358,13.400515,10.03979,11.875156,9.66783,12.96269,15.999912,15.795016,19.137274,18.65673,18.173584,21.652,21.208084,25.471111,22.83972,27.589186,26.801107,31.778486,36.262352,34.70685,31.606632,31.896893,26.26221,28.08244,24.079556,26.797516
25,24.13773,20.43863,24.114727,21.652985,20.67655,25.532133,21.706486,28.323423,26.683735,30.379978,31.244646,32.46074,33.94178,31.608715,29.875885,25.956293,24.453625,20.331573,19.148453,14.601637,12.158574,13.352396,9.487355,5.7966003,4.6050644,0.0,5.838111,5.5449204,10.506201,9.996505,14.098368,14.519984,22.526266,22.62589,25.632605,28.843569,29.556143,27.745634,24.104914,19.961126,22.12163,15.413233,16.763254,12.1644945,15.268297,11.347498,12.322444,12.597024,11.968474,16.729395,15.086539,19.2766,20.143948,22.680996,18.531902,21.718071,18.088514,21.362984,23.485643,22.425762,18.972267,24.769577,22.57283,25.02765,28.833426,26.178099,22.334173,23.21325,27.524248,24.415953,20.41,23.735563,22.756243,27.38076,27.299063,27.274387,30.455044,30.674711,31.90096,34.33746,33.157585,29.589066,28.812204,24.903109,21.74992,19.78733,17.815004,13.463907,13.353869,10.702002,12.938316,10.887508,14.617683,18.578342,18.635689,21.306093,20.625664,19.058292,22.145203,20.835339,24.722353,21.269783,25.892609,24.487013,29.376982,33.90573,32.824287,29.818737,30.838814,25.321564,27.812002,24.232841,27.500473
26,26.172993,22.403265,25.253391,23.199106,21.347229,26.164742,21.665617,27.9036,26.176245,29.24016,30.247551,32.277348,33.864346,32.087296,30.421356,26.893002,25.964745,21.564959,21.792719,16.72508,15.619075,16.885756,14.390517,10.480013,8.607389,5.838111,0.0,4.5455875,9.666666,11.644105,14.369544,17.108023,24.219572,25.340935,27.969824,31.289139,32.593872,30.747236,27.48564,23.481068,24.856737,18.21617,18.15838,13.310372,15.021454,9.867247,9.130522,8.002348,6.6841655,11.02993,9.336294,13.581343,14.725604,17.383076,13.725421,16.851727,13.438397,16.562632,19.491163,18.287794,14.951274,20.452806,18.891787,20.923326,25.57022,22.14652,18.486065,20.306826,24.39227,21.231853,18.071444,22.313128,21.457169,26.985834,26.809113,27.742485,30.931906,31.061735,32.713184,34.851418,34.164795,30.819387,29.144323,25.619886,21.811615,21.006453,17.384169,14.018527,12.375635,9.999922,10.7603035,8.540105,11.943121,16.58371,17.690187,19.175589,19.608568,16.521471,19.786999,18.202538,21.798695,18.631882,22.59757,22.009914,26.387127,30.62112,30.242722,27.490774,28.24193,23.584967,26.135324,22.839743,26.671627
27,27.5562,23.53619,26.347864,23.450891,21.69531,26.111725,21.321667,27.425383,24.988844,28.405725,28.58234,30.593704,32.580124,30.484251,29.419207,25.434967,25.067333,20.605507,20.813116,16.337654,14.721767,17.092278,13.951862,9.261176,9.874394,5.5449204,4.5455875,0.0,7.2694783,8.04833,10.712021,13.535333,20.398039,21.978592,24.16261,27.715967,28.771553,26.674404,23.6695,19.83826,20.631798,13.999604,14.030154,8.825906,11.230522,6.164804,7.3226924,7.5806704,8.363297,12.741963,12.669637,16.801743,18.504053,21.143995,17.620356,20.278997,16.135818,18.783817,21.517185,19.50937,15.661296,20.693073,18.105394,20.093273,23.781982,20.849895,16.963665,17.960705,22.089535,18.889145,15.022746,18.711218,17.924303,22.982069,23.1531,23.655766,27.064049,27.488516,29.21021,31.614332,31.066519,27.800348,26.713884,23.166601,19.679415,18.874289,16.189428,13.558888,13.226911,11.720658,13.786116,12.303207,15.962804,20.67103,20.947971,22.645359,21.922888,19.06263,21.582733,19.3614,22.610857,18.479187,22.649857,20.853811,25.419922,29.859201,29.45083,26.661936,28.321253,23.309984,26.426142,23.469189,27.347588
28,25.494164,21.193659,22.79991,19.185276,16.88333,20.474155,15.134507,20.727873,17.853418,21.330172,21.34637,23.35808,25.455196,23.463335,22.739462,18.793934,19.301226,14.767444,16.452436,12.611363,12.437156,16.027193,14.796662,10.277951,13.577872,10.506201,9.666666,7.2694783,0.0,4.847059,5.652026,9.623448,15.373974,17.075354,19.396027,22.56079,24.551134,23.06346,20.138733,16.530375,17.577717,11.931429,10.216807,8.2697315,6.9613914,6.1148977,5.301931,8.718998,9.1266775,14.208552,14.901332,18.09659,21.318245,22.310143,18.43006,19.823738,14.620908,16.493921,18.018108,15.428509,11.501601,16.435663,13.25659,16.30169,19.261145,18.034164,14.464996,14.330599,19.285522,17.83382,13.78941,16.938074,14.413732,20.055435,18.310078,19.490091,21.996662,21.689629,23.208487,25.217472,24.576239,21.341616,19.663559,16.25762,12.518511,12.367524,9.271411,8.57538,9.28113,10.095553,13.190015,13.729531,17.136398,21.957592,20.535837,21.78002,19.211393,16.414873,17.425058,14.456745,17.155554,12.329818,16.88923,14.317532,19.297964,23.955904,22.857527,19.921572,21.996279,16.651106,20.164387,17.74041,21.704552
29,25.786947,21.539064,23.75363,19.625286,18.127497,21.541649,16.819298,22.502506,19.463165,23.50737,22.972374,24.276037,26.475348,23.872421,23.42874,18.946327,19.251287,15.011108,15.390057,12.437667,10.90201,15.043937,12.80147,8.3715105,13.191944,9.996505,11.644105,8.04833,4.847059,0.0,4.6776447,5.6248655,12.760245,13.961481,16.334108,19.726297,21.018278,19.28436,16.130192,12.348943,13.644871,7.480995,7.245101,5.522793,6.5557404,7.244903,9.101526,12.2478895,13.235802,18.223993,18.798859,22.37046,25.114378,26.58029,22.52503,24.288763,19.206148,21.283518,22.598118,20.142801,16.27798,20.959642,17.339867,20.185652,22.13584,21.355581,17.709528,16.768034,21.469496,19.764519,15.04115,17.062866,14.805209,19.133343,17.945173,17.878511,20.635992,20.698124,21.926283,24.426275,23.479261,20.08994,19.698765,15.951333,13.211863,11.840405,11.32087,10.000591,12.211633,12.544794,16.291899,16.428253,20.136396,24.687395,22.956785,24.954046,21.896051,20.090044,21.124344,18.445585,21.210247,16.29944,20.99963,17.62336,22.698784,27.428488,25.991404,22.994608,25.517248,19.689001,23.18174,20.697424,24.132229
30,28.886608,24.58105,25.99047,21.631721,19.636045,22.238869,16.969778,21.63823,17.730297,21.482208,19.982111,21.95485,24.69693,22.311111,22.731934,18.322687,19.930828,15.796798,17.51507,15.184649,14.565643,18.962046,17.326838,12.99187,17.559938,14.098368,14.369544,10.712021,5.652026,4.6776447,0.0,6.619128,10.326486,13.410988,14.617496,18.179974,19.973978,18.15911,15.911377,12.954478,12.580554,7.917479,4.8257017,5.6160364,2.3814182,6.8224926,8.412584,12.151372,13.952377,18.140236,19.819496,22.90975,26.256289,27.43769,23.866415,24.999416,19.6942,20.984892,22.299923,19.081066,15.2040205,18.642874,14.40481,16.99844,18.007807,17.93401,14.564255,12.800744,17.4867,16.517721,11.863292,13.381639,10.463533,15.141766,13.451064,13.996366,16.714813,16.82829,18.513426,20.951584,20.644596,17.65514,17.036737,13.847289,11.07358,11.315207,10.665716,11.876922,13.960363,15.275484,18.704918,19.293913,22.762167,27.531908,25.772009,27.132849,23.86731,21.438297,21.679089,18.330338,20.179373,14.68626,18.793812,14.517704,19.278027,23.934639,22.864103,20.093605,23.481586,18.17548,22.223076,20.584082,24.277702
31,26.164793,22.080551,23.997948,19.197422,18.321571,20.69738,16.694126,21.646906,18.353546,22.795952,21.621778,22.01359,24.297037,21.155981,21.305779,16.477968,17.197756,13.7167845,13.6046,12.732172,11.096345,15.785265,14.102536,11.069478,16.95425,14.519984,17.108023,13.535333,9.623448,5.6248655,6.619128,0.0,8.404165,8.499126,11.169603,14.398824,15.527007,14.099517,10.654977,6.9105573,9.160635,4.7726846,5.506459,8.280473,8.543044,12.053942,14.073891,17.565351,18.604511,23.562462,24.253973,27.659502,30.594044,31.72445,27.490952,28.964558,23.731997,25.550024,26.103237,23.630589,20.054323,24.224638,20.267353,23.296288,23.944273,24.47079,21.17478,19.16879,23.709417,22.8064,17.946918,18.508097,15.7336645,18.558014,16.666395,15.597821,17.669065,17.550089,18.10996,20.816319,19.37045,15.885795,16.758614,12.927667,11.703812,9.393009,11.969487,11.678684,15.224118,16.213146,20.37822,20.994816,24.598228,28.827236,26.198654,28.471972,24.297253,23.425163,23.679361,21.058393,23.400637,18.467754,23.126354,18.902037,23.93595,28.619286,26.483824,23.4875,26.515415,20.379171,23.836113,21.7715,24.519331
32,32.214485,28.273935,29.04527,23.890856,22.786697,23.389528,19.496485,22.140402,17.69137,21.6672,18.427265,18.854124,22.002657,18.8493,20.98797,16.439886,19.36454,16.979338,18.329378,19.071909,18.496113,23.241547,22.28141,19.45494,25.272125,22.526266,24.219572,20.398039,15.373974,12.760245,10.326486,8.404165,0.0,6.312089,4.58897,8.327342,10.32034,9.052754,8.260933,8.144418,6.232916,8.876729,6.8329277,13.011029,10.888413,16.729298,18.588408,22.374826,24.12908,28.233288,30.01678,32.89716,36.461723,37.21971,33.446,34.174076,28.745401,29.622732,29.809612,26.619213,23.392345,25.676664,21.191162,23.702673,22.040575,24.417782,22.011072,18.565807,22.238838,22.843328,18.548008,17.064392,13.692777,14.265092,11.041479,9.163698,9.851023,9.702277,10.101819,13.255983,12.483489,9.882124,12.461628,10.174364,11.193283,10.989314,14.985186,17.60566,21.166964,23.159325,27.12612,28.258797,31.65474,36.03019,33.083584,34.78267,30.00568,28.864883,27.935577,24.739925,25.704058,20.511856,24.045155,18.533384,22.545856,26.719952,24.620836,22.17347,26.5693,21.324862,25.189585,24.569069,27.052223
33,28.130613,24.554665,25.436455,20.192692,20.010056,20.29797,17.772514,20.642319,17.31763,21.727118,19.718296,18.507442,20.72739,17.018421,18.3597,13.72828,15.519303,14.059215,14.028367,16.226645,15.548992,19.943958,19.723356,18.22176,24.33386,22.62589,25.340935,21.978592,17.075354,13.961481,13.410988,8.499126,6.312089,0.0,5.170926,6.4909973,8.4210825,8.951258,5.7186904,5.1864047,8.4038925,10.562764,10.717225,15.987468,14.876363,19.89838,21.477016,25.27405,26.18377,31.063356,31.90856,34.930412,38.26871,38.736446,34.393505,35.297245,29.982233,31.309,30.819792,28.417204,25.463312,28.75127,24.765936,27.945969,27.054996,29.326612,26.71152,23.727755,27.87623,28.284224,23.769777,22.941435,19.54759,20.522955,17.161911,15.312404,15.223526,14.233159,13.154502,15.649808,13.111076,9.714128,12.884188,9.867888,11.834172,9.277713,15.047551,16.434296,20.620302,22.45766,26.704342,28.028366,31.3176,35.1481,31.465609,33.712486,28.283228,28.391325,27.469353,25.009733,26.49342,22.026478,26.13544,21.32451,25.77284,30.025673,26.923233,24.183544,27.631996,21.71916,24.79,23.671152,25.263758
34,33.240753,29.593613,30.326849,25.074097,24.560135,24.577066,21.618599,23.72751,19.66195,23.644957,20.342482,19.712582,22.586357,19.111578,21.542946,17.18549,19.961222,18.491966,19.105,20.965181,20.221619,24.763905,23.998325,21.933102,27.977156,25.632605,27.969824,24.16261,19.396027,16.334108,14.617496,11.169603,4.58897,5.170926,0.0,4.248087,5.798127,5.4885573,5.5303974,7.6364493,6.4553347,11.425516,10.846473,16.770678,15.344507,20.978891,22.976038,26.755749,28.354746,32.666588,34.222027,37.17729,40.664173,41.363697,37.385365,38.15532,32.740364,33.71057,33.553825,30.599026,27.535196,29.896328,25.517117,28.107618,26.11772,28.853899,26.556978,23.001518,26.449636,27.186146,22.920525,21.003883,17.88804,17.29184,14.253891,11.517811,11.053651,10.738637,9.770169,12.920562,11.365727,9.113922,13.438335,11.643444,13.989479,12.997504,18.155462,20.448454,24.37243,26.319933,30.458101,31.651613,35.041428,39.175278,35.83034,37.815273,32.60288,32.115437,31.028137,28.118599,29.076553,24.208723,27.739828,22.285421,26.126057,30.0999,27.549042,25.1864,29.47503,24.18238,27.675102,27.140554,29.010311
35,33.51619,30.174644,30.44794,25.229767,25.041792,24.223106,22.129763,23.316013,19.657457,23.426432,20.178364,18.5655,21.1007,17.522573,20.302275,16.446217,19.372803,18.883528,19.459028,22.276173,21.936901,26.219812,26.146439,24.655552,30.767275,28.843569,31.289139,27.715967,22.56079,19.726297,18.179974,14.398824,8.327342,6.4909973,4.248087,0.0,4.611494,7.020056,7.417989,10.1502905,10.388522,15.314523,14.833821,20.767256,19.080244,24.76837,26.404627,30.273342,31.556738,36.020084,37.387794,40.190533,43.80104,44.129864,40.014793,40.576252,35.20024,36.068172,35.384808,32.673058,29.952818,32.207554,28.067526,30.860641,28.644913,31.92206,29.855639,26.22748,29.662266,30.850798,26.758322,24.823648,21.468987,20.760769,17.063927,14.663991,12.945384,11.788987,9.551668,11.938844,9.388448,7.590705,12.853823,11.801043,15.195,14.035078,19.80045,22.294516,26.36968,28.556684,32.704258,34.203606,37.423824,41.307457,37.480236,39.474285,33.777332,33.81365,32.313034,29.65042,30.369135,25.9659,29.313433,24.023943,27.609026,31.318094,28.215424,25.97682,30.06955,24.94351,28.01146,27.782887,29.028572
