,0,1,2,3,4,5,6,7,8,9,10,11,12,13,14,15,16,17,18,19,20,21,22,23,24,25,26,27,28,29,30,31,32,33,34,35,36,37,38,39,40,41,42,43,44,45,46,47,48,49,50,51,52,53,54,55,56,57,58,59,60,61,62,63,64,65,66,67,68,69,70,71,72,73,74,75,76,77,78,79,80,81,82,83,84,85,86,87,88,89,90,91,92,93,94,95,96,97,98,99,100,101,102,103,104,105,106,107,108,109,110
0,0.0,4.3599,6.383053,9.851227,12.719967,14.515576,17.036356,20.663248,22.871746,26.798428,28.06991,33.280212,32.660458,34.444233,29.485352,28.902617,25.690348,25.757298,23.653505,23.264404,25.121323,24.169502,28.716164,28.589876,30.167326,31.768953,28.69554,30.81886,29.607273,31.73181,33.85196,33.576168,37.8548,38.754276,43.173496,46.439766,43.32845,44.09547,37.813435,39.62108,36.755695,37.081985,35.01987,34.01066,34.48886,32.69781,35.029774,34.492683,33.621593,38.02796,37.900665,37.80076,38.405704,40.83112,40.30579,45.500393,42.09179,40.042698,45.585346,44.20492,41.238617,37.342403,35.48463,32.989918,32.660404,30.045567,28.882507,26.373922,27.492176,24.072823,24.114372,25.906887,28.702002,30.174269,33.23547,34.2424,39.319702,39.539345,43.050213,42.628986,37.342117,40.799614,40.01558,36.178642,32.600914,31.206783,28.51485,26.627476,24.27608,21.871578,22.49887,18.900581,18.830524,14.348694,14.449965,11.513598,13.132816,15.213816,18.823082,18.82012,25.281946,25.203907,29.84134,33.269257,32.309456,29.11647,29.803032,25.33488,23.660162,22.114927,19.218344
1,4.3599,0.0,5.3033013,6.706342,9.786057,12.6203,14.746136,18.9626,21.427216,25.40088,27.404871,32.22978,31.913225,34.051136,29.402773,28.326218,25.530823,24.924171,23.543142,22.007109,24.044744,22.65495,27.158943,26.461748,27.53292,29.514212,26.284178,29.019215,27.524633,30.652283,32.373074,32.956684,36.72672,38.389423,42.418312,45.93525,43.15687,43.684788,37.443474,38.74179,35.89547,35.687763,33.369236,31.918959,32.24634,30.056355,32.35965,31.438187,30.36837,35.021763,35.20969,35.425053,36.417667,38.59468,38.447315,43.67655,40.340427,37.935726,43.268555,41.592342,38.343616,34.667725,32.336555,29.757353,29.082949,26.42428,24.947521,22.346027,23.701138,20.31729,20.396353,22.776546,25.385187,27.379509,30.163258,31.760311,36.594215,37.36592,40.95381,40.835884,35.52844,39.135674,38.816593,34.845955,31.460196,29.501492,27.448019,24.654589,22.542332,19.574476,20.194529,16.348381,16.606108,12.021753,12.079206,10.383951,12.117605,14.562053,18.69025,17.44158,24.22613,23.347778,28.09535,31.445072,29.975628,26.823679,26.747585,22.583078,20.379992,18.8792,15.514883
2,6.383053,5.3033013,0.0,5.490431,6.9573936,8.328419,11.481479,14.486569,17.308325,21.012438,22.949371,27.947367,27.99017,30.376291,25.857288,25.548807,23.134363,23.229904,22.610926,21.768288,24.733387,23.971777,28.697184,28.518139,29.494293,30.896885,26.925177,29.495691,27.041775,29.720495,30.887846,30.984217,34.46936,35.857864,40.079067,43.38245,40.737587,41.649265,35.715183,37.01794,34.747784,34.31364,32.93477,31.479834,32.495064,30.320028,33.81629,32.93697,31.198568,35.8265,35.323208,35.944744,36.49036,37.979607,37.53751,42.67678,38.789646,36.495533,41.66326,40.055,36.98436,33.69324,31.533281,29.554409,28.655039,27.278444,25.223038,23.382936,25.22829,21.734798,20.949677,22.768965,24.635962,26.315483,28.756578,30.008144,34.556366,35.134193,38.463818,38.5217,32.942535,36.00296,35.740807,32.119072,28.809765,27.126612,25.317274,22.9894,21.94578,19.569975,21.200245,18.046913,19.146944,14.543098,13.257223,11.3412075,11.284078,12.707495,16.382944,14.659704,20.907345,20.6048,24.931221,28.233322,26.988878,23.984053,24.499355,20.807257,18.885765,18.343225,15.289074
3,9.851227,6.706342,5.490431,0.0,3.854927,7.1457386,8.237762,13.232153,15.378171,19.406733,21.907112,26.287954,26.218372,28.724827,24.547995,23.235191,21.19476,20.256516,20.331518,18.111626,21.18777,20.05774,24.659357,24.076492,24.624262,26.183022,22.061743,25.127121,22.50093,26.183784,27.075724,28.1957,31.235939,33.507034,37.203384,40.83097,38.49969,38.996777,33.058865,33.812775,31.425074,30.524645,28.727055,26.897455,27.722517,25.26218,28.780437,27.68799,25.800068,30.528978,30.22843,31.044722,31.912207,33.291172,33.207203,38.379353,34.718685,32.117813,37.197643,35.396927,32.127888,28.804539,26.38185,24.229103,23.329878,21.79332,19.841232,18.02036,19.837036,16.338758,15.461247,17.451622,19.402887,21.379095,23.846645,25.503767,30.086933,31.041601,34.55614,34.726284,29.289066,32.790997,32.855568,28.937994,25.795185,23.476042,22.193775,18.844913,17.809591,14.891468,16.557035,13.453659,15.104098,10.778503,8.997535,8.809422,8.67071,10.555133,14.752923,11.769781,18.49501,17.080341,21.740675,25.006027,23.323195,20.219759,20.11414,16.153719,13.9496155,13.038524,9.8713045
4,12.719967,9.786057,6.9573936,3.854927,0.0,4.2401805,6.004623,9.970362,12.977829,16.60375,19.768354,23.900097,24.507694,27.495932,23.76024,22.85743,21.501974,20.76336,21.832275,19.601696,23.252514,22.330044,26.853287,26.262566,26.403593,27.81215,23.216278,26.482117,23.015144,26.93056,27.07783,28.350157,30.743704,33.24944,36.808212,40.372684,38.3774,39.03919,33.45684,33.89458,32.014988,30.605946,29.413937,27.30713,28.529474,25.834831,30.090298,28.7516,26.255526,31.075964,30.522345,31.874214,32.67657,33.318336,33.284817,38.33727,34.32404,31.573458,36.27295,34.28609,30.938787,28.225887,25.525467,23.88127,22.387487,22.009552,19.188906,18.018297,20.471237,17.117653,15.572125,17.626707,18.546888,20.752361,22.51095,24.43175,28.42297,29.7231,33.025024,33.62291,27.971622,31.023586,31.53507,27.898678,25.042456,22.566532,22.078289,18.532127,18.713602,16.035273,18.346321,15.783573,17.957293,13.97675,11.697045,12.015932,10.860118,11.851212,15.53656,11.3384695,17.365267,15.817707,19.998947,23.080166,21.105778,18.258583,17.864717,14.965821,12.410768,12.800716,9.5479145
5,14.515576,12.6203,8.328419,7.1457386,4.2401805,0.0,4.5592194,6.3433647,9.632142,13.069841,16.002214,20.416513,21.240252,24.365427,20.72927,20.624588,19.600351,19.651905,21.204887,19.915842,24.083704,23.790874,28.362217,28.367239,28.666178,29.462208,24.515894,27.304144,23.285833,26.365257,26.1639,26.746859,28.998405,31.048529,34.83442,38.13756,36.18476,37.208233,31.925995,32.491524,31.109762,29.696487,29.390936,27.496744,29.302883,26.87099,31.932367,30.844994,28.035316,32.581608,31.350906,32.84553,33.124454,33.310654,32.885525,37.789494,33.345196,30.863077,35.464657,33.69702,30.691961,28.223352,25.995584,24.935215,23.557133,24.187311,21.33526,20.837408,23.298166,20.015144,17.973774,19.058743,19.44867,20.953875,22.528154,23.757484,27.569405,28.404179,31.427961,32.03602,26.211466,28.722523,29.109562,25.838928,23.023285,21.025879,20.576822,17.881184,18.929695,17.128702,20.064222,18.200914,20.614357,16.783493,13.998622,13.709227,11.452032,11.287184,14.05802,9.76783,14.798237,14.137873,17.762585,20.811213,19.318943,16.62587,17.320057,14.778097,13.095553,14.2605,12.088816
6,17.036356,14.746136,11.481479,8.237762,6.004623,4.5592194,0.0,6.5903707,7.5082984,11.508802,14.545902,18.336239,18.739296,21.817701,18.484283,17.464844,16.864035,16.165064,18.519922,16.47701,20.897123,20.678223,25.03316,25.093138,25.179216,25.677252,20.500568,23.35304,18.971828,22.485716,21.96781,23.204268,25.1066,27.77411,31.174702,34.70203,32.969265,33.695126,28.465233,28.633947,27.264137,25.513826,25.163658,23.098986,25.014181,22.553608,28.01368,26.986856,23.972998,28.35623,26.90946,28.545527,28.802395,28.793259,28.46508,33.365135,28.995285,26.392433,31.023037,29.254782,26.26944,23.670015,21.583694,20.607594,19.52602,20.469936,17.9903,17.942715,20.158628,17.017101,14.597687,14.926954,15.207295,16.41915,18.17135,19.27449,23.327377,24.136198,27.324392,27.879519,22.14021,25.073132,25.555567,22.01506,19.2882,16.859993,16.815468,13.49985,15.000715,13.341476,16.659472,15.529142,18.415903,15.308832,12.050647,12.788657,10.01696,9.505544,12.042283,6.473002,11.62294,9.991213,14.01913,17.149683,15.528043,12.581912,13.464567,10.257544,9.085681,10.282274,9.246191
7,20.663248,18.9626,14.486569,13.232153,9.970362,6.3433647,6.5903707,0.0,5.498201,7.3220425,11.357625,15.0519285,17.011477,20.820787,18.30064,18.993702,19.34813,19.836685,22.859701,21.871342,26.603296,26.816412,31.079327,31.383127,31.328453,31.541357,26.13441,28.722713,23.68277,26.453485,25.08342,25.611115,26.699852,28.894972,32.361805,35.405354,34.05096,35.357822,30.903364,30.991161,30.581482,28.5172,29.44363,27.423422,29.936232,27.543276,33.68607,32.574196,29.067389,33.27993,31.347082,33.463753,33.343845,32.3735,31.801638,36.296818,31.332941,28.918,32.83075,31.06426,28.35349,26.841015,24.827883,24.81418,23.11223,25.5735,22.260998,22.926212,25.66109,22.78216,20.014763,20.256708,19.21951,20.216717,20.754513,21.615862,24.39634,25.245275,27.71547,28.838509,22.892279,24.402988,25.338898,22.781124,20.607136,18.769382,19.572367,17.323765,20.216095,19.32241,22.926315,22.094181,24.997316,21.777767,18.563175,18.739239,15.688396,14.414258,15.645283,10.64462,12.5489025,12.251245,14.186536,16.674221,15.26488,13.3211565,14.650248,13.994571,13.119244,15.821832,14.879101
8,22.871746,21.427216,17.308325,15.378171,12.977829,9.632142,7.5082984,5.498201,0.0,4.4763618,7.235334,10.95307,11.92794,15.5906925,13.229955,13.7057,14.678313,15.31868,19.108034,18.569616,23.524225,24.333757,28.315422,29.243916,29.38088,28.812105,23.31752,25.220922,19.915897,21.817211,20.17043,20.36349,21.315102,23.431868,26.880072,29.912792,28.59413,29.902248,25.636492,25.671663,25.563288,23.509518,25.080534,23.387901,26.354431,24.45814,31.16056,30.530842,27.018463,30.63293,27.984997,29.98409,29.301224,28.132547,27.152615,31.505676,26.383179,24.326588,28.423262,27.103748,24.94354,23.13539,22.112274,22.46213,21.654755,24.468801,22.114979,23.222492,25.32494,22.618996,19.66796,18.391872,17.438807,17.099125,18.09433,17.634134,20.887495,20.73202,23.191614,23.881708,17.960278,19.612879,20.063225,17.43939,15.193817,13.759541,14.532088,13.191465,16.771515,16.96996,20.907463,21.089907,24.1687,21.64377,18.121078,18.383617,14.736917,12.6091585,12.497996,7.75445,7.2276006,7.7243633,9.209206,11.971121,11.627032,9.465188,13.00621,11.422257,12.448228,14.76775,15.499182
9,26.798428,25.40088,21.012438,19.406733,16.60375,13.069841,11.508802,7.3220425,4.4763618,0.0,5.564725,7.7854886,10.582176,14.893457,13.939974,15.370083,17.316193,18.323637,22.63066,22.327316,27.325296,28.291048,32.043743,33.01084,32.91073,32.159306,26.588865,28.396305,22.711786,24.348808,21.9252,21.995266,21.899807,23.956629,27.055365,29.72594,28.95208,30.53236,27.100431,26.790628,27.47445,25.013582,27.437822,25.697329,28.985172,27.11432,34.20941,33.488285,29.630795,33.019917,30.072695,32.470448,31.599533,29.614588,28.584116,32.480648,27.063486,25.1251,28.444275,27.123896,25.246956,24.385517,23.451326,24.52388,23.361147,27.205006,24.453773,26.094046,28.433752,25.993511,22.824362,21.477757,19.63748,19.167265,19.169886,18.56009,20.571636,20.501581,22.277624,23.500126,17.689386,18.06711,19.11457,17.45138,16.03617,14.954297,16.75557,15.910905,20.300982,20.812778,24.825922,25.26787,28.441628,26.031914,22.506607,22.858953,19.199446,16.968248,16.354067,12.064527,9.4493475,10.308128,9.451368,11.074837,10.964306,10.100558,13.669685,14.017711,15.126534,18.156181,19.002434
10,28.06991,27.404871,22.949371,21.907112,19.768354,16.002214,14.545902,11.357625,7.235334,5.564725,0.0,5.7347264,6.647704,10.375848,9.32859,12.338894,14.441185,16.71747,20.75608,21.961475,26.845486,28.491978,32.129036,33.87535,34.32495,32.91226,27.559822,28.368422,23.047825,22.82214,20.74002,19.157644,19.581999,20.189571,23.909206,26.085634,24.946438,27.022861,23.873959,24.203562,25.253578,23.525013,26.749596,25.803297,29.408825,28.28627,35.468765,35.35537,31.84632,34.68009,31.143517,33.03301,31.429893,29.68004,27.915224,31.562197,26.020424,24.937628,28.54401,28.003412,26.943892,25.572931,25.818882,26.933617,26.696005,30.172186,28.295929,29.803593,31.600748,29.085176,26.083237,23.842775,22.685852,21.087364,21.871168,19.768473,22.345036,20.697027,22.178364,22.525438,17.092241,17.064884,16.718798,15.554297,13.889478,14.4702425,15.046041,16.404398,20.451641,21.964277,25.940977,26.818592,29.780144,27.550095,24.015121,23.668646,19.765186,16.941782,14.963325,12.73543,8.071018,11.35355,9.872592,11.400638,13.3454,12.472002,17.622143,16.676064,18.840801,21.02553,22.465393
11,33.280212,32.22978,27.947367,26.287954,23.900097,20.416513,18.336239,15.0519285,10.95307,7.7854886,5.7347264,0.0,5.252576,9.566554,11.485165,13.877221,17.328848,18.964367,23.921215,24.574743,29.401772,31.105574,34.217865,35.90126,35.911293,34.20018,28.84354,29.58933,23.83147,23.72734,20.474125,19.577793,18.111414,19.442486,22.034061,23.97634,23.901947,25.889818,23.955004,23.34539,25.359383,22.813524,26.90135,25.78088,29.685211,28.61734,36.21903,36.032574,32.151566,34.501133,30.59023,32.986614,31.226936,28.379822,26.700695,29.668766,23.956676,22.9637,25.486568,25.010508,24.4434,24.157,24.72063,26.689478,26.35324,30.935482,29.015774,31.224127,33.02581,30.982311,27.74221,25.098892,23.006916,21.033058,20.792898,18.32045,19.429668,17.702883,18.312138,19.282286,14.310007,12.738741,13.394821,13.492433,13.343542,13.935095,16.252876,17.530281,22.553555,24.379833,28.399685,29.864819,33.045204,31.337915,27.75514,28.055285,24.173527,21.412495,19.305626,16.652498,10.80522,12.968731,9.198981,8.793214,11.339732,11.981723,17.085642,17.741236,20.307255,22.991325,25.024809
12,32.660458,31.913225,27.99017,26.218372,24.507694,21.240252,18.739296,17.011477,11.92794,10.582176,6.647704,5.252576,0.0,4.5675964,6.827717,9.2867,13.048233,15.1106825,19.939608,21.381601,25.957848,28.120312,31.00565,33.2545,33.701397,31.473948,26.417557,26.351559,21.06757,19.576809,16.75295,14.745029,13.957331,14.44871,17.654451,19.661837,19.032022,21.10679,18.944933,18.802288,20.80401,18.899979,23.310984,22.854673,26.868723,26.444733,33.909042,34.267174,30.837276,32.721756,28.460312,30.268932,27.996857,25.682178,23.439386,26.43945,20.802248,20.460585,23.737099,23.928728,23.875912,22.593887,24.152498,25.82489,26.473001,30.316038,29.380322,31.337055,32.520245,30.449865,27.449797,24.026888,22.78973,19.899267,20.74587,17.091034,19.463135,16.313187,17.261013,16.969538,12.284531,11.698718,10.351098,10.00403,9.2453165,11.256877,12.317637,15.2526045,19.74795,22.336462,26.184834,28.094542,31.073092,29.757132,26.252396,26.298285,22.40262,19.401297,16.468199,15.255355,8.447131,11.747304,8.358718,8.551627,12.424685,12.303478,18.416407,17.349625,20.745079,22.484566,25.113111
13,34.444233,34.051136,30.376291,28.724827,27.495932,24.365427,21.817701,20.820787,15.5906925,14.893457,10.375848,9.566554,4.5675964,0.0,5.4532714,8.229797,11.987852,14.63877,18.955015,21.400534,25.514517,28.15267,30.68193,33.497093,34.32993,31.581106,26.969458,26.00947,21.393341,18.227324,15.888353,12.286751,11.990329,10.637448,14.430488,15.963849,14.9025755,17.375046,15.661028,16.10613,18.48748,17.43478,22.404846,22.742697,26.808638,27.09013,34.309357,35.178726,32.166786,33.4802,28.881615,30.147242,27.29504,25.327456,22.49172,25.109993,19.699757,20.282448,23.753145,24.68717,25.323687,23.537968,26.011234,27.57137,28.950994,32.313416,32.12106,33.935867,34.64052,32.626907,29.853916,25.888954,25.23772,21.69104,23.148005,18.642334,21.459854,17.175476,17.90992,16.51416,12.965609,12.5194845,9.249149,9.433698,8.637113,12.241949,11.926078,16.504303,20.255465,23.504461,27.060102,29.343973,32.06873,31.108248,27.757652,27.504036,23.70986,20.592607,16.958881,17.295753,10.541873,14.270685,11.40062,11.519842,15.849663,15.569796,21.891592,19.992147,23.81492,24.89017,27.873245
14,29.485352,29.402773,25.857288,24.547995,23.76024,20.72927,18.484283,18.30064,13.229955,13.939974,9.32859,11.485165,6.827717,5.4532714,0.0,5.512144,7.5941205,11.301634,14.70703,17.86558,22.039213,24.667942,27.696781,30.585318,31.840313,29.378069,24.786844,23.892252,19.74217,16.536348,15.603527,11.473749,13.752938,12.1942005,17.063997,19.097404,16.814262,19.047424,15.505645,17.019123,17.956503,17.764765,21.513437,21.95218,25.657383,25.84481,32.61841,33.546032,30.901648,32.687477,28.52596,29.312885,26.720116,25.91983,23.166903,26.604216,21.489656,21.699324,26.208448,26.84804,26.823017,24.069424,26.104778,26.856873,28.32568,30.659382,30.590101,31.792185,32.412113,30.029001,27.519371,23.845097,24.077852,20.876339,23.23181,19.22835,23.299175,19.518267,21.202986,19.615864,15.386947,16.520351,13.452375,11.815176,9.130855,12.226027,9.844336,14.626296,17.28283,20.345198,23.804434,25.643347,28.136759,26.845135,23.58651,22.789381,19.028582,15.833315,11.953084,13.373395,7.6993904,12.331271,11.508076,13.15645,16.740835,15.345437,21.583635,18.340183,21.88698,22.37427,24.972612
15,28.902617,28.326218,25.548807,23.235191,22.85743,20.624588,17.464844,18.993702,13.7057,15.370083,12.338894,13.877221,9.2867,8.229797,5.512144,0.0,4.634526,6.4208646,11.0617285,13.224242,17.319021,19.976227,22.651106,25.559355,26.73629,24.045723,19.577099,18.482212,14.392307,11.192826,10.354476,7.108766,10.1169195,10.456342,14.756298,17.841911,15.575209,16.726742,12.098103,13.09405,13.24315,12.815572,16.05617,16.515827,20.176174,20.553684,27.245975,28.343843,25.906015,27.417656,23.237371,23.833227,21.267601,20.81728,18.150385,22.01602,17.180336,17.166185,22.322033,22.954927,22.833939,19.35788,21.753208,22.225452,24.321808,26.186888,26.86644,28.053286,28.177937,26.052137,23.720432,19.464142,20.144302,16.435734,19.45452,15.118869,20.083305,16.180918,18.583954,16.551762,12.437147,15.310522,12.287307,8.989128,5.2636304,8.10059,4.414306,10.03186,12.428298,15.979705,19.252728,21.692558,24.212616,23.649242,20.502258,20.401669,16.890642,13.987503,10.321993,11.589464,6.5385747,9.655438,9.756648,11.730575,14.964956,13.143236,19.164919,15.000024,19.056679,18.835693,22.121576
16,25.690348,25.530823,23.134363,21.19476,21.501974,19.600351,16.864035,19.34813,14.678313,17.316193,14.441185,17.328848,13.048233,11.987852,7.5941205,4.634526,0.0,4.854918,7.130778,10.882099,14.6807375,17.492306,20.567413,23.732723,25.508314,23.011086,18.915028,17.585844,14.641099,11.039289,12.313936,8.654044,13.612647,13.078857,17.823463,20.800587,17.697634,18.719234,13.045593,15.180973,13.9321575,14.810361,16.56629,17.395773,20.423115,20.93029,26.788385,28.094513,26.252657,28.002342,24.319069,24.22082,21.849789,22.699467,20.106247,24.32971,20.124464,20.073328,25.728548,26.288435,25.829523,21.648808,23.741266,23.409761,25.689426,26.34737,27.354673,27.861214,27.734728,25.313538,23.421352,19.481213,21.218435,17.931927,21.694181,17.947002,23.547167,20.030533,22.777235,20.568455,16.605349,19.883505,16.82306,13.36387,9.507746,11.419122,6.126176,11.0324955,11.232402,14.620919,17.46737,19.492064,21.577993,20.845287,17.958406,17.148973,13.87592,11.0222845,6.8962116,10.470913,8.231613,11.2354355,13.10263,15.676162,18.25112,15.818663,21.29249,16.064672,19.644958,18.600214,21.455399
17,25.757298,24.924171,23.229904,20.256516,20.76336,19.651905,16.165064,19.836685,15.31868,18.323637,16.71747,18.964367,15.1106825,14.63877,11.301634,6.4208646,4.854918,0.0,6.0217013,6.8475547,10.956283,13.569338,16.415363,19.35821,20.880503,18.31722,14.1121235,12.949003,9.845502,7.419266,8.998302,8.105818,12.569155,14.168896,17.753584,21.440332,18.828594,18.876377,12.823925,13.895713,11.712141,11.9124565,12.386239,12.84903,15.688802,16.113392,21.968365,23.269373,21.514082,23.192541,19.66896,19.53648,17.49887,18.684427,16.535616,21.225477,17.43267,16.809656,22.813026,23.108349,22.332453,17.628057,19.697557,19.013144,21.724062,21.94938,23.542048,24.062393,23.546808,21.400698,19.653366,15.260639,17.409115,13.911387,18.192993,14.647942,20.781124,17.713064,20.997051,18.833145,15.034352,19.390905,16.964663,12.677413,8.959418,9.253652,3.878684,7.29978,6.679273,10.575681,13.304868,15.98404,18.238083,18.2673,15.478722,15.737813,12.868658,10.684615,7.964141,9.912413,9.000183,9.718705,12.391689,14.987453,16.816051,14.172395,18.903389,13.098186,16.895758,15.22016,18.68085
18,23.653505,23.543142,22.610926,20.331518,21.832275,21.204887,18.519922,22.859701,19.108034,22.63066,20.75608,23.921215,19.939608,18.955015,14.70703,11.0617285,7.130778,6.0217013,0.0,6.506256,8.600033,11.682604,14.756251,18.325172,20.90912,18.503672,15.541881,13.61014,13.139257,9.758454,13.638099,11.549359,17.340893,17.392935,21.438059,24.722446,21.240128,21.254553,14.658431,17.0939,13.767545,15.837355,14.860759,16.155762,17.866264,18.77957,22.917408,24.68623,24.003828,25.620802,22.77717,21.529634,19.612373,22.412163,20.22926,24.819393,21.928337,21.699003,27.881683,28.359167,27.554909,22.359764,24.301712,22.822346,25.765768,24.458044,26.596605,26.236092,25.249264,22.88277,21.916704,18.130213,21.437183,18.523533,23.235111,20.184439,26.502981,23.4889,26.779478,24.261513,20.930206,25.225878,22.342175,18.306643,14.596895,15.261761,9.762679,12.431558,8.965709,11.981956,13.335532,15.342626,16.545563,16.6352,14.637598,13.699107,11.783945,10.248721,7.829288,12.430729,13.670156,14.797946,18.104046,20.88618,22.555496,19.676668,23.899183,17.545517,20.565773,17.988676,20.694878
19,23.264404,22.007109,21.768288,18.111626,19.601696,19.915842,16.47701,21.871342,18.569616,22.327316,21.961475,24.574743,21.381601,21.400534,17.86558,13.224242,10.882099,6.8475547,6.506256,0.0,5.000151,6.8334846,10.376114,12.95549,14.912882,12.973827,9.337942,8.825842,8.09882,9.000921,12.131421,13.569601,17.744122,20.13894,22.985989,26.933203,24.322254,23.612171,17.248148,18.03295,14.362423,14.77707,11.905081,11.880135,12.89979,12.98897,17.111177,18.455378,17.68421,19.756227,17.570593,16.632946,15.8326235,18.784855,17.682741,22.774925,20.266039,18.93605,25.105188,24.886078,23.339346,17.900875,19.064547,16.964355,20.019772,18.052631,20.627514,20.19731,18.902233,16.778738,15.99189,12.041889,15.943462,13.502513,18.508307,16.526546,22.985525,21.152462,24.927507,23.002134,19.560595,24.595654,22.843813,18.248693,14.9666195,13.6844015,9.955992,8.988918,3.4463637,5.9992776,7.1256723,10.036387,11.830076,12.856806,10.864514,11.945442,10.608251,10.19259,10.034073,11.432624,14.045231,12.884837,16.90921,19.671785,20.16844,17.154337,19.982134,13.354746,16.05304,12.737239,15.926015
20,25.121323,24.044744,24.733387,21.18777,23.252514,24.083704,20.897123,26.603296,23.524225,27.325296,26.845486,29.401772,25.957848,25.514517,22.039213,17.319021,14.6807375,10.956283,8.600033,5.000151,0.0,3.7147694,6.213074,9.8718405,12.881477,10.581404,9.26258,7.286556,10.160995,10.292375,14.58917,16.04354,20.48815,22.579798,25.0255,28.886938,26.07047,24.84545,18.472448,19.483162,14.987228,16.387142,12.046982,12.831655,12.446465,13.433416,15.306365,17.412006,17.995693,19.305305,17.760805,15.571969,14.965697,19.425537,18.488173,23.288855,21.945412,20.9651,27.089102,27.129435,25.794363,19.988834,21.468819,18.862133,22.490383,19.218668,22.85463,21.935612,19.775145,18.09945,18.199533,14.510924,19.020638,16.706732,21.809914,19.924633,26.321503,24.397844,28.146833,25.826216,23.226978,28.451294,26.440926,21.920374,18.883787,17.847675,14.043101,13.418766,7.698165,9.106685,7.7247353,10.69694,11.120702,13.53627,12.8217945,13.800933,13.743044,14.039456,14.102482,16.210886,18.943565,17.795256,21.645918,24.20199,24.69296,21.802458,24.169254,17.636847,19.993097,16.126884,19.063889
21,24.169502,22.65495,23.971777,20.05774,22.330044,23.790874,20.678223,26.816412,24.333757,28.291048,28.491978,31.105574,28.120312,28.15267,24.667942,19.976227,17.492306,13.569338,11.682604,6.8334846,3.7147694,0.0,4.7920747,6.8771186,9.947337,8.846933,7.9986763,7.8293366,10.914754,13.218153,16.858873,19.221899,23.141418,25.830755,28.039955,32.051292,29.469946,28.14318,21.89258,22.476534,18.060692,18.802578,13.834619,13.749857,12.515129,12.689512,13.401115,15.085527,16.065538,17.898903,17.373756,15.297381,15.787073,20.330116,20.111622,24.98596,23.875614,22.345201,28.261164,27.843052,25.987677,20.276848,20.915743,17.75197,21.127672,16.88352,20.729614,19.338018,16.894665,15.313315,15.973654,13.034341,17.968445,16.540203,21.508137,20.611904,26.82776,25.71953,29.621729,27.714321,24.950872,30.30274,28.819407,24.180513,21.26673,19.535845,16.477299,14.460559,8.708481,8.279189,5.3895197,7.9891768,7.982553,11.234321,11.18122,12.95352,13.684926,14.737357,15.836454,16.971416,20.636173,18.780039,22.98488,25.595821,25.43567,22.478926,23.885748,17.473915,19.08899,14.823337,17.34179
22,28.716164,27.158943,28.697184,24.659357,26.853287,28.362217,25.03316,31.079327,28.315422,32.043743,32.129036,34.217865,31.00565,30.68193,27.696781,22.651106,20.567413,16.415363,14.756251,10.376114,6.213074,4.7920747,0.0,4.805206,8.346318,5.9683075,8.211811,6.4939737,11.885828,13.785647,17.544384,20.463789,23.937304,26.860949,28.292002,32.284157,29.92436,28.021011,22.210821,22.411966,17.733458,18.68979,12.810891,13.226509,10.843439,12.054988,10.688271,13.367733,15.493644,15.986027,15.800232,12.671244,13.374745,18.868673,18.934101,23.324944,23.327417,22.071575,27.686243,27.544718,26.066662,20.234823,21.473562,18.289835,22.320707,17.725748,22.531733,21.339094,18.203545,17.499535,18.486923,15.221219,19.947607,18.148792,22.966599,21.841005,27.780176,26.51521,30.290976,28.0913,26.274681,31.766375,30.216118,25.705551,23.246002,21.604261,18.87684,17.124807,11.823727,11.982655,8.88677,11.874712,11.424628,15.411855,15.728784,17.672499,18.46332,19.366013,20.034927,21.223772,24.104757,22.097334,25.789478,28.00572,27.940807,25.292429,26.507618,20.48909,22.340446,18.118912,21.001074
23,28.589876,26.461748,28.518139,24.076492,26.262566,28.367239,25.093138,31.383127,29.243916,33.01084,33.87535,35.90126,33.2545,33.497093,30.585318,25.559355,23.732723,19.35821,18.325172,12.95549,9.8718405,6.8771186,4.805206,0.0,4.1472244,4.9100003,7.9653435,9.01468,13.342338,17.34483,20.21508,24.051222,26.87268,30.519556,31.70464,35.875664,33.856686,31.916342,26.25847,25.94137,21.548601,21.603561,15.529993,14.783022,11.717709,11.582694,8.311197,10.093951,12.895803,14.069322,15.4319105,12.877172,15.08043,20.07006,21.035015,25.426397,25.538471,23.59278,28.785162,28.028564,25.909971,20.441067,20.55246,16.819376,20.39753,14.701245,19.78311,18.152378,14.596441,14.392724,16.072226,13.881979,18.67463,17.996382,22.368248,22.470339,27.975502,27.754093,31.637724,30.021555,27.999098,33.544495,32.67645,28.083134,25.805069,23.414076,21.576744,18.468445,13.612632,12.278189,8.488935,10.629077,9.9309,14.4461155,15.308316,18.091146,19.382149,20.822659,22.332655,22.409332,25.989437,23.235952,27.140125,29.333147,28.51713,25.905886,25.951014,20.406963,21.400677,17.037119,19.42132
24,30.167326,27.53292,29.494293,24.624262,26.403593,28.666178,25.179216,31.328453,29.38088,32.91073,34.32495,35.911293,33.701397,34.32993,31.840313,26.73629,25.508314,20.880503,20.90912,14.912882,12.881477,9.947337,8.346318,4.1472244,0.0,4.785656,7.458584,10.180771,13.32214,18.79568,20.654068,25.43885,27.357164,31.778858,32.48547,36.796913,35.268272,33.217358,27.923779,26.926088,22.95307,22.073824,16.059235,14.382008,10.998694,9.805501,5.563383,6.1811304,9.326836,10.851952,13.285325,11.545535,14.786503,18.963839,20.681795,24.94462,25.157305,22.682722,27.340748,26.13026,23.630732,18.604187,18.007584,14.075535,17.466974,11.389497,16.889374,15.485279,11.6017475,12.254311,14.063806,12.256145,16.562263,16.489445,20.267406,21.183573,26.099485,26.665316,30.520493,29.387608,27.455835,32.966396,32.72054,28.18981,26.307106,23.3458,22.537062,18.510715,14.623554,12.787991,9.428454,11.528051,11.553695,15.823418,16.447964,19.92495,20.996376,22.426373,24.150581,23.19157,26.609598,23.227804,26.88599,28.814611,27.478537,25.124323,24.28704,19.49371,20.12138,16.018063,18.464577
25,31.768953,29.514212,30.896885,26.183022,27.81215,29.462208,25.677252,31.541357,28.812105,32.159306,32.91226,34.20018,31.473948,31.581106,29.378069,24.045723,23.011086,18.31722,18.503672,12.973827,10.581404,8.846933,5.9683075,4.9100003,4.785656,0.0,5.621824,6.065881,10.552924,14.91729,17.055988,21.751755,23.67451,27.923386,28.373339,32.607597,31.08192,28.830942,23.726658,22.675016,18.592978,18.027132,11.749254,10.784034,7.156815,7.67885,4.8338943,7.754769,10.211842,10.102172,10.8056755,7.9684043,10.431947,15.359036,16.62684,20.817614,21.308529,19.35815,24.283346,23.682062,21.911007,16.398714,17.257584,13.941023,18.255472,13.633457,19.12776,18.50954,15.00201,15.344261,16.289047,12.871752,16.967575,15.440967,19.632582,19.235893,24.454748,24.050127,27.79219,26.105335,24.729126,30.290428,29.566654,25.139887,23.38748,20.922697,19.789747,16.735062,12.814501,12.487991,9.73198,13.194873,13.613201,17.717255,17.720629,20.740303,21.188725,22.016191,22.869633,22.58832,24.965254,22.01272,25.212643,26.943998,26.281887,24.059822,24.251633,19.18362,20.882465,16.973972,20.291555
26,28.69554,26.284178,26.925177,22.061743,23.216278,24.515894,20.500568,26.13441,23.31752,26.588865,27.559822,28.84354,26.417557,26.969458,24.786844,19.577099,18.915028,14.1121235,15.541881,9.337942,9.26258,7.9986763,8.211811,7.9653435,7.458584,5.621824,0.0,5.201613,5.895328,12.227724,13.465594,18.47045,20.15668,24.755428,25.634737,30.004778,28.576468,26.819958,21.51837,20.340542,16.791769,15.347137,10.080896,7.9129677,6.233387,4.801416,8.273405,9.264229,8.81867,10.641152,9.8441725,9.143514,10.764947,13.956204,14.928988,19.826244,18.837301,16.35329,21.684317,20.725922,18.529778,12.952767,13.372427,10.19057,14.294254,10.92978,15.49443,15.405924,12.817252,12.381316,12.287328,7.8791256,12.0438175,10.26681,14.863858,14.506702,20.13964,19.910364,23.851336,22.557299,20.24642,25.7765,25.3444,20.770935,18.86059,15.947222,15.276278,11.355362,8.042773,7.630848,6.3027472,10.439808,12.244662,15.3072815,14.292767,17.563948,17.23762,17.716225,18.578508,17.470295,19.736547,16.494976,19.814533,21.698196,20.883331,18.523088,18.912188,13.598537,15.599712,11.896976,15.748988
27,30.81886,29.019215,29.495691,25.127121,26.482117,27.304144,23.35304,28.722713,25.220922,28.396305,28.368422,29.58933,26.351559,26.00947,23.892252,18.482212,17.585844,12.949003,13.61014,8.825842,7.286556,7.8293366,6.4939737,9.01468,10.180771,6.065881,5.201613,0.0,6.2897186,8.859429,11.553626,15.725036,18.10065,21.93977,22.733665,26.93101,25.173449,23.12721,17.770971,16.988455,12.804173,12.624071,6.6255045,6.793142,5.2811613,7.403899,9.908256,12.50375,12.963171,12.89325,10.801474,8.353847,7.9999576,12.75239,12.653332,17.34949,16.935236,15.585025,21.282705,21.307232,20.206408,14.276194,16.498924,14.14469,18.6944,15.996849,20.571854,20.591782,17.951918,17.440449,17.309175,12.582977,16.326843,13.294591,18.042854,16.015482,21.885336,20.213507,23.908968,21.666977,20.185051,25.70288,24.328321,19.906952,17.952774,16.168676,14.314042,12.603574,8.740687,10.464801,9.29118,13.605929,14.776122,17.961164,16.993252,19.323933,18.812029,18.815071,18.646305,19.077065,20.340786,18.111197,20.949696,22.690922,22.892237,20.646252,22.331764,16.784613,19.611513,16.119242,20.090872
28,29.607273,27.524633,27.041775,22.50093,23.015144,23.285833,18.971828,23.68277,19.915897,22.711786,23.047825,23.83147,21.06757,21.393341,19.74217,14.392307,14.641099,9.845502,13.139257,8.09882,10.160995,10.914754,11.885828,13.342338,13.32214,10.552924,5.895328,6.2897186,0.0,7.853999,7.7888565,13.189771,14.387814,19.238733,20.152746,24.549149,23.305758,21.80997,16.728765,15.240426,12.423802,10.202876,6.7692027,4.4453306,6.5830407,6.310922,12.977088,14.06128,12.1699295,13.361517,10.074186,10.432634,9.847001,11.255791,11.095057,16.323734,14.057982,11.792817,17.694626,17.201508,15.676651,9.968983,11.96534,10.494427,14.549674,14.07384,17.292164,18.23668,16.718758,15.842488,14.480799,9.010192,11.514582,7.600634,12.485772,10.097478,16.320045,14.897996,18.815075,17.218739,14.683481,20.22037,19.486315,14.902862,13.0772085,10.373665,9.982313,6.8243384,5.6780496,8.053547,9.409799,13.571705,16.024963,17.955439,15.889654,18.49069,16.913542,16.295109,15.942822,14.886714,15.249987,12.432185,14.9273205,16.590277,16.60399,14.438042,16.430882,11.153811,14.664751,12.123019,16.67754
29,31.73181,30.652283,29.720495,26.183784,26.93056,26.365257,22.485716,26.453485,21.817211,24.348808,22.82214,23.72734,19.576809,18.227324,16.536348,11.192826,11.039289,7.419266,9.758454,9.000921,10.292375,13.218153,13.785647,17.34483,18.79568,14.91729,12.227724,8.859429,7.853999,0.0,5.407738,6.926289,10.52849,13.195287,14.835185,18.870579,16.673159,15.209368,9.36084,9.316086,5.471882,6.5581536,5.896249,8.292074,10.970437,13.148807,18.309504,20.535482,19.545675,19.505102,15.389657,14.289353,11.181181,13.235118,10.59442,15.072812,12.704103,12.937412,19.069487,20.15988,20.301823,14.98009,18.664532,18.047058,22.066252,21.874235,24.973831,25.760084,24.23447,23.01704,21.74133,16.470789,18.79647,14.35444,18.748747,14.37916,20.335587,16.529554,19.694323,16.543749,15.005196,19.934862,17.228233,13.11864,10.86955,11.204707,7.787696,10.344984,8.903993,13.130985,14.395938,18.330591,20.120083,21.764961,19.691486,20.745079,18.768326,17.297966,15.095382,16.7382,15.294589,14.925879,16.452911,17.95438,19.853168,17.904976,21.940823,16.634039,20.727142,18.51617,22.735981
30,33.85196,32.373074,30.887846,27.075724,27.07783,26.1639,21.96781,25.08342,20.17043,21.9252,20.74002,20.474125,16.75295,15.888353,15.603527,10.354476,12.313936,8.998302,13.638099,12.131421,14.58917,16.858873,17.544384,20.21508,20.654068,17.055988,13.465594,11.553626,7.7888565,5.407738,0.0,6.91519,6.717052,11.897144,12.391472,16.791656,15.859776,14.48482,10.264163,7.964592,7.0601993,3.5471866,6.700806,7.2869267,11.326742,12.7108555,19.363195,20.929155,18.831703,18.777445,13.942802,14.426825,11.421231,10.607807,7.933102,12.418963,8.520191,8.259002,14.328984,15.351987,15.782028,11.187117,15.3627405,15.898879,19.558508,21.078907,23.502476,25.126738,24.121933,23.168816,21.267876,15.828858,16.653471,11.69928,15.135302,9.915154,15.367345,11.151428,14.298557,11.36528,9.801608,14.90617,12.848186,8.649454,7.544911,7.2773557,6.8687034,8.755193,10.465356,14.363153,16.482067,20.42088,22.839127,24.171997,21.644644,23.21767,20.729918,18.969378,16.787636,16.795437,13.819768,12.898683,13.007524,13.71318,15.74248,14.480038,18.6518,14.611477,19.090025,17.913296,22.44645
31,33.576168,32.956684,30.984217,28.1957,28.350157,26.746859,23.204268,25.611115,20.36349,21.995266,19.157644,19.577793,14.745029,12.286751,11.473749,7.108766,8.654044,8.105818,11.549359,13.569601,16.04354,19.221899,20.463789,24.051222,25.43885,21.751755,18.47045,15.725036,13.189771,6.926289,6.91519,0.0,6.4624853,6.634801,9.949192,13.517679,10.949129,10.809648,5.3681655,6.533933,6.505022,7.6133485,11.662204,13.621805,17.166616,18.913414,24.924372,26.844522,25.138147,25.277786,20.605549,20.336756,16.810268,16.879057,13.406643,16.696175,12.81245,14.174639,19.525381,21.1748,22.084864,17.985914,21.900423,22.340155,25.63971,26.919355,28.968996,30.20677,29.411436,27.878443,25.998446,20.899416,22.10699,17.48697,20.93636,15.655439,20.720028,15.703809,17.937038,14.462167,12.811077,16.35816,12.389155,9.245017,7.030939,10.168836,6.5268483,12.293713,13.253675,17.593433,19.869055,23.289282,25.378881,26.057102,23.439203,23.730394,20.904478,18.521797,15.042099,17.116697,13.156891,14.684787,14.545836,15.558107,18.840195,17.441689,22.884247,18.509926,22.948515,21.876488,25.876484
32,37.8548,36.72672,34.46936,31.235939,30.743704,28.998405,25.1066,26.699852,21.315102,21.899807,19.581999,18.111414,13.957331,11.990329,13.752938,10.1169195,13.612647,12.569155,17.340893,17.744122,20.48815,23.141418,23.937304,26.87268,27.357164,23.67451,20.15668,18.10065,14.387814,10.52849,6.717052,6.4624853,0.0,6.87706,6.5508976,10.7822485,10.762341,10.169048,8.587004,5.61833,8.921457,6.3236322,12.541698,13.55155,17.61238,19.040382,25.786587,27.304642,24.880655,24.550495,19.363815,20.214674,16.7049,14.362169,10.992658,13.213592,8.15855,9.952359,14.124453,16.145481,17.900307,15.133692,19.582693,21.179865,24.206112,26.963896,28.654047,30.709215,30.175407,29.137886,26.85882,21.638073,21.466768,16.58542,18.68563,12.818757,16.333836,10.528496,11.971462,8.184593,7.9582033,11.028727,7.3414392,5.0158496,6.165812,8.878639,9.348414,13.341176,16.293903,20.26217,22.825638,26.499647,29.016754,29.838663,27.01263,28.038378,25.023445,22.651428,19.577335,19.88223,14.717262,15.348148,13.316687,12.837373,16.34976,16.10171,21.28852,18.620577,23.227776,23.035467,27.356308
33,38.754276,38.389423,35.857864,33.507034,33.24944,31.048529,27.77411,28.894972,23.431868,23.956629,20.189571,19.442486,14.44871,10.637448,12.1942005,10.456342,13.078857,14.168896,17.392935,20.13894,22.579798,25.830755,26.860949,30.519556,31.778858,27.923386,24.755428,21.93977,19.238733,13.195287,11.897144,6.634801,6.87706,0.0,5.698957,7.7464046,5.2394915,6.9176884,6.2105737,7.176372,10.503506,11.31976,16.939308,18.956785,22.698978,24.569021,30.76247,32.686665,30.722656,30.450481,25.384504,25.435717,21.515629,20.38072,16.569675,18.158577,14.117743,16.655605,20.487715,22.857372,24.762026,21.849016,26.157057,27.39092,30.407278,32.634296,34.30375,35.952858,35.415264,33.964634,31.817266,26.74679,27.167097,22.455994,24.963291,19.256573,22.864986,17.05135,17.84922,14.101061,13.864177,15.263767,10.178353,9.782811,9.563316,13.848395,11.917807,17.736341,19.693396,23.946562,26.42923,29.788128,31.953964,32.405743,29.634989,29.663433,26.555729,23.84432,19.932812,21.947653,16.517141,18.905394,17.128483,17.089308,21.229237,20.71069,26.58742,23.384884,27.894363,27.533289,31.472675
34,43.173496,42.418312,40.079067,37.203384,36.808212,34.83442,31.174702,32.361805,26.880072,27.055365,23.909206,22.034061,17.654451,14.430488,17.063997,14.756298,17.823463,17.753584,21.438059,22.985989,25.0255,28.039955,28.292002,31.70464,32.48547,28.373339,25.634737,22.733665,20.152746,14.835185,12.391472,9.949192,6.5508976,5.698957,0.0,4.448728,5.826327,5.0167904,8.277444,6.004556,10.924058,10.490633,16.68618,18.643621,22.304028,24.443134,30.498705,32.465076,30.464947,29.374296,24.053999,24.345043,20.240236,18.037386,14.247696,14.315169,10.82545,14.293806,16.838638,19.886011,22.696262,20.474838,25.40423,27.149502,30.384432,33.06911,35.049652,37.111275,36.363697,35.4316,33.28428,27.97094,27.901752,22.959707,24.851355,18.939909,21.47325,15.34132,15.33426,11.076218,13.261826,14.292406,9.776213,10.419042,11.962886,15.338641,15.056681,19.764477,22.097366,26.27806,28.52724,32.3082,34.549995,35.535805,32.84715,33.487846,30.520008,28.016794,24.467623,25.690935,20.192726,21.58367,19.193947,18.301203,22.192371,22.306173,27.587221,25.160366,29.76528,29.515947,33.823456
35,46.439766,45.93525,43.38245,40.83097,40.372684,38.13756,34.70203,35.405354,29.912792,29.72594,26.085634,23.97634,19.661837,15.963849,19.097404,17.841911,20.800587,21.440332,24.722446,26.933203,28.886938,32.051292,32.284157,35.875664,36.796913,32.607597,30.004778,26.93101,24.549149,18.870579,16.791656,13.517679,10.7822485,7.7464046,4.448728,0.0,4.844801,5.5000577,11.016154,9.972228,14.64423,14.864222,20.919147,23.046194,26.622782,28.866863,34.782787,36.840748,34.891415,33.67588,28.34135,28.533638,24.318895,22.119637,18.354616,17.675663,14.768627,18.411793,20.156776,23.415693,26.5367,24.728632,29.652525,31.535908,34.666344,37.50277,39.374264,41.47105,40.78815,39.80083,37.61299,32.343945,32.18935,27.292782,28.986525,23.095444,25.122055,18.99056,18.302164,14.354972,16.854527,16.707438,12.117568,13.954442,15.58707,19.304245,18.86184,23.914764,26.239847,30.468075,32.7452,36.449764,38.627583,39.48685,36.77539,37.12776,34.077866,31.429909,27.621065,29.190643,23.370893,25.278873,22.576271,21.486488,25.624193,25.947931,31.40812,29.226395,33.808083,33.713284,37.92251
