,0,1,2,3,4,5,6,7,8,9,10,11,12,13,14,15,16,17,18,19,20,21,22,23,24,25,26,27,28,29,30,31,32,33,34,35,36,37,38,39,40,41,42,43,44,45,46,47,48,49,50,51,52,53,54,55,56,57,58,59,60,61,62,63,64,65,66,67,68,69,70,71,72,73,74,75,76,77,78,79,80,81,82,83,84,85,86,87,88,89,90,91,92,93,94,95,96,97,98,99,100,101,102,103,104,105,106,107,108
0,0.0,4.3095546,6.4784226,9.750487,12.573668,14.464781,18.261305,21.594425,25.051031,27.541054,31.645452,31.1343,29.544481,28.319572,23.546188,23.422157,18.053339,18.983267,14.7913265,15.647438,14.000418,9.730128,14.339609,17.077179,16.607674,19.826908,20.700096,22.761398,19.851044,24.320215,23.71131,28.009842,32.995945,34.83565,37.294777,39.5434,42.683064,41.474514,38.481316,34.617928,35.896606,31.558224,29.43422,27.522465,25.313545,22.996605,19.018072,18.62043,16.94955,14.830851,15.126882,11.328561,13.584277,14.435833,18.767324,22.618544,23.646385,24.07175,28.86677,28.498703,25.227798,30.877094,30.765278,31.69185,35.239475,33.904278,37.546947,35.123882,40.728107,39.405518,33.961086,36.17712,33.002884,38.912125,34.11636,35.7646,36.70936,36.52267,37.26727,40.148914,37.43512,34.109196,34.117218,30.935017,29.148716,25.983856,25.482212,20.51134,22.856262,22.521915,26.094133,28.901146,29.196308,32.226463,32.90006,31.934732,30.888231,28.075657,25.691792,25.292418,21.134594,20.669369,19.084263,21.183401,21.62504,26.43316,25.130758,29.544163,28.901543
1,4.3095546,0.0,5.2501664,6.8659797,9.161631,12.28239,15.017526,19.26311,22.107407,24.809492,28.6209,28.627275,27.4811,26.168325,21.556503,20.856249,15.73958,15.816439,12.090974,11.850993,10.320926,5.7650914,10.901889,12.966537,12.901658,15.738436,16.667376,18.531584,15.67484,20.114746,19.81222,23.995249,29.351677,31.196726,33.65918,36.098755,39.03454,37.688732,34.637695,30.676695,31.97088,27.414213,25.464796,23.322691,21.38074,18.892246,14.995176,14.760468,13.280258,11.662028,11.872326,8.942476,11.719187,12.831752,16.302702,20.172941,20.435375,21.009089,25.930313,25.167034,21.673027,27.076052,26.878656,27.582169,31.25294,29.681192,33.33127,30.88928,36.51548,35.202583,29.847359,32.223232,29.133305,35.246365,30.63514,32.525837,33.654224,33.43716,34.43035,37.27103,34.771652,31.315788,31.060543,27.685623,25.691444,22.568172,21.619976,16.592644,18.693478,18.319681,21.809336,24.70499,24.943907,28.07215,28.6982,27.664824,26.74008,23.904379,21.6586,21.44125,17.55285,17.79052,16.083261,17.833944,19.137405,23.341873,22.417376,26.828413,26.33099
2,6.4784226,5.2501664,0.0,5.185926,7.175449,8.340497,12.287216,15.17967,18.905527,21.142805,25.484251,24.98815,23.334713,22.40812,17.509562,17.786562,12.636484,13.918964,10.936904,12.083238,12.274129,8.819656,14.780194,15.590552,16.734184,18.620037,18.579725,19.820534,15.59835,20.233423,18.639435,23.65701,27.567469,30.061005,32.005188,34.318077,37.642,36.312298,33.75089,30.18873,30.770998,27.023285,24.297125,23.141815,20.101786,18.844007,14.869905,15.322408,14.80183,12.25964,11.131827,7.5293636,8.6082945,8.262351,12.671425,16.389517,17.755716,18.57119,23.152712,23.356998,20.19931,26.096817,25.56926,27.041517,30.030016,29.505276,33.130802,31.215399,36.61759,35.96861,30.732859,33.148808,29.577469,35.501892,30.279272,32.588913,32.990536,32.250515,32.825565,35.401283,32.478676,29.38681,28.748337,25.730036,24.545712,20.847414,21.521631,16.908861,19.744528,20.282064,23.417727,26.919594,26.50314,30.22658,30.807579,29.227737,28.91413,25.370548,24.053839,22.973791,19.773436,20.640059,17.583494,18.849379,19.260927,23.021923,21.179226,25.470108,24.127028
3,9.750487,6.8659797,5.185926,0.0,3.8850083,6.072877,9.24255,13.252606,15.729824,18.83868,22.272102,21.97738,20.991436,19.412024,14.986642,14.007002,8.899402,9.258983,5.9772444,7.1748533,7.9690475,6.295739,11.961356,12.079485,14.978384,15.98671,16.89651,17.261442,11.936346,16.159628,14.6002445,19.06493,23.389687,25.31151,27.643593,29.829336,33.069706,31.941154,29.103798,25.487793,26.618975,22.903364,20.475761,19.7928,16.90545,16.437725,12.89032,14.292047,14.438759,13.082867,11.541732,9.833467,10.95416,9.694598,12.693271,16.008234,16.353542,18.033247,22.54749,22.484388,18.936008,24.287857,23.002972,24.111237,26.846928,25.818201,29.19226,26.955175,32.317844,31.486658,26.062826,28.251572,24.583534,30.385836,25.166712,27.409716,27.914558,27.311224,28.06146,30.764639,28.085676,24.768415,24.423677,21.216743,19.655396,16.274414,16.599918,12.034624,15.296778,16.360111,19.763433,23.5668,23.500498,27.330727,27.249779,25.363705,24.971506,20.997858,19.979397,18.178919,15.227578,16.513504,12.819784,13.806318,14.3834305,17.873045,16.278778,20.618929,19.671875
4,12.573668,9.161631,7.175449,3.8850083,0.0,5.253223,5.8898277,10.896132,13.031246,15.90703,19.486279,19.853363,19.152172,17.95599,13.629147,12.599434,8.408223,7.7832284,7.133408,6.388264,8.744754,7.7369666,12.887248,11.385544,14.541731,14.642715,14.573088,14.5127945,8.875194,13.345191,11.470827,16.59169,20.612942,23.200623,25.075888,27.620287,30.731585,29.260622,26.693487,23.12728,23.628029,19.905464,17.187548,16.426777,13.263211,12.972781,9.513291,11.386811,12.292937,11.077156,8.882636,8.523192,9.190925,8.137462,9.610523,12.8138685,12.577614,14.344371,18.854067,18.682055,15.122289,20.476866,19.205292,20.504135,23.234318,22.579794,26.087858,24.255547,29.55629,29.153212,24.085524,26.661095,22.99929,29.06254,23.928244,26.784254,27.212772,26.259052,27.148645,29.57489,26.971903,23.74728,22.582796,19.297564,17.982355,14.179509,14.791634,10.522136,13.45767,14.766489,17.50435,21.522085,20.844208,24.98431,25.139492,23.061983,23.23517,19.174494,18.810066,17.29111,15.291626,17.675165,13.8396015,13.948778,15.463853,17.550531,16.118425,20.212671,18.93318
5,14.464781,12.28239,8.340497,6.072877,5.253223,0.0,6.0136895,7.499637,10.980437,13.577792,17.53855,16.69071,15.223496,14.13121,9.327944,9.671009,5.0973864,7.4488072,7.3957357,9.714697,12.503642,12.0348625,17.331682,16.133913,19.724688,19.720303,19.526398,19.058546,12.606587,16.425385,13.114275,18.407957,20.434626,23.27198,24.773153,26.8085,30.468412,29.33247,27.231998,24.275293,24.354477,21.90671,18.537853,19.36449,15.17728,16.683022,13.653467,15.862309,17.106968,15.300057,12.597609,11.451612,10.462906,6.8331814,9.303109,11.686376,13.176811,15.489196,19.198866,20.34135,17.353266,22.8399,20.973944,22.991034,24.64266,24.996933,28.187006,26.733574,31.60849,31.689337,26.679728,28.892097,24.780031,30.17223,24.37882,27.254654,26.798086,25.42276,25.664497,27.891214,24.740326,21.978954,20.877058,18.21508,17.93552,13.813882,16.58839,13.286433,16.98696,19.058788,21.662987,25.95244,25.095942,29.46099,29.31657,26.835676,27.25798,22.664803,22.9122,20.324131,18.663044,20.748621,16.0349,16.06379,15.773217,17.821655,15.126383,18.956345,16.741817
6,18.261305,15.017526,12.287216,9.24255,5.8898277,6.0136895,0.0,6.398672,7.418062,10.207702,13.732293,14.592568,14.329409,13.547128,9.823331,8.812574,7.1793003,6.0056458,9.41544,8.662439,12.561951,13.091672,17.251875,14.292382,18.3018,17.00569,16.054066,14.689385,8.030502,11.4151945,7.6692657,13.632802,15.646777,19.218643,20.261116,22.935038,26.180666,24.528425,22.60035,19.58741,19.018698,16.37929,12.795165,13.643674,9.189881,11.552554,9.443187,12.44972,14.714607,13.845444,10.813958,12.030754,11.151484,8.940764,7.5297456,9.084463,8.348847,11.290071,14.88296,15.436809,12.275982,17.208515,15.025027,17.035044,18.678036,19.196095,22.480133,21.433704,26.216156,26.721613,22.230022,24.913418,20.979147,26.735516,21.368631,25.005545,24.770124,23.115337,23.843872,25.751312,23.065594,20.246452,18.000341,14.982925,14.682605,10.218693,12.855055,10.36045,13.263721,15.646894,17.263054,21.693155,20.235123,24.844908,24.785627,22.06952,23.163952,18.568634,19.706774,17.539219,17.223055,20.598215,16.09584,15.028678,16.448875,16.440779,14.639664,17.97756,15.863856
7,21.594425,19.26311,15.17967,13.252606,10.896132,7.499637,6.398672,0.0,5.5628657,6.407093,11.255616,10.501063,8.894996,9.283671,5.171801,7.5240026,7.832329,9.521667,13.003375,14.294799,18.13555,18.497328,23.162647,20.582731,24.570236,23.395761,22.063469,20.626593,14.157434,16.738253,12.045708,17.587341,16.426851,20.671297,20.721083,22.80277,26.62994,25.241415,24.279232,22.27956,20.69834,19.942867,15.679401,18.214539,13.042888,16.817131,15.118848,17.9188,20.262665,18.644768,15.313336,15.671134,13.347223,9.403883,8.143012,7.5517306,9.72017,12.797776,14.749362,17.230747,15.289786,20.081419,17.53411,20.523012,20.67609,22.82317,25.643362,25.37043,29.39803,30.681631,26.607191,28.954418,24.719017,29.57331,23.699322,27.454445,26.115967,23.789839,23.668444,25.01088,21.655458,19.769308,17.03953,15.219665,16.661596,12.093413,17.14781,15.785126,19.007345,21.783323,23.119413,27.609192,25.81554,30.547432,30.414148,27.409857,28.857237,23.99634,25.663227,22.806736,22.769966,25.848269,20.785446,19.717302,19.57166,19.246616,16.229824,18.788563,15.328913
8,25.051031,22.107407,18.905527,15.729824,13.031246,10.980437,7.418062,5.5628657,0.0,4.593918,6.603064,7.3820705,8.197977,7.689456,6.577449,5.71024,9.09667,8.624115,13.749723,14.072008,18.288738,19.908411,23.439445,20.054235,24.829401,22.72966,21.801498,19.431002,12.859582,13.833087,8.787724,13.298277,10.9089,15.30836,15.158891,17.348469,21.084578,19.702457,18.806993,17.12115,15.409578,15.45883,11.251093,15.211377,10.264659,15.655365,15.191476,18.530252,21.33839,20.730293,17.545414,19.026808,17.340452,14.165985,11.744642,10.534793,10.124528,13.870169,15.146448,16.987719,14.999267,18.328945,14.704139,17.336407,16.601034,18.688473,21.004784,20.864056,24.453396,26.000473,22.277864,24.458946,20.232948,24.716698,19.015455,23.169903,21.714798,19.136988,19.271393,20.387383,17.441908,15.516462,12.052926,10.1153,12.006752,7.6103177,13.4915695,13.724291,16.54962,19.866438,20.64865,25.174747,23.431696,28.134064,27.422852,24.066328,25.828745,20.762564,23.295383,20.000051,21.13579,24.798796,19.741055,17.87347,18.21782,16.102526,13.632476,15.352826,12.021153
9,27.541054,24.809492,21.142805,18.83868,15.90703,13.577792,10.207702,6.407093,4.593918,0.0,5.9816737,7.1242533,7.2434587,8.959294,8.354642,9.671033,12.776677,12.959355,17.792955,18.03419,22.224571,23.274666,27.146141,23.619665,27.851446,25.736427,23.878399,21.62822,15.872959,16.907328,12.018229,16.650377,12.720259,18.07238,16.689714,18.961521,22.56623,20.832188,20.924004,19.846064,16.77778,17.632504,13.083137,17.002867,11.892737,17.235294,17.01186,20.05922,23.042614,22.054512,18.721573,20.298834,17.932611,14.843554,11.537973,8.881282,9.395092,12.724115,12.610152,15.574551,14.646675,17.784977,14.496212,17.944254,16.551352,20.106962,22.371443,23.14557,26.225088,28.487564,25.45737,27.860428,23.841238,28.117924,22.69215,27.073336,25.32586,22.39479,22.26678,22.761686,19.742052,18.5899,14.309241,13.285804,15.889645,11.796281,17.544586,17.863098,20.252552,23.33741,23.55489,27.925661,25.549873,30.313675,30.074684,26.759266,28.981377,24.198067,26.935715,24.114403,25.38813,29.168076,24.204386,22.365517,22.774487,20.57349,18.048927,19.376303,15.671457
10,31.645452,28.6209,25.484251,22.272102,19.486279,17.53855,13.732293,11.255616,6.603064,5.9816737,0.0,5.1013546,8.318725,8.824766,11.051709,10.41155,15.176453,14.409812,19.77398,19.782778,24.001534,26.09147,29.020975,25.14114,30.069885,27.316387,26.142387,23.169212,17.516735,16.919834,12.364922,14.789569,8.2662735,13.476725,11.347252,13.244249,16.919275,15.486949,16.097532,16.00758,12.713705,15.445752,11.528561,17.04562,12.867581,19.195803,19.9085,23.25781,26.41118,26.173704,23.030289,25.05673,23.173962,20.186386,16.963726,14.561654,13.622664,17.09061,16.48645,18.67871,17.76502,19.205116,14.894498,17.63492,14.784578,18.283373,19.530348,20.521574,22.659058,25.289879,22.82232,24.69487,20.780396,23.995495,18.875444,23.419155,21.226437,17.930904,17.774584,17.70017,15.146628,14.502233,9.348057,9.271228,12.861953,10.135658,16.2081,18.199,20.22836,23.740574,23.56567,27.81255,25.722754,30.26405,29.259422,25.623905,28.024332,23.12362,26.629011,23.20213,25.486263,29.473902,24.561447,22.167618,22.508533,18.76865,16.726622,16.731771,13.255978
11,31.1343,28.627275,24.98815,21.97738,19.853363,16.69071,14.592568,10.501063,7.3820705,7.1242533,5.1013546,0.0,4.0640063,4.463245,8.215377,8.822146,13.804023,14.47658,19.17097,20.567905,24.657204,26.622944,30.072403,26.878748,31.990816,29.768566,29.027271,26.395605,19.948248,20.05331,15.196773,17.905315,12.117635,15.954286,14.619304,15.31454,19.584467,19.02091,19.385246,19.352768,17.096556,19.63646,15.816397,21.103003,16.566332,22.563354,22.49063,25.82583,28.695934,27.958729,24.69185,25.842505,23.705202,19.897682,17.835474,15.661933,16.237928,19.749008,19.512917,22.304003,21.205309,23.59384,19.522032,22.313417,19.830748,22.911713,24.173153,24.646626,26.943825,29.158905,26.112059,27.527348,23.281977,26.029488,20.280596,24.220404,21.415705,18.105146,17.109303,17.14986,13.693208,13.532118,9.608577,10.348985,14.24429,11.530768,18.308868,19.779846,22.659466,26.296125,26.881308,31.317522,29.6157,34.20363,33.029083,29.405111,31.349396,26.144676,29.21391,25.152086,26.778616,30.162725,24.830622,22.841095,21.850447,18.92511,15.851125,15.775874,11.497728
12,29.544481,27.4811,23.334713,20.991436,19.152172,15.223496,14.329409,8.894996,8.197977,7.2434587,8.318725,4.0640063,0.0,3.9764268,6.238232,9.094674,13.0012,14.86125,18.87432,20.950855,24.918692,26.273682,30.37913,27.628641,32.410988,30.687511,29.737946,27.561842,20.935081,21.922302,16.89825,20.56073,15.737505,19.632372,18.589764,19.331457,23.634504,23.029598,23.243786,22.850857,20.69015,22.566399,18.45678,23.112991,18.159397,23.602926,22.900007,26.022736,28.677738,27.38444,24.035063,24.554304,22.05735,17.85414,16.45582,14.340019,16.21633,19.474323,19.421114,22.744392,21.707766,24.96232,21.387802,24.51466,22.569607,25.754925,27.429382,27.792498,30.48743,32.5359,29.153156,30.712715,26.351662,29.45339,23.459747,27.157381,24.414555,21.309465,20.123419,20.418722,16.630926,16.402462,13.278977,13.676275,17.118511,13.8344,20.548706,21.116188,24.36994,27.82368,28.768997,33.295235,31.53831,36.234642,35.379772,31.895576,33.673325,28.455343,31.067091,27.131413,28.076626,31.131624,25.664251,24.1135,22.68556,20.86741,17.272215,17.85945,13.373549
13,28.319572,26.168325,22.40812,19.412024,17.95599,14.13121,13.547128,9.283671,7.689456,8.959294,8.824766,4.463245,3.9764268,0.0,5.0994825,6.2410164,10.753483,12.497149,16.342073,18.776913,22.599566,24.463612,28.197617,25.670128,30.856722,29.152143,28.954355,26.67929,19.672401,20.43493,15.589324,18.61556,14.550458,17.400148,17.263948,17.668816,22.128834,21.953173,21.510557,20.895248,19.777962,21.379608,17.688658,22.437702,17.78448,23.216389,22.438347,25.711596,28.223032,27.230068,24.01997,24.460152,22.456326,18.207157,17.371153,15.998822,17.241848,20.78761,21.46199,24.143806,22.508839,25.753061,21.898142,24.491844,22.810772,25.057844,26.609194,26.354229,29.226622,30.769104,26.971865,28.176756,23.698698,26.599304,20.388685,23.750309,20.9984,18.110643,16.90207,17.674076,13.778374,13.075684,10.912956,11.067201,14.233388,11.345204,18.039785,18.751736,22.279911,25.879938,27.216694,31.76894,30.52607,35.10178,33.818493,30.309252,31.722006,26.346191,28.8251,24.41753,25.29232,28.107138,22.571142,21.03277,19.141354,17.328264,13.543665,14.060437,9.54486
14,23.546188,21.556503,17.509562,14.986642,13.629147,9.327944,9.823331,5.171801,6.577449,8.354642,11.051709,8.215377,6.238232,5.0994825,0.0,4.940668,6.981677,9.798245,12.979803,15.674659,19.377789,20.489704,24.866941,22.708054,27.399359,26.23188,25.828064,24.118034,17.05282,18.955307,14.153531,18.497124,16.438625,19.676828,20.05563,21.214754,25.46634,24.825048,23.83523,22.310877,21.393274,21.551275,17.617651,21.192415,16.259062,20.711376,19.179522,22.190447,24.407236,22.994934,19.799427,19.734793,17.685413,13.272589,13.1910095,12.584792,14.524808,17.830927,19.39464,21.959667,19.982359,24.241688,21.037512,23.731892,23.167313,25.060863,27.321846,26.75524,30.42651,31.572617,27.293066,28.957468,24.46989,28.420738,22.153784,25.463228,23.471895,21.06958,20.36376,21.725006,17.993296,16.430513,14.583939,13.45977,15.446867,11.556191,17.50623,16.827248,20.603008,23.819515,25.551092,30.138113,28.869959,33.51096,32.702953,29.47512,30.650364,25.414347,27.22025,23.345375,23.370567,26.000458,20.52249,19.474577,17.904638,17.515945,13.713062,15.722098,11.75586
15,23.422157,20.856249,17.786562,14.007002,12.599434,9.671009,8.812574,7.5240026,5.71024,9.671033,10.41155,8.822146,9.094674,6.2410164,4.940668,0.0,5.4712863,6.3002205,10.4284725,12.5887375,16.390648,18.526388,21.991545,19.55766,24.874062,23.301231,23.68623,21.564528,14.278612,15.429759,10.935931,14.297952,13.268677,15.551956,16.823046,18.012629,22.107866,21.64763,19.96365,18.100578,18.181025,17.985762,14.64296,18.396854,14.07667,18.733484,17.608482,20.895906,23.153791,22.5154,19.56761,20.096106,18.870571,15.1072,14.677258,14.578104,14.828787,18.450645,20.458376,22.045246,19.518908,23.166414,19.533737,21.48437,21.080704,21.926073,23.980711,22.849741,26.636917,27.338512,22.797506,24.231682,19.705177,23.685135,17.4046,20.678242,19.02266,16.892057,16.669115,18.50001,15.203449,12.797647,11.485881,9.496611,10.738842,7.068239,12.923019,12.785713,16.623343,20.106651,21.963299,26.534575,25.737965,30.210796,28.891222,25.585052,26.539152,21.166584,23.114256,18.81087,19.23082,22.065825,16.574478,15.1182165,13.835275,12.672739,9.145308,11.341674,7.918922
16,18.053339,15.73958,12.636484,8.899402,8.408223,5.0973864,7.1793003,7.832329,9.09667,12.776677,15.176453,13.804023,13.0012,10.753483,6.981677,5.4712863,0.0,4.605286,6.010215,9.466286,12.712856,14.034415,18.254375,16.7706,21.567896,20.911924,21.59196,20.309711,13.083553,15.672625,11.960535,16.134619,17.529707,19.53981,21.420694,22.91067,26.76137,26.136364,23.899828,21.25271,21.919882,20.241295,17.121754,19.233091,15.132194,18.060558,15.850479,18.671549,20.274029,19.23202,16.551392,16.141344,15.358415,11.674101,12.940874,14.269735,15.036639,18.125055,21.236515,22.43206,19.422688,24.057964,21.245209,22.997612,23.848902,23.97025,26.60787,24.93003,29.454412,29.484425,24.363768,26.0149,21.643267,26.363436,20.260033,22.957874,22.103426,20.699362,20.760561,23.09614,19.935825,17.106577,16.634922,14.118259,13.95634,10.278459,13.934247,11.726295,15.959764,18.795864,21.470673,25.938238,25.47299,29.820541,28.874191,26.016249,26.384678,21.297802,22.10647,18.335812,17.305628,19.458746,14.086421,13.625394,12.28418,13.658003,10.387905,14.025812,11.747444
17,18.983267,15.816439,13.918964,9.258983,7.7832284,7.4488072,6.0056458,9.521667,8.624115,12.959355,14.409812,14.47658,14.86125,12.497149,9.798245,6.3002205,4.605286,0.0,5.5589457,6.292187,10.211464,12.59743,15.742809,13.329572,18.677593,17.321468,18.336477,16.56735,9.241948,11.265815,8.023326,11.780484,14.6811285,16.373783,18.674692,20.614326,24.01058,23.152216,20.470608,17.354607,18.496948,16.098309,13.476353,15.256104,11.804506,14.70004,13.06062,16.163084,18.001951,17.844715,15.388793,16.095951,15.986107,13.387558,13.374667,14.737903,13.840257,17.037867,20.333944,20.626982,17.273392,21.235458,18.256294,19.383581,20.58304,19.892908,22.544886,20.553701,25.284912,25.066212,19.882341,21.734522,17.484032,22.726147,16.981283,19.979202,19.784563,18.60244,19.370716,21.829826,19.3078,15.97813,15.245286,11.958221,10.741562,7.132087,9.494596,7.2955914,11.460789,14.527404,17.060871,21.552204,21.233427,25.515402,24.357258,21.450684,21.845179,16.714579,17.770863,14.056154,13.648402,16.630264,11.436111,10.214391,10.659142,10.825953,8.850897,12.618195,11.30789
18,14.7913265,12.090974,10.936904,5.9772444,7.133408,7.3957357,9.41544,13.003375,13.749723,17.792955,19.77398,19.17097,18.87432,16.342073,12.979803,10.4284725,6.010215,5.5589457,0.0,5.4407225,7.2786207,9.197023,12.7772455,12.301783,17.127607,17.067202,19.079706,18.291185,11.772971,14.602678,12.715686,15.87934,20.005648,20.860226,23.759516,25.403234,28.736801,28.153929,25.045015,21.635395,23.593204,20.530064,18.466759,19.108576,16.304409,17.5083,14.9570265,17.290396,18.11321,17.685213,15.862445,15.276054,15.94349,13.655878,15.554241,17.91718,17.687534,20.309422,24.257769,24.327105,20.719452,25.220797,22.861628,23.667854,25.588976,24.19235,26.97482,24.379477,29.429766,28.435555,22.759188,24.295876,20.320671,25.49421,19.986052,21.908648,22.211123,21.77992,22.489983,25.400015,22.887337,19.39237,19.878899,16.711145,14.859361,12.210599,12.737255,9.020834,13.214707,15.335384,18.938116,23.029528,23.468487,27.314882,26.20715,23.839035,23.331467,18.667427,18.291004,14.8425455,12.475124,13.910118,8.881029,9.407285,8.790531,12.231281,10.438118,14.836922,14.386673
19,15.647438,11.850993,12.083238,7.1748533,6.388264,9.714697,8.662439,14.294799,14.072008,18.03419,19.782778,20.567905,20.950855,18.776913,15.674659,12.5887375,9.466286,6.292187,5.4407225,0.0,4.250153,7.167681,9.510545,7.3483763,12.661183,11.858987,14.01877,13.041039,7.089442,10.055227,9.657686,12.603501,18.48778,19.509901,22.41715,24.753443,27.45798,26.347013,22.994694,19.046886,21.057812,16.841658,15.37054,14.667119,12.906165,12.938473,10.72103,13.031665,13.965312,14.539269,13.119635,13.891047,15.28755,14.415884,14.93824,17.434267,15.7361145,18.034554,22.256601,21.290178,17.395445,21.34849,19.357357,19.508987,22.238632,20.04831,23.111454,20.336346,25.740526,24.523281,18.958612,21.110481,17.586008,23.638699,18.920855,21.297558,22.432634,22.126053,23.5434,26.339577,24.410303,20.686853,20.404018,16.705496,14.08999,11.584564,9.835344,4.957432,8.375144,10.096971,13.661674,17.70155,18.134426,21.917934,21.029533,18.85289,18.394482,14.039847,13.494934,11.149523,9.117354,12.007214,8.0323105,7.7118564,10.598388,12.397365,12.306032,16.403452,16.498024
20,14.000418,10.320926,12.274129,7.9690475,8.744754,12.503642,12.561951,18.13555,18.288738,22.224571,24.001534,24.657204,24.918692,22.599566,19.377789,16.390648,12.712856,10.211464,7.2786207,4.250153,0.0,4.793719,5.67019,5.748384,10.426171,10.797884,14.260779,14.125596,10.014092,12.752354,13.510069,15.554889,22.26825,22.629656,25.955313,28.170164,30.645926,29.67294,25.972164,21.817019,24.471134,19.774889,18.95333,17.416552,16.509684,15.294051,12.870086,14.290715,14.232429,15.087087,14.554058,14.744067,16.950527,16.744957,18.020472,20.950521,19.33737,21.197523,25.715767,24.355137,20.363533,24.241909,22.716322,22.400852,25.639322,22.728544,25.756977,22.499393,28.028456,26.116074,20.364742,22.262184,19.240986,25.199863,21.034506,22.641565,24.368225,24.645874,26.20804,29.259836,27.546062,23.672207,24.02711,20.316397,17.232275,15.405175,12.486642,7.573723,9.801861,10.157419,14.446552,17.765867,19.026897,22.150276,21.254564,19.703138,18.387188,14.832464,12.862914,11.327613,7.516147,9.04868,6.569514,7.7660623,10.900019,14.137472,14.653849,18.80625,19.579142
21,9.730128,5.7650914,8.819656,6.295739,7.7369666,12.0348625,13.091672,18.497328,19.908411,23.274666,26.09147,26.622944,26.273682,24.463612,20.489704,18.526388,14.034415,12.59743,9.197023,7.167681,4.793719,0.0,6.0130453,7.543758,9.333601,11.2994375,13.621758,14.712188,11.586256,15.436637,15.908831,19.134869,25.40871,26.589247,29.46271,31.910007,34.52298,33.266026,29.86231,25.722525,27.659199,22.805964,21.489052,19.286995,18.044807,15.740188,12.429468,12.904117,11.992785,12.0226965,12.005877,11.188674,13.947621,14.602325,16.670012,20.170418,19.176718,20.348032,25.216509,23.900108,20.02107,24.637316,23.902975,23.975046,27.658419,25.272242,28.700974,25.83693,31.484947,29.82413,24.334808,26.595198,23.667234,29.823906,25.580484,27.382545,28.925583,28.969875,30.337631,33.278507,31.232815,27.519176,27.454786,23.823925,21.215775,18.677065,16.551504,11.461955,13.3047285,12.930199,16.802317,19.810406,20.564342,23.649858,23.665932,22.506552,21.3576,18.385248,16.082193,15.71833,11.855076,12.681615,11.045013,12.543478,14.970169,18.634165,18.532045,22.846079,23.009666
22,14.339609,10.901889,14.780194,11.961356,12.887248,17.331682,17.251875,23.162647,23.439445,27.146141,29.020975,30.072403,30.37913,28.197617,24.866941,21.991545,18.254375,15.742809,12.7772455,9.510545,5.67019,6.0130453,0.0,5.2606716,6.621521,8.698233,13.294049,14.282941,13.0748625,15.49602,17.614523,19.010145,26.629759,26.746311,30.18508,32.609447,34.602493,33.452892,29.528475,25.122463,28.041197,22.58733,22.500017,19.596792,19.888065,16.965302,14.690721,14.882342,13.676137,15.264364,15.984858,16.212696,19.289824,20.309412,21.607767,24.851564,22.86619,24.03191,28.791342,26.662437,22.666534,26.137375,25.426762,24.47238,28.515038,24.815596,27.9176,24.372017,29.994371,27.447449,21.958519,23.93827,21.829683,27.876188,24.720406,25.894257,28.35121,29.059145,30.937447,34.047092,32.680702,28.714287,29.112389,25.29651,21.845024,20.427267,16.320734,11.72985,12.020187,10.387414,14.629263,16.651737,18.640018,20.761036,20.292946,19.766487,17.672522,15.723709,12.180884,12.975242,8.513329,8.668514,9.780142,11.403993,15.219746,18.51872,19.795568,23.740372,24.96693
23,17.077179,12.966537,15.590552,12.079485,11.385544,16.133913,14.292382,20.582731,20.054235,23.619665,25.14114,26.878748,27.628641,25.670128,22.708054,19.55766,16.7706,13.329572,12.301783,7.3483763,5.748384,7.543758,5.2606716,0.0,6.209553,5.1587763,9.570756,9.506033,8.424549,10.424709,13.130839,14.4245405,22.22308,22.760563,25.848969,28.629843,30.401516,28.915499,25.166576,20.715858,23.218868,17.545975,17.572382,14.369443,15.08292,12.179316,10.618148,11.403892,11.213003,13.51829,13.739373,15.371147,18.022003,19.01828,19.016905,21.801582,18.997608,20.296406,24.787151,22.368855,18.363735,21.278389,20.400454,19.256023,23.337786,19.59875,22.81178,19.492271,25.184143,23.034735,17.777025,20.33562,18.16275,24.682457,21.612429,23.590652,25.956526,26.270887,28.351059,31.165407,29.956692,26.06627,25.697847,21.786932,18.395947,16.868538,12.387381,8.044104,7.3206754,5.6232557,9.719096,12.465673,13.900816,16.661304,16.21235,15.210836,13.836113,11.37653,8.72905,9.914659,7.2634106,10.282204,10.029217,10.045738,15.079389,16.544401,18.087648,21.741127,22.725063
24,16.607674,12.901658,16.734184,14.978384,14.541731,19.724688,18.3018,24.570236,24.829401,27.851446,30.069885,31.990816,32.410988,30.856722,27.399359,24.874062,21.567896,18.677593,17.127607,12.661183,10.426171,9.333601,6.621521,6.209553,0.0,4.5853624,8.116552,10.440179,12.638955,15.059311,18.041647,19.789042,27.505867,28.497356,31.264675,34.325245,35.877617,34.062996,30.479631,26.00085,28.023045,21.956144,22.054487,17.598083,18.850172,14.062621,12.226082,11.082784,9.152466,11.909758,13.649978,15.064004,18.474537,20.861269,21.086113,24.278101,21.581493,21.834047,26.56669,23.561813,19.802582,22.719057,23.141098,21.84831,26.731724,23.004072,26.480286,23.464056,29.098938,26.853058,22.2528,25.076496,23.561104,30.12234,27.572906,29.466354,32.058548,32.42156,34.54216,37.306557,36.06665,32.216885,31.57542,27.669893,24.436476,22.640827,18.319143,14.110087,12.762834,9.821672,12.482683,13.540863,14.82056,16.548744,17.510664,17.731575,16.171581,15.590938,12.121555,15.34195,12.526681,14.170234,15.384242,15.999769,20.73972,22.720129,24.165762,27.920094,28.746025
25,19.826908,15.738436,18.620037,15.98671,14.642715,19.720303,17.00569,23.395761,22.72966,25.736427,27.316387,29.768566,30.687511,29.152143,26.23188,23.301231,20.911924,17.321468,17.067202,11.858987,10.797884,11.2994375,8.698233,5.1587763,4.5853624,0.0,5.899147,6.7070217,9.939023,11.27912,15.014836,16.048882,23.954613,24.91225,27.526985,30.747957,31.98053,30.011322,26.474009,22.007511,23.957407,17.727568,18.282639,13.550161,15.6030245,10.945029,10.294345,9.884815,9.300811,12.7699375,13.825284,16.387842,19.259218,21.271833,20.446651,23.09623,19.61622,20.143538,24.494295,21.190256,17.429832,19.449692,19.56189,17.809881,22.6862,18.573887,21.975,18.974537,24.579031,22.45074,18.105812,21.232887,19.896404,26.585396,24.38571,26.655437,29.300756,29.529013,31.854847,34.410072,33.462723,29.679918,28.672066,24.763885,21.477346,19.977987,15.1683855,11.751462,9.291917,5.97079,7.928477,9.288526,10.462134,12.628741,13.344472,13.262237,12.130293,11.495579,8.673309,12.460167,11.13487,14.210376,14.931447,14.584352,20.009922,20.657757,22.508867,25.857933,26.75409
26,20.700096,16.667376,18.579725,16.89651,14.573088,19.526398,16.054066,22.063469,21.801498,23.878399,26.142387,29.027271,29.737946,28.954355,25.828064,23.68623,21.59196,18.336477,19.079706,14.01877,14.260779,13.621758,13.294049,9.570756,8.116552,5.899147,0.0,4.0493827,9.655047,11.667509,14.673446,17.117693,23.739006,26.068998,27.685009,31.345997,32.6155,30.08721,27.29385,23.135578,23.542826,17.52217,17.273787,11.788744,13.596106,7.4444084,7.0795674,5.3300934,5.2973495,9.245328,10.442662,14.086421,16.559696,19.343922,17.532873,19.941048,16.207008,15.8314,20.053574,16.311218,12.879078,14.9941225,16.258015,15.013905,20.333199,17.434244,21.334429,19.533674,24.916063,23.886768,20.425776,24.153976,22.644869,29.487913,27.015438,30.079214,32.187023,31.77324,33.91744,36.06812,34.8461,31.38312,29.344854,25.609228,23.121716,20.78867,17.310392,14.224432,12.044481,9.802743,9.558781,11.055575,9.620117,12.585649,14.921713,14.67675,15.104404,14.444212,13.236192,16.663465,16.14554,19.636189,19.310938,18.627533,23.711489,23.816786,25.02076,28.312681,28.35771
27,22.761398,18.531584,19.820534,17.261442,14.5127945,19.058546,14.689385,20.626593,19.431002,21.62822,23.169212,26.395605,27.561842,26.67929,24.118034,21.564528,20.309711,16.56735,18.291185,13.041039,14.125596,14.712188,14.282941,9.506033,10.440179,6.7070217,4.0493827,0.0,7.37027,8.09223,11.604468,13.432602,20.057655,22.321383,23.843266,27.559336,28.663141,26.093872,23.324757,19.221617,19.577929,13.494076,13.534031,7.9102044,10.462815,4.9219193,6.4274616,6.6938434,8.371477,11.781434,11.89049,15.885032,17.755655,19.718609,17.243002,19.060886,14.714094,15.010331,18.77174,15.055979,11.524653,12.766138,13.177824,11.522979,16.713959,13.486431,17.37407,15.590633,20.990461,20.191183,16.8392,20.713732,19.151178,25.960667,23.605188,26.944448,28.960365,28.41745,30.657766,32.64606,31.638145,28.257545,26.015408,22.321848,19.851788,17.800425,14.164138,11.979168,9.279695,7.7386265,6.4041753,8.927993,6.880106,10.923284,12.533594,11.497039,12.617184,11.313572,11.317706,14.248012,14.880729,19.089914,18.248974,16.909832,22.165482,21.268372,22.69028,25.590971,25.691807
28,19.851044,15.67484,15.59835,11.936346,8.875194,12.606587,8.030502,14.157434,12.859582,15.872959,17.516735,19.948248,20.935081,19.672401,17.05282,14.278612,13.083553,9.241948,11.772971,7.089442,10.014092,11.586256,13.0748625,8.424549,12.638955,9.939023,9.655047,7.37027,0.0,4.8352466,5.5687027,9.545495,15.481355,17.91494,19.742142,23.02,25.114624,23.086903,20.266336,16.283363,16.854912,11.8679285,10.24301,7.9768777,6.8232203,6.0826306,5.3651743,8.49515,10.836647,12.331726,10.713633,13.748215,14.7867,14.987425,12.991392,14.764416,11.2087555,13.167009,17.106703,15.192353,11.260982,14.416139,12.724673,12.673324,16.082808,14.103915,17.724249,15.783552,21.243774,20.839878,16.312273,19.576656,16.537928,23.186571,19.246748,22.765667,23.95742,23.072216,24.851967,26.99358,25.42074,22.020983,20.038944,16.294039,14.138077,11.257557,9.211589,6.300352,6.5115,8.102564,9.318698,13.6806755,12.570359,17.009882,16.922586,14.528374,15.450661,11.470418,12.367726,11.883735,12.2761545,16.614248,13.738102,12.149835,16.340105,15.53489,16.026352,19.200666,18.80342
29,24.320215,20.114746,20.233423,16.159628,13.345191,16.425385,11.4151945,16.738253,13.833087,16.907328,16.919834,20.05331,21.922302,20.43493,18.955307,15.429759,15.672625,11.265815,14.602678,10.055227,12.752354,15.436637,15.49602,10.424709,15.059311,11.27912,11.667509,8.09223,4.8352466,0.0,5.0461454,5.508796,12.699887,14.420317,16.407675,19.833174,21.311598,19.20645,16.109522,11.946915,13.039298,7.4466567,7.300227,5.308615,6.48296,7.4781523,9.117488,11.985252,14.456881,16.609285,15.191029,18.529255,19.428492,19.367893,16.805084,17.75519,13.524947,15.733762,18.725927,16.477554,12.986572,14.058273,11.488727,10.280997,13.266768,10.04731,13.316052,11.002338,16.496843,16.051996,11.725953,15.203577,12.439258,19.130808,15.931762,19.721258,21.206799,20.401285,22.607628,24.55556,23.653357,20.281961,18.168453,14.4200735,11.819713,10.237669,6.577504,6.550809,4.689305,7.2020254,6.857624,11.3854265,10.412235,14.795649,13.783708,10.741153,12.25388,7.829537,10.430475,9.707787,12.114436,17.031544,14.533041,12.075895,16.79959,14.251029,15.73062,18.023739,18.216331
30,23.71131,19.81222,18.639435,14.6002445,11.470827,13.114275,7.6692657,12.045708,8.787724,12.018229,12.364922,15.196773,16.89825,15.589324,14.153531,10.935931,11.960535,8.023326,12.715686,9.657686,13.510069,15.908831,17.614523,13.130839,18.041647,15.014836,14.673446,11.604468,5.5687027,5.0461454,0.0,6.2894435,10.054834,13.167304,14.491957,17.751665,20.145845,18.18578,15.785549,12.374862,12.223628,8.8005705,5.9196095,7.5643334,4.493241,8.94281,9.613052,13.108498,15.950536,16.959242,14.644133,17.497648,17.471579,16.356176,13.604491,13.990532,10.411173,13.4877,16.135107,15.218604,11.983207,14.208609,10.809663,11.444908,12.8963,12.084241,15.098628,13.809551,18.590452,19.116455,14.973197,17.92307,14.280073,20.294012,15.804541,20.003649,20.36833,18.83572,20.421938,22.163826,20.566978,17.490019,14.787627,11.202066,9.883419,6.6224394,7.0855775,7.2473254,8.374047,11.5395,11.876394,16.402742,14.970709,19.563135,18.717024,15.488816,17.16373,12.338133,14.950544,12.750922,14.610219,19.14551,15.298239,12.904528,16.070248,13.449018,13.501427,15.798829,14.84737
31,28.009842,23.995249,23.65701,19.06493,16.59169,18.407957,13.632802,17.587341,13.298277,16.650377,14.789569,17.905315,20.56073,18.61556,18.497124,14.297952,16.134619,11.780484,15.87934,12.603501,15.554889,19.134869,19.010145,14.4245405,19.789042,16.048882,17.117693,13.432602,9.545495,5.508796,6.2894435,0.0,8.679177,9.003843,11.614393,14.710768,16.142096,14.503597,10.98211,6.8093996,9.210167,5.3142877,6.1693783,8.419176,8.910878,12.493144,14.241123,17.348675,19.895802,21.788574,20.022243,23.011742,23.456066,22.438734,19.89189,20.10814,16.239988,19.116228,21.202267,19.707901,16.756737,16.984835,13.175147,12.039309,12.774838,9.674242,11.439245,8.8908415,13.593364,13.447039,9.0436325,11.738243,8.198256,14.329446,10.855121,15.140566,16.25673,15.266302,17.653345,19.434784,19.011066,15.739783,13.769672,10.1649885,7.2897725,7.5265126,4.047845,8.033457,7.338131,10.796419,10.446875,14.430264,14.022392,17.871996,15.615533,11.949154,13.57437,8.4684725,12.448206,9.535991,13.374503,18.142944,15.112784,11.983301,15.793873,11.291863,13.183157,14.269445,14.857746
32,32.995945,29.351677,27.567469,23.389687,20.612942,20.434626,15.646777,16.426851,10.9089,12.720259,8.2662735,12.117635,15.737505,14.550458,16.438625,13.268677,17.529707,14.6811285,20.005648,18.48778,22.26825,25.40871,26.629759,22.22308,27.505867,23.954613,23.739006,20.057655,15.481355,12.699887,10.054834,8.679177,0.0,6.2550073,4.7432637,8.296075,10.828504,8.970366,8.208371,7.8394227,5.2801323,8.757327,6.895602,13.018386,11.211376,17.285616,19.125116,22.51649,25.62581,26.639193,24.09342,26.918297,26.126945,24.060427,20.765354,19.360521,16.336739,19.661507,19.847185,20.000566,18.379358,18.067425,13.216878,13.935902,11.025799,12.209321,12.554317,12.971617,14.848138,17.219124,15.113988,16.826925,13.341911,16.506056,12.45094,17.41557,16.229572,13.451926,14.755825,15.022093,14.271214,12.580987,7.9607267,6.3436785,8.076975,7.9552655,11.190898,15.016117,15.710255,19.243156,18.418554,22.221575,20.721182,24.74325,22.866758,19.066475,21.529484,16.871344,21.109972,17.753668,21.339228,25.744658,21.704084,18.66802,20.377234,15.043419,15.07544,14.445366,13.150623
33,34.83565,31.196726,30.061005,25.31151,23.200623,23.27198,19.218643,20.671297,15.30836,18.07238,13.476725,15.954286,19.632372,17.400148,19.676828,15.551956,19.53981,16.373783,20.860226,19.509901,22.629656,26.589247,26.746311,22.760563,28.497356,24.91225,26.068998,22.321383,17.91494,14.420317,13.167304,9.003843,6.2550073,0.0,5.016454,6.2238855,8.068471,8.166764,4.8881006,4.994139,7.667613,10.456837,11.031307,16.081913,15.553927,20.753437,22.503725,25.835508,28.575346,30.029018,27.806566,30.402935,30.141203,28.011818,25.475258,24.653208,21.654318,25.018648,25.774343,25.471815,23.379242,22.914017,18.243391,17.797392,15.493573,14.357238,13.595266,12.45644,13.718624,14.846443,12.412464,12.616732,9.147852,10.6156645,6.7561154,11.616341,10.617855,8.366879,10.635941,11.367929,12.0570965,9.864902,7.856979,6.452237,6.1285925,9.459888,10.449128,15.323578,15.81059,19.35883,18.982159,22.35539,22.05855,25.40387,22.429955,18.676914,20.365133,15.769068,20.010727,15.774606,19.899689,23.86391,20.303093,17.10477,18.511656,12.17814,13.481747,11.627268,12.24244
34,37.294777,33.65918,32.005188,27.643593,25.075888,24.773153,20.261116,20.721083,15.158891,16.689714,11.347252,14.619304,18.589764,17.263948,20.05563,16.823046,21.420694,18.674692,23.759516,22.41715,25.955313,29.46271,30.18508,25.848969,31.264675,27.526985,27.685009,23.843266,19.742142,16.407675,14.491957,11.614393,4.7432637,5.016454,0.0,4.2278204,6.124749,4.8465343,5.23692,7.566713,5.6588497,11.141305,10.852333,16.614927,15.667544,21.47362,23.58274,26.91242,29.982502,31.210835,28.75511,31.605743,30.857798,28.688108,25.459217,23.89661,20.94268,24.17418,23.94262,24.070873,22.723825,21.617683,16.796322,16.97206,13.249085,14.104304,12.983385,13.672043,13.801079,16.550457,15.541235,16.328459,13.465371,14.618884,11.674411,16.359426,14.749466,11.816597,13.169742,12.590178,13.019563,12.16041,7.9989376,8.097361,9.928647,11.590457,14.040488,18.549995,18.921225,22.381195,21.317692,24.656612,23.47858,27.010475,24.596987,20.810297,23.256115,18.970606,23.50023,19.919691,24.016823,28.247204,24.479704,21.315176,22.707624,16.664946,17.151869,15.325706,14.6510515
35,39.5434,36.098755,34.318077,29.829336,27.620287,26.8085,22.935038,22.80277,17.348469,18.961521,13.244249,15.31454,19.331457,17.668816,21.214754,18.012629,22.91067,20.614326,25.403234,24.753443,28.170164,31.910007,32.609447,28.629843,34.325245,30.747957,31.345997,27.559336,23.02,19.833174,17.751665,14.710768,8.296075,6.2238855,4.2278204,0.0,4.5739064,6.2173815,6.969831,10.162252,9.769701,15.012662,14.832362,20.605505,19.45372,25.322174,27.157068,30.56397,33.542133,34.64736,32.116646,34.640774,33.814938,31.229862,28.415625,26.823246,24.377954,27.77062,27.504322,27.9945,26.626217,25.789944,20.946703,21.188723,17.408596,18.12236,16.654516,16.98235,16.541128,18.912203,17.90172,17.75114,14.948794,14.339555,11.464652,15.420627,12.851747,9.5958605,10.372928,8.976528,10.148984,10.2533245,7.1467776,8.849566,11.125386,13.56573,16.383427,20.99362,21.78398,25.371672,24.714407,28.02342,27.2406,30.620598,27.842875,24.086676,26.16308,21.804043,26.175035,21.981731,25.972775,29.784136,25.89534,22.823603,23.313745,17.120642,17.39195,14.594841,14.124737
36,42.683064,39.03454,37.642,33.069706,30.731585,30.468412,26.180666,26.62994,21.084578,22.56623,16.919275,19.584467,23.634504,22.128834,25.46634,22.107866,26.76137,24.01058,28.736801,27.45798,30.645926,34.52298,34.602493,30.401516,35.877617,31.98053,32.6155,28.663141,25.114624,21.311598,20.145845,16.142096,10.828504,8.068471,6.124749,4.5739064,0.0,3.9378588,5.720891,10.13894,9.933863,15.375572,16.337486,21.524324,21.40558,26.82446,29.168364,32.407665,35.38511,36.89955,34.594753,37.49188,36.88953,34.702427,31.576218,29.999195,27.000374,30.13933,29.697332,29.646877,28.438955,26.64459,21.990313,21.543768,17.57177,17.702936,15.266081,15.930307,14.039794,16.736378,17.121017,16.659027,14.981937,13.304564,12.614378,16.192768,14.430902,11.977785,13.376379,11.839764,14.058752,14.128378,11.648959,12.762838,14.029242,16.895567,18.317007,23.240551,23.222044,26.471416,25.2174,27.934414,27.227503,30.085495,27.090017,23.504995,25.75355,22.102911,26.718838,23.086868,27.590155,31.522839,28.245285,25.039368,26.197441,19.73546,20.823713,18.015703,18.24596
