,0,1,2,3,4,5,6,7,8,9,10,11,12,13,14,15,16,17,18,19,20,21,22,23,24,25,26,27,28,29,30,31,32,33,34,35,36,37,38,39,40,41,42,43,44,45,46,47,48,49,50,51,52,53,54,55,56,57,58,59,60,61,62,63,64,65,66,67,68,69,70,71,72,73,74,75,76,77,78,79,80,81,82,83,84,85,86,87,88,89,90,91,92,93,94,95,96,97,98,99,100,101,102,103,104,105,106,107,108,109,110
0,0.0,4.3278165,8.125091,10.284689,12.732876,15.72612,18.18889,23.151882,25.752764,27.917458,32.512577,34.31392,36.018867,32.372932,27.141464,26.331503,22.648823,21.720951,16.931988,18.000595,16.021154,15.434183,15.127151,18.902473,20.868515,20.881817,22.438465,21.601944,25.439919,22.385752,30.116655,25.206724,32.00447,30.017952,32.473408,34.91223,32.85175,32.37225,28.52794,26.182718,30.100021,26.744574,30.76969,29.670586,25.578978,28.58924,24.725882,26.916962,25.85026,25.41748,28.730112,29.472685,34.29548,36.312386,37.364346,33.85836,34.320446,36.193237,40.344925,40.506294,36.967937,34.995544,40.3317,40.47226,44.495247,40.80218,37.645737,43.233948,40.816723,37.53804,39.270443,40.421032,37.216866,34.548035,36.195793,34.637367,36.389576,38.406837,37.293854,41.688213,39.190636,43.28733,42.3358,37.879574,34.202385,31.7648,28.827543,26.989021,22.353045,21.679544,21.855907,19.637537,16.70513,17.275644,11.879849,11.113766,9.278365,11.372336,14.714469,18.24305,18.6315,23.237906,26.11714,29.069464,30.635952,27.873215,32.729614,27.378883,29.827137,29.643938,29.136454
1,4.3278165,0.0,4.2025313,7.113966,9.037423,12.005364,14.698641,19.040722,21.938534,23.845295,28.490553,30.414265,32.474377,28.953058,23.664494,22.959423,19.530281,18.884047,14.934411,16.040462,15.182513,14.5248785,15.373282,18.707363,20.04835,20.14902,20.730993,19.642683,22.92055,19.956312,27.180788,22.284405,28.979607,26.725079,29.549728,31.72837,30.054415,29.820496,25.702444,23.310127,27.579641,24.423193,28.201818,27.28051,23.821795,26.541655,23.48979,25.60094,25.161295,24.092306,27.207375,27.444365,32.399593,33.920998,35.401466,32.085392,31.951252,33.783073,37.85872,37.894684,34.306824,32.1159,37.230923,37.16029,41.16939,37.580246,34.137943,39.57642,37.02505,33.679504,35.200775,36.288475,33.007996,30.481453,32.07547,30.78052,32.56197,34.751488,33.88956,38.398365,35.95547,40.25142,39.613174,35.23963,31.47437,29.32642,26.067122,24.791853,20.390541,19.634668,20.51696,18.022123,15.75811,17.65882,11.723831,9.451972,7.221447,8.06322,11.127804,14.64562,14.530125,19.380238,21.961212,24.866915,26.569735,23.934982,29.063318,23.997574,26.685678,26.938936,26.721613
2,8.125091,4.2025313,0.0,5.0057592,6.9506583,8.171908,12.102088,15.506585,18.720533,20.76069,25.129751,27.531345,29.679155,26.723698,21.440327,21.350794,18.33276,18.626263,15.580152,17.136621,17.209,16.844566,18.339169,21.102495,22.0235,21.916477,21.604784,19.978212,22.518305,19.33657,25.668898,20.549652,26.782076,23.918797,26.941103,28.62429,27.077297,27.283463,23.047823,20.917704,25.74036,23.193727,26.79864,26.436426,23.716677,26.461622,24.250557,26.678356,26.898579,25.51631,28.355356,27.952438,32.986126,33.911896,35.729248,32.552578,31.737486,33.27773,37.429108,37.01658,33.242878,31.186634,36.061523,35.87276,39.70786,35.967552,32.44915,37.6999,34.690548,31.310413,32.384937,33.60042,30.109966,28.001698,29.745268,28.950876,30.967302,33.38295,32.981018,37.62429,35.115044,39.744778,39.411194,35.229614,31.345173,29.671236,25.949417,25.596554,21.524878,20.885511,22.45546,19.841902,18.248762,20.950687,14.951652,11.825229,9.376766,8.71438,10.512116,14.033112,12.355464,17.928207,19.651443,22.308022,24.522337,22.264315,27.888536,23.404772,26.43215,27.279829,27.423609
3,10.284689,7.113966,5.0057592,0.0,3.893029,6.307118,8.21956,13.693015,15.700668,18.512703,22.703524,24.713266,26.064672,23.042395,17.827896,18.088095,14.870504,16.119242,12.666439,15.353159,15.394358,16.098335,17.494883,19.349045,20.288708,19.446785,18.865711,16.572117,19.018156,15.251856,21.607048,16.205711,22.473562,19.915358,22.574463,24.720781,22.94492,22.756573,18.635695,16.399693,21.011162,18.488798,22.29897,22.179045,19.43251,22.669975,20.561104,23.766764,24.404364,23.492943,26.143875,25.333508,30.353874,31.171993,32.695683,29.34778,28.45329,29.597765,34.09727,33.226334,29.266544,27.831326,32.951622,33.202835,36.794388,32.50979,29.663477,35.183716,31.965717,28.769922,30.232399,31.945574,28.668816,26.276573,28.910517,27.44945,30.28673,32.191345,31.878254,36.48125,33.275776,38.18172,37.40805,33.41303,29.370613,28.034355,23.924082,24.459627,20.3313,20.665113,22.590425,20.712332,19.414,22.019684,16.501085,13.058513,9.593546,9.809618,9.639456,14.336144,11.337716,17.356413,19.084904,21.52493,24.25662,22.16654,27.975315,23.289106,26.990324,27.535446,28.433249
4,12.732876,9.037423,6.9506583,3.893029,0.0,6.156736,5.814516,11.186932,13.207082,15.39013,19.99026,21.603123,23.44856,20.01488,14.721168,14.583295,11.511892,12.70712,10.40472,12.826923,13.965575,14.576165,16.781094,18.101648,18.400745,17.773573,16.34223,14.0873575,15.975253,12.695469,18.721628,13.714916,20.170887,17.890947,21.015375,23.247091,22.170784,21.899038,17.49888,14.879077,19.350298,16.608524,19.982172,19.62047,17.441185,20.021063,18.673967,21.400724,22.485806,21.004538,23.415258,22.287424,27.310232,27.82285,29.662642,26.542734,25.287811,26.565363,30.8478,30.15422,26.321257,24.457537,29.41912,29.495747,33.177597,29.16338,26.003157,31.484701,28.468237,25.219704,26.847952,28.41477,25.265846,22.630415,25.240541,23.595009,26.463593,28.303333,28.016436,32.62757,29.443687,34.383636,33.751312,29.807287,25.761059,24.5969,20.362373,21.284616,17.492075,17.905075,20.314102,18.548613,17.918379,21.217648,15.99135,11.995333,8.825471,8.072744,6.364356,11.083369,7.6482368,13.603445,15.472059,17.970284,20.613842,18.508244,24.3057,19.667967,23.586182,24.22346,25.470972
5,15.72612,12.005364,8.171908,6.307118,6.156736,0.0,6.579896,8.563375,11.355509,14.259238,17.822805,20.795794,22.526566,20.668941,15.702191,17.089808,15.072585,17.58527,16.2207,18.773838,20.101181,20.675697,22.826057,24.21752,24.49258,23.72626,21.942263,19.281502,20.248234,16.724703,20.816591,15.495202,20.451813,16.673658,19.871193,20.864914,19.60633,20.407341,16.061327,14.45781,20.005764,18.78626,21.8844,22.687908,21.509163,24.302523,23.739847,26.881252,28.337908,26.807076,28.966743,27.334528,32.25631,32.109425,34.237545,31.311575,29.345148,30.094109,34.439514,32.999924,28.916597,27.540672,31.99045,31.903778,35.180756,30.90103,27.799507,32.786736,28.885298,25.653347,26.204718,28.031822,24.417131,22.881607,25.592476,25.145037,28.157246,30.456066,30.894907,35.586033,32.51741,37.768204,37.618263,33.995937,29.951687,29.336313,24.810278,26.507368,23.144999,23.339989,25.969492,23.840818,23.336517,26.820711,21.227045,17.274403,14.408296,12.942529,11.498403,15.002975,9.946369,16.298252,16.29447,18.100523,21.578686,20.25743,26.53171,23.061012,26.964338,28.414848,29.653265
6,18.18889,14.698641,12.102088,8.21956,5.814516,6.579896,0.0,7.897362,8.013567,11.228295,15.2081585,16.729864,17.881529,14.980176,9.843876,11.119927,8.9532385,12.532375,11.862314,14.999444,16.861328,18.236334,20.593113,20.7669,20.615932,19.385172,16.871777,13.751239,14.082943,10.467114,14.368511,9.024387,14.719997,12.083337,15.310796,17.497519,16.724533,16.511799,11.971893,9.37447,14.27536,12.502701,15.474789,16.114536,15.334232,17.979641,18.105192,21.46021,23.527548,22.146557,23.894354,21.774426,26.550278,26.235579,28.164486,25.238138,23.111265,23.63296,28.145182,26.55159,22.431242,21.320139,26.050133,26.393335,29.573656,24.961187,22.409874,27.827442,24.161797,21.121607,22.682144,24.875576,21.855343,19.405422,23.059814,21.288338,25.129633,26.602488,26.901756,31.430328,27.638815,33.024906,32.350178,28.926714,24.807028,24.549728,19.76312,22.41918,19.343266,20.547583,23.537764,22.32196,22.371754,25.88264,21.16402,17.074144,14.004112,13.112167,9.733419,13.680904,8.218934,13.8270035,14.434021,16.106785,19.64435,18.310307,24.289879,20.42704,24.934814,25.81554,27.902763
7,23.151882,19.040722,15.506585,13.693015,11.186932,8.563375,7.897362,0.0,5.097305,6.0927844,9.729781,12.97468,16.046997,14.839862,10.7346525,12.790119,12.945608,16.309912,18.06238,19.978132,22.95228,23.484818,26.583767,26.929789,26.11228,25.560043,22.192327,19.576508,18.420876,16.29333,16.965937,13.257819,16.307308,12.263785,16.542234,16.60915,17.388744,18.659414,14.22541,12.801598,17.956234,17.702023,19.105978,20.343464,21.3813,22.72317,24.380947,26.74166,29.26193,26.86015,28.126204,25.485802,29.927195,28.513494,31.409626,29.293991,26.039116,26.484629,30.188211,28.482891,24.680944,22.925245,26.248999,25.655727,28.589796,24.787085,21.180588,25.434881,21.18605,17.928865,17.832914,19.672834,15.992298,14.96159,18.02543,18.218668,21.640734,23.967646,25.23342,29.794601,26.818575,32.30405,32.81774,29.832409,26.001337,26.42257,21.68463,24.972378,23.010954,23.387877,26.86123,25.065842,25.880264,30.300018,25.418348,21.070047,18.964754,16.441721,13.157271,14.563433,8.344778,12.641025,10.410825,10.999991,15.319412,15.145992,21.389038,19.520535,23.735592,25.900356,28.004913
8,25.752764,21.938534,18.720533,15.700668,13.207082,11.355509,8.013567,5.097305,0.0,5.019337,7.3328323,9.73672,11.398324,10.564132,7.070325,10.550318,11.432617,16.035503,18.02263,20.5306,23.446299,24.681147,27.568243,27.13656,26.25089,25.140059,21.464079,18.385853,16.468979,14.252812,13.096996,9.704759,11.386702,7.209267,11.598731,12.008046,13.197733,14.147355,9.865315,8.615936,13.379674,13.987231,14.850529,16.832912,18.73626,20.170769,22.548866,25.423742,28.421785,26.472237,27.342133,24.206644,28.3429,26.59852,29.193226,27.106152,23.54106,23.310339,27.281956,24.829773,20.824265,20.013195,23.340569,23.318062,25.745718,21.169346,18.62275,23.069576,18.367214,15.501209,15.94811,18.679585,15.59187,14.244423,18.654905,17.875078,22.323818,23.810709,25.228237,29.53787,25.765469,31.4753,31.509706,28.930859,25.08514,26.042086,21.082668,25.366802,23.628262,24.83915,28.419764,27.282827,28.215313,32.372852,27.914652,23.62177,21.15084,19.31866,15.378559,17.330248,11.182705,14.730206,12.762086,12.726454,17.21161,17.340036,23.15272,21.248703,25.858995,27.57931,30.291578
9,27.917458,23.845295,20.76069,18.512703,15.39013,14.259238,11.228295,6.0927844,5.019337,0.0,5.4048524,7.191127,11.5252695,10.274852,7.724115,9.919849,11.989319,15.643595,19.191727,20.718184,24.401335,25.12452,28.52299,27.985664,26.53364,25.980478,21.769793,19.322237,16.692905,15.870294,13.743933,12.125234,13.370193,10.410237,14.918551,14.947322,17.253601,18.180655,14.234988,12.817061,16.501242,16.688559,16.609964,17.924303,20.506441,20.681522,23.839716,25.621183,28.813044,26.110538,26.625849,23.319744,27.16022,24.88258,28.113127,26.619158,22.575678,22.703506,25.871372,23.98515,20.533768,18.625784,21.077677,20.303312,22.90889,19.376053,15.636343,19.516584,15.109371,11.879716,11.953903,14.109992,10.859603,9.489446,13.660322,13.424363,17.658873,19.413578,21.186203,25.459337,22.207407,27.832497,28.5201,26.134815,22.55249,23.827782,19.117311,23.63532,22.74162,23.579018,27.399675,26.22269,27.77896,32.406548,28.305706,23.99302,22.223875,19.736372,15.655872,16.048325,10.661373,12.093097,8.997144,8.14461,12.7016735,13.431624,18.91417,18.02591,22.441599,24.610815,27.493837
10,32.512577,28.490553,25.129751,22.703524,19.99026,17.822805,15.2081585,9.729781,7.3328323,5.4048524,0.0,5.221984,8.881883,10.725977,10.496303,13.705998,16.315783,20.471281,23.974817,25.793337,29.364672,30.329163,33.606552,32.85647,31.420973,30.60194,26.295074,23.618801,20.524885,19.668262,15.6274805,14.778612,13.292443,9.839553,13.738908,12.145429,15.477772,17.134714,14.138103,13.952053,17.102144,18.792015,17.942245,20.234343,23.680351,23.89384,27.62337,29.718401,33.1938,30.715288,30.922546,27.275202,30.674416,27.84152,31.01064,29.817747,25.330105,24.72631,27.695782,24.963923,21.619406,20.684486,22.163015,21.498266,23.105335,19.378767,16.614294,19.347769,13.951045,11.516089,10.0066805,13.06123,10.112138,10.657683,15.16087,15.779564,20.18964,21.655554,24.08525,27.907501,24.601284,30.205635,31.074095,29.354185,26.05327,27.90765,23.290207,28.368227,27.77438,28.800364,32.65809,31.583775,33.1795,37.77426,33.634396,29.30895,27.376028,24.984818,20.954689,21.420855,15.971088,17.237194,13.568984,11.740458,16.152573,17.704687,22.558247,22.665594,26.902355,29.255949,32.30908
11,34.31392,30.414265,27.531345,24.713266,21.603123,20.795794,16.729864,12.97468,9.73672,7.191127,5.221984,0.0,6.2364154,7.03017,8.920364,11.458576,14.964524,18.923676,23.237064,24.787699,28.598534,29.763111,33.075626,31.662752,29.871424,29.0074,24.341627,21.91142,18.024694,18.188114,12.463309,13.58096,11.135379,10.009216,13.435157,13.031168,16.874714,17.49496,14.944397,14.279366,15.719024,17.17532,15.232302,17.211744,21.53496,20.843996,25.441385,27.060833,30.882977,28.394503,28.071787,24.098736,26.934496,23.656242,26.836536,26.059814,21.22538,20.373049,22.945766,20.14997,17.162853,16.210924,17.133892,16.62428,17.978003,14.210992,11.726457,14.557597,9.114514,6.867087,7.036676,10.69303,9.199542,8.290644,13.805707,12.888867,18.015364,18.479927,20.905003,24.354267,20.525341,26.137955,26.740683,25.458029,22.385042,24.757282,20.343987,26.084831,26.123598,27.618498,31.5253,31.052305,33.00355,37.50292,34.04606,29.86937,28.101912,25.988342,21.566772,21.77201,17.106457,17.017483,14.043063,12.099741,15.754533,17.327175,21.26752,21.40926,25.736507,27.62755,31.195093
12,36.018867,32.474377,29.679155,26.064672,23.44856,22.526566,17.881529,16.046997,11.398324,11.5252695,8.881883,6.2364154,0.0,6.188645,9.817125,13.34125,16.382362,21.15959,24.49987,26.858433,30.037289,31.880306,34.672276,32.86033,31.41796,29.864935,25.507608,22.559656,18.719267,18.211678,11.254185,12.67302,7.1869254,7.2094455,8.706218,8.531533,12.719997,12.835298,11.706384,11.991129,11.869445,14.89996,12.399597,15.666611,20.395634,20.440887,25.054367,27.642195,31.58843,29.999516,29.591423,25.494423,28.076736,24.95457,27.27137,26.223047,21.595423,19.711044,22.923046,18.82853,15.428141,16.69521,17.974455,18.741545,19.143944,13.782043,14.158474,17.160028,11.674035,10.967124,11.896245,15.957725,15.149783,14.231496,19.873676,18.155066,23.604095,23.372717,25.4928,28.623693,24.013063,29.571005,29.285843,28.295849,25.193396,27.659805,23.157112,29.158632,28.810455,30.965921,34.703857,34.60946,36.20343,40.21572,36.798096,32.712677,30.396078,28.989626,24.491144,25.781683,20.721235,21.671015,19.440113,17.95963,21.69589,22.887062,26.899137,26.29363,30.86864,32.210644,35.924255
13,32.372932,28.953058,26.723698,23.042395,20.01488,20.668941,14.980176,14.839862,10.564132,10.274852,10.725977,7.03017,6.188645,0.0,5.3022823,7.6447525,10.954815,15.394559,19.153152,21.209253,24.52876,26.381088,29.213797,27.131926,25.48988,24.047632,19.522938,16.813662,12.676788,12.886084,5.665494,8.385777,5.646159,7.9398975,10.342855,12.6244335,15.4699,14.424645,12.149365,10.664465,10.078367,10.966652,8.349322,10.38756,15.176669,14.600173,19.427027,21.578835,25.561773,23.851164,23.404821,19.32809,22.107061,19.295223,21.642029,20.376234,15.860874,14.501032,18.10289,14.795098,11.037505,11.273491,13.927705,14.913598,16.477325,10.949728,10.454317,15.274173,11.119116,9.5379715,12.68162,15.991302,15.23096,12.408315,18.062632,14.783483,20.400352,19.818897,21.198662,24.550121,19.54055,25.19135,24.40802,22.917004,19.553665,21.775124,17.204123,23.20261,22.888674,25.299185,28.961493,29.205486,30.892685,34.761898,31.823578,27.926174,25.815767,24.658512,20.024082,21.275684,17.019495,17.367958,16.356417,15.604939,18.791164,19.264542,23.11226,21.544195,26.254822,27.036892,30.855307
14,27.141464,23.664494,21.440327,17.827896,14.721168,15.702191,9.843876,10.7346525,7.070325,7.724115,10.496303,8.920364,9.817125,5.3022823,0.0,4.4848275,6.711171,11.713615,14.86287,17.172626,20.403246,22.104153,24.983738,23.465948,22.106567,20.781593,16.517458,13.542462,10.387084,9.409842,6.302897,5.0674925,7.4889483,7.452306,11.051259,13.644429,15.292598,14.438551,10.783096,8.248657,10.041054,9.362198,9.080676,10.287723,13.246001,13.65414,17.1673,19.650587,23.17404,21.34204,21.631342,18.06406,21.82938,19.93952,22.31527,20.341114,16.593164,16.242416,20.333286,18.002535,14.009104,13.129198,17.047949,17.630144,20.209652,15.287098,13.313993,18.706821,14.936142,12.360115,15.020132,17.781773,15.954616,12.828456,17.92834,14.922722,20.080204,20.329718,21.229586,25.223125,20.604053,26.304886,25.57739,23.161978,19.318142,20.619747,15.656502,20.797098,19.612324,21.732212,25.35219,25.187082,26.534363,30.433882,27.04686,23.038757,20.77512,19.586775,15.007369,16.803509,12.137506,13.67866,13.261102,13.413513,16.896633,16.656784,21.458927,18.906929,23.78311,24.600298,27.983072
15,26.331503,22.959423,21.350794,18.088095,14.583295,17.089808,11.119927,12.790119,10.550318,9.919849,13.705998,11.458576,13.34125,7.6447525,4.4848275,0.0,4.0938554,7.8580327,12.300131,13.776463,17.49063,18.969904,22.08913,20.291618,18.498692,17.560518,12.902427,10.576036,6.9418736,7.7247167,6.423033,6.7471814,10.7593975,11.873617,15.115956,18.054375,19.59182,18.359255,14.774112,11.812498,12.766098,10.379972,10.099108,9.2535925,11.718293,10.879506,14.591195,16.025135,19.594778,17.28044,17.442339,13.895927,17.818308,16.163126,18.774515,16.846212,13.273643,13.836009,17.632154,16.478796,12.974201,10.529039,15.013938,15.402097,18.738033,14.657793,11.813388,17.696358,15.267594,12.571535,16.10862,18.075073,16.63985,12.549803,16.96097,12.898591,17.726076,17.65723,17.89319,21.929434,17.295103,22.833532,21.902782,19.102459,15.13248,16.182034,11.196851,16.37236,15.498874,17.775913,21.422092,21.600649,23.263514,27.184856,24.402315,20.609379,18.83917,17.712597,13.076695,14.259936,11.120764,11.140633,12.083689,12.821963,15.253957,14.41883,18.629778,15.403965,20.274702,20.616539,24.154016
16,22.648823,19.530281,18.33276,14.870504,11.511892,15.072585,8.9532385,12.945608,11.432617,11.989319,16.315783,14.964524,16.382362,10.954815,6.711171,4.0938554,0.0,5.430635,8.38172,10.518511,13.789751,15.517511,18.400383,16.83249,15.460787,14.312399,10.149687,7.3533335,5.5383644,4.598516,8.295844,6.222635,12.506096,13.23155,16.20579,19.595844,20.18329,18.71109,14.878363,11.516273,12.998241,9.424494,10.837491,9.394559,9.613153,10.023077,11.984306,14.052632,17.096687,15.177215,16.071615,13.246945,17.80682,17.289719,19.312227,16.655634,14.273113,15.265588,19.49859,18.72327,15.104048,12.973903,18.153755,18.766922,22.289095,18.155352,15.631767,21.602203,19.361149,16.62811,19.95549,21.814323,20.027876,16.042486,19.944326,16.064474,20.301992,20.504093,20.180681,24.331331,19.895931,25.1246,23.821377,20.485014,16.35878,16.433376,11.5343275,15.410596,13.382796,15.794156,19.150919,19.27891,20.412146,23.995337,21.041073,17.332102,15.239387,14.682623,10.200456,12.559089,9.740592,11.15345,13.270833,14.833457,17.132576,15.572692,20.12095,15.775375,20.572647,20.48881,23.577961
17,21.720951,18.884047,18.626263,16.119242,12.70712,17.58527,12.532375,16.309912,16.035503,15.643595,20.471281,18.923676,21.15959,15.394559,11.713615,7.8580327,5.430635,0.0,6.399195,6.1219897,10.391527,11.405355,14.770258,13.122983,11.086778,10.973656,6.5678153,5.9521704,5.8234835,7.3692894,12.397727,11.480757,17.603857,18.613726,21.598236,24.982191,25.584295,24.045969,20.235344,16.830261,17.994602,13.781926,15.084323,12.289252,11.213551,10.235956,11.085481,11.05686,13.554521,10.628543,11.879436,9.924182,14.860921,15.287229,17.418436,14.816353,13.494453,15.805613,19.212765,20.02371,17.280523,13.788272,18.872322,19.064695,23.196552,20.308739,17.036772,22.825071,21.856861,19.099674,22.689781,23.706247,22.170826,17.777246,20.44184,16.15348,19.236397,19.362988,18.079952,22.152729,18.311325,22.861073,21.455791,17.46798,13.40299,12.340084,7.969223,10.263145,7.977482,10.519847,13.861717,14.379244,15.872162,19.508692,17.398748,14.137339,13.033455,12.607826,8.758023,9.975112,10.282869,9.748766,13.627569,15.830006,16.71442,14.341055,17.917925,12.477694,16.869896,15.997042,18.932873
18,16.931988,14.934411,15.580152,12.666439,10.40472,16.2207,11.862314,18.06238,18.02263,19.191727,23.974817,23.237064,24.49987,19.153152,14.86287,12.300131,8.38172,6.399195,0.0,4.4681525,5.6242585,8.020335,10.18878,9.127821,8.845379,7.662502,6.224657,4.807162,8.846976,7.253578,15.378899,12.592537,19.648348,20.268026,22.632961,26.422338,25.841078,24.032871,20.340317,16.940718,18.421492,13.686928,16.607773,14.051104,10.304133,11.895353,9.236296,11.170014,12.122275,11.122539,13.644027,13.170881,18.103983,19.791737,20.716728,17.232277,17.4234,19.37542,23.47057,23.9116,20.791195,18.602612,24.221563,24.957758,28.847267,25.228369,22.834013,28.805885,27.365309,24.628418,27.986984,29.388027,27.445019,23.384542,26.221197,22.363207,25.366974,25.726374,24.318035,28.311714,24.49472,28.776878,26.881323,22.780792,18.89676,17.128895,13.591566,13.863722,9.679382,12.116006,14.166045,14.550072,14.422887,16.816946,14.234573,11.413621,9.199196,10.756005,8.32412,11.996691,12.151968,14.205912,18.115763,20.651754,22.00408,19.3876,23.44065,17.541616,21.452126,20.220291,22.20482
19,18.000595,16.040462,17.136621,15.353159,12.826923,18.773838,14.999444,19.978132,20.5306,20.718184,25.793337,24.787699,26.858433,21.209253,17.172626,13.776463,10.518511,6.1219897,4.4681525,0.0,4.7902575,5.3334007,8.738201,7.7655334,6.2640257,7.080144,5.5870657,6.907952,10.197808,10.560781,17.684052,15.883899,22.660322,23.425909,26.139217,29.738008,29.603361,27.928741,24.119843,20.68049,22.060482,17.323704,19.575241,16.473293,13.28268,13.259363,11.023116,10.477266,10.874328,8.436535,11.254511,11.621597,16.452835,18.501383,19.755875,16.699154,17.235838,19.958939,23.226536,24.678944,22.172556,18.945696,24.15126,24.42296,28.657276,26.002262,22.916487,28.60006,27.941322,25.162607,28.614428,29.413774,27.678478,23.418928,25.406656,21.452854,23.604242,23.964834,22.04205,25.886911,22.700598,26.426683,24.717403,20.308939,16.689724,14.205353,11.51278,10.07808,5.481117,7.7427807,9.774258,10.496078,10.941764,13.760689,12.11838,9.736948,9.124929,10.184047,8.477532,10.334501,12.751279,13.036881,17.678488,20.419739,20.807558,17.838638,21.016264,14.742639,18.090633,16.35939,18.127617
20,16.021154,15.182513,17.209,15.394358,13.965575,20.101181,16.861328,22.95228,23.446299,24.401335,29.364672,28.598534,30.037289,24.52876,20.403246,17.49063,13.789751,10.391527,5.6242585,4.7902575,0.0,3.7439518,4.719099,4.1748214,5.180176,5.174037,7.3764567,8.539781,13.09872,12.4278145,20.474112,18.105747,25.07425,25.86842,28.086634,31.975908,31.17931,29.25112,25.70171,22.354164,23.571728,18.636683,21.542395,18.479193,13.985718,15.101489,10.84486,11.182299,10.015392,9.63115,12.969866,14.31075,18.760826,21.601194,21.968641,18.470032,20.04137,22.541061,26.098808,27.432064,24.85191,22.371363,27.870274,28.537691,32.607925,29.574038,27.101984,32.924328,32.136112,29.441254,32.924618,33.95552,32.118095,27.937075,30.10893,26.181608,28.388275,28.689413,26.652113,30.326548,27.055813,30.544077,28.396519,24.031332,20.622332,17.88975,15.73738,13.614051,8.852803,10.7899885,11.215942,12.14866,11.111879,12.076719,10.829775,9.688943,8.641564,11.464701,11.1594515,13.9833145,16.130728,17.4696,22.001356,24.812544,25.416006,22.401548,25.641989,19.289673,22.262785,20.215479,21.388783
21,15.434183,14.5248785,16.844566,16.098335,14.576165,20.675697,18.236334,23.484818,24.681147,25.12452,30.329163,29.763111,31.880306,26.381088,22.104153,18.969904,15.517511,11.405355,8.020335,5.3334007,3.7439518,0.0,4.19437,5.8807015,6.099069,7.9631066,9.582248,11.318509,15.307306,15.11234,22.80106,20.498257,27.503288,27.941021,30.56409,34.143566,33.55544,31.930702,28.11275,24.755705,26.4348,21.627075,24.34496,21.271936,17.271856,17.790497,14.16691,13.399562,11.968624,10.443292,13.842279,15.580146,19.921738,22.722998,23.538757,20.431232,21.856451,24.723675,27.812998,29.593466,27.21334,24.081594,29.237104,29.439888,33.746273,31.277975,28.13796,33.71032,33.167755,30.312038,33.56899,34.184597,32.25712,28.165792,29.642738,26.08211,27.57626,28.21969,26.004972,29.691757,27.094303,30.268871,28.566025,24.005924,20.798204,17.667416,16.022394,12.69407,7.9212613,8.418786,8.273329,8.68815,7.3696475,8.83691,7.712005,7.0569534,7.528612,9.907296,10.666883,12.429759,15.906462,16.63949,21.421434,24.425598,24.503712,21.265617,24.15328,17.737877,20.104414,18.03217,18.574898
22,15.127151,15.373282,18.339169,17.494883,16.781094,22.826057,20.593113,26.583767,27.568243,28.52299,33.606552,33.075626,34.672276,29.213797,24.983738,22.08913,18.400383,14.770258,10.18878,8.738201,4.719099,4.19437,0.0,4.6016064,6.9588747,8.030646,11.544758,13.177563,17.736166,17.083178,25.188988,22.686312,29.710943,30.313679,32.515484,36.34975,35.312828,33.444984,29.902939,26.632452,28.019463,23.103495,26.155935,23.063187,18.30834,19.435759,14.674732,14.3937235,11.928745,12.029742,15.516499,17.80403,21.784006,25.133467,25.251833,21.87446,24.047626,26.742868,30.003046,31.722172,29.348324,26.761303,32.133923,32.679546,36.846394,34.10326,31.485132,37.18651,36.610394,33.859726,37.240593,38.055405,36.132027,32.022625,33.73152,30.033882,31.679623,32.149372,29.838625,33.353203,30.585993,33.585464,31.46752,26.993927,23.941757,20.7255,19.383966,15.931704,11.339088,12.134598,11.012594,11.825704,9.579603,8.538935,8.509446,9.395818,9.4242735,12.80036,14.063296,16.41334,19.438454,20.724361,25.414858,28.404467,28.654194,25.43713,28.311293,21.885183,24.091267,21.754986,22.040527
23,18.902473,18.707363,21.102495,19.349045,18.101648,24.21752,20.7669,26.929789,27.13656,27.985664,32.85647,31.662752,32.86033,27.131926,23.465948,20.291618,16.83249,13.122983,9.127821,7.7655334,4.1748214,5.8807015,4.6016064,0.0,3.4937825,3.8102741,8.220398,10.43812,14.89898,14.950027,22.616451,20.952436,27.607143,29.00595,30.906038,35.07268,34.2747,32.024094,28.787899,25.44912,25.921188,20.817131,23.448591,19.940607,15.170871,15.768063,10.851978,10.056251,7.3843493,8.342943,11.693338,14.103871,17.805254,21.427586,21.079168,17.594505,20.23128,22.897797,26.084349,27.93904,25.838867,23.465765,28.874514,29.764631,33.749622,31.001509,28.93646,34.665424,34.41613,31.959015,35.778103,36.730103,35.218697,30.830032,32.92651,28.588387,30.624826,30.477982,28.063509,31.294147,28.052853,30.966665,28.322891,24.05209,21.083944,18.044432,16.870089,13.968428,9.785333,12.033682,11.399397,13.413944,12.34829,11.851976,12.616172,12.711675,12.326883,15.274037,15.187583,17.46371,20.075926,20.743372,25.44026,28.176645,28.427755,25.38765,27.916561,21.535656,24.071678,21.349766,22.437805
24,20.868515,20.04835,22.0235,20.288708,18.400745,24.49258,20.615932,26.11228,26.25089,26.53364,31.420973,29.871424,31.41796,25.48988,22.106567,18.498692,15.460787,11.086778,8.845379,6.2640257,5.180176,6.099069,6.9588747,3.4937825,0.0,3.64024,6.1471744,9.337649,13.077301,14.170501,21.12393,20.164736,26.58686,28.223885,30.357063,34.435722,34.117027,31.919722,28.592731,25.1692,25.470282,20.382078,22.453093,18.668318,14.644255,14.122108,10.337893,7.986136,5.972006,5.099337,8.5727415,11.088539,14.838506,18.375273,18.38186,15.195468,17.638046,20.643572,23.422728,25.687454,23.877148,20.946806,26.104034,26.799545,30.883291,28.586538,26.254572,31.81758,31.950483,29.55681,33.499374,34.22869,32.95752,28.43976,30.331804,25.796562,27.662924,27.3219,24.772652,27.883604,24.737413,27.512339,24.932053,20.610834,17.708344,14.571692,13.674005,10.563223,6.704897,9.518166,9.351771,11.924447,11.893817,12.45273,13.465378,13.065063,13.119142,15.2497225,14.549597,16.0109,19.012487,18.700714,23.488796,26.11715,26.021631,23.023026,25.079506,18.781311,21.27908,18.372639,19.84526
25,20.881817,20.14902,21.916477,19.446785,17.773573,23.72626,19.385172,25.560043,25.140059,25.980478,30.60194,29.0074,29.864935,24.047632,20.781593,17.560518,14.312399,10.973656,7.662502,7.080144,5.174037,7.9631066,8.030646,3.8102741,3.64024,0.0,5.0757384,7.3184505,11.595843,12.0382805,19.27345,18.142366,24.467924,26.349525,28.05903,32.384777,31.797022,29.349016,26.309837,22.960339,22.858446,17.711277,20.02586,16.339289,11.696291,12.010124,7.18721,6.642435,5.1101294,6.487683,9.42361,11.117313,14.962781,18.377766,17.895235,14.204094,16.728819,19.208605,22.61055,24.236355,22.119555,20.007793,25.53067,26.697887,30.503008,27.526127,25.883356,31.683277,31.424889,29.159117,33.202755,34.36069,33.07745,28.583252,31.121569,26.42923,28.967413,28.459194,26.204697,29.378641,25.616968,28.790295,25.886604,21.828312,18.697884,16.141632,14.53481,12.938426,9.202583,12.500741,12.85706,15.087974,14.800095,15.217845,15.470194,14.656186,13.735811,16.227858,15.011385,17.413118,19.25251,19.732626,24.195597,26.669771,27.148907,24.358608,26.938066,20.757837,23.797953,21.171421,22.999937
26,22.438465,20.730993,21.604784,18.865711,16.34223,21.942263,16.871777,22.192327,21.464079,21.769793,26.295074,24.341627,25.507608,19.522938,16.517458,12.902427,10.149687,6.5678153,6.224657,5.5870657,7.3764567,9.582248,11.544758,8.220398,6.1471744,5.0757384,0.0,3.8959086,6.960161,8.716969,15.01135,14.601153,20.651152,22.698637,24.743345,28.880848,28.910788,26.62595,23.429739,20.009634,19.855883,14.862497,16.487774,12.663329,9.381195,8.376465,6.2707086,5.22745,7.117889,5.6822157,7.628534,7.4086676,12.115213,14.518926,14.9472685,11.484921,12.666217,15.272254,18.726768,20.216906,17.998049,15.3213415,20.824743,21.82972,25.71339,22.800894,20.84581,26.6605,26.394922,24.136976,28.258919,29.391699,28.275766,23.701744,26.405598,21.532898,24.392284,23.752432,21.75289,25.087395,21.024473,24.678143,22.039938,18.03377,14.496096,12.546879,9.964973,10.176717,7.191231,11.117421,12.943581,14.91802,15.719658,17.686893,17.151016,15.209489,14.20679,15.523889,13.015023,14.877145,16.175602,15.92743,20.129128,22.336353,22.865023,20.335756,22.942497,17.098606,20.680895,18.467037,21.079092
27,21.601944,19.642683,19.978212,16.572117,14.0873575,19.281502,13.751239,19.576508,18.385853,19.322237,23.618801,21.91142,22.559656,16.813662,13.542462,10.576036,7.3533335,5.9521704,4.807162,6.907952,8.539781,11.318509,13.177563,10.43812,9.337649,7.3184505,3.8959086,0.0,4.941464,4.939873,12.197032,10.988257,17.308645,19.188648,21.086376,25.297056,25.114805,22.80831,19.624931,16.219097,16.198416,11.1831455,13.310149,9.9903145,6.4123535,7.115959,5.434851,7.7556715,10.145618,9.55095,11.093174,9.709148,14.410728,15.937374,16.475203,12.861738,13.031259,14.778996,19.055696,19.419077,16.46441,14.622468,20.443218,21.694607,25.315483,21.532331,19.948895,25.999054,24.921345,22.613691,26.557817,28.16125,26.804144,22.444147,25.800673,21.16357,24.707203,24.26348,22.838676,26.453226,21.981115,26.268074,23.80237,20.080767,16.245941,15.074746,11.459241,13.200257,10.180602,13.711372,15.96351,17.257334,17.797615,20.02256,18.41887,15.855327,13.968478,15.202942,12.070094,14.899428,14.622972,15.549254,19.149668,21.1907,22.508907,20.26218,23.730114,18.199148,22.323803,20.77073,23.510025
28,25.439919,22.92055,22.518305,19.018156,15.975253,20.248234,14.082943,18.420876,16.468979,16.692905,20.524885,18.024694,18.719267,12.676788,10.387084,6.9418736,5.5383644,5.8234835,8.846976,10.197808,13.09872,15.307306,17.736166,14.89898,13.077301,11.595843,6.960161,4.941464,0.0,4.873241,8.130711,8.959841,14.079712,16.64534,18.68317,22.726414,23.388994,21.152405,18.126667,14.845042,14.149655,9.758546,10.26126,6.7255692,6.639171,4.8085485,7.985596,9.27268,12.984388,11.515771,11.698641,8.524282,12.822377,12.84354,14.136651,11.193418,9.467161,10.865384,15.197893,15.15513,12.115123,9.893884,15.703482,17.02494,20.506384,16.631802,15.130066,21.204258,20.176836,18.088074,22.32662,24.026846,23.09474,18.624043,22.402536,17.399248,21.517036,20.637203,19.62547,23.13142,18.17716,22.885494,20.567926,17.334618,13.396067,13.448407,9.145939,13.273632,11.872727,15.352631,18.285973,19.564991,20.895685,23.799822,22.167713,19.187328,17.51078,17.764822,13.787628,15.648943,14.581561,14.438518,17.25669,18.682766,20.09222,18.418074,21.613182,16.967327,21.41548,20.276152,23.720001
29,22.385752,19.956312,19.33657,15.251856,12.695469,16.724703,10.467114,16.29333,14.252812,15.870294,19.668262,18.188114,18.211678,12.886084,9.409842,7.7247167,4.598516,7.3692894,7.253578,10.560781,12.4278145,15.11234,17.083178,14.950027,14.170501,12.0382805,8.716969,4.939873,4.873241,0.0,8.520735,6.1070604,12.7016735,14.341925,16.188124,20.388773,20.199787,17.967098,14.723954,11.325133,11.559238,6.7993503,9.365895,7.356704,5.3875384,7.70022,8.30259,11.968576,14.84341,14.278068,15.341357,12.919607,17.34387,17.65736,18.568645,15.238799,13.939197,14.563469,19.433372,18.411303,14.646962,13.80487,19.566948,20.968317,24.165825,19.471132,18.28542,24.394743,22.303583,19.995213,23.620405,25.785963,24.217745,20.238523,24.367636,20.137428,24.447842,24.1989,23.550447,27.379654,22.559086,27.501135,25.39528,22.12053,18.11216,17.89598,13.459191,16.75732,14.157303,17.252508,20.008764,20.680176,21.250423,23.939873,21.372372,18.156593,15.6225,16.267778,12.398199,15.716064,13.360634,15.355341,17.81928,19.420256,21.674469,19.978205,24.23714,19.447168,24.057156,23.314798,26.287617
30,30.116655,27.180788,25.668898,21.607048,18.721628,20.816591,14.368511,16.965937,13.096996,13.743933,15.6274805,12.463309,11.254185,5.665494,6.302897,6.423033,8.295844,12.397727,15.378899,17.684052,20.474112,22.80106,25.188988,22.616451,21.12393,19.27345,15.01135,12.197032,8.130711,8.520735,0.0,5.871716,6.4855275,10.425489,11.844763,15.759222,17.263966,15.057777,12.837048,10.410547,8.302822,6.8377657,4.1925707,4.7568526,9.701612,9.214678,14.004537,16.55654,20.533924,19.486876,19.090822,15.188942,18.127705,16.217422,17.716816,15.744049,12.015177,10.734223,15.412601,12.503211,8.190175,8.926253,13.598298,15.480516,17.573858,11.862865,12.173947,17.895433,15.225234,13.753477,17.71443,20.526558,19.850376,16.18848,21.370546,16.989614,22.333904,21.310371,21.69269,24.986696,19.52359,24.885181,23.055456,21.112461,17.536293,19.205446,14.716051,20.348948,19.605587,22.656683,25.964544,26.760483,28.172787,31.443975,29.03212,25.512331,23.288755,22.954216,18.450996,20.392138,16.999407,17.554195,18.154182,18.327585,20.956057,20.538254,24.202967,21.274502,26.030466,25.907253,29.697094
31,25.206724,22.284405,20.549652,16.205711,13.714916,15.495202,9.024387,13.257819,9.704759,12.125234,14.778612,13.58096,12.67302,8.385777,5.0674925,6.7471814,6.222635,11.480757,12.592537,15.883899,18.105747,20.498257,22.686312,20.952436,20.164736,18.142366,14.601153,10.988257,8.959841,6.1070604,5.871716,0.0,7.2109923,8.257375,10.316454,14.31138,14.520036,12.62037,9.198525,5.927883,6.91839,4.6850348,6.4867873,7.743487,9.302202,11.417355,13.783214,17.5281,20.777859,19.972042,20.597664,17.433447,21.380333,20.414433,21.816685,19.096766,16.37029,15.815803,20.728882,18.2258,13.87023,14.177409,19.116465,20.491707,22.991806,17.478933,16.762978,22.50689,19.120504,16.928867,19.904245,22.76281,21.021706,17.784492,22.737318,19.27157,24.28612,24.253157,24.579123,28.471632,23.50344,28.97589,27.43279,24.78284,20.829067,21.591213,16.738647,21.250792,19.247957,21.90312,25.091724,25.251858,26.012354,29.20505,25.926367,22.214302,19.430265,19.25616,14.983376,18.066605,13.732698,16.359755,17.068129,17.834705,21.105778,20.280535,25.100391,21.520586,26.398575,26.543156,29.740738
32,32.00447,28.979607,26.782076,22.473562,20.170887,20.451813,14.719997,16.307308,11.386702,13.370193,13.292443,11.135379,7.1869254,5.646159,7.4889483,10.7593975,12.506096,17.603857,19.648348,22.660322,25.07425,27.503288,29.710943,27.607143,26.58686,24.467924,20.651152,17.308645,14.079712,12.7016735,6.4855275,7.2109923,0.0,5.526326,5.611314,9.537051,11.280321,9.306469,7.9891424,7.1924233,4.9358015,7.9825325,5.810536,9.820327,13.986206,15.111677,19.00971,22.526613,26.275661,25.566084,25.436008,21.640022,24.538946,22.417435,23.804003,21.896107,18.18282,16.188738,20.65383,16.519459,12.219297,14.525088,17.878819,19.660578,20.753565,14.431816,15.626742,20.324562,16.062725,14.947653,17.512264,21.161144,20.119623,17.766573,23.429098,20.328108,25.898706,25.358225,26.49337,29.835117,24.574726,30.106092,28.713303,27.131021,23.64895,25.484463,20.848274,26.425014,25.318333,28.06876,31.452448,31.7622,32.871246,36.218018,33.04959,29.257425,26.550377,26.06082,21.645697,24.06618,19.283527,21.130333,20.478344,20.101955,23.684896,23.846468,28.193275,25.938097,30.783329,31.275755,34.904465
33,30.017952,26.725079,23.918797,19.915358,17.890947,16.673658,12.083337,12.263785,7.209267,10.410237,9.839553,10.009216,7.2094455,7.9398975,7.452306,11.873617,13.23155,18.613726,20.268026,23.425909,25.86842,27.941021,30.313679,29.00595,28.223885,26.349525,22.698637,19.188648,16.64534,14.341925,10.425489,8.257375,5.526326,0.0,4.5374637,6.3741508,8.033132,7.978904,4.95814,5.1673355,7.7559533,10.723012,10.53071,14.070216,17.0704,18.849989,21.898523,25.570164,28.987286,27.92237,28.305487,24.74907,28.257431,26.256828,28.115364,26.047129,22.36417,20.955847,25.307388,21.587763,17.342138,18.584015,21.801006,22.826406,24.24975,18.467949,18.23496,22.630411,17.598658,15.831275,17.010056,20.678753,18.686068,17.218246,22.630127,20.80064,26.074831,26.463388,27.93033,31.71652,27.029278,32.760227,32.028217,30.08441,26.392744,27.91841,22.997704,28.132559,26.590681,28.72776,32.212025,31.827715,32.720367,36.36204,32.41656,28.35561,25.507782,24.560827,20.382711,22.914959,17.226324,20.161024,18.705814,18.266714,22.491693,22.81471,27.943842,25.96088,30.783009,31.903364,35.137913
34,32.473408,29.549728,26.941103,22.574463,21.015375,19.871193,15.310796,16.542234,11.598731,14.918551,13.738908,13.435157,8.706218,10.342855,11.051259,15.115956,16.20579,21.598236,22.632961,26.139217,28.086634,30.56409,32.515484,30.906038,30.357063,28.05903,24.743345,21.086376,18.68317,16.188124,11.844763,10.316454,5.611314,4.5374637,0.0,5.084475,5.748843,4.2565823,4.4133554,6.349967,6.1746874,10.831625,10.349029,14.615293,17.647484,19.886627,22.80603,27.015726,30.435894,30.019096,30.272327,26.714241,29.875635,27.971018,29.232471,27.087793,23.669262,21.632793,26.175436,21.790207,17.554176,20.134779,23.288427,24.917717,25.751844,19.459488,20.634851,24.839945,19.891148,18.779636,20.1385,24.044046,22.476973,21.08038,26.66073,24.513643,29.963163,29.93623,31.336693,34.85806,29.818998,35.435352,34.25106,32.588856,29.012419,30.64985,25.860142,31.096327,29.47708,31.985884,35.305626,35.213825,35.92611,39.186962,35.414234,31.532585,28.452648,27.998333,23.922482,26.855051,21.310862,24.341337,23.15463,22.706118,26.838037,27.139982,32.07758,29.935125,34.799313,35.62266,38.968174
35,34.91223,31.72837,28.62429,24.720781,23.247091,20.864914,17.497519,16.60915,12.008046,14.947322,12.145429,13.031168,8.531533,12.6244335,13.644429,18.054375,19.595844,24.982191,26.422338,29.738008,31.975908,34.143566,36.34975,35.07268,34.435722,32.384777,28.880848,25.297056,22.726414,20.388773,15.759222,14.31138,9.537051,6.3741508,5.084475,0.0,4.7974434,6.804816,7.284004,9.946144,11.244092,15.687183,15.017467,19.184315,22.44402,24.387411,27.515982,31.465765,34.93057,34.114925,34.367523,30.69152,33.86395,31.548916,33.250565,31.396507,27.562275,25.564476,29.675508,25.217205,21.248774,23.45073,25.793156,26.929981,27.445068,21.594034,22.350632,25.689495,20.133186,19.147669,19.205917,23.206085,21.441069,21.16555,26.526388,25.462324,30.719019,31.091045,33.013737,36.532707,31.899971,37.569515,36.9837,35.515747,32.034946,33.88461,29.046343,34.39883,32.958195,35.08093,38.57617,38.110046,38.931423,42.53681,38.38963,34.311127,31.326517,30.364159,26.380192,28.898855,22.947454,25.988607,23.853119,22.896696,27.295578,28.113201,33.142796,31.810165,36.54482,37.922997,41.184433
