,0,1,2,3,4,5,6,7,8,9,10,11,12,13,14,15,16,17,18,19,20,21,22,23,24,25,26,27,28,29,30,31,32,33,34,35,36,37,38,39,40,41,42,43,44,45,46,47,48,49,50,51,52,53,54,55,56,57,58,59,60,61,62,63,64,65,66,67,68,69,70,71,72,73,74,75,76,77,78,79,80,81,82,83,84,85,86,87,88,89,90,91,92,93,94,95,96,97,98,99,100,101,102,103,104,105,106,107,108,109
0,0.0,3.9671893,7.0488396,9.792726,12.445762,15.1894045,17.911932,22.135557,25.137785,28.046452,31.745684,33.19329,29.813217,27.786095,22.072258,25.412762,21.656754,24.765602,20.63058,24.370289,25.27256,24.02168,28.40261,29.38875,30.360802,30.206738,32.354107,33.676273,33.87287,36.920727,34.18823,41.061718,38.325966,42.262905,39.28432,34.890594,36.030163,39.78411,35.77165,32.36592,35.785477,36.978706,32.487316,31.336523,36.04457,34.66835,28.369158,31.626272,35.301586,37.396915,38.850185,34.59061,40.5183,42.125366,40.388683,39.66761,36.509636,38.81799,43.174026,41.888557,37.847218,42.871746,43.6379,47.315426,44.12247,40.615852,43.23929,41.268177,37.044895,39.789295,39.944824,37.065964,33.883514,35.75743,35.27253,36.411057,32.647274,32.005,29.18781,29.847822,26.33477,25.682863,23.149973,24.13306,26.830078,24.436417,27.647512,28.303707,28.156487,30.120867,29.27786,26.896204,27.62973,30.137524,27.765614,30.065813,29.532717,28.55095,24.027308,26.575108,23.232746,22.693468,22.97347,19.47961,19.901564,17.054255,21.639688,19.856674,24.177279,23.342394
1,3.9671893,0.0,5.2529526,6.0611615,9.015698,12.268226,14.401355,18.977749,21.615164,24.782377,28.378958,30.058815,26.740654,24.692795,18.648888,21.736588,17.894445,20.873571,16.919817,20.538687,21.704216,20.662693,25.212437,25.77244,26.714596,26.529839,28.473404,29.833845,29.95313,33.09464,30.316147,37.214943,34.660976,38.522984,35.43462,31.069273,32.365402,36.071243,31.9955,28.629993,32.251484,33.35002,28.814716,27.896393,32.680996,31.263147,25.13394,28.573938,32.277843,34.301453,35.48924,31.475185,37.43495,38.83586,37.05647,36.193714,32.90805,35.140636,39.582912,38.284336,34.035053,39.048923,39.736298,43.45052,40.314365,36.75171,39.294575,37.314247,33.107147,35.87865,35.989197,33.10301,29.936357,31.896704,31.418997,32.68135,28.959812,28.294022,25.711798,26.403782,23.067188,22.825466,19.979538,20.600107,23.056025,20.757757,23.719223,24.51156,24.314146,26.420189,25.521027,23.263617,23.764826,26.450415,23.974947,26.449242,26.06842,25.40107,20.563688,23.066397,19.399183,18.92088,19.321005,15.704942,15.980379,13.213183,17.722729,16.201494,20.61681,20.125221
2,7.0488396,5.2529526,0.0,5.4151034,6.7205534,8.485902,11.844014,15.371246,18.848171,21.323315,25.141125,26.336855,22.93626,21.063753,15.62705,19.61463,16.468136,20.276018,17.68983,21.667482,23.694946,23.358505,28.043913,27.77218,28.58152,28.03894,29.143015,30.14189,29.56352,32.476585,28.939054,35.716896,32.25741,36.255253,33.70377,29.219414,29.901058,33.923584,30.33397,26.71703,29.783804,31.817585,27.460533,25.747606,30.540102,30.226446,23.786695,26.451101,30.604013,32.126156,33.92695,30.626728,36.23724,37.460083,36.40211,36.062603,32.466625,35.14687,39.302586,37.19807,33.32052,38.451775,39.3011,42.779087,39.13567,35.601482,38.553608,36.435684,32.31673,35.831585,35.969913,32.809383,29.88755,32.704834,31.713293,33.737034,30.08983,28.672915,26.826994,26.502213,23.19399,22.77864,19.230396,20.196354,22.510382,21.362127,23.74772,25.771872,25.448278,28.030634,26.623505,24.070057,23.694675,25.591763,22.611673,24.468006,24.271444,23.839615,19.11887,22.83336,19.09741,20.030813,21.201893,17.499224,16.76626,13.250554,16.892307,14.437173,18.498848,17.029459
3,9.792726,6.0611615,5.4151034,0.0,3.8777447,7.101192,8.675538,13.274457,15.581286,18.947586,22.41375,24.281797,21.026262,18.944727,12.712811,15.7019005,12.004513,15.316136,12.504754,16.256187,18.37454,18.21445,22.942598,22.41657,23.310879,22.961401,23.974903,25.274147,24.800175,28.058794,24.646864,31.57116,28.798368,32.544064,29.503828,25.109304,26.310278,30.051792,26.086325,22.646746,26.279005,27.657825,23.143774,22.157207,27.04842,26.108582,20.081972,23.397335,27.33429,29.01551,30.125563,26.822826,32.621174,33.6536,32.190773,31.433952,27.815084,30.21279,34.590874,32.846764,28.549911,33.627144,34.342236,37.960762,34.6132,31.010967,33.72725,31.710335,27.498457,30.70128,30.854939,27.84786,24.739231,27.34542,26.488405,28.38404,24.763866,23.560682,21.771042,21.84946,18.813473,19.09504,15.404678,15.640909,17.671133,16.237085,18.544352,20.35831,20.13449,22.814707,21.596098,19.527792,18.958153,21.600367,18.52086,21.017626,21.120325,21.265146,15.886273,19.020239,14.54569,15.081408,16.14123,12.230761,11.533213,8.05598,12.00709,10.273635,14.708132,14.357871
4,12.445762,9.015698,6.7205534,3.8777447,0.0,5.5150857,5.487711,10.478089,13.246682,16.045609,19.833681,21.419863,18.232346,16.674911,10.041526,13.997957,11.072679,14.6366205,13.593598,16.606298,19.493988,19.659798,24.489878,22.911184,23.33658,22.395906,22.998646,23.728065,22.960691,25.78741,22.307074,29.07274,25.922121,30.012718,27.43627,22.951244,23.99705,28.176935,24.627573,21.020292,24.620224,26.797413,22.391876,21.198788,26.200949,26.13737,20.327003,23.17763,27.445242,28.577217,29.763315,27.403828,32.904705,33.505493,32.478672,31.796938,27.831713,30.261768,34.6112,32.354576,27.844666,32.913273,33.429855,37.022667,33.502987,29.728338,32.354366,30.022953,26.159006,29.97176,29.729197,26.369268,23.858465,27.009253,26.210947,28.62719,25.263716,23.847853,22.896667,22.627779,20.024197,20.72134,16.423256,16.240236,17.446138,17.034323,18.013142,20.600256,19.760534,22.522516,20.709127,18.101656,17.197021,18.970877,15.896438,17.899506,17.845072,17.926071,12.727641,16.619589,12.586663,14.341047,16.15535,12.83158,11.147208,8.81563,10.885883,9.403315,13.561834,12.813914
5,15.1894045,12.268226,8.485902,7.101192,5.5150857,0.0,6.003537,7.261979,10.765383,13.233846,16.819172,18.162977,14.739428,12.614833,7.7243385,11.882198,9.799779,14.310076,14.140622,18.142065,21.26264,22.206741,26.68972,25.181204,26.004988,25.374758,24.886978,25.795387,24.113567,27.138882,22.320425,28.939846,24.825447,28.484907,26.150885,21.691364,21.835506,25.855686,22.64033,18.90602,21.522377,24.228552,20.13238,17.859991,22.66761,23.441647,17.188347,19.163092,23.703032,24.580582,26.551802,24.45812,29.57196,30.297035,29.942816,30.01983,26.055265,29.112358,32.89112,29.967594,26.455027,31.593655,32.644928,35.78266,31.696243,28.28088,31.706686,29.662992,25.556221,29.737698,30.13637,26.93555,24.114328,27.9428,26.151814,29.139679,25.773567,23.372313,22.817488,21.217236,18.461641,18.52697,13.957053,14.703607,16.368023,17.014168,18.378176,22.05389,21.923418,25.249638,23.53606,21.541267,19.349373,20.921848,16.843706,18.402834,19.236685,20.32636,15.130032,19.849794,15.165643,17.745749,19.663656,15.981835,14.014516,9.65757,11.226864,7.6133947,10.788968,8.677812
6,17.911932,14.401355,11.844014,8.675538,5.487711,6.003537,0.0,6.088191,8.196011,10.9145,14.647848,16.397139,13.432686,12.262281,5.0418115,9.402114,7.7851486,11.342069,12.92132,15.071313,18.854855,19.853365,24.43789,21.650023,21.802597,20.532331,19.968647,20.335623,18.800932,21.482882,17.318571,23.96833,20.478725,24.59305,22.271486,17.755444,18.672731,23.083036,19.898336,16.2134,19.831589,22.623644,18.43702,17.226387,22.230684,23.02127,17.860939,20.23343,24.646612,25.15821,26.159264,25.017826,30.050554,30.072386,29.503307,28.908396,24.608967,27.074974,31.261238,28.456104,23.83424,28.82855,29.239305,32.69369,28.982962,25.12443,27.795666,25.30808,21.694666,26.133295,25.735098,22.1714,20.120525,24.036562,22.962473,26.1002,23.122145,21.226488,21.476404,20.583052,18.735525,20.098007,15.276262,14.383076,14.399954,15.515741,14.874389,18.68867,17.585821,20.725945,18.478073,16.08536,13.81873,14.97352,11.194913,12.907122,13.482968,14.691762,9.22133,13.966651,9.578856,13.04476,15.586297,12.890487,10.084368,8.676925,7.6089683,6.661594,9.778083,9.232845
7,22.135557,18.977749,15.371246,13.274457,10.478089,7.261979,6.088191,0.0,4.9291296,5.993098,9.8676195,11.084626,7.788471,6.5106215,2.461551,7.6149507,8.641566,12.560785,15.751918,18.294683,22.303621,24.037792,28.18545,25.189184,25.531559,24.39205,22.551554,22.790167,20.132664,22.616718,16.965658,22.998697,18.067001,21.801224,20.208458,15.813746,15.330734,19.857037,17.559221,13.727285,15.918392,20.034122,16.516161,13.923561,18.590977,21.069424,16.034466,16.881592,21.644253,21.353285,23.193665,23.187996,27.40126,27.185669,27.676353,27.94069,23.54793,26.6129,30.04062,26.201727,22.680866,27.582247,28.445805,31.286758,26.88188,23.407299,26.878265,24.586397,21.07726,26.187656,26.276798,22.831377,20.92625,25.70774,23.643354,27.558773,24.849802,21.913914,23.03628,20.678333,19.119678,20.09235,15.099896,14.832604,14.672902,17.409845,16.469778,21.498672,20.911293,24.440247,22.183357,20.354805,16.831287,17.122814,12.549071,13.032891,14.686525,17.017715,12.489035,17.802711,13.613327,17.810389,20.434824,17.765053,14.83616,12.282498,10.149886,7.6306305,7.9342117,5.323313
8,25.137785,21.615164,18.848171,15.581286,13.246682,10.765383,8.196011,4.9291296,0.0,4.8947487,7.03209,9.79233,7.347495,5.799342,3.5012102,3.2397358,6.446106,9.062552,13.925628,15.581055,19.771513,22.047955,25.705868,22.21494,22.60364,21.67689,18.992373,19.459963,16.325808,19.20237,12.919529,19.041546,14.635886,17.796679,15.590271,11.196399,11.088129,15.340958,12.7027855,8.868157,11.742899,15.498943,11.999631,10.100403,14.826813,17.185757,13.225887,14.273643,18.679527,18.243946,19.266623,19.936327,23.944477,23.300507,23.673985,23.70168,19.18294,22.084736,25.497116,21.661741,17.855204,22.701061,23.532541,26.365393,22.029572,18.492228,22.01255,19.87579,16.23082,21.411606,21.676945,18.426435,16.441072,21.497034,19.15905,23.374634,20.99135,17.841991,19.767675,17.235788,16.513155,18.255905,13.426573,12.208588,10.873103,14.594339,12.629399,18.190125,17.841717,21.543573,19.481466,18.570833,14.158375,14.959971,9.904065,10.9277935,13.56251,17.017876,12.387177,16.744764,12.08124,16.267017,18.796879,16.574112,13.580078,11.801411,7.933017,6.8247156,4.912575,4.9685607
9,28.046452,24.782377,21.323315,18.947586,16.045609,13.233846,10.9145,5.993098,4.8947487,0.0,4.4009085,5.5098953,3.136637,4.543732,6.325305,7.805605,11.319834,13.687428,18.80937,20.156542,24.456505,26.698753,30.36238,26.45228,26.466623,25.070389,22.099257,21.79415,18.296053,20.133898,13.7802105,18.72159,12.876893,16.452753,15.800892,11.804829,10.329979,15.256748,14.258025,10.765211,12.030538,17.465418,14.955779,12.361981,16.248446,20.220898,16.828236,16.557592,21.023462,19.654655,21.225826,23.148796,26.304146,25.230742,26.49458,26.949032,22.429659,25.358343,28.261908,23.691162,20.44134,24.848291,25.551191,27.958801,23.334408,19.98968,23.450363,21.055767,18.331884,24.082073,23.968512,20.530008,19.593296,24.964432,22.673689,27.211973,25.208185,21.95335,24.36934,21.517855,21.02076,22.533321,17.776054,16.880974,15.340035,19.402979,16.820192,22.50764,21.71485,25.202593,22.724539,21.328169,16.919487,16.06991,11.564572,10.706657,13.294112,16.77987,13.535929,18.449024,15.121204,19.918455,22.762077,20.938896,17.74774,16.425516,12.532379,11.428458,9.395012,7.863574
10,31.745684,28.378958,25.141125,22.41375,19.833681,16.819172,14.647848,9.8676195,7.03209,4.4009085,0.0,3.8465395,4.2309093,5.4934297,9.802159,8.630256,12.976809,14.302648,20.109077,21.05417,25.24653,27.913591,31.042973,26.959112,27.087088,25.948805,22.179081,21.999199,17.971193,19.813423,12.8402195,16.820425,10.765712,13.163824,12.745033,9.417383,6.714379,11.298999,11.204554,8.318456,8.200357,14.345615,12.816904,10.210944,13.147186,18.032293,15.967668,14.881889,18.853756,16.83611,18.174732,21.32596,23.63974,22.071777,23.871212,24.60871,20.200836,23.142786,25.458721,20.414427,17.845095,21.842903,22.741045,24.662176,19.794205,16.82927,20.65289,18.617489,16.149696,21.977089,22.24243,19.237022,18.464577,24.046555,21.253225,26.09936,24.541912,20.913069,24.055681,20.67858,20.881931,22.580051,18.274303,17.196848,15.093595,19.859707,16.852726,22.777006,22.371906,25.905186,23.68674,23.078205,18.12661,17.408287,12.984295,12.068565,15.301776,19.444485,16.547878,20.707302,17.341394,21.911818,24.567268,22.982958,19.92255,18.670023,14.353486,13.611891,10.27234,9.683042
11,33.19329,30.058815,26.336855,24.281797,21.419863,18.162977,16.397139,11.084626,9.79233,5.5098953,3.8465395,0.0,3.481315,6.661241,11.7466345,12.016559,16.106554,17.898907,23.468277,24.602894,28.853064,31.388361,34.69043,30.555347,30.524616,29.125853,25.485657,24.914005,20.920849,22.130867,15.553344,18.698256,11.876157,14.492162,15.358969,12.516131,9.334533,13.753742,14.640231,12.065162,11.01817,17.608501,16.485613,13.442129,15.846527,21.367338,19.13246,17.444323,21.48147,19.072344,21.009762,24.456877,26.373196,24.76956,27.06709,28.113262,23.80087,26.800024,28.837181,23.5,21.40409,25.132814,25.982998,27.623436,22.681755,19.972593,23.647356,21.499506,19.5752,25.502382,25.54533,22.435993,22.112751,27.71101,25.027037,29.899117,28.377825,24.753458,27.828978,24.346987,24.353168,25.729969,21.36045,20.6564,18.83893,23.488218,20.56718,26.457712,25.812744,29.24359,26.78629,25.712004,20.998926,19.473177,15.463386,13.680901,16.480219,20.234385,18.106333,22.697857,19.966267,24.816753,27.648163,26.063139,22.893898,21.557785,17.503813,16.385818,13.443286,11.856912
12,29.813217,26.740654,22.93626,21.026262,18.232346,14.739428,13.432686,7.788471,7.347495,3.136637,4.2309093,3.481315,0.0,3.8075929,8.761328,9.993732,13.618669,16.121687,21.107695,22.812193,27.018013,29.38085,32.936104,29.19462,29.343496,28.062298,24.884447,24.608854,20.912022,22.61002,16.043156,20.301365,13.905727,16.931078,16.883196,13.355694,10.903479,15.455185,15.1983385,11.9998045,11.835898,17.89103,15.972526,12.630526,15.886598,20.732807,17.460896,16.255836,20.715162,18.892351,21.087118,23.476215,26.087456,24.987494,26.851706,27.814966,23.438475,26.627502,29.042784,24.03216,21.64569,25.855652,26.838251,28.829117,23.913456,20.978018,24.799307,22.639687,20.05406,25.823154,26.005789,22.77524,21.83198,27.305656,24.644468,29.315031,27.376114,23.791044,26.300222,22.928898,22.41772,23.554733,18.968142,18.54845,17.28811,21.551582,19.307,25.109558,24.576326,28.128544,25.73462,24.447813,19.961794,18.976011,14.574492,13.397854,15.984318,19.406563,16.522432,21.512196,18.247992,22.995123,25.780556,23.789074,20.673895,18.784918,15.253694,13.553379,11.07398,8.841412
13,27.786095,24.692795,21.063753,18.944727,16.674911,12.614833,12.262281,6.5106215,5.799342,4.543732,5.4934297,6.661241,3.8075929,0.0,7.362061,7.9080963,11.145308,14.058824,18.436346,20.849953,24.814476,27.248802,30.729496,27.588062,28.175093,27.368362,24.334639,24.698164,21.141993,23.600143,16.797195,21.778097,16.046,18.561306,17.477203,13.745611,11.686921,15.597746,14.347455,10.920771,10.956891,16.196257,13.840722,10.017004,13.747246,18.023046,14.048978,13.011153,17.693848,16.387354,18.838562,20.356285,23.383118,22.762682,24.344944,25.438784,21.170506,24.655176,27.119614,22.355856,20.242033,24.765059,26.140049,28.206562,23.241524,20.421682,24.674137,22.888927,19.542852,24.88695,25.653374,22.697094,20.846724,26.138424,23.111351,27.596817,25.340446,21.538923,23.608477,19.978842,19.131731,19.96044,15.42605,15.423969,14.813946,18.88281,17.630537,23.355703,23.409643,27.174204,25.17425,24.26773,19.76767,19.88156,15.0167675,14.89285,17.596083,21.005842,17.151981,22.012075,17.783657,22.039852,24.52381,22.016043,19.164795,16.27603,13.413369,10.8967705,8.128537,5.467013
14,22.072258,18.648888,15.62705,12.712811,10.041526,7.7243385,5.0418115,2.461551,3.5012102,6.325305,9.802159,11.7466345,8.761328,7.362061,0.0,5.7498403,6.58526,10.257401,13.777716,15.944823,20.039095,21.83214,25.932014,22.770363,23.091448,21.996391,20.135647,20.506638,17.938921,20.669281,15.128928,21.470264,17.120548,20.809309,18.755396,14.273693,14.384163,18.809544,16.08405,12.259325,15.185415,18.757475,14.987636,13.049955,17.905155,19.810898,15.032294,16.466942,21.044939,20.962242,22.260239,22.133392,26.555897,26.261854,26.386433,26.310577,21.871151,24.724022,28.390102,24.850653,20.872799,25.814844,26.539457,29.57195,25.385498,21.75552,25.023205,22.717089,19.092396,24.065138,24.083168,20.645287,18.63626,23.324535,21.415865,25.254885,22.564392,19.806229,20.990812,18.948019,17.585882,18.98067,13.980236,13.161789,12.633895,15.34037,14.088527,19.088614,18.457277,22.00672,19.804968,18.186537,14.537416,15.275927,10.553947,11.63732,13.4419565,16.025263,11.068151,16.000626,11.424511,15.570042,18.17874,15.637778,12.637246,10.557325,7.7858644,5.9682055,6.4772177,5.3062553
15,25.412762,21.736588,19.61463,15.7019005,13.997957,11.882198,9.402114,7.6149507,3.2397358,7.805605,8.630256,12.016559,9.993732,7.9080963,5.7498403,0.0,4.502004,6.199314,11.492271,13.0324545,17.102657,19.651747,23.01171,19.682447,20.3846,19.918465,17.044716,18.114445,15.042654,18.571648,12.274123,18.650404,15.228036,17.72085,14.600474,10.33702,10.956012,14.381679,10.830701,7.116383,10.851965,13.266514,9.310322,8.292926,13.19946,14.502757,10.811639,12.659355,16.693707,16.719343,17.111956,17.341825,21.646729,21.090559,20.95819,20.711235,16.206184,19.055267,22.656471,19.239527,15.189741,20.191097,21.154007,24.120245,19.9786,16.451607,20.06185,18.258675,14.079313,18.815664,19.496933,16.589516,13.8902645,18.80475,16.210955,20.346722,17.887564,14.6291685,16.602482,14.08801,13.619647,15.765683,11.1445055,9.358377,7.648135,11.638401,9.81588,15.462032,15.651907,19.511503,17.891432,17.749388,13.144465,15.061998,9.970409,11.966634,14.785457,18.42549,13.443744,16.898468,11.578825,15.0541935,17.212341,14.926209,12.223421,10.346066,6.2234983,5.794507,2.8937855,5.7159643
16,21.656754,17.894445,16.468136,12.004513,11.072679,9.799779,7.7851486,8.641566,6.446106,11.319834,12.976809,16.106554,13.618669,11.145308,6.58526,4.502004,0.0,4.656327,7.5266514,10.242674,14.019548,16.192669,19.93596,17.4428,18.517128,18.440178,16.659523,18.319157,16.196926,20.158691,14.905526,21.718307,19.108425,21.747597,18.155684,13.978562,15.260934,18.313845,14.114982,10.800778,14.815091,15.854221,11.35977,11.005555,15.956876,15.491913,10.758937,14.026961,17.849653,18.880709,19.129198,17.566116,22.775295,22.892271,21.856127,21.180655,16.979485,19.63016,23.735325,21.296806,16.958378,22.092539,23.037409,26.354866,22.695045,19.174011,22.43114,20.764153,16.225124,19.996017,20.76361,18.018192,14.559365,18.545479,16.391775,19.683008,16.593533,13.932166,14.490823,12.903868,11.488174,13.533387,8.8131895,6.9747496,6.80977,8.778719,8.917296,13.510214,14.029599,17.875404,16.653425,16.470638,12.781083,15.901628,11.219854,14.142971,16.234854,19.075424,13.374542,16.398617,10.325097,12.655644,14.375235,11.2799015,8.99648,5.8658743,3.3277977,2.2972667,3.8596778,6.8362136
17,24.765602,20.873571,20.276018,15.316136,14.6366205,14.310076,11.342069,12.560785,9.062552,13.687428,14.302648,17.898907,16.121687,14.058824,10.257401,6.199314,4.656327,0.0,6.7597985,6.9564056,10.985765,13.727997,16.858232,13.643053,14.762358,15.038646,12.651355,14.867889,12.842176,17.32988,12.569555,19.238367,18.08702,20.108137,15.747931,12.074949,14.432878,16.65207,11.89142,9.429764,14.331824,13.869059,9.361264,11.119333,15.502541,13.872713,11.057211,14.863052,17.754496,18.893394,17.816679,16.55822,21.652828,21.372305,19.671677,18.18069,13.960054,15.9017105,20.43819,18.706005,13.420398,18.420841,19.04512,22.662603,19.60228,15.940817,18.649445,17.17469,12.461893,15.639995,16.432634,14.017626,10.082839,13.897884,11.883529,15.177237,12.312247,9.962169,11.3271055,10.576869,10.498395,13.764168,10.051595,6.539842,3.7428422,6.2566786,4.290591,9.3893585,10.239189,14.2155695,13.42468,14.465174,10.383082,14.494015,10.328846,13.900262,16.214872,19.463203,14.105986,15.571578,9.588814,11.0170555,12.327981,10.212992,8.296984,7.8432717,3.9709656,6.8768635,6.6806173,10.710953
18,20.63058,16.919817,17.68983,12.504754,13.593598,14.140622,12.92132,15.751918,13.925628,18.80937,20.109077,23.468277,21.107695,18.436346,13.777716,11.492271,7.5266514,6.7597985,0.0,5.859177,7.6938148,9.628321,13.206701,12.6511,14.806266,16.137924,15.766545,18.72083,18.028778,22.617014,18.958252,25.634163,24.782772,26.836117,22.305716,18.81211,21.03145,22.925812,17.932775,15.720889,20.053358,18.583584,14.101087,15.507493,19.680387,16.28867,12.301329,17.167809,19.604954,21.956108,21.123178,17.368685,23.364506,24.188145,21.498344,19.791435,16.55148,18.30761,22.969942,22.5123,17.925041,22.694778,23.584326,27.23489,24.68402,21.480259,24.018524,22.990505,18.148552,19.736393,20.97113,19.182638,14.61539,16.399845,14.923889,16.345335,12.546355,11.381347,9.352356,10.342546,8.390455,10.938123,8.361642,5.887817,7.467978,3.8574307,8.434937,9.491132,11.550402,14.942809,15.250685,16.332102,14.189485,19.127186,15.65278,19.490858,21.054623,23.26217,17.474127,18.483418,12.388582,11.368215,11.197331,7.387152,7.693133,4.8114843,7.1534724,8.236162,10.46933,13.644523
19,24.370289,20.538687,21.667482,16.256187,16.606298,18.142065,15.071313,18.294683,15.581055,20.156542,21.05417,24.602894,22.812193,20.849953,15.944823,13.0324545,10.242674,6.9564056,5.859177,0.0,4.47924,6.991684,10.246188,7.325616,9.102782,10.5606985,10.258047,13.588856,13.682166,18.31719,16.118895,22.35298,23.033794,24.957008,20.170528,17.202553,20.415165,22.046486,17.095726,15.580834,20.64485,18.682545,14.551244,17.399126,21.21833,17.683506,15.686879,20.355412,22.345005,24.261417,22.304909,19.726309,25.191833,25.250463,22.198404,19.487904,16.23032,16.70579,21.891005,22.086655,16.194342,20.442356,20.442432,24.54714,22.880508,19.367477,20.64434,19.430092,15.147131,16.066782,16.452152,14.764215,10.5975,11.440609,11.463577,12.418788,9.132389,9.732077,8.993697,11.800341,11.82306,15.403168,13.284124,9.710004,8.293221,5.524256,5.40909,4.1175437,5.8093815,9.198942,9.91054,12.177052,10.335327,15.951101,13.631972,17.793625,19.158468,21.435001,16.310574,15.551661,10.284908,8.038352,7.3677416,6.061585,6.572243,9.00651,8.169002,11.78853,13.2445345,17.0053
20,25.27256,21.704216,23.694946,18.37454,19.493988,21.26264,18.854855,22.303621,19.771513,24.456505,25.24653,28.853064,27.018013,24.814476,20.039095,17.102657,14.019548,10.985765,7.6938148,4.47924,0.0,3.623801,5.9431043,5.7620873,8.841759,11.675251,12.452401,16.242208,17.046663,21.628473,20.098457,25.927835,27.174522,28.713121,23.680819,21.126099,24.377047,25.438646,20.36345,19.293808,24.10852,21.180504,17.35103,20.489464,23.869764,19.205526,17.664343,22.65411,23.965765,26.434238,24.126575,20.55997,26.116323,26.578897,22.77932,19.634853,17.276419,17.153696,22.290688,23.628786,18.16613,21.88974,21.958582,25.98383,24.96705,21.897324,22.860111,22.179995,17.98524,17.467348,18.29056,17.471521,13.088534,12.072409,12.567561,11.725853,8.271821,10.377519,7.750465,12.293408,12.302738,15.6469,14.8695345,11.744365,11.31544,7.012705,9.121697,4.846485,7.8978586,9.860745,11.963202,14.861212,14.099007,19.847754,17.987932,22.165308,23.370535,25.351467,20.348034,19.015177,14.260177,10.839268,8.785267,7.822678,9.878268,11.643082,12.329967,15.306416,16.907482,20.637865
21,24.02168,20.662693,23.358505,18.21445,19.659798,22.206741,19.853365,24.037792,22.047955,26.698753,27.913591,31.388361,29.38085,27.248802,21.83214,19.651747,16.192669,13.727997,9.628321,6.991684,3.623801,0.0,4.9555874,6.504244,9.055743,11.774388,14.052968,17.531504,19.051554,23.300987,22.514074,28.373787,29.729565,31.633057,26.742357,24.052437,27.38123,28.75913,23.739698,22.473547,27.402086,24.749811,20.824186,23.72517,27.306097,22.704826,20.725386,25.778597,27.245953,29.812056,27.677717,23.828606,29.509228,30.122454,26.243797,23.063623,20.868713,20.622618,25.738554,27.244637,21.715527,25.33447,25.18757,29.294632,28.460907,25.305763,25.954782,25.077765,21.156494,20.592909,20.948631,19.991816,16.112932,14.631985,15.879762,14.530962,11.42863,13.968792,10.953684,15.631044,15.149497,18.03002,17.303833,14.567953,14.562003,10.073153,12.183321,7.6771026,9.34541,10.209941,12.446784,14.833199,15.34186,20.996454,19.684156,23.860003,24.563768,25.902283,21.057829,19.279274,15.118559,10.790207,7.9733396,7.4269347,10.368929,12.735389,14.2401085,17.169348,19.448387,22.871023
22,28.40261,25.212437,28.043913,22.942598,24.489878,26.68972,24.43789,28.18545,25.705868,30.36238,31.042973,34.69043,32.936104,30.729496,25.932014,23.01171,19.93596,16.858232,13.206701,10.246188,5.9431043,4.9555874,0.0,6.6170087,9.751425,13.481089,15.415724,19.28002,20.99117,25.247726,24.87177,30.064775,32.216778,33.42736,28.259165,26.224463,29.691292,30.255182,25.24964,24.67857,29.37942,25.690214,22.330194,25.841743,28.748383,23.31598,22.569235,27.608496,28.24623,31.026905,28.2274,24.204824,29.476847,30.113209,25.652401,21.97113,20.676514,19.592968,24.455,27.06479,21.900738,24.735054,24.53523,28.449844,28.41858,25.772081,25.961311,25.711256,22.029762,20.050688,20.849602,20.89833,16.940407,13.97601,15.543131,12.698708,10.286324,13.953675,10.683115,16.1691,16.483494,19.440826,19.792332,17.037865,16.832441,12.415365,14.490754,8.9850235,11.547892,11.548597,14.763075,18.171806,18.571447,24.27849,23.202978,27.363117,28.292158,29.91019,25.325062,23.075455,19.241072,14.950181,12.04108,12.278163,14.975778,17.063742,18.213037,21.129278,22.77622,26.500921
23,29.38875,25.77244,27.77218,22.41657,22.911184,25.181204,21.650023,25.189184,22.21494,26.45228,26.959112,30.555347,29.19462,27.588062,22.770363,19.682447,17.4428,13.643053,12.6511,7.325616,5.7620873,6.504244,6.6170087,0.0,3.6223938,7.417221,8.84231,12.692081,14.624175,18.705357,19.007637,23.886614,26.56316,27.939327,22.987816,21.105589,24.9616,25.799885,21.131681,20.661327,25.741076,22.732676,19.439621,23.28611,26.349775,22.016281,21.718225,26.361595,27.485987,29.4667,26.461243,24.101255,29.018488,28.786922,24.967413,21.201069,18.960585,17.682074,22.900164,24.678087,18.419321,21.281063,20.356829,24.64051,24.588848,21.406502,20.938124,20.108183,16.973978,15.639217,15.292949,14.827359,11.712276,8.945288,11.754798,10.044278,8.32485,12.038897,11.31317,15.965956,17.055765,20.796604,19.823765,16.232529,14.360128,11.552286,10.342819,4.5817823,5.506067,5.2772913,8.605766,12.774696,12.815348,18.362232,17.87182,21.888174,22.792238,24.66876,20.645294,17.79913,14.614046,10.741541,8.478412,10.4197855,11.990475,15.984184,15.084093,19.07244,20.245506,24.154367
24,30.360802,26.714596,28.58152,23.310879,23.33658,26.004988,21.802597,25.531559,22.60364,26.466623,27.087088,30.524616,29.343496,28.175093,23.091448,20.3846,18.517128,14.762358,14.806266,9.102782,8.841759,9.055743,9.751425,3.6223938,0.0,4.066013,6.806314,10.042811,12.84957,16.335585,17.856009,22.338694,25.508171,27.188307,22.57596,20.793884,24.876652,26.039991,21.743435,21.24999,26.498873,24.08496,20.882448,24.695948,27.8793,24.224266,23.95612,28.357628,29.77226,31.368027,28.365515,26.732653,31.457281,30.860142,27.368542,23.60971,21.08153,19.672333,24.861105,26.287783,19.58867,22.251936,20.76134,25.17191,25.28337,21.832592,20.693434,19.371042,16.985954,16.08261,14.586151,13.682124,11.892513,9.283668,13.069681,11.8882475,10.964728,14.426817,14.548979,18.754751,19.922403,23.742674,22.234636,18.50697,16.10081,14.063187,11.374144,6.701859,4.7777724,2.0391195,5.8230896,10.291937,11.140207,16.250513,16.715038,20.507668,21.01827,22.607676,19.261904,15.589727,13.601801,9.734769,7.8324323,11.166196,12.226654,17.398048,15.7507715,20.190033,21.395248,25.167728
25,30.206738,26.529839,28.03894,22.961401,22.395906,25.374758,20.532331,24.39205,21.67689,25.070389,25.948805,29.125853,28.062298,27.368362,21.996391,19.918465,18.440178,15.038646,16.137924,10.5606985,11.675251,11.774388,13.481089,7.417221,4.066013,0.0,5.536375,7.197446,10.7466955,13.490623,15.97993,20.330378,23.514633,25.767038,21.680107,19.735397,23.875689,25.6486,21.776678,21.005396,26.363844,24.91221,21.666811,25.146044,28.594027,25.871664,25.270065,29.359898,31.26298,32.42892,29.707512,28.761269,33.399063,32.50779,29.53637,26.033749,23.020426,21.889065,27.030905,27.717787,20.714184,23.49513,21.674318,26.132015,25.975618,22.170952,20.772434,18.752953,16.976704,17.194157,14.691111,12.836274,12.400656,11.074926,14.880096,14.764047,14.008216,16.73295,17.501616,21.032907,22.05366,25.857985,23.636227,19.88537,17.109005,15.901479,12.042345,9.113487,5.175917,2.203266,2.4807816,6.783034,8.5401,12.967361,14.377394,17.853191,17.886036,19.134056,16.459663,12.108692,11.447785,8.109187,7.296296,11.441324,11.661777,17.748644,15.346109,20.068336,21.360758,24.827429
26,32.354107,28.473404,29.143015,23.974903,22.998646,24.886978,19.968647,22.551554,18.992373,22.099257,22.179081,25.485657,24.884447,24.334639,20.135647,17.044716,16.659523,12.651355,15.766545,10.258047,12.452401,14.052968,15.415724,8.84231,6.806314,5.536375,0.0,4.2198076,6.147026,9.903516,11.444027,15.535055,19.039362,20.66153,16.366953,14.890492,19.155987,20.447323,16.823524,16.573275,21.740732,20.2092,17.468876,21.270061,24.251915,22.043674,22.359434,25.91789,27.617887,28.324625,25.334942,25.455746,29.494825,28.12661,25.587133,22.251455,18.984112,17.838968,22.753576,22.943336,15.820051,18.45659,16.523232,20.96057,20.639612,16.778824,15.329401,13.25893,11.562959,12.243691,9.520844,7.3552613,7.387852,7.370084,10.713136,11.976951,11.827901,13.619868,15.978326,18.463484,20.212046,24.268694,21.914999,17.943405,14.242551,14.575231,9.07345,8.142004,4.936376,5.398869,4.702361,8.966349,7.1220503,11.320959,11.935714,15.22276,16.24209,18.799595,16.088987,12.774736,11.267518,10.12749,10.484852,13.320733,12.544565,17.692682,13.961084,18.666729,18.793474,22.495232
27,33.676273,29.833845,30.14189,25.274147,23.728065,25.795387,20.335623,22.790167,19.459963,21.79415,21.999199,24.914005,24.608854,24.698164,20.506638,18.114445,18.319157,14.867889,18.72083,13.588856,16.242208,17.531504,19.28002,12.692081,10.042811,7.197446,4.2198076,0.0,4.507697,6.362752,10.128877,13.366439,17.282078,19.45266,16.037146,14.6974945,18.918503,20.759558,17.948479,17.56718,22.574055,22.096405,19.586052,22.958103,25.997847,24.800478,24.96761,28.0785,30.13592,30.353645,27.61421,28.503847,32.27794,30.57946,28.586035,25.51073,22.00559,21.018944,25.645615,25.20041,18.094631,20.492733,18.1576,22.406187,21.993269,17.965504,15.9995,13.149674,12.761851,14.499482,10.694578,7.604576,10.005881,10.9295,14.059715,15.820986,15.933449,17.281849,19.95567,21.9565,23.58977,27.553392,24.701881,20.831774,16.957336,17.949228,11.979998,12.151527,8.376579,8.233994,5.805957,8.091471,6.579085,8.602071,10.805481,13.258306,13.7578,16.112154,14.647751,10.727372,11.218453,11.2183075,12.397167,15.572949,14.209656,19.800072,15.500713,20.220793,20.29814,23.567596
28,33.87287,29.95313,29.56352,24.800175,22.960691,24.113567,18.800932,20.132664,16.325808,18.296053,17.971193,20.920849,20.912022,21.141993,17.938921,15.042654,16.196926,12.842176,18.028778,13.682166,17.046663,19.051554,20.99117,14.624175,12.84957,10.7466955,6.147026,4.507697,0.0,4.927336,5.7660804,9.757395,13.115445,15.1452,11.653286,10.238526,14.460299,16.363518,13.856038,13.545204,18.331814,18.388512,16.163792,19.315617,22.16236,21.801296,22.19474,24.73185,26.882158,26.668453,24.11342,25.798306,29.184309,27.227676,25.844307,23.265322,19.411083,18.946861,23.24229,21.911901,15.003289,17.67036,15.637331,19.678822,18.501469,14.289355,13.012975,9.776539,9.196843,12.521978,9.128769,4.9678893,7.8930197,11.008178,12.56411,15.665207,15.691745,15.785637,19.276625,20.134108,21.93963,25.826698,22.710878,18.946339,14.691428,16.941462,10.403939,12.639412,9.801468,11.2396755,8.930857,10.588354,6.6150627,7.7962556,8.432143,10.532989,12.117975,15.640455,13.849048,11.652833,10.959091,12.608636,14.374704,16.44997,14.442721,18.946909,13.88446,18.221598,17.453373,20.638102
29,36.920727,33.09464,32.476585,28.058794,25.78741,27.138882,21.482882,22.616718,19.20237,20.133898,19.813423,22.130867,22.61002,23.600143,20.669281,18.571648,20.158691,17.32988,22.617014,18.31719,21.628473,23.300987,25.247726,18.705357,16.335585,13.490623,9.903516,6.362752,4.927336,0.0,7.287228,8.021445,12.52611,14.91255,13.015098,12.398343,16.132294,18.275856,17.015404,16.84905,21.033464,21.945353,20.225168,22.983942,25.604649,26.06006,26.566366,28.648722,30.929111,30.252169,27.821484,30.22645,33.205433,30.90212,29.955679,27.498398,23.7117,23.09903,26.996546,25.37163,18.78521,20.74665,18.214872,21.835354,20.971361,16.982262,14.803047,11.122692,12.559185,15.902924,11.674468,8.004977,12.443411,15.025629,16.981825,19.899473,20.360872,20.583332,24.183237,24.95862,26.762556,30.579979,27.246605,23.602236,19.364002,21.781956,15.2676525,17.310408,14.004659,14.552985,11.814503,12.311338,9.607918,7.669863,10.38019,10.760185,11.522001,14.617258,14.801801,12.105712,13.695964,15.770974,17.774986,20.319443,18.158487,23.020102,17.834513,22.012953,21.23284,23.910057
30,34.18823,30.316147,28.939054,24.646864,22.307074,22.320425,17.318571,16.965658,12.919529,13.7802105,12.8402195,15.553344,16.043156,16.797195,15.128928,12.274123,14.905526,12.569555,18.958252,16.118895,20.098457,22.514074,24.87177,19.007637,17.856009,15.97993,11.444027,10.128877,5.7660804,7.287228,0.0,6.998505,7.652178,10.308595,7.5824795,5.342946,9.13318,11.993157,10.536179,9.831109,13.920244,15.745869,13.955515,16.041912,18.75301,20.16845,20.361462,21.832945,24.40244,23.425299,21.597734,24.39952,27.245296,25.011824,24.755964,23.144821,18.873787,19.42667,23.031008,20.187763,14.179416,17.215925,15.890842,19.22052,16.68107,12.42013,12.701142,9.188762,8.518974,13.991422,11.730721,7.761953,9.9599085,14.807481,14.456332,18.721323,18.430136,16.975744,20.96261,20.255304,21.891993,25.37771,21.753399,18.478727,14.230949,17.94298,11.682889,15.981735,13.980921,16.336752,13.875134,14.369414,9.416745,8.564468,7.0348825,7.482476,10.418709,15.004784,13.290888,13.461579,12.122399,15.569164,17.95476,18.857155,16.160793,19.137638,13.492846,16.796171,15.015011,17.548452
31,41.061718,37.214943,35.716896,31.57116,29.07274,28.939846,23.96833,22.998697,19.041546,18.72159,16.820425,18.698256,20.301365,21.778097,21.470264,18.650404,21.718307,19.238367,25.634163,22.35298,25.927835,28.373787,30.064775,23.886614,22.338694,20.330378,15.535055,13.366439,9.757395,8.021445,6.998505,0.0,7.178025,7.4903355,7.4958153,9.118109,11.525538,12.675996,13.647698,14.479954,16.854902,18.644686,18.456743,20.673138,22.055698,24.160614,25.754047,26.447517,28.38726,26.7115,24.411207,28.652416,30.283468,27.286028,27.595776,26.027678,22.301321,22.135511,24.748764,21.826187,16.6818,17.82755,15.65185,18.027021,16.408333,13.050245,11.414501,7.796174,10.911615,15.401404,12.335354,9.687189,14.025916,17.92409,17.96845,21.98669,22.821415,21.635487,26.249022,25.452625,27.712238,31.267271,27.988773,24.738907,20.307575,24.177563,17.79598,21.379625,19.346008,20.84427,18.599651,19.419222,15.303879,13.139106,13.443417,12.382841,14.627742,18.83047,18.951492,18.402575,18.614248,21.727541,23.90564,25.422174,22.900787,26.106375,20.472685,23.604937,21.341429,23.606724
32,38.325966,34.660976,32.25741,28.798368,25.922121,24.825447,20.478725,18.067001,14.635886,12.876893,10.765712,11.876157,13.905727,16.046,17.120548,15.228036,19.108425,18.08702,24.782772,23.033794,27.174522,29.729565,32.216778,26.56316,25.508171,23.514633,19.039362,17.282078,13.115445,12.52611,7.652178,7.178025,0.0,5.503814,7.6769257,7.111813,6.9983225,10.486967,12.288191,11.81022,13.067968,17.335625,16.917751,17.349035,19.08029,22.899439,23.257605,23.04118,25.795372,23.598288,22.72356,27.182001,28.827765,26.084133,27.374311,26.857565,22.657547,23.84034,26.229046,21.9335,17.829264,20.160788,19.271275,21.251106,17.85487,14.536443,15.567394,12.457928,13.23795,19.081781,17.344015,14.183846,16.621672,21.715445,20.505983,25.205513,25.075367,22.747438,27.053356,25.102335,26.630522,29.545372,25.664276,23.144648,19.313997,23.873371,18.289553,23.252005,21.553486,23.972622,21.346874,21.088097,16.38883,13.6668,12.082557,9.73661,12.68149,17.252546,16.978594,18.703182,18.044014,22.374804,25.083982,25.482536,22.44675,24.250742,18.669024,20.565193,17.904144,19.053144
33,42.262905,38.522984,36.255253,32.544064,30.012718,28.484907,24.59305,21.801224,17.796679,16.452753,13.163824,14.492162,16.931078,18.561306,20.809309,17.72085,21.747597,20.108137,26.836117,24.957008,28.713121,31.633057,33.42736,27.939327,27.188307,25.767038,20.66153,19.45266,15.1452,14.91255,10.308595,7.4903355,5.503814,0.0,5.455687,8.035541,7.304502,7.515457,11.055255,12.245126,12.101861,15.393389,16.429754,17.368996,17.647976,21.61496,23.515993,22.764023,24.589085,22.007853,20.482716,26.019138,26.58314,23.29904,25.000576,24.688526,20.995506,21.873278,23.315565,18.839735,15.836535,16.990791,16.215014,17.247133,13.92048,11.545564,12.566083,10.426921,12.1512165,17.322197,16.279432,14.333895,16.771458,21.587317,19.81338,24.545748,25.036228,22.47242,27.325783,24.990358,27.173634,30.132612,26.893433,24.374208,20.376741,25.188498,19.747938,24.515852,23.518717,25.90101,23.880493,24.628254,19.71498,17.956146,16.282646,14.768923,17.872164,22.51671,21.885176,23.132257,21.94239,25.71681,28.033209,28.43037,25.687098,27.113218,21.634506,23.415852,20.064724,21.617653
34,39.28432,35.43462,33.70377,29.503828,27.43627,26.150885,22.271486,20.208458,15.590271,15.800892,12.745033,15.358969,16.883196,17.477203,18.755396,14.600474,18.155684,15.747931,22.305716,20.170528,23.680819,26.742357,28.259165,22.987816,22.57596,21.680107,16.366953,16.037146,11.653286,13.015098,7.5824795,7.4958153,7.6769257,5.455687,0.0,4.5256696,6.186441,5.471431,6.631984,8.489667,9.9541445,11.371027,11.960725,14.10766,14.74958,17.282356,19.526518,19.634478,21.185257,19.342546,17.016027,21.793188,22.983023,19.946627,20.732006,19.869667,16.044666,16.730967,18.78545,14.905874,10.706227,12.500055,11.821936,13.770222,10.3694315,6.895606,8.566945,6.4933677,6.7728286,12.235324,11.760296,9.99644,11.543865,16.462034,14.380852,19.177591,19.611685,17.085295,22.016064,19.9641,22.41223,25.663286,22.75506,19.890377,15.6558695,20.292358,14.856315,19.446972,18.933857,21.495071,19.956606,21.463533,16.349081,16.131418,13.935852,13.879439,17.250626,22.033901,20.238167,21.009129,18.855114,21.974178,23.919828,24.242498,21.815453,23.246773,17.914238,20.096962,16.802013,19.256752
35,34.890594,31.069273,29.219414,25.109304,22.951244,21.691364,17.755444,15.813746,11.196399,11.804829,9.417383,12.516131,13.355694,13.745611,14.273693,10.33702,13.978562,12.074949,18.81211,17.202553,21.126099,24.052437,26.224463,21.105589,20.793884,19.735397,14.890492,14.6974945,10.238526,12.398343,5.342946,9.118109,7.111813,8.035541,4.5256696,0.0,4.3231874,7.0348034,5.879346,5.43876,8.662908,11.19579,10.118472,11.656346,13.771129,16.26374,16.937618,17.494543,19.923758,18.473106,16.928852,20.591866,22.82614,20.431608,20.944334,20.151384,15.791441,17.177979,20.03741,16.143316,11.324413,14.67508,14.43575,17.042171,13.277989,9.316581,11.760753,9.304741,7.3897605,13.515709,13.054069,10.2150755,10.626616,16.141111,14.028369,18.938377,18.482084,15.751059,20.121622,18.047289,19.827116,22.960327,19.48633,16.684517,12.611552,17.338083,12.024893,17.29329,16.604008,19.612272,17.743391,18.628632,13.298868,13.299615,10.115898,10.40107,13.9917345,18.797874,16.311148,17.79511,15.032777,18.59585,20.810442,20.692644,18.019344,19.190144,13.762146,15.834764,12.768159,15.154153
36,36.030163,32.365402,29.901058,26.310278,23.99705,21.835506,18.672731,15.330734,11.088129,10.329979,6.714379,9.334533,10.903479,11.686921,14.384163,10.956012,15.260934,14.432878,21.03145,20.415165,24.377047,27.38123,29.691292,24.9616,24.876652,23.875689,19.155987,18.918503,14.460299,16.132294,9.13318,11.525538,6.9983225,7.304502,6.186441,4.3231874,0.0,5.385307,6.581292,5.8842015,6.0955095,11.012133,10.802688,10.631417,12.112786,16.435081,16.914427,16.20392,18.850887,16.622839,16.054493,20.575893,22.118689,19.614002,21.20897,21.356369,17.100548,19.183779,21.22448,16.306534,13.236676,16.377928,16.814312,18.549822,13.974997,10.907598,14.332596,12.437309,10.843249,16.74092,16.878838,14.400031,14.528796,20.069576,17.336876,22.369406,21.758389,18.393965,22.651022,19.644478,21.143702,23.706291,20.130207,18.044231,14.604514,19.705696,15.29672,20.910519,20.537148,23.733086,21.81688,22.312922,16.992064,16.448654,12.876941,12.263061,15.917848,20.691698,18.36245,20.849785,17.976904,21.974863,24.331783,23.677078,20.86079,20.956646,15.850511,16.746754,13.058085,14.448498
