,0,1,2,3,4,5,6,7,8,9,10,11,12,13,14,15,16,17,18,19,20,21,22,23,24,25,26,27,28,29,30,31,32,33,34,35,36,37,38,39,40,41,42,43,44,45,46,47,48,49,50,51,52,53,54,55,56,57,58,59,60,61,62,63,64,65,66,67,68,69,70,71,72,73,74,75,76,77,78,79,80,81,82,83,84,85,86,87,88,89,90,91,92,93,94,95,96,97,98,99,100,101,102,103,104,105,106,107,108,109,110
0,0.0,4.320537,7.2594724,9.853972,12.478275,14.6181,17.368366,22.571291,25.11072,27.326227,32.011517,31.885763,37.06301,38.014977,35.15407,31.758276,27.702425,27.422441,22.257761,19.958807,16.292793,14.783375,12.108804,16.34204,18.942717,19.725393,22.95487,22.68399,27.343378,24.844881,33.249535,28.852423,35.957718,34.40245,37.146698,39.75162,38.17459,37.463154,33.45732,30.81833,34.093945,30.056074,33.912617,31.987637,27.16349,29.45687,25.040678,26.533182,24.535923,27.571585,29.904041,33.161766,37.136166,39.087654,41.93265,39.87823,40.467464,44.01468,46.448128,48.25985,46.01911,41.310043,42.13729,39.24709,41.28802,41.615585,36.112576,35.418533,31.422695,31.488005,28.780558,30.181227,31.160755,33.093338,37.019676,37.573368,40.64929,43.301846,41.883408,46.35774,41.642918,46.4214,43.46243,39.270603,36.427242,35.040604,31.98663,30.984978,25.895975,26.422531,23.254372,24.514027,23.523682,22.507801,21.752077,24.688875,22.4308,29.271097,29.413488,33.982933,36.55041,37.119217,40.27873,42.194195,44.429543,42.025234,45.819073,39.663002,42.826168,39.889572,41.84399
1,4.320537,0.0,4.352658,6.8149548,8.59643,11.466197,13.788689,18.780447,21.462326,23.354162,28.152315,28.408672,33.312054,34.34192,31.305403,27.785723,23.781574,23.265303,18.38364,15.679288,12.212361,10.498456,8.1911335,12.741785,15.179154,16.083813,18.912273,18.716679,23.27033,20.99879,29.351913,25.191145,32.33678,30.975872,33.889107,36.561455,35.347855,34.567005,30.43609,27.604282,30.774025,26.611452,30.260584,28.201866,23.619516,25.587234,21.57492,22.8885,21.386402,24.204517,26.526333,29.540483,33.756298,35.47345,38.4764,36.390778,36.676395,40.14312,42.664883,44.283833,41.92879,37.260338,38.177185,35.41571,37.438354,37.498497,32.077175,31.591454,27.37323,27.377193,24.892147,26.325212,27.30359,29.044394,33.1759,33.505245,36.776028,39.28579,37.85469,42.32371,37.519188,42.38038,39.467457,35.193554,32.277702,30.791397,27.765497,26.668934,21.575829,22.16335,19.098734,20.559362,19.901377,18.897465,17.940401,20.732473,18.334423,25.112453,25.179468,29.689058,32.335484,32.8164,36.044296,38.020473,40.190704,37.744072,41.557796,35.387383,38.572628,35.716106,37.696102
2,7.2594724,4.352658,0.0,4.9966135,6.9278965,7.5682015,11.480317,15.545964,18.544912,20.528992,25.208385,25.486341,30.445906,32.00338,29.41797,25.946766,22.070087,21.644314,17.130106,14.819702,12.48586,10.275768,9.731086,14.488739,16.39734,17.563114,19.304005,18.927412,22.949957,20.63676,28.50635,24.173468,31.129635,29.207605,32.49614,34.68125,33.75546,33.409378,29.050966,26.3169,30.072681,26.27491,29.748428,28.018354,24.091366,25.866703,22.771841,24.114885,23.415722,25.895292,28.076572,30.680449,35.219738,36.4509,39.786503,37.714684,37.409855,40.67912,43.30335,44.506165,41.85614,37.32683,38.260338,35.74292,37.404118,37.015057,32.026474,31.548174,27.050226,27.196898,25.476774,27.067337,27.973316,29.077852,33.613724,33.16782,36.670567,38.766796,36.947334,41.152264,36.067608,40.714706,37.42218,33.31523,30.240152,29.11573,25.630842,25.359243,20.273363,21.235128,18.66746,20.07601,20.191504,18.402744,16.72817,19.311977,16.187304,23.424898,22.975378,27.877184,29.953354,31.013762,33.91882,35.83519,38.380592,36.040565,40.36048,34.297306,37.793545,35.36149,37.435272
3,9.853972,6.8149548,4.9966135,0.0,3.820265,6.5645866,7.6282253,13.662274,15.437995,18.200806,22.594416,22.072556,27.38291,28.25691,25.690828,22.473618,18.442406,18.71466,13.336272,12.868774,10.343164,9.604419,9.339364,13.770825,16.072056,16.355022,17.554823,16.215021,20.093683,17.009922,24.795378,19.993464,26.902176,24.869959,27.927631,30.221083,29.02047,28.601797,24.323574,21.677656,25.54165,21.969479,25.68155,24.380243,20.480001,22.938606,19.965727,22.400837,21.846354,24.883478,27.583447,29.726948,34.493786,35.860455,38.869858,36.344826,36.129997,39.15329,42.317825,43.130283,40.114716,35.97513,37.666992,35.48546,37.52428,36.397064,31.404108,31.910524,26.917574,26.472534,24.807142,25.737228,25.956823,26.70088,30.954788,30.321445,33.354847,35.550934,33.55455,37.706703,32.886692,37.314514,34.07216,30.113003,27.412268,26.589092,23.371595,23.573662,18.862463,20.557348,18.502535,20.779276,21.395939,20.164173,18.239655,20.27398,16.487377,23.426908,22.028067,26.726141,28.090029,29.097408,31.615892,33.208134,35.78102,33.703876,37.869972,32.019184,35.772343,33.3619,35.97269
4,12.478275,8.59643,6.9278965,3.820265,0.0,6.198677,5.3692417,11.081948,13.071034,15.207743,19.84637,19.993889,24.826883,25.756144,22.815208,19.3588,15.365661,15.196534,10.227463,9.071241,7.11265,6.4339576,7.472143,11.360532,13.209721,13.543905,14.070891,12.838306,16.54423,13.8571825,21.62891,17.263819,24.265228,22.669237,25.896864,28.380573,27.663754,27.051186,22.689814,19.749651,23.273666,19.452347,22.842724,21.25877,17.660006,19.602365,17.166393,19.264004,19.289995,21.960327,24.56499,26.427868,31.330875,32.473732,35.58962,33.08891,32.60825,35.558674,38.747738,39.433895,36.375668,32.25587,34.00007,31.937662,33.97459,32.649487,27.730043,28.457584,23.32127,22.78472,21.352146,22.28564,22.521296,23.095762,27.54667,26.76116,30.043482,32.120544,30.200619,34.414124,29.496187,34.118362,31.01256,26.871195,24.0564,22.990938,19.870192,19.778734,15.063263,16.837257,14.983577,17.519205,18.49669,17.44692,15.416242,17.133448,13.293938,19.926704,18.495762,23.039,24.655699,25.427969,28.141502,29.862951,32.27099,30.086142,34.196102,28.279018,31.988916,29.607185,32.19437
5,14.6181,11.466197,7.5682015,6.5645866,6.198677,0.0,6.719326,8.7115755,11.7062435,13.997967,18.28308,18.46907,23.436255,25.548155,23.639019,20.401869,16.898476,16.846155,13.214314,12.570376,12.537935,10.803276,12.805406,16.7853,17.924812,18.898916,18.574331,17.57261,20.281961,17.89514,24.396486,19.973188,26.297903,23.646185,27.432255,28.909935,28.590097,28.82082,24.231586,21.67918,26.120516,23.08651,26.080793,25.035194,22.463076,23.959858,22.616972,24.29973,24.940119,27.020885,29.172699,30.789625,35.80689,36.34236,39.913948,37.664925,36.49832,39.247986,42.28295,42.598515,39.344364,35.348885,36.747738,34.883503,36.223877,34.66268,30.470419,30.69948,25.609089,25.573713,25.144152,26.520355,26.932262,26.81182,31.696058,29.95331,33.55661,34.973675,32.537025,36.237232,30.910332,35.093998,31.326439,27.570631,24.455965,24.050705,20.078823,21.407745,16.87294,18.834293,17.620157,19.446478,21.059383,18.774862,16.01649,17.54237,12.98583,20.168953,18.209032,23.409012,24.119358,26.00641,28.162178,29.813623,32.876007,30.855677,35.783398,30.115938,34.13663,32.434006,34.88848
6,17.368366,13.788689,11.480317,7.6282253,5.3692417,6.719326,0.0,7.7603927,8.120862,11.240481,15.310781,14.748861,19.885233,20.689255,18.20156,15.064699,11.15597,11.926175,6.9355874,9.150857,9.295523,9.767572,11.953749,14.74154,16.084255,15.940851,14.814101,12.655251,15.009187,11.792677,18.289537,13.464337,20.021238,17.767834,21.262077,23.337513,22.8678,22.62271,18.091238,15.297658,19.486094,16.422737,19.597641,18.842901,16.392618,18.493465,17.504047,20.281162,21.197529,23.739002,26.43341,27.460945,32.61655,33.38335,36.441704,33.6799,32.725384,35.19122,38.838165,38.794685,35.212215,31.679352,34.03581,32.55028,34.51144,32.180233,27.85425,29.405018,23.86776,22.967474,22.424427,22.882114,22.441488,21.96467,26.402376,24.625732,27.666416,29.324245,26.865973,30.699663,25.770622,29.942642,26.524042,22.706173,20.120277,19.782406,16.543726,17.916647,14.046198,16.825071,16.217352,19.162888,21.079136,19.960344,17.415388,18.240887,13.617306,19.561445,16.693455,21.140377,21.36428,22.64581,24.579176,25.9038,28.678503,26.880573,31.290728,25.804321,29.979773,28.121342,31.201828
7,22.571291,18.780447,15.545964,13.662274,11.081948,8.7115755,7.7603927,0.0,5.1217556,5.4250097,9.8604355,11.733653,15.442379,18.326778,16.540783,13.297037,10.859602,10.34184,10.080598,10.493164,13.555565,12.722744,16.436152,18.56094,18.45955,19.2322,16.567636,15.484579,15.988566,14.69572,18.66491,15.427758,20.569986,18.107859,22.43309,23.49991,24.549017,24.934734,20.357422,17.76379,21.875113,19.498116,21.210564,20.487518,19.947683,20.224121,21.292334,22.525883,24.756544,25.873188,27.66577,28.047134,33.271717,32.95009,36.670982,34.427467,32.276043,34.374043,37.661762,37.067757,33.34528,29.997217,31.805904,30.744879,31.761936,28.96056,25.811804,26.950329,21.53365,21.226894,22.348988,23.437399,23.44166,21.973557,27.10193,24.041658,27.946484,28.48478,25.676664,28.883074,23.264288,27.2448,23.291454,19.629045,16.27285,16.295424,11.946134,14.809352,11.596809,14.480587,15.214481,17.349068,20.391993,18.311089,15.085534,14.862346,9.764668,14.914834,11.147163,16.142527,15.635463,18.067204,19.697453,21.303244,24.592875,22.734556,28.102318,22.874073,27.201841,26.31664,28.962025
8,25.11072,21.462326,18.544912,15.437995,13.071034,11.7062435,8.120862,5.1217556,0.0,4.970724,7.490835,7.2136827,11.986758,13.916609,12.553792,9.969323,7.7209845,9.056656,8.57522,12.241456,15.067922,15.488896,18.811865,20.55657,20.795404,20.764332,17.68495,15.586153,15.292007,13.181026,15.76355,11.958871,16.390533,13.256102,17.614805,18.459892,19.484104,20.070696,15.522222,13.222568,17.775656,16.278717,17.926947,18.177242,18.333715,19.280975,20.897526,23.198112,25.51864,27.085476,29.298437,29.188778,34.457848,34.286552,37.547634,34.86912,32.840946,34.5472,38.398556,37.307186,33.171135,30.473108,33.142845,32.512726,33.900066,30.332735,27.370766,29.538967,23.91069,22.947989,24.098068,24.3882,23.554646,21.499678,26.07449,22.569477,25.723013,26.188694,22.96119,25.88039,20.62384,24.053148,19.951557,16.700314,14.068061,15.023019,11.29237,15.350115,13.371863,16.893604,18.129,20.866713,23.956837,22.500338,19.469418,18.968082,14.098928,18.05108,13.381922,17.38673,15.299914,17.770363,18.389706,19.27915,22.76238,21.478662,26.654152,22.004154,26.664398,25.9817,29.27728
9,27.326227,23.354162,20.528992,18.200806,15.207743,13.997967,11.240481,5.4250097,4.970724,0.0,5.112812,8.844668,10.859716,13.914304,12.024081,8.92321,7.956155,7.207044,10.101713,11.616015,15.679245,15.686959,19.594719,20.600698,19.98264,20.3612,16.52137,15.292998,14.050808,13.617874,15.077738,13.100435,16.891865,14.911652,19.336903,20.24675,22.216656,22.53862,18.266602,15.786398,19.215227,17.467237,18.104267,17.728214,18.730356,18.255276,20.901266,22.001528,25.044565,25.67149,27.30534,26.810268,32.00509,31.254196,34.828545,32.509613,29.868477,31.425375,34.980873,33.72574,29.656803,26.94803,29.265913,28.84515,29.824032,26.07582,23.676561,25.735142,20.270649,19.540178,21.543837,22.143457,21.664854,19.240696,24.20034,20.27107,24.145044,24.088818,21.03559,23.876904,18.165646,21.993677,18.020895,14.38208,10.954061,11.451546,7.067264,11.5352545,10.253107,13.636065,15.689448,18.043482,21.608183,20.108335,17.092295,15.852072,11.47904,13.867518,8.762944,12.656745,10.730447,13.397036,14.438132,15.896673,19.280117,17.628323,23.155977,18.383165,22.938194,22.628502,25.54154
10,32.011517,28.152315,25.208385,22.594416,19.84637,18.28308,15.310781,9.8604355,7.490835,5.112812,0.0,6.073407,5.901928,10.124437,9.858208,8.372557,9.495324,9.834493,13.551104,16.309649,20.341415,20.690622,24.508726,25.325012,24.669546,24.785126,20.575352,19.055029,16.818943,16.471153,15.335314,14.098657,15.661186,13.161265,17.58911,17.445787,20.269428,21.149164,17.3355,15.611696,18.94422,18.532747,18.325878,18.938553,21.19224,20.656342,24.200388,25.568783,28.91097,29.427986,31.00873,29.932558,35.005608,33.938824,37.315525,34.92551,31.938744,32.902637,36.675865,34.703663,30.289362,28.431953,31.149584,31.338902,32.117805,27.580744,26.12425,28.724869,23.473095,22.549784,25.129692,25.334543,24.394161,21.206957,25.64773,20.857801,24.201494,23.378378,19.791542,21.658155,16.147396,18.88211,14.357637,11.715658,8.897272,11.135342,7.5878806,13.714727,14.15612,17.49951,20.124813,22.38496,26.134745,24.716312,21.738459,20.116539,16.130077,17.121365,11.596714,14.001567,9.416674,13.0485115,12.183431,12.767704,16.818167,15.985087,21.780815,18.200056,22.928553,23.481651,26.62308
11,31.885763,28.408672,25.486341,22.072556,19.993889,18.46907,14.748861,11.733653,7.2136827,8.844668,6.073407,0.0,6.383429,8.148566,9.5044565,9.420541,9.860092,12.3184185,13.580672,18.46233,21.492764,22.410439,25.660162,26.95296,27.059431,26.646976,22.953901,20.509527,18.78595,16.90889,15.866787,13.013328,14.064199,9.696195,14.059464,13.183568,15.3342,16.90934,13.061937,12.148952,16.643406,17.270987,17.766441,19.49476,21.380241,22.26463,25.129133,27.80819,30.56103,31.992619,34.184258,33.29277,38.436626,37.92743,40.871807,38.02195,35.62929,36.58496,40.805676,38.813183,34.21845,32.60772,35.90261,36.02339,37.27973,32.706867,30.769075,33.73662,28.242716,26.95641,28.806784,28.532099,27.037355,24.00194,27.836401,23.309864,25.584772,25.186792,21.283764,22.950193,18.28522,20.113054,15.473279,13.7744055,12.442387,15.200922,12.543506,18.21367,18.172964,21.830627,23.90707,26.644503,30.059643,28.780083,25.765686,24.68502,20.175001,22.430262,17.024986,19.603418,15.03304,18.125368,16.696901,16.34502,20.345295,20.160719,25.323889,22.173906,27.017355,27.276756,30.954937
12,37.06301,33.312054,30.445906,27.38291,24.826883,23.436255,19.885233,15.442379,11.986758,10.859716,5.901928,6.383429,0.0,5.988093,8.569202,9.695876,12.33581,13.67928,17.396585,21.309465,25.13418,25.98806,29.607748,30.174751,29.617538,29.320374,24.897963,22.972422,20.013823,19.54884,15.998009,15.52173,14.339432,11.522846,15.345987,13.900751,17.676674,19.093075,16.200314,15.548286,18.373138,19.532139,18.49548,20.250284,23.579971,23.227434,27.413572,29.261896,32.73568,33.330734,35.010483,33.399197,38.28964,37.115623,40.07075,37.4877,34.4068,34.746254,38.847023,36.179447,31.44912,30.591776,33.907898,34.677467,35.50501,30.261473,29.51315,32.818172,27.753658,26.47671,29.269978,28.912159,27.380426,23.616072,27.19265,21.832058,24.168766,22.682804,18.631163,19.240812,14.60199,15.554377,10.569915,9.912521,9.092648,12.809243,11.163476,17.386486,19.010494,22.358047,25.275677,27.671755,31.446135,30.31986,27.455065,25.65353,21.9159,22.082287,16.570633,17.58335,11.487141,14.911724,12.007888,10.9888315,15.329328,15.756373,21.099665,19.12952,23.7938,25.041594,28.512197
13,38.014977,34.34192,32.00338,28.25691,25.756144,25.548155,20.689255,18.326778,13.916609,13.914304,10.124437,8.148566,5.988093,0.0,5.2409205,8.547256,11.574296,14.0037565,16.92608,22.103874,25.344244,27.0371,30.177404,30.320263,30.101324,29.125298,24.793001,22.239586,18.989931,18.007809,12.936704,12.703009,9.38244,6.772634,9.7642565,8.453393,12.65232,13.70717,11.6146965,11.624043,13.546425,15.905346,14.475126,17.266512,21.088505,21.390648,25.657406,28.362194,31.615702,32.680668,34.787727,32.9356,37.68505,36.968933,39.25232,36.210938,33.66854,33.768623,38.397728,35.58468,30.67974,30.340925,34.502205,35.4208,36.919563,31.444407,30.319796,34.473686,29.302265,27.397413,29.63453,28.502094,26.237913,22.380062,24.964819,19.800806,20.870876,19.680904,15.455514,15.958626,12.478468,12.793753,8.443027,8.4448595,9.730881,13.368992,13.327971,18.579653,20.55414,24.060825,26.822262,29.763638,33.24881,32.806244,30.210728,28.568417,24.895788,25.10442,19.770405,20.202276,14.77297,16.662683,13.775972,12.048942,15.3648205,16.317457,20.318733,18.885557,23.458447,24.363388,28.439087
14,35.15407,31.305403,29.41797,25.690828,22.815208,23.639019,18.20156,16.540783,12.553792,12.024081,9.858208,9.5044565,8.569202,5.2409205,0.0,4.0591893,7.5946617,9.727681,13.16228,18.017498,21.260822,23.246342,26.285055,25.891088,25.54778,24.400867,19.95925,17.448477,13.8942585,13.312066,7.845836,8.444765,6.1714687,6.102916,9.333594,10.72058,13.941344,13.570234,10.947305,9.5847645,10.486922,11.670763,9.985627,12.209903,16.201845,16.167465,20.657887,23.21513,26.556494,27.534252,29.683908,27.817158,32.570473,32.050827,34.24888,31.126093,28.78939,29.116684,33.82389,31.350447,26.532219,25.821774,30.133608,30.866655,32.73107,27.470118,25.78918,30.18077,24.947618,22.782188,24.722874,23.390318,21.026157,17.243275,19.945488,15.011738,16.485432,15.888708,11.917761,13.928576,9.694149,12.194073,8.87291,6.1914268,6.962064,9.539184,10.189227,14.3374815,16.428354,19.870146,22.561066,25.712606,29.00871,29.042334,26.744146,25.127121,21.812222,21.769909,16.82452,17.005667,12.955138,13.619973,12.0966215,11.27455,13.771775,13.878551,17.540623,15.030232,19.671164,19.917908,24.159384
15,31.758276,27.785723,25.946766,22.473618,19.3588,20.401869,15.064699,13.297037,9.969323,8.92321,8.372557,9.420541,9.695876,8.547256,4.0591893,0.0,4.1498375,5.680505,9.814295,14.048514,17.54198,19.348932,22.538069,22.155994,21.696898,20.76598,16.28079,13.972346,10.657706,10.291045,7.009288,6.894623,8.3199,8.360071,12.030751,14.041987,16.48938,15.856703,12.452967,10.061826,11.503018,10.834237,10.002449,10.828599,13.986912,13.6488,17.863998,20.05435,23.427128,24.320908,26.427298,24.899326,29.857525,29.402985,31.94307,28.947395,26.634521,27.452106,31.93576,29.971071,25.370697,23.862627,27.782093,28.106949,29.984503,25.175663,22.934776,26.949537,21.526382,19.495031,21.286129,20.294958,18.317495,14.875745,18.466032,13.927946,16.50378,16.461903,13.026834,16.034801,11.017605,14.881968,11.759665,7.786478,6.3937087,7.6086655,7.2573028,11.031567,12.494827,16.034517,18.588303,21.776134,25.047905,25.034945,22.749819,21.233192,17.906809,18.208773,13.406425,14.206299,11.352479,11.853235,11.814821,12.125935,14.569589,13.688904,17.806833,13.921757,18.675608,18.356667,22.391853
16,27.702425,23.781574,22.070087,18.442406,15.365661,16.898476,11.15597,10.859602,7.7209845,7.956155,9.495324,9.860092,12.33581,11.574296,7.5946617,4.1498375,0.0,4.031085,5.710663,10.790814,13.815567,15.762229,18.757679,18.7554,18.719856,17.736633,13.769838,11.052635,9.057555,7.3131294,8.103668,5.1748877,10.080861,9.447345,13.15509,15.682326,17.00359,16.202293,12.164505,9.094395,11.561257,9.537673,10.458451,10.573099,11.895543,12.516475,15.42158,18.112663,20.94567,22.420267,24.869196,24.005737,29.14262,29.170382,31.79073,28.713915,26.922834,28.309544,32.6831,31.361723,27.049475,24.825441,28.461811,28.209389,30.322598,26.216497,23.07428,26.61991,20.962431,19.032433,20.004839,19.219969,17.47486,14.919022,18.876152,15.393172,18.11695,18.96279,16.00876,19.579844,14.7478695,18.881762,15.883804,11.893045,10.051443,10.226739,8.749274,11.373106,11.051526,14.742009,16.529995,19.97669,22.934431,22.873484,20.563782,19.58536,15.864441,17.6468,13.238557,15.251595,13.75949,14.242823,15.229906,15.993145,18.356937,17.048815,21.046032,16.384825,20.95221,19.85616,23.74818
17,27.422441,23.265303,21.644314,18.71466,15.196534,16.846155,11.926175,10.34184,9.056656,7.207044,9.834493,12.3184185,13.67928,14.0037565,9.727681,5.680505,4.031085,0.0,6.6166244,8.59502,12.598739,14.071758,17.487896,16.994871,16.27883,15.744386,11.232678,9.515123,7.0612607,7.44411,8.89492,8.090468,12.743409,13.080267,16.656439,19.200298,20.879333,19.921745,16.076591,12.955531,14.518354,11.7261505,12.060301,10.784274,12.060459,11.125659,14.498604,15.861555,19.211245,19.916561,21.920134,21.006517,26.191505,25.89414,28.892874,26.143885,23.981264,25.554796,29.596584,28.48258,24.374672,21.694576,24.898333,24.528309,26.46401,22.550652,19.352917,22.671305,17.01283,15.231661,16.59908,16.229696,15.031694,12.514729,17.241306,13.8263035,17.613316,18.326653,15.865776,19.730042,14.435599,19.304417,16.617207,12.059695,9.276305,8.044929,6.22878,7.5352077,7.1765957,10.846424,13.02325,16.32898,19.485779,19.504745,17.33408,16.042437,12.852688,13.801936,9.74998,11.648687,11.575657,11.479369,13.652215,15.205722,17.194529,15.218554,19.36694,13.985547,18.38749,17.14668,20.637724
18,22.257761,18.38364,17.130106,13.336272,10.227463,13.214314,6.9355874,10.080598,8.57522,10.101713,13.551104,13.580672,17.396585,16.92608,13.16228,9.814295,5.710663,6.6166244,0.0,7.064988,8.653435,10.984363,13.447784,13.952577,14.652368,13.568113,10.848244,7.7404394,8.69512,5.1995406,11.539314,7.2659082,14.222757,13.550595,16.710228,19.724108,19.807764,18.695318,14.471747,11.098303,13.843337,10.221578,12.957387,11.940447,10.2651,12.096543,12.513825,15.705391,17.52454,19.812872,22.67294,22.810503,27.995249,28.707783,31.347374,28.258884,27.244705,29.347265,33.45043,33.023468,29.209251,26.14415,29.30871,28.293272,30.71674,27.673529,23.44218,26.266258,20.578127,18.853605,18.516773,18.051569,16.790644,15.730902,19.845667,17.933697,20.742165,22.53594,20.273495,24.392128,19.784294,24.273415,21.547855,17.41555,15.29848,14.53389,12.582774,13.2566185,10.710527,13.963502,14.323689,17.984474,20.227066,20.2639,18.153318,18.069815,14.237243,17.846296,14.610536,17.637644,17.901323,18.075617,20.101112,21.311846,23.414429,21.659405,25.336279,19.973194,24.09423,22.094374,25.631006
19,19.958807,15.679288,14.819702,12.868774,9.071241,12.570376,9.150857,10.493164,12.241456,11.616015,16.309649,18.46233,21.309465,22.103874,18.017498,14.048514,10.790814,8.59502,7.064988,0.0,4.8756185,5.6337743,9.166482,9.044285,8.626458,8.888908,6.3298616,6.0790486,8.665583,8.446917,15.370084,13.242361,19.81213,19.959433,23.220337,26.23808,26.7492,25.514893,21.419724,17.99606,19.845259,15.4990225,17.513563,14.861538,12.4878025,12.199877,11.832293,12.336861,14.33,15.548014,17.736237,18.61958,23.80017,24.339119,27.647724,25.23088,24.05955,26.815598,30.065739,30.473457,27.370604,23.268192,25.224411,23.508627,25.68492,23.820969,18.993431,20.59108,15.090956,14.064961,13.303596,14.110766,14.408229,14.553523,19.530327,18.532528,22.553967,24.362194,22.913998,27.353958,22.351904,27.587065,25.183277,20.541302,17.545908,15.4058,13.132262,11.205437,6.58899,8.505113,7.6261387,11.203657,13.216566,13.33062,11.583642,11.837816,8.988961,12.950787,11.785876,15.173906,17.99755,17.553562,21.066666,23.202839,24.817339,22.252508,25.88285,19.7225,23.118132,20.647049,23.127663
20,16.292793,12.212361,12.48586,10.343164,7.11265,12.537935,9.295523,13.555565,15.067922,15.679245,20.341415,21.492764,25.13418,25.344244,21.260822,17.54198,13.815567,12.598739,8.653435,4.8756185,0.0,3.871201,5.151909,5.648253,7.1812215,6.724198,7.291599,6.5710235,11.104187,9.574249,17.868261,14.932645,21.988186,22.09812,24.878725,28.253752,27.938354,26.444754,22.48748,19.11668,20.924513,16.214964,19.12652,16.450981,12.392567,13.513127,10.67723,12.159369,12.435763,14.955061,17.75676,19.508434,24.386284,25.774206,28.627718,26.036694,25.846804,28.924276,32.134003,33.089363,30.298016,26.04497,27.995293,25.874498,28.475367,27.286308,21.874264,23.212982,18.134747,17.067383,14.897502,15.443842,15.707159,16.944908,21.18743,21.300442,24.678522,27.151617,25.978907,30.633696,26.065262,31.237633,29.00841,24.451475,21.815893,19.768501,17.790474,15.701656,11.2605095,12.456434,10.315884,13.596999,14.273069,14.846665,13.717335,14.937,12.511383,17.192932,16.590614,19.923836,22.793081,22.201408,25.656668,27.625202,29.119059,26.644463,29.813036,23.697624,26.831085,23.862957,26.333212
21,14.783375,10.498456,10.275768,9.604419,6.4339576,10.803276,9.767572,12.722744,15.488896,15.686959,20.690622,22.410439,25.98806,27.0371,23.246342,19.348932,15.762229,14.071758,10.984363,5.6337743,3.871201,0.0,4.2431827,6.3787055,7.1335073,8.400211,9.173368,9.675602,13.668195,12.799435,20.62927,17.824743,24.779562,24.485405,27.663843,30.653883,30.576916,29.423393,25.24452,21.914328,24.173489,19.644958,22.321115,19.62642,16.032362,16.47067,14.085201,14.34006,14.731029,16.451708,18.591507,20.689812,25.481102,26.517057,29.857971,27.729912,27.182526,30.405928,33.13869,34.27604,31.689255,27.12465,28.333673,25.968569,28.058744,27.36324,22.103615,22.439955,17.585312,17.24563,15.407326,16.859884,17.873722,19.11077,23.78296,23.640087,27.511738,29.651459,28.403769,32.9257,27.98328,33.199284,30.684723,26.099089,23.026833,20.94431,18.354717,16.329319,11.278505,11.893318,9.185113,11.688687,12.276524,11.975762,10.65489,12.4378395,10.087891,15.717545,15.773679,19.677052,22.955297,22.755661,26.409388,28.636482,30.344543,27.690302,31.298897,25.04295,28.117735,25.365166,27.35529
22,12.108804,8.1911335,9.731086,9.339364,7.472143,12.805406,11.953749,16.436152,18.811865,19.594719,24.508726,25.660162,29.607748,30.177404,26.285055,22.538069,18.757679,17.487896,13.447784,9.166482,5.151909,4.2431827,0.0,4.7821703,7.2943306,7.9777284,10.894042,11.249265,15.963814,14.621561,22.992216,19.92583,27.04625,26.90563,29.675457,32.9643,32.3406,30.938612,26.96546,23.706964,25.722668,20.994501,24.11352,21.342257,16.813425,17.960587,14.093652,14.753413,13.743534,16.286879,18.760664,21.491392,25.892979,27.592936,30.511711,28.30927,28.543861,31.98812,34.63914,36.226425,33.92808,29.271955,30.473173,27.825432,30.265476,30.0946,24.431725,24.649221,20.227974,19.78125,16.976383,18.164686,19.158865,21.147377,25.228706,25.931057,29.35568,31.968767,30.999983,35.69888,31.096083,36.325203,34.029655,29.457586,26.641924,24.504007,22.247528,19.905228,15.062641,15.361932,12.191051,14.419831,13.880211,14.208933,13.651514,15.85534,14.115386,19.538467,19.929422,23.581053,26.991184,26.52381,30.219816,32.360527,33.883095,31.257189,34.444298,28.205564,31.033974,27.894012,29.844635
23,16.34204,12.741785,14.488739,13.770825,11.360532,16.7853,14.74154,18.56094,20.55657,20.600698,25.325012,26.95296,30.174751,30.320263,25.891088,22.155994,18.7554,16.994871,13.952577,9.044285,5.648253,6.3787055,4.7821703,0.0,3.547467,3.4612985,7.7116036,9.027077,13.697865,13.424505,21.39147,19.40846,26.198997,27.055407,29.495224,33.217365,32.849792,30.977444,27.333864,23.946838,24.885803,19.843493,22.478294,19.09539,14.516542,14.874534,10.718144,10.331556,9.179255,11.530473,14.157937,16.966305,21.246288,23.20733,25.884691,23.655334,24.196457,27.747028,30.343716,32.180256,30.156511,25.437807,26.724754,24.017176,26.888964,26.897892,20.930435,21.556557,17.390015,16.58056,13.044947,13.946617,15.108238,17.749807,21.46723,22.929766,26.316916,29.15406,28.74934,33.62806,29.37379,34.831158,33.13797,28.432262,25.82254,23.152674,21.71719,18.200043,13.946339,13.647877,10.403767,12.887424,11.931762,13.702681,13.920472,15.588368,14.93343,18.683878,19.621145,22.3014,26.38935,25.068592,29.126595,31.364887,32.26376,29.511238,31.973707,25.760193,28.064333,24.545979,26.309082
24,18.942717,15.179154,16.39734,16.072056,13.209721,17.924812,16.084255,18.45955,20.795404,19.98264,24.669546,27.059431,29.617538,30.101324,25.54778,21.696898,18.719856,16.27883,14.652368,8.626458,7.1812215,7.1335073,7.2943306,3.547467,0.0,3.41742,6.2417836,9.010786,12.863076,13.832444,21.008005,19.87822,26.321991,27.501251,30.11635,33.75917,33.897003,32.041855,28.387497,24.923681,25.587587,20.574759,22.576817,18.86982,15.084767,14.157075,11.198748,8.976268,9.094887,9.786807,11.704926,14.424971,18.824934,20.335798,23.437399,21.547754,21.60038,25.215261,27.517363,29.415302,27.55809,22.621613,23.500559,20.708967,23.421125,23.6293,17.674553,18.024347,13.9648075,13.380297,9.908233,11.467036,13.327716,15.993072,20.058607,21.417637,25.300047,27.841982,27.629137,32.459465,28.079023,33.692104,32.147327,27.35248,24.560474,21.542088,20.26046,16.05869,11.965709,10.90397,7.452862,9.721342,8.740002,11.0641165,11.669006,12.9828825,13.237027,15.937275,17.563162,19.823914,24.55255,22.938917,27.324223,29.794237,30.457361,27.51181,29.904312,23.622702,25.631084,22.155178,23.50419
25,19.725393,16.083813,17.563114,16.355022,13.543905,18.898916,15.940851,19.2322,20.764332,20.3612,24.785126,26.646976,29.320374,29.125298,24.400867,20.76598,17.736633,15.744386,13.568113,8.888908,6.724198,8.400211,7.9777284,3.4612985,3.41742,0.0,5.1785407,7.0575957,11.30267,11.860492,19.196135,18.038717,24.427538,25.94128,28.15704,32.096226,31.9788,29.845045,26.448744,23.027014,23.238907,18.120594,20.293844,16.573238,12.252377,11.907798,8.006652,6.875529,6.393256,8.532906,11.497994,13.87756,18.325878,20.325954,22.82555,20.398111,20.963503,24.449957,27.24624,28.9913,26.94952,22.33958,23.98537,21.461498,24.664167,24.381886,18.337341,19.694883,15.483888,14.171366,10.374783,10.71299,11.701111,14.586552,18.101833,19.889477,23.23122,26.152225,26.049278,30.993364,26.998241,32.532333,31.236723,26.510561,24.12138,21.190495,20.392561,16.28162,12.733523,12.326947,9.611582,12.486875,11.841914,14.3489895,14.718975,15.723659,15.437511,17.907774,18.822481,20.74475,24.998775,23.136951,27.286734,29.504328,30.007057,27.249485,29.234514,23.11814,25.170084,21.469763,23.300491
26,22.95487,18.912273,19.304005,17.554823,14.070891,18.574331,14.814101,16.567636,17.68495,16.52137,20.575352,22.953901,24.897963,24.793001,19.95925,16.28079,13.769838,11.232678,10.848244,6.3298616,7.291599,9.173368,10.894042,7.7116036,6.2417836,5.1785407,0.0,3.9703102,6.684985,8.682948,14.915388,14.6036215,20.526022,22.297548,24.743534,28.503107,29.03594,27.021212,23.595926,20.132732,20.16945,15.28929,16.6827,12.867494,10.04738,8.261624,7.4356046,6.0508265,8.805788,9.43143,11.911342,12.678809,17.804682,18.865992,21.730043,19.15203,18.59542,21.642294,24.899363,25.831322,23.194897,18.853909,21.063774,19.164412,22.192652,20.756746,15.149953,17.527054,12.503679,10.63586,8.294,8.275962,8.710427,10.330207,14.770171,15.436656,19.331976,21.76979,21.41403,26.26434,22.019539,27.615005,26.315557,21.545244,19.106356,16.046041,15.523287,11.230114,8.286505,8.461977,7.287893,10.958299,11.955903,14.09821,13.797659,13.743613,13.122891,14.374201,14.588633,16.018122,20.061943,18.028376,22.144814,24.374035,24.84231,22.082687,24.273813,18.098345,20.49061,17.100962,19.340582
27,22.68399,18.716679,18.927412,16.215021,12.838306,17.57261,12.655251,15.484579,15.586153,15.292998,19.055029,20.509527,22.972422,22.239586,17.448477,13.972346,11.052635,9.515123,7.7404394,6.0790486,6.5710235,9.675602,11.249265,9.027077,9.010786,7.0575957,3.9703102,0.0,5.011354,4.962017,12.368244,11.1058655,17.433023,19.007973,21.275812,25.167118,25.364595,23.29466,19.877722,16.423855,16.615152,11.657299,13.669338,10.320811,6.8845034,6.955204,5.94624,7.9984326,10.078665,12.104613,15.1652565,15.556502,20.619852,21.87223,24.266193,21.203182,20.854546,23.507359,27.333794,27.77115,24.657873,20.93082,23.901236,22.410454,25.516361,23.377066,18.146393,21.121798,15.884457,13.734626,11.914906,11.0325775,10.07132,10.777036,14.777167,14.948473,18.152441,20.792292,19.97466,24.818478,20.728634,26.050718,24.575756,19.961763,17.90266,15.440381,14.929805,11.965183,9.403124,10.971413,10.442042,14.31377,15.612474,17.237364,16.376495,16.358435,14.571368,16.586588,15.48762,17.201056,19.95772,18.31139,21.74339,23.539488,24.3166,21.941814,24.254547,18.360226,21.326208,18.15994,21.16516
28,27.343378,23.27033,22.949957,20.093683,16.54423,20.281961,15.009187,15.988566,15.292007,14.050808,16.818943,18.78595,20.013823,18.989931,13.8942585,10.657706,9.057555,7.0612607,8.69512,8.665583,11.104187,13.668195,15.963814,13.697865,12.863076,11.30267,6.684985,5.011354,0.0,4.9223943,8.26469,9.189448,14.1245985,16.574059,18.78165,22.590746,23.59921,21.4932,18.399944,15.085567,14.394565,10.058913,10.430884,6.8388386,6.78814,4.3095655,8.187917,9.401798,12.969305,13.730907,16.192966,15.1642685,20.245592,20.747665,23.092442,19.938381,18.721207,20.697765,24.966217,24.555008,20.901478,17.83237,21.536373,20.839931,23.831806,20.561296,16.158262,20.240025,14.9330635,12.2539,12.00479,10.449054,8.515369,7.070588,11.49645,10.301685,13.915966,16.070246,15.125559,19.9482,15.836839,21.268913,20.130512,15.490185,13.733222,11.059335,11.6786175,8.653029,8.435963,10.51239,11.755738,15.463635,17.579962,19.166367,18.118618,17.165497,15.529857,15.647945,13.788277,14.229902,16.414764,14.2155485,17.421259,19.089071,19.51345,17.240707,19.338303,13.617849,16.838657,14.037148,17.600803
29,24.844881,20.99879,20.63676,17.009922,13.8571825,17.89514,11.792677,14.69572,13.181026,13.617874,16.471153,16.90889,19.54884,18.007809,13.312066,10.291045,7.3131294,7.44411,5.1995406,8.446917,9.574249,12.799435,14.621561,13.424505,13.832444,11.860492,8.682948,4.962017,4.9223943,0.0,8.59677,6.18687,12.779012,14.184805,16.339836,20.27566,20.428112,18.380106,14.963614,11.522092,11.8754835,7.1547847,9.566129,7.4035316,5.2766066,7.2116055,8.232134,11.970375,14.097993,16.3842,19.489574,19.149342,24.152742,25.172756,27.25231,23.854027,23.24946,25.25105,29.642647,29.269342,25.537676,22.682095,26.42105,25.560774,28.559578,25.425133,20.942345,24.618153,19.16969,16.779755,15.954302,14.535236,12.519021,11.617237,15.069274,13.97086,16.38023,18.813976,17.250341,21.853323,17.926617,22.766891,21.070642,16.773508,15.301068,13.7546015,13.47333,12.399009,11.028959,13.740082,14.245635,18.144852,20.039478,21.154652,19.725039,19.370321,16.653288,18.650286,16.0772,17.69049,18.697401,17.527002,19.921396,21.113916,22.24259,20.42738,22.925055,17.626022,21.246874,18.684618,22.451637
30,33.249535,29.351913,28.50635,24.795378,21.62891,24.396486,18.289537,18.66491,15.76355,15.077738,15.335314,15.866787,15.998009,12.936704,7.845836,7.009288,8.103668,8.89492,11.539314,15.370084,17.868261,20.62927,22.992216,21.39147,21.008005,19.196135,14.915388,12.368244,8.26469,8.59677,0.0,6.0046487,6.369454,10.430696,11.729521,15.5758915,17.270035,15.055509,12.930144,10.464986,8.165467,6.7129874,3.9099886,4.4596047,9.481362,8.984799,13.964123,16.651617,19.93275,20.974876,23.398556,21.390697,25.932703,26.06088,27.649555,24.152866,22.613005,23.220547,28.228493,26.36718,21.842884,20.77853,25.627462,26.086517,28.85527,24.115881,21.36108,26.388132,21.334347,18.504284,19.395618,17.206001,14.189675,10.755868,12.731787,9.025931,10.284937,11.551195,9.085735,13.403242,10.119173,14.536179,13.70253,9.935448,10.347771,9.719944,11.932964,12.281787,14.357697,17.189468,19.37552,22.89087,25.50053,26.664452,25.129602,23.741343,21.360065,20.912563,17.365423,16.864672,15.826904,14.097954,14.870363,15.08399,15.54142,14.656766,16.30861,12.6578665,16.543518,15.223143,19.792751
31,28.852423,25.191145,24.173468,19.993464,17.263819,19.973188,13.464337,15.427758,11.958871,13.100435,14.098657,13.013328,15.52173,12.703009,8.444765,6.894623,5.1748877,8.090468,7.2659082,13.242361,14.932645,17.824743,19.92583,19.40846,19.87822,18.038717,14.6036215,11.1058655,9.189448,6.18687,6.0046487,0.0,7.1959357,8.086335,10.245889,14.095621,14.513871,12.682358,9.22888,5.914142,6.861079,4.5153136,6.3967404,7.562944,8.884847,11.057037,13.591805,17.608547,19.923035,22.098417,25.06204,24.06202,28.93601,29.56232,31.414497,27.860617,26.830097,28.060905,32.86843,31.563234,27.243898,25.454466,29.784775,29.614836,32.347565,28.217377,24.747028,28.950436,23.450897,20.992737,21.165594,19.50118,16.928572,14.626122,17.265026,14.568035,15.836666,17.505554,14.851185,18.674473,15.099811,18.892006,16.817421,13.3037,12.896285,12.979564,13.054999,14.475774,14.532564,17.8783,19.261215,23.014795,25.458275,26.091581,24.18356,23.439123,20.074749,21.728148,17.824461,19.105217,17.833103,17.425272,18.188696,18.438957,20.061207,19.13995,21.854458,17.72798,21.913126,20.350317,24.669668
32,35.957718,32.33678,31.129635,26.902176,24.265228,26.297903,20.021238,20.569986,16.390533,16.891865,15.661186,14.064199,14.339432,9.38244,6.1714687,8.3199,10.080861,12.743409,14.222757,19.81213,21.988186,24.779562,27.04625,26.198997,26.321991,24.427538,20.526022,17.433023,14.1245985,12.779012,6.369454,7.1959357,0.0,5.633458,5.5915976,9.460641,11.37048,9.399494,8.151034,7.240412,4.961896,7.9472766,5.728094,9.66864,13.804175,14.929746,18.94905,22.571348,25.34966,26.976322,29.622812,27.692635,32.13677,32.309742,33.665253,30.046257,28.61237,28.827784,33.97479,31.639034,26.907007,26.573744,31.570887,32.27671,34.861256,29.761065,27.511963,32.4938,27.3586,24.677742,25.681726,23.533012,20.425272,17.04827,18.25005,14.38475,13.919034,14.418298,10.9912615,13.440727,11.4082775,13.440561,12.071399,10.231929,12.094643,13.50409,15.137765,17.54578,19.434443,22.686361,24.868769,28.409409,31.175707,31.897358,29.970177,28.674858,25.560453,25.796837,21.42742,21.346869,18.402655,17.902905,16.912214,15.921715,17.124287,17.42819,19.249437,17.175146,21.192968,20.699,25.337523
33,34.40245,30.975872,29.207605,24.869959,22.669237,23.646185,17.767834,18.107859,13.256102,14.911652,13.161265,9.696195,11.522846,6.772634,6.102916,8.360071,9.447345,13.080267,13.550595,19.959433,22.09812,24.485405,26.90563,27.055407,27.501251,25.94128,22.297548,19.007973,16.574059,14.184805,10.430696,8.086335,5.633458,0.0,4.5437083,6.2981877,8.138387,8.080181,5.0888033,5.048174,7.7569156,10.551452,10.440669,13.847019,16.636766,18.445633,21.603197,25.488586,27.99015,29.972363,32.7143,31.290157,36.069588,36.19646,38.030155,34.532627,32.95319,33.475746,38.422287,36.209858,31.454882,30.684555,35.217403,35.663425,37.90194,32.944458,30.633066,34.977478,29.531658,27.258608,28.353798,26.782974,24.120268,20.961178,23.080507,19.070765,19.37473,19.63087,15.86579,17.703592,14.864985,16.270756,13.296349,11.963495,13.01245,15.346503,15.375768,19.267605,20.25499,23.88468,25.891111,29.35473,32.302017,32.315144,29.9313,28.864729,24.984564,26.371855,21.43716,22.493011,18.664465,19.583334,18.137512,17.047472,19.524525,19.891182,23.012325,20.642218,25.122065,24.86618,29.318258
34,37.146698,33.889107,32.49614,27.927631,25.896864,27.432255,21.262077,22.43309,17.614805,19.336903,17.58911,14.059464,15.345987,9.7642565,9.333594,12.030751,13.15509,16.656439,16.710228,23.220337,24.878725,27.663843,29.675457,29.495224,30.11635,28.15704,24.743534,21.275812,18.78165,16.339836,11.729521,10.245889,5.5915976,4.5437083,0.0,5.00245,5.8421445,4.404324,4.534107,6.3341374,6.2530723,10.839884,10.307537,14.49962,17.493006,19.726656,22.76062,27.094322,29.33739,31.555483,34.476185,32.848804,37.334213,37.72617,38.99839,35.262115,34.087612,34.325466,39.515915,37.15671,32.40957,32.163387,37.135838,37.760532,40.3137,35.237617,32.939075,37.723667,32.42841,29.868336,30.665438,28.606012,25.513052,22.432524,23.494806,19.930262,18.941051,19.423628,15.95632,17.36803,16.039139,16.595333,14.725917,14.210236,16.1744,18.319359,19.16613,22.429106,23.72845,27.211966,29.133057,32.733826,35.469387,35.869305,33.69144,32.65808,28.985828,30.127977,25.401657,25.970482,22.286562,22.630943,21.010271,19.556257,21.34961,22.104506,24.173336,22.540947,26.625126,26.28323,30.917255
35,39.75162,36.561455,34.68125,30.221083,28.380573,28.909935,23.337513,23.49991,18.459892,20.24675,17.445787,13.183568,13.900751,8.453393,10.72058,14.041987,15.682326,19.200298,19.724108,26.23808,28.253752,30.653883,32.9643,33.217365,33.75917,32.096226,28.503107,25.167118,22.590746,20.27566,15.5758915,14.095621,9.460641,6.2981877,5.00245,0.0,4.9546175,6.869351,7.3110714,9.804133,11.233731,15.555181,14.883738,18.93992,22.101963,24.02979,27.280256,31.364716,33.79473,35.84326,38.59826,36.91558,41.497303,41.5487,43.078808,39.501522,37.906433,37.966366,43.052464,40.357273,35.47265,35.449493,40.244606,41.052418,43.213078,37.866535,36.0963,40.686626,35.37452,33.052147,34.339634,32.568577,29.674294,26.295311,27.679495,23.507875,22.782396,22.491697,18.637474,18.962288,17.642134,16.945906,14.347485,15.099831,17.207806,20.189539,20.595858,24.91663,26.342506,29.954039,32.1205,35.524258,38.55131,38.496986,36.031376,34.869904,30.925495,32.08346,26.94876,27.641518,22.906736,24.102621,21.579243,19.636065,22.032852,23.282274,25.88681,24.867653,29.106625,29.399239,33.907345
