,0,1,2,3,4,5,6,7,8,9,10,11,12,13,14,15,16,17,18,19,20,21,22,23,24,25,26,27,28,29,30,31,32,33,34,35,36,37,38,39,40,41,42,43,44,45,46,47,48,49,50,51,52,53,54,55,56,57,58,59,60,61,62,63,64,65,66,67,68,69,70,71,72,73,74,75,76,77,78,79,80,81,82,83,84,85,86,87,88,89,90,91,92,93,94,95,96,97,98,99,100,101,102,103,104,105,106,107,108,109,110
0,0.0,4.3490167,6.2591157,9.574459,12.102945,14.804939,17.518278,22.257256,24.746471,27.518475,31.631687,29.26344,27.769606,26.383638,21.707914,21.13201,16.116154,16.123518,13.421741,12.510333,13.943489,13.223464,18.00686,15.31269,20.539642,22.191494,20.30785,19.978535,17.741201,19.605375,18.584328,17.988182,23.553654,20.859016,25.191364,25.856535,29.061613,29.613523,25.691086,22.667765,26.646425,24.071812,24.534035,23.870928,24.628492,23.316332,25.580545,26.482492,29.412315,32.76605,32.43915,35.2644,33.728313,36.064926,32.186153,35.149033,31.469933,31.890089,34.596348,36.88713,34.269848,36.7667,32.459938,34.489773,31.810486,33.623825,33.429512,29.460669,29.52683,31.211233,28.554352,33.377975,32.159275,38.922184,35.477413,40.629055,40.08587,37.845318,38.97192,39.366993,35.942783,33.943657,32.551823,28.432959,28.017227,24.130785,25.426414,20.409937,22.5302,22.586607,23.11924,25.339905,25.226538,20.318224,18.552797,17.455355,17.697844,13.230281,10.422992,16.000137,18.910662,19.30314,19.559744,19.820963,23.477182,23.10958,28.320238,26.649332,31.246628,32.197834,35.887863
1,4.3490167,0.0,5.3315735,6.559766,8.757677,12.438579,14.119813,19.596174,21.418549,24.551527,28.252882,26.133638,25.103424,23.457264,19.09573,17.800346,13.0247135,12.272192,9.679992,8.180706,9.960444,9.973997,14.835548,13.208207,18.111094,19.100836,17.233969,16.30083,13.701225,15.585504,14.239601,14.083352,19.773752,17.661818,21.774883,22.956623,26.027618,26.169931,22.304375,19.14332,22.720337,19.942915,20.235916,19.576996,20.636183,19.35743,21.874018,23.062464,26.178179,29.158295,28.623331,31.280699,29.646046,31.81286,27.896292,30.870642,27.1644,27.684694,30.39241,32.572456,29.96451,32.426258,28.150139,30.275805,27.847673,29.676495,29.706512,26.047354,26.319468,27.569109,24.552149,29.307907,27.97392,34.750835,31.309662,36.38382,35.916718,33.8033,35.077606,35.632793,32.284184,30.078978,28.70361,24.515892,24.05949,20.269539,21.46279,16.478903,18.888533,19.089798,20.182241,22.731165,22.796843,17.902025,16.815874,16.202715,15.512952,11.7611885,8.457139,14.286908,16.026152,16.23093,17.442598,18.227858,21.316996,20.416796,25.626736,23.224443,27.881273,28.54464,32.20187
2,6.2591157,5.3315735,0.0,5.222686,6.91569,9.009429,12.01624,16.187313,19.07779,21.48565,25.917791,23.653885,21.983438,21.020252,16.237297,16.19278,11.729073,11.919399,11.260834,10.960122,13.834621,14.705601,19.587963,18.452635,23.205462,23.765297,21.416786,20.281416,16.749445,19.170427,15.87876,16.282667,20.255875,18.720472,22.189861,22.880335,26.6111,27.01847,23.767395,21.293238,24.06841,22.479649,21.788727,21.792734,24.113817,22.518019,25.506645,26.764254,29.586748,32.51475,31.900389,34.062046,32.555454,34.034454,30.150461,33.07231,28.854448,29.46183,31.562399,33.771187,30.801655,33.66281,29.501497,31.429628,29.55256,30.366608,30.642002,27.419554,26.602922,27.533213,25.146765,29.386202,28.024416,34.637363,31.061985,36.483532,35.821224,33.342045,34.259476,34.27419,31.001055,29.343975,27.490746,23.551134,23.141481,19.128479,21.16242,16.903553,19.576899,20.711601,21.509056,24.460255,25.490623,21.14135,19.637966,18.326868,16.880733,12.096783,7.626317,12.724742,15.447627,14.396535,14.318919,14.297869,17.647554,17.48316,22.326468,21.12414,25.633198,26.758642,30.566973
3,9.574459,6.559766,5.222686,0.0,3.8201044,6.1704316,8.725039,13.498689,15.478209,18.73184,22.36781,19.793478,18.613186,16.967617,12.53789,11.575112,6.8263106,7.0523424,6.486561,7.841414,10.8505335,13.432316,17.506092,17.629736,21.815277,21.82093,20.281328,18.044325,14.409601,15.833033,11.85874,11.532971,15.04849,13.712807,17.003492,17.93859,21.581781,21.833485,18.698933,16.415442,18.939728,17.95009,17.211838,18.228745,20.87051,19.92866,23.162527,25.005594,28.257132,30.361765,29.27308,31.193138,29.24814,30.36933,26.177261,28.719296,24.292137,24.646397,26.646046,29.161715,26.258224,29.634426,25.797459,28.178843,27.148394,27.950802,28.823162,26.316357,25.878397,25.796556,22.606857,26.373028,24.3826,30.968912,26.93893,32.318527,31.273994,28.726799,29.627375,29.884415,26.42629,24.606804,23.282536,19.27469,19.464268,15.540546,18.35043,14.696083,18.171507,19.64411,21.425009,24.732224,25.769989,21.43383,20.902197,20.307362,18.070873,14.483007,9.89025,14.697737,15.544874,13.533253,14.901844,15.343039,17.45968,16.642334,20.861324,18.589746,23.184006,23.53081,27.588135
4,12.102945,8.757677,6.91569,3.8201044,0.0,5.3278847,5.4287233,11.0842285,12.769227,15.80731,19.607616,17.774319,16.90849,15.634281,11.521207,10.2872925,7.105722,5.7013717,7.89995,7.754574,11.432874,14.017884,18.09274,18.882444,22.610226,21.9438,19.746367,17.502846,13.17477,15.516535,10.275443,12.052672,14.637921,14.897486,17.262741,18.749674,22.38763,22.102318,19.442402,17.274088,18.567425,17.474463,15.784875,16.431412,20.01774,18.523132,22.041752,23.824327,26.740814,28.783432,27.728222,29.262518,27.612982,28.349224,24.444498,27.235298,22.734982,23.539324,25.256964,27.28817,24.170557,27.244705,23.308575,25.3699,24.45381,24.742453,25.67873,23.466152,22.5879,22.29069,19.416725,23.076406,21.342361,27.89675,24.166878,29.625706,28.951252,26.520718,27.554636,27.657902,24.539595,22.713917,20.685768,16.684055,16.306473,12.30748,14.914332,11.538154,15.091665,17.088747,18.881214,22.448645,24.093903,20.300755,19.899372,19.256187,16.21136,13.069226,8.548214,12.253272,12.394402,9.813751,11.601327,12.443198,14.122492,12.977351,17.407576,14.972966,19.598377,20.210695,24.116865
5,14.804939,12.438579,9.009429,6.1704316,5.3278847,0.0,6.0052776,7.818497,10.984013,13.533589,17.708662,14.831922,13.001803,12.135651,7.3161516,8.249037,5.6440234,7.377151,10.22665,12.396539,15.73554,18.891333,22.653296,23.464863,27.276922,26.688604,24.919067,22.33422,18.085459,19.68893,13.905052,14.332903,14.674859,14.826871,16.494387,16.949207,21.178968,21.531307,19.596937,18.467218,19.374537,20.130205,18.131084,20.194801,24.184225,23.134699,26.757774,28.776878,31.753914,33.428288,32.11713,33.30441,31.428968,31.541382,27.478258,29.71952,24.79939,25.20568,26.247551,28.751705,25.512558,29.45241,26.071602,28.281368,28.349977,27.885992,29.317434,27.780098,26.320396,25.2995,22.655739,25.296118,23.045986,29.127459,24.844753,30.495676,29.076864,26.089643,26.486055,26.090075,22.765736,21.703016,19.919353,16.444313,17.022535,13.14646,17.420929,15.511671,19.283098,21.809296,23.600643,27.300583,29.261063,25.604021,25.083036,24.201403,21.103289,17.515648,12.774075,15.740339,16.356647,12.4345455,12.970914,12.636525,13.692866,13.478813,16.303873,15.153599,19.360924,19.855705,24.156855
6,17.518278,14.119813,12.01624,8.725039,5.4287233,6.0052776,0.0,6.8808103,7.5243554,10.661346,14.254347,13.010354,12.701909,11.759159,8.697104,7.1684923,7.411389,5.4587116,10.559859,10.873112,14.3757925,17.613066,20.918795,22.765577,25.734829,24.245567,22.052502,19.295746,14.627651,16.867998,10.06373,13.091748,12.931518,15.256986,15.937805,17.759737,21.385855,20.625433,19.031837,17.662363,17.056156,17.115522,14.082853,15.564924,20.478506,18.990892,22.809088,24.839636,27.501244,28.824707,27.47649,28.209276,26.620512,26.35203,22.662655,25.218987,20.405788,21.448355,22.362938,24.109577,20.717842,24.075113,20.55574,22.483345,22.755054,21.947477,23.559174,22.548119,21.05712,19.490946,16.773005,19.316105,17.287458,23.494122,19.641973,25.270342,24.528637,21.969664,22.889639,22.699402,19.88725,18.304537,15.655913,11.88137,11.494094,7.477071,11.428148,10.212515,14.143013,17.139061,19.326656,23.223612,25.610891,22.64462,22.736986,22.254053,18.296904,16.147612,12.215967,13.845529,12.44034,8.018973,10.523034,11.542754,11.292006,9.649258,12.908595,9.970163,14.510315,14.911223,18.979654
7,22.257256,19.596174,16.187313,13.498689,11.0842285,7.818497,6.8808103,0.0,5.15611,5.91241,10.716464,8.677608,6.931493,7.9460187,5.63484,7.742875,10.292714,10.890731,15.830645,17.493536,20.862885,24.35037,27.565285,29.381401,32.447483,30.954205,28.901222,26.01947,21.39647,23.240143,16.24961,18.232878,15.5315695,18.20857,17.589397,18.320162,22.35968,22.105558,21.737995,21.59967,20.1208,22.134525,18.675125,21.298895,26.618706,25.37409,29.23467,31.359116,33.852833,34.840076,33.319614,33.493416,31.889196,30.73905,27.213911,29.151552,24.06133,24.818415,24.642756,26.568396,23.059109,27.128115,24.449852,26.19412,27.64034,25.627708,27.746061,27.662357,25.24418,22.856783,20.994333,21.92203,19.593801,24.631489,20.47909,26.155504,24.68572,21.504477,21.495098,20.291895,17.66574,17.470053,14.578887,12.224857,12.85855,9.913554,15.224072,16.013845,19.602846,23.09359,25.004036,28.951601,31.853928,29.236597,29.095272,28.261267,24.192886,21.595797,17.548294,18.198076,17.463163,12.114747,12.549547,12.104866,10.306069,10.195386,10.020017,9.914624,13.077407,13.633428,17.957952
8,24.746471,21.418549,19.07779,15.478209,12.769227,10.984013,7.5243554,5.15611,0.0,4.8154073,6.9002724,6.017311,7.1007605,6.879953,7.419985,6.639715,11.141467,10.48051,15.862472,17.280535,20.220757,24.08757,26.480377,29.158367,31.464062,29.389557,27.702885,24.38322,19.986397,21.329195,14.225625,16.778008,12.833672,17.041483,15.348986,16.966166,20.33669,19.291056,19.49758,19.60861,16.803377,19.153807,15.131131,18.243916,23.931498,23.000517,26.829283,29.190416,31.673487,31.92429,30.12537,29.852846,28.144615,26.456161,23.066961,24.723097,19.661213,20.552244,19.981186,21.65453,18.128729,22.344982,20.096603,21.982103,24.323812,22.114773,24.77137,25.522413,23.531406,20.170486,17.752102,17.839407,14.984288,19.819418,15.393894,21.059635,19.558735,16.47893,16.74164,15.8551235,13.363148,12.7303295,9.540812,7.115343,8.251849,6.1433234,12.126003,14.344127,18.015808,21.606531,24.127768,28.092741,30.963375,28.70956,29.264135,28.9584,24.546906,23.070944,19.47379,19.942963,17.676102,12.52517,14.639741,15.199061,12.557536,11.119033,10.276892,7.4254994,10.372976,9.514766,14.100217
9,27.518475,24.551527,21.48565,18.73184,15.80731,13.533589,10.661346,5.91241,4.8154073,0.0,5.929098,6.958448,7.167874,9.266951,10.082508,11.043795,15.1370945,14.761921,20.178461,21.217781,24.421148,27.913582,30.658194,33.12399,35.56576,33.447163,31.230843,28.2785,23.660753,25.633112,18.452763,21.489866,17.5685,21.68166,19.857769,21.083107,24.540665,23.624504,24.163666,24.413277,21.4358,23.767262,19.52662,22.078133,28.018793,26.632402,30.468792,32.56829,34.614193,35.05393,33.4487,32.854404,31.567404,29.533112,26.653734,28.391973,23.518122,24.656128,23.649866,24.789919,21.237543,24.959824,22.910192,24.117252,26.541723,23.425997,26.005638,27.094992,24.189444,20.759378,19.60573,19.031382,16.884224,20.742342,17.091393,22.503483,21.332596,18.330107,18.210873,16.436497,14.891304,15.2343025,11.138348,10.244404,10.415786,9.22821,14.101405,16.926403,19.976973,23.858915,25.827938,29.753063,33.165348,31.378168,31.605211,30.943975,26.37401,24.754696,21.404852,20.778189,18.9045,13.508752,14.320925,14.320571,10.6624565,10.09425,6.7416425,7.024104,8.29087,8.793264,12.8431
10,31.631687,28.252882,25.917791,22.36781,19.607616,17.708662,14.254347,10.716464,6.9002724,5.929098,0.0,5.5168595,8.571501,9.583699,12.777686,12.4384365,17.596455,16.953037,22.207817,23.541897,26.182549,30.11017,31.948853,35.15922,36.895077,34.329975,32.762688,29.320902,25.17342,26.262829,19.439426,22.177563,16.758009,21.87485,18.797842,20.35855,22.97652,21.513145,23.063915,23.982931,19.697664,22.961565,18.507784,21.87541,27.848242,27.082056,30.74426,33.13811,35.229626,34.715965,32.730263,31.558954,30.052187,27.210075,24.567404,25.540705,20.861961,21.842484,19.953457,20.90662,17.580723,21.724636,20.775377,22.16076,25.98976,22.594822,25.886778,28.065145,25.709005,21.166517,19.489477,17.356003,14.437483,16.973774,12.871766,17.868017,16.094797,12.966226,12.553028,10.57139,9.628349,10.438534,6.2550316,7.551385,9.01939,9.995625,14.698221,18.844355,21.847853,25.632383,28.184032,32.029846,35.282784,33.76781,34.639874,34.46587,29.743454,28.93013,25.774912,25.338705,22.450386,17.460863,19.362389,19.86987,16.032034,14.754339,11.029877,9.126505,8.642632,6.2379413,10.188909
11,29.26344,26.133638,23.653885,19.793478,17.774319,14.831922,13.010354,8.677608,6.017311,6.958448,5.5168595,0.0,4.0747504,4.3035593,8.457373,8.994941,14.156739,14.805397,19.547852,22.111399,24.670214,28.989964,30.91437,33.79135,35.95388,33.88748,32.85414,29.148813,25.11518,25.53464,18.821018,19.910543,14.05625,18.26987,15.270215,15.947597,19.061281,18.390549,19.905514,21.240421,17.77705,21.959309,18.191057,22.506374,27.969822,27.726372,31.437752,34.070328,36.723164,36.378193,34.25594,33.650345,31.605696,29.298,25.885351,26.582645,21.517078,21.74412,20.207415,22.398794,19.199823,24.310926,23.176302,25.30709,28.756113,26.237755,29.375479,30.809164,28.871965,24.878334,22.414883,21.256008,17.794336,21.186268,16.20982,21.327562,18.551956,14.835596,13.912856,12.330955,9.553755,10.56566,8.915457,8.815358,11.788359,11.271085,17.16982,20.041924,23.705301,27.26393,29.970943,33.915802,36.72205,34.431187,35.12991,34.89259,30.535007,28.934778,25.110657,25.792116,23.681335,18.481657,20.128586,20.170855,17.196257,16.381025,13.655465,12.126628,13.251398,11.253948,15.550271
12,27.769606,25.103424,21.983438,18.613186,16.90849,13.001803,12.701909,6.931493,7.1007605,7.167874,8.571501,4.0747504,0.0,3.9559991,6.437697,9.156682,13.368408,14.943079,19.453121,22.343388,25.177507,29.34232,31.80221,34.11847,36.81994,35.158455,33.92209,30.438913,26.214577,26.9171,20.130514,20.793705,15.707288,18.8003,16.59233,16.480612,20.219799,20.259579,21.298769,22.485014,20.03507,24.01124,20.570768,24.653372,29.955801,29.521847,33.31009,35.829582,38.546986,38.700638,36.74071,36.46774,34.45244,32.540154,28.948128,29.892183,24.721031,24.859951,23.702677,26.121613,22.877731,27.914743,26.367662,28.456451,31.29718,28.90594,31.721718,32.595184,30.369858,26.952667,24.762817,24.24168,21.082972,24.866184,20.051924,25.295671,22.620562,18.894077,17.874626,16.140469,13.339773,14.464578,12.867398,12.192383,14.640359,13.194968,19.190521,21.247402,24.98389,28.536798,30.910843,34.886406,37.71203,35.13072,35.388985,34.819065,30.681557,28.35507,24.223448,25.086266,23.887484,18.513678,19.244967,18.666525,16.150063,16.101439,13.552416,13.515357,15.053304,14.104757,18.41472
13,26.383638,23.457264,21.020252,16.967617,15.634281,12.135651,11.759159,7.9460187,6.879953,9.266951,9.583699,4.3035593,3.9559991,0.0,5.042243,6.2773895,10.875805,12.579233,16.67672,20.068314,22.526348,26.998608,29.030378,31.550657,34.054943,32.426437,31.727945,27.95165,24.062908,24.076162,17.655645,17.49834,11.979475,15.061867,12.644151,12.6486225,16.347078,16.366072,17.363028,18.708708,16.337698,20.689568,17.61484,22.250591,27.182741,27.22936,30.917326,33.6391,36.66144,36.56754,34.43822,34.350742,32.002335,30.28702,26.370874,27.079771,21.860752,21.658514,20.732792,23.64103,20.549198,25.973333,24.47371,27.031506,29.917824,28.14296,31.035818,31.782808,30.217691,26.78046,23.808756,23.562038,19.955463,24.137299,18.852116,24.080536,21.080217,17.316168,16.51155,15.530645,11.963559,12.385272,11.926428,10.607413,13.802126,12.233108,18.417892,20.130375,24.144648,27.417067,30.171944,34.115337,36.52104,33.660267,34.210796,33.945652,29.956852,27.835964,23.620792,25.207464,23.678585,18.611055,20.170012,20.01873,17.951149,17.313623,15.830008,14.2062645,16.384483,14.700964,19.215569
14,21.707914,19.09573,16.237297,12.53789,11.521207,7.3161516,8.697104,5.63484,7.419985,10.082508,12.777686,8.457373,6.437697,5.042243,0.0,4.826244,7.212143,9.747479,13.579827,16.992197,19.80079,23.933435,26.649906,28.48033,31.58333,30.42592,29.381407,25.98381,21.903395,22.426155,16.054506,15.78724,12.366811,13.99866,13.388022,13.258505,17.570478,18.000269,17.675303,18.115108,17.288494,20.417831,17.783764,21.638159,26.255978,25.933514,29.66039,32.16336,35.24585,35.87148,34.033905,34.49929,32.26912,31.309542,27.206455,28.532398,23.30016,23.266256,23.210049,26.10788,22.900774,27.865229,25.539513,28.035276,29.810822,28.536245,30.88034,30.697657,29.104239,26.590893,23.707823,24.666058,21.530333,26.643442,21.65787,27.187078,24.776617,21.265759,20.941061,20.179962,16.657375,16.426369,15.371818,12.905587,15.079766,12.248404,18.128668,18.438942,22.515009,25.580883,27.988379,31.893623,34.14266,30.893894,30.997103,30.459574,26.814182,24.021053,19.528212,21.630058,20.990303,16.101734,17.144876,16.733425,15.732965,15.4279,15.479107,14.289721,17.487284,16.829786,21.431795
15,21.13201,17.800346,16.19278,11.575112,10.2872925,8.249037,7.1684923,7.742875,6.639715,11.043795,12.4384365,8.994941,9.156682,6.2773895,4.826244,0.0,5.4353886,6.3626866,10.597434,13.823311,16.262644,20.72912,22.841692,25.285944,27.856865,26.365301,25.675278,21.943281,18.109928,18.13161,11.808695,11.675307,7.971119,10.74055,9.939946,11.211159,15.005586,14.631239,13.9951725,14.088871,12.813413,15.6718,12.982551,17.141758,21.696318,21.680817,25.34834,28.030783,31.262941,31.523252,29.535181,30.019499,27.615559,26.752438,22.51109,23.832287,18.624262,18.619135,18.904139,21.827248,18.694565,23.639221,21.25348,24.057014,25.90122,25.132267,27.579021,27.487328,26.587233,23.880278,20.257751,21.40891,18.002926,23.50047,18.39171,23.849329,21.61807,18.412767,18.680658,18.687996,15.024165,13.730573,13.049973,9.779087,12.137142,9.343619,15.049539,15.32767,19.57397,22.403969,25.301655,29.15458,31.09841,27.87684,28.516981,28.458225,24.726364,22.750305,18.578201,20.94889,19.28519,14.892173,17.334154,17.82381,16.771852,15.445223,16.310041,13.126668,16.724735,15.3657255,19.922678
16,16.116154,13.0247135,11.729073,6.8263106,7.105722,5.6440234,7.411389,10.292714,11.141467,15.1370945,17.596455,14.156739,13.368408,10.875805,7.212143,5.4353886,0.0,4.478294,6.451673,10.607878,13.057934,17.27777,19.945463,21.504448,24.769121,24.041979,23.436623,20.046202,16.451326,16.447891,11.183305,9.592013,9.551967,9.20975,11.107219,11.855573,15.833669,16.141582,13.969161,12.994672,14.223534,15.6284,14.267102,17.517416,20.995134,20.961046,24.443184,26.945074,30.437437,31.373846,29.650482,30.90107,28.450748,28.585339,24.102285,25.798502,20.86751,20.718508,21.975548,25.076588,22.158146,26.655008,23.658718,26.534882,27.172205,27.325268,29.14982,27.960041,27.45774,25.844397,22.104328,24.505424,21.52684,27.616142,22.78642,28.173098,26.24236,23.284441,23.775902,24.030064,20.263376,18.697468,18.202541,14.533065,16.108696,12.644269,17.249815,15.587958,19.771053,21.958334,24.572119,28.223637,29.599491,25.6882,25.944633,25.766266,22.746986,20.057539,15.575001,19.227121,18.610872,15.08748,17.162241,17.528147,17.93583,16.878765,19.284138,16.46973,20.661734,19.951122,24.3909
17,16.123518,12.272192,11.919399,7.0523424,5.7013717,7.377151,5.4587116,10.890731,10.48051,14.761921,16.953037,14.805397,14.943079,12.579233,9.747479,6.3626866,4.478294,0.0,5.545143,7.493495,10.274621,14.45986,17.046394,19.191021,22.004717,20.741282,19.717812,16.297432,12.372197,12.966254,6.9464417,7.761161,8.984384,10.273864,11.918138,14.060718,17.320108,16.617105,14.237577,12.432155,12.949318,12.810165,10.9364195,13.318823,17.202808,16.755066,20.364954,22.813805,26.165241,27.104555,25.462784,26.674152,24.442219,24.706135,20.404186,22.60248,17.836575,18.267263,19.864176,22.34305,19.354338,23.165691,19.762009,22.487928,22.75692,23.137438,24.823864,23.571291,23.34943,21.816229,17.871872,20.733114,18.072174,24.507364,20.138868,25.46219,24.252499,21.776316,22.85389,23.407455,20.033653,17.843914,16.723768,12.603532,13.267611,9.714931,13.353918,11.310286,15.517746,17.64087,20.48217,24.14371,25.566324,21.922598,22.53412,22.641314,19.288641,17.463469,13.520123,16.781237,15.162212,12.136329,15.294758,16.473644,16.715067,14.893206,18.058844,14.138811,18.573301,17.91051,22.033998
18,13.421741,9.679992,11.260834,6.486561,7.89995,10.22665,10.559859,15.830645,15.862472,20.178461,22.207817,19.547852,19.453121,16.67672,13.579827,10.597434,6.451673,5.545143,0.0,5.7287936,7.015314,11.435421,13.739141,15.253863,18.454416,18.071123,18.068937,14.678534,12.00464,11.152789,8.32175,5.1953626,10.268229,8.362307,12.199862,13.949483,16.70584,16.530165,12.860021,10.075436,13.285876,12.103802,12.432871,14.434337,16.293943,16.634354,19.666138,22.126438,25.975838,27.106968,25.525587,27.508314,24.92975,26.149294,21.555489,23.579643,19.33339,19.188326,21.621786,24.56054,22.105648,25.78454,22.342833,25.395681,24.952951,26.482592,27.778,25.779745,26.455137,25.636032,21.286991,24.767033,22.13917,28.634762,24.266396,29.194176,27.84062,25.549986,26.694723,27.679241,24.018206,21.591696,21.427921,17.34147,18.232143,14.946872,17.689846,14.488308,18.266048,19.327936,22.1273,25.333115,25.729208,21.312998,21.945456,22.3381,20.042242,18.038157,14.272807,18.907793,17.980907,16.242323,19.17617,20.279375,21.40726,19.757355,23.429943,19.566303,24.036892,23.24482,27.268614
19,12.510333,8.180706,10.960122,7.841414,7.754574,12.396539,10.873112,17.493536,17.280535,21.217781,23.541897,22.111399,22.343388,20.068314,16.992197,13.823311,10.607878,7.493495,5.7287936,0.0,3.8200912,7.0017214,10.387556,11.961935,15.080228,14.314823,12.991557,10.246321,6.9329987,8.277724,6.2701206,7.7420793,13.726575,13.36566,16.5969,19.09826,21.473228,20.539658,16.907541,13.458499,15.83293,12.232553,12.262164,11.560034,13.247304,12.338951,15.395552,17.376131,20.928526,22.774036,21.67847,23.9508,21.987164,23.818434,19.765018,22.724678,19.06638,19.808483,22.63974,24.54513,22.074717,24.395428,20.237307,22.710218,20.959585,23.022818,23.629648,20.86747,21.894962,21.9867,17.907623,22.415422,20.73507,27.48502,24.07462,28.817064,28.53892,26.835697,28.518732,29.575472,26.450407,23.673859,22.543314,18.272282,17.781708,14.550979,15.254423,10.679823,13.744786,14.147448,16.755402,19.764235,20.020573,15.623238,16.362352,16.978588,14.662649,13.523254,10.790648,15.156605,13.736216,13.572624,17.019287,18.82712,20.315527,18.228802,22.9728,18.75418,23.313147,23.094196,26.546906
20,13.943489,9.960444,13.834621,10.8505335,11.432874,15.73554,14.3757925,20.862885,20.220757,24.421148,26.182549,24.670214,25.177507,22.526348,19.80079,16.262644,13.057934,10.274621,7.015314,3.8200912,0.0,5.0484195,6.974245,9.15726,11.800551,11.242834,11.255213,8.083481,6.7448506,5.797628,7.490267,7.1204762,14.312191,13.240938,16.84497,19.510172,21.18007,20.130175,16.067356,12.125308,15.351459,10.743993,12.236718,11.288948,11.134232,11.200081,13.610312,15.766307,19.758715,21.305433,20.117094,22.82958,20.551682,22.979385,18.827188,21.577698,18.485506,18.928926,22.275408,24.291567,22.289068,24.396723,20.412523,23.152246,21.225828,24.115131,24.639246,21.788069,23.688337,23.841059,19.321363,23.864222,22.08966,28.675903,25.31728,29.615213,29.313694,27.885283,29.722816,31.180614,27.997755,24.941973,24.447475,20.252483,20.006937,17.210375,17.515635,13.0767355,15.701239,15.322947,18.157084,20.695402,20.095625,15.473847,16.786669,18.003096,16.366253,15.946178,13.882767,18.333652,16.679312,17.065382,20.713032,22.609755,24.053331,21.830135,26.45908,21.833075,26.260792,25.642069,28.95314
21,13.223464,9.973997,14.705601,13.432316,14.017884,18.891333,17.613066,24.35037,24.08757,27.913582,30.11017,28.989964,29.34232,26.998608,23.933435,20.72912,17.27777,14.45986,11.435421,7.0017214,5.0484195,0.0,5.3436956,5.382297,8.809098,9.158909,7.981562,7.054487,7.1215987,8.082927,11.295743,12.141809,19.316843,18.13599,21.886286,24.470654,26.096586,25.049221,20.889631,16.81808,20.116657,14.726189,16.295242,13.611973,12.220103,11.283422,12.779307,13.925198,17.560417,20.212399,19.767979,23.05949,21.417915,24.656797,21.143875,24.36894,21.988337,22.79359,26.34829,27.800358,25.936043,27.060701,22.728909,24.886951,21.608963,25.119663,24.798813,20.9269,23.247334,24.614723,20.685219,25.939545,24.961487,31.518515,28.846523,32.931343,33.237648,32.109528,34.140774,35.572163,32.600777,29.494045,28.553331,24.346735,23.422255,20.63341,19.773947,14.519946,15.946089,14.465459,16.478355,18.26156,16.812857,11.719325,12.8170805,14.314964,13.873825,13.986699,13.303366,17.650845,16.53792,18.419537,21.698957,23.748915,25.814915,23.664402,28.975784,24.6384,29.050419,28.952404,31.902811
22,18.00686,14.835548,19.587963,17.506092,18.09274,22.653296,20.918795,27.565285,26.480377,30.658194,31.948853,30.91437,31.80221,29.030378,26.649906,22.841692,19.945463,17.046394,13.739141,10.387556,6.974245,5.3436956,0.0,5.2550097,5.0426445,4.7718844,7.285239,5.25284,8.5197,6.2946224,12.522923,12.39214,19.519642,18.367786,21.832615,24.761427,25.445911,24.015318,19.828451,15.640316,18.977875,12.783947,15.606662,12.875483,9.166512,9.954281,10.2448845,11.850976,16.083,17.664679,16.894018,20.52891,18.422909,22.211082,18.743748,21.551819,20.05728,20.575766,24.547846,25.943466,24.72244,25.514126,21.635933,24.111044,21.089355,25.389654,25.248999,21.87471,25.17656,26.047672,21.503534,26.386576,25.195122,31.334776,28.772257,32.1792,32.486107,31.780703,34.01499,35.940334,33.0401,29.61388,29.38815,25.38979,24.769617,22.6186,21.48639,16.97312,18.230066,16.337307,18.942965,20.307543,18.13812,13.64043,15.895667,18.135447,17.758701,18.907154,18.439457,22.40869,20.406378,22.194824,26.05007,28.287848,29.835812,27.356598,32.243248,27.198618,31.360418,30.620274,33.352886
23,15.31269,13.208207,18.452635,17.629736,18.882444,23.464863,22.765577,29.381401,29.158367,33.12399,35.15922,33.79135,34.11847,31.550657,28.48033,25.285944,21.504448,19.191021,15.253863,11.961935,9.15726,5.382297,5.2550097,0.0,5.3062763,8.190181,9.161647,9.46798,11.736876,11.072363,16.045525,15.458137,22.982239,20.870556,25.021568,27.373695,28.472237,27.624815,23.151657,18.974072,23.135,17.504549,20.140224,17.50511,14.306756,14.30211,14.444598,15.130609,18.759228,21.407936,21.203798,25.043787,23.319992,27.2566,23.91546,26.80022,25.129066,25.57077,29.469275,31.040125,29.635223,30.531353,26.451075,28.68286,25.09462,29.276646,28.69879,24.580091,27.53161,29.23108,25.238457,30.491917,29.520992,35.87939,33.273407,36.9893,37.23911,36.28045,38.350605,40.03615,36.952934,33.73287,33.289234,29.135448,28.439081,25.800282,24.86441,19.70642,20.75491,18.674559,20.364838,21.349785,18.768747,13.693542,14.833187,16.680664,17.603415,17.908886,17.749773,22.233297,21.516888,23.736685,26.822176,28.762495,31.068865,29.00378,34.346035,29.973948,34.358288,34.097576,36.999535
24,20.539642,18.111094,23.205462,21.815277,22.610226,27.276922,25.734829,32.447483,31.464062,35.56576,36.895077,35.95388,36.81994,34.054943,31.58333,27.856865,24.769121,22.004717,18.454416,15.080228,11.800551,8.809098,5.0426445,5.3062763,0.0,4.378036,8.030556,8.542084,12.685031,10.965971,17.46106,17.22433,24.360502,22.858706,26.460938,29.273142,29.651106,28.276396,24.018032,19.865381,23.438295,17.097223,20.227966,16.986805,12.207372,12.953817,11.765091,12.281101,16.003162,17.942142,17.77638,21.904505,20.188828,24.676163,21.824232,24.543213,23.892092,24.389423,28.520838,29.635353,28.77928,28.914633,25.151613,27.311823,23.589317,28.474255,27.81082,23.987843,27.834387,29.356878,25.121958,30.174547,29.369587,35.255302,33.11169,36.127598,36.717304,36.288948,38.637375,40.69687,37.87944,34.37415,34.206203,30.268759,29.473825,27.443281,25.802614,21.153088,21.71174,19.11874,21.131968,21.608755,18.389215,14.161746,16.44783,19.029709,19.808971,21.416025,21.755838,25.579966,23.884104,26.375582,30.032656,32.308304,34.143185,31.69861,36.8319,31.845022,35.940514,35.309673,37.80988
25,22.191494,19.100836,23.765297,21.82093,21.9438,26.688604,24.245567,30.954205,29.389557,33.447163,34.329975,33.88748,35.158455,32.426437,30.42592,26.365301,24.041979,20.741282,18.071123,14.314823,11.242834,9.158909,4.7718844,8.190181,4.378036,0.0,5.8776426,5.3871098,10.255603,8.452264,15.182915,16.08595,22.58191,22.156548,25.067583,28.347631,28.587349,26.692745,22.830963,18.787613,21.272285,14.497187,17.27691,13.398849,8.233581,9.03474,7.4914846,8.47613,12.624138,13.935302,13.516329,17.57275,15.8625345,20.369276,17.735228,20.684166,20.319645,21.178024,25.260475,25.901255,25.132496,24.795797,21.056194,23.1238,19.487658,24.52186,23.990887,20.61005,24.753498,25.866066,21.465094,26.339104,25.66755,31.314827,29.499146,32.229614,33.141014,33.00648,35.54163,37.696884,35.174904,31.545515,31.239618,27.470324,26.447632,24.849436,22.693268,18.530354,18.883707,16.272972,18.782082,19.406061,16.532526,12.96554,16.052614,18.888206,18.741713,21.133497,21.534962,24.716146,22.093569,24.525934,28.648207,31.187298,32.49857,29.758665,34.63075,29.258005,33.093685,32.2851,34.484344
26,20.30785,17.233969,21.416786,20.281328,19.746367,24.919067,22.052502,28.901222,27.702885,31.230843,32.762688,32.85414,33.92209,31.727945,29.381407,25.675278,23.436623,19.717812,18.068937,12.991557,11.255213,7.981562,7.285239,9.161647,8.030556,5.8776426,0.0,4.770736,7.7458897,9.650107,14.25666,17.26249,23.53704,23.817278,26.604715,29.929682,30.930485,29.017565,25.345022,21.331535,23.155596,16.53617,17.818474,12.75233,9.864601,7.595419,7.048172,6.609952,9.842417,13.169826,13.595873,17.323214,16.707455,20.822922,18.676134,22.479702,21.586369,23.171965,26.85182,26.956158,25.600664,24.785501,20.369598,21.647512,16.913116,21.610626,20.42212,16.129566,19.957483,22.017662,18.467733,24.015596,24.135748,30.018026,28.720432,31.834108,33.311615,33.11365,35.692917,37.42651,35.160297,31.701836,30.366056,26.505888,24.661455,22.846315,19.86085,15.079124,14.556588,11.437929,13.284201,13.747006,11.01848,7.1711664,10.472695,13.41088,13.152945,16.270456,17.565508,19.921299,17.327442,20.639105,24.493393,27.193287,28.723396,26.034359,31.361528,26.42545,30.23979,30.156744,32.11111
27,19.978535,16.30083,20.281416,18.044325,17.502846,22.33422,19.295746,26.01947,24.38322,28.2785,29.320902,29.148813,30.438913,27.95165,25.98381,21.943281,20.046202,16.297432,14.678534,10.246321,8.083481,7.054487,5.25284,9.46798,8.542084,5.3871098,4.770736,0.0,4.968802,4.96279,10.358808,12.996031,19.037231,19.55029,22.06539,25.534472,26.34276,24.303955,20.738659,16.808838,18.409863,11.768454,13.308125,8.869524,5.88312,4.8521914,5.836111,7.750048,11.960674,13.505862,12.76239,16.104965,14.48567,18.11974,15.127058,18.658298,17.307468,18.649843,22.385601,22.920027,21.54758,21.494833,17.271519,19.309917,15.8834505,20.269909,20.019403,16.810219,20.343906,21.11,16.637812,21.693056,21.022635,27.041744,25.120537,28.353064,29.335726,28.984156,31.490015,33.364532,30.937965,27.415442,26.54697,22.68909,21.369604,19.6573,17.414114,13.158733,13.805633,11.70645,14.741383,16.243076,14.617203,10.979838,14.005137,16.479698,15.079228,17.425755,17.479685,20.279242,17.169962,19.298319,23.617256,26.247131,27.286465,24.460253,29.272224,23.908653,27.771023,27.135426,29.394339
28,17.741201,13.701225,16.749445,14.409601,13.17477,18.085459,14.627651,21.39647,19.986397,23.660753,25.17342,25.11518,26.214577,24.062908,21.903395,18.109928,16.451326,12.372197,12.00464,6.9329987,6.7448506,7.1215987,8.5197,11.736876,12.685031,10.255603,7.7458897,4.968802,0.0,5.7316594,6.725653,11.34102,16.703262,17.8989,20.142248,23.531628,25.070187,23.149004,19.888329,16.2557,17.201359,11.55069,11.425596,7.2471185,8.298787,5.7769985,8.942607,10.736067,14.13442,15.983192,15.159682,17.585987,16.200184,18.662556,15.428563,19.198145,16.698807,18.33755,21.505312,22.119951,20.036875,20.5693,15.984914,17.900375,14.921381,18.09909,18.147253,15.087928,17.43356,17.935137,13.642563,18.872284,18.155067,24.628672,22.450062,26.38531,27.277874,26.520536,28.855371,30.30448,27.88412,24.616358,23.081055,19.06372,17.455156,15.30698,13.28772,8.514769,9.900747,8.891756,12.186311,14.738976,14.597804,10.999742,13.216234,14.920867,12.302921,14.041425,13.510417,16.037401,12.716553,14.374513,18.756563,21.391853,22.32457,19.521002,24.418509,19.285448,23.331783,23.05131,25.537102
29,19.605375,15.585504,19.170427,15.833033,15.516535,19.68893,16.867998,23.240143,21.329195,25.633112,26.262829,25.53464,26.9171,24.076162,22.426155,18.13161,16.447891,12.966254,11.152789,8.277724,5.797628,8.082927,6.2946224,11.072363,10.965971,8.452264,9.650107,4.96279,5.7316594,0.0,7.1919265,8.374052,14.328433,14.808087,17.187834,20.698265,21.384785,19.36971,15.788019,11.911228,13.613223,7.188819,9.353721,7.153117,5.4284472,6.84396,8.985616,11.870992,16.158386,16.509838,14.869585,17.515276,14.925648,17.612122,13.560791,16.404676,14.147171,14.902409,18.650095,20.044704,18.565638,19.855543,16.067167,18.97838,17.2615,20.866634,21.580017,19.403952,22.282125,21.854654,16.732084,20.978132,19.26924,25.409164,22.555077,26.072044,26.234995,25.504074,27.787344,29.748968,26.993422,23.486101,23.273981,19.39244,18.936235,17.178658,16.340082,12.865717,14.907099,14.081493,17.654926,19.906567,19.055237,15.356731,17.913292,19.897245,17.867199,19.135742,17.90552,21.23142,18.108574,18.805569,23.27467,25.640585,26.285864,23.507563,27.689869,22.136345,26.077139,24.87592,27.618816
30,18.584328,14.239601,15.87876,11.85874,10.275443,13.905052,10.06373,16.24961,14.225625,18.452763,19.439426,18.821018,20.130514,17.655645,16.054506,11.808695,11.183305,6.9464417,8.32175,6.2701206,7.490267,11.295743,12.522923,16.045525,17.46106,15.182915,14.25666,10.358808,6.725653,7.1919265,0.0,6.9721355,10.319963,12.663578,14.024408,17.504627,19.34092,17.415152,14.741307,11.886679,11.6946745,8.218082,6.450541,6.539789,10.520349,9.978803,13.622826,16.261106,19.709698,20.228369,18.521147,19.885649,17.688913,18.523914,14.356978,17.241602,13.230391,14.401489,16.912535,18.45488,15.863451,18.307323,14.365905,17.174969,16.755453,18.34216,19.79282,18.452717,19.590086,18.183773,13.311932,17.011139,14.825756,21.476715,17.99834,22.587564,22.432634,21.010424,22.988533,24.322529,21.545588,18.415768,17.290525,13.127982,12.608312,10.227763,10.737048,8.001647,11.629122,12.844226,16.474104,19.804747,20.697563,17.453,19.164814,20.200392,16.787962,17.059807,14.7150955,17.374603,13.998979,12.936425,17.503466,19.717684,19.743637,16.980947,20.712915,15.275425,19.411833,18.384546,21.607859
31,17.988182,14.083352,16.282667,11.532971,12.052672,14.332903,13.091748,18.232878,16.778008,21.489866,22.177563,19.910543,20.793705,17.49834,15.78724,11.675307,9.592013,7.761161,5.1953626,7.7420793,7.1204762,12.141809,12.39214,15.458137,17.22433,16.08595,17.26249,12.996031,11.34102,8.374052,6.9721355,0.0,7.5841503,6.6370873,9.767628,12.6951065,14.1841545,13.096076,9.223981,5.7844067,8.900677,7.180823,8.593456,11.5655155,12.861865,14.394187,17.172436,20.126345,24.247257,24.375237,22.347176,24.164667,21.109568,22.228935,17.405533,18.943949,14.930937,14.430228,17.251995,20.362345,18.356236,22.112162,19.126263,22.639841,22.831545,24.799934,26.454914,25.088877,26.526283,25.055866,19.991842,23.00491,19.986763,26.158516,21.737173,26.103552,24.66225,22.764427,24.205605,25.805098,22.238934,19.284435,19.955883,16.05616,17.303738,14.916268,17.200975,14.820051,18.483969,19.287819,22.75184,25.812508,25.900827,21.838219,23.373417,24.426867,21.945744,21.1814,18.067516,22.14478,19.987051,18.463701,22.272263,23.808075,24.207973,22.018353,25.193714,20.304861,24.417665,22.810116,26.557747
32,23.553654,19.773752,20.255875,15.04849,14.637921,14.674859,12.931518,15.5315695,12.833672,17.5685,16.758009,14.05625,15.707288,11.979475,12.366811,7.971119,9.551967,8.984384,10.268229,13.726575,14.312191,19.316843,19.519642,22.982239,24.360502,22.58191,23.53704,19.037231,16.703262,14.328433,10.319963,7.5841503,0.0,6.14624,4.014952,7.9217525,9.589092,7.881851,6.824953,7.285811,4.9951706,9.441808,8.247792,14.037892,17.22258,18.811724,21.901882,25.092134,28.850561,28.041534,25.55058,26.170778,22.980003,22.337395,17.585045,17.966757,13.034884,11.975675,13.004965,16.888597,14.608136,20.002071,18.271564,21.984112,24.290249,24.787165,27.456682,27.620232,28.242275,25.255213,20.334068,21.391285,17.366133,22.607807,17.24756,21.718618,19.090914,16.513443,17.37539,18.886265,15.039689,12.369264,14.14043,11.020411,13.980732,12.5558,16.688961,16.84677,20.895325,22.817287,26.497932,29.975454,30.967392,27.623705,29.22082,30.03967,26.688313,25.865467,22.300518,25.353144,22.6839,19.57592,23.256615,24.458992,23.533718,21.452108,22.71397,17.896923,21.190655,18.613977,22.595348
33,20.859016,17.661818,18.720472,13.712807,14.897486,14.826871,15.256986,18.20857,17.041483,21.68166,21.87485,18.26987,18.8003,15.061867,13.99866,10.74055,9.20975,10.273864,8.362307,13.36566,13.240938,18.13599,18.367786,20.870556,22.858706,22.156548,23.817278,19.55029,17.8989,14.808087,12.663578,6.6370873,6.14624,0.0,5.1680098,6.5072074,8.436589,8.890149,5.3386164,5.087116,8.502203,11.404558,12.463268,17.254612,18.812037,20.798426,23.507158,26.591724,30.742903,30.451944,28.146334,29.573679,26.19179,26.5448,21.585615,21.97159,17.62619,16.06687,17.874975,22.07085,20.210154,25.281176,23.247261,27.021461,28.371,29.633284,31.82283,31.061333,31.993052,29.853151,24.9029,26.836275,23.095623,28.608534,23.35717,27.71416,25.003157,22.422428,23.026937,24.448961,20.343733,18.09526,20.06626,16.858557,19.537952,17.36876,21.323902,20.037313,24.071331,25.426302,28.846458,32.112827,32.448242,28.332468,29.591648,30.33896,27.809227,26.24848,22.413176,26.604105,24.982872,22.339733,25.489628,26.354574,26.405262,24.744225,26.719044,22.54135,26.284637,24.19115,28.351532
34,25.191364,21.774883,22.189861,17.003492,17.262741,16.494387,15.937805,17.589397,15.348986,19.857769,18.797842,15.270215,16.59233,12.644151,13.388022,9.939946,11.107219,11.918138,12.199862,16.5969,16.84497,21.886286,21.832615,25.021568,26.460938,25.067583,26.604715,22.06539,20.142248,17.187834,14.024408,9.767628,4.014952,5.1680098,0.0,4.2972045,5.681384,5.046934,4.7606797,7.2912903,6.2362328,11.969195,11.798536,17.695671,20.180412,22.246954,25.097212,28.35747,32.288715,31.313595,28.714365,29.402351,25.963345,25.303495,20.50796,20.204327,15.586383,13.751254,14.443634,18.945112,17.115788,22.895569,21.691256,25.530825,28.08578,28.63073,31.387564,31.59,32.253372,29.20847,24.292017,25.062529,20.85181,25.588161,19.996927,24.115862,20.78133,17.981745,18.285461,19.808842,15.66665,13.549432,16.40768,13.950584,17.442091,16.144945,20.619753,20.78065,24.861416,26.705929,30.36042,33.801537,34.60305,31.027693,32.553722,33.3449,30.230257,29.056707,25.243837,28.656143,26.379457,23.113003,26.441938,27.325209,26.471455,24.696444,25.547346,21.21028,24.292698,21.535873,25.58782
35,25.856535,22.956623,22.880335,17.93859,18.749674,16.949207,17.759737,18.320162,16.966166,21.083107,20.35855,15.947597,16.480612,12.6486225,13.258505,11.211159,11.855573,14.060718,13.949483,19.09826,19.510172,24.470654,24.761427,27.373695,29.273142,28.347631,29.929682,25.534472,23.531628,20.698265,17.504627,12.6951065,7.9217525,6.5072074,4.2972045,0.0,4.5917277,6.8423758,7.1377025,10.098678,10.408092,15.987891,16.004333,21.75773,24.105804,26.1215,28.980438,32.18453,36.183353,35.42612,32.879734,33.673252,30.219194,29.58521,24.796474,24.35333,19.80514,17.812546,18.184229,22.82478,21.035427,26.997406,25.889544,29.664804,32.20721,32.567356,35.312794,35.38065,35.753235,32.7987,28.109554,28.819715,24.588488,29.150982,23.409857,27.577555,23.825064,20.684877,20.37823,21.469372,17.140587,15.886032,18.921507,16.833261,20.564018,19.015476,24.031084,24.064999,28.266594,30.223711,33.68657,37.19403,38.02283,34.193325,35.395126,35.94019,32.998734,31.19687,27.026018,30.697245,29.0615,25.473127,28.199934,28.621061,27.931786,26.62831,27.135525,23.607841,26.620672,24.03529,28.28567
