,0,1,2,3,4,5,6,7,8,9,10,11,12,13,14,15,16,17,18,19,20,21,22,23,24,25,26,27,28,29,30,31,32,33,34,35,36,37,38,39,40,41,42,43,44,45,46,47,48,49,50,51,52,53,54,55,56,57,58,59,60,61,62,63,64,65,66,67,68,69,70,71,72,73,74,75,76,77,78,79,80,81,82,83,84,85,86,87,88,89,90,91,92,93,94,95,96,97,98,99,100,101,102,103,104,105,106,107,108,109,110,111
0,0.0,4.3283978,5.9440594,9.559526,11.880822,14.102415,17.148941,21.467642,24.351818,26.725962,31.254774,28.749699,26.89706,26.123552,21.251621,21.393461,16.526043,16.804821,14.312191,13.864102,14.693028,10.498083,15.22111,17.417124,16.68011,18.875587,20.25753,22.441122,19.24465,23.618353,22.043814,27.178835,30.333559,32.43367,35.382065,36.2105,39.960957,39.578278,37.066135,33.935474,34.677986,31.517168,29.002102,28.291142,25.574398,24.74235,20.702324,21.2433,20.202768,18.273144,17.348833,13.962348,14.540983,14.1934185,18.408375,22.197796,23.768198,24.505798,29.089642,29.630302,26.473392,32.314934,31.356218,32.65737,35.60363,34.195686,37.705048,35.93797,40.425888,37.153927,32.96416,35.021008,32.107048,36.700443,32.50641,31.165077,33.169888,31.93791,32.403416,35.01035,31.87172,28.92749,28.06959,25.67366,26.687225,22.21045,25.854412,21.93996,24.089403,24.90893,24.826242,28.056448,30.984827,31.718798,35.181717,36.483463,37.35611,34.145985,32.155838,34.14918,31.336847,32.88074,34.033703,36.270336,40.249763,41.22516,39.380337,42.390156,38.996372,42.870506,40.71525,44.58442
1,4.3283978,0.0,5.2812324,6.420644,8.880168,12.014134,14.352489,19.370777,21.510397,24.346254,28.433771,25.970585,24.592115,23.38117,18.763832,18.116484,13.299186,12.963335,10.331463,9.555767,10.526616,6.76398,11.904235,13.6777725,13.993918,15.418354,17.541365,19.2092,15.583589,19.727974,18.35312,23.148855,26.849941,28.618553,31.836967,32.72315,36.341522,35.96805,33.215534,29.941124,31.041203,27.677805,25.467247,24.779657,22.35322,21.736538,17.906317,18.857737,18.136164,16.891443,15.913104,13.41858,14.291011,13.888219,17.267275,20.916332,21.770052,22.94001,27.658651,27.897955,24.450642,29.927862,28.615181,29.601488,32.449825,30.703564,34.06047,32.027092,36.612392,33.446384,29.122019,30.927193,27.948586,32.40792,28.230068,26.843592,28.922981,27.802355,28.401937,31.104921,28.15298,25.019688,24.294277,21.668335,22.474056,17.970173,21.568197,17.740631,20.143723,21.23581,21.54828,24.949732,27.797606,29.010183,32.326862,33.37862,34.01139,30.603577,28.361568,30.286726,27.222584,28.877934,29.794968,32.13231,36.21917,37.015423,35.111317,38.147457,34.69043,38.592213,36.506836,40.40487
2,5.9440594,5.2812324,0.0,5.1646605,6.789252,8.364407,11.609492,15.545528,18.653822,20.862206,25.504429,23.086117,21.16462,20.68437,15.7867565,16.313637,12.010122,12.547946,11.7785225,11.654828,14.1078615,11.431127,16.587091,17.352512,17.50266,18.260906,19.219156,20.494076,15.825515,20.169039,17.661047,23.125587,25.127256,27.668797,30.178713,30.9734,34.8253,34.451286,32.31084,29.541658,29.81379,27.360952,24.43236,24.639433,21.260342,21.568064,17.833082,19.19289,19.132374,17.135986,15.233356,12.591713,12.004194,10.252712,13.808006,17.354311,19.266218,20.602219,24.85617,25.973526,22.898516,28.73371,27.21154,28.917555,31.17931,30.456362,33.869675,32.277126,36.93483,34.180626,30.06472,32.341328,28.996038,33.809425,29.147545,28.543219,30.25651,28.61191,29.19507,31.44644,28.33172,25.607132,23.810177,21.862335,23.146894,19.105448,22.975592,20.054287,22.22478,23.889215,23.818186,27.754824,29.79425,31.091063,34.679394,35.77637,36.57658,33.41448,30.903456,33.26747,29.764898,32.148586,32.424507,35.24919,39.61551,39.807224,37.594513,40.40912,36.290623,39.968857,37.428967,40.97062
3,9.559526,6.420644,5.1646605,0.0,3.7717338,6.043442,8.742418,13.338644,15.341704,18.436636,22.28885,19.57673,18.229475,16.9801,12.397717,11.870603,7.307337,7.5679445,6.9644175,7.609797,10.704733,9.571736,14.638966,14.807163,16.658316,16.177977,18.204348,18.524437,12.784755,16.531954,13.923722,18.735699,21.140272,23.026081,26.01456,26.691422,30.505825,30.337954,27.866808,25.006824,25.935627,23.481264,20.986134,21.673698,18.593746,19.678469,16.472677,18.53904,19.010406,17.967724,16.0301,14.660876,14.374076,12.514397,14.509836,17.569933,18.56443,20.65784,24.879091,25.735497,22.3534,27.561869,25.369469,26.67986,28.528698,27.456951,30.54082,28.465487,33.371872,30.95578,26.624584,28.376913,24.773668,29.189093,24.273693,23.63857,25.155472,23.453253,24.044882,26.33334,23.31024,20.482935,18.817223,16.730932,18.137405,14.068343,18.408827,16.143751,18.889471,21.120575,21.751122,25.8431,27.71111,29.724289,33.023525,33.717754,34.109375,30.642357,27.71258,29.858038,25.861057,28.352385,28.024153,30.887865,35.36995,35.26441,32.9694,36.00174,31.643686,35.39684,32.988533,36.49304
4,11.880822,8.880168,6.789252,3.7717338,0.0,5.293028,5.473635,11.065523,12.797354,15.550194,19.664013,17.710276,16.693434,15.82341,11.547074,10.750408,7.813772,6.7158146,8.734779,7.826805,11.697119,11.500828,15.803806,14.795311,16.266617,15.160027,16.261007,16.191349,10.070283,14.009131,10.995272,16.488285,18.510145,21.167967,23.638424,24.682728,28.335135,27.805965,25.601622,22.82493,23.060389,20.701405,17.811584,18.579826,15.127848,16.4915,13.45637,15.827305,16.821383,15.76245,13.440519,12.807088,12.182143,10.19529,11.247158,14.103804,14.841773,17.098198,21.237217,22.131329,18.797321,23.979652,21.726625,23.250566,25.029602,24.30454,27.505114,25.810728,30.604818,28.262115,24.144487,26.397253,22.79152,27.737848,22.970324,22.991224,24.74574,23.078058,24.090853,26.21096,23.555616,20.68939,18.2178,16.243662,17.13702,13.6941395,17.138268,15.210322,17.316587,19.791563,20.01704,24.425081,25.647938,27.718962,31.145397,31.859926,32.40159,29.227386,26.231949,28.80925,24.757751,27.873713,27.40958,30.789553,35.42714,34.904102,32.40395,34.88875,30.328707,33.81023,31.042902,34.41319
5,14.102415,12.014134,8.364407,6.043442,5.293028,0.0,5.8736186,7.745498,10.933722,13.480217,17.706692,14.821686,12.825671,12.441696,7.567973,8.967225,6.4243755,8.252047,10.610858,11.962198,15.752626,15.489867,20.27572,19.632683,21.509947,20.291874,21.372799,20.971815,14.264404,17.490343,13.506441,18.44013,18.20864,20.858053,22.912153,23.33035,27.432991,27.406807,25.735575,23.689774,23.72329,22.735361,19.564247,21.758638,17.720932,20.384785,17.821138,20.438057,21.733408,20.344332,17.641851,16.771389,15.165344,11.926396,12.666514,14.836132,16.790298,19.439264,22.738527,24.62669,21.756838,26.856459,24.117071,26.145176,26.89474,27.089087,29.972364,28.315912,33.27818,31.61374,27.612328,29.640959,25.631006,30.112295,24.66925,25.061575,25.927092,23.577309,24.100498,25.66124,22.57836,20.477037,17.37981,16.482275,18.550783,15.5763445,20.001358,19.25743,21.699802,24.553633,24.974598,29.464912,30.38622,32.661808,36.059765,36.649303,37.069218,33.84977,30.590914,33.054745,28.564726,31.772573,30.545101,33.854504,38.55347,37.672253,35.05766,37.84132,32.713577,36.112297,33.258873,36.189037
6,17.148941,14.352489,11.609492,8.742418,5.473635,5.8736186,0.0,6.674749,7.661121,10.178506,14.355403,13.077607,12.512839,12.155237,8.818259,8.055295,8.354218,7.054818,11.768551,11.107479,15.305897,16.310287,19.945112,17.888393,19.674532,17.48636,17.808235,16.625446,9.706674,12.58694,8.251194,13.827717,13.797881,17.382095,18.981472,20.172083,23.80302,23.123848,21.506453,19.305002,18.634232,17.390066,13.913358,16.12755,11.890114,15.086904,13.182154,16.249975,18.244833,17.403477,14.588414,15.181382,13.773362,11.172754,9.834066,11.299322,11.866738,14.977484,18.246122,19.702122,16.722847,21.33414,18.352001,20.32921,21.057251,21.326777,24.284863,22.967777,27.766817,26.158213,22.409197,24.91942,21.019772,26.113071,21.124704,22.258644,23.661919,21.6673,22.93884,24.486757,22.20281,19.756548,15.986774,14.834074,15.705082,13.6641655,16.467304,16.197615,17.795929,20.913227,21.037964,25.738382,25.857725,28.355198,31.712015,32.19691,32.674023,29.788937,26.462788,29.34638,24.872082,28.767511,27.447119,31.358118,36.177704,34.83214,32.017456,34.03254,28.83552,31.88433,28.666103,31.526817
7,21.467642,19.370777,15.545528,13.338644,11.065523,7.745498,6.674749,0.0,5.235094,6.129111,10.786396,8.842925,6.911972,8.422067,5.9804664,8.429908,10.688759,11.683837,16.267952,17.112951,21.244827,22.12156,26.17778,24.361666,26.333775,24.099165,24.200014,22.763433,15.8715315,17.796305,12.980546,17.20028,13.471146,17.40359,17.739353,18.181366,22.233675,22.067808,21.582981,20.674866,19.236467,20.18602,16.437449,20.36421,15.70518,20.179924,18.947187,22.052097,24.319433,23.109203,19.979225,20.366493,18.03446,14.462407,12.55076,12.562157,14.596849,17.919151,19.652235,22.410583,20.313341,24.47269,21.01789,23.664864,22.86628,24.614206,27.044464,26.065868,30.79226,30.15257,26.827444,29.169807,24.987766,29.501175,24.003485,25.815454,26.201153,23.496326,24.316374,24.965782,22.502787,21.160915,16.414127,16.872272,18.808083,17.722458,21.044174,22.023638,23.732435,27.125511,27.312021,32.050438,31.67974,34.318035,37.62921,37.989784,38.389286,35.621418,32.085133,34.91803,30.085453,34.167343,32.01712,35.93494,40.790054,38.902126,35.934772,38.017162,32.19631,34.91028,31.505898,33.616817
8,24.351818,21.510397,18.653822,15.341704,12.797354,10.933722,7.661121,5.235094,0.0,4.642507,6.9504805,5.836121,6.771339,6.868406,7.1467276,6.728968,11.202945,10.917728,16.297503,16.795774,20.782166,22.75576,25.992414,23.478455,26.158688,23.064041,23.488152,21.199707,14.297531,14.840952,10.118724,12.919732,8.268804,12.351329,12.646084,13.383971,17.276506,17.016804,16.350464,15.557451,14.244328,15.661754,12.305415,17.110558,12.985965,18.346762,18.082964,21.522892,24.171377,23.790384,20.919659,22.230299,20.466372,17.564436,14.810988,14.279386,14.527264,18.27119,19.815624,21.889412,19.65651,22.682802,18.596132,20.714548,19.25596,20.824486,22.778667,21.552774,26.344278,26.222786,23.015337,25.00689,20.732676,24.953373,19.51601,21.907314,22.18054,19.561749,20.754934,21.213974,19.407755,18.061636,12.840675,13.547744,14.992815,15.085027,17.572578,19.703728,21.236797,24.958574,25.501436,30.154627,29.307598,32.459656,35.414017,35.41246,35.505363,32.75807,28.99511,31.731918,26.679832,31.039358,28.32564,32.44835,37.305565,34.93748,31.852358,33.671104,27.627625,30.11077,26.641996,28.537693
9,26.725962,24.346254,20.862206,18.436636,15.550194,13.480217,10.178506,6.129111,4.642507,0.0,5.8400326,7.346135,7.7396345,9.825655,10.400075,11.257111,15.300687,15.088179,20.464872,20.534319,24.63756,26.296835,29.58244,26.888378,28.838984,25.903002,25.33076,23.135393,16.872492,17.542747,12.958041,16.045269,9.972565,15.152842,13.735563,14.734114,18.19778,17.478363,18.000277,17.937231,15.004054,17.384808,13.441309,18.373262,13.803875,19.274712,19.301622,22.54706,25.410826,24.64033,21.549603,23.008131,20.708609,17.65772,14.161178,12.536703,13.4129715,16.990974,17.417421,20.283796,18.818727,21.663816,17.710516,20.569304,18.527773,21.408697,23.382795,23.078047,27.363789,27.492529,24.887602,27.482727,23.47774,28.01911,23.015892,25.85978,26.212906,23.663332,24.955307,25.103148,23.530657,22.461832,17.04963,18.023327,19.139015,19.51004,21.316193,23.31816,24.229994,27.796734,27.778988,32.48594,31.107733,33.970528,37.073895,37.22554,37.59846,35.295696,31.702154,34.782948,29.958849,34.617847,32.013,36.368164,41.221985,38.64893,35.48945,36.76867,30.709763,32.75036,28.94691,30.424067
10,31.254774,28.433771,25.504429,22.28885,19.664013,17.706692,14.355403,10.786396,6.9504805,5.8400326,0.0,5.5137877,8.4975,9.598838,12.639925,12.4468155,17.64672,17.30578,22.69967,23.12951,26.933949,29.365028,32.152695,29.166893,31.929045,28.36014,28.346611,25.468498,19.366312,18.613213,14.593742,15.253208,6.976332,11.424175,8.73689,9.377172,12.697217,12.384239,13.593179,14.700679,11.846807,15.993372,13.116187,19.063053,15.539475,21.597155,22.491852,25.90991,28.966917,28.844181,26.001652,27.899187,25.962862,23.169916,19.555529,17.774178,17.546125,21.213247,21.20609,23.536444,22.171011,23.631708,19.109278,21.28853,17.954407,20.938314,21.903936,21.327932,25.495419,26.677765,24.403854,26.236347,22.19023,25.720623,20.772846,24.251667,23.91044,21.256306,22.557308,22.0143,21.155403,20.748873,15.102561,16.98014,18.029272,19.73406,21.029404,24.370937,25.331034,29.163225,29.657036,34.14647,32.370808,35.76696,38.40457,38.111614,38.05984,35.74508,31.907675,34.663372,29.579485,34.31235,30.846903,35.171646,39.9048,36.711384,33.477833,34.624878,28.227373,29.838099,26.0983,26.876232
11,28.749699,25.970585,23.086117,19.57673,17.710276,14.821686,13.077607,8.842925,5.836121,7.346135,5.5137877,0.0,4.109975,4.240135,8.249404,8.822961,13.924515,14.790923,19.561443,21.150751,24.859362,27.035278,30.342794,28.05999,31.362585,28.085903,28.999357,26.458813,19.553608,19.333828,14.983525,15.834764,9.137028,11.460764,11.058358,10.273587,14.639661,15.519092,15.574427,16.104239,15.292323,18.394478,15.876665,21.464113,17.888353,23.613619,23.715572,27.20517,29.892206,29.61732,26.75395,27.954504,26.066492,22.892252,20.260157,19.394394,19.892574,23.63912,24.506397,26.8704,24.966972,27.334526,22.927963,24.88767,22.330355,24.306118,25.451025,23.998209,28.701675,29.498804,26.520712,27.747595,23.34452,26.351768,20.589848,23.269548,22.383404,19.219734,19.838638,19.328669,17.601067,17.50664,11.963332,14.291464,16.64109,17.605328,20.531675,23.692404,25.59139,29.49624,30.471338,34.985607,34.020985,37.48909,40.176598,39.89235,39.666496,36.808487,32.832836,35.183376,29.826973,34.028576,30.471134,34.31703,39.05026,36.23265,33.133987,35.239067,28.804949,31.038998,27.789392,28.973824
12,26.89706,24.592115,21.16462,18.229475,16.693434,12.825671,12.512839,6.911972,6.771339,7.7396345,8.4975,4.109975,0.0,4.003512,6.2527337,9.100519,13.056528,14.936811,19.240246,21.262655,25.090275,26.578386,30.490696,28.716297,31.684275,28.932945,29.75732,27.72626,20.60087,21.274117,16.612864,18.629324,12.764892,15.25938,15.151476,14.302371,18.687296,19.573837,19.628618,19.867289,18.998114,21.595903,18.642975,23.79588,19.723211,25.068867,24.54035,27.892097,30.34854,29.568628,26.54136,27.141676,24.93229,21.35834,19.298141,18.738377,20.268408,23.836334,24.835415,27.665634,25.796188,28.94851,24.860338,27.199066,25.10546,27.172132,28.718103,27.368343,32.139893,32.528076,29.36094,30.833883,26.400833,29.684269,23.76466,25.959719,25.152977,21.884079,22.165134,21.85837,19.47934,19.375807,14.224057,16.272985,19.095274,19.116415,22.826366,25.238327,27.369265,31.131239,31.936039,36.55782,35.96148,39.13946,42.0853,42.037212,41.998684,39.053726,35.17675,37.5847,32.298565,36.30634,33.112297,36.799843,41.559364,39.112885,36.096138,38.487686,32.179188,34.659084,31.463226,32.87849
13,26.123552,23.38117,20.68437,16.9801,15.82341,12.441696,12.155237,8.422067,6.868406,9.825655,9.598838,4.240135,4.003512,0.0,5.0340185,6.298856,10.720014,12.61378,16.629812,19.071983,22.614529,24.504433,28.166273,26.479872,30.075735,27.124012,28.694487,26.503555,19.252407,19.543285,15.193678,16.392218,11.664361,12.785309,13.999258,12.898491,17.43857,18.674913,17.862429,17.686504,18.06295,20.109436,17.807402,22.815529,19.296589,24.516893,24.002483,27.436451,29.77074,29.405537,26.620546,27.287487,25.557722,22.2728,20.502539,20.414753,21.259521,24.93903,26.51052,28.74449,26.440731,29.440866,25.223537,27.000097,25.155865,26.369858,27.7532,25.777754,30.78445,31.126179,27.660597,28.560305,24.03165,26.816416,20.673714,22.540195,21.498226,18.14167,18.267736,18.096125,15.561478,15.405309,10.394479,12.57121,15.789622,15.843437,19.972252,22.68047,25.216637,29.048101,30.31443,34.78253,34.473198,37.900192,40.62981,40.399876,40.097713,36.878773,32.896297,34.966076,29.549303,33.283234,29.889996,33.34392,38.045647,35.67034,32.72737,35.491207,29.224655,31.949442,29.069454,30.69095
14,21.251621,18.763832,15.7867565,12.397717,11.547074,7.567973,8.818259,5.9804664,7.1467276,10.400075,12.639925,8.249404,6.2527337,5.0340185,0.0,4.8942466,6.988147,9.732235,13.314296,15.850244,19.545588,20.682686,24.88901,23.689621,26.817566,24.488348,26.023293,24.47944,17.13593,18.591892,14.108523,16.961842,14.141668,15.9517355,17.716253,17.256672,21.687408,22.429083,21.176968,20.120974,20.45716,21.217188,18.463917,22.505333,18.62701,23.040424,21.701626,24.914574,26.876635,26.114708,23.31643,23.381512,21.642239,18.25297,17.337145,18.043684,19.47404,22.885195,25.13199,27.356192,24.794434,28.723045,24.994677,26.933716,26.10851,26.920124,28.952087,27.018353,32.130974,31.64845,27.855413,29.16509,24.721895,28.195034,22.13335,23.293646,22.952007,19.8855,20.052534,20.686317,17.65158,16.639835,12.452206,13.264589,16.377096,14.970807,19.705269,21.123798,23.824898,27.371311,28.403296,32.933414,33.170303,36.20272,39.21417,39.296085,39.249775,35.939766,32.173386,34.36633,29.202488,32.702637,30.102758,33.46266,38.206814,36.467327,33.650146,36.58405,30.7083,33.812607,30.962189,33.17838
15,21.393461,18.116484,16.313637,11.870603,10.750408,8.967225,8.055295,8.429908,6.728968,11.257111,12.4468155,8.822961,9.100519,6.298856,4.8942466,0.0,5.538901,6.3604107,10.744387,12.818045,16.35304,18.466976,21.905188,20.206886,23.972569,21.066107,23.15618,21.159006,13.842743,14.555752,10.503586,12.485331,11.388724,12.405341,15.258289,15.212058,19.346008,19.912365,17.813604,16.090511,17.345928,17.288008,15.19265,18.98442,15.842737,20.18187,19.209082,22.555634,24.579416,24.523232,22.068607,22.726093,21.663614,18.969463,17.737171,18.551292,18.667961,22.19744,24.849426,26.238873,23.300064,26.689184,22.813812,24.077757,23.5007,23.436771,25.317648,22.906004,28.145365,27.587841,23.60916,24.53644,20.071762,23.41309,17.377052,18.45601,18.390926,15.572029,16.169209,17.245258,14.603514,12.8442135,8.681117,8.718354,11.512475,10.3041525,14.890677,16.76703,19.587618,23.281952,24.698782,29.090967,29.319542,32.666405,35.406353,35.26471,34.982483,31.548134,27.675045,29.705845,24.445824,27.967316,25.229687,28.673601,33.447495,31.637516,28.801346,31.718018,25.920242,29.147131,26.435617,28.909742
16,16.526043,13.299186,12.010122,7.307337,7.813772,6.4243755,8.354218,10.688759,11.202945,15.300687,17.64672,13.924515,13.056528,10.720014,6.988147,5.538901,0.0,4.600573,6.3555775,9.672781,12.940954,14.062167,18.266222,17.663227,21.28629,19.29616,21.981785,20.892952,13.876482,15.85379,12.457493,15.480044,16.500488,17.277199,20.625612,20.630222,24.685194,25.198889,22.708096,20.374382,22.043253,20.781027,18.74838,21.19091,18.189608,21.179857,19.185644,22.09406,23.407705,23.062273,20.857952,20.594257,19.886965,17.370653,17.618784,19.507984,20.102428,23.145813,26.583641,27.764269,24.507475,28.729858,25.467352,26.632673,27.11687,26.369755,28.699781,26.11588,31.364605,30.005465,25.660183,26.573875,22.369297,25.804686,20.021784,19.860886,20.243929,17.806675,18.03119,19.82238,16.604774,14.320969,12.092107,10.862252,13.600389,10.379558,15.971802,16.097319,19.469305,22.646229,24.105211,28.320759,29.512705,32.44579,35.33395,35.453564,35.292286,31.592709,28.011597,29.822222,24.929785,27.721888,25.867313,28.781649,33.415047,32.488106,29.965782,33.380688,28.218075,31.89556,29.5593,32.573975
17,16.804821,12.963335,12.547946,7.5679445,6.7158146,8.252047,7.054818,11.683837,10.917728,15.088179,17.30578,14.790923,14.936811,12.61378,9.732235,6.3604107,4.600573,0.0,5.6780095,6.465489,10.182014,12.362517,15.63802,14.044815,17.802315,15.213745,17.923605,16.494432,9.517496,11.371629,8.478833,11.7822695,14.651605,15.704237,19.226652,19.949736,23.521866,23.467443,20.600536,17.65699,19.349358,17.078676,15.275564,16.975883,14.465311,17.036448,15.247081,18.228327,19.66963,19.873674,17.927124,18.38215,18.214703,16.439146,16.153214,18.022419,17.517979,20.501797,24.235533,24.718794,21.22284,25.1062,21.956474,22.697136,23.678839,22.321499,24.793734,22.180632,27.358078,25.667023,21.25856,22.374628,18.32692,22.323858,17.004272,16.93152,18.209497,16.38768,17.39113,19.578299,17.10558,14.064188,11.881693,9.563157,10.798173,7.4109488,12.009118,11.824487,14.943262,18.210047,19.652573,23.916292,24.946123,27.984606,30.808924,30.887287,30.743761,27.126131,23.555809,25.5834,20.782766,23.90145,22.34167,25.655718,30.393068,29.421007,26.826197,29.780327,24.829355,28.476036,26.025354,29.322954
18,14.312191,10.331463,11.7785225,6.9644175,8.734779,10.610858,11.768551,16.267952,16.297503,20.464872,22.69967,19.561443,19.240246,16.629812,13.314296,10.744387,6.3555775,5.6780095,0.0,5.2575097,7.1003227,8.5069685,12.314416,12.485383,16.739492,15.178965,19.15467,18.58296,12.862256,14.99494,13.399971,15.97217,19.9691,20.00821,24.173092,24.561842,28.111158,28.373062,25.079384,21.865099,24.438171,21.565096,20.366493,21.137066,19.293015,20.67253,18.287264,20.638773,21.203299,21.444767,20.069342,19.64618,20.105515,18.751581,19.781391,22.327816,22.080128,24.609837,28.806635,29.000597,25.314972,29.469532,26.759644,27.14007,28.721535,26.632174,29.099472,26.06794,31.170986,29.038887,24.382458,24.858267,21.189651,24.41935,19.414307,17.910002,19.169567,17.713005,18.10002,20.81149,17.922546,14.698713,14.567037,11.763732,13.254347,8.613458,13.988836,12.388982,16.294292,18.816624,20.731623,24.399391,26.568033,29.331259,31.981617,32.11544,31.825304,27.814026,24.552067,25.892883,21.508602,23.413542,22.526617,24.889856,29.294884,29.254675,27.113686,30.835022,26.618233,30.684193,28.912516,32.55688
19,13.864102,9.555767,11.654828,7.609797,7.826805,11.962198,11.107479,17.112951,16.795774,20.534319,23.12951,21.150751,21.262655,19.071983,15.850244,12.818045,9.672781,6.465489,5.2575097,0.0,4.1990976,6.5919976,9.269855,8.060315,11.9055395,10.064596,13.921309,13.536352,8.69817,11.456797,10.93996,14.293897,19.660788,20.516407,24.335579,25.470778,28.571564,28.128605,24.786648,21.127422,23.13959,19.23622,18.015406,17.44891,16.06983,16.251923,13.658957,15.726566,16.138119,16.781998,15.798781,15.905201,17.024954,16.615204,17.432352,20.104445,19.034687,21.147127,25.694914,25.198132,21.350948,25.432966,23.23492,23.32749,25.754087,23.171383,26.018064,23.316,28.113153,25.341024,20.742535,21.871227,18.66925,22.869873,18.762417,17.468563,19.891766,19.152817,20.344954,23.235756,21.059668,17.408957,16.865442,13.556078,13.3362875,8.987546,12.026886,8.777625,11.988675,14.195939,15.690437,19.484922,21.676098,24.208769,27.010967,27.340668,27.330505,23.547253,20.541018,22.376944,18.470175,20.758692,20.783516,23.661581,28.119005,28.185259,26.010138,28.932606,25.172613,29.07704,27.073347,31.009735
20,14.693028,10.526616,14.1078615,10.704733,11.697119,15.752626,15.305897,21.244827,20.782166,24.63756,26.933949,24.859362,25.090275,22.614529,19.545588,16.35304,12.940954,10.182014,7.1003227,4.1990976,0.0,4.780518,5.6300817,5.7040763,10.580803,9.366198,14.501372,14.553992,11.530274,13.63894,14.288994,16.592535,22.958237,23.088196,27.334614,28.42227,31.287313,30.918364,27.192762,23.26847,25.947914,21.488398,20.967794,19.652834,19.159554,18.49005,15.965118,17.435093,17.193678,18.322521,18.05088,17.982182,19.739067,19.88792,21.09564,23.912027,22.572172,24.378725,29.101793,28.12813,24.199915,27.98239,26.096212,25.658396,28.492737,25.168617,27.858341,24.824217,29.39944,26.308413,21.651716,22.156677,19.486622,23.032467,19.587467,17.330194,20.033613,19.891973,20.960321,24.200464,22.1952,18.367455,19.034697,15.382262,14.777282,10.323902,12.759153,8.488515,11.965989,13.298029,15.357338,18.346403,21.42062,23.812891,26.247982,26.503883,26.277897,22.21733,19.545881,20.741167,17.386318,18.630714,19.426708,21.611128,25.73737,26.536077,24.752668,27.993732,25.034893,29.13878,27.699072,31.903603
21,10.498083,6.76398,11.431127,9.571736,11.500828,15.489867,16.310287,22.12156,22.75576,26.296835,29.365028,27.035278,26.578386,24.504433,20.682686,18.466976,14.062167,12.362517,8.5069685,6.5919976,4.780518,0.0,5.5608916,8.15585,10.520707,11.388706,15.582639,16.79163,14.108965,17.2393,17.295124,20.649305,26.232515,26.907953,30.886301,31.883192,35.051544,34.694584,31.24381,27.477482,29.65622,25.415703,24.298695,22.904785,21.79699,20.700747,17.429749,18.37927,17.518545,17.801266,17.60962,16.410154,18.24556,18.528454,20.821222,24.13347,23.584757,24.974344,29.883972,29.194035,25.37489,29.905397,28.448969,28.459068,31.573164,28.647635,31.661001,28.987267,33.48368,30.148521,25.615372,26.579475,23.992628,27.787312,24.251503,22.055702,24.549152,24.142284,24.9088,28.053963,25.602633,22.010597,22.47242,19.125732,19.12271,14.48667,17.39955,12.933312,15.801079,16.537918,17.8159,20.640978,24.106836,25.760866,28.506927,29.18211,29.336788,25.51119,23.29867,24.599926,21.766064,22.704292,24.012497,25.905542,29.778662,30.98512,29.355688,32.6051,29.801086,33.882263,32.35949,36.549294
22,15.22111,11.904235,16.587091,14.638966,15.803806,20.27572,19.945112,26.17778,25.992414,29.58244,32.152695,30.342794,30.490696,28.166273,24.88901,21.905188,18.266222,15.63802,12.314416,9.269855,5.6300817,5.5608916,0.0,4.9553485,7.9175415,8.955695,14.196089,15.462474,14.964843,17.184841,18.73315,21.046038,28.008484,28.238749,32.431236,33.729492,36.35967,35.75327,31.929384,27.802422,30.395939,25.315998,25.01958,22.525257,22.654093,20.539652,17.765789,18.156006,16.867933,18.24037,18.930387,18.499617,21.077261,22.172865,23.979609,27.08107,25.568314,26.676394,31.667107,30.113459,26.212599,29.951294,28.861383,28.07992,31.734766,27.862894,30.698877,27.850035,31.886103,28.134756,23.728489,24.270086,22.502567,25.947418,23.585436,20.865475,24.03225,24.486403,25.596188,29.008602,27.214224,23.336256,24.477955,20.714108,19.623516,15.493833,16.62153,11.3113785,13.567841,13.186625,14.881886,16.694876,20.8752,22.42371,24.662174,25.210913,25.17209,21.252449,19.544746,20.379316,18.465763,18.583921,20.994781,22.50492,25.986748,27.76869,26.493416,29.455204,27.666061,31.69745,30.620726,35.07227
23,17.417124,13.6777725,17.352512,14.807163,14.795311,19.632683,17.888393,24.361666,23.478455,26.888378,29.166893,28.05999,28.716297,26.479872,23.689621,20.206886,17.663227,14.044815,12.485383,8.060315,5.7040763,8.15585,4.9553485,0.0,6.1842093,4.5301747,10.432241,10.87842,11.028854,12.73488,15.028682,17.100252,24.524235,25.044447,28.947634,30.618832,32.904877,31.942677,28.171068,23.952517,26.243736,20.836945,20.72489,17.776512,18.403067,16.076433,13.819067,14.429767,13.676049,15.776389,16.437899,17.124422,19.679193,20.91256,21.768286,24.4395,22.170353,23.36103,28.203508,26.294271,22.36312,25.551332,24.398043,23.331753,27.073215,22.98759,25.835186,23.125048,27.046438,23.22564,18.849752,19.748037,18.089062,22.150297,20.156845,18.031305,21.698872,22.349964,24.018488,27.3169,26.012213,22.004183,22.52696,18.701874,16.76399,13.313725,12.901696,7.1586843,8.704019,8.54794,10.363337,12.841213,16.430492,18.4847,20.817945,21.227034,21.21124,17.359053,15.294162,16.794975,14.584463,15.793287,18.02723,20.465733,24.341173,25.411545,23.788704,26.052021,24.034697,27.837626,26.424532,30.872547
24,16.68011,13.993918,17.50266,16.658316,16.266617,21.509947,19.674532,26.333775,26.158688,28.838984,31.929045,31.362585,31.684275,30.075735,26.817566,23.972569,21.28629,17.802315,16.739492,11.9055395,10.580803,10.520707,7.9175415,6.1842093,0.0,4.9123826,7.343161,10.154662,12.7758465,15.494398,17.694036,20.998714,27.844133,29.433475,32.65756,34.67268,36.92856,35.51321,32.178726,28.068243,29.251554,23.741917,22.973392,19.070454,19.468369,15.570067,12.624918,11.733658,9.647711,11.561264,13.231592,13.622329,16.926199,19.277906,20.643269,23.552055,21.37595,21.554192,26.588568,24.29098,20.588148,24.212694,24.187822,23.382603,27.99556,24.205042,27.57854,25.799961,29.112324,24.672379,20.908562,22.960617,21.887947,26.736498,25.240704,23.647058,27.5073,28.105894,29.908556,33.09143,31.712957,27.755424,27.628271,23.991121,22.027452,18.748661,17.89397,12.191243,11.777549,10.258142,9.636717,11.671768,15.537301,16.024612,18.981504,20.242523,21.15781,18.25959,17.302204,19.473167,18.53262,19.858028,22.976528,25.534239,29.085863,30.357468,28.824684,30.247808,28.664112,32.070496,30.33032,34.72801
25,18.875587,15.418354,18.260906,16.177977,15.160027,20.291874,17.48636,24.099165,23.064041,25.903002,28.36014,28.085903,28.932945,27.124012,24.488348,21.066107,19.29616,15.213745,15.178965,10.064596,9.366198,11.388706,8.955695,4.5301747,4.9123826,0.0,6.0852323,6.661448,9.139955,10.939695,13.808377,16.390388,23.693289,25.052004,28.292368,30.418188,32.417976,30.944263,27.500893,23.332907,24.703505,19.023766,18.6618,14.766968,15.707244,12.293457,10.186972,10.324256,9.636186,12.365742,13.362527,14.935378,17.674995,19.455967,19.736576,22.121803,19.263372,20.044731,24.83502,22.447443,18.58527,21.518688,20.854467,19.685146,23.973625,19.880537,23.059214,21.009802,24.518421,20.308697,16.282885,18.241713,16.989803,22.00538,20.570845,19.324379,23.324907,24.030624,26.119286,29.195934,28.194944,24.22362,23.907684,20.26738,17.788546,15.113447,13.303124,7.794007,6.9172063,6.189976,6.4354086,9.763961,12.747127,14.581601,17.379995,18.090069,18.594685,15.354213,13.536089,16.06968,14.313348,16.541,18.959417,22.117884,26.041119,26.635761,24.80627,26.045208,24.038628,27.386047,25.493977,29.858927
26,20.25753,17.541365,19.219156,18.204348,16.261007,21.372799,17.808235,24.200014,23.488152,25.33076,28.346611,28.999357,29.75732,28.694487,26.023293,23.15618,21.981785,17.923605,19.15467,13.921309,14.501372,15.582639,14.196089,10.432241,7.343161,6.0852323,0.0,4.277249,9.646591,12.001947,14.491991,18.156239,24.301554,26.946278,29.144398,31.70332,33.523674,31.48135,28.731573,24.906643,24.751568,19.313568,18.119522,13.415748,14.015243,8.937052,6.5537424,4.916146,3.8383694,7.4186707,9.066619,11.734168,14.604127,17.219736,16.997698,19.060986,15.816011,15.635143,20.370125,17.458773,13.838795,16.962358,17.378471,16.592318,21.621307,18.214365,21.94556,21.177084,24.016556,19.50206,16.370691,19.860317,18.98252,24.91737,23.80128,23.57618,27.590342,28.087206,30.420502,33.177666,32.258568,28.45545,27.114605,23.885141,21.342848,19.262533,16.955858,12.485036,10.046905,9.183593,6.2584066,9.987803,11.280731,11.896066,15.654034,17.093191,18.6021,16.696371,15.531139,19.039307,17.8855,20.90504,23.284586,26.962376,30.850975,31.001982,28.989,29.207481,27.102259,29.829365,27.305649,31.344584
27,22.441122,19.2092,20.494076,18.524437,16.191349,20.971815,16.625446,22.763433,21.199707,23.135393,25.468498,26.458813,27.72626,26.503555,24.47944,21.159006,20.892952,16.494432,18.58296,13.536352,14.553992,16.79163,15.462474,10.87842,10.154662,6.661448,4.277249,0.0,7.3655934,8.334815,11.56884,14.426737,20.859045,23.344946,25.45472,28.146854,29.677872,27.540392,24.73267,20.90171,20.78736,15.149809,14.344262,9.373354,10.784411,6.035801,5.4194746,5.7522306,7.06399,10.393722,11.02062,14.328685,16.483427,18.368307,17.137934,18.57655,14.634925,15.187236,19.50485,16.546196,12.814781,14.95305,14.559018,13.277527,18.03727,14.239499,17.861883,16.917597,19.94274,15.6446295,12.282977,15.949985,14.930149,21.093168,20.103659,20.376852,24.3976,24.964582,27.527674,30.11147,29.562782,25.844181,24.292017,21.18652,18.220293,16.923723,13.707413,10.235663,7.076965,7.3894944,5.078425,9.756914,9.624765,11.792867,15.159055,15.960473,17.021757,14.941163,12.989514,16.822407,14.979049,18.810415,20.412777,24.553991,28.657385,28.17724,25.9208,25.882675,23.368393,25.936638,23.206745,27.158262
28,19.24465,15.583589,15.825515,12.784755,10.070283,14.264404,9.706674,15.8715315,14.297531,16.872492,19.366312,19.553608,20.60087,19.252407,17.13593,13.842743,13.876482,9.517496,12.862256,8.69817,11.530274,14.108965,14.964843,11.028854,12.7758465,9.139955,9.646591,7.3655934,0.0,4.758035,5.071145,9.928035,15.282571,17.922651,20.328789,22.541258,24.8911,23.358727,20.608902,17.021757,17.180492,12.758006,10.836528,9.237244,7.7807775,7.8301263,6.3377924,9.450639,11.502869,12.812353,11.50387,13.922087,14.77472,14.939088,13.47238,15.009085,12.110821,14.290756,18.52652,17.370974,13.512396,16.877556,14.623189,14.697548,17.483997,15.149273,18.490978,16.837843,21.249378,18.37298,14.29247,17.151396,14.1987095,20.14512,16.985037,17.625793,20.730122,20.289358,22.512024,24.85469,23.719765,20.239046,17.95801,15.176225,13.250383,11.52355,10.577406,8.605582,8.565679,11.4606495,11.482034,16.191813,16.29212,19.080082,22.199024,22.571836,23.016289,20.185139,17.087074,20.299742,16.526245,20.634132,20.461605,24.687904,29.336264,28.32624,25.688543,26.847109,22.771929,25.803675,22.812399,26.469507
29,23.618353,19.727974,20.169039,16.531954,14.009131,17.490343,12.58694,17.796305,14.840952,17.542747,18.613213,19.333828,21.274117,19.543285,18.591892,14.555752,15.85379,11.371629,14.99494,11.456797,13.63894,17.2393,17.184841,12.73488,15.494398,10.939695,12.001947,8.334815,4.758035,0.0,4.84059,6.1661735,13.169475,15.042523,17.592772,20.06223,21.769491,20.07179,16.933252,13.051978,13.797856,8.552403,8.047557,6.368496,7.0640907,8.237302,9.088949,12.060241,14.411898,16.504057,15.510916,18.41374,19.249498,19.32456,17.168516,17.908834,14.261128,16.695395,20.185743,18.62314,15.033026,16.640608,13.747992,12.806609,15.008545,11.782526,14.581307,12.320694,16.971182,14.508328,10.207686,12.707604,9.530394,15.661473,12.964862,14.236051,17.537134,17.517576,20.173477,22.374796,22.004196,18.577057,16.41615,13.684224,10.637406,10.578139,7.3554087,7.5915895,6.8636675,10.561727,11.395384,15.736691,14.950882,18.631607,21.112,20.884932,20.819296,17.960546,14.361736,17.527813,13.265934,18.015575,17.049965,21.688425,26.377888,24.738348,21.919666,22.66124,18.33316,21.163185,18.066492,21.72581
30,22.043814,18.35312,17.661047,13.923722,10.995272,13.506441,8.251194,12.980546,10.118724,12.958041,14.593742,14.983525,16.612864,15.193678,14.108523,10.503586,12.457493,8.478833,13.399971,10.93996,14.288994,17.295124,18.73315,15.028682,17.694036,13.808377,14.491991,11.56884,5.071145,4.84059,0.0,6.416101,10.244624,13.214875,15.358056,17.524376,20.013159,18.638933,16.104431,12.933533,12.873985,9.71248,7.2573223,8.7837925,6.2732534,9.974927,10.011753,13.513051,16.09909,17.095245,15.201479,17.60686,17.536148,16.628723,14.190547,14.757357,12.067575,15.220825,18.454111,18.119059,14.725141,17.338333,13.848199,14.319347,15.339286,14.02512,16.773518,14.953262,19.844555,18.193752,14.294911,16.735298,12.939701,18.536934,14.453241,16.162022,18.463343,17.430809,19.686073,21.491034,20.513939,17.488588,14.188933,12.160908,10.595995,10.222903,9.775694,10.68992,11.28809,14.942485,15.507033,20.090887,19.396418,22.72388,25.530037,25.500463,25.594519,22.786469,19.181145,22.199942,17.618523,22.173262,20.598726,25.065155,29.889711,28.063738,25.12021,26.361488,21.305424,24.119873,20.793465,23.915106
31,27.178835,23.148855,23.125587,18.735699,16.488285,18.44013,13.827717,17.20028,12.919732,16.045269,15.253208,15.834764,18.629324,16.392218,16.961842,12.485331,15.480044,11.7822695,15.97217,14.293897,16.592535,20.649305,21.046038,17.100252,20.998714,16.390388,18.156239,14.426737,9.928035,6.1661735,6.416101,0.0,8.742113,9.07596,12.248901,14.475564,16.059072,14.852161,11.214121,7.254905,9.627758,5.918706,6.8927374,9.270934,9.652784,13.386866,14.79298,17.993698,20.520554,22.355349,20.94874,23.619694,23.852036,23.03998,20.455658,20.556837,17.388807,20.514462,23.080942,22.27095,19.172918,19.939249,15.98918,15.148194,15.021584,12.634269,13.946488,10.732817,16.05175,15.479585,11.557577,12.3103895,7.8917913,12.592199,8.36501,11.117096,13.265253,12.7280855,15.541925,17.159391,17.323046,14.429997,11.714266,9.796162,6.5974402,9.126017,6.365442,10.592932,11.2696085,15.229953,16.90399,20.759676,19.610765,23.774885,25.688429,24.907373,24.219433,21.231165,17.159054,19.526527,14.33984,19.11826,16.167944,20.827417,25.615862,22.982439,19.843567,20.996115,15.370121,18.103264,14.879585,17.950115
32,30.333559,26.849941,25.127256,21.140272,18.510145,18.20864,13.797881,13.471146,8.268804,9.972565,6.976332,9.137028,12.764892,11.664361,14.141668,11.388724,16.500488,14.651605,19.9691,19.660788,22.958237,26.232515,28.008484,24.524235,27.844133,23.693289,24.301554,20.859045,15.282571,13.169475,10.244624,8.742113,0.0,6.139252,5.412233,7.795927,10.347842,9.339556,8.3081045,8.048849,6.4296856,9.556567,7.872892,13.879267,11.751057,17.660566,19.142302,22.623934,25.658577,26.455814,24.155956,26.612505,25.580841,23.620644,20.131939,18.97908,17.022356,20.700241,21.66767,22.525034,20.444435,21.16384,16.433,17.319563,14.502459,15.735388,16.4536,14.953916,19.571405,20.649511,18.066498,19.394335,15.289236,18.808563,14.111704,17.861462,18.060862,16.041208,18.069395,18.09243,17.995523,16.759968,11.676796,12.586459,12.233176,14.864683,14.7689495,18.794134,19.54982,23.459824,24.409773,28.611599,26.797155,30.623812,32.854973,32.244095,31.855042,29.397215,25.446012,28.001448,22.8826,27.682344,24.094,28.56234,33.26004,29.983084,26.726723,27.69267,21.367476,23.113789,19.404917,20.692236
33,32.43367,28.618553,27.668797,23.026081,21.167967,20.858053,17.382095,17.40359,12.351329,15.152842,11.424175,11.460764,15.25938,12.785309,15.9517355,12.405341,17.277199,15.704237,20.00821,20.516407,23.088196,26.907953,28.238749,25.044447,29.433475,25.052004,26.946278,23.344946,17.922651,15.042523,13.214875,9.07596,6.139252,0.0,5.5281796,6.063547,8.295349,9.060847,5.8552833,5.602181,8.821539,11.153098,11.852213,16.931343,16.167553,21.397697,22.830692,26.263584,28.993782,30.267464,28.29233,30.568722,29.961473,28.07654,25.176281,24.54555,22.510168,26.143513,27.538399,27.960016,25.555449,25.9796,21.333187,21.271444,18.644583,18.444427,18.261393,15.398804,20.144997,21.715633,18.871796,18.445158,14.229205,15.603701,10.283987,14.051565,13.061665,10.821195,12.769953,12.36422,13.085879,12.335547,8.039468,9.623465,9.4633665,13.325979,13.462094,18.637762,20.134706,24.090569,25.9735,29.713804,28.339958,32.609943,34.303585,33.25467,32.251053,29.3388,25.169579,26.847672,21.409807,25.620228,21.07854,25.032562,29.53564,25.94585,22.751766,24.441183,17.832617,19.80619,16.869717,18.014898
34,35.382065,31.836967,30.178713,26.01456,23.638424,22.912153,18.981472,17.739353,12.646084,13.735563,8.73689,11.058358,15.151476,13.999258,17.716253,15.258289,20.625612,19.226652,24.173092,24.335579,27.334614,30.886301,32.431236,28.947634,32.65756,28.292368,29.144398,25.45472,20.328789,17.592772,15.358056,12.248901,5.412233,5.5281796,0.0,3.607321,4.9607887,4.7480125,5.133583,7.7846303,6.7629647,11.996095,11.8516865,17.716301,16.476528,22.258692,24.177761,27.587057,30.667215,31.673603,29.454098,32.008366,30.951815,28.911358,25.316584,23.857288,21.909569,25.496492,25.848873,26.717443,25.012812,24.797152,19.99447,20.489216,16.56557,18.098764,17.583002,16.046349,20.04414,22.368076,20.44991,20.879734,17.10575,19.004427,14.770154,19.04025,18.261477,16.20793,18.0363,17.081175,17.894218,17.654667,12.891994,14.820456,14.608266,18.20971,17.807203,22.677008,23.434513,27.319057,28.568296,32.444923,30.30853,34.385002,36.191723,35.23492,34.50828,32.177658,28.175037,30.323034,25.187748,29.839558,25.463335,29.703691,34.126865,30.211884,26.962065,27.721037,21.17426,22.219233,18.711828,18.848648
35,36.2105,32.72315,30.9734,26.691422,24.682728,23.33035,20.172083,18.181366,13.383971,14.734114,9.377172,10.273587,14.302371,12.898491,17.256672,15.212058,20.630222,19.949736,24.561842,25.470778,28.42227,31.883192,33.729492,30.618832,34.67268,30.418188,31.70332,28.146854,22.541258,20.06223,17.524376,14.475564,7.795927,6.063547,3.607321,0.0,4.558169,6.8027287,7.2140465,10.029143,10.332225,15.175453,15.057198,20.913158,19.451035,25.268446,26.849573,30.333185,33.304123,34.165462,31.842094,34.072464,32.888756,30.533112,27.225664,25.919325,24.50338,28.195639,28.613895,29.802797,28.036352,28.197315,23.389612,24.002348,20.149487,21.603,21.038866,19.186129,23.243227,25.624018,23.499075,23.461319,19.545826,20.677727,15.964605,19.874636,18.283154,15.736904,16.97319,15.437396,16.122053,16.652401,11.918603,14.679158,15.400366,18.890486,19.450003,24.444448,25.737392,29.696012,31.21516,35.10532,33.297817,37.43458,39.234505,38.237274,37.37723,34.7977,30.700478,32.547577,27.226278,31.544079,26.852049,30.722885,35.0698,31.150908,27.984371,29.31404,22.671377,23.875406,20.80578,20.757427
