,0,1,2,3,4,5,6,7,8,9,10,11,12,13,14,15,16,17,18,19,20,21,22,23,24,25,26,27,28,29,30,31,32,33,34,35,36,37,38,39,40,41,42,43,44,45,46,47,48,49,50,51,52,53,54,55,56,57,58,59,60,61,62,63,64,65,66,67,68,69,70,71,72,73,74,75,76,77,78,79,80,81,82,83,84,85,86,87,88,89,90,91,92,93,94,95,96,97,98,99,100,101,102,103,104,105,106,107
0,0.0,4.1965714,6.433686,9.963166,13.232038,14.540438,18.164385,20.82956,24.095346,26.346157,29.888773,32.104774,35.64741,37.174534,33.754597,30.262814,28.573242,26.35517,24.537777,24.040686,22.205614,23.755556,19.64503,23.992556,26.94421,27.696085,30.014967,32.797703,32.923004,37.39985,34.55171,41.544716,39.172047,42.375954,38.628,34.28644,34.90408,38.180065,34.13266,30.86075,33.678886,34.65689,30.390816,28.599367,32.90143,31.57622,26.389587,27.672625,30.958035,33.22453,35.571846,30.830711,36.69343,38.838615,37.716766,37.711,35.256275,38.263355,41.856205,40.194153,38.602303,43.55062,47.37857,48.3168,44.553677,43.434254,48.34681,47.99474,42.924408,45.212208,48.14397,45.87838,42.200943,45.089775,41.698364,44.651367,41.487137,38.099133,37.97348,34.18338,31.40388,29.881594,26.592882,27.345148,29.325127,28.252224,32.291374,33.561394,37.710155,39.91232,44.24776,46.11987,47.873432,44.666046,41.20643,39.5221,35.877987,34.705727,31.651033,28.351322,26.88873,23.043447,21.968779,24.061142,26.525898,29.929214,32.951626,36.90604
1,4.1965714,0.0,5.2286854,6.4892163,10.272716,12.903123,15.279295,18.886143,21.864477,24.311167,27.892336,30.09082,33.467197,34.798363,30.92555,27.444416,25.585962,23.058111,21.401976,20.305891,18.435898,19.82961,15.516819,20.18321,23.107391,24.115835,26.346106,29.35645,29.591969,34.060513,31.504456,38.512688,36.672615,39.829678,35.858543,31.594702,32.626396,35.745327,31.434523,28.307537,31.582273,32.103077,27.678333,26.474977,30.902914,29.04729,23.860453,25.989874,29.190239,31.600885,33.39162,28.59889,34.66005,36.661594,35.15319,34.750164,32.266018,35.0172,38.87662,37.53616,35.530907,40.38281,44.233006,45.42165,41.67802,40.28597,45.034214,44.551815,39.439453,41.74201,44.49502,42.14506,38.49874,41.315693,38.10818,41.023052,37.812016,34.574394,34.558468,30.954836,28.202223,27.04567,23.431871,23.959848,26.00696,24.530622,28.70026,29.653215,33.79854,35.988937,40.33153,42.217346,44.02659,40.75777,37.341763,35.557407,32.02321,30.663692,27.820263,24.443886,23.10482,19.38567,18.102268,19.966217,22.420444,25.759218,28.774729,32.745304
2,6.433686,5.2286854,0.0,5.198256,7.348982,8.5965395,12.229907,14.526888,18.033504,20.008488,23.682917,25.751812,29.333176,30.77921,27.426914,24.066576,22.342468,20.47638,18.50151,18.700579,17.259466,19.426092,15.782479,18.975786,21.785872,22.113447,24.488081,26.91507,27.079952,31.450457,28.755116,35.639706,33.095062,36.58335,33.08949,28.624271,29.368689,33.022026,29.11443,25.673403,28.84411,30.37638,25.96742,24.27453,28.964062,28.23454,22.939623,24.462898,28.307838,30.09271,32.205578,28.482384,34.300434,35.840824,34.894577,34.71681,31.657772,34.67474,38.59434,36.469902,34.30265,39.57116,43.160004,44.02253,39.894234,38.60218,43.623158,43.03659,38.16916,41.025597,43.674843,41.15378,37.86405,41.3154,37.983864,41.446445,38.55944,35.11032,35.899727,31.87179,29.651396,28.838781,25.050303,24.830736,26.03632,25.068777,28.19438,29.222185,33.22126,35.1042,39.4055,41.057205,42.887928,39.927757,36.322838,34.935238,31.328758,30.654085,27.791103,25.243193,24.576761,21.0148,20.14184,21.745943,22.893524,26.651436,29.144014,33.044476
3,9.963166,6.4892163,5.198256,0.0,4.0789795,8.412847,9.113569,13.30676,16.115044,18.476307,22.118538,24.181181,27.434183,28.582977,24.497738,21.098042,19.122295,16.635513,15.050353,14.089869,12.687407,14.686907,10.620767,14.3301525,17.084476,17.885365,20.060392,22.916773,23.220955,27.62511,25.338835,32.272587,30.59702,33.94691,30.072758,25.759804,27.14967,30.477942,26.161158,22.992096,26.823147,27.569986,22.963202,22.218372,26.991844,25.419573,20.217068,22.985546,26.568811,28.581684,29.862991,26.043243,32.060917,33.430298,31.920303,31.182404,28.134394,30.758022,35.02445,33.415356,30.690948,35.777756,39.41195,40.644176,36.593597,34.915855,39.682335,38.932167,33.978275,36.80933,39.22826,36.60873,33.32654,36.644245,33.569458,36.947746,33.99519,30.77024,31.689772,27.96017,25.805504,25.51143,21.357302,20.78707,22.060944,20.505373,23.804432,24.37349,28.389233,30.290176,34.62015,36.3271,38.221195,35.1424,31.599174,30.045507,26.572643,25.62021,23.044462,20.415321,19.983797,16.700163,15.597041,16.794722,17.76559,21.472383,23.962719,27.875961
4,13.232038,10.272716,7.348982,4.0789795,0.0,5.4467034,5.205434,9.34885,12.08361,14.44012,18.04632,20.1503,23.37273,24.605654,20.751616,17.19959,15.459905,13.174146,11.987902,11.690671,11.325395,14.020417,10.525479,12.692957,14.993258,15.371546,17.237825,19.713783,19.780882,24.197834,21.686878,28.577547,26.613546,30.092224,26.431969,22.019444,23.371439,26.965683,22.854214,19.53614,23.47857,24.761578,20.165623,19.347006,24.29547,23.406027,18.271378,20.901033,24.836021,26.382734,27.613066,24.727049,30.489021,31.410238,30.218334,29.543768,26.058283,28.792963,33.122944,31.013084,28.057596,33.40205,36.818844,37.86324,33.56106,31.902218,36.821354,36.001472,31.232868,34.454365,36.784935,34.076996,31.062334,34.8517,31.701027,35.492416,32.85098,29.500584,31.123203,27.130991,25.51652,25.625998,21.402632,20.115248,20.58141,19.485233,21.756697,22.430912,26.282984,27.98462,32.24885,33.83476,35.655148,32.811146,29.151155,27.934284,24.374033,24.072605,21.435879,19.662508,19.884804,16.948029,16.359974,17.332067,16.941284,20.97686,23.03197,26.704493
5,14.540438,12.903123,8.5965395,8.412847,5.4467034,0.0,6.162909,6.6784587,9.736681,12.151586,15.399139,17.913212,21.294664,23.167025,20.619305,16.65944,15.972035,14.39684,14.043648,15.025217,15.695641,18.744797,15.555896,16.775919,18.47145,18.267347,19.50113,21.19556,20.518665,24.918846,21.324764,28.055689,24.881447,28.334925,25.201849,20.653595,21.041458,25.048086,21.621656,17.94054,20.983004,23.535002,19.313313,17.21916,22.12492,22.775818,17.71207,18.701311,23.184288,24.069317,26.171015,24.214111,29.460064,30.188444,29.919426,29.994009,26.233,29.529667,33.370644,30.275223,27.96532,33.628,36.814255,37.23833,32.755543,31.690664,36.991283,36.450516,31.947666,35.30855,37.96225,35.481262,32.571293,36.769226,33.190605,37.335804,35.062374,31.328182,33.31409,28.756565,27.542578,27.39109,23.593876,22.187712,21.94218,22.071169,23.350767,24.947855,28.605871,30.279455,34.367626,35.9199,37.40289,34.873344,31.151722,30.40467,26.547802,27.138725,23.905634,22.864511,23.1846,20.178766,20.330872,21.820114,20.844795,25.150377,27.09615,30.380621
6,18.164385,15.279295,12.229907,9.113569,5.205434,6.162909,0.0,6.1974425,7.401539,10.341193,13.510087,15.855248,18.697382,20.037853,16.335169,12.242385,11.157938,8.609807,9.3326845,9.107476,10.828715,13.912233,11.126897,11.453924,12.590689,12.707998,13.44693,15.546767,15.009836,19.540472,16.553288,23.450237,21.488361,24.907156,21.290974,16.855658,18.384243,22.062153,18.067337,14.725665,19.001509,20.574837,16.038713,15.546221,20.574188,20.239002,15.473294,18.27464,22.351019,23.379469,24.196718,22.50175,27.843513,28.160131,27.194773,26.464373,22.526087,25.254519,29.655424,27.121035,23.79857,29.33771,32.492558,33.399754,28.880527,27.18437,32.2025,31.329445,26.763063,30.35555,32.585423,29.846735,27.11251,31.378899,28.17479,32.390068,30.161095,26.73665,29.199242,25.033285,24.15747,24.860064,20.677155,18.497255,17.901161,17.39385,18.24119,19.106407,22.68487,24.222124,28.350788,29.883177,31.497042,28.90721,25.174885,24.36557,20.684866,21.242868,18.501303,17.921091,18.962524,16.69471,16.795687,17.488676,15.428666,19.69412,21.260948,24.414661
7,20.82956,18.886143,14.526888,13.30676,9.34885,6.6784587,6.1974425,0.0,4.746286,5.532695,9.2231865,11.320411,14.83782,16.565271,14.431474,10.908216,10.500377,10.485269,10.279753,13.110851,14.83363,18.217306,16.769478,15.338529,16.165436,14.948594,15.941048,16.440205,15.800069,19.668245,16.536629,22.722164,19.097042,23.191511,20.79217,16.168497,16.786432,21.488699,18.695309,14.993689,18.471573,21.981464,18.046482,16.469465,21.371265,23.020098,18.668062,19.816122,24.44436,24.465042,25.959642,25.755175,30.374958,30.178225,30.174786,29.971876,25.63302,28.628164,32.69889,29.114618,25.9842,31.813086,34.44515,34.73502,29.81385,28.482227,33.749527,32.80518,28.868837,33.043198,35.091133,32.271076,30.188086,35.03936,31.791328,36.426956,34.66254,31.144035,34.17273,29.748672,29.337477,30.023678,26.11569,23.728664,22.39771,22.657696,22.225142,23.194574,26.221704,27.18519,30.976643,32.05832,33.636513,31.644745,27.865517,27.70187,24.236792,25.642225,23.127447,23.421425,24.775475,22.648626,22.95535,23.558659,20.944038,25.077072,25.965567,28.850239
8,24.095346,21.864477,18.033504,16.115044,12.08361,9.736681,7.401539,4.746286,0.0,4.7871146,6.4721365,9.633943,12.172853,14.3238125,12.5918455,7.853072,9.235141,8.603124,11.289343,12.915835,16.022718,19.210648,17.605333,15.9801235,15.758101,14.856113,14.17855,14.450297,12.664014,16.70581,12.381727,18.675886,15.1470995,18.791018,16.145739,11.518671,12.162447,16.764957,14.044913,10.371103,14.026235,17.629072,13.958723,12.67695,17.41157,19.435955,15.693203,16.901628,21.356003,21.013762,22.055622,22.775791,26.916258,26.282946,26.447666,26.281883,21.758053,24.756277,28.675568,24.813004,21.62839,27.497988,29.953726,30.100502,25.131336,23.923944,29.27584,28.487469,24.676208,28.877676,31.044882,28.438911,26.409859,31.449657,28.06404,32.89131,31.477936,27.893866,31.392572,26.885036,27.035725,28.053858,24.404593,21.564371,19.491247,20.434412,18.922056,20.437681,23.176937,24.221636,27.803556,29.031614,30.189676,28.347948,24.641224,24.791058,21.142714,23.265291,20.427555,21.567326,23.282015,21.642448,22.523062,23.192307,19.799162,23.944845,24.747906,27.01996
9,26.346157,24.311167,20.008488,18.476307,14.44012,12.151586,10.341193,5.532695,4.7871146,0.0,4.3080645,5.8095245,9.371905,11.139449,10.116594,7.273485,8.03542,9.946967,10.613242,14.325535,16.887243,20.156591,19.858494,16.816828,16.646103,14.725237,14.972037,14.048429,13.162628,16.16757,13.360556,18.564375,14.308208,18.93937,17.48913,13.104881,13.748434,18.885794,17.034082,13.682366,17.054976,21.307384,18.023035,16.899868,21.316769,23.838776,20.374575,21.371027,25.84835,25.136969,26.142775,27.421644,31.306688,30.359537,30.68371,30.37819,25.738382,28.436068,32.452213,28.452358,24.872707,30.650925,32.691986,32.756016,27.573551,26.1586,31.302542,30.095499,26.837303,31.582441,33.13622,30.172941,28.873837,34.183247,31.214178,36.16615,34.92787,31.618364,35.4094,31.134842,31.396576,32.61813,28.840199,25.868261,23.718609,24.279936,22.387281,23.009186,25.297855,25.63601,28.976858,29.641632,31.138313,29.733505,26.03774,26.493233,23.445704,25.65218,23.687553,25.10182,27.11868,25.672503,26.204746,26.328705,22.647738,26.471508,26.548246,28.863188
10,29.888773,27.892336,23.682917,22.118538,18.04632,15.399139,13.510087,9.2231865,6.4721365,4.3080645,0.0,3.9279616,6.143652,8.934966,9.942483,6.9740577,9.728803,11.620579,13.8920765,16.919344,20.16673,23.275537,22.909773,19.791119,18.94053,17.147482,16.193312,14.65199,12.783287,15.253759,11.490328,15.821563,10.615914,15.136288,14.391276,10.365443,10.320648,15.654834,14.798319,11.813416,14.423758,19.375113,16.875763,15.697909,19.466316,22.907902,20.243492,20.650974,24.924011,23.58588,24.446653,26.91028,30.04209,28.593704,29.412231,29.353502,24.617636,27.31507,30.938265,26.424131,23.048473,28.749788,30.366394,30.024706,24.76738,23.696531,28.870079,27.818697,25.053043,29.888657,31.457582,28.746325,27.764305,33.283836,30.238066,35.362114,34.575485,31.241856,35.449398,31.106884,31.885616,33.270836,29.8409,26.62438,23.866642,25.119186,22.219711,23.310143,25.118631,25.342546,28.270878,28.892538,29.943905,28.930424,25.404972,26.329544,23.305655,26.236135,24.107721,26.253428,28.483782,27.36553,28.3246,28.56059,24.416008,28.15522,28.080559,29.812185
11,32.104774,30.09082,25.751812,24.181181,20.1503,17.913212,15.855248,11.320411,9.633943,5.8095245,3.9279616,0.0,4.1439896,6.013731,8.125141,7.6846437,9.59219,12.91541,13.947492,17.955097,20.837013,23.851156,24.43888,20.376505,19.471306,17.076532,16.696655,14.303866,13.310713,14.679575,12.720733,15.814138,10.615673,15.841161,16.031815,12.550451,12.945808,18.118393,17.658785,15.077967,17.766066,22.587479,20.218758,19.46614,23.084917,26.410772,23.860996,24.536734,28.73402,27.340721,27.951736,30.571823,33.651226,32.022156,32.73103,32.400436,27.642338,29.98244,33.769817,29.411274,25.59855,31.096622,32.410748,32.161217,26.850882,25.462778,30.287676,28.82638,26.51818,31.721395,32.69543,29.673172,29.302353,34.934563,32.323647,37.46669,36.785366,33.746136,38.146854,34.078983,34.91453,36.525993,32.942356,29.599163,26.85035,27.675926,24.598139,24.881838,26.31245,25.954779,28.64002,28.775932,30.133072,29.473955,26.024897,27.147419,24.69273,27.581709,26.212494,28.5247,31.002535,30.091654,30.77669,30.549185,26.17577,29.598284,28.942698,30.652767
12,35.64741,33.467197,29.333176,27.434183,23.37273,21.294664,18.697382,14.83782,12.172853,9.371905,6.143652,4.1439896,0.0,3.6051805,8.120734,8.302682,11.227792,14.326224,16.499207,19.775837,23.170942,25.939983,26.664162,22.402454,20.867603,18.639805,17.249853,14.316562,12.715523,13.107446,11.149007,12.605616,6.9444513,12.300635,13.45233,10.920511,11.310669,16.010658,16.426891,14.625865,16.873621,21.60759,19.959827,19.708796,22.638447,26.223537,24.460875,25.12558,28.917799,27.171745,27.266632,30.762466,33.222946,31.12334,31.989212,31.606106,26.86907,28.904255,32.44759,27.97205,24.053621,29.235846,30.063606,29.637043,24.346132,23.004574,27.568035,26.054304,24.369377,29.709324,30.406347,27.514341,27.655096,33.402245,30.97827,36.184135,35.931496,33.076504,37.864353,33.974525,35.27265,37.176838,33.838818,30.244823,27.050379,28.185535,24.251545,24.560017,25.389652,24.751602,26.933609,26.904905,27.922579,27.715973,24.520592,26.090284,23.923952,27.351587,26.176016,29.148386,31.897734,31.42808,32.36293,32.026688,27.199137,30.363115,29.41022,30.531807
13,37.174534,34.798363,30.77921,28.582977,24.605654,23.167025,20.037853,16.565271,14.3238125,11.139449,8.934966,6.013731,3.6051805,0.0,6.2811427,8.853419,10.823892,14.614232,16.081078,19.639717,22.799818,25.328741,26.85331,21.878927,20.170141,17.624033,16.530018,12.975284,12.2772455,11.537984,11.760068,12.221625,8.139167,13.556727,14.868984,12.786188,14.033799,18.269941,18.471302,16.979822,19.738998,23.837849,22.084759,22.4468,25.429111,28.433422,26.69938,27.977552,31.643137,30.095268,29.765743,33.085068,35.679115,33.521557,34.00649,33.19592,28.509115,30.103048,33.92156,29.89684,25.422995,30.332726,31.007391,30.913568,25.686064,23.835255,27.941244,25.96969,24.57524,30.169971,30.249344,27.017471,27.67529,33.405643,31.478811,36.605682,36.38329,33.88299,38.78255,35.25918,36.57351,38.749374,35.246944,31.531336,28.416529,29.028913,25.037823,24.48576,24.959488,23.792414,25.758753,25.29757,26.66631,26.706938,23.615534,25.283037,23.714634,26.982876,26.591162,29.67762,32.661903,32.471752,33.15062,32.339447,27.30322,30.081007,28.589762,29.628181
14,33.754597,30.92555,27.426914,24.497738,20.751616,20.619305,16.335169,14.431474,12.5918455,10.116594,9.942483,8.125141,8.120734,6.2811427,0.0,5.576323,5.492799,9.632445,10.697717,13.931762,16.987967,19.281767,21.307142,15.900283,14.065358,11.432509,10.706153,7.132352,7.861676,7.838594,9.920654,12.509445,11.186347,16.164202,15.414944,12.655071,15.3857565,19.314552,17.84609,16.185217,20.375547,23.10358,20.457006,21.669067,25.277256,26.733694,24.50095,27.079494,30.646885,29.92319,29.13535,31.198545,34.602005,32.888603,32.43683,30.974989,26.40856,27.674383,32.16888,29.100756,23.930086,28.8478,30.126558,30.854313,25.738749,23.111433,27.118467,24.841791,22.579092,28.133688,28.073835,24.396175,24.659712,30.15484,28.495241,33.411453,32.702362,30.425402,35.033047,31.862703,32.811897,35.16133,31.312336,27.618961,24.981249,24.647747,21.341282,19.819141,20.627441,19.47425,22.04491,21.740602,23.752031,23.13459,19.74761,20.85231,19.400225,21.95768,22.1461,24.842218,27.911413,27.8772,28.156717,26.877224,21.84471,24.400805,22.738455,24.15861
15,30.262814,27.444416,24.066576,21.098042,17.19959,16.65944,12.242385,10.908216,7.853072,7.273485,6.9740577,7.6846437,8.302682,8.853419,5.576323,0.0,4.39121,6.0921135,9.918096,11.720404,15.621675,18.253841,18.677038,14.695135,12.9714155,11.375789,9.469129,7.810837,6.04621,9.093045,6.8537216,12.259516,10.308783,14.654323,12.488483,8.634319,11.372149,15.488642,13.24717,11.030879,15.559334,18.248137,15.245662,16.208729,20.071571,21.51111,19.054956,21.5379,25.176765,24.590637,24.040174,25.84464,29.404423,27.935083,27.581917,26.45674,21.79985,23.634544,28.015875,24.683363,19.97092,25.365005,27.148901,27.735046,22.582247,20.370121,25.07646,23.442085,20.342804,25.464806,26.413591,23.19846,22.391996,27.863298,25.417591,30.4331,29.526695,26.704426,31.108404,27.435913,28.303488,30.36403,26.64196,23.03235,20.303705,20.578957,17.425745,17.22662,18.817549,18.743977,21.850647,22.444536,23.890093,22.637823,19.00524,19.776548,17.149097,19.90098,18.720022,21.23799,24.015717,23.644285,24.341528,23.76955,18.944963,22.20012,21.565723,23.119316
16,28.573242,25.585962,22.342468,19.122295,15.459905,15.972035,11.157938,10.500377,9.235141,8.03542,9.728803,9.59219,11.227792,10.823892,5.492799,4.39121,0.0,4.8327703,5.8623734,8.922757,12.07244,14.7240925,16.086878,11.2019,9.925156,7.6007123,7.665935,6.330633,7.22435,9.98252,10.307611,15.415011,14.264443,18.773514,16.528282,12.806318,15.68652,19.680285,16.927649,14.608222,19.466528,21.617283,18.09674,19.210546,23.460112,24.060568,21.037695,24.12711,27.838604,27.751188,27.216465,28.03639,32.19071,31.089056,30.226484,28.725672,24.253723,25.839586,30.613693,27.909966,22.918715,28.146317,30.171902,31.187468,26.181686,23.574024,27.960476,26.013891,22.700752,27.765347,28.367579,24.78638,23.973335,29.15169,27.091135,31.841154,30.536493,27.976778,32.01601,28.660894,29.060968,31.122107,27.0249,23.602911,21.53438,20.787384,18.652075,17.351025,19.209478,18.91495,22.319065,22.70035,24.810137,23.30076,19.597187,19.887152,17.673939,19.467354,19.060755,20.884516,23.616264,23.156166,23.237013,22.145044,17.580664,20.62087,19.7024,21.883503
17,26.35517,23.058111,20.47638,16.635513,13.174146,14.39684,8.609807,10.485269,8.603124,9.946967,11.620579,12.91541,14.326224,14.614232,9.632445,6.0921135,4.8327703,0.0,6.6615257,5.836706,10.192351,12.709454,12.666171,9.235774,7.7093625,7.2650504,5.643935,7.120344,6.659528,11.061441,9.686648,16.085459,15.83233,19.346743,15.816254,11.99422,15.165724,18.422659,14.633539,12.356783,17.665052,18.626081,14.645782,16.295645,20.64699,20.168432,16.964882,20.832985,24.235981,24.69247,23.88432,23.891037,28.4014,27.646807,26.318014,24.65807,20.359085,22.007689,26.92376,24.703094,19.810387,25.050724,27.590609,28.891914,24.158232,21.54722,26.053532,24.461779,20.398916,24.904463,26.075115,22.770144,21.066372,25.930212,23.527739,28.12492,26.5081,23.752037,27.494972,24.065838,24.291979,26.32861,22.20232,18.79909,16.924911,16.048794,14.445953,13.63503,16.228323,16.83297,20.702581,21.807596,23.622196,21.460455,17.66431,17.412401,14.4366255,15.930712,14.739107,16.252035,18.872787,18.400434,18.674227,17.859724,13.30267,16.776766,16.672117,18.965963
18,24.537777,21.401976,18.50151,15.050353,11.987902,14.043648,9.3326845,10.279753,11.289343,10.613242,13.8920765,13.947492,16.499207,16.081078,10.697717,9.918096,5.8623734,6.6615257,0.0,6.233492,7.170573,10.166278,12.067284,6.9814878,7.678515,5.2694807,8.880311,9.605499,11.738714,14.668856,15.470283,20.96955,20.076868,24.486626,21.777393,17.84814,20.591446,24.518665,21.07216,18.438988,23.464035,25.073853,20.934015,21.85959,26.554602,26.212976,22.38715,25.935547,29.726488,30.327068,30.080374,29.452726,34.38446,33.93666,32.575027,30.89274,26.751125,28.348667,33.377678,31.297861,26.448914,31.594944,34.1137,35.487038,30.705086,27.985224,32.2679,30.33699,26.517338,31.12322,31.826067,28.165884,26.835848,31.436722,29.48278,33.794785,31.865328,29.396852,32.637672,29.479347,29.097155,30.83716,26.386335,23.511423,22.495775,20.735537,20.384424,18.562637,21.10683,21.132872,24.954224,25.466366,28.027128,25.979954,22.285437,21.769064,19.619469,20.01357,19.854204,20.283958,22.50821,21.57806,20.88194,19.516628,16.031092,19.018618,18.458626,21.653563
19,24.040686,20.305891,18.700579,14.089869,11.690671,15.025217,9.107476,13.110851,12.915835,14.325535,16.919344,17.955097,19.775837,19.639717,13.931762,11.720404,8.922757,5.836706,6.233492,0.0,4.8227797,6.9825063,7.464101,3.7473164,3.508144,4.998163,6.2296057,9.619101,10.966763,14.702901,14.874755,20.92507,21.510088,24.875431,21.022202,17.485615,20.737646,23.563477,19.244114,17.16255,22.514486,22.41965,18.098995,20.046946,24.488731,22.574726,18.934221,23.658781,26.74797,28.011429,27.057974,25.51689,30.707056,30.558466,28.417257,26.245525,22.543835,23.75265,28.979334,27.86535,22.93017,27.666542,30.609549,32.49523,28.192179,25.254358,29.260021,27.54014,23.116924,27.040714,28.013449,24.577444,22.510757,26.539373,24.594597,28.525936,26.258274,23.916315,26.798672,23.984064,23.43568,25.41275,20.910652,18.018885,17.431087,14.924569,15.415072,13.346524,16.48238,17.291023,21.49167,22.690937,25.029812,22.309273,18.677605,17.47127,14.949492,14.55956,14.231958,14.179552,16.46963,15.947199,15.227193,13.6023035,9.799193,12.988334,13.126461,16.49058
20,22.205614,18.435898,17.259466,12.687407,11.325395,15.695641,10.828715,14.83363,16.022718,16.887243,20.16673,20.837013,23.170942,22.799818,16.987967,15.621675,12.07244,10.192351,7.170573,4.8227797,0.0,3.409273,5.955337,2.0152671,5.6551876,6.5067644,10.238826,13.167084,15.385888,18.591795,19.521133,25.349419,25.723787,29.420052,25.763617,22.113525,25.189142,28.263842,23.945576,21.66564,26.91092,26.93474,22.478067,24.054043,28.672033,26.551498,22.529762,27.162928,30.344126,31.884388,31.23545,28.972158,34.5082,34.710262,32.402145,30.1896,26.760876,27.91603,33.161674,32.339184,27.540646,32.13328,35.18413,37.19808,32.976337,29.993107,33.840458,32.01191,27.607433,31.354662,32.152267,28.619509,26.590384,30.18782,28.528074,32.06588,29.475483,27.380291,29.62208,27.123446,26.001158,27.661793,23.025108,20.757242,20.996683,17.861914,19.511595,17.020723,20.140486,20.776356,24.916105,25.888561,28.613693,25.82773,22.378904,20.851156,18.846375,17.498306,17.752846,16.613745,18.29343,17.399347,15.789478,13.736148,11.602035,14.079447,14.22311,18.285162
21,23.755556,19.82961,19.426092,14.686907,14.020417,18.744797,13.912233,18.217306,19.210648,20.156591,23.275537,23.851156,25.939983,25.328741,19.281767,18.253841,14.7240925,12.709454,10.166278,6.9825063,3.409273,0.0,6.042142,3.5636957,6.3112197,8.001439,11.394004,14.583184,17.088871,19.91124,21.482033,26.981497,28.076263,31.542141,27.725513,24.392656,27.718374,30.41037,25.9501,24.006573,29.32886,28.721043,24.352093,26.385532,30.808655,28.037682,24.259932,29.331026,32.153625,33.945427,32.918026,30.290874,35.862255,36.15512,33.419666,30.836447,27.753391,28.455988,33.791622,33.603992,28.641657,32.802765,35.891724,38.239796,34.28365,31.05936,34.488598,32.542038,28.140379,31.607721,32.12088,28.553381,26.554867,29.662249,28.44712,31.571545,28.820229,27.166264,29.095917,27.183594,25.918884,27.758085,23.156092,21.06063,21.692469,17.900625,20.033176,16.822847,19.775955,20.345306,24.396887,25.356209,28.259079,25.317308,22.12782,20.248232,18.765997,16.614164,17.674473,16.14858,17.77652,17.341616,15.292885,12.46284,10.819769,12.303922,12.197973,16.515535
22,19.64503,15.516819,15.782479,10.620767,10.525479,15.555896,11.126897,16.769478,17.605333,19.858494,22.909773,24.43888,26.664162,26.85331,21.307142,18.677038,16.086878,12.666171,12.067284,7.464101,5.955337,6.042142,0.0,6.7261796,8.939883,11.395985,13.024998,16.88402,17.96826,21.837189,21.39576,27.743788,28.384108,31.340673,26.949413,23.42066,26.293695,28.683788,23.843822,21.74056,26.721659,25.685534,21.137718,22.808537,27.197714,23.933475,19.776352,24.854343,27.4974,29.722984,29.030802,25.483086,31.373756,32.186806,29.42582,27.217571,24.397291,25.624504,30.670147,30.489693,26.332897,30.628948,34.164455,36.340305,32.603848,29.89248,33.71784,32.404,27.475075,30.27366,31.76363,28.777597,25.803488,28.654898,26.62338,29.636215,26.580366,24.313179,25.613966,23.154245,21.394587,22.659266,18.020168,16.435795,17.7092,14.161182,17.589231,16.02813,19.814415,21.486408,25.788572,27.46981,29.70497,26.382404,23.119755,21.052263,18.418076,16.334913,15.471265,12.817692,13.520261,12.110997,10.114485,8.5717325,8.449107,11.40804,13.494784,17.632893
23,23.992556,20.18321,18.975786,14.3301525,12.692957,16.775919,11.453924,15.338529,15.9801235,16.816828,19.791119,20.376505,22.402454,21.878927,15.900283,14.695135,11.2019,9.235774,6.9814878,3.7473164,2.0152671,3.5636957,6.7261796,0.0,3.6768768,4.9645576,8.446051,11.497159,13.848863,16.893137,18.180489,23.798162,24.581308,28.163843,24.495693,21.048712,24.34528,27.23791,22.953957,20.904522,26.250645,26.083284,21.751228,23.679485,28.156588,25.970667,22.237072,27.05565,30.103962,31.5546,30.60683,28.641104,34.008144,34.021393,31.640291,29.260704,25.801744,26.740692,32.055496,31.329107,26.296352,30.773243,33.716724,35.816254,31.617277,28.486938,32.186478,30.25089,25.935707,29.777437,30.384842,26.773125,24.910172,28.572504,27.074661,30.66075,28.194283,26.233356,28.73367,26.372963,25.498804,27.434181,22.839914,20.301529,20.273344,17.096064,18.291662,15.430859,18.366526,18.84649,22.953825,23.88109,26.637815,23.894201,20.4544,18.97447,17.13804,15.885624,16.497784,15.800731,17.846416,17.364716,15.931568,13.619958,10.716298,13.023216,12.740215,16.645115
24,26.94421,23.107391,21.785872,17.084476,14.993258,18.47145,12.590689,16.165436,15.758101,16.646103,18.94053,19.471306,20.867603,20.170141,14.065358,12.9714155,9.925156,7.7093625,7.678515,3.508144,5.6551876,6.3112197,8.939883,3.6768768,0.0,3.6009445,5.087817,8.530901,10.8812065,13.70805,15.452772,20.700682,22.22055,25.503893,21.793089,18.756804,22.405735,24.912605,20.72992,19.13646,24.57968,24.081394,20.041113,22.564363,26.725178,24.5064,21.352419,26.38939,29.185148,30.431252,28.975681,27.632877,32.623043,32.275444,29.837275,27.22814,23.693474,24.287802,29.67133,29.03559,23.634026,27.92718,30.66255,32.863125,28.699547,25.35207,28.834484,26.752363,22.587631,26.617874,26.954378,23.23665,21.648851,25.516747,24.220339,27.96397,25.787056,23.994602,27.029932,24.829084,24.472618,26.858261,22.420313,19.392832,18.768248,15.739424,15.88175,12.493803,15.06393,15.299918,19.374758,20.289425,23.001257,20.341314,16.863451,15.555056,13.901981,13.093579,14.196425,14.523601,17.216944,17.426857,16.475714,14.002686,9.711505,11.791927,10.781998,14.114958
25,27.696085,24.115835,22.113447,17.885365,15.371546,18.267347,12.707998,14.948594,14.856113,14.725237,17.147482,17.076532,18.639805,17.624033,11.432509,11.375789,7.6007123,7.2650504,5.2694807,4.998163,6.5067644,8.001439,11.395985,4.9645576,3.6009445,0.0,5.4805436,7.0704017,10.297633,12.572171,15.034688,19.907438,20.812288,24.682587,21.617897,18.412334,21.926104,25.003372,21.304142,19.460135,24.822624,25.234234,21.290972,23.37846,27.67641,26.33671,23.111794,27.593678,30.773163,31.618395,30.463346,29.744411,34.56551,33.97662,31.975227,29.61222,25.763445,26.559761,31.859,30.645475,25.186571,29.731848,32.171776,34.08924,29.617018,26.329205,29.952475,27.683943,23.928328,28.456131,28.56,24.661345,23.619474,27.908081,26.63069,30.654001,28.74342,26.877504,30.22645,27.804491,27.617857,29.925867,25.495823,22.381454,21.39808,18.868452,18.335672,15.145619,17.261734,16.903193,20.689491,21.100843,23.982094,21.81038,18.281422,17.51556,16.122301,16.005669,17.141718,17.899542,20.614378,20.591902,19.718487,17.447004,13.256354,15.335415,13.876028,16.912987
26,30.014967,26.346106,24.488081,20.060392,17.237825,19.50113,13.44693,15.941048,14.17855,14.972037,16.193312,16.696655,17.249853,16.530018,10.706153,9.469129,7.665935,5.643935,8.880311,6.2296057,10.238826,11.394004,13.024998,8.446051,5.087817,5.4805436,0.0,4.320768,5.941284,8.888785,10.689845,15.631645,17.619165,20.649605,17.071964,14.430298,18.373188,20.634785,16.857159,15.713156,21.105984,20.769281,17.229492,20.12867,23.88847,22.328348,19.90989,24.66356,27.360956,28.052776,26.246042,26.171858,30.492537,29.550783,27.481802,24.95551,21.062784,21.575165,26.846607,25.722132,20.001068,24.389725,26.723366,28.71443,24.349405,20.932203,24.495323,22.314972,18.45638,23.047606,23.249626,19.465027,18.346762,22.938444,21.53358,25.810038,24.254696,22.349741,26.281641,23.856535,24.308674,27.022873,22.92104,19.307295,17.55652,15.577417,13.654848,10.563303,12.418717,12.274312,16.16858,17.032167,19.38737,17.13215,13.42911,12.954044,11.1189165,12.102925,12.961492,15.022417,18.279165,18.912003,18.823847,16.855513,11.503076,13.701841,12.291958,14.2192335
27,32.797703,29.35645,26.91507,22.916773,19.713783,21.19556,15.546767,16.440205,14.450297,14.048429,14.65199,14.303866,14.316562,12.975284,7.132352,7.810837,6.330633,7.120344,9.605499,9.619101,13.167084,14.583184,16.88402,11.497159,8.530901,7.0704017,4.320768,0.0,4.4595637,5.5086317,9.375257,13.026607,14.883634,18.426933,15.851076,13.504789,17.411646,20.03193,17.172121,16.142952,21.227411,21.810297,18.77465,21.386347,24.95282,24.446878,22.365955,26.456867,29.35775,29.4637,27.739584,28.717264,32.540676,31.13274,29.578285,27.26546,23.12151,23.62615,28.658949,26.943747,21.103533,25.505669,27.247705,28.907402,24.266933,20.853855,24.330256,21.828758,18.803932,24.019785,23.707214,19.732134,19.611912,24.65404,23.476303,28.009983,26.963943,25.161068,29.561306,27.080877,27.915987,30.688522,26.74005,22.977448,20.720772,19.35803,16.43233,13.544455,14.381137,13.259525,16.422495,16.534702,18.971811,17.563795,14.000278,14.457501,13.321588,15.204444,16.348429,19.033348,22.388136,23.029018,23.081778,21.174204,15.784887,17.729095,15.71324,17.047232
28,32.923004,29.591969,27.079952,23.220955,19.780882,20.518665,15.009836,15.800069,12.664014,13.162628,12.783287,13.310713,12.715523,12.2772455,7.861676,6.04621,7.22435,6.659528,11.738714,10.966763,15.385888,17.088871,17.96826,13.848863,10.8812065,10.297633,5.941284,4.4595637,0.0,4.898912,5.0598974,9.980215,11.826348,14.744658,11.578211,9.260496,13.355591,15.629016,12.776125,12.042108,17.01136,17.538885,14.826284,17.59144,20.81407,20.67988,19.070858,22.870157,25.605686,25.44578,23.601242,25.226664,28.636606,26.99775,25.760744,23.744303,19.399817,20.189241,24.968838,22.76986,17.08202,21.785133,23.517092,24.876806,20.088663,16.947315,20.943071,18.857304,15.618327,20.880264,21.204384,17.654568,17.134962,22.546055,20.737974,25.61082,24.844906,22.620651,27.336525,24.434307,25.664827,28.399471,24.778408,20.837984,17.960375,17.613895,13.702616,12.246264,13.1423645,12.728622,15.835579,16.555632,18.078238,16.655855,13.002942,13.850686,11.719504,14.748309,14.603366,17.9393,21.27529,21.905449,22.608664,21.387959,15.848327,18.306427,17.054703,17.852274
29,37.39985,34.060513,31.450457,27.62511,24.197834,24.918846,19.540472,19.668245,16.70581,16.16757,15.253759,14.679575,13.107446,11.537984,7.838594,9.093045,9.98252,11.061441,14.668856,14.702901,18.591795,19.91124,21.837189,16.893137,13.70805,12.572171,8.888785,5.5086317,4.898912,0.0,7.343103,8.06689,11.539365,14.357001,12.59709,11.708804,15.63819,17.487299,15.763354,15.722767,20.08154,20.710436,18.76053,21.668291,24.361818,24.532404,23.520668,27.129684,29.64946,29.161324,26.966997,29.296427,32.167675,30.100515,28.943512,26.719328,22.563936,22.70916,27.28043,25.242682,19.290165,23.25104,24.205523,25.600447,20.954172,17.485727,20.575642,17.835041,15.861498,21.534359,20.71935,16.829807,17.775349,23.207508,22.262583,27.00521,26.751225,25.147682,30.19343,27.832466,29.405945,32.443153,28.977922,24.946842,21.930054,21.45404,17.013857,14.660184,14.181439,12.406659,14.428746,14.145902,15.923783,15.499967,12.343792,14.014469,13.417922,16.633228,17.762335,21.542728,25.115921,26.186434,26.762522,25.080463,19.355589,21.001135,18.765831,18.85569
30,34.55171,31.504456,28.755116,25.338835,21.686878,21.324764,16.553288,16.536629,12.381727,13.360556,11.490328,12.720733,11.149007,11.760068,9.920654,6.8537216,10.307611,9.686648,15.470283,14.874755,19.521133,21.482033,21.39576,18.180489,15.452772,15.034688,10.689845,9.375257,5.0598974,7.343103,0.0,7.0861497,8.152984,10.150584,6.617093,4.5388355,8.756705,10.697784,8.658863,8.52453,12.749494,13.889003,12.114311,14.634736,17.145035,18.205084,17.404253,20.238523,22.823982,21.998417,20.17094,23.123686,25.700985,23.58441,23.120525,21.734776,17.166107,18.40533,22.512129,19.313175,14.116815,19.133226,20.521763,21.176317,16.08072,13.602933,18.25296,16.758907,13.860014,19.109047,20.092157,17.260515,16.65995,22.354101,19.905333,25.081505,24.842592,22.206806,27.24795,23.873474,25.621178,28.191605,25.09977,21.112942,17.524437,18.614012,13.685408,14.162969,14.77351,14.841582,17.32322,18.328394,18.79484,17.793213,14.485213,15.905194,13.227076,17.224445,15.835634,19.672451,22.795712,23.312635,24.66613,24.18487,18.808716,21.573078,20.889883,21.151592
31,41.544716,38.512688,35.639706,32.272587,28.577547,28.055689,23.450237,22.722164,18.675886,18.564375,15.821563,15.814138,12.605616,12.221625,12.509445,12.259516,15.415011,16.085459,20.96955,20.92507,25.349419,26.981497,27.743788,23.798162,20.700682,19.907438,15.631645,13.026607,9.980215,8.06689,7.0861497,0.0,7.006073,7.0962768,7.0284696,8.993501,11.7871275,12.139533,12.731775,14.014674,16.470118,17.577906,17.442518,20.0587,21.288185,22.944036,23.333776,25.636415,27.642439,26.180956,23.779476,28.089022,29.464972,26.569902,26.47577,25.009285,20.883257,21.187801,24.550186,21.401566,16.267235,19.866287,19.751158,20.076107,15.278724,12.695952,15.965259,13.854662,13.391303,19.004263,18.643614,15.934721,17.344172,23.016235,21.53466,26.529,27.25692,25.374382,30.917593,28.207825,30.598272,33.532948,30.870424,26.775042,22.885962,24.101643,18.326246,18.124502,17.051926,15.874589,16.625187,16.691488,16.52868,17.105232,14.805261,17.367344,16.264675,20.743881,20.505943,25.03893,28.42818,29.530552,30.924488,30.070078,24.39441,26.346615,24.781996,24.028208
32,39.172047,36.672615,33.095062,30.59702,26.613546,24.881447,21.488361,19.097042,15.1470995,14.308208,10.615914,10.615673,6.9444513,8.139167,11.186347,10.308783,14.264443,15.83233,20.076868,21.510088,25.723787,28.076263,28.384108,24.581308,22.22055,20.812288,17.619165,14.883634,11.826348,11.539365,8.152984,7.006073,0.0,5.498923,7.5960155,7.375325,8.046658,10.913698,12.511229,12.354032,13.888561,17.672272,17.275747,18.062109,19.729155,23.237335,22.856731,23.70391,26.583284,24.535896,23.58496,28.199184,29.687704,26.96597,27.90715,27.440628,22.905218,24.460308,27.504183,23.016895,19.071497,23.681108,23.912455,23.28255,18.090803,16.894016,21.20823,19.909685,18.912518,24.144236,24.796808,22.408724,22.91621,28.659187,26.311161,31.5107,31.888596,29.243834,34.46255,30.854076,32.85693,35.133423,32.343105,28.49601,24.690361,26.463673,21.354261,22.178265,22.222698,21.62588,23.11293,23.306767,23.425024,23.621675,20.882895,22.978022,20.939247,25.160393,23.860723,27.721045,30.695335,30.892122,32.335472,32.069756,26.812998,29.632545,28.652576,28.798203
33,42.375954,39.829678,36.58335,33.94691,30.092224,28.334925,24.907156,23.191511,18.791018,18.93937,15.136288,15.841161,12.300635,13.556727,16.164202,14.654323,18.773514,19.346743,24.486626,24.875431,29.420052,31.542141,31.340673,28.163843,25.503893,24.682587,20.649605,18.426933,14.744658,14.357001,10.150584,7.0962768,5.498923,0.0,5.524074,8.4119425,8.270366,8.113734,11.416173,12.795603,12.833878,15.711212,16.771057,17.9772,18.216145,21.904898,22.78434,23.295233,25.304428,22.883883,21.278536,26.947283,27.339613,24.088963,25.396183,25.165648,21.011698,22.274958,24.467264,19.76711,16.458033,20.317863,19.866169,18.67733,13.7313175,13.2973795,17.336212,16.664867,16.494705,21.16123,22.057566,20.516062,21.162601,26.652302,24.221348,29.277658,30.247334,27.705975,33.100334,29.654984,32.20123,34.57354,32.40406,28.56304,24.388897,26.86832,21.106998,22.710539,22.230343,21.903503,22.734257,23.239195,22.384249,22.899227,20.738457,23.124569,21.109293,25.782024,24.126862,28.441795,31.360573,31.917953,33.791817,33.782646,28.512302,31.117928,30.343987,29.796562
34,38.628,35.858543,33.08949,30.072758,26.431969,25.201849,21.290974,20.79217,16.145739,17.48913,14.391276,16.031815,13.45233,14.868984,15.414944,12.488483,16.528282,15.816254,21.777393,21.022202,25.763617,27.725513,26.949413,24.495693,21.793089,21.617897,17.071964,15.851076,11.578211,12.59709,6.617093,7.0284696,7.5960155,5.524074,0.0,4.6307917,6.2779665,5.2064905,6.4094667,8.420599,9.72485,11.074408,11.69697,13.859959,14.431965,16.956938,17.815176,19.24485,21.070333,19.289095,17.139145,22.091728,23.064138,20.130482,20.737204,20.16177,15.823645,17.207846,19.948404,15.614261,11.586106,16.188515,16.704655,16.235983,10.93633,9.838435,14.880661,14.416105,12.638306,17.247234,18.881039,17.296267,16.867434,22.391317,19.502253,24.67598,25.279194,22.492609,27.785238,24.24111,26.707815,29.137033,26.931185,23.06516,18.879385,21.41539,15.670887,17.797846,17.76658,18.163918,19.62696,20.850227,20.015224,19.653217,17.160456,19.100983,16.409355,21.035725,18.83232,23.09434,25.933207,26.566788,28.555786,28.690498,23.553589,26.251787,25.941021,25.463634
35,34.28644,31.594702,28.624271,25.759804,22.019444,20.653595,16.855658,16.168497,11.518671,13.104881,10.365443,12.550451,10.920511,12.786188,12.655071,8.634319,12.806318,11.99422,17.84814,17.485615,22.113525,24.392656,23.42066,21.048712,18.756804,18.412334,14.430298,13.504789,9.260496,11.708804,4.5388355,8.993501,7.375325,8.4119425,4.6307917,0.0,4.301446,6.906847,5.6949973,5.3118625,8.491701,11.104266,9.9762,11.424211,13.545815,16.104898,15.582207,17.141945,19.872925,18.453138,17.213171,21.042215,23.10928,20.83967,21.279785,20.789833,16.095974,18.18322,21.54109,17.223236,13.225524,18.656921,20.024563,19.845064,14.5835,13.352263,18.653387,18.016806,15.230698,19.856787,21.742216,19.67621,18.572786,24.12505,20.95628,26.181208,26.08641,22.928698,27.824808,23.851301,25.699686,27.81734,25.111202,21.34267,17.511402,19.72152,14.859283,16.949562,17.89991,18.562113,20.906845,22.186905,22.091543,21.133629,18.041113,19.421106,16.186237,20.280937,17.733189,21.332315,24.006142,24.07545,25.851143,26.10833,21.191643,24.404894,24.389383,24.71398
36,34.90408,32.626396,29.368689,27.14967,23.371439,21.041458,18.384243,16.786432,12.162447,13.748434,10.320648,12.945808,11.310669,14.033799,15.3857565,11.372149,15.68652,15.165724,20.591446,20.737646,25.189142,27.718374,26.293695,24.34528,22.405735,21.926104,18.373188,17.411646,13.355591,15.63819,8.756705,11.7871275,8.046658,8.270366,6.2779665,4.301446,0.0,5.4051867,6.5453987,5.795816,5.9267344,10.937644,10.728557,10.4214735,11.887328,16.301533,15.997399,15.8736,18.793316,16.601116,16.29723,20.98802,22.419062,20.01987,21.503761,21.92486,17.353874,20.040926,22.56615,17.287455,14.766004,20.138636,21.282324,20.251066,15.102622,15.117936,20.545912,20.50394,18.13124,22.21773,24.579332,23.033934,21.811623,27.179281,23.635406,28.78156,28.835056,25.381647,30.069027,25.701788,27.562422,29.222921,26.867884,23.399515,19.562313,22.477423,17.897055,20.780382,21.857832,22.706062,24.889284,26.189919,25.801294,25.011179,22.086384,23.504887,20.10809,24.18826,21.081589,24.396748,26.693539,26.362331,28.36508,29.12874,24.602558,28.074959,28.398232,28.80496
