,0,1,2,3,4,5,6,7,8,9,10,11,12,13,14,15,16,17,18,19,20,21,22,23,24,25,26,27,28,29,30,31,32,33,34,35,36,37,38,39,40,41,42,43,44,45,46,47,48,49,50,51,52,53,54,55,56,57,58,59,60,61,62,63,64,65,66,67,68,69,70,71,72,73,74,75,76,77,78,79,80,81,82,83,84,85,86,87,88,89,90,91,92,93,94,95,96,97,98,99,100,101,102,103,104,105,106,107
0,0.0,4.768475,6.9924874,9.829336,13.122644,14.606863,18.360067,21.921318,24.066128,27.303715,32.202293,35.324745,32.999416,31.273363,26.759144,25.45805,21.520992,21.308289,17.58888,16.7084,15.314613,10.275403,13.528455,15.173641,13.7818575,17.133837,19.867046,21.90455,22.181566,26.368444,27.25386,31.21563,36.905434,37.780426,40.818714,43.674454,45.589325,44.02827,40.418434,36.114407,37.87341,33.152676,33.30746,28.355886,27.85622,24.64166,25.967268,20.992056,24.403244,26.09139,29.567644,27.29676,33.60957,33.614162,34.876755,37.228016,33.095776,35.522087,38.7859,33.918583,31.597761,28.398073,25.587107,22.855484,21.359747,16.620132,18.101517,22.892925,22.756527,25.976486,25.38695,29.949944,29.413118,33.62343,33.38942,36.187374,37.896976,36.869102,41.122173,40.06526,37.060524,38.649147,35.32405,32.180733,31.61782,26.71944,26.504883,21.621572,23.006426,21.202726,23.022268,23.116924,26.271975,27.549683,28.89401,27.119196,27.039627,23.426342,26.67646,23.662888,23.134304,26.567112,27.95388,28.634691,30.892061,32.997093,33.13186,37.56753
1,4.768475,0.0,5.274782,6.625404,9.312232,12.163147,14.640536,19.177221,20.84408,24.608635,29.40668,32.55944,30.869108,29.213211,24.955051,23.21829,19.755278,18.844252,15.76169,14.085938,14.254785,9.015207,11.810273,11.993889,10.486504,13.441798,15.458675,17.64989,18.002771,22.360601,23.415443,27.54264,33.252476,34.610752,37.27731,40.369812,42.20038,40.371506,36.96904,32.655575,33.928574,29.102045,29.290598,24.074453,23.424564,20.12999,21.36091,16.277184,19.703272,21.38025,24.809301,22.629238,28.879688,29.09429,30.35194,32.843086,28.90598,31.567158,34.95485,30.3075,27.97179,24.646748,21.512459,18.87652,16.762316,12.369996,13.397158,18.126457,18.15278,21.51314,21.299196,26.046717,25.85769,30.282152,30.290264,33.444893,35.283627,34.622276,38.888,38.216686,34.93597,36.087223,32.756973,29.435879,29.031733,23.959755,23.424385,18.609856,19.67248,18.097666,19.582026,20.06548,23.897121,25.23574,26.17412,24.914713,24.327229,21.384975,24.517847,22.170189,22.631042,25.630264,26.489874,27.122896,28.54697,30.75489,30.337873,34.86535
2,6.9924874,5.274782,0.0,5.08536,7.4487596,8.140091,12.225483,15.189165,17.721357,20.466364,25.847584,28.631968,26.550673,25.137405,20.499325,19.48022,15.88313,15.9433,13.20929,12.776566,13.254763,9.232889,13.883889,13.686127,14.043666,16.219927,17.6533,18.654669,17.70111,22.74022,22.155184,27.068266,31.788322,33.28456,35.97767,38.82257,41.166542,39.485027,36.22138,32.121616,33.170456,28.816977,28.215141,23.239277,23.951723,20.2922,22.66638,17.465565,21.479597,22.65748,25.458458,22.226278,28.820776,27.922865,29.527544,31.603664,27.136862,29.428877,32.322876,27.3332,25.25941,21.75506,19.320665,16.399624,16.171616,11.041496,14.120059,18.93458,19.962618,22.647022,23.054602,27.381699,26.487566,30.951704,30.216423,33.397987,34.592148,33.549076,37.499287,36.281654,32.517998,33.7145,30.156225,27.21507,27.350855,21.868534,22.789843,18.27092,20.417048,19.848122,21.933939,23.13264,27.096191,27.532694,27.913057,26.44694,24.928774,21.986399,23.958103,21.051155,21.197412,25.016588,25.95301,27.82825,28.809319,31.644255,31.39453,35.996593
3,9.829336,6.625404,5.08536,0.0,3.7578993,6.2344847,8.747478,13.159479,14.493795,18.723234,22.92719,26.35068,24.65312,22.806791,18.868565,16.705345,13.437601,12.245002,9.58933,8.089274,9.742855,6.1836686,10.242694,9.087201,10.695643,12.104005,13.697042,13.983535,13.03688,17.820002,17.601606,22.137632,27.2678,28.585983,31.337183,34.25542,36.38901,34.712627,31.343763,27.17499,28.47672,24.032827,23.72118,18.95252,19.45362,16.02883,18.641874,13.9054785,18.403236,20.232828,22.66191,19.261236,25.665462,24.916655,25.808693,27.845362,23.540012,25.780699,29.188768,24.398405,21.8858,19.190575,16.308638,14.302588,13.3372965,9.867888,12.125929,15.865629,16.213787,18.254822,18.4221,22.495522,21.418509,25.868908,25.178997,28.422623,29.763039,28.941841,33.00155,32.168087,28.556665,29.616852,26.211222,22.98412,22.856123,17.537094,17.833206,13.262647,15.359975,15.061398,17.343605,18.93247,23.012169,23.026918,23.09465,21.782768,19.959404,17.340792,19.287088,16.919884,17.933832,21.116337,21.659187,23.409449,23.950912,26.824448,26.408081,31.02391
4,13.122644,9.312232,7.4487596,3.7578993,0.0,5.2636395,5.334797,10.685164,11.6606865,16.08876,20.428007,23.656933,22.590586,21.004704,17.311588,15.023837,12.5669,10.9296055,9.811001,8.032595,11.614969,9.245061,12.427476,9.812568,11.823578,12.195436,12.343078,12.094215,10.4140415,15.785296,14.885354,20.048096,24.68134,26.666979,28.956226,32.0372,34.28128,32.359776,29.317696,25.26994,25.842087,21.50368,20.837057,15.794959,16.847507,13.130111,16.221716,11.458919,16.102467,17.572062,19.57095,15.767133,22.250679,21.22663,22.321314,24.357277,20.01882,22.421095,25.749962,21.05951,18.664167,15.647997,12.622943,10.621767,9.870706,6.934421,9.654274,13.021085,14.178267,15.959508,16.956518,20.934204,20.01845,24.632029,23.938633,27.527771,28.734144,28.17334,32.052135,31.415308,27.36997,27.9372,24.462917,21.24741,21.578196,15.974702,16.571884,12.509557,14.573952,15.053056,17.005554,19.153912,23.68225,23.524681,23.019129,22.218473,19.617697,17.887968,19.13544,17.418406,19.20704,22.085926,22.130928,24.169168,23.720013,26.821976,25.909624,30.532133
5,14.606863,12.163147,8.140091,6.2344847,5.2636395,0.0,6.186938,7.392197,9.920631,12.886362,17.728947,20.727278,18.709354,17.17196,12.861336,11.452742,8.359255,8.533309,7.624155,8.388638,11.095072,10.398999,14.954762,13.313354,16.24535,16.69556,17.226833,16.017073,13.294,18.563791,15.866584,21.391447,24.847855,26.491175,29.094301,31.681017,34.47231,32.951515,29.917265,26.181314,26.973927,23.36168,21.907574,17.730179,20.170864,16.555914,20.469013,16.139803,20.86306,21.994354,23.419882,18.825375,25.270792,23.044367,24.274525,25.654139,20.74718,22.387762,25.109072,19.92905,17.773394,15.050433,13.341458,11.389517,13.349094,10.1480665,14.254384,17.388548,18.928095,19.908718,20.957287,24.2139,22.360132,26.667122,25.057652,28.324657,28.760075,27.566725,31.073597,29.64543,25.27846,26.195309,22.497938,19.847874,20.64555,14.820259,17.35923,13.831503,17.123768,18.257908,20.88603,23.21015,27.317524,26.363457,25.644949,24.327251,21.266064,19.144176,19.207857,16.536913,17.501486,21.357414,21.738684,25.027388,24.644749,28.235,27.874346,32.412693
6,18.360067,14.640536,12.225483,8.747478,5.334797,6.186938,0.0,6.8992715,6.666854,11.757353,15.567074,18.769754,18.394182,16.980143,14.016037,11.355858,10.392737,8.216124,9.652952,8.420435,13.473599,13.079198,15.71984,12.289777,15.395926,14.511152,13.417501,11.430138,7.9977455,13.649346,10.720225,16.755888,20.18509,22.782887,24.645111,27.702019,30.25931,28.253565,25.596876,21.885221,21.737684,17.969929,16.47421,11.751573,14.483853,10.764768,15.105131,11.396164,16.071623,17.148167,17.887007,13.028757,19.272942,17.181454,18.16179,19.748024,15.080702,17.236965,20.464493,15.751259,13.339081,10.599735,7.79986,6.883351,8.129826,7.8493977,10.806699,12.315783,14.24622,14.588907,16.49404,19.550526,18.198933,22.694275,21.518044,25.321346,26.008238,25.570063,29.032867,28.45303,23.863285,23.878233,20.336645,17.315918,18.365332,12.54371,14.238604,11.484145,13.998493,15.887567,17.814625,20.712383,25.306778,24.35708,22.98124,22.57287,18.801111,18.14769,17.897707,16.871458,19.430637,21.98018,21.445726,24.275206,22.542297,26.09354,24.84522,29.331879
7,21.921318,19.177221,15.189165,13.159479,10.685164,7.392197,6.8992715,0.0,4.663691,5.5831485,11.087923,13.45852,12.149974,11.316175,7.619542,6.851911,6.9558153,7.708835,10.64813,12.042339,15.9862,16.96289,20.71008,18.126263,21.733187,21.074707,20.256634,17.718931,13.649835,18.608612,13.38119,19.629549,20.705536,23.205978,25.084158,27.418848,30.801188,29.251543,26.944742,23.929405,23.580528,21.15192,18.393524,15.256578,19.697783,16.366568,21.198933,17.986887,22.396072,22.823177,22.833366,17.318062,23.043232,19.242796,20.640848,21.154648,15.887662,16.755478,18.611053,13.225575,11.646322,9.190398,9.456628,8.755994,13.582518,12.570954,16.826088,18.36377,20.858477,20.535175,22.605902,24.786348,22.540743,26.49706,24.244097,27.63065,27.19275,26.063166,28.755894,27.186522,21.907436,22.018805,18.176834,16.299196,18.425362,12.622544,17.088839,15.476482,19.019936,21.505823,23.933344,26.959526,31.187134,29.482553,27.81134,26.989971,22.678467,21.863396,20.053837,18.248825,19.975435,23.394049,23.084248,27.3621,25.432413,29.509434,28.765985,33.01773
8,24.066128,20.84408,17.721357,14.493795,11.6606865,9.920631,6.666854,4.663691,0.0,6.938909,8.902775,12.448987,12.358485,10.935909,9.391331,6.3158073,8.111228,6.4594617,10.687427,11.170002,15.973275,17.59087,20.205675,17.01779,21.07877,19.637625,18.459455,15.040866,10.636344,14.86704,8.945259,15.181142,16.112875,18.831974,20.540567,23.069115,26.303438,24.641838,22.374603,19.405773,18.930113,16.653906,13.803526,11.233685,16.115133,13.327457,18.431854,16.291191,20.607521,21.410944,20.819963,15.26734,20.350834,16.59866,17.044289,17.358055,12.188158,12.892693,15.592538,10.508366,7.9907703,7.4418683,7.2537174,8.758532,12.548306,13.663488,16.68198,16.771692,18.759642,17.431684,19.55942,21.042976,18.623253,22.393175,20.111048,23.643011,23.230263,22.493214,25.167614,24.175558,18.906765,18.521555,14.817651,12.546625,14.767603,9.117297,13.395276,12.763935,16.042019,19.135866,21.387802,24.720072,28.854027,26.785809,24.65301,24.225056,19.441856,19.519072,17.195171,16.474094,19.220291,21.640366,20.727606,24.843082,22.072292,26.164742,25.085022,29.18841
9,27.303715,24.608635,20.466364,18.723234,16.08876,12.886362,11.757353,5.5831485,6.938909,0.0,7.9249563,8.441755,7.963227,8.678207,6.488142,7.7687845,10.207329,11.518832,15.334882,17.01769,20.93785,22.436573,26.02995,23.26309,26.994186,25.989271,24.60878,21.645971,17.264698,21.598288,15.224353,21.300135,20.211256,23.243866,24.423439,26.33746,30.189215,28.725048,27.136986,24.88997,23.648008,22.389742,18.74197,16.814259,22.248453,19.334286,24.322638,21.825115,25.777548,25.648691,24.7947,19.064182,23.84378,18.914076,20.550278,20.210804,15.022698,14.905615,15.308988,9.99225,9.766114,7.989926,10.676055,10.919086,16.827152,16.693995,20.845612,21.637217,24.624138,23.687838,26.253927,27.73938,25.343908,28.865267,26.224323,29.477314,28.348574,27.205729,29.095278,27.302729,21.527704,21.016813,17.303013,16.509571,19.559235,14.551909,19.909092,19.482227,22.958511,25.959158,28.232933,31.499264,35.695503,33.628826,31.512247,30.921822,26.10928,25.927687,23.152372,21.770515,23.566875,26.768505,26.180876,30.974157,28.304893,32.55655,31.68042,35.617638
10,32.202293,29.40668,25.847584,22.92719,20.428007,17.728947,15.567074,11.087923,8.902775,7.9249563,0.0,5.287506,6.2887096,5.512324,8.819917,7.627067,12.069706,12.096109,16.759254,18.36214,22.20588,25.160343,27.672869,24.853071,29.398054,27.644415,26.465544,22.346563,17.958818,20.3671,13.334587,17.65657,14.495086,16.858213,18.012852,19.199192,23.377956,22.476732,21.127705,19.76593,18.87328,19.127207,15.154434,15.978051,21.76887,20.123938,25.212517,24.289385,28.14266,28.66595,27.01624,21.456991,24.839252,19.813046,19.600561,18.142849,13.665442,11.621533,12.267602,8.15218,7.243007,10.851923,13.470005,15.921745,20.493498,22.153265,25.177565,24.44371,26.391125,23.933594,26.055368,25.979525,22.753626,25.218061,21.841476,24.525723,22.542084,21.393417,22.438108,20.75333,14.7901325,13.603862,10.194353,10.545737,14.296003,11.253609,17.157682,18.671165,22.04507,25.788063,28.160826,31.67817,35.222237,32.169037,29.425247,28.986979,23.65307,24.422289,20.218111,19.917917,22.350948,24.353785,23.134428,28.344727,24.682096,29.0173,28.25594,31.569626
11,35.324745,32.55944,28.631968,26.35068,23.656933,20.727278,18.769754,13.45852,12.448987,8.441755,5.287506,0.0,5.5619903,7.784941,10.648988,11.658485,15.771475,16.60578,21.120157,22.860989,26.732786,29.279852,32.20066,29.272383,33.507683,31.865301,30.212889,26.401403,21.945606,24.704447,17.593897,22.173231,18.032396,21.068563,21.335642,22.259548,26.606564,25.596693,25.017,24.139217,22.233038,22.97267,18.62671,19.306984,25.366266,23.545567,28.532753,27.44993,30.958435,30.797243,28.84839,23.286829,26.267487,20.576042,21.241629,19.436255,15.283766,13.031798,11.489999,8.127467,9.477671,11.711588,15.466293,17.42908,22.861341,24.241234,27.642159,27.075846,29.770216,27.593884,30.235723,30.32285,27.474995,29.958744,26.733154,29.439621,27.2883,26.21632,26.762897,24.925058,18.971205,17.424898,14.530226,15.549076,19.408134,16.510162,22.271387,23.629599,26.888432,30.570469,32.741425,36.28448,40.07819,37.23427,34.46523,34.165028,28.809893,29.611662,25.503395,25.052137,27.183949,29.494638,28.373028,33.63065,29.90479,34.210014,33.284626,36.515026
12,32.999416,30.869108,26.550673,24.65312,22.590586,18.709354,18.394182,12.149974,12.358485,7.963227,6.2887096,5.5619903,0.0,3.7261531,6.4743743,9.001344,12.542271,14.662518,18.573223,21.19695,24.111532,27.010103,30.495232,28.298851,32.731052,31.577745,30.794588,27.117039,22.695024,25.839361,18.979607,23.60189,20.665115,22.43642,23.88649,24.53234,28.898483,28.365242,27.003332,25.71041,25.144318,25.302273,21.389557,21.596115,27.315798,25.152899,30.299711,28.541758,32.61196,32.842308,31.569725,25.847471,29.783682,24.466724,25.11147,23.737455,19.109432,17.273455,16.708998,12.595104,12.764364,14.329351,17.43283,18.630323,24.139067,24.3724,28.340836,28.648438,31.006752,29.190794,31.25629,31.667595,28.340117,30.91821,27.340517,29.707611,27.443111,25.64945,26.408144,23.701519,17.905592,17.614626,14.384447,15.449714,18.914911,15.728029,22.140982,22.900988,26.77347,30.18102,32.892956,36.235252,39.773247,36.779858,34.37682,33.438377,28.40943,28.309816,24.222044,22.757544,23.980257,27.012745,26.440857,32.166344,29.312412,33.739994,33.48971,36.882645
13,31.273363,29.213211,25.137405,22.806791,21.004704,17.17196,16.980143,11.316175,10.935909,8.678207,5.512324,7.784941,3.7261531,0.0,5.39707,6.2942686,10.016505,11.891528,15.7449,18.485634,21.1297,24.483332,27.718134,25.742764,30.430641,29.247778,28.91691,25.052856,20.762484,23.584389,16.992086,21.186672,18.937378,19.959347,22.07367,22.71461,26.938557,26.605768,24.745419,23.218946,23.487333,23.40649,19.8645,20.23966,25.639927,23.643925,28.79322,27.153324,31.449343,32.162724,31.0942,25.431423,29.55073,24.674522,24.740805,23.535343,18.857973,17.099064,17.576817,13.286394,12.424481,14.686526,17.047043,18.500202,23.366642,23.722677,27.428522,27.652145,29.437561,27.438889,29.049637,29.303904,25.660809,28.11737,24.37794,26.565907,24.325874,22.336042,23.346794,20.55798,14.843316,15.071988,11.624728,12.444734,15.641874,12.574836,19.121998,19.954676,23.97049,27.369753,30.286085,33.566246,36.83369,33.626587,31.277962,30.148045,25.209473,24.961699,20.732746,19.189697,20.427845,23.334177,22.781393,28.600578,25.91736,30.355244,30.354158,33.740562
14,26.759144,24.955051,20.499325,18.868565,17.311588,12.861336,14.016037,7.619542,9.391331,6.488142,8.819917,10.648988,6.4743743,5.39707,0.0,5.001043,6.729245,10.008917,13.059835,16.116295,18.525404,21.104834,25.103489,23.38465,27.660206,27.043589,26.920689,23.747532,19.56303,23.46347,17.405985,22.569666,21.908081,23.263956,25.588865,26.82325,30.785145,30.085926,27.86249,25.607721,25.936174,24.776346,21.549854,20.355797,25.361359,22.656315,27.720308,25.103706,29.596216,30.183735,29.7801,24.112278,29.15466,24.602129,25.441223,24.957703,19.818426,19.112331,19.932796,14.842803,13.8363085,13.872572,15.699264,15.916305,21.007736,20.100414,24.399422,25.648092,27.727121,26.641401,28.26718,29.491528,26.241198,29.382336,26.091333,28.645805,27.080412,25.103214,26.891851,24.174494,18.750822,19.431955,15.707664,15.383031,17.99482,13.485469,19.646603,19.120367,23.309755,26.168224,29.156252,32.2138,35.78127,33.162113,31.299911,29.951601,25.442097,24.40608,21.207129,18.795631,19.498905,23.324232,23.27941,28.783333,26.924889,31.29811,31.320078,35.15782
15,25.45805,23.21829,19.48022,16.705345,15.023837,11.452742,11.355858,6.851911,6.3158073,7.7687845,7.627067,11.658485,9.001344,6.2942686,5.001043,0.0,4.47058,5.7050333,9.708104,12.267919,15.276103,18.333294,21.542437,19.54374,24.184238,23.164871,23.181086,19.581484,15.46938,18.853088,13.005496,17.807423,17.969276,19.010355,21.692211,23.223524,26.871534,26.109644,23.510303,20.947445,21.801325,20.337896,17.514935,16.520948,21.21689,18.856695,23.912035,21.798952,26.38574,27.514517,27.075357,21.567486,26.465162,22.45966,22.485485,22.16715,17.163605,16.609524,18.620361,13.640498,11.506726,12.648129,13.491942,14.568794,18.547874,18.607191,22.113379,22.703535,24.097607,22.546658,23.836212,24.758797,21.323507,24.416157,21.160906,23.81274,22.528664,20.775562,23.012629,20.848835,15.543965,16.216648,12.368686,11.124785,13.417554,8.526068,14.651125,14.398238,18.57074,21.645313,24.6558,27.801426,31.226933,28.413654,26.40356,25.171562,20.513123,19.787157,16.449959,14.56417,16.173668,19.32825,18.911125,24.211489,22.048462,26.415415,26.328926,30.188074
16,21.520992,19.755278,15.88313,13.437601,12.5669,8.359255,10.392737,6.9558153,8.111228,10.207329,12.069706,15.771475,12.542271,10.016505,6.729245,4.47058,0.0,4.5353603,6.35981,9.7796955,11.802608,14.65913,18.522354,17.23112,21.69036,21.30306,22.093306,19.12222,15.503192,19.37574,14.752191,19.503368,21.197884,21.780315,24.925978,26.618267,29.944685,29.194546,26.141628,23.081371,24.58666,22.324291,20.165598,18.231411,22.042078,19.322802,24.075747,21.219887,26.062174,27.44866,27.751348,22.491043,28.04556,24.661873,24.914522,25.148232,20.094475,20.187654,22.543634,17.393627,15.110698,15.06343,14.995406,15.062624,18.40326,17.26781,20.995087,22.505608,23.596144,22.782976,23.57999,25.187096,21.889357,25.285202,22.333042,24.91017,24.132889,22.19163,24.983095,22.712435,18.073723,19.444468,15.72384,13.958708,15.251529,10.056992,15.153994,13.528583,17.907522,20.284071,23.572598,26.355417,29.697702,27.21805,25.787582,24.100632,20.134083,18.361174,16.03731,13.045115,13.783,17.810038,18.046795,23.075254,22.03858,26.224562,26.500471,30.604742
17,21.308289,18.844252,15.9433,12.245002,10.9296055,8.533309,8.216124,7.708835,6.4594617,11.518832,12.096109,16.60578,14.662518,11.891528,10.008917,5.7050333,4.5353603,0.0,4.80775,6.6031866,10.221863,13.189599,15.917506,13.911257,18.699621,17.732635,18.383158,14.974312,11.414664,14.89863,10.726563,15.250728,17.94877,18.592497,21.753332,23.871464,26.797295,25.803976,22.557,19.15867,20.848034,18.154285,16.474566,14.458521,17.841496,15.424577,20.115908,17.800196,22.62563,24.425756,24.622961,19.613987,24.909071,22.099346,21.72384,22.1913,17.437792,17.856348,21.08366,16.282104,13.330794,13.878704,12.858421,13.71391,15.809401,15.881409,18.63226,19.340637,19.857151,18.611572,19.230616,20.659817,17.38723,20.921612,18.246622,21.146406,20.860243,19.429928,22.669046,21.234972,16.81284,17.811953,14.224518,11.496918,12.298671,6.57191,10.838691,9.2273245,13.531648,16.215376,19.392384,22.36318,25.779234,23.247961,21.590548,20.234638,15.995261,14.774543,12.570102,10.576762,12.830342,15.743671,15.3840475,19.870298,18.291859,22.431728,22.324085,26.525698
18,17.58888,15.76169,13.20929,9.58933,9.811001,7.624155,9.652952,10.64813,10.687427,15.334882,16.759254,21.120157,18.573223,15.7449,13.059835,9.708104,6.35981,4.80775,0.0,4.205264,5.6797976,8.947349,12.26759,11.50631,16.155344,16.007048,17.93104,15.385737,12.907275,16.3417,14.055813,17.797394,21.821608,21.763897,25.380913,27.486124,30.031448,29.181826,25.50916,21.77293,24.27133,20.980648,20.116455,17.558487,19.672598,17.165506,21.193668,18.28568,23.232098,25.442732,26.437197,21.933796,27.61775,25.545721,25.235487,26.136433,21.542213,22.345474,25.76072,20.933157,17.978497,17.857706,16.210232,16.205412,17.253006,16.17618,18.758724,20.34367,20.192633,19.730953,19.500118,21.538443,18.436113,22.030693,19.745005,22.306639,22.555424,20.919283,24.617392,23.09693,19.555418,21.243559,17.926777,15.074324,14.825263,9.911828,12.263172,9.047061,13.274996,14.837515,18.395878,20.784925,23.868155,21.66166,20.792818,18.799994,15.685861,13.018953,12.347655,9.019152,10.131994,13.837042,14.319939,18.245512,18.217573,21.9699,22.416153,26.748508
19,16.7084,14.085938,12.776566,8.089274,8.032595,8.388638,8.420435,12.042339,11.170002,17.01769,18.36214,22.860989,21.19695,18.485634,16.116295,12.267919,9.7796955,6.6031866,4.205264,0.0,5.666206,7.481118,9.373754,7.5598083,12.434512,11.894967,13.879444,11.463329,9.6717005,12.99247,12.234401,15.654757,20.891527,21.163067,24.515602,27.09994,29.163942,27.946213,24.218266,20.125088,22.526632,18.563503,18.399908,15.236366,16.308146,13.908513,17.474373,14.706268,19.58469,22.17551,23.380682,19.39803,24.954828,23.701502,23.12808,24.480383,20.300104,21.670698,25.626598,21.145763,17.95501,17.641108,15.081302,15.247799,14.752608,14.410436,15.910244,17.086273,16.321016,15.998934,15.495696,17.946255,15.37964,19.35604,17.839651,20.803661,21.824892,20.859211,24.939724,24.259726,20.986805,22.223492,19.11572,15.679546,14.994807,10.211883,10.336449,6.043955,9.671137,10.949172,14.330169,16.773996,20.204931,18.426846,17.61762,16.040384,13.100262,10.774255,11.398046,9.414001,11.796857,14.149423,14.127405,16.764545,16.520962,19.930021,19.831516,24.355652
20,15.314613,14.254785,13.254763,9.742855,11.614969,11.095072,13.473599,15.9862,15.973275,20.93785,22.20588,26.732786,24.111532,21.1297,18.525404,15.276103,11.802608,10.221863,5.6797976,5.666206,0.0,5.4534097,7.9431925,9.334784,13.554589,14.170324,17.662739,16.013344,15.068229,17.578812,17.472786,19.877697,25.269121,24.423916,28.41946,30.546501,32.478516,31.775253,27.675333,23.664644,27.07708,23.279327,23.441082,20.754019,21.335815,19.22213,22.236412,19.360233,24.081106,26.91026,28.562923,24.862272,30.471252,29.362917,28.721289,29.997965,25.82806,26.92084,30.756607,26.153955,23.008585,22.857672,20.572256,20.343782,19.904509,18.527597,20.146006,21.985415,20.682558,20.717955,19.308517,21.620716,18.787724,22.132755,20.46435,22.534142,23.531248,21.956392,26.118788,24.92864,22.568468,24.70051,21.853352,18.764147,17.403683,13.714164,13.731089,9.636024,12.83315,12.874724,16.659424,18.18701,20.512001,18.628305,18.733387,16.090698,14.656442,10.554046,12.1248455,8.395894,8.451587,11.783188,13.031742,15.497992,17.286308,20.265562,21.289555,25.57133
21,10.275403,9.015207,9.232889,6.1836686,9.245061,10.398999,13.079198,16.96289,17.59087,22.436573,25.160343,29.279852,27.010103,24.483332,21.104834,18.333294,14.65913,13.189599,8.947349,7.481118,5.4534097,0.0,5.683922,7.494705,9.883953,11.719922,15.396395,15.317018,15.177709,18.452454,19.276392,22.296955,28.209919,28.205042,31.716,34.303246,36.083492,34.906,30.98814,26.735094,29.430246,25.010378,25.38993,21.537441,21.329,18.743988,21.000643,17.229902,21.67138,24.368683,26.778542,23.676565,29.625475,29.181263,29.14552,30.994823,26.909922,28.716589,32.553787,27.88306,24.925787,23.521513,20.677517,19.549448,18.169643,15.78857,17.03783,19.860836,18.66396,20.03212,18.772774,22.259914,20.573212,24.45073,23.663868,26.193518,27.745598,26.636894,30.944553,30.088158,27.476313,29.217373,26.194374,22.887604,21.793158,17.50446,16.85562,12.044726,14.093781,12.988027,16.022205,16.995884,19.92902,19.51405,20.218258,18.061983,17.350908,13.533967,16.422834,13.516523,13.754533,16.675997,17.78013,18.950483,20.873018,23.346115,23.783094,28.227089
22,13.528455,11.810273,13.883889,10.242694,12.427476,14.954762,15.71984,20.71008,20.205675,26.02995,27.672869,32.20066,30.495232,27.718134,25.103489,21.542437,18.522354,15.917506,12.26759,9.373754,7.9431925,5.683922,0.0,4.853239,6.806899,8.312847,13.23039,13.472924,14.825045,16.482454,19.306852,20.807623,27.773458,27.348194,30.845852,33.58985,34.6671,33.451664,29.3576,24.97352,28.187992,23.459938,24.855204,21.313467,19.650343,17.962055,19.153503,16.442081,20.32386,23.766676,26.22998,24.000204,29.212975,29.729347,28.92309,30.981691,27.613655,29.56409,33.948776,29.831818,26.579767,25.826334,22.467995,22.03471,19.205282,18.262323,17.841427,19.518837,16.854836,17.966618,15.553269,18.878044,17.664259,21.207954,21.261423,23.5905,25.934351,25.386864,29.982267,29.959246,28.112637,29.702433,27.160805,23.514809,21.675102,18.41491,15.67418,11.008882,11.32149,8.834201,11.628059,11.909374,14.348006,14.338625,15.631334,13.596921,14.173544,10.467481,15.002518,13.492608,14.691041,15.690166,16.360622,15.634722,17.98116,19.600092,19.900541,24.203947
23,15.173641,11.993889,13.686127,9.087201,9.812568,13.313354,12.289777,18.126263,17.01779,23.26309,24.853071,29.272383,28.298851,25.742764,23.38465,19.54374,17.23112,13.911257,11.50631,7.5598083,9.334784,7.494705,4.853239,0.0,5.31861,4.8419847,8.864712,8.7008295,10.200062,12.191478,15.253904,17.193512,24.170444,24.569021,27.521238,30.6153,31.723372,30.095627,26.30921,21.866081,24.283129,19.33907,20.69101,16.735283,14.949301,13.125776,14.448363,11.828542,15.910549,19.36947,21.543043,19.27864,24.372812,25.000471,24.174768,26.372433,23.17713,25.395826,29.872177,26.004404,22.780954,21.91913,18.282204,18.164486,14.810834,14.921969,13.973211,14.932835,12.321818,13.27779,11.407117,15.168994,14.381504,18.521687,18.83341,21.872179,24.267006,24.19943,28.71706,29.076,26.641407,27.589779,24.954584,21.127396,19.695923,16.005342,12.9363575,8.249655,8.023871,6.230062,8.700184,10.197235,14.101669,14.071905,14.35863,13.384319,12.541056,10.392435,14.149434,13.703083,16.230347,16.950275,16.770298,16.452682,17.0481,19.052254,18.351484,22.890934
24,13.7818575,10.486504,14.043666,10.695643,11.823578,16.24535,15.395926,21.733187,21.07877,26.994186,29.398054,33.507683,32.731052,30.430641,27.660206,24.184238,21.69036,18.699621,16.155344,12.434512,13.554589,9.883953,6.806899,5.31861,0.0,3.8328032,8.196539,10.809033,13.463157,15.382893,19.342405,21.251915,28.42858,29.230562,31.807352,35.13802,35.962307,34.054077,30.459402,26.006023,27.936125,22.688972,24.382513,19.80346,16.94299,15.131441,14.877464,11.817832,14.779996,18.25464,21.340338,20.268425,25.202238,26.808582,26.405136,29.09553,26.283165,29.009575,33.428913,29.704916,26.701784,25.018227,21.05524,20.278042,15.823477,15.35494,13.208871,14.819333,11.83366,14.482866,12.548069,17.20329,17.796146,21.856237,23.01858,26.06589,28.885012,29.109465,33.67828,34.265354,31.9153,32.728962,30.101555,26.241,24.859095,21.14894,17.813255,13.3796625,12.122788,9.1787615,9.6548605,9.612286,13.717918,15.642852,16.784492,16.30422,16.65483,14.729809,19.155094,18.79379,20.889603,21.557112,21.539509,20.20825,21.276411,22.53736,21.534632,25.845016
25,17.133837,13.441798,16.219927,12.104005,12.195436,16.69556,14.511152,21.074707,19.637625,25.989271,27.644415,31.865301,31.577745,29.247778,27.043589,23.164871,21.30306,17.732635,16.007048,11.894967,14.170324,11.719922,8.312847,4.8419847,3.8328032,0.0,5.368355,7.405217,10.723762,11.823277,16.50471,17.899532,25.237741,26.19247,28.507097,31.960644,32.594418,30.551374,27.071217,22.644278,24.406797,19.10218,21.09841,16.745552,13.389978,12.079608,11.633362,9.589774,12.569365,16.443985,18.98163,17.973364,22.406132,24.19429,23.286154,25.953768,23.506283,26.219515,30.843504,27.504772,24.409607,23.248398,19.17841,19.112883,14.290148,15.332625,12.652161,12.784984,9.046547,10.934338,8.729357,13.41306,14.285971,18.435476,19.882694,23.15354,26.109491,26.709812,31.216103,32.21023,29.858337,30.32163,27.883074,23.940517,22.534779,19.16446,15.164315,11.270258,9.134731,6.4618335,6.3116865,7.2865314,12.171206,13.653916,14.109811,14.305482,14.057653,13.208323,17.284737,17.851654,20.771793,20.789448,20.203547,18.789995,18.882149,20.165445,18.60948,22.941198
26,19.867046,15.458675,17.6533,13.697042,12.343078,17.226833,13.417501,20.256634,18.459455,24.60878,26.465544,30.212889,30.794588,28.91691,26.920689,23.181086,22.093306,18.383158,17.93104,13.879444,17.662739,15.396395,13.23039,8.864712,8.196539,5.368355,0.0,5.017021,8.659211,10.169212,14.730297,16.781788,23.470667,25.624756,27.02127,30.827757,31.50514,28.929106,26.08591,21.864784,22.15365,16.782654,18.566652,13.526759,9.700722,8.146653,6.740863,4.7128935,7.3079057,11.268467,13.639089,13.156184,17.268528,19.59319,18.959686,21.984222,19.987652,23.18258,27.674438,24.803307,22.030413,20.404104,16.11349,16.237576,10.456602,13.105405,9.237282,7.7784944,3.7136393,6.892819,6.811675,12.1143675,14.100963,18.548838,20.292208,24.138433,26.94635,27.988857,32.192047,33.459297,30.513136,30.258768,27.768347,23.898142,23.153296,19.4969,15.839283,12.856038,10.564048,9.62165,8.213744,10.135509,15.465808,16.916561,16.41094,17.585443,16.145487,16.652328,19.575216,20.723688,24.199419,24.282398,23.21617,22.34373,21.032318,22.571865,20.119682,24.334826
27,21.90455,17.64989,18.654669,13.983535,12.094215,16.017073,11.430138,17.718931,15.040866,21.645971,22.346563,26.401403,27.117039,25.052856,23.747532,19.581484,19.12222,14.974312,15.385737,11.463329,16.013344,15.317018,13.472924,8.7008295,10.809033,7.405217,5.017021,0.0,4.4844837,5.4042873,9.979358,11.876977,18.601578,20.643719,22.161188,25.89871,26.746078,24.293705,21.338457,17.09379,17.602837,12.287154,13.964824,9.462828,6.338325,5.0856843,6.361297,6.2267933,9.824422,13.360903,14.229686,12.298503,16.25299,17.524218,16.071682,18.596666,16.383293,19.131332,23.882723,21.090708,18.028622,17.525085,13.483328,14.755342,10.1643715,13.885106,11.407243,8.922728,5.9994674,4.7660565,5.0897703,9.148891,9.947171,14.657467,15.8070135,19.855993,22.335249,23.389118,27.447453,28.760187,25.722279,25.311247,22.927664,19.05363,18.35741,14.96695,11.173074,9.009146,6.885779,7.9705133,7.7017817,10.997419,15.900763,15.702501,14.168077,15.359453,12.556686,13.870998,15.639034,17.347687,21.382936,21.167854,19.687855,19.57228,17.261692,19.383375,16.851156,21.184763
28,22.181566,18.002771,17.70111,13.03688,10.4140415,13.294,7.9977455,13.649835,10.636344,17.264698,17.958818,21.945606,22.695024,20.762484,19.56303,15.46938,15.503192,11.414664,12.907275,9.6717005,15.068229,15.177709,14.825045,10.200062,13.463157,10.723762,8.659211,4.4844837,0.0,5.8232408,6.3733416,10.517197,16.003298,18.532911,20.0604,23.666664,25.22045,22.85452,20.05449,15.994026,16.026775,11.260804,11.476562,6.622645,7.0253544,4.349004,8.718739,7.702735,11.983234,14.470691,14.59538,10.956346,15.625656,15.289949,14.192755,16.23285,13.058183,15.571403,20.152185,16.915354,13.800142,13.389647,9.596883,11.361151,8.502926,12.326911,11.496958,9.497139,9.020784,7.2872415,9.033097,11.617733,10.918113,15.59726,15.507376,19.694881,21.321821,21.966187,25.721321,26.523144,22.791079,22.248009,19.511646,15.801758,15.849407,11.637276,9.644665,7.9468746,8.062277,10.60043,11.561452,15.010479,19.626966,18.566555,16.593273,17.279436,13.322049,14.489384,14.738306,15.994753,20.027601,20.491377,19.009325,20.347446,17.528727,20.498316,18.300577,22.662683
29,26.368444,22.360601,22.74022,17.820002,15.785296,18.563791,13.649346,18.608612,14.86704,21.598288,20.3671,24.704447,25.839361,23.584389,23.46347,18.853088,19.37574,14.89863,16.3417,12.99247,17.578812,18.452454,16.482454,12.191478,15.382893,11.823277,10.169212,5.4042873,5.8232408,0.0,7.119303,6.646334,13.827991,15.606013,17.004461,20.748993,21.378279,18.977365,15.954884,11.741646,12.584304,7.3187885,9.729545,7.43193,5.006623,6.454267,8.57703,10.786913,13.590087,16.760973,16.242702,13.930017,16.446856,17.085,14.221263,15.990676,14.353974,16.322924,21.4011,19.310734,16.035395,17.378216,14.037025,16.66258,13.412425,17.900541,16.072397,12.660872,10.225728,5.9995017,6.0767612,6.1950097,5.5173006,10.1164465,11.006767,15.283637,17.617212,19.123247,22.908066,24.740368,21.947,21.1175,19.25122,15.443654,14.576863,12.539961,7.8777485,8.39372,6.1098704,9.233656,9.333045,13.00608,16.867252,15.180131,12.427153,14.1028385,10.011676,13.048523,13.243573,16.239752,20.913836,19.78586,17.614746,17.835583,13.991896,16.358059,13.39416,17.470171
30,27.25386,23.415443,22.155184,17.601606,14.885354,15.866584,10.720225,13.38119,8.945259,15.224353,13.334587,17.593897,18.979607,16.992086,17.405985,13.005496,14.752191,10.726563,14.055813,12.234401,17.472786,19.276392,19.306852,15.253904,19.342405,16.50471,14.730297,9.979358,6.3733416,7.119303,0.0,6.67495,9.950102,12.980328,14.262762,17.712326,19.806107,17.59853,15.078776,11.585677,11.139248,7.8560743,6.274972,4.7213616,8.890941,8.197896,12.851881,13.449006,16.998302,18.863396,17.556276,13.207603,16.413116,14.399339,12.200095,12.8131275,9.431358,10.573029,15.4043455,12.639842,9.161565,11.537417,9.398511,12.917356,12.665394,16.797136,16.976984,14.379074,14.485714,11.049386,12.886912,12.862444,10.552612,14.175009,12.696373,16.822954,17.362755,18.025776,21.076601,21.912779,17.73502,16.500933,13.93897,10.505371,11.408824,8.019204,7.7632766,9.324163,10.504615,14.377052,15.738253,19.421766,23.26419,20.906528,18.014206,18.729145,13.528732,15.756672,13.590799,15.589034,19.992474,20.05475,18.01607,20.588205,16.34078,19.918068,17.784008,21.64008
31,31.21563,27.54264,27.068266,22.137632,20.048096,21.391447,16.755888,19.629549,15.181142,21.300135,17.65657,22.173231,23.60189,21.186672,22.569666,17.807423,19.503368,15.250728,17.797394,15.654757,19.877697,22.296955,20.807623,17.193512,21.251915,17.899532,16.781788,11.876977,10.517197,6.646334,6.67495,0.0,8.000618,9.017833,10.622729,14.177452,14.990772,12.955341,9.63073,5.484005,7.553172,4.451181,6.36289,8.858802,9.731464,11.580958,14.419691,16.904867,19.62001,22.233603,20.71754,17.725962,19.179457,18.403814,14.553659,14.759398,13.511021,13.79725,18.80316,17.48887,14.193692,17.820696,15.839055,19.427746,18.050245,22.56005,21.718716,18.262096,16.649294,11.997503,12.180128,9.455358,6.0313444,8.066675,6.724372,10.987317,12.215305,14.036254,17.150795,19.37722,16.71361,15.295708,14.167709,10.775131,9.959033,10.2622175,6.508961,10.44826,9.84593,13.7958145,14.688419,18.189749,20.889378,17.69794,14.094947,15.512357,10.277953,14.295511,11.846788,15.754329,20.657204,18.880686,16.102598,17.523268,12.048026,15.037177,12.357285,15.613256
32,36.905434,33.252476,31.788322,27.2678,24.68134,24.847855,20.18509,20.705536,16.112875,20.211256,14.495086,18.032396,20.665115,18.937378,21.908081,17.969276,21.197884,17.94877,21.821608,20.891527,25.269121,28.209919,27.773458,24.170444,28.42858,25.237741,23.470667,18.601578,16.003298,13.827991,9.950102,8.000618,0.0,6.20893,4.6815844,8.239696,10.722113,8.601689,7.613912,7.2839236,5.00843,8.116618,5.700516,11.560843,15.126194,16.537949,19.977276,22.363985,24.816927,26.369442,23.764353,20.141182,20.458761,17.852732,13.925056,12.090563,11.496662,9.478181,13.449233,13.765111,11.441709,16.943003,16.847567,21.065598,21.666346,26.303818,26.373137,22.818954,22.667822,18.071968,19.504517,16.694939,13.869087,14.387141,11.9256735,14.73499,13.610973,15.150917,16.194462,18.125004,14.534604,11.348079,10.967745,9.599169,11.044317,12.392245,12.632131,16.861824,17.486988,21.590145,22.594723,26.14567,28.842016,25.406942,21.672739,22.880037,17.486841,21.13125,17.124472,20.413465,24.863346,23.594841,20.82551,23.670322,17.823904,21.03829,18.819035,20.9624
33,37.780426,34.610752,33.28456,28.585983,26.666979,26.491175,22.782887,23.205978,18.831974,23.243866,16.858213,21.068563,22.43642,19.959347,23.263956,19.010355,21.780315,18.592497,21.763897,21.163067,24.423916,28.205042,27.348194,24.569021,29.230562,26.19247,25.624756,20.643719,18.532911,15.606013,12.980328,9.017833,6.20893,0.0,5.1586328,6.3271003,8.323267,8.479942,5.1773424,5.5304246,8.90313,11.296166,10.780788,15.922581,18.428135,20.017725,23.263975,25.538607,28.395573,30.616215,28.558342,25.026075,25.877565,23.709179,19.735569,18.216942,17.310549,15.317626,18.984459,18.667099,16.029142,21.58711,21.289371,25.193256,25.590355,29.646711,29.797281,26.654716,25.582916,20.942112,21.059599,17.609919,13.609287,12.683086,8.897312,10.112977,7.8071737,9.311967,10.099884,12.696406,10.625602,8.1348505,9.243357,8.1987915,7.8456025,12.089829,11.721803,16.590796,17.374634,21.311731,22.85261,26.094397,27.778101,23.481022,19.759697,20.412674,15.346133,18.924522,14.1768875,17.901978,22.139557,19.93745,16.981752,19.948814,14.042516,17.182991,15.926879,17.44435
34,40.818714,37.27731,35.97767,31.337183,28.956226,29.094301,24.645111,25.084158,20.540567,24.423439,18.012852,21.335642,23.88649,22.07367,25.588865,21.692211,24.925978,21.753332,25.380913,24.515602,28.41946,31.716,30.845852,27.521238,31.807352,28.507097,27.02127,22.161188,20.0604,17.004461,14.262762,10.622729,4.6815844,5.1586328,0.0,4.1969566,6.080645,4.534879,4.6311793,7.151389,6.242959,10.801803,9.808983,15.846292,18.523975,20.521593,23.422338,26.333082,28.515202,30.254967,27.526167,24.36941,23.983082,21.777359,17.447115,15.341146,15.756249,13.443014,16.677942,17.806683,15.825503,21.515785,21.521011,25.744686,26.126997,30.851738,30.692965,26.903763,26.267002,21.400381,22.279938,18.579248,15.674296,14.707383,12.198371,13.795664,12.1101675,14.210862,14.213301,17.022076,14.680036,11.195597,12.371113,11.88042,12.574075,15.652219,15.289102,19.983278,20.245434,24.20429,25.083706,28.425512,30.446001,26.61126,22.720562,24.06425,19.03222,23.060894,18.797932,22.572084,26.947544,24.919075,21.934824,24.437962,18.29247,20.974384,18.896788,20.026995
35,43.674454,40.369812,38.82257,34.25542,32.0372,31.681017,27.702019,27.418848,23.069115,26.33746,19.199192,22.259548,24.53234,22.71461,26.82325,23.223524,26.618267,23.871464,27.486124,27.09994,30.546501,34.303246,33.58985,30.6153,35.13802,31.960644,30.827757,25.89871,23.666664,20.748993,17.712326,14.177452,8.239696,6.3271003,4.1969566,0.0,4.592903,5.912881,6.637593,10.090746,10.408199,14.905118,13.777952,19.738651,22.608334,24.469559,27.517614,30.25199,32.61434,34.363476,31.642506,28.306858,28.001019,25.454723,21.319424,18.91152,19.179552,16.340897,18.770662,20.05759,18.369,24.373842,24.827208,28.990364,29.853844,34.28847,34.46194,30.895924,30.265036,25.432594,26.075293,22.248877,18.968742,17.457964,14.428689,14.89942,12.136866,13.778406,12.403634,15.154967,13.521825,9.863912,12.223073,12.916276,13.593635,17.595694,17.920063,22.73737,23.363379,27.304565,28.472792,31.721968,33.36056,29.140923,25.297525,26.301207,21.436275,25.206766,20.427422,23.999754,27.99392,25.82996,22.913189,25.81606,19.840906,22.451605,21.000141,21.569942
36,45.589325,42.20038,41.166542,36.38901,34.28128,34.47231,30.25931,30.801188,26.303438,30.189215,23.377956,26.606564,28.898483,26.938557,30.785145,26.871534,29.944685,26.797295,30.031448,29.163942,32.478516,36.083492,34.6671,31.723372,35.962307,32.594418,31.50514,26.746078,25.22045,21.378279,19.806107,14.990772,10.722113,8.323267,6.080645,4.592903,0.0,3.9683263,5.534307,9.967167,10.853463,15.32866,15.469915,21.422506,23.161879,25.66461,27.974562,31.353537,33.27449,35.288956,32.561157,29.910961,28.98579,27.32225,22.689651,20.588335,21.663103,19.333824,22.138039,23.696623,21.84535,27.593214,27.52839,31.730125,31.762417,36.542305,36.092743,32.112858,30.879055,25.843124,26.035255,21.566132,18.73598,16.233913,14.05414,13.889954,11.870322,14.513932,13.22398,17.113367,16.759996,13.654068,16.127714,16.21695,15.98987,20.364697,19.26863,24.171715,24.003504,27.64346,28.363945,31.354755,32.49093,28.29395,24.401512,25.844498,21.539482,25.806162,21.569395,25.743837,29.927267,27.019278,23.908154,25.750813,19.635448,21.407154,19.65734,19.365688
