,0,1,2,3,4,5,6,7,8,9,10,11,12,13,14,15,16,17,18,19,20,21,22,23,24,25,26,27,28,29,30,31,32,33,34,35,36,37,38,39,40,41,42,43,44,45,46,47,48,49,50,51,52,53,54,55,56,57,58,59,60,61,62,63,64,65,66,67,68,69,70,71,72,73,74,75,76,77,78,79,80,81,82,83,84,85,86,87,88,89,90,91,92,93,94,95,96,97,98,99,100,101,102,103,104,105,106,107,108,109,110
0,0.0,4.27328,6.4869223,9.8545885,12.439935,14.877277,18.386992,21.528925,25.20177,27.051128,31.678118,30.838488,27.380337,27.920223,22.896055,25.064943,21.03432,22.328823,22.085138,22.071192,24.84154,22.371725,26.975655,26.767254,26.396435,25.540289,26.460339,29.090929,25.130722,29.80178,27.46399,33.79111,34.968994,38.341793,39.480633,41.555397,45.307434,44.202957,42.343826,39.832966,38.981632,36.715286,33.17802,34.043427,29.250072,30.070618,26.413527,29.607323,31.283062,30.299765,28.612368,29.123459,25.420069,29.277788,30.166927,31.306875,32.41734,35.824154,38.35524,39.32489,36.153698,41.50384,39.43065,39.933666,44.47063,40.12226,43.352238,43.94131,44.88016,40.043255,36.169952,38.30233,36.782757,38.768196,38.693264,36.074966,39.39058,39.072197,40.048687,42.762478,40.01573,36.79537,35.634457,33.121464,33.50206,29.29385,31.628176,27.447386,27.65601,27.550282,26.969275,27.64257,29.887928,28.689125,27.943573,26.473637,24.986595,22.731796,21.016651,18.565184,17.64375,18.949291,16.925526,18.31542,18.341642,18.377321,21.526804,23.546444,23.600418,27.647652,27.830801
1,4.27328,0.0,5.2799416,6.689015,9.066993,12.481312,15.070821,19.193789,22.263662,24.556057,28.978186,28.670895,25.493217,25.642925,20.62296,22.128231,18.045544,18.73461,18.625256,18.09408,20.97499,18.801975,23.195616,22.650328,22.406214,21.453983,22.323536,24.861406,20.982533,25.678747,23.571516,29.84108,31.555752,34.812717,36.1002,38.354324,41.936237,40.749924,38.696033,36.015793,35.33705,32.77262,29.407534,30.079994,25.475044,26.128963,22.51486,25.801567,27.682924,26.979692,25.318205,26.310066,22.932089,26.941038,27.433413,28.841219,29.397173,32.969448,35.41685,36.04906,32.745586,37.869946,35.578465,35.972,40.382698,35.94911,39.145744,39.689293,40.6156,35.79389,31.898512,34.05439,32.56477,34.650787,34.676983,32.172993,35.637455,35.425785,36.60703,39.37515,36.859,33.487682,32.304073,29.600601,29.671896,25.53916,27.522835,23.265215,23.389992,23.348272,22.841896,23.739075,26.068474,25.205256,24.59597,22.981474,21.498028,18.985048,17.02005,14.541481,13.423702,14.727722,12.949098,14.744274,14.898524,14.6244545,18.442347,19.918184,20.517363,24.377728,24.996431
2,6.4869223,5.2799416,0.0,5.2716584,6.935839,8.791105,12.465385,15.104644,18.942379,20.583477,25.32693,24.493214,21.199171,21.919008,17.008204,19.41288,16.148645,17.475946,18.587084,18.757496,22.249233,20.935442,25.48708,24.424757,25.24206,24.050964,24.239052,26.040615,20.843243,25.247463,22.255816,28.583319,28.967466,32.418644,33.407986,35.317875,39.188976,38.21022,36.533592,34.295017,33.331753,31.661139,27.916454,29.577139,24.568066,26.450422,23.204403,27.019907,28.702162,27.786072,25.49838,26.447023,22.52508,25.990543,25.92607,26.526863,27.309702,30.676476,32.76946,34.067505,31.03771,36.624493,34.58566,35.59572,40.001816,36.15304,39.573967,40.067127,41.56327,37.089607,32.879864,34.847473,32.70234,35.05414,34.081207,31.680445,34.648174,33.90849,34.76293,37.242508,34.36999,31.333574,29.750755,27.552708,28.317396,24.265194,27.185646,23.982046,24.487345,25.31016,25.157385,26.856,29.06424,28.86801,28.024668,25.942144,23.994137,21.043755,19.143908,15.714152,15.686751,15.392604,14.245843,16.039064,14.704342,14.046574,16.301424,18.032913,17.48681,21.55513,21.450104
3,9.8545885,6.689015,5.2716584,0.0,3.903666,6.2391644,9.265274,13.167507,15.98887,18.66751,22.622519,22.40083,19.273949,19.088074,14.085202,15.451472,11.5703945,12.581194,13.361751,13.585649,17.086,16.068356,20.627266,19.611227,21.103745,20.282345,20.813679,22.247677,17.005037,21.320642,18.653587,24.666668,26.05758,28.845657,30.455978,32.394413,36.10587,35.270115,33.08059,30.516489,30.333006,28.246838,24.93628,26.530064,22.018003,23.760275,20.754854,24.737106,26.893808,26.602827,24.420294,26.243158,22.959297,26.536837,25.698854,26.560978,26.254736,29.86302,31.538715,32.372173,29.150831,34.303703,31.689108,32.5954,36.482456,32.470993,35.767693,35.880714,37.345074,32.93211,28.586376,30.14098,28.098555,30.02705,29.273537,26.662834,29.751713,29.26694,30.237017,32.92713,30.26801,26.988913,25.875948,23.27994,23.802109,19.54768,22.46718,19.08347,19.992975,20.958954,21.444971,23.118391,25.999851,26.211262,25.995525,23.95865,22.296032,19.005482,16.473885,13.203598,11.907936,10.87738,9.258967,10.981651,9.479871,8.9112835,11.848795,13.856528,14.163293,18.263533,19.123108
4,12.439935,9.066993,6.935839,3.903666,0.0,5.369741,6.01347,10.867731,13.317901,15.836733,20.142223,20.360365,17.770884,17.752808,13.091419,14.129255,11.379191,11.389524,13.75172,13.137677,17.128967,17.090475,20.98939,18.989199,20.70307,19.288054,18.978321,20.02035,14.185671,18.429514,15.412653,21.679264,22.660427,25.916056,27.149609,29.297655,32.942787,31.895744,29.926579,27.496058,26.833525,24.927967,21.38414,23.173418,18.426645,20.644815,17.835463,22.040962,24.024342,23.647816,21.190668,23.125301,19.846806,23.197176,22.002228,22.789354,22.360773,25.967443,27.658531,28.506252,25.319405,30.59887,28.171041,29.250765,33.33918,29.595015,33.03322,33.374588,35.105095,30.87116,26.491045,28.35288,25.942709,28.600994,27.345373,25.234612,28.268858,27.513123,28.657898,31.134113,28.602062,25.382206,23.573942,21.163889,21.584057,17.72777,20.401382,17.721357,18.308386,19.807177,20.086058,22.573263,24.820974,25.580713,24.969131,22.545555,20.528301,17.024435,14.751934,10.905605,11.224539,9.362607,9.663862,12.178936,10.137071,8.215304,11.059834,11.352089,11.604568,15.344453,16.028133
5,14.877277,12.481312,8.791105,6.2391644,5.369741,0.0,6.112149,7.1869183,10.746782,12.986599,16.946136,16.274872,13.086094,13.275952,8.380582,10.801933,8.684741,10.531345,13.356933,14.53627,18.463037,18.824137,23.07181,21.437693,24.259634,23.290112,23.06947,23.37381,16.766037,20.23816,16.550354,22.162838,21.972147,24.652075,26.113968,27.530863,31.560432,31.105701,29.236546,27.211592,27.000847,26.074816,22.547447,25.462011,20.863403,24.097757,21.85889,26.282839,28.266714,27.973927,25.20799,27.24391,23.789566,26.575737,24.705967,24.597713,24.001999,27.323568,28.21827,29.715183,26.869934,32.296688,29.824615,31.497648,35.053577,31.869236,35.3195,35.221764,37.38791,33.574524,28.938332,30.04641,27.213276,29.315062,27.232027,24.80731,27.118969,25.94735,26.478157,28.783405,25.724321,22.881853,21.330034,19.40393,20.90741,16.896278,21.121828,19.481216,20.957956,23.011406,24.051039,26.543823,29.28866,30.31299,29.998703,27.569824,25.58062,21.955278,19.55571,15.712812,15.526885,12.548322,12.1428585,13.494179,10.073671,8.893712,8.368908,10.788544,9.271336,13.712531,13.911429
6,18.386992,15.070821,12.465385,9.265274,6.01347,6.112149,0.0,6.8548627,7.627987,10.623519,14.540312,15.52209,13.818947,13.471717,9.783702,9.804948,9.299284,8.236525,12.885755,12.250233,16.516237,18.104153,21.175459,18.275444,21.281025,19.714264,18.595867,18.270782,11.197758,14.454249,10.580495,16.541843,16.82652,19.994167,21.237946,23.297974,26.96954,26.061474,24.118431,21.909405,21.355923,20.092937,16.520226,19.37338,14.844446,18.384233,16.60196,21.13952,23.095,23.059183,20.21221,22.795818,19.969105,22.540451,19.994242,20.22585,18.752378,22.260948,23.140404,24.09646,21.083954,26.301208,23.736658,25.395784,29.047258,25.980108,29.512188,29.643736,31.987875,28.364323,23.763756,25.266768,22.144325,25.199354,22.841925,21.176935,23.735163,22.500488,23.625011,25.807137,23.335365,20.284441,17.856718,15.7586975,16.503296,13.132659,16.378223,15.505545,16.472086,19.114727,20.002918,23.361803,25.426445,27.187649,26.66042,23.929115,21.784977,18.019049,15.846321,11.927333,13.096123,9.217153,11.249356,13.55325,10.381818,7.4459443,8.092858,6.172715,5.9589233,9.348767,10.327481
7,21.528925,19.193789,15.104644,13.167507,10.867731,7.1869183,6.8548627,0.0,5.209059,5.930584,10.376242,9.655238,7.4632926,8.535902,5.830539,8.48735,10.490668,11.53827,16.382772,17.43783,21.438318,23.202478,26.575731,24.02954,27.703852,26.366444,25.161749,24.298965,16.913305,18.993849,14.435274,19.088562,16.584799,19.436857,20.319708,21.251286,25.539906,25.353355,24.085545,22.871569,22.250032,22.842653,19.155706,23.445856,19.045074,23.757195,22.55565,27.113003,28.737072,28.447561,25.21291,27.41391,24.138273,25.842712,22.79578,21.622604,20.53743,23.335863,23.242844,25.423521,23.159174,28.69292,26.591055,29.09981,32.302685,30.249065,33.792957,33.658764,36.576103,33.562397,28.87778,29.743357,26.08525,28.775238,25.165966,23.4992,24.862997,22.80454,23.012844,24.59693,21.345823,19.203726,16.460518,15.724869,18.155075,15.252133,20.109465,20.714823,22.292276,25.327217,26.589626,29.975208,32.152042,34.03023,33.460682,30.652647,28.362406,24.63067,22.643728,18.631092,19.809595,15.755585,16.952,18.352592,14.335015,12.412954,9.177809,9.442275,5.257211,8.791973,7.4608736
8,25.20177,22.263662,18.942379,15.98887,13.317901,10.746782,7.627987,5.209059,0.0,4.6525345,6.9209137,8.606443,8.463521,7.7811356,7.200936,6.457901,10.333206,9.744944,15.377158,15.911732,19.652966,22.402775,24.880962,21.818848,26.092058,24.784468,23.288872,21.586775,14.2656765,15.231899,10.732202,14.330957,12.054731,14.352305,15.724741,16.810404,20.914812,20.78903,19.109875,17.773441,17.748398,18.423231,15.210914,19.883223,16.310373,21.26637,20.835041,25.278393,27.028025,27.244762,24.124424,26.967552,24.48854,25.94188,22.12734,21.144144,18.767715,21.552538,20.79526,22.436764,20.186708,25.110107,22.599669,25.25901,27.8525,26.136898,29.570576,29.179247,32.352932,29.788755,25.120302,25.64015,21.697504,24.530815,20.381023,19.14838,20.278923,18.037546,18.489754,19.980516,17.107527,14.836991,11.56297,10.837294,13.280023,11.078669,15.910054,17.788507,19.512632,23.046812,24.70748,28.414457,30.523216,32.991524,32.669785,29.843256,27.717918,23.976728,21.982754,18.414474,19.577944,14.936602,16.970762,18.317768,14.405089,12.118655,8.593884,6.412992,2.203677,3.7030356,4.199244
9,27.051128,24.556057,20.583477,18.66751,15.836733,12.986599,10.623519,5.930584,4.6525345,0.0,5.9850955,6.5287,7.4821987,8.767628,9.431069,10.35514,14.416865,14.348853,19.897665,20.451143,24.27027,26.90955,29.456175,26.237833,30.265858,28.644674,26.715363,25.003435,17.670856,18.365517,13.626406,16.845625,12.081853,15.216217,15.27525,15.879448,20.281603,20.207193,19.592705,19.20892,18.049305,20.052233,16.4573,21.691444,17.853632,23.437786,23.18768,27.567965,28.848019,28.636932,25.224339,27.555685,24.749231,25.52063,21.553171,19.641397,17.893822,20.072134,18.964165,21.584183,19.939487,25.277893,23.571535,26.712246,29.530058,28.525179,32.037205,31.94641,35.40135,33.126106,28.609514,29.364122,25.18667,28.448338,23.764002,23.022823,23.63187,20.926136,21.041704,21.851925,18.806181,17.393139,13.327402,13.88906,16.685144,15.291211,19.821712,22.14574,23.551676,27.138567,28.435757,32.40026,34.009003,36.507587,35.75358,32.741123,30.323994,26.680466,25.096718,21.269888,23.297588,18.904993,21.102568,22.620728,18.655334,16.368254,12.7887745,10.860923,6.6558857,6.5971904,2.8231897
10,31.678118,28.978186,25.32693,22.622519,20.142223,16.946136,14.540312,10.376242,6.9209137,5.9850955,0.0,4.6795707,7.9599714,7.372563,10.743265,9.930228,15.274698,15.088309,20.321373,21.39909,24.581335,27.849522,29.863918,26.815386,31.63701,30.474443,28.756138,26.319134,19.450964,18.916475,14.844487,15.760292,10.914137,11.571869,12.708178,12.088319,16.574772,17.512732,16.475187,16.489237,16.908571,19.570839,17.110067,22.665993,20.127388,25.605915,26.026297,30.212957,31.718748,32.046406,28.846317,31.69439,29.493748,30.12172,25.653627,23.801737,21.025608,22.86878,20.660711,22.88352,21.5948,25.868607,23.696459,27.051306,28.60455,28.223026,31.394232,30.62867,34.375847,32.79067,28.333101,28.11054,23.779346,26.270359,20.820654,20.21557,19.752289,16.59186,16.128704,16.450237,13.258338,12.587988,8.513834,10.354251,14.103761,13.691294,18.71252,22.30057,24.29318,28.165382,30.170158,34.017784,36.042107,38.914436,38.671337,35.80325,33.69011,30.042212,28.227003,24.86986,26.109241,21.319208,23.30756,24.186913,20.188993,18.356237,13.72689,12.177718,8.881307,6.953206,5.880082
11,30.838488,28.670895,24.493214,22.40083,20.360365,16.274872,15.52209,9.655238,8.606443,6.5287,4.6795707,0.0,4.366842,5.7211967,9.522577,10.804892,15.69149,16.802322,21.611092,23.438051,26.753433,29.463552,32.163815,29.585724,34.29641,33.24266,31.797941,29.79839,22.63235,22.795326,18.460402,20.200014,15.266493,16.1712,17.001234,15.943711,20.510479,21.649935,20.994324,21.164371,21.323578,24.027367,21.222252,26.716496,23.5967,29.097572,29.057617,33.41987,34.896572,34.91963,31.579695,34.04566,31.274588,31.971025,27.884735,25.682884,23.774263,25.529528,23.567894,26.381836,25.174265,29.905527,27.997538,31.345217,33.1862,32.63613,35.880062,35.148415,38.788013,36.9516,32.383865,32.18012,27.986643,30.114885,24.92946,23.79765,23.291443,20.232069,19.276953,19.618965,15.88394,15.558172,12.559342,14.190352,18.172987,16.972319,22.54845,25.40516,27.55803,31.215439,33.165226,36.778744,39.050243,41.57182,41.2669,38.40708,36.1955,32.47815,30.563862,26.887056,27.938332,23.298424,24.609587,25.276161,21.029488,19.606483,14.395991,14.597158,10.4071455,10.359133,8.233974
12,27.380337,25.493217,21.199171,19.273949,17.770884,13.086094,13.818947,7.4632926,8.463521,7.4821987,7.9599714,4.366842,0.0,3.9875517,6.2396193,9.303472,13.163459,15.287304,19.552675,21.90901,25.307549,27.415438,30.722067,28.640553,33.15411,32.29756,31.305182,29.830297,22.546417,23.545467,19.160103,21.929945,18.145134,19.304428,20.535784,19.92245,24.45919,25.386272,24.348558,23.943293,24.244267,26.11803,23.06943,28.142595,24.538687,29.664557,29.046177,33.549686,35.209877,35.13289,31.8443,34.181614,31.048447,32.247234,28.680132,26.785238,25.35062,27.507767,26.206957,28.90653,27.290161,32.3531,30.240088,33.25991,35.459026,34.229416,37.54821,36.81828,40.13676,37.79517,33.081997,32.96435,29.06447,30.837791,26.329435,24.529404,24.542576,21.91967,21.022322,21.975956,18.05612,17.11838,15.041524,15.670255,19.473042,17.211231,23.14391,24.939434,27.237118,30.563248,32.49948,35.738094,38.383427,40.491257,40.28774,37.550503,35.397278,31.628752,29.48618,25.68762,26.214354,21.801283,22.385836,22.847866,18.529137,17.511303,12.148202,13.970357,9.578648,11.399802,9.7198105
13,27.920223,25.642925,21.919008,19.088074,17.752808,13.275952,13.471717,8.535902,7.7811356,8.767628,7.372563,5.7211967,3.9875517,0.0,5.0865393,6.272395,10.755779,12.766868,16.757023,19.407352,22.446451,24.839949,27.88739,26.002752,30.903627,30.389572,29.698425,27.9935,21.002592,21.70971,17.759716,19.93357,17.37856,17.513306,19.687986,19.108898,23.431835,24.541777,22.81509,21.996014,23.292458,24.660051,22.137218,26.993105,23.92777,28.704212,28.237402,32.67051,34.62027,34.935966,31.86006,34.63366,31.892975,33.35585,29.62384,28.183363,26.065971,28.461212,27.033401,29.137701,27.30369,31.878145,29.237564,32.057495,33.75697,32.34738,35.490406,34.3913,37.618015,35.360626,30.63131,30.047224,26.284513,27.481024,23.091919,20.989143,20.914093,18.464674,17.510468,18.80139,14.878354,13.591989,12.367505,12.561815,16.488579,14.069952,20.317225,22.248735,24.912472,28.260399,30.62057,33.655712,36.683697,38.908394,39.108524,36.527023,34.637074,30.846481,28.453276,24.993906,24.829668,20.214354,20.602654,20.679281,16.404884,15.661653,9.790521,12.095709,8.482183,10.131307,10.073377
14,22.896055,20.62296,17.008204,14.085202,13.091419,8.380582,9.783702,5.830539,7.200936,9.431069,10.743265,9.522577,6.2396193,5.0865393,0.0,5.01568,7.0955534,9.930718,13.635172,16.290344,19.671976,21.377024,25.016264,23.37593,27.764534,27.244642,26.876696,25.849394,18.830717,20.612053,16.662716,20.285416,18.937462,20.018959,22.134005,22.41279,26.660774,27.168732,25.210957,23.750223,24.668512,25.004686,22.094135,26.284151,22.631504,26.87556,25.751846,30.25908,32.333298,32.51096,29.545996,32.16432,29.170443,31.182505,28.05693,27.124052,25.460907,28.312843,27.747532,29.594858,27.279219,32.21821,29.47979,31.853325,34.205963,31.992731,35.264214,34.43115,37.236813,34.326393,29.525942,29.435305,26.031666,27.365166,23.941511,21.437632,22.413671,20.583801,20.244102,22.161165,18.565773,16.386873,15.317309,14.277541,17.296402,13.794567,19.731243,20.224426,22.710827,25.636463,27.72317,30.479801,33.639698,35.430813,35.59158,33.105724,31.243595,27.455654,24.923815,21.359137,20.867685,16.59349,16.471436,16.695517,12.37619,11.722386,6.2965198,10.029834,6.7030416,10.408344,10.737779
15,25.064943,22.128231,19.41288,15.451472,14.129255,10.801933,9.804948,8.48735,6.457901,10.35514,9.930228,10.804892,9.303472,6.272395,5.01568,0.0,5.5169454,6.566855,10.836419,13.17231,16.221014,18.803476,21.663874,19.75878,24.70856,24.396303,24.07111,22.501389,15.871542,16.975676,13.620392,16.328896,16.451597,16.59085,19.54121,20.080597,23.92733,24.43958,21.803503,19.86751,21.728176,21.50567,19.271769,23.216251,20.389011,24.300903,23.623446,27.957178,30.275019,30.960773,28.249903,31.429962,29.122911,31.187737,27.683868,27.209461,24.601122,27.58733,26.771276,27.883696,25.416025,29.657745,26.392805,28.57234,30.34085,28.062538,31.141048,29.976507,32.77221,30.075035,25.286488,24.77096,21.380556,22.436134,18.992529,16.42501,17.516651,15.889634,15.904023,18.179892,15.030592,12.206325,11.612311,9.754255,12.536354,8.910256,15.103485,16.179157,18.992466,22.17143,24.725597,27.53344,30.854548,33.040073,33.567272,31.179232,29.58647,25.821346,23.155252,20.112606,19.19752,14.506745,14.860391,14.928467,10.809514,9.94332,4.2244887,6.9515495,5.5061836,8.041695,10.37368
16,21.03432,18.045544,16.148645,11.5703945,11.379191,8.684741,9.299284,10.490668,10.333206,14.416865,15.274698,15.69149,13.163459,10.755779,7.0955534,5.5169454,0.0,4.6607413,6.5746703,9.855918,12.876202,14.369229,18.133398,17.132315,21.609594,21.73728,22.295315,21.611414,15.615739,17.906015,15.225056,18.936724,20.647392,21.131075,24.16806,25.1792,28.83173,29.01376,26.088306,23.571064,25.440529,24.05616,21.817041,24.701443,21.63696,24.477156,23.04196,27.273834,29.879847,30.591064,28.21364,31.304008,28.901943,31.664265,28.907734,29.087166,26.876753,30.252277,30.195152,30.930433,28.032127,32.31734,28.84207,30.375757,32.496746,29.29334,32.298805,31.191236,33.33447,29.951157,25.194508,24.882614,22.26573,22.77262,20.87716,17.620003,19.714365,19.042572,19.420744,22.239864,19.43201,16.167906,16.455587,13.739508,15.282094,10.693813,15.930178,14.750103,17.621813,19.987558,22.521152,24.558716,28.4851,30.047102,30.885824,28.820454,27.51502,23.832773,20.8014,18.02382,15.767941,11.699684,10.459179,9.974814,5.7343917,6.1255784,1.7933863,8.08971,8.494578,12.094179,14.529469
17,22.328823,18.73461,17.475946,12.581194,11.389524,10.531345,8.236525,11.53827,9.744944,14.348853,15.088309,16.802322,15.287304,12.766868,9.930718,6.566855,4.6607413,0.0,5.855391,6.684597,10.180048,12.825749,15.541008,13.47717,18.1968,18.032558,18.223698,17.141514,11.271699,13.375518,11.209584,14.877788,17.893627,18.486866,21.592104,23.215994,26.454931,26.22639,23.025269,20.08743,22.013237,19.92124,17.97726,20.38436,17.758244,20.25206,19.107803,23.21675,25.918829,26.936691,24.741304,28.198406,26.374245,29.114386,26.15641,26.780924,23.998474,27.492186,27.530243,27.641134,24.565548,28.42784,24.717524,25.992697,28.085775,24.688808,27.68424,26.671997,28.78446,25.376669,20.60326,20.54513,17.863792,18.999943,17.271954,14.435717,17.19736,16.762518,17.912172,20.820477,18.707125,15.0278,14.7806,11.448732,11.828259,7.2084727,11.558835,10.453036,13.206408,15.951341,18.551863,21.053387,24.6655,26.679829,27.509945,25.36551,24.126013,20.460857,17.485275,15.058921,13.10184,8.48439,8.862671,9.286385,5.885513,4.364846,3.9741185,4.8142686,7.7244587,10.1600895,13.566406
18,22.085138,18.625256,18.587084,13.361751,13.75172,13.356933,12.885755,16.382772,15.377158,19.897665,20.321373,21.611092,19.552675,16.757023,13.635172,10.836419,6.5746703,5.855391,0.0,5.1642,6.71858,8.189208,11.77901,11.76873,16.394867,17.449747,19.117706,18.728195,14.682056,17.015175,16.089306,19.173067,23.377544,23.25821,26.85378,28.357937,31.34876,31.27758,27.66637,24.391726,27.04744,24.238873,22.881128,24.353851,22.229736,23.495907,21.976944,25.618093,28.658298,29.94601,28.262804,31.731157,30.081085,33.31033,30.87072,31.935808,29.25682,32.878014,33.135223,32.89937,29.665255,33.09507,29.066376,29.745342,31.441814,27.429544,30.001505,28.592663,29.977016,26.249866,21.748186,21.097572,19.556793,19.008598,19.021532,15.262075,18.411074,19.007433,20.07102,23.424475,21.579695,17.790716,19.097372,15.458786,15.307716,10.699546,13.8825655,10.699451,13.914382,15.407248,18.52837,19.59575,24.36222,25.739578,27.39932,25.879604,25.281507,21.930107,18.564812,17.068972,12.943176,9.794317,7.323756,5.395703,3.8849134,5.927163,7.551901,10.578306,13.35523,15.934908,19.339193
19,22.071192,18.09408,18.757496,13.585649,13.137677,14.53627,12.250233,17.43783,15.911732,20.451143,21.39909,23.438051,21.90901,19.407352,16.290344,13.17231,9.855918,6.684597,5.1642,0.0,4.281323,6.9605374,9.150381,7.392187,11.864907,12.460543,13.970788,13.721695,10.532026,13.25039,13.25862,16.675766,22.003582,22.507278,25.742254,27.956228,30.55537,29.882772,26.246147,22.626217,24.810312,21.102077,19.896675,20.374258,18.526814,18.904997,17.330305,20.706417,23.8487,25.351969,23.990625,27.641043,26.531153,29.872286,27.607292,29.26333,26.390263,30.131172,30.817055,29.969376,26.518847,29.615377,25.542948,25.71945,27.771587,23.279047,25.874882,24.870731,25.97412,21.85785,17.41439,17.612213,16.325186,16.873276,17.57644,14.616361,18.59993,19.416195,21.257227,24.516195,23.274887,19.300104,19.698685,15.824631,14.382692,10.372047,11.191028,6.4838305,9.044627,10.455183,13.41449,14.931267,19.349564,21.02536,22.583027,21.005314,20.505228,17.250896,13.911377,13.024989,8.883475,5.8742514,5.2806487,5.579574,6.066971,5.64517,10.0681095,9.845545,13.84915,15.692848,19.33777
20,24.84154,20.97499,22.249233,17.086,17.128967,18.463037,16.516237,21.438318,19.652966,24.27027,24.581335,26.753433,25.307549,22.446451,19.671976,16.221014,12.876202,10.180048,6.71858,4.281323,0.0,4.7992616,5.4433627,5.583095,10.524089,12.413153,14.944571,14.684393,13.4220915,15.3825245,16.40639,18.660202,24.905827,24.617722,28.28565,30.41277,32.645172,32.10794,28.100437,24.252073,27.191368,23.04793,22.600082,22.472446,21.49974,21.074821,19.746958,22.50447,25.822222,27.714766,26.796679,30.595642,29.921804,33.336887,31.137325,33.026066,29.882868,33.58454,34.157135,32.916264,29.474714,31.900677,27.530869,27.28263,28.637827,23.908705,25.995005,24.52322,25.081726,21.009724,16.95691,16.355288,16.08088,15.152975,17.28966,13.9681425,18.16366,19.768415,21.703262,25.15829,24.393913,20.397837,21.719267,17.685064,15.757006,12.241809,11.994719,6.666604,9.5063,9.849177,13.549583,13.850992,19.101416,20.63866,23.005512,21.98145,22.102428,19.28863,15.969452,16.083178,11.150773,9.54097,8.151062,6.994716,8.988621,9.672379,13.379129,13.613235,17.67033,19.16021,23.073008
21,22.371725,18.801975,20.935442,16.068356,17.090475,18.824137,18.104153,23.202478,22.402775,26.90955,27.849522,29.463552,27.415438,24.839949,21.377024,18.803476,14.369229,12.825749,8.189208,6.9605374,4.7992616,0.0,5.447045,8.20292,10.657119,13.064772,16.489046,17.423914,16.49375,19.269678,19.996553,23.04864,28.903929,29.037947,32.526367,34.652836,37.107353,36.518814,32.6562,28.859121,31.42225,27.234692,26.410995,26.048237,24.553312,23.725557,21.718943,24.308508,27.607594,29.245573,28.513039,31.922562,30.966965,34.7695,33.213703,35.272957,32.70351,36.521683,37.51669,36.42978,32.873898,35.63272,31.45305,31.017345,32.801754,27.776974,29.838129,28.614746,28.74121,24.304348,20.60097,20.411358,20.57448,19.519178,22.062305,18.626492,22.686502,24.295963,25.992435,29.497435,28.435513,24.48962,25.88421,21.926128,20.363327,16.52124,16.670946,10.915573,12.838482,11.927596,14.788311,13.805003,19.513916,19.973225,22.56055,21.960606,22.33025,19.789898,16.385092,16.71683,10.764403,10.828593,7.505292,5.4244604,9.254919,10.881625,15.27484,16.649586,20.272043,22.521591,26.051962
22,26.975655,23.195616,25.48708,20.627266,20.98939,23.07181,21.175459,26.575731,24.880962,29.456175,29.863918,32.163815,30.722067,27.88739,25.016264,21.663874,18.133398,15.541008,11.77901,9.150381,5.4433627,5.447045,0.0,5.3155026,7.744675,11.069856,14.835117,15.3255005,16.517292,18.347055,20.354221,22.215635,29.244701,28.908667,32.53565,34.9086,36.74447,35.984173,31.8407,27.780237,30.769392,25.919796,25.971632,24.705248,24.372608,22.605492,21.19281,23.011372,26.41917,28.61275,28.387249,32.133923,32.013668,35.657604,33.94296,36.370438,33.240578,36.963398,37.86385,36.087105,32.55181,34.359146,29.926786,28.93312,30.072987,24.835981,26.363827,24.905832,24.46176,20.099934,16.952631,16.436136,17.624296,16.040026,19.943115,17.017181,21.396164,23.60405,25.776995,29.238579,28.965946,25.007746,26.528315,22.46348,19.940235,17.085695,15.295005,9.45174,10.817291,9.042897,12.511575,10.882422,16.84588,17.83496,21.062782,20.832817,21.758825,19.703985,16.61862,18.032694,12.587248,12.942379,11.460201,10.378472,13.635913,14.448557,18.724945,18.670326,22.89118,24.208668,28.141508
23,26.767254,22.650328,24.424757,19.611227,18.989199,21.437693,18.275444,24.02954,21.818848,26.237833,26.815386,29.585724,28.640553,26.002752,23.37593,19.75878,17.132315,13.47717,11.76873,7.392187,5.583095,8.20292,5.3155026,0.0,6.017308,7.7579637,10.397154,10.183508,11.626621,13.242211,15.683875,17.554287,24.808016,24.940363,28.183352,30.912325,32.594494,31.48924,27.507845,23.418497,25.926281,20.856066,20.912788,19.399601,19.252834,17.439688,16.355833,18.29327,21.693983,23.994596,23.661129,27.630941,27.786964,31.166515,29.172039,31.66636,28.291502,31.957449,32.884884,30.903164,27.363852,29.073769,24.68999,23.69776,25.170773,19.900227,21.759333,20.693466,20.679356,16.141296,12.455707,12.878711,13.436468,13.673375,16.851791,14.780557,19.42353,21.219692,23.7856,27.003935,26.880041,22.903128,23.463549,19.477257,16.458,14.122777,11.16731,4.970643,5.5041537,4.4791393,8.565825,9.106379,14.0107,16.12925,18.627699,17.748442,18.26208,15.938836,13.020383,14.408044,10.228187,9.86996,10.575768,11.014977,13.232951,12.728941,17.21727,15.414448,19.9663,20.649351,24.594206
24,26.396435,22.406214,25.24206,21.103745,20.70307,24.259634,21.281025,27.703852,26.092058,30.265858,31.63701,34.29641,33.15411,30.903627,27.764534,24.70856,21.609594,18.1968,16.394867,11.864907,10.524089,10.657119,7.744675,6.017308,0.0,3.9857454,8.490306,10.512103,14.1912,16.4576,19.177048,21.690228,28.858604,29.766548,32.460293,35.575863,37.128212,35.56838,31.865473,27.78798,29.446714,23.896214,23.796497,21.08947,20.878061,17.536207,15.792899,16.601057,19.931524,22.21824,22.681417,26.23917,26.83876,30.565733,29.522924,32.67249,29.826136,33.52159,35.199196,32.86883,29.204504,30.744505,26.75569,25.016516,27.158285,21.3687,22.971712,22.70335,21.734772,16.580978,14.091892,15.931395,17.343517,18.25315,22.04027,20.505943,25.18172,26.995922,29.681078,32.814445,32.739677,28.772154,28.903852,25.013449,21.866264,19.694057,16.25983,10.31991,8.595266,4.668181,5.6564474,3.3422618,9.161004,10.394713,13.469567,13.36333,14.713846,13.403177,10.9865055,13.920653,9.82363,12.107762,12.7642765,13.812171,16.89401,16.313457,21.745468,19.758862,24.187717,25.088772,28.651546
25,25.540289,21.453983,24.050964,20.282345,19.288054,23.290112,19.714264,26.366444,24.784468,28.644674,30.474443,33.24266,32.29756,30.389572,27.244642,24.396303,21.73728,18.032558,17.449747,12.460543,12.413153,13.064772,11.069856,7.7579637,3.9857454,0.0,4.6948433,7.7209926,11.834962,14.400979,17.081476,20.097424,26.877872,28.494972,30.642115,34.02936,35.572308,33.684315,30.326372,26.390247,27.23812,21.658922,21.222755,18.174326,17.697954,13.975305,11.991809,12.7139,16.02917,18.240284,18.74251,22.283289,23.059528,26.729963,25.821304,29.156734,26.46027,30.128517,32.107033,29.706266,26.011856,27.706554,24.028795,22.235949,25.103634,19.309963,21.274328,21.680035,21.012136,15.7236805,13.129226,16.13034,16.911812,19.263704,22.227797,21.266228,25.889896,27.271645,30.066341,32.979122,32.833324,28.933996,28.282452,24.604502,21.428507,19.519518,15.8510065,10.518662,7.6339493,4.3899307,2.2177384,3.9639578,6.914104,9.017648,10.912288,10.064901,11.033503,9.613625,7.5114565,10.901052,8.421614,10.907542,12.916181,14.908601,17.366543,16.02932,21.5943,18.673328,22.99668,23.66815,26.926924
26,26.460339,22.323536,24.239052,20.813679,18.978321,23.06947,18.595867,25.161749,23.288872,26.715363,28.756138,31.797941,31.305182,29.698425,26.876696,24.07111,22.295315,18.223698,19.117706,13.970788,14.944571,16.489046,14.835117,10.397154,8.490306,4.6948433,0.0,4.442082,9.331228,11.597212,14.427341,17.514742,23.889265,26.135105,27.656921,31.329926,32.70724,30.463343,27.487026,23.757875,23.758553,18.158764,17.548664,14.016916,13.601834,9.350316,7.5705657,8.239649,11.631149,13.992885,14.423088,18.242481,19.439888,22.765549,21.630362,25.109068,22.270956,25.83234,27.962553,25.353642,21.678417,23.325777,19.93604,18.105322,21.656763,16.027012,18.40917,19.522877,19.376062,14.282135,11.593165,15.670054,15.645675,19.553045,21.493532,21.348867,25.74721,26.654343,29.576614,32.144897,32.073555,28.357939,26.848036,23.526829,20.261072,19.004372,14.933708,11.118757,7.39355,6.3703938,3.054602,8.025238,7.348211,10.6973915,10.839562,8.800268,8.769176,7.01755,5.9769597,9.18129,9.633284,11.103557,14.635978,17.25981,18.767834,16.63503,21.779821,17.624037,21.764618,21.821121,24.77652
27,29.090929,24.861406,26.040615,22.247677,20.02035,23.37381,18.270782,24.298965,21.586775,25.003435,26.319134,29.79839,29.830297,27.9935,25.849394,22.501389,21.611414,17.141514,18.728195,13.721695,14.684393,17.423914,15.3255005,10.183508,10.512103,7.7209926,4.442082,0.0,7.4396706,7.97602,11.774592,13.609874,20.605915,22.373678,24.037367,27.718546,28.787586,26.585033,23.419132,19.605022,20.016685,14.177767,14.254971,10.666039,11.45521,7.76804,7.87615,8.98643,12.220346,14.952975,14.935437,19.257391,20.636097,23.339657,21.222923,24.329775,20.660988,24.070171,25.560757,22.706285,19.138401,20.242264,16.365225,14.674281,17.665613,12.103144,14.691325,15.537059,16.011541,11.307765,7.877271,12.083166,11.497396,16.158573,17.574162,18.02451,22.225048,23.04796,26.117834,28.490408,28.754086,25.182049,23.55458,20.372442,16.751785,16.312677,11.423872,9.217345,5.3835626,6.5414066,5.8855433,10.774313,10.530203,14.515674,14.852188,12.784562,12.450051,10.462079,9.46808,11.33024,12.073168,11.747687,15.778567,18.141512,18.978544,16.637777,20.88437,16.019842,20.287695,19.53009,22.7763
28,25.130722,20.982533,20.843243,17.005037,14.185671,16.766037,11.197758,16.913305,14.2656765,17.670856,19.450964,22.63235,22.546417,21.002592,18.830717,15.871542,15.615739,11.271699,14.682056,10.532026,13.4220915,16.49375,16.517292,11.626621,14.1912,11.834962,9.331228,7.4396706,0.0,4.7922716,5.3308363,10.118186,15.318926,17.84706,19.429878,22.805006,24.866613,23.032564,20.172693,16.758265,16.728386,12.465382,10.573946,10.343215,8.110329,9.01794,8.406019,12.315438,14.959919,16.43256,14.68711,18.796139,18.51533,21.096146,18.188463,20.249907,16.743063,20.451662,21.553942,20.034306,16.416504,19.543507,15.910176,16.166107,19.630573,15.482756,18.862387,19.300262,21.18591,17.358644,12.968226,15.579319,12.943594,17.53338,16.576286,16.351362,20.030497,19.84855,22.40046,24.696846,24.033743,20.521423,18.20058,15.220574,12.787349,11.409145,9.290386,8.413613,7.153561,10.45612,11.099478,15.648704,16.657549,19.768276,19.561867,16.872015,15.331959,11.938285,10.124185,8.796501,10.503607,7.520035,12.344004,15.041757,14.275435,11.220125,14.558714,9.024378,12.986796,12.517615,15.589538
29,29.80178,25.678747,25.247463,21.320642,18.429514,20.23816,14.454249,18.993849,15.231899,18.365517,18.916475,22.795326,23.545467,21.70971,20.612053,16.975676,17.906015,13.375518,17.015175,13.25039,15.3825245,19.269678,18.347055,13.242211,16.4576,14.400979,11.597212,7.97602,4.7922716,0.0,4.844223,5.9896574,12.81969,14.553248,16.294718,19.836918,21.249687,19.334114,16.145214,12.4907675,13.067817,8.192143,7.7030034,7.4978976,7.756516,9.113312,10.507763,13.523221,15.876829,17.824518,16.232548,20.609444,21.03068,22.848063,19.180655,20.95896,16.466225,19.734734,20.013481,17.905706,14.562516,16.541857,12.300679,12.764652,15.340016,11.712242,15.1199255,15.2805195,17.8261,14.882528,10.491536,12.729912,9.28795,14.853608,13.08198,14.017936,17.302698,17.032034,19.89525,21.842365,21.853018,18.604078,16.053808,13.378264,10.1452,10.639434,6.885542,9.151963,8.130261,12.006063,13.187683,17.811226,18.452776,22.216085,22.203161,19.633974,18.33022,15.4108715,14.101938,13.361015,14.934722,11.837619,16.28547,18.449356,17.466753,14.635884,16.695826,10.689179,14.443313,12.466567,15.853004
30,27.46399,23.571516,22.255816,18.653587,15.412653,16.550354,10.580495,14.435274,10.732202,13.626406,14.844487,18.460402,19.160103,17.759716,16.662716,13.620392,15.225056,11.209584,16.089306,13.25862,16.40639,19.996553,20.354221,15.683875,19.177048,17.081476,14.427341,11.774592,5.3308363,4.844223,0.0,6.6091056,10.069365,13.009091,14.30659,17.595243,19.927593,18.251957,15.666699,12.7480755,12.3698,9.668242,6.9552064,9.705238,7.250561,11.233824,11.814945,15.753068,17.728052,18.840883,16.404364,20.323034,19.680023,21.341646,17.370281,18.33059,14.239683,17.638828,17.763485,16.872076,13.633337,17.26677,13.8035965,15.431258,18.513597,15.8434105,19.40988,19.635443,22.512611,19.725626,15.306856,17.112696,13.305326,18.178587,15.218442,15.53716,18.209291,17.09735,19.372519,21.150415,20.302996,17.232965,13.869169,11.648293,10.000506,9.620559,9.125868,11.381005,11.322006,15.18073,16.25293,20.808472,21.709085,25.011404,24.599867,21.744059,19.890585,16.518393,15.074201,12.905122,15.111365,11.165414,15.541092,17.855112,15.873029,12.708959,13.743188,7.2424808,10.142351,8.142964,11.171321
31,33.79111,29.84108,28.583319,24.666668,21.679264,22.162838,16.541843,19.088562,14.330957,16.845625,15.760292,20.200014,21.929945,19.93357,20.285416,16.328896,18.936724,14.877788,19.173067,16.675766,18.660202,23.04864,22.215635,17.554287,21.690228,20.097424,17.514742,13.609874,10.118186,5.9896574,6.6091056,0.0,8.520217,8.802261,11.032263,14.349916,15.493586,13.968023,10.354945,6.663888,8.67846,5.705534,6.5145745,9.340289,10.557663,13.718491,15.834536,18.678267,20.51504,22.279835,20.328756,24.49977,24.761751,25.754847,21.233343,21.938911,16.871668,19.417791,18.22017,16.500416,14.006177,15.431125,11.140444,13.1008005,14.027326,12.627806,15.722879,15.139283,18.805847,17.446732,13.435637,14.025363,9.49063,14.692278,10.39751,12.409438,14.210795,13.01511,15.7463255,17.00201,17.36155,14.749033,11.495676,9.823449,6.891681,9.739609,7.4424844,12.806918,13.097765,17.152897,18.91734,23.294254,24.133282,28.040195,28.106964,25.531147,24.140072,21.228588,19.973276,18.729435,20.226297,16.384308,20.331097,21.958576,20.138905,17.522228,17.516071,11.672699,14.2813425,10.778767,14.115198
32,34.968994,31.555752,28.967466,26.05758,22.660427,21.972147,16.82652,16.584799,12.054731,12.081853,10.914137,15.266493,18.145134,17.37856,18.937462,16.451597,20.647392,17.893627,23.377544,22.003582,24.905827,28.903929,29.244701,24.808016,28.858604,26.877872,23.889265,20.605915,15.318926,12.81969,10.069365,8.520217,0.0,6.218058,4.642532,8.052043,10.704107,9.252326,8.340379,8.336699,6.1146803,9.722594,7.720569,13.546862,12.661086,18.144386,19.996462,23.304966,24.278732,24.978971,22.12471,25.385433,24.705793,24.597233,19.422815,18.307741,13.702537,15.246019,12.609859,13.137859,11.9521265,15.156075,13.08194,16.809593,18.470564,19.03942,22.224731,22.258602,26.339445,25.4407,21.69516,22.482502,17.897663,22.58576,17.096958,18.770823,19.047707,16.328125,17.712807,17.712154,16.988012,15.785465,10.351629,11.446815,11.883658,14.087191,15.124349,19.996897,20.500221,24.569113,25.81687,30.470198,30.92828,34.57673,33.87691,30.876877,28.780634,25.680206,24.780787,22.31704,25.031506,20.793278,24.62491,26.441055,23.524315,20.705935,18.909645,13.540886,13.279992,8.826728,9.459711
33,38.341793,34.812717,32.418644,28.845657,25.916056,24.652075,19.994167,19.436857,14.352305,15.216217,11.571869,16.1712,19.304428,17.513306,20.018959,16.59085,21.131075,18.486866,23.25821,22.507278,24.617722,29.037947,28.908667,24.940363,29.766548,28.494972,26.135105,22.373678,17.84706,14.553248,13.009091,8.802261,6.218058,0.0,5.121689,6.27473,8.121089,8.585033,5.3995647,5.449829,8.438851,11.422687,11.740188,16.604317,17.141874,21.696035,23.777721,26.867393,28.272701,29.540611,27.056791,30.707186,30.315176,30.492567,25.373287,24.493494,19.71126,21.12845,18.071844,18.019094,17.08077,18.594559,15.685873,19.02133,18.655865,19.645521,22.182142,21.071198,25.32774,25.181395,21.541737,20.876225,16.324535,19.666647,13.323865,15.288828,14.3088045,11.221594,12.401679,11.882929,11.987158,11.356973,6.5592732,8.561846,9.261383,12.808702,14.064648,19.979092,21.266705,25.389275,27.504177,31.70047,32.895855,36.70865,36.718807,34.02006,32.36523,29.255764,27.91955,25.89419,27.385473,22.896254,26.12495,27.214512,24.363443,22.136963,19.59088,15.209845,15.416417,11.019183,12.906116
34,39.480633,36.1002,33.407986,30.455978,27.149609,26.113968,21.237946,20.319708,15.724741,15.27525,12.708178,17.001234,20.535784,19.687986,22.134005,19.54121,24.16806,21.592104,26.85378,25.742254,28.28565,32.526367,32.53565,28.183352,32.460293,30.642115,27.656921,24.037367,19.429878,16.294718,14.30659,11.032263,4.642532,5.121689,0.0,4.274388,6.0916677,5.071196,5.2481723,7.5447073,6.042394,11.435216,10.986361,16.285177,16.525772,21.645039,23.949778,26.878397,27.690914,28.532036,25.839928,29.044825,28.67633,28.130636,22.803114,21.361658,16.706736,17.361292,13.685041,14.182748,14.073698,15.828415,14.1822405,18.151197,18.534727,20.390541,23.097963,22.833519,27.22393,27.212328,23.87824,24.096838,19.526005,23.831585,17.76925,20.063766,19.359985,16.331398,17.382149,16.463306,16.35285,16.14346,10.854212,13.078342,13.722829,16.852386,17.702278,23.27982,23.925821,28.021065,29.472351,34.06809,34.470387,38.328793,37.74467,34.814,32.831436,29.87781,29.052883,26.804012,29.353884,25.072151,28.771675,30.33678,27.387915,24.779675,22.481045,17.577927,17.142393,12.615857,12.991112
35,41.555397,38.354324,35.317875,32.394413,29.297655,27.530863,23.297974,21.251286,16.810404,15.879448,12.088319,15.943711,19.92245,19.108898,22.41279,20.080597,25.1792,23.215994,28.357937,27.956228,30.41277,34.652836,34.9086,30.912325,35.575863,34.02936,31.329926,27.718546,22.805006,19.836918,17.595243,14.349916,8.052043,6.27473,4.274388,0.0,4.604707,6.4058394,7.2034135,10.204165,10.193911,15.473794,15.130049,20.483345,20.54982,25.763533,27.905127,30.993473,31.888063,32.677742,29.888264,32.98951,32.316803,31.724464,26.408674,24.523783,20.287558,20.676514,16.642242,17.84033,18.087238,19.788576,18.319036,22.259537,22.07969,24.177279,26.669611,25.987478,30.432346,30.658915,27.268454,26.893036,22.348944,25.813425,19.360504,21.341341,19.770372,16.334955,16.562033,14.938698,14.581583,15.389457,10.421987,13.698537,15.3699465,18.404411,20.232933,25.946259,27.074339,31.213243,32.991886,37.411007,38.21772,42.012043,41.595448,38.691525,36.718815,33.633938,32.594284,30.153511,32.33081,27.808098,31.072517,32.29939,29.053562,26.747581,23.556707,19.57136,18.469837,14.175028,14.119211
