,0,1,2,3,4,5,6,7,8,9,10,11,12,13,14,15,16,17,18,19,20,21,22,23,24,25,26,27,28,29,30,31,32,33,34,35,36,37,38,39,40,41,42,43,44,45,46,47,48,49,50,51,52,53,54,55,56,57,58,59,60,61,62,63,64,65,66,67,68,69,70,71,72,73,74,75,76,77,78,79,80,81,82,83,84,85,86,87,88,89,90,91,92,93,94,95,96,97,98,99,100,101,102,103,104,105,106,107,108,109,110
0,0.0,4.3955345,6.777382,9.861097,12.932102,15.864159,18.41722,22.836233,25.878908,29.248394,33.855503,33.776665,36.644783,38.373653,33.99451,29.662527,28.680122,23.368568,23.036722,17.641127,17.254261,14.1656475,12.85409,13.100691,8.470828,6.3433256,10.693949,14.048049,15.378903,19.32293,22.287428,27.542946,30.45019,33.775833,36.791718,39.504257,41.538578,39.228397,36.336338,33.95518,30.44295,27.917294,23.268353,23.285011,18.550959,19.164093,16.068928,18.7446,23.164091,25.460821,27.575874,31.37776,34.663986,35.287754,36.765118,35.033276,34.26708,36.13418,41.161022,37.077843,33.996998,32.67146,29.54823,28.853874,30.156788,27.799255,22.806255,21.981495,17.344864,15.673667,18.90562,18.59599,23.25238,22.813622,26.704477,28.840923,32.265007,34.736725,37.399178,40.89771,39.652668,38.964157,36.396202,33.27899,29.85233,27.839994,23.17018,20.06358,17.062363,13.933325,11.561815,10.191834,11.728675,14.039243,16.729502,19.571768,22.07719,24.305212,28.47093,27.490734,33.121998,31.765062,36.89705,39.917957,37.462933,34.216366,32.614414,27.559196,26.23453,22.137133,20.87798
1,4.3955345,0.0,5.3366327,5.970729,9.653426,11.941592,14.954878,19.237387,22.129595,25.850126,30.149466,30.515957,33.228138,35.06241,30.92402,26.26967,25.623428,20.15738,20.168266,15.079057,14.318336,12.366788,10.628434,9.422474,5.255725,1.9798288,7.0884376,9.7923155,11.32148,14.954427,18.351297,23.318764,26.51676,29.553917,32.686405,35.38154,37.40242,35.119385,32.098225,29.821447,26.161932,23.928684,19.25291,19.482037,15.096683,16.455671,14.2672205,17.425993,21.291023,24.352945,25.564857,29.859936,33.234867,33.660767,34.587788,32.535828,31.888529,33.412636,38.608864,34.615063,31.351027,30.731497,27.804379,27.642046,29.336105,27.470036,22.38141,21.862932,17.004314,14.490282,16.794949,15.629155,19.99354,19.077135,22.916737,24.818073,28.135256,30.558836,33.125412,36.63718,35.30334,34.617092,32.00347,28.911982,25.565058,23.513523,18.96527,15.901474,13.14475,10.433985,8.805682,8.566105,11.220002,13.960209,16.580084,18.56155,20.80382,22.391184,26.447695,24.864037,30.503794,28.545372,33.730347,36.76491,34.44256,31.101374,30.1483,24.608469,23.860224,19.683006,18.879608
2,6.777382,5.3366327,0.0,5.340304,6.8940406,10.66418,12.452036,16.655096,19.878242,22.783249,27.745346,27.23338,30.254921,32.14601,27.608816,23.545143,22.15907,17.159746,16.33269,10.907258,10.773622,7.6134405,7.6414866,8.82398,7.0770893,5.714059,11.537857,12.622023,12.513771,15.996173,18.527035,22.815601,25.63488,29.035513,32.35555,34.652027,37.163597,35.25553,32.298637,30.062382,26.141184,24.25113,19.270113,20.688932,15.445773,18.027521,15.522515,19.886065,23.51558,26.445425,26.923065,31.762644,34.501102,34.047543,35.40241,33.472775,31.998997,33.291172,38.090454,33.592934,30.569065,29.699669,27.236858,26.565256,29.186161,26.165367,21.045757,22.046612,16.449615,15.68906,16.259333,16.45506,20.412006,19.06995,23.636368,24.970207,28.638884,30.606113,33.52049,36.711964,35.774193,34.436123,32.636036,29.658926,25.617834,24.804228,19.290895,17.327251,13.772567,12.014195,9.146605,10.348079,11.046807,12.777225,14.17042,16.120249,17.524635,20.01178,23.691034,23.240078,28.279598,27.153803,31.958971,34.769733,31.916548,28.770302,27.23125,22.137901,20.629616,16.8878,15.112632
3,9.861097,5.970729,5.340304,0.0,4.1610994,6.351645,9.212578,13.316878,16.181225,19.932196,24.213976,24.632204,27.319876,29.316475,25.254662,20.529167,19.905048,14.51311,14.586327,9.9603405,9.033836,8.720569,7.7175083,5.396292,5.793525,4.5149193,8.470671,7.8738327,7.8110714,10.676612,13.970517,17.972351,21.305897,24.247093,27.677607,30.06897,32.434357,30.460207,27.321512,25.20441,21.138292,19.575493,14.6084,16.177881,11.728311,15.154219,14.086023,18.470284,21.319494,25.065475,24.642183,29.820171,32.78199,32.349545,32.89535,30.563402,29.47841,30.378946,35.46382,31.26803,27.967281,28.099924,25.795988,25.959532,28.701372,26.707031,21.654577,22.473347,17.144985,15.00098,14.715873,13.40591,16.839323,14.858917,19.182146,20.27824,23.72846,25.736486,28.457453,31.750074,30.614998,29.45635,27.403131,24.410082,20.587591,19.508741,14.286992,12.304309,9.270691,8.440198,7.2934136,9.77924,11.970649,14.269161,15.87414,16.615181,17.873243,19.078342,22.63172,21.001947,26.167086,23.971386,28.939362,31.829615,29.333643,26.006037,25.56295,19.69054,19.2946,15.38821,14.699065
4,12.932102,9.653426,6.8940406,4.1610994,0.0,5.7016764,5.6260414,10.371274,13.090541,16.533422,20.98306,20.943487,23.724968,25.623312,21.353632,16.90141,15.973829,10.6630125,10.746443,6.0540156,6.2668715,6.7009087,8.031596,7.021932,9.488625,8.420427,12.339715,10.644109,8.552472,11.075291,12.81687,16.263472,18.987432,22.385395,25.787998,27.894083,30.589533,28.909828,25.952269,23.824797,19.765932,18.336355,13.280567,15.914975,10.997866,15.494337,14.574043,19.70859,22.064064,25.775368,24.493528,30.11564,32.52808,31.347687,32.048424,29.773306,28.06545,28.665285,33.42033,28.91221,25.784328,25.974743,24.161787,24.172304,27.688883,25.163729,20.25734,22.239292,16.651962,15.590678,13.493714,13.14113,15.841347,13.466685,18.301332,18.874449,22.60412,24.215755,27.268768,30.252254,29.575207,28.032679,26.715473,23.761854,19.29512,19.459494,13.380903,12.661833,9.0762825,9.511436,7.882974,11.394134,12.330715,13.838685,14.405655,14.427798,14.821322,16.183908,19.309113,18.28032,22.92531,21.206158,25.870316,28.602098,25.788633,22.572536,21.912363,16.20811,15.523429,11.952912,10.922704
5,15.864159,11.941592,10.66418,6.351645,5.7016764,0.0,6.9493933,7.907747,11.282945,14.782819,19.227098,19.954905,22.62789,25.294788,21.59198,16.790632,16.168722,11.62675,10.993554,8.54908,5.8735805,9.151364,7.78837,4.1950874,9.238374,10.40659,11.960672,9.114364,9.037321,8.297025,12.629139,13.555096,17.959518,19.712255,23.948221,25.750135,28.550142,27.066534,23.48155,21.980286,16.976534,17.410238,12.597118,15.824561,12.87531,17.862562,18.234648,22.780708,24.603247,28.922413,27.16247,32.827564,35.566513,34.557926,34.40313,31.70109,30.510098,30.578009,35.519947,31.378195,28.05737,29.352179,27.794477,28.458063,31.951319,30.12882,25.346817,26.986584,21.71529,19.638168,17.529902,15.649053,17.450718,13.993867,18.118464,17.751677,20.815063,22.106298,24.565542,27.57491,26.259684,24.283726,22.758442,20.285635,16.498516,16.364256,11.627216,11.454992,9.8438635,11.598644,11.886253,15.251362,17.301453,19.209644,19.997787,19.629395,19.685507,20.29225,22.893448,21.084185,25.297455,22.45982,26.927675,29.513124,26.90701,23.680822,24.403387,18.177423,18.587358,15.570273,15.085287
6,18.41722,14.954878,12.452036,9.212578,5.6260414,6.9493933,0.0,6.683334,7.931364,11.947086,15.59027,15.922543,18.388065,20.12682,16.105936,11.347364,11.0059,5.366453,7.4210644,5.6686625,6.9363155,9.969167,12.089585,10.531404,14.422232,13.460719,16.11475,12.945226,9.281977,10.226387,9.858459,11.92779,13.963256,17.645882,20.959692,22.781784,25.727468,24.370665,21.599318,19.563566,15.60738,14.6152,9.870203,13.917831,9.878334,15.586144,15.93884,21.25843,22.439718,26.440256,23.693,29.781593,31.67834,29.73505,29.985645,27.544641,25.46362,25.369331,29.845802,25.313374,22.256918,23.353935,22.331547,22.82801,27.096394,24.889349,20.50828,23.360321,18.183065,17.38518,13.124707,12.759769,13.656033,10.374727,15.277604,14.874551,18.679148,19.763792,23.070107,25.692757,25.503654,23.726963,23.17239,20.288998,15.247323,16.923126,10.351471,11.580841,8.5585165,11.097476,10.639856,14.727837,15.30067,16.258043,15.985711,14.444759,13.695666,13.872977,16.049036,14.732205,18.581104,16.531576,20.849846,23.42746,20.579433,17.37096,17.511751,11.436265,11.66225,8.851993,8.865271
7,22.836233,19.237387,16.655096,13.316878,10.371274,7.907747,6.683334,0.0,4.7135644,6.875876,11.974985,12.1476755,14.976933,18.117752,14.516857,10.345037,9.212678,7.0180883,5.6023774,8.0841,6.8663707,11.860879,12.92838,11.672403,16.937305,17.763998,19.573494,15.9856415,13.981829,12.097961,13.443198,10.831475,14.361276,15.797759,20.320942,21.074648,24.673298,24.093334,20.73795,19.744368,14.603758,16.623003,12.733189,17.685205,15.4557705,21.384943,22.35298,27.418716,28.285164,32.597115,29.377792,35.536327,37.416306,35.243885,34.925697,32.224712,30.23292,29.417622,33.59542,29.25873,26.351728,28.380716,27.963078,28.701475,33.285225,31.077942,26.911764,30.013296,24.847635,23.911234,19.601936,18.654026,18.631031,14.459172,18.435762,16.408709,19.321907,19.333963,22.041113,24.158789,23.619654,20.495945,20.815886,18.931181,14.399628,17.095947,12.240707,14.768534,13.507669,16.681604,16.859325,20.850195,21.784765,22.778595,22.263441,20.658361,19.09502,19.284817,20.318892,19.309402,21.662546,19.224514,22.503363,24.47665,21.401941,18.619932,20.038122,14.401358,15.186706,14.030811,13.571724
8,25.878908,22.129595,19.878242,16.181225,13.090541,11.282945,7.931364,4.7135644,0.0,5.7643743,8.05248,9.670827,11.60561,14.24085,11.327835,6.4266934,7.2194133,5.8045254,7.712493,11.037318,11.0969305,15.750409,17.271261,15.407518,20.43361,20.487162,21.825151,17.706656,14.653486,12.517808,11.678147,7.83925,10.112373,11.938136,16.068615,16.7167,20.391386,19.986141,17.000614,15.988489,11.425978,13.549582,10.664668,15.9726095,14.727938,20.677828,22.374773,27.285395,27.338585,31.689486,27.604368,33.84969,35.357037,32.79449,32.097866,29.346127,27.242102,25.955936,29.878136,25.75818,22.956457,25.688946,25.777607,26.96145,31.732115,30.079348,26.404415,29.69961,25.069056,24.126501,18.939207,17.92814,16.68244,12.4138365,15.792143,13.081393,15.885982,15.470157,18.46298,20.274323,20.343832,17.42073,18.348463,16.361784,11.36277,15.383484,10.615971,14.278208,13.529552,17.323902,18.024984,22.11035,22.907957,23.700428,22.9914,20.581533,18.770327,17.825642,18.185598,16.606186,18.257584,15.322063,18.228233,20.109295,17.327229,14.552567,17.011507,11.386632,13.378704,12.933331,13.677882
9,29.248394,25.850126,22.783249,19.932196,16.533422,14.782819,11.947086,6.875876,5.7643743,0.0,7.0534854,5.586424,8.745318,12.638804,9.482463,7.5473304,5.679659,8.699422,7.334726,12.584134,12.584341,17.005417,18.959372,18.456465,23.72586,24.42482,26.348228,22.549974,19.927834,17.817907,17.40165,12.807322,14.4749975,15.30964,19.485065,18.979218,23.16936,23.571749,20.774448,20.374449,15.926184,18.921501,16.399347,21.712046,20.126812,26.085232,27.323809,32.505116,32.75341,36.905533,32.795826,39.08864,40.262695,37.240883,36.823868,34.243183,31.674273,30.154116,33.426163,29.110384,26.77729,29.301077,29.864367,30.600834,35.83968,33.39824,29.909746,33.923435,29.049276,28.890532,23.502228,23.241587,22.080988,18.00147,21.326277,18.28777,20.676006,19.501997,22.158756,23.192091,23.485807,19.489193,21.61753,20.473866,16.01346,20.48442,16.330843,19.941921,18.962927,22.483288,22.573404,26.670818,26.958117,27.354923,26.027382,23.706753,21.06229,20.915646,20.403435,20.306286,20.556318,18.856405,20.484543,21.588833,18.142185,16.216951,18.265354,14.211985,15.19778,16.053143,15.681135
10,33.855503,30.149466,27.745346,24.213976,20.98306,19.227098,15.59027,11.974985,8.05248,7.0534854,0.0,5.659356,4.772407,7.898571,7.8273516,6.3590035,8.420568,11.594874,13.314175,18.036993,18.48274,23.002195,24.863894,23.288826,28.4364,28.494766,29.57395,25.212933,21.949902,19.3537,17.173878,11.266737,10.732899,10.789275,13.9721575,12.672467,17.009844,18.032654,15.965328,16.019567,12.996598,16.479095,15.9106455,20.925688,20.985792,26.555155,28.777315,33.46336,32.64485,36.84505,31.724588,37.888565,38.64884,35.290073,34.114876,31.45072,29.013544,26.730753,29.492825,25.864664,23.794626,27.501997,28.74575,30.224277,35.413994,34.024998,31.228903,35.12227,31.073772,30.580088,24.595112,23.925219,21.33815,17.493105,19.357977,15.477422,16.960821,14.842434,17.392323,17.574253,18.793478,15.0442705,18.295082,17.446716,13.348922,19.043571,16.114191,20.54159,20.497583,24.512127,25.39546,29.451155,29.881496,30.246296,28.97421,25.874653,23.283667,21.605282,20.269655,19.141714,18.137726,15.551697,15.96047,16.570295,14.032629,12.574445,16.758373,13.441605,16.141552,17.660849,18.805683
11,33.776665,30.515957,27.23338,24.632204,20.943487,19.954905,15.922543,12.1476755,9.670827,5.586424,5.659356,0.0,3.9000616,7.8230844,5.404449,7.0979953,5.8348007,11.308091,11.212148,16.584896,17.509018,21.427664,24.055988,23.748396,28.868334,29.097803,31.1888,27.277147,23.960115,22.168934,20.25333,15.625293,15.197802,16.317585,19.37043,18.113544,22.418705,23.442017,21.522207,21.269405,18.055048,20.74452,19.218237,24.398659,23.086802,28.802057,30.161915,35.335873,35.0862,38.959705,34.234043,40.497665,41.015377,37.327454,36.947777,34.597958,31.539484,29.57049,31.96219,27.734919,25.99918,28.721354,30.058207,30.7648,36.375587,33.869663,31.07169,35.68089,31.235682,31.691635,25.598944,25.95647,24.053537,20.419983,23.241928,19.925072,22.0351,20.250887,22.997513,23.199203,24.425886,20.452908,23.642422,22.724918,18.306467,23.629837,19.640106,23.654507,22.6362,26.233805,26.22499,30.313528,30.068962,29.993526,28.12708,25.253271,22.005184,21.421465,19.704786,20.323187,18.815332,18.04913,18.152464,18.452015,14.791147,13.843149,16.161856,13.998843,15.081701,17.360445,17.327703
12,36.644783,33.228138,30.254921,27.319876,23.724968,22.62789,18.388065,14.976933,11.60561,8.745318,4.772407,3.9000616,0.0,4.8037577,5.5157194,7.9495873,8.64863,13.6264515,14.680075,19.835209,20.823858,24.88033,27.397673,26.596716,31.711071,31.702078,33.386993,29.219553,25.672613,23.631111,21.012312,15.8930235,14.421178,15.096743,17.386532,15.580421,19.846615,21.30122,19.907248,19.939445,17.585928,20.44217,19.876524,24.833372,24.31119,29.795683,31.617735,36.528294,35.752487,39.62242,34.39975,40.556393,40.824368,36.937702,36.172897,33.81789,30.81244,28.421474,30.406027,26.597084,25.099812,28.41979,30.158087,31.228262,36.798603,34.829678,32.42616,36.9702,32.956074,33.252884,26.911701,27.074806,24.505957,21.048813,23.116234,19.46111,21.040995,18.778704,21.350574,20.979115,22.727009,18.916782,22.697315,22.020641,17.957367,23.71996,20.39776,24.723036,24.152283,27.95711,28.321402,32.380913,32.217777,32.133118,30.302711,27.074625,23.877531,22.544312,20.37138,20.523273,18.196423,17.14285,16.302946,16.10631,12.968387,12.585226,16.037872,14.554467,16.445337,19.017874,19.69552
13,38.373653,35.06241,32.14601,29.316475,25.623312,25.294788,20.12682,18.117752,14.24085,12.638804,7.898571,7.8230844,4.8037577,0.0,5.228411,8.81003,10.575843,15.016739,17.324697,21.968409,23.643847,27.327696,30.292686,29.373285,34.182922,33.530087,35.310417,31.144201,26.941614,25.5098,21.58259,17.588083,14.319834,16.155298,16.905464,15.241754,19.027779,20.511997,20.124472,19.794025,18.837784,20.445827,20.57304,25.041922,24.633257,29.61378,31.505808,36.224426,35.012688,38.528168,32.920223,38.893307,38.61293,34.29445,33.605293,31.528246,28.178183,25.557331,26.828981,23.168837,22.184595,25.574522,27.849573,28.978975,34.60688,32.87908,31.116112,35.857487,32.41957,33.081287,26.388084,27.015995,23.95849,21.191881,22.833988,19.4742,21.050901,18.821365,21.683882,21.006882,23.556604,20.649275,24.424244,23.41795,19.239836,25.115976,21.59561,25.88651,25.153662,28.832977,29.153988,33.063046,32.52799,32.130222,30.077166,26.442999,23.155739,21.19116,18.29704,18.637722,15.068131,14.80681,12.702237,11.895819,8.825972,9.427052,13.175339,13.338638,15.475257,18.672173,19.939877
14,33.99451,30.92402,27.608816,25.254662,21.353632,21.59198,16.105936,14.516857,11.327835,9.482463,7.8273516,5.404449,5.5157194,5.228411,0.0,5.693348,5.837962,10.79181,12.651173,17.206715,19.234383,22.533031,25.878742,25.513226,30.177513,29.52627,31.92418,28.089865,23.863516,23.054174,19.506546,16.574986,14.160518,17.086416,18.764833,17.98242,21.876534,22.666138,21.620668,20.73377,18.798843,19.791868,18.673777,23.409399,21.819231,27.05292,28.29911,33.40734,32.838257,36.28427,31.276562,37.430477,37.400307,33.262413,33.2143,31.191895,27.638048,25.657114,27.527143,23.128155,21.79568,24.240902,26.01215,26.597572,32.389282,29.878283,27.656294,32.625004,28.683363,29.718552,23.143814,24.26238,21.997957,19.134003,21.86522,19.052845,21.522367,20.008726,23.300814,23.46661,25.430395,22.428501,25.41984,23.916405,19.04494,24.455328,19.784033,23.688768,22.209696,25.591175,25.35707,29.295914,28.486935,27.9777,25.761478,22.403913,18.915754,17.785225,15.290356,16.479555,13.94609,14.350799,13.827389,14.0142145,9.8772955,9.270122,11.069541,10.409643,11.460925,14.683129,15.247708
15,29.662527,26.26967,23.545143,20.529167,16.90141,16.790632,11.347364,10.345037,6.4266934,7.5473304,6.3590035,7.0979953,7.9495873,8.81003,5.693348,0.0,4.5620317,6.4312577,10.013276,13.8769245,15.563297,19.320835,22.093966,20.880201,25.495646,24.721924,26.627844,22.624525,18.41423,17.424856,13.951298,11.292459,9.508209,13.074466,15.385767,15.589799,19.332153,19.384552,17.713388,16.439322,13.912989,14.637076,13.073136,17.978426,16.603588,22.07535,23.686832,28.678467,28.150135,31.979898,27.139881,33.400127,33.979942,30.478062,30.077972,27.703434,24.731525,23.020542,25.980562,21.640757,19.48373,22.262903,23.30548,24.350628,29.720493,27.84812,25.027645,29.240889,25.160585,25.303997,19.00356,19.286245,17.093987,13.771789,16.729988,13.999165,16.858242,15.919029,19.435026,20.420017,21.82571,19.27401,21.283495,19.274345,14.048482,19.088205,14.11283,18.014435,16.751835,20.357004,20.60248,24.607399,24.41863,24.430895,22.890104,19.647087,16.960667,15.349531,14.168955,13.562574,13.181684,11.548607,13.101908,14.52669,11.188442,8.801793,11.468383,7.425292,9.820466,11.440356,12.769123
16,28.680122,25.623428,22.15907,19.905048,15.973829,16.168722,11.0059,9.212678,7.2194133,5.679659,8.420568,5.8348007,8.64863,10.575843,5.837962,4.5620317,0.0,6.0046043,6.8353915,11.559326,13.412954,16.810017,20.054863,19.933468,24.620726,24.288412,26.956865,23.376755,19.580898,18.932056,16.615974,14.270824,13.782378,16.82821,19.741537,19.70427,23.637798,23.791435,21.810564,20.659678,17.400888,18.394548,15.894801,20.917557,18.466375,24.110113,24.927599,30.30315,30.4557,34.12345,29.881117,36.16831,36.801914,33.303745,33.474083,31.264706,28.058445,26.707212,29.567905,24.861416,22.854168,24.74686,25.59703,25.954336,31.515947,28.657854,25.566761,30.193735,25.56333,26.309902,20.29273,21.181875,19.913425,16.586098,20.28149,17.891685,20.931646,20.106813,23.459694,24.49253,25.559929,22.424364,24.453167,22.63572,17.468235,22.077095,16.713474,20.141779,18.243677,21.439495,20.940811,24.9719,24.410849,24.213898,22.307232,19.544079,16.39044,16.202047,15.127579,16.032482,15.747767,15.39782,16.864695,18.037325,14.05764,12.156256,12.949667,9.709968,9.969505,11.812911,11.517284
17,23.368568,20.15738,17.159746,14.51311,10.6630125,11.62675,5.366453,7.0180883,5.8045254,8.699422,11.594874,11.308091,13.6264515,15.016739,10.79181,6.4312577,6.0046043,0.0,5.843184,7.7903676,10.019949,13.262822,16.295307,15.440646,19.663628,18.737782,21.382835,17.928091,13.777592,14.0066,11.643381,11.781602,12.021981,16.143553,19.06417,20.241539,23.600994,22.83357,20.571535,18.727322,15.319876,14.824757,11.249725,15.975173,12.74097,18.45114,19.146578,24.53659,24.999836,28.789673,25.061401,31.338882,32.4845,29.631922,29.877716,27.564207,24.784122,24.065662,27.81587,23.080309,20.460321,21.969276,21.928585,22.412464,27.473425,24.99039,21.306654,25.231573,20.427261,20.585539,14.9461565,15.499682,14.934985,11.6466465,16.086283,14.704147,18.397827,18.644941,22.226135,24.155571,24.743822,22.531355,23.188389,20.61034,15.169916,18.584084,12.251048,14.92925,12.457067,15.461484,14.996379,19.054327,18.823994,19.02028,17.743967,15.2081375,13.055683,12.709308,13.32027,12.922793,15.052159,13.731433,17.066328,19.222404,15.894779,12.973786,13.306919,7.7499866,8.214509,7.5802693,7.911367
18,23.036722,20.168266,16.33269,14.586327,10.746443,10.993554,7.4210644,5.6023774,7.712493,7.334726,13.314175,11.212148,14.680075,17.324697,12.651173,10.013276,6.8353915,5.843184,0.0,5.5601997,6.8686028,10.235787,13.402577,14.127046,18.723969,19.03687,22.266468,19.347477,16.565744,16.348343,16.259089,15.154229,16.90972,19.631573,23.453735,24.038813,27.797163,27.381277,24.618666,23.29753,18.921375,19.787388,15.827296,20.61942,17.065239,22.778084,22.799252,28.333372,29.5198,33.266487,30.205734,36.403,37.75338,35.048256,35.54989,33.264866,30.499128,29.88655,33.529385,28.671198,26.191526,27.292486,27.125328,27.08919,32.15347,28.849041,24.86847,28.913872,23.535643,23.995747,19.226555,19.871246,20.15852,16.685354,21.22333,19.622454,23.003117,22.961802,26.12013,27.930998,28.039948,24.903028,25.78336,23.765089,18.771162,21.88894,16.121937,18.390196,15.918791,18.433212,17.373852,21.301704,21.036428,21.247831,19.824684,18.240376,15.8380995,17.106457,17.693295,18.43944,20.152721,19.42992,22.24791,23.993176,20.203817,17.776081,17.595104,13.136963,12.261655,11.959974,10.12256
19,17.641127,15.079057,10.907258,9.9603405,6.0540156,8.54908,5.6686625,8.0841,11.037318,12.584134,18.036993,16.584896,19.835209,21.968409,17.206715,13.8769245,11.559326,7.7903676,5.5601997,0.0,4.208694,5.5396705,9.487533,10.745308,14.330214,14.16322,18.237831,16.17233,13.609298,14.931902,15.485083,16.894396,18.95822,22.35519,25.949738,27.293812,30.6062,29.571976,26.764568,24.944042,20.711452,20.238585,15.538861,19.410717,14.701024,19.837616,18.971233,24.516947,26.463161,29.965788,27.912271,33.851395,35.567966,33.4533,34.401066,32.259525,29.740208,29.851772,33.9358,29.013613,26.310629,26.535482,25.562996,25.173143,29.673664,26.177372,21.68365,25.16053,19.458261,19.893503,16.22358,17.102129,18.705702,15.886206,20.88131,20.438059,24.193922,24.984947,28.235828,30.620062,30.428223,27.998125,27.869339,25.338657,20.39908,22.189217,15.903279,16.774035,13.423421,14.823724,12.957497,16.589476,16.2439,16.652712,15.687414,15.043719,13.656411,15.757949,17.679474,18.232231,21.414297,20.750357,24.499874,26.740229,23.212152,20.419905,19.324198,14.463852,12.905566,10.882885,8.408617
20,17.254261,14.318336,10.773622,9.033836,6.2668715,5.8735805,6.9363155,6.8663707,11.0969305,12.584341,18.48274,17.509018,20.823858,23.643847,19.234383,15.563297,13.412954,10.019949,6.8686028,4.208694,0.0,5.1334686,6.6606584,7.7000837,12.145193,13.327862,16.688063,14.590148,13.453696,13.610966,16.057688,16.378857,19.77702,22.057484,26.29035,27.526096,30.869207,29.860828,26.552923,25.098581,20.171644,20.734943,15.954201,19.875816,15.914902,21.149656,20.676964,25.882406,27.92623,31.786968,29.912691,35.783836,37.941753,36.230274,36.734257,34.328274,32.29507,32.291122,36.676723,32.00102,29.072487,29.798508,28.66667,28.621368,32.816444,29.770697,25.102745,27.932783,22.231869,21.745115,18.801565,18.579931,20.271154,16.948545,21.637556,20.900612,24.27613,25.022108,27.838226,30.35617,29.591396,26.884857,26.441843,24.220617,19.823978,21.07527,15.622497,16.31469,13.75172,15.304401,14.128986,17.632538,18.253263,19.281181,18.974224,18.657082,17.691244,19.441368,21.461,21.292627,24.624083,23.121412,26.970789,29.210447,25.862783,22.99116,22.747522,17.399868,16.587242,14.437076,12.496419
21,14.1656475,12.366788,7.6134405,8.720569,6.7009087,9.151364,9.969167,11.860879,15.750409,17.005417,23.002195,21.427664,24.88033,27.327696,22.533031,19.320835,16.810017,13.262822,10.235787,5.5396705,5.1334686,0.0,5.2701454,8.969484,11.221642,12.045405,16.803114,16.071335,15.158466,16.84865,19.061563,20.919775,23.808138,26.749416,30.643486,32.116173,35.332047,34.12054,31.014376,29.24606,24.68001,24.277344,19.299007,22.48398,17.53802,21.905811,20.260172,25.44152,28.24329,31.530539,30.593525,36.146763,38.292366,36.779655,37.976818,35.898304,33.708946,34.24019,38.56239,33.6798,30.889841,30.611164,29.10264,28.387075,32.28942,28.52644,23.706606,26.455883,20.548235,20.817617,18.871922,19.554487,22.186932,19.682379,24.61877,24.62516,28.272648,29.357437,32.344646,34.99306,34.31071,31.873655,31.202381,28.75127,24.290129,25.05794,19.270014,19.077406,15.746978,15.989256,13.608183,16.372862,16.27391,17.019243,16.66902,17.417812,16.867706,19.756048,22.246609,22.85861,26.544958,25.881203,29.885628,32.21535,28.716684,25.906168,24.510647,19.768562,17.910347,15.443419,12.600333
22,12.85409,10.628434,7.6414866,7.7175083,8.031596,7.78837,12.089585,12.92838,17.271261,18.959372,24.863894,24.055988,27.397673,30.292686,25.878742,22.093966,20.054863,16.295307,13.402577,9.487533,6.6606584,5.2701454,0.0,5.4609356,7.494256,10.325162,14.008288,13.771883,14.807954,15.620892,19.743036,21.149143,25.193203,27.17548,31.4923,33.06438,36.102543,34.74612,31.20098,29.69614,24.680328,24.914194,19.937735,22.733387,18.595934,22.710117,21.471643,26.033737,28.990725,32.6116,32.066025,37.398106,40.12828,39.240726,39.949986,37.607857,36.07748,36.61423,41.359436,36.802597,33.715637,33.897564,32.077618,31.796198,35.178295,32.128647,27.117748,28.880306,23.148714,22.166437,21.271687,20.69406,23.558384,20.799616,25.298191,25.311317,28.548656,29.80017,32.300026,35.203766,33.868904,31.486956,30.171284,27.938015,24.226952,23.992678,19.262287,18.45943,16.002995,16.065697,14.56026,16.8881,18.08297,19.645296,20.241568,21.243765,21.319668,23.635645,26.424139,26.07464,30.200151,28.590895,32.89477,35.353767,32.168266,29.16664,28.577278,23.174417,22.091507,19.22681,17.091692
23,13.100691,9.422474,8.82398,5.396292,7.021932,4.1950874,10.531404,11.672403,15.407518,18.456465,23.288826,23.748396,26.596716,29.373285,25.513226,20.880201,19.933468,15.440646,14.127046,10.745308,7.7000837,8.969484,5.4609356,0.0,5.508891,8.257106,9.971949,8.738929,10.644779,10.635336,15.8398695,17.380592,21.964695,23.535711,27.790144,29.696077,32.352283,30.723022,27.043676,25.55539,20.578333,20.826065,16.019156,18.409712,15.247088,19.350916,19.080622,23.209496,25.698713,29.805218,28.965328,34.25663,37.330273,36.809597,36.861534,34.245396,33.30517,33.72546,38.814453,34.693604,31.335993,32.189774,30.237795,30.655659,33.692554,31.737032,26.743166,27.802584,22.471184,20.190268,19.425686,17.529902,20.152143,17.202122,21.177681,21.295242,24.233538,25.767357,28.003748,31.172134,29.531506,27.676565,25.70988,23.329655,20.05946,19.020315,14.934906,13.7055025,12.109263,12.569859,12.457919,14.976218,17.36258,19.56324,20.82337,21.288057,21.837496,22.998163,25.993067,24.35742,28.921762,26.256454,30.888752,33.547092,30.91758,27.677729,28.007898,21.91041,21.889889,18.589088,17.657679
24,8.470828,5.255725,7.0770893,5.793525,9.488625,9.238374,14.422232,16.937305,20.43361,23.72586,28.4364,28.868334,31.711071,34.182922,30.177513,25.495646,24.620726,19.663628,18.723969,14.330214,12.145193,11.221642,7.494256,5.508891,0.0,4.925325,7.1386995,8.840886,11.930086,13.548211,18.590048,21.75674,25.9879,27.98656,31.82464,34.138145,36.429302,34.429672,30.923332,29.140171,24.677687,23.883482,19.137577,20.239916,16.70132,19.295155,18.144407,21.496561,24.793074,28.42899,28.874807,33.525925,36.964317,37.151207,37.547974,35.153088,34.56059,35.569344,40.83065,36.826084,33.444588,33.603634,31.061235,31.216145,33.43331,31.57852,26.466345,26.505854,21.436836,18.808382,19.940409,18.109932,21.742826,19.763824,23.536713,24.5879,27.56809,29.61404,31.822983,35.25227,33.50369,32.245922,29.695402,27.069336,24.097809,22.081543,18.242159,15.734767,13.877656,12.573892,11.974173,12.982949,15.773691,18.354582,20.413054,21.838034,23.299593,24.79019,28.396427,26.72178,31.924025,29.469818,34.45177,37.32273,34.850025,31.52282,31.280958,25.349796,24.963987,21.15198,20.163578
25,6.3433256,1.9798288,5.714059,4.5149193,8.420427,10.40659,13.460719,17.763998,20.487162,24.42482,28.494766,29.097803,31.702078,33.530087,29.52627,24.721924,24.288412,18.737782,19.03687,14.16322,13.327862,12.045405,10.325162,8.257106,4.925325,0.0,5.9536695,7.9784865,9.414411,12.983958,16.47091,21.393038,24.65314,27.616417,30.749235,33.4584,35.45343,33.170036,30.125414,27.867634,24.197235,22.018442,17.347076,17.652308,13.432968,15.144594,13.433097,16.796183,20.341013,23.719181,24.488739,28.995573,32.374203,32.696335,33.384624,31.203842,30.601477,31.974401,37.229397,33.29107,29.957348,29.648455,26.819239,26.902313,28.752815,27.132376,22.054604,21.669397,16.795399,13.950746,15.757746,14.191304,18.381323,17.271746,21.07832,22.897976,26.182182,28.598482,31.14698,34.66344,33.327736,32.682873,30.057245,26.94283,23.597635,21.552467,17.003601,13.957473,11.287463,8.81453,7.66574,8.079629,11.124035,13.965743,16.514793,18.060308,20.18893,21.4225,25.414305,23.5319,29.170456,26.943619,32.149628,35.193394,32.95887,29.58027,28.919113,23.188173,22.732515,18.531464,18.012955
26,10.693949,7.0884376,11.537857,8.470671,12.339715,11.960672,16.11475,19.573494,21.825151,26.348228,29.57395,31.1888,33.386993,35.310417,31.92418,26.627844,26.956865,21.382835,22.266468,18.237831,16.688063,16.803114,14.008288,9.971949,7.1386995,5.9536695,0.0,4.785305,9.205516,11.272185,16.11755,20.685556,24.582611,26.598291,29.66475,32.602634,34.093296,31.55787,28.327887,26.297953,22.7784,20.912315,16.920898,16.223043,14.052899,15.046414,14.869841,16.783335,19.68585,23.597254,24.33588,28.429453,32.40393,33.416878,33.201134,30.687063,31.032476,32.25075,37.84937,34.550846,30.976686,31.49345,28.566757,29.45093,30.719364,30.409164,25.563005,24.215586,20.222948,15.828035,18.122988,14.775069,18.457079,17.292334,19.91158,21.853899,24.420746,27.117046,29.049118,32.810513,30.91753,30.868963,27.40383,24.38685,22.128378,18.711477,15.964214,12.104728,11.422217,9.330585,10.740109,10.750974,15.036612,18.253826,21.213306,22.218124,24.511822,24.711443,28.642172,25.57901,31.38089,28.044369,33.386288,36.516697,34.859447,31.367664,31.737358,25.539608,26.089708,21.854784,22.215473
27,14.048049,9.7923155,12.622023,7.8738327,10.644109,9.114364,12.945226,15.9856415,17.706656,22.549974,25.212933,27.277147,29.219553,31.144201,28.089865,22.624525,23.376755,17.928091,19.347477,16.17233,14.590148,16.071335,13.771883,8.738929,8.840886,7.9784865,4.785305,0.0,5.765938,6.496851,11.9427595,15.942393,20.048254,21.819675,24.993986,27.85651,29.4219,26.99385,23.65445,21.717516,18.0058,16.539286,12.552475,12.462131,11.049705,13.410208,14.478017,17.111025,19.005367,23.519747,22.890635,27.619894,31.322762,31.780888,31.091988,28.298113,28.510555,29.226343,34.81276,31.550516,27.90443,29.17003,26.681917,27.996275,29.866796,29.766758,25.05427,24.443718,20.339819,15.9986515,16.545992,12.600018,15.3399515,13.386641,15.95076,17.389952,19.905577,22.451284,24.408651,28.121283,26.295595,26.16057,22.85156,19.776537,17.358084,14.190391,11.332409,7.767494,7.867692,7.535514,10.123014,11.674107,15.714283,18.693382,21.122416,21.210665,22.963993,22.525005,26.058876,22.578167,28.071901,24.240685,29.462353,32.520805,30.980293,27.48788,28.516607,22.06677,23.231863,19.244097,20.100552
28,15.378903,11.32148,12.513771,7.8110714,8.552472,9.037321,9.281977,13.981829,14.653486,19.927834,21.949902,23.960115,25.672613,26.941614,23.863516,18.41423,19.580898,13.777592,16.565744,13.609298,13.453696,15.158466,14.807954,10.644779,11.930086,9.414411,9.205516,5.765938,0.0,5.686157,7.2235556,13.273778,15.911799,19.147793,21.660778,24.694223,26.328686,23.883284,21.103155,18.609135,15.611101,12.634244,8.192595,8.462047,5.4025526,9.161779,10.622767,14.442583,15.746257,20.322662,18.658318,24.058826,27.172737,26.910692,26.480007,23.781137,23.36611,24.037292,29.484392,25.963356,22.369331,23.551018,21.270903,22.633583,25.018059,24.831387,20.30122,20.441216,16.29845,12.490783,11.292785,7.5028586,10.081517,8.23193,11.751455,13.569057,16.888206,19.480486,22.197979,25.728838,24.767714,24.77855,22.190454,18.646544,15.0053005,13.270506,8.062237,4.998161,2.2295213,3.5056126,6.6532116,9.526828,12.665755,15.170312,17.10214,16.37573,17.996237,16.975307,20.465775,16.824295,22.429472,18.85157,24.180992,27.321308,25.80235,22.294287,23.051987,16.72416,18.016329,13.954791,15.49681
29,19.32293,14.954427,15.996173,10.676612,11.075291,8.297025,10.226387,12.097961,12.517808,17.817907,19.3537,22.168934,23.631111,25.5098,23.054174,17.424856,18.932056,14.0066,16.348343,14.931902,13.610966,16.84865,15.620892,10.635336,13.548211,12.983958,11.272185,6.496851,5.686157,0.0,7.2403593,9.4712305,13.962522,15.33616,18.736622,21.421158,23.196245,21.019241,17.511875,15.743202,11.590265,11.076958,7.211369,8.970951,9.2608385,13.550005,16.037243,19.3429,19.83296,24.767818,22.283745,27.708784,30.824242,30.391708,29.095303,25.997183,25.888376,25.765842,31.159231,27.966421,24.32623,26.708405,25.021772,26.865143,29.579708,29.682112,25.361807,25.831861,21.798088,18.028906,16.092552,11.97611,12.593273,9.157819,11.520033,11.664484,14.132834,16.274765,18.382938,21.943863,20.359337,19.980703,17.157621,13.968111,10.956134,8.849419,5.3146434,4.0086694,6.0697064,9.112685,12.172931,15.096938,18.266493,20.648357,22.184774,21.028759,21.844376,20.489347,23.184578,19.246449,23.965761,19.44416,24.317596,27.198896,25.834484,22.407486,24.5039,17.865702,20.019764,16.73275,18.312471
30,22.287428,18.351297,18.527035,13.970517,12.81687,12.629139,9.858459,13.443198,11.678147,17.40165,17.173878,20.25333,21.012312,21.58259,19.506546,13.951298,16.615974,11.643381,16.259089,15.485083,16.057688,19.061563,19.743036,15.8398695,18.590048,16.47091,16.11755,11.9427595,7.2235556,7.2403593,0.0,8.300227,9.061238,13.144562,14.786467,18.005835,19.497515,17.093483,14.796335,11.958922,10.030915,5.7545285,1.5014626,4.4254575,5.2350945,10.0882225,13.448139,17.09439,16.326706,21.086042,17.093224,23.053213,25.354736,24.09032,22.796883,19.767385,19.056116,18.710838,23.991465,20.7393,17.104425,19.839943,18.589462,20.862078,23.967194,24.532732,20.893824,21.989452,18.670546,15.633736,11.6404505,8.013649,6.2503176,2.0179057,5.6221647,6.6147747,10.451202,12.8953285,16.143248,19.402002,19.247374,19.648226,17.78587,13.991933,9.534104,9.819602,3.5239244,5.018937,5.2608037,9.127139,11.875764,15.058089,17.013395,18.622875,19.533247,17.209719,17.827047,15.081276,17.393475,12.569119,17.354841,12.576298,17.74952,20.857355,19.946411,16.47141,18.643112,12.298694,15.274133,12.298407,15.310705
31,27.542946,23.318764,22.815601,17.972351,16.263472,13.555096,11.92779,10.831475,7.83925,12.807322,11.266737,15.625293,15.8930235,17.588083,16.574986,11.292459,14.270824,11.781602,15.154229,16.894396,16.378857,20.919775,21.149143,17.380592,21.75674,21.393038,20.685556,15.942393,13.273778,9.4712305,8.300227,0.0,6.3558264,6.286798,10.552088,12.399513,15.0205555,13.8095045,10.188162,9.175017,3.8553061,7.633883,6.8186126,11.263244,13.260477,18.35691,21.591488,25.313206,24.373205,29.199095,24.668018,30.542498,32.52538,30.698658,28.755054,25.531582,24.68897,23.135637,27.651823,24.652391,21.42797,25.373566,25.186777,27.495207,31.316051,31.463724,28.0071,29.951603,26.252827,23.721977,19.241125,16.275383,13.925666,9.550682,10.553395,6.9889774,8.745815,8.831165,11.470552,14.15392,13.591781,12.204465,11.591149,8.841771,3.6274862,8.03521,5.786366,10.26029,12.032291,16.269842,18.692986,22.305357,24.232594,25.682392,25.950014,23.401548,22.70951,20.30991,21.163086,17.252846,19.695286,14.504497,17.967567,20.225903,19.144156,16.153133,20.189024,14.171197,17.752144,16.437576,18.70292
32,30.45019,26.51676,25.63488,21.305897,18.987432,17.959518,13.963256,14.361276,10.112373,14.4749975,10.732899,15.197802,14.421178,14.319834,14.160518,9.508209,13.782378,12.021981,16.90972,18.95822,19.77702,23.808138,25.193203,21.964695,25.9879,24.65314,24.582611,20.048254,15.911799,13.962522,9.061238,6.3558264,0.0,6.5617256,7.3109236,9.675131,12.045758,10.849364,9.22785,7.124047,6.6211495,6.214822,7.87066,11.523647,13.571546,18.029642,21.432047,25.085115,23.30299,27.657915,22.11819,28.032883,29.130531,26.479742,24.492075,21.479248,19.99161,17.866362,21.838448,18.922405,15.995114,20.563086,21.166586,23.759502,27.87957,28.37678,25.753391,28.220158,25.267366,23.499983,17.93613,15.972886,12.1870165,8.96913,9.046358,5.1684976,7.4677763,7.066051,11.046044,12.890132,14.289565,13.97548,14.554921,11.714845,6.7966433,11.804308,8.86882,13.139264,14.008257,18.020435,20.076393,23.594294,24.671108,25.495749,25.227793,21.894173,20.8682,17.412252,17.347143,13.0577545,14.392007,8.733365,11.78794,14.143844,13.72493,10.815654,15.637933,10.602264,15.07476,14.7153225,17.904642
33,33.775833,29.553917,29.035513,24.247093,22.385395,19.712255,17.645882,15.797759,11.938136,15.30964,10.789275,16.317585,15.096743,16.155298,17.086416,13.074466,16.82821,16.143553,19.631573,22.35519,22.057484,26.749416,27.17548,23.535711,27.98656,27.616417,26.598291,21.819675,19.147793,15.33616,13.144562,6.286798,6.5617256,0.0,5.577451,6.4041066,9.251456,9.022508,5.5363154,6.390736,4.0805244,9.615307,11.697175,15.074675,18.302279,22.756037,26.489548,29.776121,27.977213,32.665977,27.297716,32.887936,34.372272,32.15602,29.469275,26.213514,25.516413,23.086802,26.854858,24.675776,21.90351,26.888083,27.476753,30.239971,34.11001,34.85331,32.050304,34.16636,31.055462,28.663437,23.747833,20.939186,17.482374,13.8611355,12.956517,8.377503,7.4792376,4.880739,6.862328,8.377781,8.797239,7.4271336,8.801881,7.300171,4.738083,10.442669,11.173776,15.505805,17.725632,21.91559,24.480131,27.991104,29.740507,30.96051,30.961157,27.92392,26.860477,23.791386,23.672344,19.619246,20.473993,14.914699,16.739897,18.284687,18.203617,15.968401,21.38935,16.625952,20.84854,20.565712,23.203255
34,36.791718,32.686405,32.35555,27.677607,25.787998,23.948221,20.959692,20.320942,16.068615,19.485065,13.9721575,19.37043,17.386532,16.905464,18.764833,15.385767,19.741537,19.06417,23.453735,25.949738,26.29035,30.643486,31.4923,27.790144,31.82464,30.749235,29.66475,24.993986,21.660778,18.736622,14.786467,10.552088,7.3109236,5.577451,0.0,4.1556473,4.836328,4.1199284,3.9540029,4.265236,7.821523,9.712515,13.603939,15.659688,19.609291,23.076818,27.180212,29.902508,27.269444,31.608553,25.59447,30.783472,31.744282,29.300545,26.079916,22.919525,22.409277,19.46583,22.73581,21.423765,18.990362,24.63272,25.667862,28.889076,32.449768,34.030537,31.93652,33.886066,31.635468,29.333338,24.233747,21.62542,17.303566,14.871743,12.509424,8.472003,6.3724365,3.0833218,5.543767,6.003322,8.787036,10.138798,11.410822,9.7522335,8.350247,12.910115,13.847052,17.766516,19.946356,23.870241,26.541782,29.76033,31.252172,32.243416,32.190197,28.767096,27.848684,23.965975,23.438992,18.848703,19.03105,13.169404,14.151467,15.534815,16.835554,15.0374365,20.902964,17.189861,21.823477,21.853474,25.15045
35,39.504257,35.38154,34.652027,30.06897,27.894083,25.750135,22.781784,21.074648,16.7167,18.979218,12.672467,18.113544,15.580421,15.241754,17.98242,15.589799,19.70427,20.241539,24.038813,27.293812,27.526096,32.116173,33.06438,29.696077,34.138145,33.4584,32.602634,27.85651,24.694223,21.421158,18.005835,12.399513,9.675131,6.4041066,4.1556473,0.0,4.424366,6.5858316,6.5083566,8.222006,10.058312,13.442956,16.701843,19.422607,22.895607,26.7992,30.685806,33.725323,31.245415,35.55082,29.480122,34.738968,35.474277,32.68509,29.60168,26.585203,25.715324,22.531801,25.143108,23.774805,21.731579,27.354347,28.775555,31.774868,35.719326,36.866077,34.831505,37.261936,34.757774,32.810345,27.393948,25.13447,20.935387,18.17584,16.41963,12.140288,10.291881,6.6339536,7.4823613,5.8024797,9.123518,8.817711,12.054213,11.674473,10.699201,15.821639,16.786787,21.019138,23.02404,27.106924,29.538818,32.981182,34.3032,35.15312,34.781914,31.278593,29.865475,26.249668,25.179127,21.332949,20.513777,15.359906,15.13715,15.706669,16.821829,15.655674,21.82785,18.74337,23.20222,23.862118,26.804102
