,0,1,2,3,4,5,6,7,8,9,10,11,12,13,14,15,16,17,18,19,20,21,22,23,24,25,26,27,28,29,30,31,32,33,34,35,36,37,38,39,40,41,42,43,44,45,46,47,48,49,50,51,52,53,54,55,56,57,58,59,60,61,62,63,64,65,66,67,68,69,70,71,72,73,74,75,76,77,78,79,80,81,82,83,84,85,86,87,88,89,90,91,92,93,94,95,96,97,98,99,100,101,102,103,104,105,106,107,108,109
0,0.0,4.729392,6.9196496,9.099717,12.259018,13.850821,17.236582,21.332897,22.957703,28.381804,31.575594,34.741802,34.332542,32.28026,28.699358,26.156837,22.266542,21.0067,16.971151,14.361803,12.685564,10.206978,11.291395,7.9743004,11.484352,14.869207,16.454807,16.298733,17.85243,17.53855,20.792686,20.009016,27.068037,24.380152,28.87044,30.71649,31.721079,31.45378,26.92815,22.937447,27.660484,23.614887,25.433048,23.298445,21.797743,20.87193,21.25669,19.299952,22.133648,26.327229,27.906612,28.362644,30.141996,33.66662,30.829826,33.413006,32.676075,34.72455,39.738655,37.674774,34.40129,36.34303,33.475178,36.11012,33.830986,38.603287,37.36126,33.080452,28.013008,30.551105,28.449295,33.180325,32.750538,36.980907,37.31048,40.70606,42.874054,41.92905,46.497288,45.61172,40.55444,37.95146,34.574905,31.89802,30.170914,26.80236,24.660044,19.707281,20.059916,16.718496,18.142538,16.318356,19.988592,19.516895,22.452908,23.333519,24.826511,28.992987,28.373152,33.079823,33.040417,38.074917,42.586334,39.068504,36.015762,33.561905,29.375608,28.654884,24.314135,24.543869
1,4.729392,0.0,5.2377696,6.335776,8.667072,11.774595,13.687604,18.783335,19.789873,25.86319,28.670763,31.775154,31.929716,30.008146,26.836916,23.94442,20.48574,18.527582,15.07741,11.615457,11.521467,7.3732176,10.772753,7.1670694,11.960895,14.383305,14.371061,14.265314,14.860288,15.915985,17.943853,18.557045,25.232637,23.31758,27.590176,29.67379,31.221754,30.63118,26.352226,22.269133,26.202492,22.110485,23.16356,20.529083,19.968176,18.246563,19.405916,16.542917,20.023159,24.024626,25.910002,25.694536,28.394861,31.389862,28.93224,31.643524,30.231152,32.328903,37.275414,34.698254,31.367804,32.997425,30.04194,32.425026,30.408125,34.74344,33.338345,29.081757,24.109436,26.827,24.593204,29.474339,28.920034,33.351334,33.617466,37.220844,39.382797,38.563683,43.079105,42.40024,37.36877,34.500256,31.31456,28.340792,26.719572,23.055593,20.610771,15.611364,15.610691,12.309122,13.605013,12.060638,15.652772,14.853056,17.770021,18.640238,20.18481,24.384228,24.007915,28.602148,28.92899,33.842613,38.26406,34.81623,31.831833,29.163809,25.250603,24.47955,20.10411,20.754732
2,6.9196496,5.2377696,0.0,5.016271,6.8702664,7.9560337,11.310579,14.979385,16.995546,21.984123,25.709436,28.377659,28.351288,26.702713,22.929672,20.745968,17.032562,15.965606,12.804664,10.640682,10.803277,9.207608,13.1396265,11.091395,15.574612,17.540792,18.050274,16.638908,16.433905,16.7512,17.653482,17.545908,23.275455,20.379517,25.04166,26.501184,28.341593,28.300238,23.973557,20.370998,24.937527,21.748629,22.500854,21.166508,21.494036,20.167316,22.26461,19.783632,23.692183,27.693153,29.06253,28.10839,30.773228,33.076706,30.16081,32.37606,30.852186,32.340294,37.2766,34.800236,31.452864,33.95153,31.502142,34.172993,32.980278,37.09683,35.978878,32.129936,27.054956,29.314545,26.38673,31.040255,29.671595,34.07396,33.646336,37.17264,38.831593,37.509663,41.90181,40.622944,35.36321,32.61761,29.521069,26.812641,25.743584,21.606043,20.684362,15.688506,16.676243,14.296623,16.166126,15.517835,18.609112,16.381124,19.463709,18.876438,20.287607,24.003983,23.458584,28.09597,27.892166,32.90062,37.318974,33.343456,30.284227,27.791973,23.398777,22.487535,18.27816,18.011871
3,9.099717,6.335776,5.016271,0.0,3.747014,6.0174484,8.459832,13.046354,13.995443,20.094051,22.650496,26.038374,25.818583,23.748407,20.71892,17.651527,14.225802,12.241918,8.833561,5.79482,6.606201,5.028352,9.7901325,9.099077,13.383703,14.195307,14.406939,12.215423,11.611347,12.008448,12.731205,13.063632,19.122896,17.198895,21.435993,23.501057,25.31808,24.71185,20.571257,16.6607,20.531591,17.052326,17.695839,16.156153,16.69797,15.3744135,17.934614,15.701046,19.827662,23.747494,24.743017,23.417797,26.12068,28.147034,25.231792,27.450579,25.840418,27.39699,32.342697,29.900814,26.561626,29.099808,26.736195,29.620604,28.583437,32.943466,32.253094,28.80039,23.40289,25.103794,21.993431,26.45948,25.111792,29.372488,29.081953,32.501244,34.323437,33.15023,37.64813,36.628193,31.520832,28.869106,25.547195,22.86841,21.363655,17.812262,16.451908,11.555977,13.091696,10.919196,13.842074,13.918972,17.387333,15.189781,17.56404,17.126064,17.657282,21.58424,20.106945,25.00571,24.307213,29.457403,34.070564,30.527285,27.385612,25.664402,20.917702,20.90058,16.638126,17.483734
4,12.259018,8.667072,6.8702664,3.747014,0.0,5.2911887,5.057041,10.671879,11.145231,17.607569,20.089987,23.18681,23.572914,21.806873,19.041407,15.936906,13.09698,10.647846,8.646427,5.526093,8.704929,6.992075,12.604107,11.982838,16.385162,16.632885,15.760199,13.503768,11.6029,13.198113,11.831503,13.584972,18.416971,17.034174,21.019365,23.009237,25.432146,24.748339,20.979155,17.376652,20.482258,17.476599,17.103594,15.615192,17.488634,15.584701,19.008553,16.211842,20.74931,24.316107,25.429684,23.332611,26.79251,28.082058,25.46667,27.588081,25.309582,26.661734,31.455408,28.542427,25.177721,27.671589,25.437136,28.102934,27.637398,31.390434,30.617502,27.371374,22.199947,23.891178,20.448734,24.902012,23.101488,27.537514,26.89657,30.502213,32.109333,30.87606,35.25537,34.219334,29.048805,26.135832,23.088562,20.15949,19.063786,14.863908,13.92667,9.034127,10.712934,9.415037,12.302835,13.171488,15.995822,12.895754,15.151781,13.921576,14.377132,18.08734,16.814428,21.617817,21.12627,26.195036,30.71364,26.997988,23.88694,21.965002,17.284817,17.15588,12.893363,13.916925
5,13.850821,11.774595,7.9560337,6.0174484,5.2911887,0.0,6.118467,7.58256,9.889854,14.580106,18.07842,21.05012,20.542633,18.762613,15.122337,12.807922,9.158637,8.450463,6.2835536,6.5925922,8.284286,10.217222,14.389588,14.858894,18.635511,18.873177,19.306791,16.089514,14.450344,14.115058,12.691774,12.286955,16.176798,13.211665,17.771135,19.059828,21.484856,21.465624,17.520557,14.498428,18.689411,16.779106,16.666754,17.077406,18.979877,18.142706,21.693232,19.93989,24.278667,27.950247,28.357767,26.107323,28.789846,29.746073,26.457926,27.949492,26.105932,26.77959,31.541828,29.21932,25.96616,29.543676,27.938803,31.068865,31.135422,35.06416,34.78422,31.970547,26.655117,27.695017,23.876827,27.802,25.441254,29.485666,28.284092,31.504862,32.63042,30.83172,35.10769,33.359547,28.02577,25.58371,22.414267,20.18793,19.485188,15.51973,16.484327,12.305825,15.026781,14.336264,17.50759,18.449064,21.24448,17.835884,20.022438,17.975868,18.022589,21.073586,19.161413,23.936218,22.3788,27.535091,32.08956,28.037155,24.842371,23.70124,18.321793,18.49393,14.759015,14.724226
6,17.236582,13.687604,11.310579,8.459832,5.057041,6.118467,0.0,6.8652506,6.353055,13.197284,15.370053,18.28129,19.106075,17.633484,15.349688,12.220642,10.423008,7.6493683,8.181054,6.811238,11.174079,10.97951,16.316528,16.537361,20.584597,20.045942,18.719622,15.854414,12.737406,14.626196,10.699321,13.4096155,16.00644,15.260291,18.713762,20.494808,23.609686,22.892147,19.74856,16.831543,18.958483,17.052965,15.436721,14.940183,18.427937,16.48426,20.898266,18.241488,22.962887,26.05218,26.7955,23.665266,27.551086,27.683987,25.175814,26.838871,23.94076,24.69983,29.207312,26.003616,22.71376,25.673168,24.014536,26.668379,27.28021,30.381367,29.943253,27.409729,22.484053,23.533903,19.49833,23.434479,20.75338,25.090298,23.728483,27.321295,28.444016,26.910906,31.105743,29.81131,24.544815,21.518753,18.732756,15.792125,15.374845,10.520238,11.358306,7.494838,10.20756,10.835118,13.829117,15.774062,17.75231,13.711268,15.248919,12.541251,12.107303,14.994319,13.174438,17.894375,16.856077,21.920248,26.410696,22.448584,19.28718,17.883406,12.692164,13.07372,9.200521,10.524316
7,21.332897,18.783335,14.979385,13.046354,10.671879,7.58256,6.8652506,0.0,4.6547146,7.0944757,11.326723,13.57043,13.531891,12.495884,9.0439005,7.5849504,6.083815,6.4708533,8.948484,11.03355,14.024123,16.361486,20.704206,21.730803,25.343641,24.73675,24.419847,20.755198,17.819292,18.029427,13.693215,14.331575,14.119904,11.867475,15.383655,15.867848,19.560923,19.735548,17.008932,15.5144005,18.086157,18.13295,16.299248,18.25527,22.046568,21.128094,25.726774,24.005333,28.546412,31.614262,31.641386,28.155571,31.34962,30.756334,27.676128,28.444845,25.82612,25.520184,29.69806,27.097866,24.10167,28.350225,27.640804,30.656588,32.14774,35.101826,35.224606,33.329044,28.464891,28.768307,24.358398,27.454948,23.964178,27.65161,25.34888,28.368006,28.590033,26.20705,30.029802,27.646088,22.169207,19.75756,17.176708,15.382169,16.055738,11.633352,15.503874,13.169932,16.479494,17.577898,20.642666,22.619717,24.45861,20.091822,21.535368,17.933592,17.104307,18.65309,16.287928,20.395948,17.955309,22.75051,27.023636,22.557257,19.449383,19.256367,13.463498,14.250403,11.919898,11.451469
8,22.957703,19.789873,16.995546,13.995443,11.145231,9.889854,6.353055,4.6547146,0.0,7.926833,9.0218315,12.279674,12.954734,11.590087,10.284884,7.0500083,7.5009747,5.297892,9.221648,10.490868,14.40248,16.067228,20.51735,21.819345,25.244024,23.956081,22.838947,19.196218,15.567027,16.685259,10.951664,13.395594,12.473161,12.544744,14.900019,16.282549,20.087683,19.386322,17.254944,15.577382,16.43703,16.382072,13.586182,15.1669655,19.854565,18.546143,23.572214,21.738262,26.276861,28.902596,28.864021,24.842043,28.520151,27.341328,24.710255,25.526445,22.324858,22.065348,26.093918,23.03289,20.02793,24.030067,23.42911,26.316736,28.2055,30.84591,31.174118,29.704971,25.00223,24.904497,20.366865,23.165878,19.467321,23.143003,20.783487,23.936146,24.278776,22.13252,26.077423,24.17521,18.766062,15.995637,13.320874,11.02077,11.63005,6.981782,11.341477,10.092963,13.594783,15.527907,18.695179,21.226225,22.801056,18.544472,19.22358,15.658452,13.951264,15.315307,12.099932,16.312025,13.515006,18.488405,22.959925,18.90584,15.694759,16.174686,10.144209,12.118495,10.021225,11.293695
9,28.381804,25.86319,21.984123,20.094051,17.607569,14.580106,13.197284,7.0944757,7.926833,0.0,6.938335,7.2101836,7.249877,7.8808355,5.4248238,7.061386,9.022043,10.661558,14.57543,17.359589,20.249645,23.067707,27.115955,28.578712,31.93087,30.872408,30.424751,26.484737,23.15089,23.245676,17.90034,18.535168,14.991988,13.513653,15.266274,14.515006,18.96524,19.516054,18.284098,18.436968,19.603767,21.43328,18.724064,21.980223,26.57014,25.918213,30.884493,29.498232,33.937687,36.566914,36.159092,31.974483,35.144848,33.388317,30.442318,30.435532,27.541164,26.24278,29.596304,27.15638,24.681555,29.522825,29.76779,32.674397,35.28974,37.49225,38.087887,37.054764,32.629196,32.22261,27.585512,29.69795,25.448776,28.392405,25.131773,27.570042,26.738646,23.692186,26.770172,23.497076,18.13148,16.268066,14.6761465,14.125469,16.245079,12.738683,18.585968,17.989195,21.340631,23.311693,26.23468,28.665571,29.980587,25.320253,26.190472,21.882048,20.424564,20.489378,17.81817,20.718075,17.275976,21.135252,24.803612,20.188044,17.480293,18.805777,13.393102,14.896864,14.633782,13.783537
10,31.575594,28.670763,25.709436,22.650496,20.089987,18.07842,15.370053,11.326723,9.0218315,6.938335,0.0,5.503798,5.510118,5.038586,8.178414,7.0721393,11.207069,11.16658,15.868105,18.40512,21.570734,24.303484,27.89711,30.020016,32.82216,30.864807,29.916405,25.836643,22.087446,22.482077,16.177773,17.825615,12.313368,13.951491,13.512055,13.821155,18.223188,17.576035,17.642427,18.102154,16.770927,19.303162,15.574583,19.245045,24.557886,24.000257,29.20702,28.264797,32.369934,34.34492,33.454494,28.649727,31.852356,29.036734,26.542826,26.11097,22.769749,20.965643,23.694433,21.15014,19.064426,24.1106,25.085526,27.968128,31.373718,33.21624,34.49634,34.39168,30.234077,28.858519,24.202484,25.25625,20.671448,22.840565,19.174591,21.15116,19.99004,16.805996,19.887934,16.754274,11.314648,9.605122,7.941813,8.419078,11.035675,9.661476,16.031136,17.286528,20.71078,23.401495,26.517662,29.439949,30.62849,26.371456,26.29033,22.353302,19.782957,19.383873,15.359834,17.7293,12.887978,16.40813,20.176008,16.60937,14.004848,17.543823,12.358886,15.695533,16.04576,17.018969
11,34.741802,31.775154,28.377659,26.038374,23.18681,21.05012,18.28129,13.57043,12.279674,7.2101836,5.503798,0.0,5.4787154,8.134715,10.12833,11.322409,14.926807,15.565918,20.144176,22.548725,25.897621,28.309887,32.39211,34.052326,37.258003,35.627037,34.496944,30.639011,26.788462,27.516533,21.196074,22.915216,17.59594,18.251436,18.1224,17.43297,21.98025,21.998766,22.174618,22.94178,22.115852,24.713718,21.050238,24.426815,29.822222,28.979725,34.24575,32.868706,37.15732,39.129993,38.529972,33.640743,37.171005,34.248726,31.954346,31.505287,28.0112,26.105938,28.427422,25.71617,23.85914,28.521477,29.554152,31.994213,35.673595,36.81727,37.792885,37.7101,33.986496,32.940426,28.33187,29.411371,24.664047,26.824625,22.822681,24.75104,22.969995,19.634714,21.776785,18.124517,13.196762,11.578031,11.7800865,12.247987,15.64083,13.43035,19.942629,21.073414,24.09852,26.914907,29.549309,32.48356,33.17773,28.513035,28.561522,23.994362,21.833147,20.525675,17.674341,18.987518,14.950314,17.307144,20.114103,15.853115,13.853451,17.028463,12.90158,15.349118,16.869555,16.775476
12,34.332542,31.929716,28.351288,25.818583,23.572914,20.542633,19.106075,13.531891,12.954734,7.249877,5.510118,5.4787154,0.0,3.748393,6.653046,8.868723,12.669996,14.403899,18.682493,22.022703,24.508732,28.04099,31.317451,33.585693,36.299965,34.573196,34.280083,29.95264,26.568954,26.117506,20.498264,20.713243,14.508531,14.586365,13.887818,12.483491,16.960938,17.37036,17.960073,19.547737,18.933538,22.367874,19.246433,23.729078,28.558714,28.520702,33.539444,32.953445,37.006104,39.178566,38.0432,33.427616,36.047203,33.253117,30.359982,29.46506,26.727434,24.440355,26.828537,25.096457,23.34616,28.845419,30.124718,33.158558,36.612896,38.572124,39.973442,39.886734,35.642513,34.23045,29.576406,30.50182,25.926313,27.719019,23.906424,25.310518,23.613335,20.005312,22.376945,18.266731,13.417095,13.086389,12.152851,13.644458,16.165411,15.0949335,21.409029,22.212929,25.765656,28.171297,31.363132,34.092422,35.422756,30.994318,31.25034,27.09928,24.856071,24.333618,20.709475,22.814617,18.075788,20.985664,24.176323,20.503252,18.307226,21.777573,16.922888,19.604727,20.190672,20.117344
13,32.28026,30.008146,26.702713,23.748407,21.806873,18.762613,17.633484,12.495884,11.590087,7.8808355,5.038586,8.134715,3.748393,0.0,5.5506415,6.1567254,10.240529,11.829643,15.971402,19.529692,21.697922,25.57788,28.40353,31.018578,33.4059,31.490324,31.447918,26.954742,23.767435,22.887718,17.542896,17.320396,10.800723,11.335883,10.267085,9.450997,13.931953,13.92239,14.477076,16.034504,15.194994,18.764666,15.801066,20.64246,25.225191,25.505816,30.389671,30.184301,34.063766,36.26963,34.90493,30.441357,32.697563,30.05229,26.93341,25.997385,23.533209,21.2879,23.971674,22.532768,20.666668,26.43982,27.669033,31.011168,34.200886,36.67342,38.26272,38.129917,33.60293,31.999567,27.377367,28.292475,23.932508,25.677687,22.18581,23.54219,22.286238,18.82813,21.759449,18.028387,13.036826,12.807673,10.763694,12.326352,14.045179,13.653627,19.53159,20.268673,24.039034,26.251053,29.742048,32.395485,34.07467,29.948645,30.170015,26.464985,24.05671,24.11632,19.927652,22.622944,17.588926,21.07611,24.756128,21.463335,18.975103,22.523611,17.187574,20.223972,20.127888,20.595814
14,28.699358,26.836916,22.929672,20.71892,19.041407,15.122337,15.349688,9.0439005,10.284884,5.4248238,8.178414,10.12833,6.653046,5.5506415,0.0,5.0374446,7.0198593,10.253982,13.62658,17.529432,19.296638,23.426653,26.425209,28.643549,31.345264,30.105865,30.555115,26.126785,23.338253,22.098774,17.622587,16.4769,12.008281,9.497614,10.908768,9.347555,13.754384,14.792141,13.799222,14.895674,16.4286,19.15287,17.105726,21.524343,25.458794,25.712664,30.364271,29.896074,33.99621,36.745777,35.734642,31.821474,34.01296,32.334736,28.828636,28.347511,26.252014,24.586039,27.939528,26.466413,24.167519,29.732105,30.289356,33.719086,36.192337,39.100113,40.185898,39.29657,34.458553,33.570637,28.953318,30.74601,26.678522,29.130909,26.034222,27.907642,27.111643,23.877068,27.061193,23.49297,18.353508,17.510382,15.230055,15.6677065,17.01693,15.029082,20.501097,19.855536,23.647112,25.238989,28.697567,30.936672,32.856163,28.580212,29.485037,25.717894,24.032532,24.640217,21.155483,24.459284,20.244253,24.290442,28.167557,24.148472,21.40796,23.527699,17.839872,19.861515,19.07318,18.591307
15,26.156837,23.94442,20.745968,17.651527,15.936906,12.807922,12.220642,7.5849504,7.0500083,7.061386,7.0721393,11.322409,8.868723,6.1567254,5.0374446,0.0,4.4033475,5.86974,9.881152,13.538326,15.673324,19.576338,22.506393,24.962412,27.494473,25.864016,26.00213,21.540514,18.577278,17.578648,12.675326,12.193089,8.011837,7.280644,8.727601,9.36587,13.4775915,13.208138,11.792858,11.793583,12.576136,14.688549,12.292628,16.502247,20.647467,20.787998,25.543058,25.124258,29.16267,31.794035,30.758087,26.787405,29.123056,27.501507,24.102594,23.908546,21.601236,20.30933,24.04695,22.293745,19.738596,25.140596,25.47042,29.003128,31.26543,34.430138,35.593887,34.71071,29.7465,28.713383,24.133005,25.980656,22.121555,24.723995,22.01088,24.121857,23.915905,21.095488,24.852333,22.054064,16.780565,15.480108,12.364127,12.215664,12.7302265,11.079396,15.9790125,15.498264,19.433191,21.078392,24.759209,27.109156,29.189272,25.26255,25.8746,22.60821,20.575148,21.678226,17.604303,21.402544,17.089172,21.651798,25.983932,22.41739,19.423496,21.63616,15.663567,18.262608,16.886969,17.54513
16,22.266542,20.48574,17.032562,14.225802,13.09698,9.158637,10.423008,6.083815,7.5009747,9.022043,11.207069,14.926807,12.669996,10.240529,7.0198593,4.4033475,0.0,4.493097,6.6601477,10.852476,12.276902,16.647799,19.420769,21.721395,24.328941,23.20303,23.926388,19.503952,17.147242,15.555591,12.046423,10.317514,9.15884,5.785968,9.6455555,10.367307,13.667975,13.8195915,10.946358,9.939302,12.963559,13.923302,12.763695,16.328587,19.494299,19.770823,24.098892,23.66203,27.723637,30.812283,29.99014,26.681112,28.73031,28.07631,24.359583,24.585693,22.79667,22.095755,26.321012,24.723825,21.914776,27.011713,26.755905,30.39551,31.868275,35.58358,36.419785,34.91682,29.638659,29.129381,24.727036,27.235422,23.89193,26.908184,24.75305,27.121729,27.404564,24.86998,28.849445,26.297499,21.047964,19.562801,16.260153,15.516917,15.365764,13.049232,16.71697,14.908652,18.792286,19.641535,23.406384,25.282467,27.779245,24.039516,25.187664,22.30467,20.858654,22.709255,19.109121,23.438778,19.824411,24.735569,29.234648,25.473198,22.341284,23.542997,17.484026,19.346174,17.097292,17.376625
17,21.0067,18.527582,15.965606,12.241918,10.647846,8.450463,7.6493683,6.4708533,5.297892,10.661558,11.16658,15.565918,14.403899,11.829643,10.253982,5.86974,4.493097,0.0,4.7476006,7.7049646,10.422381,13.754315,17.005486,19.241463,21.957329,20.4373,20.357483,16.067009,13.148275,12.584928,7.9474235,8.346333,8.570282,8.175969,11.084183,13.181357,16.24935,15.320607,12.575661,10.37514,12.034474,11.74466,9.911261,12.403003,16.168623,15.843261,20.507095,19.690601,23.887934,26.802711,26.198643,22.670366,25.317335,24.647614,21.326454,22.032106,19.698412,19.535007,23.983976,21.784986,18.728735,23.279951,22.671589,26.195602,27.529247,31.216406,31.96274,30.435274,25.162695,24.677492,20.282585,22.991877,19.82006,23.151426,21.346575,24.086056,24.85437,22.79482,27.069643,25.243826,20.03226,18.002789,14.468432,12.892177,12.0875435,9.5866785,12.353844,10.591167,14.562559,15.640229,19.509827,21.627207,24.068611,20.550798,21.345129,18.829576,17.084362,19.286245,15.410402,20.040707,16.716017,21.879555,26.590075,23.175236,19.953627,20.995588,15.013821,17.205463,14.587546,15.962571
18,16.971151,15.07741,12.804664,8.833561,8.646427,6.2835536,8.181054,8.948484,9.221648,14.57543,15.868105,20.144176,18.682493,15.971402,13.62658,9.881152,6.6601477,4.7476006,0.0,4.724255,5.8430095,10.246174,12.828172,15.24019,17.7604,16.64614,17.46215,13.134628,11.345195,9.597633,7.877785,6.169934,10.47444,8.719341,12.640129,14.949077,16.968765,16.145893,12.356848,8.903376,12.485611,10.6309805,10.711516,12.177532,14.190101,14.27097,18.137707,17.613495,21.615015,25.027208,24.52037,21.941734,23.962412,24.475512,20.821133,21.964499,20.442255,20.928314,25.738783,23.951254,20.806013,24.94851,23.77897,27.43457,27.774998,32.205715,32.74103,30.635014,25.020798,24.960207,20.992289,24.209082,21.852858,25.319864,24.254753,27.011911,28.29497,26.561857,31.006691,29.452513,24.400213,22.47202,18.762995,17.08091,15.565774,13.351733,14.222024,11.17123,14.762053,14.611271,18.63297,20.064693,23.164993,20.27153,21.52691,19.900337,18.739586,21.758608,18.316645,23.255325,20.533451,25.805946,30.601763,27.30598,24.060097,24.435093,18.659292,20.273905,16.931599,18.145031
19,14.361803,11.615457,10.640682,5.79482,5.526093,6.5925922,6.811238,11.03355,10.490868,17.359589,18.40512,22.548725,22.022703,19.529692,17.529432,13.538326,10.852476,7.7049646,4.724255,0.0,4.871433,6.0495577,10.055593,11.633053,14.769564,13.787645,13.596016,9.920668,7.924308,8.1553,7.054961,8.211273,13.861691,13.338148,16.815882,19.480583,21.443033,20.222595,16.55521,12.628559,15.285879,11.962956,11.986158,10.922492,12.637993,11.550937,15.311209,13.774784,18.087334,21.614138,21.828285,19.545357,22.31239,23.43276,20.385294,22.312246,20.41975,21.730974,26.64516,24.256329,20.938286,23.957281,22.033066,25.305603,24.967169,29.411898,29.444384,26.818378,21.19036,21.802765,18.16816,22.07702,20.334776,24.301546,23.845829,27.049513,28.842999,27.654667,32.215393,31.303135,26.350002,23.908688,20.346962,17.885124,15.996699,13.303609,12.166625,8.058246,10.974279,10.134078,14.1445,15.40974,18.673122,16.224909,17.523926,16.691868,15.886293,19.555716,16.701414,21.770308,20.093105,25.36035,30.152767,27.048311,23.844635,23.358526,18.13647,19.336752,15.47029,17.305492
20,12.685564,11.521467,10.803277,6.606201,8.704929,8.284286,11.174079,14.024123,14.40248,20.249645,21.570734,25.897621,24.508732,21.697922,19.296638,15.673324,12.276902,10.422381,5.8430095,4.871433,0.0,6.301031,7.2376933,9.986889,12.068698,11.456291,13.336124,9.406263,9.6206255,6.8721685,9.609599,7.331114,14.625879,13.044329,16.817574,19.439947,20.426718,19.409643,15.209491,10.904325,14.993592,11.25225,13.103227,12.599637,12.113967,12.432198,14.83174,14.591248,18.110737,22.01367,21.784801,20.533384,21.917683,23.933128,20.29915,22.137781,21.398848,22.78769,27.803108,26.26805,23.106077,26.364422,24.479464,28.061308,27.151396,32.306774,32.549896,29.814869,23.998556,24.46415,21.252655,24.94355,23.683916,27.240993,27.110119,29.921822,31.848137,30.636673,35.247963,34.221886,29.404224,27.428663,23.610588,21.66642,19.470976,17.622576,16.452135,12.624167,15.202634,13.594015,17.455505,17.957014,21.75003,19.9955,21.51977,21.225052,20.615017,24.39541,21.433008,26.50521,24.522089,29.79784,34.640556,31.661776,28.442816,28.196068,22.857985,24.05187,20.166521,21.571611
21,10.206978,7.3732176,9.207608,5.028352,6.992075,10.217222,10.97951,16.361486,16.067228,23.067707,24.303484,28.309887,28.04099,25.57788,23.426653,19.576338,16.647799,13.754315,10.246174,6.0495577,6.301031,0.0,6.0131536,5.8140683,9.66924,9.709028,9.393011,7.5074368,7.752448,8.79611,11.083983,12.1816025,19.189713,18.63822,22.15256,24.963129,26.36589,25.055063,21.142723,16.802378,19.649683,15.166686,16.207888,13.266007,12.774667,11.1761,13.11147,10.8784275,14.832164,18.82427,19.8947,19.049103,21.662336,24.23669,21.641264,24.311111,22.884184,25.04541,29.998285,27.610691,24.325758,26.158321,23.414576,26.27102,24.563065,29.421595,28.848373,25.357038,19.749523,21.35366,18.747692,23.24859,22.69527,26.812246,27.252623,30.594784,32.946857,32.285583,36.91548,36.5218,31.764938,29.168324,25.673279,22.91599,20.653345,18.117546,15.136626,10.588936,11.538656,8.696851,11.960419,11.884513,15.897555,14.943546,16.607588,17.442406,17.510777,21.824575,19.918486,24.83153,24.221529,29.295269,33.97697,31.15102,28.072048,26.715628,22.254065,22.807156,18.571735,20.470526
22,11.291395,10.772753,13.1396265,9.7901325,12.604107,14.389588,16.316528,20.704206,20.51735,27.115955,27.89711,32.39211,31.317451,28.40353,26.425209,22.506393,19.420769,17.005486,12.828172,10.055593,7.2376933,6.0131536,0.0,4.887383,5.0031257,4.752103,8.034598,6.1316648,9.430957,7.527012,13.2578,12.269142,20.225565,19.69876,22.831085,25.90371,26.27135,24.766834,20.7991,16.311308,19.347746,14.297813,16.914934,14.132266,10.960868,11.076212,10.78177,10.841607,13.152956,17.41764,17.749512,18.334328,19.131718,22.86885,19.881338,22.601501,22.46884,24.907642,29.843655,28.384604,25.352541,27.185469,24.49391,27.687967,25.27078,31.036816,30.939604,27.628206,21.90628,22.923622,20.954784,24.90833,25.067488,28.54719,29.543943,32.372932,35.02996,34.54637,39.251354,39.013817,34.572205,32.477036,28.666391,26.414688,23.590256,22.303776,19.101841,15.342851,16.389591,13.540885,16.623411,16.034641,20.308046,20.336115,21.676224,23.09847,22.855328,27.174786,24.691267,29.604507,28.46166,33.52211,38.294044,35.914543,32.828545,32.114548,27.479704,28.473942,24.342026,26.28594
23,7.9743004,7.1670694,11.091395,9.099077,11.982838,14.858894,16.537361,21.730803,21.819345,28.578712,30.020016,34.052326,33.585693,31.018578,28.643549,24.962412,21.721395,19.241463,15.24019,11.633053,9.986889,5.8140683,4.887383,0.0,4.9946823,7.397206,8.586496,9.00992,11.565783,11.710687,16.106497,16.218056,23.911646,23.028852,26.592003,29.409454,30.18204,28.929274,24.82124,20.369577,23.613367,18.672646,20.669418,17.310045,14.884801,13.812027,13.427682,11.743566,14.2326765,18.48193,19.952217,20.769983,22.435265,26.309076,23.8729,26.851809,26.217058,28.810722,33.726574,31.723755,28.578209,29.837507,26.734642,29.386482,26.61157,31.904839,31.052626,27.05368,21.689884,23.768497,22.127752,26.641499,26.949375,30.870926,31.903423,35.116814,37.795357,37.39704,42.069267,41.896664,37.282043,34.783028,31.215439,28.518414,26.006504,23.821125,20.272669,15.938407,16.038788,12.479074,14.545683,13.058922,17.361727,17.873795,19.713604,21.609045,22.175726,26.660007,25.17821,29.936876,29.691317,34.65033,39.27064,36.639656,33.624535,31.958708,27.823357,28.083307,23.763792,25.44964
24,11.484352,11.960895,15.574612,13.383703,16.385162,18.635511,20.584597,25.343641,25.244024,31.93087,32.82216,37.258003,36.299965,33.4059,31.345264,27.494473,24.328941,21.957329,17.7604,14.769564,12.068698,9.66924,5.0031257,4.9946823,0.0,4.4123664,8.286496,9.13959,13.11563,11.920063,17.879486,17.090502,25.074812,24.527624,27.622421,30.68978,30.76899,29.268106,25.312168,20.88229,23.842852,18.626698,21.462557,18.09665,14.051484,14.042544,11.914543,12.028122,12.90483,17.109442,18.01005,20.006184,20.284037,25.007408,22.506607,25.52793,25.793385,28.620499,33.40811,32.046368,29.139683,30.236353,27.175402,29.993406,26.69127,32.599964,32.153976,28.409424,23.052223,24.583664,23.474054,27.493536,28.37504,31.780275,33.27599,36.09768,39.03524,38.84769,43.550533,43.5986,39.2842,37.127335,33.364567,30.990927,28.049377,26.800392,22.978441,19.242867,19.48043,16.113134,18.273296,16.79666,21.082838,22.18719,23.586208,25.84598,26.016834,30.499052,28.499762,33.247185,32.617416,37.534107,42.21123,40.006344,36.999428,35.88129,31.634323,32.3322,28.10101,30.027002
25,14.869207,14.383305,17.540792,14.195307,16.632885,18.873177,20.045942,24.73675,23.956081,30.872408,30.864807,35.627037,34.573196,31.490324,30.105865,25.864016,23.20303,20.4373,16.64614,13.787645,11.456291,9.709028,4.752103,7.397206,4.4123664,0.0,5.8270483,5.816198,10.295954,8.88009,15.16231,14.738595,22.48601,22.949432,25.381998,28.838106,28.861742,26.878593,23.33451,18.920427,20.82279,15.383843,18.22056,14.542611,9.916548,10.288187,7.735002,9.062382,9.684435,13.854793,14.080405,15.908028,15.950781,20.614424,18.150517,21.26785,21.598162,24.572674,29.264963,28.030792,25.24658,26.243814,23.298841,26.306845,23.115208,29.299149,29.352964,26.141315,20.603086,21.383684,20.271793,23.878973,24.927082,28.003729,29.703812,32.304283,35.376358,35.372025,40.057743,40.36257,36.328457,34.34428,30.539324,28.333796,25.085001,24.625443,20.539688,17.520748,17.998596,15.164692,17.83301,17.083992,21.260645,22.249628,23.026028,25.245455,24.766453,29.12144,26.50737,31.185379,30.180029,34.988243,39.674343,37.89915,34.94302,34.4597,30.172665,31.441341,27.42538,29.867281
26,16.454807,14.371061,18.050274,14.406939,15.760199,19.306791,18.719622,24.419847,22.838947,30.424751,29.916405,34.496944,34.280083,31.447918,30.555115,26.00213,23.926388,20.357483,17.46215,13.596016,13.336124,9.393011,8.034598,8.586496,8.286496,5.8270483,0.0,4.9672565,7.9032664,10.0952425,14.122211,16.225773,23.21146,24.65453,26.837585,30.48665,31.227846,28.942389,25.743502,21.342094,22.104864,16.659615,18.125336,12.981275,9.933885,7.859534,5.991245,3.8513303,5.7503448,9.973409,11.675286,12.791358,15.040226,19.105556,17.798483,21.376217,20.467709,23.80489,28.325838,26.140892,23.282892,23.183258,19.680754,22.052685,18.569656,24.332336,23.915098,20.422462,14.951576,16.335653,15.625103,19.695955,21.156565,24.592215,26.591364,29.579756,32.857906,33.252846,37.864166,38.661877,34.748337,32.335423,28.86738,26.162077,22.93929,22.278078,17.12536,14.492815,13.907308,11.103398,13.2003,12.701517,16.532839,18.079775,18.258835,21.144056,20.624147,24.990797,22.818438,27.144272,26.93089,31.413918,35.890385,34.429913,31.667622,30.811716,27.239162,28.426092,24.563543,27.582178
27,16.298733,14.265314,16.638908,12.215423,13.503768,16.089514,15.854414,20.755198,19.196218,26.484737,25.836643,30.639011,29.95264,26.954742,26.126785,21.540514,19.503952,16.067009,13.134628,9.920668,9.406263,7.5074368,6.1316648,9.00992,9.13959,5.816198,4.9672565,0.0,4.536187,5.1482005,9.826503,11.280534,18.360035,19.81415,21.89476,25.566008,26.274782,23.99078,20.804113,16.431578,17.254,11.840444,13.527763,9.133857,6.1778746,5.047082,5.755196,5.7524815,8.746991,12.622825,12.736449,12.382545,14.218311,17.407969,15.050108,18.191534,17.343328,20.223269,25.017292,23.130123,20.143675,21.30048,18.435326,21.601204,19.265966,25.111301,25.377651,22.595774,16.751093,17.082973,15.1580105,18.88671,19.407322,22.741493,24.152906,26.969389,29.939848,29.909685,34.59602,34.963596,30.908346,28.756124,25.05363,22.687098,19.425049,19.047129,14.801794,12.200048,13.026829,10.971672,14.365578,14.748875,18.605303,18.810143,19.101246,20.817492,19.760515,23.931637,20.91362,25.579128,24.404991,29.19048,33.886787,32.196873,29.268633,29.105373,24.829144,26.469515,22.693008,25.58546
28,17.85243,14.860288,16.433905,11.611347,11.6029,14.450344,12.737406,17.819292,15.567027,23.15089,22.087446,26.788462,26.568954,23.767435,23.338253,18.577278,17.147242,13.148275,11.345195,7.924308,9.6206255,7.752448,9.430957,11.565783,13.11563,10.295954,7.9032664,4.536187,0.0,5.90149,6.368136,10.297251,16.11973,18.255745,20.116161,23.7783,25.18874,22.826063,19.97656,15.87269,15.884408,11.072372,11.129877,6.229333,6.990603,3.9985151,8.264716,6.566974,10.81878,13.910838,14.157142,11.880663,15.320671,16.907293,14.841939,17.738386,15.655424,18.228851,23.010162,20.386496,17.185831,18.529148,15.797518,18.954351,17.62577,22.79443,23.093594,20.649908,14.764703,14.870086,11.988203,15.946376,15.701835,19.457586,20.414186,23.55454,26.329542,26.204065,30.870253,31.2171,27.052134,24.637442,21.093475,18.450819,15.32307,14.676156,10.278254,7.965572,9.234487,8.270845,12.188472,13.627069,16.936203,16.278154,16.194124,17.271387,15.733804,19.710814,16.421873,21.115213,19.891693,24.703077,29.41371,27.660915,24.740662,24.71189,20.46555,22.343544,18.792505,22.031738
29,17.53855,15.915985,16.7512,12.008448,13.198113,14.115058,14.626196,18.029427,16.685259,23.245676,22.482077,27.516533,26.117506,22.887718,22.098774,17.578648,15.555591,12.584928,9.597633,8.1553,6.8721685,8.79611,7.527012,11.710687,11.920063,8.88009,10.0952425,5.1482005,5.90149,0.0,7.092113,6.2986584,13.683481,15.001494,16.931053,20.617268,21.14566,18.890112,15.67052,11.330225,12.437337,7.1295004,9.551486,7.4053206,5.2564383,6.649525,9.016286,10.381938,13.186046,16.601706,15.5316725,14.176176,15.103027,17.197071,13.66569,15.941649,15.445264,17.52719,22.516405,21.21394,18.22846,20.91024,18.9592,22.780458,21.588636,27.322592,28.215677,26.105804,20.21575,19.662762,16.859509,19.89216,19.411865,22.379726,23.06913,25.522575,28.046516,27.481218,32.17804,31.98546,27.816893,26.09449,22.13615,20.358854,17.171505,17.246754,14.587463,12.33186,14.606355,13.470443,17.498793,18.420948,22.14011,21.276667,21.700365,22.25927,20.761337,24.522472,20.725073,25.566628,23.295914,28.289003,33.12813,31.209816,28.15424,28.796328,23.820543,25.914062,22.367483,24.933548
30,20.792686,17.943853,17.653482,12.731205,11.831503,12.691774,10.699321,13.693215,10.951664,17.90034,16.177773,21.196074,20.498264,17.542896,17.622587,12.675326,12.046423,7.9474235,7.877785,7.054961,9.609599,11.083983,13.2578,16.106497,17.879486,15.16231,14.122211,9.826503,6.368136,7.092113,0.0,6.5907655,10.114853,13.008687,14.334711,17.9725,19.872995,17.501049,15.118949,11.686257,10.899334,7.6877646,5.8820257,4.6359963,8.979036,8.147254,13.157868,12.706171,16.571785,19.12557,18.347136,14.745924,17.703987,17.391357,14.523676,16.180407,13.611948,14.853962,19.708458,17.223303,13.920431,17.284702,15.913556,19.651897,20.175667,24.670998,25.688948,24.250153,18.677034,17.685146,13.658716,16.466667,14.463639,17.851923,17.503326,20.376602,22.41339,21.535824,26.212194,25.861897,21.424301,19.305742,15.491322,13.362097,10.40225,10.2359,8.560938,7.577065,10.9862585,11.831513,16.01189,18.184631,20.95321,18.85117,18.74616,18.035175,15.732139,18.794184,14.34829,19.137178,16.355162,21.428242,26.300018,24.239408,21.175583,22.345366,17.25354,19.928743,16.968506,19.964228
31,20.009016,18.557045,17.545908,13.063632,13.584972,12.286955,13.4096155,14.331575,13.395594,18.535168,17.825615,22.915216,20.713243,17.320396,16.4769,12.193089,10.317514,8.346333,6.169934,8.211273,7.331114,12.1816025,12.269142,16.218056,17.090502,14.738595,16.225773,11.280534,10.297251,6.2986584,6.5907655,0.0,8.028777,8.7873335,10.7794075,14.33191,15.11755,13.125708,9.754271,5.5841637,7.6902337,4.6478353,6.6210914,9.012723,9.848623,11.558781,14.940367,16.143736,19.245176,22.323303,20.787893,18.38006,19.141596,19.619778,15.44107,16.315882,15.707728,16.301758,21.209404,20.333166,17.439907,21.832039,20.980038,25.119886,25.304058,30.438244,31.730595,30.200333,24.442333,23.373178,19.729437,22.110254,20.304623,22.940128,22.459263,24.565052,26.255999,24.86763,29.429014,28.344772,23.914158,22.649841,18.564306,17.55483,14.976159,15.158836,15.04068,13.321622,16.787718,16.672346,20.946167,22.39958,25.769526,23.725239,24.305557,23.482796,21.653902,24.71162,20.367842,25.16664,21.78665,26.864458,31.717916,29.366444,26.23367,27.672462,22.045818,24.50323,21.434685,23.418139
32,27.068037,25.232637,23.275455,19.122896,18.416971,16.176798,16.00644,14.119904,12.473161,14.991988,12.313368,17.59594,14.508531,10.800723,12.008281,8.011837,9.15884,8.570282,10.47444,13.861691,14.625879,19.189713,20.225565,23.911646,25.074812,22.48601,23.21146,18.360035,16.11973,13.683481,10.114853,8.028777,0.0,6.4961314,4.6170983,8.609476,10.573205,8.05917,7.3624144,7.2234726,4.6531734,8.193503,6.316921,12.223166,15.454986,16.91616,21.092087,22.208223,25.3505,27.643345,25.615564,21.889603,22.886805,21.110865,17.199045,16.470678,15.138158,13.692629,17.726137,17.205606,14.877508,20.800314,21.470453,25.62594,27.560486,31.671162,33.645645,33.235245,27.993492,25.972458,21.79228,22.818779,19.71885,21.383385,19.555552,20.874565,21.431572,19.186953,23.36525,21.457666,17.12614,16.76766,12.776207,13.356656,11.71633,13.385273,16.046669,16.321651,20.23213,21.531977,25.672773,27.894253,30.545578,27.673971,27.759188,25.763365,23.1819,24.938799,19.868898,23.865456,19.070646,23.581364,28.127325,25.953491,23.05616,26.117985,20.415646,23.744892,21.932323,23.764118
33,24.380152,23.31758,20.379517,17.198895,17.034174,13.211665,15.260291,11.867475,12.544744,13.513653,13.951491,18.251436,14.586365,11.335883,9.497614,7.280644,5.785968,8.175969,8.719341,13.338148,13.044329,18.63822,19.69876,23.028852,24.527624,22.949432,24.65453,19.81415,18.255745,15.001494,13.008687,8.7873335,6.4961314,0.0,5.095428,6.434954,8.439945,8.474079,5.191274,5.5081806,9.145917,11.402371,11.43865,16.32537,18.448881,19.97439,23.71246,24.557196,27.956158,30.952854,29.322136,26.353373,27.102766,26.444408,22.162691,21.749973,21.060614,19.971806,24.06977,23.674593,21.222515,26.888853,27.063604,31.151234,32.522484,36.855194,38.29703,37.14956,31.6555,30.46525,26.271795,28.151522,25.135881,27.389166,25.514778,27.15098,27.516329,24.981503,28.951666,26.380346,21.670282,21.143314,17.482681,17.716074,16.824993,16.46541,19.527449,18.237934,22.212038,22.807205,26.90726,28.62876,31.556784,28.373943,29.293724,26.991756,25.200382,27.224209,22.944937,27.264318,22.990255,27.763659,32.299946,29.20332,26.157347,28.241343,22.198774,24.60927,22.410545,23.07607
34,28.87044,27.590176,25.04166,21.435993,21.019365,17.771135,18.713762,15.383655,14.900019,15.266274,13.512055,18.1224,13.887818,10.267085,10.908768,8.727601,9.6455555,11.084183,12.640129,16.815882,16.817574,22.15256,22.831085,26.592003,27.622421,25.381998,26.837585,21.89476,20.116161,16.931053,14.334711,10.7794075,4.6170983,5.095428,0.0,4.310681,6.0901427,4.521837,4.6647944,7.299371,6.8708897,11.361279,10.700558,16.623978,19.123339,21.024197,24.825052,26.226057,29.260574,31.731218,29.526674,26.13064,26.484102,24.846106,20.645332,19.406582,18.868996,16.942871,20.430323,20.721327,18.79388,24.967653,25.906527,30.09194,32.073936,36.217068,38.2541,37.829727,32.545883,30.571783,26.40853,27.351639,24.174845,25.571667,23.483402,24.389612,24.436272,21.767597,25.497623,22.853933,18.70652,19.024683,15.42201,16.690445,15.741404,17.046873,20.393867,20.319971,24.312994,25.41903,29.572691,31.621914,34.383934,31.304874,31.695183,29.400005,27.035194,28.620514,23.746637,27.60482,22.631504,26.931797,31.271126,28.832647,26.014816,29.192879,23.368795,26.473087,24.835764,25.976234
35,30.71649,29.67379,26.501184,23.501057,23.009237,19.059828,20.494808,15.867848,16.282549,14.515006,13.821155,17.43297,12.483491,9.450997,9.347555,9.36587,10.367307,13.181357,14.949077,19.480583,19.439947,24.963129,25.90371,29.409454,30.68978,28.838106,30.48665,25.566008,23.7783,20.617268,17.9725,14.33191,8.609476,6.434954,4.310681,0.0,4.5844655,6.016864,6.6881447,10.238684,11.126583,15.50776,14.866627,20.6815,23.228527,25.019854,28.851585,30.046478,33.248108,35.85798,33.763306,30.37699,30.77211,29.112156,24.922235,23.536882,23.025621,20.840523,23.93114,24.30203,22.532145,28.80256,29.88131,33.962673,36.14951,40.05393,41.991253,41.521442,36.288208,34.489353,30.200031,31.208324,27.749233,29.16279,26.670778,27.488684,27.011328,23.943588,27.233572,23.895758,19.758535,20.372923,17.285173,18.877665,18.710674,19.3752,23.529827,23.255121,27.294418,28.430807,32.485035,34.500645,37.162975,33.72431,34.360573,31.60206,29.44194,30.712078,26.144644,29.788933,24.774824,28.858887,32.95617,30.122766,27.405603,30.561886,24.737951,27.556545,26.230844,26.683971
36,31.721079,31.221754,28.341593,25.31808,25.432146,21.484856,23.609686,19.560923,20.087683,18.96524,18.223188,21.98025,16.960938,13.931953,13.754384,13.4775915,13.667975,16.24935,16.968765,21.443033,20.426718,26.36589,26.27135,30.18204,30.76899,28.861742,31.227846,26.274782,25.18874,21.14566,19.872995,15.11755,10.573205,8.439945,6.0901427,4.5844655,0.0,4.021126,5.53749,10.021402,11.217619,15.659644,16.181705,22.018286,23.492674,25.986198,29.15748,31.083788,33.793194,36.41743,33.918205,31.071562,30.477774,29.180937,24.673038,22.977959,23.506891,21.352062,24.306011,25.587543,24.054379,30.31966,31.433752,35.722187,37.53636,41.940926,44.107635,43.644268,38.24956,36.2575,32.235344,33.078293,30.066895,31.147558,29.09399,29.54875,29.332981,26.499657,29.771284,26.67958,23.053581,24.019339,20.777752,22.473564,21.737808,22.979548,26.40799,25.987047,29.977272,30.7381,34.925816,36.69369,39.687305,36.63054,37.303993,34.98311,32.83938,34.44589,29.716782,33.531384,28.48976,32.61231,36.773422,34.251007,31.524576,34.732117,28.869488,31.723152,30.107903,30.683657
