,0,1,2,3,4,5,6,7,8,9,10,11,12,13,14,15,16,17,18,19,20,21,22,23,24,25,26,27,28,29,30,31,32,33,34,35,36,37,38,39,40,41,42,43,44,45,46,47,48,49,50,51,52,53,54,55,56,57,58,59,60,61,62,63,64,65,66,67,68,69,70,71,72,73,74,75,76,77,78,79,80,81,82,83,84,85,86,87,88,89,90,91,92,93,94,95,96,97,98,99,100,101,102,103,104,105,106,107,108,109,110
0,0.0,4.722933,6.971118,9.755407,12.822686,14.340405,17.963089,21.581547,24.069206,27.530533,32.074013,34.831608,34.306343,32.72832,28.375555,26.646616,22.828629,22.098074,18.865004,16.620945,16.901308,13.248462,17.509228,14.041927,18.573101,21.56676,22.924469,22.515194,23.487782,23.210798,25.45845,24.421495,30.543484,26.827202,31.678234,32.935448,33.800594,34.09378,29.49194,25.969612,31.508911,28.256086,29.94528,28.473404,27.82087,27.144756,27.672308,25.05734,28.884098,31.626535,34.23189,32.74443,36.318707,38.355247,35.630272,38.28483,36.94082,37.921326,42.77033,40.10958,36.69961,39.31807,37.051456,39.539337,37.09394,42.678806,41.540287,41.181187,40.1036,36.081142,38.053192,37.18542,33.846073,37.946606,35.917374,40.031918,40.377457,43.354477,45.723816,45.357983,40.419815,36.54305,33.51244,30.0518,29.20013,23.860806,22.276855,18.606789,18.071499,16.12534,15.295235,13.531386,19.921513,19.46028,18.78496,17.249083,16.356592,16.833336,20.822182,21.684399,24.34048,27.162352,29.596056,32.218548,31.689526,29.917301,27.025808,27.20224,27.554068,25.423489,29.10065
1,4.722933,0.0,5.057916,6.5005107,8.986286,11.9273405,14.256103,18.86958,20.787704,24.928766,29.321068,32.140007,32.16411,30.721342,26.759851,24.626093,21.252302,19.840359,17.1944,14.2300825,15.759475,11.123903,16.286732,12.717963,17.478085,19.831093,20.159485,19.776863,20.135866,20.836027,22.31413,22.392748,28.352787,25.334776,30.052832,31.604675,32.96464,32.904408,28.434559,24.752962,29.608685,26.14354,27.307596,25.31132,25.247849,23.992857,24.92487,21.706451,25.81804,28.197296,30.923132,29.081163,33.20625,35.015434,32.65082,35.48992,33.76177,34.97247,39.79555,36.747406,33.321465,35.553772,33.22614,35.466896,33.048607,38.416267,37.15592,36.613243,35.48862,31.500025,33.667103,32.78126,29.65889,33.805725,32.072605,36.22452,36.878193,39.891903,42.504326,41.935593,36.816814,32.944565,30.194738,26.557314,25.64575,20.449923,18.254473,14.98005,13.972978,12.481503,11.996851,9.522437,15.920218,15.781492,14.864587,13.130669,11.968596,12.139937,16.177961,16.99669,19.667973,22.52555,24.999578,27.73878,27.02617,25.203499,22.41495,22.58259,23.120893,21.206972,25.102177
2,6.971118,5.057916,0.0,5.042611,7.0072117,8.051386,11.66484,14.873794,17.590021,20.75225,25.749731,28.14096,28.034796,26.809166,22.472479,20.961285,17.549334,16.880693,14.770209,12.913847,14.897081,11.890061,17.536568,15.177236,20.075747,21.87337,22.398434,20.926647,20.580652,20.860651,21.288206,20.927805,25.889034,22.18873,27.120546,28.140202,29.769873,30.139263,25.726395,22.434319,27.712858,25.045496,25.82264,24.856474,25.61953,24.648876,26.437872,23.42204,27.911217,30.420683,32.61948,30.037424,34.2687,35.291214,32.608093,35.06331,32.970455,33.65215,38.263298,35.26519,31.930132,34.855354,33.08507,35.569183,34.01358,39.091797,38.28554,37.437824,35.66514,31.384022,33.139812,31.731268,28.196342,31.964546,29.69566,33.684486,33.846226,36.968616,39.259117,39.25013,34.268963,30.308489,27.46689,23.904236,23.61051,17.848282,17.365606,14.205919,14.585554,14.212216,15.417901,13.240811,19.164227,19.583347,18.20009,15.90757,13.76624,13.178682,17.131477,17.399263,21.01704,23.166761,26.49576,29.776226,28.227436,25.96378,22.916782,21.950918,22.087519,19.33389,22.801348
3,9.755407,6.5005107,5.042611,0.0,3.7056334,6.124461,8.566399,13.084034,14.691957,19.263046,22.997936,26.189144,26.043121,24.457586,20.846039,18.309464,15.171676,13.417592,11.239951,8.395029,11.168153,7.6359634,13.625527,11.814349,16.557514,17.671404,17.873753,16.069527,15.543867,16.044456,16.46891,16.600237,22.018019,19.199942,23.836523,25.484589,27.160406,26.953815,22.628103,19.013924,23.618055,20.53112,21.269255,19.89688,20.691925,19.621218,21.59878,18.630627,23.215046,25.813082,27.764494,25.092295,29.263865,30.260561,27.609741,30.155075,28.118872,29.00043,33.716972,30.723362,27.33607,30.10883,28.220894,30.825407,29.267832,34.517593,33.974598,33.4508,31.785229,27.483986,28.933538,27.909145,24.28468,28.357576,26.24086,30.394173,30.870441,33.75888,36.293587,35.68993,30.70586,26.857698,23.880014,20.372637,19.479704,14.183953,12.838854,9.320848,9.87677,9.658801,12.03874,11.438717,16.211823,17.697823,16.931227,15.061697,13.018539,11.21394,15.266023,14.072722,18.189867,19.420242,23.067566,26.757427,25.441359,23.02951,21.086529,19.453478,20.555803,17.886078,21.793327
4,12.822686,8.986286,7.0072117,3.7056334,0.0,5.355509,5.2795835,10.727642,11.912927,16.77428,20.740784,23.650255,24.154558,22.923098,19.609375,17.088804,14.655471,12.579782,11.752664,9.018571,13.029204,9.845875,15.806464,14.364347,18.83117,19.287525,18.568176,16.569992,15.015308,16.506039,15.399051,16.72973,21.205313,18.903406,23.349613,24.962215,27.217012,26.907673,22.87121,19.456015,23.37787,20.546186,20.462753,18.989933,20.819357,19.241728,21.899208,18.46318,23.278637,25.417133,27.308338,24.031311,28.794308,29.235237,26.916012,29.46381,26.86006,27.754257,32.289856,28.877388,25.541367,28.137972,26.444496,28.80364,27.643013,32.438705,31.878107,30.95685,28.954613,24.580088,26.152092,24.791723,21.262604,25.185541,23.17757,27.294733,27.893814,30.924442,33.576195,33.07325,27.918991,24.00789,21.390728,17.658855,17.102535,11.650469,10.489714,8.003007,8.701713,9.994334,13.056097,11.780546,15.800663,17.530867,16.312881,14.152892,11.577013,9.123948,12.807104,11.35294,15.864729,16.852182,20.854557,24.75535,22.847845,20.233238,18.171148,16.026539,17.051834,14.236321,18.160727
5,14.340405,11.9273405,8.051386,6.124461,5.355509,0.0,6.060601,7.4487643,10.157203,13.532683,17.786287,20.589209,20.24717,18.89969,14.956655,13.041498,10.076337,9.302241,8.732356,8.32012,11.731333,11.244931,16.642527,16.41927,20.773169,21.083647,21.375937,18.369648,16.82074,16.799828,15.353184,15.023633,18.496733,14.93699,19.750319,20.727032,22.958529,23.21877,19.13535,16.204262,21.016872,19.242306,19.204063,19.42921,21.496384,20.828703,23.885746,21.351557,26.111845,28.706991,29.89312,26.32724,30.498869,30.350243,27.383924,29.31983,26.767775,26.882038,31.201374,28.29616,25.113108,28.804657,27.769499,30.640074,30.328865,35.033253,35.14513,34.282883,31.816725,27.25458,27.998951,26.329277,22.16968,25.621834,22.745728,26.632307,26.43589,29.406725,31.524025,31.594778,26.84985,22.935074,19.804869,16.496956,16.536547,10.561923,12.374849,9.692546,12.352198,13.667098,17.340258,16.87691,20.886,22.795557,21.646688,19.413292,16.7018,14.297861,17.689844,15.7024355,20.642752,20.725729,25.276327,29.495573,27.261604,24.39565,22.47051,19.28964,20.038727,16.36879,19.52814
6,17.963089,14.256103,11.66484,8.566399,5.2795835,6.060601,0.0,6.830616,6.8398156,12.36937,15.945888,18.797909,19.820452,18.88493,16.260862,13.609313,12.387203,9.980802,11.250387,9.573131,14.401088,12.796822,18.112629,17.825756,21.74001,21.215366,19.954985,17.166512,14.361187,16.296705,12.998388,15.35102,18.064552,16.484026,20.466833,22.000902,24.932306,24.488285,20.984957,18.052687,20.996853,18.910975,17.719185,16.858335,20.124838,18.421068,22.111008,18.796701,23.692114,25.517992,26.775667,22.610182,27.65522,27.043692,24.856003,27.079214,23.813068,24.393158,28.575285,24.884178,21.703335,24.56936,23.485138,25.843424,25.733784,29.899145,29.849918,28.61595,25.952026,21.389322,22.433182,20.601334,16.758396,20.35081,18.0631,22.11272,22.628641,25.712322,28.378267,28.008131,22.821327,18.862057,16.440659,12.603933,12.608719,6.900907,7.6981144,7.116649,9.306104,12.232724,16.3986,15.654529,18.132719,20.516397,19.208618,17.061243,14.205033,10.967894,13.439358,10.589384,15.798093,15.254011,20.09892,24.52397,21.83821,18.807198,17.365128,13.479205,14.7456875,11.28477,14.850893
7,21.581547,18.86958,14.873794,13.084034,10.727642,7.4487643,6.830616,0.0,4.666819,6.1828256,11.323142,13.301878,13.836011,13.37408,10.083227,8.9965515,8.579425,8.449944,11.425364,12.520408,16.465633,17.206043,21.950926,22.621113,26.45018,25.781649,25.322035,21.699043,18.82484,19.37714,15.261491,16.0363,16.132755,13.322794,17.301428,17.623337,21.080425,21.450495,18.39083,16.626198,19.969076,19.685719,18.023369,19.421894,23.25624,22.43787,26.590647,24.129068,28.880703,30.960602,31.470957,26.89353,31.371618,29.796587,27.097342,28.452229,24.987623,24.456175,28.004263,24.80112,22.047546,26.174751,26.162865,28.877419,30.023272,33.64823,34.338154,32.924152,29.570492,24.96271,25.021633,22.526,18.152765,20.552027,17.057161,20.470167,19.699398,22.863722,24.709152,25.51128,20.907372,16.974262,14.267371,11.168079,12.848219,7.113241,12.4657545,12.167078,15.563591,18.315544,22.749756,22.187134,24.951975,27.29086,25.809746,23.432714,20.344442,17.429497,19.559359,16.852098,22.0307,20.803219,25.977081,30.554066,27.31602,24.1122,22.546453,17.750586,18.205437,13.9011345,15.786686
8,24.069206,20.787704,17.590021,14.691957,11.912927,10.157203,6.8398156,4.666819,0.0,7.0988107,9.203927,12.257331,13.5219,12.914957,11.544387,8.973873,10.0195265,8.129332,12.004303,12.459997,16.881048,17.444029,21.678179,22.712444,26.00937,24.647888,23.47998,19.77697,16.226435,17.576761,12.218581,14.60299,14.07015,13.260898,16.299173,17.417213,21.142618,20.716843,18.154488,16.324001,18.03291,17.583204,15.0997305,16.08904,20.70495,19.51476,24.084116,21.600151,26.205153,27.934277,28.138975,23.20464,27.872053,25.85015,23.527016,24.919691,21.060366,20.742548,24.216457,20.604227,17.85066,21.682655,21.802402,24.4072,25.942335,29.262281,30.20776,28.845339,25.383406,20.791553,20.485138,18.087435,13.574028,16.155508,12.794868,16.521906,16.341154,19.384605,21.753733,21.815449,16.907911,12.922921,10.322365,6.781681,8.411678,3.2201138,9.420366,10.562357,13.969259,17.33494,22.159002,22.19536,23.693974,26.568542,25.376366,23.338505,20.454853,17.039095,18.55906,14.819158,19.999271,17.680466,23.067081,27.85859,24.606485,21.321247,20.830652,15.318115,16.652847,12.768488,14.816792
9,27.530533,24.928766,20.75225,19.263046,16.77428,13.532683,12.36937,6.1828256,7.0988107,0.0,7.8508677,7.560078,9.164645,10.231339,8.15361,9.174375,11.0698805,11.975894,16.008175,17.905573,21.563759,23.045374,27.339258,28.479712,32.037186,30.954111,30.31595,26.410797,23.084627,23.62692,18.450197,19.374544,16.784718,14.592112,17.3263,16.661898,20.849045,21.543762,19.605286,19.068285,21.28934,22.369383,19.8158,22.263287,26.887909,26.204597,30.806107,28.616693,33.181786,34.97977,34.97377,29.91722,34.28625,31.711409,29.189903,29.913654,25.999683,24.777466,27.378105,24.270674,22.158503,26.624893,27.559982,30.104033,32.393593,35.08276,36.26923,34.494186,30.526022,26.115496,25.493042,22.382246,18.13523,19.080519,15.009512,17.404217,15.604134,18.848148,20.023981,21.970076,17.959496,14.374064,12.419303,10.487882,13.695215,10.051142,16.514566,17.292105,20.782515,23.911182,28.541536,27.94087,30.1964,32.65019,31.001646,28.57096,25.381823,22.457178,23.850094,21.047228,25.994267,24.05965,29.349972,33.977417,30.161894,26.885422,25.553442,20.039942,20.06541,15.759002,16.008955
10,32.074013,29.321068,25.749731,22.997936,20.740784,17.786287,15.945888,11.323142,9.203927,7.8508677,0.0,5.800343,5.8922133,5.8561554,8.655869,7.565498,11.699929,11.662397,16.400755,18.716225,21.872057,24.438095,27.339863,29.613241,32.19844,30.182789,29.512331,25.12354,21.574152,21.673092,15.731755,16.79226,11.516486,12.017952,12.445121,12.394973,16.935738,16.689743,16.139458,16.464504,16.213146,18.453377,15.013036,18.676239,23.783724,23.623625,28.525375,27.327095,31.284628,33.064552,32.024555,26.804113,30.279846,26.776945,24.195885,24.134138,20.17229,18.231644,20.12688,17.536293,15.993092,21.180248,22.994072,25.895819,29.23473,31.550188,33.77194,32.60163,28.616028,24.483097,22.351046,19.85434,15.324638,15.729482,11.131404,13.057516,10.878495,13.090223,14.233224,15.289779,12.013025,9.126681,6.2728596,7.045789,10.029394,10.176826,16.596643,18.020435,21.899206,25.100561,30.261604,31.113932,32.056297,35.308846,34.34768,32.440285,29.600958,26.1182,27.283287,23.10879,28.03226,24.509644,29.926764,34.84071,31.441183,28.161547,28.571306,22.396093,23.70486,20.038841,20.524925
11,34.831608,32.140007,28.14096,26.189144,23.650255,20.589209,18.797909,13.301878,12.257331,7.560078,5.800343,0.0,5.5359383,8.480052,10.404446,11.844777,15.526827,16.373915,20.98738,23.304777,26.654755,28.87469,32.358498,34.21179,37.187637,35.434193,34.58825,30.388638,26.707827,27.170721,21.17324,22.353886,17.137978,16.757143,17.331041,16.151316,20.755835,21.243605,20.931953,21.59944,21.817991,24.226097,20.799677,24.193829,29.435492,28.998798,33.945408,32.327957,36.445965,37.953114,37.152256,31.758535,35.628468,31.927166,29.691505,29.587055,25.403202,23.420378,24.661594,21.959105,20.84847,25.511524,27.574202,29.958439,33.564037,35.198765,37.19564,35.392693,30.998034,27.048426,25.257412,22.004965,18.130136,17.328701,12.929631,13.556131,10.309151,13.005776,13.155675,16.270422,13.612854,11.24839,10.518021,11.07449,14.830469,14.291305,20.764624,22.409964,26.013945,29.405502,34.362247,34.33369,35.647377,38.520386,37.063835,34.846962,31.767916,28.592363,29.393158,25.977821,30.653065,27.591434,32.87973,37.581913,33.57418,30.323244,29.99181,23.8627,24.195574,20.458357,19.70759
12,34.306343,32.16411,28.034796,26.043121,24.154558,20.24717,19.820452,13.836011,13.5219,9.164645,5.8922133,5.5359383,0.0,3.7224956,6.7914677,9.049262,12.836456,14.664044,18.938688,22.16625,24.61492,27.921474,30.780684,33.18391,35.94705,34.250854,34.248047,29.68619,26.555477,25.801298,20.619148,20.149836,14.33118,13.049321,13.230599,11.177785,15.674029,16.684437,16.673279,18.09516,18.772945,21.985994,19.170214,23.672712,28.262646,28.640852,33.349365,32.458607,36.433514,38.515305,37.392178,32.33963,35.385742,31.879362,28.921421,28.400244,24.90232,22.375643,23.704618,22.055717,20.930298,26.481857,28.53808,31.560333,35.012676,37.31005,39.639374,38.420437,34.333176,30.248932,28.08313,25.43139,21.071192,20.939093,16.328083,17.302303,14.042499,15.811228,15.390221,18.021198,16.165327,14.078934,11.827629,12.903458,15.797991,15.074211,21.816608,22.564016,26.668444,29.567421,34.646114,35.301254,36.962357,39.98529,38.848522,36.709137,33.70045,30.458626,31.904137,28.17474,33.211365,30.09741,35.532158,40.412918,36.87205,33.573063,33.39859,27.368586,28.07117,24.08705,24.034021
13,32.72832,30.721342,26.809166,24.457586,22.923098,18.89969,18.88493,13.37408,12.914957,10.231339,5.8561554,8.480052,3.7224956,0.0,5.526829,6.3885055,10.328649,12.118658,16.188759,19.698475,21.703285,25.493982,27.865757,30.607243,33.114872,31.344126,31.695055,26.989714,24.162842,22.827675,18.114548,16.905226,10.959119,9.541409,9.542125,7.699863,12.284098,13.097603,12.974701,14.514546,15.262547,18.656073,16.180475,21.1044,25.299065,26.0685,30.608067,30.125359,33.957146,36.323486,35.040623,30.239317,32.844036,29.57826,26.254673,25.661297,22.564844,19.95537,21.671665,20.42802,19.09128,24.998877,26.854856,30.23819,33.42995,36.21804,38.672432,37.881866,34.09704,29.937685,27.621311,25.464745,20.82699,21.365543,16.785856,18.322569,15.572795,17.038685,17.019516,18.581322,16.624704,14.45273,11.236512,12.348041,14.424064,13.8222685,20.331722,20.640804,24.932405,27.53952,32.67719,33.905872,35.49796,38.693256,37.86831,35.903194,33.04825,29.697582,31.4571,27.392557,32.560795,29.314121,34.768276,39.735077,36.60617,33.316154,33.467754,27.527344,28.695267,24.728142,25.330505
14,28.375555,26.759851,22.472479,20.846039,19.609375,14.956655,16.260862,10.083227,11.544387,8.15361,8.655869,10.404446,6.7914677,5.526829,0.0,5.0860124,7.0353413,10.275081,13.687063,17.397902,19.34038,22.900867,25.957687,28.156502,31.245321,30.155281,30.869875,26.352758,23.902124,22.412138,18.532145,16.679485,13.104643,8.978505,11.5699005,9.621685,13.4179735,15.026344,13.300814,13.999326,17.137537,19.544043,17.94012,22.199533,25.837097,26.496498,30.740393,29.834162,34.04097,36.656403,35.9947,31.428188,34.424,31.954496,28.43926,28.424267,25.510416,23.434267,25.945536,24.349571,22.424547,28.095129,29.259956,32.652405,35.017845,38.38872,40.25004,39.315025,35.68175,31.250414,29.756035,27.437187,22.68473,23.906818,19.41837,21.61347,19.189156,21.361933,21.664927,23.399866,20.62941,17.71366,14.353492,13.907816,15.933719,13.058798,19.605482,19.064568,23.3311,25.623352,30.456184,31.134073,33.68247,36.442417,35.384365,33.184986,30.219568,27.202364,29.412952,26.011574,31.308552,28.999342,34.414856,39.26897,36.147774,32.860302,32.1112,26.685596,27.374872,23.084246,23.961554
15,26.646616,24.626093,20.961285,18.309464,17.088804,13.041498,13.609313,8.9965515,8.973873,9.174375,7.565498,11.844777,9.049262,6.3885055,5.0860124,0.0,4.3742466,5.85589,9.915323,13.402654,15.565983,19.160275,21.817787,24.325026,27.06009,25.599508,26.149666,21.534754,19.032389,17.532238,13.513261,11.865703,8.744037,5.4600873,8.585336,8.705611,12.408154,12.734938,10.446851,10.202206,12.8591585,14.691625,13.016063,17.142796,20.790224,21.461567,25.739363,25.003412,29.089735,31.751062,30.9672,26.493782,29.367405,27.073387,23.498732,23.703655,20.872265,19.11551,22.201653,20.451342,18.176414,23.80251,24.658535,28.23565,30.34302,34.051537,35.979095,35.422234,32.104187,27.671627,26.054335,24.270954,19.364134,21.308258,17.074965,19.909784,18.306435,20.316252,21.410866,21.848995,18.597275,15.523316,11.489613,10.785024,11.793046,9.336695,15.44987,14.884749,19.284035,21.56052,26.603128,27.982557,29.908375,33.023445,32.360786,30.479376,27.760702,24.448996,26.700806,22.675219,27.994736,25.260376,30.657265,35.59363,32.896385,29.649576,29.605673,24.165869,25.61641,21.621984,23.249426
16,22.828629,21.252302,17.549334,15.171676,14.655471,10.076337,12.387203,8.579425,10.0195265,11.0698805,11.699929,15.526827,12.836456,10.328649,7.0353413,4.3742466,0.0,4.429419,6.691608,10.701132,12.312831,16.106384,18.978346,21.24466,24.287409,23.401735,24.552416,20.102434,18.304323,16.226665,13.739454,10.906579,10.727857,5.5127845,10.378272,10.690862,13.165361,13.828957,10.269501,8.954605,13.806185,14.605905,14.190776,17.641108,20.27518,21.11635,24.861137,24.081121,28.286436,31.30435,30.93346,26.94673,29.750917,28.305683,24.488,25.087923,22.782167,21.457846,25.08879,23.424467,20.810474,26.162664,26.383602,30.04639,31.327618,35.66309,37.19788,36.801247,33.837482,29.301748,28.224123,26.655561,21.777216,24.345413,20.390697,23.60579,22.310432,24.491673,25.736565,26.032055,22.512547,19.221632,15.162837,13.694056,14.058773,10.205101,15.2996645,13.519742,17.85842,19.500507,24.232676,25.609348,28.253153,31.099417,30.502346,28.601585,25.972971,22.926527,25.734034,22.12188,27.466496,25.466337,30.682402,35.483833,33.120636,29.963661,29.464615,24.655905,26.005075,21.97045,24.125216
17,22.098074,19.840359,16.880693,13.417592,12.579782,9.302241,9.980802,8.449944,8.129332,11.975894,11.662397,16.373915,14.664044,12.118658,10.275081,5.85589,4.429419,0.0,4.776733,7.5814023,10.295526,13.385623,16.230785,18.54674,21.358198,20.03789,20.610718,16.137932,13.979888,12.48717,9.444973,7.834663,9.207686,6.615756,10.792919,12.636744,15.105132,14.581328,11.026146,8.499238,12.108992,11.639294,10.95256,13.492444,16.417616,16.864676,20.803886,19.823603,24.068972,26.95333,26.624771,22.578342,25.643036,24.35357,20.746683,21.784115,19.324478,18.588581,22.677296,20.550709,17.615763,22.518818,22.355616,25.986774,26.98272,31.492874,32.944054,32.72446,29.997906,25.497389,24.49903,23.30993,18.491041,21.631556,18.132769,21.780403,21.252977,23.395624,25.288,24.705374,20.72373,17.343454,13.247284,11.301765,10.673484,7.0249453,11.20344,9.545315,13.9927025,15.874932,20.885296,22.718647,24.623047,27.796648,27.464739,25.83646,23.41479,20.080868,22.739767,18.593948,23.88928,21.527355,26.70247,31.546858,29.449642,26.344881,26.439697,21.6517,23.60504,19.957886,22.626047
18,18.865004,17.1944,14.770209,11.239951,11.752664,8.732356,11.250387,11.425364,12.004303,16.008175,16.400755,20.98738,18.938688,16.188759,13.687063,9.915323,6.691608,4.776733,0.0,4.6698823,5.7727046,9.798206,12.296482,14.708949,17.597746,16.86492,18.449553,14.186085,13.3649025,10.653819,10.571702,7.0588803,11.801881,8.513897,12.975775,15.011927,16.220999,15.755226,11.416003,7.83029,13.112287,11.42,12.560943,14.253166,15.38936,16.323437,19.306059,18.663885,22.766048,26.167454,26.150393,22.948038,25.496656,25.268456,21.375029,22.71759,21.15774,20.82348,25.297901,23.579082,20.49652,25.035856,24.228197,27.967445,28.027628,33.23206,34.385914,34.570564,32.39441,27.96283,27.339802,26.621344,21.995913,25.608732,22.454308,26.26238,25.953138,28.023764,29.958576,29.112532,25.164223,21.84354,17.747002,15.69522,14.405555,10.674616,12.593586,9.309632,13.290627,13.928235,18.46898,20.874012,23.327599,26.306677,26.332554,24.909473,22.827316,19.832901,23.090973,19.326788,24.39512,22.725952,27.476847,32.08385,30.630606,27.739649,27.673168,23.725191,25.750847,22.325186,25.502848
19,16.620945,14.2300825,12.913847,8.395029,9.018571,8.32012,9.573131,12.520408,12.459997,17.905573,18.716225,23.304777,22.16625,19.698475,17.397902,13.402654,10.701132,7.5814023,4.6698823,0.0,5.0336885,5.83066,9.463615,11.0299015,14.231594,13.586907,14.490909,10.733426,10.0534725,8.622413,9.387908,8.233363,14.47074,12.712463,16.689045,19.20859,20.527336,19.56393,15.417795,11.475183,15.417465,12.167858,13.33492,12.834601,13.551539,13.585484,16.244293,14.817486,19.174149,22.442686,23.042528,20.113909,23.22502,23.71688,20.336666,22.440493,20.844482,21.403742,26.212637,23.925728,20.588541,24.110472,22.569473,25.976833,25.170431,30.686522,31.306774,31.563871,29.818602,25.485123,25.499735,25.111742,20.894922,25.055206,22.591187,26.71135,27.105213,29.31415,31.767796,30.428389,26.000341,22.574442,18.883512,16.231974,14.327296,10.583257,9.835415,5.67384,8.9819,9.261676,13.860095,16.532623,18.714497,21.76183,22.011375,20.84545,19.074844,16.082644,19.427496,15.703792,20.481737,19.217537,23.602993,28.023588,26.977129,24.281082,24.351545,21.071096,23.412764,20.532999,24.260345
20,16.901308,15.759475,14.897081,11.168153,13.029204,11.731333,14.401088,16.465633,16.881048,21.563759,21.872057,26.654755,24.61492,21.703285,19.34038,15.565983,12.312831,10.295526,5.7727046,5.0336885,0.0,6.237824,6.927358,9.839388,12.307019,12.147528,14.969242,11.311872,12.414431,8.629572,12.16828,8.293792,15.481166,13.14562,16.88864,19.422043,19.581678,18.697702,14.315025,10.25753,15.153855,11.863535,14.600358,14.785798,13.629571,14.98542,16.493132,16.418919,20.01013,23.907251,24.203634,22.186205,23.99951,25.094301,21.167564,22.953474,22.427149,22.762396,27.575281,26.178793,22.999226,26.791222,25.208244,28.926771,27.866114,33.759132,34.598286,35.375,33.964497,29.783308,29.487778,29.477236,25.22275,29.338243,26.74084,30.72505,30.881948,32.7857,34.963,33.51417,29.552317,26.382164,22.376446,20.279568,18.185633,15.071093,14.516521,10.370344,12.956547,11.859972,15.474724,19.067413,21.457485,24.338531,25.058237,24.173275,22.767654,20.16993,23.75207,20.263521,24.711802,23.561155,27.593248,31.813923,31.30651,28.778042,28.984129,26.007067,28.367992,25.494398,29.196337
21,13.248462,11.123903,11.890061,7.6359634,9.845875,11.244931,12.796822,17.206043,17.444029,23.045374,24.438095,28.87469,27.921474,25.493982,22.900867,19.160275,16.106384,13.385623,9.798206,5.83066,6.237824,0.0,6.0405846,5.448302,9.53037,10.297654,11.772711,9.737528,11.013547,9.994217,13.333348,12.503594,19.759281,18.10952,21.980959,24.60178,25.36716,24.34456,20.084288,15.961897,19.867188,15.700273,17.71381,15.7285795,14.59388,14.330794,15.258631,13.557374,17.541342,20.98656,22.464289,20.770578,23.651474,25.51204,22.494743,25.134768,24.210932,25.429155,30.428894,28.16701,24.7704,27.366426,25.043066,28.102993,25.995913,32.021038,31.952402,32.53271,31.563517,27.529867,28.2689,28.351015,24.689837,29.203285,27.318169,31.560694,32.349068,34.59681,37.268394,35.641464,31.059048,27.658236,24.224993,21.370373,19.15992,15.611055,12.78284,8.427358,8.876666,6.5621614,9.4430485,12.948943,15.629092,18.21436,19.039024,18.375746,17.388983,15.164621,18.8858,16.133793,19.934122,19.890318,23.246042,27.02465,26.900469,24.690666,24.57393,22.738586,25.086288,22.87379,27.032822
22,17.509228,16.286732,17.536568,13.625527,15.806464,16.642527,18.112629,21.950926,21.678179,27.339258,27.339863,32.358498,30.780684,27.865757,25.957687,21.817787,18.978346,16.230785,12.296482,9.463615,6.927358,6.0405846,0.0,4.9559693,5.470424,5.7651815,9.831769,7.957564,11.3555155,8.250801,14.286252,12.217153,20.161644,19.35739,22.32858,25.450327,25.302057,23.75898,19.818672,15.744076,18.837101,14.136425,17.393398,15.3467455,11.971452,13.036509,12.388403,12.763655,15.402039,19.57733,20.4072,19.916962,21.093887,23.773527,20.418602,22.909327,23.23717,24.581373,29.58687,28.182028,24.979536,27.430164,24.916483,28.271564,25.83879,32.27248,32.632015,34.071476,33.63868,29.946346,30.089195,30.93066,27.358616,31.926563,30.179237,34.30245,35.178196,36.912586,39.532402,37.28744,33.20258,30.245144,26.596504,24.402641,21.547676,19.366276,16.316423,12.410856,12.798234,9.942471,11.839324,17.092535,18.368662,21.27285,22.974768,22.971134,22.534557,20.347942,23.752348,20.49751,23.835026,23.06865,25.998173,29.60989,30.29084,28.306942,29.175741,27.3059,30.162943,28.164865,32.325226
23,14.041927,12.717963,15.177236,11.814349,14.364347,16.41927,17.825756,22.621113,22.712444,28.479712,29.613241,34.21179,33.18391,30.607243,28.156502,24.325026,21.24466,18.54674,14.708949,11.0299015,9.839388,5.448302,4.9559693,0.0,4.901038,7.555131,10.096151,10.114175,13.12019,12.011955,17.014395,16.13658,23.91271,22.69585,26.187956,29.059744,29.28194,28.018032,23.872438,19.734154,23.181648,18.46666,21.147346,18.35599,15.57136,15.447361,14.513178,13.376762,16.24334,19.876446,21.797596,21.508703,23.577833,26.62041,23.877485,26.770802,26.657064,28.325472,33.383465,31.403856,28.071352,29.976873,27.122124,29.96927,26.888573,33.279438,32.86862,33.994236,33.79102,30.167372,31.143347,31.81229,28.58096,33.285465,31.826544,36.08549,37.168118,39.248997,42.05899,40.00818,35.502567,32.286377,28.94265,26.21139,23.609089,20.693422,16.88188,12.952287,11.979348,8.226066,8.153897,13.063325,15.151213,17.352264,19.07992,19.209194,19.164982,17.637041,21.190783,18.982887,21.702719,22.166513,24.493454,27.609364,28.510216,26.802023,27.020618,26.161316,28.695095,27.060709,31.403791
24,18.573101,17.478085,20.075747,16.557514,18.83117,20.773169,21.74001,26.45018,26.00937,32.037186,32.19844,37.187637,35.94705,33.114872,31.245321,27.06009,24.287409,21.358198,17.597746,14.231594,12.307019,9.53037,5.470424,4.901038,0.0,4.3026075,8.432847,9.516281,13.679618,12.054091,18.18694,17.206657,25.113232,24.765999,27.554037,30.822645,30.597244,28.87242,25.102644,21.07385,23.525623,18.46587,21.641897,18.448383,14.266157,14.671486,12.233726,12.545623,13.9855,17.963604,19.552782,20.422134,21.25191,25.083158,22.45096,25.35432,26.096733,28.043013,33.027523,31.524485,28.370136,29.821724,26.719326,29.574621,26.073645,32.685745,32.471035,34.27628,34.602375,31.35158,31.996122,33.297115,30.302147,35.0579,33.878006,38.048897,39.344734,41.06069,43.9373,41.33662,37.131557,34.261444,30.918957,28.585403,25.506529,23.61713,19.384392,15.906832,14.79634,11.078032,10.555326,16.446163,16.930943,19.42852,21.853418,22.55583,22.935564,21.342781,24.492197,21.859844,24.104565,23.989344,25.834845,28.710026,30.317348,28.85714,29.95083,29.1249,32.102222,30.751347,35.12623
25,21.56676,19.831093,21.87337,17.671404,19.287525,21.083647,21.215366,25.781649,24.647888,30.954111,30.182789,35.434193,34.250854,31.344126,30.155281,25.599508,23.401735,20.03789,16.86492,13.586907,12.147528,10.297654,5.7651815,7.555131,4.3026075,0.0,5.6129436,6.079406,10.622714,8.986449,15.288871,14.893887,22.534296,23.207823,25.39109,29.013113,28.910713,26.72921,23.359713,19.41959,20.690472,15.382874,18.430853,14.842015,10.218273,10.784257,8.097578,9.391956,10.5576725,14.879503,15.790753,16.603148,17.059048,20.845316,18.230299,21.197298,22.099298,24.226189,29.155567,27.751719,24.702234,25.93798,22.830053,25.806555,22.505032,29.14247,29.360472,31.442041,31.768759,28.633461,28.817524,30.437628,27.517258,32.2232,31.211761,35.269268,36.728367,38.169434,41.11735,38.13717,34.13133,31.537361,28.284864,26.273909,22.869549,21.93104,17.512693,14.601876,13.772381,10.756488,11.609328,17.869791,17.119104,20.395926,22.864092,23.603668,23.804886,21.649656,24.41522,20.930668,23.32267,22.187904,24.245358,27.429888,29.002316,27.444885,29.333033,27.923388,31.312675,30.021881,34.30667
26,22.924469,20.159485,22.398434,17.873753,18.568176,21.375937,19.954985,25.322035,23.47998,30.31595,29.512331,34.58825,34.248047,31.695055,30.869875,26.149666,24.552416,20.610718,18.449553,14.490909,14.969242,11.772711,9.831769,10.096151,8.432847,5.6129436,0.0,4.937275,8.133758,9.907729,14.1914015,16.27384,23.178122,24.719675,26.763424,30.531158,31.176989,28.762255,25.639046,21.70953,21.98552,16.557686,18.349949,13.260709,9.979453,8.228996,5.7208843,4.3440456,6.162125,9.932139,11.792245,12.386766,14.35578,18.205246,16.737022,20.331476,20.447906,23.242744,28.093298,25.88067,22.810034,22.907053,19.322475,21.658566,17.725615,24.330214,24.081047,26.108063,26.735514,23.876472,24.52208,26.40496,24.119877,28.916874,28.601961,32.64665,34.65637,36.149033,39.470493,36.20384,31.908443,29.394001,26.745789,24.519794,20.98548,20.63806,14.967352,13.230109,11.17085,8.802276,9.620688,15.728297,13.153414,16.998125,19.611704,20.673985,21.106514,18.803852,20.835144,17.16407,18.84902,17.460407,19.003105,22.07525,23.915596,22.581644,25.11961,24.03012,27.73174,27.084124,31.388884
27,22.515194,19.776863,20.926647,16.069527,16.569992,18.369648,17.166512,21.699043,19.77697,26.410797,25.12354,30.388638,29.68619,26.989714,26.352758,21.534754,20.102434,16.137932,14.186085,10.733426,11.311872,9.737528,7.957564,10.114175,9.516281,6.079406,4.937275,0.0,4.5889487,5.033483,9.721731,11.364619,18.283627,19.889187,21.82621,25.612343,26.307266,23.887169,20.794687,16.915577,17.163399,11.783165,13.654556,9.217105,6.254577,5.3766527,5.671531,5.519712,8.751683,12.660759,13.085449,11.972698,13.9697275,16.518686,13.995234,17.233814,17.064169,19.34137,24.339392,22.3045,19.12286,20.352068,17.376461,20.490969,17.904375,24.352192,24.919704,26.643042,26.43237,23.070133,22.97369,24.47272,21.473598,26.15967,25.245848,29.281898,30.909332,32.340725,35.440838,32.373,28.227648,25.669973,22.638973,20.641169,17.082327,16.82469,12.123996,10.08336,9.705508,8.354598,11.536433,17.13032,15.665466,19.697172,21.623444,22.001749,21.663057,18.77868,21.099773,16.66232,19.60953,17.361364,20.206884,24.072924,24.917679,23.001163,25.361645,23.079647,26.743061,25.412107,29.520845
28,23.487782,20.135866,20.580652,15.543867,15.015308,16.82074,14.361187,18.82484,16.226435,23.084627,21.574152,26.707827,26.555477,24.162842,23.902124,19.032389,18.304323,13.979888,13.3649025,10.0534725,12.414431,11.013547,11.3555155,13.12019,13.679618,10.622714,8.133758,4.5889487,0.0,5.906687,6.323707,10.529323,16.127905,18.334585,20.150272,23.87564,25.323053,22.88473,20.054228,16.412975,15.992725,11.132136,11.383153,6.268258,6.967174,4.2359543,7.963568,5.9886355,10.247704,13.006653,13.21235,10.13664,13.849094,14.908473,12.746481,16.019371,14.540069,16.848482,21.787249,19.00147,15.67753,16.909006,14.160601,17.26585,15.505955,21.518503,22.267324,23.459568,22.656376,19.010546,18.789778,20.007845,16.898838,21.603477,20.773201,24.83571,26.62203,28.149548,31.403057,28.375715,23.989555,21.368185,18.61309,16.485106,12.876777,13.149849,8.118481,7.4337597,7.5825367,8.372365,12.748374,17.164957,15.410432,19.69533,21.03361,21.05621,20.259281,16.896126,18.742666,13.632115,17.062706,13.915311,17.539343,21.928524,21.995298,19.750021,22.346865,19.316868,23.1318,21.77383,25.692123
29,23.210798,20.836027,20.860651,16.044456,16.506039,16.799828,16.296705,19.37714,17.576761,23.62692,21.673092,27.170721,25.801298,22.827675,22.412138,17.532238,16.226665,12.48717,10.653819,8.622413,8.629572,9.994217,8.250801,12.011955,12.054091,8.986449,9.907729,5.033483,5.906687,0.0,6.988218,6.4818096,13.677617,15.235803,16.956335,20.780024,21.303185,18.872683,15.800049,12.005025,12.354865,7.065751,9.602232,7.31198,5.1089873,6.765709,8.92481,9.975441,12.9702215,16.804325,16.15755,14.102538,15.4324,16.600365,12.8869295,15.260016,15.061396,16.405964,21.44468,19.954588,16.802137,19.52304,17.472195,21.284798,20.1124,26.14892,27.48923,28.991451,28.066622,24.372929,23.45332,24.51884,20.80424,25.150743,23.471907,27.373781,28.424927,29.707727,32.428802,29.638573,25.85213,23.331741,19.76921,18.239489,14.81761,14.648792,11.96514,9.643747,11.420229,11.022583,15.193812,20.163387,19.712435,23.65638,25.079603,24.921158,23.977041,20.789349,23.348894,18.560898,22.429684,19.6507,23.39107,27.709099,27.789871,25.455118,27.524757,24.234833,27.686224,25.639517,29.417166
30,25.45845,22.31413,21.288206,16.46891,15.399051,15.353184,12.998388,15.261491,12.218581,18.450197,15.731755,21.17324,20.619148,18.114548,18.532145,13.513261,13.739454,9.444973,10.571702,9.387908,12.16828,13.333348,14.286252,17.014395,18.18694,15.288871,14.1914015,9.721731,6.323707,6.988218,0.0,6.7465568,10.121847,13.033095,14.368811,18.045,19.987495,17.566673,15.152213,12.123838,11.002812,7.588151,6.0237517,4.2507725,8.634168,8.092122,12.826571,12.14003,15.854931,18.374989,17.475637,13.2457285,16.404936,15.258352,12.155751,14.198791,11.695292,12.689011,17.550705,14.856868,11.454124,14.825476,13.665035,17.475471,17.967415,22.953312,24.680704,25.350204,23.427402,19.389137,17.974983,18.37739,14.234075,18.369251,16.4888,20.403769,21.536976,22.94498,25.85515,23.180515,19.045984,16.394152,13.022182,11.46214,7.855459,9.050627,7.6007423,7.736532,10.70503,12.742558,17.850254,21.300201,20.56018,24.656382,25.286938,24.63693,23.059692,19.350746,21.17073,15.744343,20.17635,16.29589,20.983387,25.826668,24.735165,21.972813,24.209023,19.701105,23.170856,20.93402,24.198727
31,24.421495,22.392748,20.927805,16.600237,16.72973,15.023633,15.35102,16.0363,14.60299,19.374544,16.79226,22.353886,20.149836,16.905226,16.679485,11.865703,10.906579,7.834663,7.0588803,8.233363,8.293792,12.503594,12.217153,16.13658,17.206657,14.893887,16.27384,11.364619,10.529323,6.4818096,6.7465568,0.0,7.9496064,8.857108,10.639295,14.322842,15.031949,12.873514,9.598247,5.936512,7.3837476,4.365597,6.501933,8.964531,9.787406,11.834112,15.054832,15.897756,19.13033,22.63688,21.497084,18.425848,19.770124,19.202927,14.869746,15.8722725,14.988414,14.699409,19.376127,18.348993,15.404477,19.989601,19.281664,23.456882,23.877932,29.132383,31.06261,32.009922,30.162653,26.114016,24.508682,24.726046,20.270462,23.918648,21.192642,24.80194,24.946201,26.188694,28.317436,26.261032,22.8915,20.328918,16.169739,15.228045,12.606697,12.139596,12.835108,10.765854,14.404938,15.094236,19.884527,23.763653,24.365503,28.111893,28.84128,28.029062,26.377535,22.985964,25.649286,20.806454,25.510035,22.446283,27.040049,31.756067,30.845234,28.076345,29.55849,25.232513,28.179756,25.302402,28.481037
32,30.543484,28.352787,25.889034,22.018019,21.205313,18.496733,18.064552,16.132755,14.07015,16.784718,11.516486,17.137978,14.33118,10.959119,13.104643,8.744037,10.727857,9.207686,11.801881,14.47074,15.481166,19.759281,20.161644,23.91271,25.113232,22.534296,23.178122,18.283627,16.127905,13.677617,10.121847,7.9496064,0.0,6.505237,4.6643972,8.627489,10.7439,8.217243,7.485671,7.4935813,4.710441,8.049073,5.950092,11.935498,15.172878,16.872204,20.984722,21.775396,24.819815,27.625534,25.70608,21.644829,22.941048,20.27033,16.20168,15.632047,13.6561775,11.402167,14.77183,14.295461,12.237025,18.328152,19.383936,23.546118,25.946342,29.838797,32.637608,33.13936,30.423508,26.471853,23.732203,23.33444,18.66805,20.924519,17.447693,20.137098,19.40407,20.05463,21.51352,19.83536,17.481314,15.593985,11.313355,12.263457,10.847456,12.374641,15.956825,15.710167,19.793606,21.64285,26.792662,29.901592,30.265892,34.109768,34.358044,33.206512,31.086637,27.436264,29.472918,24.37671,29.285557,25.326672,30.394508,35.36548,33.57755,30.553299,32.21204,26.765072,29.429632,26.223204,28.357977
33,26.827202,25.334776,22.18873,19.199942,18.903406,14.93699,16.484026,13.322794,13.260898,14.592112,12.017952,16.757143,13.049321,9.541409,8.978505,5.4600873,5.5127845,6.615756,8.513897,12.712463,13.14562,18.10952,19.35739,22.69585,24.765999,23.207823,24.719675,19.889187,18.334585,15.235803,13.033095,8.857108,6.505237,0.0,5.106606,6.516893,8.49025,8.408619,5.1325893,5.1484604,9.057361,11.374364,11.159046,16.090605,18.425167,20.149055,23.836113,24.14817,27.748219,30.954506,29.775139,25.970764,27.69485,25.868713,21.640848,21.51883,19.805334,17.86745,21.223022,20.573269,18.318731,24.20577,24.830276,28.874222,30.61896,34.92019,37.12859,37.27167,34.448395,30.139307,28.20089,27.190376,22.282812,24.660522,20.708178,23.585812,22.221401,23.602234,24.609852,24.269625,21.587143,18.994345,14.6125965,14.448175,14.083604,12.543482,17.144573,15.658711,20.07494,21.523758,26.4448,28.894709,30.695076,34.007736,33.898006,32.352367,29.978525,26.680569,29.330635,25.00809,30.256474,27.38923,32.583458,37.5047,35.493618,32.372604,32.82579,27.708221,29.650637,25.875355,28.007
34,31.678234,30.052832,27.120546,23.836523,23.349613,19.750319,20.466833,17.301428,16.299173,17.3263,12.445121,17.331041,13.230599,9.542125,11.5699005,8.585336,10.378272,10.792919,12.975775,16.689045,16.88864,21.980959,22.32858,26.187956,27.554037,25.39109,26.763424,21.82621,20.150272,16.956335,14.368811,10.639295,4.6643972,5.106606,0.0,4.3325353,6.179458,4.506915,4.647579,7.136067,6.7131853,11.203257,10.360311,16.386189,18.897322,21.038239,24.799688,25.815748,28.859377,31.919966,30.005352,26.178171,27.097456,24.532988,20.26143,19.24075,17.81196,15.058707,17.616287,17.977734,16.400105,22.655432,23.949354,28.109337,30.595076,34.44014,37.288483,37.70713,34.845875,30.83657,28.096788,27.393042,22.653475,24.472038,20.583881,22.84839,21.32338,21.887417,22.533451,21.765547,20.111404,18.378332,14.1714,15.359665,14.817849,15.3190565,19.747595,18.979853,23.276947,24.868006,29.906128,32.835835,33.88168,37.517002,37.622974,36.268288,33.988937,30.49367,32.803314,28.025307,33.118088,29.501286,34.660656,39.64156,37.699623,34.60489,35.77258,30.294416,32.54706,28.976793,30.827261
35,32.935448,31.604675,28.140202,25.484589,24.962215,20.727032,22.000902,17.623337,17.417213,16.661898,12.394973,16.151316,11.177785,7.699863,9.621685,8.705611,10.690862,12.636744,15.011927,19.20859,19.422043,24.60178,25.450327,29.059744,30.822645,29.013113,30.531158,25.612343,23.87564,20.780024,18.045,14.322842,8.627489,6.516893,4.3325353,0.0,4.6257887,5.93502,6.696456,9.947191,10.9895735,15.418941,14.523925,20.435389,23.089695,25.102503,28.912756,29.67088,32.931793,35.97646,34.212204,30.237118,31.390165,28.682062,24.516867,23.382408,21.760809,18.784513,20.736032,21.128,19.81924,26.15316,27.718752,31.73371,34.455666,38.04821,40.84889,40.939644,37.770206,33.676483,31.015345,29.81953,25.044039,26.35504,22.106806,23.958818,21.724268,22.38644,22.33827,22.655931,21.397247,19.69264,15.757417,17.04595,17.439308,17.212822,22.53654,21.737492,26.164524,27.85865,32.862354,35.271034,36.867367,40.275684,40.072376,38.44635,35.934383,32.572456,34.92745,30.496937,35.727634,32.38395,37.68595,42.687084,40.374992,37.186306,37.828255,32.232285,33.9947,30.1247,31.525776
