,0,1,2,3,4,5,6,7,8,9,10,11,12,13,14,15,16,17,18,19,20,21,22,23,24,25,26,27,28,29,30,31,32,33,34,35,36,37,38,39,40,41,42,43,44,45,46,47,48,49,50,51,52,53,54,55,56,57,58,59,60,61,62,63,64,65,66,67,68,69,70,71,72,73,74,75,76,77,78,79,80,81,82,83,84,85,86,87,88,89,90,91,92,93,94,95,96,97,98,99,100,101,102,103,104,105,106,107,108,109
0,0.0,4.4628043,7.981836,9.555252,12.815569,14.645267,17.37835,21.869993,23.632153,27.228712,29.238749,32.87046,34.80525,32.41145,35.806007,31.938072,32.867992,31.92243,34.35419,33.52187,33.70291,36.660675,36.099678,31.54938,30.562721,28.282164,28.095896,28.70854,27.193996,31.161263,28.558287,35.739594,34.415188,39.071774,39.57963,43.2857,42.838108,40.634323,38.050327,35.69665,32.095146,31.624002,26.418217,25.596178,21.989637,23.29213,18.147465,16.48084,16.237564,16.809,16.464966,20.004951,18.697489,22.759653,22.21972,24.01992,22.01005,21.350422,17.777037,18.467312,16.418606,22.856419,21.338158,25.842583,26.329504,30.39506,33.4228,33.79126,33.804764,32.83649,29.96931,28.096888,25.351212,27.04105,24.417913,27.029324,24.749828,30.985086,27.321255,30.829422,33.37383,36.458836,37.65608,36.40405,35.426117,33.29516,37.034298,33.670006,35.783604,36.35506,37.676903,36.333366,37.210003,41.38504,39.938095,43.908833,41.709606,41.452564,39.761353,40.003574,36.678005,37.58025,37.08195,35.215103,35.541676,31.954626,32.572166,32.57522,31.11777,32.55853
1,4.4628043,0.0,3.9280503,7.002036,9.507201,11.436867,14.346202,18.584478,21.0433,24.47422,26.612268,30.89932,32.177124,29.450798,32.725216,28.835888,29.501968,28.74427,30.647982,30.205631,30.11285,33.244114,32.597256,28.124577,27.37861,24.808327,24.828032,25.08672,23.776701,27.452028,25.056156,32.14328,30.778177,35.71226,36.07016,39.76852,39.04839,36.72376,34.07923,31.698574,28.052437,27.429562,22.372091,21.431114,17.839928,19.866518,14.611357,13.796413,14.158625,15.70399,16.202686,20.180206,20.030666,24.254696,24.02204,25.370655,23.53242,22.18327,18.109968,18.290289,15.670361,21.442127,20.16287,24.071663,25.165905,28.41759,31.920235,32.61737,31.930172,30.77769,28.083504,25.813244,23.518574,24.972572,23.176304,25.367779,23.921661,30.018206,26.491707,30.457178,32.631844,35.28145,36.043964,34.37938,33.178772,31.065409,34.442776,31.226536,32.89383,33.782253,34.867413,33.866226,35.055676,38.98213,37.420654,41.1007,38.731403,38.256237,37.09889,37.304405,34.24963,35.298523,34.92904,33.447716,33.61345,30.680002,30.639267,31.194029,29.437355,31.26442
2,7.981836,3.9280503,0.0,5.217702,6.884977,7.779199,11.524649,14.953738,17.945354,21.25639,23.223215,27.99921,28.927525,26.036081,29.44522,25.756748,26.4901,26.123533,27.941534,27.990889,28.028034,31.32885,30.896366,26.523151,25.81372,23.010353,22.699917,22.437359,20.89413,24.304113,21.550371,28.70434,27.00112,32.086105,32.266083,35.96656,35.284325,32.903343,30.402515,28.146175,24.303082,24.05138,18.865324,18.39428,14.959255,17.554493,13.061751,12.808634,14.404959,16.068216,17.625477,21.244944,21.960608,26.478846,25.922096,26.788528,24.846357,22.856766,18.666033,18.039608,15.735118,20.559753,20.17877,23.616655,25.434462,28.207935,31.984837,33.236088,31.94824,30.455143,27.723558,24.969475,22.88844,23.662477,22.451733,23.839434,22.853415,28.46384,24.84234,29.011593,30.708134,33.01855,33.583076,31.754787,30.627247,28.77035,31.934134,29.216862,30.733839,32.05667,33.15927,32.61231,33.81152,37.485558,35.665745,39.241856,36.445587,35.5843,34.81778,34.56437,31.885263,32.73258,32.284527,31.204515,31.453339,29.12554,28.888622,30.02317,28.349375,30.638624
3,9.555252,7.002036,5.217702,0.0,3.7772608,6.7803044,7.8688064,12.784278,14.305767,17.813967,20.233524,24.082827,25.488157,22.995956,26.254463,22.415316,23.522867,22.87198,25.827732,25.329037,26.260338,29.321093,29.50178,25.019526,23.65367,21.284964,19.96786,20.137682,18.012863,22.051554,19.164085,26.34616,25.363192,29.698929,30.55628,34.227825,33.788643,31.889128,29.15322,26.80505,23.532574,23.317818,17.773,17.685469,14.376399,14.988134,11.79686,9.9075575,12.461855,12.570253,15.029838,17.50726,18.768284,23.689074,22.388983,22.758755,20.668705,18.220497,14.105478,12.983201,11.30378,15.8815775,16.33686,20.080503,22.137709,25.615545,29.031473,30.811922,29.671516,27.861319,24.650566,21.82235,19.173166,19.493834,17.784794,19.024626,17.679937,23.360252,19.81608,24.01597,25.988104,28.43573,29.060926,27.38822,26.291122,24.34809,27.893068,25.120567,27.259329,28.416111,29.993582,29.34317,30.007055,33.844296,31.937256,35.95111,33.07756,32.39289,30.940649,30.675783,27.676579,28.434519,27.967205,26.513796,26.819023,24.110418,24.30837,25.248104,23.950668,26.28088
4,12.815569,9.507201,6.884977,3.7772608,0.0,6.0690713,4.9108725,10.346596,12.298078,15.48371,18.35788,22.61019,23.24454,20.456982,23.354181,19.34414,20.119947,19.513964,22.124872,21.848095,22.698587,25.850092,26.097095,21.701199,20.416409,17.889816,16.536467,16.458544,14.496553,18.421953,15.993537,22.995161,22.398973,26.80424,27.766949,31.40334,30.624413,28.7544,25.76427,23.276566,20.25527,19.665627,14.213129,13.970391,10.728641,11.439853,8.847742,7.7281413,11.295268,12.068026,15.2909565,17.797682,20.044538,24.820978,23.86259,23.82854,22.063387,19.17739,14.930451,13.476997,11.27381,14.484317,15.274525,18.172583,20.837376,23.49774,27.227629,29.37389,27.625849,25.606457,22.552238,19.360826,17.200506,17.18402,16.474873,17.246428,17.01228,22.421953,19.351004,23.921568,25.596546,27.528753,27.596504,25.447485,23.98709,21.95551,25.105356,22.370863,24.084776,25.493086,26.8802,26.539686,27.44214,31.031479,29.04074,32.807545,29.828802,29.03293,27.985119,27.854498,25.025003,26.064072,25.83877,24.700352,24.725365,22.696262,22.097054,23.544687,21.934275,24.59538
5,14.645267,11.436867,7.779199,6.7803044,6.0690713,0.0,7.221615,7.6634755,11.108605,14.263024,15.63153,20.945568,21.674574,18.794607,22.739979,19.713575,21.133165,21.66042,24.219656,25.027733,26.049376,29.416561,29.870512,25.800938,24.739277,21.932182,20.148802,18.951254,16.261326,19.302826,15.041473,22.479036,20.046688,24.941643,25.04125,28.755306,28.61306,26.431517,24.362194,22.522362,18.437086,19.624094,13.882825,15.365609,12.851268,15.115127,13.857509,13.611465,17.320204,17.936426,21.142267,23.282959,25.174038,30.169676,28.5704,28.508333,26.262686,23.244194,19.429714,17.175663,16.48214,19.024107,20.926542,23.642548,26.643549,29.10304,32.89864,35.299244,33.28241,31.08352,28.046734,24.558968,22.524406,21.57,21.050018,20.504202,19.958595,24.095287,20.199886,24.430557,25.124956,26.859026,27.27445,25.445484,24.807379,23.717764,26.709202,25.342077,27.081007,29.190008,30.713993,31.009651,31.723497,34.940838,32.54648,36.214928,32.442753,30.795176,30.343052,28.785316,26.853369,26.893925,26.06535,25.675781,26.35551,25.063946,25.071896,27.187605,26.197123,29.276142
6,17.37835,14.346202,11.524649,7.8688064,4.9108725,7.221615,0.0,7.0660257,7.845082,10.799908,14.1783495,18.18344,18.517977,15.819384,18.562315,14.573879,15.718807,15.368395,18.85808,18.735203,20.501291,23.531925,24.511715,20.372282,18.671034,16.40475,13.732176,13.305926,10.427939,14.563958,11.730418,18.683163,18.565504,22.385107,23.807545,27.368227,26.743334,25.272346,22.200306,19.774466,17.271103,17.054611,11.458093,12.255842,9.939134,9.002162,9.834412,8.5765295,13.269374,13.09443,17.295586,18.546047,21.706345,26.538025,25.0584,24.306787,22.561901,19.011208,15.218761,12.734617,11.6563015,12.379861,14.972967,17.036242,20.537992,22.887978,26.48497,29.450268,27.245676,24.742043,21.499668,17.863686,15.790086,14.388977,14.398985,13.706667,14.242409,18.714493,15.932003,20.706583,21.929083,23.372192,23.059465,20.688171,19.202152,17.386143,20.473877,18.357477,20.306786,22.13285,23.867868,24.032646,24.53862,27.844921,25.509718,29.408691,25.902483,24.795769,23.71311,23.073282,20.46164,21.270037,21.02597,20.149754,20.219706,18.87374,18.149658,20.268066,19.046947,22.250957
7,21.869993,18.584478,14.953738,12.784278,10.346596,7.6634755,7.0660257,0.0,5.6205277,7.447019,9.032674,15.158033,14.562407,11.31697,15.265753,12.778074,14.590614,16.068645,19.035622,20.598278,22.482403,25.6899,26.984728,23.519321,22.24342,19.69574,16.679571,14.5308,10.973444,13.184504,7.7012053,15.153026,12.797331,17.318197,17.803318,21.487646,21.429558,19.686918,17.578394,15.969971,12.385002,14.552845,8.891839,12.344615,11.560485,12.687079,15.066929,15.247448,19.940683,20.133654,24.349266,25.447313,28.570593,33.503056,31.644226,30.726452,28.712378,24.958273,21.611948,18.486994,18.504227,18.129955,21.645912,22.965343,26.935432,28.470236,32.21806,35.57941,32.76474,30.024607,27.059593,23.08365,21.63525,19.13995,20.024147,17.57697,18.501625,20.815006,17.656246,22.00521,21.651108,22.212303,21.745358,19.36084,18.720217,18.291798,20.56675,20.555162,22.040785,24.9134,26.589918,27.79228,28.222988,30.724955,27.893753,31.325253,26.784735,24.436201,24.571457,22.05914,21.010756,20.637142,19.800114,20.366415,21.055279,21.426165,20.847305,24.084806,23.456587,27.184761
8,23.632153,21.0433,17.945354,14.305767,12.298078,11.108605,7.845082,5.6205277,0.0,3.7053504,6.686863,10.553012,11.189462,9.077391,12.906584,10.411777,13.321767,14.408676,19.297003,19.947485,23.05462,25.74768,27.756401,24.32566,22.30745,20.526264,16.329607,14.970227,10.599108,13.61924,8.297442,14.890331,14.058915,16.569714,18.326279,21.745209,22.259504,21.44805,19.210846,17.654411,15.482318,17.401932,12.26044,15.458369,14.846492,13.2498,16.919186,15.710522,20.536982,19.303978,23.852097,23.617357,27.00363,31.953945,29.391459,27.956512,25.886139,21.842585,19.231548,15.537191,16.89903,15.198139,19.971195,21.325584,25.363945,27.612215,30.722864,34.531544,32.054882,29.082106,25.68835,21.851713,19.841148,16.49288,16.87791,13.445419,14.044183,15.385108,12.302386,16.613445,16.256674,16.861923,16.497847,14.3910475,14.080905,13.86922,16.89914,17.272095,19.868134,22.50104,24.906986,25.98207,25.551386,28.17219,25.204393,29.257744,24.590366,22.478537,21.431892,18.521101,17.071613,16.146515,15.030679,15.130788,16.19294,16.325373,16.68754,19.857603,20.086157,23.85899
9,27.228712,24.47422,21.25639,17.813967,15.48371,14.263024,10.799908,7.447019,3.7053504,0.0,4.751545,8.621123,7.7632985,5.457129,9.303322,7.5658455,10.967573,12.800399,17.770151,18.884554,22.353231,24.847218,27.23707,24.279947,22.28579,20.717426,16.166786,14.343307,9.893068,11.879605,6.35115,11.83164,11.406137,13.058498,15.265764,18.516438,19.133745,18.745258,16.600016,15.334725,13.896751,16.21659,11.9425955,15.66049,15.911659,14.0653,18.867317,18.094307,22.961586,21.837143,26.53366,26.062328,29.823664,34.616173,32.103912,30.392946,28.508875,24.337557,21.98829,18.258684,19.633743,16.807615,21.913918,22.475687,26.812933,28.431467,31.478018,35.63843,32.78306,29.635532,26.43965,22.505667,20.980927,17.031115,18.272676,13.984627,15.546994,15.491468,13.2827015,17.25215,16.121862,15.721376,14.578434,11.975696,11.712692,12.218928,14.506733,16.064465,18.359678,21.438046,23.842396,25.463675,24.908792,26.982449,23.797834,27.579428,22.47228,19.871557,19.284243,15.561961,14.937087,13.585536,12.438134,13.481212,14.537258,16.081875,15.952544,19.782936,20.206812,24.20599
10,29.238749,26.612268,23.223215,20.233524,18.35788,15.63153,14.1783495,9.032674,6.686863,4.751545,0.0,7.2733383,6.857421,5.3430576,10.588767,10.935702,14.454488,16.957554,21.412422,23.12385,26.445854,28.993307,31.366806,28.580992,26.786295,25.053722,20.690557,18.46883,14.186205,15.216754,8.863946,13.446373,10.771555,12.188727,13.436606,16.635706,18.377848,17.949629,17.065401,16.708826,14.592403,18.43807,14.455608,18.854078,19.247282,18.451168,22.79406,22.177975,27.047672,25.948433,30.529802,30.080843,33.471115,38.43316,35.552086,33.9275,31.736784,27.639622,25.490562,21.57837,23.484797,21.160343,26.332384,27.16812,31.43442,33.171165,36.219387,40.362656,37.521378,34.37826,31.188126,27.254377,25.66582,21.707504,22.621145,18.21354,19.041235,18.060589,15.260086,18.373938,16.162987,15.425139,14.855927,13.129965,14.213716,15.777485,17.711964,20.28256,22.50625,25.77696,28.178572,30.022799,29.349594,31.178255,27.882206,31.48587,26.053995,22.931248,22.774504,17.882704,18.261555,15.82394,13.923437,15.727351,17.490427,19.357328,20.004765,23.822573,24.668198,28.636591
11,32.87046,30.89932,27.99921,24.082827,22.61019,20.945568,18.18344,15.158033,10.553012,8.621123,7.2733383,0.0,5.9069085,8.448276,11.403951,12.545624,16.568987,18.37748,24.262817,24.942198,29.278723,31.155985,34.166077,31.541374,29.131144,28.217154,23.122145,21.807047,17.469307,18.937643,14.065134,16.615389,16.120983,14.620783,17.313227,19.58504,21.93498,22.648848,21.709366,21.410944,20.710714,23.841806,20.291328,24.150135,24.496668,21.888374,26.828472,25.187658,29.864674,27.5539,32.150932,30.341963,33.78477,38.540707,34.932938,32.765827,30.608654,26.481236,25.481365,21.371414,24.552874,21.084072,27.065117,27.830982,31.88923,34.273544,36.467247,40.9749,38.59262,35.315907,31.836254,28.306543,26.290829,21.748568,22.04487,16.876026,17.120005,13.603457,11.663164,13.304819,10.024621,8.311284,7.9887514,7.7607255,10.673851,13.341938,15.760187,19.226479,22.557352,25.312866,28.42929,30.091715,28.35759,30.090601,26.774946,30.899605,25.537727,22.831562,21.178871,15.58523,15.900902,12.045475,9.199734,10.78087,13.56142,15.543381,17.800446,21.20907,23.326033,27.016914
12,34.80525,32.177124,28.927525,25.488157,23.24454,21.674574,18.517977,14.562407,11.189462,7.7632985,6.857421,5.9069085,0.0,4.0169067,6.027167,8.788985,12.502868,15.235922,20.174553,21.728878,25.860855,27.701906,30.79586,28.727701,26.685331,25.709826,20.785618,18.751062,14.84886,14.891523,10.67228,11.234042,11.310138,8.860014,12.180038,14.340068,16.25762,17.290266,16.278114,16.26061,16.3959,19.590763,17.185757,21.257296,22.44136,20.239233,25.960714,25.277061,30.06434,28.59549,33.37242,32.14069,36.13554,40.742702,37.84304,35.663353,33.870037,29.613766,28.068956,24.171705,26.268978,22.20157,27.87825,27.666142,32.1359,33.290146,35.847736,40.53014,37.431248,34.069458,31.078041,27.30514,26.183033,21.47333,23.199518,17.848904,19.792767,16.789423,15.898754,18.293798,15.423471,12.945226,10.652921,8.199079,9.663514,12.549766,13.232961,17.61765,19.739277,23.166422,25.766525,28.13828,26.913975,27.93733,24.473583,27.818035,22.041527,18.601818,18.419094,12.266696,13.982826,10.5838585,8.59428,11.906612,13.594057,17.403078,17.6159,21.926018,23.3091,27.31426
13,32.41145,29.450798,26.036081,22.995956,20.456982,18.794607,15.819384,11.31697,9.077391,5.457129,5.3430576,8.448276,4.0169067,0.0,5.3262453,6.8468723,10.2694235,13.368318,17.579338,19.628744,23.227272,25.443398,28.190289,25.995974,24.250324,22.868406,18.305965,15.807239,11.929915,11.744562,6.802788,8.661167,8.065776,7.8178024,10.552403,13.453803,14.529379,14.829885,13.351518,13.004797,12.586337,15.856894,13.26337,17.51957,18.800081,17.323942,22.874678,22.723509,27.559204,26.710222,31.469639,30.907158,34.93363,39.584774,37.127,35.20295,33.458645,29.221352,27.104076,23.37157,24.734035,21.143538,26.352856,26.10972,30.677479,31.46716,34.46749,38.944317,35.61583,32.3334,29.500505,25.52943,24.6579,20.288027,22.377768,17.492374,19.79692,18.204678,16.897646,20.11277,17.897968,16.12265,14.044663,11.096751,11.287309,13.114842,13.738933,17.19568,18.705462,22.358587,24.553665,26.950996,26.342007,27.514725,24.110992,27.227047,21.530037,18.01961,18.57645,13.382448,14.645207,12.487019,11.238452,14.008072,15.078442,18.479877,17.813564,22.25637,22.885689,27.011877
14,35.806007,32.725216,29.44522,26.254463,23.354181,22.739979,18.562315,15.265753,12.906584,9.303322,10.588767,11.403951,6.027167,5.3262453,0.0,4.9663463,7.475402,10.767181,14.812174,16.82327,20.853374,22.477291,25.706066,24.201828,22.412508,21.64178,16.943024,14.597585,11.612565,10.2902775,8.711302,6.0247707,9.552514,6.708044,11.166533,13.102157,13.1747675,14.525008,12.265216,11.777569,13.651153,15.538317,14.575465,18.053368,19.97593,17.527243,23.965746,24.017887,28.612059,27.810902,32.6039,31.758236,36.29019,40.549652,38.438236,36.212032,34.920994,30.651917,28.742447,25.27337,26.259274,21.528683,26.652952,25.366982,30.05878,30.003668,32.749084,37.53848,33.864357,30.481352,28.022797,24.205835,24.014118,19.351536,22.41983,17.294333,20.797243,18.60857,18.808905,21.876389,19.85788,17.382431,14.087147,10.237341,9.1746,11.099478,9.907526,14.419102,15.168091,19.053041,21.089508,24.000242,23.303062,23.72086,20.254791,22.872747,16.951044,13.104546,14.267319,8.804008,11.20435,9.622126,9.518999,12.9211035,13.052156,17.852386,15.916659,20.741072,21.24478,25.3465
15,31.938072,28.835888,25.756748,22.415316,19.34414,19.713575,14.573879,12.778074,10.411777,7.5658455,10.935702,12.545624,8.788985,6.8468723,4.9663463,0.0,4.0272994,6.5857887,11.742688,13.005128,17.122911,19.00405,22.049265,20.004858,17.99912,17.16885,12.259995,10.269694,6.924064,7.050049,6.5152807,6.7682705,11.046134,10.805159,14.539883,17.038008,16.233257,16.761293,13.386632,11.6191225,13.105722,13.501047,11.691637,14.409166,15.95739,12.719432,19.282671,19.229132,23.738508,23.03659,27.804817,27.171518,31.80597,35.9771,34.21377,32.107773,30.98422,26.771544,24.55679,21.364183,21.757164,17.062836,21.877771,20.582394,25.296051,25.327017,28.251867,32.89625,29.307796,25.96346,23.386183,19.472544,19.231775,14.764063,18.049028,13.387258,17.3464,16.634447,16.820538,20.657356,19.726496,18.192608,15.255236,11.169649,8.725875,8.722406,8.596157,10.969623,11.919633,15.644309,17.712399,20.181093,19.798355,20.903847,17.569344,20.68197,15.248889,12.340846,12.669653,9.588877,9.6087055,9.8685665,10.468021,12.280172,11.708071,15.411221,12.6965275,17.426672,17.266712,21.429966
16,32.867992,29.501968,26.4901,23.522867,20.119947,21.133165,15.718807,14.590614,13.321767,10.967573,14.454488,16.568987,12.502868,10.2694235,7.475402,4.0272994,0.0,4.0382366,7.7771544,9.575789,13.455356,15.285949,18.355003,16.73078,15.031478,14.309335,9.836857,7.474674,5.8711815,4.2684913,7.79719,6.1107554,11.998456,12.228131,15.722747,17.972902,16.022392,16.456245,12.274508,9.867338,12.529432,11.257655,10.873769,12.565756,14.695322,11.454538,18.28118,18.950047,23.10638,23.078602,27.68599,27.489046,32.370228,36.21978,35.106632,33.06996,32.307854,28.224264,25.755724,23.026907,22.507437,17.718687,21.704977,19.582378,24.345573,23.302315,26.45859,31.064737,27.010103,23.709967,21.661795,17.755064,18.40979,14.373152,18.60631,14.669364,19.353615,19.357107,19.99678,24.001677,23.44214,21.93309,18.760971,14.513338,11.383147,10.490973,9.111818,10.368783,9.539295,13.595,14.907114,17.773083,18.097868,18.781952,15.606176,17.982222,12.737048,9.88324,11.521254,10.352954,10.306782,12.116063,13.506611,15.09726,13.7132435,17.446218,13.379182,18.042377,16.991512,21.034939
17,31.92243,28.74427,26.123533,22.87198,19.513964,21.66042,15.368395,16.068645,14.408676,12.800399,16.957554,18.37748,15.235922,13.368318,10.767181,6.5857887,4.0382366,0.0,7.142572,6.591028,11.293643,12.788207,16.043518,14.131124,11.867347,11.796072,6.821353,6.1582017,5.6248455,6.3403635,10.577738,10.106764,15.849337,16.156393,19.748377,21.983412,19.931221,20.326323,15.930535,13.191647,15.695152,13.260464,12.559329,12.8886,14.476813,9.675588,16.605608,16.879053,20.633204,20.401005,24.885384,24.471289,29.558424,33.094395,32.2766,30.165081,29.737864,25.787638,23.409605,21.102947,20.161787,14.908803,18.51075,15.885477,20.619688,19.47875,22.47137,27.160765,23.194815,19.844023,17.738476,13.930639,14.785126,10.833825,15.567155,12.224255,17.435705,18.174097,19.405626,23.525423,23.744217,22.66188,19.572124,15.40196,11.603156,9.33792,8.414541,7.178433,6.221357,9.928745,11.4311495,13.916154,14.2886095,15.426667,12.421775,15.326834,10.8272705,9.53931,9.681286,10.975467,9.139162,12.392028,14.327747,14.797472,12.724297,15.645325,10.688467,14.996492,13.358534,17.292511
18,34.35419,30.647982,27.941534,25.827732,22.124872,24.219656,18.85808,19.035622,19.297003,17.770151,21.412422,24.262817,20.174553,17.579338,14.812174,11.742688,7.7771544,7.142572,0.0,5.1686516,6.4872503,8.495709,11.133887,10.583025,10.123314,9.55442,7.863647,5.7208962,8.978675,6.4138756,13.165938,11.029198,16.69215,17.99742,20.60101,22.50026,19.024635,18.94093,14.048392,10.930895,14.453353,9.838635,12.141321,10.949752,13.712796,11.290293,17.15351,19.213167,22.276505,23.656322,27.630663,28.431229,33.471478,36.632015,36.80553,35.060402,34.919933,31.238888,28.332848,26.552462,24.436892,20.180756,22.171848,18.82115,23.23297,20.042517,23.697754,27.849854,22.974604,20.023817,19.294859,15.753833,18.144716,15.743104,20.904394,18.74018,23.910894,25.282475,26.26191,30.539331,30.630669,29.394081,26.161654,21.874548,18.243086,16.356173,14.346697,13.130037,9.354752,12.686158,11.746353,14.891855,17.044563,17.088556,14.853559,15.325103,11.8602915,10.476262,13.779522,15.906722,15.364581,18.691614,20.693752,21.746794,19.591938,22.655619,17.260654,21.09532,18.50147,21.867002
19,33.52187,30.205631,27.990889,25.329037,21.848095,25.027733,18.735203,20.598278,19.947485,18.884554,23.12385,24.942198,21.728878,19.628744,16.82327,13.005128,9.575789,6.591028,5.1686516,0.0,5.430862,6.262404,9.695639,8.524567,6.6272225,7.747727,5.4326997,6.527939,9.708423,9.645167,15.678633,14.622386,20.53129,21.365536,24.544176,26.534187,23.50184,23.66015,18.825834,15.716861,18.749517,14.277328,15.133764,13.273402,14.973051,10.460736,16.212538,17.39261,19.915634,20.73354,24.524862,24.79515,30.031261,32.791214,33.15352,31.249357,31.486412,27.992094,25.39858,24.063148,21.754576,16.954922,18.50396,14.491814,18.773212,15.489424,18.783892,23.200724,18.486725,15.346532,14.507872,11.211012,13.96111,11.866877,17.308798,15.876698,21.290857,23.115149,24.743607,28.93534,29.735699,28.867273,25.731157,21.603016,17.537088,14.717448,13.233727,9.93494,5.9477572,8.135604,7.1583867,9.826167,12.124271,12.748293,10.850938,12.12906,9.885156,10.594117,11.65998,15.795366,13.750335,18.013065,20.392427,20.437563,17.785542,19.990454,14.105432,17.216074,14.102742,17.108961
20,33.70291,30.11285,28.028034,26.260338,22.698587,26.049376,20.501291,22.482403,23.05462,22.353231,26.445854,29.278723,25.860855,23.227272,20.853374,17.122911,13.455356,11.293643,6.4872503,5.430862,0.0,3.723185,4.9661736,4.5002623,5.295165,5.629302,7.6735797,8.159638,12.548169,11.872543,18.173613,17.407827,22.5588,24.409435,26.84231,28.855654,25.204662,24.782602,19.88341,16.636732,19.352232,13.74353,15.626423,12.377696,14.192821,11.6067705,15.599605,18.029604,19.759445,21.902979,25.092756,26.48816,31.463274,33.9127,35.107643,33.642838,34.04961,30.86899,27.810226,26.964731,23.721615,20.1451,20.285288,16.254467,19.941904,15.335142,19.293287,22.830526,17.613962,15.105161,15.414801,12.586296,16.088083,15.507523,20.651981,20.22909,25.305004,27.960358,29.137203,33.56656,34.48512,33.809444,30.816755,26.665472,22.724892,19.961939,18.566765,15.232206,11.214629,12.572499,10.221915,12.134595,15.68223,16.116371,15.087024,14.980977,14.057971,14.745684,16.828354,20.874233,19.156118,23.277512,25.518747,25.672039,23.131903,24.96548,19.202295,21.866734,18.222864,20.691896
21,36.660675,33.244114,31.32885,29.321093,25.850092,29.416561,23.531925,25.6899,25.74768,24.847218,28.993307,31.155985,27.701906,25.443398,22.477291,19.00405,15.285949,12.788207,8.495709,6.262404,3.723185,0.0,4.28053,6.1597667,6.521836,8.481401,10.027358,11.175246,15.262836,14.514292,20.997473,19.392246,25.163418,26.26325,29.044888,30.755438,27.045412,27.044842,22.17336,19.11281,22.415266,16.944078,19.076845,16.063877,17.832975,14.612504,18.65273,20.63311,21.99988,23.764359,26.75845,27.688148,32.799038,34.83908,36.189625,34.527832,35.240135,32.165268,29.465069,28.78959,25.657372,21.531324,21.548027,16.900038,20.25143,14.944557,18.253176,21.95684,16.571209,14.1234045,15.083672,12.988479,16.920212,16.404503,21.703583,21.349213,26.653742,28.925587,30.711569,34.90402,35.909172,35.056114,31.830832,27.69042,23.564816,20.718555,18.84081,15.35492,10.794374,11.344229,8.09317,10.21951,14.025046,13.678373,13.218687,12.143789,12.471522,14.128246,16.060251,21.088224,19.34435,23.835728,26.391825,26.427105,23.571018,25.575632,19.490067,21.83751,18.152306,20.173227
22,36.099678,32.597256,30.896366,29.50178,26.097095,29.870512,24.511715,26.984728,27.756401,27.23707,31.366806,34.166077,30.79586,28.190289,25.706066,22.049265,18.355003,16.043518,11.133887,9.695639,4.9661736,4.28053,0.0,4.6236973,7.097342,8.272847,11.908399,12.966108,17.37659,16.761412,23.043108,22.125786,27.224863,29.10295,31.410482,33.266132,29.330109,28.86189,24.030169,20.891994,23.625032,17.701979,19.964388,16.144363,17.622293,15.55798,18.100904,20.731178,21.407438,24.034014,26.49175,28.238064,33.053207,34.843475,36.804707,35.51633,36.334297,33.53726,30.516714,30.236324,26.4628,23.314457,22.328646,17.920334,20.718054,14.812221,18.563087,21.36278,15.849084,14.093713,15.752118,14.06207,18.17051,18.676243,23.611156,24.012394,28.991615,32.001392,33.401546,37.790493,38.993885,38.41731,35.402294,31.284275,27.230026,24.280989,22.783436,19.000206,14.797314,15.074272,11.80744,12.90206,17.141674,17.193737,17.139982,15.940974,16.742407,18.246449,20.264938,25.107986,23.263496,27.672667,30.083672,30.02122,27.27565,28.792473,22.885735,24.905079,20.893,22.589672
23,31.54938,28.124577,26.523151,25.019526,21.701199,25.800938,20.372282,23.519321,24.32566,24.279947,28.580992,31.541374,28.727701,25.995974,24.201828,20.004858,16.73078,14.131124,10.583025,8.524567,4.5002623,6.1597667,4.6236973,0.0,3.5645325,3.9717917,8.556747,10.239711,14.439071,14.942326,20.542624,21.05804,25.644081,28.042904,30.33053,32.612972,29.09304,28.349344,23.492403,20.13395,22.006279,16.317528,17.2887,13.192095,13.964573,11.5172615,13.594292,16.130093,16.853804,19.570768,22.131727,24.104362,28.835636,30.915442,32.733097,31.59116,32.237225,29.449522,26.218508,26.00847,22.040066,19.410013,18.198343,14.260206,17.272867,12.227935,16.628807,19.45803,14.304828,12.252019,12.981085,10.674635,14.427209,15.307447,19.889858,20.719877,25.335403,28.99825,29.976755,34.512352,35.977436,35.821674,33.190468,29.22944,25.294052,22.110334,21.498423,17.146616,13.90583,14.2033415,11.87782,12.225641,16.212814,17.492786,17.062498,17.365343,17.415888,18.719559,19.817904,24.26302,21.820047,26.068653,28.224325,27.7921,25.263676,26.05138,20.546728,22.38981,18.27116,20.145594
24,30.562721,27.37861,25.81372,23.65367,20.416409,24.739277,18.671034,22.24342,22.30745,22.28579,26.786295,29.131144,26.685331,24.250324,22.412508,17.99912,15.031478,11.867347,10.123314,6.6272225,5.295165,6.521836,7.097342,3.5645325,0.0,3.6358461,6.123808,8.998746,12.669266,13.981611,19.292675,20.071299,24.965364,26.926666,29.63304,31.984438,28.853086,28.376831,23.505482,20.13706,22.037178,16.86252,17.007105,13.472194,13.956309,9.83826,12.890055,14.446299,15.522485,17.360174,20.280504,21.548,26.526012,28.73854,30.153614,28.758448,29.396156,26.483765,23.495285,23.18277,19.532928,16.242376,15.454123,11.233969,14.693582,10.323035,14.547304,18.067728,13.197912,10.512483,10.35446,7.539234,11.277844,11.85281,16.590736,17.380445,22.099295,25.682226,26.910463,31.342623,32.966183,32.890972,30.313574,26.464169,22.47271,19.070198,18.789433,13.950799,11.244683,11.209986,9.524584,9.517363,13.1434355,14.991869,14.376401,15.615112,15.465574,17.078365,17.203018,21.860008,18.928936,23.286552,25.481783,24.71676,22.122225,22.639233,17.144606,18.834063,14.709588,16.69463
25,28.282164,24.808327,23.010353,21.284964,17.889816,21.932182,16.40475,19.69574,20.526264,20.717426,25.053722,28.217154,25.709826,22.868406,21.64178,17.16885,14.309335,11.796072,9.55442,7.747727,5.629302,8.481401,8.272847,3.9717917,3.6358461,0.0,5.4644184,7.2102313,11.040678,12.351029,17.257557,18.828362,22.924372,25.66331,27.896997,30.4676,27.336006,26.428717,21.647991,18.217957,19.439358,14.21249,14.081803,10.125792,10.510318,7.565111,10.200637,12.684619,14.196699,16.748077,19.822002,21.793055,26.511505,29.150755,30.44963,29.325323,29.609278,26.61012,23.185362,22.66967,18.863007,16.42883,15.7697,12.563089,16.170305,12.6730795,17.268847,20.3545,15.754575,13.342625,12.786899,9.521015,12.384231,12.834335,17.199873,17.815163,22.189795,26.069664,26.597498,31.255747,32.690613,32.727505,30.355564,26.498184,22.768215,19.622808,19.626888,15.353904,12.99323,13.84674,12.586289,12.965198,16.249966,18.205236,17.16143,18.543772,17.504307,18.227245,18.906643,22.535452,19.91893,23.796629,25.656921,25.162317,22.93393,23.456505,18.387867,20.471624,16.592657,18.977833
26,28.095896,24.828032,22.699917,19.96786,16.536467,20.148802,13.732176,16.679571,16.329607,16.166786,20.690557,23.122145,20.785618,18.305965,16.943024,12.259995,9.836857,6.821353,7.863647,5.4326997,7.6735797,10.027358,11.908399,8.556747,6.123808,5.4644184,0.0,4.1201496,6.6898727,9.059225,13.537986,15.205271,19.757898,21.744059,24.548279,27.150938,24.613691,24.157003,19.467688,16.164326,17.595398,13.512618,12.379923,10.183067,10.771011,5.2086587,11.0931015,12.038984,14.956923,15.875456,19.869982,20.596338,25.620113,28.799904,29.032955,27.435314,27.379692,23.89391,20.836618,19.546947,16.867416,12.983886,14.347368,11.405756,15.931637,14.116523,18.000156,22.021374,17.923092,14.857056,13.000311,8.954834,10.627821,8.970187,13.794286,13.076862,17.862127,20.990934,21.721367,26.286951,27.500105,27.357136,24.90725,21.06162,17.332832,14.19936,14.496149,10.442016,9.043032,10.681594,10.918054,11.876334,13.840257,16.059166,14.170396,16.760466,14.425383,14.719809,14.568043,17.574652,14.735719,18.431828,20.235666,19.716719,17.565666,18.404316,13.398998,16.14063,12.882811,16.101044
27,28.70854,25.08672,22.437359,20.137682,16.458544,18.951254,13.305926,14.5308,14.970227,14.343307,18.46883,21.807047,18.751062,15.807239,14.597585,10.269694,7.474674,6.1582017,5.7208962,6.527939,8.159638,11.175246,12.966108,10.239711,8.998746,7.2102313,4.1201496,0.0,4.5068283,5.326601,10.405159,11.855551,16.055393,18.542318,20.93908,23.581932,20.87705,20.186117,15.503099,12.159544,13.557639,9.496047,8.823036,7.283443,9.021785,5.6733556,11.95903,13.753054,17.25489,18.568995,22.713587,23.77407,28.583092,32.107174,32.077526,30.570944,30.162243,26.495626,23.263668,21.477823,19.189352,15.709321,17.69333,15.345494,19.880146,18.046947,22.056883,25.968443,21.69311,18.72788,17.091171,13.05599,14.463458,12.2835045,16.796589,15.122631,19.71733,22.213459,22.421005,27.037167,27.58592,27.093693,24.536455,20.527521,17.121283,14.767195,14.557667,12.227852,10.466024,13.28977,13.395749,15.257021,17.124016,18.678942,16.387096,18.446703,15.103869,14.1023655,15.3583555,16.940226,15.20942,18.208273,19.720226,20.058325,18.29828,20.040186,15.379742,18.887205,16.218071,19.760574
28,27.193996,23.776701,20.89413,18.012863,14.496553,16.261326,10.427939,10.973444,10.599108,9.893068,14.186205,17.469307,14.84886,11.929915,11.612565,6.924064,5.8711815,5.6248455,8.978675,9.708423,12.548169,15.262836,17.37659,14.439071,12.669266,11.040678,6.6898727,4.5068283,0.0,4.922487,6.9417453,10.276797,13.684071,16.083895,18.651335,21.585253,19.7652,19.162012,14.969058,12.02381,12.505055,10.532846,7.7779026,8.559668,9.601388,5.962763,12.597326,13.300799,17.6179,17.977514,22.535797,23.033665,27.663843,31.683636,30.830908,29.208986,28.345364,24.418411,21.348698,18.906487,17.627224,14.035685,17.356123,16.05645,20.72377,20.353336,24.020174,28.10795,24.398937,21.298399,18.886528,14.727553,14.843912,11.681315,15.351362,12.65713,16.76307,18.823946,18.510908,23.129303,23.41982,23.011444,20.739433,16.920605,13.982204,12.041912,12.783648,11.425771,11.46058,14.534935,15.777917,17.491135,18.341082,20.275492,17.541182,20.516544,16.366892,14.76341,15.137406,15.108862,13.369439,15.402718,16.36906,16.7474,15.580639,17.238401,13.6193075,17.467361,15.717932,19.639286
29,31.161263,27.452028,24.304113,22.051554,18.421953,19.302826,14.563958,13.184504,13.61924,11.879605,15.216754,18.937643,14.891523,11.744562,10.2902775,7.050049,4.2684913,6.3403635,6.4138756,9.645167,11.872543,14.514292,16.761412,14.942326,13.981611,12.351029,9.059225,5.326601,4.922487,0.0,6.7659135,6.630996,11.070439,13.34169,15.685357,18.25778,15.67001,15.163123,10.597266,7.491317,9.545516,7.171045,7.2497897,8.659144,11.29993,9.73886,15.984452,17.63351,21.70115,22.620459,27.040556,27.758472,32.458763,36.344925,35.68407,34.02078,33.23143,29.286581,26.268213,23.787085,22.503828,18.757742,21.89703,19.941778,24.624592,23.135214,26.88739,31.05462,26.768358,23.69052,21.948149,17.899233,18.87617,15.700529,19.919092,16.851835,21.253805,22.343231,22.292519,26.641554,26.235899,25.0949,22.294329,18.187895,15.329093,14.219258,13.301498,13.4737015,11.945994,15.764006,16.278595,18.964941,20.170715,21.034143,18.197037,20.029444,15.380716,12.743346,15.171398,14.566966,14.403694,16.252699,17.37432,18.847311,17.6097,20.625385,16.551907,20.873026,19.16375,23.080711
30,28.558287,25.056156,21.550371,19.164085,15.993537,15.041473,11.730418,7.7012053,8.297442,6.35115,8.863946,14.065134,10.67228,6.802788,8.711302,6.5152807,7.79719,10.577738,13.165938,15.678633,18.173613,20.997473,23.043108,20.542624,19.292675,17.257557,13.537986,10.405159,6.9417453,6.7659135,0.0,7.48682,7.4353337,11.03022,12.641002,16.004194,15.118731,14.144531,11.146492,9.358579,8.034909,9.941554,6.523215,10.751987,12.185341,11.819357,17.050827,17.908852,22.621334,22.903465,27.50174,28.044376,32.15793,36.673824,35.124657,33.602566,32.12654,28.05557,25.086742,21.928265,21.76785,18.958944,23.012236,22.568731,27.153841,27.247555,30.898973,34.951492,31.313698,28.237356,25.749912,21.594336,21.249878,17.749998,20.46523,16.802948,19.744736,20.459562,19.020786,23.239054,22.247446,21.37791,19.406755,15.957479,14.529362,14.488558,15.079192,16.342577,16.764769,20.410755,21.83625,24.042654,24.494877,25.981958,22.886223,25.626827,20.525265,17.490395,18.791883,15.927374,16.004578,15.950086,15.777771,17.492113,17.523605,20.011398,17.89681,22.168924,21.457788,25.548117
31,35.739594,32.14328,28.70434,26.34616,22.995161,22.479036,18.683163,15.153026,14.890331,11.83164,13.446373,16.615389,11.234042,8.661167,6.0247707,6.7682705,6.1107554,10.106764,11.029198,14.622386,17.407827,19.392246,22.125786,21.05804,20.071299,18.828362,15.205271,11.855551,10.276797,6.630996,7.48682,0.0,7.1033278,7.011292,9.979622,12.060377,9.962555,10.557477,6.94107,5.8882394,9.124535,10.2422905,11.115622,14.29718,17.030405,15.953372,22.17713,23.428051,27.80534,28.153446,32.7769,32.912483,37.553616,41.668797,40.3438,38.420044,37.34312,33.1833,30.621174,27.556509,27.371572,23.169064,27.298481,25.505892,30.267672,29.060122,32.406948,36.910805,32.651836,29.434607,27.59899,23.64397,24.319813,20.344955,24.22706,19.961235,24.031727,23.24259,23.231558,26.889011,25.305689,23.202623,20.03785,16.065815,14.2113905,14.895844,13.011208,16.07393,14.99229,19.221292,20.158833,23.43932,23.860344,23.945127,20.725935,22.264063,16.619673,12.484648,15.798234,12.394266,14.506658,14.636646,15.218801,18.144205,17.568937,22.005228,18.780283,23.60607,22.97379,27.049688
32,34.415188,30.778177,27.00112,25.363192,22.398973,20.046688,18.565504,12.797331,14.058915,11.406137,10.771555,16.120983,11.310138,8.065776,9.552514,11.046134,11.998456,15.849337,16.69215,20.53129,22.5588,25.163418,27.224863,25.644081,24.965364,22.924372,19.757898,16.055393,13.684071,11.070439,7.4353337,7.1033278,0.0,6.4773235,5.6602707,9.166109,8.702687,7.434748,6.6882477,7.5526114,6.187721,11.296104,10.804628,15.419116,17.678528,18.703154,23.646269,25.077099,29.70247,30.28747,34.830944,35.47058,39.517185,44.08951,42.418674,40.86134,39.255898,35.13895,32.312706,28.965382,29.119812,26.249527,30.41871,29.68525,34.34221,33.838097,37.52479,41.687984,37.66458,34.577454,32.464878,28.330599,28.40665,24.71295,27.669186,23.530846,26.415207,25.861393,24.433462,27.970839,25.829006,24.04321,21.84698,18.700163,18.212345,19.472073,18.799845,21.814716,21.493767,25.592934,26.6602,29.585426,30.069626,30.663763,27.431873,29.268225,23.672262,19.56685,22.429447,18.064062,20.106565,19.035103,18.479485,21.546555,21.962156,25.66348,23.706736,28.346874,27.973864,32.12499
33,39.071774,35.71226,32.086105,29.698929,26.80424,24.941643,22.385107,17.318197,16.569714,13.058498,12.188727,14.620783,8.860014,7.8178024,6.708044,10.805159,12.228131,16.156393,17.99742,21.365536,24.409435,26.26325,29.10295,28.042904,26.926666,25.66331,21.744059,18.542318,16.083895,13.34169,11.03022,7.011292,6.4773235,0.0,4.8712754,6.403564,7.450935,9.184692,9.092476,10.562599,12.033901,15.766994,15.949114,20.114378,22.516764,21.887712,27.803308,28.616028,33.28662,33.12048,37.85925,37.58868,41.932987,46.36902,44.31323,42.295544,40.804005,36.547962,34.36578,30.806234,31.659586,27.60687,32.46482,31.262552,36.003857,35.4929,38.601334,43.241676,39.231846,35.937855,33.788887,29.843842,29.946068,25.56236,28.682377,23.740757,26.902222,24.70372,24.224606,27.02371,24.265265,21.49445,18.601648,15.537399,15.512744,17.794256,16.192682,20.83146,20.717903,24.852936,26.289976,29.580002,29.34395,29.296803,25.899803,27.621624,21.637463,17.119495,19.920101,14.222829,17.625397,15.680119,15.082643,19.004662,19.523912,24.368973,22.610748,27.445053,27.78919,31.908695
34,39.57963,36.07016,32.266083,30.55628,27.766949,25.04125,23.807545,17.803318,18.326279,15.265764,13.436606,17.313227,12.180038,10.552403,11.166533,14.539883,15.722747,19.748377,20.60101,24.544176,26.84231,29.044888,31.410482,30.33053,29.63304,27.896997,24.548279,20.93908,18.651335,15.685357,12.641002,9.979622,5.6602707,4.8712754,0.0,3.7149737,5.8834863,6.2828827,8.554942,11.030063,11.009705,16.014912,16.408373,20.882063,23.301168,24.031866,29.248222,30.519632,35.19274,35.49699,40.12607,40.38866,44.481583,49.08036,47.1013,45.346592,43.670666,39.474094,36.990818,33.43019,34.100075,30.795269,35.37073,34.466255,39.183216,38.597927,42.045338,46.447983,42.339756,39.158672,37.10094,33.03995,33.162724,29.095938,32.070305,27.418653,30.23461,28.513432,27.352596,30.216131,27.302647,24.796099,22.440145,19.744286,20.013285,22.16356,20.866344,25.082443,24.742205,28.938402,30.085995,33.359386,33.496418,33.541912,30.210524,31.699083,25.834738,21.275043,24.509674,19.07148,22.282244,20.363894,19.516497,23.319628,24.04454,28.492956,26.888865,31.671387,31.797972,35.954884
35,43.2857,39.76852,35.96656,34.227825,31.40334,28.755306,27.368227,21.487646,21.745209,18.516438,16.635706,19.58504,14.340068,13.453803,13.102157,17.038008,17.972902,21.983412,22.50026,26.534187,28.855654,30.755438,33.266132,32.612972,31.984438,30.4676,27.150938,23.581932,21.585253,18.25778,16.004194,12.060377,9.166109,6.403564,3.7149737,0.0,5.0371127,7.019872,10.159055,13.095056,14.009156,18.567417,19.687302,23.932945,26.57003,27.113026,32.560482,33.87812,38.51367,38.78052,43.443012,43.54871,47.767418,52.291374,50.292717,48.407547,46.802315,42.570103,40.237812,36.65378,37.40923,33.753017,38.41669,37.21977,41.970604,41.102737,44.418087,48.950977,44.703804,41.493347,39.59752,35.615963,35.941128,31.735477,34.913445,30.076168,33.075726,30.826488,30.033384,32.59791,29.416466,26.496014,23.896276,21.335203,21.733452,24.172834,22.315624,27.03626,26.428547,30.643559,31.680279,35.20094,35.246586,34.842102,31.53233,32.603115,26.726917,21.99101,25.629105,19.965748,23.806805,21.73541,20.98078,25.096037,25.76776,30.689674,28.987625,33.836117,34.094803,38.210518
36,42.838108,39.04839,35.284325,33.788643,30.624413,28.61306,26.743334,21.429558,22.259504,19.133745,18.377848,21.93498,16.25762,14.529379,13.1747675,16.233257,16.022392,19.931221,19.024635,23.50184,25.204662,27.045412,29.330109,29.09304,28.853086,27.336006,24.613691,20.87705,19.7652,15.67001,15.118731,9.962555,8.702687,7.450935,5.8834863,5.0371127,0.0,3.84994,6.2192945,9.438466,11.654475,15.120899,17.561218,21.181734,24.239819,25.02897,30.482077,32.339306,36.725,37.52108,42.073547,42.56091,46.99713,51.285618,49.848816,48.02705,46.71036,42.52277,39.9098,36.633587,36.6676,32.928074,37.04881,35.3447,40.090015,38.465057,41.956654,46.3631,41.802887,38.70496,37.232098,33.306282,34.19109,30.30591,34.06603,29.61905,33.24804,31.691149,31.24073,34.31492,31.680916,28.939117,25.958723,22.746778,22.17914,23.934406,21.558807,25.651535,24.144432,28.403631,28.86522,32.55357,33.128952,32.462284,29.339838,29.794205,24.211174,19.518835,24.055847,19.53657,23.168821,22.156723,22.087696,25.959265,25.982943,30.965685,28.289074,33.18651,32.825504,36.87895
