,0,1,2,3,4,5,6,7,8,9,10,11,12,13,14,15,16,17,18,19,20,21,22,23,24,25,26,27,28,29,30,31,32,33,34,35,36,37,38,39,40,41,42,43,44,45,46,47,48,49,50,51,52,53,54,55,56,57,58,59,60,61,62,63,64,65,66,67,68,69,70,71,72,73,74,75,76,77,78,79,80,81,82,83,84,85,86,87,88,89,90,91,92,93,94,95,96,97,98,99,100,101,102,103,104,105,106,107,108,109,110
0,0.0,4.288186,6.712854,10.032469,12.570294,15.273615,18.392075,22.199379,25.868862,28.653309,33.48098,35.204872,36.13259,36.631428,34.37996,33.822395,32.922634,30.259409,32.881744,28.82218,31.674501,32.297142,33.436943,29.676348,28.201801,23.860239,22.571342,23.957588,21.962915,23.191864,22.562183,25.845177,26.531929,31.917631,29.68235,33.680305,34.602085,30.963902,31.201834,29.365656,24.909222,22.369402,20.833868,17.48137,19.699028,18.299124,17.751598,20.817228,23.18345,23.571133,23.942343,27.232029,28.113512,31.6176,30.223051,33.294113,30.574163,34.525658,35.74134,30.933676,29.152702,27.045048,26.0157,22.413885,26.029543,20.421154,21.813507,20.71755,25.317062,26.364553,24.142517,28.584272,27.09061,33.362957,33.177593,35.481445,38.547184,38.333317,41.28515,42.528694,42.56243,39.622276,36.092953,34.136124,31.550653,31.570084,28.031727,27.348616,24.242773,24.336107,20.94544,23.039057,26.248077,29.042965,26.726864,26.767593,26.554066,22.38725,24.240004,21.329021,25.01402,25.171577,26.024544,28.983332,28.229424,25.984558,29.53514,27.283497,28.506351,30.356558,31.020676
1,4.288186,0.0,5.264788,6.683388,9.008262,12.60587,14.833239,19.430475,22.532484,25.72748,30.251574,32.040085,32.956173,33.150772,30.926987,30.03022,29.13104,26.249645,28.8879,24.710228,27.53967,28.39327,29.430311,25.533836,24.371284,20.024445,18.654882,19.862566,17.682718,19.049799,18.497677,22.023563,23.330755,28.535164,26.774553,30.845993,31.958467,28.469608,28.19238,25.969603,21.99599,18.846054,17.34398,13.496849,15.763419,14.146598,14.010608,17.235094,19.745811,20.40929,20.7549,24.434992,25.602684,28.844341,27.252247,30.601254,27.693369,31.694525,32.94766,28.234907,26.151512,24.41963,22.844963,19.453678,22.930391,17.26432,19.108309,17.524067,22.175705,22.816952,20.132248,24.612822,23.048502,29.29691,29.165815,31.310448,34.47375,34.359306,37.34528,38.743233,38.756104,35.69144,32.40045,30.238804,27.551313,27.459867,23.855354,23.061115,19.982838,20.229685,17.01861,19.446236,22.879097,25.568773,23.21789,22.977339,22.571196,18.458675,20.17632,17.199146,21.273886,21.42695,22.74268,25.93153,25.197474,22.690546,26.41082,23.617712,25.178736,26.767014,27.735643
2,6.712854,5.264788,0.0,5.3273854,6.967908,8.914882,12.40293,15.612151,19.534208,22.054169,27.001139,28.81181,30.009804,30.687006,28.879648,28.43666,28.279245,25.686205,29.187506,25.480782,28.823074,30.076052,31.5509,27.475445,27.353907,23.103352,21.508017,21.822393,18.221792,18.954975,17.491302,20.665165,20.16354,25.788326,23.327095,27.203533,28.386227,24.871521,25.283741,23.791082,19.04172,17.29851,14.995618,12.714019,16.671183,15.883298,16.620144,20.433842,22.663614,23.123991,22.616192,26.480513,26.898045,29.733892,27.30228,30.127075,26.555088,30.394672,30.941833,26.063913,24.055965,23.123241,22.305489,19.464592,24.11507,18.940737,21.437286,20.292227,25.31201,25.153456,22.07944,25.958292,23.502943,30.025846,28.706017,31.126247,33.735912,33.06083,35.809696,36.8143,36.681927,33.963123,30.036158,28.427,26.217934,26.460617,23.518679,23.85245,21.339117,22.556395,20.01602,23.045425,26.729494,29.190357,26.721724,25.826185,24.749346,20.795353,21.164473,17.541124,20.960587,20.101313,21.018465,23.876648,22.484129,20.217073,23.182716,21.285072,22.111542,24.31294,24.893309
3,10.032469,6.683388,5.3273854,0.0,3.9428854,6.4314327,9.1497755,13.267555,16.327173,19.545885,24.062956,25.561205,26.319988,26.641657,24.42051,23.833069,23.226755,20.664488,23.934702,20.322094,23.783895,24.931675,26.724062,22.880575,23.183344,19.085518,18.13053,18.39884,13.871562,15.526426,13.532733,17.974028,18.074036,23.575172,21.99877,25.811773,27.644243,24.533464,24.143246,22.038027,18.240503,15.593408,12.804021,9.660383,14.324017,12.712164,14.52561,18.051874,20.667288,21.773031,21.545343,25.873604,26.93466,29.372978,26.777733,30.05389,26.21336,30.060085,30.567451,25.918537,23.344534,23.318571,21.544971,19.222498,23.301868,18.173721,21.102364,19.03282,23.66881,23.065128,18.999172,23.065098,20.543514,26.857182,25.665697,27.477015,30.336197,29.769781,32.484455,33.844547,33.369236,30.349636,26.760078,24.747707,22.6681,22.221113,19.742718,19.390827,17.192312,18.495558,16.378183,19.561691,23.487616,25.381737,22.702503,21.333618,19.934824,16.059355,15.986366,12.445429,15.703335,15.238558,16.32741,19.456495,18.525192,16.056658,19.900127,17.588572,19.394243,21.520803,22.949814
4,12.570294,9.008262,6.967908,3.9428854,0.0,5.4141507,5.847206,10.992223,13.588538,16.954117,21.286585,23.269768,24.542898,24.6746,23.095514,22.013948,22.179993,19.198181,23.098146,19.406498,22.848082,24.731274,26.116362,21.819267,22.799807,18.879213,17.157595,16.58282,11.794054,12.458144,10.535104,14.271071,14.5414505,19.89721,18.374483,22.32802,23.982643,20.874258,20.279438,18.129454,14.382353,11.71825,8.937824,6.2522235,11.629917,10.955957,13.158898,17.05627,19.215261,20.08848,19.245901,23.658304,24.360842,26.438799,23.439535,26.568405,22.498611,26.284328,26.675802,22.065725,19.428135,19.717236,17.995348,16.072918,20.555761,15.917023,19.277649,17.504728,22.287222,21.055653,17.013308,20.482315,17.505333,23.953255,22.260221,24.409796,27.017952,26.350067,29.09935,30.31982,30.085346,27.18736,23.548473,21.647438,19.380999,19.499813,16.72958,17.400827,15.377604,17.429325,15.875048,19.535458,23.424166,25.451544,23.03058,21.389215,19.677967,16.213497,15.486076,11.440076,15.384056,13.938663,15.90232,19.123455,17.525166,14.691454,17.74222,14.7629,16.186655,17.994764,19.212187
5,15.273615,12.60587,8.914882,6.4314327,5.4141507,0.0,6.067651,7.133168,11.225986,13.632106,18.600111,20.031805,21.121357,22.000624,20.423267,20.413935,20.970236,18.921507,23.326506,20.636995,24.588896,26.292027,28.55045,24.694513,26.412024,22.753685,21.655396,20.803705,14.712314,15.476921,12.056606,16.024452,13.368497,19.31926,17.212223,20.58878,22.906033,20.108528,20.26717,19.024181,14.854179,14.168438,10.076709,9.932913,16.211773,15.649606,18.356054,22.11382,24.30704,25.267673,24.193605,28.634388,29.022057,30.742733,27.183142,29.854729,25.213223,28.675909,28.19696,23.63938,20.987186,22.555696,21.426756,20.218891,25.152649,20.961763,24.484543,22.774815,27.458803,25.881466,21.40827,24.45186,20.919653,27.127832,24.394302,26.286324,28.33671,27.01749,29.305653,30.219072,29.399878,26.820929,22.481821,21.20634,20.01845,19.852627,18.740595,19.886677,18.782972,21.247694,20.22427,23.853664,27.854944,29.34289,26.672552,24.531418,22.32808,19.105713,17.103746,13.109355,14.914247,12.712112,13.2911215,15.859984,13.821202,11.640578,14.363902,13.425748,14.400204,17.479046,18.721506
6,18.392075,14.833239,12.40293,9.1497755,5.847206,6.067651,0.0,6.891794,7.9580493,11.740429,15.6044035,17.80976,19.420118,19.35483,18.459723,17.07323,18.283773,15.276199,20.111542,17.071848,20.730911,23.336393,24.849957,20.533861,22.997053,19.742573,18.010387,16.243692,9.989683,9.780153,6.3277764,10.048785,9.232171,14.537562,13.579844,17.309624,19.539291,16.99611,15.88561,13.741131,10.839798,8.894228,4.75735,5.2691116,11.705789,11.892132,15.175024,18.801699,20.52128,21.490019,20.033978,24.560503,25.00874,26.145597,22.346949,25.193918,20.468576,23.862999,23.564669,19.331758,16.275211,18.411377,16.573177,16.12806,20.672157,17.277727,21.154509,19.377779,23.720968,21.383926,16.759258,19.070232,15.196726,21.27525,18.326824,20.322084,22.38909,21.260788,23.769339,24.880842,24.409697,21.629717,17.759531,16.052876,14.2522545,14.545802,12.839258,14.884256,14.101759,17.308912,17.140905,21.109907,24.938465,26.4151,24.128828,21.713844,19.248238,16.711308,14.189394,9.93724,13.134738,10.1217785,12.828445,15.867552,13.520365,10.397185,12.521352,9.020061,10.456827,12.388086,14.051855
7,22.199379,19.430475,15.612151,13.267555,10.992223,7.133168,6.891794,0.0,5.4418964,6.5461526,11.78415,13.428434,15.271249,16.477434,16.217567,16.395006,18.652536,17.06266,22.462553,20.831627,24.850298,27.273205,29.609894,25.826996,28.93269,25.93867,24.66478,22.734219,15.942216,15.602326,11.393867,13.945008,8.13877,13.959167,11.822413,14.405122,17.520119,15.551738,15.816391,15.468596,12.032614,13.476964,8.971278,12.0781,18.36095,18.746874,22.056995,25.679258,27.34846,28.219494,26.451614,30.834736,30.729994,31.498095,27.123707,29.169764,23.91955,26.725462,25.217176,21.216108,18.463991,22.003393,21.269323,21.518772,26.617584,23.71666,27.628036,26.15874,30.526722,27.966267,23.303675,25.027075,20.741972,26.25628,22.011309,23.799562,24.823448,22.730343,24.443796,24.879148,23.705383,21.682217,16.700119,16.362738,16.345573,16.617405,17.203117,19.958447,20.11532,23.536858,23.696138,27.575174,31.455938,32.529285,30.064383,27.28225,24.442842,22.188803,18.637913,14.816754,15.33963,11.310222,11.987495,13.633516,10.039842,8.215359,8.041824,8.735974,8.301548,12.381439,13.562087
8,25.868862,22.532484,19.534208,16.327173,13.588538,11.225986,7.9580493,5.4418964,0.0,4.697552,7.7814713,9.903898,12.049768,12.243352,12.73515,11.846509,15.038294,13.199395,18.971859,17.802683,21.566206,24.535131,26.619995,22.965866,26.936434,24.590923,23.380611,20.853447,13.987014,13.306178,8.977596,11.054969,5.914373,10.297712,10.185877,12.356469,16.03529,14.966734,13.786582,12.776143,11.637309,12.445853,8.642355,12.135134,17.573017,18.160421,21.890965,25.013046,26.394285,27.45254,25.599033,29.956131,30.070803,30.189121,25.671164,27.799706,22.52327,24.988998,23.392864,20.08571,16.965862,21.483576,20.079937,21.225462,25.554184,23.483822,27.509354,25.80542,29.5559,26.39008,21.489576,22.394001,17.961275,22.636805,17.942074,19.213175,19.95735,17.737024,19.302824,19.977121,18.567842,16.340382,11.560064,10.9978,11.503008,11.633423,13.3916,16.727919,17.815083,21.662378,22.755707,26.611906,30.260817,30.924871,28.716757,25.565834,22.414135,21.03352,16.711502,13.398956,13.630028,8.887331,10.910263,12.536237,8.892061,6.538378,5.0509653,3.537104,4.136884,7.961165,10.430817
9,28.653309,25.72748,22.054169,19.545885,16.954117,13.632106,11.740429,6.5461526,4.697552,0.0,5.5667577,7.6184244,10.655224,12.0295315,13.640306,13.869732,17.775692,16.816284,22.574865,22.043022,25.792194,28.695776,30.982107,27.491737,31.602098,29.284813,28.015835,25.400124,18.663816,17.639889,13.563626,14.4611635,6.99059,10.611765,9.380338,10.153855,14.330405,13.86394,13.848853,14.382934,12.854007,15.58196,11.948872,16.241037,21.725729,22.62,26.19532,29.485338,30.74083,31.588743,29.445398,33.639526,33.274254,33.19676,28.370235,29.867764,24.398874,26.40882,24.033968,20.98891,18.308947,23.40624,22.856163,24.295837,29.049109,27.272093,31.298681,29.94637,33.842007,30.59915,25.945026,26.510681,21.940884,26.335583,20.98751,22.38564,22.294878,19.482056,20.397972,20.33163,18.653858,17.356426,11.901856,12.860474,14.420637,15.013687,17.430481,21.214706,22.448301,26.343925,27.41352,31.289145,34.948307,35.610912,33.381947,30.189413,26.986385,25.630392,21.185406,17.980696,17.480663,12.753861,13.504351,13.995284,9.737858,8.952868,4.0622435,7.396968,4.92121,9.498468,10.718792
10,33.48098,30.251574,27.001139,24.062956,21.286585,18.600111,15.6044035,11.78415,7.7814713,5.5667577,0.0,4.1997204,8.295267,8.699776,12.170796,11.742002,16.770678,16.173563,21.774624,22.075895,25.339825,28.596355,30.657228,27.531502,32.352074,30.706717,29.546652,26.505543,20.166912,18.868456,15.286851,15.202299,9.20362,9.352975,10.442777,9.594221,14.152315,15.0851345,14.004297,14.4938135,15.217014,17.681553,15.0108595,19.270128,23.831612,24.903458,28.632902,31.456026,32.403435,33.334774,31.099491,35.105427,34.800976,34.05909,29.144487,30.439716,25.100897,26.492567,23.807646,21.779621,19.108315,24.999775,24.155262,26.39204,30.425024,29.50216,33.51187,32.08734,35.39214,31.678022,27.06076,26.72969,22.23681,25.38052,19.55189,20.276093,19.338123,16.117704,16.26482,16.021217,13.7256,12.932692,7.561161,9.627823,12.654282,13.240292,17.119448,21.28617,23.362238,27.431055,29.251339,32.984512,36.353943,36.613064,34.655937,31.207159,27.823595,27.29728,22.384737,19.891012,18.89701,14.221913,15.421975,15.395898,11.655062,11.274948,5.6781917,8.101026,5.948367,8.40291,10.196399
11,35.204872,32.040085,28.81181,25.561205,23.269768,20.031805,17.80976,13.428434,9.903898,7.6184244,4.1997204,0.0,4.338739,5.9175735,9.559739,10.64176,15.448921,16.04543,21.21706,22.382973,25.734766,28.505098,31.180277,28.651657,33.57301,32.0908,31.548653,28.780483,22.067379,21.558338,17.583288,18.615673,12.915269,13.478982,14.506455,13.437239,18.04468,19.059675,18.201344,18.548752,19.101381,21.191994,18.13094,21.823664,26.679855,27.225855,31.149124,33.81304,35.050274,36.251587,34.310932,38.464153,38.452026,37.815857,33.013573,34.495613,29.185272,30.63112,27.97829,25.965387,23.24585,29.02606,27.966324,30.004837,33.908234,32.66536,36.68124,34.924137,38.13399,34.527542,29.536814,29.516682,25.191713,28.13104,22.64113,22.690691,21.894218,18.775194,18.543076,18.525522,15.464866,14.697276,10.169871,11.884914,15.432285,14.86862,19.636545,22.923182,25.272758,29.121534,31.00857,34.560524,37.97441,37.81685,35.687748,32.062267,28.569523,28.18608,22.961487,20.932554,18.6328,14.348631,14.390335,13.39753,10.081645,10.895471,5.700485,10.229248,9.53233,12.196706,14.375487
12,36.13259,32.956173,30.009804,26.319988,24.542898,21.121357,19.420118,15.271249,12.049768,10.655224,8.295267,4.338739,0.0,3.9325697,6.4066215,9.2318535,13.209977,15.008629,19.485506,21.458813,24.82023,27.010315,30.273811,28.401152,33.319782,32.04736,32.189743,29.768143,22.840902,23.19861,18.989954,21.175493,16.267794,17.257477,18.495798,17.735132,22.342674,23.18633,22.173817,22.023375,22.554749,23.89387,20.585121,23.471506,28.420874,28.363699,32.44477,34.84074,36.383293,37.90361,36.357315,40.66228,41.07887,40.604877,36.019367,37.86227,32.63369,34.273075,31.885094,29.77283,26.875257,32.4094,30.924883,32.69957,36.317642,34.711754,38.687813,36.51925,39.541523,36.09961,30.739313,31.103683,27.049973,29.808552,24.890726,24.271126,23.895725,21.103085,20.809513,21.281057,17.776865,16.621569,13.059445,13.947491,17.55174,15.83436,21.170122,23.374493,25.93729,29.456783,31.407188,34.69272,38.09449,37.484188,35.20851,31.452822,27.915827,27.721947,22.309683,20.889729,17.355446,13.797071,12.785731,10.901208,8.695609,10.502163,7.388604,12.066955,12.824856,15.457037,18.204876
13,36.631428,33.150772,30.687006,26.641657,24.6746,22.000624,19.35483,16.477434,12.243352,12.0295315,8.699776,5.9175735,3.9325697,0.0,5.1032987,6.110374,10.78232,12.403268,16.707314,18.929453,21.918356,24.380438,27.33872,25.62819,30.841625,29.97057,30.177834,27.609697,21.082047,21.44792,17.645557,19.681805,16.245056,16.39137,18.675123,18.146544,22.597523,23.546516,21.721008,20.93343,22.415104,22.996248,20.187008,22.718372,27.006378,26.93146,31.047688,33.08064,34.47522,36.09977,34.654053,38.86816,39.522312,38.827347,34.41038,36.432446,31.423126,32.990887,30.888277,29.074377,26.035255,31.55952,29.614058,31.597353,34.62928,33.35203,37.253357,34.94381,37.54761,33.94587,28.605536,28.634403,24.806973,26.93134,22.25214,21.11433,20.782417,18.221912,17.896242,18.830069,15.1913595,13.584993,10.990372,11.271924,15.068714,12.890144,18.753128,20.782686,23.729393,27.231005,29.585144,32.728626,35.907227,35.097294,33.03242,29.202782,25.637774,25.950113,20.445425,19.48552,16.133177,12.789587,12.8350935,11.583514,10.029093,10.913626,8.685575,11.108998,12.69866,14.248377,17.547527
14,34.37996,30.926987,28.879648,24.42051,23.095514,20.423267,18.459723,16.217567,12.73515,13.640306,12.170796,9.559739,6.4066215,5.1032987,0.0,5.014676,7.057371,9.878725,13.517823,16.07808,19.372803,21.04112,24.731152,23.492317,28.321724,27.385109,28.307394,26.334944,19.534424,21.025738,16.936989,20.572788,17.905975,19.328287,21.25907,21.560617,25.98204,26.27847,24.463522,23.075539,23.93667,23.573496,20.382635,21.793612,26.284454,25.436749,29.619137,31.45881,33.29886,35.246403,34.318325,38.737637,39.886288,39.65507,35.58193,38.12987,33.216553,35.27232,33.669518,31.34604,28.089493,32.971153,30.59358,31.964367,34.83319,32.845596,36.65042,33.90207,36.46932,33.280914,27.561352,28.425945,24.930103,27.451103,23.707232,22.304632,22.978455,21.017487,21.266712,22.750322,19.346592,17.000563,14.722302,13.812803,16.673265,13.440993,18.905993,19.461082,22.21794,25.224,27.335815,30.21002,33.472645,32.367603,30.036032,26.189394,22.66487,22.843693,17.346466,16.88252,12.320168,10.010688,8.947787,7.3383217,7.5584226,8.787433,9.635984,11.673635,14.641948,16.620363,20.312334
15,33.822395,30.03022,28.43666,23.833069,22.013948,20.413935,17.07323,16.395006,11.846509,13.869732,11.742002,10.64176,9.2318535,6.110374,5.014676,0.0,5.5244007,6.410467,10.784642,12.891201,15.813095,18.361622,21.240395,19.654015,24.889896,24.273134,24.85992,22.51915,16.279242,17.421732,13.982014,17.090984,16.196993,16.736395,19.616785,20.282528,24.350569,24.65462,22.02036,19.954811,21.806046,20.679508,18.23465,19.434462,23.025726,22.424131,26.5721,28.116352,29.640255,31.566305,30.593388,34.85649,36.119907,35.622433,31.702398,34.372757,29.726694,31.703182,30.449074,28.418259,25.075083,29.859987,27.075212,28.71914,31.004543,29.51247,33.240032,30.5058,32.689537,29.24414,23.681425,24.034233,20.68808,22.662926,19.094185,17.379066,18.237335,16.618937,17.168816,19.133802,16.083326,13.087857,11.722673,9.820075,12.381952,8.722952,14.572313,15.317841,18.468775,21.6717,24.252424,27.138493,30.169594,29.132586,27.130194,23.260838,19.69778,20.373678,14.857564,14.586623,11.329722,8.810306,10.27045,10.429995,10.149483,9.597518,10.447954,9.495491,13.100878,13.755729,17.8448
16,32.922634,29.13104,28.279245,23.226755,22.179993,20.970236,18.283773,18.652536,15.038294,17.775692,16.770678,15.448921,13.209977,10.78232,7.057371,5.5244007,0.0,4.6545258,6.489555,9.694846,12.661587,14.04117,17.874868,17.26133,22.05362,21.676908,23.333626,21.799393,15.818867,18.376297,15.142348,19.691057,19.934708,21.301933,23.920326,25.142345,29.103855,28.940731,26.277252,23.677492,25.106157,22.918324,20.40169,20.134377,23.44033,21.8745,25.967371,27.001795,28.977339,31.319979,31.050987,35.4041,37.311066,37.235466,33.85091,37.05673,32.70365,35.063957,34.37135,32.026268,28.55875,32.57755,29.2879,30.301937,32.08377,29.967024,33.445065,30.1758,32.031227,29.096872,23.2419,24.452642,21.816895,23.792452,21.63958,19.462734,21.342985,20.515469,21.44129,23.850576,21.011286,17.672226,16.919447,14.370597,15.811136,11.3971,16.130953,14.60878,17.575275,19.890589,22.341324,24.672102,27.615181,26.008314,23.792683,19.871944,16.39759,17.31754,11.927993,12.97855,8.253554,8.374186,9.077818,9.557345,11.39598,10.873657,14.1603775,12.887135,17.258158,18.057272,22.259409
17,30.259409,26.249645,25.686205,20.664488,19.198181,18.921507,15.276199,17.06266,13.199395,16.816284,16.173563,16.04543,15.008629,12.403268,9.878725,6.410467,4.6545258,0.0,5.856006,6.5303745,9.892978,12.505171,15.34792,13.624449,18.610485,18.034704,19.12772,17.296701,11.44201,13.888204,11.126481,15.658275,17.355011,18.678947,21.492146,23.286987,26.823168,26.347975,23.305748,20.181126,21.851433,18.945908,16.935686,16.278322,19.010614,17.610518,21.688232,22.712154,24.512604,26.784098,26.448057,30.76991,32.70845,32.64327,29.387896,32.74876,28.583569,31.07623,30.767612,28.364153,24.861868,28.489712,24.95013,25.928003,27.47117,25.483955,28.938799,25.724926,27.555935,24.503735,18.685034,19.836344,17.202257,19.42868,17.555304,15.6533165,18.088036,17.643291,19.208216,21.81599,19.680954,15.931443,15.259721,11.997463,12.276004,7.831936,11.662997,10.071633,13.090985,15.749789,18.372738,20.974226,23.952724,22.789288,20.730272,16.85427,13.290644,14.157804,8.712058,9.428325,6.8901477,6.5056176,9.633811,11.581504,12.355516,10.513078,13.900706,10.50111,15.20492,15.29548,19.529306
18,32.881744,28.8879,29.187506,23.934702,23.098146,23.326506,20.111542,22.462553,18.971859,22.574865,21.774624,21.21706,19.485506,16.707314,13.517823,10.784642,6.489555,5.856006,0.0,5.15602,6.6869445,7.805843,11.550495,11.903378,16.609638,17.12001,19.533813,18.52326,14.290652,17.57347,15.775805,20.411789,23.099398,24.192154,27.23676,29.037891,32.48978,32.02366,28.758785,25.311672,27.239128,23.637396,22.022375,20.339067,22.03146,19.898634,23.615446,23.655293,25.620428,28.29318,28.697517,32.80064,35.40795,35.42389,32.82125,36.52703,32.8676,35.379036,35.518612,33.299088,29.808771,32.91965,28.91391,29.613539,30.176899,28.132156,31.136845,27.466473,28.416307,25.792593,20.110489,21.518124,20.042456,21.159672,20.86962,18.065289,20.995707,21.324535,22.770748,25.78014,23.623753,19.81514,20.308687,16.89887,16.932444,12.350357,15.361465,11.574163,14.546821,15.803594,18.671257,20.224066,22.618826,20.423845,18.508175,14.588019,11.341591,13.499815,9.062317,12.005989,9.023337,11.280022,13.281254,14.848215,16.901863,15.536977,19.450686,16.335604,21.047434,20.83881,25.07901
19,28.82218,24.710228,25.480782,20.322094,19.406498,20.636995,17.071848,20.831627,17.802683,22.043022,22.075895,22.382973,21.458813,18.929453,16.07808,12.891201,9.694846,6.5303745,5.15602,0.0,4.300331,6.8465414,9.343778,7.839308,12.369753,12.284753,14.430949,13.575963,9.727628,13.495557,12.435951,17.346107,21.27459,22.831411,25.578611,28.042702,31.034462,30.048542,26.715519,22.863825,24.471651,20.067263,18.872854,16.290068,17.323563,14.9345255,18.531958,18.515135,20.573496,23.28438,23.861517,28.010632,30.776823,31.113756,28.804117,32.77622,29.368484,32.189735,32.825848,30.310684,26.85079,29.177074,24.959333,25.226135,25.591171,23.250208,26.141594,22.385271,23.431028,20.996758,15.221404,17.25225,16.03003,17.91313,18.357355,16.246073,19.909008,20.621412,22.766584,25.776922,24.355127,20.340284,20.440527,16.683105,15.402783,11.452475,12.242773,7.30265,9.636826,10.754986,13.55624,15.365151,18.0211,16.419132,14.399554,10.472726,6.95648,8.857082,4.662927,7.99166,7.8300285,10.267572,13.479087,16.122267,17.53377,15.297456,19.587442,15.222424,19.949606,19.478144,23.475466
20,31.674501,27.53967,28.823074,23.783895,22.848082,24.588896,20.730911,24.850298,21.566206,25.792194,25.339825,25.734766,24.82023,21.918356,19.372803,15.813095,12.661587,9.892978,6.6869445,4.300331,0.0,4.7966228,5.466531,5.4866633,10.423015,11.847114,14.394685,13.747555,12.177692,15.516165,15.569334,19.589739,24.530083,25.381926,28.584047,30.987522,33.73942,32.896065,29.181519,25.056688,27.32134,22.516764,22.025908,19.22157,18.943886,16.607586,19.66871,18.729288,20.441587,23.279833,24.225998,27.959635,31.116713,31.228287,29.448301,33.54379,30.681879,33.31728,34.327225,32.223217,28.859919,30.873953,26.32753,26.701458,26.039238,24.240753,26.702406,22.850023,22.905872,20.543549,15.335203,16.835426,16.665293,17.098234,18.808626,16.023746,19.949032,21.34741,23.463758,26.75668,25.592184,21.556074,22.673899,18.769148,17.234577,13.475118,13.761974,8.144842,10.5361595,10.606375,13.992275,14.8951435,16.673975,14.383814,13.053972,9.317254,6.545697,10.115322,8.014682,11.61283,12.042383,14.482396,17.685183,20.129395,21.638002,19.4622,23.402758,18.71782,23.287502,22.157896,26.09254
21,32.297142,28.39327,30.076052,24.931675,24.731274,26.292027,23.336393,27.273205,24.535131,28.695776,28.596355,28.505098,27.010315,24.380438,21.04112,18.361622,14.04117,12.505171,7.805843,6.8465414,4.7966228,0.0,5.4930835,8.2856,10.90918,12.546251,16.394663,16.837772,15.31836,19.314226,18.966368,23.711622,28.10751,29.517422,32.400284,34.839138,37.794857,36.8126,33.358574,29.333607,31.06739,26.251295,25.346973,22.075775,22.119383,19.13886,21.942152,20.718609,22.882673,25.926657,27.396235,31.107674,34.560726,35.049072,33.541973,37.780895,34.95872,37.767124,38.828724,36.483627,33.095192,34.86803,30.339573,30.262474,29.60129,27.225311,29.436138,25.323853,25.246983,23.601921,18.517485,20.771542,20.896774,21.581038,23.553589,20.81454,24.695887,26.001585,27.979471,31.252493,29.799038,25.806633,26.697039,22.910423,21.677656,17.693932,18.203735,12.357076,13.912482,12.904515,15.430211,15.439746,16.9904,13.862133,12.167339,8.689949,6.81479,10.284464,9.319428,13.564763,12.82285,16.463053,18.632215,20.830452,23.147528,21.353893,25.991161,22.02585,26.775892,26.198488,30.194607
22,33.436943,29.430311,31.5509,26.724062,26.116362,28.55045,24.849957,29.609894,26.619995,30.982107,30.657228,31.180277,30.273811,27.33872,24.731152,21.240395,17.874868,15.34792,11.550495,9.343778,5.466531,5.4930835,0.0,5.329475,7.6515794,10.831034,14.168743,14.567413,15.491573,18.768261,19.77521,23.411922,29.21541,29.97604,33.191685,35.80028,38.23697,37.230453,33.36769,28.992912,31.327112,25.966658,26.029387,22.529432,20.985687,18.36378,20.50898,18.444872,19.997532,23.001333,24.70987,27.897915,31.64272,31.908691,31.014782,35.348667,33.21501,35.864555,37.46168,35.4983,32.293396,33.483734,28.662699,28.66177,26.908817,25.23571,26.972437,22.955847,21.887642,20.252617,16.031292,17.666294,18.884865,18.413342,21.752829,18.923357,23.128885,25.15626,27.387465,30.80451,30.024435,26.026043,27.60797,23.640139,21.652151,18.357656,17.528345,11.509182,12.699447,10.936842,14.019625,13.403523,13.925341,10.662845,10.236086,7.5249505,6.977069,11.193127,11.700007,15.465361,16.631252,19.547657,22.609982,25.133326,26.851145,24.621614,28.744473,23.826218,28.290018,26.87897,30.608011
23,29.676348,25.533836,27.475445,22.880575,21.819267,24.694513,20.533861,25.826996,22.965866,27.491737,27.531502,28.651657,28.401152,25.62819,23.492317,19.654015,17.26133,13.624449,11.903378,7.839308,5.4866633,8.2856,5.329475,0.0,5.8964467,7.695176,9.667244,9.372434,10.735108,13.67913,15.285923,18.561785,24.912397,25.798384,28.79622,31.69468,33.815655,32.57249,28.730501,24.255379,26.449444,20.867825,21.278812,17.69685,15.730753,13.385545,15.660544,13.976369,15.4242325,18.33148,19.692049,23.141703,26.666534,27.003187,25.901367,30.270533,28.059544,30.856586,32.560375,30.42301,27.260971,28.20389,23.38587,23.33998,21.802465,20.10105,22.090494,18.17925,17.654839,15.563744,10.870665,12.738913,13.742304,14.177318,17.4396,15.39151,19.873701,21.84829,24.504314,27.742796,27.401258,23.374687,24.44501,20.444218,17.763214,15.144448,12.949305,6.8376927,7.485654,6.142627,9.880534,10.437767,11.824435,10.232268,9.539536,6.5686812,5.1559343,8.587772,9.131344,11.90787,14.829252,16.901396,20.707321,23.68699,24.651752,21.960238,25.78647,20.240215,24.427275,22.822027,26.27654
24,28.201801,24.371284,27.353907,23.183344,22.799807,26.412024,22.997053,28.93269,26.936434,31.602098,32.352074,33.57301,33.319782,30.841625,28.321724,24.889896,22.05362,18.610485,16.609638,12.369753,10.423015,10.90918,7.6515794,5.8964467,0.0,4.349533,7.8823996,10.015149,13.474234,16.628706,18.70029,22.131876,28.718258,30.219639,32.675503,35.972214,37.79859,36.091423,32.502693,27.976023,29.44725,23.42585,24.04376,19.484152,16.638552,13.623766,14.550209,11.71154,13.540413,16.68362,19.152199,22.171919,26.302307,27.371056,27.224842,31.86016,30.275848,33.356735,35.6309,33.201538,30.246195,30.00411,25.170319,24.179808,21.987602,19.619337,20.721983,16.537407,15.272695,14.764919,11.298174,14.458647,16.547787,17.444574,21.677671,20.302917,24.906837,27.05012,29.909807,33.054222,32.982113,28.981312,29.73142,25.775549,22.73085,20.52292,17.356655,11.500562,10.075619,6.215917,7.8436885,6.0541573,6.395053,4.4326544,4.2350883,3.849639,6.1527357,8.271413,11.918715,14.48882,18.051697,20.745073,24.168287,27.368494,28.542963,25.777895,30.123594,24.634052,28.704445,27.350676,30.482317
25,23.860239,20.024445,23.103352,19.085518,18.879213,22.753685,19.742573,25.93867,24.590923,29.284813,30.706717,32.0908,32.04736,29.97057,27.385109,24.273134,21.676908,18.034704,17.12001,12.284753,11.847114,12.546251,10.831034,7.695176,4.349533,0.0,5.0597973,8.11556,10.947056,14.375957,16.254675,20.11262,26.3063,28.516178,30.374886,33.93293,35.691704,33.64298,30.437761,26.065048,26.732386,20.713482,21.079062,16.096525,13.602721,10.074307,11.004947,8.789091,11.458925,14.61705,17.010847,20.505514,24.403036,25.972752,25.563438,30.21826,28.343163,31.732727,33.93399,31.025656,28.082823,27.554838,22.951925,21.454617,20.05894,16.762411,18.121199,13.801493,13.77109,13.538854,9.48419,13.8838,15.287046,17.804419,21.286451,20.720299,25.262682,27.001326,30.031986,32.923267,32.879993,28.914831,28.851856,25.042788,21.83685,19.946903,16.266994,10.893089,8.297028,4.260729,3.8693202,3.1098638,6.1879406,6.6897507,4.845861,4.47022,6.0398016,5.5906024,10.24808,11.870807,16.29959,18.791348,22.151571,25.591076,26.49707,23.587717,28.09577,22.713778,26.611034,25.6897,28.60067
26,22.571342,18.654882,21.508017,18.13053,17.157595,21.655396,18.010387,24.66478,23.380611,28.015835,29.546652,31.548653,32.189743,30.177834,28.307394,24.85992,23.333626,19.12772,19.533813,14.430949,14.394685,16.394663,14.168743,9.667244,7.8823996,5.0597973,0.0,4.1488,9.537276,11.465822,14.512515,17.06476,23.986069,25.954355,27.638128,31.394001,32.602043,30.38188,27.141607,22.72366,23.41019,17.150194,18.381819,13.482685,9.409849,6.6709595,6.7600636,4.3774886,6.737976,9.820639,11.962506,15.602582,19.371222,20.99689,20.669012,25.350077,23.746227,27.18162,29.683863,26.804344,24.084335,22.946184,18.32068,16.684278,15.014155,11.862023,13.293356,9.048186,9.507063,8.815359,4.9795423,9.927634,11.564375,14.77041,18.330015,18.715006,23.128038,24.913576,28.188913,30.82119,31.354551,27.585281,27.341566,23.713837,19.92917,19.119057,14.125141,10.313841,6.6518316,3.815252,2.7099633,4.919143,7.5227585,10.101194,9.418534,9.300793,9.850987,8.883482,12.285707,12.36246,18.01891,19.318533,23.25357,26.856207,26.953613,23.734516,27.491474,21.599585,24.854153,23.501856,25.862793
27,23.957588,19.862566,21.822393,18.39884,16.58282,20.803705,16.243692,22.734219,20.853447,25.400124,26.505543,28.780483,29.768143,27.609697,26.334944,22.51915,21.799393,17.296701,18.52326,13.575963,13.747555,16.837772,14.567413,9.372434,10.015149,8.11556,4.1488,0.0,7.4723763,8.110492,11.883796,13.45307,20.934061,22.301395,24.336376,27.96281,29.072697,27.082748,23.541574,19.003853,20.358356,14.097476,15.798712,11.679328,7.184604,5.9459634,7.256854,6.4883146,7.327621,9.788607,10.582627,14.551421,17.779999,18.723886,17.711311,22.301483,20.393139,23.67066,26.002253,23.368055,20.561941,19.9893,15.17589,14.352747,12.884812,10.7379265,12.979189,9.344519,10.263839,7.6198893,1.754138,6.3638587,7.4594994,11.027949,14.196322,14.845957,19.152708,20.91677,24.245039,26.807423,27.535572,23.862202,23.744795,20.174578,16.178307,15.872955,10.374825,7.7051377,4.231821,4.4651275,6.0162063,8.905748,11.149482,13.16429,12.63404,11.5222225,10.935757,10.554112,12.106412,11.596155,17.398695,17.785006,22.195831,25.720022,25.336626,22.020496,25.069468,18.814394,21.806503,19.96637,22.261374
28,21.962915,17.682718,18.221792,13.871562,11.794054,14.712314,9.989683,15.942216,13.987014,18.663816,20.166912,22.067379,22.840902,21.082047,19.534424,16.279242,15.818867,11.44201,14.290652,9.727628,12.177692,15.31836,15.491573,10.735108,13.474234,10.947056,9.537276,7.4723763,0.0,4.8136954,5.3225403,10.001264,15.401389,17.878136,19.570114,23.056437,25.080013,23.19024,20.11767,16.04049,16.585121,11.226417,10.794341,7.137487,7.8834033,6.2406425,10.343307,12.0395355,13.8590145,15.890077,15.623246,20.180672,22.296204,23.125637,20.532415,24.549314,21.04783,24.401077,25.443943,22.230133,18.917307,20.183138,16.12039,15.804327,17.181509,14.271265,17.676933,14.48341,17.117287,14.465421,8.631584,11.523192,9.109044,14.154606,13.999292,14.553874,18.25696,18.768026,21.783558,24.125921,23.936277,20.213675,18.868612,15.440402,12.280046,11.140661,7.3882136,5.6426167,4.233017,7.74689,9.100658,12.893856,16.346743,17.303959,15.462278,12.845453,10.439575,9.092108,7.409186,5.006089,10.883575,10.476081,14.926008,18.461111,17.892515,14.56608,17.96961,12.130331,15.710733,14.999727,17.938152
29,23.191864,19.049799,18.954975,15.526426,12.458144,15.476921,9.780153,15.602326,13.306178,17.639889,18.868456,21.558338,23.19861,21.44792,21.025738,17.421732,18.376297,13.888204,17.57347,13.495557,15.516165,19.314226,18.768261,13.67913,16.628706,14.375957,11.465822,8.110492,4.8136954,0.0,4.8151646,5.7615404,12.838244,14.526637,16.3354,19.958708,21.369677,19.470905,16.064844,11.737237,12.919695,7.2007422,8.328847,6.328059,5.917423,7.198724,10.567951,12.837021,13.550964,14.757277,13.319915,17.749815,19.090591,19.43331,16.25043,20.022509,16.326447,19.609127,20.668781,17.582548,14.300291,15.726177,11.650976,12.1169195,13.957948,12.139322,15.895244,13.656449,16.58625,13.156448,8.378586,9.478931,5.6355834,11.6804695,10.410488,12.306457,15.502353,15.898178,19.14011,21.126284,21.628916,18.243551,16.784101,13.710052,9.786814,10.586551,5.083272,7.5849805,6.602247,10.570261,11.959401,15.827978,18.855877,20.401346,19.097937,16.828058,14.665872,13.6684475,12.035998,9.353577,14.692955,12.900782,17.565641,20.87122,19.377216,15.972964,17.833195,11.450989,13.829818,12.165027,14.425764
30,22.562183,18.497677,17.491302,13.532733,10.535104,12.056606,6.3277764,11.393867,8.977596,13.563626,15.286851,17.583288,18.989954,17.645557,16.936989,13.982014,15.142348,11.126481,15.775805,12.435951,15.569334,18.966368,19.77521,15.285923,18.70029,16.254675,14.512515,11.883796,5.3225403,4.8151646,0.0,6.549051,10.138792,13.11829,14.469375,17.899408,20.183565,18.396553,15.604845,12.046338,12.204153,8.183581,6.483682,5.7714133,9.485098,9.690017,13.621711,16.282627,17.655464,19.032644,17.721014,22.256273,23.331856,23.784815,20.159424,23.47737,19.085987,22.248308,22.391796,18.998264,15.551585,18.136234,14.944837,15.412051,18.362362,15.961407,19.850466,17.53359,20.854258,17.76527,12.570423,14.123391,10.189667,15.610164,13.032712,14.356548,16.956749,16.43055,19.213903,20.999575,20.656626,17.31295,14.791192,11.976559,9.3001375,9.143859,6.720644,8.974671,9.074938,12.994722,14.187428,18.11029,21.591103,22.613716,20.724512,17.93173,15.181275,13.809104,10.700281,7.1911297,11.314017,8.5967045,13.0879965,16.311474,14.613428,11.194844,13.383714,7.371809,10.467133,10.234822,13.125612
31,25.845177,22.023563,20.665165,17.974028,14.271071,16.024452,10.048785,13.945008,11.054969,14.4611635,15.202299,18.615673,21.175493,19.681805,20.572788,17.090984,19.691057,15.658275,20.411789,17.346107,19.589739,23.711622,23.411922,18.561785,22.131876,20.11262,17.06476,13.45307,10.001264,5.7615404,6.549051,0.0,8.481591,9.079083,11.079332,14.580259,15.729446,14.130806,10.388283,6.057019,8.399867,4.7099013,6.427638,8.682871,9.832733,12.385853,15.242471,17.93481,18.04524,18.506798,15.991255,19.91809,19.952366,19.509113,15.132035,17.816727,13.142319,15.947017,15.977449,13.016777,9.526779,12.953648,10.050016,12.140336,15.304455,14.830391,18.712336,17.606634,20.753784,16.93426,13.35147,12.673562,7.992268,13.0377245,8.764438,11.905174,13.427943,12.742823,15.783127,17.00037,17.857565,15.148871,12.861958,10.788532,7.0842056,10.127184,6.323161,11.908557,12.107631,16.21154,17.687504,21.557285,24.468801,26.013155,24.793488,22.355108,19.916851,19.088621,16.520853,13.488043,17.558657,14.304513,18.69693,21.448456,18.938889,15.792421,15.5846615,9.479972,9.953188,7.3967032,8.847105
32,26.531929,23.330755,20.16354,18.074036,14.5414505,13.368497,9.232171,8.13877,5.914373,6.99059,9.20362,12.915269,16.267794,16.245056,17.905975,16.196993,19.934708,17.355011,23.099398,21.27459,24.530083,28.10751,29.21541,24.912397,28.718258,26.3063,23.986069,20.934061,15.401389,12.838244,10.138792,8.481591,0.0,6.0955114,4.761487,8.186901,10.84588,9.355711,8.046408,7.7663603,6.2892127,9.170348,6.714259,12.028889,16.43347,18.340544,21.457457,24.847643,25.522459,25.92708,23.336054,27.270658,26.56608,26.335848,21.43342,22.898417,17.445297,19.653107,17.737272,14.38635,11.47944,16.510315,15.970338,17.731241,22.528645,21.35759,25.342865,24.509184,28.401157,24.98736,21.094728,21.108652,16.435438,21.164976,15.78354,18.317055,18.409231,16.049685,17.834023,17.842169,17.615696,16.0074,11.117799,11.319527,10.814472,13.190755,13.216949,18.175938,18.811968,22.897423,23.908024,27.940231,31.35681,32.656635,30.848425,28.049967,25.177505,23.79724,20.182404,16.578768,18.486567,13.95177,16.679676,18.449707,14.717434,12.42949,9.7463255,7.051085,3.5657103,5.4107285,5.491048
33,31.917631,28.535164,25.788326,23.575172,19.89721,19.31926,14.537562,13.959167,10.297712,10.611765,9.352975,13.478982,17.257477,16.39137,19.328287,16.736395,21.301933,18.678947,24.192154,22.831411,25.381926,29.517422,29.97604,25.798384,30.219639,28.516178,25.954355,22.301395,17.878136,14.526637,13.11829,9.079083,6.0955114,0.0,5.1798224,6.375995,8.522307,9.034054,5.556484,5.6627603,8.786909,11.477759,11.208786,16.05974,18.74694,21.194143,24.166008,27.009222,27.04501,27.280148,24.351952,27.77031,26.80425,25.568094,20.457888,21.297153,16.040417,17.169577,14.643932,12.895056,10.24262,16.534887,16.003405,19.059038,22.891117,23.217806,27.022738,26.461172,29.615059,25.612955,22.282213,20.827116,16.27436,19.350693,12.980813,15.514704,14.242445,11.345902,12.695633,12.120764,12.577775,11.716315,7.4453864,8.731969,8.7379875,12.437078,13.076659,19.013266,20.373251,24.635176,26.4078,30.274734,33.248093,34.358093,33.00251,30.1049,27.18758,26.651342,22.846502,19.906303,21.740553,17.27813,20.474047,21.920708,18.373953,16.360415,12.7398815,9.655745,6.355817,3.4216568,1.5524536
34,29.68235,26.774553,23.327095,21.99877,18.374483,17.212223,13.579844,11.822413,10.185877,9.380338,10.442777,14.506455,18.495798,18.675123,21.25907,19.616785,23.920326,21.492146,27.23676,25.578611,28.584047,32.400284,33.191685,28.79622,32.675503,30.374886,27.638128,24.336376,19.570114,16.3354,14.469375,11.079332,4.761487,5.1798224,0.0,4.3268766,6.1028566,5.064653,4.780709,7.34938,6.2716093,11.419716,10.342362,15.882988,19.483877,22.0136,24.716063,28.139442,28.358316,28.331514,25.264858,28.71003,27.26734,26.580397,21.378054,21.847858,16.354359,17.77601,14.917218,12.10125,10.002736,15.791111,16.468275,18.852045,23.80823,23.504436,27.31615,27.137623,30.976482,27.407728,24.246943,23.515738,18.892527,23.030949,17.080563,20.093817,19.214218,16.480742,17.81254,16.901531,17.279615,16.70207,11.833036,13.267367,13.113923,16.381132,16.363981,21.969778,22.636908,26.772127,27.83658,31.86915,35.110535,36.60956,35.009193,32.307255,29.50032,28.255024,24.745417,21.205305,23.160591,18.556309,21.095398,22.495657,18.518213,16.67613,12.808972,11.248785,6.7928653,7.1555753,3.988953
35,33.680305,30.845993,27.203533,25.811773,22.32802,20.58878,17.309624,14.405122,12.356469,10.153855,9.594221,13.437239,17.735132,18.146544,21.560617,20.282528,25.142345,23.286987,29.037891,28.042702,30.987522,34.839138,35.80028,31.69468,35.972214,33.93293,31.394001,27.96281,23.056437,19.958708,17.899408,14.580259,8.186901,6.375995,4.3268766,0.0,4.6212316,6.418908,6.9249816,10.352251,10.490779,15.5698805,14.467893,19.961153,23.548532,26.010382,28.846684,32.132626,32.291256,32.29774,29.177088,32.47562,30.900927,29.83196,24.55033,24.529087,19.199135,19.864302,16.265678,14.539791,13.006863,19.164984,20.09461,22.838938,27.539059,27.620222,31.398838,31.233557,34.873146,31.11644,27.92362,26.803528,22.20728,25.602388,19.223242,21.812922,20.111603,16.871714,17.361767,15.748934,15.825354,16.212639,11.274429,13.89674,14.913709,18.058561,19.186596,24.883068,26.03207,30.25355,31.615833,35.605587,38.801605,40.048027,38.463894,35.560753,32.582466,31.629496,27.69884,24.42056,25.599257,20.83622,22.93686,23.72615,19.626396,18.409735,13.426478,13.321492,8.603726,8.969402,5.9917655
