,0,1,2,3,4,5,6,7,8,9,10,11,12,13,14,15,16,17,18,19,20,21,22,23,24,25,26,27,28,29,30,31,32,33,34,35,36,37,38,39,40,41,42,43,44,45,46,47,48,49,50,51,52,53,54,55,56,57,58,59,60,61,62,63,64,65,66,67,68,69,70,71,72,73,74,75,76,77,78,79,80,81,82,83,84,85,86,87,88,89,90,91,92,93,94,95,96,97,98,99,100,101,102,103,104,105,106,107,108,109
0,0.0,4.3619246,6.3279123,9.280674,12.532101,14.447535,18.141596,21.609707,24.97662,28.616283,33.096478,34.10478,36.856056,39.369083,35.57781,30.781143,30.022346,25.080542,24.39854,19.694696,18.08938,17.130495,14.020391,12.056939,13.742928,18.254175,16.592789,18.42941,17.049423,21.012718,19.139025,27.147404,27.485895,31.93349,33.471077,36.253532,37.885536,36.116035,36.701828,33.761375,34.021553,28.448332,29.78024,23.799854,27.259008,23.904953,24.564444,25.019176,27.79822,32.171223,32.32041,34.985138,39.01129,39.609592,38.440205,35.47438,36.70605,37.660904,43.293552,40.2779,36.80999,36.966682,34.380722,34.73306,33.887814,34.717583,32.458214,30.223429,25.441067,25.947094,25.06764,28.686605,28.349962,32.51409,31.551556,36.914986,37.049416,40.844543,39.720642,41.464523,39.577335,36.111015,31.994097,28.785921,26.008656,22.611822,20.552797,16.238802,14.514464,12.206372,12.101524,14.353805,12.609565,17.37728,20.761414,21.934694,23.562199,23.254278,22.029102,23.220295,23.969471,25.89511,28.50949,29.48304,28.240164,29.101042,26.167173,27.482529,25.35555,29.585012
1,4.3619246,0.0,5.2094316,6.652093,9.396353,12.281508,14.913208,19.160624,21.967556,26.140778,30.050522,31.42343,33.936806,36.142464,32.520134,27.505009,27.176373,21.907726,22.02002,17.333273,16.264406,16.204967,13.460315,10.121545,12.498075,16.367804,13.974658,15.0302925,13.003706,17.07203,14.840236,22.876854,23.485153,27.704052,29.485016,32.16811,33.900066,32.172455,32.576614,29.705975,29.767157,24.390469,25.802456,19.81146,23.674284,20.596321,21.875372,22.318098,24.535185,29.161407,28.939064,31.4346,35.505432,35.99409,34.52309,31.464203,32.823483,33.63823,39.30888,36.482086,32.965263,33.49741,31.02601,31.75386,31.081432,32.323235,30.510208,28.429375,23.72855,23.81546,21.996815,25.63844,24.792646,29.071596,27.788597,33.255886,33.251793,36.999107,35.950054,37.921734,36.10722,32.878212,28.474983,25.53213,22.297909,19.47968,16.705866,12.470999,10.266007,7.92812,8.497508,10.847136,10.178826,14.835116,17.574316,18.275324,19.641684,19.264841,17.785967,19.332798,19.821947,22.137,24.937317,25.675243,24.205927,25.099096,21.888428,23.359056,21.2314,25.56939
2,6.3279123,5.2094316,0.0,5.093824,7.082631,9.744867,12.466102,16.021437,19.52244,22.886396,27.69255,28.26801,31.187233,33.64671,29.614515,25.048365,23.976849,19.13437,18.243126,13.390428,12.003306,11.217364,8.370919,6.1246448,9.500631,13.365825,12.973966,14.101738,13.15246,16.069637,15.653009,23.37322,24.06517,28.428085,29.69877,32.755512,33.870728,31.702545,32.24611,29.064325,29.69165,23.536911,24.79304,18.991776,22.046883,19.212646,19.170248,20.82785,23.426977,27.83393,27.26911,30.723537,34.260544,34.38021,33.716724,30.87396,31.51048,32.586975,38.07929,34.74252,31.37231,31.093779,28.523277,28.609472,28.03083,28.473207,26.331642,24.492783,19.518877,19.656937,19.05858,22.543596,22.606754,26.65086,26.167854,31.358982,31.994759,35.829002,34.94683,36.565067,35.024857,31.623386,27.617474,24.297834,21.736816,18.41674,16.1072,12.616666,11.197575,10.726102,11.5701685,15.23006,14.702179,19.359028,21.781818,21.867453,22.489468,22.551231,20.358408,22.721388,21.911127,24.734339,27.754805,28.701273,26.811419,28.252466,24.170412,26.051355,23.426838,27.661762
3,9.280674,6.652093,5.093824,0.0,4.153669,5.645271,9.393729,12.666859,15.749401,19.699696,23.836699,25.122267,27.690649,30.242962,26.676039,21.754482,21.264654,16.446556,16.099398,12.226755,10.493698,11.578121,10.699709,8.154309,12.964098,15.665825,14.961252,14.497551,12.078965,14.014032,12.379508,19.731993,19.5743,24.425968,25.229488,28.374746,29.469912,27.459528,28.423857,25.344349,26.600931,20.617868,22.70643,17.090477,21.116896,19.412565,19.874212,22.211248,23.796822,28.566843,26.940975,30.48362,33.83345,33.306538,32.266075,29.211143,29.58387,30.076262,35.47568,32.07776,28.66076,29.116713,27.104141,27.445076,27.83474,27.943708,26.576996,25.642935,20.550972,19.304296,18.021833,20.837976,20.165703,24.013527,22.88128,28.12149,28.124674,31.95973,30.747261,32.301666,30.492157,27.010519,22.999537,19.668789,17.19262,13.603516,11.924676,8.01373,8.006725,8.3510685,12.086595,13.942728,15.464344,19.56116,21.103245,20.808214,21.31386,20.467016,17.570707,19.671167,18.04066,20.555225,23.552608,24.928144,23.048765,25.333862,21.385777,23.971245,21.888514,26.401236
4,12.532101,9.396353,7.082631,4.153669,0.0,5.5386496,5.613714,10.207517,12.869084,16.978586,21.025108,22.107098,24.697472,26.920801,23.164103,18.277464,17.783936,12.636527,12.84953,8.712083,8.064006,9.983299,9.659039,6.4269977,11.586787,13.078009,12.821227,11.484094,9.346605,10.259294,10.134014,17.06222,17.68236,22.042778,22.993795,26.19456,27.0151,24.71149,25.356165,22.121798,23.290682,16.970657,18.84926,13.363235,17.144533,15.878964,16.2137,19.109018,20.329529,25.085882,23.031078,26.88505,29.976784,29.259321,28.430573,25.465603,25.605705,26.244802,31.62173,28.169788,24.775705,25.02492,22.952848,23.361408,23.80824,24.105797,22.998058,22.217068,17.276545,15.733033,13.909894,16.800539,16.145996,20.107462,19.23501,24.470743,24.91859,28.756042,27.879059,29.562786,28.139183,24.941006,20.781347,17.6329,14.899806,12.118596,9.265687,6.8342977,6.5836654,8.766229,12.137818,14.90918,16.669703,20.412355,21.336607,20.33164,20.075766,19.7429,16.434174,19.496323,16.96536,20.354448,23.600412,24.59095,22.219952,24.519186,19.76287,22.501768,20.033274,24.346315
5,14.447535,12.281508,9.744867,5.645271,5.5386496,0.0,7.185986,7.6822157,11.227426,14.646013,19.071629,20.24545,22.856026,25.876554,22.468063,17.79882,17.095388,13.238326,12.109412,10.016974,7.3038573,9.924461,11.488652,10.594422,16.053791,17.630817,18.238333,16.810328,14.446327,14.150677,13.264271,18.973799,17.8553,23.163721,22.819334,26.345173,26.73745,24.510519,26.13055,22.955904,25.479475,19.228516,21.9387,17.16815,21.02135,20.6967,20.375574,24.1505,25.153458,29.815044,27.040129,31.362173,33.975906,32.517982,31.903816,28.951244,28.353691,28.473745,33.440224,29.517006,26.306559,26.68849,25.262125,25.147339,26.66092,25.507746,24.649702,24.951166,19.747671,17.10603,16.661303,18.253792,17.84254,20.941988,20.010212,24.788237,24.733982,28.580992,27.15078,28.157055,26.319742,22.53255,19.171198,15.392576,14.209196,9.5948105,10.167206,7.7387724,10.241321,12.210995,16.912615,18.246819,20.694464,24.429005,25.302118,24.475636,24.45646,23.256771,19.563889,21.786812,18.601976,20.94077,23.865211,25.796173,23.736113,27.08927,22.875914,26.19349,24.317291,28.754082
6,18.141596,14.913208,12.466102,9.393729,5.613714,7.185986,0.0,6.435831,7.852787,12.220535,15.834692,16.893505,19.358252,21.36452,17.608192,12.688008,12.396412,7.112625,8.417074,5.935784,6.7748137,10.470098,12.018788,9.737254,14.480207,14.08277,14.751221,11.944495,10.076604,7.692245,9.556503,14.141797,14.92259,18.897842,19.308743,22.710539,22.876463,20.195484,20.890331,17.475367,19.396317,12.671994,14.93817,10.496787,14.0254545,14.589977,14.531794,18.741297,18.891237,23.489635,20.102415,24.601854,26.932833,25.3367,24.82581,21.98452,21.258326,21.659197,26.750483,22.963089,19.673332,19.926086,18.311735,18.695276,20.150574,19.956547,19.735186,20.04622,15.457657,12.414242,9.977715,11.8475,10.965906,14.630255,13.934901,18.988628,19.748613,23.593185,22.921118,24.507248,23.463951,20.516756,16.500326,13.523383,11.133426,9.330625,6.3116617,7.3588395,8.58487,12.271314,15.935484,18.391285,20.948841,24.047384,24.04059,22.243006,21.12607,20.837318,16.854166,20.514906,16.41939,20.273142,23.563116,24.501846,21.692688,24.612,19.250233,22.536558,20.107777,24.059498
7,21.609707,19.160624,16.021437,12.666859,10.207517,7.6822157,6.435831,0.0,4.798627,7.0454617,12.201161,12.6202755,15.484427,18.66325,15.063785,10.990734,9.711309,7.517569,5.627823,7.5128837,6.1238465,10.408717,14.024512,14.014514,19.033907,18.678877,20.59997,18.082008,16.505732,13.463777,14.9368305,17.750452,16.803804,21.385456,20.084934,23.864016,23.104586,20.29063,22.112041,18.77118,22.432713,15.972613,18.796412,15.778559,18.503849,20.031263,18.766863,24.04017,24.147778,28.32392,24.199717,29.394638,30.875158,28.3294,28.503664,25.940653,24.03573,23.972162,28.23754,23.716185,20.917751,20.788485,20.047308,19.379368,22.225138,19.79954,19.916191,21.783834,17.121632,12.698443,12.950811,12.60755,12.821019,14.699945,14.657753,18.535202,19.194296,22.956945,21.838165,22.330914,21.144768,17.545332,15.001632,11.220162,11.676771,8.173523,9.830553,11.170722,14.105936,17.485434,21.884262,23.686836,26.53478,29.809679,29.857857,28.174053,27.167248,26.327341,22.060421,25.090906,20.318655,23.234951,26.1704,27.938253,25.354675,29.236574,24.278204,28.015371,26.002846,29.902632
8,24.97662,21.967556,19.52244,15.749401,12.869084,11.227426,7.852787,4.798627,0.0,5.7735553,8.179388,10.002365,12.0096245,14.6781435,11.703845,6.9052672,7.3819747,5.738489,7.060394,10.156144,10.3436575,14.6948395,18.014036,17.1455,21.866116,20.796198,22.13835,18.787613,16.83373,12.6566,14.102648,14.674066,13.598662,17.631126,15.908639,19.681015,18.566988,15.628854,17.5751,14.3153105,18.612562,12.70585,16.085686,14.281915,17.187765,19.890385,19.312078,24.49532,23.595667,27.704882,22.798595,27.74813,28.87561,25.783709,25.633596,23.081974,20.844116,20.20034,24.193441,19.736992,16.988834,17.750122,17.759357,17.69075,21.342344,19.303621,20.513823,22.851004,18.898266,13.958034,12.594691,11.157925,10.048048,11.25616,10.416447,14.17699,14.420239,18.18549,17.062769,17.7369,16.715834,13.510917,10.718196,7.4612575,8.200898,6.872724,8.481042,11.690934,14.798221,18.594479,23.237274,24.46292,27.989367,30.640331,29.943861,27.803375,26.37802,25.366756,20.881765,24.017588,18.49317,21.517609,24.346428,25.923979,23.160566,27.34278,22.361961,26.358727,24.69311,28.27954
9,28.616283,26.140778,22.886396,19.699696,16.978586,14.646013,12.220535,7.0454617,5.7735553,0.0,7.0824704,5.760227,9.010659,12.775497,9.403965,7.4587145,5.382136,8.320967,6.491005,11.849574,11.694981,15.347654,19.55351,20.103336,24.56409,23.162073,25.737543,22.739292,21.652199,17.286602,19.71905,19.901533,18.788828,22.36689,19.952246,23.65322,21.681719,18.573,20.7582,17.686514,22.48889,16.816906,19.551273,18.653147,20.142979,23.159824,21.298923,27.304228,26.640617,30.144028,24.977608,30.62291,30.915394,27.26891,28.193602,26.161266,22.956505,22.496777,25.559196,20.515263,18.528793,17.948046,18.389519,17.03938,21.452099,17.459612,18.860182,22.403856,18.813309,13.323243,14.436073,11.605471,12.483823,11.911503,12.975088,14.794583,16.054836,19.343496,18.469244,17.988262,17.568686,14.39096,13.681511,10.735428,13.358339,11.720694,14.220934,17.085716,20.113678,23.831253,28.137693,29.878803,33.021893,35.96677,35.494934,33.363388,31.822657,31.062134,26.60153,29.787924,24.206276,27.043295,29.717571,31.471472,28.741224,33.01183,27.946112,31.88185,30.024189,33.385937
10,33.096478,30.050522,27.69255,23.836699,21.025108,19.071629,15.834692,12.201161,8.179388,7.0824704,0.0,5.4823227,4.676768,7.706105,7.310823,5.778294,7.8504844,11.022381,12.42594,17.20519,17.713802,21.767914,25.55332,25.061357,29.46816,27.707365,29.301283,25.542624,23.780458,18.810923,20.402054,17.797144,16.047945,18.57261,15.122417,18.507057,15.765777,12.784284,15.603763,13.240043,19.11145,15.308728,18.662289,19.367037,21.253101,25.354387,24.629866,30.093632,28.265457,31.691282,25.772062,30.67871,30.570763,26.247017,26.470821,24.506748,20.996664,19.371342,21.565489,16.862148,15.307053,16.597996,18.437473,18.179037,23.407732,20.33855,23.006504,26.728035,23.893658,18.38651,17.397808,13.862708,12.700442,10.644243,10.049252,10.329178,10.071706,12.970742,11.714264,10.909423,10.719524,8.343839,8.701035,7.809745,11.423822,12.390516,15.030834,18.945587,22.18313,26.023201,30.771255,31.483126,35.49217,37.659473,36.324295,33.805336,31.968061,30.757153,26.227604,29.093693,22.920021,25.34594,27.596992,29.242102,26.559277,31.239508,26.656183,30.828335,29.695059,32.624756
11,34.10478,31.42343,28.26801,25.122267,22.107098,20.24545,16.893505,12.6202755,10.002365,5.760227,5.4823227,0.0,4.0115643,7.8012257,5.174848,6.958243,5.7232447,11.181545,10.772832,16.304497,16.970499,20.384499,24.52046,24.958868,28.976028,26.853086,29.52693,26.161823,25.357714,20.320429,23.274635,21.611021,20.770828,23.118334,20.240446,23.555883,20.735182,17.54198,19.622076,17.035192,22.250492,17.724604,20.105213,20.903046,21.476868,25.478882,23.562471,29.668505,28.29481,31.20013,25.374863,31.009314,30.36485,25.934942,27.327633,25.810928,21.73538,20.925888,22.766666,17.556305,16.480686,15.698513,17.290506,15.751835,21.190372,16.65934,19.293293,23.729967,21.270193,15.672601,16.521912,12.354802,13.238911,10.571955,12.417629,11.885025,13.809415,16.32647,15.9891615,14.818225,15.488387,13.461261,14.129721,12.690832,15.82371,15.874579,18.006506,21.675869,24.527075,28.444777,32.563835,34.27184,37.613487,40.202564,39.268883,36.77303,34.80283,34.193142,29.728777,33.06832,27.094076,29.978712,32.4597,33.966484,31.122715,35.429096,30.334675,34.25873,32.536636,35.3585
12,36.856056,33.936806,31.187233,27.690649,24.697472,22.856026,19.358252,15.484427,12.0096245,9.010659,4.676768,4.0115643,0.0,4.7530413,5.410122,7.8540235,8.660448,13.56645,14.297122,19.592419,20.37236,24.030693,28.03822,28.039988,32.10447,29.890278,32.086853,28.393476,27.23383,22.000612,24.451176,21.500017,20.303478,22.041134,18.619839,21.621258,18.335081,15.356121,17.733786,15.716675,21.394249,18.031702,20.659346,22.229599,23.021753,27.48688,26.140396,31.940628,30.01707,32.863926,26.705147,31.896713,31.009047,26.215319,27.246641,25.821047,21.58485,20.109873,21.23407,16.286125,15.659669,15.928649,18.33436,17.40908,23.159697,19.181782,22.360262,26.806013,24.664476,19.12061,19.012531,14.701511,14.556691,11.210401,12.162002,10.3305,11.437216,13.35421,12.907487,11.190863,12.295607,11.084892,12.722991,12.420251,15.922009,16.962282,19.27291,23.286522,26.27858,30.212324,34.58727,35.75216,39.521282,41.74437,40.4034,37.746857,35.66484,34.798325,30.330515,33.43784,27.236822,29.816446,32.025414,33.50827,30.747313,35.25482,30.49063,34.510353,33.189796,35.780636
13,39.369083,36.142464,33.64671,30.242962,26.920801,25.876554,21.36452,18.66325,14.6781435,12.775497,7.706105,7.8012257,4.7530413,0.0,5.206757,8.722583,10.578214,14.957434,16.929138,21.744926,23.255116,26.915277,30.558365,30.05104,33.683174,30.959887,32.847313,28.866892,27.902891,22.394455,25.224512,21.047182,20.692837,21.04335,18.031866,20.443846,16.869204,13.884867,15.414077,13.914307,19.186739,17.047646,19.146164,21.957556,22.159513,27.177568,26.227066,31.647448,29.083258,31.50816,25.059,29.821024,28.409327,23.257359,24.293213,23.25132,18.675331,16.898573,17.11008,12.366254,12.492309,13.211556,16.4107,16.10319,21.99951,18.915438,22.775576,27.128273,25.75856,20.519306,19.383142,14.884605,14.161333,9.969143,10.962764,7.120963,9.055702,10.052694,10.776142,9.542026,12.010236,12.506846,13.724963,14.643929,17.159153,19.554213,20.711681,25.21473,27.729145,31.750715,35.718563,36.940758,40.74925,42.56388,40.813892,37.853428,35.399685,34.823124,30.537567,33.877834,27.646961,30.522457,32.677166,33.62368,30.71645,34.861164,30.046696,33.83888,32.583965,34.61669
14,35.57781,32.520134,29.614515,26.676039,23.164103,22.468063,17.608192,15.063785,11.703845,9.403965,7.310823,5.174848,5.410122,5.206757,0.0,5.620143,5.857217,10.791481,12.302753,17.088678,18.873259,22.261501,25.852097,25.617674,29.040989,26.221025,28.60916,24.904419,24.468773,19.013552,22.745476,19.982683,20.359795,21.35002,19.185745,22.064415,19.153168,15.751934,16.765364,14.304066,18.903488,15.060321,16.733717,18.836277,18.558231,23.236988,21.653728,27.454441,25.410873,27.886688,21.693691,27.112112,25.97777,21.228159,22.802162,21.630392,17.150295,16.391788,17.85184,12.566092,11.838088,10.834032,13.055185,12.0321665,17.838861,14.303323,17.839079,22.155087,20.607052,15.338909,14.796905,10.1328745,10.578384,6.629754,9.429026,7.6002336,11.130591,13.332319,14.123522,13.778599,15.463902,14.744842,14.609336,14.282798,16.129454,17.767351,18.255503,22.574005,24.746777,28.821869,32.33575,34.321087,37.588085,39.779194,38.458797,35.613667,33.19284,33.057262,28.779037,32.557125,26.567669,30.004978,32.56425,33.416847,30.319761,34.121407,28.754248,32.39447,30.555819,32.815125
15,30.781143,27.505009,25.048365,21.754482,18.277464,17.79882,12.688008,10.990734,6.9052672,7.4587145,5.778294,6.958243,7.8540235,8.722583,5.620143,0.0,4.4586587,6.4204283,9.588422,13.588636,15.318172,19.225199,22.463251,21.49097,25.306236,22.967983,24.572765,20.68737,19.55043,14.200569,17.270386,14.998729,15.268364,17.007334,15.236299,18.507486,16.374819,12.9045,14.084345,10.971595,15.641789,10.772329,13.454194,14.399624,15.592217,19.883854,19.170681,24.569563,22.616411,25.929121,20.029257,25.110727,25.086027,21.039572,21.466806,19.512533,16.06404,15.164575,18.23272,13.376196,11.186465,11.816222,13.006415,13.123835,17.96907,15.9242525,18.60738,21.810617,19.291864,14.0740385,11.983222,8.429437,7.014873,5.329798,5.7699037,7.6979113,9.631361,13.050288,13.0715885,13.820528,14.336685,12.792769,10.837121,9.960387,10.816564,12.656613,12.65463,17.065405,19.314056,23.375769,27.210865,28.822443,32.31474,34.447235,33.12956,30.396154,28.196682,27.773794,23.408335,27.09555,21.159172,24.676498,27.379087,28.266912,25.172945,29.034683,23.696438,27.49499,25.759245,28.448498
16,30.022346,27.176373,23.976849,21.264654,17.783936,17.095388,12.396412,9.711309,7.3819747,5.382136,7.8504844,5.7232447,8.660448,10.578214,5.857217,4.4586587,0.0,5.9288306,6.463343,11.378081,13.0247965,16.440754,20.069767,20.041864,23.713495,21.31919,23.963667,20.6197,20.242903,15.200177,19.10772,18.397892,18.8379,21.073973,19.494501,22.870546,20.801634,17.350307,18.441256,15.253074,19.338663,13.709249,15.579055,15.81523,16.102657,19.837585,17.887976,23.96974,22.77919,25.837618,20.301582,26.09136,25.916391,22.075375,23.429424,21.72415,18.129185,18.072235,21.055698,15.92279,14.0321245,12.670201,13.1015005,11.802935,16.548132,13.05108,15.256293,18.935122,16.246513,10.7146225,10.81238,6.9072204,8.31571,7.02809,9.609608,11.072954,13.899683,17.071384,17.227612,17.418985,17.984026,15.9527445,14.557632,12.733897,13.934165,14.19147,14.429667,18.17062,20.267956,24.265553,27.705826,30.09745,32.980103,35.622112,34.838856,32.311405,30.228373,30.159235,25.858477,29.723806,24.102882,27.738424,30.597265,31.616304,28.529844,32.19922,26.612038,30.228003,28.025139,30.844475
17,25.080542,21.907726,19.13437,16.446556,12.636527,13.238326,7.112625,7.517569,5.738489,8.320967,11.022381,11.181545,13.56645,14.957434,10.791481,6.4204283,5.9288306,0.0,5.5636325,7.4947915,9.938488,13.671863,16.360617,15.149752,18.894918,16.75467,18.54683,15.024094,14.328352,9.434562,13.574766,14.308198,15.614657,18.168432,17.853378,21.234274,20.237743,16.955366,17.438412,13.892812,16.73322,10.01798,12.026916,10.543803,12.009907,15.007951,13.990129,19.4821,18.48154,22.284552,17.35706,22.720304,23.685509,20.85026,21.26078,18.955357,16.664211,16.970167,21.32367,16.894556,14.00621,13.554958,12.668988,12.680886,15.734162,14.593105,15.785453,17.709866,14.267868,9.570782,6.9761662,5.7992153,5.411228,7.8804336,8.682236,12.790915,14.846859,18.506262,18.519365,19.822855,19.764769,17.536226,14.331231,12.187355,11.129729,11.471069,9.546051,13.179737,14.623494,18.644295,21.825602,24.39517,27.139196,29.743868,29.049477,26.595366,24.622158,24.715794,20.537397,24.645966,19.482628,23.595028,26.727,27.416594,24.254606,27.436121,21.648031,25.086266,22.652287,25.768114
18,24.39854,22.02002,18.243126,16.099398,12.84953,12.109412,8.417074,5.627823,7.060394,6.491005,12.42594,10.772832,14.297122,16.929138,12.302753,9.588422,6.463343,5.5636325,0.0,5.697894,6.715229,9.99495,13.813877,14.446634,18.439426,16.841341,19.985788,17.48505,17.348572,13.53094,17.31898,19.402838,19.847588,23.233238,22.314095,25.923811,24.689108,21.436995,22.52383,19.04387,22.281939,15.569846,17.268585,15.225703,16.058985,18.047693,15.542224,21.656576,21.774357,25.284409,20.953207,26.829264,27.61861,24.884573,26.078625,24.021694,21.478004,22.075268,26.002083,21.190935,18.743221,17.105843,16.045057,14.552041,17.444628,14.284844,14.428654,16.899002,12.722076,7.598985,9.449252,8.312145,10.513133,11.86572,13.702718,16.81126,19.061329,22.612637,22.352608,22.805582,22.581757,19.668242,17.484041,14.434387,14.788319,12.989902,12.9279175,15.186296,16.999329,20.637062,23.791096,26.787819,28.976807,32.25237,32.26443,30.24647,28.67998,28.731964,24.608196,28.407293,23.555826,27.216156,30.305342,31.507301,28.57056,31.931917,26.318577,29.719921,27.132706,30.501575
19,19.694696,17.333273,13.390428,12.226755,8.712083,10.016974,5.935784,7.5128837,10.156144,11.849574,17.20519,16.304497,19.592419,21.744926,17.088678,13.588636,11.378081,7.4947915,5.697894,0.0,4.114241,6.557262,8.9500475,8.877899,12.771234,11.558061,14.655001,12.792382,13.189758,10.790553,14.856006,18.993635,20.335579,23.744658,23.9947,27.431301,27.013638,23.9437,24.403587,20.844877,22.711561,15.667967,16.708115,13.042688,14.102702,14.373131,12.012037,17.496817,18.528925,22.382347,19.273558,24.743967,26.451445,24.861708,25.665564,23.388958,21.986929,23.176517,27.873224,23.634926,20.758865,19.18916,17.023571,16.152752,17.134195,15.862706,14.737077,15.16219,10.184457,7.230196,7.956374,9.908932,11.653494,14.72717,16.006208,20.161287,22.290955,25.98904,25.831718,26.963675,26.518612,23.623598,20.425844,17.346914,16.070005,14.090922,12.055211,13.075599,13.578897,16.814617,18.966085,22.83858,24.213795,27.755299,28.256517,26.513432,25.175522,25.722788,22.047724,26.049072,22.161148,26.190905,29.493263,30.312798,27.401833,29.961647,24.245853,27.122246,24.096916,27.61792
20,18.08938,16.264406,12.003306,10.493698,8.064006,7.3038573,6.7748137,6.1238465,10.3436575,11.694981,17.713802,16.970499,20.37236,23.255116,18.873259,15.318172,13.0247965,9.938488,6.715229,4.114241,0.0,4.408197,8.027083,9.1731825,13.899748,14.010848,16.892838,15.559532,15.226382,13.5635805,16.084743,20.797014,21.052526,25.31878,25.022118,28.64322,28.258354,25.363888,26.465439,22.962633,25.432371,18.479605,20.163548,16.185638,18.012714,18.015444,15.851247,20.97864,22.312649,26.297688,23.348291,28.678968,30.52077,28.848469,29.47878,27.057102,25.651756,26.491951,31.120941,26.730455,23.861086,22.630875,20.815905,19.73786,21.074654,19.029985,17.713448,18.394154,13.149284,10.308103,12.01298,13.371869,14.862482,17.57506,18.431192,22.546755,24.073782,27.84866,27.188494,27.949295,27.038124,23.606565,20.760536,17.134293,16.535767,13.149406,12.713593,12.656084,13.978213,16.774673,19.684744,22.962132,24.445898,28.314507,29.172598,27.834028,26.99937,26.969875,23.231798,26.617891,22.874487,26.252396,29.41158,30.780647,28.169847,31.1439,25.894312,28.982399,26.27995,30.16468
21,17.130495,16.204967,11.217364,11.578121,9.983299,9.924461,10.470098,10.408717,14.6948395,15.347654,21.767914,20.384499,24.030693,26.915277,22.261501,19.225199,16.440754,13.671863,9.99495,6.557262,4.408197,0.0,4.752378,8.307627,12.077945,12.7902,16.579384,16.420074,17.016983,16.316467,19.140488,24.546804,25.159029,29.322752,29.316212,32.885296,32.58363,29.658365,30.547718,27.01439,29.043438,22.024002,23.102085,18.89976,19.984983,19.024448,16.115616,20.948112,23.208057,26.831516,24.759518,30.122698,32.048553,30.872417,31.897602,29.657207,28.433594,29.730116,34.377087,30.021652,27.24488,25.343405,23.065302,21.581644,22.014791,19.916468,17.576607,17.493898,12.107059,10.958873,14.020537,15.960136,18.181831,20.947517,22.306305,26.285881,28.209768,31.94322,31.44891,32.16815,31.364187,27.91589,25.167786,21.516882,20.842842,17.338333,16.60343,15.87965,16.417105,18.561077,20.359364,24.432775,24.895805,29.144556,30.607403,29.589287,28.941866,29.3441,25.999683,29.401117,26.280725,29.69742,32.88272,34.142883,31.601627,34.12927,28.874128,31.56078,28.5418,32.342804
22,14.020391,13.460315,8.370919,10.699709,9.659039,11.488652,12.018788,14.024512,18.014036,19.55351,25.55332,24.52046,28.03822,30.558365,25.852097,22.463251,20.069767,16.360617,13.813877,8.9500475,8.027083,4.752378,0.0,5.2558117,7.9325466,9.926744,13.415026,14.436656,15.590017,16.371569,19.004171,25.392965,26.635767,30.55504,31.318844,34.676594,34.862854,32.06575,32.500954,29.005215,30.115328,23.23998,23.806192,18.969925,20.007437,17.736563,15.237074,18.810047,21.83998,25.449804,24.513044,29.281355,31.795906,31.465544,32.215843,29.933584,29.483347,31.119553,36.120052,32.19037,29.237886,27.411379,24.61338,23.571028,22.862606,22.090454,19.252014,17.696342,12.512318,13.228257,15.186854,18.276817,20.143517,23.554924,24.657703,29.06096,30.974073,34.73687,34.376236,35.526676,34.68603,31.376162,28.065441,24.589336,23.012249,19.83107,17.90464,16.41611,15.722723,17.088951,17.511251,22.35799,21.799524,26.2363,28.198391,27.50638,27.106964,27.967356,25.20413,28.618637,26.42479,30.004894,33.248585,34.129417,31.671633,33.450665,28.303608,30.420736,27.150822,30.883383
23,12.056939,10.121545,6.1246448,8.154309,6.4269977,10.594422,9.737254,14.014514,17.1455,20.103336,25.061357,24.958868,28.039988,30.05104,25.617674,21.49097,20.041864,15.149752,14.446634,8.877899,9.1731825,8.307627,5.2558117,0.0,5.4739504,7.802728,9.128517,9.8675785,10.585594,12.407658,14.577775,21.485252,23.28444,26.846813,28.315756,31.400764,32.081226,29.49788,29.530481,26.166649,26.5246,19.985296,20.490858,15.068796,16.91991,14.132115,13.224683,15.710734,18.39387,22.554758,21.811438,25.839977,28.967579,29.031954,28.98363,26.438885,26.735502,28.283352,33.648563,30.232048,27.013765,25.987133,23.094172,23.009695,22.036955,22.755629,20.531559,18.479815,13.632007,14.202663,13.588627,17.445498,18.143261,22.211422,22.521383,27.458368,28.977299,32.738213,32.42015,34.12126,33.198082,30.186888,26.180208,23.103418,20.469591,18.094358,14.751962,13.036633,11.261088,12.514503,12.497648,17.613052,17.203978,21.397724,23.104742,22.290098,21.867575,22.862469,20.318243,23.889944,22.109999,25.966446,29.277782,29.730734,27.24018,28.56064,23.435802,25.316565,22.02325,25.813211
24,13.742928,12.498075,9.500631,12.964098,11.586787,16.053791,14.480207,19.033907,21.866116,24.56409,29.46816,28.976028,32.10447,33.683174,29.040989,25.306236,23.713495,18.894918,18.439426,12.771234,13.899748,12.077945,7.9325466,5.4739504,0.0,4.8924837,6.5698767,9.630523,12.291804,14.96287,17.893215,24.660757,27.385061,30.188553,32.31147,35.13099,35.95031,33.33313,32.75129,29.463549,28.854818,22.671917,22.115889,16.966352,17.491539,13.329326,12.220763,12.988799,16.86291,20.336573,21.159458,24.64229,28.00482,29.02732,29.243156,27.039656,27.861923,30.03007,35.38529,32.368984,29.282534,27.693169,24.241667,24.209934,21.85624,23.654518,20.813782,17.346083,13.451234,16.015343,15.391162,19.831158,20.901087,25.055279,25.798883,30.568636,32.606625,36.22117,36.321762,38.26085,37.654472,34.94452,30.790733,27.996164,25.011515,23.253025,19.189339,17.715189,14.968534,15.571896,13.039218,19.392237,17.411926,21.461248,23.571787,22.9,22.3674,24.405313,22.658802,26.48517,25.476398,29.65365,32.97974,32.852192,30.323109,30.681473,25.497255,26.525,22.750935,25.932468
25,18.254175,16.367804,13.365825,15.665825,13.078009,17.630817,14.08277,18.678877,20.796198,23.162073,27.707365,26.853086,29.890278,30.959887,26.221025,22.967983,21.31919,16.75467,16.841341,11.558061,14.010848,12.7902,9.926744,7.802728,4.8924837,0.0,6.0748363,7.8784156,11.891522,13.18406,17.780119,23.348272,26.769674,28.825506,31.054432,33.775436,34.27694,31.453592,30.451468,27.167978,26.284918,20.167732,18.887234,14.547069,13.649347,9.630834,7.488313,9.098064,12.940493,16.087078,16.704845,20.662373,23.592049,24.566874,25.284782,23.402338,23.954716,26.486559,31.622059,28.680222,25.801077,23.680635,19.997917,19.970783,17.127916,19.557154,16.865946,13.073797,9.833004,12.940047,11.846164,16.437792,17.879745,21.859243,23.161959,27.540236,30.179605,33.60852,34.15626,36.168365,36.036766,33.74237,29.670498,27.24074,24.266802,23.364489,18.845165,18.635847,16.004284,17.557419,15.255426,21.619776,20.265806,23.718012,25.054474,23.687748,22.353878,24.869955,22.88272,27.34414,25.636192,30.330757,33.75253,33.31813,30.44067,30.78132,25.03432,26.083565,22.020397,24.689524
26,16.592789,13.974658,12.973966,14.961252,12.821227,18.238333,14.751221,20.59997,22.13835,25.737543,29.301283,29.52693,32.086853,32.847313,28.60916,24.572765,23.963667,18.54683,19.985788,14.655001,16.892838,16.579384,13.415026,9.128517,6.5698767,6.0748363,0.0,4.615624,8.30489,11.824339,14.906281,21.015923,24.842968,26.522148,29.571503,31.877268,33.098335,30.70595,29.371809,26.392754,24.54804,19.266447,18.052391,13.013231,13.60812,8.577413,10.228718,8.496337,11.701683,15.672186,16.987597,19.241186,23.289421,24.953304,24.32058,22.031755,23.834105,26.070454,31.603619,29.396938,26.230764,25.375933,21.858866,22.97456,20.202477,23.840858,21.904293,18.212582,15.393699,17.54599,14.276156,19.10065,18.96793,23.465803,23.58076,28.496723,30.353144,33.73215,34.14141,36.67788,36.26247,34.1761,29.49574,27.45678,23.53423,23.245491,17.793459,17.033869,13.268575,13.9735565,10.186383,16.789118,15.10956,18.056322,19.27682,17.993044,16.8421,19.71225,18.469032,22.79442,22.15224,26.832745,30.160818,29.222939,26.526201,26.032978,20.681303,21.088314,17.008698,19.724686
27,18.42941,15.0302925,14.101738,14.497551,11.484094,16.810328,11.944495,18.082008,18.787613,22.739292,25.542624,26.161823,28.393476,28.866892,24.904419,20.68737,20.6197,15.024094,17.48505,12.792382,15.559532,16.420074,14.436656,9.8675785,9.630523,7.8784156,4.615624,0.0,4.9427714,7.4323053,11.357344,16.66841,20.810022,22.158106,25.22785,27.48953,28.618948,26.210396,24.769053,21.81272,19.982416,14.671735,13.590999,8.402011,9.723115,5.616243,8.724472,8.378808,9.56833,14.36317,14.105824,16.678349,20.587175,21.607523,20.606964,18.054756,19.729162,21.692394,27.3124,25.129477,21.867748,21.543295,18.309933,19.919434,17.891045,21.658777,20.578276,17.77382,14.952704,15.8131695,11.098591,15.751547,14.8534975,19.448416,19.19524,24.18313,25.888813,29.216713,29.677008,32.343227,32.01808,30.187685,25.421349,23.720608,19.605024,20.076435,14.18978,14.408322,10.903178,12.70248,10.643921,16.172592,16.140247,18.542877,18.717773,16.684187,14.870817,17.438633,15.509899,20.302382,18.754353,23.759558,27.147598,26.157993,23.191938,23.13405,17.298069,18.261322,14.217081,17.105247
28,17.049423,13.003706,13.15246,12.078965,9.346605,14.446327,10.076604,16.505732,16.83373,21.652199,23.780458,25.357714,27.23383,27.902891,24.468773,19.55043,20.242903,14.328352,17.348572,13.189758,15.226382,17.016983,15.590017,10.585594,12.291804,11.891522,8.30489,4.9427714,0.0,5.612021,6.6669188,13.091371,16.68229,18.584972,21.650192,23.907042,25.438797,23.36357,22.326447,19.499693,18.053976,12.977462,13.320132,7.3972044,11.55935,9.346747,12.818634,13.06706,13.100491,18.177423,16.912725,19.059849,23.044556,23.456533,21.554478,18.485252,20.261738,21.336786,27.117794,24.977528,21.47103,22.389963,19.854187,21.80141,20.959724,24.094343,23.574675,21.646952,18.261555,17.812687,12.704596,16.652056,14.568667,19.231304,17.793009,23.224392,23.898422,27.327084,27.28023,30.052118,29.244564,27.288559,22.24404,20.618187,16.06348,16.634962,10.499104,10.263774,6.4283314,8.505457,8.41177,12.340016,13.874234,16.044968,15.720067,13.603729,12.139523,13.536322,11.026444,15.675339,14.01031,18.882095,22.274086,21.484957,18.610678,19.02953,13.383149,15.03053,11.617149,15.480706
29,21.012718,17.07203,16.069637,14.014032,10.259294,14.150677,7.692245,13.463777,12.6566,17.286602,18.810923,20.320429,22.000612,22.394455,19.013552,14.200569,15.200177,9.434562,13.53094,10.790553,13.5635805,16.316467,16.371569,12.407658,14.96287,13.18406,11.824339,7.4323053,5.612021,0.0,6.792697,10.217576,14.071649,15.654265,18.08524,20.626087,21.419744,18.906563,17.893002,14.760558,14.152384,7.9912925,8.824804,3.109106,8.072005,8.809535,11.383766,13.8193035,12.570712,17.46628,14.232811,17.587872,20.547977,19.738857,18.27211,15.222036,15.831385,16.671312,22.328596,19.701889,16.188293,17.14512,15.0225725,17.044512,17.310392,19.90166,20.238373,19.47468,16.32511,14.519668,8.557785,11.671904,9.007729,13.6446495,12.31425,17.682306,18.735607,22.197437,22.37714,25.04026,24.61114,22.907698,18.084187,16.721283,12.50929,14.026471,7.8995094,10.260044,8.643298,12.245796,13.910303,16.865168,19.284388,21.238401,20.266949,17.62453,15.46657,16.378506,12.867669,17.746403,14.084068,19.196033,22.60066,22.092424,18.819242,20.344593,14.152651,16.76082,13.716462,17.064594
30,19.139025,14.840236,15.653009,12.379508,10.134014,13.264271,9.556503,14.9368305,14.102648,19.71905,20.402054,23.274635,24.451176,25.224512,22.745476,17.270386,19.10772,13.574766,17.31898,14.856006,16.084743,19.140488,19.004171,14.577775,17.893215,17.780119,14.906281,11.357344,6.6669188,6.792697,0.0,8.072854,10.332463,13.187455,15.832205,18.16857,20.016314,18.381136,18.074879,15.524341,15.190131,10.858014,13.329855,8.472319,14.38741,14.49964,17.781292,19.065016,17.93453,22.991613,20.260815,22.318144,25.81387,25.126749,22.492231,19.068142,20.39107,20.165718,25.749596,23.604202,20.01579,22.468449,21.062895,23.281536,24.039759,26.255575,26.639631,25.97928,22.326122,20.257994,15.031012,17.465878,14.055849,18.154915,15.205546,20.775633,20.001925,23.431131,22.703318,25.519936,24.15338,22.186905,16.909744,15.657561,10.604184,11.959798,5.8778257,6.3012433,4.6792865,7.765722,11.7281275,11.866448,15.97613,17.413609,16.018152,13.70887,12.554,11.501648,7.3310575,11.462876,7.9635324,12.793533,16.238535,16.012575,13.063196,15.151011,9.887925,13.257155,11.589305,15.957364
31,27.147404,22.876854,23.37322,19.731993,17.06222,18.973799,14.141797,17.750452,14.674066,19.901533,17.797144,21.611021,21.500017,21.047182,19.982683,14.998729,18.397892,14.308198,19.402838,18.993635,20.797014,24.546804,25.392965,21.485252,24.660757,23.348272,21.015923,16.66841,13.091371,10.217576,8.072854,0.0,6.1117506,5.5502405,9.201991,10.903521,12.782245,11.43939,10.387426,8.562265,8.142858,6.921529,10.494354,9.628237,14.7607765,17.357347,20.826805,22.488674,19.601454,24.019783,19.793905,21.293798,23.792072,22.010233,18.595314,15.21343,16.10441,14.500434,19.533258,18.13276,14.801982,19.099487,19.010742,22.046362,23.965805,26.321974,28.07337,28.440948,25.72599,22.695778,16.722103,17.400188,12.607033,15.318068,10.926128,15.690958,13.826194,16.667969,16.172346,19.649,18.708168,18.111628,12.802192,13.653135,8.578131,13.397724,8.8661995,12.32794,12.637022,15.574565,19.191364,18.4651,23.07869,23.379702,20.652056,17.548258,15.3536625,13.99422,9.967509,13.512944,7.9561577,12.54763,15.3858595,14.594773,11.118377,14.150718,9.053132,13.16365,12.826039,15.718173
32,27.485895,23.485153,24.06517,19.5743,17.68236,17.8553,14.92259,16.803804,13.598662,18.788828,16.047945,20.770828,20.303478,20.692837,20.359795,15.268364,18.8379,15.614657,19.847588,20.335579,21.052526,25.159029,26.635767,23.28444,27.385061,26.769674,24.842968,20.810022,16.68229,14.071649,10.332463,6.1117506,0.0,6.235082,6.15275,8.867912,10.738136,10.07953,11.4981,10.1269865,12.65442,11.388961,15.743399,14.496384,19.79465,22.337662,25.093866,27.498337,25.119019,29.675741,25.214909,27.273468,29.502722,27.169773,24.123356,20.884687,20.935019,18.757824,23.037447,21.079678,18.036272,22.461424,22.968418,25.347633,28.156057,29.156172,30.944235,31.983616,28.642418,24.887339,20.029001,19.977821,15.555088,17.46624,12.782295,17.010633,13.668701,16.551313,14.710627,17.530338,15.47031,14.197751,8.94868,9.881897,5.487058,10.155441,8.736538,11.571772,13.783716,16.442625,21.646797,19.606127,24.956766,25.527864,23.066988,20.597702,19.342665,16.591593,12.351004,13.938979,7.653002,9.868062,12.280379,13.2413,10.532905,15.621506,12.454565,16.967722,17.526535,20.844568
33,31.93349,27.704052,28.428085,24.425968,22.042778,23.163721,18.897842,21.385456,17.631126,22.36689,18.57261,23.118334,22.041134,21.04335,21.35002,17.007334,21.073973,18.168432,23.233238,23.744658,25.31878,29.322752,30.55504,26.846813,30.188553,28.825506,26.522148,22.158106,18.584972,15.654265,13.187455,5.5502405,6.235082,0.0,5.5329,5.677108,8.448713,8.485579,7.5827107,7.743868,8.139109,10.543279,14.03543,14.795546,19.25599,22.439072,25.86162,27.55091,24.199717,28.220045,23.603298,24.563725,26.483183,24.155888,20.310474,17.271116,17.83794,15.103782,18.96701,18.333906,15.626035,21.035147,21.914766,25.100836,27.701326,29.77107,32.11125,33.02443,30.558294,27.085001,21.324776,21.101385,16.15601,17.58,12.642523,15.936765,12.494275,14.391025,13.513266,17.27891,16.212416,16.66366,11.938566,14.319319,10.375996,15.871696,13.193823,16.584616,17.580431,20.178835,24.14882,22.400438,27.48681,27.222643,23.963646,20.894768,18.835518,16.755661,13.312177,15.350796,9.897581,12.601281,14.442551,13.652951,10.646825,14.436065,11.316083,15.246887,16.235737,18.296404
34,33.471077,29.485016,29.69877,25.229488,22.993795,22.819334,19.308743,20.084934,15.908639,19.952246,15.122417,20.240446,18.619839,18.031866,19.185745,15.236299,19.494501,17.853378,22.314095,23.9947,25.022118,29.316212,31.318844,28.315756,32.31147,31.054432,29.571503,25.22785,21.650192,18.08524,15.832205,9.201991,6.15275,5.5329,0.0,3.8535216,4.60521,4.934988,7.3448863,7.621975,11.54121,12.706337,16.86441,17.736427,21.990381,25.631258,28.15155,30.898169,27.812222,31.82274,26.605806,28.537909,29.841549,26.684317,23.653282,20.875454,20.127056,17.012524,19.999557,18.486961,16.176992,21.472887,23.039711,25.563911,29.171625,29.889269,32.499065,34.269817,31.537802,27.30217,22.51811,21.307217,16.751362,17.117134,12.187855,14.536819,9.861325,11.741303,9.61716,12.804801,11.060016,11.520317,7.4162545,10.72665,8.730563,14.042092,13.74003,17.345694,19.616781,22.492414,27.377249,25.509655,30.824625,31.0876,28.210167,25.434196,23.706434,21.236485,17.385397,18.852135,12.884875,14.272161,15.691054,16.362085,13.964258,18.866652,16.234674,20.434511,21.321348,23.71015
35,36.253532,32.16811,32.755512,28.374746,26.19456,26.345173,22.710539,23.864016,19.681015,23.65322,18.507057,23.555883,21.621258,20.443846,22.064415,18.507486,22.870546,21.234274,25.923811,27.431301,28.64322,32.885296,34.676594,31.400764,35.13099,33.775436,31.877268,27.48953,23.907042,20.626087,18.16857,10.903521,8.867912,5.677108,3.8535216,0.0,4.2315063,6.56622,7.536789,9.306995,11.727467,14.808012,18.44879,19.888485,23.960897,27.62981,30.599346,32.81356,29.359793,33.155117,28.0658,29.222767,30.483648,27.464424,23.885899,21.265825,20.97493,17.54454,19.985329,19.470343,17.508215,23.284826,25.018173,27.918886,31.344097,32.594036,35.384544,37.008087,34.570107,30.524572,25.358337,24.237638,19.504974,19.744024,14.818451,16.535774,11.726961,12.542954,10.813641,14.275824,12.88839,14.332973,10.986947,14.517544,12.434002,17.742952,16.990417,20.393713,22.231035,24.8134,29.35912,27.09491,32.490047,32.199932,28.886562,26.013283,24.200464,21.6566,18.354214,19.388052,14.060438,14.96034,15.789242,15.820385,13.725756,18.177813,16.43044,20.228956,21.709843,23.506489
36,37.885536,33.900066,33.870728,29.469912,27.0151,26.73745,22.876463,23.104586,18.566988,21.681719,15.765777,20.735182,18.335081,16.869204,19.153168,16.374819,20.801634,20.237743,24.689108,27.013638,28.258354,32.58363,34.862854,32.081226,35.95031,34.27694,33.098335,28.618948,25.438797,21.419744,20.016314,12.782245,10.738136,8.448713,4.60521,4.2315063,0.0,3.5450156,6.164278,8.1133175,12.2948,14.884464,18.529995,20.649914,24.069357,28.304916,30.611444,33.533615,30.047016,33.595917,27.978006,29.795464,30.380064,26.68997,23.8181,21.525364,20.184605,16.544365,18.210527,17.175335,15.675918,21.31778,23.605167,26.15109,30.204702,30.739511,33.876457,36.10297,33.85462,29.41554,24.78654,22.884026,18.49247,17.772615,13.196171,13.714714,8.448724,8.794824,6.697703,10.129976,9.179004,11.45459,9.205434,13.259282,12.534144,17.748774,17.77824,21.703634,23.938463,26.951704,31.604555,29.943174,35.179703,35.29928,32.221867,29.271952,27.260489,25.069876,21.449585,22.964619,17.209455,18.415255,19.417799,19.843302,17.639463,22.151781,19.743732,23.625387,24.58012,26.356354
