,0,1,2,3,4,5,6,7,8,9,10,11,12,13,14,15,16,17,18,19,20,21,22,23,24,25,26,27,28,29,30,31,32,33,34,35,36,37,38,39,40,41,42,43,44,45,46,47,48,49,50,51,52,53,54,55,56,57,58,59,60,61,62,63,64,65,66,67,68,69,70,71,72,73,74,75,76,77,78,79,80,81,82,83,84,85,86,87,88,89,90,91,92,93,94,95,96,97,98,99,100,101,102,103,104,105,106,107,108,109
0,0.0,4.240378,6.1892366,8.855549,11.850581,11.705716,14.889445,17.28677,19.594942,23.223612,25.82036,29.280785,32.537487,31.457428,31.146717,26.190407,24.74161,22.094643,20.148754,18.854065,17.400686,20.721088,16.389818,19.038942,23.539782,20.928238,24.768518,25.070103,20.729017,25.927837,21.527357,28.965588,29.825418,28.44186,31.32631,29.755901,31.418407,29.135231,26.622295,24.943226,24.592196,22.403465,27.171646,26.551218,22.602362,26.322144,24.328775,28.936268,28.328945,31.861607,33.776043,37.331684,36.37184,37.30234,35.85165,38.88666,36.077446,36.68501,41.047127,37.904774,34.643238,36.559902,33.378674,32.292076,34.240234,29.5299,29.722733,29.17692,26.535849,25.38288,25.987219,27.245789,27.986835,30.862648,30.389183,35.896553,33.364384,38.077805,38.398064,35.2462,36.625538,34.5799,31.663631,27.552273,26.654922,22.026651,25.349245,21.266994,24.02321,24.109045,26.448143,25.529772,26.605518,27.919966,22.823181,22.202682,17.780945,20.398241,21.4389,16.071133,13.926811,16.12645,18.169378,16.988754,14.696963,17.475073,15.929066,14.576102,17.604198,16.132654
1,4.240378,0.0,5.3371,6.324174,9.432909,11.256392,13.882115,16.842152,19.720484,23.351871,26.409096,29.61248,32.96444,31.785667,31.046024,26.043308,24.244175,21.210114,18.814566,16.769484,14.923683,17.377668,12.745678,15.02601,19.662506,17.384409,21.587364,22.301746,18.979622,24.343119,20.966732,28.745316,30.355816,29.4054,32.586758,31.451012,33.38383,31.420794,28.400019,26.219635,25.536581,22.54534,27.140919,25.622185,21.231445,24.419596,21.569162,26.141619,25.149002,28.424345,30.622717,34.29556,33.668983,34.856564,33.776688,37.05115,34.418102,35.451782,39.88672,36.932774,33.64146,35.184547,31.54767,30.299774,31.57747,26.919611,26.945192,25.871626,23.53044,22.962025,23.955912,25.63801,26.689957,29.943083,29.74014,35.478874,33.375046,38.019356,38.348576,35.223495,36.95899,35.33793,32.01015,27.704746,26.419079,21.868921,24.217037,19.392492,21.671629,21.40304,23.35222,22.749636,24.251507,26.03907,21.054588,21.403286,17.693645,20.554848,20.494978,14.410748,13.499922,16.40891,18.954754,18.512865,15.849469,19.558496,17.036694,16.661827,19.169554,18.13915
2,6.1892366,5.3371,0.0,5.383123,6.7735033,6.819489,11.285995,12.87646,16.574287,19.705887,22.89555,25.707676,29.34182,28.610777,27.675497,23.146145,20.84284,18.575953,15.6483135,14.702488,12.216369,16.311422,12.839346,16.031178,20.603638,18.847237,22.32105,22.255722,18.674152,23.784918,20.151327,27.933006,28.934475,28.84675,31.269623,30.573055,32.006252,30.16972,26.757524,24.221018,24.945301,21.587872,26.28587,25.217192,21.303598,24.06097,21.642704,26.054882,25.62184,28.871845,31.374573,34.847103,34.541386,34.765312,33.91716,36.935127,33.68812,34.717525,38.821293,35.31039,32.267612,33.100864,29.832367,28.175207,30.106506,25.175804,24.758986,24.438389,21.174164,20.132433,21.750036,22.741106,24.366575,27.067852,27.473112,32.858013,31.169537,35.941933,36.783203,34.039455,36.12218,34.719395,31.93837,27.667036,27.136501,22.443619,25.445198,21.016872,23.238127,23.68028,25.762188,25.8928,26.763924,27.89543,23.711851,23.75333,19.225882,23.082043,23.582037,17.170431,15.798359,19.479143,22.094736,20.699581,17.749477,20.148706,16.719088,15.553224,17.11446,15.166807
3,8.855549,6.324174,5.383123,0.0,3.6739576,6.868793,8.081451,11.448103,14.629532,18.110525,21.535818,24.428324,27.794931,26.582966,25.459913,20.56083,18.460396,15.295325,12.647894,10.477666,8.876652,11.985142,8.203294,11.776001,15.932184,13.730838,17.012918,17.01385,13.748487,18.999683,16.201027,24.166546,26.070948,26.18046,29.125734,28.822275,30.74698,29.335339,25.473051,22.545012,22.348053,18.312368,22.722971,20.803133,16.530975,19.07287,16.36596,20.846798,20.364548,23.77104,26.073488,29.552,29.173826,29.587755,28.762457,31.919441,28.920452,30.159874,34.416496,31.261738,28.092342,29.112028,25.461485,24.051195,25.574848,20.816256,20.926914,20.384777,17.91919,16.83991,17.671995,19.339111,20.582829,23.885473,24.01742,29.764273,28.163265,32.770992,33.364914,30.510572,32.787518,31.762514,28.488447,24.082651,23.142353,18.620573,20.770012,15.997539,17.975937,18.501057,20.618876,21.057526,21.701475,22.82875,19.003601,19.599066,15.675767,19.883438,19.6239,12.826522,12.371562,16.833113,19.887335,19.020233,15.715124,18.981398,14.601468,14.995235,16.148136,15.600315
4,11.850581,9.432909,6.7735033,3.6739576,0.0,5.5618653,7.0021744,9.401818,13.559231,16.466183,20.227367,22.56589,26.136621,25.202177,23.645277,19.187363,16.457928,13.705128,10.20781,8.410824,5.6106796,9.809683,7.415569,11.368055,15.264877,13.906345,16.587126,16.175343,13.653796,18.53207,16.400791,24.252295,26.118021,27.07074,29.588924,29.808172,31.503878,30.357313,26.09053,22.741158,23.330658,18.750988,22.941547,20.856665,16.872337,18.539265,15.671982,19.840174,19.58917,22.722172,25.425892,28.762321,28.860065,28.667902,28.284002,31.346731,28.024551,29.523457,33.5176,30.096085,27.144264,27.329996,23.685577,21.822,23.398758,18.461594,18.062899,17.817501,14.760037,13.664313,15.38586,16.785248,18.76733,21.86024,22.682259,28.227789,27.255987,31.840887,32.807816,30.29495,32.990887,32.372696,29.320532,24.955484,24.362236,19.982344,21.945755,17.28997,18.796865,19.623323,21.49864,22.639175,23.058231,23.942944,20.912863,21.767403,17.889357,22.552294,22.168655,15.303965,15.161125,19.94936,23.068018,21.991064,18.582365,21.311756,16.27267,16.58576,16.805927,15.975282
5,11.705716,11.256392,6.819489,6.868793,5.5618653,0.0,6.1318665,6.1083407,10.371567,13.069571,16.482807,19.003883,22.723785,22.161646,21.021074,16.821695,14.215056,12.580238,9.599371,10.220451,8.544408,14.282083,12.759965,16.8597,20.462833,18.745335,20.707596,19.46037,15.32666,19.70577,15.994629,23.39417,23.993198,25.067722,26.78994,26.906942,28.030622,26.71532,22.571066,19.38984,21.324219,17.35341,21.825363,21.158628,18.080715,20.282564,19.004234,23.010263,23.532003,26.93756,29.26784,32.305626,32.066303,31.122562,30.332994,32.919533,29.087742,29.994633,33.698997,29.73499,26.967567,27.295212,24.558413,22.781307,25.698757,20.732115,20.467453,21.427864,17.725708,15.383955,16.551394,16.788176,18.530872,20.708673,21.492025,26.546848,25.256014,30.04129,31.306292,28.981543,31.486385,30.546366,28.26924,24.142082,24.431213,19.90486,23.338907,19.807766,21.91368,23.38855,25.78732,26.69673,26.440592,26.512724,23.631798,23.287653,18.2865,23.209293,24.141687,17.845772,16.253633,20.768019,23.518095,21.375973,18.121407,19.262077,14.379005,13.362345,13.093818,11.200189
6,14.889445,13.882115,11.285995,8.081451,7.0021744,6.1318665,0.0,5.04112,6.9753714,10.403693,13.915578,16.754412,19.918673,18.59541,17.413704,12.5019245,10.523962,7.3912086,5.677232,5.56888,7.208462,11.862875,11.191676,15.412143,17.815432,15.45708,16.212116,14.308777,9.449458,13.592389,10.243118,17.779203,19.229555,20.69569,22.873657,23.541485,25.184132,24.450062,19.778004,16.11018,17.109217,12.261628,16.398832,15.1407795,12.177377,14.271977,13.871779,17.74543,18.81872,22.584288,24.300154,27.100163,26.523779,25.364346,24.332457,26.840872,23.058842,23.941845,27.78407,24.069477,21.129717,21.963194,19.077204,17.832094,20.965303,16.279303,17.123005,18.480503,15.859136,12.702674,11.725345,12.539373,13.23954,16.108528,16.247295,21.807692,20.391981,25.052694,26.029095,23.573652,26.294138,25.778347,23.125969,18.927946,19.137945,14.90328,17.873295,14.859697,16.840654,18.967812,21.649988,22.892134,21.78914,21.208591,19.258783,18.938896,14.373588,19.779505,20.419186,14.532297,13.419899,18.428614,21.36391,19.456661,16.029926,17.424068,11.437155,12.355843,11.210791,11.591734
7,17.28677,16.842152,12.87646,11.448103,9.401818,6.1083407,5.04112,0.0,5.552138,7.323787,11.150113,13.260648,16.972776,16.46442,15.009096,11.176893,8.174668,7.4966483,5.0391235,8.178679,8.587134,14.369201,14.772676,18.98159,21.382269,19.744387,20.115194,17.777939,13.468078,16.519407,13.170897,19.594053,19.89353,22.264225,23.285154,24.347803,25.231709,24.60114,19.792706,15.95817,18.920647,14.41814,18.232792,17.928017,16.020866,17.394148,17.522314,20.794445,22.274149,25.689247,27.664186,30.159906,29.938084,27.884535,27.144266,29.221378,24.899061,25.660097,28.895367,24.548094,22.112934,21.927458,19.835869,18.06337,22.033781,17.313028,17.44231,19.74198,16.109028,12.366612,12.422656,11.677866,13.330369,14.867309,16.043394,20.72387,19.929544,24.64273,26.311739,24.46579,27.416029,27.066036,25.286575,21.469448,22.524347,18.527788,22.007198,19.604992,21.408884,23.728176,26.275423,27.791658,26.55273,25.646566,24.149256,23.546173,18.64879,24.099163,25.233084,19.529339,18.038662,22.821947,25.54101,23.056145,19.801718,19.958427,14.201853,13.838046,11.594946,10.624282
8,19.594942,19.720484,16.574287,14.629532,13.559231,10.371567,6.9753714,5.552138,0.0,4.202504,7.0245595,10.450897,13.350475,12.106614,11.5702,6.8289313,6.0261474,5.4713454,7.1665707,10.21674,12.769464,17.52897,17.915625,22.055567,23.80255,21.391962,20.897276,17.996737,12.312468,14.215735,9.612728,14.855766,14.451836,17.05544,17.780443,19.122368,20.02481,19.748001,14.669736,10.602831,13.973377,9.80762,13.377482,14.355748,13.734445,15.664576,17.749279,20.67563,22.831621,26.620382,27.672537,29.774298,28.835518,26.418951,24.954882,26.519445,22.110506,22.098524,25.227922,20.828115,18.371445,19.361425,18.148533,17.357862,22.244541,18.171629,19.463224,22.296366,19.563223,15.194941,12.77133,11.754915,11.28597,12.389987,12.179289,16.810818,15.0487,19.875637,21.348434,19.40844,22.132217,21.680183,20.314213,16.823977,18.604853,15.030356,19.297806,18.443153,20.585522,23.520782,26.539776,27.812763,25.683485,23.832617,22.96448,21.41413,16.368664,21.797028,23.703833,19.190964,17.115974,21.48126,23.848349,20.928131,17.980358,17.023027,11.227149,11.420916,7.922706,8.804249
9,23.223612,23.351871,19.705887,18.110525,16.466183,13.069571,10.403693,7.323787,4.202504,0.0,4.101888,6.402133,9.743582,9.239042,8.217627,5.238142,3.7889514,6.644346,8.360215,12.440626,14.715941,19.503908,20.767637,24.833359,26.265814,24.345423,23.320807,20.06499,15.215123,16.052197,12.484855,16.091122,14.94826,18.702604,18.322073,20.379044,20.654802,20.825594,15.662786,11.528009,16.22755,12.418628,14.923572,16.294548,16.564592,17.519514,19.98136,22.249527,24.779335,28.241697,29.360626,31.09211,30.45454,27.2249,26.076746,27.189333,22.41191,22.348055,24.77524,19.91985,18.083754,18.011292,17.674467,16.616823,22.140184,18.383194,19.382551,22.965506,19.96285,15.249683,13.067207,10.824377,10.772395,10.298223,11.131205,14.57918,13.754902,18.385492,20.55584,19.391039,22.4579,22.509016,21.905315,18.955082,21.281372,18.262693,22.274742,21.842642,23.621206,26.73176,29.580637,31.220476,28.889273,26.75015,26.538494,25.062794,20.248316,25.638586,27.548582,23.16458,21.256224,25.585978,27.878048,24.827324,22.006994,20.520668,15.0287895,14.877126,10.85825,11.142386
10,25.82036,26.409096,22.89555,21.535818,20.227367,16.482807,13.915578,11.150113,7.0245595,4.101888,0.0,4.539479,6.7590904,6.305783,6.852785,5.4438906,6.7038736,9.738575,12.337498,16.20541,18.765608,23.40484,24.56395,28.622768,29.918348,27.734484,26.439268,23.020473,17.773283,17.856422,13.842684,15.588173,13.029738,17.113014,15.655013,18.02016,17.72127,18.227161,13.20109,9.390786,15.255199,12.695766,14.443569,17.150417,18.410648,19.584757,22.94941,24.942356,27.757288,31.293726,31.967613,33.40826,32.418697,28.887205,27.359482,27.952444,23.162132,22.425055,24.383688,19.435171,17.979687,18.4662,19.193544,18.710163,24.663584,21.412558,22.746132,26.572271,23.80192,18.990023,16.18553,13.730201,12.664732,11.126858,11.09057,13.213055,11.767666,16.22707,18.55452,17.741299,20.46154,20.402617,20.724669,18.455616,21.474133,18.980124,23.483194,24.020079,25.969854,29.299288,32.343567,33.79163,31.063984,28.430206,28.511272,26.413359,21.549856,26.633572,29.147926,25.514658,23.189028,27.03479,28.96456,25.550867,23.115648,20.613356,15.853459,15.447886,11.0111065,11.701656
11,29.280785,29.61248,25.707676,24.428324,22.56589,19.003883,16.754412,13.260648,10.450897,6.402133,4.539479,0.0,4.187195,5.884175,4.9816623,7.369214,7.4717784,11.79034,13.789701,18.059792,20.257128,24.74361,26.680552,30.612524,31.62068,30.004122,28.333887,24.734632,20.505714,20.02583,17.269491,18.370806,15.962467,20.800606,18.801712,21.6961,21.03637,21.901585,17.07485,13.496272,19.342394,16.56318,17.620075,19.865553,21.384525,21.577961,24.807512,26.230816,29.226366,32.34193,33.22479,34.361988,33.839935,29.652252,28.654402,28.949703,23.939783,23.448536,24.678213,19.464146,18.728315,17.684475,19.074972,18.170645,24.323498,21.429924,22.320152,26.657532,23.711739,18.886251,16.666527,13.411581,13.138735,10.238651,11.750088,12.240945,12.6151085,16.36217,19.413052,19.48703,22.623325,23.238716,23.915129,21.959173,25.031765,22.85023,26.763605,27.220821,28.739635,32.103886,34.87833,36.755997,34.015263,31.349203,31.931608,30.225304,25.651434,30.833364,33.014183,29.157667,27.204294,31.27447,33.325443,30.021406,27.501171,25.151327,20.273619,19.866974,15.478397,15.636492
12,32.537487,32.96444,29.34182,27.794931,26.136621,22.723785,19.918673,16.972776,13.350475,9.743582,6.7590904,4.187195,0.0,3.4867482,4.469891,8.611036,10.332716,14.220809,17.046904,21.006514,23.737387,27.77375,29.806574,33.640816,34.265923,32.460773,30.31184,26.528923,22.286074,20.911942,18.436277,17.682547,14.601827,19.91827,17.14057,20.59825,19.658041,21.130705,16.578127,13.470712,19.248894,17.243813,17.223862,20.130974,22.561895,22.598629,26.648493,27.619148,30.922636,34.017742,34.392063,35.135044,34.330772,29.784258,28.532328,28.254269,23.334436,22.293808,22.879341,17.730492,17.561647,16.888803,19.34445,19.118025,25.48442,23.2762,24.652206,29.164227,26.738358,21.857655,18.78508,15.607395,14.276849,10.698013,11.304781,9.9343605,10.334071,13.323816,16.632982,17.357445,20.342701,21.30657,22.72303,21.515106,25.01121,23.55025,27.36591,28.702826,30.15336,33.734604,36.586517,38.435696,35.260544,32.108643,33.26719,31.253656,27.01727,31.91376,34.302235,31.15809,29.16654,32.923195,34.74641,31.393375,29.148169,26.359892,21.901342,21.828325,17.336002,18.20556
13,31.457428,31.785667,28.610777,26.582966,25.202177,22.161646,18.59541,16.46442,12.106614,9.239042,6.305783,5.884175,3.4867482,0.0,3.7654316,6.445973,9.467435,12.513835,16.088324,19.584354,22.88188,26.517681,28.37086,32.123657,32.53887,30.427298,28.096733,24.290857,19.797405,18.082533,15.601308,14.227356,11.294609,16.836576,14.437204,18.10838,17.68053,19.33722,14.526314,11.19148,16.299822,14.284704,13.840343,16.919504,19.692324,19.876898,24.38565,25.327524,28.706102,31.969898,31.994202,32.708904,31.57874,27.210423,25.623222,25.327751,20.514435,19.233143,20.119453,15.073077,14.581943,14.945052,17.298998,17.621733,23.959661,21.885191,23.813404,28.12666,26.180923,21.269064,17.324701,14.633888,12.299495,9.231497,8.496688,7.8403015,7.071321,10.6754875,13.666354,14.023846,17.109459,18.15622,19.332949,18.153368,21.67824,20.487345,24.179853,25.912888,27.380138,31.051321,33.99429,35.729843,32.347256,29.0007,30.359638,28.24033,24.281717,29.049435,31.398838,28.66224,26.755283,30.38209,32.157753,28.963331,26.784834,24.151255,19.658274,20.191484,15.752155,17.470165
14,31.146717,31.046024,27.675497,25.459913,23.645277,21.021074,17.413704,15.009096,11.5702,8.217627,6.852785,4.9816623,4.469891,3.7654316,0.0,5.643553,7.2260623,10.852508,13.921121,17.574762,20.66119,24.09431,26.479479,30.116096,30.361177,28.712433,26.24919,22.395308,18.751087,17.066042,15.613798,15.309128,13.701703,19.31302,17.635965,21.21589,21.112213,22.568068,17.512606,13.716327,18.350882,15.209251,15.068822,16.88793,19.189737,18.608913,22.57736,23.300524,26.66016,29.644186,30.0392,30.759106,30.132751,25.541136,24.536028,24.472607,19.449577,18.890974,19.81005,14.564912,14.112201,12.943439,14.9618225,14.678063,21.04392,18.913616,20.527607,25.037098,23.006819,18.125301,14.565854,11.471123,9.907567,6.242616,7.469944,7.382058,8.706054,12.177545,15.3544445,15.759877,19.417883,20.84698,21.3287,19.667229,22.716908,21.273943,24.331837,25.401056,26.497114,30.075956,32.742657,34.862896,31.700958,28.642595,30.128088,28.642311,24.856852,29.928905,31.689016,28.36078,26.929138,31.006638,33.10278,30.190554,27.687305,25.76695,20.631586,21.33436,16.961843,18.313875
15,26.190407,26.043308,23.146145,20.56083,19.187363,16.821695,12.5019245,11.176893,6.8289313,5.238142,5.4438906,7.369214,8.611036,6.445973,5.643553,0.0,4.3797994,6.1218023,10.109994,13.242796,16.828709,20.316662,21.969738,25.717352,26.258818,24.076054,22.053162,18.392519,13.684323,12.836973,10.217682,11.736894,11.053881,15.799917,15.508196,18.397652,19.109993,20.040539,14.65856,10.342998,14.022049,10.042705,11.008901,12.534172,14.15372,14.540028,18.40914,19.937815,23.011381,26.497639,26.86595,28.118681,27.110762,23.449738,21.981665,22.635086,17.818523,17.381254,19.64765,14.81638,13.004355,13.659323,13.9613085,13.886197,19.806826,16.921507,18.960535,22.77047,20.878883,16.03546,11.851696,9.869968,7.5344644,6.8071856,6.0694294,9.988723,8.873521,13.520724,15.552742,14.478267,17.92932,18.65491,18.046818,15.506235,18.133558,16.0736,19.473427,20.196915,21.664776,25.179262,28.078695,29.862234,26.845436,24.010536,24.884617,23.317087,19.320404,24.510607,26.24828,22.804852,21.28613,25.416729,27.603445,24.834768,22.203959,20.77542,15.282162,16.462786,12.351749,14.358231
16,24.74161,24.244175,20.84284,18.460396,16.457928,14.215056,10.523962,8.174668,6.0261474,3.7889514,6.7038736,7.4717784,10.332716,9.467435,7.2260623,4.3797994,0.0,4.6364775,6.7719283,10.744029,13.536463,17.49476,19.553236,23.358248,24.176289,22.591827,20.95606,17.466314,13.626268,13.790261,11.88135,15.301274,15.295318,19.614008,19.631243,22.15367,22.809692,23.337591,17.99279,13.643199,17.330765,12.707099,14.539291,14.798762,15.166382,15.058413,17.514399,19.270346,22.0048,25.22826,26.368818,27.910767,27.565422,24.011059,23.248718,24.376907,19.507612,19.901525,22.259354,17.427933,15.6544895,14.774669,14.133722,12.860268,18.44932,14.87365,16.048002,19.914137,17.317564,12.442188,9.683719,7.1546626,7.317991,7.0759335,8.83043,12.724996,12.916515,17.300455,19.544315,18.563982,22.167679,22.885254,21.871325,18.875679,20.900877,18.235338,21.227514,20.696842,21.925459,25.11465,27.701773,29.786842,27.34861,25.173393,25.620625,24.740643,20.614092,26.089083,27.315344,22.872158,21.696314,26.305761,28.817028,26.231129,23.25942,22.500484,16.585922,17.332525,13.531189,14.390469
17,22.094643,21.210114,18.575953,15.295325,13.705128,12.580238,7.3912086,7.4966483,5.4713454,6.644346,9.738575,11.79034,14.220809,12.513835,10.852508,6.1218023,4.6364775,0.0,4.7240386,7.1281457,11.013207,14.297481,15.876177,19.617315,20.353788,18.315323,16.792542,13.442167,9.034308,9.99794,8.137239,13.296419,14.739256,18.163986,19.467598,21.529068,22.95785,23.259745,17.952477,13.626784,15.466479,10.034352,12.446077,11.468681,10.855725,11.181239,13.369,15.690162,18.184729,21.771948,22.786573,24.682108,24.073444,21.310501,20.305984,22.008253,17.529884,18.204899,21.420425,17.214977,14.6641035,14.949624,12.96586,12.083868,16.81259,12.912413,14.731426,17.771217,15.839407,11.314288,7.5128536,7.0530806,6.3148465,8.814418,9.085566,14.54762,13.8717375,18.33566,19.76209,17.969675,21.428095,21.938417,19.906643,16.331339,17.579159,14.612719,17.137344,16.120567,17.396185,20.53174,23.206339,25.173357,22.812086,20.86574,21.072224,20.492964,16.678797,22.189135,22.954082,18.407124,17.620756,22.387537,25.077026,22.95992,19.840809,20.049767,13.803685,15.503815,12.445529,14.09505
18,20.148754,18.814566,15.6483135,12.647894,10.20781,9.599371,5.677232,5.0391235,7.1665707,8.360215,12.337498,13.789701,17.046904,16.088324,13.921121,10.109994,6.7719283,4.7240386,0.0,4.576932,6.8005548,11.166759,12.973399,16.85044,18.21329,16.914566,16.293238,13.552339,10.527749,12.905135,11.641549,17.817038,19.330204,22.352015,23.75924,25.444729,26.75324,26.65383,21.495844,17.285809,19.304443,13.914961,16.902147,15.295535,13.410545,13.472036,13.455586,16.217442,17.967442,21.202581,23.173126,25.483723,25.562944,23.227396,22.904173,25.06611,20.768724,22.062723,25.293468,21.178799,18.747925,17.97194,15.264351,13.302248,17.002089,12.300079,12.792896,15.373893,12.400461,8.190198,7.4123936,7.2422466,9.3339405,11.76111,13.344164,18.423069,18.382637,22.7801,24.388634,22.67281,26.128326,26.50081,24.274233,20.446108,21.168108,17.696678,19.853872,17.401115,18.45519,20.963806,23.216715,25.363651,23.86367,22.836912,22.30537,22.449228,18.555374,24.090712,24.350136,18.745882,18.322317,23.409313,26.359692,24.475117,21.111748,22.007048,15.756914,16.78981,14.372367,14.727842
19,18.854065,16.769484,14.702488,10.477666,8.410824,10.220451,5.56888,8.178679,10.21674,12.440626,16.20541,18.059792,21.006514,19.584354,17.574762,13.242796,10.744029,7.1281457,4.576932,0.0,4.889878,7.427049,8.909034,12.634774,13.8545475,12.338421,12.062272,9.868858,7.7327547,11.251921,11.124491,18.09228,20.7694,23.04882,25.405462,26.764263,28.647123,28.43098,23.445116,19.426073,19.869812,14.257762,17.284489,14.3660345,11.217217,11.251984,9.632102,13.064539,14.15785,17.572178,19.685688,22.42019,22.509348,21.140245,20.898916,23.647781,19.974745,21.697937,25.455948,22.054483,19.237755,19.035566,15.276896,13.594479,15.782741,10.975106,11.851203,13.057265,11.08758,8.130859,7.1989493,9.220233,10.721854,14.373507,15.247903,20.90412,20.579506,24.794228,25.831411,23.668728,26.985027,27.319805,24.277365,20.151323,19.920195,16.405413,17.442873,13.955274,14.686439,16.80729,18.865517,21.08335,19.974035,19.569876,18.74976,19.706367,16.60091,21.890837,21.252802,15.328354,15.84471,21.057554,24.23073,23.097157,19.64589,21.782759,15.608217,17.472723,16.001896,16.879795
20,17.400686,14.923683,12.216369,8.876652,5.6106796,8.544408,7.208462,8.587134,12.769464,14.715941,18.765608,20.257128,23.737387,22.88188,20.66119,16.828709,13.536463,11.013207,6.8005548,4.889878,0.0,6.2350473,7.3982654,11.168474,13.588837,13.178231,14.308254,13.142179,12.174993,16.048811,15.6155205,22.839928,25.114122,27.217115,29.402039,30.47806,32.117363,31.559717,26.73442,22.828283,23.815662,18.475712,21.902023,19.203598,15.746758,15.8434725,12.902012,16.324793,16.562668,19.332964,22.314278,25.311079,25.980793,24.949646,25.18285,28.092175,24.507822,26.447838,30.077137,26.564682,23.918144,23.023277,19.226269,16.884912,18.334805,13.305294,12.557469,12.910649,9.554299,8.063344,10.583528,12.022374,14.832003,17.918814,19.538235,24.848022,24.836582,29.144018,30.433086,28.380632,31.667212,31.809746,28.865671,24.661379,24.33061,20.489115,21.654839,17.380247,18.038929,19.372658,20.925085,23.077251,22.923742,23.33201,21.732727,23.05121,19.746984,24.831892,24.02701,17.430145,17.98608,23.140448,26.375921,25.318306,21.816107,24.20342,18.361612,19.32618,18.328012,18.029213
21,20.721088,17.377668,16.311422,11.985142,9.809683,14.282083,11.862875,14.369201,17.52897,19.503908,23.40484,24.74361,27.77375,26.517681,24.09431,20.316662,17.49476,14.297481,11.166759,7.427049,6.2350473,0.0,5.224202,6.9729266,7.7818117,8.711009,9.630699,9.627724,12.107547,15.49475,17.372246,24.120466,27.615257,29.61533,32.44392,33.680557,35.816593,35.506943,30.658392,26.742157,26.465544,20.900185,23.592844,19.499786,15.6114025,14.481503,9.492256,12.420738,11.58873,13.731376,17.26214,20.494432,21.749517,21.546083,22.446648,25.801102,23.024752,25.662746,29.417831,26.768087,24.093824,23.057213,18.351027,16.178576,15.416367,10.983247,10.380851,8.525449,7.615526,8.594751,10.802402,13.691507,16.136631,19.955828,21.370552,26.807688,27.146484,30.95803,31.84804,29.726494,33.13021,33.71188,30.114916,25.94989,24.789942,21.575739,20.831383,15.912853,15.322397,15.95481,16.547142,19.408638,19.74433,20.878592,19.870646,22.5376,20.857924,25.383917,23.209541,16.923416,19.047184,24.026857,27.391993,27.319448,23.905167,27.32905,21.602907,23.578312,22.878784,23.382566
22,16.389818,12.745678,12.839346,8.203294,7.415569,12.759965,11.191676,14.772676,17.915625,20.767637,24.56395,26.680552,29.806574,28.37086,26.479479,21.969738,19.553236,15.876177,12.973399,8.909034,7.3982654,5.224202,0.0,4.2712617,7.9125814,7.0859237,10.542271,11.553009,12.184308,16.796219,17.239292,24.705023,28.071516,29.01904,32.32343,32.84123,35.166424,34.40975,29.996347,26.50217,25.580528,20.533997,23.867914,20.093515,15.47723,15.974861,11.039187,15.014438,13.613055,16.311749,19.325321,22.954908,23.464752,24.299816,24.46495,28.02749,25.573376,27.779165,31.976606,29.46406,26.421568,26.547232,21.951372,20.313343,19.931898,15.601825,15.533127,13.527375,12.569351,13.141279,14.505236,17.33836,19.041222,23.033743,23.667671,29.49654,28.918158,33.008488,33.532085,30.91061,33.790672,33.7219,29.857004,25.48534,23.890835,20.223135,19.87298,14.238748,14.420572,14.357656,15.288543,17.104736,18.195587,20.016214,17.480082,20.068361,18.246973,22.314207,20.107956,13.381759,15.517724,20.226212,23.582005,23.820923,20.492575,24.564053,19.482891,21.329695,21.616972,22.021336
23,19.038942,15.02601,16.031178,11.776001,11.368055,16.8597,15.412143,18.98159,22.055567,24.833359,28.622768,30.612524,33.640816,32.123657,30.116096,25.717352,23.358248,19.617315,16.85044,12.634774,11.168474,6.9729266,4.2712617,0.0,4.999184,5.8887186,10.194446,12.494029,14.903541,19.072926,20.484207,27.59125,31.44148,32.23996,35.835865,36.337753,38.86635,38.15105,33.81383,30.376204,28.929363,23.941057,26.938028,22.61612,17.902122,17.86921,12.046133,15.3936405,12.978164,14.832413,18.180868,21.976507,22.885965,24.553427,25.129124,28.92414,27.07757,29.61891,33.82678,31.810534,28.808237,28.81457,23.883953,22.313923,20.714005,17.001925,16.77235,13.541719,13.772867,15.550331,17.147844,20.32135,22.022413,26.177961,26.819239,32.611862,32.22359,36.073074,36.41305,33.768982,36.638718,36.72323,32.54948,28.251589,26.180626,22.895086,21.501245,15.555787,14.940576,13.881539,13.748283,15.762366,17.774254,20.441013,17.984371,21.480156,20.737152,24.150702,21.04934,14.816316,17.846218,22.073065,25.373554,26.29707,23.16015,27.781303,23.02168,25.131447,25.645458,26.188934
24,23.539782,19.662506,20.603638,15.932184,15.264877,20.462833,17.815432,21.382269,23.80255,26.265814,29.918348,31.62068,34.265923,32.53887,30.361177,26.258818,24.176289,20.353788,18.21329,13.8545475,13.588837,7.7818117,7.9125814,4.999184,0.0,4.7740073,7.0862746,10.127627,14.823848,17.843433,20.909948,27.105816,31.592436,32.74726,36.446278,37.369144,40.084927,39.76527,35.255753,31.681362,29.810328,24.636354,26.831173,21.806534,17.467457,16.216778,9.897305,12.059261,8.964639,10.0639105,13.636737,17.403004,18.78417,20.755741,21.860044,25.732706,24.417719,27.361284,31.402714,29.959717,27.129261,26.904455,21.711775,20.408337,17.633574,14.8650875,15.119675,11.256022,13.427539,15.545935,16.373209,19.967653,21.32807,25.639002,26.224743,31.813671,31.830027,35.20707,35.384804,32.91421,35.960865,36.564026,32.211323,28.161272,25.879208,23.335373,20.68563,15.148495,13.351591,12.186287,11.119089,14.258148,15.944072,18.58699,17.519794,21.67952,22.014055,25.256435,21.529278,16.229305,19.903772,24.029251,27.28755,28.50186,25.45598,30.078402,25.108051,27.851782,27.939249,29.077
25,20.928238,17.384409,18.847237,13.730838,13.906345,18.745335,15.45708,19.744387,21.391962,24.345423,27.734484,30.004122,32.460773,30.427298,28.712433,24.076054,22.591827,18.315323,16.914566,12.338421,13.178231,8.711009,7.0859237,5.8887186,4.7740073,0.0,5.305829,8.382177,11.408465,14.978842,17.338177,23.665438,28.181353,28.740107,32.752026,33.366848,36.265514,35.85653,31.585697,28.281334,25.787472,20.942783,23.262804,18.387775,13.702827,13.552262,7.789405,11.189569,8.639675,11.482233,13.645611,17.511284,17.648003,19.911566,20.011332,23.916906,22.627577,25.068077,29.474224,28.081951,24.939013,25.855558,20.869495,20.190647,18.485044,15.5013075,16.769768,14.029639,15.66941,16.41377,15.761049,19.433294,19.861,24.379683,24.154404,30.037512,29.301472,32.791374,32.632217,29.806892,32.488495,32.743652,28.23009,24.121714,21.60656,18.981636,16.417341,10.600204,9.287777,8.196625,8.330503,10.834975,12.116514,14.694692,12.951377,16.953577,17.395353,20.488945,16.81896,11.544284,15.377982,19.406748,22.645386,23.937954,20.98227,25.76286,21.080654,24.15627,24.551939,26.134922
26,24.768518,21.587364,22.32105,17.012918,16.587126,20.707596,16.212116,20.115194,20.897276,23.320807,26.439268,28.333887,30.31184,28.096733,26.24919,22.053162,20.95606,16.792542,16.293238,12.062272,14.308254,9.630699,10.542271,10.194446,7.0862746,5.305829,0.0,4.014475,9.783205,11.540869,15.826483,20.910738,25.908623,27.180164,30.996336,32.2444,35.16425,35.27186,30.73932,27.23215,24.70296,19.607395,20.937656,15.473421,11.623328,9.699917,3.742464,5.969333,3.6649873,7.569671,9.091701,12.742997,12.956686,14.645057,15.049629,18.94256,17.764257,20.541126,24.754545,23.70794,20.755585,21.472067,16.377062,16.135279,13.9999485,11.888843,14.177867,12.095968,14.887378,15.052879,12.974579,16.878746,16.706137,21.261509,20.933916,26.51372,26.221258,29.227818,29.020458,26.488363,29.474745,30.372223,25.928774,22.153833,19.843527,18.059082,14.580624,10.07276,7.521363,7.9676642,8.152269,11.893679,11.301611,12.55084,13.219607,17.075235,18.016401,21.3853,17.8567,13.72391,17.327993,21.443628,24.566154,25.580322,22.668907,26.80347,21.699894,25.245975,24.848629,26.992304
27,25.070103,22.301746,22.255722,17.01385,16.175343,19.46037,14.308777,17.777939,17.996737,20.06499,23.020473,24.734632,26.528923,24.290857,22.395308,18.392519,17.466314,13.442167,13.552339,9.868858,13.142179,9.627724,11.553009,12.494029,10.127627,8.382177,4.014475,0.0,7.2895174,8.105197,13.027355,17.745903,22.62546,24.532833,27.95431,29.598001,32.33327,32.683147,27.92556,24.226557,22.194334,16.832296,17.8652,12.455317,9.237041,6.2767463,0.8752459,3.8676598,4.8768044,9.025334,10.000676,12.899774,12.875668,12.839437,13.034733,16.614271,14.604655,17.332129,21.458702,19.980833,17.055077,17.615873,12.601118,12.468585,11.402484,9.012265,12.075787,11.472569,13.784462,12.791354,9.446943,13.31756,12.752965,17.306908,16.987318,22.51677,22.401766,25.406141,25.411312,23.080647,26.3497,27.497032,23.384739,19.689146,18.002666,16.295385,13.434034,10.055507,8.112077,10.193516,11.3512335,14.769185,13.009811,12.744473,14.235049,17.077929,17.256115,21.267561,18.606173,14.537421,17.315071,21.748829,24.832891,25.194448,22.191547,25.54376,20.020565,23.562372,22.535639,24.849457
28,20.729017,18.979622,18.674152,13.748487,13.653796,15.32666,9.449458,13.468078,12.312468,15.215123,17.773283,20.505714,22.286074,19.797405,18.751087,13.684323,13.626268,9.034308,10.527749,7.7327547,12.174993,12.107547,12.184308,14.903541,14.823848,11.408465,9.783205,7.2895174,0.0,5.3893666,6.155155,12.688456,16.840906,18.1164,21.640089,22.827377,25.544016,25.621681,20.98179,17.47007,15.334227,9.957949,12.11962,7.9142137,3.6349638,5.610042,6.773666,10.318367,11.9225855,16.254356,16.483755,19.029009,17.601536,17.065279,15.453828,18.325064,15.457641,16.628077,21.119144,18.779556,15.355466,17.690767,13.970718,14.323016,16.280516,13.02929,15.979745,16.779741,17.01707,14.324752,9.96151,12.726114,10.90714,15.2591305,13.728249,19.824608,18.2178,21.979326,21.870806,18.963919,21.751463,22.023336,18.093859,13.91745,12.791164,9.933883,9.750023,7.2786717,8.428237,11.606352,14.578251,16.26566,13.802505,12.349299,12.340527,12.939522,11.132568,16.029642,15.126759,10.931874,11.924919,16.590174,19.55146,18.98842,15.917201,18.518368,12.834835,16.519337,15.520152,18.304815
29,25.927837,24.343119,23.784918,18.999683,18.53207,19.70577,13.592389,16.519407,14.215735,16.052197,17.856422,20.02583,20.911942,18.082533,17.066042,12.836973,13.790261,9.99794,12.905135,11.251921,16.048811,15.49475,16.796219,19.072926,17.843433,14.978842,11.540869,8.105197,5.3893666,0.0,6.9672084,9.6892605,14.738898,17.054373,20.223167,22.286621,25.00562,25.814249,21.070482,17.539108,15.273656,10.183974,10.011836,4.6416454,4.4335837,2.1226807,8.083499,9.131433,12.137335,16.075565,15.209613,16.744383,14.936418,13.072359,11.036458,13.3585205,10.155751,11.285233,15.762414,13.761029,10.321864,13.276114,9.932714,11.550467,13.979227,12.158948,16.053036,17.683775,18.733713,15.6571245,9.722733,12.13981,8.696595,12.853089,10.550667,16.230812,14.990478,18.001274,17.676168,15.0765705,18.314573,19.546236,15.783865,12.3557005,11.766842,10.804977,9.40779,9.870758,9.881405,13.654439,16.308704,18.450457,14.892413,11.975901,14.45176,14.780022,14.068805,18.421724,17.621788,15.154519,16.144667,20.166029,22.742208,22.11143,19.449667,21.187035,15.779013,19.679115,17.86322,21.1871
30,21.527357,20.966732,20.151327,16.201027,16.400791,15.994629,10.243118,13.170897,9.612728,12.484855,13.842684,17.269491,18.436277,15.601308,15.613798,10.217682,11.88135,8.137239,11.641549,11.124491,15.6155205,17.372246,17.239292,20.484207,20.909948,17.338177,15.826483,13.027355,6.155155,6.9672084,0.0,7.9748297,11.045247,12.274072,15.542273,16.788837,19.41655,19.657356,14.963773,11.574415,9.453747,3.8354373,6.724701,5.598422,5.0677805,8.740463,12.653594,15.344324,17.62711,21.897154,21.506372,23.452955,21.347204,19.949846,17.393246,19.214903,15.848648,15.539341,19.747997,16.868837,13.46753,17.194551,15.171273,16.173473,19.888145,16.947044,19.996084,21.870365,21.386257,17.692924,12.67958,13.90583,10.725476,13.877538,10.957536,16.753998,13.781523,17.865816,17.632013,14.454651,16.823261,16.56657,13.258238,9.07038,9.597219,6.5484805,9.826767,10.563286,12.814183,16.286001,19.712103,20.63743,17.481417,14.775283,14.878526,13.126906,9.7410965,14.861548,16.077856,13.381741,12.267928,16.202333,18.54107,16.77937,14.090783,14.719337,9.106876,12.899277,11.123144,14.867401
31,28.965588,28.745316,27.933006,24.166546,24.252295,23.39417,17.779203,19.594053,14.855766,16.091122,15.588173,18.370806,17.682547,14.227356,15.309128,11.736894,15.301274,13.296419,17.817038,18.09228,22.839928,24.120466,24.705023,27.59125,27.105816,23.665438,20.910738,17.745903,12.688456,9.6892605,7.9748297,0.0,5.911646,8.532256,11.194486,13.845097,16.563257,18.129353,13.943334,11.514595,8.561536,6.8237853,2.1191068,5.473764,10.044113,11.657625,17.628408,18.557024,21.63605,25.49353,23.842825,24.61211,21.758219,19.327593,15.865492,16.022343,12.931416,10.676906,14.178384,11.940814,8.981678,14.997856,15.076718,17.565039,21.83593,20.50114,24.217276,26.782091,26.989136,22.981668,16.91571,17.38731,12.659161,14.207395,9.456555,13.269211,9.131355,11.796141,10.391096,6.7380834,9.095124,9.968405,7.252015,5.288597,8.185031,9.226918,11.37683,15.4795475,16.98686,20.77491,24.046192,24.96164,20.707495,16.496618,18.772038,16.229977,14.550898,18.048515,19.799417,19.547266,18.459244,21.025211,22.500917,20.66342,19.007807,18.109324,14.309406,17.884668,15.467422,19.774488
32,29.825418,30.355816,28.934475,26.070948,26.118021,23.993198,19.229555,19.89353,14.451836,14.94826,13.029738,15.962467,14.601827,11.294609,13.701703,11.053881,15.295318,14.739256,19.330204,20.7694,25.114122,27.615257,28.071516,31.44148,31.592436,28.181353,25.908623,22.62546,16.840906,14.738898,11.045247,5.911646,0.0,6.1364417,5.9250855,9.565702,11.376753,13.404616,9.216554,7.435603,7.1548066,8.105458,5.306339,10.9512205,14.784628,16.833693,22.485346,23.752096,26.871628,30.767607,29.473991,30.263926,27.595133,24.750887,21.495481,21.212383,17.772224,15.127484,17.401915,14.343876,12.407882,17.523544,18.792038,20.813183,25.99988,24.294876,27.540293,30.646563,29.995209,25.528748,19.98951,19.417427,15.088767,15.113113,10.62382,12.712603,7.3000746,10.313949,9.578866,6.7907963,7.962292,7.6295176,8.208125,7.861432,12.069009,12.39225,16.439556,20.217838,22.243505,25.945347,29.379509,30.056871,26.033564,22.001,23.452415,20.134794,17.156168,20.599058,23.57838,23.158447,21.002905,23.244001,24.310926,21.483173,20.163263,17.440216,14.474624,16.7715,13.717112,17.810177
33,28.44186,29.4054,28.84675,26.18046,27.07074,25.067722,20.69569,22.264225,17.05544,18.702604,17.113014,20.800606,19.91827,16.836576,19.31302,15.799917,19.614008,18.163986,22.352015,23.04882,27.217115,29.61533,29.01904,32.23996,32.74726,28.740107,27.180164,24.532833,18.1164,17.054373,12.274072,8.532256,6.1364417,0.0,5.4554863,5.7652516,9.321349,10.555389,8.1323805,8.669752,3.908799,8.79878,7.376816,12.690621,15.559512,19.023806,24.203466,26.062532,28.637367,32.805145,31.244192,32.369286,29.114887,27.511992,23.71161,23.816683,21.29579,18.5753,21.444977,19.37492,17.034142,22.857924,23.355947,25.451662,30.008232,28.04983,31.372782,33.803223,33.271366,29.127756,23.768795,23.84712,19.68713,20.56742,16.092491,18.810268,13.41797,15.911278,14.215891,10.764528,9.475671,6.251065,5.8297405,5.896529,9.726631,10.358757,15.257666,19.493525,22.131865,25.439705,29.122604,28.885145,24.992437,21.13424,21.623814,17.299019,14.45126,16.600927,20.522346,21.408127,18.672876,19.62971,19.98788,17.10215,16.624195,13.411501,12.522251,15.051532,13.497569,17.981932
34,31.32631,32.586758,31.269623,29.125734,29.588924,26.78994,22.873657,23.285154,17.780443,18.322073,15.655013,18.801712,17.14057,14.437204,17.635965,15.508196,19.631243,19.467598,23.75924,25.405462,29.402039,32.44392,32.32343,35.835865,36.446278,32.752026,30.996336,27.95431,21.640089,20.223167,15.542273,11.194486,5.9250855,5.4554863,0.0,4.6374006,5.804166,8.47932,6.2701654,7.7477107,7.895381,11.91074,10.316467,16.17155,19.514383,22.312353,27.72271,29.334091,32.254578,36.28956,34.928753,35.80624,32.85403,30.37084,26.853312,26.419476,23.376701,20.3937,22.267141,19.588345,18.039549,23.14178,24.693205,26.620655,31.895445,30.00726,33.08342,36.143806,35.153603,30.63582,25.464731,24.703796,20.69576,20.350187,16.201645,17.322767,11.897335,13.945297,12.951223,10.781366,9.395347,6.6019945,9.643923,10.705397,14.888944,15.292327,20.205994,24.20251,26.698212,30.179787,33.80273,33.894512,29.986486,26.034658,26.780304,22.625912,19.293612,21.805342,25.84046,26.14354,23.196346,24.44563,24.791084,21.415611,20.897472,16.717451,15.791995,17.088034,14.594898,18.427485
35,29.755901,31.451012,30.573055,28.822275,29.808172,26.906942,23.541485,24.347803,19.122368,20.379044,18.02016,21.6961,20.59825,18.10838,21.21589,18.397652,22.15367,21.529068,25.444729,26.764263,30.47806,33.680557,32.84123,36.337753,37.369144,33.366848,32.2444,29.598001,22.827377,22.286621,16.788837,13.845097,9.565702,5.7652516,4.6374006,0.0,4.007822,5.222306,5.5592422,8.890283,7.596286,12.990354,12.576984,18.148651,20.678066,24.312798,29.241135,31.366798,33.908566,38.13168,36.815376,38.02319,34.85529,33.0969,29.383434,29.33095,26.60646,23.754133,26.098577,23.674656,21.762596,27.082745,28.06936,29.86613,34.87194,32.62118,35.610325,38.274498,37.152313,32.816452,27.944092,27.490656,23.729528,23.895777,19.838148,21.655552,16.222538,18.530664,17.313454,14.716716,12.73551,8.788462,10.883072,11.615577,15.141652,15.150228,20.655481,24.442026,27.366867,30.525965,34.285336,33.80281,30.193956,26.585491,26.414213,21.740454,18.1593,19.891964,24.603195,25.379475,21.91579,22.33914,22.175926,18.547947,18.636229,13.778357,14.565664,15.438376,14.043466,17.797855
36,31.418407,33.38383,32.006252,30.74698,31.503878,28.030622,25.184132,25.231709,20.02481,20.654802,17.72127,21.03637,19.658041,17.68053,21.112213,19.109993,22.809692,22.95785,26.75324,28.647123,32.117363,35.816593,35.166424,38.86635,40.084927,36.265514,35.16425,32.33327,25.544016,25.00562,19.41655,16.563257,11.376753,9.321349,5.804166,4.007822,0.0,3.5182118,5.488011,9.480627,10.823776,15.5910845,15.332773,21.09288,23.709139,27.08988,32.014305,34.119446,36.79956,40.97684,39.87385,41.029846,38.071224,35.874874,32.353077,32.1113,29.053799,26.166212,28.045788,25.222958,23.697237,28.443583,29.906225,31.480835,36.88311,34.545635,37.287785,40.282322,38.76741,34.24531,29.668493,28.71865,25.23061,24.73274,21.075102,22.083838,16.907019,19.046848,18.403,16.546724,14.732172,11.254034,14.335294,15.180629,18.924767,18.658545,24.310755,27.835247,30.750135,33.977634,37.725636,37.399174,33.861683,30.278255,30.08542,25.50188,21.523127,23.52993,28.317612,28.627052,24.982246,25.598642,25.45025,21.5176,21.547043,16.198309,16.9573,16.872063,15.0440645,18.064922
