,0,1,2,3,4,5,6,7,8,9,10,11,12,13,14,15,16,17,18,19,20,21,22,23,24,25,26,27,28,29,30,31,32,33,34,35,36,37,38,39,40,41,42,43,44,45,46,47,48,49,50,51,52,53,54,55,56,57,58,59,60,61,62,63,64,65,66,67,68,69,70,71,72,73,74,75,76,77,78,79,80,81,82,83,84,85,86,87,88,89,90,91,92,93,94,95,96,97,98,99,100,101,102,103,104,105,106,107,108,109,110,111
0,0.0,4.2823844,6.964275,9.444863,12.252227,14.127688,17.14275,22.44967,24.53879,27.276052,31.64384,32.318127,37.0526,34.682587,29.29943,28.138115,24.163755,24.363388,17.176414,18.048782,14.864523,14.715752,13.112336,16.90541,19.61418,19.235899,21.955301,21.482573,25.886385,23.110931,31.304192,26.725876,33.761177,32.434967,34.634346,37.68888,35.465565,34.41944,30.706059,28.201342,31.33077,27.49392,31.638037,30.086905,25.32032,28.370758,23.693462,26.03799,24.030203,26.165562,29.326029,30.321943,35.038074,37.217144,37.839096,34.093636,34.764874,36.31578,40.742737,40.41276,36.865093,34.988415,40.22966,40.620815,44.27768,40.092716,37.112743,42.67472,39.296406,36.168976,37.260063,38.56241,35.808525,32.775642,33.2813,34.000088,36.334885,39.670284,40.486973,45.066444,43.151447,45.843693,44.78762,40.65494,36.854866,33.376522,32.39969,26.57775,24.265697,20.149637,18.400724,16.211119,14.272573,18.045881,20.941904,24.812,22.833378,26.188988,24.467278,29.181383,28.594831,34.66548,34.687874,39.56089,41.942383,40.846302,38.534286,36.2558,32.22051,31.919365,27.781002,29.107264
1,4.2823844,0.0,4.5589986,6.3946805,8.416649,11.319403,13.67918,18.971401,21.1349,23.525291,28.10636,29.070238,33.530376,30.92296,25.638348,24.167528,20.207275,20.186232,13.059492,13.789458,10.854943,10.746593,9.757899,13.391805,15.803926,15.504177,17.851074,17.452858,21.794369,19.28107,27.490786,23.187428,30.344131,29.29426,31.681435,34.893208,33.031754,31.873857,27.997385,25.236837,28.220436,24.14908,28.098684,26.323782,21.720629,24.44584,20.065182,22.19123,20.500118,22.317669,25.395151,26.227812,31.016073,33.04825,33.832027,30.164421,30.659536,32.30035,36.630722,36.41923,32.946083,30.841684,36.034767,36.380207,40.08715,36.034595,32.94351,38.535122,35.329536,32.18787,33.52038,34.789074,32.24385,28.981073,29.767813,30.08764,32.619015,35.77766,36.492138,41.024822,38.990562,41.635822,40.521484,36.38051,32.603188,29.137169,28.231598,22.356571,20.198025,16.100294,14.706389,12.937185,11.660308,16.124338,18.258001,21.867659,19.432663,22.563864,20.658953,25.158504,24.458466,30.52894,30.439798,35.343266,37.744015,36.74186,34.422714,32.388084,28.206194,28.182642,24.076456,25.717596
2,6.964275,4.5589986,0.0,4.9950233,7.0069256,7.4270344,11.654191,15.784156,18.479609,20.92556,25.259172,26.427467,31.123755,29.27789,24.043406,22.816013,19.133821,19.181599,13.414693,13.934915,12.482602,11.72418,12.279372,15.811498,17.475906,17.537022,18.724077,18.071444,21.748598,19.226515,26.822094,22.339079,29.33492,27.613447,30.462471,33.13588,31.527103,30.879532,26.689957,24.024117,27.772192,24.101969,27.884521,26.463203,22.607018,25.10226,21.679853,23.714777,22.727915,23.781923,26.632559,26.957584,31.92558,33.32455,34.65756,31.200363,30.920952,32.433155,36.68755,36.178486,32.57261,30.326788,35.16054,35.215443,38.81703,34.83332,31.413511,36.68487,33.049656,29.852148,30.585058,31.812315,28.932426,26.05928,26.473679,27.509735,29.929764,33.31476,34.477016,39.11165,37.19138,40.311188,39.334927,35.274647,31.266695,27.732216,26.51123,20.88422,18.320024,14.374677,12.796885,11.312928,11.105274,15.621491,18.23943,21.3958,19.601667,22.101568,21.054256,25.053802,24.618612,30.496883,30.158754,35.19432,37.39525,36.48333,33.864143,32.266823,27.459175,27.377958,23.068567,24.164793
3,9.444863,6.3946805,4.9950233,0.0,3.7375062,6.541907,7.726077,13.7178955,15.172344,18.20381,22.4141,22.921026,27.621769,25.419996,20.013124,19.196886,15.355683,16.141811,10.246244,12.272385,11.156995,11.788797,12.663094,14.953928,16.473106,15.657693,16.255344,14.71462,18.24521,15.055322,22.636032,17.83683,24.802034,23.22293,25.787912,28.709623,26.94925,26.076477,22.001,19.323275,22.93441,19.368881,23.325167,22.227991,18.420372,21.460981,18.223951,21.186378,20.792534,22.23021,24.753668,24.477858,29.419243,30.639185,31.711802,28.122135,27.676535,28.760313,33.336517,32.338535,28.555365,26.930996,32.001057,32.488007,35.813274,31.311188,28.592237,34.093624,30.354204,27.382645,28.51703,30.292074,27.592077,24.68669,26.165546,26.597727,29.871983,32.74845,33.898926,38.366882,35.78722,38.93596,37.38787,33.134758,29.337626,25.503124,25.131401,18.942583,17.587446,13.997319,13.845582,13.550951,14.296161,19.229895,20.787815,23.580973,20.879494,23.0031,21.173397,24.567543,23.40935,29.280941,28.269104,33.380512,35.91751,35.489506,33.022964,32.146187,27.167568,27.93377,23.833162,25.596117
4,12.252227,8.416649,7.0069256,3.7375062,0.0,6.1066895,5.527917,11.188911,12.891696,15.251244,19.83028,20.872845,25.147562,22.638119,17.396854,16.026869,12.207483,12.571126,7.162153,8.92356,8.910873,9.517278,11.433246,13.060046,13.902808,13.313678,13.109846,11.697514,14.978982,12.302423,19.830444,15.521114,22.629318,21.456017,24.301697,27.38452,26.156284,25.165226,20.933647,17.931196,21.276276,17.411533,20.992657,19.540134,16.085745,18.507513,15.862272,18.335396,18.399984,19.27697,21.62377,21.147717,26.139269,27.159142,28.48076,25.046032,24.357347,25.610481,30.005144,29.233356,25.577894,23.545238,28.526026,28.894867,32.336,28.071524,25.09053,30.628336,27.131857,24.097729,25.53662,27.194952,24.773058,21.542734,23.30507,23.238417,26.677242,29.362156,30.37326,34.789333,32.141357,35.22014,33.670372,29.425398,25.625895,21.824335,21.470638,15.233995,14.071138,10.626566,11.164237,11.654757,13.2534,18.270021,18.995897,21.334307,18.328142,20.04244,18.148577,21.13922,19.90948,25.691854,24.591482,29.717802,32.228447,31.86413,29.385637,28.753952,23.659351,24.69977,20.719328,22.765839
5,14.127688,11.319403,7.4270344,6.541907,6.1066895,0.0,6.8677306,8.881857,11.8021145,14.426563,18.284115,19.566612,24.404198,23.45971,18.455591,17.762419,14.752528,15.240371,12.517508,13.384947,14.379761,13.837286,16.230532,18.498486,18.96464,18.974524,18.089222,16.702326,18.89309,16.38511,22.426891,17.927053,24.344011,21.886559,25.331837,27.345901,26.336477,26.277908,21.745089,19.190456,23.739557,20.812944,24.08248,23.315212,20.923811,23.032837,21.41177,23.580679,23.999662,24.150658,26.306665,25.488997,30.494429,30.791292,32.750553,29.660858,28.13398,29.18933,33.35062,32.18898,28.43072,26.30991,30.587788,30.468853,33.68712,29.613997,26.162964,31.017162,26.778666,23.684118,23.853281,25.401468,22.245049,19.89551,20.721663,22.21105,25.209196,28.38529,30.14977,34.71083,32.434658,36.202744,35.005856,31.002275,26.902845,23.158916,22.137089,16.74078,14.688442,11.76869,11.557153,12.070111,14.296842,18.743708,20.518078,22.46632,20.745125,21.84663,21.364763,23.902033,23.30289,28.629644,27.43347,32.561672,34.667324,34.28738,31.424826,31.114973,25.425993,26.03797,21.845982,22.780828
6,17.14275,13.67918,11.654191,7.726077,5.527917,6.8677306,0.0,7.640091,7.684749,10.935003,14.979584,15.453215,19.928593,17.833742,12.481469,12.029041,8.639949,10.267346,8.338866,10.980947,12.648283,13.684926,16.207136,16.778782,16.853168,15.893713,14.0069685,11.51876,13.139808,9.933715,15.9291315,11.177653,17.887527,16.143484,19.281199,22.048466,21.106806,20.42637,15.972344,13.017125,17.04479,13.953305,17.265755,16.693043,14.616571,17.088434,16.10387,19.131083,20.41299,20.890594,22.502317,20.914745,25.758274,25.873451,27.441547,24.24708,22.54809,23.113516,27.644754,26.014206,22.087654,20.671942,25.37802,25.925251,28.865986,24.130293,21.677143,27.040277,22.996353,20.233364,21.524096,23.80049,21.33672,18.57196,21.258871,21.160145,25.369652,27.582174,28.989511,33.194454,29.977562,33.494152,31.478178,27.200508,23.524736,19.42689,19.822037,13.619018,13.804915,11.695006,13.55506,15.204142,17.781021,22.60567,22.917477,24.515789,21.499664,22.243418,20.52237,22.208868,20.576822,25.76499,23.725979,28.849482,31.438461,31.686193,29.174463,29.71659,24.145142,25.936653,22.266901,24.334803
7,22.44967,18.971401,15.784156,13.7178955,11.188911,8.881857,7.640091,0.0,5.2039714,5.867148,9.74786,12.360533,16.381992,16.045727,12.0589695,11.311527,10.130909,10.4816885,13.223029,13.685078,17.088865,16.807426,20.41109,21.044333,20.059418,20.198874,17.060757,15.46215,15.167366,13.923116,16.872133,13.735094,18.843018,16.424072,20.655264,22.175617,22.623259,22.88167,18.238863,15.642508,20.041193,17.86292,19.678093,19.248953,19.122654,19.833204,20.786362,22.276834,24.253408,23.139467,24.225716,22.175772,26.790289,25.736006,28.460209,26.123306,23.185085,23.874075,27.470194,25.963995,22.42021,20.044064,23.331854,22.887863,25.736448,21.97416,18.244015,22.577555,18.025345,14.989431,15.048007,16.943258,14.019833,11.727627,14.029737,14.925765,18.998009,21.372799,23.508244,27.75017,24.91475,29.168463,27.675732,23.838575,19.830072,16.054014,15.495943,11.007903,10.570871,10.350317,12.488251,15.147717,18.920488,22.85528,22.958433,23.374609,21.467268,20.835653,20.74066,21.112234,20.287247,24.400698,22.24073,27.150764,29.067825,29.36643,26.432186,27.757801,21.530863,23.22201,19.790071,20.94676
8,24.53879,21.1349,18.479609,15.172344,12.891696,11.8021145,7.684749,5.2039714,0.0,4.9946184,7.4879293,8.134596,12.683863,12.159618,7.7374053,8.714614,8.12642,10.20582,13.730575,15.533262,18.74219,19.44251,22.703413,22.624712,21.717176,21.051353,17.539381,14.99077,13.877143,11.873357,13.295825,9.677495,14.086441,11.261376,15.481037,17.060553,17.515293,17.758896,13.1526985,10.699456,15.35167,14.0241,15.677947,16.214233,16.88913,18.135075,19.741016,22.190386,24.707243,24.10379,24.764273,22.040775,26.367142,25.010307,27.322853,24.938072,21.683075,21.540995,25.541471,23.079256,19.206362,18.080662,21.526783,21.810509,24.010992,19.278137,16.991714,21.491325,16.598213,14.211546,14.821459,17.787287,15.321313,13.541335,17.272154,17.303225,22.170164,23.691776,25.73019,29.53321,25.878185,30.069971,27.780933,23.794945,20.312807,16.260267,17.218073,12.492076,14.002685,14.101328,16.847883,19.518307,23.04955,27.32858,27.141424,27.653788,25.087847,24.485989,23.565382,23.497435,21.902622,25.76993,22.815744,27.59903,29.895533,30.804352,28.18874,30.216063,24.192766,26.620327,23.55518,25.267645
9,27.276052,23.525291,20.92556,18.20381,15.251244,14.426563,10.935003,5.867148,4.9946184,0.0,5.224149,8.8519335,11.352984,10.690726,7.960671,7.1453204,8.220128,8.682383,14.681872,15.250796,19.3429,19.589266,23.333733,22.854364,21.219345,21.13322,16.908674,15.141437,12.974829,12.791301,12.751832,11.286736,14.851015,13.16712,17.539495,19.043894,20.514505,20.634558,16.354128,13.840094,17.298882,15.731928,16.237164,16.077505,17.664053,17.408085,20.104776,21.293348,24.224834,22.6374,22.869514,19.937546,23.984705,22.039469,25.007492,23.208658,19.402397,19.627537,22.85685,20.987305,17.646416,15.384952,18.030092,17.681784,20.136374,16.297054,12.8299465,17.102018,12.450427,9.630881,10.66485,13.285177,11.390137,8.930511,13.400789,12.564996,17.725962,18.863516,20.863482,24.570837,20.919802,25.22944,23.134108,19.311937,15.712137,11.858484,12.629708,9.069564,11.146641,12.6675825,15.903477,19.140373,23.103333,26.878542,25.955486,25.711811,23.34182,21.931852,21.50314,20.440208,19.114233,22.182774,19.144983,23.714975,25.694822,26.675613,23.978802,26.527376,20.435078,23.119549,20.54692,22.240507
10,31.64384,28.10636,25.259172,22.4141,19.83028,18.284115,14.979584,9.74786,7.4879293,5.224149,0.0,5.3459544,7.1515074,9.373471,8.739399,9.907122,12.177539,13.263835,19.543457,20.421007,24.449728,24.79873,28.50009,27.95862,26.302784,26.054085,21.66516,19.636541,16.8223,16.535103,14.086596,13.254677,14.32698,11.714603,16.210127,16.368032,18.689863,19.600325,15.7606535,14.19202,17.763948,17.698997,17.416538,18.345955,21.031263,20.770832,24.19128,25.62162,28.882565,27.26235,27.11408,23.747746,27.273691,24.611534,27.663845,26.301357,21.890148,21.366486,24.20424,21.483326,18.313818,17.035757,18.433035,18.078838,19.424252,15.563473,13.122468,15.933486,10.280415,8.559196,8.062192,11.777697,9.910026,9.627896,14.340922,14.095685,19.206753,19.684832,22.205843,25.334728,21.42953,26.14363,23.801186,20.462143,17.460064,14.149214,15.4243,13.503319,15.814731,17.71806,20.784052,23.99514,28.020283,31.658508,30.869598,30.37889,28.290436,26.546755,26.393051,24.775661,23.453695,25.70855,22.234112,26.265335,28.023579,29.473663,26.882757,30.211264,24.206503,27.04812,24.849503,26.180141
11,32.318127,29.070238,26.427467,22.921026,20.872845,19.566612,15.453215,12.360533,8.134596,8.8519335,5.3459544,0.0,5.78276,8.729514,7.8474526,11.206618,13.157341,15.516439,20.797852,22.726933,26.191008,27.145239,30.436878,29.798153,28.558176,27.663055,23.53352,20.774754,18.091948,16.700382,13.55167,11.870784,11.487686,7.3978558,11.791473,11.284725,13.523825,14.892237,11.328368,10.661704,14.662747,15.917523,15.773838,17.922436,20.758928,21.492153,24.71856,27.229864,30.515741,29.666294,29.517912,25.949604,29.374847,26.872116,29.264385,27.622929,23.374834,22.068686,25.476887,21.731823,18.16304,18.563179,20.374819,20.915081,21.551437,16.567915,16.140541,19.025894,13.470955,12.7348175,12.57125,16.615618,14.844305,14.973101,19.549667,19.38566,24.551727,24.896574,27.290657,30.203762,25.934647,30.408161,27.522306,24.083109,21.538654,18.052301,20.111223,17.309994,19.992304,21.234905,24.284447,27.234854,30.970396,35.03851,34.537785,34.51092,32.022907,30.738853,29.960384,28.706474,26.892467,29.45904,25.669048,29.687546,31.818115,33.543808,31.191395,34.536274,28.68145,31.701653,29.349855,30.950739
12,37.0526,33.530376,31.123755,27.621769,25.147562,24.404198,19.928593,16.381992,12.683863,11.352984,7.1515074,5.78276,0.0,6.4097447,9.3778715,12.058077,15.350631,17.091291,23.753479,25.253407,29.128433,30.113428,33.56555,32.320377,30.585072,29.799454,25.148201,22.726387,18.996025,18.827984,13.19206,14.001119,11.231394,9.289184,12.737521,11.955149,15.6394,16.671587,14.243646,13.822213,15.834016,17.559355,15.847632,18.009521,22.171038,21.773632,26.218218,28.03331,31.84264,30.465488,29.660427,25.663975,28.280222,24.98276,27.580746,26.70697,21.861889,20.152294,22.630398,18.657679,15.849377,16.52289,16.814487,17.349064,17.017933,12.465179,13.090763,14.722478,9.52261,10.247057,10.7442875,14.888972,14.581513,15.005642,20.185192,18.897192,24.156076,23.416098,25.561462,27.697132,23.005928,27.289253,24.029022,21.073994,19.384533,16.624796,19.422361,18.151768,21.661093,23.770922,27.202524,30.481222,34.40305,38.211807,37.01534,36.43756,33.866646,32.001945,31.25268,28.995096,27.093035,28.506374,24.315979,27.584574,29.507282,31.750034,29.709925,33.92306,28.487192,31.980005,30.363293,32.133224
13,34.682587,30.92296,29.27789,25.419996,22.638119,23.45971,17.833742,16.045727,12.159618,10.690726,9.373471,8.729514,6.4097447,0.0,5.522379,7.467082,11.135891,12.903964,19.656584,21.34787,25.057634,26.525587,29.709099,27.797806,25.975199,24.87823,20.147654,17.69507,13.513217,13.854578,6.987431,9.485446,6.8971777,8.179468,11.014366,12.901802,15.805906,15.225789,12.8266115,11.397228,11.626123,12.470501,10.074162,11.803005,16.452585,15.669956,20.537683,22.334282,26.341763,25.194006,24.15983,20.005606,22.456717,19.450209,21.585676,20.515633,15.832332,13.953083,17.034353,13.037033,9.727036,10.751837,12.401722,13.940662,14.306883,8.381206,9.9677925,13.730653,10.138282,10.242833,13.373625,16.980593,17.235006,15.80345,21.49854,18.74204,24.376143,23.506601,24.726057,26.948166,21.841785,25.288897,21.510353,17.927042,16.459564,13.325514,17.162613,14.957036,19.403309,21.328022,25.141361,28.41849,32.07902,36.07538,34.302036,33.89994,30.592306,29.002628,27.36259,25.108515,22.616524,24.190567,19.79,23.17085,25.650513,27.990898,26.299706,30.32053,25.349663,29.258924,27.8043,30.383335
14,29.29943,25.638348,24.043406,20.013124,17.396854,18.455591,12.481469,12.0589695,7.7374053,7.960671,8.739399,7.8474526,9.3778715,5.522379,0.0,4.509648,6.634254,9.487499,14.990572,17.26414,20.600384,22.210522,25.219233,23.707088,22.34329,21.041933,16.748222,13.80446,10.670899,9.533805,6.1562424,4.9193926,6.9906907,6.814611,10.410184,13.266369,14.654029,13.809697,10.169787,7.617968,9.609829,9.087458,8.843564,10.189845,13.158233,13.700614,17.21019,19.818253,23.31437,22.773136,22.45848,18.798347,22.23033,20.291391,22.12455,20.09309,16.285608,15.101866,19.254025,15.908453,11.880102,12.213199,15.762968,17.144218,18.638151,12.88516,12.806073,17.696619,13.710569,12.432499,15.091628,18.5612,17.73704,15.669642,20.90219,18.828379,24.406506,24.536102,25.842022,28.836367,24.168804,27.69585,24.360922,20.29456,17.902193,13.97982,17.050045,12.895146,16.768991,17.753845,21.372562,24.36522,27.79349,32.111626,30.813313,30.992346,27.550604,26.616543,24.710705,23.535599,21.016048,23.93818,20.033913,24.257212,26.986048,28.72544,26.753265,29.77297,24.45907,27.952286,25.783863,28.408216
15,28.138115,24.167528,22.816013,19.196886,16.026869,17.762419,12.029041,11.311527,8.714614,7.1453204,9.907122,11.206618,12.058077,7.467082,4.509648,0.0,4.116801,5.4924703,12.454117,13.881254,17.687279,19.069168,22.296932,20.503593,18.707094,17.804039,13.105152,10.804015,7.1470165,7.736482,6.008232,6.4342737,10.210221,11.2921715,14.543328,17.696785,19.047518,17.84932,14.266238,11.288394,12.384655,10.0822735,9.793181,9.042077,11.600962,10.869696,14.68686,16.244839,19.848787,18.72936,18.36261,14.781005,18.469646,16.683367,18.901531,16.887491,13.121525,12.911637,16.853807,14.769611,11.129256,9.436617,13.592578,14.592912,17.069584,12.139298,10.457665,16.151402,13.0721445,11.097815,14.651454,17.362612,16.94591,13.816502,18.97446,16.054129,21.549,21.701252,22.534916,25.69111,21.192266,24.398664,21.306604,17.015501,14.303594,10.20882,13.247105,8.752359,13.11833,14.419449,18.293756,21.451004,24.92137,29.012651,27.191147,27.140646,23.555748,22.456196,20.465118,19.059246,16.5301,19.512217,15.7736435,20.244768,22.997473,24.501158,22.495811,25.311256,20.090958,23.680712,21.681087,24.598501
16,24.163755,20.207275,19.133821,15.355683,12.207483,14.752528,8.639949,10.130909,8.12642,8.220128,12.177539,13.157341,15.350631,11.135891,6.634254,4.116801,0.0,3.8310428,8.562445,10.6851,14.042682,15.693033,18.68301,17.12996,15.788632,14.626928,10.4633665,7.659131,5.800656,4.603924,8.0310755,5.812127,12.082548,12.715649,15.722632,19.301922,19.704048,18.254143,14.35922,10.969076,12.611509,9.077446,10.567388,9.233593,9.505952,10.069992,12.121793,14.39339,17.390623,16.951479,17.290312,14.392782,18.72615,18.01567,19.74056,17.006382,14.375997,14.682121,19.10474,17.47785,13.72047,12.067154,16.969036,17.978569,20.831045,16.004217,14.12177,19.969048,16.910486,14.568563,17.653032,20.12097,19.124105,15.706966,20.152452,17.768585,22.902056,23.738968,24.487103,28.041718,23.956644,26.981089,24.219276,19.810858,16.775238,12.612974,14.77359,8.836401,12.234134,12.333343,15.9642935,18.758886,21.88743,26.282364,24.780706,25.310955,21.492569,21.118654,18.70998,18.433369,15.875092,19.991278,16.901117,21.75121,24.646097,25.652346,23.576157,25.420677,20.211313,23.358114,20.816116,23.846506
17,24.363388,20.186232,19.181599,16.141811,12.571126,15.240371,10.267346,10.4816885,10.20582,8.682383,13.263835,15.516439,17.091291,12.903964,9.487499,5.4924703,3.8310428,0.0,8.14786,8.548727,12.704487,13.788633,17.173445,15.459262,13.503139,13.092767,8.425103,7.020674,5.0619307,6.603453,10.024074,9.43775,15.077944,16.073048,19.20296,22.644627,23.372593,21.956923,18.12007,14.765606,16.022133,12.211513,13.126042,10.733094,10.79104,9.778176,11.974157,12.619168,15.636978,14.274335,14.6079855,11.9541445,16.51956,15.893682,18.142214,15.648389,13.107783,14.379666,18.159407,17.654812,14.508072,11.295844,15.994649,16.422033,19.918976,16.097073,12.947565,18.861696,16.510422,13.796438,17.183825,18.927338,18.27734,14.214499,18.32696,15.345863,20.193403,21.07759,21.463339,25.138319,21.37501,24.163074,21.801086,17.398617,14.06668,10.047447,11.643745,5.392715,9.083287,9.685138,13.590812,16.630426,19.90849,23.941143,21.89903,22.059723,18.23018,17.52982,15.24711,14.653109,12.259263,16.459146,13.719406,18.753529,21.496729,22.197317,20.005165,21.637638,16.399498,19.570677,17.178658,20.408875
18,17.176414,13.059492,13.414693,10.246244,7.162153,12.517508,8.338866,13.223029,13.730575,14.681872,19.543457,20.797852,23.753479,19.656584,14.990572,12.454117,8.562445,8.14786,0.0,4.5746274,5.730142,8.199014,10.376228,9.2103195,9.026143,7.624956,6.2488513,4.661902,8.745159,7.128527,15.273222,12.447798,19.528908,20.150745,22.547958,26.515732,25.817781,23.982306,20.205696,16.800856,18.26553,13.480113,16.455833,13.881391,10.06128,11.719452,9.0952015,11.319072,12.096566,12.988017,14.972311,14.291357,19.19842,20.569555,21.493818,17.951,17.73988,19.2852,23.627138,23.436764,20.156424,17.880724,23.281343,24.058107,27.648626,23.550524,20.998365,26.972792,24.552656,21.753155,24.562963,26.204485,24.835981,20.86301,23.750484,21.822418,25.794285,27.57298,27.775381,31.77748,28.633965,30.953283,28.962008,24.596724,21.318314,17.664925,18.28535,11.80311,12.516449,10.073997,12.343354,13.82841,15.657362,20.350977,19.105522,20.820196,16.488276,17.82492,14.473639,16.718987,14.511367,20.259338,18.90515,23.88665,26.783031,26.70436,24.699673,24.407833,19.928314,21.940054,18.73975,22.012875
19,18.048782,13.789458,13.934915,12.272385,8.92356,13.384947,10.980947,13.685078,15.533262,15.250796,20.421007,22.726933,25.253407,21.34787,17.26414,13.881254,10.6851,8.548727,4.5746274,0.0,4.7735953,5.3225355,8.742427,7.7400284,6.389686,7.034527,5.5460315,6.7878923,10.0502615,10.442214,17.515808,15.698805,22.457062,23.16844,25.969858,29.707382,29.480757,27.835619,23.91766,20.464787,21.932755,17.182398,19.46165,16.361444,13.202924,13.188568,11.177555,10.932084,11.338844,10.769173,13.091769,13.166949,18.14146,19.61245,21.112598,17.992432,17.846699,20.164757,23.751722,24.487753,21.703667,18.26293,23.162142,23.298796,27.340866,24.197947,20.600826,26.31639,24.411226,21.349958,24.122725,25.043268,23.893833,19.552036,21.74244,19.604565,22.908607,24.903595,24.801617,28.922161,26.371037,28.459337,27.084444,22.934462,19.442215,16.268784,15.884009,10.030128,9.536459,6.894451,9.016902,10.677014,12.732952,16.954895,15.0137415,16.397968,12.004702,13.26816,10.086793,12.751201,11.196197,17.183529,16.667715,21.618395,24.150013,23.547846,21.374321,20.456348,16.019548,17.606987,14.335755,17.72644
20,14.864523,10.854943,12.482602,11.156995,8.910873,14.379761,12.648283,17.088865,18.74219,19.3429,24.449728,26.191008,29.128433,25.057634,20.600384,17.687279,14.042682,12.704487,5.730142,4.7735953,0.0,3.7526007,4.7613897,4.2251577,5.3822412,5.1724415,7.4520683,8.557744,13.096422,12.509684,20.534597,18.130493,25.138638,25.875914,28.216341,32.2231,31.37548,29.474998,25.774775,22.416592,23.69778,18.740814,21.656279,18.582739,14.139098,15.192862,11.133324,11.6348295,10.320116,11.552152,14.544957,15.573351,20.266548,22.61657,23.318832,19.807615,20.734846,22.98888,26.819284,27.595568,24.77305,21.897837,27.133907,27.581638,31.564331,28.159788,25.052032,30.887506,28.979237,25.98179,28.70652,29.73293,28.392487,24.166788,26.088696,24.273787,27.309029,29.48812,29.264324,33.36886,30.953384,32.74984,31.382107,27.248114,23.957571,20.87179,20.570826,14.791662,13.992719,10.723389,11.4339285,11.63111,12.072883,16.463612,15.078197,17.51196,13.01277,15.580798,11.880097,15.808095,14.324422,20.429634,20.38219,25.07362,27.70947,26.875254,24.97922,23.245811,19.61358,20.65451,17.346498,20.598753
21,14.715752,10.746593,11.72418,11.788797,9.517278,13.837286,13.684926,16.807426,19.44251,19.589266,24.79873,27.145239,30.113428,26.525587,22.210522,19.069168,15.693033,13.788633,8.199014,5.3225355,3.7526007,0.0,4.204189,5.865246,6.243256,7.9242826,9.558275,11.273212,15.19642,15.1162405,22.705177,20.422838,27.41418,27.78777,30.547005,34.227226,33.607716,32.023087,28.059792,24.688038,26.452324,21.63499,24.344849,21.263342,17.351595,17.796236,14.44903,13.912088,12.533839,12.585997,15.686127,17.025806,21.713764,23.84769,25.091608,21.92851,22.548925,25.094225,28.523115,29.604015,26.90936,23.436853,28.246244,28.184425,32.371437,29.476812,25.63174,31.162783,29.262274,26.055641,28.388237,28.955513,27.49692,23.265303,24.40131,22.987444,25.369041,27.9479,27.771523,32.04902,30.195148,32.08144,31.256012,27.326717,23.770563,20.950024,19.767061,14.578628,12.513271,8.891181,8.539122,8.226465,8.569296,12.818769,11.47522,14.04403,9.984958,12.846457,10.032082,14.562426,14.003444,20.033358,20.561169,25.21384,27.442799,26.192652,24.032942,21.783056,18.022377,18.327595,14.695241,17.535236
22,13.112336,9.757899,12.279372,12.663094,11.433246,16.230532,16.207136,20.41109,22.703413,23.333733,28.50009,30.436878,33.56555,29.709099,25.219233,22.296932,18.68301,17.173445,10.376228,8.742427,4.7613897,4.204189,0.0,4.5981755,7.055948,8.008215,11.583148,13.226309,17.735954,17.241417,25.290056,22.80019,29.861948,30.413967,32.777397,36.70834,35.6748,33.841217,30.120556,26.82892,28.274567,23.329594,26.356604,23.231329,18.570307,19.56148,15.046191,14.855272,12.301295,13.639719,17.030672,18.9948,23.368736,26.156813,26.763441,23.368511,24.80041,27.317291,30.874403,32.0523,29.394442,26.302885,31.37695,31.59039,35.74138,32.673668,29.237095,34.909294,33.116714,29.989298,32.447563,33.120384,31.641897,27.436188,28.568922,27.163635,29.456556,32.01833,31.662727,35.847477,34.016144,35.590855,34.703926,30.775227,27.43969,24.67929,23.737244,18.510506,16.702038,13.081462,12.333744,11.139536,9.854772,13.696719,12.7814455,16.05568,12.077519,15.688939,12.434215,17.439245,16.751612,22.72671,23.523571,27.934175,30.277758,28.907475,27.049559,24.275412,21.291376,21.36535,17.982784,20.780727
23,16.90541,13.391805,15.811498,14.953928,13.060046,18.498486,16.778782,21.044333,22.624712,22.854364,27.95862,29.798153,32.320377,27.797806,23.707088,20.503593,17.12996,15.459262,9.2103195,7.7400284,4.2251577,5.865246,4.5981755,0.0,3.5213215,3.7943397,8.249019,10.460134,14.889344,15.068709,22.740568,21.04166,27.751936,29.10471,31.152987,35.434647,34.618652,32.41199,28.99956,25.641205,26.180834,21.050081,23.660122,20.126963,15.454347,15.914098,11.275699,10.487602,7.7066913,9.569887,12.923088,15.053266,19.1954,22.33485,22.533443,19.081888,21.012827,23.628918,27.07206,28.5481,26.185486,23.162407,28.344036,28.854443,32.95206,29.96079,26.970335,32.767418,31.520924,28.623089,31.720694,32.509586,31.542791,27.103111,28.967793,26.636293,29.361256,31.31564,30.56333,34.43159,32.208973,33.343357,32.1035,28.144224,25.229113,22.611143,22.34335,17.169699,16.523666,13.644425,14.11873,13.957357,13.582408,17.17105,14.991739,17.462431,12.568479,15.600252,11.138926,15.470314,14.00517,19.873259,20.490866,24.699104,27.323658,26.218712,24.735252,22.314835,19.793764,20.663382,17.906729,21.479303
24,19.61418,15.803926,17.475906,16.473106,13.902808,18.96464,16.853168,20.059418,21.717176,21.219345,26.302784,28.558176,30.585072,25.975199,22.34329,18.707094,15.788632,13.503139,9.026143,6.389686,5.3822412,6.243256,7.055948,3.5213215,0.0,3.637463,6.1260223,9.328781,12.999575,14.223529,21.136042,20.180193,26.594824,28.21322,30.460693,34.67416,34.31908,32.163315,28.699541,25.260197,25.616558,20.512749,22.549889,18.739399,14.819507,14.170412,10.724707,8.455545,6.590256,6.660963,9.993318,12.138087,16.37156,19.309835,19.914759,16.757685,18.408756,21.327822,24.388556,26.232977,24.135788,20.58435,25.490376,25.7937,30.006935,27.449116,24.165926,29.827496,28.955706,26.088001,29.390238,29.96431,29.33637,24.746859,26.73019,23.91313,26.621204,28.312746,27.348904,31.099287,28.89003,29.873346,28.705923,24.826532,21.978857,19.604984,19.288275,14.560078,14.190957,11.970826,13.043306,13.608459,14.057263,17.357082,14.318565,15.98157,10.748584,13.08105,8.238406,12.0762005,10.486236,16.363796,17.066488,21.260592,23.82649,22.72866,21.23379,19.022604,16.469587,17.684368,15.241207,19.168657
25,19.235899,15.504177,17.537022,15.657693,13.313678,18.974524,15.893713,20.198874,21.051353,21.13322,26.054085,27.663055,29.799454,24.87823,21.041933,17.804039,14.626928,13.092767,7.624956,7.034527,5.1724415,7.9242826,8.008215,3.7943397,3.637463,0.0,5.1510816,7.3306375,11.621913,12.124207,19.437027,18.212854,24.612532,26.44792,28.27592,32.737057,32.09068,29.684275,26.485672,23.122723,23.09178,17.919405,20.238596,16.54258,11.962292,12.187427,7.62094,7.0422554,5.2138104,7.5523863,10.446245,11.941171,16.16065,19.221054,19.20329,15.580903,17.511665,19.981413,23.586048,24.926794,22.60087,19.825838,25.175247,26.00821,29.939861,26.750584,24.252073,30.171667,29.096594,26.41996,29.908173,30.959332,30.27424,25.811583,28.373716,25.512577,28.789461,30.27223,29.456707,33.111797,30.388393,31.46192,29.763485,25.682615,23.033035,20.309105,20.779932,15.440316,15.945596,13.705002,15.212973,15.887377,16.361813,20.15546,17.638302,19.502924,14.329823,16.51319,11.6634655,14.796789,12.474224,18.206066,18.152334,22.395445,25.333971,24.708551,23.394201,21.807438,19.152163,20.867968,18.449047,22.401535
26,21.955301,17.851074,18.724077,16.255344,13.109846,18.089222,14.0069685,17.060757,17.539381,16.908674,21.66516,23.53352,25.148201,20.147654,16.748222,13.105152,10.4633665,8.425103,6.2488513,5.5460315,7.4520683,9.558275,11.583148,8.249019,6.1260223,5.1510816,0.0,3.8951032,6.901359,8.723898,15.039199,14.580615,20.636257,22.657787,24.786247,29.079582,29.022919,26.780775,23.470848,20.038427,19.959757,14.953669,16.572786,12.733532,9.516165,8.435724,6.6335554,5.586044,7.344522,7.0891647,8.731972,8.426692,13.290042,15.313156,16.069307,12.670326,13.3022785,15.765488,19.39094,20.52073,18.13547,14.937718,20.228928,21.00655,24.914001,21.736504,19.10743,25.054394,24.019423,21.434114,25.162622,26.309504,25.913433,21.43919,24.5852,21.252924,25.037254,26.105759,25.405746,28.956762,25.814682,27.171972,25.172808,20.94961,18.253374,15.32945,16.303429,10.886666,12.590961,11.432701,14.155689,15.970824,17.72487,21.590792,18.781073,19.727545,14.695122,15.525097,11.115689,12.450195,9.48417,15.048227,14.023048,18.653532,21.714666,21.603197,20.094357,19.746178,16.276476,18.878538,16.682087,20.784176
27,21.482573,17.452858,18.071444,14.71462,11.697514,16.702326,11.51876,15.46215,14.99077,15.141437,19.636541,20.774754,22.726387,17.69507,13.80446,10.804015,7.659131,7.020674,4.661902,6.7878923,8.557744,11.273212,13.226309,10.460134,9.328781,7.3306375,3.8951032,0.0,4.958076,4.9837146,12.306863,11.023788,17.383461,19.248966,21.202497,25.585712,25.290232,23.000256,19.71705,16.305126,16.320158,11.274719,13.415979,10.063302,6.455777,7.1054945,5.484233,7.7648106,9.9627075,10.708507,11.836803,10.405,15.097849,16.488209,17.047585,13.426094,13.359304,14.907563,19.299814,19.322601,16.320011,14.138506,19.796434,21.01509,24.495754,20.422924,18.538517,24.65682,22.97046,20.545881,24.165201,25.901598,25.238176,21.103174,24.755589,21.768604,26.11804,27.136234,26.895702,30.453588,26.848574,28.681082,26.220161,21.818361,19.119165,15.648799,17.289598,11.224107,13.589393,12.390167,15.389065,17.340586,19.324251,23.66487,21.52195,22.66668,17.88537,18.639713,14.663816,15.72295,12.678789,17.866993,15.972176,20.70598,23.926394,24.290136,22.707596,23.05416,19.083569,21.898714,19.463905,23.285227
28,25.886385,21.794369,21.748598,18.24521,14.978982,18.89309,13.139808,15.167366,13.877143,12.974829,16.8223,18.091948,18.996025,13.513217,10.670899,7.1470165,5.800656,5.0619307,8.745159,10.0502615,13.096422,15.19642,17.735954,14.889344,12.999575,11.621913,6.901359,4.958076,0.0,4.8219056,8.189793,8.94411,14.058151,16.61584,18.68181,22.92223,23.433867,21.230095,18.139631,14.842587,14.229907,9.813081,10.338014,6.754077,6.615482,4.7355723,8.013703,9.1821575,12.884502,12.300236,12.072623,8.9265585,13.1767845,13.183709,14.347829,11.338661,9.537857,10.694575,15.097692,14.751487,11.740591,9.285795,14.96064,16.389584,19.64845,15.479806,13.943237,20.07824,18.682215,16.617826,20.748098,22.661642,22.564688,18.561438,22.994347,19.3276,24.179861,24.471586,24.232998,27.399443,23.251661,25.173677,22.226456,17.77679,15.420725,11.884085,14.633353,9.31293,13.337139,13.637755,17.336502,19.989527,22.658642,26.74671,24.236378,24.597376,20.067991,19.747814,16.299238,15.611864,12.284701,16.220139,13.194678,17.806551,21.108307,22.15459,20.654045,22.31718,18.153368,21.742224,19.908133,23.726076
29,23.110931,19.28107,19.226515,15.055322,12.302423,16.38511,9.933715,13.923116,11.873357,12.791301,16.535103,16.700382,18.827984,13.854578,9.533805,7.736482,4.603924,6.603453,7.128527,10.442214,12.509684,15.1162405,17.241417,15.068709,14.223529,12.124207,8.723898,4.9837146,4.8219056,0.0,8.5268955,6.096285,12.720851,14.384838,16.25045,20.643219,20.327852,18.086866,14.77877,11.380843,11.587702,6.7738953,9.334972,7.2402935,5.204807,7.500292,8.140457,11.821833,14.57155,15.325633,15.825269,13.284793,17.515583,17.810497,18.45563,15.075785,13.723698,13.983201,18.94456,17.495852,13.78158,12.975237,18.60874,20.248438,23.059315,18.018232,17.122887,23.171665,20.735245,18.660746,22.097227,24.539116,23.70311,20.152378,24.46526,21.807377,26.77049,27.545788,27.839886,31.267286,27.129915,29.523718,26.553288,22.087954,19.504925,15.607992,18.038933,11.957829,15.144036,14.455362,17.76591,20.0337,22.461712,27.050774,25.420395,26.444086,22.031721,22.35538,18.966969,19.335657,16.277767,20.787157,17.94501,22.621727,25.885565,26.8405,25.17201,26.490433,21.992178,25.13585,22.660767,26.138868
30,31.304192,27.490786,26.822094,22.636032,19.830444,22.426891,15.9291315,16.872133,13.295825,12.751832,14.086596,13.55167,13.19206,6.987431,6.1562424,6.008232,8.0310755,10.024074,15.273222,17.515808,20.534597,22.705177,25.290056,22.740568,21.136042,19.437027,15.039199,12.306863,8.189793,8.5268955,0.0,5.8148437,6.358052,10.281397,11.71874,15.839363,17.170412,15.034344,12.781395,10.337175,8.417776,6.971457,4.360103,4.8276477,9.759467,9.215418,14.037575,16.422161,20.40803,20.055433,19.077253,15.041468,17.655375,15.834104,16.863684,14.899056,11.238993,9.402359,14.06719,10.651427,6.4164324,7.9934525,12.547602,15.028864,16.48484,10.500651,12.094133,17.456228,15.380442,14.628976,18.668911,21.679497,21.850803,19.116434,24.570486,21.146893,26.694586,26.166203,26.551725,29.047152,24.021894,26.483881,22.588,18.453459,17.02054,13.580559,17.694704,13.83573,18.576487,19.66457,23.536192,26.485907,29.577925,33.82776,31.723057,31.827572,27.712225,26.839085,24.034613,22.431358,19.247711,21.634096,17.44821,21.154459,24.32788,26.421068,25.099533,28.273457,23.907383,27.917421,26.370262,29.723185
31,26.725876,23.187428,22.339079,17.83683,15.521114,17.927053,11.177653,13.735094,9.677495,11.286736,13.254677,11.870784,14.001119,9.485446,4.9193926,6.4342737,5.812127,9.43775,12.447798,15.698805,18.130493,20.422838,22.80019,21.04166,20.180193,18.212854,14.580615,11.023788,8.94411,6.096285,5.8148437,0.0,7.242961,8.323207,10.341125,14.562145,14.579362,12.648259,9.209608,5.925707,6.8795705,4.5451384,6.373452,7.5634503,9.113549,11.225782,13.590568,17.33687,20.490967,20.945639,20.92971,17.620365,21.219992,20.286604,21.195019,18.446047,15.757725,14.607891,19.557215,16.410982,12.147562,13.143198,17.908974,19.842035,21.626753,15.676412,16.104563,21.552742,18.227577,16.810343,19.777895,23.014936,22.078726,19.514538,24.43204,22.226837,27.660864,28.058973,28.957718,32.098507,27.489801,30.484459,27.067837,22.774712,20.47193,16.472462,19.543703,14.283726,17.962381,18.000952,21.448784,24.01562,26.893215,31.523151,30.27778,31.026562,27.056688,26.84439,24.1115,23.732967,20.807747,24.465414,20.847784,25.223804,28.347363,29.891937,28.150496,30.483458,25.559128,28.966608,26.58754,29.631775
32,33.761177,30.344131,29.33492,24.802034,22.629318,24.344011,17.887527,18.843018,14.086441,14.851015,14.32698,11.487686,11.231394,6.8971777,6.9906907,10.210221,12.082548,15.077944,19.528908,22.457062,25.138638,27.41418,29.861948,27.751936,26.594824,24.612532,20.636257,17.383461,14.058151,12.720851,6.358052,7.242961,0.0,5.5779104,5.612779,9.767985,11.321193,9.393551,8.11929,7.2929134,5.1565228,8.093941,5.788717,9.714749,13.957687,14.973876,18.910883,22.270594,25.992535,26.146051,25.323605,21.345842,23.735718,21.702854,22.453333,20.645403,17.088089,14.432279,18.680174,13.860025,9.915071,13.481588,16.57896,19.150787,19.340618,12.833085,15.917331,20.078352,17.006262,17.020884,19.96215,23.685425,23.451717,21.8634,27.365543,24.857292,30.519167,29.983757,30.97108,33.312534,28.145922,31.083122,27.015593,23.234499,21.98857,18.617542,22.593678,18.921911,23.279568,24.185583,27.855507,30.704271,33.83568,38.31993,36.81935,37.122795,33.23773,32.45208,29.899311,28.503864,25.462227,27.823187,23.51982,26.998934,30.008802,32.32257,30.933971,34.37552,29.720877,33.613693,31.824316,34.80457
33,32.434967,29.29426,27.613447,23.22293,21.456017,21.886559,16.143484,16.424072,11.261376,13.16712,11.714603,7.3978558,9.289184,8.179468,6.814611,11.2921715,12.715649,16.073048,20.150745,23.16844,25.875914,27.78777,30.413967,29.10471,28.21322,26.44792,22.657787,19.248966,16.61584,14.384838,10.281397,8.323207,5.5779104,0.0,4.5787454,6.597056,8.0401,8.008619,5.0562334,5.1882863,7.8647704,10.773737,10.505306,13.972847,17.023441,18.715452,21.798033,25.399033,28.759954,28.885435,28.556543,24.822933,27.863674,25.84098,27.108461,25.111979,21.456137,19.308514,23.47054,18.890642,14.943204,17.389837,20.198938,22.037289,22.334183,16.131912,17.952776,21.705507,17.306103,17.033651,18.595808,22.619715,21.51501,20.701183,25.767712,24.493479,30.017357,30.027838,31.704659,34.406967,29.569302,33.24718,29.610394,25.864294,23.9579,20.306995,23.493319,19.63991,23.199274,23.865467,27.183067,29.917711,33.171318,37.70425,36.923374,37.372265,33.992657,33.266293,31.308884,30.33074,27.71878,30.544329,26.452728,30.34955,33.099934,35.13329,33.288696,36.5358,31.241993,34.70828,32.437263,34.85045
34,34.634346,31.681435,30.462471,25.787912,24.301697,25.331837,19.281199,20.655264,15.481037,17.539495,16.210127,11.791473,12.737521,11.014366,10.410184,14.543328,15.722632,19.20296,22.547958,25.969858,28.216341,30.547005,32.777397,31.152987,30.460693,28.27592,24.786247,21.202497,18.68181,16.25045,11.71874,10.341125,5.612779,4.5787454,0.0,5.2484818,5.793754,4.322681,4.5880322,6.466333,6.242688,10.898636,10.264005,14.513496,17.6432,19.77144,22.72004,26.812979,30.160164,30.800354,30.30773,26.533178,29.124496,27.286564,27.865824,25.854391,22.603207,19.896143,24.144413,19.075447,15.341387,19.078001,21.916689,24.336834,24.16682,17.75306,20.826178,24.462088,20.665464,20.801397,22.701118,26.736391,25.90435,25.048216,30.240591,28.651287,34.24334,34.015293,35.44741,37.911007,32.846584,36.144234,32.164047,28.483435,27.055384,23.560461,27.166777,23.219606,27.045485,27.53605,30.885195,33.488995,36.49612,41.171795,40.296574,40.920433,37.212296,36.693077,34.26873,33.340473,30.412277,33.147007,28.935644,32.549076,35.50766,37.755287,36.214493,39.51293,34.57029,38.22306,36.070583,38.76049
35,37.68888,34.893208,33.13588,28.709623,27.38452,27.345901,22.048466,22.175617,17.060553,19.043894,16.368032,11.284725,11.955149,12.901802,13.266369,17.696785,19.301922,22.644627,26.515732,29.707382,32.2231,34.227226,36.70834,35.434647,34.67416,32.737057,29.079582,25.585712,22.92223,20.643219,15.839363,14.562145,9.767985,6.597056,5.2484818,0.0,4.662493,6.813528,7.5114446,10.15795,11.482163,15.92763,15.16652,19.295742,22.616426,24.47338,27.617764,31.480423,34.881813,35.19997,34.69751,30.818941,33.41463,31.111832,32.120667,30.412582,26.702612,23.970392,27.715199,22.46353,19.062656,22.552044,24.44708,26.465487,25.74926,19.760502,22.757866,25.377518,21.050459,21.614927,22.461086,26.65259,25.636444,25.758327,30.70243,29.802877,35.228928,34.943184,36.84335,39.148678,34.194035,37.921074,34.074703,30.731236,29.309488,25.99986,29.332968,26.0211,29.566442,30.315464,33.530613,36.20568,39.435078,43.99498,43.41713,43.864105,40.573223,39.78147,37.888756,36.750206,34.105495,36.573776,32.28315,35.785915,38.449493,40.787907,39.076294,42.70329,37.469265,41.01373,38.841736,41.098442
