,0,1,2,3,4,5,6,7,8,9,10,11,12,13,14,15,16,17,18,19,20,21,22,23,24,25,26,27,28,29,30,31,32,33,34,35,36,37,38,39,40,41,42,43,44,45,46,47,48,49,50,51,52,53,54,55,56,57,58,59,60,61,62,63,64,65,66,67,68,69,70,71,72,73,74,75,76,77,78,79,80,81,82,83,84,85,86,87,88,89,90,91,92,93,94,95,96,97,98,99,100,101,102,103,104,105,106,107,108,109,110
0,0.0,4.271908,5.959164,9.113949,11.823401,13.502369,17.501034,21.160595,24.257605,26.833805,30.30567,32.907978,36.379517,36.92797,31.104057,29.139902,26.023909,23.603487,20.823439,18.109947,14.708881,15.281837,11.907844,17.355154,20.817612,24.09457,24.1041,28.44829,28.673195,33.631653,30.468513,36.780907,38.77074,39.152046,34.088463,31.726831,35.60919,36.308014,31.434475,30.849707,35.798107,32.237946,28.980246,32.506462,35.57697,30.268068,29.651316,34.50438,35.288174,38.064312,35.14026,31.263779,36.29104,36.703735,32.114162,28.104631,27.267439,25.270903,29.81736,33.037483,27.755653,29.693827,28.975763,32.800373,33.696293,31.272232,30.652218,30.74779,27.44776,24.64032,25.496208,26.423344,22.968245,19.244514,20.73182,16.754732,17.01402,21.260445,18.140076,23.616625,23.57011,25.715698,26.332256,23.864536,23.434757,19.223759,19.936296,15.353319,17.129917,16.906666,19.774443,21.232264,23.051552,27.166815,28.9701,33.108334,36.19136,38.039024,41.233265,42.257915,38.143238,36.596603,41.455734,44.198345,41.233906,38.20344,37.256664,32.61403,30.983438,27.761354,25.497873
1,4.271908,0.0,5.397473,6.460814,8.972528,12.097553,14.905222,19.497154,22.235193,25.204075,28.637548,31.324665,34.583652,35.007492,29.181936,26.792696,23.921906,20.948772,18.988241,15.29311,12.4992895,13.160998,9.282711,13.908735,17.388838,20.774557,20.306917,24.655565,24.8104,29.688467,26.65249,32.86742,35.19219,35.70733,30.795685,28.464588,32.497074,33.42827,28.720531,28.100815,33.23353,30.096352,26.807491,30.421158,33.63273,28.882639,28.336538,33.059807,34.149796,36.542515,33.58259,30.45346,35.42061,35.417046,31.16157,27.125385,25.759287,23.723434,28.512232,31.29968,25.424946,27.42594,26.341541,30.39222,31.227985,28.49559,27.549063,27.314344,24.28502,21.779127,22.036304,22.719551,19.68744,15.922308,18.042719,14.502328,15.192675,19.61264,17.312147,22.783092,23.012354,25.645609,25.507477,22.688766,21.649841,17.900476,17.296171,12.667737,13.607395,12.978659,15.758845,17.22394,19.41987,23.419355,25.542788,29.55034,33.010963,34.784306,38.050926,39.10337,35.231537,33.792465,38.665257,41.393467,38.54078,35.452328,34.587715,29.651323,28.330647,24.795343,23.014034
2,5.959164,5.397473,0.0,5.1595225,6.6947246,7.8438873,11.94339,15.241166,18.498068,20.919685,24.483282,27.00041,30.486801,30.974722,25.148531,23.299448,20.091305,17.882341,14.944142,12.671751,9.409642,10.861181,9.354096,13.708413,17.032871,19.823067,19.928713,24.132927,24.239634,29.323767,26.10203,32.656372,34.027996,34.664963,29.678974,26.90805,30.540945,31.553617,26.541662,25.585045,30.53337,27.39636,23.792398,26.978788,30.344624,25.388456,24.118979,28.995413,30.174269,32.875053,30.369055,26.47139,31.858877,32.31638,28.073437,24.442347,22.929943,21.621363,26.538378,28.886055,23.514366,26.23466,25.861729,29.845743,29.89696,27.171669,27.294296,27.13781,23.239285,21.322672,22.418562,22.733313,18.727863,16.148418,16.814133,13.703155,13.0231,16.737537,13.438666,18.70139,18.332806,20.614405,20.68609,18.204615,17.954847,13.588182,14.710002,10.767912,12.938236,13.940595,16.226885,17.351246,18.355742,22.524498,23.817211,28.082401,30.745,32.649193,35.75291,36.789146,32.550842,30.868824,35.71708,38.49504,35.580647,32.538235,31.878212,27.20619,25.693169,22.705648,20.411148
3,9.113949,6.460814,5.1595225,0.0,3.8522131,6.545672,9.036907,13.930971,16.13873,19.529488,22.64546,25.606976,28.681992,29.404951,23.855953,20.9663,18.518995,15.41195,14.4819765,11.084828,9.7244215,11.994621,10.565815,12.674128,15.8702545,18.543064,17.32448,21.416483,20.764036,25.802095,21.854723,28.244514,29.823217,30.122585,25.05742,22.625656,26.514341,27.270832,22.436588,21.861475,26.892109,23.670696,20.355194,24.05347,27.177256,22.547771,22.185183,26.799711,27.893995,30.145031,27.206884,24.377604,29.327757,29.199427,25.185326,21.341177,19.534527,17.838375,22.872995,25.117043,19.223862,21.696476,20.992039,25.097336,25.33154,22.528252,22.26719,22.130445,18.487667,16.352747,17.286167,17.832783,13.96755,10.997569,12.06998,9.075587,9.098857,13.314735,11.4798355,16.798304,17.392286,20.518557,20.00735,16.837616,15.32654,12.008645,11.008246,6.3164244,8.301836,9.175924,11.868627,13.69174,14.508321,18.904305,20.590128,24.692354,28.12591,29.42265,33.03273,33.539936,29.432642,28.392763,33.46912,36.43103,33.964046,30.736897,30.799414,25.443617,24.78895,21.46634,20.092318
4,11.823401,8.972528,6.6947246,3.8522131,0.0,5.2585707,5.9692144,11.094853,13.49969,16.668037,20.03119,22.739773,25.820162,26.226488,20.528282,17.8374,15.171174,12.015417,11.002541,7.233164,6.4147825,9.119024,9.144992,9.8554,12.775458,15.088437,14.162275,18.179087,17.782143,22.889313,19.446482,26.046015,27.376553,28.208397,23.405321,20.46778,24.184486,25.580458,20.717655,19.571009,24.766449,22.375204,18.618938,21.825346,25.444391,21.519308,20.245169,24.822512,26.532219,28.588017,26.18361,23.518337,28.783007,28.634573,25.10813,21.725609,19.16861,18.214792,23.465431,24.725775,18.587488,21.792786,21.191282,25.446497,24.932564,21.683401,21.88624,21.210754,17.248451,16.379015,16.949726,16.549887,12.61098,11.124595,11.818631,10.380828,9.666015,12.9472,11.337175,16.013107,16.123081,19.22761,17.879057,14.788832,13.416333,10.162636,8.819572,5.521429,6.6834917,8.707597,10.1846485,11.204348,11.678188,15.927032,17.30305,21.516712,24.59472,26.229755,29.568287,30.43536,26.386118,24.967764,29.941864,32.81426,30.219816,27.025446,26.95239,21.657545,20.938528,17.66389,16.316418
5,13.502369,12.097553,7.8438873,6.545672,5.2585707,0.0,5.7475243,8.029246,10.865553,13.603985,16.843107,19.664724,22.994768,23.856865,18.394537,16.106077,13.342889,11.439239,9.630473,8.958343,8.250694,11.549676,13.151614,14.135052,16.63945,18.20343,17.637573,21.174484,20.387918,25.441288,21.376871,27.957222,28.136637,28.628857,23.640192,20.607836,23.774715,24.695213,19.53088,18.399977,23.088,20.052523,16.227665,19.208683,22.614561,17.908092,16.355125,21.187872,22.550287,25.128757,22.925646,19.19689,24.779587,25.208208,21.439375,18.392284,16.094152,15.797121,20.90342,22.133724,17.057697,20.662712,21.009676,24.868176,23.832464,21.037964,22.397886,22.286545,17.557055,16.701706,18.663332,18.521324,13.574003,13.081018,11.673371,10.348468,7.8988857,10.014862,6.845695,11.480492,11.214445,14.184797,13.535252,10.5959835,10.144622,5.829735,8.017319,6.0608907,9.532612,12.581481,13.965281,15.031199,13.887057,18.156767,18.492401,22.782381,25.036575,26.399147,29.78379,30.186565,25.61282,24.325151,29.35187,32.39408,29.965101,26.805807,27.362268,22.358282,21.685513,19.254475,17.487505
6,17.501034,14.905222,11.94339,9.036907,5.9692144,5.7475243,0.0,6.3675594,7.7465963,11.342804,14.400441,17.239592,20.0659,20.606173,15.211472,11.97787,9.828354,6.4504104,7.6328654,5.3934207,7.9303246,11.261637,13.573108,11.756316,13.420184,14.281257,12.872642,15.973134,14.815481,19.805891,15.844121,22.479239,22.700735,23.651737,18.996046,15.589431,18.861864,20.531078,15.5778885,13.959491,19.104267,17.348783,13.233928,16.023203,19.931185,16.839746,15.018718,19.33922,21.521769,23.235582,21.32228,19.204887,24.515345,24.233292,21.44944,18.82483,15.353887,15.532406,20.762928,20.645042,14.650241,18.791752,18.749834,22.86255,21.202026,17.696468,19.06948,18.171217,13.465823,14.250116,15.270323,14.037505,9.431498,10.806428,9.574954,10.631271,8.731176,9.775744,9.428163,12.38843,12.524857,15.957323,13.496386,10.166541,8.232347,6.412676,3.8175151,5.1247225,6.181204,10.075215,9.968698,10.451357,8.368018,12.4996605,12.79084,17.063742,19.704987,20.979582,24.492453,24.963928,20.668303,19.461697,24.580748,27.645525,25.43166,22.143782,23.08132,17.517456,17.619268,14.918826,14.233561
7,21.160595,19.497154,15.241166,13.930971,11.094853,8.029246,6.3675594,0.0,4.4871817,5.715001,9.456895,11.834303,15.256919,15.865966,10.422502,8.808879,5.7035456,6.097018,4.9396663,8.427607,10.313839,13.439319,17.430586,15.947651,16.973087,16.787483,16.666197,18.895672,18.012646,22.524256,19.050508,25.327387,23.994022,25.17909,20.948526,17.129604,19.113363,20.93909,15.977927,13.636791,17.8393,16.577793,12.072939,13.193894,17.495682,14.592744,10.4897585,15.069451,17.784536,19.958021,19.290081,15.916962,21.88368,22.429075,20.076817,18.624178,15.048557,16.797476,21.516962,20.409815,16.093765,20.91932,21.930971,25.472713,22.74765,19.62143,22.495298,21.794664,16.568237,18.219536,20.09722,18.601858,13.821465,16.398914,13.682327,15.143576,12.07347,10.845949,9.365056,9.866353,8.227845,10.816858,7.5071187,5.040708,6.108292,4.1136866,7.523672,10.53376,12.42506,16.403875,15.938428,15.770883,12.683531,15.708898,14.231906,18.270525,18.911007,20.428305,23.309204,23.82145,19.033615,17.262575,22.08078,25.130358,22.855852,19.800526,21.146284,16.559792,16.355087,15.205206,13.822485
8,24.257605,22.235193,18.498068,16.13873,13.49969,10.865553,7.7465963,4.4871817,0.0,4.8060064,6.74813,10.014128,12.626516,13.825351,9.449687,5.8408203,5.3862023,5.335115,8.46979,10.75236,13.82114,16.967741,20.616951,18.15539,18.796944,18.192635,17.01897,18.539986,16.721497,20.798382,16.540749,22.35463,20.355148,21.194557,17.053696,13.323045,14.950677,16.572311,11.697959,9.306295,13.369157,12.39993,7.819086,8.945098,13.310504,11.343721,7.804318,11.819361,14.713887,16.259455,15.551938,13.555288,18.98525,18.994484,17.365839,16.39426,12.209983,14.54523,18.922941,16.833656,12.695081,17.776781,19.023428,22.28913,18.995283,15.862761,19.327747,18.655891,13.375973,15.885111,17.947515,16.314482,11.72895,15.518777,12.092843,14.86606,11.960632,9.38504,10.09669,8.958014,8.659785,11.801057,7.9230866,4.9810014,3.456058,6.0395126,6.61557,11.181652,12.567765,16.578268,15.730929,15.773329,11.659021,14.234165,12.32701,15.903837,16.825832,17.333792,20.817343,20.408638,15.459368,14.683233,19.768507,23.104332,21.587997,18.412868,21.038988,16.015583,17.065348,16.074106,15.837116
9,26.833805,25.204075,20.919685,19.529488,16.668037,13.603985,11.342804,5.715001,4.8060064,0.0,4.289691,6.121309,9.632537,10.413973,5.8084335,5.498421,4.082915,7.7210917,8.370752,12.830229,15.3463,18.075619,22.594654,20.289974,20.549059,19.385555,19.330648,20.42108,19.279015,22.963148,19.799803,25.288752,22.580769,23.959854,20.500896,16.579258,17.189392,19.286663,14.957954,12.056274,14.949664,15.086327,10.814561,9.671747,14.258614,13.148143,7.140787,10.783774,14.519905,16.273691,17.052008,14.167298,19.875622,20.579357,19.468534,19.361887,15.464603,18.435196,22.357988,19.739748,16.805744,21.924961,23.495667,26.47443,22.732552,19.834606,23.729933,22.932312,17.777237,20.618694,22.633633,20.692455,16.405241,20.238752,16.86783,19.354097,16.196053,13.453717,13.056691,10.9025755,8.907139,10.39607,5.4048715,5.211232,7.2922316,8.517961,11.202181,15.397443,16.835207,20.857443,19.772945,19.231844,15.27506,17.090271,14.340275,17.555931,16.659603,17.822306,20.273537,20.430101,15.46928,13.684732,18.11599,21.210733,19.428217,16.611942,19.135256,15.307583,15.825595,16.046652,15.277816
10,30.30567,28.637548,24.483282,22.64546,20.03119,16.843107,14.400441,9.456895,6.74813,4.289691,0.0,3.9535072,6.3586364,8.470211,6.6946626,5.7556763,7.3589125,10.424461,12.57752,16.511421,19.390318,22.206505,26.546278,23.916178,24.018082,22.628548,22.005632,22.546946,20.792402,23.899984,20.27559,24.996117,21.347044,22.28743,19.222029,15.700056,15.345884,16.957575,13.2282915,10.553605,11.981129,12.613792,9.068721,6.32526,10.607508,10.875461,4.629113,6.778899,11.060355,12.316196,13.883154,11.933717,16.967499,17.565704,17.417286,18.243704,14.310012,17.958145,21.091883,17.494663,15.845139,20.858181,22.881714,25.28198,20.967945,18.520409,23.095976,22.534079,17.579855,20.832577,23.175615,21.334246,17.358297,21.74343,17.837456,20.910774,17.80876,14.135645,14.798868,11.189718,10.008674,11.288547,6.764794,7.0987897,8.271613,11.2743635,13.224709,17.817276,19.21394,23.174,22.009666,21.68232,17.2271,18.585596,15.49446,17.947935,16.764004,16.838875,19.518211,18.60236,13.512034,12.846078,17.041859,20.303526,19.432194,16.78995,20.551435,16.924973,18.32525,18.906744,18.783886
11,32.907978,31.324665,27.00041,25.606976,22.739773,19.664724,17.239592,11.834303,10.014128,6.121309,3.9535072,0.0,4.0430655,5.296439,5.0984797,7.352863,8.526495,12.575301,13.806108,18.391294,21.109222,23.546093,28.353016,25.575556,25.30242,23.468609,23.512648,23.634758,22.37875,25.075495,22.439562,26.841097,22.836908,24.35358,21.956438,18.299637,17.341715,19.536993,16.398956,13.406396,14.164518,15.97211,12.758297,9.125841,13.049326,14.335706,7.8192472,8.477272,13.131142,14.0695305,16.75587,14.773799,19.514631,20.38871,20.725626,21.938965,18.146284,21.884592,24.853636,20.96532,19.650707,24.640543,26.63462,28.965343,24.442638,21.98024,26.578762,25.740376,20.98339,24.590172,26.63159,24.426523,20.763433,25.270224,21.593622,24.631819,21.505646,18.007689,18.228436,14.666978,12.782928,12.979541,8.434972,10.066065,12.019208,14.309865,16.573923,21.150621,22.316896,26.271566,24.807354,24.019253,19.701336,20.462723,16.918926,18.959463,16.392868,17.017189,18.633621,18.33127,13.620472,12.031405,15.281668,18.199121,17.222889,15.0443325,18.777777,16.317724,17.465418,18.95801,18.727808
12,36.379517,34.583652,30.486801,28.681992,25.820162,22.994768,20.0659,15.256919,12.626516,9.632537,6.3586364,4.0430655,0.0,3.7539744,7.539998,8.867795,11.45579,14.928053,17.27743,21.32064,24.473042,26.893187,31.600313,28.297096,27.74569,25.625496,25.252367,24.767237,23.153578,25.14206,22.58942,26.098331,21.3456,22.799858,21.176336,17.88697,15.961467,18.144392,16.016184,13.176477,12.498563,15.607976,13.282425,8.63659,11.750445,14.99847,9.605724,8.050276,12.867635,12.608251,16.149185,15.747668,19.385386,19.850513,21.235336,23.036505,19.192654,23.145872,25.541553,20.82422,20.222332,24.974401,27.053469,28.966837,24.032673,21.803183,26.654722,25.747631,21.45868,25.592062,27.492542,25.14212,22.072132,27.02968,23.283775,26.831083,23.921713,20.089212,21.126337,17.147947,15.920384,16.257708,12.048565,13.346468,14.430739,17.563154,18.87336,23.746273,24.556744,28.377491,26.64962,25.832926,21.266968,21.393059,17.608574,18.770767,15.768761,15.499485,16.958908,15.849996,11.468903,10.816903,13.356186,16.280878,16.322647,14.46439,19.25896,17.107302,19.069689,20.810646,21.26938
13,36.92797,35.007492,30.974722,29.404951,26.226488,23.856865,20.606173,15.865966,13.825351,10.413973,8.470211,5.296439,3.7539744,0.0,6.1586285,9.139665,11.148361,14.897407,16.802597,20.897207,24.050543,26.078714,31.046293,27.430525,26.49525,24.008848,24.173954,23.350626,22.306463,24.020761,22.568897,26.048025,21.53075,23.793734,22.558077,18.92401,17.06978,20.150694,18.099874,14.796081,14.746196,18.529112,15.800274,11.459532,15.074653,18.28838,12.535624,11.725286,16.577679,16.29506,19.685843,19.179352,23.088781,23.477526,24.698282,26.171165,22.126995,25.853611,28.64321,24.042334,22.671757,27.559881,29.283571,31.506798,26.650457,24.004421,28.493988,27.12805,22.977123,27.427082,28.7815,25.980516,23.219448,28.221685,24.941061,28.472372,25.65505,22.263075,23.014347,19.638988,18.007963,18.233036,13.648164,15.021318,16.279108,18.848639,19.931019,24.798706,25.18143,28.93079,26.852934,25.545288,21.255709,20.862572,16.848705,17.79676,13.751995,14.468753,14.864082,15.005824,11.1712265,8.955384,10.750081,13.365613,12.926212,11.32965,15.90027,14.590398,16.370876,18.69986,19.246555
14,31.104057,29.181936,25.148531,23.855953,20.528282,18.394537,15.211472,10.422502,9.449687,5.8084335,6.6946626,5.0984797,7.539998,6.1586285,0.0,5.5782743,5.4020805,9.70582,10.6816225,15.006811,17.939262,19.946587,24.962378,21.65532,20.977612,18.82676,19.385075,19.36882,18.786253,21.542849,20.002954,24.76799,21.551151,23.960955,21.673952,17.49566,17.145878,20.443005,17.113464,13.529092,15.671578,18.103785,14.2256975,11.48756,16.230888,17.392035,11.20464,12.884939,17.532337,18.269985,20.242481,18.556381,23.628557,24.07739,23.990944,24.392738,20.220432,23.36688,27.064766,23.533188,20.67436,25.81728,27.142094,30.054178,25.836845,22.663208,26.544115,25.072086,20.465746,24.3961,25.584702,22.813528,19.533007,23.995514,21.141607,24.151068,21.322878,18.704214,18.74877,16.562975,14.54695,15.285583,10.256627,11.00732,12.508545,13.972334,15.301947,19.816408,20.237206,24.043232,22.125973,20.73333,16.831902,17.157843,13.531193,15.815324,12.926291,14.905906,16.016277,17.181917,12.818284,9.581489,13.131367,15.901994,13.90292,11.391011,14.215264,11.572038,12.3788,13.997025,13.864745
15,29.139902,26.792696,23.299448,20.9663,17.8374,16.106077,11.97787,8.808879,5.8408203,5.498421,5.7556763,7.352863,8.867795,9.139665,5.5782743,0.0,4.4583635,6.2389703,10.498902,13.0376425,16.827593,19.357569,23.58134,19.84599,19.44179,17.70936,16.76186,16.907698,15.211851,18.263386,15.292182,20.266815,17.287521,19.153866,16.327911,12.150321,12.396535,15.492649,11.809821,8.191259,11.389118,13.512925,9.470196,7.8274436,12.857805,14.013603,9.501875,11.490259,15.709344,16.045916,16.824942,16.38081,21.096285,20.769148,20.592241,20.548975,16.034672,18.875568,22.675882,19.137392,15.515794,20.615707,21.721601,24.714897,20.616062,17.222494,20.97326,19.526484,14.909236,19.05903,20.202263,17.521992,14.3187065,19.167221,16.22876,19.806894,17.333218,14.605603,15.920035,13.997747,13.328581,15.493597,10.640338,9.498629,8.832279,11.680958,10.999741,15.985639,16.085087,19.824331,17.905045,16.999771,12.523459,13.167726,9.829473,12.43277,11.738629,12.396662,15.321116,15.245418,10.363124,8.932621,13.939279,17.297129,16.068228,12.938871,16.510824,11.861807,13.89296,13.9628315,14.73511
16,26.023909,23.921906,20.091305,18.518995,15.171174,13.342889,9.828354,5.7035456,5.3862023,4.082915,7.3589125,8.526495,11.45579,11.148361,5.4020805,4.4583635,0.0,4.7236147,6.2257137,9.954247,13.120628,15.536572,20.163765,17.056665,16.910248,15.459109,15.55185,16.516037,15.777527,19.526447,17.16467,22.878044,20.811363,22.869164,19.630228,15.3522415,16.39898,19.388126,15.1719055,11.835654,15.607015,16.619518,12.151331,11.435781,16.402723,15.941041,10.745646,14.009077,17.953669,19.16224,19.665497,17.674099,23.176039,23.370844,22.296955,21.693033,17.48642,19.907957,24.245077,21.683258,17.573633,22.689318,23.623676,27.007088,23.463146,19.99106,23.235985,21.830757,16.965244,20.268505,21.386686,18.865181,15.117505,19.067413,16.544085,19.20901,16.522928,14.629135,14.532145,13.6547985,12.054793,13.936447,9.150978,8.13502,8.7814665,9.520349,10.289947,14.556574,15.009691,18.863756,17.227661,16.116848,12.396547,13.790064,11.021718,14.490421,13.773119,15.713804,17.97623,18.991276,14.408165,11.848335,16.466404,19.446806,17.200089,14.156693,16.054253,11.67684,12.160529,12.020199,11.599308
17,23.603487,20.948772,17.882341,15.41195,12.015417,11.439239,6.4504104,6.097018,5.335115,7.7210917,10.424461,12.575301,14.928053,14.897407,9.70582,6.2389703,4.7236147,0.0,6.6528316,7.0074997,11.168565,13.805032,17.551262,13.867461,13.93937,13.006579,11.884217,13.373392,12.1318445,16.467447,13.429211,19.67311,18.692736,20.571789,16.87745,12.660436,14.876313,17.80729,13.37858,10.428907,15.326893,15.822753,11.395851,12.358227,17.060509,16.217146,12.826491,16.254349,19.638205,20.58987,19.967184,18.822823,24.001432,23.566545,22.131092,20.724958,16.409237,17.961218,22.678522,20.661118,15.260984,20.1128,20.400032,24.172176,21.2046,17.349052,19.740723,18.106,13.418164,16.595821,17.135689,14.528186,10.92639,14.786796,12.9503145,15.797399,13.737567,12.709093,13.427849,13.865155,13.393297,16.286812,12.139976,9.675493,8.17352,8.976752,6.721672,11.01558,10.619068,14.347956,12.538625,11.589843,7.763221,9.872452,8.142554,12.263736,13.659327,15.220301,18.34665,19.132647,14.838909,13.076965,18.146332,21.220057,19.148222,15.831702,17.506073,11.896117,12.872183,11.122236,11.452669
18,20.823439,18.988241,14.944142,14.4819765,11.002541,9.630473,7.6328654,4.9396663,8.46979,8.370752,12.57752,13.806108,17.27743,16.802597,10.6816225,10.498902,6.2257137,6.6528316,0.0,6.0031815,7.433138,9.7787485,14.675297,12.888626,13.506565,13.091241,14.321148,16.652632,16.958502,21.457537,19.531301,25.924936,25.180695,27.21874,23.431883,19.28536,21.346186,24.078577,19.391663,16.568724,21.032658,20.81334,16.22342,16.821833,21.529348,19.38787,14.749523,18.965675,22.217827,24.147608,23.888744,20.705563,26.695671,27.195665,25.001194,23.443668,19.810575,21.267912,26.169254,25.030087,20.170732,24.947016,25.452978,29.29167,26.686457,23.15621,25.469465,24.1641,19.328737,21.319607,22.233435,20.138342,16.063759,18.352705,16.796085,17.974037,15.434321,15.219891,13.442734,14.7216,12.655766,14.413253,10.984558,9.64725,10.830935,8.393204,10.288662,12.539978,13.334817,16.912014,15.919001,14.8088455,12.714462,15.146683,13.770508,17.881994,18.004543,20.70049,22.731455,24.480427,20.19334,17.284061,21.646116,24.2611,21.226746,18.342287,18.240858,14.142948,12.784828,11.539059,9.304969
19,18.109947,15.29311,12.671751,11.084828,7.233164,8.958343,5.3934207,8.427607,10.75236,12.830229,16.511421,18.391294,21.32064,20.897207,15.006811,13.0376425,9.954247,7.0074997,6.0031815,0.0,4.693653,7.1099186,10.574795,7.5744195,8.7128,9.413154,9.561793,12.920968,13.301982,18.249777,16.340984,22.980335,23.6922,25.694263,21.740925,17.905554,20.960434,23.717775,19.159367,16.810389,22.014645,21.601385,17.272861,19.068428,23.556753,21.395191,18.338888,22.474028,25.404442,26.928352,25.727499,23.59714,29.140615,28.93963,26.508373,24.133587,20.49187,20.876059,26.082432,25.54525,19.437517,23.649603,23.250956,27.492878,25.68651,21.819841,22.855652,21.209497,17.051945,18.612627,18.472578,16.33298,12.98373,14.362129,14.365004,15.298012,13.887427,15.134903,14.263188,17.005861,16.193308,18.88537,15.833053,13.363034,12.533544,10.373695,8.688656,9.598361,8.801385,11.732784,10.547032,9.310324,8.654762,11.658318,11.962907,16.250244,18.25124,20.76388,23.328814,25.096489,21.317873,18.942379,23.560154,26.173866,23.267735,20.175922,19.728817,14.605656,13.713425,10.594482,9.429178
20,14.708881,12.4992895,9.409642,9.7244215,6.4147825,8.250694,7.9303246,10.313839,13.82114,15.3463,19.390318,21.109222,24.473042,24.050543,17.939262,16.827593,13.120628,11.168565,7.433138,4.693653,0.0,3.5051095,7.313952,7.515681,9.724653,11.442674,12.810505,16.562784,17.535192,22.451626,20.784044,27.43158,28.362492,30.224861,26.051607,22.362343,25.478207,27.934229,23.156387,21.004768,26.122072,25.046175,20.712994,22.637712,27.01287,23.947865,20.77488,25.310778,27.923462,29.983349,28.678316,25.540825,31.372831,31.606693,28.584957,25.919344,22.852295,22.914595,28.171534,28.427837,22.565735,26.53619,26.196852,30.448402,29.080067,25.47409,26.32547,25.021307,20.847212,21.434126,21.5966,20.059656,16.470695,16.552088,16.836115,16.41898,14.990071,17.00635,14.770875,18.344187,17.062359,19.246984,17.12876,15.030061,15.095264,11.482111,11.736582,10.924317,11.154187,13.461664,13.322955,12.502264,12.938454,16.099157,16.609024,20.852135,22.529245,25.32379,27.602802,29.611053,25.736492,23.0946,27.5152,29.969461,26.704432,23.812796,22.580242,18.227451,16.339632,13.473485,11.007534
21,15.281837,13.160998,10.861181,11.994621,9.119024,11.549676,11.261637,13.439319,16.967741,18.075619,22.206505,23.546093,26.893187,26.078714,19.946587,19.357569,15.536572,13.805032,9.7787485,7.1099186,3.5051095,0.0,5.6240015,6.5246506,8.521931,10.544857,13.042327,16.765182,18.561275,23.221985,22.550861,29.031973,30.339006,32.57271,28.667196,24.927334,28.016665,30.810879,26.190392,23.884315,29.021769,28.333986,23.970778,25.666489,30.184391,27.371948,23.923586,28.372454,31.186256,33.187943,32.05822,28.923746,34.80789,35.054844,32.085823,29.411766,26.33905,26.34304,31.613836,31.856516,25.866335,29.774994,29.225006,33.54993,32.264397,28.537788,29.114895,27.561548,23.692871,24.38447,24.074747,22.331568,19.272652,19.144283,19.964642,19.417128,18.28078,20.48506,18.189215,21.778364,20.28852,22.16594,20.00714,18.224129,18.484005,14.903252,15.017228,14.055355,13.722808,15.388746,15.025343,13.698254,14.986181,17.572916,18.255598,22.275965,23.712446,26.995289,28.784662,31.37966,27.8302,24.770897,28.824434,30.971094,27.37941,24.708616,22.573696,18.806877,16.273207,13.35068,10.504129
22,11.907844,9.282711,9.354096,10.565815,9.144992,13.151614,13.573108,17.430586,20.616951,22.594654,26.546278,28.353016,31.600313,31.046293,24.962378,23.58134,20.163765,17.551262,14.675297,10.574795,7.313952,5.6240015,0.0,6.527592,9.631182,12.995552,14.394972,18.584917,20.22635,24.859428,23.94278,30.25001,32.532673,34.385532,30.264204,27.042871,30.677649,33.0591,28.510828,26.765722,32.116444,30.81333,26.782171,29.257542,33.440258,30.145592,27.7461,32.299374,34.654495,36.657223,34.815796,31.939003,37.527554,37.512783,34.131504,30.8447,28.207296,27.337616,32.582138,33.68551,27.302092,30.482176,29.394314,33.79761,33.402035,29.80571,29.403183,28.005804,24.780706,24.448334,23.690542,22.578886,20.071264,18.415895,20.413845,18.907873,18.74497,22.03306,19.930992,24.425213,23.607382,25.87399,24.263962,21.977625,21.514833,17.896984,17.013737,14.476324,13.755177,13.973147,14.485283,13.848736,16.546967,19.429552,21.167492,25.046196,27.55537,30.463612,32.66629,35.002144,31.623213,29.062023,33.303738,35.51351,32.093414,29.32977,27.226965,23.083862,20.940825,17.424654,15.327939
23,17.355154,13.908735,13.708413,12.674128,9.8554,14.135052,11.756316,15.947651,18.15539,20.289974,23.916178,25.575556,28.297096,27.430525,21.65532,19.84599,17.056665,13.867461,12.888626,7.5744195,7.515681,6.5246506,6.527592,0.0,3.4842396,7.0114436,7.936762,12.070995,14.012984,18.462204,18.362785,24.45752,26.892723,29.269762,25.734465,22.357822,25.851263,28.874857,24.808367,22.74979,28.108412,27.945726,23.936117,26.029804,30.410828,28.402039,25.851854,29.877356,32.774757,34.09351,32.566093,30.849035,36.188736,35.67693,33.086246,30.190779,26.802568,26.34817,31.587242,31.624409,24.880514,28.341064,27.029177,31.488895,30.544952,26.528835,26.131384,24.038929,21.164915,22.155127,20.561668,18.423878,16.804184,16.545618,18.643513,18.72221,18.619175,21.137526,20.353432,23.985266,23.414057,26.062313,23.308502,20.85675,19.718576,17.393764,14.727176,13.77771,11.431804,11.8908415,10.628158,8.655223,11.628228,13.578117,15.498361,19.046854,21.809366,24.77701,26.85742,29.407187,26.529028,23.977173,28.05411,30.16601,26.950031,24.153625,22.237625,17.64563,16.156467,12.09166,11.320393
24,20.817612,17.388838,17.032871,15.8702545,12.775458,16.63945,13.420184,16.973087,18.796944,20.549059,24.018082,25.30242,27.74569,26.49525,20.977612,19.44179,16.910248,13.93937,13.506565,8.7128,9.724653,8.521931,9.631182,3.4842396,0.0,3.8132808,5.9614716,9.482477,12.297272,16.26583,17.415415,23.146479,25.585634,28.497887,25.517956,21.991198,25.170826,28.723753,25.0173,22.645897,27.850384,28.529549,24.51286,26.100054,30.64476,29.423859,26.491837,30.171736,33.45443,34.446957,33.313023,32.019833,37.296177,36.65697,34.518826,31.939001,28.2219,28.110668,33.27716,32.699722,25.973562,29.619696,28.279177,32.688347,31.366735,27.164946,26.888628,24.385845,21.751465,23.559788,21.578943,18.818968,17.796642,18.39639,20.35596,21.13548,20.931814,22.93458,22.530233,25.601088,24.898575,27.445,24.171003,21.942013,20.82542,19.055382,16.094236,16.094147,13.329595,13.920311,11.758988,8.8807,11.63761,12.393587,14.099349,17.213089,19.626095,22.969086,24.556768,27.605219,25.170073,22.311995,25.986967,27.831818,24.53706,21.909925,19.591183,15.261164,13.772891,9.580666,9.563334
25,24.09457,20.774557,19.823067,18.543064,15.088437,18.20343,14.281257,16.787483,18.192635,19.385555,22.628548,23.468609,25.625496,24.008848,18.82676,17.70936,15.459109,13.006579,13.091241,9.413154,11.442674,10.544857,12.995552,7.0114436,3.8132808,0.0,5.315535,7.295062,10.783126,14.254456,16.396194,21.81844,23.7344,27.157274,24.70407,20.923222,23.584482,27.643082,24.24309,21.479595,26.397432,27.931253,23.885342,24.798513,29.502365,29.085495,25.643017,28.923956,32.600372,33.301018,32.69506,31.71645,36.94016,36.27254,34.63716,32.510464,28.46994,28.877945,33.923492,32.623867,26.147987,30.112663,28.974607,33.253986,31.361671,27.049265,27.248251,24.473415,21.794954,24.491707,22.512674,19.198246,18.366596,20.047796,21.438002,22.955585,22.408827,23.682125,23.57046,25.889484,24.982368,27.34703,23.551409,21.649519,20.701288,19.526474,16.623873,17.746819,14.980636,16.135653,13.356508,10.01192,11.573771,11.18182,12.063623,14.799548,16.424685,20.203562,21.250883,24.762905,22.625118,19.377235,22.663311,24.300451,20.923847,18.43,15.892925,11.758922,10.313913,6.091559,7.1379952
26,24.1041,20.306917,19.928713,17.32448,14.162275,17.637573,12.872642,16.666197,17.01897,19.330648,22.005632,23.512648,25.252367,24.173954,19.385075,16.76186,15.55185,11.884217,14.321148,9.561793,12.810505,13.042327,14.394972,7.936762,5.9614716,5.315535,0.0,4.36799,6.366595,10.541756,11.6550665,17.20317,19.81187,22.839184,20.294634,16.933666,20.07927,23.846268,20.75067,18.485975,23.522778,24.894564,21.296505,22.839233,27.12797,26.915083,24.606236,27.64436,30.984386,31.313917,30.138292,30.113466,34.791107,33.603397,32.114788,29.817284,25.750214,25.788494,30.654427,29.369026,22.571497,26.10354,24.581095,28.832764,27.217379,22.868135,22.50047,19.554388,17.465685,20.25395,17.706211,14.229404,14.276684,16.1014,17.933199,19.961733,19.975689,21.286688,22.232044,24.55106,24.48761,27.477974,23.690624,21.1554,19.107788,18.819593,14.237276,15.441041,11.807155,12.503386,9.083385,5.4879775,7.5034065,6.7919455,9.187529,11.8183,15.422875,18.039825,20.198893,22.705708,20.663107,18.5556,22.386496,24.441551,21.892954,19.041561,18.104437,12.6743965,13.133904,8.850078,11.100014
27,28.44829,24.655565,24.132927,21.416483,18.179087,21.174484,15.973134,18.895672,18.539986,20.42108,22.546946,23.634758,24.767237,23.350626,19.36882,16.907698,16.516037,13.373392,16.652632,12.920968,16.562784,16.765182,18.584917,12.070995,9.482477,7.295062,4.36799,0.0,4.511618,6.9839406,10.507008,14.9294615,17.42881,21.178617,19.653605,16.348358,18.8237,23.190477,20.876673,18.395668,22.893133,25.407362,22.088755,22.948545,27.170357,28.088985,25.619513,27.999725,31.662909,31.456892,30.74675,31.467587,35.819595,34.40051,33.580784,31.738857,27.404236,27.835869,32.403553,30.339895,23.84584,27.409681,25.91022,29.89656,27.816622,23.409992,23.230427,19.861908,18.328306,22.073185,19.221546,15.176814,16.123804,18.887503,20.36627,23.107918,23.035076,23.685465,25.1425,26.722057,26.66068,29.542122,25.302382,23.037266,20.945219,21.4607,16.74138,18.82619,15.168436,15.958087,12.194864,8.774677,9.416705,6.3417225,7.9986005,9.100131,12.543359,15.275939,16.897823,19.83136,18.638514,16.51782,19.71234,21.454245,19.213394,16.593311,15.866942,10.650773,12.155116,8.558957,12.148898
28,28.673195,24.8104,24.239634,20.764036,17.782143,20.387918,14.815481,18.012646,16.721497,19.279015,20.792402,22.37875,23.153578,22.306463,18.786253,15.211851,15.777527,12.1318445,16.958502,13.301982,17.535192,18.561275,20.22635,14.012984,12.297272,10.783126,6.366595,4.511618,0.0,5.119462,6.005687,11.060972,13.584439,16.903854,15.207443,12.137691,14.906214,19.008848,16.966892,14.883677,19.320412,21.748688,18.870651,20.086159,23.882027,25.058786,23.457195,25.524792,28.875347,28.372759,27.316385,28.784864,32.638763,30.873009,30.285004,28.512053,24.162477,24.531069,28.811975,26.555574,20.09289,23.425438,21.869818,25.703722,23.56788,19.179092,18.953497,15.495883,14.236331,18.38411,15.463197,11.189754,12.706011,16.126432,17.322437,20.67614,20.764555,21.03819,23.322111,24.551905,25.087227,28.310995,24.13789,21.542963,18.745863,20.123121,14.565054,17.091301,13.358905,14.265846,10.396987,7.7976003,6.91732,2.6765482,5.5467577,6.431853,11.786699,13.014122,15.9499,17.53713,16.139797,15.229345,19.010971,21.25767,19.823553,16.90482,17.830761,11.888439,14.503929,11.293936,14.760839
29,33.631653,29.688467,29.323767,25.802095,22.889313,25.441288,19.805891,22.524256,20.798382,22.963148,23.899984,25.075495,25.14206,24.020761,21.542849,18.263386,19.526447,16.467447,21.457537,18.249777,22.451626,23.221985,24.859428,18.462204,16.26583,14.254456,10.541756,6.9839406,5.119462,0.0,7.3537507,8.810436,11.912857,16.049826,16.066423,13.747193,15.503629,19.964943,19.205915,17.272524,20.732096,24.262983,21.973907,22.586218,26.001242,28.309204,26.831593,28.161116,31.654476,30.533,29.839563,32.1931,35.52636,33.435745,33.529266,32.131245,27.714384,28.251106,32.084766,29.226578,23.227533,26.19553,24.500248,27.892593,25.571444,21.354265,20.928158,17.124168,17.086985,21.721775,18.353483,13.993958,16.677887,20.293413,21.497236,25.174704,25.407742,25.336653,28.01754,28.765772,29.37519,32.495552,28.076424,25.722708,22.907068,24.804089,19.247686,22.002262,18.223158,18.766127,14.91528,12.513501,11.820954,7.353189,8.6375265,6.425803,11.444045,12.065496,14.285792,16.03499,16.212051,15.754978,18.414421,20.127056,19.383549,16.981316,18.177404,13.162678,16.480286,14.068402,18.123207
30,30.468513,26.65249,26.10203,21.854723,19.446482,21.376871,15.844121,19.050508,16.540749,19.799803,20.27559,22.439562,22.58942,22.568897,20.002954,15.292182,17.16467,13.429211,19.531301,16.340984,20.784044,22.550861,23.94278,18.362785,17.415415,16.396194,11.6550665,10.507008,6.005687,7.3537507,0.0,6.7150693,9.200649,11.377692,9.511499,7.405064,10.599149,13.953005,12.771954,11.742067,15.614739,17.891674,16.063866,17.779776,20.59567,22.28916,22.186771,23.59694,26.34007,25.301464,23.711447,26.47687,29.374159,27.022734,26.902546,25.312334,21.075972,21.31518,24.929367,22.331434,16.159985,18.860966,17.182222,20.601011,18.391909,14.137126,13.724769,10.053929,9.807896,14.623152,11.636884,7.2597413,10.157666,14.367558,14.999238,19.158363,19.54143,19.18335,22.664381,23.278439,24.68733,28.25286,24.33881,21.447483,17.792389,20.378431,14.121066,17.008007,13.611796,14.465777,11.168602,10.403335,7.9733105,5.36833,7.290269,6.969984,13.323082,12.088324,16.514702,15.932835,14.510301,15.632295,19.726194,22.413618,22.103905,19.105452,21.71044,15.648173,19.046017,16.38953,19.60562
31,36.780907,32.86742,32.656372,28.244514,26.046015,27.957222,22.479239,25.327387,22.35463,25.288752,24.996117,26.841097,26.098331,26.048025,24.76799,20.266815,22.878044,19.67311,25.924936,22.980335,27.43158,29.031973,30.25001,24.45752,23.146479,21.81844,17.20317,14.9294615,11.060972,8.810436,6.7150693,0.0,6.4427376,8.723208,10.206789,10.453164,11.76337,14.706749,15.866148,15.568211,17.628635,20.968876,20.347532,21.475641,23.318485,26.36665,26.902943,27.29862,29.867321,27.959166,26.587526,30.733116,32.5969,29.681068,30.504562,29.39866,25.361303,25.633207,28.320494,25.095585,19.965708,21.637993,19.730915,22.15121,19.980597,16.440536,15.438974,11.672038,13.851546,18.618574,15.230647,11.641163,15.777474,19.664131,20.35599,24.678356,25.366962,24.656363,28.66754,28.731266,30.40952,33.909363,29.904001,27.220753,23.484802,26.644009,20.45372,23.332027,19.95669,20.245686,17.141037,16.492569,14.675125,11.554858,12.696309,10.0532465,15.620631,12.937128,16.937786,15.380592,15.947654,18.236471,21.112707,23.32031,24.108154,21.661564,24.840149,19.591454,23.5915,21.475185,25.197222
32,38.77074,35.19219,34.027996,29.823217,27.376553,28.136637,22.700735,23.994022,20.355148,22.580769,21.347044,22.836908,21.3456,21.53075,21.551151,17.287521,20.811363,18.692736,25.180695,23.6922,28.362492,30.339006,32.532673,26.892723,25.585634,23.7344,19.81187,17.42881,13.584439,11.912857,9.200649,6.4427376,0.0,5.223944,8.344966,8.25899,6.955783,10.609494,12.816358,12.23966,12.695816,17.494278,17.32059,17.249317,18.662188,23.057991,23.346493,22.775446,25.492573,23.05004,22.54242,27.230202,28.675196,25.824127,27.54012,27.389507,23.17952,24.458797,26.65114,22.22272,18.436354,20.707926,19.913157,21.751743,18.183292,14.973772,16.106201,13.042243,13.829609,19.438066,17.582037,14.193301,16.691257,21.685194,20.853046,25.680689,25.559906,23.662457,27.790222,26.618307,28.151638,31.282509,27.121017,24.958155,21.578894,25.521088,20.271854,24.199287,21.698778,23.063583,20.11404,19.456469,16.165583,13.327941,12.4429455,9.406478,13.093627,8.746836,13.313292,9.952407,10.67255,14.235367,16.834879,19.305351,20.946733,18.642462,23.198275,18.401932,22.874546,21.786625,25.342354
33,39.152046,35.70733,34.664963,30.122585,28.208397,28.628857,23.651737,25.17909,21.194557,23.959854,22.28743,24.35358,22.799858,23.793734,23.960955,19.153866,22.869164,20.571789,27.21874,25.694263,30.224861,32.57271,34.385532,29.269762,28.497887,27.157274,22.839184,21.178617,16.903854,16.049826,11.377692,8.723208,5.223944,0.0,5.5262237,8.154814,7.0162797,7.5886497,11.187188,12.226706,11.761408,15.3325815,16.416294,17.117174,17.24826,21.457945,23.287762,22.433693,24.204681,21.539911,20.210108,25.795504,26.285091,22.949856,24.892508,24.80664,21.086924,22.044783,23.4142,19.0272,16.042616,17.26301,16.535233,17.582232,14.131384,11.716409,12.765319,10.505631,12.272293,17.254412,15.959762,13.701695,16.2467,20.884544,19.692934,24.53314,24.672277,22.55626,27.256948,25.88519,28.087421,31.41943,27.822418,25.417213,21.602163,25.925417,20.61413,24.212479,22.15878,23.349245,21.063814,21.290384,17.878368,16.136383,15.739373,13.693123,17.6401,13.092975,17.972065,13.636116,13.505052,17.84648,20.838173,23.564709,25.37748,22.94895,27.775219,22.679134,26.976427,25.645784,28.840624
34,34.088463,30.795685,29.678974,25.05742,23.405321,23.640192,18.996046,20.948526,17.053696,20.500896,19.222029,21.956438,21.176336,22.558077,21.673952,16.327911,19.630228,16.87745,23.431883,21.740925,26.051607,28.667196,30.264204,25.734465,25.517956,24.70407,20.294634,19.653605,15.207443,16.066423,9.511499,10.206789,8.344966,5.5262237,0.0,4.459918,6.0970078,5.4860344,6.8638988,8.6786,9.893365,11.414678,12.140442,14.176265,14.649668,17.313446,19.642397,19.6651,21.115143,19.221605,16.942842,21.815592,22.862707,19.69666,20.67663,19.961676,16.188326,16.794916,18.698654,14.986376,10.813559,12.4098425,11.684742,13.555098,10.152388,6.741106,8.274287,6.266355,6.841129,11.903468,11.280892,9.475414,11.129869,15.776582,14.226296,19.073542,19.218996,17.235846,22.046614,21.076168,23.561672,27.169863,23.949438,21.139132,16.970509,21.161713,15.698788,19.048475,17.369057,18.756151,16.972595,17.801268,14.138932,13.714181,13.716477,13.259211,17.830994,14.160579,19.545301,15.904145,13.939994,17.650455,21.758364,24.920895,25.916725,23.024525,27.455261,21.718256,25.499908,23.71095,26.348827
35,31.726831,28.464588,26.90805,22.625656,20.46778,20.607836,15.589431,17.129604,13.323045,16.579258,15.700056,18.299637,17.88697,18.92401,17.49566,12.150321,15.3522415,12.660436,19.28536,17.905554,22.362343,24.927334,27.042871,22.357822,21.991198,20.923222,16.933666,16.348358,12.137691,13.747193,7.405064,10.453164,8.25899,8.154814,4.459918,0.0,4.5015655,6.954985,5.6673656,5.4049263,8.545807,10.860153,9.911003,11.546166,13.482887,15.940221,16.808746,17.370708,19.642706,18.218952,16.590492,20.281763,22.469713,19.936853,20.500875,19.73886,15.391155,16.545927,19.416615,15.684858,10.700548,13.924861,13.577535,16.271307,12.602875,8.525168,10.854418,8.523257,6.402017,12.278135,11.812136,8.9523945,9.302382,14.749746,12.956721,17.885096,17.456314,15.410977,19.667318,18.749716,20.654804,24.153124,20.498474,17.781244,13.880081,17.913305,12.600621,16.614319,14.911844,16.96147,14.769776,15.031875,10.783658,10.323342,9.625217,9.830425,14.152347,11.222226,16.603535,13.861048,11.032621,13.913595,18.473461,21.75895,22.227634,19.163559,23.375277,17.532738,21.179922,19.50392,22.03896
