,0,1,2,3,4,5,6,7,8,9,10,11,12,13,14,15,16,17,18,19,20,21,22,23,24,25,26,27,28,29,30,31,32,33,34,35,36,37,38,39,40,41,42,43,44,45,46,47,48,49,50,51,52,53,54,55,56,57,58,59,60,61,62,63,64,65,66,67,68,69,70,71,72,73,74,75,76,77,78,79,80,81,82,83,84,85,86,87,88,89,90,91,92,93,94,95,96,97,98,99,100,101,102,103,104,105,106,107,108,109,110,111
0,0.0,4.144074,6.5761943,9.798916,12.203211,14.538174,17.278393,21.347752,24.952658,26.129883,30.461933,33.26245,32.37386,28.687595,28.047096,23.379498,22.950462,21.718765,18.24899,19.33916,15.861328,17.577894,15.0233,17.154251,22.264748,23.02568,25.602367,25.354256,23.315369,25.757627,24.33473,28.556093,31.747417,31.778112,35.867184,36.56588,40.07753,40.982574,37.186337,33.838543,37.242085,33.74384,33.740856,32.587757,34.385086,32.678333,32.45928,33.37506,33.574345,37.646347,40.177654,43.301105,46.575237,49.013668,46.403114,47.886566,43.39737,46.22421,45.532276,44.049908,41.856964,44.59567,40.505318,42.93797,42.23071,42.11229,38.75677,36.063,38.49366,36.62898,31.830364,29.483887,29.190405,27.287241,27.648283,23.114168,24.58516,26.907862,25.972458,29.14405,26.584745,23.72883,26.468288,23.931395,25.417292,20.792725,25.275696,21.802505,24.292082,24.80649,26.039562,24.496683,25.991243,27.294474,27.96453,30.77783,30.52948,35.685734,34.269585,39.12451,39.064213,35.835976,37.450157,42.73216,46.635284,44.895725,41.74801,43.99422,37.742702,39.42104,36.568207,37.678127
1,4.144074,0.0,5.0888915,7.0106854,8.867195,12.40902,14.057907,18.901417,22.050337,23.085514,27.72886,30.130728,29.22363,25.675238,24.80707,19.952873,19.546118,17.888796,14.773059,15.454791,12.080387,14.4485,12.04153,13.655666,19.105438,19.46173,21.764544,21.380291,19.179167,21.65467,20.357897,24.693365,28.219193,28.47173,32.53118,33.49311,36.83823,37.51541,33.648945,30.202011,33.38067,29.748537,29.669458,28.473797,30.244112,28.600527,28.456903,29.49492,29.875471,33.955235,36.375515,39.57123,42.75156,45.104332,42.397766,43.89312,39.340195,42.137375,41.498386,39.944794,37.730442,40.461403,36.37857,38.854065,38.292492,38.129654,34.741184,32.084354,34.697903,32.82207,27.892336,25.742472,25.301653,23.88371,24.135199,19.70412,21.527874,23.877789,23.228937,26.504965,24.076468,20.866268,23.271574,20.457594,21.620432,16.95756,21.192812,17.712984,20.250425,20.991161,22.249302,20.979992,22.15445,23.533485,24.011522,27.05695,26.691368,31.9673,30.663216,35.571617,35.244724,31.978415,33.837887,38.98435,42.87534,40.976593,37.81127,39.92185,33.650658,35.36208,32.475044,33.701214
2,6.5761943,5.0888915,0.0,5.227939,6.64762,8.345257,11.170999,14.879901,18.695393,19.72408,23.930124,26.871954,26.07121,22.337975,22.138924,17.553688,17.819916,16.941355,14.278023,16.326084,13.986425,16.540361,15.587086,17.077892,22.6712,22.620726,23.884676,23.435627,19.654558,22.024569,19.535252,24.22662,26.207706,26.826918,30.4442,31.217133,34.955334,35.84324,32.434067,29.401587,32.433907,29.712708,29.318592,29.155453,30.527143,29.881884,29.703354,31.316864,32.01197,36.073887,38.275017,41.37025,44.34444,46.29421,43.13893,44.160965,39.491764,42.065117,40.844204,39.576492,37.802074,40.60174,36.910255,39.828854,39.484272,39.724747,36.325584,33.611195,36.796783,35.189774,29.929962,28.26782,27.118507,26.544321,25.676958,21.546883,22.76592,24.421675,23.258017,26.180233,23.107319,20.17031,21.830204,19.624884,21.53441,17.1542,21.81955,19.251984,21.643515,23.091806,23.705729,21.864548,22.319834,22.837076,23.234642,25.609966,25.079912,29.94333,28.342733,33.086716,33.500343,30.48952,31.797066,37.251873,41.37229,39.73166,36.60565,39.26191,33.171783,34.723656,32.361027,33.3268
3,9.798916,7.0106854,5.227939,0.0,3.758583,6.2684145,8.526251,12.812479,15.645509,17.491234,21.900908,24.53558,24.430084,20.98864,21.162848,16.158056,17.353172,15.380865,14.403884,15.295723,13.412184,17.19822,15.847279,15.761688,21.70469,20.65524,22.085325,20.611078,16.804152,18.227825,15.867335,19.70335,22.124672,22.10756,26.096186,26.792728,30.352074,31.307991,27.696524,24.596973,28.110046,25.381966,25.495176,25.402607,27.353535,27.010487,27.477423,29.253704,30.420439,34.410725,36.31362,39.71136,42.43285,44.25411,40.884594,42.028877,37.06064,39.37525,38.199688,36.46686,34.788418,36.949696,33.19871,36.023,35.192734,35.97426,32.806656,29.721888,32.903397,31.882631,26.68523,24.822844,23.177773,22.564613,20.97694,16.991173,17.800518,19.254232,18.062439,20.99965,18.032475,14.974329,16.911736,14.658038,16.80752,12.533433,17.91016,16.487621,19.410257,21.464382,22.5011,21.63856,21.131685,21.646984,21.057388,24.028706,22.346554,27.341413,25.3318,30.253815,30.16572,26.813997,27.94904,33.36306,37.213005,35.87562,32.82761,35.739075,29.744644,31.829874,29.635597,31.230568
4,12.203211,8.867195,6.64762,3.758583,0.0,5.5378647,5.272146,10.618242,13.257776,14.409269,19.130533,21.438519,20.99638,17.573395,17.466728,12.428295,13.660197,11.799879,11.237269,12.556753,11.523798,15.379017,15.134469,15.007268,20.724247,19.534187,19.972204,18.815666,14.044592,15.88845,13.00046,17.712662,19.760298,20.658377,24.202425,25.311768,28.840548,29.47066,26.033953,22.984612,25.796434,23.245756,22.82174,23.091532,24.510233,24.547407,24.78341,26.851322,28.126682,32.070507,33.86755,37.126053,39.75461,41.38029,37.862473,38.792095,33.866486,36.184166,34.854397,33.362747,31.77038,34.277145,30.729084,33.818577,33.54727,34.111935,30.806244,27.990763,31.603842,30.371786,24.942638,23.721645,21.868229,22.366436,20.60012,17.031246,18.291916,19.533422,18.65609,21.497492,18.53854,15.185553,15.911308,13.50301,15.279997,11.164641,15.814168,14.416846,16.95635,19.325891,19.870758,18.76547,17.866396,18.076086,17.567734,20.331484,18.91354,23.90476,22.152296,27.044336,27.074728,23.92276,25.340675,30.705956,34.782642,33.124294,30.010313,32.79215,26.779306,28.578117,26.461187,27.80849
5,14.538174,12.40902,8.345257,6.2684145,5.5378647,0.0,5.8061337,7.091638,10.908034,12.900304,16.566113,19.933502,20.155678,16.613808,17.95829,13.62928,16.023788,15.129051,15.249894,17.440296,16.901846,20.502865,20.55289,20.522364,26.249521,24.89673,25.04919,23.641459,18.178228,19.312008,15.436777,19.488214,19.36028,20.036253,23.151922,23.628975,27.687565,28.865328,26.030058,23.657192,26.726715,25.422567,25.046774,26.399666,27.699488,28.692507,29.09663,31.51771,33.030243,36.87838,38.4559,41.659336,44.058548,45.33128,41.444088,41.962536,36.93319,38.88446,36.96302,35.628223,34.588036,36.78305,33.66866,37.012375,36.55899,37.790623,34.684616,31.674593,35.51063,34.798138,29.374245,28.259155,25.861904,26.455393,23.662685,20.445217,20.570171,20.95618,19.249062,21.449827,17.753336,15.293542,15.550224,14.4797945,17.475025,14.218861,19.393839,19.25168,21.704237,24.441221,24.674204,23.27897,21.83305,21.18832,20.375257,22.312069,20.280281,24.479498,22.033768,26.62514,27.560759,24.661898,24.960623,30.703577,34.8242,33.84297,30.912695,34.51159,28.940765,30.760035,29.36598,30.604977
6,17.278393,14.057907,11.170999,8.526251,5.272146,5.8061337,0.0,6.411274,8.390603,9.149766,13.982202,16.170876,15.930525,12.612058,13.170798,8.36482,11.095892,9.685275,11.242927,13.091628,13.755954,17.536882,18.520615,17.932278,23.170614,21.442278,20.552162,19.291233,13.02287,14.413739,10.143732,15.229941,15.47603,17.383575,20.13215,21.469097,25.128172,25.61818,22.711676,20.13904,22.256859,20.7638,19.814974,21.338648,22.150297,23.46163,23.757978,26.441492,28.151743,31.862347,33.24671,36.364315,38.60977,39.71143,35.72673,36.168594,31.149189,33.124504,31.249166,29.995142,28.911993,31.416948,28.415462,31.941954,32.103836,32.98886,29.766665,27.087772,31.31265,30.373905,24.817482,24.422617,21.850914,23.723986,20.942076,18.304592,19.227825,19.614935,18.706099,20.992474,17.832626,14.6952305,13.53239,11.796279,13.785378,10.876032,14.760548,14.876138,16.875027,20.000383,19.853687,18.697258,16.523052,15.669017,14.584932,16.694958,14.68851,19.235338,17.242382,22.025652,22.54669,19.693317,20.787842,26.287762,30.59714,29.006506,25.943007,29.138153,23.441868,25.065619,23.613308,24.802591
7,21.347752,18.901417,14.879901,12.812479,10.618242,7.091638,6.411274,0.0,4.981823,6.6624265,9.513606,13.252649,14.007623,10.773723,13.585199,10.630332,14.473969,14.427961,16.45521,19.026531,20.035767,23.506384,24.794693,24.339624,29.54531,27.69331,26.43547,25.032383,18.335617,18.943949,13.966014,17.876146,14.894466,16.964243,18.62183,19.291037,23.538586,24.559908,22.68443,21.169249,23.160686,23.43024,22.398346,25.26753,25.738348,28.202103,28.619158,31.666615,33.612793,37.125134,38.205685,41.165333,43.073814,43.67834,39.280106,39.142223,34.130257,35.587677,32.95074,32.0181,31.702875,33.858356,31.557371,35.372715,35.502537,37.07088,34.118183,31.373991,35.855175,35.44973,29.987051,29.843353,26.756111,28.88472,25.129297,23.015244,22.90194,22.341034,20.721481,22.126514,18.37169,16.384306,14.162597,14.239322,17.233017,15.558626,19.475618,20.781815,22.549366,25.931692,25.404613,23.95427,21.26351,19.424593,18.075476,18.849617,16.227772,19.263699,16.452765,20.558191,22.438047,20.184845,19.758047,25.577908,29.955107,29.161354,26.412657,30.53608,25.632019,27.106735,26.676353,27.604994
8,24.952658,22.050337,18.695393,15.645509,13.257776,10.908034,8.390603,4.981823,0.0,4.631384,7.3149357,9.954874,11.935589,9.783453,13.019331,10.605707,15.121978,14.383571,17.966566,19.601032,21.284697,25.0623,26.416967,25.12912,29.989727,27.514643,25.8477,23.906961,17.153355,16.70832,11.645666,14.376778,10.052257,12.604506,13.740314,14.705926,18.80867,19.655113,18.012966,16.870468,18.561596,19.61955,18.670872,22.265244,22.771233,26.01545,26.888298,30.164494,32.51817,35.748775,36.41856,39.44069,40.967197,41.254612,36.60997,36.373596,31.214823,32.267128,29.489693,28.29139,28.322857,29.92048,27.943293,31.81973,31.896383,33.91374,31.247768,28.466526,33.12098,33.213078,27.968863,28.17795,24.60946,27.433538,23.004316,21.763832,21.384748,20.231754,18.878593,19.809334,16.439167,14.67002,10.977695,11.749321,14.563368,14.242274,17.380505,20.100885,21.729849,25.52293,25.02301,24.32864,20.75069,18.672512,16.308033,17.18081,13.173292,15.743144,12.322882,16.495731,18.071272,15.734699,14.868138,20.729492,25.022202,24.47084,21.844028,26.347149,21.856197,23.645231,23.749174,25.099033
9,26.129883,23.085514,19.72408,17.491234,14.409269,12.900304,9.149766,6.6624265,4.631384,0.0,5.3204856,7.1606045,7.703095,5.1841025,8.594429,7.399398,11.950019,12.297197,16.03937,18.266748,20.606194,23.770914,26.049847,25.171877,29.530628,27.355616,24.776218,23.636387,16.384523,16.818218,11.57607,15.655249,11.2225485,15.467032,15.644137,17.354515,21.04117,21.190363,19.90688,18.796553,19.003544,20.100487,18.112833,21.954077,21.395243,24.897429,25.171005,28.626234,30.849909,33.95475,34.60245,37.26925,38.764446,38.86303,34.18377,33.59131,28.69976,29.8699,26.848585,26.30817,26.416155,28.847134,27.198816,31.34447,32.355057,33.712772,30.817812,28.620245,33.573418,33.10941,27.751507,28.64636,25.306513,28.936302,25.051537,23.907387,24.293592,23.466587,22.580618,23.714846,20.63174,18.470774,14.531926,14.624155,16.385431,16.000904,17.764824,19.836481,20.704317,24.394156,23.203474,21.967617,18.255566,15.564655,13.743859,13.523955,10.605911,12.781433,10.227032,14.17708,16.423733,14.841221,14.802849,20.297739,25.026533,23.674852,20.931446,24.904694,20.428558,21.371605,21.568838,22.153069
10,30.461933,27.72886,23.930124,21.900908,19.130533,16.566113,13.982202,9.513606,7.3149357,5.3204856,0.0,4.98293,7.2833996,6.53157,11.335972,12.097293,16.355223,17.331284,20.97786,23.458612,25.879658,28.885479,31.311638,30.490326,34.804955,32.56497,29.783144,28.596064,21.378689,21.378944,16.253128,19.195295,12.65512,16.915962,15.640687,16.835735,20.62293,21.019958,20.941584,20.87823,20.619217,23.159164,21.1483,25.775047,24.914503,29.119265,29.45149,33.062187,35.40656,38.27891,38.659843,41.125816,42.292606,41.94535,37.02627,35.920483,31.232914,31.881336,28.265045,28.106655,28.920803,31.002516,30.078876,34.332985,35.411613,37.198853,34.57902,32.45999,37.50845,37.402737,32.233223,33.330204,29.744143,33.542492,29.166445,28.391516,28.244167,26.882088,25.692204,26.197134,23.008625,21.636736,17.221577,18.344477,20.429415,20.681969,22.376822,24.97511,25.701593,29.439869,28.047552,26.696583,22.827023,19.711845,17.892807,16.634512,13.6922655,13.736059,10.797932,13.119777,16.864897,16.268538,14.7517605,19.974737,24.602522,23.95742,21.696857,26.244017,22.824705,23.481865,24.59591,24.889645
11,33.26245,30.130728,26.871954,24.53558,21.438519,19.933502,16.170876,13.252649,9.954874,7.1606045,4.98293,0.0,4.6779623,6.6009784,10.334287,12.217972,16.177753,16.93475,21.419138,23.258394,26.298563,29.157516,31.926805,30.711962,34.398647,31.916288,28.476921,27.356348,20.316404,20.010569,15.354175,17.81944,10.976964,16.379122,14.14153,16.220043,19.161335,18.71181,19.019281,19.216911,17.537245,20.618366,18.064354,23.196356,21.707594,26.53912,26.890806,30.647966,33.17947,35.67587,35.6983,37.976585,38.790436,38.090664,33.02933,31.66844,27.091099,27.434263,23.605463,23.635406,24.800177,26.898739,26.497704,30.85464,32.486797,34.130016,31.659937,29.95041,35.16197,35.089485,30.187504,31.908783,28.251617,32.878624,28.553616,28.439249,28.61995,27.187958,26.560383,26.970211,24.389359,22.845251,17.818872,18.747547,19.869686,20.922247,21.18764,24.266941,24.455004,28.259022,26.616817,25.70577,21.284475,17.917002,15.667558,13.886147,10.618583,9.197803,6.519551,8.209408,12.306413,12.480725,11.350111,15.950489,20.774456,19.618927,17.426085,21.777466,18.9036,19.204853,20.89181,21.07936
12,32.37386,29.22363,26.07121,24.430084,20.99638,20.155678,15.930525,14.007623,11.935589,7.703095,7.2833996,4.6779623,0.0,3.9023666,6.4416676,9.93511,13.043945,14.808378,18.819065,21.160107,24.448223,26.670744,30.065845,29.366447,32.676514,30.655594,26.71581,26.430445,19.258787,20.014174,15.464517,19.35199,14.074899,19.769379,18.090456,20.48672,23.278776,22.473965,22.340998,21.953056,19.803627,21.911295,18.676147,23.280628,21.037462,25.476448,25.12483,28.85172,31.065853,33.566257,33.778847,35.7439,36.75053,36.127262,31.242239,29.737549,25.480713,26.270248,22.514868,23.208233,24.033848,27.202108,26.703806,31.14221,33.479553,34.275677,31.457464,30.217878,35.50223,34.713806,29.65775,31.702263,28.487228,33.351498,29.768803,29.32676,30.202934,29.302635,28.923834,29.817114,27.22052,25.120502,20.487392,20.588858,21.192072,21.600983,21.280512,23.267235,22.917988,26.398464,24.239607,22.701033,18.567327,14.870994,13.631908,10.760587,9.730805,8.626469,8.14667,9.76236,13.631584,14.120226,14.557543,18.615414,23.599472,21.450296,19.015741,22.29704,18.98285,18.396624,19.61762,18.9036
13,28.687595,25.675238,22.337975,20.98864,17.573395,16.613808,12.612058,10.773723,9.783453,5.1841025,6.53157,6.6009784,3.9023666,0.0,4.886251,7.156,10.626554,12.623912,16.034956,18.896696,21.79563,24.091173,27.321314,26.950779,30.667505,28.890097,25.40625,25.187225,17.828697,19.082113,14.183301,18.913404,14.48405,19.645456,18.943993,21.067446,24.33884,23.931768,23.161177,22.251724,21.091997,22.361805,19.447636,23.435108,21.696444,25.420982,24.984934,28.553885,30.567999,33.434586,34.02087,36.184853,37.58556,37.397346,32.719246,31.610632,27.196829,28.417683,25.066273,25.443886,25.743805,29.037853,27.90322,32.245243,34.21796,34.916817,31.872278,30.350561,35.50638,34.513958,29.18577,30.769354,27.725872,32.02175,28.655666,27.637506,28.578485,27.96325,27.382984,28.589762,25.68676,23.372038,19.30303,19.087885,20.081293,19.708958,20.228489,21.57447,21.576214,24.971962,22.996574,21.082615,17.422724,14.010572,13.199789,11.125013,10.37846,11.264884,10.30504,13.106163,16.268911,15.848897,16.453224,21.15868,26.13191,24.07554,21.397163,24.675274,20.568844,20.375153,20.814186,20.301348
14,28.047096,24.80707,22.138924,21.162848,17.466728,17.95829,13.170798,13.585199,13.019331,8.594429,11.335972,10.334287,6.4416676,4.886251,0.0,5.238763,6.844917,9.634269,12.852304,15.672123,19.00452,20.666122,24.49136,24.353064,27.418156,25.975737,21.928076,22.49712,15.374373,17.580185,13.37676,19.007828,16.468441,21.799145,21.52145,24.127728,26.96668,26.060026,24.79798,23.327923,21.631842,21.82467,18.395647,21.61242,19.249062,22.411997,21.361559,24.830957,26.573223,29.398888,30.135513,32.080822,33.66787,33.654285,29.234423,28.24047,24.06052,25.776285,22.845308,23.513597,23.296757,27.436474,26.093918,30.37291,32.957882,32.808105,29.492828,28.469534,33.59117,31.940111,26.610167,28.572742,26.028172,30.651669,28.135145,27.04646,28.774075,28.69263,28.611021,30.240803,27.682644,24.825682,21.124422,20.029316,20.091555,19.374208,18.786858,19.093916,18.418793,21.447712,19.012949,16.76568,13.249289,9.633155,9.916912,7.2175307,9.063512,10.885277,11.599907,14.507849,16.624365,16.218004,18.279732,22.391687,27.365305,24.391932,21.49967,23.64295,19.073324,18.27446,17.994137,16.88437
15,23.379498,19.952873,17.553688,16.158056,12.428295,13.62928,8.36482,10.630332,10.605707,7.399398,12.097293,12.217972,9.93511,7.156,5.238763,0.0,4.6302395,5.638981,9.21222,11.7840185,14.664387,17.108736,20.229599,19.875214,23.592535,22.024845,18.832836,18.894741,11.622413,14.044686,9.626077,15.938164,15.038346,19.43508,20.426428,22.830795,25.887222,25.323532,23.183613,21.036081,20.6206,19.720413,17.024305,19.390505,18.166,20.448626,19.813272,23.044308,24.786057,28.065424,29.133337,31.616018,33.57074,34.13001,29.925772,29.686571,25.062439,27.080105,24.79458,24.53722,23.713879,27.404213,25.190315,29.213936,31.011927,31.02811,27.600906,26.013317,30.884844,29.295828,23.733606,24.9728,22.486446,26.395416,24.013027,22.424963,24.221725,24.462408,24.347216,26.333635,23.743341,20.574059,17.62181,15.959756,16.19849,14.7125,15.04584,14.998478,15.096396,18.298773,16.597187,14.732522,11.469253,8.982569,8.674014,8.907862,9.036579,13.073833,12.739419,16.920649,17.89952,16.21197,18.429657,23.147459,27.936457,25.230413,22.104181,24.449965,19.020979,19.279922,18.133533,18.101452
16,22.950462,19.546118,17.819916,17.353172,13.660197,16.023788,11.095892,14.473969,15.121978,11.950019,16.355223,16.177753,13.043945,10.626554,6.844917,4.6302395,0.0,4.633912,6.0952587,9.390003,12.537219,13.846587,17.844357,18.209396,21.215815,20.367077,16.719408,17.998497,11.451289,15.165407,11.960193,18.63542,19.060553,23.406591,24.568409,27.158968,29.971992,29.131134,26.77672,24.31043,23.536377,21.773016,18.78044,20.120216,18.372042,19.63188,18.143751,21.052336,22.254093,25.588688,26.994276,29.180637,31.463243,32.310738,28.54655,28.451279,24.269352,26.80668,24.99988,25.117115,23.785519,28.26166,25.871885,29.710117,32.048054,31.159426,27.4596,26.40957,31.087069,28.711723,23.191456,24.669579,22.9295,26.843382,25.529251,23.6961,26.222937,27.029043,27.249744,29.579937,27.214354,23.732716,21.342148,19.093418,18.645224,16.637966,16.097214,14.302487,13.612953,16.03544,13.748536,10.880047,8.59847,6.501269,8.522496,8.587385,11.349959,15.408803,16.173155,19.979082,20.577063,19.123259,22.108692,26.305733,31.039127,27.724035,24.548347,25.89145,20.280403,19.909422,18.001137,17.259048
17,21.718765,17.888796,16.941355,15.380865,11.799879,15.129051,9.685275,14.427961,14.383571,12.297197,17.331284,16.93475,14.808378,12.623912,9.634269,5.638981,4.633912,0.0,5.737764,6.380944,9.826151,12.381166,15.466033,14.771014,18.05596,16.542599,13.284371,13.74564,6.9451327,10.754898,8.124757,14.823468,16.933088,20.617521,22.47971,25.125607,27.666769,26.798923,23.858694,20.937643,20.710602,18.073088,15.594623,16.233122,15.3479395,16.141747,15.297121,18.153107,19.684528,23.21332,24.605513,27.320726,29.643902,30.770283,27.04205,27.534061,22.912207,25.480295,24.1789,23.447376,21.739178,25.660978,22.708736,26.323513,28.134544,27.421057,23.739378,22.31107,26.863832,24.695744,19.080194,20.245838,18.401896,22.232695,20.966923,19.196653,21.921936,22.90431,23.437048,25.923609,23.948164,20.253445,18.226728,15.474436,14.502998,12.413167,11.583603,9.887644,9.698135,12.704916,11.243864,9.948119,6.9146667,6.310017,6.4958477,9.252432,10.103989,15.285114,15.603589,20.014896,19.464138,17.204483,20.540682,24.729424,29.16789,25.940422,22.671673,23.991177,17.920351,18.426378,16.012543,16.430714
18,18.24899,14.773059,14.278023,14.403884,11.237269,15.249894,11.242927,16.45521,17.966566,16.03937,20.97786,21.419138,18.819065,16.034956,12.852304,9.21222,6.0952587,5.737764,0.0,5.2177687,7.0082884,8.139386,11.93934,13.064535,16.373194,16.272028,13.858141,15.564444,10.59247,15.090289,13.180888,19.751423,22.243975,25.464722,27.724882,30.092033,32.9109,32.283043,29.175999,26.061779,26.313534,23.208162,20.994719,20.717365,19.981447,19.40661,17.86556,19.916145,20.520235,24.313324,26.347584,28.81752,31.676119,33.30545,30.204098,30.90769,26.790388,29.766502,28.804644,28.368391,26.312405,30.6146,27.409767,30.694025,32.46511,31.173944,27.312778,26.060728,30.084124,27.256855,21.756657,22.366121,21.469025,24.167276,24.002077,21.359865,24.427723,26.029211,26.396719,29.260015,27.077168,23.265219,22.286366,19.289957,18.66442,15.462487,15.554934,11.665494,11.51608,12.953069,11.524316,8.454125,8.757801,9.429068,11.583491,13.530848,15.695051,20.5728,21.023365,25.286917,25.100266,22.940859,26.151684,30.45224,34.90454,31.627989,28.360207,29.359856,23.25701,23.449392,20.587675,20.43719
19,19.33916,15.454791,16.326084,15.295723,12.556753,17.440296,13.091628,19.026531,19.601032,18.266748,23.458612,23.258394,21.160107,18.896696,15.672123,11.7840185,9.390003,6.380944,5.2177687,0.0,4.2499175,6.65358,9.510683,9.057652,11.938579,11.242457,8.85409,10.472824,6.9759684,11.72593,11.653985,17.441496,21.80783,24.475517,27.174522,29.727255,31.998888,31.111988,27.527927,24.012142,24.37302,20.218761,18.436646,16.900434,16.775572,15.083511,13.850347,15.522948,16.238195,20.189129,22.283382,25.168652,28.115572,30.095718,27.259386,28.604025,24.348059,27.459597,27.226494,26.1504,23.58698,27.55651,23.857986,26.71174,28.262066,26.668036,22.786423,21.534603,25.240908,22.238478,16.810272,17.311901,16.831486,19.57858,20.148079,17.745237,21.419863,23.388304,24.37267,27.390795,25.90329,21.898125,21.315298,17.79697,16.149681,13.099129,11.949423,6.90309,6.643409,7.9840136,7.4997954,6.69108,6.9258194,9.441147,10.622703,14.151277,15.540674,20.877747,21.43557,25.865345,24.50599,21.91221,25.686369,29.515963,33.557247,30.108372,26.850441,27.287899,20.991512,21.678066,18.18158,18.856823
20,15.861328,12.080387,13.986425,13.412184,11.523798,16.901846,13.755954,20.035767,21.284697,20.606194,25.879658,26.298563,24.448223,21.79563,19.00452,14.664387,12.537219,9.826151,7.0082884,4.2499175,0.0,4.8161182,5.669701,6.124342,10.229786,10.347189,10.30818,11.571237,9.837769,13.964481,14.164739,19.456276,24.317844,26.20096,29.484638,31.699112,34.143272,33.588047,29.709795,25.991688,27.211107,22.720823,21.594522,19.535713,20.213415,17.815573,16.87201,17.861948,18.146908,22.222836,24.637129,27.643534,30.837706,33.19345,30.71397,32.361492,28.168406,31.323257,31.29469,29.983732,27.282726,30.895432,26.875383,29.36814,30.265669,28.755217,24.963692,23.379047,26.479198,23.484154,18.301407,17.73635,17.798132,19.022957,20.254927,17.08033,20.80521,23.249985,24.087305,27.377048,25.867428,21.850748,22.32108,18.641743,17.4035,13.563302,13.794614,8.1556015,9.139364,9.392019,10.184947,9.496819,11.053451,13.631355,14.707095,18.27793,19.262222,24.72875,24.86956,29.503216,28.167246,25.2797,28.747112,32.835476,36.752476,33.598118,30.348951,30.973644,24.619268,25.6502,22.065506,22.982174
21,17.577894,14.4485,16.540361,17.19822,15.379017,20.502865,17.536882,23.506384,25.0623,23.770914,28.885479,29.157516,26.670744,24.091173,20.666122,17.108736,13.846587,12.381166,8.139386,6.65358,4.8161182,0.0,5.4515095,8.367326,9.99088,11.8631735,11.172988,14.162221,13.279315,17.817318,18.148027,23.688877,28.301067,30.653889,33.6283,36.00866,38.41649,37.656868,33.93173,30.275969,30.909552,26.39455,24.808916,22.533463,22.44828,19.530754,17.661867,18.125849,17.54957,21.490385,24.267681,26.737429,30.225487,32.796886,30.83936,32.47036,28.889824,32.349842,32.558975,31.754204,28.866632,33.133007,29.278723,31.656704,33.196945,30.90162,26.991308,26.099638,28.990515,25.281105,20.477217,20.385664,21.152891,22.514032,24.479933,21.450861,25.390816,27.950476,28.876537,32.178707,30.674635,26.662466,26.98302,23.3467,21.926384,18.293423,17.767412,11.718131,11.369827,10.118112,10.0300255,7.986905,11.659549,14.525214,16.810944,19.644888,21.972637,27.110334,27.866667,32.182926,31.018236,28.541666,32.317585,36.144382,40.160126,36.587788,33.348846,33.366932,27.154453,27.509949,23.690535,23.837576
22,15.0233,12.04153,15.587086,15.847279,15.134469,20.55289,18.520615,24.794693,26.416967,26.049847,31.311638,31.926805,30.065845,27.321314,24.49136,20.229599,17.844357,15.466033,11.93934,9.510683,5.669701,5.4515095,0.0,4.9281664,7.8757405,9.99854,12.208197,13.871507,14.672445,18.343388,19.352491,23.938442,29.509275,30.80976,34.483837,36.540203,38.889282,38.418816,34.27139,30.356731,31.96743,26.933926,26.250431,23.297993,24.387018,20.854229,19.831121,19.771698,19.243053,23.221,26.06205,28.97866,32.515636,35.421806,33.671272,35.775806,31.957262,35.31075,35.815998,34.378807,31.332392,34.82599,30.514149,32.415337,32.9723,31.00633,27.326223,25.878347,28.039284,24.658955,20.211424,18.846308,20.064232,19.751404,22.411411,18.861135,22.803091,25.82602,26.791002,30.289373,29.082458,25.146978,26.572483,22.767647,21.471052,17.449896,17.875336,11.829461,12.79721,11.35552,13.018355,12.689902,15.63296,18.689806,20.029848,23.613892,24.800697,30.273827,30.463722,35.106045,33.532295,30.53531,34.068073,38.03182,41.731136,38.5613,35.35729,35.616302,29.308163,30.394545,26.477068,27.4287
23,17.154251,13.655666,17.077892,15.761688,15.007268,20.522364,17.932278,24.339624,25.12912,25.171877,30.490326,30.711962,29.366447,26.950779,24.353064,19.875214,18.209396,14.771014,13.064535,9.057652,6.124342,8.367326,4.9281664,0.0,5.989946,5.945311,9.477473,9.693943,11.865031,14.702324,16.694986,20.296177,26.771744,27.598743,31.477592,33.57473,35.536217,34.96517,30.601583,26.552612,28.377052,22.943554,22.780937,19.31874,21.143452,17.387611,17.175318,17.098965,17.159578,21.122908,23.6586,27.050547,30.344006,33.21071,31.30688,33.682594,29.555576,32.70564,33.43543,31.451633,28.340036,31.197367,26.658457,28.307032,28.389654,26.702068,23.173792,21.382473,23.385736,20.36616,15.919184,14.1021385,15.313587,14.869907,17.73473,14.442527,18.693928,21.808249,23.19301,26.661898,25.968681,22.016834,23.540283,19.583538,17.734386,14.080782,14.000273,8.211844,9.922257,8.916438,11.744691,13.201786,14.851621,18.082474,18.390121,22.68245,22.889324,28.469013,28.466446,33.178783,30.9648,27.677649,31.280504,34.971436,38.32616,35.302525,32.18489,32.4166,26.168404,27.797155,23.861166,25.569714
24,22.264748,19.105438,22.6712,21.70469,20.724247,26.249521,23.170614,29.54531,29.989727,29.530628,34.804955,34.398647,32.676514,30.667505,27.418156,23.592535,21.215815,18.05596,16.373194,11.938579,10.229786,9.99088,7.8757405,5.989946,0.0,4.4800363,8.000934,10.051962,14.565139,17.428734,20.38188,23.607025,30.530502,31.694141,35.257046,37.689686,39.170986,38.134983,33.808395,29.754765,30.75977,24.889877,24.47853,20.10524,21.41318,16.394915,15.57559,14.243895,13.311284,16.97344,19.864796,22.994438,26.553827,29.897593,28.86454,31.693377,28.255384,31.669235,33.173927,31.309563,27.759178,30.918003,26.39139,27.438046,28.143568,25.24069,21.728125,20.951698,22.235601,18.173803,14.745702,13.581521,16.216019,16.2336,20.449549,18.072302,22.690268,25.868587,27.771328,31.129023,30.932112,27.005953,28.20454,24.207552,21.571383,18.709429,16.80364,10.905483,10.839899,7.6730213,10.754265,13.148254,15.720575,19.545504,20.325596,24.44479,25.479734,30.758068,31.474648,35.82788,33.117596,30.141998,34.34721,37.310825,40.42321,36.860676,33.862606,33.01165,27.085783,28.262323,23.890385,25.342043
25,23.02568,19.46173,22.620726,20.65524,19.534187,24.89673,21.442278,27.69331,27.514643,27.355616,32.56497,31.916288,30.655594,28.890097,25.975737,22.024845,20.367077,16.542599,16.272028,11.242457,10.347189,11.8631735,9.99854,5.945311,4.4800363,0.0,6.0960565,6.007127,11.652485,13.644853,17.23113,19.64755,27.020237,27.888506,31.502071,33.94335,35.171894,34.087276,29.67739,25.596096,26.73475,20.69881,20.676868,16.077843,18.047596,13.156218,13.303086,12.4048815,12.5511675,16.232237,18.601917,22.247766,25.418604,28.478214,26.962078,29.831066,25.929565,29.06781,30.52275,28.203342,24.737684,27.315914,22.629633,23.669052,23.971035,21.550304,18.086847,16.815815,18.329882,14.757626,10.845567,9.371854,11.746514,12.236405,16.208378,14.27649,18.981138,22.007534,24.158985,27.385435,27.482538,23.614103,24.656647,20.68025,17.676487,15.321934,12.880461,7.7091184,8.235713,6.1926084,10.081907,13.592653,14.640716,18.277086,18.089184,22.673807,22.768496,28.05809,28.522163,32.907608,29.818233,26.627728,30.772184,33.5887,36.479515,33.1159,30.18068,29.514309,23.617233,25.304115,21.072662,23.212603
26,25.602367,21.764544,23.884676,22.085325,19.972204,25.04919,20.552162,26.43547,25.8477,24.776218,29.783144,28.476921,26.71581,25.40625,21.928076,18.832836,16.719408,13.284371,13.858141,8.85409,10.30818,11.172988,12.208197,9.477473,8.000934,6.0960565,0.0,5.1278753,8.851679,11.817903,15.071368,18.367058,24.830992,26.9378,29.676832,32.577156,33.718872,32.177685,28.260477,24.493574,24.233604,18.687298,17.429987,13.390226,13.686076,9.045017,7.895778,7.8012996,8.394227,12.3991,14.626725,18.036646,21.13431,23.79642,21.86694,24.363104,20.526344,23.875776,25.191221,23.41216,19.93802,23.54102,19.321924,21.038439,22.862175,19.8965,15.987462,15.670935,18.463774,14.418397,9.749795,11.086713,12.339078,15.736735,18.252813,17.149263,21.642235,23.97646,26.07538,29.008041,28.809357,24.87986,24.541183,20.777786,17.455149,15.813208,11.669691,6.6811047,4.1840005,1.0699953,4.47396,9.083235,9.447925,13.223831,13.423158,17.626633,18.662954,23.576387,24.787369,28.764456,25.767317,23.141953,27.777855,30.225597,33.405655,29.445757,26.46611,25.277561,19.408253,20.30539,15.900457,17.460194
27,25.354256,21.380291,23.435627,20.611078,18.815666,23.641459,19.291233,25.032383,23.906961,23.636387,28.596064,27.356348,26.430445,25.187225,22.49712,18.894741,17.998497,13.74564,15.564444,10.472824,11.571237,14.162221,13.871507,9.693943,10.051962,6.007127,5.1278753,0.0,7.381466,8.330169,12.667006,14.475647,21.896431,23.119125,26.298012,29.002882,29.926027,28.549597,24.304546,20.350752,20.89674,14.895602,14.704717,10.143961,12.315316,8.152477,9.404686,9.890321,11.676074,15.151869,16.653463,20.589165,23.141716,25.52072,23.13471,25.71905,21.257143,24.068338,25.245398,22.640572,19.380196,21.709925,17.062897,18.633717,19.246975,17.358917,13.703101,12.098804,15.001658,12.105836,6.770493,6.9924874,7.41952,11.081833,13.156134,12.454244,16.893978,19.16068,21.502996,24.347393,24.551329,20.755592,20.703747,16.926586,13.26592,12.137403,7.73015,4.53879,4.7273164,5.7399526,8.8216305,13.110358,11.931749,14.999823,13.641517,18.515177,17.753897,22.836918,23.302063,27.527294,24.073889,20.874428,25.172346,27.689474,30.523193,27.114141,24.199549,23.634283,17.718554,19.738943,15.731405,18.50038
28,23.315369,19.179167,19.654558,16.804152,14.044592,18.178228,13.02287,18.335617,17.153355,16.384523,21.378689,20.316404,19.258787,17.828697,15.374373,11.622413,11.451289,6.9451327,10.59247,6.9759684,9.837769,13.279315,14.672445,11.865031,14.565139,11.652485,8.851679,7.381466,0.0,4.8924985,6.276108,10.95382,16.385355,18.83964,21.486471,24.281748,25.963762,24.795572,21.05746,17.473564,17.681202,13.244419,11.758816,10.366309,11.084384,10.608806,11.089935,13.6295805,15.749789,19.267942,20.468681,23.889149,26.134115,27.63426,24.150442,25.566994,20.601866,23.15857,22.888786,20.942118,18.567682,21.560814,17.737394,20.775087,21.949247,21.207777,17.568354,15.737688,20.055933,18.094719,12.433939,13.421847,11.497484,15.797091,14.998503,13.877589,17.256172,18.597017,20.037697,22.66016,21.760532,17.900177,16.505703,13.040721,10.317787,8.9068985,5.42353,4.169984,4.6895237,8.728387,9.08402,11.116741,7.916148,9.517635,7.4900646,12.441196,11.314016,16.831038,16.995932,21.533384,19.124071,16.02248,20.012302,23.478497,27.17015,23.901653,20.689487,21.390463,15.015169,16.729874,13.524031,15.686607
29,25.757627,21.65467,22.024569,18.227825,15.88845,19.312008,14.413739,18.943949,16.70832,16.818218,21.378944,20.010569,20.014174,19.082113,17.580185,14.044686,15.165407,10.754898,15.090289,11.72593,13.964481,17.817318,18.343388,14.702324,17.428734,13.644853,11.817903,8.330169,4.8924985,0.0,5.2628736,6.5843606,13.5719795,15.151083,18.065998,20.83888,22.02315,20.806684,16.742699,12.959202,13.705239,8.771603,8.501385,7.2167177,9.776291,10.418976,12.534554,15.092434,17.836054,20.880278,21.477928,25.194838,26.916004,28.12527,24.368483,25.883976,20.570553,22.496115,22.231583,19.450035,17.385578,18.969494,14.988272,17.932985,18.176853,18.584232,15.439184,12.722567,17.249659,16.577866,11.265237,11.9798565,8.650892,13.574998,11.319302,11.396081,14.162021,14.923848,16.713903,18.976551,18.66224,15.084773,13.385077,10.103218,6.3701005,7.098719,1.4235102,6.7999144,8.19261,12.062075,13.081403,15.824992,12.186825,13.12835,9.692143,14.557045,11.306479,16.405966,15.85329,20.36664,17.154581,13.461504,17.19608,20.418404,23.627367,20.858461,17.789558,19.006388,12.87442,15.799186,13.248593,16.587477
30,24.33473,20.357897,19.535252,15.867335,13.00046,15.436777,10.143732,13.966014,11.645666,11.57607,16.253128,15.354175,15.464517,14.183301,13.37676,9.626077,11.960193,8.124757,13.180888,11.653985,14.164739,18.148027,19.352491,16.694986,20.38188,17.23113,15.071368,12.667006,6.276108,5.2628736,0.0,6.76822,10.372435,13.079432,15.582518,18.246687,20.348518,19.55844,16.084244,12.900804,13.687505,11.055532,9.86298,11.396398,12.463503,14.584707,15.84801,18.902487,21.45548,24.631567,25.299444,28.666002,30.357397,31.185616,27.00521,27.771276,22.423815,24.149584,22.837236,20.751228,19.450802,21.445953,18.291227,21.845995,22.358498,23.226332,20.161568,17.616844,22.33505,21.767006,16.402565,17.106308,13.776166,17.933558,14.777217,14.1292925,15.899083,16.021154,16.778364,18.813303,17.397598,13.932098,11.142586,8.469341,6.95943,6.9955688,6.203314,9.576534,10.930302,14.998002,15.063875,16.236515,12.191125,11.744223,8.205788,12.209728,8.237564,13.585206,12.312286,17.250826,15.369075,11.833855,14.758947,19.112621,23.038885,20.652296,17.464365,19.882938,13.904864,16.30296,14.675904,17.136065
31,28.556093,24.693365,24.22662,19.70335,17.712662,19.488214,15.229941,17.876146,14.376778,15.655249,19.195295,17.81944,19.35199,18.913404,19.007828,15.938164,18.63542,14.823468,19.751423,17.441496,19.456276,23.688877,23.938442,20.296177,23.607025,19.64755,18.367058,14.475647,10.95382,6.5843606,6.76822,0.0,8.540358,8.828443,12.007749,14.5823555,15.580199,14.686288,10.397687,6.5925875,9.025703,6.15747,7.786452,9.636194,12.648632,15.343045,18.052279,20.805723,23.848429,26.483671,26.536617,30.20599,31.32097,31.913246,27.663494,28.70545,23.187813,24.119787,23.10445,19.908506,18.985126,18.842924,15.677496,18.72799,17.764814,20.241085,18.091373,14.6829,19.12461,20.214628,15.8279705,16.12273,11.805413,15.938681,11.067017,12.351835,12.862213,11.867645,13.224529,14.466462,14.300177,11.608641,8.412965,6.674087,3.8049946,8.035268,6.871248,13.052952,14.762099,18.640842,19.518991,21.864695,17.717722,17.527838,13.336781,17.161026,11.757237,15.624725,13.577266,17.916847,14.667216,10.42375,12.571345,16.168217,19.026522,17.593863,14.83896,17.860924,12.846583,16.703508,15.860046,19.56594
32,31.747417,28.219193,26.207706,22.124672,19.760298,19.36028,15.47603,14.894466,10.052257,11.2225485,12.65512,10.976964,14.074899,14.48405,16.468441,15.038346,19.060553,16.933088,22.243975,21.80783,24.317844,28.301067,29.509275,26.771744,30.530502,27.020237,24.830992,21.896431,16.385355,13.5719795,10.372435,8.540358,0.0,6.085728,5.570421,8.634894,10.911716,10.46734,8.745986,8.335943,8.790535,11.735823,11.373914,16.220951,17.070286,21.598166,23.548841,26.938782,29.989038,32.470905,32.274975,35.41114,36.134014,35.898693,31.004034,30.852913,25.504242,25.689978,23.101873,20.920393,21.507933,21.50392,20.11932,23.87194,23.732061,26.655493,24.761518,22.005024,26.761108,27.936483,23.55937,24.488308,20.226217,24.38091,19.109377,20.002048,19.432882,17.401608,17.265759,17.297934,15.8164835,14.480087,8.943757,10.385452,11.122436,14.038649,14.379677,19.630514,20.805714,24.918955,24.71176,25.758196,21.06432,19.227083,15.16282,16.715603,10.453467,11.833927,7.938356,11.764765,10.677434,7.47086,6.067022,11.632513,15.476244,15.21925,12.81773,17.93576,14.485726,17.359493,18.437887,21.027956
33,31.778112,28.47173,26.826918,22.10756,20.658377,20.036253,17.383575,16.964243,12.604506,15.467032,16.915962,16.379122,19.769379,19.645456,21.799145,19.43508,23.406591,20.617521,25.464722,24.475517,26.20096,30.653889,30.80976,27.598743,31.694141,27.888506,26.9378,23.119125,18.83964,15.151083,13.079432,8.828443,6.085728,0.0,5.3562856,6.2448525,8.41959,9.491864,6.3973556,5.914801,10.3707075,12.532105,14.255577,17.849907,20.246046,23.926922,26.54246,29.500032,32.581776,35.13655,34.98729,38.49984,39.26935,39.336002,34.694145,35.06717,29.620586,29.730482,27.701075,24.795954,25.12053,23.919365,22.046038,25.049,23.293232,27.210617,25.806467,22.280087,26.277613,28.346027,24.433958,24.330585,19.927637,22.713882,16.662601,17.855291,15.969072,13.119386,12.600823,11.819139,10.852692,10.621169,5.569191,8.5743475,10.2906275,13.6677265,15.430142,21.148422,23.12811,27.10332,27.725893,29.29904,24.9906,23.84106,19.71664,22.133339,15.911534,17.808594,14.000949,17.431334,15.779344,12.278684,10.310686,14.75544,17.112223,18.18977,16.313946,21.408836,18.24059,21.903769,22.591238,25.854593
34,35.867184,32.53118,30.4442,26.096186,24.202425,23.151922,20.13215,18.62183,13.740314,15.644137,15.640687,14.14153,18.090456,18.943993,21.52145,20.426428,24.568409,22.47971,27.724882,27.174522,29.484638,33.6283,34.483837,31.477592,35.257046,31.502071,29.676832,26.298012,21.486471,18.065998,15.582518,12.007749,5.570421,5.3562856,0.0,3.764769,5.500406,5.997834,6.0721536,8.255563,9.424238,14.086576,14.802087,19.651407,20.946402,25.669565,28.054,31.324057,34.532185,36.757866,36.25753,39.42297,39.778755,39.265495,34.31481,34.06933,28.846514,28.392931,25.718075,23.24738,24.411509,23.072771,22.30623,25.629162,24.679058,28.632153,27.43213,24.479553,28.80996,30.883625,27.129238,27.83065,23.376814,27.081686,21.190117,22.732466,21.168194,18.322557,17.903301,16.791895,15.830794,15.875045,10.57439,13.365829,14.517517,18.013887,18.673143,24.427647,25.781742,29.857084,29.8925,31.218454,26.4842,24.673416,20.518291,21.860102,15.586,15.697188,11.72302,13.833751,12.786072,10.411299,6.445869,10.68231,13.190621,14.957596,13.588655,19.393501,17.496492,20.647776,22.39567,25.24102
35,36.56588,33.49311,31.217133,26.792728,25.311768,23.628975,21.469097,19.291037,14.705926,17.354515,16.835735,16.220043,20.48672,21.067446,24.127728,22.830795,27.158968,25.125607,30.092033,29.727255,31.699112,36.00866,36.540203,33.57473,37.689686,33.94335,32.577156,29.002882,24.281748,20.83888,18.246687,14.5823555,8.634894,6.2448525,3.764769,0.0,4.6341195,7.2979765,7.9185214,10.375599,12.785411,17.140694,18.319977,22.836391,24.499874,28.970951,31.447664,34.6324,37.80644,40.14051,39.71816,42.979206,43.385296,42.93679,38.020374,37.815533,32.59304,32.09879,29.412683,26.918617,28.102348,26.4857,25.666748,28.760654,27.236069,31.563128,30.514738,27.29917,31.330538,33.688126,30.00649,30.266148,25.80672,28.799282,22.644615,24.020262,21.77851,18.589941,17.600475,15.911053,14.785343,15.748442,11.013507,14.527421,16.475847,19.706205,21.294807,26.980894,28.668173,32.727707,32.9546,34.180702,29.60902,27.840487,23.791767,25.158613,18.948275,19.115644,14.949331,16.848473,16.376572,14.169631,9.942263,13.720842,15.511183,18.121431,17.08372,22.93887,21.209099,24.411089,26.108839,28.964382
