,0,1,2,3,4,5,6,7,8,9,10,11,12,13,14,15,16,17,18,19,20,21,22,23,24,25,26,27,28,29,30,31,32,33,34,35,36,37,38,39,40,41,42,43,44,45,46,47,48,49,50,51,52,53,54,55,56,57,58,59,60,61,62,63,64,65,66,67,68,69,70,71,72,73,74,75,76,77,78,79,80,81,82,83,84,85,86,87,88,89,90,91,92,93,94,95,96,97,98,99,100,101,102,103,104,105,106,107,108,109,110,111,112
0,0.0,4.344642,6.4723086,9.497094,12.098988,14.408548,17.595299,20.95153,24.437351,28.277277,30.310263,35.75748,32.066845,30.716421,25.929142,24.35185,20.40819,19.299314,15.989245,14.15643,13.180546,10.667744,15.016507,14.737793,17.477964,19.871325,16.555637,18.949726,19.771904,20.431509,22.923147,22.686634,28.34871,27.536274,31.848425,33.683735,36.405666,36.22735,33.62806,32.510098,29.86697,29.978962,26.740019,26.335196,25.912598,23.668797,26.905361,24.577686,23.35371,28.808876,30.649483,26.59483,31.639635,35.214687,35.71446,36.495113,32.911373,36.972103,35.32186,39.308277,36.562084,38.13115,37.731773,35.57233,33.835293,29.572588,28.195799,24.713259,24.01143,18.80813,21.999222,21.593079,22.833097,25.913607,26.855328,30.877174,32.789455,31.939709,37.510666,35.451836,38.373074,41.08,37.328033,33.13155,29.012793,28.989462,23.41764,20.746836,18.018581,15.927684,16.63294,16.875517,20.344852,22.72901,25.025679,25.504925,29.527212,29.483917,34.659405,34.92526,39.238373,35.66258,31.871305,33.808723,38.7882,42.792206,39.576916,36.142834,36.22818,30.109062,29.795574,26.078703,24.992264
1,4.344642,0.0,5.362322,6.4466605,8.654859,12.278727,14.273382,18.502193,21.400097,25.832073,27.43246,32.918213,29.847818,28.271667,23.961971,21.65534,18.043474,16.16491,13.065936,10.507361,9.982441,7.4771976,11.981313,12.335708,14.503114,16.674042,12.526865,15.315238,15.895805,17.080301,19.31599,19.972973,25.457664,25.435047,29.378786,31.60684,34.05918,33.50662,30.854435,29.391632,26.931955,26.468426,23.280493,22.460463,22.24767,19.562279,23.097519,20.915503,19.664167,25.140753,26.650574,22.625935,27.912405,31.287037,31.628233,32.2926,28.611074,32.67654,31.084238,35.209393,32.513653,34.260937,34.0479,32.116253,30.373842,26.078318,25.183544,21.66543,21.457247,16.599504,19.793701,19.506136,19.678957,23.359465,23.78199,27.93106,29.686493,28.409714,34.020134,31.735676,34.490128,37.081596,33.226875,29.044024,25.057991,24.841095,19.427845,16.751883,13.798033,11.832825,13.0105095,13.226632,16.24297,18.431244,20.762913,21.223738,25.245962,25.38048,30.536837,30.946203,35.245327,31.815825,28.107567,30.226631,35.164413,39.0827,36.099472,32.692635,33.043606,26.753313,26.884481,23.060616,22.568806
2,6.4723086,5.362322,0.0,5.2917686,6.848066,8.635648,11.739527,14.671124,18.409115,21.963362,24.279701,29.685135,26.002638,24.932219,20.008362,18.632664,14.939995,13.891359,11.635656,10.2378025,11.31745,10.389019,15.190676,16.622868,18.869354,20.506388,15.81891,17.534616,16.938396,17.64293,18.867239,19.331947,23.802212,23.400524,27.287066,29.181452,32.18989,31.82451,29.854755,28.551077,26.84974,26.488262,24.473879,23.362022,24.529137,22.194374,26.139267,24.776518,23.592672,29.006544,29.827684,25.643993,31.389605,34.513157,34.194683,34.600204,30.366215,33.98089,31.869318,35.71425,32.10596,33.674957,33.53399,31.090256,30.45432,25.55373,24.952965,22.163996,20.906254,16.829826,18.26456,16.925652,17.874548,20.453117,21.10156,25.085749,26.792187,26.168945,31.667995,29.773731,32.94859,35.862976,32.406982,28.217804,23.831728,24.420988,18.42716,16.2905,14.279497,12.942131,14.531369,16.094318,18.879309,20.205927,21.460289,21.61707,25.581984,24.867863,30.192793,29.873623,34.36054,30.91301,26.92932,28.278992,33.294136,37.248234,33.684284,30.274765,30.01916,24.073547,23.463001,19.857525,18.56226
3,9.497094,6.4466605,5.2917686,0.0,3.7770162,6.285448,9.051636,12.63621,15.381052,19.884348,21.229046,26.706211,23.616158,21.871952,17.786972,15.260813,11.639472,9.877375,6.854142,5.0936027,6.3995605,6.620417,11.034104,13.507337,15.507117,16.494415,12.026275,12.58103,11.768555,12.365079,13.802858,14.441683,19.272345,19.393665,23.133896,25.405909,27.968979,27.372007,25.077429,23.628014,21.76154,21.293936,19.19643,18.171383,19.502007,17.80391,21.598211,21.10959,20.559172,25.67882,26.09022,22.868958,28.710455,31.18339,31.055105,31.054356,26.725353,30.554544,28.822552,33.193466,29.52358,31.673367,32.099487,30.115114,29.651964,24.679777,25.117619,22.329506,21.937096,18.483337,19.843683,18.507843,17.530153,20.8485,20.256418,24.431654,25.51583,23.983662,29.536339,26.846611,29.832605,32.34817,28.808178,24.612247,20.29856,21.145638,15.042524,13.90015,11.295173,11.042671,13.898527,14.997759,16.31997,16.929768,18.323158,17.536228,21.424582,20.653053,25.786224,25.852827,30.07824,26.348534,22.480997,24.409433,29.374222,33.47791,30.40228,26.927324,27.62381,21.33237,21.580763,18.21489,17.749987
4,12.098988,8.654859,6.848066,3.7770162,0.0,5.9518366,5.669677,10.4327545,12.83347,17.571466,18.975618,24.447193,21.89304,20.377464,16.517366,13.686998,10.860319,8.161779,7.141686,4.835781,8.407586,9.138355,12.958211,15.727822,16.91978,17.652128,12.06815,13.211442,11.367151,12.763254,12.818688,15.047331,18.645298,19.714643,22.775784,25.309078,27.861677,26.866957,24.987,23.124725,22.040075,20.684908,19.342197,17.400278,19.639465,17.078312,21.451439,21.039541,20.143202,25.15763,25.03436,21.346203,27.444717,29.854752,29.118195,29.082563,24.488888,27.94624,25.865791,29.997375,26.073885,28.09613,28.517698,26.44379,26.322157,21.17147,21.934738,19.508213,19.012426,16.3211,16.925064,15.449723,13.894321,17.31795,16.53369,20.735537,21.87023,20.369606,25.948637,23.488539,26.501049,29.217516,25.701185,21.50063,17.140783,17.905817,11.759877,10.4552,8.467831,8.632528,11.76647,13.648096,14.6882,14.773913,15.446348,14.989682,18.88035,18.019848,23.353333,23.09395,27.572058,24.261856,20.32774,21.878536,26.867792,30.76329,27.531116,24.121365,24.456524,18.154287,18.417835,14.786547,14.700306
5,14.408548,12.278727,8.635648,6.285448,5.9518366,0.0,6.911785,7.1273046,10.816192,14.249035,16.165548,21.52862,17.715845,16.359636,11.693092,10.152493,6.344758,6.415692,5.6923695,7.248894,10.183927,12.066903,15.668292,18.90655,20.80477,21.109356,16.727076,15.731786,13.492193,13.145937,12.81219,13.04427,15.884568,15.628322,19.073296,20.966715,24.150068,23.74702,22.431227,21.232187,20.563534,20.273378,20.028889,18.768887,21.865816,21.010532,24.894,25.568693,25.28836,30.045382,29.603428,26.691364,32.799843,34.715805,33.947098,33.491665,28.646519,31.86729,29.731598,33.847538,29.07888,31.223804,32.0227,29.674364,30.699942,25.176186,26.423607,24.592033,23.434458,21.256495,20.634558,18.127546,17.160332,19.0565,17.994476,21.811432,22.334618,21.282244,26.514917,23.977497,27.41864,30.108116,27.21653,23.17324,18.505682,20.716246,14.208553,14.674945,13.474198,14.38088,17.573196,19.594948,20.260937,19.68949,19.721542,18.12077,21.556229,19.52843,24.520567,23.699629,27.909777,24.068195,19.972635,20.925419,25.875843,30.080393,26.440218,22.963806,23.324997,17.523018,17.087286,14.499285,13.2135935
6,17.595299,14.273382,11.739527,9.051636,5.669677,6.911785,0.0,6.4054418,7.731244,12.687529,13.982172,19.346167,17.494024,16.252813,13.060222,9.896497,8.796578,5.4682255,8.198413,7.4533467,12.100484,13.887822,16.75343,20.128431,20.708553,20.747812,14.968769,15.263577,11.983469,13.447217,11.229945,14.910385,16.12564,18.288225,20.231916,22.94311,25.511238,24.099968,23.064789,20.865248,21.157906,18.957972,19.331242,16.488976,20.444918,17.935495,22.562185,23.105307,22.318045,26.74781,25.587196,22.129557,28.37939,30.156952,28.585993,28.126282,23.063574,25.76552,23.249622,27.091003,22.239658,24.31685,25.16785,22.971594,24.194794,18.62799,20.601742,19.242218,18.498135,17.630468,16.31387,14.104139,11.18844,13.939398,12.012776,16.078356,16.65729,15.0715475,20.56371,18.146091,21.405973,24.326498,21.185514,17.08068,12.464986,14.165176,7.755543,8.253414,8.329698,10.143163,13.504317,16.13393,16.009892,14.624648,13.60539,12.615237,16.001669,14.221507,19.567862,18.527048,23.197666,20.264624,16.21709,16.926134,21.909494,25.651102,22.099222,18.73893,18.789618,12.527189,12.839428,9.322327,9.880573
7,20.95153,18.502193,14.671124,12.63621,10.4327545,7.1273046,6.4054418,0.0,5.002981,7.3502617,9.960116,15.173911,11.810095,11.243965,6.9965525,5.9637413,5.690683,6.119274,9.865321,11.607625,15.654106,18.056671,20.927393,24.605448,25.747427,25.51156,20.579346,19.37573,15.883782,15.859599,13.043245,14.962158,14.229136,15.382153,17.039019,19.007961,22.32357,21.413675,21.458878,19.902334,21.137278,19.81746,21.631739,19.362053,24.159256,23.087217,27.265804,28.677517,28.326118,32.553604,31.094046,28.231792,34.443153,35.79769,34.084553,33.250668,28.019981,30.271122,27.639957,31.185637,25.451635,27.45928,28.650282,26.115192,28.702076,22.924786,25.25938,24.617037,23.09546,22.762974,20.196802,16.967897,15.114674,15.606538,13.529866,16.687801,16.431898,15.763841,20.484228,18.31477,22.086924,25.037111,22.8662,19.198479,14.542673,17.853966,11.934439,13.981976,14.624147,16.528572,19.724974,22.492065,22.325178,20.563206,18.984169,17.097475,19.714996,16.667055,21.322674,19.379175,23.670427,20.438675,16.334656,15.760839,20.550814,24.47845,20.221113,16.885162,16.521393,11.320101,10.229453,8.581234,7.1454563
8,24.437351,21.400097,18.409115,15.381052,12.83347,10.816192,7.731244,5.002981,0.0,6.1502223,6.2520614,11.655845,10.418995,9.114921,7.922236,4.4226475,7.278069,6.2851624,11.157379,12.702004,16.834845,19.64027,21.551859,25.530752,26.035212,25.243917,20.531939,18.796917,14.760618,14.974245,10.827744,14.202122,11.665823,14.640255,14.908382,17.511541,20.112848,18.481836,18.823128,16.732967,18.893005,16.621311,19.481674,16.648241,22.281294,21.42658,25.436632,27.59839,27.54416,31.133202,28.999393,26.863243,32.893097,33.562397,31.592516,30.352018,25.05534,26.931664,24.455809,28.098171,22.121164,24.566322,26.362986,24.324623,27.361835,21.77913,25.1324,24.830921,23.987026,24.439234,21.773842,18.902365,15.388601,16.312344,12.841315,15.667348,14.447289,12.607477,17.085571,14.063084,17.702997,20.354242,18.349783,14.881127,10.422307,14.525548,9.455245,13.172594,14.298035,17.05741,20.518171,23.062582,21.759789,19.104551,16.886215,14.208437,16.070217,12.45944,16.690979,14.522806,18.70898,15.619809,11.582046,10.783586,15.635421,19.607292,15.649597,12.205489,12.903164,7.2373943,7.8678956,7.2604084,8.2119465
9,28.277277,25.832073,21.963362,19.884348,17.571466,14.249035,12.687529,7.3502617,6.1502223,0.0,4.9635224,8.691323,5.742862,6.9712234,5.8546395,7.151231,10.3156805,11.57446,15.974298,18.119204,22.073044,24.855387,27.112225,31.067846,31.894455,31.171091,26.526506,24.647974,20.70549,20.38139,16.369482,18.409557,14.450731,16.248611,15.80595,17.297043,20.55314,19.42626,21.124979,19.701338,22.687542,21.068789,24.727118,22.233727,28.065254,27.556456,31.470955,33.74801,33.636627,37.239944,34.988396,32.714504,38.742737,39.375175,37.07818,35.768425,30.443336,31.740814,28.960453,31.910776,25.38782,27.31911,29.088608,26.613033,30.76332,25.142786,28.454693,28.830158,27.179585,28.179173,24.413095,20.8883,18.54899,17.502827,14.520794,16.067848,14.323495,14.1624775,17.258087,15.460568,19.351282,22.163574,21.308575,18.594679,14.75122,19.169989,14.968599,18.352524,19.974075,22.425684,25.53725,28.47069,27.572838,24.964697,22.351473,19.955463,21.323648,17.354427,20.709452,17.64746,21.280806,18.707067,15.214116,12.597837,16.434818,19.944666,15.063271,12.213339,11.228874,8.578922,6.539365,8.643323,7.5931363
10,30.310263,27.43246,24.279701,21.229046,18.975618,16.165548,13.982172,9.960116,6.2520614,4.9635224,0.0,5.4870305,6.0016603,4.993899,7.9564376,6.6820397,11.050975,11.663215,16.144526,18.342665,22.024153,25.149967,26.555119,30.72087,31.17029,29.955475,25.920485,23.291945,19.205267,18.734259,14.162678,16.63966,11.260201,14.447085,12.738981,14.847314,17.258352,15.498307,17.423893,15.705335,19.416327,17.358055,21.848568,19.316929,25.554146,25.71908,29.179047,32.21739,32.56256,35.58473,32.907215,31.598034,37.356594,37.318714,35.122917,33.408974,28.184393,29.378708,27.047377,30.329271,23.880606,26.405428,28.77279,26.944134,31.047867,25.712627,29.70528,30.001722,29.108952,30.224398,26.936483,23.847948,20.287415,20.179148,16.297,17.828283,15.379402,13.732961,16.428728,13.307129,16.79362,18.90227,18.24986,15.869365,12.57392,17.504303,14.160499,18.590448,20.039225,23.03631,26.474005,28.97233,27.162235,23.996645,21.300568,18.033535,18.678848,14.348192,16.835985,13.856327,16.934412,14.106598,10.9226465,8.167607,11.919778,15.832983,11.596228,8.505026,10.02907,7.345807,7.9882774,10.503867,11.312078
11,35.75748,32.918213,29.685135,26.706211,24.447193,21.52862,19.346167,15.173911,11.655845,8.691323,5.4870305,0.0,6.6859603,7.1175923,11.864258,11.856912,16.188538,17.091593,21.451029,23.735006,27.28517,30.497187,31.638275,35.85807,36.168262,34.72795,30.955368,28.072275,23.98897,23.372358,18.684444,20.869066,14.329027,17.41613,14.30844,15.715296,17.572456,15.727624,18.92639,17.535885,22.182882,20.153927,25.487526,23.054531,29.499876,30.033049,33.18172,36.65447,37.145775,39.738976,36.654175,35.778194,41.283604,40.76843,38.288666,36.28904,31.217428,31.735273,29.469456,32.237335,25.598341,27.992262,30.702229,29.068329,33.95618,28.94352,33.34222,34.152794,33.221558,34.93289,31.154665,28.005407,24.410742,23.614817,19.61492,20.100817,16.93146,15.661721,16.513245,13.873132,16.810787,18.351824,19.027546,17.784595,15.692009,20.65658,18.623034,23.234297,25.010748,28.110046,31.436073,33.97297,31.86732,28.394342,25.316322,21.98524,21.794147,17.361094,18.38012,14.901971,16.728237,14.845918,12.977151,8.923221,10.29584,13.352274,9.075031,7.388294,9.076848,10.10915,10.557494,14.336648,15.175711
12,32.066845,29.847818,26.002638,23.616158,21.89304,17.715845,17.494024,11.810095,10.418995,5.742862,6.0016603,6.6859603,0.0,3.9526987,6.3693485,9.14212,12.488926,14.933844,18.723839,21.637001,24.961891,28.084183,29.901985,34.0172,35.055656,34.001587,30.237371,27.275229,23.480665,22.276005,18.435438,19.017643,13.689106,14.56787,13.104269,13.582693,16.993437,16.399477,19.140442,18.52173,22.108994,21.403875,25.848553,24.083586,30.039564,30.783682,34.104576,37.13586,37.542427,40.857784,38.448235,37.024696,42.911144,43.05545,40.999367,39.338943,34.10612,35.37113,32.96149,36.062546,29.471407,31.67641,33.832943,31.610401,36.016567,30.51388,34.073593,34.42628,32.905937,33.766026,30.136946,26.569098,24.239388,23.145426,20.067192,21.215895,18.941172,18.561663,20.668898,18.48788,22.005583,24.096876,23.960552,21.796154,18.493256,23.341253,19.512959,23.44277,24.702915,27.351185,30.717506,33.380756,32.13668,29.322624,26.859457,23.712894,24.599604,20.28682,22.604067,19.6076,22.164436,19.235384,16.38593,13.593525,16.327263,19.865688,15.459338,13.149267,13.432961,12.550535,11.305199,14.213566,13.209312
13,30.716421,28.271667,24.932219,21.871952,20.377464,16.359636,16.252813,11.243965,9.114921,6.9712234,4.993899,7.1175923,3.9526987,0.0,6.0613146,6.7687817,10.412629,12.720936,16.249144,19.325872,22.321829,25.639725,26.992735,31.19428,32.157547,30.881243,27.626797,24.120132,20.408148,18.916655,15.131005,15.455258,9.755517,11.112788,9.437531,10.595509,13.762672,12.9385605,15.305285,14.632199,18.162806,17.602629,22.112646,20.61706,26.521614,27.820805,30.821316,34.19327,34.9205,38.050762,35.6519,34.782513,40.552372,40.46768,38.760464,36.969723,31.830973,33.432915,31.40547,34.99887,28.691462,31.336275,33.686424,31.809727,35.691673,30.249176,33.939022,33.895473,32.876465,33.35969,30.390158,27.114153,24.180178,24.034588,20.600643,22.305918,20.055033,18.697289,21.302156,18.158993,21.464672,23.16602,22.633083,20.28094,16.943333,21.839672,17.87733,22.152248,22.948153,25.800238,29.438435,31.724731,30.097229,27.192102,25.066807,21.396528,22.253456,17.957352,20.172031,17.72978,20.120468,16.50628,13.579093,11.741591,14.839138,18.933178,15.254187,12.543813,14.45675,12.30593,12.351854,14.615221,14.322373
14,25.929142,23.961971,20.008362,17.786972,16.517366,11.693092,13.060222,6.9965525,7.922236,5.8546395,7.9564376,11.864258,6.3693485,6.0613146,0.0,5.429002,6.8764615,10.257857,13.339959,16.479954,19.605728,22.54526,24.84272,28.779673,30.243267,29.555145,25.7566,23.009783,19.571918,18.220213,15.299561,15.14111,12.202406,11.928101,12.862644,13.721226,17.668413,17.468206,18.687527,18.08211,20.179987,20.021774,23.11097,21.688269,26.936165,27.506182,30.986753,33.434116,33.724457,37.573742,35.816547,33.967106,40.03679,40.76371,39.18982,37.888206,32.655865,34.700897,32.34488,35.932972,29.765348,32.021725,33.732006,31.327604,34.706955,28.978558,31.79733,31.438847,29.87384,29.731592,26.870687,23.372501,21.628183,21.278128,18.836382,21.0816,19.807629,19.269123,22.834812,20.395725,24.133316,26.547464,25.318115,22.268532,18.097378,22.425055,17.206062,20.35988,20.9025,23.13674,26.550886,29.07525,28.434393,26.26296,24.560421,21.657225,23.514738,19.67894,23.179667,20.912851,24.236753,20.570314,16.926682,15.645159,19.637676,23.72077,19.480284,16.446276,16.784304,13.419005,12.14323,13.034605,11.268449
15,24.35185,21.65534,18.632664,15.260813,13.686998,10.152493,9.896497,5.9637413,4.4226475,7.151231,6.6820397,11.856912,9.14212,6.7687817,5.429002,0.0,4.451936,5.9730654,9.810807,12.633657,15.946204,19.125055,20.814642,24.933952,25.921211,24.9588,21.22545,18.285915,14.575777,13.548461,10.036387,11.272243,8.531968,10.402841,11.224161,13.5599575,16.52343,15.454729,15.723191,14.301579,16.205849,15.192909,18.166695,16.359968,21.792698,22.300816,25.737556,28.410316,28.872221,32.455605,30.541748,29.102993,35.05647,35.539085,34.1183,32.716583,27.547092,29.82652,27.783499,31.80559,25.996454,28.694551,30.621468,28.69966,31.5058,25.951462,29.1142,28.440565,27.653107,27.435106,25.270523,22.330936,19.31734,20.30123,17.152697,19.961208,18.644148,16.821287,20.957888,17.560648,21.016481,23.159979,21.336218,18.009796,13.772698,17.997692,12.749487,16.451746,16.696497,19.369072,23.093662,25.243938,23.932283,21.464466,19.911694,16.552618,18.411297,14.7077,18.425348,16.731272,20.23316,16.252605,12.34126,12.2083645,16.774338,21.15678,17.59609,14.187313,15.845546,10.962614,11.466332,11.4972515,11.450244
16,20.40819,18.043474,14.939995,11.639472,10.860319,6.344758,8.796578,5.690683,7.278069,10.3156805,11.050975,16.188538,12.488926,10.412629,6.8764615,4.451936,0.0,4.5323668,6.4759045,9.877695,12.737188,15.763477,17.976997,21.90502,23.436993,22.846329,19.278734,16.449343,13.356982,11.983836,10.09675,9.830174,10.206291,10.256397,12.991917,14.971954,18.190363,17.718803,17.053402,16.021965,16.45362,16.331806,17.83737,16.677595,21.10024,21.634256,25.053518,27.1845,27.591097,31.636768,30.374765,28.638697,34.659286,35.628017,34.67889,33.58625,28.552082,31.401844,29.462587,33.71655,28.340517,30.943773,32.48344,30.421005,32.45734,26.860073,29.284517,28.032618,27.156643,26.00055,24.568823,21.744839,19.52506,20.93664,18.576069,21.894173,21.285723,19.708551,24.357769,21.150047,24.593483,26.845716,24.54838,20.87339,16.382742,19.874477,13.834532,16.439045,15.844953,17.950863,21.648533,23.592054,22.935883,21.201328,20.481918,17.506586,20.09441,17.046103,21.273626,20.149817,23.808846,19.58207,15.601809,16.27786,20.967756,25.3953,21.937202,18.483088,19.815426,14.492773,14.585192,13.523965,12.744119
17,19.299314,16.16491,13.891359,9.877375,8.161779,6.415692,5.4682255,6.119274,6.2851624,11.57446,11.663215,17.091593,14.933844,12.720936,10.257857,5.9730654,4.5323668,0.0,4.92083,6.774149,10.614907,13.547611,15.541399,19.514486,20.42669,19.816193,15.540196,13.432766,9.895175,9.795842,7.3166666,9.837341,10.943154,12.900028,15.040931,17.810045,20.267614,19.057034,17.840784,15.9616165,16.186258,14.756382,15.69842,13.650152,18.113028,17.635515,21.470722,23.31275,23.497423,27.51003,26.14617,24.18431,30.2347,31.26916,30.21736,29.229002,24.19533,27.152716,25.23982,29.627222,24.608522,27.31094,28.799969,26.997446,28.527557,23.08918,25.627954,24.204203,23.85135,22.796333,21.781637,19.468525,16.333641,18.752764,16.10293,19.789145,19.417671,17.196527,22.270483,18.840927,22.036352,24.317827,21.474146,17.538408,13.000547,15.881453,9.674242,12.211629,11.485601,13.9048,17.758152,19.604431,18.576479,16.687334,16.004738,13.186983,16.086363,13.5317955,18.273508,17.537605,21.577105,17.66019,13.574979,14.914838,19.861197,24.134544,21.007475,17.488268,18.988676,12.844532,13.827818,11.812932,12.266325
18,15.989245,13.065936,11.635656,6.854142,7.141686,5.6923695,8.198413,9.865321,11.157379,15.974298,16.144526,21.451029,18.723839,16.249144,13.339959,9.810807,6.4759045,4.92083,0.0,4.0817237,6.2830973,9.418537,11.56581,15.451794,17.033531,16.661505,13.319817,10.668792,8.426398,7.469558,8.02276,8.076217,12.442034,12.933333,16.392673,18.910128,21.22416,20.523283,18.314028,16.923199,15.494986,15.256599,14.400595,13.588506,16.447348,16.660772,19.991121,21.510813,21.984411,26.276417,25.683489,24.007807,29.862179,31.166452,30.925758,30.143826,25.497158,29.130884,27.677149,32.42383,28.081852,30.860382,32.133198,30.466019,31.068064,25.865335,27.726736,25.566559,25.482906,23.27374,23.500275,21.597668,19.102907,22.088789,20.057636,23.995071,24.005484,21.75978,26.975304,23.425518,26.39451,28.430666,25.28083,21.276953,16.970087,19.104137,12.96117,14.345366,12.259094,13.926414,17.73763,18.827414,18.222729,17.216148,17.827269,15.167603,18.436554,16.67674,21.279604,21.328123,25.066633,20.762062,16.93925,19.127,23.935526,28.324251,25.597536,22.085785,23.897133,17.719437,18.669733,16.3681,16.414274
19,14.15643,10.507361,10.2378025,5.0936027,4.835781,7.248894,7.4533467,11.607625,12.702004,18.119204,18.342665,23.735006,21.637001,19.325872,16.479954,12.633657,9.877695,6.774149,4.0817237,0.0,4.6830807,6.974476,9.480851,13.089325,14.184007,14.198976,9.726359,8.848078,6.9550977,7.969439,8.901758,10.87094,15.408433,16.728224,19.830584,22.63883,24.635864,23.564148,21.099173,19.24146,17.581425,16.449455,14.624977,13.173056,15.23565,13.925419,17.766157,18.370035,18.380093,22.96978,22.664406,20.36754,26.267822,27.99108,27.789257,27.341295,22.851177,26.699944,25.26001,30.008522,26.25438,28.904432,29.876133,28.355988,28.182152,23.248917,24.739033,22.198534,22.529293,20.000725,20.991192,19.708502,16.99356,20.805027,19.054163,23.211718,23.68405,21.27922,26.737324,23.362688,26.08025,28.209667,24.61618,20.47797,16.354797,17.419403,11.485838,11.645007,8.865695,10.150844,13.938202,14.780029,14.3456335,13.829618,15.01254,13.189738,16.898796,16.052004,20.986252,21.386578,25.386805,21.552118,17.831244,20.294247,25.143375,29.271606,26.710423,23.254139,24.815144,18.339655,19.537996,16.499426,17.06821
20,13.180546,9.982441,11.31745,6.3995605,8.407586,10.183927,12.100484,15.654106,16.834845,22.073044,22.024153,27.28517,24.961891,22.321829,19.605728,15.946204,12.737188,10.614907,6.2830973,4.6830807,0.0,3.6171622,5.5289655,9.184762,11.121917,11.246813,8.904914,6.8771753,7.399012,7.309924,10.745286,10.612204,16.914541,17.34666,21.060177,23.67239,25.331146,24.614613,21.406507,19.99024,17.0513,16.981665,13.646861,13.637418,13.825836,13.77045,16.55845,17.084045,17.701185,22.220299,22.634903,21.16873,26.55096,28.250408,28.939571,28.548922,24.588318,28.922184,28.061993,33.107426,29.924622,32.741817,33.710636,32.442993,31.656897,27.074858,28.222874,25.20473,25.900751,22.614817,24.581516,23.63668,21.247328,25.262922,23.68319,27.86153,28.335583,25.75919,31.162325,27.503805,30.0013,31.77529,28.084558,24.055132,20.257406,21.068169,15.626246,15.591855,12.1948,12.847553,16.229977,16.01277,15.6473675,15.831048,18.02562,16.053066,19.588627,19.19576,23.651453,24.669302,28.219347,24.041426,20.654984,23.721392,28.371609,32.61303,30.481033,27.039522,29.111477,22.673395,24.025608,21.146677,21.567604
21,10.667744,7.4771976,10.389019,6.620417,9.138355,12.066903,13.887822,18.056671,19.64027,24.855387,25.149967,30.497187,28.084183,25.639725,22.54526,19.125055,15.763477,13.547611,9.418537,6.974476,3.6171622,0.0,4.8170133,6.927992,9.317538,10.483804,8.069493,8.36264,9.905432,10.555611,14.041576,14.146241,20.526209,20.831524,24.659815,27.200375,28.894106,28.212921,24.908653,23.478867,20.320898,20.16835,16.240389,16.214577,15.337185,14.316164,17.054043,16.307428,16.466635,21.35812,22.49946,20.457924,25.609617,27.892843,28.862572,28.890728,25.279818,29.777985,28.951319,33.866108,31.203491,33.77959,34.37497,33.100018,31.618952,27.334192,27.794834,24.368244,25.181393,21.22174,24.054132,23.576166,21.728277,25.997837,24.972576,29.222551,30.118214,27.732035,33.249928,29.877708,32.29846,34.19243,30.297747,26.230534,22.54101,22.69914,17.495916,16.399704,12.706478,12.35556,15.064688,14.33936,14.853951,16.045193,18.83771,17.751133,21.461922,21.62665,26.199965,27.340183,31.021603,27.094687,23.75363,26.802746,31.4899,35.60858,33.435246,30.011957,31.747633,25.23977,26.42176,23.153425,23.478935
22,15.016507,11.981313,15.190676,11.034104,12.958211,15.668292,16.75343,20.927393,21.551859,27.112225,26.555119,31.638275,29.901985,26.992735,24.84272,20.814642,17.976997,15.541399,11.56581,9.480851,5.5289655,4.8170133,0.0,4.2957525,6.025756,6.187286,6.9662213,5.307241,8.695921,9.206009,13.600757,13.595817,20.316284,21.065454,24.549707,27.318869,28.256773,27.393753,23.52197,22.048788,18.226528,18.132967,13.119163,13.882183,11.436591,11.668804,13.215617,13.164062,14.400786,18.56007,19.773434,19.261852,23.805765,25.437506,27.091145,26.864534,23.725601,28.515593,28.392345,33.674187,31.521942,34.489883,35.42047,34.688717,32.945717,29.061527,29.987926,26.501484,28.044195,24.378101,27.45957,27.234798,24.515068,29.172956,27.56925,31.75568,32.29484,29.27085,34.592335,30.680012,32.662342,34.00573,30.03311,26.209011,23.079878,23.03353,18.652994,18.180626,14.312733,14.533031,17.334984,15.7815695,14.92799,15.78562,19.071991,17.378277,20.61655,21.240946,25.134846,26.986738,30.105469,26.093395,23.273733,27.014385,31.3423,35.40244,33.95697,30.652084,33.20655,26.731123,28.598408,25.615574,26.51948
23,14.737793,12.335708,16.622868,13.507337,15.727822,18.90655,20.128431,24.605448,25.530752,31.067846,30.72087,35.85807,34.0172,31.19428,28.779673,24.933952,21.90502,19.514486,15.451794,13.089325,9.184762,6.927992,4.2957525,0.0,4.089605,6.0755587,8.461833,9.015126,12.703883,13.445409,17.837849,17.703783,24.569534,25.066683,28.707918,31.367609,32.2625,31.500078,27.474453,26.100527,21.995485,22.037289,16.574532,17.53157,13.948428,13.58566,14.45375,12.910073,13.905888,18.062742,20.297487,19.645216,23.488453,25.60464,27.836851,28.030016,25.506792,30.447824,30.536556,35.69571,34.185925,36.967495,37.58559,36.947174,34.472393,31.018238,31.310888,27.442198,29.20725,24.95148,28.898365,29.136778,26.876204,31.722311,30.553696,34.771843,35.62266,32.710434,38.086094,34.352745,36.2139,37.564453,33.43825,29.65393,26.700356,26.11919,22.065716,20.84549,16.85414,16.281744,18.27022,16.00559,15.8577,17.682844,21.510334,20.540882,23.771515,24.890156,28.722324,30.759924,33.863697,30.04012,27.34084,31.125393,35.42825,39.38954,38.007248,34.72688,37.11458,30.594711,32.362835,29.126368,29.946192
24,17.477964,14.503114,18.869354,15.507117,16.91978,20.80477,20.708553,25.747427,26.035212,31.894455,31.17029,36.168262,35.055656,32.157547,30.243267,25.921211,23.436993,20.42669,17.033531,14.184007,11.121917,9.317538,6.025756,4.089605,0.0,3.3201396,6.666255,8.54916,12.30752,13.986739,17.860859,18.971823,25.27193,26.664948,29.744759,32.74461,33.275497,32.08224,28.02521,26.23276,22.36897,21.53542,15.903564,16.309427,12.072143,10.606449,11.200915,8.878077,10.077291,13.987182,16.385687,16.149508,19.610943,21.602135,24.076818,24.34117,22.224918,27.245049,27.680035,32.861073,31.959173,34.7976,35.45032,35.220272,32.337734,29.362152,29.834023,25.946663,28.337805,24.466837,28.61788,29.253075,26.34066,31.57524,30.168514,34.28544,35.09636,31.847754,37.064102,33.26514,34.732574,35.85822,31.5873,28.00156,25.568947,24.374151,21.215237,19.877426,15.93036,15.478326,17.25164,14.438897,13.380836,15.245271,19.424501,18.75009,21.694176,23.465204,26.985403,29.388706,32.330753,28.924652,26.560068,30.558199,34.632893,38.316868,37.33246,34.21026,36.76757,30.304228,32.486893,29.198992,30.576298
25,19.871325,16.674042,20.506388,16.494415,17.652128,21.109356,20.747812,25.51156,25.243917,31.171091,29.955475,34.72795,34.001587,30.881243,29.555145,24.9588,22.846329,19.816193,16.661505,14.198976,11.246813,10.483804,6.187286,6.0755587,3.3201396,0.0,7.073188,6.7649035,10.763894,12.255431,16.144962,17.317957,23.375536,25.100464,27.835407,30.948841,31.10031,29.768572,25.578094,23.734373,19.79342,18.865175,13.009931,13.727138,8.905267,8.74483,8.473259,7.91763,10.306137,13.345939,15.055061,16.10991,19.492832,20.639101,23.198702,23.011723,20.870895,25.915035,26.653887,32.06695,31.066301,34.204304,35.22379,35.212975,32.688057,29.672033,30.752438,27.127298,29.652596,26.289549,29.96123,30.390991,26.896257,32.117386,30.216015,34.250355,34.70138,31.117384,36.15126,32.0085,33.297955,34.103176,29.925877,26.508408,24.329134,23.355982,20.515467,19.943127,16.131601,16.40607,18.664448,16.07406,13.948702,14.899617,18.866987,17.454525,20.016825,21.753456,24.826857,27.50343,30.086618,26.591818,24.51564,28.784391,32.617264,36.280777,35.663223,32.625435,35.66263,29.31778,31.845196,28.872799,30.515142
26,16.555637,12.526865,15.81891,12.026275,12.06815,16.727076,14.968769,20.579346,20.531939,26.526506,25.920485,30.955368,30.237371,27.626797,25.7566,21.22545,19.278734,15.540196,13.319817,9.726359,8.904914,8.069493,6.9662213,8.461833,6.666255,7.073188,0.0,6.6141615,8.207488,11.417079,13.678354,16.782671,21.888746,24.214952,26.77267,30.05444,30.925512,29.31067,25.921951,23.56664,20.914024,18.818201,14.569345,13.084414,11.423567,7.222237,10.841695,9.112375,8.890112,13.733775,14.587416,12.601802,17.725632,19.85997,20.862963,21.009094,17.8063,22.541656,22.239159,27.317225,25.795122,28.541077,29.218586,28.788572,26.426035,23.030497,23.960594,20.428957,22.697765,19.603636,22.943045,23.427298,19.924765,25.235376,23.622675,27.693497,28.521725,25.313292,30.57072,27.023367,28.61331,30.097406,25.786465,22.016676,19.391077,18.049854,14.771974,13.234942,9.32513,9.337622,11.814657,9.837119,8.00285,9.24066,13.096827,12.755191,16.152002,17.833788,21.9679,23.883688,27.364077,24.331688,21.639381,25.196009,29.449474,32.99085,31.64159,28.538897,30.643368,24.191217,26.378036,22.943222,24.656668
27,18.949726,15.315238,17.534616,12.58103,13.211442,15.731786,15.263577,19.37573,18.796917,24.647974,23.291945,28.072275,27.275229,24.120132,23.009783,18.285915,16.449343,13.432766,10.668792,8.848078,6.8771753,8.36264,5.307241,9.015126,8.54916,6.7649035,6.6141615,0.0,4.26651,5.7037,9.470951,11.126501,16.83232,18.885359,21.458418,24.680681,25.134789,23.720282,19.909622,17.902973,14.586732,13.388918,8.579889,8.617529,7.0822015,7.9920187,9.886448,11.828413,13.622889,17.022795,16.961422,17.379025,22.133945,22.85478,24.086485,23.301716,19.835129,24.481901,24.536236,30.031303,27.672821,30.997658,32.411873,32.00821,30.795033,26.906063,28.783186,25.778042,27.622297,24.988495,27.276506,26.893969,23.054003,27.773405,25.369806,29.364786,29.40494,25.838821,30.879469,26.558546,28.254137,29.253553,25.346281,21.707458,18.95448,19.08544,15.319786,15.974904,12.492763,13.946154,17.344837,16.149363,13.671678,13.065107,15.825842,13.13488,15.941557,16.53597,20.04071,22.1666,25.011429,21.055084,18.514795,22.594297,26.65709,30.603872,29.604794,26.437918,29.5557,23.236599,25.736038,23.14025,24.72575
28,19.771904,15.895805,16.938396,11.768555,11.367151,13.492193,11.983469,15.883782,14.760618,20.70549,19.205267,23.98897,23.480665,20.408148,19.571918,14.575777,13.356982,9.895175,8.426398,6.9550977,7.399012,9.905432,8.695921,12.703883,12.30752,10.763894,8.207488,4.26651,0.0,4.1543083,5.654823,9.407386,13.773771,16.65626,18.710623,22.144491,22.828808,21.113993,17.89368,15.48284,13.358956,11.176065,8.365216,6.579699,8.606694,8.641383,11.758118,14.175222,15.409638,18.793264,17.77557,17.609467,22.94109,23.476177,23.771475,22.725502,18.544218,22.729462,22.280867,27.665602,24.556185,27.924252,29.55037,28.974478,28.547894,24.271832,26.704714,24.2173,25.738787,23.852764,25.16966,24.395716,20.13904,24.558134,21.761677,25.645412,25.43282,21.82048,26.81971,22.466726,24.350346,25.53107,21.755962,17.994972,14.941392,15.652801,11.512541,13.084249,10.214267,12.57043,16.432398,16.163492,13.419393,11.723509,13.35102,9.964308,12.887253,12.7635,16.68586,18.346523,21.511337,17.549702,14.650406,18.49029,22.724842,26.718369,25.452736,22.24375,25.293463,18.994753,21.59505,19.190979,20.993809
29,20.431509,17.080301,17.64293,12.365079,12.763254,13.145937,13.447217,15.859599,14.974245,20.38139,18.734259,23.372358,22.276005,18.916655,18.220213,13.548461,11.983836,9.795842,7.469558,7.969439,7.309924,10.555611,9.206009,13.445409,13.986739,12.255431,11.417079,5.7037,4.1543083,0.0,5.18735,5.578954,11.298002,13.243344,15.815299,18.998913,19.671164,18.418858,14.872251,13.085776,10.211219,9.713836,7.0487537,7.4128013,9.484928,12.070075,14.011607,17.142937,18.877586,22.055641,21.157467,21.614693,26.732342,26.993628,27.549034,26.283571,22.187809,26.25604,25.90069,31.291986,27.79273,31.251629,33.061813,32.32777,32.36568,27.851131,30.343748,27.94812,29.089159,27.038698,28.081041,26.863937,23.022308,26.905006,24.054678,27.864689,27.359945,23.917524,28.756464,24.214382,26.307436,27.324518,23.960667,20.351143,17.135342,18.772608,14.262699,16.442356,13.785671,16.036713,19.96008,19.8089,17.458576,15.87048,17.23621,13.389182,15.863486,14.892884,18.310612,19.788465,22.524035,17.90221,15.02593,18.850218,22.977304,27.282072,26.0033,22.739891,26.157469,20.097458,22.47,20.606562,21.883804
30,22.923147,19.31599,18.867239,13.802858,12.818688,12.81219,11.229945,13.043245,10.827744,16.369482,14.162678,18.684444,18.435438,15.131005,15.299561,10.036387,10.09675,7.3166666,8.02276,8.901758,10.745286,14.041576,13.600757,17.837849,17.860859,16.144962,13.678354,9.470951,5.654823,5.18735,0.0,6.806133,8.463226,12.370601,13.562731,17.177444,17.956406,16.031572,13.540197,10.939741,10.469465,7.9316206,8.752482,6.5967784,11.78596,13.092035,15.873413,19.279171,20.551203,23.487234,21.628027,21.700829,27.12519,27.07548,26.660522,25.10239,20.45255,23.814743,23.00182,28.141186,23.913408,27.424797,29.545462,28.7648,29.712313,24.991022,28.207184,26.506544,27.434381,26.432644,26.37641,24.834652,20.366997,23.811033,20.357666,23.851873,22.900454,19.27141,23.865189,19.20025,21.390182,22.502218,19.382284,15.803856,12.462722,14.934951,10.59138,14.112943,12.61718,15.67386,19.74037,20.382154,17.618889,14.973981,14.927712,10.444543,12.478237,10.448665,14.068734,14.938834,17.962984,13.42596,10.118942,13.713604,17.992891,22.301208,20.839373,17.57228,21.110115,15.198907,17.943602,16.538805,18.332634
31,22.686634,19.972973,19.331947,14.441683,15.047331,13.04427,14.910385,14.962158,14.202122,18.409557,16.63966,20.869066,19.017643,15.455258,15.14111,11.272243,9.830174,9.837341,8.076217,10.87094,10.612204,14.146241,13.595817,17.703783,18.971823,17.317957,16.782671,11.126501,9.407386,5.578954,6.806133,0.0,7.4576063,7.798246,11.018572,13.779618,14.8182535,14.251335,10.984277,10.255751,7.769884,9.582397,9.547759,10.820397,13.909048,17.46596,19.04259,22.636478,24.456392,27.530392,26.397305,26.98352,32.173405,32.18825,32.51149,30.980143,26.678652,30.311655,29.735573,34.935394,30.66237,34.119118,36.16896,35.132336,36.093407,31.182455,33.932808,31.935944,32.45722,30.650751,30.858667,28.96321,25.540514,28.487738,25.500317,29.02559,28.071688,25.004461,29.476984,24.918251,27.352274,28.323793,25.65107,22.280113,18.84747,21.687157,16.8443,19.845068,17.835314,20.22461,24.243647,24.63552,22.621416,20.77877,21.389006,17.14288,19.15349,16.997976,19.916576,20.691336,23.031681,17.89415,14.988487,18.149124,22.065569,26.648941,25.10879,21.863598,25.467487,20.019718,21.944725,20.977726,21.598217
32,28.34871,25.457664,23.802212,19.272345,18.645298,15.884568,16.12564,14.229136,11.665823,14.450731,11.260201,14.329027,13.689106,9.755517,12.202406,8.531968,10.206291,10.943154,12.442034,15.408433,16.914541,20.526209,20.316284,24.569534,25.27193,23.375536,21.888746,16.83232,13.773771,11.298002,8.463226,7.4576063,0.0,6.038135,5.140264,8.919723,9.812577,8.233319,7.266127,6.040085,8.457816,8.671451,12.944247,12.684931,17.993292,21.098663,22.963278,27.212978,28.859886,31.422508,29.233488,29.932873,35.19249,34.567493,33.97123,31.952246,27.31026,29.913729,29.030373,33.75789,28.621061,32.12246,34.70524,33.687138,36.006126,30.992334,34.665363,33.595562,33.825832,33.291424,32.12379,29.737679,25.779028,27.747503,24.007532,26.749392,24.883007,21.80375,25.29709,20.604591,23.024513,23.71403,22.039427,19.342787,16.357346,20.4422,16.551126,20.950005,20.290247,23.35553,27.41603,28.517294,25.98934,23.118221,22.26708,17.52623,18.375656,14.899698,16.719406,16.483463,18.217768,13.048378,10.414458,12.504815,15.803771,20.43795,18.931606,15.968405,20.218794,16.024683,18.192015,18.714869,19.662785
33,27.536274,25.435047,23.400524,19.393665,19.714643,15.628322,18.288225,15.382153,14.640255,16.248611,14.447085,17.41613,14.56787,11.112788,11.928101,10.402841,10.256397,12.900028,12.933333,16.728224,17.34666,20.831524,21.065454,25.066683,26.664948,25.100464,24.214952,18.885359,16.65626,13.243344,12.370601,7.798246,6.038135,0.0,5.221071,6.4619226,9.019486,9.885907,8.92592,10.073141,10.420092,13.290545,15.983866,17.015965,21.099806,24.76382,26.392036,30.291924,32.005558,35.016502,33.463104,33.93684,39.299767,39.078114,38.883606,37.081066,32.49612,35.440323,34.483154,39.242714,34.046307,37.349308,39.655403,38.255875,40.467735,35.191307,38.30165,36.960846,36.73699,35.526886,34.52311,31.852156,28.923279,30.512297,27.406666,30.284967,28.723679,26.343426,30.012983,25.76951,28.532703,29.485044,27.879646,25.010958,21.59184,25.61324,20.85149,24.585497,23.504,26.058357,30.065079,31.150373,29.382708,27.159336,26.80858,22.407225,23.833918,20.531092,22.726665,22.377855,24.16574,19.02361,16.389513,17.924011,21.155022,25.749733,23.778954,20.837341,24.30853,20.287125,21.41335,21.861303,21.665762
34,31.848425,29.378786,27.287066,23.133896,22.775784,19.073296,20.231916,17.039019,14.908382,15.80595,12.738981,14.30844,13.104269,9.437531,12.862644,11.224161,12.991917,15.040931,16.392673,19.830584,21.060177,24.659815,24.549707,28.707918,29.744759,27.835407,26.77267,21.458418,18.710623,15.815299,13.562731,11.018572,5.140264,5.221071,0.0,3.9401884,5.328989,5.1967006,6.560718,7.6762843,10.668556,12.47103,16.987177,17.428143,22.390305,26.084982,27.601822,32.073883,33.873447,36.35187,34.14373,35.06111,40.261673,39.464573,38.87963,36.722046,32.140083,34.499702,33.610275,38.137802,32.71769,36.13489,38.840298,37.692436,40.52158,35.40795,39.14836,38.28179,38.19134,37.738407,36.18718,33.46306,29.910837,31.213173,27.546476,29.90788,27.739948,25.120863,27.998194,23.569986,26.008152,26.491436,25.54179,23.299717,20.547926,24.978863,21.225752,25.689137,25.20211,28.18556,32.223396,33.456333,31.093464,28.242802,27.244724,22.518885,23.097418,19.379622,20.503847,19.860445,20.862074,15.922897,14.026932,15.029704,17.332478,21.73908,20.277048,17.766108,21.939663,18.943516,20.5192,21.855782,22.219904
35,33.683735,31.60684,29.181452,25.405909,25.309078,20.966715,22.94311,19.007961,17.511541,17.297043,14.847314,15.715296,13.582693,10.595509,13.721226,13.5599575,14.971954,17.810045,18.910128,22.63883,23.67239,27.200375,27.318869,31.367609,32.74461,30.948841,30.05444,24.680681,22.144491,18.998913,17.177444,13.779618,8.919723,6.4619226,3.9401884,0.0,4.634639,6.8147078,9.032759,11.119484,13.6027,16.188341,20.39876,21.210121,25.870333,29.769594,31.2023,35.61914,37.43639,40.04072,37.967354,38.81152,44.067272,43.344727,42.802284,40.66094,36.06656,38.392094,37.416313,41.835037,36.23675,39.528,42.189243,40.848465,43.913,38.668945,42.287773,41.477104,41.087116,40.544155,38.800377,35.83905,32.76041,33.619434,30.180618,32.38023,30.184893,28.011826,30.66484,26.559345,29.121649,29.65809,29.017387,26.880354,24.057749,28.61818,24.663328,28.994041,28.5279,31.361574,35.363785,36.70406,34.625084,31.923574,30.932995,26.315514,26.974892,23.173018,24.254982,23.367062,24.21017,19.473314,17.72127,18.15514,20.098253,24.290356,22.633564,20.352968,24.083519,21.672323,22.663883,24.306232,24.110048
