,0,1,2,3,4,5,6,7,8,9,10,11,12,13,14,15,16,17,18,19,20,21,22,23,24,25,26,27,28,29,30,31,32,33,34,35,36,37,38,39,40,41,42,43,44,45,46,47,48,49,50,51,52,53,54,55,56,57,58,59,60,61,62,63,64,65,66,67,68,69,70,71,72,73,74,75,76,77,78,79,80,81,82,83,84,85,86,87,88,89,90,91,92,93,94,95,96,97,98,99,100,101,102,103,104,105,106,107,108
0,0.0,4.3001413,6.2388663,9.652744,11.995656,14.900265,17.474337,21.279408,24.793417,27.959257,30.445848,35.990387,31.351454,30.188454,24.821283,24.335964,20.137175,20.069553,16.278282,15.780397,13.573525,12.910358,17.078852,18.788887,21.918182,24.92944,25.776224,28.893534,28.59903,31.957026,29.74032,36.18224,36.78598,38.442898,41.06163,40.75266,41.475525,41.664917,37.32243,33.332966,36.39308,30.647795,33.525314,29.77277,32.97584,31.150692,31.838428,32.241657,30.448946,34.78589,35.835957,34.24783,37.381775,40.49097,41.626675,41.390526,39.88549,37.95984,36.640232,39.28744,34.285545,37.460697,35.41636,37.899788,39.593445,34.37257,38.84045,38.28636,38.175266,37.68812,35.80953,34.408264,28.474562,30.981972,26.49597,27.121506,25.239594,25.32151,25.517763,24.695389,26.094967,28.048368,27.157017,25.537725,24.090315,25.11275,23.078476,25.977125,24.644295,27.791801,25.724161,29.135492,26.547123,25.701994,26.362486,21.703516,23.734236,18.760534,21.205097,19.939842,21.229948,23.023975,21.095402,19.791376,20.894487,21.331646,20.777409,24.067856,22.867062
1,4.3001413,0.0,5.3534446,6.367282,8.808312,12.652785,14.320126,18.892967,21.817097,25.64555,27.709711,33.419727,29.276306,27.8428,22.80609,21.48874,17.412678,16.653173,12.748237,11.781679,9.297037,8.748489,13.045111,15.184755,18.261927,21.33745,22.396173,25.104439,24.848246,28.159548,26.20024,32.494823,33.58784,35.03095,37.91862,37.867382,38.441994,38.365307,34.005894,30.006792,32.727016,26.939886,29.56705,25.69843,28.8899,26.874323,27.697367,28.068283,26.514893,30.732418,31.643795,30.332829,33.49557,36.42832,37.53857,37.1961,35.725872,33.686874,32.38552,35.1386,30.150255,33.4235,31.510283,34.08659,36.020576,30.944025,35.661835,35.41541,35.375797,35.406357,33.30586,31.651981,25.652414,27.872372,23.292215,23.479254,21.475882,21.207464,21.475368,20.416822,21.920961,23.932758,22.88916,21.28418,19.877455,21.241758,19.218689,22.43515,21.535183,24.971949,23.388554,27.196178,24.746925,23.474188,23.718443,18.972656,20.454535,15.134543,17.176817,15.723544,16.993128,18.869038,16.959347,15.526247,17.026459,17.265879,17.192408,20.595076,19.932787
2,6.2388663,5.3534446,0.0,5.403265,6.724383,9.094182,11.848456,15.097567,18.844398,21.739605,24.368565,29.83098,25.204134,24.20417,18.734747,18.484432,14.43079,14.70048,11.607569,11.646499,11.223431,11.420493,16.207722,18.240725,20.56426,23.20005,22.952122,25.246553,24.23443,27.324585,24.468475,31.005457,30.996796,32.74692,35.129807,34.681915,35.560596,35.90271,31.65535,27.676506,31.042158,25.426392,28.751633,25.339266,28.875027,28.178293,28.68164,30.039051,28.935001,33.221275,33.496597,31.795273,35.594654,38.548225,38.930927,38.687466,36.535072,34.90459,33.03354,35.04084,30.128685,32.93999,30.680775,33.37142,34.345432,29.141216,33.529617,32.64271,32.916172,32.180588,30.87689,29.791481,23.496773,26.687056,22.461239,23.052729,21.990135,21.900408,23.270369,22.212002,24.52104,26.90396,25.047876,22.973553,20.563593,21.330448,18.528217,21.217,19.277468,22.259167,20.106283,23.455112,21.435755,20.709417,21.77555,16.86198,19.710825,14.576227,18.626436,16.670227,19.373466,21.785606,19.816813,17.608774,18.51749,17.590155,16.74282,19.284575,17.8705
3,9.652744,6.367282,5.403265,0.0,3.8883414,6.7581224,9.002125,13.165768,15.852464,19.953861,21.600378,27.368826,23.30568,21.631023,16.879663,15.200127,11.093997,10.545424,6.6488223,6.852667,6.620252,8.332624,12.84319,15.847771,18.030941,20.738564,20.945623,22.179832,21.03332,23.853828,21.216537,27.447924,28.120272,29.161251,31.999773,31.822739,32.207756,32.242928,27.819798,23.845444,26.898333,21.140944,24.505518,20.723595,24.751581,23.58455,24.67201,25.871866,25.430168,29.259012,29.23532,28.433403,32.168625,34.607155,35.036613,34.43238,32.404037,30.304043,28.346972,30.510033,25.157629,28.100456,25.887028,28.400402,29.943213,24.756966,29.378918,29.049215,29.095224,29.173048,27.2151,25.67701,19.46718,22.064592,17.652905,17.913727,16.643797,16.574358,17.947649,17.185812,19.617323,22.328142,20.345617,18.599712,16.110289,18.042002,14.811157,18.362352,17.081879,20.556597,19.293892,23.17351,21.72108,20.397484,20.868954,15.823849,17.785969,11.861402,15.219098,12.3394165,15.099355,17.467117,15.069947,12.678783,13.197202,12.31904,11.57204,14.514588,13.6997595
4,11.995656,8.808312,6.724383,3.8883414,0.0,6.0621123,5.5544925,10.46045,13.089283,17.093502,19.0999,24.794895,21.155123,19.855198,15.023802,13.263906,9.749506,8.537987,6.2898293,5.5866694,7.3453026,8.386071,12.773701,15.131665,16.552492,18.813284,18.125872,19.283684,17.895535,20.786821,17.973919,24.415468,24.900576,26.48079,29.187984,29.134556,29.937521,29.891287,25.689054,21.659863,24.586985,18.936497,22.029463,18.69118,22.286915,22.111555,22.569645,24.487484,24.07343,28.104448,27.774733,26.287302,30.432888,33.08346,33.010654,32.679096,30.223003,28.70129,26.581236,28.369797,23.67431,26.430023,24.291483,27.367407,28.261194,23.34836,28.163855,27.581224,28.271486,28.25076,26.978403,25.684254,19.129946,22.22749,18.11808,17.819735,17.182003,16.211342,18.557375,16.824127,19.832281,22.364706,19.723768,17.33247,14.314335,15.231665,11.924312,14.943203,13.361252,16.773973,15.475549,19.456097,17.936789,16.53343,17.05986,11.991136,14.354317,8.679714,13.387249,10.775031,14.553238,17.392344,15.746751,12.822018,14.374823,11.825138,11.856959,13.822094,13.407436
5,14.900265,12.652785,9.094182,6.7581224,6.0621123,0.0,6.953465,7.52818,11.041074,14.1664715,15.961398,21.503208,16.828018,15.320257,10.27304,9.7167845,5.4976735,7.4943953,6.0958076,8.778719,11.484624,13.808596,17.890165,20.789967,22.022139,24.082315,22.931782,22.901669,20.590553,22.648022,18.729715,24.852057,24.02965,24.939875,27.176636,26.434195,26.901205,27.508986,23.159655,19.307579,23.351059,18.008026,22.631401,19.55876,24.328142,24.859486,25.823748,28.16691,28.648851,32.145676,31.160471,30.417362,34.7669,36.86564,36.370884,35.690052,32.86887,31.10152,28.332727,29.36093,23.95994,26.083109,23.346548,25.735916,26.009628,20.641573,24.673504,23.59056,23.936192,23.192972,22.152206,21.355177,14.830502,18.779297,15.1791525,16.089659,16.481857,16.917505,19.729877,19.373285,22.630838,25.772976,22.915684,20.939821,17.28455,18.900362,14.483698,17.400635,14.881725,17.645098,16.174038,19.408932,19.353302,18.60874,19.967209,15.061561,18.328144,13.06187,18.1706,14.586119,18.717543,21.380932,18.928411,15.938709,15.143925,12.783737,10.560211,11.5651045,9.444248
6,17.474337,14.320126,11.848456,9.002125,5.5544925,6.953465,0.0,6.4336324,7.9409986,12.323556,14.148033,19.775417,16.98425,15.869614,11.6863985,9.188699,7.2853985,5.019363,6.6083846,6.182953,10.275609,11.568023,14.79463,16.794678,16.949465,18.36138,16.436495,16.17362,13.854571,16.247868,12.754412,19.254873,19.353037,21.142984,23.753588,23.834429,24.88813,24.743727,20.768007,16.750813,19.62815,14.231371,17.452068,14.807054,18.421345,19.85072,19.886007,22.90887,23.279882,26.996841,25.822779,24.185228,28.863853,31.263983,30.339994,30.069662,26.942417,25.940088,23.301653,24.27664,20.142887,22.400887,20.219378,23.782303,23.784134,19.246298,24.161716,23.375446,24.790386,24.876345,24.333961,23.321629,16.64236,20.196703,16.79235,15.86856,16.392382,14.685096,18.41577,16.14529,19.912735,22.488474,18.937359,16.114592,12.128389,12.3372,8.129061,10.55412,8.384168,11.75428,11.051804,15.18823,14.593063,12.994073,13.56839,8.771445,11.525404,6.755801,12.799879,9.91651,14.903242,18.017319,16.91123,13.495827,15.13668,10.662758,11.181312,11.310469,11.541986
7,21.279408,18.892967,15.097567,13.165768,10.46045,7.52818,6.4336324,0.0,4.985745,6.8158755,9.473396,14.764039,10.888283,10.354636,5.583085,5.5911226,5.4667563,6.998918,10.089692,11.761568,15.962929,17.779238,21.094416,23.213202,23.153437,24.225344,21.519323,20.346756,17.098232,18.380941,13.493979,19.394962,17.22162,18.89123,20.515951,19.699924,20.962378,21.694025,17.897518,14.173036,18.436342,13.958457,18.646626,17.017044,21.24647,24.029043,24.11435,27.790102,28.828487,32.14248,30.307257,28.90612,33.85235,35.88087,34.27358,33.89241,30.196772,29.431007,26.136005,25.917892,21.779408,23.009058,20.272774,23.400097,21.879192,17.230867,21.134293,19.274742,21.076077,19.960955,20.702557,20.666763,14.102626,18.95721,16.666973,16.686182,18.579803,17.890312,22.176807,20.843721,24.812315,27.728407,23.92699,21.329508,16.930115,17.051332,12.445719,13.619088,9.997758,11.583523,10.340996,13.016525,14.433684,13.97599,15.836154,11.944346,15.894069,12.641792,18.802776,15.655699,20.74137,23.732498,22.22063,18.801327,18.838274,14.427811,13.236391,11.595566,10.340427
8,24.793417,21.817097,18.844398,15.852464,13.089283,11.041074,7.9409986,4.985745,0.0,6.102,6.28524,11.996973,10.27546,9.094938,7.367763,3.9334176,6.8884635,6.3893228,11.001425,12.233482,16.781609,18.780724,21.122562,23.234798,22.552212,23.17613,20.398409,17.816362,14.118168,14.556134,9.482909,14.818294,13.070553,14.171985,16.326971,16.053078,17.050571,17.254648,13.415549,9.5573635,13.476261,9.148397,13.994151,12.875492,17.254562,20.749361,20.89951,24.957773,26.73631,29.478119,27.074175,26.177269,31.157955,32.695877,30.694443,30.14651,26.23432,25.538513,21.96203,21.26429,17.416716,18.291441,15.628868,19.103842,17.312338,13.10963,17.4662,16.076338,18.374537,18.336163,18.979277,18.688864,12.49967,16.795544,15.129557,14.197812,16.712698,15.391717,20.280712,18.73946,22.906668,25.755161,21.59468,19.111858,14.554959,14.931705,10.227391,11.202917,8.447593,9.943862,10.534859,13.374494,15.45338,14.369302,15.372694,12.359611,14.988925,12.532131,17.76626,14.524614,19.595083,22.43979,21.273212,17.87107,18.00118,12.842224,12.448506,9.5508375,9.857162
9,27.959257,25.64555,21.739605,19.953861,17.093502,14.1664715,12.323556,6.8158755,6.102,0.0,5.0168214,8.612893,6.1200495,7.4921346,6.2739577,7.7018785,10.75293,12.033103,16.157736,17.656479,22.118755,23.84255,26.599062,28.35006,27.534248,27.893692,24.27976,21.9844,18.10439,18.126705,12.694317,17.066206,12.648058,14.737865,15.09555,13.750537,15.864633,17.104683,14.2936325,11.467256,15.940235,13.452331,18.039156,18.101784,21.734936,26.255875,25.860462,30.37518,32.02459,34.881153,32.307297,30.767923,35.96901,37.664627,35.121742,34.86104,30.521635,30.51277,26.782944,25.20266,22.285467,22.325014,19.636158,22.828772,19.356249,15.865901,18.732973,15.899876,19.029062,17.290972,19.940632,20.821398,15.322329,20.400314,19.601196,19.367418,22.307955,21.378096,26.278196,24.819633,28.9997,31.785057,27.548824,24.88107,20.33483,19.667624,15.510851,15.026995,11.230509,10.562153,10.09931,10.724797,14.398364,14.56375,16.750484,14.675107,18.441235,17.131691,23.054043,20.2685,25.44324,28.38595,27.289513,23.859629,23.81761,18.88461,17.923355,14.808558,13.984828
10,30.445848,27.709711,24.368565,21.600378,19.0999,15.961398,14.148033,9.473396,6.28524,5.0168214,0.0,5.8837724,5.8418617,5.2633758,7.8254714,6.868654,11.184863,12.070501,16.507587,18.272602,22.77692,24.993635,27.151651,29.288057,28.335293,28.623299,25.467104,22.03986,17.979664,17.12894,11.9206705,14.917853,10.7981205,10.913615,11.746812,10.490608,11.540619,12.676305,9.43998,6.7766833,11.791851,10.086741,15.355917,15.696772,19.951958,24.47696,24.666136,29.105839,31.541739,33.698975,30.66771,30.182116,35.18758,36.188564,33.53256,32.843933,28.544327,28.133041,24.116009,22.110624,18.868734,18.357777,15.492194,18.280687,14.450515,11.1273365,13.820278,11.24814,14.629596,13.887309,16.27172,17.04171,12.304986,16.86682,16.939268,16.461937,19.993078,19.285881,24.319824,23.408262,27.531385,30.454378,26.186792,24.020693,19.54797,19.88925,15.589725,15.643818,12.986198,12.724411,13.648303,14.687181,18.386658,17.964693,19.338295,17.436699,20.06662,18.574635,23.481728,20.269632,25.141037,27.776258,26.530165,23.278847,22.545607,17.706917,16.654545,12.701743,12.532118
11,35.990387,33.419727,29.83098,27.368826,24.794895,21.503208,19.775417,14.764039,11.996973,8.612893,5.8837724,0.0,6.691809,8.035619,12.195855,12.622705,16.866808,17.944637,22.381174,24.10935,28.629047,30.748053,32.773422,34.685432,33.40959,33.331776,29.712578,25.89549,21.751545,20.144592,15.32866,16.334143,10.348594,10.210499,8.624697,5.883289,8.077801,10.369563,9.2922535,9.108618,13.093253,13.899351,18.219204,19.771841,23.226189,28.626991,28.500631,33.291138,36.006092,37.84324,34.41698,33.845966,38.87844,39.624184,36.36093,35.770348,31.151035,31.307787,27.157461,24.137247,22.09985,20.564878,18.018492,20.332348,14.798507,13.369939,14.0180645,10.403466,14.9083605,13.369891,17.62538,19.298111,16.218151,20.40939,21.534155,21.150269,25.019516,24.358316,29.434935,28.558823,32.6482,35.440594,31.06861,28.93425,24.584875,24.42127,20.639002,19.818136,17.2502,15.793345,16.86023,16.410156,21.0138,21.098043,22.66808,21.76912,24.373312,23.82602,28.650545,25.737236,30.53953,33.109375,32.061115,28.872824,28.06537,23.26798,22.229908,18.044582,17.812956
12,31.351454,29.276306,25.204134,23.30568,21.155123,16.828018,16.98425,10.888283,10.27546,6.1200495,5.8418617,6.691809,0.0,3.884023,6.6175675,9.580477,12.840209,15.428617,19.123981,21.559036,25.892778,28.210304,31.038237,33.321003,32.7631,33.31048,30.040575,27.274359,23.27623,22.729214,17.384586,20.484371,15.36158,15.648814,15.115886,12.530563,13.692542,16.103745,13.525187,11.827485,17.116173,15.712435,21.192102,21.323364,25.743744,30.029366,30.295578,34.618427,36.805847,39.20412,36.340508,35.697834,40.75461,41.91613,39.33181,38.66643,34.37817,33.90572,29.885038,27.859472,24.327772,23.705282,20.647467,22.62035,18.485407,15.036838,16.066525,12.2682705,15.173195,12.058992,15.962465,17.830072,13.675628,18.969707,19.35109,20.06658,23.588638,23.786102,28.496101,28.147943,32.189144,35.33057,31.245827,29.111017,24.583076,24.90156,20.422678,20.527245,17.111444,16.472195,16.146547,16.069292,20.164038,20.610535,22.846664,20.695536,24.31602,22.466171,28.034903,24.67187,29.636806,32.340908,30.651375,27.38435,25.991316,21.784704,19.696077,16.125244,14.429351
13,30.188454,27.8428,24.20417,21.631023,19.855198,15.320257,15.869614,10.354636,9.094938,7.4921346,5.2633758,8.035619,3.884023,0.0,5.9350038,7.213705,10.642939,13.288034,16.806093,19.557743,23.780943,26.470146,29.092659,31.759373,31.387617,32.143116,29.445368,26.396343,22.475096,21.906347,16.764172,19.867256,15.837294,14.99155,15.419954,13.263036,13.2303095,15.294815,11.849772,9.79326,15.404495,13.502382,19.54429,19.121546,24.218287,27.819439,28.655918,32.609093,35.063248,37.195213,34.332474,34.40445,39.25333,40.11276,37.8373,36.849987,32.84441,31.792707,27.755632,26.045284,21.695423,21.238811,17.976448,19.528187,16.135313,11.959154,13.282729,10.06462,12.239902,10.016371,12.692219,14.16662,9.8105345,15.090584,15.582083,16.469028,20.09882,20.716763,25.26376,25.439571,29.350336,32.6603,28.738459,26.976625,22.54487,23.764772,19.023165,19.943535,17.056038,17.22498,17.3308,18.193724,21.802273,21.733091,23.504786,20.880749,23.987473,21.453976,26.475132,22.709753,27.425867,29.930746,27.944246,24.819637,22.844147,18.985247,16.552652,12.822342,11.109868
14,24.821283,22.80609,18.734747,16.879663,15.023802,10.27304,11.6863985,5.583085,7.367763,6.2739577,7.8254714,12.195855,6.6175675,5.9350038,0.0,5.616297,6.9558496,10.454879,13.319238,16.055273,20.119999,22.50224,25.79211,28.323381,28.35926,29.446735,26.794676,24.956118,21.367586,21.861742,16.630941,21.422323,17.99508,18.622393,19.49594,17.771217,18.547625,20.14452,16.440619,13.369572,18.636068,15.146346,20.855423,19.615376,24.521757,27.534422,28.094933,31.817272,33.43975,36.295414,34.06567,33.37377,38.288094,39.827644,37.99832,37.30377,33.48149,32.463646,28.786036,27.930616,23.376017,23.87816,20.730345,22.931948,20.629072,15.8608,18.425821,15.792764,17.36694,15.146709,16.711836,17.531042,11.665737,17.227304,16.06239,17.095345,19.798668,20.222237,24.49462,24.222275,28.126476,31.377918,27.622442,25.483707,21.027777,21.834381,17.008932,18.183641,14.653902,15.393456,14.365381,15.746695,18.416119,18.50639,20.670628,17.269579,21.151949,18.010363,23.778263,20.174797,25.079517,27.841133,25.811974,22.54047,21.155704,17.359755,14.896779,12.384974,9.922434
15,24.335964,21.48874,18.484432,15.200127,13.263906,9.7167845,9.188699,5.5911226,3.9334176,7.7018785,6.868654,12.622705,9.580477,7.213705,5.616297,0.0,4.4643736,6.075544,9.916526,12.372525,16.67111,19.319262,21.884096,24.62156,24.456459,25.49541,23.36037,20.814898,17.288269,17.645672,12.849472,17.60905,15.849332,15.724,17.851461,17.086918,17.219845,17.846748,13.539486,9.814126,14.5317,10.140661,15.975722,14.222859,19.570684,22.143862,23.087004,26.618519,28.627457,31.127785,28.775478,28.706402,33.43954,34.65416,32.994114,32.06561,28.457632,27.064142,23.412363,22.906584,17.934803,18.801664,15.722198,18.242468,16.935463,11.894096,15.821015,14.481475,15.893629,15.734081,15.7322855,15.413759,8.962669,13.72063,12.110842,12.131035,14.89607,14.81066,19.35902,18.965015,22.929882,26.178263,22.338243,20.415476,15.988236,17.61284,12.610558,14.584938,12.1485195,13.853049,14.081015,16.68238,18.816782,17.928297,19.054798,15.574082,18.195572,14.736482,19.562237,15.656001,20.410965,23.021648,21.107948,17.863241,16.614723,12.3077,10.454208,7.3271456,6.4200344
16,20.137175,17.412678,14.43079,11.093997,9.749506,5.4976735,7.2853985,5.4667563,6.8884635,10.75293,11.184863,16.866808,12.840209,10.642939,6.9558496,4.4643736,0.0,4.622277,6.4581494,9.651733,13.5092325,16.33453,19.4801,22.520155,23.031996,24.614359,23.096233,21.556623,18.58019,19.76077,15.426587,20.883568,19.808826,19.956688,22.266367,21.529072,21.614084,22.200508,17.76719,13.989178,18.31786,13.262773,18.638681,15.953409,21.34262,22.68291,23.880894,26.752121,28.194536,31.065474,29.32058,29.21013,33.729107,35.24062,34.21385,33.279842,30.119616,28.329716,25.069399,25.425446,19.90428,21.497496,18.526993,20.80755,20.616533,15.243113,19.248074,18.228783,18.798452,18.50414,17.589968,16.855349,10.121084,14.507075,11.646338,12.297337,13.953155,14.392531,18.174545,18.071732,21.75292,25.107662,21.72473,19.906893,15.759854,17.8281,12.832953,15.664791,13.289587,15.747166,15.251353,18.327097,19.471163,18.545153,19.696589,15.382859,18.19076,13.562421,18.418629,14.320118,18.84064,21.445065,19.074074,15.898558,14.430743,10.99222,8.424823,7.311382,5.23939
17,20.069553,16.653173,14.70048,10.545424,8.537987,7.4943953,5.019363,6.998918,6.3893228,12.033103,12.070501,17.944637,15.428617,13.288034,10.454879,6.075544,4.622277,0.0,4.7915993,6.3541393,10.7507515,13.349036,15.82159,18.693573,18.85012,20.285446,18.984987,17.212446,14.483707,15.942609,12.3114805,17.987991,18.343763,18.700012,21.701313,21.756811,21.93616,21.735678,17.35558,13.354063,16.479988,10.847523,15.218102,12.111202,17.186647,18.266468,19.340712,22.193275,23.616344,26.510807,24.815552,24.624039,29.108524,30.68356,29.749123,28.890928,25.84713,24.102438,21.061554,21.877184,16.649965,18.779724,16.251003,19.270052,19.745905,14.838834,19.796415,19.518951,20.43323,21.217405,19.935144,18.586899,12.046313,15.235934,11.96151,10.999962,12.099848,11.046562,15.200881,14.056399,17.957075,21.072432,17.448921,15.384963,11.167534,13.403208,8.422222,11.882261,10.538744,13.740839,14.04845,17.884268,18.390436,16.743011,17.022484,12.814837,14.497801,9.763352,14.044745,9.932527,14.6602125,17.386429,15.566344,12.197907,12.124718,7.430137,7.0160623,6.301919,7.1230307
18,16.278282,12.748237,11.607569,6.6488223,6.2898293,6.0958076,6.6083846,10.089692,11.001425,16.157736,16.507587,22.381174,19.123981,16.806093,13.319238,9.916526,6.4581494,4.7915993,0.0,4.089448,7.1921005,10.45511,13.479475,16.990437,18.146067,20.309324,20.123363,19.385836,17.465652,19.475555,16.55778,22.23988,23.094938,23.274149,26.394062,26.37625,26.276701,26.116322,21.580044,17.674738,20.65324,14.906068,18.862135,15.021028,20.016773,19.398743,21.011812,22.788034,23.668001,26.73399,25.757565,25.914366,29.913528,31.59897,31.480284,30.48254,28.109392,25.758242,23.22836,24.917532,19.09924,21.787832,19.38852,21.805311,23.3664,18.199356,22.983236,23.03098,23.114058,23.929296,21.732769,19.971313,13.6923,16.121367,11.89834,11.638353,11.195934,11.081042,13.74785,13.362138,16.599539,19.85972,17.06141,15.511228,12.154514,15.253441,10.940485,15.074707,14.140997,17.675716,17.473421,21.461864,21.194828,19.548697,19.727299,15.012718,16.439594,10.607723,13.878256,9.59329,13.33421,15.788237,13.167947,10.118824,9.447333,6.8340054,5.59812,7.94225,7.9904437
19,15.780397,11.781679,11.646499,6.852667,5.5866694,8.778719,6.182953,11.761568,12.233482,17.656479,18.272602,24.10935,21.559036,19.557743,16.055273,12.372525,9.651733,6.3541393,4.089448,0.0,4.559064,7.063675,9.83595,13.034265,14.07435,16.289648,16.40286,16.244377,14.966182,17.55256,15.507039,21.34015,23.100658,23.840145,27.208284,27.66929,27.903622,27.297703,22.994684,19.044813,21.136557,15.338031,17.951437,14.030736,17.984612,16.973108,18.125555,19.730001,20.051456,23.51676,22.91577,22.486898,26.434399,28.513136,28.592035,27.873947,25.680334,23.602047,21.526796,23.717022,18.649828,21.746586,19.871187,22.910507,24.69237,20.047955,25.284,25.547264,26.047445,27.190275,25.149492,23.239088,17.054888,19.051264,14.841336,13.550776,12.500404,10.7987795,13.284635,11.332765,14.578665,17.33369,14.467442,12.4100485,9.385225,12.049192,8.55515,12.843566,12.750839,16.645575,16.693165,21.071938,20.015736,17.927141,17.455181,12.873659,13.348918,7.292923,9.942914,6.03859,9.959604,12.752639,10.991817,7.7262855,9.767808,6.5058584,8.094584,10.4197445,11.601866
20,13.573525,9.297037,11.223431,6.620252,7.3453026,11.484624,10.275609,15.962929,16.781609,22.118755,22.77692,28.629047,25.892778,23.780943,20.119999,16.67111,13.5092325,10.7507515,7.1921005,4.559064,0.0,3.9250336,6.8824315,10.755457,12.971919,15.88085,17.395123,18.220427,17.86606,20.746557,19.483402,25.077333,27.415407,28.041426,31.58103,32.13944,32.202793,31.476715,27.129469,23.25708,25.0233,19.260109,21.289793,17.041855,20.490292,17.91594,19.408531,19.77524,19.376469,22.94409,23.198877,23.051096,26.310562,28.50373,29.435396,28.65954,27.223463,24.71706,23.313107,26.28361,21.126524,24.626028,23.037037,25.726929,28.333443,23.722647,28.925558,29.521208,29.576939,30.929317,28.292036,26.051447,20.266344,21.515213,16.959154,15.832189,13.579702,12.225362,12.884425,11.225012,13.310512,15.771096,14.036143,12.623608,11.14568,14.18764,11.9603195,16.233608,16.67805,20.636868,20.540915,24.971945,23.305029,21.151129,20.382774,15.894155,15.68263,9.7761345,10.08793,7.2156396,8.653063,10.853285,8.72394,6.4453635,9.203741,8.566406,10.26594,13.737949,14.81777
21,12.910358,8.748489,11.420493,8.332624,8.386071,13.808596,11.568023,17.779238,18.780724,23.84255,24.993635,30.748053,28.210304,26.470146,22.50224,19.319262,16.33453,13.349036,10.45511,7.063675,3.9250336,0.0,4.807196,7.5969996,10.254027,13.382406,15.220501,17.32323,17.683226,21.04583,20.336008,26.036007,28.64353,29.912281,33.40095,34.151707,34.61593,33.74405,29.614996,25.713661,27.122698,21.476187,22.661396,18.721382,21.028885,18.448618,19.162138,19.342701,17.91647,22.09543,22.929789,21.76967,24.897474,27.708729,28.831076,28.49162,27.20929,25.215405,24.275843,27.462606,23.177027,26.768887,25.495348,28.613863,31.032223,26.709517,32.079403,32.554314,32.966824,34.199535,31.905098,29.76222,23.829117,25.248695,20.765408,19.355944,17.116968,15.04714,15.586538,12.814284,14.529382,16.121386,14.629043,12.709,11.933292,13.586443,12.595305,16.18512,16.91449,20.805523,20.554356,25.017563,22.592258,20.324524,19.239962,15.058389,14.353075,9.117549,8.693206,7.820888,8.507938,10.781623,10.086675,8.349108,12.657632,11.659709,14.0124855,17.139355,18.323122
22,17.078852,13.045111,16.207722,12.84319,12.773701,17.890165,14.79463,21.094416,21.122562,26.599062,27.151651,32.773422,31.038237,29.092659,25.79211,21.884096,19.4801,15.82159,13.479475,9.83595,6.8824315,4.807196,0.0,4.5369635,7.3304987,10.636462,14.058305,15.870876,17.108261,20.341923,20.840382,25.733746,29.466063,30.430922,34.287945,35.506485,35.75538,34.399128,30.454712,26.775816,27.230614,21.902657,21.911572,17.922638,19.328974,15.444443,16.354046,15.463265,13.730485,17.738087,19.083395,18.426847,20.90346,23.571808,25.273935,24.85369,24.241318,21.993862,21.744019,25.5866,21.800007,25.675674,24.984833,28.115057,31.202562,27.447052,32.998287,34.043224,34.440304,36.40006,33.742996,31.24113,25.776838,26.345648,22.029465,19.879389,17.18583,14.309059,14.047374,10.407293,11.23786,11.983694,11.095642,9.62104,10.576915,12.718811,13.098659,16.660112,18.588018,22.490578,22.978476,27.557165,25.105288,22.442368,20.570063,17.178663,14.877006,10.777766,6.784464,7.3777757,5.0779195,6.6626077,7.5238924,6.964154,12.728793,12.129915,15.631197,18.673431,20.726326
23,18.788887,15.184755,18.240725,15.847771,15.131665,20.789967,16.794678,23.213202,23.234798,28.35006,29.288057,34.685432,33.321003,31.759373,28.323381,24.62156,22.520155,18.693573,16.990437,13.034265,10.755457,7.5969996,4.5369635,0.0,3.995445,7.4174614,11.48949,14.776352,16.892859,20.448578,21.627373,26.363983,30.352055,31.987669,35.72774,37.180836,37.865936,36.339134,32.723392,29.094574,29.12841,24.106674,23.188633,19.80378,19.781504,16.380522,16.060135,15.169726,12.040639,16.81759,18.755377,16.556305,18.86183,22.360538,24.105974,24.328175,23.816149,22.440361,22.69827,26.544477,23.983023,27.767387,27.423325,31.019878,33.723892,30.36645,36.036564,36.928413,37.775574,39.625267,37.41254,35.059277,29.420042,30.256855,26.084837,23.681414,21.273653,17.836752,17.920462,13.462375,14.144572,13.784301,12.946878,10.834133,12.342659,12.457357,14.333048,16.779865,19.056711,22.658892,23.14887,27.605003,24.522556,21.751005,19.434483,16.849562,13.787008,11.389802,6.719045,9.774481,7.7060413,9.02645,11.447829,11.012481,17.117462,15.813487,19.620192,22.215937,24.357676
24,21.918182,18.261927,20.56426,18.030941,16.552492,22.022139,16.949465,23.153437,22.552212,27.534248,28.335293,33.40959,32.7631,31.387617,28.35926,24.456459,23.031996,18.85012,18.146067,14.07435,12.971919,10.254027,7.3304987,3.995445,0.0,3.4647746,7.996042,11.306216,13.985052,17.517815,19.397335,23.655308,28.047216,29.946018,33.66717,35.417004,36.309048,34.53278,31.272694,27.82428,27.283901,22.704018,20.893232,18.090897,16.94958,14.27285,12.970438,12.697068,9.351242,14.516097,16.143229,12.90507,15.683111,19.523954,20.769812,21.361141,20.566324,19.896994,20.273602,23.930387,22.39968,26.003422,25.989244,29.986586,32.32252,29.500235,35.234085,36.134983,37.413033,39.41312,37.57429,35.323887,29.722956,30.628302,26.802542,23.942219,22.011204,17.883953,18.705402,13.448304,14.590141,13.844803,12.20624,9.370309,11.021582,9.763584,12.859456,14.469973,17.38817,20.710442,21.695675,26.058538,23.027796,20.028797,17.185545,15.480126,11.386253,10.6472645,5.1338296,9.592596,8.161162,9.729199,13.022719,12.211112,18.604172,16.261549,20.555277,22.447674,24.985828
25,24.92944,21.33745,23.20005,20.738564,18.813284,24.082315,18.36138,24.225344,23.17613,27.893692,28.623299,33.331776,33.31048,32.143116,29.446735,25.49541,24.614359,20.285446,20.309324,16.289648,15.88085,13.382406,10.636462,7.4174614,3.4647746,0.0,5.761865,9.254442,12.627509,16.019163,18.63748,22.290318,27.022974,29.215168,32.857704,34.87619,35.98619,33.993397,31.116749,27.881845,26.80589,22.746859,20.071232,17.968369,15.600581,13.780065,11.362171,11.676235,8.063538,13.348691,14.758037,10.163242,13.291871,17.57057,18.341702,19.423586,18.436012,18.623543,19.22694,22.643232,22.248182,25.609142,25.93111,30.228691,32.209236,29.914461,35.636036,36.525444,38.171722,40.263275,38.762135,36.61738,31.098614,32.053425,28.537115,25.378927,23.825914,19.293524,20.573895,14.9506855,16.26174,15.139193,13.116706,10.004095,11.697365,9.018305,13.19986,13.763174,17.165281,20.060747,21.439032,25.590109,22.559158,19.438843,16.140501,15.472947,10.59284,11.6993885,6.5913563,11.334545,10.40847,11.855177,15.544032,14.620254,20.984318,18.041336,22.550165,23.890745,26.664682
26,25.776224,22.396173,22.952122,20.945623,18.125872,22.931782,16.436495,21.519323,20.398409,24.27976,25.467104,29.712578,30.040575,29.445368,26.794676,23.36037,23.096233,18.984987,20.123363,16.40286,17.395123,15.220501,14.058305,11.48949,7.996042,5.761865,0.0,6.372041,9.241036,12.8777685,15.09933,19.02156,22.97606,26.088795,29.236935,31.2017,32.929817,31.101578,28.601631,25.432653,24.529766,20.854053,18.191294,17.09832,14.318122,15.410315,11.907551,14.6126175,12.358653,17.105854,17.200056,11.384473,15.891266,20.143877,19.318306,20.844189,18.476368,19.867285,19.593079,21.767242,22.1383,24.887712,25.000986,29.78975,30.520401,28.430315,34.00308,34.29977,36.590477,38.148167,37.565018,35.923317,30.123806,31.90207,28.738916,25.675444,25.036583,20.452463,23.014507,17.40856,19.79909,19.396465,16.306877,12.481256,12.230066,6.92417,11.31243,9.953899,13.089384,15.308606,16.745785,20.559145,17.482782,14.328441,10.741215,11.239392,5.993757,9.896976,8.312861,12.235066,13.645084,15.919805,18.930523,17.058664,22.933731,18.747292,22.905678,23.351793,25.878626
27,28.893534,25.104439,25.246553,22.179832,19.283684,22.901669,16.17362,20.346756,17.816362,21.9844,22.03986,25.89549,27.274359,26.396343,24.956118,20.814898,21.556623,17.212446,19.385836,16.244377,18.220427,17.32323,15.870876,14.776352,11.306216,9.254442,6.372041,0.0,4.144097,6.9979057,10.585633,13.261186,18.306084,20.715485,24.198732,26.560236,27.918573,25.692049,23.470226,20.70683,18.904465,15.939096,12.200596,11.860343,8.077366,11.028572,7.0848956,11.707977,11.934289,15.233739,13.629737,9.146591,14.497787,17.452574,15.502746,16.546825,13.23323,14.799119,13.857136,15.48221,16.555483,18.952192,19.404358,24.33866,24.935812,23.565289,29.040771,29.715174,32.15676,34.3065,33.714058,32.0315,26.826488,28.16746,25.676899,22.138113,22.131832,17.217886,20.513443,15.023355,17.9251,17.884459,13.917864,10.241064,9.333105,4.1979594,8.795389,7.0587616,11.494971,13.514883,16.279913,20.011557,18.453161,15.217438,11.693731,12.409844,7.3051763,10.729352,9.113109,11.434202,13.383302,15.517759,18.284317,16.22043,21.331972,16.51405,20.845293,20.372707,23.50841
28,28.59903,24.848246,24.23443,21.03332,17.895535,20.590553,13.854571,17.098232,14.118168,18.10439,17.979664,21.751545,23.27623,22.475096,21.367586,17.288269,18.58019,14.483707,17.465652,14.966182,17.86606,17.683226,17.108261,16.892859,13.985052,12.627509,9.241036,4.144097,0.0,3.9889476,6.4481597,10.013012,14.445463,16.936613,20.338745,22.538559,23.974062,21.936884,19.645594,16.819183,15.397046,12.397801,9.362395,9.488379,7.1189427,11.936588,9.03522,14.203143,15.377898,18.255966,15.962523,12.77757,18.109833,20.405699,17.971157,18.54792,14.555906,15.810316,13.729671,14.279722,14.745074,16.687202,16.652596,21.737461,21.59783,20.103558,25.47246,25.850037,28.514183,30.435516,30.219482,28.810608,23.569464,25.332031,23.166458,19.79952,20.500145,15.900901,20.01782,15.133721,18.68681,19.453337,15.038315,11.458402,8.900932,4.4689994,6.539349,3.8226674,8.283442,10.176141,13.357096,17.029446,16.348524,13.273933,10.367034,10.73931,7.066579,9.86261,10.517974,11.187762,14.451633,16.931555,18.818457,16.229395,20.420135,14.991736,18.788465,17.600733,20.592417
29,31.957026,28.159548,27.324585,23.853828,20.786821,22.648022,16.247868,18.380941,14.556134,18.126705,17.12894,20.144592,22.729214,21.906347,21.861742,17.645672,19.76077,15.942609,19.475555,17.55256,20.746557,21.04583,20.341923,20.448578,17.517815,16.019163,12.8777685,6.9979057,3.9889476,0.0,5.438151,6.288166,11.855322,13.864977,17.38935,20.002449,21.28453,18.878595,17.127676,14.910083,12.4670725,10.819731,6.4613113,8.476714,5.2906256,12.153413,9.526153,15.101021,17.339634,19.216185,16.060524,13.8631735,19.004862,20.446882,17.21911,17.55242,12.937987,14.59323,11.915653,11.181533,12.855002,13.996233,14.314176,19.514553,18.831614,18.262259,23.326796,23.888676,26.833849,29.100882,29.117575,27.821825,23.205412,24.698605,23.241945,19.692019,20.986206,16.4975,20.91661,16.519804,20.07207,20.924234,16.395155,13.40892,10.89896,8.112122,9.081205,6.6297746,10.204267,11.12103,14.890146,17.941315,18.264833,15.482591,12.938573,13.799514,10.8512,13.36871,13.917933,13.961378,17.059044,19.226192,20.929588,18.442194,21.875381,16.385817,19.907377,17.96284,21.170462
30,29.74032,26.20024,24.468475,21.216537,17.973919,18.729715,12.754412,13.493979,9.482909,12.694317,11.9206705,15.32866,17.384586,16.764172,16.630941,12.849472,15.426587,12.3114805,16.55778,15.507039,19.483402,20.336008,20.840382,21.627373,19.397335,18.63748,15.09933,10.585633,6.4481597,5.438151,0.0,6.676227,8.736797,11.278015,14.41291,16.261341,17.84446,16.216488,13.881625,11.05618,10.570899,8.004917,7.4300485,8.769501,9.531405,15.457729,13.948441,19.139004,21.21281,23.52866,20.562317,18.727375,23.933268,25.45572,22.52701,22.553623,18.044527,18.86403,15.549126,14.313086,13.807239,14.553872,13.580956,18.605831,16.874966,15.300381,20.238726,19.996948,23.148735,24.63532,25.21903,24.391148,19.317682,21.812723,20.464966,17.599686,19.587208,15.966306,20.97704,17.44625,21.502102,23.196827,18.567461,15.550702,11.726578,9.723769,7.8360724,5.5780573,6.6184416,7.320626,10.97084,13.965372,15.243855,12.941767,11.711668,11.527565,10.908562,12.102962,15.087753,13.816806,18.131718,20.752354,21.43167,18.401258,20.80498,14.956443,17.372883,14.806505,17.326769
31,36.18224,32.494823,31.005457,27.447924,24.415468,24.852057,19.254873,19.394962,14.818294,17.066206,14.917853,16.334143,20.484371,19.867256,21.422323,17.60905,20.883568,17.987991,22.23988,21.34015,25.077333,26.036007,25.733746,26.363983,23.655308,22.290318,19.02156,13.261186,10.013012,6.288166,6.676227,0.0,7.170864,8.320086,11.682503,14.77651,16.008692,13.28541,12.646141,11.675849,8.181233,9.567038,5.861025,10.22267,8.906406,16.162785,14.530957,19.894148,22.970459,23.994122,20.131845,19.144844,23.903147,24.390379,20.4481,20.353382,15.357406,17.047445,13.523987,10.259996,12.749672,11.940761,12.17139,17.124365,14.609464,15.461152,19.569155,19.947529,23.503408,25.833626,26.639801,25.858866,22.19753,23.743238,23.484125,20.202469,22.579134,18.882608,23.717093,20.434263,24.075954,25.362246,20.819353,18.48708,15.608052,14.083102,13.509174,11.306739,13.090013,12.631995,16.573051,18.466494,20.394367,18.29833,16.723404,17.763237,16.232859,18.249655,19.693455,18.783455,22.17813,24.213966,25.27175,22.70818,24.779505,19.293804,21.816116,18.726475,21.68082
32,36.78598,33.58784,30.996796,28.120272,24.900576,24.02965,19.353037,17.22162,13.070553,12.648058,10.7981205,10.348594,15.36158,15.837294,17.99508,15.849332,19.808826,18.343763,23.094938,23.100658,27.415407,28.64353,29.466063,30.352055,28.047216,27.022974,22.97606,18.306084,14.445463,11.855322,8.736797,7.170864,0.0,6.0024056,6.6641417,8.913645,11.789507,10.441628,10.5221405,10.012454,9.389866,11.262892,11.559506,14.939845,15.577728,22.456297,21.0371,26.425566,29.093988,30.689098,27.041521,25.56852,30.595871,31.448425,27.51657,27.522781,22.512672,24.046896,20.29345,16.818342,17.754543,16.334177,15.298788,19.505941,14.804549,15.226254,18.113127,16.840702,21.259214,22.098087,24.550606,24.82444,21.12288,24.00181,24.260471,22.017675,25.160748,22.480038,27.696833,25.095428,29.100416,30.95233,26.327414,23.76831,20.047577,18.318394,16.38944,13.880508,13.196071,11.18739,14.360075,14.715713,18.223938,17.19608,17.1547,18.091383,18.694855,20.354,23.822565,22.293924,26.61605,29.07595,29.428932,26.420877,27.637352,22.009888,23.218395,19.477112,21.219076
33,38.442898,35.03095,32.74692,29.161251,26.48079,24.939875,21.142984,18.89123,14.171985,14.737865,10.913615,10.210499,15.648814,14.99155,18.622393,15.724,19.956688,18.700012,23.274149,23.840145,28.041426,29.912281,30.430922,31.987669,29.946018,29.215168,26.088795,20.715485,16.936613,13.864977,11.278015,8.320086,6.0024056,0.0,4.6295238,7.4084816,7.7062736,5.168563,5.482544,6.7878323,4.8793845,9.266022,10.480285,13.781756,15.758032,21.80832,21.583706,26.433006,29.9781,30.747192,26.708277,26.955877,31.546839,31.46129,27.747332,26.966688,22.30694,22.795208,18.661432,14.713876,14.713242,12.30175,11.060286,14.4235115,9.0151205,10.726122,12.955945,12.601147,16.7995,18.843056,20.66335,20.749405,18.368118,20.26758,21.460377,19.211843,22.78458,20.7318,25.772734,24.193024,27.970716,30.114784,25.683834,23.93656,20.392918,20.388626,17.939342,16.850395,16.739128,15.844475,18.938627,19.839918,23.348509,22.126385,21.903044,21.971666,22.171085,22.678532,25.332718,23.06507,26.956753,29.007856,28.876322,26.148695,26.25907,21.20068,21.962868,17.81068,19.84011
34,41.06163,37.91862,35.129807,31.999773,29.187984,27.176636,23.753588,20.515951,16.326971,15.09555,11.746812,8.624697,15.115886,15.419954,19.49594,17.851461,22.266367,21.701313,26.394062,27.208284,31.58103,33.40095,34.287945,35.72774,33.66717,32.857704,29.236935,24.198732,20.338745,17.38935,14.41291,11.682503,6.6641417,4.6295238,0.0,3.7748215,6.0517297,5.1067343,7.6905117,9.728578,9.395095,13.414228,14.912159,18.252613,19.935171,26.296095,25.744987,30.784298,34.127827,35.067154,31.038395,30.785212,35.494247,35.567894,31.570866,31.031256,26.213648,27.153564,23.09819,18.889084,19.314846,16.712673,15.427115,18.17021,11.871167,13.775961,14.5179405,12.948526,17.735563,18.663439,21.83305,22.698427,20.669003,23.148909,24.685177,22.966238,26.743639,25.008877,30.1041,28.593386,32.453293,34.63825,30.165937,28.23534,24.532822,23.99041,21.49167,19.88149,19.026112,17.288992,19.947784,19.781212,23.956467,23.30984,23.641624,24.084785,24.959225,25.800436,29.126776,26.92882,31.101326,33.30861,33.111313,30.24531,30.226307,25.135103,25.457762,21.166119,22.528284
35,40.75266,37.867382,34.681915,31.822739,29.134556,26.434195,23.834429,19.699924,16.053078,13.750537,10.490608,5.883289,12.530563,13.263036,17.771217,17.086918,21.529072,21.756811,26.37625,27.66929,32.13944,34.151707,35.506485,37.180836,35.417004,34.87619,31.2017,26.560236,22.538559,20.002449,16.261341,14.77651,8.913645,7.4084816,3.7748215,0.0,4.6923656,6.319726,8.155558,10.085494,11.615643,14.790264,17.550121,20.281813,22.736189,28.777391,28.453495,33.416595,36.621803,37.816845,33.930294,33.65841,38.483376,38.71035,34.911396,34.306606,29.546995,30.177467,26.02821,22.100903,21.56012,19.117882,17.283451,19.495842,12.985969,13.992701,13.886071,11.202389,16.17049,16.04063,20.075499,21.525568,19.63247,22.681448,24.419018,23.34615,27.3196,26.174456,31.27043,30.176853,34.124283,36.59727,32.15796,30.212942,26.233639,25.895988,22.848143,21.51294,19.923592,18.12479,20.141317,19.56533,24.136679,23.907055,24.818987,24.831747,26.45702,26.78763,30.741201,28.196327,32.631836,34.961506,34.363396,31.376293,30.849203,25.933407,25.571938,21.188637,21.849247
36,41.475525,38.441994,35.560596,32.207756,29.937521,26.901205,24.88813,20.962378,17.050571,15.864633,11.540619,8.077801,13.692542,13.2303095,18.547625,17.219845,21.614084,21.93616,26.276701,27.903622,32.202793,34.61593,35.75538,37.865936,36.309048,35.98619,32.929817,27.918573,23.974062,21.28453,17.84446,16.008692,11.789507,7.7062736,6.0517297,4.6923656,0.0,3.798123,5.7590895,9.050931,10.474081,14.176365,17.456396,19.796711,23.021294,28.309011,28.749264,33.26707,36.94083,37.65273,33.628754,34.416496,38.94353,38.622234,35.097,33.994785,29.577509,29.4586,25.204617,21.31895,19.932272,17.114052,15.105325,16.215029,9.458194,11.145853,9.757999,7.6497416,12.431794,13.452977,16.850471,18.196623,17.553215,19.762156,22.222008,21.29591,25.455976,24.871368,29.685198,29.351572,33.068462,35.72572,31.508327,30.111311,26.307837,27.018072,23.710505,23.21476,22.057373,20.98839,23.141632,23.213568,27.541174,27.020708,27.679869,27.15515,28.430468,28.048857,31.429863,28.450075,32.539062,34.575153,33.629826,30.87949,29.581203,25.21063,24.506031,20.009855,20.796732
