,0,1,2,3,4,5,6,7,8,9,10,11,12,13,14,15,16,17,18,19,20,21,22,23,24,25,26,27,28,29,30,31,32,33,34,35,36,37,38,39,40,41,42,43,44,45,46,47,48,49,50,51,52,53,54,55,56,57,58,59,60,61,62,63,64,65,66,67,68,69,70,71,72,73,74,75,76,77,78,79,80,81,82,83,84,85,86,87,88,89,90,91,92,93,94,95,96,97,98,99,100,101,102,103,104,105,106,107,108,109
0,0.0,3.9848871,6.6720076,9.907644,11.981431,14.697096,17.258507,20.83562,23.990913,26.246475,29.947735,31.823143,34.80554,32.731514,35.926773,30.72356,30.8309,29.09998,29.371729,30.333466,29.600105,32.45283,33.034443,34.97354,36.020412,34.617405,35.682026,36.9563,35.46046,39.703823,35.172653,42.22222,38.99113,41.520782,38.29748,34.230488,33.695423,36.33703,32.999058,29.868496,30.915848,32.281414,28.906698,25.769447,29.050568,28.776451,22.253147,23.09279,26.111952,28.122124,31.535185,26.953617,31.826166,34.30422,34.126938,35.372555,33.260017,36.8576,39.39812,36.79652,36.605785,41.99831,45.063206,46.336227,42.180477,40.76516,45.59767,44.995613,40.10088,42.619125,45.35634,42.984337,39.444023,42.060658,38.707016,41.23693,37.737026,34.540817,33.798298,30.24926,27.277111,25.166168,22.079851,24.287144,26.827065,27.304457,30.667713,34.3594,37.8487,41.045967,42.816715,40.943905,45.28538,41.890728,41.436813,40.524895,36.716927,36.156628,32.73673,34.737915,29.350101,30.16778,30.285772,25.58136,25.083868,19.19724,21.934423,17.078661,18.908186,15.480254
1,3.9848871,0.0,5.0668116,6.316866,8.653979,12.128708,13.926049,18.108315,20.772358,23.462587,26.960522,29.000975,31.739552,29.645464,32.466347,27.123379,27.208323,25.265495,25.770903,26.493465,25.935055,28.907534,29.550459,31.180622,32.16383,30.769497,31.734526,33.088535,31.61052,35.92777,31.473993,38.602013,35.68617,38.183334,34.758095,30.700443,30.422464,33.004932,29.436195,26.32942,27.723038,28.819857,25.262283,22.417809,25.933277,25.323505,18.711348,20.052177,23.207918,25.36426,28.395897,23.757797,28.947681,31.288599,30.847212,31.837885,29.601788,33.119663,35.87138,33.395676,32.903557,38.341545,41.334534,42.760002,38.67102,37.11413,41.843716,41.20625,36.27301,38.75691,41.436836,39.06604,35.50704,38.097424,34.7984,37.347862,33.84604,30.687614,30.072117,26.563843,23.649452,21.826317,18.44062,20.427988,22.901112,23.394104,26.68556,30.408115,33.880028,37.09286,38.878426,37.065403,41.486393,38.269047,37.838524,36.908993,33.233734,32.627914,29.051006,31.383047,25.880957,27.078848,27.540659,22.867802,21.98858,16.33443,18.334871,13.405552,14.982107,11.504341
2,6.6720076,5.0668116,0.0,5.4865084,6.3940554,8.191364,11.308999,14.229397,17.675901,19.669258,23.419724,25.287798,28.37882,26.473995,30.158175,25.05016,25.683214,24.340942,25.335724,26.782412,26.967077,30.103828,31.535257,32.347412,32.766937,30.875252,31.402485,32.153683,30.28896,34.29097,29.503576,36.340015,32.682484,35.384842,32.51567,28.327017,27.600317,30.657526,27.615326,24.245232,25.294708,27.536068,24.099764,20.624876,24.31122,25.053837,18.449068,18.916073,22.786207,24.134071,27.591064,24.213697,29.029799,30.840672,31.057316,32.288967,29.489988,33.258877,36.015152,32.73503,32.160763,37.769817,40.55962,41.813465,37.32482,35.693275,40.624294,39.78801,35.14762,38.282562,40.707092,38.097538,34.97813,38.23575,34.838047,37.972897,34.71505,31.350887,31.615444,27.701408,25.36383,24.058159,20.283348,21.57458,23.15315,24.580177,26.670883,31.069775,34.12764,37.60701,39.06231,37.073723,41.733475,38.924965,37.636757,36.29489,32.473988,31.281733,27.684746,29.082684,23.617731,23.94567,23.956583,19.209053,18.824732,13.111013,16.475203,11.942083,14.8952055,12.570633
3,9.907644,6.316866,5.4865084,0.0,3.7593198,6.994828,8.371352,12.657637,14.818943,17.972643,21.126247,23.512264,26.040724,24.207352,27.011835,21.450645,22.121122,20.05872,21.73909,22.312891,22.758295,26.080313,27.235506,27.607906,28.083382,26.405346,26.639282,27.771494,25.86426,30.170597,25.341301,32.418003,29.499968,31.880762,28.45882,24.41554,24.12868,26.75027,23.209993,20.035429,21.548687,22.906525,19.259104,16.333746,20.198643,20.053284,13.350049,14.727102,18.508904,20.315018,23.110382,19.333685,24.57818,26.37083,26.09727,27.024097,24.264599,27.922,30.827541,27.915363,27.13096,32.712345,35.549904,36.968662,32.706593,31.026608,35.826546,35.124813,30.295559,33.11551,35.701515,33.28168,29.882023,32.95014,29.503191,32.534515,29.273743,25.88569,26.16247,22.247261,19.971613,18.92795,14.964471,16.110683,17.748167,19.262089,21.495607,25.937235,29.100286,32.51982,34.21121,32.509884,37.31905,34.833138,33.899414,32.624714,29.176348,27.969551,23.929482,26.249413,20.438303,21.696615,22.519793,17.898317,16.554808,11.702151,12.8723755,8.057954,10.182632,7.5074234
4,11.981431,8.653979,6.3940554,3.7593198,0.0,5.5423717,5.295017,9.937372,12.240908,15.019544,18.442291,20.460304,23.095104,21.02879,24.090097,18.830137,19.391262,17.956732,19.31009,20.742613,21.44555,24.727102,26.622032,26.70076,26.792456,24.718094,25.115513,25.764204,23.981405,27.99305,23.506533,30.470797,27.301184,30.198109,27.069887,22.745388,22.624079,25.870955,22.412556,18.916445,20.939455,22.981188,19.055471,16.259096,20.66136,21.010244,14.444137,15.951691,20.223297,21.583893,24.121916,21.116377,26.386229,27.693396,27.430794,28.024475,24.782795,28.314377,31.632238,28.518896,27.046713,32.80924,35.294464,36.930153,32.50553,30.41123,35.08779,34.00069,29.38112,32.68824,34.756218,31.966295,29.045683,32.38734,29.253641,32.534077,29.321653,26.1658,26.92098,23.262606,21.271013,20.902542,16.541256,16.802876,17.750994,19.318901,20.70902,25.21167,28.039177,31.610445,32.87907,30.837494,35.59708,33.11028,31.594313,30.141867,26.474876,25.124252,21.348923,23.115738,17.50181,18.474485,19.10989,14.481604,13.356997,8.059557,10.144907,5.5562186,8.945971,7.9805007
5,14.697096,12.128708,8.191364,6.994828,5.5423717,0.0,6.041608,6.6438375,10.215355,12.25666,15.672544,17.985603,21.014395,19.670923,23.836699,18.718697,20.49626,19.429247,22.090023,23.587204,25.197563,28.609566,30.761538,29.887941,29.50057,27.160286,26.558966,26.709524,24.123756,27.82951,22.41131,28.878696,24.781628,27.399422,24.906656,20.736708,19.635355,23.011854,20.461283,16.931261,17.770454,21.108515,17.862309,13.958796,17.980398,20.184235,14.196887,13.8865185,18.59749,18.910023,22.184374,20.748432,25.082102,25.910936,26.680017,27.93901,24.400265,28.3092,31.104181,26.99297,26.096409,31.787245,34.242115,35.3502,30.522987,28.76345,33.817173,32.837635,28.578192,32.372883,34.534374,31.825083,29.19183,33.25025,29.714294,33.575207,30.8269,27.236317,28.857727,24.52416,23.292093,23.04372,18.968798,18.985596,19.014555,21.94532,22.09674,27.42534,29.812027,33.522472,34.703712,32.85056,37.950344,36.23322,34.080143,32.189266,28.711746,26.529299,22.449713,23.24439,17.545889,17.297533,17.523859,12.872854,12.19285,8.240375,11.274255,8.332862,12.264521,12.032935
6,17.258507,13.926049,11.308999,8.371352,5.295017,6.041608,0.0,6.0628114,7.1624923,10.29144,13.4273815,15.49487,17.89147,15.862368,18.972843,13.752108,14.81258,13.82879,16.055452,17.89619,19.61273,22.959856,25.600283,24.528229,23.950203,21.436537,21.307785,21.385963,19.361242,23.09733,18.636683,25.442755,22.196148,25.38981,22.458195,17.961956,18.094864,21.81595,18.456514,14.736817,17.399603,20.022703,15.941946,13.534501,18.406998,19.336092,13.497953,15.087405,19.703657,20.46482,22.37222,20.656439,25.710096,26.255175,26.04559,26.278666,22.446186,25.816317,29.47031,26.06298,23.8327,29.68962,31.746296,33.54632,28.985888,26.48827,31.021688,29.604988,25.274773,29.128695,30.703388,27.638659,25.248217,29.071188,26.146051,29.86313,26.951109,23.926653,25.622084,22.075144,20.856108,21.47546,16.923864,15.91943,15.547865,17.835457,17.586237,22.512993,24.749681,28.494816,29.374369,27.234337,32.18186,30.324417,28.080633,26.255112,22.732395,20.767162,16.80652,18.16485,12.420571,13.336171,14.33483,9.914721,8.227401,4.3579593,5.478064,3.1539886,7.5092955,9.256633
7,20.83562,18.108315,14.229397,12.657637,9.937372,6.6438375,6.0628114,0.0,4.851428,5.613938,9.26776,11.343468,14.489841,13.28945,18.16588,13.75691,16.213484,16.2819,19.44084,21.745552,24.276407,27.549608,30.635063,28.68655,27.49734,24.616665,23.56392,22.75074,19.981874,22.939754,17.784498,23.64625,18.995535,22.310972,20.515879,16.09932,15.09898,19.498487,17.466097,13.661133,15.175371,19.712183,16.473806,13.183717,17.597956,20.677193,15.868893,15.67873,20.581108,20.05637,22.457859,22.693245,26.678509,26.508802,27.348034,28.089504,23.872131,27.439499,30.654623,26.20081,24.259521,29.964073,31.722473,33.04384,28.026897,25.681177,30.448532,28.908812,25.261976,29.86705,31.175219,28.028189,26.356981,30.987526,27.906239,32.235714,29.888494,26.644648,29.286074,25.321,24.888258,25.707466,21.44561,20.155722,18.782463,22.17989,20.437122,25.940306,27.470135,31.308527,31.83057,29.741974,34.85333,33.786934,30.612389,28.269352,24.920416,22.016743,18.170994,17.685383,12.427517,11.060048,11.153571,6.794519,6.3525167,5.681891,8.678915,9.066942,12.998995,14.96239
8,23.990913,20.772358,17.675901,14.818943,12.240908,10.215355,7.1624923,4.851428,0.0,4.82299,6.5147324,9.340281,11.375531,10.24507,14.077326,9.234964,12.271958,12.19484,16.371208,18.23253,21.41726,24.655375,27.880684,25.130062,23.59784,20.656902,19.089886,18.124043,15.169671,18.168726,13.010599,19.131271,15.168925,18.564655,16.31226,11.721905,11.601557,16.094786,13.605483,9.752241,12.57492,16.624315,13.141876,11.070244,15.749048,18.27264,14.396871,15.011086,19.603163,19.131886,20.392342,21.086878,25.1008,24.488714,24.860632,25.019619,20.554773,23.752296,27.328583,23.16257,20.396612,26.09295,27.543575,29.19465,24.335005,21.564577,26.054192,24.32278,20.707382,25.455124,26.465876,23.218803,21.75459,26.496672,23.650972,28.088612,25.94637,22.949211,26.076483,22.471277,22.548634,24.087543,19.906301,17.789522,15.577846,19.206472,16.411077,21.971828,23.112185,26.949356,27.347565,25.391293,30.620905,30.095556,26.833925,24.381144,21.475222,18.26116,14.005064,14.053687,8.433938,8.1344,9.73419,6.6218553,4.0264115,7.389433,6.299468,9.017087,11.656628,14.723398
9,26.246475,23.462587,19.669258,17.972643,15.019544,12.25666,10.29144,5.613938,4.82299,0.0,4.335926,5.7303476,9.075772,8.232412,14.032741,10.98987,14.087424,15.414404,18.8178,21.676685,24.881227,27.878454,31.61632,28.809359,26.94783,23.703241,22.23211,20.458252,17.628468,19.554764,14.985628,19.786764,14.5773325,18.657835,17.785032,13.417577,12.64533,17.816513,16.525135,12.931347,14.911762,20.085325,17.186285,14.864581,19.01835,22.531889,18.955908,18.846792,23.505058,22.428679,24.0174,25.482643,29.032654,28.110355,28.974987,29.282639,24.713299,27.815495,31.249727,26.682943,23.928576,29.381002,30.434542,31.9081,26.885939,24.076675,28.379204,26.323868,23.45533,28.667398,29.11181,25.63148,24.996746,30.000446,27.44481,32.039753,30.134142,27.312336,30.68883,27.16534,27.358822,28.892351,24.695087,22.59068,20.259706,23.797323,20.575493,25.906984,26.575016,30.386341,30.27671,28.043026,33.02714,32.631447,28.570135,25.836523,22.775824,19.199936,15.854606,13.767687,9.657943,6.473792,6.316038,3.8676622,4.2248273,8.493767,10.00503,12.718439,15.898318,18.938793
10,29.947735,26.960522,23.419724,21.126247,18.442291,15.672544,13.4273815,9.26776,6.5147324,4.335926,0.0,3.915047,5.8107877,6.5147586,11.844023,9.535047,13.514205,14.941769,19.265217,21.597538,25.3985,28.286345,32.054455,28.422586,26.1786,22.94196,20.652548,18.473461,15.216792,16.54366,11.787649,15.755152,10.252305,14.462201,14.044282,9.965913,9.268292,14.648636,13.987252,10.900617,12.951269,18.249586,15.903963,14.383816,18.007185,21.770458,19.44454,19.24296,23.481869,22.018938,22.87379,25.362123,28.371052,26.871126,27.8023,27.907547,23.214582,25.99067,29.339106,24.685736,21.58665,26.701221,27.336496,28.776897,23.802794,20.839066,24.889973,22.687399,20.358126,25.858742,25.95561,22.50853,22.42895,27.725079,25.325167,30.120827,28.691816,26.024588,29.999239,26.643454,27.46539,29.456024,25.560545,22.989094,19.946882,23.872364,19.608442,24.94765,25.022161,28.721073,28.428503,26.478603,31.527174,31.956831,27.658371,24.718678,22.309967,18.238775,14.806684,12.4309845,9.113454,5.935443,6.9461274,7.230055,6.578254,12.267161,11.812047,15.375653,17.734514,21.138065
11,31.823143,29.000975,25.287798,23.512264,20.460304,17.985603,15.49487,11.343468,9.340281,5.7303476,3.915047,0.0,4.0747385,4.524009,11.102946,10.644582,13.927991,16.450485,19.73859,22.938108,26.605272,29.211323,33.44765,29.913895,27.45478,23.992607,22.177946,19.436367,16.79031,17.2348,13.925339,16.84474,11.219922,16.142384,16.546148,12.778429,12.475222,17.849615,17.450409,14.543931,16.724998,21.972864,19.580133,18.267065,21.910006,25.553091,23.075527,23.058792,27.364405,25.915918,26.749784,29.15362,32.267395,30.728289,31.565289,31.455795,26.739374,29.267462,32.810623,28.31834,24.883057,29.843868,30.117193,31.722559,26.890667,23.70132,27.273567,24.692572,22.860188,28.487522,27.954031,24.221989,24.789486,29.969318,28.06826,32.759342,31.344471,29.038507,32.972843,29.962961,30.674623,32.760307,28.708086,26.032234,23.039633,26.500235,22.133188,26.990013,26.754814,30.387396,29.599785,27.282185,31.952639,32.291355,27.39357,24.322351,21.756174,17.615597,15.227421,11.214008,9.662187,4.8512936,4.235893,6.8907347,7.6643586,13.287541,13.713153,17.485739,20.001528,23.625914
12,34.80554,31.739552,28.37882,26.040724,23.095104,21.014395,17.89147,14.489841,11.375531,9.075772,5.8107877,4.0747385,0.0,3.666385,8.289813,9.353045,12.776214,15.532311,19.148014,21.971601,26.010433,28.386444,32.69797,28.549519,25.753708,22.318338,20.066711,16.881865,14.306502,13.880819,11.489223,13.316184,8.259244,13.611443,14.259595,11.010622,11.645932,16.673004,16.413534,14.128002,16.817577,21.42492,19.276686,18.972944,22.325375,25.528116,23.916555,24.26199,28.174011,26.736177,26.763067,29.545692,32.46982,30.58771,31.127787,30.57637,25.861395,27.876926,31.547562,27.400599,23.383785,27.96778,27.748589,29.5866,25.064257,21.551596,24.519371,21.632322,20.347841,26.063288,24.945484,21.120306,22.359959,27.52903,26.082865,30.735315,29.669264,27.76222,32.022785,29.461916,30.569841,33.091267,29.255331,26.156408,22.714767,26.089878,20.983046,25.445263,24.621796,28.069118,26.970776,24.793362,29.343182,30.33632,25.219828,22.014471,20.091133,15.639051,13.530035,9.230198,9.170624,5.6365123,6.741585,10.105016,9.90681,16.091614,15.008261,19.386776,21.139809,25.115839
13,32.731514,29.645464,26.473995,24.207352,21.02879,19.670923,15.862368,13.28945,10.24507,8.232412,6.5147586,4.524009,3.666385,0.0,6.8441796,7.6070747,10.175901,13.461394,16.1788,19.656322,23.371721,25.685555,30.20591,26.526209,23.860895,20.29051,18.85897,15.784427,13.864136,13.952873,12.251135,15.329842,11.317406,16.608988,16.338154,12.517995,13.719859,18.786114,17.569956,14.8229065,18.246977,22.391903,19.549692,19.28202,23.230816,25.722,23.3638,24.313951,28.433258,27.494215,27.610758,29.46081,33.021214,31.533852,31.637127,30.857006,26.173357,28.194511,32.25834,28.505707,24.241152,29.16055,29.145061,31.327705,26.90188,23.202257,26.167414,23.227133,21.374413,26.857336,25.77047,21.725311,22.620455,27.434961,26.166922,30.57287,29.088564,27.344574,31.165766,28.841564,29.517809,31.980917,27.896784,24.828829,21.73441,24.520788,19.899788,24.07209,23.537924,27.07755,25.930931,23.34579,27.776842,28.096554,22.981966,19.877401,17.386097,13.172509,11.296098,6.696527,6.5307484,2.5832367,4.4357386,7.920962,7.705596,13.657476,12.664258,17.15298,18.89917,23.024305
14,35.926773,32.466347,30.158175,27.011835,24.090097,23.836699,18.972843,18.16588,14.077326,14.032741,11.844023,11.102946,8.289813,6.8441796,0.0,6.050629,6.9233394,10.598729,13.074859,15.8407345,19.907288,21.670938,26.2982,21.859114,18.718704,15.204018,13.70494,9.930725,9.306162,8.236434,10.011135,12.479703,11.936331,16.658443,15.461899,12.461362,15.499727,19.414246,17.440851,15.593827,20.12025,22.413877,19.498043,20.954517,24.710138,25.624853,24.209637,26.226938,29.685043,29.27216,28.138325,29.63895,33.35658,31.743359,30.881145,29.120962,24.682613,25.699265,30.266378,27.69867,22.37701,26.787941,26.188026,29.112839,25.521992,21.267448,23.033972,19.67777,18.109173,23.138887,21.118093,16.788233,18.421993,22.596289,22.413744,26.32245,25.072641,24.300653,28.147469,26.955502,27.929329,31.041454,27.307566,23.646156,20.225891,22.140482,16.824158,19.681229,18.301285,21.506897,19.782751,17.118706,21.294012,22.299112,16.99263,13.758783,12.315778,7.721772,6.6464076,2.959248,6.5953918,7.9998345,10.858231,13.554449,12.072436,17.589674,14.227065,19.180624,19.367977,23.895905
15,30.72356,27.123379,25.05016,21.450645,18.830137,18.718697,13.752108,13.75691,9.234964,10.98987,9.535047,10.644582,9.353045,7.6070747,6.050629,0.0,4.6009254,6.1864996,10.846829,12.71344,16.897263,19.459522,23.462276,19.38311,16.86361,13.503346,11.7095175,9.507585,7.4523506,9.732233,7.7598443,13.528823,12.417948,16.450354,13.76261,9.694953,12.656346,16.53783,13.464117,10.92414,15.914759,17.879452,14.329345,15.552646,19.737059,20.291521,18.277199,20.53668,24.097672,24.044832,23.19027,24.014296,28.12122,26.933434,26.006788,24.551285,20.050686,21.70665,26.282795,23.544617,18.65888,23.804165,24.112055,26.870512,22.912193,18.953732,21.832996,19.162458,16.115334,20.962479,20.355886,16.378698,16.21869,20.621675,19.343351,23.474579,21.6827,20.123785,23.738934,21.880003,22.58364,25.426966,21.557587,18.074045,14.801624,17.216377,12.377114,16.522457,16.317242,20.014622,19.44151,17.142546,22.173656,22.46736,18.514143,15.780217,13.70697,9.912978,5.463389,6.751373,2.719265,6.914913,10.56274,11.027489,8.290465,13.3824415,8.817465,13.729526,13.767196,18.190567
16,30.8309,27.208323,25.683214,22.121122,19.391262,20.49626,14.81258,16.213484,12.271958,14.087424,13.514205,13.927991,12.776214,10.175901,6.9233394,4.6009254,0.0,4.6899285,6.6059365,9.663639,13.435536,15.622858,20.150501,16.529348,14.014473,10.397037,10.454751,8.443519,8.718336,10.786788,11.318369,16.621918,16.528893,20.586521,17.715925,13.977055,17.187801,20.764328,17.22996,14.837947,20.064169,21.218716,17.28982,18.867786,23.258163,22.718452,20.248335,23.325409,26.778234,27.31324,26.2883,26.03717,30.71359,29.899559,28.306616,26.332434,22.162703,23.367193,28.361034,26.481525,21.270294,26.27827,26.511345,29.714571,26.229681,22.129097,24.411871,21.628992,18.50064,22.65755,21.675438,17.585957,17.414206,20.81077,20.325365,23.737856,21.546791,20.71918,23.586273,22.602207,22.7891,25.71263,21.749264,18.221762,15.564941,16.441437,12.418177,15.093404,14.985432,18.53754,17.60515,14.616644,19.19977,18.635252,14.632426,12.121639,9.4349375,6.355477,2.243825,6.239176,4.509231,9.365762,12.571101,12.954467,10.514903,14.185566,9.454748,14.078239,13.38401,17.97092
17,29.09998,25.265495,24.340942,20.05872,17.956732,19.429247,13.82879,16.2819,12.19484,15.414404,14.941769,16.450485,15.532311,13.461394,10.598729,6.1864996,4.6899285,0.0,6.7508497,6.712976,10.980659,13.781544,17.384918,13.5538225,11.540764,8.464363,7.9154687,7.908249,7.6293383,11.519067,10.6996,17.102875,17.6941,20.80026,16.888592,13.321179,16.654213,19.36579,15.026523,12.887935,18.290592,18.197577,14.005806,16.184881,20.458193,18.837933,16.533205,20.207602,23.224047,24.25297,22.878948,21.93845,26.843346,26.31204,24.268105,22.134058,18.181442,19.398077,24.482937,23.070839,17.992294,23.140469,23.870821,27.11365,23.823994,19.968563,22.511147,20.28206,16.293118,19.784239,19.69804,16.090813,14.607635,17.719217,16.709133,19.993563,17.460608,16.363323,19.01222,17.982233,18.127077,21.157417,17.367311,13.680558,11.024101,11.829817,7.9625382,11.24864,12.024857,15.798299,15.867236,13.556856,18.711405,18.117172,15.691082,13.808833,11.81109,9.845052,4.9733934,10.686207,7.1235795,12.298069,15.688494,14.9616585,11.849296,14.611063,8.458829,12.401096,10.50323,14.908863
18,29.371729,25.770903,25.335724,21.73909,19.31009,22.090023,16.055452,19.44084,16.371208,18.8178,19.265217,19.73859,19.148014,16.1788,13.074859,10.846829,6.6059365,6.7508497,0.0,6.0134954,7.8239927,9.72167,14.641498,12.639432,11.082275,7.9889045,11.27583,11.1821165,13.114232,15.6654625,16.881027,22.447329,23.019522,26.757915,23.29171,19.676903,22.897427,26.009502,21.762894,19.424799,24.726099,24.782969,20.425886,22.175371,26.720407,24.698086,21.514027,25.565742,28.735994,30.17024,29.104769,27.137928,32.563717,32.47263,30.05943,27.665047,24.148842,25.035482,30.294662,29.48146,24.388897,29.307846,29.879875,33.39888,30.41064,26.467924,28.482841,26.015379,22.379223,25.35868,24.683355,20.977373,19.967295,21.853304,21.857395,24.141928,21.221838,21.049362,22.423243,22.410845,21.634188,24.328724,20.39878,17.242012,15.968705,14.589336,12.992762,13.641,14.562225,17.681253,17.046429,13.6602745,17.389627,14.771957,12.308713,11.15713,7.7199655,8.299903,7.055299,11.751644,10.327968,14.944364,17.586058,16.984205,14.694574,15.8599205,11.229733,14.243807,12.307062,16.403023
19,30.333466,26.493465,26.782412,22.312891,20.742613,23.587204,17.89619,21.745552,18.23253,21.676685,21.597538,22.938108,21.971601,19.656322,15.8407345,12.71344,9.663639,6.712976,6.0134954,0.0,4.7772403,7.3664784,10.778454,7.364741,6.2625756,4.3337693,7.659404,9.8582945,11.872374,15.341636,16.286692,22.056108,23.888577,26.574572,22.250511,19.318874,22.853819,24.794668,20.044813,18.49365,23.794115,22.211927,18.064917,20.857237,24.821672,21.39656,19.209183,23.849493,26.138475,28.052258,26.170677,23.666588,29.03429,29.07636,25.943506,23.011358,20.065062,20.355694,25.696516,25.900774,20.789,25.295597,26.077366,29.775148,27.41754,23.717642,25.407297,23.472942,19.375914,21.218414,21.120905,18.080353,16.0501,16.968594,17.048397,18.68869,15.527473,15.778866,16.734903,17.504082,16.913874,20.057325,16.803446,13.3172035,12.126465,9.656462,8.588077,7.839987,9.614953,12.6673355,13.108297,10.698824,15.04464,13.027471,12.851842,12.427786,11.057594,11.741859,9.217673,15.542078,13.337378,18.504488,21.661442,20.730232,17.805332,19.052189,13.15734,15.543906,12.16229,15.682916
20,29.600105,25.935055,26.967077,22.758295,21.44555,25.197563,19.61273,24.276407,21.41726,24.881227,25.3985,26.605272,26.010433,23.371721,19.907288,16.897263,13.435536,10.980659,7.8239927,4.7772403,0.0,3.5903199,6.9739738,6.8723807,7.803745,7.540918,11.989865,14.351132,16.646217,19.954088,21.004086,26.823318,28.51215,31.292076,26.917278,23.878435,27.22267,29.186398,24.293112,22.59919,27.736969,25.952356,21.694792,24.155642,28.185753,24.218739,21.421211,26.367638,28.534561,30.924606,29.286032,25.714548,31.452833,32.022957,28.572178,25.616617,23.2163,23.453747,28.667719,29.369122,24.646736,29.026703,30.038185,33.744823,31.58901,28.086365,29.732653,27.976238,23.791712,25.062172,25.172987,22.418194,20.138988,20.171844,20.451305,21.236195,17.711285,18.312105,17.853916,19.235033,17.746805,20.353487,17.271788,14.572508,14.778604,10.810123,12.307168,10.309074,12.740526,14.94527,15.597929,13.221109,16.256695,12.475645,13.8998785,14.4454365,12.791452,14.800491,13.291233,19.144535,17.040535,22.003107,24.829866,23.495016,20.814766,20.801796,15.629145,16.887892,13.223605,15.84967
21,32.45283,28.907534,30.103828,26.080313,24.727102,28.609566,22.959856,27.549608,24.655375,27.878454,28.286345,29.211323,28.386444,25.685555,21.670938,19.459522,15.622858,13.781544,9.72167,7.3664784,3.5903199,0.0,5.559859,6.6519136,7.8666987,8.399224,13.545153,15.751868,18.74569,21.471624,23.494474,28.774597,30.919394,33.749268,29.485584,26.657913,30.201,32.111763,27.295858,25.774078,30.997656,29.065956,24.93838,27.61304,31.556982,27.416424,24.905684,29.891266,31.919998,34.347733,32.489357,28.904478,34.55599,35.088993,31.41665,28.171446,26.01335,25.80608,31.044506,32.189293,27.26231,31.2765,32.00275,35.90629,34.09607,30.497202,31.626453,29.758701,25.907118,26.843042,26.490461,23.811779,21.943901,21.288784,22.32109,22.51618,19.180222,20.513077,19.736757,21.87218,20.441122,23.079477,20.359327,17.763432,17.990807,13.712322,15.079879,11.85386,13.662406,15.111789,15.305715,12.805565,14.606145,9.849594,12.409728,13.749253,12.66071,15.605992,15.19607,20.811926,19.596788,24.50555,27.26742,26.285778,23.7622,23.85238,18.9074,20.279255,16.732107,19.221746
22,33.034443,29.550459,31.535257,27.235506,26.622032,30.761538,25.600283,30.635063,27.880684,31.61632,32.054455,33.44765,32.69797,30.20591,26.2982,23.462276,20.150501,17.384918,14.641498,10.778454,6.9739738,5.559859,0.0,6.5923915,9.823487,11.925181,16.102043,19.267405,21.88829,25.05086,26.506227,31.93875,34.46641,36.68675,31.973925,29.486515,32.9277,34.141174,29.10584,27.970076,32.876923,29.945993,26.082788,28.99486,32.463047,27.314196,25.211536,30.457207,31.752953,34.694416,32.561775,28.084286,33.685547,34.65652,30.455036,27.028578,25.763296,25.203838,30.094786,32.15495,27.777603,31.316174,32.40235,36.225685,34.93572,31.790636,32.80538,31.515005,27.392958,27.246988,27.610912,25.69657,23.017372,21.308554,22.24563,21.398823,17.855791,19.541111,17.344517,20.355474,18.523245,20.852783,19.085863,17.142029,18.314852,13.051392,16.254173,12.106024,14.739738,15.344651,16.69148,15.433346,16.840872,12.5065,16.85708,18.516603,18.03678,20.752872,19.69361,25.732323,23.862402,28.903631,31.79099,30.365072,27.615314,27.234026,22.104263,22.63742,18.546926,19.96429
23,34.97354,31.180622,32.347412,27.607906,26.70076,29.887941,24.528229,28.68655,25.130062,28.809359,28.422586,29.913895,28.549519,26.526209,21.859114,19.38311,16.529348,13.5538225,12.639432,7.364741,6.8723807,6.6519136,6.5923915,0.0,3.6971393,6.7783833,10.044421,13.52627,16.282606,19.209396,21.165764,26.001417,29.255686,31.119055,26.442228,24.471367,28.244413,29.105495,24.284714,23.656033,28.699446,25.57723,22.059591,25.690521,28.866772,23.992334,23.05053,28.062975,29.269648,31.70608,28.943682,25.742228,30.813108,31.066793,26.960148,23.177298,21.517076,20.482868,25.648216,27.644789,22.62669,25.902107,26.519485,30.536263,29.41212,26.041756,26.603321,25.171404,21.346298,21.24884,21.153347,19.201502,16.836996,15.175497,16.614155,16.128447,12.980563,15.129733,14.492296,17.569536,17.03521,20.380354,18.573689,15.490928,15.098495,10.8206625,11.531606,6.329996,8.205666,9.034223,10.417241,9.524231,12.202442,10.095686,13.534815,14.627755,15.149178,16.99492,15.524594,21.899996,20.402088,25.604025,28.867777,28.059752,25.056576,26.133263,20.165634,21.884884,17.871252,20.296421
24,36.020412,32.16383,32.766937,28.083382,26.792456,29.50057,23.950203,27.49734,23.59784,26.94783,26.1786,27.45478,25.753708,23.860895,18.718704,16.86361,14.014473,11.540764,11.082275,6.2625756,7.803745,7.8666987,9.823487,3.6971393,0.0,3.6954916,7.0384436,10.107186,13.32662,15.788841,18.48347,22.865202,26.335299,28.349567,23.944548,22.070635,26.050276,27.100649,22.53671,21.958168,27.172712,24.49921,21.061365,24.817043,28.05801,23.84852,23.166883,27.881832,29.368639,31.357582,28.51667,26.241781,31.063139,30.85249,27.084023,23.325417,21.125633,20.076992,25.40403,26.917894,21.411268,24.738825,24.920238,29.047014,27.768402,24.072489,24.423355,22.591576,19.126379,19.640425,18.835514,16.411991,14.805781,13.788072,15.58765,15.829644,13.19746,15.262372,15.927552,18.473804,18.543264,22.167156,20.017424,16.459427,15.085084,11.957292,10.535424,5.8729463,6.0114174,7.5454597,7.825363,6.1608543,9.873621,8.964048,10.896915,11.515792,12.488905,13.931326,12.678501,18.937021,18.062815,23.205564,26.54518,26.2506,23.296328,25.174707,19.104244,21.61251,17.994913,21.09434
25,34.617405,30.769497,30.875252,26.405346,24.718094,27.160286,21.436537,24.616665,20.656902,23.703241,22.94196,23.992607,22.318338,20.29051,15.204018,13.503346,10.397037,8.464363,7.9889045,4.3337693,7.540918,8.399224,11.925181,6.7783833,3.6954916,0.0,5.498847,7.4861755,10.844927,13.27656,16.00995,20.615019,23.517656,26.036491,21.92677,19.63102,23.596611,25.243671,20.823511,19.836136,25.219704,23.41153,19.737392,23.127056,26.729725,23.358564,22.195116,26.640942,28.668827,30.313713,27.857405,26.097782,30.981823,30.579342,27.318556,23.941208,21.085384,20.607779,26.018883,26.637014,20.972237,24.838373,24.954779,28.962597,27.09602,23.145113,23.91909,21.69698,18.27459,19.884975,18.82565,15.704848,14.6058655,14.98423,16.24923,17.563643,15.038426,16.268538,17.741682,19.2807,19.393251,22.944332,20.164764,16.419464,14.551128,12.393764,9.80019,7.379813,7.15794,9.811249,9.256488,6.4113364,10.934708,10.07102,9.633078,9.31397,9.534454,10.435743,9.047152,15.281977,14.571892,19.664265,22.96158,22.869606,20.026297,22.249933,16.321138,19.35768,16.224403,19.877344
26,35.682026,31.734526,31.402485,26.639282,25.115513,26.558966,21.307785,23.56392,19.089886,22.23211,20.652548,22.177946,20.066711,18.85897,13.70494,11.7095175,10.454751,7.9154687,11.27583,7.659404,11.989865,13.545153,16.102043,10.044421,7.0384436,5.498847,0.0,4.306798,6.474695,9.440243,11.616752,15.962558,19.543789,21.322151,16.982903,15.350447,19.490719,20.475155,16.273113,15.993932,21.192917,19.03449,15.947585,19.931095,22.948225,19.9123,20.011728,23.954079,25.661203,26.851109,23.900688,23.324675,27.491657,26.52897,23.532078,20.165829,17.010464,16.346514,21.679413,22.013445,16.043917,19.74541,19.649708,23.631998,21.765013,17.742422,18.449556,16.272146,12.791406,14.731559,13.706367,10.496998,9.311954,10.856,11.713878,14.047971,12.260316,13.025106,16.045202,16.944477,18.15046,22.041134,19.583738,15.485843,12.380159,12.115726,6.9495487,6.4636865,4.702326,8.321443,8.291859,7.183607,12.824597,14.332343,13.199725,11.962146,12.8052635,11.742896,8.80076,14.813555,13.669357,18.535402,22.129568,22.274685,19.184052,22.472757,16.1539,19.636547,16.790169,20.510254
27,36.9563,33.088535,32.153683,27.771494,25.764204,26.709524,21.385963,22.75074,18.124043,20.458252,18.473461,19.436367,16.881865,15.784427,9.930725,9.507585,8.443519,7.908249,11.1821165,9.8582945,14.351132,15.751868,19.267405,13.52627,10.107186,7.4861755,4.306798,0.0,4.5308075,5.799289,9.814936,13.268701,16.71959,19.152603,15.618835,13.870586,18.123537,19.80257,16.288473,15.767641,20.989637,20.055426,17.117508,20.640347,23.827896,22.027512,21.93632,25.314064,27.514841,28.13162,25.496983,25.85061,29.759409,28.40791,26.045612,23.04831,19.418806,19.072678,24.192787,23.67676,17.56816,21.308613,20.688227,24.52642,22.269022,17.913492,18.524197,15.633723,13.084305,16.276125,14.236187,10.185274,10.905323,13.549758,14.492467,17.403416,16.155018,16.613426,20.12534,20.474802,21.784746,25.55216,22.720491,18.621487,15.177889,15.735571,10.08428,10.757356,8.514406,11.57885,10.174931,8.202276,13.4250765,15.401876,12.328107,10.1357975,10.998863,8.759529,6.366569,11.313045,11.526515,15.9170475,19.435,20.3987,17.634792,21.797878,15.999867,20.221489,18.18687,22.366451
28,35.46046,31.61052,30.28896,25.86426,23.981405,24.123756,19.361242,19.981874,15.169671,17.628468,15.216792,16.79031,14.306502,13.864136,9.306162,7.4523506,8.718336,7.6293383,13.114232,11.872374,16.646217,18.74569,21.88829,16.282606,13.32662,10.844927,6.474695,4.5308075,0.0,4.939019,5.399774,10.204132,13.073556,15.192094,11.31875,9.41177,13.687033,15.308317,11.893756,11.478884,16.567469,16.022022,13.333514,16.758408,19.735392,18.7428,19.007107,21.774553,24.038984,24.225107,21.717031,22.926134,26.42676,24.795618,23.022617,20.56932,16.481375,16.767637,21.57825,20.121038,14.198803,18.414513,18.078966,21.494335,18.57898,14.234892,15.812724,13.064634,10.021133,14.327529,13.123071,9.108799,9.293064,13.61649,13.113715,17.099192,16.073618,15.38119,19.665071,18.872387,20.582048,24.201218,21.339264,17.305033,13.294383,15.4553585,9.061806,12.101671,10.568988,13.929589,13.459828,12.332335,17.723286,19.725063,16.750807,14.36933,14.49602,11.353206,7.365827,11.325849,10.053131,13.967493,17.596191,18.333347,15.407578,20.074512,14.325824,18.61062,17.069456,21.142956
29,39.703823,35.92777,34.29097,30.170597,27.99305,27.82951,23.09733,22.939754,18.168726,19.554764,16.54366,17.2348,13.880819,13.952873,8.236434,9.732233,10.786788,11.519067,15.6654625,15.341636,19.954088,21.471624,25.05086,19.209396,15.788841,13.27656,9.440243,5.799289,4.939019,0.0,7.264395,7.934496,12.073259,14.423011,12.016519,11.163028,15.306742,17.005552,14.875588,14.848248,19.390177,19.48706,17.487635,20.7085,23.34676,23.040733,23.68798,26.031645,28.30427,28.04617,25.443968,27.441664,30.447832,28.39135,26.896975,24.388475,20.428291,20.242836,24.734083,23.253838,17.263395,20.550018,19.240503,22.658329,20.108551,15.619418,15.9803505,12.464175,11.478868,15.93892,13.110877,8.745027,11.484576,15.473098,16.049898,19.737541,19.429903,19.371037,23.803452,23.411882,25.337229,29.04396,26.26937,22.218971,18.195944,20.140495,13.77238,15.69333,13.075942,15.693597,14.044023,12.822866,17.37811,20.37831,16.361132,13.601029,14.599714,11.0347595,9.078537,10.7856045,12.050294,14.905379,18.221546,20.137016,17.7638,23.108252,18.024483,22.667557,21.517242,25.764812
30,35.172653,31.473993,29.503576,25.341301,23.506533,22.41131,18.636683,17.784498,13.010599,14.985628,11.787649,13.925339,11.489223,12.251135,10.011135,7.7598443,11.318369,10.6996,16.881027,16.286692,21.004086,23.494474,26.506227,21.165764,18.48347,16.00995,11.616752,9.814936,5.399774,7.264395,0.0,7.321767,8.454971,10.289312,6.4941783,4.139759,8.458854,10.423873,8.014117,7.7423835,12.141403,13.050894,11.182786,13.845357,16.365177,17.225618,17.893705,19.390392,21.848623,21.151287,19.067896,21.798012,24.49413,22.37005,21.733074,20.242182,15.734737,16.889734,20.864252,17.890478,12.708122,17.153414,16.983677,19.525906,15.646488,11.509035,14.34533,11.806875,9.146483,14.685126,14.219455,10.777789,11.021117,16.463066,14.709245,19.480034,18.887451,17.111618,21.961098,19.914,21.975885,25.21307,22.354559,18.675264,14.397187,18.121244,11.877452,16.392946,15.296859,18.558638,18.431675,17.659885,22.98179,25.10075,21.803225,19.152246,18.813429,14.986332,10.791321,12.453693,10.333155,12.567409,15.927397,16.716896,14.008604,19.353518,14.462407,18.666534,18.123722,21.926414
31,42.22222,38.602013,36.340015,32.418003,30.470797,28.878696,25.442755,23.64625,19.131271,19.786764,15.755152,16.84474,13.316184,15.329842,12.479703,13.528823,16.621918,17.102875,22.447329,22.056108,26.823318,28.774597,31.93875,26.001417,22.865202,20.615019,15.962558,13.268701,10.204132,7.934496,7.321767,0.0,6.9852834,7.165808,6.8085012,8.597081,11.458547,12.141696,12.552127,13.665829,16.271128,17.381826,17.135855,19.778149,21.091755,22.667025,24.538416,25.354116,27.305803,25.919275,23.378418,27.486649,29.008429,26.110191,25.913881,24.345715,20.313643,20.526428,23.69476,20.856394,15.902104,18.337395,16.596466,18.820358,15.742908,11.761036,12.439149,9.036274,10.186556,15.553747,13.278868,10.309831,13.360081,18.435616,17.793703,22.221928,22.831089,21.814758,27.053036,25.558823,28.194536,31.626957,29.211052,25.48082,21.081146,24.59226,18.03914,21.32755,18.989368,21.37773,20.412428,20.15034,24.63564,28.149061,24.239515,21.414156,22.17166,18.128344,15.603681,15.430463,15.833606,16.732273,19.491854,21.637878,19.644257,25.602438,21.354519,25.759071,25.396782,29.24768
32,38.99113,35.68617,32.682484,29.499968,27.301184,24.781628,22.196148,18.995535,15.168925,14.5773325,10.252305,11.219922,8.259244,11.317406,11.936331,12.417948,16.528893,17.6941,23.019522,23.888577,28.51215,30.919394,34.46641,29.255686,26.335299,23.517656,19.543789,16.71959,13.073556,12.073259,8.454971,6.9852834,0.0,5.454934,7.5302515,7.0045514,7.6008077,10.766294,12.228994,11.941641,13.534031,17.350487,16.85835,17.650877,19.373955,22.832314,23.467812,23.284748,26.106462,24.109198,23.02297,27.438147,29.036215,26.312824,27.170145,26.64443,22.165585,23.673468,26.564098,22.275518,18.45096,21.948553,21.181358,22.534592,18.212027,14.950852,17.57652,14.942781,14.854289,20.633852,19.54951,16.52954,18.27935,23.822296,22.161247,27.035187,26.97617,25.019114,30.07208,27.483248,29.626793,32.479214,29.498428,26.200695,22.073349,26.244068,20.2429,24.786123,23.349133,26.368008,25.620752,24.634405,29.421638,31.87538,27.425085,24.319096,23.782633,19.287682,16.41192,14.398427,13.932462,12.784417,14.729425,16.953043,15.675721,21.81275,19.107475,23.323036,24.175112,27.882124
33,41.520782,38.183334,35.384842,31.880762,30.198109,27.399422,25.38981,22.310972,18.564655,18.657835,14.462201,16.142384,13.611443,16.608988,16.658443,16.450354,20.586521,20.80026,26.757915,26.574572,31.292076,33.749268,36.68675,31.119055,28.349567,26.036491,21.322151,19.152603,15.192094,14.423011,10.289312,7.165808,5.454934,0.0,5.456286,8.183932,7.9376874,8.043973,11.25902,12.584819,12.682778,15.595484,16.5813,17.80477,18.085201,21.753168,23.855637,23.134861,25.066204,22.669144,20.963665,26.481083,26.952944,23.69311,24.963366,24.697727,20.62819,21.860819,23.832668,19.358225,16.276001,18.680925,17.6776,18.284016,14.084367,11.568634,14.095662,12.23252,13.086004,18.400162,17.813133,15.896164,17.515373,23.030148,21.012642,25.877638,26.49458,24.381487,29.741531,27.017248,29.743326,32.591072,30.26699,27.102835,22.84109,27.433481,21.395466,25.921696,24.374092,27.019106,26.722185,26.559502,31.394854,34.484512,30.656975,27.748343,27.768932,23.467358,20.228844,19.322794,18.355505,17.81211,19.853567,21.512999,19.942307,25.724215,22.577938,26.374676,26.853748,30.154852
34,38.29748,34.758095,32.51567,28.45882,27.069887,24.906656,22.458195,20.515879,16.31226,17.785032,14.044282,16.546148,14.259595,16.338154,15.461899,13.76261,17.715925,16.888592,23.29171,22.250511,26.917278,29.485584,31.973925,26.442228,23.944548,21.92677,16.982903,15.618835,11.31875,12.016519,6.4941783,6.8085012,7.5302515,5.456286,0.0,4.6886516,6.355841,5.426097,6.4836955,8.500423,9.883248,11.099222,11.720252,13.985451,14.535231,16.949945,19.33286,19.35232,21.035831,19.305962,16.93974,21.77552,22.780172,19.788507,20.3024,19.635769,15.429753,16.669533,19.156683,15.085792,11.2063465,14.464052,14.066403,15.381118,10.942421,7.536106,11.159812,9.525217,8.428849,13.947697,14.209833,12.277326,12.699531,18.359375,15.880776,20.872168,21.23991,18.958296,24.294956,21.615038,24.39305,27.370117,25.199308,21.946655,17.627981,22.227577,16.268822,20.943523,19.7506,22.502258,22.75835,22.835794,28.007067,30.835815,27.766293,25.137892,25.168858,21.240944,17.270258,18.09091,16.052689,16.939487,19.691545,20.494604,18.17506,23.496778,19.332718,22.927685,22.744484,25.919538
35,34.230488,30.700443,28.327017,24.41554,22.745388,20.736708,17.961956,16.09932,11.721905,13.417577,9.965913,12.778429,11.010622,12.517995,12.461362,9.694953,13.977055,13.321179,19.676903,19.318874,23.878435,26.657913,29.486515,24.471367,22.070635,19.63102,15.350447,13.870586,9.41177,11.163028,4.139759,8.597081,7.0045514,8.183932,4.6886516,0.0,4.333313,7.0360703,5.7658043,5.33452,8.544761,11.081776,9.939162,11.478811,13.57928,16.043425,16.786184,17.176481,19.797424,18.431667,16.952864,20.645433,22.76539,20.434582,20.753595,20.163116,15.536636,17.488297,20.697172,16.550234,12.530921,17.117407,17.40696,19.075294,14.4308405,10.998701,14.990106,13.098654,10.621724,16.208755,16.612946,13.839052,13.588194,19.249737,16.643368,21.675762,21.158205,18.629375,23.546038,20.595753,22.71263,25.513538,22.688147,19.449902,15.303084,19.86736,14.185576,19.445866,18.836996,22.116371,22.339191,21.697578,27.080177,29.020103,25.737154,23.036783,22.29901,18.327242,13.971751,14.714062,11.768107,12.701328,15.58313,15.984848,13.526163,18.833416,14.801778,18.539228,18.704388,22.084486
36,33.695423,30.422464,27.600317,24.12868,22.624079,19.635355,18.094864,15.09898,11.601557,12.64533,9.268292,12.475222,11.645932,13.719859,15.499727,12.656346,17.187801,16.654213,22.897427,22.853819,27.22267,30.201,32.9277,28.244413,26.050276,23.596611,19.490719,18.123537,13.687033,15.306742,8.458854,11.458547,7.6008077,7.9376874,6.355841,4.333313,0.0,5.40203,6.534669,5.861501,5.97663,10.928703,10.711295,10.50415,11.929345,16.282341,16.899729,15.951314,18.751268,16.581802,16.066544,20.6445,22.091068,19.631645,21.039186,21.408657,16.894976,19.493734,21.865,16.686012,14.18756,18.581932,19.259106,20.00871,14.846119,12.486519,17.120495,15.818616,13.726244,19.03527,20.01238,17.704317,17.217901,22.88516,19.751198,24.846453,24.367134,21.31318,26.122879,22.455961,24.50034,26.793379,24.016327,21.307606,17.49721,22.541681,17.498158,23.153833,22.892078,26.183113,26.600943,25.981705,31.390564,33.15225,29.804567,27.046103,25.965769,21.897102,17.557863,17.493435,14.152541,13.785519,15.92257,15.949708,14.004813,18.982296,16.145006,19.2606,20.185667,23.069803
