,0,1,2,3,4,5,6,7,8,9,10,11,12,13,14,15,16,17,18,19,20,21,22,23,24,25,26,27,28,29,30,31,32,33,34,35,36,37,38,39,40,41,42,43,44,45,46,47,48,49,50,51,52,53,54,55,56,57,58,59,60,61,62,63,64,65,66,67,68,69,70,71,72,73,74,75,76,77,78,79,80,81,82,83,84,85,86,87,88,89,90,91,92,93,94,95,96,97,98,99,100,101,102,103,104,105,106,107,108,109,110,111,112
0,0.0,4.3764315,7.873473,9.82598,12.88241,14.186656,17.965393,21.564445,24.230984,27.606886,30.075495,32.398556,34.85534,33.087208,35.759888,31.523308,32.636276,30.905495,34.82757,32.956966,34.1851,36.45581,36.745342,32.12781,30.071732,29.115173,27.578142,29.367506,27.527845,32.248344,30.451044,37.00776,37.381218,40.36821,42.090237,45.315403,46.225357,44.353065,41.818623,39.187046,37.14766,35.86244,30.930855,30.000704,26.345814,24.003645,25.1158,21.780588,24.919127,24.608093,27.998486,28.709536,29.754595,35.00004,31.411818,29.555243,26.95097,23.573551,22.6414,20.061504,23.238886,20.369482,22.325417,22.601137,24.113169,28.54002,27.444925,32.69934,32.632195,30.322046,32.58867,29.073067,30.80793,28.736452,28.26682,27.975418,25.019709,28.335981,22.801878,25.378574,27.094973,22.196352,26.660883,26.505505,23.626295,24.408976,19.67093,22.336472,19.058537,20.084732,19.439999,21.338182,23.060392,25.744547,25.423529,27.269,29.363813,30.503386,34.461426,38.256027,37.030674,37.752876,40.184837,37.318874,40.936264,42.153404,41.118427,38.969757,39.194427,34.018364,35.71358,31.703133,33.790436
1,4.3764315,0.0,3.7700136,7.012279,9.422089,10.771847,14.436698,17.732975,20.85036,24.124744,26.521122,29.52031,31.597729,29.552708,32.393044,28.189539,29.261162,27.815283,31.458813,30.06218,31.128716,33.66715,33.920284,29.276287,27.382116,26.04121,24.514523,25.902668,23.98163,28.590551,26.60277,33.366463,33.43151,36.75157,38.19304,41.34887,42.232,40.23518,37.79067,35.209557,32.968952,31.79516,26.777874,25.890703,22.12518,20.204033,21.179388,18.256935,21.768427,21.846987,25.444769,26.3049,27.968065,33.115353,29.781912,27.566996,25.32337,21.662468,21.104053,19.16069,21.977213,19.047201,22.09383,22.551332,24.861588,28.71957,28.35521,33.591427,33.304153,30.75254,32.605362,28.832027,30.32148,27.60392,27.726381,26.609282,24.27665,26.893057,21.461338,24.251005,25.276613,19.948015,23.968718,23.429731,20.707714,21.664223,17.030603,19.849197,17.358225,18.483501,18.636522,20.135962,21.103973,24.430347,24.275402,25.158674,27.402002,29.326897,33.478027,36.88541,35.178814,35.762684,37.726955,34.7826,38.112625,39.09854,38.008957,36.0944,36.139755,31.25819,33.08004,29.117424,31.582087
2,7.873473,3.7700136,0.0,4.999632,6.7356815,7.235668,11.340706,14.006569,17.394312,20.538834,22.81255,26.089046,28.043144,25.932545,28.96332,24.906126,26.156137,25.037977,28.800995,27.872177,29.080526,31.78199,32.247673,27.641422,25.728298,24.152925,22.226032,23.200386,20.927038,25.463882,23.053574,29.966253,29.776472,33.132877,34.498444,37.66556,38.665825,36.68485,34.374573,31.894875,29.5159,28.687267,23.453505,22.965954,19.060644,17.546179,19.006275,16.679403,20.657799,20.79108,24.72223,25.317291,27.638836,32.649517,29.310602,26.724607,24.835064,21.102552,21.224352,19.81583,22.041273,18.537132,22.52617,22.66593,25.61496,28.641613,28.751293,33.98372,33.269184,30.469795,31.868782,27.904743,29.012947,25.807854,26.215591,24.41103,22.49795,24.417269,19.157066,22.029274,22.53855,17.027239,20.70429,19.909664,17.304146,18.446167,13.929641,17.119173,15.309866,16.81215,17.713442,19.098799,19.638716,23.304142,23.019493,23.124472,25.725727,28.099936,32.379066,35.305485,33.382053,33.608734,35.47297,32.254192,35.462944,36.335926,35.019638,33.233574,32.937153,28.325281,30.03477,26.059383,28.685036
3,9.82598,7.012279,4.999632,0.0,3.743295,6.0848036,8.384222,12.762419,14.598582,18.15079,21.192366,23.679502,25.490484,23.617878,25.993866,21.703163,22.913998,21.36465,25.786324,24.35258,26.144766,28.515604,29.445288,24.916689,22.537535,21.476973,18.865936,20.339111,18.009382,22.785706,21.006794,27.300507,28.131367,30.806343,32.831554,36.10335,36.904453,35.320923,32.630547,30.00632,28.388226,27.26372,22.290028,22.019098,18.553537,15.763169,18.881832,16.13196,20.0451,18.953754,23.255758,22.77116,25.190855,30.207405,26.227047,23.550947,21.607344,18.203478,19.11504,17.638985,19.223455,14.530541,18.851135,18.308708,21.6172,23.976751,24.31673,29.513292,28.569809,25.690443,26.960506,22.976646,24.154762,20.987406,21.668808,20.082874,18.535204,21.308744,16.219767,19.928638,20.991302,16.238895,19.953293,18.498184,15.1572075,15.299045,10.871919,12.867924,10.586451,11.851116,12.766785,14.268458,15.199868,18.57341,18.075115,18.493761,21.219881,23.245441,27.523449,30.445383,28.763464,28.96757,31.254543,27.996582,31.522665,32.68499,31.407423,29.328358,29.407337,24.35101,26.195972,22.30987,24.86625
4,12.88241,9.422089,6.7356815,3.743295,0.0,5.879413,5.1406827,10.432341,12.289975,15.8514185,19.17116,22.450302,23.478395,21.19291,23.420261,18.974436,19.865711,18.42881,22.38893,21.27817,22.847733,25.426891,26.282116,21.766848,19.56076,18.179605,15.666443,16.858927,14.66954,19.384562,17.917278,24.228672,25.126497,28.155268,29.965982,33.134274,33.684917,32.01119,29.194561,26.50027,24.948088,23.584652,18.731768,18.306051,14.949498,12.0359535,15.42493,12.972927,17.081177,16.10534,20.543941,20.062153,23.008947,27.822025,24.142015,21.196264,19.669254,16.13377,17.473553,16.738977,17.788164,13.405107,18.5461,18.430593,22.260632,24.1856,25.279966,30.199862,29.315413,26.40992,27.356218,23.32894,24.431318,20.766579,22.327868,20.086819,19.55304,21.819899,17.229168,21.191267,21.61826,16.841494,19.756311,17.544302,14.31058,14.195702,10.418709,11.5029955,10.600749,11.295612,13.032159,13.622979,13.383681,17.424976,17.368921,16.653997,19.245914,22.164825,26.498539,29.10828,26.863255,27.158108,28.749487,25.650648,28.805593,29.731318,28.598999,26.761436,26.986626,22.151615,24.414274,20.78858,23.86164
5,14.186656,10.771847,7.235668,6.0848036,5.879413,0.0,7.153176,7.7192826,10.759362,13.701735,15.889738,18.857805,20.9549,19.122717,22.39894,18.770304,20.723915,20.21889,24.891872,24.681423,26.65751,29.350132,30.588474,26.265856,24.042412,22.464842,19.197315,19.496794,16.182846,20.582798,17.173233,24.033371,23.739027,26.483335,28.214384,31.54572,32.90936,31.291538,29.203018,26.974913,24.701994,24.78155,19.192293,20.06656,16.2445,15.152696,18.618511,17.444136,21.87066,21.390354,25.861685,25.321722,28.632927,33.288284,29.580294,26.449326,25.15022,21.761103,23.331743,22.577297,23.558657,18.572975,23.742338,22.743044,26.55302,27.704962,28.42213,33.54114,31.832932,28.620693,29.08584,24.915352,25.121944,21.209936,21.85778,18.873896,17.701046,18.319468,13.605931,16.723467,16.515448,11.237187,14.319747,12.88304,10.107576,11.447357,7.153745,11.461608,11.010158,13.60458,15.817136,17.286655,17.543316,21.18221,20.252605,19.197107,22.708605,25.3284,29.672691,31.565615,29.659569,28.927834,31.179264,27.205488,30.469133,31.36384,29.401052,27.641182,26.540375,22.31718,23.465504,19.371044,22.00336
6,17.965393,14.436698,11.340706,8.384222,5.1406827,7.153176,0.0,7.117616,7.73001,11.281085,15.085949,18.724957,18.922182,16.41598,18.395498,13.9136915,14.845235,13.792759,18.015562,17.591324,19.522928,22.204657,23.517796,19.290106,17.035444,15.476017,12.057977,12.554738,9.748461,14.454039,12.951495,19.092041,20.280127,23.176052,25.111958,28.276249,28.730997,27.243227,24.341537,21.679037,20.431723,19.273497,14.437745,14.732992,11.770619,8.815022,13.942947,12.65666,16.80805,15.520289,20.144716,18.906067,22.727648,27.02622,23.413822,20.036865,19.258062,16.095568,18.546202,18.690655,18.595535,13.831562,19.811628,19.302404,23.75536,24.29407,26.193985,30.746212,29.4027,26.333918,26.538162,22.47781,23.04851,18.723711,21.15044,17.922268,18.708702,20.082874,16.467106,20.642832,20.387821,16.234812,17.994068,14.773372,11.637144,10.884192,8.591795,8.286906,9.693149,10.282845,13.268487,13.156517,11.784026,16.101753,16.009624,13.599018,16.59213,20.31839,24.634861,26.375769,23.712042,23.540995,24.779766,21.39326,24.2883,25.059746,23.707886,22.052986,22.07376,17.562878,19.996717,16.650484,20.193357
7,21.564445,17.732975,14.006569,12.762419,10.432341,7.7192826,7.117616,0.0,5.6293917,7.249352,9.205797,14.248827,14.804204,12.230173,16.00814,12.966951,15.14598,15.943223,20.056389,21.380413,23.280622,26.236427,27.727928,23.945902,22.125483,20.037872,16.43169,15.174599,11.223751,14.636907,9.914029,17.187204,16.087133,19.3253,20.606213,23.880833,25.309013,23.662323,21.856298,19.925146,17.360668,18.365013,12.558859,14.789056,11.354799,12.034661,16.211395,16.955473,21.309805,21.136013,25.507446,24.655367,28.959457,32.852264,29.708027,26.152468,25.85356,22.764269,25.220333,25.606033,25.517138,20.848036,26.869629,25.953764,30.43628,30.302973,32.085133,36.68501,34.63831,31.316616,30.888353,26.77112,26.318197,21.577093,23.428705,18.972874,19.771336,18.466053,15.609287,18.546097,16.628622,12.318709,12.474111,9.082808,7.583905,8.9434395,7.9891124,10.753176,13.461828,15.576252,18.95535,19.36094,18.069918,22.045748,21.362385,18.074856,21.701038,25.515303,29.700373,30.36535,27.709274,26.378069,27.635048,23.439676,25.853426,26.202076,23.874016,22.779299,20.90756,17.968655,19.111849,15.588929,19.002518
8,24.230984,20.85036,17.394312,14.598582,12.289975,10.759362,7.73001,5.6293917,0.0,3.8152752,8.178475,11.351498,11.230581,9.110922,11.66318,8.214073,10.931278,11.601052,17.034697,18.088694,20.924433,23.369452,25.60491,22.217001,19.929964,18.538357,13.83786,12.809376,8.362371,11.76968,7.9411764,13.712926,14.577709,16.272871,18.852694,22.27416,23.419163,22.544142,20.216171,18.181341,17.083673,17.782055,12.892526,15.578038,13.39385,12.391691,18.293016,18.647175,22.560343,21.172174,25.643389,23.561068,27.970943,31.570118,27.904936,24.29755,24.227009,21.81472,25.081404,25.568052,24.677801,19.236782,25.301292,23.654453,28.359219,26.994356,29.199085,33.41327,30.962713,27.608719,26.6421,22.668566,21.86388,16.905304,19.428028,14.614554,16.712713,15.704252,13.98345,17.627357,16.238527,13.712282,13.541765,9.213687,6.755202,5.3291035,7.0047975,6.6893015,10.901841,12.662411,16.432535,16.57258,15.261467,18.56603,17.537905,13.649936,17.667381,21.246391,25.234146,25.3091,22.857763,21.038877,22.830175,18.227144,21.017797,21.734934,19.1479,17.666498,15.913675,12.465885,13.685708,10.243138,13.985313
9,27.606886,24.124744,20.538834,18.15079,15.8514185,13.701735,11.281085,7.249352,3.8152752,0.0,4.8214254,8.861806,7.8487,5.490093,9.098269,7.152191,10.535586,12.436632,17.400492,19.4166,22.19517,24.63775,27.010893,24.043612,22.02799,20.491135,15.873937,14.006979,9.553988,11.473761,6.1227636,11.552668,11.463655,12.86353,15.39134,18.88812,20.46618,19.76274,17.966421,16.43243,15.119291,16.976057,12.28238,15.954836,14.200936,14.447744,19.992805,21.147928,24.946362,23.859505,28.143614,26.07017,30.723913,33.968502,30.583668,26.916693,27.194826,24.941137,28.33216,29.070448,27.98743,22.736845,28.827156,27.107647,31.856348,30.027182,32.3787,36.40482,33.682453,30.304514,28.927828,25.104534,23.809334,18.782372,21.278517,15.966574,18.508533,16.090366,15.455443,18.370142,16.105537,14.339984,12.760124,8.06914,7.306856,6.588118,9.681408,9.792861,14.229023,16.083605,19.888302,19.953838,18.433073,21.516123,20.417517,16.011797,19.964981,23.649094,27.382656,26.719072,24.193718,21.785398,23.303291,18.449644,20.703173,21.112495,17.988377,16.978916,14.059727,12.077838,12.49281,9.550234,13.239982
10,30.075495,26.521122,22.81255,21.192366,19.17116,15.889738,15.085949,9.205797,8.178475,4.8214254,0.0,7.3024206,6.9095173,5.312492,10.561892,10.715713,14.152267,16.730143,21.01117,23.690166,26.193396,28.74991,31.013462,28.204199,26.45594,24.655708,20.35509,18.026659,13.763775,14.748337,8.2677355,13.162723,10.565597,11.916582,13.5992565,17.094538,19.680948,18.911758,18.3039,17.566334,15.266871,18.667557,13.92626,18.220078,16.334848,18.060516,22.700869,24.49965,28.409643,27.918734,32.09104,30.411953,35.159187,38.32862,35.19822,31.508133,31.85074,29.458685,32.664867,33.400043,32.527634,27.378723,33.47041,31.711359,36.393456,34.568047,36.704124,40.822365,37.85115,34.402843,32.86888,29.08468,27.390467,22.474909,24.324747,18.793184,20.88005,16.850582,16.818964,18.496649,15.0735235,13.752407,10.586568,6.358086,8.205107,9.332172,12.314455,14.071327,18.096626,20.481998,24.203194,24.576916,23.221947,26.279854,25.011208,20.727606,24.710556,28.271677,31.909986,30.896679,28.502117,25.672039,27.150032,22.172338,23.98961,24.094967,20.548676,20.028502,15.906772,15.483375,14.719273,12.119287,14.925955
11,32.398556,29.52031,26.089046,23.679502,22.450302,18.857805,18.724957,14.248827,11.351498,8.861806,7.3024206,0.0,5.843182,8.385318,11.449912,12.725776,16.713419,18.796783,24.424147,26.339602,29.77296,31.672049,34.600704,32.00222,29.692139,28.679054,23.612429,22.04595,17.749922,18.850323,13.739544,16.07951,15.362375,13.382717,16.863073,20.269611,23.129652,23.454325,22.862564,22.329384,21.275467,24.429996,20.325691,24.490637,22.83079,23.250319,28.795534,29.824944,33.70179,32.310585,36.684345,34.146088,38.61076,41.839252,37.95194,34.39968,34.51395,32.59454,36.123245,36.403744,35.34109,29.2163,34.852737,32.011806,36.44867,33.55178,35.32065,39.219612,35.449535,31.955362,29.855494,26.410488,23.836576,19.401333,20.326569,14.734078,17.010021,11.587411,13.77748,14.7138815,11.65555,13.434447,10.293456,7.4482565,8.848268,8.837597,12.999088,14.346989,17.809702,20.644777,24.033062,25.019007,24.709358,26.577295,24.428246,20.976244,25.390558,27.556513,30.789738,29.17818,27.942776,24.132252,27.313581,21.688345,24.291998,25.102926,20.961529,19.769829,14.904176,14.51622,11.616688,8.933115,9.630715
12,34.85534,31.597729,28.043144,25.490484,23.478395,20.9549,18.922182,14.804204,11.230581,7.8487,6.9095173,5.843182,0.0,3.9886866,6.144246,8.97928,12.6085615,15.523387,20.176453,22.89267,26.083454,27.932856,30.894863,28.834084,26.897575,25.791157,21.000435,18.769285,14.951825,14.687763,10.210778,10.636403,10.426246,7.722841,11.761197,15.165135,17.577526,18.190361,17.418362,17.081919,16.732944,19.964512,16.854034,21.267334,20.55463,21.20853,26.743422,28.34097,31.783401,30.421886,34.468452,31.789188,36.53987,39.187733,35.79711,32.195377,32.87738,31.239925,35.046005,35.931965,34.346146,28.864805,34.71109,32.348984,37.05154,33.893963,36.42197,39.90088,36.463654,33.12104,30.834087,27.540817,25.230652,20.511349,22.827257,17.175755,20.688917,16.48463,18.38199,20.164186,17.326736,18.11413,14.944882,11.083923,12.099198,11.1458435,15.644443,15.163896,19.610786,21.462091,25.135307,25.226164,23.895,25.950611,24.411308,19.770248,23.628565,26.660942,29.665354,27.50495,25.50093,21.766077,23.637346,18.328848,19.96838,20.285942,16.065165,15.564554,10.274876,11.521106,9.36919,8.474221,10.660684
13,33.087208,29.552708,25.932545,23.617878,21.19291,19.122717,16.41598,12.230173,9.110922,5.490093,5.312492,8.385318,3.9886866,0.0,5.3524766,6.876467,10.214068,13.415291,17.412676,20.490797,23.225239,25.429039,28.056479,25.854847,24.176994,22.695223,18.25911,15.632721,11.828216,11.461139,6.30231,8.298892,7.557053,7.4547663,10.453015,13.989903,15.921507,15.849137,14.665534,13.961889,13.1783695,16.259483,12.876762,17.3313,16.673223,17.704247,22.956816,24.846811,28.239716,27.21547,31.160591,28.841597,33.7266,36.34933,33.313873,29.645239,30.444996,28.603073,32.278416,33.406353,31.868874,26.900663,32.951473,31.156965,35.976383,33.392906,36.11957,39.705666,36.73377,33.42831,31.494028,28.009916,26.237175,21.280386,24.077253,18.509478,21.8854,18.476248,19.27858,21.569576,18.735966,18.20482,15.347607,10.958074,11.669849,10.893976,14.823669,14.21609,18.928833,20.45001,24.268118,23.998758,22.100424,24.76831,23.723791,18.66143,22.258923,26.051977,29.29767,27.58798,24.933756,21.881233,22.79878,17.911469,19.201189,19.161974,15.429101,15.217961,10.8824,11.522287,11.076799,9.887897,13.187505
14,35.759888,32.393044,28.96332,25.993866,23.420261,22.39894,18.395498,16.00814,11.66318,9.098269,10.561892,11.449912,6.144246,5.3524766,0.0,5.0200033,7.4394927,10.8082905,14.651313,17.692738,20.837711,22.43264,25.536648,24.013285,22.296616,21.407877,16.871302,14.411097,11.543422,9.9544525,8.297178,5.252346,8.90795,6.3988976,10.939385,13.953646,14.685402,15.5699005,13.478713,12.637426,14.043213,15.975554,14.303893,18.243753,18.654032,18.534786,24.30721,25.924107,28.738327,27.005653,30.685995,27.607224,32.428288,34.514328,31.439589,27.905651,29.071974,27.903973,31.989067,33.36725,31.20184,26.382969,32.15435,30.233643,35.051826,31.67086,34.90462,37.88159,34.918846,31.825792,29.517029,26.451843,24.655937,19.899397,23.535955,18.300364,22.718138,20.235283,21.631525,24.4364,22.322594,22.368092,19.967339,15.554284,15.414456,13.340385,17.576822,14.969288,19.845701,20.468752,24.150244,23.314573,21.098938,23.088724,22.229189,16.702824,19.750048,23.481388,26.19593,23.757566,20.98662,17.676323,18.185299,13.375172,14.2282295,14.259339,10.230141,10.14448,5.7059693,7.707226,7.9264145,8.871275,12.216988
15,31.523308,28.189539,24.906126,21.703163,18.974436,18.770304,13.9136915,12.966951,8.214073,7.152191,10.715713,12.725776,8.97928,6.876467,5.0200033,0.0,4.002493,6.6260138,11.736501,13.964901,17.269709,19.114138,22.08272,19.968903,17.969475,17.079247,12.224202,10.187002,6.8975377,6.8517885,6.3518534,6.5949817,10.891643,10.916757,14.481361,17.5343,17.684984,17.7763,14.764599,12.826755,14.071747,14.456169,12.08524,15.25216,15.359095,14.1245365,20.398798,21.439093,24.303028,22.299976,26.16951,23.067574,27.826199,30.271652,26.977041,23.3837,24.336397,22.998045,27.04707,28.357115,26.268179,21.464027,27.33417,25.684336,30.55913,27.730639,30.991907,34.178913,31.637772,28.554548,26.734102,23.405659,22.260134,17.328878,21.341541,16.435108,20.604359,19.48987,19.729866,23.305822,21.815552,20.877348,19.516407,14.868574,13.579559,10.996802,14.483549,11.006441,15.927043,16.095634,19.818962,18.74523,16.28703,18.715433,18.154633,12.484401,15.622111,19.817686,22.982542,21.489622,18.376503,15.965975,16.481455,11.8342085,13.581327,13.993315,11.033768,10.047229,8.4578285,6.404529,8.929371,8.366665,12.640045
16,32.636276,29.261162,26.156137,22.913998,19.865711,20.723915,14.845235,15.14598,10.931278,10.535586,14.152267,16.713419,12.6085615,10.214068,7.4394927,4.002493,0.0,4.0116687,7.784151,10.441823,13.555211,15.344916,18.326788,16.596565,14.887621,14.07711,9.695733,7.3206787,5.7840037,4.054168,7.7240443,6.167239,11.911554,12.61474,15.579288,18.133259,17.223372,17.242449,13.413232,10.941567,13.365682,12.258505,11.310494,13.6017685,14.696007,12.851759,18.958612,20.032963,22.28067,20.08716,23.567972,20.259903,25.098223,27.08011,24.169346,20.62472,22.024565,21.029327,25.197865,26.952477,24.457766,20.4887,26.208418,25.119644,29.991463,27.254807,30.97549,33.789875,31.74834,28.92023,27.239582,24.137838,23.500975,18.801369,23.409998,19.036043,23.363926,23.051365,23.00413,26.880041,25.6161,24.310665,23.198362,18.51914,17.030556,14.382631,17.271158,13.0265665,17.682928,16.914227,20.42295,18.609915,15.342727,17.838253,18.039427,11.908617,13.929049,18.872375,21.79388,20.348001,16.472614,14.923158,13.805043,10.209062,11.037446,11.061382,9.1843195,8.642813,9.326076,7.4391828,11.350685,11.651226,15.80393
17,30.905495,27.815283,25.037977,21.36465,18.42881,20.21889,13.792759,15.943223,11.601052,12.436632,16.730143,18.796783,15.523387,13.415291,10.8082905,6.6260138,4.0116687,0.0,7.191396,7.56713,11.485764,12.932767,16.13803,14.101891,11.805791,11.700187,6.7435384,6.114675,5.6978664,6.2189875,10.648559,10.118945,15.806516,16.464163,19.589373,22.122189,21.000319,20.96137,16.860912,14.087862,16.597427,14.3651085,13.427493,14.5591545,15.497517,12.0284,18.531643,18.631565,20.617558,17.638294,21.18895,17.31245,21.89389,24.06072,20.659994,17.166859,18.416845,17.707912,22.056376,23.70628,20.989567,16.941051,22.449345,21.38893,26.222477,23.518536,27.399368,30.09041,28.356298,25.669325,24.252735,21.221525,21.125004,16.682217,21.638151,17.986382,22.239454,23.192776,22.691162,27.032284,26.480991,24.993057,24.674667,20.121883,17.874691,14.769838,16.985184,11.724829,15.807084,14.204523,17.410416,15.176658,11.700091,14.004505,14.558643,8.372736,9.963643,15.166958,18.205282,17.38931,13.361605,12.6938505,11.821631,8.704063,10.560954,11.336224,10.566024,9.053834,11.59103,7.722492,12.4241705,12.41061,16.40432
18,34.82757,31.458813,28.800995,25.786324,22.38893,24.891872,18.015562,20.056389,17.034697,17.400492,21.01117,24.424147,20.176453,17.412676,14.651313,11.736501,7.784151,7.191396,0.0,5.4564023,6.5168223,8.503628,11.024388,10.33789,9.908103,9.134643,7.76904,5.6195135,8.978081,6.3826313,13.1888895,11.205473,16.58004,18.488548,20.141697,21.761976,19.273523,18.864872,14.145784,11.062725,14.756563,10.509216,12.56643,12.250105,15.063913,12.364441,16.959465,17.993628,18.666988,16.357603,18.633776,15.253633,20.080563,20.940998,19.256279,16.002197,18.376892,18.068193,22.07871,24.733482,21.634638,19.943823,24.99236,25.294975,29.896154,27.829922,32.146927,34.30235,33.398815,31.1255,29.950335,27.280485,27.630148,23.514263,28.644693,25.172077,29.360065,30.16263,29.48931,33.741566,32.769985,30.744476,30.072157,25.423332,23.686398,21.161743,23.046593,18.362194,22.214523,20.181046,23.03219,20.141314,15.737787,18.319221,19.999296,14.187691,13.621158,19.49329,21.82635,20.989159,15.969312,16.705774,12.30339,12.201568,10.954784,9.935302,11.427525,11.848462,15.263586,13.722163,18.301937,19.03043,23.033476
19,32.956966,30.06218,27.872177,24.35258,21.27817,24.681423,17.591324,21.380413,18.088694,19.4166,23.690166,26.339602,22.89267,20.490797,17.692738,13.964901,10.441823,7.56713,5.4564023,0.0,4.8039703,5.483978,8.842971,7.6033583,5.8194513,7.0791507,5.688301,6.9799275,10.506307,10.263719,16.537596,15.458406,21.168,22.569962,24.901207,26.794258,24.522264,24.239738,19.555267,16.459631,19.768888,15.357923,16.44196,15.38012,17.461266,12.951905,17.931524,17.42024,17.699047,14.039877,16.34735,11.758022,16.088003,17.215717,14.54878,11.372233,13.678975,14.093688,18.395985,20.874094,17.352842,15.793058,20.236883,20.637959,25.037264,23.00401,27.495638,29.358448,28.911238,26.921572,26.108727,23.693378,24.700605,21.153107,26.435614,23.91722,27.908806,30.021215,28.98304,33.635174,33.46956,31.42642,31.576385,27.086687,24.61336,21.63872,22.919228,17.456625,20.403633,17.507786,19.70335,16.35062,11.883972,13.844027,16.116909,11.093556,9.101219,15.012274,17.234127,17.333658,12.254648,14.419129,10.467185,11.35117,11.473254,11.730982,13.801579,12.995878,17.57249,14.348578,19.280445,19.71172,23.429697
20,34.1851,31.128716,29.080526,26.144766,22.847733,26.65751,19.522928,23.280622,20.924433,22.19517,26.193396,29.77296,26.083454,23.225239,20.837711,17.269709,13.555211,11.485764,6.5168223,4.8039703,0.0,3.7376523,4.8550777,4.245691,5.223295,5.34617,7.870894,8.335233,12.76205,11.990594,18.411472,17.664824,22.586765,24.954542,26.401474,27.916592,25.175596,24.415617,19.691597,16.546108,19.688484,14.299364,16.440077,14.182982,16.95768,12.948643,16.163023,16.037703,15.277643,12.310018,13.485557,9.727244,14.189869,14.48975,13.497451,10.620756,13.57162,13.920021,17.562256,20.703796,17.252554,17.593128,21.669235,23.166351,27.298546,26.214579,30.67081,32.44522,32.599167,30.80192,30.340046,27.95001,29.232595,25.717339,30.891327,28.342966,32.060253,34.06844,32.662704,37.27422,36.864693,34.271862,34.37359,29.894442,27.6261,25.080036,25.975588,21.07976,23.897223,20.999899,23.040833,19.569057,14.854355,17.321209,20.04076,15.447153,13.158101,18.99302,21.030104,21.519485,16.357962,18.983543,14.072636,15.798552,14.910441,14.322244,16.96666,16.908283,21.231604,18.676405,23.545975,23.89013,27.803944
21,36.45581,33.66715,31.78199,28.515604,25.426891,29.350132,22.204657,26.236427,23.369452,24.63775,28.74991,31.672049,27.932856,25.429039,22.43264,19.114138,15.344916,12.932767,8.503628,5.483978,3.7376523,0.0,4.229595,6.0152264,6.5129967,8.3208885,10.19341,11.301902,15.454048,14.552945,21.170052,19.503765,25.077444,26.711954,28.543852,29.949274,27.000803,26.672493,21.89587,18.93182,22.647333,17.428513,19.836327,17.8588,20.614016,16.366337,19.765703,19.235481,18.180641,14.666081,15.37253,10.876469,14.399204,13.861934,12.708139,10.475884,13.665288,15.040761,18.759815,21.792215,17.925236,18.431257,21.745632,23.0827,26.936562,25.295635,30.012873,31.176151,31.49786,30.005661,29.432434,27.499731,28.903746,25.845324,31.19449,29.089066,33.051693,35.448906,34.33572,39.04322,38.92005,36.706043,36.88081,32.380344,29.968447,27.085789,28.173136,22.773508,25.379076,22.145853,23.835297,20.177664,15.72406,17.167723,20.028387,15.85489,12.719247,17.9622,19.277798,19.57498,14.402955,17.671963,12.132137,15.113985,13.958556,13.642325,16.984833,16.790556,21.889639,19.34138,24.245441,25.041063,28.64997
22,36.745342,33.920284,32.247673,29.445288,26.282116,30.588474,23.517796,27.727928,25.60491,27.010893,31.013462,34.600704,30.894863,28.056479,25.536648,22.08272,18.326788,16.13803,11.024388,8.842971,4.8550777,4.229595,0.0,4.64792,7.256112,8.217667,12.118267,13.077414,17.524374,16.75593,23.175102,22.201935,27.077675,29.475857,30.725075,31.964287,28.847244,28.075956,23.38376,20.398956,23.654408,17.913246,20.635426,17.759933,20.688646,16.711105,18.626646,18.10625,16.139486,13.220227,12.738849,9.246669,12.407174,11.06369,11.671324,9.961687,13.382222,14.62572,17.564903,21.030415,17.36846,19.428778,22.357117,24.609318,28.187414,27.527636,32.088623,33.29157,34.14864,32.789097,32.617558,30.621845,32.3191,29.270027,34.475338,32.41586,36.039528,38.516113,36.97015,41.688545,41.48258,38.763527,39.065266,34.63584,32.265865,29.701294,30.337454,25.368689,27.737099,24.47746,25.993668,22.293348,17.742039,19.653883,22.81986,19.034302,15.870211,21.085869,22.478785,23.367197,18.321148,21.823353,16.312277,19.27649,17.989498,17.330914,20.686846,20.747131,25.539919,23.067514,27.975965,28.479448,32.264015
23,32.12781,29.276287,27.641422,24.916689,21.766848,26.265856,19.290106,23.945902,22.217001,24.043612,28.204199,32.00222,28.834084,25.854847,24.013285,19.968903,16.596565,14.101891,10.33789,7.6033583,4.245691,6.0152264,4.64792,0.0,3.619372,3.933438,8.6673975,10.269863,14.513909,14.872932,20.685406,21.132442,25.570543,28.37341,29.724205,31.381283,28.820301,27.730309,23.113754,19.88249,22.302967,16.734995,18.187695,15.090307,17.327637,12.701048,14.928494,13.811165,12.283183,8.876929,9.489255,5.634419,10.122917,10.856073,10.141143,7.34775,10.330157,10.621045,13.779198,17.175016,13.790709,15.536634,19.076471,21.444683,25.25597,25.231169,29.475443,31.332073,32.099525,30.484863,30.605276,28.198507,30.00802,26.755636,31.687897,29.602755,32.772728,35.38841,33.376232,38.113037,38.004433,34.941048,35.57698,31.306149,28.750532,26.37106,26.511362,21.873997,23.965286,20.796247,22.345886,18.774813,14.135416,16.835703,19.988493,16.381512,13.730838,19.26901,21.449385,23.006668,18.149359,21.395067,17.15745,18.892492,18.661945,18.384407,20.915283,20.507504,24.763144,21.536924,26.410746,26.223982,30.134457
24,30.071732,27.382116,25.728298,22.537535,19.56076,24.042412,17.035444,22.125483,19.929964,22.02799,26.45594,29.692139,26.897575,24.176994,22.296616,17.969475,14.887621,11.805791,9.908103,5.8194513,5.223295,6.5129967,7.256112,3.619372,0.0,3.6786573,6.1628656,8.99049,12.726891,13.876917,19.43273,20.117046,24.912222,27.23087,29.147644,31.12555,28.93909,28.070717,23.455294,20.17341,22.550966,17.514814,18.061007,15.60316,17.21093,11.834821,15.524226,13.809369,13.2337885,8.907195,10.900534,5.968924,10.44524,12.311915,9.652334,6.174871,8.618259,8.905596,12.897261,15.758381,12.202639,12.563757,16.488777,18.279587,22.328238,21.941391,26.180832,28.211754,28.71644,26.984001,27.076582,24.597532,26.426004,23.231707,28.13817,26.243792,29.383865,32.303745,30.316793,35.14252,35.318184,32.484375,33.34623,29.129168,26.308332,23.679733,23.798412,18.822266,20.721985,17.39231,18.896877,15.284748,10.642295,13.265701,16.371946,12.899532,10.244366,15.834851,18.30822,20.090828,15.451354,18.628853,15.374191,16.538645,17.177296,17.472336,19.582054,18.617807,22.896753,19.013876,23.864075,23.488462,27.255215
25,29.115173,26.04121,24.152925,21.476973,18.179605,22.464842,15.476017,20.037872,18.538357,20.491135,24.655708,28.679054,25.791157,22.695223,21.407877,17.079247,14.07711,11.700187,9.134643,7.0791507,5.34617,8.3208885,8.217667,3.933438,3.6786573,0.0,5.5670896,7.133711,11.063504,12.17024,17.3665,18.83468,22.81862,25.896961,27.266582,29.210907,27.12351,25.845367,21.379059,18.054693,19.827415,14.670639,15.051383,12.143142,13.84891,8.85471,12.032895,10.982839,10.65354,7.3840365,9.78171,6.6267323,11.771153,13.853199,12.205623,8.756367,10.803715,9.785677,13.259844,16.307829,13.436132,13.838829,18.416187,20.363003,24.5606,24.63434,28.594044,31.073618,31.391815,29.413727,29.498167,26.671316,28.25018,24.612507,29.328627,26.887053,29.8433,32.15568,29.963793,34.614887,34.364174,31.13262,31.781393,27.568188,25.030365,22.846804,22.844055,18.568312,20.821377,18.019634,19.962736,16.688501,11.962638,15.527467,18.29478,14.331354,12.71861,18.582962,21.432898,22.981567,18.276527,20.792185,17.493628,17.98199,18.355022,18.198708,19.904606,19.312517,22.845285,19.357931,24.072084,23.415648,27.462717
26,27.578142,24.514523,22.226032,18.865936,15.666443,19.197315,12.057977,16.43169,13.83786,15.873937,20.35509,23.612429,21.000435,18.25911,16.871302,12.224202,9.695733,6.7435384,7.76904,5.688301,7.870894,10.19341,12.118267,8.6673975,6.1628656,5.5670896,0.0,4.1415915,6.7448664,8.980497,13.700924,15.313652,19.793808,22.057026,24.232443,26.613335,25.132917,24.26738,19.926678,16.675142,18.453842,14.5349455,13.606038,12.444582,13.304622,7.9855037,13.877732,12.932083,14.343437,10.933843,14.540391,10.8717375,15.613849,18.285082,15.116407,11.424658,12.6243105,11.440554,15.625629,17.698664,14.988968,12.449689,17.962595,18.408365,23.096888,22.11316,25.977139,28.81773,28.244253,25.866419,25.503405,22.407454,23.489399,19.502012,24.242512,21.473396,24.696112,26.80385,24.970469,29.634848,29.45933,26.758915,27.328423,23.033545,20.328688,17.747025,18.233326,13.412786,16.175201,13.635655,16.179688,13.219664,8.613257,12.311251,14.279584,9.431727,9.197968,15.204532,18.552717,19.604603,15.245171,16.714275,14.905705,13.847612,15.304228,15.753078,16.428709,15.220528,18.301708,14.180427,18.78767,17.931473,21.9314
27,29.367506,25.902668,23.200386,20.339111,16.858927,19.496794,12.554738,15.174599,12.809376,14.006979,18.026659,22.04595,18.769285,15.632721,14.411097,10.187002,7.3206787,6.114675,5.6195135,6.9799275,8.335233,11.301902,13.077414,10.269863,8.99049,7.133711,4.1415915,0.0,4.512828,5.262627,10.5218725,12.02581,16.06652,18.892382,20.540808,22.788988,21.258823,20.206669,15.916606,12.651126,14.341755,10.542214,9.86153,9.267934,10.780601,7.0876303,12.8223915,13.43588,15.126563,12.997312,16.32952,13.562365,18.626171,20.823822,18.500494,14.849268,16.386578,14.967737,18.808456,21.083035,18.646196,16.296755,21.9881,22.353275,27.104795,25.93999,29.743935,32.666786,31.759558,29.216263,28.508877,25.3061,25.847809,21.45392,26.11468,22.57308,26.013685,27.008598,25.514425,29.83951,28.969255,26.269814,26.117815,21.634062,19.55905,17.363928,18.43654,14.323569,17.941975,16.205708,19.240084,16.693428,12.3524475,16.061037,17.565466,12.066434,12.577932,18.565363,21.801193,22.019936,17.480999,18.111095,15.692489,14.193686,14.77293,14.522854,14.7738085,14.304276,16.543835,13.595565,17.981472,17.356245,21.621004
28,27.527845,23.98163,20.927038,18.009382,14.66954,16.182846,9.748461,11.223751,8.362371,9.553988,13.763775,17.749922,14.951825,11.828216,11.543422,6.8975377,5.7840037,5.6978664,8.978081,10.506307,12.76205,15.454048,17.524374,14.513909,12.726891,11.063504,6.7448664,4.512828,0.0,4.8459125,7.0547576,10.458302,13.740123,16.375578,18.416773,21.164783,20.56261,19.562061,15.861805,12.946513,13.585484,11.670169,8.84224,10.067766,10.083337,7.3698816,13.911742,14.631328,17.410025,15.610009,19.53759,17.0317,21.931025,24.703331,21.803337,18.09297,18.99798,17.118614,20.870218,22.5092,20.602882,16.85823,22.953396,22.520626,27.406727,26.03657,29.385921,32.792664,31.26583,28.379261,27.488699,23.956177,23.98651,19.225851,23.417559,19.329126,22.584076,22.92476,21.491549,25.61942,24.530851,21.948492,21.648228,17.143013,15.116262,13.039327,14.40577,10.854065,15.011353,14.235186,17.75545,16.003958,12.497954,16.283262,16.860521,11.370524,13.528241,18.87977,22.497667,22.516226,18.634142,18.156998,17.352419,14.3223,15.812153,15.924545,14.82517,13.973511,14.688661,11.464748,15.163729,13.801703,18.15482
29,32.248344,28.590551,25.463882,22.785706,19.384562,20.582798,14.454039,14.636907,11.76968,11.473761,14.748337,18.850323,14.687763,11.461139,9.9544525,6.8517885,4.054168,6.2189875,6.3826313,10.263719,11.990594,14.552945,16.75593,14.872932,13.876917,12.17024,8.980497,5.262627,4.8459125,0.0,6.809447,6.877891,11.098614,13.7519865,15.355852,17.636211,16.336546,15.553278,11.457313,8.467743,10.479041,8.426691,7.834871,9.730247,11.426391,10.333696,15.66758,17.427021,19.51053,18.05574,21.276117,18.722498,23.802446,25.666553,23.493393,19.893267,21.510262,20.159304,24.000013,26.12743,23.800423,20.780266,26.627968,26.325157,31.189898,29.269552,33.003803,35.948414,34.365566,31.601711,30.296581,27.074905,26.80622,22.082561,26.590868,22.243406,26.112465,25.748348,25.103888,28.932278,27.365915,25.277636,24.13669,19.476826,18.225603,16.236452,18.453554,14.929656,19.41155,18.570822,22.052279,20.032848,16.233616,19.494175,20.240158,14.222916,15.677119,21.2368,24.291681,23.369816,19.050035,18.308832,16.066526,13.537752,13.493068,12.75245,11.769222,12.024198,12.74022,11.482499,15.202975,15.10293,19.390755
30,30.451044,26.60277,23.053574,21.006794,17.917278,17.173233,12.951495,9.914029,7.9411764,6.1227636,8.2677355,13.739544,10.210778,6.30231,8.297178,6.3518534,7.7240443,10.648559,13.1888895,16.537596,18.411472,21.170052,23.175102,20.685406,19.43273,17.3665,13.700924,10.5218725,7.0547576,6.809447,0.0,7.566399,7.427395,11.054442,12.302263,15.367347,15.937218,14.746982,12.381959,10.552186,9.337837,10.94233,6.869352,11.071628,10.637055,11.898652,16.822186,19.040283,22.245998,21.647148,25.394485,23.613861,28.633654,31.21155,28.730465,25.022354,25.993362,23.891127,27.33346,28.867222,27.360666,23.38675,29.586157,28.760798,33.649025,31.988941,35.00679,38.635117,36.46896,33.323414,31.97646,28.344551,27.474808,22.430868,25.8821,20.795597,23.935389,22.041307,21.40259,24.477562,22.083527,19.890991,18.044254,13.478831,13.179294,12.380099,14.850281,13.617145,18.279907,18.970652,22.780884,21.845459,19.037739,22.57136,22.414614,16.987482,19.872587,24.710997,28.212126,27.326645,23.797554,22.028887,21.527952,17.642717,18.483702,18.030539,15.547349,15.566908,13.47088,12.751369,14.579604,13.232252,17.370777
31,37.00776,33.366463,29.966253,27.300507,24.228672,24.033371,19.092041,17.187204,13.712926,11.552668,13.162723,16.07951,10.636403,8.298892,5.252346,6.5949817,6.167239,10.118945,11.205473,15.458406,17.664824,19.503765,22.201935,21.132442,20.117046,18.83468,15.313652,12.02581,10.458302,6.877891,7.566399,0.0,7.0558376,7.2900863,9.7299795,12.05789,11.325053,11.801025,8.724703,7.53382,10.091886,11.37227,11.280371,14.902462,16.38186,16.732594,21.753157,23.980045,26.254942,24.927624,28.097721,25.349009,30.355827,31.90549,29.638672,26.131632,27.797935,26.705364,30.696651,32.634228,30.254484,26.52557,32.330433,31.229124,36.107265,33.17672,36.827644,39.606438,37.244423,34.34422,32.29983,29.287947,28.058979,23.313532,27.49117,22.529465,26.906342,24.993832,25.733633,28.81198,26.596891,25.769016,23.444857,18.879492,18.720104,16.89876,20.45859,17.544634,22.463783,22.41799,26.080154,24.582582,21.459225,23.934437,23.892115,17.841696,19.923742,24.619087,27.231684,24.966455,21.26447,18.937105,17.322805,13.843699,13.1138115,12.06085,9.099719,10.377476,8.228524,10.446129,12.399379,13.53688,17.204586
32,37.381218,33.43151,29.776472,28.131367,25.126497,23.739027,20.280127,16.087133,14.577709,11.463655,10.565597,15.362375,10.426246,7.557053,8.90795,10.891643,11.911554,15.806516,16.58004,21.168,22.586765,25.077444,27.077675,25.570543,24.912222,22.81862,19.793808,16.06652,13.740123,11.098614,7.427395,7.0558376,0.0,6.476878,5.0920806,8.009993,9.408024,8.469075,8.1188135,8.521181,6.940153,11.733541,10.220886,14.905285,15.575588,18.324099,21.977,25.157135,27.920046,27.812893,31.02538,29.381746,34.527294,36.391464,34.52676,30.901634,32.351555,30.55296,34.03879,35.888367,34.15258,30.516289,36.64327,35.753086,40.663452,38.432854,41.649063,44.975437,42.511826,39.38681,37.535484,34.170723,32.755306,27.790836,31.160402,25.733307,29.253372,25.992271,26.502811,28.708395,25.460096,24.218025,20.98701,16.917795,18.137222,17.855639,21.0771,20.279041,25.08752,25.962112,29.796982,28.831924,25.927418,29.07937,28.846287,23.105402,25.706264,30.477728,33.49628,31.58201,28.020735,25.604326,24.3473,20.704102,20.147425,18.88016,15.911957,17.25211,13.669945,16.116432,16.743109,16.782799,20.172844
33,40.36821,36.75157,33.132877,30.806343,28.155268,26.483335,23.176052,19.3253,16.272871,12.86353,11.916582,13.382717,7.722841,7.4547663,6.3988976,10.916757,12.61474,16.464163,18.488548,22.569962,24.954542,26.711954,29.475857,28.37341,27.23087,25.896961,22.057026,18.892382,16.375578,13.7519865,11.054442,7.2900863,6.476878,0.0,5.354619,8.182767,10.161148,11.591013,11.437657,12.254013,12.910785,16.76665,15.815931,20.316189,21.020594,22.521328,27.240856,29.781233,32.535767,31.55948,34.948425,32.398125,37.40722,39.150383,36.69196,33.1464,34.577477,33.278126,37.19662,38.81561,36.738358,32.329033,38.225845,36.526512,41.37099,38.064854,41.2858,44.25319,41.203465,38.10062,35.65337,32.662735,30.61182,25.943151,29.174313,23.74008,27.85286,24.108831,25.938257,27.866415,24.82635,25.129564,21.625946,17.721588,18.95129,17.970613,22.169506,20.74857,25.601807,26.57945,30.327848,29.566729,27.181513,29.401012,28.622343,23.038563,25.86816,29.771667,32.31237,29.478054,26.619062,23.195154,22.879765,18.669367,18.244923,17.408192,13.418662,14.677871,9.530361,13.806755,12.981739,14.247528,16.683056
34,42.090237,38.19304,34.498444,32.831554,29.965982,28.214384,25.111958,20.606213,18.852694,15.39134,13.5992565,16.863073,11.761197,10.453015,10.939385,14.481361,15.579288,19.589373,20.141697,24.901207,26.401474,28.543852,30.725075,29.724205,29.147644,27.266582,24.232443,20.540808,18.416773,15.355852,12.302263,9.7299795,5.0920806,5.354619,0.0,3.5670364,6.8875823,7.4501734,9.236378,11.129783,10.413981,15.520313,15.070696,19.598352,20.531101,23.347618,26.871723,30.17984,32.79909,32.64269,35.70899,33.883175,39.0217,40.57201,38.789314,35.227303,36.83627,35.273426,38.88861,40.777733,38.8794,35.120907,41.1742,40.016376,44.918144,42.16575,45.434578,48.549522,45.78038,42.66936,40.447933,37.306362,35.482113,30.676872,33.892086,28.37586,32.119343,28.137905,29.474537,31.160675,27.615112,27.237173,23.395151,19.76129,21.546944,21.318213,24.997046,24.264582,29.111153,30.12476,33.950466,33.06457,30.295193,33.061234,32.627457,26.86617,29.442654,33.902794,36.586357,34.00589,30.693993,27.756287,26.496517,22.893291,21.80428,20.338299,17.039356,18.87474,14.473524,18.500544,18.196579,19.035385,21.696808
35,45.315403,41.34887,37.66556,36.10335,33.134274,31.54572,28.276249,23.880833,22.27416,18.88812,17.094538,20.269611,15.165135,13.989903,13.953646,17.5343,18.133259,22.122189,21.761976,26.794258,27.916592,29.949274,31.964287,31.381283,31.12555,29.210907,26.613335,22.788988,21.164783,17.636211,15.367347,12.05789,8.009993,8.182767,3.5670364,0.0,4.731717,5.9630823,9.16018,11.873611,11.530558,16.56051,17.140764,21.347847,22.734005,25.797382,28.833313,32.424446,34.746735,34.779957,37.536976,35.82941,40.966354,42.150078,40.755375,37.276894,39.111267,37.680336,41.268013,43.366314,41.344933,37.947525,43.94751,42.964436,47.869118,45.051247,48.484257,51.429417,48.740448,45.70545,43.411057,40.386593,38.575993,33.834244,37.190952,31.722197,35.59269,31.586033,33.02956,34.65383,31.031736,30.686655,26.736753,23.229385,25.093904,24.86699,28.520103,27.646654,32.52506,33.370937,37.179512,36.1143,33.13441,35.87297,35.610985,29.716484,31.98065,36.564636,39.05399,36.2522,32.79377,29.959145,28.089882,24.978266,23.249838,21.416187,18.481419,20.785103,16.72812,21.25645,21.058546,22.286324,24.83482
