,0,1,2,3,4,5,6,7,8,9,10,11,12,13,14,15,16,17,18,19,20,21,22,23,24,25,26,27,28,29,30,31,32,33,34,35,36,37,38,39,40,41,42,43,44,45,46,47,48,49,50,51,52,53,54,55,56,57,58,59,60,61,62,63,64,65,66,67,68,69,70,71,72,73,74,75,76,77,78,79,80,81,82,83,84,85,86,87,88,89,90,91,92,93,94,95,96,97,98,99,100,101,102,103,104,105,106,107,108,109,110,111
0,0.0,4.086267,7.0766325,9.798695,12.558223,14.426267,17.60889,22.30247,24.60321,27.842875,31.596424,34.318474,34.898613,31.28543,26.145784,26.260593,22.753023,23.390701,18.544847,21.178457,19.616713,20.252962,20.25065,22.99207,24.885406,23.909815,24.835505,22.955967,26.27067,22.548857,29.426134,23.940908,29.991936,27.20843,29.395884,31.198662,28.571682,28.577574,24.94181,23.334671,27.741673,25.329575,29.491724,29.384361,25.629543,29.400888,25.894861,29.297842,28.23155,30.67368,32.58603,32.7123,37.583473,38.40804,40.21551,36.70243,36.4708,37.696228,42.147602,41.847504,37.733635,36.646725,41.720993,42.172127,45.65342,40.88465,38.68854,44.182014,40.491154,37.8919,39.332798,40.66736,36.967445,36.600227,39.548737,38.224327,41.879013,42.681026,43.329403,47.75387,43.712463,47.5648,45.15152,40.484207,36.56976,33.597397,32.65119,29.525898,26.46221,25.5748,27.643635,26.52919,25.256361,21.297201,17.51251,14.224407,10.862989,11.155497,15.295469,15.787813,20.045727,19.950275,24.391111,27.096714,29.966204,31.23614,28.604815,33.598732,28.159489,31.422934,30.284876,32.80247
1,4.086267,0.0,4.385634,5.74933,8.747675,10.896299,13.682786,18.724834,20.680653,24.098724,27.774424,30.371922,30.848614,27.294983,22.19017,22.545177,19.149532,20.376595,15.933276,19.026583,18.088621,19.104572,19.665642,21.771275,23.289307,22.088129,22.3332,20.055744,22.958445,19.069477,25.565817,20.002327,25.941336,23.128557,25.368116,27.218567,24.734585,24.71517,20.952229,19.284658,23.808527,21.55204,25.637655,25.755186,22.3796,26.183687,23.197819,26.87283,26.32129,28.624685,30.417406,30.078259,34.972435,35.527554,37.337875,33.84934,33.272263,34.266914,38.784386,38.22043,34.00226,33.056866,38.05029,38.585957,41.927315,37.00657,35.00256,40.503773,36.79452,34.29943,35.940784,37.460358,33.906006,33.44625,36.77104,35.312355,39.287704,40.125572,40.60994,44.944637,40.640903,44.38872,41.754066,37.07922,33.24247,30.402676,29.786774,27.008532,24.257639,23.787148,26.275856,25.616287,24.779305,21.281816,17.62516,14.012607,10.521511,9.92236,13.6882,13.009372,17.734995,16.692404,21.539637,24.00266,26.726713,28.340645,25.920387,31.149664,25.918531,29.598425,28.580616,31.55716
2,7.0766325,4.385634,0.0,4.9624047,6.8576336,7.8311577,11.574061,15.342086,18.107569,21.04454,24.863358,27.819351,28.896223,25.67785,20.48204,20.976467,18.029364,19.384151,16.134018,18.768606,18.853605,19.343184,20.752821,22.881672,23.834494,23.062935,22.512758,20.309055,22.549847,19.036364,24.73505,19.34529,25.026827,21.70488,24.542255,25.824959,23.929598,24.438866,20.302553,18.63057,23.714901,21.738276,25.40411,25.669456,23.080482,26.319185,24.22339,27.437387,27.51617,29.155916,30.488699,29.907333,34.887684,34.923622,37.244034,34.045673,32.8368,33.844982,38.082012,37.522118,33.34527,31.920036,36.494843,36.644215,39.978764,35.308586,32.805145,38.01529,33.98391,31.455587,32.64559,34.206364,30.613665,30.608355,33.772408,32.884773,36.762573,38.021618,38.812992,43.192326,38.77243,42.855026,40.07324,35.473373,31.51648,28.40669,27.702423,25.307392,23.154207,22.342512,25.14029,24.29925,23.080696,20.15523,16.526022,13.113249,10.226692,7.883168,11.0977125,10.308181,14.624643,13.347734,18.366484,20.475773,23.24877,24.838339,22.47766,27.959583,23.14646,26.914658,26.487902,29.52937
3,9.798695,5.74933,4.9624047,0.0,3.7924929,6.3438644,8.115061,13.559777,15.007935,18.62215,22.200758,24.660803,25.119991,21.74706,16.675627,17.517736,14.517256,16.829718,13.683875,17.177652,17.512215,18.848812,20.335098,21.491402,22.262562,20.91166,19.891739,17.083584,18.988657,15.020111,20.479631,14.8569355,20.507195,17.496096,20.031572,21.81387,19.79028,19.872448,15.760601,13.949123,18.856966,16.980877,20.75312,21.297243,18.878004,22.471205,20.66983,24.510908,24.913002,26.7611,28.209272,27.117208,31.988554,31.991087,33.926918,30.5995,29.321365,29.951614,34.46023,33.496635,29.1451,28.29154,33.020557,33.58325,36.69833,31.615837,29.787678,35.213474,31.405806,29.075474,30.922876,32.730446,29.42453,28.929487,32.766132,31.25476,35.648663,36.633587,36.94777,41.12702,36.434433,40.089703,37.09698,32.45417,28.734339,26.06431,25.963291,23.886782,21.857431,21.94865,25.024902,24.976185,24.66925,22.051672,18.786615,15.15763,12.145542,10.213141,12.62776,9.962338,15.009083,12.222775,17.671509,19.56438,22.001497,24.153404,22.141785,27.68509,22.998306,27.223753,26.54609,30.11176
4,12.558223,8.747675,6.8576336,3.7924929,0.0,6.2543125,5.1550374,11.245537,12.710511,15.7676115,19.893223,22.080057,22.677893,19.005238,13.779937,14.218298,11.338803,13.566388,11.455116,14.590421,15.826648,16.941757,19.098095,19.949223,20.177237,19.124514,17.410952,14.738179,16.172009,12.700045,17.911562,12.675438,18.628325,15.883101,19.002989,20.8535,19.659365,19.686403,15.206417,12.86821,17.701357,15.475158,18.842829,19.074701,17.149364,20.067606,18.954498,22.250675,23.18765,24.45718,25.55142,24.281818,29.182667,28.879766,31.153227,28.054857,26.415258,27.194834,31.456545,30.712397,26.520124,25.16071,29.76585,30.121508,33.377995,28.579048,26.353836,31.77872,28.065598,25.592686,27.455873,29.104845,25.758911,25.170822,28.998121,27.474716,31.881876,32.924614,33.295914,37.4867,32.781616,36.57867,33.610146,28.986446,25.176065,22.378044,22.240545,20.340649,18.665087,18.836151,22.144003,22.325104,22.28179,20.238628,17.35108,13.934793,11.550902,9.099382,10.329927,6.6888404,11.738506,8.751341,14.008669,16.076483,18.547205,20.575583,18.56371,24.032457,19.43114,23.79559,23.226992,26.99071
5,14.426267,10.896299,7.8311577,6.3438644,6.2543125,0.0,7.07914,8.444257,11.0754595,14.439991,17.49425,20.842575,22.285542,20.143915,15.356073,17.228745,15.505022,18.660082,17.568272,20.52393,22.047184,22.929184,25.181896,26.19167,26.312626,25.304256,23.228903,20.375288,20.906555,17.469854,20.582539,15.373885,19.490393,15.208445,18.366375,18.757551,17.446157,18.715002,14.457722,13.363505,19.119081,18.535938,21.400246,22.734327,21.889963,24.803928,24.489275,27.973816,29.230274,30.357899,31.22764,29.566792,34.355022,33.529892,35.94812,33.041637,30.75602,31.015257,35.18142,33.770283,29.365568,28.300028,32.145966,32.282406,35.025,30.029156,27.919388,32.711235,28.190477,26.12461,27.320593,29.611393,26.54428,26.895487,30.826872,30.2384,34.69089,36.360455,36.97058,41.03466,35.978428,39.902447,36.447834,32.01467,28.359516,25.575,25.764336,24.718279,23.849293,23.741413,27.226374,27.092178,26.381193,24.642687,21.564276,18.394333,16.16542,12.825441,13.934414,10.695248,14.506175,9.821773,15.998991,16.3631,18.464897,21.206259,19.770918,25.886003,22.418911,26.870857,27.228643,30.948076
6,17.60889,13.682786,11.574061,8.115061,5.1550374,7.07914,0.0,7.7355947,7.863975,11.063213,15.106948,16.974525,17.556162,14.123378,8.9559145,10.269599,8.503584,12.294373,12.475617,15.457392,17.817163,19.108662,21.794369,21.746145,21.254183,20.135357,17.201614,14.2131405,14.004056,10.949552,13.884612,8.997577,14.160598,11.259997,14.894716,16.584953,16.296837,16.440258,11.763383,9.263079,14.2286215,12.707854,15.235732,16.04229,15.685373,17.997862,18.507372,21.709108,23.614805,24.331337,24.986614,22.898705,27.56079,26.598448,28.961895,26.159668,23.691898,23.98047,28.127268,26.89091,22.601294,21.349033,25.517904,25.89726,28.841433,23.855413,21.857481,27.164373,23.335247,21.095938,23.262787,25.282343,22.332397,21.685616,26.133638,24.561874,29.410158,30.604342,30.75503,34.685814,29.56941,33.199993,29.811985,25.284729,21.697708,19.210217,19.814274,18.980852,18.368956,19.20109,22.873426,23.67062,24.142628,23.006151,20.672016,17.633066,15.8644,13.161395,12.967379,8.191614,12.039372,6.752643,12.14689,13.114543,14.982823,17.7492,16.449976,22.044535,18.42485,23.178728,23.032286,27.237564
7,22.30247,18.724834,15.342086,13.559777,11.245537,8.444257,7.7355947,0.0,5.1773906,6.4202967,9.879443,13.489915,16.08658,14.997815,11.169731,13.589601,13.959646,17.561567,19.422016,21.451258,24.514563,25.088602,28.270906,28.495115,27.562733,26.977285,23.484478,20.906546,19.534208,17.561977,17.45918,14.100318,16.275791,11.896834,16.119642,15.479269,16.527792,18.263594,14.038285,12.971796,18.134966,18.299028,19.46166,21.047108,22.271248,23.652468,25.421175,27.952982,30.437916,30.404076,30.402544,27.982609,32.358047,30.46547,33.438942,31.289713,27.793295,27.735235,31.13061,29.512892,25.461378,23.782001,26.396816,25.969309,28.35331,23.865625,21.223415,25.280603,20.315866,18.47169,19.290503,21.99899,19.415003,20.299435,24.547102,24.60018,29.199429,31.399973,32.10455,35.827763,30.45698,34.492775,30.647867,26.618223,23.232706,20.586618,21.352936,21.879831,22.679558,22.896732,26.722904,27.12767,26.858116,26.620724,24.453394,22.008366,20.895885,17.166788,16.094301,12.091475,13.476969,6.9985595,11.958804,10.037304,11.1494875,14.7847185,14.514615,20.656319,19.05481,23.697384,24.995775,29.049768
8,24.60321,20.680653,18.107569,15.007935,12.710511,11.0754595,7.863975,5.1773906,0.0,4.991617,7.377392,9.829473,11.435483,10.495121,7.356677,10.993545,12.124928,16.768715,19.097612,21.555521,24.687937,25.885294,28.937674,28.357002,27.26612,26.22063,22.339157,19.38246,17.204178,15.265969,13.35063,10.51434,11.262517,6.9048467,11.282966,11.035779,12.729516,14.044005,10.035315,9.072273,13.605179,14.543036,15.054682,17.274593,19.400675,20.74033,23.251972,26.155914,28.997946,29.06316,29.10973,26.131004,30.1706,28.170174,30.643002,28.489563,24.797445,24.12615,27.73822,25.474297,21.209982,20.357468,22.957762,23.126514,25.084667,19.90601,18.40258,22.717766,18.118004,16.728415,18.719475,21.74799,19.78139,19.83346,24.89538,24.054508,29.193493,30.95902,31.023642,34.39375,28.739033,32.120033,27.974049,23.975708,21.065891,19.21563,20.87821,21.87765,22.840334,23.971918,27.829983,28.930262,29.457542,29.25459,27.290163,24.657686,23.31873,20.128078,19.137129,14.488107,16.36059,9.777397,13.969132,12.06192,12.283331,16.397625,16.652552,22.230658,20.810898,25.618113,26.476387,30.860086
9,27.842875,24.098724,21.04454,18.62215,15.7676115,14.439991,11.063213,6.4202967,4.991617,0.0,5.4689784,7.7253,10.875011,10.570468,8.6318445,11.216285,13.441728,17.183727,20.856665,22.365507,26.150536,26.816875,30.315735,29.706934,28.119074,27.619322,23.297564,20.957413,18.159985,17.45972,14.548188,13.398528,13.591811,10.446377,14.772943,14.016007,16.826508,18.194366,14.564169,13.456201,17.040487,17.640602,17.280764,18.927729,21.716608,21.895065,25.181076,27.069822,30.36393,29.631775,29.088934,26.035917,29.821493,27.22231,30.290121,28.734325,24.46559,23.997004,26.77893,24.89866,21.233871,19.347422,20.950188,20.337309,22.31778,18.079819,15.409719,19.064188,14.030029,12.504527,13.877379,17.009491,15.220838,15.843884,20.752935,20.643497,25.560577,27.785877,28.175598,31.428492,25.79353,29.53148,25.357645,21.702229,18.833035,16.80898,18.455198,20.321299,22.249231,23.15824,26.99562,28.114553,28.61912,29.228561,27.760378,25.674322,25.017122,21.629734,19.7191,15.488716,15.71947,9.847743,11.993996,8.723346,7.964513,12.360834,13.392086,18.603392,18.459547,23.031029,24.538097,28.831783
10,31.596424,27.774424,24.863358,22.200758,19.893223,17.49425,15.106948,9.879443,7.377392,5.4689784,0.0,4.9659886,9.047902,11.688351,11.699331,15.162762,17.73377,21.993166,25.549627,27.401487,31.054125,31.99,35.35553,34.53218,32.981686,32.200085,27.802788,25.194746,22.023941,21.166706,16.668661,16.076244,13.786046,10.30778,13.689667,11.307122,15.0541935,17.098711,14.596437,14.70222,17.691343,19.743217,18.721329,21.30538,24.830553,25.148933,28.868624,31.139288,34.573746,33.982285,33.45898,30.050116,33.452793,30.624338,33.304398,31.900826,27.373657,26.169281,28.822008,26.059822,22.406322,21.52242,22.15576,21.780321,22.649908,18.145601,16.816399,19.32823,14.049569,13.85396,15.044646,18.900938,18.200344,19.133905,24.136429,24.269436,29.186104,31.4925,31.633137,34.38279,28.584936,31.74886,27.179964,24.043322,21.940775,20.683907,22.88598,25.251993,27.367836,28.506664,32.32742,33.55131,34.062813,34.655807,33.076817,30.863857,29.964457,26.518503,24.918161,20.626959,21.10421,15.039991,17.371094,13.637682,12.131539,16.557678,18.206228,22.994314,23.633642,28.054258,29.74265,34.017887
11,34.318474,30.371922,27.819351,24.660803,22.080057,20.842575,16.974525,13.489915,9.829473,7.7253,4.9659886,0.0,4.8317018,8.647032,10.801689,13.901266,17.229801,21.388176,25.639448,27.282288,31.124456,32.264175,35.634197,34.197025,32.342567,31.490557,26.777094,24.336313,20.45299,20.373585,14.212625,15.352182,11.726627,10.308911,13.067268,11.588807,16.046144,17.176052,15.248194,15.077419,16.427498,18.544174,16.463581,18.961584,23.373291,22.952873,27.494144,29.412931,33.230743,32.343758,31.604296,27.830956,30.689072,27.587156,30.01703,28.963392,24.14725,22.538942,24.834148,21.762232,18.422438,17.80768,17.794008,17.706005,18.103714,13.4033985,12.940507,15.352855,10.719198,11.146963,13.633213,17.395258,17.400013,17.436466,22.85867,22.24357,27.381771,29.291037,28.921885,31.230127,25.345373,27.91629,23.170288,20.333069,18.884274,18.47889,21.34377,24.259977,26.73506,28.46826,32.16116,33.925106,35.085392,35.954468,34.749695,32.633366,31.86743,28.80599,26.950266,22.491695,22.82349,17.232067,18.497728,15.128258,13.125011,17.21564,19.175861,23.024416,23.981445,28.26691,29.65085,34.041622
12,34.898613,30.848614,28.896223,25.119991,22.677893,22.285542,17.556162,16.08658,11.435483,10.875011,9.047902,4.8317018,0.0,5.926615,9.89349,12.988745,16.33759,20.755583,24.822514,26.76093,30.346603,31.956871,35.03432,33.06452,31.246391,30.006416,25.320784,22.716415,18.556076,18.554852,11.195051,13.392372,8.198257,8.925889,10.50383,10.374104,14.781817,14.882799,13.683773,13.486963,13.162669,15.673928,12.835696,15.696453,20.64841,20.203228,25.058142,27.260578,31.129145,30.48124,29.934036,25.891325,28.393124,25.495014,27.221468,26.06315,21.40617,19.2114,21.859314,18.127432,14.522934,15.167246,15.528209,16.509449,16.587975,10.72769,12.363226,15.487926,12.360669,12.940278,16.648123,19.947699,20.051752,19.000011,24.744438,22.983686,28.412916,29.628,28.600977,30.646612,24.742573,26.501112,21.707664,18.823322,17.906956,18.336676,21.681442,24.42134,26.576601,28.929537,32.502064,34.695,36.395176,37.02602,35.869167,33.568058,32.57822,29.985052,28.38633,23.684618,24.633762,19.157896,20.530687,18.051645,16.37138,20.194147,21.8356,25.350449,25.678724,30.014446,30.745806,35.27594
13,31.28543,27.294983,25.67785,21.74706,19.005238,20.143915,14.123378,14.997815,10.495121,10.570468,11.688351,8.647032,5.926615,0.0,5.270668,7.478892,10.852102,15.133635,19.279217,21.134253,24.67981,26.402523,29.395714,27.235628,25.387096,24.121319,19.416035,16.874777,12.630459,12.945039,5.633496,8.591895,5.9132266,8.2916,10.666294,12.75423,15.835074,14.932311,12.634358,10.988979,10.412966,11.105165,8.453149,10.366802,15.149041,14.484386,19.30548,21.384724,25.236294,24.612556,24.196648,20.239828,23.093693,20.57094,22.36288,20.812899,16.419697,14.760227,18.120514,15.171431,11.0257635,10.964048,13.406404,14.741487,16.281311,10.275187,10.898271,15.973093,13.611286,12.817057,17.187609,19.640867,18.843405,16.810966,22.63898,19.868929,25.513512,26.196321,25.011326,27.529713,21.721348,23.746433,19.362366,15.595895,13.93976,14.134331,17.371439,19.467365,21.170408,23.833557,27.31155,29.719128,31.791855,32.248917,31.242483,28.95678,28.032696,25.910198,24.29406,19.618654,20.837164,16.054857,17.114285,15.961715,15.036714,18.326767,19.23103,22.633795,21.823166,26.224823,26.281422,30.887287
14,26.145784,22.19017,20.48204,16.675627,13.779937,15.356073,8.9559145,11.169731,7.356677,8.6318445,11.699331,10.801689,9.89349,5.270668,0.0,4.444052,6.7148023,11.649807,15.097745,17.30368,20.718588,22.341183,25.35691,23.762789,22.239885,21.022806,16.614956,13.768848,10.527798,9.659673,6.3373394,5.378591,7.468911,7.403399,11.04766,13.361035,15.2510605,14.593597,10.923464,8.352171,10.156151,9.463548,9.108917,10.374963,13.305502,13.70815,17.18127,19.681828,23.020966,22.790167,22.731253,19.354156,23.12438,21.19262,23.363995,21.215967,17.511019,16.860931,20.703764,18.718334,14.449847,13.494289,17.109312,17.94583,20.387432,14.991238,13.955252,19.436975,16.382107,14.666911,18.27775,20.510315,18.656893,16.974724,22.473139,19.974554,25.494997,26.347351,25.683176,28.906904,23.304966,26.147522,22.219275,17.919968,15.128049,13.966912,16.248274,17.257412,18.21533,20.43904,24.099722,26.097712,27.78799,27.812487,26.482698,24.010494,22.932322,20.721922,19.330101,14.544785,16.348814,11.359784,13.444305,13.097064,13.202492,16.450132,16.530983,20.83461,18.866716,23.569708,23.480757,28.094713
15,26.260593,22.545177,20.976467,17.517736,14.218298,17.228745,10.269599,13.589601,10.993545,11.216285,15.162762,13.901266,12.988745,7.478892,4.444052,0.0,4.0872126,7.7699757,12.422465,13.802288,17.63115,19.046103,22.247372,20.396162,18.491522,17.632055,12.891044,10.673778,7.032808,7.803242,6.339642,6.7979097,10.658069,11.747019,15.032797,17.73643,19.456041,18.403582,14.744275,11.719947,12.726084,10.270457,10.022708,9.240254,11.625709,10.846895,14.521172,16.015167,19.604404,18.835314,18.516422,15.237593,19.188694,17.318123,19.898012,17.833252,14.227705,14.452048,18.076046,17.2059,13.489249,11.173912,15.555488,16.202156,19.458088,14.926531,12.919283,18.879568,16.679659,14.369337,18.138214,19.498055,17.292768,14.820619,20.011194,16.798422,22.237625,22.68704,21.968237,25.43029,20.100864,23.178741,19.754753,15.176857,11.880275,10.393107,12.409602,13.068806,14.042953,16.606213,20.128132,22.455303,24.630623,24.932972,24.083162,21.955576,21.343134,19.61184,17.75214,13.399475,14.608502,11.330747,11.710655,12.640333,13.089988,15.268139,14.910504,18.378313,15.859026,20.347675,19.765106,24.388273
16,22.753023,19.149532,18.029364,14.517256,11.338803,15.505022,8.503584,13.959646,12.124928,13.441728,17.73377,17.229801,16.33759,10.852102,6.7148023,4.0872126,0.0,5.423937,8.554201,10.683654,14.047071,15.762826,18.709845,17.078245,15.623562,14.492367,10.265017,7.5258436,5.681231,4.7507014,8.250069,6.1921916,12.3759775,12.999235,16.06961,19.209288,19.939306,18.657562,14.701694,11.313468,12.890719,9.283843,10.749165,9.422507,9.546518,10.061954,11.958736,14.131689,17.029907,16.960703,17.267118,14.639316,19.14313,18.185417,20.472502,17.784986,15.302103,16.047993,20.127747,19.663294,15.869565,13.96244,19.0012,19.802555,23.250416,18.731533,16.85681,22.858177,20.65009,18.18177,21.602156,22.757113,20.085901,17.726261,22.396526,19.12001,24.225803,24.426113,23.82236,27.5735,22.65849,25.781494,22.825674,18.142902,14.649201,12.784998,13.857353,13.00795,12.562051,15.00912,18.466152,20.593061,22.7057,22.330309,21.196642,18.779673,17.86147,16.561274,15.228681,10.951064,13.244631,10.634038,11.9177885,14.033629,15.306979,17.13656,15.98674,19.746061,15.939543,20.409107,19.23294,23.735758
17,23.390701,20.376595,19.384151,16.829718,13.566388,18.660082,12.294373,17.561567,16.768715,17.183727,21.993166,21.388176,20.755583,15.133635,11.649807,7.7699757,5.423937,0.0,6.428529,6.1668696,10.425728,11.478917,14.832829,13.1159725,11.060794,10.888004,6.4625635,5.8611093,5.722753,7.306556,12.216529,11.38563,17.417618,18.377544,21.442863,24.582811,25.33693,23.980148,20.047525,16.622227,17.837591,13.561103,14.913694,12.173455,11.016141,10.088052,10.996011,11.071913,13.877623,12.948264,12.93664,11.200652,16.088593,15.589261,18.462618,15.9766655,14.260227,16.337576,19.690218,20.71524,17.884693,14.735645,19.898035,20.251545,24.354635,21.038902,18.212242,24.104086,22.61176,19.708776,22.794264,22.973352,19.924871,17.11884,20.757051,17.051346,21.490444,21.219448,20.821232,24.916779,20.763815,24.238441,22.198805,17.590633,13.750795,11.343466,11.071668,8.652736,7.235412,10.053954,13.25446,15.734786,18.472656,18.415546,18.019093,16.256083,16.18366,15.689577,13.760446,10.87729,11.998971,12.336256,11.44903,14.992846,16.641893,17.064642,15.276583,17.774685,13.010512,16.838953,14.793646,19.127718
18,18.544847,15.933276,16.134018,13.683875,11.455116,17.568272,12.475617,19.422016,19.097612,20.856665,25.549627,25.639448,24.822514,19.279217,15.097745,12.422465,8.554201,6.428529,0.0,4.6104803,5.794822,8.244682,10.422402,9.343991,9.073265,7.80453,6.4339433,5.0269356,9.029066,7.5702643,15.596516,12.792603,19.824862,20.276762,22.814535,26.320808,25.849722,24.25424,20.367275,17.000793,18.623028,13.88885,16.84196,14.360265,10.552701,12.141607,9.456601,11.358434,11.976262,13.140355,14.634099,14.189551,19.094059,19.935394,21.788862,18.505003,18.38642,20.345352,24.344662,25.150494,21.956802,19.994413,25.600039,26.383808,30.311499,26.419352,24.283003,30.27893,28.495832,25.684052,28.625404,29.036558,25.76766,23.34408,26.721573,23.255047,27.32183,26.86242,26.488274,30.59516,26.833473,29.99324,28.183998,23.588835,19.972061,17.755217,17.16743,13.793732,10.401992,12.196344,14.66141,16.35753,18.615631,16.899858,15.699633,13.187317,12.140891,12.906695,12.655551,10.537753,13.620332,14.304983,15.327934,19.224987,21.416145,22.05098,19.759829,22.854452,17.192871,20.696026,18.122175,21.820738
19,21.178457,19.026583,18.768606,17.177652,14.590421,20.52393,15.457392,21.451258,21.555521,22.365507,27.401487,27.282288,26.76093,21.134253,17.30368,13.802288,10.683654,6.1668696,4.6104803,0.0,4.7678404,5.363282,8.742028,7.72155,6.240915,6.967862,5.5802827,6.9940214,10.246567,10.797282,17.74246,16.058138,22.743309,23.417295,26.283989,29.596508,29.635885,28.171267,24.19319,20.766201,22.225607,17.463764,19.705414,16.637537,13.44905,13.335318,11.25942,10.615746,11.399544,11.119113,11.945427,12.378082,17.252174,18.107517,20.614902,17.87266,17.86769,20.586018,23.771614,25.52614,23.031307,20.046165,25.353264,25.656542,29.949118,26.985336,24.06118,29.813942,28.458406,25.39889,28.039518,27.788832,24.381895,21.781511,24.338253,20.817198,24.23986,23.569525,23.47385,27.744305,24.57629,28.050217,26.8368,22.449793,18.707445,16.188654,14.728502,10.550092,6.3729844,8.045085,10.142613,12.190553,15.103422,14.065606,13.867886,12.370729,12.629929,13.681324,12.391924,11.498926,12.866598,15.393614,14.592526,19.03921,21.260529,20.962194,18.44493,20.441683,14.504861,17.286913,14.157668,17.612127
20,19.616713,18.088621,18.853605,17.512215,15.826648,22.047184,17.817163,24.514563,24.687937,26.150536,31.054125,31.124456,30.346603,24.67981,20.718588,17.63115,14.047071,10.425728,5.794822,4.7678404,0.0,3.7898436,4.7740426,4.232977,5.272218,5.1807985,7.5007005,8.740713,13.253918,12.822346,20.753288,18.462069,25.405308,26.067286,28.502016,32.096718,31.471655,29.76313,25.993065,22.670935,24.004883,19.056515,21.929441,18.876081,14.427764,15.3699045,11.29886,11.360871,10.128655,11.476516,13.39608,14.736342,19.244724,21.030499,22.726877,19.587324,20.707047,23.37052,26.840345,28.57218,26.017263,23.70972,29.307274,29.94093,34.139515,30.909874,28.47018,34.326363,33.001537,30.012207,32.72216,32.547905,29.109894,26.547836,29.000444,25.42596,28.619328,27.66556,27.430786,31.5774,28.752483,31.861004,30.884878,26.548891,23.031013,20.79426,19.374859,15.028802,10.486004,11.530112,12.5055485,13.936574,16.547253,14.287506,13.763732,12.0577345,11.766916,14.152671,14.120293,13.965901,16.177458,18.726603,18.782475,23.261065,25.64333,25.464306,22.79768,24.908588,18.74935,21.133497,17.698595,20.461988
21,20.252962,19.104572,19.343184,18.848812,16.941757,22.929184,19.108662,25.088602,25.885294,26.816875,31.99,32.264175,31.956871,26.402523,22.341183,19.046103,15.762826,11.478917,8.244682,5.363282,3.7898436,0.0,4.182118,5.8798547,6.129159,7.940339,9.6658745,11.521735,15.425417,15.520649,22.983961,20.85311,27.760643,28.101887,30.930172,34.198093,33.82196,32.42351,28.407614,25.072498,26.833494,22.012041,24.65981,21.591621,17.672134,17.983797,14.62675,13.613881,12.6501255,12.886845,14.103269,15.958254,20.378475,21.908203,24.219822,21.53353,22.375364,25.361498,28.325722,30.473265,28.171446,25.186234,30.436136,30.590815,34.995804,32.288277,29.15551,34.759525,33.377155,30.202148,32.43209,31.908089,28.269413,25.965075,27.719847,24.594997,27.20004,26.422562,26.686012,31.010597,28.547956,32.0994,31.390139,27.191544,23.484383,20.822046,18.730232,14.029303,9.38546,9.1529455,9.574684,10.415562,12.932304,10.762713,10.845361,9.997315,10.826672,13.312089,12.710055,13.708065,14.885103,18.717934,17.949282,22.714365,25.255272,24.476055,21.559832,23.190825,16.849388,18.619625,15.060612,17.339296
22,20.25065,19.665642,20.752821,20.335098,19.098095,25.181896,21.794369,28.270906,28.937674,30.315735,35.35553,35.634197,35.03432,29.395714,25.35691,22.247372,18.709845,14.832829,10.422402,8.742028,4.7740426,4.182118,0.0,4.629272,6.9937134,8.053163,11.658487,13.415709,17.902487,17.565302,25.516193,23.1597,30.148901,30.641258,33.09352,36.62361,35.803177,34.159157,30.377892,27.12696,28.61272,23.673254,26.643526,23.522516,18.865524,19.725683,15.234207,14.576091,12.237171,13.584144,15.526484,17.904968,21.94106,24.161154,25.793694,22.861609,24.545792,27.486963,30.62908,32.787548,30.503674,28.025646,33.51635,33.97539,38.30419,35.411564,32.710613,38.427452,37.176533,34.07298,36.47672,36.00593,32.41198,30.001331,31.785025,28.456234,30.97146,29.884245,29.918074,34.078,31.876799,35.049046,34.53904,30.38695,26.892336,24.532679,22.599558,17.887968,13.147567,13.119682,12.844663,13.41655,15.676366,12.745565,12.641846,11.756692,12.030573,15.3973875,15.725251,16.901669,18.654871,22.199099,21.970316,26.68465,29.251207,28.61628,25.691921,27.343964,20.998377,22.545197,18.820303,20.605747
23,22.99207,21.771275,22.881672,21.491402,19.949223,26.19167,21.746145,28.495115,28.357002,29.706934,34.53218,34.197025,33.06452,27.235628,23.762789,20.396162,17.078245,13.1159725,9.343991,7.72155,4.232977,5.8798547,4.629272,0.0,3.4954872,3.814963,8.298414,10.593379,14.996408,15.281544,22.869722,21.284943,27.944872,29.226482,31.364092,35.244247,34.64781,32.61428,29.132103,25.802536,26.391678,21.261639,23.851833,20.325096,15.655896,16.013117,11.409038,10.192527,7.625092,9.251569,11.657019,13.995917,17.819782,20.396116,21.539476,18.48772,20.63715,23.592482,26.736443,28.99399,26.962729,24.76012,30.386833,31.200811,35.40979,32.54447,30.361938,36.150208,35.42633,32.485874,35.404438,34.93142,31.659975,28.706758,30.87467,26.836681,29.658289,28.098845,27.544024,31.433237,29.225632,31.852049,31.44041,27.374119,24.234903,22.460114,20.999744,16.551186,11.91817,13.317274,13.22239,15.057587,18.285557,16.244297,16.425823,15.335047,15.355238,18.132282,18.04323,18.113459,19.93185,22.706127,22.241352,26.7534,28.96944,28.54191,25.958748,27.32849,21.322641,23.102442,19.1676,21.431068
24,24.885406,23.289307,23.834494,22.262562,20.177237,26.312626,21.254183,27.562733,27.26612,28.119074,32.981686,32.342567,31.246391,25.387096,22.239885,18.491522,15.623562,11.060794,9.073265,6.240915,5.272218,6.129159,6.9937134,3.4954872,0.0,3.6127331,6.1785984,9.424014,13.08346,14.366661,21.195997,20.337282,26.720427,28.265074,30.596584,34.389736,34.281662,32.299675,28.757027,25.335426,25.733782,20.62022,22.663128,18.879698,14.958939,14.239718,10.823785,8.18165,7.070571,6.85567,8.614996,10.988085,14.956619,17.249914,18.85548,16.127129,17.92218,21.144186,23.913675,26.493973,24.759819,22.060642,27.495388,28.138956,32.435375,29.964651,27.537317,33.195126,32.744766,29.787182,32.72909,32.045918,28.893122,25.736279,27.794619,23.56627,26.336658,24.661198,24.050047,27.944984,25.790602,28.485254,28.187563,24.209375,21.095474,19.377153,17.848263,13.450433,8.96865,10.972323,10.946287,13.519453,17.323744,16.194494,16.849245,16.046324,16.51284,18.684767,17.824814,17.60148,18.748854,21.622086,20.388548,24.84515,26.858215,26.21619,23.792196,24.677197,18.94829,20.6324,16.621912,19.122969
25,23.909815,22.088129,23.062935,20.91166,19.124514,25.304256,20.135357,26.977285,26.22063,27.619322,32.200085,31.490557,30.006416,24.121319,21.022806,17.632055,14.492367,10.888004,7.80453,6.967862,5.1807985,7.940339,8.053163,3.814963,3.6127331,0.0,5.1214767,7.393196,11.654475,12.240452,19.489916,18.360056,24.733232,26.480314,28.412237,32.46625,32.053383,29.81742,26.532173,23.18437,23.22331,18.046236,20.36935,16.684536,12.114203,12.250849,7.7330813,6.74551,4.973672,6.9753976,9.663145,11.0944,15.113718,17.59061,18.464806,15.149633,17.211771,19.967974,23.372698,25.374262,23.275625,21.381634,27.146074,28.257057,32.3024,29.219816,27.487572,33.366577,32.824783,30.054352,33.35217,33.070526,30.056387,26.83145,29.534878,25.112577,28.436861,26.787039,25.819452,29.544409,26.953224,29.262943,28.592575,24.463919,21.517456,20.146864,19.27234,15.314943,11.129871,13.602165,14.212489,16.703379,20.204546,18.645695,18.659405,17.182318,16.87658,19.006483,18.682587,17.748575,19.776934,21.625092,21.27562,25.457718,27.390968,27.327715,25.06872,26.579908,20.93848,23.211397,19.474913,22.345837
26,24.835505,22.3332,22.512758,19.891739,17.410952,23.228903,17.201614,23.484478,22.339157,23.297564,27.802788,26.777094,25.320784,19.416035,16.614956,12.891044,10.265017,6.4625635,6.4339433,5.5802827,7.5007005,9.6658745,11.658487,8.298414,6.1785984,5.1214767,0.0,3.9156446,6.933938,8.773157,15.042716,14.655012,20.700954,22.65387,24.858389,28.73875,28.941965,26.85543,23.464186,20.033745,19.980629,14.9454,16.603691,12.804571,9.541205,8.451977,6.5729737,5.3215933,7.4251842,7.1521454,8.44425,7.9481945,12.7516165,14.103985,15.725014,12.584169,13.22249,15.912562,19.370903,21.153479,18.91941,16.564674,22.281582,23.301088,27.35276,24.256174,22.3751,28.27928,27.737232,25.016542,28.476515,28.303226,25.477942,22.11153,25.26466,20.712746,24.567493,23.16948,22.10102,25.87046,22.6503,25.157091,24.017647,19.708652,16.617676,15.281447,14.869907,11.559,8.3299,11.783869,13.444286,16.447844,20.046228,19.373232,19.38749,17.806698,17.62645,18.638964,17.531267,15.628367,17.241358,18.358547,17.60355,21.404833,23.016405,23.144533,21.246452,22.811834,17.716896,20.527697,17.283995,20.890821
27,22.955967,20.055744,20.309055,17.083584,14.738179,20.375288,14.2131405,20.906546,19.38246,20.957413,25.194746,24.336313,22.716415,16.874777,13.768848,10.673778,7.5258436,5.8611093,5.0269356,6.9940214,8.740713,11.521735,13.415709,10.593379,9.424014,7.393196,3.9156446,0.0,4.9522963,5.0146713,12.321893,11.083281,17.426664,19.210268,21.24907,25.227642,25.178247,23.045887,19.680653,16.272861,16.332243,11.267191,13.447698,10.153741,6.4761047,7.1613355,5.391403,7.6326017,9.634869,10.537455,11.9819355,10.477434,15.150806,16.012825,17.302933,13.840394,13.790437,15.584345,19.804295,20.543959,17.522692,15.982977,21.871433,23.18706,26.922995,22.98195,21.63374,27.724737,26.675905,24.139025,27.76987,28.175507,25.423492,22.320158,26.163105,21.870712,26.296213,25.324745,24.228382,27.927597,24.056059,26.500303,24.674793,20.151413,17.047924,15.768731,16.03728,13.415605,10.800975,13.974891,16.300463,18.922045,21.958635,20.93097,20.253475,18.038124,17.165348,17.708519,17.031935,14.248306,16.77917,16.551052,16.998634,20.343117,21.913654,22.777464,21.058374,23.580048,18.664326,22.16525,19.484592,23.428146
28,26.27067,22.958445,22.549847,18.988657,16.172009,20.906555,14.004056,19.534208,17.204178,18.159985,22.023941,20.45299,18.556076,12.630459,10.527798,7.032808,5.681231,5.722753,9.029066,10.246567,13.253918,15.425417,17.902487,14.996408,13.08346,11.654475,6.933938,4.9522963,0.0,4.759619,8.145268,8.937722,14.07883,16.59323,18.7181,22.554827,23.36203,21.28718,18.116554,14.794119,14.155245,9.661411,10.266155,6.742869,6.4954886,4.714084,7.8575573,9.158188,12.780585,12.384605,12.723387,9.613149,13.877441,13.466959,15.110848,12.166617,10.35861,11.620533,15.881305,16.166199,13.016669,11.201705,17.049591,18.49517,22.06909,18.034426,16.917103,23.023579,22.22775,19.912514,23.947618,24.508926,22.229248,18.854927,23.273613,18.765072,23.699438,22.86466,21.462864,24.88126,20.435915,22.709608,20.359327,15.774683,12.867225,12.169836,13.493206,12.376326,11.572686,15.173765,17.89795,20.857836,23.98158,23.784275,23.311558,21.262138,20.623108,20.314291,18.964134,15.456187,17.248802,15.971916,15.878987,18.35304,19.272366,20.459015,19.415047,21.742973,17.943247,21.705843,19.63727,23.947521
29,22.548857,19.069477,19.036364,15.020111,12.700045,17.469854,10.949552,17.561977,15.265969,17.45972,21.166706,20.373585,18.554852,12.945039,9.659673,7.803242,4.7507014,7.306556,7.5702643,10.797282,12.822346,15.520649,17.565302,15.281544,14.366661,12.240452,8.773157,5.0146713,4.759619,0.0,8.512254,6.131481,12.6991205,14.3202305,16.252068,20.262459,20.203697,18.100252,14.731937,11.336105,11.530611,6.683653,9.27237,7.252947,5.102084,7.5014205,8.0012455,11.756634,14.106106,15.142433,16.282757,13.801532,18.131807,18.133944,19.30369,15.938466,14.667685,15.238071,19.993896,19.400112,15.49464,14.893002,20.577866,22.13997,25.369267,20.506594,19.819893,25.93458,24.297464,22.096188,25.905731,27.029476,24.543232,21.802895,26.429522,22.53436,27.55571,27.118956,25.997297,29.519785,24.904161,27.269814,24.602324,19.989166,17.024843,15.942883,17.10957,15.65285,14.156634,17.080545,20.024046,22.381138,24.871809,23.865261,22.637886,19.965963,18.559252,18.165155,17.685923,13.780196,16.90591,14.678241,16.403854,18.759523,20.029568,21.839645,20.587133,24.034193,19.807613,23.967476,22.093473,26.391836
30,29.426134,25.565817,24.73505,20.479631,17.911562,20.582539,13.884612,17.45918,13.35063,14.548188,16.668661,14.212625,11.195051,5.633496,6.3373394,6.339642,8.250069,12.216529,15.596516,17.74246,20.753288,22.983961,25.516193,22.869722,21.195997,19.489916,15.042716,12.321893,8.145268,8.512254,0.0,5.8640714,6.5050464,10.428282,11.922119,15.645082,17.351864,15.308438,12.979962,10.464735,8.428974,6.8649907,4.2591186,4.7708187,9.689363,9.188744,13.929873,16.453138,20.130281,19.979593,20.045788,16.138174,19.129545,17.472794,18.553263,16.298506,12.788315,11.357918,15.856683,13.42306,8.827985,9.486491,14.103508,16.22745,18.421371,12.6752205,13.638127,19.398018,18.105663,16.81752,21.3875,23.12344,21.822968,18.972406,24.500586,20.653923,26.235176,26.082087,24.46024,27.144474,21.755854,23.37279,19.656511,15.462387,13.648079,14.053667,16.976248,17.943274,18.631563,21.849983,25.032286,27.75795,30.342308,30.341204,29.405245,26.99936,25.902426,24.572998,23.34037,18.822805,20.76156,16.914299,18.00701,18.368418,18.231504,20.85731,20.970049,24.06957,21.953,26.23498,25.320333,29.890999
31,23.940908,20.002327,19.34529,14.8569355,12.675438,15.373885,8.997577,14.100318,10.51434,13.398528,16.076244,15.352182,13.392372,8.591895,5.378591,6.7979097,6.1921916,11.38563,12.792603,16.058138,18.462069,20.85311,23.1597,21.284943,20.337282,18.360056,14.655012,11.083281,8.937722,6.131481,5.8640714,0.0,7.1601553,8.223036,10.312422,14.147793,14.476916,12.68351,9.195769,5.9012966,6.785538,4.4536834,6.272215,7.609868,9.091217,11.291098,13.531314,17.3679,20.073881,20.879251,21.608988,18.47192,22.354395,21.40687,22.638828,19.72798,17.188198,16.48261,21.226662,19.171684,14.547744,14.924128,19.652332,21.27746,23.721188,17.95775,18.027727,23.79015,21.365238,19.722599,23.552208,25.555355,23.54091,21.42664,26.738922,23.545408,28.998764,29.221926,28.173512,31.41458,26.120964,28.420687,24.86829,20.430586,17.8134,16.991474,19.008142,18.900974,18.593328,21.1757,24.571669,26.676245,28.621298,27.856157,26.259377,23.38442,21.722458,20.26487,19.779078,15.067634,18.191132,13.758676,16.655415,17.419273,18.093538,21.008667,20.493952,24.745844,21.65924,26.279322,25.365253,29.897417
32,29.991936,25.941336,25.026827,20.507195,18.628325,19.490393,14.160598,16.275791,11.262517,13.591811,13.786046,11.726627,8.198257,5.9132266,7.468911,10.658069,12.3759775,17.417618,19.824862,22.743309,25.405308,27.760643,30.148901,27.944872,26.720427,24.733232,20.700954,17.426664,14.07883,12.6991205,6.5050464,7.1601553,0.0,5.5376663,5.662617,9.449136,11.387425,9.542621,8.178358,7.2552624,5.0305305,7.998245,5.759388,9.788043,13.943845,15.084212,18.874847,22.407124,25.62959,26.081602,26.412928,22.593498,25.50689,23.795866,24.57654,22.327677,18.909906,16.746162,21.038216,17.35686,12.596882,14.741431,17.841787,19.935284,20.988787,14.449522,16.55784,21.374094,19.062754,18.58193,22.73743,25.429167,24.49798,22.594572,28.383196,25.43816,31.097626,31.505436,30.090721,32.579742,26.918737,28.40602,24.169647,20.438381,18.99347,19.284153,22.289341,23.546473,24.27291,27.047503,30.493906,32.809174,34.80411,34.49289,32.994823,30.209923,28.60491,26.740118,26.025171,21.149302,23.624092,18.291363,20.90279,20.11545,19.677864,23.267336,23.77336,27.78947,26.161865,30.759626,30.417358,35.04307
33,27.20843,23.128557,21.70488,17.496096,15.883101,15.208445,11.259997,11.896834,6.9048467,10.446377,10.30778,10.308911,8.925889,8.2916,7.403399,11.747019,12.999235,18.377544,20.276762,23.417295,26.067286,28.101887,30.641258,29.226482,28.265074,26.480314,22.65387,19.210268,16.59323,14.3202305,10.428282,8.223036,5.5376663,0.0,4.499783,6.212398,7.9956937,8.034333,5.0662785,5.121615,7.7136316,10.647839,10.423844,14.004135,16.92325,18.761593,21.655195,25.39589,28.283373,28.878803,29.27175,25.814056,29.326185,27.57767,28.977104,26.61401,23.166748,21.540653,25.68723,22.38272,17.718204,18.805569,21.62863,22.946022,24.17818,17.955431,18.756681,23.256779,19.655659,19.0073,22.226192,25.34512,24.054216,23.125765,28.74322,26.782188,32.320423,33.379498,32.59748,35.479176,29.707699,31.985277,27.649956,23.787306,21.703705,21.04985,23.544819,24.623758,25.28573,27.346619,31.0445,32.764202,34.01844,33.51333,31.583946,28.655853,26.875793,24.414978,23.940357,19.03537,21.69854,15.530631,19.330717,17.980804,17.781483,21.824781,22.25418,27.177534,25.569054,30.375452,30.555143,35.125458
34,29.395884,25.368116,24.542255,20.031572,19.002989,18.366375,14.894716,16.119642,11.282966,14.772943,13.689667,13.067268,10.50383,10.666294,11.04766,15.032797,16.06961,21.442863,22.814535,26.283989,28.502016,30.930172,33.09352,31.364092,30.596584,28.412237,24.858389,21.24907,18.7181,16.252068,11.922119,10.312422,5.662617,4.499783,0.0,4.9796085,5.8295097,4.4547963,4.6294045,6.4367924,6.2606225,10.924618,10.347235,14.646919,17.664768,19.920801,22.702595,26.94657,29.66453,30.672686,31.320505,27.733137,30.870237,29.36077,30.039106,27.566536,24.45908,22.265375,26.618172,22.676796,17.968224,20.380116,23.119938,25.032825,25.706783,19.145983,21.278515,25.547314,22.477608,22.27891,25.795612,28.978348,28.013115,26.821814,32.562126,30.233044,35.853905,36.609146,35.443832,38.02411,32.28603,33.911175,29.54605,25.912695,24.359228,24.284063,27.04852,28.093266,28.532507,30.909597,34.487663,36.395977,37.867516,37.13175,35.13214,32.044113,29.993563,27.853443,27.744944,22.854647,25.876192,19.825087,23.674374,22.44519,22.135113,26.169832,26.656996,31.397583,29.725306,34.501877,34.423634,39.019432
35,31.198662,27.218567,25.824959,21.81387,20.8535,18.757551,16.584953,15.479269,11.035779,14.016007,11.307122,11.588807,10.374104,12.75423,13.361035,17.73643,19.209288,24.582811,26.320808,29.596508,32.096718,34.198093,36.62361,35.244247,34.389736,32.46625,28.73875,25.227642,22.554827,20.262459,15.645082,14.147793,9.449136,6.212398,4.9796085,0.0,4.9432483,6.908329,7.373467,9.858563,11.211597,15.609175,14.879094,19.053549,22.275293,24.233234,27.222416,31.200214,34.055073,34.79761,35.205536,31.58421,34.772648,32.854057,33.94794,31.754972,28.190674,25.988976,29.88599,25.830729,21.371319,23.319885,25.145025,26.55374,26.812098,20.566442,22.36566,25.790426,22.018475,22.231407,25.036665,28.659456,27.978561,27.552738,33.17906,31.672838,37.166607,38.446392,37.607105,40.13072,34.25444,36.143745,31.524231,28.162363,26.634762,26.347893,29.085384,30.566935,31.44798,33.445213,37.17814,38.810867,39.853966,39.325314,37.216236,34.207737,32.249557,29.586088,29.34488,24.53226,27.12809,20.633629,24.636875,22.503927,21.848732,26.19018,27.066996,32.049477,31.095562,35.873646,36.393204,40.94234
