,0,1,2,3,4,5,6,7,8,9,10,11,12,13,14,15,16,17,18,19,20,21,22,23,24,25,26,27,28,29,30,31,32,33,34,35,36,37,38,39,40,41,42,43,44,45,46,47,48,49,50,51,52,53,54,55,56,57,58,59,60,61,62,63,64,65,66,67,68,69,70,71,72,73,74,75,76,77,78,79,80,81,82,83,84,85,86,87,88,89,90,91,92,93,94,95,96,97,98,99,100,101,102,103,104,105,106,107,108,109,110,111,112
0,0.0,4.2274303,6.0814257,9.70409,11.597067,14.878784,16.956085,20.583384,24.173737,26.573633,29.792824,34.947018,30.796785,30.16,24.55022,24.287521,20.682552,19.923098,17.891506,16.256407,17.030037,16.741798,21.354752,24.358078,27.123312,30.068026,32.630756,31.250656,29.540133,32.85894,29.294884,35.692024,32.800518,38.366734,37.34462,39.877285,42.158978,40.327686,38.373844,34.603577,36.628593,30.860065,32.56778,29.141243,30.907814,29.837156,29.397148,29.794003,26.293653,31.676746,32.93544,28.159328,30.953178,35.793854,36.055565,37.669617,35.06997,37.35984,37.018665,39.36487,37.35786,40.386997,39.804005,44.465157,44.974426,42.53194,46.705563,46.65468,46.20997,46.631935,42.870075,40.84572,36.30945,35.20829,30.805086,29.938332,26.418535,25.482285,25.539276,23.538132,24.363981,25.547087,25.272707,23.779547,23.410187,24.329689,23.835777,27.293112,27.760157,31.560991,32.54472,36.790764,35.611687,37.35262,36.922264,33.830383,33.94098,28.913866,27.953753,23.070984,23.564613,19.313688,19.268436,19.13451,18.842585,20.157385,19.000904,18.23672,20.470701,21.198488,21.509064,24.756817,24.73138
1,4.2274303,0.0,5.2796874,6.3562756,9.004411,12.420484,14.572774,18.630527,21.738068,24.851496,27.497818,32.977123,28.798973,27.711824,22.396645,21.467249,17.696466,16.646877,14.132407,12.323136,12.809878,12.635541,17.231049,20.414698,23.104614,26.00329,28.697649,27.354637,25.746761,29.150396,25.748278,32.23328,29.800335,35.23911,34.632767,37.1678,39.590668,37.947403,35.689632,31.974178,33.849796,28.031088,29.767008,26.032633,28.168173,26.591387,26.660294,26.960213,23.84608,29.159641,30.249994,26.193031,29.08706,33.61689,34.081707,35.34588,32.816044,34.61343,34.143986,36.66506,34.07681,37.252987,36.52779,41.04138,41.737637,38.98322,43.18961,43.261368,42.56181,43.069305,39.093384,37.02824,32.51479,31.266005,26.859379,25.88481,22.281977,21.549557,21.454514,19.851421,20.706015,22.254217,21.933125,20.717413,20.215559,21.803347,21.027058,24.913553,25.53267,29.383234,30.648876,34.76675,33.901257,36.056854,35.722607,32.818222,32.61104,27.852852,26.572592,21.54546,21.925156,17.031181,16.858295,16.004017,15.68981,16.96579,15.235447,14.455968,16.29285,17.38331,17.624935,21.133749,21.316292
2,6.0814257,5.2796874,0.0,5.300849,6.392224,9.08144,11.427437,14.518693,18.278982,20.525158,23.765762,28.884407,24.74533,24.16975,18.55766,18.446995,15.041374,14.608059,13.331489,12.487811,14.522659,15.569052,19.899729,23.55699,25.684551,28.179853,30.346676,27.942162,25.62117,28.526619,24.485846,30.64225,27.13496,32.698456,31.44801,33.924625,36.211624,34.41273,32.659855,28.887936,31.297646,25.511366,27.904564,24.550356,27.05213,26.88226,26.518854,27.86661,25.218527,30.49485,30.88432,26.329687,29.913486,34.436565,34.065727,35.48611,32.243336,34.545074,33.601692,35.383038,33.349785,35.99476,35.178665,39.974762,39.889194,37.661423,41.57465,41.240322,41.081085,41.318153,37.924328,36.001778,31.467836,30.713661,26.356482,25.8924,22.83679,21.884024,22.996593,21.020296,22.839354,24.718542,23.43373,21.493683,20.06365,21.31099,19.499577,22.937538,22.751408,26.524014,27.17673,31.533026,30.009735,32.06042,31.943737,28.876146,29.468596,23.993633,23.791409,18.423618,19.951248,15.107777,16.942383,15.821261,17.088219,19.148575,17.603712,15.799298,17.386284,17.164104,17.085953,19.739183,19.477484
3,9.70409,6.3562756,5.300849,0.0,3.9605086,6.5621552,9.075205,12.860895,15.674599,19.140795,21.372057,26.99531,22.838915,21.512987,16.448503,15.135301,11.393192,10.4245405,8.284296,7.380354,9.438503,11.13656,15.131255,19.05637,20.927227,23.260496,25.562313,23.12308,20.893438,23.907267,20.058075,26.384146,23.573921,28.953415,28.361536,30.842873,33.35434,31.8518,29.6223,25.93855,28.11717,22.24852,24.71468,20.874674,23.994648,23.10209,23.513702,24.742218,22.734852,27.794418,27.921856,24.472408,28.117908,32.14294,32.06628,32.980537,29.875341,31.44176,30.306917,32.33196,29.426933,32.281956,31.24179,35.82206,36.009888,33.301716,37.271725,37.118526,36.57266,36.93599,33.207397,31.213125,26.686419,25.714067,21.315392,20.721582,17.574118,16.956907,18.005451,16.685894,18.662893,21.093903,19.670021,18.140821,16.405155,18.713282,16.371395,20.470034,20.509932,24.322916,25.416613,29.53432,28.517145,31.174492,31.190159,28.44833,28.530365,23.585304,22.869455,17.430988,18.733204,12.995175,14.735179,12.364052,13.839191,15.860215,13.487865,11.461691,12.1396675,12.307782,11.988659,15.074599,15.148925
4,11.597067,9.004411,6.392224,3.9605086,0.0,6.1378202,5.5705924,10.34381,12.911934,16.473125,18.861448,24.404375,20.956306,19.867834,14.981591,13.349834,10.493234,8.768475,8.619565,7.5600886,11.14445,13.034328,16.63094,20.457447,21.768867,23.764593,25.28368,22.193947,19.566587,22.302708,18.226751,24.391209,21.279892,26.955383,25.985823,28.738375,30.855698,29.048527,26.839355,23.088886,25.150421,19.334469,21.653519,18.184233,21.046646,21.166443,21.012499,22.923275,21.154264,26.13008,25.8323,21.929935,25.97656,29.999655,29.371645,30.444742,26.94848,28.953691,27.667904,29.319994,27.070072,29.650204,28.787859,33.590553,33.565254,31.36784,35.398228,35.269314,35.15873,35.807175,32.20466,30.690685,25.69466,25.563978,21.201963,20.458565,17.758419,16.189281,18.179916,15.870239,18.496626,20.819101,18.66212,16.450788,14.260133,15.965203,13.325975,17.042542,16.924143,20.747326,21.79469,25.959476,25.000132,27.433105,27.327866,24.56888,24.627422,19.6771,18.994461,13.505107,15.109121,9.480116,12.420189,10.238733,12.82507,15.430264,13.870802,11.16847,12.96261,11.350399,11.962291,14.122948,14.703358
5,14.878784,12.420484,9.08144,6.5621552,6.1378202,0.0,7.0054164,7.2758827,10.852751,13.358131,15.771362,21.132795,16.4674,15.380845,9.994357,9.833502,6.185557,7.527903,7.3788733,9.371846,12.473833,15.550664,18.492525,22.74819,23.831762,25.454681,27.289145,23.571966,20.490152,22.556225,17.911394,23.462473,19.16935,24.349955,23.217758,25.354794,28.069542,26.737225,25.168596,21.537966,24.726305,18.98171,22.934492,19.434828,23.74379,24.323465,24.799063,27.187916,26.214827,30.867636,30.012146,26.873724,31.174677,34.754547,33.876766,34.60634,30.768253,32.37866,30.436455,31.466452,28.631472,30.721567,29.244507,33.936146,32.95919,30.615633,33.927166,33.086273,33.017315,32.72104,29.88631,27.827059,23.754202,23.079748,18.993757,19.545856,17.48289,17.379564,19.856869,19.044596,21.996498,24.986969,22.62492,20.725357,17.694366,20.196665,15.926427,19.54426,18.196056,21.701048,21.892721,26.168278,24.20558,27.335802,27.995842,25.300743,26.525347,20.817272,21.807623,16.04953,19.096828,13.37047,17.646862,14.390005,17.633923,20.121832,17.602562,14.774812,13.710184,12.587398,10.74259,12.183183,10.964303
6,16.956085,14.572774,11.427437,9.075205,5.5705924,7.0054164,0.0,6.4535136,7.752244,11.8710785,13.854964,19.388428,16.846704,15.802322,11.76248,9.341675,8.283734,5.9498544,8.923773,8.943168,13.466058,16.031727,18.570366,22.348717,22.724981,23.98916,24.568615,20.338366,17.01645,18.96755,14.450342,20.044674,16.326569,22.180254,20.858068,23.825783,25.6079,23.627485,21.451242,17.675467,19.879972,14.129326,16.999136,13.965495,17.395992,19.082705,18.714321,21.801327,21.133297,25.53163,24.236908,20.672571,25.308405,28.784678,27.36781,28.265814,24.131443,26.25158,24.344797,25.200056,23.343237,25.33402,24.386229,29.373547,28.742428,27.083971,30.92964,30.652113,31.054674,31.847399,28.601297,27.611797,22.323578,23.198555,19.122602,18.592997,16.899536,14.742617,18.17543,15.564671,19.13835,21.712019,18.513647,15.782571,12.419586,13.955601,9.619028,12.795955,11.800202,15.531098,16.350048,20.539902,19.52642,22.206083,22.300138,19.7254,20.005264,15.01357,14.958951,9.298972,12.193331,6.6793704,12.273746,9.474367,13.837442,16.864162,15.70645,12.327511,13.768706,10.124506,11.062586,11.388811,12.393172
7,20.583384,18.630527,14.518693,12.860895,10.34381,7.2758827,6.4535136,0.0,5.04026,6.281053,9.360039,14.39664,10.872632,10.579323,5.9346466,6.2834706,6.65452,7.939816,11.391955,13.461919,17.53357,20.78933,22.986265,27.040804,27.220331,28.118814,28.745304,23.839117,20.040049,20.956553,15.883542,20.138872,14.363495,19.727785,17.495525,19.855303,21.980656,20.240028,19.253294,15.611197,19.410643,14.146703,18.932077,16.544754,21.048,23.776436,23.62553,27.293365,27.216341,31.290056,29.448677,26.245203,31.094389,34.226845,32.293163,33.039867,28.459795,30.5208,27.95841,27.777927,25.98226,27.079292,25.606087,30.52828,28.486717,27.23032,30.11711,28.895115,29.822258,29.6057,27.582645,26.341177,21.996868,22.85549,19.33845,20.193468,19.443642,18.433964,22.368498,20.808249,24.594728,27.540478,24.16383,21.572374,17.693724,19.379253,13.952521,16.125237,13.354478,16.28643,15.51485,19.900335,17.213614,20.453445,21.501686,18.922417,21.04881,14.957251,17.539331,12.151387,16.711685,12.303103,18.542604,15.478047,20.050388,22.999462,21.322361,17.93055,17.464375,14.174112,13.119227,11.965175,11.064751
8,24.173737,21.738068,18.278982,15.674599,12.911934,10.852751,7.752244,5.04026,0.0,6.0619884,6.1841874,11.970084,10.205118,8.993622,7.391168,4.328991,7.4913235,7.268468,11.904564,13.814262,17.95375,21.262371,22.576412,26.320948,25.78273,26.102049,25.996555,20.542236,16.509886,16.756145,11.713887,15.340051,9.603815,15.276123,13.313019,16.17337,18.014252,16.234848,14.5666065,10.856083,14.463469,9.200811,14.467222,12.333124,17.368982,20.64081,20.723576,24.824732,25.659632,29.098425,26.647139,24.3599,29.28104,31.750397,29.618189,29.971893,25.2958,26.939114,23.992033,23.458206,21.508547,22.296219,20.704422,25.606098,23.452917,22.348753,25.29187,24.268383,25.351881,25.647083,23.468874,22.832035,18.026167,19.84654,16.678076,17.330605,17.400095,15.928492,20.541735,18.977375,23.104105,26.140121,22.288553,19.740528,15.4387455,17.302279,11.183459,12.896754,9.765436,12.318746,11.888349,15.8824625,13.9675865,17.816336,18.927345,16.95073,18.389175,13.462468,15.529489,10.988247,15.292858,11.493385,17.830402,14.42675,19.409336,22.319633,20.883215,17.390045,16.846708,12.585251,12.169077,9.571302,9.860173
9,26.573633,24.851496,20.525158,19.140795,16.473125,13.358131,11.8710785,6.281053,6.0619884,0.0,5.1410766,8.487745,6.4670887,7.775601,6.4058375,8.12777,11.0551,12.6238365,16.689112,19.010654,23.069141,26.465324,28.129688,32.041172,31.682327,32.042484,31.996754,26.43202,22.346249,22.112968,17.172937,19.459564,12.357941,16.922007,13.423653,15.492637,17.117065,15.215441,15.475686,12.289145,17.029541,13.133733,18.707653,17.605995,22.190804,26.350832,25.971941,30.379038,31.048937,34.530422,31.97399,29.099062,34.145615,36.749535,34.087727,34.711338,29.702415,31.862494,28.757364,27.39111,26.352953,26.361486,24.743124,29.532484,26.22076,25.985033,28.01431,26.156284,28.008476,27.452278,26.617508,25.93486,22.086613,23.890574,21.247332,22.651394,22.981775,21.93337,26.490993,24.975677,29.069729,32.028225,28.187214,25.434301,21.216879,22.434595,16.589947,17.269594,13.294722,14.901088,12.643137,16.716145,12.709237,16.297216,18.16795,15.984641,19.444803,13.397677,17.863794,13.756736,18.998796,16.13571,22.850592,19.967096,24.921394,27.932325,26.53808,23.047913,22.346323,18.49578,17.435497,14.827545,13.748216
10,29.792824,27.497818,23.765762,21.372057,18.861448,15.771362,13.854964,9.360039,6.1841874,5.1410766,0.0,6.036186,5.863561,5.3537064,7.9023814,7.258231,11.512334,12.678131,16.936373,19.45523,23.229435,26.76271,27.588785,31.2559,30.325926,30.14587,29.69893,23.809353,19.691181,18.679642,14.057778,15.078142,7.6137314,11.787308,8.451299,10.764204,12.6559105,11.177007,10.975982,8.004419,13.194357,9.963868,16.205795,15.292785,20.54343,24.653673,24.86842,29.37211,30.873856,33.77287,30.760544,29.070515,34.033012,35.947525,33.353004,33.447487,28.552458,29.962498,26.47357,24.834686,23.168478,22.813808,20.808126,25.298048,21.61187,21.297836,22.997274,21.025604,22.943867,22.47063,21.793463,21.464497,17.752253,20.152395,18.134413,19.76257,20.951426,20.125172,24.973364,24.027678,28.22618,31.387487,27.35287,24.946148,20.506668,22.248034,16.024963,16.556692,12.58257,13.46366,11.522847,14.717576,11.498407,16.076746,18.19326,16.860842,19.517004,14.979953,18.627186,15.306769,19.941528,17.206465,23.577667,20.200663,25.217321,28.038609,26.508993,23.079721,21.692467,17.66755,16.521961,12.892624,12.221256
11,34.947018,32.977123,28.884407,26.99531,24.404375,21.132795,19.388428,14.39664,11.970084,8.487745,6.036186,0.0,6.6925683,8.361277,12.197948,13.12334,17.208769,18.7044,22.89428,25.479803,29.243668,32.79697,33.557816,37.168083,36.071346,35.664253,34.8844,28.821405,24.75095,23.072685,19.001795,18.284527,10.998039,12.754939,7.961827,8.913022,9.68645,8.214342,10.746633,9.474538,14.764455,13.773683,19.564175,19.813765,24.498297,29.465899,29.370884,34.22036,35.99116,38.558666,35.198887,33.511265,38.51013,40.14621,37.015858,37.126034,32.023304,33.61817,29.88946,27.281937,26.535902,25.190239,23.218588,27.263432,22.34493,23.243767,23.760736,21.021173,23.962234,22.932806,23.809597,23.962532,21.23547,24.070484,22.869192,24.840298,26.51078,25.745045,30.689745,29.713398,33.95801,37.02819,32.8406,30.315996,25.898104,27.127312,21.134304,20.660704,16.325478,15.967141,12.774159,14.920203,10.344306,14.645397,17.58635,16.84862,20.724394,16.630112,21.541916,19.269215,24.119328,22.383612,28.895792,25.85942,30.938555,33.801437,32.463295,29.024263,27.656822,23.606998,22.429613,18.622812,17.658422
12,30.796785,28.798973,24.74533,22.838915,20.956306,16.4674,16.846704,10.872632,10.205118,6.4670887,5.863561,6.6925683,0.0,3.786134,6.57956,9.632742,12.717495,15.600356,18.940145,22.156775,25.536293,29.29132,30.383566,34.33182,33.771305,33.788982,33.99465,28.324484,24.300175,23.43261,18.765003,19.73255,12.300426,14.87272,11.510439,11.973028,14.699367,14.109271,15.384021,13.201315,18.63446,15.738529,22.046373,20.853582,26.281427,29.95328,30.360641,34.634888,35.79902,39.03048,36.258232,34.333225,39.302677,41.481647,39.00711,39.183548,34.308918,35.725975,32.266273,30.665497,28.733393,28.367577,26.13421,30.3163,26.183426,25.6639,26.578535,23.856363,25.678919,23.885664,24.266895,23.127085,20.83845,22.137062,20.411734,22.934553,23.996365,24.178865,28.629925,28.341837,32.363506,35.724865,31.989939,29.741173,25.361767,27.378157,21.159208,22.120033,18.153181,19.149488,16.731194,19.884462,15.660895,19.867434,22.395594,20.846474,24.504335,19.160091,23.650076,19.843908,24.833559,21.566206,27.99692,24.459791,29.298979,32.08321,30.02855,26.681036,24.421684,21.341747,19.018295,15.883772,13.586889
13,30.16,27.711824,24.16975,21.512987,19.867834,15.380845,15.802322,10.579323,8.993622,7.775601,5.3537064,8.361277,3.786134,0.0,5.983521,7.203061,10.5315075,13.325113,16.470398,19.842976,22.93797,26.758081,27.444624,31.297234,30.573824,30.443354,30.728992,25.120974,21.188293,20.31078,15.733985,16.838848,9.816827,12.478321,10.211524,10.90505,14.28068,14.089408,14.29846,12.007307,17.177351,13.940902,20.344791,18.64955,24.517282,27.513752,28.43069,32.445255,33.836327,36.9405,34.18575,32.877937,37.71572,39.684498,37.569355,37.46716,32.8427,33.741993,30.27507,29.055408,26.32092,26.260326,23.814182,27.8593,24.13214,22.928616,24.05237,21.554136,22.830887,21.151318,20.993156,19.633064,17.279076,18.367973,16.65844,19.316723,20.562223,21.09388,25.467289,25.665573,29.614079,33.129143,29.481224,27.55647,23.168621,25.731888,19.415054,20.88069,17.315115,18.518494,16.853056,19.839525,16.574997,21.167345,23.455181,22.064137,24.835423,20.02265,23.53939,19.616001,24.130686,20.40013,26.44051,22.511349,27.215147,29.826101,27.525078,24.284088,21.483673,18.614405,16.014856,12.632782,10.3011875
14,24.55022,22.396645,18.55766,16.448503,14.981591,9.994357,11.76248,5.9346466,7.391168,6.4058375,7.9023814,12.197948,6.57956,5.983521,0.0,5.625916,6.8227625,10.437937,13.106727,16.421284,19.702284,23.417797,25.000711,29.147512,29.12339,29.674566,30.570642,25.453714,21.604395,21.848373,16.820747,19.926865,13.408095,17.52439,15.369254,16.703812,19.682486,18.804821,18.567146,15.476009,20.205502,15.641246,21.512655,19.147491,24.606668,27.104721,27.684654,31.34275,31.814857,35.60629,33.48328,31.184395,36.003094,38.704235,36.84725,37.184296,32.626766,34.051395,31.070187,30.537365,27.977251,28.667973,26.598032,31.090668,28.24156,26.726183,28.706507,26.742619,27.608116,26.31959,25.232155,23.458622,20.41144,20.706703,17.884586,19.987085,19.992908,20.32994,24.255928,24.004303,27.7604,31.13796,27.828522,25.722338,21.608078,24.036652,18.085804,20.25842,17.063883,19.297136,17.958593,21.851215,18.523928,22.492138,24.282663,22.132372,24.887539,19.038008,22.337967,17.416662,22.026596,17.575974,23.5928,19.889029,24.373093,27.083569,24.711346,21.465918,19.173452,16.69506,14.02836,12.069957,9.387659
15,24.287521,21.467249,18.446995,15.135301,13.349834,9.833502,9.341675,6.2834706,4.328991,8.12777,7.258231,13.12334,9.632742,7.203061,5.625916,0.0,4.4793177,6.13832,9.80589,12.786372,16.243813,19.929426,20.909685,24.819576,24.349834,24.633339,25.150942,19.88563,15.993448,16.322266,11.265411,15.060463,9.616483,14.578188,13.528527,15.728099,18.519737,17.555256,15.867236,12.52082,16.348782,11.219741,16.799484,13.922087,19.70121,21.729504,22.696404,26.256197,27.174639,30.650942,28.382706,26.816448,31.520864,33.857735,32.258606,32.28801,27.965067,28.904236,25.932484,25.800035,22.660366,23.729874,21.673826,26.192003,24.105759,22.119303,24.785479,23.53497,23.98306,23.65658,21.451817,20.060717,15.92749,16.738878,13.537824,14.967904,15.118419,14.9720745,19.238827,18.943697,22.847946,26.2894,22.79309,20.864574,16.62159,19.512291,13.395283,16.00374,13.413833,15.866818,15.651953,19.24327,17.37874,21.609589,22.955797,21.14003,22.508224,17.787212,19.557184,14.892253,18.679907,14.0238695,19.626429,15.519703,20.102436,22.717762,20.451134,17.156265,14.956875,11.754601,9.681167,6.9227915,5.815574
16,20.682552,17.696466,15.041374,11.393192,10.493234,6.185557,8.283734,6.65452,7.4913235,11.0551,11.512334,17.208769,12.717495,10.5315075,6.8227625,4.4793177,0.0,4.605547,6.3108683,9.843455,12.922711,16.685602,18.186829,22.359097,22.517273,23.344439,24.714727,20.205814,16.744265,18.028996,13.211417,18.107899,13.727684,18.502111,17.896782,19.879446,22.903658,22.030926,20.238672,16.86237,20.274202,14.796893,19.62159,16.075006,21.524286,22.344551,23.523834,26.366013,26.599033,30.559958,28.938402,27.10056,31.565609,34.327396,33.284794,33.438995,29.474531,30.366238,27.83652,28.45425,24.90796,26.638369,24.696611,29.140284,27.74929,25.186466,28.142311,27.121563,26.977686,26.53696,23.8611,21.842321,17.942793,17.516777,13.729856,14.970076,14.0048065,14.482208,17.861786,17.94866,21.41493,24.90791,21.99216,20.359514,16.577467,19.84767,14.389049,17.90342,16.079868,19.096483,19.283442,23.09356,21.35985,25.28264,26.357328,24.217464,25.341072,20.308533,21.484089,16.229605,19.517159,13.964624,18.790762,14.570475,18.528492,20.967695,18.173481,15.098589,12.406517,10.507621,7.5042152,7.0161586,5.125941
17,19.923098,16.646877,14.608059,10.4245405,8.768475,7.527903,5.9498544,7.939816,7.268468,12.6238365,12.678131,18.7044,15.600356,13.325113,10.437937,6.13832,4.605547,0.0,4.854529,6.7866354,10.701323,14.129497,15.507573,19.448902,19.370989,20.204327,21.124437,16.63436,13.211376,15.051141,10.420125,16.27293,13.263619,18.604301,18.400003,21.046978,23.509474,22.27072,19.635178,16.122368,18.418066,12.628235,16.325033,12.413979,17.443108,17.915085,19.02457,21.77613,22.049911,25.96015,24.376854,22.621223,27.022871,29.744759,28.845821,28.98523,25.189384,26.05083,23.761782,24.837946,21.333904,23.50937,21.926733,26.51065,25.962217,23.36492,27.046804,26.745626,26.491129,27.047804,23.520866,22.106525,17.118048,17.392859,13.253858,13.116978,11.722363,10.794835,14.481943,13.670038,17.355013,20.708782,17.559807,15.781265,11.979755,15.361995,10.14717,14.147485,13.213548,16.547997,17.66594,21.303009,20.65483,24.294312,24.833822,22.810446,22.837954,18.642485,18.442278,13.434398,15.795091,10.083026,14.476102,10.092729,14.266094,16.809965,14.453256,11.142565,9.79276,6.452267,5.5946574,5.6071296,6.923183
18,17.891506,14.132407,13.331489,8.284296,8.619565,7.3788733,8.923773,11.391955,11.904564,16.689112,16.936373,22.89428,18.940145,16.470398,13.106727,9.80589,6.3108683,4.854529,0.0,4.1506357,6.6185613,10.397814,12.043589,16.290922,16.904415,18.280376,20.35916,17.002325,14.416614,16.995718,13.146137,19.269775,17.203785,21.981415,22.374823,24.662693,27.53707,26.638107,23.94002,20.593618,22.708033,17.041473,20.235165,15.904216,20.605083,19.394968,21.118227,22.78267,22.522295,26.692204,25.822834,24.38671,28.27582,31.157331,31.049612,31.08917,27.90374,28.305107,26.446512,28.257738,24.016838,26.746563,25.110428,29.316055,29.372854,26.051218,29.777184,29.621582,28.655174,28.973675,25.065691,22.96621,18.588213,17.438948,13.045897,12.817155,10.230393,10.756437,12.804671,13.261105,16.073215,19.593763,17.396294,16.454567,13.547194,17.509197,13.467382,17.989552,17.734524,21.148918,22.489134,26.051989,25.49999,29.124147,29.59297,27.484585,27.30878,23.138521,22.475475,17.390074,18.993956,12.9058275,15.52046,11.102962,13.792749,15.736346,12.349335,9.705835,6.587878,6.492484,3.8363998,7.2318716,7.736222
19,16.256407,12.323136,12.487811,7.380354,7.5600886,9.371846,8.943168,13.461919,13.814262,19.010654,19.45523,25.479803,22.156775,19.842976,16.421284,12.786372,9.843455,6.7866354,4.1506357,0.0,4.602602,7.4870844,9.781276,13.814973,14.701747,16.512178,18.491951,15.821246,13.768234,17.037807,13.822306,20.372051,19.245966,24.302858,24.771908,27.437336,29.905346,28.696007,25.600216,22.197367,23.502312,17.836424,19.758907,15.366752,18.98644,17.000597,18.51282,19.60026,18.80364,23.218464,22.830666,21.144524,24.749298,27.872807,28.125235,28.30965,25.494293,25.994755,24.663761,27.071589,23.092173,26.285635,25.105928,29.33598,30.179565,26.921036,31.171263,31.551098,30.525206,31.517828,27.080896,25.39854,20.43098,19.683212,15.239785,13.812894,10.547959,9.626055,10.945223,10.230535,12.756193,15.970364,14.013637,13.0892105,10.917501,14.7307205,12.014105,16.76228,17.478277,21.074972,23.015514,26.469574,26.584724,29.77146,29.75992,27.636257,26.669683,23.074919,21.280582,16.510141,16.97623,10.9957485,12.056871,7.9407125,9.821638,11.725391,8.549749,5.82574,5.431766,5.2493567,6.0745335,9.681968,11.447753
20,17.030037,12.809878,14.522659,9.438503,11.14445,12.473833,13.466058,17.53357,17.95375,23.069141,23.229435,29.243668,25.536293,22.93797,19.702284,16.243813,12.922711,10.701323,6.6185613,4.602602,0.0,3.931875,6.081151,10.359687,11.987133,14.297252,17.439259,16.117815,15.061175,18.63316,16.281525,22.656054,22.412573,26.918362,27.994337,30.396214,33.153328,32.279194,29.029842,25.833822,26.944044,21.50592,23.169518,18.589365,22.068417,18.652617,20.89252,20.912153,19.967693,24.194603,24.369823,23.516912,26.458572,29.37694,30.4054,30.310865,28.166273,27.986963,26.976595,29.928001,25.199932,28.760067,27.48387,31.227636,32.609505,28.722261,32.944946,33.515366,31.846434,32.747272,27.966822,25.853952,21.485357,19.703714,15.425202,13.817467,9.850765,10.455218,9.600664,10.803376,11.931075,15.231373,14.490267,14.7618475,13.583021,17.747053,15.855617,20.672533,21.729343,25.204088,27.322926,30.572495,30.882355,34.21165,34.213207,32.175976,30.987854,27.647114,25.561968,20.999102,20.973835,15.231259,14.830538,11.138567,11.130163,11.850155,7.5352173,6.7005,3.7948673,7.813801,7.6029,11.995586,13.427752
21,16.741798,12.635541,15.569052,11.13656,13.034328,15.550664,16.031727,20.78933,21.262371,26.465324,26.76271,32.79697,29.29132,26.758081,23.417797,19.929426,16.685602,14.129497,10.397814,7.4870844,3.931875,0.0,4.616295,8.048342,10.614665,13.589153,17.02932,16.99216,16.737759,20.641476,18.949932,25.331024,25.718977,30.25295,31.440643,33.984974,36.571156,35.578064,32.118652,28.942505,29.568184,24.255793,25.078775,20.593092,23.133944,18.816626,20.9892,20.047358,18.459661,22.73516,23.650507,22.850534,25.148493,28.190393,29.823904,29.788532,28.24892,27.960289,27.533062,31.032099,26.42628,30.332262,29.378313,32.94407,34.970436,31.033033,35.524567,36.459686,34.623318,35.887703,30.773985,28.827343,24.353289,22.605438,18.49253,16.294542,12.142229,12.142504,9.863925,10.633455,10.377274,13.037685,13.41515,14.268949,14.312436,18.063005,17.53869,22.246368,23.93235,27.42278,29.876242,33.00614,33.712982,36.758022,36.456333,34.419037,32.721207,29.803055,27.001102,22.798544,21.916185,16.661829,14.60992,11.914963,10.126942,9.901258,5.601935,6.660762,6.5250387,10.365951,11.302172,15.560968,17.310606
22,21.354752,17.231049,19.899729,15.131255,16.63094,18.492525,18.570366,22.986265,22.576412,28.129688,27.588785,33.557816,30.383566,27.444624,25.000711,20.909685,18.186829,15.507573,12.043589,9.781276,6.081151,4.616295,0.0,4.338504,6.368145,9.255929,13.282107,14.054887,14.637948,18.50631,17.810795,23.707203,25.304552,29.212816,31.111103,33.538742,36.14598,35.465633,31.669456,28.843563,28.991652,24.152407,24.649385,20.107592,22.78439,17.52229,20.623245,19.261314,18.651949,22.08214,22.762579,23.475443,25.459124,27.686522,29.687016,29.077469,27.961994,26.746094,26.277037,30.022776,24.598223,28.673258,27.589659,30.601381,33.12427,28.715769,33.188957,34.45392,32.12845,33.66052,28.164774,26.291466,22.053799,20.067474,16.37492,13.668572,9.577769,10.325419,6.540767,9.554973,8.639915,11.807936,12.450076,14.31892,14.483388,18.809908,18.276955,22.904583,24.804108,27.956758,30.69583,33.35234,34.559074,37.867836,37.629272,35.944958,33.862396,31.612173,28.525768,24.783272,23.65586,18.704727,16.457338,13.393601,11.563446,10.704105,6.3651195,8.002711,5.9739037,10.499238,11.429801,15.308426,17.509289
23,24.358078,20.414698,23.55699,19.05637,20.457447,22.74819,22.348717,27.040804,26.320948,32.041172,31.2559,37.168083,34.33182,31.297234,29.147512,24.819576,22.359097,19.448902,16.290922,13.814973,10.359687,8.048342,4.338504,0.0,3.8912177,7.328753,11.726326,14.409231,16.117304,19.969643,20.287792,25.739471,28.320889,31.923145,34.183704,36.658817,39.09375,38.456455,34.379818,31.767237,31.305828,26.884706,26.558651,22.23175,24.111183,17.833872,21.222866,18.812532,18.280518,21.01171,22.214218,23.868423,25.027256,26.779423,29.501143,28.613443,28.316584,26.499762,26.552195,30.813578,25.224043,29.570934,28.739199,31.233437,34.534252,29.959734,34.57371,36.305252,33.659855,35.638844,29.783598,28.181513,24.054672,22.144928,18.952288,15.750283,12.08945,12.474194,7.563856,10.661966,8.036069,10.282464,12.277398,15.107417,16.291864,20.289053,20.785006,25.121353,27.535908,30.481003,33.566555,35.87021,37.61551,40.79474,40.348347,38.85349,36.206917,34.634773,30.919682,27.728014,25.901442,21.584072,18.2477,15.915006,13.066869,11.203786,8.0431795,10.725432,9.983952,13.860132,15.355378,18.873007,21.382956
24,27.123312,23.104614,25.684551,20.927227,21.768867,23.831762,22.724981,27.220331,25.78273,31.682327,30.325926,36.071346,33.771305,30.573824,29.12339,24.349834,22.517273,19.370989,16.904415,14.701747,11.987133,10.614665,6.368145,3.8912177,0.0,3.4888442,7.9418917,11.114362,13.446685,17.086931,18.2013,23.101828,26.540743,29.745552,32.369877,34.85467,37.103107,36.58128,32.281406,29.958153,29.038643,25.103287,24.405128,20.244223,22.088535,15.49282,19.435791,17.106958,17.6465,19.622822,20.252562,22.962273,24.144716,25.20798,27.864908,26.56147,26.375774,23.969854,23.865688,28.14345,22.150328,26.515022,25.667862,27.810972,31.430885,26.74409,31.39688,33.414783,30.641903,33.012028,26.942305,25.733725,21.47931,20.00027,17.196823,13.524625,10.495178,10.588126,5.432781,9.422193,7.063737,9.69961,11.002202,14.174843,15.169398,19.357103,19.739819,23.793518,26.31469,28.918083,32.18499,34.0728,36.23203,39.495384,39.064133,37.873386,34.94566,33.954872,30.078957,27.34262,25.411818,21.48093,18.371271,15.803841,13.505361,11.811562,9.238615,11.313971,10.3487215,13.295005,15.15511,17.950743,20.922508
25,30.068026,26.00329,28.179853,23.260496,23.764593,25.454681,23.98916,28.118814,26.102049,32.042484,30.14587,35.664253,33.788982,30.443354,29.674566,24.633339,23.344439,20.204327,18.280376,16.512178,14.297252,13.589153,9.255929,7.328753,3.4888442,0.0,5.2141333,9.044391,12.057635,15.2227955,17.192333,21.31703,25.585358,28.245565,31.272684,33.668495,35.792603,35.46259,31.00867,29.023077,27.735489,24.350151,23.434921,19.503593,21.42537,14.7550535,19.177248,17.053724,18.592697,19.78746,19.81794,23.501678,24.68637,25.056442,27.611715,25.891844,25.812254,22.796091,22.472698,26.663933,20.198477,24.491642,23.551348,25.214115,29.113626,24.23672,28.814451,31.084581,28.0953,30.765867,24.52891,23.641933,19.508034,18.314459,16.095764,12.184656,10.12457,10.309133,5.8240304,10.263853,8.596257,11.168125,11.74972,14.976673,15.638594,19.899317,20.015882,23.736233,26.225529,28.460823,31.810558,33.290783,35.76254,39.143818,38.78484,37.882484,34.79612,34.276566,30.397858,28.040955,26.150814,22.55073,19.838554,17.083767,15.408372,13.964204,11.829308,13.316998,11.889594,14.070157,15.892036,17.940594,21.1312
26,32.630756,28.697649,30.346676,25.562313,25.28368,27.289145,24.568615,28.745304,25.996555,31.996754,29.69893,34.8844,33.99465,30.728992,30.570642,25.150942,24.714727,21.124437,20.35916,18.491951,17.439259,17.02932,13.282107,11.726326,7.9418917,5.2141333,0.0,6.195478,10.167905,12.755205,15.892484,19.099913,24.380236,26.805338,29.931353,32.555878,34.09852,33.62524,28.89206,27.249872,25.06071,22.4876,20.461416,17.191233,18.182375,11.30276,15.993982,13.943696,16.764847,16.811016,16.080439,20.962898,21.999666,21.490854,23.889292,21.739174,21.940006,18.286589,18.013397,22.354088,15.895336,20.282227,19.735003,21.037868,25.63483,21.109367,25.994518,28.810955,26.087849,29.605812,23.236921,23.370192,18.6092,18.88727,17.107035,12.807392,11.976842,10.36313,7.908867,10.049229,9.137112,10.985069,10.447555,13.5618,14.333861,18.00658,18.635872,21.540728,24.394014,26.096258,29.76425,30.624401,33.816147,36.94613,36.38125,35.87365,32.20319,32.704918,28.355698,26.926678,24.585009,22.035143,19.27864,16.983082,15.763047,14.575378,13.814083,14.718141,14.635838,14.910653,17.681229,18.696726,22.473696
27,31.250656,27.354637,27.942162,23.12308,22.193947,23.571966,20.338366,23.839117,20.542236,26.43202,23.809353,28.821405,28.324484,25.120974,25.453714,19.88563,20.205814,16.63436,17.002325,15.821246,16.117815,16.99216,14.054887,14.409231,11.114362,9.044391,6.195478,0.0,4.134878,6.684393,9.83324,13.104254,18.252975,20.853258,23.798546,26.539183,27.9859,27.441757,22.731815,21.063868,19.036926,16.419,14.946032,11.508204,13.8224535,8.738846,13.410002,13.63634,16.999823,17.689068,15.587128,19.53658,21.891003,21.733229,22.710876,20.788073,19.519367,16.54965,14.965923,18.334036,11.528757,15.62823,14.590538,16.829123,20.454287,16.109484,21.168692,23.620733,21.479641,24.932142,18.82599,19.26212,13.584059,15.029741,12.999368,8.75205,9.057246,6.301712,7.5153747,8.65798,10.5080385,13.336592,10.585326,12.062005,10.917263,14.995856,13.966483,16.714865,18.991657,20.525549,23.991346,24.8627,27.857763,31.20924,30.904116,30.468897,27.23263,27.509706,23.814636,22.29756,20.763908,18.12355,17.134542,14.023844,14.751021,14.862863,13.872975,13.217489,12.729187,11.125871,13.947829,13.780776,17.84005
28,29.540133,25.746761,25.62117,20.893438,19.566587,20.490152,17.01645,20.040049,16.509886,22.346249,19.691181,24.75095,24.300175,21.188293,21.604395,15.993448,16.744265,13.211376,14.416614,13.768234,15.061175,16.737759,14.637948,16.117304,13.446685,12.057635,10.167905,4.134878,0.0,4.1292915,5.7813168,10.110359,14.349193,17.519932,20.054396,22.93796,24.440115,23.745764,19.162634,17.207819,15.701618,12.516619,12.000642,8.078217,11.940297,9.027051,12.880409,14.594667,17.666656,19.073915,16.536102,19.177816,22.384382,22.784489,22.872644,21.375576,19.0512,17.065844,14.754668,17.200483,10.874251,14.408121,12.983157,16.249693,18.629023,14.67507,19.668463,21.537518,20.007229,23.058962,17.421034,17.781113,11.5037775,13.5868025,11.039426,7.360228,8.109749,4.6438684,8.590342,8.785455,12.012796,15.185577,11.626958,11.82111,9.196424,13.474936,10.898456,13.772169,15.427694,17.085243,20.284914,21.47172,24.041517,27.576988,27.485273,26.929403,24.21236,23.948957,20.891878,19.012968,18.2575,15.30281,15.771325,12.090896,14.216322,15.198284,13.994613,12.319123,11.620122,8.601974,11.337326,10.327695,14.543226
29,32.85894,29.150396,28.526619,23.907267,22.302708,22.556225,18.96755,20.956553,16.756145,22.112968,18.679642,23.072685,23.43261,20.31078,21.848373,16.322266,18.028996,15.051141,16.995718,17.037807,18.63316,20.641476,18.50631,19.969643,17.086931,15.2227955,12.755205,6.684393,4.1292915,0.0,5.117706,6.4388976,12.213877,14.3962755,17.412184,20.173342,21.3841,20.952759,16.216747,14.906934,12.925307,11.014991,10.725478,7.910289,12.232999,11.151168,14.582347,17.044504,20.716383,21.517303,18.287659,21.318485,24.651392,24.481085,23.983768,22.223728,19.606249,17.378565,14.3274,15.7011175,9.00996,11.629678,9.563154,12.704174,14.642483,10.568504,15.575851,17.572138,16.232826,19.690811,14.195967,15.384808,8.920875,12.51916,11.089803,8.388197,10.772803,8.508561,12.452128,12.807556,16.007452,18.96565,15.265836,15.15635,12.224338,15.788161,12.564331,14.337086,15.318531,16.124535,19.084105,19.597073,22.400183,26.130863,26.296904,26.181248,23.627583,23.853132,21.352154,20.030876,19.79462,17.479168,18.866426,15.323554,17.994629,19.145966,18.093742,16.232782,15.097846,11.813212,13.713926,11.415822,15.290859
30,29.294884,25.748278,24.485846,20.058075,18.226751,17.911394,14.450342,15.883542,11.713887,17.172937,14.057778,19.001795,18.765003,15.733985,16.820747,11.265411,13.211417,10.420125,13.146137,13.822306,16.281525,18.949932,17.810795,20.287792,18.2013,17.192333,15.892484,9.83324,5.7813168,5.117706,0.0,6.6133804,8.660345,12.545807,14.50939,17.492376,19.14411,18.399689,14.118633,11.850868,11.577672,7.686621,9.909501,6.161432,12.296574,12.807388,15.240626,18.450016,21.176157,23.087023,20.104483,21.321608,25.355371,26.179775,25.17177,24.11646,20.648932,19.782063,16.645233,17.390493,12.251157,14.220213,12.1227455,16.279085,16.443874,13.258066,17.578865,18.382465,17.809557,20.073748,15.509263,15.812295,9.340219,12.400834,9.8150015,8.318297,10.011008,7.8816714,12.89341,12.697968,16.606888,19.896889,15.955643,14.939985,10.992793,14.682422,9.769999,12.165421,12.089787,13.600472,15.968321,17.515062,19.19605,23.202267,23.65304,23.03664,21.436556,20.292841,18.766876,16.421146,17.308912,14.131282,17.053066,12.978847,16.723515,18.563942,17.10925,14.482462,13.109856,8.931537,10.237597,7.132626,10.9957905
31,35.692024,32.23328,30.64225,26.384146,24.391209,23.462473,20.044674,20.138872,15.340051,19.459564,15.078142,18.284527,19.73255,16.838848,19.926865,15.060463,18.107899,16.27293,19.269775,20.372051,22.656054,25.331024,23.707203,25.739471,23.101828,21.31703,19.099913,13.104254,10.110359,6.4388976,6.6133804,0.0,7.5816507,8.294481,11.606765,14.203394,15.134981,15.064018,10.431751,10.001237,8.539222,8.442765,10.425159,9.442811,14.529015,16.329096,18.621244,22.19758,25.846977,26.700115,22.958345,25.194643,29.050442,28.872292,27.340948,25.7854,22.324018,20.839348,17.018526,16.25819,11.206886,11.214986,8.116468,11.52856,10.2916975,7.1878366,11.103505,12.062889,12.0441675,15.148692,11.129055,13.157462,7.2642994,12.586736,12.285168,11.834449,15.031991,13.716683,18.212988,18.432919,22.040411,25.052027,21.064672,20.207878,16.554226,19.371206,14.808255,15.381176,14.62723,14.382658,16.21422,16.192192,18.424343,22.604591,23.448114,23.726553,22.246552,22.288298,21.43012,20.33529,21.482803,19.57917,22.748953,19.15627,22.84179,24.524525,23.368551,20.945126,19.292345,15.523155,16.199745,12.411911,15.179023
32,32.800518,29.800335,27.13496,23.573921,21.279892,19.16935,16.326569,14.363495,9.603815,12.357941,7.6137314,10.998039,12.300426,9.816827,13.408095,9.616483,13.727684,13.263619,17.203785,19.245966,22.412573,25.718977,25.304552,28.320889,26.540743,25.585358,24.380236,18.252975,14.349193,12.213877,8.660345,7.5816507,0.0,5.9747133,5.973825,9.206002,10.925425,10.29722,7.1011815,4.8718815,8.232262,6.046874,11.965662,11.031216,16.85548,20.263866,21.439137,25.724096,28.332926,30.30209,26.830507,26.99433,31.570837,32.481003,30.281412,29.579212,25.18643,25.302622,21.502966,20.01279,16.985645,16.550531,14.0142565,18.13276,14.840457,13.76105,15.890737,14.675049,16.106716,16.877808,15.102489,15.713654,11.136082,14.9503765,13.721948,14.826801,17.150328,16.20823,21.19984,20.870525,24.976534,28.200686,24.055216,22.298029,17.942501,20.350834,14.389188,14.921812,12.140401,12.286669,12.256127,13.705612,13.456027,18.249931,19.851608,19.5159,20.023884,17.980524,19.338694,17.158697,20.179436,17.747509,22.845375,19.114632,23.758764,26.126764,24.667604,21.574621,19.801739,15.643263,15.178929,10.770726,11.926001
33,38.366734,35.23911,32.698456,28.953415,26.955383,24.349955,22.180254,19.727785,15.276123,16.922007,11.787308,12.754939,14.87272,12.478321,17.52439,14.578188,18.502111,18.604301,21.981415,24.302858,26.918362,30.25295,29.212816,31.923145,29.745552,28.245565,26.805338,20.853258,17.519932,14.3962755,12.545807,8.294481,5.9747133,0.0,5.0244546,6.168476,8.067816,9.427058,7.019341,7.964968,10.178822,11.066378,15.76666,15.555234,20.971148,24.063326,25.714293,29.808475,32.999687,34.36253,30.600306,31.762522,36.0837,36.321995,34.15702,32.992237,28.904957,28.269306,24.236393,22.21995,18.82761,17.478258,14.440743,17.13217,12.508844,11.604931,11.7097645,9.3317995,11.373447,11.560012,11.396427,12.802274,10.257087,14.53652,15.114,16.906467,20.169628,20.073034,24.697638,25.242958,29.090702,32.379505,28.36643,27.068556,22.916485,25.474955,19.859316,20.054213,17.468697,16.738115,16.390217,16.499914,16.420631,21.17694,23.161022,23.492695,24.126879,22.881346,24.464108,22.896795,25.732372,23.600153,28.339548,24.535074,28.898922,30.995714,29.351568,26.519228,23.96416,20.449514,19.475004,15.030627,15.627005
34,37.34462,34.632767,31.44801,28.361536,25.985823,23.217758,20.858068,17.495525,13.313019,13.423653,8.451299,7.961827,11.510439,10.211524,15.369254,13.528527,17.896782,18.400003,22.374823,24.771908,27.994337,31.440643,31.111103,34.183704,32.369877,31.272684,29.931353,23.798546,20.054396,17.412184,14.50939,11.606765,5.973825,5.0244546,0.0,3.8776462,5.171866,5.409918,5.0675,5.5482574,9.865095,10.509314,15.955263,16.28569,21.405825,25.66461,26.480309,31.073582,33.820152,35.573776,31.825184,31.863947,36.51683,37.226322,34.510574,33.84513,29.23236,29.56706,25.543055,22.990894,21.007559,19.381413,16.851704,20.24399,15.140139,15.6207695,15.838465,13.232772,16.12404,15.843918,16.392038,17.413132,14.670967,18.520157,18.287302,20.08368,22.73691,22.141756,27.077854,26.817663,30.931417,34.104053,29.886967,27.990517,23.638836,25.541376,19.661348,19.304373,15.838669,14.914701,13.369599,13.9346895,12.395338,17.237534,19.636297,19.811546,21.542772,19.571493,22.38326,20.797356,24.422588,22.659943,28.223045,24.748362,29.533787,31.995373,30.587088,27.43597,25.507853,21.507812,20.610582,16.185957,16.28897
35,39.877285,37.1678,33.924625,30.842873,28.738375,25.354794,23.825783,19.855303,16.17337,15.492637,10.764204,8.913022,11.973028,10.90505,16.703812,15.728099,19.879446,21.046978,24.662693,27.437336,30.396214,33.984974,33.538742,36.658817,34.85467,33.668495,32.555878,26.539183,22.93796,20.173342,17.492376,14.203394,9.206002,6.168476,3.8776462,0.0,4.4821095,6.8274674,8.231632,9.408142,13.401071,14.306775,19.715916,19.918291,25.170897,29.129858,30.190594,34.657303,37.445667,39.192673,35.453365,35.679188,40.30369,40.939713,38.295723,37.52626,32.997494,33.11967,29.053425,26.439535,24.195381,22.415844,19.696804,22.471052,16.921545,17.312134,16.375294,12.868187,15.884032,14.348673,16.349396,17.089306,15.849141,19.166695,19.585049,21.996538,24.875515,24.939877,29.68075,29.95786,33.98075,37.30274,33.20913,31.49259,27.134136,29.274755,23.315233,23.156029,19.656387,18.738914,16.929913,17.323565,15.295995,19.972301,22.662504,22.908583,25.096537,22.918804,26.13678,24.39422,28.196192,26.183666,31.79166,28.128347,32.85797,35.25769,33.548332,30.456,27.904814,24.36963,22.857458,18.47119,17.883533
