,0,1,2,3,4,5,6,7,8,9,10,11,12,13,14,15,16,17,18,19,20,21,22,23,24,25,26,27,28,29,30,31,32,33,34,35,36,37,38,39,40,41,42,43,44,45,46,47,48,49,50,51,52,53,54,55,56,57,58,59,60,61,62,63,64,65,66,67,68,69,70,71,72,73,74,75,76,77,78,79,80,81,82,83,84,85,86,87,88,89,90,91,92,93,94,95,96,97,98,99,100,101,102,103,104,105,106,107
0,0.0,3.929736,6.2546263,9.921574,12.314777,15.183583,17.156326,22.101103,24.763336,28.086117,32.88112,33.9671,34.16631,33.593864,28.075596,27.249271,23.891373,22.289051,18.518185,15.85397,15.158806,10.603299,11.363143,15.59167,15.091272,15.269939,20.127655,20.65056,18.855808,24.299334,21.152487,28.605595,26.439123,32.290672,31.998232,35.1441,36.45737,35.043568,35.971375,33.294285,34.07016,28.150423,29.376493,24.800858,27.365469,23.468306,24.953583,25.304996,27.981585,31.7256,32.713512,33.55653,38.561474,39.94966,37.302925,34.26406,36.850983,37.742054,43.5376,41.770466,38.269066,39.29828,36.370926,38.16765,35.866905,39.483273,38.031345,34.33713,31.082193,32.62961,29.505898,33.951786,32.382446,36.992268,35.22712,40.753883,40.940468,43.630775,44.043858,47.659054,45.524483,44.968147,39.719803,39.27897,33.856617,36.542496,30.324982,30.524666,27.423584,25.768198,24.543522,23.550575,21.311579,24.191345,23.450998,28.72195,30.265194,35.029785,35.690865,40.882404,40.462284,38.923073,36.096264,33.496925,29.593006,27.20019,23.57122,21.280533
1,3.929736,0.0,4.6470327,6.780807,10.057234,11.81352,14.998764,19.309597,22.06759,25.35028,30.015139,31.240654,31.06566,30.340834,24.76905,24.11997,20.480843,19.430433,15.254267,13.377409,12.592077,8.591655,9.762032,14.363084,15.31971,15.777572,20.329456,19.973589,17.328688,22.571634,18.556807,25.775265,23.11719,29.156427,28.734503,31.794895,33.22925,32.035564,33.138897,30.604635,31.589668,25.975132,27.603601,23.173504,26.337217,23.052084,25.125463,25.691006,27.716698,31.834766,32.12172,32.981148,37.90095,38.921696,35.9374,32.7348,35.321793,35.835426,41.583496,39.960373,36.43557,38.026913,35.405144,37.49264,35.707066,39.297108,38.316586,35.000805,31.634739,32.591015,28.911037,33.11803,31.024519,35.55705,33.334045,38.894417,38.64271,41.224144,41.52272,45.20125,43.10556,42.941086,37.619915,37.54738,32.102196,35.304893,29.122023,29.853521,27.134222,25.87265,25.233932,24.094633,21.275368,23.849855,22.547775,27.632303,28.574326,33.61061,33.7867,39.126747,38.547012,37.25301,34.24126,32.214344,27.801708,25.783163,22.166044,19.967869
2,6.2546263,4.6470327,0.0,4.952213,6.613583,9.686313,11.251202,15.93624,18.761017,21.868303,26.857622,27.758263,28.09597,27.732985,22.203928,21.579227,18.427948,16.992687,14.147985,11.526086,12.268971,7.6110854,11.306043,14.953702,15.989909,14.984654,20.165667,19.860153,17.056852,21.87474,18.117928,24.966423,22.154734,28.016485,26.997307,30.36506,31.246592,29.702938,31.03628,28.20075,29.742706,23.53823,25.47302,20.65127,24.325329,21.366034,22.757069,24.420738,26.501633,30.87023,30.616934,32.381447,36.98937,37.49539,34.989704,31.765213,33.71825,34.19531,39.942333,37.796345,34.262123,35.602695,33.069485,34.820145,33.427044,36.32012,35.34404,32.387444,28.558367,29.169912,25.983147,30.053467,28.18509,32.67153,30.592936,36.20109,36.030075,38.900257,38.961994,42.468994,40.08969,39.77747,34.390266,34.196667,28.78952,31.72414,25.722942,26.119394,23.612024,22.106049,21.752064,20.17,17.217794,19.665684,18.738304,23.575039,24.660688,29.615145,30.034237,35.300472,34.635616,33.117893,30.202768,27.856424,23.799095,21.434822,17.980474,15.498151
3,9.921574,6.780807,4.952213,0.0,4.1551037,5.473088,8.774938,12.870752,15.361254,18.979404,23.288643,24.747284,24.589064,23.754612,18.389513,17.392,13.982226,12.775061,9.29063,7.6142917,8.3595495,5.2437134,9.48843,12.7627125,15.500685,14.99155,19.32454,17.92015,14.188726,18.532866,13.8857565,20.408958,17.280237,23.262384,22.334938,25.592676,26.707758,25.390657,26.708683,24.088594,25.613785,19.910973,22.18,17.73297,21.93973,19.819798,22.139244,23.745161,24.89192,29.592985,28.54038,30.180431,34.642143,34.77774,31.84914,28.479961,30.494894,30.564522,36.23188,34.3689,30.833054,32.859997,30.688807,32.888668,32.040756,35.118584,34.7896,32.258823,28.585785,28.532427,24.419146,28.157532,25.577133,29.942455,27.323519,32.91413,32.303146,34.9619,35.03439,38.667995,36.48132,36.555805,31.16626,31.384556,25.970018,29.606531,23.61834,24.899166,22.8447,22.141087,22.495811,21.13734,17.564405,19.527817,17.500183,22.15802,22.436537,27.672379,27.412947,32.837074,32.16212,31.114004,27.96883,26.5606,21.613289,20.137012,16.515957,14.780228
4,12.314777,10.057234,6.613583,4.1551037,0.0,5.7841244,4.9946423,10.501715,12.544303,16.490774,20.73726,22.116411,22.607471,21.992304,16.99629,15.467358,12.980619,10.613835,9.218635,6.1294665,8.83158,5.796472,11.379574,13.280065,15.774669,14.007405,18.570873,17.290531,13.723728,17.430046,13.61093,19.598553,16.823448,22.288626,20.996166,24.535948,25.090054,23.310253,24.627861,21.682014,23.529924,17.184244,19.577291,14.758424,19.322426,17.556389,19.267214,21.809305,22.939207,27.78056,26.26992,28.720436,32.848656,32.56796,30.162266,26.846317,28.252577,28.394865,34.049984,31.70239,28.173817,29.84705,27.707863,29.603783,29.0607,31.593594,31.303453,29.101973,25.139763,24.76018,20.971962,24.598682,22.255775,26.605093,24.228014,29.848251,29.486774,32.414318,32.381504,35.863167,33.483154,33.251366,27.845613,27.827925,22.418554,25.767836,19.858036,20.910261,19.019863,18.291721,18.99859,17.460663,13.690585,15.45795,13.466635,18.053171,18.562542,23.705257,23.73898,29.091099,28.502262,27.29654,24.253855,22.566586,17.788866,16.179058,12.432045,10.902709
5,15.183583,11.81352,9.686313,5.473088,5.7841244,0.0,7.13787,8.319812,11.123558,14.247068,18.533184,19.95685,19.361485,18.537695,13.001091,12.652352,8.91388,9.348361,6.9504495,7.7810187,9.725287,9.153453,13.404305,15.738929,19.527687,18.780432,22.552992,20.34591,15.9161625,18.944574,13.448453,18.305431,13.94646,19.972034,18.111788,21.421877,22.267511,21.160494,23.112743,20.603804,23.073273,17.823929,21.046228,16.987305,22.249586,21.476763,23.926785,26.253664,26.564539,31.572054,29.365433,31.468353,35.436947,34.73185,31.716772,28.23699,29.718903,29.10863,34.50716,32.56145,29.093191,31.828272,30.302948,32.61909,32.80084,35.259342,35.576115,33.84104,29.938992,28.884392,24.569534,27.585295,24.426186,28.397299,25.148031,30.647045,29.273138,31.905428,31.546692,35.110184,32.77949,33.496212,28.018578,28.854126,23.63281,27.864119,22.423971,24.281408,23.166069,22.925844,24.194454,22.487312,18.481184,19.59514,17.14279,20.716593,19.851238,25.303768,24.288706,29.788805,28.720963,27.975422,24.637081,24.15144,18.754402,17.887394,14.874172,13.354901
6,17.156326,14.998764,11.251202,8.774938,4.9946423,7.13787,0.0,6.8184443,8.105312,12.264869,16.303022,17.594578,18.62183,18.255701,13.833535,11.960742,10.744728,7.8115325,9.603358,7.1412764,11.182463,9.840281,15.351365,16.062662,18.870504,16.363213,20.452961,18.841734,15.204068,17.464048,14.110466,18.452715,15.580145,20.300106,18.216324,21.977057,21.80106,19.651358,21.282345,18.080553,20.777222,14.13047,17.206411,12.401038,17.874449,17.38535,18.599533,22.271734,22.820412,27.839767,25.276844,28.627432,32.12907,31.005587,29.03582,25.759132,26.287153,26.100615,31.533476,28.700157,25.245642,26.990028,25.301538,26.970526,27.365961,28.992393,29.164381,27.799185,23.51445,22.147627,18.57713,21.549393,19.08071,23.13075,20.62113,26.193813,25.642923,28.81466,28.438934,31.722097,29.072039,28.891611,23.407595,23.513027,18.212543,21.65554,16.19741,17.425554,16.424906,16.0644,17.772943,15.899504,11.760215,12.525413,10.209751,13.828201,13.77822,19.040932,18.909775,24.279291,23.552143,22.363548,19.278637,17.877691,12.869169,11.54581,7.9695973,7.0633984
7,22.101103,19.309597,15.93624,12.870752,10.501715,8.319812,6.8184443,0.0,4.3778825,6.1146116,11.293417,11.931175,12.322333,12.490333,7.529309,7.9191036,7.0391164,7.949769,11.141005,11.804703,15.39594,15.379825,20.37989,21.318018,24.97623,22.936707,26.541382,24.266945,20.059744,21.28491,16.929308,19.062456,14.606499,19.000803,15.336867,18.99763,18.243788,16.54169,19.436893,16.564548,20.816015,15.4531975,19.664179,15.92967,22.09768,22.90368,24.313889,28.231287,28.022415,33.14692,29.617022,33.104813,36.101994,34.141083,31.976625,28.655874,28.659967,27.54167,32.421806,29.61426,26.380636,29.103552,28.341862,30.100214,31.686106,32.517788,33.39905,32.912994,28.51847,26.126892,22.664425,24.517874,21.42221,24.650356,21.282911,26.474169,24.649927,27.71099,26.554842,29.633595,26.678846,27.663137,22.111694,23.302992,18.60312,22.761389,18.60597,20.421783,20.76958,20.797949,23.25012,20.965239,16.913393,16.587164,14.431128,15.686943,13.571203,18.904222,17.46502,22.820929,21.204094,20.412605,17.034899,17.20896,11.970532,11.560323,10.184697,9.218582
8,24.763336,22.06759,18.761017,15.361254,12.544303,11.123558,8.105312,4.3778825,0.0,5.8891783,8.224967,10.158623,10.976096,10.4889965,7.5624995,5.201054,6.955023,6.0607796,11.356344,11.9623,15.68925,16.605839,21.34923,21.272402,25.098757,22.892862,25.7772,23.21956,19.19075,19.291424,15.777507,16.549776,12.8979025,16.131502,12.393354,16.164135,14.954741,12.764935,15.474758,12.427536,16.95017,11.775462,16.221758,13.114043,19.365429,21.113207,22.605774,26.695797,25.870651,30.959732,26.778069,30.575853,33.103493,30.674004,28.722725,25.51541,25.028849,23.713484,28.395166,25.447565,22.300617,25.189522,24.779316,26.605236,28.743155,29.37069,30.74227,30.752388,26.609617,23.66904,19.863712,21.1399,17.733595,20.645079,17.089073,22.172846,20.287626,23.409098,22.268757,25.361538,22.470322,23.3709,17.8226,19.138557,14.5239105,19.066916,15.26159,17.738237,18.66091,19.454407,22.382092,20.539684,16.53515,15.64544,12.727251,13.222015,10.306075,15.6217985,13.677753,19.113752,17.785786,17.466192,13.999801,15.113167,9.022616,10.275354,8.983358,10.002084
9,28.086117,25.35028,21.868303,18.979404,16.490774,14.247068,12.264869,6.1146116,5.8891783,0.0,7.0223126,6.005949,7.2321005,8.874808,6.1474614,8.199102,9.831273,11.643234,16.137299,17.264141,20.892117,21.328516,26.259054,26.753397,30.499315,28.17907,31.4543,29.03293,24.942982,25.133472,21.293026,21.492332,17.10866,19.953375,15.183449,18.495445,16.53227,14.819448,18.526527,15.921552,21.323423,17.01345,21.562588,18.733133,24.925909,26.758556,27.73147,32.233437,31.56081,36.603096,32.267902,36.314907,38.60335,35.80691,34.074642,30.957693,30.057072,28.41429,32.583633,29.43708,26.59247,29.518555,29.52982,30.957806,33.609993,33.32787,34.74414,35.20128,30.72258,27.421654,24.595901,25.33956,22.276653,24.542799,21.043104,25.520363,23.022722,26.125109,24.207066,26.741037,23.366428,24.997173,19.693733,21.514793,17.82524,21.860271,19.332405,21.191963,22.731647,23.068043,26.158937,23.689129,19.974232,18.674301,16.914595,15.960259,12.50135,17.018133,14.767425,19.577663,17.228771,16.705757,13.399149,14.99384,10.5725,11.198374,12.033054,11.851356
10,32.88112,30.015139,26.857622,23.288643,20.73726,18.533184,16.303022,11.293417,8.224967,7.0223126,0.0,4.7531457,5.311803,5.0669055,8.040108,7.169856,11.304476,12.385845,17.789862,19.475618,22.766394,24.51827,28.823122,28.262804,32.427654,30.310719,32.441807,29.484118,25.57001,24.205505,21.239868,18.971092,15.61801,16.143661,11.0771475,13.818866,10.77874,8.851515,12.85441,10.848288,16.805252,14.543331,19.060362,17.938791,23.680832,26.852564,28.243708,32.53877,30.825127,35.673355,30.402159,34.48822,35.971146,32.41267,30.776712,27.935036,26.369505,24.07072,27.438267,24.453615,22.039673,25.690521,26.60585,28.284613,31.901213,31.411242,33.749817,34.982227,31.11919,27.095217,23.68808,23.286978,19.644224,20.846258,16.825546,20.438816,17.074396,19.88048,17.616262,20.057066,16.84084,19.248466,14.301232,17.09131,14.436633,19.133497,17.88793,20.850618,23.214628,24.675062,28.216852,26.467066,22.899218,21.098408,18.419537,16.447302,11.775292,15.254726,11.399153,15.702489,13.586574,14.6095,11.4023905,15.55412,10.6864,13.875725,14.77499,16.486418
11,33.9671,31.240654,27.758263,24.747284,22.116411,19.95685,17.594578,11.931175,10.158623,6.005949,4.7531457,0.0,4.64648,7.4758987,9.207391,10.712516,13.906612,15.561505,20.733263,22.097147,25.667246,26.654722,31.407715,31.331324,35.193966,32.741814,35.48735,32.87647,28.974596,28.15084,24.98676,23.46881,19.689878,20.781313,15.59331,18.217659,15.133128,13.480799,17.499563,15.455442,21.4133,18.537334,23.010452,21.289032,27.140589,29.926264,30.6932,35.46065,34.227257,39.08601,34.02351,38.430054,39.967934,36.414127,35.097206,32.273415,30.552368,28.439062,31.74145,28.419155,26.092901,29.202965,30.01781,31.204617,34.831947,33.668438,35.703987,37.049973,32.77171,28.711134,26.272821,25.89779,22.868889,24.029072,20.521164,23.967728,20.855608,23.808731,21.209154,23.082254,19.437399,21.766386,17.063925,19.559507,17.26055,21.059563,20.27722,22.349747,24.869646,25.723015,29.271097,26.975973,23.620852,21.645664,19.936367,17.352839,12.953719,15.969894,12.749871,16.477057,13.554752,13.824958,10.918685,14.574704,11.327821,13.39817,15.437056,16.274538
12,34.16631,31.06566,28.09597,24.589064,22.607471,19.361485,18.62183,12.322333,10.976096,7.2321005,5.311803,4.64648,0.0,3.9330616,6.745799,9.554743,12.175389,15.364142,19.720104,22.146984,25.212782,26.771044,31.054379,31.214525,35.59072,33.760082,36.261444,33.23676,28.965664,28.131208,24.208912,22.192032,17.725779,18.893404,13.4563265,15.629823,12.977482,12.369044,16.779827,15.387076,21.217424,19.308615,23.929193,22.540308,28.488377,31.284592,32.80657,37.000664,35.484135,40.439236,35.36495,39.157085,40.86911,37.437946,35.466278,32.52078,31.286457,28.815628,32.042526,29.389463,27.050348,30.940964,31.862152,33.58611,37.09167,36.6226,38.817715,39.90237,35.830387,31.956697,28.703575,28.519114,24.897009,26.147139,22.054462,25.488466,21.724335,24.142254,21.609695,23.779833,20.632505,23.736353,19.165663,22.16356,19.725868,24.24145,22.978607,25.639555,27.839113,28.870808,32.259914,30.117146,26.459007,24.853214,22.58791,20.835068,16.375847,19.822397,16.161211,19.987482,17.296944,18.101212,15.142353,18.984308,14.891279,17.064466,18.272745,18.88497
13,33.593864,30.340834,27.732985,23.754612,21.992304,18.537695,18.255701,12.490333,10.4889965,8.874808,5.0669055,7.4758987,3.9330616,0.0,6.1634765,7.303418,10.26087,13.474118,17.61586,20.54257,23.223616,25.468626,29.27033,29.12516,33.807964,32.370007,34.355324,31.00913,26.678852,25.457209,21.503853,18.765877,14.400691,15.130194,9.676883,11.717368,9.3235035,9.145439,13.572673,12.57063,18.130175,17.050106,21.604347,20.749132,26.521635,29.544704,31.642996,35.34528,33.44201,38.36619,33.18975,36.56986,38.270073,34.894623,32.546146,29.584936,28.610605,25.94153,29.149,26.955952,24.595438,28.99338,29.995508,32.149525,35.582184,35.713535,38.1235,39.07531,35.355206,31.575891,27.57312,27.415064,23.332611,24.601564,20.131517,23.574966,19.550594,21.642248,19.419382,22.018064,19.365303,22.634434,18.079279,21.281956,18.679247,23.766333,22.149574,25.42547,27.434895,28.878405,32.204685,30.46617,26.657091,25.238424,22.30224,21.102003,16.594458,20.274675,16.290459,20.34741,18.2038,19.479877,16.37945,20.483635,15.469963,18.229172,18.63957,19.751932
14,28.075596,24.76905,22.203928,18.389513,16.99629,13.001091,13.833535,7.529309,7.5624995,6.1474614,8.040108,9.207391,6.745799,6.1634765,0.0,5.818355,6.0161242,10.621941,13.700286,16.628777,19.353874,20.890621,24.94469,25.6428,30.18023,28.851366,31.566336,28.501009,23.917763,23.989264,19.091782,18.598614,13.194522,16.444551,11.60276,14.505484,13.523969,13.005966,16.891937,15.090605,20.087341,17.174858,21.80455,19.631708,25.779007,27.707748,29.8329,33.392864,32.21764,37.332752,32.968945,36.10288,38.600098,35.99486,33.36663,30.103947,29.902191,27.81789,31.9145,29.68036,26.8223,30.766533,30.938429,33.119385,35.62412,36.328976,38.04137,38.193527,34.15153,31.075068,27.05934,27.952875,24.073309,26.379875,22.139454,26.559715,23.333023,25.765337,24.072886,27.030447,24.302763,26.734482,21.59011,24.028658,20.268862,25.234873,22.244637,25.022598,26.19564,26.97135,29.834963,27.796093,23.775192,22.964428,20.282349,20.345068,16.697994,21.425653,18.41222,23.284592,21.20076,21.507591,18.108334,20.547977,15.198007,16.544943,16.21221,16.18801
15,27.249271,24.11997,21.579227,17.392,15.467358,12.652352,11.960742,7.9191036,5.201054,8.199102,7.169856,10.712516,9.554743,7.303418,5.818355,0.0,4.693769,6.1766143,10.79395,13.3176985,16.105658,18.432827,22.228163,21.90538,26.509756,25.131697,27.147497,23.874311,19.507395,18.777912,14.677433,13.530823,9.16743,11.868873,7.540709,11.203466,10.398605,8.98681,12.084122,9.853543,14.4974165,11.458885,16.066805,14.356729,20.339293,22.757957,25.214853,28.547958,26.92243,31.976263,27.358118,30.504337,32.837563,30.18692,27.579739,24.344105,24.095013,22.09483,26.40987,24.208982,21.223883,25.240776,25.374454,27.819132,30.300745,31.426033,33.366417,33.537834,29.915375,26.812311,22.121784,22.948133,18.741882,21.158642,16.79518,21.452946,18.594929,21.089653,19.955406,23.31436,20.93758,22.76576,17.522446,19.704704,15.59099,20.962273,17.586992,21.013763,22.111315,23.539358,26.478071,25.081837,21.060568,20.224674,16.676453,17.109682,13.527581,18.346367,15.290787,20.42477,19.166302,19.816345,16.365795,18.95377,12.663785,15.036288,13.796773,15.158779
16,23.891373,20.480843,18.427948,13.982226,12.980619,8.91388,10.744728,7.0391164,6.955023,9.831273,11.304476,13.906612,12.175389,10.26087,6.0161242,4.693769,0.0,6.0049906,7.7698793,11.328774,13.56707,15.765801,19.308794,19.868607,24.664911,23.857649,26.236788,22.976442,18.240452,18.67174,13.270078,13.9258795,8.3619,13.23438,9.909921,13.217982,13.667715,13.001384,15.688409,13.721771,17.339333,13.965669,18.20496,15.8211355,21.718124,23.15534,26.013706,28.778786,27.586811,32.708748,28.82529,31.311558,34.288544,32.332687,29.211601,25.792028,26.423244,24.707424,29.380415,27.601263,24.441452,28.389814,28.027184,30.665941,32.38102,34.196148,35.697063,35.186302,31.522312,29.08409,24.195124,25.799843,21.68283,24.660343,20.437597,25.368753,22.75991,25.056242,24.227318,27.73519,25.542435,27.29252,22.025402,23.94121,19.431149,24.657303,20.462637,23.58472,23.917639,24.879976,27.29874,25.802273,21.627697,21.463844,18.059286,19.69346,16.864998,22.066818,19.51428,24.809975,23.516062,23.79778,20.301195,22.035429,15.83246,17.114725,15.202543,15.498573
17,22.289051,19.430433,16.992687,12.775061,10.613835,9.348361,7.8115325,7.949769,6.0607796,11.643234,12.385845,15.561505,15.364142,13.474118,10.621941,6.1766143,6.0049906,0.0,6.202997,7.328285,10.413138,12.70442,16.538412,15.959406,20.371363,18.99132,21.117012,18.01944,13.664345,13.784655,9.725504,11.408258,8.294185,12.520517,10.65281,14.337392,14.613467,12.792787,14.1521015,11.403132,14.029802,8.914357,12.85317,9.884872,15.831017,17.291676,20.098616,22.982904,21.79078,26.932526,23.08705,25.95481,28.959497,27.16784,24.43607,21.029682,21.576033,20.474619,25.638485,23.493977,20.104849,23.372366,22.541512,25.138826,26.4907,28.596876,29.957079,29.283113,25.812544,23.570843,18.362852,20.319862,16.35077,19.842268,16.10136,21.473177,19.957129,22.593584,22.371292,26.01081,23.937069,24.541912,19.215261,20.269354,15.218535,20.19855,15.247584,18.478998,18.426208,19.726517,22.093409,21.12735,17.036873,16.974527,12.958708,15.393652,13.415045,18.613285,16.810877,22.215666,21.706413,21.799013,18.456581,19.453434,12.980445,14.456244,11.502397,12.964136
18,18.518185,15.254267,14.147985,9.29063,9.218635,6.9504495,9.603358,11.141005,11.356344,16.137299,17.789862,20.733263,19.720104,17.61586,13.700286,10.79395,7.7698793,6.202997,0.0,5.2346025,5.9266005,9.228435,11.77787,12.265116,17.29366,17.323591,19.387918,16.09302,11.200946,13.067985,6.915934,11.560633,8.026665,14.022602,13.646186,16.641157,18.279121,17.357496,18.283428,16.23978,17.420765,13.293057,16.067959,13.158539,17.94923,18.012613,21.73639,23.182133,22.351992,27.352154,24.637821,26.118296,29.94016,29.201681,25.62069,22.10097,24.02233,23.226437,28.582731,27.316011,23.895185,27.24287,25.922867,28.913502,29.206953,32.475117,33.404556,31.824327,28.71345,27.458717,21.865551,24.604145,20.739452,24.562654,20.98025,26.268759,24.877726,27.013416,27.234312,31.086288,29.440466,30.137367,25.001917,25.966272,20.859425,25.682322,20.162504,23.147154,22.124367,23.038342,24.534485,23.81084,19.790508,20.666643,16.874994,20.574362,19.319452,24.541744,22.98037,28.365215,27.90853,27.922201,24.574467,25.114143,18.852612,19.536379,16.059984,16.44257
19,15.85397,13.377409,11.526086,7.6142917,6.1294665,7.7810187,7.1412764,11.804703,11.9623,17.264141,19.475618,22.097147,22.146984,20.54257,16.628777,13.3176985,11.328774,7.328285,5.2346025,0.0,4.249527,5.5517817,9.564001,9.53251,13.568152,12.594378,15.44423,12.933277,8.612912,11.60615,7.6078525,13.794356,12.122387,17.186361,17.012056,20.297277,21.374336,19.699455,20.187044,17.56215,18.337322,12.651516,14.6434765,10.548922,14.930567,13.939937,17.144453,18.876661,18.843338,23.853363,21.765726,23.738625,27.801468,27.463947,24.546812,21.142448,22.934784,22.958036,28.64291,26.832434,23.300026,25.52334,23.538822,26.114048,25.716377,29.052227,29.411055,27.394968,24.170887,23.48657,18.26762,21.687765,18.584402,22.898191,20.18426,25.702793,25.335611,27.87363,28.31997,32.04669,30.228605,30.004421,24.850365,24.971256,19.58734,23.583084,17.497704,19.768888,18.029558,18.593525,19.66756,19.149822,15.313399,16.666536,13.090123,17.766338,17.737547,22.774727,22.216263,27.530468,27.436678,26.946432,23.834824,23.23966,17.503338,17.476706,13.370199,13.825121
20,15.158806,12.592077,12.268971,8.3595495,8.83158,9.725287,11.182463,15.39594,15.68925,20.892117,22.766394,25.667246,25.212782,23.223616,19.353874,16.105658,13.56707,10.413138,5.9266005,4.249527,0.0,5.1996226,6.313397,6.480044,11.436364,12.128574,14.099733,11.18823,6.5951796,10.651194,6.024339,13.481569,12.419571,17.611298,18.480696,21.279978,23.09641,21.874817,21.917736,19.782225,19.57211,14.980528,16.222715,12.96786,16.134823,14.580324,18.649935,18.94765,18.791609,23.515175,22.106058,22.882658,27.36623,27.706392,24.16724,20.788307,23.494617,23.642569,29.301111,28.202906,24.742188,27.172607,25.047983,28.004044,27.046816,31.243366,31.552895,29.097326,26.45245,26.27857,20.639849,24.213755,21.005968,25.278446,22.552422,27.849802,27.499588,29.614016,30.4256,34.308235,32.89915,32.76075,27.833794,28.012909,22.75149,26.83825,20.694496,23.15534,21.080772,21.772614,22.369375,22.302237,18.743786,20.397009,16.80011,21.690718,21.698702,26.609285,25.906216,31.141119,31.199413,30.920452,27.804182,27.40456,21.582066,21.716776,17.572805,17.952257
21,10.603299,8.591655,7.6110854,5.2437134,5.796472,9.153453,9.840281,15.379825,16.605839,21.328516,24.51827,26.654722,26.771044,25.468626,20.890621,18.432827,15.765801,12.70442,9.228435,5.5517817,5.1996226,0.0,5.705469,7.876269,10.506723,10.130071,14.101449,12.776283,9.484956,14.3577175,11.0234165,18.33339,16.835789,22.200523,22.31633,25.468613,26.784882,25.224722,25.672848,23.084991,23.485563,17.79418,19.064722,14.787524,17.905975,15.182554,18.002861,18.833403,20.010824,24.57211,23.977743,25.270813,29.916067,30.51972,27.636786,24.396858,26.761536,27.325766,33.099964,31.429945,27.91563,29.523132,26.986845,29.32556,27.875847,31.670834,31.253664,28.36144,25.245348,25.666098,21.07077,25.140812,22.744633,27.272383,25.09588,30.583633,30.628754,33.157307,33.753613,37.46627,35.639683,35.144726,30.02698,29.792873,24.369722,27.746817,21.424109,22.83598,20.245495,19.9668,19.967028,19.509089,16.194548,18.430721,15.859049,21.205816,22.052574,26.954136,26.992874,32.2464,32.16518,31.277561,28.287846,26.812094,21.73821,20.738441,16.53617,15.940298
22,11.363143,9.762032,11.306043,9.48843,11.379574,13.404305,15.351365,20.37989,21.34923,26.259054,28.823122,31.407715,31.054379,29.27033,24.94469,22.228163,19.308794,16.538412,11.77787,9.564001,6.313397,5.705469,0.0,4.9981623,7.833719,10.33218,12.588172,11.130322,8.606648,14.066546,11.204412,18.868046,18.31086,23.423386,24.680159,27.301788,29.334814,28.172997,28.037317,25.943203,25.220566,20.647787,21.080055,17.75166,19.501953,16.284628,20.041748,18.983877,19.985117,23.979067,24.325674,24.10874,29.182598,30.6653,27.177456,24.103868,27.447254,28.227932,33.892513,33.033237,29.643923,31.388731,28.693285,31.448986,29.32697,34.156532,33.718918,30.342007,28.07673,29.057402,23.936317,28.096699,25.59092,30.037964,27.907671,33.109642,33.270725,35.324047,36.383945,40.257824,38.929344,38.439217,33.611702,33.38933,28.106045,31.590618,25.214964,26.95333,24.070621,24.136806,23.676888,23.907576,20.98548,23.360239,20.535849,26.029526,26.857046,31.600729,31.4633,36.621223,36.79943,36.20371,33.212326,32.048813,26.753393,26.162935,21.86879,21.597248
23,15.59167,14.363084,14.953702,12.7627125,13.280065,15.738929,16.062662,21.318018,21.272402,26.753397,28.262804,31.331324,31.214525,29.12516,25.6428,21.90538,19.868607,15.959406,12.265116,9.53251,6.480044,7.876269,4.9981623,0.0,5.647501,8.281244,8.615199,6.238555,4.2202306,9.703599,8.996511,16.314577,17.366388,21.437302,23.418692,25.886992,27.880604,26.508198,25.654486,23.678858,22.046429,17.861221,17.380507,14.72208,15.325481,12.174402,16.660913,14.931283,15.305033,19.297632,19.553883,19.119308,24.191189,25.8137,22.370468,19.416113,22.92818,24.034325,29.658237,28.955856,25.673801,27.171865,24.372078,27.310993,25.018906,30.313858,30.115833,26.821674,25.129238,26.091034,20.472815,24.538382,22.07008,26.406208,24.605513,29.522924,30.152435,32.040688,33.486027,37.33156,36.32787,35.440662,30.974009,30.479294,25.42227,28.727158,22.437529,24.487215,21.576,22.31456,21.97442,22.904345,20.170713,22.3049,18.96571,24.40806,25.3691,29.67596,29.603102,34.467926,35.10189,34.757225,31.939302,31.01724,25.666815,25.695026,21.28967,22.007177
24,15.091272,15.31971,15.989909,15.500685,15.774669,19.527687,18.870504,24.97623,25.098757,30.499315,32.427654,35.193966,35.59072,33.807964,30.18023,26.509756,24.664911,20.371363,17.29366,13.568152,11.436364,10.506723,7.833719,5.647501,0.0,5.125843,5.6521416,6.8788676,8.491784,13.325081,14.371969,21.390188,22.799517,26.617447,28.528826,31.130606,32.850956,31.164373,30.163637,27.962831,26.160492,21.495764,20.334833,17.434917,16.708904,12.026883,15.360136,12.58679,14.614454,17.683249,19.723831,19.131876,24.402279,26.876295,24.23003,21.762886,25.160915,27.016224,32.567997,31.614744,28.459047,28.817457,25.428713,27.794304,24.384907,29.922363,28.884346,24.78208,23.499405,25.603722,20.91916,25.436018,24.01712,28.421791,27.51605,32.27246,33.668705,35.72196,37.319294,40.998825,39.93081,38.40293,34.107674,32.99215,28.038765,30.401909,24.105043,25.218843,21.598644,21.78743,20.447535,21.885958,20.042484,22.64739,20.15196,25.90299,27.82331,31.685604,32.39257,36.99513,37.87679,37.154118,34.618484,32.83389,28.250788,27.68363,23.249712,23.768747
25,15.269939,15.777572,14.984654,14.99155,14.007405,18.780432,16.363213,22.936707,22.892862,28.17907,30.310719,32.741814,33.760082,32.370007,28.851366,25.131697,23.857649,18.99132,17.323591,12.594378,12.128574,10.130071,10.33218,8.281244,5.125843,0.0,5.9068227,8.068457,9.483099,13.675477,15.221735,21.886208,23.107996,26.763037,28.001299,30.972675,32.050323,29.904177,29.091835,26.470123,25.23704,19.607906,18.538748,14.921362,14.367659,9.249162,11.184314,10.06696,13.038172,16.525257,18.115252,19.178482,24.007689,25.872438,24.129183,21.675962,24.116316,26.13227,31.761925,30.005241,26.803902,26.49097,22.936577,24.706343,21.384674,26.184671,24.824467,20.771051,18.889914,21.090738,17.123035,21.86391,21.07084,25.582445,25.14565,30.004494,31.756685,34.230537,35.600605,39.065205,37.650745,35.735634,31.388296,29.894726,24.949926,26.696455,20.433052,20.871792,17.015793,16.849602,15.3431425,16.835201,15.274464,17.96784,15.953571,21.741009,24.244682,27.80761,29.063982,33.496223,34.432655,33.389935,31.07311,28.719835,24.737005,23.815443,19.478405,20.116995
26,20.127655,20.329456,20.165667,19.32454,18.570873,22.552992,20.452961,26.541382,25.7772,31.4543,32.441807,35.48735,36.261444,34.355324,31.566336,27.147497,26.236788,21.117012,19.387918,15.44423,14.099733,14.101449,12.588172,8.615199,5.6521416,5.9068227,0.0,4.565592,8.820903,11.522692,15.155186,20.866634,23.574953,26.195957,28.501081,30.968815,32.40258,30.42506,28.782413,26.659906,24.115461,19.837236,17.57605,15.530649,12.938419,8.001093,11.513675,7.3537126,9.26236,12.0399475,14.550296,14.07887,19.224089,21.948635,19.949875,17.917286,21.06573,23.509619,28.83263,27.819637,24.91126,24.496065,20.85622,23.115376,19.226553,25.250107,24.302853,20.206589,19.767159,22.033726,17.237951,21.593866,20.6892,24.813536,24.646767,28.892496,31.011581,32.958885,34.900738,38.386826,37.596287,35.479504,31.70718,30.130508,25.630587,27.389784,21.4659,22.581642,18.934319,19.812733,18.530842,20.832447,19.486788,21.699867,19.002842,24.380642,26.5997,29.721062,30.69743,34.78119,36.174473,35.622612,33.412754,31.726044,27.453127,27.408379,23.101997,24.55377
27,20.65056,19.973589,19.860153,17.92015,17.290531,20.34591,18.841734,24.266945,23.21956,29.03293,29.484118,32.87647,33.23676,31.00913,28.501009,23.874311,22.976442,18.01944,16.09302,12.933277,11.18823,12.776283,11.130322,6.238555,6.8788676,8.068457,4.565592,0.0,4.938712,7.260607,10.9985895,16.46493,19.437078,21.890598,24.516243,26.780272,28.479788,26.750475,25.008232,23.146296,20.378778,16.714874,14.6428795,13.116131,11.189588,7.760324,12.8530245,9.755421,9.366414,13.137118,13.785547,13.095881,18.240734,20.332981,17.39885,14.885522,18.44844,20.362867,25.807898,25.158651,22.138414,22.752434,19.598406,22.543903,19.647726,25.632341,25.523369,22.1918,21.480658,22.706558,16.871073,20.812496,18.89018,22.961912,22.050922,26.38476,27.951214,29.67724,31.631462,35.289116,34.664883,33.026974,29.182203,28.096867,23.534311,26.129461,20.184351,22.240622,19.20334,20.661406,20.239473,22.149288,20.058582,21.887468,18.384787,23.527695,24.946213,28.386812,28.685095,32.95581,34.22952,34.05947,31.626602,30.721645,25.765749,26.319881,22.005388,23.731647
28,18.855808,17.328688,17.056852,14.188726,13.723728,15.9161625,15.204068,20.059744,19.19075,24.942982,25.57001,28.974596,28.965664,26.678852,23.917763,19.507395,18.240452,13.664345,11.200946,8.612912,6.5951796,9.484956,8.606648,4.2202306,8.491784,9.483099,8.820903,4.938712,0.0,5.6191454,6.3719616,12.942073,14.909807,18.183313,20.401087,22.823858,24.644184,23.114256,21.900713,19.9793,17.993912,14.03855,13.2627325,11.138289,11.661518,9.640209,14.736077,13.543436,12.761622,17.242537,16.304478,16.425718,21.143646,22.162813,18.70574,15.589794,18.867897,19.86031,25.523458,24.753433,21.466951,23.171528,20.589743,23.763079,22.02175,27.221588,27.550201,24.816746,23.210644,23.541294,17.375498,21.075605,18.256182,22.460125,20.56929,25.383045,26.061554,27.899693,29.448807,33.27571,32.40747,31.44758,27.144371,26.669277,21.766869,25.23666,19.128773,21.707127,19.210934,20.622726,20.879704,21.98221,19.100471,20.731424,16.822973,21.859926,22.525217,26.606203,26.323776,31.025995,31.856049,31.785841,29.034588,28.579882,23.048857,23.726196,19.422869,20.918936
29,24.299334,22.571634,21.87474,18.532866,17.430046,18.944574,17.464048,21.28491,19.291424,25.133472,24.205505,28.15084,28.131208,25.457209,23.989264,18.777912,18.67174,13.784655,13.067985,11.60615,10.651194,14.3577175,14.066546,9.703599,13.325081,13.675477,11.522692,7.260607,5.6191454,0.0,6.760588,9.6034355,13.665308,14.948456,18.00028,19.958914,21.703,20.143045,18.040855,16.581287,13.362692,10.9805355,9.11374,9.282821,8.72479,9.400435,14.861796,13.858089,11.042781,15.533038,12.843397,13.138875,17.10796,17.350718,13.537644,10.227208,13.549711,14.369811,19.960732,19.535936,16.389122,18.596437,16.504622,20.232166,19.299288,24.565042,25.779133,23.894943,22.846188,22.357656,15.504761,18.248085,14.853639,18.491974,16.498068,20.77466,21.563026,23.01721,24.95739,28.76055,28.377235,27.32995,23.558933,23.16514,18.825777,22.498444,17.069849,20.50807,18.782824,21.198399,22.140076,23.576603,20.773218,21.649988,17.192488,21.226732,21.338722,24.813456,24.100647,28.342121,29.559265,30.048859,27.478802,27.894228,22.24414,23.982473,20.073473,22.561481
30,21.152487,18.556807,18.117928,13.8857565,13.61093,13.448453,14.110466,16.929308,15.777507,21.293026,21.239868,24.98676,24.208912,21.503853,19.091782,14.677433,13.270078,9.725504,6.915934,7.6078525,6.024339,11.0234165,11.204412,8.996511,14.371969,15.221735,15.155186,10.9985895,6.3719616,6.760588,0.0,7.704025,8.6410475,12.495453,14.65396,16.915241,19.129135,18.133417,17.325657,15.801925,14.472002,11.627871,12.479347,11.100519,13.837793,14.123703,19.026442,19.022394,17.251104,21.955853,19.35544,19.832245,23.769123,23.561323,19.471586,16.000143,18.84904,18.505621,23.959333,23.457382,20.14288,23.407097,21.853672,25.399807,25.13867,29.555185,30.710508,28.916174,26.863997,25.993567,19.492744,22.247612,18.290642,22.03951,18.8773,23.728413,23.115183,24.720829,25.88713,29.881044,29.030907,29.088596,24.597921,25.1005,20.28898,24.897722,19.290386,22.781296,21.383093,23.125996,24.331604,24.732166,21.18232,22.14493,17.748142,21.802546,21.054863,25.55808,24.178905,29.104465,29.490152,29.906385,26.849936,27.566875,21.31141,22.733797,18.883522,20.446293
31,28.605595,25.775265,24.966423,20.408958,19.598553,18.305431,18.452715,19.062456,16.549776,21.492332,18.971092,23.46881,22.192032,18.765877,18.598614,13.530823,13.9258795,11.408258,11.560633,13.794356,13.481569,18.33339,18.868046,16.314577,21.390188,21.886208,20.866634,16.46493,12.942073,9.6034355,7.704025,0.0,6.2839513,5.5864353,9.714677,10.790198,13.406196,13.00203,11.168264,11.0197525,8.612175,10.002573,11.073928,12.607048,15.169951,17.933168,22.652529,23.074438,19.836561,24.195255,19.85285,20.534622,23.01658,21.37281,16.967167,13.685928,15.656696,13.817864,18.451414,18.68276,15.800188,20.636408,20.45134,24.412512,25.687294,29.49516,31.795986,31.199432,29.526834,27.505749,20.738886,21.895208,17.103016,19.523901,15.503684,19.34197,17.686047,18.47117,19.780476,23.83812,23.6663,24.458515,20.654387,22.000317,18.252373,23.503866,19.354155,23.83988,23.70798,26.339443,28.3796,28.847198,25.308775,25.337233,20.571276,22.929337,20.909842,24.696594,22.211432,26.51275,27.040083,28.40157,25.497055,27.820066,21.416832,24.26933,21.309687,23.776402
32,26.439123,23.11719,22.154734,17.280237,16.823448,13.94646,15.580145,14.606499,12.8979025,17.10866,15.61801,19.689878,17.725779,14.400691,13.194522,9.16743,8.3619,8.294185,8.026665,12.122387,12.419571,16.835789,18.31086,17.366388,22.799517,23.107996,23.574953,19.437078,14.909807,13.665308,8.6410475,6.2839513,0.0,6.3880334,6.9895086,9.077737,11.679193,11.750132,12.20193,11.516261,12.337893,11.775919,14.759383,14.434894,18.84351,20.943499,25.151567,26.434582,24.07673,28.853,24.766073,26.00939,28.823488,27.09467,23.04331,19.677902,21.176693,19.184313,23.699844,23.238043,20.237597,25.019337,24.846325,28.364544,29.861696,32.93467,34.952515,34.33004,31.776337,29.56383,23.361454,24.759418,20.004519,22.694954,18.238066,22.61845,20.090445,21.389408,21.641325,25.597553,24.634119,26.248701,21.729591,23.638037,19.487518,25.092207,20.819775,24.949413,25.003263,26.96587,29.171532,28.792515,24.830532,24.853853,20.449156,22.643196,20.047173,24.614838,21.791422,26.6414,26.30903,27.39747,24.12979,26.50191,19.894577,22.279076,19.63744,21.218832
33,32.290672,29.156427,28.016485,23.262384,22.288626,19.972034,20.300106,19.000803,16.131502,19.953375,16.143661,20.781313,18.893404,15.130194,16.444551,11.868873,13.23438,12.520517,14.022602,17.186361,17.611298,22.200523,23.423386,21.437302,26.617447,26.763037,26.195957,21.890598,18.183313,14.948456,12.495453,5.5864353,6.3880334,0.0,5.454126,5.31803,8.344923,8.953628,7.657457,8.769407,8.222461,11.552873,13.808532,15.654875,19.035685,22.507917,26.679888,27.892181,24.546751,28.889738,23.852116,25.120783,26.840628,24.237595,20.25492,17.326962,18.056032,15.166649,18.694923,18.867672,16.429216,22.059336,22.829222,26.55972,28.932384,31.730135,34.52271,34.66913,32.694866,29.899446,23.558514,23.824177,18.793972,20.310398,15.628765,18.790691,15.676434,16.102604,16.68129,20.652565,20.501873,22.44541,18.847826,21.17894,18.185661,23.838333,20.806784,25.498055,26.248531,28.945751,31.522446,31.55417,27.87168,27.357695,22.737062,23.88101,20.812859,24.35144,20.972736,24.961035,25.072325,26.94252,24.047092,27.45158,21.118755,24.547298,22.436537,24.924776
34,31.998232,28.734503,26.997307,22.334938,20.996166,18.111788,18.216324,15.336867,12.393354,15.183449,11.0771475,15.59331,13.4563265,9.676883,11.60276,7.540709,9.909921,10.65281,13.646186,17.012056,18.480696,22.31633,24.680159,23.418692,28.528826,28.001299,28.501081,24.516243,20.401087,18.00028,14.65396,9.714677,6.9895086,5.454126,0.0,3.834176,4.7498374,5.282663,7.078947,7.2435737,10.3893,11.694511,15.379833,16.08587,20.778624,24.20044,27.618591,29.913584,27.112871,31.791224,26.586222,28.844313,30.565233,27.562796,24.290102,21.300165,21.191439,18.309029,21.785982,20.839745,18.32645,23.641827,24.550293,27.71963,30.607822,32.37292,35.08189,35.558426,32.86166,29.605162,23.976278,24.06509,19.176653,20.662666,15.74009,19.25695,15.489469,16.71737,16.084091,19.793283,18.667023,21.237024,17.027689,19.871025,16.816584,22.626072,19.988157,24.382566,25.652678,27.97969,30.91921,30.301987,26.45926,25.593075,21.370993,21.711153,17.956247,21.742723,17.95622,22.189072,21.596611,23.369484,20.300476,24.061998,17.828438,21.257084,19.855328,22.034464
35,35.1441,31.794895,30.36506,25.592676,24.535948,21.421877,21.977057,18.99763,16.164135,18.495445,13.818866,18.217659,15.629823,11.717368,14.505484,11.203466,13.217982,14.337392,16.641157,20.297277,21.279978,25.468613,27.301788,25.886992,31.130606,30.972675,30.968815,26.780272,22.823858,19.958914,16.915241,10.790198,9.077737,5.31803,3.834176,0.0,4.237002,6.741044,7.5282545,9.301724,11.253567,14.504331,17.585808,19.103056,23.185387,26.86643,30.545656,32.440754,29.243912,33.673733,28.316238,30.095427,31.468273,28.315815,24.78597,22.051231,21.98935,18.68694,21.358053,21.183397,19.127851,24.90339,26.224976,29.585505,32.67246,34.563225,37.57216,38.21821,35.85048,32.521374,26.742111,26.48698,21.51859,22.456785,17.5291,20.166304,15.92964,16.258512,15.728909,19.31632,18.871002,21.989128,18.527847,21.677711,19.326777,25.061861,22.926403,27.49701,28.882868,31.424011,34.367954,33.919777,30.136524,29.234264,24.941301,25.116467,21.257065,24.601902,20.564827,24.248955,23.755924,25.932304,23.06426,27.275661,21.239569,24.88207,23.607279,25.857462
36,36.45737,33.22925,31.246592,26.707758,25.090054,22.267511,21.80106,18.243788,14.954741,16.53227,10.77874,15.133128,12.977482,9.3235035,13.523969,10.398605,13.667715,14.613467,18.279121,21.374336,23.09641,26.784882,29.334814,27.880604,32.850956,32.050323,32.40258,28.479788,24.644184,21.703,19.129135,13.406196,11.679193,8.344923,4.7498374,4.237002,0.0,3.5391788,6.0770082,7.618925,11.3746195,14.122098,17.593512,19.009907,23.40062,27.438334,30.45865,33.101166,30.014256,34.480404,28.75237,31.365377,32.365993,28.675137,25.891346,23.289555,22.298761,18.939026,21.325626,20.299664,18.399284,23.911163,25.571083,28.480053,32.16939,33.16365,36.324406,37.47972,34.86225,31.062178,25.88296,25.100424,20.34681,20.8141,15.917308,18.280947,13.621786,14.427175,13.0478115,16.362705,15.348497,18.843594,15.345441,18.865282,17.038586,22.617796,21.31376,25.725191,27.682138,30.221893,33.49058,32.82839,29.17204,27.841795,23.844395,23.076199,18.801262,21.67917,17.33429,20.685684,19.978945,22.353209,19.643167,24.349068,18.758669,22.718065,22.12369,24.576897
