,0,1,2,3,4,5,6,7,8,9,10,11,12,13,14,15,16,17,18,19,20,21,22,23,24,25,26,27,28,29,30,31,32,33,34,35,36,37,38,39,40,41,42,43,44,45,46,47,48,49,50,51,52,53,54,55,56,57,58,59,60,61,62,63,64,65,66,67,68,69,70,71,72,73,74,75,76,77,78,79,80,81,82,83,84,85,86,87,88,89,90,91,92,93,94,95,96,97,98,99,100,101,102,103,104,105,106,107,108,109,110,111
0,0.0,4.734083,6.6441984,9.509936,12.717525,14.028084,17.83549,21.994665,24.648293,28.716366,33.422695,36.01499,37.37629,36.904533,34.557735,31.718124,30.786451,27.37872,26.966547,22.692629,26.558764,21.460526,25.240166,24.242773,23.001497,22.935213,18.873865,21.116968,20.723469,24.520168,25.322226,28.695446,34.459476,34.2153,37.8299,40.304253,42.448177,41.21849,37.461555,33.53868,35.59445,31.104242,31.126453,26.527552,26.757954,23.42251,24.177683,18.798582,22.069538,22.15989,26.123528,25.047264,30.335037,32.3489,32.47791,35.275715,33.37101,35.825962,40.28612,36.185013,33.060715,31.988605,28.79849,28.360086,25.19346,26.86976,24.025198,19.890074,17.863995,17.6915,21.249464,23.643745,24.725664,28.829058,30.659882,34.533962,36.83966,39.44357,42.25656,42.356766,38.604343,34.042835,33.183224,29.155598,27.529184,24.827179,19.29229,19.501404,15.486479,15.270089,11.577809,14.163976,9.9703,12.623843,10.163971,11.991928,14.5560055,17.053026,17.019575,21.480783,18.687704,25.11619,21.48364,26.356276,30.542854,27.107012,24.021675,23.98394,18.03199,17.64431,14.270754,13.264581
1,4.734083,0.0,5.227181,6.3931828,9.342853,12.159819,14.655364,19.872515,21.842222,26.806408,30.936628,33.942326,35.521957,34.928406,33.208652,29.921776,29.383736,25.571016,25.373442,21.08121,24.875193,20.514126,23.739336,21.93361,20.865646,20.050749,15.389585,17.664827,17.000683,21.357172,21.910975,25.884985,31.538801,32.04871,35.220478,38.02339,40.15081,38.55784,35.07061,31.17341,32.44814,27.826971,27.684477,22.660198,22.95903,19.3533,20.19334,14.654768,17.80931,17.63017,21.514482,20.448622,25.801159,27.799713,28.17894,31.112528,29.200174,31.888676,36.287064,32.253136,29.192772,27.771791,24.38625,23.917269,20.507174,22.491358,19.579676,15.752462,14.207221,13.888731,17.056963,19.945019,21.172422,25.235542,27.278133,31.00845,33.638584,36.17632,39.197674,39.642296,36.10081,31.61888,30.715197,26.837084,24.733566,22.820702,16.600643,17.189558,12.924865,12.842592,9.680737,12.085165,9.345262,13.152533,11.510577,12.864784,15.171934,16.72715,17.319225,21.450127,19.177551,25.125088,21.38073,26.060596,29.814074,26.409132,23.440128,22.92577,17.08116,16.821285,12.710684,12.566679
2,6.6441984,5.227181,0.0,5.0845,6.9313087,8.380298,11.669803,15.884628,18.50008,22.632076,27.572481,29.978752,31.829964,31.640118,29.792076,26.996065,26.820892,23.249878,23.853775,20.053068,24.538134,20.56456,24.650974,22.99114,23.089397,22.145683,17.701357,18.649464,16.920935,21.425962,20.588167,24.87684,29.622246,29.903687,33.22669,35.65535,38.248756,36.927288,33.513237,29.84932,31.275278,27.225471,26.436384,22.03863,23.583967,19.929161,21.895472,16.406052,20.311073,20.23865,23.4615,21.120111,27.130114,28.01448,28.47345,31.016417,28.42166,30.68819,34.8865,30.465366,27.452194,26.337929,23.56268,23.081581,21.018036,22.213982,20.525867,16.72419,13.482766,12.127236,15.651644,17.512287,18.354322,22.454182,24.173355,28.078703,30.264128,32.943497,35.73096,35.929012,32.368206,27.796936,27.309597,23.416111,21.854168,19.904562,14.397937,15.9005375,12.349673,13.783024,11.509558,15.501286,12.713489,15.340334,12.960771,12.943121,14.50903,15.55973,15.022212,18.94589,15.529232,21.105074,16.912586,21.43079,25.134678,21.447935,18.467093,17.890263,12.028108,11.763223,7.9345055,8.308292
3,9.509936,6.3931828,5.0845,0.0,3.8216383,6.331532,8.84571,13.866518,15.7078905,20.819181,24.60569,27.78682,29.2256,28.57077,27.053513,23.661371,23.415358,19.500189,19.833292,15.8983135,20.154707,16.744722,20.34852,18.255276,18.713438,17.428976,13.071625,13.5976715,11.929863,16.387253,16.004263,20.157808,25.361763,25.899357,29.03699,31.764942,34.07526,32.53434,29.13806,25.37835,26.620068,22.34168,21.851292,17.32905,18.555655,15.038442,17.070002,11.757587,16.075209,16.70968,19.597527,17.054226,22.80587,23.898481,23.843868,26.354036,24.130892,26.40631,30.85436,26.780186,23.60291,22.998709,20.079876,20.362646,18.17039,20.651014,19.105335,16.298157,13.983798,11.57565,13.476654,16.272715,16.22892,20.7607,22.077848,26.047628,28.418732,30.667253,33.55397,33.719852,29.977915,25.532497,24.393322,20.496761,18.390457,16.510574,10.268294,11.430236,7.597262,9.208083,7.916564,12.194676,10.809936,13.481809,11.994089,11.4048195,12.584482,12.673582,13.228087,16.708292,14.831189,20.019566,16.460249,20.901567,24.364712,21.435152,18.60232,18.745205,12.7408905,13.8626585,9.854757,12.070372
4,12.717525,9.342853,6.9313087,3.8216383,0.0,5.1800904,5.3164454,11.144309,12.569738,18.064934,21.876518,24.974775,26.89947,26.468992,25.511097,22.127216,22.581501,18.5681,19.733992,16.367348,20.783777,18.413443,21.866447,19.317461,20.51622,18.629385,14.19517,13.779932,10.930837,15.997943,14.05569,19.159546,23.390133,24.567673,27.315233,30.065641,32.691917,31.005848,27.977413,24.484598,24.982773,21.074316,19.847677,15.373616,17.735826,13.970393,16.893452,11.852693,16.149338,16.409653,18.614132,15.189724,21.419931,21.605066,21.987715,24.343256,21.543198,23.77036,27.961948,23.6106,20.557478,19.691715,17.045025,17.197832,15.887805,17.904987,17.256977,14.894671,12.02742,8.676458,10.148578,12.620335,12.430499,16.95363,18.31847,22.26453,24.673971,27.015984,29.96685,30.34993,26.860167,22.43353,21.648441,17.954931,15.749472,14.933875,8.73195,11.301939,8.420043,11.07502,10.976247,15.053032,14.409483,17.010788,15.621344,14.5543,15.192683,14.440742,14.665878,17.450615,15.32574,19.474386,15.663231,19.52869,22.403603,19.31708,16.724792,16.205303,10.824194,11.974931,7.989949,11.211965
5,14.028084,12.159819,8.380298,6.331532,5.1800904,0.0,5.979099,8.097034,11.003536,14.893969,19.45199,22.051708,23.541649,23.26219,21.544676,18.717766,18.943604,15.415386,16.945595,14.064294,19.028444,16.625072,21.054281,19.342442,21.373482,20.110973,16.71545,15.347121,12.532476,16.322456,14.032544,18.091671,21.91969,21.953655,25.330677,27.50542,30.358547,29.244282,25.939426,22.575668,24.187033,20.896687,19.640324,16.559181,19.344294,16.318148,19.592882,15.179998,19.921415,20.91155,22.777079,18.839766,24.811636,24.500433,24.184303,25.944366,23.050419,24.494135,28.689718,24.343193,21.211336,21.62821,19.793985,20.521498,20.265022,22.1305,22.156782,19.86508,16.365318,12.671161,13.8268585,15.166983,13.671404,18.336266,18.618391,22.868786,24.471413,26.60418,29.075626,28.67594,24.671087,20.135,19.198835,15.188028,13.918776,11.649815,7.0991426,9.669517,8.194987,11.687969,11.979348,17.037546,15.752119,16.939873,15.088228,12.924718,12.703064,11.527044,10.630808,13.081208,10.336147,14.3563385,10.568639,14.695766,18.034468,15.299054,12.537561,13.631993,7.605302,10.439659,7.9929767,11.887723
6,17.83549,14.655364,11.669803,8.84571,5.3164454,5.979099,0.0,6.8874664,7.397843,13.414301,16.91428,20.018553,22.296347,22.060144,21.794186,18.471148,19.809599,15.878664,18.15973,15.873105,20.31754,19.448254,22.758074,19.98524,22.379553,20.078903,16.316326,14.327232,10.29618,15.086703,10.939275,16.744888,19.419882,21.15984,23.468594,26.102457,29.114716,27.395649,24.81793,21.789534,21.610945,18.51521,16.326532,12.73637,16.723242,13.309662,17.36412,13.47236,17.696548,18.125172,19.07671,14.365972,20.64722,19.396296,19.807615,21.568945,18.073332,19.797476,23.689962,19.083483,16.117634,15.793336,14.06231,14.73127,15.373798,17.077076,18.06745,16.821747,13.658976,9.154288,8.557498,9.9364805,7.996279,12.804755,13.38997,17.504206,19.657774,21.83805,24.714615,25.05299,21.63665,17.266325,16.67656,13.248282,11.020274,11.600667,6.5967054,10.717912,9.901273,13.484494,14.762466,18.879457,18.927952,20.946445,19.722118,17.878439,17.691643,15.822736,15.728596,17.24686,15.411714,17.718342,14.190387,16.963377,18.895784,16.196775,14.15626,13.605272,9.599086,11.68176,9.067817,13.4086075
7,21.994665,19.872515,15.884628,13.866518,11.144309,8.097034,6.8874664,0.0,4.4482017,6.966155,12.0469055,14.119379,16.343365,16.686165,16.021452,13.751841,15.71529,12.797012,16.38146,15.62565,20.282486,20.226746,24.209444,22.273094,25.733027,23.934387,21.307734,18.304693,14.402527,17.34982,12.196886,16.50973,17.235512,17.849089,20.547285,22.21852,25.845846,24.876421,22.381914,20.00147,20.697594,19.08306,16.379148,15.344744,20.063507,17.732132,22.123413,19.118998,23.546675,24.535458,24.967964,19.769169,25.483002,23.26505,23.013605,23.758799,19.98182,20.355345,23.782389,19.212309,16.49853,17.998539,17.840141,19.084875,21.27121,22.43798,24.380798,23.284851,19.483128,14.95365,14.219891,13.722912,10.130033,14.136005,12.72473,16.977148,17.63416,19.430689,21.484112,20.70312,16.664934,12.091861,11.7358465,8.082279,7.9274483,7.895616,7.8922,11.847762,13.155584,17.185627,18.893343,23.649698,23.277365,24.07895,22.543068,19.76586,18.617865,16.096552,14.78285,14.794609,12.64579,12.447632,9.46964,10.774985,12.108897,10.166522,8.699314,10.152545,7.8062534,11.608984,11.558496,16.139332
8,24.648293,21.842222,18.50008,15.7078905,12.569738,11.003536,7.397843,4.4482017,0.0,7.25503,9.624221,12.843828,15.320451,15.344876,16.094898,13.142933,15.833994,12.639539,16.451712,16.145054,20.157787,21.223919,24.302572,21.76808,25.522459,23.18322,20.744905,17.236164,12.975898,15.808195,9.494719,14.563563,14.239707,16.300903,18.036192,20.170467,23.76617,22.284805,20.366789,18.286415,17.606712,16.322886,12.942848,12.245384,17.670532,15.597516,20.300272,18.139507,22.09272,23.054546,22.70397,17.15663,22.477083,19.582893,19.415552,19.884151,15.832821,16.078949,19.367872,14.765571,12.079761,13.92535,14.265501,16.042496,18.970968,20.44301,22.966549,22.798159,19.677715,14.992886,12.737071,12.35252,7.761168,11.536645,9.499718,13.657863,14.6563,16.062796,18.44055,18.11562,14.350418,10.051086,9.369398,6.406556,4.7775297,8.071197,8.182428,12.259766,14.030218,17.89067,20.245745,24.410921,24.918964,26.040075,24.992704,22.349733,21.227505,18.300772,17.819147,17.436905,16.485909,15.795142,13.610959,14.233015,14.436468,13.291262,12.5347,13.097587,11.778104,14.929382,14.365009,18.966
9,28.716366,26.806408,22.632076,20.819181,18.064934,14.893969,13.414301,6.966155,7.25503,0.0,7.5646067,7.474328,10.535058,12.04176,12.287442,11.722801,15.039775,13.741594,18.328558,19.283678,23.296524,24.54522,28.285837,26.648354,30.841305,29.05531,27.151354,23.46715,19.580372,21.342337,15.419191,18.482656,16.18589,16.567678,18.59449,19.172651,23.451748,23.038206,21.381413,20.227549,20.626892,20.853455,17.475393,18.657337,23.956562,22.444927,27.066261,24.995161,29.158134,30.260256,29.939548,24.356123,29.425978,26.085915,25.668737,25.434603,21.396101,20.51573,22.874838,18.634207,16.727291,19.428288,20.770737,22.329546,25.926939,26.571697,29.52993,29.015106,25.12906,20.61366,19.19657,17.55841,13.282842,15.579862,12.430317,15.866027,14.835935,15.872591,16.861584,14.992355,10.64761,6.27804,7.1760316,5.4313884,8.25812,9.7480955,13.498055,16.8155,19.245373,23.212444,25.35572,30.05785,29.877794,30.201752,28.719343,25.580988,23.926403,20.984652,19.303955,17.852156,16.250088,12.847232,11.69332,9.66599,7.904846,8.29149,9.144295,11.341962,12.515841,16.011559,17.385891,21.687077
10,33.422695,30.936628,27.572481,24.60569,21.876518,19.45199,16.91428,12.0469055,9.624221,7.5646067,0.0,5.628862,6.7517,6.8932,10.25945,8.765384,13.120072,12.316417,16.931208,19.141579,21.774881,24.90485,27.332596,25.451418,30.273859,28.215425,27.359797,22.90344,19.379509,19.596556,13.583993,15.160527,10.067619,11.718227,12.096639,12.767762,17.114193,16.374477,15.754164,15.682228,14.782906,16.630938,12.955144,16.388931,21.620737,21.340408,25.846376,25.378563,28.9334,30.548113,29.225506,23.648743,27.302832,23.445578,22.19996,20.960192,17.46186,15.366871,17.250904,14.207779,12.753111,17.446198,19.63629,22.350615,26.373686,28.01015,31.273214,31.858929,29.006115,24.36304,21.43266,20.524742,15.578583,17.292818,13.185441,15.597181,14.439652,13.5820265,14.229643,11.898936,6.982265,4.9089627,0.39763325,4.3917537,6.700486,10.306381,15.217377,17.63775,21.051517,24.589102,27.666693,31.649788,32.577335,32.752514,32.01387,28.799011,26.894053,23.274414,22.696407,20.363834,20.988035,17.2098,17.588316,15.683478,13.466233,15.601507,16.510294,18.67998,19.263792,22.839512,23.340963,27.889135
11,36.01499,33.942326,29.978752,27.78682,24.974775,22.051708,20.018553,14.119379,12.843828,7.474328,5.628862,0.0,5.438221,8.2815485,11.0268345,11.995593,16.196947,16.355293,21.095718,23.401281,26.365637,29.030636,32.033604,30.491001,35.255993,33.37568,32.25303,27.990908,24.30952,24.905989,18.861946,20.522942,15.338809,15.938221,16.453564,15.864702,20.46667,20.483778,20.15129,20.50198,20.112118,22.226612,18.572422,21.731169,27.105894,26.518068,31.122412,30.16712,33.902443,35.219753,34.08036,28.386393,32.431126,28.258787,27.49868,26.24651,22.437538,20.291653,21.33759,18.181442,17.331347,21.244238,23.778694,25.851702,30.345938,31.02459,34.662457,34.922157,31.43003,26.910555,24.606554,22.731712,18.144175,19.080587,14.856698,16.750673,14.3011875,13.585496,13.023728,9.511636,4.6027517,3.9107437,5.460449,8.181142,11.495026,14.102272,19.26323,21.96389,25.15385,28.911308,31.604662,35.991173,36.350334,36.40065,35.241146,31.913725,29.939016,26.577745,25.19756,22.760332,22.367561,17.50241,17.989895,14.678418,10.926993,13.712016,15.606052,17.696909,19.915306,23.186487,24.721817,28.982515
12,37.37629,35.521957,31.829964,29.2256,26.89947,23.541649,22.296347,16.343365,15.320451,10.535058,6.7517,5.438221,0.0,3.655021,6.713904,8.83468,12.74598,14.182596,18.57376,21.75336,24.003714,27.280308,30.012497,29.055317,34.129177,32.676105,32.42319,27.902422,24.850973,24.200775,19.184555,18.946106,13.5618305,12.417602,13.255479,11.624839,16.175379,17.0008,16.530445,17.44157,18.264933,21.004698,18.170462,22.336367,26.971624,27.129084,31.393665,30.981354,34.779953,36.726177,35.581997,30.113607,33.564938,29.906414,28.189049,26.604183,23.655966,21.071535,22.473434,20.264517,19.159538,24.102514,26.379677,29.07078,33.030468,34.588474,37.792694,38.056595,34.82831,30.181345,27.755377,26.619974,21.796942,23.401937,19.203178,21.278461,19.16738,17.9056,17.18829,13.258418,8.43921,8.621929,6.824465,9.169614,12.565379,13.587066,19.901701,21.58071,25.373184,28.818338,31.798626,36.058712,36.581738,35.987507,35.102257,31.54424,29.212227,25.609095,24.456085,21.225727,22.138311,16.682005,18.613796,15.370158,12.217923,16.322529,17.9149,21.382677,22.50937,26.348577,27.600267,31.98552
13,36.904533,34.928406,31.640118,28.57077,26.468992,23.26219,22.060144,16.686165,15.344876,12.04176,6.8932,8.2815485,3.655021,0.0,5.4897213,6.345571,10.19904,11.826024,15.898924,19.450945,21.139318,24.960135,27.227947,26.345108,31.552233,30.184288,30.424099,25.756721,23.097185,21.723713,17.32793,16.075663,10.636403,8.915009,9.80647,8.199375,12.727436,13.559237,12.894676,13.97589,15.159544,18.125938,15.775043,20.444921,24.58729,25.218218,29.22865,29.291492,32.961582,35.249496,34.006897,28.754093,31.723143,28.427792,26.1538,24.43556,22.059488,19.355614,21.16345,19.475025,18.127045,23.597584,25.626024,28.739492,32.29141,34.51477,37.411793,37.843243,35.0156,30.327349,27.614223,27.09766,22.153646,24.166912,20.074858,22.302053,20.73277,19.275805,18.958397,15.415074,10.597721,10.508356,7.107702,8.9849415,11.692878,12.288382,18.74642,19.823349,23.9017,27.063894,30.315441,34.28086,35.154293,34.40016,33.83776,30.282932,27.87578,24.078228,23.445478,20.002474,21.912102,16.923567,19.186497,16.69907,14.448986,18.388372,19.488522,23.215769,23.41683,27.485003,28.202316,32.71298
14,34.557735,33.208652,29.792076,27.053513,25.511097,21.544676,21.794186,16.021452,16.094898,12.287442,10.25945,11.0268345,6.713904,5.4897213,0.0,5.021458,7.1006794,9.957636,13.655605,17.218609,19.271315,22.261194,25.301132,25.211065,30.257154,29.521002,29.868858,25.500338,23.219795,21.724009,18.317917,16.49871,13.545435,9.479022,12.659698,10.993834,14.736395,16.24927,14.148185,14.315809,17.709808,19.62283,18.09972,21.983057,25.559963,25.99663,29.773806,29.25556,33.37693,35.900066,35.323788,30.264717,33.683666,31.157095,28.674965,27.446732,25.262957,23.101519,25.650126,23.55822,21.642496,26.754593,28.109734,31.051847,33.907272,36.281334,38.605602,38.37512,35.228626,30.592705,28.640211,28.365387,23.645233,26.395195,22.721407,25.610111,24.245462,23.460358,23.344658,19.761717,14.688847,13.400926,10.309894,10.06293,13.056628,10.9769745,17.860952,18.341522,22.386343,25.455933,28.356564,32.64407,32.928303,31.585459,30.817038,27.082254,24.447277,20.85111,19.731369,15.879429,17.989494,12.530313,15.808637,13.445565,12.2505,16.63204,17.391096,22.28124,21.73713,26.09831,26.975912,31.294352
15,31.718124,29.921776,26.996065,23.661371,22.127216,18.717766,18.471148,13.751841,13.142933,11.722801,8.765384,11.995593,8.83468,6.345571,5.021458,0.0,4.430282,5.596199,9.7472515,13.216393,15.220798,18.6579,21.256313,20.663683,25.78195,24.77972,25.194221,20.688591,18.507448,16.779726,13.537952,11.526702,9.445839,5.7351794,9.617131,9.709351,13.171527,13.629516,10.896991,10.139413,13.419031,14.727852,13.395526,17.17439,20.548296,21.126762,24.825317,24.590979,28.565393,31.226236,30.558548,25.65432,28.848944,26.65092,23.93552,22.882738,20.962002,19.101294,22.276243,20.206463,17.897907,23.092926,24.055855,27.27168,29.703554,32.633995,34.67378,34.677917,32.023487,27.388693,25.057922,25.422752,20.677588,23.823849,20.440636,23.549335,22.96546,22.280104,22.901566,20.100489,14.974268,12.992663,8.865873,7.652055,9.393629,7.2088685,13.877083,14.112952,18.351871,21.29317,24.525532,28.49131,29.278507,28.245304,27.814995,24.241337,21.772425,17.901457,17.616144,14.138637,16.957619,13.106145,15.489989,14.53052,14.266017,17.453535,17.54373,21.898428,20.384972,24.775324,24.846268,29.332907
16,30.786451,29.383736,26.820892,23.415358,22.581501,18.943604,19.809599,15.71529,15.833994,15.039775,13.120072,16.196947,12.74598,10.19904,7.1006794,4.430282,0.0,4.4509845,6.7172394,10.746324,12.251001,15.567265,18.282269,18.544817,23.588558,23.250793,24.284695,20.027605,18.705124,16.166952,14.773845,11.307688,11.778354,6.3691654,11.373728,11.454373,13.682491,14.58003,10.795017,9.272121,14.633005,15.164278,15.147381,18.440325,20.66205,21.53727,24.640633,24.435865,28.504595,31.582865,31.314936,26.89356,29.86504,28.543812,25.347416,24.54668,23.311918,21.774143,25.403929,23.586727,21.00492,26.069845,26.452278,29.73742,31.371458,34.80026,36.21541,35.921223,33.42748,28.935007,26.965307,27.882067,23.400215,27.029566,24.026789,27.380642,27.084549,26.55984,27.304913,24.522396,19.381193,17.233429,13.201676,11.327344,12.431262,8.29124,14.266255,13.188894,17.479753,19.882765,23.030663,26.856516,27.526094,25.851952,25.619438,21.96659,19.267157,15.421677,15.427976,11.468595,15.658815,12.510316,15.619654,15.528285,16.401062,19.493237,19.10455,24.032137,21.54959,26.07481,25.854418,30.14973
17,27.37872,25.571016,23.249878,19.500189,18.5681,15.415386,15.878664,12.797012,12.639539,13.741594,12.316417,16.355293,14.182596,11.826024,9.957636,5.596199,4.4509845,0.0,4.779172,7.6374917,10.183331,13.196242,15.976842,15.39989,20.37489,19.602652,20.151306,15.85444,14.28722,12.215335,10.629454,8.071709,10.391935,7.140722,11.7051115,13.253314,15.50669,15.2558975,11.393919,8.609184,12.978169,12.197889,12.072203,14.401676,16.741669,17.246733,20.502613,20.062592,24.190733,27.172976,26.99918,22.596485,25.83337,24.74249,21.737602,21.39165,20.005955,19.069895,23.184828,20.958576,18.034245,22.629887,22.565239,25.798727,27.08063,30.690907,31.889732,31.629864,29.368032,24.925627,22.865038,24.169903,19.86455,23.797642,21.238972,24.808449,25.12331,24.963675,26.298153,24.205132,19.180159,16.358059,12.356298,9.591206,9.446882,4.9133134,10.032126,9.016308,13.392894,15.975228,19.297415,23.09348,24.008646,22.889069,22.732038,19.269949,16.881903,12.88128,13.454116,10.443775,14.292841,12.719811,14.460654,15.387945,16.751776,18.718212,17.852158,22.091291,18.989101,23.376368,22.583973,26.943497
18,26.966547,25.373442,23.853775,19.833292,19.733992,16.945595,18.15973,16.38146,16.451712,18.328558,16.931208,21.095718,18.57376,15.898924,13.655605,9.7472515,6.7172394,4.779172,0.0,4.671624,5.709244,9.362221,11.65243,11.946269,16.914932,16.870228,18.45139,14.494313,14.352628,10.9306135,12.262759,7.867242,12.869611,9.158495,13.6666565,15.44051,16.4123,16.18844,11.697263,8.111242,13.892809,12.155114,13.741759,15.474567,16.021816,17.129295,19.38307,19.375736,23.298498,26.814592,26.938997,23.328089,25.903011,25.902462,22.307333,22.206884,21.82315,21.23066,25.691505,23.981491,20.931547,25.35907,24.693785,28.058416,28.380941,32.677776,33.151573,32.800804,31.04985,26.893818,25.00048,27.027672,23.101383,27.311382,25.160322,28.759283,29.434244,29.268583,30.75451,28.784853,23.820915,21.084143,16.99826,14.265563,13.5254135,8.906373,11.650658,8.716115,12.830933,14.290065,17.693476,20.876415,22.077425,20.358181,20.76838,17.449844,14.993175,11.052463,12.786947,9.931267,15.275824,15.099741,17.041382,18.805862,20.853205,22.6318,21.389118,25.728895,21.770329,26.053383,24.724567,28.803497
19,22.692629,21.08121,20.053068,15.8983135,16.367348,14.064294,15.873105,15.62565,16.145054,19.283678,19.141579,23.401281,21.75336,19.450945,17.218609,13.216393,10.746324,7.6374917,4.671624,0.0,5.138893,5.78187,9.192728,9.098732,13.44061,13.508133,14.546782,11.2204075,11.566401,8.980768,11.569761,8.977001,15.608629,13.264493,17.379122,19.657671,20.7011,19.977694,15.636274,11.648786,16.225681,12.973631,14.704748,14.472832,14.348453,14.725214,16.596592,15.791491,19.947197,23.439121,24.199783,21.034868,24.026888,24.806255,21.567055,22.256807,21.829649,22.102606,26.919342,24.749332,21.4401,24.893345,23.468596,26.46597,25.911278,30.359545,30.179665,29.460064,27.910051,24.07118,22.67027,25.21267,21.91234,26.479782,25.0654,28.902206,30.112757,30.47137,32.4008,30.934362,26.092587,22.78364,19.142557,15.78039,14.331819,9.635306,9.390349,5.3423758,8.70595,9.74648,13.050289,16.304935,17.414293,15.89125,16.395283,13.296065,11.181128,7.3371854,10.107415,8.903719,13.749912,15.62345,16.419582,19.325005,22.125746,22.850977,21.0478,24.867725,20.026741,23.98009,22.043081,25.825073
20,26.558764,24.875193,24.538134,20.154707,20.783777,19.028444,20.31754,20.282486,20.157787,23.296524,21.774881,26.365637,24.003714,21.139318,19.271315,15.220798,12.251001,10.183331,5.709244,5.138893,0.0,6.3229394,6.171943,7.150323,11.986814,12.636903,15.538205,12.246071,13.912177,9.311986,13.805364,8.899872,15.961619,13.327287,16.903275,19.28442,19.152977,18.40626,13.991011,10.066735,15.274874,12.193892,15.32295,15.923879,14.261305,16.006083,16.839386,17.571943,20.882143,24.90228,25.256815,22.755264,24.379837,25.6982,21.645834,21.982655,22.707851,22.718979,27.486837,26.276937,23.15185,27.09115,25.708233,29.139263,28.326872,33.390507,33.040966,32.793003,31.881783,28.169193,26.277786,29.14692,25.749866,30.10982,28.524933,32.056656,33.303074,33.1867,35.015335,33.479156,28.72253,25.966602,21.860664,19.118351,17.53935,13.573676,13.824063,9.728815,12.6652,12.438841,15.913029,17.786922,19.78204,17.87883,19.214863,16.558039,14.578953,11.276061,14.485146,12.878587,18.454077,19.823965,21.260971,23.787119,26.235086,27.50355,25.905931,29.807188,25.124935,29.059025,26.974009,30.712923
21,21.460526,20.514126,20.56456,16.744722,18.413443,16.625072,19.448254,20.226746,21.223919,24.54522,24.90485,29.030636,27.280308,24.960135,22.261194,18.6579,15.567265,13.196242,9.362221,5.78187,6.3229394,0.0,5.8335924,7.9207478,10.429877,12.177626,14.022641,12.40137,14.381736,11.795116,16.305601,13.653156,20.945686,18.368858,22.425127,24.632282,25.027456,24.431065,19.96341,15.982932,20.812939,17.035387,19.575848,18.483128,16.740913,17.156792,17.577417,16.624386,20.369429,24.115053,25.615719,23.58782,26.126265,28.111135,24.778343,25.911444,26.13178,26.837896,31.799177,29.80949,26.455956,29.386288,27.362555,30.105755,28.455208,33.23263,32.117348,30.981592,29.874027,26.630278,25.87367,28.926512,26.274597,31.005354,30.09321,33.996994,35.470215,36.013447,38.0687,36.686375,31.839846,28.431265,24.89692,21.43109,19.921314,15.151467,13.605627,9.240799,10.253513,9.108896,11.368906,13.623038,14.529336,11.894547,13.182869,10.656075,8.887876,6.6192317,10.534744,10.656917,15.586692,18.95308,19.659025,23.251343,26.691048,27.080502,24.928547,28.725454,23.184122,26.749754,24.40056,27.51249
22,25.240166,23.739336,24.650974,20.34852,21.866447,21.054281,22.758074,24.209444,24.302572,28.285837,27.332596,32.033604,30.012497,27.227947,25.301132,21.256313,18.282269,15.976842,11.65243,9.192728,6.171943,5.8335924,0.0,4.6536455,7.0388656,9.390782,13.355566,11.905158,15.203956,11.10941,17.33704,13.5715475,21.298595,19.375221,22.55092,25.194962,24.649685,23.618675,19.456194,15.612712,19.83678,15.810915,19.44477,18.513037,15.092064,16.706648,15.862442,16.667637,19.258755,23.512634,24.526915,23.37524,24.403297,27.143766,23.173668,24.212103,25.588396,26.351353,31.290966,30.167665,26.980272,30.046679,27.886093,31.012783,28.931091,34.435307,33.081814,32.62742,32.438854,29.373522,27.918991,31.459803,28.81522,33.322876,32.43171,35.99601,37.745502,37.911556,40.071938,38.925697,34.29678,31.29486,27.395561,24.406866,22.3765,18.596611,16.892874,12.499378,13.50039,11.3783045,14.086749,14.278999,16.799658,14.684325,16.9778,15.371727,14.232407,12.31837,16.327866,16.152243,21.282286,24.154287,24.990871,28.287357,31.27671,31.901089,29.904413,33.38131,27.996588,31.449778,28.72819,31.890284
23,24.242773,21.93361,22.99114,18.255276,19.317461,19.342442,19.98524,22.273094,21.76808,26.648354,25.451418,30.491001,29.055317,26.345108,25.211065,20.663683,18.544817,15.39989,11.946269,9.098732,7.150323,7.9207478,4.6536455,0.0,5.3855333,5.591404,9.5789995,7.588381,11.256275,7.15956,13.947658,11.209757,19.18971,18.671602,21.228579,24.464048,24.224812,22.510458,18.747126,14.766804,17.44616,12.689985,16.22444,14.467999,10.581439,12.225224,11.270121,12.5783615,14.975227,19.28598,19.989521,18.86039,19.759226,22.602396,18.75748,20.09992,21.500774,22.667595,27.670395,26.499142,23.329338,25.979328,23.61938,26.771095,24.570557,30.268066,28.979864,28.935604,29.119429,26.081764,24.18718,27.955719,25.467436,29.81701,29.17794,32.567783,34.648075,34.87032,37.2943,36.617954,32.289787,29.257309,25.514732,22.617926,19.996492,17.26993,14.548855,10.6067915,11.330352,9.266613,12.683139,12.618296,16.04247,15.296342,17.484821,16.087145,15.342564,13.117756,17.138294,17.322252,21.732046,24.598156,24.760645,28.028835,30.708422,30.942572,28.966934,31.734776,26.517542,29.739672,26.712275,30.009161
24,23.001497,20.865646,23.089397,18.713438,20.51622,21.373482,22.379553,25.733027,25.522459,30.841305,30.273859,35.255993,34.129177,31.552233,30.257154,25.78195,23.588558,20.37489,16.914932,13.44061,11.986814,10.429877,7.0388656,5.3855333,0.0,4.111478,8.423066,9.409265,13.785697,11.33203,18.021832,16.375961,24.328163,24.04358,26.54447,29.841627,29.502832,27.706228,24.05127,20.122925,22.392822,17.372952,20.781816,17.91966,13.275492,14.208401,11.685572,12.551974,13.958057,18.180296,19.722288,20.009298,20.538355,24.56221,21.20474,23.176888,24.824366,26.593,31.578943,30.331768,27.184498,28.921766,25.945717,28.594236,25.257719,31.092949,28.843222,28.516443,29.355694,27.051039,25.729158,29.933094,28.230526,32.599094,32.598255,35.987183,38.43327,38.961773,41.627117,41.258987,37.04423,33.7883,30.30861,27.209806,24.423357,21.742325,17.881275,14.1873665,13.257473,9.821898,11.818276,9.582816,13.646977,13.254622,16.156364,15.959018,16.1215,15.181209,19.351093,20.532297,24.36277,28.26062,27.929691,31.730148,34.81503,34.49939,32.229305,34.577602,28.906343,31.605288,28.117353,30.780384
25,22.935213,20.050749,22.145683,17.428976,18.629385,20.110973,20.078903,23.934387,23.18322,29.05531,28.215425,33.37568,32.676105,30.184288,29.521002,24.77972,23.250793,19.602652,16.870228,13.508133,12.636903,12.177626,9.390782,5.591404,4.111478,0.0,5.4987397,6.145248,10.692805,8.772477,15.233664,14.585592,22.24641,22.989128,24.973602,28.609823,28.529198,26.292027,23.01858,19.150167,20.2032,14.893161,17.980818,14.498287,9.577494,10.3976145,7.5817738,9.184357,10.307609,14.694331,15.807266,16.04163,16.453972,20.498974,17.309763,19.531847,21.130175,23.198732,28.140762,26.868908,23.80012,25.190569,22.112082,24.804113,21.47757,27.482452,25.433624,25.577648,26.692616,24.331387,22.513988,26.835789,25.209534,29.36224,29.50975,32.69613,35.35509,35.88432,38.709232,38.692535,34.76461,31.570013,28.253292,25.33454,22.177769,20.435678,16.07607,13.033318,12.058992,9.145901,11.790455,9.828132,14.415335,15.177287,17.644358,17.310413,17.516443,16.100973,20.078629,21.235287,24.610249,28.208153,27.485886,31.092533,33.816204,33.301426,31.137848,32.9448,27.588263,30.136637,26.517372,29.373
26,18.873865,15.389585,17.701357,13.071625,14.19517,16.71545,16.316326,21.307734,20.744905,27.151354,27.359797,32.25303,32.42319,30.424099,29.868858,25.194221,24.284695,20.151306,18.45139,14.546782,15.538205,14.022641,13.355566,9.5789995,8.423066,5.4987397,0.0,4.9140553,8.187802,9.675435,14.157325,15.95432,23.05308,24.436861,26.491425,30.181498,30.877794,28.520298,25.372648,21.44725,21.801907,16.379162,18.187561,13.262877,9.846382,8.220889,6.2176085,4.325762,6.619769,10.41207,12.543289,12.620201,14.748285,18.599174,16.728254,19.598293,20.06859,22.745989,27.628382,25.492785,22.370148,22.594492,19.03671,21.002558,17.15319,22.827532,20.440868,20.201662,21.341919,19.292124,17.938154,22.437992,21.538643,25.691502,26.504898,29.7648,32.717,33.780872,36.86822,37.26361,33.57237,30.003448,27.331577,24.167145,20.837168,19.6369,13.878304,12.043823,9.568239,6.9940643,8.892049,7.3550715,11.744286,14.091923,15.864425,15.901602,16.694553,15.688629,19.128157,21.110714,23.102566,27.232168,25.551651,29.40856,32.212723,30.885515,28.554335,29.511236,24.119448,26.08503,22.143024,24.708754
27,21.116968,17.664827,18.649464,13.5976715,13.779932,15.347121,14.327232,18.304693,17.236164,23.46715,22.90344,27.990908,27.902422,25.756721,25.500338,20.688591,20.027605,15.85444,14.494313,11.2204075,12.246071,12.40137,11.905158,7.588381,9.409265,6.145248,4.9140553,0.0,4.549057,4.867302,9.622066,11.111274,18.147726,19.674456,21.593845,25.31429,26.106348,23.723839,20.64013,16.780535,17.01033,11.6441555,13.438064,9.096466,6.1365232,5.2439704,5.6043143,5.5475335,8.846481,12.674217,13.3473015,11.582196,13.899378,16.486744,13.859896,16.157326,16.46181,18.636705,23.654984,21.629557,18.405094,19.675167,16.738636,19.490763,17.032907,22.689173,21.498535,21.727129,22.147867,19.18408,16.947195,21.030209,19.115519,23.31283,23.397568,26.676622,29.31715,30.02045,32.918476,33.048958,29.24504,25.893171,22.908024,19.948343,16.576313,15.605635,10.659132,8.717059,7.997011,7.055358,10.6469755,11.1433735,14.782683,16.211214,17.609016,16.542135,16.47294,14.328227,17.645645,18.7006,21.237839,24.341455,23.131699,26.451666,28.81675,28.054491,26.026249,27.42284,22.48877,25.075928,21.619303,24.938808
28,20.723469,17.000683,16.920935,11.929863,10.930837,12.532476,10.29618,14.402527,12.975898,19.580372,19.379509,24.30952,24.850973,23.097185,23.219795,18.507448,18.705124,14.28722,14.352628,11.566401,13.912177,14.381736,15.203956,11.256275,13.785697,10.692805,8.187802,4.549057,0.0,5.8548875,6.284267,10.437191,16.122303,18.321554,20.102655,23.755123,25.286646,22.873152,20.087488,16.483788,15.965647,11.12685,11.261126,6.2076235,6.907724,4.0941772,7.7968717,6.1972017,10.236236,12.886992,13.137289,9.546358,13.602962,14.559776,12.78394,14.96498,13.873094,16.07801,20.997595,18.212473,14.886063,15.934772,13.216737,15.925327,14.500378,19.563038,19.244669,19.520912,19.238483,15.728814,13.084729,16.828695,14.609367,18.862036,18.905903,22.291744,24.918562,25.823595,28.793432,29.07843,25.423946,21.917467,19.345306,16.379038,12.831425,12.837699,7.4115825,7.437233,7.154252,8.483164,11.848503,13.797113,16.469315,18.226213,18.816853,17.327545,17.08115,14.599084,17.055326,17.987732,19.59521,22.16085,20.487057,23.468428,25.462708,24.433218,22.554369,23.49224,19.050484,21.609951,18.37708,22.07049
29,24.520168,21.357172,21.425962,16.387253,15.997943,16.322456,15.086703,17.34982,15.808195,21.342337,19.596556,24.905989,24.200775,21.723713,21.724009,16.779726,16.166952,12.215335,10.9306135,8.980768,9.311986,11.795116,11.10941,7.15956,11.33203,8.772477,9.675435,4.867302,5.8548875,0.0,7.0334535,6.33405,13.697471,15.065177,16.859165,20.590977,21.244686,18.899633,15.778688,11.967387,12.446079,7.208815,9.61887,7.4103765,5.3754644,6.8389783,8.591336,10.009631,12.971411,16.695583,16.345173,13.558517,15.310249,16.618874,13.014018,14.228812,14.70082,15.9128895,20.985277,19.41556,16.198896,18.981007,16.999847,20.482285,19.409885,24.847628,24.62528,25.202948,25.088945,21.51713,18.675747,22.112543,19.173792,23.234837,22.38978,25.586697,27.735588,27.895315,30.45446,30.137829,26.143484,23.190016,19.66231,17.071386,13.876567,12.910699,10.047518,7.774178,9.573151,9.850055,13.9590025,15.270759,18.478922,18.968443,20.209839,18.334316,17.45042,14.385559,17.497923,17.335114,20.734303,22.575577,22.196892,24.826813,26.702734,26.788862,25.1476,27.221304,22.847128,26.055536,23.226128,27.074612
30,25.322226,21.910975,20.588167,16.004263,14.05569,14.032544,10.939275,12.196886,9.494719,15.419191,13.583993,18.861946,19.184555,17.32793,18.317917,13.537952,14.773845,10.629454,12.262759,11.569761,13.805364,16.305601,17.33704,13.947658,18.021832,15.233664,14.157325,9.622066,6.284267,7.0334535,0.0,6.8704515,10.188515,13.233852,14.461529,18.074884,20.090273,17.662205,15.360992,12.411118,11.024019,7.6363916,5.855884,4.0216703,8.551325,7.950051,12.315285,12.312645,15.668746,18.019512,17.030064,12.216302,15.691541,14.342611,12.071014,12.729464,10.746074,11.57779,16.430902,13.655894,10.238444,13.422807,12.442616,16.007439,16.980244,21.239817,22.492706,23.296947,22.24858,18.033451,14.526727,16.894846,13.110283,16.916388,15.536671,18.778984,20.737156,20.991112,23.607674,23.485624,19.715158,16.644646,13.60958,11.2588,7.5334454,9.198408,7.2644815,8.409224,10.857641,13.32629,16.975687,19.630327,21.894594,22.899332,23.168653,20.862709,19.80216,16.436598,18.137596,17.626898,19.561623,20.120352,19.20212,20.930063,21.894222,21.808174,20.620947,22.041698,18.885725,22.082754,19.904951,24.234451
31,28.695446,25.884985,24.87684,20.157808,19.159546,18.091671,16.744888,16.50973,14.563563,18.482656,15.160527,20.522942,18.946106,16.075663,16.49871,11.526702,11.307688,8.071709,7.867242,8.977001,8.899872,13.653156,13.5715475,11.209757,16.375961,14.585592,15.95432,11.111274,10.437191,6.33405,6.8704515,0.0,8.0132265,8.860486,10.644937,14.2662945,15.094201,12.983978,9.721652,6.0828195,7.4681883,4.387147,6.4742546,8.909906,9.731118,11.726667,14.381934,15.892851,18.91057,22.301502,21.286667,17.526844,19.15146,18.690367,14.744877,14.363484,14.423986,13.946205,18.646671,17.516483,14.546519,19.153507,18.591305,22.509377,23.108727,27.87817,28.75641,29.516888,28.649296,24.509415,21.307497,23.698694,19.707111,23.383951,21.343513,24.360065,25.655893,25.136631,27.0954,26.055813,21.806982,19.477747,15.311054,13.4290085,10.982988,10.15678,11.096869,9.474049,13.215731,14.661239,18.753073,20.960932,23.514563,23.249842,24.077087,21.420698,19.74034,15.944692,18.219397,16.50174,20.47221,20.363838,21.06239,22.531832,23.58701,24.820269,23.797338,26.643747,23.253399,27.055214,25.15212,29.466906
32,34.459476,31.538801,29.622246,25.361763,23.390133,21.91969,19.419882,17.235512,14.239707,16.18589,10.067619,15.338809,13.5618305,10.636403,13.545435,9.445839,11.778354,10.391935,12.869611,15.608629,15.961619,20.945686,21.298595,19.18971,24.328163,22.24641,23.05308,18.147726,16.122303,13.697471,10.188515,8.0132265,0.0,6.4152746,4.6449823,8.486902,10.683324,8.250033,7.5303035,7.550117,4.822867,8.12452,6.0709734,12.00452,15.262255,16.937582,20.414396,21.98847,24.70973,27.35952,25.43989,20.8045,22.31281,19.61487,16.34399,14.402341,13.329519,10.753904,13.9934225,13.452318,11.511136,17.602646,18.9127,22.937193,25.53969,29.241243,31.53697,32.86339,31.51042,27.053728,23.232134,24.278837,19.566181,21.990206,18.738358,20.88581,21.202553,19.680502,20.934845,19.485434,15.61873,14.700728,10.375123,10.833125,9.551011,11.673997,15.287476,15.581,19.506325,21.828554,25.746014,28.429136,30.688549,30.599512,30.9585,27.997787,26.084843,22.115967,23.288101,20.777302,23.906452,21.622635,22.712217,22.43261,21.749598,23.88918,23.86886,26.460896,24.949347,28.757189,27.80955,32.41501
33,34.2153,32.04871,29.903687,25.899357,24.567673,21.953655,21.15984,17.849089,16.300903,16.567678,11.718227,15.938221,12.417602,8.915009,9.479022,5.7351794,6.3691654,7.140722,9.158495,13.264493,13.327287,18.368858,19.375221,18.671602,24.04358,22.989128,24.436861,19.674456,18.321554,15.065177,13.233852,8.860486,6.4152746,0.0,5.0893407,6.4036503,8.46736,8.43398,5.174185,5.1452556,9.012067,11.300675,11.159844,16.09801,18.377846,20.10063,23.192238,24.246931,27.588993,30.700727,29.525558,25.10839,27.011196,25.173586,21.588001,20.037369,19.324772,17.102966,20.366152,19.58702,17.421434,23.230513,24.120857,27.927639,30.00374,33.76554,35.59648,36.191296,34.34516,29.803434,26.797205,27.84917,23.106707,26.148832,22.837627,25.535198,25.362194,24.088396,24.83797,22.380833,17.7391,16.574411,11.969397,11.584735,11.765197,10.589812,15.864816,15.091737,19.510149,21.706081,25.447527,28.545595,30.211803,29.130514,29.385656,26.038015,23.637083,19.608803,20.455877,17.04563,21.098982,18.181147,20.542898,20.145138,19.964607,22.988884,22.917683,26.877424,24.92348,29.219006,28.638454,33.170395
34,37.8299,35.220478,33.22669,29.03699,27.315233,25.330677,23.468594,20.547285,18.036192,18.59449,12.096639,16.453564,13.255479,9.80647,12.659698,9.617131,11.373728,11.7051115,13.6666565,17.379122,16.903275,22.425127,22.55092,21.228579,26.54447,24.973602,26.491425,21.593845,20.102655,16.859165,14.461529,10.644937,4.6449823,5.0893407,0.0,4.31457,6.0953593,4.456156,4.577707,7.0598326,6.627874,11.105913,10.388035,16.376371,18.842104,21.000126,24.067194,25.91821,28.627829,31.556055,29.65236,25.25239,26.306479,23.803621,20.181967,17.862902,17.463585,14.470489,16.898724,17.216335,15.758667,21.986559,23.491787,27.53273,30.146105,33.876118,36.162163,37.421494,35.96125,31.456041,27.789762,28.700523,23.893118,26.207403,22.66282,24.612566,24.37023,22.422441,23.003044,20.82547,16.945597,16.858051,12.449437,13.469612,13.260586,14.219851,18.861937,18.568071,22.790087,24.90796,28.846424,31.516825,33.69777,33.04452,33.485107,30.325155,28.11209,24.075212,25.132992,21.964214,25.704422,22.650143,24.653852,23.875711,22.925308,25.92465,26.169827,29.429363,28.102736,32.15147,31.511671,36.12648
35,40.304253,38.02339,35.65535,31.764942,30.065641,27.50542,26.102457,22.21852,20.170467,19.172651,12.767762,15.864702,11.624839,8.199375,10.993834,9.709351,11.454373,13.253314,15.44051,19.657671,19.28442,24.632282,25.194962,24.464048,29.841627,28.609823,30.181498,25.31429,23.755123,20.590977,18.074884,14.2662945,8.486902,6.4036503,4.31457,0.0,4.6098514,5.964064,6.6389627,9.835172,10.906518,15.293871,14.488939,20.36362,22.991745,24.998503,28.148111,29.70528,32.66145,35.580124,33.81205,29.262253,30.570417,27.879349,24.430904,22.039022,21.386007,18.185658,19.994299,20.26587,19.09121,25.323454,27.130022,31.000315,33.927776,37.30597,39.791313,40.842678,38.98229,34.37899,30.97207,31.45132,26.517483,28.668169,24.794613,26.64988,25.75643,23.613295,23.532866,20.60323,16.68958,17.243803,13.117756,14.654863,15.535633,15.933969,21.54412,21.298855,25.666668,27.950985,31.74264,34.742546,36.551918,35.53201,35.767197,32.382183,29.932825,25.919147,26.479597,22.827148,26.505987,22.505219,25.160145,23.669,22.250162,25.979937,26.59698,30.327375,29.501373,33.683872,33.552853,38.158054
