,0,1,2,3,4,5,6,7,8,9,10,11,12,13,14,15,16,17,18,19,20,21,22,23,24,25,26,27,28,29,30,31,32,33,34,35,36,37,38,39,40,41,42,43,44,45,46,47,48,49,50,51,52,53,54,55,56,57,58,59,60,61,62,63,64,65,66,67,68,69,70,71,72,73,74,75,76,77,78,79,80,81,82,83,84,85,86,87,88,89,90,91,92,93,94,95,96,97,98,99,100,101,102,103,104,105,106,107,108,109
0,0.0,3.894153,7.5864983,10.079938,12.4440775,15.484771,17.980967,22.671734,25.224453,29.688932,31.17589,36.042133,36.210926,34.485664,33.402863,29.18197,28.938295,24.49683,24.284143,20.452318,20.921892,19.270594,17.45799,17.655586,13.835122,13.733438,10.938337,16.131426,17.73679,21.43691,22.343687,27.11017,30.86959,34.799667,36.47995,40.185993,40.64215,38.281063,34.653896,31.454237,28.53006,25.271635,20.921202,18.724411,14.718373,10.440965,8.641182,3.8299131,6.2593703,3.691862,6.8402395,10.484765,11.593522,13.383666,16.962812,18.737032,17.049112,22.162178,23.161139,27.819937,25.039375,28.978104,27.293116,30.046368,26.029932,22.960537,23.689743,20.16932,22.045958,17.799185,21.93368,24.385128,21.145956,26.951416,25.97008,29.955246,31.286701,28.575775,33.896637,30.59112,33.569447,35.51715,30.866913,27.6157,24.486567,22.580208,18.732826,15.166766,11.882235,8.262962,6.3844275,7.7533817,11.825662,15.3303385,15.532987,19.754065,21.866314,24.250074,20.515388,19.414778,23.939716,26.076067,28.54719,30.636992,28.256073,32.742874,28.322712,32.867924,32.183464,35.74707
1,3.894153,0.0,5.3432913,6.420729,8.717798,12.174627,14.288139,19.175474,21.46025,26.127474,27.411098,32.4227,32.457603,30.657095,29.744944,25.399712,25.303013,20.813393,20.835062,17.120277,17.976324,16.842134,15.152543,16.228119,12.687281,11.965714,8.599082,13.013067,14.166735,17.898663,18.53031,23.45418,26.999563,31.031322,32.61065,36.336807,36.78534,34.41436,30.84748,27.659327,24.787184,21.46255,17.186987,14.856081,11.118688,6.6666703,5.216783,2.5429769,6.370963,5.747506,6.192191,10.059903,12.497295,13.62047,16.325394,17.574766,14.915938,19.961117,20.68743,25.62831,22.17855,26.381844,24.790277,27.732506,24.39607,20.79381,22.240705,19.287966,20.730436,17.008177,20.182276,22.182453,18.332842,24.154526,22.768276,26.79183,27.882025,25.05382,30.406443,26.998398,30.071417,32.100445,27.502783,24.195917,20.846512,19.325212,15.036208,11.840807,8.318377,4.6968365,3.8270814,7.6687145,10.009792,13.494658,12.675875,17.507103,19.063257,21.836485,17.858624,16.109837,20.619272,23.190159,26.08471,27.677486,25.059486,29.45733,24.737553,29.224709,28.464714,31.949402
2,7.5864983,5.3432913,0.0,5.3666916,6.8896675,8.688149,11.926943,15.619485,18.862047,22.672165,24.737947,29.100338,29.902262,28.633604,27.807035,23.935942,24.554792,20.149628,21.418964,18.008345,20.107937,19.548489,18.727764,20.46255,17.344372,16.447313,11.892098,15.656291,15.34051,19.206419,18.369003,24.211708,26.272198,31.0703,31.875875,35.763153,35.977234,33.246014,30.319225,26.85279,24.91202,20.61946,17.715435,14.094374,12.794269,6.391231,8.493848,6.807454,7.832638,6.4859686,3.0676022,7.3113537,9.398255,9.544061,11.322306,12.32422,9.664805,14.741841,15.721597,20.665396,17.98293,22.239033,21.171898,24.580667,21.311844,18.377665,20.682693,18.225365,20.439709,18.085192,20.59781,22.064894,17.166733,22.957275,20.96459,24.611162,25.490427,22.169615,27.202194,23.713314,26.423985,28.265503,23.565153,20.503773,17.77149,15.454625,12.50074,8.1440325,6.276515,3.4267435,4.4688907,7.575581,10.623724,13.770394,13.479203,18.845165,19.55686,23.22914,19.871145,17.4002,21.25815,24.619356,27.644632,28.49607,25.673498,29.14492,23.997263,28.33489,26.81845,30.405432
3,10.079938,6.420729,5.3666916,0.0,3.9290743,6.1709847,9.131111,13.254301,15.451886,20.161118,21.259726,26.300251,26.147373,24.481344,23.462069,19.294266,19.533276,15.062603,16.071186,12.700129,15.01076,14.910389,14.47648,16.927721,14.506698,13.329549,8.373794,10.923123,10.059697,14.006026,13.267602,19.098398,21.544449,26.085049,27.267939,31.058657,31.639086,29.151026,26.102602,22.949726,20.505026,16.75641,13.251111,9.933353,8.534137,1.1944215,5.9474998,7.28151,8.877087,10.383381,8.359799,9.857939,14.035994,14.604052,15.15767,15.650563,11.304446,16.002018,15.849105,20.894785,16.422325,20.82931,19.365015,22.55411,20.32258,16.154144,18.871857,17.10685,18.081982,15.980649,17.260632,18.286926,13.204438,18.931566,16.836853,20.769835,21.589403,18.637478,24.008963,20.741077,23.978722,26.337965,21.783445,18.705908,15.076005,14.349072,9.623759,6.9549174,4.6378837,2.9288137,6.605362,11.420056,11.759273,14.569812,12.147999,17.860767,17.928183,21.599037,17.502628,14.113683,18.143251,21.870518,25.588877,25.891714,22.72935,26.511406,20.886284,25.049383,23.676987,26.884783
4,12.4440775,8.717798,6.8896675,3.9290743,0.0,5.836366,5.6125417,10.851152,12.882447,17.588675,18.921959,23.890017,24.274563,22.606922,22.542866,18.083105,19.13242,14.663452,16.388206,13.652789,16.23552,16.937883,16.073832,19.081493,16.749302,14.90005,11.320079,11.769814,10.31924,13.612511,12.128104,17.929844,19.640583,24.485424,25.140654,29.04557,29.140594,26.454618,23.430187,19.994104,18.10369,13.753187,11.175831,7.2259445,7.668887,3.9605494,7.135214,10.337966,12.515848,12.829742,9.599432,12.71617,15.927522,15.122246,15.534301,15.154275,10.756407,14.638082,14.957095,20.432129,15.972229,20.854422,20.081358,23.733244,22.279203,18.188992,21.685804,20.420757,21.319033,19.681765,20.315493,20.810257,15.0918255,20.440836,17.486858,21.172672,21.269247,17.59992,22.702923,18.704412,21.69646,23.63378,19.15891,15.719288,12.174382,11.212844,6.3195868,4.2565327,1.5414039,4.2760277,7.0958896,11.333811,9.987659,12.124053,9.475218,15.271102,14.758976,18.860292,15.32193,11.744548,15.2006855,19.221855,22.881592,22.830906,19.671791,23.020441,17.452484,21.689604,20.272572,23.736643
5,15.484771,12.174627,8.688149,6.1709847,5.836366,0.0,7.0970826,7.972954,11.245079,14.927773,16.66667,21.039976,21.46175,20.460085,19.402832,16.025972,17.222363,13.218751,16.038227,13.629096,17.369585,18.101751,18.769632,21.762365,19.991133,18.758202,13.481978,14.706236,12.042662,15.449984,12.616301,19.236172,19.454353,24.814684,25.026455,28.890652,29.358213,26.544718,24.504023,21.278543,20.065113,15.486396,14.16842,9.664438,12.061662,6.710761,11.786174,13.029696,13.284169,14.700487,11.465928,11.205809,15.276583,15.042884,13.406772,13.02229,7.564468,11.23523,10.196067,15.245075,10.408027,15.113027,14.298725,18.09837,16.910343,13.159839,17.383314,16.928665,18.146118,18.084831,17.845465,17.781464,11.422407,16.502794,13.35496,16.655085,17.038563,13.4857645,18.5502,15.3645935,18.404396,20.907223,16.287647,13.751429,10.600288,9.95637,6.9083014,4.4528165,6.763029,7.8798537,11.374992,15.254783,15.367204,17.43457,15.077134,20.800224,19.697227,24.091759,20.652729,16.489885,19.351418,23.916212,27.881336,27.061451,23.647036,26.188793,19.974716,23.572897,21.178228,24.160067
6,17.980967,14.288139,11.926943,9.131111,5.6125417,7.0970826,0.0,6.704595,7.9148073,12.591083,13.974782,18.841145,19.697872,18.142555,19.205631,14.73179,16.958408,12.972466,15.965212,14.478383,17.72479,19.479609,18.948116,22.619238,20.909172,18.67762,15.777787,14.129424,11.421074,13.444411,10.301429,15.989151,15.803441,21.192245,20.912706,24.908428,24.543606,21.579971,19.05454,15.395041,14.706167,9.429203,9.499737,4.7269263,9.64116,9.005172,11.9621935,15.930189,17.907883,18.209084,14.404713,17.168232,20.15313,18.435156,17.77046,16.338408,11.703188,13.65357,13.747981,19.199732,14.334735,19.452925,19.512737,23.488987,23.491089,19.44121,23.921612,23.646605,24.1808,23.59854,22.946934,22.525787,16.216038,20.586689,16.60136,19.664108,18.746525,14.352448,18.882471,14.170312,16.921768,18.571264,14.354292,10.667433,6.9569016,6.9307365,1.0644269,4.6994295,6.1597247,9.829729,12.201128,15.608963,12.802979,13.564219,10.4077015,15.5004635,13.450515,18.101643,15.44295,11.218777,12.9741125,17.759922,21.637121,20.337177,16.977869,19.157047,13.122904,16.991264,15.004295,18.508303
7,22.671734,19.175474,15.619485,13.254301,10.851152,7.972954,6.704595,0.0,4.9691806,7.082622,9.762834,13.486156,15.161358,14.740226,15.481973,12.60095,15.765394,12.907767,17.343273,16.677155,20.88648,22.838068,23.539154,27.26276,26.003918,24.171444,20.091776,18.903254,15.267715,17.029882,12.474828,18.382748,15.625485,21.645409,20.295395,24.174734,23.934916,20.705997,19.809656,16.504433,17.285337,12.028582,14.194754,9.808002,15.5203905,13.429115,17.66882,20.451069,21.2083,22.035864,18.037596,18.71198,21.826859,20.136465,17.57847,15.64845,10.848723,10.666329,9.34979,13.985303,8.896598,13.839807,14.826008,19.06649,20.310432,17.074802,22.39391,23.232407,23.926369,24.983025,23.282148,22.03765,15.374674,18.532066,13.904893,15.797457,14.326754,9.258834,13.043021,8.393892,10.940165,13.098303,8.585964,6.006245,3.3662562,4.710382,5.6971674,7.8240356,11.535321,14.515017,17.406546,20.563768,18.896273,19.6075,17.01745,21.83329,19.267551,24.028978,21.768536,17.305552,18.152254,23.22185,27.177162,24.93815,21.51937,22.256857,15.947538,18.531393,15.122869,17.857857
8,25.224453,21.46025,18.862047,15.451886,12.882447,11.245079,7.9148073,4.9691806,0.0,6.0742764,6.0826573,11.420163,11.817973,10.584711,12.480739,8.861377,12.635276,10.393688,14.972498,15.344829,19.366915,22.00428,22.703474,26.7863,26.104856,24.021431,20.894302,18.066137,14.136697,14.6818695,9.735355,14.600901,10.843774,16.903082,15.339584,19.237457,19.024282,15.885782,15.0208845,11.996902,13.072091,8.373431,11.786139,8.686519,15.078575,15.2475,18.799831,22.671799,23.917322,25.201101,21.507874,22.439772,26.057215,24.549961,22.386843,20.523378,15.644942,15.564129,14.074699,18.127312,12.286762,16.612642,17.325863,21.013874,23.232763,19.292831,24.546844,25.74007,25.523235,26.566141,24.07815,22.392525,16.155771,18.43874,13.602483,15.299076,13.052589,8.319201,11.829851,6.9102283,10.069316,12.515285,9.140175,6.780587,2.8421018,7.98257,6.957061,11.14934,13.784617,16.99755,19.87388,23.416485,20.576448,20.867426,17.294933,21.484724,18.337063,22.74566,20.50304,15.80219,15.809237,20.938902,25.192509,22.247528,18.717897,19.226156,12.704031,14.641937,11.27923,13.483222
9,29.688932,26.127474,22.672165,20.161118,17.588675,14.927773,12.591083,7.082622,6.0742764,0.0,5.0904655,6.5670314,9.993759,10.743734,13.316923,12.068033,16.381317,15.302359,20.221733,20.863815,25.107168,27.682102,28.666416,32.68625,31.927155,29.9277,26.362867,24.061783,20.082796,20.638845,15.594476,19.925285,14.543097,20.410679,17.52042,20.99826,20.253725,16.845648,17.727396,15.05312,17.741863,13.258427,17.687635,14.518664,20.944508,20.205418,24.148563,27.414986,28.19258,29.106148,25.006563,25.531096,28.499004,26.462091,23.38728,20.976099,16.94422,14.900112,13.285023,15.987127,11.739707,15.127492,17.1881,20.993118,24.043953,21.30929,26.915997,28.643705,28.876522,30.761978,28.04834,26.026018,19.807922,21.204927,16.255184,16.530472,13.605621,8.660359,9.235912,3.6308734,4.453397,6.581737,3.5253875,4.0960016,5.6670914,8.800785,11.610067,14.723014,18.252617,21.47529,24.236092,27.168568,24.800497,24.814274,22.095978,25.984913,22.594336,27.140747,25.688644,21.292685,20.629519,25.631378,29.464663,26.058233,22.845516,21.8552,16.09451,16.899078,12.584639,14.125099
10,31.17589,27.411098,24.737947,21.259726,18.921959,16.66667,13.974782,9.762834,6.0826573,5.0904655,0.0,6.293447,6.057524,5.765888,9.409563,8.089375,12.650261,12.592642,17.341438,18.87105,22.892845,25.888279,27.136665,31.30713,31.155355,29.147781,26.110073,22.801113,18.67197,18.334393,13.341143,16.469105,10.156017,15.755315,12.790963,16.166716,15.955332,12.847708,14.046333,12.204547,14.744495,11.662949,16.187489,14.226083,20.495586,21.038479,24.640059,28.482775,29.447655,31.053797,27.382578,27.653526,31.390184,29.898628,27.10819,25.041063,20.431067,19.264217,17.190226,19.784073,14.296416,17.237524,18.509123,21.616894,25.349619,21.850077,27.2488,29.290646,28.6496,30.597906,27.148256,24.745453,19.137033,19.658152,14.815676,14.900657,11.47889,7.6448054,8.138962,4.1190295,6.5283732,9.4627495,8.355456,8.559072,7.7544947,12.505459,13.024047,17.024336,19.856209,22.97896,25.94072,29.45191,26.508705,26.531126,22.907005,26.541426,22.9655,27.06536,25.243425,20.637606,19.705719,24.603039,28.79587,24.975,21.648413,20.884537,15.022133,15.081862,11.145482,11.447585
11,36.042133,32.4227,29.100338,26.300251,23.890017,21.039976,18.841145,13.486156,11.420163,6.5670314,6.293447,0.0,6.548777,9.1195345,12.638755,13.5934305,17.946812,18.49507,23.319857,24.87085,29.030466,31.929338,33.3307,37.45337,37.18675,35.218105,31.835108,28.963316,24.81688,24.624767,19.61146,22.5471,15.677735,20.586655,16.665094,19.253761,18.455666,15.394673,18.172358,16.721548,20.305872,17.216284,22.254305,19.986393,26.411606,26.261484,30.160055,33.58061,34.21683,35.490334,31.496302,31.519108,34.689617,32.771732,29.327711,26.876545,23.071894,20.506475,18.482908,19.64501,15.979399,17.712744,20.0805,23.059896,27.446571,25.078842,30.62908,33.069412,32.826756,35.415546,31.863346,29.253523,23.744883,23.630064,18.947102,17.855288,14.17357,10.958521,7.94268,5.9700327,3.5312126,5.1419153,7.316855,10.047361,11.928675,15.244274,17.865515,21.228159,24.649435,27.822952,30.684875,33.71626,31.111279,30.912458,27.952707,31.372229,27.637508,31.83627,30.66248,26.299063,24.931139,29.687187,33.47542,29.34154,26.347176,24.36557,19.38334,18.601807,14.27062,13.881346
12,36.210926,32.457603,29.902262,26.147373,24.274563,21.46175,19.697872,15.161358,11.817973,9.993759,6.057524,6.548777,0.0,3.755219,7.030077,9.231241,13.003824,14.899368,19.252111,21.588903,25.492508,28.600744,30.533731,34.62753,35.04676,33.283943,30.134647,26.678745,22.465832,21.641771,16.970457,18.844522,11.79332,15.886765,12.540122,14.747612,15.38357,13.132446,15.927284,15.566256,18.088194,16.564552,20.732922,19.447594,25.297432,25.88686,29.609875,33.25286,33.845142,36.04237,32.64546,31.996725,36.136486,35.06954,31.834578,29.915289,25.29553,23.90792,21.195345,22.513338,17.199888,18.58328,19.771708,21.852764,26.811941,23.630596,28.785887,31.579054,30.38125,33.14514,28.799051,25.796486,21.21628,20.000685,15.768658,14.354893,10.425316,9.267456,6.6649404,7.4697614,8.477042,11.608189,12.370573,13.973495,13.674388,18.273882,18.730951,22.532488,25.346857,28.171152,31.358572,35.11383,32.328888,32.452736,28.576948,32.117954,28.485645,32.2884,30.326475,25.671444,24.611082,29.26965,33.556034,29.367956,26.151762,25.084202,19.752247,18.772293,15.220033,13.799571
13,34.485664,30.657095,28.633604,24.481344,22.606922,20.460085,18.142555,14.740226,10.584711,10.743734,5.765888,9.1195345,3.755219,0.0,6.188821,6.5198607,10.338216,12.277488,16.293463,18.89724,22.501717,25.800701,27.543728,31.697796,32.282963,30.433092,27.8151,23.787748,19.690088,18.42332,14.009584,15.213661,8.091471,12.24175,9.263214,11.89948,12.913191,10.792997,12.8392725,12.700497,14.670467,13.842098,17.72113,17.092878,22.644766,24.069706,27.371336,31.426956,32.3458,34.671295,31.478971,31.18754,35.57013,34.64769,31.90061,30.138285,25.210304,24.508116,21.969397,24.060503,18.037117,20.084385,20.697186,22.810678,27.324518,23.450932,28.420784,30.92408,29.394445,31.650068,27.341835,24.464521,19.999659,19.10198,14.915773,14.316221,10.661877,9.519099,9.064763,8.625945,10.733984,13.795807,13.779338,14.321822,12.935638,17.98307,17.26529,21.455332,23.744558,26.556448,29.684578,33.6414,30.46562,30.574821,26.312042,29.676077,26.08947,29.625484,27.44988,22.8147,21.753653,26.281025,30.704807,26.570414,23.295614,22.738821,17.306145,16.428312,13.4192505,11.958448
14,33.402863,29.744944,27.807035,23.462069,22.542866,19.402832,19.205631,15.481973,12.480739,13.316923,9.409563,12.638755,7.030077,6.188821,0.0,5.571984,7.285382,10.265782,14.062727,16.608147,20.464834,23.336178,26.054003,29.857704,30.755816,29.473684,25.948704,22.85604,18.690617,18.029074,13.914397,15.994361,10.89561,14.476424,13.456475,15.6623535,17.942793,16.416708,17.637905,17.442575,17.836826,17.014668,19.100306,18.126554,22.822948,23.097357,26.86466,30.045132,30.243362,33.379665,30.7543,29.02676,34.010265,33.996723,30.926004,29.727493,24.539948,24.461811,21.144125,22.586338,16.06387,17.140099,16.822578,18.012106,22.899626,19.003372,23.560513,26.553469,24.615686,27.5892,22.682928,19.435127,15.831321,13.6698885,10.127766,8.728656,5.3980737,7.331747,7.8145213,10.099063,13.044514,17.109924,16.218485,16.960135,14.942828,19.71417,18.29573,21.632408,23.881496,25.953308,29.45859,33.808094,31.56743,32.35187,27.973492,32.095856,29.026167,32.66412,29.605207,24.666573,24.765379,29.413435,34.160107,30.618334,27.095587,27.605135,21.623116,21.602715,18.75903,17.853027
15,29.18197,25.399712,23.935942,19.294266,18.083105,16.025972,14.73179,12.60095,8.861377,12.068033,8.089375,13.5934305,9.231241,6.5198607,5.571984,0.0,4.5797625,5.8043413,10.047905,12.463726,16.266249,19.41214,21.456127,25.496841,26.179035,24.585382,21.676495,17.90738,13.743579,12.862869,8.513468,11.023074,6.659679,11.447205,11.208123,14.381449,16.25124,14.412588,14.062147,13.261305,12.811299,11.892999,13.5369835,12.919192,17.55098,18.773235,22.042578,25.870838,26.693567,29.55845,26.932041,26.21112,31.140644,30.94024,28.616327,27.440176,22.047852,22.681097,19.977158,22.773857,15.767588,18.378489,17.825266,19.844059,23.428137,18.7171,23.302124,25.438019,23.604635,25.426476,21.219496,18.577257,14.159216,13.907988,9.84242,10.802778,8.410835,7.6022058,10.743489,9.936959,13.643795,17.333921,15.487119,14.845864,11.656371,16.645443,13.949753,17.763592,19.425676,21.676172,24.995174,29.403076,26.645779,27.345188,22.717867,26.711948,23.741467,27.259308,24.059488,19.12873,19.37683,24.018013,28.82912,25.570911,21.961027,23.139666,16.928587,17.59883,15.240852,15.143644
16,28.938295,25.303013,24.554792,19.533276,19.13242,17.222363,16.958408,15.765394,12.635276,16.381317,12.650261,17.946812,13.003824,10.338216,7.285382,4.5797625,0.0,4.5562954,6.904848,9.998585,13.372974,16.436123,19.158173,22.92763,24.1949,23.003399,20.164244,16.439434,12.610184,11.523761,8.6080065,10.192075,8.715912,11.572771,13.135615,15.696803,18.487957,17.374685,16.424206,16.14994,14.284704,14.505338,14.2943,14.429934,17.533909,18.888304,21.829744,25.357115,25.972948,29.545341,27.619442,26.231895,31.694609,32.23638,30.156635,29.47521,23.918528,25.330942,22.417341,25.10672,17.849009,20.030005,18.548838,19.745258,23.05853,17.89026,21.654905,23.820292,21.215742,22.981625,18.285196,15.507999,12.455847,11.4531975,8.758137,10.214024,9.260062,10.421747,13.901403,14.087403,17.892923,21.76798,19.728949,18.953247,15.350158,20.012857,16.323666,19.607841,20.605486,22.179058,25.571114,30.319086,27.862371,28.938648,24.018883,28.105658,25.597412,28.717936,24.864717,20.014612,20.97287,25.243359,30.205397,27.391037,23.787983,25.852497,19.785234,20.704357,19.012415,18.817
17,24.49683,20.813393,20.149628,15.062603,14.663452,13.218751,12.972466,12.907767,10.393688,15.302359,12.592642,18.49507,14.899368,12.277488,10.265782,5.8043413,4.5562954,0.0,5.041273,6.691494,10.781237,13.716817,15.929001,19.855162,20.564276,19.209957,16.126108,12.603269,8.485298,8.326377,4.821069,9.062474,9.32752,13.27376,14.8751,18.081697,20.129469,18.49967,16.601204,15.335081,12.912297,12.021792,10.768049,10.34009,13.228778,14.383182,17.341013,20.97823,21.84338,25.172329,23.214396,22.317116,27.660723,28.13052,26.467505,25.891834,20.312363,22.29435,19.79348,23.2541,15.994282,19.09107,17.53355,19.450933,21.61009,16.152966,20.045185,21.469854,19.391766,20.339588,16.56829,14.522925,10.2226715,11.490325,8.299538,11.303786,10.863735,10.227828,14.993232,13.743776,17.794144,21.442205,18.573246,17.005123,12.816079,16.956589,12.453816,15.487951,16.149614,17.669283,21.025146,25.78884,23.427288,24.67288,19.837318,24.253605,22.045784,25.356682,21.278145,16.336624,17.96354,22.396029,27.343676,25.070793,21.370993,24.02342,17.67472,19.565691,17.946987,18.791796
18,24.284143,20.835062,21.418964,16.071186,16.388206,16.038227,15.965212,17.343273,14.972498,20.221733,17.341438,23.319857,19.252111,16.293463,14.062727,10.047905,6.904848,5.041273,0.0,3.9974587,6.4827003,9.758453,12.334655,16.074196,17.57143,16.514143,14.442929,10.225644,7.236033,6.144105,6.4296346,7.898508,11.638337,13.553245,16.712168,19.396452,21.952477,20.986197,18.31063,17.594482,13.793629,14.468219,11.263022,12.411203,12.859208,15.167961,16.938133,20.611757,21.68576,25.521666,24.419844,23.507547,29.139439,30.198015,29.19399,29.051018,23.525541,26.237787,23.915863,27.503546,20.300066,23.22405,21.073938,22.385706,23.903536,18.116959,20.829872,21.78554,18.928728,18.969492,15.256115,13.671534,11.36065,12.550046,11.236935,14.460884,14.830071,15.102228,19.740555,18.764524,22.794996,26.377405,23.509794,21.671509,17.268637,21.065435,15.721801,18.317371,17.862665,18.666782,21.727808,26.681114,24.266645,25.715115,20.571972,24.615898,22.976456,25.530996,20.871151,16.387312,18.601202,22.268797,27.220797,25.516426,21.996544,25.610577,19.799393,21.823551,21.127354,21.843159
19,20.452318,17.120277,18.008345,12.700129,13.652789,13.629096,14.478383,16.677155,15.344829,20.863815,18.87105,24.87085,21.588903,18.89724,16.608147,12.463726,9.998585,6.691494,3.9974587,0.0,4.6818023,7.0838475,9.660636,13.309267,14.28311,13.414577,10.520603,7.345285,4.589656,5.9036336,6.9483027,10.28183,14.469046,17.028238,19.928745,22.905558,25.070011,23.76338,20.77066,19.401052,15.483943,15.137268,10.871833,11.258903,10.395816,11.781417,13.498351,16.732178,17.75977,21.712988,20.94672,19.975227,25.631521,26.986897,26.350134,26.531979,21.144817,24.485682,22.43221,26.320059,19.420609,22.63777,20.250574,21.790154,22.21066,16.376911,18.739801,18.981106,16.507391,15.744522,12.990526,12.28444,9.58739,12.485005,11.473615,15.378718,16.315733,15.984974,21.179531,19.758654,23.825579,27.311983,23.892248,21.700718,17.164038,20.13094,14.398296,16.06936,15.1115465,15.319391,18.352493,23.369133,21.531605,23.383453,18.524714,22.998785,21.915068,24.587847,19.618057,15.262125,18.388817,22.023775,26.834846,25.818901,22.312038,26.391928,20.496117,23.240372,22.484688,23.883945
20,20.921892,17.976324,20.107937,15.01076,16.23552,17.369585,17.72479,20.88648,19.366915,25.107168,22.892845,29.030466,25.492508,22.501717,20.464834,16.266249,13.372974,10.781237,6.4827003,4.6818023,0.0,3.7996113,6.1623416,9.638829,11.595344,10.981187,10.230561,6.1593595,6.3540354,6.354529,10.06446,10.940777,16.961178,18.176554,21.924658,24.522736,26.838419,25.989155,22.412815,21.424726,16.710638,17.51704,12.249703,13.976034,11.112928,13.955308,13.995267,17.33279,18.80269,22.821243,22.808434,22.3044,27.836546,29.47467,29.536358,29.95575,24.785961,28.489094,26.725986,30.773157,23.999977,27.20782,24.647768,25.90322,25.90485,20.099443,21.541193,21.23216,18.360365,16.423615,14.374915,14.383853,13.392647,15.9707365,15.808166,19.57192,20.621595,20.558891,25.627682,24.153004,28.191597,31.544239,28.19323,25.76601,21.146526,23.946224,17.849485,19.367493,17.521734,17.24916,19.666367,24.562084,22.494762,24.349558,19.387867,23.167347,22.64163,24.45775,19.17077,15.618698,19.026096,21.728329,26.337162,25.917583,22.72393,27.51433,22.303022,25.0775,25.096294,26.41376
21,19.270594,16.842134,19.548489,14.910389,16.937883,18.101751,19.479609,22.838068,22.00428,27.682102,25.888279,31.929338,28.600744,25.800701,23.336178,19.41214,16.436123,13.716817,9.758453,7.0838475,3.7996113,0.0,4.8636246,6.9371085,9.136876,9.554812,8.377187,6.956878,8.480784,9.700382,13.2234,14.695983,20.6301,21.962654,25.692167,28.300623,30.625837,29.708101,26.104128,24.927338,20.228937,20.614069,15.035491,16.220709,12.350694,13.947001,13.565649,15.722561,16.833246,21.23818,22.011084,21.009043,26.564646,28.801188,29.187885,30.044718,25.145586,29.319616,27.644104,31.605413,25.188416,28.226048,25.336473,26.347786,25.49589,19.8909,20.417212,19.486101,16.615213,13.741422,12.698476,13.658564,13.683157,16.690178,17.317015,21.212502,22.810167,22.86016,28.104279,26.750072,30.802431,34.202847,30.583008,28.110332,23.528698,25.77571,19.690777,20.325737,18.117582,17.006298,19.184338,23.975733,22.74494,25.004562,20.49448,24.410912,24.476849,26.175959,20.722029,17.616611,21.554346,23.994366,28.348139,28.518267,25.443954,30.498741,25.34566,28.415504,28.377369,29.936152
22,17.45799,15.152543,18.727764,14.47648,16.073832,18.769632,18.948116,23.539154,22.703474,28.666416,27.136665,33.3307,30.533731,27.543728,26.054003,21.456127,19.158173,15.929001,12.334655,9.660636,6.1623416,4.8636246,0.0,4.342666,5.822892,5.255547,7.6623936,4.89067,8.591017,9.563852,13.913542,14.87158,21.497168,22.749104,26.439907,29.172188,30.956621,29.980257,25.776785,24.349792,19.395815,19.85528,13.676554,15.475948,10.148467,13.400201,11.26584,14.376472,16.64954,20.083504,20.913324,21.546259,26.407835,28.166683,29.368612,30.118324,25.543968,29.858149,28.845856,33.378338,27.219767,30.853523,28.330433,29.908518,28.730257,23.226303,24.06056,22.560623,20.408644,16.704447,16.90622,18.163721,17.186731,20.878075,20.752663,24.803625,25.94937,25.177923,30.511631,28.315851,32.233173,35.20022,31.487955,28.524363,23.932215,25.719032,19.397905,19.993233,16.97694,15.89986,17.273829,21.710506,19.845736,21.919468,17.511927,20.76685,21.383274,22.488699,16.984137,14.748869,18.976704,20.678116,24.652414,25.528591,22.784052,28.3314,23.837124,27.249405,27.781542,29.733452
23,17.655586,16.228119,20.46255,16.927721,19.081493,21.762365,22.619238,27.26276,26.7863,32.68625,31.30713,37.45337,34.62753,31.697796,29.857704,25.496841,22.92763,19.855162,16.074196,13.309267,9.638829,6.9371085,4.342666,0.0,4.092863,5.826629,8.937585,8.956578,12.704259,13.88037,18.172539,19.02576,25.75923,26.7493,30.628487,33.226723,35.13525,34.262768,30.013254,28.640135,23.627926,24.11793,17.887747,19.484695,13.761164,15.991243,13.335871,14.968172,16.898682,20.46276,22.250364,22.538769,27.191696,29.524698,31.1465,32.302395,28.074177,32.722866,31.79328,36.19288,30.332533,33.746544,30.949617,32.21343,30.402258,25.170809,25.08756,23.051432,20.889301,16.333069,17.576504,19.520151,19.63018,23.2738,23.839226,27.880047,29.41651,28.903996,34.297287,32.292946,36.22934,39.249496,35.40965,32.445568,27.900003,29.34851,23.119162,23.100658,19.832901,18.05273,18.94448,22.980986,21.902336,24.22662,20.401857,23.36739,24.585018,25.285053,19.851912,18.338573,22.711258,23.900091,27.452381,28.913404,26.423504,32.172638,27.941357,31.43412,32.058117,34.057823
24,13.835122,12.687281,17.344372,14.506698,16.749302,19.991133,20.909172,26.003918,26.104856,31.927155,31.155355,37.18675,35.04676,32.282963,30.755816,26.179035,24.1949,20.564276,17.57143,14.28311,11.595344,9.136876,5.822892,4.092863,0.0,3.279954,6.8806744,8.678506,12.633138,14.627823,18.409319,20.236885,26.56,28.274918,31.688377,34.614834,36.096157,34.860447,30.545544,28.669155,23.95931,23.606754,17.40216,18.346498,12.1705,13.671169,10.27776,11.500154,13.9471245,16.86699,18.828514,19.878834,23.991735,26.16644,28.266617,29.501408,25.67844,30.50529,30.02781,34.659958,29.298866,33.000767,30.421965,32.10987,29.757393,24.805622,24.92489,22.393202,21.100147,16.149778,18.41666,20.647833,19.808235,24.243923,24.353935,28.553823,30.009537,28.862423,34.386097,31.905647,35.698036,38.45994,34.384537,31.202682,26.819069,27.576073,21.533493,20.883423,17.259481,15.113291,15.477239,19.20423,18.530087,21.065485,17.831585,20.945576,22.604872,23.470543,18.16986,16.983997,21.69106,22.902416,26.170181,28.051435,25.630816,31.369219,27.187132,31.071846,31.566473,34.030243
25,13.733438,11.965714,16.447313,13.329549,14.90005,18.758202,18.67762,24.171444,24.021431,29.9277,29.147781,35.218105,33.283943,30.433092,29.473684,24.585382,23.003399,19.209957,16.514143,13.414577,10.981187,9.554812,5.255547,5.826629,3.279954,0.0,7.02251,6.6950836,10.8784485,12.615169,16.428007,18.112913,24.412428,26.222544,29.45128,32.460587,33.651775,32.348503,27.889402,25.90559,21.239998,20.871334,14.647663,15.88704,9.480912,12.371442,8.469091,11.421116,14.606796,16.888151,18.080334,20.099453,24.03125,25.535444,27.647058,28.521267,24.601742,29.196049,28.914011,33.82023,28.356245,32.384903,30.126797,32.182266,30.222202,25.122112,25.95867,23.701267,22.542109,18.059832,19.77459,21.571354,19.836222,24.389906,23.856539,28.066362,29.111626,27.558447,33.02003,30.145308,33.847664,36.39619,32.40825,29.06191,24.688368,25.485243,19.362501,19.1289,15.365498,13.80032,14.0850935,17.885323,16.238047,18.48069,14.914065,17.855968,19.415987,20.245638,14.909066,13.793382,18.48416,19.639229,22.946127,24.790829,22.394308,28.162102,24.156105,28.090487,28.758663,31.321377
26,10.938337,8.599082,11.892098,8.373794,11.320079,13.481978,15.777787,20.091776,20.894302,26.362867,26.110073,31.835108,30.134647,27.8151,25.948704,21.676495,20.164244,16.126108,14.442929,10.520603,10.230561,8.377187,7.6623936,8.937585,6.8806744,7.02251,0.0,6.9660854,8.940539,12.494601,14.580845,18.487852,23.358759,26.326334,28.98474,32.28869,33.692955,31.96393,28.276423,25.956564,21.983955,20.313686,14.813467,14.091638,9.262549,7.641932,6.639867,7.347414,9.080777,12.922128,13.99093,13.955335,18.838848,21.028795,22.259825,23.440546,19.278059,24.10756,23.350481,27.83325,22.589828,26.258478,23.757133,25.716013,23.306854,18.413633,19.20466,16.893059,16.211403,12.134567,14.087296,16.076456,13.861577,19.002148,18.67752,22.92441,24.473045,23.035421,28.626444,26.2467,29.989956,32.876015,28.609867,25.670063,21.430803,21.978401,16.25984,15.067262,12.0855,9.740742,11.432808,16.040472,16.130116,19.034498,15.760186,20.414288,21.265211,23.540216,18.362513,15.671402,20.392958,23.037209,26.860552,27.834518,24.851612,29.842676,24.649847,28.616226,28.169538,30.788116
27,16.131426,13.013067,15.656291,10.923123,11.769814,14.706236,14.129424,18.903254,18.066137,24.061783,22.801113,28.963316,26.678745,23.787748,22.85604,17.90738,16.439434,12.603269,10.225644,7.345285,6.1593595,6.956878,4.89067,8.956578,8.678506,6.6950836,6.9660854,0.0,4.310641,6.2226915,9.815032,12.107621,17.954391,20.19488,23.212015,26.340647,27.698612,26.307558,22.209476,20.30945,15.749021,15.336391,9.231135,10.592954,5.59027,9.748072,8.369159,12.909499,15.531472,18.420197,18.146847,19.414415,24.162582,25.195425,26.073074,26.399097,21.651491,25.646849,24.76702,29.544806,23.376402,27.39935,25.327204,27.484625,26.669786,21.150637,23.059519,21.88996,20.299843,17.397923,17.15088,17.85257,15.110142,19.278606,18.074812,22.17333,22.83881,21.336773,26.685184,23.983175,27.796898,30.57423,26.823498,23.737715,19.166912,20.93388,14.581191,15.566277,12.769295,12.491338,14.295889,18.982471,16.518475,18.405394,13.639152,17.530344,17.558138,19.445463,14.044217,10.828356,15.11041,17.678371,21.986061,22.332138,19.26723,24.45794,19.515911,23.12366,23.329496,25.560032
28,17.73679,14.166735,15.34051,10.059697,10.31924,12.042662,11.421074,15.267715,14.136697,20.082796,18.67197,24.81688,22.465832,19.690088,18.690617,13.743579,12.610184,8.485298,7.236033,4.589656,6.3540354,8.480784,8.591017,12.704259,12.633138,10.8784485,8.940539,4.310641,0.0,4.180335,5.861711,9.8623295,14.479566,17.527191,20.051146,23.376417,24.779299,23.158045,19.56359,17.567348,13.52866,12.512137,7.2738185,7.780236,5.8390193,8.959478,9.83682,14.308263,16.33579,19.338747,18.197178,18.859255,23.888205,24.608337,24.62103,24.599709,19.441305,22.931915,21.639404,26.244846,19.73219,23.729906,21.85743,24.161644,24.073683,18.46867,21.202576,20.771687,19.186016,17.532635,16.159477,16.052608,12.262132,16.208239,14.305944,18.305433,18.688438,17.068714,22.383047,19.786388,23.66395,26.616648,22.959938,20.125156,15.495795,17.856707,11.619287,13.34626,11.636708,12.228811,14.872486,19.760386,17.250032,18.940989,13.98428,18.43405,17.523552,20.223518,15.241017,10.911347,14.490878,18.089195,22.770838,22.14683,18.703201,23.130016,17.449583,20.801985,20.377935,22.445578
29,21.43691,17.898663,19.206419,14.006026,13.612511,15.449984,13.444411,17.029882,14.6818695,20.638845,18.334393,24.624767,21.641771,18.42332,18.029074,12.862869,11.523761,8.326377,6.144105,5.9036336,6.354529,9.700382,9.563852,13.88037,14.627823,12.615169,12.494601,6.2226915,4.180335,0.0,5.12147,6.002632,11.987829,14.003697,17.096052,20.145208,21.709581,20.523825,16.623577,15.265413,10.580033,11.320651,6.2292514,8.98811,7.95039,12.896199,13.148013,18.152363,20.416197,23.27455,22.019566,23.017193,27.962906,28.400806,28.36007,28.055967,22.839247,25.834236,24.465935,28.974186,22.171799,26.056423,24.369114,26.506403,27.207111,21.493378,24.345398,24.332977,22.23902,20.852753,18.778616,18.176222,14.946167,17.769302,15.760409,19.32842,19.187376,17.903967,22.747715,20.241224,24.06045,26.936274,23.81074,21.07965,16.48441,19.628618,13.569332,16.354843,14.844297,15.9714775,18.336132,23.021093,19.616426,20.731731,15.347111,18.842323,17.465094,19.617952,14.81407,10.585897,13.204085,16.488995,21.362547,20.222301,16.825804,21.275951,15.972234,18.75621,18.927053,20.443073
30,22.343687,18.53031,18.369003,13.267602,12.128104,12.616301,10.301429,12.474828,9.735355,15.594476,13.341143,19.61146,16.970457,14.009584,13.914397,8.513468,8.6080065,4.821069,6.4296346,6.9483027,10.06446,13.2234,13.913542,18.172539,18.409319,16.428007,14.580845,9.815032,5.861711,5.12147,0.0,6.6814632,8.836071,12.865996,14.584252,18.124163,19.39557,17.592337,14.5444765,12.666015,9.455881,8.35269,5.948322,6.4625216,9.295761,12.400218,14.374713,19.091124,20.889046,23.483027,21.33935,22.020712,26.860487,26.80254,25.93798,25.201742,19.813995,22.063444,20.42654,24.754496,17.868633,21.823416,20.638842,23.1694,24.556784,19.113014,22.943703,23.544682,21.91485,21.664043,19.03687,17.779373,13.155332,15.766668,12.554476,15.801271,15.044394,13.082628,17.859337,15.122136,18.947475,21.911358,18.821037,16.336363,11.789577,15.523173,10.080042,13.635298,13.473679,15.430952,18.318048,22.92063,19.683352,20.61878,15.512655,19.592823,17.399097,20.558155,16.492832,11.554398,13.26043,17.65198,22.584475,20.571568,16.87783,20.090385,13.896466,16.462465,15.537088,17.103006
31,27.11017,23.45418,24.211708,19.098398,17.929844,19.236172,15.989151,18.382748,14.600901,19.925285,16.469105,22.5471,18.844522,15.213661,15.994361,11.023074,10.192075,9.062474,7.898508,10.28183,10.940777,14.695983,14.87158,19.02576,20.236885,18.112913,18.487852,12.107621,9.8623295,6.002632,6.6814632,0.0,7.576245,8.134717,11.667689,14.387048,16.145359,15.500661,11.6521635,11.486783,6.7753954,10.088797,8.015412,11.564286,12.853002,18.075375,18.64004,23.93093,26.177248,28.83333,27.063063,28.184158,33.03531,32.968594,32.46268,31.663054,26.370926,28.430944,26.865032,31.040857,24.05495,27.672733,26.470194,28.508434,30.44264,24.835487,28.203987,28.933773,26.539654,25.99871,22.967741,21.54603,18.403345,19.77824,17.273474,19.896034,18.790936,17.8185,21.61442,19.343998,22.849222,25.544735,23.347273,21.055056,16.89646,21.034607,15.889345,19.828934,19.11324,21.009188,23.379124,27.821514,23.668018,24.064264,18.580809,21.108118,18.774881,20.630793,16.820425,12.805594,13.229556,16.383673,21.290527,18.830822,15.528979,18.965836,14.105245,15.493984,16.072351,16.478065
32,30.86959,26.999563,26.272198,21.544449,19.640583,19.454353,15.803441,15.625485,10.843774,14.543097,10.156017,15.677735,11.79332,8.091471,10.89561,6.659679,8.715912,9.32752,11.638337,14.469046,16.961178,20.6301,21.497168,25.75923,26.56,24.412428,23.358759,17.954391,14.479566,11.987829,8.836071,7.576245,0.0,6.074258,5.8420343,9.5516,10.879249,9.390325,7.7361646,7.83746,7.2727537,8.836423,11.43669,12.844797,17.184555,20.802734,22.781881,27.779202,29.553846,31.87628,29.169767,29.96849,34.54107,33.803238,32.27114,30.83891,25.63159,26.289324,24.413296,27.912762,21.208174,24.432642,24.162182,26.438128,29.653173,24.69231,29.071032,30.662949,28.698027,29.506277,25.777792,23.545187,19.402044,19.775442,16.091555,17.39852,14.934863,13.538701,15.858752,13.7005415,16.66424,19.228937,18.000566,16.612316,13.455617,18.448559,15.289895,19.943169,20.795126,23.49799,26.232588,30.40078,26.339024,26.340378,21.36858,24.104776,20.76536,23.533007,20.92422,16.541948,15.486132,19.530338,24.194773,20.393684,17.043755,18.016665,12.657332,12.483214,11.482893,10.762719
33,34.799667,31.031322,31.0703,26.085049,24.485424,24.814684,21.192245,21.645409,16.903082,20.410679,15.755315,20.586655,15.886765,12.24175,14.476424,11.447205,11.572771,13.27376,13.553245,17.028238,18.176554,21.962654,22.749104,26.7493,28.274918,26.222544,26.326334,20.19488,17.527191,14.003697,12.865996,8.134717,6.074258,0.0,5.1980214,6.521322,9.408227,10.116866,8.229071,10.692813,9.081344,13.368342,14.765188,17.567791,20.51917,25.193523,26.388172,31.616966,33.586975,36.226192,33.97256,34.78135,39.609524,39.155174,37.920185,36.64928,31.377485,32.298164,30.372282,33.765835,26.907734,29.802189,29.196152,30.908932,34.301342,29.101847,32.919716,34.551357,31.91945,32.487743,28.456198,26.178621,23.282684,22.93167,20.16141,21.256483,19.085964,18.869999,20.696138,19.379833,22.10133,24.521261,23.814192,22.55855,19.478735,24.382378,20.816042,25.391113,25.649319,28.06009,30.602236,34.867977,30.4398,30.324646,25.074944,26.981037,23.843895,25.579987,23.000324,19.322214,17.945358,20.80757,25.24726,21.371618,18.560137,19.76348,15.931664,14.844567,15.332069,13.515813
34,36.47995,32.61065,31.875875,27.267939,25.140654,25.026455,20.912706,20.295395,15.339584,17.52042,12.790963,16.665094,12.540122,9.263214,13.456475,11.208123,13.135615,14.8751,16.712168,19.928745,21.924658,25.692167,26.439907,30.628487,31.688377,29.45128,28.98474,23.212015,20.051146,17.096052,14.584252,11.667689,5.8420343,5.1980214,0.0,4.0074263,5.3874507,5.300903,5.925189,8.6404295,9.949732,12.821831,16.31001,18.158781,22.45635,26.526707,28.258518,33.47353,35.368496,37.558117,34.71168,35.725094,40.15897,39.134903,37.492558,35.798782,30.78106,30.848684,29.02808,32.13199,25.777029,28.583956,28.692867,30.751156,34.613327,29.884464,34.30491,36.189,34.04045,35.07769,31.033564,28.548008,24.82174,24.42904,20.916159,21.40539,18.46511,17.579926,18.299921,16.724901,18.710075,20.607565,20.670774,19.890078,17.713015,22.67002,20.396116,25.224674,26.196592,29.09565,31.663162,35.616695,31.115608,30.668941,25.831596,27.695847,24.03782,26.250105,24.473652,20.711521,18.545887,21.821493,25.988398,21.442162,18.713648,18.312666,14.591199,12.45481,12.11752,9.345419
35,40.185993,36.336807,35.763153,31.058657,29.04557,28.890652,24.908428,24.174734,19.237457,20.99826,16.166716,19.253761,14.747612,11.89948,15.6623535,14.381449,15.696803,18.081697,19.396452,22.905558,24.522736,28.300623,29.172188,33.226723,34.614834,32.460587,32.28869,26.340647,23.376417,20.145208,18.124163,14.387048,9.5516,6.521322,4.0074263,0.0,4.58372,6.864417,8.51317,12.01207,13.178394,16.6764,19.873857,22.03949,26.004389,30.284706,31.877354,37.11493,38.988396,41.35093,38.620693,39.48371,44.046505,43.115135,41.419056,39.734272,34.698017,34.683365,32.737934,35.57274,29.239298,31.692583,31.760258,33.474213,37.675255,32.978737,37.222794,39.30505,36.858585,38.040104,33.698284,31.052351,27.886784,26.90665,23.7714,23.87569,20.95129,20.744635,20.86217,19.987,21.671309,23.44715,24.024525,23.567015,21.617283,26.58861,24.395473,29.208778,30.121178,32.941307,35.50469,39.50052,34.90295,34.39123,29.502132,31.046478,27.415783,29.229591,27.601929,24.121202,21.782349,24.544174,28.4753,23.80237,21.44503,20.760073,17.932528,15.227669,15.353754,11.946756
36,40.64215,36.78534,35.977234,31.639086,29.140594,29.358213,24.543606,23.934916,19.024282,20.253725,15.955332,18.455666,15.38357,12.913191,17.942793,16.25124,18.487957,20.129469,21.952477,25.070011,26.838419,30.625837,30.956621,35.13525,36.096157,33.651775,33.692955,27.698612,24.779299,21.709581,19.39557,16.145359,10.879249,9.408227,5.3874507,4.58372,0.0,3.670188,6.602252,10.139709,12.8888645,15.863446,20.09675,22.075077,26.477154,30.91821,32.375217,37.8541,40.00211,41.777756,38.680443,40.26931,44.344112,42.85255,41.287056,39.29882,34.591866,34.170925,32.692265,35.72513,29.861467,32.661507,33.203316,35.412895,39.451496,34.92082,39.505787,41.38399,39.368706,40.339405,36.401386,33.92668,30.062742,29.691807,26.045088,26.278793,23.058424,21.885256,21.762247,19.970726,21.063057,22.006723,22.955975,22.36973,20.994822,25.601578,24.074308,29.01663,30.036943,33.207993,35.497253,39.08776,34.131626,33.188484,28.673393,29.684582,25.784689,27.54693,26.753452,23.644428,20.53369,23.106724,26.577637,21.505537,19.500156,17.656366,15.748482,12.195353,12.600776,8.703567
