,0,1,2,3,4,5,6,7,8,9,10,11,12,13,14,15,16,17,18,19,20,21,22,23,24,25,26,27,28,29,30,31,32,33,34,35,36,37,38,39,40,41,42,43,44,45,46,47,48,49,50,51,52,53,54,55,56,57,58,59,60,61,62,63,64,65,66,67,68,69,70,71,72,73,74,75,76,77,78,79,80,81,82,83,84,85,86,87,88,89,90,91,92,93,94,95,96,97,98,99,100,101,102,103,104,105,106,107,108
0,0.0,3.924565,5.4410496,9.157906,11.554213,14.8710165,17.072077,20.505983,24.640554,26.916594,31.24775,35.20023,38.355602,38.283028,36.581936,33.996407,30.664099,28.235268,25.331478,22.45882,18.208717,19.70883,13.593879,16.900385,16.59058,14.559887,15.671717,16.499268,18.189909,19.698648,21.351833,24.223892,25.48101,32.467545,31.48044,35.274105,37.859013,38.90074,37.887417,33.679707,29.47598,32.773247,28.182682,29.811522,26.125696,24.38316,22.52714,22.550228,19.69803,23.965076,25.078192,28.340572,27.83547,32.278297,34.72149,33.4811,36.044567,33.98553,36.195095,41.04996,37.691216,34.22499,35.18196,31.760605,33.36084,31.294577,33.6401,29.445621,30.761011,27.531515,26.590923,31.058182,31.144732,30.129652,33.51204,32.974476,36.801525,37.69358,39.10105,41.760128,43.17754,39.35928,36.293358,33.746716,29.911682,28.855436,24.428955,21.228804,17.531456,15.062695,13.688324,10.448881,10.201815,13.925935,14.672492,15.742979,14.732468,17.212498,18.724598,21.158798,22.63631,25.887966,28.673725,23.917187,21.377457,17.358185,14.788523,11.505496,9.457984
1,3.924565,0.0,4.728256,6.794497,8.691784,12.336587,13.85108,17.78663,21.503353,23.848755,27.993439,31.790413,35.058212,34.710953,32.885723,30.282106,26.887743,24.376831,21.502493,18.540089,14.338822,15.89355,9.757971,13.581005,13.769848,12.53055,13.880067,14.780129,15.52357,16.873749,18.079662,20.927446,21.790577,28.775066,27.601574,31.447216,33.98403,34.99552,34.04583,29.801556,25.613235,29.131723,24.694826,26.384794,23.14012,21.568571,19.964142,20.456429,17.995983,22.426102,24.172466,26.948273,26.083004,30.328482,32.544025,30.856213,33.22425,31.259165,33.22067,38.137413,34.96432,31.440079,32.95731,29.765062,31.758167,30.093054,32.708763,29.04339,30.375383,27.17502,25.590899,29.655397,29.724173,28.15778,31.650913,30.692617,34.596436,35.24423,36.36361,38.952545,40.070274,36.032734,32.87922,30.27792,26.541391,25.647545,20.954388,18.20555,14.219464,12.361512,11.562951,9.198125,10.317256,14.98479,14.531478,15.851582,13.947419,16.44453,16.812561,19.625107,20.15367,23.653318,26.71974,21.85893,19.05144,16.054447,12.287061,9.949128,7.3385987
2,5.4410496,4.728256,0.0,5.1341186,6.8587575,9.694882,12.618055,15.351541,19.915407,21.969687,26.658373,30.60476,33.661407,34.062847,32.600517,30.389296,27.011683,25.175068,21.929718,19.865675,15.385106,18.151001,12.256633,16.29771,16.092842,14.348614,14.402795,13.755022,14.990822,15.508781,18.229542,19.944172,22.252161,28.696054,28.282845,31.908316,34.570908,36.095123,34.923855,30.906548,26.743713,29.445997,24.926111,25.886513,21.926973,21.10389,18.63547,19.554422,16.073698,20.69802,21.84582,24.869318,23.577517,28.545671,30.377337,29.331865,31.777191,29.28192,31.471912,36.209858,32.602318,29.176434,29.964615,26.628496,28.162045,26.510315,28.594055,24.775629,25.881308,22.611706,21.33339,25.67629,25.836794,24.78314,28.307423,27.898373,31.831085,32.9581,34.34305,37.282665,38.753735,35.02816,32.273026,29.558838,25.632296,24.160654,20.276623,16.316008,13.083916,10.04958,8.944974,5.867627,6.1874685,10.621535,9.8688135,11.394997,10.16312,13.373684,14.167533,17.437368,18.715128,22.624691,26.025623,21.777721,19.011408,15.538284,12.3696785,10.0082245,6.3601446
3,9.157906,6.794497,5.1341186,0.0,5.168248,7.4516525,8.530594,12.641579,15.849529,18.658802,22.394243,27.00263,29.64967,29.8722,28.591715,25.967102,23.025183,21.127352,18.312124,16.598394,12.5912,16.1017,10.747331,15.998549,16.82933,16.36112,16.64861,15.749834,15.396294,14.796276,17.348526,17.802523,19.964186,25.73979,24.733644,28.714958,30.957787,32.796223,32.012596,27.904787,23.918146,27.178505,23.241081,23.782688,20.696812,20.955276,18.574871,20.692614,17.498371,22.317255,24.044256,26.399584,24.167898,29.216167,30.235228,28.719486,30.684963,27.868814,29.476854,34.145138,30.436274,26.970163,28.46898,25.69021,27.446772,26.908884,28.512636,25.633547,26.030624,22.382124,20.130241,24.049383,23.558142,21.846807,25.071865,24.081722,27.897648,28.616701,29.95138,32.62491,34.09777,30.45582,27.55072,25.081121,21.123428,20.070116,15.925507,12.888046,10.223511,8.087283,9.292497,8.180805,9.695688,13.872472,10.446173,11.195204,8.052756,10.403884,10.023607,13.219118,13.790119,17.704563,21.254316,17.031338,14.120179,11.545699,7.543679,6.443614,2.0836844
4,11.554213,8.691784,6.8587575,5.168248,0.0,3.8299408,6.5504384,9.133218,13.695422,15.430737,20.42395,23.858614,27.193985,27.527405,25.981928,24.211239,20.558613,19.21303,15.585754,14.270796,9.785976,13.740122,9.150838,13.472391,13.841524,13.448217,12.94319,11.347013,10.463329,9.654967,12.6344,13.245123,15.958103,21.963942,21.935951,25.356533,28.10696,29.883987,28.58976,24.755732,20.692759,23.020939,18.756517,19.28027,15.720236,15.896567,13.407222,15.743705,12.717278,17.508308,19.635796,21.595076,19.322529,24.137781,25.25874,23.646029,25.731907,23.157356,25.003742,29.797905,26.377478,22.868452,24.461496,21.53457,23.744322,22.929457,25.449133,22.810038,23.967205,21.019737,18.523703,21.866371,22.236155,20.198442,24.105211,23.11157,27.28057,28.220875,29.034975,32.12618,33.07075,28.984682,26.378231,23.33946,19.538303,17.852182,14.059169,9.866369,6.2393975,3.6835856,4.6901817,5.5287395,8.621221,13.363039,10.467419,12.574028,10.131326,13.416375,11.337722,15.851983,15.1305,19.898737,24.068995,20.249334,17.103584,15.931822,11.033449,11.337114,7.136969
5,14.8710165,12.336587,9.694882,7.4516525,3.8299408,0.0,5.2824607,5.6585546,10.986637,12.367501,17.775719,21.27513,24.37817,25.323439,24.140259,22.797287,19.291655,18.73285,14.989274,14.86943,10.889415,15.582539,12.069747,16.17531,16.555628,16.310778,15.137827,12.473015,11.156747,8.774223,12.9783745,11.616991,15.7026415,20.619968,21.23212,24.377096,27.090843,29.366774,27.98491,24.467567,20.656559,22.242008,18.30452,17.895851,14.158852,15.682622,12.591972,15.892916,12.472342,17.134941,19.073702,20.674788,17.540752,22.834934,23.163948,21.862242,23.740664,20.594624,22.368841,26.96522,23.186283,19.740335,21.09468,18.33752,20.406569,20.227415,22.258873,20.189573,20.96425,18.035599,15.09783,18.15494,18.55034,16.44071,20.480448,19.658024,23.90449,25.120533,25.954823,29.325644,30.395523,26.52106,24.31859,21.18486,17.335503,15.104258,12.329845,6.9174433,5.0558505,1.3911743,4.8274536,7.092044,9.751156,13.48536,9.348268,11.450319,9.093022,12.407507,9.379535,14.477388,13.547669,18.69778,23.204779,20.137577,17.107681,16.476788,12.028332,13.053147,9.169193
6,17.072077,13.85108,12.618055,8.530594,6.5504384,5.2824607,0.0,6.2715745,7.657151,10.584624,14.206064,18.496523,21.300144,21.486652,20.24598,18.143675,15.029545,14.057396,10.931171,11.0482645,8.1087475,13.173152,10.869585,15.608897,17.102472,18.11327,17.78571,16.004236,13.320021,10.69645,13.112306,10.87947,13.59561,17.897661,17.285164,21.05076,23.21019,25.61803,24.804869,21.039867,17.42913,20.182295,17.102526,16.632332,14.741736,16.90115,14.750876,18.61478,16.299707,20.704956,23.309118,24.255661,20.7942,25.43075,25.227144,23.037773,24.270618,21.234798,22.085629,26.645914,23.14208,19.663841,22.377596,20.483818,22.97351,23.833466,25.618137,24.462843,24.70233,21.582533,17.873037,20.127502,19.714262,16.559519,20.064404,18.106987,22.150917,22.51849,23.029697,25.884462,26.65624,22.556643,19.867775,16.96543,13.086582,11.809287,7.7161684,5.059285,3.8800457,5.414344,9.4305725,11.686833,14.518962,18.468079,13.690076,14.83403,11.223054,12.9709,8.491638,12.90565,10.057822,15.103948,19.65537,16.522352,13.387822,14.583387,9.393319,12.122395,9.432023
7,20.505983,17.78663,15.351541,12.641579,9.133218,5.6585546,6.2715745,0.0,6.8884277,6.936193,13.188569,16.108349,19.194695,20.710873,19.850773,19.383602,15.971695,16.676064,12.90279,14.555813,11.853063,16.877913,15.296634,18.752775,19.359238,19.796076,18.208248,14.974612,12.459155,8.367195,12.783712,8.419459,13.901135,16.869667,18.439487,20.982014,23.636839,26.473953,24.96683,22.023338,18.758484,19.24165,16.121796,14.382717,11.224128,14.821258,11.705536,16.304487,13.525291,17.391323,19.587524,20.067797,15.78197,20.92715,19.955023,18.535324,19.808432,16.093344,17.397732,21.775518,17.820595,14.394712,16.293652,14.261616,16.723816,17.915611,19.710995,19.194036,19.625282,17.242195,13.316181,14.804794,15.400966,12.374912,16.712307,15.556457,19.930864,21.217295,21.547937,25.241789,25.97236,22.066338,20.45812,17.044764,13.470846,10.423272,9.485898,2.8131387,5.3891215,5.6007857,8.787679,12.087073,14.617663,17.48368,12.858924,14.664007,12.457016,14.956434,10.376965,15.4773,13.154935,18.485573,23.328516,21.28897,18.456436,19.384037,15.097055,17.28638,14.029596
8,24.640554,21.503353,19.915407,15.849529,13.695422,10.986637,7.657151,6.8884277,0.0,4.7216954,6.809961,11.755647,13.824449,14.845446,14.452661,13.281333,11.020759,12.263151,9.962315,13.035346,12.504011,17.322407,17.28662,21.089674,22.712193,24.221838,23.374157,20.88961,17.43512,13.472381,15.831526,10.25091,13.854884,14.409436,14.643681,17.675703,19.268457,22.738964,22.07637,19.213276,16.742283,18.203327,16.828264,14.471475,14.240563,18.658995,16.657606,21.582937,19.775024,23.316101,25.955343,25.800072,21.206781,25.505846,23.606928,21.35234,21.528986,17.838276,17.529142,21.383354,17.70969,14.58875,18.213406,17.771544,20.335482,23.055906,24.00038,24.721462,24.202234,21.580235,16.957682,17.207703,16.426765,12.050176,15.136671,12.21229,16.161495,16.262276,16.043285,19.207592,19.613207,15.545752,13.641451,10.454311,6.6605763,4.253696,4.1165223,4.4219027,8.689132,11.079876,14.976467,18.025055,20.648052,23.665045,18.19659,18.97139,15.751523,16.525719,10.879192,14.480736,9.93992,14.603377,19.37424,18.175758,15.731248,18.842354,14.871073,18.435675,16.520342
9,26.916594,23.848755,21.969687,18.658802,15.430737,12.367501,10.584624,6.936193,4.7216954,0.0,7.4948554,9.292563,12.408315,14.270966,13.823439,14.502375,11.608094,14.020219,11.082451,14.728512,14.1717825,18.730993,19.26249,22.080317,23.191751,24.553467,23.093817,20.09458,16.527287,12.141934,14.810035,8.081897,13.017179,12.449335,14.733057,16.483128,18.67529,22.207897,20.855791,18.721773,16.546568,16.093353,14.851699,11.563657,11.125991,16.446203,14.400003,19.573921,18.128357,20.935724,23.556156,22.762068,17.845106,21.797031,19.319078,17.205856,17.177517,13.234988,12.9448185,16.833393,13.134026,9.906937,13.866444,13.737687,16.72396,19.702679,21.155794,22.529625,22.499245,20.763254,16.202122,15.405526,15.735227,11.365707,15.09793,12.753988,16.794626,17.493256,16.694012,20.413734,20.27233,16.076794,15.168724,11.462495,8.825422,4.9952908,7.5954876,5.773247,9.92303,12.153043,15.308429,18.868824,21.527077,24.22242,19.38047,20.735886,18.287441,19.749619,14.342036,18.42392,14.435034,19.092138,23.854261,22.877037,20.423716,23.176514,19.034311,22.248472,19.718231
10,31.24775,27.993439,26.658373,22.394243,20.42395,17.775719,14.206064,13.188569,6.809961,7.4948554,0.0,7.4354634,7.509358,8.795311,9.703416,9.368051,9.29195,12.266865,11.919683,16.163834,17.3744,21.40002,22.77528,26.045057,27.969038,30.011086,29.22693,26.824242,22.921463,18.891716,20.305332,14.052801,16.467989,13.531366,13.644995,15.813424,16.190136,20.442339,20.357155,18.483404,17.477266,18.351732,18.92729,15.712405,17.583588,22.702944,21.363207,26.463953,25.347,28.242922,31.025656,30.108187,25.187805,28.645971,25.693207,23.14729,22.235518,18.697628,16.90699,19.599537,16.540844,14.327891,18.970343,20.059933,22.587812,26.51934,26.92312,28.958323,27.96399,25.783686,20.93865,19.628511,18.424961,13.577537,15.193018,11.133991,13.883503,12.82125,11.127274,13.908247,13.279336,8.8856735,7.8451047,4.661862,3.076927,2.7711484,7.5431385,11.005292,15.029431,17.803308,21.570213,24.778048,27.405582,30.204676,24.574808,25.049479,21.887503,21.916443,16.335827,18.600527,13.416806,16.402437,20.517902,20.718973,19.005526,23.439959,20.123468,24.136969,22.842718
11,35.20023,31.790413,30.60476,27.00263,23.858614,21.27513,18.496523,16.108349,11.755647,9.292563,7.4354634,0.0,5.5528064,6.65191,6.760683,10.593185,9.403212,13.788985,13.03775,17.73134,19.45529,22.639574,25.30213,27.083307,28.625082,30.89945,29.74056,27.305096,23.025393,19.166157,19.64299,13.279185,15.134336,9.279056,12.154322,11.755781,12.707811,16.96795,16.012009,15.663951,15.735335,13.997686,15.967776,11.923425,15.390642,20.791704,20.319939,25.235176,25.286932,27.027416,30.101395,28.133455,23.380404,25.310322,21.786562,18.734034,16.908333,14.26365,11.31832,13.446467,12.048258,10.543209,16.49405,18.431967,21.643986,25.552618,27.064508,29.804789,29.709436,28.659725,24.056376,21.699726,21.872831,17.257366,19.427647,16.14136,18.63212,18.017498,15.246828,18.019888,15.683611,10.867309,11.411023,8.061568,9.342043,8.193224,12.199031,14.522712,17.768446,20.88539,23.912466,27.640188,30.546679,33.42184,28.666254,29.879286,27.199175,28.05473,22.432957,25.490555,20.445192,23.757948,27.864485,27.752808,25.787035,30.06496,25.968533,29.824112,27.85327
12,38.355602,35.058212,33.661407,29.64967,27.193985,24.37817,21.300144,19.194695,13.824449,12.408315,7.509358,5.5528064,0.0,5.575341,8.433695,11.356311,12.484727,16.634571,16.903744,21.567562,23.433722,26.855846,29.178532,31.605322,33.369396,35.5951,34.515957,31.930233,27.837599,23.764475,24.725828,18.189348,20.201748,14.417934,15.910923,15.905788,15.509947,20.10019,19.981861,19.805367,20.253435,19.261911,21.423607,17.46215,20.55041,26.10119,25.255987,30.308523,29.851845,31.836575,34.59229,32.813286,27.755287,30.141611,26.156183,23.675724,21.701605,18.625282,15.538032,16.374496,14.5558405,13.879333,18.885077,21.413353,23.853384,28.594193,28.83685,32.1238,31.1182,29.838217,25.126736,22.330395,21.589502,17.05043,17.818676,14.153101,15.44045,14.159048,10.741831,13.090757,10.458708,6.561058,8.956232,7.3299575,9.749822,9.589733,14.546534,17.476576,21.427391,24.258907,27.642654,31.15183,33.79708,36.30205,30.934097,31.57135,28.827263,28.933853,23.45803,25.564886,20.617195,22.94813,26.543583,27.52353,26.134735,30.808361,27.616648,31.642925,30.226461
13,38.283028,34.710953,34.062847,29.8722,27.527405,25.323439,21.486652,20.710873,14.845446,14.270966,8.795311,6.65191,5.575341,0.0,3.7505605,6.953661,9.152161,13.14424,14.616178,19.074905,21.93212,24.512285,27.729034,29.77356,31.941221,34.73402,34.195976,32.327778,27.822025,24.269512,23.957428,18.313786,18.401764,12.190459,12.014501,12.129144,10.6721115,15.288029,15.925509,15.751443,16.890144,16.996931,19.945784,16.777695,21.099663,25.948757,25.881973,30.689444,30.874922,32.944733,36.235344,34.413475,29.808401,31.610115,28.285975,24.90032,22.895788,20.780735,17.586191,19.015997,18.218117,17.10719,22.872267,24.943634,27.934105,32.042736,33.110134,35.8406,35.269966,33.726685,28.940716,26.777676,26.026894,21.265348,22.338196,18.26613,19.703632,17.67105,14.313765,15.356333,11.79362,6.4629703,6.970944,5.6631193,9.40337,10.977411,13.971686,18.534298,21.570963,25.047518,28.512825,32.006332,34.989307,38.163094,32.932034,33.66785,30.427298,30.484444,24.887747,26.852705,21.259756,23.251526,26.55593,26.98323,25.552275,30.84604,27.196978,31.468344,30.326277
14,36.581936,32.885723,32.600517,28.591715,25.981928,24.140259,20.24598,19.850773,14.452661,13.823439,9.703416,6.760683,8.433695,3.7505605,0.0,5.547402,6.3563337,10.445649,11.9215765,16.25193,19.441221,21.524797,25.253458,26.812092,29.01657,32.029957,31.665148,30.158573,25.47214,22.292439,21.238283,16.231579,15.302096,8.996761,8.4372635,8.4683895,7.276148,11.889059,12.385031,12.00299,13.272518,13.655263,16.832573,14.149644,19.029902,23.379984,23.789284,28.35608,28.995989,30.97777,34.55928,32.682922,28.445696,29.841476,27.04136,23.159742,21.296812,19.774826,16.776028,18.883928,18.523943,17.007221,23.132278,24.76408,28.169302,31.674894,33.50628,35.79463,35.747345,34.230175,29.509909,27.735916,27.364285,22.549524,24.27634,20.296032,22.309477,20.502762,17.457922,18.681635,15.351181,9.817336,8.954782,6.717943,9.671557,11.212271,12.892091,17.630287,19.915173,23.691122,26.967054,30.505896,33.693413,37.231304,32.37524,33.40242,30.073954,30.480492,24.841291,27.215946,21.476486,23.877745,27.361273,27.02988,25.279186,30.48066,26.247849,30.466242,29.137302
15,33.996407,30.282106,30.389296,25.967102,24.211239,22.797287,18.143675,19.383602,13.281333,14.502375,9.368051,10.593185,11.356311,6.953661,5.547402,0.0,5.051355,7.2113905,10.262682,13.923219,17.443205,19.474068,22.865376,25.173832,27.85606,31.000698,31.180706,30.094202,25.504484,22.566603,21.449646,17.105984,15.60517,11.74843,8.121107,10.916826,9.266115,13.151912,14.62419,12.692501,13.163814,16.141949,18.382965,16.602198,20.819168,24.641478,24.857487,29.362118,29.587374,32.275997,35.89038,34.640472,30.510721,32.591316,30.370739,26.49498,25.199896,23.354132,20.944769,23.65419,22.499332,20.445107,26.242336,27.297659,30.546558,33.811596,35.369736,37.027515,36.688396,34.479015,29.707361,28.758247,27.722385,22.886515,24.370813,20.057152,22.053251,19.725857,17.312399,17.873503,15.270626,9.860241,6.68955,5.4100566,7.642756,10.861083,10.613468,16.751198,18.669722,22.499014,26.127287,29.263807,32.412075,36.20935,31.044888,31.686888,27.898699,27.788044,22.36394,24.050425,18.093645,19.828337,22.926914,22.363958,20.79376,26.434887,22.463318,26.848198,26.16819
16,30.664099,26.887743,27.011683,23.025183,20.558613,19.291655,15.029545,15.971695,11.020759,11.608094,9.29195,9.403212,12.484727,9.152161,6.3563337,5.051355,0.0,4.495646,5.766326,9.983603,13.311715,15.416991,19.02323,20.858198,23.296585,26.400011,26.425428,25.374853,20.679918,17.920225,16.465202,12.410405,10.584365,7.631291,4.494772,8.075813,8.599566,12.010027,12.265943,9.57591,8.956527,11.852021,13.451206,11.94294,16.104511,19.633532,20.045992,24.416048,24.915106,27.477434,31.241615,29.966217,26.122347,28.020298,26.282347,22.205091,21.272558,19.69928,17.808655,21.295729,20.178099,17.666712,23.511885,24.027487,27.619318,30.217644,32.547043,33.77614,34.0627,32.078213,27.480417,26.828947,26.474083,21.724184,24.152843,20.290373,23.124449,21.618238,19.533428,21.101995,18.939497,13.324952,10.619529,7.557402,7.8239713,9.530627,8.1714115,13.514111,14.731529,18.768871,22.067513,25.379103,28.698086,32.690083,28.067577,29.20236,25.617239,26.249805,20.76092,23.437462,17.698511,20.62542,24.374107,22.91037,20.715649,25.59941,20.799301,24.914434,23.545675
17,28.235268,24.376831,25.175068,21.127352,19.21303,18.73285,14.057396,16.676064,12.263151,14.020219,12.266865,13.788985,16.634571,13.14424,10.445649,7.2113905,4.495646,0.0,4.593149,6.9057083,10.988203,12.3473215,16.142391,18.159775,21.046698,24.420706,25.07781,24.731285,20.142632,18.09399,15.987171,13.573822,10.42566,10.46834,5.257206,10.270473,10.68261,12.786289,13.540202,9.688449,8.130874,13.438594,14.161389,14.037052,17.600754,20.023659,20.645296,24.55128,25.06567,28.015482,31.904373,31.084015,27.707067,29.734848,28.774763,24.583448,24.135065,22.792974,21.421185,25.289164,24.034159,21.234642,26.784597,26.728485,30.314875,32.340904,34.87812,35.40985,35.82025,33.450085,29.001326,29.117395,28.57487,23.981974,26.484789,22.647606,25.590065,23.953203,22.356129,23.584776,21.833126,16.45587,12.950099,10.621856,9.961588,12.108174,8.41921,14.119941,14.110428,18.203156,21.452301,24.348509,27.72212,32.120678,27.688631,28.736853,24.853806,25.379229,20.268024,22.66547,17.017374,19.666689,23.119854,20.838398,18.531918,23.423834,18.376358,22.438877,21.43914
18,25.331478,21.502493,21.929718,18.312124,15.585754,14.989274,10.931171,12.90279,9.962315,11.082451,11.919683,13.03775,16.903744,14.616178,11.9215765,10.262682,5.766326,4.593149,0.0,4.7142334,7.579998,10.020619,13.342853,15.263897,17.70352,20.754509,20.98954,20.313509,15.689105,13.5135355,11.661977,9.161863,6.651785,8.898099,6.448527,10.638737,12.679227,14.704522,14.181117,10.29022,7.24995,11.439574,10.71951,10.646503,13.296991,15.689892,16.082682,20.069439,20.488777,23.450047,27.31391,26.571764,23.273293,25.492584,24.82692,20.794966,20.799545,19.341719,18.61819,22.99163,21.445421,18.330687,23.523342,22.97746,26.663038,28.203074,31.149088,31.370804,32.179653,30.020247,25.76793,26.096228,26.09057,21.716335,24.884708,21.567497,25.068008,24.17749,22.86956,24.928484,23.5945,18.196665,15.205133,11.973208,10.245459,10.787601,6.715858,10.648068,10.092345,14.283677,17.2807,20.409857,23.866877,28.249563,24.199,25.657742,22.107306,23.322783,18.197472,21.516565,16.346764,20.06672,24.113453,21.493761,18.750746,22.663761,17.129864,20.819067,19.00594
19,22.45882,18.540089,19.865675,16.598394,14.270796,14.86943,11.0482645,14.555813,13.035346,14.728512,16.163834,17.73134,21.567562,19.074905,16.25193,13.923219,9.983603,6.9057083,4.7142334,0.0,4.728077,5.6333222,9.541767,11.311499,14.243571,17.641308,18.647123,18.965866,14.618905,13.722495,10.875113,11.232167,7.3833055,12.479273,9.3603525,13.625516,15.68205,16.56832,16.167002,11.709258,7.917265,13.511131,11.722911,13.305489,15.038151,15.706838,16.476913,19.56097,20.166725,23.375244,27.339817,27.085392,24.553402,26.68176,26.99996,22.93835,23.480543,22.462368,22.29535,26.92652,25.428284,22.162039,26.93424,25.78485,29.442587,30.17521,33.515575,32.931507,34.07181,31.692108,27.783352,28.873377,28.900768,24.845167,28.163525,25.056784,28.668684,27.812397,26.874659,28.764156,27.686794,22.405733,19.031637,16.19312,14.168809,14.833688,9.695329,12.626223,10.19844,14.074321,16.557682,19.11092,22.622358,27.470057,24.035006,25.57559,21.941717,23.32127,18.872114,22.084024,17.463129,21.021679,24.768642,21.213137,18.290749,21.602453,15.67357,18.90218,17.200665
20,18.208717,14.338822,15.385106,12.5912,9.785976,10.889415,8.1087475,11.853063,12.504011,14.1717825,17.3744,19.45529,23.433722,21.93212,19.441221,17.443205,13.311715,10.988203,7.579998,4.728077,0.0,5.1787605,5.909463,8.851827,11.255327,13.933061,14.7037,14.820971,10.9252205,10.358345,8.556135,9.964128,8.303686,14.89324,13.357914,17.139381,19.721798,20.791885,19.840609,15.618513,11.490486,15.589127,12.264058,13.892721,13.5401745,13.60641,13.605321,16.437767,16.341558,20.025414,23.718966,24.061598,21.764637,24.567446,25.404966,21.9334,23.145037,21.769693,22.427155,27.335123,25.267612,21.784384,25.66801,23.829535,27.246073,27.320498,30.753672,29.493748,30.862162,28.415436,24.900204,26.640238,26.926533,23.379688,27.083418,24.596008,28.545143,28.304337,27.899635,30.294277,29.847506,24.818497,21.665411,18.56928,15.74222,15.415855,10.245447,10.577372,6.687948,9.995946,12.085412,14.444179,17.967966,22.90429,19.89465,21.696545,18.364935,20.339846,16.38805,20.182737,16.531944,20.73315,24.758488,20.84526,17.647259,19.615532,13.466904,15.983037,13.52534
21,19.70883,15.89355,18.151001,16.1017,13.740122,15.582539,13.173152,16.877913,17.322407,18.730993,21.40002,22.639574,26.855846,24.512285,21.524797,19.474068,15.416991,12.3473215,10.020619,5.6333222,5.1787605,0.0,6.13755,5.946888,9.253615,13.059807,14.885855,16.49399,12.764848,13.700102,9.814239,13.437023,9.278004,16.310215,13.990721,17.498688,20.016867,19.917562,19.085718,14.728255,10.706258,15.748361,12.693894,15.715497,16.235079,14.762707,16.06185,17.714098,18.795061,21.889252,25.896755,26.077087,24.647783,26.383705,27.904186,23.945036,25.137136,24.739525,25.29515,30.177034,28.853909,25.495117,29.69117,27.864136,31.520035,31.156332,35.192017,33.741226,35.53187,33.254948,29.905603,31.622684,32.06468,28.468012,32.15277,29.495823,33.337997,32.808334,32.130672,34.18561,33.2759,28.012096,24.652756,21.777153,19.55349,19.754257,14.551979,15.677509,11.685785,14.607185,15.832413,17.704634,21.175962,26.371529,24.18088,26.08752,22.834156,24.777529,21.214746,24.64756,20.970352,24.636932,28.219547,23.92632,20.86366,22.889576,16.780624,18.89441,16.862484
22,13.593879,9.757971,12.256633,10.747331,9.150838,12.069747,10.869585,15.296634,17.28662,19.26249,22.77528,25.30213,29.178532,27.729034,25.253458,22.865376,19.02323,16.142391,13.342853,9.541767,5.909463,6.13755,0.0,5.8425875,8.207961,10.348941,12.318284,13.844708,11.529856,12.803039,11.179846,14.761291,13.232103,20.50725,18.763037,22.52768,25.080849,25.5835,24.689253,20.364754,16.20484,20.458744,16.539377,18.933752,17.51714,15.910818,15.854411,17.159233,16.77608,20.693722,24.022402,25.246922,23.957497,26.863049,28.717993,25.647436,27.418766,26.264341,27.480988,32.4975,30.301746,26.763908,29.929861,27.471928,30.57268,29.701805,33.293655,30.99634,32.654438,29.984634,27.145105,29.79388,30.098825,27.159927,30.89267,28.827799,32.81198,32.75006,32.81235,35.14423,35.09911,30.275698,26.923965,24.085882,21.02637,20.711792,15.366773,14.68679,9.99716,11.316306,12.011088,12.815058,15.983135,21.265268,19.438908,21.251972,18.22254,20.432785,17.931303,21.379787,19.036766,22.882582,26.440351,21.72175,18.541447,18.921808,12.9933605,13.983498,11.565271
23,16.900385,13.581005,16.29771,15.998549,13.472391,16.17531,15.608897,18.752775,21.089674,22.080317,26.045057,27.083307,31.605322,29.77356,26.812092,25.173832,20.858198,18.159775,15.263897,11.311499,8.851827,5.946888,5.8425875,0.0,3.6513839,7.601638,10.279315,13.264148,10.908558,13.688921,10.001192,15.773204,12.773935,20.560122,19.385757,22.260412,25.256918,24.848112,23.472424,19.49491,15.479138,19.086094,14.9366,18.494434,17.389174,14.067749,15.413962,15.35443,16.62469,19.489334,23.243433,24.019014,23.76322,25.295603,27.970943,24.515562,26.423298,26.37624,27.747458,32.771263,31.413847,28.022833,31.34956,28.826214,32.296974,30.78614,35.38855,33.051445,35.499004,33.45359,30.809952,33.094234,34.032253,31.034664,35.082214,33.029106,37.114426,37.084732,36.710167,39.127296,38.506725,33.309723,30.12093,27.038641,24.495283,24.042465,19.087614,18.385914,13.586192,15.106346,14.750236,15.767576,18.94626,24.185276,23.511295,25.83904,23.301203,25.918604,23.283216,27.048388,24.428814,28.386278,31.992512,27.326212,24.173952,24.738247,18.829054,19.646019,17.050484
24,16.59058,13.769848,16.092842,16.82933,13.841524,16.555628,17.102472,19.359238,22.712193,23.191751,27.969038,28.625082,33.369396,31.941221,29.01657,27.85606,23.296585,21.046698,17.70352,14.243571,11.255327,9.253615,8.207961,3.6513839,0.0,4.341772,7.105101,10.818647,9.434187,13.162738,9.877963,16.369461,14.235026,22.105495,21.846878,24.234055,27.585278,27.17681,25.368553,21.725203,17.73794,20.206577,15.544352,19.145824,17.108776,12.862108,14.1970825,13.036046,14.555285,17.02533,20.615294,21.60333,22.054571,23.352955,26.640081,23.565943,25.863571,26.038483,27.88485,32.905308,31.58889,28.25926,31.02717,28.163496,31.527443,29.358065,34.3572,31.652168,34.560665,32.847923,30.620401,33.01779,34.380714,31.730219,36.01392,34.351337,38.57103,38.896904,38.59891,41.31896,40.78656,35.609035,32.66139,29.363043,26.723152,25.78033,21.248903,19.506235,14.620031,15.415628,14.083619,14.8446245,17.802904,22.837568,23.098738,25.77005,23.806896,26.882862,24.55837,28.657942,26.48435,30.741892,34.516994,29.897886,26.691925,26.656866,20.900116,21.218609,18.15346
25,14.559887,12.53055,14.348614,16.36112,13.448217,16.310778,18.11327,19.796076,24.221838,24.553467,30.011086,30.89945,35.5951,34.73402,32.029957,31.000698,26.400011,24.420706,20.754509,17.641308,13.933061,13.059807,10.348941,7.601638,4.341772,0.0,3.9620507,8.482333,9.242161,13.437121,11.783371,17.987993,17.272133,25.05798,25.37136,27.67806,31.186605,31.057592,29.055754,25.539465,21.490614,23.279507,18.2506,21.41666,18.192959,13.713036,14.192771,12.086812,12.806981,15.289307,18.208946,19.961632,21.013964,22.735428,26.493597,24.188467,26.915325,26.850388,29.218191,34.20968,32.555553,29.24813,31.168377,27.854269,30.827578,27.972864,32.991795,29.64738,32.83242,31.250006,29.615658,32.432106,34.037952,31.943676,36.342346,35.197964,39.50512,40.239704,40.259243,43.256466,43.094917,38.114357,35.32982,31.937532,28.994534,27.607466,23.383265,20.501879,15.643485,15.271343,12.885193,12.805644,15.211748,19.927958,21.293041,24.167267,22.889046,26.351423,24.725792,28.962765,27.606602,32.037014,35.864044,31.244917,28.044155,27.060068,21.728292,21.278189,17.862898
26,15.671717,13.880067,14.402795,16.64861,12.94319,15.137827,17.78571,18.208248,23.374157,23.093817,29.22693,29.74056,34.515957,34.195976,31.665148,31.180706,26.425428,25.07781,20.98954,18.647123,14.7037,14.885855,12.318284,10.279315,7.105101,3.9620507,0.0,4.8426003,6.8769684,11.236322,10.736063,16.49607,17.020668,24.416433,25.67163,27.570585,31.335566,31.548391,29.196514,26.003342,22.004154,22.69065,17.421228,20.07747,15.968925,11.447501,11.338782,8.678969,9.135533,11.436562,14.247494,16.115274,17.358532,19.262474,23.161083,21.357502,24.33865,24.163319,26.899065,31.78985,30.041317,26.844416,28.206823,24.691824,27.54064,24.32718,29.587498,26.19997,29.705423,28.526884,27.12544,29.78662,31.805227,29.979834,34.546707,33.762573,38.135002,39.22274,39.252327,42.568676,42.479736,37.600643,35.178894,31.581316,28.605164,26.696817,23.15551,19.367311,14.88668,14.043274,11.02162,11.32513,13.648481,17.92728,19.650608,22.861013,22.087706,25.905466,24.16445,28.794481,27.586473,32.365253,36.48256,32.224003,28.983725,27.917955,22.675343,22.31353,18.436142
27,16.499268,14.780129,13.755022,15.749834,11.347013,12.473015,16.004236,14.974612,20.88961,20.09458,26.824242,27.305096,31.930233,32.327778,30.158573,30.094202,25.374853,24.731285,20.313509,18.965866,14.820971,16.49399,13.844708,13.264148,10.818647,8.482333,4.8426003,0.0,4.920852,8.172194,10.08229,14.158357,16.545565,23.175524,25.248953,26.943335,30.790623,31.635254,29.115059,26.166344,22.239973,22.036154,16.75193,18.350622,13.207776,9.835314,8.073251,6.2238274,4.4754934,7.861335,10.480213,12.578184,13.084378,16.124468,19.539028,18.415745,21.538681,20.704216,23.750692,28.520657,26.33944,23.208523,23.919668,20.205221,22.838116,19.56794,24.747107,21.438513,25.001831,24.068447,22.759968,25.285587,27.5961,26.057003,30.721561,30.33242,34.723427,36.18721,36.322357,39.948643,40.078785,35.455563,33.436443,29.717451,26.634693,24.172543,21.468271,16.648594,12.900777,11.409305,7.9284873,9.015772,11.3290205,15.060196,16.510618,19.97136,19.631964,23.698412,21.77479,26.739578,25.72897,30.803867,35.19047,31.446856,28.231579,27.149302,22.14539,22.002415,17.76368
28,18.189909,15.52357,14.990822,15.396294,10.463329,11.156747,13.320021,12.459155,17.43512,16.527287,22.921463,23.025393,27.837599,27.822025,25.47214,25.504484,20.679918,20.142632,15.689105,14.618905,10.9252205,12.764848,11.529856,10.908558,9.434187,9.242161,6.8769684,4.920852,0.0,4.565824,5.2267227,9.746567,11.630482,18.354355,20.373709,22.03847,25.87595,26.743698,24.270226,21.29175,17.39212,17.296745,12.048058,13.773463,9.318531,6.233016,5.1717463,5.881105,6.117522,9.340245,13.148417,13.769136,12.970161,15.567774,18.142347,15.87693,18.542744,17.79956,20.307806,25.276693,23.376122,20.101309,21.986967,18.856197,22.155544,20.021887,25.135563,22.895845,25.977032,24.868908,22.635675,24.498123,26.544617,24.211855,28.842499,27.829916,32.197807,33.26387,33.002655,36.451153,36.1748,31.305424,29.224485,25.45577,22.63241,20.397911,17.567472,13.563921,9.705064,9.818772,7.9815526,10.641815,13.847182,18.071383,17.77697,20.970377,19.702667,23.36235,20.380371,25.387037,23.337614,28.42158,32.912243,29.307653,26.043684,26.072937,20.531197,21.355864,17.317253
29,19.698648,16.873749,15.508781,14.796276,9.654967,8.774223,10.69645,8.367195,13.472381,12.141934,18.891716,19.166157,23.764475,24.269512,22.292439,22.566603,17.920225,18.09399,13.5135355,13.722495,10.358345,13.700102,12.803039,13.688921,13.162738,13.437121,11.236322,8.172194,4.565824,0.0,5.88484,6.195021,10.451911,15.92366,18.410854,20.087114,23.770966,25.371584,22.999802,20.17566,16.48168,15.97204,11.24873,11.423493,6.49274,6.997292,4.09566,8.24942,7.060796,10.555085,13.998911,14.1382,11.500615,15.191773,16.281504,14.12305,16.394484,14.605887,16.920645,21.885258,19.442518,16.044268,18.086447,15.214051,18.612354,17.504845,22.005877,20.54167,23.040043,21.833492,19.05094,20.466007,22.41073,19.834951,24.472801,23.433361,27.79508,28.960491,28.677109,32.280174,32.11439,27.432116,25.64671,21.818304,18.934628,16.29986,14.251693,9.617217,6.9266396,7.4784236,7.1298933,10.875953,14.105734,17.885572,16.17403,19.15874,17.689058,21.12896,17.485525,22.642403,20.295727,25.534891,30.22614,27.200966,24.026123,24.55398,19.208076,20.649372,16.679546
30,21.351833,18.079662,18.229542,17.348526,12.6344,12.9783745,13.112306,12.783712,15.831526,14.810035,20.305332,19.64299,24.725828,23.957428,21.238283,21.449646,16.465202,15.987171,11.661977,10.875113,8.556135,9.814239,11.179846,10.001192,9.877963,11.783371,10.736063,10.08229,5.2267227,5.88484,0.0,7.014235,6.5864215,13.681316,15.545418,17.02499,20.902983,21.556332,19.089247,16.099693,12.271715,12.356962,7.1789956,9.661024,7.442196,5.1320186,6.584458,8.81268,10.645249,12.876539,17.164783,16.60843,15.133633,16.599407,18.330898,14.741209,16.623621,16.406324,18.02859,23.065985,21.82479,18.562422,21.871143,19.600151,23.463291,22.408775,27.409037,26.178255,28.852077,27.688118,24.721983,25.814638,27.55167,24.424612,28.85564,27.109692,31.329357,31.847418,31.039358,34.16842,33.277985,28.067091,25.888538,22.113539,19.827942,18.10433,15.118492,12.913649,9.435439,11.604732,11.542244,14.681528,18.181694,22.607452,21.212345,24.042395,21.999395,25.08411,21.196177,25.970257,22.773016,27.639008,32.097065,28.647053,25.417606,26.708101,20.767433,22.538387,18.996937
31,24.223892,20.927446,19.944172,17.802523,13.245123,11.616991,10.87947,8.419459,10.25091,8.081897,14.052801,13.279185,18.189348,18.313786,16.231579,17.105984,12.410405,13.573822,9.161863,11.232167,9.964128,13.437023,14.761291,15.773204,16.369461,17.987993,16.49607,14.158357,9.746567,6.195021,7.014235,0.0,6.6883936,10.0208645,13.090136,14.41488,17.9873,20.070967,17.800314,15.302429,12.183467,11.169553,7.8263893,6.2908006,4.570744,8.693401,7.805663,12.651008,12.782944,15.182771,18.833714,17.763277,14.13508,16.783978,16.17879,12.822156,13.771052,11.820515,12.757682,17.770288,15.745167,12.301785,16.305618,14.860375,18.812235,19.493769,23.401585,23.485727,25.228111,24.040972,20.33756,20.45784,21.956879,18.351969,22.63885,20.722984,24.850756,25.454515,24.464815,27.84891,27.020084,22.045834,20.452644,16.48767,14.256292,11.812192,10.57374,8.167836,7.6789274,10.567244,12.257242,16.13575,19.432121,23.105213,20.06866,22.459963,20.237179,22.816826,18.021,22.785585,19.048708,24.01461,28.729527,26.32574,23.326937,25.429367,19.99919,22.609497,19.312077
32,25.48101,21.790577,22.252161,19.964186,15.958103,15.7026415,13.59561,13.901135,13.854884,13.017179,16.467989,15.134336,20.201748,18.401764,15.302096,15.60517,10.584365,10.42566,6.651785,7.3833055,8.303686,9.278004,13.232103,12.773935,14.235026,17.272133,17.020668,16.545565,11.630482,10.451911,6.5864215,6.6883936,0.0,7.8977227,9.029202,10.651647,14.36453,15.19453,13.060206,9.809504,6.086202,7.392197,4.4204283,6.512168,9.021576,9.90415,11.612883,14.864941,16.636984,18.656876,22.928795,21.679598,19.241955,20.237043,20.475817,15.988689,16.469877,16.298693,16.359985,21.122822,20.437895,17.353735,22.236057,21.175945,25.296783,25.726982,30.028152,29.92462,31.834324,30.457294,26.713001,26.9666,28.080824,24.123375,28.02166,25.386892,29.229492,28.996843,27.561357,30.166351,28.582264,23.07836,20.788626,17.155376,15.7120495,14.911544,12.039058,12.779967,10.844639,14.553429,16.135427,19.518963,23.121025,27.56457,24.85657,27.124012,24.313255,26.540174,21.771261,25.964483,21.518593,25.852165,30.134367,27.170485,24.171997,27.019592,21.073404,23.94108,21.19141
33,32.467545,28.775066,28.696054,25.73979,21.963942,20.619968,17.897661,16.869667,14.409436,12.449335,13.531366,9.279056,14.417934,12.190459,8.996761,11.74843,7.631291,10.46834,8.898099,12.479273,14.89324,16.310215,20.50725,20.560122,22.105495,25.05798,24.416433,23.175524,18.354355,15.92366,13.681316,10.0208645,7.8977227,0.0,6.3848505,4.7926955,8.585275,10.895975,8.618844,7.6573415,7.5120926,5.0281744,8.053015,5.8561907,11.749145,15.139681,16.487078,20.44402,22.113607,23.445515,27.42733,25.257046,21.86516,22.265692,20.576147,15.921217,14.63677,14.446624,12.5358515,16.243895,16.569344,14.328726,20.408098,20.94838,25.079462,27.050032,30.621805,32.054646,33.349117,32.369484,28.146748,26.947193,27.877514,23.446909,26.667156,23.568354,26.754667,26.103125,23.725742,26.070087,23.5054,17.971857,16.69329,13.175855,13.561192,13.094271,12.987319,15.351572,15.919454,19.726171,21.980242,25.714106,29.144886,33.008926,29.446321,31.366146,28.505995,30.138561,24.708626,28.43836,23.252596,27.051664,31.217146,29.497118,26.953335,30.939306,25.58313,29.147436,26.797043
34,31.48044,27.601574,28.282845,24.733644,21.935951,21.23212,17.285164,18.439487,14.643681,14.733057,13.644995,12.154322,15.910923,12.014501,8.4372635,8.121107,4.494772,5.257206,6.448527,9.3603525,13.357914,13.990721,18.763037,19.385757,21.846878,25.37136,25.67163,25.248953,20.373709,18.410854,15.545418,13.090136,9.029202,6.3848505,0.0,5.0578194,6.3842287,8.394585,8.447415,5.133113,5.1815777,9.079212,11.426916,11.156119,16.171066,18.638945,20.006456,23.763746,25.149633,27.283434,31.392677,29.859922,26.648285,27.608084,26.453148,21.827536,20.894598,20.41408,18.614233,22.214247,22.011951,19.569136,25.579197,25.89835,29.827765,31.82904,34.967094,35.945213,36.81738,35.081047,30.66557,30.115108,30.203066,25.546774,28.295162,24.591572,27.523365,26.074783,23.856913,25.303692,22.739664,17.080866,14.518204,11.801701,12.300048,13.648954,11.630984,16.238659,16.28989,20.47338,23.24974,26.551638,30.063278,34.396194,30.409409,31.885344,28.366674,29.366213,24.050066,26.979967,21.368507,24.3538,27.973171,25.96417,23.62021,28.297207,23.030886,26.909206,25.365875
35,35.274105,31.447216,31.908316,28.714958,25.356533,24.377096,21.05076,20.982014,17.675703,16.483128,15.813424,11.755781,15.905788,12.129144,8.4683895,10.916826,8.075813,10.270473,10.638737,13.625516,17.139381,17.498688,22.52768,22.260412,24.234055,27.67806,27.570585,26.943335,22.03847,20.087114,17.02499,14.41488,10.651647,4.7926955,5.0578194,0.0,4.3584304,6.1410933,4.5743,4.539665,7.040092,6.649332,11.057767,10.244313,16.278097,18.880808,20.741142,24.302956,26.32975,27.63551,31.778637,29.563929,26.471794,26.395319,24.86644,20.00907,18.438622,18.841528,16.51909,19.511091,20.482475,18.619741,24.846357,25.64666,29.74044,31.823288,35.32641,36.823254,38.00134,36.862972,32.522533,31.303816,31.894318,27.287664,30.094585,26.584661,29.371809,28.105682,25.404888,26.995815,23.818687,18.25402,16.738205,14.005515,15.322349,16.015154,15.457651,19.143425,19.471462,23.508179,25.899887,29.46659,32.984962,37.11107,33.439014,35.185394,32.00337,33.28864,27.844753,31.079086,25.52672,28.68305,32.410927,30.729229,28.402458,32.978,27.673916,31.452122,29.557796
36,37.859013,33.98403,34.570908,30.957787,28.10696,27.090843,23.21019,23.636839,19.268457,18.67529,16.190136,12.707811,15.509947,10.6721115,7.276148,9.266115,8.599566,10.68261,12.679227,15.68205,19.721798,20.016867,25.080849,25.256918,27.585278,31.186605,31.335566,30.790623,25.87595,23.770966,20.902983,17.9873,14.36453,8.585275,6.3842287,4.3584304,0.0,4.628267,6.0594506,6.669089,9.927662,10.976292,15.32043,14.357647,20.273201,23.103975,24.768805,28.48577,30.269163,31.807318,35.8968,33.762318,30.4468,30.589024,28.73743,24.025656,22.204416,22.306162,19.550383,21.929844,22.879335,21.2931,27.623392,28.807697,32.710323,35.29422,38.2717,40.039757,40.7778,39.408543,34.870533,33.496216,33.589825,28.823898,31.055454,27.173073,29.449245,27.610546,24.65005,25.515339,21.89451,16.540201,15.008545,13.217236,15.442102,17.063694,16.748251,21.492441,22.243383,26.360622,29.126549,32.59476,36.078266,40.209526,36.086452,37.501118,34.05263,34.836502,29.345165,31.9717,26.150496,28.58932,31.870771,30.621082,28.649395,33.81734,28.903854,32.953278,31.560282
