,0,1,2,3,4,5,6,7,8,9,10,11,12,13,14,15,16,17,18,19,20,21,22,23,24,25,26,27,28,29,30,31,32,33,34,35,36,37,38,39,40,41,42,43,44,45,46,47,48,49,50,51,52,53,54,55,56,57,58,59,60,61,62,63,64,65,66,67,68,69,70,71,72,73,74,75,76,77,78,79,80,81,82,83,84,85,86,87,88,89,90,91,92,93,94,95,96,97,98,99,100,101,102,103,104,105,106,107,108,109,110,111
0,0.0,3.863439,7.2394295,10.242604,12.78369,14.902409,18.305632,21.521976,24.901081,27.355295,31.193048,30.105347,25.823837,25.178347,20.147562,21.417181,16.20159,17.93458,15.396201,16.562534,18.481874,15.820901,21.268408,24.17706,25.074413,27.218407,27.76271,29.481297,26.292822,28.980848,28.6361,30.916418,35.544487,34.5936,38.616653,39.243946,42.68731,43.28939,39.526997,36.114483,39.812202,36.03299,35.229717,34.509262,33.21314,32.88274,29.339083,31.52668,28.367332,30.572418,29.157516,30.729748,32.140106,30.634941,25.541008,26.940212,25.22039,28.446375,27.200459,29.139406,27.083174,33.433586,33.127037,35.567806,39.46116,37.578064,41.309097,40.26416,43.042107,40.78524,35.704445,36.918,33.247032,35.408154,33.087692,29.947395,31.92423,31.821438,32.326103,35.136723,32.37552,29.044926,29.107977,25.98511,25.9966,22.403011,23.781548,19.731575,19.433842,19.574913,18.06818,20.367369,19.957924,17.539024,17.137833,14.936537,13.288594,15.928558,18.792961,19.539068,23.701212,24.334396,28.221987,30.882677,32.860268,34.96836,32.90226,36.766846,33.05508,37.62213,36.630882,41.22619
1,3.863439,0.0,4.782025,6.5385714,9.515119,11.43049,14.963354,18.262646,21.36709,24.071674,27.626823,26.775114,22.573011,21.639408,16.636497,17.643618,12.370422,14.274396,11.830299,13.563944,15.838065,14.009436,19.483568,22.0664,23.647833,25.28257,25.95975,27.165174,23.498154,25.901695,25.420954,27.442152,31.921461,30.803202,34.881615,35.434982,38.869545,39.543274,35.783115,32.437664,36.2555,32.68149,31.93654,31.569809,30.243933,30.360277,27.035639,29.636045,26.810757,29.321255,28.310757,30.152594,31.96531,30.71376,25.487392,26.798803,24.32417,27.484728,26.011478,27.487585,25.093037,31.452108,30.66148,33.13564,36.602367,34.88128,38.517845,37.506863,40.07066,38.034843,32.98793,34.021034,30.153427,32.37278,29.658968,26.67387,28.459774,28.168236,28.643574,31.382765,28.609564,25.284382,25.245405,22.147408,22.265032,18.733084,20.328903,16.743551,16.847078,17.619068,16.749044,19.526958,19.639355,17.708595,16.703955,14.33125,11.788123,14.3712225,16.576351,17.397713,21.009373,22.109386,25.43096,28.46101,30.601717,32.334423,30.155918,33.696983,29.798338,34.31889,33.117706,37.727776
2,7.2394295,4.782025,0.0,5.162291,6.4960895,8.223896,11.590368,14.427904,18.037823,20.21045,24.355524,23.214268,19.043167,18.699322,13.593696,15.255702,10.666956,12.615288,12.230031,13.581351,16.904854,15.988701,21.197502,22.9203,24.316626,25.314121,25.024113,26.154644,21.516449,24.333729,23.015121,25.868666,29.421917,28.980587,32.61648,33.186783,36.918198,37.51398,34.129505,30.998232,34.199345,31.017622,29.653406,29.742802,27.69879,28.273825,24.813414,27.60419,24.918695,27.266228,26.85481,28.12439,30.54236,28.822813,23.65705,24.322035,21.61991,24.387964,22.327326,24.027569,21.922037,28.348742,27.6004,30.49648,33.917717,32.7869,36.407497,35.882782,38.623837,37.081917,32.267563,33.723354,29.648819,32.727676,29.44637,27.12047,28.828527,28.040821,28.615435,30.999407,28.166162,24.9766,23.867998,21.12757,21.038214,18.422773,19.084114,16.307222,15.738716,17.156126,16.1105,19.037313,20.069315,17.729933,15.974054,13.134683,10.55621,11.476501,13.429529,13.356799,17.352758,17.820393,21.306381,24.00865,25.932953,27.91944,25.908827,29.634537,26.219976,30.758215,29.98012,34.60653
3,10.242604,6.5385714,5.162291,0.0,3.8118286,6.069481,8.764632,12.733156,15.0920925,18.22683,21.531565,21.289278,17.447178,16.131573,11.190322,11.400833,6.232228,7.9221616,7.1824975,9.28954,12.705221,12.908373,17.763475,19.200808,21.576393,22.083162,22.495367,22.865932,18.172665,20.28846,19.332281,21.347021,25.409187,24.458754,28.401516,29.035791,32.52566,33.13067,29.504652,26.265448,29.905306,26.66878,25.765633,25.99662,24.411907,25.29508,22.31935,25.554113,23.370281,26.236595,26.054043,28.105715,30.632732,29.706497,24.49308,25.499697,21.879423,24.74285,22.928745,23.574677,20.731613,26.945555,25.435154,28.011223,30.840689,29.517513,32.997433,32.21079,34.563927,33.031498,28.179405,29.204773,25.016905,27.833345,24.386078,22.03985,23.667896,22.922373,23.59694,26.090809,23.467432,20.081589,19.31989,16.285135,16.156534,13.279592,14.421952,12.017446,12.441833,14.5211,14.694122,18.045979,19.28601,18.059713,16.021109,13.551649,9.948685,11.622115,12.2847395,13.180116,15.59496,17.508383,19.839935,23.440767,25.974667,26.980007,24.596777,27.736198,23.525322,27.991312,26.621977,31.229374
4,12.78369,9.515119,6.4960895,3.8118286,0.0,5.345189,5.5949287,10.5194435,12.711545,15.638357,19.504152,19.452143,15.924858,15.014655,10.183121,10.259061,6.366649,6.6900783,8.593156,9.172516,13.298439,14.093355,18.406422,19.0027,20.972612,20.950626,20.485495,20.854162,15.498158,18.106306,16.563698,19.511839,23.101591,22.990704,26.460566,27.383148,31.009779,31.335289,28.000898,24.827375,27.759315,24.601917,23.168795,23.504976,21.409845,22.451189,19.344767,22.678265,20.632626,23.399462,23.679138,25.415474,28.35469,27.279318,22.188065,22.830053,18.884348,21.486225,19.44625,19.974169,17.201406,23.429686,21.966555,24.78066,27.722624,26.721209,30.229298,29.79008,32.38733,31.161196,26.523449,28.044722,23.82378,27.482784,23.866941,22.147913,23.974758,22.995821,23.990944,26.22301,23.838995,20.47506,18.816412,15.996896,15.191621,13.382983,12.965669,11.125239,10.631492,13.183608,13.259338,16.620415,18.598026,17.260757,14.678149,12.100348,8.587571,8.832395,8.837466,9.481596,11.857031,13.740651,16.205381,19.77891,22.544735,23.444063,21.012913,24.46561,20.32916,24.883211,23.895792,28.474152
5,14.902409,11.43049,8.223896,6.069481,5.345189,0.0,6.0673914,7.0166936,10.366774,12.827939,16.311966,15.427016,11.4339285,10.5718355,5.46483,7.4836736,4.7362347,7.953901,10.315758,12.93528,16.796743,18.184862,22.44436,23.03149,25.71786,25.32862,25.027378,24.758032,18.661686,20.552599,18.21581,20.53117,22.554956,21.86497,25.37054,25.483896,29.430706,30.36044,27.288916,24.677433,27.900877,25.841301,24.318876,25.89523,23.380232,25.596672,22.929373,26.672617,25.079098,27.830349,28.549253,30.019918,33.26542,31.927671,26.957592,27.132376,23.151474,25.261763,22.496405,23.089434,20.531008,26.487278,24.471022,27.599281,29.587206,29.360731,32.55591,32.40781,34.51819,33.88309,29.485256,30.507116,25.992273,29.343803,24.764927,23.36623,24.167164,22.479506,22.784266,24.555271,21.555801,18.826653,16.576525,14.5765295,15.092541,13.750215,14.677389,14.668486,15.036528,18.084192,18.528875,21.911299,23.920452,22.545582,19.969261,17.298063,13.910314,13.486472,12.883679,12.114467,13.813646,15.07458,16.29698,19.70672,21.598364,22.695715,20.638685,23.199402,19.811884,24.091587,22.906614,27.593487
6,18.305632,14.963354,11.590368,8.764632,5.5949287,6.0673914,0.0,6.683217,7.485329,10.583585,14.444972,15.017288,12.300463,11.4202,7.6958933,6.8898716,6.5660105,5.661084,10.674921,11.016083,15.237977,17.451805,20.697508,20.13992,22.480143,21.315088,20.256813,19.71029,13.064463,15.313213,12.522077,15.929949,18.099968,18.643562,21.579025,22.539404,26.362265,26.611597,23.715628,20.9214,23.222054,20.84146,18.855375,20.268414,17.44564,19.73912,17.17762,21.102896,19.957716,22.771185,24.045473,25.592121,29.176256,28.224007,23.535728,23.614477,18.94984,20.806175,18.2595,17.94086,15.037671,20.71604,18.44522,21.56136,23.612125,23.468328,26.688175,26.764845,29.133621,28.714947,24.58159,26.179977,21.760883,26.136889,21.723734,21.08912,22.504063,20.883093,21.988302,23.631096,21.471184,18.461025,15.490649,13.379929,12.238933,12.337745,10.684118,11.482955,11.05062,14.605866,15.467203,18.725779,21.485125,20.611454,17.56338,15.284748,12.092497,10.664775,8.4200115,8.18301,8.09384,10.684038,11.389173,15.518594,18.53899,18.644897,16.086113,19.057728,14.845031,19.358974,18.428734,23.03182
7,21.521976,18.262646,14.427904,12.733156,10.5194435,7.0166936,6.683217,0.0,5.354367,5.98475,10.387331,9.132085,5.8625765,6.473358,4.201896,6.906914,9.298592,10.848208,15.393261,17.187347,21.211826,23.516523,26.958239,26.483002,29.118979,27.756134,26.523798,25.643343,18.532038,20.192968,16.407032,19.349445,18.728224,19.128187,21.525732,21.400349,25.758617,26.692602,24.537485,22.7231,24.776443,24.043371,21.649763,24.546946,21.001537,24.530092,22.38048,26.420029,25.636595,28.128517,29.866394,30.74239,34.681625,33.14423,28.696438,28.057987,23.706652,24.832853,21.341543,21.487246,19.368292,24.469475,21.953928,25.52748,26.531157,27.600048,30.365633,31.031475,32.959923,33.3675,29.70721,30.975317,26.408958,30.591532,25.253416,25.156391,25.461191,22.99783,23.305872,24.14069,21.349257,19.402431,15.279782,14.739367,15.105474,16.034758,15.580719,17.723146,17.679096,21.285164,21.985207,25.166124,27.957693,26.671461,23.627037,21.085457,18.13851,16.02317,14.007953,11.879426,11.755821,12.286532,11.436609,14.545994,15.92379,16.635715,14.930191,16.762564,14.474491,18.395044,17.746256,22.329859
8,24.901081,21.36709,18.037823,15.0920925,12.711545,10.366774,7.485329,5.354367,0.0,4.655458,6.979348,8.591262,7.7238197,6.5519657,6.9408727,5.63933,10.249929,10.098146,15.352712,16.627237,20.262472,23.486792,25.958344,24.739885,27.81301,25.726585,24.689789,22.957878,15.773119,16.476484,12.434679,14.739276,13.400214,13.998289,16.212374,16.373186,20.649513,21.392366,19.295555,17.624523,19.486126,19.18792,16.87341,20.451103,17.048925,21.333712,20.00275,24.35048,24.341688,27.080402,29.204416,30.566774,34.589237,33.74408,29.522066,29.089209,24.143581,25.125011,22.07384,21.010149,18.382002,22.646416,19.24867,22.444906,22.449963,23.735722,26.157026,26.851599,28.34605,29.156084,25.872875,26.906689,22.370155,26.732647,21.104933,21.773779,21.898756,19.215738,19.838215,20.348097,18.184258,16.333792,11.552074,11.472937,11.292676,13.685913,12.477859,16.226784,16.64791,20.580793,22.116255,25.235186,28.253366,27.755066,24.597967,22.506199,19.437975,17.573622,14.550824,13.407661,10.859284,13.071215,10.090507,14.267406,16.589302,15.498611,13.276,13.992592,10.409446,14.1885605,12.809069,17.467182
9,27.355295,24.071674,20.21045,18.22683,15.638357,12.827939,10.583585,5.98475,4.655458,0.0,5.9420204,5.7424974,6.1346393,7.370002,8.978355,9.747596,14.029109,14.391283,19.621382,20.819267,24.647264,27.614155,30.267817,28.985012,31.650318,29.517197,27.810225,26.297846,18.932219,20.010714,15.411097,18.383436,15.264234,16.781466,17.880844,17.660362,22.168575,22.977278,21.75656,20.758276,21.599384,22.157969,19.195469,23.210173,19.094416,23.694443,22.318214,26.462433,26.532063,28.838274,31.32278,31.964006,36.28274,34.909523,30.98851,29.943811,25.306072,25.677435,22.037422,21.3842,19.548506,23.382555,20.28531,23.898672,23.69945,25.863867,28.069498,29.364136,30.954609,32.267197,29.382948,30.716183,26.311474,30.96506,25.262434,26.26057,26.205912,23.307257,23.720348,23.764471,21.514835,20.247253,15.0507,15.71916,15.747314,18.325857,16.885801,20.476498,20.34998,24.155252,25.230616,28.17555,31.400885,30.460514,27.207586,24.967535,22.290955,19.587631,16.683846,14.41373,12.231069,12.701651,9.084242,11.9129715,13.074087,12.405442,10.975933,11.276512,10.031514,13.224142,13.004171,17.303175
10,31.193048,27.626823,24.355524,21.531565,19.504152,16.311966,14.444972,10.387331,6.979348,5.9420204,0.0,5.0616655,8.040324,7.407627,11.433411,10.803469,16.138056,16.464848,21.263857,23.010744,26.244919,29.856728,31.936563,30.43523,33.873203,31.332998,30.34468,27.99597,20.991547,20.7009,16.44691,17.446812,12.657939,13.078969,13.909185,12.645715,17.23381,18.694067,17.857712,17.75865,18.939814,20.858301,18.551624,23.555405,20.051744,25.378967,24.91817,29.27558,29.932524,32.51185,35.099724,36.262848,40.509228,39.668114,35.77458,35.000942,30.05232,30.471596,27.164225,25.811098,23.589977,26.69679,22.821175,25.848522,24.19173,26.620188,28.209911,29.401474,30.05716,31.87413,29.424545,29.93922,25.59858,29.595755,23.354597,24.96142,23.959158,20.576899,20.562162,19.819836,17.78979,17.493889,11.862339,13.954848,14.783412,18.139187,17.55471,22.325521,23.113314,27.094019,28.875292,31.906416,35.01971,34.65733,31.462236,29.420622,26.410091,24.358414,21.181787,19.650003,16.55509,18.056133,13.4594755,16.485023,17.566607,15.625498,14.34027,12.136619,10.75035,12.415834,10.756958,14.660877
11,30.105347,26.775114,23.214268,21.289278,19.452143,15.427016,15.017288,9.132085,8.591262,5.7424974,5.0616655,0.0,4.5348344,6.269886,10.349663,11.926159,16.535345,17.97444,22.498491,24.738415,28.31234,31.379557,34.18404,33.18411,36.388855,34.294147,33.088768,31.289526,24.04181,24.474077,20.111044,21.803814,17.620455,17.911356,18.95097,17.411623,21.97386,23.650717,22.833336,22.61827,23.951185,25.55605,23.054462,27.691439,23.87122,28.847517,27.779398,32.014996,32.171234,34.553936,36.98597,37.68624,41.97858,40.531734,36.528114,35.464478,30.946943,31.318047,27.528866,27.055952,25.287989,28.951754,25.658264,29.1173,28.154816,30.593826,32.448826,33.72312,34.723755,36.33078,33.59351,34.299606,29.835138,33.769955,27.572763,28.63255,27.655321,24.319727,23.94741,23.38922,20.685944,20.441624,15.177845,16.950954,18.28463,20.744387,20.69583,24.648935,25.156092,29.042418,30.277357,33.379707,36.398544,35.43981,32.284958,29.90667,26.99024,24.65814,22.042347,19.720629,17.936497,18.177439,14.568727,16.60761,16.439259,16.025188,15.4178,13.96251,14.111709,16.027697,15.30046,19.061281
12,25.823837,22.573011,19.043167,17.447178,15.924858,11.4339285,12.300463,5.8625765,7.7238197,6.1346393,8.040324,4.5348344,0.0,3.9761178,6.519103,9.576055,13.202158,15.423077,19.506107,22.113434,25.826344,28.431736,31.762808,31.27664,34.393375,32.796307,31.792145,30.441217,23.247784,24.159206,20.135414,22.096786,19.604137,19.413212,21.394327,20.175903,24.694893,26.315722,24.763702,23.847603,25.92042,26.517471,24.219042,28.131037,24.505331,28.842718,27.216103,31.397991,31.000004,33.46357,35.45598,36.22878,40.309414,38.696117,34.385532,33.518814,29.211363,29.999514,26.23096,26.292877,24.402184,28.90097,25.991096,29.549095,29.49276,31.257341,33.559338,34.47201,35.81863,36.809757,33.52538,34.2963,29.690517,33.44403,27.486198,27.806845,27.147144,24.109035,23.71897,23.792246,20.656782,19.82188,15.191983,16.065868,17.569387,19.013744,19.497898,22.562683,23.05171,26.797722,27.74444,30.960009,33.719696,32.493576,29.47729,26.91487,23.905886,21.86172,19.78573,17.444447,16.784266,16.913864,14.71786,17.053783,17.130047,17.703089,16.759357,16.787643,15.990794,18.851791,18.021894,22.235363
13,25.178347,21.639408,18.699322,16.131573,15.014655,10.5718355,11.4202,6.473358,6.5519657,7.370002,7.407627,6.269886,3.9761178,0.0,5.1145363,6.665741,10.919878,13.131425,16.882841,19.886642,23.249424,26.19303,29.257229,28.80209,32.416622,30.761093,30.400806,28.696877,21.783531,22.091759,18.55929,19.520477,17.711063,16.525562,19.213781,17.91855,22.267023,24.054108,22.019215,20.928192,23.793991,24.224745,22.523102,26.40256,23.36777,27.693823,26.342852,30.685707,30.407995,33.197617,35.009903,36.365665,40.25297,39.12596,34.643993,34.223423,29.614231,30.758827,27.406311,26.993225,24.55035,29.088985,25.791256,28.977085,28.664711,29.989267,32.249725,32.769573,33.796825,34.59819,31.193138,31.51165,26.8655,30.139431,24.082956,24.284206,23.37679,20.313025,19.805172,19.986336,16.775682,15.872266,11.426001,12.310561,14.297183,15.633739,16.859776,20.266088,21.404053,25.24105,26.670639,30.009792,32.590096,31.82147,28.890867,26.48769,23.138226,21.81126,19.577852,18.066177,16.874466,18.178991,15.763212,19.022291,19.941826,19.755278,18.287104,18.044334,15.950319,18.883362,17.156391,21.490849
14,20.147562,16.636497,13.593696,11.190322,10.183121,5.46483,7.6958933,4.201896,6.9408727,8.978355,11.433411,10.349663,6.519103,5.1145363,0.0,4.8953996,6.785292,9.743074,13.189494,16.182365,19.835299,22.170223,25.790136,25.796331,29.043566,27.936977,27.590109,26.519434,19.813524,20.891586,17.805296,19.504053,19.666098,18.725286,21.931067,21.396301,25.580894,26.928701,24.308144,22.383265,25.496843,24.650629,22.991245,25.810095,22.946516,26.348288,24.343412,28.482302,27.596561,30.3933,31.737293,33.13472,36.767925,35.51801,30.795464,30.613089,26.247122,27.820953,24.657188,24.72079,22.194286,27.487278,24.749474,27.984123,28.801506,29.39505,32.147785,32.35509,33.931446,34.041687,30.11253,30.774984,26.111885,29.474993,24.026031,23.43213,23.33646,20.8908,20.777288,21.816029,18.613094,16.67928,13.275947,12.540726,13.896834,13.947155,15.129408,17.144142,17.98746,21.573475,22.600822,25.988863,28.34629,27.30262,24.502342,21.96492,18.582342,17.559196,15.925925,14.614463,14.66186,15.9583235,15.218716,18.671824,20.080257,20.609816,18.80331,20.08895,17.255507,21.024033,19.579016,24.195518
15,21.417181,17.643618,15.255702,11.400833,10.259061,7.4836736,6.8898716,6.906914,5.63933,9.747596,10.803469,11.926159,9.576055,6.665741,4.8953996,0.0,5.469204,6.6129174,10.667301,13.336926,16.62834,19.77463,22.61721,22.164246,25.897448,24.377016,24.525837,22.866905,16.42105,16.725933,14.10789,14.885191,15.960771,14.552237,18.241673,18.149088,22.010096,23.127468,20.072247,17.803688,21.360792,20.193216,19.043922,21.802547,19.539885,23.004068,21.502209,25.82029,25.345003,28.463255,29.845018,31.877758,35.39496,34.84819,30.173777,30.405506,25.561127,27.306292,24.71821,23.883907,20.759743,25.680452,22.412685,25.147472,25.562086,25.767635,28.408619,28.295595,29.58411,29.608541,25.694468,26.060709,21.3807,24.658842,19.144356,18.735277,18.726479,16.336458,16.631226,17.870398,15.174148,12.725617,9.378883,8.024887,9.001747,9.540803,10.687189,13.668384,15.183549,18.999876,20.809416,24.21206,26.6089,26.332287,23.514227,21.391613,17.78243,17.344133,15.053774,14.913814,13.518635,16.363663,14.852948,19.210644,21.606989,20.979177,18.633411,19.570961,15.378232,19.130903,16.948093,21.548414
16,16.20159,12.370422,10.666956,6.232228,6.366649,4.7362347,6.5660105,9.298592,10.249929,14.029109,16.138056,16.535345,13.202158,10.919878,6.785292,5.469204,0.0,4.5732017,6.4335456,9.933599,13.319701,15.540942,19.262705,19.75736,23.260218,22.65029,23.262249,22.390486,16.77066,17.767136,16.218801,17.255636,20.337242,18.796484,22.874157,23.119312,26.67059,27.596804,24.066454,21.186426,25.143995,22.792696,22.015049,23.457977,21.743359,23.939886,21.778013,25.710257,24.456797,27.617254,28.225597,30.479513,33.50703,32.927216,27.924725,28.6288,24.205107,26.578188,24.389557,24.136053,20.940289,26.587238,24.019783,26.603168,28.142454,27.431593,30.502825,29.899498,31.603495,30.755394,26.248888,26.72305,22.183228,24.990564,20.418056,18.780956,19.527033,18.030647,18.449533,20.533983,17.77828,14.648957,13.218853,10.5462675,11.137238,9.124202,11.114265,11.503278,13.068065,16.3276,17.725996,21.232107,23.057041,22.570988,20.106195,17.878712,14.06352,14.759114,13.60898,14.157778,14.459315,17.184313,17.525953,21.721064,24.27107,24.39233,21.94647,23.93932,19.538605,23.68086,21.729998,26.340078
17,17.93458,14.274396,12.615288,7.9221616,6.6900783,7.953901,5.661084,10.848208,10.098146,14.391283,16.464848,17.97444,15.423077,13.131425,9.743074,6.6129174,4.5732017,0.0,5.7183747,6.8013854,10.477232,13.475398,16.352226,16.05761,19.505852,18.43848,18.964436,17.855446,12.337329,13.33034,12.237311,13.524918,17.780518,16.869541,20.781898,21.825243,25.070377,25.398617,21.731527,18.424326,22.02196,18.948687,18.245687,19.102547,17.71862,19.548895,17.531525,21.500633,20.494375,23.828535,24.55043,27.173466,30.188805,30.117905,25.275354,26.209059,21.405006,23.830824,22.170843,21.20628,17.621063,22.979948,20.272615,22.504211,24.206675,23.089237,26.242544,25.488136,27.365925,26.351591,21.811222,22.604052,18.12356,21.552124,17.370073,15.999011,17.570492,16.452082,17.70878,19.947016,18.043087,14.46053,13.02454,9.8081,8.556078,7.074877,6.923359,7.4237404,9.023203,12.627469,14.623123,18.066133,20.213602,20.325953,17.692078,15.909998,12.14847,12.92568,11.032615,12.668058,11.847334,15.675835,15.84038,20.466208,23.829233,23.23878,20.416775,22.656105,17.421354,21.642067,19.665855,24.12825
18,15.396201,11.830299,12.230031,7.1824975,8.593156,10.315758,10.674921,15.393261,15.352712,19.621382,21.263857,22.498491,19.506107,16.882841,13.189494,10.667301,6.4335456,5.7183747,0.0,5.359841,7.4154234,9.705189,13.253345,14.419894,18.39412,18.369656,20.340963,19.587564,15.855362,16.408676,16.78311,16.760872,22.256233,20.250101,24.758095,25.610125,28.402342,28.931208,24.77194,21.222332,25.758368,22.153791,22.405344,22.424366,22.097458,22.998081,20.97379,24.465248,23.013773,26.444609,26.27647,29.451395,31.735888,31.99713,26.946146,28.554354,24.230997,27.214088,26.08995,25.414265,21.771072,27.240088,24.861298,26.592285,28.580828,26.631334,29.817858,28.376747,30.04194,28.230825,23.289686,23.40516,19.25569,21.136543,17.886538,15.070839,16.812258,16.599745,17.586048,20.5227,18.547976,14.688809,15.368642,11.602009,11.217826,7.079135,9.804765,7.7186575,10.5119705,12.875584,14.901933,18.274014,19.31009,19.766321,17.89122,16.36126,12.494608,15.181505,14.56982,16.796785,16.974262,20.605099,21.445732,25.947748,29.201986,28.897892,26.094997,28.338936,23.016224,27.118364,24.80501,29.135473
19,16.562534,13.563944,13.581351,9.28954,9.172516,12.93528,11.016083,17.187347,16.627237,20.819267,23.010744,24.738415,22.113434,19.886642,16.182365,13.336926,9.933599,6.8013854,5.359841,0.0,4.348172,6.972649,9.785547,10.155813,13.42227,13.355563,15.087562,14.774757,11.9488735,13.189145,14.395551,15.297897,21.84714,20.977457,24.95649,26.651018,29.209806,29.012096,24.927773,21.014412,24.672611,20.105188,20.229496,19.002153,19.048605,18.810398,16.551762,19.6463,18.040895,21.51885,21.152735,24.659084,26.755888,27.459227,22.571785,24.517239,20.116451,23.277508,22.88806,21.817453,18.03049,23.269352,21.310228,22.636448,25.402884,22.819841,26.25211,24.651237,26.8804,24.625917,19.542753,20.484411,16.692879,19.50903,17.365335,14.825638,17.851894,18.199123,20.048649,22.985596,21.797972,17.747646,18.02322,14.183443,12.064257,9.047021,8.330938,3.3173823,5.5990415,7.5748415,10.0761385,13.336073,14.636178,15.660061,13.6986265,12.772878,9.2503195,12.343871,11.640488,14.976684,14.872611,18.947779,20.312153,24.777136,28.649899,28.05894,25.03998,27.913849,22.200588,26.383333,24.468237,28.562239
20,18.481874,15.838065,16.904854,12.705221,13.298439,16.796743,15.237977,21.211826,20.262472,24.647264,26.244919,28.31234,25.826344,23.249424,19.835299,16.62834,13.319701,10.477232,7.4154234,4.348172,0.0,4.81718,6.0402603,7.2102547,11.52712,11.945449,15.331714,14.803225,13.968021,14.242423,16.704905,16.294764,23.768383,22.313658,26.500063,28.305801,30.314133,30.027597,25.648844,21.567942,25.674625,20.678852,21.700275,19.801424,20.954924,20.096418,18.373705,21.032795,19.590443,23.130037,22.27113,26.404308,27.892698,29.279459,24.585182,27.040476,22.847723,26.166765,26.341238,24.971651,21.084682,25.78334,23.796505,24.436684,27.024065,23.757666,27.003239,24.779352,26.656574,23.782804,18.568987,18.860035,15.600306,17.173813,16.237272,12.897957,16.421253,17.663916,19.67836,22.946733,22.250586,18.127655,19.602383,15.611754,13.5329895,9.939477,10.131191,5.183769,8.1968355,8.654183,11.639956,14.291758,14.683226,16.699741,15.450371,15.217287,12.206856,15.981405,15.506217,19.128553,18.744928,23.046957,24.20029,28.76866,32.792873,31.909584,28.806702,31.41232,25.396978,29.318592,27.051102,30.866186
21,15.820901,14.009436,15.988701,12.908373,14.093355,18.184862,17.451805,23.516523,23.486792,27.614155,29.856728,31.379557,28.431736,26.19303,22.170223,19.77463,15.540942,13.475398,9.705189,6.972649,4.81718,0.0,5.491483,8.826328,11.182888,13.290372,16.468569,17.21402,17.07219,18.209522,20.53347,20.88522,28.236656,26.996817,31.146318,32.9133,35.06472,34.785076,30.444944,26.363155,30.281538,25.117083,25.885508,23.505404,24.508987,22.915884,20.61032,22.60219,20.394258,23.585564,21.922127,25.936094,26.815903,28.038795,23.25776,26.080503,22.669653,26.323988,26.808556,26.10772,22.583109,27.596882,26.38681,27.097345,30.486801,26.996075,30.441368,28.194504,30.465036,27.214901,21.982254,22.634668,19.84034,21.156658,20.895142,17.311094,20.809597,22.206818,23.993555,27.356976,26.385338,22.302225,23.843567,19.84541,18.07733,14.2360935,14.538867,8.892416,10.224717,9.106873,10.656881,12.875043,12.111728,13.892784,13.472114,13.461651,11.052606,15.739128,16.47969,20.115635,20.94933,24.606487,26.782171,30.974455,34.845028,34.561855,31.557676,34.738136,28.99045,33.13216,31.198011,35.12081
22,21.268408,19.483568,21.197502,17.763475,18.406422,22.44436,20.697508,26.958239,25.958344,30.267817,31.936563,34.18404,31.762808,29.257229,25.790136,22.61721,19.262705,16.352226,13.253345,9.785547,6.0402603,5.491483,0.0,4.5621266,7.7903953,9.832242,14.5709095,14.791158,16.765192,16.986502,20.503868,19.95631,28.08058,26.880663,30.80239,33.00853,34.518757,33.82028,29.420284,25.226776,28.954025,23.29781,24.794552,21.5627,23.707823,21.418467,19.912045,21.454021,19.849962,23.114824,21.359415,26.081831,26.551172,28.783375,24.541973,27.685802,24.113249,27.634089,28.77282,27.260447,23.54504,27.570387,26.194113,26.029459,29.134233,24.955332,28.11723,25.307175,27.30271,23.49591,18.37678,18.731537,16.807266,17.479122,18.773333,15.240183,19.406544,21.537098,23.823313,27.200966,27.083857,23.024782,25.025229,21.082823,18.697298,15.4384985,14.9796,9.91284,11.514682,9.7701435,12.319485,13.658817,12.738966,15.975198,15.790471,16.630424,14.788129,19.060102,19.132034,23.195663,22.961172,27.19981,28.78,33.156143,37.443832,36.46099,33.293964,36.170593,30.004198,33.767414,31.623737,35.074146
23,24.17706,22.0664,22.9203,19.200808,19.0027,23.03149,20.13992,26.483002,24.739885,28.985012,30.43523,33.18411,31.27664,28.80209,25.796331,22.164246,19.75736,16.05761,14.419894,10.155813,7.2102547,8.826328,4.5621266,0.0,5.856434,5.883005,11.146761,10.576415,13.508426,13.296797,17.370426,16.7762,25.083845,24.462421,27.92002,30.546091,31.82478,30.714163,26.50327,22.291603,25.38884,19.455927,21.040176,17.33516,19.938347,17.374336,16.407463,17.936018,16.989973,20.395367,19.166878,24.106535,24.886747,27.516449,23.61984,26.585964,22.56393,25.766493,27.1016,24.904924,21.058416,24.358686,22.73541,22.133284,25.017328,20.62229,23.684448,20.780104,22.84359,19.008036,13.884132,14.689106,12.964026,14.637246,16.249308,13.586893,18.163826,20.222246,22.973547,26.073452,26.452143,22.455236,23.938961,20.210884,17.09014,14.941369,12.95786,8.76581,10.050169,8.562271,11.954511,13.088468,13.203092,16.796818,16.06169,17.112928,15.4083,18.836245,18.093468,22.303368,21.096224,25.704908,26.731592,31.15358,35.720627,34.19116,30.951561,33.646305,27.321526,30.808338,28.732656,31.849258
24,25.074413,23.647833,24.316626,21.576393,20.972612,25.71786,22.480143,29.118979,27.81301,31.650318,33.873203,36.388855,34.393375,32.416622,29.043566,25.897448,23.260218,19.505852,18.39412,13.42227,11.52712,11.182888,7.7903953,5.856434,0.0,4.496562,8.438315,10.204556,14.721675,15.843394,19.656885,20.550764,28.483807,28.863008,31.788956,34.747578,36.15007,34.662025,30.797033,26.641571,28.700512,22.520584,23.431341,18.76413,21.145525,17.133383,15.599816,15.696651,14.078659,16.902163,14.762126,19.915962,19.907366,23.025316,19.629904,23.034657,19.782919,23.066105,25.28251,23.277529,19.96292,22.812029,22.36527,21.464863,25.57757,20.819162,24.089933,21.35395,24.296808,20.145939,15.503444,17.68458,16.79658,19.275013,21.388872,19.230452,23.866375,25.792782,28.624084,31.611221,31.930931,27.911674,28.821266,25.150267,21.747646,19.965084,16.991192,12.290853,11.486766,8.238132,10.1311035,9.628856,9.199906,13.480035,13.402818,15.38186,15.066629,18.285095,18.183956,22.54168,21.938618,25.971115,27.899353,31.757668,36.426846,35.17763,32.02257,35.447002,29.421232,32.977352,31.581245,34.551075
25,27.218407,25.28257,25.314121,22.083162,20.950626,25.32862,21.315088,27.756134,25.726585,29.517197,31.332998,34.294147,32.796307,30.761093,27.936977,24.377016,22.65029,18.43848,18.369656,13.355563,11.945449,13.290372,9.832242,5.883005,4.496562,0.0,5.9808555,6.035784,11.519697,12.014678,16.21894,16.915216,24.775274,25.52597,28.06248,31.268053,32.470215,30.726513,27.054777,22.984901,24.555891,18.308844,19.299503,14.398144,17.202394,13.213206,12.437096,12.933388,12.389336,15.563791,14.52727,19.681894,20.430178,23.63853,20.461624,23.375237,19.402605,22.234026,24.275076,21.525316,17.958454,20.129757,19.073326,17.807224,21.408669,16.546833,19.72203,16.926443,19.85427,15.87091,11.172032,13.846662,12.977508,16.431234,18.373426,17.061106,21.699362,23.419771,26.496658,29.186752,29.859901,25.994116,26.506638,23.1211,19.311373,18.46648,14.577756,11.20502,10.508781,8.42431,11.300314,11.293578,12.30479,16.138184,15.213141,16.858223,16.14157,18.481627,17.388374,21.671238,19.968212,24.420776,25.519499,29.519396,34.364784,32.5374,29.327173,32.353283,26.194622,29.436174,27.986958,30.660324
26,27.76271,25.95975,25.024113,22.495367,20.485495,25.027378,20.256813,26.523798,24.689789,27.810225,30.34468,33.088768,31.792145,30.400806,27.590109,24.525837,23.262249,18.964436,20.340963,15.087562,15.331714,16.468569,14.5709095,11.146761,8.438315,5.9808555,0.0,4.7005153,9.446629,11.786252,14.716912,17.550121,24.146286,26.245058,28.013414,31.441402,33.046032,31.02721,27.966444,24.172365,24.41256,18.499651,18.089783,13.030719,14.546357,9.591321,7.790569,7.274997,6.484878,9.658311,9.345309,14.217877,15.685337,18.682327,15.908855,18.382511,14.289029,16.719633,19.149979,16.150307,12.99195,14.626934,14.48402,13.350531,18.270685,13.811352,17.416178,15.649018,19.668222,16.5605,12.708521,16.81348,15.685298,20.679756,21.56738,21.101011,25.43407,26.44313,29.505537,31.830854,32.259468,28.50502,27.83765,24.784018,20.717756,20.76034,15.650729,12.888257,10.316332,8.4617815,9.994325,9.3164215,11.85889,14.73975,13.209889,14.932609,15.070636,15.917251,14.580014,18.588957,16.831823,20.708128,22.227224,25.59755,30.50525,28.777596,25.712442,29.339586,23.706783,26.952772,26.38261,28.940327
27,29.481297,27.165174,26.154644,22.865932,20.854162,24.758032,19.71029,25.643343,22.957878,26.297846,27.99597,31.289526,30.441217,28.696877,26.519434,22.866905,22.390486,17.855446,19.587564,14.774757,14.803225,17.21402,14.791158,10.576415,10.204556,6.035784,4.7005153,0.0,7.395454,7.96322,11.814267,13.553755,20.44092,22.38245,24.036768,27.597567,28.85269,26.71974,23.63119,19.867428,20.098612,14.019758,14.186161,8.909024,11.528394,7.2166643,7.321305,8.48025,9.573067,12.8864355,13.619463,18.108557,20.010595,22.892591,20.106232,22.151207,17.489252,19.511894,21.270523,17.669556,14.053172,15.165877,13.515949,11.941764,15.407459,10.673145,14.101176,11.905144,15.484871,12.516036,8.3503685,12.498333,11.245562,16.736757,17.467993,17.648567,21.835714,22.793924,26.007154,28.116987,28.952517,25.390581,24.768234,21.96342,17.707336,18.425117,13.064786,11.873528,10.488263,10.092668,12.884426,13.193291,15.684353,18.60947,16.77455,17.972313,17.191677,17.93868,15.719289,19.549889,16.582418,21.156792,21.395443,25.24541,30.24305,27.827293,24.645596,27.446596,21.417728,24.297304,23.226744,25.537392
28,26.292822,23.498154,21.516449,18.172665,15.498158,18.661686,13.064463,18.532038,15.773119,18.932219,20.991547,24.04181,23.247784,21.783531,19.813524,16.42105,16.77066,12.337329,15.855362,11.9488735,13.968021,17.07219,16.765192,13.508426,14.721675,11.519697,9.446629,7.395454,0.0,4.803107,5.476198,9.857615,15.362971,17.752441,19.492985,22.6361,24.848558,23.246191,20.330606,16.78105,17.162704,12.236993,10.69493,8.501916,7.6507583,7.2707343,5.776589,10.005565,10.653075,14.105924,15.956389,19.05198,22.283495,23.549536,20.007418,21.024712,15.584297,17.306984,17.41247,14.062728,9.928916,12.907184,9.991521,10.820922,13.698638,11.39783,15.034697,14.431789,17.62799,16.549976,12.677113,15.843765,12.573222,18.709227,16.655354,17.210789,20.451385,20.199991,22.988726,24.754663,24.83073,21.430613,19.523079,17.05716,12.9253645,14.517102,8.385989,9.145964,7.4341693,9.75995,12.336718,14.134264,17.491138,18.931137,16.118532,16.04076,14.351263,13.779715,10.43011,13.570059,9.704404,14.725548,14.36757,18.643589,23.521402,21.240719,17.985146,20.852543,14.787132,18.316027,17.371973,20.503286
29,28.980848,25.901695,24.333729,20.28846,18.106306,20.552599,15.313213,20.192968,16.476484,20.010714,20.7009,24.474077,24.159206,22.091759,20.891586,16.725933,17.767136,13.33034,16.408676,13.189145,14.242423,18.209522,16.986502,13.296797,15.843394,12.014678,11.786252,7.96322,4.803107,0.0,5.099404,5.832434,12.808806,14.518331,16.387905,19.748125,21.327194,19.584997,16.353191,12.607182,13.463267,7.9624286,7.9224854,6.0185475,7.3505497,8.291593,9.179235,13.009828,14.500475,17.930462,19.701641,23.215736,26.15631,27.92279,24.535212,25.719103,20.316603,21.919285,22.005188,18.392921,14.381983,16.264498,12.486888,12.344337,13.069045,10.512123,13.441874,12.185284,14.308385,13.41017,9.561914,11.827353,8.187699,14.556366,12.314268,13.647494,16.726753,16.599247,19.653545,21.265352,22.00328,18.79436,17.36891,15.12824,10.756061,13.077659,7.201282,9.963856,10.218292,12.586183,15.932536,17.76209,20.632141,22.670794,20.112638,20.117992,18.011105,18.070704,14.728648,17.651648,13.306507,18.514442,16.893913,21.473972,26.2313,23.276688,20.02446,21.645445,15.16533,17.9877,16.076931,18.800985
30,28.6361,25.420954,23.015121,19.332281,16.563698,18.21581,12.522077,16.407032,12.434679,15.411097,16.44691,20.111044,20.135414,18.55929,17.805296,14.10789,16.218801,12.237311,16.78311,14.395551,16.704905,20.53347,20.503868,17.370426,19.656885,16.21894,14.716912,11.814267,5.476198,5.099404,0.0,6.540848,9.996159,12.995933,14.274398,17.379368,19.816788,18.346071,15.786011,12.733166,12.733385,9.258691,6.7518945,8.141866,5.644418,9.452345,9.585122,14.010858,15.404739,18.484432,20.946075,23.456766,27.105524,27.977385,24.53879,24.939964,19.388952,20.4408,19.542868,16.10523,12.371793,14.630914,10.315393,11.748681,12.036509,11.671498,14.4665365,14.648417,16.82451,17.200518,14.179252,16.424086,12.61925,18.78031,15.13195,16.797882,18.94192,17.789959,20.345089,21.434958,21.568113,18.736694,15.836333,14.292922,10.337877,13.641888,7.8121257,11.730435,11.363803,14.560484,17.186829,19.346563,22.696806,23.826702,20.82801,20.21915,18.008968,16.834534,12.938159,14.759219,9.613103,14.62982,12.077988,16.742357,21.374155,18.314112,15.072642,16.666216,10.205785,13.473606,12.0059395,15.307862
31,30.916418,27.442152,25.868666,21.347021,19.511839,20.53117,15.929949,19.349445,14.739276,18.383436,17.446812,21.803814,22.096786,19.520477,19.504053,14.885191,17.255636,13.524918,16.760872,15.297897,16.294764,20.88522,19.95631,16.7762,20.550764,16.915216,17.550121,13.553755,9.857615,5.832434,6.540848,0.0,8.499365,8.848772,11.253748,14.367065,15.796436,14.482593,10.8232155,6.986638,9.430859,5.6191688,6.8372297,8.962425,9.727366,13.117747,14.501903,18.518002,20.16195,23.512455,25.461298,28.753319,31.887712,33.38599,29.830616,30.744215,25.234608,26.628836,25.972292,22.531199,18.680912,20.52299,16.038153,16.283335,14.764145,13.7381115,15.514917,14.582871,14.947255,15.282016,12.340808,12.529888,8.272683,13.477127,8.954486,11.591019,13.16122,12.117568,15.012779,16.038391,17.093819,14.450973,12.751526,11.370074,7.402153,11.312988,7.1894827,12.482675,14.119829,17.148886,20.624285,22.905834,25.598866,27.456255,24.819633,24.3692,21.65537,21.67999,18.151539,20.294086,15.6063175,20.672686,17.660675,22.470924,26.73308,23.36327,20.290226,20.392242,13.94583,16.089014,12.958229,15.661783
32,35.544487,31.921461,29.421917,25.409187,23.101591,22.554956,18.099968,18.728224,13.400214,15.264234,12.657939,17.620455,19.604137,17.711063,19.666098,15.960771,20.337242,17.780518,22.256233,21.84714,23.768383,28.236656,28.08058,25.083845,28.483807,24.775274,24.146286,20.44092,15.362971,12.808806,9.996159,8.499365,0.0,6.1476116,4.547022,7.9395256,10.354567,9.151619,8.022711,7.6684556,6.3920474,9.148356,7.4920087,13.395544,11.523699,17.21159,18.817123,22.892094,24.99288,27.766,30.62791,32.83439,36.684597,37.442863,34.218678,34.169064,28.67349,29.094597,27.43359,24.058516,21.072311,22.006365,17.073843,18.188581,14.498714,16.574364,17.203768,18.12783,17.852016,20.35894,19.103165,19.442287,15.963545,20.612291,15.263735,18.693876,18.501835,15.979528,17.727526,17.032885,17.8104,16.82215,12.778183,13.890277,11.800517,16.769136,13.711382,19.514246,20.507523,23.995813,26.866251,29.236067,32.42581,33.5594,30.533302,29.600475,26.94322,25.627098,21.681356,22.242617,16.959288,20.80947,15.790375,19.818823,23.21312,18.981586,16.553852,14.390527,9.22982,9.366447,5.276753,7.6808867
33,34.5936,30.803202,28.980587,24.458754,22.990704,21.86497,18.643562,19.128187,13.998289,16.781466,13.078969,17.911356,19.413212,16.525562,18.725286,14.552237,18.796484,16.869541,20.250101,20.977457,22.313658,26.996817,26.880663,24.462421,28.863008,25.52597,26.245058,22.38245,17.752441,14.518331,12.995933,8.848772,6.1476116,0.0,5.174105,6.1764555,8.277395,8.947546,5.599705,5.075422,9.007292,11.124773,11.773929,16.629286,16.049017,20.984112,22.339912,26.565966,28.222403,31.403057,33.673183,36.44037,39.96871,40.879654,37.1613,37.55328,32.027588,33.046295,31.383919,28.381838,24.97949,26.856894,22.02938,22.998987,19.797037,20.73371,21.492863,21.4087,20.4246,22.16966,20.314913,19.242496,15.455016,18.313421,12.031685,15.223388,13.764094,10.664338,11.898315,10.905548,11.897353,11.369706,8.084418,9.852128,9.146805,13.792693,13.044006,19.02991,21.200705,24.754963,27.992296,30.697315,33.385014,34.72581,31.917316,30.866879,27.691832,27.292915,23.7169,24.589252,20.001905,24.149858,19.701235,24.133278,27.233028,23.65179,21.240738,19.095898,14.134905,14.823143,10.428864,12.784055
34,38.616653,34.881615,32.61648,28.401516,26.460566,25.37054,21.579025,21.525732,16.212374,17.880844,13.909185,18.95097,21.394327,19.213781,21.931067,18.241673,22.874157,20.781898,24.758095,24.95649,26.500063,31.146318,30.80239,27.92002,31.788956,28.06248,28.013414,24.036768,19.492985,16.387905,14.274398,11.253748,4.547022,5.174105,0.0,4.258144,5.8157306,5.2008457,5.0413013,7.0862737,6.5037274,11.277825,11.023972,16.759983,15.6784115,21.180525,23.099459,27.088535,29.300364,32.12565,34.91641,37.2822,41.047684,41.936363,38.68076,38.69807,33.193398,33.64105,31.931026,28.587023,25.617065,26.392385,21.429752,22.237219,17.846407,19.954237,19.954569,20.682373,19.381401,22.248116,21.48176,20.884872,17.742765,21.231287,15.6282,19.461746,18.252625,15.413479,16.658718,15.10475,16.425226,16.4343,12.761499,14.825158,13.724255,18.597225,16.74648,22.731762,24.263855,27.749887,30.826052,33.272835,36.285694,37.57916,34.627285,33.669037,30.816607,29.771412,25.908726,26.4193,21.302645,25.024694,19.824154,23.636274,26.560307,22.266191,20.191504,17.04041,12.979184,12.054627,7.776006,8.438566
35,39.243946,35.434982,33.186783,29.035791,27.383148,25.483896,22.539404,21.400349,16.373186,17.660362,12.645715,17.411623,20.175903,17.91855,21.396301,18.149088,23.119312,21.825243,25.610125,26.651018,28.305801,32.9133,33.00853,30.546091,34.747578,31.268053,31.441402,27.597567,22.6361,19.748125,17.379368,14.367065,7.9395256,6.1764555,4.258144,0.0,4.588553,6.7916083,7.132313,9.744834,10.643844,15.256577,15.064248,20.780941,19.451548,25.035496,26.60485,30.754662,32.69714,35.578655,38.290436,40.553516,44.401245,45.00468,41.520847,41.437016,35.969654,36.468437,34.365383,31.412642,28.516743,29.777102,24.888845,26.079529,21.876417,24.10722,24.19823,24.9059,23.51097,26.261812,25.270311,24.305773,20.971848,23.734303,17.672304,21.125513,19.081188,15.733514,16.082716,13.867175,14.702517,15.658982,11.717722,14.746571,14.900782,19.467752,18.804976,24.82148,26.643091,30.318531,33.318962,36.005894,38.929478,39.99027,37.0159,35.78959,32.702305,31.679335,27.96337,28.082787,23.367773,26.711126,21.421593,25.055492,27.345806,23.407228,21.670755,17.949657,14.859873,13.858199,9.707431,10.544614
