,0,1,2,3,4,5,6,7,8,9,10,11,12,13,14,15,16,17,18,19,20,21,22,23,24,25,26,27,28,29,30,31,32,33,34,35,36,37,38,39,40,41,42,43,44,45,46,47,48,49,50,51,52,53,54,55,56,57,58,59,60,61,62,63,64,65,66,67,68,69,70,71,72,73,74,75,76,77,78,79,80,81,82,83,84,85,86,87,88,89,90,91,92,93,94,95,96,97,98,99,100,101,102,103,104,105,106,107,108,109,110
0,0.0,4.0148134,6.3138647,9.930644,13.561313,16.666185,18.28959,22.070175,25.19118,26.04762,30.20893,31.082018,34.30158,36.48044,30.429153,35.51502,34.02687,36.591583,35.9845,38.96369,42.705368,41.864613,46.516155,47.27216,44.820263,45.773193,41.341793,43.777958,40.701553,44.68889,38.526295,44.935432,41.65065,42.85533,39.47608,35.37431,34.03386,37.76555,35.44206,31.8723,32.50719,36.06063,32.721626,28.913351,32.53482,34.528557,29.780405,27.88731,31.974129,32.645752,36.626938,34.14297,38.71386,40.282475,40.99777,42.25758,39.12791,42.87929,45.922386,42.469357,41.502472,47.24601,49.15427,48.578506,45.60864,45.98165,51.63353,51.582066,47.898468,52.826714,49.177513,49.791534,43.91278,45.767323,41.16882,42.908916,39.3622,35.6279,34.509754,30.350382,27.253145,24.37503,22.082462,24.95677,27.372839,28.936916,31.350233,35.678566,36.849903,40.758636,42.543247,48.262394,44.93584,43.63786,45.501907,44.0055,40.757824,37.461308,35.137245,32.304413,30.19639,27.229279,22.845394,19.988928,19.38593,22.849186,21.74016,27.00583,28.026297,31.124027,33.53163
1,4.0148134,0.0,4.8472176,6.9601727,10.13118,13.904583,14.712844,19.017767,21.751188,22.869417,26.931652,27.854479,30.922148,32.92521,26.703098,31.667393,30.134985,32.608585,32.101433,35.0127,38.815903,38.06701,42.81617,43.377647,40.883514,41.806393,37.362152,39.828476,36.774345,40.802673,34.750202,41.286655,38.15597,39.516403,36.030823,31.839155,30.763247,34.541,31.963757,28.355938,29.384102,32.762398,29.209675,25.647621,29.561234,31.281174,26.387817,24.999533,29.238493,30.039808,33.682705,31.164732,35.985634,37.454376,37.901016,38.898243,35.677406,39.313408,42.568287,39.29545,38.03155,43.735073,45.779766,45.356956,42.28409,42.44652,48.06536,47.888206,44.17671,49.041622,45.335686,46.013493,40.14963,42.037514,37.503174,39.29924,35.723625,32.054577,31.104166,26.95609,23.885296,21.318419,18.594973,21.213715,23.501848,25.14442,27.367733,31.750357,32.890404,36.81344,38.612644,44.345886,41.027157,39.760036,41.693554,40.290897,37.04155,33.71024,31.364523,28.468018,26.50577,23.30819,19.01558,16.188957,15.454724,18.90829,17.967545,23.057579,24.278576,27.340534,29.901009
2,6.3138647,4.8472176,0.0,4.3623176,8.286074,11.134621,13.005739,16.056562,19.549435,20.028316,24.246592,25.143955,28.457418,30.843834,25.146112,30.540066,29.448944,32.48212,32.301586,35.690125,39.642414,39.26662,44.07406,44.346363,41.844288,42.40315,37.635433,39.644993,36.206978,39.96054,33.41419,39.47965,35.879604,36.993187,33.90981,29.843523,28.283804,32.253944,30.317402,26.692661,27.1857,31.398941,28.227394,24.267265,27.971258,30.762638,26.197535,24.091753,28.583681,28.692091,32.57437,31.144737,35.45516,36.47018,37.454517,38.66592,35.12606,38.88401,42.013172,38.13015,36.85016,42.729893,44.477272,43.689102,40.431034,40.880024,46.57191,46.532314,43.190697,48.290092,44.983353,46.0276,40.183918,42.647205,38.098618,40.467724,37.087723,33.199253,33.03203,28.468647,25.883394,23.620525,20.615551,22.76453,24.253468,26.824974,28.085606,33.06998,34.005756,37.998676,39.628025,45.51798,41.696903,40.952587,43.19682,42.086826,39.037464,35.544395,33.365902,30.05107,28.83787,24.741394,21.06659,18.457644,16.852621,20.032436,17.69783,22.97992,23.671696,26.347567,28.837318
3,9.930644,6.9601727,4.3623176,0.0,3.9333012,7.4414554,8.677022,12.168477,15.337394,16.237923,20.343037,21.489609,24.610813,26.839916,20.913517,26.259733,25.117434,28.254251,28.108496,31.632742,35.61453,35.39916,40.24225,40.357025,37.8755,38.30488,33.45975,35.357914,31.887493,35.6192,29.085234,35.221375,31.813787,32.939205,29.704493,25.5971,24.195593,28.170214,26.054647,22.400915,23.166012,27.29616,24.007494,20.196987,24.148083,26.855944,22.265762,20.511179,25.17604,25.28991,28.838556,27.611269,32.025223,32.853634,33.67246,34.689884,31.020515,34.706097,37.971214,34.155014,32.631165,38.50138,40.317616,39.621716,36.278534,36.601017,42.28122,42.194386,38.846115,43.940556,40.663536,41.796112,35.974373,38.595463,34.097984,36.67146,33.36739,29.470442,29.72825,25.070028,22.762941,20.955881,17.575956,19.259993,20.305532,23.301134,24.110159,29.344955,30.307587,34.299683,35.998238,41.87943,38.082245,37.465103,39.85954,38.962757,35.9155,32.4152,30.156742,26.815723,25.878002,21.368996,18.074606,15.626107,13.788541,16.722692,14.342204,19.151533,20.140886,22.509256,25.340195
4,13.561313,10.13118,8.286074,3.9333012,0.0,5.4233007,4.7813106,9.088826,11.648148,13.067109,16.973114,18.34745,21.218513,23.24473,17.07874,22.360846,21.196613,24.417864,24.392773,28.011465,32.044434,32.022873,36.919178,36.804657,34.323635,34.61624,29.693033,31.48465,27.969528,31.686125,25.175177,31.402931,28.185453,29.389725,26.017727,21.834099,20.684052,24.698215,22.351788,18.650492,19.841911,23.85371,20.392862,16.853584,21.124645,23.674063,19.063414,17.865194,22.67102,22.803188,25.886929,24.89106,29.415792,30.02152,30.613443,31.362827,27.541409,31.10653,34.562725,30.861132,28.9983,34.843708,36.757072,36.1824,32.71619,32.852535,38.510685,38.333187,34.99234,40.066635,36.80999,38.064045,32.277714,35.0652,30.656263,33.43272,30.206453,26.357769,27.07135,22.399754,20.41926,19.205551,15.443347,16.463602,16.925543,20.367725,20.585836,26.057209,26.994272,30.969458,32.69923,38.562572,34.765972,34.29625,36.834366,36.154034,33.151325,29.656332,27.376154,23.997284,23.42843,18.496376,15.75907,13.6370945,11.515061,14.003495,11.583709,15.727649,17.020945,19.035147,22.19971
5,16.666185,13.904583,11.134621,7.4414554,5.4233007,0.0,6.0549536,6.9067764,10.1594515,11.984716,15.51179,17.737993,20.403275,22.597336,16.760395,22.051647,20.836811,24.79156,24.212755,28.64706,32.385036,32.507965,37.03505,37.286343,35.13766,35.077797,30.021595,31.179653,27.55853,30.86432,24.059986,29.690044,26.632923,26.87851,23.458664,19.832785,17.780886,21.311651,19.714588,16.298878,16.11112,20.708447,18.088436,13.732995,17.248209,21.056467,17.2086,14.510102,19.313328,18.686535,22.286118,22.397778,26.068344,26.362461,27.727375,29.07184,25.214468,29.088509,31.948149,27.529602,26.309633,32.27771,33.721317,32.703197,29.472809,30.26067,35.977276,36.305477,33.11752,38.44376,35.65847,36.914204,31.199387,34.432125,29.918106,33.230328,30.45255,26.23199,27.740335,22.595737,21.438251,20.275946,17.160461,18.064762,17.813715,22.143538,21.933012,27.856335,29.12071,32.96113,34.91927,40.61187,36.972633,36.787518,39.5371,39.20983,36.171524,32.81436,30.26886,27.198227,26.690836,21.67344,19.43885,17.409595,15.79442,17.740583,15.320881,18.174116,19.645502,20.582384,24.119547
6,18.28959,14.712844,13.005739,8.677022,4.7813106,6.0549536,0.0,5.9385943,7.1131945,9.26539,12.738625,14.415612,16.905134,18.693127,12.337213,17.637419,16.638153,20.102385,20.457775,24.239582,28.36468,28.730516,33.684307,33.12205,30.634937,30.643902,25.565025,27.080477,23.396835,27.008831,20.412888,26.651453,23.563509,24.890738,21.463741,17.166367,16.360142,20.526068,17.996769,14.221428,16.06435,20.078026,16.471333,13.442807,18.07846,20.58444,16.165346,15.787639,20.656124,20.638432,22.973423,22.616474,27.08802,27.245136,27.602833,27.962591,23.865616,27.209927,30.927555,27.301363,24.873106,30.683588,32.67473,32.203114,28.487627,28.375109,33.998848,33.684204,30.475685,35.553135,32.42649,33.970146,28.286856,31.431868,27.220184,30.37187,27.333487,23.61936,25.1171,20.533184,19.180626,18.908926,14.838186,14.6674795,13.938141,18.113255,17.102213,22.926407,23.699057,27.603184,29.272522,35.098576,31.179821,31.056925,33.82837,33.502045,30.674189,27.203579,25.033312,21.55533,21.746326,16.205696,14.657742,13.291722,10.784021,12.180283,9.478505,12.20603,13.723662,14.98618,18.56335
7,22.070175,19.017767,16.056562,12.168477,9.088826,6.9067764,5.9385943,0.0,4.7197313,5.145247,8.732351,10.903113,13.629096,16.10559,11.317954,16.986544,16.947636,21.213339,22.016018,26.33076,30.348392,31.244707,35.968765,35.073895,32.74874,32.178272,26.885801,27.47508,23.341072,26.224379,18.997395,24.070208,20.266022,20.97252,18.289543,14.408472,12.487528,17.054916,15.961405,12.428404,13.035584,18.61878,16.09168,12.720034,16.529493,20.814861,17.547447,16.104881,20.866793,19.649502,22.016468,23.621862,26.96994,26.300413,27.47405,28.123972,23.700718,27.046124,30.389318,25.884106,23.445454,29.347729,30.776735,29.708448,25.702833,26.096674,31.7351,31.688227,29.19448,34.537407,32.19863,34.271515,28.889715,32.814613,28.818733,32.670986,30.138035,26.368876,28.844635,24.107067,23.548576,23.559559,19.83932,19.243427,17.483582,22.376146,20.127478,26.226263,26.714521,30.402695,31.790709,37.505123,33.137638,33.76497,36.834984,36.94075,34.476307,31.041069,29.170465,25.542154,26.54341,20.634495,20.008873,18.995453,16.267677,17.026363,13.190716,15.061613,15.538315,15.510694,18.805662
8,25.19118,21.751188,19.549435,15.337394,11.648148,10.1594515,7.1131945,4.7197313,0.0,4.8090053,6.396932,9.261292,10.893519,12.590228,6.904505,12.376281,12.266359,16.626286,17.672503,21.96408,25.971708,27.119078,31.84357,30.62598,28.324183,27.604856,22.292639,22.770002,18.621607,21.565126,14.424213,19.971268,16.753939,17.785284,14.580036,10.324027,9.414378,14.032203,12.087916,8.392494,10.594422,15.395329,12.433715,10.242553,14.525531,17.902578,14.789628,14.831202,19.316978,18.442768,19.693989,21.327393,24.884315,24.005352,24.54121,24.59418,20.039152,23.03584,26.777546,22.771328,19.619396,25.39478,27.130777,26.448885,22.26307,22.127573,27.726793,27.43164,24.806763,30.05763,27.60983,29.809538,24.514473,28.55686,24.799122,28.782314,26.394844,22.913708,25.868633,21.491468,21.409206,22.213573,18.4482,16.93358,14.297647,19.407578,16.270618,22.378864,22.826237,26.348633,27.793774,33.343613,29.173607,29.901176,33.062103,33.42567,31.045753,27.769535,25.91541,22.500072,23.89992,17.967958,18.293186,17.896036,15.399325,15.248655,12.27805,12.085317,13.178611,12.231643,16.107733
9,26.04762,22.869417,20.028316,16.237923,13.067109,11.984716,9.26539,5.145247,4.8090053,0.0,4.3226843,5.7631025,8.739897,11.55029,8.419723,14.073008,15.304898,19.409624,21.520931,25.361818,29.543932,30.998758,35.83729,33.981712,31.49172,30.584738,25.2645,25.4835,21.039238,23.5377,16.232643,20.729961,16.142946,17.686739,15.924192,11.850538,10.66385,15.961364,15.199096,11.917775,13.569985,19.148874,16.702332,14.642178,18.391449,22.39368,19.560713,19.24503,23.71685,22.37645,23.730858,25.986265,29.187626,27.97801,28.806227,28.807348,24.153198,26.87775,30.621063,26.381706,22.93973,28.526323,30.020723,29.059578,24.489317,24.34114,29.73611,29.22285,27.361374,32.53313,30.507196,33.21234,28.225166,32.48848,29.02695,33.062416,30.689848,27.443693,30.362381,26.139278,25.848225,26.556732,22.545885,21.076075,18.52967,23.349339,19.74015,25.586622,25.339136,28.811949,29.62386,35.28795,30.316631,31.593245,34.839005,35.23757,33.304005,29.863766,28.648222,24.640669,26.794071,20.502666,21.069511,20.812532,17.493435,17.351467,12.768227,13.67853,13.004815,12.107415,14.867025
10,30.20893,26.931652,24.246592,20.343037,16.973114,15.51179,12.738625,8.732351,6.396932,4.3226843,0.0,3.881142,5.13468,7.8277135,6.694168,11.37244,13.391482,17.57821,20.135155,23.941921,27.920448,29.794415,34.410126,32.13999,29.795702,28.493,23.235369,22.823862,18.261683,20.189238,12.875846,16.612495,11.857137,13.483018,12.16966,8.325953,7.61118,13.01145,12.724276,10.105187,12.105219,17.38978,15.4608965,14.453545,17.68127,21.557388,19.530247,19.79311,23.771782,22.227558,22.69135,25.74577,28.48372,26.764126,27.457703,27.110271,22.390665,24.653994,28.416433,24.289307,20.316917,25.581451,26.975512,26.029608,21.184877,20.808865,26.008783,25.3799,23.978401,29.081802,27.487114,30.574923,26.000368,30.622906,27.591114,31.91426,29.938337,27.006752,30.54454,26.6415,26.930424,28.188005,24.35889,22.295135,19.035662,23.96055,19.454428,25.08584,24.65233,27.76661,28.429558,33.774734,28.81335,30.538164,33.927174,34.719845,33.062622,29.838894,28.80588,25.016933,27.687006,21.49059,22.910559,23.093588,20.00644,19.200806,15.214947,14.396517,13.725956,11.429307,14.124017
11,31.082018,27.854479,25.143955,21.489609,18.34745,17.737993,14.415612,10.903113,9.261292,5.7631025,3.881142,0.0,3.873708,7.262154,8.275082,12.517601,15.311435,18.848267,22.305286,25.443975,29.616362,31.662283,36.46593,33.587803,31.002829,29.696213,24.549494,24.245125,19.640686,21.43672,14.538654,17.765203,12.1967945,14.946943,14.709074,11.03758,11.053765,16.323734,16.084803,13.597076,15.945823,21.005081,18.890135,18.154028,21.535778,25.117605,22.870638,23.456701,27.522095,26.086859,26.475828,29.317305,32.246952,30.528793,31.020948,30.381485,25.674303,27.619232,31.630129,27.793928,23.455223,28.42186,29.91076,29.084303,24.05744,23.28735,28.157343,27.094488,26.12241,30.92396,29.381601,32.76506,28.410828,32.94149,30.177612,34.31647,32.213276,29.596756,32.911564,29.289322,29.297009,30.614075,26.494274,24.319515,21.172293,25.684685,20.87877,26.11881,25.060774,28.111694,28.20707,33.626705,28.041697,30.128904,33.516556,34.287766,33.02845,29.706644,29.258162,25.033005,28.336157,21.983255,23.71901,24.162895,20.559885,19.579033,14.854939,14.485333,12.525608,10.362075,11.851889
12,34.30158,30.922148,28.457418,24.610813,21.218513,20.403275,16.905134,13.629096,10.893519,8.739897,5.13468,3.873708,0.0,3.604421,7.6137457,10.125328,13.5877,16.894464,20.724083,23.659246,27.59868,29.971815,34.55256,31.313055,28.864496,27.25085,22.257032,21.456188,16.861889,18.14307,11.565284,14.089085,8.445959,11.824019,12.021169,8.794843,9.879561,14.605435,14.443092,12.675931,15.465874,19.739964,17.94139,18.181396,21.20301,24.29563,22.632183,23.84894,27.468777,26.066383,25.664528,28.856947,31.522392,29.504808,29.704506,28.67144,24.029371,25.469393,29.542654,26.064339,21.257324,25.775461,27.287374,26.644377,21.479073,20.30005,24.87486,23.582544,22.96766,27.580751,26.330866,30.003225,26.065187,30.77269,28.441664,32.70486,30.933487,28.668844,32.40316,29.146885,29.59992,31.374033,27.439156,24.802547,21.170341,25.615726,20.186308,25.078363,23.889498,26.565256,26.558884,31.625637,26.174381,28.592453,32.06436,33.17753,32.13776,29.067162,28.741411,24.830486,28.467903,22.357471,24.753258,25.545023,22.263939,20.774828,16.869234,15.008826,13.407024,10.107849,11.582649
13,36.48044,32.92521,30.843834,26.839916,23.24473,22.597336,18.693127,16.10559,12.590228,11.55029,7.8277135,7.262154,3.604421,0.0,7.403175,7.6236057,11.665991,14.398785,18.693483,21.18755,24.955788,27.583145,32.027687,28.397882,26.003088,24.20425,19.394196,18.339277,13.820482,14.835731,8.828605,11.27994,6.3000445,10.6901865,10.758526,7.8798213,10.429777,14.3103285,13.602421,12.430032,15.955547,19.056568,17.235565,18.479845,21.397593,23.582891,22.226208,24.281973,27.519115,26.416553,25.283852,28.325497,31.016685,28.927807,28.60559,27.065052,22.568365,23.460579,27.760838,24.929554,19.62375,23.649265,25.410543,25.183458,20.002773,18.166134,22.429005,20.739555,20.206821,24.53387,23.28059,27.146704,23.547382,28.235659,26.330261,30.536041,28.976366,27.146358,31.08345,28.304056,29.045496,31.250418,27.460882,24.401148,20.455383,24.603241,18.690891,23.082916,21.72861,24.052559,23.953169,28.718716,23.446486,26.057566,29.563328,30.934048,30.076519,27.251162,27.063303,23.471554,27.390974,21.62075,24.618961,25.775438,22.81561,20.853394,17.831753,14.686467,13.514965,9.484972,11.00723
14,30.429153,26.703098,25.146112,20.913517,17.07874,16.760395,12.337213,11.317954,6.904505,8.419723,6.694168,8.275082,7.6137457,7.403175,0.0,5.853148,7.292571,11.124974,14.096199,17.437033,21.614132,23.47218,28.318106,25.836584,23.328396,22.258755,16.963299,17.216146,12.801122,15.71728,8.874547,14.978311,12.196618,14.780373,11.846168,7.1826696,9.358885,13.615409,10.814203,8.010329,12.645326,15.510506,12.259858,12.914156,16.988514,18.557701,16.011406,18.352993,22.048878,21.644909,21.142061,22.750883,26.430038,25.172266,24.60552,23.39106,18.815542,20.635464,25.178799,22.35554,17.672794,22.691088,24.948322,24.971224,20.335245,18.877798,24.015753,22.85009,20.518394,25.316889,22.803314,25.631485,20.844147,25.036152,22.132359,26.106493,23.943468,21.464085,24.907305,21.646582,22.030157,23.984175,20.129988,17.279224,13.55793,18.096277,12.982689,18.438705,18.059671,21.17459,22.132654,27.486328,23.030106,24.330132,27.680859,28.496132,26.670893,23.599436,22.414303,18.974714,21.736767,15.827676,18.069914,18.87716,16.339567,14.679624,12.536173,9.226602,10.106023,7.197834,11.332818
15,35.51502,31.667393,30.540066,26.259733,22.360846,22.051647,17.637419,16.986544,12.376281,14.073008,11.37244,12.517601,10.125328,7.6236057,5.853148,0.0,4.4087243,6.9345665,11.168256,13.668271,17.48384,19.984713,24.523155,21.232084,18.865294,17.304686,12.188253,11.791069,7.244098,10.047206,4.309947,11.054812,10.46358,13.503307,10.516728,7.250554,11.297078,13.745011,10.41446,9.440751,14.5808,15.180616,12.334434,15.066964,18.368742,18.330881,16.7981,20.501802,23.229486,23.18567,21.266357,22.886295,26.301882,24.774479,23.324482,21.12786,16.88487,17.497381,22.43419,20.828005,15.2390375,19.19913,21.864372,22.598362,18.029825,15.444972,19.939568,18.14646,15.853429,20.156677,17.601988,20.853111,16.711603,21.024376,19.030264,23.019072,21.403557,19.860706,23.869892,21.63645,22.738873,25.511002,22.138437,18.55753,14.263041,18.026031,11.8589525,16.098753,15.446433,17.753925,18.628372,23.32379,19.363018,21.025177,24.456438,25.835258,24.379576,21.865395,20.942636,18.299963,21.595213,16.610765,19.999348,21.459705,19.619268,17.198252,16.588497,11.410074,12.739306,8.8827095,12.3383465
16,34.02687,30.134985,29.448944,25.117434,21.196613,20.836811,16.638153,16.947636,12.266359,15.304898,13.391482,15.311435,13.5877,11.665991,7.292571,4.4087243,0.0,4.8897247,7.1420007,10.711932,14.529543,16.555126,21.171583,18.835894,16.642605,15.500115,10.186245,10.601527,6.800003,10.6853285,6.154877,13.489867,14.104531,16.03393,11.755551,8.674868,12.164164,13.803327,9.20273,8.15053,13.540944,12.808642,9.196394,12.4868145,15.968033,14.722115,12.901305,17.368156,19.834087,20.409697,18.361162,18.988153,22.889526,21.84628,19.94852,17.717695,13.589675,14.56048,19.661594,18.450573,13.30727,17.561413,20.567888,21.611977,17.67526,15.315933,20.04972,18.711336,15.226151,19.64677,16.310963,18.68474,13.780096,17.796152,15.197793,19.177462,17.387722,15.527329,19.613997,17.309805,18.657108,21.581936,18.576736,14.913729,10.468028,14.366293,8.637629,13.388112,13.871366,16.383884,18.245314,22.86878,20.034866,20.732729,23.952045,25.110527,22.99612,20.627493,18.825556,16.926634,19.137255,14.716415,17.703121,19.00353,18.02807,15.75362,16.50775,11.095524,13.969761,11.073238,15.1952715
17,36.591583,32.608585,32.48212,28.254251,24.417864,24.79156,20.102385,21.213339,16.626286,19.409624,17.57821,18.848267,16.894464,14.398785,11.124974,6.9345665,4.8897247,0.0,6.0896406,6.805654,10.930723,13.358584,18.18895,14.809104,12.232374,11.21405,5.9464507,7.654618,5.2134933,9.654236,8.652889,15.113351,16.680874,19.240648,15.470193,13.00389,16.838938,18.073921,13.494464,12.960718,18.250793,16.48133,12.978507,16.753735,20.074404,17.418993,15.663825,21.024376,23.020802,24.186754,21.617065,21.221203,25.412836,24.657465,21.856295,18.774122,15.458016,15.297662,20.73297,21.002708,15.71011,18.689484,22.163126,23.930702,20.380228,17.233028,21.015749,18.998024,15.394757,18.690271,14.657547,16.898592,12.561965,15.666252,13.990821,17.134958,15.337814,14.788476,18.473991,17.540184,18.87125,22.35257,19.562479,15.458312,11.333267,13.427877,7.1637053,9.796486,9.820826,11.76338,13.704735,18.044922,15.794732,16.254873,19.41185,20.792904,18.883514,16.938807,15.463582,14.252475,16.95181,13.630621,17.55127,19.518618,18.968725,16.115686,18.054113,11.8280525,14.819777,12.196466,15.605047
18,35.9845,32.101433,32.301586,28.108496,24.392773,24.212755,20.457775,22.016018,17.672503,21.520931,20.135155,22.305286,20.724083,18.693483,14.096199,11.168256,7.1420007,6.0896406,0.0,5.6724105,8.51105,9.820371,14.339428,13.353044,11.755702,11.350929,7.014373,8.895051,8.378906,12.228169,11.592855,17.853155,20.303944,21.47649,16.648254,14.779801,17.786476,17.832916,12.703,12.645689,17.126925,13.588879,10.093857,14.309586,17.031782,12.6419735,11.253206,17.312475,18.438961,20.329573,17.436493,15.829504,20.27995,20.110441,16.73156,13.644111,10.894667,11.132833,16.402489,17.277561,13.140342,16.15102,19.777555,21.78904,19.28737,16.795366,20.700575,19.623745,14.8285475,18.263239,13.7010765,14.3127365,8.826642,11.485609,8.520623,12.078623,10.322874,9.059006,13.526428,12.505606,14.759311,18.4247,16.688654,12.83834,8.943612,10.994331,7.138566,9.855506,12.246991,14.006999,17.231567,20.824348,20.338308,19.689184,22.321077,23.40008,20.634377,19.127485,16.265287,16.464428,17.011328,14.916518,17.597471,18.975168,19.69767,17.47658,20.471647,14.911586,18.910099,16.922329,20.909178
19,38.96369,35.0127,35.690125,31.632742,28.011465,28.64706,24.239582,26.33076,21.96408,25.361818,23.941921,25.443975,23.659246,21.18755,17.437033,13.668271,10.711932,6.805654,5.6724105,0.0,4.7003584,6.740034,11.841059,8.960047,6.5141296,6.872237,3.9093552,7.9865823,9.397419,12.928487,14.558108,20.190454,22.963959,24.962782,20.78199,18.955215,22.487476,22.764332,17.833744,17.776674,22.565033,19.070175,15.747146,19.877594,22.698452,17.942833,16.49021,22.721342,23.714489,25.877249,22.803345,20.573147,25.084747,25.097036,21.157726,17.43093,15.650044,14.674735,19.871412,21.992895,17.658983,19.357023,23.22446,25.774237,23.398668,20.19165,23.091528,21.235386,16.809782,18.78193,13.727144,14.142795,10.17459,10.890481,9.893592,11.426833,9.639697,10.866699,13.970908,14.967849,16.73382,20.765978,19.11461,15.036793,11.962418,11.572001,7.8295865,6.3866086,8.441054,8.986273,12.521077,15.433747,16.074425,14.878889,17.221941,18.511889,16.00124,15.19991,12.8122835,14.089102,15.166437,14.574824,18.171545,20.271885,21.167267,18.41105,22.17823,16.142715,19.877384,18.154097,21.356174
20,42.705368,38.815903,39.642414,35.61453,32.044434,32.385036,28.36468,30.348392,25.971708,29.543932,27.920448,29.616362,27.59868,24.955788,21.614132,17.48384,14.529543,10.930723,8.51105,4.7003584,0.0,3.698101,7.5149817,4.95474,4.3457174,5.0484176,5.9951215,8.708678,11.874506,14.259925,17.496695,22.108686,25.881327,27.354652,23.16455,22.118256,25.570595,24.971188,20.238607,20.86183,25.146748,20.586378,18.02877,22.501532,24.539833,18.893343,18.454216,24.743248,24.836056,27.257572,23.564497,21.022314,24.976788,25.104944,20.57073,16.363419,15.840253,13.879965,18.490217,21.950018,18.218788,18.569227,22.487331,25.543795,24.013485,20.746092,22.727608,21.029482,16.428663,17.2618,12.009323,11.101742,8.42736,7.139665,7.9604506,8.291203,7.979998,10.839476,13.949841,16.120836,18.514328,22.64356,21.879993,18.100458,15.472637,14.50106,12.179809,9.6683,11.979593,11.177673,14.768236,15.93081,18.350769,16.866898,18.616974,20.128447,17.764187,17.89472,15.451717,17.836761,18.214687,18.739237,22.00787,23.978762,25.37291,22.759882,26.790453,20.824173,24.568523,22.724407,25.815104
21,41.864613,38.06701,39.26662,35.39916,32.022873,32.507965,28.730516,31.244707,27.119078,30.998758,29.794415,31.662283,29.971815,27.583145,23.47218,19.984713,16.555126,13.358584,9.820371,6.740034,3.698101,0.0,5.568309,6.48074,6.5278063,8.371596,9.309563,12.248647,15.033272,17.699726,20.25335,25.279835,28.846197,30.133968,25.603182,24.347412,27.482346,26.878403,21.959223,22.346159,26.391993,21.627249,18.911633,23.013083,25.042051,18.832376,18.112179,24.431063,24.270706,27.171736,23.751862,20.072762,24.381536,25.12072,20.378963,16.455711,16.509106,15.024343,19.16905,22.824099,19.886557,20.422598,24.26867,27.29656,26.156374,23.284214,25.442736,24.113855,19.234995,20.14743,14.92465,13.056059,10.1724825,7.3868113,7.4102945,5.788439,4.878594,8.763556,10.918497,13.993974,16.380943,20.48932,20.348381,16.927534,15.109535,13.221625,12.692468,9.763732,13.010176,12.44397,16.472424,17.564304,20.55546,18.318346,19.629845,20.658203,17.73048,18.065605,14.93432,18.064129,17.215002,18.712538,21.331861,23.099298,25.139746,22.818121,27.463463,21.892273,26.014128,24.667442,27.96413
22,46.516155,42.81617,44.07406,40.24225,36.919178,37.03505,33.684307,35.968765,31.84357,35.83729,34.410126,36.46593,34.55256,32.027687,28.318106,24.523155,21.171583,18.18895,14.339428,11.841059,7.5149817,5.568309,0.0,7.02738,9.444814,10.824927,13.413831,15.18171,18.76731,20.47795,24.08427,28.134663,32.50634,33.250195,28.78923,28.261368,31.267097,29.848541,25.280304,26.27191,29.748053,24.151648,22.316257,26.578262,27.74776,21.010508,21.403864,27.418009,26.311272,29.335138,25.3907,21.64111,24.995815,25.83821,20.697844,16.608046,18.11509,15.825043,18.728853,23.6575,21.60613,20.742708,24.35689,27.769787,27.608246,24.868023,26.036201,25.03158,20.262598,20.00433,15.238681,11.859335,11.145242,6.0794315,8.554605,4.8189063,7.299051,11.6332655,13.439997,17.180155,20.03338,23.919935,24.619467,21.615568,20.05975,18.18161,18.175014,15.184956,18.201492,16.939653,20.67637,20.380375,24.5252,22.296366,23.13293,24.335918,21.72353,22.715927,19.762386,23.36018,22.184011,24.192663,26.55736,28.146416,30.470314,28.28246,32.956215,27.39755,31.490942,29.935959,33.188988
23,47.27216,43.377647,44.346363,40.357025,36.804657,37.286343,33.12205,35.073895,30.62598,33.981712,32.13999,33.587803,31.313055,28.397882,25.836584,21.232084,18.835894,14.809104,13.353044,8.960047,4.95474,6.48074,7.02738,0.0,3.5803208,4.5822988,9.068826,10.909431,14.967045,16.339172,21.009417,24.612514,28.8895,30.500654,26.77811,26.126728,29.780712,28.945454,24.498457,25.40258,29.649725,24.872616,22.702145,27.315662,29.09873,23.320082,23.2777,29.529446,29.31468,31.74854,27.733145,25.266733,28.77822,28.833351,24.067238,19.599575,19.770227,17.060892,21.082485,25.385107,21.73705,20.914694,24.732056,28.142805,26.971714,23.391249,24.300198,22.262894,18.259298,17.55434,12.687111,11.33776,11.224078,8.537812,11.484141,10.354996,11.160223,14.983267,17.338915,20.387009,22.704393,26.84235,26.318462,22.607105,20.243073,18.675497,16.55663,12.813121,14.299223,12.096423,15.071468,14.243769,18.317871,16.745821,17.855236,19.731386,18.068237,19.14199,17.431818,20.439257,21.073109,22.394989,25.922255,28.114607,29.543953,26.767105,30.897657,24.808577,28.220917,26.313763,28.881182
24,44.820263,40.883514,41.844288,37.8755,34.323635,35.13766,30.634937,32.74874,28.324183,31.49172,29.795702,31.002829,28.864496,26.003088,23.328396,18.865294,16.642605,12.232374,11.755702,6.5141296,4.3457174,6.5278063,9.444814,3.5803208,0.0,3.260821,6.8380218,9.774892,13.20365,15.235849,19.244726,23.457817,27.101828,29.214705,25.56111,24.385002,28.165817,27.953903,23.346823,23.809677,28.44605,24.333986,21.630623,26.053268,28.393032,23.066338,22.329403,28.637505,29.017534,31.353985,27.718418,25.299637,29.3096,29.336166,24.841803,20.550657,19.930344,17.742409,22.347248,25.87982,21.729153,21.762989,25.658773,28.799004,27.004845,23.338589,24.846125,22.555906,18.627583,18.66128,13.678187,13.363345,12.033754,10.551086,12.24843,11.761683,11.356662,14.665868,16.870773,19.524353,21.384708,25.528526,24.46025,20.560844,18.104267,16.490751,13.808875,9.760391,10.789944,8.623391,11.729008,11.836189,15.192778,13.569356,15.0220375,16.8627,15.149864,15.886364,14.399231,17.05963,18.22636,19.258219,23.088556,25.46974,26.618383,23.695484,27.763466,21.64939,24.93867,23.192741,25.629047
25,45.773193,41.806393,42.40315,38.30488,34.61624,35.077797,30.643902,32.178272,27.604856,30.584738,28.493,29.696213,27.25085,24.20425,22.258755,17.304686,15.500115,11.21405,11.350929,6.872237,5.0484176,8.371596,10.824927,4.5822988,3.260821,0.0,5.332104,7.0546465,10.976938,12.367269,17.154104,20.695509,24.71795,26.724354,23.354279,22.588772,26.490234,26.032393,21.735514,22.557657,27.112778,23.005096,20.697819,25.36782,27.446247,22.50822,22.258072,28.39357,28.74205,30.705643,26.79804,25.268808,28.81155,28.380514,24.067133,19.657866,18.817648,16.259945,20.919638,24.350506,19.836315,19.537083,23.372936,26.520521,24.603048,20.728193,21.949995,19.473783,15.828251,15.699591,10.878248,11.377539,10.540814,10.198866,12.2721405,12.88654,12.987944,15.774726,18.830639,20.86376,22.996143,27.11784,25.840813,21.825697,18.816267,18.10957,14.4687,11.540254,12.064818,10.152988,12.570631,12.770429,15.245648,14.640149,16.521837,18.718506,17.439001,17.848291,16.686918,18.594097,20.382374,20.507338,24.53721,26.868402,27.609606,24.620543,28.068552,21.772135,24.767221,22.49443,24.861485
26,41.341793,37.362152,37.635433,33.45975,29.693033,30.021595,25.565025,26.885801,22.292639,25.2645,23.235369,24.549494,22.257032,19.394196,16.963299,12.188253,10.186245,5.9464507,7.014373,3.9093552,5.9951215,9.309563,13.413831,9.068826,6.8380218,5.332104,0.0,4.3921237,6.5022674,9.423708,12.4244375,17.169312,20.445093,22.570322,18.910353,17.604168,21.49116,21.54595,17.057024,17.502766,22.316101,18.922338,16.162811,20.65657,23.160767,18.993765,18.235992,24.184147,25.145947,26.797705,23.328348,22.301678,26.147757,25.54201,21.794306,17.832218,15.825227,14.1914835,19.464544,21.564133,16.572567,17.732033,21.54817,24.156443,21.514114,17.85167,20.313251,18.029305,14.102076,15.811423,11.047286,12.6063175,9.501523,11.343448,11.367189,13.611246,12.734594,13.943122,17.630451,18.31322,20.27112,24.221441,22.34207,18.20823,14.623646,15.0972805,10.263782,9.47399,10.026934,9.943546,12.459542,14.970688,15.052659,14.963492,17.619593,19.473751,17.757828,17.010511,15.519007,16.14786,18.290985,16.959164,20.970669,23.139236,23.424007,20.493141,23.397635,17.094542,20.168692,17.712801,20.549042
27,43.777958,39.828476,39.644993,35.357914,31.48465,31.179653,27.080477,27.47508,22.770002,25.4835,22.823862,24.245125,21.456188,18.339277,17.216146,11.791069,10.601527,7.654618,8.895051,7.9865823,8.708678,12.248647,15.18171,10.909431,9.774892,7.0546465,4.3921237,0.0,4.6167865,5.608116,10.571747,13.781706,18.060774,19.710968,16.457615,16.160471,20.118395,19.459726,15.636647,16.914644,21.289146,17.685564,15.912529,20.725338,22.517645,18.891054,19.175024,24.650814,25.303085,26.415222,22.45805,22.75421,25.664928,24.402716,20.929667,16.879915,14.81567,12.5072,17.545006,19.59832,14.211276,14.604511,18.265865,20.921417,18.237944,14.228785,16.170513,13.6865,10.087342,11.7609415,7.513905,10.449014,8.343313,11.607201,12.28639,15.396384,15.429891,16.320446,20.745617,20.981121,23.361172,27.189972,25.366924,21.331783,17.362795,18.756395,13.627583,13.810002,14.077272,13.835994,15.640619,17.574398,17.280846,18.12381,20.881182,23.067432,21.790567,21.058704,19.843306,20.082926,22.506643,20.577871,24.521969,26.499565,26.443834,23.599821,25.679092,19.43567,22.024818,18.86978,21.563126
28,40.701553,36.774345,36.206978,31.887493,27.969528,27.55853,23.396835,23.341072,18.621607,21.039238,18.261683,19.640686,16.861889,13.820482,12.801122,7.244098,6.800003,5.2134933,8.378906,9.397419,11.874506,15.033272,18.76731,14.967045,13.20365,10.976938,6.5022674,4.6167865,0.0,4.4843845,6.1945467,10.855502,14.055196,16.107872,12.822734,11.884774,16.013617,16.13664,12.368312,13.206919,17.902517,15.558485,13.440993,17.844963,20.098692,17.77476,17.523943,22.46983,23.85684,24.478981,21.112295,22.146767,25.2039,23.703056,21.022495,17.65067,14.455947,13.310187,18.504414,18.970343,13.108315,15.108886,18.437735,20.338305,16.718006,12.992929,16.194998,13.881021,10.754223,14.030372,10.761293,14.103599,10.85213,15.000228,14.335085,18.109436,17.432804,17.182821,21.689688,20.837572,22.84392,26.347418,23.917088,19.942078,15.624109,18.10235,12.190598,14.192229,14.062865,14.940783,16.369225,19.593287,17.595514,18.934929,22.09644,24.035019,22.687733,21.193474,20.071424,19.146221,22.01493,18.82148,22.678484,24.491972,23.796925,21.050858,22.221695,16.191488,18.418251,14.933451,17.843546
29,44.68889,40.802673,39.96054,35.6192,31.686125,30.86432,27.008831,26.224379,21.565126,23.5377,20.189238,21.43672,18.14307,14.835731,15.71728,10.047206,10.6853285,9.654236,12.228169,12.928487,14.259925,17.699726,20.47795,16.339172,15.235849,12.367269,9.423708,5.608116,4.4843845,0.0,7.4098916,8.360462,13.190441,14.775624,12.547108,13.11663,17.142324,16.397943,13.780901,15.509846,19.46125,16.916388,15.9847555,20.495,21.92246,19.971556,20.69461,25.214937,26.159727,26.36125,22.50317,24.545868,26.669353,24.61209,22.10683,18.615915,15.823111,13.838433,18.388803,19.107567,13.129967,13.725337,16.690073,18.692879,15.139488,10.862013,12.871954,9.940436,8.0477705,10.732355,8.875861,13.2764225,11.733,16.143087,16.470125,20.316635,20.409283,20.494358,25.287949,24.612278,26.929077,30.441406,28.196697,24.284842,19.940077,22.45623,16.657742,18.185497,17.80802,18.019447,18.943657,21.236378,19.43064,21.397184,24.47268,26.78433,25.932117,24.757748,23.99123,23.200272,26.301788,23.21048,27.143639,28.944895,28.117048,25.37344,26.09836,20.20458,21.873358,18.00508,20.327278
30,38.526295,34.750202,33.41419,29.085234,25.175177,24.059986,20.412888,18.997395,14.424213,16.232643,12.875846,14.538654,11.565284,8.828605,8.874547,4.309947,6.154877,8.652889,11.592855,14.558108,17.496695,20.25335,24.08427,21.009417,19.244726,17.154104,12.4244375,10.571747,6.1945467,7.4098916,0.0,7.373833,8.74219,10.594816,7.3175864,5.984952,10.257679,11.133893,8.388349,9.072367,13.419759,13.135164,11.556874,14.974564,17.159225,17.185505,16.95186,20.431488,22.463829,22.073826,19.436367,22.098444,24.608961,22.548725,21.219803,18.950377,14.802606,14.941808,19.522518,17.881155,11.995368,15.530857,17.965109,18.67131,14.033423,11.2272835,15.697262,14.092136,12.062965,16.673977,14.849448,18.443478,14.836186,19.744135,18.15143,22.597923,21.700867,20.237885,24.908474,22.737635,24.499939,27.373116,24.506098,20.98414,16.52598,20.43946,14.536796,18.40528,18.180058,19.917246,20.979937,24.931873,21.646898,23.476028,26.85245,28.550339,27.16303,25.027893,23.912495,21.886696,24.854124,20.325176,23.572649,24.873152,23.388966,21.113543,20.621603,15.584267,16.989796,13.027014,16.129963
31,44.935432,41.286655,39.47965,35.221375,31.402931,29.690044,26.651453,24.070208,19.971268,20.729961,16.612495,17.765203,14.089085,11.27994,14.978311,11.054812,13.489867,15.113351,17.853155,20.190454,22.108686,25.279835,28.134663,24.612514,23.457817,20.695509,17.169312,13.781706,10.855502,8.360462,7.373833,0.0,6.530659,6.9697704,7.484777,9.867034,12.946601,12.181197,12.358316,14.378426,16.837181,16.573473,16.944176,20.223885,20.9734,21.775316,22.886097,25.591503,26.964716,25.820158,22.637323,26.860355,27.91401,24.978472,24.172224,21.942953,18.403986,17.562542,20.973951,19.315384,13.67975,15.245629,16.564959,16.863508,12.067757,8.995586,11.677399,9.736164,10.847371,14.6407175,15.25603,19.695005,18.019434,23.160757,22.674206,27.2189,27.185799,26.16816,31.2202,29.303629,31.451618,34.349663,31.708967,28.24783,23.777523,27.591663,21.661987,24.79637,24.201244,25.166454,25.608347,28.561846,25.313513,27.989725,31.315828,33.489315,32.752556,30.96802,30.345499,28.452011,31.839218,27.449072,30.884567,32.210155,30.520151,28.235403,27.113283,22.386692,22.89631,18.589027,20.500141
32,41.65065,38.15597,35.879604,31.813787,28.185453,26.632923,23.563509,20.266022,16.753939,16.142946,11.857137,12.1967945,8.445959,6.3000445,12.196618,10.46358,14.104531,16.680874,20.303944,22.963959,25.881327,28.846197,32.50634,28.8895,27.101828,24.71795,20.445093,18.060774,14.055196,13.190441,8.74219,6.530659,0.0,5.42106,7.9493423,8.28849,10.617126,12.367278,13.254149,13.80781,16.157534,18.42833,18.11685,20.034737,21.579521,23.912672,23.962255,25.808712,28.203226,26.63574,24.690073,28.978556,30.512245,27.734274,27.651203,26.061686,21.877934,22.124485,25.736,22.894875,17.593575,20.624008,21.743673,21.26531,16.040743,14.230213,17.725506,16.20147,16.993742,21.101053,21.154749,25.425419,22.809675,27.927517,26.650871,31.212185,30.441124,28.838902,33.46675,30.871904,32.334656,34.76583,31.486298,28.320127,24.049122,28.309626,22.297161,26.28712,25.222187,26.90155,26.90417,30.796953,26.211348,29.141195,32.627594,34.454647,33.774174,31.393343,31.081457,28.156984,31.928526,26.622953,29.761185,30.894918,28.385885,26.380737,23.871763,20.261164,19.638279,15.432923,16.783916
33,42.85533,39.516403,36.993187,32.939205,29.389725,26.87851,24.890738,20.97252,17.785284,17.686739,13.483018,14.946943,11.824019,10.6901865,14.780373,13.503307,16.03393,19.240648,21.47649,24.962782,27.354652,30.133968,33.250195,30.500654,29.214705,26.724354,22.570322,19.710968,16.107872,14.775624,10.594816,6.9697704,5.42106,0.0,5.5732703,8.568224,9.296642,9.017119,11.791529,13.376053,13.975584,16.145752,17.229927,18.906424,19.185965,22.283552,23.337711,24.317278,26.133747,23.999147,21.931164,27.338823,27.814138,24.578402,25.215406,24.226103,20.237965,20.690212,23.3291,19.722723,15.23998,18.153347,18.409395,17.179056,12.036845,11.480991,15.088332,14.774512,15.852462,20.328598,21.147625,25.10258,22.670717,28.054628,26.64338,31.542402,31.20112,29.235825,34.23525,31.3057,33.19362,35.431076,32.620277,29.753513,25.499304,30.152271,24.652056,28.96657,28.59371,30.272099,30.825943,34.494072,30.597742,33.20436,36.64875,38.498558,37.4653,35.18828,34.315754,31.790148,34.893036,29.733044,32.394516,33.156998,31.028801,29.360695,27.036804,23.654686,23.659391,19.635624,21.624886
34,39.47608,36.030823,33.90981,29.704493,26.017727,23.458664,21.463741,18.289543,14.580036,15.924192,12.16966,14.709074,12.021169,10.758526,11.846168,10.516728,11.755551,15.470193,16.648254,20.78199,23.16455,25.603182,28.78923,26.77811,25.56111,23.354279,18.910353,16.457615,12.822734,12.547108,7.3175864,7.484777,7.9493423,5.5732703,0.0,4.7172146,6.1124973,4.9114084,6.2747626,8.381124,9.535392,10.820956,11.697137,13.810825,14.248263,16.788786,17.836123,19.194307,20.915705,19.191628,16.907885,21.867453,22.766909,19.842127,20.156845,19.200024,14.962007,15.916713,18.898201,15.211596,10.478917,14.565769,15.466103,14.633731,9.4618435,8.871983,14.004586,14.054465,13.156865,18.403555,18.16878,21.52637,18.248978,23.61415,21.664568,26.64142,26.18452,23.920975,28.943878,25.884539,27.921106,30.173618,27.633663,24.819187,20.588594,25.337475,20.287199,24.876085,25.158434,27.057611,28.289165,32.141506,28.88813,30.789576,34.16047,35.810577,34.244667,31.994452,30.52392,28.399223,30.804682,25.939798,28.301243,28.921932,27.334917,25.762884,24.286123,20.569302,21.61902,17.844452,20.876955
35,35.37431,31.839155,29.843523,25.5971,21.834099,19.832785,17.166367,14.408472,10.324027,11.850538,8.325953,11.03758,8.794843,7.8798213,7.1826696,7.250554,8.674868,13.00389,14.779801,18.955215,22.118256,24.347412,28.261368,26.126728,24.385002,22.588772,17.604168,16.160471,11.884774,13.11663,5.984952,9.867034,8.28849,8.568224,4.7172146,0.0,4.336346,7.047698,5.8325505,5.5231137,8.714887,11.275729,10.236874,11.779103,13.869217,16.3366,15.92848,17.585125,20.247244,18.957615,17.500612,21.243921,23.34118,21.09498,21.124706,20.137106,15.521391,17.073452,20.837158,17.312614,12.519998,17.400564,18.966064,18.484247,13.571354,12.630031,17.936333,17.447025,15.731085,20.970806,19.647413,22.806074,18.671736,23.722233,21.22188,25.958315,24.800234,22.295498,26.84058,23.541594,25.021235,27.140503,24.12291,21.317312,17.171686,22.057804,16.954193,22.049492,22.181957,24.583614,25.787165,30.275942,26.54333,28.223526,31.62697,32.96913,31.250622,28.674803,27.227407,24.64469,27.102484,21.842182,24.079552,24.689602,22.815235,21.290012,19.575598,16.088207,17.121529,13.586649,16.990847
