,0,1,2,3,4,5,6,7,8,9,10,11,12,13,14,15,16,17,18,19,20,21,22,23,24,25,26,27,28,29,30,31,32,33,34,35,36,37,38,39,40,41,42,43,44,45,46,47,48,49,50,51,52,53,54,55,56,57,58,59,60,61,62,63,64,65,66,67,68,69,70,71,72,73,74,75,76,77,78,79,80,81,82,83,84,85,86,87,88,89,90,91,92,93,94,95,96,97,98,99,100,101,102,103,104,105,106,107,108,109,110,111,112
0,0.0,3.8989756,5.4826183,9.294761,11.405051,14.286182,16.609158,19.354294,23.504057,25.408785,29.88971,33.393227,36.965393,34.819622,32.725384,28.283594,26.813038,22.75308,22.706081,18.736612,18.035183,16.535221,11.354927,14.520843,17.347933,16.434982,18.34236,20.397688,22.576235,22.676094,27.024414,27.858908,31.940912,37.512592,38.665882,41.413918,44.40605,46.226486,44.47856,41.007683,37.053688,38.27442,33.47708,33.777424,28.375002,27.734888,24.337667,24.536848,19.333454,20.496979,20.715052,24.506165,22.773382,28.000647,28.167645,31.594814,33.88585,32.293327,36.896084,41.241257,40.115704,36.345547,38.828472,36.680805,37.601555,41.042377,35.879612,39.059586,33.92353,37.987434,38.69188,35.06803,38.424618,35.398106,39.17899,38.043564,40.221107,39.813324,39.183857,40.98606,42.425194,38.746464,40.06131,36.98205,33.898647,33.183117,28.086426,26.892256,22.595478,23.711573,22.349678,23.8134,24.398254,27.237606,28.826273,29.607151,31.571878,32.461365,29.02318,29.775105,27.83162,25.93806,28.203646,24.70339,29.617489,27.544863,27.650425,30.058706,30.557438,29.818905,31.560907,32.410843,31.776007
1,3.8989756,0.0,4.651898,6.8706837,8.645791,12.039458,13.556073,17.022608,20.64381,22.69132,27.04423,30.248726,33.978443,31.535604,29.293684,24.945496,23.454494,19.268106,19.464504,15.340016,15.183615,13.244729,8.7943325,12.462595,15.605532,15.793355,16.77991,19.84634,21.280159,20.925869,25.286524,25.798908,29.662184,35.011497,35.833717,38.835995,41.619728,43.58892,42.063744,38.474426,34.56448,36.144016,31.563347,31.68925,26.64241,26.544624,23.132208,23.980915,18.61031,20.672434,21.268517,24.660131,22.129198,27.866077,27.469278,30.523493,32.51143,30.509773,35.04467,39.28426,38.452698,34.63319,37.519173,35.38884,36.73457,40.105576,35.42186,38.380436,33.095734,36.90472,37.18141,33.49946,36.49951,33.163914,36.748554,35.30945,37.381844,36.718914,35.994965,37.58342,38.945766,35.344486,36.871513,33.870846,30.930943,30.200792,25.138105,24.39552,20.086418,21.757238,20.771135,22.858103,23.372395,25.544271,27.572718,28.751614,30.458582,30.996712,27.584446,27.712557,25.516323,23.231049,25.365082,21.527332,26.34299,23.971592,23.843834,26.40658,27.064518,26.625065,28.576775,29.63309,29.318071
2,5.4826183,4.651898,0.0,5.170876,6.5167193,8.9168005,11.807936,13.957903,18.419407,20.131516,24.792736,28.39722,31.836823,30.047499,28.119774,23.70043,22.131063,18.342566,18.087788,14.661336,13.820807,13.715193,8.294534,13.127312,14.9686575,14.376633,14.936334,17.141516,18.540213,17.948402,22.797928,22.923683,27.498638,32.611332,34.170406,36.682804,39.725193,41.747528,39.883648,36.62397,32.783096,33.53797,28.890076,28.803106,23.343403,23.30832,19.636314,20.512491,15.012853,16.851004,16.9742,20.218355,17.74418,23.306509,23.070625,26.322979,28.4987,26.857054,31.434658,35.80008,34.82227,31.066645,33.832947,31.917147,33.067062,36.796425,32.05405,35.46312,30.493034,34.728752,35.017956,31.756643,34.97483,31.734274,35.714256,34.298317,36.83675,36.258816,35.26141,37.340282,38.413116,34.363407,35.396603,32.15477,29.0905,28.691397,23.33551,22.704693,18.505096,20.067156,19.44671,21.020876,22.302486,24.368134,25.71599,27.290606,29.488626,30.329165,27.24434,27.649609,25.169462,23.496134,24.79199,21.484228,25.873629,23.809067,24.365953,27.016356,27.226934,27.309542,28.27696,29.719097,28.788465
3,9.294761,6.8706837,5.170876,0.0,5.0267425,7.305355,7.9411373,11.783331,14.593225,17.208899,20.84595,25.033033,28.169598,25.958445,24.199364,19.422596,18.636017,14.7153015,15.550269,12.605725,13.141987,13.201676,9.633417,15.133839,17.000616,17.60809,16.724253,19.773277,19.962677,18.223158,23.453215,22.363981,27.16517,31.313454,32.79933,35.462284,38.184956,40.682594,39.05172,35.85757,32.229286,32.98745,28.843988,28.03525,22.989595,24.258272,20.364916,22.379478,16.7758,19.49522,19.382452,21.686821,17.889284,23.671106,22.161114,25.330265,26.930716,25.238405,29.527634,33.92536,33.743122,30.043755,33.656185,32.16595,33.850914,37.8359,33.845753,37.272602,32.40157,36.470024,36.093647,33.044525,35.73323,32.01602,35.783745,33.74007,36.283436,35.137215,33.692566,35.45104,35.991768,31.730677,32.975483,29.656534,27.03021,27.064333,21.457388,22.386948,18.381536,21.004162,21.244278,23.422564,24.862415,25.891401,27.552635,29.809065,31.803291,32.246822,29.343357,28.895103,25.957815,23.800444,24.412514,20.635525,24.34899,21.43915,21.363676,24.869093,25.405128,26.576616,27.628988,29.67366,29.15774
4,11.405051,8.645791,6.5167193,5.0267425,0.0,3.753807,5.9743133,8.468192,12.648621,14.133802,19.102016,22.046,25.775126,23.903925,21.803333,17.692953,15.690082,12.00223,11.594707,8.473604,8.215396,9.2377205,5.863725,11.592685,12.651742,13.812471,12.053574,15.669311,15.329123,13.594645,18.58871,17.83561,22.293318,26.867487,28.204016,30.907114,33.72458,36.00551,34.362495,31.065275,27.356472,28.350729,24.111822,23.609468,18.740814,19.839241,16.175064,18.398434,12.944537,16.434738,17.230927,19.373684,15.48574,21.788605,20.628706,22.93,24.572283,22.14994,26.62147,30.769548,30.188906,26.376614,29.78212,27.968105,29.836792,33.48739,29.714935,32.807976,27.813204,31.679602,31.174152,28.08958,30.710678,26.996826,30.809853,28.877056,31.506458,30.55384,29.233845,31.282593,32.0777,27.90419,28.990217,25.759031,22.825209,22.559174,17.094795,17.41881,13.371556,16.025501,16.503782,18.902834,20.428492,21.027302,22.761269,25.25901,27.180025,27.531506,24.809464,24.237041,21.16531,19.280968,19.607355,16.16785,19.936903,17.649494,18.487423,21.313747,21.397308,22.40973,22.959656,25.037958,24.27531
5,14.286182,12.039458,8.9168005,7.305355,3.753807,0.0,5.3171926,5.0716634,10.35572,11.298556,16.632015,19.835869,23.266563,22.056442,20.299976,16.302238,14.229721,11.310695,10.397254,8.802841,8.025626,11.125627,8.345538,13.781448,13.624631,14.448456,11.8220825,14.711948,13.702785,11.212693,16.71862,15.124699,20.311852,24.352318,26.36686,28.614407,31.586962,33.99688,32.111496,29.155006,25.607685,25.821825,21.703476,20.789356,15.692763,17.365936,13.453399,16.237455,10.9162445,14.636637,15.117401,16.536736,12.092113,18.440903,17.019234,19.193642,20.825874,18.52777,23.020512,27.261538,26.703495,22.934637,26.479483,24.955006,26.862492,30.84151,27.35155,30.75148,26.121157,30.214354,29.501093,26.909761,29.512896,25.817625,29.86979,27.840397,30.861572,29.889374,28.24674,30.67571,31.102066,26.532194,27.144506,23.703096,20.746487,20.912212,15.204736,16.072672,12.450461,15.208074,16.359587,18.378986,20.55668,20.663235,21.817907,24.833261,27.040218,27.515242,25.2184,24.669596,21.346134,20.012257,19.33153,16.541685,19.495518,17.516298,18.968422,21.815382,21.492626,23.156923,22.753077,25.261642,24.047096
6,16.609158,13.556073,11.807936,7.9411373,5.9743133,5.3171926,0.0,6.212269,7.143787,9.803286,13.537232,17.11214,20.467304,18.264126,16.420662,11.910191,10.765896,7.202906,8.406766,7.3276134,9.176305,11.124601,10.80926,15.928342,16.514513,18.53325,15.40516,19.268227,17.498281,14.356619,19.438408,16.905682,21.572172,24.54713,25.950514,28.659613,31.069805,33.956562,32.560253,29.510365,26.220053,26.974108,23.579712,22.046764,17.994024,20.838509,17.180933,20.674461,15.71796,19.763784,20.210512,21.091656,15.932344,22.056505,19.422129,21.251934,22.047915,19.492987,23.458546,27.533981,27.966166,24.326319,28.740395,27.557383,30.049547,33.94921,31.256773,34.33575,29.713423,33.31569,31.979939,29.39915,31.293863,27.12289,30.639297,27.93906,30.664879,29.017689,27.021456,28.803646,28.767363,24.185247,25.356512,21.982552,19.67717,20.160498,14.446386,17.206917,13.967871,17.748865,19.387503,22.134237,23.921053,23.203432,25.01816,28.303196,30.021015,29.966185,27.694853,26.209415,22.66286,20.530258,19.555046,15.999188,18.25597,15.025885,15.382871,19.258133,19.533314,22.23738,22.42869,25.36677,24.958088
7,19.354294,17.022608,13.957903,11.783331,8.468192,5.0716634,6.212269,0.0,6.837152,6.505168,12.4349785,15.402916,18.619467,18.101017,16.68161,13.219246,10.926191,9.468624,8.029188,9.043711,8.5694275,13.169807,12.2332325,16.91007,15.756562,17.016438,13.129148,15.722705,13.240978,9.413277,14.914255,11.645051,17.345833,20.17754,22.731926,24.604155,27.523571,30.242916,28.299149,25.714092,22.519262,22.069918,18.536058,16.802336,12.167273,15.388396,11.616117,15.617148,11.327085,15.489626,15.942934,15.922348,10.49791,16.641247,14.305384,15.490916,16.585636,13.8605995,18.20654,22.376057,22.211996,18.508186,22.680084,21.611986,24.00526,28.1703,25.663496,29.053244,24.911095,28.83658,27.470314,25.530746,27.649311,23.784506,27.807644,25.389736,28.743557,27.51245,25.370197,28.057402,27.908445,22.926802,23.083693,19.457481,16.677015,17.489704,11.635027,14.0415535,11.481971,14.7535925,17.02118,18.98641,21.607035,20.525698,21.339582,25.118237,27.295166,27.581951,25.90436,24.872166,21.206299,20.268236,18.168213,16.100782,17.577375,15.8232355,17.882576,20.737667,20.013601,22.779207,21.336367,24.509365,23.09106
8,23.504057,20.64381,18.419407,14.593225,12.648621,10.35572,7.143787,6.837152,0.0,4.629749,6.458863,11.108528,13.596404,12.111418,11.179961,6.902955,6.874133,6.5859056,8.123568,10.820979,12.693758,16.098648,16.979979,21.53068,21.027222,23.18143,19.00451,22.259247,19.21686,14.992872,19.641146,15.13458,20.02539,20.690578,22.783405,24.891237,26.990553,30.466558,29.098806,26.729296,24.150023,23.910616,21.676481,18.890236,16.031612,20.639872,17.36123,21.861479,18.051968,22.214657,22.355272,21.684544,15.787989,20.988424,17.033577,17.734446,17.428457,14.790939,17.910395,21.775404,23.278826,20.035381,25.374523,25.073496,28.091698,32.234245,30.874895,33.97903,30.139692,33.510544,31.364685,29.72768,30.926363,26.617796,29.936884,26.657167,29.737577,27.605988,24.795357,26.734283,25.572142,20.322142,20.905817,17.276775,15.764573,17.483522,11.989106,17.201277,15.513583,19.605745,22.345203,24.864979,27.169645,25.22012,26.534998,30.6166,32.330864,32.08873,30.579197,28.58171,24.711538,23.09324,20.380371,17.83719,17.822815,14.711231,15.5400305,19.607727,19.464396,23.810144,22.707624,26.489733,25.908092
9,25.408785,22.69132,20.131516,17.208899,14.133802,11.298556,9.803286,6.505168,4.629749,0.0,7.1359615,9.043862,12.203736,12.165002,11.125509,8.913048,6.618681,8.087624,7.0897985,11.00837,11.779795,16.26859,17.413858,21.29401,19.830465,21.943214,17.245033,20.074423,16.371023,11.904417,15.962225,10.888461,15.816165,16.23045,18.820002,20.565294,22.944502,26.285162,24.688114,22.485216,19.990582,19.32027,17.233624,14.276476,11.859055,16.924826,14.13708,18.940012,16.06041,20.351637,20.949045,19.76811,14.099442,19.116346,15.622901,15.077077,14.726068,11.127827,14.469531,18.104132,19.145422,15.787595,21.079279,20.696932,23.93295,27.887177,26.998848,29.895323,26.322418,29.530577,27.165316,25.905872,26.973307,22.789242,26.243214,23.072788,26.484615,24.608986,21.746494,24.303232,23.219183,17.811026,17.709846,13.936059,11.954425,13.853156,8.417896,13.807228,12.984068,16.807858,20.018288,22.265009,24.81902,22.318918,23.238106,27.62674,29.365736,29.14141,28.092253,26.13469,22.226698,21.311247,17.793245,16.319927,15.581665,13.706431,15.934679,18.902615,17.996037,22.319782,20.129084,24.06456,22.967842
10,29.88971,27.04423,24.792736,20.84595,19.102016,16.632015,13.537232,12.4349785,6.458863,7.1359615,0.0,7.691805,7.837114,7.357183,8.380761,6.136703,8.28573,10.780938,12.347733,16.205818,18.137512,21.683931,23.229296,27.420198,26.526417,28.815289,24.240335,27.13546,23.480124,18.981285,22.772339,17.24985,21.544123,19.751003,22.15748,23.636536,25.114494,29.134308,27.999249,26.38579,24.694633,23.713274,22.869034,19.131786,17.943497,23.52328,20.854715,25.697643,22.837872,26.845367,26.77966,25.128149,19.230406,23.156992,18.356813,17.901413,16.27773,13.949105,15.380719,18.570694,21.509579,19.027693,25.036154,25.638226,29.02857,33.15788,33.06273,36.00913,32.905373,35.88554,33.088642,32.239788,32.716877,28.429596,31.287664,27.564322,30.683966,28.093409,24.657145,26.413296,24.103388,18.578255,18.647436,15.144205,15.029591,17.82969,13.632338,20.178194,19.72752,23.747768,27.007944,29.384148,31.847593,29.106731,30.14624,34.624577,36.20036,35.7483,34.78397,32.365837,28.431786,27.079817,23.400732,21.604177,19.892626,17.02582,17.762192,21.718857,21.431713,26.823572,25.02365,29.248655,28.748713
11,33.393227,30.248726,28.39722,25.033033,22.046,19.835869,17.11214,15.402916,11.108528,9.043862,7.691805,0.0,5.4657063,5.701811,5.2487965,8.353539,7.2607565,11.674357,11.675928,16.34959,18.06938,21.510637,24.576569,27.409279,25.940336,28.975449,23.874037,27.155666,22.757603,18.576965,20.486729,15.247377,17.22399,14.177905,15.38214,17.281965,18.099382,22.258,21.74257,20.020306,18.878828,18.874643,19.173458,15.589331,16.797005,22.350203,20.888512,25.757479,23.982897,28.371841,29.35771,27.659157,22.293148,26.34566,22.463018,20.376917,18.574759,14.621148,15.466642,17.074059,19.752954,17.47975,23.22213,23.417564,27.42288,30.453333,31.481453,33.323406,30.351072,32.26606,28.787193,28.171858,27.651226,23.302006,25.36198,21.275219,24.17331,21.30049,17.587889,19.341204,16.705399,11.079603,11.007197,7.704339,8.633791,11.729596,9.738572,16.81015,17.819023,21.662098,25.333632,27.960752,30.025862,26.173887,27.50583,32.141884,33.078384,32.10272,31.72685,28.616858,24.800852,23.758144,19.195724,18.48759,14.981611,13.255445,15.053699,17.489204,16.579428,22.498945,19.893185,24.339584,24.090023
12,36.965393,33.978443,31.836823,28.169598,25.775126,23.266563,20.467304,18.619467,13.596404,12.203736,7.837114,5.4657063,0.0,5.49494,8.075817,10.715925,11.7851305,15.876561,16.516123,21.108236,22.82477,26.455412,29.011898,32.320168,30.8416,33.512268,28.47503,31.23335,26.8886,22.529253,24.699228,18.94582,21.427687,17.007252,19.06618,19.888947,20.346146,24.76694,24.172262,23.376366,22.87912,21.6563,22.627502,18.453442,19.816486,25.740173,24.202236,29.123512,27.510574,31.549734,31.929787,29.645782,24.221169,27.284773,22.726685,20.503265,17.916986,15.121677,14.497477,15.671422,19.699177,18.238823,24.28514,25.41135,29.286823,32.68372,34.21121,36.38756,34.031334,36.104095,32.525227,32.491802,31.907011,27.814062,29.827787,25.773945,28.724916,25.791143,21.881853,23.463476,20.048613,14.69825,13.915259,11.190701,12.998269,16.49909,14.81671,21.740973,22.786848,26.478523,30.1964,32.503414,34.87004,31.099428,31.994864,36.74932,37.90334,37.074387,36.85124,33.895252,30.085892,29.192883,24.545168,23.92988,20.387087,18.582844,19.81827,22.610706,21.865108,27.903492,25.181273,29.64296,29.252768
13,34.819622,31.535604,30.047499,25.958445,23.903925,22.056442,18.264126,18.101017,12.111418,12.165002,7.357183,5.701811,5.49494,0.0,3.6825027,6.7731504,9.133806,12.811367,14.674051,18.769033,21.36638,24.000076,27.131567,30.404974,29.659943,32.826492,27.955208,31.580324,27.477919,23.196156,25.722908,20.51876,22.799696,19.733398,20.484524,22.515913,22.759892,27.08745,26.943144,25.310917,24.318205,24.514267,24.84226,21.207062,21.928047,27.522713,25.604895,30.50482,28.082722,32.46504,33.034996,31.46075,25.731777,29.745304,25.18293,23.827858,21.74456,18.699099,19.102022,20.79992,24.317884,22.315777,28.297873,28.80846,32.71237,35.99564,36.883068,38.934452,35.8621,37.877514,34.438026,33.643974,33.080772,28.624556,30.402864,26.13231,28.577112,25.289871,21.564377,22.29299,19.122034,14.117606,14.944115,12.452577,14.067329,16.859358,14.700597,21.806688,22.206196,26.383364,29.836163,32.718292,34.64053,31.057297,32.700974,37.21529,38.097816,37.030075,36.350544,33.043697,29.233164,27.550909,23.543234,21.950733,18.790394,15.798347,15.819347,19.399122,19.393291,25.622437,24.04571,28.408232,28.749157
14,32.725384,29.293684,28.119774,24.199364,21.803333,20.299976,16.420662,16.68161,11.179961,11.125509,8.380761,5.2487965,8.075817,3.6825027,0.0,5.4346275,6.4066396,10.122979,11.918211,15.853834,18.648972,20.880264,24.502645,27.39968,26.79468,30.274065,25.430258,29.483513,25.427462,21.360538,23.686558,19.01976,20.834686,18.746107,18.749407,21.485004,21.832062,25.928188,25.922379,23.718336,22.356237,23.450312,23.38125,20.23973,20.845661,26.059784,24.203037,28.98718,26.422615,31.010864,31.979855,30.833988,25.19149,29.799599,25.6794,24.424,22.785099,19.159023,20.279465,22.128065,24.942934,22.548307,28.273802,28.227402,32.171227,35.16988,35.74776,37.53759,34.069294,35.922577,32.571693,31.35755,30.796549,26.202568,27.891823,23.614777,25.86964,22.57333,19.058126,19.660286,17.038282,12.126513,13.692582,11.210456,12.319695,14.522404,12.302262,19.233028,19.498928,23.781067,27.115435,30.26442,31.895636,28.295835,30.316252,34.676266,35.352505,34.14488,33.324306,29.855837,26.085869,24.16264,20.377813,18.532784,15.470608,12.193473,12.191297,15.751257,15.848076,22.054052,20.824852,25.110014,25.70841
15,28.283594,24.945496,23.70043,19.422596,17.692953,16.302238,11.910191,13.219246,6.902955,8.913048,6.136703,8.353539,10.715925,6.7731504,5.4346275,0.0,5.1164465,6.905803,10.105479,13.306162,16.394026,18.527216,21.256481,24.985155,24.870161,27.97289,23.523745,27.563168,24.062786,19.91372,23.432486,18.86092,22.076742,21.34914,22.106712,24.78779,25.842981,29.739134,29.224058,26.808943,24.803919,25.546125,24.432308,21.419497,20.388748,25.375744,22.747242,27.422606,24.014523,28.474564,29.013882,28.242744,22.382347,27.324324,23.055815,22.915197,21.754192,18.698132,20.643839,23.520056,26.01857,23.21666,28.957829,28.814936,32.38149,35.962063,35.560024,37.97175,34.16806,36.720745,33.92008,32.31846,32.547123,27.935738,30.294767,26.354336,28.828318,25.903242,22.740452,23.631935,21.718668,16.791878,18.245398,15.220099,15.144048,17.065376,13.047955,19.513964,18.633577,23.094048,26.068884,29.171532,30.94978,28.176311,30.151756,34.323822,35.38861,34.531143,33.200275,30.23945,26.391165,24.196169,21.182114,18.450918,17.01132,12.988776,12.428417,17.082136,17.543495,23.049622,22.454453,26.506605,26.885788
16,26.813038,23.454494,22.131063,18.636017,15.690082,14.229721,10.765896,10.926191,6.874133,6.618681,8.28573,7.2607565,11.7851305,9.133806,6.4066396,5.1164465,0.0,4.449746,5.6266546,9.68151,12.332372,14.954505,18.189953,21.273336,20.646637,23.986864,19.262733,23.47956,19.727987,15.77477,18.740149,14.6310835,17.299866,17.53702,17.975147,21.006727,22.417206,25.948332,25.333055,22.515524,20.155125,21.454334,19.992987,17.496477,16.615665,21.229317,18.968222,23.5585,20.511246,25.196894,26.384348,25.80764,20.297531,25.648996,22.200647,21.537106,20.821657,16.87833,19.445324,22.193937,23.749077,20.619759,25.906382,25.176605,28.80856,31.968035,31.486586,33.533566,29.52389,31.864992,29.097862,27.305279,27.559166,22.929703,25.406855,21.62598,24.23376,21.616684,18.69411,20.131517,18.960537,13.99908,15.384483,12.22498,11.160784,12.50086,8.159408,14.467464,13.804323,18.253557,21.35678,24.542675,26.215265,23.176884,25.254648,29.431631,30.373903,29.460423,28.244635,25.261845,21.387964,19.44435,16.153057,13.76246,12.258279,8.810235,9.939601,13.599714,13.417931,18.685469,17.602415,21.676535,21.826332
17,22.75308,19.268106,18.342566,14.7153015,12.00223,11.310695,7.202906,9.468624,6.5859056,8.087624,10.780938,11.674357,15.876561,12.811367,10.122979,6.905803,4.449746,0.0,4.547455,6.4532146,9.936082,11.628402,14.6541195,18.106653,18.24565,21.600878,17.400045,22.05362,19.001469,15.441019,19.074984,15.9038105,18.97509,20.739668,21.021385,24.3153,26.000027,29.1944,28.47083,25.283928,22.417366,24.111465,21.788021,19.910128,17.852219,21.651644,18.911543,23.08912,19.218287,23.877,25.055592,25.228136,19.82626,25.728697,22.622307,22.886776,22.767187,19.141277,22.35613,25.587254,26.662926,23.24331,28.17915,27.064135,30.34767,33.60896,32.22503,34.45697,29.959084,32.603893,30.36846,27.974209,28.766674,24.174149,26.882757,23.465878,25.863558,23.540136,21.170326,22.425716,21.990717,17.537474,19.274765,16.24805,14.615923,15.171478,10.255869,14.963008,13.031825,17.552988,20.04216,23.437304,24.855408,22.60655,25.014378,28.763153,29.773098,28.996883,27.21849,24.52046,20.754652,18.280859,16.205238,12.712421,13.107174,9.020961,9.213111,13.482357,13.872297,18.115328,18.151396,21.713013,22.031662
18,22.706081,19.464504,18.087788,15.550269,11.594707,10.397254,8.406766,8.029188,8.123568,7.0897985,12.347733,11.675928,16.516123,14.674051,11.918211,10.105479,5.6266546,4.547455,0.0,4.794042,6.7369566,10.005673,13.053731,15.880726,15.035072,18.40139,13.733104,18.292593,14.856832,11.389343,14.580219,11.804267,14.659933,17.378263,17.820917,21.036163,23.17005,25.9738,24.971825,21.64343,18.482296,20.242735,17.527596,16.126247,14.03735,17.463354,15.085895,19.214672,15.877386,20.686104,22.407793,22.544956,17.583298,23.563366,21.214403,20.904879,21.13336,16.972723,20.565561,23.641281,23.891996,20.298483,24.71635,23.179104,26.438705,29.413244,27.992407,30.014593,25.464857,28.057337,25.882639,23.476093,24.434288,19.927708,22.976189,19.86516,22.601305,20.76967,18.639076,20.67046,20.789656,16.339472,17.536272,14.453869,11.89105,11.911287,6.5714445,10.477928,8.677856,13.205304,15.997832,19.295925,20.866032,18.327417,20.562977,24.458097,25.534603,24.847425,23.293907,20.780819,16.9146,15.072571,12.459069,9.739364,10.276421,7.8095355,10.312667,12.820463,12.191001,15.848941,14.87237,18.457127,18.14755
19,18.736612,15.340016,14.661336,12.605725,8.473604,8.802841,7.3276134,9.043711,10.820979,11.00837,16.205818,16.34959,21.108236,18.769033,15.853834,13.306162,9.68151,6.4532146,4.794042,0.0,4.2032294,5.4900885,8.885846,11.716056,11.915769,15.547824,11.694372,16.97089,14.602138,12.190384,15.568139,14.451203,17.065512,21.219494,21.214754,24.704746,26.946201,29.319359,28.339443,24.647545,21.094772,23.469011,20.040144,19.50242,16.584646,18.66855,16.067953,19.346985,15.264294,19.91416,21.86166,22.99807,18.549124,24.940598,23.21621,23.69535,24.48265,20.636463,24.627226,27.938358,27.716446,23.966219,27.825016,25.822033,28.654242,31.474041,29.130314,31.119577,26.034344,28.748426,27.218569,24.086218,25.556698,21.245546,24.32848,21.743038,24.05213,22.608175,21.194046,22.908218,23.809158,20.025747,21.62508,18.838633,16.08876,15.330647,10.523045,11.810521,8.523185,12.65793,14.382305,18.006409,19.01836,17.50383,20.260174,23.442612,24.445608,23.855497,21.618158,19.441542,15.879576,13.372125,12.656065,8.711355,11.757432,9.201891,10.744021,13.0689335,13.006147,14.981599,15.453448,18.152018,18.129501
20,18.035183,15.183615,13.820807,13.141987,8.215396,8.025626,9.176305,8.5694275,12.693758,11.779795,18.137512,18.06938,22.82477,21.36638,18.648972,16.394026,12.332372,9.936082,6.7369566,4.2032294,0.0,5.649618,7.171534,9.61761,8.528516,11.792415,7.5694485,12.793919,10.551428,8.751313,12.126429,12.092321,14.894386,20.173626,20.672949,23.752174,26.496958,28.415276,27.014713,23.367064,19.544672,21.570028,17.485558,17.6106,14.0537405,15.115263,12.624922,15.430972,11.519466,16.16266,18.566227,19.933086,16.183907,22.550184,21.719082,22.080393,23.373148,19.52244,23.855724,27.179544,26.139694,22.29021,25.419134,23.028915,25.514723,28.223099,25.387482,27.43581,22.233112,25.238306,24.135271,20.916075,22.978565,19.02031,22.648178,20.693869,23.333828,22.574223,21.499443,23.896332,25.190723,21.43601,22.428179,19.610834,16.262026,15.174073,10.485218,9.517451,5.461148,9.009267,10.582348,13.94556,15.278943,14.147771,16.510485,19.64749,21.009232,20.807028,18.594542,17.159939,13.65713,12.106162,11.484411,8.724713,12.360774,11.531824,14.19155,15.336755,14.514304,15.380378,14.944898,17.25078,16.300247
21,16.535221,13.244729,13.715193,13.201676,9.2377205,11.125627,11.124601,13.169807,16.098648,16.26859,21.683931,21.510637,26.455412,24.000076,20.880264,18.527216,14.954505,11.628402,10.005673,5.4900885,5.649618,0.0,6.178235,6.871471,8.496855,12.685874,10.227679,16.010225,14.870448,14.095193,16.586924,17.433329,19.053123,24.561083,23.906197,27.646214,29.953718,31.698067,30.807802,26.744402,22.895634,26.088072,22.155645,22.6772,19.579779,20.093626,17.88186,19.965687,15.911189,20.082203,22.59561,24.683336,21.226257,27.67175,26.862072,27.597105,28.848927,25.027828,29.251389,32.488663,31.62202,27.802977,30.869112,28.26966,30.695642,32.962337,29.899117,31.460516,25.900723,28.3705,27.511673,23.633675,25.477356,21.573309,24.479273,22.639479,24.38654,23.557331,23.063198,24.567402,26.436666,23.514462,25.341282,22.985538,19.991932,18.375578,14.528154,13.264731,9.44778,12.188228,12.4110985,16.304808,16.306858,15.860151,19.240314,21.40838,22.070572,21.480751,18.585562,16.795246,13.89815,10.889509,12.572368,8.318925,13.412377,11.863043,13.089637,14.016849,14.138298,13.657788,15.471246,16.860626,17.108109
22,11.354927,8.7943325,8.294534,9.633417,5.863725,8.345538,10.80926,12.2332325,16.979979,17.413858,23.229296,24.576569,29.011898,27.131567,24.502645,21.256481,18.189953,14.6541195,13.053731,8.885846,7.171534,6.178235,0.0,5.770864,7.544892,9.318327,8.56941,13.063352,13.497449,13.349349,16.966629,18.129028,21.180101,27.074713,27.609467,30.64426,33.507607,35.155804,33.649345,29.939838,25.959528,27.941647,23.338705,23.943277,19.444014,19.094532,16.24387,17.440847,12.575057,15.937919,18.011494,20.862326,18.13271,24.422764,24.322397,25.988546,27.884676,24.86397,29.472181,33.220406,31.901814,28.01457,30.608912,28.048069,29.7537,32.558624,28.424023,30.78478,25.309467,28.724506,28.66685,24.93923,27.755116,24.36976,28.008936,26.701862,28.9302,28.546629,27.987604,30.041565,31.730793,28.287962,29.531887,26.738354,23.43306,22.233198,17.646042,15.798813,11.480724,13.069452,12.412389,15.127449,15.770951,17.052454,19.342232,21.071255,22.633718,22.942999,19.837957,19.608578,17.058622,15.20527,16.884125,13.647702,18.562723,17.310099,18.668316,20.07798,19.947834,19.285418,20.321724,21.480186,20.736206
23,14.520843,12.462595,13.127312,15.133839,11.592685,13.781448,15.928342,16.91007,21.53068,21.29401,27.420198,27.409279,32.320168,30.404974,27.39968,24.985155,21.273336,18.106653,15.880726,11.716056,9.61761,6.871471,5.770864,0.0,4.658886,7.760332,8.3687935,13.152296,14.060762,15.304044,17.040842,19.83419,21.167643,27.951122,27.552212,30.891119,33.634686,34.645702,33.400272,29.347181,25.26781,28.309454,23.666803,25.244696,21.514433,20.057207,18.268425,18.596537,14.950047,17.937717,20.953749,24.046532,22.155893,28.226734,28.762928,29.807743,31.753212,28.25114,32.79279,36.07854,34.250877,30.4153,32.320732,29.175371,30.789091,32.630024,28.450716,29.861156,24.059006,26.690975,26.994143,22.656225,25.435429,22.473936,25.662128,25.018194,26.655294,26.84313,27.107128,29.016857,31.552748,28.978514,30.394276,28.145205,24.706339,22.67875,19.29496,15.68896,11.827987,12.057448,10.094667,13.150234,12.32861,14.18176,17.231302,17.963306,18.818995,18.896618,15.367725,15.373725,13.667716,11.84281,15.177622,12.495219,18.098799,17.953068,19.644787,19.527029,19.211718,16.70466,18.353611,18.34373,17.808958
24,17.347933,15.605532,14.9686575,17.000616,12.651742,13.624631,16.514513,15.756562,21.027222,19.830465,26.526417,25.940336,30.8416,29.659943,26.79468,24.870161,20.646637,18.24565,15.035072,11.915769,8.528516,8.496855,7.544892,4.658886,0.0,5.01659,4.3056026,9.2016735,9.795682,11.755526,12.716027,16.260372,17.335316,24.509794,24.502134,27.417286,30.44617,31.195093,29.655592,25.77714,21.66609,24.33211,19.49959,21.480349,17.84289,15.761281,14.493805,14.547446,11.766139,14.8636875,18.43209,21.14927,19.682085,25.471678,26.458803,26.921507,28.968643,25.321165,29.833475,32.880344,30.578636,26.814848,28.218382,24.875216,26.389769,28.02636,23.904716,25.217289,19.422766,22.18217,22.542364,18.34329,21.432941,18.6971,22.327824,22.016047,24.098099,24.678589,24.937069,27.488995,30.018023,27.297428,28.150234,25.906633,22.19712,20.089005,17.036974,12.296557,8.782128,7.8062367,5.5462074,8.640548,8.400838,10.054468,12.6901045,13.848154,15.128038,15.502407,12.390333,12.873963,10.894298,10.498246,12.8255415,11.56789,16.602905,17.537352,20.315975,19.672998,18.588264,16.252426,16.358568,16.504364,14.932217
25,16.434982,15.793355,14.376633,17.60809,13.812471,14.448456,18.53325,17.016438,23.18143,21.943214,28.815289,28.975449,33.512268,32.826492,30.274065,27.97289,23.986864,21.600878,18.40139,15.547824,11.792415,12.685874,9.318327,7.760332,5.01659,0.0,5.2560496,6.3280425,9.375773,12.381159,13.651626,17.571304,19.467548,26.721766,27.590416,29.839622,33.25022,33.807983,31.791044,28.317526,24.264105,25.86166,20.650484,22.819822,18.361383,15.146624,13.815195,12.39032,9.857252,11.462987,15.100782,18.474955,18.294996,23.478508,25.41527,26.319956,28.882875,25.8726,30.529192,33.774464,30.955553,27.271603,27.954056,24.581642,25.299091,27.149359,22.02788,23.90626,18.342468,21.889713,23.12683,19.27386,23.157907,21.136795,25.19714,25.39417,27.782206,28.719164,28.940853,31.86812,34.2639,31.2514,31.648375,29.187035,25.326756,23.526403,20.214466,15.294996,12.047918,10.053245,7.21914,7.596634,8.240189,11.854001,12.797197,13.186934,15.455766,16.83433,13.9330435,15.983552,14.574233,15.119461,17.04653,16.361238,21.033024,22.048742,24.900417,24.558256,23.353437,21.114117,20.673414,20.70375,18.449112
26,18.34236,16.77991,14.936334,16.724253,12.053574,11.8220825,15.40516,13.129148,19.00451,17.245033,24.240335,23.874037,28.47503,27.955208,25.430258,23.523745,19.262733,17.400045,13.733104,11.694372,7.5694485,10.227679,8.56941,8.3687935,4.3056026,5.2560496,0.0,5.9208755,5.69751,7.745076,9.361472,12.673084,14.754233,21.747442,22.700956,25.024513,28.383144,29.277266,27.313194,23.82453,19.773249,21.352737,16.295132,18.063505,13.880383,11.721806,10.205256,10.500117,7.765266,11.322772,14.962897,17.20254,15.760859,21.40074,22.548382,22.806332,24.971912,21.4622,26.026966,29.14266,26.648897,22.886812,24.201344,20.987183,22.440948,24.543722,20.407532,22.316467,16.75971,20.227964,20.435314,16.859118,20.225735,17.480698,21.71797,21.283993,24.038704,24.583189,24.365227,27.460028,29.501446,26.215065,26.494394,23.95497,20.095875,18.434486,14.989256,10.317648,6.942433,5.659076,4.8174696,6.94158,8.748825,9.638272,10.955035,13.220256,15.338409,16.119581,13.808048,14.464567,11.938199,12.457125,12.9335375,12.452745,16.483063,17.619295,20.943829,20.684977,19.20141,17.994812,16.742086,17.675592,15.304798
27,20.397688,19.84634,17.141516,19.773277,15.669311,14.711948,19.268227,15.722705,22.259247,20.074423,27.13546,27.155666,31.23335,31.580324,29.483513,27.563168,23.47956,22.05362,18.292593,16.97089,12.793919,16.010225,13.063352,13.152296,9.2016735,6.3280425,5.9208755,0.0,4.8691425,8.743603,9.673658,13.62111,16.200481,23.065207,25.091328,26.375284,30.177105,30.667702,28.090597,25.264034,21.462639,21.555063,16.205902,18.399511,13.624835,9.462201,8.582919,6.128032,5.5870104,6.771324,11.079707,13.517138,14.143632,18.543943,21.132126,21.392534,24.151508,21.374332,25.898909,28.962605,25.604551,22.10061,22.125143,18.784153,19.1477,21.35854,16.083052,18.689651,13.57824,18.080275,19.287098,16.45193,20.682695,19.015953,23.676872,23.981138,27.096828,28.181898,27.99069,31.612894,33.52376,30.056456,29.614687,27.000193,23.047,21.713308,18.55153,13.593428,11.459953,8.757607,7.5931983,5.657663,9.073555,11.271611,10.018641,11.757393,15.065079,16.928617,15.316009,17.47286,15.633595,17.363058,17.350962,17.916441,21.24576,22.862015,26.47638,26.180464,24.385855,23.170198,21.043362,21.766695,18.522005
28,22.576235,21.280159,18.540213,19.962677,15.329123,13.702785,17.498281,13.240978,19.21686,16.371023,23.480124,22.757603,26.8886,27.477919,25.427462,24.062786,19.727987,19.001469,14.856832,14.602138,10.551428,14.870448,13.497449,14.060762,9.795682,9.375773,5.69751,4.8691425,0.0,4.5414596,5.1625977,8.872033,11.573012,18.265545,20.418503,21.698883,25.478802,26.233044,23.695303,20.862442,17.087044,17.101078,11.8060875,13.742832,9.312384,6.049049,5.352314,5.6979628,5.6937513,9.070855,12.856087,13.809846,12.960331,17.721706,19.399282,18.75163,21.032446,17.581795,21.986406,24.820183,21.70149,18.088852,18.728134,15.433361,16.748003,19.106337,15.160671,17.559408,12.503494,16.675955,16.701212,14.209408,17.822302,15.502491,20.296738,20.05829,23.504673,24.2796,23.715214,27.510792,29.108313,25.472704,24.837366,22.217203,18.262403,17.056688,14.049644,9.253652,7.87558,5.641747,6.916016,6.5614963,10.199522,9.746042,8.763324,12.336198,15.17785,16.361528,15.330197,16.23126,13.617786,15.430828,14.001932,15.070807,17.426725,19.318472,23.344055,22.979876,20.905336,20.578657,17.63609,19.105852,15.764492
29,22.676094,20.925869,17.948402,18.223158,13.594645,11.212693,14.356619,9.413277,14.992872,11.904417,18.981285,18.576965,22.529253,23.196156,21.360538,19.91372,15.77477,15.441019,11.389343,12.190384,8.751313,14.095193,13.349349,15.304044,11.755526,12.381159,7.745076,8.743603,4.5414596,0.0,5.862351,5.640728,10.484521,15.889095,18.557377,19.88357,23.541138,25.038038,22.574736,19.889925,16.299932,15.803272,11.003292,11.383925,6.3306394,6.6496415,4.095304,7.902648,6.3298035,10.7667265,13.4197445,13.414949,10.696315,16.045876,16.46315,15.672045,17.537594,13.797196,18.318785,21.464481,19.114347,15.289092,17.317352,14.7709055,16.889456,20.065825,17.19535,19.979671,15.538985,19.492704,18.536253,16.610323,19.383879,16.283564,20.939564,19.733158,23.430386,23.46672,22.180548,25.891283,26.80422,22.581387,21.907658,18.89486,15.077593,14.594584,10.612958,8.089575,6.735847,7.291277,9.995587,10.882608,14.153264,12.634383,12.324872,16.44365,18.91119,19.584146,18.626759,18.454979,15.171117,16.18916,13.693985,14.164495,15.684946,16.85848,20.785732,21.187136,19.234646,20.300253,17.226063,19.668247,16.81741
30,27.024414,25.286524,22.797928,23.453215,18.58871,16.71862,19.438408,14.914255,19.641146,15.962225,22.772339,20.486729,24.699228,25.722908,23.686558,23.432486,18.740149,19.074984,14.580219,15.568139,12.126429,16.586924,16.966629,17.040842,12.716027,13.651626,9.361472,9.673658,5.1625977,5.862351,0.0,6.169412,6.5760493,13.63428,15.618864,16.717554,20.515871,21.090113,18.575777,15.724659,12.018914,12.230041,7.0113397,9.665674,7.4727235,5.274368,6.9776936,8.696665,10.285674,13.566718,17.043167,16.864244,15.505533,19.711266,20.81203,18.852133,20.461714,16.255991,20.07041,22.097511,18.898075,15.47993,16.075747,12.541384,14.8047085,16.397833,14.255787,15.607706,10.89496,14.016979,12.790929,10.826355,13.632529,11.010175,15.888139,15.519569,19.281471,20.13102,19.481625,23.62573,25.154963,21.7576,20.712868,18.474443,14.535457,13.094941,11.5488825,6.1437097,7.4978023,5.4158964,8.489849,8.749948,11.734008,8.697759,7.6476364,12.403378,14.508561,15.027832,15.041736,14.928728,12.085308,14.548762,11.53719,14.050063,14.8209,17.720116,22.323414,21.253235,18.667517,18.839762,14.640936,16.531166,12.836257
31,27.858908,25.798908,22.923683,22.363981,17.83561,15.124699,16.905682,11.645051,15.13458,10.888461,17.24985,15.247377,18.94582,20.51876,19.01976,18.86092,14.6310835,15.9038105,11.804267,14.451203,12.092321,17.433329,18.129028,19.83419,16.260372,17.571304,12.673084,13.62111,8.872033,5.640728,6.169412,0.0,6.768469,10.415112,13.943413,14.642403,18.357544,20.147741,17.579863,15.358438,12.314043,10.783689,6.915282,5.9233313,3.0961733,7.161162,6.8420806,11.16178,11.487529,15.309389,17.527134,16.146873,13.051152,17.227371,16.817005,14.327328,15.235845,10.568393,14.391666,16.783958,14.589161,10.850467,13.578521,11.451906,14.718004,17.714817,16.893621,19.14322,15.679782,18.801638,16.600405,15.830341,17.469486,14.153029,18.538054,16.790918,20.889616,20.639439,18.789654,22.860674,23.165056,18.7458,17.310616,14.364786,10.6591425,10.816345,8.003713,7.3199916,8.800263,9.854883,13.503281,14.427617,17.4975,14.343599,13.79018,18.570826,20.565695,20.759249,20.715397,19.703983,16.265844,17.619764,13.459178,15.037188,14.3846445,16.197067,20.58452,20.662025,18.27259,20.481209,16.191994,19.352055,16.454826
32,31.940912,29.662184,27.498638,27.16517,22.293318,20.311852,21.572172,17.345833,20.02539,15.816165,21.544123,17.22399,21.427687,22.799696,20.834686,22.076742,17.299866,18.97509,14.659933,17.065512,14.894386,19.053123,21.180101,21.167643,17.335316,19.467548,14.754233,16.200481,11.573012,10.484521,6.5760493,6.768469,0.0,7.8409986,9.1050625,10.386325,14.005244,14.792329,12.6353445,9.472312,5.8590264,7.2840943,4.3265924,6.4654784,9.011653,10.104333,12.001252,14.750178,16.235895,19.794088,22.842182,21.842993,19.576393,23.392954,23.383558,20.306744,20.803448,15.887509,18.56869,19.45593,16.938486,14.027681,15.387823,12.455484,16.01012,16.754118,17.329464,17.47717,14.005413,15.126759,11.860811,11.074199,11.360912,7.7290626,11.873407,10.399382,14.620039,15.014252,13.846363,18.340063,19.482067,16.344875,14.807914,13.1936,9.561744,7.8791575,9.155824,5.8203645,9.861981,9.686074,13.288457,14.46314,16.487255,11.723909,11.682245,16.425573,17.317448,16.749216,17.643923,15.872426,12.861476,15.125177,10.213059,13.84015,11.976809,15.738317,20.668161,18.971287,15.947617,17.36877,11.89245,14.719261,11.494178
33,37.512592,35.011497,32.611332,31.313454,26.867487,24.352318,24.54713,20.17754,20.690578,16.23045,19.751003,14.177905,17.007252,19.733398,18.746107,21.34914,17.53702,20.739668,17.378263,21.219494,20.173626,24.561083,27.074713,27.951122,24.509794,26.721766,21.747442,23.065207,18.265545,15.889095,13.63428,10.415112,7.8409986,0.0,6.2147126,4.67452,8.249442,10.713962,8.523344,7.6062365,7.463563,5.0663548,8.09546,5.7984056,11.711312,15.295126,16.780664,20.339813,21.803215,25.27727,27.447762,25.290754,22.325369,25.059954,23.851187,19.68349,18.822746,14.001474,14.669362,13.994705,12.847844,11.13591,13.806258,12.904084,17.193996,18.217003,21.111074,21.394217,19.722565,20.35487,16.19705,17.30366,16.076591,13.083133,15.358859,12.718097,16.75597,15.991989,13.360984,17.714085,16.955416,13.280042,10.03381,8.77429,7.049392,8.046264,10.896223,12.40627,16.151896,17.18425,20.966124,22.102423,24.320139,19.506037,19.211721,23.923033,24.704767,23.934647,25.199055,22.898024,19.896574,21.508673,15.959938,18.994888,15.117508,18.047997,22.507841,21.423815,18.566221,21.946964,16.38818,19.96151,17.691826
34,38.665882,35.833717,34.170406,32.79933,28.204016,26.36686,25.950514,22.731926,22.783405,18.820002,22.15748,15.38214,19.06618,20.484524,18.749407,22.106712,17.975147,21.021385,17.820917,21.214754,20.672949,23.906197,27.609467,27.552212,24.502134,27.590416,22.700956,25.091328,20.418503,18.557377,15.618864,13.943413,9.1050625,6.2147126,0.0,5.0557833,6.156039,8.2410555,8.383213,5.136646,5.403158,9.027824,11.477636,11.045659,16.143742,18.875418,20.419971,23.708033,24.749748,28.610731,31.32408,29.867414,26.754045,30.30562,29.065622,25.345198,24.548832,19.52417,20.41936,19.726288,19.018166,17.306408,19.652103,18.097607,22.191565,22.167738,24.87835,24.09768,21.772984,21.198261,16.769728,16.978502,14.461897,10.984383,11.491462,7.811035,11.247562,9.974975,7.3529005,11.833836,11.837863,9.734252,7.425968,8.188851,7.1983256,5.972194,11.512877,12.420957,16.445143,17.58817,21.10403,22.991018,24.246328,18.86417,19.779564,24.046103,23.843489,22.273994,23.621122,20.327963,17.637667,18.89335,13.37391,16.816496,11.9936285,15.75075,20.125307,17.796421,14.78558,17.966488,12.405876,15.860054,14.576105
35,41.413918,38.835995,36.682804,35.462284,30.907114,28.614407,28.659613,24.604155,24.891237,20.565294,23.636536,17.281965,19.888947,22.515913,21.485004,24.78779,21.006727,24.3153,21.036163,24.704746,23.752174,27.646214,30.64426,30.891119,27.417286,29.839622,25.024513,26.375284,21.698883,19.88357,16.717554,14.642403,10.386325,4.67452,5.0557833,0.0,4.213831,6.070303,4.4666667,4.553483,6.9621615,6.2876983,10.779009,9.908018,16.00861,18.74267,20.793173,23.876661,25.77177,29.115572,31.55096,29.460688,26.834663,29.3651,28.364445,23.993912,23.00508,18.401009,18.456545,16.825209,15.68154,14.821213,16.401451,15.439613,19.483034,19.210873,23.085773,22.285698,21.163807,20.568937,15.948768,17.601767,15.1616335,12.869087,13.725228,11.303559,14.826501,14.309702,12.032901,16.313084,15.677852,13.427268,9.909653,10.45135,9.878855,10.011866,14.471042,15.2402,19.357868,19.957926,23.507471,24.601603,26.356073,21.16295,20.9687,25.32755,25.524673,24.393644,26.202902,23.610905,21.111637,22.986298,17.485874,21.127708,16.702127,20.244143,24.639254,22.720503,19.729952,22.757925,16.97189,20.106213,18.085882
