,0,1,2,3,4,5,6,7,8,9,10,11,12,13,14,15,16,17,18,19,20,21,22,23,24,25,26,27,28,29,30,31,32,33,34,35,36,37,38,39,40,41,42,43,44,45,46,47,48,49,50,51,52,53,54,55,56,57,58,59,60,61,62,63,64,65,66,67,68,69,70,71,72,73,74,75,76,77,78,79,80,81,82,83,84,85,86,87,88,89,90,91,92,93,94,95,96,97,98,99,100,101,102,103,104,105,106,107,108,109
0,0.0,4.401277,6.948394,9.280894,12.113414,13.5226965,17.440079,21.708696,24.283045,27.387203,31.462149,35.288002,33.647327,32.054466,27.773302,26.440279,22.042566,23.059584,17.202564,16.756388,14.410316,12.966107,16.565687,15.900993,15.5490055,19.38874,20.501364,20.589676,20.272652,18.745302,21.770945,19.454645,27.106064,22.159527,27.064558,26.548422,27.610123,28.601566,24.837626,22.901333,27.348452,24.205103,27.10654,26.75965,26.463184,25.895037,26.683535,27.86194,27.351818,31.011536,29.585314,27.674227,32.34168,34.346535,31.305943,32.34807,36.780624,35.859562,34.890537,37.521984,41.296078,38.36014,39.695152,43.471924,45.314594,43.57718,44.0847,44.231365,40.06805,37.435276,35.412567,31.179237,29.939238,25.291466,25.833044,21.73883,20.691666,20.031597,15.364016,18.00368,12.985917,15.524545,19.050438,19.085949,18.24373,22.17439,19.389599,23.826416,25.946453,26.895575,30.635077,31.31856,36.44979,36.036118,40.12621,38.2494,34.558205,35.932175,30.382854,32.995064,28.673054,28.547934,28.572376,26.795204,25.768164,29.888968,29.623796,33.368755,35.452785,39.441475
1,4.401277,0.0,4.35289,6.7818756,8.357756,10.768714,13.63707,18.396431,20.79578,23.948092,28.15878,31.702284,30.619415,29.183239,25.058977,23.531555,19.282413,19.940372,14.848958,13.600296,12.18605,10.612624,14.483045,14.951955,15.692099,19.102598,19.044628,19.56761,17.829458,17.187605,18.913609,17.292152,24.810736,20.223682,25.13253,24.690916,26.421589,27.280142,23.786499,21.763845,25.689747,22.861975,24.820763,24.601843,24.955933,23.64464,25.403318,26.162577,25.27595,28.894178,27.536312,24.987288,29.676956,31.837267,28.29674,29.130827,33.72112,32.716118,31.350136,34.013992,38.039062,34.83348,35.894516,39.72316,41.644398,39.858643,40.13645,40.077812,36.02681,33.362225,31.31721,27.104761,25.6712,21.097202,21.448462,17.416769,16.31948,16.05103,11.235636,14.545448,10.13285,12.813249,16.6425,16.319561,14.868096,18.967442,15.496696,20.255667,21.979408,23.079868,26.801987,27.661455,32.833504,32.3416,36.571358,34.905987,31.3119,32.61171,27.074856,29.377567,25.268456,24.8111,25.045042,22.864046,21.657677,25.664072,25.417519,29.073107,31.137077,35.1589
2,6.948394,4.35289,0.0,5.3639092,6.9754777,7.082998,11.469266,14.93328,17.96289,20.67676,25.113554,28.583502,27.019014,25.723501,21.268433,20.273323,15.958459,17.410292,12.071671,12.61983,11.592705,11.456218,16.01891,16.511639,18.149017,20.761665,20.798971,20.378365,17.872519,16.82588,17.657202,14.923869,22.01514,16.854832,21.668747,20.759367,22.682486,23.882114,20.71835,19.108885,23.106438,21.143656,23.036108,23.600616,24.68032,23.691574,26.013226,27.25568,26.908966,29.934368,28.039251,25.703932,30.70434,32.205902,28.309227,29.852472,34.05221,32.40762,31.141376,34.189224,37.86608,34.0823,35.549076,39.34114,40.945766,38.668636,38.773354,38.6596,34.26378,31.39401,29.82342,25.17705,24.294258,19.790943,20.38656,17.078596,15.923505,17.564476,12.492083,16.772041,13.363002,16.122149,20.000542,19.086306,16.824097,20.506676,16.277775,20.228512,21.62052,21.952173,25.478487,25.700016,30.9163,29.916832,34.261814,32.869648,29.226135,30.995985,25.63309,28.291485,24.781334,24.86314,25.945765,23.513527,22.35802,26.071053,24.97296,28.794783,30.270884,34.48704
3,9.280894,6.7818756,5.3639092,0.0,4.3284817,6.0534286,9.097652,13.809033,15.49172,19.102274,22.557316,26.898788,25.318148,23.382767,19.710194,17.58588,13.3033,13.83277,8.256963,7.994871,6.2549353,6.7829623,11.58034,11.967807,14.561838,16.262505,16.243687,15.283254,12.736358,11.471975,12.842956,10.52761,18.149403,13.881315,18.805607,19.052776,20.584515,20.9663,17.419022,15.211536,18.929459,16.272957,18.222797,18.407042,19.317373,18.484228,20.767403,22.237545,22.391607,25.025038,22.875147,20.979958,26.139877,27.222359,23.609238,25.68894,29.509794,27.797953,27.054388,30.171131,33.408504,29.941393,31.900518,35.58173,37.026337,34.91638,35.55893,36.08173,31.595371,29.091007,27.157892,22.923338,22.407595,17.576916,19.53998,15.46008,16.164425,17.349709,13.221436,17.882275,14.565689,15.541538,18.902216,16.890163,14.28423,17.05366,13.554498,16.246445,18.410065,18.42627,22.040735,22.31897,27.39954,27.100794,31.000223,29.036402,25.315693,26.850574,21.380573,24.349417,20.457584,21.21369,22.420223,20.773344,20.457489,24.51954,22.52875,26.87684,28.309196,32.297333
4,12.113414,8.357756,6.9754777,4.3284817,0.0,5.7710657,5.497172,11.432655,12.755324,16.437555,20.160883,23.987804,23.306675,21.682604,18.273329,15.927146,12.048131,11.862576,8.315158,6.1719475,7.036562,7.2510357,11.5252495,13.408246,16.601334,17.994963,16.560434,16.441084,12.067035,12.458502,11.433087,10.681574,17.572363,14.078107,18.723877,18.976568,21.405403,21.668533,18.696877,16.562244,19.316483,17.254143,17.655495,17.989553,19.744816,17.80619,21.283333,22.038076,21.561384,24.17051,22.27422,19.449547,24.476152,25.874836,21.60036,23.239328,27.31821,25.570803,24.182936,27.300652,30.960861,27.13929,28.617352,32.39014,33.99488,31.845898,32.12386,32.299816,27.988186,25.404373,23.414854,19.167171,18.296316,13.512351,15.219906,11.2349205,12.061162,13.98688,10.185335,15.334541,13.266963,14.139891,17.485043,15.239126,11.956201,14.767961,10.224876,13.358328,14.791791,15.085555,18.71204,19.32053,24.502115,24.06112,28.219177,26.601158,23.044992,24.441608,18.993862,21.409687,17.857285,18.004263,19.499664,17.222792,16.628363,20.466423,18.52323,22.732368,24.16355,28.224022
5,13.5226965,10.768714,7.082998,6.0534286,5.7710657,0.0,6.7396708,8.450858,11.466617,14.116632,18.27184,22.112116,20.124865,18.661884,14.342123,13.235571,8.918776,10.995351,6.1478243,9.230915,9.564449,11.58398,16.185709,17.12079,20.330183,21.323502,20.88863,19.38015,15.356132,14.342358,13.031302,9.370951,15.453495,10.316904,14.958643,14.196558,16.706879,17.728346,15.169394,13.88201,17.176245,16.528095,17.535618,19.14947,21.503935,20.668676,24.086544,25.746304,26.144255,28.064817,25.482431,23.455973,28.69767,29.137505,24.818491,27.441692,30.835514,28.297455,27.311954,30.845581,33.825138,29.388187,31.548637,35.169823,36.258255,33.42126,33.516315,33.654034,28.815952,25.922037,24.814735,19.909246,20.073526,15.698841,17.537313,15.057381,15.22783,18.917616,14.68711,19.961082,17.948664,19.636587,23.148447,21.002508,17.66798,20.101017,15.44356,17.300615,18.340477,17.35353,20.4655,19.814991,24.940235,23.614285,27.873009,26.640226,22.980585,25.234333,20.221172,23.344725,20.755682,21.828596,24.17161,21.824451,21.244501,24.54743,21.750908,25.964949,26.5381,30.784868
6,17.440079,13.63707,11.469266,9.097652,5.497172,6.7396708,0.0,7.1239657,7.5112476,11.28627,14.981935,18.579857,18.420698,16.9947,14.111124,11.484796,8.443524,7.65075,7.4825263,6.0813923,9.327432,10.806677,14.177515,16.671381,20.666523,21.01565,18.839247,18.373106,12.376295,13.635892,9.444266,9.488437,14.380411,11.981184,15.835489,16.221323,19.486174,19.540747,17.514273,15.775108,17.227594,16.566902,15.235912,16.48117,19.63514,17.255754,22.04308,22.689537,22.405537,24.117054,21.932756,18.872534,23.804361,24.574884,19.607796,21.7402,25.288729,22.827488,21.172218,24.649559,28.04869,23.435434,25.072937,28.769758,30.088316,27.443726,27.383268,27.428736,22.87814,20.15312,18.529205,13.949163,13.680079,9.069492,11.653817,8.980757,10.809741,14.890168,12.218865,17.567957,17.086002,17.607838,20.534601,17.735117,13.7738,15.409592,10.293558,11.503452,11.773744,10.998433,14.230334,14.354167,19.595926,18.713072,23.073875,21.90212,18.477345,20.167278,15.068006,17.3817,15.022067,15.516764,18.271278,15.617464,15.233257,18.302422,15.03067,19.354288,19.984964,24.153488
7,21.708696,18.396431,14.93328,13.809033,11.432655,8.450858,7.1239657,0.0,5.1033587,5.819341,10.904571,13.786298,12.403503,11.761125,7.753947,7.37306,5.448792,7.7778053,9.117859,12.068478,14.679099,17.173214,20.803413,22.722313,26.794098,26.776178,25.198114,23.702957,17.900259,18.199417,13.325779,11.091877,12.735222,9.705191,12.149669,11.049215,15.415975,16.270647,15.7656,15.399538,16.311687,18.067923,16.445555,19.34086,23.421268,21.925398,26.892244,28.192465,28.594584,29.495905,26.745152,24.338919,29.194973,28.940817,23.841417,26.818472,29.454699,26.054773,24.631994,28.464895,31.044703,25.533873,27.724522,31.092081,31.721483,28.114302,27.471706,27.177652,22.083958,18.884253,18.837412,13.482202,14.837816,11.833621,13.9769125,14.082837,14.772231,20.703066,17.821045,23.138298,23.053328,24.36066,27.460495,24.810143,20.81014,22.14781,17.02597,17.028908,16.36467,14.061252,15.9385805,14.182966,18.98394,16.428602,21.074663,20.955902,17.742466,20.57693,16.670847,19.357628,18.913002,20.206335,23.89954,21.067352,20.573954,22.549105,18.431995,22.242018,21.4913,25.73903
8,24.283045,20.79578,17.96289,15.49172,12.755324,11.466617,7.5112476,5.1033587,0.0,4.7833996,7.48232,11.616381,11.330068,9.866325,8.418482,5.182818,5.444668,4.3640246,9.560464,10.899002,14.256171,16.866169,19.551514,21.830938,26.371885,25.551207,23.372126,21.90353,15.497288,16.620222,10.282602,10.148552,10.126432,10.021875,11.606854,12.375808,16.331802,15.993105,15.663419,14.874431,14.289208,16.09661,12.902809,15.803268,20.442862,18.519737,24.075191,25.112719,25.66855,25.921244,23.131927,20.776506,25.376457,24.684412,19.492487,22.849213,24.939075,21.262829,20.007261,23.956978,26.150122,20.550234,23.099918,26.33718,26.78822,23.182734,22.880508,23.15453,17.929546,15.12177,14.684938,9.778086,11.928601,9.10584,12.969861,12.911523,15.408738,20.723358,18.969976,24.129902,24.394152,24.631546,27.158741,23.897068,19.763252,19.982878,15.592667,13.758538,12.967166,9.763846,11.213401,9.174133,14.06411,12.158886,16.579006,16.062775,12.810865,15.491785,11.7026,14.417673,14.522303,16.402643,20.607492,18.343868,18.629877,20.445652,15.225061,19.370245,18.324251,22.255526
9,27.387203,23.948092,20.67676,19.102274,16.437555,14.116632,11.28627,5.819341,4.7833996,0.0,5.9205217,8.006449,7.5893865,7.6771975,6.078311,5.882904,7.8439746,8.6822195,13.183749,15.525676,18.698833,21.344442,24.250153,26.476746,30.932926,30.224527,28.150373,26.578905,20.268019,21.160637,14.950597,14.006833,12.320589,11.999379,12.230623,11.721935,16.377611,16.658134,17.468727,17.540691,16.67071,19.679588,16.46312,19.90291,24.766195,23.05889,28.646309,29.755222,30.312035,30.391064,27.572813,25.24399,29.614706,28.717066,23.45709,26.736324,28.525612,24.577478,23.125885,27.037231,28.992748,22.936441,25.31417,28.295815,28.43169,24.294493,23.258154,22.907259,17.608047,14.401399,15.343941,10.218779,13.027406,11.745781,14.3608465,15.955834,17.415771,23.697872,21.849789,26.90925,27.612877,28.407722,31.091583,28.088186,23.938196,24.349764,19.646828,18.096544,16.571192,13.335028,13.768557,10.946883,14.900904,11.385027,16.093256,16.860537,14.240637,17.416285,14.885913,17.104317,18.420954,20.069283,24.484526,21.821844,21.715456,22.748125,17.64361,21.016325,19.158028,23.057034
10,31.462149,28.15878,25.113554,22.557316,20.160883,18.27184,14.981935,10.904571,7.48232,5.9205217,0.0,6.402539,6.025823,4.6281953,7.871933,5.9413466,10.101161,9.411782,15.43189,17.500486,20.610495,23.576511,25.722738,27.80518,32.567284,30.94621,28.810246,26.766064,20.624819,21.60703,14.991413,14.97861,10.324072,13.086141,11.536053,12.772222,16.508663,15.624881,17.21106,17.408836,14.770972,18.606882,14.206918,18.010906,23.303986,21.924423,27.60375,28.851221,30.025696,29.077599,25.995499,24.42269,28.370232,26.421339,21.562317,25.663424,26.225506,21.697468,21.038044,25.031372,25.766823,19.646303,22.983812,25.421822,24.830086,20.342333,19.831314,20.496264,14.924587,12.5747,13.828293,10.243838,14.318298,13.822114,17.648327,18.973055,21.694798,27.273745,26.105347,31.072733,31.743359,31.726933,33.9465,30.414896,26.296486,25.624657,21.970337,18.568573,17.271477,13.109004,12.259648,8.155645,10.628557,7.275591,10.995645,11.670704,9.3985,13.055664,12.081785,14.508989,17.079447,19.823196,24.651854,22.950256,23.73056,24.546778,18.420387,21.84571,19.376787,22.513117
11,35.288002,31.702284,28.583502,26.898788,23.987804,22.112116,18.579857,13.786298,11.616381,8.006449,6.402539,0.0,6.48434,8.632582,11.0974655,11.481794,15.107326,14.891354,20.629652,22.29827,25.78032,28.348415,30.560274,33.085907,37.764996,36.521885,33.93428,32.487877,25.937483,27.412144,20.51236,20.75807,16.658575,18.552423,16.979776,16.902468,21.16599,20.964233,22.981724,23.454973,21.063164,24.966347,20.471096,24.028229,29.343618,27.390347,33.38599,34.131405,34.683502,33.928223,31.2693,28.995142,32.49606,31.016262,25.841166,29.036999,29.74593,25.420553,23.844503,27.481325,28.592735,22.131168,24.316504,26.507383,25.925781,21.159277,19.198366,18.417723,13.35563,10.495834,13.511373,10.3079405,14.224643,15.564626,17.744791,20.84311,22.59896,28.945492,28.134712,32.726585,34.294273,34.716724,36.959946,33.790005,29.656435,29.25082,25.11207,22.437988,19.999094,16.472113,14.916391,11.48946,12.663473,7.524908,11.54183,14.45247,13.621382,16.651386,16.709684,17.597397,21.130455,22.747442,27.578794,25.13565,25.30218,25.00722,19.464705,21.608164,18.312052,21.251217
12,33.647327,30.619415,27.019014,25.318148,23.306675,20.124865,18.420698,12.403503,11.330068,7.5893865,6.025823,6.48434,0.0,3.8633616,6.3583026,8.566907,12.346778,13.729217,18.20758,21.770273,24.451694,27.63399,30.410069,32.15242,36.733368,35.3996,33.80102,31.381662,25.618233,25.86238,19.93683,18.264086,13.381458,14.5244465,11.970756,11.316738,15.330513,15.50953,18.188976,19.39468,17.291744,22.060558,18.75146,22.973108,28.103586,27.33788,32.65569,34.319042,35.662846,34.83309,31.571356,30.216843,34.322315,32.277214,27.533863,31.651321,32.225384,27.62929,27.00266,30.953993,31.545849,25.370592,28.587442,30.850441,30.024252,25.25795,24.233032,24.304035,18.961887,16.374815,18.665352,14.849555,18.713942,18.50072,21.284153,23.28116,24.901073,31.224833,29.42028,34.4963,35.083035,35.80964,38.418224,35.18874,31.041182,30.931879,26.75241,24.129,22.748667,18.827814,18.0987,14.083006,15.886442,11.643726,14.7751665,16.442692,14.759134,18.581997,18.037947,20.463745,23.049356,25.618397,30.386292,28.2889,28.60034,29.215445,23.54023,26.53693,23.773642,26.973259
13,32.054466,29.183239,25.723501,23.382767,21.682604,18.661884,16.9947,11.761125,9.866325,7.6771975,4.6281953,8.632582,3.8633616,0.0,5.573699,5.9015784,10.100128,11.140432,15.720337,19.416948,21.840696,25.232687,27.827623,29.309645,33.946144,32.292816,30.921381,28.15884,22.716707,22.69115,17.021646,15.2675295,9.645447,11.716697,8.80878,9.499508,12.988999,12.446532,14.976313,16.029535,13.524052,18.393898,15.112309,19.45743,24.537907,24.147274,29.229225,31.151325,32.871063,31.829222,28.362364,27.482018,31.698694,29.32803,24.881798,29.461704,29.81801,25.148119,25.070562,29.123003,29.398258,23.508656,27.297892,29.591263,28.711054,24.132254,23.84572,24.668104,19.136879,16.882082,18.422703,14.762252,18.69144,17.772062,21.399315,22.487022,24.757486,30.50899,28.685112,33.88245,34.03188,34.37401,36.86552,33.39954,29.30981,28.917837,25.185308,22.033009,21.272858,17.101547,16.612423,12.45339,14.506719,11.293091,14.020179,14.561115,12.326223,16.303102,15.453442,18.55186,20.699594,23.865225,28.581661,26.99595,27.713335,28.816164,22.830126,26.366747,23.943151,27.105175
14,27.773302,25.058977,21.268433,19.710194,18.273329,14.342123,14.111124,7.753947,8.418482,6.078311,7.871933,11.0974655,6.3583026,5.573699,0.0,5.09555,7.074001,10.197073,12.745864,17.443104,19.520496,22.844625,26.200651,27.50852,31.823887,30.909277,29.913378,27.258558,21.988758,21.478321,16.567762,13.352556,10.446969,8.989998,7.805444,6.077718,10.861301,11.769074,13.469545,14.58082,14.028112,18.174248,16.317291,20.435753,25.053444,24.696619,29.483469,31.528597,32.954967,32.743324,29.354109,28.10575,32.807896,31.17181,26.509264,30.662561,31.97123,27.713932,27.22334,31.295008,32.454,26.650932,29.937487,32.708813,32.388,28.079699,27.59,27.841436,22.348583,19.489283,20.64399,15.913135,18.968792,17.161005,20.056686,20.863852,22.15621,28.171606,25.536463,30.859499,30.64683,31.692528,34.623497,31.581635,27.53633,28.053228,23.63184,21.891275,21.326954,17.765434,18.35364,14.91201,18.314396,15.03717,18.735022,19.068289,16.262796,20.012608,17.723812,21.007057,21.9738,24.564505,28.901188,26.753595,26.887459,28.413797,23.196844,26.888742,25.06104,28.811552
15,26.440279,23.531555,20.273323,17.58588,15.927146,13.235571,11.484796,7.37306,5.182818,5.882904,5.9413466,11.481794,8.566907,5.9015784,5.09555,0.0,4.4550223,5.5875483,9.97879,13.633693,16.012514,19.375107,22.175184,23.652264,28.227476,26.877005,25.543295,22.954891,17.431107,17.34757,11.831228,9.760209,6.5405316,7.2267423,6.9011717,8.245535,11.9345875,11.358352,12.039743,12.124479,10.814148,14.324559,11.573366,15.553605,20.359148,19.736086,24.746248,26.633621,28.143126,27.717596,24.327606,23.159203,27.824375,26.081148,21.488558,25.862854,27.040997,22.82222,22.587622,26.690788,27.76699,22.221222,25.787237,28.61916,28.400229,24.413843,24.526146,25.408619,19.881483,17.407173,17.659784,13.320436,16.39404,14.063338,18.068542,17.984175,20.439676,25.649343,23.54068,28.8372,28.546833,28.808401,31.381102,27.958033,23.921919,23.851925,20.02156,17.396189,17.255928,13.432419,14.203847,10.911985,14.750298,12.659709,16.185831,15.501202,12.200677,15.711652,12.867084,16.518654,17.113138,20.13173,24.478374,22.866898,23.53751,25.38896,19.755075,23.910137,22.403896,25.999104
16,22.042566,19.282413,15.958459,13.3033,12.048131,8.918776,8.443524,5.448792,5.444668,7.8439746,10.101161,15.107326,12.346778,10.100128,7.074001,4.4550223,0.0,4.678869,5.8769813,10.584259,12.453115,15.845663,19.22694,20.443668,24.769379,23.942326,22.999117,20.450905,15.293658,14.666401,10.276045,6.6748285,7.6505604,4.742815,7.533259,8.194657,11.565416,11.561698,10.713925,10.205926,10.892827,12.946463,11.791742,15.12792,19.218159,18.712238,23.233698,25.253431,26.60325,26.877394,23.578232,22.277746,27.326418,26.188654,21.689037,25.72038,27.63615,23.928034,23.583096,27.589373,29.27142,24.147654,27.39374,30.549398,30.782694,27.230898,27.484486,28.22823,22.867172,20.238613,19.85948,15.171868,17.252008,13.851522,17.52644,16.450523,18.482988,23.279266,20.528564,25.93342,25.043768,25.587452,28.426634,25.242756,21.33433,21.923323,17.843391,16.352844,16.848366,13.793736,15.664314,13.374015,17.913027,16.301785,20.07132,18.950562,15.354649,18.377062,14.398945,18.179438,17.370687,19.996016,23.775124,22.022516,22.417906,24.90927,19.997696,24.41631,23.665941,27.55753
17,23.059584,19.940372,17.410292,13.83277,11.862576,10.995351,7.65075,7.7778053,4.3640246,8.6822195,9.411782,14.891354,13.729217,11.140432,10.197073,5.5875483,4.678869,0.0,6.9217377,8.350763,11.202421,14.297868,16.732231,18.542,23.229424,21.909344,20.128765,18.036074,12.031016,12.650889,6.5162373,6.3909974,7.1867647,7.8837104,10.066409,12.21579,15.056235,13.981218,12.838241,11.414977,10.808257,11.84265,8.9049225,11.728339,16.243334,14.868002,20.084831,21.582787,22.761835,22.767126,19.618889,18.018793,22.90678,21.780024,17.089645,21.165958,22.977875,19.31278,18.944407,22.948868,24.676659,19.692982,22.965248,26.14701,26.509022,23.269096,23.873684,25.011759,19.823902,17.610428,16.477358,12.445539,14.440012,10.893826,15.5795765,13.983557,17.306873,21.376451,19.580404,24.758667,24.243359,23.885912,26.22059,22.610203,18.638395,18.404356,14.926465,12.192924,12.829385,9.478032,11.474282,9.695632,14.455777,13.933399,17.45668,15.724254,12.006726,14.450953,9.9498,13.727571,12.710029,15.60885,19.553274,18.242346,19.195826,21.723888,16.353636,21.030323,20.454557,24.085377
18,17.202564,14.848958,12.071671,8.256963,8.315158,6.1478243,7.4825263,9.117859,9.560464,13.183749,15.43189,20.629652,18.20758,15.720337,12.745864,9.97879,5.8769813,6.9217377,0.0,6.879162,7.1168475,10.741994,14.537294,15.116496,19.178915,18.690508,18.401274,15.715184,11.618046,9.98654,8.324021,3.237069,10.011831,6.0694294,10.804523,11.972997,13.672206,13.450206,10.525664,8.582424,11.341504,10.558435,11.579477,13.480374,16.193628,16.05576,19.551575,21.805859,23.201025,24.145754,20.965939,19.92494,25.268946,24.668856,20.752821,24.500435,26.982225,24.00976,23.950594,27.689245,29.728996,25.516771,28.627449,31.979992,32.630978,29.790052,30.599308,31.640566,26.57515,24.191109,22.887552,18.568924,19.639624,15.249355,18.862837,16.03129,18.175484,21.373781,18.207426,23.476818,21.504545,21.782545,24.648174,21.55273,18.05521,19.041565,15.546852,14.955686,16.774868,14.775009,17.636044,16.525822,21.299055,20.77217,24.28354,22.305117,18.490276,20.746756,15.833472,19.730259,17.143774,19.584179,22.390705,21.121794,21.625399,25.029663,20.930372,25.672543,25.89969,29.76941
19,16.756388,13.600296,12.61983,7.994871,6.1719475,9.230915,6.0813923,12.068478,10.899002,15.525676,17.500486,22.29827,21.770273,19.416948,17.443104,13.633693,10.584259,8.350763,6.879162,0.0,4.278609,6.114739,8.862516,11.098903,15.549923,15.1887865,13.13453,12.31146,6.5264287,7.8780813,5.445716,7.296745,13.663962,12.384708,16.458447,18.23272,20.220974,19.379759,16.411005,13.746493,15.281954,12.6852455,12.142802,11.982613,14.119565,11.915096,16.10792,16.994667,17.25237,18.94188,16.595598,14.225557,19.48789,20.103132,15.948498,18.572577,21.952374,19.908943,19.22806,22.539799,25.516163,21.967302,24.198025,27.781748,29.103506,27.109753,28.090218,29.134928,24.74438,22.742193,20.322317,16.865763,16.693512,11.860655,15.607488,11.2677,14.642421,16.081543,14.072969,18.87577,17.298374,16.319435,18.635792,15.111166,11.50342,12.163568,9.114715,8.897026,11.468101,10.960994,14.582973,15.260557,20.125427,20.71501,24.15991,21.798784,18.203388,19.216463,13.637795,16.486202,12.516338,13.921064,15.951414,14.92084,15.721817,19.640457,16.211441,21.033411,22.199171,25.823664
20,14.410316,12.18605,11.592705,6.2549353,7.036562,9.564449,9.327432,14.679099,14.256171,18.698833,20.610495,25.78032,24.451694,21.840696,19.520496,16.012514,12.453115,11.202421,7.1168475,4.278609,0.0,4.006122,7.6393194,8.168294,12.36609,12.196184,11.662906,9.888854,6.7716355,5.5003858,7.713245,7.3702188,14.870366,12.752171,17.193531,18.999443,20.071913,19.271204,15.561494,12.608789,15.273038,11.534891,13.104893,12.454121,13.1683655,12.326497,14.81139,16.491198,17.368715,19.30002,16.791868,15.508062,20.815046,21.28798,18.081163,20.891401,24.111176,22.346102,22.324986,25.45965,28.084211,25.120691,27.663391,31.137161,32.381584,30.569138,31.904837,33.22281,28.786152,26.859959,24.467825,21.049967,20.96862,16.119717,19.594759,15.000899,17.78316,18.36513,15.777682,20.297226,17.543623,16.593184,18.968447,15.716969,12.8853035,13.868542,11.896318,12.173846,15.377925,14.982503,18.518976,18.981722,23.658285,24.394392,27.574623,24.87355,21.176733,22.230616,16.737394,19.978876,15.59771,17.319374,18.665115,18.225927,19.07212,23.29106,20.27733,25.06932,26.414156,29.957964
21,12.966107,10.612624,11.456218,6.7829623,7.2510357,11.58398,10.806677,17.173214,16.866169,21.344442,23.576511,28.348415,27.63399,25.232687,22.844625,19.375107,15.845663,14.297868,10.741994,6.114739,4.006122,0.0,4.808355,6.211932,9.865448,10.844837,9.593012,9.764433,7.425795,7.6753774,10.273077,11.311199,18.644972,16.612116,21.107098,22.713331,23.967997,23.270725,19.525053,16.551529,19.15189,15.050558,16.324898,14.890146,14.806045,13.107179,15.095295,15.833081,15.669394,18.611065,16.94659,14.915673,19.892399,21.44952,18.430931,20.081732,24.021078,23.062939,22.600338,25.27543,28.555883,26.096704,27.915216,31.496866,33.180252,31.856573,33.13151,34.24046,30.226698,28.372425,25.590033,22.475372,21.612072,16.754114,19.542307,14.3226795,16.862154,15.928048,13.629946,17.502043,14.403364,12.915824,15.160545,12.10962,9.807271,11.472699,10.084573,11.975086,15.304442,16.066816,19.813564,21.062698,25.735743,26.706257,29.977629,27.295858,23.761448,24.330872,18.743689,21.26509,16.333109,16.98149,17.297993,16.868107,17.487694,22.011484,20.085155,24.592907,26.579287,30.017479
22,16.565687,14.483045,16.01891,11.58034,11.5252495,16.185709,14.177515,20.803413,19.551514,24.250153,25.722738,30.560274,30.410069,27.827623,26.200651,22.175184,19.22694,16.732231,14.537294,8.862516,7.6393194,4.808355,0.0,4.4399137,8.235308,8.313768,5.119615,7.5187426,6.334944,8.280989,11.29541,14.295323,20.770493,20.047413,24.117798,26.347084,27.428236,26.19333,22.48179,19.274006,21.068933,16.33375,17.01763,14.366442,13.255047,10.744036,12.094787,11.786043,11.05561,14.500792,13.569575,11.40656,15.938748,18.102552,15.85929,16.852581,20.876959,20.757841,20.530579,22.655724,25.959879,24.500141,26.070284,29.489065,31.377792,30.75983,32.483467,33.97927,30.45037,29.1129,25.803661,23.632936,22.510408,17.978865,21.015987,15.455565,18.855013,16.457272,15.624235,18.533716,15.813489,12.68681,13.633259,9.923116,8.522716,8.627791,9.979527,10.918972,14.897367,16.29834,19.859362,21.803886,25.958035,27.790997,30.533512,27.429125,24.185762,23.97281,18.604267,20.544312,14.997207,15.37463,14.642483,15.446866,16.800001,21.427397,19.796907,24.152117,26.539408,29.443897
23,15.900993,14.951955,16.511639,11.967807,13.408246,17.12079,16.671381,22.722313,21.830938,26.476746,27.80518,33.085907,32.15242,29.309645,27.50852,23.652264,20.443668,18.542,15.116496,11.098903,8.168294,6.211932,4.4399137,0.0,4.914006,4.6706886,5.359458,5.319716,8.250481,7.454608,13.129207,14.636434,21.36557,20.242123,24.346292,26.664068,26.972248,25.705168,21.594107,18.33203,20.742348,15.378408,17.627863,14.8836975,12.556725,11.946108,11.148109,12.21015,12.872936,15.85607,14.465088,14.039782,18.430952,19.827745,18.51371,20.22256,23.586206,23.34145,23.88051,26.051266,28.67011,27.497559,29.651348,32.899853,34.50779,33.82482,35.85634,37.65723,33.880627,32.54098,29.419928,27.056774,26.35009,21.694891,24.916,19.46825,22.522247,20.328602,18.818033,21.73265,18.140789,15.46748,16.502932,13.414018,12.662532,12.91323,14.261487,14.797597,18.935883,19.749586,23.216017,24.641285,28.715935,30.546892,33.08034,29.707285,26.324657,26.348957,21.096981,23.655645,18.183626,19.344973,18.72905,19.844929,21.22286,25.85142,23.981592,28.46346,30.662138,33.589104
24,15.5490055,15.692099,18.149017,14.561838,16.601334,20.330183,20.666523,26.794098,26.371885,30.932926,32.567284,37.764996,36.733368,33.946144,31.823887,28.227476,24.769379,23.229424,19.178915,15.549923,12.36609,9.865448,8.235308,4.914006,0.0,5.0597806,7.770851,8.834653,13.103567,12.021081,18.02142,19.001152,25.96045,24.323347,28.579884,30.630997,30.670557,29.62151,25.303877,22.1399,25.020348,19.490833,22.34474,19.490051,16.458284,16.26808,14.087637,14.838428,15.024284,18.591663,17.90759,17.713003,21.383476,23.310429,22.643923,23.641294,27.183933,27.519556,28.029554,29.81134,32.583824,31.909853,33.740597,36.95397,38.749016,38.36643,40.4271,42.145203,38.540207,37.1817,33.973053,31.61531,30.595026,25.935062,28.620926,23.034376,25.45982,22.30189,20.70618,22.744963,18.431734,15.751397,16.42588,14.407143,14.944599,15.790514,17.593918,19.109804,23.1292,24.37334,27.892645,29.481737,33.568504,35.39637,37.97528,34.58265,31.227167,31.162077,25.95071,28.322912,22.727297,23.401623,22.045227,23.221231,24.305471,29.007336,27.966177,32.17883,34.727894,37.599976
25,19.38874,19.102598,20.761665,16.262505,17.994963,21.323502,21.01565,26.776178,25.551207,30.224527,30.94621,36.521885,35.3996,32.292816,30.909277,26.877005,23.942326,21.909344,18.690508,15.1887865,12.196184,10.844837,8.313768,4.6706886,5.0597806,0.0,5.7492504,4.707894,10.969474,9.63124,16.087152,17.664158,23.662561,23.171835,26.87932,29.624298,29.309866,27.669746,23.481987,20.19594,22.31336,16.463314,19.226355,15.855254,12.032935,12.612125,9.282844,10.833993,12.541668,14.980559,13.777926,14.920954,18.546862,19.493626,19.569204,21.436396,24.076538,24.235338,25.54672,27.370634,29.305986,29.022297,31.477463,34.405895,35.85478,35.563065,38.10039,40.383785,36.745823,35.74692,32.503784,30.596525,30.091711,25.605095,29.124578,23.67328,27.017056,24.43486,23.2857,25.823383,22.127848,19.033218,19.38287,16.422235,16.36309,15.769691,18.258598,17.904766,22.285978,22.955704,26.132696,27.53429,31.13312,33.465366,35.4576,31.67372,28.45801,28.172014,23.33686,25.92163,20.405155,21.989025,20.99883,22.996565,24.803957,29.364843,27.382751,31.826733,34.029762,36.61463
26,20.501364,19.044628,20.798971,16.243687,16.560434,20.88863,18.839247,25.198114,23.372126,28.150373,28.810246,33.93428,33.80102,30.921381,29.913378,25.543295,22.999117,20.128765,18.401274,13.13453,11.662906,9.593012,5.119615,5.359458,7.770851,5.7492504,0.0,5.752837,8.227435,9.848703,13.930563,17.452602,23.098877,23.327368,26.964859,29.775328,30.313196,28.581879,24.807592,21.467667,22.747667,17.396627,18.237698,14.569791,11.825028,9.765546,8.779553,7.8208933,7.612024,11.101074,10.791763,10.057793,13.655696,15.7603445,15.209917,16.102686,19.437054,20.080696,20.720629,22.272148,24.927492,24.719814,26.487999,29.520004,31.33508,31.359577,33.722614,35.816177,32.609367,31.790186,28.214518,26.826828,25.86834,21.684195,25.083231,19.576368,23.43488,20.371183,20.272451,22.540636,19.848154,15.948958,15.745522,12.074611,11.905178,10.356485,13.861275,13.298799,17.616983,18.970648,22.104095,24.221159,27.709747,30.30976,32.351006,28.727358,25.756155,24.963266,20.102064,21.849045,16.099638,16.884064,15.385974,17.662447,19.72019,24.17811,22.498209,26.70206,29.172215,31.517807
27,20.589676,19.56761,20.378365,15.283254,16.441084,19.38015,18.373106,23.702957,21.90353,26.578905,26.766064,32.487877,31.381662,28.15884,27.258558,22.954891,20.450905,18.036074,15.715184,12.31146,9.888854,9.764433,7.5187426,5.319716,8.834653,4.707894,5.752837,0.0,7.1982985,5.862401,11.995429,14.140731,19.424015,19.757587,23.090136,26.22172,26.026608,24.058502,20.146524,16.803366,18.210323,12.447735,14.621765,11.148044,7.6316915,8.350372,6.1497107,8.704798,11.47503,12.746071,10.442782,11.967886,16.258331,16.243612,15.877955,18.792597,20.924871,20.379908,21.985968,24.21507,25.72999,25.021051,27.98847,30.862295,32.01667,31.420435,34.038296,36.52408,32.70715,31.805075,28.693096,26.884104,26.838314,22.487318,26.599558,21.475586,25.397535,23.818676,22.786163,26.008015,22.968954,19.996489,20.608427,16.927046,15.809417,14.48595,16.558989,14.777155,19.215752,19.233896,22.190859,23.307116,26.732935,29.16611,30.952389,27.08742,23.87464,23.652988,18.92114,21.801704,16.529173,18.91241,18.789625,20.853678,23.008871,27.360483,24.448648,29.120846,30.87528,33.436207
28,20.272652,17.829458,17.872519,12.736358,12.067035,15.356132,12.376295,17.900259,15.497288,20.268019,20.624819,25.937483,25.618233,22.716707,21.988758,17.431107,15.293658,12.031016,11.618046,6.5264287,6.7716355,7.425795,6.334944,8.250481,13.103567,10.969474,8.227435,7.1982985,0.0,5.1047397,5.7064466,10.247258,15.262075,16.060432,19.375463,22.326996,23.368723,21.564165,18.341099,15.170006,15.736887,11.465038,10.871184,8.26961,8.728394,5.870164,9.7984495,10.540243,11.641249,12.786348,10.288038,8.921325,14.274122,14.542289,11.656374,14.796325,17.578833,16.178371,16.688791,19.554173,21.850895,19.755116,22.44927,25.689701,26.967873,25.835676,27.8556,29.881403,25.943602,24.818644,21.738033,19.74007,19.661945,15.3527975,19.739792,14.96451,19.409819,19.008915,18.30459,22.162085,20.365276,17.748655,18.82976,14.620006,11.94761,10.386924,10.910565,8.088235,12.337695,12.134055,15.310978,16.626984,20.49542,22.606422,24.906433,21.521763,18.215677,18.145521,12.851326,15.5647955,10.37376,12.722371,13.826393,14.977825,17.096512,21.182995,17.616722,22.458601,23.93157,26.749063
29,18.745302,17.187605,16.82588,11.471975,12.458502,14.342358,13.635892,18.199417,16.620222,21.160637,21.60703,27.412144,25.86238,22.69115,21.478321,17.34757,14.666401,12.650889,9.98654,7.8780813,5.5003858,7.6753774,8.280989,7.454608,12.021081,9.63124,9.848703,5.862401,5.1047397,0.0,7.4132485,8.281556,14.134825,13.9424095,17.468523,20.422934,20.53864,18.788595,14.960024,11.623876,13.355548,8.154345,10.454527,8.530232,7.9049544,8.586074,9.94554,12.704888,15.104572,15.929556,12.766785,13.307734,18.468575,17.845251,15.818421,19.625423,21.78133,19.991499,21.190973,24.212097,25.780708,23.628471,26.968487,30.055485,30.936903,29.440536,31.57472,33.73983,29.369919,28.031824,25.44523,22.854628,23.317759,18.812319,23.14781,18.575901,22.292778,22.39094,20.611238,24.780481,22.057308,20.141672,21.703398,17.9472,15.583979,14.954663,14.891165,12.914148,16.864317,15.944977,18.986767,19.321484,23.233746,24.89945,27.143293,23.678095,20.114788,20.746384,15.689435,19.312298,14.723748,17.65512,18.923786,19.865095,21.642252,25.791363,22.095856,27.035175,28.201487,31.235685
30,21.770945,18.913609,17.657202,12.842956,11.433087,13.031302,9.444266,13.325779,10.282602,14.950597,14.991413,20.51236,19.93683,17.021646,16.567762,11.831228,10.276045,6.5162373,8.324021,5.445716,7.713245,10.273077,11.29541,13.129207,18.02142,16.087152,13.930563,11.995429,5.7064466,7.4132485,0.0,6.59154,10.177128,11.629425,14.437377,17.443752,19.035315,17.249031,14.795859,12.109543,11.811338,9.571262,7.106521,7.0987763,10.666394,8.631236,13.829201,15.129502,16.502022,16.625563,13.515706,12.169963,17.363855,16.512798,12.441982,16.6286,18.689514,15.838165,16.135525,19.783693,21.625038,18.025778,21.333097,24.565262,25.331316,23.18968,24.778822,26.644836,22.087961,20.636448,18.22275,15.5567255,16.473015,12.348748,17.368753,13.834413,18.239906,20.005194,18.87798,23.517942,22.398304,20.782787,22.46607,18.398895,14.873305,13.728974,12.108011,8.312478,11.124842,9.011044,11.877175,11.990615,16.24011,17.648104,20.252636,17.25646,13.634435,14.526156,9.094831,12.802367,9.264494,12.627655,15.580605,15.654012,17.474495,20.869787,16.01521,21.034746,21.517843,24.662317
31,19.454645,17.292152,14.923869,10.52761,10.681574,9.370951,9.488437,11.091877,10.148552,14.006833,14.97861,20.75807,18.264086,15.2675295,13.352556,9.760209,6.6748285,6.3909974,3.237069,7.296745,7.3702188,11.311199,14.295323,14.636434,19.001152,17.664158,17.452602,14.140731,10.247258,8.281556,6.59154,0.0,7.8481174,5.893831,9.890026,12.326555,13.346729,12.21595,9.139202,6.638513,8.662203,7.4947433,8.53727,10.543326,13.447724,13.8227625,17.269123,19.860565,21.843752,22.185873,18.682442,18.32056,23.615906,22.396849,18.84183,23.196022,25.1028,21.943872,22.484903,26.261261,27.724941,23.765656,27.388994,30.54753,30.960718,28.20104,29.459143,31.02306,25.940918,23.922672,22.474855,18.674538,20.127548,15.898273,20.204174,17.242432,20.177217,22.987806,20.35301,25.495323,23.549276,23.18144,25.666765,22.184864,18.750385,18.937819,16.269035,14.378851,16.626959,14.198994,16.804678,15.536833,19.928879,19.999615,22.94785,20.472975,16.631042,18.767384,14.003986,18.289967,15.690142,18.886204,21.819878,21.220661,22.283363,25.688562,21.070776,25.974802,26.07122,29.653913
32,27.106064,24.810736,22.01514,18.149403,17.572363,15.453495,14.380411,12.735222,10.126432,12.320589,10.324072,16.658575,13.381458,9.645447,10.446969,6.5405316,7.6505604,7.1867647,10.011831,13.663962,14.870366,18.644972,20.770493,21.36557,25.96045,23.662561,23.098877,19.424015,15.262075,14.134825,10.177128,7.8481174,0.0,6.6372857,5.545557,9.951107,10.838286,8.301418,8.238473,7.7925606,4.552045,8.776126,6.503269,10.981802,15.504721,16.344236,20.420284,23.138721,25.765543,24.595802,20.654106,21.0359,25.697014,22.941223,19.471601,24.872257,25.190355,20.895512,22.11154,26.155828,26.157255,21.574274,26.202835,28.72732,28.16562,24.636358,25.998173,28.089138,22.70438,21.094492,20.611944,17.42426,20.430033,17.611317,22.494215,21.077961,24.467968,28.350355,26.381271,31.591599,30.494673,29.960793,32.160385,28.329914,24.635273,23.810057,21.372755,17.564878,18.831682,14.91525,15.795046,12.789977,15.774781,15.597904,17.505995,15.158212,11.608853,14.721694,11.951188,16.63542,16.386747,20.66527,24.660019,24.345312,25.848333,28.305191,22.401522,27.016193,25.88434,28.995539
33,22.159527,20.223682,16.854832,13.881315,14.078107,10.316904,11.981184,9.705191,10.021875,11.999379,13.086141,18.552423,14.5244465,11.716697,8.989998,7.2267423,4.742815,7.8837104,6.0694294,12.384708,12.752171,16.612116,20.047413,20.242123,24.323347,23.171835,23.327368,19.757587,16.060432,13.9424095,11.629425,5.893831,6.6372857,0.0,4.9441113,6.491504,7.886119,7.6973114,6.084427,6.0636,7.969319,10.4084635,11.29176,14.792332,18.239227,19.130165,22.585407,25.451296,27.606945,27.605732,23.898397,23.70045,28.86661,27.144894,23.408758,28.041796,29.519926,25.757498,26.256077,30.25741,31.295149,26.639973,30.51546,33.49091,33.44913,29.972437,30.75995,32.0286,26.590868,24.245335,23.85325,19.517973,21.768995,18.221249,22.0936,20.453957,22.547136,26.730246,23.633383,29.018389,27.332203,27.79854,30.64041,27.414658,23.79369,24.283741,20.867126,19.115149,20.434414,17.328678,19.19279,16.7133,20.752369,19.581848,22.625721,20.96741,17.317095,20.412209,16.657217,21.037712,19.831015,23.125643,26.648573,25.512604,26.207043,29.05509,24.098938,28.711258,28.042189,31.77253
34,27.064558,25.13253,21.668747,18.805607,18.723877,14.958643,15.835489,12.149669,11.606854,12.230623,11.536053,16.979776,11.970756,8.80878,7.805444,6.9011717,7.533259,10.066409,10.804523,16.458447,17.193531,21.107098,24.117798,24.346292,28.579884,26.87932,26.964859,23.090136,19.375463,17.468523,14.437377,9.890026,5.545557,4.9441113,0.0,4.796781,5.6522727,4.4777565,6.228736,7.8972936,7.0495844,11.977543,11.818483,16.108467,20.075857,21.329681,24.927122,27.948498,30.506716,29.74622,25.801517,26.076612,30.934408,28.411152,24.842337,29.993027,30.62955,26.33922,27.231312,31.322088,31.529886,26.640661,31.02311,33.604874,32.993687,29.106112,29.913801,31.440737,25.88602,23.77819,24.039583,20.090672,23.161194,20.414356,24.521828,23.655182,25.990713,30.642239,27.888563,33.29108,31.976446,32.30665,34.996037,31.559362,27.821777,27.78758,24.566772,21.865664,22.795818,19.031012,19.997711,16.654663,19.726873,18.250246,20.599316,19.222673,15.971812,19.535343,17.029865,21.465038,21.413923,25.226044,29.22247,28.283287,29.221481,31.598778,26.017555,30.43741,29.098547,32.53952
35,26.548422,24.690916,20.759367,19.052776,18.976568,14.196558,16.221323,11.049215,12.375808,11.721935,12.772222,16.902468,11.316738,9.499508,6.077718,8.245535,8.194657,12.21579,11.972997,18.23272,18.999443,22.713331,26.347084,26.664068,30.630997,29.624298,29.775328,26.22172,22.326996,20.422934,17.443752,12.326555,9.951107,6.491504,4.796781,0.0,4.987331,7.058573,8.897863,10.981976,11.653929,15.967119,16.1805,20.310545,24.163794,25.094013,28.774626,31.649921,33.787735,33.53948,29.772793,29.49639,34.493034,32.471493,28.508938,33.199512,34.350616,30.151594,30.459835,34.56617,35.30052,30.050928,33.939816,36.689705,36.248775,32.151764,32.339214,33.1733,27.608742,25.018494,25.749516,21.180151,24.038048,21.424574,24.64897,24.365175,25.684101,30.99976,27.73147,33.162342,31.927431,33.03554,36.104507,33.08344,29.296305,29.962082,25.981071,24.327515,24.79008,21.310234,22.409605,19.087185,22.464457,20.014645,23.019094,22.467056,19.359982,23.083706,20.462286,24.533234,24.587408,27.771296,31.751394,30.128254,30.48429,32.687466,27.56596,31.704712,30.29018,34.03685
36,27.610123,26.421589,22.682486,20.584515,21.405403,16.706879,19.486174,15.415975,16.331802,16.377611,16.508663,21.16599,15.330513,12.988999,10.861301,11.9345875,11.565416,15.056235,13.672206,20.220974,20.071913,23.967997,27.428236,26.972248,30.670557,29.309866,30.313196,26.026608,23.368723,20.53864,19.035315,13.346729,10.838286,7.886119,5.6522727,4.987331,0.0,3.893292,6.277322,9.383346,10.49395,14.854479,16.531548,20.491503,23.654472,25.675982,28.390741,31.892918,34.692604,34.15252,30.113232,30.767824,35.772106,33.25089,30.004124,35.15741,35.903152,31.718904,32.753468,36.823128,36.98584,32.24544,36.659184,39.24924,38.59237,34.6665,35.419758,36.80917,31.23145,28.967556,29.464348,25.246595,28.16184,25.258787,28.885725,27.966423,29.608591,34.308662,30.907307,36.314156,34.460796,35.330036,38.307022,35.18587,31.636595,32.102055,28.737644,26.745655,27.880924,24.36158,25.543503,22.241316,25.274492,23.485764,25.785706,24.610872,21.501928,25.08845,22.603422,27.090574,26.74486,30.460436,34.224976,33.17658,33.864643,36.421715,31.179853,35.57805,34.314117,37.906204
