,0,1,2,3,4,5,6,7,8,9,10,11,12,13,14,15,16,17,18,19,20,21,22,23,24,25,26,27,28,29,30,31,32,33,34,35,36,37,38,39,40,41,42,43,44,45,46,47,48,49,50,51,52,53,54,55,56,57,58,59,60,61,62,63,64,65,66,67,68,69,70,71,72,73,74,75,76,77,78,79,80,81,82,83,84,85,86,87,88,89,90,91,92,93,94,95,96,97,98,99,100,101,102,103,104,105,106,107,108,109
0,0.0,4.437688,6.8689013,9.191569,11.509957,14.562943,16.778725,21.945494,23.87138,27.373383,30.974323,35.37054,33.30994,31.789223,27.707047,25.771687,21.655842,21.730694,16.182396,15.005377,12.773723,10.43823,13.475033,12.852487,12.426484,16.335625,17.39875,17.53096,18.255869,16.298986,21.192163,18.358877,26.534369,22.606401,27.449259,27.35034,30.331663,32.203762,28.815857,27.202229,30.2599,29.073914,25.065426,27.3941,24.678795,25.731304,25.420057,26.972647,26.996386,30.46709,28.801662,27.573532,32.072754,34.013794,31.24807,32.416946,36.782005,35.773136,35.259636,37.98986,41.49029,38.88887,39.758217,43.85791,45.03475,45.740242,43.009686,42.18238,39.106754,36.756725,33.843792,30.786978,29.807312,24.990044,25.868998,20.953562,20.73147,19.654325,15.271116,18.034824,12.912768,12.640223,12.856751,15.764389,14.872542,18.956491,16.24238,21.355978,22.449709,25.325876,28.49159,31.889885,35.50994,34.939243,39.654053,38.51816,36.069965,35.8476,31.204252,30.751938,27.424452,24.51301,24.275,21.978045,23.45871,28.210676,27.724863,30.896912,34.31709,34.701008
1,4.437688,0.0,4.6936483,6.576905,7.571475,11.27459,12.656363,17.963236,19.853947,23.255524,27.051146,31.211746,29.425001,28.100557,24.04441,22.138376,18.21827,18.170113,13.4309435,11.791634,10.657574,8.509843,12.137492,12.885762,13.876145,17.102814,16.859383,17.357904,16.389215,15.109585,18.659977,16.264538,23.833387,20.059748,24.827879,24.619757,28.050766,29.92451,26.912283,25.535791,28.064579,27.483408,23.089043,25.747963,23.753416,24.324417,25.117283,26.356941,26.01004,29.436363,27.769096,25.844744,30.45968,32.508266,29.13768,30.153353,34.74552,33.56772,32.59156,35.439617,39.235752,36.202652,36.786377,40.940514,42.066982,42.35882,39.411106,38.43149,35.160522,32.651585,29.79219,26.538805,25.516869,20.764482,21.557941,16.797022,16.553352,16.257027,11.677428,15.330922,10.933933,10.962091,11.643326,13.814628,12.125134,16.437592,12.715644,18.316284,18.781517,21.890673,24.800915,28.464102,31.784649,31.26837,35.889114,34.929005,32.711613,32.34895,27.992746,27.121134,24.26465,21.069534,21.291245,18.451479,19.63625,24.515322,23.897593,27.360872,30.72739,31.488426
2,6.8689013,4.6936483,0.0,5.3040743,7.4631405,8.345037,12.12,15.883543,18.6416,21.631796,25.619576,29.87372,27.187136,25.878065,21.401802,20.142096,15.898058,16.998547,11.345952,12.162211,10.849001,10.401043,14.922846,15.255158,16.88572,19.457233,19.749666,19.030731,17.825203,15.538423,18.791164,15.049123,22.04645,17.278988,22.19646,21.353382,24.834122,27.08334,24.357864,23.42011,26.381342,26.396744,22.694223,25.968359,23.972977,25.538166,26.568073,28.455275,28.753227,31.5911,29.367958,27.833971,32.745564,34.014763,30.485357,32.247772,36.41884,34.600277,33.839874,37.045918,40.399452,36.854225,37.930153,42.009533,42.683453,43.157536,39.82063,39.25445,35.483055,32.85219,30.514626,26.741793,26.276043,21.66911,22.65572,18.533419,18.022064,19.41142,14.447226,18.568317,14.706244,15.419817,16.227621,17.997885,15.668596,19.642412,15.054839,20.17301,19.876001,22.447025,25.039078,28.238457,31.719519,30.313438,35.440388,35.04389,32.81073,32.924824,28.66635,27.941118,25.737928,22.989923,24.102066,20.983335,21.985039,26.935055,25.515232,29.473804,32.418728,33.358273
3,9.191569,6.576905,5.3040743,0.0,4.401651,6.3516254,9.13282,13.944686,15.47371,19.229797,22.279928,27.114561,24.75184,22.87838,19.135418,16.79698,12.650519,12.845831,7.031678,7.3408713,5.643917,6.310908,11.141153,11.732225,14.718143,16.080221,15.958884,14.720149,12.856656,10.514841,13.548905,10.004262,17.522831,13.655616,18.422941,18.578156,21.679955,23.421665,20.335709,19.026072,21.669226,21.401133,17.441057,20.683681,18.894308,20.42049,21.876892,23.84082,24.435472,26.848803,24.409044,22.985727,28.023169,28.916409,25.375526,27.532837,31.404612,29.410015,28.868507,32.164272,35.24938,31.744896,33.10201,37.12189,37.72589,38.58079,35.409637,35.177082,31.620125,29.34507,27.032957,23.722603,23.775806,18.927715,21.159925,16.651999,17.756914,18.865484,15.060715,19.842384,16.449907,15.760004,15.647186,16.297497,13.235371,16.31911,11.829185,15.812525,15.7863,17.851198,20.725883,23.609032,27.451565,26.187693,31.282383,30.591705,28.103436,28.414417,23.881979,23.667698,21.21282,19.130941,20.642738,18.051466,19.762877,24.465267,22.115967,25.99912,28.604147,29.147188
4,11.509957,7.571475,7.4631405,4.401651,0.0,5.958574,5.3227954,11.261155,12.408638,16.168926,19.550146,23.954557,22.34573,20.829685,17.246466,14.791702,11.197139,10.67662,7.4403663,5.4855194,6.7379265,6.9571342,11.076884,13.224312,16.556702,17.797724,16.198399,16.114687,12.493639,11.882462,12.717054,10.867454,17.084484,13.98806,18.368895,18.494047,22.182302,23.789608,21.244074,20.168303,21.824947,22.142187,17.520037,20.779661,19.9651,20.32706,22.847477,24.050825,23.853466,26.48249,24.414934,21.98445,26.87639,28.303888,24.156738,25.679295,30.00833,28.157263,26.890882,30.128147,33.797096,30.011314,30.72065,34.831467,35.587254,35.77337,32.474304,31.81456,28.180584,25.689209,23.222162,19.77965,19.52906,14.708613,16.758583,12.347599,13.610005,15.282981,11.857933,17.052021,14.693677,14.154593,14.416644,14.350923,10.829638,13.971212,8.52354,13.233285,12.438382,15.136732,17.710012,21.24146,24.529005,23.727238,28.470285,27.806334,25.682646,25.55682,21.439035,20.492388,18.49532,15.796035,17.589224,14.3964205,15.69501,20.455864,18.270237,22.354645,25.067953,26.079124
5,14.562943,11.27459,8.345037,6.3516254,5.958574,0.0,6.754424,8.33927,11.177356,14.04056,17.685858,22.203066,19.090958,17.575499,13.230175,11.923051,7.6328235,9.698138,5.1910253,8.803601,9.458734,11.551805,16.047634,17.356876,20.881422,21.658592,20.888613,19.436333,15.974429,14.037867,14.225536,10.344343,14.847102,9.963384,14.612537,13.597961,17.608486,19.830454,17.89526,17.647308,19.81952,21.237633,17.850063,21.927382,21.207281,22.922195,25.621002,27.603416,28.206635,30.053602,27.344616,25.538206,30.622618,30.991154,26.763313,29.234104,32.866722,30.178617,29.241386,32.881306,35.855827,31.404837,32.791954,36.701633,36.788883,37.20753,33.385006,33.34208,29.032713,26.410334,24.844913,20.722702,21.35891,17.123758,19.240116,16.164331,16.774008,20.242905,16.381783,21.59645,19.447672,19.725285,20.243505,20.303875,16.694336,19.408468,13.77276,17.273466,15.465114,17.034916,18.868881,21.479786,24.89073,22.64253,28.119186,28.374594,26.304546,26.911583,23.132288,22.429884,21.55357,19.665174,22.412285,19.108597,20.005943,24.568058,21.50006,26.036453,28.062408,29.301973
6,16.778725,12.656363,12.12,9.13282,5.3227954,6.754424,0.0,7.076872,7.300992,11.105849,14.5266075,18.693556,17.58367,16.288887,13.158369,10.517706,7.98254,6.857153,7.7652106,6.085294,9.605092,10.854542,13.966379,16.854591,20.800255,21.230345,18.690643,18.724882,13.4545145,13.918538,11.717945,11.205614,14.6238575,12.512583,16.018433,16.1262,20.226389,21.62781,19.929874,19.37142,19.898329,21.297697,16.637062,20.189886,20.630312,20.433178,24.273825,25.112816,24.666477,26.79994,24.740345,21.668497,26.411741,27.626564,22.808249,24.286219,28.516907,26.294258,24.447737,27.85549,31.654787,27.198048,27.62081,31.669706,32.18746,31.853098,28.166332,27.485823,23.439558,20.747057,18.63409,14.785479,15.0122,10.488013,13.163608,9.885083,11.880624,15.278566,12.981792,18.383383,17.551317,17.187025,17.588873,16.450102,12.501139,14.535098,8.54695,11.957982,9.339483,11.801795,13.506546,17.227365,19.98011,19.068747,23.718466,23.47481,21.753054,21.579403,18.140749,16.58931,15.926326,13.398356,16.443413,12.830005,13.561785,17.928808,14.823063,19.419153,21.59437,23.1667
7,21.945494,17.963236,15.883543,13.944686,11.261155,8.33927,7.076872,0.0,5.141038,5.936367,10.777455,14.259846,11.573193,11.048647,6.775662,6.6980047,5.486032,7.704549,10.223093,12.2522955,15.175283,17.325575,20.772165,23.25164,27.318914,27.50904,25.347898,24.597107,19.280249,19.036957,15.769644,14.2573595,14.000756,11.115444,13.575094,12.001573,16.891367,18.814299,18.69152,19.402807,19.595287,22.714258,19.374578,23.547949,24.554213,25.17346,29.477882,30.726147,30.707338,32.137047,29.682386,26.872776,31.539558,31.891516,26.826704,28.881142,32.447018,29.440622,27.54047,31.231176,34.490234,29.149652,29.87136,33.582115,33.339207,32.692146,28.255655,28.032055,23.046228,19.988895,19.276299,14.410116,15.716293,12.8994665,14.898993,14.2543955,14.949846,20.473158,17.940145,23.103249,22.92538,23.513416,24.35986,23.335537,19.449986,21.218712,15.33717,17.640505,13.87335,14.926559,14.946154,17.589169,19.64069,17.021461,22.192507,23.423077,22.283321,22.71769,20.433756,18.644281,19.961226,18.222301,22.121868,18.364872,18.169239,21.890125,18.192904,23.103405,24.328417,26.527016
8,23.87138,19.853947,18.6416,15.47371,12.408638,11.177356,7.300992,5.141038,0.0,4.7721148,7.254797,11.696063,10.800558,9.479241,7.8714595,4.771582,6.0142527,4.8355007,10.875053,11.18739,14.824799,17.085463,19.5557,22.445103,26.931755,26.37573,23.528519,23.01224,16.923325,17.725851,12.772497,13.235874,11.619522,11.38137,12.713904,12.875351,16.989216,17.946264,17.715412,18.072786,17.05325,20.118216,16.369242,20.179184,22.039886,21.836416,26.85099,27.654634,27.467554,28.517258,26.224953,23.082268,27.485397,27.752718,22.475262,24.460062,27.841858,24.805244,22.656435,26.343067,29.635223,24.202963,24.77472,28.458277,28.252718,27.597988,23.249866,23.149086,18.322075,15.563588,14.815957,10.497441,12.640156,9.8821745,13.54084,12.889571,15.369607,20.036936,18.883944,24.038118,24.21783,23.901398,24.204945,22.329815,18.308262,18.927269,13.753411,14.269221,10.069103,10.313916,9.863319,12.590616,14.633316,12.588965,17.543913,18.389154,17.214598,17.583187,15.434272,13.657474,15.458114,14.43757,18.885397,15.733379,15.966459,18.98442,14.260511,19.049713,19.76278,21.801613
9,27.373383,23.255524,21.631796,19.229797,16.168926,14.04056,11.105849,5.936367,4.7721148,0.0,5.9280176,8.337081,7.040221,7.394146,5.8930125,6.111859,8.686739,9.278646,14.689368,15.792117,19.312965,21.53329,24.181074,27.091211,31.47588,31.095295,28.245432,27.760122,21.689445,22.36747,17.363918,17.47151,14.420315,13.882015,14.356725,13.341421,17.742388,18.940132,19.865763,20.941547,19.64204,23.538095,20.452465,24.311863,26.416628,26.31947,31.485819,32.264297,31.978159,32.914032,30.660992,27.420181,31.594631,31.75644,26.375685,28.1987,31.404938,28.216925,25.789705,29.39661,32.615295,26.808353,27.118828,30.51926,29.980385,28.67865,23.896366,23.727074,18.35583,15.196514,15.4696245,10.528849,12.939101,11.860473,14.221261,15.333794,16.721207,22.510202,21.29084,26.15791,26.937233,27.264576,27.97982,26.216618,22.331926,23.11294,17.859425,18.611895,14.106175,14.205782,12.644641,14.769302,15.529532,12.736623,17.360935,19.332909,18.964882,19.349638,18.415974,16.110111,19.091354,18.02513,22.531609,19.103481,18.499466,21.074009,16.722038,21.450861,21.731512,24.382164
10,30.974323,27.051146,25.619576,22.279928,19.550146,17.685858,14.5266075,10.777455,7.254797,5.9280176,0.0,6.025917,6.3482094,4.949392,8.106973,6.389949,10.712366,9.953869,16.622423,17.536499,20.952127,23.5964,25.553879,28.352377,33.11331,31.82856,28.83675,27.969433,21.7232,22.747961,16.53873,17.768106,12.210816,14.286887,12.904067,13.422968,16.482634,16.565514,17.977999,19.125837,16.464222,20.805027,18.390945,21.852558,24.826437,24.56456,30.232944,30.940603,30.992424,31.036905,28.677692,25.709309,29.502558,28.844044,23.552145,25.887701,28.15688,24.49915,22.257824,25.940084,28.4327,22.294891,23.052336,26.054054,24.986403,24.077772,19.172953,19.975306,14.602784,12.301143,13.664805,10.231873,14.094671,13.675485,17.39943,18.372446,21.061544,25.924536,25.555912,30.45675,31.172224,30.739565,30.884832,28.54452,24.588764,24.26282,19.966412,18.667372,14.384655,12.696997,10.137366,10.350357,10.880164,6.9622345,12.007627,14.460414,14.163424,15.300048,15.071336,13.571395,17.453728,17.999079,22.922724,20.538107,20.57312,22.204348,16.691137,20.827208,19.943737,22.109922
11,35.37054,31.211746,29.87372,27.114561,23.954557,22.203066,18.693556,14.259846,11.696063,8.337081,6.025917,0.0,6.54273,8.311992,11.405499,11.790491,15.863165,15.471496,22.021164,22.574963,26.28919,28.56622,30.423967,33.572666,38.19141,37.180233,33.7859,33.47139,26.997599,28.426815,22.151669,23.6332,18.144962,19.865372,18.37259,18.074383,21.223894,21.407522,23.51685,24.947815,22.06277,26.578947,24.211802,27.39687,30.627558,29.840096,35.724007,36.00128,35.514732,35.70897,33.74347,30.26677,33.590015,33.349216,27.932669,29.454247,31.836437,28.496626,25.591255,28.845114,31.66681,25.473742,25.252615,27.868536,26.753036,24.493586,19.324995,19.474506,13.800812,11.036801,13.597401,10.217868,13.824078,15.404481,17.710007,20.416945,22.327314,27.837307,27.902054,32.306427,33.90574,33.949013,34.47845,32.05212,28.331861,28.045465,23.822613,22.875795,18.30028,17.148247,13.873771,14.330491,12.546079,9.773474,12.206198,15.71358,16.842136,17.253597,18.693464,16.17438,21.056917,21.13849,25.89333,23.25739,22.35581,23.214794,18.501446,22.25845,20.974747,23.96897
12,33.30994,29.425001,27.187136,24.75184,22.34573,19.090958,17.58367,11.573193,10.800558,7.040221,6.3482094,6.54273,0.0,3.8920488,6.2332196,8.803997,12.524729,14.000237,19.149382,21.570951,24.617552,27.413101,30.12207,32.64478,37.245773,36.370117,33.874966,32.650005,26.786665,26.980156,21.599173,21.30002,15.574007,15.761215,14.199423,12.64421,16.071003,16.985647,19.5891,21.621124,19.710337,24.719116,23.170322,27.053885,29.566946,30.14766,35.466652,36.617466,36.90397,37.01977,34.41811,31.753063,35.724316,34.855263,29.688995,32.213173,34.391388,30.540247,28.513836,32.20331,34.404755,28.152573,29.097696,31.845194,30.408794,29.331514,24.221874,25.080036,19.477251,16.926483,18.855467,14.775907,18.087532,18.13847,20.509525,22.216257,23.54492,29.486586,28.269716,33.097443,33.84741,34.218643,34.832592,33.010242,29.046051,29.456001,24.488808,24.289907,19.90802,18.753141,16.430138,16.45691,16.599733,11.950036,16.470184,19.90925,19.999655,21.316359,21.393517,19.80065,23.675642,23.730593,28.528051,25.57104,25.063368,27.022728,22.16857,26.487932,25.744492,28.252037
13,31.789223,28.100557,25.878065,22.87838,20.829685,17.575499,16.288887,11.048647,9.479241,7.394146,4.949392,8.311992,3.8920488,0.0,5.4772286,6.2126484,10.289319,11.500285,16.699148,19.368935,22.142847,25.232874,27.829042,30.090763,34.828953,33.587135,31.321957,29.687702,24.015131,23.995506,18.538433,18.195923,11.80771,12.7032585,10.619789,9.955034,12.966718,13.529263,15.914576,17.864391,15.818365,20.864986,19.590605,23.506845,26.01222,26.912092,32.140312,33.523697,34.19662,34.012344,31.188335,28.933027,33.010406,31.713987,26.740107,29.787647,31.633844,27.553854,25.9899,29.842834,31.641474,25.44837,27.00243,29.785927,28.25543,27.961348,23.035608,24.410769,19.053518,16.952494,18.596601,14.96209,18.573006,17.848265,21.141357,21.925117,23.953043,29.270893,28.055311,33.13256,33.39194,33.30156,33.561802,31.662174,27.595894,27.739511,23.01149,22.22064,18.186554,16.46427,14.494437,13.891331,15.065702,9.852805,15.317609,18.31619,17.75655,19.577785,19.012732,18.193926,21.605581,22.230711,27.09209,24.540054,24.649359,26.747566,21.360502,25.62893,24.828295,26.78002
14,27.707047,24.04441,21.401802,19.135418,17.246466,13.230175,13.158369,6.775662,7.8714595,5.8930125,8.106973,11.405499,6.2332196,5.4772286,0.0,5.103738,7.102859,10.134007,13.621521,17.08248,19.604492,22.532677,25.829453,27.93649,32.359394,31.811054,29.930391,28.331833,23.034563,22.406807,18.202616,16.518772,12.535931,10.575602,10.594675,8.16122,12.800268,14.640393,16.193743,17.993635,17.478725,21.952679,20.144732,24.481407,26.081364,27.389162,32.044876,33.679554,34.2902,34.77366,31.902546,29.641832,34.155445,33.384773,28.410704,31.28569,33.828354,30.051338,28.518372,32.416214,34.711666,28.812431,30.227095,33.429024,32.348175,32.016644,27.20452,27.952753,22.581114,19.911766,20.630247,16.094515,18.76442,17.16643,19.704762,20.018982,21.11568,26.816044,24.663033,29.781809,29.694174,30.132778,30.741415,29.44229,25.416063,26.476763,21.040964,21.777416,17.81858,17.246498,16.215021,16.981144,18.751617,14.352754,19.93394,22.329845,21.437834,22.802982,21.339622,20.172089,22.652105,22.236145,26.742163,23.538906,23.471231,26.438295,21.77488,26.487514,26.613922,28.717035
15,25.771687,22.138376,20.142096,16.79698,14.791702,11.923051,10.517706,6.6980047,4.771582,6.111859,6.389949,11.790491,8.803997,6.2126484,5.103738,0.0,4.4704585,5.535517,10.705583,13.241493,15.981843,19.039856,21.813356,24.019733,28.689808,27.673378,25.539549,23.962065,18.395992,18.201056,13.301168,12.556191,8.487683,8.271506,8.426231,8.513587,12.419283,13.401241,13.814767,14.838655,13.831401,17.802795,15.364252,19.577805,21.428463,22.369884,27.233788,28.713182,29.361437,29.699707,26.853954,24.588497,29.104319,28.30047,23.33793,26.35436,28.846579,25.122417,23.719107,27.665243,29.968777,24.262535,25.837404,29.194193,28.33875,28.456928,23.964855,24.842224,19.882605,17.607079,17.771112,13.895457,16.795282,14.463285,18.22767,17.580826,19.925203,24.581526,23.0213,28.302107,27.984339,27.630104,27.740261,26.039625,21.92879,22.397612,17.444162,17.226053,13.534579,12.455244,11.853559,12.641501,15.31109,11.485726,17.34983,18.849842,17.385527,18.805769,16.657377,15.997203,17.959347,18.0438,22.625753,19.96126,20.572588,23.436161,18.214565,22.76876,22.876331,24.472555
16,21.655842,18.21827,15.898058,12.650519,11.197139,7.6328235,7.98254,5.486032,6.0142527,8.686739,10.712366,15.863165,12.524729,10.289319,7.102859,4.4704585,0.0,4.710709,6.6351705,10.436722,12.554575,15.693356,19.101885,20.918413,25.366713,24.77037,23.210634,21.385866,16.472023,15.426439,12.144156,9.721923,8.940394,5.8340435,8.614791,8.213382,12.472478,14.129921,13.368973,13.923011,14.463591,17.499899,14.743052,19.186682,20.016588,21.54985,25.655275,27.50702,28.343216,29.118176,26.148321,24.214588,29.090466,28.5294,23.855844,26.934181,29.770597,26.305935,25.26117,29.189783,31.613678,26.381536,28.10927,31.70041,31.162191,31.620264,27.422049,28.066708,23.385803,21.02973,20.45592,16.45837,18.545258,15.216453,18.644022,16.909832,18.841785,23.12371,20.747879,26.140976,25.108461,24.852213,24.995117,23.838234,19.765001,20.936502,15.624784,16.551418,13.535607,13.346784,13.995232,15.4607,18.763573,15.525014,21.34699,22.258633,20.365826,21.601645,18.534681,18.08827,18.758709,18.237335,22.284142,19.418024,20.308546,23.911016,19.266388,23.912603,24.753645,26.091309
17,21.730694,18.170113,16.998547,12.845831,10.67662,9.698138,6.857153,7.704549,4.8355007,9.278646,9.953869,15.471496,14.000237,11.500285,10.134007,5.535517,4.710709,0.0,7.30534,7.9437404,11.014792,13.897531,16.337255,18.711857,23.434408,22.384754,20.028475,18.760656,12.994364,13.242179,8.410475,8.530624,8.152614,8.311356,10.266429,11.754953,15.064563,15.722898,14.346845,14.040633,13.529485,15.82425,11.880671,15.90868,17.364466,17.777973,22.471844,23.753199,24.223207,24.996391,22.30661,19.870106,24.621643,24.380798,19.480238,22.27836,25.309893,22.09692,20.778702,24.637863,27.40328,22.351809,23.776054,27.51497,27.322144,27.765652,23.883118,24.354527,20.130232,18.078897,16.973745,13.736359,15.85189,12.177684,16.60513,14.3632,17.574062,20.883493,19.560719,24.89098,24.12321,23.100405,22.811974,20.988035,16.86139,17.197767,12.480186,12.18203,9.168801,8.668322,9.784379,11.801452,15.40547,13.378872,18.716867,18.781687,16.66176,17.567238,14.106115,13.764835,14.05882,13.854589,18.06096,15.6918745,17.074286,20.31404,15.238228,19.663425,20.469263,21.523523
18,16.182396,13.4309435,11.345952,7.031678,7.4403663,5.1910253,7.7652106,10.223093,10.875053,14.689368,16.622423,22.021164,19.149382,16.699148,13.621521,10.705583,6.6351705,7.30534,0.0,6.594663,6.6459103,10.136494,14.061813,15.020333,19.263678,18.866085,18.23264,15.879317,12.339371,9.937435,9.816137,5.201472,10.7032,6.8623085,11.450717,12.131129,15.096889,16.618385,13.884462,13.034415,15.225297,16.12583,12.799091,16.948324,16.240492,18.427814,21.238276,23.559864,24.795794,25.993025,22.922031,21.698362,26.868242,26.536753,22.579533,25.777637,28.806093,25.838535,25.488958,29.23952,31.619698,27.342484,29.36058,33.144146,33.08714,34.26525,30.732779,31.267694,27.321352,25.278822,23.792501,20.443188,21.745962,17.348734,20.808949,17.303247,19.430109,21.95604,19.0881,24.39317,22.098255,21.242054,20.905775,20.321869,16.4967,18.111471,13.320298,14.922877,13.73155,14.220822,16.502209,18.322594,22.470669,20.224808,25.788513,25.628267,23.0627,24.122923,19.840343,20.135956,18.797855,18.0487,21.03785,18.67236,20.448559,24.580065,20.569124,24.793667,26.372393,26.924196
19,15.005377,11.791634,12.162211,7.3408713,5.4855194,8.803601,6.085294,12.2522955,11.18739,15.792117,17.536499,22.574963,21.570951,19.368935,17.08248,13.241493,10.436722,7.9437404,6.594663,0.0,4.343926,6.0669894,8.750936,11.303391,15.758164,15.443101,13.162951,12.66513,7.6612473,8.036991,7.3423076,7.361967,13.56013,12.482061,16.096502,17.63242,20.557905,21.372164,18.458582,16.877722,17.814278,17.62932,12.478208,15.490158,15.20254,15.106817,18.345621,19.45536,19.555012,21.604416,19.346615,16.947348,21.963507,22.967424,18.777517,20.776186,24.741995,22.727077,21.725702,25.059881,28.427864,24.766846,25.81151,29.865984,30.597418,31.312265,28.317465,28.083914,24.86977,22.960964,20.488224,17.953342,18.409567,13.4957285,17.212759,12.629419,15.901206,16.756554,15.088476,20.187925,18.241934,16.388645,15.594464,14.243575,10.283744,11.522471,7.0467143,8.944911,8.799406,10.613235,13.783951,16.885778,20.696,20.299446,24.844736,23.642881,21.130255,21.217377,16.621832,16.489729,13.935824,12.372562,14.689125,12.606358,14.978922,19.057987,15.629118,19.405005,21.622179,21.979336
20,12.773723,10.657574,10.849001,5.643917,6.7379265,9.458734,9.605092,15.175283,14.824799,19.312965,20.952127,26.28919,24.617552,22.142847,19.604492,15.981843,12.554575,11.014792,6.6459103,4.343926,0.0,4.001066,7.639709,8.448659,12.843688,12.525312,11.830139,10.017781,7.429667,5.207071,8.555462,6.363207,14.657857,12.838547,16.874594,18.50463,20.812077,21.706747,18.093971,16.082464,18.130117,17.00196,12.462156,15.257805,13.590033,14.781089,16.577885,18.521633,19.459215,21.427216,18.827229,17.62109,22.739473,23.311842,19.953636,22.494368,26.017136,24.027124,23.856129,27.123344,29.908264,26.74845,28.399874,32.33852,33.01039,34.40484,31.654665,31.755953,28.736671,27.037663,24.632872,22.23983,22.745981,17.808262,21.306513,16.463303,19.257494,19.44139,17.18168,21.996029,19.022074,16.949066,15.7777815,15.223562,11.848333,13.359017,10.07065,11.822201,12.780542,14.071371,17.480488,19.918972,24.199762,23.46209,28.242393,26.937843,24.07977,24.526463,19.546251,20.150223,16.992409,15.909171,17.515848,16.027958,18.676517,22.79834,19.631203,23.05254,25.299345,25.143274
21,10.43823,8.509843,10.401043,6.310908,6.9571342,11.551805,10.854542,17.325575,17.085463,21.53329,23.5964,28.56622,27.413101,25.232874,22.532677,19.039856,15.693356,13.897531,10.136494,6.0669894,4.001066,0.0,4.83301,6.275639,10.0125065,10.859131,9.729247,9.631941,7.9537916,7.2632713,11.151411,10.305163,18.411184,16.676296,20.764767,22.206398,24.74883,25.682735,22.080652,19.977388,21.864552,20.375435,15.484103,17.544947,15.698276,15.815569,16.987947,18.236452,18.380257,21.253487,19.331802,17.67178,22.496084,24.07453,20.922045,22.502256,26.626377,25.384,24.908915,27.779526,31.12049,28.467413,29.514355,33.557484,34.690197,35.751736,33.28251,32.85289,30.176954,28.405993,25.505325,23.325726,23.107647,18.05963,20.933748,15.572668,18.123718,17.034487,14.886544,19.210863,15.87942,13.337432,11.929449,11.759519,8.905807,11.143943,8.624371,11.665026,13.412061,15.6230345,19.196726,22.26803,26.188185,26.16815,30.5151,28.855755,26.148426,26.040419,21.099207,21.287935,17.5404,15.616618,16.126472,14.71013,17.407207,21.64659,19.55069,22.578773,25.41608,25.245619
22,13.475033,12.137492,14.922846,11.141153,11.076884,16.047634,13.966379,20.772165,19.5557,24.181074,25.553879,30.423967,30.12207,27.829042,25.829453,21.813356,19.101885,16.337255,14.061813,8.750936,7.639709,4.83301,0.0,4.4431853,8.195002,8.197469,5.188481,7.3942432,6.2924657,8.035032,11.5453825,12.90015,20.455635,20.082577,23.595633,25.71014,27.893915,28.311016,24.533892,22.03551,23.270027,20.990608,15.705717,16.516706,14.829426,13.36063,14.188079,14.448365,13.926744,17.365417,16.139193,14.181413,18.608644,20.956663,18.279636,19.128183,23.464556,23.022154,22.578468,24.948048,28.510653,26.694635,27.386671,31.373583,32.967834,34.147003,32.31873,31.702948,29.823778,28.495378,25.213844,24.013685,23.573137,18.682358,21.826027,16.226223,19.614805,16.92418,16.289291,19.911129,16.927649,13.170137,10.6938505,9.537123,7.514527,8.130787,8.642017,10.008303,13.308501,15.435775,19.288988,22.368254,26.144573,27.107006,30.728275,28.344297,25.568314,25.078295,20.018808,20.511326,15.7942095,14.135802,13.493839,13.454365,16.817373,20.365093,18.654524,20.727274,23.690752,22.879068
23,12.852487,12.885762,15.255158,11.732225,13.224312,17.356876,16.854591,23.25164,22.445103,27.091211,28.352377,33.572666,32.64478,30.090763,27.93649,24.019733,20.918413,18.711857,15.020333,11.303391,8.448659,6.275639,4.4431853,0.0,5.019179,4.610724,5.5451293,5.061078,8.1441145,7.4206915,13.305387,13.279777,21.546122,20.762932,24.400515,26.591558,28.233807,28.663965,24.442177,21.681213,23.698065,20.715818,16.244408,16.81156,13.871812,13.851211,12.801622,14.172365,14.939235,17.894106,16.23522,15.867931,20.209955,21.778975,20.023857,21.623827,25.209572,24.631533,25.0369,27.406242,30.203533,28.762411,30.13861,33.9464,35.351025,37.197525,35.489136,35.29986,33.435352,32.248943,29.180008,27.906258,27.743788,22.803345,26.00092,20.423998,23.445864,20.865572,19.590565,23.03671,19.282967,15.683236,13.108913,12.986059,11.630733,12.373387,12.880362,13.901825,17.175411,18.704983,22.626753,25.089472,29.307232,29.785797,33.73139,31.394962,28.326431,28.28677,22.978664,24.09704,19.30702,18.29705,17.693466,17.894567,21.235535,24.798801,22.900862,24.923407,27.667868,26.500378
24,12.426484,13.876145,16.88572,14.718143,16.556702,20.881422,20.800255,27.318914,26.931755,31.47588,33.11331,38.19141,37.245773,34.828953,32.359394,28.689808,25.366713,23.434408,19.263678,15.758164,12.843688,10.0125065,8.195002,5.019179,0.0,5.0767426,7.872519,8.698396,12.971287,12.228131,18.316889,17.980108,26.444832,25.218771,29.079903,31.007431,32.677486,33.265976,28.940908,26.154158,28.49062,25.24191,21.07927,21.284166,17.956291,17.86115,15.48982,16.50728,16.910934,20.392765,19.374313,19.323812,23.00049,25.095798,23.99472,24.980934,28.644093,28.655418,29.126133,31.103022,33.98148,33.107555,34.24749,38.00302,39.668934,41.469257,40.0039,39.55456,37.915035,36.679543,33.382393,32.145035,31.545717,26.626242,29.198744,23.491648,25.898159,22.392529,20.988216,23.492025,19.14986,15.434187,12.682017,13.725503,13.787507,15.024638,16.2812,18.043558,21.498972,23.40474,27.318258,29.979568,34.057484,34.72954,38.562984,36.090736,33.080498,32.822258,27.583782,28.535076,23.528744,22.102106,20.62036,20.956154,24.08737,27.622236,26.653625,28.310438,31.408756,30.166563
25,16.335625,17.102814,19.457233,16.080221,17.797724,21.658592,21.230345,27.50904,26.37573,31.095295,31.82856,37.180233,36.370117,33.587135,31.811054,27.673378,24.77037,22.384754,18.866085,15.443101,12.525312,10.859131,8.197469,4.610724,5.0767426,0.0,5.7557015,4.55539,10.510245,9.900195,15.85659,16.26428,24.140167,23.983318,27.228146,29.85859,30.898695,30.972952,26.46886,23.381802,25.37544,21.508331,17.63954,17.11126,13.596719,13.545962,10.468708,11.971708,13.498968,16.132143,14.726104,15.635727,19.312792,20.637278,20.106195,21.773512,24.689224,24.564205,25.664537,27.628832,29.850435,29.316185,30.971355,34.507206,36.030426,38.45757,37.28143,37.32467,35.995453,35.2154,32.13858,31.417902,31.372345,26.564157,29.989956,24.409395,27.702679,24.53717,23.742159,26.771925,22.957642,18.995382,16.015316,15.809292,15.193647,15.004781,16.809399,16.670431,20.50054,21.50813,25.485136,27.443007,31.787283,32.51855,36.172928,33.455635,30.193953,30.258972,24.859331,26.58751,21.381777,21.077894,19.990595,21.11009,24.707565,27.782532,25.898102,27.296886,29.82988,28.017366
26,17.39875,16.859383,19.749666,15.958884,16.198399,20.888613,18.690643,25.347898,23.528519,28.245432,28.83675,33.7859,33.874966,31.321957,29.930391,25.539549,23.210634,20.028475,18.23264,13.162951,11.830139,9.729247,5.188481,5.5451293,7.872519,5.7557015,0.0,5.8025923,7.5558405,9.931801,13.514389,15.870641,22.927456,23.57041,26.55321,29.300558,30.848112,30.769394,26.700527,23.792627,24.722952,21.441387,16.469893,15.815869,13.8708725,11.38511,10.753563,10.199318,9.68613,13.404229,12.812674,11.628526,15.3585415,17.985472,16.538893,17.110363,20.983921,21.315907,21.501532,23.286795,26.467302,25.799257,26.593908,30.31051,32.20324,33.95846,32.88269,32.440388,31.389732,30.64795,27.283945,27.008255,26.679596,22.084244,25.55493,20.05555,23.923693,20.322594,20.628746,23.625494,20.755142,16.384315,13.237979,11.67871,10.961507,9.634297,12.65502,11.820205,16.10884,17.4836,21.416807,23.922459,27.751038,29.295267,32.356636,29.35128,26.374466,25.854275,20.690794,21.949663,16.505743,15.88285,14.35026,15.943399,19.706795,22.364752,20.728529,21.751833,24.452679,22.710077
27,17.53096,17.357904,19.030731,14.720149,16.114687,19.436333,18.724882,24.597107,23.01224,27.760122,27.969433,33.47139,32.650005,29.687702,28.331833,23.962065,21.385866,18.760656,15.879317,12.66513,10.017781,9.631941,7.3942432,5.061078,8.698396,4.55539,5.8025923,0.0,6.822322,6.137546,11.651833,12.5235615,19.874228,20.371058,23.215305,26.203892,27.03957,26.86615,22.423826,19.29684,20.94384,17.133177,13.093135,12.699406,9.377021,9.65494,7.893078,10.15179,12.422178,14.127649,11.813405,12.772876,17.124344,17.606499,16.551624,19.098015,21.697348,20.883535,22.118488,24.48744,26.43611,25.38878,27.44181,30.971395,32.18319,34.802193,33.435482,33.842648,32.3438,31.694208,28.918598,28.242445,28.702728,23.986126,28.007917,22.703905,26.494806,24.218685,23.544588,27.257069,23.938002,20.18226,17.437883,16.433914,14.761272,13.983987,15.1287565,13.863597,17.44783,17.7939,21.725153,23.257895,27.802944,28.302134,32.048256,29.445179,26.067532,26.454779,20.97074,23.061426,18.113611,18.511524,18.354528,19.440308,23.159496,26.133316,23.30364,24.978554,27.037773,25.210884
28,18.255869,16.389215,17.825203,12.856656,12.493639,15.974429,13.4545145,19.280249,16.923325,21.689445,21.7232,26.997599,26.786665,24.015131,23.034563,18.395992,16.472023,12.994364,12.339371,7.6612473,7.429667,7.9537916,6.2924657,8.1441145,12.971287,10.510245,7.5558405,6.822322,0.0,5.270541,5.965042,9.363207,15.487929,16.775671,19.313177,22.317091,23.847551,23.636879,19.902235,17.257906,17.67828,15.294478,9.71201,10.44697,9.764459,8.095874,11.032055,11.798614,12.462211,14.180917,11.935303,10.2066,15.318045,16.233475,13.072344,15.426296,18.896536,17.53226,17.54977,20.433628,23.293716,21.03501,22.515331,26.375229,27.52677,29.34231,27.47838,27.637222,25.772362,24.93592,22.179956,21.444439,22.072529,17.479721,21.93547,17.025175,21.420362,20.072767,19.947456,24.23331,22.029432,18.627916,16.425982,14.281404,11.341187,9.940905,9.966453,7.518967,10.71604,11.062056,15.021756,17.099672,21.38712,22.14976,25.7836,23.324469,20.190996,20.31272,14.925572,16.48953,11.90987,12.245656,13.273627,13.872515,17.535528,20.42179,16.853916,19.030613,20.92892,19.671368
29,16.298986,15.109585,15.538423,10.514841,11.882462,14.037867,13.918538,19.036957,17.725851,22.36747,22.747961,28.426815,26.980156,23.995506,22.406807,18.201056,15.426439,13.242179,9.937435,8.036991,5.207071,7.2632713,8.035032,7.4206915,12.228131,9.900195,9.931801,6.137546,5.270541,0.0,7.2760434,6.4291296,14.379882,14.270782,17.367638,20.118734,21.255102,21.390945,17.1596,14.3801,16.31651,13.70034,9.376336,11.1749735,8.64897,10.573538,11.685979,14.322458,16.38188,17.513575,14.437813,14.510978,19.592865,19.322588,16.823996,20.178102,22.834194,20.806389,21.601067,24.75326,26.723475,24.231884,26.57887,30.263903,30.890997,33.206566,31.005163,31.656681,29.2538,28.219221,25.916292,24.418756,25.366045,20.616144,24.836794,19.97732,23.561602,22.994884,21.57305,26.117619,23.09937,20.24958,18.314266,17.276901,14.333099,14.329346,12.991229,12.234248,14.3380785,14.405691,18.092838,19.533306,24.29422,23.806005,28.290499,26.456589,23.14715,23.972387,18.584963,20.387117,16.541674,16.8663,18.237865,18.089775,21.383305,24.833902,21.139225,23.865614,25.633673,24.57101
30,21.192163,18.659977,18.791164,13.548905,12.717054,14.225536,11.717945,15.769644,12.772497,17.363918,16.53873,22.151669,21.599173,18.538433,18.202616,13.301168,12.144156,8.410475,9.816137,7.3423076,8.555462,11.151411,11.5453825,13.305387,18.316889,15.85659,13.514389,11.651833,5.965042,7.2760434,0.0,6.368091,9.74547,12.232814,13.90491,17.298552,18.683533,18.233932,15.010679,12.819403,12.390412,11.413717,5.6333523,8.489836,9.67274,9.468282,14.135363,15.493938,16.6937,17.015928,14.047275,12.430986,17.491615,16.903324,12.765584,16.396349,19.005438,16.181189,16.102528,19.763514,22.028992,18.361443,20.526213,24.279852,24.627863,26.513876,23.941652,24.782316,22.173822,21.327326,19.411695,18.27975,19.973343,15.817213,20.924246,17.080763,21.540714,22.088352,21.699047,26.59376,24.982042,22.389793,20.838665,18.577982,14.923289,13.707228,11.762959,8.564464,9.216933,7.703637,11.12124,12.267543,17.038506,16.766571,21.026745,19.25424,16.027563,16.980284,11.76741,13.678704,10.892402,12.355253,15.367832,15.176234,18.240452,20.955645,15.940208,18.913376,19.82138,19.063263
31,18.358877,16.264538,15.049123,10.004262,10.867454,10.344343,11.205614,14.2573595,13.235874,17.47151,17.768106,23.6332,21.30002,18.195923,16.518772,12.556191,9.721923,8.530624,5.201472,7.361967,6.363207,10.305163,12.90015,13.279777,17.980108,16.26428,15.870641,12.5235615,9.363207,6.4291296,6.368091,0.0,8.811036,7.872209,11.12571,13.697088,15.103993,15.574927,11.823502,9.832303,11.947885,11.496152,8.027472,12.037355,11.122024,13.9415,16.676947,19.392681,21.383844,21.852343,18.40322,18.020962,23.185022,22.101265,18.665468,22.62582,24.938444,21.812567,22.254473,25.99395,27.691282,23.86848,26.555502,30.163132,30.061792,32.11563,29.089365,30.1543,26.829775,25.48307,23.981304,21.649826,23.348774,18.962854,23.323809,19.464933,22.676683,24.114975,22.141045,27.29636,24.853731,23.02704,21.903809,20.80295,17.108793,17.52706,14.195154,13.680261,13.622385,12.951805,15.753667,16.635252,21.455442,19.575365,24.871664,24.0719,20.96791,22.41336,17.578331,19.079012,16.986835,17.506048,20.366104,19.175238,21.75109,25.331675,20.744133,24.356771,25.533136,25.228968
32,26.534369,23.833387,22.04645,17.522831,17.084484,14.847102,14.6238575,14.000756,11.619522,14.420315,12.210816,18.144962,15.574007,11.80771,12.535931,8.487683,8.940394,8.152614,10.7032,13.56013,14.657857,18.411184,20.455635,21.546122,26.444832,24.140167,22.927456,19.874228,15.487929,14.379882,9.74547,8.811036,0.0,6.6039515,4.8124857,9.27799,9.602587,8.785725,7.079828,7.0821133,5.613172,9.443997,8.609132,12.906895,14.689359,17.077745,21.458971,23.79218,25.813236,24.969046,21.387638,20.796135,25.346375,22.967161,19.00397,23.638176,24.723906,20.378546,20.688725,24.791744,25.539213,20.402905,23.726059,26.752897,25.55228,27.689991,24.05677,26.1812,22.34004,21.408901,21.405716,19.27587,22.408974,19.43955,24.320492,22.242527,25.723913,28.642336,27.353067,32.69367,31.368069,29.906385,29.063288,27.224152,23.2305,22.753864,19.26907,17.063902,15.265225,12.535886,13.250964,11.749069,16.395966,12.730876,18.50547,18.867674,16.043097,18.658436,15.19771,17.056602,17.443724,19.387802,23.58025,22.431454,24.407394,27.015594,21.15253,24.838594,24.52847,24.559498
33,22.606401,20.059748,17.278988,13.655616,13.98806,9.963384,12.512583,11.115444,11.38137,13.882015,14.286887,19.865372,15.761215,12.7032585,10.575602,8.271506,5.8340435,8.311356,6.8623085,12.482061,12.838547,16.676296,20.082577,20.762932,25.218771,23.983318,23.57041,20.371058,16.775671,14.270782,12.232814,7.872209,6.6039515,0.0,4.955173,5.8755865,8.264923,9.961338,8.181673,8.856997,10.906928,13.77834,12.726515,17.335127,17.47798,20.649334,23.974337,26.749033,28.682161,28.73808,25.158083,24.557272,29.536613,27.866425,23.962465,28.127573,30.032808,26.115137,26.205008,30.251947,31.57273,26.631773,29.497759,32.810818,31.879358,33.50642,29.605606,31.093897,26.751812,25.010145,24.684534,21.342028,23.790916,20.319159,24.198057,21.889875,24.127954,27.658237,25.077679,30.476704,28.63201,27.95708,27.625557,26.690786,22.71525,23.59979,19.008818,19.063074,17.103142,15.969736,17.102545,17.144,21.330725,17.468151,23.562954,24.342388,21.84652,23.90238,20.308092,21.18464,21.198004,21.689173,25.527239,23.41203,24.981775,28.524248,23.503727,27.784098,28.330069,28.89497
34,27.449259,24.827879,22.19646,18.422941,18.368895,14.612537,16.018433,13.575094,12.713904,14.356725,12.904067,18.37259,14.199423,10.619789,10.594675,8.426231,8.614791,10.266429,11.450717,16.096502,16.874594,20.764767,23.595633,24.400515,29.079903,27.228146,26.55321,23.215305,19.313177,17.367638,13.90491,11.12571,4.8124857,4.955173,0.0,4.8874097,5.084212,5.610368,5.6360726,7.707082,7.9841495,12.535005,12.939965,17.301332,18.42327,21.554514,25.419527,28.130901,30.290646,29.577797,25.87833,25.481089,30.114643,27.660934,23.811253,28.409365,29.500164,25.059631,25.356403,29.467823,30.066711,24.758284,28.090105,30.977127,29.467045,31.391247,27.39371,29.570303,25.21967,23.922071,24.371489,21.486208,24.655703,21.909481,26.180471,24.548962,27.198614,30.965948,28.953499,34.368595,32.93928,32.09608,31.630722,30.244196,26.194225,26.390818,22.19578,21.04349,18.796667,16.600048,16.89236,15.5226555,19.537283,14.830167,20.928434,22.212246,19.82626,22.523201,19.594316,20.924822,21.814512,23.224108,27.491264,25.756268,27.296465,30.228148,24.585894,28.640463,28.39624,28.85765
35,27.35034,24.619757,21.353382,18.578156,18.494047,13.597961,16.1262,12.001573,12.875351,13.341421,13.422968,18.074383,12.64421,9.955034,8.16122,8.513587,8.213382,11.754953,12.131129,17.63242,18.50463,22.206398,25.71014,26.591558,31.007431,29.85859,29.300558,26.203892,22.317091,20.118734,17.298552,13.697088,9.27799,5.8755865,4.8874097,0.0,5.131687,7.952815,9.304032,11.769744,12.825857,17.237442,17.310188,21.822136,22.56884,25.685595,29.375095,32.08563,33.95971,33.729527,30.138855,29.400206,34.17089,32.173553,28.085777,32.273975,33.849815,29.557823,29.427805,33.53198,34.559505,29.060362,31.939766,34.92676,33.44374,34.736565,30.372736,32.161026,27.315477,25.455715,26.054474,22.34257,25.252794,22.708256,26.144775,25.013586,26.692122,31.312037,28.65445,34.01797,32.68431,32.5725,32.60846,31.640827,27.58973,28.512527,23.575275,23.636444,20.871124,19.446665,19.46202,18.834883,22.178293,17.152195,23.30859,25.218124,23.313534,25.682869,23.134224,23.640507,24.919567,25.512136,29.790392,27.34561,28.321154,31.590097,26.40646,30.85281,30.888308,31.933905
36,30.331663,28.050766,24.834122,21.679955,22.182302,17.608486,20.226389,16.891367,16.989216,17.742388,16.482634,21.223894,16.071003,12.966718,12.800268,12.419283,12.472478,15.064563,15.096889,20.557905,20.812077,24.74883,27.893915,28.233807,32.677486,30.898695,30.848112,27.03957,23.847551,21.255102,18.683533,15.103993,9.602587,8.264923,5.084212,5.131687,0.0,3.6292484,6.150087,9.470331,10.718982,15.244551,17.083242,21.221874,21.906124,25.808258,29.124605,32.27023,34.833256,33.88038,29.9744,30.118952,34.709366,31.786385,28.318253,33.199356,33.878143,29.23338,29.895866,33.990192,34.027454,28.754835,32.45132,35.05009,33.15149,35.326374,31.261847,33.774113,29.303215,28.037296,28.901339,25.836533,29.090517,26.56788,30.502918,29.116928,31.284718,35.4257,32.964497,38.367783,36.734455,36.206814,35.869442,34.796562,30.783281,31.24467,26.89983,26.060751,23.82372,21.667732,21.771729,20.023214,23.724558,18.450722,24.406755,26.223976,24.014107,26.99104,24.37548,25.784489,26.860231,28.289839,32.53997,30.690323,32.09416,35.121834,29.533623,33.640987,33.27246,33.76675
