,0,1,2,3,4,5,6,7,8,9,10,11,12,13,14,15,16,17,18,19,20,21,22,23,24,25,26,27,28,29,30,31,32,33,34,35,36,37,38,39,40,41,42,43,44,45,46,47,48,49,50,51,52,53,54,55,56,57,58,59,60,61,62,63,64,65,66,67,68,69,70,71,72,73,74,75,76,77,78,79,80,81,82,83,84,85,86,87,88,89,90,91,92,93,94,95,96,97,98,99,100,101,102,103,104,105,106,107,108,109,110
0,0.0,4.6192183,6.6218996,9.526521,12.333401,14.576331,17.602985,19.515703,23.571314,25.956423,29.65941,33.46713,30.593243,28.928677,24.153471,23.041254,17.572842,19.020254,14.278647,14.80712,13.137629,10.405661,11.860339,15.966154,16.737354,18.039194,20.39028,19.912907,22.107948,23.321005,26.16544,31.776802,32.345505,36.617413,37.990383,41.47922,43.36098,46.686035,42.435593,41.55615,36.84099,37.395233,31.664103,31.680006,28.936192,28.167377,25.438,23.01299,21.152359,23.301594,24.107155,27.29912,29.629269,29.493929,33.564255,35.043083,34.01332,38.066223,39.558628,41.136425,42.85778,35.719105,38.46298,36.561977,38.9699,38.173862,35.08031,34.78937,33.957623,34.074234,31.44033,31.155304,32.421284,29.111996,30.061872,29.880283,30.094427,32.333447,28.719942,33.17145,31.482653,28.359118,30.37058,27.440804,25.403116,26.0999,22.120722,24.507433,22.855198,23.711542,25.529644,25.154644,28.326874,31.98297,35.481342,34.72089,37.705437,38.682697,35.79133,37.938908,38.99145,37.59332,40.386074,43.384846,44.42438,41.23149,44.485374,37.829044,40.552864,37.27583,39.28974
1,4.6192183,0.0,4.988209,5.795944,8.419124,11.656685,14.046852,17.015026,20.370672,23.225546,26.691532,30.812338,28.380226,26.714006,22.149273,20.44825,15.439019,15.829064,12.125775,11.051976,10.25699,6.884692,9.56417,12.738269,12.944714,14.272251,16.008577,15.457505,17.9396,18.919188,22.389591,27.752691,28.877945,32.74135,34.629654,37.679424,39.83114,43.360367,38.995937,37.856506,33.34928,33.457653,27.786562,27.462866,24.862923,23.707579,21.030758,18.428652,16.59319,18.710455,19.619776,22.8138,25.29228,25.387825,29.30167,30.63968,29.693464,33.75839,35.468945,37.005096,38.55664,31.356739,33.92587,32.001793,34.36094,33.713757,30.57636,30.436224,29.799778,30.045134,27.439215,27.508615,29.003622,25.735815,27.226261,27.039036,27.989115,30.247452,27.206593,31.921833,30.549427,27.276482,28.702667,25.283493,23.067991,23.203234,19.624897,21.085817,19.753767,20.155666,22.283792,21.83362,25.04097,28.670998,32.03628,31.358425,33.935722,35.111446,32.526337,34.400658,35.985294,34.187477,37.341003,40.451473,41.127,37.827618,40.82451,34.07373,36.514236,33.213284,34.998287
2,6.6218996,4.988209,0.0,5.1111546,6.792146,8.263866,11.368011,13.124344,17.303164,19.517506,23.53615,27.154612,24.708885,23.401731,18.367083,17.6028,12.445401,14.040707,10.484951,11.267508,12.218298,9.752093,13.1769705,16.100924,16.339285,16.960785,17.856579,16.186018,18.222033,18.522278,20.86436,26.15049,26.769806,30.882887,32.175594,35.857334,37.616684,41.088577,37.15727,36.331867,31.692139,32.37041,27.048594,26.939455,24.923986,23.808098,22.54193,19.640306,18.360529,19.273508,19.220606,22.300072,24.415562,23.6122,28.0959,29.696352,28.444317,32.45584,33.577866,35.293453,37.4106,30.48831,33.71826,32.31457,35.11457,35.1107,32.28489,32.550503,32.312828,32.25217,29.255697,29.615202,30.661116,26.794916,28.339653,27.318394,28.444687,29.446037,26.609978,30.951189,28.941166,25.12799,26.242077,23.000906,21.510183,22.269602,19.085314,21.327286,20.977133,22.013214,24.714851,24.821077,28.27155,31.44528,34.39728,33.09473,35.297802,35.837433,32.895184,34.240887,35.42544,33.271244,36.033813,39.00919,39.9371,36.74735,40.324413,33.756577,36.426464,33.582413,35.359722
3,9.526521,5.795944,5.1111546,0.0,3.681612,6.498059,8.804785,11.90929,14.77172,17.883911,21.00121,25.319092,22.965668,21.262836,16.952291,14.86384,10.2960615,10.156033,7.566932,6.25956,8.132649,6.028083,10.163802,12.020412,12.194265,12.2925825,13.022337,11.32391,13.219855,14.091858,16.7294,22.261568,23.104788,27.129,28.839285,32.02019,34.069473,37.581127,33.28771,32.22689,27.677546,27.995995,22.44545,22.333166,19.998486,19.150452,17.639383,15.111109,14.384789,15.505658,15.587729,18.536867,21.460354,20.781265,25.26481,26.280458,24.890081,28.852238,30.321815,31.744127,33.435684,26.358534,29.468779,27.796835,30.721252,30.294262,27.763449,27.85797,27.586477,27.275211,24.184523,24.60927,25.675026,21.855211,23.68732,22.793253,24.409008,25.775251,23.375175,28.03116,26.614197,23.008379,23.779737,20.070166,18.039646,18.103413,15.099248,16.491186,16.225431,17.051056,19.95025,20.204916,23.728313,26.672468,29.462078,28.122622,30.201204,30.849636,28.098385,29.479162,31.034328,28.85346,31.956335,35.05597,35.700954,32.416603,35.666817,28.997454,31.582159,28.596235,30.451828
4,12.333401,8.419124,6.792146,3.681612,0.0,4.780506,5.734957,9.994292,12.367608,15.532948,18.954174,23.130884,21.51826,20.242601,15.863861,13.989473,10.366456,9.595543,9.223368,7.067651,10.750426,8.779684,13.101681,13.934561,13.316845,13.383905,12.561166,10.076957,12.300404,11.805549,14.943615,19.781574,21.29554,24.741966,26.840107,29.841835,32.00361,35.788174,31.712404,30.499464,26.206993,26.222935,21.104118,20.469376,18.908094,17.1786,16.701147,13.528804,12.903808,13.008821,12.597197,15.5857725,18.105633,17.340378,21.83172,23.09865,21.80758,25.831556,27.225698,28.85042,30.760742,23.76168,26.930014,25.612202,28.535152,28.879967,26.235897,26.836447,27.0397,26.989304,23.947723,24.965384,26.16994,22.309065,24.710463,23.489985,25.838154,26.591913,24.860035,29.395514,27.914108,23.993317,24.021456,20.0558,18.431992,18.233679,16.128399,16.71987,17.363699,17.800743,21.073618,21.303131,24.709747,27.500614,29.994987,28.641796,30.032644,30.687525,28.208153,28.94366,30.915665,28.04688,31.323633,34.434372,34.787926,31.463726,34.697186,28.065638,30.311329,27.573227,28.9851
5,14.576331,11.656685,8.263866,6.498059,4.780506,0.0,4.0574574,5.4698453,9.046092,11.5753,15.3475685,19.185425,17.170038,16.059616,11.280619,10.246661,6.627467,7.533887,7.70206,8.556984,12.774026,11.972396,16.053783,17.153372,17.104485,16.418493,15.599546,12.426852,13.349273,12.784493,13.417145,18.499134,18.805231,22.946497,24.012793,27.886324,29.484495,33.0214,29.333193,28.603342,24.03988,24.982765,20.205025,20.256756,19.106071,18.193586,19.09117,16.348707,16.62062,15.798144,14.300134,16.740376,19.169594,17.041561,22.323332,23.512527,21.634172,25.410141,26.057777,27.674442,30.102505,23.557545,27.56415,26.716013,30.214224,30.773663,28.803831,29.518604,29.890865,29.229647,25.770834,26.760214,27.263391,22.846132,24.957731,22.895012,25.143427,24.601568,23.049942,27.099056,25.0544,20.718382,20.444864,16.735031,15.916904,16.545954,14.877443,16.656668,18.159782,19.525417,23.072058,23.968594,27.55972,29.760452,31.812769,29.7267,30.965706,30.777422,27.786713,28.139992,29.38797,26.439117,29.11386,32.03206,32.80465,29.670582,33.583572,27.290731,29.991026,27.78224,29.445673
6,17.602985,14.046852,11.368011,8.804785,5.734957,4.0574574,0.0,5.8571067,6.9029837,10.121162,13.640259,17.65474,16.74704,15.983016,11.887456,10.378049,8.894372,7.6821265,10.438237,9.232137,14.364112,13.550689,17.733126,17.76835,17.057442,16.308056,14.167833,10.521663,11.587799,9.632677,11.024153,15.190261,16.606033,19.864443,21.741297,25.02662,26.966742,30.858046,27.207024,26.129267,21.979713,22.269009,17.920229,17.283264,16.894634,15.070558,16.932499,13.862893,14.491322,12.711464,10.652975,12.909764,15.208978,13.01218,18.289867,19.476345,17.672024,21.511187,22.300814,24.020025,26.449684,19.896698,23.835094,23.235401,26.701792,27.85466,25.8706,26.989641,27.77738,27.349585,24.033056,25.58988,26.32103,22.086576,24.836239,22.721926,25.80541,25.107193,24.364548,28.419853,26.72231,22.413347,21.335436,17.259129,16.529686,16.385757,15.740983,16.062044,18.265093,18.997026,22.763037,23.559473,26.944168,28.967443,30.721073,28.761728,29.291195,29.281126,26.772818,26.529959,28.468908,24.83481,27.909416,30.892374,31.153679,27.93402,31.5453,25.265587,27.46967,25.425909,26.59831
7,19.515703,17.015026,13.124344,11.90929,9.994292,5.4698453,5.8571067,0.0,5.5048604,6.4800277,10.900649,14.037797,12.204619,11.807891,6.739179,7.5548625,6.5988884,8.397855,10.529543,12.562301,17.174982,17.069614,20.97359,21.75177,21.755526,20.576447,19.161428,15.479901,15.391966,14.138676,12.287629,16.581856,15.868805,20.204857,20.271526,24.913622,25.90824,29.288797,26.25904,25.978355,21.462656,23.18817,19.35421,19.796051,19.627298,19.08713,21.677128,19.20662,20.227882,18.317535,15.7999735,17.43052,19.4097,15.914221,21.700632,22.814505,20.434956,23.766012,23.50675,25.160503,28.204004,22.464676,27.210354,27.060444,31.00493,32.142586,30.819815,31.863804,32.61511,31.559443,27.877026,29.127182,29.0784,24.350069,26.446928,23.530088,26.062687,23.911144,23.1316,26.43533,23.921547,19.175566,17.910927,14.532448,15.056685,16.259111,15.866892,17.970041,20.586699,22.383543,26.16598,27.546263,31.126007,32.694355,34.145405,31.462334,32.116825,31.145912,27.953278,27.492224,28.253582,24.849558,26.91526,29.555128,30.534988,27.662174,32.1545,26.444504,29.288467,27.846012,29.431822
8,23.571314,20.370672,17.303164,14.77172,12.367608,9.046092,6.9029837,5.5048604,0.0,4.335425,6.7515106,10.9712715,10.500847,10.2265005,7.6114993,6.5946445,9.215319,8.084442,12.968573,13.279096,18.541473,18.92427,22.694021,22.303326,21.961702,20.338543,17.903927,13.973579,13.091784,11.102182,7.817814,11.181419,10.868167,14.719245,15.353791,19.5358,20.822191,24.517092,21.388672,20.82156,16.6364,17.98114,14.785687,15.012688,15.765499,15.182779,19.16621,17.140152,19.06857,16.360872,13.2341385,13.920776,16.220312,12.076751,17.9931,18.432678,15.640567,18.68515,18.36654,19.806189,22.792076,17.302406,22.354267,22.520971,26.743486,28.171618,27.432226,28.71609,29.842192,28.587517,24.923275,26.654432,26.486979,21.898256,24.538183,21.36228,24.86753,22.299452,22.735615,25.926516,24.043737,19.5729,17.156044,13.306533,13.950575,14.1545515,15.339704,15.862932,19.482252,20.890558,24.843983,26.418488,29.759607,30.747835,31.602911,28.765053,28.584284,27.441338,24.668255,23.408646,24.74853,20.580013,22.983412,25.677362,26.112295,23.184723,27.476519,21.959564,24.466887,23.438639,24.717419
9,25.956423,23.225546,19.517506,17.883911,15.532948,11.5753,10.121162,6.4800277,4.335425,0.0,5.6883483,7.826644,7.965012,9.099192,6.4644327,8.286961,11.228516,11.679643,15.744686,17.168642,22.222206,22.55389,26.363766,26.357622,26.119905,24.550848,22.220179,18.280615,17.382027,15.240375,11.352016,13.414157,12.103096,15.7642565,15.100281,20.127785,20.622522,24.045471,21.837025,21.823277,17.859364,19.962355,17.755796,18.224895,19.503788,19.023623,23.421665,21.321178,23.11788,20.136204,16.792828,17.244823,18.660828,13.924037,19.738926,20.495369,17.651066,20.20818,18.936247,20.55116,24.17833,19.66345,24.97302,25.680216,29.93793,31.831114,31.253592,32.729267,33.997147,32.684814,28.997448,30.728298,30.306011,25.61803,27.997648,24.452993,27.691336,24.163902,24.735811,27.279848,24.836937,20.130363,17.331705,14.294026,16.021492,16.977232,18.366594,19.615105,23.33434,25.03915,28.971527,30.665583,34.034283,34.900253,35.599094,32.520443,32.190483,30.60335,27.656511,26.015808,26.753592,22.523512,24.164892,26.480698,27.239836,24.669914,29.41239,24.53751,27.103971,26.6233,27.79868
10,29.65941,26.691532,23.53615,21.00121,18.954174,15.3475685,13.640259,10.900649,6.7515106,5.6883483,0.0,5.438005,5.892657,6.6171913,8.11429,8.121064,13.231179,12.443711,17.51079,18.612856,23.53497,24.654114,28.023073,27.367323,27.32019,25.169474,22.764738,19.014809,16.993364,15.5096855,9.359546,10.582638,7.10766,11.549914,9.660389,15.208821,15.350576,18.552319,16.23887,16.527676,12.534653,15.420989,14.100933,15.420187,17.072435,17.865751,22.94015,21.867079,24.503286,21.502634,18.120728,17.709375,19.844063,14.915922,20.394018,20.00063,16.5899,18.318773,16.761023,17.579233,20.90769,17.211693,22.890896,23.71375,28.382757,29.839128,30.276663,31.567911,32.877472,30.90985,27.113506,28.83981,27.833788,23.228775,25.516626,21.551792,25.169975,20.815027,22.513521,24.543417,22.626883,18.41725,14.606257,11.716016,13.905086,14.448415,17.220804,17.874758,22.240868,24.112143,27.946127,30.088863,33.27594,33.347374,33.37881,29.831322,29.03693,26.769234,23.843168,21.5888,22.048416,17.581173,18.868303,21.043047,21.747332,19.360325,24.335468,20.095575,22.852768,23.001484,24.39197
11,33.46713,30.812338,27.154612,25.319092,23.130884,19.185425,17.65474,14.037797,10.9712715,7.826644,5.438005,0.0,5.758606,8.764967,10.568641,12.626797,17.288383,17.47908,21.974743,23.651709,28.560207,29.49391,32.998093,32.60218,32.508114,30.485407,27.972458,24.142824,22.345554,20.40311,14.664644,14.392366,11.064706,13.895236,10.582148,16.551752,15.535934,18.23003,17.61057,18.551643,15.499942,18.75874,18.778131,19.925583,22.172989,22.628576,28.093866,26.78027,29.242208,25.87056,22.265862,21.674194,22.815136,17.53332,22.585745,22.552929,19.296827,20.358332,17.688791,18.689747,22.698544,20.420052,26.083834,27.556694,32.103447,34.228565,34.75314,36.338604,37.87399,35.992493,32.283844,34.11602,32.996155,28.442316,30.577261,26.416979,29.798424,24.658049,26.528944,27.813835,25.422129,21.197016,17.098534,15.396457,18.360502,19.411446,22.187336,23.232086,27.598486,29.546923,33.37054,35.52354,38.691544,38.691437,38.56074,34.904392,33.825134,31.245165,28.37424,25.659592,25.630356,21.148613,21.517096,23.050007,23.953707,22.166834,27.33045,24.074726,26.575962,27.359755,28.409925
12,30.593243,28.380226,24.708885,22.965668,21.51826,17.170038,16.74704,12.204619,10.500847,7.965012,5.892657,5.758606,0.0,3.5992713,6.492816,9.059926,13.577506,14.778718,18.313286,21.232141,25.523369,26.884762,30.050566,30.182346,30.684393,28.461939,26.930534,23.266983,21.156717,20.491692,14.132589,16.331648,11.520733,16.618853,12.724501,19.222164,18.166988,20.14698,18.648083,19.972006,15.7631035,19.942413,18.541162,20.693527,21.619406,23.229095,27.671104,26.69789,29.118103,26.533314,23.307941,23.282099,25.3634,20.401936,25.980398,25.825531,22.446943,24.025726,22.060274,22.77178,26.191504,22.969893,28.678759,29.410538,34.149868,35.19757,35.752037,36.762993,37.775055,35.462494,31.451721,32.643017,31.150614,26.278358,27.70296,23.41313,25.956242,20.60039,21.835987,22.950014,20.124353,15.719341,11.946856,10.7191105,14.136404,16.179308,18.372179,20.816088,24.770452,27.433733,31.106781,33.524204,36.920204,36.934593,37.042698,33.10174,32.916145,30.062595,26.445988,24.639673,23.604294,20.21815,20.125706,21.747507,23.56635,21.732666,27.361605,23.734463,27.136805,27.415352,29.340258
13,28.928677,26.714006,23.401731,21.262836,20.242601,16.059616,15.983016,11.807891,10.2265005,9.099192,6.6171913,8.764967,3.5992713,0.0,5.690566,6.6476617,11.446187,12.4726515,15.837135,18.958902,22.888775,24.626375,27.489296,27.612024,28.399221,25.978773,24.913174,21.470179,19.036856,19.222692,12.549321,15.986267,10.655216,16.724485,13.089489,19.34809,18.626827,20.471664,18.113476,19.355577,14.582006,18.937948,16.700954,19.386057,19.543146,21.901073,25.753574,25.183117,27.72194,25.620712,22.699684,22.826647,25.5851,20.967113,26.636625,26.180513,22.743053,24.525732,23.115616,23.563871,26.464815,22.704302,28.311918,28.564949,33.377346,33.717743,34.396885,35.045383,35.769825,33.186,29.063965,29.932436,28.250185,23.299728,24.429686,20.128384,22.43144,17.186243,18.256454,19.570974,16.902105,12.495341,8.774756,7.131593,10.600918,12.919268,15.018332,17.881323,21.675457,24.622229,28.169458,30.742128,34.17381,34.090694,34.246895,30.195692,30.413498,27.4967,23.594986,22.298641,20.982147,18.137602,18.134808,19.997318,22.049257,20.043554,25.693922,21.744287,25.550201,25.493292,27.874504
14,24.153471,22.149273,18.367083,16.952291,15.863861,11.280619,11.887456,6.739179,7.6114993,6.4644327,8.11429,10.568641,6.492816,5.690566,0.0,5.118257,7.548331,10.130245,12.483109,16.098618,20.161562,21.201443,24.480055,25.225332,25.867481,23.964329,23.025873,19.436039,17.96185,17.714523,12.814252,17.080025,13.659279,19.22842,17.131626,22.923883,22.884644,25.395185,22.820654,23.44992,18.640629,21.948532,18.76249,20.57042,20.422153,21.629818,24.833212,23.400267,25.227772,23.298496,20.52832,21.39998,23.810965,19.50474,25.423586,25.775524,22.737589,25.290665,24.262259,25.351406,28.484163,23.738764,29.107666,29.173326,33.667965,34.321003,34.057392,34.833225,35.49361,33.53291,29.503162,30.412066,29.389267,24.365032,25.74715,21.996912,24.096226,20.210653,19.971546,22.197218,19.19408,14.296763,12.262069,9.866395,12.033822,14.398546,14.951236,18.222124,21.393736,24.117254,27.7945,29.907383,33.526154,34.254177,35.102726,31.58236,32.225212,30.124262,26.330055,25.605824,25.021948,22.09828,22.952303,25.150597,26.894753,24.500502,29.760283,24.918325,28.45073,27.697687,29.846197
15,23.041254,20.44825,17.6028,14.86384,13.989473,10.246661,10.378049,7.5548625,6.5946445,8.286961,8.121064,12.626797,9.059926,6.6476617,5.118257,0.0,5.7066007,5.8766923,9.762755,12.337355,16.491543,18.047825,21.061567,21.174814,21.886814,19.633932,18.770386,15.380902,13.339603,13.987318,8.710229,14.271421,11.019151,17.025452,15.878506,20.859581,21.514124,24.22144,20.64372,20.79107,15.705154,18.52926,14.432489,16.519253,15.662271,17.54514,20.323227,19.4725,21.701757,20.177603,17.741129,18.535164,21.871088,18.088802,23.863667,23.615614,20.525131,23.205055,22.935442,23.65492,26.069063,20.739992,25.873636,25.418026,29.960712,29.9168,29.861582,30.31795,30.791079,28.599714,24.513582,25.32023,24.279148,19.264664,20.813383,17.200312,19.740173,16.622904,16.588892,19.578424,17.495153,13.026458,11.077549,7.173001,7.982307,9.585462,10.386191,13.113264,16.465841,19.159065,22.840193,25.073126,28.641638,29.193216,29.987034,26.488081,27.24345,25.332167,21.597267,21.21696,21.102762,18.286516,19.87121,22.489182,23.892834,21.150835,26.018753,20.65698,24.296253,23.131231,25.56068
16,17.572842,15.439019,12.445401,10.2960615,10.366456,6.627467,8.894372,6.5988884,9.215319,11.228516,13.231179,17.288383,13.577506,11.446187,7.548331,5.7066007,0.0,5.220802,4.9619336,9.453923,12.832066,13.934876,17.032072,18.235613,19.251755,17.51335,17.690144,14.681518,13.736448,14.912716,12.278559,18.41491,16.370277,21.986511,21.503149,26.178244,27.119164,29.90522,26.150383,26.080364,20.983572,23.2349,18.321718,19.908707,18.149342,19.439281,20.582636,19.21609,20.52625,19.923275,18.198133,19.922977,23.194607,20.22642,25.911573,26.240961,23.635769,26.881687,27.096172,28.127691,30.425077,24.371256,28.988934,28.057253,32.180706,31.82738,30.955776,31.15947,31.228413,29.460243,25.508942,25.89204,25.334366,20.432453,21.644714,18.860817,20.435505,18.887142,17.195347,20.829477,18.503902,14.094536,14.101189,10.737024,10.191073,12.036564,10.290961,14.116246,15.952047,18.687572,22.139257,23.951166,27.71565,29.072685,30.664207,27.68123,29.321718,28.106516,24.318474,24.944677,24.921843,22.803669,24.638023,27.349894,28.853096,25.99392,30.510267,24.65775,28.241074,26.348585,28.859285
17,19.020254,15.829064,14.040707,10.156033,9.595543,7.533887,7.6821265,8.397855,8.084442,11.679643,12.443711,17.47908,14.778718,12.4726515,10.130245,5.8766923,5.220802,0.0,6.202238,6.5274844,11.104957,12.5269785,15.629685,15.4356365,16.02035,13.887408,13.274612,10.1351385,8.621219,10.227828,7.991476,14.550569,13.527182,18.620829,19.341822,22.974426,24.607214,27.754316,23.424566,22.745895,17.876017,19.171885,13.812289,15.079037,13.065217,14.390393,15.594226,14.616064,16.53945,15.89289,14.295985,15.748394,19.703085,17.188578,22.549374,22.33915,19.768166,23.037895,23.864271,24.653648,26.390537,19.98232,24.298498,23.079996,27.197268,26.616947,25.89563,26.069532,26.238499,24.447594,20.51385,21.23063,20.923222,16.142044,18.138264,15.589916,18.313805,17.551031,16.752377,20.927507,19.688137,15.8526745,15.125642,10.8287115,9.139191,9.0589075,8.169074,9.737506,12.242741,14.3774395,18.1164,19.922941,23.562048,24.730503,26.131432,23.313927,24.549868,23.72386,20.419603,20.906704,21.91643,19.338005,22.072262,25.100441,25.903072,22.744755,26.6492,20.392004,23.640413,21.47551,23.863556
18,14.278647,12.125775,10.484951,7.566932,9.223368,7.70206,10.438237,10.529543,12.968573,15.744686,17.51079,21.974743,18.313286,15.837135,12.483109,9.762755,4.9619336,6.202238,0.0,6.4289575,8.202478,9.647811,12.276906,13.966133,15.486307,13.868682,15.310107,13.191574,12.678205,15.0881815,14.158446,20.740171,19.371927,24.78158,24.999178,28.99532,30.374191,33.17339,28.876202,28.47726,23.412464,25.05079,19.39556,20.851238,18.039946,19.501856,18.923002,17.864357,18.747412,19.33093,18.54112,20.662172,24.39061,22.380585,27.64078,27.847773,25.565395,29.027653,29.916374,30.820864,32.54008,25.976797,29.965097,28.386154,32.16386,30.99838,29.815348,29.516232,29.081976,27.402994,23.61061,23.475723,23.222847,18.6397,19.543587,17.699593,18.670248,18.97574,16.360035,20.728222,19.069466,15.473961,16.610668,13.275051,11.224714,12.359402,8.914201,12.783656,13.110617,15.805069,18.851631,20.415983,24.23107,26.012573,28.134117,25.592411,27.995687,27.390987,23.71115,25.286222,25.531124,24.114841,26.379313,29.267757,30.632315,27.625313,31.559145,25.335659,28.870348,26.310246,29.049171
19,14.80712,11.051976,11.267508,6.25956,7.067651,8.556984,9.232137,12.562301,13.279096,17.168642,18.612856,23.651709,21.232141,18.958902,16.098618,12.337355,9.453923,6.5274844,6.4289575,0.0,5.522018,6.305366,9.560638,9.300339,9.844771,8.267687,8.938479,7.1535287,7.6650124,10.354001,12.319376,18.360855,18.948948,23.101137,24.992485,27.628565,29.884441,33.233807,28.48782,27.267815,22.766777,22.876152,16.954206,17.280764,14.224107,14.590181,12.925364,11.704261,12.522525,13.701776,13.715341,16.005642,20.128132,19.285597,23.775187,23.774933,21.994965,25.65912,27.4138,28.287153,29.383997,22.315006,25.443575,23.417948,26.72693,25.464495,23.772812,23.484934,23.101923,22.005783,18.550217,18.901241,19.63342,15.65253,17.73259,16.83671,19.065104,20.762741,19.023186,23.91623,23.307318,20.166885,20.527565,16.441185,13.673407,12.734842,10.0876465,10.292335,10.333755,11.314886,14.631237,15.536825,19.219975,21.457933,23.823072,22.097462,24.10515,24.598854,21.89069,23.403742,25.192955,23.187452,26.572498,29.773964,30.19292,26.855753,29.788548,23.073103,25.786085,22.674908,24.909237
20,13.137629,10.25699,12.218298,8.132649,10.750426,12.774026,14.364112,17.174982,18.541473,22.222206,23.53497,28.560207,25.523369,22.888775,20.161562,16.491543,12.832066,11.104957,8.202478,5.522018,0.0,3.912654,4.6930842,5.996486,8.3349085,7.0632396,10.807744,10.974425,11.490244,15.181866,17.174086,23.366966,23.529367,27.946938,29.599314,32.151768,34.364956,37.382504,32.388786,31.257607,26.695763,26.900066,20.69844,21.413937,17.492233,18.625088,15.167417,14.819412,14.989934,17.54499,18.395422,20.755896,24.96182,24.61328,28.781305,28.663382,27.051748,30.645443,32.630886,33.317127,34.02167,26.952038,29.608593,27.080536,30.02737,27.70354,25.962017,24.90717,23.732967,22.51091,19.349592,18.635798,19.403614,16.037352,17.052366,17.26118,18.095585,21.411585,18.603924,23.705488,23.506454,21.18005,22.675837,19.142338,15.804573,15.070014,11.114099,12.099517,9.750519,10.925347,13.006906,13.632699,17.325798,20.008661,23.023092,21.716095,24.888079,25.719265,22.920732,25.540298,26.898779,26.03618,29.232828,32.37209,33.042027,29.81153,32.41965,25.802774,28.69698,25.17313,27.829487
21,10.405661,6.884692,9.752093,6.028083,8.779684,11.972396,13.550689,17.069614,18.92427,22.55389,24.654114,29.49391,26.884762,24.626375,21.201443,18.047825,13.934876,12.5269785,9.647811,6.305366,3.912654,0.0,4.326244,6.3878837,7.4467797,7.797302,10.716267,10.90258,12.708602,15.256568,18.543331,24.294144,25.248472,29.198399,31.296299,33.769924,36.1493,39.491974,34.64938,33.340214,28.9173,28.758656,22.735691,22.753532,19.349636,19.21062,15.65902,14.270183,13.434089,16.210169,17.393185,20.167696,23.828606,23.955288,27.85203,28.240501,27.01405,30.850832,32.94038,33.95058,34.839878,27.591366,29.987963,27.57159,30.139713,28.439102,25.948093,25.238941,24.261026,23.859655,21.073048,20.810099,22.18907,19.09078,20.573126,20.824501,21.969706,25.060118,22.337215,27.380598,26.87153,24.169336,25.483635,21.803143,18.810251,18.127863,14.502132,15.043722,13.113089,13.378036,15.443813,15.276365,18.709824,22.020552,25.291126,24.519909,27.338148,28.602367,26.146334,28.422857,30.206892,28.826094,32.232662,35.424118,35.895718,32.570503,35.112446,28.352406,30.853956,27.297365,29.455631
22,11.860339,9.56417,13.1769705,10.163802,13.101681,16.053783,17.733126,20.97359,22.694021,26.363766,28.023073,32.998093,30.050566,27.489296,24.480055,21.061567,17.032072,15.629685,12.276906,9.560638,4.6930842,4.326244,0.0,4.877342,7.4366736,7.862666,12.427606,13.683606,15.023684,18.409101,21.470873,27.3491,28.019989,32.103054,34.116352,36.376488,38.783184,41.88127,36.799694,35.497875,31.102518,30.918884,24.726574,25.047844,21.046036,21.619354,17.054981,16.608114,15.801728,19.267204,20.853874,23.445024,27.371113,27.740536,31.414442,31.49236,30.293692,33.991474,36.28646,37.05306,37.546013,30.349325,32.4125,29.614746,31.976963,29.383724,27.078407,25.748215,24.182667,23.573284,21.054167,20.034353,21.4046,18.913992,19.708456,20.7808,21.119173,25.336227,22.181803,27.266273,27.254501,25.254734,27.123194,23.745003,20.350447,19.54386,15.499436,16.047688,12.864547,13.054879,14.039209,13.62889,16.856369,20.339603,23.968487,23.544653,27.091616,28.601213,26.209904,29.19546,30.78349,30.174915,33.515987,36.66422,37.209614,33.965393,36.1587,29.527416,32.103447,28.285221,30.746914
23,15.966154,12.738269,16.100924,12.020412,13.934561,17.153372,17.76835,21.75177,22.303326,26.357622,27.367323,32.60218,30.182346,27.612024,25.225332,21.174814,18.235613,15.4356365,13.966133,9.300339,5.996486,6.3878837,4.877342,0.0,3.5739172,3.4715295,8.593028,10.892009,12.185012,15.8620825,19.631601,24.94602,26.286913,29.694302,32.382584,33.81944,36.60186,39.823933,34.538654,32.859905,28.894547,27.97022,21.888113,21.812828,17.676394,18.120262,12.769234,13.055055,12.666608,16.486622,18.461998,20.695154,24.94835,25.780903,28.930124,28.551283,27.516405,31.03555,33.730736,34.27051,34.256947,27.11543,28.637346,25.55496,27.693068,24.7137,22.494759,20.959627,19.31778,18.770802,16.453749,15.634704,17.553043,15.622765,17.13222,18.691162,19.956,24.56862,22.284904,27.490467,28.085405,26.243574,27.467676,23.735973,20.105112,18.32922,15.107491,13.666762,10.415527,9.162854,10.067253,9.196435,12.457382,16.058424,19.688246,19.68821,22.90085,24.970377,23.226181,26.105825,28.489212,27.64623,31.478497,34.720974,34.73045,31.403856,32.955853,26.292252,28.392498,24.365925,26.612867
24,16.737354,12.944714,16.339285,12.194265,13.316845,17.104485,17.057442,21.755526,21.961702,26.119905,27.32019,32.508114,30.684393,28.399221,25.867481,21.886814,19.251755,16.02035,15.486307,9.844771,8.3349085,7.4467797,7.4366736,3.5739172,0.0,3.462161,6.4421515,9.294736,11.5528,14.299304,19.307339,23.932644,26.188105,28.886728,32.216625,33.218647,36.284657,39.822166,34.610203,32.634014,28.990728,27.466526,21.662848,20.822573,17.198565,16.437944,10.825131,10.458574,9.450575,13.660875,16.103722,18.403105,22.38519,23.806059,26.446701,26.209377,25.552605,29.14684,32.09091,32.772705,32.689877,25.475021,26.554893,23.48565,25.235292,22.75782,19.919443,18.726887,17.400272,17.689533,15.770552,15.73478,18.30978,16.66726,18.95858,20.40992,22.433493,26.684494,24.897326,30.09832,30.62558,28.47237,29.208412,25.188898,21.755936,19.668005,17.06898,14.684995,12.259209,9.99906,11.236225,9.673892,12.481704,16.40857,19.97033,20.452618,22.922304,25.459877,24.249386,26.603727,29.656813,28.172846,32.357365,35.67088,35.28504,31.856047,33.137764,26.381685,27.931791,23.887676,25.54787
25,18.039194,14.272251,16.960785,12.2925825,13.383905,16.418493,16.308056,20.576447,20.338543,24.550848,25.169474,30.485407,28.461939,25.978773,23.964329,19.633932,17.51335,13.887408,13.868682,8.267687,7.0632396,7.797302,7.862666,3.4715295,3.462161,0.0,5.4281297,7.998743,9.114859,12.886936,16.910378,21.860708,23.576262,26.593512,29.621296,30.68965,33.637085,36.974823,31.669153,29.806442,26.06013,24.777796,18.807703,18.473812,14.424859,14.720799,9.3746195,10.012888,10.379187,13.885583,15.7659645,17.71256,22.204422,23.045593,26.063717,25.415224,24.345615,27.762741,30.561302,31.00394,30.852219,23.74206,25.208391,22.120941,24.400005,21.531116,19.496113,18.134655,16.80533,16.132153,13.572555,13.334958,15.41143,13.346162,15.645946,16.952995,19.143623,23.330677,21.773705,26.953133,27.675823,25.686998,26.312206,22.325241,18.752485,16.45497,14.015581,11.323033,8.840159,6.7590175,8.6030655,8.021823,11.451633,14.627233,17.842913,17.66674,20.261473,22.386187,20.908194,23.368713,26.237999,24.93997,29.043238,32.34053,32.045452,28.652708,30.040272,23.308153,25.18039,21.172579,23.254936
26,20.39028,16.008577,17.856579,13.022337,12.561166,15.599546,14.167833,19.161428,17.903927,22.220179,22.764738,27.972458,26.930534,24.913174,23.025873,18.770386,17.690144,13.274612,15.310107,8.938479,10.807744,10.716267,12.427606,8.593028,6.4421515,5.4281297,0.0,3.9755628,6.3497434,8.459711,14.13201,17.891907,20.912012,22.842802,26.747192,27.2046,30.504543,34.27776,29.164158,26.914116,23.6635,21.569168,16.14045,14.64852,11.639329,10.006267,5.085169,4.5956182,5.9468803,8.788571,10.793181,12.517906,17.018164,18.279882,20.82735,20.129583,19.323917,22.794703,25.833057,26.41045,26.253317,19.038933,20.250261,17.352371,19.602934,17.821451,15.365053,14.922733,14.619282,14.651153,12.189908,13.593579,16.07129,13.973417,17.495934,18.083483,21.577942,24.619427,24.07087,29.056623,29.607662,27.117228,26.768066,22.403011,19.335201,16.589594,15.538418,11.487283,11.184544,8.442235,11.235636,10.664112,13.41009,16.061974,18.500576,18.35514,19.388668,21.69383,20.84823,22.12467,25.904936,23.41949,27.961107,31.315706,30.44989,26.938852,28.124775,21.318647,22.459091,18.670635,19.88864
27,19.912907,15.457505,16.186018,11.32391,10.076957,12.426852,10.521663,15.479901,13.973579,18.280615,19.014809,24.142824,23.266983,21.470179,19.436039,15.380902,14.681518,10.1351385,13.191574,7.1535287,10.974425,10.90258,13.683606,10.892009,9.294736,7.998743,3.9755628,0.0,4.0907507,5.0347304,10.794754,14.814661,17.764507,19.938454,23.612707,24.612698,27.71065,31.607233,26.74834,24.682749,21.184805,19.517605,14.159788,12.706237,10.428992,8.410407,6.718815,4.707832,6.8401294,7.481111,8.14868,10.054336,14.657788,15.057773,18.39352,17.936888,16.715466,20.383244,22.986872,23.78464,24.241165,16.927023,19.089096,16.833073,19.756723,19.023104,16.915796,17.175947,17.475399,17.165516,14.207189,15.924088,17.677551,14.642504,18.239273,17.789371,21.578838,23.416655,23.095701,27.894768,27.954386,24.97449,24.213186,19.729172,17.13033,14.6914625,14.092451,10.620801,11.734671,10.244284,13.76687,13.974281,16.960428,19.080103,21.025875,20.063799,20.656712,22.127508,20.7938,21.411762,24.899817,21.832148,26.180523,29.514116,28.82387,25.301037,27.16134,20.330753,21.772135,18.492498,19.687347
28,22.107948,17.9396,18.222033,13.219855,12.300404,13.349273,11.587799,15.391966,13.091784,17.382027,16.993364,22.345554,21.156717,19.036856,17.96185,13.339603,13.736448,8.621219,12.678205,7.6650124,11.490244,12.708602,15.023684,12.185012,11.5528,9.114859,6.3497434,4.0907507,0.0,5.3672085,8.061973,12.810242,14.759685,17.523981,20.72135,21.80563,24.745384,28.349632,23.28015,21.362108,17.650965,16.354126,10.557157,10.086465,6.9633074,7.4093604,7.0662136,7.397469,10.550145,10.578613,10.299265,11.202456,16.269566,15.70335,19.449335,18.288788,16.39592,19.627441,21.96438,22.316133,22.612976,15.562134,18.348719,16.10311,19.74742,18.374329,17.521156,17.458937,17.68063,16.205412,12.574328,14.114477,15.001595,11.360958,15.026641,14.056287,18.246952,19.671467,19.875444,24.504574,24.836277,22.108753,21.077747,16.62459,13.899442,10.991169,11.187148,6.914476,9.22786,8.528902,12.440684,13.6568575,16.771965,17.910631,19.23505,17.411814,17.936573,18.68368,16.97842,17.539639,20.823027,17.873657,22.1774,25.519228,24.928568,21.4204,23.475069,16.625153,18.60148,15.442089,17.304409
29,23.321005,18.919188,18.522278,14.091858,11.805549,12.784493,9.632677,14.138676,11.102182,15.240375,15.5096855,20.40311,20.491692,19.222692,17.714523,13.987318,14.912716,10.227828,15.0881815,10.354001,15.181866,15.256568,18.409101,15.8620825,14.299304,12.886936,8.459711,5.0347304,5.3672085,0.0,7.5962405,10.134724,14.0949135,15.40078,19.554811,20.343657,23.522654,27.719318,23.223845,21.040352,17.906397,15.961432,11.524101,9.274158,9.050227,5.533581,8.525409,6.3816423,9.352153,6.9903164,5.319345,6.122724,11.006928,10.502894,14.234902,13.5657625,11.916553,15.621358,18.001743,18.921246,19.781248,12.501477,15.443538,14.035284,17.578661,18.241901,16.70332,17.870855,19.05282,18.623617,15.61041,18.087685,19.377031,16.108261,20.061165,18.696688,23.202753,23.613218,24.221172,28.545061,28.373203,25.055014,23.327578,18.786064,17.022379,14.560634,15.441091,11.795573,14.591583,13.55043,17.289425,17.932585,20.655586,22.009045,23.118467,21.651976,21.064302,21.919859,20.757042,20.109062,23.85254,19.739397,24.09393,27.33505,26.34304,22.85777,24.940847,18.394054,19.493328,16.998579,17.586939
30,26.16544,22.389591,20.86436,16.7294,14.943615,13.417145,11.024153,12.287629,7.817814,11.352016,9.359546,14.664644,14.132589,12.549321,12.814252,8.710229,12.278559,7.991476,14.158446,12.319376,17.174086,18.543331,21.470873,19.631601,19.307339,16.910378,14.13201,10.794754,8.061973,7.5962405,0.0,6.821399,7.0605626,10.901028,13.040675,15.399948,17.68538,21.387558,16.92828,15.57302,11.401909,11.594834,7.1651726,7.9264026,8.168359,9.363558,13.758944,13.474743,16.725271,14.508656,11.987779,11.632641,15.789669,12.719879,17.622658,16.317215,13.205782,15.82838,16.68656,17.018768,18.508335,12.484626,17.334803,16.737875,21.373667,21.580975,21.861956,22.6617,23.682676,21.718752,17.927933,19.799215,19.385506,15.075529,18.266277,15.2777405,19.84873,18.08984,19.605284,23.115332,22.67693,19.284472,16.64985,12.277224,11.476223,9.440819,12.152892,9.944776,14.406151,15.330895,19.198439,21.124365,24.129835,24.293825,24.535458,21.532436,20.885265,19.762182,17.43927,16.04422,18.42759,14.050732,17.594454,20.698061,20.372843,17.06044,20.562439,14.515223,17.024378,15.687682,17.365702
31,31.776802,27.752691,26.15049,22.261568,19.781574,18.499134,15.190261,16.581856,11.181419,13.414157,10.582638,14.392366,16.331648,15.986267,17.080025,14.271421,18.41491,14.550569,20.740171,18.360855,23.366966,24.294144,27.3491,24.94602,23.932644,21.860708,17.891907,14.814661,12.810242,10.134724,6.821399,0.0,6.838405,5.3194356,10.381518,10.544916,13.6953,18.228638,14.499322,12.317068,10.279506,8.368822,8.017559,6.3116965,10.38827,9.4012575,15.99063,15.581477,18.970446,15.484341,12.408285,10.346311,13.237263,9.783627,13.498427,11.346568,7.75805,9.389818,10.042952,10.215306,12.013515,6.762271,12.385144,13.241009,17.948227,19.905542,20.687386,22.419521,24.354198,22.875067,19.781723,22.584448,22.45182,19.081057,22.784525,19.93846,25.096525,22.822365,25.354578,28.296295,28.04866,24.793598,21.29906,17.456938,17.463652,15.257205,18.704897,15.48305,20.0296,20.011356,23.636356,25.234177,27.629766,27.388605,26.918043,24.255114,21.970148,20.955563,19.928757,16.854248,20.30054,14.592533,18.298573,21.037054,19.537832,16.482712,19.170858,14.241216,15.033255,14.997694,15.00278
32,32.345505,28.877945,26.769806,23.104788,21.29554,18.805231,16.606033,15.868805,10.868167,12.103096,7.10766,11.064706,11.520733,10.655216,13.659279,11.019151,16.370277,13.527182,19.371927,18.948948,23.529367,25.248472,28.019989,26.286913,26.188105,23.576262,20.912012,17.764507,14.759685,14.0949135,7.0605626,6.838405,0.0,6.735273,6.11432,9.870435,11.081754,14.531414,10.627648,10.136412,5.8706994,8.526933,7.9310617,10.066436,12.09738,14.255985,19.69131,19.928682,23.385857,20.635378,17.66617,16.384354,19.548054,15.43218,19.942688,18.09219,14.43833,15.410463,14.695303,14.296142,16.283648,12.855603,18.410925,18.927008,23.87204,24.530119,26.03236,27.025795,28.354082,25.82554,22.125456,23.997606,22.666067,18.56539,21.171253,17.293383,21.820784,17.84553,20.823717,22.923315,22.389143,19.265306,15.212893,12.0115185,13.059106,11.806469,15.989878,14.597277,19.44386,20.860825,24.417421,26.793917,29.545923,28.794804,28.10141,24.389936,22.865316,20.317501,17.939678,14.933268,16.267483,11.02357,13.277467,15.837428,15.590434,12.833971,17.369873,13.155314,15.850888,16.386307,17.938637
33,36.617413,32.74135,30.882887,27.129,24.741966,22.946497,19.864443,20.204857,14.719245,15.7642565,11.549914,13.895236,16.618853,16.724485,19.22842,17.025452,21.986511,18.620829,24.78158,23.101137,27.946938,29.198399,32.103054,29.694302,28.886728,26.593512,22.842802,19.938454,17.523981,15.40078,10.901028,5.3194356,6.735273,0.0,6.671691,5.410803,8.579239,13.308981,10.316604,8.237972,7.9167767,6.515134,9.803263,9.361547,13.693626,13.906259,20.487001,20.618473,24.132355,20.615416,17.548601,15.184899,17.301254,13.592744,16.439777,13.844812,10.337498,9.759514,8.762106,7.7002997,9.783695,8.247055,13.661758,15.3802,20.039457,22.12979,23.93103,25.663982,27.729918,25.809288,22.844875,25.566305,24.821978,21.6904,25.020584,21.765085,26.895964,23.534662,26.93299,29.039587,28.89369,25.967018,21.814184,18.739063,19.503225,17.561474,21.74344,18.834919,23.611979,23.909637,27.312225,29.225014,31.425972,30.518261,29.37533,26.294344,23.378077,21.465275,20.629868,16.503454,19.449625,13.360791,16.202032,18.369802,16.510859,14.048163,16.872263,13.709226,14.203408,15.71397,15.497977
34,37.990383,34.629654,32.175594,28.839285,26.840107,24.012793,21.741297,20.271526,15.353791,15.100281,9.660389,10.582148,12.724501,13.089489,17.131626,15.878506,21.503149,19.341822,24.999178,24.992485,29.599314,31.296299,34.116352,32.382584,32.216625,29.621296,26.747192,23.612707,20.72135,19.554811,13.040675,10.381518,6.11432,6.671691,0.0,6.716933,5.7689195,9.206542,7.334712,8.070743,6.4814806,9.836354,12.559885,14.29284,17.266352,19.09416,25.081589,25.342505,28.816751,25.613218,22.396103,20.620474,22.827663,18.35806,22.122795,20.110456,16.523438,16.076012,13.931449,12.99741,15.463037,14.875299,20.259235,21.728785,26.511961,27.862543,29.946514,31.244642,32.89719,30.314909,26.892136,28.91499,27.305492,23.602917,25.96393,21.91281,26.25387,21.228678,24.916533,25.980246,25.338959,22.509409,17.813871,15.879952,17.866167,17.104166,21.523129,20.35252,25.207642,26.611387,30.003195,32.45031,34.98518,33.813538,32.58586,28.720684,26.48265,23.348787,21.393656,17.386726,18.080181,12.734182,13.377484,14.856192,14.389115,12.742905,17.366955,15.439618,17.431297,19.368614,20.293991
35,41.47922,37.679424,35.857334,32.02019,29.841835,27.886324,25.02662,24.913622,19.5358,20.127785,15.208821,16.551752,19.222164,19.34809,22.923883,20.859581,26.178244,22.974426,28.99532,27.628565,32.151768,33.769924,36.376488,33.81944,33.218647,30.68965,27.2046,24.612698,21.80563,20.343657,15.399948,10.544916,9.870435,5.410803,6.716933,0.0,4.4223633,8.83948,6.631794,4.5980473,7.6238065,6.8423357,12.388245,12.868098,16.838724,18.110523,24.377007,25.17947,28.885132,25.572983,22.7097,20.177105,22.199232,18.741133,20.876501,17.872368,14.7379,12.900412,11.394348,9.0786495,9.929223,11.682923,16.002747,17.91262,22.337744,23.994389,26.804224,28.312387,30.350597,27.94143,25.179031,27.711084,26.40707,23.737745,26.642975,23.280943,28.27602,24.303972,28.480234,29.811838,30.052353,27.74851,23.285229,20.997478,22.05585,20.154303,24.792747,21.912779,26.672243,27.12481,30.17925,32.35403,34.279743,32.673347,30.85874,27.478336,24.034565,21.352552,20.891836,16.00387,18.438566,12.563561,14.366953,15.759657,13.279475,11.733067,14.136389,13.319433,13.398953,16.286055,16.026325
