,0,1,2,3,4,5,6,7,8,9,10,11,12,13,14,15,16,17,18,19,20,21,22,23,24,25,26,27,28,29,30,31,32,33,34,35,36,37,38,39,40,41,42,43,44,45,46,47,48,49,50,51,52,53,54,55,56,57,58,59,60,61,62,63,64,65,66,67,68,69,70,71,72,73,74,75,76,77,78,79,80,81,82,83,84,85,86,87,88,89,90,91,92,93,94,95,96,97,98,99,100,101,102,103,104,105,106,107,108,109,110,111
0,0.0,4.305172,7.184635,9.843869,12.755432,15.648551,17.65942,23.031132,25.075636,27.864609,32.088203,34.41496,35.03474,31.374409,26.158384,26.060324,22.571547,23.802107,18.290216,20.191023,19.055367,18.66177,19.32947,22.711527,24.296171,23.971628,24.591473,23.014517,26.220255,22.695436,29.586031,24.16332,30.320047,27.562738,29.921461,31.77474,29.360006,29.445055,25.624968,23.880537,28.389025,25.868578,29.934526,29.703455,26.14357,29.58626,26.436474,29.36338,28.64917,30.508282,32.254887,32.508366,37.39541,38.214752,40.094925,36.582417,36.329006,37.52595,42.26457,41.299053,37.35249,35.935017,41.39302,41.871143,45.421913,41.156643,38.191483,43.736824,39.976093,36.79752,37.666485,38.939823,35.118168,33.783665,37.452328,36.215324,40.578773,39.51278,41.58592,43.839157,42.570396,43.19914,39.04031,35.86305,32.200966,31.22599,27.551271,29.522577,25.525042,26.987663,28.082247,26.437847,22.984016,21.224773,21.142693,18.185509,14.344353,14.772546,13.260871,14.6410265,18.456102,18.546106,22.897846,25.155575,27.81118,29.860355,27.399672,32.77071,28.082375,31.338518,31.554525,32.85252
1,4.305172,0.0,4.3677797,6.9087567,9.032492,12.596799,14.157948,19.224833,21.581846,23.994122,28.394802,30.810074,31.805855,28.25672,22.982737,22.912409,19.71773,20.8976,16.54548,18.268803,18.158648,17.605965,19.19484,22.202972,23.190193,23.067123,22.844374,21.233932,23.875525,20.621527,26.957695,21.692173,27.74812,24.756954,27.572805,29.160177,27.261139,27.596422,23.447186,21.582697,26.422668,24.014467,27.767794,27.593683,24.645926,27.635483,25.269588,27.871426,27.776423,29.09559,30.455765,30.394728,35.37979,35.77277,38.069065,34.80238,34.055023,35.342064,39.913937,38.99048,35.084747,33.327362,38.562885,38.77574,42.365505,38.334286,34.989094,40.36552,36.463146,33.26059,33.826122,35.0758,31.158928,30.074167,33.530556,32.589756,36.781696,35.5592,37.571293,39.73291,38.65392,39.26177,35.239147,32.19972,28.552282,27.741135,23.851107,26.355705,22.642187,24.086285,25.643435,23.935715,20.308594,19.365181,19.848118,16.668745,12.86283,12.344595,10.098755,11.148434,14.7286,14.4520855,18.923449,20.936367,23.563395,25.686752,23.337355,28.871101,24.472729,27.9589,28.463837,30.061357
2,7.184635,4.3677797,0.0,5.1143,7.6717544,9.159407,12.622595,16.531454,19.280182,21.932613,25.897835,28.79637,29.959892,27.109142,21.975756,22.730492,19.977905,21.757822,18.52059,20.754229,21.146727,20.977283,22.81489,25.36991,26.149712,25.743443,24.906649,22.800266,24.769594,21.246042,26.535511,21.057178,26.344177,22.668201,25.42329,26.42455,24.414633,25.254665,21.21945,19.877352,25.199488,23.617176,27.211353,27.726854,25.46395,28.60622,26.918753,29.931095,30.328993,31.612814,32.784466,32.183693,37.201073,37.159725,39.570774,36.40789,35.1046,36.046112,40.6957,39.268288,35.192593,33.775394,38.82083,39.02138,42.331158,38.07501,34.89412,39.979095,35.626667,32.62163,32.89677,34.563065,30.517862,30.033962,33.449554,33.241455,37.164536,35.812145,37.426304,39.080498,38.136,38.187378,34.12247,31.572334,28.31918,28.149118,24.35933,27.80158,24.659203,26.33086,28.368708,26.749214,23.055584,22.699907,23.612139,20.358429,16.688196,15.594524,12.77744,13.0275755,16.216734,14.385816,19.531698,20.527552,22.769285,25.51869,23.650972,29.56188,25.787529,29.655987,30.459929,32.47994
3,9.843869,6.9087567,5.1143,0.0,3.9499965,6.483909,8.237203,13.659264,15.296611,18.443289,22.38588,24.7675,25.456553,22.33236,17.211285,18.093771,15.302976,17.518778,14.749711,17.611517,18.36132,18.872982,20.94045,22.679157,23.23283,22.420284,21.078176,18.549603,20.173609,16.449629,21.524843,15.968225,21.375422,18.031654,20.773933,22.264772,20.405825,20.847013,16.638594,14.973636,20.178999,18.530092,22.098917,22.711445,20.6996,23.914158,22.627121,25.962782,26.777147,28.114243,29.222616,28.179905,33.155792,32.969624,35.228138,32.067047,30.546223,31.249126,36.000732,34.331017,30.192478,29.037315,34.136227,34.55656,37.704376,33.20738,30.368689,35.540672,31.2548,28.311083,29.039473,30.889029,27.03134,26.283894,30.242447,29.998072,34.107784,33.232536,34.525173,36.095314,34.59417,34.523533,30.17042,27.454378,24.328436,24.304808,21.082386,24.599829,21.874048,24.213123,26.473421,25.533947,22.379253,21.409748,23.423527,20.69771,17.01105,15.578784,12.755526,11.296766,15.315781,11.883271,17.572264,18.52542,20.573574,23.671104,21.925898,27.910328,23.849815,28.084091,28.387304,30.942013
4,12.755432,9.032492,7.6717544,3.9499965,0.0,6.21607,5.2197504,10.782927,12.613483,15.125192,19.49844,21.781296,22.905245,19.704363,14.505813,15.204918,12.852548,14.843589,13.736833,16.112558,17.877144,18.182741,20.92596,22.258966,22.20585,21.683868,19.56226,17.208742,18.133152,15.026877,19.376358,14.305465,19.645956,16.30651,19.690739,21.006113,20.009178,20.569569,16.031942,14.048218,19.305555,17.597105,20.630735,21.085653,19.770004,22.2348,21.796444,24.529709,25.899359,26.618795,27.308409,26.02388,31.000198,30.42346,33.093216,30.240305,28.299673,29.184341,33.656857,32.192753,28.207996,26.552317,31.378798,31.489235,34.737793,30.60772,27.277891,32.309296,27.986357,24.961002,25.420267,27.152182,23.223036,22.620567,26.389389,26.341156,30.309872,29.351267,30.613255,32.190037,30.813124,30.85698,26.648561,23.953228,20.762419,20.83461,17.432806,21.427408,19.108044,21.41975,24.061573,23.19094,20.134668,19.856348,22.36727,19.744585,16.451488,14.356537,11.31427,8.999324,12.4728565,8.100754,13.944561,14.645411,16.656775,19.803741,18.175,24.214605,20.4174,24.822792,25.301912,28.12733
5,15.648551,12.596799,9.159407,6.483909,6.21607,0.0,7.033497,8.780274,11.043995,14.421314,17.490658,20.668703,21.819744,20.094687,15.57048,17.855345,16.340157,19.148548,18.838533,21.784664,23.401024,24.113798,26.593536,27.722696,27.786987,26.837969,24.524183,21.62977,21.861898,18.352642,20.885536,15.638698,19.119274,14.532655,17.424206,17.62238,16.112513,17.62862,13.560505,12.93526,18.790777,18.74321,21.510077,23.190973,22.723883,25.611275,25.742725,29.171402,30.806164,31.773752,32.418243,30.60545,35.436935,34.46913,37.007328,34.237736,31.778542,32.015778,36.600334,34.29587,30.096678,29.300383,33.788914,34.04053,36.699547,32.12262,29.433764,33.90651,28.970427,26.434551,26.550692,29.008238,25.072813,25.40779,29.072016,30.053463,33.549736,32.49588,33.100307,33.81689,32.580826,31.627993,27.352055,25.57978,23.2672,24.341085,21.455215,26.285292,24.642698,27.083517,29.966389,29.14463,26.035896,26.06199,28.51024,25.731012,22.379482,20.335148,17.144442,15.105605,17.886133,12.650864,18.484476,17.685078,18.855536,22.80179,21.965466,28.157015,25.282705,29.870495,30.631187,33.724094
6,17.65942,14.157948,12.622595,8.237203,5.2197504,7.033497,0.0,7.684825,7.8173347,10.7276745,14.946738,16.775549,17.69722,14.597871,9.515685,11.005268,9.577772,12.266756,13.610976,16.246334,18.775066,19.66084,22.657948,22.950354,22.381874,21.5415,18.442215,15.692951,15.274654,12.454868,14.894513,10.180215,14.79519,11.459569,15.227905,16.590961,16.372774,16.844273,12.176496,10.0083885,15.207114,14.056636,16.393147,17.319092,17.26831,19.299181,20.182732,22.978432,25.170366,25.60771,25.921032,23.856539,28.636612,27.497921,30.22208,27.654938,25.011063,25.51792,29.910185,28.031483,24.023645,22.606295,27.140472,27.309746,30.240805,25.947445,22.853016,27.675306,23.145502,20.29598,20.946274,23.077621,19.323309,18.90524,23.074385,23.53363,27.364193,26.817146,27.466204,28.633457,26.810787,26.439884,21.982307,19.45138,16.722012,17.48946,14.952149,19.611717,18.422218,21.289335,24.332945,24.156002,21.764116,21.493761,24.922277,22.820145,19.907574,17.525812,14.740598,11.2573185,14.17149,7.913903,13.522011,13.286624,14.551405,18.269043,17.25178,23.164516,19.783192,24.513687,24.722301,28.200224
7,23.031132,19.224833,16.531454,13.659264,10.782927,8.780274,7.684825,0.0,5.292466,6.2434974,9.620133,13.299784,15.961362,15.355373,11.913608,14.660261,15.22152,17.558762,20.900644,22.953562,26.054451,26.589945,29.91069,30.168053,29.196274,28.620611,24.951355,22.412096,20.814123,18.862858,18.261057,14.9928665,16.481318,11.744667,15.809356,14.785273,15.878093,17.887686,13.897171,13.298095,18.470413,19.10403,20.129591,21.945948,23.464357,24.723671,26.865208,29.19925,31.958445,31.79109,31.523174,28.999743,33.45393,31.427774,34.685192,32.77873,29.22123,29.480942,33.24767,31.047142,27.31887,25.881014,29.225441,28.782719,31.202307,27.45664,24.05476,27.562351,22.232622,19.964994,19.003109,21.681469,17.719496,19.292591,22.184267,24.464857,27.07494,25.859423,25.782396,25.806936,24.967657,23.553911,19.698587,18.852049,17.325947,19.465551,17.006313,23.064152,23.012531,25.292227,28.85775,28.363466,25.788801,27.130198,30.352064,27.947815,25.456423,22.617096,19.526548,16.626131,17.463839,11.052062,15.371147,12.54569,12.358368,16.921806,17.276459,23.082561,21.779613,26.49525,27.685488,31.384233
8,25.075636,21.581846,19.280182,15.296611,12.613483,11.043995,7.8173347,5.292466,0.0,4.9648404,7.4180455,9.67198,11.182666,10.448838,7.5948744,11.3234415,12.554394,15.413983,19.535854,22.002958,25.101341,26.272882,29.42119,28.91694,27.845655,26.815725,22.84507,19.976034,17.671267,15.825311,13.6409855,10.942456,11.262372,6.731875,11.056133,10.693756,12.455265,13.833921,9.968106,9.263643,13.71936,14.886866,15.301369,17.579218,19.891117,21.057602,23.86219,26.50674,29.616005,29.592335,29.29681,26.272123,30.452534,28.284061,31.161467,29.307318,25.488823,25.246084,29.119347,26.414804,22.60061,21.80274,25.11466,25.110506,27.14158,22.855608,20.247202,23.833065,18.509819,16.47355,16.491993,19.63045,16.214252,17.290924,21.107147,23.226177,26.065683,25.70198,25.117735,24.995789,23.108755,21.378286,16.879787,15.838838,14.861133,17.404531,16.288322,21.972612,22.501875,25.428072,28.922174,29.171501,27.253765,27.690853,31.564518,29.675228,27.158577,24.479445,21.715012,18.084383,19.654493,12.85318,16.93053,14.598134,14.127662,18.579912,18.977247,24.347235,22.598377,27.39351,27.818516,31.880367
9,27.864609,23.994122,21.932613,18.443289,15.125192,14.421314,10.7276745,6.2434974,4.9648404,0.0,5.32877,7.748996,11.2438755,11.099006,9.296906,11.983888,14.18155,16.042685,21.569685,23.146883,26.89419,27.605982,31.165506,30.579674,29.01086,28.482525,24.083342,21.816216,18.958378,18.267317,15.271013,14.081135,13.998007,10.565647,14.836327,13.881582,16.66493,18.151716,14.637581,13.783408,17.44024,18.258877,17.902348,19.59628,22.454145,22.51965,26.00142,27.636724,31.096888,30.310282,29.48692,26.411802,30.362717,27.679224,31.158863,29.871307,25.659136,25.798933,28.939531,26.789816,23.514254,21.798855,24.270187,23.521553,25.665665,22.43072,18.800295,21.685854,16.23432,14.20003,12.9276495,15.928339,12.286059,14.425797,17.258266,20.223595,22.3714,21.644173,20.839884,20.442936,19.156624,17.433952,13.485386,13.0898,12.448629,15.47488,14.262911,20.512941,21.784525,24.216255,27.979626,28.145647,26.40136,27.833336,31.735981,29.935215,27.959322,24.961998,22.316994,18.796791,19.036264,12.674621,15.204542,11.827488,10.456013,14.912597,16.032335,20.919445,20.306913,24.928757,25.820576,29.979446
10,32.088203,28.394802,25.897835,22.38588,19.49844,17.490658,14.946738,9.620133,7.4180455,5.32877,0.0,4.9756536,8.964725,11.670551,11.95984,15.408015,18.06339,20.230413,25.90676,27.80456,31.41531,32.434704,35.844425,34.980286,33.438156,32.61329,28.127384,25.621975,22.321747,21.61456,16.920156,16.511217,13.97614,10.543647,13.821953,11.410686,15.217611,17.197914,14.856719,15.089198,17.923588,20.07839,18.958895,21.494698,25.168507,25.24945,29.254593,31.200413,34.877346,34.20483,33.30444,29.836573,33.37965,30.359945,33.569054,32.550766,27.953333,27.450563,30.33625,27.491917,24.380262,23.555643,25.226675,24.627514,25.85042,22.50444,19.909828,21.637434,15.884657,14.970792,13.45134,17.152401,14.395743,17.251059,19.696472,23.42665,24.879776,24.41802,22.732105,21.224062,19.871393,16.800028,13.11625,14.346274,15.2847595,18.968452,18.757349,24.81287,26.573248,29.117838,32.880955,33.254894,31.664701,32.99957,37.008484,35.240723,33.18671,30.233217,27.536736,24.007212,24.354218,17.967625,20.406622,16.750307,14.866199,19.121902,20.750256,25.098022,25.109226,29.58604,30.422491,34.710136
11,34.41496,30.810074,28.79637,24.7675,21.781296,20.668703,16.775549,13.299784,9.67198,7.748996,4.9756536,0.0,5.044873,8.417238,10.723746,13.732405,17.121721,18.982096,25.486319,27.20505,30.94363,32.224277,35.574696,34.08583,32.285324,31.35134,26.609524,24.27155,20.308752,20.392527,14.160334,15.457419,11.822703,10.477436,13.261954,11.924484,16.300964,17.296722,15.413396,15.2445755,16.498184,18.57734,16.452682,18.807896,23.283995,22.62888,27.383604,28.979563,32.99556,32.101513,30.964533,27.152527,30.19897,26.892448,29.936504,29.28683,24.394377,23.625563,26.114868,23.162645,20.408352,19.727053,20.78384,20.281006,21.110147,17.83025,15.650879,16.98901,11.253337,10.841513,10.098087,14.112947,12.312796,14.729422,17.605959,21.189127,22.588816,22.955172,20.808372,19.252018,16.828825,13.571506,9.315176,10.725466,12.6975565,16.684544,17.811817,23.214975,25.660082,28.454866,32.10042,33.064465,32.120186,33.00394,37.450592,36.171597,34.33111,31.459385,29.118599,25.217793,25.697367,19.508015,21.250502,18.113249,16.155731,19.83612,21.453611,25.067137,24.914852,29.205856,29.45677,33.945923
12,35.03474,31.805855,29.959892,25.456553,22.905245,21.819744,17.69722,15.961362,11.182666,11.2438755,8.964725,5.044873,0.0,5.9705815,9.992974,13.2129135,16.479136,18.718594,24.784285,26.96099,30.275106,32.084595,35.04686,33.118507,31.502268,30.087643,25.51297,22.884533,18.779589,18.717522,11.376189,13.483636,8.061834,8.680761,10.118987,9.960315,14.304335,14.336082,13.32342,13.290679,12.897599,15.599374,12.79933,15.733227,20.675512,20.245148,25.161276,27.284113,31.29636,30.842716,29.935997,25.877855,28.637316,25.535622,27.842262,27.042646,22.219803,20.735664,23.542643,19.788355,16.826931,17.427698,18.6737,19.082987,19.337767,14.892257,14.50307,16.177727,11.01139,11.067544,12.396249,16.273424,15.201562,16.314562,20.178442,22.879301,24.798067,25.909004,23.765114,22.514832,19.083708,16.02649,11.377925,11.858565,13.947833,17.575117,19.574556,24.11357,26.490238,29.776571,33.138714,34.554436,33.913128,33.83914,38.539818,37.533646,35.495354,32.901108,30.729288,26.57963,27.892242,21.60376,23.794905,21.44477,19.937088,23.494139,24.65946,28.265263,27.256262,31.556997,31.122473,35.661003
13,31.374409,28.25672,27.109142,22.33236,19.704363,20.094687,14.597871,15.355373,10.448838,11.099006,11.670551,8.417238,5.9705815,0.0,5.298483,7.6138387,10.945181,13.032379,19.214405,21.259932,24.567081,26.458317,29.361189,27.249315,25.57845,24.170559,19.559044,17.017107,12.813914,13.102589,5.7879252,8.675654,5.7585864,8.104628,10.470617,12.592737,15.5976305,14.64159,12.433475,10.865341,10.267549,11.096732,8.452864,10.40588,15.187719,14.500279,19.4024,21.37019,25.367182,24.924452,24.140808,20.17599,23.274084,20.551744,22.873396,21.671469,17.106615,16.05804,19.519018,16.307718,12.82227,12.648052,15.348754,16.058743,17.439262,12.50872,11.270423,15.063001,10.617022,9.09296,11.985079,15.0599375,13.653675,13.040216,18.074871,19.3915,22.35952,23.781345,22.436754,22.443752,18.510433,17.043884,11.914216,9.8387985,10.329527,13.1079035,15.298195,19.115692,21.2026,24.772287,27.904324,29.57043,29.194597,28.49763,33.35505,32.651447,30.693653,28.291668,26.46193,22.150936,23.881931,18.002657,20.083778,18.836761,18.036621,21.204067,21.644867,25.310846,23.200092,27.491108,26.518314,30.988976
14,26.158384,22.982737,21.975756,17.211285,14.505813,15.57048,9.515685,11.913608,7.5948744,9.296906,11.95984,10.723746,9.992974,5.298483,0.0,4.477969,6.7320356,9.561984,14.993954,17.29656,20.56322,22.254652,25.26896,23.753708,22.33929,21.068533,16.678679,13.883913,10.631893,9.784489,6.4034777,5.4316583,7.366205,7.2743635,10.925799,13.326111,15.131832,14.427919,10.7995825,8.26835,10.085225,9.477473,9.128102,10.386085,13.352322,13.67236,17.29554,19.615025,23.137571,22.974936,22.584248,19.206335,23.17863,21.117071,23.67788,21.794373,17.97109,17.729343,21.800217,19.317799,15.462075,14.440874,18.395313,18.903118,21.236063,16.59014,14.213511,18.922684,14.581858,12.071579,14.197742,16.779535,14.206373,13.216849,18.429567,19.121504,22.773928,23.566488,23.113266,23.834368,20.567526,19.840715,14.822712,11.9762125,10.438165,12.280974,12.80187,17.034016,18.03535,21.636463,24.791773,26.013151,25.126877,24.36384,28.980686,27.977736,25.77903,23.39343,21.418745,17.137562,19.299305,13.251156,16.207739,15.494727,15.437412,18.832634,18.655928,23.165955,20.281818,24.859348,24.094097,28.35205
15,26.060324,22.912409,22.730492,18.093771,15.204918,17.855345,11.005268,14.660261,11.3234415,11.983888,15.408015,13.732405,13.2129135,7.6138387,4.477969,0.0,4.0977907,5.5110693,12.3656645,13.842603,17.54071,19.075247,22.252039,20.41138,18.593067,17.650675,12.905924,10.736699,7.0540733,7.844082,6.298424,6.7480946,10.562157,11.657882,14.953833,17.73964,19.374052,18.280167,14.655804,11.642736,12.659274,10.246671,9.992521,9.165801,11.553274,10.688016,14.500877,15.818203,19.536514,18.874117,18.27728,14.991434,19.139563,17.226292,20.081413,18.203213,14.599574,15.163407,19.095636,17.639912,14.141855,11.747509,16.2072,16.540833,19.628748,15.629528,12.325192,17.810154,14.45656,11.3676605,14.024076,15.599074,13.266211,10.842295,16.43798,15.925241,20.15959,21.275864,21.357378,22.92529,19.431099,19.846819,15.1400385,11.122894,8.335243,8.797874,9.665864,12.864917,13.976172,17.739967,20.735401,22.32212,21.958487,20.89404,25.781092,25.239521,23.444391,21.15553,19.71525,15.354859,17.350735,12.391231,14.182953,14.582774,14.973677,17.442907,16.770506,20.712337,17.153538,21.488594,20.210615,24.45187
16,22.571547,19.71773,19.977905,15.302976,12.852548,16.340157,9.577772,15.22152,12.554394,14.18155,18.06339,17.121721,16.479136,10.945181,6.7320356,4.0977907,0.0,3.8808007,8.462967,10.62862,13.894705,15.62917,18.617876,17.083054,15.705625,14.564184,10.324634,7.6438894,5.7561073,4.7663584,8.18861,6.0425377,12.236609,12.888789,15.946874,19.186245,19.831905,18.517208,14.586738,11.190882,12.7911,9.222994,10.695138,9.372964,9.510747,10.003897,12.035329,14.075451,17.11918,17.127495,17.196457,14.594806,19.235386,18.263212,20.680845,18.094519,15.562663,16.37916,20.817448,19.584848,15.870145,13.798399,18.978092,19.625555,22.89925,18.703636,15.820564,21.56903,18.509068,15.405154,17.969677,19.305992,16.73703,14.067312,19.483694,18.227482,22.868732,23.761402,24.416954,26.38081,23.127792,23.811684,19.176294,15.102212,11.866678,11.297565,10.970004,13.263133,12.884425,16.832645,19.452524,20.855469,20.222244,18.32093,23.06201,22.462038,20.338646,18.36398,17.039143,12.720375,15.753762,11.283812,13.919468,15.340114,16.492857,18.84316,17.488123,21.833818,17.327639,21.625944,20.16257,24.005917
17,23.802107,20.8976,21.757822,17.518778,14.843589,19.148548,12.266756,17.558762,15.413983,16.042685,20.230413,18.982096,18.718594,13.032379,9.561984,5.5110693,3.8808007,0.0,8.140402,8.528643,12.614774,13.85396,17.188492,15.386418,13.3559475,12.9123745,8.160636,6.9497514,5.030096,6.748849,10.216962,9.703286,15.340673,16.377287,19.527788,22.644491,23.597748,22.29017,18.423044,15.050711,16.229984,12.33991,13.270281,10.833525,10.67154,9.549432,11.662158,11.984627,15.255233,14.378952,14.038288,11.685915,16.481647,15.581602,18.479757,16.12786,13.8584585,15.572938,19.455763,19.297497,16.207445,12.876278,17.913284,18.153994,21.965391,18.687431,14.967169,20.846743,18.521133,15.184161,17.713757,18.221447,15.908358,12.439287,17.63773,15.433513,20.373308,21.41975,22.52662,25.101671,21.89038,23.414991,19.229862,14.688123,10.839665,8.972514,8.6357,9.576467,9.266612,13.328807,15.87907,17.628603,17.570189,15.6807995,20.707682,20.5778,19.05172,17.083895,16.338562,12.166107,14.488617,11.4402275,12.429099,14.679574,16.03757,17.456806,15.785591,19.39412,14.468242,18.432735,16.561338,20.400543
18,18.290216,16.54548,18.52059,14.749711,13.736833,18.838533,13.610976,20.900644,19.535854,21.569685,25.90676,25.486319,24.784285,19.214405,14.993954,12.3656645,8.462967,8.140402,0.0,4.580752,5.7042146,8.0209465,10.354199,9.475543,9.250865,8.040293,6.552353,4.938264,8.8963585,7.1366487,15.278058,12.351684,19.408636,19.968664,22.403717,26.067005,25.482327,23.821722,19.9924,16.6045,18.173378,13.431445,16.44132,14.012181,10.122713,11.937396,9.296513,11.431025,12.175532,13.456698,14.943392,14.470513,19.320541,20.257626,21.815,18.333061,18.247572,19.81562,24.324034,24.136528,20.784533,18.71337,24.382526,25.280699,28.953705,25.096418,22.48972,28.523867,26.328442,23.125284,25.717009,26.32793,23.791252,20.47688,25.375025,22.628885,27.734945,28.472841,30.138372,32.958385,29.983265,31.479248,27.157772,22.744371,18.943533,16.873047,15.493054,15.085136,12.042096,15.584425,16.742752,17.93957,17.321339,13.095536,17.322784,17.172781,14.816218,14.099111,13.925808,10.756795,15.173954,13.787826,16.175089,19.498823,21.68305,23.086868,20.646877,24.670198,18.755878,22.172426,20.10936,22.721449
19,20.191023,18.268803,20.754229,17.611517,16.112558,21.784664,16.246334,22.953562,22.002958,23.146883,27.80456,27.20505,26.96099,21.259932,17.29656,13.842603,10.62862,8.528643,4.580752,0.0,4.811672,5.3793564,8.832587,7.860982,6.3829026,7.0600038,5.532733,6.788615,10.136755,10.423815,17.569944,15.712372,22.477058,23.185362,25.983074,29.434692,29.321484,27.810629,23.86581,20.4245,21.900003,17.126507,19.457884,16.413723,13.037173,13.14949,10.909049,10.480412,11.100284,11.056132,12.188561,12.6488285,17.458378,18.618404,20.646694,17.541233,17.858252,20.253284,24.039015,24.889101,22.144594,19.004528,24.282803,24.697538,28.791388,25.874332,22.49434,28.429138,26.783775,23.42886,25.77611,25.677782,23.327307,19.629786,23.95289,20.44695,25.592701,26.292599,28.462496,31.818508,29.092062,31.307907,27.469334,22.836132,18.689243,15.7971325,14.124172,12.224664,8.408693,11.598226,12.292515,13.732078,13.761646,9.141245,13.868292,14.412248,12.995219,12.331485,13.059891,10.385737,13.685268,14.097435,14.787228,18.854424,21.220396,21.691149,18.937134,22.11891,15.857555,18.634497,16.218609,18.466114
20,19.055367,18.158648,21.146727,18.36132,17.877144,23.401024,18.775066,26.054451,25.101341,26.89419,31.41531,30.94363,30.275106,24.567081,20.56322,17.54071,13.894705,12.614774,5.7042146,4.811672,0.0,3.7009037,4.8136783,4.390273,5.4364614,5.2080445,7.39468,8.349704,12.963592,12.234794,20.306303,17.893894,24.851997,25.651983,27.935236,31.716064,30.937721,29.136723,25.457325,22.122763,23.354717,18.389277,21.337545,18.333256,13.688928,14.960965,10.670581,11.251001,9.934879,11.6211605,13.860517,15.083502,19.441576,21.458778,22.543205,18.959946,20.31901,22.415287,26.463667,27.17315,24.363426,22.003078,27.528755,28.39675,32.288193,28.9855,26.348064,32.37625,30.846645,27.607891,30.232857,30.295706,27.986599,24.273296,28.728603,25.11312,30.279863,31.053804,33.250927,36.596203,33.7405,35.835117,31.82087,27.190573,23.192307,20.408506,18.909994,16.804007,12.842822,15.501032,15.28285,16.509064,16.445415,10.612225,14.172768,14.945848,13.165198,13.645355,14.75424,12.984688,16.957634,17.673983,19.035439,23.137125,25.624706,26.244442,23.387478,26.638968,20.289865,22.712704,20.18322,21.761257
21,18.66177,17.605965,20.977283,18.872982,18.182741,24.113798,19.66084,26.589945,26.272882,27.605982,32.434704,32.224277,32.084595,26.458317,22.254652,19.075247,15.62917,13.85396,8.0209465,5.3793564,3.7009037,0.0,4.213323,5.9517026,6.2711415,7.875768,9.570338,11.150193,15.240396,14.931325,22.678837,20.28306,27.282223,27.668869,30.343418,33.799316,33.184025,31.706045,27.762522,24.432867,26.182167,21.351204,24.16583,21.17354,16.974693,17.690767,14.00817,13.498027,12.212643,12.853093,14.666164,16.43724,20.748947,22.66894,24.262653,21.029665,22.311295,24.808983,28.468403,29.61579,26.987114,24.021065,29.273834,29.70179,33.856316,31.05906,27.759916,33.662228,32.127007,28.746477,30.91145,30.651241,28.193415,24.59342,28.488586,24.71281,29.750921,30.150671,32.753952,36.360325,33.962902,36.38075,32.671444,28.07444,23.833431,20.795568,18.61795,16.267813,11.687094,13.473902,12.881243,13.531372,13.320521,7.2018557,10.472826,11.440081,10.151795,10.909749,12.680792,11.73925,15.030378,17.1367,17.763655,22.25533,24.96722,25.087368,21.987228,24.943068,18.540844,20.519974,18.243408,19.268538
22,19.32947,19.19484,22.81489,20.94045,20.92596,26.593536,22.657948,29.91069,29.42119,31.165506,35.844425,35.574696,35.04686,29.361189,25.26896,22.252039,18.617876,17.188492,10.354199,8.832587,4.8136783,4.213323,0.0,4.639415,7.060423,7.942849,11.558299,13.048861,17.662066,16.991259,25.1077,22.59137,29.594147,30.227036,32.47906,36.22055,35.1922,33.436344,29.774261,26.528534,27.894703,22.949322,26.02854,22.978205,18.08192,19.332264,14.524833,14.454107,11.845113,13.622595,16.122177,18.356802,22.206924,24.762264,25.5973,22.093529,24.16831,26.465044,30.21999,31.344784,28.771908,26.335674,31.719173,32.503998,36.498478,33.47991,30.764744,36.737667,35.410946,32.131622,34.60671,34.42209,32.098534,28.363655,32.43311,28.492947,33.573048,34.164444,36.734585,40.35074,37.7456,40.12065,36.28466,31.62891,27.51089,24.483099,22.656065,20.006157,15.592474,17.26555,16.087778,16.835907,16.831175,10.405919,12.346725,13.657485,12.347884,13.946535,15.850359,15.363182,18.932562,20.95213,21.931324,26.373297,29.084972,29.296583,26.192755,29.072086,22.658424,24.367786,21.872337,22.487047
23,22.711527,22.202972,25.36991,22.679157,22.258966,27.722696,22.950354,30.168053,28.91694,30.579674,34.980286,34.08583,33.118507,27.249315,23.753708,20.41138,17.083054,15.386418,9.475543,7.860982,4.390273,5.9517026,4.639415,0.0,3.5416052,3.7145839,8.241892,10.346425,14.806147,14.914382,22.54695,20.930954,27.570013,29.01437,31.023268,35.068882,34.35669,32.239918,28.849846,25.501347,25.96554,20.820314,23.42265,19.913881,15.071484,15.690638,10.795873,10.092154,7.206316,9.371971,12.208945,14.417924,17.997942,20.834694,21.227242,17.636768,20.10501,22.391523,26.025043,27.330725,25.04385,22.703041,28.020287,29.062923,32.910866,29.966095,27.68968,33.635006,32.80656,29.696272,32.65081,32.39096,30.530533,26.41266,30.770205,26.575315,31.725958,32.887005,35.16416,38.74637,35.649395,38.079,34.232506,29.438232,25.557987,22.422188,21.544783,18.245426,14.565397,16.874601,15.747798,17.569239,18.42907,12.035933,15.229892,16.957232,15.92416,16.86045,18.488747,17.017342,20.501244,21.677402,22.382656,26.648193,29.0573,29.279442,26.403145,28.92812,22.535856,24.288853,21.160294,22.257637
24,24.296171,23.190193,26.149712,23.23283,22.20585,27.786987,22.381874,29.196274,27.845655,29.01086,33.438156,32.285324,31.502268,25.57845,22.33929,18.593067,15.705625,13.3559475,9.250865,6.3829026,5.4364614,6.2711415,7.060423,3.5416052,0.0,3.5669227,6.1607275,9.29948,13.024617,14.16653,21.078403,20.159693,26.571495,28.201365,30.47441,34.39088,34.17333,32.147926,28.649689,25.203608,25.57068,20.441479,22.504683,18.72053,14.622466,14.101998,10.394878,8.05639,6.3930345,6.7396464,9.094099,11.433234,15.171183,17.799221,18.68631,15.417017,17.619194,20.309282,23.573734,25.304398,23.285694,20.30402,25.369501,26.138477,30.152771,27.675442,24.98352,30.826586,30.244545,27.114393,30.007694,29.468325,27.806229,23.523384,27.698072,23.284101,28.401897,29.693016,31.994951,35.695847,32.59959,35.279465,31.65932,26.804401,22.897846,19.516298,18.869804,15.010824,11.613394,14.00704,12.947585,15.303236,16.708595,10.717117,14.748886,16.70332,16.14214,16.532515,18.159428,16.30789,19.171312,20.400587,20.374031,24.64986,26.923117,26.841618,24.046091,26.1309,19.817896,21.432167,18.04657,19.380968
25,23.971628,23.067123,25.743443,22.420284,21.683868,26.837969,21.5415,28.620611,26.815725,28.482525,32.61329,31.35134,30.087643,24.170559,21.068533,17.650675,14.564184,12.9123745,8.040293,7.0600038,5.2080445,7.875768,7.942849,3.7145839,3.5669227,0.0,5.127609,7.2801757,11.520438,12.0554,19.249521,18.175575,24.504646,26.415028,28.276342,32.455517,31.989468,29.699074,26.479933,23.099798,23.03173,17.842783,20.107882,16.406542,11.738399,12.015835,7.282858,6.703654,4.7545176,7.266914,10.082044,11.457237,15.229661,17.86417,18.13943,14.387991,16.62454,18.74466,22.56042,23.65583,21.340637,19.156492,24.558363,25.811773,29.505375,26.378292,24.41938,30.377846,29.65194,26.668648,29.92771,29.801748,28.166689,23.938536,28.6223,24.563515,29.745726,31.23796,33.153255,36.52977,33.089672,35.345695,31.394575,26.589336,22.942284,19.960037,19.75586,16.57217,13.654372,16.661392,16.117107,18.447517,19.478811,13.616897,17.635012,19.148321,17.95089,18.270622,19.422117,17.146698,20.68579,20.859852,21.674496,25.583858,27.71208,28.17687,25.570885,28.142273,21.91431,24.038786,20.735306,22.508715
26,24.591473,22.844374,24.906649,21.078176,19.56226,24.524183,18.442215,24.951355,22.84507,24.083342,28.127384,26.609524,25.51297,19.559044,16.678679,12.905924,10.324634,8.160636,6.552353,5.532733,7.39468,9.570338,11.558299,8.241892,6.1607275,5.127609,0.0,3.897133,6.8765993,8.695814,14.944815,14.5681095,20.619514,22.642221,24.848335,28.807138,28.957268,26.856993,23.485336,20.0233,19.97261,14.939844,16.557814,12.737611,9.389618,8.367363,6.3763933,5.2087684,7.2209096,7.306977,8.590623,8.203797,12.893393,14.389878,15.652659,12.236159,12.965205,15.24779,19.139708,20.06805,17.607315,14.778672,20.214357,21.22206,25.035713,21.968367,19.512993,25.51116,24.606606,21.570616,24.808533,24.723202,23.140146,18.898048,23.761446,19.987156,25.17591,26.770937,28.398064,31.594505,28.057812,30.22313,26.27824,21.463757,17.845587,14.950628,15.159213,12.398932,10.407288,14.148711,14.669685,17.254393,18.26971,13.669559,18.556019,19.652517,18.463987,17.839392,18.419434,15.282188,18.374388,17.609554,18.164078,21.648508,23.466343,24.061533,21.7688,24.383696,18.477074,21.112598,17.929878,20.597422
27,23.014517,21.233932,22.800266,18.549603,17.208742,21.62977,15.692951,22.412096,19.976034,21.816216,25.621975,24.27155,22.884533,17.017107,13.883913,10.736699,7.6438894,6.9497514,4.938264,6.788615,8.349704,11.150193,13.048861,10.346425,9.29948,7.2801757,3.897133,0.0,4.939791,4.9605827,12.228236,11.026658,17.350388,19.252035,21.260386,25.337914,25.236145,23.070759,19.746986,16.307732,16.319553,11.24821,13.379358,10.059347,6.296544,7.078755,5.284556,7.620759,9.714438,10.841674,12.093728,10.680449,15.318109,16.201372,17.318787,13.757853,13.590898,14.984057,19.598827,19.403337,16.228601,14.326461,20.11514,21.431858,24.891912,20.949692,18.996206,25.074049,23.503555,20.548243,23.876545,24.431072,22.575804,18.769907,24.071608,21.103815,26.219582,27.689081,28.917135,31.63242,27.997162,29.510075,25.153639,20.55967,17.187424,15.083408,15.280263,14.136923,12.460116,16.481249,17.624342,19.768072,20.069368,15.873255,20.629026,21.074665,19.217695,18.368483,18.28515,14.735452,18.466187,16.407148,18.132195,21.048159,22.727,24.07142,22.014894,25.415958,19.767359,23.058313,20.372099,23.402174
28,26.220255,23.875525,24.769594,20.173609,18.133152,21.861898,15.274654,20.814123,17.671267,18.958378,22.321747,20.308752,18.779589,12.813914,10.631893,7.0540733,5.7561073,5.030096,8.8963585,10.136755,12.963592,15.240396,17.662066,14.806147,13.024617,11.520438,6.8765993,4.939791,0.0,4.81675,8.1170845,8.959199,14.085048,16.655603,18.802927,22.697937,23.452599,21.362558,18.214561,14.867417,14.243471,9.7657585,10.319873,6.747056,6.416268,4.5844226,7.7700696,8.984694,12.704222,12.56152,12.60558,9.570316,13.965968,13.516943,15.247128,12.399144,10.401472,11.517999,16.09083,15.5204115,12.2689705,9.90231,15.639124,16.903355,20.24707,16.245766,14.152021,20.218523,18.633472,15.787389,19.426601,20.117651,18.630535,14.806217,20.400717,17.930754,22.815546,24.633884,25.292027,27.654688,23.66973,24.967281,20.57676,15.993536,13.045203,11.427897,12.892118,12.496953,12.621359,16.812069,18.659325,21.065857,21.57978,18.560349,23.653944,23.996752,22.378685,20.919678,20.435358,16.3877,19.281612,16.16546,17.447687,19.509724,20.57273,22.083725,20.61578,23.759132,18.884459,22.426817,19.863272,23.561756
29,22.695436,20.621527,21.246042,16.449629,15.026877,18.352642,12.454868,18.862858,15.825311,18.267317,21.61456,20.392527,18.717522,13.102589,9.784489,7.844082,4.7663584,6.748849,7.1366487,10.423815,12.234794,14.931325,16.991259,14.914382,14.16653,12.0554,8.695814,4.9605827,4.81675,0.0,8.512616,6.1247573,12.692835,14.41161,16.322739,20.424355,20.304634,18.175634,14.838318,11.40938,11.5921335,6.742712,9.307875,7.2807436,5.0957513,7.5417967,8.089881,11.7801695,14.305903,15.47331,16.308323,13.915939,18.346233,18.256435,19.532999,16.27428,14.730342,15.089159,20.132456,18.622139,14.711072,13.828036,19.571812,21.04038,24.004751,19.213774,17.720783,23.632261,21.186333,18.419022,21.706093,23.049454,20.950968,17.876959,23.49497,21.669731,26.49047,27.810837,28.453356,30.483255,26.795147,27.454926,22.702513,18.56107,15.7139,14.817067,15.163133,15.989668,15.092856,19.219904,21.113043,22.88246,22.56232,19.307,23.969671,23.735743,21.395733,20.082212,19.15053,15.154125,19.0332,15.228633,18.081978,19.956987,21.240055,23.466022,21.904305,26.012163,21.020603,24.962215,22.888811,26.401749
30,29.586031,26.957695,26.535511,21.524843,19.376358,20.885536,14.894513,18.261057,13.6409855,15.271013,16.920156,14.160334,11.376189,5.7879252,6.4034777,6.298424,8.18861,10.216962,15.278058,17.569944,20.306303,22.678837,25.1077,22.54695,21.078403,19.249521,14.944815,12.228236,8.1170845,8.512616,0.0,5.922718,6.5519066,10.5297165,12.039266,15.816049,17.436188,15.3432865,13.057044,10.519175,8.470678,6.8690643,4.271713,4.665454,9.567005,9.0410795,13.836963,16.280886,20.115376,20.194836,19.862291,15.985563,19.216034,17.338556,18.88702,16.97434,13.118554,11.999734,16.51026,13.451022,9.29136,9.5578785,14.059333,15.718984,17.60374,12.05361,11.659757,16.806866,13.961684,12.018925,15.95633,18.087626,16.878908,14.581839,20.292662,19.938454,23.817972,25.688717,25.026222,25.965965,21.632744,21.25004,16.29617,12.900346,12.016269,13.06401,15.4764385,17.600975,19.031412,23.028587,25.591671,27.68345,27.688934,25.750788,30.744118,30.474989,28.46586,26.5338,25.175026,20.83027,23.430635,18.291115,20.481272,20.619795,20.623718,23.279438,22.907398,26.481787,23.086199,27.165102,25.374657,29.600937
31,24.16332,21.692173,21.057178,15.968225,14.305465,15.638698,10.180215,14.9928665,10.942456,14.081135,16.511217,15.457419,13.483636,8.675654,5.4316583,6.7480946,6.0425377,9.703286,12.351684,15.712372,17.893894,20.28306,22.59137,20.930954,20.159693,18.175575,14.5681095,11.026658,8.959199,6.1247573,5.922718,0.0,7.1696663,8.322262,10.377597,14.31298,14.55451,12.7172985,9.263759,5.939079,6.8258777,4.457698,6.335498,7.6421533,9.112787,11.296683,13.624153,17.343702,20.270826,21.166916,21.532335,18.44947,22.523558,21.4032,22.977238,20.31343,17.457535,16.854671,21.767826,18.970537,14.634483,14.80996,19.768284,21.157377,23.395924,17.96784,16.945763,22.173729,18.59935,16.265299,19.182543,21.508009,19.21848,17.388754,22.955997,22.648232,26.838741,27.92423,27.804096,28.885891,25.29378,24.809696,19.74172,16.53674,14.715438,15.495776,16.028648,18.869703,18.895561,22.868292,25.443094,26.859842,26.031872,23.93206,28.47372,27.64304,25.052168,23.234951,21.504522,17.325867,20.760962,15.250953,18.936197,19.28974,19.870646,23.054165,22.258913,26.886904,22.977512,27.412663,26.059324,30.001583
32,30.320047,27.74812,26.344177,21.375422,19.645956,19.119274,14.79519,16.481318,11.262372,13.998007,13.97614,11.822703,8.061834,5.7585864,7.366205,10.562157,12.236609,15.340673,19.408636,22.477058,24.851997,27.282223,29.594147,27.570013,26.571495,24.504646,20.619514,17.350388,14.085048,12.692835,6.5519066,7.1696663,0.0,5.584311,5.721463,9.570636,11.390565,9.467477,8.141568,7.195499,4.949121,7.9269385,5.761066,9.779957,13.926398,15.05957,18.9109,22.352556,25.794027,26.400585,26.29989,22.513376,25.686346,23.691442,25.044905,23.175014,19.32742,17.538359,21.817564,17.677637,13.5541315,15.381204,18.77445,20.383148,21.262589,15.304117,15.961939,19.749918,15.744808,14.683253,17.63558,20.812185,19.288841,18.541739,23.746017,24.701391,27.979332,29.36962,28.169802,28.117382,24.213217,22.429525,17.349699,15.582364,15.770373,17.996977,19.712467,23.17425,24.404325,28.271038,31.123005,32.733253,32.077744,30.556623,35.243114,34.39247,31.91183,29.852776,27.892729,23.673563,26.416166,20.270664,23.571045,22.649298,22.243614,25.79932,25.90446,30.155909,27.41515,31.855108,30.695662,34.988052
33,27.562738,24.756954,22.668201,18.031654,16.30651,14.532655,11.459569,11.744667,6.731875,10.565647,10.543647,10.477436,8.680761,8.104628,7.2743635,11.657882,12.888789,16.377287,19.968664,23.185362,25.651983,27.668869,30.227036,29.01437,28.201365,26.415028,22.642221,19.252035,16.655603,14.41161,10.5297165,8.322262,5.584311,0.0,4.497768,6.3007226,7.998522,7.987409,5.039473,5.1473002,7.7718186,10.717238,10.533938,14.08337,17.056269,18.800413,21.84997,25.402712,28.554869,29.168598,29.150974,25.710573,29.452297,27.459406,29.390844,27.37218,23.603054,22.384987,26.640074,22.91617,18.820911,19.728252,23.159676,24.127123,25.382196,19.976133,19.353634,22.965942,18.071157,16.696417,18.280298,21.735369,19.301796,19.532978,24.22207,25.844383,28.94579,29.512627,28.490145,28.207535,25.20857,23.093443,18.1298,16.953756,16.760027,19.294096,19.683374,24.28909,25.028427,28.584887,31.732016,32.66769,31.286465,30.476006,34.738144,33.28738,30.560118,28.29559,25.84797,21.908537,24.47614,17.839972,21.931065,20.36657,19.94597,24.078527,24.313211,29.267147,26.895761,31.60859,31.18132,35.383278
34,29.921461,27.572805,25.42329,20.773933,19.690739,17.424206,15.227905,15.809356,11.056133,14.836327,13.821953,13.261954,10.118987,10.470617,10.925799,14.953833,15.946874,19.527788,22.403717,25.983074,27.935236,30.343418,32.47906,31.023268,30.47441,28.276342,24.848335,21.260386,18.802927,16.322739,12.039266,10.377597,5.721463,4.497768,0.0,5.0137367,5.7581224,4.327109,4.5267124,6.3823457,6.302417,10.964056,10.4691105,14.7698145,17.819256,20.040543,22.926432,27.04899,30.047787,31.121632,31.318893,27.765266,31.161222,29.337082,30.612291,28.519243,24.931814,23.06244,27.421246,23.020187,18.915428,21.095003,24.363636,25.885662,26.509975,20.585001,21.361153,24.645546,20.136543,19.3275,21.397894,24.962141,23.00584,23.066078,27.897043,29.412035,32.494183,33.39065,32.126045,31.622702,28.279577,25.837946,20.918764,19.995876,20.274542,22.76816,23.677921,27.80517,28.552822,32.302826,35.25558,36.4159,35.177288,33.839188,38.13994,36.808083,33.927204,31.897394,29.534267,25.628351,28.588882,22.052746,26.25246,24.847801,24.410837,28.503899,28.729755,33.57125,31.049187,35.707123,34.991043,39.194626
35,31.77474,29.160177,26.42455,22.264772,21.006113,17.62238,16.590961,14.785273,10.693756,13.881582,11.410686,11.924484,9.960315,12.592737,13.326111,17.73964,19.186245,22.644491,26.067005,29.434692,31.716064,33.799316,36.22055,35.068882,34.39088,32.455517,28.807138,25.337914,22.697937,20.424355,15.816049,14.31298,9.570636,6.3007226,5.0137367,0.0,4.884979,6.821993,7.375344,9.935898,11.294923,15.718413,15.032059,19.200262,22.482868,24.360344,27.500023,31.307856,34.450077,35.214085,35.178844,31.569876,35.00397,32.785233,34.49693,32.69604,28.734507,26.989231,30.939425,26.583643,22.758812,24.533812,27.149055,28.183115,28.587492,23.185757,23.508076,25.973236,20.915218,20.4596,21.477873,25.354977,23.25656,24.351273,28.48029,30.888552,33.384117,33.847668,32.266052,31.12233,28.396713,25.269548,20.75462,20.905489,21.696749,24.758902,25.326504,30.23505,31.210558,34.668953,37.91543,38.75059,37.206734,36.647945,40.77623,39.120792,36.26634,33.976723,31.31174,27.596357,29.9712,23.193415,27.35067,25.098593,24.220898,28.589432,29.293682,34.201363,32.497818,37.217663,37.05381,41.318542
