,0,1,2,3,4,5,6,7,8,9,10,11,12,13,14,15,16,17,18,19,20,21,22,23,24,25,26,27,28,29,30,31,32,33,34,35,36,37,38,39,40,41,42,43,44,45,46,47,48,49,50,51,52,53,54,55,56,57,58,59,60,61,62,63,64,65,66,67,68,69,70,71,72,73,74,75,76,77,78,79,80,81,82,83,84,85,86,87,88,89,90,91,92,93,94,95,96,97,98,99,100,101,102,103,104,105,106,107
0,0.0,4.430316,6.4910774,9.612186,12.103243,15.058525,17.61653,21.368332,24.334627,26.58275,30.189053,32.539333,35.729614,35.402855,39.537277,34.432423,37.30353,34.592068,40.11887,36.740753,40.421722,43.24402,46.047222,44.530533,44.898487,44.288727,39.433872,40.57397,36.57877,40.32236,33.369587,38.398975,33.61222,34.62102,33.125965,30.01585,27.070263,30.275423,29.85735,26.797216,25.279324,30.287857,28.50133,23.69099,25.922495,30.490871,27.266796,22.89039,26.983145,26.058863,30.887539,30.657894,33.748848,34.463192,36.512657,38.45494,34.92439,39.112946,41.198086,36.280083,36.109196,42.0392,43.64036,42.041744,39.12241,40.44442,46.038586,46.672783,42.862934,46.700085,48.871002,47.186203,44.131348,47.094193,42.919952,45.108204,41.827244,37.17167,37.762638,32.88458,31.028816,29.302652,26.478573,26.58091,27.095383,30.472546,30.43079,36.55313,37.335194,41.285236,43.22682,46.434803,46.63205,46.02993,43.94707,41.394207,36.991478,35.880955,31.46718,27.770304,25.33839,24.019096,26.648825,23.722862,27.922838,28.824694,30.431652,33.596653
1,4.430316,0.0,5.338245,6.033029,8.700797,12.39252,13.967653,18.378912,20.83914,23.414011,26.923338,29.288511,32.360012,31.777723,35.691746,30.48207,33.16714,30.428158,35.816162,32.45977,36.100113,38.88423,41.781704,40.31739,40.680393,40.054577,35.303223,36.519634,32.631813,36.495914,29.707937,35.046635,30.444939,31.805,29.9519,26.55245,23.974993,27.406937,26.465445,23.210272,22.32,27.128166,24.893345,20.279375,23.110222,27.219154,23.646034,19.8962,24.316607,23.72983,28.18697,27.602543,31.211502,31.951435,33.52841,35.111362,31.48555,35.595737,38.038044,33.437042,32.850872,38.780434,40.65132,39.349304,36.259144,37.241333,42.831062,43.26653,39.288834,43.17915,45.12409,43.268185,40.304356,43.10935,39.023407,41.09085,37.752163,33.178738,33.762386,28.987595,27.107824,25.653435,22.545336,22.370567,22.824896,26.141855,26.050179,32.145096,32.934093,36.900185,38.863224,42.116455,42.26554,41.616043,39.54412,36.96408,32.589203,31.462778,27.042067,23.360504,20.98231,19.655903,22.25682,19.585772,23.6549,24.830442,26.52616,29.851463
2,6.4910774,5.338245,0.0,5.4516644,6.563289,9.19369,12.016475,15.130891,18.53058,20.350233,24.07086,26.314455,29.61865,29.48247,33.99855,29.230125,32.441414,30.207644,35.953762,33.25866,37.30679,40.213142,43.481827,41.303535,41.23448,40.20935,35.315548,35.937714,31.81516,35.1885,28.178047,32.72701,27.525696,28.719313,27.673206,24.53884,21.514402,25.202343,25.133314,22.024612,20.685051,26.419767,24.672306,20.10452,22.639935,27.759327,24.689617,20.82465,25.356178,23.956953,28.215658,29.019295,32.07259,32.12193,34.079655,35.597927,31.611586,35.570576,38.040546,32.937897,32.011276,38.037704,39.57661,37.94736,34.524197,35.63909,41.28766,41.683002,38.21679,42.447853,44.270226,42.615223,40.076218,43.42443,39.53654,42.133846,39.046417,34.444195,35.80985,30.8586,29.571617,28.674616,25.491825,24.62754,24.185995,28.096952,26.828617,32.966885,33.38825,37.15571,39.031948,41.948673,42.57586,42.20489,40.290016,38.004265,33.434345,32.96956,28.039005,25.12919,23.238224,21.504845,23.4924,20.091415,23.547956,24.079756,25.10785,28.249199
3,9.612186,6.033029,5.4516644,0.0,3.8755066,6.7363577,8.531122,12.713184,14.958849,17.79859,21.08604,23.672653,26.571608,26.14996,29.980837,24.834723,27.807062,25.22093,30.957846,27.972517,32.0037,34.96947,38.1251,35.944508,35.976555,35.10897,30.19743,31.091602,27.053585,30.734716,23.831554,29.031265,24.501812,25.822163,23.94664,20.560265,17.956114,21.559319,20.692184,17.420172,16.648596,21.843868,19.653652,15.16977,18.277227,22.772596,19.41218,16.0653,20.83054,19.890877,23.796915,24.092802,27.6202,27.818308,29.291845,30.56505,26.602673,30.56565,33.24474,28.528723,27.429968,33.425976,35.270092,33.994053,30.61192,31.460323,37.08168,37.425236,33.61464,37.709164,39.533844,37.772266,35.037266,38.18801,34.251057,36.731674,33.612362,29.011086,30.378433,25.433008,24.225452,23.541637,20.334734,19.327333,18.803951,22.873571,21.725122,27.948828,28.66354,32.479576,34.616592,37.657696,38.224903,37.553387,35.773743,33.12695,28.92268,28.04832,23.306675,20.2326,18.31698,17.142397,19.068453,16.708954,19.44154,20.870153,21.83085,25.497551
4,12.103243,8.700797,6.563289,3.8755066,0.0,5.499348,5.566678,9.858552,12.55968,14.7442,18.401976,20.616848,23.808573,23.327238,27.722052,22.935055,26.037107,24.023716,29.646551,27.348711,31.47146,34.329384,37.908775,35.548164,35.279278,34.043987,29.310125,29.794437,25.781557,29.16251,22.38623,27.201784,22.079412,23.980558,22.56951,18.921358,16.531698,20.843113,20.085032,16.64701,16.553797,22.178104,19.782606,15.845248,19.365185,23.856066,20.463041,17.998238,22.896173,21.840788,25.14916,25.85747,29.49331,29.328316,30.539545,31.343216,27.093145,30.769407,33.887695,29.258436,27.399157,33.396057,35.2926,34.105495,30.263128,30.755062,36.386913,36.379215,32.817608,37.278793,38.609604,36.710384,34.54556,37.805313,34.198994,36.768494,33.7121,29.321493,30.995333,26.282326,25.26847,25.155508,21.588373,19.862726,18.784927,22.779556,20.758564,26.797026,27.029396,30.720566,32.586838,35.436577,36.182068,35.8537,34.03169,31.85428,27.264183,27.12317,21.967213,19.620592,18.225418,16.285456,17.721123,14.488048,17.163002,17.906235,18.738628,22.157253
5,15.058525,12.39252,9.19369,6.7363577,5.499348,0.0,6.1279564,7.0431476,10.114483,12.447606,15.553834,18.355381,21.21102,21.4634,25.639658,21.048662,24.727442,22.764988,28.966183,26.884056,31.412409,34.54549,38.033623,34.78057,34.219887,32.886105,27.802614,27.892399,23.579739,26.563152,19.414675,23.625368,18.682562,19.620111,18.513731,15.570645,12.34436,16.256975,16.50543,13.604594,12.278784,18.596825,17.181005,13.210809,15.813443,21.368444,18.976751,16.034256,20.610596,18.71303,21.801098,24.026386,26.74605,25.937366,27.686377,28.704805,24.33279,27.935123,30.661722,25.479326,23.774456,29.783957,31.233295,29.659037,25.819717,26.7474,32.39528,32.694202,29.531755,33.995136,35.6865,34.256824,32.048218,35.909737,32.30272,35.512062,32.872242,28.35937,30.884575,25.871408,25.694605,25.900387,22.904457,21.027334,19.149607,23.965675,21.196617,27.22872,27.612202,31.008371,33.199852,35.730804,37.006744,36.509136,35.14878,32.69831,28.693766,28.487097,23.41044,21.578411,20.486925,19.332571,20.149025,17.792362,18.603638,19.660688,19.238699,22.936842
6,17.61653,13.967653,12.016475,8.531122,5.566678,6.1279564,0.0,5.84451,7.351613,9.83212,13.27765,15.4789095,18.506962,17.832561,22.202305,17.559807,20.75496,19.176174,24.784101,23.160858,27.45907,30.300196,34.215893,31.404898,30.789068,29.232738,24.627075,24.740501,20.782553,23.953732,17.414307,22.181686,17.086561,19.628012,18.082544,14.051552,12.390238,17.264767,16.08925,12.520671,13.75138,19.17809,16.435553,13.566873,17.63184,21.56166,18.280334,17.323633,22.157179,21.216274,23.387674,24.454048,28.23899,27.668036,28.292126,28.399803,23.907642,27.149355,30.799967,26.572254,23.761166,29.616377,31.702147,30.849062,26.598164,26.516655,32.065422,31.676342,28.227764,32.957195,33.797447,31.77127,30.109623,33.45725,30.224352,32.94302,30.079575,25.967232,28.209454,23.792759,23.34168,24.131971,20.475586,17.830294,15.762706,19.929893,16.688753,22.480946,22.42783,25.898422,27.777388,30.407732,31.476748,31.229544,29.633694,27.613897,23.122263,23.486341,18.099552,16.806627,16.233446,14.28319,14.665969,11.907043,12.729087,13.617605,13.682379,17.437386
7,21.368332,18.378912,15.130891,12.713184,9.858552,7.0431476,5.84451,0.0,4.81588,5.4414697,8.988642,11.395198,14.554212,14.88217,19.840628,16.13059,20.101673,19.347034,25.230436,24.56098,29.178244,32.110706,36.17954,32.4212,31.25547,29.279057,24.60669,23.818409,19.665323,21.860588,15.2177305,18.449707,12.547727,14.770792,14.492656,11.173603,8.865933,14.060945,14.379531,11.617977,12.174719,18.293898,16.640038,14.489056,17.528458,22.284079,20.137846,19.196692,23.547346,21.782675,23.311062,26.065386,28.889341,27.475027,28.48491,28.493017,23.807983,26.611786,30.094395,25.448977,22.228155,27.917494,29.48157,28.267443,23.64327,23.691486,29.17091,28.761047,26.144625,31.177238,31.91049,30.313427,29.224031,33.26456,30.39369,33.78295,31.4541,27.501917,30.679459,26.270893,26.662844,27.913195,24.675325,21.754635,18.863796,23.425272,19.081314,24.3406,23.970917,26.863068,28.720499,30.73031,32.51558,32.467705,31.321957,29.55643,25.435965,26.371351,21.016863,20.803541,20.78055,19.109198,18.701574,16.16262,15.207548,15.413721,13.779299,17.193623
8,24.334627,20.83914,18.53058,14.958849,12.55968,10.114483,7.351613,4.81588,0.0,4.7996116,6.4347415,9.465823,11.718915,11.542217,15.606852,11.423067,15.375287,14.580346,20.510473,20.02205,24.685318,27.634857,31.72436,27.75068,26.485025,24.472183,19.82297,19.03142,14.911305,17.324322,10.769338,14.868631,9.935203,12.755442,11.228341,7.1149373,6.38731,11.699296,10.7577305,7.870314,10.299733,15.256224,13.073141,12.16254,15.650809,19.223232,17.114897,17.59084,21.662252,20.410202,20.955675,23.386019,26.503925,25.073235,25.355158,24.78089,20.076847,22.55678,26.479475,22.493814,18.602762,24.121712,26.073511,25.386646,20.655277,20.081438,25.493078,24.827616,21.889112,26.96125,27.446949,25.66312,24.651167,28.57228,25.864616,29.221928,26.999784,23.273176,26.717373,22.625715,23.406229,25.213318,22.141922,18.835651,15.417022,19.946098,15.0688,20.0393,19.791054,22.544886,24.669336,26.67344,28.552896,28.250563,27.363424,25.357084,21.743347,22.557364,17.475368,17.838596,18.298595,17.227936,16.195688,15.099553,12.33506,13.544118,11.301668,15.321951
9,26.58275,23.414011,20.350233,17.79859,14.7442,12.447606,9.83212,5.4414697,4.7996116,0.0,4.368543,5.986705,9.42901,9.787183,15.438527,12.89194,16.90865,17.37854,22.652584,23.259375,27.763458,30.448452,34.864197,30.754488,29.108595,26.639683,22.50305,20.948147,17.179775,18.492304,12.878323,14.897324,8.355115,12.149671,12.586494,9.31203,8.839508,14.03382,14.199839,12.0403805,14.0343075,19.117126,17.403084,16.806395,19.851606,23.646889,21.81188,22.253527,26.237268,24.68439,25.085531,28.019125,30.840498,29.083084,29.469545,28.695274,23.9993,26.02036,29.987833,26.008417,21.752098,26.878445,28.529453,27.718311,22.67505,21.890993,26.992464,25.942251,23.851112,29.197172,29.067692,27.34428,27.258446,31.31554,29.144964,32.577625,30.582914,27.230677,30.817053,27.04196,27.87019,29.825571,26.599266,23.11634,19.668242,23.746918,18.420422,22.64207,21.659904,23.947319,25.499979,26.972902,29.216406,29.514055,28.640202,27.458797,23.499023,25.309874,20.077528,21.220541,22.010393,20.226557,18.87411,16.703207,14.048977,13.592072,10.6108465,13.549655
10,30.189053,26.923338,24.07086,21.08604,18.401976,15.553834,13.27765,8.988642,6.4347415,4.368543,0.0,3.8686333,5.6687393,6.831199,11.801042,10.0355425,14.285668,15.306249,20.428543,21.656403,26.16955,28.853064,33.191967,28.501064,26.52835,23.882494,19.877865,17.772041,14.144256,14.69878,9.668826,10.613174,4.1479707,8.708891,9.248947,6.6736465,7.667151,11.953993,12.204599,11.047759,13.501342,17.493967,16.228426,16.811508,19.345943,22.518785,21.381998,22.587954,25.998041,24.469645,23.92681,27.328535,29.764751,27.649506,27.733189,26.548744,21.963701,23.388409,27.41156,23.831272,19.052328,23.682169,25.25348,24.661583,19.471357,18.25468,23.092001,21.82904,20.122984,25.553822,25.179104,23.649042,23.9856,28.279034,26.489357,30.194403,28.637564,25.629534,29.740091,26.277788,27.7088,30.093924,27.27864,23.662193,19.802893,23.84365,18.102486,21.588278,20.65065,22.391375,24.137623,25.207838,27.873163,28.007936,27.629833,26.349686,23.192099,24.987185,20.277996,22.043776,23.198877,22.047241,20.235188,19.216799,15.161699,15.292635,11.490256,14.33318
11,32.539333,29.288511,26.314455,23.672653,20.616848,18.355381,15.4789095,11.395198,9.465823,5.986705,3.8686333,0.0,4.152041,5.1323686,11.465602,11.300964,14.962438,16.986704,21.172382,23.278341,27.47618,29.82151,34.441948,29.910522,27.714987,24.739672,21.421124,18.907543,15.9202385,15.754787,12.247399,11.924972,5.5984774,10.869155,12.295712,10.111441,11.525596,15.562556,15.740502,14.623567,17.365664,21.106789,19.650593,20.457108,23.166565,26.008507,24.707209,26.240643,29.709396,28.301975,27.63772,30.819515,33.413998,31.299507,31.135656,29.628803,25.140285,26.19775,30.441404,27.25157,22.174208,26.362125,27.955364,27.570078,22.318705,20.667171,25.022282,23.25567,22.041239,27.530323,26.405212,24.690456,25.855463,29.893835,28.61687,32.088013,30.613214,28.025723,32.018326,28.978115,30.305178,32.870163,29.845465,26.024208,22.208384,25.685343,19.710176,22.452585,20.881575,22.203896,23.373178,24.008627,26.873877,27.533342,27.130112,26.613497,23.204401,25.818474,21.11954,23.541481,25.023907,23.379507,21.254625,19.766197,15.653963,14.710017,10.535124,12.211128
12,35.729614,32.360012,29.61865,26.571608,23.808573,21.21102,18.506962,14.554212,11.718915,9.42901,5.6687393,4.152041,0.0,3.5873725,8.168173,9.549076,12.959077,15.584732,19.28399,22.008558,26.06403,28.336931,32.815655,27.818209,25.327261,22.206348,19.213858,16.160841,13.633772,12.455609,10.443157,8.548118,4.3230777,9.460588,10.731498,9.619914,12.118693,14.945471,14.982678,14.752091,17.776215,20.315077,19.21325,20.976528,23.25973,25.36058,24.637365,26.83184,29.767187,28.482155,27.015757,30.407171,32.69005,30.34912,29.828627,27.913715,23.675257,24.08695,28.348387,25.73109,20.277628,23.76277,25.312885,25.257095,20.037691,17.848404,21.70113,19.609238,18.85025,24.30519,22.796621,21.243721,22.949282,27.079767,26.265963,29.885275,28.855997,26.696516,31.059303,28.40823,30.221783,33.126286,30.493757,26.632868,22.590748,25.90026,19.77529,21.692228,20.212925,20.92468,22.262844,22.465923,25.704035,26.165495,26.27528,25.660564,23.137178,25.640436,21.578167,24.445137,26.190323,25.12658,22.70144,22.237314,17.186844,16.91583,12.496897,14.083695
13,35.402855,31.777723,29.48247,26.14996,23.327238,21.4634,17.832561,14.88217,11.542217,9.787183,6.831199,5.1323686,3.5873725,0.0,6.771334,7.82814,10.625984,13.620436,16.77609,19.756216,23.588772,25.665478,30.360363,25.802317,23.400154,20.210466,17.548462,14.740987,12.554086,11.979268,10.471773,10.3509035,7.125897,12.412672,12.411643,10.219012,13.284168,16.537777,15.454195,14.683708,18.577616,20.776846,18.877619,20.80547,23.726845,25.133394,23.847898,26.607134,29.719894,28.912636,27.467474,29.966866,32.868683,30.905087,29.901176,27.699509,23.501019,23.928219,28.621197,26.493286,20.872849,24.39764,26.455435,26.815788,21.699621,19.142084,22.985233,20.639635,19.215023,24.61601,22.735622,20.599642,22.369661,25.951128,25.215742,28.366932,27.09014,25.13656,29.141945,26.83349,28.395319,31.435001,28.605341,24.586235,20.64372,23.418093,17.226145,18.756508,16.968836,17.71037,18.88686,19.26123,22.348349,22.923668,22.861841,22.473886,19.724567,22.55154,18.524109,21.782318,23.78269,22.579983,19.908602,19.705557,14.292854,14.015212,9.575069,11.167428
14,39.537277,35.691746,33.99855,29.980837,27.722052,25.639658,22.202305,19.840628,15.606852,15.438527,11.801042,11.465602,8.168173,6.771334,0.0,5.910759,6.620489,10.6087,12.308857,16.281677,19.640306,21.55173,25.880716,20.68457,17.86993,14.503618,12.60442,8.997412,8.362086,6.185784,8.976884,8.385201,10.431543,13.90608,12.357097,11.432867,15.572876,16.979826,14.955726,15.351414,19.682638,19.572178,17.904142,21.301098,23.70346,23.378994,22.829527,26.802187,29.000875,28.71615,26.077158,28.242819,30.903744,28.911015,27.028322,24.042963,20.500677,19.812057,24.672289,23.951963,17.946861,20.130312,22.517527,23.772768,19.146864,15.585298,18.411442,15.483833,14.013979,19.080051,16.411795,14.066147,16.649405,19.980232,20.041887,23.154167,22.558413,21.4908,25.87194,24.441547,26.69993,30.243433,28.156637,24.248928,20.21348,22.400166,16.472334,16.32001,15.030045,14.688133,16.46516,16.37444,19.80461,19.645506,20.526646,19.61104,18.789839,20.959007,18.43156,22.132862,24.449993,24.389626,21.441774,23.103241,16.722961,17.89762,13.986887,15.7422285
15,34.432423,30.48207,29.230125,24.834723,22.935055,21.048662,17.559807,16.13059,11.423067,12.89194,10.0355425,11.300964,9.549076,7.82814,5.910759,0.0,4.4887795,6.043108,10.566346,12.500453,16.725492,19.302914,23.564816,18.6695,16.560007,13.874315,10.135528,8.146712,5.1415377,7.025261,5.2278743,9.453201,10.1485405,13.446158,10.1736765,7.597595,11.821799,13.760554,10.521544,10.126096,15.076365,15.121591,12.609118,15.782251,18.752926,18.429918,17.266224,21.22117,23.736034,23.69172,21.545103,23.123833,26.345636,24.773146,22.983408,20.405647,16.402575,16.765163,21.833563,20.544558,14.849702,18.38594,21.216745,22.246128,17.668314,14.774843,18.87216,16.900808,13.7041025,18.815739,17.6225,15.111801,15.543686,18.971537,17.66531,20.83342,19.446718,17.361023,21.607235,19.423328,21.440351,24.763252,22.550154,18.689846,14.566792,17.40955,11.469788,13.056458,12.65646,13.855816,16.479916,17.771936,20.31874,19.52384,19.804619,17.719095,16.342821,17.444405,14.329079,17.173962,19.156143,19.462572,16.853025,18.971817,12.736331,15.156289,11.875358,15.159742
16,37.30353,33.16714,32.441414,27.807062,26.037107,24.727442,20.75496,20.101673,15.375287,16.90865,14.285668,14.962438,12.959077,10.625984,6.620489,4.4887795,0.0,4.748723,6.3585443,9.80168,13.281779,15.44566,19.885122,15.195157,12.91601,9.953,7.4299574,5.633005,5.340793,7.1269765,8.85562,12.474935,14.30943,17.541048,14.112547,11.921455,16.122911,17.616148,13.802837,13.526383,18.694517,17.57664,14.674887,18.391846,21.481712,19.714115,18.385784,23.305061,25.463573,26.076773,23.499088,23.973225,27.583986,26.38639,23.749777,20.50966,17.162346,16.82786,22.220789,22.222084,16.54438,19.08319,22.362244,24.109749,20.043606,16.601461,19.796494,17.385744,13.906958,18.365498,16.296068,13.040623,14.047543,16.350765,15.750167,18.120876,16.828428,15.737729,19.627499,18.580048,20.61854,24.341091,22.336477,18.457972,14.650284,16.131197,10.550867,9.927333,9.434329,9.86459,12.763299,14.046029,16.495977,15.361388,16.022053,13.889763,13.590386,14.734314,12.860176,16.496876,18.952948,19.632582,16.674982,19.84678,13.252255,16.00573,13.322609,16.048733
17,34.592068,30.428158,30.207644,25.22093,24.023716,22.764988,19.176174,19.347034,14.580346,17.37854,15.306249,16.986704,15.584732,13.620436,10.6087,6.043108,4.748723,0.0,6.641886,6.5530295,11.073811,14.040562,17.98132,13.37687,11.936691,10.1441965,5.6379423,6.4869385,4.668906,9.034718,8.347165,14.043466,15.78947,18.233282,13.77746,11.272011,14.974581,16.099432,11.409759,10.90231,16.090126,14.263979,10.773065,14.649621,17.867529,15.42265,13.802169,19.07962,21.101625,22.112434,19.64928,19.40372,23.391287,22.601473,19.826927,16.814632,13.370757,13.758841,19.184536,19.102062,13.987793,17.167547,20.749212,22.44301,18.801079,15.945083,19.675846,18.094643,13.535014,17.556932,16.855501,13.843725,12.765868,15.057273,13.142058,15.608391,13.703914,11.636029,15.634407,13.979965,16.127493,19.792534,18.042694,14.374816,10.51554,12.5671835,7.528694,8.574338,9.806558,11.508921,15.036583,17.17894,18.80349,16.94162,17.289087,13.809686,13.725418,13.087458,11.354278,13.738874,15.762848,17.34532,14.896227,18.87214,12.81902,16.720268,14.814522,18.392424
18,40.11887,35.816162,35.953762,30.957846,29.646551,28.966183,24.784101,25.230436,20.510473,22.652584,20.428543,21.172382,19.28399,16.77609,12.308857,10.566346,6.3585443,6.641886,0.0,6.02797,7.590488,9.2496805,13.730481,9.658576,7.731942,5.304612,5.502415,6.6833673,9.010481,11.183368,14.019704,18.014355,20.59599,23.430166,19.425913,17.375282,21.353437,22.308605,17.789642,17.54334,22.69189,20.199581,16.91077,20.952589,24.055706,20.441359,18.901543,24.804121,26.364017,27.92369,24.99965,23.729269,27.854053,27.378778,23.7203,19.907541,17.684416,16.809502,22.22365,23.802681,18.767202,20.263994,24.05383,26.543053,23.396595,19.842766,22.143621,19.82269,15.747709,18.701921,16.38629,12.531263,13.021899,13.043855,12.994996,13.672421,12.25347,12.674229,15.595938,16.28694,18.243593,22.305222,20.878155,17.400253,14.481264,13.960893,10.27064,6.343748,7.162336,6.6655965,10.397448,12.243153,13.596168,11.138543,12.364785,9.040059,11.400808,11.213949,12.003244,15.680243,18.355549,19.970135,17.068342,21.746363,15.563014,19.019033,17.537733,19.984257
19,36.740753,32.45977,33.25866,27.972517,27.348711,26.884056,23.160858,24.56098,20.02205,23.259375,21.656403,23.278341,22.008558,19.756216,16.281677,12.500453,9.80168,6.5530295,6.02797,0.0,4.872662,8.2841,11.768306,8.368903,8.442907,8.517696,6.0145297,9.641535,10.170076,14.064247,14.543235,20.151512,22.336239,24.549215,19.768906,17.419155,20.68896,21.379856,16.291124,15.717978,20.496174,17.428984,13.646311,17.392689,20.563183,16.075462,14.006838,20.233627,21.567768,23.735598,21.145897,18.557438,23.293154,23.512638,19.680328,16.267916,14.248602,14.349417,19.53638,21.03947,17.034542,19.19136,23.198687,25.51401,22.907782,20.14921,23.05329,21.693943,16.666294,19.062784,18.4915,15.183176,13.110923,12.967397,10.901116,11.257711,8.427624,7.426364,10.031993,10.329757,12.268774,16.36061,15.337673,12.300902,9.879772,9.2712755,7.4970417,5.797064,9.095332,10.725275,14.559479,17.315546,17.688478,14.740739,15.171687,10.283394,12.352553,9.444431,10.662315,12.407639,14.445862,17.256737,15.1273,20.626398,15.390767,19.875261,19.186974,22.501625
20,40.421722,36.100113,37.30679,32.0037,31.47146,31.412409,27.45907,29.178244,24.685318,27.763458,26.16955,27.47618,26.06403,23.588772,19.640306,16.725492,13.281779,11.073811,7.590488,4.872662,0.0,3.5975919,7.102584,5.768265,7.1175294,8.456315,8.984926,12.554676,14.316627,17.49229,19.135542,24.234497,26.777065,29.10234,24.396303,22.195162,25.550323,26.123095,21.054777,20.5764,25.271122,21.813162,18.203308,21.872292,24.90193,19.706041,17.735802,24.086983,25.004261,27.618069,24.871954,21.362978,26.147282,26.771057,22.409348,18.716364,17.72849,17.216335,22.025192,24.585506,20.951561,22.160082,26.235884,28.977837,26.833595,23.872265,26.010477,24.472702,19.662249,21.129982,20.031174,16.557465,14.887687,12.797738,11.802267,9.968225,7.2141204,8.8302,9.323854,12.068027,13.511588,17.561155,17.06863,14.6631565,13.389691,10.8321,10.996065,6.856765,10.077508,10.652769,14.097002,16.796673,16.342846,12.748091,13.535719,8.274118,12.520856,8.983519,12.569591,14.450506,16.59039,19.5709,17.480581,23.39726,18.52394,22.806128,22.557957,25.356726
21,43.24402,38.88423,40.213142,34.96947,34.329384,34.54549,30.300196,32.110706,27.634857,30.448452,28.853064,29.82151,28.336931,25.665478,21.55173,19.302914,15.44566,14.040562,9.2496805,8.2841,3.5975919,0.0,5.2369266,6.624701,8.084417,9.501378,11.710049,14.805035,17.159697,19.81702,22.162153,26.84586,29.443857,32.024834,27.504362,25.295582,28.79352,29.493198,24.478994,23.970736,28.774364,25.371128,21.781414,25.40617,28.498026,23.230146,21.236158,27.562904,28.451113,31.163557,28.389242,24.664425,29.433231,30.148762,25.632097,21.817932,21.145086,20.316101,24.98784,27.941267,24.270319,25.054876,29.107557,32.042423,29.96467,26.790792,28.517231,26.713053,22.22012,23.388342,21.690502,18.092253,17.164972,14.205248,14.196337,11.418387,9.333924,12.00186,11.529247,15.126772,16.146036,20.017817,19.552591,17.323895,16.451801,13.106189,13.645317,8.418844,10.859753,10.511331,13.308969,15.801504,14.739732,10.861424,11.935633,7.074864,12.613072,9.524386,14.113955,16.398869,18.70937,21.42002,19.223717,25.14021,20.417274,24.35552,24.328104,26.639011
22,46.047222,41.781704,43.481827,38.1251,37.908775,38.033623,34.215893,36.17954,31.72436,34.864197,33.191967,34.441948,32.815655,30.360363,25.880716,23.564816,19.885122,17.98132,13.730481,11.768306,7.102584,5.2369266,0.0,6.7654786,9.624284,12.424993,14.744523,18.194359,20.667265,23.268055,25.734566,30.406702,33.585136,35.62713,30.830116,29.010605,32.32028,32.39605,27.368628,27.198544,31.55078,27.326794,24.146019,27.8079,30.3456,24.241081,22.762587,29.088463,29.185417,32.31316,29.279673,24.80376,29.256584,30.393208,25.482355,21.698189,22.132875,20.999624,24.8854,28.745943,25.922308,25.92782,29.920784,33.114864,31.82656,28.88315,30.051863,28.651602,24.124363,24.15136,23.013735,19.907818,18.19366,14.07755,14.177341,9.876192,8.4478,12.385109,10.6048,15.543413,16.658857,20.166899,20.80866,19.53708,19.33808,15.878368,17.71068,13.303288,16.043436,15.670845,18.279154,20.468575,19.204254,15.234323,16.49136,11.9751425,17.521145,13.708481,18.592924,19.931585,21.72091,25.051468,23.317299,29.463465,25.11849,29.282951,29.335667,31.811
23,44.530533,40.31739,41.303535,35.944508,35.548164,34.78057,31.404898,32.4212,27.75068,30.754488,28.501064,29.910522,27.818209,25.802317,20.68457,18.6695,15.195157,13.37687,9.658576,8.368903,5.768265,6.624701,6.7654786,0.0,3.4197834,6.8835993,8.877607,12.226026,14.9823265,17.179258,20.234848,24.361345,28.30549,29.844654,25.08949,23.91172,27.403095,26.895546,22.136461,22.632187,26.863424,22.24369,19.654402,24.00239,26.028202,20.14582,19.600788,26.02292,25.957672,28.511497,24.82322,21.84467,25.57311,25.915726,21.089518,16.830818,16.99756,15.174848,19.431458,23.316305,19.977283,19.593658,23.567896,26.846605,25.472963,22.33833,23.314764,21.896896,17.407335,17.53008,16.40244,13.363296,11.486784,7.799549,8.143584,5.238121,4.9501386,9.015088,10.607445,13.9545,16.515266,20.465157,20.992237,19.062918,17.544678,15.926207,15.751532,11.989593,14.716277,14.161911,17.490862,19.204025,19.337069,15.606786,17.4006,12.798217,17.722334,14.717315,18.022333,19.861927,21.772606,24.973238,22.908806,28.656122,23.369503,27.54674,26.636639,29.393309
24,44.898487,40.680393,41.23448,35.976555,35.279278,34.219887,30.789068,31.25547,26.485025,29.108595,26.52835,27.714987,25.327261,23.400154,17.86993,16.560007,12.91601,11.936691,7.731942,8.442907,7.1175294,8.084417,9.624284,3.4197834,0.0,3.6864157,6.903184,9.47011,12.852713,14.370427,18.304752,21.765205,26.020275,27.622929,23.146616,22.213995,25.971737,25.455029,20.941082,21.668633,26.046515,21.6488,19.275097,23.888313,25.875362,20.552286,20.259123,26.58679,26.740093,28.853432,24.974463,23.007526,26.410774,26.22114,21.642448,17.219397,16.888899,14.675187,19.265408,22.894314,18.888678,18.345142,22.233952,25.537111,23.81163,20.313002,21.104359,19.272966,15.117189,15.678614,13.738191,10.365644,9.644661,6.621892,8.078078,7.063603,7.519384,10.598686,13.319909,15.7748575,18.558378,22.61863,22.73353,20.32101,18.161774,17.15671,15.7014,11.792843,13.896456,12.801426,16.111105,17.330694,18.12704,14.703768,16.830965,12.805758,17.439243,15.429779,18.040718,20.545824,22.708033,25.466496,23.080782,28.442122,22.667791,26.528164,25.14106,27.706146
25,44.288727,40.054577,40.20935,35.10897,34.043987,32.886105,29.232738,29.279057,24.472183,26.639683,23.882494,24.739672,22.206348,20.210466,14.503618,13.874315,9.953,10.1441965,5.304612,8.517696,8.456315,9.501378,12.424993,6.8835993,3.6864157,0.0,5.574954,6.7697053,10.684576,11.607736,16.194921,19.136946,23.264717,25.241833,21.14541,20.154152,24.171432,24.018627,19.72769,20.39445,25.046782,21.31731,18.891714,23.516216,25.7443,21.256561,20.810795,26.94266,27.590117,29.271503,25.521088,24.379179,27.757002,27.15194,22.99139,18.657076,17.512743,15.409736,20.387186,23.277658,18.538664,18.406504,22.164476,25.257647,22.889996,19.075571,20.088251,17.735401,13.950791,15.5685835,12.758631,8.885354,9.818256,8.52852,10.096088,10.457452,10.589002,12.582311,15.8280945,17.457819,20.133604,24.256628,23.755703,20.815197,18.120033,17.560362,14.843914,10.855174,12.110019,10.5791445,13.812463,14.661378,16.126097,13.202772,15.41384,12.1161,16.058435,15.199384,16.98313,20.186907,22.62227,24.788425,22.079695,26.958523,20.802128,24.250908,22.487385,24.7983
26,39.433872,35.303223,35.315548,30.19743,29.310125,27.802614,24.627075,24.60669,19.82297,22.50305,19.877865,21.421124,19.213858,17.548462,12.60442,10.135528,7.4299574,5.6379423,5.502415,6.0145297,8.984926,11.710049,14.744523,8.877607,6.903184,5.574954,0.0,4.1871796,6.110077,8.87746,11.467995,15.701498,19.455341,21.055992,16.459114,15.3153515,19.08607,18.83262,14.307991,14.998566,19.534836,15.859294,13.341535,18.02191,20.216366,16.144209,15.73563,21.64688,22.487991,23.913513,20.364332,19.75708,23.165274,22.397068,18.685814,14.743507,12.651749,11.361499,16.77133,18.570698,13.680106,14.860916,18.740479,21.333572,18.6163,15.236853,17.546028,15.843651,11.07886,13.799865,12.696078,9.429095,8.099045,9.5026455,8.429894,10.823969,9.980556,9.610771,14.076376,13.953165,16.936005,20.908499,20.256224,17.215534,13.990582,14.921867,11.575232,10.074701,11.938141,12.151867,15.8714695,17.440956,19.045078,16.437626,17.764988,13.851095,16.110928,14.73402,15.062209,17.459797,19.485662,21.803457,19.40697,24.034723,17.999931,21.869118,19.94452,23.061678
27,40.57397,36.519634,35.937714,31.091602,29.794437,27.892399,24.740501,23.818409,19.03142,20.948147,17.772041,18.907543,16.160841,14.740987,8.997412,8.146712,5.633005,6.4869385,6.6833673,9.641535,12.554676,14.805035,18.194359,12.226026,9.47011,6.7697053,4.1871796,0.0,4.469357,5.0825415,9.756076,12.447943,16.750578,18.476782,14.518004,13.888793,18.016453,17.7979,14.008753,15.061211,19.562592,16.565216,14.646814,19.290514,21.291353,18.328205,18.283611,23.641706,24.713259,25.499846,21.885473,22.566635,25.404291,24.01315,20.83137,17.019815,14.5304575,12.919758,18.161983,19.408875,13.817504,14.806845,18.246479,20.67247,17.379059,13.500435,15.628287,13.240194,9.369458,13.11766,10.947518,7.647818,8.630575,11.2441025,11.236063,14.189255,13.964955,13.6407175,18.253695,17.778135,20.71899,24.600943,23.612083,20.273932,16.638748,18.077074,13.649373,12.270935,12.977324,12.560196,15.811515,16.598331,19.032448,17.087803,18.61707,15.720849,17.367077,17.259123,16.781702,19.80799,22.0025,23.639616,20.965826,24.803452,18.378199,21.533812,18.87295,21.608744
28,36.57877,32.631813,31.81516,27.053585,25.781557,23.579739,20.782553,19.665323,14.911305,17.179775,14.144256,15.9202385,13.633772,12.554086,8.362086,5.1415377,5.340793,4.668906,9.010481,10.170076,14.316627,17.159697,20.667265,14.9823265,12.852713,10.684576,6.110077,4.469357,0.0,4.8409476,5.5190473,10.016155,13.421975,15.023463,10.629885,9.579264,13.615479,13.65926,9.728368,10.663243,15.204965,12.933911,10.919182,15.311005,17.441814,15.553768,15.356102,20.101873,21.617874,21.97966,18.842644,20.227219,23.070148,21.49811,19.051277,15.950592,12.449961,12.026855,17.245474,17.007061,11.23931,13.938091,17.186474,18.85967,14.969661,11.689724,15.322269,13.617686,9.422811,14.107217,13.407744,10.996226,10.481345,14.188559,12.744688,16.357784,15.474606,13.648942,18.509104,16.688168,19.490492,23.038307,21.729546,18.313976,14.321658,17.00825,12.067404,12.8666315,13.669007,14.444766,17.732159,19.016882,21.370953,19.703197,20.583534,17.522556,17.828096,17.609138,15.865422,18.226276,20.045683,21.495733,19.111797,22.389376,16.242424,19.493889,16.690958,20.036194
29,40.32236,36.495914,35.1885,30.734716,29.16251,26.563152,23.953732,21.860588,17.324322,18.492304,14.69878,15.754787,12.455609,11.979268,6.185784,7.025261,7.1269765,9.034718,11.183368,14.064247,17.49229,19.81702,23.268055,17.179258,14.370427,11.607736,8.87746,5.0825415,4.8409476,0.0,7.2905164,7.5696945,12.764795,14.072286,10.899262,11.310336,15.431633,14.964626,12.436591,14.057962,17.963202,15.871915,14.945131,19.260658,20.75112,19.327776,19.82751,24.217804,25.46579,25.396034,21.875238,24.196133,26.248123,24.13659,21.874302,18.606613,15.567901,14.140421,18.841625,18.890081,12.895642,14.193048,16.82179,18.612734,14.580494,10.570447,13.085089,10.423229,7.943629,12.974821,10.963014,8.986729,10.781426,14.849504,14.75698,18.535267,18.531279,17.547531,22.531733,21.17709,24.164976,27.771997,26.559355,23.116077,19.116224,21.566526,16.42389,16.259287,16.341593,16.062115,18.812166,19.086151,22.130362,20.8736,22.247875,19.999706,20.620853,21.224047,19.638968,22.595263,24.609499,25.692345,23.06788,25.842508,19.461626,21.892366,18.445656,21.040277
30,33.369587,29.707937,28.178047,23.831554,22.38623,19.414675,17.414307,15.2177305,10.769338,12.878323,9.668826,12.247399,10.443157,10.471773,8.976884,5.2278743,8.85562,8.347165,14.019704,14.543235,19.135542,22.162153,25.734566,20.234848,18.304752,16.194921,11.467995,9.756076,5.5190473,7.2905164,0.0,7.019803,8.841336,10.0108185,5.488019,4.299062,8.354911,8.822741,5.9815145,7.0886865,11.02526,10.784311,9.6146755,12.919869,14.780167,15.303018,15.270419,18.416899,20.48691,19.8353,17.449219,20.437407,22.711063,20.613993,19.524036,17.53244,13.247225,13.95177,18.376143,16.111408,10.509113,14.720395,17.086063,17.552929,12.812228,10.584186,15.50245,14.450537,11.227842,16.465212,16.706789,15.234363,14.509193,19.026073,17.03137,21.123648,20.05101,17.272947,22.120682,19.091885,21.600035,24.56012,22.888435,19.523748,15.36136,19.32439,14.060193,16.704151,17.1341,18.519068,21.447432,22.734537,25.26797,24.119215,24.55042,21.833742,20.834906,20.986326,17.918556,19.618305,20.940384,21.770592,19.772697,21.708246,16.199339,18.841593,15.595315,19.226309
31,38.398975,35.046635,32.72701,29.031265,27.201784,23.625368,22.181686,18.449707,14.868631,14.897324,10.613174,11.924972,8.548118,10.3509035,8.385201,9.453201,12.474935,14.043466,18.014355,20.151512,24.234497,26.84586,30.406702,24.361345,21.765205,19.136946,15.701498,12.447943,10.016155,7.5696945,7.019803,0.0,7.1535444,6.954244,6.1480393,8.571118,11.569208,10.9451065,11.228269,13.190824,15.466883,15.522306,15.941951,19.004877,19.750937,20.914968,21.824171,24.423304,26.04388,24.72582,21.922468,26.217342,27.332989,24.470888,23.809229,21.732075,18.04892,17.581772,21.196627,19.065327,13.526988,15.930259,17.08556,17.261612,12.234837,9.571,13.1930685,11.471805,11.189619,16.49387,15.834232,15.375866,16.573544,21.528042,20.760624,25.156115,24.976357,22.990482,28.140131,25.576002,28.376657,31.42681,29.894934,26.503149,22.325443,25.99697,20.45264,22.015062,21.74384,22.093056,24.43175,24.61482,27.913424,27.285154,28.198217,26.338953,25.61447,26.659145,23.738739,26.132555,27.682602,28.071686,25.810783,27.022217,21.374111,22.853027,18.80154,21.325438
32,33.61222,30.444939,27.525696,24.501812,22.079412,18.682562,17.086561,12.547727,9.935203,8.355115,4.1479707,5.5984774,4.3230777,7.125897,10.431543,10.1485405,14.30943,15.78947,20.59599,22.336239,26.777065,29.443857,33.585136,28.30549,26.020275,23.264717,19.455341,16.750578,13.421975,12.764795,8.841336,7.1535444,0.0,5.515471,7.2577505,6.9052157,8.522536,11.033178,12.058428,12.203234,14.246049,17.254448,16.85994,18.24274,19.925812,22.816048,22.544596,24.020746,26.809633,25.101627,23.811539,27.934832,29.705036,27.147131,27.209095,25.821186,21.46259,22.265934,26.03457,22.668232,17.655676,21.607132,22.797726,22.20576,16.940792,15.519571,19.943962,18.591772,17.703312,23.1219,22.633366,21.576216,22.366047,27.016424,25.625874,29.685488,28.65798,25.969013,30.561258,27.323195,29.29271,31.907406,29.52803,25.961092,21.904064,25.936062,20.104158,22.912817,22.078684,23.235344,25.092766,25.679274,28.740225,28.750872,28.858057,27.523006,25.147322,26.856932,22.68144,24.762304,26.069052,25.385487,23.385906,22.987305,18.341408,18.72515,14.616712,17.055655
33,34.62102,31.805,28.719313,25.822163,23.980558,19.620111,19.628012,14.770792,12.755442,12.149671,8.708891,10.869155,9.460588,12.412672,13.90608,13.446158,17.541048,18.233282,23.430166,24.549215,29.10234,32.024834,35.62713,29.844654,27.622929,25.241833,21.055992,18.476782,15.023463,14.072286,10.0108185,6.954244,5.515471,0.0,5.4099264,8.233218,8.370051,8.200076,11.287987,12.759615,12.928523,15.528156,16.70576,18.034695,18.248093,21.760014,22.623404,23.37031,25.44196,23.138203,21.568195,26.959066,27.568274,24.47148,25.245623,24.38601,20.289051,21.020584,23.805187,19.80767,15.518274,19.18946,19.497524,18.184065,13.057941,12.715221,17.121466,16.696852,16.49697,21.476627,22.032713,21.9203,22.093376,27.3161,25.695992,30.297167,29.675411,26.781494,31.755707,28.183472,30.585724,32.973625,31.183758,28.050419,24.039942,28.571976,23.196836,26.251114,26.019222,27.147793,29.407236,29.979895,33.085762,32.675472,33.065132,31.15338,29.396278,30.372368,26.520779,28.034662,28.98865,28.90781,27.23657,27.192432,22.752228,23.698431,19.803978,22.514738
34,33.125965,29.9519,27.673206,23.94664,22.56951,18.513731,18.082544,14.492656,11.228341,12.586494,9.248947,12.295712,10.731498,12.411643,12.357097,10.1736765,14.112547,13.77746,19.425913,19.768906,24.396303,27.504362,30.830116,25.08949,23.146616,21.14541,16.459114,14.518004,10.629885,10.899262,5.488019,6.1480393,7.2577505,5.4099264,0.0,4.654328,6.1738057,4.925334,6.1818404,8.336395,9.442477,10.6514015,11.561599,13.683712,14.1036215,16.646513,17.557388,19.043344,20.903908,19.14967,17.084995,21.91404,22.936234,20.121344,20.333574,19.264633,15.028397,15.972425,19.156788,15.449835,10.68876,15.048812,16.157082,15.415059,10.233331,9.479244,14.767153,14.560994,12.76386,17.793392,18.880823,18.460222,17.658693,22.809692,20.716251,25.299988,24.532326,21.461584,26.461443,22.871857,25.440578,27.921675,26.418158,23.40726,19.397417,23.963566,18.950743,22.126923,22.493279,23.871693,26.623375,27.65679,30.418005,29.4649,29.894838,27.311134,26.044977,26.254484,22.824963,24.029238,24.92281,25.523449,23.910736,24.911959,20.136301,22.155712,18.662203,22.100761
35,30.01585,26.55245,24.53884,20.560265,18.921358,15.570645,14.051552,11.173603,7.1149373,9.31203,6.6736465,10.111441,9.619914,10.219012,11.432867,7.597595,11.921455,11.272011,17.375282,17.419155,22.195162,25.295582,29.010605,23.91172,22.213995,20.154152,15.3153515,13.888793,9.579264,11.310336,4.299062,8.571118,6.9052157,8.233218,4.654328,0.0,4.3393855,6.9438667,5.632182,5.4026747,8.569886,11.0182495,9.999501,11.600931,13.684155,16.119019,15.644039,17.405602,20.174551,18.90725,17.629498,21.135761,23.362843,21.238955,21.083542,19.925756,15.330397,16.9342,20.852032,17.348984,12.565243,17.584219,19.448889,19.074732,14.139176,13.058728,18.394367,17.762941,15.006304,20.165504,20.80107,19.506641,18.583405,23.125467,20.750002,24.788242,23.351768,20.021772,24.521475,20.812283,22.81198,25.269886,23.178919,19.88637,15.85566,20.416063,15.186783,18.976048,19.182575,21.099195,23.764824,25.248066,27.67366,26.857086,26.839127,24.342575,22.349257,22.714977,18.776012,19.895206,20.813189,21.053722,19.445215,20.257952,15.62289,17.743704,14.549125,18.365627
36,27.070263,23.974993,21.514402,17.956114,16.531698,12.34436,12.390238,8.865933,6.38731,8.839508,7.667151,11.525596,12.118693,13.284168,15.572876,11.821799,16.122911,14.974581,21.353437,20.68896,25.550323,28.79352,32.32028,27.403095,25.971737,24.171432,19.08607,18.016453,13.615479,15.431633,8.354911,11.569208,8.522536,8.370051,6.1738057,4.3393855,0.0,5.4202857,6.4801273,5.7714415,5.9746118,10.892476,10.711251,10.502105,12.012594,16.328262,15.952573,16.024275,19.07388,17.069271,16.82887,21.071774,22.839277,20.631586,21.509436,21.277815,16.645313,18.954115,22.106321,17.47127,13.866847,19.369452,20.684797,19.496363,14.790867,14.979339,20.532425,20.564758,18.04148,22.892708,24.255556,23.324705,21.858595,26.5525,23.726109,27.870436,26.283169,22.459303,26.739653,22.399323,24.113583,25.965473,23.861872,20.986763,17.318705,22.390757,17.732124,22.327232,22.693184,24.969507,27.601185,29.265162,31.54056,30.75807,30.501135,27.8963,25.49254,25.600391,21.312246,21.58,21.914982,21.988924,20.986807,21.012136,17.551456,19.406675,16.607779,20.484816
