,0,1,2,3,4,5,6,7,8,9,10,11,12,13,14,15,16,17,18,19,20,21,22,23,24,25,26,27,28,29,30,31,32,33,34,35,36,37,38,39,40,41,42,43,44,45,46,47,48,49,50,51,52,53,54,55,56,57,58,59,60,61,62,63,64,65,66,67,68,69,70,71,72,73,74,75,76,77,78,79,80,81,82,83,84,85,86,87,88,89,90,91,92,93,94,95,96,97,98,99,100,101,102,103,104,105,106,107,108,109,110
0,0.0,4.376824,6.869572,9.974932,12.865641,15.576916,18.482021,22.242361,25.733908,29.148754,31.887928,37.0919,34.94905,32.646683,29.336283,25.95967,22.915672,20.245617,17.023834,13.655531,11.619858,8.108592,10.58318,8.713349,10.268668,13.201026,10.698141,14.760717,15.740507,18.279703,20.161774,22.46724,27.900806,29.213303,32.740696,34.9925,37.490623,37.79714,33.647335,31.73607,28.61963,27.363577,22.851507,21.732141,18.98604,15.418544,16.711147,13.064406,12.974536,17.94496,20.72422,18.13453,23.109755,25.866968,27.14653,28.301743,25.843067,29.037395,27.728765,32.02113,28.545582,31.914433,30.679602,29.072845,25.985142,22.36235,20.122753,16.233328,16.060488,10.333626,15.373804,17.714209,18.63173,22.87731,24.391584,28.19714,30.486917,29.800707,35.055958,33.84584,37.592564,40.440765,35.951252,33.41642,29.120647,30.206924,24.841642,23.421087,21.095732,18.382986,19.807684,21.181976,25.408197,28.902294,28.985395,32.01817,28.359287,30.744806,33.890682,31.715727,36.171246,32.900772,37.816948,41.43741,38.7078,35.375538,34.828815,29.120066,29.12786,24.684978,24.593454
1,4.376824,0.0,5.367925,6.4830723,9.139651,12.800589,14.812807,19.24374,22.255047,26.188032,28.617704,33.832893,32.152588,29.831131,27.066576,23.16794,20.604578,17.36357,14.519944,10.798388,9.00739,5.6284103,7.3963466,6.926534,7.732007,10.026039,6.6478524,10.640195,11.576321,14.449378,16.325834,19.091688,24.490263,26.310932,29.583534,32.13511,34.32593,34.35887,30.062338,27.976168,24.868534,23.342144,18.72712,17.520632,14.689118,11.19266,12.586414,9.729241,10.436107,15.283994,17.437023,15.856041,20.887423,22.924952,24.24256,25.064161,22.29129,25.786798,24.639517,29.347197,25.678297,29.475325,28.748627,27.535482,24.686909,20.569477,19.445135,15.623001,15.994719,11.146173,15.259908,17.06843,16.521692,21.401014,22.077925,26.135828,28.010836,26.766993,32.17152,30.46298,34.227394,36.915268,32.424007,29.659445,25.363266,26.264341,20.780293,19.36575,16.827473,14.250616,15.689668,17.39579,21.524666,24.970175,24.79164,27.762762,24.094305,26.419006,29.702766,27.59156,32.10058,29.06578,34.066826,37.828815,35.29896,31.905973,31.924055,25.92129,26.400274,22.010923,22.370838
2,6.869572,5.367925,0.0,5.2351236,7.2743025,9.323291,12.4038315,15.575631,19.354574,22.391829,25.36359,30.421696,28.267523,26.169064,22.70843,19.44835,16.62941,13.839191,11.391797,7.802159,8.040877,6.057672,10.193507,11.255796,12.72412,14.441338,9.990188,13.002112,12.0246105,14.913573,15.221777,18.75671,22.906815,24.997103,27.888712,30.250807,32.920673,33.036797,29.171436,26.9282,24.7231,22.634186,19.284698,17.135775,16.383387,12.084149,15.339531,12.969951,12.920318,18.24411,19.44025,16.576014,22.503317,24.51951,24.676298,25.228611,21.96485,24.604515,22.639368,26.912771,22.553364,25.903807,24.91128,23.222296,21.162474,16.705551,15.351932,12.214883,11.434019,7.1525764,10.015738,11.709787,11.837942,16.28317,17.532269,21.392052,23.620457,23.056606,28.268301,27.315186,31.094658,34.143356,29.750736,27.475023,23.09875,24.85645,19.46571,18.856697,17.289047,15.527535,17.952955,20.308235,23.89082,27.039576,26.751259,28.627638,24.184961,26.307066,28.933823,26.287216,30.580992,26.809967,31.562944,35.03638,32.10762,28.83906,28.008772,22.435705,22.352173,17.879723,18.008638
3,9.974932,6.4830723,5.2351236,0.0,3.9322562,6.591652,9.293894,13.123753,16.075027,20.108084,22.307943,27.739199,25.882944,23.438395,21.049746,16.835459,14.492646,11.026826,8.430478,4.5594854,4.4495144,4.07667,6.7815166,9.738149,10.984507,11.557762,8.064832,8.493317,6.926871,9.694044,10.344277,13.81687,18.359135,20.642267,23.524376,26.154524,28.437954,28.399857,24.310946,22.094204,19.60171,17.7116,14.103224,12.347038,11.684575,9.074361,12.043734,11.934381,13.271668,17.739265,18.175749,17.3183,22.804367,23.712902,24.182106,24.18198,20.403597,23.585402,21.88339,26.804434,21.914371,25.909534,25.759237,24.546583,23.169836,18.062565,18.294918,15.561432,15.182459,12.076515,13.31759,13.677765,12.00883,16.849943,16.805897,20.994183,22.503065,21.23352,26.703455,25.002798,28.924086,31.809692,27.5062,24.7936,20.278326,21.988806,16.02534,15.950601,13.753372,12.664301,14.706038,17.558573,20.97124,24.01134,22.87994,24.947884,20.530045,22.202183,25.368477,22.559278,27.036016,23.499868,28.375088,32.247177,29.368889,25.94566,25.978958,19.927982,20.31949,16.08083,16.428967
4,12.865641,9.139651,7.2743025,3.9322562,0.0,5.97551,5.697474,10.6439705,13.225983,17.422009,19.715298,24.778751,23.617939,21.541267,19.351107,15.001119,13.575631,9.43968,8.780635,5.0566998,7.5723433,8.000686,9.73557,12.965297,13.26388,13.267202,8.463923,9.065872,6.33543,9.886193,8.976262,14.127976,17.470757,20.817257,22.928083,25.869902,27.9298,27.461863,23.433504,20.748556,18.942856,15.955451,13.085282,10.116969,10.730452,6.797272,11.147866,11.511754,12.6014185,16.715658,16.178467,15.372262,20.924025,21.368254,21.269415,20.970407,16.920353,19.88829,18.099504,23.116537,18.175566,22.369316,22.537392,21.711441,20.477646,15.212489,16.47797,14.131699,14.401488,12.743402,13.152067,13.280191,9.760584,15.205686,14.290939,18.566053,19.755281,17.949059,23.455694,21.469063,25.316252,28.092793,23.719885,21.006065,16.54347,18.195496,12.410937,12.369401,10.811606,10.273618,13.02707,16.197859,18.999266,21.739103,20.797607,22.053928,17.317333,19.14495,21.88098,19.142836,23.542711,20.062468,24.995543,28.762259,26.174099,22.772375,23.115574,16.92404,17.92556,13.699405,14.992439
5,15.576916,12.800589,9.323291,6.591652,5.97551,0.0,6.8789086,7.2684903,11.014107,14.160058,16.571373,22.132051,19.564333,17.109049,14.48845,10.44315,7.9648476,4.6864676,3.3114586,2.2423701,6.861279,9.276166,12.128351,15.729158,17.293499,17.300001,13.933246,12.692547,9.036363,10.4728155,8.185029,12.315154,14.351714,17.11832,19.228832,21.655987,24.41827,24.441732,21.045412,18.724594,17.701942,15.258509,14.114118,11.485968,14.233151,12.387897,16.39133,17.379957,18.422838,22.690495,21.98224,20.850773,26.629213,26.96907,26.328176,25.69861,21.260616,23.433353,20.882364,25.367088,19.214727,22.832779,22.998297,21.484236,21.995247,16.309042,17.497093,16.363821,14.826027,13.907327,11.847348,10.287297,8.066997,11.761089,11.311885,15.355689,16.730034,16.131521,21.403198,20.409521,24.428303,27.743069,23.802198,21.620863,17.040699,20.118359,14.29645,16.05864,15.1147785,15.64245,18.215149,21.629147,24.142576,26.599974,24.907578,25.59065,20.433237,21.294935,23.712427,20.01013,24.091284,19.5871,23.992208,27.686163,24.138813,20.82463,20.093525,14.447367,14.077061,9.969858,9.878287
6,18.482021,14.812807,12.4038315,9.293894,5.697474,6.8789086,0.0,6.5770755,8.020375,12.506163,14.614709,19.327673,18.93613,17.26887,15.7969055,11.248852,11.513777,7.0502253,9.462062,7.744125,11.650471,13.214065,14.458713,18.19739,18.20852,17.503265,12.948045,12.162535,8.267747,10.948289,7.448786,13.9578085,14.882476,19.469236,20.351246,23.540602,25.342516,24.387781,20.740986,17.570013,17.151903,12.842752,12.173501,7.7785335,11.631844,8.630481,13.402299,15.14254,16.133053,19.3157,17.316738,17.06631,22.265102,21.690065,20.607063,19.50628,14.822153,17.032705,14.831839,19.834972,14.0627985,18.492983,19.504854,19.175009,19.231201,13.67019,16.760487,15.716142,16.07265,16.40906,14.932705,13.988366,8.388688,13.42513,10.770938,14.935553,15.276968,12.692925,18.23513,15.854718,19.73295,22.524246,18.254349,15.601722,11.045251,13.432999,7.723589,9.387079,9.432445,10.890348,13.982658,17.522633,19.069983,21.037102,19.73617,19.431036,14.064851,15.370303,17.332718,14.113958,18.298475,14.457428,19.335657,23.067497,20.554731,17.159716,17.9638,11.602509,13.43468,9.688865,12.224043
7,22.242361,19.24374,15.575631,13.123753,10.6439705,7.2684903,6.5770755,0.0,4.8983383,6.9993734,9.877906,14.9961605,13.036071,11.315709,9.224002,5.0212708,6.1124287,3.4602623,8.377199,9.388613,13.871535,16.38322,18.536833,22.447598,23.3682,22.806286,18.87667,17.304329,13.000578,14.079122,9.469265,14.6177435,12.924282,17.310713,17.438103,20.045174,22.551964,21.938648,19.354578,16.4666,17.595371,13.626611,15.367888,11.577772,16.925135,15.151893,19.704575,21.47405,22.253195,25.789278,23.757692,22.819582,28.276924,27.75828,25.99112,24.63746,19.857452,20.812786,17.737833,21.634682,14.633892,17.979382,19.038078,17.999067,20.298864,14.61181,17.745941,18.159159,16.944687,18.422031,14.635474,12.065654,7.349463,9.450471,6.177578,9.923792,10.139274,9.1295395,14.313634,13.499197,17.504208,21.034832,17.456848,15.873268,11.610034,15.86539,11.285429,14.638369,15.441887,17.4056,20.341824,23.957544,25.240574,26.87048,25.07199,23.947048,18.394144,18.593643,19.650928,15.444877,18.762627,13.528276,17.397474,20.770273,17.010284,13.807354,12.911552,7.224705,7.3072524,3.4629664,5.963796
8,25.733908,22.255047,19.354574,16.075027,13.225983,11.014107,8.020375,4.8983383,0.0,5.946647,6.655431,11.85289,11.562103,10.033899,10.630899,6.068319,9.372826,7.1301665,11.728312,12.813178,16.762276,19.427525,20.538498,24.733374,25.158392,23.977543,20.558092,18.036964,13.7695,14.283088,9.222981,14.275761,11.004048,16.433882,15.444518,18.507998,20.182528,18.906216,16.425192,13.139314,15.229805,10.453059,13.797272,10.011468,16.393156,15.916425,19.907343,22.819035,24.000813,26.652237,23.907288,24.238022,28.990623,27.562258,25.785145,23.897253,19.001194,19.94619,17.334612,21.391048,14.554243,18.257153,20.312302,20.13271,22.6332,17.24109,21.311836,21.72327,21.218752,22.749252,19.35623,16.919554,11.664778,13.670056,9.370735,12.173523,10.775455,7.9469285,12.8797655,10.554221,14.562585,17.712269,14.412137,12.435113,8.40552,12.841528,8.840225,13.263805,14.429959,17.344803,19.865402,23.4975,24.003355,25.076784,22.77868,20.936472,15.53472,14.916921,15.727207,11.18695,14.313422,9.106158,13.08451,16.934944,13.488283,10.0403185,11.209924,4.88798,7.3780217,6.287413,9.253794
9,29.148754,26.188032,22.391829,20.108084,17.422009,14.160058,12.506163,6.9993734,5.946647,0.0,4.6673994,8.398102,6.7847133,6.7993455,6.444857,5.5107956,9.564694,9.780648,14.620922,16.32027,20.658031,23.342073,25.294968,29.331459,30.117496,29.284763,25.392418,23.503393,19.164772,19.688663,14.672668,19.01405,14.573022,19.27254,17.563705,19.787544,22.00343,20.981274,19.754433,16.90678,19.990282,15.703176,19.613018,15.946592,22.22936,20.948837,25.393644,27.58915,28.229794,31.262413,28.503706,27.722483,32.74784,31.637266,29.077784,27.192822,22.501532,22.188122,18.87435,21.555035,14.371676,16.568693,18.49979,17.889559,22.076475,17.17607,21.2286,22.81943,21.59621,24.31637,19.619574,16.582209,12.259332,11.620692,7.2391143,7.9163866,5.5965405,5.038891,8.513748,8.884316,12.445717,16.3064,13.85547,13.602244,10.812838,15.8899555,13.663812,17.863598,19.769304,22.490267,25.355064,28.924603,29.313288,30.219887,28.270418,25.718891,20.355719,19.671131,19.184689,14.776838,16.488222,10.701828,12.746646,15.31971,10.803689,8.16014,5.994058,2.4701242,2.1370203,4.845028,7.5813413
10,31.887928,28.617704,25.36359,22.307943,19.715298,16.571373,14.614709,9.877906,6.655431,4.6673994,0.0,6.239264,5.819271,5.3618712,8.932832,7.280654,11.769757,12.001518,16.493065,18.564234,22.396645,25.378338,26.6129,30.883049,31.556623,30.278175,27.189415,24.264902,20.023808,19.772305,14.828082,18.206558,12.440031,17.340364,14.629893,16.959982,18.518965,17.105968,16.388657,13.657345,17.65693,13.625881,18.713335,15.745596,22.373108,22.512077,26.313704,29.450918,30.573792,33.09976,30.06379,30.363008,34.95128,33.225533,30.96989,28.762007,24.02052,24.021261,21.233597,24.1621,17.325005,19.79758,22.296082,22.140509,26.193542,21.320719,25.60637,26.89032,25.888582,28.14369,23.772297,20.696192,16.330276,16.102509,11.817093,12.425953,9.618807,8.05416,10.245062,9.195459,12.346353,15.643321,13.96179,13.398369,11.234899,15.996439,14.101963,18.816708,20.46253,23.693783,26.039566,29.614109,29.621464,30.19544,27.58513,24.845753,19.891844,18.288443,17.89433,13.288333,14.493497,9.065293,10.304573,13.435692,8.721723,5.996549,6.675573,4.6783566,5.81154,8.830742,10.708575
11,37.0919,33.832893,30.421696,27.739199,24.778751,22.132051,19.327673,14.9961605,11.85289,8.398102,6.239264,0.0,6.712042,9.267742,12.539063,12.902188,17.308882,17.672665,22.404005,24.183256,28.274668,31.064901,32.35842,36.5742,36.96165,35.653004,32.076138,29.644556,25.48174,25.557735,20.58625,24.223888,18.188446,22.9938,19.583982,21.553629,22.564468,20.745346,20.893442,18.276382,22.845036,18.555696,23.93536,20.732449,27.333782,26.940088,30.8654,33.8261,34.611595,36.764503,33.242554,33.36194,37.523754,35.49002,32.543182,30.06579,25.732983,24.60681,21.854094,23.516407,17.476336,18.780334,21.832119,22.283407,27.119867,23.179644,27.974108,29.92943,29.242905,32.38384,27.733213,24.767843,20.233055,19.312454,14.951861,14.042023,10.349763,8.899158,7.361476,7.247721,8.3902025,11.411309,11.460523,12.589517,12.577697,16.854357,17.283318,21.703957,24.22478,27.619585,30.07211,33.441498,32.77787,32.7937,30.591196,26.699629,22.205214,20.47195,18.443521,14.661249,13.898919,9.431101,7.515961,8.589902,3.1977143,3.4342897,4.5871882,8.01065,9.459033,13.234884,15.497197
12,34.94905,32.152588,28.267523,25.882944,23.617939,19.564333,18.93613,13.036071,11.562103,6.7847133,5.819271,6.712042,0.0,3.875517,7.038735,9.224388,12.97098,14.936611,19.124838,21.720457,25.638266,28.688786,30.5866,34.72733,35.851406,34.88212,31.631193,29.005873,24.675209,24.340006,19.496748,22.242683,16.19499,19.857555,16.972506,18.148273,20.37817,19.586317,20.011253,18.001375,22.207912,18.935831,23.944632,21.107079,27.62,27.323307,31.438719,34.067085,34.89014,37.879932,35.039722,34.50043,39.440636,38.10201,35.46536,33.379585,28.74804,28.126019,24.882101,26.876554,20.009207,21.220505,23.279713,22.537304,27.719994,23.252186,27.053411,29.059755,27.295357,30.116045,24.857153,21.339705,18.323067,16.111712,12.834058,11.640906,8.912745,10.297014,10.147897,12.026277,14.196856,17.762138,17.020905,17.650517,16.073746,20.991476,19.500652,24.031498,25.834316,28.819412,31.397078,35.003696,35.188057,35.83454,33.372852,30.522896,25.53702,24.023754,23.18672,18.77208,19.295576,14.015696,13.730644,15.296796,9.899163,9.00225,5.379085,8.354471,6.195837,10.644521,11.073663
13,32.646683,29.831131,26.169064,23.438395,21.541267,17.109049,17.26887,11.315709,10.033899,6.7993455,5.3618712,9.267742,3.875517,0.0,6.0451565,6.728952,10.258794,12.476828,16.203175,19.162388,22.713003,25.95101,27.686682,31.864885,33.191746,32.17577,29.47358,26.34699,22.070566,21.311598,16.693506,18.770449,12.737104,16.083418,13.516787,14.734961,17.314297,16.853048,16.988844,15.188813,19.070444,16.373337,21.205551,18.83217,25.195127,25.530333,29.365803,32.241474,33.36234,36.46406,33.906277,33.68838,38.750523,37.481247,35.334137,33.35676,28.555298,28.620308,25.516727,28.224594,21.114563,23.01863,24.893261,23.940538,28.529821,23.564537,27.037134,28.533737,26.604387,28.708345,23.722616,20.12867,17.3773,15.69394,12.653825,12.565674,10.551322,11.493849,12.958161,13.804433,16.628098,20.139158,18.82389,18.636242,16.281387,21.162762,18.58225,23.185757,24.366688,27.263235,29.623316,33.298306,33.81447,34.710564,31.906397,29.730007,24.702492,23.117207,23.160519,18.48161,19.765432,14.424507,15.138333,17.628706,12.373107,10.617591,8.415335,8.503161,6.026473,9.585748,9.191909
14,29.336283,27.066576,22.70843,21.049746,19.351107,14.48845,15.7969055,9.224002,10.630899,6.444857,8.932832,12.539063,7.038735,6.0451565,0.0,5.52519,7.288337,10.367456,13.955324,16.673342,20.633202,23.521866,26.220816,30.03864,31.646019,31.223324,27.753574,25.788864,21.488375,21.509699,17.002968,19.930569,15.665446,18.649803,17.524143,18.640467,21.936972,21.913553,21.309872,19.313679,22.096487,19.152864,22.652391,19.668795,25.498417,24.365986,28.812538,30.54792,31.12827,34.901604,32.821297,31.325148,36.91438,36.45046,34.07994,32.5422,27.859333,27.69205,24.10109,26.485762,19.260128,20.672136,21.60832,19.848896,24.538216,19.655972,22.330158,24.166574,21.62551,24.124413,18.58412,14.8263235,13.184089,10.188989,8.40057,7.9589496,7.6834536,10.657089,12.735087,14.930432,18.027151,22.017996,19.988625,20.030043,17.11004,22.145407,19.120474,23.091272,24.359873,26.587599,29.449717,33.096333,34.140484,35.462376,33.33278,31.483479,26.047832,25.374605,25.43411,20.885044,22.723932,16.965532,18.506315,20.651657,15.548401,13.633185,9.378234,8.893927,4.3439274,6.4348736,4.757546
15,25.95967,23.16794,19.44835,16.835459,15.001119,10.44315,11.248852,5.0212708,6.068319,5.5107956,7.280654,12.902188,9.224388,6.728952,5.52519,0.0,4.5037827,5.8127375,9.943608,12.557904,16.427835,19.480785,21.546532,25.601568,26.950493,26.227243,23.144384,20.595901,16.269344,16.156443,11.526893,14.838533,11.097469,14.936824,14.309276,16.353762,19.243822,18.937744,17.303242,14.933693,17.109304,13.957749,17.134396,14.234657,20.088324,19.617065,23.727654,26.041569,27.064716,30.54587,28.453861,27.830011,33.213814,32.462456,30.65895,29.083282,24.238234,24.92963,21.793097,25.23543,17.997627,20.699715,21.991112,20.747143,24.173069,18.702717,21.709763,22.591534,20.719206,22.27081,17.761173,14.434572,11.351807,11.040192,8.149018,10.197277,9.687015,9.993742,13.961359,13.99323,17.750706,21.444723,18.718605,17.64796,13.979144,18.713745,14.675923,18.731236,19.459423,21.798464,24.389202,28.078451,29.19923,30.621016,28.217001,26.873522,21.480898,20.804379,21.690048,17.053324,19.714857,14.162419,16.941633,20.159569,15.547977,12.68731,10.984827,6.9903884,4.873706,4.3411536,4.110611
16,22.915672,20.604578,16.62941,14.492646,13.575631,7.9648476,11.513777,6.1124287,9.372826,9.564694,11.769757,17.308882,12.97098,10.258794,7.288337,4.5037827,0.0,4.559769,6.7522836,9.949607,13.481672,16.535313,19.226313,22.99184,24.890434,24.591955,21.741705,19.47979,15.394038,15.276871,11.516648,14.116873,12.248125,14.730742,15.510226,17.133745,20.603895,20.941278,18.988777,17.061531,18.075008,15.83868,17.631287,15.172658,20.012226,19.294615,23.341597,25.050167,26.016148,30.057444,28.665464,27.51506,33.270275,33.132633,31.690302,30.522547,25.774109,26.862398,23.68643,27.28447,20.180387,22.84655,23.409306,21.561472,24.427492,18.84608,20.712175,21.221655,18.67899,19.486881,15.012408,11.564086,10.29134,9.888062,9.017119,11.539979,12.405009,13.475143,17.63375,18.022655,21.84147,25.599176,22.580238,21.340569,17.301075,21.726517,16.916626,20.32032,20.397404,22.045164,24.624737,28.257273,30.048279,31.93357,29.649513,29.146742,23.745169,23.498056,24.98456,20.488659,23.614412,18.20311,21.338472,24.578804,19.994463,17.144245,14.961031,11.061454,8.5252495,6.2682943,3.294556
17,20.245617,17.36357,13.839191,11.026826,9.43968,4.6864676,7.0502253,3.4602623,7.1301665,9.780648,12.001518,17.672665,14.936611,12.476828,10.367456,5.8127375,4.559769,0.0,4.985526,6.7906084,10.932865,13.781334,16.036795,19.970602,21.332897,20.866562,17.63021,15.542362,11.323481,11.926979,7.8950386,12.210201,11.664885,15.231678,16.262962,18.713457,21.49869,21.318834,18.473764,15.982024,16.291214,13.281943,14.1916275,11.173114,15.857937,14.788293,18.930977,20.766827,21.852999,25.658401,24.158686,23.39984,28.985569,28.706356,27.502094,26.368135,21.624075,23.183237,20.3383,24.52547,17.721012,21.14946,21.895216,20.553621,22.379572,16.596073,18.876438,18.72533,17.102291,17.532257,14.129806,11.5392885,8.265198,10.516188,8.680152,12.404302,13.073922,12.543119,17.60092,16.787123,20.813251,24.281412,20.720533,18.856464,14.44473,18.334982,12.997009,16.030073,15.906431,17.4867,20.113527,23.74137,25.537144,27.494793,25.406698,25.12049,19.726809,19.893047,21.72884,17.520056,21.171625,16.172628,20.143642,23.763199,19.86047,16.617504,15.75316,10.292698,9.678026,6.0757813,6.2265463
18,17.023834,14.519944,11.391797,8.430478,8.780635,3.3114586,9.462062,8.377199,11.728312,14.620922,16.493065,22.404005,19.124838,16.203175,13.955324,9.943608,6.7522836,4.985526,0.0,4.0709944,6.742906,9.958435,12.563719,16.268766,18.355078,18.226048,16.013372,13.653888,10.116685,10.215298,8.245219,10.613212,12.616142,14.498185,17.010303,19.1048,22.138994,22.550888,19.362013,17.507938,16.418097,14.904312,14.127668,12.392828,15.30082,14.86175,18.25627,19.781792,21.1498,25.324295,24.713009,23.990019,29.6676,29.86667,29.403812,28.665699,24.135565,26.36614,23.812658,28.26528,21.839306,25.335941,25.617458,23.946043,24.970913,19.26766,20.336435,19.372065,17.35368,16.161783,13.782165,11.676895,10.606367,13.053831,12.785435,16.456879,17.676569,17.493755,22.528845,21.723154,25.763044,29.156338,25.496397,23.35548,18.82026,22.168577,16.245207,18.508657,17.296507,18.065218,20.233751,23.682896,26.233362,28.660675,26.45042,27.324875,22.266527,22.621016,25.27643,21.287172,25.279938,20.649603,24.780052,28.582561,24.668972,21.406502,20.537292,15.245546,14.264112,10.752395,9.510397
19,13.655531,10.798388,7.802159,4.5594854,5.0566998,2.2423701,7.744125,9.388613,12.813178,16.32027,18.564234,24.183256,21.720457,19.162388,16.673342,12.557904,9.949607,6.7906084,4.0709944,0.0,4.785273,7.052182,9.985873,13.498703,15.176409,15.325259,12.241503,11.104282,7.9233513,9.552674,8.397502,12.046642,15.220491,17.60642,20.164576,22.60765,25.262197,25.359598,21.708088,19.516586,17.86256,15.822058,13.759017,11.595541,13.262817,11.516105,15.123099,15.92772,17.13819,21.484224,21.1752,20.196688,25.904558,26.417921,26.187958,25.75074,21.478914,24.037708,21.753456,26.423288,20.610268,24.366938,24.41866,22.943602,22.876572,17.322048,18.101122,16.422583,15.088866,13.284126,12.242558,11.275836,9.571228,13.583289,13.403154,17.479736,18.917822,18.155155,23.497396,22.277912,26.293863,29.487589,25.444496,23.055834,18.450975,21.119389,15.109172,16.358002,14.883922,14.947457,17.285738,20.564632,23.411644,26.08151,24.4387,25.667587,20.738348,21.785988,24.567,21.08942,25.345417,21.13671,25.701157,29.506262,26.112862,22.748217,22.267836,16.494043,16.294327,12.192419,12.044904
20,11.619858,9.00739,8.040877,4.4495144,7.5723433,6.861279,11.650471,13.871535,16.762276,20.658031,22.396645,28.274668,25.638266,22.713003,20.633202,16.427835,13.481672,10.932865,6.742906,4.785273,0.0,3.6373315,6.2346992,9.568986,12.056629,12.413587,11.322895,9.435377,7.9070516,8.629551,10.033143,11.370271,16.521313,17.64102,21.151245,23.390106,25.903402,26.340479,22.4043,20.766033,17.9429,17.262745,13.830343,13.2324915,12.886179,12.608697,14.666163,15.533944,17.30483,21.5225,22.039516,21.7158,27.045578,27.738987,28.374681,28.191374,24.21043,27.399355,25.566689,30.482828,25.035852,28.941744,28.912468,27.424538,26.796848,21.471657,21.614504,19.258278,18.00632,14.694306,15.131608,14.709553,14.145919,17.950087,18.132492,22.133583,23.57183,22.7576,28.118397,26.636574,30.669117,33.71306,29.669231,26.978558,22.381819,24.564041,18.304588,19.056868,16.600853,16.042273,17.50528,20.4217,23.851284,26.835466,24.94568,27.284067,22.91595,23.930767,27.432775,24.191154,28.64034,24.8604,29.510582,33.55628,30.214851,26.795963,26.647581,20.827782,20.595394,16.725298,16.071152
21,8.108592,5.6284103,6.057672,4.07667,8.000686,9.276166,13.214065,16.38322,19.427525,23.342073,25.378338,31.064901,28.688786,25.95101,23.521866,19.480785,16.535313,13.781334,9.958435,7.052182,3.6373315,0.0,4.9288893,6.915206,9.515277,10.719239,9.332912,9.3856125,9.184941,10.818622,12.780959,14.45116,19.955414,21.131033,24.69564,26.982279,29.39271,29.755184,25.659832,23.93385,20.832487,20.007174,15.870953,15.207847,13.539042,12.186514,13.848508,13.449002,14.978411,19.445726,20.684738,19.94248,25.182241,26.418882,27.401922,27.626554,24.081446,27.460697,25.871788,30.75077,25.925613,29.800789,29.441858,27.969433,26.476812,21.557463,21.045204,18.074568,17.2331,13.005551,14.970594,15.49895,15.280466,19.505987,20.065891,24.117735,25.814995,24.911016,30.329945,28.797974,32.766182,35.708263,31.465904,28.72058,24.179924,25.882778,19.801764,19.68803,17.045694,15.624723,16.991787,19.457783,23.295736,26.535553,25.230156,27.995716,23.907982,25.435709,28.963295,26.136316,30.665037,27.150063,31.970366,35.941093,32.8609,29.431105,29.28988,23.379917,23.344877,19.212986,18.83964
22,10.58318,7.3963466,10.193507,6.7815166,9.73557,12.128351,14.458713,18.536833,20.538498,25.294968,26.6129,32.35842,30.5866,27.686682,26.220816,21.546532,19.226313,16.036795,12.563719,9.985873,6.2346992,4.9288893,0.0,4.4183555,6.2252345,6.383376,7.9391375,5.861914,7.6990366,8.733156,12.37662,13.088624,19.610472,20.69532,24.38376,26.933826,28.670366,28.831802,24.349636,22.787226,18.85403,18.648417,13.397233,13.95085,10.488935,11.310158,11.043614,12.090426,14.701835,18.040207,19.321619,20.346502,24.691494,25.310682,27.09492,27.205935,23.830585,27.869598,26.927145,32.233227,27.738066,32.06983,32.18402,31.206793,29.453999,24.544268,24.68701,21.463198,21.403858,17.264061,19.553411,19.983292,18.701376,23.33926,23.085802,27.28518,28.464193,26.82181,32.344456,30.01936,33.93841,36.50173,32.293514,29.096254,24.701456,25.71411,19.59193,19.146252,15.670389,14.159071,14.414782,16.596357,20.568794,23.855747,22.135366,25.765285,22.38019,23.777397,27.947235,25.52843,30.169218,27.397745,32.333492,36.589596,33.90715,30.404652,31.230825,24.993519,25.599272,21.738853,21.758638
23,8.713349,6.926534,11.255796,9.738149,12.965297,15.729158,18.19739,22.447598,24.733374,29.331459,30.883049,36.5742,34.72733,31.864885,30.03864,25.601568,22.99184,19.970602,16.268766,13.498703,9.568986,6.915206,4.4183555,0.0,4.1306453,6.228078,8.905983,9.187114,11.844418,13.030558,16.776634,17.214745,23.929605,24.614603,28.540386,30.925882,32.697987,32.99212,28.500992,27.081629,22.922972,22.950722,17.430487,18.099878,13.839204,13.916495,12.892004,12.351467,14.626435,17.920462,20.259127,20.904366,24.875023,26.146538,28.424273,28.996164,26.165823,30.315437,29.58668,34.754665,30.787926,34.98527,34.741875,33.662792,31.237597,26.779083,26.153708,22.479181,22.578508,17.627123,21.095932,22.169249,21.629217,26.258257,26.518494,30.682661,32.151634,30.656721,36.182076,33.96812,37.848656,40.38112,36.0613,32.876854,28.54017,29.254593,23.346895,22.288387,18.749132,16.49358,16.417158,17.803215,22.16924,25.664696,24.500633,28.647436,25.67324,27.404545,31.588303,29.480164,34.131317,31.510918,36.508022,40.700424,38.104347,34.607407,35.26764,29.06125,29.569435,25.540174,25.447786
24,10.268668,7.732007,12.72412,10.984507,13.26388,17.293499,18.20852,23.3682,25.158392,30.117496,31.556623,36.96165,35.851406,33.191746,31.646019,26.950493,24.890434,21.332897,18.355078,15.176409,12.056629,9.515277,6.2252345,4.1306453,0.0,3.3408525,6.7171445,8.172614,11.739884,13.55847,17.307562,18.49333,25.06939,26.436579,29.985716,32.723183,34.07844,33.971966,29.264748,27.566002,23.360514,22.91081,17.00208,17.567923,12.292962,12.136913,9.976149,9.271444,11.991846,14.40416,16.951738,18.47642,21.71222,22.780832,25.555431,26.236128,23.827793,28.290487,28.094559,33.36963,30.067627,34.458122,34.398853,33.767235,30.80172,26.633371,26.39828,22.482473,23.475363,18.852093,22.718464,24.039488,22.54762,27.709787,27.474474,31.728529,32.961594,30.895517,36.435905,33.734295,37.456886,39.654434,35.26573,31.889849,27.80042,27.804071,22.292717,20.510422,16.769573,14.036354,13.416864,14.232857,18.72031,22.281736,21.551334,26.041542,23.612055,25.683947,29.912548,28.381262,33.003365,30.985847,36.083702,40.258858,38.173824,34.68536,35.90879,29.515074,30.628973,26.603588,27.144274
25,13.201026,10.026039,14.441338,11.557762,13.267202,17.300001,17.503265,22.806286,23.977543,29.284763,30.278175,35.653004,34.88212,32.17577,31.223324,26.227243,24.591955,20.866562,18.226048,15.325259,12.413587,10.719239,6.383376,6.228078,3.3408525,0.0,7.021744,6.08213,10.259482,11.671547,15.752111,16.683155,23.276014,24.80943,28.171879,31.072445,32.0486,31.752554,26.942957,25.26809,20.886843,20.586025,14.434398,15.534028,9.692694,11.214214,8.063604,9.509324,12.905617,14.456583,16.275883,19.043669,21.908705,22.18136,25.091211,25.429266,22.858664,27.54085,27.5621,33.056416,29.65858,34.28354,34.631084,34.266655,31.60081,27.218483,27.664328,23.95994,25.087994,20.952974,24.22082,25.147295,22.95337,28.207071,27.41022,31.698206,32.559525,30.120445,35.643982,32.544655,36.219482,38.22356,33.950188,30.382631,26.409885,26.19046,20.699902,19.056297,14.998872,12.674788,11.411544,12.364158,16.659344,20.100212,18.826595,23.575932,21.429384,23.248419,27.756065,26.344519,30.94544,29.282513,34.340206,38.641384,36.737545,33.25278,34.995747,28.522097,29.953503,26.177593,26.924408
26,10.698141,6.6478524,9.990188,8.064832,8.463923,13.933246,12.948045,18.87667,20.558092,25.392418,27.189415,32.076138,31.631193,29.47358,27.753574,23.144384,21.741705,17.63021,16.013372,12.241503,11.322895,9.332912,7.9391375,8.905983,6.7171445,7.021744,0.0,6.831789,8.747159,12.294421,14.315959,17.860302,23.09182,25.861748,28.546745,31.655222,33.054832,32.4669,27.850744,25.42567,22.21671,20.119455,15.00402,13.782259,9.663071,5.97936,6.081461,4.298453,7.012555,10.344337,11.737914,12.680461,16.752441,17.632631,19.572697,20.098043,17.427095,21.68832,21.400713,26.656208,23.578098,27.995163,28.051268,27.757868,24.682453,20.563753,21.036049,17.295269,19.043612,15.645313,19.00028,20.37326,17.56909,23.221916,22.480284,26.713078,27.812206,25.389416,30.849663,28.068516,31.639107,33.755283,29.250443,26.007853,22.04209,21.88288,16.736359,14.475729,11.309141,8.2345495,9.116611,10.788354,14.904219,18.372463,18.30622,21.585308,18.516052,21.11427,24.67506,23.281984,27.806126,25.759415,30.902498,34.808655,33.042034,29.631758,30.907955,24.528131,26.127302,22.03345,23.410404
27,14.760717,10.640195,13.002112,8.493317,9.065872,12.692547,12.162535,17.304329,18.036964,23.503393,24.264902,29.644556,29.005873,26.34699,25.788864,20.595901,19.47979,15.542362,13.653888,11.104282,9.435377,9.3856125,5.861914,9.187114,8.172614,6.08213,6.831789,0.0,4.363833,6.2317452,9.793467,11.797507,17.698214,20.057133,22.898424,26.04003,27.036201,26.508144,21.74815,19.708906,15.85844,14.796832,8.985018,9.544478,4.7003136,7.592685,6.3492656,10.188484,13.516087,15.544217,15.627714,18.38665,22.045967,21.54643,23.430584,23.092161,19.618818,24.014029,23.605293,29.225002,25.05331,29.79422,30.565903,30.292818,28.568064,23.648533,25.037775,22.017532,22.861893,19.829458,21.60323,21.771479,18.654907,23.815166,22.366331,26.624228,27.121822,24.509096,29.999743,26.81484,30.548082,32.64927,28.494017,24.947964,20.847673,21.126099,15.243179,14.532793,10.589619,9.596331,9.280837,11.91345,15.384047,18.448828,16.361172,20.002794,16.922623,18.318111,22.746136,20.788145,25.42953,23.434563,28.447653,32.805447,30.75504,27.264675,29.155987,22.67916,24.273294,20.747551,21.744608
28,15.740507,11.576321,12.0246105,6.926871,6.33543,9.036363,8.267747,13.000578,13.7695,19.164772,20.023808,25.48174,24.675209,22.070566,21.488375,16.269344,15.394038,11.323481,10.116685,7.9233513,7.9070516,9.184941,7.6990366,11.844418,11.739884,10.259482,8.747159,4.363833,0.0,4.200604,5.7799296,9.565885,14.367981,17.427158,19.833614,23.045889,24.351004,23.76407,19.229977,16.851412,13.876162,11.888808,7.359655,6.3494487,5.3748503,7.056254,8.613464,12.162645,14.831244,17.46575,16.68701,18.590899,22.956163,22.306702,23.207985,22.49743,18.39908,22.22671,21.22131,26.737646,21.838425,26.500303,27.417767,27.036282,26.10564,20.819387,22.69696,20.302834,20.716324,18.563942,19.106167,18.69169,15.103851,20.036842,18.28023,22.494074,22.876049,20.378052,25.866957,22.911224,26.755054,29.113888,25.016914,21.66883,17.345291,18.413319,12.158059,12.547159,9.384426,9.643428,10.668982,14.036161,16.778276,19.452108,17.17323,19.48963,15.434128,16.49648,20.482855,17.848616,22.481995,19.824284,24.793596,29.112274,26.741117,23.235,24.864408,18.417934,19.913925,16.454998,17.54918
29,18.279703,14.449378,14.913573,9.694044,9.886193,10.4728155,10.948289,14.079122,14.283088,19.688663,19.772305,25.557735,24.340006,21.311598,21.509699,16.156443,15.276871,11.926979,10.215298,9.552674,8.629551,10.818622,8.733156,13.030558,13.55847,11.671547,12.294421,6.2317452,4.200604,0.0,5.066793,5.6826816,11.61785,13.884794,16.703205,19.809067,20.931564,20.589083,15.9697485,14.140269,10.443309,10.019005,5.369905,6.870462,6.6965156,11.087545,11.570731,15.844475,18.778404,21.11947,20.328773,22.746624,26.890144,25.91867,26.956133,26.014717,21.806744,25.569674,24.524708,30.011135,24.686394,29.297438,30.452711,29.96295,29.674173,24.189135,26.152838,24.017584,23.903149,21.659525,21.66681,20.690186,17.58291,21.787209,19.93468,23.947134,24.0483,21.742678,27.043392,24.083738,27.946428,30.312595,26.569662,23.207941,18.979038,20.388083,14.141383,15.458326,12.302432,13.20788,13.486441,16.709927,19.189129,21.603653,18.39125,20.90225,17.146414,17.266876,21.621649,18.639961,23.132046,20.47929,25.133371,29.655981,26.99711,23.530457,25.344086,19.142862,20.314617,17.421034,17.88929
30,20.161774,16.325834,15.221777,10.344277,8.976262,8.185029,7.448786,9.469265,9.222981,14.672668,14.828082,20.58625,19.496748,16.693506,17.002968,11.526893,11.516648,7.8950386,8.245219,8.397502,10.033143,12.780959,12.37662,16.776634,17.307562,15.752111,14.315959,9.793467,5.7799296,5.066793,0.0,6.651811,8.957983,12.972118,14.584524,17.921167,19.336576,18.659752,14.478566,11.873281,10.187395,7.5088077,6.327482,4.5614686,8.955917,11.260981,13.60187,17.4925,19.800117,22.395847,20.764322,22.452238,26.997866,25.826124,25.858067,24.54709,19.903679,22.907423,21.333868,26.55116,20.660767,25.116907,26.527296,26.09355,26.642479,21.002203,23.674776,22.318012,22.02175,21.035646,19.759743,18.197142,14.231351,18.050709,15.534251,19.387907,19.173344,16.79307,22.025448,19.212553,23.1318,25.711555,22.055725,18.966122,14.628215,16.88215,10.652844,13.232168,11.379298,13.341863,14.705634,18.335136,20.074293,22.041943,19.023012,19.932781,15.292556,15.121945,18.642284,14.999303,19.354074,15.97695,20.568333,24.986822,22.09626,18.61643,20.287037,14.084176,15.413084,12.754489,13.715922
31,22.46724,19.091688,18.75671,13.81687,14.127976,12.315154,13.9578085,14.6177435,14.275761,19.01405,18.206558,24.223888,22.242683,18.770449,19.930569,14.838533,14.116873,12.210201,10.613212,12.046642,11.370271,14.45116,13.088624,17.214745,18.49333,16.683155,17.860302,11.797507,9.565885,5.6826816,6.651811,0.0,7.35334,8.283425,11.568835,14.401394,15.634449,15.790571,11.473118,10.556881,6.944177,8.818882,7.365294,9.688831,11.728719,16.413723,17.11806,21.507458,24.339493,26.76621,25.724224,28.034967,32.323353,31.118027,31.802572,30.544014,26.060883,29.347815,27.9419,33.163063,27.149279,31.468077,32.86166,32.15179,32.956978,27.240938,29.397099,27.875076,27.00275,25.164244,24.031254,22.205215,19.65754,22.615524,20.672815,24.182444,23.933533,22.161875,26.98514,24.405033,28.215847,30.729738,27.553915,24.499435,20.467865,22.681372,16.740778,19.304152,16.782415,18.419163,18.70715,21.954426,23.9593,25.95436,22.06089,23.954962,20.180792,19.214277,23.325682,19.710531,23.727308,20.703205,24.667295,29.214703,25.997017,22.724226,24.363323,18.882277,19.367598,17.43213,17.032677
32,27.900806,24.490263,22.906815,18.359135,17.470757,14.351714,14.882476,12.924282,11.004048,14.573022,12.440031,18.188446,16.19499,12.737104,15.665446,11.097469,12.248125,11.664885,12.616142,15.220491,16.521313,19.955414,19.610472,23.929605,25.06939,23.276014,23.09182,17.698214,14.367981,11.61785,8.957983,7.35334,0.0,5.974135,5.676791,9.25447,10.541084,10.149729,6.9186063,5.46525,6.7656813,7.0102887,10.896799,11.410032,16.371794,20.082886,21.884243,26.348072,28.754284,31.121433,29.1298,31.127182,35.524677,33.82011,33.509457,31.699003,26.905207,29.185251,27.348204,31.968866,25.425165,29.260324,31.205051,30.653856,32.864006,27.17898,30.23575,29.769682,28.628435,28.2538,25.572247,22.888151,19.745712,21.36784,18.540253,21.147017,19.998096,18.388802,22.3035,20.004522,23.514387,26.06858,23.67706,21.21547,17.781372,20.91877,16.078087,20.07082,18.97414,21.703129,22.604233,26.112421,27.129946,28.403206,24.36567,24.420101,20.2743,18.29896,21.220228,16.918255,20.008028,16.476698,19.402567,23.744818,20.11467,17.19136,18.967169,14.614037,14.947886,14.708352,14.419116
33,29.213303,26.310932,24.997103,20.642267,20.817257,17.11832,19.469236,17.310713,16.433882,19.27254,17.340364,22.9938,19.857555,16.083418,18.649803,14.936824,14.730742,15.231678,14.498185,17.60642,17.64102,21.131033,20.69532,24.614603,26.436579,24.80943,25.861748,20.057133,17.427158,13.884794,12.972118,8.283425,5.974135,0.0,5.028218,6.449337,8.612521,10.186642,8.075392,9.339656,8.901946,12.12171,14.353404,16.113096,19.680782,24.012064,25.234406,29.556732,32.15673,34.787823,33.407253,35.346867,39.89091,38.50232,38.597572,37.0006,32.263535,34.79012,32.897957,37.549877,30.871534,34.555485,36.17669,35.195057,37.436367,31.659443,34.02097,33.37271,31.660786,30.583387,28.026646,25.25203,23.477047,24.562592,22.645859,25.088196,24.367443,23.583603,27.303438,25.598595,29.070555,31.735552,29.505354,27.165411,23.681639,26.826643,21.723158,25.390287,23.73768,25.971651,26.514015,29.85433,31.36792,32.909836,28.625656,29.505072,25.680162,23.728947,26.997679,22.816822,25.826399,22.364332,24.956522,29.12938,25.194231,22.518768,23.540466,19.798122,19.144724,18.892181,17.383293
34,32.740696,29.583534,27.888712,23.524376,22.928083,19.228832,20.351246,17.438103,15.444518,17.563705,14.629893,19.583982,16.972506,13.516787,17.524143,14.309276,15.510226,16.262962,17.010303,20.164576,21.151245,24.69564,24.38376,28.540386,29.985716,28.171879,28.546745,22.898424,19.833614,16.703205,14.584524,11.568835,5.676791,5.028218,0.0,3.8959064,5.2429543,6.0488324,5.6468544,7.0432086,9.575291,11.618646,15.863965,16.952307,21.645636,25.741608,27.319891,31.907701,34.37282,36.726284,34.722176,36.78982,41.17224,39.340134,38.96458,37.019962,32.2253,34.24627,32.31652,36.621735,29.923397,33.36368,35.42298,34.744076,37.619293,31.98211,35.008595,34.856205,33.304512,33.04761,29.899258,26.844427,24.359676,24.98581,22.369047,24.246716,22.82975,21.872658,24.856567,23.103222,26.186483,28.631578,27.001812,24.988329,22.115648,25.430397,21.228586,25.441446,24.484755,27.309097,28.02544,31.44626,32.301777,33.359413,28.98984,28.85934,25.085999,22.57274,25.135227,20.86804,23.139671,19.828735,21.580212,25.528625,21.652355,19.365774,20.83832,17.996847,17.604141,18.460564,17.445004
35,34.9925,32.13511,30.250807,26.154524,25.869902,21.655987,23.540602,20.045174,18.507998,19.787544,16.959982,21.553629,18.148273,14.734961,18.640467,16.353762,17.133745,18.713457,19.1048,22.60765,23.390106,26.982279,26.933826,30.925882,32.723183,31.072445,31.655222,26.04003,23.045889,19.809067,17.921167,14.401394,9.25447,6.449337,3.8959064,0.0,4.586445,7.211074,8.722846,10.795375,13.024486,15.503769,19.466688,20.644592,25.158106,29.17007,30.7939,35.193077,37.61198,40.200314,38.363625,40.16405,44.73615,43.06646,42.637974,40.735226,35.907,37.790585,35.672,39.787315,32.916714,36.065533,37.981018,37.038986,40.268616,34.642525,37.403656,37.424213,35.46057,35.189045,31.745993,28.48545,26.721893,26.676102,24.498367,25.987001,24.698124,24.407349,26.977022,25.837902,28.781534,31.341389,29.986176,28.278421,25.490534,29.043243,24.899906,29.156277,28.216213,30.92403,31.681301,35.102848,36.10194,37.22129,32.824123,32.743046,28.95825,26.428617,28.83176,24.510496,26.538198,23.065632,24.366518,27.989824,23.828691,21.866835,22.633528,20.581123,19.484777,20.669733,19.002037
