,0,1,2,3,4,5,6,7,8,9,10,11,12,13,14,15,16,17,18,19,20,21,22,23,24,25,26,27,28,29,30,31,32,33,34,35,36,37,38,39,40,41,42,43,44,45,46,47,48,49,50,51,52,53,54,55,56,57,58,59,60,61,62,63,64,65,66,67,68,69,70,71,72,73,74,75,76,77,78,79,80,81,82,83,84,85,86,87,88,89,90,91,92,93,94,95,96,97,98,99,100,101,102,103,104,105,106,107,108,109,110
0,0.0,4.3794074,6.48539,9.778812,12.224533,14.531112,17.619139,20.6897,24.318985,27.387762,29.811596,35.411316,31.165545,29.73785,24.718073,23.559832,19.521229,18.638998,15.433059,13.893165,13.321007,11.380056,15.88255,16.050531,18.897078,21.37583,19.48022,20.668945,20.522467,21.742989,22.87572,23.379974,27.401617,26.332111,30.612404,32.127007,34.769577,35.53265,32.211296,31.572027,29.81731,29.600311,28.042143,26.707264,27.344069,23.699406,27.586067,25.051624,24.52574,28.535769,30.525541,28.975079,32.402893,35.290928,37.049454,36.99865,34.264908,36.473736,36.162186,40.94853,35.869816,40.31551,39.33974,44.309338,42.49406,39.597183,43.15091,44.895824,42.784687,47.558487,42.928535,44.572662,39.623577,42.027435,38.76163,39.785316,39.7434,35.20996,39.801907,35.402622,38.068584,39.57968,34.894608,31.755844,28.749754,26.822617,23.23086,19.531536,16.533691,12.791731,11.287252,10.046559,13.904785,15.102867,18.207891,19.733936,22.608282,22.331192,26.268686,26.586351,31.147598,31.012903,35.874905,39.893238,38.96817,35.72874,37.8628,31.669937,34.16439,30.183289,32.249653
1,4.3794074,0.0,5.3679843,6.3712454,8.753818,12.164834,14.290369,18.249866,21.290083,25.069704,27.02371,32.77053,29.04842,27.34983,22.8082,20.821287,17.048527,15.399278,12.124068,9.932554,9.395521,7.397309,12.032339,12.773431,15.361606,17.613243,15.353351,16.430996,16.20503,17.655422,18.850721,19.743267,24.063236,23.530773,27.66636,29.541801,31.826708,32.295788,28.71088,27.87256,25.938066,25.527023,23.777357,22.388239,23.004547,19.450857,23.36128,21.2197,20.89933,24.952063,26.583687,25.161638,28.873877,31.551025,33.11658,32.929436,30.119656,32.189995,31.835772,36.63329,31.524345,35.999542,35.10669,40.095272,38.485474,35.53124,39.284576,41.18375,39.322876,44.189636,39.562626,41.071743,35.87692,38.437927,35.015114,36.23033,36.04622,31.478083,36.16415,31.730864,34.56145,36.156853,31.502823,28.173471,25.006117,23.303768,19.31591,15.984384,12.55939,9.084036,7.65086,7.7078753,12.238834,13.954405,16.292103,17.112741,20.119629,19.106657,23.31079,23.138454,27.835808,27.460384,32.36683,36.576736,35.43215,32.121048,34.44988,28.132774,30.705217,26.833412,29.019632
2,6.48539,5.3679843,0.0,5.2542663,6.8905225,8.428689,11.763384,14.239769,18.063513,20.907097,23.4691,28.992308,24.834179,23.578989,18.477758,17.453125,13.6167,12.837323,10.621318,9.589853,11.0308075,10.725328,15.41457,17.20639,19.658445,21.442986,18.431704,18.70005,17.296635,18.555517,18.371937,19.869781,22.586857,22.371939,26.0612,27.872025,30.696112,31.186762,28.169163,27.096199,26.242682,25.244465,24.855017,22.86478,24.912127,21.351078,25.769518,24.271563,23.376776,28.024775,29.293665,26.796335,31.182278,34.214703,35.016926,35.018074,31.45555,33.79025,32.79414,37.095394,31.944574,36.11991,34.86674,39.8026,37.68922,35.40948,38.808483,40.4487,38.125546,42.587082,37.624477,39.050568,34.304596,36.270153,33.10633,33.835682,33.96159,29.56274,34.159546,30.06762,32.779926,34.64321,29.892801,27.038794,23.747347,22.456503,18.615614,15.137265,12.705889,9.261335,10.001918,10.628286,14.552056,14.167757,16.78497,17.804554,19.507689,18.689638,22.020206,21.859526,26.539967,25.802692,30.79642,34.686764,33.47316,30.25772,31.877813,25.811138,28.143139,24.11591,26.228054
3,9.778812,6.3712454,5.2542663,0.0,3.7965229,6.3297267,8.913125,12.510412,15.254887,19.321838,20.856794,26.67716,23.054003,21.140032,16.98711,14.52372,10.878899,9.0809355,5.994476,4.50074,6.1994386,7.058406,11.246106,13.981594,16.262995,17.446255,14.708625,13.826416,12.25604,13.305089,13.376537,14.797783,18.082844,18.184673,21.8782,24.011902,26.37165,26.644981,23.308125,22.21155,21.059608,20.211441,19.683525,17.952122,20.090353,17.436863,21.621399,21.111778,20.884901,25.260899,25.825354,23.955675,28.686106,31.12566,31.71583,31.326952,27.75433,29.563826,28.462849,32.743774,27.237314,31.40193,30.057459,34.964508,32.88879,30.336384,33.833702,35.5887,33.510426,38.188297,33.392765,34.871204,29.860363,32.287846,29.058279,30.262383,30.388487,26.081852,31.04822,27.085402,30.211443,32.372314,27.684002,24.531898,20.751553,20.21957,15.326392,12.963655,9.687452,7.3934283,8.803108,11.185357,15.457366,16.009516,17.530441,17.493267,19.346552,17.25616,20.89889,19.680227,24.621809,23.174936,28.315859,32.53955,30.73066,27.349407,28.97196,22.635366,24.777464,20.741442,22.717962
4,12.224533,8.753818,6.8905225,3.7965229,0.0,5.9950385,5.5495996,10.259243,12.708293,16.94367,18.657883,24.379671,21.407108,19.804604,15.7679405,13.098592,10.311381,7.500194,6.6032853,4.257379,8.134407,9.189504,12.757395,15.729824,17.189724,18.176031,14.154214,13.891842,11.481793,13.329803,12.207182,15.359027,17.785622,19.129532,22.117926,24.68345,26.875902,26.693043,23.367569,21.668648,20.954832,19.053444,18.934704,16.35759,19.140293,15.70143,20.31083,19.891296,19.05646,23.838923,24.282385,21.508207,26.56915,29.334522,29.441847,29.321705,25.332378,27.569504,26.226944,30.326157,25.21218,29.33421,28.177107,33.162956,31.369965,29.300613,33.03088,34.921352,32.992065,37.4629,32.355877,33.390114,28.241844,30.248943,26.760916,27.661911,27.519604,23.016645,27.749756,23.633175,26.615587,28.700169,23.988228,20.929007,17.26795,16.633839,12.019325,9.422039,6.823662,5.041572,8.053036,10.977933,14.543374,14.297693,15.27711,14.925222,16.138681,13.86979,17.230047,15.999289,20.917114,19.569454,24.682812,28.84147,27.223991,23.89168,25.775198,19.493279,22.04525,18.235262,20.745878
5,14.531112,12.164834,8.428689,6.3297267,5.9950385,0.0,6.935008,7.0010414,10.56535,13.625571,15.479496,21.131765,16.93529,15.27957,10.703622,9.077223,5.243866,5.385206,5.316027,7.1715245,10.534524,12.789171,16.159258,19.581537,21.648104,22.21201,19.181683,17.132177,14.31496,14.683749,12.721758,14.7002945,15.197868,15.919272,18.696026,20.781153,23.73194,23.97536,21.541925,20.18153,20.668365,19.163767,20.68874,18.458673,22.385324,20.390657,24.719131,25.26146,24.691414,29.367249,29.301296,26.585302,31.981245,34.50794,34.150524,33.82339,29.484787,31.28982,29.358232,32.80309,27.20907,30.772617,28.847092,33.511257,30.67372,29.027021,31.89124,33.24392,30.579102,34.693996,29.550764,30.981197,26.65803,28.395477,25.659832,26.366571,27.068491,23.23977,28.210617,25.010883,28.126816,30.822298,26.171196,23.69246,19.62466,20.219097,15.388716,13.814224,12.1284275,10.984552,13.908793,16.447098,20.13064,19.173471,20.541092,20.394518,20.720715,18.502539,20.825712,19.115726,23.881304,21.509539,26.674444,30.49059,28.233597,24.987654,25.338322,19.39999,20.831808,16.524832,18.11007
6,17.619139,14.290369,11.763384,8.913125,5.5495996,6.935008,0.0,6.506169,7.675429,12.351897,13.816491,19.382029,17.348925,15.997197,12.750505,9.588616,8.715803,5.060751,7.982908,7.0423274,11.703707,13.642059,16.0862,19.605179,20.365297,20.65437,16.010904,15.126425,11.523012,13.435567,10.218293,15.176956,15.590992,18.54742,20.30479,23.317812,25.315338,24.57555,21.62087,19.21433,19.618843,16.413664,17.752016,14.265129,18.617704,15.488634,20.158361,20.851984,19.660948,24.578884,24.262634,20.586124,26.284166,29.048908,28.108843,28.101698,23.373695,25.73042,23.657179,27.03562,22.177572,25.870071,24.57082,29.462612,27.616554,26.40582,30.06412,31.930916,30.01596,34.05744,28.597567,29.138134,24.087065,25.479568,21.913359,22.429733,22.262466,17.802595,22.478012,18.660688,21.698673,24.16226,19.48256,16.80728,12.840569,13.335192,8.672727,7.507804,7.2197304,8.049225,11.987053,15.225322,17.8543,16.634619,16.677813,15.637861,15.288819,12.314117,14.395259,12.2330675,17.06354,14.841382,20.027533,24.049217,22.085518,18.782503,20.282352,14.083909,16.715565,13.074075,16.04141
7,20.6897,18.249866,14.239769,12.510412,10.259243,7.0010414,6.506169,0.0,4.9401646,6.836596,9.460807,14.782817,11.4341545,10.723577,6.5467415,5.5951385,5.882344,6.0613766,10.215106,11.700873,15.978526,18.470806,21.136232,24.881882,26.156393,26.274446,22.25602,20.307816,16.538559,17.242357,13.253328,17.167732,14.939932,17.759895,18.667046,21.219748,23.989534,23.515928,21.78129,19.531393,21.525145,18.437267,21.58636,18.37388,23.686834,21.579947,26.003483,27.247353,26.048796,30.962051,30.369339,26.481276,32.340927,35.08122,33.63856,33.610596,28.542133,30.66444,27.998674,30.484207,25.534946,28.442741,26.414618,30.832373,27.937216,27.61107,30.274914,31.523146,28.805017,32.1443,26.448889,27.124834,23.22155,23.749254,21.097937,20.914984,21.714647,18.179354,22.695171,20.12799,22.966072,25.984724,21.543036,19.92186,16.03235,17.616873,13.789278,13.25168,13.714429,13.989005,17.823132,20.616024,23.326286,21.190767,21.766201,21.191822,19.86434,17.52541,18.150711,16.020359,20.145504,17.088497,21.945585,25.206652,22.786348,19.83002,19.29667,14.02313,15.265868,11.222212,13.290982
8,24.318985,21.290083,18.063513,15.254887,12.708293,10.56535,7.675429,4.9401646,0.0,6.1189933,6.161495,11.807049,10.50625,9.260399,8.193299,4.864552,7.960127,6.7944913,11.694342,12.990707,17.15517,19.97098,21.6483,25.661518,26.371197,25.920734,21.904589,19.429222,15.328002,15.934819,11.058082,15.893362,12.621816,16.938488,16.777258,19.87662,21.908241,20.778967,19.078865,16.259235,18.813948,14.885619,18.873783,15.421054,21.40838,20.1181,24.104342,26.329279,25.367168,29.93726,28.639284,24.862322,30.925694,33.22565,31.190102,30.991722,25.722387,27.49701,24.424366,26.348196,21.490946,23.998055,21.86039,26.145922,23.339369,23.46702,26.195196,27.565548,25.16985,28.381174,22.558865,22.81787,18.65384,19.079073,16.202978,16.14513,16.916822,13.535986,18.356443,16.24455,19.427164,22.860603,18.695446,17.192451,13.004011,15.924071,11.940251,13.223588,14.124876,15.690556,19.609058,22.89997,25.371275,23.616905,23.381369,22.08182,20.492504,17.333794,17.50876,14.282621,18.083555,13.996293,18.720024,22.073215,18.920254,15.906123,14.996261,9.544048,10.478241,6.3681145,8.989503
9,27.387762,25.069704,20.907097,19.321838,16.94367,13.625571,12.351897,6.836596,6.1189933,0.0,5.0266857,8.569916,6.2948995,7.561978,6.256296,7.623119,10.768327,11.733517,16.325293,18.077888,22.287216,25.008934,27.210592,31.14348,32.110943,31.851604,27.710331,25.443554,21.386604,21.813208,17.015585,21.135199,16.657228,20.426357,19.610567,22.073223,24.695047,23.79831,23.1896,20.594593,24.007753,20.231045,24.793196,21.386433,27.48409,25.93317,30.04088,31.99928,30.598413,35.410404,34.296158,29.893623,35.92112,38.582405,36.251186,36.33479,30.858223,32.89841,29.598873,30.887583,26.580835,28.484163,26.159302,29.915438,26.652935,27.736332,29.676579,30.525785,27.59164,29.839682,23.880938,23.914225,21.172289,20.191214,18.307741,16.988863,18.385061,16.031126,19.7135,18.654896,21.027409,24.480865,20.694162,20.308435,16.95014,19.67185,17.071795,17.65984,19.209478,20.154171,24.138187,26.96366,29.197231,26.480474,26.621824,25.821657,23.3987,21.149357,20.204912,17.784311,20.69974,16.884354,20.81754,23.085976,20.249702,17.950783,15.442015,12.092198,11.970936,8.945684,10.388282
10,29.811596,27.02371,23.4691,20.856794,18.657883,15.479496,13.816491,9.460807,6.161495,5.0266857,0.0,5.9164233,5.9260864,5.3861556,8.1078615,7.1015835,11.47235,12.08425,16.65297,18.68288,22.484882,25.582943,26.969551,31.131868,31.881903,31.101507,27.511702,24.357496,20.295198,20.165623,15.15346,19.002415,13.453389,18.030079,16.21757,18.950628,20.97334,19.658083,19.385324,16.628569,20.682226,16.824883,22.183897,19.153664,25.567444,25.287926,28.799334,31.71843,30.875422,35.21786,33.447315,29.707605,35.816162,37.832344,35.2064,34.903286,29.488605,30.82815,27.2508,28.022867,23.470282,24.853462,22.12525,25.547775,21.905252,23.291128,24.897728,25.651611,22.781902,24.93687,18.938908,18.925858,16.245789,15.382904,13.7929125,12.911437,14.901333,13.329907,17.533205,17.32358,20.193295,24.10975,20.696463,20.217522,16.493437,20.318914,17.101805,19.001556,20.197575,21.848103,25.761385,29.02831,31.463951,29.420256,29.150084,27.827164,25.703112,22.671555,21.92977,18.555769,21.360277,16.614374,20.352573,22.7961,18.945467,16.610188,13.217364,10.068842,8.331365,5.2261944,5.431703
11,35.411316,32.77053,28.992308,26.67716,24.379671,21.131765,19.382029,14.782817,11.807049,8.569916,5.9164233,0.0,6.755769,8.340507,12.297147,12.809202,17.08328,17.994022,22.546616,24.574884,28.38843,31.487123,32.77662,36.952976,37.551735,36.63955,32.94805,29.846424,25.777016,25.601135,20.533468,24.232561,17.951195,22.527561,19.731007,22.052185,23.803043,22.256437,22.971087,20.244915,24.952238,20.952745,26.781866,23.779646,30.29671,30.196972,33.473396,36.648632,35.6115,39.866043,37.86122,33.788513,39.841297,41.82944,38.63833,38.466537,32.922394,34.213234,30.319727,30.077343,26.370762,26.801996,24.006603,26.543745,22.769781,25.458654,26.258188,26.558336,23.647717,24.457289,18.56263,17.72201,16.802103,14.051972,13.804587,11.496914,14.168846,14.3969965,17.058857,18.515768,20.626757,24.6298,22.085224,22.652617,19.738401,23.859035,21.708408,23.839678,25.583765,27.355766,31.333904,34.521,36.657913,34.193718,33.755684,32.41005,29.664669,26.90904,25.244196,22.039516,23.781372,18.997843,21.53199,22.838938,18.879333,17.5053,12.284492,12.2303915,9.187375,8.920968,7.925697
12,31.165545,29.04842,24.834179,23.054003,21.407108,16.93529,17.348925,11.4341545,10.50625,6.2948995,5.9260864,6.755769,0.0,3.9463925,6.584001,9.334842,12.706313,15.119867,19.098324,21.815369,25.41557,28.535519,30.446562,34.558167,35.8559,35.29051,32.02385,28.6641,24.768295,24.214506,19.640467,22.24605,16.273699,19.380318,17.55062,19.242634,22.156862,21.578388,22.270124,20.263374,24.605583,21.658056,27.078135,24.446712,30.72534,30.449425,34.128933,36.758057,35.867786,40.40755,38.895466,35.127804,41.221073,43.420605,40.97626,40.697094,35.308796,36.66138,33.12765,33.869083,29.194643,30.424192,27.42257,30.476448,26.188877,27.682623,28.427246,28.558796,24.949512,26.458202,20.78288,21.306879,20.122446,18.850492,18.476387,17.246273,19.822895,18.93519,22.568314,22.782372,25.253899,29.06652,25.735857,25.565157,22.0388,25.406553,22.283007,23.379114,24.355146,25.258726,29.10441,32.02868,34.70347,32.266525,32.617325,31.810694,29.62059,27.152878,26.340097,23.559626,26.334631,21.971985,25.538132,27.481033,23.946606,21.95572,17.914051,15.766359,13.696105,11.100136,9.924106
13,29.73785,27.34983,23.578989,21.140032,19.804604,15.27957,15.997197,10.723577,9.260399,7.561978,5.3861556,8.340507,3.9463925,0.0,6.061051,6.8430576,10.424551,12.864316,16.509811,19.515085,22.732183,26.051746,27.59458,31.784903,33.135727,32.37226,29.633907,25.701136,21.952112,20.963907,16.613682,18.61079,12.4204,15.520317,13.647077,15.513998,18.375261,17.852169,18.422518,16.59853,20.920422,18.424767,23.885712,21.692766,27.868666,28.28179,31.694311,34.65766,34.22466,38.50761,36.799736,33.682182,39.76574,41.59357,39.35705,38.77396,33.595634,34.520817,31.08019,32.03987,26.838032,28.193012,24.990343,28.137917,23.621592,24.563026,25.311785,25.493124,21.836739,23.920315,18.315369,19.381903,17.703535,17.44102,16.94746,16.640846,19.292294,18.249725,22.612228,22.580984,25.555794,29.486675,26.00633,25.29426,21.30386,24.893745,20.94762,22.410246,22.783775,23.846567,27.54425,30.6943,33.689915,31.863276,32.16008,31.151304,29.508743,26.573114,26.401133,23.183416,26.398375,21.759361,25.685627,28.179384,24.252716,21.907217,18.267914,15.227521,12.984443,9.716103,7.8398933
14,24.718073,22.8082,18.477758,16.98711,15.7679405,10.703622,12.750505,6.5467415,8.193299,6.256296,8.1078615,12.297147,6.584001,6.061051,0.0,5.503223,6.9369135,10.202493,13.572104,16.450623,19.961172,22.893908,25.356028,29.277388,30.978731,30.815294,27.683626,24.585485,20.933289,20.498964,16.55236,18.792416,14.509693,16.547298,16.53401,18.263218,21.70609,21.682482,21.304249,19.617348,22.79679,20.445093,24.775,22.25423,27.964375,27.118734,31.146835,33.05288,32.23806,36.94232,35.97468,32.486233,38.445427,40.84574,39.16616,38.871403,33.751686,35.311966,32.29026,34.112835,28.860334,31.053528,28.306986,32.099,28.12733,28.319904,29.808493,30.338556,26.834936,29.498228,23.962906,25.107939,22.610495,22.71017,21.34348,20.955791,22.863827,20.61295,25.026863,23.78311,26.598228,30.078619,26.043692,24.992516,21.061558,23.494717,19.609098,19.707134,19.922981,20.102655,23.726896,26.435991,29.472267,27.314808,28.180662,27.727736,26.26751,23.964668,24.171467,21.783585,25.478394,21.732504,26.169453,28.904655,25.844196,23.23221,20.859861,16.787481,16.176968,12.239359,12.256366
15,23.559832,20.821287,17.453125,14.52372,13.098592,9.077223,9.588616,5.5951385,4.864552,7.623119,7.1015835,12.809202,9.334842,6.8430576,5.503223,0.0,4.4926224,6.023323,9.95851,12.700593,16.154661,19.361769,21.112106,25.236122,26.591213,26.085743,23.132004,19.591309,15.840023,15.32063,11.124436,13.88616,9.943354,13.109669,13.267089,15.889088,18.581839,18.106462,16.85598,14.822801,17.618465,15.058515,19.280937,16.83794,22.589886,22.318747,26.053596,28.465345,28.080229,32.456062,31.134739,28.209826,34.188293,36.157887,34.520844,33.959084,28.998606,30.198248,27.247738,29.292683,23.70788,26.135448,23.45669,27.516022,23.8539,23.486908,25.538908,26.494223,23.488556,26.867174,21.336622,22.492931,18.893116,19.956665,17.911978,18.397469,19.94141,17.257973,22.348223,20.700043,24.043968,27.600557,23.49534,21.8375,17.444712,20.281307,15.533744,16.50481,16.258305,17.185108,20.785278,24.015818,27.167246,25.822773,26.159456,25.141594,24.186623,21.079214,21.891336,18.767405,22.815985,18.705664,23.437613,26.801271,23.345106,20.358673,18.763622,13.666324,13.361012,8.924154,9.393149
16,19.521229,17.048527,13.6167,10.878899,10.311381,5.243866,8.715803,5.882344,7.960127,10.768327,11.47235,17.08328,12.706313,10.424551,6.9369135,4.4926224,0.0,4.5592694,6.695683,10.006423,13.104709,16.174175,18.529438,22.446253,24.33232,24.21975,21.639599,18.256947,14.983066,14.398841,11.413335,13.036978,11.193719,12.493295,14.304464,16.445074,19.545094,19.705448,17.97175,16.5847,18.264067,16.698967,19.722208,17.693989,22.607841,21.970964,25.883888,27.614803,27.367605,31.80121,30.975471,28.422373,34.162174,36.247967,35.281322,34.690784,30.074945,31.35313,28.879051,31.618105,25.761684,28.72027,26.230162,30.527603,27.013977,25.829636,28.072096,29.093468,26.07673,29.893314,24.710121,26.293415,22.491951,24.115978,21.939129,22.705519,24.01769,20.90528,26.081272,23.786224,27.128647,30.371914,25.983818,23.877865,19.474525,21.3921,16.276648,16.193027,15.028244,15.04298,18.261524,21.21945,24.799664,23.780012,24.677235,24.062471,23.814575,21.01804,22.648325,20.061485,24.566463,21.127432,26.150278,29.781673,26.745487,23.593102,22.764671,17.22075,17.546421,13.076276,13.735507
17,18.638998,15.399278,12.837323,9.0809355,7.500194,5.385206,5.060751,6.0613766,6.7944913,11.733517,12.08425,17.994022,15.119867,12.864316,10.202493,6.023323,4.5592694,0.0,4.91323,6.7428617,10.616175,13.592861,15.592807,19.586489,20.91216,20.737144,17.53126,14.616667,11.026423,11.316274,7.989223,11.462971,11.137841,13.632488,15.51544,18.354383,20.592674,20.17726,17.514135,15.558211,16.409977,14.103868,16.357925,13.8124695,18.617935,17.481413,21.520235,23.216892,22.925827,27.342424,26.481955,23.882622,29.625572,31.703413,30.763845,30.221647,25.641712,27.086987,24.782,27.871353,22.165844,25.529219,23.506334,28.152227,25.417927,23.947676,27.002758,28.539679,26.196295,30.357822,25.113024,26.268843,21.56646,23.48517,20.526535,21.552872,22.170712,18.424677,23.687473,20.73403,24.194313,27.208075,22.73857,20.191963,15.719529,17.420237,11.946083,12.137543,10.819237,11.541958,14.935115,18.300617,21.648146,21.01057,21.35907,20.316263,20.303778,17.060328,19.102425,16.281097,20.99483,17.769909,22.930914,26.933628,24.080658,20.740156,21.018454,14.879488,16.156214,11.898179,13.647826
18,15.433059,12.124068,10.621318,5.994476,6.6032853,5.316027,7.982908,10.215106,11.694342,16.325293,16.65297,22.546616,19.098324,16.509811,13.572104,9.95851,6.695683,4.91323,0.0,4.1324883,6.4129314,9.614319,11.878804,15.751384,17.767187,17.830278,15.777392,12.449989,9.954148,9.63316,8.798631,9.751646,12.110356,12.584001,15.953005,18.304392,20.558023,20.726011,17.59325,16.514456,16.026745,15.317893,16.084831,14.655104,18.053442,17.327723,21.05687,22.322933,22.671438,26.729063,26.192272,24.675951,29.966028,31.756548,31.63015,30.814983,26.891373,27.973183,26.261429,29.954643,23.876295,27.595097,25.659428,30.333195,27.651423,25.215166,28.299511,29.860472,27.592886,32.237213,27.52032,29.206373,24.398737,27.078339,24.21566,25.75818,26.357868,22.596268,27.987087,24.769701,28.315428,31.10446,26.592596,23.611485,19.202625,20.234917,14.423086,13.983094,11.133868,10.912201,13.254194,16.434536,20.456015,20.841515,21.643938,20.854712,21.975273,18.884615,21.911776,19.444014,24.37559,21.640064,26.836882,31.085848,28.354736,24.925732,25.625,19.351059,20.6135,16.40362,17.69012
19,13.893165,9.932554,9.589853,4.50074,4.257379,7.1715245,7.0423274,11.700873,12.990707,18.077888,18.68288,24.574884,21.815369,19.515085,16.450623,12.700593,10.006423,6.7428617,4.1324883,0.0,4.6675105,6.9922566,9.542406,13.181756,14.725742,15.151464,12.162507,10.262646,7.9828596,9.250636,9.041243,11.371678,14.88994,15.985642,19.248827,21.883467,23.658043,23.482439,19.82123,18.394413,17.094725,15.871082,15.3321,13.471251,16.007555,14.020014,18.070251,18.600546,18.753183,22.931742,22.780584,21.158382,26.240257,28.252264,28.444244,27.815413,24.09376,25.57062,24.277071,28.458668,22.793388,26.940321,25.610294,30.53371,28.65325,26.040087,29.770292,31.712826,29.963072,34.742004,29.98198,31.291012,25.963243,28.644907,25.239521,26.765528,26.753197,22.487633,27.636198,23.76719,27.162567,29.51004,24.952993,21.624304,17.53533,17.701538,12.072567,11.02763,7.484668,7.222446,9.363643,12.822229,16.70006,17.554388,18.071241,17.13389,18.79078,15.696112,19.330954,17.217611,22.209787,20.210123,25.354156,29.785194,27.563734,24.101633,25.84565,19.388103,21.497936,17.652615,19.701519
20,13.321007,9.395521,11.0308075,6.1994386,8.134407,10.534524,11.703707,15.978526,17.15517,22.287216,22.484882,28.38843,25.41557,22.732183,19.961172,16.154661,13.104709,10.616175,6.4129314,4.6675105,0.0,3.6522968,5.720894,9.358617,11.714588,12.194981,11.252584,8.547258,8.237164,8.499067,10.786105,10.596076,16.032187,15.756159,19.805506,22.047771,23.523518,23.71796,19.738523,19.075514,16.629385,16.908966,15.079148,14.604199,15.547807,14.6974535,17.867289,18.311392,19.442993,22.82927,22.751516,22.592073,27.07287,28.480394,29.384966,28.356369,25.413328,26.246435,25.491917,30.007841,24.05895,28.316063,27.019728,31.807497,29.979193,26.556553,30.226435,32.179867,30.616405,35.75665,31.550356,33.269188,27.904924,31.250156,28.003477,30.03033,30.082453,26.002037,31.287243,27.460287,30.985138,33.259094,28.827013,25.256235,21.220016,21.28639,15.58036,14.763086,10.583998,9.978407,10.337269,13.337383,17.62363,19.707577,20.391224,19.519966,22.067547,19.022291,23.157896,21.074833,26.005423,24.110502,29.14226,33.726776,31.382029,27.890554,29.732883,23.269695,25.10729,21.30845,22.881142
21,11.380056,7.397309,10.725328,7.058406,9.189504,12.789171,13.642059,18.470806,19.97098,25.008934,25.582943,31.487123,28.535519,26.051746,22.893908,19.361769,16.174175,13.592861,9.614319,6.9922566,3.6522968,0.0,4.7566953,6.9318967,9.596758,11.013877,10.121931,9.451893,10.173903,11.200367,13.849486,13.9008255,19.645077,19.24963,23.408096,25.569927,26.977772,27.192125,23.07553,22.42976,19.562735,19.839283,17.150534,16.686619,16.500227,14.671667,17.765724,17.018532,18.123926,21.358675,21.969614,22.065346,25.960394,27.530273,29.05354,28.178461,25.70906,26.800802,26.567688,31.452353,25.892088,30.378017,29.4817,34.339382,32.948284,29.36652,33.28237,35.37602,34.023388,39.231083,35.068825,36.68916,31.16361,34.489223,31.036451,32.997673,32.765163,28.439028,33.500263,29.293383,32.616856,34.509064,30.076687,26.35435,22.718897,21.971252,16.83165,15.2782135,10.881414,9.52716,8.438338,10.813292,15.161837,18.012934,18.860662,18.255802,21.500334,18.92729,23.485685,22.004261,26.83305,25.646421,30.551537,35.158974,33.272484,29.816978,32.221844,25.74032,27.990171,24.321945,26.193789
22,15.88255,12.032339,15.41457,11.246106,12.757395,16.159258,16.0862,21.136232,21.6483,27.210592,26.969551,32.77662,30.446562,27.59458,25.356028,21.112106,18.529438,15.592807,11.878804,9.542406,5.720894,4.7566953,0.0,4.30126,6.3487086,6.7477136,8.135928,6.0645556,8.5752,9.159373,13.219673,12.48379,19.238403,18.952473,22.939228,25.220858,25.826477,25.820793,21.311916,20.872482,17.05237,18.00573,14.114617,14.703316,13.135145,12.947352,14.851,15.020234,17.289064,19.50112,19.46902,21.01,24.592648,25.247345,26.957678,25.581886,23.704962,23.991598,24.102076,29.090382,23.431828,27.90859,27.192045,31.872025,30.868818,26.73518,30.83068,33.11879,32.302,37.733658,34.029503,35.669632,29.928343,33.78545,30.31384,32.7802,32.409355,28.30806,33.414246,29.360086,32.863644,34.7712,30.630632,26.714066,23.070105,22.757927,17.400383,17.01776,12.616392,12.584291,11.450568,14.058564,17.835299,21.298105,21.425644,20.176554,23.6004,20.423529,25.065022,23.01921,27.649557,26.207262,30.871191,35.638527,33.442642,29.999992,32.596527,26.21634,28.28543,24.96769,26.62876
23,16.050531,12.773431,17.20639,13.981594,15.729824,19.581537,19.605179,24.881882,25.661518,31.14348,31.131868,36.952976,34.558167,31.784903,29.277388,25.236122,22.446253,19.586489,15.751384,13.181756,9.358617,6.9318967,4.30126,0.0,4.1040344,6.07998,9.020809,9.286171,12.41106,13.234105,17.418558,16.517426,23.456282,22.814342,26.970905,29.06473,29.580505,29.688904,25.13307,24.880482,20.698883,21.904741,17.359789,18.191902,15.414671,14.718654,15.982838,14.88071,17.451702,18.936829,19.624718,21.949205,24.576988,25.082653,27.630957,26.293127,25.224043,25.52313,26.288342,31.552141,26.327787,30.89664,30.542929,35.151638,34.538185,30.16846,34.360306,36.725704,36.12806,41.638077,38.124046,39.769676,33.95884,37.89304,34.32993,36.815292,36.25011,32.033405,36.946926,32.6471,35.97748,37.539307,33.478046,29.453938,26.200464,25.257103,20.476807,19.609175,15.238303,14.70304,12.418901,14.010635,17.43112,21.745358,21.974253,20.978119,25.048206,22.354113,27.282015,25.74817,30.192984,29.344444,33.824215,38.59058,36.75489,33.368877,36.384773,30.030329,32.332935,29.10644,30.889116
24,18.897078,15.361606,19.658445,16.262995,17.189724,21.648104,20.365297,26.156393,26.371197,32.110943,31.881903,37.551735,35.8559,33.135727,30.978731,26.591213,24.33232,20.91216,17.767187,14.725742,11.714588,9.596758,6.3487086,4.1040344,0.0,3.3538725,6.518256,8.620308,12.115361,13.675141,17.701582,17.757639,24.591358,24.790348,28.474962,30.918377,30.989431,30.65909,25.886547,25.265102,20.84254,21.518747,16.254263,16.987753,13.119445,12.112814,12.640389,11.234846,14.3689575,15.1528635,15.785605,18.822882,20.98526,21.149633,23.945803,22.558414,21.979599,22.224434,23.443691,28.87829,24.2026,28.851728,29.01535,33.593777,33.687176,29.3297,33.928394,36.572903,36.467865,41.954872,38.462234,39.748432,33.662426,37.57771,33.750317,36.29108,35.32485,31.053753,35.656963,31.21372,34.407173,35.67418,31.883448,27.758142,24.898918,23.75023,19.463955,19.019794,14.978424,15.216235,12.89646,14.639973,17.205647,21.792868,21.285004,19.793165,23.990532,21.11515,26.069828,24.514774,28.599842,28.07396,32.186054,36.961674,35.32703,32.057003,35.62468,29.463587,32.050205,29.261364,31.32733
25,21.37583,17.613243,21.442986,17.446255,18.176031,22.21201,20.65437,26.274446,25.920734,31.851604,31.101507,36.63955,35.29051,32.37226,30.815294,26.085743,24.21975,20.737144,17.830278,15.151464,12.194981,11.013877,6.7477136,6.07998,3.3538725,0.0,6.7922335,6.87205,10.86841,11.978805,16.336035,16.078104,22.990383,23.393538,26.781708,29.301908,28.940943,28.433628,23.577742,23.021084,18.295158,19.261395,13.592338,14.98375,10.542911,11.33493,10.960421,11.263297,14.9959135,15.316602,14.9148035,18.634897,21.030563,20.522482,22.955824,21.1459,20.639582,20.19641,21.356524,26.654257,21.772556,26.288792,26.416693,30.830278,31.015179,26.452053,31.059021,33.762478,33.915733,39.43431,36.194923,37.481213,31.38812,35.545616,31.815386,34.624275,33.692703,29.690546,34.35816,30.206316,33.561134,35.01636,31.403788,27.288548,24.272001,23.74812,19.160963,19.583014,15.679467,16.619816,14.968788,17.253044,19.831669,24.101187,23.29665,21.428053,25.253548,21.876085,26.605305,24.493656,28.493376,27.498178,31.502972,36.318295,34.312397,31.062748,34.462708,28.442707,30.749783,28.160746,29.997154
26,19.48022,15.353351,18.431704,14.708625,14.154214,19.181683,16.010904,22.25602,21.904589,27.710331,27.511702,32.94805,32.02385,29.633907,27.683626,23.132004,21.639599,17.53126,15.777392,12.162507,11.252584,10.121931,8.135928,9.020809,6.518256,6.7922335,0.0,6.8042026,8.524786,11.733336,14.155744,16.647196,22.297401,24.035503,26.934841,29.958435,30.06504,29.148884,24.42715,22.867167,19.247988,18.147635,13.468536,12.536043,9.696554,5.922194,8.269212,7.114453,9.320607,11.677731,11.85044,13.068292,16.469982,17.468792,19.212353,18.27462,16.54633,17.731178,18.446056,23.886585,19.596605,24.41038,24.84353,29.703186,30.13737,26.559141,31.551163,34.374195,34.323505,39.502377,35.454475,36.14502,29.853376,33.19671,29.008076,31.186533,29.847551,25.328808,29.629595,24.965012,28.015944,29.176937,25.40299,21.26676,18.599955,17.325993,13.346827,13.306222,9.838338,11.367528,10.157937,12.949731,14.872024,18.51502,17.15362,14.93193,18.54503,15.139143,19.926443,18.177711,22.13182,21.742105,25.733517,30.489182,29.055609,25.847837,29.830467,23.820658,26.86838,24.463379,27.085144
27,20.668945,16.430996,18.70005,13.826416,13.891842,17.132177,15.126425,20.307816,19.429222,25.443554,24.357496,29.846424,28.6641,25.701136,24.585485,19.591309,18.256947,14.616667,12.449989,10.262646,8.547258,9.451893,6.0645556,9.286171,8.620308,6.87205,6.8042026,0.0,4.1842003,5.460969,9.46823,10.229446,16.522892,17.857168,20.76788,23.66884,23.501333,22.724266,17.940372,16.85064,12.839393,12.94744,8.342685,9.004389,7.316975,8.978198,10.342845,12.814022,15.416323,17.373787,15.981107,17.662243,21.81676,21.924406,22.745562,21.060564,18.82167,18.60461,18.366034,23.183353,17.400904,21.870014,21.310396,26.006077,25.46569,21.403046,25.943624,28.539482,28.257685,33.62619,29.924217,31.141415,25.0831,29.048018,25.381851,28.112131,27.479334,23.579298,28.609028,24.809391,28.461218,30.509241,26.70569,22.784878,19.076498,19.628616,14.074492,15.39063,11.691642,13.512035,13.60764,17.029102,20.077341,22.987019,22.150324,20.03638,22.747131,18.705545,22.879608,19.961386,24.279509,22.291712,26.654804,31.472261,28.894062,25.52163,28.24668,22.134787,24.125822,21.398603,23.12943
28,20.522467,16.20503,17.296635,12.25604,11.481793,14.31496,11.523012,16.538559,15.328002,21.386604,20.295198,25.777016,24.768295,21.952112,20.933289,15.840023,14.983066,11.026423,9.954148,7.9828596,8.237164,10.173903,8.5752,12.41106,12.115361,10.86841,8.524786,4.1842003,0.0,4.079488,5.7635865,8.908645,13.808101,16.189102,18.583572,21.808218,21.976881,20.959154,16.43673,14.672664,11.866374,10.471228,7.7770395,6.523345,8.154945,8.734047,11.439686,14.209097,15.746243,18.664497,17.115635,17.142878,22.153868,22.874304,22.8085,21.4699,18.169813,18.524366,17.412537,21.813581,15.86313,20.242167,19.351143,24.267748,23.347374,20.01174,24.502066,27.00847,26.377016,31.488977,27.271927,28.267113,22.218927,25.753197,21.991314,24.435831,23.891052,19.874447,25.045408,21.324854,25.059635,27.386564,23.42283,19.680882,15.611762,16.703428,10.691818,12.488033,9.289701,11.716302,13.042152,16.873592,19.87846,21.800898,20.911379,18.7292,20.612925,16.330984,20.019287,16.73929,21.21973,18.756676,23.357431,28.121382,25.372948,21.934546,24.360144,18.136015,20.162895,17.323996,19.27479
29,21.742989,17.655422,18.555517,13.305089,13.329803,14.683749,13.435567,17.242357,15.934819,21.813208,20.165623,25.601135,24.214506,20.963907,20.498964,15.32063,14.398841,11.316274,9.63316,9.250636,8.499067,11.200367,9.159373,13.234105,13.675141,11.978805,11.733336,5.460969,4.079488,0.0,5.2569184,5.062115,11.084538,12.703096,15.342851,18.357162,18.345913,17.596846,12.986878,11.894074,8.647217,9.00848,6.9872174,7.725682,9.610276,12.444211,14.2116585,17.607119,19.61375,22.092268,20.217531,20.93846,25.823328,26.048077,25.947456,24.236828,21.155342,20.703196,19.386757,23.307241,16.749596,20.645586,19.077694,23.661806,21.974777,18.184149,22.142914,24.400604,23.53292,28.848896,25.008123,26.540249,20.80648,24.85998,21.650642,24.484308,24.511534,21.097122,26.56411,23.502644,27.438646,30.14469,26.28404,22.76983,18.428852,20.22139,14.018871,16.005024,12.821927,14.742967,16.055716,19.765106,23.213001,25.142958,24.607721,22.61896,24.403343,20.15252,23.588043,20.054249,24.51297,21.431522,26.035007,30.698719,27.40598,23.990656,25.51823,19.460049,20.583927,17.528038,18.584776
30,22.87572,18.850721,18.371937,13.376537,12.207182,12.721758,10.218293,13.253328,11.058082,17.015585,15.15346,20.533468,19.640467,16.613682,16.55236,11.124436,11.413335,7.989223,8.798631,9.041243,10.786105,13.849486,13.219673,17.418558,17.701582,16.336035,14.155744,9.46823,5.7635865,5.2569184,0.0,6.798409,8.660103,12.461081,13.822258,17.362011,17.7607,16.50685,12.563527,10.199115,9.499653,6.886548,8.452283,6.5423346,11.618743,13.117729,15.806211,19.321339,20.284706,23.536324,21.523726,20.573648,26.154192,26.980984,25.911154,24.63235,20.521318,20.725985,18.48282,21.695433,15.301048,18.859129,16.94546,21.705536,19.63853,17.11603,20.973967,23.11885,21.869871,26.689604,22.07787,23.144659,17.406294,20.734303,17.346462,19.74993,19.88506,16.395164,21.98913,19.179623,23.159212,26.20536,22.284805,19.16721,14.531149,17.16379,10.942198,13.621134,11.673701,14.148353,16.658176,20.564077,23.674732,24.461857,23.758272,21.692791,22.376093,18.008146,20.54091,16.602348,20.979437,17.252281,21.975004,26.453575,22.928144,19.505423,20.526447,14.422509,15.482375,12.308936,13.711036
31,23.379974,19.743267,19.869781,14.797783,15.359027,14.7002945,15.176956,17.167732,15.893362,21.135199,19.002415,24.232561,22.24605,18.61079,18.792416,13.88616,13.036978,11.462971,9.751646,11.371678,10.596076,13.9008255,12.48379,16.517426,17.757639,16.078104,16.647196,10.229446,8.908645,5.062115,6.798409,0.0,7.410757,7.7661495,10.735791,13.444274,13.643845,13.423779,9.179606,9.111676,6.87304,9.119012,9.731239,11.108639,13.914391,17.414118,19.02902,22.661001,24.619602,27.141953,25.122763,25.757982,30.790205,30.913704,30.548231,28.716507,25.485678,24.66972,22.910942,26.086964,19.19745,22.319277,19.877678,23.94415,21.03152,17.32166,20.16814,21.84304,20.248978,25.584959,21.998932,24.212538,19.221136,23.49021,21.124014,24.082724,24.916626,22.234388,27.914337,25.65303,29.701477,32.862225,29.044436,25.926735,21.314999,23.793411,17.493887,19.501276,16.592194,18.058552,19.704624,23.286724,27.104187,28.618448,28.505217,26.783136,28.177425,24.032068,27.01929,23.300377,27.752947,24.014997,28.659515,33.08409,29.266924,25.929464,26.218695,20.49231,20.526466,17.17328,17.08627
32,27.401617,24.063236,22.586857,18.082844,17.785622,15.197868,15.590992,14.939932,12.621816,16.657228,13.453389,17.951195,16.273699,12.4204,14.509693,9.943354,11.193719,11.137841,12.110356,14.88994,16.032187,19.645077,19.238403,23.456282,24.591358,22.990383,22.297401,16.522892,13.808101,11.084538,8.660103,7.410757,0.0,6.1334763,5.2978,9.033075,9.870509,9.046564,6.9499164,5.792584,8.905102,8.864184,13.581492,13.557261,18.569891,21.63695,23.683552,27.744728,28.936914,31.989305,29.631077,28.970743,34.58843,35.046535,33.609043,32.04144,27.94026,27.345749,24.563066,26.40489,19.78155,21.750256,18.400496,21.91706,17.625813,15.711623,17.295034,18.26008,15.546751,20.16242,15.786672,18.096151,14.0164385,17.615498,16.15576,18.763384,20.547655,18.891676,24.496538,23.477938,27.454435,31.197924,27.643442,25.386469,20.696678,24.33285,18.530676,21.106642,19.532688,21.266232,23.95742,27.638187,31.217875,31.519958,31.371683,29.665173,29.814785,25.709997,27.437075,23.346952,27.343853,22.66737,27.037739,30.87293,26.447304,23.407843,21.94586,17.119177,15.681556,12.371303,10.853408
33,26.332111,23.530773,22.371939,18.184673,19.129532,15.919272,18.54742,17.759895,16.938488,20.426357,18.030079,22.527561,19.380318,15.520317,16.547298,13.109669,12.493295,13.632488,12.584001,15.985642,15.756159,19.24963,18.952473,22.814342,24.790348,23.393538,24.035503,17.857168,16.189102,12.703096,12.461081,7.7661495,6.1334763,0.0,5.134222,6.342659,8.475028,9.894448,8.471525,9.988454,11.148937,13.680271,16.682455,17.744839,21.46023,24.788889,26.679733,30.25863,31.873352,34.751675,32.764935,32.841118,38.16,38.49013,37.76645,36.007828,32.403793,31.586254,29.302332,31.605776,24.7459,26.909426,23.601145,26.847456,22.370474,19.646896,20.474194,20.922787,17.815985,22.539898,19.245564,22.413342,19.217783,23.01257,22.081772,24.6746,26.64164,24.962137,30.587133,29.355988,33.32437,36.9652,33.194218,30.711714,25.962282,29.00362,22.89543,24.628284,22.231943,23.099823,25.19121,28.50754,32.61412,33.355206,33.813156,32.514748,33.292088,29.470715,31.786423,28.088507,32.445766,28.123007,32.736256,36.67742,32.427425,29.313618,27.9018,22.937107,21.601913,18.00926,16.30509
34,30.612404,27.66636,26.0612,21.8782,22.117926,18.696026,20.30479,18.667046,16.777258,19.610567,16.21757,19.731007,17.55062,13.647077,16.53401,13.267089,14.304464,15.51544,15.953005,19.248827,19.805506,23.408096,22.939228,26.970905,28.474962,26.781708,26.934841,20.76788,18.583572,15.342851,13.822258,10.735791,5.2978,5.134222,0.0,3.8976676,5.3354263,5.9179435,6.6713834,7.8789716,11.385998,13.027579,17.618458,18.40274,22.925323,26.642445,28.345543,32.569714,34.01847,36.87046,34.404537,34.144203,39.67239,39.86632,38.465233,36.69641,32.80107,31.773746,28.982609,30.38964,23.791164,25.107805,21.359049,23.991457,18.846575,17.084528,16.991896,16.98141,13.3473835,17.688976,14.239353,17.580101,15.172528,18.785154,18.639675,21.253372,23.69357,22.925081,28.28956,27.96251,31.862055,35.773426,32.405495,30.392302,25.75445,29.54401,23.808487,26.25511,24.569021,25.98035,28.523146,32.052265,35.87347,36.19401,36.313377,34.762985,34.926796,30.923813,32.556408,28.491549,32.381046,27.52932,31.705408,35.280037,30.598534,27.779858,25.46451,21.393618,19.110277,16.147015,13.458493
35,32.127007,29.541801,27.872025,24.011902,24.68345,20.781153,23.317812,21.219748,19.87662,22.073223,18.950628,22.052185,19.242634,15.513998,18.263218,15.889088,16.445074,18.354383,18.304392,21.883467,22.047771,25.569927,25.220858,29.06473,30.918377,29.301908,29.958435,23.66884,21.808218,18.357162,17.362011,13.444274,9.033075,6.342659,3.8976676,0.0,4.6385627,7.174995,9.281158,11.388947,14.381003,16.759655,20.968472,22.08802,26.260586,30.107428,31.74916,35.85287,37.423386,40.234158,37.86085,37.80875,43.273323,43.41157,42.180855,40.334637,36.573673,35.422497,32.72479,34.099392,27.486917,28.655046,24.823189,27.08585,21.682312,19.916965,19.00006,18.390966,14.349708,18.201721,15.651881,19.478687,18.102962,21.511213,21.946285,24.417898,27.118477,26.603952,31.8718,31.718344,35.56933,39.522057,36.13867,34.182587,29.533062,33.22871,27.448317,29.612482,27.74921,28.817389,31.206924,34.56209,38.582993,38.933273,39.33371,37.975105,38.24128,34.378647,36.078068,32.140144,36.094616,31.265184,35.46144,38.945595,34.246143,31.48819,28.86105,25.007679,22.519718,19.556166,16.584211
