,0,1,2,3,4,5,6,7,8,9,10,11,12,13,14,15,16,17,18,19,20,21,22,23,24,25,26,27,28,29,30,31,32,33,34,35,36,37,38,39,40,41,42,43,44,45,46,47,48,49,50,51,52,53,54,55,56,57,58,59,60,61,62,63,64,65,66,67,68,69,70,71,72,73,74,75,76,77,78,79,80,81,82,83,84,85,86,87,88,89,90,91,92,93,94,95,96,97,98,99,100,101,102,103,104,105,106,107,108,109,110
0,0.0,4.060142,7.642297,9.509182,13.075582,14.910825,18.346191,20.938383,24.720669,27.974844,30.7215,34.423443,35.673138,33.767807,30.892117,28.441805,24.451847,22.83752,18.852997,15.614042,14.000088,9.549559,10.692144,9.619814,10.808436,13.839071,14.937546,15.632833,20.266928,19.533339,25.08795,23.809767,32.005795,30.120699,34.543186,36.55684,36.058716,35.72937,30.807354,26.942915,30.988878,25.96528,29.054106,26.41951,21.669735,22.484434,22.006866,19.209831,19.44488,20.07098,18.910515,22.109808,18.175112,21.861977,17.360271,17.206947,20.974443,21.62215,25.736967,27.263138,24.739716,28.42477,24.766872,26.828701,27.18881,27.700323,31.838762,35.04009,36.218914,31.289442,30.74748,34.946793,33.806637,30.19295,33.426815,37.180405,33.505157,32.937073,36.76216,37.8363,34.589725,36.540108,31.4233,28.383432,26.814692,23.188852,23.25167,17.308298,18.354733,16.493692,18.607573,21.510246,23.950445,26.473314,29.556684,32.167023,34.11783,36.822823,33.61884,30.564003,29.37374,27.210573,23.557297,24.546535,22.834976,24.294872,28.358309,28.988962,30.660437,34.23589,34.64707
1,4.060142,0.0,5.2394996,6.296259,9.574666,12.318302,15.471708,17.879581,21.922325,25.014095,28.060402,31.547977,33.13855,31.433346,28.380632,26.286982,22.250895,20.7185,17.050753,14.024242,13.011548,9.298113,11.730478,12.058757,12.714636,15.2720785,14.949854,15.972961,19.423122,18.92553,23.933086,22.422962,30.320889,27.9709,32.742123,34.406807,34.233635,34.2532,29.215551,25.395851,29.953213,25.224113,28.016193,25.792322,21.713099,22.258814,22.666515,19.408882,20.4846,21.339123,20.890911,24.394453,20.806198,24.019102,19.439363,19.34162,22.46031,22.781181,27.285233,28.239664,25.389996,29.357592,25.649225,27.234125,27.735756,27.501547,31.599295,34.551834,35.71705,30.652676,29.68959,33.780178,32.527607,28.705166,31.755049,35.48045,31.604445,30.700699,34.518337,35.561104,31.981134,33.680984,28.688112,25.681562,24.582066,20.56252,21.623884,15.896408,17.480574,15.886582,17.453072,19.818642,22.03089,24.0179,27.093311,29.354715,31.44053,34.4383,31.333893,28.654535,27.16622,25.802738,22.27272,23.990232,21.985111,23.053347,27.306215,27.21379,29.322025,32.49151,33.038147
2,7.642297,5.2394996,0.0,5.274716,7.319164,7.756497,12.350966,13.803117,18.226475,21.067663,23.997217,27.475685,28.739859,26.846031,23.663877,21.876127,17.646112,16.766829,12.781586,10.822146,9.086908,8.240265,9.925882,11.95355,13.636362,14.554198,13.808604,13.515331,16.541128,15.01784,20.07355,17.65753,25.578638,22.978912,27.707973,29.370106,29.041412,29.076126,24.034523,20.26488,25.152054,20.703684,23.676523,22.139278,18.395987,19.449303,20.852985,18.228382,19.871328,21.860287,21.185019,24.52844,20.984262,22.82981,18.064507,17.439373,19.914183,19.523382,24.21839,24.797518,21.760551,26.440584,23.238691,24.70407,26.217478,25.255007,29.086601,32.411846,32.87795,27.63554,27.339108,30.991867,29.124233,25.608627,29.031923,32.12142,27.95328,27.52786,31.404284,31.97777,28.444937,30.620317,25.399195,22.834759,21.707548,18.048344,19.36892,13.81083,16.532654,16.06558,17.772081,20.24734,20.859283,22.914404,25.127209,28.031134,29.427,32.54374,29.893631,27.196962,26.403423,25.114143,22.523176,24.820097,23.476654,24.800585,28.804808,27.548428,29.313435,32.115437,32.057396
3,9.509182,6.296259,5.274716,0.0,3.7823858,7.616845,9.286939,12.325093,15.865538,19.114782,22.15073,25.654634,27.459003,25.99215,23.162477,20.810553,17.050602,15.075938,12.098802,9.027496,9.541422,7.2547107,11.219703,13.422962,13.136753,14.407684,11.948517,13.496212,14.86537,15.216712,19.088854,18.154257,25.43922,23.295197,28.220375,29.758894,30.237621,30.437696,25.408674,21.561367,25.914404,21.439854,23.496601,21.459127,18.478306,18.370667,19.918583,16.227213,18.489054,19.90966,20.432611,24.197302,21.414652,23.671911,19.378685,19.812475,21.49653,21.725967,26.678995,26.498722,23.293339,27.032862,23.202412,23.969763,24.579773,23.346016,27.29481,29.89466,31.045008,25.946627,24.497847,28.422354,27.163343,23.14451,25.980656,29.707024,25.7919,24.592276,28.382673,29.48792,25.807089,27.395214,22.44866,19.404396,18.493305,14.319288,16.049984,10.793852,13.115773,12.3911705,13.386128,15.341138,16.475294,18.21169,20.982195,23.40176,25.266642,28.372807,25.452232,22.959484,21.620127,20.782545,17.913326,20.575935,18.889269,19.912994,23.976326,22.546497,24.67316,27.363613,27.692102
4,13.075582,9.574666,7.319164,3.7823858,0.0,5.925311,6.5931754,9.060918,12.8897085,15.844575,19.168447,22.409107,24.498142,23.237503,20.26569,18.395208,14.710444,13.035147,10.782442,8.809638,10.056571,9.901322,13.658911,16.531378,16.315128,16.896545,13.647124,14.925987,14.792885,15.166409,18.06477,16.790956,23.391077,20.799847,25.969055,27.129261,27.956133,28.495523,23.492075,19.838778,24.559433,20.641445,22.289793,20.931406,18.910326,18.662304,21.149284,17.540892,20.414696,22.188627,23.041796,26.78075,24.274319,25.88722,21.703125,22.022964,23.079752,22.917688,27.962591,27.26999,23.905989,27.85536,24.272346,24.575306,25.544132,23.512604,27.188816,29.584738,30.492397,25.368761,23.740713,27.30375,25.786829,21.749397,24.417654,27.847681,23.710869,22.295675,26.04098,26.963367,22.972023,24.421566,19.573116,16.751041,16.444284,12.023042,15.1105385,10.800738,13.826559,13.86832,14.242393,15.469602,15.56881,16.604044,18.918917,21.163187,22.872818,26.295069,23.696342,21.66136,20.317436,20.391232,18.177683,21.54397,19.947638,20.659594,24.578081,22.10424,24.436598,26.516335,26.746578
5,14.910825,12.318302,7.756497,7.616845,5.925311,0.0,6.227904,6.4712396,10.800492,13.489871,16.285137,19.793745,20.99184,19.176073,16.08165,14.290241,10.07903,9.555125,6.1734815,6.559503,6.3045044,10.034235,11.922634,15.762982,16.803804,15.853161,13.133487,12.337654,12.215517,10.709511,14.025193,11.313296,18.455647,15.809818,20.766886,22.277454,22.622448,22.90205,17.859966,14.1018915,19.060331,15.288099,17.449121,16.881344,14.981815,15.679257,18.977001,16.667662,19.592463,22.538778,22.620657,25.897953,23.299295,23.512362,19.315706,19.007828,19.43837,18.525227,23.500128,22.572687,19.16291,23.873762,21.067905,21.506762,23.792673,21.324318,24.627811,27.77904,27.66929,22.368784,22.146812,25.132868,22.740538,19.369293,22.827028,25.281061,20.821783,20.544195,24.39272,24.587889,20.998137,23.49601,18.168264,16.126127,15.234814,12.088803,14.337639,10.279751,14.338789,15.550107,16.64768,18.544687,16.809399,18.49551,19.429405,22.929422,23.432669,26.668425,24.681023,22.28117,22.265789,21.61318,20.53689,23.809746,23.22567,24.557993,28.007004,24.960108,26.394245,28.358988,27.647636
6,18.346191,15.471708,12.350966,9.286939,6.5931754,6.227904,0.0,5.2356024,6.6688333,10.230246,13.05884,16.63626,18.608673,17.519281,15.212167,12.502964,9.6103325,7.051272,6.857204,6.404558,9.471959,11.787471,15.031447,18.79294,18.208342,17.285608,12.836361,13.852443,10.83525,12.152576,12.846864,12.729282,18.017506,16.320408,21.220598,22.489754,24.036259,24.523182,19.850042,16.3597,20.055918,16.65559,17.174751,16.156576,15.856682,14.934347,18.674538,15.472694,19.199112,21.674541,23.06032,26.570215,24.944546,25.303751,21.82621,22.552826,22.048256,21.811998,26.82964,24.98167,21.538897,24.900177,21.581945,20.957827,22.286333,19.12554,22.303566,24.417887,25.006323,19.993177,18.231668,21.3152,19.623743,15.599207,18.20436,21.35368,17.180984,15.757792,19.53573,20.39314,16.545715,18.34325,13.235955,10.520598,10.072065,6.077265,9.909713,7.74456,11.537838,13.246237,13.177561,14.017979,11.426725,12.450119,13.399771,16.705053,17.382961,20.710733,18.628016,16.597136,16.310368,16.55352,16.022783,19.998377,19.476921,20.464695,23.54259,19.551989,21.184692,22.620611,22.070894
7,20.938383,17.879581,13.803117,12.325093,9.060918,6.4712396,5.2356024,0.0,5.647183,7.398954,10.841689,13.8341,15.737002,14.525861,11.340881,10.514131,7.134418,7.3792934,7.5356894,9.818404,11.372461,15.439231,17.728344,21.766573,22.156645,20.849281,17.030865,16.717062,13.86276,13.378903,13.669411,11.272954,15.708005,12.465259,17.82106,18.48054,19.963652,20.95819,16.272552,13.246649,18.179716,15.913108,16.588676,17.26238,17.600729,17.544786,21.94645,19.611422,23.25299,26.236837,27.108587,30.376842,28.44815,28.093943,24.42883,24.39419,23.784422,22.677696,27.500353,25.591488,22.1537,26.437868,23.96189,23.39889,25.76474,22.116505,24.758926,27.179665,26.837454,21.828264,20.99474,23.177496,20.552023,17.25032,20.048826,21.907135,17.214798,16.401155,20.003403,19.887217,15.7327,17.9493,12.925321,11.624648,12.092328,9.251259,13.676098,12.261123,16.37852,18.322542,18.397364,19.085943,15.878241,16.238825,16.00755,19.146864,19.117916,22.733856,21.473372,20.021751,20.122559,20.984802,21.039703,25.112823,24.666536,25.508348,28.535938,24.066051,25.677174,26.538145,25.66684
8,24.720669,21.922325,18.226475,15.865538,12.8897085,10.800492,6.6688333,5.647183,0.0,4.02944,6.432986,10.048661,12.107868,11.451368,9.769964,7.289676,6.3900843,5.0310025,8.524063,10.86535,13.605169,17.573803,19.941212,24.078583,23.710443,21.84361,17.29757,17.456587,12.51254,13.595127,11.251319,11.306784,13.375243,11.988727,16.542799,17.346933,19.841063,20.663353,16.676022,14.062645,16.977633,15.270987,14.320564,14.967631,17.01693,15.965329,20.852135,18.667477,22.702766,25.709784,27.235458,30.34247,29.27185,28.414139,25.523726,26.132582,24.465666,23.736551,28.38132,25.57836,22.258268,25.370829,22.925886,21.452143,23.53313,19.149733,21.233099,22.96584,22.6782,18.077843,16.635221,18.317295,15.904314,12.542769,14.807207,16.602222,12.057497,10.785182,14.363674,14.467985,10.357979,12.766196,7.457621,6.3993354,7.124178,5.9911094,10.486918,11.720112,15.308634,17.991638,17.550198,17.704325,12.930772,12.983078,11.355458,15.206432,14.205744,17.577763,16.813444,15.579117,16.51525,17.652758,19.000193,23.264748,23.503006,24.40074,26.666582,21.31442,22.356342,22.59358,21.206926
9,27.974844,25.014095,21.067663,19.114782,15.844575,13.489871,10.230246,7.398954,4.02944,0.0,4.105252,6.56669,9.187287,9.058741,7.1922035,7.0485067,7.320135,8.103942,11.558994,14.599643,16.85391,21.293861,23.405136,27.628952,27.563196,25.585989,21.21447,20.971016,16.056143,16.469296,13.56753,12.64572,12.615737,10.362264,14.834691,14.773602,17.804642,19.179396,15.672957,13.92501,17.068775,16.648052,15.340464,17.216883,19.905605,19.162413,24.300325,22.48731,26.500744,29.644993,31.076084,34.069595,32.966908,31.755138,28.88177,29.187801,27.369766,26.229416,30.652754,27.684893,24.467117,27.831076,25.918444,24.32181,26.810299,22.118927,23.670383,25.249529,24.423405,20.174614,19.091969,19.896791,17.042007,14.456283,16.296867,16.897203,12.293225,11.259841,14.214222,13.452062,9.012286,11.450358,6.9691987,7.9139633,9.757416,9.521126,14.083132,15.719356,19.2955,22.010313,21.459284,21.311192,16.375946,15.735326,13.339532,16.537304,14.962305,18.431995,18.484434,18.00936,19.047682,20.883219,22.603199,26.97072,27.195387,27.876783,30.018375,24.263348,25.357351,24.986805,23.477352
10,30.7215,28.060402,23.997217,22.15073,19.168447,16.285137,13.05884,10.841689,6.432986,4.105252,0.0,4.348262,5.802925,5.9758983,6.220176,5.163928,7.9129148,8.769192,12.920332,16.263874,18.486765,23.270626,24.936247,29.226826,29.120296,26.605822,22.29906,21.746042,16.198578,16.73616,12.427469,12.4739685,10.052581,9.582917,12.764438,12.951815,16.494127,17.584347,14.87785,13.700208,15.164312,15.608495,13.280139,15.731732,19.51892,18.626644,23.98216,22.819529,26.803923,30.187883,31.636536,34.312717,33.636738,31.776459,29.423952,29.86352,27.350002,26.20873,30.27913,26.783699,23.798914,26.571865,25.12749,23.101484,25.857431,20.78958,21.641403,23.057146,21.690056,17.906641,17.316278,17.218727,14.012133,12.273371,13.957094,13.445751,8.886581,8.740113,11.29855,9.820592,6.055812,9.766459,5.654433,8.129595,9.361635,11.129509,14.225185,16.979786,20.248089,23.376719,22.8972,22.8351,17.1393,16.779842,13.332696,17.174984,14.48869,17.27146,18.02553,17.522839,19.563053,20.98014,23.553032,27.70987,28.542408,29.46685,31.100328,25.09372,25.47869,24.821375,22.662516
11,34.423443,31.547977,27.475685,25.654634,22.409107,19.793745,16.63626,13.8341,10.048661,6.56669,4.348262,0.0,4.365182,6.4491053,7.2571535,8.881163,11.638087,13.054578,17.023556,20.427242,22.56968,27.364357,29.109468,33.412003,33.350163,30.926249,26.583992,26.05878,20.537607,20.937689,16.555128,16.131367,12.212184,11.123441,13.565639,12.480131,16.681437,18.386038,16.491987,16.234844,17.73648,19.160519,16.658228,19.676302,23.715178,22.881947,28.2539,27.10393,31.112484,34.423462,35.968536,38.640686,37.981377,36.049168,33.700348,34.007195,31.48005,30.14444,34.054604,30.489985,27.618279,30.427,29.259924,27.120623,29.889198,24.695566,25.164692,26.157381,24.60518,21.367153,20.66696,19.911016,16.801577,15.677445,16.527422,15.109381,11.290588,10.879428,12.209916,10.012623,6.455326,9.056332,7.421872,10.815092,12.9577,14.608731,18.202929,21.159231,24.348593,27.39498,26.665384,26.182812,20.548693,19.447554,15.691116,18.494694,15.542854,18.303686,19.786715,20.159962,21.979574,24.223024,26.978273,31.27817,31.976624,32.596222,34.10743,27.748735,28.322676,27.03589,24.972157
12,35.673138,33.13855,28.739859,27.459003,24.498142,20.99184,18.608673,15.737002,12.107868,9.187287,5.802925,4.365182,0.0,3.1080868,6.2373753,7.909608,11.524118,13.589032,17.35044,21.238562,22.88537,28.25816,29.311083,33.66881,33.96517,31.028622,27.124601,25.893072,20.509632,20.254921,15.464613,14.857933,8.984457,9.22642,10.054612,9.2880945,13.643474,14.9993725,13.951292,14.381727,14.627609,17.066357,14.214598,18.08632,22.596899,22.159056,27.61697,27.287497,31.0787,34.782375,35.943684,38.251984,37.694504,35.06717,33.030827,33.15699,30.184282,28.60325,32.06598,28.249313,25.65909,28.368263,27.893019,25.735638,29.14384,23.891562,23.834566,25.245514,22.831854,19.868029,20.408764,18.980558,15.180163,15.19267,16.559128,13.866539,10.188643,11.62335,12.690728,9.517514,7.962752,11.72965,9.958475,13.336412,14.36945,16.847492,19.184292,22.175245,25.394386,28.703466,28.378347,28.392103,22.434183,22.065563,18.053402,21.666115,18.240685,20.352674,22.026443,21.85554,24.445078,25.772043,28.84236,32.827366,33.98511,34.991806,36.347385,30.161108,30.134712,29.079317,26.463432
13,33.767807,31.433346,26.846031,25.99215,23.237503,19.176073,17.519281,14.525861,11.451368,9.058741,5.9758983,6.4491053,3.1080868,0.0,4.310792,5.848026,9.331936,11.975344,15.279217,19.465324,20.684893,26.390158,27.048159,31.41854,32.037212,28.93236,25.376774,23.676384,18.718395,17.81154,13.372993,12.061633,6.106404,6.465275,7.4160433,7.543756,11.405775,12.433641,11.028285,11.369128,11.67683,14.189449,11.678604,15.93151,20.194883,20.188292,25.660044,25.650482,29.285412,33.215714,34.018833,36.219864,35.48234,32.661285,30.559832,30.483362,27.524357,25.760752,29.154535,25.43469,22.849495,25.919178,25.6408,23.75722,27.584362,22.495754,22.596067,24.633112,21.945257,18.593237,19.869532,18.732035,14.505929,14.570765,16.775032,14.27638,10.154321,12.363377,14.057342,11.100863,9.659816,13.903528,11.034247,13.816483,14.148541,16.490246,18.349241,20.777052,24.19524,27.526628,27.557951,28.022036,22.169973,22.38276,18.70078,22.848852,19.652708,21.793674,23.040451,22.271172,24.978712,25.646507,28.475363,32.294197,33.519833,34.7737,36.311447,30.466345,30.32527,29.760504,27.064394
14,30.892117,28.380632,23.663877,23.162477,20.26569,16.08165,15.212167,11.340881,9.769964,7.1922035,6.220176,7.2571535,6.2373753,4.310792,0.0,5.7889524,7.0872235,10.73144,13.246691,17.633486,18.497065,24.312658,25.067514,29.449324,30.390646,27.637573,24.222,22.423769,18.215237,16.666807,13.647508,10.583721,7.647178,3.9606729,7.9684095,7.6740856,10.68367,12.245471,9.463757,9.246824,12.228365,13.882511,12.720598,16.674156,19.831272,20.248758,25.654469,25.24434,28.868456,32.759125,33.33722,35.78266,34.5109,32.130558,29.444181,29.033491,26.744757,24.755804,28.478596,25.336378,22.484076,26.485489,25.892609,24.542604,28.398483,23.62555,24.438673,26.868568,24.56334,20.553646,21.606121,21.346792,17.242378,16.39458,19.034832,17.597754,12.992861,14.429426,16.803247,14.443404,11.756329,15.538324,11.86427,13.914935,14.508545,15.551821,18.317043,19.614754,23.471243,26.50227,26.657856,27.252806,21.981003,22.168446,19.238688,23.114073,20.687195,23.46309,24.134285,23.247488,25.263987,26.092201,28.183846,32.148914,32.891388,34.035824,36.081726,30.510414,30.91707,30.700975,28.469635
15,28.441805,26.286982,21.876127,20.810553,18.395208,14.290241,12.502964,10.514131,7.289676,7.0485067,5.163928,8.881163,7.909608,5.848026,5.7889524,0.0,4.4579506,6.2517576,9.701502,13.714224,15.159706,20.670172,21.45997,25.808182,26.225668,23.189795,19.535446,18.009146,12.991849,12.398944,8.2035885,7.6204023,6.130278,6.939575,9.970931,11.70095,14.155428,14.388448,11.23945,9.473401,10.398313,10.452314,8.456961,11.399304,15.057359,14.8572,20.321884,19.97769,23.655645,27.54128,28.349928,30.726744,29.903769,27.496204,25.219301,25.42336,22.67183,21.311148,25.223547,21.712727,18.763767,21.881966,20.830006,19.146706,22.715668,17.867985,18.810696,21.310373,19.316185,15.007925,16.004236,16.155333,12.193963,10.895532,14.114032,13.491617,8.648592,10.4946375,13.526906,12.000877,9.814,14.158273,9.459849,10.656144,9.857131,11.845897,13.11184,15.00983,18.52718,21.832708,22.100496,22.98238,17.379257,18.357843,15.419528,20.266342,17.734144,20.048294,20.29163,18.64308,21.227165,21.102274,23.46121,27.133581,28.331795,29.823313,31.57598,26.246346,26.109385,26.294086,23.778383
16,24.451847,22.250895,17.646112,17.050602,14.710444,10.07903,9.6103325,7.134418,6.3900843,7.320135,7.9129148,11.638087,11.524118,9.331936,7.0872235,4.4579506,0.0,4.545798,6.1795745,10.658324,11.538419,17.330223,18.103733,22.485975,23.307867,20.599722,17.240763,15.463992,11.659185,10.050819,8.4054365,5.3747296,8.767463,7.1273417,11.65205,13.387178,14.800201,15.081337,10.74742,7.767262,11.233628,9.742592,9.805352,11.8661995,13.709917,14.1418915,19.328602,18.601707,22.146456,26.014902,26.453865,29.059677,27.62178,25.710684,22.78104,22.646769,20.67514,19.149927,23.467358,20.679457,17.44178,21.55659,20.110174,19.18627,22.755507,18.533276,20.325401,23.334791,21.775215,16.897703,17.807955,18.985126,15.358582,13.278364,16.90169,17.335375,12.513251,13.64879,17.116684,16.118752,13.259019,17.04661,11.826692,11.836842,10.939462,11.128661,12.923771,12.969974,17.024517,19.942398,20.548653,21.831707,17.103052,18.39708,16.590483,21.211605,19.613173,22.38143,21.887348,19.902647,21.746096,21.40622,22.780922,26.4248,27.152527,28.663067,30.979198,26.225014,26.564028,27.344873,25.32488
17,22.83752,20.7185,16.766829,15.075938,13.035147,9.555125,7.051272,7.3792934,5.0310025,8.103942,8.769192,13.054578,13.589032,11.975344,10.73144,6.2517576,4.545798,0.0,4.681576,7.6953387,10.02915,14.753193,16.253628,20.508417,20.448626,17.888535,13.785283,13.086962,8.110918,8.729307,6.598279,7.4178987,11.411707,11.449755,15.398818,17.361156,19.06453,19.047863,14.913928,11.681932,13.662171,10.864688,10.374947,10.295597,12.010255,11.2612095,16.32213,14.864452,18.708902,22.254492,23.272331,26.098284,25.059328,23.676176,20.975088,21.619045,19.577057,18.924421,23.519104,20.640127,17.324142,20.393768,18.026993,16.769535,19.409765,15.222028,17.510271,20.140978,19.496113,14.460499,14.24807,16.277609,13.533927,10.359367,13.9229355,15.757126,11.2787485,11.524152,15.343936,15.407058,12.571647,15.906443,10.404762,9.126507,7.2604227,7.363005,8.417311,8.933314,12.762748,15.836206,16.250433,17.516298,12.669541,14.419355,13.032436,18.003622,16.749306,19.339794,18.281952,15.856401,17.677715,16.928776,18.286892,21.915718,22.767105,24.3703,26.536362,21.901783,22.125872,23.179338,21.275986
18,18.852997,17.050753,12.781586,12.098802,10.782442,6.1734815,6.857204,7.5356894,8.524063,11.558994,12.920332,17.023556,17.35044,15.279217,13.246691,9.701502,6.1795745,4.681576,0.0,4.7492204,5.585208,11.197512,12.125906,16.474424,17.1514,14.67283,11.435106,9.816866,7.3834686,5.872425,7.8553243,6.4918733,13.556645,12.801982,16.94114,19.210186,19.874346,19.57381,14.914508,11.035398,14.108779,10.060687,11.561802,10.835216,10.1054,10.548201,14.910427,13.559282,16.891169,20.604523,20.842714,23.710445,21.957407,20.851696,17.510462,17.71326,16.452211,15.632062,20.503923,18.444674,14.985116,19.032736,16.518705,16.311544,19.221825,16.049873,18.94131,22.323956,21.711493,16.407833,16.926228,19.521217,16.8365,13.850815,17.79379,19.832312,15.522446,16.088722,19.920433,19.97401,17.219828,20.479353,14.958536,13.299908,11.292066,10.093955,10.416847,7.9510493,12.193478,14.701318,15.9345045,18.0612,14.55789,16.958986,16.690218,21.40628,20.814314,23.436058,21.87284,19.016727,20.356861,18.845821,19.107683,22.25882,22.81582,24.666637,27.326775,23.69,24.07222,25.885565,24.291346
19,15.614042,14.024242,10.822146,9.027496,8.809638,6.559503,6.404558,9.818404,10.86535,14.599643,16.263874,20.427242,21.238562,19.465324,17.633486,13.714224,10.658324,7.6953387,4.7492204,0.0,4.2343926,7.062526,9.2940445,13.290933,13.030203,11.221475,7.3091874,7.4488397,6.1522408,7.0982847,10.178826,10.854736,17.871487,17.5103,21.593245,23.895626,24.614544,24.21302,19.576914,15.631821,18.179739,13.46571,14.9139595,12.477729,10.3490095,9.88236,12.933948,10.263018,13.570924,16.688683,17.29292,20.589994,18.834782,18.918463,15.459695,16.413342,15.843177,16.05416,21.092894,19.541307,16.186342,19.350918,15.770686,15.827503,17.412357,15.172817,18.81053,21.879185,22.34021,17.121735,16.600006,20.171839,18.529066,14.889161,18.427351,21.667336,17.895172,17.68655,21.539871,22.404709,19.643202,22.26229,16.897352,14.248245,11.913063,9.713102,9.033336,4.1727133,8.273733,10.215674,11.750791,14.384736,12.214381,15.228738,16.264019,20.642097,20.901905,23.364202,21.031185,17.779058,18.46902,16.320007,15.554318,18.371521,18.657282,20.656313,23.538612,20.769356,21.31847,23.806074,22.735193
20,14.000088,13.011548,9.086908,9.541422,10.056571,6.3045044,9.471959,11.372461,13.605169,16.85391,18.486765,22.56968,22.88537,20.684893,18.497065,15.159706,11.538419,10.02915,5.585208,4.2343926,0.0,6.596977,6.689174,11.024947,12.360921,10.22603,8.457307,6.1787443,8.225949,5.990308,11.367246,10.152348,18.240635,17.492956,21.373257,23.899485,23.806616,23.148067,18.417093,14.373467,17.406994,12.390078,15.107439,13.08919,9.547366,10.758455,13.259291,11.777851,14.132148,17.655918,17.061697,20.020407,17.49967,17.23461,13.17848,13.23532,13.330012,12.985449,18.06454,17.23559,13.912613,18.184006,15.145273,16.147207,18.593138,16.959236,20.483976,24.265413,24.124006,18.85736,19.55658,22.854702,20.710613,17.696564,21.6791,24.30668,20.4023,20.923916,24.764624,25.163427,22.567848,25.600744,20.113413,17.898495,15.576776,13.676671,12.868016,7.973323,11.461781,12.895947,15.071901,18.1231,16.37752,19.458555,20.349504,24.794127,24.901077,27.357016,25.173538,21.839228,22.688852,20.227036,19.261211,21.570475,21.852438,24.013601,27.042812,24.787159,25.208298,27.89734,26.6962
21,9.549559,9.298113,8.240265,7.2547107,9.901322,10.034235,11.787471,15.439231,17.573803,21.293861,23.270626,27.364357,28.25816,26.390158,24.312658,20.670172,17.330223,14.753193,11.197512,7.062526,6.596977,0.0,4.9378505,7.3492885,6.8289256,7.1576114,5.821196,7.176481,10.81957,11.291149,16.17277,16.567505,24.335041,23.785204,27.80096,30.24506,30.35933,29.733747,25.006441,20.961973,23.642649,18.367329,20.683615,17.421583,13.191201,13.222171,13.445412,10.302166,11.759516,13.728823,13.495705,17.106342,14.374438,16.497627,12.420428,13.589933,15.077537,16.162485,20.94746,20.890463,17.982166,20.861654,16.742697,18.047861,18.51595,18.3274,22.452913,25.616713,26.748114,21.821383,21.264582,25.430408,24.428778,20.84275,24.165937,27.945341,24.576824,24.237116,28.007551,29.209606,26.518139,28.800589,23.600924,20.557837,18.240015,15.498144,14.15686,8.187112,9.53123,8.938998,11.593068,15.151468,15.851415,19.18725,21.554035,25.221642,26.370047,28.638235,25.656134,22.143028,21.999146,19.043337,16.493093,17.954023,17.558294,19.783253,23.16638,22.49334,23.257336,26.718382,26.342712
22,10.692144,11.730478,9.925882,11.219703,13.658911,11.922634,15.031447,17.728344,19.941212,23.405136,24.936247,29.109468,29.311083,27.048159,25.067514,21.45997,18.103733,16.253628,12.125906,9.2940445,6.689174,4.9378505,0.0,4.3870735,6.9475017,5.3728056,7.468679,5.391529,11.557178,10.109695,16.120153,15.86587,23.972065,23.778015,27.178785,30.02784,29.472303,28.386845,23.902418,19.956331,22.141241,16.681366,19.769417,16.578337,11.2503,12.631289,12.212522,11.023345,11.347885,14.226453,12.332143,15.1734705,11.741148,12.927839,8.29092,8.745629,10.865845,11.852614,16.418982,17.048412,14.4406805,17.793604,14.275964,16.508177,17.956966,18.332571,22.195702,26.13554,26.558308,21.705952,22.542385,26.351076,24.91429,22.039843,25.886875,29.021555,25.706442,26.252056,29.99036,30.773684,28.549368,31.428482,26.054274,23.451338,20.730713,18.811424,16.666998,11.136742,12.549058,12.529774,15.612537,19.463621,19.449863,23.139421,24.867712,29.12381,29.698252,31.737326,29.049921,25.25423,25.85553,22.265968,20.289421,21.224903,21.479506,24.055105,27.106224,26.557026,26.695808,30.252512,29.345945
23,9.619814,12.058757,11.95355,13.422962,16.531378,15.762982,18.79294,21.766573,24.078583,27.628952,29.226826,33.412003,33.66881,31.41854,29.449324,25.808182,22.485975,20.508417,16.474424,13.290933,11.024947,7.3492885,4.3870735,0.0,5.0335364,5.626642,9.713114,8.797465,15.206624,14.231923,20.1372,20.156456,28.226484,28.114317,31.419613,34.32805,33.604248,32.407875,28.007488,24.120163,26.112995,20.616667,23.750849,20.208128,14.588129,15.797089,13.957889,12.838088,11.815959,13.582732,10.869971,13.477628,9.307034,12.246912,7.8185124,8.554583,12.09353,13.766329,17.53644,19.05408,17.015333,19.629082,16.047512,18.736631,19.36697,20.828634,24.748756,28.56217,29.369122,24.831526,25.53523,29.56198,28.525276,25.665958,29.32659,32.742085,29.687263,30.119177,33.79918,34.795994,32.64827,35.364147,30.07381,27.268497,24.503279,22.445902,20.011303,14.468607,14.860805,13.898658,17.137777,21.135963,22.191433,25.9795,28.188084,32.172432,33.08374,34.960705,32.001896,28.099197,28.408632,24.455624,21.860388,21.975056,22.033436,24.68104,27.73821,28.273962,28.386333,32.34816,31.732613
24,10.808436,12.714636,13.636362,13.136753,16.315128,16.803804,18.208342,22.156645,23.710443,27.563196,29.120296,33.350163,33.96517,32.037212,30.390646,26.225668,23.307867,20.448626,17.1514,13.030203,12.360921,6.8289256,6.9475017,5.0335364,0.0,4.7301817,7.4694157,9.351514,14.399997,15.388542,20.270699,21.712847,29.315252,29.635777,33.083782,35.935757,35.818615,34.738163,30.312172,26.325714,27.88301,22.316582,24.636719,20.40728,15.400008,15.2472105,12.806678,10.265084,9.135321,9.543726,8.216723,11.784371,8.840886,13.0981865,9.908936,12.265238,14.501398,16.910034,20.77418,21.480526,19.356182,20.663843,16.224983,18.217934,17.340939,19.149014,23.30687,26.387049,28.093739,23.82356,23.429176,27.866312,27.617746,24.35865,27.457167,31.56753,28.925959,28.765244,32.30426,33.84984,31.757957,33.9971,29.007648,25.813618,22.998768,20.873512,17.972996,12.746436,11.798879,9.993675,13.214195,17.259113,19.20076,23.075464,25.801308,29.43218,30.710064,32.31218,29.027761,25.090832,25.060825,20.838427,17.756313,17.35685,17.36484,20.13284,23.025627,24.186012,24.259523,28.483963,28.221195
25,13.839071,15.2720785,14.554198,14.407684,16.896545,15.853161,17.285608,20.849281,21.84361,25.585989,26.605822,30.926249,31.028622,28.93236,27.637573,23.189795,20.599722,17.888535,14.67283,11.221475,10.22603,7.1576114,5.3728056,5.626642,4.7301817,0.0,5.492584,5.404012,11.091501,11.646146,16.527544,18.306776,25.648344,26.609573,29.539352,32.675903,32.46298,31.096834,26.953884,23.076742,23.82856,18.238712,20.543537,16.182882,10.926361,11.117389,8.612547,7.431472,6.341955,9.095541,7.0851736,10.208195,7.673736,9.641378,6.411927,9.29033,10.233031,12.827195,16.795761,16.9786,14.847116,15.996096,11.615207,13.789367,13.828938,15.439867,19.428019,23.063568,24.169132,19.862827,20.395655,24.506819,23.931833,21.14152,24.621284,28.230694,25.682327,26.153353,29.638235,30.897066,29.254307,31.96923,26.88684,24.060562,20.829618,19.570787,15.858611,11.133267,10.686015,10.39889,13.806783,17.994135,18.326738,22.55618,24.42574,28.803171,29.3407,30.729979,27.842197,23.669,24.573708,19.934347,17.997355,17.904007,18.88523,21.942219,24.367825,24.555613,23.96593,27.953394,26.955784
26,14.937546,14.949854,13.808604,11.948517,13.647124,13.133487,12.836361,17.030865,17.29757,21.21447,22.29906,26.583992,27.124601,25.376774,24.222,19.535446,17.240763,13.785283,11.435106,7.3091874,8.457307,5.821196,7.468679,9.713114,7.4694157,5.492584,0.0,5.2422647,7.2169785,9.976798,13.451515,16.167458,22.949251,23.88595,27.20223,30.031069,30.542397,29.560858,25.28952,21.368467,22.304121,16.956112,18.339584,13.973656,10.2398,8.852924,8.394939,4.495796,6.7812023,9.468267,10.227716,13.800815,12.597384,13.892115,11.224706,13.776288,13.44065,15.418827,19.948622,18.906467,16.192638,17.311632,12.593448,13.233146,12.871713,12.914741,17.156548,20.133135,21.669186,17.086458,16.361572,20.733551,20.380085,16.932064,20.084429,24.153637,21.517878,21.352798,24.870918,26.418274,24.513304,26.881777,21.935883,18.877321,15.752222,14.322341,10.670843,5.8868337,5.3869743,6.005662,9.131095,13.144637,12.894675,17.084003,19.004639,23.312674,23.930191,25.451427,22.50423,18.459274,19.224625,14.988578,13.287997,14.225962,15.180038,18.060802,20.518507,19.68914,19.361572,23.03623,22.11779
27,15.632833,15.972961,13.515331,13.496212,14.925987,12.337654,13.852443,16.717062,17.456587,20.971016,21.746042,26.05878,25.893072,23.676384,22.423769,18.009146,15.463992,13.086962,9.816866,7.4488397,6.1787443,7.176481,5.391529,8.797465,9.351514,5.404012,5.2422647,0.0,6.837107,6.2450995,11.48591,12.930117,20.28231,21.284706,24.141115,27.289438,27.148304,25.823757,21.68841,17.8275,18.589071,13.018537,15.382624,11.50844,6.3499465,7.248179,7.589768,7.190393,8.510439,12.632465,11.505048,14.125026,12.181014,11.507952,8.175525,9.771585,8.945252,10.320042,15.067169,14.161822,11.312483,13.726141,9.838989,11.425872,13.343053,13.101695,16.86532,20.947033,21.17187,16.333803,17.53812,21.171785,19.785686,17.16531,21.128036,24.103086,21.131277,22.036922,25.617966,26.423573,24.777014,27.899069,22.644323,20.257116,16.99653,16.207344,12.77314,8.40472,9.797122,11.2040615,14.154886,17.956926,16.503296,20.561266,21.521254,26.407906,26.313164,27.921711,25.537088,21.511917,23.004313,18.925209,18.091566,19.17575,20.391752,23.24475,25.637009,24.297337,23.702314,27.025967,25.496716
28,20.266928,19.423122,16.541128,14.86537,14.792885,12.215517,10.83525,13.86276,12.51254,16.056143,16.198578,20.537607,20.509632,18.718395,18.215237,12.991849,11.659185,8.110918,7.3834686,6.1522408,8.225949,10.81957,11.557178,15.206624,14.399997,11.091501,7.2169785,6.837107,0.0,5.778739,6.360701,10.631676,16.137167,17.983675,20.775606,23.711985,24.63784,23.619324,19.751656,16.150276,16.07257,11.274766,11.559565,7.477982,6.4800153,4.1608934,8.363451,7.056484,10.728368,14.613097,15.484209,18.142818,17.646254,16.369091,14.354999,16.147331,13.738176,14.587826,19.116112,16.469702,13.415995,14.774284,11.082729,10.157506,11.978473,9.126382,12.685377,16.082006,16.388512,11.238437,11.459217,15.010297,13.676658,10.49835,14.404306,17.574074,14.643796,15.275525,18.81148,19.827387,18.355957,21.41884,16.374481,14.112021,10.494038,10.909546,6.5984488,5.262973,7.3893013,10.673415,12.316651,15.119269,11.4775,15.377845,15.327148,20.692495,19.952484,21.401577,19.40278,15.492188,17.734135,14.124301,14.895707,17.06071,18.791534,21.368174,23.190786,20.22924,19.362177,21.88115,19.84936
29,19.533339,18.92553,15.01784,15.216712,15.166409,10.709511,12.152576,13.378903,13.595127,16.469296,16.73616,20.937689,20.254921,17.81154,16.666807,12.398944,10.050819,8.729307,5.872425,7.0982847,5.990308,11.291149,10.109695,14.231923,15.388542,11.646146,9.976798,6.2450995,5.778739,0.0,6.518305,6.789931,14.130612,15.2584715,17.898203,21.100487,21.037146,19.750666,15.682016,11.91181,12.606897,7.1872296,9.702838,7.4118958,4.484724,6.5749283,10.496755,11.05127,13.514885,17.961477,17.29654,19.481329,17.933508,15.67543,12.8702755,13.194303,10.917082,10.328382,15.091887,12.835432,9.409112,13.3111105,11.042037,11.490322,15.322027,12.954072,15.7918415,20.13694,19.067427,13.862268,16.084936,18.655273,16.022753,13.965785,18.436924,20.202127,16.648663,18.325075,21.89941,21.927362,20.36089,24.07472,18.730106,17.226492,14.165815,14.287573,11.798101,9.287798,12.349104,14.96086,17.076303,20.07829,16.729496,20.165178,19.783161,25.106434,24.122507,25.94712,24.369911,20.782063,22.954865,19.843618,20.314983,22.42355,23.800047,26.316889,28.551052,25.700497,25.103558,27.495886,25.380629
30,25.08795,23.933086,20.07355,19.088854,18.06477,14.025193,12.846864,13.669411,11.251319,13.56753,12.427469,16.555128,15.464613,13.372993,13.647508,8.2035885,8.4054365,6.598279,7.8553243,10.178826,11.367246,16.17277,16.120153,20.1372,20.270699,16.527544,13.451515,11.48591,6.360701,6.518305,0.0,6.847112,10.03318,13.128847,14.951983,18.127419,19.22878,18.061178,14.832028,11.897098,10.362868,6.843355,5.457061,3.7416062,7.446297,6.830611,12.293001,12.905614,16.160427,20.402283,20.880083,22.890265,22.508621,19.737276,18.116638,19.0273,15.605214,15.184633,19.128906,15.420786,12.471826,14.403374,12.728305,11.055624,14.870733,10.522626,12.175561,15.898634,14.246966,9.054661,11.4211445,12.941108,9.730976,8.088857,12.708231,13.747108,10.284786,12.601427,15.877694,15.736581,14.932385,18.945965,14.04696,13.335272,10.035707,12.297011,9.441224,10.663674,13.336261,16.831253,17.975468,20.032827,14.933813,17.86133,15.989515,21.753643,19.71852,21.08791,20.299265,17.039152,20.23334,17.630297,19.743107,22.336622,24.298403,26.610243,28.102966,24.02641,22.91085,24.377148,21.569733
31,23.809767,22.422962,17.65753,18.154257,16.790956,11.313296,12.729282,11.272954,11.306784,12.64572,12.4739685,16.131367,14.857933,12.061633,10.583721,7.6204023,5.3747296,7.4178987,6.4918733,10.854736,10.152348,16.567505,15.86587,20.156456,21.712847,18.306776,16.167458,12.930117,10.631676,6.789931,6.847112,0.0,8.405386,8.569222,11.386038,14.395191,14.396089,13.497131,9.206162,5.525958,7.794734,4.783922,6.9524064,9.081352,9.999143,11.794956,16.666523,17.243586,20.117386,24.508045,24.077442,26.158787,24.590767,21.839954,19.113436,18.578562,16.20305,14.24851,18.286655,15.508158,12.343299,17.094717,16.364855,16.071556,20.596878,16.975359,18.676407,22.680105,20.488718,15.540299,18.154736,19.332397,15.429253,14.20835,18.57542,18.693304,14.386381,16.714014,20.064552,18.959097,17.205107,21.406942,16.245483,16.074192,14.056146,14.743648,14.40052,13.5570965,17.349289,20.272797,21.67878,23.828888,19.399101,21.710094,20.13427,25.310186,23.592087,25.808628,25.15239,22.431053,24.805103,23.116568,24.374443,27.301657,28.485355,30.534603,32.770767,28.739935,28.456738,29.860725,27.485983
32,32.005795,30.320889,25.578638,25.43922,23.391077,18.455647,18.017506,15.708005,13.375243,12.615737,10.052581,12.212184,8.984457,6.106404,7.647178,6.130278,8.767463,11.411707,13.556645,17.871487,18.240635,24.335041,23.972065,28.226484,29.315252,25.648344,22.949251,20.28231,16.137167,14.130612,10.03318,8.405386,0.0,6.3121004,5.31978,8.5914955,10.252732,9.490494,8.0227995,8.036001,5.670327,8.863099,6.453105,11.647262,15.811945,16.590046,21.852505,22.910955,26.039148,30.401194,30.529531,32.260338,31.521807,27.985998,26.219788,25.943474,22.559135,20.596418,23.537012,19.65902,17.333788,20.491352,20.92126,19.386335,24.05192,19.370783,19.334984,22.449678,19.03811,15.447374,18.518528,17.53487,12.766584,13.60101,17.015858,14.554124,10.709807,14.373661,16.4923,13.955361,13.634668,18.324982,14.595735,16.369705,15.139195,17.735651,17.734816,19.463842,22.787947,26.216465,26.951399,28.280134,22.57955,23.99632,20.741985,25.812723,22.734726,24.400867,25.130024,23.295233,26.544611,25.70053,28.385746,31.594646,33.26766,35.091858,36.619755,31.487867,30.739319,30.98099,27.922264
33,30.120699,27.9709,22.978912,23.295197,20.799847,15.809818,16.320408,12.465259,11.988727,10.362264,9.582917,11.123441,9.22642,6.465275,3.9606729,6.939575,7.1273417,11.449755,12.801982,17.5103,17.492956,23.785204,23.778015,28.114317,29.635777,26.609573,23.88595,21.284706,17.983675,15.2584715,13.128847,8.569222,6.3121004,0.0,5.5460258,6.5245,7.8869133,8.955468,5.534724,5.6722445,9.381932,11.456229,11.241007,15.697645,18.329605,19.529387,24.775322,24.988972,28.262575,32.4593,32.459473,34.642857,33.130363,30.339378,27.630264,26.794865,24.515188,22.114933,25.533476,22.591095,19.891735,24.458645,24.392162,23.489113,27.951744,23.512571,24.327793,27.440845,24.675629,20.525383,22.614733,22.43165,17.982744,17.551477,20.849852,19.255545,14.732681,16.98702,19.514431,17.09175,15.03067,19.137348,15.131835,16.752691,16.571268,17.568207,19.47294,20.012947,23.991053,26.998564,27.644695,28.79933,23.726595,24.563353,21.918348,26.232012,23.879654,26.472296,26.91351,25.49006,27.724934,27.776289,29.65222,33.30592,34.192364,35.642292,37.813965,32.67312,32.843082,33.088146,30.69353
34,34.543186,32.742123,27.707973,28.220375,25.969055,20.766886,21.220598,17.82106,16.542799,14.834691,12.764438,13.565639,10.054612,7.4160433,7.9684095,9.970931,11.65205,15.398818,16.94114,21.593245,21.373257,27.80096,27.178785,31.419613,33.083782,29.539352,27.20223,24.141115,20.775606,17.898203,14.951983,11.386038,5.31978,5.5460258,0.0,4.146255,5.0841646,5.0622125,5.4523973,8.055749,7.621976,12.135058,11.107275,16.500946,19.944519,21.339645,26.473057,27.615898,30.61725,35.070705,34.848835,36.528408,35.380417,31.719378,29.666842,28.758314,25.764849,23.17456,25.699217,22.284885,20.222078,24.195724,25.178885,24.071308,29.048304,24.550817,24.461535,27.64405,23.950203,20.624222,23.813723,22.625387,17.826931,18.82306,21.983196,19.031517,15.357144,18.722216,20.510513,17.42807,16.873089,21.277117,18.053112,20.242569,19.687878,21.72272,22.58865,23.777544,27.420223,30.68498,31.470905,32.757057,27.240929,28.301584,25.066418,29.682667,26.65168,28.603298,29.578077,28.114704,31.063534,30.685932,33.15902,36.528217,37.934002,39.614796,41.389156,36.151928,35.714027,35.78891,32.861755
35,36.55684,34.406807,29.370106,29.758894,27.129261,22.277454,22.489754,18.48054,17.346933,14.773602,12.951815,12.480131,9.2880945,7.543756,7.6740856,11.70095,13.387178,17.361156,19.210186,23.895626,23.899485,30.24506,30.02784,34.32805,35.935757,32.675903,30.031069,27.289438,23.711985,21.100487,18.127419,14.395191,8.5914955,6.5245,4.146255,0.0,4.6521325,6.946475,7.775218,10.65617,11.745431,15.9395485,14.854438,20.098444,23.5543,24.738182,30.005997,30.70321,33.92228,38.23044,38.223476,40.120583,38.856045,35.49107,33.19413,32.223713,29.523312,26.889994,29.559607,26.319122,24.16307,28.271639,29.037584,27.841537,32.573765,27.885756,27.84236,30.618166,27.12628,23.903194,26.438124,25.128773,20.482368,21.241678,23.901402,20.806566,17.11388,19.86078,21.346386,18.00836,17.029709,20.951584,18.372242,20.987398,21.221693,22.955534,24.798452,26.125257,29.908667,33.093414,33.58941,34.48842,28.983824,29.433258,26.073744,30.093826,27.083858,29.301119,30.560562,29.661053,32.26983,32.672367,35.13639,38.82325,39.945576,41.3235,43.18541,37.611984,37.54128,37.217094,34.49739
