,0,1,2,3,4,5,6,7,8,9,10,11,12,13,14,15,16,17,18,19,20,21,22,23,24,25,26,27,28,29,30,31,32,33,34,35,36,37,38,39,40,41,42,43,44,45,46,47,48,49,50,51,52,53,54,55,56,57,58,59,60,61,62,63,64,65,66,67,68,69,70,71,72,73,74,75,76,77,78,79,80,81,82,83,84,85,86,87,88,89,90,91,92,93,94,95,96,97,98,99,100,101,102,103,104,105,106,107,108,109
0,0.0,4.343836,7.615635,10.168616,10.8413925,15.160388,15.503569,21.361164,22.603098,26.231997,30.070482,33.349205,32.993275,31.577734,27.97803,25.724634,22.232922,21.40855,17.838839,14.534215,14.810872,11.7928,13.394008,15.940601,16.690128,19.946014,17.48722,20.35378,17.725475,19.04415,19.914036,20.886787,27.74717,24.147123,28.823008,28.493727,31.529367,32.573822,29.233292,27.140593,30.229685,27.69176,28.332237,29.045042,27.52515,27.231724,29.454601,28.896364,26.42697,30.924553,30.628857,26.946312,30.717941,34.47501,30.940937,29.515474,35.12391,35.577724,33.246696,34.821842,40.139027,38.387493,37.18672,41.04636,43.745476,40.042572,40.20014,38.333076,35.73052,35.888023,32.828068,31.026054,31.410334,30.801641,35.28363,34.711678,40.023975,39.636772,41.399193,45.000866,44.32673,38.885166,35.732796,33.878006,29.826666,29.137362,25.778069,23.28896,21.10454,17.9568,17.506477,15.523286,13.364511,14.93733,14.04783,17.438446,16.97371,18.859554,18.618612,18.631166,21.619648,22.147118,24.619265,24.589348,24.289804,23.794783,23.008112,23.921688,22.667637,26.676456
1,4.343836,0.0,4.677141,6.495428,6.838295,10.860098,11.5938425,17.136799,18.675428,22.183752,26.14233,29.50827,28.820038,27.430838,23.686005,21.607716,18.043468,17.559385,14.001341,11.370785,12.084201,10.010973,12.793053,15.470524,17.367157,19.930096,17.50312,19.432037,15.90457,16.901138,16.92772,17.326523,23.922758,20.141903,24.772072,24.278355,27.51105,28.663958,25.572157,23.717793,26.73622,24.785591,25.352987,26.619057,25.93027,25.546934,28.371117,28.201283,26.210327,30.215923,29.39538,25.80459,30.048178,33.2156,29.281416,28.552818,33.947968,33.804825,31.558914,33.575687,38.648106,36.379196,35.655384,39.590286,41.993687,38.100925,38.689037,37.39231,34.324116,34.08288,30.729439,28.81885,28.70041,28.06514,32.251667,31.695667,36.89416,36.08667,38.18994,41.532955,40.97759,35.568966,32.28161,30.696535,26.596247,26.010519,23.058517,20.634226,19.197561,16.189304,16.656515,14.535848,11.53236,13.456736,12.76603,15.508564,14.3945055,16.954628,16.268414,17.386238,19.862947,21.450335,24.661474,23.820713,22.998257,22.131319,20.512104,21.385357,19.508001,23.530697
2,7.615635,4.677141,0.0,4.9904904,7.849049,9.27576,12.697879,16.95687,19.303637,22.508604,26.494825,30.233416,28.515814,27.005335,22.786932,21.1931,17.110006,17.680744,12.52555,11.998286,11.498987,10.341698,14.241659,15.776579,17.528637,20.291948,19.092665,19.822329,17.042896,16.562918,17.44854,15.964295,22.833675,18.091463,22.922035,21.993214,24.86757,26.382273,23.132984,21.491096,25.19192,23.264523,24.843552,26.463617,25.857107,26.253067,28.671404,29.313278,28.103643,31.830898,30.478743,27.626417,32.27465,34.843243,31.081543,31.182531,36.244488,35.72095,33.98013,36.3025,40.925476,38.56701,38.49509,42.451572,44.731853,40.914795,41.973995,41.063046,37.840458,37.27758,33.766888,31.549353,30.985918,29.981308,33.935356,32.958775,38.05091,36.403286,38.62934,41.608345,40.738377,35.328552,31.760592,30.849703,26.886812,27.02279,23.983528,22.58017,21.539793,19.182106,20.270086,18.465454,15.30268,17.422838,16.63153,18.94062,17.48665,20.54255,19.363312,21.253254,23.002941,25.225443,28.765316,27.800365,26.644163,25.758392,23.396456,24.296778,21.72599,25.610235
3,10.168616,6.495428,4.9904904,0.0,4.543015,6.3773007,9.269536,14.0075245,15.529141,19.224728,22.517187,26.81632,25.044807,23.11476,19.427227,17.106663,13.076733,13.15743,7.923103,7.2365685,6.878647,6.8323874,11.269664,12.94504,15.967695,17.580698,16.20609,16.171497,12.729453,12.13673,12.535441,11.221273,18.20095,14.070197,18.84741,18.684183,21.416502,22.435223,19.144001,17.2816,20.581747,18.73201,19.915058,21.644588,21.546282,21.726095,24.611742,25.398018,24.567924,27.826235,26.146214,23.445272,28.353146,30.450893,26.591541,27.258728,32.026264,31.188206,29.71697,32.267715,36.56044,34.129448,34.50648,38.452267,40.66219,37.032944,38.527355,37.984108,34.793602,33.940884,30.48101,27.756807,27.085588,25.630268,29.660978,28.294495,33.416576,31.705748,33.732502,36.784393,35.825798,30.394825,26.876022,25.885094,21.946379,22.275179,19.11542,18.224817,17.409945,15.674151,17.461529,16.203196,13.305957,16.36461,16.65284,18.226143,15.771534,18.775412,16.38382,18.927826,19.562378,22.457174,26.49186,25.38591,23.785933,23.497728,20.310778,21.865751,19.075989,23.251383
4,10.8413925,6.838295,7.849049,4.543015,0.0,5.9487276,5.235415,11.213935,12.144116,16.0011,19.502901,23.345112,22.45133,20.794168,17.453104,14.88868,11.523803,10.728202,8.275867,5.8629,8.243626,8.379961,11.813481,14.695989,18.329903,19.250874,16.603521,17.192846,12.12862,13.131335,11.104629,11.598302,17.432653,14.32422,18.618526,18.60649,22.03043,22.843409,20.189812,18.516954,20.81867,19.777046,19.590473,21.502768,22.201328,21.326149,25.200089,25.345932,24.007807,27.083271,25.604326,22.129658,26.862947,29.108122,24.669292,24.970592,29.878044,28.913462,26.874762,29.467209,34.055206,31.187689,31.210255,35.175896,37.207123,33.26533,34.5745,34.1204,30.65023,29.800123,26.230223,23.860237,23.153656,22.216158,26.128763,25.396872,30.478907,29.332819,31.658052,34.822647,34.427876,29.086782,25.783186,24.297777,20.162668,19.628674,17.237005,14.998277,14.70334,12.352794,14.34896,12.654099,9.298376,12.287816,12.976839,14.055188,11.307088,14.353675,12.080328,14.935411,15.8573675,19.0336,23.236671,21.493008,19.812014,19.087418,15.927292,17.330702,14.658222,18.921791
5,15.160388,10.860098,9.27576,6.3773007,5.9487276,0.0,6.7594824,8.327013,11.21234,13.936964,17.81524,21.783695,19.381702,17.848387,13.53205,12.230614,8.12446,9.897157,6.0992427,8.825575,10.052753,11.961069,16.22076,18.029177,21.725471,22.5066,20.946148,20.112804,15.541326,14.830359,12.679258,9.924573,14.914912,10.234819,14.619419,13.516819,17.213701,18.744968,16.54045,15.693756,18.474836,18.583185,19.250185,22.158787,23.813408,23.545101,27.40511,28.469257,28.05606,30.484325,28.27575,25.598925,30.70663,31.988354,27.498852,28.912693,33.222374,31.482595,29.911367,32.985542,36.92874,33.535553,34.396923,38.308777,39.879227,35.82993,37.726192,38.001488,34.064903,32.711708,28.85297,26.497335,24.882395,23.86787,26.90104,26.048647,30.659206,28.254213,31.223822,33.616077,33.196373,28.025434,24.338253,23.946037,20.052006,20.284077,18.717499,17.525892,18.478287,16.925606,19.58732,17.996758,14.398626,16.73019,16.901676,17.23058,14.4537735,18.093302,15.896632,19.704596,19.968029,23.972626,28.473433,26.135021,24.071436,22.740143,18.78331,19.682217,15.984083,19.525312
6,15.503569,11.5938425,12.697879,9.269536,5.235415,6.7594824,0.0,7.0623016,7.103751,11.019605,14.585362,18.155174,17.751812,16.323746,13.46539,10.766788,8.497228,7.122496,8.593313,7.0740204,10.855287,12.176794,14.944892,18.038265,22.306664,22.276875,19.172081,19.339134,13.204764,14.762551,10.103811,11.332497,14.946648,13.051757,16.399637,16.531797,20.509153,21.113567,19.408585,18.237707,19.391624,19.727652,18.30944,20.831036,22.935236,21.239319,26.121393,26.124607,24.924572,27.218803,25.508867,21.797539,26.480377,28.155317,23.114414,23.818954,28.333416,26.712364,24.40378,27.35968,31.74979,28.108044,28.348804,32.271553,33.81887,29.552546,31.141077,31.341133,27.33522,26.084316,22.253113,20.105656,18.781763,18.275625,21.5907,21.434328,26.225758,25.148373,28.02921,30.979805,31.185373,26.08004,22.937683,21.357384,17.203814,16.01851,15.112506,11.964643,13.325681,11.193999,14.047482,12.330528,8.873807,11.380382,12.733014,12.247425,8.650412,11.903367,9.221395,13.400147,13.622448,17.85736,22.46981,19.633883,17.457499,16.12082,12.06203,13.310959,10.02198,14.219973
7,21.361164,17.136799,16.95687,14.0075245,11.213935,8.327013,7.0623016,0.0,5.154499,5.81401,10.746929,13.68893,11.846844,11.217786,7.190956,6.963029,5.910161,7.723235,10.595604,12.72119,15.680748,18.063934,21.341805,23.813124,28.212181,27.951876,25.477198,24.620981,18.754698,19.189316,14.006475,12.817701,13.359102,11.248404,13.2193985,12.041158,16.85902,18.079699,17.850237,17.957253,18.622639,20.94885,19.634655,23.253672,26.718426,25.212996,30.365921,31.010754,30.547285,32.02802,29.700804,26.607159,31.398977,32.020256,26.783674,28.510206,32.220524,29.637047,27.609089,31.04958,34.6864,30.16065,31.202042,34.92237,35.66445,31.116854,33.280384,34.50281,29.80573,27.926924,23.77729,22.152288,19.52544,19.501678,21.094343,21.469257,25.276546,22.940832,27.01773,28.872938,29.621437,25.032005,21.732874,21.288313,17.621977,16.771566,17.821283,15.407667,18.41731,17.077608,20.305094,18.614418,15.136445,16.4092,17.103512,15.4887085,12.397849,15.836404,13.984841,18.747753,18.443592,23.332916,28.045654,24.309896,21.81671,19.427385,14.835897,14.901627,10.498631,12.867617
8,22.603098,18.675428,19.303637,15.529141,12.144116,11.21234,7.103751,5.154499,0.0,4.81713,7.504908,11.423548,11.129026,9.730584,8.393345,5.3427205,6.52714,5.01577,11.217467,11.69216,15.275768,17.702753,20.049599,22.75904,27.533178,26.464466,23.506937,22.682903,16.387234,17.683737,11.261842,12.295546,11.697559,12.1422205,13.343452,13.95612,18.098917,18.22812,18.045298,17.724014,17.16391,19.504541,16.802307,20.14838,24.066002,21.793474,27.47745,27.701662,27.17923,28.187647,25.95452,22.660053,27.212143,27.620792,22.200926,24.040081,27.461454,24.721355,22.619879,26.143366,29.647982,25.018082,26.16992,29.85678,30.587156,26.176825,28.596525,30.03138,25.497875,23.43088,19.433254,17.293741,14.661797,14.351249,16.218397,16.516386,20.574926,18.994587,22.743425,25.104767,26.031773,21.426876,18.539639,17.267681,13.527795,11.923758,13.637203,10.76532,14.478579,13.773776,17.333122,16.28424,13.749929,15.554603,17.38978,15.345003,11.570692,14.073348,10.969598,15.986425,14.469428,19.76367,24.621153,20.834143,18.011381,16.466967,11.124467,12.269514,8.244875,11.199055
9,26.231997,22.183752,22.508604,19.224728,16.0011,13.936964,11.019605,5.81401,4.81713,0.0,5.867431,7.8863006,7.2607985,7.4207287,6.127256,6.2028975,8.751844,9.182391,14.772816,16.294514,19.640078,22.203127,24.791477,27.413736,32.147408,31.15592,28.318607,27.336712,21.154657,22.130583,15.822774,15.827877,13.5922575,14.011954,14.071953,13.70859,18.230219,18.759022,19.671988,20.13889,19.263435,22.663963,20.051168,23.79307,28.242281,26.010153,31.762104,32.143974,31.77599,32.475544,30.10736,26.984125,31.373909,31.390919,25.908817,27.948082,30.956665,27.80093,25.662992,29.283094,32.43161,27.242943,28.576529,32.02822,32.142197,27.45684,29.978918,31.995264,26.982517,24.63833,20.503061,19.242907,15.8592,16.434334,16.681646,17.919722,20.91522,18.788465,23.494759,24.98092,26.583057,22.603535,19.87597,19.285702,16.151442,14.53092,17.509222,14.761192,18.922705,18.18015,21.586864,20.26534,17.518496,18.39878,19.70666,17.087198,13.972966,16.469023,14.543011,19.431343,18.25766,23.49163,28.172798,23.80065,21.028858,18.512873,13.583214,13.437317,9.279847,10.153984
10,30.070482,26.14233,26.494825,22.517187,19.502901,17.81524,14.585362,10.746929,7.504908,5.867431,0.0,6.178613,5.965717,4.567701,8.001066,6.423846,10.732751,9.990656,16.686033,18.050823,21.155897,24.095102,26.075274,28.359232,33.357124,31.48885,28.823206,27.22118,21.362461,22.295431,15.671225,16.356401,11.752586,14.82753,13.325635,14.613108,17.987242,17.379774,18.934149,19.47505,17.092232,21.196796,17.539864,21.262188,26.56706,23.988825,29.962067,30.426628,30.616991,30.356197,27.715754,25.16733,29.297464,28.337103,23.022339,25.961967,27.956047,24.161217,22.62316,26.493483,28.679464,23.253555,25.554794,28.722118,28.47433,24.27536,27.655668,30.404469,25.704733,22.849953,19.171227,17.131441,13.31225,13.055424,12.336201,13.047258,15.463736,12.944014,17.846596,19.178473,21.08202,17.503677,15.311979,14.694189,12.353688,10.764564,15.160061,13.627669,18.389032,18.939032,22.604395,22.178179,20.40867,21.887032,23.949984,21.22675,17.755247,19.41232,16.36939,21.13505,18.383202,23.869207,28.590385,24.41472,21.308554,20.0409,14.630228,15.595082,12.362893,13.023961
11,33.349205,29.50827,30.233416,26.81632,23.345112,21.783695,18.155174,13.68893,11.423548,7.8863006,6.178613,0.0,6.5854387,8.547294,11.344064,11.830568,15.747966,15.335116,21.921091,22.92431,26.420403,29.000433,30.915892,33.633835,38.559822,36.916187,33.764427,32.753853,26.543074,27.99721,21.166769,22.147923,17.812986,20.261486,18.724747,19.02015,22.772007,22.604614,24.62622,25.430916,23.120834,27.37125,23.616112,27.1704,32.435402,29.499296,35.652863,35.687824,35.393326,35.17297,32.89891,29.862375,33.49242,32.78516,27.296495,29.522873,31.452686,27.705835,25.490404,29.093773,31.40842,25.46341,27.07872,29.91263,28.971485,24.219276,27.12138,30.287811,25.007877,22.095882,18.351484,18.052776,13.874584,15.595244,13.140153,16.071594,17.079172,15.662584,21.101194,21.768406,24.777437,22.136333,20.574032,19.861034,17.954203,15.533439,20.503391,17.692791,22.535717,22.411835,25.640554,24.733229,22.86572,23.183445,24.88124,21.51168,18.874762,20.106256,18.579113,22.912867,21.031298,26.086615,30.36278,25.435604,22.614853,20.07414,15.71974,15.146004,12.609779,10.949881
12,32.993275,28.820038,28.515814,25.044807,22.45133,19.381702,17.751812,11.846844,11.129026,7.2607985,5.965717,6.5854387,0.0,3.8235059,6.3839855,8.7881775,12.546339,13.876207,19.159023,21.93171,24.64194,27.80205,30.449745,32.490124,37.356335,35.86898,33.631325,31.73046,26.12244,26.307098,20.265284,19.168957,14.11593,15.855422,13.596105,13.269228,16.850136,17.09486,19.685316,21.140263,19.199745,24.086956,21.46231,25.635326,31.042387,29.04798,34.713737,35.66437,36.12403,35.907368,33.017323,30.813345,35.11239,33.9388,28.779882,31.905441,33.804005,29.846762,28.496769,32.38031,34.306046,28.746975,31.206718,34.208744,33.57949,29.300528,32.638847,35.63828,30.632692,27.73228,23.967316,22.647842,18.616928,18.8506,17.228102,18.238264,19.545593,15.775825,21.344435,21.319946,23.443716,20.565014,18.22023,18.957096,17.150442,16.41974,20.541075,19.395649,24.008606,24.220066,27.845245,26.983501,24.577187,25.563215,26.905739,24.113482,21.128687,23.316177,21.133282,25.987074,23.921133,29.349085,34.035984,29.599762,26.631018,24.49273,19.48186,19.424372,15.808141,15.344377
13,31.577734,27.430838,27.005335,23.11476,20.794168,17.848387,16.323746,11.217786,9.730584,7.4207287,4.567701,8.547294,3.8235059,0.0,5.5428324,6.1016083,10.202061,11.244333,16.562202,19.44888,21.879171,25.245176,27.780186,29.536926,34.453545,32.709244,30.74639,28.47979,23.171022,23.07463,17.21634,16.024136,10.419998,13.0054655,10.473963,11.260711,14.3968935,14.081982,16.444891,17.717934,15.482774,20.383028,17.692387,21.91574,27.402943,25.56741,31.112556,32.272774,33.04082,32.679043,29.605782,27.753061,32.206017,30.80482,25.835905,29.370626,31.150259,27.162828,26.239965,30.211445,31.946152,26.7064,29.55283,32.648624,32.338223,28.42164,32.03909,34.88818,30.251022,27.349354,23.721657,21.55407,17.762575,17.02292,16.141525,16.017626,17.907717,13.676867,18.80859,19.196829,20.69276,17.322668,14.67958,15.519813,13.658891,13.553669,17.309422,17.070105,21.54322,22.25521,26.05119,25.575628,23.423895,25.063078,26.738281,24.26549,20.841345,23.031633,20.006697,24.933533,22.276655,27.826208,32.66408,28.67589,25.573872,24.254442,18.81059,19.608683,15.935401,16.5073
14,27.97803,23.686005,22.786932,19.427227,17.453104,13.53205,13.46539,7.190956,8.393345,6.127256,8.001066,11.344064,6.3839855,5.5428324,0.0,5.0846663,7.057319,10.030897,13.576324,17.33677,19.556353,22.809423,26.050533,27.8053,32.448215,31.478859,29.700506,27.662502,22.365665,21.86455,16.657248,14.135839,10.821827,10.293506,9.366272,8.0492735,12.608912,13.669313,15.260164,16.559507,16.04104,20.228106,18.841053,23.152382,27.834202,26.567158,31.74878,33.076767,33.588108,34.037273,31.052198,28.946526,33.78023,33.100235,28.086073,31.107075,33.71748,30.23927,29.025215,32.8668,35.329964,30.398468,32.653862,36.055374,36.174873,31.968744,35.045616,37.255997,32.491104,29.973013,26.008608,24.072245,20.628601,20.118166,20.26323,20.195633,22.878708,18.940065,23.676682,24.375809,25.296688,21.386436,18.12433,19.01079,16.35019,16.453323,18.807318,18.107527,21.976517,21.88037,25.543507,24.49844,21.580894,23.072802,24.076456,22.038916,18.85467,21.80417,19.325087,24.328875,22.7091,28.100054,32.983006,29.09239,26.216236,24.280853,19.088396,19.40797,15.131521,16.188381
15,25.724634,21.607716,21.1931,17.106663,14.88868,12.230614,10.766788,6.963029,5.3427205,6.2028975,6.423846,11.830568,8.7881775,6.1016083,5.0846663,0.0,4.445033,5.435478,10.661484,13.4480095,15.904414,19.20153,21.936462,23.753605,28.602392,27.191711,25.217546,23.169228,17.73246,17.608597,11.876902,10.588662,7.430014,8.612265,8.379759,9.492762,13.229537,13.164081,13.722006,14.095989,13.08675,16.649284,14.456606,18.54486,23.208427,21.619244,26.998121,28.10681,28.588682,28.966381,26.044138,23.867666,28.713926,28.092934,23.08911,26.172579,28.81839,25.488407,24.384674,28.21169,30.747143,26.144056,28.432896,31.940775,32.441547,28.516787,31.68462,33.645485,29.29679,26.85471,23.086706,20.37447,17.348093,16.04981,17.221682,16.381971,19.913675,16.61424,20.577866,22.226797,22.736334,18.221354,14.9204,14.946836,11.76796,11.849313,13.744422,13.368563,17.15947,17.548323,21.366116,20.823147,18.466927,20.685873,22.382828,20.546618,16.811922,19.388262,15.869505,20.850904,18.495514,23.966469,28.941175,25.479488,22.479588,21.533388,15.956624,17.347631,13.367246,15.565431
16,22.232922,18.043468,17.110006,13.076733,11.523803,8.12446,8.497228,5.910161,6.52714,8.751844,10.732751,15.747966,12.546339,10.202061,7.057319,4.445033,0.0,4.6743693,6.6390843,10.5728245,12.501184,15.84167,19.189701,20.783817,25.39297,24.54872,22.95342,20.914083,15.818014,15.060045,10.470536,7.5791154,7.8876786,5.764013,8.076591,8.41846,12.326932,12.936132,12.190684,12.127534,12.820751,15.1932,14.374832,18.273306,21.981745,21.081942,25.890701,27.244314,27.663927,28.69614,25.826857,23.69676,28.843264,28.747576,23.99711,26.756664,29.964432,27.157602,26.09898,29.729244,32.67107,28.618294,30.58071,34.272675,35.238064,31.378443,34.212082,35.575676,31.435587,29.346415,25.543583,22.709898,20.237541,18.738491,20.829922,19.619932,23.674892,20.484823,23.868237,25.79394,25.658623,20.764944,17.111317,17.198103,13.665345,14.282549,14.379414,14.246393,16.98781,16.939377,20.579762,19.82596,17.057861,19.608982,20.921755,19.81414,16.160912,19.232203,15.784223,20.576117,18.862528,24.003696,28.95995,25.989912,23.219408,22.341581,17.071144,18.513178,14.41919,17.357422
17,21.40855,17.559385,17.680744,13.15743,10.728202,9.897157,7.122496,7.723235,5.01577,9.182391,9.990656,15.335116,13.876207,11.244333,10.030897,5.435478,4.6743693,0.0,7.364881,8.25693,11.18287,14.191767,16.60219,18.697456,23.595684,22.210766,19.890888,18.282408,12.478424,12.988841,6.864445,7.564273,8.234456,8.872697,10.79972,12.596439,15.800659,15.431141,14.295693,13.358687,13.091427,14.658577,12.336745,15.668355,19.373564,17.624435,22.97555,23.697836,23.746874,24.716331,22.127832,19.481892,24.478342,24.627642,19.653105,22.151396,25.482298,22.859081,21.566395,25.12518,28.305735,24.398748,26.112265,29.862726,31.063679,27.324148,30.082283,31.260466,27.406399,25.413174,21.813837,18.554377,16.527905,14.680271,17.590315,16.207052,20.83713,18.776016,21.553167,24.285791,24.220778,19.11151,15.862819,14.68438,10.681903,10.5016365,10.293375,9.592406,12.44438,12.73343,16.540287,16.246374,14.201486,17.218765,19.31471,18.119102,14.09023,16.492626,12.176434,16.890259,14.474814,19.711933,24.713938,21.925154,19.052969,18.96425,13.509409,15.823974,12.329851,15.905767
18,17.838839,14.001341,12.52555,7.923103,8.275867,6.0992427,8.593313,10.595604,11.217467,14.772816,16.686033,21.921091,19.159023,16.562202,13.576324,10.661484,6.6390843,7.364881,0.0,6.3473244,6.4041443,9.957664,13.856472,14.817012,19.131016,18.779652,17.89543,15.714595,11.683534,9.822182,8.191189,3.8897786,10.348595,6.599354,11.157038,12.028888,14.413848,14.874156,11.9267,10.332869,13.0040245,12.541611,13.414828,16.306456,18.202791,18.291296,22.02951,23.637743,24.07155,25.892773,23.198542,21.36663,26.724075,27.275534,23.216972,25.581663,29.302816,27.352644,26.621195,29.840504,33.0932,30.120909,31.771341,35.592594,37.30276,33.897297,36.411423,36.93551,33.49795,31.891739,28.389015,25.015875,23.539604,21.361517,24.767717,22.708544,27.465786,24.764091,26.934801,29.536753,28.450567,23.115173,19.39355,19.09613,15.410792,16.674507,14.1855955,14.994148,15.764345,15.691333,18.847916,18.408741,15.9257555,19.357111,20.604712,20.722239,17.19533,20.186913,16.377377,20.313953,18.889067,23.227224,27.9667,26.187855,23.767847,23.863878,19.147518,21.248672,17.738495,21.609722
19,14.534215,11.370785,11.998286,7.2365685,5.8629,8.825575,7.0740204,12.72119,11.69216,16.294514,18.050823,22.92431,21.93171,19.44888,17.33677,13.4480095,10.5728245,8.25693,6.3473244,0.0,4.3778315,6.0888844,8.767595,11.25704,15.874224,15.365707,12.887706,12.3583555,6.821834,7.8903503,5.58864,7.8627863,13.923538,12.449367,16.327627,17.827675,20.337526,20.188608,17.20148,14.936109,16.58491,14.909594,14.2057,15.723321,16.528702,15.541299,19.632288,19.987745,19.264822,21.815899,19.972155,16.963419,22.02701,23.719732,19.534939,20.64739,25.116304,24.00833,22.660223,25.399368,29.439625,26.97501,27.678278,31.589918,33.79214,30.464102,32.3709,32.1708,29.210457,28.099123,24.90668,21.465794,20.979307,18.893377,23.310362,21.499504,26.799643,25.68319,27.196424,30.693027,29.809576,24.359392,21.219059,19.443083,15.427236,15.489116,12.000928,11.3686075,10.641563,9.990692,12.759838,12.612612,10.908488,15.026736,16.97067,17.502737,13.95898,16.15569,11.93935,14.998039,13.7685795,17.430452,21.98084,20.802668,18.675049,19.590122,15.55162,18.284117,15.8185625,20.329725
20,14.810872,12.084201,11.498987,6.878647,8.243626,10.052753,10.855287,15.680748,15.275768,19.640078,21.155897,26.420403,24.64194,21.879171,19.556353,15.904414,12.501184,11.18287,6.4041443,4.3778315,0.0,4.0444617,7.7195735,8.475091,12.898001,12.65867,11.787922,10.110157,7.052675,5.2871814,7.464734,7.2443924,14.617624,12.375311,16.60512,18.207514,19.827984,19.670303,15.907031,13.212781,15.879893,12.935979,13.901015,15.006649,14.69901,15.08693,17.91829,19.087961,19.074295,21.750584,19.65044,17.70413,22.889513,24.345818,20.975029,22.516054,26.706764,25.783436,25.149296,27.771248,31.390127,29.507095,30.597828,34.42489,36.81789,33.90673,35.992756,35.69297,33.08735,31.994787,28.97553,25.219828,24.819178,22.228416,26.702206,24.204077,29.463484,27.814634,28.866835,32.26367,30.715055,25.211712,21.917356,20.66941,17.025629,18.11553,13.782537,14.844289,13.508791,13.528513,15.8617735,16.083843,14.655225,18.789879,20.39271,21.382141,18.066431,20.323732,16.209003,18.861921,17.508795,20.715279,25.003883,24.508392,22.512127,23.821072,19.875273,22.659065,20.108145,24.554764
21,11.7928,10.010973,10.341698,6.8323874,8.379961,11.961069,12.176794,18.063934,17.702753,22.203127,24.095102,29.000433,27.80205,25.245176,22.809423,19.20153,15.84167,14.191767,9.957664,6.0888844,4.0444617,0.0,4.7270308,6.371593,10.208822,10.998133,9.486564,9.650476,7.319232,7.2627544,10.078738,11.272384,18.520622,16.25745,20.583279,21.94374,23.75133,23.702534,19.872704,17.111725,19.785547,16.385635,17.169283,17.519579,16.02458,16.274343,18.521221,18.974886,18.087107,21.629995,20.276625,17.811314,22.559633,24.956738,21.840162,22.317604,27.029207,26.836727,25.850626,27.99891,32.130512,30.699825,31.082668,34.917225,37.635666,34.756344,36.304886,35.386166,33.109886,32.447422,29.602854,26.078674,26.234526,23.924332,28.762604,26.549404,31.971369,30.969267,31.811737,35.51043,34.02773,28.527546,25.443724,23.744408,20.061178,20.614506,16.015282,16.195465,13.816364,13.10221,14.479438,14.624415,13.565153,17.671728,19.128199,20.772596,17.935572,19.845402,16.24255,17.894705,17.381783,19.582838,23.37803,23.528938,22.00523,23.50646,20.404465,23.122944,21.131279,25.727682
22,13.394008,12.793053,14.241659,11.269664,11.813481,16.22076,14.944892,21.341805,20.049599,24.791477,26.075274,30.915892,30.449745,27.780186,26.050533,21.936462,19.189701,16.60219,13.856472,8.767595,7.7195735,4.7270308,0.0,4.472849,8.296661,8.187255,4.978427,7.2917385,6.016609,8.057576,11.155788,14.405301,20.955946,19.88964,23.77987,25.732834,27.344816,26.79018,22.985598,19.962933,21.89059,17.968534,17.906406,17.130337,14.58499,14.291711,16.141714,15.616635,13.955951,18.068966,17.469902,14.657532,18.876608,21.990011,19.396183,19.070549,23.953854,24.522343,23.554031,25.166473,29.453558,28.786043,28.744358,32.452038,35.557526,33.13305,34.408962,33.018913,31.450348,31.107206,28.774656,25.035278,25.936312,23.42018,28.714947,26.333725,31.853148,31.711138,31.841194,36.0103,34.447365,29.047647,26.447376,24.057156,20.607492,20.819712,15.682384,15.844443,12.214383,11.901114,12.390188,13.481721,13.886364,18.154036,20.175125,21.903345,19.182615,20.198456,16.373476,16.936293,16.07517,17.235838,20.516983,21.68116,20.463087,23.054577,20.524578,23.728075,22.527971,27.206024
23,15.940601,15.470524,15.776579,12.94504,14.695989,18.029177,18.038265,23.813124,22.75904,27.413736,28.359232,33.633835,32.490124,29.536926,27.8053,23.753605,20.783817,18.697456,14.817012,11.25704,8.475091,6.371593,4.472849,0.0,5.0832105,4.657278,5.483854,5.043126,7.937195,7.223973,12.880943,14.704191,21.463678,20.228727,24.061749,26.22361,27.046627,26.344795,22.124668,18.888857,21.25998,16.433887,17.572615,16.338203,12.616062,13.869701,14.087798,14.627928,14.19824,18.01195,17.01351,15.703844,19.942204,22.414988,20.719557,21.194105,25.431826,25.969275,25.831287,27.453335,31.059658,30.857725,31.419773,34.990223,38.151726,36.15,37.781925,36.543644,35.211063,34.717495,32.488388,28.388712,29.155825,26.127216,31.351337,28.311617,33.724598,33.042393,32.748764,36.77834,34.617264,29.262537,26.616234,24.706474,21.664812,22.759401,17.163504,18.825523,15.3700485,15.891469,16.607105,17.919931,18.214241,22.491879,24.338125,26.096052,23.270748,24.51334,20.47366,21.312756,19.954681,21.246532,24.415976,25.860815,24.540823,27.341665,24.46533,27.777763,26.265604,30.92059
24,16.690128,17.367157,17.528637,15.967695,18.329903,21.725471,22.306664,28.212181,27.533178,32.147408,33.357124,38.559822,37.356335,34.453545,32.448215,28.602392,25.39297,23.595684,19.131016,15.874224,12.898001,10.208822,8.296661,5.0832105,0.0,5.070264,7.908945,8.741327,12.875546,12.030077,17.954977,19.264397,26.238462,24.528618,28.527815,30.430178,31.03995,30.51125,26.06946,22.841808,25.634447,20.411913,22.190247,20.583197,15.880365,17.769623,16.440428,16.88034,16.249905,20.502035,20.112358,19.253971,22.727818,25.622313,24.685877,24.590641,28.79981,29.925232,29.880636,31.061954,34.687393,35.070847,35.319187,38.76567,42.173447,40.390614,41.705383,40.00553,39.06254,38.86736,36.808292,32.848255,33.885696,30.94326,36.26637,33.224247,38.631207,38.031513,37.516663,41.579357,39.194244,33.91755,31.331882,29.519157,26.635118,27.776184,22.101276,23.653307,19.866928,20.060413,20.061008,21.262205,21.701838,25.674013,27.133179,29.407717,27.02813,28.168041,24.639591,24.85312,24.102283,24.573212,27.058674,29.190533,28.287642,31.144072,28.819103,31.969427,30.64969,35.320026
25,19.946014,19.930096,20.291948,17.580698,19.250874,22.5066,22.276875,27.951876,26.464466,31.15592,31.48885,36.916187,35.86898,32.709244,31.478859,27.191711,24.54872,22.210766,18.779652,15.365707,12.65867,10.998133,8.187255,4.657278,5.070264,0.0,5.749157,4.6389637,10.543252,9.818187,15.82136,17.988998,24.078844,23.592897,26.99284,29.630035,29.894123,28.756739,24.482653,21.104815,23.037165,17.62763,18.74297,16.42926,11.226854,13.134922,11.418148,11.938588,12.074457,15.794948,15.183389,15.004911,18.515577,20.887484,20.417543,20.909637,24.5516,25.612175,26.12272,27.318521,30.396475,31.105951,31.811537,35.106434,38.51852,37.185375,38.880146,37.482635,36.817776,36.41981,34.644432,30.231586,31.371212,27.940834,33.287857,29.76729,35.046074,34.637432,33.551453,37.75697,35.183678,30.066572,27.835733,25.790869,23.304678,24.667648,18.740484,21.215593,17.363287,18.620634,18.987473,20.927061,21.926916,26.230494,28.326765,30.049582,27.206142,28.055674,23.797363,24.213783,22.31527,23.054518,25.731758,27.930971,26.736204,30.294273,27.557621,31.187931,29.97043,34.60837
26,17.48722,17.50312,19.092665,16.20609,16.603521,20.946148,19.172081,25.477198,23.506937,28.318607,28.823206,33.764427,33.631325,30.74639,29.700506,25.217546,22.95342,19.890888,17.89543,12.887706,11.787922,9.486564,4.978427,5.483854,7.908945,5.749157,0.0,5.727669,7.5896654,9.91528,13.567859,17.61947,23.430704,23.373657,26.787231,29.343565,30.470133,29.392912,25.558403,22.323143,23.637737,19.14737,18.658337,16.659233,12.818778,12.41666,13.106088,11.716016,9.644353,14.238692,14.388461,12.01096,15.464245,18.977226,17.497643,16.776413,21.32724,22.665169,22.211185,23.243849,27.21177,27.58445,27.484507,30.919954,34.390957,32.708168,33.948643,32.264393,31.558376,31.40272,29.685076,25.580214,27.082533,24.129658,29.676146,26.830547,32.265213,32.699833,31.93486,36.436226,34.56506,29.38713,27.3039,24.510443,21.592888,21.890873,16.298061,17.241991,12.846385,13.5932865,13.438848,15.57411,17.167969,21.391508,23.81877,25.438593,22.73689,23.081772,18.991566,18.819075,17.18539,17.429117,20.034843,22.292439,21.284815,24.998693,22.776201,26.422009,25.748514,30.374474
27,20.35378,19.432037,19.822329,16.171497,17.192846,20.112804,19.339134,24.620981,22.682903,27.336712,27.22118,32.753853,31.73046,28.47979,27.662502,23.169228,20.914083,18.282408,15.714595,12.3583555,10.110157,9.650476,7.2917385,5.043126,8.741327,4.6389637,5.727669,0.0,6.798046,6.093966,11.653491,14.404266,19.879309,20.136183,23.167711,26.163252,26.488876,25.0814,21.084887,17.724865,19.03339,13.978212,14.30607,12.127374,7.817082,9.105981,9.190577,10.036688,10.777989,13.659714,12.167384,11.805085,16.206339,17.883627,16.722902,18.082115,21.558472,21.94009,22.538599,24.213373,27.108038,27.28068,28.45084,31.832281,34.986145,33.52737,35.621407,34.744072,33.744442,33.01092,31.121958,26.495852,27.354868,23.712488,28.936642,25.267693,30.521648,29.998892,29.00221,33.18804,30.7503,25.57074,23.336016,21.187729,18.668772,20.1327,14.183068,17.189222,13.767396,15.679873,16.823273,18.933573,19.843512,24.32715,26.767393,27.937687,24.689453,25.592289,20.826399,21.880398,19.199615,20.797161,24.101048,25.622211,23.991096,27.55212,24.237226,28.048948,26.655947,31.204487
28,17.725475,15.90457,17.042896,12.729453,12.12862,15.541326,13.204764,18.754698,16.387234,21.154657,21.362461,26.543074,26.12244,23.171022,22.365665,17.73246,15.818014,12.478424,11.683534,6.821834,7.052675,7.319232,6.016609,7.937195,12.875546,10.543252,7.5896654,6.798046,0.0,5.320743,5.9855194,11.02973,16.17543,16.68768,19.756702,22.490726,23.939913,22.795134,19.475924,16.530535,17.258427,14.012059,12.51554,11.956061,11.166063,9.685953,13.501642,13.250076,12.559894,15.189852,13.643637,10.803536,15.886127,17.827593,14.538927,15.613256,19.91167,19.568068,18.951057,21.19919,24.935566,23.749254,24.549324,28.273853,31.059484,28.72272,30.724949,30.149181,28.33293,27.437183,25.094084,20.775753,21.32375,18.20807,23.420187,20.574007,26.054298,25.8244,25.825071,30.019478,28.53049,23.157404,20.710508,18.0831,14.678847,15.050379,9.696278,10.962604,7.9495792,9.452434,11.517935,13.2668495,13.823846,18.341711,21.058197,21.713295,18.22614,19.169664,14.194961,15.884073,13.130474,15.761123,19.874475,20.196962,18.21778,21.192112,17.562582,21.310732,19.874176,24.419195
29,19.04415,16.901138,16.562918,12.13673,13.131335,14.830359,14.762551,19.189316,17.683737,22.130583,22.295431,27.99721,26.307098,23.07463,21.86455,17.608597,15.060045,12.988841,9.822182,7.8903503,5.2871814,7.2627544,8.057576,7.223973,12.030077,9.818187,9.91528,6.093966,5.320743,0.0,7.1194224,8.327283,14.391743,14.0658865,17.318691,20.103622,20.69156,19.576406,15.644628,12.42106,14.177741,9.911008,10.669114,10.53165,9.416565,10.355193,12.737453,14.424664,15.414126,17.444662,14.944318,14.104845,19.354021,20.164787,17.597496,19.917353,23.408562,22.557072,22.829723,25.350384,28.24902,27.080173,28.750237,32.36894,34.94784,32.780136,35.263683,35.078552,33.098972,31.90333,29.378263,24.926323,24.861805,21.404774,26.122734,22.673006,27.890137,26.40051,26.40731,30.089815,27.945192,22.511732,19.604214,18.120747,15.07668,16.899403,11.533756,14.623399,12.73854,14.359759,16.684566,18.008373,17.717897,22.153275,24.359856,25.101208,21.5324,23.179869,18.31372,20.664173,17.99702,21.03343,25.1918,25.346653,23.22069,25.70611,21.560698,25.033587,22.841888,27.262589
30,19.914036,16.92772,17.44854,12.535441,11.104629,12.679258,10.103811,14.006475,11.261842,15.822774,15.671225,21.166769,20.265284,17.21634,16.657248,11.876902,10.470536,6.864445,8.191189,5.58864,7.464734,10.078738,11.155788,12.880943,17.954977,15.82136,13.567859,11.653491,5.9855194,7.1194224,0.0,6.98872,10.644911,11.8950405,14.403632,17.285097,19.084188,17.922392,15.350386,12.996676,12.981706,11.730836,9.267648,10.873526,13.173946,11.401744,16.499594,17.049734,17.19491,18.474703,16.003105,13.528997,18.824402,19.385002,15.081254,17.527914,21.11397,19.34049,18.67278,21.801619,25.0411,22.506895,24.130661,27.906578,29.951097,27.09285,29.730953,30.154442,27.424725,25.871655,22.99716,18.741629,18.124018,15.023605,19.494465,16.753708,22.06234,20.935375,21.880014,25.577595,24.507467,19.058783,16.184587,14.019415,10.110947,10.700407,6.614887,8.234576,8.360987,10.0367,13.51755,14.507809,13.922449,18.06902,20.72856,20.456379,16.475895,18.029062,12.768986,16.161116,12.855099,17.225504,22.013523,20.786943,18.154926,20.066732,15.238057,18.747768,16.440033,20.66752
31,20.886787,17.326523,15.964295,11.221273,11.598302,9.924573,11.332497,12.817701,12.295546,15.827877,16.356401,22.147923,19.168957,16.024136,14.135839,10.588662,7.5791154,7.564273,3.8897786,7.8627863,7.2443924,11.272384,14.405301,14.704191,19.264397,17.988998,17.61947,14.404266,11.02973,8.327283,6.98872,0.0,7.699796,5.808261,9.458877,11.819257,13.073169,12.594423,9.347618,7.226732,9.411289,8.807197,9.738816,12.851106,15.341201,15.664018,19.381866,21.45821,22.62574,23.77908,20.648762,19.583572,25.018044,24.836481,21.108868,24.287537,27.394707,25.160316,25.086042,28.428919,31.04673,28.280687,30.568842,34.25498,35.93926,32.978184,35.94254,36.74992,33.59332,31.775232,28.531889,24.619223,23.139969,20.261463,23.656162,20.808405,25.471107,22.462738,24.106117,26.727001,25.200146,19.829258,16.09986,16.02727,12.684072,14.846622,11.9886265,14.449013,15.318366,16.336557,19.71708,19.955004,18.144897,21.884321,23.602861,23.48075,19.683327,22.283525,17.801441,21.753443,19.295582,23.806362,28.612198,27.068106,24.438568,25.26647,20.186846,22.815216,19.454897,23.249022
32,27.74717,23.922758,22.833675,18.20095,17.432653,14.914912,14.946648,13.359102,11.697559,13.5922575,11.752586,17.812986,14.11593,10.419998,10.821827,7.430014,7.8876786,8.234456,10.348595,13.923538,14.617624,18.520622,20.955946,21.463678,26.238462,24.078844,23.430704,19.879309,16.17543,14.391743,10.644911,7.699796,0.0,6.5270157,4.9105635,9.3675785,10.03336,8.1368475,7.9067297,7.950457,5.6750536,9.974308,8.462744,12.999644,18.070087,17.53229,22.098646,24.268454,26.045214,25.730953,22.091969,21.556143,26.6386,24.97536,21.00319,25.38809,27.209642,23.742048,24.130848,27.97939,29.459042,25.807953,29.202309,32.53954,33.38673,30.538723,34.33232,36.27684,32.787956,30.292994,27.126133,23.208527,20.775862,17.747246,19.57836,16.488756,20.09281,15.764727,18.10759,19.843204,18.701117,13.721019,9.782544,11.04662,8.697085,11.66967,11.668602,14.862419,17.634848,19.483364,23.340382,23.783531,22.199158,25.432268,27.483461,26.281477,22.281683,24.585062,19.98958,24.533552,21.041925,26.287512,31.25916,28.884209,25.809593,26.442493,20.727242,23.209259,19.701141,22.439165
33,24.147123,20.141903,18.091463,14.070197,14.32422,10.234819,13.051757,11.248404,12.1422205,14.011954,14.82753,20.261486,15.855422,13.0054655,10.293506,8.612265,5.764013,8.872697,6.599354,12.449367,12.375311,16.25745,19.88964,20.228727,24.528618,23.592897,23.373657,20.136183,16.68768,14.0658865,11.8950405,5.808261,6.5270157,0.0,4.9082594,6.049318,7.9315176,8.598365,6.79468,7.0802608,9.2366495,11.529455,12.812023,16.857891,20.316326,20.702635,24.490711,26.86254,28.242573,29.013742,25.63422,24.743479,30.115686,29.400192,25.437857,28.988928,31.737131,28.874605,28.766216,32.411804,34.687572,31.198322,33.86331,37.456768,38.570744,35.279694,38.50687,39.903683,36.158047,33.99912,30.439491,27.029867,24.709867,22.361267,24.54924,22.20987,26.08626,21.902863,24.6125,26.174665,25.029097,20.141542,16.137672,17.407396,14.568537,16.829233,15.830242,17.819656,19.85859,20.55918,24.144476,23.857529,21.3652,24.404625,25.624495,25.015764,21.39301,24.463507,20.62462,25.14951,22.985466,27.949007,32.890755,30.565834,27.786482,27.605375,22.279364,24.111767,20.124731,23.094748
34,28.823008,24.772072,22.922035,18.84741,18.618526,14.619419,16.399637,13.2193985,13.343452,14.071953,13.325635,18.724747,13.596105,10.473963,9.366272,8.379759,8.076591,10.79972,11.157038,16.327627,16.60512,20.583279,23.77987,24.061749,28.527815,26.99284,26.787231,23.167711,19.756702,17.318691,14.403632,9.458877,4.9105635,4.9082594,0.0,4.8760467,5.423096,4.944698,6.1072927,7.993101,7.6433716,12.304736,12.72614,17.217144,21.815905,21.946447,25.98281,28.529581,30.370012,30.320284,26.62879,26.208529,31.388702,29.80089,25.89761,30.15201,32.11441,28.625639,28.913767,32.782932,34.30219,30.461527,33.807674,37.14875,37.79534,34.691776,38.419014,40.458538,36.618668,34.083946,30.645657,27.202578,24.41328,21.947163,23.17448,20.661644,23.72211,18.63273,21.660856,22.456013,21.428148,17.050613,13.1001005,15.413297,13.481063,16.17942,16.471432,19.04154,21.854261,23.12103,26.932007,26.881468,24.64386,27.51607,28.979109,27.823156,24.092913,26.917955,22.941326,27.689125,24.877441,30.161015,35.169567,32.51872,29.510267,29.36814,23.73862,25.545582,21.568115,23.882536
35,28.493727,24.278355,21.993214,18.684183,18.60649,13.516819,16.531797,12.041158,13.95612,13.70859,14.613108,19.02015,13.269228,11.260711,8.0492735,9.492762,8.41846,12.596439,12.028888,17.827675,18.207514,21.94374,25.732834,26.22361,30.430178,29.630035,29.343565,26.163252,22.490726,20.103622,17.285097,11.819257,9.3675785,6.049318,4.8760467,0.0,5.125052,7.6426616,8.969236,11.191506,12.281054,16.28365,17.296087,21.70365,25.829468,26.06724,30.029493,32.484314,33.94934,34.38951,30.879631,30.023521,35.27705,34.15158,29.987087,33.756783,36.168938,32.80275,32.61181,36.458157,38.417854,34.29601,37.222485,40.6643,41.20247,37.643875,41.05991,43.019733,38.777184,36.327324,32.574978,29.746885,26.738205,25.006182,25.93698,24.262894,27.180096,22.11184,25.81264,26.242912,25.681734,21.590576,17.73851,19.97617,17.773308,19.79348,20.334751,21.813286,24.685524,25.175201,28.857708,28.204638,25.319315,27.657236,28.481697,27.362425,24.04005,27.307304,24.141085,28.980526,27.042868,32.284317,37.2712,34.26996,31.403044,30.364025,25.011206,26.05634,21.75349,23.669714
36,31.529367,27.51105,24.86757,21.416502,22.03043,17.213701,20.509153,16.85902,18.098917,18.230219,17.987242,22.772007,16.850136,14.3968935,12.608912,13.229537,12.326932,15.800659,14.413848,20.337526,19.827984,23.75133,27.344816,27.046627,31.03995,29.894123,30.470133,26.488876,23.939913,20.69156,19.084188,13.073169,10.03336,7.9315176,5.423096,5.125052,0.0,3.8825042,6.1244555,9.334902,10.412078,14.612187,16.699219,20.945744,25.035439,26.016205,29.237152,32.35414,34.57696,34.564667,30.705082,30.832434,36.07448,34.300938,30.792763,35.210148,37.063934,33.579575,34.15887,38.00976,39.28894,35.59683,39.140015,42.42739,43.012726,39.99326,43.79161,45.878567,41.98803,39.430794,35.938847,32.603607,29.724592,27.320564,28.281443,25.734177,28.374496,22.690075,25.652645,25.703197,24.306925,20.532618,16.724873,19.881271,18.488188,21.500134,21.533606,24.370348,26.925484,28.070751,31.785086,31.586216,29.067009,31.831255,32.86944,31.931896,28.433157,31.549469,27.87096,32.599064,30.0849,35.281124,40.275253,37.69776,34.749832,34.374832,28.844452,30.359798,26.197456,28.274971
