,0,1,2,3,4,5,6,7,8,9,10,11,12,13,14,15,16,17,18,19,20,21,22,23,24,25,26,27,28,29,30,31,32,33,34,35,36,37,38,39,40,41,42,43,44,45,46,47,48,49,50,51,52,53,54,55,56,57,58,59,60,61,62,63,64,65,66,67,68,69,70,71,72,73,74,75,76,77,78,79,80,81,82,83,84,85,86,87,88,89,90,91,92,93,94,95,96,97,98,99,100,101,102,103,104,105,106,107,108,109,110
0,0.0,4.36077,6.545792,9.627603,12.083621,14.57773,17.229408,20.825037,24.388468,27.80285,30.13876,35.738068,31.91229,30.626762,25.716146,24.223122,20.577389,19.211283,16.122414,14.015557,13.232975,11.2030525,15.496446,15.500706,18.902418,21.527328,17.400751,22.118477,20.805935,22.742443,22.6987,24.894352,27.787708,29.8843,32.810055,34.197548,37.403694,37.062634,34.287582,33.234722,30.36266,29.000498,26.77887,24.413744,24.908379,19.41685,23.506872,19.5998,19.391443,22.17609,26.134706,24.424206,25.82904,30.64614,32.37495,34.59406,31.659412,36.084717,34.273113,39.354572,33.933105,38.130592,37.620407,40.252552,42.733154,38.31467,43.581398,46.104534,46.620056,50.796455,46.21797,46.614925,39.92082,42.921936,38.177505,39.057907,36.950474,32.087208,33.145084,27.835634,26.846174,24.683588,22.179775,24.427362,23.836329,26.928932,28.936914,29.674486,33.143764,33.74686,37.5099,37.461132,40.480637,44.192253,41.229977,39.240395,39.857143,35.260605,40.418983,41.13099,34.718697,34.009636,38.791916,41.41542,38.597,35.576122,34.588184,29.14034,27.234102,24.373663,22.310785
1,4.36077,0.0,5.355019,6.5570416,8.531132,12.379667,13.713782,18.18634,21.216814,25.180271,27.19543,32.888165,29.631548,28.18322,23.742104,21.572714,18.358782,16.20786,13.399059,10.535237,9.976085,7.6885486,11.948963,12.427254,15.461371,17.889158,13.202733,18.07194,16.724066,19.004997,18.916737,21.670406,24.66674,27.237095,29.945581,31.717257,34.670284,33.986748,31.1687,29.854876,26.9606,25.271141,22.827267,20.347963,20.706018,15.071257,19.264313,15.562165,15.6073065,18.660664,22.321426,20.738916,22.72499,27.312569,28.967644,30.960361,27.775646,32.09469,30.12372,35.12686,29.595568,33.79056,33.263466,35.947662,38.43829,34.1146,39.44029,42.010185,42.563766,46.670937,42.11422,42.4247,35.734966,38.71547,33.974648,34.947006,32.854267,28.060177,29.28766,23.90688,23.09179,21.092943,18.323599,20.321514,19.690783,22.608196,24.809977,25.499796,29.095219,29.852005,33.681866,33.840878,36.779358,40.463192,37.35021,35.46886,35.971844,31.393328,36.604458,37.414818,31.218805,30.454145,35.26889,37.8848,35.070293,32.041477,31.046816,25.39581,23.822475,20.636477,19.067852
2,6.545792,5.355019,0.0,5.231869,6.8322005,8.418403,11.473807,14.353639,18.19421,21.29175,23.804615,29.30218,25.472715,24.37886,19.375614,18.121532,14.710471,13.536238,11.455917,9.674142,11.005649,10.552482,15.177639,16.822409,19.638376,21.589006,16.044437,20.086716,17.716879,19.763124,18.343712,21.44536,22.880114,25.690517,27.944036,29.374866,32.8058,32.281403,30.148092,28.791594,26.754354,24.621952,23.566065,20.465578,22.416971,16.961079,21.744438,18.67568,18.196918,22.266584,25.383293,22.634605,25.56651,30.283306,31.081808,33.035236,29.202507,33.662273,31.4589,36.16429,30.827848,35.135708,34.377647,37.63982,39.479927,35.379604,40.587765,42.935383,42.903393,46.75154,41.78849,42.04625,35.33687,38.148834,33.419666,34.079784,32.200478,27.158064,28.57867,23.21919,22.732246,21.377018,18.19811,20.126675,19.129927,23.031603,24.187874,25.661478,28.827524,29.8165,33.38228,33.936756,36.271027,39.651367,36.53802,34.18394,34.593815,29.756924,34.7785,35.640762,29.13618,28.16233,32.7975,35.36694,32.54723,29.546211,28.693165,23.435589,21.303135,18.896074,16.498022
3,9.627603,6.5570416,5.231869,0.0,3.8318505,6.4890156,8.725352,12.674885,15.387163,19.677027,21.192156,27.015379,23.62926,21.872473,17.788824,15.188161,11.965566,9.753993,6.998425,4.5945945,6.102206,6.764259,11.107271,13.826719,16.416567,17.794317,12.395362,15.337318,12.783823,14.562251,13.419191,16.317034,18.362583,21.157188,23.589119,25.326689,28.411922,27.750486,25.287271,23.941877,21.620352,19.70577,18.469429,15.61541,17.776918,13.32442,18.052893,16.071253,16.76126,20.583189,23.166945,21.386114,24.987314,29.069044,30.083933,31.54716,27.383575,31.440414,28.816721,33.204475,27.24619,31.4095,30.2745,33.393456,34.918106,30.5911,35.68387,37.963234,37.95431,41.968647,37.159008,37.69579,31.02872,34.279022,29.690887,30.859968,29.334455,24.399155,26.649412,21.07717,21.302134,20.504375,16.631672,17.531431,15.668096,19.326647,20.034924,20.990192,24.086046,24.803858,28.410395,28.77894,31.308268,34.84113,31.85945,29.712217,30.425983,26.035154,31.166536,31.582407,25.110525,24.600967,29.521719,32.311977,29.859354,26.636766,26.449667,20.476906,19.379457,16.524652,15.283569
4,12.083621,8.531132,6.8322005,3.8318505,0.0,6.0624266,5.273061,10.199739,12.72336,17.060196,18.784052,24.492516,21.74241,20.276793,16.411877,13.689112,11.415823,8.474502,7.74265,4.662966,8.033992,8.6810055,12.129538,14.966335,16.718245,17.832592,11.519396,14.712397,11.77164,14.283751,12.133272,16.514706,17.6233,21.397932,23.093332,25.189127,28.167933,27.042109,24.985125,23.140814,21.328794,18.445696,17.523348,13.9743,16.483303,11.397796,16.395948,14.563719,14.652494,19.145397,21.23553,18.667572,22.890175,26.910435,27.371511,28.765846,24.305962,28.432568,25.792564,30.120758,24.5338,28.801598,27.836939,31.325901,32.879128,28.986347,34.19178,36.522354,36.389317,40.081493,35.074833,35.236176,28.519672,31.363354,26.660408,27.525112,25.840425,20.843733,22.919199,17.37645,17.621084,17.079393,13.054299,14.016278,12.428748,16.435497,17.367096,18.97598,22.194567,23.50309,27.094137,28.107872,30.138178,33.40721,30.054998,27.793972,28.037405,23.223852,28.352966,29.305859,23.09109,22.042372,26.790598,29.405348,26.673162,23.58274,22.94733,17.158264,15.799927,12.847159,11.578731
5,14.57773,12.379667,8.418403,6.4890156,6.0624266,0.0,6.935416,7.240439,10.8204365,14.06464,15.936729,21.555054,17.501959,16.051552,11.423622,9.765337,6.395872,5.95084,5.9447565,6.7059317,10.482778,12.678643,16.345604,19.752563,21.865278,22.65031,16.84116,18.42376,14.854349,16.091097,12.948615,16.283741,15.542446,18.864471,20.336796,21.688879,25.327812,24.76785,23.423058,21.952696,21.088915,18.48226,19.439459,15.933254,20.144663,16.52643,21.397179,20.366922,20.549314,25.141401,26.961637,24.124058,28.702068,32.680874,32.730446,33.995068,29.133747,33.117474,30.210964,33.988045,28.396988,32.51452,31.059507,34.82686,35.403793,31.52561,36.29426,38.216263,37.408905,40.98127,35.712967,36.185642,29.659983,32.658497,28.246708,29.060242,27.987192,22.937008,25.627941,20.335049,21.240152,21.508001,17.27521,17.653667,15.191915,19.863436,18.86888,20.868347,23.142849,24.190346,27.271893,28.269207,29.808218,32.814465,29.869045,27.112774,27.69306,23.116138,27.870472,28.279385,21.495733,20.752888,25.389244,28.136265,25.824125,22.625011,22.912718,17.508734,16.008045,14.469437,12.569589
6,17.229408,13.713782,11.473807,8.725352,5.273061,6.935416,0.0,6.4344907,7.9126143,12.518919,14.076154,19.646347,17.716259,16.455278,13.3865,10.330776,9.810934,6.378173,8.785359,6.975929,11.340167,12.820735,15.105397,18.425957,19.274887,19.658916,13.140845,15.016677,11.417622,13.990601,10.145744,15.881178,15.107003,19.954746,20.538876,22.941309,25.7884,24.18372,22.892181,20.527792,19.776342,15.761026,16.152754,11.849767,15.737981,11.497759,16.271914,15.698578,15.514107,20.463507,21.448334,18.197884,23.496061,27.01443,26.599752,27.594763,22.478827,26.35771,23.42047,27.16533,21.936543,26.149849,25.037952,29.095768,30.072943,26.76238,31.813019,33.98189,33.385822,36.616856,31.295607,31.16283,24.497494,26.97926,22.30366,22.897802,21.435926,16.357803,18.904156,13.492109,14.561363,15.234433,10.723686,10.731352,8.607088,13.448024,13.409575,16.06183,18.911306,20.866697,24.1637,26.006376,27.167322,29.97555,26.333141,23.79118,23.585672,18.40441,23.42282,24.777449,18.782772,17.194904,21.746447,24.245811,21.415247,18.369623,17.740524,12.0108385,10.684558,8.01061,7.1685977
7,20.825037,18.18634,14.353639,12.674885,10.199739,7.240439,6.4344907,0.0,5.0278993,7.052643,9.709612,14.969984,11.874067,11.306485,7.386096,6.3777814,6.9446244,6.657543,10.691395,11.301312,15.816035,18.063438,20.739872,24.35483,25.473316,25.699144,19.435919,20.34724,16.393982,17.926514,13.129627,18.004112,14.590318,19.403942,19.030119,20.732311,24.194489,22.923475,22.88839,20.674927,21.395359,17.288044,19.820803,15.594073,20.849028,17.694195,22.232645,22.076687,21.602283,26.748732,27.488047,23.616972,29.144344,32.678013,31.593904,32.51274,27.089539,30.807257,27.78588,30.834318,26.155592,30.125044,28.700968,33.149677,33.140182,30.227598,34.76417,36.490547,35.08822,37.873703,32.18913,32.090275,25.801828,27.979786,23.709705,23.846935,23.010462,18.080965,20.900085,16.306395,17.893826,19.410288,15.240637,14.952838,12.587759,17.729582,15.706988,19.117128,20.792696,22.78943,25.354488,27.569347,27.781187,29.985218,26.605534,23.401558,23.141666,17.955992,22.266022,23.498041,17.184813,15.342103,19.350002,21.758759,19.150341,16.19825,16.274197,11.872176,9.756754,9.87073,7.785398
8,24.388468,21.216814,18.19421,15.387163,12.72336,10.8204365,7.9126143,5.0278993,0.0,6.136607,6.188209,11.9073715,10.6204195,9.331202,8.502962,5.2543206,8.423498,7.044612,11.893833,12.589011,16.864622,19.430555,21.059696,24.984383,25.460835,25.043827,19.291775,18.82459,14.86619,16.05433,10.733023,15.947062,11.517232,17.085049,15.836084,18.128098,20.985443,19.12897,19.451115,16.814499,18.220331,13.47919,16.916697,12.756466,18.629072,16.998697,20.845095,21.934364,22.021479,26.832079,26.755844,23.479147,29.485693,32.275448,31.050323,31.422195,25.730507,28.838715,25.47986,27.819355,23.055372,26.701023,24.933592,29.4957,28.889587,26.283379,30.526176,32.08064,30.426474,33.008087,27.263767,27.18112,21.00994,23.300125,19.251438,19.69178,19.43213,14.818718,18.665464,14.427585,17.010698,19.385477,15.056647,13.372867,10.187949,14.929099,11.565395,15.261375,16.371153,18.64276,20.913738,23.618744,23.295927,25.25088,21.735012,18.49061,18.113987,13.024746,17.395935,18.531242,12.373016,10.413853,14.718996,17.346584,15.07585,11.818892,12.911319,7.8216405,7.6748037,8.080384,8.436664
9,27.80285,25.180271,21.29175,19.677027,17.060196,14.06464,12.518919,7.052643,6.136607,0.0,4.9816947,8.428929,6.60272,7.831376,6.8819275,8.015364,11.317456,12.029931,16.69046,17.775906,22.213167,24.689226,26.81504,30.598991,31.22057,30.989798,24.94905,24.927633,20.98277,22.125135,16.79246,21.490746,15.936073,21.006706,18.921457,20.425762,23.612803,22.013178,23.51522,21.044205,23.408081,18.762068,22.861135,18.777649,24.613586,22.554129,26.456764,27.150436,26.47789,31.662142,31.558878,27.293945,33.29752,36.292187,34.346786,34.851124,29.125978,32.285248,29.195362,31.16559,27.475777,30.966002,29.400976,34.254673,33.2997,31.346325,35.251736,36.549957,34.385532,36.293125,30.354094,29.891111,24.343397,25.678041,22.068312,21.542913,21.442286,17.264797,20.303507,17.179586,19.490356,22.140112,18.492308,17.416786,15.234415,19.884527,16.46761,20.637453,21.14354,23.613075,25.248573,28.344173,27.149519,28.327023,24.956701,21.319939,20.385597,15.294993,18.339394,20.057245,14.696065,11.974206,14.507798,16.4087,13.963114,11.552983,12.263626,10.472334,8.559825,11.433641,10.228118
10,30.13876,27.19543,23.804615,21.192156,18.784052,15.936729,14.076154,9.709612,6.188209,4.9816947,0.0,5.958812,6.028594,5.3948684,8.291706,7.2877426,11.711812,12.096061,16.825455,18.330149,22.401897,25.285355,26.713312,30.807837,31.148964,30.409391,25.066502,23.718555,19.870958,20.31222,15.011975,19.03474,12.600127,17.709297,14.858558,16.624184,19.322884,17.432238,19.401766,16.859787,19.951609,15.375341,20.400827,16.851688,23.100224,22.598583,25.93648,27.639471,27.73296,32.47452,31.914293,28.564827,34.787735,37.21062,35.48825,35.536163,29.694036,32.271587,28.83737,30.166168,26.083607,29.162807,27.088486,31.804403,30.088116,28.190111,31.617962,32.62016,30.136015,32.000523,26.096262,26.008835,20.743195,22.558235,19.430609,19.553705,20.298796,16.63795,20.78255,17.862766,20.914408,23.967913,20.051003,17.927732,14.904865,18.895964,14.129276,17.934929,17.571426,19.838646,20.983652,24.222172,22.579771,23.540655,20.387566,16.648705,16.046192,11.732897,14.555374,15.433198,9.895639,7.6522484,10.590929,13.089604,11.7196865,8.772559,11.767929,9.372272,10.014739,12.417164,12.974104
11,35.738068,32.888165,29.30218,27.015379,24.492516,21.555054,19.646347,14.969984,11.9073715,8.428929,5.958812,0.0,6.660287,8.186651,12.288426,12.914031,17.221237,18.036278,22.731092,24.272223,28.355879,31.207607,32.529037,36.588764,36.713184,35.832928,30.563616,29.052294,25.359064,25.717825,20.51168,24.221489,17.278366,21.844475,18.059525,19.340282,21.535181,19.577152,22.718044,20.257328,24.248959,19.760403,25.221975,21.942225,28.034618,27.834343,30.821838,32.74817,32.54732,37.32328,36.3446,32.646683,38.97834,41.11312,38.794662,38.62592,32.77941,34.94206,31.650007,32.156292,29.125835,31.725643,29.71089,34.557613,32.208282,31.215063,34.007076,34.62009,31.565542,32.49539,26.604597,26.12021,21.983685,22.748894,20.555588,19.964315,21.316807,18.71887,22.466238,20.907179,24.038523,27.534874,24.182276,21.990017,19.541182,22.97082,18.016022,21.95429,20.822329,23.272297,23.55286,27.30083,24.542984,24.40922,21.509274,17.69068,16.374836,12.951653,13.573939,14.93958,11.718234,9.121306,8.745734,10.054872,9.505901,8.159385,11.647839,12.564176,13.116123,16.566532,17.095875
12,31.91229,29.631548,25.472715,23.62926,21.74241,17.501959,17.716259,11.874067,10.6204195,6.60272,6.028594,6.660287,0.0,3.924231,6.55597,9.296728,12.720503,15.007384,19.229086,21.480713,25.533297,28.589708,30.676304,34.80301,35.670944,35.191093,29.706245,28.634558,24.651457,24.763084,19.634245,22.657196,15.86255,19.697685,16.876396,17.294098,20.687971,19.765627,22.357285,20.5335,23.895264,20.163649,25.437386,22.061268,28.446997,27.584616,31.31026,32.541725,32.418232,37.39105,37.245693,33.51877,39.57277,42.414635,40.615765,40.9153,35.111706,37.9258,34.61286,36.019463,32.085052,35.18687,33.089306,37.764183,35.823963,33.841133,37.02674,37.79409,35.00731,36.745667,30.924738,31.051441,26.26028,27.94558,25.168139,25.033504,25.840475,22.265425,25.906504,23.128372,25.794231,28.597599,24.791592,23.270132,20.424452,24.727386,20.070824,23.63557,23.047262,24.83327,25.640968,28.464273,26.700436,27.38688,24.900589,21.044554,20.81574,17.272781,19.139858,19.465887,14.267611,12.85691,14.498858,16.457003,15.660496,13.529278,16.296541,15.153119,14.641603,17.450487,16.74192
13,30.626762,28.18322,24.37886,21.872473,20.276793,16.051552,16.455278,11.306485,9.331202,7.831376,5.3948684,8.186651,3.924231,0.0,6.1140833,6.7843294,10.461187,12.649572,16.661318,19.24422,22.987268,26.293213,28.097925,32.384315,33.273193,32.613323,27.566711,25.875187,21.944708,21.593136,16.678967,19.051859,12.107588,15.7765,13.047594,13.584254,17.065945,16.230333,18.564669,16.90087,20.19944,16.862455,22.318913,19.300482,25.820114,25.652098,29.229122,30.82251,31.262318,35.93514,35.806152,32.7784,38.81635,41.504005,40.149094,40.32506,34.529633,37.21779,33.703247,35.143818,30.555166,33.598465,31.21216,35.636364,33.5583,31.166445,34.282974,35.01515,32.316067,34.459503,28.767004,29.358507,24.404522,26.80788,24.021795,24.549835,25.531502,21.872482,26.096674,22.85531,25.742022,28.454554,24.296104,22.40211,18.973377,23.087671,18.042246,21.05201,20.309052,21.66378,22.51075,24.976404,23.541569,24.593637,22.324768,18.558891,18.997763,15.941264,18.296177,17.74501,11.754757,11.352939,14.038122,16.626545,16.259085,13.536433,17.056252,14.506733,14.968223,16.959194,16.889906
14,25.716146,23.742104,19.375614,17.788824,16.411877,11.423622,13.3865,7.386096,8.502962,6.8819275,8.291706,12.288426,6.55597,6.1140833,0.0,5.483509,6.984956,10.187029,13.78552,16.247599,20.237282,23.230566,25.921757,29.92124,31.337622,31.283499,25.638952,25.288157,21.23004,21.49003,16.682854,19.61659,14.205885,17.825666,16.673883,17.130333,21.175238,20.69657,21.873505,20.315578,22.309782,19.0299,23.25711,19.720587,25.836624,24.107973,28.383966,28.866299,28.828758,33.80333,34.40631,30.846611,36.484756,39.85865,38.679676,39.383972,33.784473,37.14391,33.895782,36.239517,31.52762,35.105473,33.131687,37.570812,36.43783,33.59213,37.391407,38.55077,36.39588,38.95051,33.230816,33.628174,28.012459,30.384914,26.87061,27.13788,27.24328,22.847483,26.286928,22.364342,24.485762,26.47644,22.34771,21.483133,18.508554,23.335714,19.603495,22.748247,23.126797,24.5453,26.219357,28.267693,27.785755,29.469696,26.890556,23.286463,23.590988,19.511047,22.748419,22.904325,16.461182,15.483945,18.756683,21.211645,19.744658,16.954004,18.80717,15.64241,14.448044,15.95571,14.415198
15,24.223122,21.572714,18.121532,15.188161,13.689112,9.765337,10.330776,6.3777814,5.2543206,8.015364,7.2877426,12.914031,9.296728,6.7843294,5.483509,0.0,4.532886,5.8822975,10.083657,12.469135,16.317825,19.537424,21.549885,25.764067,26.872896,26.485853,21.255348,20.147764,16.111683,16.164768,11.2900915,14.438436,9.291779,13.751864,12.949406,14.399146,17.992338,17.035938,17.42009,15.587761,17.118538,13.688094,17.78535,14.377686,20.62092,19.70526,23.678295,24.781738,25.421955,29.99631,30.36201,27.665628,33.396404,36.368843,35.611027,36.05096,30.459526,33.55492,30.087353,32.409367,27.07801,30.585934,28.403326,32.61378,31.534006,28.370499,32.264988,33.538708,31.66917,34.601295,29.02505,29.667253,23.759907,26.73981,23.09733,24.029465,24.215296,19.792488,23.882616,19.538914,22.019651,24.049047,19.552752,18.014847,14.363871,18.8739,14.895847,17.556782,18.082703,19.340284,21.338934,23.24016,23.217533,25.375011,22.654427,19.322962,19.980679,16.0683,20.029503,19.799522,12.891286,12.484055,16.849106,19.790325,18.455439,15.130306,17.431288,12.633644,12.818112,13.153118,12.960761
16,20.577389,18.358782,14.710471,11.965566,11.415823,6.395872,9.810934,6.9446244,8.423498,11.317456,11.711812,17.221237,12.720503,10.461187,6.984956,4.532886,0.0,4.5487037,6.921462,10.001019,13.540321,16.801125,19.493795,23.57812,25.318283,25.343573,20.171103,19.692219,15.768512,15.75793,11.761417,14.0534,10.872401,14.089301,14.812041,15.78906,19.702246,19.376703,18.855455,17.585918,17.958952,15.501408,18.455626,15.288747,20.934837,19.35983,23.710524,24.10288,24.86058,29.318907,30.374006,27.899223,33.1334,36.52606,36.273796,37.034157,31.71844,35.155003,31.821756,34.72676,28.998997,32.72551,30.653513,34.557636,33.97653,30.256393,34.396294,35.840084,34.35995,37.738445,32.376324,33.23804,27.12479,30.407524,26.538467,27.628677,27.439444,22.73636,26.456717,21.599487,23.526241,24.830452,20.290367,19.420172,15.9337,20.525732,17.491957,19.524153,20.625004,21.3826,23.78533,24.909311,25.769701,28.423542,25.92746,22.870039,23.884863,20.054043,24.301605,23.879105,16.841404,16.789352,21.329206,24.293474,22.807941,19.471972,21.257257,16.048622,15.65844,15.183489,14.269786
17,19.211283,16.20786,13.536238,9.753993,8.474502,5.95084,6.378173,6.657543,7.044612,12.029931,12.096061,18.036278,15.007384,12.649572,10.187029,5.8822975,4.5487037,0.0,4.866486,6.596378,10.559525,13.665506,15.826826,19.961233,21.288774,21.183313,15.875738,15.439935,11.4530735,12.053334,7.861506,11.670918,9.908774,14.121738,15.056238,17.02542,20.224442,19.21757,17.966827,16.184633,15.7804785,12.725976,14.694739,11.175104,16.568182,14.875854,19.17222,19.757673,20.760721,25.061806,25.943396,23.830915,29.1126,32.273624,32.208786,32.862015,27.619587,30.985355,27.634668,30.715504,24.772165,28.582563,26.641865,30.461262,30.341639,26.536947,31.014872,32.73918,31.676397,35.205013,29.938541,30.631435,24.224337,27.58927,23.450945,24.750738,24.281384,19.520807,23.275562,18.140781,20.067522,21.259132,16.592218,15.480915,11.853241,16.278225,13.8923,15.744103,17.512993,18.521513,21.430998,22.677868,23.917902,26.866625,23.95061,21.225723,22.036354,17.931185,22.70979,22.647676,15.8407135,15.575704,20.522081,23.520132,21.72389,18.283195,19.59689,13.54772,13.652586,12.079581,12.007057
18,16.122414,13.399059,11.455917,6.998425,7.74265,5.9447565,8.785359,10.691395,11.893833,16.69046,16.825455,22.731092,19.229086,16.661318,13.78552,10.083657,6.921462,4.866486,0.0,4.1641865,6.679451,10.183823,12.824405,16.905972,18.960346,19.175903,14.582846,14.368593,10.944552,11.038655,8.973197,10.713465,11.761934,14.282718,16.718346,18.340965,21.475733,21.029875,18.7661,17.677523,15.922705,14.395698,14.866253,12.310733,16.482973,14.775854,19.03971,19.13214,20.731344,24.43458,25.992277,24.748198,29.317343,32.65047,33.36234,34.195324,29.3939,32.846092,29.613544,33.09996,26.653107,30.462591,28.5277,31.767944,32.05164,27.613066,32.155777,33.98949,33.38808,37.426353,32.558727,33.62954,27.21839,31.031384,26.89643,28.565548,27.940891,23.211739,26.766495,21.354332,22.823313,23.269583,18.719545,18.046032,14.637305,18.428104,16.913893,17.618212,19.72808,19.948656,23.13454,23.376991,25.622644,29.083826,26.560955,24.257404,25.583668,21.982557,26.867445,26.333033,19.544855,19.896122,24.982967,28.08272,26.42752,22.949505,24.224854,17.918528,18.056992,15.838077,15.622479
19,14.015557,10.535237,9.674142,4.5945945,4.662966,6.7059317,6.975929,11.301312,12.589011,17.775906,18.330149,24.272223,21.480713,19.24422,16.247599,12.469135,10.001019,6.596378,4.1641865,0.0,4.559539,7.1095796,9.885477,13.705463,15.564837,16.089367,10.824725,12.006084,8.847824,10.3594675,8.84258,12.094505,14.182279,17.341295,19.598442,21.716051,24.462513,23.532364,20.990145,19.480547,17.200064,15.116965,14.133895,11.238775,14.204557,11.147581,15.685598,15.158262,16.653336,20.357782,22.118713,20.896746,25.239548,28.664476,29.554272,30.524706,25.968716,29.59155,26.570673,30.486387,24.139523,28.137363,26.619223,29.786055,30.838076,26.46856,31.423788,33.592945,33.44454,37.475586,32.68942,33.397114,26.788475,30.332254,25.90863,27.448822,26.317638,21.540031,24.565716,18.998894,19.993559,19.940182,15.56449,15.323414,12.53595,16.06208,15.999039,16.68706,19.602243,20.234169,23.817366,24.272781,26.722544,30.271225,27.32353,25.269703,26.156748,22.121307,27.272364,27.370373,20.986233,20.807392,25.88492,28.814943,26.697409,23.340958,23.767488,17.342482,17.236256,14.230866,14.134175
20,13.232975,9.976085,11.005649,6.102206,8.033992,10.482778,11.340167,15.816035,16.864622,22.213167,22.401897,28.355879,25.533297,22.987268,20.237282,16.317825,13.540321,10.559525,6.679451,4.559539,0.0,3.8985982,6.5237827,10.359445,12.884842,13.578354,9.915657,10.82275,8.956616,9.739152,10.653382,11.854052,16.11206,18.05634,21.21223,23.229149,25.604984,24.95553,21.600704,20.599857,17.228504,16.480453,14.105594,12.541869,13.883578,11.660509,15.438622,14.829315,17.270992,19.86708,22.055063,22.172499,25.719664,28.944416,30.658983,31.606482,27.572495,30.982866,28.061987,32.105774,25.343014,29.127375,27.56733,30.037022,31.395824,26.52173,31.401047,33.642914,33.97342,38.42219,34.11467,35.176376,28.713171,32.664783,28.396477,30.362417,29.252754,24.737738,27.756163,22.21013,23.01089,22.492317,18.42277,18.184013,15.547569,18.040604,18.494509,18.033115,21.057081,20.970875,24.68616,24.27251,27.564394,31.500446,28.91569,27.334951,28.652905,25.22425,30.384995,30.022772,23.830173,24.2053,29.387564,32.418625,30.541817,27.144192,27.766315,21.141472,21.47031,18.145645,18.39764
21,11.2030525,7.6885486,10.552482,6.764259,8.6810055,12.678643,12.820735,18.063438,19.430555,24.689226,25.285355,31.207607,28.589708,26.293213,23.230566,19.537424,16.801125,13.665506,10.183823,7.1095796,3.8985982,0.0,4.7721615,7.297012,10.307665,11.839692,8.285416,11.226491,10.399669,12.044181,13.466868,15.154577,19.7267,21.82586,24.938086,27.076569,29.32843,28.523705,25.03612,23.906858,20.265007,19.37656,16.056715,14.580529,14.383411,10.892217,14.458118,12.667734,15.034731,17.153345,19.95705,20.365955,23.128475,26.545658,28.689798,29.888447,26.38867,29.954735,27.401268,31.879915,25.352978,29.202818,28.096912,30.30338,32.414387,27.608345,32.7149,35.20371,35.95757,40.40933,36.26561,37.080902,30.581621,34.276283,29.86107,31.672377,30.137331,25.68776,28.061121,22.560888,22.740932,21.528612,17.992723,18.40273,16.624052,18.634884,20.335882,19.808472,23.294737,23.406933,27.293818,26.896767,30.36872,34.346157,31.566616,30.1764,31.219965,27.552647,32.801094,32.846817,26.920773,26.968489,32.069763,34.95748,32.76619,29.501503,29.489323,23.014387,22.99998,19.324455,19.413687
22,15.496446,11.948963,15.177639,11.107271,12.129538,16.345604,15.105397,20.739872,21.059696,26.81504,26.713312,32.529037,30.676304,28.097925,25.921757,21.549885,19.493795,15.826826,12.824405,9.885477,6.5237827,4.7721615,0.0,4.5266414,6.515948,7.3504124,6.0867796,7.709596,8.558171,10.03491,13.040958,14.185841,19.886847,21.820972,24.954067,27.477285,29.018383,27.919893,23.965754,22.81742,18.556326,18.121777,13.476679,13.097048,11.108223,9.347317,11.438878,10.815361,14.530946,15.388241,17.657742,19.67955,22.274817,24.819555,27.464901,28.2266,25.012424,27.99215,25.372694,29.613861,22.752203,26.247908,25.077497,26.681528,29.039118,24.040304,29.089935,31.691664,32.908855,37.52974,33.854797,34.801685,28.550285,32.464256,28.29668,30.543858,29.140436,25.192234,27.785477,22.551859,22.96204,21.877832,18.533783,18.240355,16.429098,17.124731,19.260841,17.723938,21.332546,21.133255,25.100662,24.388706,28.279902,32.41155,29.727188,28.891104,30.05273,26.976875,32.150505,31.997265,26.694399,27.050028,32.108738,34.98653,33.0401,29.829609,30.006205,23.38611,24.222471,20.225397,21.318653
23,15.500706,12.427254,16.822409,13.826719,14.966335,19.752563,18.425957,24.35483,24.984383,30.598991,30.807837,36.588764,34.80301,32.384315,29.92124,25.764067,23.57812,19.961233,16.905972,13.705463,10.359445,7.297012,4.5266414,0.0,4.136001,6.6794996,7.5358214,10.752195,12.495447,14.22126,17.370958,18.53984,24.39621,26.234468,29.442293,31.96161,33.41585,32.298298,28.216658,27.09565,22.651598,22.315128,17.163616,17.00807,13.757859,11.282727,12.387791,10.440628,14.084297,13.601209,16.627516,19.453636,20.724766,23.244635,26.60669,27.59685,25.246286,28.210556,26.105837,30.689667,24.22854,27.590223,26.926151,28.017504,31.15309,26.28724,31.360548,34.148083,35.84099,40.46182,37.092884,37.86712,31.7391,35.40427,31.221392,33.340042,31.585611,27.83656,29.767782,24.7517,24.546793,22.765795,20.179924,20.486628,19.513866,19.66053,22.782148,21.155844,24.976421,24.836113,28.822498,27.989248,32.067837,36.218647,33.48722,32.87261,33.8603,30.708355,35.875362,35.988697,30.937935,31.102362,36.062637,38.816715,36.65927,33.579807,33.26838,26.869122,27.41925,23.250103,24.156784
24,18.902418,15.461371,19.638376,16.416567,16.718245,21.865278,19.274887,25.473316,25.460835,31.22057,31.148964,36.713184,35.670944,33.273193,31.337622,26.872896,25.318283,21.288774,18.960346,15.564837,12.884842,10.307665,6.515948,4.136001,0.0,3.3295588,6.484581,9.373607,12.063966,14.172335,17.478043,19.163229,24.952898,27.200468,29.997211,32.877075,33.909584,32.376583,28.317528,26.900557,22.484426,21.820871,16.078924,16.225937,11.633249,9.831122,9.350811,8.117138,12.5056505,10.965331,13.32133,17.31363,18.50696,20.239416,23.825218,24.47193,22.400475,24.927174,22.910564,27.37841,21.027853,24.152378,23.731432,24.491405,28.092112,23.470282,28.605627,31.559649,33.58017,38.06047,34.95033,35.511833,29.59763,33.05951,29.01877,31.211924,29.388472,26.102543,27.882484,23.262127,23.070147,21.357883,19.156754,19.103815,18.524616,17.637074,21.450317,19.50161,23.47882,23.543406,27.523571,26.936077,30.912703,34.949474,32.04945,31.767027,32.50215,29.534143,34.56862,34.912354,30.502594,30.545938,35.290882,37.882763,35.7279,32.83188,32.329155,26.124586,27.07249,22.744724,24.27924
25,21.527328,17.889158,21.589006,17.794317,17.832592,22.65031,19.658916,25.699144,25.043827,30.989798,30.409391,35.832928,35.191093,32.613323,31.283499,26.485853,25.343573,21.183313,19.175903,16.089367,13.578354,11.839692,7.3504124,6.6794996,3.3295588,0.0,6.9504533,7.307467,10.768734,12.47786,16.250572,17.60562,23.571512,25.739252,28.384426,31.427328,32.063046,30.370094,26.218357,24.786118,20.274462,19.815304,13.701321,14.530677,9.230899,9.596742,7.974143,8.9187975,13.77799,12.198429,13.391674,17.975283,19.748734,20.773008,24.200056,24.369814,22.078293,24.093351,21.784443,25.785297,19.082855,21.911465,21.196894,21.691662,25.104214,20.343874,25.38028,28.322311,30.455606,34.998894,32.108322,32.820347,27.114777,30.779789,26.99124,29.505987,27.982079,25.018026,27.235033,22.808847,23.089336,21.892975,19.49901,18.710688,17.758776,16.239464,19.759502,17.232256,21.054178,20.914188,24.81915,24.13338,28.186996,32.228046,29.441847,29.440948,30.295584,27.80476,32.68944,32.79183,28.767744,29.066582,33.729748,36.32954,34.455757,31.582766,31.435677,25.18911,26.735966,22.447968,24.554384
26,17.400751,13.202733,16.044437,12.395362,11.519396,16.84116,13.140845,19.435919,19.291775,24.94905,25.066502,30.563616,29.706245,27.566711,25.638952,21.255348,20.171103,15.875738,14.582846,10.824725,9.915657,8.285416,6.0867796,7.5358214,6.484581,6.9504533,0.0,6.7138667,7.500953,10.98479,12.542669,16.146767,20.481022,23.825739,25.914572,28.946407,30.352894,28.533968,25.163898,23.19923,19.676846,17.605267,12.89884,11.404685,8.499254,3.747065,6.3069158,5.247683,9.107706,10.602839,12.231863,13.813197,17.06239,19.458385,21.640776,22.329744,18.936386,22.054949,19.530947,24.065683,17.658453,21.469374,20.883598,22.97437,25.969212,21.723202,27.206808,30.076733,31.335312,35.438374,31.542906,31.75292,25.392393,28.57404,24.16209,25.991543,24.109053,20.319986,22.318357,17.322449,17.435038,16.258419,13.280308,13.048563,12.275975,12.302798,16.018448,15.163466,19.36004,20.243954,24.296833,24.697412,27.828539,31.560656,28.185993,27.332884,27.657448,23.98524,29.150942,29.951725,25.277794,24.81373,29.523657,32.053566,29.654037,26.76007,26.067694,19.874987,20.60195,16.286972,17.86548
27,22.118477,18.07194,20.086716,15.337318,14.712397,18.42376,15.016677,20.34724,18.82459,24.927633,23.718555,29.052294,28.634558,25.875187,25.288157,20.147764,19.692219,15.439935,14.368593,12.006084,10.82275,11.226491,7.709596,10.752195,9.373607,7.307467,6.7138667,0.0,4.0647354,5.772239,9.25881,11.271398,16.537466,19.272472,21.395166,24.638628,25.273577,23.356188,19.547075,17.773222,13.732197,12.561076,6.7661915,7.3418636,3.6096234,7.1917534,7.2922287,10.660974,14.921909,15.762471,15.835429,18.471033,22.342531,23.576015,25.58261,25.423185,21.624645,23.670092,20.458567,23.76046,16.388878,19.521294,17.816948,19.529734,21.402973,16.450779,21.616753,24.266401,25.464714,29.954042,26.37403,27.288712,21.228052,25.330524,21.506386,24.273037,23.372755,20.128162,23.525618,18.857803,20.260567,20.33687,16.820004,14.822475,12.398425,11.481295,13.227786,10.626603,14.325964,14.314982,18.34645,18.211039,21.773802,25.753225,22.83978,22.466656,23.493685,21.093487,26.018713,25.790277,21.507435,22.04214,26.817387,29.584108,28.043625,24.999292,25.632025,19.086796,21.313078,17.362255,20.020521
28,20.805935,16.724066,17.716879,12.783823,11.77164,14.854349,11.417622,16.393982,14.86619,20.98277,19.870958,25.359064,24.651457,21.944708,21.23004,16.111683,15.768512,11.4530735,10.944552,8.847824,8.956616,10.399669,8.558171,12.495447,12.063966,10.768734,7.500953,4.0647354,0.0,4.153036,5.5359945,9.220909,13.319783,16.752953,18.58326,21.779873,22.9307,21.042057,17.731274,15.709886,12.424549,10.225782,6.266279,4.5501876,5.5437098,6.956835,9.223997,11.840147,15.163036,17.369669,17.579048,18.611334,23.227945,25.047571,26.337324,26.36888,21.924484,24.407904,21.0002,24.266428,17.098352,20.600115,18.724705,21.331568,22.50827,17.871231,22.97627,25.385199,25.855663,30.109222,25.902542,26.731422,20.325556,24.359407,20.280825,22.770645,21.975906,18.183332,21.916813,16.907598,18.63521,19.140701,15.033822,12.928749,9.707916,10.370259,10.91458,9.461182,13.040069,13.497832,17.503635,17.945972,20.880219,24.684212,21.582668,20.557032,21.510876,18.547012,23.659365,23.517042,18.546816,18.893848,23.862171,26.737236,25.100754,21.89431,22.69654,15.946316,17.9873,14.256103,16.713753
29,22.742443,19.004997,19.763124,14.562251,14.283751,16.091097,13.990601,17.926514,16.05433,22.125135,20.31222,25.717825,24.763084,21.593136,21.49003,16.164768,15.75793,12.053334,11.038655,10.3594675,9.739152,12.044181,10.03491,14.22126,14.172335,12.47786,10.98479,5.772239,4.153036,0.0,5.3818336,5.533401,11.221327,13.516924,15.918521,18.991747,19.808928,18.239553,14.359917,12.897085,8.838074,8.343411,4.592755,5.4248247,7.4088545,11.026579,12.534641,15.595537,19.212595,21.020704,21.168282,22.696842,27.201443,28.78735,30.231668,30.06607,25.647053,27.754244,24.19628,26.901638,19.514053,22.505138,20.045141,22.23339,22.52424,17.427406,21.946922,24.011448,24.295542,28.89943,24.94449,26.459873,20.413635,25.08294,21.515245,24.467094,24.295078,20.785627,25.076487,20.26698,22.374058,23.165361,18.955805,16.551079,12.810682,13.372663,12.256664,9.836125,12.3140335,11.5477705,15.375957,14.931042,18.426338,22.534966,20.084911,19.254398,21.017826,19.069754,23.891962,22.7489,17.689457,19.001734,24.03345,27.128595,26.141054,22.808783,24.573818,17.80142,20.367882,17.128603,19.606646
30,22.6987,18.916737,18.343712,13.419191,12.133272,12.948615,10.145744,13.129627,10.733023,16.79246,15.011975,20.51168,19.634245,16.678967,16.682854,11.2900915,11.761417,7.861506,8.973197,8.84258,10.653382,13.466868,13.040958,17.370958,17.478043,16.250572,12.542669,9.25881,5.5359945,5.3818336,0.0,6.772184,8.064499,12.457118,13.568987,16.787241,18.305025,16.40704,13.874238,11.591233,9.803285,6.4054346,6.8696423,3.7615724,9.698648,11.276141,14.007089,16.622904,19.086222,22.166943,22.101913,21.923462,27.239033,29.221039,29.706955,29.650785,24.584408,27.034466,23.349815,25.917822,19.10752,22.462835,20.065315,23.349663,23.150461,18.908747,23.443363,25.326311,24.778875,28.74323,23.966978,25.003681,18.596563,22.782162,18.900833,21.313353,21.207247,17.232891,21.774855,16.911972,19.42018,20.852976,16.294943,13.688109,9.334844,11.547799,8.938065,8.712827,10.917383,11.523082,15.046874,16.082691,18.06899,21.569378,18.556032,16.790188,18.011595,15.055806,20.072762,19.45937,13.690895,14.372706,19.544514,22.65664,21.41526,17.97974,19.797478,13.003012,15.451908,12.725237,15.144647
31,24.894352,21.670406,21.44536,16.317034,16.514706,16.283741,15.881178,18.004112,15.947062,21.490746,19.03474,24.221489,22.657196,19.051859,19.61659,14.438436,14.0534,11.670918,10.713465,12.094505,11.854052,15.154577,14.185841,18.53984,19.163229,17.60562,16.146767,11.271398,9.220909,5.533401,6.772184,0.0,7.510771,8.135904,11.293729,13.944974,14.885645,14.008806,9.9443,9.409174,5.6264386,7.316388,7.7379193,8.714319,12.600367,16.144897,18.000063,20.930027,24.24543,26.426373,26.6276,27.674614,32.437824,34.181644,35.34751,35.152138,30.437143,32.489094,28.764648,30.960686,23.727943,26.432714,23.49834,25.775629,24.827154,19.830235,23.426895,24.835732,24.316076,28.92809,24.904118,27.048643,21.441753,26.455864,23.38688,26.429316,26.922054,23.442638,28.262106,23.58032,26.103838,27.342129,22.847258,20.303553,16.01701,17.37621,14.314958,12.301758,13.032442,11.314272,14.253373,13.173303,16.48289,20.573006,18.960371,17.794281,20.403412,19.281876,23.626856,21.401852,15.833328,18.138763,23.127316,26.452238,26.163944,22.705486,25.574554,19.039955,21.777344,19.414053,21.55175
32,27.787708,24.66674,22.880114,18.362583,17.6233,15.542446,15.107003,14.590318,11.517232,15.936073,12.600127,17.278366,15.86255,12.107588,14.205885,9.291779,10.872401,9.908774,11.761934,14.182279,16.11206,19.7267,19.886847,24.39621,24.952898,23.571512,20.481022,16.537466,13.319783,11.221327,8.064499,7.510771,0.0,6.0042944,5.6910143,8.812285,10.790208,9.448723,8.321084,6.7205415,8.256834,6.5605555,11.829211,10.689887,16.802557,19.321997,21.828968,24.68532,26.950823,30.225368,29.99175,29.470304,35.065956,36.99652,37.062935,36.816353,31.45059,33.560112,29.692715,31.270857,24.898668,27.614477,24.572886,27.880373,25.888107,22.056114,25.204716,26.123507,24.310444,27.964912,23.062243,24.897017,19.46075,23.925358,21.101572,23.57829,24.650959,21.181042,26.373587,22.211975,25.307268,27.452244,22.835533,20.008253,15.464412,17.952822,12.841326,12.961042,12.237346,11.776828,13.487196,14.373408,15.095488,18.049856,16.199343,13.717376,16.122784,14.796899,18.603544,16.218945,9.683945,12.232662,17.01487,20.422441,20.540848,17.087873,20.900476,15.221879,18.055775,17.16356,19.104973
33,29.8843,27.237095,25.690517,21.157188,21.397932,18.864471,19.954746,19.403942,17.085049,21.006706,17.709297,21.844475,19.697685,15.7765,17.825666,13.751864,14.089301,14.121738,14.282718,17.341295,18.05634,21.82586,21.820972,26.234468,27.200468,25.739252,23.825739,19.272472,16.752953,13.516924,12.457118,8.135904,6.0042944,0.0,5.018722,6.161937,7.785632,8.584054,6.248462,7.636239,8.248807,10.450711,14.588166,14.998337,20.117748,23.421991,25.612238,28.520916,31.32426,34.09153,34.145866,34.379543,39.609528,41.494694,42.073277,41.80546,36.66387,38.628845,34.74449,36.2425,29.525583,31.912899,28.60274,31.196712,28.813635,24.52421,26.915247,27.416098,25.62116,29.670067,25.520807,28.171478,23.477879,28.389498,26.10321,28.94121,30.259876,27.012365,32.259377,28.03525,31.02635,32.910038,28.255787,25.556786,21.004429,23.08997,18.248833,17.265862,16.081415,14.132403,15.109974,14.124825,15.703745,18.894756,18.516054,16.705889,20.052528,20.054302,23.241356,19.753235,14.079825,17.461737,21.734215,25.10712,25.856604,22.536592,26.732374,21.214355,23.976967,23.0131,24.702238
34,32.810055,29.945581,27.944036,23.589119,23.093332,20.336796,20.538876,19.030119,15.836084,18.921457,14.858558,18.059525,16.876396,13.047594,16.673883,12.949406,14.812041,15.056238,16.718346,19.598442,21.21223,24.938086,24.954067,29.442293,29.997211,28.384426,25.914572,21.395166,18.58326,15.918521,13.568987,11.293729,5.6910143,5.018722,0.0,3.9208567,5.273315,4.812904,5.945613,6.1182013,9.853925,10.146498,15.894435,15.723244,21.476767,24.805147,26.91424,30.145803,32.544685,35.664406,35.204227,34.881115,40.554176,42.237473,42.20814,41.735558,36.329174,38.054245,34.104336,35.010933,28.883162,31.050396,27.662151,30.691025,27.644236,24.16844,26.19269,26.396866,23.871843,27.231695,22.690012,25.160267,20.875317,25.412798,23.5544,26.168806,27.954073,25.103846,30.535156,26.911581,30.263628,32.716133,28.174797,25.130592,20.625435,22.724182,16.990906,16.777918,14.6813965,13.41873,13.488161,13.929424,13.632154,15.901968,15.432911,13.0499,16.317326,16.802446,19.262802,15.466192,10.064065,13.830499,17.503538,20.789639,22.055262,18.96747,23.766935,19.100536,22.211166,22.017906,23.958344
35,34.197548,31.717257,29.374866,25.326689,25.189127,21.688879,22.941309,20.732311,18.128098,20.425762,16.624184,19.340282,17.294098,13.584254,17.130333,14.399146,15.78906,17.02542,18.340965,21.716051,23.229149,27.076569,27.477285,31.96161,32.877075,31.427328,28.946407,24.638628,21.779873,18.991747,16.787241,13.944974,8.812285,6.161937,3.9208567,0.0,4.6140566,6.7082005,8.473598,9.734637,13.006383,13.968554,19.447598,19.283405,25.023544,28.059065,30.414646,33.369705,35.70146,38.93552,38.7245,38.24326,43.868874,45.777527,45.76325,45.410637,39.97121,41.837605,37.905613,38.86688,32.776104,34.96984,31.57422,34.548615,31.37224,27.890837,29.655853,29.648941,26.962547,30.193365,25.854376,28.465576,24.526533,28.9251,27.215511,29.661882,31.49635,28.562626,33.90577,30.239698,33.510513,35.903057,31.304844,28.49414,24.009127,26.428543,20.741087,20.665546,18.58482,17.166847,16.947504,16.902802,16.553564,18.432692,18.60941,16.237192,19.51726,20.12703,22.183634,18.200535,13.102422,16.707302,19.926094,23.07694,24.561605,21.604488,26.521423,22.199554,24.882986,24.995684,26.456055
