,0,1,2,3,4,5,6,7,8,9,10,11,12,13,14,15,16,17,18,19,20,21,22,23,24,25,26,27,28,29,30,31,32,33,34,35,36,37,38,39,40,41,42,43,44,45,46,47,48,49,50,51,52,53,54,55,56,57,58,59,60,61,62,63,64,65,66,67,68,69,70,71,72,73,74,75,76,77,78,79,80,81,82,83,84,85,86,87,88,89,90,91,92,93,94,95,96,97,98,99,100,101,102,103,104,105,106,107,108
0,0.0,4.303051,6.5802107,9.682205,12.289254,14.71046,18.095757,21.803928,25.063007,27.387257,31.211523,32.626102,29.834064,28.701544,23.754978,24.081457,18.861494,19.414217,16.452826,15.397528,16.618036,12.886455,18.399975,16.498337,21.12658,21.820415,25.405548,24.346542,21.12937,22.34016,22.220055,22.863878,27.928469,25.779318,30.674564,30.900074,34.552254,35.331524,32.498257,29.140402,34.245327,29.411587,31.543747,29.458645,31.823702,30.040173,29.284191,31.833586,34.98298,37.124435,36.524834,40.41637,39.39347,43.213997,41.03312,44.267853,39.94959,41.149467,42.59279,43.352646,39.64392,41.886856,38.38061,37.44065,36.94945,34.430546,36.585396,32.524208,33.369816,28.703297,26.556034,29.126364,29.532642,31.989937,33.970818,34.159107,37.98964,38.39002,41.39798,43.471455,42.429188,39.05311,36.056747,34.076622,31.614717,31.91712,27.629469,27.736076,24.391417,25.40486,22.177998,19.36516,18.976105,16.056751,15.02881,14.177062,16.447536,20.161545,21.18849,25.016773,27.521166,29.46346,31.586695,29.85574,33.63119,30.897837,35.239624,34.766506,39.23596
1,4.303051,0.0,5.2818093,6.779989,8.82578,12.385475,14.662,19.260729,21.922176,24.599274,28.411898,30.056896,27.684261,26.438553,21.59362,21.320751,16.362783,16.106937,13.691004,11.688018,13.251883,9.535403,15.403925,13.885789,18.062244,18.334524,21.620394,20.594345,17.003075,18.608738,18.356165,19.71034,24.941261,23.510235,28.22486,28.91143,32.362183,32.752243,29.92556,26.42278,31.135437,26.079876,27.860998,25.847347,27.785254,26.085712,25.16529,27.901016,31.004276,33.05146,32.32815,36.216988,35.1535,38.928814,36.774113,40.04451,35.780636,37.082188,38.591465,39.24467,35.557583,37.687027,34.114616,33.21817,32.710526,30.290249,32.508385,28.523888,29.444874,24.839497,22.50898,24.885817,25.351831,27.697285,29.849133,30.03977,33.970745,34.502235,37.56429,39.74163,38.842262,35.359913,32.61959,30.39834,27.800991,27.963806,23.583662,23.459967,20.098515,21.134804,18.04994,15.280436,15.078192,12.570577,11.37135,10.138654,12.8631315,16.185226,17.652334,21.39987,24.138275,26.566378,28.315138,26.371521,30.362543,27.287804,31.709751,31.27162,35.63866
2,6.5802107,5.2818093,0.0,5.2689366,6.9051065,8.60111,12.287524,15.382544,18.961239,20.950151,25.069239,26.19966,23.514828,22.662348,17.644304,18.387295,13.524366,14.377601,12.828028,12.217649,15.0214405,12.609298,18.700869,18.172901,22.188643,22.264702,24.784248,23.333788,18.303091,19.693764,18.240341,19.616682,23.11893,21.78412,26.062305,26.419825,30.289766,30.945019,28.76184,25.740938,30.776037,26.51936,28.232025,27.210722,29.01684,28.13643,27.245298,30.527685,33.39005,35.31492,34.106377,38.070904,36.767757,40.133896,37.887882,40.89147,36.377342,37.816055,38.796253,39.116932,35.395855,37.395947,34.243523,32.925594,33.156853,30.084421,32.570274,28.508646,30.273186,25.309917,22.571638,25.467957,24.986942,28.202148,29.076971,29.635046,33.017384,33.4025,36.4124,38.1775,37.359066,34.16371,30.714039,29.029099,26.376534,27.369787,22.74213,24.00236,20.74454,22.446934,20.128729,16.51792,17.465542,15.023142,12.0471,10.333923,11.826637,15.227877,16.20374,19.308601,21.964077,23.788189,25.662086,23.98378,27.38376,24.958986,29.183233,28.858875,33.37698
3,9.682205,6.779989,5.2689366,0.0,3.8802955,6.1965685,9.027761,13.227914,15.747188,18.63091,21.918192,23.85728,21.387074,19.834335,15.1210375,14.616463,9.583568,9.752757,7.7224693,7.190338,10.202402,8.908329,14.71767,15.281486,19.02701,19.430462,21.077309,19.075853,13.861678,14.650385,13.35776,14.360847,18.451529,17.199614,21.641872,22.366018,25.911394,26.314272,23.864466,20.664806,25.58593,21.256628,23.087915,22.123901,24.292168,23.616505,23.155432,26.458977,29.17776,31.2881,30.11345,34.27047,33.42207,36.48905,33.785465,36.545826,31.861559,33.06597,33.9868,34.623665,30.873838,33.403145,30.415882,29.5588,30.314127,27.579987,30.464718,26.720602,28.776764,24.09645,20.7055,22.713736,21.9617,24.528059,25.431643,25.409182,28.920076,29.056847,31.989271,33.937084,32.840122,29.561197,26.38805,24.541107,22.234947,22.810478,18.806374,20.133385,17.311138,19.518805,17.895636,14.915493,16.191319,14.978244,12.059741,8.965284,11.4181795,12.846025,15.506473,17.432766,21.066532,23.773985,24.562899,22.343367,25.547739,21.993353,26.245329,25.346415,29.858376
4,12.289254,8.82578,6.9051065,3.8802955,0.0,5.3393826,5.852388,10.962402,13.136741,15.972106,19.813736,21.527283,19.619827,18.416122,13.795596,13.178882,9.125909,8.285971,8.73053,7.0318365,11.074095,10.36012,15.885697,16.701788,19.569237,19.130367,20.36479,18.633253,12.388792,14.09272,11.752734,14.412639,17.525116,17.640356,21.358095,22.525764,25.979792,25.972803,23.957893,20.880852,25.21927,20.966743,22.059402,21.628675,22.775541,22.495472,21.56115,25.279585,27.846933,29.626064,28.075293,32.099594,30.860693,33.846523,31.418993,34.259037,29.68112,31.227198,32.08736,32.24932,28.537376,30.534979,27.510593,26.300497,27.052368,24.040686,26.92193,23.137024,25.486652,20.709545,17.192327,19.522953,18.545126,21.67057,22.27256,22.738817,26.13489,26.579597,29.638552,31.509472,30.835762,27.52829,24.35839,22.386072,19.591105,20.533213,15.851937,17.454865,14.471087,16.801731,15.584808,12.138426,14.1495495,13.271476,9.530004,6.1139727,7.9824214,9.133292,11.737185,13.607978,17.208525,20.077738,20.782331,18.554703,22.017126,18.67065,23.019089,22.539785,26.96691
5,14.71046,12.385475,8.60111,6.1965685,5.3393826,0.0,6.033898,7.3526697,10.91928,13.035813,16.568388,18.030533,15.339624,14.159792,9.229114,9.922975,5.623049,7.545258,8.403555,9.816488,13.749554,14.122904,19.26547,20.715174,23.869303,23.883097,24.529617,22.23316,15.68981,16.216084,13.217018,14.512169,15.425564,15.003788,18.338787,18.893097,22.827282,23.338924,21.956444,19.567804,24.456652,21.411957,22.834541,23.36066,25.020145,25.498192,25.052,28.89945,31.176098,33.021645,31.2475,35.36357,34.27267,36.687916,33.90793,36.234047,31.357992,32.732944,32.93457,33.082745,29.3895,31.69409,29.369276,28.055891,29.862309,26.473656,29.70119,26.10715,29.203306,24.402802,20.534687,22.831474,20.79596,24.262085,23.380146,23.793236,26.443012,26.377728,29.184933,30.576685,29.644588,26.78467,22.759298,21.650007,19.329762,21.050507,16.971172,20.188938,17.83806,20.781984,20.34108,16.855314,19.28206,18.45068,14.287141,11.069243,11.724691,12.040838,14.350173,14.529028,18.264372,20.460588,20.825846,18.811728,20.99797,18.028164,21.91326,21.063831,25.707281
6,18.095757,14.662,12.287524,9.027761,5.852388,6.033898,0.0,6.767054,7.473281,10.69392,14.4350395,16.306675,15.128491,13.968679,10.074034,8.73925,7.0888944,5.1502485,9.334815,8.487477,12.84176,14.002988,18.293617,20.199142,22.068066,21.238998,21.053255,19.041569,11.696294,13.218046,9.147837,12.925137,13.5077095,15.429102,17.835732,19.518633,22.73021,22.265316,21.054413,18.51396,22.144838,18.794897,19.111168,20.073929,20.387693,21.293007,20.399519,24.599684,26.619957,28.103085,25.981129,29.947119,28.627892,30.89242,28.313929,30.734627,26.027313,27.749783,28.063608,27.786367,24.13114,25.957531,23.480639,22.048624,23.901169,20.541618,23.902578,20.513296,23.897718,19.366446,15.130171,17.090086,14.7817335,18.418268,17.50905,18.224503,21.038467,21.420918,24.45228,26.05642,25.627363,22.492617,19.024729,17.266575,14.27096,16.005144,11.194278,14.552851,12.3505,15.565354,16.050207,12.847082,15.956644,16.244785,12.063011,8.666819,8.898131,6.729916,10.2353735,9.336785,13.770386,17.030338,16.49182,13.961193,16.780714,12.985568,17.253902,16.717428,21.168602
7,21.803928,19.260729,15.382544,13.227914,10.962402,7.3526697,6.767054,0.0,5.315625,5.7758822,10.1176,10.843842,8.816982,8.55874,4.508185,6.521604,7.31416,8.720953,12.826167,14.282239,18.38371,19.890514,24.190296,26.337255,28.543089,27.953903,27.48847,25.180462,17.866821,18.4577,14.058433,16.31042,13.308995,15.242745,16.250702,17.176022,20.899376,20.975258,21.087437,19.737682,23.59485,21.99406,22.395792,24.550901,25.046843,26.773252,26.19117,30.47383,32.141327,33.510128,31.073366,34.918964,33.52698,35.098377,32.42603,34.23288,29.415495,31.074287,30.512516,29.885191,26.440393,28.14757,26.660936,24.826004,27.791258,23.86776,27.366932,24.256413,28.42083,23.917793,19.74122,21.972422,18.572166,22.80907,19.832651,20.8998,22.333351,22.216137,24.835594,25.540287,25.122015,22.800644,18.08068,17.78558,15.333992,18.449934,14.50261,19.561468,18.053408,21.46409,22.44992,18.99972,22.3408,22.264416,17.595276,14.712558,13.781435,12.150703,13.907097,11.243779,14.867303,16.643032,15.834885,14.038509,14.675645,12.455137,15.661217,15.100407,19.674637
8,25.063007,21.922176,18.961239,15.747188,13.136741,10.91928,7.473281,5.315625,0.0,4.5745926,7.1157393,9.380987,9.290851,8.200546,6.8844566,5.0897384,8.742234,7.9518056,13.337084,14.229416,17.940006,20.368382,23.580757,26.343067,27.665142,26.874043,25.42261,23.04286,15.806701,16.210548,11.404378,14.354302,10.110611,14.109869,14.020399,15.983817,18.823536,18.021982,18.405413,17.218988,19.922821,18.711464,18.336226,21.250854,21.064466,23.462116,23.014252,27.34561,28.585447,29.77457,27.13019,30.883078,29.704758,30.754454,27.874737,29.359795,24.539804,26.215174,25.427937,24.662027,21.280397,23.089855,21.961258,20.380117,24.090315,20.478203,24.303411,21.782024,26.271322,22.379383,17.858118,19.053188,15.058243,18.807072,15.109699,15.934774,17.098452,16.902254,19.544134,20.360249,20.059965,17.626242,13.123361,12.598661,10.082839,13.493691,10.163247,15.982876,15.408892,19.120506,21.161777,18.533276,22.067778,22.981422,18.751097,15.731354,15.03928,11.372595,14.203806,9.773266,14.11286,16.899855,14.506541,12.056541,12.273947,8.126561,11.380179,10.201435,14.853807
9,27.387257,24.599274,20.950151,18.63091,15.972106,13.035813,10.69392,5.7758822,4.5745926,0.0,6.085746,5.8365436,6.2980895,7.234441,6.9913964,8.037364,11.761022,12.13245,17.159916,18.327944,22.229439,24.32537,27.932999,30.4808,31.960503,30.989174,29.723063,27.505064,20.16863,20.779684,15.955186,18.722258,13.466905,17.208832,16.311054,17.703442,20.720764,20.20637,21.446629,20.882587,23.494123,22.978144,22.471546,25.702557,25.211042,27.795216,27.14339,31.556581,32.693672,33.64893,30.785135,34.290867,32.747715,33.56081,31.030676,32.349052,27.753553,29.599138,28.450466,27.159647,24.068281,25.175404,24.491743,22.343588,26.242943,22.148558,25.762918,23.302557,28.126177,24.181673,19.992891,21.802687,17.527176,21.957802,17.344551,18.899359,19.123493,19.001122,21.352444,21.43368,21.594027,19.817875,14.838463,15.261151,12.865742,16.962435,13.653248,19.648212,19.00701,22.497929,24.507326,21.449478,25.149021,25.69275,21.095917,18.52985,17.016327,14.138638,15.515038,10.796713,13.878919,15.393359,13.069919,11.505899,10.153396,8.655165,10.707117,10.501571,14.769677
10,31.211523,28.411898,25.069239,21.918192,19.813736,16.568388,14.4350395,10.1176,7.1157393,6.085746,0.0,4.6477857,6.0147853,5.0719166,8.572579,7.917753,13.234312,13.689429,18.309748,20.363398,23.541233,26.549429,29.179895,32.413563,33.660675,33.165886,31.081137,28.38277,21.70126,21.125494,16.71058,18.021976,10.542595,14.91128,12.196979,13.772446,16.00391,15.251206,17.496656,17.97709,19.885263,20.977621,20.48876,24.59737,24.588322,27.820782,27.923475,32.05607,32.74405,33.83066,31.034489,34.558964,33.713665,33.754585,30.58164,31.079193,26.337183,27.646461,25.786745,24.875505,22.03182,24.042767,24.356016,22.97062,27.944565,24.480715,28.391298,26.619493,31.557743,28.175446,23.73685,24.378502,19.786095,22.989145,17.65217,18.120928,17.444592,16.27858,17.944942,17.591274,17.059437,15.970052,10.417188,12.213579,11.591285,15.56988,14.669434,20.99147,21.37503,25.14023,27.763882,25.442177,29.017159,30.079287,25.825262,22.840456,22.004631,18.273674,20.678152,15.442537,18.894896,20.772474,17.482157,15.706646,13.11036,10.228887,10.60898,8.235622,12.199114
11,32.626102,30.056896,26.19966,23.85728,21.527283,18.030533,16.306675,10.843842,9.380987,5.8365436,4.6477857,0.0,4.6076217,6.7795334,9.860521,11.223056,15.876303,16.793392,21.49108,23.36628,26.947828,29.476677,32.68639,35.580322,36.984467,36.19018,34.458004,32.022324,24.985195,24.97729,20.319923,22.16412,15.079632,18.94288,16.404133,17.393982,19.896906,19.469727,21.968737,22.508617,24.520851,25.501825,24.877731,28.892735,28.455479,31.618828,31.31728,35.617996,36.36398,37.221012,34.22895,37.54529,36.206284,36.27532,33.59339,34.205868,29.733114,31.350845,29.454123,27.983286,25.345243,26.45359,26.820604,24.785744,29.560934,25.600113,29.229168,27.36714,32.49333,28.972378,24.866352,26.230146,21.55743,25.577032,19.86195,21.20756,20.125484,19.413092,21.005194,20.137054,20.305489,19.605724,14.213004,16.110996,14.909547,19.285658,17.50916,23.841991,23.86483,27.419327,29.87321,27.066334,30.800846,31.49454,26.918596,24.34684,22.81829,19.75633,21.014439,15.840174,18.237463,19.005547,16.03364,15.100433,11.500784,11.27423,10.943876,10.259134,13.521445
12,29.834064,27.684261,23.514828,21.387074,19.619827,15.339624,15.128491,8.816982,9.290851,6.2980895,6.0147853,4.6076217,0.0,3.8417494,6.4870143,9.429729,13.23343,15.320474,19.20184,21.826464,25.392525,27.71189,31.289852,34.0472,36.071728,35.708282,34.425133,31.75407,24.733772,24.368872,19.970938,20.912601,14.337854,16.730232,14.982526,15.171502,18.484314,18.861269,20.940428,21.347584,24.458782,25.197626,25.389738,28.91525,29.43265,32.169388,32.091854,36.318695,37.38853,38.60805,35.891373,39.523712,38.37447,38.865967,35.92343,36.743904,31.973345,33.355907,31.685228,30.79106,27.864223,29.622334,29.574741,27.770714,32.165195,28.21413,31.888958,29.567911,34.418835,30.45314,26.240698,27.884964,23.551523,27.514889,22.583109,23.507114,23.152174,22.225634,23.942465,23.436197,22.924536,21.956812,16.364677,18.07127,17.022512,20.960928,18.963718,25.098038,24.670277,28.322376,30.192698,27.106325,30.64503,30.894907,26.213991,23.4118,22.224707,19.879152,21.339087,17.04488,19.856085,20.579292,18.550587,17.473755,14.93573,14.11741,14.856374,13.6925125,17.4822
13,28.701544,26.438553,22.662348,19.834335,18.416122,14.159792,13.968679,8.55874,8.200546,7.234441,5.0719166,6.7795334,3.8417494,0.0,5.059165,6.5709915,10.812883,12.943293,16.476017,19.541142,22.731474,25.446163,28.586924,31.627193,33.648945,33.6374,32.1342,29.19322,22.522892,21.560684,17.483686,17.613274,10.805682,12.96051,11.214261,11.523085,14.920807,15.350925,17.172884,17.586554,20.928316,21.799404,22.33944,25.819935,26.920212,29.623955,29.938194,33.982548,35.0421,36.50033,33.99868,37.812733,37.09307,37.583344,34.237907,34.956116,29.98418,31.054089,29.426191,29.062113,26.004255,28.505995,28.415234,27.138582,31.63624,28.080355,31.95063,29.68115,34.35641,30.47463,26.016315,27.125973,22.923874,26.217577,21.705494,21.909721,21.911396,20.617174,22.311882,22.1684,21.040241,19.853659,14.29957,15.90639,15.404268,18.83202,17.534285,23.53099,23.324728,27.132544,29.04567,26.325363,29.69148,30.177177,25.759565,22.582863,22.03231,19.265343,21.643919,17.409035,20.994198,22.512642,20.241274,18.590746,16.648687,14.188587,15.344532,13.186035,17.25888
14,23.754978,21.59362,17.644304,15.1210375,13.795596,9.229114,10.074034,4.508185,6.8844566,6.9913964,8.572579,9.860521,6.4870143,5.059165,0.0,5.0249724,6.9271183,9.811174,13.015968,15.929109,19.492092,21.566477,25.424099,27.992449,30.4391,30.418333,29.622799,26.845839,19.94944,19.45957,15.428822,15.970763,11.537388,12.621864,13.095928,13.37345,17.36382,17.968315,18.512768,17.83211,22.050905,21.474993,22.387413,24.932919,26.250895,28.25652,28.281153,32.372112,33.8782,35.476738,33.15691,37.129383,36.201885,37.393513,34.24576,35.581295,30.556343,31.79798,30.81361,30.582016,27.209679,29.609602,28.673094,27.252201,30.86847,27.186253,30.897238,28.07173,32.35176,28.033274,23.684677,25.362995,21.718699,25.34778,21.925222,22.335655,23.339981,22.54325,24.7582,25.198067,24.182777,22.285486,17.13249,17.638826,16.238815,19.284054,16.689154,22.093199,21.10445,24.75281,25.9465,22.835308,26.026785,26.05288,21.563082,18.388618,17.974413,16.07525,18.339678,15.265964,19.005281,20.6313,19.348572,17.581593,17.106373,14.55945,16.99331,15.470527,19.993149
15,24.081457,21.320751,18.387295,14.616463,13.178882,9.922975,8.73925,6.521604,5.0897384,8.037364,7.917753,11.223056,9.429729,6.5709915,5.0249724,0.0,5.496016,6.477504,10.457662,13.125401,16.258558,19.141068,22.091917,25.186405,27.082487,27.153225,25.718302,22.740646,16.126577,15.134548,11.134068,11.570699,6.900699,9.34709,9.917787,11.4282465,14.740875,14.600949,14.593395,13.51192,17.357777,16.579971,17.366133,20.075436,21.479042,23.667023,24.00639,27.975866,29.317131,31.010221,28.794727,32.854,32.338898,33.382767,29.89353,31.110813,25.977219,27.021643,26.136932,26.268799,22.801752,25.775602,24.813692,23.964523,27.780113,24.647745,28.564537,26.050156,30.204605,26.284868,21.67269,22.419903,18.822334,21.562265,18.501125,18.17643,19.565424,18.576727,20.869768,21.807201,20.470814,18.15371,13.470745,13.379904,12.309434,14.739371,12.954146,18.242472,17.800875,21.635742,23.29891,20.931437,24.03057,24.776012,20.789078,17.273624,17.538479,14.380952,17.897802,14.38904,18.913897,21.628231,19.559021,17.125423,17.12455,12.707428,15.452637,13.099454,17.684076
16,18.861494,16.362783,13.524366,9.583568,9.125909,5.623049,7.0888944,7.31416,8.742234,11.761022,13.234312,15.876303,13.23343,10.812883,6.9271183,5.496016,0.0,4.598417,6.105706,9.539615,12.785672,14.931168,18.693996,21.280901,24.004246,24.488495,24.002834,21.041912,14.722003,13.798151,10.723196,10.447713,10.081409,9.546914,12.762272,13.537554,17.284782,17.740541,16.40705,14.304459,19.299185,17.090347,18.787382,20.033287,22.315691,23.445147,23.747564,27.492767,29.384085,31.409014,29.637157,33.893845,33.41215,35.202774,31.7931,33.539146,28.405115,29.36342,29.140617,29.701702,26.04389,29.158422,27.431602,26.691727,29.48887,26.480206,30.14798,27.105328,30.589361,26.27149,21.889353,23.0684,20.420593,23.049171,21.532957,21.111963,23.456125,22.754301,25.266022,26.640263,25.156105,22.457655,18.359297,17.571026,16.170406,17.684937,15.107956,19.0518,17.71746,21.22479,21.77725,19.155966,21.726675,21.851063,18.064735,14.383372,15.433696,13.664341,17.247375,15.621591,20.119707,22.851301,21.903215,19.481012,20.715698,16.53979,19.99627,18.09355,22.722921
17,19.414217,16.106937,14.377601,9.752757,8.285971,7.545258,5.1502485,8.720953,7.9518056,12.13245,13.689429,16.793392,15.320474,12.943293,9.811174,6.477504,4.598417,0.0,5.6924,6.7210445,10.206419,12.866229,16.042385,18.891148,20.79893,20.855755,19.91621,17.085424,10.380636,9.947774,6.27407,8.060277,9.291147,10.645898,13.590821,15.456353,18.367172,17.915728,16.174253,13.441274,17.479887,14.2945175,15.343855,16.418432,18.030687,19.145224,19.240871,23.111137,24.970324,26.89334,25.078283,29.326527,28.852472,30.739504,27.38602,29.344845,24.295969,25.41448,25.55361,26.066383,22.33965,25.359999,23.27699,22.733057,25.276276,22.602995,26.283266,23.388624,26.703426,22.676573,18.190165,18.826717,16.416382,18.615414,17.775742,17.197548,20.11142,19.75666,22.525492,24.350971,23.120434,19.954155,16.651543,14.929898,13.0759945,13.9809885,11.097784,14.519041,13.300907,16.88295,17.810646,15.712385,18.344023,19.182901,15.797216,12.0112705,13.406388,10.445373,14.936521,13.208645,18.068829,21.605965,20.24046,17.416124,19.394154,14.314521,18.174683,16.368006,20.82949
18,16.452826,13.691004,12.828028,7.7224693,8.73053,8.403555,9.334815,12.826167,13.337084,17.159916,18.309748,21.49108,19.20184,16.476017,13.015968,10.457662,6.105706,5.6924,0.0,5.290457,7.1465282,9.655412,12.882588,15.6333,18.618347,19.82226,19.600784,16.429884,11.497372,9.80898,8.919459,7.153043,11.873513,10.031323,14.836444,15.919763,18.894636,19.130167,16.26789,12.967207,18.132889,14.328948,16.813915,16.436539,19.795885,19.893408,20.601309,23.759928,25.982136,28.428074,27.305958,31.720022,31.769346,34.019646,30.409176,32.431496,27.379578,27.973904,28.461588,29.768406,26.043058,29.71344,27.421791,27.394371,29.412779,27.209534,30.701227,27.674555,30.300938,26.254711,22.088024,22.567974,21.023844,22.385687,22.684673,21.47952,24.781017,24.149734,26.718252,28.76779,26.949331,23.783873,20.856527,19.173262,18.030376,17.994408,15.958253,17.98869,16.546785,19.611752,19.52037,17.788189,19.450855,19.804964,17.193853,13.395877,15.90363,14.354187,18.721716,18.295593,22.96261,26.363203,25.569284,22.82086,25.004606,19.99474,23.793737,21.691097,26.083433
19,15.397528,11.688018,12.217649,7.190338,7.0318365,9.816488,8.487477,14.282239,14.229416,18.327944,20.363398,23.36628,21.826464,19.541142,15.929109,13.125401,9.539615,6.7210445,5.290457,0.0,4.426057,6.2168255,9.949395,12.258113,14.589026,15.034774,15.1748085,12.587014,7.223204,7.4848337,6.999764,8.592106,14.524614,14.405595,18.623854,20.364363,22.928047,22.48625,19.530281,15.830004,19.790442,14.720562,16.274399,15.015021,17.234701,16.623993,16.598125,19.875284,22.40424,24.676311,23.612593,27.92837,27.67537,30.465538,27.313337,29.918886,25.202028,26.171364,27.320398,28.35628,24.625404,27.692837,24.69215,24.607391,25.645323,23.7201,26.890879,23.747477,25.794914,21.86407,17.993948,18.410358,17.772839,18.930628,20.559992,19.651848,23.620308,23.67298,26.561234,28.979664,27.709362,24.13194,21.967176,19.440405,17.50159,16.93917,13.938075,14.403294,12.350861,14.923013,14.363199,12.960112,14.324486,15.062402,13.084299,9.420069,12.576184,11.039643,15.630254,16.228136,20.677334,24.541056,23.986944,21.130424,24.365555,19.297762,23.508774,22.035278,26.19951
20,16.618036,13.251883,15.0214405,10.202402,11.074095,13.749554,12.84176,18.38371,17.940006,22.229439,23.541233,26.947828,25.392525,22.731474,19.492092,16.258558,12.785672,10.206419,7.1465282,4.426057,0.0,4.6654544,5.9320827,9.137172,11.523478,13.125341,13.119681,10.076445,7.638748,6.2805834,8.694136,8.180587,16.055199,15.114834,19.731573,21.477726,23.479116,22.991833,19.296297,15.234506,18.965492,13.255765,15.468181,12.898862,16.333246,14.911905,15.6413,18.078842,20.723726,23.416994,23.000147,27.369068,27.801214,30.649572,27.192177,29.714224,25.115833,25.583973,27.084166,28.806667,25.18318,28.83638,25.790152,26.399769,27.212593,26.026304,29.08996,26.249075,27.755629,24.323605,20.701893,20.280308,20.234009,20.134947,22.664135,20.998814,25.24393,25.083166,27.765081,30.48612,28.82677,25.183422,23.736795,21.012688,19.717339,18.18102,16.396639,15.721393,14.213242,16.286407,15.533824,15.317317,15.780055,16.860416,16.053585,12.796435,16.353088,14.795172,19.496399,20.171322,24.631054,28.698997,27.962683,24.989248,28.202188,22.687555,26.729277,24.866652,28.78516
21,12.886455,9.535403,12.609298,8.908329,10.36012,14.122904,14.002988,19.890514,20.368382,24.32537,26.549429,29.476677,27.71189,25.446163,21.566477,19.141068,14.931168,12.866229,9.655412,6.2168255,4.6654544,0.0,6.1170125,6.599089,10.356069,11.802981,13.726721,11.802262,9.966933,10.399308,12.237286,12.71259,20.113945,18.93401,23.759499,25.205631,27.603699,27.352531,23.745192,19.738962,23.630795,17.852057,19.83721,16.90213,19.684017,17.5722,17.567282,19.787085,22.814308,25.347338,25.1066,29.264719,29.268433,32.710445,29.805786,32.776688,28.472769,29.204561,31.007423,32.46377,28.855158,31.940088,28.460081,28.702095,28.62306,27.307264,29.946384,26.714392,27.615303,23.927294,20.90106,21.227674,21.885593,22.280724,25.364893,24.274446,28.666197,28.873894,31.723982,34.420406,33.046436,29.347666,27.740637,24.972162,23.151964,21.910095,19.144224,17.899862,15.538829,16.839645,14.750337,14.170948,13.820477,14.011194,13.882814,11.2625,15.167011,15.216947,19.078299,21.138168,25.061098,28.839842,28.934086,26.201176,29.990301,25.112696,29.412083,28.074419,32.096745
22,18.399975,15.403925,18.700869,14.71767,15.885697,19.26547,18.293617,24.190296,23.580757,27.932999,29.179895,32.68639,31.289852,28.586924,25.424099,22.091917,18.693996,16.042385,12.882588,9.949395,5.9320827,6.1170125,0.0,4.584581,6.4653306,9.666827,10.393668,7.9926314,10.277229,9.335801,13.302979,12.68327,21.143003,20.02452,24.64237,26.43775,27.914677,27.260689,23.091566,18.910706,21.74822,15.502337,17.632898,13.383634,17.007933,14.07017,15.044747,16.06643,19.01915,21.9757,22.496212,26.609203,27.559956,30.825577,27.53723,30.288004,26.262157,26.406885,28.623083,30.805025,27.441269,31.12237,27.71212,28.869057,28.739544,28.43529,31.03199,28.435663,28.91036,26.116867,23.197456,22.15312,23.252813,21.99344,25.96654,23.961618,28.571617,28.585487,31.149412,34.210785,32.518963,28.766209,28.229513,25.14782,24.036133,21.655989,20.408916,18.009249,16.681337,17.596853,16.119349,17.240223,16.38488,17.717379,18.558613,16.146437,20.009071,18.89482,23.3075,24.695698,28.830353,33.08084,32.493217,29.503506,33.14476,27.52041,31.537363,29.74183,33.31713
23,16.498337,13.885789,18.172901,15.281486,16.701788,20.715174,20.199142,26.337255,26.343067,30.4808,32.413563,35.580322,34.0472,31.627193,27.992449,25.186405,21.280901,18.891148,15.6333,12.258113,9.137172,6.599089,4.584581,0.0,5.3490877,8.584822,11.600599,10.700472,13.057978,13.360691,16.73229,16.838326,25.09028,23.833776,28.650478,30.254107,32.05459,31.567568,27.462917,23.294962,26.316477,20.054409,21.965115,17.644844,20.537788,17.126097,17.35255,18.075056,21.30253,24.020247,24.739887,28.560184,29.131575,32.93355,30.202442,33.34509,29.641678,30.02574,32.502293,34.43601,31.102943,34.27172,30.489983,31.351507,30.394508,30.062786,32.231647,29.366495,29.191088,26.323978,24.03527,23.542095,25.281689,24.379654,28.833475,27.30042,32.032166,32.360428,35.071064,38.126038,36.6785,32.86295,32.197796,29.054012,27.511845,25.36577,23.34014,20.49596,18.53369,18.722998,16.110973,17.154427,15.419082,16.061108,17.817774,16.169762,20.119364,20.179232,23.86972,26.318567,29.979382,33.99762,34.064865,31.27251,35.386272,30.241932,34.46489,33.083084,36.73936
24,21.12658,18.062244,22.188643,19.02701,19.569237,23.869303,22.068066,28.543089,27.665142,31.960503,33.660675,36.984467,36.071728,33.648945,30.4391,27.082487,24.004246,20.79893,18.618347,14.589026,11.523478,10.356069,6.4653306,5.3490877,0.0,4.620948,7.191453,7.611681,12.492987,13.3308115,17.102173,18.118233,26.23633,26.001696,30.233393,32.356377,33.627304,32.569035,28.513737,24.356897,26.145233,19.64932,20.694061,15.916013,17.738056,13.637359,13.656867,13.519447,16.793077,19.414139,20.5759,24.099873,24.966124,28.875166,26.370804,29.665987,26.516394,26.886683,29.848211,31.800383,28.752287,31.660427,27.68671,28.973324,27.475677,27.95422,29.823944,27.47331,26.748707,24.737675,22.82446,21.389412,23.80319,21.83373,27.232212,25.499733,30.392565,30.994274,33.627373,36.92146,35.722855,31.817062,32.025707,28.488535,26.975372,24.205288,22.664644,18.574263,17.16403,16.60893,14.387033,16.86076,14.78941,16.616732,19.082163,17.80486,21.511387,20.73645,24.52939,26.711277,30.206135,34.587994,34.23144,31.344994,35.628117,30.245985,34.28977,33.022194,36.192436
25,21.820415,18.334524,22.264702,19.430462,19.130367,23.883097,21.238998,27.953903,26.874043,30.989174,33.165886,36.19018,35.708282,33.6374,30.418333,27.153225,24.488495,20.855755,19.82226,15.034774,13.125341,11.802981,9.666827,8.584822,4.620948,0.0,5.4640574,7.816517,11.588119,13.980078,16.831028,19.462002,26.822058,27.551834,31.35671,33.7535,35.13605,33.79634,30.154352,26.07998,27.470268,20.990604,21.119522,16.908035,16.950844,12.946588,11.602616,11.977612,15.361528,17.360191,18.166477,21.423262,21.595057,25.91032,24.070414,27.805803,25.00226,25.92738,29.057682,30.375906,27.410772,29.472715,25.141718,26.09033,23.852148,24.423985,25.917929,23.576767,22.41614,20.657957,19.244156,17.837433,20.884241,19.054033,24.945822,23.785917,28.721918,29.82393,32.62639,35.89699,35.241478,31.26348,31.587196,27.84591,25.785805,23.201897,20.958818,16.180265,14.473273,13.084621,10.487985,13.633553,11.211715,13.67172,16.653265,16.016787,19.324282,18.550898,21.859661,24.383097,27.391735,31.798746,31.55373,28.795979,33.446632,28.441538,32.496986,31.762102,34.722584
26,25.405548,21.620394,24.784248,21.077309,20.36479,24.529617,21.053255,27.48847,25.42261,29.723063,31.081137,34.458004,34.425133,32.1342,29.622799,25.718302,24.002834,19.91621,19.600784,15.1748085,13.119681,13.726721,10.393668,11.600599,7.191453,5.4640574,0.0,4.038028,9.723299,11.489865,14.6804495,17.340466,24.249958,25.703108,28.850662,31.627575,32.41158,30.626675,27.1028,23.215975,23.545065,17.230282,16.699224,12.486289,11.845391,7.5872445,6.676509,6.814197,10.190722,12.541824,13.411438,17.01565,17.94676,21.69851,19.246187,22.717447,19.88858,20.59175,23.835653,25.410854,22.596046,25.040703,20.956888,22.584404,21.014427,22.170256,24.021683,22.358925,21.752459,20.605528,18.628952,15.906797,18.579329,15.478148,21.539923,19.71386,24.630764,25.601154,28.191956,31.612719,30.891708,26.948452,27.97949,24.091084,22.495192,19.26781,18.219307,13.013102,12.61355,11.6561985,11.1872225,14.894342,13.623007,16.964355,18.993273,17.717165,20.737272,18.421196,22.437048,23.625162,27.003674,31.766459,30.611158,27.626743,31.79965,26.223055,29.90099,28.823078,31.365116
27,24.346542,20.594345,23.333788,19.075853,18.633253,22.23316,19.041569,25.180462,23.04286,27.505064,28.38277,32.022324,31.75407,29.19322,26.845839,22.740646,21.041912,17.085424,16.429884,12.587014,10.076445,11.802262,7.9926314,10.700472,7.611681,7.816517,4.038028,0.0,7.545757,7.8970327,11.806969,13.5481615,20.79824,21.912636,25.162033,27.869349,28.58244,26.907959,23.223469,19.283327,19.904171,13.471366,13.540944,9.094319,10.16567,6.4350276,7.2490506,8.252376,11.180174,14.0345335,14.543746,18.64353,19.898985,23.008389,19.761242,22.705166,19.143244,19.49805,22.297493,24.273901,21.207493,24.487827,20.86307,22.603899,22.187023,22.868341,25.306488,23.533476,23.800865,22.13239,19.374529,16.778831,18.41875,15.553996,20.657602,18.344887,23.184334,23.663397,26.180958,29.55784,28.398085,24.488317,25.24659,21.535244,20.360636,17.072277,16.599613,12.433401,12.331595,12.650478,12.769241,15.585802,15.048415,18.0788,19.202284,17.158175,20.354198,17.608864,22.226881,22.75458,26.682749,31.45509,30.023823,26.893187,30.603388,24.64294,28.289722,26.717407,29.49277
28,21.12937,17.003075,18.303091,13.861678,12.388792,15.68981,11.696294,17.866821,15.806701,20.16863,21.70126,24.985195,24.733772,22.522892,19.94944,16.126577,14.722003,10.380636,11.497372,7.223204,7.638748,9.966933,10.277229,13.057978,12.492987,11.588119,9.723299,7.545757,0.0,4.841343,5.374172,10.015564,15.709324,17.731476,20.691727,23.404434,24.911194,23.39218,20.525778,16.809454,18.487003,12.716822,12.469357,10.824974,10.880969,10.125378,9.504951,13.211524,15.572778,17.590385,16.405506,20.706303,20.602766,23.422688,20.34271,23.249645,18.889292,20.109093,21.903204,22.81652,19.242905,22.002758,18.523335,19.034388,19.594036,18.679375,21.741314,19.278694,20.931936,18.056334,14.286779,12.922413,13.124974,12.564379,15.884453,14.555688,19.19523,19.810656,22.779047,25.70885,24.912273,20.994108,20.386282,16.893345,14.7685995,12.841722,10.373551,8.172515,6.9541154,9.252972,10.139192,10.912339,12.179,14.856664,14.098773,11.316545,14.021014,10.532662,15.582526,15.56779,19.839443,24.50396,23.08434,19.944696,23.593143,17.857231,21.861277,20.592438,23.93885
29,22.34016,18.608738,19.693764,14.650385,14.09272,16.216084,13.218046,18.4577,16.210548,20.779684,21.125494,24.97729,24.368872,21.560684,19.45957,15.134548,13.798151,9.947774,9.80898,7.4848337,6.2805834,10.399308,9.335801,13.360691,13.3308115,13.980078,11.489865,7.8970327,4.841343,0.0,4.9620547,5.976281,13.102263,14.273939,17.507685,20.16719,21.267538,19.843697,16.428913,12.495854,14.459295,8.4191885,9.494706,7.5715384,10.410357,10.117919,11.372479,14.263656,16.258541,18.832804,18.033705,22.502522,23.296844,25.463827,21.570488,23.737541,18.98365,19.394722,20.80819,22.597092,19.014433,23.00488,20.264091,21.412395,22.964804,22.263891,25.614216,23.487078,25.430758,22.718052,18.74305,17.033722,16.502014,15.306396,17.699905,15.324974,19.626196,19.39027,21.979322,24.935848,23.339521,19.559427,18.997238,15.815125,14.907252,12.48938,12.097196,11.227512,11.208809,13.791952,14.89115,15.598208,16.747868,19.077793,18.10595,14.86787,17.70782,14.166087,19.447048,18.593674,23.282907,27.821602,25.999292,22.77613,25.573547,19.331171,22.955711,20.779852,24.172022
30,22.220055,18.356165,18.240341,13.35776,11.752734,13.217018,9.147837,14.058433,11.404378,15.955186,16.71058,20.319923,19.970938,17.483686,15.428822,11.134068,10.723196,6.27407,8.919459,6.999764,8.694136,12.237286,13.302979,16.73229,17.102173,16.831028,14.6804495,11.806969,5.374172,4.9620547,0.0,6.566406,10.424035,13.093559,15.543206,18.342493,19.965124,18.498245,16.114267,12.784694,14.98405,10.383883,10.43082,10.965301,11.851082,12.949094,13.182858,17.02556,18.73261,20.692839,19.01393,23.35244,23.330374,25.227304,21.642368,23.76052,18.803606,19.86267,20.629349,21.483196,17.733906,21.076403,18.560057,18.857971,21.082655,19.451357,23.104733,20.768892,23.579998,20.412891,15.981409,14.997339,13.297995,13.679119,14.453833,12.9191065,16.818756,16.75934,19.640299,22.21291,21.067493,17.351507,15.811745,12.799132,11.047207,9.955046,8.063238,9.459093,9.187561,12.713804,14.47335,14.032035,16.2641,18.386108,16.255589,12.816375,14.795251,10.503995,15.828123,14.086185,18.956606,23.37806,21.355753,18.146196,20.722235,14.588998,18.380474,16.451351,20.180782
31,22.863878,19.71034,19.616682,14.360847,14.412639,14.512169,12.925137,16.31042,14.354302,18.722258,18.021976,22.16412,20.912601,17.613274,15.970763,11.570699,10.447713,8.060277,7.153043,8.592106,8.180587,12.71259,12.68327,16.838326,18.118233,19.462002,17.340466,13.5481615,10.015564,5.976281,6.566406,0.0,8.6351595,8.37,12.115364,14.4295845,15.748662,14.891876,11.33825,7.4054723,11.428158,7.195539,10.040741,10.168031,14.335356,15.194337,16.954151,19.745783,21.328302,23.921665,22.923744,27.367825,28.269783,29.792635,25.514446,26.922276,21.775404,21.789925,22.15619,24.149557,20.566967,25.1826,23.38472,24.343956,27.071047,25.763037,29.484938,27.309145,30.011692,26.891691,22.516466,21.377768,19.659653,19.322964,19.718262,17.232618,20.540192,19.416157,21.633932,24.082092,21.779203,18.49393,16.801414,14.688182,14.760997,13.318963,13.789788,15.400952,15.544582,18.77828,20.007238,19.704147,21.368912,23.02308,21.068193,17.349195,19.820898,16.404356,21.580683,19.811674,24.804155,28.869122,26.847324,23.73099,25.431873,19.248857,22.468016,19.546787,23.290543
32,27.928469,24.941261,23.11893,18.451529,17.525116,15.425564,13.5077095,13.308995,10.110611,13.466905,10.542595,15.079632,14.337854,10.805682,11.537388,6.900699,10.081409,9.291147,11.873513,14.524614,16.055199,20.113945,21.143003,25.09028,26.23633,26.822058,24.249958,20.79824,15.709324,13.102263,10.424035,8.6351595,0.0,6.371286,5.4595647,8.757968,10.13712,8.864347,8.330347,7.5799446,10.5563755,11.110364,12.094919,15.615541,17.829935,20.565685,21.921585,25.323606,26.146366,28.07254,26.160357,30.256687,30.715155,31.12296,26.86985,27.375118,22.098604,22.36669,21.168865,22.252417,18.924393,23.253214,22.884016,23.224213,27.646833,25.55532,29.647257,27.872168,31.808044,28.684559,23.968517,23.180887,19.739363,20.572271,17.822216,15.856295,17.17263,15.254299,17.007792,18.393875,15.979362,13.595364,9.929101,9.727126,10.852461,11.629807,13.017498,17.60365,18.444029,22.286758,24.625814,23.518822,26.240356,27.826586,24.674292,20.994608,22.03673,17.876081,22.359543,18.498096,23.312645,26.73111,23.779575,20.967953,20.726406,14.938717,16.92478,13.227846,16.988775
33,25.779318,23.510235,21.78412,17.199614,17.640356,15.003788,15.429102,15.242745,14.109869,17.208832,14.91128,18.94288,16.730232,12.96051,12.621864,9.34709,9.546914,10.645898,10.031323,14.405595,15.114834,18.93401,20.02452,23.833776,26.001696,27.551834,25.703108,21.912636,17.731476,14.273939,13.093559,8.37,6.371286,0.0,5.6220484,6.426086,8.920905,9.777071,7.5186315,6.368073,12.189741,12.398984,15.314408,17.27391,21.334305,23.0802,24.89779,27.816374,29.053366,31.488464,30.154242,34.469913,35.252693,36.113426,31.688835,32.341503,27.044098,26.861341,26.001415,27.791122,24.465723,29.190773,28.490429,29.012415,32.87459,30.842482,34.83186,32.646454,36.168686,32.667946,28.040195,27.596762,24.750084,25.469616,23.706738,21.585041,23.365524,21.394053,22.962893,24.366186,21.475588,19.343897,15.969548,15.940911,17.026787,17.261883,18.188175,21.916698,22.121847,25.778654,27.180151,25.910507,28.119083,29.114506,26.147148,22.289288,23.965628,20.93219,25.417194,22.658573,27.521196,30.69075,28.5179,25.806664,25.897867,20.552067,22.85182,19.339209,23.213455
34,30.674564,28.22486,26.062305,21.641872,21.358095,18.338787,17.835732,16.250702,14.020399,16.311054,12.196979,16.404133,14.982526,11.214261,13.095928,9.917787,12.762272,13.590821,14.836444,18.623854,19.731573,23.759499,24.64237,28.650478,30.233393,31.35671,28.850662,25.162033,20.691727,17.507685,15.543206,12.115364,5.4595647,5.6220484,0.0,3.760702,4.949335,5.198318,6.1271796,7.8410687,11.26678,13.938562,15.72052,19.205606,22.294516,25.015057,26.81919,29.882042,30.573788,32.657436,30.936497,34.987434,35.76165,35.851574,31.36631,31.360811,26.158213,25.93282,24.227184,25.684893,22.720598,27.38632,27.608309,28.098297,32.85905,30.7698,34.88705,33.188828,37.230877,34.055298,29.333168,28.626493,25.078228,25.831877,22.707632,20.591986,21.193787,18.707586,19.698547,20.472958,17.375166,16.052216,12.222079,13.468912,15.517161,16.378908,18.374683,22.996065,23.876734,27.704706,29.891901,28.66737,31.304543,32.625084,29.3542,25.595549,26.654203,22.925747,27.171915,23.262888,27.912336,30.87024,27.951923,25.401989,24.348082,19.22744,20.465261,16.48378,19.798183
35,30.900074,28.91143,26.419825,22.366018,22.525764,18.893097,19.518633,17.176022,15.983817,17.703442,13.772446,17.393982,15.171502,11.523085,13.37345,11.4282465,13.537554,15.456353,15.919763,20.364363,21.477726,25.205631,26.43775,30.254107,32.356377,33.7535,31.627575,27.869349,23.404434,20.16719,18.342493,14.4295845,8.757968,6.426086,3.760702,0.0,4.584756,7.132706,8.19396,10.165317,14.254595,16.932117,19.186275,22.263308,25.782066,28.24323,30.07859,33.095737,33.94083,36.140106,34.50931,38.61737,39.359158,39.56493,35.095196,35.11154,29.907787,29.623592,27.893852,29.390972,26.466833,31.068924,31.285524,31.62327,36.313965,34.01633,38.11722,36.21479,40.27858,36.844078,32.135113,31.79388,28.255743,29.324059,26.168922,24.253881,24.788595,22.305466,23.195215,23.69631,20.57548,19.589237,15.526807,17.093851,18.951569,20.056488,21.610538,26.306154,26.871675,30.703123,32.55667,31.023996,33.609097,34.55656,31.12691,27.349186,28.394995,25.210606,29.20459,25.556541,30.089802,32.67399,30.096113,27.740385,26.490007,21.92508,23.115723,19.314177,22.691034
36,34.552254,32.362183,30.289766,25.911394,25.979792,22.827282,22.73021,20.899376,18.823536,20.720764,16.00391,19.896906,18.484314,14.920807,17.36382,14.740875,17.284782,18.367172,18.894636,22.928047,23.479116,27.603699,27.914677,32.05459,33.627304,35.13605,32.41158,28.58244,24.911194,21.267538,19.965124,15.748662,10.13712,8.920905,4.949335,4.584756,0.0,3.7327366,6.061975,9.6262,11.983939,16.233221,18.298037,21.767439,25.36467,28.143904,30.395937,33.05083,33.491577,35.671227,34.168297,38.11354,39.316647,39.03124,34.290215,33.76107,28.726074,27.98295,25.913889,27.824091,25.258463,30.309517,31.031916,31.885239,36.90987,35.09345,39.221954,37.761673,41.79205,38.80053,34.083443,33.088436,29.557724,29.839973,26.6546,24.165232,24.326412,21.420467,21.728777,22.195965,18.541704,18.033884,14.905441,16.71996,19.519758,20.010077,22.852808,27.235455,28.401579,32.16671,34.422443,33.422398,35.928623,37.299885,34.160027,30.367102,31.55113,27.837465,32.120094,28.123156,32.71435,35.5731,32.498272,30.02647,28.546041,23.598831,24.291471,20.10353,22.771797
