,0,1,2,3,4,5,6,7,8,9,10,11,12,13,14,15,16,17,18,19,20,21,22,23,24,25,26,27,28,29,30,31,32,33,34,35,36,37,38,39,40,41,42,43,44,45,46,47,48,49,50,51,52,53,54,55,56,57,58,59,60,61,62,63,64,65,66,67,68,69,70,71,72,73,74,75,76,77,78,79,80,81,82,83,84,85,86,87,88,89,90,91,92,93,94,95,96,97,98,99,100,101,102,103,104,105,106,107,108,109
0,0.0,4.3592,6.5373063,9.84983,12.347557,14.247738,17.63913,20.704239,24.316591,27.29686,29.83664,35.169765,31.825912,30.23442,25.1692,24.47189,20.581667,20.096872,17.318287,15.598106,15.824165,13.766601,18.303728,17.969088,20.737764,23.226662,22.635866,22.884808,22.27575,24.204865,24.588673,26.586884,29.58875,30.545044,33.653965,35.05963,38.738815,38.866997,37.36634,35.64345,34.260517,32.912655,31.467869,29.644304,30.390274,27.052618,30.71543,28.80754,27.776403,32.745335,34.534386,31.676243,36.91139,39.803883,39.915337,40.411068,35.99705,39.599724,38.61717,43.0568,38.708355,42.2436,41.088623,45.202732,42.90871,39.060627,41.803505,39.659874,41.74064,40.276676,40.41387,40.15868,35.415165,40.38008,37.100048,40.327335,39.834217,35.754456,40.656807,36.316303,39.003494,40.53399,36.04193,32.28724,29.409824,27.7147,23.841545,20.14065,17.630775,14.577672,14.170987,9.774471,14.083307,15.387882,16.61328,19.39678,18.74981,21.982853,22.83125,26.187933,27.535381,31.829441,34.900738,35.207504,32.280952,35.916325,30.037422,33.514175,30.72129,33.606148
1,4.3592,0.0,5.3233347,6.5448914,8.902301,11.965531,14.40278,18.355835,21.379213,25.072968,27.184523,32.721043,29.769922,27.956839,23.334385,21.813717,18.156094,16.908459,14.150143,11.805765,12.199027,10.058146,14.597273,14.717974,17.18948,19.48722,18.481121,18.756357,18.086359,20.27974,20.655512,23.063427,26.295336,27.679407,30.717854,32.474743,35.86945,35.77861,33.973194,32.06412,30.55077,28.989088,27.376925,25.439753,26.155752,22.70528,26.445808,24.69154,23.739721,28.720295,30.3113,27.573093,32.890354,35.62375,35.67551,36.096706,31.67808,35.266636,34.37097,38.92932,34.712204,38.39346,37.479073,41.766975,39.79335,36.140785,39.25138,37.460484,39.603405,38.523865,38.021072,37.611324,32.516422,37.2732,33.709328,36.80458,36.069527,31.8552,36.725567,32.296085,35.053497,36.62315,32.200294,28.34847,25.3808,23.858278,19.708256,16.240543,13.439613,10.257441,10.27681,6.118369,11.131428,13.688601,14.142548,16.539837,15.13684,18.65112,19.023962,22.624434,23.749107,28.14095,31.495203,31.511246,28.473482,32.212154,26.244438,29.724733,27.130297,30.045198
2,6.5373063,5.3233347,0.0,5.225274,6.8318977,8.216532,11.566495,14.213575,17.977577,20.786121,23.463732,28.675135,25.559893,24.152164,19.02379,18.41129,14.808779,14.351044,12.568794,11.245565,13.120624,12.407761,17.169054,18.400295,20.923653,22.679932,21.291897,20.478346,18.794699,20.68461,19.94141,22.641825,24.41354,26.064526,28.53974,30.11442,33.76883,33.604702,32.43843,30.53775,29.906538,28.05298,27.645077,25.392962,27.401014,24.226988,28.436134,27.455357,26.39286,31.535902,32.507183,29.339252,35.105743,37.697277,37.001472,37.347202,32.52328,35.65266,34.110855,38.104244,33.34254,36.604446,35.161667,39.127464,36.75862,32.71557,35.468758,33.396694,35.31812,33.862423,33.888298,33.639954,28.966358,34.01268,30.925587,34.258545,34.058132,30.272831,35.33102,31.41101,34.267963,36.228302,31.569294,27.999958,24.753227,23.700191,19.524689,16.220974,14.5170355,12.134321,13.254326,10.469851,15.209222,17.75081,16.577589,18.609016,16.828674,19.120052,19.062763,22.583195,22.860788,27.408043,30.384802,30.242615,27.29783,30.298958,24.461473,27.811527,24.817446,27.789822
3,9.84983,6.5448914,5.225274,0.0,3.8324015,5.969634,8.939895,12.476838,15.177683,19.185562,20.85486,26.599028,23.56819,21.568779,17.308495,15.325865,11.760957,10.400296,7.919559,6.0994067,8.099007,8.034699,12.586316,14.623275,17.03373,18.305265,17.204344,15.490217,13.7198925,15.46441,15.004931,17.592257,19.971409,21.700583,24.389801,26.2543,29.619698,29.407541,27.8277,25.914227,24.902431,23.24593,22.510986,20.51578,22.378197,19.833647,23.804462,23.506853,23.024147,27.880108,28.42361,26.041672,31.789621,33.847816,33.22095,33.22301,28.446638,31.31836,29.993004,34.251945,29.420658,33.030205,32.04297,36.350468,34.676907,30.73792,34.1751,32.71459,34.422394,33.2502,32.34718,31.553667,26.600304,31.189919,27.714329,31.048605,30.518826,26.690311,31.914356,28.01873,31.197208,33.396408,28.888504,25.137144,21.466152,21.16569,16.030071,13.743508,11.416335,8.75778,11.28823,9.325093,14.3878565,18.198671,16.800169,18.218767,15.259759,18.002182,16.79867,20.821516,20.296005,25.13696,28.666706,27.742903,24.507277,27.308943,21.106798,24.127586,21.107107,23.816452
4,12.347557,8.902301,6.8318977,3.8324015,0.0,5.853259,5.53707,10.29899,12.680047,16.875532,18.73734,24.220257,22.006012,20.311455,16.18692,13.958755,11.243463,8.987178,8.353931,6.063048,9.709401,10.119924,14.026477,16.530703,18.21013,19.169697,16.813192,15.47776,13.006552,15.305612,13.742224,17.673376,19.123928,21.895115,23.892605,26.134108,29.238388,28.56936,27.03067,24.71436,24.238764,21.719881,21.5962,18.88422,21.557919,18.339506,22.866018,22.61469,21.681057,26.714808,26.98856,23.907621,29.898531,32.08484,30.945335,31.116503,26.136017,29.003532,27.330933,31.319176,26.578444,29.982544,28.815878,33.036232,31.171247,27.40091,30.792448,29.37049,31.341421,30.584631,29.45594,28.9577,23.669125,28.389465,24.856411,28.01009,27.510262,23.586164,28.688469,24.791924,27.846598,30.05632,25.45247,21.832914,18.235786,17.879528,13.061742,10.635212,9.27763,7.8547072,10.679083,10.364227,14.472927,18.322239,15.56629,16.465965,13.198954,15.096849,13.627892,17.539883,16.778185,21.602718,24.985258,24.14118,20.993534,23.881676,17.850113,21.19975,18.458012,21.591125
5,14.247738,11.965531,8.216532,5.969634,5.853259,0.0,6.980145,7.2841835,10.741909,13.825215,15.747172,21.359222,17.848892,16.079067,11.412151,10.267998,6.6221337,6.8929863,6.4229736,7.439267,10.708018,12.410718,16.269623,19.20649,21.56391,22.143305,21.024662,17.913406,15.117425,15.986517,14.120483,16.584892,16.797817,18.740362,20.654083,22.254496,25.903889,25.65423,24.916975,23.15239,23.281948,21.526047,22.407118,20.339525,23.688547,22.044445,26.144083,26.963085,26.620657,31.328735,31.061575,28.656956,34.66307,36.296986,34.902836,34.65027,29.577644,31.632557,29.622814,33.14464,27.5731,30.693773,29.198462,33.160908,31.33263,26.845478,30.1054,28.58246,29.724907,28.02718,27.448273,26.496819,22.186039,26.910444,24.039848,27.762985,27.896154,24.829468,30.310461,27.280102,30.675919,33.44935,28.847965,25.52427,21.45235,22.165083,16.951555,15.63017,14.62158,13.115387,16.280968,15.154464,19.895035,23.661205,21.284998,22.27879,18.9796,20.468021,18.49408,22.30704,20.389013,25.313612,28.473001,26.976246,23.84095,25.310837,19.30408,21.720451,18.025106,20.49064
6,17.63913,14.40278,11.566495,8.939895,5.53707,6.980145,0.0,6.4418783,7.7225447,12.208873,13.970324,19.155958,17.867752,16.516478,13.030632,10.42023,9.40141,6.449342,8.973366,7.911578,12.47557,14.027713,16.927525,20.221132,21.33576,21.551432,18.496506,16.46784,12.982024,15.06888,11.7561655,16.799305,16.286083,20.24529,21.117651,23.684841,26.455849,25.262875,24.075512,21.424229,22.018787,18.617403,19.965324,16.63164,20.865118,17.921156,22.746485,23.424133,22.429739,27.239922,26.653257,23.287144,29.475636,31.302135,29.268322,29.327415,24.072636,26.28993,23.923967,27.233812,22.126087,25.125517,23.611101,27.67556,25.754156,21.885054,25.407913,24.23679,26.12202,25.691584,24.107397,23.67713,18.195871,22.987846,19.560944,22.730787,22.53358,18.942818,24.133743,20.811476,23.97614,26.640755,21.974289,18.777164,14.882952,15.539081,10.904636,9.862732,10.466873,10.909748,14.15316,15.24929,18.486797,22.388523,18.392405,18.433527,14.693871,14.955879,12.343368,15.891074,13.511247,18.38488,21.516317,20.068686,16.994764,18.991213,13.126984,16.381615,13.5793295,17.024393
7,20.704239,18.355835,14.213575,12.476838,10.29899,7.2841835,6.4418783,0.0,4.918442,6.7347403,9.475359,14.470344,12.083394,11.269463,6.907613,6.4269543,6.3624406,6.6770606,10.380614,11.768883,15.90907,18.22102,21.198175,24.760809,26.397528,26.357481,24.178247,20.869556,17.164463,17.939682,14.144806,17.799685,15.019439,18.55924,18.600489,20.511848,23.735466,22.734568,22.776325,20.63122,22.432728,19.551653,22.418512,19.63538,24.696993,23.122063,27.564236,29.120893,28.49287,33.03831,31.95085,28.993088,35.143612,36.51997,34.067368,33.798,28.506195,29.787611,26.894764,29.298403,23.361427,25.637993,23.448843,26.898561,24.725075,19.93244,23.012808,21.578243,22.489233,20.954308,20.184963,19.486515,15.273008,20.335567,18.049007,21.847887,22.691011,20.40357,25.752855,23.69781,27.00232,30.208672,25.646955,23.072632,19.034098,20.629725,16.297066,16.03974,16.862688,16.98404,20.32768,20.657314,24.487007,28.21628,24.383009,24.59557,21.069687,20.852215,18.188433,21.264957,17.946579,22.4801,24.96142,23.004787,20.262327,20.32347,15.155482,17.123573,13.317039,16.00835
8,24.316591,21.379213,17.977577,15.177683,12.680047,10.741909,7.7225447,4.918442,0.0,6.078061,6.291641,11.813925,10.827607,9.597441,8.119214,4.9449153,7.59448,6.292693,11.125149,12.452635,16.485847,19.221067,21.195858,25.17708,26.252504,25.625782,23.214743,19.480167,15.489361,15.999896,11.401459,15.614152,11.734388,16.447733,15.65914,18.207144,20.705683,19.145851,18.979927,16.468388,18.80245,15.326069,19.023169,16.081396,21.850397,20.875887,25.086227,27.41547,27.07201,31.140615,29.4108,26.88874,32.867188,33.706146,30.897385,30.35899,25.128141,25.792154,22.701319,24.833912,18.673773,20.975803,19.020535,22.737963,21.290255,16.68252,20.613123,20.094883,20.805967,20.035238,17.774525,16.51973,11.629965,16.2038,13.431168,17.281847,17.988298,15.96157,21.429369,19.847967,23.382517,26.93276,22.644268,20.315605,16.05623,18.752438,14.368269,15.624165,16.840124,17.657503,21.33634,22.539675,25.874777,29.992655,25.81719,25.453623,21.430199,20.89446,17.33779,20.23586,15.796326,20.164127,22.822086,19.950256,17.16313,16.321568,11.19862,12.4452095,8.444921,11.159824
9,27.29686,25.072968,20.786121,19.185562,16.875532,13.825215,12.208873,6.7347403,6.078061,0.0,5.016841,8.026528,6.961469,8.002243,6.1860366,7.5916104,10.493454,11.455379,15.856735,17.714449,21.699533,24.388346,26.80039,30.673763,32.03795,31.544106,29.192165,25.478458,21.52086,21.759575,17.250778,20.624584,15.476359,19.486822,17.761478,19.46566,22.172672,20.688984,21.854368,19.825373,23.169178,19.987146,24.490406,21.723818,27.732203,26.83507,31.077202,33.38815,32.81887,36.978825,35.19376,32.27713,38.27373,39.196358,35.993755,35.5413,30.33002,30.614557,27.07459,28.169235,21.928106,23.073923,20.182795,22.75208,20.434782,15.108783,17.830318,16.665445,16.582407,14.70638,13.8382,13.048455,10.014814,15.115841,14.223535,18.127193,20.027536,19.232647,24.154844,23.569012,26.71131,30.341217,26.139744,24.47802,20.692995,23.19216,19.769056,20.521059,22.175951,22.951586,26.353243,27.180885,30.675348,34.38142,29.98911,29.777504,26.213219,25.044075,22.004162,24.324867,19.962852,23.722301,25.412718,22.86435,20.733097,18.771318,15.234289,15.846991,12.157752,14.092849
10,29.83664,27.184523,23.463732,20.85486,18.73734,15.747172,13.970324,9.475359,6.291641,5.016841,0.0,6.2877855,5.6074805,5.266512,7.531806,6.463355,10.721838,11.287464,15.74669,17.958063,21.472332,24.586935,26.177275,30.344213,31.47355,30.470037,28.54044,24.078634,20.154545,19.700722,15.1240015,17.841831,11.627439,15.996582,13.470244,15.494116,17.642118,15.858499,17.14506,15.203091,19.072195,16.130434,21.293379,19.028318,25.24014,25.498096,29.156208,32.318954,32.314995,35.919323,33.594242,31.60029,37.313507,37.553448,34.319,33.41775,28.428036,27.977848,24.515228,25.472748,18.887108,20.17119,17.803827,20.691254,19.65595,14.536581,18.308464,18.343138,17.611248,16.215294,13.607364,11.276511,8.325049,12.132493,10.995618,15.244387,17.055202,16.9237,21.97676,22.002907,25.480967,29.451023,25.645008,24.070938,20.016525,23.499542,19.622633,21.540123,22.932226,23.787868,27.563892,28.67496,32.128563,36.282257,32.049397,31.577896,27.536753,26.651314,22.916119,25.369974,20.279184,23.977085,26.058107,22.55138,20.292267,17.376734,13.941178,13.162388,9.109025,9.831648
11,35.169765,32.721043,28.675135,26.599028,24.220257,21.359222,19.155958,14.470344,11.813925,8.026528,6.2877855,0.0,6.644877,9.034152,11.923243,12.637097,16.716618,17.45202,21.988527,24.052206,27.709307,30.750284,32.3393,36.51226,37.475334,36.40048,34.0625,29.902946,25.9382,25.574806,20.834547,23.607573,16.809156,20.979641,17.429096,18.96507,20.360548,18.201984,20.443295,18.709919,23.467644,20.28352,26.135117,23.734413,30.259192,30.399971,34.067272,37.310566,37.04725,40.511345,37.90141,35.528885,41.072906,41.229595,37.39705,36.581654,31.771107,30.7518,26.80573,26.376247,20.163225,19.916534,16.700113,18.060663,16.584173,11.273566,13.995638,14.390863,12.401234,10.9150505,7.890502,5.3261075,5.8396454,8.880475,10.471213,14.000059,17.034412,18.42041,22.39685,23.72481,26.635134,30.654448,27.259953,26.593277,23.200205,26.74183,24.042011,26.011482,28.064943,29.339106,32.90617,34.283455,37.44583,41.3564,36.625965,35.93789,32.151596,30.457394,26.896006,28.596872,23.31773,26.098608,27.190882,23.730177,22.302626,18.056438,16.792952,15.325437,12.615853,12.7475605
12,31.825912,29.769922,25.559893,23.56819,22.006012,17.848892,17.867752,12.083394,10.827607,6.961469,5.6074805,6.644877,0.0,3.7901335,6.794456,9.151486,12.520779,14.814848,18.571007,21.459639,24.648096,27.829102,29.759048,33.817043,35.425316,34.541046,33.224445,28.372705,24.612888,23.685127,19.626165,21.03118,14.603148,17.267685,14.537922,15.165469,17.858858,16.804604,19.334787,18.359707,22.407007,20.54749,25.702532,24.022257,29.964453,30.670057,34.162403,37.40083,37.518574,41.193607,38.93766,37.089264,42.83794,43.041546,39.880585,38.887527,33.9516,33.32694,29.887243,30.5381,23.923891,24.744268,22.137712,24.230293,22.958298,17.574722,20.23409,19.822361,17.99104,14.954329,14.080695,11.478157,11.652332,14.745144,15.220932,19.314777,21.68587,22.231356,27.024672,27.466574,30.845615,34.83731,31.061731,29.592909,25.584875,28.880795,24.930002,26.415676,27.563307,27.957266,31.713518,32.16659,36.10411,40.116264,36.178116,36.03461,32.177223,31.427094,27.991838,30.50086,25.644249,29.316763,31.110487,27.817661,25.730785,22.537104,19.51636,18.519983,14.555214,14.454669
13,30.23442,27.956839,24.152164,21.568779,20.311455,16.079067,16.516478,11.269463,9.597441,8.002243,5.266512,9.034152,3.7901335,0.0,6.017694,6.569981,10.006198,12.331658,15.734837,18.88099,21.687805,25.031942,26.664967,30.771439,32.415184,31.402414,30.55166,25.296175,21.688414,20.389225,16.659449,17.426008,11.113798,13.523013,11.144628,11.967209,14.983434,14.176909,16.313627,15.480551,19.102678,17.765741,22.589539,21.328445,26.959421,28.190851,31.379429,34.839825,35.3054,38.813457,36.548405,35.260647,40.921246,40.92026,38.097095,36.909676,32.050694,31.449833,28.356302,29.581526,22.856152,24.347017,22.332956,25.082243,24.418158,19.245153,22.639357,22.51509,21.059208,18.503508,16.890331,13.882261,12.941745,15.718635,15.206169,19.476154,21.26484,21.405287,26.545311,26.61665,30.283278,34.29701,30.52776,28.697859,24.398838,27.876183,23.28925,25.039682,25.699224,25.837132,29.774982,30.126509,34.19892,38.45608,34.88568,34.78406,30.694702,30.475039,26.812391,29.6916,24.825354,28.820368,31.151182,27.602493,25.160654,22.34163,18.566185,17.474056,13.132798,12.696341
14,25.1692,23.334385,19.02379,17.308495,16.18692,11.412151,13.030632,6.907613,8.119214,6.1860366,7.531806,11.923243,6.794456,6.017694,0.0,5.5377884,6.8196335,10.101439,13.187617,16.14607,19.351683,22.256458,24.863846,28.618515,30.63997,30.242971,29.155655,24.59156,21.001913,20.449223,16.920433,18.47552,13.978353,16.187328,15.469014,16.288774,19.954512,19.478344,20.831953,19.628614,22.25207,20.561272,24.356909,22.563395,27.816433,27.841953,31.625359,34.121582,34.11092,38.240654,36.67286,34.600246,40.58418,41.321846,38.770645,38.01898,32.883972,33.247696,30.240355,32.05423,25.540932,27.354637,25.049004,27.973148,26.26674,20.939135,23.77967,22.603264,22.014832,19.154514,18.934826,17.225208,15.229654,19.483213,18.453102,22.67735,24.24106,23.294369,28.646305,27.718863,31.240885,34.8943,30.635836,28.410131,24.17005,26.639576,22.040424,22.571474,23.08633,22.842527,26.46646,26.273401,30.594614,34.47298,31.071898,31.383638,27.713928,27.65214,24.673056,27.722828,23.734781,28.07248,30.380817,27.731138,25.14589,23.641626,19.123226,19.515024,15.119972,16.195194
15,24.47189,21.813717,18.41129,15.325865,13.958755,10.267998,10.42023,6.4269543,4.9449153,7.5916104,6.463355,12.637097,9.151486,6.569981,5.5377884,0.0,4.4219995,5.7803683,9.585574,12.400663,15.566345,18.765606,20.648312,24.697645,26.30625,25.556963,24.435814,19.575916,15.894905,15.231802,11.466145,13.458792,9.186324,12.568638,12.199432,14.143578,17.317726,16.477621,16.751955,15.077205,17.22325,15.281189,18.845413,17.072063,22.32547,22.706823,26.266542,29.116968,29.42041,33.246113,31.462524,29.920324,35.746548,36.17972,33.79139,32.855183,27.81473,28.134201,25.413883,27.748436,21.277998,23.779615,22.175526,25.84967,24.960844,20.113272,24.016489,23.58571,23.469961,21.76414,19.886297,17.728752,14.23979,18.02841,15.747983,19.930109,20.729818,19.261627,24.86355,23.583622,27.373297,31.060472,26.943796,24.451458,19.947233,22.882097,17.723804,19.075811,19.332401,19.28658,23.235252,23.617638,27.651985,31.975391,28.59216,28.585304,24.450163,24.72304,21.159958,24.46665,20.150858,24.67483,27.584867,24.436264,21.518156,20.309788,15.1211605,15.395525,10.849937,11.977994
16,20.581667,18.156094,14.808779,11.760957,11.243463,6.6221337,9.40141,6.3624406,7.59448,10.493454,10.721838,16.716618,12.520779,10.006198,6.8196335,4.4219995,0.0,4.547824,6.401403,9.716872,12.564255,15.58651,18.094633,21.835558,23.953594,23.624958,23.049768,18.301783,15.022444,14.481789,11.821568,13.167022,11.230139,13.177606,14.386098,15.880911,19.568089,19.350246,19.192102,17.79069,18.763964,17.492071,19.709478,18.220205,22.502455,22.591928,26.149244,28.436323,28.76582,32.84915,31.627333,30.1277,36.00434,36.75438,34.92529,34.110874,29.08683,30.029074,27.740416,30.721815,24.505363,27.415995,25.993412,29.854605,28.74234,23.951477,27.648685,26.784319,26.993011,25.020025,23.796642,21.925062,18.351439,22.385334,19.887838,23.966082,24.443846,22.350607,28.02938,26.035156,29.806068,33.19855,28.892374,25.950237,21.437859,23.648289,18.061842,18.543386,18.00011,17.138578,20.979973,20.566586,25.094053,29.332449,26.622108,27.073608,23.137491,24.152828,21.071173,24.773561,21.312592,26.154133,29.326893,26.689215,23.562635,23.398766,17.649914,18.66656,14.304767,15.725565
17,20.096872,16.908459,14.351044,10.400296,8.987178,6.8929863,6.449342,6.6770606,6.292693,11.455379,11.287464,17.45202,14.814848,12.331658,10.101439,5.7803683,4.547824,0.0,4.863308,6.725973,10.3607235,13.325473,15.401525,19.354082,20.878473,20.414082,19.06508,14.711594,11.101699,11.353535,8.105746,11.395213,10.486832,13.853272,15.081673,17.49664,20.44986,19.675953,18.570166,16.46247,16.952934,14.758,16.48269,14.361242,18.73045,18.200495,22.027351,24.180544,24.386269,28.475002,27.233181,25.58684,31.470686,32.29308,30.469612,29.762997,24.702656,25.954481,23.805609,27.180294,21.316072,24.626343,23.570831,27.840277,26.949314,22.681362,26.817987,26.267382,27.080864,26.031197,23.96239,22.307861,17.598793,21.56029,18.224382,21.951109,21.821093,19.022888,24.686329,22.1549,25.927002,29.16241,24.878407,21.734852,17.19182,19.39594,13.597463,14.456699,13.967263,13.586782,17.603344,18.046389,22.019888,26.490793,23.435427,23.529247,19.30686,20.335592,16.921951,20.721603,17.244617,22.16718,25.664421,22.98958,19.696321,20.220757,14.0705,15.633659,11.731124,13.847441
18,17.318287,14.150143,12.568794,7.919559,8.353931,6.4229736,8.973366,10.380614,11.125149,15.856735,15.74669,21.988527,18.571007,15.734837,13.187617,9.585574,6.401403,4.863308,0.0,4.0694146,6.173007,9.328611,11.726875,15.443356,17.60244,17.437822,17.356035,12.690607,10.046149,9.927898,9.046543,10.364175,12.290887,13.835531,16.576094,18.55331,21.759735,21.650106,20.0805,18.485868,17.61063,16.679935,16.710928,15.522991,18.255693,18.111788,21.388556,23.198637,23.835806,27.857843,27.133373,26.181353,31.827055,32.674904,31.663004,30.879265,26.106586,27.76265,26.312496,30.340319,24.800797,28.535925,27.905956,32.365646,31.676249,27.51772,31.662577,31.006285,31.848629,30.553894,28.734938,26.932405,22.412704,26.161467,22.706213,26.347937,25.869724,22.78607,28.388973,25.391413,29.169731,32.12187,27.915016,24.38283,19.930685,21.589823,15.367906,15.646491,13.770499,12.104693,16.056166,15.48079,20.043274,24.621325,22.731169,23.295881,19.21957,21.427015,18.467632,22.640049,20.064138,25.084902,28.926895,26.516426,23.070673,24.307701,17.940962,19.592936,15.931792,17.62401
19,15.598106,11.805765,11.245565,6.0994067,6.063048,7.439267,7.911578,11.768883,12.452635,17.714449,17.958063,24.052206,21.459639,18.88099,16.14607,12.400663,9.716872,6.725973,4.0694146,0.0,4.572625,6.771673,9.487197,13.022201,14.760354,14.940869,13.948489,10.512464,8.05717,9.539029,9.01999,11.9104185,14.78513,17.01375,19.661829,22.030048,24.848988,24.413597,22.319504,20.277712,18.958601,17.327915,16.4496,14.656292,16.773561,15.293717,18.981295,19.9567,20.230927,24.545422,24.260042,22.861149,28.538282,29.80755,29.02905,28.558619,23.81068,26.148184,24.962704,29.386232,24.445799,28.389511,27.945562,32.571186,31.763847,28.048344,32.209366,31.521759,32.94155,32.191532,30.17547,28.782211,23.597366,27.477413,23.595974,26.846802,25.944807,22.195854,27.552067,23.8796,27.430317,29.980286,25.749743,21.967442,17.802553,18.738104,12.597881,12.306884,9.900346,8.044717,12.049525,11.953604,16.164442,20.85712,18.912237,19.411926,15.316091,17.929436,15.226521,19.511286,17.702229,22.686811,26.703243,24.749733,21.272219,23.551664,17.11361,19.527258,16.56384,18.866728
20,15.824165,12.199027,13.120624,8.099007,9.709401,10.708018,12.47557,15.90907,16.485847,21.699533,21.472332,27.709307,24.648096,21.687805,19.351683,15.566345,12.564255,10.3607235,6.173007,4.572625,0.0,3.6635096,5.7707496,9.271772,11.670183,11.902509,12.902912,8.824354,8.10894,8.658636,10.566769,11.20622,16.086065,16.954134,20.544127,22.625376,25.359083,25.399828,22.885685,21.328184,18.899363,18.503313,16.242945,15.642874,16.039505,15.635723,18.231169,19.243303,20.301159,24.103146,24.092718,23.885862,29.0362,29.988235,29.991817,29.26791,24.998917,27.356539,26.856653,31.70739,27.024023,31.285707,31.314346,36.102757,35.74094,32.122635,36.476273,35.946953,37.202785,36.31827,34.18811,32.447475,27.465927,30.935364,26.96104,30.159813,28.973904,25.251928,30.506687,26.748919,30.347328,32.75447,28.810125,24.882828,20.83147,21.748304,15.52079,15.441095,12.096745,9.340635,12.837091,11.864564,16.22787,21.021944,20.407969,21.150427,17.248945,20.756197,18.270798,22.596437,21.1769,26.016136,30.289335,28.22846,24.691755,27.076038,20.653103,22.667826,19.813118,21.51809
21,13.766601,10.058146,12.407761,8.034699,10.119924,12.410718,14.027713,18.22102,19.221067,24.388346,24.586935,30.750284,27.829102,25.031942,22.256458,18.765606,15.58651,13.325473,9.328611,6.771673,3.6635096,0.0,4.8200026,6.8053617,9.542669,10.757065,11.751276,9.6022625,9.908743,11.297467,13.503093,14.518225,19.670248,20.538242,24.194778,26.261456,28.972542,29.002356,26.342237,24.694918,22.016005,21.459692,18.590542,17.830946,17.346937,15.941631,18.495064,18.356646,19.142319,23.12061,23.84116,23.39508,28.34514,29.746141,30.219217,29.790361,25.730457,28.668129,28.469501,33.56304,29.3407,33.663734,33.739624,38.55488,37.992626,34.565926,38.779484,38.067448,39.656776,38.902905,36.936813,35.477306,30.260525,33.917706,29.823761,32.842236,31.48751,27.41722,32.44136,28.243448,31.578896,33.580063,29.655788,25.588793,21.948853,22.044798,16.291813,15.357202,11.441491,7.9739513,10.561816,8.887565,13.253975,17.920954,18.131306,19.191586,15.778907,19.916319,18.163748,22.405634,21.96782,26.630938,30.90246,29.389301,25.922916,29.034836,22.692314,25.166243,22.651798,24.657661
22,18.303728,14.597273,17.169054,12.586316,14.026477,16.269623,16.927525,21.198175,21.195858,26.80039,26.177275,32.3393,29.759048,26.664967,24.863846,20.648312,18.094633,15.401525,11.726875,9.487197,5.7707496,4.8200026,0.0,4.3737082,6.143007,6.334601,9.189654,6.1805944,8.293643,9.183221,12.869403,13.024512,19.36747,20.026335,23.850475,26.125952,28.20809,28.215982,24.929792,23.387806,19.833578,19.82969,15.733107,15.818982,13.79787,13.564724,14.90184,15.36566,17.176338,20.267044,20.74753,21.723269,26.062508,26.81198,27.79787,27.011242,23.472878,26.21628,26.672817,32.087868,28.31893,32.93304,33.643246,38.649696,38.785645,35.73994,40.355816,40.14064,41.635933,41.216984,38.572147,36.774544,31.472677,34.47382,30.110243,32.8287,31.017881,26.967457,31.722036,27.55396,30.929728,32.861866,29.404,25.345293,21.80696,22.375818,16.575327,16.79535,12.789341,10.079277,12.524215,12.064743,15.072789,19.918053,20.333916,20.870152,17.184002,21.452444,19.200045,23.314608,22.61754,26.998232,31.562979,29.591026,26.10497,29.143728,23.002348,24.989405,22.9316,24.453444
23,17.969088,14.717974,18.400295,14.623275,16.530703,19.20649,20.221132,24.760809,25.17708,30.673763,30.344213,36.51226,33.817043,30.771439,28.618515,24.697645,21.835558,19.354082,15.443356,13.022201,9.271772,6.8053617,4.3737082,0.0,4.076591,6.177106,10.105375,9.61495,12.335358,13.403272,17.19018,17.147484,23.681673,23.968573,28.011106,30.111217,32.234905,32.39921,29.044266,27.614454,23.79483,23.983833,19.43234,19.655958,16.715513,15.949914,16.718634,15.910743,17.667456,20.511038,21.873863,23.011557,26.78561,27.844358,29.543533,28.976164,25.891462,29.057495,29.910332,35.506214,32.163532,36.817783,37.606785,42.624546,42.651375,39.715755,44.22357,43.85239,45.54277,45.11722,42.657894,41.000046,35.618473,38.73598,34.3282,36.946632,35.02041,30.781666,35.31282,30.854136,33.977905,35.515438,32.17884,28.056944,24.944021,24.82685,19.590218,19.125631,14.822872,11.768437,12.852475,11.614026,14.006924,18.332422,20.11948,21.007784,18.080284,22.88889,21.40996,25.321629,25.515034,29.655819,34.18096,32.676422,29.286352,32.835487,26.797699,29.032862,27.15093,28.779434
24,20.737764,17.18948,20.923653,17.03373,18.21013,21.56391,21.33576,26.397528,26.252504,32.03795,31.47355,37.475334,35.425316,32.415184,30.63997,26.30625,23.953594,20.878473,17.60244,14.760354,11.670183,9.542669,6.143007,4.076591,0.0,3.3661978,7.1466446,8.660726,12.037417,13.649683,17.418612,18.0588,24.61579,25.50696,29.214722,31.675602,33.329052,33.162018,29.435638,27.737785,23.724022,23.51133,18.40543,18.502457,14.674302,13.40054,13.592978,12.184274,14.269126,16.642107,18.232449,19.849724,23.13264,24.11842,26.204119,25.702822,23.040432,26.454338,27.752285,33.521503,30.857279,35.588783,36.73418,41.805862,42.10247,39.642998,44.283264,44.17856,46.081806,46.13981,43.23239,41.65345,35.97688,38.80594,34.165356,36.376465,34.083973,29.657349,33.745716,29.094898,31.979937,33.198647,30.222729,26.153952,23.471767,23.207876,18.503725,18.449348,14.280995,12.027622,12.679838,12.868806,13.753263,18.085812,19.604612,19.961443,17.022522,21.804937,20.278801,23.871168,24.329897,28.038761,32.64031,31.169294,27.908575,31.801813,26.129728,28.390535,27.133043,28.80695
25,23.226662,19.48722,22.679932,18.305265,19.169697,22.143305,21.551432,26.357481,25.625782,31.544106,30.470037,36.40048,34.541046,31.402414,30.242971,25.556963,23.624958,20.414082,17.437822,14.940869,11.902509,10.757065,6.334601,6.177106,3.3661978,0.0,6.7240458,6.6456466,10.550157,11.657384,15.798461,16.04621,22.784082,23.688364,27.276388,29.85316,31.133331,30.897,26.94385,25.305824,21.019434,21.062365,15.560617,16.164482,11.720525,11.732451,11.077766,11.030142,13.963657,15.668038,16.480883,19.079315,22.199385,22.487263,24.50887,23.617113,21.110777,24.088701,25.5884,31.379389,28.773066,33.58517,35.022705,40.139664,40.863792,38.531208,43.392475,43.606804,45.319298,45.50008,42.210407,40.385708,34.796253,37.203312,32.518772,34.612408,32.17455,27.94438,31.953646,27.562098,30.581924,31.986523,29.24199,25.282066,22.462326,22.866186,17.952812,18.826458,14.962734,13.251719,14.607522,15.391503,16.361143,20.900015,21.729937,21.696753,18.285677,22.673153,20.500916,24.071146,23.855656,27.497393,32.211422,30.233599,26.95383,30.434937,24.906965,26.71385,25.612701,26.927393
26,22.635866,18.481121,21.291897,17.204344,16.813192,21.024662,18.496506,24.178247,23.214743,29.192165,28.54044,34.0625,33.224445,30.55166,29.155655,24.435814,23.049768,19.06508,17.356035,13.948489,12.902912,11.751276,9.189654,10.105375,7.1466446,6.7240458,0.0,6.995171,9.213968,12.363564,14.568914,17.545748,22.846521,25.384396,28.056396,31.155691,32.362293,31.420382,27.60149,25.157137,21.855312,20.017742,15.428404,14.0532465,11.026739,6.854051,8.694098,6.6265483,8.016757,11.37946,12.469707,12.95789,16.986439,18.310179,19.640396,19.473223,16.383999,20.30253,21.43743,27.193064,25.123083,29.74536,30.994934,36.015045,36.35178,34.49404,39.146477,39.326843,41.573215,42.36972,38.958027,37.729412,31.61754,34.269176,29.421885,31.090376,28.514568,23.768908,27.38542,22.451609,25.07583,26.100327,23.247906,19.231394,16.95779,16.583986,12.545389,13.252971,9.877201,9.643518,10.571894,13.42831,13.010165,17.637035,16.912725,16.150145,12.497176,16.505348,14.406044,17.637833,18.033783,21.3098,25.95241,24.481733,21.379162,25.714924,20.575148,23.144148,22.773611,24.883295
27,22.884808,18.756357,20.478346,15.490217,15.47776,17.913406,16.46784,20.869556,19.480167,25.478458,24.078634,29.902946,28.372705,25.296175,24.59156,19.575916,18.301783,14.711594,12.690607,10.512464,8.824354,9.6022625,6.1805944,9.61495,8.660726,6.6456466,6.995171,0.0,4.059909,5.618279,9.20974,10.672028,16.647348,18.561731,21.541048,24.473848,25.717703,25.096872,21.31206,19.283705,15.655019,14.873765,10.2380705,10.100317,7.796848,8.339796,9.556656,11.786151,14.120174,16.654058,15.95388,17.56394,21.892626,21.95351,22.466509,21.349281,17.774565,20.141792,20.750244,26.254402,22.842245,27.59748,28.800287,33.904175,34.649963,32.13988,37.097393,37.475216,38.968918,39.192852,35.700123,33.785107,28.244152,30.580103,25.936584,28.186953,25.952238,21.906235,26.353374,22.338793,25.782646,27.84836,24.77512,20.897583,17.34981,18.818932,13.043537,15.009698,11.880407,11.004261,13.978575,15.552975,17.410875,22.461199,21.449503,21.030714,16.683191,20.084738,16.815948,20.646727,19.047913,23.093618,27.814722,25.190912,21.750713,24.502369,18.770649,20.317965,19.002684,20.317547
28,22.27575,18.086359,18.794699,13.7198925,13.006552,15.117425,12.982024,17.164463,15.489361,21.52086,20.154545,25.9382,24.612888,21.688414,21.001913,15.894905,15.022444,11.101699,10.046149,8.05717,8.10894,9.908743,8.293643,12.335358,12.037417,10.550157,9.213968,4.059909,0.0,4.1487045,5.549956,9.077239,13.696081,16.574974,18.980972,22.115723,23.540905,22.627865,19.220839,16.828276,14.187875,12.3887205,9.4144125,7.942819,8.731102,8.542914,11.353528,13.869106,15.332972,18.48446,17.304655,17.680283,22.724787,22.978653,22.504982,21.490005,17.199768,19.270594,18.999962,24.124529,20.048082,24.64276,25.441238,30.489492,30.984735,28.252254,33.165203,33.49564,34.932,35.138245,31.68401,29.851639,24.266748,26.823736,22.239265,24.696718,22.745766,18.752665,23.592495,19.782784,23.44565,25.90545,22.472233,18.671167,14.630747,16.612646,10.328141,12.713529,10.331185,10.072146,13.780383,15.630733,17.931921,23.018024,20.999435,20.462902,15.795502,18.430334,14.66425,18.621174,16.219059,20.603878,25.205067,22.363852,18.832293,21.179302,15.175675,16.81667,15.182053,16.801254
29,24.204865,20.27974,20.68461,15.46441,15.305612,15.986517,15.06888,17.939682,15.999896,21.759575,19.700722,25.574806,23.685127,20.389225,20.449223,15.231802,14.481789,11.353535,9.927898,9.539029,8.658636,11.297467,9.183221,13.403272,13.649683,11.657384,12.363564,5.618279,4.1487045,0.0,5.12832,5.2060747,11.151719,13.055593,15.929613,18.875084,20.18828,19.650574,16.107164,14.279678,10.993752,10.776139,7.6436625,8.183513,8.825292,11.574615,12.979167,16.640242,18.798243,21.259623,19.621214,21.07976,25.72619,25.275305,24.86697,23.33464,19.367493,20.491646,20.294975,25.159056,20.630035,25.2069,26.167889,31.16835,32.114475,29.12356,34.193287,34.72948,35.6179,35.454365,31.91049,29.52381,24.533611,26.606361,22.271475,24.981482,23.203274,19.922932,24.911232,21.832022,25.731247,28.539545,25.317667,21.771194,17.53153,20.214077,13.908417,16.588053,14.323558,13.643142,17.446535,18.580185,21.429,26.534885,24.88945,24.519552,19.88261,22.46311,18.563341,22.468897,19.478573,23.83447,28.355072,24.99466,21.492523,22.803896,16.926897,17.537653,15.392128,16.01205
30,24.588673,20.655512,19.94141,15.004931,13.742224,14.120483,11.7561655,14.144806,11.401459,17.250778,15.1240015,20.834547,19.626165,16.659449,16.920433,11.466145,11.821568,8.105746,9.046543,9.01999,10.566769,13.503093,12.869403,17.19018,17.418612,15.798461,14.568914,9.20974,5.549956,5.12832,0.0,6.733686,8.569944,12.677065,14.107162,17.496607,18.87481,17.6502,14.720502,12.092894,10.858908,8.341885,8.4813595,6.6284995,10.9144945,12.0976925,14.923052,18.457342,19.684095,22.675222,20.642963,20.690243,25.927916,25.761307,24.256971,22.961056,18.33195,19.149614,17.856382,22.094917,16.879414,21.1645,21.60578,26.521475,27.165228,24.02831,29.068861,29.631342,30.53378,30.556498,26.895586,24.698238,19.482117,21.807976,17.455713,20.33903,18.88652,15.675965,21.03412,18.27967,22.316011,25.510994,21.986788,18.709845,14.123882,17.412498,11.185985,14.3645315,13.38257,13.693436,17.765282,19.463188,22.274698,27.255667,24.44392,23.802425,19.026764,20.497591,16.17521,19.874134,15.953449,20.426552,24.662264,21.063017,17.58524,18.285881,12.264877,12.899831,10.406853,11.589333
31,26.586884,23.063427,22.641825,17.592257,17.673376,16.584892,16.799305,17.799685,15.614152,20.624584,17.841831,23.607573,21.03118,17.426008,18.47552,13.458792,13.167022,11.395213,10.364175,11.9104185,11.20622,14.518225,13.024512,17.147484,18.0588,16.04621,17.545748,10.672028,9.077239,5.2060747,6.733686,0.0,7.42594,7.9441648,11.248696,13.900984,15.319397,15.265735,12.060668,11.10592,8.062056,9.825461,8.778319,10.526857,12.323372,16.344065,17.318525,21.612843,23.894814,26.10777,24.033785,25.752586,30.33523,29.433167,28.666101,26.78811,22.90296,23.002113,22.393908,26.531698,21.26661,25.475805,26.265226,31.00561,32.225822,28.802395,33.87,34.54762,34.7228,34.026978,30.556105,27.583023,23.513893,25.129505,21.367533,24.480383,23.234755,20.98321,26.167093,24.081537,28.186697,31.467258,28.299845,25.119007,20.631407,23.982811,17.696835,20.528461,18.698704,17.906063,21.916607,22.488577,25.954433,31.019096,29.31871,29.09322,24.437208,26.640455,22.563377,26.406338,22.669512,27.055887,31.311752,27.469912,24.067995,24.056084,18.449951,17.98072,15.076475,14.542806
32,29.58875,26.295336,24.41354,19.971409,19.123928,16.797817,16.286083,15.019439,11.734388,15.476359,11.627439,16.809156,14.603148,11.113798,13.978353,9.186324,11.230139,10.486832,12.290887,14.78513,16.086065,19.670248,19.36747,23.681673,24.61579,22.784082,22.846521,16.647348,13.696081,11.151719,8.569944,7.42594,0.0,6.124294,5.619202,9.186524,10.654301,9.655235,8.136107,6.7673764,8.301663,8.292631,12.053921,12.280645,16.938917,20.131989,22.009857,26.48067,28.050837,30.558327,27.907341,28.533102,33.50174,32.605404,30.610003,28.791973,24.499546,23.653893,21.763775,24.463577,18.198046,21.47402,21.523512,25.745237,26.921068,23.081587,28.01962,28.931314,28.436968,27.561384,23.923923,20.56635,17.314705,18.55538,15.535781,19.120255,18.838211,17.89324,23.217073,22.460575,26.608183,30.47582,27.250069,24.794607,20.205276,24.336882,18.705559,21.867125,21.419321,21.450155,25.65187,26.57327,30.135519,35.044014,32.211063,31.758717,27.068312,27.988672,23.607618,26.973574,22.109556,26.258543,29.834383,25.530352,22.482779,20.669724,15.851506,14.211502,10.496792,8.883328
33,30.545044,27.679407,26.064526,21.700583,21.895115,18.740362,20.24529,18.55924,16.447733,19.486822,15.996582,20.979641,17.267685,13.523013,16.187328,12.568638,13.177606,13.853272,13.835531,17.01375,16.954134,20.538242,20.026335,23.968573,25.50696,23.688364,25.384396,18.561731,16.574974,13.055593,12.677065,7.9441648,6.124294,0.0,5.07808,6.2463584,8.718516,9.96206,9.006628,10.101869,9.828051,12.900353,14.862161,16.626442,19.590313,23.842678,24.893187,29.463457,31.595785,33.845074,31.436758,32.93504,37.63963,36.497337,35.161015,33.096313,29.183224,28.320417,27.011042,29.925879,23.881966,27.154825,27.370787,31.404373,32.7012,28.657492,33.36485,34.09228,33.17583,31.56094,28.543861,24.857492,22.609564,23.632774,21.20656,24.803608,24.625092,23.901518,29.102262,28.332268,32.49839,36.281544,33.111458,30.45306,25.832792,29.686005,23.654604,26.3803,25.153046,24.342113,28.492521,28.513266,32.610123,37.533367,35.59763,35.552174,30.952816,32.585003,28.452814,32.134853,27.684484,32.017056,35.747135,31.549423,28.41714,26.784842,21.878063,20.295025,16.600039,14.702693
34,33.653965,30.717854,28.53974,24.389801,23.892605,20.654083,21.117651,18.600489,15.65914,17.761478,13.470244,17.429096,14.537922,11.144628,15.469014,12.199432,14.386098,15.081673,16.576094,19.661829,20.544127,24.194778,23.850475,28.011106,29.214722,27.276388,28.056396,21.541048,18.980972,15.929613,14.107162,11.248696,5.619202,5.07808,0.0,3.9228044,5.368338,5.4966254,6.3928947,7.627858,10.137647,12.086392,16.069334,17.204103,21.382586,25.410484,26.742188,31.587399,33.431675,35.633312,32.761475,33.865658,38.60579,37.305073,35.27467,33.180378,29.21742,27.686749,25.795387,27.776878,21.486284,24.083735,24.072796,27.670816,29.227697,25.238419,29.878227,30.98489,29.620544,28.149399,24.73042,20.713198,19.211227,19.470707,17.669899,21.21756,21.522045,21.764713,26.694004,26.8423,30.913172,34.958675,31.989008,29.865458,25.381025,29.717894,24.262331,27.398722,26.954493,26.781002,30.994537,31.536877,35.39196,40.285538,37.62479,37.283382,32.625458,33.498554,29.134243,32.4067,27.340727,31.293074,34.60202,30.07278,27.268381,24.542555,20.522532,18.10052,14.533203,11.771715
35,35.05963,32.474743,30.11442,26.2543,26.134108,22.254496,23.684841,20.511848,18.207144,19.46566,15.494116,18.96507,15.165469,11.967209,16.288774,14.143578,15.880911,17.49664,18.55331,22.030048,22.625376,26.261456,26.125952,30.111217,31.675602,29.85316,31.155691,24.473848,22.115723,18.875084,17.496607,13.900984,9.186524,6.2463584,3.9228044,0.0,4.6373425,6.823609,9.111413,11.223094,13.325341,15.941399,19.534697,20.9646,24.769081,28.96574,30.174627,34.97267,36.909622,39.147724,36.387245,37.602608,42.35693,41.04267,39.137707,36.999577,33.09195,31.537046,29.687162,31.527388,25.22347,27.565666,27.36186,30.635023,32.062458,27.839643,32.136555,33.06716,31.28984,29.217966,26.391161,22.228886,21.670498,21.884264,20.738735,24.353748,24.99049,25.504793,30.385427,30.685226,34.735832,38.809864,35.788387,33.66153,29.142899,33.36093,27.801899,30.645924,30.037226,29.544685,33.744747,33.829647,38.01379,42.846626,40.45131,40.327282,35.74817,36.761055,32.537983,35.90685,30.932127,34.97452,38.20053,33.75547,30.976221,28.130365,24.166893,21.790117,18.082895,15.361788
36,38.738815,35.86945,33.76883,29.619698,29.238388,25.903889,26.455849,23.735466,20.705683,22.172672,17.642118,20.360548,17.858858,14.983434,19.954512,17.317726,19.568089,20.44986,21.759735,24.848988,25.359083,28.972542,28.20809,32.234905,33.329052,31.133331,32.362293,25.717703,23.540905,20.18828,18.87481,15.319397,10.654301,8.718516,5.368338,4.6373425,0.0,3.6395555,6.528824,9.621562,12.116141,15.189949,19.057814,20.928213,24.591286,29.453465,30.111,35.41758,37.598946,39.279884,36.07517,37.84833,42.176277,40.32706,38.309307,35.892056,32.41909,30.174524,28.488878,29.91353,23.98994,26.121067,26.453865,29.573008,31.813534,28.150808,32.66043,34.180626,32.260403,30.740784,27.14209,22.71858,22.394596,21.450893,20.406645,23.46343,23.876587,24.99505,29.342407,30.225975,34.178417,38.29082,35.759605,33.947277,29.650303,34.269867,29.029732,32.46119,32.024055,31.87922,36.079514,36.629383,40.435833,45.386856,42.82232,42.399773,37.690548,38.53337,34.050884,37.174786,31.916046,35.555573,38.73913,33.907715,31.327307,27.976707,24.72915,21.638996,18.657621,15.175839
