,0,1,2,3,4,5,6,7,8,9,10,11,12,13,14,15,16,17,18,19,20,21,22,23,24,25,26,27,28,29,30,31,32,33,34,35,36,37,38,39,40,41,42,43,44,45,46,47,48,49,50,51,52,53,54,55,56,57,58,59,60,61,62,63,64,65,66,67,68,69,70,71,72,73,74,75,76,77,78,79,80,81,82,83,84,85,86,87,88,89,90,91,92,93,94,95,96,97,98,99,100,101,102,103,104,105,106,107,108,109,110
0,0.0,4.1930823,6.5173993,9.1627655,11.969381,13.708648,17.947721,22.143671,24.236393,26.941877,31.19532,34.491997,37.257446,33.58728,28.254557,27.181143,23.263998,21.606583,16.497618,17.350998,14.419982,14.286502,12.986054,16.689516,19.244944,18.966307,21.416908,20.977848,25.264818,22.500183,30.63772,26.053846,33.08197,31.698574,34.009502,36.99716,34.89455,33.94628,30.20584,27.63195,30.930435,27.11556,31.193125,29.658026,25.08353,28.042286,23.613903,25.755959,23.915434,25.311863,28.48828,29.517994,34.28849,36.336597,37.30275,33.700954,34.15394,35.773067,40.129456,39.858974,36.256985,34.206757,39.325386,39.521015,43.122658,39.138412,35.64307,40.929436,37.1251,33.880024,34.424942,34.799473,32.30645,28.623913,29.292263,26.250387,27.371395,30.113552,32.459084,37.08692,34.78451,40.226017,39.318787,36.267933,32.060356,29.316145,26.684618,24.96013,20.78859,21.91771,20.12702,19.190361,21.590948,23.392227,26.293846,25.614374,25.816153,28.69622,30.700562,32.551975,36.393757,37.567303,41.426117,44.384884,42.79168,40.017517,40.43999,34.89411,35.32783,31.036627,30.75334
1,4.1930823,0.0,4.684248,6.001721,8.2196045,11.336604,14.709754,19.081825,20.971807,23.486097,27.988832,31.006683,33.697014,29.7563,24.49806,23.167788,19.246784,17.420795,12.375455,13.249707,10.6200075,10.683429,10.060324,13.432226,15.66965,15.375226,17.399916,16.935728,21.147362,18.567373,26.722647,22.370073,29.504122,28.411957,30.853756,34.04082,32.235943,31.143261,27.283278,24.480066,27.591578,23.57299,27.480434,25.766283,21.350893,24.06262,19.928257,21.968601,20.492586,21.637882,24.69791,25.502876,30.343706,32.2342,33.314964,29.774567,30.046131,31.702158,36.002964,35.792374,32.251972,30.051523,35.15513,35.355164,38.98088,35.069206,31.53236,36.883595,33.22367,29.965797,30.778416,31.139812,28.862314,24.96951,26.11276,22.772314,24.473288,27.064772,29.15382,33.79949,31.148228,36.536102,35.492207,32.2892,28.087093,25.227232,22.738228,20.809908,16.780128,18.164227,16.666142,16.257292,19.023623,20.725126,23.392477,22.203217,22.126654,24.979721,26.725113,28.481627,32.321632,33.39808,37.330723,40.354446,38.86389,36.16377,36.78323,31.289501,31.986334,27.80538,27.910088
2,6.5173993,4.684248,0.0,5.033033,6.928888,7.691425,12.730387,15.889172,18.55662,20.88159,25.206348,28.555836,31.760176,28.479057,23.127106,22.251143,18.64057,17.394732,13.513743,14.381707,13.205788,12.791964,13.47889,16.708435,18.280394,18.208372,19.098993,18.211578,21.699411,18.961033,26.415955,21.766996,28.656757,26.784735,29.641874,32.231113,30.609022,30.072529,25.925602,23.310171,27.244091,23.75514,27.537828,26.300432,22.65617,25.279016,22.089176,24.208761,23.44306,23.946531,26.721445,26.965158,31.976543,33.208946,34.80422,31.48094,30.965134,32.444252,36.685192,36.137264,32.484047,30.177858,34.872738,34.750984,38.24039,34.439415,30.606743,35.533054,31.461302,28.211218,28.308495,28.722458,26.015049,22.589241,23.02398,20.50509,21.587042,24.752733,27.338102,31.769781,29.437199,34.786102,33.687687,30.892324,26.809256,24.307732,21.732489,21.061716,17.40832,19.509117,18.900898,18.801867,21.394566,22.194448,24.9331,23.104685,22.423203,25.927317,26.932657,29.0472,32.14575,33.256363,36.95757,39.918755,38.547012,35.79674,37.01267,31.17635,32.18284,28.1764,27.957045
3,9.1627655,6.001721,5.033033,0.0,3.7024627,6.3379254,8.829694,13.778923,15.202363,18.19255,22.323612,25.535374,28.111734,24.581219,19.195238,18.54805,14.7214155,14.331407,9.934334,12.188335,11.20375,12.142825,13.0293865,14.993747,16.425581,15.523039,15.965329,14.325195,17.784325,14.486523,22.050974,17.212828,24.15298,22.618454,25.163595,28.134089,26.39634,25.516117,21.504717,18.782726,22.412775,18.876778,22.817247,21.7616,18.056013,21.153162,18.042774,20.982277,20.698296,21.659521,24.200813,23.94609,28.935371,30.069637,31.380268,27.898983,27.303417,28.410166,32.955376,31.994059,28.173811,26.425894,31.352499,31.655071,34.915073,30.606209,27.398756,32.661377,28.481834,25.397665,26.071571,27.016895,24.521759,20.982506,22.559168,20.022486,22.277746,25.361134,27.491907,31.842136,28.700987,33.818325,32.114487,28.870165,24.938364,21.901543,20.20282,18.582426,15.751555,18.27476,17.82706,18.601585,21.771221,22.963604,25.193567,22.805414,21.716722,24.770264,25.24713,26.74274,30.064722,30.524342,34.737755,37.99925,37.015133,34.535465,36.129658,30.600132,32.083954,28.311113,28.875261
4,11.969381,8.2196045,6.928888,3.7024627,0.0,6.107308,7.151118,11.400914,13.003688,15.339048,19.956818,22.80625,25.588959,21.815619,16.521227,15.430153,11.725976,10.983224,7.6456366,9.498848,9.884442,10.552309,12.554991,14.023988,14.691559,14.139251,13.600082,12.041138,15.008969,12.235017,19.525053,15.109933,22.127348,20.809446,23.743511,26.759716,25.57101,24.697542,20.46677,17.48229,21.021723,17.337242,20.846458,19.546392,16.412207,18.830608,16.531658,18.935112,19.206232,19.47027,21.754536,21.204683,26.253017,27.049597,28.712555,25.463984,24.46912,25.721632,30.040771,29.264404,25.588043,23.379929,28.121447,28.219181,31.584488,27.5803,24.009426,29.20052,25.192524,22.009026,22.792538,23.547222,21.251633,17.482018,19.362503,16.537624,19.229736,22.133734,24.070372,28.384928,25.072731,30.158648,28.452753,25.19543,21.24091,18.256983,16.527706,15.214306,12.6541815,15.593428,15.821143,17.067247,20.22311,20.950212,22.936039,20.024607,18.547432,21.747536,21.825092,23.434423,26.502184,27.042158,31.139912,34.372723,33.418465,30.955338,32.77142,27.226353,28.939548,25.353191,26.113747
5,13.708648,11.336604,7.691425,6.3379254,6.107308,0.0,6.7295427,8.892204,11.581812,14.288156,17.94866,21.698524,25.02173,22.662422,17.325783,17.576134,14.598891,15.368527,13.335656,15.23187,15.969663,16.268358,18.23015,20.091866,20.746735,20.195448,19.250914,17.211973,19.25381,16.019712,21.821318,16.787733,22.932674,20.14981,23.342958,25.281315,23.942146,23.986712,19.599543,17.294886,22.12111,19.653864,23.130991,22.885157,20.61827,23.34845,21.774563,24.59851,25.200832,25.334593,27.394253,26.381088,31.400135,31.568876,33.543713,30.474138,28.777958,29.555813,33.889637,32.4186,28.537397,26.739965,30.898129,30.755222,33.69238,29.586353,26.090403,30.596031,25.801092,22.843075,22.398764,23.577389,20.438122,17.818829,18.48241,17.527163,19.060417,22.91006,25.586945,29.448605,26.66559,31.5304,29.622538,27.002787,23.432104,20.993507,19.465822,19.69875,17.758385,21.015816,21.64086,22.718588,25.60333,25.781082,27.959763,24.825035,22.950653,26.651648,26.020006,27.87287,30.032679,30.423124,34.262028,37.414143,36.69363,34.24674,36.718235,30.911,32.863728,29.48276,29.742872
6,17.947721,14.709754,12.730387,8.829694,7.151118,6.7295427,0.0,7.0369425,6.5173855,10.326802,13.803075,17.059599,19.437792,16.564432,11.14054,11.877556,8.967395,11.64791,10.592099,13.629228,15.216541,16.620546,18.89651,19.17896,19.248117,17.992712,15.925971,12.969338,14.025147,10.324239,15.332815,10.09519,16.306187,14.057954,17.123476,19.732336,18.621193,18.136215,13.700078,10.961658,15.505592,13.129014,16.465954,16.598133,15.06239,17.937078,17.371117,20.82558,22.363766,22.660213,24.130617,22.285955,27.07528,26.848257,28.599035,25.565342,23.468294,23.687094,28.25678,26.22591,22.18603,21.063665,25.329536,25.703598,28.288282,23.58289,20.919397,25.813148,20.949453,18.27125,18.829315,20.757124,18.199068,15.451146,18.043242,16.976198,20.193188,23.512352,25.33441,28.937008,25.080944,29.443653,26.724697,23.510836,20.31808,17.244745,17.20222,16.386902,16.07076,19.697521,20.76477,22.8316,26.103518,26.536554,27.989267,24.220085,21.83224,24.817268,23.312935,24.299036,26.494335,25.96513,30.37745,33.86728,33.703743,31.688604,34.673134,29.437565,31.9919,29.080116,30.316542
7,22.143671,19.081825,15.889172,13.778923,11.400914,8.892204,7.0369425,0.0,5.124245,5.7718477,9.602108,13.143229,17.208822,15.755678,11.1700115,12.218033,11.249003,13.629114,15.249079,16.734726,19.581564,19.88147,23.015797,23.640528,23.004818,22.62527,19.665989,17.321806,16.939487,14.730894,17.105925,13.166368,17.64823,14.335914,18.48921,19.64089,19.771832,20.415913,15.807381,13.709103,18.726007,17.409094,19.420723,19.83632,19.94977,21.464577,22.393442,24.704031,26.758606,25.84208,26.871069,24.6396,29.262634,28.041824,30.727015,28.42807,25.296907,25.59475,29.353527,27.404697,23.79109,21.879251,24.824923,24.261114,26.676981,22.999384,19.352255,22.94185,17.713053,15.039231,13.859965,15.630904,12.308274,10.7423525,12.064601,12.969781,15.322005,19.133978,21.391005,24.329062,21.079086,25.112806,22.457954,20.2358,17.513695,15.68352,15.458104,17.359947,17.653929,21.559021,23.615046,25.657341,28.385988,27.660194,29.0456,24.752262,21.747396,25.393053,22.925522,24.58664,25.229313,25.073412,28.573818,31.689056,31.623352,29.581585,33.327602,27.863554,30.745079,28.348572,29.135117
8,24.236393,20.971807,18.55662,15.202363,13.003688,11.581812,6.5173855,5.124245,0.0,4.969125,7.319185,10.701738,13.454351,11.849625,7.080992,9.571258,9.073138,13.27332,14.972958,17.388716,20.159256,21.320143,24.205236,23.961874,23.259218,22.208551,18.89474,15.870534,14.778846,12.108137,13.078228,8.859095,12.726576,9.359738,13.418044,15.035912,15.158969,15.481005,10.889413,8.733174,13.759549,13.11246,14.933714,16.105768,16.900646,18.775494,20.292757,23.325361,25.852964,25.421051,26.099031,23.33211,27.668447,26.264109,28.526735,26.165325,22.85782,22.46658,26.56432,23.859938,19.987595,19.13587,22.2186,22.335512,24.244003,19.676182,17.266699,21.254946,15.773776,13.61345,13.551986,16.335114,13.734345,12.333636,15.314949,15.946271,19.33646,22.608553,24.176588,26.912043,22.870779,26.375965,22.982723,20.19601,17.947845,15.469985,16.671696,17.23416,18.576971,22.490438,24.47203,26.995934,30.046616,29.809618,30.807287,26.361568,23.256128,26.18362,23.30688,24.089502,24.948128,23.834753,27.950907,31.390852,31.83159,30.194221,34.19078,29.276505,32.46879,30.307487,31.764896
9,26.941877,23.486097,20.88159,18.19255,15.339048,14.288156,10.326802,5.7718477,4.969125,0.0,5.6500754,7.8030415,12.045863,10.705458,7.3069005,8.81075,9.888399,13.187325,16.691376,17.98616,21.613842,22.159184,25.599752,25.300428,23.992598,23.565193,19.622662,17.241459,15.220721,14.06686,13.538309,11.220771,13.991049,11.206833,15.697779,16.757101,18.068644,18.630955,14.347783,12.378395,16.454046,15.818314,16.48964,17.208754,18.964502,19.509544,22.034658,23.95694,26.847536,25.490694,25.769278,22.785053,26.879023,24.816206,27.7478,25.999144,22.074162,21.961699,25.26886,23.018015,19.711,17.872293,19.966614,19.32728,21.314426,17.808662,14.33904,17.505869,12.043328,9.659669,8.780597,11.419156,8.817593,7.946769,11.157914,12.548354,16.009525,18.958334,20.301188,22.549007,18.576563,21.74873,18.32172,15.993946,14.12989,12.519562,13.887917,16.058928,18.025808,21.945423,24.606632,27.225468,29.890438,28.954199,29.686792,24.903095,21.418053,24.493315,20.927004,22.039906,21.843668,21.003502,24.468042,27.658258,28.164877,26.576366,31.02922,26.185453,29.630718,27.957045,29.372736
10,31.19532,27.988832,25.206348,22.323612,19.956818,17.94866,13.803075,9.602108,7.319185,5.6500754,0.0,4.6863003,8.712311,10.488293,8.996626,12.286698,14.051928,18.239883,21.462864,23.267372,26.67659,27.531145,30.789085,30.329939,29.118338,28.335245,24.34366,21.570301,19.10889,17.629265,15.018496,13.073344,13.080826,8.940347,13.266679,12.682906,14.703523,16.224562,12.5653305,11.968296,16.128551,17.265589,17.337582,19.319563,21.932829,22.782526,25.786568,28.249104,31.398296,30.330769,30.350235,26.978868,30.665743,28.140966,30.885725,29.347784,25.054438,24.1254,27.312565,24.089886,20.835512,20.262897,21.460495,21.07637,21.921968,18.142796,16.20454,18.17666,12.202469,11.349052,9.628369,13.439581,11.009808,12.292758,14.734851,17.513144,20.375397,23.37352,24.663826,26.150156,22.366129,24.540104,20.564362,18.827074,18.082869,16.872274,19.005178,21.04317,23.459908,27.353878,29.976711,32.698616,35.44963,34.57665,35.21794,30.365917,26.797447,29.624002,25.63981,26.30465,25.54785,23.981781,27.309729,30.435707,31.525942,30.353592,35.308407,30.869404,34.54199,33.20074,34.685593
11,34.491997,31.006683,28.555836,25.535374,22.80625,21.698524,17.059599,13.143229,10.701738,7.8030415,4.6863003,0.0,5.560708,8.094517,9.109969,11.849569,14.800175,18.77673,22.991467,24.399286,28.225178,29.068327,32.512196,31.549807,29.888075,29.232323,24.75726,22.263859,18.898838,18.470074,13.94021,13.904072,12.344082,9.778156,13.706134,13.22877,16.30156,17.42564,14.448977,13.85148,16.509756,17.85638,16.72814,18.614714,22.278225,22.166359,26.17522,28.045069,31.637846,30.16502,29.652884,25.919237,29.032974,25.89873,28.831345,27.86368,23.097656,21.958412,24.462671,21.22333,18.549044,17.916016,18.023382,17.47076,17.788002,14.571776,12.958943,13.999277,8.082372,8.274256,7.061682,11.288824,10.252612,12.031031,15.256389,17.867102,21.20113,23.398293,23.948229,24.860966,20.746521,22.041897,17.620502,16.002968,16.225655,15.483675,18.49015,20.661196,23.947004,27.646584,30.615093,33.602585,36.193905,35.12837,35.318985,30.281126,26.537123,28.881615,24.296368,24.5712,23.083378,21.068562,24.099903,27.137316,28.661076,27.895735,33.236206,29.41275,33.36025,32.58753,34.445568
12,37.257446,33.697014,31.760176,28.111734,25.588959,25.02173,19.437792,17.208822,13.454351,12.045863,8.712311,5.560708,0.0,6.3041573,9.701002,12.941402,16.157398,20.73033,24.662092,26.575073,30.14074,31.552206,34.699554,33.118687,31.46285,30.318937,25.805784,23.03803,19.230942,18.824694,12.330914,13.507615,9.115832,7.954575,10.416108,10.012013,13.803417,14.4700575,12.785558,12.8927,13.824204,16.375626,14.248735,17.00656,21.50952,21.437857,25.96011,28.241234,32.119186,31.108807,30.252344,26.1798,28.698997,25.415543,27.73221,26.894106,22.10473,20.07258,22.595932,18.377703,15.81016,16.848385,16.612226,17.080465,16.323565,12.06267,13.099394,14.189087,9.181643,10.648098,11.482093,15.531879,15.389211,16.56702,20.50229,22.382788,26.263094,28.133482,28.209244,29.082447,24.500786,25.295038,20.53056,18.42345,19.11637,17.85002,21.678862,22.517538,26.359638,29.864136,32.631897,35.889614,38.679317,38.06108,37.95866,32.970093,29.327549,30.956373,26.281301,25.653442,24.457664,21.442629,24.94705,28.181128,30.219517,29.935871,35.26051,32.11572,36.17,35.57121,37.940384
13,33.58728,29.7563,28.479057,24.581219,21.815619,22.662422,16.564432,15.755678,11.849625,10.705458,10.488293,8.094517,6.3041573,0.0,5.438737,7.4346466,10.968383,15.306457,19.46818,21.241299,24.828245,26.406082,29.469084,27.473799,25.653862,24.486385,19.85132,17.254976,13.121255,13.375682,6.4304066,8.971571,6.371161,8.077294,10.725,13.130159,15.686587,14.870407,12.521966,11.08216,10.955443,11.809406,9.397253,11.171147,15.834021,15.228831,20.012104,21.994234,25.960758,24.94513,24.02601,19.943474,22.57835,19.62059,21.82514,20.732288,16.071144,14.322116,17.416521,13.662905,10.55734,10.97444,12.177341,13.186961,13.66921,8.296911,8.727911,12.39348,8.02209,8.097223,11.359504,14.629721,14.98245,14.249912,19.34625,19.48346,24.244373,25.684774,25.36812,26.959827,21.767273,23.291811,18.76774,15.419811,15.304526,13.073435,17.220314,16.853582,20.970388,24.261467,26.93022,30.329487,33.15894,32.835114,32.546078,27.676874,24.209496,25.412378,21.006914,20.02888,19.757069,16.656189,21.024609,24.65774,26.359182,25.910007,30.701471,27.602201,31.52258,30.721184,33.453747
14,28.254557,24.49806,23.127106,19.195238,16.521227,17.325783,11.14054,11.1700115,7.080992,7.3069005,8.996626,9.109969,9.701002,5.438737,0.0,4.4814615,6.5779657,11.622688,14.975279,17.178265,20.498205,22.106592,25.080053,23.563206,22.155066,20.90705,16.660444,13.677283,10.62352,9.483272,6.439092,5.0758333,7.4066525,7.2055097,10.821298,13.799724,15.0363865,14.184842,10.524877,7.9890695,9.969117,9.347228,9.225256,10.41,13.255652,13.866274,17.260563,19.855103,23.28737,22.62112,22.442686,18.898623,22.534103,20.539557,22.665537,20.724321,16.83089,15.892254,19.867918,16.834215,13.048682,12.604369,15.590973,16.332489,17.961578,12.835689,11.406267,16.074886,11.24566,9.58877,11.99382,14.978605,14.152994,12.368378,17.263313,16.900293,21.585936,23.653852,23.999943,26.398241,21.40922,24.14143,20.163183,16.602013,15.057452,12.088649,15.140549,14.484029,17.6157,21.22092,23.56112,26.729801,29.765882,29.662199,29.864126,25.15988,21.867525,23.695576,20.071995,19.764452,20.528862,18.375443,22.997282,26.70038,27.682587,26.601713,30.840096,26.877552,30.454557,28.919077,31.283665
15,27.181143,23.167788,22.251143,18.54805,15.430153,17.576134,11.877556,12.218033,9.571258,8.81075,12.286698,11.849569,12.941402,7.4346466,4.4814615,0.0,4.109587,7.8943715,12.455924,13.843464,17.623718,19.003687,22.188932,20.398317,18.560093,17.706259,13.057395,10.704947,7.1020775,7.702362,6.27528,6.569545,10.445828,11.595555,14.798625,18.153345,19.326975,18.065184,14.52973,11.576992,12.553907,10.212247,9.982003,9.136092,11.622134,10.966656,14.674911,16.236753,19.797113,18.574528,18.277521,14.776076,18.603508,16.763245,19.19867,17.299644,13.475104,13.433591,17.224026,15.377259,11.966376,9.748516,13.469556,13.967875,16.579609,12.212316,9.318251,14.901542,11.235688,8.774695,12.205421,14.056244,13.913797,10.855459,16.297337,14.507504,19.742033,21.165163,21.053995,23.783243,18.53894,21.631733,18.080336,13.975088,11.800061,8.232618,11.373485,10.099284,13.682924,17.131144,19.71288,23.014494,25.898245,25.706736,25.673845,20.937754,17.66196,19.255617,15.689777,15.402832,16.618439,14.865884,19.654163,23.410439,24.04412,22.803785,26.683828,22.749582,26.24656,24.709274,27.309883
16,23.263998,19.246784,18.64057,14.7214155,11.725976,14.598891,8.967395,11.249003,9.073138,9.888399,14.051928,14.800175,16.157398,10.968383,6.5779657,4.109587,0.0,5.447986,8.586899,10.675553,13.996729,15.66958,18.605238,17.02906,15.643898,14.526455,10.407273,7.5706296,5.798025,4.598933,8.2196455,5.974367,12.257154,12.9574585,15.923649,19.653463,19.92793,18.434027,14.612724,11.243974,12.79396,9.25079,10.762597,9.371186,9.587118,10.223221,12.164667,14.410385,17.35729,16.73251,17.161194,14.355762,18.8084,18.039007,20.000046,17.382706,14.658353,15.074485,19.389563,17.904497,14.235786,12.222073,16.824785,17.475142,20.38392,15.916005,13.132351,18.85181,15.2186985,12.5082245,15.294108,16.852566,16.070585,12.397656,17.261143,14.755517,19.787973,21.558214,21.87841,25.24111,20.281384,24.094254,21.05683,16.952173,13.98362,10.101971,11.763252,9.3333,11.573536,15.123121,17.13117,20.255878,23.413982,23.689142,24.040396,19.662964,16.814476,18.655924,16.200886,16.236866,18.581024,17.445011,22.31826,26.038717,26.184313,24.590963,27.751108,23.394987,26.435122,24.249043,26.630297
17,21.606583,17.420795,17.394732,14.331407,10.983224,15.368527,11.64791,13.629114,13.27332,13.187325,18.239883,18.77673,20.73033,15.306457,11.622688,7.8943715,5.447986,0.0,6.2826495,6.0645266,10.31375,11.274372,14.647197,13.082065,11.131539,11.02697,6.72833,5.9388957,5.84899,7.128754,12.31599,11.215396,17.357975,18.354198,21.33258,25.06304,25.346645,23.786247,19.982912,16.568804,17.791336,13.565317,14.976149,12.198835,11.090933,10.35812,11.239526,11.518962,13.976549,12.414762,13.248812,11.353139,16.279505,16.286837,18.530869,15.934838,14.087002,15.887639,19.543314,19.6549,16.730516,13.152493,17.874676,17.986153,21.73968,18.495584,14.532626,20.206131,17.70516,14.568681,17.356613,17.619032,17.23494,12.623813,17.041763,12.807373,17.898281,18.9395,18.964153,22.887749,18.16154,22.58605,20.521307,16.369379,12.575187,8.759284,8.597688,4.853421,6.1397195,9.717233,12.02054,15.179267,18.148834,18.289936,18.595709,14.295648,11.699036,13.6603775,12.178626,12.913102,16.139647,16.256353,20.715742,24.182268,23.576963,21.56333,23.832546,19.194427,21.782831,19.224823,21.634836
18,16.497618,12.375455,13.513743,9.934334,7.6456366,13.335656,10.592099,15.249079,14.972958,16.691376,21.462864,22.991467,24.662092,19.46818,14.975279,12.455924,8.586899,6.2826495,0.0,4.5105524,5.6381006,8.153932,10.272269,9.045887,8.799251,7.492587,6.1452947,4.7477036,8.832568,7.2813187,15.439411,12.633607,19.701366,20.387548,22.74861,26.818354,26.037682,24.175232,20.49655,17.08089,18.501024,13.715987,16.664637,14.064501,10.282507,11.917085,9.276713,11.327439,12.049567,12.531178,14.623795,14.064243,19.01887,20.370348,21.497467,18.05019,17.758486,19.347498,23.660122,23.516602,20.191528,17.82032,23.164103,23.815107,27.371136,23.398607,20.33611,26.20407,23.289145,20.254358,22.679293,23.292337,22.240444,17.784975,21.400602,17.294601,21.54019,23.145212,23.773203,28.087965,23.833588,28.572485,26.703201,22.638182,18.761677,15.036723,14.205232,10.029209,8.260319,10.765664,10.914838,13.38728,16.97107,18.419374,19.424232,16.3686,15.040786,16.81492,17.11225,17.701363,21.850098,21.98302,26.600304,30.039345,29.196299,27.05974,28.461166,23.769526,25.596481,22.298603,24.269285
19,17.350998,13.249707,14.381707,12.188335,9.498848,15.23187,13.629228,16.734726,17.388716,17.98616,23.267372,24.399286,26.575073,21.241299,17.178265,13.843464,10.675553,6.0645266,4.5105524,0.0,4.750736,5.2827334,8.652476,7.712757,6.333711,7.1111274,5.6567044,6.9524336,10.154029,10.550339,17.67584,15.840459,22.594416,23.397497,26.135065,30.02338,29.683146,27.982363,24.17276,20.719826,22.090899,17.336428,19.594965,16.468426,13.345194,13.3362055,11.307132,10.930007,11.326989,10.261429,12.56682,12.75092,17.724089,19.22078,20.847155,17.839626,17.684748,20.064169,23.616716,24.45365,21.696186,18.200058,23.155382,23.252636,27.25383,24.256077,20.303152,25.866047,23.636868,20.393682,22.747032,22.528425,21.837841,17.041277,20.28812,15.287045,19.385761,20.313639,20.66365,25.176931,21.243282,26.20027,25.020227,21.144821,16.998716,13.757648,11.797811,7.8963966,4.2428994,6.520827,7.1867146,9.767026,13.0827465,14.06239,15.038545,11.93878,10.882255,12.913965,13.981425,15.272992,19.501835,20.546991,24.571312,27.694695,26.362984,23.96411,24.821087,19.945864,21.424717,17.934061,19.83838
20,14.419982,10.6200075,13.205788,11.20375,9.884442,15.969663,15.216541,19.581564,20.159256,21.613842,26.67659,28.225178,30.14074,24.828245,20.498205,17.623718,13.996729,10.31375,5.6381006,4.750736,0.0,3.7927341,4.735051,4.190225,5.3032703,5.2470613,7.463825,8.685209,13.16776,12.58754,20.634136,18.22095,25.219671,26.019676,28.310137,32.420864,31.48258,29.550909,25.958208,22.585447,23.826244,18.868237,21.765766,18.688707,14.293635,15.340649,11.313804,11.670952,10.356278,11.051429,14.101868,15.247192,19.911737,22.2797,23.113623,19.67758,20.576279,22.84017,26.67597,27.46646,24.585243,21.74478,27.051891,27.506205,31.408669,28.025553,24.610315,30.35547,28.00356,24.830322,27.156197,27.135204,26.196985,21.49256,24.42205,19.56673,23.147886,24.27094,24.85434,29.49858,25.824865,30.85242,29.768002,25.869698,21.742924,18.442034,16.504013,12.309748,8.468268,9.021402,7.273563,8.668955,12.359946,14.674286,16.082794,14.382768,14.427606,15.901611,18.016022,19.00184,23.746174,24.70906,28.848696,31.946098,30.489391,28.091366,28.295952,23.646032,24.53971,20.708996,22.314898
21,14.286502,10.683429,12.791964,12.142825,10.552309,16.268358,16.620546,19.88147,21.320143,22.159184,27.531145,29.068327,31.552206,26.406082,22.106592,19.003687,15.66958,11.274372,8.153932,5.2827334,3.7927341,0.0,4.1563997,5.9004097,6.2301755,8.054566,9.612898,11.421769,15.263929,15.224223,22.83536,20.568789,27.543694,28.022343,30.724459,34.540707,33.842724,32.205994,28.353489,24.96776,26.637173,21.810751,24.475325,21.357567,17.509369,17.905304,14.597886,13.860191,12.499853,11.925251,14.985437,16.481968,21.09716,23.292263,24.638533,21.596325,22.251347,24.868128,28.245401,29.450657,26.79028,23.290848,28.200562,28.151485,32.285202,29.507647,25.395054,30.773182,28.603626,25.262547,27.179293,26.62965,25.67228,20.922516,23.175524,18.012053,21.01206,21.893852,22.609089,27.379831,24.257328,29.494883,28.964321,25.433084,21.150686,18.394272,15.544959,12.513382,7.636906,7.7043853,6.133826,6.5370536,9.829742,11.543474,13.462588,12.029099,12.455345,14.567256,17.191977,18.951668,23.326895,24.998629,28.556868,31.347425,29.51496,26.849987,26.73633,21.735943,22.244156,18.144047,19.215055
22,12.986054,10.060324,13.47889,13.0293865,12.554991,18.23015,18.89651,23.015797,24.205236,25.599752,30.789085,32.512196,34.699554,29.469084,25.080053,22.188932,18.605238,14.647197,10.272269,8.652476,4.735051,4.1563997,0.0,4.611672,7.004001,8.098329,11.563028,13.3246,17.765747,17.301382,25.359186,22.879765,29.926605,30.552885,32.871178,36.901367,35.79913,33.935104,30.32128,27.00658,28.407629,23.455854,26.446875,23.306427,18.710781,19.656397,15.202061,14.825448,12.300441,13.034093,16.428385,18.530886,22.818502,25.65468,26.363863,23.054281,24.501085,27.04179,30.585798,31.807339,29.113832,26.075317,31.264652,31.53093,35.59541,32.536903,28.86846,34.444927,32.2702,29.00121,31.059576,30.682913,29.659094,24.943123,27.189291,22.132696,24.942818,25.871325,26.608318,31.397028,28.34217,33.54367,33.015972,29.373968,25.138002,22.22297,19.607222,15.999905,11.400587,10.695807,7.715166,6.87189,10.064882,13.070689,15.076006,14.849223,15.96468,17.380854,20.59225,21.957855,26.768557,28.28716,31.996193,34.79531,32.916496,30.322266,29.711376,25.068007,25.175455,20.986982,21.961885
23,16.689516,13.432226,16.708435,14.993747,14.023988,20.091866,19.17896,23.640528,23.961874,25.300428,30.329939,31.549807,33.118687,27.473799,23.563206,20.398317,17.02906,13.082065,9.045887,7.712757,4.190225,5.9004097,4.611672,0.0,3.4998937,3.852711,8.211883,10.505799,14.89941,15.051843,22.751348,21.02513,27.725409,29.140083,31.112429,35.507774,34.56719,32.3178,29.033766,25.665617,26.15664,21.021849,23.633942,20.117887,15.459848,15.952197,11.303137,10.46867,7.7106147,9.130887,12.526207,14.732749,18.789825,21.970875,22.218105,18.782871,20.726404,23.283596,26.797243,28.196835,25.72335,22.888397,28.240679,28.882708,32.84851,29.721361,26.581507,32.370537,30.620224,27.561472,30.299913,30.088512,29.544327,24.731197,27.842653,22.625917,26.272871,26.843126,26.973093,31.591913,27.921043,32.775364,31.93257,27.914516,23.90973,20.664526,18.832045,13.93956,10.306327,9.22571,6.0315404,6.9653435,10.567216,13.921318,14.904848,14.268014,15.212145,15.557395,18.626738,19.181505,24.491158,25.550922,29.591717,32.55181,30.921755,28.635355,28.045244,24.021648,24.437378,20.643776,22.531881
24,19.244944,15.66965,18.280394,16.425581,14.691559,20.746735,19.248117,23.004818,23.259218,23.992598,29.118338,29.888075,31.46285,25.653862,22.155066,18.560093,15.643898,11.131539,8.799251,6.333711,5.3032703,6.2301755,7.004001,3.4998937,0.0,3.6535597,6.066267,9.308287,12.948815,14.137992,21.102325,20.109419,26.518946,28.224487,30.375921,34.744347,34.23699,32.013973,28.68789,25.248034,25.507439,20.39368,22.4337,18.627554,14.703024,14.099629,10.593104,8.304733,6.4613237,6.117737,9.455393,11.67587,15.820206,18.83626,19.432703,16.284231,17.993961,20.863115,24.003279,25.793903,23.621042,20.265575,25.396948,25.873434,29.952711,27.260345,23.882612,29.540312,28.218176,25.196005,28.151234,27.701525,27.541626,22.667366,26.040531,20.594646,24.57034,24.709457,24.423857,28.917002,25.079403,29.762316,28.992397,24.946873,21.033552,17.905264,16.15418,11.01791,7.7183414,6.172089,3.5474217,6.2043157,9.692216,12.403143,12.784874,11.489872,12.230593,12.213277,15.225446,15.7343,21.085281,22.28061,26.187798,29.099186,27.45754,25.220686,24.683481,20.800453,21.410036,17.849037,20.186739
25,18.966307,15.375226,18.208372,15.523039,14.139251,20.195448,17.992712,22.62527,22.208551,23.565193,28.335245,29.232323,30.318937,24.486385,20.90705,17.706259,14.526455,11.02697,7.492587,7.1111274,5.2470613,8.054566,8.098329,3.852711,3.6535597,0.0,5.091409,7.338584,11.612807,12.06404,19.401844,18.143064,24.529474,26.426535,28.163145,32.7475,31.952543,29.494328,26.43496,23.06886,22.976954,17.798609,20.13732,16.472675,11.871079,12.182391,7.54248,7.0484967,5.243769,7.311439,10.2713,11.769352,15.923077,18.984213,19.013515,15.371552,17.272257,19.625385,23.352226,24.536129,22.04458,19.516186,25.028996,26.001364,29.782057,26.397799,23.747734,29.703096,28.044744,25.187717,28.354475,28.442184,28.144522,23.400936,27.169409,22.137836,26.403067,26.957914,26.796696,31.202166,27.00023,31.546476,30.24784,25.959879,22.198505,18.629494,17.649273,11.931869,9.642095,9.201511,7.1932845,9.58429,13.141544,16.034773,16.404428,14.863961,15.095007,14.987498,17.197685,17.059761,22.501516,22.950499,27.40178,30.600006,29.3579,27.352407,27.268417,23.562807,24.541817,21.179749,23.660563
26,21.416908,17.399916,19.098993,15.965329,13.600082,19.250914,15.925971,19.665989,18.89474,19.622662,24.34366,24.75726,25.805784,19.85132,16.660444,13.057395,10.407273,6.72833,6.1452947,5.6567044,7.463825,9.612898,11.563028,8.211883,6.066267,5.091409,0.0,3.8858263,6.9210343,8.673252,15.064367,14.552084,20.612167,22.71467,24.743484,29.202341,28.971905,26.657564,23.481123,20.054514,19.87123,14.847045,16.493183,12.660187,9.385784,8.425307,6.4620404,5.5358567,7.2770205,6.89555,8.56443,8.2536125,13.0957365,15.115943,15.919903,12.529863,13.121167,15.495918,19.230131,20.252865,17.748444,14.716944,20.149158,21.014305,24.801798,21.519758,18.658731,24.616772,23.049952,20.258379,23.679512,23.82092,23.833195,19.164738,23.470993,18.625395,23.458506,23.901676,23.453592,27.571293,22.932716,27.206734,25.548103,21.134321,17.544495,13.80186,13.531419,7.3545623,6.96417,7.93396,8.357337,11.797449,15.094065,16.742754,16.66295,13.66351,12.66563,12.73429,13.419714,13.054521,18.146675,18.246313,22.918703,26.3101,25.412544,23.55726,24.373539,20.621147,22.385632,19.539185,22.435005
27,20.977848,16.935728,18.211578,14.325195,12.041138,17.211973,12.969338,17.321806,15.870534,17.241459,21.570301,22.263859,23.03803,17.254976,13.677283,10.704947,7.5706296,5.9388957,4.7477036,6.9524336,8.685209,11.421769,13.3246,10.505799,9.308287,7.338584,3.8858263,0.0,4.9440403,4.921286,12.269859,10.959088,17.313004,19.236856,21.122433,25.634224,25.201197,22.865244,19.696815,16.283634,16.237938,11.187857,13.348756,10.023715,6.41498,7.192384,5.5302973,7.87654,10.043494,10.615885,11.843398,10.428017,15.143743,16.4395,17.172606,13.6159525,13.3773575,14.8285055,19.289257,19.179523,16.016111,13.909495,19.553495,20.731337,24.11795,19.989805,17.689913,23.82152,21.504519,18.836685,22.178051,22.9792,22.635557,18.269613,22.802559,18.705967,23.643068,24.709005,24.61749,28.585125,23.744797,27.91255,25.66466,21.203602,17.79343,13.732296,14.2190075,8.628484,9.12849,11.221877,11.807839,15.018641,18.48914,20.025848,20.220644,16.89771,15.343909,15.973704,15.638572,15.120142,19.589684,18.971558,24.03154,27.664974,27.207802,25.49702,27.06766,23.157436,25.335018,22.60359,25.337477
28,25.264818,21.147362,21.699411,17.784325,15.008969,19.25381,14.025147,16.939487,14.778846,15.220721,19.10889,18.898838,19.230942,13.121255,10.62352,7.1020775,5.798025,5.84899,8.832568,10.154029,13.16776,15.263929,17.765747,14.89941,12.948815,11.612807,6.9210343,4.9440403,0.0,4.82492,8.22165,8.940238,14.0568905,16.683538,18.680948,23.089235,23.433052,21.167925,18.18072,14.898305,14.180331,9.755843,10.294422,6.705547,6.558561,4.820185,7.9870186,9.250177,12.914237,12.310031,12.170947,9.062159,13.34907,13.241402,14.577425,11.666502,9.689574,10.748511,15.181632,14.725378,11.601493,9.113552,14.703486,16.01832,19.228628,15.078911,12.976356,19.170156,17.158312,14.807261,18.75682,19.744236,19.996374,15.988604,21.211891,17.614058,23.01943,23.785913,23.2161,26.61983,21.329071,24.839598,22.080738,17.458483,14.659379,10.504421,12.554278,7.378236,10.553284,13.003143,14.769213,18.312384,21.411293,22.211931,21.88268,17.837822,15.486146,15.834426,13.850704,12.679133,16.33715,14.894707,20.231972,24.045841,24.135628,22.817438,25.250084,21.78527,24.629875,22.657526,25.780746
29,22.500183,18.567373,18.961033,14.486523,12.235017,16.019712,10.324239,14.730894,12.108137,14.06686,17.629265,18.470074,18.824694,13.375682,9.483272,7.702362,4.598933,7.128754,7.2813187,10.550339,12.58754,15.224223,17.301382,15.051843,14.137992,12.06404,8.673252,4.921286,4.82492,0.0,8.5289135,6.084219,12.712664,14.404204,16.240967,20.734737,20.30548,18.04254,14.818758,11.413912,11.611804,6.815556,9.39896,7.3422966,5.312397,7.690661,8.252358,11.935716,14.628336,15.2426605,15.902746,13.441553,17.771217,17.95467,18.86205,15.57437,14.02644,14.25701,19.19583,17.667162,13.815059,12.894628,18.30192,19.729404,22.491936,17.493109,15.940682,21.995152,18.817995,16.461115,19.662645,21.301641,20.660208,16.940758,21.733944,18.8049,23.79768,25.432869,25.608896,29.185757,24.149992,27.956076,24.99502,20.623472,17.694187,13.574051,15.131186,10.844182,12.505275,15.377121,16.460026,19.60737,23.065456,24.216642,24.505594,20.700443,18.491661,19.567085,17.999565,17.335976,20.775805,19.337568,24.624409,28.447792,28.563536,27.093016,29.618301,25.657734,28.367973,25.954033,28.590342
30,30.63772,26.722647,26.415955,22.050974,19.525053,21.821318,15.332815,17.105925,13.078228,13.538309,15.018496,13.94021,12.330914,6.4304066,6.439092,6.27528,8.2196455,12.31599,15.439411,17.67584,20.634136,22.83536,25.359186,22.751348,21.102325,19.401844,15.064367,12.269859,8.22165,8.5289135,0.0,5.783619,6.313618,10.308445,11.665912,15.982717,17.109674,14.896898,12.724886,10.310756,8.230294,6.8033967,4.2088566,4.7608542,9.658305,9.282651,13.995141,16.517302,20.442904,20.185417,19.38412,15.445833,18.225327,16.34183,17.57624,15.643453,11.902028,10.129745,14.669274,11.234336,7.05123,8.208999,12.195203,14.325889,15.742384,9.763686,10.579732,16.053652,13.117326,12.183914,16.252542,18.721355,19.053122,16.7374,22.235672,20.702776,25.978045,27.21608,26.72946,29.150623,23.657192,25.955193,21.974798,17.739397,16.555435,13.092406,16.907644,14.092484,18.025711,20.898916,22.946123,26.455467,29.536259,29.99827,29.61671,25.180481,22.244064,22.767008,19.30626,17.667196,19.273638,16.156683,21.487696,25.415522,26.679472,26.076283,29.865414,26.904892,30.4279,29.166609,32.266464
31,26.053846,22.370073,21.766996,17.212828,15.109933,16.787733,10.09519,13.166368,8.859095,11.220771,13.073344,13.904072,13.507615,8.971571,5.0758333,6.569545,5.974367,11.215396,12.633607,15.840459,18.22095,20.568789,22.879765,21.02513,20.109419,18.143064,14.552084,10.959088,8.940238,6.084219,5.783619,0.0,7.23302,8.350071,10.353685,14.678332,14.5940695,12.641304,9.266099,5.989975,6.9145613,4.6028533,6.4802413,7.652649,9.138503,11.355134,13.639828,17.425116,20.521778,20.89872,21.057858,17.850536,21.609035,20.586447,21.777689,19.099964,16.259998,15.189178,20.03658,16.93189,12.6543665,13.261224,17.556189,19.09516,20.859888,15.088861,14.658014,20.04131,15.857734,14.204777,16.981993,19.683846,18.78694,16.307987,21.132982,19.852993,24.651018,26.759672,27.138603,30.064913,24.980995,28.119932,24.396713,20.408978,18.361124,14.700386,17.3086,14.769521,17.2934,20.605246,22.18338,25.325891,28.689037,29.371824,29.664717,25.412806,22.632692,24.039263,21.315836,20.572369,22.651789,20.417591,25.597067,29.466698,30.245222,29.105223,32.640762,28.762775,31.993452,30.024858,32.555134
32,33.08197,29.504122,28.656757,24.15298,22.127348,22.932674,16.306187,17.64823,12.726576,13.991049,13.080826,12.344082,9.115832,6.371161,7.4066525,10.445828,12.257154,17.357975,19.701366,22.594416,25.219671,27.543694,29.926605,27.725409,26.518946,24.529474,20.612167,17.313004,14.0568905,12.712664,6.313618,7.23302,0.0,5.5574956,5.601439,9.901337,11.284683,9.315973,8.042124,7.2349486,5.0325427,8.033918,5.837149,9.754415,13.910362,15.047783,18.89587,22.352201,26.007738,26.21465,25.603281,21.731813,24.351604,22.25809,23.284748,21.47354,17.792675,15.28871,19.438526,14.737902,10.830636,13.748863,16.181408,18.254505,18.382763,12.015522,14.311521,18.34101,14.324862,14.348073,17.201653,20.675606,20.395533,19.355906,24.271194,24.160143,28.904898,30.792742,30.782974,32.825005,27.599136,29.503487,25.073647,21.499218,20.884645,17.94178,21.708206,19.85708,23.407175,26.594824,28.519058,31.874712,35.099598,35.552032,35.45013,30.94018,27.860264,28.817999,25.162174,23.752514,24.672894,21.328432,26.259262,30.054085,31.705782,31.25025,35.533367,32.44198,36.11405,34.86224,37.681435
33,31.698574,28.411957,26.784735,22.618454,20.809446,20.14981,14.057954,14.335914,9.359738,11.206833,8.940347,9.778156,7.954575,8.077294,7.2055097,11.595555,12.9574585,18.354198,20.387548,23.397497,26.019676,28.022343,30.552885,29.140083,28.224487,26.426535,22.71467,19.236856,16.683538,14.404204,10.308445,8.350071,5.5574956,0.0,4.5304255,6.713646,8.034559,7.9598117,4.983175,5.18538,7.808058,10.776052,10.587495,14.049066,17.02718,18.852755,21.846355,25.529068,28.826073,28.926702,28.775873,25.155222,28.401176,26.334114,27.860939,25.89279,22.140491,20.157608,24.218483,19.84021,15.994502,17.807123,19.994106,21.252842,21.537245,15.7924185,16.662674,20.064247,14.848512,14.602641,15.830711,19.710396,18.427517,18.12683,22.144157,23.10471,27.13449,29.725069,30.409712,32.40282,27.680721,29.846003,25.475765,22.493008,21.672346,19.100891,22.214602,21.562525,24.44541,28.047829,30.025965,33.097874,36.332638,36.502655,36.859688,32.256577,29.0293,30.825588,27.188738,26.584091,27.114407,24.378305,28.90429,32.549706,33.99807,33.212894,37.740395,33.959408,37.61208,36.11143,38.377136
34,34.009502,30.853756,29.641874,25.163595,23.743511,23.342958,17.123476,18.48921,13.418044,15.697779,13.266679,13.706134,10.416108,10.725,10.821298,14.798625,15.923649,21.33258,22.74861,26.135065,28.310137,30.724459,32.871178,31.112429,30.375921,28.163145,24.743484,21.122433,18.680948,16.240967,11.665912,10.353685,5.601439,4.5304255,0.0,5.2666006,5.7569585,4.277607,4.475197,6.386409,6.198153,10.875036,10.327663,14.559228,17.598225,19.838148,22.704834,26.877752,30.15235,30.809446,30.54496,26.887917,29.717796,27.822933,28.699999,26.67386,23.285233,20.72144,24.905464,19.950174,16.173351,19.34532,21.542156,23.435886,23.19738,17.032131,19.326881,22.700254,18.050722,18.250864,19.928509,23.82965,22.820108,22.456154,26.642853,27.374067,31.56323,34.05582,34.571888,36.569088,31.667738,33.63057,29.134481,25.986645,25.352156,22.57396,25.939384,24.489155,27.469532,30.854795,32.53047,35.669746,39.03944,39.59792,39.838898,35.391228,32.330116,33.697693,30.201454,29.088764,29.945662,26.74928,31.510862,35.23116,36.9008,36.34969,40.754135,37.333515,40.971012,39.494328,42.002934
35,36.99716,34.04082,32.231113,28.134089,26.759716,25.281315,19.732336,19.64089,15.035912,16.757101,12.682906,13.22877,10.012013,13.130159,13.799724,18.153345,19.653463,25.06304,26.818354,30.02338,32.420864,34.540707,36.901367,35.507774,34.744347,32.7475,29.202341,25.634224,23.089235,20.734737,15.982717,14.678332,9.901337,6.713646,5.2666006,0.0,4.4682665,6.663775,7.371631,10.138715,11.459246,15.962637,15.321099,19.455982,22.652136,24.679693,27.695026,31.682194,34.995014,35.355698,35.074867,31.325647,34.17026,31.856503,33.11386,31.372292,27.582674,25.01716,28.725168,23.663746,20.271574,23.148792,24.4296,25.853342,25.107454,19.576668,21.72854,23.940273,18.954613,19.655048,20.186659,24.364708,23.066795,23.777948,27.229921,29.063774,32.664326,35.416126,36.18625,37.71458,33.20903,34.759968,30.152079,27.696236,27.512844,25.326107,28.62189,28.191126,31.158691,34.74914,36.666977,39.72519,43.004147,43.20822,43.56635,38.937267,35.658405,37.393116,33.54553,32.74408,32.856514,29.736889,33.993546,37.4952,39.350258,38.85862,43.702415,40.16859,43.95167,42.640247,44.88412
