,0,1,2,3,4,5,6,7,8,9,10,11,12,13,14,15,16,17,18,19,20,21,22,23,24,25,26,27,28,29,30,31,32,33,34,35,36,37,38,39,40,41,42,43,44,45,46,47,48,49,50,51,52,53,54,55,56,57,58,59,60,61,62,63,64,65,66,67,68,69,70,71,72,73,74,75,76,77,78,79,80,81,82,83,84,85,86,87,88,89,90,91,92,93,94,95,96,97,98,99,100,101,102,103,104,105,106,107,108
0,0.0,4.1125026,6.559137,9.945045,12.300877,14.625559,17.608694,20.550095,24.120142,25.850578,29.764145,30.7174,31.515171,27.81431,29.066002,27.934458,25.509817,27.312075,23.172373,28.296246,27.198957,29.549469,29.23794,32.50533,35.504776,36.228836,34.848022,37.748043,35.627346,40.020367,34.86228,41.77797,38.379215,40.356155,37.24574,33.368282,32.365288,34.981438,32.168964,29.080006,29.468191,31.30345,28.280235,24.620241,27.514902,28.0917,21.664871,21.54393,24.357735,26.135054,30.126057,25.865557,30.33683,32.812725,33.36335,35.215057,33.302834,37.279808,39.107365,36.08027,37.16063,42.230732,45.542267,46.349514,42.229477,41.557533,46.73367,46.549107,41.7227,44.19564,47.50827,45.3007,41.896263,44.270714,40.375122,42.414448,38.928555,35.015896,34.179855,29.646662,26.850077,23.760868,22.35961,25.253227,27.193083,29.987705,32.106647,37.58917,39.388626,43.158127,45.0324,48.676804,51.741234,47.082092,44.91047,43.503754,39.430397,36.680843,34.6108,30.96915,27.187407,24.100834,24.38003,27.625137,27.266178,31.432102,33.433777,35.516724,38.670086
1,4.1125026,0.0,5.0684586,6.419702,9.098387,12.443634,14.436278,18.245356,21.299517,23.429829,27.22234,28.251907,28.668106,24.913464,25.649508,24.329933,21.696537,23.373852,19.08667,24.199326,23.169018,25.552229,25.476927,28.573965,31.507006,32.169403,30.881748,33.779274,31.798166,36.206406,31.312006,38.341976,35.23527,37.375015,34.0622,30.09355,29.461027,32.130283,28.979357,25.846453,26.769995,28.32861,24.984156,21.68512,24.985186,25.103407,18.440187,19.025558,22.09591,24.121185,27.603107,23.192656,28.153803,30.508432,30.647383,32.12461,30.059801,33.93016,36.117584,33.306103,33.91085,39.12662,42.319836,43.380226,39.278294,38.335598,43.38648,43.064358,38.18919,40.66873,43.816154,41.504025,38.153053,40.468422,36.70885,38.732655,35.22247,31.432758,30.618242,26.18797,23.29417,20.424135,18.583246,21.354269,23.301754,26.030201,28.130447,33.563885,35.344875,39.11943,40.971962,44.62043,47.66108,42.978634,40.80118,39.416866,35.332844,32.60384,30.539766,26.895733,23.144375,20.079609,20.444788,23.644293,23.587572,27.52419,29.736897,31.810934,35.091827
2,6.559137,5.0684586,0.0,5.4130073,6.41156,8.282667,11.426481,13.99132,17.65284,19.320658,23.213732,24.253036,25.19545,21.534607,23.432331,22.129171,20.271193,22.281338,19.198393,24.441498,24.293718,27.098751,27.48678,29.498491,32.205463,32.41475,30.33657,32.88254,30.288673,34.529037,28.97327,35.68552,32.006508,33.967907,31.1016,27.199205,26.007946,28.88898,26.332228,23.093138,23.429148,25.977615,22.948837,18.985104,22.219889,23.699104,17.239927,16.76247,20.42955,21.61807,25.590452,22.497272,26.940063,28.769243,29.611563,31.4127,28.862047,32.99566,35.055325,31.42011,32.152374,37.416,40.514175,41.24379,36.81406,36.012867,41.298027,40.96895,36.369785,39.30303,42.414894,40.128872,37.057808,40.006783,36.062096,38.690453,35.434414,31.363617,31.402008,26.536453,24.268745,21.963486,19.864105,21.937569,22.964191,26.586628,27.594118,33.49947,34.901093,38.75972,40.456398,44.157585,47.232548,42.92984,41.17069,39.658745,36.090405,32.798454,31.564903,27.124884,24.089373,21.326347,20.795795,23.752026,22.625307,26.535446,28.287998,29.992094,33.06652
3,9.945045,6.419702,5.4130073,0.0,3.81253,7.3996935,8.608018,13.017184,15.369645,18.16013,21.629475,23.06513,23.3772,19.658121,20.649832,18.496021,16.31748,17.648909,14.451542,19.30156,18.995777,21.919188,22.271278,24.094065,26.833122,27.155682,25.228794,28.004622,25.72593,30.153828,25.019268,32.050457,29.158186,31.124979,27.673561,23.760103,23.222437,25.815363,22.571526,19.436779,20.559244,22.140356,18.681656,15.42143,19.07975,19.406483,12.633908,13.440527,17.131855,18.969042,22.044136,18.360613,23.485405,25.336956,25.46239,26.780464,24.251307,28.210468,30.62207,27.524239,27.783424,33.138634,36.197277,37.28649,33.060123,31.99509,37.073433,36.714146,31.906792,34.59408,37.687984,35.406086,32.154537,34.843914,30.993063,33.449966,30.129717,26.174444,26.112045,21.37068,19.004253,16.935963,14.53181,16.526426,17.710512,21.191477,22.489298,28.269728,29.875738,33.67202,35.550114,39.176785,42.367115,38.08656,36.239357,34.94964,31.06652,28.161198,26.684494,22.515736,19.544666,16.854567,16.833584,19.585215,19.395296,22.469725,24.880598,26.38587,29.844086
4,12.300877,9.098387,6.41156,3.81253,0.0,5.4847536,5.3548923,9.735912,12.302951,14.647188,18.28284,19.455282,19.79856,16.064121,17.469728,15.770644,13.948824,15.985631,13.541115,18.76613,19.409595,22.419003,23.568092,24.556469,26.924204,26.7213,24.396204,26.687063,24.016863,28.18525,22.796263,29.59908,26.17519,28.44189,25.411077,21.300318,20.63308,23.81068,20.859112,17.413702,18.699274,21.241999,17.68818,14.221661,18.342714,19.60643,13.023523,13.558514,17.927254,19.084406,22.085516,19.568716,24.496357,25.760483,26.123924,27.296333,24.199614,28.191088,30.890581,27.316729,27.095417,32.64995,35.43176,36.498665,31.955866,30.656746,35.795006,35.16272,30.62321,33.82832,36.55583,34.050922,31.273272,34.435753,30.709879,33.604073,30.471777,26.57601,27.12019,22.3823,20.372744,18.990866,15.963492,17.124872,17.456673,21.443077,21.651432,27.694757,28.804455,32.71589,34.25293,37.994427,41.012833,36.848827,35.305237,33.754665,30.510553,26.938053,26.243023,21.365946,18.952194,16.583084,15.557219,18.144892,16.920813,20.310383,22.19817,23.687435,26.906105
5,14.625559,12.443634,8.282667,7.3996935,5.4847536,0.0,6.034089,6.7622046,10.111819,12.408891,15.833998,17.633438,18.997717,15.600929,18.893686,16.443321,16.083803,17.609474,17.053654,21.393335,22.412878,25.773655,26.600208,26.701292,28.987242,28.638924,25.41571,27.549456,24.263248,28.317192,22.036709,28.38142,24.647333,26.05276,23.32342,19.704584,18.024675,20.796362,18.744463,15.584706,15.320331,18.720007,16.127548,11.592498,14.885918,17.874826,12.283635,10.6824045,15.233665,15.3345785,19.17338,18.16386,21.981833,22.823532,24.21902,26.117052,22.899948,27.194876,29.203362,24.731041,25.340425,30.602613,33.497433,33.952606,29.23922,28.531565,33.97702,33.70807,29.431248,32.774338,35.866722,33.772095,30.971003,34.643364,30.515749,33.8951,31.118618,26.805094,28.145596,22.933926,21.830692,20.750355,18.454842,19.17769,18.68925,23.415403,22.865482,29.152725,30.149334,33.92291,35.591652,39.17384,42.4404,38.93844,37.800648,36.434483,33.377537,29.84492,29.653996,24.576006,22.95444,20.950092,19.745605,21.803736,20.063875,22.572212,24.220304,24.828156,27.917683
6,17.608694,14.436278,11.426481,8.608018,5.3548923,6.034089,0.0,6.0568123,7.2166133,10.04878,13.313104,14.702727,14.854077,11.198335,13.170088,10.91492,10.142786,12.291199,11.963877,16.595556,18.447811,21.65953,23.509405,23.022243,24.873823,24.057434,21.021336,22.768114,19.605387,23.52113,17.803087,24.402334,20.820457,23.197134,20.346743,16.12359,15.536849,19.129938,16.322155,12.653053,14.428539,17.661364,14.033246,10.792484,15.442936,17.432386,11.689791,12.263613,17.069618,17.537466,19.820705,18.833122,23.448631,23.884626,24.302517,25.142965,21.4077,25.310627,28.344212,24.391737,23.460571,29.157797,31.575312,32.677673,27.893505,26.29212,31.410025,30.538145,26.290298,29.982891,32.351757,29.7295,27.418455,31.125502,27.521584,30.952599,28.171362,24.363365,25.821684,21.163673,19.907,19.622509,16.182678,16.041906,15.035507,19.694021,18.403242,24.677301,25.259943,29.178745,30.475367,34.219536,37.20167,33.4753,32.40424,30.800213,28.202642,24.191233,24.496271,19.003002,17.82033,16.22505,14.3566265,16.120409,14.12334,16.633995,18.25386,19.125923,22.300102
7,20.550095,18.245356,13.99132,13.017184,9.735912,6.7622046,6.0568123,0.0,4.8635254,5.669158,9.310709,10.900873,12.664435,9.626473,14.50855,12.693078,13.838563,16.014238,17.385355,21.385115,23.763458,27.075108,28.943289,27.68328,29.24625,28.05459,24.211143,25.33631,21.42788,24.741081,18.123272,23.61723,18.913036,20.729385,18.989939,15.243389,13.151514,17.085724,15.926349,12.486319,12.4288,17.65494,15.259461,11.132137,14.77442,19.085285,14.781377,13.30287,18.114948,17.0981,20.050863,21.11966,24.421436,24.1251,25.691193,27.112488,23.088627,27.133282,29.59713,24.557297,24.127813,29.49943,31.738005,32.16313,27.009731,25.850834,31.216887,30.453562,26.865133,31.050516,33.38171,30.998283,29.165136,33.57559,29.816814,33.844173,31.529135,27.529055,29.826168,24.94135,24.468958,24.45016,21.47771,20.960728,19.143105,24.27888,21.899572,28.222208,28.316238,32.08125,33.14466,36.766636,39.714558,36.66229,36.15043,34.485527,32.586987,28.232595,29.379648,23.550827,23.16093,21.91495,19.522963,20.840908,17.657438,19.818752,20.421938,20.52378,23.024221
8,24.120142,21.299517,17.65284,15.369645,12.302951,10.111819,7.2166133,4.8635254,0.0,4.8315244,6.6049943,9.110284,10.013316,7.3816743,11.965666,8.889688,11.209879,12.650936,15.699185,18.597223,21.584702,24.888542,27.065935,24.80019,25.9519,24.42246,20.194887,20.96252,16.848993,20.011177,13.281964,18.837673,14.560431,16.435093,14.336434,10.414243,8.793462,13.05178,11.582476,8.015545,9.088271,14.259884,11.731064,8.696567,12.69497,16.679817,13.445455,12.777815,17.348803,16.296383,17.921047,19.760334,23.011948,22.166622,23.284899,24.136654,19.765102,23.51033,26.368595,21.487232,20.179585,25.645489,27.55942,28.245157,23.061922,21.474203,26.693863,25.730118,22.24482,26.648472,28.69438,26.250193,24.679607,29.310486,25.747381,30.006247,27.96869,24.21279,27.03927,22.497726,22.546968,23.339172,20.224768,18.833921,16.183332,21.425425,18.115524,24.310946,24.118336,27.76811,28.767012,32.295277,35.28408,32.602684,32.37485,30.855438,29.243156,24.96822,26.616428,20.80883,21.330324,20.689402,18.260506,18.80353,15.907382,16.573566,17.35654,16.6656,19.35948
9,25.850578,23.429829,19.320658,18.16013,14.647188,12.408891,10.04878,5.669158,4.8315244,0.0,4.2166524,5.245507,7.546408,5.553973,12.008085,11.151177,13.706707,16.12973,18.973717,22.326067,25.618273,28.733816,31.319485,29.065948,29.981567,28.134834,23.966784,24.115307,19.862188,22.24728,15.736401,20.00586,14.370255,16.746666,16.204992,12.575988,10.382999,15.311269,15.084527,11.858272,12.266727,18.305998,16.255968,13.259855,16.660309,21.330751,18.194971,17.088114,21.658617,20.118055,22.103962,24.433733,27.33914,26.266335,27.773726,28.697124,24.23665,27.841938,30.647089,25.460247,24.068752,29.319574,30.8812,31.340826,26.000082,24.388512,29.438395,28.186083,25.365963,30.16012,31.689781,29.0759,28.209517,33.09791,29.812704,34.229347,32.353157,28.780752,31.708738,27.283632,27.257774,27.971884,24.656975,23.307636,20.643652,25.734053,22.008272,28.005224,27.294817,30.916758,31.39309,34.96084,37.551537,34.96742,35.0266,33.148983,32.318157,27.42279,29.678213,23.512318,24.199808,23.641954,20.529015,21.085693,16.944798,18.459755,17.983044,17.48683,19.235231
10,29.764145,27.22234,23.213732,21.629475,18.28284,15.833998,13.313104,9.310709,6.6049943,4.2166524,0.0,3.7784567,6.285447,6.3858905,12.609928,11.274948,14.889746,16.581556,20.687359,23.027348,26.709671,29.777903,32.479244,29.38917,29.906532,27.753284,23.18789,22.777637,18.29083,20.024334,13.481748,16.607357,10.666035,12.743736,12.96958,9.959065,7.4157295,12.535236,13.252094,10.720373,10.958524,17.17048,15.796086,13.687149,16.424452,21.322546,19.463097,18.350393,22.478334,20.525595,21.714453,25.130047,27.456627,25.77583,27.330517,28.02423,23.409235,26.663258,29.4339,24.135029,22.318556,27.250065,28.382006,28.726126,23.353199,21.634039,26.467417,25.096348,22.86182,27.91382,29.105814,26.618555,26.263773,31.473938,28.392506,33.087265,31.647247,28.297623,31.788982,27.649557,28.194944,29.45378,26.276215,24.369608,21.104446,26.16338,21.628824,27.255495,26.154196,29.493525,29.79532,33.142258,35.693142,33.753082,34.258392,32.519485,32.173252,27.372389,30.191372,24.15508,25.640978,25.548893,22.445826,22.379093,18.384346,18.576931,17.851677,16.351366,17.74476
11,30.7174,28.251907,24.253036,23.06513,19.455282,17.633438,14.702727,10.900873,9.110284,5.245507,3.7784567,0.0,4.171055,5.372721,11.665135,12.210174,15.509329,17.999435,21.657509,24.43553,28.318624,31.164202,34.29614,31.371527,31.727173,29.365862,25.136126,24.368856,20.055838,21.330582,15.50083,18.032356,11.497115,14.604346,15.60342,12.514827,10.713337,15.940955,16.562422,13.908672,14.706752,20.755375,19.052158,17.05644,20.106127,24.742313,22.39103,21.584375,25.910645,24.117445,25.397842,28.452303,31.077154,29.497448,30.894123,31.38904,26.726894,29.84629,32.8918,27.77153,25.601635,30.574417,31.468943,31.9758,26.643585,24.639048,29.168375,27.428518,25.477888,30.684721,31.364681,28.554327,28.676937,33.840096,31.098503,35.718323,34.234444,31.128124,34.441933,30.486052,30.729624,31.922468,28.388859,26.518185,23.38338,28.201435,23.559286,29.014318,27.574312,30.963856,30.817333,34.26851,36.407936,34.279087,34.87062,32.787453,33.011276,27.710411,30.897877,24.640556,26.164957,26.157135,22.572302,22.508804,17.735605,18.676708,17.039562,16.02963,16.682577
12,31.515171,28.668106,25.19545,23.3772,19.79856,18.997717,14.854077,12.664435,10.013316,7.546408,6.285447,4.171055,0.0,3.7706046,8.141023,9.630198,12.946698,15.587947,19.436905,21.902918,26.099916,28.656826,32.23702,29.112217,29.155966,26.551462,22.660826,21.532345,17.49923,18.475163,13.515828,16.170322,10.013698,14.4028015,15.008819,11.494894,11.229205,16.566608,16.314634,13.588159,15.852012,21.010864,18.725248,17.644636,21.213753,24.805134,22.3619,22.5306,26.841064,25.568974,26.163473,28.693933,31.839931,30.334734,31.03158,30.913692,26.197344,28.960497,32.57563,28.081484,25.052818,30.198568,30.830973,31.88298,26.724094,24.097057,28.232079,26.056242,24.073517,29.321627,29.471062,26.261965,26.73298,31.71296,29.42304,33.875553,32.381393,29.710266,32.885323,29.405611,29.50264,30.98401,27.114405,24.930336,21.71479,26.105091,21.176325,26.28345,24.53415,27.940321,27.477636,31.021551,32.905396,30.576586,31.2102,28.968353,29.593279,24.06313,27.618233,21.363903,23.311539,23.685024,19.9002,19.410175,14.541474,15.097277,13.036107,12.082088,12.607597
13,27.81431,24.913464,21.534607,19.658121,16.064121,15.600929,11.198335,9.626473,7.3816743,5.553973,6.3858905,5.372721,3.7706046,0.0,6.7679515,7.7839026,10.401705,13.513047,16.574133,19.750402,23.61925,26.313807,29.692648,27.158155,27.597588,25.328077,21.627708,21.179817,17.251925,19.145452,13.768286,17.956089,12.457314,16.44544,15.91517,11.767161,11.44884,16.78858,15.711729,12.391556,14.869788,19.876177,17.06063,15.469508,19.537207,22.851372,19.591272,19.916393,24.457617,23.550978,24.544413,26.288078,29.872557,28.804934,29.404072,29.45481,24.847864,27.93504,31.555655,27.143353,24.480436,29.940004,31.033472,32.170082,26.99805,24.519663,29.005186,27.090282,24.401531,29.377726,30.058687,26.86512,26.630144,31.352676,28.741423,32.99118,31.123087,28.18331,30.95877,27.210236,26.941141,28.073074,24.145952,22.322058,19.500921,24.021896,19.76886,25.333828,24.09589,27.770287,27.705294,31.420727,33.566753,30.702385,30.857952,28.657106,28.528173,23.114977,25.99802,19.644896,20.910751,20.888351,17.211908,17.231222,12.475518,13.959014,12.717743,12.586349,14.084797
14,29.066002,25.649508,23.432331,20.649832,17.469728,18.893686,13.170088,14.50855,11.965666,12.008085,12.609928,11.665135,8.141023,6.7679515,0.0,5.975098,6.7407002,10.459418,12.921252,15.766014,19.981499,22.011501,26.195469,23.70675,23.713366,21.193953,18.579351,17.826172,14.944166,16.630922,13.492031,18.065456,14.299677,19.175455,17.855936,13.544532,15.260578,20.063375,17.644869,14.500805,18.702667,21.955147,18.270298,18.119755,22.706924,24.084375,20.540844,22.499926,26.801626,26.841698,26.913439,27.421743,31.865847,31.115631,30.555437,29.652185,25.224874,27.684002,32.130394,28.932196,25.183674,30.785385,31.594034,33.57919,28.866777,25.623835,29.389935,26.95821,24.05858,28.72589,28.685163,24.907064,24.970848,29.013144,27.189266,30.865698,28.829157,26.69166,28.871931,26.038254,25.278646,26.722095,22.248547,20.099125,17.566319,20.958248,16.776146,21.590927,20.058111,23.822329,23.321238,27.244993,28.950045,25.337152,25.24476,22.698362,22.984715,17.102928,20.354504,13.960543,15.724901,16.366667,12.290275,11.561987,6.4979615,8.0535755,6.2976146,7.841697,9.830069
15,27.934458,24.329933,22.129171,18.496021,15.770644,16.443321,10.91492,12.693078,8.889688,11.151177,11.274948,12.210174,9.630198,7.7839026,5.975098,0.0,4.492063,5.958137,10.669163,12.333506,16.539503,19.166622,22.666452,19.560951,19.830435,17.5623,14.024069,13.977529,10.513902,13.442049,8.950051,15.167109,12.586611,16.32616,13.587624,9.068258,11.262938,15.339458,12.123743,8.988727,13.780746,16.161583,12.354819,12.817412,17.314503,18.23777,15.348223,17.514124,21.459444,21.61306,21.158741,21.856714,26.134012,25.304987,24.611267,23.73095,19.270884,21.873543,26.203478,23.04628,19.41175,25.123335,26.257011,28.218517,23.570076,20.500261,24.616966,22.64775,19.112005,23.577244,24.311394,20.925467,20.12747,24.325932,21.91878,25.799654,23.764109,21.211128,23.781702,20.648993,20.40955,22.189503,18.13322,15.591521,12.441293,16.546894,12.076328,17.649723,16.730722,20.57245,20.978851,24.783716,27.338808,24.148552,23.939518,22.14663,21.216997,16.402025,18.932186,12.898695,14.800752,15.33896,12.475333,11.624256,9.278194,7.8237367,9.150708,8.5143385,12.070461
16,25.509817,21.696537,20.271193,16.31748,13.948824,16.083803,10.142786,13.838563,11.209879,13.706707,14.889746,15.509329,12.946698,10.401705,6.7407002,4.492063,0.0,4.692545,6.5952883,9.72522,13.574175,16.006695,19.75289,17.701439,18.325945,16.475168,14.123099,14.838538,12.502421,15.855267,12.588513,19.073164,16.986855,20.760351,17.678892,13.245089,15.3814745,19.144466,15.317796,12.118449,16.877794,18.474054,14.06862,14.3949795,19.263222,19.078234,14.994461,18.034498,21.997107,22.93038,22.699785,21.847586,26.916977,26.755953,25.55327,24.514587,20.467222,23.059435,27.580017,25.072348,21.618317,27.426836,28.837519,31.084076,26.711962,23.671425,27.648035,25.757032,21.781925,25.664577,26.534718,23.044098,21.769388,25.181246,22.89438,26.11354,23.568579,21.163918,22.759476,19.80864,18.67948,20.036232,15.522316,13.441386,11.3572645,14.766478,11.746793,17.226307,16.867989,20.899939,21.459969,25.414406,27.86858,23.793013,22.889072,20.954138,19.321045,14.490109,16.098658,9.903266,10.76447,11.010203,8.047264,7.695937,6.2625575,6.5052824,9.00802,10.245187,13.961162
17,27.312075,23.373852,22.281338,17.648909,15.985631,17.609474,12.291199,16.014238,12.650936,16.12973,16.581556,17.999435,15.587947,13.513047,10.459418,5.958137,4.692545,0.0,6.6274266,6.4918365,10.699824,13.39241,16.793184,13.697066,14.233758,12.4392185,9.622865,10.988049,9.014272,13.127168,10.430221,17.373158,16.920305,19.879333,15.869759,12.0009775,14.850732,17.443998,12.901402,10.48709,15.683284,15.603726,11.129572,12.951886,17.364607,15.877216,12.910584,16.666248,19.87911,21.145727,19.896265,18.946209,23.951239,23.708645,21.887844,20.34676,16.431828,18.667631,23.415775,21.580105,17.734453,23.454851,24.897047,27.429842,23.4538,20.327438,24.06577,22.387375,18.009521,21.434435,22.582663,19.304594,17.46378,20.657698,18.275394,21.429539,18.91012,16.584623,18.426617,15.779734,15.158171,17.254467,13.102232,10.131248,7.2189174,10.698739,7.1382732,12.974214,13.10351,17.10476,18.309792,22.098337,25.07398,21.329256,20.36817,19.096628,16.664429,12.972968,14.137939,8.886441,10.540921,11.272035,10.001044,8.841804,10.058897,7.0729,11.04851,10.884415,15.11481
18,23.172373,19.08667,19.198393,14.451542,13.541115,17.053654,11.963877,17.385355,15.699185,18.973717,20.687359,21.657509,19.436905,16.574133,12.921252,10.669163,6.5952883,6.6274266,0.0,6.2317457,8.2045965,10.558491,14.014745,13.740102,15.207889,14.548096,13.905825,16.074682,15.257426,19.229795,17.035606,23.939379,22.965927,26.18651,22.276743,18.209723,20.406557,23.218311,18.619806,15.841205,20.363031,20.270689,15.5549345,16.199001,20.880644,18.723452,13.83014,18.118917,21.41909,23.535345,23.180592,20.146498,26.044426,26.808546,24.749918,23.462051,20.322174,22.730448,27.24152,25.895739,22.895027,28.544567,30.421616,32.983257,29.205086,26.40405,30.161331,28.679405,24.04779,26.8027,28.224073,25.010017,22.707531,24.839813,22.54054,24.664383,21.460363,19.223955,19.299646,16.733252,14.414617,15.200241,10.35184,9.122869,9.281824,11.091276,11.260186,16.102495,17.090202,20.995058,22.282589,26.080435,28.754868,23.947468,22.007572,20.526033,17.062546,13.71856,12.763936,8.079218,6.1020565,5.23018,5.106321,6.0769176,9.232849,9.749097,13.605088,15.4029,19.28938
19,28.296246,24.199326,24.441498,19.30156,18.76613,21.393335,16.595556,21.385115,18.597223,22.326067,23.027348,24.43553,21.902918,19.750402,15.766014,12.333506,9.72522,6.4918365,6.2317457,0.0,4.808772,6.973946,10.842631,8.249989,9.113611,8.369451,8.499231,11.221689,11.842677,15.778639,15.37554,21.85091,22.722122,25.391998,20.927383,17.708973,20.798325,22.496851,17.509588,15.853638,20.787848,18.934708,14.564337,17.093704,21.014095,17.340889,14.519511,19.41273,21.666803,23.98963,22.142193,19.283262,24.85936,25.329632,22.308561,19.970114,17.205328,18.5789,23.564024,23.458866,19.594774,24.804825,26.350561,29.444185,26.365526,23.263407,26.216814,24.742926,20.040426,22.060856,23.254894,20.16571,17.621098,19.033237,17.256634,18.929817,15.823811,14.435467,14.586565,13.362439,11.788725,14.110322,9.978541,6.878843,6.286277,5.914368,6.2329392,10.030165,11.605605,15.283141,17.114029,20.653902,23.6913,19.170622,17.139717,16.453644,12.125376,10.404611,9.0213175,6.3246145,7.0077057,8.241393,9.622888,8.2673855,12.886316,9.799094,14.565119,15.099731,19.210459
20,27.198957,23.169018,24.293718,18.995777,19.409595,22.412878,18.447811,23.763458,21.584702,25.618273,26.709671,28.318624,26.099916,23.61925,19.981499,16.539503,13.574175,10.699824,8.2045965,4.808772,0.0,3.6563575,6.2282963,6.2900524,8.672738,9.870076,11.326219,14.81782,15.930436,19.979128,19.526995,26.103252,27.153793,29.437664,24.66516,21.62967,24.382065,25.609158,20.481426,19.00307,23.390387,20.764076,16.57952,18.863884,22.40448,17.672781,14.603804,19.849218,21.440418,24.477573,22.72243,18.33156,24.238554,25.434938,21.957195,19.664288,17.88899,19.158518,23.708807,24.385027,21.320507,26.162088,28.134317,31.210253,28.575422,25.918932,28.804777,27.804968,22.824175,23.930414,25.736645,23.152643,19.844011,20.206482,18.274698,18.899408,15.291043,13.947994,12.410065,11.613305,8.871053,10.652675,6.9289412,5.071903,7.5431185,4.820338,9.435502,11.90381,14.600443,17.691307,20.078262,23.202028,26.372454,21.723812,19.071827,18.92211,13.317422,13.432198,9.860387,9.680838,8.164132,8.321569,11.60515,11.248736,16.449007,14.374433,19.073032,19.88882,23.97053
21,29.549469,25.552229,27.098751,21.919188,22.419003,25.773655,21.65953,27.075108,24.888542,28.733816,29.777903,31.164202,28.656826,26.313807,22.011501,19.166622,16.006695,13.39241,10.558491,6.973946,3.6563575,0.0,5.3680587,6.5630026,8.216192,9.78869,12.855172,15.959729,17.892357,21.438726,22.022894,28.191618,29.602129,32.09955,27.421707,24.493206,27.514519,28.75766,23.63744,22.280684,26.842203,24.067978,19.985365,22.47473,25.966171,21.002254,18.211811,23.47276,24.900408,28.030815,26.067812,21.523794,27.33774,28.585575,24.785276,22.109709,20.705128,21.40048,26.044022,27.335169,23.971445,28.50433,30.211905,33.55769,31.244799,28.399136,30.781536,29.610985,24.841879,25.592861,26.918041,24.254707,21.241806,20.825981,19.685059,19.552185,16.039124,15.737198,13.475819,14.02124,11.261008,12.916899,9.828586,8.535547,10.88154,6.919759,11.522575,12.231782,14.908954,17.563171,19.756182,22.67332,25.493008,20.456738,17.338264,17.35224,11.280128,12.512978,7.6919055,9.77644,8.178569,8.936436,12.66675,11.987063,17.813864,15.635764,20.218695,21.319153,25.172602
22,29.23794,25.476927,27.48678,22.271278,23.568092,26.600208,23.509405,28.943289,27.065935,31.319485,32.479244,34.29614,32.23702,29.692648,26.195469,22.666452,19.75289,16.793184,14.014745,10.842631,6.2282963,5.3680587,0.0,6.7187614,9.668537,12.590752,15.281156,19.05998,20.91314,24.777897,24.861399,31.17667,32.84908,34.671997,29.621134,27.033552,29.689241,30.222742,25.081251,24.091448,27.97744,24.332653,20.721651,23.121252,25.915699,20.067251,17.762272,22.965221,23.457258,27.100407,25.063229,19.440119,25.10978,26.945547,22.80633,20.30847,19.979746,20.571213,24.477154,26.477757,24.083508,28.092419,30.272554,33.428185,31.59777,29.353086,31.753773,31.225225,26.19632,26.074862,28.27126,26.326077,22.44779,21.343187,19.71153,18.777252,15.001461,14.460604,10.728236,11.70204,8.448025,9.518444,8.446417,8.555681,12.108554,7.838485,14.131266,14.619331,18.113398,20.258339,23.144161,25.577724,28.812456,24.332134,21.187458,21.844013,15.329803,17.61763,12.694678,14.982287,12.994112,12.809424,16.91999,16.835075,22.366308,20.37312,25.067312,25.837898,29.861713
23,32.50533,28.573965,29.498491,24.094065,24.556469,26.701292,23.022243,27.68328,24.80019,29.065948,29.38917,31.371527,29.112217,27.158155,23.70675,19.560951,17.701439,13.697066,13.740102,8.249989,6.2900524,6.5630026,6.7187614,0.0,3.5950122,6.5826654,9.089112,12.898043,15.242335,18.801832,19.719534,25.409496,27.99544,29.495605,24.421936,22.42401,25.573301,25.63493,20.569244,20.247063,24.463253,20.332262,17.051012,20.630081,23.134232,17.300678,16.700975,21.81388,22.27691,25.29133,22.200918,18.32652,23.351038,24.203136,19.859169,16.508781,15.632509,15.487607,20.144169,22.326933,18.806684,22.711176,24.38366,27.853107,26.168571,23.532616,25.464123,24.758093,19.90192,19.767715,21.606571,19.63833,15.848384,14.898476,13.510164,13.084193,9.489655,9.550196,7.657104,9.450818,8.523143,11.9328575,10.436917,7.7306275,8.784612,3.4114773,8.702537,8.150262,11.946062,13.949383,17.189188,19.536625,23.18471,19.461061,16.9649,18.014477,11.912908,14.402243,11.080308,12.915318,13.29899,14.293882,17.191202,15.9630165,21.078896,17.276121,22.023323,21.752077,25.745218
24,35.504776,31.507006,32.205463,26.833122,26.924204,28.987242,24.873823,29.24625,25.9519,29.981567,29.906532,31.727173,29.155966,27.597588,23.713366,19.830435,18.325945,14.233758,15.207889,9.113611,8.672738,8.216192,9.668537,3.5950122,0.0,3.7141871,7.7890406,10.835255,14.069952,16.9109,19.100887,24.061548,27.253202,28.859352,23.994583,22.300068,25.856226,25.88453,20.98462,20.93457,25.446625,21.363459,18.276556,22.298727,24.775331,19.248417,19.223412,24.185965,24.760933,27.428774,23.94672,20.966618,25.593418,25.96673,21.58816,17.799397,16.715733,15.88226,20.878273,23.289362,18.963219,22.590473,23.66098,27.447796,25.977955,22.937,24.22269,23.155245,18.71193,18.522228,19.509026,17.313957,14.136745,12.790232,12.514301,11.950189,9.010959,10.446532,9.566164,12.093325,11.908079,15.486183,13.777489,10.668654,10.570105,5.8300633,8.361674,5.3495193,9.110872,10.665071,13.876783,16.073307,19.656631,16.069298,13.700091,15.096275,9.239242,12.49812,9.917371,12.44486,14.015127,15.713505,18.111416,16.231577,21.28819,16.648506,21.19994,20.61308,24.354109
25,36.228836,32.169403,32.41475,27.155682,26.7213,28.638924,24.057434,28.05459,24.42246,28.134834,27.753284,29.365862,26.551462,25.328077,21.193953,17.5623,16.475168,12.4392185,14.548096,8.369451,9.870076,9.78869,12.590752,6.5826654,3.7141871,0.0,5.439981,7.5286946,11.142813,13.556528,16.431688,21.017622,24.295124,26.204243,21.639517,19.940044,23.787994,24.133472,19.41205,19.324934,24.175192,20.682594,17.526686,21.675888,24.396894,19.671604,19.651873,24.390965,25.458067,27.652615,24.179098,22.195127,26.68134,26.563438,22.579739,18.840754,16.947783,16.20231,21.543636,23.289822,18.273338,22.175333,22.800917,26.654978,24.843307,21.359724,22.565868,20.981876,16.840996,17.459291,17.658615,14.835334,12.533436,12.182277,12.299844,12.847377,10.607182,11.838477,12.395514,14.083386,14.219375,17.853724,15.450094,11.8543005,10.520525,7.24433,6.5059237,2.6243732,5.605136,7.91158,10.716622,13.454817,16.968079,13.331113,11.482147,12.501197,7.762557,9.882264,9.079217,10.576287,13.391162,15.576163,17.086296,14.67933,19.232958,13.904331,18.222809,17.323565,20.9147
26,34.848022,30.881748,30.33657,25.228794,24.396204,25.41571,21.021336,24.211143,20.194887,23.966784,23.18789,25.136126,22.660826,21.627708,18.579351,14.024069,14.123099,9.622865,13.905825,8.499231,11.326219,12.855172,15.281156,9.089112,7.7890406,5.439981,0.0,4.310369,6.409539,9.828552,11.41465,16.408718,19.626204,21.082237,16.317211,14.809169,18.610632,18.70848,14.062688,14.288605,19.042713,15.688564,12.75662,17.209122,19.71025,15.767047,16.450766,20.606695,21.842318,23.43941,19.875566,19.246506,23.257776,22.567795,19.192654,15.839221,12.940987,12.771891,18.235317,18.875511,13.562894,18.055372,18.797028,22.351248,19.934381,16.389668,18.332539,16.813068,12.267079,13.962635,14.769996,11.886961,9.200675,11.218309,9.817046,12.488604,10.644383,10.171288,12.820277,12.763644,13.886586,17.66691,15.221035,11.182427,7.999179,7.8045745,2.7984,4.2637196,5.5845838,8.752745,11.507335,14.479279,18.411924,15.898763,15.192213,15.669849,12.485064,12.303519,13.065434,11.820695,14.9108305,16.676811,17.258625,15.031552,18.20342,12.591326,16.693708,14.834551,18.643675
27,37.748043,33.779274,32.88254,28.004622,26.687063,27.549456,22.768114,25.33631,20.96252,24.115307,22.777637,24.368856,21.532345,21.179817,17.826172,13.977529,14.838538,10.988049,16.074682,11.221689,14.81782,15.959729,19.05998,12.898043,10.835255,7.5286946,4.310369,0.0,4.6152964,6.0792165,10.049826,13.571173,17.438126,19.226435,15.138763,14.037116,18.257988,18.615988,14.651309,15.060916,19.953833,17.407598,14.883918,19.26122,21.755396,18.834917,19.715784,23.414562,24.960882,26.004765,22.413256,22.84778,26.42349,25.209906,22.229528,18.89214,15.693644,15.1827,20.561441,20.832579,14.877975,19.01318,18.876293,22.521526,20.045328,15.946343,17.214712,14.86998,11.330471,13.863011,13.0792675,9.320052,8.774449,11.585024,11.426475,14.451123,13.57597,13.771298,16.7958,16.946777,18.181871,21.904644,19.189547,15.160923,11.711071,11.891151,6.19505,5.873928,3.6329367,6.8252907,8.396685,11.664227,15.303203,13.38528,13.677798,13.877296,12.639322,11.582341,14.14392,12.509333,16.623316,18.835178,18.589834,15.847802,18.194206,11.831467,15.087039,12.485709,15.768641
28,35.627346,31.798166,30.288673,25.72593,24.016863,24.263248,19.605387,21.42788,16.848993,19.862188,18.29083,20.055838,17.49923,17.251925,14.944166,10.513902,12.502421,9.014272,15.257426,11.842677,15.930436,17.892357,20.91314,15.242335,14.069952,11.142813,6.409539,4.6152964,0.0,4.8096085,5.486696,10.3504,13.306568,15.13092,10.948093,9.432845,13.67447,14.44525,10.644244,10.853232,15.791221,14.276482,11.767161,15.764194,18.379147,16.79264,17.511745,20.518517,22.541409,23.007246,19.892273,21.301758,24.648815,23.123388,21.012188,18.469704,14.450077,14.998382,20.03858,18.841396,13.147598,17.97863,18.13028,21.155615,17.742432,13.693959,16.184578,13.884979,10.188839,14.18671,14.116652,10.584394,10.052778,14.394743,12.932139,16.982426,16.011421,14.85428,18.513338,17.26606,18.625885,22.021507,19.106941,15.208557,11.069557,13.279784,6.7981853,9.807961,8.208928,11.276431,12.347115,15.568403,18.957024,17.29097,17.795269,17.38702,16.454891,14.014958,16.870186,13.5288515,17.30557,19.052727,18.06085,15.71513,16.692766,10.844565,13.589146,10.411583,13.895412
29,40.020367,36.206406,34.529037,30.153828,28.18525,28.317192,23.52113,24.741081,20.011177,22.24728,20.024334,21.330582,18.475163,19.145452,16.630922,13.442049,15.855267,13.127168,19.229795,15.778639,19.979128,21.438726,24.777897,18.801832,16.9109,13.556528,9.828552,6.0792165,4.8096085,0.0,7.2173963,7.994117,12.497691,14.420283,11.535645,11.217304,15.511189,16.162415,13.593323,14.27812,18.764698,17.688738,15.9479685,19.83645,22.080679,21.004362,22.201801,24.882666,26.84267,26.923798,23.594276,25.731781,28.564964,26.61206,24.624306,21.865097,18.052828,17.85219,22.693188,21.686163,15.595748,19.463402,18.5662,21.690351,18.659847,14.226913,15.389338,12.179082,10.313195,14.536666,12.628733,8.5354395,10.580324,14.9475975,14.802969,18.72045,18.582735,18.317749,22.128927,21.547995,23.103,26.644375,23.748636,19.801905,15.785415,17.359758,10.99952,11.885931,8.843761,10.72579,10.441021,13.278742,16.102507,15.596208,17.156712,16.714233,17.505558,14.993497,18.960743,16.046831,20.481855,22.628716,21.255028,18.500221,18.946596,12.737838,14.221827,10.243592,12.488728
30,34.86228,31.312006,28.97327,25.019268,22.796263,22.036709,17.803087,18.123272,13.281964,15.736401,13.481748,15.50083,13.515828,13.768286,13.492031,8.950051,12.588513,10.430221,17.035606,15.37554,19.526995,22.022894,24.861399,19.719534,19.100887,16.431688,11.41465,10.049826,5.486696,7.2173963,0.0,7.326897,8.462039,10.1368685,6.1831546,4.139049,8.490521,9.974467,7.3311205,7.4140577,11.825905,12.337145,10.542347,13.468524,15.881834,16.531939,17.254261,18.941265,21.45478,20.940573,18.5443,21.46858,24.148426,22.123072,21.286015,19.792257,15.217508,16.713316,20.916796,17.98807,13.07938,18.056742,18.310762,20.371899,15.974967,12.291825,15.925615,13.793318,10.843629,15.940197,16.303787,13.361111,13.269479,18.471064,16.278727,20.956184,20.15203,18.07935,22.199503,19.831757,21.353111,24.285814,21.38389,17.8897,13.550969,17.22997,11.09912,15.176919,13.643115,16.459908,17.117683,20.13475,23.23141,22.046452,22.88301,22.082382,21.6428,18.34416,21.475939,17.04399,20.350466,21.59462,19.812185,18.003902,17.209114,12.631515,14.075626,10.425837,13.336204
31,41.77797,38.341976,35.68552,32.050457,29.59908,28.38142,24.402334,23.61723,18.837673,20.00586,16.607357,18.032356,16.170322,17.956089,18.065456,15.167109,19.073164,17.373158,23.939379,21.85091,26.103252,28.191618,31.17667,25.409496,24.061548,21.017622,16.408718,13.571173,10.3504,7.994117,7.326897,0.0,6.893393,7.1182823,6.7567005,8.726676,11.699463,11.995906,12.203013,13.531343,16.224632,16.98577,16.786428,19.63709,20.929821,22.247087,24.117735,25.17654,27.259127,26.057186,23.237707,27.475832,29.047876,26.261526,25.768608,24.096434,19.904383,20.33884,23.960728,21.175518,16.02054,19.249752,17.990953,19.740303,15.906054,12.030784,13.808966,10.744421,11.020508,16.326357,14.865599,12.316194,14.722919,20.097208,19.074085,23.791441,24.098576,22.89264,27.486341,25.844063,27.891945,31.120886,28.462664,24.802094,20.430756,23.433996,17.053896,19.239601,16.684872,18.197523,17.836222,19.926867,22.353521,22.968327,24.952396,24.294386,25.43877,22.333427,26.431456,22.529808,26.530392,28.17875,26.109818,23.887566,22.56885,17.668497,17.720045,13.245653,14.139302
32,38.379215,35.23527,32.006508,29.158186,26.17519,24.647333,20.820457,18.913036,14.560431,14.370255,10.666035,11.497115,10.013698,12.457314,14.299677,12.586611,16.986855,16.920305,22.965927,22.722122,27.153793,29.602129,32.84908,27.99544,27.253202,24.295124,19.626204,17.438126,13.306568,12.497691,8.462039,6.893393,0.0,5.5467005,7.5827293,7.1429667,8.397844,11.409594,12.439725,12.163239,14.287699,17.73688,17.018583,18.10846,20.080156,23.109621,23.491678,23.781956,26.82469,25.168776,23.844189,28.070505,29.978743,27.441317,27.860971,27.099466,22.47624,24.129854,27.541906,23.466303,19.4514,23.520987,23.111881,24.152546,19.41245,16.371523,19.565773,17.113642,16.54704,22.027058,21.441637,18.751007,20.288164,25.741943,23.972198,28.809788,28.40356,26.354914,30.618656,27.95531,29.375542,31.934893,28.799417,25.645117,21.467196,25.43264,19.302313,23.070755,20.759129,23.177557,22.69173,25.438091,27.57078,27.0813,28.655048,27.249685,28.355545,24.008705,28.140556,22.997019,26.352177,27.51091,24.63216,23.018919,20.082632,17.003952,15.93913,12.16674,12.5643425
33,40.356155,37.375015,33.967907,31.124979,28.44189,26.05276,23.197134,20.729385,16.435093,16.746666,12.743736,14.604346,14.4028015,16.44544,19.175455,16.32616,20.760351,19.879333,26.18651,25.391998,29.437664,32.09955,34.671997,29.495605,28.859352,26.204243,21.082237,19.226435,15.13092,14.420283,10.1368685,7.1182823,5.5467005,0.0,5.4638786,8.162596,8.089031,8.423473,11.37819,12.573786,12.962896,15.917517,16.722292,17.978813,18.51606,22.052523,23.862827,23.408861,25.689064,23.467207,21.738823,27.194319,27.93699,24.840775,25.808128,25.410793,21.05507,22.524742,25.046354,20.563543,17.196474,20.329601,19.757147,20.029602,15.298353,13.007633,16.28493,14.578025,14.743571,19.98313,19.978958,18.353664,19.604214,25.25151,23.128262,28.181574,28.256447,26.006716,30.771132,28.01168,30.113712,32.785236,30.346361,27.19974,22.89934,27.000664,21.070229,24.599045,22.68557,24.611975,24.679482,26.882896,29.460222,29.809917,31.502077,30.646675,31.252752,27.717554,31.42378,26.733831,29.985735,31.005009,28.622286,27.110703,24.752052,21.33363,20.999294,17.05154,17.803139
34,37.24574,34.0622,31.1016,27.673561,25.411077,23.32342,20.346743,18.989939,14.336434,16.204992,12.96958,15.60342,15.008819,15.91517,17.855936,13.587624,17.678892,15.869759,22.276743,20.927383,24.66516,27.421707,29.621134,24.421936,23.994583,21.639517,16.317211,15.138763,10.948093,11.535645,6.1831546,6.7567005,7.5827293,5.4638786,0.0,4.6327386,6.178601,5.280705,6.3601213,8.308939,9.705724,11.088619,11.669035,13.853254,14.510836,16.980696,19.147467,19.276793,21.269495,19.614376,17.241116,22.210375,23.326006,20.460299,20.83134,20.17722,15.7255335,17.317785,20.199053,16.032772,12.184635,16.134237,16.186651,17.052439,12.103692,9.280712,13.572377,12.209433,10.595697,15.841927,16.771694,15.123288,15.182531,20.8128,18.18153,23.256592,23.078426,20.605778,25.356005,22.572836,24.794306,27.588581,25.379997,22.163473,17.84531,21.925522,16.259575,20.034134,18.71656,20.845045,21.648039,24.008314,27.191023,27.078281,28.293074,27.762701,27.402018,24.45565,27.482302,23.155436,26.195726,27.138908,25.353735,23.875633,22.523815,18.60832,19.470285,15.647329,17.64494
35,33.368282,30.09355,27.199205,23.760103,21.300318,19.704584,16.12359,15.243389,10.414243,12.575988,9.959065,12.514827,11.494894,11.767161,13.544532,9.068258,13.245089,12.0009775,18.209723,17.708973,21.62967,24.493206,27.033552,22.42401,22.300068,19.940044,14.809169,14.037116,9.432845,11.217304,4.139049,8.726676,7.1429667,8.162596,4.6327386,0.0,4.363592,7.0490212,5.709448,5.2268767,8.560952,11.096025,9.879503,11.426007,13.633491,16.039663,16.541742,17.118668,19.972897,18.776426,17.216532,20.956488,23.19824,21.0108,21.164848,20.579008,15.85242,18.127678,21.592737,17.465563,13.754442,18.740656,19.400558,20.637365,15.638978,12.792765,17.286901,15.70867,13.036706,18.176876,19.2092,16.803883,16.390509,21.744802,18.952446,23.805964,22.899813,20.150063,24.332508,21.163086,22.670666,25.143955,22.37096,19.327412,15.138505,19.609156,14.051761,18.822653,17.641703,20.51403,21.255583,24.229046,27.303446,26.123384,26.885117,25.93323,25.328497,21.739304,24.63618,19.704454,22.402008,23.159235,21.095404,19.855844,18.167875,14.887072,15.8120985,12.559014,15.094368
36,32.365288,29.461027,26.007946,23.222437,20.63308,18.024675,15.536849,13.151514,8.793462,10.382999,7.4157295,10.713337,11.229205,11.44884,15.260578,11.262938,15.3814745,14.850732,20.406557,20.798325,24.382065,27.514519,29.689241,25.573301,25.856226,23.787994,18.610632,18.257988,13.67447,15.511189,8.490521,11.699463,8.397844,8.089031,6.178601,4.363592,0.0,5.4063516,6.5260606,5.7699523,6.0005994,10.97633,10.699339,10.471975,12.0249815,16.324234,16.712795,15.935898,18.969446,16.96816,16.439138,20.98822,22.592663,20.26787,21.500963,21.850908,17.220745,20.07557,22.684414,17.516354,15.268499,19.945866,20.980984,21.358788,16.016321,14.253917,19.25672,18.275867,15.908645,20.840872,22.448471,20.540453,19.842184,25.229832,21.976564,26.896254,25.944046,22.671017,26.848927,23.044748,24.558908,26.55631,24.053131,21.511438,17.618122,22.563229,17.609129,22.749767,21.865038,24.737309,25.59907,28.505774,31.610088,30.47924,31.177322,30.163584,29.36843,25.668966,28.302465,23.109894,25.244812,25.553549,23.36747,22.65893,20.358082,18.212797,18.789608,15.969792,18.138391
