,0,1,2,3,4,5,6,7,8,9,10,11,12,13,14,15,16,17,18,19,20,21,22,23,24,25,26,27,28,29,30,31,32,33,34,35,36,37,38,39,40,41,42,43,44,45,46,47,48,49,50,51,52,53,54,55,56,57,58,59,60,61,62,63,64,65,66,67,68,69,70,71,72,73,74,75,76,77,78,79,80,81,82,83,84,85,86,87,88,89,90,91,92,93,94,95,96,97,98,99,100,101,102,103,104,105,106,107,108,109,110,111
0,0.0,4.0219045,7.1520715,10.774257,14.165864,16.006992,19.103067,22.184628,25.256565,27.759466,31.125912,33.092274,36.123104,35.28423,36.899075,31.816263,32.136494,29.668242,31.328333,29.628605,29.666956,32.79445,33.090492,33.968273,35.97783,34.71467,35.75175,36.792446,35.210716,39.476173,34.738808,40.83857,37.38327,40.19405,36.79911,32.640236,31.898527,35.268272,32.257698,28.802505,29.994814,32.407185,28.886545,25.475534,29.209871,30.033627,25.275192,23.830338,27.594427,28.848488,32.521347,29.224209,34.058025,35.904297,36.160976,37.24461,34.515118,38.03843,41.145638,38.665962,37.576687,42.848892,45.917046,46.096058,42.75579,42.632786,47.941685,48.076942,43.302822,45.680954,48.886234,46.83924,43.29802,46.221794,42.291283,45.374413,42.410557,38.79923,38.792896,34.61426,32.06382,29.79721,27.376415,28.95894,30.884775,32.006912,34.512165,38.958706,41.52467,45.312717,46.813377,51.18576,50.912758,53.008854,49.471046,47.218292,45.430183,41.428104,41.322903,35.35211,32.673252,29.85904,26.886757,28.293987,29.281626,29.815018,28.917345,28.295855,24.133461,23.661766,19.700268,19.476133
1,4.0219045,0.0,4.6982384,7.6862154,10.6095085,13.31066,15.598895,19.14867,22.034246,24.534819,27.934856,29.740578,32.69911,31.677391,33.111397,28.123957,28.262814,25.914433,27.38222,25.92694,26.013834,29.19398,29.881557,30.498049,32.36091,30.93914,32.10933,33.0453,31.627502,35.83145,31.387838,37.47584,34.14717,37.222054,33.822586,29.533068,29.131363,32.703945,29.484798,25.943876,27.687212,30.069818,26.254313,23.211859,27.35462,27.961353,22.988354,22.284262,26.301214,27.58448,30.809134,27.655628,32.765,34.35583,34.31701,35.016228,32.064007,35.406845,38.86305,36.53502,34.919655,40.142834,43.297955,43.627945,40.069557,39.671597,44.95128,44.870274,40.11237,42.74256,45.688423,43.450863,40.092796,43.154133,39.376858,42.59096,39.597694,36.122097,36.362072,32.30692,29.815395,27.956512,25.067598,26.266718,28.041239,28.977236,31.291351,35.61959,38.03385,41.821934,43.158398,47.591682,47.15769,49.17241,45.5988,43.382797,41.70529,37.615746,37.73917,31.654243,29.227942,26.594667,23.338194,24.529613,25.379215,25.902105,25.151533,24.551046,20.584967,20.580725,16.443571,16.744318
2,7.1520715,4.6982384,0.0,4.9914913,8.390303,9.965479,13.198022,15.603401,19.144957,21.068851,24.693771,26.388073,29.637926,28.727657,30.985657,26.164152,26.739016,24.97534,26.757019,26.11775,26.78781,30.135359,31.581295,31.32601,32.766052,30.878973,31.757675,32.090233,30.427588,34.294647,29.663515,35.295525,31.283642,34.516613,31.633717,27.262754,26.539333,30.557116,27.84212,24.123222,25.681877,29.01345,25.347647,22.008545,26.268076,27.90781,23.067888,21.941587,26.417328,27.016155,30.342253,28.339602,33.082233,34.135242,34.52501,35.284092,31.85915,35.303547,38.81935,35.917965,34.00302,39.50124,42.432995,42.448303,38.585846,38.32548,43.758453,43.606037,39.148724,42.212547,45.02669,42.707176,39.71381,43.29761,39.48,43.135406,40.398537,36.852467,37.780106,33.497944,31.450834,30.023684,26.860243,27.41914,28.505695,29.911774,31.269644,35.905643,37.876953,41.780396,42.849804,47.3917,46.494843,48.48781,45.02031,43.052868,41.706123,37.541504,38.255253,31.930714,30.164536,27.957304,24.289654,24.888857,25.29814,25.159775,24.72122,23.056866,20.07227,20.440851,15.988301,17.129078
3,10.774257,7.6862154,4.9914913,0.0,3.926226,5.703853,8.563073,11.541882,14.53654,17.051878,20.371168,22.368933,25.363106,24.665888,26.672365,21.61591,22.527449,20.583231,23.134607,22.337688,23.68378,27.206697,28.806545,27.727194,28.99485,27.053272,27.420013,27.65977,25.71838,29.62464,24.758036,30.476505,26.694063,29.782387,26.717163,22.367054,21.763832,25.711672,22.875324,19.15249,20.940523,24.2067,20.478699,17.292105,21.76231,23.435656,18.636515,17.859758,22.504204,22.991947,25.942,24.383808,29.088078,29.836304,30.159845,30.78251,27.161797,30.586216,34.172676,31.214472,29.08812,34.61234,37.51349,37.53972,33.623047,33.33649,38.778355,38.658573,34.23504,37.342876,40.17855,37.93342,34.963684,38.711674,34.839516,38.678986,36.1171,32.516426,33.875927,29.470018,27.773678,26.754118,23.399393,23.4682,24.103153,25.89315,26.707418,31.597239,33.43913,37.40608,38.543823,43.05289,42.177998,44.35122,41.06973,39.176052,37.791824,33.84284,34.53574,28.233496,26.655195,24.68092,21.071451,21.54189,22.080122,21.291664,20.594675,18.558847,15.586115,15.856237,11.38313,12.917542
4,14.165864,10.6095085,8.390303,3.926226,0.0,5.27775,5.0097084,9.304091,11.586696,14.281359,17.506126,19.336779,22.127487,21.222027,22.873634,17.858591,18.614044,16.796732,19.337015,18.857649,20.479342,24.036776,26.09031,24.508436,25.530066,23.394163,23.780895,23.860157,22.068796,25.909992,21.397379,27.129591,23.627058,27.013584,23.889883,19.40299,19.365057,23.476736,20.346323,16.586033,19.204645,22.249098,18.211126,15.759293,20.593445,21.86191,17.024885,17.366203,22.006096,22.539719,24.755964,23.429821,28.2826,28.71682,28.64851,28.78155,24.958931,28.084318,32.03759,29.340311,26.57998,31.962442,34.948227,35.178913,31.049892,30.40779,35.773155,35.40493,31.008856,34.388184,36.91358,34.470383,31.72285,35.61725,31.9487,35.91443,33.372017,29.970926,31.64248,27.458597,25.935787,25.462877,21.71373,21.215559,21.530657,23.135658,23.560041,28.30208,29.92525,33.88241,34.84919,39.403576,38.37251,40.492073,37.211597,35.372524,34.101128,30.12589,31.06468,24.699146,23.513945,21.882349,18.053207,18.151253,18.517721,17.461208,16.904142,14.727493,12.174596,13.197453,8.675573,11.22829
5,16.006992,13.31066,9.965479,5.703853,5.27775,0.0,6.0438886,6.5341325,9.845576,12.272009,15.371615,17.727684,20.773472,20.632568,23.403856,18.404453,20.303743,18.867023,22.485727,22.24851,24.611979,28.22262,30.337864,27.984035,28.72987,26.461296,25.95227,25.51466,22.976608,26.45775,21.048948,26.199608,21.80971,24.715683,22.113874,17.851759,16.712326,20.986755,18.855377,15.073236,16.445198,20.794455,17.523901,14.078024,18.458183,21.437025,17.256927,16.008194,20.902105,20.466635,23.254128,23.375843,27.342392,27.321766,28.176512,28.905752,24.818512,28.324106,31.770418,28.120495,25.775534,31.54529,34.079285,33.69039,29.543217,29.549623,35.113277,35.072277,31.070631,34.492607,37.306477,35.190178,32.582436,36.872158,32.90969,37.214436,35.134056,31.441734,33.68815,29.039213,28.101902,27.66734,24.286457,23.532314,23.116398,25.73486,25.1479,30.481428,31.785294,35.831196,36.83246,41.30246,40.090878,42.423035,39.495766,37.930443,36.801807,33.12793,34.21914,27.9882,27.12335,25.728605,22.173067,22.088556,22.37525,20.384796,19.713367,16.217314,14.588785,14.830657,10.825242,13.066805
6,19.103067,15.598895,13.198022,8.563073,5.0097084,6.0438886,0.0,6.002832,6.839552,9.961459,12.797671,14.731161,17.259323,16.511929,18.185736,13.10642,14.452528,13.038835,16.46444,16.5748,19.15078,22.7161,25.350721,22.54595,23.019869,20.553448,20.297405,19.807314,17.714378,21.281517,16.69843,22.192354,18.682362,22.22531,19.236973,14.658169,14.986086,19.352736,16.300827,12.518526,15.790318,19.06475,15.058682,13.318302,18.262962,19.799793,15.444416,16.488825,21.058231,21.164268,22.600376,22.384615,26.859789,26.63137,26.515911,26.302649,22.092201,24.974073,29.120327,26.296614,22.88117,28.246744,31.09358,31.280792,26.866364,26.067074,31.431757,30.90936,26.76312,30.537113,32.807358,30.29149,27.925396,32.250557,28.695465,33.019543,30.80183,27.521347,29.957462,25.84344,24.946041,25.231516,21.291615,19.862307,19.231361,21.212648,20.386475,25.279129,26.387314,30.383589,31.157612,35.712025,34.38725,36.593456,33.550392,31.953043,30.903038,27.134823,28.469461,22.176891,21.774368,20.825047,17.038643,16.477148,16.570526,14.355146,13.878638,10.442531,9.392633,11.078079,7.3022647,10.932664
7,22.184628,19.14867,15.603401,11.541882,9.304091,6.5341325,6.002832,0.0,4.854136,5.7696447,9.205336,11.263042,14.537137,14.48496,18.217333,13.913748,16.43439,16.321085,20.074461,21.21243,24.230806,27.673048,30.750872,27.274294,27.238068,24.423952,23.53782,22.088114,19.498913,22.09997,17.120867,21.210594,16.093225,19.672565,17.975359,13.619332,12.763277,17.87708,16.392769,12.732598,14.795055,19.846695,16.843523,14.525306,18.793594,22.185453,18.71565,18.44018,23.105877,22.082146,23.80216,25.352398,28.823217,27.895924,28.676626,28.848183,24.301937,27.296106,31.036167,27.254044,23.868315,29.477783,31.724163,31.216139,26.539614,26.270105,31.735806,31.287182,27.885702,32.05227,34.21649,31.840427,30.080547,34.96221,31.383787,36.10824,34.413795,31.08351,34.196327,29.87446,29.564205,30.030392,26.329931,24.564083,23.154732,25.809649,23.754272,28.86908,29.308493,33.26944,33.71883,38.195866,36.29929,38.486942,35.79898,34.65689,34.083588,30.508718,32.458,26.349178,26.68467,26.173637,22.45359,21.411823,21.001673,18.024157,17.99583,13.049663,14.122697,15.497543,12.467164,15.749904
8,25.256565,22.034246,19.144957,14.53654,11.586696,9.845576,6.839552,4.854136,0.0,4.823647,6.24237,9.037017,11.280858,11.612925,14.375838,9.709579,12.920174,12.702029,17.413092,18.354982,22.020855,25.355097,28.43655,24.173618,23.853895,21.102901,19.50434,17.883396,14.930397,17.507225,12.270667,16.597366,12.161978,15.685532,13.477169,8.958223,8.97417,14.011411,12.133993,8.6453905,11.775922,16.201447,13.203314,12.079813,16.257067,19.124937,16.191319,16.98619,21.195227,20.227625,20.925026,22.923107,26.211514,24.90868,25.31978,25.068369,20.408503,23.07038,26.964823,23.43266,19.500145,24.933334,27.194965,26.87558,22.080729,21.540705,26.959414,26.44595,23.058258,27.335642,29.393484,27.055172,25.396894,30.416573,26.93281,31.780113,30.312145,27.122889,30.666836,26.531555,26.670664,27.695055,23.992758,21.637478,19.603931,22.465523,19.601316,24.751211,24.940458,28.881557,29.391956,33.766388,31.957542,34.348373,31.907108,30.845268,30.21157,27.027609,28.876165,23.104034,23.762457,23.674862,20.387247,19.178835,18.925789,15.200701,14.855801,9.407091,11.425259,12.853148,11.11244,14.461694
9,27.759466,24.534819,21.068851,17.051878,14.281359,12.272009,9.961459,5.7696447,4.823647,0.0,4.238755,5.5025764,9.004265,9.119199,13.940793,10.898678,13.9633,15.2873535,18.918055,21.201286,24.658998,27.780687,31.529667,27.170322,26.420082,23.254248,21.987692,19.587507,17.097778,18.558857,14.439421,17.038279,11.318294,15.707552,15.11956,11.089123,10.94653,16.324799,15.540442,12.574462,15.149889,20.118977,17.580389,16.577904,20.351864,23.671034,20.977783,21.546223,25.754683,24.430077,25.121456,27.639864,30.64173,29.03194,29.630308,29.26333,24.54337,26.89182,30.786158,27.120384,22.88168,28.041304,29.971764,29.430992,24.397146,23.782034,28.94866,28.07136,25.36322,30.12996,31.584026,29.000751,28.12867,33.41779,30.318157,35.279064,33.974743,31.085043,34.84934,30.961359,31.179628,32.3641,28.544333,26.045967,23.885342,26.419804,23.153872,27.808987,27.40596,31.156916,31.072704,35.45009,32.94093,34.97191,32.590214,31.888842,31.848118,28.516346,31.181137,25.455328,26.856886,27.1389,23.535912,21.766544,20.809134,17.0754,17.62232,11.845616,15.360386,17.437094,15.545974,19.10605
10,31.125912,27.934856,24.693771,20.371168,17.506126,15.371615,12.797671,9.205336,6.24237,4.238755,0.0,3.8689425,5.868055,7.517083,12.133334,9.67234,13.577021,15.076212,19.413239,21.538809,25.496477,28.448746,32.116467,27.075571,26.01732,22.971382,20.85903,18.096199,15.160055,15.966545,11.67213,13.255246,7.1636105,11.512325,11.445745,8.018933,8.089185,13.203587,13.124478,10.978145,13.380065,18.128185,16.287188,16.051146,19.126587,22.547173,20.7111,21.517248,25.221687,23.605349,23.594017,26.98798,29.37966,27.27284,27.926805,27.423407,22.688152,24.72955,28.407284,24.648563,20.179066,25.084902,26.680483,25.976276,20.861555,20.314684,25.34808,24.510084,22.26423,27.131866,28.469215,26.099997,25.570518,31.061274,28.064894,33.160835,32.2903,29.525263,33.77063,29.999125,30.755762,32.334915,28.724579,25.821531,23.044985,25.932804,21.763878,26.401634,25.580729,29.204529,29.114305,33.258083,30.70543,32.938454,31.004917,30.554094,30.582224,27.7983,30.418173,25.22151,26.953396,27.604046,24.501873,22.66443,21.844545,17.544485,17.828384,11.888272,16.06159,17.77371,16.925678,20.184269
11,33.092274,29.740578,26.388073,22.368933,19.336779,17.727684,14.731161,11.263042,9.037017,5.5025764,3.8689425,0.0,4.0611205,4.658723,10.803802,10.031698,13.221017,15.860979,19.059523,22.22165,25.911428,28.610668,32.825237,27.786102,26.38538,23.040651,21.432606,18.176867,16.004402,15.98082,13.354502,13.791019,7.8158154,13.016068,13.842311,10.850754,11.643119,16.421894,16.331911,14.399495,17.152767,21.53386,19.547392,19.691732,22.875109,25.889786,23.928173,25.160353,28.874205,27.400297,27.18844,30.371908,32.9319,30.79746,31.16984,30.302134,25.619486,27.244465,31.16744,27.789185,22.904959,27.354492,28.918554,28.402851,23.195532,22.188663,26.814077,25.468288,23.61359,28.846844,29.495573,26.75169,26.859026,32.396435,29.876019,34.923687,34.0253,31.64327,35.90434,32.51977,33.192684,34.967705,31.142527,28.107988,25.391792,27.701145,23.467953,27.451809,26.207922,29.612303,28.972149,33.135593,30.02649,31.858974,29.873207,29.666286,30.179646,27.22894,30.513767,25.399933,27.744833,28.73111,25.403847,23.10802,21.74405,17.573744,18.581621,12.79463,17.89559,20.3267,19.37333,22.930237
12,36.123104,32.69911,29.637926,25.363106,22.127487,20.773472,17.259323,14.537137,11.280858,9.004265,5.868055,4.0611205,0.0,3.6963289,8.484033,9.10224,12.484124,15.393204,18.791653,21.904484,25.88273,28.303387,32.49328,26.919632,25.173212,21.957605,19.76053,16.13522,13.950332,12.963358,11.226671,10.1720495,4.8604784,10.358148,11.676204,9.707567,11.40307,15.233498,15.352017,14.3135605,17.234085,20.737093,19.182825,20.257288,22.948301,25.479977,24.15754,25.952486,29.15981,27.708834,26.721226,30.25776,32.47294,30.026653,30.133928,28.901731,24.358208,25.436954,29.302366,26.266027,21.012947,24.866577,26.217812,25.827797,20.611704,19.281633,23.51224,21.936195,20.572296,25.970976,26.202906,23.485266,24.110283,29.734907,27.550665,32.601406,32.039787,29.977785,34.569233,31.532852,32.60011,34.79145,31.100685,27.712126,24.575424,26.85596,21.939854,25.53266,23.803938,26.97073,26.17981,30.111092,26.875864,28.80338,27.214027,27.266554,27.92057,25.492804,28.817438,24.32127,27.078327,28.482183,25.629969,23.222672,21.928198,17.430382,18.319492,12.867408,18.461096,20.78558,20.705427,24.04259
13,35.28423,31.677391,28.727657,24.665888,21.222027,20.632568,16.511929,14.48496,11.612925,9.119199,7.517083,4.658723,3.6963289,0.0,6.7515717,8.107017,10.386726,14.039297,16.298853,20.179129,23.767197,26.057219,30.641722,25.36731,23.536898,20.062393,18.700739,15.008051,13.71204,12.869011,12.351148,12.172586,8.262504,13.788631,14.384153,11.792771,14.003843,18.072058,17.320457,15.854773,19.4996,22.670311,20.445246,21.627392,24.878223,26.7687,24.884764,27.183289,30.587776,29.555601,28.629217,31.353813,34.160378,32.036892,31.7095,30.173925,25.683964,26.613329,30.910263,28.37849,22.871117,26.591663,28.323004,28.3659,23.154705,21.325886,25.427513,23.479317,21.771616,27.290827,27.17563,23.999537,24.675219,30.12947,28.21354,33.105328,32.18464,30.347267,34.631912,31.875542,32.57802,34.773354,30.806458,27.477316,24.707947,26.303993,21.876581,24.981184,23.279503,26.407572,25.303495,29.454638,25.994015,27.564507,25.544064,25.500809,26.351156,23.454763,27.206682,22.472088,25.498997,27.00289,23.839731,21.130836,19.42938,15.227231,16.734146,11.594969,17.611671,20.645023,20.261524,23.891571
14,36.899075,33.111397,30.985657,26.672365,22.873634,23.403856,18.185736,18.217333,14.375838,13.940793,12.133334,10.803802,8.484033,6.7515717,0.0,5.7084723,6.244764,10.254682,12.060622,15.79217,19.51623,21.283342,25.80981,20.032661,17.750809,14.442332,12.807155,8.734009,8.605836,7.0622663,9.656649,10.014399,10.498511,14.943683,14.064665,12.115849,15.830919,18.564077,16.597904,15.91454,20.490398,21.59534,19.144032,21.77553,24.891523,24.99057,23.423063,27.147835,29.874428,29.556396,27.613379,29.536608,32.59139,30.620256,29.262718,26.86817,22.839445,22.82227,27.527884,26.321503,20.269016,22.942635,25.084595,26.050043,21.12524,18.221611,21.680483,19.178988,17.116108,22.674908,21.898369,18.25638,19.194643,24.380262,23.106184,27.698645,26.721903,25.531317,29.777218,27.846697,28.673086,31.41901,27.495096,23.811914,20.951597,21.71147,17.043156,19.051935,16.94809,19.86489,18.58839,22.809494,19.475746,21.196596,19.089466,18.925735,19.677559,17.120039,20.865915,16.806383,20.427948,22.558743,20.118229,17.253073,15.718253,11.3581295,12.796793,9.426818,15.619181,18.853775,19.677456,22.934364
15,31.816263,28.123957,26.164152,21.61591,17.858591,18.404453,13.10642,13.913748,9.709579,10.898678,9.67234,10.031698,9.10224,8.107017,5.7084723,0.0,4.483125,6.302873,10.683186,12.860577,17.047417,19.587208,23.462337,17.957958,16.52399,13.4265,11.4675,8.695701,6.7196217,8.5804205,6.898469,10.929256,10.282613,14.451755,11.942955,8.59101,12.267608,15.445474,12.527057,11.047844,16.067905,17.316778,14.222797,16.48016,20.059664,20.202263,18.10106,21.70631,24.693802,24.54973,23.076403,24.559692,28.000118,26.392773,25.19143,23.236963,18.93418,19.767155,24.5648,22.922956,17.263817,21.032179,23.616102,24.461386,19.531878,17.16275,21.63953,19.963844,16.674227,21.74439,22.321695,19.127157,18.487902,23.629385,21.32771,26.085484,24.714952,22.702188,26.701838,24.00346,24.55714,26.878265,22.902147,19.458141,16.777775,18.209053,14.064309,17.613796,16.731745,20.375711,20.207937,24.65069,22.415165,24.661617,22.259834,21.381227,21.108915,18.219927,20.779741,15.713018,18.036596,19.385944,16.710056,14.442185,13.669503,8.910409,9.270604,4.331689,10.379145,13.420372,14.083962,17.341476
16,32.136494,28.262814,26.739016,22.527449,18.614044,20.303743,14.452528,16.43439,12.920174,13.9633,13.577021,13.221017,12.484124,10.386726,6.244764,4.483125,0.0,4.79167,6.4617043,9.981504,13.631812,15.837793,20.301464,15.066648,13.384165,9.867342,9.478368,6.9405417,7.4603615,9.318975,10.263184,14.038409,14.357184,18.592607,16.043392,12.93054,16.65645,19.625824,16.210484,14.72416,19.996395,20.509254,16.968458,19.488752,23.33627,22.407772,19.879278,24.219597,27.116716,27.555473,25.9607,26.338991,30.354597,29.148357,27.29005,24.841496,20.952318,21.287449,26.449308,25.725115,19.981703,23.091967,26.009865,27.42037,22.744272,19.828953,23.740438,21.62736,18.146238,23.06234,23.034826,19.347126,18.845003,23.446394,21.755083,26.048923,24.22852,22.76858,26.226295,24.226755,24.315691,26.757763,22.528978,19.167107,17.12791,17.169933,13.9615555,16.223013,15.387791,18.8175,18.25694,22.91502,20.598497,22.416357,19.430264,18.26786,18.089432,14.553335,17.610548,12.250398,15.182948,16.90935,14.027712,11.173565,9.824476,5.2256446,6.895019,4.7336016,10.392528,14.317202,14.928693,18.209959
17,29.668242,25.914433,24.97534,20.583231,16.796732,18.867023,13.038835,16.321085,12.702029,15.2873535,15.076212,15.860979,15.393204,14.039297,10.254682,6.302873,4.79167,0.0,6.646867,6.6612535,11.083831,13.8282795,17.269184,12.037138,11.215842,8.474034,7.462845,7.1477156,6.667797,10.671171,9.762276,15.37804,16.19964,19.560438,15.806918,12.585276,16.171394,18.556622,14.237761,12.70113,18.10571,17.636515,13.639573,16.422333,20.333649,18.472378,15.688173,20.581736,23.22144,24.17335,22.53567,22.037352,26.436619,25.66511,23.47523,21.052214,17.34444,17.943829,23.199717,22.791327,17.487116,20.819117,24.154192,25.793983,21.499907,18.769918,22.94692,21.396763,17.030025,21.192642,22.054045,18.786596,17.004799,21.196041,18.900024,23.058168,20.87218,18.958359,22.085306,19.78842,19.661562,21.986084,17.750265,14.432112,12.638499,12.78639,10.293227,13.480444,13.8372965,17.675888,18.167608,22.775957,21.595346,23.90129,20.928204,19.220741,18.017807,14.7337885,16.207987,10.463323,11.9358225,13.094124,10.554386,8.582637,8.754529,4.379697,3.044935,3.4543822,6.277686,9.977375,11.327664,14.098508
18,31.328333,27.38222,26.757019,23.134607,19.337015,22.485727,16.46444,20.074461,17.413092,18.918055,19.413239,19.059523,18.791653,16.298853,12.060622,10.683186,6.4617043,6.646867,0.0,6.135535,8.001126,9.840916,14.946395,10.911649,9.594736,6.0223384,9.215588,9.061262,11.462622,13.876216,15.595717,19.902344,20.799511,24.846483,21.779303,18.622759,22.23143,24.968605,20.840279,19.201561,24.601194,24.230185,20.15354,22.698524,26.82641,24.546217,21.404556,26.452662,29.167204,30.45698,28.927027,27.593777,32.411385,31.945278,29.331123,26.517511,23.310421,23.338186,28.726408,29.054089,23.662619,26.232145,29.618803,31.63359,27.424795,24.22787,27.680029,25.48454,21.52523,25.68029,25.46702,21.614712,20.625597,24.05356,22.861757,26.270153,23.671757,22.737309,24.99553,23.818235,23.0285,25.32018,20.906258,18.078588,17.376228,15.49811,14.625661,15.308489,15.383018,18.408167,17.898771,22.573172,20.905392,22.213526,18.420671,16.475962,15.827778,11.269051,14.071859,7.970329,10.8506155,12.668859,9.499817,5.997727,3.7936664,2.4888227,5.50673,8.58274,10.944285,15.204284,15.676416,18.530605
19,29.628605,25.92694,26.11775,22.337688,18.857649,22.24851,16.5748,21.21243,18.354982,21.201286,21.538809,22.22165,21.904484,20.179129,15.79217,12.860577,9.981504,6.6612535,6.135535,0.0,4.7646556,7.556954,10.648774,6.284731,6.6960406,5.2704773,7.54482,10.009888,11.460678,15.290243,15.62571,21.190601,22.79817,25.88845,21.767153,18.846289,22.280714,24.151138,19.343565,17.982016,23.175,21.492031,17.284643,20.157337,24.00234,20.42443,17.287611,22.976324,25.080835,27.03711,25.305769,22.80298,27.944336,28.024536,24.895716,22.012625,19.38836,19.44543,24.755041,25.730978,21.034716,23.44847,27.207617,29.535795,25.938864,22.938864,26.408747,24.834648,20.094753,23.176859,23.872633,20.612276,18.238186,20.878723,19.166931,22.139315,19.06397,17.796804,19.399694,18.20291,17.055439,19.321001,14.96701,12.267406,12.297458,9.704291,10.633888,11.696603,13.406483,16.716368,17.597542,22.015959,21.8456,23.830385,20.336357,17.855146,15.814439,12.171364,12.21734,5.9447303,5.7996426,6.9787107,4.746581,3.2044826,5.471301,5.51924,3.7159626,9.653017,8.4012165,11.521775,13.083168,14.802345
20,29.666956,26.013834,26.78781,23.68378,20.479342,24.611979,19.15078,24.230806,22.020855,24.658998,25.496477,25.911428,25.88273,23.767197,19.51623,17.047417,13.631812,11.083831,8.001126,4.7646556,0.0,3.6453857,7.390372,6.3228526,7.6560793,7.2719154,11.370033,13.956161,16.051352,19.509134,20.354687,25.738708,27.208391,30.54099,26.50605,23.452723,26.765184,28.813568,23.956861,22.402584,27.514828,25.83546,21.522821,24.02987,28.006012,24.09578,20.636805,26.239414,28.324074,30.649696,29.185219,25.785734,31.282663,31.807383,28.445627,25.544172,23.383692,23.342087,28.528477,29.922611,25.513773,27.655893,31.494078,34.006134,30.58368,27.519741,30.720371,29.034166,24.358006,27.10374,27.541044,24.22393,21.932358,23.772846,22.540535,24.764763,21.303658,20.526028,21.002201,20.517902,18.619604,20.454664,16.218925,14.4777565,15.680285,11.948653,14.600816,14.381678,16.377031,19.029007,19.697115,23.860382,23.905693,25.345955,21.47431,18.70783,16.626854,12.60576,12.300491,6.735524,5.420385,5.9429507,3.5386298,2.8938677,5.1741705,8.541887,8.101422,13.718788,11.964057,14.933843,15.808597,17.229094
21,32.79445,29.19398,30.135359,27.206697,24.036776,28.22262,22.7161,27.673048,25.355097,27.780687,28.448746,28.610668,28.303387,26.057219,21.283342,19.587208,15.837793,13.8282795,9.840916,7.556954,3.6453857,0.0,5.874315,6.161932,7.1602945,7.7473955,12.4574175,15.186845,17.97782,20.900484,22.72809,27.629875,29.665176,32.94898,29.02745,26.269958,29.793482,31.616491,26.795906,25.528297,30.67856,28.627954,24.504366,27.331408,31.11046,26.816933,23.693949,29.50001,31.291693,33.738136,31.950613,28.402512,33.786335,34.32453,30.633787,27.396257,25.633667,25.059084,30.188593,32.169838,27.69587,29.189405,33.00785,35.809193,32.58839,29.246412,31.912825,29.994951,25.543383,28.061419,27.96183,24.559898,22.604887,23.825174,23.314013,24.968218,21.464918,21.440468,21.523634,21.95943,20.08707,22.151001,18.26029,16.599506,17.874716,13.439982,16.258688,14.590139,16.402704,18.362497,18.765556,22.604912,22.863167,23.926552,19.954706,17.023832,14.882269,11.012428,10.360974,6.355133,5.723544,7.2019916,6.83499,6.284605,7.4338694,11.039198,11.006809,16.687397,15.446268,18.270351,19.408102,20.655968
22,33.090492,29.881557,31.581295,28.806545,26.09031,30.337864,25.350721,30.750872,28.43655,31.529667,32.116467,32.825237,32.49328,30.641722,25.80981,23.462337,20.301464,17.269184,14.946395,10.648774,7.390372,5.874315,0.0,6.719096,9.479145,11.791983,15.085219,18.745651,20.923506,24.324646,25.417734,30.797155,33.23869,35.891216,31.424006,28.937504,32.23295,33.40587,28.341206,27.348629,32.084698,29.099277,25.188747,28.042881,31.368206,26.092796,23.247444,29.180782,30.257355,33.283398,31.399288,26.714705,32.174007,33.308018,29.185394,25.98257,25.134777,24.454718,29.108728,31.810986,28.208113,29.2816,33.230484,36.27205,33.723618,30.616615,33.039864,31.619081,26.864016,28.260393,28.756361,26.002861,23.175638,23.224234,22.611212,23.285051,19.393835,19.491194,18.13908,19.252651,16.795332,18.540203,15.361097,14.658236,17.033308,11.891189,16.682787,14.725079,17.692608,19.321774,20.757732,23.953262,25.479881,26.901167,23.360996,20.249037,17.24563,14.749354,11.666437,9.818661,5.9868464,5.4722223,8.329176,10.101112,12.466568,15.543188,14.345077,20.250807,17.41901,18.938932,20.60252,20.704596
23,33.968273,30.498049,31.32601,27.727194,24.508436,27.984035,22.54595,27.274294,24.173618,27.170322,27.075571,27.786102,26.919632,25.36731,20.032661,17.957958,15.066648,12.037138,10.911649,6.284731,6.3228526,6.161932,6.719096,0.0,3.4011,6.2059007,8.438694,12.315874,14.518582,17.769634,19.256798,24.299086,27.28696,29.698162,25.3573,23.267685,26.881897,27.773739,22.885233,22.332037,27.239292,24.152021,20.49478,24.05459,27.168642,22.21577,19.960188,26.189543,27.282442,29.771908,27.293602,23.95774,28.900108,29.273489,25.264603,21.709839,20.33001,19.285849,24.314041,26.804068,22.523087,23.479366,27.342413,30.353474,27.571728,24.238396,26.63912,25.052366,20.368296,22.287945,22.575417,19.598448,16.98476,17.941793,17.234793,18.870674,15.3932,15.367186,15.900497,16.5051,15.293933,18.12747,14.543667,12.086236,12.777494,8.04584,10.768208,8.733666,11.356,13.635409,15.133206,18.856705,20.011574,21.980871,18.696486,15.768886,12.697679,10.3319025,7.5959954,4.3463974,1.4190258,5.0393286,7.380429,7.7377014,10.032869,11.189646,9.57411,15.379825,13.727102,15.503153,17.998722,18.631525
24,35.97783,32.36091,32.766052,28.99485,25.530066,28.72987,23.019869,27.238068,23.853895,26.420082,26.01732,26.38538,25.173212,23.536898,17.750809,16.52399,13.384165,11.215842,9.594736,6.6960406,7.6560793,7.1602945,9.479145,3.4011,0.0,3.8089664,6.3648877,9.846659,12.805391,15.360522,17.948017,22.294373,25.644903,28.170261,24.206951,22.347948,26.238613,27.163301,22.545176,22.19419,27.25927,24.392069,20.930504,24.766792,27.8335,23.310175,21.356369,27.538927,28.748085,30.869389,28.134752,25.64707,30.234243,30.148548,26.265009,22.514957,20.85258,19.461893,24.615751,27.0094,22.188772,22.874056,26.560863,29.586739,26.595407,22.957186,25.094818,23.100636,18.784863,21.238146,20.826395,17.44436,15.621965,17.047192,16.86878,18.845276,15.83316,16.207758,17.606789,18.303362,17.708761,20.848816,17.2734,14.315612,14.051385,10.017258,10.675247,7.863784,9.24253,11.436748,12.27151,16.29351,16.899252,18.78119,15.433076,12.586576,9.769466,7.1863074,5.546714,1.8407949,4.6071076,8.272934,9.4476595,8.483113,9.784699,10.219882,9.261282,14.637386,14.435423,16.709623,19.22411,20.36072
25,34.71467,30.93914,30.878973,27.053272,23.394163,26.461296,20.553448,24.423952,21.102901,23.254248,22.971382,23.040651,21.957605,20.062393,14.442332,13.4265,9.867342,8.474034,6.0223384,5.2704773,7.2719154,7.7473955,11.791983,6.2059007,3.8089664,0.0,5.362325,7.503094,10.800832,13.219205,15.955133,20.17122,22.903404,25.966228,22.36555,20.138441,24.081594,25.607939,21.184582,20.478287,25.760664,23.779749,20.119667,23.672434,27.104681,23.466309,21.163687,27.01696,28.791342,30.514658,28.0975,26.28712,30.882435,30.506643,27.11391,23.641302,21.256271,20.314154,25.656023,27.226074,21.967505,23.326902,26.878662,29.53669,25.99261,22.386051,24.997284,22.78881,18.645672,22.005089,21.495949,17.754362,16.48141,18.996723,18.468695,21.221922,18.525133,18.37782,20.430836,20.314005,19.815872,22.752737,18.784216,15.643829,14.900309,11.888035,11.278695,9.996229,10.347394,13.041717,13.062147,17.561558,16.986027,18.690916,15.089212,12.602693,10.836461,7.0175943,8.301085,2.4152718,6.8260155,9.952416,9.227731,6.9479766,7.1879535,6.8442326,6.818213,11.715627,12.743812,15.848178,17.810694,19.661942
26,35.75175,32.10933,31.757675,27.420013,23.780895,25.95227,20.297405,23.53782,19.50434,21.987692,20.85903,21.432606,19.76053,18.700739,12.807155,11.4675,9.478368,7.462845,9.215588,7.54482,11.370033,12.4574175,15.085219,8.438694,6.3648877,5.362325,0.0,4.312192,6.563223,9.369132,11.775971,16.003237,19.653954,21.874279,18.000183,16.505274,20.566906,21.277008,16.993286,17.051104,22.073484,19.484669,16.420288,20.617647,23.404634,19.796848,18.438038,24.288004,25.626038,27.034216,24.04393,23.172512,27.081514,26.23821,22.92531,19.333755,16.817604,15.555482,20.874191,22.384462,16.929422,18.065521,21.549368,24.205095,20.75048,17.087383,19.728554,17.735395,13.354952,16.842636,16.690207,13.16263,11.528621,14.892999,13.883121,17.377396,15.288656,14.779682,18.046856,17.475376,17.979345,21.348503,17.75538,13.930027,11.809013,10.282696,6.9658585,6.8162847,6.596298,10.297511,11.165632,15.64245,15.387769,18.072853,15.44725,13.462531,11.466582,9.651328,9.9503765,6.558998,9.209579,11.9381075,11.971576,10.468215,11.2740135,8.727481,7.301021,10.645915,12.01184,14.145545,17.075241,18.625164
27,36.792446,33.0453,32.090233,27.65977,23.860157,25.51466,19.807314,22.088114,17.883396,19.587507,18.096199,18.176867,16.13522,15.008051,8.734009,8.695701,6.9405417,7.1477156,9.061262,10.009888,13.956161,15.186845,18.745651,12.315874,9.846659,7.503094,4.312192,0.0,4.4567485,5.720987,9.694799,12.782797,16.332804,19.010916,15.916554,14.489208,18.742321,19.890186,16.26995,16.302855,21.357126,19.779379,16.980944,20.95286,23.795975,21.384409,20.114796,25.383266,27.132742,27.917385,25.062223,25.352686,28.86143,27.491678,24.785612,21.470354,18.364813,17.322542,22.496595,23.165018,17.198704,18.65671,21.674568,23.886675,19.864338,16.129492,18.928682,16.488045,12.883893,17.495522,16.772264,12.870445,12.626154,16.975853,16.09255,20.103413,18.63915,18.041693,21.88086,20.916147,21.709057,24.969433,21.28344,17.388945,14.754022,14.242446,9.850256,10.450522,8.674359,12.0001335,11.67951,16.261944,14.598933,17.1007,14.649316,13.3971405,12.632041,10.628818,12.824853,9.455779,13.013788,15.682041,14.748053,12.483724,12.2303295,8.566228,8.393176,9.4126625,12.99478,15.667475,18.050993,20.269255
28,35.210716,31.627502,30.427588,25.71838,22.068796,22.976608,17.714378,19.498913,14.930397,17.097778,15.160055,16.004402,13.950332,13.71204,8.605836,6.7196217,7.4603615,6.667797,11.462622,11.460678,16.051352,17.97782,20.923506,14.518582,12.805391,10.800832,6.563223,4.4567485,0.0,4.8932705,5.395256,9.898904,13.20793,15.366888,11.711011,10.337172,14.567418,15.467797,11.843632,12.122216,17.011812,15.575365,13.033902,17.05061,19.642256,17.872276,16.951586,21.774118,23.53825,23.942795,21.124235,22.243027,25.36224,23.706322,21.509699,18.651598,15.003624,14.575405,19.60118,19.39026,13.358321,15.749812,18.69038,20.440142,16.121159,12.816597,16.591036,14.803923,10.805632,15.6401615,16.063284,12.868982,11.843608,16.927414,14.924009,19.604631,18.485361,16.964626,21.35875,19.411547,20.604025,23.67164,20.162039,16.183334,12.856156,14.026829,8.587837,11.602252,10.428084,14.161464,14.670848,18.890308,17.602411,20.533808,18.617924,17.551712,16.55006,14.929589,16.305353,12.657201,14.97912,16.916468,15.883405,14.164012,14.382301,10.032336,8.907581,7.919378,11.379234,13.251984,15.872545,17.966772
29,39.476173,35.83145,34.294647,29.62464,25.909992,26.45775,21.281517,22.09997,17.507225,18.558857,15.966545,15.98082,12.963358,12.869011,7.0622663,8.5804205,9.318975,10.671171,13.876216,15.290243,19.509134,20.900484,24.324646,17.769634,15.360522,13.219205,9.369132,5.720987,4.8932705,0.0,7.161978,7.419066,12.19275,14.247824,12.111525,11.934231,16.141422,16.792768,14.446511,15.26733,19.619455,18.588295,16.898813,20.846216,22.971066,21.79534,21.442646,25.890303,27.533546,27.503073,24.410553,26.407581,28.881218,26.726969,24.743809,21.766674,18.338392,17.287493,21.839342,21.64957,15.4243145,16.790369,18.992123,20.619194,16.234035,12.548701,15.320107,12.671699,10.316198,15.843235,14.859923,11.289986,12.352164,17.655605,16.666983,21.22543,20.791899,19.995583,24.705248,23.302559,24.860193,28.161785,24.824251,20.769974,17.280373,18.22131,12.446913,13.946352,11.276852,14.099437,13.512052,17.38316,15.000898,17.777039,16.503569,16.257643,16.21434,15.273252,17.64338,15.124918,18.474846,20.933973,19.95585,17.772444,17.337196,13.055858,12.936916,11.428477,15.999491,18.052986,20.43239,22.724983
30,34.738808,31.387838,29.663515,24.758036,21.397379,21.048948,16.69843,17.120867,12.270667,14.439421,11.67213,13.354502,11.226671,12.351148,9.656649,6.898469,10.263184,9.762276,15.595717,15.62571,20.354687,22.72809,25.417734,19.256798,17.948017,15.955133,11.775971,9.694799,5.395256,7.161978,0.0,6.8969417,9.071586,10.48601,6.421973,5.308335,9.504482,10.284263,7.467036,8.221542,12.474006,12.159916,10.512587,14.01612,16.101221,16.123352,15.788188,19.336483,21.272297,20.78721,18.236853,21.02571,23.306944,21.060778,19.98624,18.051775,13.755961,14.323865,18.59425,16.726759,10.826578,14.555525,16.857853,17.563034,12.665221,10.420612,15.317373,14.3530655,10.966316,15.835021,17.234861,14.991792,13.9124155,19.411896,16.586319,21.697805,21.166737,18.873602,23.689806,20.758286,22.367224,25.035143,21.849277,18.070093,14.283008,17.142538,11.452308,15.854331,14.858231,18.45726,19.178276,22.98343,21.596716,24.670923,23.25162,22.538534,21.717112,20.285995,21.580425,17.827225,19.53514,20.868322,19.552572,18.141766,18.39069,13.735916,12.509982,9.142676,12.545597,13.413686,15.696385,17.753805
31,40.83857,37.47584,35.295525,30.476505,27.129591,26.199608,22.192354,21.210594,16.597366,17.038279,13.255246,13.791019,10.1720495,12.172586,10.014399,10.929256,14.038409,15.37804,19.902344,21.190601,25.738708,27.629875,30.797155,24.299086,22.294373,20.17122,16.003237,12.782797,9.898904,7.419066,6.8969417,0.0,7.016288,7.201906,6.989613,8.922409,12.060187,12.0352745,12.065227,13.637207,16.355024,16.65355,16.47853,19.656898,20.793955,21.689491,22.212585,25.113993,26.742527,25.582405,22.711084,26.768297,27.976177,25.004135,24.382883,22.41714,18.584976,18.308067,21.68259,19.708883,13.99923,16.122381,17.050787,17.198,12.268679,9.988993,13.470742,11.811916,11.211277,16.575502,16.538616,14.493771,15.629766,21.284668,19.509512,24.47104,24.856518,23.32677,28.576439,26.235998,28.347174,31.31189,28.372578,24.455233,20.44079,23.019007,16.769478,19.760208,17.404808,20.068703,19.8614,22.978674,20.607256,23.459982,23.012651,23.236118,23.346302,22.689575,24.81772,22.125925,24.840755,26.757425,25.537529,23.635666,23.279589,18.571411,18.199791,14.656135,19.185165,20.301716,22.353313,24.558569
32,37.38327,34.14717,31.283642,26.694063,23.627058,21.80971,18.682362,16.093225,12.161978,11.318294,7.1636105,7.8158154,4.8604784,8.262504,10.498511,10.282613,14.357184,16.19964,20.799511,22.79817,27.208391,29.665176,33.23869,27.28696,25.644903,22.903404,19.653954,16.332804,13.20793,12.19275,9.071586,7.016288,0.0,5.5521493,7.3765225,6.991601,8.475354,11.112268,12.159725,12.158996,14.274015,17.398224,16.80279,18.225449,20.006588,22.801846,22.399815,23.959175,26.609804,24.846495,23.401329,27.790445,29.24965,26.415068,26.807735,25.7767,21.32752,22.378525,25.6997,22.323761,17.317244,21.109869,22.050169,21.297535,16.125202,15.294408,19.64348,18.592827,17.527552,22.625813,23.330612,21.258184,21.70258,27.393396,24.941637,30.081514,29.986805,27.755312,32.686604,29.485174,31.06668,33.364548,30.108019,26.60683,23.007612,25.99913,20.507584,24.508553,22.79342,25.936764,25.653147,29.244877,26.532482,28.981384,27.907597,27.97362,28.243778,26.50901,29.120575,25.120897,27.519295,28.872028,26.637981,24.64655,23.935625,19.17883,19.243319,14.026432,18.848175,20.209518,20.898136,23.655048
33,40.19405,37.222054,34.516613,29.782387,27.013584,24.715683,22.22531,19.672565,15.685532,15.707552,11.512325,13.016068,10.358148,13.788631,14.943683,14.451755,18.592607,19.560438,24.846483,25.88845,30.54099,32.94898,35.891216,29.698162,28.170261,25.966228,21.874279,19.010916,15.366888,14.247824,10.48601,7.201906,5.5521493,0.0,5.448785,8.323341,8.610919,8.398078,11.334438,12.817205,13.243844,15.690769,16.641905,18.267736,18.60589,21.80801,22.650322,23.686895,25.527441,23.29551,21.333208,26.875076,27.166622,23.788544,24.699833,24.036598,19.93419,20.871332,23.17981,19.312654,15.051813,18.429028,18.501392,17.006319,12.138165,12.429976,16.52025,16.336895,16.103085,20.460903,21.683613,20.621012,20.990393,26.522982,23.891317,28.96377,29.534311,27.202616,32.442204,29.140728,31.326176,33.686314,31.032696,27.52451,23.533241,27.211737,21.301727,25.488245,23.775736,26.676104,26.877922,29.896345,27.743282,30.607895,30.185354,30.358902,30.333216,29.383347,31.295584,27.973959,30.009838,31.298897,29.718477,28.140598,27.913944,23.110468,22.523445,17.829647,21.67317,21.98703,23.359734,25.400354
34,36.79911,33.822586,31.633717,26.717163,23.889883,22.113874,19.236973,17.975359,13.477169,15.11956,11.445745,13.842311,11.676204,14.384153,14.064665,11.942955,16.043392,15.806918,21.779303,21.767153,26.50605,29.02745,31.424006,25.3573,24.206951,22.36555,18.000183,15.916554,11.711011,12.111525,6.421973,6.989613,7.3765225,5.448785,0.0,4.6484575,6.2351804,5.087349,6.1599293,8.276267,9.606016,10.753619,11.396887,13.751752,14.280971,16.589739,17.452421,19.135403,20.790672,19.084587,16.734627,21.699959,22.454102,19.37511,19.779007,18.965366,14.676111,15.885084,18.624233,14.972325,10.229439,14.469984,15.440154,14.595762,9.431466,9.352715,14.564764,14.726818,12.851563,16.97193,19.07494,18.021967,17.206894,22.645689,19.455235,24.5976,24.84861,22.175306,27.280678,23.779114,25.913393,28.242794,25.663315,22.18737,18.182468,22.118353,16.397379,21.152203,20.091734,23.34902,24.210579,27.446268,26.066795,29.267221,28.485561,28.144382,27.4727,26.474203,27.638338,24.187632,25.592861,26.615923,25.365332,24.213026,24.506416,19.820827,18.572412,14.458162,17.276604,17.057419,18.987206,20.632414
35,32.640236,29.533068,27.262754,22.367054,19.40299,17.851759,14.658169,13.619332,8.958223,11.089123,8.018933,10.850754,9.707567,11.792771,12.115849,8.59101,12.93054,12.585276,18.622759,18.846289,23.452723,26.269958,28.937504,23.267685,22.347948,20.138441,16.505274,14.489208,10.337172,11.934231,5.308335,8.922409,6.991601,8.323341,4.6484575,0.0,4.294087,6.975913,5.6552663,5.295762,8.556825,11.036407,9.848101,11.523891,13.64088,15.976425,15.425365,17.248888,19.840406,18.493505,17.051544,20.886215,22.776842,20.361265,20.56493,19.789797,15.124076,16.945953,20.458609,16.96441,12.175333,17.132977,18.886032,18.476927,13.437825,12.855766,18.247736,17.99233,15.170031,19.5287,21.603794,19.868265,18.605993,24.009295,20.644634,25.789673,25.300798,22.392536,27.032925,23.269674,24.724155,26.735308,23.650305,20.361723,16.84119,20.501307,15.516836,20.647818,20.05403,23.715374,24.477137,28.265305,26.730902,29.691778,28.226507,27.568012,26.85361,25.037628,26.444616,22.086483,23.306795,24.041988,22.159084,20.940048,21.110062,16.488205,15.391313,10.601432,13.525821,13.846188,15.0586,17.249832
