,0,1,2,3,4,5,6,7,8,9,10,11,12,13,14,15,16,17,18,19,20,21,22,23,24,25,26,27,28,29,30,31,32,33,34,35,36,37,38,39,40,41,42,43,44,45,46,47,48,49,50,51,52,53,54,55,56,57,58,59,60,61,62,63,64,65,66,67,68,69,70,71,72,73,74,75,76,77,78,79,80,81,82,83,84,85,86,87,88,89,90,91,92,93,94,95,96,97,98,99,100,101,102,103,104,105,106,107,108,109,110
0,0.0,4.3623605,6.915128,9.34912,12.708732,15.404299,18.120918,22.384357,25.715775,28.616858,34.06196,33.311527,36.543823,38.165157,33.37713,29.621578,28.06999,23.065447,22.728966,17.007101,17.598227,14.524839,14.665994,17.095297,14.880441,12.001953,17.399822,19.852875,19.754084,23.700262,24.36561,30.940554,30.950638,35.238045,35.064915,38.61183,38.89217,36.25408,35.837833,32.53853,32.395557,25.850554,24.884724,21.28058,19.914158,14.7568865,14.981826,11.669798,16.757408,17.953579,21.026213,23.499676,27.309046,28.710352,29.409113,27.260437,27.817135,30.473745,35.582127,32.615726,29.677036,27.525257,23.562248,23.1207,21.631332,22.040838,18.238853,13.407395,11.657088,17.10937,16.27551,19.934673,22.510223,25.717848,28.136435,32.35913,35.370586,37.611027,39.791973,41.136406,42.153534,40.080093,35.24939,32.03364,29.677017,27.228355,23.289265,20.931202,17.549124,15.024575,14.175494,16.505001,16.659428,16.59347,21.054062,21.346928,24.733833,22.276203,27.94921,27.522581,33.681126,34.17294,38.731804,39.609566,38.417904,36.00598,33.54974,29.05061,28.262892,23.883434,23.911701
1,4.3623605,0.0,5.198578,6.6202536,9.439978,13.199729,14.576137,19.57729,22.438133,25.64429,30.705185,30.07947,33.136013,34.445618,29.744116,25.909986,24.64412,19.406853,19.787868,14.150854,15.420789,13.082825,14.2318945,16.147842,15.104144,11.554438,17.272219,18.779638,17.710615,21.47844,21.893576,28.05294,28.047869,32.02312,31.66713,35.274242,35.305084,32.503265,32.12118,28.777489,28.842926,22.312828,21.419857,17.951242,16.71338,12.158483,12.171225,10.631845,15.3433075,17.420128,19.082756,22.620636,26.048386,26.64554,27.32281,25.045351,25.061401,27.421473,32.53268,29.245895,26.25546,24.259216,20.5063,20.0395,19.536915,19.33299,15.124088,11.3258295,8.190289,13.205659,12.091626,16.01221,18.465275,21.855942,24.119127,28.559958,31.417871,33.842117,35.851414,37.127014,38.221764,35.9736,31.114508,28.019274,25.471935,23.188705,19.040081,16.711956,13.201523,10.769111,9.945783,12.37626,13.132898,13.629117,17.813757,17.662275,20.885355,18.132973,23.716007,23.19781,29.353754,29.892235,34.396015,35.32946,34.15029,31.795427,29.38422,24.901514,24.274178,19.86913,20.286522
2,6.915128,5.198578,0.0,5.268828,6.896458,10.356187,12.300684,16.3124,19.839735,22.145605,27.891008,26.696617,30.081554,31.863428,26.920918,23.544798,21.544556,16.990923,16.104048,10.345881,11.462588,8.198679,9.996053,13.061952,13.196928,11.111833,17.09751,18.224804,16.544128,21.389635,20.229258,27.199059,26.01443,30.75585,29.777765,33.45365,33.44707,30.87728,31.083614,27.657505,28.512747,21.417332,21.583305,17.16895,17.821531,13.239577,15.088701,12.888677,17.267622,20.218233,21.400963,24.880829,28.70043,29.49372,29.24713,26.51622,27.020905,28.885723,34.351173,31.258373,27.97033,27.026957,23.527246,23.644026,23.660906,23.662952,19.27617,16.19294,12.363152,16.227966,13.029291,17.441547,18.546251,22.399422,23.80468,28.620724,31.056671,33.247818,35.249924,36.97291,38.63311,36.52006,31.62406,28.836649,25.829237,24.645302,19.549093,18.42771,14.270117,12.750028,10.501946,11.300033,11.555337,10.205514,14.782387,15.444965,18.895878,17.067875,22.853947,22.83641,28.91971,29.318739,34.247505,34.66085,33.212658,30.679522,28.003761,23.589226,22.300812,18.064865,17.473665
3,9.34912,6.6202536,5.268828,0.0,4.180842,6.62313,9.225502,13.357098,16.464994,19.80227,24.92129,24.671936,27.705473,29.500544,24.971704,20.78426,19.537138,14.337742,14.294922,9.01326,9.392919,8.607896,9.47509,10.191528,10.666158,7.540977,13.262039,13.637596,11.642643,16.18224,15.535105,22.232922,21.713541,26.143148,25.751402,29.30939,29.637434,27.135534,26.841564,23.540192,23.7766,16.867308,16.658413,12.346635,12.78797,8.158731,10.967061,9.124583,12.709665,16.406343,16.659626,20.450342,24.169165,24.868624,24.212704,21.366419,22.042345,23.837189,29.402092,26.60918,23.236248,22.804743,19.374584,20.214403,20.31394,21.28936,17.35065,14.649396,11.258505,13.733166,9.567167,13.294687,14.5202265,17.928776,19.781387,24.086079,26.882612,28.859024,31.144293,32.83556,34.268135,32.52528,27.711517,24.660975,22.169628,20.749878,16.139513,15.457217,11.880122,11.575895,10.182863,9.814545,12.9759655,11.799268,15.752911,15.675799,18.580515,16.071114,21.373632,20.627462,26.77411,26.451857,31.416246,31.814877,30.837797,28.04069,26.321198,21.066221,20.650902,16.209997,16.562365
4,12.708732,9.439978,6.896458,4.180842,0.0,5.724365,5.4977756,10.250305,13.179093,16.223568,21.393042,20.804346,23.887182,25.59087,20.928446,17.000622,15.533559,10.456631,10.521283,5.2646766,6.991224,7.205089,9.817803,10.602591,12.992009,10.743437,15.924224,15.245947,11.889479,16.577759,14.46002,20.9865,19.553188,24.091309,22.954895,26.657248,26.585634,24.00206,24.220978,20.789118,21.938885,14.709845,15.485136,10.785993,12.960837,9.877584,12.875737,12.626818,15.327704,19.583235,18.575384,23.00223,26.376163,26.40175,25.406961,22.349787,22.631283,23.76396,29.342762,26.317728,22.843262,23.08856,20.187258,21.097685,22.313072,22.558842,18.385702,16.997332,12.710009,13.880553,8.392178,12.547416,12.38498,16.366262,17.2611,22.148294,24.387022,26.474266,28.485275,30.364412,32.25276,30.33019,25.49214,22.87243,19.796225,19.401562,13.938952,14.220146,10.256803,10.851017,8.664919,6.6350965,10.353202,8.654634,12.092223,11.979765,14.738725,12.610572,17.862202,17.430872,23.457266,23.19977,28.342577,28.489592,27.290106,24.486753,22.528738,17.427794,16.665756,12.309248,12.406216
5,15.404299,13.199729,10.356187,6.62313,5.724365,0.0,7.022203,7.7749963,11.543179,14.548311,19.876131,19.961088,22.996658,25.529686,21.304317,17.027403,15.618175,11.290752,9.962754,6.592606,4.3290634,7.052472,7.041852,5.339904,9.050382,8.380866,12.194801,10.894084,7.4974403,13.174959,10.213974,17.829903,16.139637,21.422249,20.809813,24.240465,24.963634,23.00283,23.008856,19.883114,20.55204,13.451877,14.578789,9.356026,12.693444,9.432697,14.247596,12.4139185,14.029695,18.64687,17.638187,21.116356,24.935955,25.799494,23.673077,20.334803,21.833803,22.797678,28.606127,26.52722,22.928116,24.24702,21.434202,23.342813,23.907108,25.678173,22.139126,20.25353,16.990986,17.730059,11.8554945,14.5163355,13.826039,16.870686,17.800156,21.707794,24.174067,25.455137,28.000093,30.23534,32.134438,31.030352,26.46711,23.714554,21.355297,21.206638,16.45803,17.671925,14.557367,15.897799,14.207233,11.494723,15.72283,13.001833,16.015776,16.246275,18.504171,16.814838,21.287836,20.518671,26.185408,24.954458,30.27753,29.967808,29.168009,25.967579,25.004856,19.282793,18.947018,15.021936,14.921389
6,18.120918,14.576137,12.300684,9.225502,5.4977756,7.022203,0.0,6.5388,8.090019,11.713505,16.14342,15.969105,18.730377,20.28631,15.873285,11.574998,10.635291,5.124933,6.8803043,4.8392153,6.971694,9.985696,12.786057,12.129221,15.975386,14.203068,18.146952,16.060827,11.396886,15.355755,11.848016,17.387602,15.241565,19.527311,17.81429,21.592869,21.228014,18.59445,19.134289,15.655036,17.632133,10.340303,12.372153,7.694486,12.062116,11.399629,14.626685,15.938786,17.147125,21.975775,19.27307,24.244255,27.047451,26.302193,24.689377,21.459316,21.387526,21.586761,27.061117,24.08075,20.554056,22.028654,19.974316,21.39849,23.723051,23.832735,19.996546,20.076359,15.750201,14.765473,8.228782,11.254836,8.938612,13.026786,12.721227,17.878685,19.560513,21.58622,23.432932,25.540081,27.847206,26.017004,21.302929,19.143553,15.785722,16.72806,10.898337,13.031897,9.83784,12.2559595,10.399629,6.135446,11.484124,9.822474,11.215073,10.447689,12.0324,10.1638155,14.282188,13.667676,19.304766,18.47706,23.829039,23.597067,22.507227,19.488611,18.105587,12.554293,12.169679,8.0544815,8.809684
7,22.384357,19.57729,16.3124,13.357098,10.250305,7.7749963,6.5388,0.0,4.7787395,6.81956,12.338902,12.299728,15.314076,18.223896,14.222133,10.359562,8.651483,6.4946413,4.1507025,6.864299,5.740036,10.613537,12.244589,10.540222,15.789646,15.909696,18.461231,15.673082,10.87932,15.246692,9.290519,15.4858465,11.27714,16.980055,14.7497425,18.301338,18.509392,16.827799,17.963469,14.920105,17.466438,10.671533,14.128534,9.322443,15.393401,14.9035,19.34223,19.375397,19.837194,24.869663,22.109526,26.184446,29.271732,29.13783,26.298656,22.798897,23.788177,23.406816,28.92327,26.899385,23.336231,26.12884,24.392435,26.573362,28.553051,29.619106,26.121109,25.8297,21.910948,20.937883,14.331205,16.252708,13.054045,15.988012,14.743041,18.855244,20.020357,20.975855,23.112562,25.886494,28.678131,27.698845,23.496572,21.745853,18.88041,20.845966,15.696626,18.816116,16.196768,18.790224,16.80488,12.444322,16.758335,13.623929,14.414824,14.57646,15.535636,15.130081,18.035059,17.652332,22.23459,20.480713,25.979115,24.86543,23.946686,20.590822,20.04218,14.604682,14.033167,11.457008,10.827439
8,25.715775,22.438133,19.839735,16.464994,13.179093,11.543179,8.090019,4.7787395,0.0,5.7273297,8.56194,9.952329,12.035548,14.421596,11.147903,6.388533,6.6343274,5.2759004,6.5212927,10.372137,10.337589,15.071257,16.899744,14.664283,19.636942,19.152708,21.177172,17.724949,12.594774,15.279763,9.414162,13.047275,8.563377,13.283642,10.446354,14.179039,13.979454,12.078692,13.392908,10.350972,13.713286,7.703727,12.064073,8.651537,15.057167,16.341114,20.179333,21.59287,21.226591,26.34879,22.41087,26.969584,29.336853,28.37233,25.416212,22.033957,22.392088,21.26559,26.39104,24.35692,20.963612,24.48417,23.492085,25.843727,28.6083,29.407093,26.279774,27.020435,23.187307,20.950169,14.582213,15.38912,11.15109,13.409706,11.098749,14.998042,15.578087,16.495836,18.441854,21.309843,24.343418,23.439074,19.49313,18.214575,15.425213,18.32103,13.706525,17.742754,16.080664,19.415918,17.961544,13.342837,18.26512,16.05708,15.725651,15.081875,14.945968,14.446048,15.834125,15.059015,18.867853,16.48249,21.883785,20.55556,19.954786,16.468859,16.908628,11.233997,11.654544,10.014593,10.599121
9,28.616858,25.64429,22.145605,19.80227,16.223568,14.548311,11.713505,6.81956,5.7273297,0.0,6.988992,5.7254148,8.992665,12.645494,9.076218,7.3742013,4.9477844,8.316417,6.1865745,11.860185,11.717692,15.836596,17.981253,16.728176,22.212255,22.706257,24.899097,21.732882,16.913036,20.255629,13.680741,17.435614,11.458445,16.513294,12.383808,15.621197,14.968283,13.885771,16.56413,14.069133,18.395609,13.27862,17.756897,14.224228,20.645592,21.264671,25.326975,26.06637,26.196587,31.296999,27.846607,32.09864,34.748226,34.035942,30.893244,27.464302,28.064442,26.812637,31.79497,29.858917,26.544315,30.1206,29.127886,31.293667,34.071266,34.562286,31.102285,31.676537,27.41896,25.700468,19.26393,20.748913,16.422848,18.911594,15.945045,19.768932,19.38342,19.935913,21.338284,24.5312,28.145372,27.259523,23.677559,23.0663,19.909033,23.496473,18.494917,22.516203,20.335005,23.305342,21.178516,16.490923,19.87398,16.766357,15.695978,15.961346,15.607153,16.709633,17.801819,18.068268,21.019293,19.041462,24.317518,22.343033,21.183891,17.956758,17.65475,13.577092,12.463111,12.202304,10.791628
10,34.06196,30.705185,27.891008,24.92129,21.393042,19.876131,16.14342,12.338902,8.56194,6.988992,0.0,5.3616967,4.5205584,7.721833,7.3782153,6.415701,7.9151754,11.718546,12.457642,17.805468,17.929426,22.384565,24.362047,22.25157,27.504469,27.5273,28.961647,25.126923,20.253654,21.787266,15.811731,16.081293,10.323051,12.832728,7.465817,10.088022,8.488289,8.075749,11.700518,10.303869,15.512661,13.214476,17.835052,16.266748,22.341272,24.588629,28.105757,30.00987,29.162647,34.2517,29.63582,34.10017,35.895008,34.362476,30.970556,27.82245,27.87317,25.684086,29.816902,28.233671,25.377785,29.883055,29.859377,32.284344,35.75669,36.175056,33.32423,34.90274,30.957138,27.977001,22.087965,22.21936,17.321318,18.446741,14.46042,16.850233,15.161781,15.041735,15.878018,19.304985,23.337362,22.930456,20.28749,20.637888,18.115868,22.73242,19.090286,23.817583,22.880033,26.477404,25.036161,20.357801,24.348827,22.234575,20.37829,19.784698,18.252876,19.151138,18.104641,17.863039,18.988613,15.960675,20.525242,17.929024,17.466375,14.267701,16.02823,12.639114,13.067229,14.4009,14.496508
11,33.311527,30.07947,26.696617,24.671936,20.804346,19.961088,15.969105,12.299728,9.952329,5.7254148,5.3616967,0.0,4.0413165,7.826678,5.0953875,7.2356987,5.7325006,11.433997,10.739624,16.38921,17.055588,20.722681,23.371243,22.431597,27.901554,28.184713,30.461687,27.138262,22.197147,24.881271,18.540703,20.548855,14.543297,18.003187,12.767324,15.421066,13.512385,12.721274,16.565742,14.666656,20.065891,16.413355,21.047674,18.46952,24.697641,26.058876,29.608032,31.123116,31.134666,36.252533,32.27568,36.879635,39.097736,37.7504,34.71667,31.442633,31.451103,29.667814,34.093365,31.998018,28.985228,32.81914,32.398632,34.35438,37.831577,37.638283,34.2317,35.600643,31.106035,28.789442,22.766367,23.972424,19.164337,21.358528,17.377495,20.98309,19.31742,19.845078,20.28571,23.525059,27.689684,26.62393,23.631386,24.016045,20.627403,25.247435,20.530596,24.9113,23.153261,26.284449,24.21558,19.585995,22.26195,19.707617,17.332472,17.374334,15.899078,17.938692,17.359169,18.161674,19.458162,17.613459,22.333132,19.76327,18.309206,15.518599,15.293053,13.125553,11.702042,13.483148,12.039662
12,36.543823,33.136013,30.081554,27.705473,23.887182,22.996658,18.730377,15.314076,12.035548,8.992665,4.5205584,4.0413165,0.0,4.7699537,5.456912,8.164215,8.701561,13.906335,14.292981,19.840395,20.492813,24.429283,26.93076,25.517035,30.914953,31.005995,32.889404,29.241564,24.293417,26.145962,20.110489,20.527218,14.824274,16.897854,11.346088,13.318291,10.784245,10.520655,14.807793,13.654948,19.301884,17.144691,21.729963,20.079704,26.097536,28.208305,31.51547,33.5589,33.082996,38.188015,33.655914,38.32743,40.117306,38.37264,35.217888,32.10768,31.856543,29.612482,33.534897,31.65231,28.921465,33.20054,33.281742,35.365017,39.170593,38.95938,35.886986,37.74397,33.43406,30.502975,24.77829,25.307077,20.299099,21.780058,17.387638,20.145504,17.747719,17.897064,17.867989,21.155663,25.536556,24.738087,22.376385,23.335394,20.344418,25.438864,21.502184,26.174335,25.059296,28.481684,26.775993,22.178862,25.203426,23.132326,20.509794,20.113737,18.109682,19.941748,18.240097,18.754824,18.903423,16.531843,20.659784,17.680796,16.618921,13.997299,15.017693,13.499136,12.989934,15.478571,14.8806
13,38.165157,34.445618,31.863428,29.500544,25.59087,25.529686,20.28631,18.223896,14.421596,12.645494,7.721833,7.826678,4.7699537,0.0,5.342888,8.851951,10.634756,15.184039,16.951544,22.011456,23.342886,27.116451,30.02694,28.702229,33.91355,33.39875,35.529366,31.843618,26.755507,28.070074,22.712584,22.145796,17.423319,18.076115,12.665411,14.389057,10.790322,9.851115,14.293132,13.421092,19.33118,18.103092,22.338284,21.502281,26.940102,29.671942,32.287388,35.206818,34.65045,39.667545,34.70275,39.811676,41.129555,38.708633,36.004345,33.12802,32.130993,29.647713,33.044834,30.791277,28.387936,32.515152,33.055958,34.822685,39.208385,38.33363,35.440426,38.04449,33.719597,30.207642,25.136112,25.32522,20.271597,21.49573,16.694223,19.37731,16.201275,16.86064,15.872029,18.780762,23.338652,22.047844,20.079683,21.762293,18.64372,24.215097,20.767857,25.443922,24.875225,28.380447,27.002836,22.687923,25.545954,24.344824,21.170488,20.200968,17.50517,19.30242,16.265179,16.842724,15.590638,13.397994,16.818073,13.610836,12.410129,10.3007555,11.822183,11.881794,11.867219,15.323318,15.495608
14,33.37713,29.744116,26.920918,24.971704,20.928446,21.304317,15.873285,14.222133,11.147903,9.076218,7.3782153,5.0953875,5.456912,5.342888,0.0,5.6429677,5.816009,10.814557,12.218763,17.106146,18.8146,22.199516,25.460337,24.731075,29.932034,29.398327,32.137833,28.846376,23.682682,25.907124,20.338217,21.560265,16.5865,18.800936,13.573643,16.37288,13.476376,11.667987,15.626033,13.569179,19.373487,16.14439,20.46413,18.583408,24.20805,26.163334,28.898012,31.428577,31.492296,36.52881,32.155552,37.344532,39.125874,37.0673,34.636814,31.566093,30.725864,28.828272,32.89592,30.22028,27.431341,30.91244,30.836187,32.359074,36.46684,35.442905,32.090378,34.249084,29.62556,26.739893,21.350471,22.394215,17.477367,19.732264,15.294955,19.38711,17.199732,18.533388,18.247036,21.091267,25.334911,23.556993,20.55931,21.440779,17.582035,22.64524,18.025183,22.407726,21.056429,24.266964,22.478952,18.108782,20.568737,19.088327,15.951107,15.235066,12.875392,15.0111265,13.162957,14.236362,14.711794,13.367348,17.902157,15.433583,13.541695,11.015105,10.291316,9.300021,7.818898,10.929701,10.335864
15,29.621578,25.909986,23.544798,20.78426,17.000622,17.027403,11.574998,10.359562,6.388533,7.3742013,6.415701,7.2356987,8.164215,8.851951,5.6429677,0.0,4.45861,6.572559,9.612512,13.971421,15.388836,19.38392,22.193686,20.720146,25.647247,24.720943,27.174105,23.736212,18.543682,20.415236,15.261963,16.528631,12.262242,14.6897955,10.266093,13.792957,11.7256155,9.149052,12.003477,9.17064,14.506664,10.528669,14.861852,13.05334,18.677898,20.926407,23.72221,26.389662,26.088991,31.122177,26.57334,31.755451,33.48643,31.515766,29.042395,25.949715,25.201843,23.457935,27.827929,25.233501,22.247393,25.817736,25.595026,27.432367,31.28545,30.85218,27.72467,29.689426,25.446701,22.341333,16.710485,17.29073,12.311304,14.446376,10.330082,14.69861,13.501523,15.02725,15.656838,18.490255,22.239948,20.661858,17.0667,17.100801,13.492943,18.029894,13.4834585,18.074871,16.972883,20.536058,19.163963,14.615379,18.627228,17.327179,15.264347,14.043559,12.370121,12.823186,11.944431,11.738903,13.914886,11.670745,16.959663,15.160786,14.105437,10.751493,11.1904955,6.684518,7.1214695,8.123426,9.142011
16,28.06999,24.64412,21.544556,19.537138,15.533559,15.618175,10.635291,8.651483,6.6343274,4.9477844,7.9151754,5.7325006,8.701561,10.634756,5.816009,4.45861,0.0,5.9663677,6.4324408,11.463748,12.99962,16.49899,19.660643,19.04677,24.233347,23.83716,26.799421,23.799864,18.696386,21.768219,15.996719,19.099894,14.074898,17.917646,13.484964,16.98225,15.270253,13.22776,16.180363,13.317077,18.264832,13.115049,17.413788,14.318695,20.249651,21.309698,24.53224,26.299767,26.725298,31.77958,28.039043,32.989815,35.293503,33.884426,31.43043,28.157564,27.859697,26.577524,31.339315,28.685822,25.495127,28.585394,27.800186,29.433102,32.86866,32.37281,28.757256,30.067898,25.448977,23.316303,17.29874,19.001646,14.43502,17.42306,13.933994,18.702253,17.891571,19.322495,20.080048,22.948175,26.672897,25.008316,21.22885,20.975702,17.08804,21.08908,15.67239,19.707342,17.580542,20.58872,18.486214,13.855456,16.818605,14.580312,12.480734,12.167237,11.110526,12.5827465,13.101778,13.818041,16.61563,15.32537,20.628574,18.870213,17.22218,14.216518,12.977167,9.414029,7.5975814,8.075291,6.779518
17,23.065447,19.406853,16.990923,14.337742,10.456631,11.290752,5.124933,6.4946413,5.2759004,8.316417,11.718546,11.433997,13.906335,15.184039,10.814557,6.572559,5.9663677,0.0,5.6068616,7.8553576,9.953472,13.527864,16.615341,15.731268,20.282059,18.980202,22.303999,19.546574,14.443961,17.552233,12.929567,16.851376,13.535892,17.356642,14.443986,18.274586,17.21463,14.510891,15.948537,12.493135,16.020348,9.490352,12.960292,9.373294,14.774592,15.664797,18.613619,20.706799,21.254324,26.221481,22.604776,27.79839,30.121153,28.739157,26.772528,23.549417,23.076021,22.377022,27.464611,24.490683,21.122227,23.522465,22.307604,23.845518,27.040361,26.686453,23.056522,24.172047,19.717941,17.618778,11.404385,13.358732,9.265095,12.962893,10.728636,16.155718,16.68921,18.69276,20.037018,22.431992,25.38779,23.498472,19.066439,17.804672,13.962959,16.680357,10.833347,14.424771,12.074388,15.192324,13.418427,8.699535,13.28496,11.732128,11.030311,9.944169,9.977362,9.278821,11.554001,11.281361,15.957718,14.802198,20.318592,19.530901,18.278004,15.147571,13.977349,8.514671,7.9782605,5.096773,6.039218
18,22.728966,19.787868,16.104048,14.294922,10.521283,9.962754,6.8803043,4.1507025,6.5212927,6.1865745,12.457642,10.739624,14.292981,16.951544,12.218763,9.612512,6.4324408,5.6068616,0.0,5.7642326,6.704415,10.212636,13.247376,13.15651,18.31925,18.335451,21.712189,19.355757,14.63724,19.079979,13.372112,19.017138,14.445703,19.746567,16.59386,20.236357,19.651903,17.73533,19.633821,16.460909,19.9476,13.227328,16.840237,12.224334,18.008474,17.40001,21.29209,21.649931,22.765892,27.711048,25.11936,29.541342,32.58118,32.12603,29.714586,26.282951,26.758759,26.335213,31.719105,29.199062,25.697102,28.11575,26.428951,28.087696,30.492327,30.650625,26.749454,26.772543,22.250866,21.465424,15.007465,17.682302,14.240742,17.823874,15.925388,20.807907,21.34795,22.720964,24.290216,27.044596,30.182001,28.67914,24.408274,23.099672,19.5,21.984812,16.135353,19.182549,16.079767,18.392258,15.851976,11.401445,14.416403,10.946763,10.943607,11.547165,12.480461,13.064237,16.08458,16.516565,20.918192,19.892162,25.404804,24.208601,22.709635,19.626202,17.994368,13.485946,11.716229,9.541813,7.5334706
19,17.007101,14.150854,10.345881,9.01326,5.2646766,6.592606,4.8392153,6.864299,10.372137,11.860185,17.805468,16.38921,19.840395,22.011456,17.106146,13.971421,11.463748,7.8553576,5.7642326,0.0,4.2055197,5.7749033,9.603222,10.756561,14.893678,14.21553,18.71687,17.369982,13.29295,18.37068,14.218558,20.88031,17.786999,22.959347,20.793285,24.529202,24.195814,21.897669,23.004873,19.595537,21.967083,14.631829,16.90231,11.828672,16.099434,14.003418,17.597502,17.32797,19.466871,24.057743,22.513815,26.857187,30.234604,30.156412,28.462519,25.158537,25.625696,26.060009,31.650902,28.805822,25.255032,26.491693,24.097216,25.29021,27.050549,27.127918,22.930014,22.128166,17.564169,18.014153,11.907101,15.656898,13.753593,17.85358,17.342863,22.490932,23.913805,25.72824,27.517315,29.852306,32.410892,30.594984,25.927835,23.93571,20.397951,21.461874,15.4425335,17.07925,13.198698,14.514666,11.71098,8.13899,10.874261,7.2934303,9.647417,10.381549,12.793046,12.213606,16.93258,17.182566,22.627443,22.232758,27.65102,27.159788,25.645357,22.743324,20.54046,15.838267,14.207126,10.566376,9.131655
20,17.598227,15.420789,11.462588,9.392919,6.991224,4.3290634,6.971694,5.740036,10.337589,11.717692,17.929426,17.055588,20.492813,23.342886,18.8146,15.388836,12.99962,9.953472,6.704415,4.2055197,0.0,5.08235,6.8083773,6.977751,11.816123,12.257836,15.983027,14.561077,10.852988,16.478872,11.931239,19.438711,16.22948,22.016539,20.357445,23.871498,24.213799,22.39555,23.23992,20.065681,21.892382,14.674153,16.927649,11.570135,16.12144,13.53753,18.067944,16.580038,18.344944,22.969404,21.775011,25.364925,29.109198,29.729364,27.42891,24.003918,25.320269,25.825901,31.576141,29.363716,25.741302,27.423464,24.899178,26.638966,27.738087,28.86187,24.995958,23.527985,19.611958,20.257954,14.031516,17.121258,15.378578,18.845194,18.672178,23.06696,24.802101,26.050194,28.277313,30.808836,33.259865,32.015797,27.50521,25.280067,22.334425,23.199364,17.755144,19.566158,16.069613,17.501764,15.081622,11.718474,14.901649,11.142724,13.653868,14.534554,16.722158,16.09183,20.446125,20.33341,25.655024,24.626238,30.113682,29.409557,28.222872,25.066267,23.595383,18.434975,17.260054,13.848359,12.5771055
21,14.524839,13.082825,8.198679,8.607896,7.205089,7.052472,9.985696,10.613537,15.071257,15.836596,22.384565,20.722681,24.429283,27.116451,22.199516,19.38392,16.49899,13.527864,10.212636,5.7749033,5.08235,0.0,4.892386,8.688642,11.857841,12.402655,17.190517,17.081333,14.408528,20.21014,16.588614,24.245543,21.308718,27.03637,25.313173,28.879276,29.02333,27.044636,27.989931,24.697084,26.504166,19.165243,20.908285,15.621196,19.01979,15.306086,19.198393,16.84055,19.848389,23.86518,23.91547,27.225512,31.27501,32.219276,30.528734,27.267319,28.49988,29.502949,35.257896,32.737198,29.162878,29.950304,26.995195,28.126104,28.765064,29.439781,25.206146,22.996199,18.932844,20.974953,15.557974,19.509106,18.603195,22.460016,22.607344,27.369173,29.1746,30.728493,32.80498,35.187473,37.561974,35.96154,31.273264,28.962112,25.74721,26.135908,20.435396,21.285276,17.181734,17.4485,14.569291,12.45429,13.598498,9.464263,13.13679,14.718863,17.681705,17.254848,22.39402,22.73196,28.301702,27.990374,33.395267,32.929787,31.397745,28.502935,26.152723,21.61235,19.809174,16.239613,14.35776
22,14.665994,14.2318945,9.996053,9.47509,9.817803,7.041852,12.786057,12.244589,16.899744,17.981253,24.362047,23.371243,26.93076,30.02694,25.460337,22.193686,19.660643,16.615341,13.247376,9.603222,6.8083773,4.892386,0.0,5.4012628,7.704227,9.841218,13.761447,14.259851,12.869864,18.809595,15.776703,23.853996,21.417807,27.353916,26.40382,29.701382,30.511652,28.883461,29.366892,26.304987,27.30149,20.26421,21.561176,16.357256,19.265917,14.894653,19.36386,15.499972,18.280025,21.965916,22.823782,25.08499,29.552195,31.36894,29.29641,26.070242,28.145145,29.432272,35.251022,33.342297,29.775633,30.693932,27.514444,29.077213,28.823166,30.623953,26.815163,23.783016,20.636309,22.972134,17.747362,21.066065,20.652628,23.894764,24.632534,28.647406,30.913094,32.029102,34.53611,36.962482,39.049137,37.9492,33.37412,30.71915,28.138004,28.030931,22.985788,23.73543,20.027905,20.320526,17.978577,16.103678,18.038786,14.2517805,17.975458,19.360733,22.200897,21.394611,26.395111,26.290892,31.934038,31.1143,36.538715,36.042603,34.861385,31.755104,30.056286,24.982094,23.706196,20.051537,18.60205
23,17.095297,16.147842,13.061952,10.191528,10.602591,5.339904,12.129221,10.540222,14.664283,16.728176,22.25157,22.431597,25.517035,28.702229,24.731075,20.720146,19.04677,15.731268,13.15651,10.756561,6.977751,8.688642,5.4012628,0.0,5.5797033,8.008326,10.09865,9.458719,8.105878,13.967907,11.077654,19.162659,17.346323,23.132948,22.97412,26.008133,27.375921,26.007992,25.934689,23.163685,23.408802,16.901491,17.96777,13.076569,16.108383,12.336156,17.529037,13.834107,15.182306,19.271929,19.353739,21.33789,25.715086,27.676079,24.942375,21.626493,24.226027,25.339622,31.13718,29.813372,26.270283,27.866396,24.924437,27.187288,26.849264,29.58608,26.357283,23.62934,21.08765,22.390917,16.893541,19.084448,18.569891,20.997425,22.049286,25.188717,27.773232,28.449356,31.312761,33.742302,35.573296,35.012512,30.677906,27.846006,25.958046,25.729126,21.46978,22.699028,19.765465,20.866827,19.197443,16.755556,20.401999,17.094992,20.294512,21.01912,23.325619,22.012308,26.383808,25.643642,31.125135,29.560324,34.91209,34.35304,33.687683,30.353724,29.69025,23.94883,23.550207,19.934416,19.351543
24,14.880441,15.104144,13.196928,10.666158,12.992009,9.050382,15.975386,15.789646,19.636942,22.212255,27.504469,27.901554,30.914953,33.91355,29.932034,25.647247,24.233347,20.282059,18.31925,14.893678,11.816123,11.857841,7.704227,5.5797033,0.0,4.998162,6.5118465,8.537007,10.067293,14.933942,14.538282,22.070827,21.627283,26.855892,27.492191,30.390184,32.005054,30.543173,29.91146,27.216127,26.519958,20.421057,20.318253,16.07716,17.054054,12.146852,16.717104,11.203986,13.097895,16.041058,17.990637,18.715565,23.558178,26.470238,24.234259,21.320915,24.33333,26.235933,31.87589,30.767576,27.419727,28.142735,24.716707,26.81208,25.243176,28.71945,25.860474,22.011482,20.572891,22.849854,18.550936,20.552597,21.344112,23.42219,25.437902,28.178764,31.333084,32.076267,35.12408,37.244545,38.53117,38.02411,33.664516,30.396915,28.974167,27.674362,24.087305,24.3309,21.592924,21.953472,20.787064,19.480425,22.849075,20.148422,23.97666,24.588923,27.22788,25.36777,30.105408,29.117764,34.902603,33.47868,38.647728,38.467644,37.94973,34.683655,34.016445,28.153458,27.996931,24.015783,23.796064
25,12.001953,11.554438,11.111833,7.540977,10.743437,8.380866,14.203068,15.909696,19.152708,22.706257,27.5273,28.184713,31.005995,33.39875,29.398327,24.720943,23.83716,18.980202,18.335451,14.21553,12.257836,12.402655,9.841218,8.008326,4.998162,0.0,5.999451,8.00222,9.075576,13.224845,14.2691,21.133186,21.660831,26.146935,27.01924,30.08319,31.419016,29.509186,28.50608,25.681292,24.584116,18.536646,17.594784,13.82936,13.3257,7.8371763,11.874243,6.329336,8.988696,12.156234,14.044474,15.667044,20.265806,22.669004,21.221949,18.475517,20.808846,23.084555,28.648327,27.091665,23.830431,23.830036,20.193665,22.017878,20.40491,23.74438,20.974428,17.110405,15.977022,18.26254,14.696818,16.554018,18.231789,20.259474,22.893562,25.725067,29.173042,30.351013,33.289616,35.040367,35.988514,35.163864,30.69467,27.206228,25.897285,23.892344,20.682344,20.248474,17.791466,17.927216,17.353853,16.69432,20.489962,18.798855,22.673662,22.719223,25.344301,22.804272,27.576796,26.2892,32.24637,31.04493,35.971397,36.219963,35.80121,32.690563,32.019306,26.10358,26.333641,22.05748,22.574717
26,17.399822,17.272219,17.09751,13.262039,15.924224,12.194801,18.146952,18.461231,21.177172,24.899097,28.961647,30.461687,32.889404,35.529366,32.137833,27.174105,26.799421,22.303999,21.712189,18.71687,15.983027,17.190517,13.761447,10.09865,6.5118465,5.999451,0.0,4.5738106,8.931687,11.252319,13.821472,19.740477,21.278135,25.32328,27.234598,29.747559,31.813686,30.40737,28.833061,26.53875,24.435291,19.604143,18.226316,15.448339,14.534394,10.363058,14.385268,9.000692,8.5694895,10.969017,13.035373,12.544469,17.474194,21.02018,18.622272,16.06358,19.69688,22.003561,27.29359,26.858398,23.828321,24.501364,21.163107,23.793015,21.474678,26.267826,24.430504,20.670816,20.603792,22.056084,18.697105,19.20511,20.818998,21.690966,24.644863,26.168402,29.933931,30.431515,33.770943,35.508133,36.06593,36.017258,31.981737,28.344929,27.975609,25.796774,23.701506,23.6867,22.073204,22.765717,22.625502,21.552803,26.032318,24.220789,27.776869,27.688513,29.950485,27.347078,31.530186,29.829535,35.45537,33.55934,38.32307,38.436764,38.503098,35.220646,35.46093,29.177004,29.984474,25.966032,26.783363
27,19.852875,18.779638,18.224804,13.637596,15.245947,10.894084,16.060827,15.673082,17.724949,21.732882,25.126923,27.138262,29.241564,31.843618,28.846376,23.736212,23.799864,19.546574,19.355757,17.369982,14.561077,17.081333,14.259851,9.458719,8.537007,8.00222,4.5738106,0.0,5.207608,7.0962014,9.554977,15.209726,16.903957,20.786512,22.88243,25.26927,27.468971,26.213278,24.52836,22.408766,20.217127,15.723236,14.594632,12.054277,12.0411,9.371467,14.072875,10.646974,8.750918,12.510989,12.024708,12.672369,16.974123,19.702122,16.43294,13.397197,17.143314,18.805515,24.251556,24.006989,20.85573,22.545536,19.732103,22.88086,21.51786,26.159166,24.380266,21.685316,21.096056,21.339708,17.260077,17.129969,17.98422,18.43465,21.105505,22.231775,25.903133,26.14353,29.563168,31.412407,32.09113,32.294094,28.42816,24.941423,24.757427,23.09296,21.176027,21.95886,20.722702,22.220396,22.11249,20.255802,25.463203,23.603916,26.578262,26.245646,28.053326,25.515839,29.101515,27.2195,32.505653,30.187908,34.922695,34.83759,35.108295,31.737785,32.511253,26.085436,27.246479,23.52835,24.626667
28,19.754084,17.710615,16.544128,11.642643,11.889479,7.4974403,11.396886,10.87932,12.594774,16.913036,20.253654,22.197147,24.293417,26.755507,23.682682,18.543682,18.696386,14.443961,14.63724,13.29295,10.852988,14.408528,12.869864,8.105878,10.067293,9.075576,8.931687,5.207608,0.0,5.9902277,5.341809,12.242953,12.870707,17.202753,18.497538,21.283682,23.033468,21.531387,20.256641,17.816954,16.516375,11.030888,10.865394,7.2898936,9.486759,7.9451566,13.190881,11.729316,10.399104,15.242838,12.953731,15.742582,19.30207,20.542866,17.330757,13.8719845,16.479757,17.363546,23.123318,22.186474,18.724339,21.011883,18.572418,21.636972,21.68077,25.170044,22.86707,21.22252,19.492449,18.915272,13.777746,13.872149,13.622802,14.586554,16.550781,18.41195,21.690096,22.192034,25.399975,27.455564,28.650858,28.515877,24.458054,21.270342,20.478989,19.665243,16.97304,18.528545,17.115362,19.230413,18.825901,16.19714,21.770805,19.865732,22.294395,21.806501,23.313007,20.963795,24.27115,22.498404,27.677567,25.357801,30.280254,30.023565,30.131626,26.731468,27.42469,21.017202,22.139572,18.576141,19.74954
29,23.700262,21.47844,21.389635,16.18224,16.577759,13.174959,15.355755,15.246692,15.279763,20.255629,21.787266,24.881271,26.145962,28.070074,25.907124,20.415236,21.768219,17.552233,19.079979,18.37068,16.478872,20.21014,18.809595,13.967907,14.933942,13.224845,11.252319,7.0962014,5.9902277,0.0,6.9572453,9.103396,12.854572,14.981133,17.946253,20.062622,22.287123,20.959768,18.511751,16.801329,13.583628,10.688636,8.743344,8.540308,8.278234,9.635397,13.3622265,13.532315,9.921901,14.216687,10.000051,12.630458,15.101895,15.946331,11.894848,8.378166,11.622348,12.310163,17.830145,17.797123,14.661022,17.687737,15.918071,19.735846,19.735569,24.12732,22.934467,22.00733,21.324999,19.543629,15.589086,13.684082,13.9479475,12.933261,15.781435,15.678112,19.590744,19.655458,23.175524,24.780203,25.169523,25.691584,22.184288,18.732018,19.37235,17.876444,17.246227,18.810179,18.856508,21.376717,21.894222,19.52857,25.695402,24.574242,26.565424,25.488272,26.454586,23.60875,25.951313,23.488405,28.084673,25.175695,29.459774,29.445879,30.26428,26.945559,28.768063,22.248737,24.41826,21.213778,23.331661
30,24.36561,21.893576,20.229258,15.535105,14.46002,10.213974,11.848016,9.290519,9.414162,13.680741,15.811731,18.540703,20.110489,22.712584,20.338217,15.261963,15.996719,12.929567,13.372112,14.218558,11.931239,16.588614,15.776703,11.077654,14.538282,14.2691,13.821472,9.554977,5.341809,6.9572453,0.0,8.125969,7.554488,12.323794,13.469144,16.100033,18.08556,17.007534,15.899546,13.783798,13.012101,8.186971,9.692746,6.831638,11.370219,12.13999,16.888618,16.78359,14.925135,19.792593,16.16779,19.262112,22.022417,22.43797,18.490988,14.957396,17.226776,16.846365,22.363728,21.751114,18.336903,22.011427,20.488945,23.8436,24.89044,27.965672,25.76621,25.174166,22.988632,21.305378,15.655896,15.116742,13.187542,13.563365,14.259391,15.537959,18.206697,18.12547,21.391088,23.82458,25.47236,25.75404,22.078764,19.462273,18.764296,19.272396,16.721933,19.558237,18.592686,21.511612,20.965254,17.42724,23.252184,21.153929,22.58356,21.967953,22.724592,20.890375,23.11547,21.322096,25.702812,22.747374,27.643625,26.883507,27.21141,23.677046,25.13777,18.781507,20.231857,17.511654,18.754658
31,30.940554,28.05294,27.199059,22.232922,20.9865,17.829903,17.387602,15.4858465,13.047275,17.435614,16.081293,20.548855,20.527218,22.145796,21.560265,16.528631,19.099894,16.851376,19.017138,20.88031,19.438711,24.245543,23.853996,19.162659,22.070827,21.133186,19.740477,15.209726,12.242953,9.103396,8.125969,0.0,6.753083,6.026955,10.190057,11.417077,14.167979,13.6671915,10.839031,10.391466,7.1856,8.290895,8.886066,10.596124,13.365245,16.92094,20.161175,21.940453,18.637932,22.943052,17.491976,20.633497,21.637047,20.714561,16.111185,13.195535,14.696192,12.600137,16.999514,17.51501,14.786322,20.142614,20.143826,24.019691,25.841661,29.065374,27.935047,28.669537,27.101553,23.812845,19.266245,16.738829,14.466096,12.314004,12.74,10.679359,13.370568,12.057181,15.790448,17.927448,18.99665,20.447529,17.916851,15.719399,16.809584,17.691025,17.586403,21.00678,21.73113,25.290438,25.56997,22.083672,28.383862,27.15568,27.684353,26.354866,26.128586,24.054329,24.483543,21.983418,24.91126,20.94543,24.809137,24.018017,25.396864,22.039536,25.350111,19.313602,22.148691,20.480999,22.800964
32,30.950638,28.047869,26.01443,21.713541,19.553188,16.139637,15.241565,11.27714,8.563377,11.458445,10.323051,14.543297,14.824274,17.423319,16.5865,12.262242,14.074898,13.535892,14.445703,17.786999,16.22948,21.308718,21.417807,17.346323,21.627283,21.660831,21.278135,16.903957,12.870707,12.854572,7.554488,6.753083,0.0,6.5654864,6.564812,8.819347,11.155764,11.078465,10.625795,9.508748,10.440404,8.584881,12.003138,11.073596,16.387838,18.77769,22.846659,23.957033,21.859962,26.685724,22.028044,25.43681,27.272804,26.636883,22.338238,19.124725,20.517443,18.626698,23.20547,22.898973,19.888939,24.875872,24.517702,27.904444,30.103926,32.460968,30.396242,31.001787,28.348246,25.564123,19.845984,18.772074,15.183075,14.813746,13.308691,13.519642,14.511081,13.36618,16.38872,19.42493,21.897276,22.743267,19.930916,18.57036,17.967152,20.415445,18.277668,22.380339,22.005133,25.59374,24.933327,20.702564,26.328163,24.242767,24.269274,23.479328,23.115053,22.134092,22.592798,20.9434,23.719275,19.975842,24.516531,22.940964,23.597128,20.055916,22.695913,17.045738,18.881348,17.810877,19.057688
33,35.238045,32.02312,30.75585,26.143148,24.091309,21.422249,19.527311,16.980055,13.283642,16.513294,12.832728,18.003187,16.897854,18.076115,18.800936,14.6897955,17.917646,17.356642,19.746567,22.959347,22.016539,27.03637,27.353916,23.132948,26.855892,26.146935,25.32328,20.786512,17.202753,14.981133,12.323794,6.026955,6.5654864,0.0,5.5747824,5.6246433,8.6314125,9.047711,6.488032,7.5973134,6.703786,10.123931,12.300378,14.089738,17.832977,21.773485,24.78488,27.17382,24.23303,28.676245,22.945595,26.492146,27.116108,25.437029,21.134663,18.556675,19.056473,16.096313,19.41109,19.729752,17.441557,23.284472,24.020294,27.581623,30.337044,32.646923,31.378353,32.92571,30.776064,26.921795,22.2163,19.817717,16.357325,14.266938,12.657368,10.070754,10.586183,8.10693,11.510632,14.267351,16.318766,18.120699,16.428394,15.627819,16.470778,19.090813,18.920017,23.149939,24.034435,27.940622,27.988909,24.050632,30.00544,28.77938,28.34564,26.934248,25.940313,24.563822,23.714935,21.471725,23.016888,18.582401,22.008574,20.537067,22.163242,18.938505,23.091398,17.92954,20.915564,20.501673,22.72266
34,35.064915,31.66713,29.777765,25.751402,22.954895,20.809813,17.81429,14.7497425,10.446354,12.383808,7.465817,12.767324,11.346088,12.665411,13.573643,10.266093,13.484964,14.443986,16.59386,20.793285,20.357445,25.313173,26.40382,22.97412,27.492191,27.01924,27.234598,22.88243,18.497538,17.946253,13.469144,10.190057,6.564812,5.5747824,0.0,3.8351812,4.644894,4.99689,5.8173943,5.960024,9.413558,10.300906,14.056907,14.490694,19.535639,22.99302,26.195087,28.612528,26.5439,31.36453,25.93855,30.072708,31.142132,29.341015,25.507612,22.669624,22.758636,20.005482,23.602833,22.912432,20.386202,25.766,26.313345,29.367342,32.6627,34.00652,32.05962,33.832462,30.839384,27.120522,21.850166,20.395803,15.979924,15.1943,11.9767885,11.650744,10.507974,8.995292,11.078373,14.51154,17.860756,18.64426,16.59618,16.597895,15.874669,19.823383,18.191357,22.909119,23.171856,27.117376,26.599102,22.24932,27.56265,26.089056,24.965324,23.738201,22.364473,21.828245,20.563509,18.990488,20.094027,15.886892,19.793552,17.67849,18.666794,15.34604,19.096525,14.548992,16.938007,17.362268,19.026506
35,38.61183,35.274242,33.45365,29.30939,26.657248,24.240465,21.592869,18.301338,14.179039,15.621197,10.088022,15.421066,13.318291,14.389057,16.37288,13.792957,16.98225,18.274586,20.236357,24.529202,23.871498,28.879276,29.701382,26.008133,30.390184,30.08319,29.747559,25.26927,21.283682,20.062622,16.100033,11.417077,8.819347,5.6246433,3.8351812,0.0,4.1693277,6.6889434,6.790048,8.622053,10.82765,13.531736,16.732403,17.779814,22.383274,26.08282,29.218067,31.627914,29.164154,33.81195,28.198843,31.952206,32.693634,30.845636,26.711334,24.131294,24.345366,21.2383,24.149584,24.132984,22.002432,27.76718,28.67359,31.913157,35.15862,36.779716,35.161674,37.032475,34.293854,30.389309,25.364931,23.530914,19.318573,17.926472,14.925803,13.246918,11.706073,9.002807,10.908176,14.271587,17.463566,19.103878,17.996788,18.376102,18.408897,22.30299,21.44816,26.124945,26.714722,30.702637,30.328999,26.034576,31.377636,29.907171,28.713158,27.483042,25.964045,25.485086,23.8298,22.181973,22.608997,18.160181,21.314627,19.012268,20.460377,17.444588,21.815649,17.81154,20.338589,21.064444,22.726303
