,0,1,2,3,4,5,6,7,8,9,10,11,12,13,14,15,16,17,18,19,20,21,22,23,24,25,26,27,28,29,30,31,32,33,34,35,36,37,38,39,40,41,42,43,44,45,46,47,48,49,50,51,52,53,54,55,56,57,58,59,60,61,62,63,64,65,66,67,68,69,70,71,72,73,74,75,76,77,78,79,80,81,82,83,84,85,86,87,88,89,90,91,92,93,94,95,96,97,98,99,100,101,102,103,104,105,106,107,108
0,0.0,3.9054542,6.503415,9.906116,12.122861,14.550491,17.498137,21.060993,23.896774,26.404022,29.72495,31.707287,29.601978,27.170961,25.950256,25.966814,23.192646,26.382452,21.531681,27.295694,27.264671,28.273907,28.874067,32.225315,34.342575,34.131493,34.07557,32.69542,33.810017,34.918846,34.973198,38.407764,39.67045,38.419094,32.83943,30.598272,28.702663,31.091984,29.108707,26.068018,25.617966,28.415556,25.686863,21.480988,24.11595,26.134998,22.090324,18.784534,21.596798,24.18243,28.008419,24.132862,29.976273,32.29925,32.95074,34.794235,32.957043,36.77513,39.3238,37.182384,38.165558,43.50195,46.42125,47.915573,43.73252,43.106857,48.38735,47.94352,43.679314,47.09098,49.72084,47.62235,44.20738,48.347668,43.77898,47.753967,45.404053,40.491787,41.90932,37.049923,37.069653,34.773888,32.929928,31.149187,32.833363,28.800503,33.710987,30.967276,34.7821,35.495186,36.82824,38.55165,36.59153,34.240715,32.608208,34.758465,30.01516,35.429405,32.547585,35.77291,35.330635,35.914627,40.143932,39.31134,45.083485,40.70531,45.357105,44.65397,48.118694
1,3.9054542,0.0,4.8704176,6.468351,8.789263,12.096134,14.209033,18.36404,20.749008,23.558168,26.807339,28.818409,26.463078,23.950558,22.365513,22.275501,19.352802,22.523035,17.685074,23.487362,23.680933,24.778748,25.721111,28.74236,30.711147,30.512613,30.279167,29.013926,30.08903,31.388567,31.442398,35.189816,36.48131,35.55122,29.96021,27.46711,25.931479,28.367697,25.968758,22.871183,22.966387,25.422565,22.357853,18.473227,21.551474,23.063965,18.703037,16.12649,19.26374,22.158657,25.425163,21.336664,27.465244,29.709488,29.937798,31.484348,29.59797,33.265694,36.050068,34.148304,34.813732,40.159344,42.996136,44.667213,40.55422,39.77215,44.960773,44.5211,40.123737,43.413387,46.10484,44.072216,40.50476,44.596684,39.978485,43.960888,41.666176,36.74834,38.31923,33.393814,33.598747,31.484795,29.405634,27.465239,29.024511,24.960693,29.809528,27.096956,30.943188,31.735239,33.149555,35.010506,33.0919,30.676819,28.931515,31.052265,26.264393,31.60131,28.845364,31.96875,31.697369,32.413197,36.555275,35.602425,41.33003,36.86716,41.490135,40.772964,44.2169
2,6.503415,4.8704176,0.0,5.473793,6.595132,8.200847,11.577906,14.609284,17.738716,19.984873,23.358639,25.295916,23.365646,21.011297,20.534046,20.691216,18.570501,22.218891,18.613255,24.517347,25.390617,26.953129,28.354378,30.405115,32.09431,31.540077,30.614511,29.022009,29.407444,30.612474,29.64674,33.252113,33.966362,32.76749,27.191496,24.759935,22.86326,25.844828,24.016373,20.691505,20.584993,24.228931,21.285997,17.029902,20.35534,23.114084,18.894716,15.921639,19.89198,22.12407,25.4555,22.659822,28.531326,30.221182,30.646885,32.16006,29.562923,33.33855,36.443375,33.932224,34.125828,39.752533,42.30922,43.88995,39.39339,38.380333,43.54515,42.741245,38.620735,42.343304,44.498417,42.09865,38.989277,43.084064,38.71521,42.594658,40.07559,35.214478,36.40668,31.762863,31.546047,29.221851,27.461742,26.150225,28.008974,24.642057,29.606424,27.795872,31.83944,32.958828,34.77176,37.025715,35.2602,32.673534,30.564049,32.366592,27.25998,31.982656,28.523394,31.44259,30.638897,30.942009,35.14047,34.529686,40.073803,35.96159,40.73888,40.089977,43.861485
3,9.906116,6.468351,5.473793,0.0,3.7828462,6.9218454,8.561144,12.803979,14.554441,17.814396,20.745295,23.051128,20.656164,17.845816,16.981611,16.208115,13.808764,17.052164,13.407108,19.266397,20.132624,21.941317,23.467854,25.067589,26.723011,26.08447,25.223421,23.613602,24.219053,25.461245,25.081413,28.846418,30.017565,29.201075,23.614346,21.017239,19.65314,22.212141,19.6549,16.446747,16.96534,19.615562,16.324186,12.522247,16.268488,18.071123,13.567887,11.552986,15.713093,18.38575,20.928444,17.821585,23.895897,25.54454,25.519503,26.801317,24.279102,27.955868,31.133091,28.941189,29.033089,34.578808,37.186783,38.903347,34.607582,33.605816,38.75262,38.171314,33.857143,37.35319,39.837322,37.71984,34.34356,38.573463,34.09788,38.19692,35.930225,31.049255,32.87342,28.058311,28.42864,26.658802,24.176245,22.428055,23.727951,20.326586,24.786945,22.75033,26.781149,27.736557,29.72127,32.018757,30.543901,28.027866,25.891293,27.86782,22.910467,27.521534,24.77774,27.2955,27.155972,27.864902,31.770472,30.758991,36.078594,31.577068,36.206493,35.273045,38.959255
4,12.122861,8.789263,6.595132,3.7828462,0.0,5.497922,5.423639,10.087242,12.208877,14.973205,18.280323,20.14647,17.678675,15.249514,14.050127,14.2845745,12.130045,16.08625,13.336875,19.087402,20.80822,22.588612,24.851688,25.866478,27.047651,26.47535,24.862482,23.533129,23.512533,25.227123,23.78221,28.20644,28.72187,28.262316,22.722702,19.60274,18.601103,21.94117,19.287806,15.714609,17.120115,20.250647,16.5328,13.254556,17.655638,19.468575,14.739039,13.82566,18.356344,20.862047,22.818426,20.083525,26.147413,27.480656,27.011925,27.777405,24.919285,28.265131,31.979044,29.917316,29.19967,34.86662,37.11978,39.08486,34.680668,33.21347,38.112335,37.184902,32.82332,36.371357,38.482758,36.096287,32.739388,36.665382,32.234768,36.04878,33.541027,28.662533,29.993044,25.264992,25.283527,23.253908,21.107191,19.647732,21.419985,18.239159,23.194231,21.88616,25.999565,27.456205,29.484608,32.105373,30.43303,27.705086,25.28448,26.806217,21.578863,25.818035,22.304186,24.975916,24.292223,24.728323,28.786346,28.05394,33.514248,29.371881,34.160244,33.585056,37.395527
5,14.550491,12.096134,8.200847,6.9218454,5.497922,0.0,6.025468,6.901617,10.061318,12.300232,15.356299,17.649975,16.0589,13.483202,15.069295,14.626072,14.086043,17.794453,16.670534,22.023901,23.841146,26.168728,28.232595,28.398762,29.54777,28.39992,26.471754,24.407722,23.788578,24.824951,22.6214,26.081282,26.20275,24.971954,19.46036,16.956776,14.977132,18.620205,17.14409,13.60453,13.891915,18.628582,15.739255,11.732496,15.689152,19.417604,15.642804,13.441222,18.344309,19.753677,22.090174,21.217567,26.48538,27.19047,27.423883,28.557714,24.99955,28.665995,32.268406,29.200205,28.443806,34.30428,36.38074,37.94043,33.096348,31.692862,36.704716,35.517616,31.722895,35.884094,37.444317,34.742237,32.185284,36.373367,32.39161,36.271145,33.68719,28.99586,30.21711,25.988918,25.694263,23.708052,21.73249,21.154305,22.837543,20.868113,25.198433,24.73978,28.859072,30.269043,32.767693,35.55308,34.343704,31.68216,29.12275,30.548079,25.377533,28.795326,25.116537,27.12705,26.179977,26.213186,30.052134,29.59324,34.4382,30.584873,35.3465,34.514893,38.65857
6,17.498137,14.209033,11.577906,8.561144,5.423639,6.025468,0.0,5.891186,7.18147,9.913511,13.1910715,14.909409,12.278805,9.918145,9.299249,9.862565,8.950117,13.2799,12.875104,17.820122,20.524206,22.64979,25.602688,25.230738,25.79776,24.970116,22.369335,21.04339,20.086857,22.094088,19.36688,24.312948,24.161957,24.15087,18.802607,15.14189,14.790326,18.803682,16.014723,12.213511,14.864017,18.258505,14.276548,12.0597105,16.963097,18.771166,14.323161,14.817121,19.607582,21.658419,22.574484,20.931414,26.534971,27.208406,26.27491,26.445976,23.001324,25.947351,30.224234,28.129032,26.37833,32.13658,33.90531,36.06181,31.528717,29.551792,34.146038,32.851776,28.562302,32.26839,33.906967,31.260643,28.098295,31.867008,27.628178,31.285454,28.629477,23.822447,24.97235,20.463192,20.344944,18.473011,16.222658,15.289069,17.17648,15.050304,19.794922,19.761488,23.868908,25.753231,28.15836,31.21006,29.788782,26.97221,24.1978,25.217924,19.961271,23.068993,19.108046,21.229435,20.237104,20.427544,24.31125,23.759172,28.891947,25.049696,29.903008,29.428246,33.483673
7,21.060993,18.36404,14.609284,12.803979,10.087242,6.901617,5.891186,0.0,4.880056,5.44768,8.924332,10.786437,9.474666,7.48604,10.96633,11.371859,12.659956,16.432457,17.766514,22.053139,24.95334,27.447935,30.344406,29.120007,29.480986,28.171875,25.051014,23.182077,21.308477,22.759283,18.550026,22.6873,21.53495,20.934216,15.842408,12.568487,11.461865,16.404322,15.045914,11.375442,13.35941,18.411175,15.362057,13.064059,17.355042,20.783257,17.396772,17.08057,22.000647,22.99831,23.980797,24.136744,28.901411,28.87461,28.443922,28.749207,24.598879,27.590433,31.887465,28.916904,26.73475,32.60296,33.942417,35.778214,30.804573,28.636309,33.094097,31.293787,27.698328,32.045345,32.78661,29.62633,27.473106,31.253796,27.66115,31.112492,28.257885,23.812382,24.427124,20.76599,19.985527,18.047016,16.423483,16.909798,18.867947,18.397387,22.397764,23.563623,27.516687,29.49547,32.274113,35.52003,34.458256,31.690594,28.781683,29.503326,24.409817,26.430494,22.094717,23.48121,21.892002,21.404772,24.969027,24.951927,29.30115,26.152077,30.922508,30.40058,34.792725
8,23.896774,20.749008,17.738716,14.554441,12.208877,10.061318,7.18147,4.880056,0.0,4.7219987,6.4287605,9.113439,6.9905186,3.6171324,8.431079,7.1976013,9.751857,12.722541,15.583614,18.90656,22.074263,24.788937,27.861574,25.734941,25.785116,24.27932,20.806183,18.878033,16.626837,18.177494,13.7155075,18.332159,17.360357,17.42685,12.396083,8.424058,8.679598,13.397897,11.165873,7.5779138,11.208223,15.128419,11.861063,11.102393,15.4613905,17.902271,14.9260845,16.087862,20.66385,21.633919,21.484076,22.023289,26.369408,26.002153,25.051535,24.895603,20.59488,23.231297,27.759678,25.062544,22.308887,28.107685,29.278778,31.298553,26.4571,24.074162,28.426392,26.69489,22.906641,27.178278,28.06696,25.067644,22.720728,26.694576,23.06104,26.76417,24.133478,19.680256,21.05235,17.342495,17.279926,16.250765,13.633376,13.940147,15.114907,15.429656,18.44225,20.075764,23.844868,25.774017,28.806427,32.153862,31.4895,28.858578,25.915693,26.578009,21.854828,23.153582,19.5588,20.131395,19.219759,19.10666,22.129595,21.719418,25.56936,22.104609,26.714703,25.86923,30.30119
9,26.404022,23.558168,19.984873,17.814396,14.973205,12.300232,9.913511,5.44768,4.7219987,0.0,4.1689134,5.354829,4.6301827,4.07683,9.873442,10.675993,13.504849,16.63423,19.78021,22.915096,26.406176,28.974245,32.30819,30.036644,29.799845,28.35757,24.440435,22.760359,19.920803,21.57964,15.790381,20.303596,18.005375,18.128073,13.858604,10.137089,10.344525,15.704772,14.546192,11.4334135,14.497149,19.081356,16.260332,15.49979,19.512964,22.448055,19.645283,20.497175,25.149479,25.838455,25.822218,26.724228,30.921806,30.35233,29.456406,29.136862,24.694374,27.01316,31.687292,28.879013,25.62878,31.287098,31.973112,33.987244,29.046223,26.2909,30.142578,27.850725,24.535357,28.955282,28.95359,25.44238,23.744663,27.129183,24.005508,27.046356,24.035255,19.958502,20.10978,17.189062,16.066885,14.504081,13.146048,14.751928,16.632435,17.751308,20.945633,23.438734,27.0433,29.33896,32.300934,35.804573,34.97759,32.247257,29.18438,29.374794,24.631083,25.325994,20.835575,21.395102,19.446201,18.547737,21.56095,21.889925,25.491816,23.027615,27.631199,27.300507,31.833925
10,29.72495,26.807339,23.358639,20.745295,18.280323,15.356299,13.1910715,8.924332,6.4287605,4.1689134,0.0,3.9842725,4.8146744,4.4454155,11.649371,11.102539,14.880303,16.990486,21.22049,23.54015,27.019953,29.818657,33.062824,30.008177,29.568476,27.800573,23.668686,21.703451,18.35875,19.573488,13.074955,16.977009,14.111305,14.353337,10.723548,7.2594085,8.20522,13.323197,12.714967,10.475568,13.598954,17.802315,15.673464,15.811044,19.165758,22.064192,20.132074,21.333462,25.618307,25.824562,25.180882,27.05974,30.503937,29.428223,28.521729,28.044931,23.352407,25.398022,30.015442,26.983908,23.288595,28.76046,29.093828,30.971256,25.976658,23.05656,26.675573,24.178738,21.287739,25.970526,25.543058,21.900219,20.828236,24.365902,21.73055,24.8212,22.008915,18.342213,18.897621,16.653858,15.892005,15.262705,13.536429,15.503281,16.575943,18.793491,20.745789,23.807035,27.100138,29.24417,32.468487,36.004257,35.63884,33.092464,30.058691,30.189678,25.88538,25.774033,21.962246,21.59635,20.08789,19.26338,21.489733,21.716953,24.296806,21.997768,26.22733,25.540165,30.161606
11,31.707287,28.818409,25.295916,23.051128,20.14647,17.649975,14.909409,10.786437,9.113439,5.354829,3.9842725,0.0,3.828322,6.3546476,11.865201,12.985727,16.586536,18.956364,23.274612,25.399485,29.255856,31.800177,35.425686,32.34948,31.591944,30.07996,25.569057,24.150946,20.533216,22.280558,15.192997,19.692883,16.075413,17.020626,14.196989,10.740979,12.130916,17.123009,16.393442,14.172655,17.572092,21.548626,19.147581,19.459415,23.047773,25.578482,23.32849,24.868412,29.24483,29.664904,28.940216,30.425013,34.085503,33.0756,31.845446,31.007164,26.449585,28.063118,32.937504,30.32414,26.180346,31.431114,31.405663,33.533245,28.74365,25.457006,28.484472,25.644142,22.83741,27.21289,26.254515,22.345686,21.365793,24.091326,21.706125,24.068563,20.900711,17.523418,16.87534,15.23408,13.588613,12.592694,11.975705,14.822564,16.497625,19.132229,21.369293,25.024076,28.155378,30.691462,33.72668,37.392056,36.769604,34.12242,30.998682,30.67379,26.401222,25.817635,21.312002,21.017778,18.683199,17.282269,19.46044,20.283438,22.823177,21.394121,25.627947,25.583061,30.152752
12,29.601978,26.463078,23.365646,20.656164,17.678675,16.0589,12.278805,9.474666,6.9905186,4.6301827,4.8146744,3.828322,0.0,3.739271,8.050258,9.613173,12.996157,15.549447,19.765455,21.866804,25.845291,28.248741,32.02921,29.1384,28.355835,27.0636,22.564644,21.46582,18.090878,20.375137,13.785698,19.371693,16.56733,18.000893,14.530191,10.257425,12.233655,17.08992,15.221916,12.608434,16.82918,20.108313,17.034542,17.60718,21.670517,23.385181,20.665152,22.826176,27.186771,28.095427,27.195189,27.890322,31.940693,31.23159,29.619839,28.58605,24.281672,25.826199,30.876808,28.779423,24.689417,30.021793,30.261175,32.689312,28.098372,24.833426,28.068785,25.57158,22.054283,26.081343,25.83575,22.265957,20.29931,23.157726,20.080643,22.75425,19.601118,15.615753,15.483751,12.791567,11.628964,10.601703,9.055017,11.343908,13.1653595,15.3771105,18.01367,21.443619,24.683489,27.300861,30.222685,33.88604,33.10611,30.4095,27.275835,26.98938,22.616224,22.307493,17.791988,17.771101,15.654618,14.632495,17.224918,17.66496,20.97183,18.89122,23.433546,23.429026,27.946213
13,27.170961,23.950558,21.011297,17.845816,15.249514,13.483202,9.918145,7.48604,3.6171324,4.07683,4.4454155,6.3546476,3.739271,0.0,7.4272656,7.02917,10.559981,13.0628605,17.075802,19.515064,23.155727,25.78208,29.23588,26.488403,26.048662,24.576565,20.480284,18.917294,15.94315,17.890318,12.154857,17.47377,15.6392765,16.551008,12.266774,7.803935,9.495057,14.243137,11.997388,9.049823,13.375393,16.64263,13.47953,13.868834,17.98426,19.809698,17.12536,19.125334,23.464113,24.366158,23.565233,24.31413,28.367695,27.730145,26.332006,25.622797,21.260506,23.260025,28.116852,25.763168,22.173765,27.752306,28.42722,30.690334,25.974768,23.090302,26.916094,24.82912,21.090015,25.286316,25.692732,22.45243,20.216442,23.810286,20.389935,23.762772,20.964094,16.67181,17.701662,14.377144,14.131808,13.417222,10.854721,11.927529,13.12716,14.608664,17.149115,19.810831,23.291132,25.53721,28.605787,32.138115,31.534735,28.907364,25.858562,26.063875,21.59217,21.935848,18.126972,18.177704,16.954876,16.579893,19.255993,19.074286,22.535421,19.542816,24.104095,23.5117,28.032593
14,25.950256,22.365513,20.534046,16.981611,14.050127,15.069295,9.299249,10.96633,8.431079,9.873442,11.649371,11.865201,8.050258,7.4272656,0.0,5.784029,6.6265683,10.012362,13.129212,15.325492,19.552288,21.409708,25.590122,23.496172,22.728493,22.174473,18.02173,17.955904,15.734634,19.139118,14.853569,21.72144,20.688667,22.654541,18.471733,13.793838,16.046808,19.978477,16.229,13.216288,18.226204,19.744507,15.38913,16.304457,21.083303,20.778921,16.869123,20.3535,24.446438,26.528614,25.42781,23.976404,28.966797,29.093897,26.684687,25.276724,21.904852,23.25363,28.450352,27.65114,24.05189,29.275917,30.143425,33.090645,29.121492,26.149248,29.64394,27.978075,23.315973,26.286121,27.556858,24.89734,21.138145,23.967407,19.640324,22.703972,19.867329,15.047923,15.975683,11.234202,11.524765,10.497777,7.2261734,6.1231513,8.487098,8.086679,12.591707,14.843776,18.414444,21.234312,23.684277,27.27296,25.93058,23.059475,19.916164,19.767859,14.964768,15.872591,11.284307,12.59057,11.297134,11.61169,15.13727,14.527263,19.660084,16.170328,21.133877,21.315702,25.375854
15,25.966814,22.275501,20.691216,16.208115,14.2845745,14.626072,9.862565,11.371859,7.1976013,10.675993,11.102539,12.985727,9.613173,7.02917,5.784029,0.0,4.456981,6.050167,10.768129,12.505726,16.276379,18.852917,22.46919,19.653849,19.184587,17.96858,14.067824,12.987838,10.88977,13.7493515,10.521711,16.906744,17.020643,18.706984,14.325381,9.97575,12.462898,15.314452,10.941868,8.341324,13.698902,14.145416,9.823583,11.725588,16.116282,15.393549,12.155524,16.18514,19.875462,21.664244,19.99828,19.292528,23.711212,23.539272,21.226185,20.013441,16.317785,18.043839,23.078884,21.913872,18.566801,23.993467,25.204288,27.914389,23.850056,21.253807,25.295229,24.089293,19.34514,22.618935,24.511951,22.255177,18.511122,22.425716,18.044922,22.108864,19.919516,15.138618,17.863033,13.341787,14.863659,15.034135,10.88815,9.401644,9.1706,9.268675,11.4209175,13.034865,16.688778,18.722506,21.776716,25.225845,24.707657,22.1724,19.21839,19.838655,15.560361,16.460754,14.1979065,14.193935,14.775797,15.772454,18.279156,16.889893,20.874025,16.397535,20.936968,19.889605,24.063921
16,23.192646,19.352802,18.570501,13.808764,12.130045,14.086043,8.950117,12.659956,9.751857,13.504849,14.880303,16.586536,12.996157,10.559981,6.6265683,4.456981,0.0,4.6844225,6.8182507,9.700265,13.397472,15.602799,19.357334,17.638632,17.511917,16.884697,13.776871,13.339257,12.644821,15.726255,14.289982,20.449076,21.208212,22.72269,18.084005,14.013453,15.852652,18.405748,13.77505,11.049132,15.733527,15.657979,10.885117,12.0950775,16.746466,15.101688,10.765944,15.150762,18.701754,21.291029,19.99697,17.603945,22.868828,23.426481,20.915955,19.804533,16.924002,18.784239,23.57075,23.03609,20.49521,25.74008,27.4116,30.207062,26.488588,24.275373,28.429827,27.63543,22.626837,25.332617,27.852829,25.98211,21.716276,25.42224,20.679668,24.673538,22.62019,17.73856,20.406067,15.389113,17.01558,16.770384,12.809138,10.1385,10.218859,7.6514378,11.246129,10.999921,15.0589485,17.016277,19.63335,22.900072,21.883966,19.196655,16.307695,17.335005,12.608346,15.098503,13.058619,14.18888,15.126216,16.579067,19.544502,17.878355,22.700079,17.858562,22.40884,21.560251,25.294992
17,26.382452,22.523035,22.218891,17.052164,16.08625,17.794453,13.2799,16.432457,12.722541,16.63423,16.990486,18.956364,15.549447,13.0628605,10.012362,6.050167,4.6844225,0.0,6.658352,6.5773706,10.405693,12.996734,16.704231,13.737044,13.312911,12.4139595,9.142165,8.814216,8.669013,11.999062,12.291362,18.234137,19.885351,21.852839,17.807232,14.248356,16.690872,17.985392,12.843425,11.329725,16.083391,14.004667,9.54134,12.537374,16.302797,12.918017,9.584629,15.409427,17.948656,20.463972,17.993477,15.739108,20.263905,20.598381,17.375319,15.63689,13.075917,14.375468,19.279634,19.472845,16.750383,21.633398,23.395052,26.360498,23.120691,21.052698,25.087942,24.778019,19.55452,21.733322,24.923271,23.675798,19.03299,22.999043,18.17186,22.581291,21.162066,16.55406,20.393188,15.615844,18.215338,18.962954,14.462099,11.482192,9.768859,8.035832,8.668492,7.904449,11.684812,13.150424,16.218687,19.479362,19.194565,16.873598,14.170221,15.49801,11.853595,13.508568,13.684748,13.532203,15.950124,17.971554,19.995295,17.688414,21.621717,16.161295,20.140663,18.577126,22.08508
18,21.531681,17.685074,18.613255,13.407108,13.336875,16.670534,12.875104,17.766514,15.583614,19.78021,21.22049,23.274612,19.765455,17.075802,13.129212,10.768129,6.8182507,6.658352,0.0,5.911705,7.8632245,9.780982,13.065651,13.0395355,13.892585,13.895471,12.967989,12.928955,14.536055,17.083654,18.61435,23.789852,25.881214,27.106598,22.452223,19.155989,20.46426,21.773561,16.924767,14.906077,18.364288,16.61231,12.198818,13.152493,16.94486,13.32043,8.550972,13.5757,15.838678,19.402681,18.159565,13.398334,19.316557,20.869057,18.108765,17.307743,15.955333,17.985458,21.859455,22.236174,21.201212,25.88323,28.326395,31.002235,27.944134,26.56842,30.941387,30.99105,25.827639,27.784763,31.36643,30.289076,25.58919,29.430899,24.493717,28.715296,27.272371,22.599873,25.91727,20.805548,22.95824,22.871655,18.912449,15.509967,14.859446,10.756783,13.313306,9.724761,13.559926,14.349484,16.40162,18.94627,17.846682,15.422786,13.196909,15.523937,11.445214,15.847694,15.955307,17.435316,19.553738,21.63654,24.380226,22.15154,26.967598,21.541134,25.485926,24.226254,27.195232
19,27.295694,23.487362,24.517347,19.266397,19.087402,22.023901,17.820122,22.053139,18.90656,22.915096,23.54015,25.399485,21.866804,19.515064,15.325492,12.505726,9.700265,6.5773706,5.911705,0.0,4.707333,6.563229,10.831764,8.640508,8.443192,8.965499,8.051448,9.562338,11.869854,14.888726,17.638393,22.886375,25.38876,27.457106,23.650288,20.532639,22.753979,23.296202,18.100088,17.08644,21.046234,17.637484,13.741717,16.518862,19.534323,14.198797,11.097109,17.356693,18.538109,21.828909,19.082218,14.633786,19.256687,20.470097,16.458858,14.2874155,13.930743,14.4783535,18.524313,20.453968,18.837826,22.630478,24.87218,27.968176,25.764307,24.308432,28.042772,28.497972,23.14564,24.068867,28.222645,27.838213,22.647486,26.17423,21.223024,25.421783,24.627346,20.422876,24.546446,19.755127,22.772804,23.648361,19.30266,15.570433,13.548081,10.218363,9.9018,4.939682,8.126163,8.474827,10.880692,13.667096,13.27061,11.192696,9.080662,11.60973,9.246199,12.369775,14.95828,15.197481,18.70975,21.364965,23.101435,20.270557,24.256186,18.47926,21.656174,20.038082,22.43221
20,27.264671,23.680933,25.390617,20.132624,20.80822,23.841146,20.524206,24.95334,22.074263,26.406176,27.019953,29.255856,25.845291,23.155727,19.552288,16.276379,13.397472,10.405693,7.8632245,4.707333,0.0,3.5625398,6.3365054,5.4901047,7.164975,7.913333,9.899717,10.771671,14.361315,16.283304,20.630018,24.764395,28.054413,29.658052,25.85976,23.342094,25.0723,24.853777,19.86399,19.264685,22.283579,18.093435,14.92995,17.345993,19.45899,13.246345,10.921331,16.74778,16.721472,20.266459,17.51516,11.927001,16.313107,18.150106,14.171118,12.536288,13.522825,14.3830385,17.177097,19.502193,19.30468,22.576408,25.407728,28.127716,26.332373,25.639668,29.584984,30.596458,25.46101,26.156677,30.801498,30.842304,25.811996,29.588684,24.817825,29.174326,28.71832,24.710344,29.09048,24.39063,27.44989,28.290956,23.9395,20.251291,18.19743,14.859504,14.233375,8.901938,10.745108,9.351907,11.164117,12.7659855,12.954771,11.674914,10.742557,14.069403,12.725836,16.245382,19.423025,19.707436,23.365692,26.052162,27.741274,24.829996,28.53551,22.68446,25.41218,23.383667,25.338646
21,28.273907,24.778748,26.953129,21.941317,22.588612,26.168728,22.64979,27.447935,24.788937,28.974245,29.818657,31.800177,28.248741,25.78208,21.409708,18.852917,15.602799,12.996734,9.780982,6.563229,3.5625398,0.0,5.0709558,6.5312104,7.784146,9.764256,12.006958,13.748071,17.230375,19.450048,23.631088,28.060724,31.216877,33.0369,29.259321,26.550146,28.37499,28.357744,23.329485,22.572767,25.703112,21.65229,18.415094,20.615475,22.845201,16.678328,14.20239,19.695068,19.544006,23.289656,20.750898,14.636002,18.934288,21.061384,17.014246,15.206003,16.787111,17.134167,19.650452,22.60012,22.410902,25.24532,27.97495,30.838247,29.406492,28.66782,32.307846,33.374252,28.163494,28.394466,33.135597,33.325745,28.051933,31.39484,26.569162,30.597403,30.21882,26.3307,30.511452,25.789494,28.863531,29.651108,25.490562,21.566435,19.653173,15.822014,15.389864,9.5544405,10.600666,9.052664,9.587711,10.600711,10.164591,9.067779,8.85793,12.50439,11.971086,15.967479,19.638327,20.272959,24.043371,26.884321,28.536654,25.55421,29.455833,23.726849,26.231472,24.550482,26.019999
22,28.874067,25.721111,28.354378,23.467854,24.851688,28.232595,25.602688,30.344406,27.861574,32.30819,33.062824,35.425686,32.02921,29.23588,25.590122,22.46919,19.357334,16.704231,13.065651,10.831764,6.3365054,5.0709558,0.0,6.779255,9.611427,11.079952,14.973023,15.860243,19.989285,21.219646,26.518368,29.87884,33.6845,35.00783,31.284086,29.166737,30.528631,29.810934,25.113155,24.746796,26.97076,22.391962,19.964308,21.790445,23.064615,16.577843,15.119068,19.701847,18.327375,22.044958,19.659073,12.99019,16.468075,19.15673,15.565073,14.636817,17.235046,17.951849,19.065022,22.077337,23.26612,25.596035,28.820591,31.18521,30.086775,30.086815,33.93317,35.46317,30.551918,30.743233,35.799698,36.298626,31.296696,34.967934,30.344976,34.590683,34.451576,30.671679,35.118404,30.46163,33.562523,34.339355,30.091887,26.282143,24.289837,20.650948,19.980398,14.30852,14.987993,12.553236,12.848419,12.549823,13.012728,12.898402,13.483865,17.167898,17.006659,20.90271,24.682463,25.205309,29.016369,31.815954,33.456097,30.446016,34.05767,28.246614,30.486965,28.377361,29.647682
23,32.225315,28.74236,30.405115,25.067589,25.866478,28.398762,25.230738,29.120007,25.734941,30.036644,30.008177,32.34948,29.1384,26.488403,23.496172,19.653849,17.638632,13.737044,13.0395355,8.640508,5.4901047,6.5312104,6.779255,0.0,3.6100383,4.3682547,9.009729,10.126158,14.423548,15.555732,21.403376,24.528587,28.458532,30.292023,27.287264,25.378637,27.387444,26.226248,21.4201,21.76266,24.52419,19.09896,17.007263,20.286858,21.371384,14.304193,13.964283,19.76519,18.682913,21.628275,17.766163,13.2377,15.4016,16.81711,12.021221,9.395721,12.171089,11.721224,13.451226,17.285702,17.455956,19.41904,22.359604,25.030546,24.220135,23.999468,27.462404,29.115284,24.260077,24.09815,29.296228,30.107452,25.168709,28.88347,24.524794,28.89934,29.147427,25.769438,30.760815,26.578426,30.082651,31.537024,26.995733,23.45972,20.65449,18.388329,15.858655,11.112664,11.153623,8.122193,10.015474,10.720105,12.74333,12.67682,12.614411,15.737116,16.053743,18.051645,22.578842,21.85127,26.17306,29.023611,29.951677,26.768389,29.377346,23.515488,25.280565,22.607414,23.898636
24,34.342575,30.711147,32.09431,26.723011,27.047651,29.54777,25.79776,29.480986,25.785116,29.799845,29.568476,31.591944,28.355835,26.048662,22.728493,19.184587,17.511917,13.312911,13.892585,8.443192,7.164975,7.784146,9.611427,3.6100383,0.0,3.35573,6.86905,9.393018,13.145759,14.943335,20.289257,23.944078,27.51535,29.931023,27.278276,25.124485,27.650375,26.717598,21.777304,22.165628,25.543932,20.203506,17.89793,21.704117,23.146389,16.280241,15.787358,22.023405,21.449356,24.217611,20.054066,16.255503,18.291727,19.18366,14.082221,10.52174,12.859387,11.257367,13.810622,18.181042,17.157988,18.818462,21.206642,24.336868,23.779797,23.06285,25.973484,27.504116,22.515297,21.833605,27.027412,27.978062,22.78724,26.081367,21.743355,25.885519,26.321402,23.219461,28.28581,24.354807,28.064808,29.848078,25.330463,21.809505,18.679144,16.934149,13.463109,9.208287,8.263946,4.9076405,7.363597,8.756402,11.1575575,11.132798,10.918699,13.515943,14.540696,15.448323,20.615387,19.374847,24.007984,26.96395,27.459723,24.15896,26.388927,20.613125,22.023752,19.401426,20.435734
25,34.131493,30.512613,31.540077,26.08447,26.47535,28.39992,24.970116,28.171875,24.27932,28.35757,27.800573,30.07996,27.0636,24.576565,22.174473,17.96858,16.884697,12.4139595,13.895471,8.965499,7.913333,9.764256,11.079952,4.3682547,3.35573,0.0,5.443885,6.654884,10.812669,11.929255,17.943075,20.957644,24.848408,27.05404,24.573856,22.799309,25.243332,23.88882,19.10989,19.906992,23.029705,17.333195,15.49458,19.61935,20.650074,13.771522,14.069461,20.245255,19.575932,21.925682,17.386934,14.622479,16.063553,16.469471,11.289454,7.4529643,9.58117,7.9966745,10.807963,14.888201,13.882795,15.777225,18.379923,21.347984,20.567005,20.027687,23.24154,24.870039,20.017279,19.730556,24.951263,25.884048,21.019531,24.823677,20.66135,25.156569,25.609608,22.508236,27.806475,24.015753,27.701593,29.567951,24.917713,21.714504,18.447397,17.337639,13.631055,10.261604,10.045378,7.3481574,10.444421,12.0152235,14.467212,14.222398,13.578596,15.990407,16.315767,16.909048,21.532206,19.964417,24.433138,27.20651,27.677105,24.475466,26.36324,20.552187,22.054369,18.97356,20.46404
26,34.07557,30.279167,30.614511,25.223421,24.862482,26.471754,22.369335,25.051014,20.806183,24.440435,23.668686,25.569057,22.564644,20.480284,18.02173,14.067824,13.776871,9.142165,12.967989,8.051448,9.899717,12.006958,14.973023,9.009729,6.86905,5.443885,0.0,4.3979254,6.5994906,9.485887,13.64541,18.037256,21.019222,23.87394,21.512318,19.16698,22.243992,21.627926,16.663607,17.20367,21.298761,16.46246,13.945099,18.521898,20.406456,14.624702,14.127118,20.604935,21.161331,23.293095,18.91844,17.13323,19.29929,19.128675,14.331339,10.537402,10.1222315,8.284808,13.12115,16.062477,12.936224,15.760226,17.430038,20.933508,19.462097,17.793629,20.778133,21.649975,16.37614,16.452885,21.136261,21.548943,16.361288,20.08607,15.622393,20.18992,20.345472,17.085108,22.389551,18.706848,22.456114,24.555214,19.899088,16.940813,13.393914,13.329231,8.80136,7.4579644,7.8123755,7.2630744,11.08924,13.97261,15.620841,14.591498,12.933483,14.3510685,14.009942,13.326824,17.407444,15.25469,19.631746,22.287315,22.553762,19.426079,21.210829,15.380969,17.295504,14.354394,16.635555
27,32.69542,29.013926,29.022009,23.613602,23.533129,24.407722,21.04339,23.182077,18.878033,22.760359,21.703451,24.150946,21.46582,18.917294,17.955904,12.987838,13.339257,8.814216,12.928955,9.562338,10.771671,13.748071,15.860243,10.126158,9.393018,6.654884,4.3979254,0.0,4.5843067,5.8294935,11.439275,14.716486,18.358185,20.54127,18.061127,16.31485,18.993216,17.743292,12.928946,14.010826,17.537058,12.229599,10.321803,15.187708,16.48313,10.905149,11.400241,17.492079,17.943966,19.56563,14.995557,14.500442,16.178297,15.531007,11.198741,8.065633,6.0646353,5.624167,10.778074,12.274798,9.402793,13.313681,15.511887,18.48985,16.272028,14.999826,18.910942,19.857603,14.849719,16.068571,20.580341,20.742445,16.297045,20.903036,16.786554,21.761831,21.740007,18.348251,23.651531,20.03467,23.46408,25.351652,20.635334,18.149399,14.9023485,15.13452,11.577158,10.646482,11.978495,11.284768,15.05566,17.62044,19.34072,18.25125,16.536968,18.24923,17.046074,16.960054,19.926083,17.959114,21.723543,24.015959,24.589521,21.769129,23.45096,17.78419,19.99805,16.735577,19.546986
28,33.810017,30.08903,29.407444,24.219053,23.512533,23.788578,20.086857,21.308477,16.626837,19.920803,18.35875,20.533216,18.090878,15.94315,15.734634,10.88977,12.644821,8.669013,14.536055,11.869854,14.361315,17.230375,19.989285,14.423548,13.145759,10.812669,6.5994906,4.5843067,0.0,4.5980444,7.177188,11.790195,14.487236,17.340061,15.237446,13.148594,16.530746,15.844847,11.186149,12.287973,16.56498,12.392316,10.363466,15.392379,17.173717,13.251968,13.372674,19.027254,20.3772,21.554811,17.288063,17.893637,19.686665,18.533031,14.839558,12.023174,8.780081,8.181079,13.649154,14.0785055,9.386493,13.812127,14.947345,18.15891,15.298396,12.90212,16.575348,16.707764,11.447446,13.476583,17.177242,16.727125,12.334304,17.161474,13.098541,18.182026,17.87505,14.485337,19.772654,16.559273,19.895605,22.045277,17.404345,15.594045,12.254293,14.027418,10.253977,11.705989,13.248557,13.707149,17.505558,20.550451,21.934061,20.52007,18.34464,19.282541,17.65355,16.48848,18.489647,15.963339,19.238453,21.182224,21.483797,18.942633,20.155725,14.845774,17.318356,14.145669,17.712801
29,34.918846,31.388567,30.612474,25.461245,25.227123,24.824951,22.094088,22.759283,18.177494,21.57964,19.573488,22.280558,20.375137,17.890318,19.139118,13.7493515,15.726255,11.999062,17.083654,14.888726,16.283304,19.450048,21.219646,15.555732,14.943335,11.929255,9.485887,5.8294935,4.5980444,0.0,7.893491,9.032878,13.280498,15.290198,13.76439,13.13622,15.878407,13.70155,9.779085,12.185298,15.1442175,9.876038,9.743175,14.866165,15.280454,11.601809,13.495967,18.304111,18.971605,19.342655,14.575962,16.90937,17.306877,15.40828,12.306306,10.142367,6.0416174,6.1464067,10.800373,9.919402,5.0130544,10.254599,11.939857,14.484474,11.193255,9.597959,14.196156,14.944823,10.464451,13.100621,16.924421,16.8382,13.653719,18.988703,15.806759,20.912914,20.942696,18.055424,23.324123,20.541054,23.64832,25.736506,21.209547,19.77296,16.646395,18.359406,14.827169,15.660461,17.02777,16.698368,20.510246,23.093853,24.995415,23.89178,22.01311,23.325174,21.818224,20.967821,23.02383,20.530499,23.64787,25.404964,25.662119,23.266685,23.927433,18.936352,20.929026,17.291737,20.604675
30,34.973198,31.442398,29.64674,25.081413,23.78221,22.6214,19.36688,18.550026,13.7155075,15.790381,13.074955,15.192997,13.785698,12.154857,14.853569,10.521711,14.289982,12.291362,18.61435,17.638393,20.630018,23.631088,26.518368,21.403376,20.289257,17.943075,13.64541,11.439275,7.177188,7.893491,0.0,7.5610404,7.9069376,11.273403,9.814507,7.7723203,11.875747,11.9505005,8.747015,10.028124,14.328295,12.639799,11.395085,15.556565,17.403166,16.424217,16.57432,20.649456,22.973757,23.228203,19.756617,22.14494,23.81321,22.027006,19.65756,17.827328,13.449098,13.793485,18.622683,16.959167,11.621408,16.445898,16.476915,19.048866,14.902398,11.471722,15.07438,13.615594,9.247873,13.586171,14.89671,12.805223,10.260362,15.420291,12.46081,17.12179,16.060478,12.944534,17.276123,15.09905,17.45875,19.531307,15.491859,15.446686,13.061049,16.46471,14.053254,17.267614,19.248669,20.445364,24.141966,27.415436,28.440853,26.700815,24.15567,24.53776,22.106173,20.44836,20.39126,17.77536,19.441532,20.362476,20.618984,19.04336,19.581747,15.666044,18.48228,15.876355,20.212366
31,38.407764,35.189816,33.252113,28.846418,28.20644,26.081282,24.312948,22.6873,18.332159,20.303596,16.977009,19.692883,19.371693,17.47377,21.72144,16.906744,20.449076,18.234137,23.789852,22.886375,24.764395,28.060724,29.87884,24.528587,23.944078,20.957644,18.037256,14.716486,11.790195,9.032878,7.5610404,0.0,5.7120724,6.979669,8.426429,10.300585,12.618152,9.683246,9.330461,12.602455,14.162848,11.787595,13.473044,17.234392,16.91708,16.982618,19.192604,21.907063,23.282265,22.19302,18.426273,23.185205,22.900837,20.090542,18.970724,18.087763,13.591967,14.319984,17.369549,13.881307,9.224732,13.374338,13.244558,14.268083,9.148867,6.5344234,11.222406,10.314366,8.578942,13.715935,14.591521,13.216713,13.348605,18.71459,17.37043,21.76771,21.478344,19.478064,23.719076,22.33493,24.45277,26.481516,22.760122,22.964924,20.588366,23.702362,20.92674,23.336697,24.976625,25.270058,29.085672,31.878555,33.621605,32.290222,30.092672,30.912031,28.832514,27.364908,27.881065,25.148657,26.960712,27.767076,27.773006,26.2798,25.851803,22.353632,24.232405,20.917168,24.71836
32,39.67045,36.48131,33.966362,30.017565,28.72187,26.20275,24.161957,21.53495,17.360357,18.005375,14.111305,16.075413,16.56733,15.6392765,20.688667,17.020643,21.208212,19.885351,25.881214,25.38876,28.054413,31.216877,33.6845,28.458532,27.51535,24.848408,21.019222,18.358185,14.487236,13.280498,7.9069376,5.7120724,0.0,5.2197337,8.05285,9.261272,12.063012,11.214821,11.624857,13.753053,15.922459,15.73569,16.446442,19.583101,20.204664,21.234877,22.414907,24.937593,27.175303,26.226397,23.139246,27.45918,27.987246,25.405891,24.22455,23.107603,18.515453,19.030718,22.682978,19.549852,14.571589,18.421755,17.46124,18.753576,14.0583725,10.666344,13.3807745,10.698753,9.736265,15.136193,13.998463,11.054509,12.4529915,17.04546,16.362783,19.965061,19.081465,17.46028,20.631798,20.113066,21.506872,23.493668,20.479876,21.69232,19.908405,23.844257,21.641842,25.16353,26.96262,27.995424,31.725157,34.875637,36.17816,34.545223,32.037186,32.305283,29.88568,27.887995,27.29896,24.517704,25.374657,25.560417,25.398235,24.558235,23.76648,21.347048,23.410833,20.854654,25.000334
33,38.419094,35.55122,32.76749,29.201075,28.262316,24.971954,24.15087,20.934216,17.42685,18.128073,14.353337,17.020626,18.000893,16.551008,22.654541,18.706984,22.72269,21.852839,27.106598,27.457106,29.658052,33.0369,35.00783,30.292023,29.931023,27.05404,23.87394,20.54127,17.340061,15.290198,11.273403,6.979669,5.2197337,0.0,5.5972624,9.237312,10.016166,8.10385,10.823563,13.191005,13.481483,14.482941,16.228527,18.307398,18.083006,20.686733,22.310295,23.465061,25.654371,24.010431,21.671635,26.941372,27.1296,24.39198,24.321146,24.189339,19.373169,20.925352,23.869946,19.451899,15.879182,20.025072,19.72105,20.052216,14.7834,12.723055,16.292343,14.217023,14.010569,19.435345,18.597858,15.955955,17.553183,22.251873,21.433489,25.157692,24.13442,22.165873,25.058628,24.142052,25.162199,26.53768,23.667253,24.85297,23.479631,26.729807,25.250626,28.070843,30.271278,31.037737,34.831837,37.842857,39.13067,37.453266,34.969696,35.633896,32.79875,31.608856,30.696095,28.447802,29.082272,29.151804,29.5651,28.829618,28.636166,25.98857,28.372261,25.753513,29.903795
34,32.83943,29.96021,27.191496,23.614346,22.722702,19.46036,18.802607,15.842408,12.396083,13.858604,10.723548,14.196989,14.530191,12.266774,18.471733,14.325381,18.084005,17.807232,22.452223,23.650288,25.85976,29.259321,31.284086,27.287264,27.278276,24.573856,21.512318,18.061127,15.237446,13.76439,9.814507,8.426429,8.05285,5.5972624,0.0,4.716481,4.6616516,3.9477983,6.2596984,7.882201,8.360011,10.730213,11.67343,13.074254,13.601891,16.820364,17.649286,18.47878,21.258656,20.05159,18.367828,22.881649,24.114023,21.966547,21.944916,22.154032,17.138037,19.578556,22.962673,18.5357,15.566141,20.807108,21.427057,22.227806,16.798084,14.927223,19.47805,17.829256,15.950923,21.260452,21.470646,18.796673,18.755604,23.732786,21.726837,25.877794,24.389612,21.391277,24.260021,22.273745,23.20965,23.99588,20.896479,21.665565,20.712029,23.081179,22.6191,24.819014,27.575333,28.453806,32.17562,35.232132,36.096165,34.19141,31.619751,32.530937,29.153221,28.869925,27.499033,25.976072,26.463648,26.635193,27.842321,27.016113,28.110054,24.807243,27.973904,25.600315,29.954544
35,30.598272,27.46711,24.759935,21.017239,19.60274,16.956776,15.14189,12.568487,8.424058,10.137089,7.2594085,10.740979,10.257425,7.803935,13.793838,9.97575,14.013453,14.248356,19.155989,20.532639,23.342094,26.550146,29.166737,25.378637,25.124485,22.799309,19.16698,16.31485,13.148594,13.13622,7.7723203,10.300585,9.261272,9.237312,4.716481,0.0,4.409066,7.2450686,6.017101,5.596791,8.968869,11.390358,10.29373,11.93029,14.152612,16.43876,15.933961,17.696451,21.101,20.847517,19.188421,22.17775,24.554129,22.98262,22.144789,21.797968,16.888351,19.094667,23.311378,19.889217,16.329494,21.877598,22.51612,24.11676,19.011135,16.499834,20.82562,18.997467,15.990911,20.953865,21.40314,18.489496,17.324224,22.029188,19.333303,23.435535,21.524565,17.96448,20.593168,18.10352,18.96394,19.573034,16.354866,17.067831,16.431494,18.725752,18.877188,21.346869,24.337679,25.689295,29.27746,32.55291,32.98308,30.847048,28.095554,28.776379,25.1231,24.89978,23.00674,21.764463,21.975138,22.12799,23.644176,22.86599,24.64158,21.236065,24.895823,23.005009,27.508028
36,28.702663,25.931479,22.86326,19.65314,18.601103,14.977132,14.790326,11.461865,8.679598,10.344525,8.20522,12.130916,12.233655,9.495057,16.046808,12.462898,15.852652,16.690872,20.46426,22.753979,25.0723,28.37499,30.528631,27.387444,27.650375,25.243332,22.243992,18.993216,16.530746,15.878407,11.875747,12.618152,12.063012,10.016166,4.6616516,4.409066,0.0,5.468363,6.64366,5.816582,6.209298,11.104091,10.815696,10.611124,12.27731,16.461346,16.112045,16.15194,19.762362,18.985163,18.414429,21.957392,24.288012,22.78163,22.92379,23.440649,18.511454,21.500885,25.12357,20.848019,18.463408,24.10743,25.14691,26.174719,20.803608,19.02159,23.726078,22.086597,19.603415,24.713202,25.173115,22.297842,21.552046,26.330654,23.72817,27.828218,25.868095,22.266758,24.574884,21.970564,22.439108,22.463238,19.6107,20.308569,20.117962,21.674654,22.512102,24.300848,27.560522,28.689106,32.23708,35.35468,35.704174,33.53476,30.845072,31.840542,27.866734,28.382006,26.195156,25.481384,25.439371,25.44786,27.396383,26.763502,28.892332,25.471884,29.247267,27.334476,31.802658
