,0,1,2,3,4,5,6,7,8,9,10,11,12,13,14,15,16,17,18,19,20,21,22,23,24,25,26,27,28,29,30,31,32,33,34,35,36,37,38,39,40,41,42,43,44,45,46,47,48,49,50,51,52,53,54,55,56,57,58,59,60,61,62,63,64,65,66,67,68,69,70,71,72,73,74,75,76,77,78,79,80,81,82,83,84,85,86,87,88,89,90,91,92,93,94,95,96,97,98,99,100,101,102,103,104,105,106,107,108,109,110,111,112,113
0,0.0,4.1716394,7.4206963,9.43935,12.5570965,14.7389555,17.51597,20.092321,22.63677,25.592648,27.832895,31.678278,33.272022,30.859844,36.59934,33.520233,37.75252,36.53751,41.406116,40.338795,43.95418,45.51984,47.082565,48.144703,45.73294,43.658974,39.86775,41.741005,36.03298,39.004856,32.770016,36.41093,30.275745,34.66895,32.046894,33.25849,36.826218,37.006756,38.73895,34.980595,38.588146,33.714203,38.12232,35.42002,38.15622,36.26464,42.578156,40.990303,36.27851,37.630577,35.579586,40.40497,41.53915,40.709545,45.56753,48.301155,45.17783,48.46439,46.52865,45.432217,42.769775,40.223267,37.14722,33.343338,34.02836,27.097137,27.86686,25.962229,29.68149,28.56699,32.47413,31.343987,35.909233,35.75837,39.584103,40.01496,43.333607,44.99708,48.710228,50.046993,44.200317,45.75558,42.799656,40.76999,40.086666,40.099987,34.84321,35.48514,36.05448,32.699703,30.818428,31.036001,30.183847,26.839226,25.534828,27.22531,25.280941,21.59457,23.485086,23.720928,27.320982,24.92704,22.695612,28.606285,30.813879,29.451908,30.042385,32.222897,31.91044,37.40698,36.539074,39.93583,42.76123,44.006042
1,4.1716394,0.0,5.2753754,6.4918365,9.301308,12.355442,14.482496,17.684448,20.282568,23.057539,25.913427,29.250332,30.774754,28.185944,34.050518,31.041817,35.1374,34.226017,38.773155,38.15917,41.58228,43.38901,44.70997,46.03751,43.790215,41.364983,37.731934,39.175045,33.60393,36.080864,29.806068,33.36545,27.067926,31.365253,28.388956,29.498116,33.234146,33.275646,35.336098,31.475765,35.2435,30.469215,35.11241,32.6887,35.53564,34.014534,40.376873,39.168053,34.51766,35.427006,32.95842,37.676285,38.46684,37.57296,42.564888,45.296375,42.35028,45.90085,44.057503,43.32347,40.71245,38.490833,35.689846,32.010983,33.151917,26.1072,27.632143,25.354723,28.929104,27.43084,31.116297,29.648926,33.97346,33.818348,37.33516,37.993023,40.851067,42.978233,46.680115,48.357826,42.543476,44.44624,41.788116,39.612217,38.57578,38.704372,33.885998,33.927845,34.26521,31.175123,29.443645,29.156345,28.163408,25.179554,23.592333,24.80064,23.061457,19.713177,21.990862,22.803658,26.586254,24.950499,22.101854,27.463428,30.119535,29.340761,30.33604,32.12234,31.42077,36.897667,35.55658,38.784595,41.417995,42.41059
2,7.4206963,5.2753754,0.0,5.467665,6.609509,8.474892,11.749639,13.384642,16.876453,19.144388,21.883598,25.3194,27.498093,25.41101,31.412441,29.111128,33.37577,33.109135,37.610233,37.591885,41.258736,43.325375,44.91937,46.6512,44.771408,42.12923,38.10138,39.3069,33.463978,35.08156,28.794266,31.47926,25.363125,28.790628,26.32624,27.006056,30.591295,31.196253,33.409367,30.029264,34.08701,29.735441,34.95423,32.842308,36.14577,34.76063,41.687973,40.75453,36.068398,37.11795,34.002884,38.50155,39.025867,37.367702,42.20524,44.483166,41.133938,44.718792,42.230873,41.701607,38.5389,36.79198,33.438385,29.985058,30.676363,23.891556,25.41546,22.526127,25.792166,24.470665,28.144836,27.442842,31.522463,32.104412,35.293446,36.697594,39.38227,42.02131,45.85296,47.69851,42.094315,44.457283,41.47187,39.826668,38.54856,38.144714,33.913418,34.346844,33.980072,30.68432,29.512283,29.280258,27.441692,24.814768,24.291704,24.57333,22.084227,19.426775,21.303194,22.799097,26.84213,25.069223,21.367144,26.53397,29.563656,28.43067,29.30462,30.432026,29.911604,34.933903,34.124325,36.822647,39.75097,40.281647
3,9.43935,6.4918365,5.467665,0.0,3.740523,6.6868324,8.196833,12.081232,13.949225,16.976997,19.894403,23.091751,24.34122,21.712852,27.566187,24.668194,28.830227,28.18622,32.723877,32.4469,36.020588,38.02574,39.548683,41.21762,39.316776,36.67755,32.697975,33.960625,28.15551,30.173134,23.879505,27.132292,20.95962,25.235542,22.747686,24.177517,27.527487,27.763485,29.356617,25.742575,29.489965,24.85826,29.789679,27.507668,30.740667,29.30313,36.229115,35.32528,30.654417,31.70749,28.59339,33.127396,33.82293,32.291004,37.1113,39.55204,36.320446,39.851166,37.74009,37.110844,34.34645,32.36033,29.54984,26.004244,27.385967,20.365776,22.568838,19.961529,23.349821,21.527702,25.01315,23.417562,27.596006,27.611101,30.96209,31.926525,34.65921,37.07891,40.850624,42.71134,37.0325,39.36652,36.65472,34.755344,33.39541,33.23771,29.033365,29.068373,28.817163,25.704737,24.413908,23.972515,22.376926,19.742662,18.881483,19.25959,17.074738,14.251524,16.467524,18.067238,22.10037,21.04073,17.235994,21.991148,25.12684,24.693281,26.033413,27.193024,26.185976,31.473988,29.930346,32.873405,35.4729,36.212276
4,12.5570965,9.301308,6.609509,3.740523,0.0,4.39191,5.4200726,9.10288,11.581242,14.017239,17.505398,20.222013,21.820965,19.356998,25.39574,23.037165,27.141443,27.16346,31.34884,31.793879,35.306046,37.61853,39.081604,41.141884,39.56577,36.588852,32.585926,33.360245,27.603838,28.661507,22.388577,24.97635,18.790306,22.377628,19.867262,20.91628,24.351517,24.818108,26.830107,23.430088,27.501589,23.263916,28.701529,26.876736,30.399084,29.36082,36.48711,36.00793,31.45538,32.22282,28.521044,32.7724,33.029663,31.036798,35.846485,38.01737,34.723484,38.474297,36.081326,35.86992,32.847073,31.420893,28.543152,25.29329,26.74019,19.976904,22.677675,19.530487,22.503939,20.520153,23.727667,22.344442,26.094524,26.555285,29.406878,30.992785,33.218002,36.28414,40.084846,42.27495,36.78999,39.58509,36.948082,35.248623,33.535328,33.18133,29.682539,29.491077,28.6907,25.740381,24.910091,24.120594,21.960737,19.939707,19.5001,18.887352,16.495848,14.6158495,16.774527,19.132366,23.235836,22.631851,18.178799,22.18564,25.754492,25.534376,27.019482,27.548407,26.40383,31.310085,29.753845,32.225224,34.81504,35.09239
5,14.7389555,12.355442,8.474892,6.6868324,4.39191,0.0,4.7306457,5.520114,8.420955,10.868417,13.663519,17.011034,19.050741,17.162033,23.143028,21.321737,25.668274,25.986654,30.375029,30.95727,34.814114,37.14606,39.044884,41.24944,39.913265,37.040524,32.58513,33.49029,27.44669,28.169785,22.06371,23.907629,18.252108,21.190191,19.769285,20.76589,23.61438,24.688599,26.187237,23.41678,27.402348,23.523678,29.084818,27.304798,31.088018,29.871336,37.393257,36.894733,32.331512,33.567585,29.672703,33.732708,34.087006,31.47418,35.91796,37.659397,33.861645,37.358036,34.357155,34.01343,30.507769,29.244059,25.735361,22.612032,23.466806,16.99962,19.461687,15.929244,18.694452,16.96329,20.283016,19.736113,23.443464,24.539341,27.34009,29.378992,31.819502,34.929394,38.82834,40.91384,35.630745,38.603073,35.52575,34.407093,32.700752,31.788227,28.632004,29.166967,27.86502,24.588875,24.223925,23.84757,21.014107,19.144909,20.00145,18.887514,15.630973,14.321502,15.66535,18.31233,22.437197,21.44986,16.545454,20.459372,24.1016,23.360313,24.62054,24.667925,23.798904,28.295042,27.38566,29.481657,32.41187,32.46391
6,17.51597,14.482496,11.749639,8.196833,5.4200726,4.7306457,0.0,6.3064036,6.791261,9.430908,13.213168,15.404924,16.52769,13.944487,19.995136,17.847176,21.946157,22.396532,26.417286,27.340563,30.910194,33.431046,35.036606,37.43759,36.254128,33.08832,28.861975,29.346924,23.520096,23.878212,17.713778,19.780691,13.815828,17.268473,15.43536,16.92097,19.775446,20.459213,21.877228,18.833403,22.84118,18.91915,24.608498,23.070238,26.918667,26.07542,33.53712,33.414783,29.023273,29.836494,25.579401,29.459412,29.56386,26.909317,31.458368,33.2889,29.739895,33.48183,30.837366,30.815517,27.669052,26.607494,23.858793,20.903831,22.727404,16.345102,19.889456,16.515778,18.979303,16.565212,19.270252,17.650448,21.022318,21.692274,24.202776,26.186872,28.13169,31.577904,35.399025,37.807514,32.5535,35.787037,33.217445,31.806166,29.748138,29.130085,26.49156,26.175617,24.714046,21.929424,21.69158,20.650272,17.815598,16.53488,16.979042,15.179637,12.397067,11.843495,13.675176,16.898401,20.885086,21.084356,16.004816,18.693722,22.688354,22.991188,24.820187,24.610174,23.097332,27.595776,25.740892,27.794886,30.241383,30.189943
7,20.092321,17.684448,13.384642,12.081232,9.10288,5.520114,6.3064036,0.0,5.507716,5.973717,9.182681,12.0184145,14.939342,13.897357,19.782934,19.19563,23.394321,24.743574,28.634083,30.160667,34.014896,36.65752,38.679737,41.361347,40.545513,37.417503,32.821827,33.21382,27.29226,26.645317,20.996702,21.379045,16.48759,17.77732,17.33353,17.778538,20.06844,21.864931,23.399042,21.488619,25.599672,22.624487,28.561619,27.398624,31.494059,30.662811,38.383987,38.346756,34.025948,35.158752,30.673527,34.189156,34.11715,30.707052,34.77915,35.902843,31.812304,35.338367,31.690157,31.812561,27.780361,27.401497,23.593348,21.120682,21.72975,16.297182,19.17369,15.017622,16.724451,14.984162,17.65026,17.95235,20.779345,22.830729,24.80106,27.853127,29.691484,33.549606,37.444393,39.834846,35.016266,38.561047,35.443222,34.87141,32.799576,31.401392,29.389347,29.97475,27.83306,24.753061,25.181782,24.625193,20.967134,20.06823,21.916542,19.588362,15.978806,16.21715,16.948801,20.294367,24.192953,23.663408,18.26891,20.82664,24.79705,24.172716,25.476706,24.48354,23.57667,27.144356,26.542797,27.73127,30.723728,30.036402
8,22.63677,20.282568,16.876453,13.949225,11.581242,8.420955,6.791261,5.507716,0.0,4.3223996,6.673054,9.475581,10.720245,9.134636,14.932946,13.883513,18.238161,19.383516,23.4921,24.832586,28.82319,31.406479,33.64662,36.340828,35.682888,32.661716,27.854105,28.375156,22.355627,21.873758,16.417456,16.88224,12.490002,14.535671,15.114445,16.713503,18.054853,19.680887,19.779558,18.0869,21.608067,18.617672,24.190474,22.91256,27.061693,26.092054,33.939495,33.94422,29.76345,31.169752,26.639263,29.939144,30.13116,26.456003,30.192442,31.213642,26.882853,30.157818,26.537262,26.41222,22.511992,21.936926,18.380083,15.908689,17.162249,11.827387,15.64306,11.766653,13.235876,10.770742,13.051891,12.574164,15.493992,17.327625,19.480217,22.364328,24.437462,28.080448,31.988873,34.335457,29.572905,33.223633,30.162466,29.718136,27.535341,26.015924,24.450998,25.043358,22.587744,19.577967,20.365524,19.81822,15.825223,15.373759,17.99869,15.147914,11.242424,12.4767885,12.660788,16.40296,19.984512,20.192743,14.645998,15.955643,20.10891,20.09631,21.807749,20.440784,19.0501,22.55351,21.387484,22.569534,25.365234,24.775665
9,25.592648,23.057539,19.144388,16.976997,14.017239,10.868417,9.430908,5.973717,4.3223996,0.0,5.2049713,6.238944,9.161162,8.81817,14.351731,14.850692,18.72253,20.967049,24.281403,26.617558,30.37043,33.242443,35.36204,38.440086,38.157085,34.865177,30.212322,30.135277,24.491743,22.638794,17.72749,16.715963,13.073973,12.946991,14.100703,14.73186,15.7839365,18.100645,18.81981,17.885126,21.682064,19.641523,25.54212,24.938742,29.201187,28.718191,36.46023,36.87688,32.92694,33.992123,29.073662,31.932917,31.592379,27.457289,30.984472,31.52281,27.172941,30.617222,26.532082,27.06042,22.768229,23.206842,19.587776,17.890602,18.842216,14.753883,18.435312,14.306919,14.7694235,12.622496,14.017411,14.449759,16.136871,18.835766,19.917397,23.764486,24.97433,29.426916,33.239136,35.919964,31.602694,35.663868,32.732246,32.584946,30.133291,28.397005,27.685303,28.086674,25.165354,22.523539,23.743229,22.921806,18.64689,18.915388,21.61253,18.162636,14.574904,16.471111,16.603455,20.469027,23.86308,24.241947,18.697636,19.324274,23.50657,23.525713,25.135956,23.189243,21.897358,24.551332,23.69094,24.041273,26.777239,25.451248
10,27.832895,25.913427,21.883598,19.894403,17.505398,13.663519,13.213168,9.182681,6.673054,5.2049713,0.0,5.4512486,8.396749,9.635037,13.718689,14.859052,18.783524,20.8777,24.539873,26.47341,30.608322,33.210644,35.91353,38.862553,38.720005,35.853443,30.781122,31.184092,25.399275,23.858747,19.601254,18.118471,15.861315,15.481268,18.037071,18.952288,18.99585,21.60167,21.064074,20.895924,23.947716,22.200823,27.480682,26.648256,30.850119,29.925585,37.777035,37.927235,34.029064,35.761322,31.11853,33.82603,33.912273,29.497742,32.39257,32.511684,27.632427,30.363064,25.648525,25.617785,20.801851,21.181313,16.597343,15.224335,14.995144,12.204085,15.144104,10.992476,10.441242,8.947461,10.110272,12.410229,13.917014,17.461298,18.663523,22.692776,24.546173,28.436602,32.259514,34.51334,30.524212,34.487686,30.981829,31.594994,29.40663,27.006184,26.587769,28.05058,24.839165,21.843605,23.480177,23.416101,18.847383,19.109821,22.978357,19.714573,15.628041,17.673136,16.76934,20.300695,23.303942,23.173107,17.838871,18.097385,21.877996,21.193157,22.39798,19.827288,19.010921,20.816559,21.040468,20.849894,24.077623,22.623947
11,31.678278,29.250332,25.3194,23.091751,20.222013,17.011034,15.404924,12.0184145,9.475581,6.238944,5.4512486,0.0,5.208796,7.730505,10.949382,13.672725,16.686014,20.035442,22.481401,25.682743,29.289751,32.283787,34.623257,38.05517,38.39032,35.10693,30.421604,29.941322,24.811964,21.630436,18.175516,15.157809,14.055076,11.51336,14.98879,15.409717,14.569452,17.629154,17.211817,17.943901,20.97519,20.360292,25.768951,25.788328,30.035456,29.830372,37.392403,38.180344,34.68439,35.81514,30.689634,32.758343,32.19615,27.32874,29.940662,29.57982,24.875917,27.922602,23.035639,24.007923,19.191969,20.862213,17.229706,16.841396,17.48969,15.80241,19.421066,15.672052,14.498239,12.674073,12.201487,13.706104,13.436554,17.294653,16.994827,21.932465,22.40107,27.376297,30.98711,33.831875,30.3458,34.85539,31.97139,32.564083,29.883373,27.591106,28.349955,28.929333,25.238543,23.063398,25.11643,24.331135,19.643785,20.969894,24.532188,20.41956,17.056297,20.062454,19.454803,23.336607,26.059135,26.893618,21.583021,20.549793,24.515615,24.764751,26.34514,23.395048,22.080366,23.23374,22.706722,21.764301,24.314943,22.054
12,33.272022,30.774754,27.498093,24.34122,21.820965,19.050741,16.52769,14.939342,10.720245,9.161162,8.396749,5.208796,0.0,4.0917673,5.781847,8.860439,11.562657,15.11542,17.373087,20.686134,24.224358,27.225842,29.625504,33.113205,33.648537,30.411419,25.741692,25.175795,20.271618,16.899067,14.128175,10.738535,11.076704,9.104897,13.627014,15.290622,13.527826,15.986201,13.774572,14.879466,17.024336,16.685663,21.464611,21.57314,25.721352,25.576208,32.969933,33.91181,30.71583,31.884104,26.788282,28.477276,28.066996,23.015902,25.22524,24.76072,19.871067,22.772926,17.97884,18.923525,14.338222,16.134686,13.391586,13.42389,15.247862,14.232318,18.52458,15.590283,14.277099,11.849481,10.273117,10.213759,8.967937,12.583845,11.868825,16.897758,17.20173,22.240494,25.818186,28.785477,25.416306,30.099943,27.561262,28.136475,25.257162,23.01175,24.499737,24.706606,20.724596,19.044569,21.45807,20.460629,15.755859,17.870396,21.656029,17.186043,14.337799,18.139988,17.261387,21.119913,23.268532,24.985317,20.027634,17.544764,21.442308,22.602953,24.610416,21.519966,19.601482,20.59275,19.045197,17.997671,19.97464,17.701508
13,30.859844,28.185944,25.41101,21.712852,19.356998,17.162033,13.944487,13.897357,9.134636,8.81817,9.635037,7.730505,4.0917673,0.0,6.1348886,6.4682837,9.931159,12.819371,15.571505,18.49564,22.023994,25.06362,27.204422,30.57239,30.807154,27.428041,22.83609,22.321707,17.131622,14.370654,10.563747,8.534251,7.3180356,7.6582527,11.118537,13.699916,12.663375,14.294667,12.081684,12.0055685,14.429807,13.155258,18.247957,18.08115,22.31663,22.167616,29.671576,30.575113,27.235199,28.218401,23.080053,25.08683,24.773493,20.043676,22.855423,23.06215,18.45889,21.799292,17.891817,18.650341,14.866245,15.731274,13.770768,12.93868,15.806989,13.331737,18.204624,15.440683,15.087415,12.091713,11.326468,9.252897,9.279319,11.347259,11.562939,15.618849,16.187906,21.04715,24.741709,27.784107,23.824566,28.36375,26.131098,26.01952,23.065752,21.390045,22.279297,21.843517,18.187183,16.576963,18.61865,17.19498,12.650158,14.74431,17.957808,13.364194,10.792702,14.733716,14.314392,18.324778,20.615873,22.775465,17.810432,15.406392,19.573753,21.305151,23.664207,21.192583,18.865406,20.907331,18.382069,18.31937,19.997766,18.464693
14,36.59934,34.050518,31.412441,27.566187,25.39574,23.143028,19.995136,19.782934,14.932946,14.351731,13.718689,10.949382,5.781847,6.1348886,0.0,5.5127,6.3169093,10.631973,11.963954,15.808364,19.02149,22.085518,24.494333,28.149525,29.098248,25.899466,21.423262,20.528793,16.333542,12.287052,11.353928,7.153266,10.519742,9.261506,14.302039,16.914352,14.188623,15.724893,11.254769,13.147742,13.609059,14.13001,17.59004,18.060633,21.902952,22.006252,28.912819,30.181837,27.554571,28.645245,23.64115,24.57721,24.24779,18.93419,20.316034,19.497032,14.360787,17.008518,12.272332,13.480521,9.450441,11.891458,11.213296,12.192905,15.337504,15.509356,20.036985,18.197407,16.779896,14.198065,11.615433,9.592686,6.378611,8.890389,6.586623,11.990169,11.479941,16.903954,20.31476,23.580004,20.624128,25.619652,23.739344,24.336975,21.14832,19.016315,21.813274,21.3664,16.981138,16.349705,19.235472,17.89486,13.5381365,16.765903,20.52269,15.809326,14.130916,18.570625,17.47847,21.00382,22.2571,25.03658,20.802364,16.620718,20.102938,22.404182,24.803944,21.641922,19.12493,19.631172,16.79632,15.430124,16.247131,13.816871
15,33.520233,31.041817,29.111128,24.668194,23.037165,21.321737,17.847176,19.19563,13.883513,14.850692,14.859052,13.672725,8.860439,6.4682837,5.5127,0.0,4.61518,6.398567,9.872199,12.080746,15.833807,18.708492,21.165142,24.416147,24.80306,21.692244,16.889147,16.685976,11.550406,9.675351,7.2883224,6.6364465,8.1608,10.763254,14.0638685,17.694086,16.040161,16.519348,11.964366,11.965703,12.175162,10.83302,13.977136,13.457939,17.400589,16.990889,24.306973,25.21591,22.285885,23.616909,18.828152,20.360996,20.708406,15.997946,18.087708,18.42002,13.532845,16.321634,13.12882,13.107653,10.499603,10.407482,10.604544,10.114169,14.541423,13.162252,18.107471,16.816074,16.452923,13.405875,11.818481,7.293789,6.5837765,5.8746996,6.622963,9.363497,10.579342,14.747334,18.503605,21.50094,17.432844,22.07766,20.30589,20.079763,16.904633,15.383672,17.22249,16.290407,12.2116995,11.46455,14.047776,12.442051,8.1254425,11.585019,15.125377,10.497383,9.310912,13.869226,12.889694,16.26096,17.367357,20.719576,16.805685,12.313131,15.94242,18.991781,21.794325,19.430038,16.421854,18.311472,14.22617,14.495621,15.109139,14.241993
16,37.75252,35.1374,33.37577,28.830227,27.141443,25.668274,21.946157,23.394321,18.238161,18.72253,18.783524,16.686014,11.562657,9.931159,6.3169093,4.61518,0.0,5.350833,5.8345027,9.962202,12.805442,16.033243,18.209867,21.928047,22.986977,19.688812,15.474448,14.2770815,10.673921,6.6043377,7.714793,5.4092097,10.12796,11.472105,15.148756,18.75975,16.225296,16.267124,10.386211,11.574757,10.043712,10.525996,12.1016245,12.650262,16.109764,16.45902,22.89124,24.4428,22.308558,23.166016,18.339926,18.72153,18.691187,13.502002,14.512258,14.181371,9.057221,11.958239,9.030677,10.016524,8.667277,9.859032,12.21521,12.921901,17.431746,17.272543,21.975084,21.050892,20.293867,17.465538,15.199222,11.009674,8.555354,7.0850883,4.8715615,7.6569586,6.391771,11.9245205,15.288286,18.93271,15.69543,20.799074,19.991802,19.828028,16.269777,15.018645,18.467659,16.642942,12.2696905,13.0971985,15.934452,13.877347,10.593584,14.682998,17.603928,13.013534,13.116841,17.637022,16.769587,19.749327,20.177544,24.119541,20.768967,15.546354,18.543264,22.171225,25.037004,22.511047,19.378225,20.414722,15.841239,15.389158,14.751424,13.409548
17,36.53751,34.226017,33.109135,28.18622,27.16346,25.986654,22.396532,24.743574,19.383516,20.967049,20.8777,20.035442,15.11542,12.819371,10.631973,6.398567,5.350833,0.0,5.9408293,5.6998763,9.803087,12.383904,15.161954,18.17646,18.683937,15.916008,10.955834,11.26864,6.6091065,7.3709774,7.9190254,9.580389,12.099691,15.69259,18.236385,22.311846,20.541956,20.076218,14.542999,14.313202,12.424545,11.092368,10.942414,9.859629,12.904062,12.171099,18.909496,19.847895,17.571253,19.187557,15.113769,15.943736,17.192987,13.085549,14.161961,14.945623,10.428752,12.210093,11.089522,9.855613,10.146262,8.336672,11.758998,11.560679,16.654991,16.069046,20.493511,20.471952,20.326054,17.525057,15.826074,10.555163,9.855689,5.6251926,6.9979577,4.878244,7.249153,9.317375,13.032104,15.960919,11.540407,16.230303,15.479502,14.703296,11.160244,10.42428,13.470332,11.324474,6.9271855,8.35796,11.130918,9.190033,6.907193,11.125579,13.982451,10.313283,11.265807,15.248182,14.129013,16.281233,15.926482,20.439514,18.021349,12.218035,14.571567,18.950148,22.037,20.194242,16.764881,18.546738,12.946886,13.91464,12.865137,13.282772
18,41.406116,38.773155,37.610233,32.723877,31.34884,30.375029,26.417286,28.634083,23.4921,24.281403,24.539873,22.481401,17.373087,15.571505,11.963954,9.872199,5.8345027,5.9408293,0.0,6.511294,7.5189643,11.049813,12.745719,16.773008,18.410126,15.0686245,11.7669525,9.631847,8.566203,4.600302,9.603371,9.118693,13.9133,15.807368,18.589695,22.395258,19.7872,18.896454,12.551808,13.586423,9.9961815,11.260493,9.462302,10.635184,12.83998,13.81806,18.800398,20.926947,19.831413,20.254131,15.948213,14.985736,15.127529,10.260274,9.601322,9.281289,4.4940405,7.1619654,7.561251,8.606646,10.621448,11.185839,15.692454,16.603903,21.393604,21.582312,26.03488,25.776197,25.187353,22.44376,20.167286,15.559738,13.298133,10.266648,8.253832,7.255125,3.5898921,8.492298,11.046391,15.263418,12.615908,17.719925,18.466454,17.754286,13.958131,13.790568,18.30502,15.122286,11.194356,13.90552,16.462759,13.984104,12.555504,16.791939,18.6738,14.793599,16.403067,20.511988,19.817049,22.062107,21.59467,26.303976,23.918882,18.147919,20.269228,24.716217,27.74068,25.61166,22.26234,23.145294,17.73369,17.56637,15.494803,14.871923
19,40.338795,38.15917,37.591885,32.4469,31.793879,30.95727,27.340563,30.160667,24.832586,26.617558,26.47341,25.682743,20.686134,18.49564,15.808364,12.080746,9.962202,5.6998763,6.511294,0.0,4.8824797,6.7383046,10.06676,12.762817,13.6439295,11.466048,6.7920275,7.758615,5.9991956,9.118131,11.87076,14.048324,16.942299,20.611528,22.766146,26.94185,25.054123,24.056948,18.202463,17.999743,14.886218,14.021999,10.947017,9.736902,10.856912,9.980969,15.024644,16.103472,14.987287,16.731918,13.879722,13.524852,15.636349,12.654078,12.153358,13.238371,9.998279,10.040531,11.619041,9.5435915,12.559761,10.117047,15.213546,15.370891,20.298819,20.36847,24.219685,24.964506,24.873634,22.32362,20.549417,15.399538,14.588288,9.94931,10.818295,5.8278933,7.75102,5.8895297,8.826176,11.590815,7.1420383,11.740588,12.740371,11.33558,7.5186553,8.2960615,12.706807,9.273035,5.7662196,9.670569,11.868646,10.07658,10.413374,14.024205,15.832428,13.489983,15.567345,18.8008,17.71728,18.81481,17.296476,22.36736,21.239656,15.141095,16.106781,21.101633,24.181376,22.782291,19.32631,20.719608,14.594158,15.808427,13.340936,14.719481
20,43.95418,41.58228,41.258736,36.020588,35.306046,34.814114,30.910194,34.014896,28.82319,30.37043,30.608322,29.289751,24.224358,22.023994,19.02149,15.833807,12.805442,9.803087,7.5189643,4.8824797,0.0,3.8113163,5.6437955,9.310187,11.27539,8.673554,6.546559,5.141484,8.024517,9.7352915,14.148036,16.035677,19.474693,22.716185,24.511736,28.604372,26.516197,25.005014,19.077993,19.079737,15.046548,15.184355,10.310015,10.307007,9.857548,10.409423,12.928724,15.09625,15.37018,15.96621,13.54548,11.459684,13.273669,10.987429,8.817896,10.078272,8.840599,8.318949,12.430283,11.471924,15.614881,14.1939745,19.687906,20.167591,25.046892,25.189007,29.099995,29.770899,29.641665,27.043293,25.141508,20.063915,18.796038,14.493817,14.22159,9.916909,9.080587,7.2811327,8.05726,11.461679,8.831882,12.716045,15.502612,13.653269,10.179078,11.994697,16.556498,12.101647,9.968101,14.23603,15.901153,13.639395,14.712313,18.2455,18.990128,16.808102,19.561909,22.698587,22.035746,23.054943,21.422945,26.698355,25.783424,19.871347,20.674738,25.785896,28.861889,27.571348,24.135239,25.292776,19.21569,20.084412,17.061567,18.10236
21,45.51984,43.38901,43.325375,38.02574,37.61853,37.14606,33.431046,36.65752,31.406479,33.242443,33.210644,32.283787,27.225842,25.06362,22.085518,18.708492,16.033243,12.383904,11.049813,6.7383046,3.8113163,0.0,4.681349,6.628404,8.760501,7.8474913,6.4099956,7.1403,10.23328,13.462694,17.366741,19.633854,22.76559,26.319517,28.073532,32.23525,30.25127,28.752579,22.86566,22.71846,18.781569,18.524971,13.425326,12.706121,11.359132,11.024615,12.014437,13.593538,14.593097,15.828177,14.798736,12.696761,15.3549385,14.170581,11.800405,13.084335,12.336385,10.646485,14.950834,13.0434065,17.626474,15.443058,21.095697,21.512589,26.185507,26.621807,30.0806,31.266243,31.215527,28.815165,26.992722,21.978102,21.009718,16.45347,16.763975,11.63426,12.008299,7.8303256,7.498386,9.476144,7.1975775,9.813904,13.641612,11.568302,8.749281,11.244997,15.802964,11.557845,10.479417,14.887839,16.209166,14.60222,16.446945,19.483984,20.145857,18.813953,21.60369,24.285019,23.416887,23.79802,21.5552,26.823957,26.68874,20.752306,20.759825,25.931898,28.89134,27.910149,24.573547,25.598314,19.514845,20.697304,17.344627,19.120785
22,47.082565,44.70997,44.91937,39.548683,39.081604,39.044884,35.036606,38.679737,33.64662,35.36204,35.91353,34.623257,29.625504,27.204422,24.494333,21.165142,18.209867,15.161954,12.745719,10.06676,5.6437955,4.681349,0.0,4.6150827,7.5980287,5.5072293,7.6516767,5.9943004,11.609194,14.0226145,18.343704,20.799753,23.797483,27.305063,28.403778,32.485737,30.632257,28.615831,23.095486,22.712671,18.431858,18.548769,12.506331,12.611333,10.124063,11.239104,9.822434,12.729054,14.732177,14.410849,13.632982,10.181706,12.433421,12.468048,9.553483,11.635378,12.881698,11.967321,17.286757,16.515606,21.080107,19.52292,25.092613,25.386791,30.249624,30.12276,33.88834,34.768818,34.896492,32.28895,30.59609,25.38063,24.399632,19.96752,19.854141,15.393256,14.402426,11.871174,11.040269,13.39278,11.868154,13.831934,18.086082,15.415863,12.799404,15.740713,19.551884,14.357314,13.917413,18.35952,19.233437,16.9203,19.117336,22.139763,21.742468,20.426798,23.811024,26.39503,26.074114,26.595566,24.613392,30.05299,29.780117,24.212893,24.546345,29.819954,32.882908,32.09022,28.678701,30.041098,23.880259,25.098764,21.828775,23.23547
23,48.144703,46.03751,46.6512,41.21762,41.141884,41.24944,37.43759,41.361347,36.340828,38.440086,38.862553,38.05517,33.113205,30.57239,28.149525,24.416147,21.928047,18.17646,16.773008,12.762817,9.310187,6.628404,4.6150827,0.0,4.020446,5.4320245,8.694707,9.298183,14.118444,18.092377,21.682325,24.778759,27.212717,31.27438,32.147865,36.346382,34.770805,32.717075,27.36118,26.600357,22.576267,22.015493,16.002,15.205109,12.0440035,12.08743,8.431726,10.404014,13.497484,13.735368,14.839137,11.866625,15.075318,16.285254,13.934047,16.191786,17.360607,15.992858,21.130953,19.587128,24.246552,21.907051,27.389368,27.397186,32.097897,31.904648,35.24966,36.58745,36.95636,34.491444,33.051765,27.792652,27.3228,22.606274,23.217417,18.107574,18.251736,14.360764,13.197374,14.020242,12.579906,12.639855,17.589304,14.391149,12.81752,16.403572,19.385237,14.340976,15.213713,19.529217,19.817225,18.063675,21.081219,23.472113,22.703451,22.388433,25.882553,27.858889,27.475838,27.309814,24.810501,30.175257,30.730719,25.42097,25.047655,30.3141,33.255165,32.972977,29.679878,31.21324,25.083384,26.824991,23.506197,25.622622
24,45.73294,43.790215,44.771408,39.316776,39.56577,39.913265,36.254128,40.545513,35.682888,38.157085,38.720005,38.39032,33.648537,30.807154,29.098248,24.80306,22.986977,18.683937,18.410126,13.6439295,11.27539,8.760501,7.5980287,4.020446,0.0,4.8696966,7.9919167,10.124691,13.8160095,19.219803,21.72812,25.693724,27.204458,31.984009,32.393803,36.70624,35.6152,33.496845,28.532446,27.1296,23.59115,22.099035,16.39339,14.680057,11.237151,10.332852,5.8537946,6.5946016,10.093914,10.8223095,13.176953,11.227678,15.262517,17.197351,16.051714,18.961555,19.724228,18.930374,23.528708,21.626675,25.821264,22.832853,27.85018,27.284473,31.968058,31.11138,34.293537,35.762714,36.541977,34.071938,33.095757,27.671156,27.934032,23.02167,24.453203,19.131838,20.220154,16.26684,15.821045,16.177061,13.541587,12.759233,17.300776,13.23837,12.235009,16.36631,17.843403,12.530936,14.592343,18.551382,18.127089,16.535631,20.244907,21.992704,20.594318,21.119299,24.784958,26.147472,25.938097,25.332321,22.715408,28.021048,29.002817,24.24477,23.653366,28.88721,31.81366,32.081333,28.83675,31.024914,24.872143,27.315538,24.405684,26.980164
25,43.658974,41.364983,42.12923,36.67755,36.588852,37.040524,33.08832,37.417503,32.661716,34.865177,35.853443,35.10693,30.411419,27.428041,25.899466,21.692244,19.688812,15.916008,15.0686245,11.466048,8.673554,7.8474913,5.5072293,5.4320245,4.8696966,0.0,5.723423,5.8018107,10.463306,15.1034565,17.766422,21.718718,23.218113,27.84805,28.000196,32.247684,31.18736,28.893099,24.12854,22.612041,19.015816,17.691639,11.724785,10.532471,6.8603983,7.4542904,4.447034,7.6283655,9.80839,8.998243,9.445678,6.6815805,10.53595,12.388431,11.731602,15.19422,16.19866,16.460304,21.025883,19.956871,23.809278,21.452314,26.375353,25.808409,30.787674,29.496883,33.243336,34.131886,34.888496,32.158882,31.154585,25.574278,25.645039,20.920832,21.921095,17.286833,17.46168,15.148247,15.2947445,17.020857,13.882623,14.893275,18.74866,14.836642,12.661355,16.475473,18.24552,12.176156,13.290445,17.383785,17.232939,14.669325,17.927908,20.173895,18.522158,18.208717,22.129728,23.923117,24.072924,24.181097,22.249454,27.740711,27.810677,23.049032,23.35283,28.675226,31.807018,31.746538,28.322153,30.726759,24.423773,26.623575,23.940832,25.885305
26,39.86775,37.731934,38.10138,32.697975,32.585926,32.58513,28.861975,32.821827,27.854105,30.212322,30.781122,30.421604,25.741692,22.83609,21.423262,16.889147,15.474448,10.955834,11.7669525,6.7920275,6.546559,6.4099956,7.6516767,8.694707,7.9919167,5.723423,0.0,5.234283,5.961705,12.3207245,14.096924,18.227932,19.54648,24.452078,25.165373,29.537292,28.45434,26.704062,21.66769,20.197254,17.131605,15.123278,10.429297,7.97418,6.4983296,4.709665,8.447366,9.378847,8.874828,10.375878,9.163217,8.828841,12.52184,12.226963,12.471185,15.37394,14.333031,14.753311,17.912266,16.132107,19.322779,16.365759,20.929813,20.154638,25.114033,23.868258,27.561234,28.525007,29.240225,26.578089,25.62139,20.053947,20.434696,15.57086,17.293259,12.390119,13.99774,11.508341,12.95239,14.654495,10.00894,11.963201,14.472369,10.757223,7.885944,11.414052,13.099876,7.144477,7.575633,11.700944,11.899255,9.517787,12.560634,14.9411125,14.355,13.75562,17.210735,19.224533,18.919434,19.12356,17.191511,22.687323,22.524744,17.436796,17.846943,23.17031,26.334372,26.097301,22.647839,25.163628,18.855145,21.276712,18.985132,21.131626
27,41.741005,39.175045,39.3069,33.960625,33.360245,33.49029,29.346924,33.21382,28.375156,30.135277,31.184092,29.941322,25.175795,22.321707,20.528793,16.685976,14.2770815,11.26864,9.631847,7.758615,5.141484,7.1403,5.9943004,9.298183,10.124691,5.8018107,5.234283,0.0,6.4616337,9.33407,12.735349,16.059914,18.200005,22.293861,22.866451,27.062307,25.659796,23.5439,18.454279,17.327463,13.512238,12.759092,6.816867,6.686776,5.025269,7.053242,9.359338,12.273635,12.464838,11.721457,8.847053,6.3542223,8.513026,7.647273,7.329787,10.737583,10.890097,12.264973,16.22045,15.928065,19.270164,17.730663,22.535316,22.253824,27.373495,26.184374,30.4038,30.743885,31.18447,28.309162,27.016113,21.520784,21.055307,16.706076,17.010773,13.289408,12.463897,12.136962,13.171369,16.229734,12.81451,15.8122835,18.60669,15.562553,12.289259,15.019765,17.726217,11.973883,11.073456,15.10834,15.836811,12.661785,14.5690365,17.690996,16.880617,15.034989,18.660828,21.338945,21.446493,22.483675,21.242165,26.694885,25.67843,20.570862,21.777172,26.994911,30.225807,29.49602,25.974504,28.150251,21.922703,23.517336,21.068563,22.204569
28,36.03298,33.60393,33.463978,28.15551,27.603838,27.44669,23.520096,27.29226,22.355627,24.491743,25.399275,24.811964,20.271618,17.131622,16.333542,11.550406,10.673921,6.6091065,8.566203,5.9991956,8.024517,10.23328,11.609194,14.118444,13.8160095,10.463306,5.961705,6.4616337,0.0,7.819559,8.19092,12.756849,13.60007,18.692762,19.402925,23.791689,22.837975,21.293743,16.49324,14.7512865,12.384355,9.726533,6.9521627,4.129963,6.5028734,5.7885823,12.759848,13.939513,11.779351,12.656456,8.6562805,9.771029,11.929778,9.628168,11.683701,14.379826,12.051825,14.174212,15.690113,14.718856,16.445854,14.13334,17.778183,16.750391,21.916536,19.957335,24.302116,24.476702,25.191004,22.24472,21.39819,15.711031,16.19745,11.76818,13.485176,10.125661,11.445024,11.864035,14.589966,17.287386,12.3029175,15.765811,16.566317,13.762123,10.327803,12.155853,13.516047,8.482402,6.5826817,9.568436,10.399619,6.8695736,8.161769,11.383504,11.329721,8.932056,12.279757,15.101716,15.052802,16.414112,15.687266,20.963043,19.408762,14.492978,16.319763,21.331444,24.614532,23.929764,20.405098,23.275848,17.19424,19.356901,17.927555,19.23565
29,39.004856,36.080864,35.08156,30.173134,28.661507,28.169785,23.878212,26.645317,21.873758,22.638794,23.858747,21.630436,16.899067,14.370654,12.287052,9.675351,6.6043377,7.3709774,4.600302,9.118131,9.7352915,13.462694,14.0226145,18.092377,19.219803,15.1034565,12.3207245,9.33407,7.819559,0.0,6.303803,6.9014935,10.7405615,13.285137,14.9477825,18.919497,16.837517,15.334972,9.544063,9.5162945,5.817075,6.915405,5.9790125,8.097374,11.011236,12.831672,18.170755,20.60429,19.147165,18.677517,13.550733,12.988285,12.27148,6.918507,8.54549,9.582626,6.4835978,10.846224,11.443663,13.076113,14.117656,14.615724,18.136131,18.291761,23.217123,22.058493,26.912228,26.109478,26.001072,22.95803,21.280693,16.407106,14.951466,12.239662,10.9046545,10.788632,7.938243,12.75134,15.233665,19.367886,16.087471,20.80949,21.59136,20.06849,16.277496,16.75409,19.901018,15.936094,12.635187,14.966706,16.878529,13.595806,12.25182,16.274626,17.0694,12.824232,14.968344,18.976578,19.046389,21.653841,21.818445,26.548746,23.720947,18.770185,21.498714,25.909239,29.05381,27.295929,23.905832,25.683699,20.27714,20.690819,19.244362,18.661127
30,32.770016,29.806068,28.794266,23.879505,22.388577,22.06371,17.713778,20.996702,16.417456,17.72749,19.601254,18.175516,14.128175,10.563747,11.353928,7.2883224,7.714793,7.9190254,9.603371,11.87076,14.148036,17.366741,18.343704,21.682325,21.72812,17.766422,14.096924,12.735349,8.19092,6.303803,0.0,6.291934,5.5337296,10.8613205,11.325183,15.699123,14.983439,13.728968,9.841968,7.412185,7.3753614,3.789421,7.9101667,7.8038836,12.035003,12.788963,19.737436,21.283733,18.509645,18.419506,12.928623,14.599825,14.343933,10.166165,13.933245,15.747278,12.609605,16.656889,15.935161,16.696161,16.103363,15.660799,17.334345,16.243757,21.04011,18.140572,23.230196,21.914276,22.50636,19.240662,18.582047,13.531619,13.808683,11.545055,12.167875,12.687119,12.395537,16.513842,19.737303,23.199322,18.72693,22.989468,22.64417,20.802912,17.381775,17.693169,18.724245,15.348777,12.523572,13.153285,14.421292,11.04357,8.839575,12.118906,12.624037,7.753969,9.55515,13.468273,14.119748,17.234468,18.394485,22.614456,19.120123,15.428625,18.933641,22.823042,25.948914,24.635069,21.375982,24.325825,19.323803,20.614767,20.403917,20.199503
31,36.41093,33.36545,31.47926,27.132292,24.97635,23.907629,19.780691,21.379045,16.88224,16.715963,18.118471,15.157809,10.738535,8.534251,7.153266,6.6364465,5.4092097,9.580389,9.118693,14.048324,16.035677,19.633854,20.799753,24.778759,25.693724,21.718718,18.227932,16.059914,12.756849,6.9014935,6.291934,0.0,6.502598,6.723668,10.025367,13.575829,11.104792,10.874133,5.405621,6.5869074,6.524097,7.7320037,11.55972,13.05654,16.876398,18.10183,24.46156,26.44122,24.144457,24.026728,18.511927,19.063707,17.921999,12.552597,14.845491,14.853133,10.884491,15.189029,12.819771,15.037224,13.427149,15.139591,16.490456,16.654905,20.875889,19.44319,24.491333,22.699045,22.276827,19.229155,17.570667,13.798934,12.045956,11.6816025,9.773285,12.948468,10.672433,16.822672,19.877756,23.84756,20.533146,25.508232,24.962671,24.214727,20.602644,19.916798,22.462793,19.951244,16.145489,16.746534,18.949863,16.212147,12.965952,16.609413,18.42519,13.375496,13.617218,18.03396,18.080946,21.600777,22.836994,26.592241,22.590853,18.513712,22.122763,25.485786,28.356846,26.06217,23.049023,24.68944,20.459406,20.222353,20.0341,18.418436
32,30.275745,27.067926,25.363125,20.95962,18.790306,18.252108,13.815828,16.48759,12.490002,13.073973,15.861315,14.055076,11.076704,7.3180356,10.519742,8.1608,10.12796,12.099691,13.9133,16.942299,19.474693,22.76559,23.797483,27.212717,27.204458,23.218113,19.54648,18.200005,13.60007,10.7405615,5.5337296,6.502598,0.0,6.8762174,6.762017,10.947459,10.965073,10.47946,8.814024,6.033673,9.254478,6.6089187,12.729944,12.964096,17.178196,17.8928,24.935795,26.340464,23.18184,23.012972,17.449549,19.516003,18.648426,14.478448,18.463762,19.758213,16.445343,20.766346,18.813591,20.077774,18.091465,18.4125,18.461834,17.19403,21.218485,17.631063,22.801867,20.488653,21.102425,17.834784,17.623108,13.701931,14.224127,13.799075,14.13882,16.457333,16.052437,21.006575,24.40113,27.889181,23.519747,27.881544,26.852697,25.421198,22.176788,21.89272,22.389826,19.952166,17.081873,16.590052,17.801687,14.975343,11.783971,14.124502,14.954642,10.057072,9.909889,13.624268,14.635722,18.451162,20.636084,23.871468,19.407475,17.055893,21.16871,24.070526,26.913105,25.386806,22.530804,25.551283,21.566734,22.49113,23.163527,22.322983
33,34.66895,31.365253,28.790628,25.235542,22.377628,21.190191,17.268473,17.77732,14.535671,12.946991,15.481268,11.51336,9.104897,7.6582527,9.261506,10.763254,11.472105,15.69259,15.807368,20.611528,22.716185,26.319517,27.305063,31.27438,31.984009,27.84805,24.452078,22.293861,18.692762,13.285137,10.8613205,6.723668,6.8762174,0.0,5.739305,7.7903347,5.335331,6.9355516,6.134312,7.1395497,10.433294,11.323065,16.840685,18.331957,22.327812,23.611712,30.165962,32.068394,29.351997,28.958818,23.224936,24.317776,22.597553,17.616179,20.550009,20.47205,17.04508,21.430746,18.3455,20.882025,18.09342,20.291714,19.95725,19.828001,23.084356,20.893597,25.842634,23.002363,22.611761,19.712261,18.636185,16.347027,15.094211,16.437756,14.7633915,18.986435,17.001326,23.310411,26.425074,30.335016,26.974525,31.88711,30.822794,30.187313,26.741674,25.805223,27.543102,25.534819,21.956871,21.658632,23.555618,21.016754,17.314203,20.05222,21.686562,16.696226,15.861719,19.765268,20.28155,24.283457,26.451996,29.325657,24.51741,21.908543,26.015398,28.44991,31.01718,28.644709,26.093428,27.895302,24.7259,24.292213,25.000465,22.898228
34,32.046894,28.388956,26.32624,22.747686,19.867262,19.769285,15.43536,17.33353,15.114445,14.100703,18.037071,14.98879,13.627014,11.118537,14.302039,14.0638685,15.148756,18.236385,18.589695,22.766146,24.511736,28.073532,28.403778,32.147865,32.393803,28.000196,25.165373,22.866451,19.402925,14.9477825,11.325183,10.025367,6.762017,5.739305,0.0,4.4247813,5.889385,5.08585,8.269532,5.934006,10.808441,10.329734,16.504442,17.906921,21.733074,23.320892,29.583439,31.523304,28.652887,27.558615,21.792135,23.352827,21.26939,17.268124,21.320799,22.242836,19.837204,24.655184,22.674194,25.028515,22.853624,24.250866,24.090075,23.201242,26.70888,23.17537,28.200615,25.229303,25.665514,22.600838,22.410835,19.545261,19.43805,19.92561,19.172882,22.352795,20.631481,26.501318,29.57383,33.484447,29.588482,34.141453,33.406284,31.963797,28.596,28.392454,29.139328,26.403864,23.6159,23.347527,24.474394,21.4792,18.533945,20.639269,20.796907,16.259937,16.133707,19.205442,20.670918,24.570183,27.098938,30.000599,25.235292,23.586563,27.796991,30.358025,33.035385,31.370008,28.74772,31.49673,27.955069,28.361792,29.062649,27.558271
