,0,1,2,3,4,5,6,7,8,9,10,11,12,13,14,15,16,17,18,19,20,21,22,23,24,25,26,27,28,29,30,31,32,33,34,35,36,37,38,39,40,41,42,43,44,45,46,47,48,49,50,51,52,53,54,55,56,57,58,59,60,61,62,63,64,65,66,67,68,69,70,71,72,73,74,75,76,77,78,79,80,81,82,83,84,85,86,87,88,89,90,91,92,93,94,95,96,97,98,99,100,101,102,103,104,105,106,107,108,109
0,0.0,3.924664,5.357736,9.193463,10.878787,13.710683,16.33455,18.672949,23.795797,24.428513,29.90976,32.702744,36.62464,35.843624,33.67367,30.257555,27.429396,23.65102,22.15879,18.00168,15.090402,12.845436,9.983361,10.039249,6.2665,8.945716,12.782949,14.3674755,14.568367,16.555305,16.128954,19.986511,19.265999,26.881815,24.86736,28.958351,31.245054,31.91627,31.252403,26.80507,22.823553,27.02951,22.564604,24.905394,22.437363,20.2487,19.343086,19.31548,17.34452,19.877563,24.269238,25.553091,26.087637,27.632236,31.546623,29.325558,32.508774,31.298018,33.607357,38.498676,35.80112,32.522076,33.724937,30.508865,32.51,29.186201,34.155643,31.513952,31.244005,29.558308,26.529243,30.750282,29.203249,28.573353,32.81491,32.62831,36.82237,39.240314,41.724483,45.268047,46.06345,41.63505,37.317436,35.705276,31.734941,30.094275,26.929167,23.66076,19.122942,19.522907,17.229385,16.272379,15.937109,19.378788,15.373006,20.493193,22.339457,20.432821,22.900187,20.167793,21.300764,22.200802,23.71894,27.377668,29.183937,28.61879,30.005331,28.793112,31.316372,30.739214
1,3.924664,0.0,4.605666,6.9193883,7.9330425,11.277379,13.17427,16.125017,20.813387,21.522379,26.953548,29.499235,33.609993,32.52805,30.197802,26.859379,23.981852,20.125244,18.82075,14.490631,12.097546,9.284884,8.108084,7.9251513,5.817118,8.565649,11.599449,13.795226,12.671502,14.429289,13.128301,17.027739,15.615736,23.216766,21.06067,25.13557,27.420017,28.002869,27.358164,22.89147,18.922564,23.349672,19.105343,21.569845,19.753633,17.774025,17.321558,17.755795,16.467869,19.320726,23.747498,24.367933,24.500702,25.813906,29.36488,26.687101,29.623232,28.507378,30.556229,35.496162,33.079937,29.815987,31.595495,28.676044,31.106607,28.193169,33.427437,31.345556,31.366924,29.619646,25.977537,30.061617,28.186632,26.939663,31.150919,30.469362,34.685146,36.79728,39.256226,42.66968,43.15899,38.89871,34.61195,32.827312,29.000109,27.461544,24.366566,21.696722,17.090084,18.29246,16.67181,16.571589,16.901016,20.860445,17.561872,22.751358,23.898489,21.55588,23.802393,20.24907,21.751629,21.57606,23.35612,27.432465,28.719137,27.836782,29.509804,27.447721,30.122128,29.05532
2,5.357736,4.605666,0.0,5.140208,6.3529277,8.569367,11.813774,13.515278,18.879768,19.439283,24.909971,27.971996,31.639683,31.135801,29.21198,25.759665,22.98297,19.395176,17.71717,13.946435,10.829135,9.898194,7.0083804,9.694133,6.5766687,11.02748,13.556398,13.825451,13.104545,13.651785,14.092511,16.236929,16.32203,23.280745,21.349073,25.545158,27.72017,29.03452,28.398396,24.052029,20.166811,24.185598,20.114586,21.647757,19.385054,18.609455,17.156958,18.542334,15.946358,19.564827,23.772652,24.900799,24.23653,26.72467,29.754364,27.39869,30.428812,28.527119,30.56901,35.376305,32.379776,29.04281,30.624216,27.740332,29.790596,27.329168,31.831348,29.740871,29.129274,26.806372,23.259144,26.99731,24.927675,24.174145,28.172106,27.891434,31.996876,34.4307,37.12184,40.531826,41.571568,37.22947,32.889664,31.073751,27.101452,25.794424,22.078783,19.21039,14.464564,15.091937,13.077989,12.651144,12.369729,16.60413,13.678583,18.812122,19.525494,17.025517,19.299913,15.763302,17.55566,17.62648,19.780468,23.856392,24.914165,24.006039,25.231352,23.651047,26.12375,25.409004
3,9.193463,6.9193883,5.140208,0.0,4.989337,6.8536844,7.9035892,11.321201,15.214929,16.783758,21.330502,25.213804,28.69042,27.603647,25.78465,21.807022,19.698763,15.786318,15.109411,11.412844,9.96614,9.18715,9.615851,12.284547,10.7746105,14.705314,16.710981,17.522182,15.504348,15.251495,14.757269,15.818117,14.848566,20.914242,17.869343,22.509695,24.080812,25.54462,25.481548,21.014076,17.47517,22.427914,19.319971,20.646769,19.82735,19.931993,18.980783,21.125584,19.176252,23.098734,27.221767,27.70672,26.404835,28.764713,31.117086,28.124025,30.64552,28.692791,30.113487,34.899296,32.235245,28.934027,31.518372,29.207148,31.680897,29.99697,34.444733,33.00662,32.402863,29.711195,25.60229,28.751093,25.991867,24.663374,28.220161,27.290699,31.223799,33.25251,36.195568,39.192135,40.045258,36.137367,31.858341,29.45192,25.792112,25.127209,20.773502,19.456892,14.568527,16.257158,15.10282,15.429766,14.274446,19.34702,17.032537,21.879354,21.727198,18.586,21.026333,16.823298,19.733412,18.650969,21.693901,26.163706,26.16848,24.670769,25.34486,22.936438,25.015194,23.607346
4,10.878787,7.9330425,6.3529277,4.989337,0.0,3.6868348,6.224742,8.246273,13.260204,13.626124,19.298796,21.852108,25.781479,25.05361,22.962162,19.762897,16.70981,13.199176,11.412169,7.6210237,5.079498,5.107103,6.066572,9.434641,9.356001,13.154053,13.90201,14.172245,11.40447,10.522126,10.339107,10.89534,10.719807,17.062874,15.274274,19.369368,21.607656,23.221102,22.487726,18.308653,14.562587,18.416794,14.968981,16.008287,14.851161,15.367114,14.293477,16.987946,15.234828,19.393538,23.296503,23.449135,21.718086,24.270603,26.278526,23.335798,25.899393,23.766016,25.29959,30.082077,27.333866,24.022467,26.570602,24.322283,26.96305,25.509687,30.081488,29.046888,28.789219,26.298952,21.783894,25.026253,22.347773,20.52065,24.33575,23.223333,27.323317,29.288113,31.979733,35.176884,35.860565,31.762953,27.463175,25.35196,21.574154,20.537865,16.758354,15.093361,10.309861,12.584139,12.196564,13.562702,14.773772,19.27151,17.891117,22.657885,22.153667,19.156544,20.712822,15.902225,18.164831,16.091063,18.66637,23.32137,23.320404,21.839052,23.62369,20.464277,23.242805,21.675879
5,13.710683,11.277379,8.569367,6.8536844,3.6868348,0.0,5.384088,4.968264,10.789947,10.896232,16.615799,19.577726,23.08626,22.86379,21.171497,17.976446,15.055099,12.047313,9.912179,7.40778,4.8881993,7.6264133,7.9302907,12.326839,12.064061,16.175234,16.549318,15.719122,13.085869,10.950073,12.110697,10.384688,11.703226,16.610264,15.148216,19.123724,21.157993,23.456802,22.760128,18.91459,15.553901,18.778845,15.906838,15.8678255,14.744402,16.623356,14.933855,18.464071,16.083368,20.654295,24.18431,24.478016,21.943499,25.323338,26.626785,23.878624,26.311918,23.518272,24.842844,29.396633,26.259983,22.96006,25.59028,23.629375,26.053852,25.314516,29.194714,28.47741,27.805506,24.81882,20.16935,22.815498,19.727238,18.0035,21.46465,20.439545,24.40016,26.507366,29.43267,32.53,33.614826,29.55659,25.252558,22.999653,19.185972,18.549257,14.044152,12.795923,7.9802456,10.324528,10.372263,12.151772,13.281277,17.838884,17.396727,21.7129,20.446371,17.236088,18.475847,13.290262,16.021883,13.264125,16.41345,21.182768,20.51427,18.761368,20.260818,16.91118,19.587963,18.005579
6,16.33455,13.17427,11.813774,7.9035892,6.224742,5.384088,0.0,6.0775003,7.7733836,9.664059,13.924474,17.563513,21.147543,19.756165,17.88436,14.015651,11.845335,8.001808,7.8648376,5.3056717,6.9499373,8.244383,11.881935,14.853985,15.519117,18.954277,19.250963,19.641132,16.10229,14.195449,13.407435,11.559211,10.441585,14.118066,10.930082,15.533118,16.867838,19.111055,19.098335,15.060049,12.186214,16.736237,15.161973,15.313152,16.31267,18.350182,17.748802,21.261711,20.0626,24.360147,27.905085,27.445707,24.845675,27.410141,28.290583,24.777641,26.54468,24.173695,24.748075,29.271215,26.904173,23.772264,27.547436,26.201656,29.172215,28.88202,33.027737,32.83695,32.487198,29.56589,24.60694,26.867586,23.414583,20.943386,23.894447,21.929441,25.61679,26.98223,29.98911,32.56312,33.074463,29.624533,25.506254,22.596386,19.384726,19.42126,14.801706,15.707077,11.522829,14.81213,15.5254965,17.485182,17.850107,22.77862,22.147121,26.46741,25.023226,21.542328,23.021938,17.763338,21.010706,17.677519,21.106554,25.939648,24.599045,22.434317,23.543034,19.297556,21.51025,18.978352
7,18.672949,16.125017,13.515278,11.321201,8.246273,4.968264,6.0775003,0.0,6.932704,6.149524,12.120862,15.016635,18.230806,18.440271,17.089556,14.250367,11.327812,9.383393,6.8638697,6.978537,6.359406,10.474217,11.791288,16.078968,16.539055,20.373777,19.99101,18.627981,15.567846,12.272787,13.872772,9.480141,11.869841,14.241143,13.43855,16.867382,18.659906,21.722364,21.001396,17.818077,15.201103,17.393059,15.698606,14.299364,14.095729,17.656277,15.892838,20.298565,18.10099,22.80193,25.74963,25.665983,22.129417,25.992237,26.140942,23.353886,25.298056,21.90148,22.653545,26.83561,23.577873,20.423979,23.659563,22.437996,24.917337,25.36134,28.571468,28.697054,27.927538,24.608843,19.581322,21.237782,17.543102,15.233373,18.00535,16.44585,20.16778,22.044355,25.177223,28.00663,29.234537,25.412827,21.19042,18.597649,14.966863,15.047669,9.757666,10.382589,6.606393,9.802862,11.342441,13.985645,15.576909,19.757227,20.499905,24.167627,21.983124,18.67433,19.203459,13.658366,16.620394,12.3139305,15.849264,20.652998,18.79236,16.501091,18.052502,13.466444,16.172478,13.918411
8,23.795797,20.813387,18.879768,15.214929,13.260204,10.789947,7.7733836,6.932704,0.0,4.5834136,6.1680756,11.221167,13.814132,12.722141,11.76768,7.833016,6.8643317,5.635768,6.573295,8.890702,11.604653,14.562704,17.92112,21.3712,22.391096,25.860088,25.402805,24.85579,21.140726,17.965397,18.119734,13.337417,13.722363,12.699282,10.379065,13.738631,14.061878,17.817812,18.059135,15.443211,14.285083,16.953657,17.440947,15.608272,17.888733,21.922268,21.073784,25.546183,24.275545,28.768469,31.573107,30.80187,26.96429,30.219532,29.522741,26.097857,27.082798,23.904238,23.49507,27.226341,24.816986,22.092299,26.655869,26.421005,29.291733,30.593004,33.63961,34.496017,33.880337,30.483486,25.300352,26.1093,21.98802,19.047262,20.569769,17.85995,20.72445,21.48764,24.847237,26.689064,27.43818,24.686718,20.940042,17.310438,14.925389,16.468727,11.080894,15.014109,12.701548,16.143608,18.08678,20.701437,21.287313,25.764769,26.565624,30.029636,27.412874,23.844303,24.517345,19.131449,22.667887,17.943972,21.73873,26.352652,23.470217,20.690773,21.357574,15.868272,17.471895,13.882961
9,24.428513,21.522379,19.439283,16.783758,13.626124,10.896232,9.664059,6.149524,4.5834136,0.0,7.0958357,8.92783,12.2169895,12.521025,11.361335,9.4735985,6.437698,6.967468,4.989239,8.6892395,10.454537,14.264669,16.9318,20.52426,21.898182,25.197914,24.095085,22.836517,19.19005,15.443994,16.481531,10.465565,12.670363,11.127572,11.312112,13.474286,14.831537,18.657564,17.933594,15.877156,14.556194,15.335759,15.569728,12.8257475,14.564606,19.388847,18.181322,23.014923,21.667608,26.11955,28.47089,27.645943,23.340107,27.048355,25.865793,22.821854,23.873692,20.192696,19.925224,23.528412,20.660206,17.911436,22.279358,22.201345,24.977995,26.703976,29.44465,30.65445,30.161911,26.890717,21.577547,22.186867,18.138222,14.773888,16.377148,13.49818,16.647291,17.591843,20.810606,23.078009,23.969345,20.729694,16.781069,13.487059,10.607274,11.968579,6.5287504,10.96067,9.713789,13.264026,15.919804,19.059711,21.087885,24.877968,26.26455,29.542263,26.824509,23.567549,23.535818,18.069258,20.83582,15.504218,18.720198,23.2243,20.298794,17.593288,19.380651,13.327555,15.820264,12.399957
10,29.90976,26.953548,24.909971,21.330502,19.298796,16.615799,13.924474,12.120862,6.1680756,7.0958357,0.0,7.8882647,8.442292,7.7044377,8.422697,5.7398396,7.241872,9.260797,10.520437,14.190821,17.010443,20.222736,23.520311,26.989609,28.238077,31.62088,30.770002,29.851995,26.09387,22.491318,22.948328,17.217234,18.122578,14.322322,13.127471,14.743265,14.07023,18.542032,18.983677,17.775805,17.881092,19.070667,20.911505,18.095478,21.089762,25.965986,25.123667,29.910784,28.761242,33.187225,35.474197,34.451797,29.983517,33.456356,31.700405,28.432146,28.7513,25.237476,24.027136,26.858747,24.670082,22.515423,27.500402,28.165878,30.885818,33.27032,35.499557,37.11738,36.40673,32.847843,27.71862,27.445948,23.105932,19.964191,20.091629,16.82924,18.535593,18.45049,21.952696,22.87447,23.717741,21.902193,18.829058,14.695141,13.6854515,16.51397,11.633596,17.345526,16.610401,19.746313,22.237354,25.066555,25.80351,29.829641,31.384644,34.29596,31.077501,27.617401,27.751781,22.631802,26.06117,20.79234,24.449041,28.632818,24.805143,21.768847,22.09841,16.071102,16.899986,12.657753
11,32.702744,29.499235,27.971996,25.213804,21.852108,19.577726,17.563513,15.016635,11.221167,8.92783,7.8882647,0.0,5.3879614,6.026359,5.2939034,8.352325,6.7810674,11.037005,10.743199,15.265421,17.98775,21.141588,24.625084,27.371336,29.639189,32.242935,30.346624,29.2655,25.236338,21.461014,21.830803,15.521307,17.050133,10.812314,13.141477,12.034654,12.539566,16.817564,15.886967,16.295055,17.045637,15.185752,18.01726,14.159238,17.88856,23.335165,22.928486,27.73211,27.4977,31.357386,32.87943,31.132122,26.25502,29.35178,26.457685,23.356415,22.950705,19.350344,17.428831,19.54474,17.828613,16.261383,21.836115,23.423523,26.414747,29.601017,31.712603,34.257935,34.299244,31.43307,26.136213,25.660368,21.833042,17.630882,17.536718,13.196486,14.620356,13.303528,15.979262,16.972998,16.695438,14.903088,12.10719,7.878915,8.223102,11.334507,9.473943,15.828251,16.887218,20.228317,23.526373,26.990273,29.664042,32.987503,34.8622,37.852203,34.809177,31.735588,31.15128,25.933863,28.191254,22.35962,24.756239,28.620928,25.016642,22.296654,24.525576,17.8622,19.872122,15.9827
12,36.62464,33.609993,31.639683,28.69042,25.781479,23.08626,21.147543,18.230806,13.814132,12.2169895,8.442292,5.3879614,0.0,5.4956884,7.8633924,10.522597,11.127843,15.131479,15.302544,19.789024,22.299667,25.771069,28.836796,32.05555,33.907547,36.871548,35.174538,33.714706,29.959957,25.975655,26.859177,20.327625,22.200422,16.115978,17.662628,16.767359,16.298828,20.745941,20.394703,21.035065,22.027363,20.50128,23.383984,19.46581,22.75109,28.404823,27.628107,32.580425,31.850235,35.875397,37.248222,35.77621,30.637878,34.19694,31.001465,28.266148,27.758312,23.916103,21.84763,23.18735,21.333546,20.189297,25.304764,27.195875,29.677418,33.401264,34.64138,37.381752,36.950417,33.69544,28.72385,27.363575,23.342579,19.736769,18.37193,14.392683,14.38552,12.618048,15.666715,15.457233,16.059128,15.425268,13.608122,9.473742,11.007993,14.811012,12.549142,19.041964,20.409483,23.1973,26.420313,29.689905,31.735352,34.884525,37.24392,39.722843,36.182396,33.133785,32.360497,27.513233,30.016453,24.196144,26.847786,30.31653,25.973732,23.084208,24.342558,17.942738,18.882723,14.921959
13,35.843624,32.52805,31.135801,27.603647,25.05361,22.86379,19.756165,18.440271,12.722141,12.521025,7.7044377,6.026359,5.4956884,0.0,3.7422638,6.610199,8.859472,12.693895,14.336624,18.465342,21.965858,24.655949,28.788345,31.448044,33.576153,36.287342,34.7744,34.221466,30.012316,26.492767,26.199997,20.463442,20.677675,14.090723,14.318842,13.337094,11.782615,16.223574,16.633278,17.410017,19.080223,18.496807,22.098022,18.876593,23.27589,28.310457,28.233585,32.891304,32.783546,36.72541,38.519764,36.687656,32.024227,34.724422,31.93571,28.482613,27.715935,24.665949,22.335234,24.11443,23.19884,21.919811,27.698051,29.389763,32.43246,35.56438,37.725674,40.219368,40.124203,37.052628,31.801788,31.178652,27.140917,23.253798,22.747643,18.586267,19.304016,17.51576,20.192383,20.001293,19.40586,19.08105,17.169617,12.931121,14.096922,17.352274,14.959325,21.370846,21.768179,25.184265,28.19195,31.411095,33.035347,36.821823,38.48097,41.475483,38.275208,34.94702,34.75485,29.600664,32.506565,26.845392,29.799229,33.731007,29.792755,26.868416,28.016369,21.583252,22.585308,18.353195
14,33.67367,30.197802,29.21198,25.78465,22.962162,21.171497,17.88436,17.089556,11.76768,11.361335,8.422697,5.2939034,7.8633924,3.7422638,0.0,5.4078617,6.2617106,10.224422,11.927451,15.895172,19.68128,21.963808,26.516502,28.717665,31.192144,33.572605,31.91281,31.735666,27.317375,24.054134,23.213074,17.882866,17.484999,10.545644,11.078075,9.627721,8.476122,12.923562,13.004506,13.820678,15.604587,14.855673,18.683754,15.700416,20.574625,25.287432,25.599226,30.04729,30.398798,34.147865,36.025917,33.945927,29.54563,31.764723,29.175783,25.435326,24.62497,21.94079,19.62764,21.825176,21.23462,19.799719,25.830095,27.359537,30.72976,33.49044,36.226933,38.617527,38.87679,36.114082,30.704622,30.632746,26.781137,22.574694,22.776636,18.464458,19.849022,18.20615,20.593845,20.992619,19.819218,18.95658,16.6681,12.592475,13.266672,15.91471,14.012601,20.070374,20.226954,23.970531,26.981335,30.297375,32.33192,36.21819,37.52747,40.865574,38.016666,34.690422,34.619694,29.261257,31.97497,26.35861,29.095587,33.227657,29.778164,26.990263,28.745447,22.193941,23.813076,19.658073
15,30.257555,26.859379,25.759665,21.807022,19.762897,17.976446,14.015651,14.250367,7.833016,9.4735985,5.7398396,8.352325,10.522597,6.610199,5.4078617,0.0,5.0142426,7.0725555,10.163195,13.423925,17.467972,19.566423,24.219763,26.693062,28.629654,31.391506,30.397604,30.488958,26.166914,23.125898,22.13547,17.345747,16.324207,11.440383,9.12614,10.301453,8.652322,13.093746,14.113577,13.224335,14.292469,15.967406,18.841387,16.663088,21.042076,25.274702,25.394102,29.766422,29.656897,33.721977,36.16871,34.51655,30.48099,32.854187,31.180065,27.26912,27.092838,24.45936,22.807684,25.766523,24.67401,22.667978,28.360233,29.159916,32.476643,34.54075,37.60636,39.317978,39.230305,36.154156,30.766941,31.09849,27.01148,23.279621,23.968588,20.175583,22.110468,21.344973,24.275707,25.048141,24.606916,23.208706,20.342058,16.19019,15.655141,18.028471,14.414247,19.967884,18.897627,22.67618,25.163265,28.107525,29.112875,33.48838,34.365685,37.837406,35.10572,31.560814,32.030758,26.67288,29.98217,24.793316,28.165703,32.59271,29.279028,26.389381,27.33988,21.193748,22.465063,18.279272
16,27.429396,23.981852,22.98297,19.698763,16.70981,15.055099,11.845335,11.327812,6.8643317,6.437698,7.241872,6.7810674,11.127843,8.859472,6.2617106,5.0142426,0.0,4.3789105,5.805595,9.690271,13.527509,15.840085,20.370348,22.695387,24.98997,27.52051,26.118637,26.02234,21.635998,18.499866,17.633451,12.523355,12.033816,7.178126,6.8123446,7.829036,8.5203905,12.636576,12.268648,11.010562,11.229518,11.902034,14.266224,11.7757015,16.044184,20.41712,20.525711,24.944723,24.999636,28.944136,31.26573,29.532654,25.487469,27.881157,26.273886,22.427689,22.517042,19.741636,18.453207,21.85756,20.453556,18.173903,23.756645,24.343397,27.787079,29.654482,32.99161,34.6777,34.86711,32.098087,26.61103,27.343039,23.529171,19.489819,20.842125,17.02628,19.637117,19.227169,21.912243,23.48443,22.968168,20.675926,17.304895,13.561225,12.187915,13.828199,10.707817,15.788469,14.88835,18.889454,21.598398,24.803905,26.851643,30.925957,31.8141,35.453217,32.989986,29.641102,29.854897,24.345745,27.074318,21.780802,24.644642,29.121635,26.297916,23.638151,25.607656,19.311274,21.510908,17.645006
17,23.65102,20.125244,19.395176,15.786318,13.199176,12.047313,8.001808,9.383393,5.635768,6.967468,9.260797,11.037005,15.131479,12.693895,10.224422,7.0725555,4.3789105,0.0,4.4614058,6.461445,10.889085,12.517471,17.523434,19.676132,21.761417,24.353132,23.44434,23.899673,19.501104,16.90016,15.411845,11.554807,9.760136,8.036702,4.784427,8.527784,9.431618,12.649636,12.676725,9.814901,8.898872,12.002181,13.2034645,12.01549,15.74866,19.158756,19.392433,23.445284,23.442232,27.442747,30.283432,28.773212,25.344242,27.45793,26.81584,22.782896,23.382597,21.035889,20.366667,24.35816,22.872803,20.236885,25.402588,25.286123,28.778975,29.776651,33.687057,34.732605,34.890133,32.150208,26.718395,28.131948,24.413233,20.738966,22.812023,19.515059,22.626534,22.783966,25.544682,27.462269,27.099247,24.446562,20.790485,17.330614,15.235057,16.147762,12.466356,16.176744,13.966422,18.06338,20.185549,23.057058,24.568464,29.045746,29.27818,33.267162,31.218231,27.765083,28.49562,22.966745,25.932158,21.2146,24.30899,29.031115,26.752558,24.218046,25.935219,20.17201,22.408024,18.8264
18,22.15879,18.82075,17.71717,15.109411,11.412169,9.912179,7.8648376,6.8638697,6.573295,4.989239,10.520437,10.743199,15.302544,14.336624,11.927451,10.163195,5.805595,4.4614058,0.0,4.5582438,7.754629,10.512756,14.595443,17.151634,19.319725,21.977314,20.650843,20.355694,16.095676,12.974195,12.485394,7.4328136,7.825227,7.45321,7.5712605,10.130981,12.412605,15.418338,14.320824,11.673392,9.786228,11.100196,11.013089,9.132237,11.766463,15.766041,15.450429,19.862991,19.517696,23.623775,26.258781,24.93214,21.227333,23.919168,23.254084,19.621609,20.695337,17.808172,17.71043,21.912086,19.719309,16.811508,21.484415,21.101154,24.468039,25.443943,29.261808,30.285631,30.464481,27.82129,22.35651,23.931252,20.407103,16.66121,19.201155,16.175247,19.738237,20.397211,23.035223,25.554825,25.533434,22.164392,18.1645,15.250995,12.344469,12.54446,8.988382,11.873938,9.872724,14.07491,16.50354,19.669352,22.2312,26.217571,26.790586,30.685041,28.674807,25.473368,25.775488,20.21777,22.592459,17.711401,20.355066,25.037691,23.048908,20.71685,23.220343,17.478443,20.392633,17.246492
19,18.00168,14.490631,13.946435,11.412844,7.6210237,7.40778,5.3056717,6.978537,8.890702,8.6892395,14.190821,15.265421,19.789024,18.465342,15.895172,13.423925,9.690271,6.461445,4.5582438,0.0,4.8292584,6.2265997,11.201724,13.275912,15.439968,17.992699,17.11357,17.604977,13.283972,11.114192,9.557722,7.1164284,5.4803004,9.590191,8.235952,11.90376,14.37374,16.356764,15.38198,11.653341,8.459408,11.737043,9.996162,10.068626,11.679441,14.00591,13.985052,17.711535,17.49973,21.499632,24.708963,23.571413,20.776262,22.912588,23.415588,19.67,21.275793,19.080154,19.638254,24.277374,22.209562,19.114382,23.172417,22.029253,25.423153,25.300379,29.837593,30.142715,30.448324,28.05936,22.782497,25.221258,22.066442,18.790096,22.045517,19.594467,23.470255,24.491795,27.011797,29.80111,29.72819,26.122845,22.02798,19.485176,16.292475,15.740348,12.489872,13.375703,10.010263,14.022441,15.602429,18.314617,20.607029,24.868404,24.583572,28.943054,27.589605,24.417969,25.234524,19.799326,22.115757,18.123018,20.666327,25.466677,24.332127,22.314907,24.75184,19.780851,22.75907,20.066341
20,15.090402,12.097546,10.829135,9.96614,5.079498,4.8881993,6.9499373,6.359406,11.604653,10.454537,17.010443,17.98775,22.299667,21.965858,19.68128,17.467972,13.527509,10.889085,7.754629,4.8292584,0.0,4.7105713,6.8497534,10.10904,11.684156,14.744843,13.924136,13.413694,9.688176,7.2550344,7.6897144,5.885504,7.4317946,13.106844,12.99788,16.202131,19.018505,20.939817,19.551657,15.9685135,12.404229,14.566656,11.194714,11.342624,10.179906,12.056018,10.872918,14.645818,13.339941,17.676878,21.034716,20.621674,18.01028,20.904743,22.066902,19.080357,21.490137,18.953264,20.401302,25.113125,22.27616,18.970005,21.791039,19.884415,22.808918,22.045713,26.550856,26.262798,26.3557,23.995277,18.956669,21.947453,19.19875,16.582191,20.461851,18.93087,23.115297,24.872988,27.324602,30.62401,31.105597,26.911226,22.623098,20.732054,16.924314,15.623466,12.488105,10.974988,6.767732,10.178807,11.258855,13.872513,16.976181,20.795626,20.51796,24.8896,23.839802,20.979628,21.627377,16.399559,18.097647,14.692824,16.797241,21.547709,21.166544,19.572723,22.399977,18.264687,21.622707,19.753986
21,12.845436,9.284884,9.898194,9.18715,5.107103,7.6264133,8.244383,10.474217,14.562704,14.264669,20.222736,21.141588,25.771069,24.655949,21.963808,19.566423,15.840085,12.517471,10.512756,6.2265997,4.7105713,0.0,6.5404058,7.2448435,9.734047,11.836863,11.358365,12.831359,8.765304,8.59924,5.916772,8.475267,6.5048647,14.100575,13.142497,16.548998,19.425936,20.351591,19.067087,14.999178,10.962473,14.368468,10.384395,12.40413,11.748401,11.338164,11.491135,13.819385,13.756229,17.323225,21.148859,20.405697,18.992222,20.469124,22.569275,19.183249,21.613712,20.174849,21.732431,26.665518,24.537548,21.3289,24.163258,22.020687,25.217978,23.601715,28.929049,28.283545,28.865253,27.065325,22.277872,25.811974,23.454983,20.83463,24.898144,23.240782,27.441511,28.944862,31.164738,34.434402,34.389793,30.320484,26.138685,24.297712,20.729115,19.195265,16.779728,15.242189,11.246515,14.225106,14.636462,16.620363,19.273676,23.236591,21.933445,26.747194,26.441109,23.679455,24.811401,19.90525,21.46081,18.839602,20.616993,25.212626,25.427841,24.042988,26.824553,22.933239,26.188335,24.260786
22,9.983361,8.108084,7.0083804,9.615851,6.066572,7.9302907,11.881935,11.791288,17.92112,16.9318,23.520311,24.625084,28.836796,28.788345,26.516502,24.219763,20.370348,17.523434,14.595443,11.201724,6.8497534,6.5404058,0.0,5.3695307,5.2213697,8.881991,9.013539,8.175954,6.449372,6.749911,8.18626,10.577968,12.031467,19.18886,19.12219,22.31657,25.330166,26.640491,25.100378,21.304064,17.321985,19.510292,14.805432,16.116922,12.810818,11.96143,10.153709,12.002874,9.568582,13.589571,17.620876,18.315208,17.286695,19.971962,22.795057,20.681107,23.910103,21.917051,24.302961,29.062742,25.99308,22.69318,23.90656,20.91415,23.17618,20.718319,25.648275,24.025505,24.104336,22.303545,18.219906,22.344145,20.653322,19.248625,23.704323,23.272873,27.57183,29.899471,32.098583,35.8168,36.550457,31.93892,27.648363,26.436312,22.379337,20.357113,17.939709,14.1651745,10.039714,11.036692,10.076991,11.233109,14.774936,17.863768,16.454361,21.20256,21.43515,19.259064,20.18948,16.005909,16.556307,15.341544,16.376497,20.577343,21.889744,21.161364,24.087862,21.593113,24.997416,24.135134
23,10.039249,7.9251513,9.694133,12.284547,9.434641,12.326839,14.853985,16.078968,21.3712,20.52426,26.989609,27.371336,32.05555,31.448044,28.717665,26.693062,22.695387,19.676132,17.151634,13.275912,10.10904,7.2448435,5.3695307,0.0,4.7551517,4.8941517,4.552782,7.36068,5.2714124,8.5438795,6.8979173,12.538434,12.044422,20.00292,20.01255,22.823092,26.094755,26.4907,24.744623,20.955374,16.881351,19.081558,13.877619,16.566648,13.595186,10.3247595,10.215948,9.905035,9.824763,12.209365,16.563936,16.602652,17.06258,17.906214,21.735586,19.39284,22.648956,21.835442,24.396896,29.264751,26.945127,23.822067,24.976713,21.845182,24.468864,21.185225,27.07109,25.328938,26.281641,25.399216,21.54208,26.067867,24.846455,23.052198,27.674383,26.909952,31.250113,33.218517,35.026894,38.7819,38.864212,34.32181,30.177046,29.175507,25.351936,22.960058,21.569387,17.99398,14.443968,15.778508,15.055845,16.050205,19.57682,22.394629,20.307491,25.188398,26.079659,24.145226,25.194038,21.284815,21.47268,20.449505,20.91099,24.80382,26.57266,26.015917,29.330763,26.60306,30.145407,29.048912
24,6.2665,5.817118,6.5766687,10.7746105,9.356001,12.064061,15.519117,16.539055,22.391096,21.898182,28.238077,29.639189,33.907547,33.576153,31.192144,28.629654,24.98997,21.761417,19.319725,15.439968,11.684156,9.734047,5.2213697,4.7551517,0.0,4.8466487,7.3451734,8.232749,8.496335,10.919289,11.11597,15.375022,15.660463,23.431948,22.847523,26.21143,29.157875,29.91375,28.515917,24.484056,20.380125,23.151096,18.146875,20.327917,16.977638,14.470787,13.297173,13.161543,11.173696,13.829542,18.23289,19.381138,19.845015,21.54861,25.452066,23.560106,26.96485,25.681816,28.312601,33.11918,30.309914,27.090723,27.835846,24.473263,26.504272,23.044447,28.301424,25.886135,26.10712,24.845098,21.557816,26.100105,24.926535,23.98285,28.528336,28.354193,32.653164,35.051384,37.154194,40.945454,41.585808,36.932842,32.67746,31.575216,27.540316,25.370262,23.16068,19.155685,15.158787,15.544324,13.74335,13.644348,16.155811,18.874622,16.116034,21.09998,22.477322,20.745872,22.190203,18.917484,19.113335,19.274153,19.93273,23.607399,25.71513,25.346733,27.965113,26.21578,29.420563,28.82731
25,8.945716,8.565649,11.02748,14.705314,13.154053,16.175234,18.954277,20.373777,25.860088,25.197914,31.62088,32.242935,36.871548,36.287342,33.572605,31.391506,27.52051,24.353132,21.977314,17.992699,14.744843,11.836863,8.881991,4.8941517,4.8466487,0.0,4.376282,8.085004,8.733739,12.608644,11.464719,17.303864,16.768103,24.788164,24.588114,27.466455,30.67762,30.781803,29.11176,25.269506,21.215427,23.564592,18.27672,21.21982,17.87746,13.790496,13.660087,11.747319,11.518386,12.500045,16.923101,17.666529,19.44302,19.710073,24.420326,22.630482,26.069237,25.674528,28.511902,33.285496,30.989267,27.958632,28.419172,24.915808,27.095215,22.944717,28.863214,26.336777,27.322142,26.91008,23.85342,28.715633,28.008234,26.78458,31.499403,31.156765,35.492836,37.66641,39.394478,43.278286,43.449818,38.789265,34.672928,33.871964,29.986393,27.442226,26.147472,22.056501,18.571922,19.15137,17.69147,17.768614,20.812845,23.06,20.158379,24.981972,26.769718,25.322517,26.603512,23.492506,23.211529,23.335253,23.383728,26.763687,29.285254,29.109474,32.25589,30.287052,33.7275,33.01096
26,12.782949,11.599449,13.556398,16.710981,13.90201,16.549318,19.250963,19.99101,25.402805,24.095085,30.770002,30.346624,35.174538,34.7744,31.91281,30.397604,26.118637,23.44434,20.650843,17.11357,13.924136,11.358365,9.013539,4.552782,7.3451734,4.376282,0.0,5.8222914,5.704385,10.1300125,8.834239,14.9826765,14.887052,22.56802,23.401928,25.585531,29.169968,29.234293,27.076443,23.690237,19.770067,20.891993,15.394789,18.286734,14.576392,9.84303,10.110645,7.5271535,8.671759,9.180879,13.506723,13.587325,15.460541,15.35085,20.105013,18.441513,21.971598,21.745338,24.755713,29.423475,27.257511,24.360537,24.61999,21.141586,23.527988,19.374407,25.670965,23.596897,25.15872,25.146055,21.831915,26.720098,26.22998,24.584005,29.36037,28.84464,33.153496,35.140057,36.528046,40.48974,40.39923,35.70079,31.725235,31.279161,27.518692,24.648493,24.251076,20.044815,17.275255,18.08785,17.34249,18.16778,22.480076,24.44893,22.378534,26.99076,28.322388,26.880596,27.59213,24.137583,23.479984,22.86052,22.409298,25.741919,28.212679,28.077068,31.955383,29.474874,33.257168,32.401104
27,14.3674755,13.795226,13.825451,17.522182,14.172245,15.719122,19.641132,18.627981,24.85579,22.836517,29.851995,29.2655,33.714706,34.221466,31.735666,30.488958,26.02234,23.899673,20.355694,17.604977,13.413694,12.831359,8.175954,7.36068,8.232749,8.085004,5.8222914,0.0,4.9545608,7.8084893,10.158621,13.940678,16.295767,23.188547,24.810005,26.856075,30.535448,31.379831,29.017004,25.902052,22.051826,22.22037,16.793798,18.317753,13.156455,10.042961,7.872647,6.5368843,3.5926425,5.7447433,10.046325,11.610184,12.44257,14.672268,18.800621,18.179619,22.056116,20.67022,24.009483,28.399052,25.297058,22.351553,21.603155,17.748596,19.370249,15.164766,20.81398,18.402185,19.522623,19.375755,16.351768,21.394096,21.341293,20.355547,25.171612,25.391481,29.618967,32.08063,33.450043,37.63598,38.1878,33.18091,29.188925,29.155275,25.167515,22.11844,21.80108,16.512602,14.37474,14.041741,13.120523,13.916519,19.455612,20.480345,19.350931,23.416786,24.46499,23.419989,23.454708,20.36065,18.843916,18.525347,17.30251,20.230186,23.148506,23.402283,27.629833,25.735918,29.646769,29.365274
28,14.568367,12.671502,13.104545,15.504348,11.40447,13.085869,16.10229,15.567846,21.140726,19.19005,26.09387,25.236338,29.959957,30.012316,27.317375,26.166914,21.635998,19.501104,16.095676,13.283972,9.688176,8.765304,6.449372,5.2714124,8.496335,8.733739,5.704385,4.9545608,0.0,4.4693933,5.2207456,9.721841,11.394738,18.403532,20.042076,21.967585,25.681679,26.438675,24.068995,20.968729,17.161999,17.369574,11.9515705,13.7432785,9.346344,6.262741,5.0445595,5.646536,5.5540085,8.564408,12.457955,12.236384,11.886851,13.622417,17.011343,15.198295,18.760653,17.44308,20.384592,25.069284,22.381887,19.31242,19.873016,16.607994,19.229074,16.114815,22.068945,20.783873,22.092646,21.487436,17.400486,21.950571,21.086746,19.055084,23.792473,23.146097,27.455122,29.453556,30.908213,34.872852,34.98729,30.225592,26.181686,25.752644,21.915276,19.036259,18.696451,14.436169,12.030048,13.171889,13.270833,15.073828,20.27747,22.351145,21.42092,25.80525,26.182308,24.468307,24.664703,20.633556,20.075602,18.37239,17.999868,21.687405,23.516394,23.148298,27.37642,24.368444,28.327988,27.354496
29,16.555305,14.429289,13.651785,15.251495,10.522126,10.950073,14.195449,12.272787,17.965397,15.443994,22.491318,21.461014,25.975655,26.492767,24.054134,23.125898,18.499866,16.90016,12.974195,11.114192,7.2550344,8.59924,6.749911,8.5438795,10.919289,12.608644,10.1300125,7.8084893,4.4693933,0.0,5.8728013,6.2387376,10.208618,16.010378,18.174368,19.961868,23.609333,25.064257,22.679403,19.847115,16.304707,15.902842,11.104575,11.380256,6.5289545,6.995066,4.057055,8.148324,6.556438,10.811348,13.8365,13.605467,11.214171,14.6321125,16.475567,14.635067,17.957518,15.489446,18.170118,22.76381,19.509888,16.268404,17.220589,14.328004,17.00851,15.188388,20.356466,19.77459,20.609627,19.28675,14.532275,18.558378,17.179003,14.817662,19.484646,18.749231,23.074707,25.159542,26.797325,30.739841,31.166857,26.360233,22.20948,21.691422,17.719124,14.95678,14.3447485,10.000073,7.8773255,9.422159,10.484704,13.172753,18.774002,20.928856,20.959188,25.01959,24.572594,22.633926,22.424385,17.960333,17.622839,14.894183,14.784739,18.8203,19.897734,19.247278,23.645365,20.194479,24.257109,23.20166
30,16.128954,13.128301,14.092511,14.757269,10.339107,12.110697,13.407435,13.872772,18.119734,16.481531,22.948328,21.830803,26.859177,26.199997,23.213074,22.13547,17.633451,15.411845,12.485394,9.557722,7.6897144,5.916772,8.18626,6.8979173,11.11597,11.464719,8.834239,10.158621,5.2207456,5.8728013,0.0,7.036176,6.3978605,13.764018,15.225975,17.015911,20.744686,21.266253,18.936483,15.781403,12.011223,12.536215,7.1942897,9.762944,7.6573963,5.4709873,6.736382,8.655508,10.326459,13.081277,16.46645,14.964685,13.810856,14.595146,16.93465,13.7108135,16.536022,15.548064,17.735094,22.67433,20.716644,17.652628,19.841253,17.478422,20.93154,18.948046,24.886768,24.531788,25.96198,25.031248,20.294073,24.184292,22.577837,19.59659,23.980854,22.346922,26.590841,27.960155,29.49362,33.092155,32.635975,28.294987,24.295866,23.324007,19.836374,17.365862,16.953758,14.464015,11.948682,14.609826,15.577192,17.978441,22.43072,25.387241,24.533634,29.106247,28.966702,26.694048,27.11054,22.40011,22.790854,19.994448,20.48873,24.659166,25.447989,24.48044,28.477219,24.424555,28.2598,26.515617
31,19.986511,17.027739,16.236929,15.818117,10.89534,10.384688,11.559211,9.480141,13.337417,10.465565,17.217234,15.521307,20.327625,20.463442,17.882866,17.345747,12.523355,11.554807,7.4328136,7.1164284,5.885504,8.475267,10.577968,12.538434,15.375022,17.303864,14.9826765,13.940678,9.721841,6.2387376,7.036176,0.0,6.454886,10.077105,12.846814,14.194566,17.786592,19.70512,17.354702,14.911937,11.974232,10.99681,7.7463107,6.326183,4.8462024,8.949,8.072537,12.728409,12.580742,16.434639,18.864716,17.553043,13.983564,16.95222,16.953657,13.916768,16.11225,13.150992,14.6248455,19.303288,16.466347,13.175018,16.350607,14.930407,18.372543,18.42279,22.980688,23.67715,24.457369,22.618116,17.228033,19.92758,17.48539,13.811509,17.7216,15.611011,19.80738,21.142723,22.997625,26.48937,26.483007,22.122007,17.937906,16.660156,12.974625,10.87609,9.953918,8.5912285,7.081605,10.762436,13.204426,16.569857,21.21695,24.16532,24.678982,28.65202,27.34163,24.809132,24.609837,19.42618,20.216417,15.917212,16.926159,21.336025,20.788963,19.303474,23.397707,18.47319,22.373268,20.32599
32,19.265999,15.615736,16.32203,14.848566,10.719807,11.703226,10.441585,11.869841,13.722363,12.670363,18.122578,17.050133,22.200422,20.677675,17.484999,16.324207,12.033816,9.760136,7.825227,5.4803004,7.4317946,6.5048647,12.031467,12.044422,15.660463,16.768103,14.887052,16.295767,11.394738,10.208618,6.3978605,6.454886,0.0,8.11083,8.8732195,10.836216,14.388173,15.151965,13.149352,9.7521715,6.0994816,7.87211,4.8127613,6.8197317,9.147428,10.143886,11.63785,14.614498,16.110384,19.22475,22.22283,20.233377,18.000677,18.787964,19.489748,15.279925,16.783102,15.599806,16.360613,21.24215,19.942553,17.012863,21.074078,19.90888,23.785402,23.244585,28.575516,29.082035,30.248053,28.698992,23.44297,26.363543,23.852497,20.13282,23.74863,21.085928,25.02623,25.678116,27.498186,30.480549,29.607187,25.93212,22.046947,20.161253,17.240488,15.801687,14.7120905,14.882965,12.484658,16.346249,18.081594,20.923738,24.361671,28.116224,27.603441,32.131985,31.250837,28.408865,28.981464,23.702358,25.16622,21.298512,22.835823,27.388033,26.888258,25.228369,28.632309,23.559742,26.997364,24.390635
33,26.881815,23.216766,23.280745,20.914242,17.062874,16.610264,14.118066,14.241143,12.699282,11.127572,14.322322,10.812314,16.115978,14.090723,10.545644,11.440383,7.178126,8.036702,7.45321,9.590191,13.106844,14.100575,19.18886,20.00292,23.431948,24.788164,22.56802,23.188547,18.403532,16.010378,13.764018,10.077105,8.11083,0.0,6.3773093,4.502644,8.454692,10.443049,7.947098,7.207753,7.317183,4.7668242,8.2225895,6.1569614,12.019895,15.5012455,16.82748,20.562302,22.10072,25.210197,27.291727,24.733366,21.229448,22.268316,20.697372,16.310705,16.065226,14.33896,13.077179,17.081402,16.670816,14.455496,20.245905,20.768759,24.819874,26.14906,30.45422,32.2667,33.419903,31.60566,26.081621,27.651382,24.649935,20.120798,22.39386,18.54427,21.61224,21.020374,22.656202,24.811024,23.169254,20.444782,17.146961,14.627822,13.15922,13.020375,12.821586,16.087559,15.552046,19.69279,22.456032,25.839548,29.238232,32.943546,33.392246,37.441277,35.663334,32.630157,32.71121,27.203627,28.986391,23.94637,25.715225,30.08905,28.293205,26.155722,29.479033,23.319935,26.404558,23.022366
34,24.86736,21.06067,21.349073,17.869343,15.274274,15.148216,10.930082,13.43855,10.379065,11.312112,13.127471,13.141477,17.662628,14.318842,11.078075,9.12614,6.8123446,4.784427,7.5712605,8.235952,12.99788,13.142497,19.12219,20.01255,22.847523,24.588114,23.401928,24.810005,20.042076,18.174368,15.225975,12.846814,8.8732195,6.3773093,0.0,5.0644784,6.4038076,8.375316,8.416655,5.0959053,5.2137966,9.194722,11.479372,11.327807,16.226208,18.713144,19.991684,23.415865,24.53287,27.969934,30.796728,28.670448,25.750294,26.68976,26.12686,21.593538,21.705097,20.373861,19.393854,23.420038,22.957783,20.575106,26.09186,26.115166,30.01839,30.74605,35.26683,36.43827,37.170967,34.93713,29.45001,31.22573,27.82801,23.806105,26.102161,22.514084,25.60256,25.273895,27.530657,29.346287,28.088516,25.730097,22.364042,19.160967,17.550108,18.030046,15.777634,19.153381,17.132198,21.364683,23.465912,26.36202,28.25429,32.728767,32.531563,36.824165,35.161976,31.78181,32.60663,27.076971,29.736282,25.146553,27.805174,32.510082,30.61501,28.243322,30.433159,24.590668,27.033724,23.432281
35,28.958351,25.13557,25.545158,22.509695,19.369368,19.123724,15.533118,16.867382,13.738631,13.474286,14.743265,12.034654,16.767359,13.337094,9.627721,10.301453,7.829036,8.527784,10.130981,11.90376,16.202131,16.548998,22.31657,22.823092,26.21143,27.466455,25.585531,26.856075,21.967585,19.961868,17.015911,14.194566,10.836216,4.502644,5.0644784,0.0,4.2909656,6.063431,4.4851727,4.61312,7.1235843,6.8432045,11.330996,10.395699,16.36088,19.203526,20.91698,24.30451,26.098303,29.12143,31.381145,28.671318,25.489302,25.951408,24.458128,19.83029,19.059618,18.072348,16.279087,19.767729,20.209206,18.379232,24.396673,25.130157,29.228434,30.546173,34.92336,36.749023,37.89916,36.004837,30.46835,31.930412,28.738317,24.251312,26.183977,22.134392,24.820667,23.775599,25.457859,26.990393,24.905573,23.0124,20.169743,17.230331,16.513025,17.015158,16.371004,20.252476,19.36428,23.5884,26.177992,29.407227,32.10382,36.203827,36.384483,40.55169,38.750595,35.51115,35.90611,30.3486,32.58122,27.579914,29.736,34.207077,32.172523,29.853413,32.637665,26.387234,29.022379,25.304682
36,31.245054,27.420017,27.72017,24.080812,21.607656,21.157993,16.867838,18.659906,14.061878,14.831537,14.07023,12.539566,16.298828,11.782615,8.476122,8.652322,8.5203905,9.431618,12.412605,14.37374,19.018505,19.425936,25.330166,26.094755,29.157875,30.67762,29.169968,30.535448,25.681679,23.609333,20.744686,17.786592,14.388173,8.454692,6.4038076,4.2909656,0.0,4.6003633,6.010732,6.6886973,9.905207,11.074792,15.486581,14.552429,20.38911,23.337532,24.902122,28.372967,29.911774,33.125645,35.50781,32.90902,29.655596,30.241432,28.66678,24.068977,23.112925,22.088457,19.990366,23.01055,23.612024,21.970236,28.133518,29.062172,33.056522,34.59915,38.73268,40.60207,41.507942,39.318203,33.768806,34.90952,31.415194,27.045502,28.507963,24.342161,26.61757,25.283026,27.199022,28.129538,26.03406,24.849697,22.328375,18.911324,18.733381,19.96301,18.610592,23.21617,22.169374,26.38392,28.899548,32.011497,33.96779,38.358032,38.533756,42.625134,40.60512,37.178047,37.767056,32.2198,34.927986,29.875149,32.484615,37.00771,34.54398,31.997717,34.11991,27.824259,29.91229,25.91621
