,0,1,2,3,4,5,6,7,8,9,10,11,12,13,14,15,16,17,18,19,20,21,22,23,24,25,26,27,28,29,30,31,32,33,34,35,36,37,38,39,40,41,42,43,44,45,46,47,48,49,50,51,52,53,54,55,56,57,58,59,60,61,62,63,64,65,66,67,68,69,70,71,72,73,74,75,76,77,78,79,80,81,82,83,84,85,86,87,88,89,90,91,92,93,94,95,96,97,98,99,100,101,102,103,104,105,106,107,108
0,0.0,4.318236,6.3576264,9.680522,12.144127,14.401927,17.586115,21.529335,24.534327,27.463684,31.113863,30.384645,27.826717,26.810963,21.859417,22.171724,16.829603,17.963993,14.633363,15.2926855,14.94045,10.689332,14.644328,16.463724,15.552876,14.851253,19.816553,22.242474,20.259111,24.657722,23.644047,29.059309,32.31753,35.50482,37.05141,39.27502,42.81266,41.74313,39.52779,36.414005,36.371944,32.725533,29.993774,28.365623,25.918573,23.854498,19.764353,19.359388,17.434055,16.281368,16.61936,13.277713,16.149628,16.160166,20.148232,23.741676,24.486609,24.53532,29.409449,28.955814,25.758064,31.219751,31.439295,32.444366,36.159954,34.982574,38.890255,37.485085,42.4841,40.107586,36.08286,39.12344,36.174866,42.075054,37.36515,39.077446,39.637383,37.23219,37.477894,39.226204,35.819004,33.128075,32.338596,29.088993,28.936855,24.637333,26.248133,20.986053,22.68862,22.319958,23.315182,23.830347,27.956322,29.965,31.097849,29.93592,30.380928,29.0485,27.395452,29.126577,26.529078,28.272093,29.274475,28.873476,34.82094,33.644016,36.814976,39.164875,41.748375
1,4.318236,0.0,5.293746,6.5289865,8.759512,12.093069,14.314879,19.09442,21.40427,24.663332,28.001589,27.758121,25.653347,24.381588,19.59775,19.22031,14.0161705,14.325281,11.244223,11.115449,10.985974,7.240211,11.228646,12.349383,12.102043,10.764541,16.215094,18.318602,16.170065,20.459225,19.695593,24.920877,28.673004,31.69791,33.36703,35.73154,39.103657,37.97337,35.590286,32.35583,32.498745,28.623484,26.103594,24.354645,22.162407,20.114347,16.118984,16.049831,14.443017,13.962095,14.295307,11.886708,14.863654,14.954558,18.149492,21.58972,21.624144,21.969944,26.99696,26.227646,22.75416,27.934793,27.91185,28.653757,32.42723,30.934902,34.799194,33.268867,38.292206,35.88194,31.796968,34.805378,31.88014,37.81275,33.23386,34.99774,35.72747,33.44731,33.892796,35.765385,32.542458,29.664549,28.778687,25.382832,24.932404,20.760563,22.022049,16.70342,18.395733,18.192484,19.33869,20.180998,24.170372,26.191381,27.047617,25.74158,26.22841,24.758492,23.280506,25.021862,22.714283,24.86166,25.726713,25.065758,31.073515,29.59298,32.917038,35.09964,37.817608
2,6.3576264,5.293746,0.0,5.102896,6.850871,8.27791,11.8046465,15.214596,18.516396,21.220705,25.074923,24.247993,21.639458,20.893826,15.833255,16.626171,11.622277,13.168762,11.365357,12.368804,13.767486,10.9896145,15.569812,15.576754,15.989153,13.226566,18.458458,19.937586,16.23694,20.729383,18.747625,24.555096,26.706917,30.20217,31.456486,33.525818,37.22858,36.257732,34.349556,31.566046,31.18471,28.240753,25.066442,24.417328,21.200787,20.374489,16.347176,16.900633,16.06553,14.604832,13.728462,10.616909,12.355564,11.067128,14.821193,18.470242,19.563778,20.273205,24.968916,25.176237,21.896929,27.667046,27.181612,28.619864,31.635397,31.060173,34.841774,33.463505,38.574615,36.850273,32.88576,35.867977,32.481308,38.235786,33.03314,35.113228,35.200893,32.505318,32.69117,34.091286,30.692436,28.302061,26.975025,24.036095,24.507742,19.989893,22.645098,18.083536,20.30258,21.037632,22.10859,23.664248,27.312841,28.630316,29.470388,27.653858,28.749886,26.606974,26.10339,27.289196,25.644794,28.419823,28.456772,27.447039,33.273094,31.055069,34.275284,36.23836,38.593647
3,9.680522,6.5289865,5.102896,0.0,3.8356428,6.1032896,8.835669,13.171799,15.309516,18.79754,21.767733,21.34872,19.382923,17.899605,13.243871,12.712888,7.554306,8.383786,6.4418025,7.698299,9.662132,8.219108,12.831132,12.216163,14.437162,10.808077,16.803905,17.478767,12.8341255,16.894325,14.954471,20.255342,23.116674,25.991316,27.782846,29.79632,33.410534,32.621033,30.294596,27.298822,27.630371,24.48812,21.716417,21.320646,18.441671,18.19473,14.529791,15.9088745,15.711089,15.365192,14.47717,12.84502,14.4108305,12.901907,15.236342,18.543049,18.649683,20.083223,24.844124,24.727716,21.049694,26.26758,25.14876,26.113644,29.018063,27.831036,31.422699,29.547207,34.836216,33.117924,28.87374,31.465282,27.992168,33.564846,28.31162,30.169502,30.336914,27.75172,27.990118,29.626003,26.301504,23.649101,22.661316,19.471367,19.696396,15.215364,17.862022,13.509595,16.348917,17.522831,19.21565,21.218737,24.544245,26.138315,26.20306,24.0714,24.998354,22.280865,22.06581,22.63145,21.21598,24.364971,23.887894,22.703445,28.420555,26.06192,29.218418,31.201984,33.498577
4,12.144127,8.759512,6.850871,3.8356428,0.0,5.316084,5.559924,10.883939,12.73202,16.001385,19.396982,19.519953,17.832197,16.771904,12.1772785,11.738878,7.7023206,7.3338094,8.107537,7.5423913,10.720203,10.535375,14.12554,12.024301,13.999252,9.517215,14.738984,14.974005,9.826146,14.14603,11.9106455,17.737488,20.178001,23.625534,24.920286,27.218685,30.713686,29.643751,27.595259,24.75212,24.467075,21.464035,18.383415,18.083906,14.853428,14.887237,11.297392,13.073528,13.518483,13.082101,11.692478,10.865818,11.891941,10.482757,11.916322,15.018904,14.844343,16.432272,21.139242,21.084309,17.40959,22.691086,21.466057,22.671618,25.426321,24.638857,28.283987,26.747229,31.928648,30.457142,26.482674,29.396324,25.860607,31.60398,26.410334,28.793783,28.958525,26.345415,26.877419,28.322355,25.279387,22.712355,20.857914,17.80755,18.082886,13.674473,16.338726,12.35834,14.749191,16.43633,17.64029,20.107738,23.08578,23.986814,24.276947,21.962748,23.465322,20.773827,21.218452,22.13532,21.53391,25.20695,24.65848,23.007387,28.67002,25.521978,28.972265,30.436008,32.90325
5,14.401927,12.093069,8.27791,6.1032896,5.316084,0.0,5.942281,7.469337,10.779468,13.6298685,17.058865,15.996054,13.579516,12.702177,7.677215,8.8270645,5.0943,7.687597,9.114831,11.027672,14.285349,14.019262,18.342018,16.662066,19.239775,14.724229,19.828014,19.60664,13.387801,17.069302,13.54461,19.14546,19.688404,23.045723,24.30632,25.888977,29.87205,29.332443,27.60591,25.27075,25.011517,23.228266,19.78188,21.024126,17.045595,18.68482,15.521437,17.69651,18.481205,17.52376,15.510216,14.078978,13.908837,10.731614,12.381569,15.43639,16.498165,18.687077,22.746773,23.742876,20.370352,25.818214,23.927063,25.598007,27.35584,27.242058,30.551664,28.82938,34.110546,33.324036,29.337397,31.758524,27.798462,32.947,27.032812,29.29584,28.62969,25.569881,25.526594,26.495676,23.073551,21.130842,19.417068,16.994303,18.531593,13.912243,18.333727,15.575054,18.722452,20.9249,22.433598,25.137154,27.885607,28.641144,28.560732,25.872156,27.485146,24.049,25.096498,24.981283,24.57631,28.371515,26.969757,25.331247,30.54419,27.211899,30.166079,31.700123,33.507275
6,17.586115,14.314879,11.8046465,8.835669,5.559924,5.942281,0.0,6.6176653,7.436598,10.634167,14.128662,14.770091,13.667719,12.962581,9.099105,8.647211,7.4711747,6.2756653,10.491869,9.725646,13.839791,15.1257,18.026342,14.729281,17.37992,12.267682,16.142649,15.04511,8.262661,11.729659,7.9689927,14.076152,14.921758,18.853163,19.68399,21.946945,25.518433,24.46997,22.787132,20.381699,19.60263,17.555914,13.98123,15.210931,11.116504,13.343737,10.838691,13.718682,15.442633,15.1103945,12.919304,13.339301,12.870369,10.712468,9.946409,12.1488285,11.703783,14.380792,18.391022,18.95021,15.415812,20.36751,18.150234,19.734543,21.455048,21.367489,24.708675,23.255182,28.415098,27.754482,24.04504,26.812408,22.910048,28.3408,22.788872,25.68804,25.383673,22.55296,23.187883,24.200375,21.43381,19.249678,16.393934,13.859228,14.875922,10.663411,14.422422,12.302772,14.734314,17.520765,18.562298,21.789207,23.909424,23.967964,23.884212,20.995302,23.1742,19.817163,21.63548,21.971527,22.598621,26.960371,25.6221,23.415508,28.527367,24.300526,27.712406,28.538305,30.763529
7,21.529335,19.09442,15.214596,13.171799,10.883939,7.469337,6.6176653,0.0,5.325118,6.4417434,10.739897,9.706204,7.5727954,8.232326,4.750195,7.5419335,8.987571,10.242576,14.5092535,15.498793,19.503164,20.50142,24.043406,21.117575,23.939554,18.866602,22.515917,21.170626,14.204929,16.652782,11.912247,16.990911,14.371625,18.471418,18.696598,19.94324,24.109411,23.67857,22.831282,21.45397,20.22087,20.240301,16.24607,19.437622,14.668224,18.53757,16.623034,19.523726,21.43229,20.41784,17.654984,17.432898,15.692668,11.98909,10.992202,12.543133,13.93548,17.0871,19.821432,21.85187,19.044836,23.972168,21.089424,23.378525,23.583658,24.732845,27.510862,26.13617,31.118477,31.48218,28.071442,30.311134,26.036764,30.570541,24.338747,27.265867,25.837376,22.474682,22.454264,22.540216,19.55217,18.539076,15.312023,14.202668,16.981138,13.139616,18.523859,17.855972,20.67499,23.794207,24.921232,28.295544,30.161507,29.862864,29.581764,26.403444,28.796,24.880766,27.354393,26.798412,27.75208,32.221027,30.098602,27.86487,32.355133,27.797197,30.628565,31.287184,32.71373
8,24.534327,21.40427,18.516396,15.309516,12.73202,10.779468,7.436598,5.325118,0.0,4.6005006,6.7118793,7.911863,8.383809,7.871275,7.148416,6.54015,10.154713,9.384107,14.798535,14.90923,19.036486,21.223593,23.8733,20.266197,23.827091,18.643179,21.743437,19.524775,12.32899,13.326981,8.416747,12.263444,9.366466,13.200747,13.764149,15.224314,19.249655,18.852055,17.623388,16.174297,15.421773,15.654031,12.059824,16.13069,11.883421,16.803864,15.91558,19.31999,21.753939,21.623636,19.131744,20.044533,18.626408,15.781858,13.565324,14.193599,13.8117895,17.463747,19.91561,21.342903,18.407547,22.198835,18.583755,20.315113,20.064924,20.749985,23.143425,21.396162,26.418694,27.056236,23.658201,25.52206,21.151754,25.392416,19.135782,22.260628,20.856056,17.595333,17.956745,18.145182,15.639312,14.418283,10.455855,9.447854,12.338753,9.264404,14.648393,15.439149,18.141853,21.734154,22.9949,26.698755,27.89889,27.453661,26.51885,23.063171,25.540731,21.226948,24.436277,23.410702,25.178463,29.973991,27.456026,24.882961,28.865294,23.72856,26.542744,26.736923,28.155048
9,27.463684,24.663332,21.220705,18.79754,16.001385,13.6298685,10.634167,6.4417434,4.6005006,0.0,5.912171,6.870806,7.3944883,8.9696665,9.19005,10.404048,14.037512,13.842805,19.117332,19.199097,23.387012,25.321651,28.058441,24.30534,27.316326,22.139675,24.534252,22.287342,15.563873,16.429317,11.620072,15.080084,9.489446,14.208433,13.221605,14.350209,18.43009,17.962547,17.93126,17.50966,15.372723,17.138342,13.129244,17.915571,13.254074,18.685476,18.160471,21.414429,24.05697,23.426025,20.559368,21.4963,19.279243,16.20664,13.300953,13.021929,13.516754,17.213997,18.574322,20.941174,18.713182,22.411951,18.641457,21.084723,19.812012,21.845245,23.940403,22.872534,27.389248,28.7384,25.968082,27.944834,23.634691,27.473495,21.377798,24.873114,23.037207,19.725048,20.019056,19.415398,17.343643,17.04457,12.364411,12.657883,15.894978,13.527704,18.591713,19.6682,21.911657,25.529633,26.345387,30.101133,31.109432,30.027908,29.450891,26.009562,28.897717,24.810312,28.331358,27.513124,29.571404,34.429695,31.90851,29.245436,33.00661,27.566542,30.288221,30.074093,31.289394
10,31.113863,28.001589,25.074923,21.767733,19.396982,17.058865,14.128662,10.739897,6.7118793,5.912171,0.0,4.8422565,8.412585,8.367078,11.249298,10.610568,15.675144,15.010124,20.315216,20.646574,24.577698,27.246574,29.591768,25.833395,29.794386,24.677252,27.214178,24.408571,17.619797,17.082695,12.720894,13.623419,7.110353,9.63761,9.620677,9.546438,14.018413,14.569333,14.062527,14.0640745,13.472477,16.150763,13.365453,18.965837,15.418127,21.296246,21.392267,24.914219,27.681969,27.734013,25.180525,26.42016,24.631231,21.701267,18.892052,18.541847,18.058943,21.888409,23.102499,24.923136,22.586256,25.190706,20.817175,22.417479,20.502623,21.751534,23.03737,21.159498,25.637247,27.459057,24.59417,25.513294,21.078588,23.779263,17.358538,20.496998,18.00004,14.577708,14.654028,13.658773,11.984281,12.301331,7.3728366,9.184212,13.132007,12.166564,17.30487,19.956127,22.49648,26.369541,27.678808,31.567877,32.070026,31.262358,29.739973,26.062376,28.63418,23.917973,27.968891,26.049704,28.632305,33.55782,30.293337,27.542444,30.369492,24.71022,26.830378,26.339172,26.930426
11,30.384645,27.758121,24.247993,21.34872,19.519953,15.996054,14.770091,9.706204,7.911863,6.870806,4.8422565,0.0,4.240022,4.860498,8.851013,9.770207,14.746157,15.544871,20.193132,21.662172,25.490635,27.5291,30.623295,27.484165,31.467276,26.315449,29.640469,27.293653,20.118666,20.43697,15.744923,17.59015,11.908717,13.934962,14.296205,13.467786,18.06342,19.06099,18.66324,18.629557,18.303158,20.706888,17.677588,22.895674,18.8988,24.394909,23.773361,27.16068,29.595451,29.197096,26.493908,26.918695,25.008408,21.400923,19.45303,19.645102,20.299198,24.005482,25.420465,27.72388,25.34459,28.749344,24.671219,26.563534,24.935213,26.284061,27.781996,25.83592,30.432896,32.072334,28.955694,29.808432,25.310638,27.945137,21.272505,23.81707,20.957043,17.298601,16.516436,15.29294,12.703577,13.588036,10.262701,11.805639,16.142517,14.298851,20.238283,22.163935,25.267294,28.969284,30.531233,34.275967,35.261887,34.814606,33.42599,29.798449,32.13598,27.307898,30.897205,28.756641,30.701624,35.40855,32.008305,29.564514,32.536133,27.424393,29.231146,29.309286,29.517433
12,27.826717,25.653347,21.639458,19.382923,17.832197,13.579516,13.667719,7.5727954,8.383809,7.3944883,8.412585,4.240022,0.0,4.007538,6.30457,9.295262,13.193584,15.083656,19.159071,21.173512,24.961746,26.29277,29.951906,27.233885,30.835495,25.728714,29.47722,27.646652,20.402664,21.662655,16.781403,19.896776,14.987484,17.698757,17.983381,17.552916,22.122095,22.825567,22.452587,22.085623,21.427187,23.222872,19.727482,24.36288,19.898792,24.845608,23.568846,26.711481,28.822357,27.951462,25.141926,24.894655,22.887909,18.863337,17.691679,18.415972,19.987919,23.438791,25.153101,27.74542,25.332438,29.528189,25.899374,28.12279,27.017529,28.513176,30.460926,28.704533,33.46616,34.734173,31.45471,32.711056,28.211952,31.389503,24.68874,27.16561,24.551004,20.867695,19.97716,19.046896,15.998501,16.519575,13.764215,14.441628,18.536726,15.75145,21.921907,22.80453,26.074068,29.529951,31.058449,34.623116,36.09224,35.80596,34.834385,31.347628,33.636246,29.016996,32.09933,30.321539,31.672976,36.196716,33.10275,30.877443,34.37089,29.664602,31.630932,32.133472,32.521126
13,26.810963,24.381588,20.893826,17.899605,16.771904,12.702177,12.962581,8.232326,7.871275,8.9696665,8.367078,4.860498,4.007538,0.0,5.1569977,6.314714,10.8697405,12.687245,16.499458,18.88967,22.433216,24.047235,27.595695,25.114872,29.297886,24.285168,28.502861,26.59968,19.220917,20.222925,15.587697,18.165983,14.634182,16.304447,17.72979,17.277376,21.826307,22.76516,21.577333,20.689955,21.166914,22.296328,19.314543,23.692806,19.720612,24.449997,23.123238,26.369545,28.360693,27.950806,25.448883,25.272072,23.847605,20.038448,19.152815,20.247137,21.095428,24.613657,26.880375,28.859232,26.033283,30.042168,26.351295,28.02643,27.340519,27.935846,29.868137,27.544846,32.56225,33.491337,29.824818,30.711157,26.19836,29.273876,22.441498,24.430574,21.894787,18.214771,17.131407,16.688503,13.186888,13.275998,11.513765,11.725128,15.810715,12.981267,19.326456,20.376842,24.02907,27.447693,29.395674,32.90304,34.377243,34.582737,33.165222,29.657074,31.550156,26.669342,29.59377,27.327045,28.517637,32.9368,29.597961,27.487057,30.825897,26.40882,28.166445,28.971952,29.24506
14,21.859417,19.59775,15.833255,13.243871,12.1772785,7.677215,9.099105,4.750195,7.148416,9.19005,11.249298,8.851013,6.30457,5.1569977,0.0,4.939116,7.0586853,9.772562,13.160395,15.621414,19.213427,20.149887,24.093807,21.867252,25.486738,20.55594,25.102896,23.785927,16.550243,18.67449,14.086533,18.253084,16.145485,18.885382,20.123158,20.627583,25.029335,25.281021,23.946005,22.45121,22.438313,22.451548,19.030685,22.371372,18.095762,21.900703,19.860659,22.798826,24.421045,23.696386,21.237309,20.571241,19.359793,15.493189,15.417235,17.250452,18.47089,21.62062,24.52918,26.346663,23.32549,28.0629,25.000132,26.840923,27.056273,27.545143,30.100214,28.061531,33.26215,33.552067,29.732569,31.316801,26.925884,30.961704,24.36825,26.570961,24.783316,21.279766,20.645151,20.815872,17.276064,16.400148,14.511907,13.426599,16.62953,12.703492,18.746666,18.323494,21.90919,24.97496,26.753529,30.025139,32.009342,32.361103,31.503956,28.246365,30.119707,25.71588,27.989077,26.544353,27.121984,31.377039,28.73813,26.779242,30.963545,26.898283,29.196718,30.327019,31.246572
15,22.171724,19.22031,16.626171,12.712888,11.738878,8.8270645,8.647211,7.5419335,6.54015,10.404048,10.610568,9.770207,9.295262,6.314714,4.939116,0.0,5.488661,6.4740787,10.46918,12.648137,16.141785,18.03064,21.337421,18.917986,23.376997,18.502354,23.185982,21.477419,14.186559,15.55493,11.424561,14.609654,14.253128,15.924095,18.209702,18.921118,23.05642,23.37686,21.21144,19.137903,20.274366,19.549316,16.877668,19.97754,16.530193,20.25295,18.573578,21.741812,23.456087,23.562988,21.540596,21.537699,20.988037,17.855225,17.351545,19.059362,18.949863,22.233713,25.470062,26.465382,23.083536,27.147253,23.883974,24.975973,25.504227,24.964254,27.388842,24.773445,30.15305,30.138304,25.99797,27.195587,22.837587,26.811666,20.259884,22.130816,20.680105,17.362686,16.932003,17.776505,14.253474,12.50793,11.284697,9.314002,12.1223345,8.141584,14.304903,14.427768,18.335892,21.528,23.727144,27.063452,28.78157,29.51754,28.045221,24.711231,26.239058,21.514332,23.867264,21.907999,22.663263,27.02816,24.105173,22.04994,26.06851,21.995247,24.271763,25.494444,26.50787
16,16.829603,14.0161705,11.622277,7.554306,7.7023206,5.0943,7.4711747,8.987571,10.154713,14.037512,15.675144,14.746157,13.193584,10.8697405,7.0586853,5.488661,0.0,4.641465,6.1303377,9.374539,12.46411,13.288567,17.324505,15.774148,19.811415,15.303687,20.860197,20.060575,13.387975,16.056234,12.702886,17.037579,18.423498,20.519314,22.76471,23.990713,27.948803,27.865887,25.516634,22.929699,23.918406,22.011377,19.281002,20.892435,17.589386,19.733576,17.105738,19.705214,20.679325,20.626835,18.98288,18.221678,18.430506,15.584935,16.437965,19.026253,19.149763,21.789537,25.793701,26.388638,22.763878,27.462313,25.026428,26.049528,27.655243,26.714733,29.68428,27.227667,32.70151,31.885698,27.522318,29.221983,25.176338,29.857586,23.763288,25.431644,24.699034,21.706509,21.446728,22.760252,19.184727,16.937405,16.27305,13.548236,15.036776,10.459191,15.315365,13.29532,17.26012,19.71224,21.972893,24.811243,27.258736,28.543243,27.553547,24.648916,25.798998,21.696896,22.89139,21.701351,21.323818,25.190813,23.082062,21.482843,26.326672,23.1846,25.761477,27.56683,29.064552
17,17.963993,14.325281,13.168762,8.383786,7.3338094,7.687597,6.2756653,10.242576,9.384107,13.842805,15.010124,15.544871,15.083656,12.687245,9.772562,6.4740787,4.641465,0.0,5.679011,6.2149405,9.988329,12.274233,15.088852,12.465912,17.001387,12.277123,17.421171,16.115835,9.401269,11.6252365,8.867021,12.954659,15.957442,17.915672,20.34424,22.151886,25.664797,25.221544,22.499113,19.480612,20.716091,18.009491,15.7260685,16.790081,14.155313,16.087334,13.921249,16.78039,18.084877,18.797346,17.449902,17.75829,18.269152,16.313047,16.18865,18.354195,17.235353,19.91829,24.032862,23.926043,20.112503,24.16295,21.675566,22.181156,24.133007,22.559902,25.567429,23.006628,28.498722,27.406523,22.980341,24.82502,20.907282,25.948437,20.242563,22.142603,22.033699,19.39426,19.77835,21.49434,18.446844,15.587751,14.505576,11.127808,11.512701,6.9161925,10.921186,8.863211,12.793187,15.547509,17.837948,20.92297,23.024483,24.253859,23.021,20.048195,21.248337,17.126646,18.572367,17.632954,17.790318,22.06949,20.117779,18.122005,23.133602,19.531755,22.584194,24.072111,26.082811
18,14.633363,11.244223,11.365357,6.4418025,8.107537,9.114831,10.491869,14.5092535,14.798535,19.117332,20.315216,20.193132,19.159071,16.499458,13.160395,10.46918,6.1303377,5.679011,0.0,5.301576,6.8298197,7.866149,11.658045,11.113793,15.726102,12.139152,18.378515,18.088396,12.881553,15.496712,13.936815,17.555933,21.538242,22.948435,25.804981,27.461916,30.929098,30.618618,27.58264,24.283571,26.064095,22.748846,20.893797,20.934607,18.896868,19.418932,16.627298,18.676394,18.96548,19.769968,19.107006,18.527737,19.97468,18.325438,19.5377,22.303608,21.487158,23.58495,28.157448,27.703384,23.783434,28.035149,26.18344,26.37996,29.03051,26.862001,30.00285,27.246662,32.723354,30.95858,26.25999,27.936714,24.42595,29.430408,24.120613,25.210093,25.463297,23.114992,23.210691,25.31171,22.003786,18.948421,19.20179,15.680699,15.455667,11.326708,13.837311,10.241631,14.248628,15.780274,18.567753,20.807426,23.606777,25.866692,24.666513,22.243483,22.530825,18.926786,18.855396,17.953873,16.470543,19.800169,18.365969,17.230127,22.624304,20.595768,23.343336,25.707447,27.717985
19,15.2926855,11.115449,12.368804,7.698299,7.5423913,11.027672,9.725646,15.498793,14.90923,19.199097,20.646574,21.662172,21.173512,18.88967,15.621414,12.648137,9.374539,6.2149405,5.301576,0.0,4.236287,7.277002,9.006654,6.4548545,11.3503475,7.4083333,13.346763,12.9197645,8.631845,11.344251,11.111947,14.774363,20.118963,21.907352,24.425774,26.801996,29.76326,28.857496,25.756895,22.158524,23.582438,19.34892,17.814411,16.641243,15.38112,14.853891,12.277387,14.223282,14.644988,16.212393,15.98476,16.483786,18.284172,17.717594,18.152636,20.563316,18.705667,20.48303,25.19578,23.97539,19.96677,23.70006,22.224716,22.00447,25.297918,22.67655,26.050087,23.589836,28.904125,26.693125,22.124172,24.411543,21.251501,26.901747,22.327806,23.921797,24.926016,22.981459,23.815325,26.087461,23.380455,20.005232,19.370087,15.56711,14.208557,10.572517,11.010202,6.028324,9.3040285,10.767045,13.31744,15.741881,18.464355,20.583595,19.611755,17.349237,17.811583,14.798176,14.586799,14.989152,14.006931,17.770727,17.196812,15.585949,21.41052,18.863928,22.369865,24.192913,26.970695
20,14.94045,10.985974,13.767486,9.662132,10.720203,14.285349,13.839791,19.503164,19.036486,23.387012,24.577698,25.490635,24.961746,22.433216,19.213427,16.141785,12.46411,9.988329,6.8298197,4.236287,0.0,4.757229,5.3118043,5.090036,10.284705,8.274006,14.22738,14.481355,12.023515,14.271473,14.9558935,17.789642,23.926888,25.17174,28.04538,30.381254,33.16288,32.314217,28.906374,25.080223,27.027826,22.330929,21.358397,19.489824,18.983694,17.563093,15.021756,16.257269,15.932074,17.892529,18.355852,18.59285,21.018724,20.859823,21.7865,24.339777,22.404495,23.80936,28.670845,27.032457,23.040125,26.46354,25.410326,24.743471,28.489967,25.24207,28.562195,25.917686,31.083904,28.30645,23.6158,25.662504,22.994495,28.506617,24.492966,25.477257,26.918465,25.340723,26.137285,28.73694,26.054806,22.478407,22.62047,18.706533,16.818014,13.749504,12.996809,7.708122,10.287162,10.304396,13.313212,14.799095,17.899426,20.986023,19.855673,18.183397,17.706026,15.340394,13.7004175,14.286552,11.924822,14.79121,15.014559,14.098753,20.134813,18.877245,22.19092,24.525852,27.43
21,10.689332,7.240211,10.9896145,8.219108,10.535375,14.019262,15.1257,20.50142,21.223593,25.321651,27.246574,27.5291,26.29277,24.047235,20.149887,18.03064,13.288567,12.274233,7.866149,7.277002,4.757229,0.0,5.3599925,7.838357,10.518782,9.489411,15.702297,16.996626,14.897004,18.035828,18.19898,21.932705,27.308311,29.065228,31.6704,33.934433,36.996075,36.133793,32.993763,29.319832,30.792679,26.312233,24.81632,22.891651,21.813349,19.960228,16.714989,17.297806,16.184225,17.412758,18.060295,17.21549,20.048964,19.958845,21.9388,24.959087,23.790339,24.769173,29.821766,28.42294,24.552374,28.671946,28.09119,27.865679,31.76104,29.004538,32.54361,30.215403,35.348618,32.55102,28.00969,30.307135,27.634136,33.2201,29.0313,30.060051,31.255133,29.442465,29.973701,32.39213,29.3782,26.025023,26.140053,22.359142,21.035343,17.476748,17.567572,12.192335,14.377623,13.862337,16.22816,17.038595,20.758217,23.834175,23.455378,22.121136,21.703825,19.881945,17.8327,18.842575,15.912975,17.83161,18.616146,18.242495,24.200933,23.46852,26.574354,29.129519,31.876823
22,14.644328,11.228646,15.569812,12.831132,14.12554,18.342018,18.026342,24.043406,23.8733,28.058441,29.591768,30.623295,29.951906,27.595695,24.093807,21.337421,17.324505,15.088852,11.658045,9.006654,5.3118043,5.3599925,0.0,5.319206,7.8270392,8.86338,13.766422,15.178573,15.17364,17.464544,19.054693,21.771181,28.434278,29.805773,32.517235,35.126877,37.652317,36.520557,33.090538,29.132408,30.899216,25.648325,24.959852,21.9715,22.131804,19.295788,16.711412,16.845219,15.543491,17.85581,19.228222,19.387362,22.52935,23.263666,24.572027,27.187399,25.095566,25.786795,30.79687,28.565922,24.733727,27.87088,27.673761,26.69821,31.147243,27.55258,31.008854,28.684586,33.475025,30.038477,25.597212,27.940575,25.956116,31.622568,28.433262,29.298634,31.25231,30.010176,30.991184,33.729843,31.19899,27.533741,27.671762,23.727583,21.424032,18.744144,16.925404,11.431065,12.22148,10.398299,12.813885,12.804487,16.53425,20.31512,19.777819,19.083416,17.970894,17.17737,14.020141,16.049706,12.737833,14.082745,16.143106,15.912413,21.897182,21.674417,25.017513,27.422224,30.688116
23,16.463724,12.349383,15.576754,12.216163,12.024301,16.662066,14.729281,21.117575,20.266197,24.30534,25.833395,27.484165,27.233885,25.114872,21.867252,18.917986,15.774148,12.465912,11.113793,6.4548545,5.090036,7.838357,5.319206,0.0,6.128034,4.965548,9.655429,10.205447,10.23132,12.309612,14.367291,17.070295,23.88079,25.567225,27.9174,30.82451,33.137043,31.729908,28.455656,24.54332,25.903751,20.529306,19.859255,16.65462,17.047743,14.224204,12.059783,12.692071,12.243461,15.036123,16.103994,17.324863,20.005754,20.872892,21.202398,23.360447,20.65582,21.528534,26.366768,23.984121,20.097605,22.893023,22.47366,21.420465,25.836042,22.291311,25.822529,23.7028,28.497427,25.250715,20.913355,23.695986,21.558662,27.581068,24.428944,25.92676,27.932652,26.68307,28.035755,30.620811,28.421085,24.779963,24.093338,20.209978,17.696394,15.234988,12.895943,7.2155952,7.2541995,6.110635,8.491135,9.852853,13.165409,16.178696,15.627731,14.449837,14.1343975,13.083357,10.960202,13.632827,11.994011,14.93986,16.296814,15.002368,21.041786,19.32683,23.215672,24.890245,28.421324
24,15.552876,12.102043,15.989153,14.437162,13.999252,19.239775,17.37992,23.939554,23.827091,27.316326,29.794386,31.467276,30.835495,29.297886,25.486738,23.376997,19.811415,17.001387,15.726102,11.3503475,10.284705,10.518782,7.8270392,6.128034,0.0,5.193301,6.914872,9.810796,12.753109,15.504783,17.785036,21.219318,27.509727,30.048285,31.657143,34.93303,37.112404,35.224957,32.41319,28.68197,28.993082,23.495241,22.498753,18.253778,18.730663,14.18202,11.684094,10.482427,8.533703,11.534316,13.715189,14.998183,18.335346,20.453964,21.133316,23.277622,20.67149,20.42555,25.331997,22.437765,18.952297,21.82532,22.712234,21.879578,26.957197,23.896496,27.745266,26.570808,30.826126,27.272755,23.65727,27.242016,25.580433,31.911259,29.277262,31.208616,33.35106,32.104572,33.61835,36.017902,33.871906,30.365604,29.038137,25.314178,22.962584,20.414036,18.111708,12.653971,11.131939,8.906716,8.654362,8.33154,12.553641,15.057349,16.38518,16.255966,16.287508,17.035675,14.457663,18.640808,17.007166,19.052376,21.523321,20.46724,26.369362,24.793495,28.833504,30.216694,34.015564
25,14.851253,10.764541,13.226566,10.808077,9.517215,14.724229,12.267682,18.866602,18.643179,22.139675,24.677252,26.315449,25.728714,24.285168,20.55594,18.502354,15.303687,12.277123,12.139152,7.4083333,8.274006,9.489411,8.86338,4.965548,5.193301,0.0,6.504866,7.8311253,7.99454,11.490086,12.933185,17.093967,22.720144,25.546646,27.043879,30.202255,32.650185,30.896706,28.245739,24.682987,24.794401,19.778126,18.210917,14.865399,14.400006,10.967023,7.9303613,8.192891,7.7168665,10.177007,11.14487,12.653115,15.304184,16.671722,16.919325,19.079151,16.54716,17.00768,21.985361,19.727018,15.892981,19.45732,19.466515,19.141125,23.624012,21.099585,24.993164,23.661919,28.34422,25.489485,21.65063,25.18155,22.804178,29.16234,25.730501,28.002426,29.643688,28.037594,29.446903,31.6011,29.358934,26.034748,24.330818,20.717487,18.84253,15.887188,14.570685,9.193874,8.683506,8.475725,8.895799,10.723976,14.112454,15.687074,16.443953,15.160268,16.081112,15.323829,14.2659645,17.41998,16.63376,19.835499,21.007832,19.399773,25.344564,22.761435,26.844633,28.045202,31.558207
26,19.816553,16.215094,18.458458,16.803905,14.738984,19.828014,16.142649,22.515917,21.743437,24.534252,27.214178,29.640469,29.47722,28.502861,25.102896,23.185982,20.860197,17.421171,18.378515,13.346763,14.22738,15.702297,13.766422,9.655429,6.914872,6.504866,0.0,4.075291,9.744857,11.950495,14.748707,18.10442,23.787521,26.994585,27.686695,31.393936,33.1411,30.727318,28.45865,25.079664,24.25716,18.837572,17.74204,12.743278,13.703932,8.077721,6.7577596,5.0866923,4.9286103,8.91269,10.730196,13.984512,16.349472,18.97141,18.109882,19.292728,15.71534,15.17934,19.650864,16.175823,12.855285,14.987724,16.254877,15.441849,20.737978,18.18204,22.200087,21.92096,25.742735,22.53106,19.669327,24.057508,22.47295,29.028767,26.767801,29.570673,31.68946,30.490232,32.43147,34.46738,32.841522,29.59709,27.112202,23.815945,21.505657,19.502985,16.955572,12.782725,9.873413,9.034858,6.513647,8.032116,10.603909,10.571792,13.036869,12.648379,14.324677,15.438027,14.612991,19.26958,19.473265,22.554213,24.358562,22.47474,27.963531,24.926926,29.321882,29.71197,33.687912
27,22.242474,18.318602,19.937586,17.478767,14.974005,19.60664,15.04511,21.170626,19.524775,22.287342,24.408571,27.293653,27.646652,26.59968,23.785927,21.477419,20.060575,16.115835,18.088396,12.9197645,14.481355,16.996626,15.178573,10.205447,9.810796,7.8311253,4.075291,0.0,7.382425,8.359946,11.804424,14.413455,20.357876,23.350922,24.01948,27.806862,29.324867,26.872288,24.52724,21.150663,20.404888,14.819634,14.071323,8.852701,10.568338,5.3418345,5.78546,6.17315,7.9758763,11.439234,12.282137,15.953146,17.57592,19.59396,17.8563,18.54655,14.320876,14.529043,18.618261,15.186776,11.6888485,13.000993,13.358004,12.090246,17.266432,14.3155155,18.310104,17.875847,21.839497,18.84501,15.8870735,20.334375,18.611425,25.176258,22.988344,26.010494,28.145359,27.062548,29.193802,31.175629,29.863346,26.673195,23.949965,20.809725,18.319202,16.87266,13.927847,10.819736,7.46299,7.9637814,5.6201897,8.798408,9.97421,9.18264,10.6979,9.446963,11.912877,12.418666,12.822894,17.068186,18.267004,21.976608,23.100103,20.790903,25.928484,22.183525,26.637938,26.61098,30.570732
28,20.259111,16.170065,16.23694,12.8341255,9.826146,13.387801,8.262661,14.204929,12.32899,15.563873,17.619797,20.118666,20.402664,19.220917,16.550243,14.186559,13.387975,9.401269,12.881553,8.631845,12.023515,14.897004,15.17364,10.23132,12.753109,7.99454,9.744857,7.382425,0.0,4.736751,5.19514,10.026288,14.8374195,18.109991,19.138508,22.442732,24.830011,23.002535,20.630245,17.389994,16.96064,12.547565,10.381035,8.53603,7.0285482,6.8195534,5.6232805,8.914492,11.281123,13.039974,12.169573,14.821614,15.5197935,15.763081,13.899555,14.98897,11.566956,13.531337,17.760714,16.16958,12.206863,15.357874,13.5930195,13.63673,16.934708,15.049869,18.77054,17.388689,22.386406,20.703743,16.98321,20.469614,17.300236,23.548012,19.49448,22.614141,23.724264,21.884222,23.546196,25.253433,23.453241,20.485718,17.605284,14.4495735,12.999847,10.454616,10.011008,7.4414134,7.528995,10.498319,10.908124,14.556027,16.002356,15.846803,15.664809,12.897035,15.330621,12.845176,14.711823,16.479818,17.859873,22.369638,21.896864,19.34185,24.513622,20.077862,24.206543,24.477394,27.691355
29,24.657722,20.459225,20.729383,16.894325,14.14603,17.069302,11.729659,16.652782,13.326981,16.429317,17.082695,20.43697,21.662655,20.222925,18.67449,15.55493,16.056234,11.6252365,15.496712,11.344251,14.271473,18.035828,17.464544,12.309612,15.504783,11.490086,11.950495,8.359946,4.736751,0.0,4.9348106,6.171892,12.7966585,15.121073,16.426224,19.936268,21.693998,19.772629,16.952393,13.414981,13.681997,8.435983,7.741458,5.8117843,6.6663656,7.7873054,8.960573,12.050102,14.695183,16.989943,16.291025,19.367136,19.842726,20.016048,17.485228,17.833248,13.7388735,15.98492,19.376068,17.455954,13.855491,15.133742,12.560952,11.497297,14.433785,11.397043,14.770211,12.842867,17.997347,16.379313,12.480059,15.819552,12.626508,18.93869,15.374148,18.704298,20.224783,18.868917,21.008928,22.858835,21.739256,18.686571,15.728422,12.747756,10.3510685,9.567517,7.2268553,7.388645,6.5978327,10.314358,10.84648,14.827381,15.011452,14.532691,13.19327,9.805098,12.59128,9.475115,12.767509,14.035145,16.682673,21.506094,20.595018,17.6445,22.08659,16.952547,21.161272,20.78625,24.160982
30,23.644047,19.695593,18.747625,14.954471,11.9106455,13.54461,7.9689927,11.912247,8.416747,11.620072,12.720894,15.744923,16.781403,15.587697,14.086533,11.424561,12.702886,8.867021,13.936815,11.111947,14.9558935,18.19898,19.054693,14.367291,17.785036,12.933185,14.748707,11.804424,5.19514,4.9348106,0.0,6.4495964,9.795797,13.170186,14.209745,17.322493,19.951933,18.433594,16.127113,13.208746,12.8670435,9.747957,6.99646,8.56309,5.9103894,9.764129,9.833449,13.416699,16.15131,17.393902,15.826263,18.233522,17.974516,17.123194,14.475907,14.927949,11.78686,14.854578,18.113533,17.490166,13.937718,16.574306,13.347724,13.741529,15.283923,14.061482,17.135204,15.315937,20.567848,20.012548,16.349709,19.096275,15.214564,20.831244,15.899235,19.38376,19.774302,17.597153,19.219261,20.557419,18.943167,16.33687,12.739751,10.040497,9.465408,7.293581,8.744763,9.182868,10.450975,14.190693,15.057002,18.938824,19.675838,19.144276,18.121881,14.722133,17.39873,13.667607,16.943132,17.157787,19.431507,24.352638,22.750916,19.885052,24.29067,18.99583,22.753395,22.604647,25.262962
31,29.059309,24.920877,24.555096,20.255342,17.737488,19.14546,14.076152,16.990911,12.263444,15.080084,13.623419,17.59015,19.896776,18.165983,18.253084,14.609654,17.037579,12.954659,17.555933,14.774363,17.789642,21.932705,21.771181,17.070295,21.219318,17.093967,18.10442,14.413455,10.026288,6.171892,6.4495964,0.0,8.689727,9.245869,11.458481,14.606798,16.209703,14.862568,11.389979,7.6341743,9.725728,5.9240103,6.6238647,8.886568,9.3760805,13.146254,14.669605,17.982347,20.765383,22.749645,21.59965,24.388935,24.273119,23.544968,20.618315,20.517971,16.847393,19.844496,22.30022,21.19093,18.067305,18.62458,14.798879,13.7321005,14.404158,11.566319,13.481914,10.305414,15.810731,15.581756,11.669933,13.323276,9.093326,14.395156,9.694632,13.469914,14.434406,13.059935,15.456722,17.162191,16.667192,13.87964,10.655331,8.354911,5.9322863,7.5962214,6.2664,10.412772,11.085929,14.964108,16.164553,20.059734,19.56346,19.065538,16.572235,12.825786,15.240336,10.696556,15.363032,14.359193,18.046888,23.115324,20.84732,17.622469,20.746712,14.620566,18.222204,17.184994,19.894173
32,32.31753,28.673004,26.706917,23.116674,20.178001,19.688404,14.921758,14.371625,9.366466,9.489446,7.110353,11.908717,14.987484,14.634182,16.145485,14.253128,18.423498,15.957442,21.538242,20.118963,23.926888,27.308311,28.434278,23.88079,27.509727,22.720144,23.787521,20.357876,14.8374195,12.7966585,9.795797,8.689727,0.0,6.0934362,4.7744412,7.8352027,10.7171955,9.647418,8.655719,8.275411,6.5407877,9.406613,7.2322965,13.280311,10.976268,17.033504,18.392265,21.89249,25.05026,25.819252,23.663797,26.065454,24.608242,22.881468,19.172503,18.143011,15.783839,19.439737,20.387655,21.14603,18.934849,20.014528,15.303974,16.222519,14.003369,14.899275,15.939644,14.303575,18.633984,20.607933,18.230116,19.542768,15.36406,18.544325,13.077384,17.294065,16.0015,13.535749,15.158914,14.940518,14.696131,13.89125,8.260268,9.131949,10.899285,11.521733,14.204146,17.655293,18.927423,22.858265,23.605581,27.59424,27.310686,25.86909,24.249851,20.600428,23.588127,19.357578,23.994732,22.767555,26.221708,31.308105,28.53331,25.41851,28.10227,21.825552,24.550663,23.18778,24.628353
33,35.50482,31.69791,30.20217,25.991316,23.625534,23.045723,18.853163,18.471418,13.200747,14.208433,9.63761,13.934962,17.698757,16.304447,18.885382,15.924095,20.519314,17.915672,22.948435,21.907352,25.17174,29.065228,29.805773,25.567225,30.048285,25.546646,26.994585,23.350922,18.109991,15.121073,13.170186,9.245869,6.0934362,0.0,5.156812,6.105788,8.232301,8.87441,5.6852055,5.2770586,8.367893,10.92341,11.231634,16.445583,15.609925,21.04757,22.54052,26.055473,29.044384,30.349155,28.527634,30.871489,29.843107,28.029709,24.740536,24.04456,21.51125,25.090628,26.249563,26.537428,24.150679,24.553724,19.85839,19.692286,17.523733,16.833689,16.842283,13.853343,18.034924,20.19991,17.562273,17.194624,13.001232,14.397549,8.351712,12.063879,10.143494,7.9307218,9.97256,9.955103,10.895604,10.203014,5.7191844,7.7283263,9.06912,11.768512,13.696165,18.572365,20.159204,24.037111,25.408527,29.289968,28.590885,27.762703,25.067263,21.373198,23.632315,18.823336,23.719995,21.164783,25.04004,29.982193,26.474796,23.386473,24.856665,18.514156,20.432846,18.704533,19.446127
34,37.05141,33.36703,31.456486,27.782846,24.920286,24.30632,19.68399,18.696598,13.764149,13.221605,9.620677,14.296205,17.983381,17.72979,20.123158,18.209702,22.76471,20.34424,25.804981,24.425774,28.04538,31.6704,32.517235,27.9174,31.657143,27.043879,27.686695,24.01948,19.138508,16.426224,14.209745,11.458481,4.7744412,5.156812,0.0,4.249131,5.9998045,5.191751,5.208374,7.202212,5.5947857,10.822425,10.252385,16.13682,14.812241,20.707321,22.5876,25.994333,29.249826,30.173063,28.074888,30.666658,29.101273,27.41763,23.503454,22.084364,19.66741,23.172148,23.382563,24.15091,22.41971,22.460125,17.581673,18.121483,14.711073,15.831635,15.615497,14.052264,17.415827,20.447063,18.829987,19.297544,15.49297,17.070704,12.30154,16.514776,14.790355,12.869312,14.676804,13.817623,14.8663025,14.849761,9.595083,11.723706,13.284678,15.137117,17.110561,21.378992,22.378521,26.26725,26.959023,30.91765,30.094397,28.395056,26.410276,22.82407,25.75476,21.58668,26.5987,24.955938,28.91293,33.94758,30.868946,27.693155,29.489277,23.010757,25.23283,23.19252,24.15419
35,39.27502,35.73154,33.525818,29.79632,27.218685,25.888977,21.946945,19.94324,15.224314,14.350209,9.546438,13.467786,17.552916,17.277376,20.627583,18.921118,23.990713,22.151886,27.461916,26.801996,30.381254,33.934433,35.126877,30.82451,34.93303,30.202255,31.393936,27.806862,22.442732,19.936268,17.322493,14.606798,7.8352027,6.105788,4.249131,0.0,4.6023564,6.6022406,7.124502,9.797617,9.716209,14.818922,14.302365,20.225248,18.64143,24.63315,26.205307,29.69344,32.86446,33.63835,31.406616,33.638874,31.943687,29.782541,26.125614,24.844006,23.036766,26.666018,26.794886,27.979132,26.26269,26.604082,21.725208,22.370447,18.820597,19.955544,19.441515,17.582792,20.675291,23.939371,22.25224,21.988958,18.190197,18.621025,13.567224,16.98162,14.198932,12.043827,13.130206,11.327956,12.845788,13.917442,9.2901,12.552061,14.937088,16.86294,19.584255,24.073921,25.600445,29.528286,30.556957,34.510246,33.791813,32.37573,30.136501,26.500496,29.146482,24.62496,29.59164,27.259336,31.104061,36.059883,32.492443,29.444588,30.748718,24.458017,26.031555,24.08116,24.22811
36,42.81266,39.103657,37.22858,33.410534,30.713686,29.87205,25.518433,24.109411,19.249655,18.43009,14.018413,18.06342,22.122095,21.826307,25.029335,23.05642,27.948803,25.664797,30.929098,29.76326,33.16288,36.996075,37.652317,33.137043,37.112404,32.650185,33.1411,29.324867,24.830011,21.693998,19.951933,16.209703,10.7171955,8.232301,5.9998045,4.6023564,0.0,3.9370828,5.6555567,9.66889,9.58985,15.100621,15.695857,21.147797,20.525354,26.201202,28.358967,31.71004,34.98884,36.055836,34.01167,36.66195,35.044277,33.28544,29.33285,27.734413,25.394032,28.790718,28.503101,29.28958,27.895988,27.182701,22.339325,22.47789,18.379309,19.380716,17.92745,16.350807,18.349623,22.298971,21.430233,20.716675,17.58117,16.877022,13.36685,16.795675,14.486666,13.451406,15.092425,13.474331,15.977524,16.894327,12.856531,15.779857,17.194225,19.899113,21.421623,26.31824,27.249458,31.052073,31.832428,35.710186,34.43884,32.692024,30.267654,26.811861,29.472046,25.340458,30.533312,28.302458,32.606785,37.48051,34.008095,30.879337,31.59995,25.196455,26.626966,23.986433,24.14143
