,0,1,2,3,4,5,6,7,8,9,10,11,12,13,14,15,16,17,18,19,20,21,22,23,24,25,26,27,28,29,30,31,32,33,34,35,36,37,38,39,40,41,42,43,44,45,46,47,48,49,50,51,52,53,54,55,56,57,58,59,60,61,62,63,64,65,66,67,68,69,70,71,72,73,74,75,76,77,78,79,80,81,82,83,84,85,86,87,88,89,90,91,92,93,94,95,96,97,98,99,100,101,102,103,104,105,106,107
0,0.0,4.5182285,6.8720818,10.026579,12.970411,15.068157,18.097738,22.511667,25.449932,28.927076,33.35547,34.685905,34.85141,34.503773,28.776653,28.489693,24.732748,23.906971,20.121595,18.515434,18.239607,13.1808195,15.916548,19.646404,18.163534,15.659168,21.606365,22.935791,23.074703,22.733606,24.639013,28.418081,28.636776,33.687286,34.4184,37.08721,39.04357,37.617268,38.821056,35.907364,37.1015,31.134981,33.019535,29.125227,30.528126,27.458794,26.572706,28.45157,31.175299,35.507614,35.77767,37.16223,41.87562,42.708088,41.62321,39.003452,40.222088,41.173286,46.80978,43.73142,40.275284,40.627865,38.044434,38.56511,37.43657,38.57405,35.662937,33.466698,29.004654,30.02969,29.012482,32.803226,32.41977,36.738487,36.099503,41.875652,41.794357,45.589787,44.80215,46.97935,44.711628,40.884926,38.27829,34.512657,32.79727,28.588785,27.175974,23.06,21.888689,20.080967,17.523594,21.325594,23.792221,23.936281,27.250679,30.464018,30.331758,36.28453,36.33074,41.904438,41.653183,40.145348,37.46109,34.583553,30.437069,28.180553,24.550415,22.29527
1,4.5182285,0.0,5.373583,6.5967655,9.387441,11.887971,14.609351,19.373882,21.850412,25.840633,29.752043,31.427895,31.625309,31.035145,25.547976,24.667057,21.10701,19.74242,15.960219,14.091995,13.823502,8.704917,12.015358,15.585481,14.71022,12.221205,18.06222,18.908764,18.718782,18.28756,20.164793,24.025755,24.447926,29.362345,30.279606,32.923798,34.88598,33.39985,34.435566,31.514633,32.595444,26.62745,28.568058,24.661337,26.270798,23.440147,22.929024,24.939407,27.275599,31.793343,31.695032,33.064556,37.73915,38.4657,37.233665,34.557972,35.817722,36.715897,42.374237,39.40297,35.917656,36.466084,33.944805,34.717873,33.70793,35.1666,32.55676,30.403471,25.986094,26.722052,25.047983,28.861664,28.18787,32.576916,31.786018,37.64029,37.537247,41.293854,40.595264,42.89367,40.787415,37.083817,34.22219,30.594501,28.65348,24.649471,23.09224,18.831093,18.037027,16.465055,14.414762,18.412071,20.572727,21.388182,24.378979,27.510384,26.978897,33.0112,32.69732,38.30243,38.052834,36.795353,33.979492,31.598867,26.967203,25.165232,21.314634,19.47937
2,6.8720818,5.373583,0.0,4.884453,6.9679418,9.377311,11.702665,15.967448,19.090073,22.290123,27.12111,28.089449,28.549496,28.554426,22.810154,22.83485,19.38991,18.687012,16.179668,14.247019,15.669063,11.070297,15.816705,18.934853,18.534172,15.166618,20.569975,20.959412,20.752235,18.81144,21.69378,23.847374,24.859732,29.546629,29.571053,32.628983,34.05319,32.389595,34.024654,30.98746,33.09175,27.022425,29.04989,25.95818,27.166578,25.171658,23.899681,27.132097,29.364902,33.98495,33.05494,35.256405,39.531315,39.481075,38.496845,35.717964,36.297855,36.84306,42.27862,38.86079,35.47964,36.036938,33.921726,34.32956,34.17297,34.59249,32.182156,30.999357,25.974224,25.917858,25.00514,28.166023,27.668085,31.688173,30.952164,36.47582,36.23108,40.10336,39.085632,41.0003,38.50453,34.529095,32.299633,28.348772,27.166395,22.530323,21.93362,18.20143,17.155533,16.270214,13.595825,17.543892,19.11019,18.965637,21.79409,24.815361,24.854969,30.523046,30.538574,36.132347,35.57287,33.93635,31.212376,28.329473,24.285131,21.811832,18.479364,15.780159
3,10.026579,6.5967655,4.884453,0.0,4.198616,5.355029,8.992415,12.873052,15.577901,19.351429,23.362814,24.958382,25.058996,24.600292,19.027098,18.514408,14.949736,14.188298,11.314627,9.844627,11.4106655,7.680846,12.816139,15.932426,16.871447,14.214757,19.099548,18.601852,17.43057,15.230186,17.399185,19.27952,19.993273,24.771866,24.875319,27.837824,29.422153,27.909067,29.511368,26.59919,28.67936,22.876972,25.357544,22.191757,24.180239,22.730614,22.337736,25.517332,26.981316,31.83766,30.364685,32.24862,36.515472,36.38182,34.90335,31.946037,32.765915,33.03814,38.52393,35.401688,31.939821,33.136642,31.246056,32.18296,32.282757,33.26407,31.389362,30.257011,25.432186,24.864515,22.740791,25.809875,24.558138,28.663084,27.358591,33.034122,32.43998,36.233086,35.15546,37.24347,34.88283,31.157454,28.740236,24.971388,23.763546,19.172367,19.024496,15.047891,15.11759,14.9888315,13.340873,17.39799,18.262848,19.08374,21.205894,23.97056,23.420414,29.054077,28.39238,34.045235,33.304573,32.058315,29.052715,27.062595,22.242237,20.462385,17.014065,14.727698
4,12.970411,9.387441,6.9679418,4.198616,0.0,5.6814084,5.2264686,10.615143,12.797046,16.908985,21.038254,22.392487,23.15304,22.95345,17.71235,16.766798,14.053572,12.228147,11.11746,8.304957,11.339591,8.27267,13.939035,15.817944,16.711014,13.414657,17.494888,16.67603,15.890047,12.692031,16.292719,17.393127,19.38472,23.469072,23.418741,26.640541,27.75255,25.817556,27.376553,24.233072,26.636597,20.5216,22.61778,20.099594,21.355068,20.396347,19.439169,23.40754,24.809122,29.622705,27.662582,30.235083,34.14113,33.530693,32.4593,29.58572,29.855234,30.150572,35.496895,32.05177,28.67603,29.56247,27.769495,28.45981,28.929829,29.451834,27.737387,27.102005,22.077147,21.056337,19.253048,22.029932,21.06389,25.011774,24.04731,29.565737,29.268202,33.14003,32.183662,34.17163,31.829393,27.93921,25.427965,21.571226,20.24338,15.682965,15.2734165,11.615998,11.341787,11.674923,10.125179,13.971897,14.346054,15.212613,17.084696,19.79698,19.242289,24.863262,24.297606,29.946373,29.27993,27.981333,25.03565,22.968721,18.147783,16.403477,12.833437,10.821179
5,15.068157,11.887971,9.377311,5.355029,5.6814084,0.0,7.1214366,8.262344,11.285003,14.61151,18.515606,20.160519,19.884924,19.44617,13.738843,13.822015,10.0808,10.6810875,9.007491,8.933641,11.782358,10.347862,15.316882,17.978046,20.171549,17.87137,21.823217,20.362501,18.31649,14.941361,16.701923,16.40532,17.011976,21.607832,20.824335,23.99039,25.271894,23.897675,26.10241,23.358536,26.343473,21.07979,24.133493,21.689291,24.176855,23.94545,23.895859,27.623793,28.274824,33.252457,30.753933,32.804676,36.691677,35.922173,34.101143,30.929892,31.483353,31.109495,36.351578,33.26457,29.875174,31.825949,30.582092,31.762083,32.7734,33.488384,32.32094,31.946037,27.061718,25.483534,22.86606,25.137394,23.217896,26.923323,24.977472,30.377289,29.1614,32.89798,31.39905,33.29057,30.695646,27.06932,25.187256,21.396093,21.094595,16.020935,17.654291,14.277772,15.441132,16.612854,15.6062355,19.268162,18.98132,19.837542,20.969263,23.198946,22.585289,27.591436,26.492472,32.051857,30.795,29.651976,26.47032,25.086735,20.157902,18.587675,15.855714,13.292585
6,18.097738,14.609351,11.702665,8.992415,5.2264686,7.1214366,0.0,6.757626,8.185819,12.383345,16.607046,17.630249,18.96501,19.121016,14.378824,13.3427,11.812624,9.625141,11.316129,8.4944105,12.989928,11.798244,17.205744,18.052816,19.599558,16.347288,19.040583,17.392006,16.389101,11.690332,16.129831,14.996115,18.157679,21.301018,20.53186,24.075497,24.486465,22.21361,24.111578,20.870281,24.189894,18.241037,20.283934,18.984016,19.830393,20.2132,19.021748,23.899097,24.673664,29.418203,26.383337,29.639103,32.923767,31.459167,30.557745,27.657898,27.203102,27.074738,32.080544,28.329914,25.110695,26.194065,24.983793,25.575989,27.0701,26.918379,25.889074,26.283457,21.157297,18.94839,17.187836,18.956171,17.824205,21.254011,20.213053,25.337906,24.929903,28.85073,27.730358,29.463268,26.963232,22.925714,20.701567,16.675056,15.917009,10.927259,11.738878,9.217347,9.504608,11.465894,10.72417,13.580812,12.432794,13.2705555,13.930702,16.095173,15.522433,20.613302,19.841301,25.448633,24.469196,23.152643,20.120802,18.370552,13.4305935,11.831877,8.750645,6.798802
7,22.511667,19.373882,15.967448,12.873052,10.615143,8.262344,6.757626,0.0,4.462837,6.4784136,11.504968,12.181728,12.801399,13.38045,8.199842,9.279571,8.016158,9.10649,12.200812,11.897326,16.317972,16.50622,21.447672,22.663774,25.244991,22.605925,25.068323,22.812473,20.806551,15.755186,18.618418,14.794462,17.16177,19.975004,17.633461,21.366932,21.272015,19.403275,22.432869,19.67082,24.30329,19.608925,22.479998,21.9671,23.685028,25.195602,24.632673,29.527279,29.501932,34.26479,30.366932,33.43676,36.338196,34.27951,32.80985,29.67937,29.051222,27.960617,32.476543,28.928722,25.923851,28.168219,27.912498,28.822193,31.334984,30.882519,30.663397,31.775629,26.80395,23.757483,21.581758,22.233416,20.1985,22.790588,20.712805,25.137186,23.577868,27.313215,25.3693,26.646732,23.594877,19.69439,18.825674,14.779113,16.120659,10.447416,14.720544,13.437903,15.041507,17.753014,17.364155,19.81263,17.87194,18.29526,17.804789,19.000233,18.638947,22.276909,20.990305,26.178888,24.283531,23.03102,19.852303,18.97624,14.58049,13.157354,12.162258,9.664907
8,25.449932,21.850412,19.090073,15.577901,12.797046,11.285003,8.185819,4.462837,0.0,5.747534,8.42276,9.997597,11.172937,11.285061,7.798984,6.5996175,7.6278133,6.949521,12.01463,11.50267,16.04616,17.347685,21.788578,22.09377,25.084671,22.802605,24.224342,21.42287,19.208328,13.814849,16.712248,11.617797,15.088735,16.821331,14.430983,18.26287,17.75314,15.49369,18.395348,15.541325,20.4845,16.083675,18.875256,19.128412,20.762733,23.106527,22.892979,27.833542,27.198793,31.811878,27.335148,30.528461,33.025063,30.59691,29.093155,25.993664,25.089931,23.76298,28.118004,24.6101,21.6629,24.24641,24.337303,25.514938,28.428421,28.170275,28.523058,29.89961,25.32916,21.816572,18.98044,19.067602,16.547976,18.829414,16.443054,20.766613,19.12478,22.872307,21.028532,22.462086,19.632124,15.820409,14.473143,10.5263195,11.914962,6.3819604,11.703188,11.352957,13.768877,17.104202,17.647976,19.488022,16.904028,18.111418,16.797178,17.4645,16.45826,19.682318,17.709946,22.771185,20.823004,20.067307,16.693277,17.022644,11.956014,11.912616,11.171193,10.321135
9,28.927076,25.840633,22.290123,19.351429,16.908985,14.61151,12.383345,6.4784136,5.747534,0.0,7.0230827,5.9033704,7.4469852,9.461278,6.632261,9.046957,10.444443,12.176636,16.857906,16.999374,21.437212,22.470255,27.08546,27.732347,30.653584,28.135803,29.766441,27.074133,24.951477,19.526724,22.210564,16.327944,19.132177,20.378946,16.747837,20.508074,19.207561,17.2757,21.036064,18.710632,24.457993,20.95622,23.677423,24.53731,25.956606,28.618494,28.036678,33.282837,32.658905,37.1392,32.35347,35.7983,37.922565,34.994534,33.604534,30.573732,29.202274,27.390892,31.030277,27.419483,24.928226,27.65659,28.365742,29.197542,32.808723,31.655405,32.29411,34.384464,29.66255,25.742691,23.768372,23.08451,20.848087,22.185675,19.823425,22.921494,20.753586,24.191803,21.681337,22.225761,18.690815,14.81633,15.555038,11.814252,15.212421,10.208531,16.391897,16.809639,18.71752,22.04568,22.11689,23.733297,20.922989,21.109533,19.388248,19.472672,19.278643,21.135548,19.543196,23.921003,21.296711,20.140556,17.11938,17.275059,14.001043,13.234272,14.2199545,12.526299
10,33.35547,29.752043,27.12111,23.362814,21.038254,18.515606,16.607046,11.504968,8.42276,7.0230827,0.0,4.898871,4.713381,4.4983535,6.929376,6.573377,10.536372,11.872404,17.240065,18.225096,22.030647,24.580118,28.181503,28.14787,31.93239,30.32305,30.963459,27.584095,24.730576,19.668053,20.897482,13.455775,16.076708,15.63508,11.232514,14.728654,12.6722975,10.896873,15.10775,13.500715,19.730524,17.972132,21.020433,22.627533,24.762865,28.377981,28.900421,33.57793,31.89918,36.155277,30.733412,33.61199,35.243786,32.047905,30.000832,26.949528,25.697096,23.139606,26.282925,23.439043,21.177366,25.182234,26.578176,28.219082,32.15176,31.854088,33.32673,35.371044,31.433098,27.264788,23.909859,22.672808,19.313475,20.010862,16.496038,18.981478,15.710954,18.698668,15.802759,16.585604,13.341934,10.540188,11.310101,9.055616,13.072236,10.093609,16.711775,17.764025,20.840242,24.512644,25.610613,26.924625,23.777985,25.094233,22.780119,22.348751,21.172304,22.305218,19.464193,23.139162,20.310192,20.356237,17.20904,19.704739,15.800244,16.992983,17.838701,17.640621
11,34.685905,31.427895,28.089449,24.958382,22.392487,20.160519,17.630249,12.181728,9.997597,5.9033704,4.898871,0.0,4.652412,7.616709,9.092649,10.772131,13.897322,15.4110985,20.77642,21.20548,25.44716,27.259476,31.436363,31.533777,34.816753,32.610073,33.454674,30.365679,28.065367,22.656507,24.886528,17.786596,20.766165,20.466503,16.099852,19.511007,17.10979,15.23417,19.339256,17.655478,23.982813,21.850702,24.358639,26.295383,27.59619,31.164366,30.857208,36.088966,34.8233,38.978195,33.51669,37.03335,38.443817,34.874447,33.445606,30.576765,28.702108,26.248585,28.953657,25.5709,23.649601,26.937342,28.508644,29.469173,33.843536,32.47412,33.92769,36.609,32.364735,27.919996,25.751984,24.06781,21.52699,21.711779,19.018375,20.685537,17.866867,20.774233,17.776676,17.626276,13.772637,10.33986,12.806473,10.224877,15.073259,11.805357,18.495571,20.01753,22.301119,25.962305,26.58518,27.625437,24.302319,24.725903,22.174088,21.400875,20.994303,21.292395,19.161137,22.462881,19.289742,18.673483,15.930721,17.720215,15.316695,15.733835,17.666073,17.010065
12,34.85141,31.625309,28.549496,25.058996,23.15304,19.884924,18.96501,12.801399,11.172937,7.4469852,4.713381,4.652412,0.0,3.9469545,6.6846776,9.542213,12.246604,15.276947,19.901924,21.395035,25.15759,27.350397,31.153736,31.692188,35.455067,33.69525,34.873688,31.664095,28.764053,23.719784,24.747114,17.538143,19.117271,19.161093,14.310004,17.438768,15.409012,14.452756,18.967125,17.810686,24.003183,22.506369,25.700842,27.076807,29.356823,32.7618,33.11345,37.89249,36.403584,40.744335,35.409676,38.23373,39.93662,36.73707,34.62355,31.55194,30.350946,27.67329,30.53722,27.783936,25.70614,29.686544,31.176682,32.633106,36.67399,36.01345,37.38578,39.578945,35.381413,31.20609,28.288414,27.067425,23.928473,24.515423,21.122793,23.164175,19.690966,22.315056,19.047016,19.176737,15.560033,13.145333,15.315694,13.218847,17.623356,14.253289,20.963186,21.756622,24.555393,28.104603,28.736061,30.27995,27.25244,27.976809,25.806137,25.37832,24.725958,25.554405,23.138836,26.556763,23.440678,23.115637,20.25448,22.179068,19.159246,19.552362,20.82665,19.79294
13,34.503773,31.035145,28.554426,24.600292,22.95345,19.44617,19.121016,13.38045,11.285061,9.461278,4.4983535,7.616709,3.9469545,0.0,6.0896916,7.337386,10.40078,13.521598,17.842031,19.918974,23.185102,25.99803,29.240353,29.696587,33.87599,32.64321,33.64345,30.224483,26.87884,22.243475,22.288643,14.944245,15.801604,15.691874,10.695123,13.671929,11.98176,11.504693,16.064756,15.22354,21.147352,20.211393,23.802708,24.900234,27.862741,31.288685,32.31235,36.597115,34.75684,39.124126,33.84166,36.09048,37.921196,35.023945,32.396908,29.219572,28.545792,25.76251,28.833698,26.608246,24.364485,28.880882,30.279894,32.239914,35.95203,36.08527,37.508373,39.242542,35.32915,31.36949,27.610186,26.691254,22.993778,23.87175,19.926212,22.386139,18.579594,21.086481,17.906162,18.657385,15.581793,13.792949,14.940533,13.313171,17.017277,14.100414,20.493528,20.935137,24.275911,27.783125,28.770365,30.48635,27.601578,28.951069,26.922543,26.683332,25.51479,26.80352,23.91451,27.471205,24.577219,24.72012,21.64118,24.092157,20.203672,21.134052,21.739275,21.061218
14,28.776653,25.547976,22.810154,19.027098,17.71235,13.738843,14.378824,8.199842,7.798984,6.632261,6.929376,9.092649,6.6846776,6.0896916,0.0,5.718965,6.089002,10.558534,14.002325,16.031357,19.52904,21.474325,25.262272,26.434341,30.220043,28.616446,30.512043,27.54103,24.406649,19.7144,20.284573,14.289737,14.952951,16.89421,12.948734,16.366106,15.936773,15.099642,19.11688,17.421007,22.779087,20.195232,23.91467,23.946451,26.908558,29.40148,30.035837,34.40677,33.2948,37.98908,33.379696,35.69889,38.227886,35.88241,33.46293,30.154636,29.815102,27.716177,31.635265,28.94707,26.219204,29.999376,30.618824,32.29724,35.385914,35.49135,36.144344,37.42795,33.01268,29.527998,26.151596,26.099285,22.844534,24.695213,21.262554,24.896027,21.881207,25.00016,22.280436,23.365852,20.223312,17.408838,17.647316,14.72022,17.516022,12.999035,18.92838,18.316803,21.235325,24.367674,24.746584,27.017187,24.653809,25.664885,24.395464,24.84415,23.993395,26.433155,24.146082,28.573801,26.017872,25.52151,22.271387,23.285172,19.015953,18.901697,18.806969,17.207373
15,28.489693,24.667057,22.83485,18.514408,16.766798,13.822015,13.3427,9.279571,6.5996175,9.046957,6.573377,10.772131,9.542213,7.337386,5.718965,0.0,4.694601,6.2073116,10.861805,12.654951,15.943827,18.890104,22.066866,22.399294,26.541515,25.443459,26.510878,23.149223,19.728426,15.201753,15.318359,8.656205,10.287873,11.697542,8.454446,12.197686,12.128639,10.7641,14.152451,12.125677,17.176882,14.549042,18.42751,18.514925,21.794447,24.59566,25.853827,29.835943,28.246744,32.856483,28.123556,30.182081,32.664825,30.45857,27.826153,24.486286,24.401915,22.392553,26.639585,24.21337,21.272913,25.318783,25.808002,27.952192,30.766783,31.665306,32.51774,33.450493,29.533594,26.152311,21.814772,21.901003,18.10014,20.230104,16.436476,20.669653,17.818579,21.05486,18.856592,20.710398,18.280863,15.707451,14.298498,11.755601,13.296907,9.659653,14.945531,14.362423,18.011368,21.27915,22.470554,24.492208,22.043064,24.051775,22.632833,23.08181,21.429842,24.23257,21.333635,25.861898,23.720703,23.836815,20.383661,22.254917,16.942484,17.980442,17.169718,16.825453
16,24.732748,21.10701,19.38991,14.949736,14.053572,10.0808,11.812624,8.016158,7.6278133,10.444443,10.536372,13.897322,12.246604,10.40078,6.089002,4.694601,0.0,5.963407,7.984452,10.728631,13.655845,16.048433,19.367903,20.670124,24.72066,23.635517,25.663689,22.712658,19.20778,15.166797,14.851963,10.316505,10.218365,13.719546,11.463498,14.74065,15.709262,14.864267,17.834492,15.794279,19.881323,16.57837,20.633083,19.491407,23.171846,24.98043,26.248127,29.931076,28.856668,33.715343,29.710222,31.38626,34.502827,32.94804,30.20823,26.792292,27.29137,25.730095,30.405474,28.01895,24.854742,28.517714,28.429783,30.494562,32.646057,33.784134,34.020588,34.377125,30.178926,27.3853,23.183788,24.13361,20.634953,23.461134,19.992472,24.767366,22.234898,25.535505,23.482431,25.403318,22.935003,20.189873,18.718885,15.8004,16.70859,12.365557,16.64744,14.799123,18.119738,20.828117,21.477694,24.175789,22.39748,24.202768,23.579252,24.634377,23.225529,26.847195,24.391348,29.329657,27.392914,27.14758,23.687405,24.598038,19.200258,19.387955,17.89509,16.701263
17,23.906971,19.74242,18.687012,14.188298,12.228147,10.6810875,9.625141,9.10649,6.949521,12.176636,11.872404,15.4110985,15.276947,13.521598,10.558534,6.2073116,5.963407,0.0,6.1481147,6.601945,10.181093,13.1199665,16.345238,16.4212,20.364103,19.29544,20.432772,17.202986,13.860766,9.396761,10.152301,6.040641,8.929054,11.78282,11.268618,14.592409,15.561238,13.758095,15.502866,12.686643,16.017544,11.400203,15.110191,13.910091,17.235775,19.141354,20.506,24.1958,23.02056,27.846289,23.82225,25.782429,28.900356,27.422127,25.022911,21.68912,22.107714,21.08312,26.174812,23.579445,20.19498,23.353504,22.849678,24.997604,26.800564,28.355986,28.563013,28.676527,24.773628,22.114311,17.393513,18.66283,15.148085,18.494667,15.409173,20.86949,19.218216,22.77187,21.50105,23.900497,22.00022,19.08563,16.1478,13.2734585,12.390369,8.749264,11.310381,9.213034,13.041217,15.880705,17.293348,19.594315,17.739307,20.390448,19.713268,20.862543,18.848396,23.00105,20.367897,25.500422,24.153482,24.182371,20.694847,21.816263,15.690776,16.680405,14.4043255,14.528616
18,20.121595,15.960219,16.179668,11.314627,11.11746,9.007491,11.316129,12.200812,12.01463,16.857906,17.240065,20.77642,19.901924,17.842031,14.002325,10.861805,7.984452,6.1481147,0.0,4.879759,5.8196096,9.07756,11.477732,12.94122,17.231215,16.961657,19.199732,16.51742,12.708471,10.3724375,8.777334,9.341485,8.6940975,13.736725,14.528589,16.982046,19.200857,18.207436,19.387075,17.010098,18.670082,14.170325,17.985662,14.871614,19.162186,19.509863,21.544418,24.056702,23.293701,28.285055,25.479387,26.295767,30.270561,29.94769,27.108658,23.769007,25.33543,24.827394,30.282108,28.214397,24.68694,27.635649,26.451017,28.780272,29.437647,31.85265,31.386894,30.394964,26.619732,25.048517,20.129732,22.573597,19.301342,23.265669,20.37452,26.175327,24.657913,28.019464,26.936974,29.569515,27.856262,25.15359,22.108625,19.394373,17.967312,14.598154,15.540244,11.948615,15.187276,16.794245,17.786512,20.907364,20.214853,22.94368,23.300392,25.09213,23.154282,28.054918,25.712889,31.001253,29.952343,29.893305,26.453716,26.984846,20.851894,21.262037,18.220886,17.743046
19,18.515434,14.091995,14.247019,9.844627,8.304957,8.933641,8.4944105,11.897326,11.50267,16.999374,18.225096,21.20548,21.395035,19.918974,16.031357,12.654951,10.728631,6.601945,4.879759,0.0,4.834237,6.669984,10.3727045,10.837992,14.194314,13.030503,15.110246,12.590935,9.698793,6.5502834,8.170874,9.998477,11.924151,15.8511,16.944302,19.688732,21.354671,19.614183,20.374016,17.428558,18.89493,13.101792,15.946024,12.852439,15.877708,15.780655,17.05664,20.09463,19.914839,24.939606,22.337013,23.947926,27.919207,27.5285,25.496101,22.380348,23.443174,23.535656,29.124691,26.503748,22.9416,24.901056,23.262472,25.151907,25.533943,27.688269,26.872705,25.822655,21.85997,20.504559,16.005337,18.872297,16.341007,20.627869,18.650032,24.636217,23.989983,27.593697,26.936953,29.54602,27.903936,24.782648,21.283178,18.293625,16.01281,12.78208,12.018517,7.8185916,10.52818,11.917355,13.059452,16.080172,15.572001,18.522547,19.156376,21.207054,19.236889,24.621527,22.669289,28.125874,27.504047,27.257322,23.96532,23.951136,17.806332,18.146196,14.5425205,14.6048565
20,18.239607,13.823502,15.669063,11.4106655,11.339591,11.782358,12.989928,16.317972,16.04616,21.437212,22.030647,25.44716,25.15759,23.185102,19.52904,15.943827,13.655845,10.181093,5.8196096,4.834237,0.0,5.3143806,6.223783,7.1785984,11.520413,12.001937,14.165997,11.892692,8.277787,8.308977,6.6033187,11.738122,11.85722,16.311468,18.538027,20.54196,22.986269,21.730875,21.823587,19.277924,19.302658,14.095091,16.959452,12.5591755,16.581062,15.471763,17.929594,19.40832,19.092577,24.059917,22.37944,22.716862,27.247562,27.830322,25.284105,22.233814,24.321941,24.737988,30.493439,28.541634,24.945248,27.006721,25.000399,27.305279,26.777618,29.993265,28.97552,26.983114,23.67063,23.15093,18.069782,21.541208,18.86084,23.356846,21.266476,27.38036,26.751379,30.082052,29.686794,32.60867,31.344471,28.623844,24.794043,22.272593,19.532482,17.100883,15.605918,11.292077,13.783962,14.209208,15.536166,18.629543,18.837687,22.134993,23.136562,25.318089,23.114872,28.643194,26.54494,31.851173,31.470926,31.497082,28.232628,28.453896,22.221758,22.781918,18.984228,19.187971
21,13.1808195,8.704917,11.070297,7.680846,8.27267,10.347862,11.798244,16.50622,17.347685,22.470255,24.580118,27.259476,27.350397,25.99803,21.474325,18.890104,16.048433,13.1199665,9.07756,6.669984,5.3143806,0.0,5.6708226,8.26106,10.021995,8.972464,13.156504,12.339312,10.6642885,10.543995,11.46949,16.136082,16.777834,21.3253,23.008991,25.369068,27.525352,26.03242,26.460545,23.64223,24.085894,18.298365,20.497671,16.278965,18.871368,16.6937,17.749037,19.54144,20.576628,25.444319,24.556643,25.48901,30.138561,30.821484,29.017319,26.194042,27.839582,28.620718,34.369896,31.884096,28.31865,29.509436,27.13582,28.725752,27.856003,30.399515,28.622034,26.434252,22.588593,22.695446,19.006008,22.861732,21.213821,25.789219,24.458488,30.530836,30.310173,33.873703,33.445786,36.12503,34.53417,31.315868,27.753654,24.692905,22.075779,18.960768,16.989708,12.392617,13.229848,12.575177,12.684462,16.36459,17.497328,20.079926,21.97685,24.662718,23.043386,29.009241,27.683807,33.200523,32.98149,32.46914,29.379631,28.466188,22.739082,22.364044,18.262312,17.823195
22,15.916548,12.015358,15.816705,12.816139,13.939035,15.316882,17.205744,21.447672,21.788578,27.08546,28.181503,31.436363,31.153736,29.240353,25.262272,22.066866,19.367903,16.345238,11.477732,10.3727045,6.223783,5.6708226,0.0,5.0201635,7.8048344,9.784536,12.972511,12.326735,10.12665,12.669965,11.012592,17.68059,17.173552,21.658,24.400452,26.019438,28.790081,27.688433,27.375156,24.959414,24.00219,18.980896,21.089962,15.974536,19.397154,16.515932,19.008924,18.922918,19.538162,24.132034,24.161203,23.649448,28.729628,30.402689,28.072409,25.409912,28.038595,29.105257,34.914234,33.17805,29.63036,31.007261,28.376732,30.491287,28.790623,32.53803,30.797678,27.725044,24.852531,25.600128,21.069834,25.270683,23.29617,27.96669,26.447311,32.58159,32.380295,35.62605,35.51902,38.543026,37.42425,34.675823,30.670532,28.163649,25.029211,22.81814,20.309551,15.826013,17.089916,16.084166,16.897327,20.112194,21.497316,24.655191,26.488642,29.072338,27.018694,32.94506,31.256666,36.546005,36.5583,36.473507,33.372227,33.048862,27.05832,27.270924,23.1079,23.187342
23,19.646404,15.585481,18.934853,15.932426,15.817944,17.978046,18.052816,22.663774,22.09377,27.732347,28.14787,31.533777,31.692188,29.696587,26.434341,22.399294,20.670124,16.4212,12.94122,10.837992,7.1785984,8.26106,5.0201635,0.0,5.546775,8.643669,9.395501,8.127231,5.9716487,10.265402,8.845921,16.41591,17.038242,20.41712,23.783075,25.238638,27.796114,26.389414,25.36355,22.897678,21.117159,16.016401,17.333977,12.032795,15.093539,11.901461,15.207151,14.447446,14.617389,19.188799,19.340136,18.692465,23.79983,25.689362,23.567839,21.140614,23.8575,25.356253,31.126621,29.54376,26.09251,27.096329,24.225748,26.513868,24.395609,28.769115,27.223179,23.875803,21.684017,22.59885,17.510895,21.8666,20.000443,24.653065,23.50772,29.538889,29.845966,32.934517,33.312275,36.495026,35.81299,33.267914,28.746626,26.680252,22.81702,21.686087,18.07196,14.000045,15.330146,14.283055,16.127148,18.530766,19.718176,23.55857,25.041187,27.393637,24.89835,30.683151,28.804714,33.796078,34.175613,34.429653,31.46845,31.61138,25.542402,26.445396,22.251734,23.299595
24,18.163534,14.71022,18.534172,16.871447,16.711014,20.171549,19.599558,25.244991,25.084671,30.653584,31.93239,34.816753,35.455067,33.87599,30.220043,26.541515,24.72066,20.364103,17.231215,14.194314,11.520413,10.021995,7.8048344,5.546775,0.0,5.0317044,6.4662285,7.9843154,9.155175,13.1201725,13.888835,21.0197,22.323957,25.580593,28.742676,30.440079,32.729702,31.018013,29.995558,27.286707,25.58446,20.048744,20.415016,15.565445,16.680185,12.04776,13.893998,12.463341,14.477101,18.496454,20.07414,19.962029,25.037401,27.259706,26.148745,24.204178,26.457228,28.538788,34.187115,32.21524,28.90207,28.77206,25.374735,26.932888,23.98401,28.07521,25.693611,21.647346,19.594803,21.67525,17.975855,22.760532,22.091839,26.710016,26.513266,32.384644,33.33206,36.53121,37.125797,40.17698,39.43409,36.565475,32.02157,29.720022,25.623901,24.460358,19.928051,15.988896,15.760262,13.406154,14.663196,16.77109,19.005875,22.491776,24.700304,27.378433,25.219795,31.27299,30.086243,35.029015,35.824203,35.767033,33.097275,32.426136,26.890955,27.340836,22.935884,24.01386
25,15.659168,12.221205,15.166618,14.214757,13.414657,17.87137,16.347288,22.605925,22.802605,28.135803,30.32305,32.610073,33.69525,32.64321,28.616446,25.443459,23.635517,19.29544,16.961657,13.030503,12.001937,8.972464,9.784536,8.643669,5.0317044,0.0,5.9578843,8.074876,10.334433,12.214197,15.218497,21.055206,23.24504,26.541515,28.957191,31.20641,33.011154,30.947618,30.446857,27.38677,26.73095,20.504427,20.724617,16.672613,16.669756,12.407662,12.14907,12.840501,15.722275,19.86873,20.773008,22.16874,26.792837,28.148525,27.701199,25.691381,27.011557,28.986282,34.567307,31.869925,28.574448,27.96333,24.626322,25.486855,23.058914,25.915298,23.166243,19.72453,16.605356,18.595886,16.17529,20.868586,20.899603,25.441015,25.704252,31.47727,32.60808,36.080017,36.49492,39.243153,38.138924,34.83757,30.613514,27.861576,24.041893,22.31314,17.718126,13.829549,12.465195,9.5231,9.990723,12.352137,15.022694,17.991661,20.618484,23.538242,21.837292,28.065018,27.43401,32.544785,33.314903,32.81553,30.275484,28.845697,23.744658,23.61703,19.172935,20.03819
26,21.606365,18.06222,20.569975,19.099548,17.494888,21.823217,19.040583,25.068323,24.224342,29.766441,30.963459,33.454674,34.873688,33.64345,30.512043,26.510878,25.663689,20.432772,19.199732,15.110246,14.165997,13.156504,12.972511,9.395501,6.4662285,5.9578843,0.0,4.1728864,8.549374,11.537728,14.721288,20.671064,23.663591,25.787727,28.768194,30.717701,32.3035,30.02722,28.744991,25.775475,24.219063,18.297535,17.339098,13.685256,12.354489,7.2313385,7.642816,6.915399,9.991965,13.942856,15.290862,16.827593,21.258186,22.874115,22.93371,21.400415,22.650475,25.195496,30.551786,28.100943,25.034899,23.812931,20.11128,21.127502,17.902355,21.79326,19.30008,15.2122345,13.396207,15.817836,12.673745,17.551428,17.915474,22.24698,23.07786,28.518917,30.269308,33.447445,34.44515,37.34637,36.80997,33.869583,29.11555,27.02136,22.438467,22.161793,16.42355,13.493445,12.312616,9.6405735,11.891604,12.505129,14.585461,18.510601,20.397175,22.832706,20.494722,26.336906,25.414526,30.001017,31.26041,31.264086,28.945276,28.270124,23.163694,24.035067,19.78863,21.871136
27,22.935791,18.908764,20.959412,18.601852,16.67603,20.362501,17.392006,22.812473,21.42287,27.074133,27.584095,30.365679,31.664095,30.224483,27.54103,23.149223,22.712658,17.202986,16.51742,12.590935,11.892692,12.339312,12.326735,8.127231,7.9843154,8.074876,4.1728864,0.0,4.895343,7.98666,11.103066,16.78242,20.05089,21.782755,24.845665,26.7239,28.25264,25.982061,24.587748,21.656836,20.073704,14.131712,13.354305,9.570878,8.89406,4.62125,7.142145,7.604373,8.464675,13.260383,12.98102,14.6075,19.017862,20.15955,19.666555,17.788326,19.12687,21.392914,26.898186,24.571682,21.370302,20.819616,17.415813,19.073889,16.598223,20.808277,19.168694,15.885684,13.960026,15.087683,10.272329,15.016188,14.490371,18.978745,19.31449,24.920069,26.42066,29.559456,30.522665,33.522724,33.09313,30.358524,25.47418,23.606373,18.924088,18.992851,13.406909,10.542568,10.561134,9.157158,12.276761,12.987136,13.919891,18.35809,19.483309,21.58014,18.815622,24.45972,22.929636,27.556087,28.58335,28.88662,26.362295,26.417456,20.839361,22.266863,18.170189,20.534075
28,23.074703,18.718782,20.752235,17.43057,15.890047,18.31649,16.389101,20.806551,19.208328,24.951477,24.730576,28.065367,28.764053,26.87884,24.406649,19.728426,19.20778,13.860766,12.708471,9.698793,8.277787,10.6642885,10.12665,5.9716487,9.155175,10.334433,8.549374,4.895343,0.0,5.6921473,6.273486,12.810718,15.373792,17.381187,20.707247,22.369616,24.287165,22.37123,21.026613,18.304594,16.622282,10.905017,11.574775,6.6399875,9.3195,7.4250927,11.254082,11.790462,10.832887,15.815211,14.375773,14.92535,19.499516,20.483362,18.670975,16.15302,18.230724,19.775517,25.537312,23.679224,20.244627,21.14621,18.40241,20.871363,19.32097,23.667425,22.760378,20.127108,18.033941,18.099693,12.145462,16.222168,14.13066,18.744614,17.80454,23.753653,24.418402,27.503986,28.15057,31.327288,30.876757,28.421753,23.589455,21.852724,17.502369,17.330444,13.020863,9.686374,11.618675,11.529691,14.509853,16.005135,16.18468,20.59229,21.246489,23.132957,20.20979,25.621193,23.420414,28.189034,28.68384,29.22357,26.338766,27.082918,20.94316,22.604897,18.682192,20.66089
29,22.733606,18.28756,18.81144,15.230186,12.692031,14.941361,11.690332,15.755186,13.814849,19.526724,19.668053,22.656507,23.719784,22.243475,19.7144,15.201753,15.166797,9.396761,10.3724375,6.5502834,8.308977,10.543995,12.669965,10.265402,13.1201725,12.214197,11.537728,7.98666,5.6921473,0.0,6.8782296,9.552363,13.726678,15.566383,17.642534,20.091423,21.292313,18.935047,18.476482,15.268411,15.61091,8.992311,10.330551,7.5545382,9.354086,9.889454,11.576863,14.801861,14.027676,18.960083,15.883674,18.155813,21.802769,21.245255,19.7935,16.960772,17.66866,18.445087,24.110205,21.39747,17.858406,19.069983,17.008831,19.085276,19.149015,21.953873,21.449442,20.290766,17.053474,15.663273,10.0090065,13.237207,10.819767,15.448965,14.275799,20.352186,20.747177,24.237816,24.426765,27.286188,26.343916,23.463102,18.962585,16.682934,12.737172,11.766263,7.987733,4.2700777,7.5202866,9.157362,12.085033,13.630787,12.670091,16.84295,16.90705,18.600863,15.798253,21.137394,18.891516,24.026485,24.081278,24.347383,21.289732,21.95704,15.653907,17.275604,13.571788,15.577708
30,24.639013,20.164793,21.69378,17.399185,16.292719,16.701923,16.129831,18.618418,16.712248,22.210564,20.897482,24.886528,24.747114,22.288643,20.284573,15.318359,14.851963,10.152301,8.777334,8.170874,6.6033187,11.46949,11.012592,8.845921,13.888835,15.218497,14.721288,11.103066,6.273486,6.8782296,0.0,7.9713655,9.187897,11.692434,15.180998,16.599863,19.004747,17.645552,16.623747,14.298446,13.044107,8.320186,11.39511,6.8973227,12.392376,12.847088,16.72023,17.766083,15.785341,20.549255,17.85787,17.735456,21.864574,22.24817,19.107416,15.926687,18.435482,18.732075,24.473959,23.143635,19.609077,22.289185,20.58499,23.660915,23.346905,27.39914,27.268478,25.485695,23.118465,22.086647,15.659261,18.560059,14.968266,19.200008,16.652502,22.640486,22.063261,25.01648,25.09696,28.36757,27.814318,25.769636,21.28297,19.768072,16.31873,15.749293,13.824285,10.748205,14.356656,15.586282,18.204493,20.198475,19.538706,23.633202,23.662981,25.178791,22.258501,27.092564,24.221611,28.977743,28.747555,29.518728,26.296986,27.847578,21.374914,23.230677,19.854855,21.275188
31,28.418081,24.025755,23.847374,19.27952,17.393127,16.40532,14.996115,14.794462,11.617797,16.327944,13.455775,17.786596,17.538143,14.944245,14.289737,8.656205,10.316505,6.040641,9.341485,9.998477,11.738122,16.136082,17.68059,16.41591,21.0197,21.055206,20.671064,16.78242,12.810718,9.552363,7.9713655,0.0,6.2664666,6.6599383,8.124054,10.633072,11.956819,10.146922,10.416688,7.7589183,10.05267,6.4773283,10.940317,10.273161,14.648434,17.558039,20.232141,23.033897,20.653044,25.141737,20.59247,21.82032,24.563208,23.08591,19.952677,16.50994,17.464222,16.1322,21.287222,19.562489,16.173674,20.257914,20.038168,23.057043,24.77768,27.42156,28.304535,28.20498,25.326094,22.659943,16.639757,17.557348,13.0243435,16.094286,12.1749935,17.667961,15.853104,18.962875,18.230618,21.255709,20.324417,18.423964,14.485353,13.149342,11.166923,10.458352,11.832889,10.743737,15.191808,18.02596,20.457605,22.078615,20.01887,23.530813,22.351274,23.030724,20.260738,23.833649,20.388916,24.876787,23.788488,24.722797,21.324587,23.861097,17.568924,19.890577,17.790508,19.121332
32,28.636776,24.447926,24.859732,19.993273,19.38472,17.011976,18.157679,17.16177,15.088735,19.132177,16.076708,20.766165,19.117271,15.801604,14.952951,10.287873,10.218365,8.929054,8.6940975,11.924151,11.85722,16.777834,17.173552,17.038242,22.323957,23.24504,23.663591,20.05089,15.373792,13.726678,9.187897,6.2664666,0.0,5.78937,7.888696,9.001449,12.17881,12.200222,12.698992,11.58177,12.594432,11.287831,15.92732,13.917118,19.48762,21.481295,24.880014,26.708305,24.282137,28.78891,24.986391,24.809187,28.030474,27.40416,23.38088,19.907885,22.043703,20.569918,25.494728,24.702229,21.474075,25.988403,25.693398,28.976963,30.174362,33.384697,34.038765,33.344837,30.546747,28.378313,22.218102,23.630928,19.100391,22.16595,18.001804,23.090752,20.605629,23.165794,22.078506,25.086123,24.163939,22.813972,19.611061,18.472471,17.28875,15.962235,17.785667,15.805769,20.093596,22.394855,24.427929,26.713633,25.207003,28.563564,27.853561,28.810253,26.230133,29.96836,26.576782,31.015263,29.73332,30.637615,27.195553,29.582663,23.360994,25.159002,22.931301,23.436394
33,33.687286,29.362345,29.546629,24.771866,23.469072,21.607832,21.301018,19.975004,16.821331,20.378946,15.63508,20.466503,19.161093,15.691874,16.89421,11.697542,13.719546,11.78282,13.736725,15.8511,16.311468,21.3253,21.658,20.41712,25.580593,26.541515,25.787727,21.782755,17.381187,15.566383,11.692434,6.6599383,5.78937,0.0,5.2476897,5.1035004,7.9212365,7.9733667,7.252342,7.1259937,8.003664,9.50704,13.8221855,13.605757,18.75521,22.008383,25.60156,27.456966,24.210129,28.193518,23.519657,23.41794,25.670233,24.346312,20.050463,16.676357,18.487019,16.285227,20.624775,20.460224,17.598587,22.895567,23.328142,26.961266,28.743803,32.03374,33.46851,33.280403,31.070467,28.409721,21.975094,22.417578,17.465504,19.564835,14.905035,19.128553,16.270294,18.258944,17.404057,20.65553,20.449831,19.985872,16.534863,16.66033,15.486654,15.923428,17.867962,17.26152,21.710073,24.43179,27.007505,28.566029,26.472937,30.071907,28.633295,28.974922,26.080366,28.862709,24.955149,28.627096,27.326473,28.8514,25.593637,29.0873,23.123898,25.801405,24.163364,25.445625
34,34.4184,30.279606,29.571053,24.875319,23.418741,20.824335,20.53186,17.633461,14.430983,16.747837,11.232514,16.099852,14.310004,10.695123,12.948734,8.454446,11.463498,11.268618,14.528589,16.944302,18.538027,23.008991,24.400452,23.783075,28.742676,28.957191,28.768194,24.845665,20.707247,17.642534,15.180998,8.124054,7.888696,5.2476897,0.0,3.8554792,4.7045383,5.0493717,7.609804,7.5619235,11.661576,12.576887,16.755072,17.358719,21.732115,25.297714,28.044136,30.831573,27.956907,32.068897,26.976414,27.763018,29.708223,27.633001,23.864412,20.560736,21.294992,18.557522,22.281284,21.49187,18.875818,24.305737,25.305693,28.476229,31.13324,33.351105,34.94891,35.518967,32.737583,29.476948,23.77412,23.556149,18.767197,20.27997,15.449619,18.972382,15.28031,17.405561,15.511107,18.160517,17.184238,16.652344,14.438389,14.339001,14.9217415,14.460751,18.31701,18.228243,22.559242,25.727882,27.873045,29.483896,26.982529,29.951473,28.176952,28.241962,25.785389,27.971628,24.154951,27.740545,25.818077,27.088352,23.808727,27.33537,21.858385,24.229387,23.337437,24.110851
35,37.08721,32.923798,32.628983,27.837824,26.640541,23.99039,24.075497,21.366932,18.26287,20.508074,14.728654,19.511007,17.438768,13.671929,16.366106,12.197686,14.74065,14.592409,16.982046,19.688732,20.54196,25.369068,26.019438,25.238638,30.440079,31.20641,30.717701,26.7239,22.369616,20.091423,16.599863,10.633072,9.001449,5.1035004,3.8554792,0.0,4.232257,6.507342,7.452226,8.902647,11.299228,14.00962,18.047533,18.556847,23.341764,26.922329,30.239048,32.41375,29.12151,32.9757,27.981712,28.006556,29.781715,27.978798,23.66218,20.481833,21.787844,18.881918,22.2058,22.339901,19.979769,25.763268,26.862568,30.380527,32.805763,35.57801,37.351215,37.669323,35.311913,32.228127,26.144041,25.96362,21.009703,22.332037,17.394306,20.455633,16.632305,18.02313,16.38366,19.188374,18.869442,19.15882,16.923365,17.524073,17.791895,18.028845,21.342031,21.206017,25.619776,28.627155,30.974257,32.553825,30.159512,33.373306,31.606394,31.63096,28.990284,31.046839,27.045109,30.27568,28.467379,30.058023,26.888405,30.766073,25.301512,27.894148,26.92168,27.850965
36,39.04357,34.88598,34.05319,29.422153,27.75255,25.271894,24.486465,21.272015,17.75314,19.207561,12.6722975,17.10979,15.409012,11.98176,15.936773,12.128639,15.709262,15.561238,19.200857,21.354671,22.986269,27.525352,28.790081,27.796114,32.729702,33.011154,32.3035,28.25264,24.287165,21.292313,19.004747,11.956819,12.17881,7.9212365,4.7045383,4.232257,0.0,3.5815437,6.1345363,7.939436,12.044564,14.856961,18.366732,20.010462,23.923544,28.091661,30.8699,33.630962,30.337614,34.029373,28.497246,29.282598,30.467861,27.878912,24.06477,21.065994,21.368061,18.001032,20.615147,20.44403,18.47056,24.384777,26.075613,29.336138,32.483406,34.56411,36.72314,37.70858,35.298763,31.72438,26.1025,25.151361,20.3394,20.852581,15.904352,17.972776,13.655523,14.842143,12.697318,15.21087,14.840514,15.566353,13.948899,15.12463,16.261633,16.93865,20.936665,21.653046,25.90164,29.238909,31.581993,32.799644,29.978678,32.93218,30.6961,30.294518,27.789795,29.049765,24.974884,27.723282,25.636042,27.350811,24.35213,28.671682,23.74146,26.5441,26.216558,27.310656
