,0,1,2,3,4,5,6,7,8,9,10,11,12,13,14,15,16,17,18,19,20,21,22,23,24,25,26,27,28,29,30,31,32,33,34,35,36,37,38,39,40,41,42,43,44,45,46,47,48,49,50,51,52,53,54,55,56,57,58,59,60,61,62,63,64,65,66,67,68,69,70,71,72,73,74,75,76,77,78,79,80,81,82,83,84,85,86,87,88,89,90,91,92,93,94,95,96,97,98,99,100,101,102,103,104,105,106,107,108,109,110,111
0,0.0,4.731945,6.40898,9.087285,12.367869,13.629699,17.51893,21.61739,23.612097,27.720484,32.012367,35.232716,36.650345,36.124023,34.473225,31.339863,30.773094,27.028774,26.704393,22.428053,26.19238,21.126259,24.990839,23.926758,22.329721,22.089045,17.455067,20.18137,19.754093,23.838825,24.57903,28.26439,33.839382,34.030323,37.410236,40.056534,42.173508,40.811085,37.166164,33.258533,34.85753,30.283787,30.234251,25.281458,25.725998,22.231524,23.128004,17.59293,20.5558,19.446476,23.343342,22.040556,27.422588,29.276464,29.357725,32.967667,30.527275,33.155384,37.22171,33.298588,30.424646,27.877958,23.987333,22.516964,17.742443,19.631796,16.97851,21.565598,24.787504,26.164108,28.153217,30.995747,30.597683,34.974926,34.54529,38.714577,39.463604,40.324444,42.200962,41.2052,37.607224,33.258556,31.640375,27.58128,26.717672,22.628515,18.141558,18.413273,14.737067,14.861803,10.953033,13.358681,11.114787,12.404744,14.711396,17.959238,18.047958,15.867078,17.61258,20.519463,22.668161,24.469421,27.694948,29.866602,32.4414,29.080145,26.919085,21.908081,20.48615,18.191166,14.718689,14.187575
1,4.731945,0.0,5.2706428,6.2084675,9.077605,11.99477,14.433344,19.6523,20.916624,25.888542,29.532751,33.15992,34.705055,33.9932,32.95409,29.392195,29.113222,25.043468,24.78711,20.491732,24.067278,19.659536,22.903286,21.123116,19.736809,18.746677,13.64095,16.471722,15.938328,20.42956,21.182343,25.28991,30.862812,31.750473,34.685352,37.669044,39.672535,37.95356,34.55457,30.671274,31.540003,26.80395,26.730043,21.375645,21.676302,17.993284,18.818056,13.20041,15.993237,14.777774,18.612902,17.458414,22.748053,24.783298,25.020893,28.739332,26.536846,29.427532,33.51378,29.90141,27.086128,24.548847,20.43282,19.396149,14.163226,17.397856,14.5355015,18.942251,21.479647,22.327238,24.018158,27.136095,26.82744,31.341566,31.185545,35.381428,36.52161,37.657574,39.819786,39.196335,35.76549,31.470236,29.607952,25.657974,24.22311,20.970825,15.579143,16.066292,12.121103,12.222442,8.684674,11.109341,10.893148,12.305138,15.3289,18.288994,18.637499,16.867704,17.26658,20.948465,22.097061,24.41742,26.748392,29.32267,32.08636,29.31975,27.030588,22.752386,20.745594,19.447456,15.542407,16.26704
2,6.40898,5.2706428,0.0,5.058557,7.0415463,8.083109,11.811821,15.8855505,18.01483,22.052145,26.767893,29.755768,31.745047,31.517641,30.45979,27.41623,27.654367,23.775677,24.452862,20.65658,24.965843,21.08466,25.066393,23.474865,23.121164,21.886677,16.708551,18.31609,16.520851,21.456629,20.533384,25.30111,29.785942,30.700575,33.643497,36.316357,38.859226,37.327843,34.101837,30.471174,31.238647,27.056503,26.162743,21.239897,22.977089,19.074154,21.077236,15.408324,18.764938,17.29902,20.354912,17.884197,24.008953,24.752882,25.273018,28.707546,25.653515,28.270536,31.952555,27.772146,25.13656,21.971699,18.169912,16.272444,11.874322,13.314028,11.404941,15.76099,19.428144,20.679678,22.741148,25.159126,24.688433,28.906815,28.432997,32.56103,33.213993,34.13957,36.098843,35.324306,32.02368,27.761639,26.468271,22.5094,21.725937,18.393694,13.977775,15.756343,12.356267,14.017986,11.200774,14.954981,13.743841,13.952917,16.540558,19.147799,18.368977,15.884497,15.712142,18.434439,19.35305,20.944841,23.706287,25.517704,27.784655,25.180834,23.200373,18.602022,17.608091,16.311375,13.096193,14.582077
3,9.087285,6.2084675,5.058557,0.0,3.756845,6.4331355,8.763779,13.725317,14.8875885,19.90638,23.372839,27.0144,28.499504,27.838594,26.928806,23.421265,23.498678,19.412083,19.842146,15.989603,20.17114,16.764097,20.500233,18.737692,18.955112,17.492634,12.503706,13.461965,11.617284,16.410196,15.813462,20.341536,25.218613,26.175533,29.062101,31.914408,34.21759,32.58526,29.316778,25.618109,26.408417,22.099752,21.4792,16.61271,18.182236,14.482605,16.737291,11.261609,15.333222,14.887326,17.491255,14.550957,20.381939,21.209776,21.029001,24.411459,21.61555,24.118877,28.160608,24.262587,21.353277,19.117317,15.3070345,14.6183,10.770182,13.906642,13.140789,16.825546,19.840668,19.838636,20.960718,23.43861,22.287973,26.79699,26.036625,30.239185,31.16222,32.047867,34.063347,33.272167,29.69576,25.385885,23.407818,19.461987,18.057281,14.896237,9.57442,10.972705,7.4485683,9.407249,7.4934497,11.728694,11.413511,11.191936,14.101368,16.235447,15.743804,13.9358015,12.616597,16.374582,16.570631,19.076271,20.856089,23.573906,26.518404,24.123148,21.746449,18.297956,15.832888,15.620586,11.742378,14.160491
4,12.367869,9.077605,7.0415463,3.756845,0.0,5.260233,5.3559194,11.187707,11.957499,17.354052,20.809921,24.42882,26.368593,25.856527,25.594398,22.058382,22.794584,18.623623,19.748749,16.42086,20.631401,18.304886,21.674744,19.4742,20.376638,18.227392,13.181066,13.295281,10.377721,15.7848835,13.863147,19.323534,23.3187,25.044592,27.4249,30.391811,32.90772,31.05164,28.186808,24.743767,24.661932,20.627632,19.3694,14.39052,16.907837,12.937989,15.922629,10.767849,14.671349,13.944878,15.721882,11.961713,18.226898,18.258314,18.510769,21.79236,18.62708,21.25632,25.022041,21.051573,18.3481,15.590139,11.673599,10.932286,7.354241,10.985716,10.965658,13.993572,16.858282,16.47837,17.478981,19.751583,18.574448,23.055477,22.39104,26.595741,27.621395,28.676329,30.868011,30.382528,27.104107,22.91339,21.096296,17.333178,15.732709,13.708499,8.296828,11.054797,8.249262,10.962493,10.223048,14.233409,14.737992,14.271674,17.102535,18.79905,18.013409,16.276566,13.805838,17.300577,16.412157,18.800596,19.89112,22.411076,25.124634,23.467512,21.265419,18.444288,16.27666,16.88412,13.48699,16.719923
5,13.629699,11.99477,8.083109,6.4331355,5.260233,0.0,5.9933977,7.9894886,10.539578,14.122395,18.937622,21.740559,23.726871,23.701931,22.825924,20.077822,20.978456,17.321842,19.205101,16.480495,21.32566,19.077847,23.382202,21.972473,23.456137,21.82822,17.329424,16.668486,13.413494,18.067715,15.010988,20.1178,23.14215,24.098701,26.907213,29.260857,32.269184,30.934958,27.994774,24.79606,25.439087,22.160744,20.396812,16.67102,20.150928,16.643873,20.193176,15.418136,19.670519,19.173433,20.635088,16.24776,22.504026,21.534046,21.490656,24.221737,20.345634,22.201351,25.62149,20.987572,18.331354,15.584713,12.653218,11.133434,10.039516,10.400978,12.363459,14.979787,19.06819,19.060976,20.215975,21.481876,19.736881,23.741766,22.272243,26.326048,26.537748,27.010855,28.685503,27.594414,24.054317,19.746216,18.429995,14.475973,14.076481,10.93129,7.937948,11.424453,9.797986,13.331318,12.726107,17.363468,16.252857,14.865047,16.912333,18.239887,16.370794,14.03194,11.343041,13.4777775,12.68187,14.238237,16.186264,17.979832,20.442223,18.488775,16.447393,13.303823,11.906673,12.551143,10.074967,13.908153
6,17.51893,14.433344,11.811821,8.763779,5.3559194,5.9933977,0.0,6.921934,6.801742,12.648382,15.833069,19.405138,21.703356,21.388237,21.830156,18.44109,20.049454,16.053118,18.272127,16.044075,20.286674,19.522003,22.676441,20.418976,22.5319,19.964405,15.626458,14.0904045,9.94385,15.075524,10.869287,17.126638,19.481583,21.88155,23.721367,26.602314,29.488111,27.56716,25.205381,22.249546,21.38722,18.168056,15.887386,11.722329,15.976723,12.372578,16.504368,12.628853,16.42554,16.093555,16.354849,11.228229,17.371872,15.69631,15.931386,18.605412,14.637323,16.890436,20.268122,15.96064,13.411555,10.4187,6.9356575,6.7631464,6.7483344,9.531735,12.017824,13.332889,16.074223,14.710604,14.975323,16.265676,14.221969,18.549744,17.35982,21.544939,22.446848,23.413807,25.622707,25.25522,22.128143,18.077438,16.334648,12.872304,11.140908,10.753458,6.565202,10.896348,9.920811,13.414248,14.094541,18.069147,18.760609,17.631788,20.060787,20.985134,19.662294,18.138857,14.250948,17.101006,14.695,16.902876,16.812586,19.151346,21.717285,21.062027,19.05846,17.632168,15.584956,17.480297,14.917,19.076767
7,21.61739,19.6523,15.8855505,13.725317,11.187707,7.9894886,6.921934,0.0,4.5029764,6.2496567,11.767172,13.933656,16.636847,17.20592,17.342701,15.272435,17.666533,14.716981,18.296217,17.43306,22.027996,21.977856,25.806799,24.385254,27.287409,25.175795,21.53232,19.1768,14.956535,18.71261,13.059932,18.425734,18.563421,20.235119,22.22467,24.169647,27.820755,26.56715,24.4613,22.186604,21.877089,20.146505,17.024406,15.243886,20.502783,17.757963,22.302406,19.027636,23.04311,22.965101,22.826674,17.338375,22.941837,19.953978,19.793167,21.384941,16.623096,17.420273,19.880867,14.726621,12.594667,9.972695,9.290123,8.41115,12.090114,10.918007,15.698863,16.008394,19.690754,18.561663,18.75418,18.375196,15.422558,18.603518,16.030441,19.756718,19.372923,19.389866,20.83322,19.650717,16.187525,11.967038,11.114407,7.633618,8.12876,7.796666,8.778742,13.313254,13.935308,17.903399,18.8589,23.261753,22.718908,20.745857,22.301952,22.557402,20.14201,18.369202,13.931588,14.665467,11.258133,12.051695,11.783278,12.839691,14.918401,14.945611,13.4194765,13.26803,12.374699,15.205675,14.413761,19.058279
8,23.612097,20.916624,18.01483,14.8875885,11.957499,10.539578,6.801742,4.5029764,0.0,7.0234566,9.117693,12.696595,15.108276,15.060174,16.249033,13.360127,16.11448,12.901684,16.533848,16.097975,20.088966,21.097942,24.08796,22.271456,25.639793,23.119148,19.97417,16.944456,12.532545,15.8628645,9.447677,15.213759,14.844779,17.556276,18.862389,21.288042,24.724648,23.037004,21.270945,19.151773,17.884348,16.313152,12.838605,11.404644,17.106833,14.795289,19.54632,17.246187,20.961569,21.37007,20.471767,14.793375,19.651846,16.237267,15.713459,17.005148,12.212333,12.93883,15.652516,10.699673,8.252264,6.5770903,6.4386454,7.8813148,12.121492,12.854266,17.234058,17.093561,19.612356,17.373308,16.553696,16.1527,12.518853,15.988625,13.304517,17.16591,17.479591,17.809925,19.664997,18.989391,15.637657,11.703687,9.734472,6.8357754,5.1745095,7.857347,8.00923,12.33227,13.536925,17.244787,19.013302,22.924759,23.353785,21.500027,23.250921,23.224623,21.319332,20.199604,15.210567,16.865307,12.779499,14.573347,12.566978,14.721245,17.273104,17.9125,16.188208,17.086594,15.054024,18.382463,17.01171,21.719418
9,27.720484,25.888542,22.052145,19.90638,17.354052,14.122395,12.648382,6.2496567,7.0234566,0.0,7.9884686,8.12747,11.693583,13.263367,14.165468,13.541881,16.99909,15.3602085,19.821396,20.386696,24.518654,25.687017,29.259455,28.121243,31.727942,29.602661,26.617819,23.53623,19.287182,21.96143,15.466291,19.882084,17.447937,19.152342,20.449615,21.592344,25.779482,24.900372,23.566275,22.287626,21.6132,21.448805,17.643042,17.899137,23.70328,21.73517,26.496996,24.124044,27.947676,28.14124,27.276905,21.57613,26.363752,22.291779,21.911407,22.416607,17.424295,16.91021,18.103413,12.858662,11.725882,10.286168,12.139482,11.9218445,17.252323,15.213924,20.73326,19.967623,23.285635,21.715477,21.320066,19.652313,16.001318,17.83011,14.14712,16.991924,15.564682,14.63547,15.361043,13.60352,9.975683,5.830204,6.4614706,5.003324,7.64093,9.748696,13.467658,17.457651,19.08888,22.989523,24.484083,28.76291,28.172514,25.868397,26.981997,26.63174,23.878376,22.41956,17.648226,17.129477,12.777729,12.412684,10.3677,9.893433,11.066802,13.221293,12.561022,14.906697,14.727105,18.336323,18.693077,23.340622
10,32.012367,29.532751,26.767893,23.372839,20.809921,18.937622,15.833069,11.767172,9.117693,7.9884686,0.0,5.5576353,6.6954203,6.799108,10.181205,8.805507,13.094756,12.213487,16.75594,18.74326,21.54584,24.627329,26.956543,25.813425,30.279203,28.015438,26.358398,22.249146,18.443201,19.246649,12.664024,15.37177,10.451829,13.157733,13.125686,14.402905,18.533447,17.411276,16.88548,16.53771,14.92855,16.319782,12.257407,15.104017,20.738268,20.19728,24.825096,24.172392,27.636494,28.85855,27.093878,21.568682,24.57491,20.17732,18.535898,17.809477,13.512171,11.331717,12.336922,8.146825,7.158914,10.359029,13.401374,15.671733,20.891556,21.013638,25.961979,25.054472,27.051657,24.12114,22.26271,20.527824,15.90627,17.493021,13.285549,15.499789,14.908999,13.825346,14.584031,13.160939,9.297465,6.8204336,3.3357964,5.6405697,5.526314,10.958163,14.683335,17.404045,20.158352,23.47507,26.11853,29.651459,29.97867,27.609905,28.6207,27.56609,25.417439,25.044422,19.646584,20.049356,14.95168,16.10016,11.300567,13.12065,15.522197,17.946623,16.778181,20.664595,18.52241,22.855507,22.584383,27.253757
11,35.232716,33.15992,29.755768,27.0144,24.42882,21.740559,19.405138,13.933656,12.696595,8.12747,5.5576353,0.0,5.448385,8.18014,11.236078,12.240832,16.522272,16.572737,21.28387,23.434334,26.463593,29.282663,32.03129,31.132853,35.533382,33.38065,31.457905,27.53997,23.595137,24.701937,18.097055,20.723005,15.278502,17.135504,16.977097,17.064312,21.550846,21.066225,21.01969,21.227316,19.909504,21.793968,17.722977,20.480831,26.235289,25.461958,30.162136,29.14477,32.64709,33.474243,31.761879,26.130318,29.468822,24.659342,23.598766,22.691385,18.260893,16.0037,15.613274,11.647443,11.898733,13.453947,16.968393,18.149284,23.991562,22.614725,28.141897,26.764544,29.16463,26.712805,25.268196,22.765228,18.445738,18.869003,14.347332,15.5347805,13.463192,11.19812,10.682456,8.120951,3.7492564,3.137965,4.4213586,8.129072,10.221695,14.355919,18.992485,22.039577,24.636139,28.192848,30.489098,34.34281,34.137585,31.615726,32.398056,31.339981,28.704954,27.978605,22.862257,22.068762,17.154797,16.839684,12.509005,11.964994,12.69839,16.573446,16.399656,20.920141,20.170572,24.384518,25.05364,29.634106
12,36.650345,34.705055,31.745047,28.499504,26.368593,23.726871,21.703356,16.636847,15.108276,11.693583,6.6954203,5.448385,0.0,3.5902023,6.7124777,8.875332,12.891095,14.220548,18.679525,21.71359,24.098103,27.568527,30.060663,29.744165,34.48485,32.772972,31.677704,27.401312,24.018335,23.88107,18.088217,18.847685,12.937335,13.252016,13.333757,12.461764,17.057884,17.307451,17.182451,17.939909,17.77945,20.395975,17.006435,20.955727,26.078947,26.06033,30.520573,30.00942,33.712418,35.206432,33.572598,28.104612,30.872646,26.57213,24.498978,23.291777,19.573687,16.66615,16.885433,13.870699,13.480601,16.885557,20.006931,21.857126,27.13356,26.526165,31.765274,30.920813,33.315323,30.60672,28.831598,26.780552,22.18807,23.043728,18.564148,19.732393,18.128548,15.836891,14.972995,12.03915,7.610442,7.3138547,5.5722528,9.257473,10.9734335,14.29979,19.606352,21.598726,24.831863,28.03804,30.750334,34.312508,33.95406,31.194847,31.54386,29.94341,27.42013,27.289454,22.192978,21.301609,16.393173,16.550386,11.200938,11.911906,13.877025,16.941029,16.356056,21.792442,20.004097,24.49929,25.207645,29.558413
13,36.124023,33.9932,31.517641,27.838594,25.856527,23.701931,21.388237,17.20592,15.060174,13.263367,6.799108,8.18014,3.5902023,0.0,5.4708056,6.3569126,10.297356,11.828381,15.986779,19.380133,21.236391,25.2203,27.26867,27.022268,31.931883,30.301748,29.704988,25.22395,22.200665,21.34766,16.07514,15.875165,9.752852,9.800396,9.805297,9.127777,13.694531,13.865317,13.592731,14.482383,14.564137,17.442575,14.448944,18.993608,23.66616,24.124197,28.36722,28.324127,31.96379,33.85987,32.16821,26.912321,29.172052,25.243956,22.596256,21.269466,18.07161,14.949933,15.809388,13.379897,12.51303,16.997322,19.800804,22.260395,27.077944,27.340805,32.213707,31.645027,33.76146,30.747538,28.664,27.024162,22.306921,23.610443,19.322886,20.755016,19.834564,17.980543,17.60217,15.181702,10.962151,10.058021,6.817866,9.700419,10.2564,13.638076,18.514551,19.875948,23.376608,26.261791,29.296131,32.52524,32.458633,29.736866,30.070074,28.282068,26.110518,26.396297,21.207027,20.954887,16.037046,17.102974,11.355271,13.583148,16.441622,18.677067,17.535078,22.7879,20.06159,24.639149,24.858086,29.145119
14,34.473225,32.95409,30.45979,26.928806,25.594398,22.825924,21.830156,17.342701,16.249033,14.165468,10.181205,11.236078,6.7124777,5.4708056,0.0,4.9961767,7.337057,10.090932,13.969135,17.477089,19.63566,22.969654,25.735184,26.274225,30.993542,30.040035,29.531359,25.298836,22.647392,21.588896,17.235193,16.248667,12.391943,9.520944,11.962201,10.638914,14.80038,15.929746,14.271085,14.482947,16.984184,19.013716,16.887495,20.788712,24.965689,25.28337,29.377373,28.757849,32.90075,34.92365,33.912285,28.702177,31.511055,28.295675,25.38959,24.675714,21.493784,18.897867,20.635265,17.697475,16.065786,19.947788,21.96442,23.952812,28.139631,28.162508,32.87488,32.97415,35.758514,33.226154,31.60329,30.403936,25.827929,27.671814,23.440447,25.322912,24.167107,22.18803,21.5348,18.391457,13.5209675,11.790001,8.722461,10.016696,11.457171,12.096751,17.897432,18.607328,22.249937,25.049826,27.865177,31.209444,30.282337,27.267956,27.048716,24.973658,22.489094,22.900496,18.162354,17.112967,12.697276,13.557882,7.9600983,10.799046,14.523833,15.47836,14.046175,19.681208,16.618479,21.114292,21.806438,25.687885
15,31.339863,29.392195,27.41623,23.421265,22.058382,20.077822,18.44109,15.272435,13.360127,13.541881,8.805507,12.240832,8.875332,6.3569126,4.9961767,0.0,4.4039497,5.6504307,9.846852,13.257402,15.363978,19.009205,21.414343,21.571682,26.364342,25.199854,24.814684,20.44977,17.929758,16.627,12.469892,11.3363085,8.496481,6.1764607,9.29313,9.819282,13.496823,13.616894,11.23722,10.469832,12.880462,14.203619,12.303364,16.066229,19.999338,20.458963,24.448725,24.088322,28.134583,30.38015,29.33833,24.324055,26.872032,24.080715,20.87066,20.423655,17.51222,15.262888,17.959217,15.129218,12.819655,17.183573,18.645855,21.198772,24.806496,25.865284,30.078228,30.411562,32.8081,30.01527,28.190002,27.525475,22.98947,25.460373,21.61152,24.02617,23.670694,22.38385,22.56458,20.189293,15.436433,12.848028,8.604399,8.637911,8.309548,9.306664,14.016696,14.377764,18.150732,20.755974,23.86849,26.953287,26.628292,23.82259,23.984327,22.049988,20.083147,20.723639,15.6019945,16.025558,11.397467,13.77912,8.277239,12.777937,17.046057,17.387943,15.289075,19.782507,15.734513,20.221825,19.874403,23.933083
16,30.773094,29.113222,27.654367,23.498678,22.794584,20.978456,20.049454,17.666533,16.11448,16.99909,13.094756,16.522272,12.891095,10.297356,7.337057,4.4039497,0.0,4.436812,6.864888,10.904606,12.442137,16.132725,18.563963,19.501469,24.239752,23.742775,23.994045,19.769741,18.104298,15.881738,13.560875,10.646174,10.389213,5.5138655,10.358482,10.700246,13.267206,13.9335375,10.390378,8.918242,13.676661,14.364174,13.85492,17.27266,20.06481,20.888107,24.349865,24.058311,28.256367,30.901285,30.288755,25.686367,28.03321,26.11663,22.44191,22.30234,20.032238,18.103762,21.374023,18.87944,16.236237,20.557425,21.333927,23.890669,26.63787,28.155945,31.869905,32.770126,35.275208,32.603554,30.864958,30.710693,26.32137,29.184559,25.555359,28.161774,27.978848,26.770138,26.943628,24.43604,19.5713,16.859146,12.7587,12.025912,11.492678,10.435975,14.534077,13.501928,17.468319,19.481379,22.687447,25.396992,24.752256,21.829988,21.537098,19.169926,17.483068,18.75603,14.146022,14.834993,11.165813,14.1780615,9.608592,14.721458,19.412264,18.632257,16.149002,20.250458,15.362976,19.519909,18.949911,22.455544
17,27.028774,25.043468,23.775677,19.412083,18.623623,17.321842,16.053118,14.716981,12.901684,15.3602085,12.213487,16.572737,14.220548,11.828381,10.090932,5.6504307,4.436812,0.0,4.7534733,7.6097336,10.227958,13.411439,16.065187,16.319647,20.92857,20.053226,19.81704,15.63056,13.731469,12.054177,9.557023,7.779216,9.675162,7.2371693,11.455145,13.241891,15.639532,15.212974,11.553337,8.797034,12.521512,11.70858,11.143924,13.391264,16.292208,16.690752,20.28254,19.687178,23.958029,26.503712,26.02355,21.451075,24.09313,22.484306,18.962973,19.414019,16.995756,15.826977,19.736334,16.91116,13.80502,17.611969,17.726675,20.370085,22.581673,24.650661,27.98046,29.065136,31.426582,28.78937,27.157663,27.418184,23.262096,26.603703,23.37042,26.436197,26.678005,25.979713,26.718468,24.693043,19.955122,16.621347,12.358553,10.52851,8.943823,7.5449986,10.3323345,9.307984,13.2793,15.452527,18.725853,21.540756,21.310852,18.59116,18.859333,16.966377,15.538572,16.56736,11.525593,13.518716,9.730374,13.580971,9.699814,15.125746,19.847956,18.849037,16.099682,19.04373,13.870349,17.871967,16.468037,20.268616
18,26.704393,24.78711,24.452862,19.842146,19.748749,19.205101,18.272127,18.296217,16.533848,19.821396,16.75594,21.28387,18.679525,15.986779,13.969135,9.846852,6.864888,4.7534733,0.0,4.651662,5.755973,9.643501,11.771095,12.784851,17.424665,17.247765,18.059486,14.058419,13.591187,10.430727,11.007616,6.9480076,11.91939,8.6854725,13.113081,15.0995455,16.21851,15.830795,11.431488,7.7606163,13.123905,11.350385,12.631871,14.32624,15.383386,16.430637,19.086803,18.94487,23.093458,26.19559,26.076418,22.265291,24.263874,23.789116,19.779814,20.51808,19.113878,18.32458,22.686441,20.494644,17.269594,21.128521,20.593002,23.395037,24.54395,27.426592,29.994814,31.584726,33.72276,31.074831,29.39289,30.25577,26.34785,30.022627,27.157663,30.335733,30.937185,30.444075,31.321545,29.397848,24.68439,21.37095,17.101053,15.133986,13.221361,11.102358,11.943224,8.937222,12.7928915,13.760682,17.316736,19.28814,19.235247,16.65415,16.660616,14.391091,13.946786,15.87329,11.745991,14.706345,12.33383,16.568638,13.656143,19.170666,24.029816,22.35816,19.39843,21.628132,15.867215,19.167984,17.118486,20.150389
19,22.428053,20.491732,20.65658,15.989603,16.42086,16.480495,16.044075,17.43306,16.097975,20.386696,18.74326,23.434334,21.71359,19.380133,17.477089,13.257402,10.904606,7.6097336,4.651662,0.0,5.105034,5.938213,9.304624,9.950828,13.90194,13.850377,14.097393,10.7339115,10.774954,8.473159,10.495285,8.362441,14.957183,13.029425,17.037722,19.460773,20.583027,19.75223,15.486799,11.477891,15.6549835,12.326204,13.832961,13.403752,13.757423,14.04631,16.34836,15.38256,19.766768,22.759655,23.292103,19.86615,22.36497,22.726067,19.108719,20.728287,19.311605,19.50628,24.231531,21.705887,18.255749,21.00724,19.515066,21.959265,21.96546,25.32209,27.14137,29.256516,31.438025,29.153028,27.874699,29.333532,25.922663,30.050451,27.670708,31.241852,32.076057,31.953835,33.173523,31.480913,26.846008,23.091982,19.083706,16.2993,14.164784,11.039709,9.618218,5.393801,8.720817,9.226427,12.730776,14.697833,14.685439,12.277082,12.73664,11.0075445,11.158727,12.990531,9.344897,13.641936,12.277625,16.776026,15.217822,20.534,25.28924,23.06436,19.95336,20.761257,14.921189,17.440731,14.493128,17.250935
20,26.19238,24.067278,24.965843,20.17114,20.631401,21.32566,20.286674,22.027996,20.088966,24.518654,21.54584,26.463593,24.098103,21.236391,19.63566,15.363978,12.442137,10.227958,5.755973,5.105034,0.0,6.3388934,6.1968975,7.7923536,12.418764,12.911526,15.140607,11.643202,13.090951,8.571041,12.71861,7.9593205,15.233968,12.9308195,16.488857,19.013813,18.96487,18.095419,13.703274,9.686184,14.584843,11.41322,14.403803,14.898411,13.576184,15.295015,16.534195,17.139053,20.766182,24.447407,24.658525,21.974375,23.044308,23.988247,19.707272,20.899342,20.674637,20.57424,25.337528,23.808891,20.532042,24.177525,22.898165,25.895624,25.804886,29.758432,31.32823,33.34612,34.970955,32.26486,30.504513,32.107933,28.640121,32.679077,30.415964,33.75452,34.910954,34.839844,36.0824,34.530777,29.991795,26.605536,22.304113,20.125036,17.634466,15.586963,14.165392,9.934107,12.742688,11.963182,15.72323,16.27826,17.16661,15.268347,15.474508,13.370233,14.555282,17.066216,14.155036,18.188663,16.877943,21.306902,19.117516,24.600716,29.446075,27.443676,24.367891,25.644516,19.715126,22.189909,19.284454,21.529558
21,21.126259,19.659536,21.08466,16.764097,18.304886,19.077847,19.522003,21.977856,21.097942,25.687017,24.627329,29.282663,27.568527,25.2203,22.969654,19.009205,16.132725,13.411439,9.643501,5.938213,6.3388934,0.0,5.7640347,7.959203,10.138181,11.804063,12.984002,11.329146,13.283018,10.881535,15.263627,12.943489,20.3618,18.173643,22.151342,24.52925,24.963821,24.222466,19.798424,15.743985,20.195835,16.265806,18.70669,17.309492,15.806081,16.140297,16.903645,15.798078,19.794456,23.01301,24.415142,22.1554,24.288935,25.99062,22.467676,24.557789,23.83473,24.529692,29.436531,27.147186,23.678522,25.962662,23.816614,25.951866,24.64143,28.48465,29.258114,32.048187,34.144516,32.223564,31.239672,33.336975,30.410511,34.809555,32.836754,36.55822,37.59008,37.642715,38.96937,37.297554,32.639107,28.77597,24.9026,21.903856,19.855764,16.173668,13.624822,8.915455,10.096056,8.296113,11.075483,11.488182,11.240969,9.383232,9.451821,7.7623334,10.020398,12.624878,11.43206,16.049591,16.411888,20.707634,20.27094,25.381077,30.101051,27.169538,23.992456,23.729692,17.925898,19.16562,15.668668,16.9148
22,24.990839,22.903286,25.066393,20.500233,21.674744,23.382202,22.676441,25.806799,24.08796,29.259455,26.956543,32.03129,30.060663,27.26867,25.735184,21.414343,18.563963,16.065187,11.771095,9.304624,6.1968975,5.7640347,0.0,4.3836884,7.1527696,9.266867,12.858487,11.0809145,14.347491,10.232326,16.406393,12.774758,20.639158,18.999615,22.137562,24.899805,24.370216,23.224491,19.084467,15.201807,19.111998,15.014768,18.60065,17.530792,14.261927,15.90475,15.401697,16.177143,19.08991,23.035763,23.96134,22.617165,23.138165,25.584538,21.575602,23.415102,23.92809,24.623934,29.582617,28.285606,24.988476,27.93852,25.876194,28.670086,27.220913,31.917933,32.37636,34.929813,36.211594,33.757545,32.223034,34.56935,31.712025,36.07878,34.416794,37.964283,39.49391,39.7888,41.335026,40.034775,35.594086,32.00692,27.824858,25.276543,22.593597,20.205856,17.191107,12.610296,13.733412,11.152062,14.308825,13.050713,14.820932,13.987053,14.438567,13.013895,15.697318,18.363647,16.933687,21.570566,21.301603,25.736906,24.438107,29.791653,34.575665,32.127438,28.972223,29.159883,23.318998,24.844818,21.281347,22.573835
23,23.926758,21.123116,23.474865,18.737692,19.4742,21.972473,20.418976,24.385254,22.271456,28.121243,25.813425,31.132853,29.744165,27.022268,26.274225,21.571682,19.501469,16.319647,12.784851,9.950828,7.7923536,7.959203,4.3836884,0.0,5.28266,5.4083805,9.3544035,7.3557553,11.194262,7.2354817,14.090907,11.615836,19.608742,19.376802,21.826778,25.152603,24.821625,23.013435,19.318933,15.398025,17.67059,12.8485775,16.401964,14.381418,10.346639,12.032084,11.0710745,12.45631,14.972934,19.096447,19.760515,18.752966,18.875793,21.70311,17.869518,20.03562,20.849262,22.063662,27.069958,25.983402,22.783035,25.396936,23.078976,26.055979,24.31349,29.560715,29.728811,32.091484,32.869343,30.222555,28.550455,31.137224,28.561554,33.005566,31.759558,35.352448,37.233032,37.883503,39.766323,38.91201,34.783993,31.189331,27.07184,24.499374,21.359987,19.796701,15.739076,11.695154,12.279262,9.595757,13.031259,11.605954,14.864511,14.528726,15.931648,15.245761,17.652487,19.725582,17.691965,22.709566,21.882856,26.366127,24.861578,30.11251,34.714664,32.69161,29.5996,29.583967,24.004248,25.678537,21.820898,23.623678
24,22.329721,19.736809,23.121164,18.955112,20.376638,23.456137,22.5319,27.287409,25.639793,31.727942,30.279203,35.533382,34.48485,31.931883,30.993542,26.364342,24.239752,20.92857,17.424665,13.90194,12.418764,10.138181,7.1527696,5.28266,0.0,4.312289,8.500953,9.43346,13.811399,11.56121,18.207813,16.751534,24.727398,24.549818,27.093437,30.412622,30.061016,28.256435,24.578796,20.660524,22.757004,17.735332,21.087038,18.034966,13.520718,14.323714,12.028593,12.678359,14.376117,18.26332,19.909433,20.111166,20.256592,24.144888,20.993328,23.676414,24.610382,26.377907,31.377693,30.165407,26.974457,28.776138,25.869282,28.35757,25.473312,30.997616,30.185303,33.053112,33.703983,31.541521,30.321922,33.451385,31.47815,36.109043,35.3022,39.06279,41.068985,41.935947,43.979637,43.21866,39.12592,35.332424,31.421423,28.51065,25.489067,23.394623,18.594616,14.709429,13.918552,10.218932,12.251318,9.014113,13.0887,13.912562,15.562645,15.71545,18.834497,20.735882,19.907627,25.082592,25.09264,29.4403,28.754337,33.80392,38.299526,35.859024,32.74957,31.81116,26.485485,27.344913,23.14819,24.134005
25,22.089045,18.746677,21.886677,17.492634,18.227392,21.82822,19.964405,25.175795,23.119148,29.602661,28.015438,33.38065,32.772972,30.301748,30.040035,25.199854,23.742775,20.053226,17.247765,13.850377,12.911526,11.804063,9.266867,5.4083805,4.312289,0.0,5.60327,6.207341,10.731639,9.062374,15.490067,15.07282,22.687967,23.586403,25.554255,29.225761,29.111633,26.849007,23.584288,19.755217,20.56082,15.25788,18.302057,14.613954,9.752357,10.430646,7.7283707,9.18003,10.516829,14.700976,15.839732,16.137688,15.945931,19.969831,17.011267,19.903418,20.983454,23.099503,28.020794,26.98851,23.954182,25.531809,22.562443,25.270004,22.425198,28.329498,27.527678,30.036072,30.238457,27.783323,26.346745,29.551449,27.734161,32.34448,31.82264,35.55045,37.801872,38.9177,41.19182,40.794292,37.00546,33.30019,29.474129,26.675463,23.335976,22.107473,16.79177,13.625297,12.700049,9.535609,11.984374,9.493301,14.440586,15.199244,17.445566,17.801878,20.325378,21.774036,20.07341,25.356184,24.661243,28.994894,27.930326,32.859215,37.170803,35.237133,32.227192,31.41363,26.324095,27.557495,23.323713,25.012835
26,17.455067,13.64095,16.708551,12.503706,13.181066,17.329424,15.626458,21.53232,19.97417,26.617819,26.358398,31.457905,31.677704,29.704988,29.531359,24.814684,23.994045,19.81704,18.059486,14.097393,15.140607,12.984002,12.858487,9.3544035,8.500953,5.60327,0.0,4.8779354,7.995596,9.71875,14.152726,16.110289,23.11495,24.552439,26.644123,30.329313,31.032934,28.716814,25.527884,21.620268,21.880264,16.482155,18.241205,13.183819,10.063452,8.261656,6.7421174,4.392744,7.1557674,10.424513,12.473023,12.342907,14.108315,17.836067,16.008038,19.545261,19.532898,22.242552,27.03449,25.22389,22.198586,22.463724,18.912561,20.95391,17.361809,23.299294,22.081871,24.818584,25.255215,23.297812,22.488379,25.89238,24.51211,29.284252,29.011278,32.97516,35.1064,36.388332,38.80155,38.523975,34.909588,30.992516,27.633804,24.45291,21.31972,19.891407,13.740264,11.724227,9.431831,6.8274374,8.282664,7.006583,12.154381,13.161365,16.146147,17.325468,19.208323,19.756659,18.01913,23.273226,22.65542,26.656061,26.240774,30.649626,34.5824,32.659428,29.798904,28.230492,23.78705,24.693375,20.337273,22.262146
27,20.18137,16.471722,18.31609,13.461965,13.295281,16.668486,14.0904045,19.1768,16.944456,23.53623,22.249146,27.53997,27.401312,25.22395,25.298836,20.44977,19.769741,15.63056,14.058419,10.7339115,11.643202,11.329146,11.0809145,7.3557553,9.43346,6.207341,4.8779354,0.0,4.5359426,4.906403,9.744664,11.30337,18.275843,19.870777,21.781849,25.518095,26.244864,23.88424,20.774357,16.942957,17.055445,11.693114,13.533549,9.086123,6.2296796,5.3409076,5.8965893,5.6809483,9.214068,12.822049,13.31278,11.581439,13.064717,15.612918,12.771498,15.879279,15.78634,18.013065,22.952684,21.294209,18.170383,19.444326,16.518526,19.325249,17.200375,22.851486,22.851963,24.972343,25.527338,22.90795,21.445557,24.241642,22.08076,26.727926,25.94855,29.779675,31.836487,32.904022,35.17848,34.807716,31.115519,27.371786,23.715433,20.85599,17.45571,16.680828,11.099217,8.865398,8.216004,6.8267703,10.131347,10.319096,14.278818,14.14079,16.683123,17.000135,18.37596,19.209019,16.312344,21.443708,19.96197,24.160551,22.85567,27.539667,31.641151,30.132246,27.257322,26.688087,21.889965,23.651064,19.637846,22.30607
28,19.754093,15.938328,16.520851,11.617284,10.377721,13.413494,9.94385,14.956535,12.532545,19.287182,18.443201,23.595137,24.018335,22.200665,22.647392,17.929758,18.104298,13.731469,13.591187,10.774954,13.090951,13.283018,14.347491,11.194262,13.811399,10.731639,7.995596,4.5359426,0.0,5.8249083,6.425671,10.5858,16.162569,18.446535,20.176048,23.859884,25.311314,22.919537,20.11668,16.539059,15.902921,11.031912,11.253513,6.0470824,6.839102,4.079365,7.8605194,6.1926394,10.351931,12.825379,12.72596,9.146203,12.299743,13.184133,10.858834,13.997769,12.600469,14.968113,19.760565,17.453339,14.302691,15.03772,12.09297,14.9632635,13.615705,18.935297,19.680584,21.373991,22.219992,19.50839,18.08596,20.464022,18.045942,22.70815,21.742441,25.675798,27.562584,28.62668,30.93428,30.635962,27.090784,23.318924,19.914967,17.002499,13.576431,13.419541,7.6401606,7.301239,6.9914947,7.983638,10.958368,12.846114,15.786337,15.110094,17.686197,18.02443,18.428738,18.641697,14.889691,19.596275,17.416008,21.323742,19.858963,24.167356,27.984066,26.909885,24.219536,23.816223,19.48771,21.647818,17.981153,21.38884
29,23.838825,20.42956,21.456629,16.410196,15.7848835,18.067715,15.075524,18.71261,15.8628645,21.96143,19.246649,24.701937,23.88107,21.34766,21.588896,16.627,15.881738,12.054177,10.430727,8.473159,8.571041,10.881535,10.232326,7.2354817,11.56121,9.062374,9.71875,4.906403,5.8249083,0.0,7.027563,6.499069,13.792619,15.263837,17.024881,20.782217,21.351612,19.012873,15.8811245,12.109725,12.426359,7.1761036,9.639643,7.317181,5.3319936,6.8634124,8.745792,10.09103,13.290518,16.925013,16.401062,13.738934,14.518514,15.706538,11.715645,13.799544,13.81073,15.048752,20.088627,18.780737,15.604367,18.37559,16.458218,19.918457,19.350763,24.396421,25.47807,27.053736,27.735662,24.617752,22.575775,24.62751,21.660717,25.978882,24.574034,28.127125,30.032675,30.766462,32.785236,32.222424,28.39622,24.93407,20.88785,18.554789,14.978661,14.925052,10.885766,8.368868,9.913435,9.584747,13.547202,14.264772,17.261919,16.286459,18.151123,17.546904,18.498844,19.750338,16.000698,20.715582,18.447823,22.780842,20.441923,25.456758,29.770327,28.64602,25.774023,26.369455,21.218914,23.775335,20.281488,23.387306
30,24.57903,21.182343,20.533384,15.813462,13.863147,15.010988,10.869287,13.059932,9.447677,15.466291,12.664024,18.097055,18.088217,16.07514,17.235193,12.469892,13.560875,9.557023,11.007616,10.495285,12.71861,15.263627,16.406393,14.090907,18.207813,15.490067,14.152726,9.744664,6.425671,7.027563,0.0,6.8408875,10.03793,13.126577,14.308491,17.954636,19.880922,17.49833,15.155656,12.21847,10.803596,7.389821,5.696531,3.9475431,8.575107,8.121315,12.484888,12.439031,15.940569,18.257046,16.951603,12.306173,14.697686,13.087171,9.867515,11.358822,8.927572,9.818134,14.655794,12.247668,8.876442,11.750938,10.689087,14.463758,15.8839245,19.841555,22.281933,22.962341,23.998652,20.694172,18.561293,19.576727,15.929335,20.001455,18.023056,21.611677,23.195196,23.817806,25.837568,25.3719,21.75786,18.35361,14.534978,12.412848,8.5016775,10.494788,7.756705,8.474741,10.69324,12.786774,16.139715,18.538815,20.51889,18.976517,20.82597,20.27348,19.826328,20.187124,15.264874,18.932133,15.330142,19.053837,16.027622,20.427227,24.274988,24.09245,21.5899,22.844599,18.530598,21.839695,19.146303,23.25018
31,28.26439,25.28991,25.30111,20.341536,19.323534,20.1178,17.126638,18.425734,15.213759,19.882084,15.37177,20.723005,18.847685,15.875165,16.248667,11.3363085,10.646174,7.779216,6.9480076,8.362441,7.9593205,12.943489,12.774758,11.615836,16.751534,15.07282,16.110289,11.30337,10.5858,6.499069,6.8408875,0.0,8.044909,8.885395,10.686938,14.309624,15.018594,12.955204,9.628227,5.9832215,7.42011,4.4120226,6.540365,9.002501,9.890054,11.952162,14.687927,16.118183,19.37888,22.723293,21.561968,17.956964,18.64877,17.981611,13.4972725,13.860182,13.366314,12.725834,17.414396,16.317251,13.276361,17.837725,17.438774,21.197426,22.482819,26.382341,28.745598,29.716776,30.764671,27.356724,24.939009,25.898905,22.034752,25.680056,23.331888,26.390427,27.812061,27.929708,29.428814,28.454641,24.436869,21.454147,17.034328,15.624046,12.283546,13.201046,12.185882,10.249691,13.53803,14.356157,18.361744,19.805025,21.608173,19.78922,20.837708,19.315895,19.411644,20.894371,16.332851,19.924137,16.668262,20.799282,17.105112,22.296837,26.735098,26.179407,23.45415,25.616764,20.37957,23.848534,21.306448,24.842148
32,33.839382,30.862812,29.785942,25.218613,23.3187,23.14215,19.481583,18.563421,14.844779,17.447937,10.451829,15.278502,12.937335,9.752852,12.391943,8.496481,10.389213,9.675162,11.91939,14.957183,15.233968,20.3618,20.639158,19.608742,24.727398,22.687967,23.11495,18.275843,16.162569,13.792619,10.03793,8.044909,0.0,6.4137783,4.6121964,8.490106,10.612597,8.248217,7.473152,7.495877,4.9072185,8.169126,6.067498,12.030151,15.339212,17.038885,20.558477,22.041107,24.9716,27.675081,25.572468,21.178717,21.761997,18.867785,14.971528,13.43756,12.045898,9.072661,12.145935,11.6740885,9.774431,15.86782,17.496542,21.38631,24.731659,27.385904,30.9842,30.83215,31.779226,27.98744,25.120356,24.669651,20.13453,22.530943,19.38474,21.512543,22.521017,22.14643,23.25161,22.371826,18.844856,16.993,12.737401,13.356719,10.576618,14.3887615,15.95523,16.03354,19.485615,21.344433,25.06449,27.195969,28.635462,26.509874,27.405954,25.74219,24.889965,25.889355,20.67508,22.764143,18.27386,21.317131,16.146427,20.374949,24.127972,25.148102,23.078955,26.767635,22.515133,26.751633,25.291279,29.428278
33,34.030323,31.750473,30.700575,26.175533,25.044592,24.098701,21.88155,20.235119,17.556276,19.152342,13.157733,17.135504,13.252016,9.800396,9.520944,6.1764607,5.5138655,7.2371693,8.6854725,13.029425,12.9308195,18.173643,18.999615,19.376802,24.549818,23.586403,24.552439,19.870777,18.446535,15.263837,13.126577,8.885395,6.4137783,0.0,5.122265,6.4375825,8.411306,8.462072,5.1820903,5.134602,9.119278,11.407493,11.1713085,16.119884,18.528732,20.280329,23.483973,24.43692,27.996824,30.98544,29.652784,25.331518,26.450361,24.34287,20.219784,19.269503,17.895552,15.330301,18.375366,17.198732,14.959935,20.450825,21.675175,25.013632,27.989626,30.215826,33.849865,34.315605,36.029076,32.71599,30.31128,30.053211,25.52188,28.102657,24.627222,26.84131,27.178019,26.196104,26.607504,24.7104,20.408947,18.380705,14.029777,14.293123,12.688061,13.971799,16.86674,15.809306,19.76573,21.384083,25.070623,27.205465,27.63787,25.073523,25.170818,22.86826,21.849594,23.348158,18.586779,20.026937,16.095806,19.169495,14.075532,18.819523,23.127285,23.259077,20.9921,25.173018,20.401209,24.59852,23.581545,27.221664
34,37.410236,34.685352,33.643497,29.062101,27.4249,26.907213,23.721367,22.22467,18.862389,20.449615,13.125686,16.977097,13.333757,9.805297,11.962201,9.29313,10.358482,11.455145,13.113081,17.037722,16.488857,22.151342,22.137562,21.826778,27.093437,25.554255,26.644123,21.781849,20.176048,17.024881,14.308491,10.686938,4.6121964,5.122265,0.0,4.319863,6.0733595,4.524784,4.653024,7.1214743,6.780142,11.229607,10.377708,16.40598,18.968256,21.1334,24.28277,26.036186,28.976543,31.93245,29.879082,25.674873,25.897419,23.182262,19.101833,17.191988,16.388021,13.07835,15.233043,15.383962,13.976501,20.111485,21.991413,25.743673,29.215185,31.610945,35.371952,35.253017,36.32838,32.54429,29.628958,28.991207,24.389544,26.387894,23.016998,24.644854,25.301113,24.461369,25.006151,23.726492,20.182396,18.96175,14.866348,16.11516,14.134363,17.253225,19.674696,19.202559,22.932968,24.550442,28.365593,30.311237,31.445911,29.129337,29.577385,27.473843,26.609316,27.964703,22.975773,24.548664,20.223764,23.029758,17.556473,21.682486,25.445421,26.512632,24.55879,28.93436,24.580841,28.90787,27.823195,31.72012
35,40.056534,37.669044,36.316357,31.914408,30.391811,29.260857,26.602314,24.169647,21.288042,21.592344,14.402905,17.064312,12.461764,9.127777,10.638914,9.819282,10.700246,13.241891,15.0995455,19.460773,19.013813,24.52925,24.899805,25.152603,30.412622,29.225761,30.329313,25.518095,23.859884,20.782217,17.954636,14.309624,8.490106,6.4375825,4.319863,0.0,4.601055,6.0329504,6.732074,9.892659,11.058104,15.421685,14.496505,20.399586,23.130535,25.151651,28.390686,29.852842,33.026157,35.91727,33.99514,29.604763,30.132168,27.21471,23.303114,21.327616,20.212357,16.698807,18.13345,18.052296,16.960306,22.881887,25.102587,28.52156,32.372257,34.13485,38.262165,38.09102,39.519733,35.908054,33.1423,32.16206,27.453495,29.07184,25.340206,26.599236,26.661144,25.270613,25.176226,23.356209,19.770546,19.131317,15.444343,17.276045,16.24298,18.892372,22.398045,21.9626,25.85353,27.622208,31.322632,33.467205,34.049168,31.47801,31.539907,29.169573,27.968063,29.348644,24.52026,25.266415,21.01555,23.252935,17.624994,21.239885,24.777296,26.03687,24.360376,29.411243,25.339888,29.750883,29.259329,33.030987
