,0,1,2,3,4,5,6,7,8,9,10,11,12,13,14,15,16,17,18,19,20,21,22,23,24,25,26,27,28,29,30,31,32,33,34,35,36,37,38,39,40,41,42,43,44,45,46,47,48,49,50,51,52,53,54,55,56,57,58,59,60,61,62,63,64,65,66,67,68,69,70,71,72,73,74,75,76,77,78,79,80,81,82,83,84,85,86,87,88,89,90,91,92,93,94,95,96,97,98,99,100,101,102,103,104,105,106,107,108,109,110,111
0,0.0,4.3949738,6.2072606,9.17725,12.214925,12.80703,16.4985,19.07612,22.5317,25.897781,29.056215,31.941721,35.41437,34.539516,33.615295,28.91769,26.898855,24.093151,21.752115,19.499424,18.043806,19.6346,14.540898,16.684624,19.26659,17.673159,21.305372,24.123102,24.530836,30.044235,28.879297,37.11717,38.251617,40.24353,42.111717,42.16324,43.040443,42.376904,37.58424,33.88353,36.532997,31.763014,35.916344,33.885517,29.595028,31.289717,28.20138,30.163961,29.68641,30.68329,34.033302,37.44266,37.13309,38.90594,38.32003,41.762375,39.307785,41.03761,45.21243,41.792633,38.828716,38.888153,35.203297,32.99142,34.071854,28.909393,28.358055,26.711454,24.05842,24.000692,24.315111,26.916237,28.102083,31.211021,31.221193,36.816006,34.52585,39.078037,39.11246,35.722397,36.925537,34.16614,30.291649,26.67471,25.036777,21.093214,20.983318,15.086626,15.667466,13.857225,15.050734,18.17777,17.519438,23.281136,24.891838,28.12332,29.311846,27.498022,27.114416,25.544107,22.90012,23.3129,23.262579,22.747435,25.021818,24.853806,23.516375,27.244123,26.216404,26.511183,28.895,27.311003
1,4.3949738,0.0,5.3335433,6.2529874,9.30514,11.776306,14.701092,17.30968,21.256239,24.372232,27.883419,30.377544,33.93125,33.093224,31.74508,27.253492,24.812704,21.967443,19.158089,16.450853,14.682805,15.691164,10.4611435,12.443749,15.442889,14.295701,18.273191,20.8913,22.305452,27.40678,27.124783,35.247448,36.780624,39.019897,41.050327,41.463234,42.586693,42.22366,37.22832,33.33169,35.861942,30.814041,34.636635,32.093838,27.821907,28.873167,25.324688,26.951147,26.344,26.955564,30.526958,34.033676,34.092804,35.636272,35.454826,38.981754,36.437332,38.453365,42.45584,39.088745,36.270554,35.792927,31.960945,29.592941,30.275272,25.204216,24.399334,22.529207,19.928276,20.302029,21.137728,23.958937,25.630262,28.817581,29.35406,34.90297,33.19574,37.71573,38.17641,35.057213,36.655487,34.184532,30.161524,26.375843,24.366522,20.889814,19.97648,14.500985,14.186289,12.940281,13.486571,15.885553,15.8044815,20.343939,22.807674,25.740353,26.617285,24.948797,24.376467,23.565136,21.075914,22.175753,22.564877,22.894615,25.556854,25.703,23.970715,28.29726,26.39679,27.242289,29.267084,28.086409
2,6.2072606,5.3335433,0.0,5.335414,6.916742,7.1460047,11.600297,13.278811,17.348873,20.329824,23.64869,26.197435,29.841026,29.26192,28.134836,23.83029,21.430382,19.179302,16.385145,14.942151,12.87579,15.894148,11.500967,14.830069,17.840572,15.804483,19.015924,20.586548,21.411953,26.569872,25.355124,33.702694,34.365498,37.113964,38.49508,39.11017,39.801945,39.545383,34.584393,30.748728,34.21669,29.427988,33.3859,31.48909,27.686283,28.715332,26.180426,27.475822,27.641766,28.49749,32.170948,35.437454,35.182076,35.987164,35.548134,38.794655,35.737396,37.365055,41.237125,37.414867,34.664627,34.28379,31.021126,28.519789,30.241571,24.880188,24.073744,23.290861,19.856316,19.127583,19.76931,21.713923,23.306072,25.914562,26.361639,31.588434,29.645464,34.204803,34.48524,31.243484,32.48655,29.799171,26.150015,22.342667,20.912466,16.94403,17.290867,12.617913,13.471629,13.348292,15.105141,17.75697,18.981377,23.25579,25.835152,28.819511,29.301994,27.181675,25.916883,25.028534,21.704672,23.50138,22.361141,23.049334,25.731041,25.07808,22.985153,26.524147,24.167826,24.324848,25.875216,24.158184
3,9.17725,6.2529874,5.335414,0.0,3.7435517,7.2663436,8.668899,11.63658,15.446139,18.512955,22.143602,24.569218,28.01888,27.07443,25.620935,21.132248,18.65825,15.736825,12.982558,10.397234,9.079266,11.038197,6.759442,10.453934,12.880056,10.550698,13.745124,15.468536,16.79167,21.764057,21.367592,29.53364,30.887045,33.505154,35.347725,36.107162,37.242207,37.178036,32.05483,28.047659,30.932688,25.846712,29.475872,27.031717,23.153376,23.801325,20.94989,22.195581,22.310068,23.225677,26.857523,30.103579,29.891548,30.750996,30.422298,33.76391,30.852558,32.705982,36.615166,33.05213,30.271729,29.844473,26.24659,23.885857,25.288847,19.987135,19.542658,18.57956,15.71596,15.005341,15.20316,17.863573,19.404015,22.583185,23.159304,28.69668,27.171185,31.6574,32.324505,29.39475,31.283678,29.113297,24.97668,21.124084,18.86091,15.891407,14.456284,10.021852,9.50894,9.9775715,11.1255665,13.084513,15.210645,18.446436,21.4618,24.23041,24.4035,22.244093,20.773436,20.331106,17.122118,19.499495,18.816494,20.316109,23.3415,23.173056,20.777504,25.155033,22.078154,23.208086,24.650566,23.864609
4,12.214925,9.30514,6.916742,3.7435517,0.0,5.7578425,6.9171658,8.644797,13.1786785,15.710611,19.518621,21.522766,25.134712,24.485111,22.783243,18.748854,15.81162,13.500499,10.074758,8.362755,5.994531,9.680625,6.8065186,11.03136,13.714596,11.433402,14.012633,14.390113,16.291946,20.70673,20.418123,28.504238,29.490816,32.70065,34.14708,35.34899,36.331535,36.575924,31.399273,27.357029,30.806795,25.81028,29.191347,26.858215,23.45673,23.489746,21.08422,21.681696,22.273693,22.94135,26.78818,29.892408,29.808096,29.878912,29.750704,32.91348,29.536541,31.337332,34.94434,31.068632,28.513098,27.594114,24.360945,21.699572,23.569794,18.164854,17.36565,17.179255,13.576572,12.281939,13.058443,15.049148,17.156624,19.83222,20.938356,26.084995,24.96332,29.414524,30.320175,27.565039,29.47049,27.394194,23.538092,19.62303,17.590166,14.810557,13.759842,10.95245,10.639747,12.323434,13.624976,14.99014,18.00757,20.05646,23.610443,26.089836,25.806463,23.574274,21.550884,21.70303,18.223967,21.417404,20.093302,22.26419,25.383087,24.91824,22.180855,26.230587,22.395134,23.361914,24.138767,23.258862
5,12.80703,11.776306,7.1460047,7.2663436,5.7578425,0.0,6.007317,6.5553155,10.382216,13.289824,16.510206,19.180145,22.758797,22.22082,21.262794,17.062983,14.837734,13.141554,10.809399,11.16662,9.806775,14.679621,12.403698,16.658613,18.843758,15.814285,17.504574,17.563978,17.546392,22.375338,20.248459,28.539083,28.37419,31.71813,32.4716,33.477345,33.87523,33.932415,28.95101,25.134785,29.499033,25.016605,28.81651,27.559439,24.550367,25.29285,24.172512,24.968266,26.156197,27.419794,30.967052,33.75968,33.050266,32.91459,32.129074,34.94549,31.375204,32.51795,36.190197,31.981522,29.329704,29.211662,26.654764,24.23165,27.241964,21.791636,21.44298,22.125465,18.354166,15.937267,15.589645,16.453527,17.594816,19.636684,19.883902,24.825533,22.763391,27.311438,27.594446,24.414654,25.663883,23.101854,19.595558,15.715277,14.586905,10.695736,11.9205675,9.684903,11.418532,13.264654,15.845154,18.083973,21.11765,24.299408,27.050707,29.853783,29.671726,27.051193,24.87027,24.150293,20.035454,22.961536,20.126118,21.85413,24.65675,23.30909,20.569595,23.44159,19.835407,19.723158,20.326355,18.629179
6,16.4985,14.701092,11.600297,8.668899,6.9171658,6.007317,0.0,5.051571,6.9784956,10.336369,13.812348,16.57814,19.704277,18.505335,17.334774,12.567387,10.612566,7.693222,6.331184,6.443722,7.6032634,11.720786,11.269542,15.396722,16.221277,12.570971,12.886316,12.303922,11.716734,16.413616,14.435867,22.69538,23.011923,26.310308,27.44319,28.628897,29.461967,29.760948,24.592705,20.575628,24.530941,19.834356,23.297127,21.795588,19.046665,19.463799,18.917904,19.573095,21.23382,22.925808,26.154753,28.628916,27.607069,27.276333,26.26895,28.9944,25.450548,26.556849,30.339094,26.291267,23.506489,23.78013,21.105577,19.043108,22.39746,17.049622,17.621859,18.792948,15.844359,12.575775,10.448563,11.718168,12.051351,14.867183,14.824071,20.352247,18.522295,23.03147,23.689371,20.855904,22.949028,21.127056,16.95363,13.106047,10.726312,8.657765,7.148036,7.0796957,7.7948265,11.125476,13.432856,14.790819,19.054615,20.991438,23.79186,26.296535,25.642866,22.794607,20.113684,19.6778,15.369415,19.1604,15.9642105,18.818825,21.863703,20.776531,17.608856,21.063063,16.361359,17.385328,17.653624,17.305178
7,19.07612,17.30968,13.278811,11.63658,8.644797,6.5553155,5.051571,0.0,5.547607,7.277977,11.018206,13.073263,16.737997,16.379114,14.97813,11.378684,8.539138,8.063136,5.6510377,8.691163,8.056592,13.68336,13.910416,18.088129,19.640184,16.541828,16.841585,14.964657,15.1843195,18.739107,16.7344,24.4564,23.821564,28.00249,28.253979,30.014086,30.35836,31.016775,25.990602,22.16558,27.088282,22.855162,25.974747,24.890995,22.842562,22.612762,22.525286,22.421858,24.436945,25.638092,29.104267,31.437881,30.6814,29.401798,28.7112,31.10791,26.971539,27.886057,31.093916,26.535551,24.212025,23.706055,21.874805,19.369335,23.351013,18.133091,17.966663,20.049181,16.182978,12.418985,11.604528,10.939035,12.261449,13.433004,14.305423,18.701593,17.358374,21.787983,22.61787,19.940332,21.622,19.665424,16.419094,12.623151,11.532704,9.348728,10.209257,11.714696,12.839946,16.112888,18.394953,19.563093,23.861,25.242258,28.495659,30.799194,29.89943,27.149572,24.193035,24.287031,20.008526,24.078999,20.5462,23.50694,26.431816,24.95199,21.724524,24.31797,19.298363,19.495098,18.787268,17.730316
8,22.5317,21.256239,17.348873,15.446139,13.1786785,10.382216,6.9784956,5.547607,0.0,4.1462436,6.9239798,10.295638,13.138856,12.010948,11.5022545,6.9312096,6.2013345,5.8300066,7.23422,10.741147,12.201846,16.821728,17.718477,21.7325,22.229898,18.55332,17.577496,15.419378,13.4788685,16.78734,13.070133,20.460014,18.979761,23.200966,23.049309,24.759424,24.897455,25.597614,20.64974,16.956009,22.418304,18.738111,21.807312,21.671314,20.37766,20.560753,22.015427,22.047146,24.685595,26.61705,29.457962,31.257627,29.758121,28.316738,26.856163,28.789522,24.700079,24.893314,28.213644,23.635448,21.137083,21.943037,20.720285,18.987299,23.87718,19.076807,20.016424,22.640053,19.603216,15.203813,12.311618,11.039684,10.029366,10.968838,10.10921,14.795292,12.388117,16.930119,17.390007,14.543554,16.436283,14.773303,11.154451,7.4738154,6.358255,5.830471,7.122505,11.450904,13.080103,16.70282,19.31982,20.437828,25.135895,26.54081,29.090624,31.372807,30.31309,27.245085,24.042797,23.621319,19.086258,23.191912,18.473679,21.691868,24.34005,22.410967,19.057161,20.824198,15.246304,15.339597,13.901625,13.461723
9,25.897781,24.372232,20.329824,18.512955,15.710611,13.289824,10.336369,7.277977,4.1462436,0.0,4.048307,6.2955904,9.566067,9.180667,8.201703,5.4779277,4.128779,6.937964,8.065426,12.608828,13.575986,18.341347,20.017256,23.889292,24.532629,21.208668,20.007969,16.886265,15.723638,17.71844,14.528921,20.835215,18.724203,23.70473,22.867275,25.245117,25.12878,26.312943,21.602253,18.204737,24.038614,20.808552,23.223621,23.24588,22.64304,22.07015,23.902046,23.258795,26.207325,27.796078,30.67191,32.23247,30.928001,28.636204,27.459457,29.03212,24.507668,24.526543,27.23006,22.3108,20.322046,20.46292,20.098316,18.20665,23.590929,19.19795,19.84807,23.213017,19.969566,15.283008,12.991906,10.215429,9.718018,8.749208,8.919801,12.093035,10.638531,14.882795,15.844556,13.594019,15.445291,14.222275,11.723047,8.84659,8.820116,9.353087,10.801562,15.525213,16.824448,20.587217,22.9636,23.682312,28.612543,29.225433,32.16088,34.162823,32.795708,29.82531,26.35862,26.52017,22.150242,26.607714,21.937225,25.461294,28.082487,26.126434,22.742338,24.161171,18.330727,18.253593,15.9869995,15.538689
10,29.056215,27.883419,23.64869,22.143602,19.518621,16.510206,13.812348,11.018206,6.9239798,4.048307,0.0,4.4928756,6.65108,6.3345675,6.908629,5.64071,6.8502803,9.889408,11.9643,16.383167,17.615152,22.23737,23.956318,27.827106,28.250648,24.773975,23.212252,20.054228,18.01804,19.576738,15.475229,20.746344,17.450392,22.622435,20.91079,23.40484,22.737595,24.064232,19.7625,16.88663,23.32918,20.940805,23.126902,24.052372,24.110413,23.76526,26.45964,25.824358,29.042282,30.879288,33.43968,34.67117,33.01828,30.490236,28.932287,30.045727,25.53955,24.932896,27.38121,22.424917,20.624191,21.465246,21.884102,20.457346,26.244421,22.266287,23.215687,26.830938,23.787935,19.015282,16.346931,13.2679615,11.797165,9.858749,8.824398,10.49628,8.138147,12.08,12.5676985,10.314531,11.74142,10.739705,9.236786,7.5304685,8.940448,10.345974,12.673163,18.023006,19.68986,23.375954,25.953062,26.772327,31.717411,32.482887,35.066765,37.07045,35.659157,32.577225,29.055328,28.93711,24.531923,28.817219,23.56164,26.959238,29.27615,26.942413,23.660065,24.110668,18.345497,17.686514,14.615122,14.159895
11,31.941721,30.377544,26.197435,24.569218,21.522766,19.180145,16.57814,13.073263,10.295638,6.2955904,4.4928756,0.0,4.1202083,5.93852,5.093603,7.554252,7.558238,11.869127,13.187833,17.92757,18.673866,23.189423,25.545849,29.19806,29.794409,26.74367,25.142275,21.264849,20.321905,20.793776,17.833122,22.10408,18.792376,24.482729,22.440472,25.580975,24.91666,26.70868,22.666143,20.019709,26.23008,23.972416,25.515726,26.156387,26.597652,25.428698,28.061447,26.78187,30.119823,31.483059,34.134686,35.210957,33.929745,30.634827,29.576557,30.438509,25.580084,25.033194,26.738922,21.56857,20.438667,20.170116,21.34828,19.695131,25.601717,22.120176,22.651476,26.789469,23.637129,18.893553,17.062845,13.070747,12.557243,9.053499,9.844688,9.162833,9.195673,12.058904,13.502622,12.4695015,13.881592,13.599846,13.160228,11.969755,13.130527,14.629127,16.390186,21.67186,22.89742,26.736431,29.00594,29.415619,34.548294,34.48326,37.557507,39.266495,37.57621,34.66875,30.961288,31.518015,27.335726,31.981337,27.093168,30.817526,33.25525,31.115517,27.771603,28.434977,22.503126,22.076597,18.840202,18.489897
12,35.41437,33.93125,29.841026,28.01888,25.134712,22.758797,19.704277,16.737997,13.138856,9.566067,6.65108,4.1202083,0.0,3.5215003,4.4824758,8.605822,10.18214,14.124592,16.330828,20.834644,22.142149,26.202715,28.852674,32.381863,32.53772,29.386425,27.27016,23.26988,21.671007,21.42951,18.108805,20.919357,16.775818,22.594105,19.854424,23.29997,22.363205,24.47941,20.934757,18.866169,25.083023,23.60677,24.594511,25.86764,27.045572,25.851824,29.302547,27.938047,31.544188,33.143654,35.373665,36.030163,34.42678,30.841944,29.462908,29.80591,25.042892,23.900915,25.22405,20.164923,19.33858,19.775173,21.736544,20.706194,26.869135,23.968687,24.98249,29.316484,26.649492,21.841331,19.390478,15.382237,13.883838,9.975397,9.741055,6.8400397,7.128242,8.692079,10.311984,10.26704,11.759946,12.561583,12.93263,12.928993,14.294584,16.764559,18.24438,24.101439,25.298256,29.162163,31.407476,31.6592,36.9209,36.627716,39.415154,40.984585,39.14936,36.189034,32.396755,32.878822,28.819796,33.41733,28.23789,32.051567,34.267235,32.02771,28.764439,28.912579,22.964512,22.556787,18.8406,19.067345
13,34.539516,33.093224,29.26192,27.07443,24.485111,22.22082,18.505335,16.379114,12.010948,9.180667,6.3345675,5.93852,3.5215003,0.0,3.7427201,6.3844104,9.27749,12.3996105,15.477947,19.581615,21.576452,25.20311,27.875124,31.331926,31.037027,27.685585,25.217098,21.429333,19.073725,18.828787,14.985062,17.646406,13.418163,19.17001,16.660643,20.011173,19.330883,21.412102,17.655088,15.474679,21.577044,20.169775,21.108492,22.582098,23.920998,22.967377,26.819963,25.693682,29.376188,31.337704,33.29,33.827793,31.894428,28.607958,26.833857,27.155647,22.608793,21.276188,23.024462,18.11337,16.869122,18.30763,19.995182,19.397682,25.605207,22.71247,24.290865,28.432407,26.211607,21.340067,18.018364,14.487547,11.921163,8.701466,6.923597,4.9882064,3.6445394,6.2012596,7.9228425,7.725421,10.28227,11.497513,10.902462,11.091628,11.913812,15.199935,15.97006,22.172237,23.257004,27.099997,29.295801,29.47267,34.765354,34.507977,36.958504,38.52024,36.699516,33.65986,29.895922,30.140818,26.131197,30.626358,25.322182,29.202042,31.33207,29.160698,25.920597,26.111288,20.048883,20.031155,16.343721,17.289682
14,33.615295,31.74508,28.134836,25.620935,22.783243,21.262794,17.334774,14.97813,11.5022545,8.201703,6.908629,5.093603,4.4824758,3.7427201,0.0,5.6798654,7.0269885,10.753028,13.228282,17.407255,19.180426,22.599396,25.69179,28.959064,28.775763,25.75247,23.374657,19.134062,17.886852,17.176167,14.635607,17.641273,14.554203,20.44476,18.659695,22.200506,22.062044,24.198725,20.135492,17.520292,23.056019,20.969645,21.76364,22.325863,23.415226,21.77613,25.080648,23.5418,27.175686,28.74256,30.921007,31.567957,30.061855,26.454256,25.226574,25.761814,20.907864,20.119692,21.703127,16.558668,15.499717,15.700488,17.318413,16.305182,22.490276,19.657507,20.963278,25.300346,23.052032,18.227669,15.372873,11.403855,9.653447,5.560448,6.0438614,4.348131,6.2180047,8.706948,11.271073,11.225987,13.963606,14.834612,13.638535,12.883835,12.910466,15.880927,15.911673,21.848269,22.449194,26.4321,28.312035,28.152334,33.56496,32.682854,35.616512,36.990707,35.018234,32.14285,28.28338,29.116116,25.259912,30.099873,25.366808,29.553808,31.97081,30.160152,26.78461,27.78503,21.490316,21.98026,18.717365,19.621977
15,28.91769,27.253492,23.83029,21.132248,18.748854,17.062983,12.567387,11.378684,6.9312096,5.4779277,5.64071,7.554252,8.605822,6.3844104,5.6798654,0.0,4.350732,6.096892,9.756285,13.448109,15.9238615,19.308287,21.783455,25.233425,24.833754,21.36067,19.028172,15.563163,13.21075,14.053353,10.316701,15.584104,13.336131,18.489332,17.769974,20.425447,20.69216,22.18679,17.450045,14.086218,19.586908,16.711012,18.45304,18.808659,19.0863,18.29906,21.348886,20.591536,24.008734,26.079802,28.301138,29.310633,27.498327,24.983782,23.29855,24.456324,20.026985,19.560478,22.354322,17.566912,15.397249,16.715946,16.742989,15.763851,21.596832,17.895144,19.6406,23.239347,21.10014,16.26654,12.343194,9.675282,6.671377,5.7888136,3.5591292,8.040325,6.366713,10.68541,12.132898,10.52239,13.632337,13.683536,10.645532,8.844044,7.6762586,10.919503,10.245678,16.31847,17.041407,20.966328,23.020918,23.170336,28.458965,28.346909,30.886255,32.584858,30.923515,27.863447,24.186634,24.383907,20.243355,24.87349,19.955196,24.007072,26.48251,24.7036,21.287298,22.690569,16.354343,17.18801,14.55227,15.700692
16,26.898855,24.812704,21.430382,18.65825,15.81162,14.837734,10.612566,8.539138,6.2013345,4.128779,6.8502803,7.558238,10.18214,9.27749,7.0269885,4.350732,0.0,4.62435,6.26952,10.656987,12.328304,16.13541,18.783417,22.24322,22.409807,19.327627,17.606989,13.778778,13.32316,14.32043,12.355601,18.268742,17.033968,22.117746,21.827332,24.530298,24.989534,26.441881,21.595654,18.030859,23.089426,19.565733,21.411901,20.772274,20.369314,19.01883,20.843863,19.750479,22.867483,24.326193,27.109386,28.519773,27.36662,24.735094,23.818642,25.405289,20.745497,21.05122,23.67186,18.779886,16.842865,16.507915,16.008497,14.096808,19.601717,15.452575,16.417381,20.089375,17.375113,12.514982,9.703902,6.436581,5.9478955,5.107887,6.6380486,10.3892,10.358268,14.358424,16.166393,14.632039,17.349443,16.898458,14.010118,11.391517,10.079431,11.741511,10.977185,15.96432,16.312054,20.301634,22.115187,22.13123,27.393913,26.940748,30.163168,31.808798,30.133478,27.281492,23.612244,24.401268,20.344666,25.231028,21.08645,25.174582,27.965916,26.49622,23.021154,25.166742,18.972483,19.877096,17.772797,18.25934
17,24.093151,21.967443,19.179302,15.736825,13.500499,13.141554,7.693222,8.063136,5.8300066,6.937964,9.889408,11.869127,14.124592,12.3996105,10.753028,6.096892,4.62435,0.0,4.6971884,7.4245257,10.480786,13.439108,15.799076,19.184464,18.809938,15.353725,13.412754,10.255392,9.007405,11.306997,9.280864,16.54234,16.527397,20.714176,21.48049,23.553959,24.55362,25.598063,20.45715,16.510675,20.71275,16.484022,18.789343,17.570724,16.414982,15.541755,16.96758,16.507538,19.402172,21.314022,23.999666,25.630415,24.253422,22.544132,21.335316,23.403706,19.253353,19.905169,23.30364,18.935194,16.336575,16.813585,15.044774,13.435233,18.27951,13.680061,15.30804,18.143225,16.031467,11.464212,7.1603637,6.3854146,4.664022,7.532125,7.4938726,13.125574,12.216341,16.418554,17.87848,15.951344,18.978182,18.375664,14.40223,11.370971,8.577499,10.251067,7.3821244,12.126489,11.981604,16.01619,17.686996,17.653511,22.9539,22.753393,25.692076,27.47437,25.962267,23.002878,19.45747,19.91337,15.771379,20.631735,16.722069,20.898743,23.818012,22.69184,19.215206,22.144325,16.05367,17.744232,16.527342,17.533646
18,21.752115,19.158089,16.385145,12.982558,10.074758,10.809399,6.331184,5.6510377,7.23422,8.065426,11.9643,13.187833,16.330828,15.477947,13.228282,9.756285,6.26952,4.6971884,0.0,4.857417,6.1796927,10.28515,12.539059,16.095264,16.724203,13.838515,13.149025,10.0331335,11.448036,13.878442,13.492033,20.702246,21.069578,25.29063,26.117811,28.249783,29.212358,30.222187,25.072319,21.102343,25.175297,20.665577,23.054966,21.187124,19.402033,18.159208,18.024647,17.318882,19.605036,20.691326,24.0709,26.21663,25.624344,23.941559,23.56594,25.999523,21.776377,23.060265,26.174217,21.791376,19.531507,18.531351,16.343044,13.782627,17.776386,12.644589,12.970558,15.553177,12.425334,7.983053,6.0895677,5.657964,7.6758504,9.767145,11.5462,16.280806,16.107742,20.260405,21.880554,19.916449,22.54618,21.499329,17.868372,14.419836,12.160491,12.108976,10.110776,12.701031,12.258647,16.043127,17.445135,17.432682,22.431765,22.101524,25.794333,27.578775,26.17967,23.531353,20.192516,21.195225,17.291973,22.09501,19.15936,23.021463,26.147182,25.266003,21.88066,25.254547,19.596258,21.000635,20.14792,20.360826
19,19.499424,16.450853,14.942151,10.397234,8.362755,11.16662,6.443722,8.691163,10.741147,12.608828,16.383167,17.92757,20.834644,19.581615,17.407255,13.448109,10.656987,7.4245257,4.857417,0.0,4.633323,6.2711616,8.539023,11.785842,11.944852,8.9998865,8.740833,6.715627,9.47657,12.682776,13.6406,21.050611,22.714123,26.081444,27.854769,29.545126,31.032854,31.77034,26.530336,22.423267,25.323185,20.275675,22.758831,19.962362,17.278053,16.136263,14.550857,14.350791,15.923123,17.01765,20.546492,23.114115,22.741573,22.023926,21.84427,24.824286,21.228111,23.100613,26.624073,22.883802,20.347778,19.459944,16.089087,13.699773,16.219912,10.794451,11.391239,12.5427475,10.230732,7.0246096,4.8648796,7.931529,9.658972,13.1809635,14.536506,19.875156,19.61376,23.703543,25.285328,23.274567,26.139149,25.10244,20.920763,17.407845,14.398695,14.149803,10.58657,11.209058,9.420883,12.857706,13.483885,13.008939,17.965475,17.351847,21.249136,23.028,21.77059,19.259752,16.194239,17.3836,13.868202,18.572132,16.882156,20.674421,23.968262,23.774418,20.577124,24.947874,19.780611,21.926762,21.948101,22.541136
20,18.043806,14.682805,12.87579,9.079266,5.994531,9.806775,7.6032634,8.056592,12.201846,13.575986,17.615152,18.673866,22.142149,21.576452,19.180426,15.9238615,12.328304,10.480786,6.1796927,4.633323,0.0,6.0413857,7.1941404,10.803964,12.772634,10.886588,12.209389,10.535404,14.102115,17.030867,18.041222,25.403942,26.656048,30.387312,31.780228,33.63041,34.83248,35.601116,30.374939,26.29508,29.685736,24.71275,27.30676,24.588463,21.84859,20.613764,18.454151,17.994993,19.095823,19.328182,23.333258,26.182207,26.412493,25.486155,25.852371,28.844297,25.058231,27.06954,30.224293,26.264482,24.067575,22.252663,19.167456,16.173717,18.208836,12.84035,11.770436,12.6341,8.685746,6.366643,8.086575,9.813091,12.9999895,15.429906,17.591303,22.265713,22.281384,26.429226,28.030483,25.917837,28.36367,26.94625,23.216537,19.491116,17.170055,15.879257,13.80992,13.470752,12.260184,15.092178,15.764725,15.704794,19.892534,19.575144,23.926437,25.735813,24.68262,22.517836,19.791882,21.175415,17.875792,22.178127,20.81363,24.116468,27.400644,27.08906,23.99285,28.163078,23.271645,24.795406,24.767681,24.578627
21,19.6346,15.691164,15.894148,11.038197,9.680625,14.679621,11.720786,13.68336,16.821728,18.341347,22.23737,23.189423,26.202715,25.20311,22.599396,19.308287,16.13541,13.439108,10.28515,6.2711616,6.0413857,0.0,5.3384566,6.6881747,7.516657,7.01571,8.664445,7.819314,13.352232,15.521257,18.542551,25.116426,27.754963,30.79155,33.08061,34.7904,36.629333,37.388428,32.173904,28.07919,30.127136,24.876253,26.966158,23.19449,20.078697,18.264704,14.543355,14.015109,14.184772,13.850936,18.054312,21.239218,22.051653,21.766462,22.723787,26.11274,22.986876,25.682257,28.902298,25.735273,23.543514,21.458033,17.380611,14.675151,14.72438,9.728275,8.871583,7.6958556,5.831645,6.2685122,7.9838586,11.645355,14.541675,17.854465,20.019625,24.90177,25.395157,29.243362,31.148886,29.377602,32.333538,31.333803,27.191216,23.652498,20.623682,20.09495,16.448273,15.496814,12.818913,15.013229,14.215094,12.761276,16.830956,14.611995,19.637365,20.902353,19.646183,17.960829,15.496806,17.89126,15.71571,19.94209,20.270708,23.748547,27.095873,27.655628,24.78051,29.826996,25.15243,27.603407,27.999825,28.572136
22,14.540898,10.4611435,11.500967,6.759442,6.8065186,12.403698,11.269542,13.910416,17.718477,20.017256,23.956318,25.545849,28.852674,27.875124,25.69179,21.783455,18.783417,15.799076,12.539059,8.539023,7.1941404,5.3384566,0.0,4.3195276,7.285432,6.596622,10.361389,11.726239,15.578839,19.209833,21.022633,28.372255,30.749613,33.442043,35.764435,36.977936,38.63936,38.982567,33.754467,29.63447,31.770842,26.42233,29.220911,25.736506,21.955805,21.306437,17.286919,17.839758,17.432005,17.44684,21.454037,24.906824,25.501486,26.160051,26.70521,30.24281,27.44108,29.946932,33.525703,30.343525,27.86681,26.429647,22.34618,19.813236,19.91417,14.978773,14.1033325,12.193192,10.038129,10.828231,12.196058,15.680244,18.10096,21.526192,23.05796,28.361685,28.007998,32.191895,33.592655,31.285511,33.833717,32.29037,28.037525,24.274292,21.433025,19.778513,16.792807,13.829758,11.495032,12.549805,11.861927,11.605808,14.39667,14.52159,18.973417,20.923939,20.52602,18.873457,17.247091,18.458023,16.179413,19.34869,20.012722,22.504704,25.767368,26.334303,23.77793,28.881842,25.067806,27.130423,28.177155,28.203005
23,16.684624,12.443749,14.830069,10.453934,11.03136,16.658613,15.396722,18.088129,21.7325,23.889292,27.827106,29.19806,32.381863,31.331926,28.959064,25.233425,22.24322,19.184464,16.095264,11.785842,10.803964,6.6881747,4.3195276,0.0,4.825006,6.920421,11.005938,12.973973,17.615362,20.575174,23.459356,30.195526,33.259377,35.622185,38.368988,39.55078,41.525,41.88695,36.697468,32.604618,34.037205,28.618107,31.068846,27.013882,23.091856,22.09526,17.069735,17.581081,16.265152,15.559348,19.588968,23.291124,24.492386,25.62299,26.68845,30.40441,28.068586,30.975094,34.4374,31.736816,29.391079,27.604406,23.149826,20.766611,19.529531,15.327256,14.266934,10.934328,10.250643,12.624222,14.424934,18.277126,20.806057,24.38105,26.116938,31.337284,31.355156,35.366394,36.971672,34.867657,37.62981,36.27078,31.913439,28.231056,25.172247,23.836958,20.351591,17.266645,14.402622,14.826247,13.082661,11.884415,13.762259,12.425355,17.414524,18.8737,18.527925,17.546925,16.504782,18.390486,17.174593,19.925472,21.87455,24.268536,27.468681,28.593102,26.267729,31.766075,28.1669,30.619097,31.831678,32.146553
24,19.26659,15.442889,17.840572,12.880056,13.714596,18.843758,16.221277,19.640184,22.229898,24.532629,28.250648,29.794409,32.53772,31.037027,28.775763,24.833754,22.409807,18.809938,16.724203,11.944852,12.772634,7.516657,7.285432,4.825006,0.0,4.3788147,7.6549687,10.707899,15.079713,17.665688,21.181076,27.26095,31.018494,32.786343,36.049183,37.034645,39.3784,39.705418,34.630585,30.638502,31.178026,25.772814,27.872025,23.41664,19.399685,18.351194,12.790894,13.745195,11.944588,11.766756,15.388407,19.092472,20.068857,21.881653,22.76552,26.597525,24.834778,27.842268,31.502148,29.343924,26.859488,25.653627,20.833817,19.107567,17.409132,13.709718,13.9195385,10.365796,11.65706,13.47911,13.651981,18.107172,19.766068,23.864017,25.130634,30.558908,30.565252,34.34811,35.99748,34.10409,37.202644,36.213234,31.57724,28.15503,24.658123,24.110197,19.628918,16.958889,13.417106,13.781806,11.245736,8.72528,11.145706,7.918586,13.246384,14.414649,13.798006,12.799399,11.854933,14.140813,13.674503,16.409418,19.13957,21.8134,24.968071,26.547052,24.322529,30.154839,26.581871,29.661015,30.99813,31.998148
25,17.673159,14.295701,15.804483,10.550698,11.433402,15.814285,12.570971,16.541828,18.55332,21.208668,24.773975,26.74367,29.386425,27.685585,25.75247,21.36067,19.327627,15.353725,13.838515,8.9998865,10.886588,7.01571,6.596622,6.920421,4.3788147,0.0,4.590997,8.433618,11.419305,15.074395,17.512642,24.208271,27.57395,29.329628,32.44715,33.271446,35.46675,35.67842,30.577976,26.564589,27.390715,21.958202,24.448038,20.437468,16.29811,15.91687,11.330811,12.842628,12.078087,13.246797,16.520859,19.853632,19.858902,21.535261,21.576225,25.288559,23.283081,25.843987,29.843063,27.383627,24.59247,24.21354,19.595253,18.038666,17.728212,13.334542,14.3119955,12.131666,12.5001135,12.684918,11.363276,15.876105,16.792015,21.134947,21.78761,27.552242,27.009007,30.919203,32.29653,30.211473,33.23369,32.186363,27.451677,24.072144,20.511072,20.010353,15.37094,12.751211,9.117295,9.958801,7.95525,5.864572,9.972559,8.884737,13.102112,15.0054,14.424801,12.422299,10.793647,11.966428,10.284656,13.543755,15.240752,18.122356,21.38449,22.624928,20.214396,25.928272,22.241676,25.28347,26.655672,27.712843
26,21.305372,18.273191,19.015924,13.745124,14.012633,17.504574,12.886316,16.841585,17.577496,20.007969,23.212252,25.142275,27.27016,25.217098,23.374657,19.028172,17.606989,13.412754,13.149025,8.740833,12.209389,8.664445,10.361389,11.005938,7.6549687,4.590997,0.0,5.3217564,7.5759587,10.714965,13.71629,19.827408,23.604225,25.154043,28.503641,29.402088,31.83871,32.20785,27.185368,23.258347,23.62491,18.245134,20.274334,16.030376,12.154106,11.339677,7.2352796,8.906331,9.037097,11.360601,14.021114,16.844889,16.16982,17.664082,17.2363,20.879585,18.950397,21.405178,25.5515,23.313562,20.40281,20.640182,15.981404,15.064338,15.239467,11.192213,13.507437,12.352102,13.520551,12.633212,9.444248,14.045885,13.933719,18.578094,18.818426,24.575178,24.158243,27.762383,29.267973,27.515158,30.870123,30.296566,25.492958,22.479578,18.628252,19.237259,13.786323,12.888443,9.138718,10.942294,9.305947,6.446686,11.7872715,9.36692,12.965053,14.445695,13.116781,10.520947,7.698425,9.355426,7.409969,11.908941,12.996819,16.822598,20.060785,21.29114,18.67823,24.314095,20.097273,23.644117,24.691034,26.433302
27,24.123102,20.8913,20.586548,15.468536,14.390113,17.563978,12.303922,14.964657,15.419378,16.886265,20.054228,21.264849,23.26988,21.429333,19.134062,15.563163,13.778778,10.255392,10.0331335,6.715627,10.535404,7.819314,11.726239,12.973973,10.707899,8.433618,5.3217564,0.0,6.8293796,7.763687,11.839861,17.555689,20.922726,23.50184,26.259403,27.948631,30.213394,31.118431,26.055613,22.119812,23.328465,18.232035,19.63472,15.639421,13.14445,10.648625,8.426549,7.6404305,9.58239,11.214621,14.21737,16.51319,16.064402,15.528608,15.528079,18.796705,15.7575,18.24544,21.921339,19.105495,16.506676,15.829309,11.4001,9.982629,11.320325,6.694106,9.547787,10.291443,11.0418625,8.912725,4.7681293,9.245993,9.611025,13.955604,15.062067,20.27095,20.735188,24.130613,26.146503,24.842165,28.38378,28.153404,23.738098,20.842222,17.209461,18.513233,13.37391,14.646831,11.654041,14.654739,13.957735,11.670011,17.066263,13.922119,17.887995,18.823122,16.843542,14.442467,10.833264,13.402039,11.060242,16.253176,15.796624,20.278675,23.49365,24.111418,21.085876,26.029924,20.807959,24.088076,24.17702,25.94097
28,24.530836,22.305452,21.411953,16.79167,16.291946,17.546392,11.716734,15.1843195,13.4788685,15.723638,18.01804,20.321905,21.671007,19.073725,17.886852,13.21075,13.32316,9.007405,11.448036,9.47657,14.102115,13.352232,15.578839,17.615362,15.079713,11.419305,7.5759587,6.8293796,0.0,6.089774,6.1685977,13.17308,16.238926,18.035357,21.044085,22.04249,24.340128,24.868525,19.809727,15.879779,16.842503,11.598489,13.734712,10.638043,7.9943557,7.805563,9.044907,10.1797495,12.733936,15.997822,17.627285,19.150236,16.97997,17.217953,15.210257,17.99871,15.444599,16.675089,21.178818,18.457294,15.104477,17.222868,13.688379,13.645481,16.495367,12.7120905,16.014067,17.108122,17.432621,14.426337,8.817361,11.770945,9.018933,13.785747,12.461671,18.476686,17.389381,20.816011,22.087845,20.463047,24.026875,23.91779,19.118513,16.713547,12.694559,14.913807,8.969867,11.540711,9.261553,12.464021,12.769423,11.487311,16.964985,15.998664,17.937965,19.500246,17.941008,14.749403,11.249242,11.265764,7.546149,12.757838,10.160291,15.062196,18.053276,18.261864,15.1353,19.733957,14.4198,18.152096,18.453442,20.931091
29,30.044235,27.40678,26.569872,21.764057,20.70673,22.375338,16.413616,18.739107,16.78734,17.71844,19.576738,20.793776,21.42951,18.828787,17.176167,14.053353,14.32043,11.306997,13.878442,12.682776,17.030867,15.521257,19.209833,20.575174,17.665688,15.074395,10.714965,7.763687,6.089774,0.0,7.027755,10.010558,14.302735,16.38675,19.550043,21.374237,24.073744,25.281172,20.611397,17.153942,17.382635,13.034906,12.9969015,9.141589,8.945901,5.150217,8.495957,7.4480224,11.252301,14.250478,15.152957,15.702275,13.4740925,12.035074,10.122884,12.58238,9.442702,11.070659,15.365491,12.989,9.814972,11.866123,8.305845,9.524562,12.589703,10.518815,14.645992,16.5868,17.917032,14.95113,9.48979,11.455343,8.492959,12.524412,11.941466,16.65734,17.14087,19.574581,21.675224,21.147575,25.174492,25.913088,21.656082,19.8651,16.192242,19.388086,13.94652,17.514294,15.228359,18.36316,18.12786,15.9379635,21.349152,18.218311,20.563873,21.093796,18.696146,15.986377,12.0436125,13.866679,11.787851,16.844942,15.022634,20.065166,22.756868,23.156654,20.174934,24.271666,18.66324,22.454731,21.926035,24.858261
30,28.879297,27.124783,25.355124,21.367592,20.418123,20.248459,14.435867,16.7344,13.070133,14.528921,15.475229,17.833122,18.108805,14.985062,14.635607,10.316701,12.355601,9.280864,13.492033,13.6406,18.041222,18.542551,21.022633,23.459356,21.181076,17.512642,13.71629,11.839861,6.1685977,7.027755,0.0,8.400548,10.195614,12.497501,14.957142,16.26854,18.423754,19.29168,14.278844,10.483529,12.288348,7.9565825,9.570536,8.740959,8.9547,9.089184,13.521103,13.961227,17.305983,20.660131,21.651031,22.261179,19.374802,18.527193,15.566411,17.143744,14.241017,13.962374,18.399841,15.3725195,11.872742,15.850663,13.9833555,14.769349,19.111002,16.124134,19.615482,21.830313,21.830193,17.990088,12.116469,12.930529,8.253544,11.818466,8.6071615,14.2374935,12.524591,15.4349785,16.514143,15.284061,19.135902,19.743103,15.252884,13.915732,10.276216,14.259542,9.320063,14.418386,13.591946,16.902718,17.990149,17.259954,22.500929,21.848192,23.156994,24.58098,22.882265,19.66378,16.168493,15.705163,12.199046,16.600262,12.15062,16.922575,19.291445,18.619442,15.439577,18.366896,12.314264,15.838634,15.023727,18.287935
31,37.11717,35.247448,33.702694,29.53364,28.504238,28.539083,22.69538,24.4564,20.460014,20.835215,20.746344,22.10408,20.919357,17.646406,17.641273,15.584104,18.268742,16.54234,20.702246,21.050611,25.403942,25.116426,28.372255,30.195526,27.26095,24.208271,19.827408,17.555689,13.17308,10.010558,8.400548,0.0,6.369057,6.8853607,10.491048,12.408009,15.580758,17.23285,13.666892,11.761993,10.678517,9.508422,6.4926963,7.167046,11.348651,10.219102,16.565859,16.22784,19.847422,23.223726,22.797174,21.944212,18.343824,16.568089,12.643658,12.251366,10.351053,8.012939,12.274203,10.89436,7.777436,14.327446,14.087917,16.644104,20.660164,19.815916,23.831455,26.40073,27.432951,23.823057,18.204609,18.312717,13.660703,15.546112,12.446294,15.0862055,14.67102,15.142805,16.637604,17.236452,21.341948,23.31733,19.871386,19.949917,17.161003,21.811914,17.528795,22.630302,21.589981,24.531681,25.071795,23.630516,28.620365,26.59036,27.362574,27.90141,25.692087,22.89532,19.552097,19.673243,17.7459,21.430868,17.817825,22.298174,23.933344,23.59349,21.038885,23.011583,17.711943,21.252426,19.828241,23.873499
32,38.251617,36.780624,34.365498,30.887045,29.490816,28.37419,23.011923,23.821564,18.979761,18.724203,17.450392,18.792376,16.775818,13.418163,14.554203,13.336131,17.033968,16.527397,21.069578,22.714123,26.656048,27.754963,30.749613,33.259377,31.018494,27.57395,23.604225,20.922726,16.238926,14.302735,10.195614,6.369057,0.0,6.0259542,5.6299996,9.037329,10.902808,13.237303,9.853856,8.683816,10.767506,11.225849,9.561756,12.61948,16.137875,15.79881,21.819038,21.409918,25.188044,28.354958,28.50272,27.9004,24.54623,22.244677,18.730455,18.062181,15.3976965,12.552058,15.417725,12.808592,10.521139,16.541613,17.633738,19.492565,24.628181,23.186813,26.681139,29.895885,29.922434,25.669714,20.269733,19.127928,14.256845,14.574796,10.4576435,11.565851,10.074476,9.614404,10.564885,11.692357,15.6604,18.179707,15.650187,16.732662,15.091561,20.072132,17.418932,23.43508,23.412275,26.631048,27.976782,27.29091,32.375965,31.345737,32.24352,33.232273,31.236979,28.230051,24.799576,24.451881,21.66023,25.32122,20.40986,24.48552,25.920208,24.590618,21.938847,22.385124,16.885464,19.203947,16.653961,20.541077
33,40.24353,39.019897,37.113964,33.505154,32.70065,31.71813,26.310308,28.00249,23.200966,23.70473,22.622435,24.482729,22.594105,19.17001,20.44476,18.489332,22.117746,20.714176,25.29063,26.081444,30.387312,30.79155,33.442043,35.622185,32.786343,29.329628,25.154043,23.50184,18.035357,16.38675,12.497501,6.8853607,6.0259542,0.0,5.4978914,5.795307,9.498179,11.002688,8.822274,9.05052,6.8078856,9.479847,6.265023,10.969108,15.121167,15.938974,22.2992,22.642717,26.024889,29.69004,29.057573,28.092152,24.079948,22.95593,18.65981,17.694283,16.757113,13.701109,16.967533,16.094982,13.698033,20.438452,20.84734,23.257574,27.529383,26.423685,30.323,32.8939,33.555084,29.674723,23.937523,23.728018,18.748093,20.011642,15.821108,17.590624,15.653159,15.160075,15.214804,15.982296,19.46376,21.873672,19.078566,20.369925,18.411432,23.2051,20.002602,25.214447,25.00127,27.588276,28.659824,27.903934,32.462784,31.657394,31.52002,32.386898,30.589857,27.659058,24.759464,23.681383,21.614283,24.246319,19.685894,23.201916,24.004017,23.032501,21.02326,21.211836,16.922356,19.826857,18.17624,22.66117
34,42.111717,41.050327,38.49508,35.347725,34.14708,32.4716,27.44319,28.253979,23.049309,22.867275,20.91079,22.440472,19.854424,16.660643,18.659695,17.769974,21.827332,21.48049,26.117811,27.854769,31.780228,33.08061,35.764435,38.368988,36.049183,32.44715,28.503641,26.259403,21.044085,19.550043,14.957142,10.491048,5.6299996,5.4978914,0.0,4.627683,6.0499983,8.926194,7.738421,9.16392,10.354427,13.295336,11.328736,15.9102335,19.724154,20.247791,26.489763,26.442356,30.08261,33.470917,33.26724,32.404236,28.690474,26.761147,22.871967,21.679756,19.883087,16.529076,18.810045,17.114729,15.368182,21.598839,23.017342,25.053091,30.078138,28.778728,32.307247,35.45335,35.468212,31.173895,25.737535,24.569468,19.684484,19.712214,15.36528,15.51088,13.260951,11.588512,11.044173,12.6276045,15.681603,18.70299,17.079264,19.201918,18.301123,23.165152,21.25805,27.099287,27.495167,30.389647,31.942623,31.554092,36.31712,35.837112,36.092903,37.154285,35.344162,32.31958,29.185509,28.219763,25.59443,28.522234,23.296041,26.675621,27.477678,25.82619,23.681698,22.81136,18.359888,20.084558,17.400257,21.500652
35,42.16324,41.463234,39.11017,36.107162,35.34899,33.477345,28.628897,30.014086,24.759424,25.245117,23.40484,25.580975,23.29997,20.011173,22.200506,20.425447,24.530298,23.553959,28.249783,29.545126,33.63041,34.7904,36.977936,39.55078,37.034645,33.271446,29.402088,27.948631,22.04249,21.374237,16.26854,12.408009,9.037329,5.795307,4.627683,0.0,4.0962563,5.478847,5.6869845,8.525082,7.7825923,12.223922,10.624987,16.009323,19.538868,21.16205,27.33019,27.943174,31.28328,35.018806,34.582054,33.771595,29.714441,28.729486,24.439667,23.44808,22.412256,19.22932,22.025421,20.842619,18.724125,25.23949,26.012354,28.101599,32.787586,31.25835,34.936604,37.639244,37.779823,33.62449,27.95206,27.361298,22.338358,23.05171,18.378967,19.504477,16.455908,15.453643,14.125068,14.790777,17.301985,19.89997,17.982746,20.241386,19.253687,23.83031,21.892338,27.131958,27.684294,30.099522,31.700603,31.576048,35.88903,36.096508,35.624928,36.8537,35.363415,32.295696,29.559925,27.83058,25.389866,27.504019,22.203182,24.9012,25.175936,23.470581,21.832983,20.325548,16.96549,18.731396,16.717054,21.125685
