,0,1,2,3,4,5,6,7,8,9,10,11,12,13,14,15,16,17,18,19,20,21,22,23,24,25,26,27,28,29,30,31,32,33,34,35,36,37,38,39,40,41,42,43,44,45,46,47,48,49,50,51,52,53,54,55,56,57,58,59,60,61,62,63,64,65,66,67,68,69,70,71,72,73,74,75,76,77,78,79,80,81,82,83,84,85,86,87,88,89,90,91,92,93,94,95,96,97,98,99,100,101,102,103,104,105,106,107,108,109,110,111
0,0.0,4.245829,7.604554,9.718119,12.730937,13.979942,17.534418,20.890955,24.324152,27.492464,29.272013,34.824474,35.04116,31.673182,34.902573,31.440649,31.608065,31.916674,31.407028,32.682934,30.82191,34.41909,32.777046,29.496374,30.445152,27.09948,28.375301,26.947676,26.393682,28.26523,26.147818,32.707794,28.993816,33.513226,36.361546,37.57142,36.177483,32.653458,31.37945,29.733849,25.224165,25.255592,21.849428,21.059055,20.69045,22.33,18.799547,23.280392,19.713182,22.935602,22.439518,26.506882,25.10217,28.605604,28.229347,30.191753,28.64169,26.168428,26.114452,26.169558,28.326532,31.251379,34.51215,38.11204,41.645542,44.027607,47.329647,48.63975,45.742367,43.107155,39.24862,37.078133,33.313263,32.68287,28.8698,29.981026,26.469532,31.682777,27.232262,31.204552,29.304386,33.16778,31.331217,31.409979,29.441622,30.440092,30.239855,32.951168,31.39811,35.096397,35.155136,38.798553,39.646168,41.8887,43.729088,40.879032,43.18143,42.713375,39.572796,44.639565,45.37328,41.594387,40.996258,45.46298,47.76697,45.306915,42.85786,41.01576,36.88468,37.393463,33.15662,34.79367
1,4.245829,0.0,4.272713,5.7890735,8.966852,9.798873,13.596224,16.72679,20.141298,23.325418,25.031878,30.61408,30.845663,27.51936,30.899649,27.562786,27.986134,28.489033,28.486624,29.870626,28.55172,32.22133,31.038609,27.618813,28.240017,24.878067,25.479517,23.8652,22.855728,24.826788,22.219492,29.013048,25.237307,29.567848,32.603737,34.009136,32.890823,29.4586,28.20743,26.579334,21.926704,22.41555,18.49206,18.388403,18.422775,19.385975,17.013187,21.468798,18.506826,21.14159,21.481611,24.958742,24.01503,28.093964,27.071493,28.599983,26.71095,23.838175,23.76503,23.22917,25.972887,28.146992,31.912306,35.23752,38.96831,41.220234,44.651863,46.318333,43.500843,40.736275,37.076485,34.600067,30.922676,29.766668,26.228315,26.7349,23.383993,28.178925,23.73913,27.90163,25.686047,29.288845,27.262966,27.454975,25.491879,26.742352,26.5012,29.621864,28.424109,32.29937,32.7313,36.39957,37.56937,39.369,41.233418,38.08047,40.17791,39.47816,36.023304,41.11383,42.162823,38.45389,37.49292,41.861195,44.075596,41.455616,39.08186,36.998672,33.04048,33.396786,29.14366,30.831303
2,7.604554,4.272713,0.0,5.1406837,6.6770782,7.389856,11.386539,13.788813,17.747225,20.566788,22.552588,28.42339,27.992718,24.448616,27.45546,24.076767,24.197046,24.826393,24.429869,26.11445,24.756336,28.455685,27.414684,24.168806,24.870481,21.415638,21.997265,20.045956,19.247627,20.837326,18.62027,25.104816,21.593983,26.190138,29.035528,30.36568,28.985872,25.60793,24.10613,22.384695,17.868904,18.145006,14.3898115,14.296528,14.718433,16.195042,14.402978,19.211046,17.158834,19.915998,21.00231,24.413605,24.399487,28.657907,27.765831,28.880642,26.958527,23.633816,22.930302,22.08561,24.60412,26.24756,30.158716,32.988625,36.98657,38.586662,42.265118,44.17619,41.062683,38.13993,34.640312,31.923103,28.55044,27.273235,24.29007,24.641808,22.09261,26.90302,22.927689,27.570402,25.314152,28.38996,25.726337,25.571198,23.084269,24.244707,23.400776,26.655426,25.222557,29.103874,29.75456,33.25948,34.300507,35.863087,37.513702,34.265263,36.41858,35.65427,32.40109,37.396095,38.464897,34.9732,34.180695,38.41844,40.56305,38.091442,35.79591,33.887707,29.960312,30.722216,26.59657,28.769651
3,9.718119,5.7890735,5.1406837,0.0,3.7266684,6.3170547,7.923225,12.216287,14.803952,18.108517,20.234076,25.318674,25.812405,22.710659,26.095022,22.602201,23.400219,23.7559,24.821709,25.822968,25.368986,29.007912,28.43908,24.674976,24.661894,21.49287,21.128202,19.734856,18.097137,20.73274,17.825567,25.07844,21.944912,25.838654,29.288864,31.15333,30.36707,27.284319,25.64988,23.759277,19.376558,19.937609,14.966928,15.578769,15.650833,14.932938,14.157052,17.979502,15.77039,17.291721,18.65386,21.175453,20.865528,25.528757,23.796251,24.72904,22.52797,19.215654,19.060223,17.928438,21.253304,22.7005,26.887897,30.02338,33.848186,36.169388,39.611988,41.564274,38.974766,36.156162,32.70829,30.005884,26.349413,24.654753,21.288134,21.22003,17.953089,22.499746,18.201468,22.63732,20.512302,23.980457,21.792635,21.721418,19.789944,21.062563,21.118273,24.352283,23.673193,27.681936,28.415106,32.171978,33.87138,35.259254,37.36691,33.99519,35.7769,34.967915,31.10542,36.294685,37.487743,33.641598,32.279335,36.697613,38.959846,36.21794,33.762566,31.656382,27.593395,27.78118,23.506155,25.092768
4,12.730937,8.966852,6.6770782,3.7266684,0.0,6.0107503,5.022053,9.967401,12.355434,15.38459,18.127998,23.059324,23.160217,20.00974,22.97367,19.214031,19.859324,20.061852,21.28616,22.165428,21.971222,25.583147,25.278465,21.466496,21.25253,18.139175,17.458958,16.083035,14.430138,17.258892,14.816115,22.002895,19.605902,23.499977,26.945662,28.926798,28.003927,25.157104,23.074867,20.922844,16.980406,17.11229,11.796938,12.503086,12.602597,11.332445,11.569697,15.232636,13.95547,15.175623,17.347193,19.548286,20.150991,24.943094,23.283676,23.767893,21.57533,17.87439,17.091248,15.676744,18.789581,19.77372,24.069508,26.850065,30.858671,32.782887,36.370354,38.498207,35.762825,32.845898,29.528648,26.646473,23.171982,21.322153,18.347748,18.153585,15.573436,20.279667,16.537182,21.409983,19.55743,22.608429,19.904726,19.243208,16.832857,17.841919,17.607292,20.778173,20.024035,24.064423,24.95771,28.659372,30.437733,31.634684,33.7408,30.313873,32.057346,31.265102,27.458923,32.65482,33.76659,29.929333,28.651619,33.090343,35.39765,32.78475,30.275269,28.452871,24.197802,24.724983,20.540644,22.455893
5,13.979942,9.798873,7.389856,6.3170547,6.0107503,0.0,7.319406,7.13573,11.291159,14.155129,15.438443,21.567842,21.318773,17.930355,21.68476,18.98837,20.064737,21.432842,22.537148,24.52588,24.647556,28.289913,28.348537,25.046358,24.93825,21.739464,20.476185,18.075844,15.78623,17.454918,13.222589,20.34783,16.2353,20.053848,23.449686,25.273998,24.883993,21.781982,20.765125,19.406902,14.510573,16.64594,11.827157,14.217276,15.805763,15.190656,16.68248,20.588795,19.848415,20.944447,23.3357,25.213312,25.723747,30.658806,28.484007,28.806452,26.276453,22.523758,22.13109,19.890783,23.843565,23.503038,28.523132,30.66662,34.93679,36.368805,40.200672,42.846703,40.106674,37.014786,34.07329,30.800491,27.743149,25.190222,23.007812,21.636541,19.518341,22.596592,18.706858,23.361809,20.133593,22.33878,19.34392,19.904524,17.70875,19.847298,18.973473,23.48466,23.232563,27.391027,28.938282,32.36762,34.141182,34.615776,36.27043,32.351753,33.899193,32.48665,28.357311,33.31923,35.324734,32.118095,30.252808,34.10601,35.92867,32.935272,30.935732,28.126423,24.935606,25.026022,20.875776,23.051193
6,17.534418,13.596224,11.386539,7.923225,5.022053,7.319406,0.0,7.2163987,7.72396,10.863155,13.961492,18.238842,18.692032,15.913997,19.035896,15.364752,16.744644,17.018621,19.764555,20.356077,21.401867,24.814953,25.328033,21.434786,20.460024,17.785706,15.593119,14.375547,11.547366,15.053636,11.822813,19.326899,17.55105,20.584934,24.434603,26.871204,26.520828,24.141068,21.997149,19.850573,16.362118,17.028637,11.077559,13.11083,13.603844,10.107713,13.134003,15.464644,15.418491,15.02784,18.24148,19.000084,20.231956,25.349945,22.859547,22.598818,20.05166,16.017563,15.289258,12.721966,16.849966,16.227942,21.302322,23.597967,27.748453,29.656868,33.27748,35.86472,33.46713,30.488842,27.593168,24.386011,21.138277,18.338749,15.971997,14.432978,12.284496,15.904672,12.487159,17.59043,15.567167,18.072456,15.064406,14.258558,11.915374,13.327889,13.453393,17.209929,17.465805,21.628355,23.087864,26.746391,29.153088,29.642607,31.908792,28.149881,29.403131,28.317791,23.889322,29.126583,30.657211,26.827143,24.821484,29.166553,31.408163,28.520607,26.029736,23.89539,19.762438,19.882881,15.634859,17.463724
7,20.890955,16.72679,13.788813,12.216287,9.967401,7.13573,7.2163987,0.0,5.5935035,7.396258,8.965292,15.313531,14.301932,10.818312,14.653983,12.391772,14.141969,16.125586,18.494257,20.62153,22.102978,25.43112,26.526411,23.457106,22.666122,19.979595,17.147377,14.45106,11.028974,12.497822,6.798664,14.262519,10.909405,13.873416,17.725866,20.130072,20.322695,17.945007,16.68541,15.364565,11.302138,14.224234,9.096957,13.3135,15.630264,13.475536,17.82744,20.614714,21.567274,21.491903,25.04636,25.723225,27.350582,32.465603,29.851967,29.295675,26.598534,22.49942,21.67124,18.442646,22.663107,20.320604,25.921894,26.93378,31.469528,32.12232,36.16494,39.469486,36.830418,33.591835,31.323818,27.591993,25.231571,21.747227,20.958004,18.205769,17.67356,19.174463,16.512545,21.298325,17.919008,18.574205,14.533184,14.857155,12.222385,14.904474,13.322858,18.790428,19.3931,23.495787,25.854683,28.92575,31.150171,30.58333,32.107162,27.736439,28.75006,26.851898,22.22449,27.03275,29.678158,26.878675,24.343868,27.762402,29.322937,26.12367,24.371136,21.18512,18.531225,18.588566,14.7059965,17.492504
8,24.324152,20.141298,17.747225,14.803952,12.355434,11.291159,7.72396,5.5935035,0.0,3.7381837,6.5062227,10.77571,11.272412,8.984269,13.049652,10.768652,13.688789,15.0885105,19.492352,20.525461,23.146025,26.13096,27.777622,24.39756,22.807692,20.747173,16.803354,15.121028,10.827272,13.640207,8.2689905,15.297569,13.737025,14.90951,19.257809,22.255995,23.090393,21.444912,19.902296,18.391718,15.506886,17.801146,12.420182,16.351442,17.964222,13.7427,19.166159,20.577278,21.895563,20.443995,24.406494,23.818542,25.637321,30.837994,27.525978,26.41123,23.531958,19.504353,18.99416,15.08489,20.023687,16.483868,22.505302,23.334116,27.687225,28.861061,32.640198,36.144974,34.129215,31.030973,29.086716,25.35461,23.032988,18.863592,18.344687,14.467015,14.108964,14.077188,11.961527,16.503025,13.294438,13.427986,9.175952,9.311258,7.2611284,10.646072,10.362545,15.917874,17.825323,21.80484,24.37168,27.493187,30.453833,29.51811,31.5083,27.110987,27.534945,25.600605,20.238203,25.133757,27.925108,24.815964,21.435648,24.952642,26.629105,23.093643,21.146496,17.691454,14.912799,14.018416,9.859583,12.074432
9,27.492464,23.325418,20.566788,18.108517,15.38459,14.155129,10.863155,7.396258,3.7381837,0.0,4.796453,8.699622,7.8302608,5.4868293,9.390123,7.720107,11.148406,13.047251,17.898146,19.121313,22.331476,25.017672,27.15058,24.150127,22.383083,20.662655,16.183922,14.326556,9.878454,11.9794655,6.6766844,12.49593,11.975407,12.266411,16.57881,19.767282,20.82969,19.718252,18.109224,16.752638,14.750225,17.162355,12.52361,16.777756,18.718155,14.553609,20.74529,21.81614,23.901522,22.317944,26.603006,25.756876,28.123367,33.20587,30.012144,28.58345,25.808775,21.77152,20.873259,16.853098,21.29796,16.824425,22.802649,22.734722,27.212591,27.5812,31.525393,35.40456,33.31414,30.136856,28.654165,24.710642,23.010073,18.5345,19.093803,14.745613,15.750473,14.862258,14.001659,18.236635,15.286841,14.194196,9.35091,9.010057,6.4403787,9.9202585,8.606113,14.673328,16.9358,20.648502,23.668957,26.390072,29.400507,27.830893,29.572021,24.96761,25.08695,22.822641,17.285181,21.947935,25.185383,22.5335,18.82546,21.8928,23.318789,19.691877,18.003588,14.262764,12.060245,11.354282,7.679642,10.812456
10,29.272013,25.031878,22.552588,20.234076,18.127998,15.438443,13.961492,8.965292,6.5062227,4.796453,0.0,7.2877955,6.756123,5.1583495,10.482854,10.9685335,14.500626,17.080063,21.540012,23.321848,26.492504,29.150936,31.340836,28.567768,26.952093,25.14596,20.775425,18.564638,14.268011,15.382927,9.150881,13.798478,11.666129,10.536766,15.089159,18.372093,20.463602,19.432411,18.986977,18.468752,16.028658,19.748022,15.67724,20.343098,22.706442,19.100777,24.981028,26.421606,28.183535,26.706724,30.817171,29.964996,31.905914,37.099163,33.513275,32.141567,29.165638,25.293404,24.922295,20.748438,25.689095,21.04551,27.138159,26.953527,31.293037,31.659843,35.516315,39.586933,37.712307,34.566967,33.279846,29.316593,27.720692,23.121433,23.678484,19.080412,19.649963,17.677856,16.492188,19.977497,15.985667,13.969895,9.475175,11.251159,10.238583,14.120987,13.041693,19.116322,21.58109,25.165867,28.328474,30.89212,33.87377,31.978186,33.44961,28.685509,28.578068,25.915646,20.293364,24.395153,28.338425,26.25749,22.11867,24.421986,25.277063,21.280214,20.27567,15.409745,14.979754,13.298987,10.37868,12.696722
11,34.824474,30.61408,28.42339,25.318674,23.059324,21.567842,18.238842,15.313531,10.77571,8.699622,7.2877955,0.0,5.89596,8.478371,11.628546,12.791474,16.81604,18.508894,24.523497,25.13536,29.320414,31.428482,34.169666,31.30977,28.989847,27.959223,22.836445,21.718718,17.354645,19.199131,14.531519,17.609587,17.718323,15.166591,19.276121,22.797316,25.312256,25.118418,24.309328,23.591599,22.281673,25.165802,21.074091,25.299187,27.067053,22.18543,28.59908,28.741657,30.902376,28.247488,32.570526,30.43205,32.603134,37.59404,33.44319,31.412722,28.456524,25.03335,24.963795,20.51599,25.502506,19.576494,25.474081,24.616026,28.409119,29.078136,32.428024,36.791847,35.80155,32.957844,32.346024,28.556217,27.383257,22.305605,23.557638,18.070097,19.312141,14.8351145,15.445121,17.436909,14.279786,10.2863865,6.4167457,8.211049,9.503726,13.021999,13.482234,18.44707,22.242508,25.18693,28.497879,30.7885,34.456684,32.004326,33.842216,29.242205,28.299185,25.62016,19.506468,23.077477,27.220575,25.162806,20.002506,21.808832,22.51752,18.133179,17.262594,11.879289,12.580951,8.863056,7.49758,7.869072
12,35.04116,30.845663,27.992718,25.812405,23.160217,21.318773,18.692032,14.301932,11.272412,7.8302608,6.756123,5.89596,0.0,4.08075,6.1998878,8.94092,12.663389,15.230415,20.493113,21.892294,26.040577,27.989225,30.933702,28.668833,26.621098,25.601294,20.56952,18.78886,14.8202915,15.26969,11.169082,12.241421,13.253579,10.180635,13.938524,17.46283,19.839138,20.071617,19.201643,18.74307,18.256754,21.209103,18.20251,22.600435,24.881794,20.930235,27.640335,28.158377,30.944614,28.9563,33.49333,31.991003,34.74488,39.68144,36.23318,34.306858,31.558643,27.779057,26.89326,22.680017,26.801859,20.968658,26.63139,25.101221,29.323072,28.593943,32.450573,37.015614,35.2829,32.189083,31.744102,27.684551,27.074284,22.194012,24.224798,19.161001,21.460571,18.408537,19.149242,22.114002,19.197222,15.89029,11.395459,11.667338,10.651505,13.617148,11.953408,17.3795,20.493618,23.294798,26.938442,28.793812,31.977211,29.10803,30.333727,25.508007,24.661333,21.607044,15.813831,19.109709,23.69966,22.39463,17.64254,18.907516,19.26108,15.060969,14.656489,9.160734,10.675432,8.992281,8.341249,11.134925
13,31.673182,27.51936,24.448616,22.710659,20.00974,17.930355,15.913997,10.818312,8.984269,5.4868293,5.1583495,8.478371,4.08075,0.0,5.374002,6.9593506,10.405138,13.458962,17.88058,19.871399,23.446873,25.728943,28.346573,26.076084,24.391445,22.959366,18.331648,15.9743395,12.038514,12.115524,7.244841,9.4164295,9.594393,7.8147974,11.986843,15.407101,17.188997,16.873724,15.8313875,15.2490015,14.280511,17.437725,14.401135,18.981138,21.525675,18.208052,24.67507,25.788961,28.436584,27.045065,31.479565,30.632994,33.338505,38.327557,35.24908,33.644665,30.936115,26.935589,25.81436,21.80481,25.776737,20.680412,26.39344,25.307364,29.813204,29.03583,33.146828,37.46779,35.242077,31.99487,31.11201,26.988459,26.09952,21.532393,23.15805,18.644913,20.649754,18.967894,18.93036,22.6633,19.56754,17.238012,12.390916,12.452829,10.282505,13.275071,10.76438,16.744429,19.04334,22.232403,25.73371,27.794952,30.60181,28.164663,29.271475,24.396301,24.127394,21.225153,15.779359,19.5994,23.784613,22.253078,18.257282,20.108837,20.773262,16.99839,16.22655,11.662255,11.645391,11.216378,9.345492,12.889745
14,34.902573,30.899649,27.45546,26.095022,22.97367,21.68476,19.035896,14.653983,13.049652,9.390123,10.482854,11.628546,6.1998878,5.374002,0.0,4.978193,7.4644356,10.621206,15.041864,16.915041,21.040571,22.707544,25.85215,24.178331,22.343609,21.528328,16.724016,14.605187,11.564931,10.570766,8.969285,7.020493,10.970699,9.025799,11.647205,14.808715,15.954202,16.609135,14.719865,13.931511,14.975445,16.895674,15.156881,19.110651,21.535719,18.473,25.25459,25.792353,29.285194,27.862917,32.51331,31.546225,34.953396,39.634655,37.044662,35.18962,32.7979,28.817587,27.04953,23.337889,26.202492,20.779442,25.804985,23.725462,28.229074,26.209438,30.486015,35.027718,32.52229,29.246317,28.90167,24.723017,24.701714,20.318604,23.082863,18.843485,22.180317,20.721022,21.77871,25.505896,23.312836,20.813747,16.021757,14.739184,12.011559,13.589288,10.015242,14.946212,17.049587,19.51421,23.313553,24.702923,27.352083,24.247334,24.975353,20.04936,19.454313,16.278074,11.067396,14.424227,18.885126,18.056364,14.267229,15.458676,15.917657,12.547768,12.053542,8.466155,8.970537,10.356977,10.167514,14.19
15,31.440649,27.562786,24.076767,22.602201,19.214031,18.98837,15.364752,12.391772,10.768652,7.720107,10.9685335,12.791474,8.94092,6.9593506,4.978193,0.0,4.0299444,6.5210443,11.788732,13.060896,17.106667,19.114655,21.996857,19.81893,17.87839,16.923473,11.993962,10.096526,6.746613,7.067628,6.743842,7.7011313,11.659125,11.952457,14.858326,17.739683,17.780293,17.673992,14.7727,12.914092,13.6408205,14.289126,11.636501,15.118313,17.090666,13.57566,20.447325,20.816269,24.380922,23.014435,27.663273,26.886572,30.433437,35.02042,32.775166,31.045897,28.817911,24.761892,22.656176,19.238672,21.667828,16.806677,21.737724,20.166664,24.869646,23.262154,27.64948,31.828009,29.063585,25.709768,24.84905,20.66707,20.231821,16.040985,18.4968,14.756665,18.154318,17.99719,18.881245,23.145023,21.543278,20.0805,15.260766,12.946865,9.188673,9.968409,5.6453714,10.875354,12.534706,15.5033045,19.089668,20.955675,23.657927,21.272161,22.515514,17.722008,17.71624,15.247311,10.046991,14.720179,17.883745,15.837162,12.741618,15.522635,16.99995,14.16694,12.433157,10.51476,7.734295,10.185139,8.713665,13.083993
16,31.608065,27.986134,24.197046,23.400219,19.859324,20.064737,16.744644,14.141969,13.688789,11.148406,14.500626,16.81604,12.663389,10.405138,7.4644356,4.0299444,0.0,4.0707817,7.87413,9.733971,13.596496,15.469124,18.440872,16.747017,15.094166,14.25643,9.813168,7.499633,5.961022,4.3095365,7.914607,6.8118515,12.135247,13.4470415,15.399154,17.70213,16.672466,16.667263,12.938453,10.563528,12.5552845,11.796441,10.475189,13.106608,15.080646,12.689422,19.203083,19.647419,23.655993,22.872461,27.429535,27.168137,31.055626,35.364162,33.795544,32.203022,30.274252,26.211502,23.579643,20.731981,22.109116,17.998755,22.16154,20.38617,25.125584,22.68784,27.276356,31.263535,27.901953,24.457777,23.564138,19.408737,19.381655,15.9342985,18.702572,16.010729,19.774782,20.72616,21.637,26.143831,24.901188,23.841557,19.07421,16.426195,12.373252,12.169416,7.3694644,10.885463,11.032708,13.657167,17.177483,18.688549,20.797012,18.450985,19.302158,14.495093,15.025821,12.7830715,8.84436,13.4249735,15.851251,14.0305195,12.388627,15.184272,16.80018,14.933923,13.179997,12.856297,9.782227,13.367717,12.283392,16.579334
17,31.916674,28.489033,24.826393,23.7559,20.061852,21.432842,17.018621,16.125586,15.0885105,13.047251,17.080063,18.508894,15.230415,13.458962,10.621206,6.5210443,4.0707817,0.0,7.1612806,6.705932,11.381447,12.985132,16.122145,14.087279,11.856497,11.652185,6.6755877,6.083041,5.7191343,6.293869,10.854113,10.807243,15.964191,17.438377,19.452942,21.699339,20.393656,20.337713,16.259455,13.472864,15.509303,13.466072,11.799044,13.161349,14.101346,10.962029,17.448248,16.933468,21.401518,20.280355,24.886053,24.368017,28.643438,32.642982,31.413078,29.69585,28.06833,24.16412,21.13678,18.738062,19.150928,15.299843,18.755997,16.833397,21.544952,18.99704,23.611053,27.40823,23.917532,20.461508,19.501648,15.354542,15.51094,12.348984,15.569978,13.513487,17.876036,19.472372,20.894495,25.330624,24.95974,24.324816,19.884304,16.402279,12.314639,10.763747,6.3840218,7.5391498,7.107694,9.597057,13.145656,14.760071,17.174759,15.089052,16.556433,12.028754,12.7114935,11.309323,7.789222,12.821117,13.907509,11.024024,10.191726,13.98897,16.320932,15.048019,12.571033,13.770608,9.284406,13.481552,12.559173,16.453033
18,31.407028,28.486624,24.429869,24.821709,21.28616,22.537148,19.764555,18.494257,19.492352,17.898146,21.540012,24.523497,20.493113,17.88058,15.041864,11.788732,7.87413,7.1612806,0.0,5.147626,6.5895576,8.429406,11.108256,10.579692,10.111759,9.4235935,7.926667,5.7653794,9.06989,6.361004,13.174624,11.477548,16.34923,19.230469,20.016733,21.213213,18.361185,18.105602,13.344233,10.177684,13.569576,9.377027,10.898808,10.470245,11.731194,12.332451,16.827559,17.454569,21.909967,22.43579,26.439178,27.318964,31.565186,35.19446,34.992443,33.804977,32.487446,28.582312,25.197561,23.597788,23.082941,20.95662,23.51394,21.969872,26.447523,23.128418,27.748688,30.941507,26.524303,23.105776,21.822998,18.165932,18.571825,17.131653,19.68005,19.243437,22.9531,25.867529,26.559486,31.386244,30.76447,30.593584,26.006382,22.94265,18.648266,17.356503,13.030531,13.634046,10.703571,12.250908,14.681273,15.5836735,15.9640665,14.658886,14.768221,10.776859,13.129192,12.435181,12.202063,15.699258,15.685809,14.007596,15.577442,18.45379,20.362185,20.09348,18.237793,19.799738,16.19425,20.439705,19.342867,23.384178
19,32.682934,29.870626,26.11445,25.822968,22.165428,24.52588,20.356077,20.62153,20.525461,19.121313,23.321848,25.13536,21.892294,19.871399,16.915041,13.060896,9.733971,6.705932,5.147626,0.0,5.4755206,6.372847,9.72509,8.405803,6.4620357,7.4230237,5.3502884,6.465491,9.822988,9.59752,15.892893,15.253744,20.381844,22.789358,24.070644,25.641897,23.184896,23.038599,18.349388,15.168958,17.999584,13.798464,13.809855,12.712074,12.486512,11.480638,15.937431,14.965417,20.00185,19.805498,23.87979,24.168303,28.856892,32.10053,32.139668,30.70563,29.723965,26.100607,22.396326,21.26359,19.694809,17.79532,19.355461,17.56242,21.817038,18.363796,22.909698,25.888695,21.402206,17.991018,16.720778,13.121153,13.95623,13.094726,16.185326,16.447163,20.717196,23.908705,25.267025,29.79828,30.094242,30.154173,25.950176,22.163847,18.0811,15.724638,12.236366,10.48061,6.708124,7.2987585,9.605974,10.521628,11.485802,10.474446,11.7507105,8.2404175,10.654606,11.140544,11.223236,14.921752,13.486935,10.5106125,13.055761,16.71702,19.289429,19.44799,16.979649,19.703764,15.162294,19.6355,18.831629,22.3682
20,30.82191,28.55172,24.756336,25.368986,21.971222,24.647556,21.401867,22.102978,23.146025,22.331476,26.492504,29.320414,26.040577,23.446873,21.040571,17.106667,13.596496,11.381447,6.5895576,5.4755206,0.0,3.7164764,4.9087243,4.3227787,5.1729198,5.1799192,7.697869,8.059528,12.5037155,11.765671,18.150585,17.923904,22.053408,25.447474,26.41097,27.473969,24.254517,23.60118,18.81374,15.531338,18.118294,12.72925,13.892763,11.030597,10.158968,11.996615,14.080835,14.008885,18.64983,19.853958,23.19978,24.716034,29.15154,32.035152,32.922825,32.029217,31.313251,27.782013,23.942448,23.530155,21.388828,21.136793,22.182953,21.307625,25.280949,22.189934,26.462296,28.666842,23.733862,20.547554,18.583677,15.734466,16.02259,16.491228,18.342499,19.840837,23.197714,27.544565,28.170008,32.97523,33.186268,33.86975,29.693285,26.150238,21.942453,19.79232,16.47609,15.05362,10.5255785,11.108045,11.691821,12.610522,11.710728,12.68663,13.302005,11.253857,14.53122,15.538932,16.497885,19.794426,17.906898,15.351908,18.48915,21.993767,24.433445,24.753687,22.41179,24.87664,20.35572,24.632673,23.301678,26.85531
21,34.41909,32.22133,28.455685,29.007912,25.583147,28.289913,24.814953,25.43112,26.13096,25.017672,29.150936,31.428482,27.989225,25.728943,22.707544,19.114655,15.469124,12.985132,8.429406,6.372847,3.7164764,0.0,4.2355833,6.0371456,6.4445333,8.118673,10.131522,11.109986,15.334782,14.384594,21.024555,19.831358,24.665878,27.647583,28.283787,29.235641,25.937866,25.742296,20.918047,17.823912,21.082256,15.758018,17.362385,14.713079,13.808972,15.227611,17.257662,16.43874,21.295803,22.198833,25.463242,26.64953,31.36071,33.892643,35.018257,33.938175,33.43716,30.089382,26.108238,25.850176,23.16266,22.733492,23.071974,21.550257,25.171162,21.188143,25.335093,27.44177,22.262005,19.223633,17.824009,15.330705,16.584244,17.516718,20.038574,21.654665,25.51944,29.563156,30.707993,35.299408,35.81634,36.25544,32.110863,28.330452,24.230953,21.763008,18.507336,16.233595,11.798448,11.017125,11.310971,10.996714,9.151223,9.935198,10.01181,8.930942,12.485509,14.196632,16.467562,18.93676,16.154484,14.103791,18.221643,21.265688,23.65631,24.651033,22.439413,25.690615,21.39853,25.95618,25.181425,28.651829
22,32.777046,31.038609,27.414684,28.43908,25.278465,28.348537,25.328033,26.526411,27.777622,27.15058,31.340836,34.169666,30.933702,28.346573,25.85215,21.996857,18.440872,16.122145,11.108256,9.72509,4.9087243,4.2355833,0.0,4.5612707,7.0808306,7.9347005,11.971508,12.831785,17.288519,16.55769,22.90199,22.477581,26.491976,30.068604,30.741863,31.504906,27.898994,27.249802,22.500969,19.377184,22.055826,16.299038,18.058847,14.425318,12.879362,15.691062,15.919034,15.569525,19.89215,21.694746,24.314684,26.324244,30.75979,32.967236,34.70267,34.029842,33.74223,30.532907,26.524904,26.809717,23.752266,24.50161,24.52573,23.811497,27.237825,23.910048,27.794691,29.284973,23.990587,21.18036,19.140142,17.213644,17.806118,19.500511,21.054424,23.482903,26.644266,31.4963,32.134087,36.853634,37.407578,38.371296,34.33824,30.670713,26.543121,24.13926,21.148125,19.008387,14.233431,13.838502,13.171405,13.323404,10.73125,13.172812,13.32551,13.054867,16.629892,18.429113,20.485664,23.151278,20.332005,18.078651,22.12588,25.412754,27.8611,28.71946,26.409836,29.38666,24.845898,29.207756,27.982767,31.375885
23,29.496374,27.618813,24.168806,24.674976,21.466496,25.046358,21.434786,23.457106,24.39756,24.150127,28.567768,31.30977,28.668833,26.076084,24.178331,19.81893,16.747017,14.087279,10.579692,8.405803,4.3227787,6.0371456,4.5612707,0.0,3.5769458,3.7380593,8.599004,10.1422615,14.346033,14.792149,20.547344,21.522068,25.07662,28.708263,30.038443,31.219835,28.058306,27.067705,22.37666,19.0239,20.801456,15.359957,15.606336,11.901688,9.614712,11.569117,11.766376,11.080667,15.590259,17.188898,19.998636,21.939604,26.330101,28.769812,30.267096,29.622711,29.2597,26.02323,22.044954,22.414766,19.418375,20.547058,20.778103,20.729462,24.328182,22.039696,25.9414,27.436989,22.470306,19.5224,16.841383,14.649287,14.305083,15.927376,16.84018,19.533306,22.306961,27.523474,27.946518,32.659966,33.35631,34.65406,30.838417,27.13393,23.112047,20.627508,18.129808,15.952684,11.08267,11.532045,10.706859,12.214568,11.044959,13.78681,15.155443,14.092919,17.302525,18.831553,19.5767,23.09814,20.698195,17.443075,20.72639,24.71928,27.464273,27.7473,25.081259,27.648642,22.591284,26.604847,24.962019,28.110537
24,30.445152,28.240017,24.870481,24.661894,21.25253,24.93825,20.460024,22.666122,22.807692,22.383083,26.952093,28.989847,26.621098,24.391445,22.343609,17.87839,15.094166,11.856497,10.111759,6.4620357,5.1729198,6.4445333,7.0808306,3.5769458,0.0,3.5805821,6.230027,9.019577,12.751911,13.9372425,19.552483,20.667767,24.682255,27.804735,29.432184,30.955126,28.233477,27.469452,22.775745,19.387087,21.19745,16.27281,15.636708,12.762974,10.630011,10.372495,12.120791,10.24459,15.348608,15.812211,19.176899,20.209637,24.92845,27.524458,28.579567,27.564014,27.137419,23.896883,19.852882,20.010061,16.935545,17.452433,17.613846,17.229862,20.930832,18.646452,22.64562,24.421366,19.634062,16.521004,13.949431,11.333605,11.157297,12.534092,14.046902,16.528597,19.83449,24.67586,25.581146,30.100262,31.08298,32.184765,28.478487,24.50186,20.617176,17.783234,15.570215,12.66689,7.7673616,8.03206,7.3890405,9.385259,9.459331,11.712778,13.858729,12.430648,15.214796,16.768116,17.054424,20.77747,18.340946,14.545729,17.638636,21.895763,24.829664,25.046768,22.191923,24.986475,19.713732,23.718355,22.29188,25.250134
25,27.09948,24.878067,21.415638,21.49287,18.139175,21.739464,17.785706,19.979595,20.747173,20.662655,25.14596,27.959223,25.601294,22.959366,21.528328,16.923473,14.25643,11.652185,9.4235935,7.4230237,5.1799192,8.118673,7.9347005,3.7380593,3.5805821,0.0,5.541494,7.1451125,11.007858,12.21857,17.41044,19.317223,22.486296,26.084135,27.845587,29.315748,26.551935,25.367443,20.81048,17.38803,18.527817,13.601461,12.661336,9.371178,7.0503383,7.862322,9.283466,8.872821,13.539373,14.7472925,18.079191,19.77608,24.05438,27.035286,27.910286,27.202051,26.519983,23.045868,19.21197,19.179947,16.891941,17.661713,18.731537,19.013002,22.987526,21.395874,25.451984,27.311737,22.761345,19.628693,16.777674,14.0118265,12.910386,13.624163,14.200361,16.442858,19.00403,24.191717,24.38675,29.203901,29.706041,31.054062,27.251448,23.657444,19.629742,17.328442,14.932033,13.356753,8.725853,10.453904,10.358633,12.823043,12.996018,14.9863205,16.79447,14.765812,17.568333,18.52036,18.077082,22.223013,20.575598,16.901533,19.200512,23.537704,26.333885,26.044464,23.256262,25.227745,20.000132,23.705608,21.717602,24.839085
26,28.375301,25.479517,21.997265,21.128202,17.458958,20.476185,15.593119,17.147377,16.803354,16.183922,20.775425,22.836445,20.56952,18.331648,16.724016,11.993962,9.813168,6.6755877,7.926667,5.3502884,7.697869,10.131522,11.971508,8.599004,6.230027,5.541494,0.0,4.168855,6.73318,9.040011,13.850374,15.866234,19.634087,22.396408,24.566736,26.530142,24.521849,23.69312,19.29465,15.977034,17.161453,13.486897,11.316885,10.257013,9.381658,6.3736606,11.619811,10.6135,15.412384,14.930466,19.209925,19.512363,23.941969,27.530777,27.252714,25.975485,24.827057,21.07951,17.473816,16.330687,15.182275,13.842405,16.09701,15.6367235,20.134068,18.541983,22.901989,25.633238,21.650888,18.267035,16.037968,12.335914,11.40837,10.060805,11.836038,12.327621,15.84831,19.85356,20.62518,25.34269,25.713411,26.436882,22.492235,18.712704,14.641149,12.242268,9.544748,8.239366,4.2823873,7.552586,9.370882,12.132196,14.026727,14.240803,16.44292,13.228142,15.125993,15.325776,13.465775,18.162157,17.399408,13.405916,14.428779,18.994093,21.821638,21.042265,18.144718,19.837982,14.491361,18.175066,16.363726,19.58138
27,26.947676,23.8652,20.045956,19.734856,16.083035,18.075844,14.375547,14.45106,15.121028,14.326556,18.564638,21.718718,18.78886,15.9743395,14.605187,10.096526,7.499633,6.083041,5.7653794,6.465491,8.059528,11.109986,12.831785,10.1422615,9.019577,7.1451125,4.168855,0.0,4.502767,5.2924266,10.581916,12.493796,15.812445,19.0336,21.02878,22.819498,20.670353,19.629076,15.281131,11.957072,13.021014,9.506288,7.620922,7.3647237,8.0707035,6.722496,12.231223,12.982418,17.096146,17.324883,21.483185,22.305918,26.261318,30.197222,29.65086,28.587006,27.110926,23.119925,19.902205,18.237179,18.23227,16.519428,19.684952,19.233744,23.880514,22.151886,26.631168,29.619457,25.651867,22.229296,20.176184,16.417469,15.499258,13.629259,15.062308,14.666928,17.638063,21.206718,21.358353,26.349882,25.825136,26.305557,21.9671,18.848375,14.518726,13.2211895,9.523719,10.705657,7.9418225,11.188044,13.375046,15.713462,17.095928,16.798416,18.196722,14.403381,16.377298,15.800391,13.645107,18.333666,18.560354,15.431236,15.865531,19.873043,22.242863,21.1019,18.641478,19.39384,14.756629,18.293695,16.19325,19.931267
28,26.393682,22.855728,19.247627,18.097137,14.430138,15.78623,11.547366,11.028974,10.827272,9.878454,14.268011,17.354645,14.8202915,12.038514,11.564931,6.746613,5.961022,5.7191343,9.06989,9.822988,12.5037155,15.334782,17.288519,14.346033,12.751911,11.007858,6.73318,4.502767,0.0,4.9553127,7.256068,11.023247,13.647689,16.281,19.050003,21.373981,20.160978,19.066525,15.35774,12.467187,12.424495,11.005451,7.1520615,9.2869215,10.572984,7.0193343,13.748069,14.514682,18.027382,17.415367,21.859947,22.007511,25.595507,30.01385,28.560362,27.31276,25.396135,21.249508,18.595097,16.043053,17.527689,14.66118,19.038242,18.719036,23.506413,22.549774,26.948648,30.310993,26.993092,23.594028,21.699368,17.73151,16.40157,13.250971,14.473532,12.5418825,15.235507,17.822857,17.812172,22.785234,21.801636,21.99763,17.551996,14.700112,10.345964,9.856854,6.030838,9.572007,8.964338,12.822088,15.51504,18.163115,20.391218,19.555655,21.23382,17.02358,18.217299,16.961569,13.184848,18.29375,19.614746,16.402359,15.18031,19.22007,21.452152,19.44823,17.001652,16.558136,12.021136,14.778412,12.163703,15.968156
29,28.26523,24.826788,20.837326,20.73274,17.258892,17.454918,15.053636,12.497822,13.640207,11.9794655,15.382927,19.199131,15.26969,12.115524,10.570766,7.067628,4.3095365,6.293869,6.361004,9.59752,11.765671,14.384594,16.55769,14.792149,13.9372425,12.21857,9.040011,5.2924266,4.9553127,0.0,6.81394,7.278487,10.914257,13.948497,15.740552,17.571901,15.728877,14.889682,10.785189,7.8060308,9.265511,7.6527977,6.6042247,9.09876,11.592503,10.734936,16.482904,17.931778,21.576706,21.713287,25.953316,26.57986,30.210798,34.51195,33.349884,32.19327,30.322092,26.1706,23.459923,20.997417,22.225243,19.324682,23.38396,22.412708,27.19253,25.112984,29.710014,33.257103,29.529638,26.057524,24.549007,20.556612,19.98968,17.220127,19.043158,17.25124,20.184866,22.350498,22.375645,27.295282,25.820543,25.47931,20.72631,18.40033,14.129183,14.103198,9.566257,12.997804,11.815435,14.864849,17.771444,19.61547,21.058142,19.64301,20.335852,15.854188,17.263647,15.546651,12.685334,17.076195,18.820692,16.812414,16.1273,19.181194,20.861242,19.209028,17.435698,17.00309,13.715622,16.95698,15.052673,19.273588
30,26.147818,22.219492,18.62027,17.825567,14.816115,13.222589,11.822813,6.798664,8.2689905,6.6766844,9.150881,14.531519,11.169082,7.244841,8.969285,6.743842,7.914607,10.854113,13.174624,15.892893,18.150585,21.024555,22.90199,20.547344,19.552483,17.41044,13.850374,10.581916,7.256068,6.81394,0.0,7.6767983,7.0642304,9.861677,13.204392,15.733795,15.517706,14.035018,11.800453,10.21438,8.315205,10.748591,7.1963544,11.926951,14.800368,12.841476,18.6387,20.697346,23.19669,22.940601,27.104855,27.444637,30.198875,35.05504,32.88346,31.819407,29.39077,25.168095,23.446644,20.17362,23.29279,19.85503,25.132465,24.808477,29.576889,28.740211,33.1163,36.85581,33.834583,30.438154,28.798365,24.758305,23.428003,19.77094,20.655169,17.627825,19.233643,20.235142,19.28932,24.066639,21.40128,20.826693,16.02231,15.131652,11.492009,13.434588,9.930393,15.558619,16.031717,19.694586,22.670355,25.056803,27.129673,25.69628,26.723679,22.077394,22.902649,20.663225,16.304783,20.800264,23.720348,21.619602,19.26982,22.147316,23.469963,20.619537,19.141972,16.484062,14.173523,15.508913,12.659675,16.607924
31,32.707794,29.013048,25.104816,25.07844,22.002895,20.34783,19.326899,14.262519,15.297569,12.49593,13.798478,17.609587,12.241421,9.4164295,7.020493,7.7011313,6.8118515,10.807243,11.477548,15.253744,17.923904,19.831358,22.477581,21.522068,20.667767,19.317223,15.866234,12.493796,11.023247,7.278487,7.6767983,0.0,6.998855,7.9883585,8.858501,10.908666,10.159827,10.509917,7.805904,7.136632,9.384998,11.199868,11.643714,15.319334,18.442682,17.632889,23.498236,25.093819,28.556604,28.407606,32.756107,32.98326,36.41395,40.974766,39.18916,37.82217,35.620163,31.445354,29.229752,26.089966,28.2524,24.14814,28.754343,27.050468,31.76936,29.16297,33.741863,37.894085,34.507313,31.068369,30.28505,26.15274,26.115252,22.65453,25.042797,22.050982,25.090832,25.43631,25.651562,30.099974,27.717333,26.117868,21.170454,19.947239,16.387543,17.563627,13.05776,17.56437,17.739727,20.266735,23.716518,24.9435,26.475529,23.859587,23.792892,18.952936,19.432528,16.516739,13.302969,16.35027,19.962297,19.574638,17.706232,19.009777,19.490383,17.335484,16.875694,14.91661,14.372285,16.857409,15.882545,20.184946
32,28.993816,25.237307,21.593983,21.944912,19.605902,16.2353,17.55105,10.909405,13.737025,11.975407,11.666129,17.718323,13.253579,9.594393,10.970699,11.659125,12.135247,15.964191,16.34923,20.381844,22.053408,24.665878,26.491976,25.07662,24.682255,22.486296,19.634087,15.812445,13.647689,10.914257,7.0642304,6.998855,0.0,5.5052686,7.4914575,9.368441,9.621619,7.885757,7.861958,8.574063,6.503925,11.645885,11.20523,15.733351,19.35532,19.154072,24.161837,26.898935,29.251753,29.606764,33.55483,34.315968,36.885654,41.761066,39.635254,38.71586,36.206882,31.99564,30.424051,27.132784,30.325775,26.81515,32.05742,31.338606,36.117405,34.57557,39.069572,43.03194,39.800568,36.352974,34.997616,30.910015,30.003342,26.468554,27.647854,24.597466,26.189116,26.652397,25.541952,30.038279,26.613218,25.402975,20.671473,20.847107,17.772495,20.090275,16.365496,21.87971,22.11856,25.36692,28.490158,30.354403,31.864115,29.959862,30.113203,25.383732,26.171217,23.421661,19.810709,23.176144,26.835972,25.968304,23.739918,25.420923,25.89,23.134909,22.656994,19.391043,18.976534,20.139812,18.072376,21.955364
33,33.513226,29.567848,26.190138,25.838654,23.499977,20.053848,20.584934,13.873416,14.90951,12.266411,10.536766,15.166591,10.180635,7.8147974,9.025799,11.952457,13.4470415,17.438377,19.230469,22.789358,25.447474,27.647583,30.068604,28.708263,27.804735,26.084135,22.396408,19.0336,16.281,13.948497,9.861677,7.9883585,5.5052686,0.0,4.558198,7.8812566,10.605049,10.609078,11.459465,12.616904,11.915892,16.5417,15.82549,20.466974,23.863688,22.587048,28.34112,30.429827,33.052864,32.674343,36.902184,36.914444,39.578857,44.553276,41.89769,40.60548,37.941402,33.823948,32.508408,28.774494,32.37861,27.836218,33.291096,31.99131,36.626972,34.92129,39.282204,43.650795,40.861813,37.48742,36.667984,32.485268,31.941736,27.852545,29.606586,25.709486,27.694677,26.688732,26.188648,30.077534,26.46136,24.17732,19.555521,20.21215,17.868942,20.556923,17.14608,22.817223,24.045315,27.000298,30.518028,32.117153,34.078625,31.42102,31.548243,26.638742,26.682547,23.44111,19.309149,22.0147,26.56787,26.2476,23.110432,23.925222,23.804535,20.61989,20.814415,16.607788,17.846308,18.262398,17.048225,20.629694
34,36.361546,32.603737,29.035528,29.288864,26.945662,23.449686,24.434603,17.725866,19.257809,16.57881,15.089159,19.276121,13.938524,11.986843,11.647205,14.858326,15.399154,19.452942,20.016733,24.070644,26.41097,28.283787,30.741863,30.038443,29.432184,27.845587,24.566736,21.02878,19.050003,15.740552,13.204392,8.858501,7.4914575,4.558198,0.0,3.5316324,7.15183,8.415272,10.24683,12.389065,12.912608,17.27617,18.08366,22.2983,25.872671,25.43314,30.951523,33.165443,36.041016,35.997272,40.210487,40.468433,43.349846,48.213264,45.860634,44.581333,42.026924,37.871044,36.295444,32.722103,35.88521,31.411486,36.568233,34.89695,39.53523,37.112526,41.56487,45.99274,42.922596,39.529575,38.929626,34.761284,34.62772,30.799377,32.921432,29.29247,31.657122,30.856953,30.564386,34.51131,30.998436,28.616928,23.9933,24.4348,21.907234,24.2247,20.393137,25.601479,26.391907,28.967302,32.509014,33.669186,35.178886,32.245224,31.774578,26.987429,27.061773,23.70266,20.517925,22.357115,26.97225,27.455471,24.844597,24.971819,24.408484,21.773321,22.469395,18.835703,20.587376,21.562927,20.871973,24.590395
35,37.57142,34.009136,30.36568,31.15333,28.926798,25.273998,26.871204,20.130072,22.255995,19.767282,18.372093,22.797316,17.46283,15.407101,14.808715,17.739683,17.70213,21.699339,21.213213,25.641897,27.473969,29.235641,31.504906,31.219835,30.955126,29.315748,26.530142,22.819498,21.373981,17.571901,15.733795,10.908666,9.368441,7.8812566,3.5316324,0.0,4.9446073,6.9095826,9.863892,12.712394,13.609063,17.837423,19.629492,23.486322,27.184187,27.512638,32.62084,35.112984,37.97667,38.318726,42.415024,43.008377,45.91052,50.708683,48.604027,47.44548,44.95376,40.762707,39.060265,35.645214,38.573605,34.375023,39.37176,37.670994,42.33534,39.600315,44.117878,48.482594,45.16795,41.756653,41.14703,37.02273,37.00404,33.437473,35.568314,32.23804,34.617504,34.169968,33.76419,37.837616,34.2893,32.04751,27.424257,27.837114,25.154799,27.323915,23.293385,28.279917,28.64142,31.078411,34.51616,35.490738,36.599518,33.70841,32.852943,28.238432,28.514141,25.231337,22.755058,24.203577,28.617327,29.463596,27.340242,27.257242,26.547903,24.311035,25.151064,21.924397,23.640312,24.912506,24.24733,28.04668
