,0,1,2,3,4,5,6,7,8,9,10,11,12,13,14,15,16,17,18,19,20,21,22,23,24,25,26,27,28,29,30,31,32,33,34,35,36,37,38,39,40,41,42,43,44,45,46,47,48,49,50,51,52,53,54,55,56,57,58,59,60,61,62,63,64,65,66,67,68,69,70,71,72,73,74,75,76,77,78,79,80,81,82,83,84,85,86,87,88,89,90,91,92,93,94,95,96,97,98,99,100,101,102,103,104,105,106,107,108
0,0.0,4.220653,6.48382,9.81549,12.2928295,14.834403,18.125359,22.071726,25.672197,28.029615,32.498966,32.591248,30.941654,31.898245,28.010935,29.025887,27.515371,26.621235,28.967634,26.605658,30.228333,28.815722,33.33833,29.293406,33.096233,34.21268,32.547222,34.312717,30.093441,33.10472,33.6344,35.018673,39.393772,37.2696,41.438488,42.28289,45.38271,45.64628,41.800022,38.499893,42.29254,38.940918,38.31326,36.20794,37.40157,34.35593,36.606716,35.195805,37.462196,37.51751,36.418056,39.52043,37.362354,41.386364,40.226967,43.652622,39.82403,42.552135,42.961735,40.91606,37.761448,37.263855,33.85655,31.144888,29.502893,25.256586,25.218946,20.97307,21.405651,16.983412,17.86972,22.727022,22.028658,28.103271,27.505142,31.255478,33.447716,34.824554,38.030724,39.04056,40.013615,36.924366,34.25562,32.12382,27.98641,29.306078,23.48941,24.61416,21.383986,23.052578,20.660793,22.904158,21.999418,19.296146,22.016792,21.491047,21.052492,17.869421,20.198133,20.425177,20.213184,22.686558,21.55311,19.799309,21.741617,21.305727,20.508347,23.558462,22.463663
1,4.220653,0.0,5.260203,6.6188993,8.911115,12.346458,14.797043,19.51169,22.53257,25.34877,29.470453,29.919054,28.316374,28.890646,25.014574,25.54756,24.013363,22.763376,25.18319,22.582102,26.229345,25.076527,29.4455,25.549244,29.365078,30.33677,28.597263,30.225677,25.880407,28.900911,29.430414,30.894955,35.386784,33.45515,37.559196,38.596596,41.644638,41.748436,37.905777,34.525806,38.21273,34.75728,34.158493,32.00836,33.206787,30.193829,32.520187,31.246243,33.54999,33.663376,32.51929,35.783623,33.800236,37.741085,36.358955,39.80051,35.908245,38.571617,39.101303,37.243713,34.004005,33.791817,30.244352,27.819807,26.23478,22.158691,22.483759,18.091024,18.79788,13.929952,14.107653,18.99515,18.23593,24.304714,23.998764,27.52987,30.018011,31.378307,34.62293,35.866024,36.639698,33.39266,30.868792,28.51129,24.361794,25.391935,19.592648,20.463451,17.253048,19.08704,16.962942,19.505943,18.89701,16.196102,18.730923,17.991589,17.232697,13.823355,16.421041,16.448568,16.748665,19.531271,18.412046,16.291521,18.753052,17.644394,17.430914,20.32389,19.771086
2,6.48382,5.260203,0.0,5.2992015,6.861783,8.77888,12.255419,15.757294,19.60206,21.685045,26.390064,26.582619,25.352541,26.48431,23.101645,24.088102,23.559948,22.5906,25.950205,23.917929,27.962397,27.514252,31.939758,28.622164,32.59681,33.215046,31.08708,32.361282,27.032701,29.942541,29.806519,31.364302,34.762554,32.81332,36.717262,37.360695,40.804127,41.1233,37.614826,34.65154,38.058487,35.239887,34.037724,32.40145,34.54056,31.446207,34.26027,33.2964,35.32082,35.073673,33.394264,36.505287,33.936657,37.572132,36.14089,39.16159,35.10052,37.76866,37.740597,35.549625,32.45271,32.045193,29.092796,26.313362,25.76688,20.990902,21.70613,17.4507,19.442337,14.798427,14.360025,19.075785,17.401556,23.649511,21.931068,25.875353,27.630238,28.880848,32.015385,32.817253,33.96378,31.044344,28.378817,26.454428,22.31818,24.219389,18.440855,20.842175,18.205818,20.551744,19.216162,21.74726,22.15482,19.95534,22.66713,21.838142,20.53809,16.622663,19.20041,17.871984,18.511995,21.07499,18.933023,16.72038,17.521397,16.5329,14.898475,17.613783,16.099598
3,9.81549,6.6188993,5.2992015,0.0,3.8639534,6.1451025,9.154956,13.285583,16.21609,19.095125,23.022036,23.339417,21.723074,22.32946,18.619112,19.31721,18.391249,17.420313,20.660225,18.827396,22.950432,22.646828,27.219894,24.267422,28.575203,29.299627,27.476578,28.23153,22.758099,25.245567,25.373936,26.380999,30.006697,27.800701,31.87592,32.58369,35.847614,36.182518,32.528973,29.512291,33.173367,30.444098,29.495378,28.167105,30.258957,27.52808,30.492586,29.952185,32.187542,32.221554,30.51911,34.04708,31.943232,35.326168,33.27905,36.231476,31.86367,34.24116,34.310925,32.66493,29.31467,29.825562,26.757875,24.661852,24.51268,20.092693,21.58912,17.233175,19.640366,14.505635,12.327681,16.90225,14.663884,20.953709,19.301731,22.712898,24.950634,25.830574,28.947989,30.00771,30.580065,27.526627,24.57637,22.507172,18.573544,19.932823,14.579238,17.016254,14.743198,17.702507,17.08471,20.166002,20.753216,18.422152,20.291853,18.851618,16.89352,12.937983,14.700097,12.80706,13.524561,16.129595,13.867081,11.462093,12.731679,11.612509,10.8412695,14.007651,13.72112
4,12.2928295,8.911115,6.861783,3.8639534,0.0,5.3106046,5.894304,11.210093,13.791602,16.750025,20.830984,21.775457,20.832582,21.286375,18.218037,18.224163,18.202555,16.532627,20.524254,18.335428,22.50527,22.961304,26.935186,24.307783,28.210314,28.38716,26.02338,26.807615,20.834967,23.643726,23.167612,24.931236,28.060827,26.530178,30.200783,31.097885,34.586803,34.65689,31.297878,28.358309,31.406631,28.660416,27.247236,25.773106,28.349352,25.34219,28.496468,27.98073,29.92024,29.650284,27.673983,31.021118,28.617777,31.906593,29.97668,32.8415,28.560003,31.08411,31.078691,29.166245,25.918856,26.103502,23.111898,20.871435,20.99431,16.420568,18.173286,13.943311,17.018574,12.124452,9.3940525,13.706737,11.186963,17.500978,15.678787,19.313341,21.448711,22.602308,25.801718,26.96143,27.802359,24.638689,22.225424,19.939898,15.719876,17.39954,11.596077,14.451112,12.413926,15.418761,15.317967,18.239393,19.650148,17.914392,20.058546,18.87535,16.808613,12.611694,15.387566,12.831927,14.835667,17.686197,15.220505,12.268383,13.260033,10.441616,9.570483,11.634245,11.184621
5,14.834403,12.346458,8.77888,6.1451025,5.3106046,0.0,6.050586,7.400215,11.273696,13.37055,17.794876,17.835901,16.705383,17.894148,15.025005,16.194569,16.888092,16.345274,20.734516,19.855085,24.20728,24.904991,29.28151,27.273844,31.621506,31.914656,29.786728,29.92698,23.446157,25.500092,24.801392,25.706772,27.72842,25.50329,29.226385,29.40637,33.119915,33.7253,30.575605,28.206017,31.429281,29.681992,28.01922,27.569008,30.806934,28.211,31.719454,31.719559,33.61213,33.311893,31.002064,34.39438,31.829779,34.613888,32.279053,34.569576,29.93668,32.12452,31.466528,29.659792,26.457878,27.172947,24.980722,22.857063,24.301508,19.459455,21.740368,17.888914,21.675186,17.092405,13.925416,17.553556,14.046518,19.993664,16.348875,19.911005,21.219315,21.68052,24.570845,25.10485,25.914314,23.313278,20.0374,18.61914,14.960244,17.410215,12.782002,17.314312,16.237988,19.689693,20.218391,23.205343,24.814209,23.041348,24.828838,23.282167,20.810652,16.774971,18.186413,14.767624,15.96902,18.012878,14.616053,12.31949,10.8008175,9.720051,6.4954715,9.402856,8.127923
6,18.125359,14.797043,12.255419,9.154956,5.894304,6.050586,0.0,6.962869,8.287133,11.523237,15.366298,16.977093,16.819506,17.026817,15.031679,14.319086,15.881581,13.867303,18.936308,17.251053,21.437677,23.087053,26.467232,24.893148,28.590302,28.195406,25.509657,25.621567,18.726439,21.16959,19.800459,21.798494,23.585888,22.541693,25.691244,26.494577,30.307753,30.305021,27.439804,24.951456,27.314241,25.232637,23.12905,22.300835,25.945864,23.086311,26.74672,26.841097,28.414795,27.870066,25.322422,28.61535,25.994308,28.619999,26.252945,28.554268,24.00417,26.348135,25.873255,23.95637,20.730257,21.353796,18.973595,17.084505,18.818731,14.294923,17.171848,13.718898,18.067217,14.017423,9.792947,12.333333,8.322699,14.009086,10.527036,14.119364,15.87141,16.78877,19.945126,21.077082,21.95442,18.841305,16.634201,14.384163,10.111058,12.550043,7.19258,12.13961,11.701585,15.145002,16.58182,19.362234,21.86578,20.831594,22.54692,21.230297,18.638624,14.676527,17.101095,13.205321,16.158356,18.674988,15.643983,12.573509,12.128844,7.7473145,6.3166533,6.287523,6.324492
7,22.071726,19.51169,15.757294,13.285583,11.210093,7.400215,6.962869,0.0,5.3376594,6.0038357,10.99331,11.350193,11.663933,13.156365,12.362972,13.190991,16.25986,15.795256,21.14237,21.09563,25.270483,27.199045,30.873028,30.01861,34.078667,33.76882,31.328741,30.768656,23.535313,25.001253,23.269249,24.224836,24.100962,22.350164,25.244642,24.962797,29.154427,29.856945,27.533499,26.016644,28.296984,27.719482,25.191925,25.772202,30.22413,27.904974,31.867283,32.517296,33.928513,33.280018,30.368835,33.510117,30.643766,32.52569,29.815872,31.202795,26.399666,28.22783,26.7295,24.878193,21.963215,23.131285,22.146025,20.413494,23.763851,19.137033,22.306099,19.472065,24.302881,20.634836,16.64066,18.553013,14.166875,18.595818,12.853449,15.990616,16.01987,15.801021,18.285864,18.254538,19.293,17.264374,13.909214,13.362771,10.502194,14.198623,11.535049,17.66849,18.138977,21.700218,23.482265,26.215466,28.822971,27.721296,29.246729,27.659782,24.80067,21.003614,22.218136,17.764889,19.73493,21.290998,17.43208,15.326274,11.892018,10.040652,5.5641613,4.8887587,1.8437994
8,25.672197,22.53257,19.60206,16.21609,13.791602,11.273696,8.287133,5.3376594,0.0,4.6842737,7.086992,9.186777,10.132283,10.171452,10.467724,9.547541,13.725847,12.685303,18.318293,18.48619,22.306902,25.016157,28.001787,27.934862,31.686464,31.04615,28.630674,27.521461,20.138151,21.084244,18.955326,19.848053,18.950548,17.711412,20.188965,20.141304,24.408169,24.847794,22.788958,21.47875,23.238153,23.021524,20.23483,21.34557,26.216139,24.26554,28.38079,29.526253,30.788185,30.189234,27.132421,30.375196,27.885592,29.234055,25.97705,27.031464,22.013958,23.479712,21.906979,20.592033,17.51908,19.770472,19.006193,18.258427,22.243479,18.48896,22.209185,19.8814,24.762793,21.448088,16.706734,17.409767,12.85174,15.912409,10.009038,11.909392,12.197284,11.353366,13.822255,14.313802,14.670761,12.294864,8.932566,8.03149,5.661346,9.460916,8.85392,15.135486,16.705158,20.257687,22.896334,25.570175,28.551334,27.802351,28.758003,27.043226,23.938797,20.61876,21.50048,16.67081,19.308247,20.717056,17.121807,14.97393,11.918935,8.684274,6.450173,2.3401499,4.814268
9,28.029615,25.34877,21.685045,19.095125,16.750025,13.37055,11.523237,6.0038357,4.6842737,0.0,5.8892336,7.136233,9.63214,10.961241,12.595511,12.7404785,17.386614,16.997068,22.500967,23.067595,26.828255,29.565002,32.57026,32.60765,36.345806,35.61865,33.072723,31.957277,24.529554,25.378925,22.930166,23.801952,21.725163,20.555433,22.46218,21.762646,26.244968,26.989626,25.532566,24.859842,26.17157,26.688103,23.5433,25.064259,30.299856,28.363382,32.518333,33.69376,34.71297,33.85902,30.594069,33.46859,30.555996,31.57022,28.540731,29.049923,24.23821,25.579987,23.326069,21.630838,19.119513,20.894152,21.104532,20.023882,24.712263,20.722301,24.348751,22.402225,27.575989,24.601889,20.299593,20.928822,16.44727,19.087543,12.353949,14.338591,13.015023,11.806099,13.564338,12.8496475,13.998144,12.783303,9.519407,10.272842,9.193182,13.339296,13.152161,19.461372,20.99158,24.386751,26.927877,29.419037,32.560482,31.889688,33.13251,31.523811,28.488762,25.029804,26.005962,21.197403,23.506046,24.690474,20.851368,19.022743,15.072773,13.052874,9.717899,6.640295,5.7147665
10,32.498966,29.470453,26.390064,23.022036,20.830984,17.794876,15.366298,10.99331,7.086992,5.8892336,0.0,4.665949,8.001715,7.7270494,11.320221,10.463351,15.915662,15.821243,20.883121,22.28816,25.464077,28.750553,31.22189,32.198658,35.781185,34.94876,32.762943,30.898647,23.706537,23.529064,20.974882,20.94447,17.376461,16.239508,17.476295,16.356094,20.911577,21.8009,20.899813,20.98921,21.8279,23.462334,20.26433,22.947048,28.426807,27.258917,31.445982,33.26281,34.209755,33.557537,30.27004,33.261948,30.948896,31.248138,27.529476,27.42505,22.449715,22.97054,20.39678,19.786835,17.33485,20.715769,21.411736,21.546453,26.651861,23.598352,27.54279,25.92029,30.943651,28.087757,23.269081,23.130623,18.752983,20.071724,13.89073,13.946935,12.65716,9.983728,10.729549,10.043522,9.521386,8.987967,4.446091,7.105091,8.896457,11.83158,14.453544,20.160595,22.551937,25.907974,29.051407,31.565914,34.78684,34.241947,34.810104,32.94921,29.680277,26.795412,26.945501,21.986198,24.280207,24.939589,21.371792,19.997856,16.024614,14.238028,12.4988165,9.2809,10.806683
11,32.591248,29.919054,26.582619,23.339417,21.775457,17.835901,16.977093,11.350193,9.186777,7.136233,4.665949,0.0,4.495425,6.2276063,10.005671,11.208591,16.146852,17.285402,21.918575,24.049103,27.36914,30.15771,33.281807,34.1327,38.197586,37.797825,35.966778,34.039413,26.96482,26.538734,24.53231,23.595705,20.34007,17.918064,19.707363,17.77101,22.095821,23.72633,22.634583,22.964811,24.616636,26.587746,23.866116,26.772406,31.92778,30.938616,35.093307,36.897686,38.10289,37.633095,34.46663,37.625984,35.34333,35.820263,32.09051,32.060146,27.04518,27.469997,24.894205,24.421246,21.99214,25.284895,25.875702,25.723608,30.597843,27.116096,30.917608,28.890491,33.88904,30.589981,25.85515,26.431746,21.91261,24.072779,17.843758,18.380293,17.186823,14.615095,15.145605,13.893486,13.269424,13.432473,8.4334955,11.245225,12.655582,15.410697,17.486794,23.373789,25.381655,28.99705,31.813541,34.576065,37.446346,36.5115,37.054737,34.980896,31.638704,28.657543,28.196194,23.272299,24.697414,24.882002,21.043406,20.271488,15.270261,15.341404,12.776022,11.004645,11.8797035
12,30.941654,28.316374,25.352541,21.723074,20.832582,16.705383,16.819506,11.663933,10.132283,9.63214,8.001715,4.495425,0.0,3.9155087,6.3903694,9.249356,13.213832,15.352296,19.38962,22.094517,25.449787,27.725737,31.397038,32.131905,36.609413,36.68498,35.34232,33.31726,26.546772,25.831553,24.579342,22.718758,20.541908,16.88684,19.654108,17.595224,21.509678,23.523403,21.727535,21.787428,24.529188,26.300934,24.286833,27.177618,31.743004,30.993084,35.03436,36.8376,38.423748,38.312172,35.425545,38.95671,37.03714,37.84824,33.935562,34.314453,29.120802,29.519829,27.406208,27.314177,24.512922,28.118889,28.049814,27.945578,32.19126,28.613785,32.316174,29.776434,34.4682,30.64067,25.813835,26.968496,22.471706,25.337154,19.717785,20.363028,20.093895,17.694164,18.586637,17.861856,16.691734,16.330257,10.781862,12.872046,13.878065,15.896005,17.706266,23.288725,25.00187,28.8233,31.386696,34.433792,36.824154,35.49875,35.742844,33.402138,29.987257,27.161018,25.90289,21.134605,21.783854,21.521627,17.659386,17.464548,12.012032,13.664233,11.37655,11.173407,12.685733
13,31.898245,28.890646,26.48431,22.32946,21.286375,17.894148,17.026817,13.156365,10.171452,10.961241,7.7270494,6.2276063,3.9155087,0.0,5.0652885,6.236644,10.673332,12.679205,16.48192,19.442606,22.452763,25.075188,28.34668,29.536352,33.836594,33.830154,32.673134,30.324457,23.776037,22.599617,21.450642,19.13544,16.81338,12.976585,15.842435,13.93973,17.83376,19.732737,17.820772,17.926334,20.695019,22.644394,20.812883,24.026735,28.49366,28.098717,32.086292,34.149334,35.749252,35.80335,33.01203,36.666706,35.16474,35.79347,31.580994,31.93079,26.688416,26.8095,24.927921,25.397003,22.461706,26.727972,26.494015,26.963352,31.105183,28.058994,31.89292,29.471014,33.983273,30.240759,25.135717,25.849163,21.511766,23.791536,18.812574,18.69084,18.973665,16.370846,17.212414,17.09476,15.131115,14.430721,8.807872,10.629891,12.372628,13.419545,16.357315,21.373442,23.486145,27.217058,30.086622,33.11513,35.529457,34.33093,34.17651,31.749647,28.252827,25.813177,24.249557,19.466434,20.39077,20.036018,16.54468,16.352407,11.666291,12.590092,11.765995,11.123178,13.855008
14,28.010935,25.014574,23.101645,18.619112,18.218037,15.025005,15.031679,12.362972,10.467724,12.595511,11.320221,10.005671,6.3903694,5.0652885,0.0,4.9569774,7.0348883,9.917527,13.3674345,16.358068,19.712925,21.580336,25.61617,26.220537,30.959106,31.440807,30.606167,28.51517,22.242128,21.301315,20.988873,18.37904,18.234295,13.726364,17.778172,16.562075,19.893518,21.649553,18.711155,17.802557,21.752985,22.60451,21.49791,23.95629,27.642103,27.11399,30.9263,32.688427,34.692505,35.035862,32.58026,36.54223,35.24176,36.47507,32.380066,33.418575,28.121496,28.596973,27.361635,27.724047,24.417381,28.381422,27.281616,27.474865,30.71235,27.45338,31.025297,28.048738,32.142075,27.896801,22.891697,24.355568,20.181969,23.462328,19.25426,19.718695,20.938196,18.98527,20.516771,20.893425,19.20091,17.66925,12.330635,12.720406,12.991614,13.543376,15.116309,19.695961,21.185236,25.066507,27.469587,30.746115,32.62048,31.019598,30.737696,28.13964,24.657495,22.238539,20.139746,15.557975,15.787203,15.294817,11.637748,11.765618,6.8413086,9.339567,9.08627,10.322299,13.365279
15,29.025887,25.54756,24.088102,19.31721,18.224163,16.194569,14.319086,13.190991,9.547541,12.7404785,10.463351,11.208591,9.249356,6.236644,4.9569774,0.0,5.544716,6.4728727,10.7342415,13.243948,16.344847,19.099033,22.276035,23.358788,27.612255,27.65472,26.637486,24.31433,17.9323,16.790474,16.179937,13.791542,13.623597,9.815131,13.817399,13.520545,16.996756,18.029423,15.012751,13.729853,17.2533,17.833275,16.557138,19.077868,22.96575,22.552225,26.421669,28.408422,30.265123,30.608917,28.131746,32.109188,31.099596,32.11794,27.822779,28.854425,23.565287,23.925636,22.98287,23.685827,20.268135,24.681475,23.42897,24.203175,27.421165,24.828964,28.558033,25.942404,29.930202,26.074701,20.797325,21.424383,17.467659,19.794975,16.306345,15.931402,17.748968,15.836812,17.476114,18.59477,16.518955,14.344403,9.720284,9.065767,9.762933,9.144186,12.101205,16.080742,18.225618,21.899689,24.820568,27.916748,30.110636,28.917013,28.390533,25.896252,22.368143,20.277458,18.54408,13.791876,15.276851,15.307317,12.318067,11.625168,8.867934,8.087876,9.773886,9.4514885,13.560869
16,27.515371,24.013363,23.559948,18.391249,18.202555,16.888092,15.881581,16.25986,13.725847,17.386614,15.915662,16.146852,13.213832,10.673332,7.0348883,5.544716,0.0,4.6025915,6.35739,9.89667,12.91309,14.676516,18.723259,19.540031,24.343437,25.132736,24.938631,22.594599,17.22841,15.762971,16.678991,13.131168,15.647654,10.980429,15.918309,16.079445,18.429455,19.472054,15.451043,13.214717,18.24686,17.865444,17.971138,19.86459,22.348465,22.27978,25.700989,27.547922,29.926952,30.810411,28.90806,33.233757,32.80978,34.27777,29.998674,31.611225,26.454256,26.859432,26.65674,27.645197,24.046968,28.386362,26.35226,27.147234,29.27749,26.849907,30.225306,27.14678,30.406616,26.10117,21.020828,22.265104,18.882555,21.79917,19.692158,19.49216,22.146357,20.679178,22.547636,23.965965,21.798992,19.368795,15.160557,13.947946,13.812848,12.188322,13.942592,16.357798,17.836315,21.438793,23.851034,27.18531,28.571821,26.90806,25.786457,22.93825,19.399496,17.895823,14.734512,10.595138,10.837705,10.185229,7.8675284,8.144771,7.3111687,8.212605,11.395051,12.812057,16.83963
17,26.621235,22.763376,22.5906,17.420313,16.532627,16.345274,13.867303,15.795256,12.685303,16.997068,15.821243,17.285402,15.352296,12.679205,9.917527,6.4728727,4.6025915,0.0,5.7150197,6.8106704,10.295144,12.972378,16.246061,16.932667,21.268496,21.539354,20.826818,18.662252,12.791658,11.880732,12.529782,10.220622,13.766085,10.795815,15.243275,16.492222,19.024982,19.139103,15.182741,12.1649685,16.439993,14.874384,14.714762,15.784954,18.383558,17.899319,21.44039,23.18357,25.473095,26.260572,24.338974,28.67623,28.312124,29.900997,25.72064,27.633684,22.57681,23.270153,23.49561,24.328856,20.63222,24.754581,22.31476,23.27859,25.06402,23.052172,26.407177,23.545109,26.64711,22.66046,17.472338,18.171133,15.096277,17.567453,16.387693,15.971602,19.261951,18.31975,20.534626,22.513529,20.606874,17.522186,14.385793,12.051424,11.2219305,8.746204,10.329898,11.912012,13.720934,17.183928,19.934233,23.122295,24.826591,23.538088,22.470535,19.844313,16.297132,14.809389,12.658363,8.208055,10.48085,11.172586,9.47617,8.10289,9.290897,6.660847,11.109791,11.561014,15.89594
18,28.967634,25.18319,25.950205,20.660225,20.524254,20.734516,18.936308,21.14237,18.318293,22.500967,20.883121,21.918575,19.38962,16.48192,13.3674345,10.7342415,6.35739,5.7150197,0.0,5.2889013,6.926305,8.827652,12.503512,13.879368,18.557453,19.635675,20.254585,17.556849,13.75582,11.555326,14.036785,9.648601,15.08231,11.378624,16.102846,17.561392,18.77575,18.926773,14.305396,10.766629,16.324453,14.462527,16.035501,17.133907,18.000769,18.582289,21.380302,23.344542,26.042568,27.494188,26.241837,30.77939,31.288395,32.8617,28.525843,30.584452,25.81739,26.089403,26.862505,28.400457,24.776674,29.25871,26.548273,27.921227,29.009216,27.553238,30.62817,27.693562,30.056812,26.00213,21.17248,21.93223,19.622215,21.732403,21.67062,20.824875,24.410141,23.384443,25.339716,27.451662,25.035809,22.139072,19.132156,17.048796,16.75878,13.661973,15.446866,15.2631035,16.693314,19.589838,21.962671,25.124826,26.019194,24.459955,22.399027,19.41463,16.015,15.876472,11.829571,9.169555,9.706459,9.161403,9.554229,9.689508,12.289272,11.575825,16.064316,17.167036,21.399887
19,26.605658,22.582102,23.917929,18.827396,18.335428,19.855085,17.251053,21.09563,18.48619,23.067595,22.28816,24.049103,22.094517,19.442606,16.358068,13.243948,9.89667,6.8106704,5.2889013,0.0,4.35889,6.732664,9.919742,10.125775,14.601427,15.365547,15.478788,13.433696,9.557512,8.784643,11.595767,9.567166,16.342089,14.482688,18.534748,20.777569,22.262728,21.623732,17.264793,13.158035,17.538198,13.890895,15.330009,14.661541,14.885221,14.6515,17.30917,18.747242,21.60208,23.078476,22.073334,26.658865,27.258772,29.317509,25.39427,28.085463,23.626991,24.456394,25.824419,26.911919,23.254173,26.988298,23.605618,24.843782,24.991966,23.910728,26.64168,23.755745,25.560951,21.726389,17.183153,17.759232,16.253475,18.282644,19.623213,19.025331,23.19316,22.953518,25.34158,27.854792,25.984379,22.522469,20.440027,17.508135,16.159664,12.859012,13.165046,11.207537,12.211362,14.695402,16.967707,20.031277,20.872723,19.514185,17.409864,14.585385,11.192355,11.359705,8.272324,6.2309384,8.831988,10.098584,10.967256,9.635575,13.935951,11.210534,16.189827,17.001724,21.024548
20,30.228333,26.229345,27.962397,22.950432,22.50527,24.20728,21.437677,25.270483,22.306902,26.828255,25.464077,27.36914,25.449787,22.452763,19.712925,16.344847,12.91309,10.295144,6.926305,4.35889,0.0,4.8631887,5.961545,7.9664197,11.852038,12.807076,14.020115,11.175092,9.691824,7.5246234,11.598427,8.639275,16.371489,15.012369,18.566975,21.25662,21.901882,20.861591,16.476492,12.145569,16.414175,12.240831,14.912837,14.158843,12.858404,13.754502,15.658562,17.505844,20.479187,22.451136,21.969461,26.556984,27.96805,29.74995,25.687416,28.34551,24.273872,24.688553,26.537214,28.23308,24.751707,28.820505,25.404072,27.2011,27.032684,26.718231,29.316904,26.763233,28.094059,24.675613,20.434265,20.422094,19.523369,20.546127,22.714964,21.457123,25.77552,25.464123,27.588486,30.324726,28.085707,24.702295,23.092411,20.190647,19.42078,15.579917,16.747692,13.788199,15.005994,16.663712,18.947271,21.615326,22.158295,21.057554,18.183233,15.438854,12.548134,13.998724,10.643745,10.186682,12.008461,12.636044,14.395438,13.645481,17.889637,15.473303,20.445381,20.998962,25.139284
21,28.815722,25.076527,27.514252,22.646828,22.961304,24.904991,23.087053,27.199045,25.016157,29.565002,28.750553,30.15771,27.725737,25.075188,21.580336,19.099033,14.676516,12.972378,8.827652,6.732664,4.8631887,0.0,6.0586243,5.754641,10.994125,13.417291,15.549409,13.59495,13.393716,12.117409,16.221592,13.415018,21.01175,18.905336,22.858154,25.175623,25.62229,24.962605,20.382381,16.215305,20.972836,16.9545,19.774338,18.721647,16.692505,17.35143,18.61469,19.781075,23.07666,25.287651,25.251444,29.811672,31.267033,33.496063,29.770912,32.73051,28.76472,29.381018,31.27478,32.743492,29.20465,32.897667,29.2098,30.572079,29.785597,29.175594,31.389914,28.421907,29.20721,25.421564,21.724169,22.565893,21.932201,23.846577,26.065336,25.408802,29.733196,29.548512,31.839127,34.42548,32.32468,28.954926,26.869337,24.086193,22.89157,19.485987,19.585983,16.613394,16.77731,18.293148,19.576647,22.36186,21.897728,20.174961,16.870659,13.818271,11.303899,13.451771,8.703995,10.236432,10.375225,10.6775055,13.667965,13.5074835,18.536509,17.175955,21.99229,23.423838,27.275301
22,33.33833,29.4455,31.939758,27.219894,26.935186,29.28151,26.467232,30.873028,28.001787,32.57026,31.22189,33.281807,31.397038,28.34668,25.61617,22.276035,18.723259,16.246061,12.503512,9.919742,5.961545,6.0586243,0.0,5.2331448,7.172589,8.969518,12.097217,9.300136,12.006762,10.123718,14.658653,12.498127,20.361769,19.798647,22.678602,25.741613,25.645252,24.146671,20.042734,15.842013,19.285786,14.400073,17.966406,16.280464,12.580502,14.231739,14.476835,16.065619,19.25173,21.884754,22.405964,26.79008,29.14155,30.981335,27.263447,30.210247,26.899853,27.204878,29.740038,31.691103,28.46191,32.254555,28.52176,30.571638,29.442015,29.947258,32.050373,29.762035,30.133404,27.212313,23.73858,23.414637,23.526943,23.904985,27.293356,25.834618,30.366472,30.340714,32.408638,35.38046,33.109676,29.672369,28.61861,25.58036,24.779005,20.784521,21.666138,17.466522,18.20448,18.709614,20.41835,22.490314,22.264023,21.405096,17.651337,15.262466,13.477371,16.379162,13.300988,14.7211895,16.067766,16.641651,19.282337,18.707483,23.478271,21.09017,26.077553,26.64094,30.658396
23,29.293406,25.549244,28.622164,24.267422,24.307783,27.273844,24.893148,30.01861,27.934862,32.60765,32.198658,34.1327,32.131905,29.536352,26.220537,23.358788,19.540031,16.932667,13.879368,10.125775,7.9664197,5.754641,5.2331448,0.0,5.654208,8.613793,11.312424,10.48103,12.678884,12.67812,16.764643,15.867789,23.780743,22.967245,26.310312,29.181902,29.644156,28.36319,24.110336,19.77984,23.421436,18.287233,21.124481,18.619987,15.207257,15.4312525,15.601462,15.966645,19.44094,21.950012,22.656366,27.00503,28.956636,31.535217,28.395206,31.865335,28.571465,29.506151,32.026672,33.269432,29.920223,32.900833,28.73018,30.10109,28.186968,28.340532,29.975151,27.326838,27.125093,23.98156,21.14724,21.547655,22.102737,23.410677,27.061451,26.430164,31.054462,31.466942,33.928974,36.8275,35.062107,31.39043,30.132772,26.886335,25.217049,21.749592,21.061773,16.560284,16.15268,16.401957,17.124043,19.287455,18.265736,16.957676,12.99853,10.461646,9.129812,12.661237,9.85954,12.769737,13.947913,15.224157,18.144913,17.25409,22.778017,20.34499,25.171347,26.242815,29.832016
24,33.096233,29.365078,32.59681,28.575203,28.210314,31.621506,28.590302,34.078667,31.686464,36.345806,35.781185,38.197586,36.609413,33.836594,30.959106,27.612255,24.343437,21.268496,18.557453,14.601427,11.852038,10.994125,7.172589,5.654208,0.0,4.1687613,8.458987,8.310672,13.613498,13.923027,17.750376,17.99007,25.708702,26.075064,28.626072,31.98688,32.16552,30.28207,26.493267,22.258633,24.724308,19.008156,22.03469,18.674904,13.812778,14.305527,12.954821,12.90762,16.272728,19.213215,20.776781,24.723686,27.50858,29.970036,27.243935,30.882133,28.41485,29.29392,32.406048,33.794807,30.790087,33.438213,29.12805,30.87505,28.274546,29.467413,30.724669,28.718128,27.814665,25.625769,23.407545,22.906025,24.35363,24.462595,29.238405,28.18601,32.922195,33.64099,35.99856,39.18083,37.468964,33.713734,33.304787,29.83646,28.261875,24.568712,24.071766,18.621662,18.362684,17.436049,18.104816,19.30865,18.204727,17.826971,13.60701,12.242433,12.169576,16.035051,14.833451,17.6153,19.415075,20.856512,23.625338,22.461653,27.895386,24.772247,29.608286,30.115362,33.660744
25,34.21268,30.33677,33.215046,29.299627,28.38716,31.914656,28.195406,33.76882,31.04615,35.61865,34.94876,37.797825,36.68498,33.830154,31.440807,27.65472,25.132736,21.539354,19.635675,15.365547,12.807076,13.417291,8.969518,8.613793,4.1687613,0.0,4.911054,5.0908313,11.62321,12.446113,15.629781,17.135391,24.363241,25.704784,27.668737,31.324697,31.673119,29.388466,26.022163,21.89601,23.36168,17.31305,19.957327,15.960628,10.741523,10.981099,9.00531,8.914773,12.191572,15.21939,16.963757,20.777973,23.861288,26.149788,23.56188,27.251162,25.187931,26.11821,29.489183,30.84205,28.06855,30.484411,26.192171,28.22237,25.527903,27.342417,28.585083,27.100914,26.206396,24.654556,22.463335,21.129389,22.937855,22.082283,27.426695,26.051298,30.7744,31.704317,33.984913,37.32511,35.753937,31.949812,32.213566,28.591787,27.075384,23.324415,23.03504,17.157156,17.318243,15.855714,17.05897,17.77014,17.44991,17.87715,14.163523,13.392308,13.277995,16.670647,16.650942,18.649284,21.327322,23.080532,25.319008,23.73229,28.862564,24.97433,29.743517,29.635162,33.139545
26,32.547222,28.597263,31.08708,27.476578,26.02338,29.786728,25.509657,31.328741,28.630674,33.072723,32.762943,35.966778,35.34232,32.673134,30.606167,26.637486,24.938631,20.826818,20.254585,15.478788,14.020115,15.549409,12.097217,11.312424,8.458987,4.911054,0.0,4.5308905,9.188812,11.671182,13.579936,16.931751,23.447447,25.47551,27.170753,30.892403,31.849836,29.421583,26.358511,22.318203,23.090225,16.912498,18.46023,13.622184,9.427754,7.7623796,6.067727,4.7755013,8.281419,10.91961,12.463136,16.350283,19.113579,21.706778,19.46495,23.472683,21.573166,23.00283,26.406754,27.20798,24.5509,26.295897,21.832277,23.735983,20.748348,22.899717,24.036243,22.922771,22.044142,21.029987,19.009115,17.025047,19.311888,17.886177,23.78581,22.544882,27.222622,28.567276,30.975416,34.368874,33.24849,29.312723,30.099483,26.280478,24.404526,20.981087,20.16431,13.927359,14.124723,12.024492,13.629324,13.918198,14.5724,15.734182,12.973003,12.811951,12.637754,15.180973,16.790442,18.043882,21.613535,23.90747,25.452042,23.284412,28.1182,23.418371,27.88717,27.283308,30.487045
27,34.312717,30.225677,32.361282,28.23153,26.807615,29.92698,25.621567,30.768656,27.521461,31.957277,30.898647,34.039413,33.31726,30.324457,28.51517,24.31433,22.594599,18.662252,17.556849,13.433696,11.175092,13.59495,9.300136,10.48103,8.310672,5.0908313,4.5308905,0.0,7.4712048,8.147978,10.787309,13.140886,19.814451,21.860489,23.372381,27.178999,27.783136,25.287844,22.245062,18.267878,19.005754,12.827443,15.050886,10.880323,5.8614335,6.2258763,5.275095,7.000027,9.991149,12.655053,13.53484,17.711866,20.599522,22.40609,19.229815,22.663198,20.329119,21.119938,24.438726,25.959639,23.207724,26.012457,21.991615,24.452223,22.596891,24.51084,26.28545,25.088966,25.049429,23.593588,20.667286,18.63305,20.000433,18.341637,23.518442,21.632593,26.291733,27.100145,29.223732,32.62841,30.993834,27.234426,27.888285,24.262945,23.087368,19.164219,19.676758,13.974198,15.164576,14.087541,16.498184,17.399656,18.388954,19.101969,16.156599,15.184537,14.099208,16.49742,16.814823,17.419155,20.82839,22.621208,24.15741,22.325365,26.795525,22.392883,27.095987,26.366316,30.01541
28,30.093441,25.880407,27.032701,22.758099,20.834967,23.446157,18.726439,23.535313,20.138151,24.529554,23.706537,26.96482,26.546772,23.776037,22.242128,17.9323,17.22841,12.791658,13.75582,9.557512,9.691824,13.393716,12.006762,12.678884,13.613498,11.62321,9.188812,7.4712048,0.0,4.8021054,5.410515,9.552323,15.372154,17.24879,19.140272,22.584135,24.281406,22.20819,19.131596,15.2573395,16.23857,10.755188,11.05101,7.1902857,7.5261755,5.4232574,8.882169,10.500343,12.699091,13.787694,12.598182,17.19107,18.287174,20.188028,16.451487,19.670742,16.009031,17.301044,19.75159,20.65661,17.405363,20.427418,16.52719,18.670763,18.115225,18.936216,21.492323,19.97809,21.340395,19.291262,15.252155,13.177512,13.376405,12.140105,16.348198,14.667949,19.382639,20.144304,22.538658,25.799747,24.450212,20.530659,20.947063,17.178226,15.654876,11.905686,12.35404,7.187729,9.601992,10.007545,13.653968,15.431035,17.701965,18.116001,16.478048,15.097415,12.771231,13.217555,14.239956,12.83816,17.17855,19.313375,19.633839,17.27019,20.900019,15.7986555,20.234661,19.06442,22.709352
29,33.10472,28.900911,29.942541,25.245567,23.643726,25.500092,21.16959,25.001253,21.084244,25.378925,23.529064,26.538734,25.831553,22.599617,21.301315,16.790474,15.762971,11.880732,11.555326,8.784643,7.5246234,12.117409,10.123718,12.67812,13.923027,12.446113,11.671182,8.147978,4.8021054,0.0,4.571665,5.3202896,12.186138,13.850584,15.650668,19.263311,20.330683,18.190592,14.925692,10.932722,12.255101,6.6716127,8.501996,6.664366,6.6057577,7.556719,10.449134,13.219706,15.350014,16.832743,15.786728,20.239845,21.801573,22.91041,18.535063,20.96984,17.120047,17.412994,19.697935,21.626537,18.417435,22.643663,19.442087,22.078432,22.369719,23.088501,25.936317,24.388191,26.050303,23.740915,19.373194,17.598839,17.046772,15.804151,18.856102,16.478289,20.899672,20.856388,22.766205,25.961647,23.839693,20.269781,20.329214,16.989204,16.635267,12.282133,14.704211,11.002133,13.706188,14.673109,18.167316,20.110046,22.01994,22.101128,19.904272,18.048042,15.4589615,16.288506,15.576394,13.953893,17.522057,18.831017,19.37666,17.704647,20.912693,16.687878,21.330906,20.258617,24.375397
30,33.6344,29.430414,29.806519,25.373936,23.167612,24.801392,19.800459,23.269249,18.955326,22.930166,20.974882,24.53231,24.579342,21.450642,20.988873,16.179937,16.678991,12.529782,14.036785,11.595767,11.598427,16.221592,14.658653,16.764643,17.750376,15.629781,13.579936,10.787309,5.410515,4.571665,0.0,6.690183,10.436588,13.6041155,14.473516,18.156746,19.92836,17.55337,15.148492,11.928607,11.510261,6.7510414,5.713008,3.2912447,7.4652824,7.0995226,10.97732,13.7267475,14.990999,15.604506,13.629629,17.828434,18.767677,19.44383,14.801661,16.919367,12.720719,13.174815,15.308544,17.057611,13.864593,18.232777,15.366221,18.344818,19.462626,20.348717,23.497679,22.470009,24.70998,22.892843,18.387728,15.822327,15.008095,12.591881,15.456977,12.476893,16.794569,16.887054,18.733942,22.09116,20.226545,16.545734,17.53417,14.0219965,13.846535,9.613878,12.751866,9.741922,13.260189,14.255529,18.299833,19.970493,22.75734,23.277637,21.856241,20.376509,17.797356,17.769363,18.184406,15.705837,19.831974,21.405659,21.129154,19.048756,21.368597,16.411007,20.475826,18.477617,22.390942
31,35.018673,30.894955,31.364302,26.380999,24.931236,25.706772,21.798494,24.224836,19.848053,23.801952,20.94447,23.595705,22.718758,19.13544,18.37904,13.791542,13.131168,10.220622,9.648601,9.567166,8.639275,13.415018,12.498127,15.867789,17.99007,17.135391,16.931751,13.140886,9.552323,5.3202896,6.690183,0.0,7.9423666,8.747327,10.74646,14.211535,15.111701,13.288659,9.703883,5.714255,8.133232,4.886059,6.9411464,8.90503,10.613064,12.32564,15.296879,18.377153,20.229128,21.490349,20.014538,24.250814,25.45067,25.942326,21.099194,22.581654,18.240751,17.757372,19.15786,21.70587,18.50041,23.74758,21.441383,24.181816,25.698612,25.834257,29.133005,27.464203,29.85622,27.17551,22.309088,20.884968,19.268036,18.36358,19.623566,16.887062,20.671087,19.69739,21.10334,23.983707,21.173689,18.119276,17.501173,14.862614,15.769642,11.348664,15.592267,13.961531,17.01957,18.829395,22.414015,24.68127,26.680634,26.422346,24.329252,22.108208,19.120955,19.458538,17.691927,15.145453,17.96628,18.440601,18.511211,17.469782,19.445549,16.178253,20.533905,19.40062,23.810713
32,39.393772,35.386784,34.762554,30.006697,28.060827,27.72842,23.585888,24.100962,18.950548,21.725163,17.376461,20.34007,20.541908,16.81338,18.234295,13.623597,15.647654,13.766085,15.08231,16.342089,16.371489,21.01175,20.361769,23.780743,25.708702,24.363241,23.447447,19.814451,15.372154,12.186138,10.436588,7.9423666,0.0,6.242365,4.223984,8.172394,10.021817,7.8026285,6.8472304,6.8818135,4.4946246,7.8354297,6.0074377,11.382367,15.6015,17.07973,20.391329,23.702934,24.635,25.096111,22.784843,26.277311,26.783699,26.088465,20.92613,20.780088,16.275534,14.719826,14.616666,17.9232,15.312879,21.556955,20.935577,24.050907,27.340422,27.366709,31.13681,30.080673,33.40819,31.139563,26.038815,24.085922,21.691345,19.846176,19.208109,15.573608,17.848244,15.805714,16.03109,18.603827,15.03894,12.970579,13.18042,11.77535,14.800904,11.2923765,17.487501,17.983145,21.65205,23.714808,27.727634,29.806326,32.60244,32.64197,31.191046,29.159954,26.06452,25.586143,24.38798,20.840492,23.66874,23.89674,22.838701,21.868456,21.767422,18.729532,21.77072,19.458864,23.58855
33,37.2696,33.45515,32.81332,27.800701,26.530178,25.50329,22.541693,22.350164,17.711412,20.555433,16.239508,17.918064,16.88684,12.976585,13.726364,9.815131,10.980429,10.795815,11.378624,14.482688,15.012369,18.905336,19.798647,22.967245,26.075064,25.704784,25.47551,21.860489,17.24879,13.850584,13.6041155,8.747327,6.242365,0.0,5.092046,6.33807,8.307079,8.580101,5.231086,5.32125,8.4859085,11.341787,11.159599,15.655843,18.98425,20.397747,23.739079,26.791962,28.374746,29.164057,27.039803,30.94822,31.244953,31.194454,26.165659,26.476505,21.64769,20.582825,20.17436,22.845594,19.874641,25.800371,24.876862,27.258852,30.415194,29.488962,33.28324,31.4501,34.896336,31.77434,26.470219,25.648657,22.671537,22.543034,20.954056,18.373264,20.586813,18.229858,18.755262,20.620213,16.99433,15.269526,12.970688,12.323008,15.133815,12.08105,17.698689,19.121391,22.248108,25.006184,28.58498,31.224173,33.471855,32.821114,31.23793,28.736729,25.362608,24.722322,22.337801,18.609844,20.319464,19.796095,18.586401,18.406326,17.662859,16.285006,19.238148,18.01398,22.313778
34,41.438488,37.559196,36.717262,31.87592,30.200783,29.226385,25.691244,25.244642,20.188965,22.46218,17.476295,19.707363,19.654108,15.842435,17.778172,13.817399,15.918309,15.243275,16.102846,18.534748,18.566975,22.858154,22.678602,26.310312,28.626072,27.668737,27.170753,23.372381,19.140272,15.650668,14.473516,10.74646,4.223984,5.092046,0.0,4.2455454,5.954351,4.705834,4.720927,7.2454453,6.022217,11.136537,10.148796,15.555952,19.371292,21.132036,24.32874,27.69919,28.73624,29.28639,27.007093,30.461987,30.896492,30.065685,24.906881,24.398268,19.975811,18.151798,17.438593,20.83939,18.47275,24.80103,24.609468,27.541718,31.175983,30.839933,34.70847,33.476006,37.017197,34.46814,29.239801,27.669764,24.907097,23.568588,22.094494,18.716627,20.366081,17.764214,17.488934,19.424541,15.374439,14.283566,13.540819,13.308617,16.938568,14.009492,20.276613,21.494808,25.024517,27.386322,31.286213,33.561615,36.208866,35.99394,34.4618,32.21239,28.982653,28.441196,26.61425,22.937353,25.10081,24.773891,23.564829,23.139662,22.260431,20.305956,22.935904,20.90694,24.971418
35,42.28289,38.596596,37.360695,32.58369,31.097885,29.40637,26.494577,24.962797,20.141304,21.762646,16.356094,17.77101,17.595224,13.93973,16.562075,13.520545,16.079445,16.492222,17.561392,20.777569,21.25662,25.175623,25.741613,29.181902,31.98688,31.324697,30.892403,27.178999,22.584135,19.263311,18.156746,14.211535,8.172394,6.33807,4.2455454,0.0,4.597346,6.234218,6.8999376,10.127342,10.147124,15.260615,14.178662,19.49397,23.45337,25.021168,28.352772,31.617714,32.733418,33.20137,30.777246,34.208927,34.276764,33.461903,28.385942,27.661009,23.128447,21.374678,19.992268,23.062157,20.814728,27.019444,27.229532,29.80121,33.872887,33.001995,36.977505,35.56429,39.434563,36.619198,31.297213,30.139984,26.923817,26.179995,23.673384,20.714785,21.687029,18.634827,18.020454,19.206484,14.982454,14.800157,12.994454,13.941764,17.938242,15.838053,21.955702,24.136011,27.509365,30.228918,34.011284,36.485676,39.10515,38.652103,37.281994,34.88801,31.5197,30.65879,28.542253,24.58441,26.230473,25.539843,23.917234,23.86751,21.987268,21.006023,22.937738,21.104801,24.91335
36,45.38271,41.644638,40.804127,35.847614,34.586803,33.119915,30.307753,29.154427,24.408169,26.244968,20.911577,22.095821,21.509678,17.83376,19.893518,16.996756,18.429455,19.024982,18.77575,22.262728,21.901882,25.62229,25.645252,29.644156,32.16552,31.673119,31.849836,27.783136,24.281406,20.330683,19.92836,15.111701,10.021817,8.307079,5.954351,4.597346,0.0,3.9603066,5.678629,9.968335,9.924272,15.57248,15.638387,21.010721,24.033205,26.332365,29.203697,32.707695,33.89126,34.69265,32.630524,36.091843,36.749107,35.776253,30.588573,29.830288,25.657047,23.519823,22.625465,26.238426,24.135914,30.492262,30.520975,33.40053,37.10017,36.60302,40.491974,39.072468,42.62839,39.80495,34.51555,33.293877,30.38668,29.436281,27.637302,24.465332,25.771837,22.860043,22.188908,23.51261,19.212927,19.051434,17.560171,18.230507,22.02755,19.421413,25.505133,26.920656,30.26263,32.766354,36.50796,38.94202,41.290173,40.81108,38.989033,36.503242,33.22855,32.89174,30.236683,26.767395,28.057987,27.013426,25.987843,26.302155,24.943737,24.301401,26.67996,25.188389,29.158482
