,0,1,2,3,4,5,6,7,8,9,10,11,12,13,14,15,16,17,18,19,20,21,22,23,24,25,26,27,28,29,30,31,32,33,34,35,36,37,38,39,40,41,42,43,44,45,46,47,48,49,50,51,52,53,54,55,56,57,58,59,60,61,62,63,64,65,66,67,68,69,70,71,72,73,74,75,76,77,78,79,80,81,82,83,84,85,86,87,88,89,90,91,92,93,94,95,96,97,98,99,100,101,102,103,104,105,106,107,108
0,0.0,4.354201,6.494774,9.800965,12.745014,14.684841,17.984064,21.30069,24.190987,27.298006,30.724348,33.003036,34.65773,32.155544,33.251385,29.242327,27.447197,26.143496,24.279547,23.317513,19.632603,21.237206,17.539885,16.49525,19.428326,19.472324,24.528643,26.0196,28.479923,31.431717,31.160448,37.408104,35.03294,36.437626,33.43417,29.86414,28.42401,30.633747,28.252537,25.407854,24.918474,27.086788,24.654228,20.429907,22.72689,24.248272,18.375341,16.947618,19.600693,21.169924,25.515898,22.071667,26.554327,28.708906,29.934126,32.348927,30.085127,34.332302,36.0593,32.39824,33.33382,38.518055,41.742638,41.83559,37.49048,37.00412,42.349777,42.175877,37.69794,40.67718,43.809147,41.86712,38.594955,42.175083,37.53472,40.27372,37.136482,32.402203,33.80488,28.51998,27.730942,26.424788,24.516376,26.653894,27.089561,31.361334,31.782011,37.884617,39.133434,42.971817,44.46452,47.299107,52.209423,49.279892,47.102413,45.430367,41.928436,40.31775,37.06309,34.714508,30.653582,27.892982,29.333485,31.774334,32.95673,34.081562,37.339977,37.642944,41.5611
1,4.354201,0.0,5.257734,6.403949,9.543638,12.826379,14.82886,18.924547,21.497738,24.668333,28.129524,30.14577,31.504847,28.781935,29.498299,25.803926,23.657034,22.657156,20.230915,19.768364,15.936953,17.672476,14.187454,13.2167225,16.35922,16.121212,21.401596,22.635815,25.50232,28.125011,28.632542,34.71755,32.528046,34.436573,31.372995,27.504234,26.554768,29.185719,26.37565,23.255093,23.646265,25.804031,22.757051,18.89603,22.035376,23.126749,16.649092,16.27602,19.570492,21.427385,25.11,21.501766,26.657064,28.638483,29.254036,31.099443,28.540272,32.6237,34.96137,31.588486,31.70435,37.13948,40.226612,40.68737,36.24258,35.26115,40.431583,39.936428,35.4068,38.507484,41.279186,39.060314,35.871098,39.53581,35.06654,37.92333,34.81506,30.216295,31.630213,26.57753,25.615,24.589792,22.02299,23.965607,24.334599,28.548502,28.797253,35.052948,36.024178,39.950054,41.190926,44.076065,49.199177,46.16148,44.1641,42.306396,39.084614,37.016766,34.104416,31.318886,27.226776,24.406462,25.483305,28.041183,28.922844,30.450645,33.55469,34.13298,37.987766
2,6.494774,5.257734,0.0,5.506847,6.994073,8.563236,12.114178,14.895934,18.108986,20.920084,24.48288,26.682722,28.569288,26.160728,27.896791,24.027208,22.665276,21.87763,20.529123,20.468973,17.545994,20.064016,17.68166,14.837346,17.270378,16.249723,20.915485,21.61954,23.896631,26.404142,26.181023,32.00668,29.081268,30.774216,28.231762,24.44338,22.871624,25.746069,23.662926,20.464714,20.176966,23.479382,20.872671,16.36563,19.349243,21.988693,16.027208,14.483845,18.41904,19.257046,23.347233,21.379032,25.88712,27.215525,28.490788,30.558977,27.486948,31.705729,33.951324,29.78943,29.911034,35.43992,38.237225,38.328896,33.607998,32.75551,38.0941,37.557957,33.433167,37.00128,39.60086,37.359447,34.66728,38.822876,34.319023,37.681183,34.872055,30.166914,32.423695,27.290747,27.109667,26.77691,24.119877,25.364716,24.835512,29.635399,28.822954,35.09128,35.877842,39.67645,40.80289,43.95854,48.677975,46.3557,44.459244,42.819527,39.687332,37.57246,35.057304,31.945965,28.469158,25.972883,26.650835,28.820114,29.172142,30.193697,33.001167,32.997036,36.723824
3,9.800965,6.403949,5.506847,0.0,3.8877575,7.7255306,8.62367,13.29082,15.28144,18.761162,21.996128,24.088778,25.27051,22.652357,23.463823,19.52512,17.722254,16.77202,15.159764,15.028938,12.168428,14.919304,13.322468,9.778908,12.173185,10.947813,15.87202,16.639456,19.38176,21.859951,22.431934,28.3671,26.243492,28.34536,25.294792,21.270817,20.611244,23.570782,20.601118,17.24988,18.304726,20.800476,17.383488,13.704299,17.660513,19.059816,12.482404,12.700886,16.97271,18.512756,21.435036,18.885944,24.182028,25.47089,25.805424,27.161228,23.96117,27.930706,30.800472,27.28287,26.543758,32.234608,35.007965,35.632553,30.998587,29.616182,34.687717,33.932255,29.553356,32.99298,35.398506,33.00202,30.131252,34.168575,29.808983,33.122612,30.288027,25.748709,27.89203,23.04268,22.693546,22.69989,19.498186,20.470686,19.89886,24.59168,23.76031,30.119225,30.773426,34.6531,35.68866,38.79409,43.7342,41.173164,39.360466,37.58169,34.61123,32.243107,29.889317,26.56804,23.062143,20.576761,21.146507,23.329638,23.823263,24.915953,27.849375,28.107025,31.919235
4,12.745014,9.543638,6.994073,3.8877575,0.0,5.4854693,5.436256,9.759441,12.185921,15.207516,18.713533,20.604967,22.057837,19.43402,20.925632,17.343737,15.8969965,15.726716,14.406481,15.450486,13.41401,16.582565,15.872488,11.846923,13.590624,11.452397,15.667549,15.490131,18.08611,19.94104,20.735264,26.134373,23.389612,25.860289,23.354399,19.11347,18.347572,21.986435,19.405739,15.756788,17.030228,20.53176,17.114174,13.40817,17.696888,19.983023,13.8614645,13.903449,18.639458,19.51435,22.229694,20.849556,25.833252,26.55526,27.007639,28.132338,24.440205,28.279327,31.442059,27.597649,26.277306,32.123726,34.513332,35.097324,30.21954,28.561232,33.56545,32.484467,28.481434,32.396072,34.296837,31.623646,29.319199,33.793335,29.628498,33.375805,30.839115,26.44391,29.122879,24.543983,24.579021,25.139894,21.61703,21.972322,20.739172,25.614368,23.859959,30.223705,30.454964,34.26406,34.941612,38.283485,43.07289,40.975048,39.41936,37.649708,35.0369,32.24853,30.547062,26.641665,23.65998,21.436993,21.253977,23.213594,22.810606,24.005112,26.408772,26.476948,30.05321
5,14.684841,12.826379,8.563236,7.7255306,5.4854693,0.0,6.124634,7.0602384,10.022942,13.0328865,16.229298,18.842709,20.903692,19.047035,21.664183,17.384752,17.34705,16.699032,17.464743,17.794174,16.850824,20.235527,20.080442,14.856907,15.650254,13.448987,16.34806,16.104425,17.38082,19.609777,18.61303,23.998957,20.654993,22.28807,20.128197,16.32158,14.494199,17.937735,16.351038,12.949571,12.77984,17.422247,14.984294,10.470191,14.035562,18.069172,13.27757,11.633852,16.492025,16.201988,19.300129,19.732512,23.644615,23.736637,25.037281,26.629086,22.690357,26.687614,29.337996,24.648628,23.822113,29.52525,31.729973,31.757011,26.717484,25.529514,30.802994,29.993309,26.39438,30.561596,32.643097,30.289732,28.332909,33.0817,28.787113,32.83507,30.599712,26.090302,29.508884,24.80645,25.716446,26.720818,23.706196,23.579956,21.620876,26.925106,24.413303,30.4512,30.812868,34.3368,35.203213,38.663406,42.805737,41.474575,39.83878,38.490147,35.710728,33.427288,31.751131,28.145605,25.861692,24.091625,24.10457,25.45315,25.189535,25.175228,27.535618,26.68312,30.192543
6,17.984064,14.82886,12.114178,8.62367,5.436256,6.124634,0.0,6.0747595,7.048677,10.426159,13.598312,15.495745,16.71198,14.220924,16.023401,12.309719,11.619063,11.930294,12.032375,13.775255,13.442467,16.983446,17.931879,12.863799,13.264945,10.243281,12.788141,11.511356,13.708663,14.983285,16.038286,20.943716,18.166876,21.047314,18.741709,14.283748,14.036594,18.219507,15.632255,11.781479,14.11625,17.969316,14.385821,11.571288,16.302675,18.762272,13.61341,14.273911,19.142454,19.574123,21.203966,21.053581,25.721066,25.719822,25.846716,26.362257,22.161266,25.613644,29.259956,25.446373,23.109528,29.037642,30.955528,31.726814,26.744982,24.582132,29.317911,27.86621,24.193445,28.492682,29.820517,26.905876,25.14673,30.001991,26.136116,30.312653,28.195997,24.122784,27.438047,23.411787,24.029182,25.474085,21.679543,21.04385,18.877893,23.852571,20.89991,27.068958,26.85127,30.49608,30.85524,34.40529,38.926796,37.39654,36.10607,34.442196,32.22548,29.126173,28.18495,23.786385,21.707474,20.06146,19.187351,20.54021,19.48054,20.146976,22.109156,21.757687,25.161474
7,21.30069,18.924547,14.895934,13.29082,9.759441,7.0602384,6.0747595,0.0,4.8723893,6.1160274,9.840821,12.032725,14.602896,13.010622,17.019642,13.778934,14.785045,15.596936,17.05964,18.991272,19.331001,22.907274,23.961948,18.626965,18.621294,15.594788,16.810675,14.891919,15.597782,16.209438,15.884526,19.628462,15.143566,17.803381,16.9301,12.84407,11.261491,16.172693,15.3471155,11.804752,12.772597,18.442816,16.050646,12.941666,16.674475,20.995634,17.289883,16.530365,21.31778,20.48143,22.348768,24.123959,27.675442,26.908024,27.861332,28.648607,24.121727,27.4725,30.761585,26.101667,23.851198,29.555155,30.901896,31.092936,25.85815,23.917715,28.66568,27.110847,24.387527,29.247465,30.155275,27.280657,26.51026,31.827017,28.165632,32.778427,31.157955,27.229008,31.251581,27.360989,28.658125,30.45606,26.947603,25.916933,23.1399,28.269316,24.409012,30.08553,29.621954,32.876675,33.018806,36.780514,40.594765,40.06731,38.966763,37.63069,35.62934,32.63032,32.196804,27.744827,26.488092,25.267756,24.110912,24.936245,23.236212,23.254774,24.486004,23.276196,26.149473
8,24.190987,21.497738,18.108986,15.28144,12.185921,10.022942,7.048677,4.8723893,0.0,4.8174515,6.78356,9.471919,11.031839,9.742804,13.267248,9.390049,11.362298,12.002092,14.902683,16.606123,18.105913,21.638033,23.734385,17.966667,17.07037,13.923608,13.622193,11.164781,11.202606,11.524749,11.303338,14.974012,11.25043,14.305513,12.913468,8.504521,8.235537,13.289378,11.8514805,8.363262,11.007608,15.837059,13.192981,11.581519,15.5205965,18.96506,16.106356,16.360012,20.832443,20.187668,20.777521,22.874784,26.362377,25.258562,25.560616,25.68591,20.99041,23.879267,27.597878,23.420841,20.239399,25.924313,27.016478,27.603722,22.471909,19.984486,24.419674,22.616714,19.899023,24.845148,25.43732,22.44909,21.853619,27.266352,23.848734,28.602438,27.258621,23.685766,27.958,24.625011,26.230112,28.57883,25.02372,23.356146,20.085634,25.028074,20.529453,25.878069,25.195658,28.300362,28.346485,32.146698,35.80931,35.51698,34.531948,33.295578,31.50934,28.471306,28.444117,23.915913,23.340164,22.609537,21.260395,21.535593,19.863047,19.0958,20.232204,18.634426,21.528795
9,27.298006,24.668333,20.920084,18.761162,15.207516,13.0328865,10.426159,6.1160274,4.8174515,0.0,4.3663163,5.947179,9.0159645,8.241771,13.635039,11.69249,13.9572735,15.74262,18.091991,20.753746,22.21194,25.700056,27.724459,22.35086,21.641705,18.393335,17.99029,14.997313,14.839556,13.814177,14.052187,15.675742,10.3443775,14.137789,14.573656,10.788057,10.124044,15.527756,15.326057,12.376903,14.306323,19.746029,17.621197,16.049318,19.494795,23.499472,20.891348,20.78663,25.259039,24.193903,24.93656,27.564426,30.738743,29.357275,29.904266,29.971634,25.20582,27.8112,31.510242,27.167286,23.78673,29.183084,29.73167,30.138494,25.009941,22.43154,26.40944,24.213001,22.431095,27.657495,27.466429,24.242805,24.619621,30.211767,27.265793,32.18012,31.173393,27.917557,32.309113,29.246931,30.879938,33.294636,29.615147,27.861866,24.522646,29.251379,24.409029,29.405483,28.270685,31.116302,30.652742,34.569477,37.925644,38.187355,37.55799,36.33093,35.025562,31.615368,32.241173,27.359344,27.157991,26.547966,24.622898,24.806562,22.134666,21.818514,21.971703,20.289705,22.413834
10,30.724348,28.129524,24.48288,21.996128,18.713533,16.229298,13.598312,9.840821,6.78356,4.3663163,0.0,3.9232414,6.4751625,7.4969134,12.853431,10.951697,14.373799,15.854143,19.447021,21.656866,23.934912,27.317736,29.963469,24.271126,22.943686,19.819689,18.169395,15.008812,13.704511,12.172422,11.638544,11.841239,6.0396166,10.272778,11.420783,8.37822,8.448082,13.466428,13.786846,11.707515,13.910245,18.777605,17.17714,16.698116,19.597582,23.34115,21.901476,22.021976,26.048903,24.77048,24.638739,28.031282,30.66986,28.81517,29.160927,28.837845,24.040068,26.109835,29.84134,25.70962,21.785032,26.786175,26.819242,27.28415,22.330141,19.483902,22.967684,20.545065,19.426575,24.773901,24.094482,20.923471,21.984241,27.646856,25.104683,30.137737,29.59452,26.787268,31.486984,28.961735,31.016842,33.866932,30.378094,28.128437,24.379993,28.853142,23.426317,27.717894,26.380295,28.812765,28.226574,32.158157,34.957367,35.87997,35.409306,34.46152,33.40347,30.173971,31.240894,26.522339,27.131542,27.03244,25.064432,24.643682,22.042126,20.735722,20.53331,18.114475,19.857544
11,33.003036,30.14577,26.682722,24.088778,20.604967,18.842709,15.495745,12.032725,9.471919,5.947179,3.9232414,0.0,4.2489376,5.5774355,11.67609,11.780739,14.834953,17.31663,20.121946,23.22805,25.495092,28.757122,31.515882,26.307665,25.111776,21.867168,20.265629,16.65336,15.840281,13.175418,14.311185,13.154038,7.7066426,12.720519,14.460236,11.63989,12.311517,17.158617,17.291817,15.188584,17.79436,22.410206,20.510502,20.219534,23.390362,26.779078,24.984707,25.472628,29.625025,28.543875,28.359167,31.39439,34.313213,32.53312,32.606613,31.978447,27.204739,29.00211,33.028946,29.245222,24.91684,29.802065,29.580036,30.299135,25.532858,22.374353,25.270052,22.417412,21.69109,26.98613,25.585897,22.04817,23.635456,29.242022,27.169899,32.167507,31.76389,29.27989,33.793816,31.591152,33.402546,36.271034,32.50188,30.199776,26.549511,30.683422,25.185423,29.31541,27.51871,29.86023,28.732817,32.69444,35.55969,36.569572,36.457397,35.328262,34.786865,31.009945,32.680553,27.53053,28.317732,28.277893,25.725077,25.308624,21.819527,21.239933,20.190876,18.153717,19.233713
12,34.65773,31.504847,28.569288,25.27051,22.057837,20.903692,16.71198,14.602896,11.031839,9.0159645,6.4751625,4.2489376,0.0,3.6857996,8.379685,9.556131,12.836727,15.541645,18.616928,21.77006,24.599928,27.602942,30.941647,25.927254,24.36335,21.23199,18.875715,15.003592,14.093348,10.436538,13.002213,10.907158,7.558801,13.037143,14.0773,11.449808,13.5522375,17.823807,17.162292,15.376839,18.980999,22.444218,20.22519,20.91705,24.26329,26.587973,25.034765,26.331516,30.254427,29.586515,28.671011,31.328604,34.434166,32.677994,32.08158,30.851284,26.197985,27.478542,31.908802,28.877806,23.852543,28.561296,28.173008,29.44088,25.003645,21.325806,23.59308,20.375097,19.659863,24.746601,22.79689,18.952255,20.799498,26.262009,24.66296,29.557596,29.362835,27.373264,31.721706,30.12295,31.870026,34.97516,31.136347,28.51465,24.807259,28.421673,22.72577,26.413721,24.252684,26.445282,24.987968,28.93807,31.870554,32.88009,32.999977,31.806189,31.666454,27.619566,29.821232,24.531473,25.83816,26.15716,23.305761,22.513395,18.775127,17.977444,16.400219,14.339271,15.090873
13,32.155544,28.781935,26.160728,22.652357,19.43402,19.047035,14.220924,13.010622,9.742804,8.241771,7.4969134,5.5774355,3.6857996,0.0,6.300134,7.9461846,10.213762,13.598587,15.6368065,19.41567,21.858109,24.842037,27.998013,23.372345,22.128147,18.897379,17.213318,13.215905,13.413035,9.83653,13.721715,13.213449,10.324759,15.689014,15.809238,12.320081,14.415873,19.053448,17.616947,15.178251,19.16672,22.629082,19.758965,20.091827,24.007887,26.02558,23.573511,25.17532,29.353642,29.0881,28.511017,30.326729,34.02669,32.68755,31.937304,30.775476,26.151556,27.743092,32.36237,29.428381,24.54562,29.649626,29.731195,31.159977,26.594477,22.931438,25.598057,22.52784,21.00969,25.957031,24.425188,20.459066,21.525255,26.897194,24.993254,29.76313,29.1604,26.903608,30.91287,29.062809,30.38607,33.226112,29.130383,26.7855,23.399462,27.061588,21.798944,26.10688,24.02809,26.657633,25.263699,29.196508,32.80422,33.038822,33.04617,31.519537,31.246332,26.88112,28.829643,23.247349,23.950207,23.933208,20.901104,20.55151,16.519999,16.752672,15.441235,14.288102,15.585859
14,33.251385,29.498299,27.896791,23.463823,20.925632,21.664183,16.023401,17.019642,13.267248,13.635039,12.853431,11.67609,8.379685,6.300134,0.0,6.119615,6.89975,10.773396,12.325705,16.26025,19.30348,21.691887,25.601746,21.679056,20.080286,17.228138,14.875934,10.841684,11.854375,7.432712,13.99428,13.822965,13.99069,18.920822,17.655909,14.3598585,17.666687,21.4269,18.668434,16.525126,21.541895,23.275328,19.761593,21.209385,25.405512,25.658558,23.141195,25.987396,29.781752,30.327116,28.982924,29.662197,33.871376,32.879604,31.123709,29.20277,24.978148,25.996504,31.144115,29.422054,23.953375,28.874502,29.125055,31.336485,27.287025,23.199554,25.247164,22.06337,19.92211,24.120806,22.354504,18.141376,18.658241,23.44321,22.015488,26.328444,25.693258,24.037575,27.388624,26.323507,27.204819,30.156916,25.905525,23.310669,20.210274,22.927233,17.909931,21.901905,19.423555,22.18506,20.457285,24.258297,28.555986,28.014982,28.210209,26.321213,26.487516,21.53348,24.01717,18.090773,19.145563,19.496157,15.921016,15.236036,10.6319275,11.403549,9.532296,9.612029,11.128853
15,29.242327,25.803926,24.027208,19.52512,17.343737,17.384752,12.309719,13.778934,9.390049,11.69249,10.951697,11.780739,9.556131,7.9461846,6.119615,0.0,4.4983053,6.031888,10.297809,12.396626,15.787931,18.586245,22.451477,17.423023,15.405669,12.548387,9.634097,5.601358,6.088936,3.2180827,8.913157,11.4822445,11.961428,15.901136,13.287556,9.527209,12.9695,16.331833,12.94372,10.674527,15.938478,17.284126,13.65129,15.259207,19.394691,19.595226,17.369877,20.133476,23.769194,24.29705,22.873394,23.743057,27.80039,26.81204,25.234179,23.656788,19.268763,20.79101,25.733547,23.635773,18.546827,23.873346,24.654081,26.63432,22.339382,18.564537,21.542278,18.987879,15.869584,20.239578,19.776834,16.073236,15.402363,20.539055,18.045738,22.616148,21.601871,19.190561,23.008429,21.26249,22.578407,25.612288,21.669462,19.037138,15.519602,19.17651,13.956926,18.75924,17.185486,20.33212,19.753355,23.58272,27.809437,27.089006,26.53621,24.966814,24.013275,20.065273,21.245426,15.95828,16.55677,16.742077,14.39585,13.725343,11.4975195,10.1272135,10.848931,9.646406,12.882488
16,27.447197,23.657034,22.665276,17.722254,15.8969965,17.34705,11.619063,14.785045,11.362298,13.9572735,14.373799,14.834953,12.836727,10.213762,6.89975,4.4983053,0.0,4.73394,6.044821,9.570963,12.489731,15.076299,18.951105,14.804944,13.247727,10.423131,8.82283,5.1298995,8.395768,6.805964,12.728699,15.851047,16.30373,20.294662,17.432169,13.47803,16.498343,19.904894,15.985955,13.3092,18.523788,19.542246,15.262592,16.445562,21.080704,20.518055,17.039688,20.447989,24.198881,25.400526,24.337385,23.783447,28.640392,28.28221,26.372751,24.785286,20.746225,22.459124,27.519535,25.84734,21.100466,26.529161,27.761633,29.943674,25.76815,22.139112,25.175303,22.793856,19.18076,22.975594,22.823925,19.16643,17.724388,22.244795,19.669216,23.70972,22.18752,19.66235,22.637337,20.765984,21.242222,23.835411,19.458172,17.263777,14.521421,17.859333,13.73201,19.14129,17.677074,21.25516,20.676374,24.261549,29.26678,27.504318,26.89327,24.839663,23.855606,19.432142,20.302439,14.631972,14.151339,13.786247,10.954228,11.125371,8.527359,9.396193,10.629676,11.2773905,14.634311
17,26.143496,22.657156,21.87763,16.77202,15.726716,16.699032,11.930294,15.596936,12.002092,15.74262,15.854143,17.31663,15.541645,13.598587,10.773396,6.031888,4.73394,0.0,6.6856236,6.5099525,10.427888,13.01567,17.209698,12.210693,9.788544,7.4216886,4.1795864,1.13759,5.412806,6.8296256,10.783949,15.526765,16.962608,19.856386,15.917067,12.351664,15.427129,17.78628,13.144609,10.9015255,16.168354,15.861046,11.381017,13.336873,17.721085,16.16042,13.1479845,17.073313,20.30681,21.818367,20.261852,19.403736,24.236935,23.999159,21.795511,20.167727,16.270275,18.131878,23.124414,21.726175,17.237259,22.704126,24.402845,26.633703,22.644732,19.304369,22.648458,20.858656,16.490675,19.82469,20.682413,17.619465,15.046873,19.314232,16.074366,19.985823,18.126732,15.172986,18.282503,16.12945,16.906147,19.728384,15.661565,13.190185,10.047918,13.964651,9.843944,15.793484,15.139123,18.92025,19.250282,22.647243,27.5916,25.555563,24.39338,22.587702,20.782125,17.267792,17.060005,12.169728,11.446673,11.197062,9.872681,9.712613,9.993881,8.5219555,11.654961,11.586034,15.654094
18,24.279547,20.230915,20.529123,15.159764,14.406481,17.464743,12.032375,17.05964,14.902683,18.091991,19.447021,20.121946,18.616928,15.6368065,12.325705,10.297809,6.044821,6.6856236,0.0,6.074177,7.419253,9.610171,13.34551,10.581025,9.897339,7.7369375,8.827607,7.5964684,12.052803,12.222528,17.218708,21.414518,21.938946,25.553196,22.132467,18.113579,20.60092,23.687275,19.236626,16.383446,21.153896,21.528126,16.811895,17.422384,22.26472,20.685966,15.844221,19.897722,23.47967,25.560762,24.97849,22.547918,28.254374,28.767246,26.570684,25.206005,21.795616,23.865232,28.73107,27.50335,23.565971,29.017303,30.937288,33.195675,29.18851,25.968761,29.292353,27.382292,23.095016,26.153162,26.819185,23.550173,21.019497,24.684412,21.75021,24.981356,22.723589,19.87125,21.651447,19.354437,18.685976,20.434238,15.696474,14.4738865,13.178362,16.13242,14.145368,20.09132,19.308413,23.26159,23.171772,26.2556,31.933208,28.909775,27.93999,25.503662,24.033926,19.765642,19.47486,14.228665,11.685262,10.094993,7.6641088,9.653913,8.7250395,11.458412,13.8474455,15.693041,19.21734
19,23.317513,19.768364,20.468973,15.028938,15.450486,17.794174,13.775255,18.991272,16.606123,20.753746,21.656866,23.22805,21.77006,19.41567,16.26025,12.396626,9.570963,6.5099525,6.074177,0.0,4.7786064,6.69241,11.270784,7.2834725,5.004531,4.5901494,5.259942,7.2529387,10.925776,13.233556,16.31399,21.71474,23.240292,25.734571,21.343739,17.942251,20.375914,22.198214,17.191584,15.04002,19.467358,18.13919,13.468044,14.833299,19.11024,15.969846,11.557058,16.45416,19.133688,21.803041,20.631594,17.291433,23.11339,23.974066,21.29583,19.893188,17.040953,19.209877,23.798227,23.151146,19.824932,25.026554,27.51575,29.8223,26.225475,23.48155,26.965652,25.78214,20.838718,23.070517,24.873526,22.384865,18.689451,21.671879,18.121344,20.805222,18.039148,14.731573,16.14565,13.414784,12.689205,14.598704,10.025416,8.6097,7.5524597,11.026736,10.189085,16.457249,16.79662,20.848598,21.830473,24.53923,30.095747,26.66505,25.0177,22.87844,20.365448,17.3855,15.484229,11.63376,8.221974,6.376795,7.1301804,8.655657,11.438851,11.43826,15.466874,16.578888,20.649185
20,19.632603,15.936953,17.545994,12.168428,13.41401,16.850824,13.442467,19.331001,18.105913,22.21194,23.934912,25.495092,24.599928,21.858109,19.30348,15.787931,12.489731,10.427888,7.419253,4.7786064,0.0,3.5929086,6.7819285,3.9508698,4.599759,5.054304,9.197798,11.054404,14.937187,17.232883,20.066196,25.737507,26.413229,28.987894,24.779913,21.066814,22.799961,24.940886,20.178398,17.598785,21.29961,20.605272,16.017815,16.010096,20.36901,17.664797,11.863926,16.31546,19.177197,22.177448,22.08535,17.715574,24.001276,25.470081,23.266188,22.59847,20.049555,22.73966,26.813343,25.791224,23.355549,28.638777,31.42108,33.423225,29.666796,27.298643,31.177357,30.148714,25.16981,27.446362,29.524761,27.078009,23.366428,26.248941,22.529354,24.937437,21.892443,18.284231,19.065548,15.630333,14.070702,14.640736,10.048997,10.515912,10.978715,14.153615,14.657289,20.799145,21.377972,25.427023,26.451773,29.018785,34.706196,30.940647,29.198025,26.946913,24.268711,21.478903,19.06944,15.743006,11.4384775,8.610387,9.779304,12.331564,14.59041,15.906322,19.606716,21.04434,25.010939
21,21.237206,17.672476,20.064016,14.919304,16.582565,20.235527,16.983446,22.907274,21.638033,25.700056,27.317736,28.757122,27.602942,24.842037,21.691887,18.586245,15.076299,13.01567,9.610171,6.69241,3.5929086,0.0,5.2919793,6.104503,6.7890806,8.341731,11.629803,13.776068,17.55896,19.764984,22.844122,28.387638,29.556103,32.094444,27.7128,24.19741,26.12655,27.97724,23.055662,20.760435,24.468246,23.125284,18.654066,19.03066,23.083065,19.546635,14.148942,18.819551,21.070608,24.464083,24.11448,18.906202,25.26803,27.08692,24.425558,23.50049,21.571144,23.913876,27.908339,27.607487,25.281376,30.210949,33.118797,35.349606,31.940256,29.59694,33.18282,32.25121,27.162773,28.887938,31.047585,28.761017,24.753664,26.971281,23.489525,25.243221,22.03796,18.826775,18.586275,15.637561,13.19507,13.1408205,8.54375,9.787691,11.563147,13.431609,15.346088,20.975946,21.742043,25.72977,26.863365,29.040375,34.964066,30.573156,28.761137,26.339909,23.643005,21.01267,18.212248,15.503286,10.583659,7.4054303,9.435609,12.265307,15.323764,16.940113,20.75398,22.653368,26.523378
22,17.539885,14.187454,17.68166,13.322468,15.872488,20.080442,17.931879,23.961948,23.734385,27.724459,29.963469,31.515882,30.941647,27.998013,25.601746,22.451477,18.951105,17.209698,13.34551,11.270784,6.7819285,5.2919793,0.0,6.7524257,9.467396,11.094963,15.661874,17.819973,21.589659,24.008528,26.568254,32.454124,32.871216,35.312923,31.07409,27.384321,28.630102,30.625479,26.014698,23.466738,26.374208,25.586048,21.365967,20.598965,24.449884,21.516033,15.39861,19.154318,21.363197,24.892641,25.610374,19.775148,26.211712,28.537874,26.513058,26.398897,24.68583,27.531818,30.944958,30.151964,28.72365,33.71842,36.887062,38.740963,35.17205,33.246452,37.265007,36.53617,31.407738,33.255436,35.75599,33.553097,29.524342,31.82567,28.068678,29.752745,26.379045,22.80971,22.38463,18.767889,16.09429,14.792593,11.174606,13.679303,15.8402605,17.937933,20.229242,25.883003,26.890934,30.860981,32.119385,34.26986,40.142044,35.690296,33.745014,31.38546,28.455542,26.181007,23.001926,20.743847,15.7531395,12.573218,14.537796,17.51312,20.07247,22.076242,25.745893,27.576767,31.46125
23,16.49525,13.2167225,14.837346,9.778908,11.846923,14.856907,12.863799,18.626965,17.966667,22.35086,24.271126,26.307665,25.927254,23.372345,21.679056,17.423023,14.804944,12.210693,10.581025,7.2834725,3.9508698,6.104503,6.7524257,0.0,3.6208909,5.013824,10.037387,12.516832,15.778814,18.84964,20.352337,26.605984,26.88439,28.912058,24.596539,21.01319,22.086782,23.900347,19.360422,16.83085,19.65436,19.001858,14.748486,13.906219,17.931097,15.498164,9.096161,13.1222515,15.898109,19.039,19.57569,14.855267,21.204802,22.952614,21.290348,21.381271,18.956778,22.202208,25.668005,24.125423,22.622543,27.918766,30.99633,32.586346,28.752321,26.919275,31.250433,30.624111,25.553856,27.831522,30.506542,28.396278,24.511335,27.456633,23.2868,25.697365,22.501667,18.348707,19.334095,15.004266,13.731878,13.832599,9.974411,11.112839,11.607078,15.466152,16.140972,22.289673,23.358599,27.324818,28.758812,31.326561,36.68976,33.15532,31.122334,29.175655,25.989214,23.951414,20.917866,18.328997,14.162992,11.502612,13.410562,15.613681,18.136415,18.674559,22.579334,23.42812,27.542753
24,19.428326,16.35922,17.270378,12.173185,13.590624,15.650254,13.264945,18.621294,17.07037,21.641705,22.943686,25.111776,24.36335,22.128147,20.080286,15.405669,13.247727,9.788544,9.897339,5.004531,4.599759,6.7890806,9.467396,3.6208909,0.0,3.3772209,6.890648,10.049771,12.901593,16.33553,17.574501,23.869242,24.833866,26.62704,22.017704,18.740934,20.266558,21.637272,16.794401,14.669015,17.953661,16.473158,12.09002,12.390979,16.316845,13.097179,7.5720005,12.480637,14.940358,18.016993,17.568153,13.291326,19.482634,20.877989,18.729456,18.326384,15.776771,18.795786,22.546593,21.3454,19.389273,24.62141,27.639118,29.43235,25.763842,23.783419,27.91318,27.332571,22.178389,24.277594,27.008268,25.03501,20.989723,23.862087,19.666464,22.136787,19.00755,14.859309,16.204454,12.030031,11.306193,12.396547,8.416953,8.402757,8.121806,12.438471,12.653592,18.80954,19.97536,23.8936,25.48623,28.05281,33.256634,29.900324,27.813631,26.020048,22.747316,20.907845,17.870602,15.392301,11.694266,9.551425,11.756518,13.318477,16.426704,15.923823,20.120096,20.637081,24.839783
25,19.472324,16.121212,16.249723,10.947813,11.452397,13.448987,10.243281,15.594788,13.923608,18.393335,19.819689,21.867168,21.23199,18.897379,17.228138,12.548387,10.423131,7.4216886,7.7369375,4.5901494,5.054304,8.341731,11.094963,5.013824,3.3772209,0.0,5.5246177,7.5900183,10.866894,13.891046,15.551679,21.638344,22.068178,24.25916,19.999012,16.322468,17.868269,19.913282,15.237108,12.583826,16.283346,15.891619,11.24808,11.1981125,15.752397,13.819127,8.218006,12.52166,15.853935,18.268518,18.044825,15.085687,20.939438,21.812595,20.072126,19.652142,16.399454,19.458319,23.504541,21.697214,19.185598,24.768162,27.434101,29.139236,25.090464,22.810259,27.037754,26.096027,21.201942,23.974504,26.201086,23.83581,20.34417,23.890976,19.809423,22.921661,20.13151,16.064255,18.19462,14.297198,14.142927,15.649695,11.572224,10.905442,9.519322,14.188469,12.945749,19.357162,19.965897,23.911747,25.075659,27.997252,33.12749,30.255314,28.45877,26.634743,23.783371,21.325342,19.137087,15.707398,12.6050205,10.701095,11.584624,13.067085,14.975459,14.754668,18.502443,18.871775,23.001911
26,24.528643,21.401596,20.915485,15.87202,15.667549,16.34806,12.788141,16.810675,13.622193,17.99029,18.169395,20.265629,18.875715,17.213318,14.875934,9.634097,8.82283,4.1795864,8.827607,5.259942,9.197798,11.629803,15.661874,10.037387,6.890648,5.5246177,0.0,4.109427,6.200755,9.805462,11.304506,17.206364,18.978443,20.89579,16.252972,13.170039,15.7707815,17.1366,12.051838,10.279325,14.969029,13.38962,8.755499,11.117863,15.148948,12.478233,9.605379,14.076655,16.753025,18.703377,16.905373,15.371434,20.367258,20.444832,18.040337,16.619598,12.983119,15.289986,19.990757,18.756374,14.997142,20.465803,22.772217,24.897242,21.100605,18.316849,22.046644,20.967365,16.018616,18.727522,20.721214,18.39145,14.828324,18.556292,14.6010065,18.12886,15.76318,12.094996,15.162997,12.291069,13.271244,16.114094,12.429467,9.9849205,6.6510725,11.488208,8.235672,14.563814,14.970162,18.793524,20.011549,23.064333,27.881495,25.516611,23.801682,22.24121,19.554808,17.163486,15.580932,11.980959,10.569245,10.120629,10.65105,10.595343,12.923339,10.579588,14.625326,14.243748,18.493666
27,26.0196,22.635815,21.61954,16.639456,15.490131,16.104425,11.511356,14.891919,11.164781,14.997313,15.008812,16.65336,15.003592,13.215905,10.841684,5.601358,5.1298995,1.13759,7.5964684,7.2529387,11.054404,13.776068,17.819973,12.516832,10.049771,7.5900183,4.109427,0.0,4.483238,6.3469763,9.7707405,14.736527,16.052774,18.825903,14.853716,11.257346,14.30699,16.659399,12.054338,9.782943,15.081795,14.909277,10.486258,12.455668,16.801685,15.521235,12.720052,16.431364,19.70714,21.041555,19.48509,18.996782,23.660248,23.285627,21.244823,19.727537,15.677664,17.641207,22.565275,20.93108,16.453615,21.999552,23.669104,25.788721,21.70112,18.394669,21.87918,20.125816,15.782641,19.296524,20.226881,17.209316,14.723895,19.182108,15.829766,19.907757,18.11788,15.049416,18.436905,16.153292,17.180256,20.062782,16.134407,13.636955,10.285736,14.443902,10.086192,15.97151,15.384739,19.081007,19.482227,22.934978,27.682518,25.887629,24.691519,23.022116,21.13947,17.82352,17.574947,12.864073,12.31593,12.1172,10.977081,10.713986,10.970355,9.132196,12.157035,11.674143,15.742211
28,28.479923,25.50232,23.896631,19.38176,18.08611,17.38082,13.708663,15.597782,11.202606,14.839556,13.704511,15.840281,14.093348,13.413035,11.854375,6.088936,8.395768,5.412806,12.052803,10.925776,14.937187,17.55896,21.589659,15.778814,12.901593,10.866894,6.200755,4.483238,0.0,4.9289823,5.5345263,11.013902,13.244918,15.199472,10.807261,7.9691176,11.611677,13.11009,8.561774,7.3886366,12.79933,12.077008,8.467279,11.638599,15.090921,14.140219,13.361018,16.423468,19.21789,19.906826,17.56996,18.662268,22.288862,21.19625,19.28958,17.594448,13.19724,14.794026,19.682386,17.836313,12.768032,18.23776,19.552166,21.61042,17.50926,14.005758,17.486086,15.782658,11.503182,15.462354,16.43522,13.649653,11.450879,16.469053,13.053596,17.689981,16.470242,13.617585,17.96005,16.045645,18.085253,21.470345,18.23555,15.248559,11.152095,15.287125,9.804757,14.694787,14.170989,17.356611,17.998808,21.568848,25.488394,24.65921,23.425547,22.330482,20.388672,17.809855,17.79873,13.8154955,14.570975,15.088082,14.38416,13.237884,13.782876,9.99271,12.701765,10.592021,14.5573635
29,31.431717,28.125011,26.404142,21.859951,19.94104,19.609777,14.983285,16.209438,11.524749,13.814177,12.172422,13.175418,10.436538,9.83653,7.432712,3.2180827,6.805964,6.8296256,12.222528,13.233556,17.232883,19.764984,24.008528,18.84964,16.33553,13.891046,9.805462,6.3469763,4.9289823,0.0,7.2267528,9.305323,11.537276,14.903604,11.893149,9.018146,13.104239,15.563043,12.0771675,10.744062,16.087023,16.450592,13.207418,15.814675,19.418055,19.052814,17.904314,20.836578,23.972645,24.45714,22.305878,23.554058,27.185095,25.934107,24.029541,22.02234,17.736795,18.687208,23.753502,22.119793,16.537827,21.518595,22.047003,24.291862,20.31301,16.279379,18.775019,16.124424,13.035699,17.299389,16.594608,12.871849,12.327731,17.54949,15.333714,19.997564,19.343729,17.39218,21.420649,20.252695,21.938173,25.332872,21.707727,18.643774,14.803057,18.07093,12.291334,16.371918,14.650734,17.535097,17.003502,20.87413,24.8053,24.437796,23.913984,22.585371,21.735373,18.046814,19.532976,14.555984,16.057756,16.825407,14.748713,13.350619,11.812944,8.7209,9.5160885,7.2367406,10.710734
30,31.160448,28.632542,26.181023,22.431934,20.735264,18.61303,16.038286,15.884526,11.303338,14.052187,11.638544,14.311185,13.002213,13.721715,13.99428,8.913157,12.728699,10.783949,17.218708,16.31399,20.066196,22.844122,26.568254,20.352337,17.574501,15.551679,11.304506,9.7707405,5.5345263,7.2267528,0.0,6.9880075,9.336943,9.987402,5.340058,4.000196,8.055143,8.706318,5.6532426,6.276126,10.56713,10.559442,9.048742,12.156513,14.253465,14.968751,15.977556,17.610025,20.102962,19.642166,17.041254,20.353672,22.553818,20.51093,19.448002,18.087288,13.452951,14.73487,18.926659,16.140398,10.893877,15.991405,16.495104,17.963087,13.489548,9.830301,13.594981,11.83448,8.607718,13.657648,14.334949,11.954382,11.274353,16.774464,13.704852,18.728659,18.329123,15.836195,20.886936,19.145777,21.963215,25.498474,22.847136,19.809063,15.521889,19.54339,13.755264,17.158392,16.609612,18.874548,19.495987,23.10882,25.744768,26.35855,25.254845,24.819023,23.027998,21.161957,21.503353,18.189537,19.687674,20.454584,19.813576,18.36902,18.471426,14.162392,15.839265,12.394843,15.461676
31,37.408104,34.71755,32.00668,28.3671,26.134373,23.998957,20.943716,19.628462,14.974012,15.675742,11.841239,13.154038,10.907158,13.213449,13.822965,11.4822445,15.851047,15.526765,21.414518,21.71474,25.737507,28.387638,32.454124,26.605984,23.869242,21.638344,17.206364,14.736527,11.013902,9.305323,6.9880075,0.0,6.7805357,7.9461823,6.954367,8.033147,11.569989,12.34704,11.787315,12.679184,16.0509,16.683088,15.9688835,18.857431,20.56543,21.633257,22.946594,24.435255,26.893435,26.042704,23.264498,27.144114,28.8178,26.321934,25.237772,23.36634,19.13393,19.197931,23.255514,21.03536,15.341849,18.858788,17.75189,19.333797,15.64658,11.5129795,12.773452,9.470246,9.564342,14.615935,12.616616,9.594581,12.175948,17.559942,16.33064,21.234613,21.916872,20.738276,25.643208,24.98564,27.798454,31.57857,28.824156,25.466724,21.172413,24.265638,18.002811,19.795546,18.144537,19.343065,18.812603,22.515238,24.046436,26.208052,25.953627,25.77622,25.226463,22.8851,24.814919,21.187908,23.852207,25.12958,23.581425,21.612288,20.377712,16.0901,15.770055,11.504363,12.659976
32,35.03294,32.528046,29.081268,26.243492,23.389612,20.654993,18.166876,15.143566,11.25043,10.3443775,6.0396166,7.7066426,7.558801,10.324759,13.99069,11.961428,16.30373,16.962608,21.938946,23.240292,26.413229,29.556103,32.871216,26.88439,24.833866,22.068178,18.978443,16.052774,13.244918,11.537276,9.336943,6.7805357,0.0,5.4797006,7.6835537,7.0364885,8.483211,11.53781,12.5049715,12.107671,14.386354,17.77046,17.061274,18.100193,20.067692,23.139847,23.362291,23.774298,27.01893,25.565405,24.203045,28.463894,30.286736,27.85432,27.869621,27.005323,22.37004,23.569525,27.199392,23.548876,18.984615,23.1746,22.44473,23.021086,18.506653,15.318706,17.898754,15.212588,15.208843,20.544167,19.240206,16.36426,18.394987,23.960583,22.036165,27.08065,27.21927,25.120504,30.122812,28.38965,30.99422,34.346436,31.267935,28.446745,24.296686,28.278942,22.297617,25.375252,23.90433,25.63879,25.04181,28.873528,30.755598,32.62222,32.296673,31.831976,31.027908,28.306366,29.818151,25.630184,27.29472,27.870747,26.086233,24.879826,22.783476,19.97999,19.535072,16.057737,17.270813
33,36.437626,34.436573,30.774216,28.34536,25.860289,22.28807,21.047314,17.803381,14.305513,14.137789,10.272778,12.720519,13.037143,15.689014,18.920822,15.901136,20.294662,19.856386,25.553196,25.734571,28.987894,32.094444,35.312923,28.912058,26.62704,24.25916,20.89579,18.825903,15.199472,14.903604,9.987402,7.9461823,5.4797006,0.0,5.4777284,7.9379315,8.040888,8.520881,11.379747,12.465665,13.066824,15.926598,16.726088,17.98934,18.539686,22.050474,23.733068,23.440964,25.94089,23.875544,22.13791,27.611805,28.26604,25.29134,25.847317,25.319557,20.947002,21.970383,24.704235,20.626997,16.77223,20.151669,19.066336,18.878347,14.460297,12.084243,14.774105,12.925987,13.742296,18.7992,18.159042,16.426601,18.42405,23.639093,21.603607,26.481007,26.900085,24.847282,30.130497,28.393085,31.542141,34.976154,32.536865,29.670021,25.405733,29.43087,23.554056,25.976784,25.068962,26.361498,26.389261,29.959772,30.98995,33.440144,32.817215,32.895535,31.665825,29.969505,30.976292,27.705843,29.553312,30.284592,29.200619,27.784573,26.667187,22.910555,23.083958,19.107922,20.435507
34,33.43417,31.372995,28.231762,25.294792,23.354399,20.128197,18.741709,16.9301,12.913468,14.573656,11.420783,14.460236,14.0773,15.809238,17.655909,13.287556,17.432169,15.917067,22.132467,21.343739,24.779913,27.7128,31.07409,24.596539,22.017704,19.999012,16.252972,14.853716,10.807261,11.893149,5.340058,6.954367,7.6835537,5.4777284,0.0,4.622878,6.319012,5.405422,6.3608665,8.261682,9.828323,11.058456,11.6563,13.857316,14.504721,16.949726,19.015476,19.29589,21.4873,19.947462,17.55077,22.59235,23.5146,20.743269,20.752447,20.022892,15.560301,16.7373,19.795122,15.9845295,11.666269,15.802769,15.514343,15.892613,11.0878,8.134251,12.108797,10.731228,9.554471,14.71458,15.248,13.681986,14.270993,19.50494,16.801147,21.693657,21.783758,19.459433,24.758862,22.93864,26.166153,29.64247,27.403389,24.493982,20.22589,24.287554,18.612354,21.240387,20.814892,22.425652,23.062443,26.550812,28.112865,29.78749,28.749733,28.78791,27.033215,25.72692,26.107494,23.254248,24.922503,25.685253,25.144184,23.68824,23.554111,19.246548,20.39422,16.503956,18.76062
35,29.86414,27.504234,24.44338,21.270817,19.11347,16.32158,14.283748,12.84407,8.504521,10.788057,8.37822,11.63989,11.449808,12.320081,14.3598585,9.527209,13.47803,12.351664,18.113579,17.942251,21.066814,24.19741,27.384321,21.01319,18.740934,16.322468,13.170039,11.257346,7.9691176,9.018146,4.000196,8.033147,7.0364885,7.9379315,4.622878,0.0,4.402161,7.075832,5.829127,5.234453,8.590497,11.169168,10.031048,11.435989,13.602513,16.160294,16.514977,17.140669,20.198458,19.135899,17.568148,21.435358,23.52912,21.412413,21.275488,20.686615,15.923345,17.837175,21.48411,17.652134,13.409476,18.53998,18.978619,19.692078,14.740096,11.76305,15.965792,14.271581,11.954555,17.148489,17.714714,15.321741,15.21521,20.728306,17.617857,22.609196,22.077063,19.203152,24.240757,21.884586,24.582647,27.804565,25.015066,22.369106,18.251701,22.734095,17.214104,21.06636,20.492914,22.819494,23.234217,26.931116,29.49013,30.271759,29.23605,28.7286,26.94284,24.881748,25.146461,21.546995,22.526152,22.866365,22.033737,21.041191,20.471693,17.080034,18.36398,15.142201,17.901382
36,28.42401,26.554768,22.871624,20.611244,18.347572,14.494199,14.036594,11.261491,8.235537,10.124044,8.448082,12.311517,13.5522375,14.415873,17.666687,12.9695,16.498343,15.427129,20.60092,20.375914,22.799961,26.12655,28.630102,22.086782,20.266558,17.868269,15.7707815,14.30699,11.611677,13.104239,8.055143,11.569989,8.483211,8.040888,6.319012,4.402161,0.0,5.407856,6.690569,5.8839917,6.038111,11.049718,10.928787,10.580909,11.990731,16.435225,16.765707,16.001453,19.194744,17.34364,16.809687,21.473392,23.038137,20.796389,21.749043,22.086481,17.403404,19.920244,22.729977,17.836761,15.027729,20.004622,20.607597,20.437084,15.196653,13.371858,18.12307,17.025558,15.10779,20.114637,21.194735,19.244837,19.08864,24.427746,21.024282,25.872744,25.173464,21.868494,26.923914,23.928902,26.688341,29.565668,27.005348,24.794369,20.90007,25.776352,20.712526,24.779757,24.554914,26.888288,27.518383,31.152431,33.52008,34.390797,33.184414,32.776714,30.672546,28.928453,28.7142,25.36094,25.833347,25.814594,25.276968,24.652397,24.143656,21.167517,22.578487,19.503157,22.189045
