,0,1,2,3,4,5,6,7,8,9,10,11,12,13,14,15,16,17,18,19,20,21,22,23,24,25,26,27,28,29,30,31,32,33,34,35,36,37,38,39,40,41,42,43,44,45,46,47,48,49,50,51,52,53,54,55,56,57,58,59,60,61,62,63,64,65,66,67,68,69,70,71,72,73,74,75,76,77,78,79,80,81,82,83,84,85,86,87,88,89,90,91,92,93,94,95,96,97,98,99,100,101,102,103,104,105,106,107
0,0.0,3.5430825,7.932274,10.138427,13.5397625,17.151676,18.91701,23.575264,24.946835,28.811203,31.629751,32.654835,33.45829,31.21658,29.683008,25.465162,22.807343,20.70497,17.347332,15.779791,11.280933,9.673887,9.782873,15.768432,17.806028,19.714539,19.386223,23.656889,23.898266,27.477785,31.337906,32.72719,35.53035,38.734665,37.82879,34.683445,38.26326,37.64555,32.892265,33.213806,37.15096,31.88136,29.823858,33.743935,35.326828,28.463781,29.241959,34.16349,33.56902,36.994938,33.158127,28.869936,33.123913,34.701603,30.938183,31.188692,32.89368,34.2173,37.930454,39.999672,40.24327,43.869938,44.237938,47.46079,43.253765,40.91179,44.07673,42.742355,37.562225,40.45507,40.962223,37.76227,34.726498,37.739876,36.300133,40.120216,37.22238,34.889057,38.01469,34.954506,35.68754,35.4358,31.89447,29.473997,28.944908,25.183388,26.037218,20.121244,21.238014,18.839363,18.842794,19.146769,23.411415,21.26491,24.484283,20.30495,25.535013,22.298624,27.722889,26.533695,25.637463,22.400805,24.53903,21.786478,26.61497,25.88362,27.745087,30.267485
1,3.5430825,0.0,4.6237698,7.6653504,10.85376,14.520687,16.5873,21.031796,22.891453,26.500275,29.594776,30.6553,31.83661,29.572199,28.802431,24.257956,22.02368,19.885029,17.04324,15.591923,11.475552,10.901246,12.34086,17.560282,19.269337,20.675472,19.836283,23.903873,23.48246,27.3716,30.321045,32.137688,34.356846,37.859104,36.933037,33.783337,37.60139,37.139618,32.507816,32.88275,37.083027,32.044987,29.95125,34.097218,35.84949,29.253973,30.128874,35.102562,34.819324,38.009792,34.0249,30.322277,34.601994,35.865704,32.128952,32.088,33.496376,34.47576,38.351753,39.81991,40.430412,43.761585,43.961933,47.396194,43.463047,41.045452,43.97514,42.810146,37.481655,39.889004,40.674603,37.759045,34.320686,37.009117,35.432358,39.023903,35.906475,33.559937,36.241467,33.459923,33.892197,33.508125,30.162579,28.04724,27.991276,24.053568,25.677135,20.193829,21.887053,19.907398,20.56242,20.579948,24.871834,22.08262,24.806763,20.250929,25.005993,21.34034,26.311762,24.719774,23.60597,20.605753,22.898977,20.834557,25.755478,25.339067,27.617323,30.263954
2,7.932274,4.6237698,0.0,4.7664685,6.891516,10.252426,12.826126,16.809696,19.17787,22.514965,25.811636,27.018,28.595901,26.468262,26.581112,21.602829,20.060938,17.721975,16.000654,14.408569,11.319991,12.160269,14.917908,18.859478,20.151354,20.912388,19.250006,22.92833,21.673336,25.792618,27.636692,29.839037,31.419151,35.168266,34.173534,31.040506,35.090195,34.837627,30.40021,30.82776,35.29222,30.642092,28.517477,32.879993,34.827156,28.706434,29.693304,34.636604,34.77734,37.608734,33.52131,30.642199,34.945282,35.79665,32.22792,31.866457,32.753017,33.38548,37.32735,38.049732,39.007217,41.907993,41.869873,45.527798,41.959053,39.45831,42.07454,41.145557,35.68705,37.49256,38.646366,36.125458,32.218956,34.558746,32.760204,36.098095,32.787056,30.390938,32.57487,30.067915,30.18667,29.701283,26.557232,24.805737,25.27563,21.234701,23.732073,18.990746,21.36378,20.01797,21.516924,21.179995,25.371376,21.819586,23.770426,18.918167,22.89188,18.78927,23.115303,21.09742,19.77831,17.095818,19.565859,18.43604,23.28851,23.390364,26.05053,28.910458
3,10.138427,7.6653504,4.7664685,0.0,3.7718828,8.655325,9.102657,14.0781,15.642997,19.12962,22.32834,23.134676,24.460867,22.099049,22.063559,17.34458,15.622834,13.891599,11.788867,11.441459,8.753822,10.392562,14.46755,16.951778,17.525015,17.61504,16.204823,19.456354,17.963789,22.353043,23.769073,26.451918,27.656433,31.65207,31.187313,28.549496,32.58395,31.771088,27.615097,28.564934,32.718826,27.73928,26.194775,30.85284,32.28989,26.27207,28.232483,32.84489,32.693306,35.21845,30.683336,28.628435,32.30353,32.74009,29.004824,28.275938,29.276854,29.415192,33.630405,34.075016,35.525333,38.51982,38.754166,42.482323,39.107727,36.960526,39.89044,39.34341,33.841454,35.666584,37.329113,35.015934,30.91119,33.698215,31.272964,34.90054,31.762468,28.90916,30.959106,27.86616,27.745169,26.783386,23.943005,21.879587,22.660381,18.234156,21.212923,16.771194,19.255995,18.647278,20.339712,20.556368,24.702375,21.030657,22.31463,17.801174,21.300264,16.915464,21.306961,18.567236,17.972822,15.492111,18.513445,17.928581,22.326502,23.254509,25.460217,28.90253
4,13.5397625,10.85376,6.891516,3.7718828,0.0,5.243597,5.9605513,10.419127,12.510421,15.759625,19.12877,20.163092,21.883783,19.769192,20.647535,15.477076,14.6858835,12.67807,12.250323,11.566722,10.435593,12.920732,17.267384,18.826532,19.125994,18.724676,16.509161,19.219334,16.928772,21.364138,21.664488,24.63054,25.245592,29.407259,28.829746,26.210503,30.415428,29.843422,25.910225,26.867226,31.219458,26.72406,25.140099,29.880125,31.510244,26.066584,27.995054,32.499924,32.76212,34.947136,30.458206,29.1129,32.81315,32.921654,29.468433,28.523693,28.953524,28.848404,32.991756,32.761906,34.436165,36.979744,36.95893,40.85332,37.82007,35.588432,38.184677,37.83391,32.285244,33.549236,35.511127,33.570217,29.116549,31.564499,28.960962,32.3338,29.069565,26.183146,27.777662,24.929632,24.528759,23.497095,20.835695,19.148113,20.442215,16.017391,19.81158,16.328382,19.324846,19.27872,21.593685,21.446428,25.337404,21.169876,21.721876,17.153011,19.723276,15.066482,18.655432,15.488414,14.752888,12.695157,15.874145,16.2947,20.405567,21.826868,24.277443,27.826958
5,17.151676,14.520687,10.252426,8.655325,5.243597,0.0,5.857151,7.0615396,10.1944685,13.170752,16.363947,18.265444,20.388601,19.123478,20.78976,15.009485,15.56258,12.538301,14.650516,12.40704,13.016234,16.02748,20.123026,20.927744,21.280594,20.715649,17.258226,19.4769,16.507391,20.503353,19.977518,22.583782,23.03149,26.950052,25.730124,22.74286,27.10011,27.266996,23.422533,23.977625,28.736454,25.195747,23.160545,27.725918,29.930426,25.306099,26.556541,31.018347,32.034832,33.91208,29.878803,28.999123,33.104237,33.058197,30.213093,29.31727,28.814125,28.906183,32.573334,31.798824,33.191284,35.05893,34.493572,38.486584,35.737843,33.159164,35.112675,34.767605,29.234919,29.810553,31.828093,30.254211,25.50754,27.333324,24.843288,27.795687,24.342556,21.648647,22.963617,20.671612,20.284567,19.738518,16.83791,15.798265,17.316486,13.421311,17.667305,15.465155,18.950773,19.29722,22.328825,21.418156,24.834278,20.137878,19.945358,15.326167,16.720598,12.054314,14.442851,11.5064125,10.014418,8.271767,11.274978,12.819277,16.59528,18.323095,21.208567,24.627035
6,18.91701,16.5873,12.826126,9.102657,5.9605513,5.857151,0.0,5.8303194,6.79552,10.041524,13.344007,14.205107,16.02273,14.046925,15.837533,10.513095,11.002143,9.571081,11.189426,11.4429865,12.506322,15.7056265,20.546774,20.179985,19.644909,18.23481,15.599181,16.982086,13.663107,18.11038,16.58636,20.320343,19.865198,24.397135,24.271923,22.285011,26.520947,25.616596,22.32938,23.810394,27.894745,23.721554,22.753302,27.65926,28.932753,24.391457,27.092094,31.009914,31.39729,32.907707,28.201828,28.355728,31.401127,30.81374,27.639761,26.188532,26.068392,25.257488,29.449366,28.247648,30.576464,32.701054,32.686638,36.756332,34.285137,32.35455,34.88725,35.097736,29.604872,30.33566,33.032463,31.68126,26.872505,29.396824,26.067043,29.423422,26.350143,23.035107,24.03861,20.800432,19.87355,18.235243,16.178114,14.556946,16.756308,12.169596,17.191097,15.43568,18.718248,19.865868,22.697083,22.684502,26.057993,21.644419,20.872316,17.032934,17.945301,13.221969,15.628265,11.277865,11.550127,10.570006,14.112479,16.009146,18.923285,21.511738,23.548405,27.549639
7,23.575264,21.031796,16.809696,14.0781,10.419127,7.0615396,5.8303194,0.0,4.8376727,6.284886,9.832727,11.763285,14.567101,13.764338,17.274282,11.842486,14.18988,12.271412,16.014965,15.184471,17.2872,20.685192,25.281149,24.529594,24.030806,22.471977,18.950855,19.601969,15.58211,19.296455,15.897906,19.589247,18.090588,22.562136,21.914919,19.85966,24.259716,24.148094,21.393059,22.575834,26.946054,24.079887,22.864956,27.490108,29.248018,25.901299,28.014345,31.680634,32.843815,33.863358,29.638584,30.553864,33.782467,32.899567,30.392881,28.881783,27.778069,26.893257,30.562769,28.36661,30.711792,31.864857,31.224182,35.459896,33.60468,31.429413,33.126972,33.558517,28.190351,27.784927,30.817074,30.15326,24.95381,26.572727,23.1787,25.799997,22.52534,19.374563,19.317043,16.927341,15.400632,13.837631,12.211855,11.95976,15.133798,11.469367,17.283379,17.393526,20.991516,22.55345,25.932808,25.273197,28.113834,23.31422,21.661804,18.092133,17.294369,12.905733,12.830127,7.927193,7.683035,8.580344,11.591486,15.370744,17.30071,20.44183,22.831781,26.615658
8,24.946835,22.891453,19.17787,15.642997,12.510421,10.1944685,6.79552,4.8376727,0.0,4.4622636,6.7111235,8.311937,10.248096,9.589672,12.637501,7.3246446,10.452796,9.194903,13.761649,13.673488,16.677097,20.1612,24.883106,22.888062,21.841532,19.752111,16.377155,16.101624,11.805204,15.348349,11.241591,15.444352,13.710415,18.407412,18.431816,17.084745,21.274263,20.356882,17.954838,19.780718,23.579395,20.409327,19.928047,24.661995,25.788303,22.781786,25.758493,28.904055,29.7533,30.422083,25.935425,27.707956,30.262293,28.99781,26.585636,24.818117,23.589146,22.32782,26.053865,23.643314,26.320847,27.609705,27.309296,31.544113,29.790083,28.033148,30.17725,30.960257,25.686356,25.594698,29.024296,28.449465,23.36842,25.741024,21.7433,24.904463,22.171213,18.51659,18.859156,15.237122,13.788825,11.65092,10.21734,8.933833,12.345675,8.441456,14.528893,15.456118,18.786701,21.038582,24.378948,24.161335,26.683592,22.154053,19.89769,17.2108,15.851293,11.853667,11.961133,6.629264,8.566623,9.405033,12.408661,15.786711,16.862034,20.561102,22.06499,26.257984
9,28.811203,26.500275,22.514965,19.12962,15.759625,13.170752,10.041524,6.284886,4.4622636,0.0,4.235236,5.6949677,9.126373,9.047371,14.216167,10.177221,13.848597,13.400425,17.76344,18.127132,21.03415,24.485565,29.268457,27.28399,26.105814,23.825191,20.62249,19.88765,15.4805565,18.523664,12.577919,17.259989,13.717526,18.67554,19.00172,18.298693,22.345541,21.587011,20.100384,21.999186,25.556395,23.182789,22.981056,27.464373,28.522808,26.328623,29.312702,32.113407,33.16745,33.42181,29.060246,31.514383,33.74515,32.13572,29.959743,27.940948,26.439226,24.621824,28.206137,24.786293,28.069221,28.675674,28.180153,32.506657,31.472979,29.895992,31.571154,32.747242,27.728827,26.755947,30.62273,30.656498,25.417555,27.164474,23.008162,25.492884,22.776278,19.26057,18.232563,15.367392,12.844406,9.795199,10.212127,10.40464,14.658969,11.730375,17.86809,19.642456,22.93531,25.346512,28.747923,28.452696,30.795362,26.221272,23.618336,21.172756,19.053854,15.459566,13.976074,8.571694,10.26713,12.350501,14.806453,19.081259,19.567703,23.510406,25.129007,29.1495
10,31.629751,29.594776,25.811636,22.32834,19.12877,16.363947,13.344007,9.832727,6.7111235,4.235236,0.0,3.8486679,6.4604692,8.184202,13.054403,10.0066395,14.289773,13.975995,19.099901,19.278439,22.865366,26.336733,30.964619,28.137867,26.72806,24.214327,20.855286,19.29972,14.887551,16.981411,9.819999,14.391904,9.942314,14.81167,15.41038,15.445246,19.154642,18.208004,17.497717,19.639225,22.69139,20.967909,21.20493,25.376808,26.174013,24.957367,28.113775,30.316349,31.507675,31.259916,27.128885,30.451046,32.27539,30.32432,28.66032,26.558737,24.468487,22.496708,25.614632,21.596857,24.96561,25.076498,24.481304,28.81643,28.214607,26.86561,28.401583,29.94704,25.225258,23.938179,28.194485,28.638288,23.507467,25.359015,20.833033,23.304762,21.092817,17.411327,16.23722,12.836973,10.116394,6.468454,7.9401126,8.337966,12.815688,10.989202,16.679207,19.718195,22.732662,25.616596,29.091127,28.802307,30.624342,26.2445,22.992079,21.419598,18.34373,15.613723,13.236718,8.539776,11.160011,13.549394,15.396417,19.679846,19.105486,23.423595,24.451889,28.502155
11,32.654835,30.6553,27.018,23.134676,20.163092,18.265444,14.205107,11.763285,8.311937,5.6949677,3.8486679,0.0,4.1407146,5.210661,11.391271,9.799902,13.843429,14.850082,19.060751,20.466627,23.76998,27.09749,31.899498,28.907328,27.158337,24.346184,21.740757,19.88552,15.646443,17.889833,10.265001,15.681245,10.380903,15.680787,17.396786,18.202707,21.56762,19.796186,19.516851,22.13793,24.61571,22.379524,23.269823,27.529581,27.701412,26.3688,30.240772,32.2183,32.91302,32.550297,28.029953,31.722992,32.879765,30.659616,28.72623,26.278994,24.64688,21.928053,25.447092,21.086224,25.320524,25.6893,25.629871,29.889366,29.48767,28.661669,30.613464,32.40957,27.818504,26.81027,31.214436,31.625732,26.655943,28.842182,24.17323,26.786177,24.773756,21.034176,19.82675,16.28308,13.5384,9.547702,11.57767,11.398932,15.592611,13.385368,18.907896,21.573265,24.358778,27.33903,30.543377,30.707624,32.66065,28.500685,25.37328,23.912048,21.25368,18.401814,16.759153,11.94083,14.627391,16.653059,18.848581,22.794851,22.459675,26.745214,27.568241,31.772066
12,33.45829,31.83661,28.595901,24.460867,21.883783,20.388601,16.02273,14.567101,10.248096,9.126373,6.4604692,4.1407146,0.0,3.9347646,8.364186,8.605551,12.510407,14.165167,18.314194,20.066423,23.689817,26.867897,31.50714,27.741695,25.672277,22.609716,20.355618,17.786081,13.903425,15.459042,7.450834,13.084269,7.509275,12.870912,15.520293,17.104095,19.947992,17.292736,17.485912,20.583752,22.298767,19.817904,21.427183,25.539396,25.064844,24.098358,28.555725,30.021006,30.37168,29.720434,25.08955,29.421055,29.919476,27.405262,25.640442,23.027473,21.317781,18.22144,21.689095,17.130165,21.73575,22.32094,22.720663,26.864971,26.49824,26.142733,28.56143,30.580343,26.219286,25.692207,30.193142,30.553734,25.935453,28.737867,23.853464,26.9023,25.395815,21.48679,20.967075,16.609539,14.469386,10.782499,12.470584,11.358708,14.853775,13.039896,17.696278,20.728725,23.038233,26.342455,29.338188,29.828468,31.474216,27.720913,24.365412,23.637375,20.889622,18.598717,17.441542,13.292096,16.524612,18.096666,20.1862,23.485237,22.758398,27.099268,27.265207,31.604885
13,31.21658,29.572199,26.468262,22.099049,19.769192,19.123478,14.046925,13.764338,9.589672,9.047371,8.184202,5.210661,3.9347646,0.0,6.979797,7.3241453,10.484913,13.071428,16.028147,18.791546,21.822844,24.85242,29.66477,26.271725,24.122465,21.021482,19.408384,17.272429,13.54284,16.024073,9.387783,15.259613,10.84376,16.171988,18.782598,19.900154,22.976543,20.144232,19.673693,22.799902,24.714577,21.29172,22.85068,27.302803,26.714495,24.754583,29.51535,31.353674,31.267452,31.029427,25.965536,29.706978,30.161331,27.834362,25.423668,22.705744,21.862213,18.593107,22.75874,18.92232,23.661839,24.986422,25.749166,29.814066,29.001894,28.665438,31.494314,33.267506,28.666452,28.663643,32.904457,32.836864,28.210981,31.250574,26.505955,29.802546,28.010319,24.061405,23.828272,19.479643,17.448332,13.818443,14.905563,13.360927,16.693104,13.84006,18.722412,20.57692,22.901184,25.933655,28.67464,29.48633,31.57571,27.86025,25.057438,23.830887,22.015572,19.101051,19.004366,14.341756,17.321457,18.409588,21.032774,23.993977,24.06886,28.16151,28.541523,32.999947
14,29.683008,28.802431,26.581112,22.063559,20.647535,20.78976,15.837533,17.274282,12.637501,14.216167,13.054403,11.391271,8.364186,6.979797,0.0,5.9520903,6.9058013,10.588707,12.666175,15.933927,19.174984,21.754734,26.100712,21.604467,19.00622,15.612137,14.870184,11.912429,9.402357,11.212935,7.725182,12.40674,10.84857,14.967202,17.972134,19.199308,21.653421,17.790602,16.935734,20.445103,21.513918,16.827211,19.18452,23.541824,22.062819,19.638298,25.284346,26.717775,25.814419,25.659891,20.199265,24.101885,23.781166,21.376577,18.718029,15.858343,15.568001,12.129494,16.8201,14.384041,18.815113,21.419273,23.012838,26.687475,25.087612,25.191036,29.020576,30.609821,26.169306,27.532074,31.346416,30.674274,26.752659,30.848404,26.187975,30.307869,29.015764,24.967281,26.226816,20.929956,20.142706,17.46225,17.176626,14.214325,15.770141,13.074421,15.98595,17.323647,18.702312,21.944637,24.126553,25.5782,27.373922,24.452564,21.827364,21.503826,20.377197,18.17183,19.656986,16.21269,19.485548,19.476128,21.997515,23.455927,23.475767,27.216496,26.704092,31.287224
15,25.465162,24.257956,21.602829,17.34458,15.477076,15.009485,10.513095,11.842486,7.3246446,10.177221,10.0066395,9.799902,8.605551,7.3241453,5.9520903,0.0,4.393673,5.8331795,9.909034,11.675406,15.210439,18.316534,22.913866,19.301292,17.391087,14.553389,12.217457,10.574018,6.5900106,10.145872,7.184521,11.778454,11.144913,15.625025,17.022562,16.772274,20.156136,17.54048,15.362899,18.196379,20.71915,16.174358,17.085884,21.913498,21.70736,18.460905,23.028711,25.47389,25.311666,25.784206,20.629131,23.195368,24.528484,22.87452,20.173145,18.019648,17.297579,15.468401,19.72393,17.899326,20.980413,23.279303,23.983482,27.953058,25.868225,24.928118,28.23321,29.268301,24.242771,25.395494,28.886341,27.966257,23.563835,27.278183,22.907648,26.971447,25.0865,21.103035,22.563126,17.554998,16.910118,14.69363,13.318698,10.224763,12.101535,8.258743,12.554032,13.384436,15.709658,18.627111,21.39309,22.183365,24.406197,20.737741,18.324442,16.96678,16.059946,13.018975,14.810159,10.982652,13.961767,13.702042,16.47085,18.120026,18.715876,22.376638,22.55149,27.116575
16,22.807343,22.02368,20.060938,15.622834,14.6858835,15.56258,11.002143,14.18988,10.452796,13.848597,14.289773,13.843429,12.510407,10.484913,6.9058013,4.393673,0.0,4.924943,6.011849,9.478822,12.321935,15.013359,19.567656,15.848377,13.692053,10.73861,9.578183,8.547099,6.023805,10.16988,10.476493,14.012879,14.770262,18.696182,20.140024,19.658316,22.810556,19.898386,17.201742,19.953411,22.242277,16.67044,17.657368,22.519781,21.961802,17.551706,22.52502,25.17786,24.305748,25.291967,19.787487,21.47802,22.632374,21.338451,17.915821,15.8594885,16.314281,14.7758665,19.479708,19.007538,21.725033,24.913574,26.080498,29.755054,27.080338,26.280043,30.143063,30.861036,25.838846,27.860579,30.880945,29.39069,25.40295,29.57642,25.503284,29.90726,28.053167,24.157404,26.242876,21.13866,20.922506,18.990314,17.181107,13.769506,14.635104,10.583329,13.472671,12.449016,14.209213,16.742428,18.904667,20.322096,22.882856,19.698,18.121967,16.676165,17.192038,14.125174,17.437168,14.152809,16.695127,15.550062,18.486761,18.983217,20.290737,23.3606,23.348295,27.906792
17,20.70497,19.885029,17.721975,13.891599,12.67807,12.538301,9.571081,12.271412,9.194903,13.400425,13.975995,14.850082,14.165167,13.071428,10.588707,5.8331795,4.924943,0.0,6.545069,5.9212284,9.988799,13.198592,17.55542,14.18318,12.857185,10.761575,7.272049,7.50492,4.2775946,8.864247,10.668584,12.871985,14.993676,18.387455,18.553064,16.942787,20.440922,18.499561,14.840584,16.873701,20.067867,14.834332,14.587112,19.583303,20.027464,15.2818985,19.152987,22.464466,22.30599,23.667349,18.712923,19.453587,21.987804,21.263344,18.30666,17.000647,16.611174,16.46772,20.377956,20.351364,21.826973,24.714598,25.22848,28.952229,25.882875,24.315828,27.775406,28.010803,22.70822,24.783905,27.36824,25.619507,21.516275,25.549372,21.850925,26.29822,24.242289,20.529587,23.208183,18.292706,18.683317,17.644386,14.739632,11.193324,11.310746,6.956508,9.708521,8.182838,10.74906,13.15634,15.994058,16.644772,19.26838,15.516557,13.952126,11.948783,12.6825905,9.347337,13.422261,10.958882,13.083055,11.306258,14.06745,14.0891075,15.650928,18.52112,18.75065,23.260925
18,17.347332,17.04324,16.000654,11.788867,12.250323,14.650516,11.189426,16.014965,13.761649,17.76344,19.099901,19.060751,18.314194,16.028147,12.666175,9.909034,6.011849,6.545069,0.0,6.3656473,7.1083283,9.28111,13.938733,11.210633,9.527272,7.542317,7.558064,9.298821,8.868435,13.012948,15.918905,18.344187,20.35302,23.852057,24.623331,23.277147,26.499258,24.047401,20.454979,22.545227,25.21067,19.111935,19.259972,24.028093,23.838408,17.947985,22.269453,25.67812,24.43358,26.372559,21.021263,20.585665,22.508055,22.217262,18.178669,16.908752,18.441341,18.087996,22.620285,23.631874,25.360548,29.111391,30.27592,33.698666,30.292152,29.14265,33.167004,33.226646,28.084793,30.8201,33.053505,30.833979,27.205515,31.478678,28.063038,32.619366,30.521233,26.920658,29.645851,24.830318,25.072641,23.675425,21.113083,17.680464,17.727022,13.480762,15.207642,11.4914875,12.8510895,14.079482,15.516581,17.314545,20.618057,17.793457,17.76262,15.523937,18.075298,14.773246,19.635155,17.009565,18.632757,16.439358,19.447441,18.581388,21.111584,23.16812,23.408073,27.701454
19,15.779791,15.591923,14.408569,11.441459,11.566722,12.40704,11.4429865,15.184471,13.673488,18.127132,19.278439,20.466627,20.066423,18.791546,15.933927,11.675406,9.478822,5.9212284,6.3656473,0.0,4.8743186,7.9608107,11.919676,9.447148,9.286463,8.84115,5.125795,8.656598,8.277654,11.794209,16.160522,17.03035,20.453592,23.18338,22.634338,20.164381,23.495138,22.126434,17.64697,18.774462,22.247322,16.71556,15.423997,20.066092,21.028334,14.865788,17.60713,21.790455,21.428549,23.798649,19.28043,17.640202,21.304491,21.679192,18.44339,18.076353,18.410278,19.559593,23.088936,24.530352,24.857174,28.225998,28.683216,32.051777,28.219603,26.24194,29.776796,29.234383,23.93116,26.83276,28.403318,25.822605,22.302683,26.422787,23.623133,28.178947,26.002043,22.771547,26.266684,21.772482,22.804232,22.480946,18.875135,15.4943075,14.446336,10.727876,11.198511,6.068515,8.202367,8.91688,11.390022,12.049147,15.489355,11.96314,12.3122835,9.348299,12.82319,9.73465,15.540053,14.419289,15.382804,12.399812,14.815458,12.772136,15.672975,17.136272,17.522085,21.639507
20,11.280933,11.475552,11.319991,8.753822,10.435593,13.016234,12.506322,17.2872,16.677097,21.03415,22.865366,23.76998,23.689817,21.822844,19.174984,15.210439,12.321935,9.988799,7.1083283,4.8743186,0.0,3.5475938,8.262747,8.396811,9.0701475,9.752134,8.439118,12.488243,12.725238,16.320751,20.58754,21.824924,24.939978,27.92435,27.492542,24.955622,28.322897,26.972189,22.473724,23.464064,26.914719,21.216425,19.880293,24.284298,25.20597,18.549246,20.920155,25.330818,24.567091,27.383402,22.908718,20.195194,23.846676,24.673466,20.961515,20.778072,22.030891,23.123976,26.893215,28.720343,29.159184,32.819103,33.439156,36.712975,32.718494,30.782269,34.389095,33.62935,28.385113,31.435274,32.69632,29.846663,26.537878,30.457653,28.01596,32.434082,30.040281,27.008997,30.382145,26.221968,27.07593,26.59836,23.11234,19.969032,19.189789,15.3143,15.949388,10.249072,11.602266,10.818698,12.032009,13.093655,17.169388,14.284329,15.971832,12.548216,17.007578,13.782901,19.634052,18.247955,18.658854,15.498014,18.041824,15.65029,19.393965,20.118244,20.918018,24.614698
21,9.673887,10.901246,12.160269,10.392562,12.920732,16.02748,15.7056265,20.685192,20.1612,24.485565,26.336733,27.09749,26.867897,24.85242,21.754734,18.316534,15.013359,13.198592,9.28111,7.9608107,3.5475938,0.0,5.0775924,6.9941635,8.368191,10.072708,10.20297,14.409694,15.476982,18.69208,23.636904,24.613594,28.051773,30.848608,30.481167,27.957518,31.113487,29.650003,25.09883,25.998001,29.18275,23.271929,21.991123,26.086357,26.818262,19.812002,22.014633,26.400152,25.20336,28.35586,24.02298,20.463045,24.020233,25.270517,21.370005,21.516542,23.362776,24.726585,28.407352,30.867239,31.04376,35.033787,35.850094,38.90595,34.655327,32.816883,36.6268,35.67048,30.598013,34.054493,34.99212,31.855173,28.959244,33.013245,30.822895,35.312668,33.017185,30.108534,33.7049,29.533033,30.5277,30.102016,26.578518,23.364605,22.3148,18.644646,18.646729,12.585771,13.081424,11.510306,11.542778,13.131215,17.301401,15.299553,17.771152,14.6916485,19.67284,16.870266,22.884295,21.75505,22.086943,18.823864,21.188114,18.275192,22.110699,22.331532,22.933811,26.336575
22,9.782873,12.34086,14.917908,14.46755,17.267384,20.123026,20.546774,25.281149,24.883106,29.268457,30.964619,31.899498,31.50714,29.66477,26.100712,22.913866,19.567656,17.55542,13.938733,11.919676,8.262747,5.0775924,0.0,6.775969,9.476286,12.421862,13.033244,17.31548,19.214441,21.674417,27.652468,27.844334,32.03829,34.305832,33.64105,30.879637,33.692455,32.42851,27.683784,28.154196,31.114777,25.311825,23.73577,27.185081,28.003736,20.791885,22.083467,26.497488,25.063972,28.71,25.025387,20.0756,23.9863,25.980463,22.31716,23.165676,25.23265,27.351274,30.500765,33.82516,33.210316,37.41878,38.24921,40.946148,36.291916,34.357006,38.205936,36.80927,32.052353,36.045563,36.313168,32.735912,30.54497,34.663788,33.043705,37.558067,35.457825,32.873993,36.96775,32.89915,34.318222,34.289608,30.469084,27.218605,25.543184,22.42955,21.309765,14.973961,14.485023,11.780523,10.340027,12.056856,16.048122,15.327768,18.86707,16.314407,21.8982,19.901058,26.09534,25.765594,25.884737,22.396358,24.258694,20.436964,24.257364,23.6147,23.904005,26.705748
23,15.768432,17.560282,18.859478,16.951778,18.826532,20.927744,20.179985,24.529594,22.888062,27.28399,28.137867,28.907328,27.741695,26.271725,21.604467,19.301292,15.848377,14.18318,11.210633,9.447148,8.396811,6.9941635,6.775969,0.0,3.2899172,6.6618586,7.8457537,11.553302,14.48047,16.082693,23.004292,22.615788,27.350344,29.094458,28.813309,26.615889,28.943367,27.052246,22.598259,23.489058,25.679852,19.473598,18.636412,22.044897,22.076197,14.830888,17.450277,21.215395,19.225082,22.610317,18.54475,14.2202,17.510902,19.266117,15.563117,16.490282,18.579275,20.943016,23.86343,27.604189,26.769207,31.233871,32.396656,34.90146,30.227112,28.720057,33.039867,31.961592,27.410967,31.788183,32.372368,28.941229,26.96157,31.756525,29.62874,34.506382,32.935444,30.039402,34.357307,29.63268,31.2434,31.156134,27.478348,23.806395,21.690554,19.0373,16.976242,11.192221,9.636146,8.0726,6.412024,9.659526,12.923835,12.591557,15.097203,14.050121,18.820318,17.546175,23.643305,23.512674,24.478697,21.261604,23.048635,19.420599,22.098381,22.212149,21.450882,24.788324
24,17.806028,19.269337,20.151354,17.525015,19.125994,21.280594,19.644909,24.030806,21.841532,26.105814,26.72806,27.158337,25.672277,24.122465,19.00622,17.391087,13.692053,12.857185,9.527272,9.286463,9.0701475,8.368191,9.476286,3.2899172,0.0,3.5430512,6.543351,9.4484415,12.685732,14.2490835,21.035975,20.93433,25.403261,27.239296,27.4744,25.786137,28.018175,25.589731,21.49537,22.892511,24.680643,18.139688,18.052881,21.672384,21.080894,14.034355,17.868624,21.105238,18.759266,21.72377,17.077385,13.946108,16.164742,17.377998,13.260612,13.753885,16.255947,18.151262,21.403498,25.055101,24.676834,29.314138,30.78509,33.32421,28.847952,27.740343,32.33348,31.633263,27.11628,31.417688,32.442936,29.284527,27.145363,32.144764,29.568325,34.546356,33.101658,29.945242,34.039978,29.011179,30.416033,29.996944,26.64882,22.829084,20.942327,18.182487,16.384872,11.280049,9.748595,9.497963,8.446438,11.819245,14.627457,14.112932,15.668832,15.051853,19.070024,17.703888,23.533813,22.969984,24.382013,21.456835,23.465792,20.413029,22.67598,23.40171,22.431717,26.105322
25,19.714539,20.675472,20.912388,17.61504,18.724676,20.715649,18.23481,22.471977,19.752111,23.825191,24.214327,24.346184,22.609716,21.021482,15.612137,14.553389,10.73861,10.761575,7.542317,8.84115,9.752134,10.072708,12.421862,6.6618586,3.5430512,0.0,5.4152737,7.0220327,10.174134,11.920345,18.177391,18.550611,22.548437,24.607353,25.32868,24.126152,26.3773,23.503609,19.798597,21.71524,23.27949,16.56314,17.1588,21.110685,20.092852,13.525932,18.37733,21.193262,18.861364,21.2287,16.003866,14.543428,15.875243,16.248358,11.894679,11.570935,14.118483,15.2506485,19.004406,22.149202,22.443773,27.06265,28.719158,31.425373,27.288445,26.487677,31.19268,30.92438,26.356056,30.350529,31.91129,29.136833,26.664429,31.722029,28.66866,33.66117,32.271812,28.860346,32.612564,27.359108,28.485403,27.717001,24.738127,20.84659,19.335567,16.42128,15.19468,11.043389,9.999069,11.039615,10.954935,13.991454,16.518093,15.441333,15.941033,15.5153055,18.616531,17.03973,22.43562,21.365435,23.201677,20.649181,22.872583,20.557928,22.412579,23.817575,22.80567,26.823862
26,19.386223,19.836283,19.250006,16.204823,16.509161,17.258226,15.599181,18.950855,16.377155,20.62249,20.855286,21.740757,20.355618,19.408384,14.870184,12.217457,9.578183,7.272049,7.558064,5.125795,8.439118,10.20297,13.033244,7.8457537,6.543351,5.4152737,0.0,4.4688454,6.7042704,8.683904,15.21361,15.034379,19.534334,21.455671,21.332869,19.465818,22.038174,19.903563,15.622547,17.131388,19.545929,13.277636,12.871496,17.252716,17.262707,10.752604,14.829229,18.300634,17.170862,19.46932,14.627061,13.324329,16.309374,16.624123,13.33465,13.1736355,13.708898,15.415683,18.669947,21.088388,20.896893,24.839827,25.78589,28.791584,24.667498,23.160728,27.349096,26.920246,21.990108,25.672722,27.203579,24.49979,21.646967,26.513659,23.537766,28.471455,26.960598,23.63281,27.571707,22.484007,23.894316,23.626085,20.166445,16.331593,14.4381895,11.7060585,10.144857,5.7061176,5.5674825,7.559623,9.389091,11.110075,13.651205,11.297312,11.116454,10.396902,13.239908,11.727572,17.223923,16.740683,18.42749,15.779388,17.703182,15.334831,17.000639,18.567022,17.697014,21.883799
27,23.656889,23.903873,22.92833,19.456354,19.219334,19.4769,16.982086,19.601969,16.101624,19.88765,19.29972,19.88552,17.786081,17.272429,11.912429,10.574018,8.547099,7.50492,9.298821,8.656598,12.488243,14.409694,17.31548,11.553302,9.4484415,7.0220327,4.4688454,0.0,4.453639,4.9141483,12.01722,11.571738,16.198221,17.793755,18.32222,17.333622,19.477955,16.53504,12.920186,15.213175,16.766344,10.195505,11.206255,15.60272,14.678412,9.266017,14.796814,17.159315,15.862363,17.26778,11.876978,12.962699,14.568461,13.8733425,10.884568,10.008847,9.85171,11.104192,14.483852,16.6349,16.781256,20.816584,22.093737,25.116892,21.289564,20.320162,24.820644,24.948168,20.256063,23.824116,25.921795,23.700207,20.861881,25.978184,22.455807,27.459074,26.37474,22.80886,26.519766,21.00873,22.324066,21.811342,18.841854,14.843947,12.987053,10.897627,9.149168,7.776809,7.4376893,10.704798,12.549501,14.231128,15.763296,13.677332,12.000821,12.618248,13.590444,12.720825,17.080574,16.461136,18.874529,16.920012,18.706535,17.189236,17.680342,20.000982,18.57548,22.94426
28,23.898266,23.48246,21.673336,17.963789,16.928772,16.507391,13.663107,15.58211,11.805204,15.4805565,14.887551,15.646443,13.903425,13.54284,9.402357,6.5900106,6.023805,4.2775946,8.868435,8.277654,12.725238,15.476982,19.214441,14.48047,12.685732,10.174134,6.7042704,4.453639,0.0,4.689074,8.549696,9.558794,12.944985,15.494583,15.985889,14.956385,17.817764,15.185556,11.73541,14.268709,16.636457,10.987151,11.63623,16.512384,16.270405,12.040716,16.795864,19.361076,18.979473,19.916142,14.805802,16.646868,18.53723,17.421211,14.871319,13.479457,12.484919,12.541791,16.167833,16.474066,17.60906,20.74805,21.545784,25.103968,21.937138,20.707651,24.588978,25.039062,20.006208,22.528091,25.226812,23.550829,19.863909,24.453735,20.527437,25.266624,23.827158,20.037848,23.116598,17.668436,18.499788,17.671211,14.870489,10.92188,10.056052,7.1059866,7.7897873,7.9715137,9.498282,12.818783,15.511803,16.41852,18.220953,15.056614,12.677177,12.340267,12.155299,10.340878,13.903156,12.421667,15.110276,13.649903,15.726314,15.4327965,15.817931,18.874731,18.129097,22.705559
29,27.477785,27.3716,25.792618,22.353043,21.364138,20.503353,18.11038,19.296455,15.348349,18.523664,16.981411,17.889833,15.459042,16.024073,11.212935,10.145872,10.16988,8.864247,13.012948,11.794209,16.320751,18.69208,21.674417,16.082693,14.2490835,11.920345,8.683904,4.9141483,4.689074,0.0,8.541412,6.7283998,12.170705,13.064835,13.498345,12.969488,14.8448715,11.657705,8.38868,11.275207,12.546134,6.507907,8.34193,12.780332,11.832354,8.752514,14.122521,15.6761,15.318389,15.649824,10.664601,13.966994,15.331127,13.821973,12.3351145,11.204332,8.721872,9.757065,12.268701,13.204294,13.220449,16.535257,17.472538,20.771896,17.360569,16.354973,20.636915,21.232492,16.591366,19.656708,22.315151,20.72307,17.66364,22.741386,18.780745,23.716108,23.010033,19.350008,22.919594,17.200472,18.670017,18.38832,15.618672,11.700034,9.545181,8.913144,6.7460575,9.149917,9.389493,13.261576,15.767056,16.596365,17.274889,14.840712,11.588888,13.148901,11.884192,11.938012,14.683752,14.548686,17.40772,16.199554,17.450645,16.794594,15.926047,18.961973,17.192034,21.615955
30,31.337906,30.321045,27.636692,23.769073,21.664488,19.977518,16.58636,15.897906,11.241591,12.577919,9.819999,10.265001,7.450834,9.387783,7.725182,7.184521,10.476493,10.668584,15.918905,16.160522,20.58754,23.636904,27.652468,23.004292,21.035975,18.177391,15.21361,12.01722,8.549696,8.541412,0.0,5.873897,4.4927864,8.444087,10.455126,11.643666,14.225839,11.031573,10.425326,13.82122,15.330867,12.372029,14.164601,18.227043,17.66332,16.885885,21.366646,22.586693,23.018806,22.374125,17.926062,22.38411,23.149336,20.806885,19.563112,17.426643,14.844076,12.962076,15.822559,12.535078,15.560197,16.77752,17.190374,21.297909,19.948633,19.315565,22.317886,24.012516,19.53727,20.106901,24.219847,24.09466,19.92642,23.673225,18.832438,22.782562,21.78284,17.763203,19.173933,13.633223,13.367679,11.57748,10.777084,7.8222594,9.219792,8.446325,11.156129,15.0903,16.853304,20.506163,23.509144,23.908186,24.951801,21.594383,17.847757,18.189323,15.161832,14.037253,13.734882,11.507834,15.098483,15.705648,17.23913,19.23696,17.869616,22.056873,21.330324,25.736135
31,32.72719,32.137688,29.839037,26.451918,24.63054,22.583782,20.320343,19.589247,15.444352,17.259989,14.391904,15.681245,13.084269,15.259613,12.40674,11.778454,14.012879,12.871985,18.344187,17.03035,21.824924,24.613594,27.844334,22.615788,20.93433,18.550611,15.034379,11.571738,9.558794,6.7283998,5.873897,0.0,7.086309,6.5964313,7.0091743,8.053811,9.539135,5.889,4.950321,8.712029,9.480696,7.284529,9.381695,12.744659,12.173188,12.890927,16.85645,17.35352,18.295938,17.237663,13.635036,18.615694,19.617785,17.393147,17.338938,15.950481,12.010071,11.921811,12.979337,10.910108,11.433262,12.504049,12.505132,16.484426,14.484126,13.500217,16.763416,18.343153,14.054002,15.382878,19.220793,18.998371,15.484784,19.85958,15.190184,19.591597,19.393522,15.659965,18.403904,12.603602,13.95089,13.874339,11.958396,8.911232,7.398439,9.279144,8.486787,13.876427,14.825806,18.665695,21.636204,21.692837,21.766792,18.956484,14.597125,16.45921,12.673154,13.490613,13.151966,13.360004,16.594097,16.741068,17.27726,18.220825,15.755168,19.645329,17.901442,22.057226
32,35.53035,34.356846,31.419151,27.656433,25.245592,23.03149,19.865198,18.090588,13.710415,13.717526,9.942314,10.380903,7.509275,10.84376,10.84857,11.144913,14.770262,14.993676,20.35302,20.453592,24.939978,28.051773,32.03829,27.350344,25.403261,22.548437,19.534334,16.198221,12.944985,12.170705,4.4927864,7.086309,0.0,5.4309998,8.401216,11.10431,13.011447,9.984471,11.321366,14.545398,15.40288,14.30707,16.265955,19.558683,18.978243,19.760212,23.806858,24.390013,25.261507,23.94763,20.16419,25.404987,25.851973,23.169329,22.639032,20.471542,17.277163,15.112482,17.007679,12.186837,15.60144,15.3613,15.312039,19.53624,19.335196,18.98357,21.23617,23.529959,19.634434,19.083998,23.7543,24.460096,20.337282,23.469006,18.432821,21.717701,21.14041,17.2966,17.749666,12.589085,11.818474,9.837485,10.541859,9.013147,10.888105,11.548127,14.0556965,18.901752,20.623833,24.339169,27.445002,27.593626,28.244623,24.914673,20.745577,21.4585,17.502403,16.963346,15.078026,13.219185,16.725119,18.123505,19.131824,21.808311,19.641905,24.050463,23.248909,27.368155
33,38.734665,37.859104,35.168266,31.65207,29.407259,26.950052,24.397135,22.562136,18.407412,18.67554,14.81167,15.680787,12.870912,16.171988,14.967202,15.625025,18.696182,18.387455,23.852057,23.18338,27.92435,30.848608,34.305832,29.094458,27.239296,24.607353,21.455671,17.793755,15.494583,13.064835,8.444087,6.5964313,5.4309998,0.0,5.08443,9.508217,9.476614,5.8223658,9.4086895,12.397393,11.699046,12.566652,14.924853,16.956388,16.052525,18.773897,22.33361,21.86479,23.105022,21.040094,18.300991,24.32751,24.44246,21.59919,22.228731,20.478846,16.305172,14.966817,15.079438,10.202533,12.121557,10.5487795,9.990796,14.234485,14.60032,14.569171,16.57018,19.3397,16.304493,15.659694,20.434649,21.59975,18.269043,21.525562,16.619932,19.814964,20.255033,16.829159,17.897425,12.843268,13.253043,12.757061,12.977131,11.686779,11.806156,14.227864,14.619035,20.331913,21.400082,25.221296,28.198383,28.162636,27.97302,25.209541,20.619772,22.508148,17.931372,18.81961,16.589643,16.447395,19.713362,20.936369,21.17433,23.249294,20.111515,24.285124,22.67291,26.387772
34,37.82879,36.933037,34.173534,31.187313,28.829746,25.730124,24.271923,21.914919,18.431816,19.00172,15.41038,17.396786,15.520293,18.782598,17.972134,17.022562,20.140024,18.553064,24.623331,22.634338,27.492542,30.481167,33.64105,28.813309,27.4744,25.32868,21.332869,18.32222,15.985889,13.498345,10.455126,7.0091743,8.401216,5.08443,0.0,4.91935,4.8294625,4.2994347,7.0113163,8.703102,9.188271,11.796281,12.662076,14.238526,14.780041,17.808662,19.899118,19.754583,22.002594,20.208075,18.352476,23.457901,24.784796,22.571486,23.499552,22.366776,17.851181,17.879147,17.572836,14.163231,14.018585,12.095675,9.958776,14.19643,13.963713,12.461575,13.364113,15.703387,12.301193,10.886886,15.762152,17.163868,13.573568,16.475986,11.5883465,14.801282,15.420022,12.203502,13.994653,9.024538,10.69341,11.870352,10.862706,10.082834,9.187463,12.985025,12.626372,18.89565,20.14142,23.703499,26.981884,26.267336,25.790749,22.814114,18.016521,20.021536,14.732723,16.433023,13.352486,14.705663,17.452574,18.667238,18.12485,20.106192,16.28955,20.346516,18.728994,22.09733
35,34.683445,33.783337,31.040506,28.549496,26.210503,22.74286,22.285011,19.85966,17.084745,18.298693,15.445246,18.202707,17.104095,19.900154,19.199308,16.772274,19.658316,16.942787,23.277147,20.164381,24.955622,27.957518,30.879637,26.615889,25.786137,24.126152,19.465818,17.333622,14.956385,12.969488,11.643666,8.053811,11.10431,9.508217,4.91935,0.0,4.4595013,6.9801035,5.8389277,5.727905,9.021274,11.312932,10.307609,12.226874,14.338795,16.290932,17.134441,17.998264,20.863989,19.87675,18.25501,21.889614,24.5172,23.039923,23.695204,23.03,18.730885,19.71048,19.744625,17.65691,16.6473,15.6015,13.28364,17.155952,15.719138,12.925626,13.45347,14.583251,10.052113,8.8481655,13.106652,13.908819,9.459366,12.476899,7.504213,11.567015,11.570348,8.14227,11.526934,6.350189,9.472163,11.861252,9.024854,8.172768,5.9323707,10.5789995,9.677605,15.929771,17.494272,20.670527,24.218393,22.939098,22.537683,19.167439,14.421293,16.100128,10.41932,12.619086,9.245296,12.052792,14.194431,15.047685,13.944804,15.619215,11.490575,15.506877,14.1335335,17.500103
36,38.26326,37.60139,35.090195,32.58395,30.415428,27.10011,26.520947,24.259716,21.274263,22.345541,19.154642,21.56762,19.947992,22.976543,21.653421,20.156136,22.810556,20.440922,26.499258,23.495138,28.322897,31.113487,33.692455,28.943367,28.018175,26.3773,22.038174,19.477955,17.817764,14.8448715,14.225839,9.539135,13.011447,9.476614,4.8294625,4.4595013,0.0,5.3591146,6.607265,6.033132,6.528569,11.331823,11.034321,11.195484,12.819499,16.727556,17.300407,16.857082,19.953293,18.176498,17.601511,22.002514,24.025185,22.356144,23.902699,23.44534,18.640337,19.93907,18.79746,16.844604,14.745338,12.698186,9.677397,13.195643,12.193966,9.428502,9.313194,11.154379,7.8107195,6.2806497,10.992816,12.557456,9.566598,12.651761,8.275945,11.785492,13.228857,10.779022,14.007545,9.811885,12.820061,15.199719,13.152637,12.424297,9.974907,14.588363,12.488161,18.780499,19.624119,22.854847,26.074982,24.881062,23.755205,21.14559,16.293123,19.015127,13.495184,16.472279,13.508116,16.498564,18.62422,19.379585,18.085947,19.181211,14.702374,18.124296,15.907601,18.66433
