,0,1,2,3,4,5,6,7,8,9,10,11,12,13,14,15,16,17,18,19,20,21,22,23,24,25,26,27,28,29,30,31,32,33,34,35,36,37,38,39,40,41,42,43,44,45,46,47,48,49,50,51,52,53,54,55,56,57,58,59,60,61,62,63,64,65,66,67,68,69,70,71,72,73,74,75,76,77,78,79,80,81,82,83,84,85,86,87,88,89,90,91,92,93,94,95,96,97,98,99,100,101,102,103,104,105,106,107,108,109,110,111
0,0.0,4.7034283,7.057823,9.599498,12.379716,14.365227,17.410368,21.28517,24.39585,27.777754,29.657629,34.891068,35.45949,32.226692,35.791077,32.3627,32.744865,32.97771,33.225998,34.30362,33.291748,36.870876,35.769764,31.7927,31.935205,28.861221,29.470633,28.503345,27.461418,29.897278,27.54903,34.612514,31.796982,37.561462,35.721424,37.010384,37.75816,34.252728,33.23664,31.597242,27.096369,26.315283,22.99985,21.659193,20.789286,22.41368,19.07435,20.859045,21.784779,25.698761,27.455624,31.305378,31.815231,36.29275,35.27202,36.176254,34.472973,31.252998,26.964617,26.32092,21.767515,26.76884,22.33406,25.19912,24.608969,27.089285,30.90173,31.199612,28.863943,28.709362,25.152515,27.890623,25.045723,29.091759,24.78467,30.29655,27.464346,34.07685,32.11748,33.829952,39.297665,38.458683,43.06329,43.169636,40.074276,37.917973,37.997795,35.633324,34.86023,34.972305,33.353485,35.07923,31.406097,35.672638,38.880066,39.806717,42.678806,39.79129,42.605595,41.073452,42.433994,44.216526,41.869987,44.312355,44.859505,44.150246,43.120224,41.92948,39.08356,40.92018,37.62905,40.157665
1,4.7034283,0.0,4.976842,5.31691,7.9827447,11.04505,12.930396,17.526176,20.130888,23.548923,25.70506,30.600166,31.322924,28.220469,31.734453,28.176136,28.742989,28.861893,29.727709,30.553583,30.054615,33.58484,32.875698,28.716442,28.470861,25.52183,25.569366,24.742207,23.372301,26.187849,23.701174,30.99428,28.546886,33.96572,32.59274,34.20731,35.01482,31.719261,30.413828,28.582253,24.261011,23.3891,19.520794,18.399773,17.459044,18.214937,15.473729,17.017746,17.894432,21.427326,23.551983,27.023012,27.740566,32.361057,31.050463,31.76374,29.998655,26.65889,22.395248,21.654207,17.11642,22.1855,18.001474,21.243444,20.988024,24.088531,27.784155,28.527794,26.45702,25.943834,22.039118,24.415367,21.194132,24.912643,20.360003,25.768171,22.812077,29.381804,27.534515,29.287193,34.728165,34.103138,38.654247,38.69245,35.61304,33.39282,33.684517,31.226988,30.764456,30.921953,29.5932,31.516222,28.104122,32.532753,35.76593,36.41866,39.17896,36.15101,38.71755,37.148613,38.166306,39.92599,37.422146,39.84869,40.382378,39.548042,38.54504,37.244648,34.51352,36.329273,33.137676,35.767834
2,7.057823,4.976842,0.0,5.136101,7.056135,7.660487,11.798819,14.462288,18.17416,21.366295,23.10392,28.839893,28.887022,25.498323,29.128246,26.006933,26.506756,27.248775,27.61977,29.248255,28.713535,32.418827,31.850819,27.99469,27.971508,24.72455,24.636911,23.032806,21.588648,23.647547,20.796509,27.827896,24.756142,30.570843,28.665983,29.995832,30.825441,27.38134,26.452688,24.953188,20.27157,20.159384,16.538803,16.094702,16.319752,17.75704,16.427172,18.850992,20.42996,23.516289,26.361996,29.137344,30.441446,35.215862,33.407284,33.643627,31.65065,27.911676,23.8886,22.364305,18.300327,22.536371,19.31494,22.129667,22.847084,25.303839,29.422188,30.942942,28.283768,27.258806,23.263775,25.063408,21.653463,25.020475,20.410872,25.591951,22.38758,29.174236,26.478489,28.426437,33.719353,32.255642,36.87956,37.082123,34.040676,32.24584,32.02808,30.418941,29.711847,30.463865,29.196823,31.60661,28.43072,33.17136,35.81656,36.365303,38.79933,35.425236,38.240414,35.870186,37.419228,38.442825,36.491226,38.527363,38.896404,38.590504,37.739475,37.082306,34.359512,36.790386,33.87121,36.97022
3,9.599498,5.31691,5.136101,0.0,3.754067,6.494411,8.197286,12.642685,14.936652,18.442486,20.4547,25.33919,26.166122,23.18678,26.958738,23.646982,24.656605,25.104742,26.734856,27.718206,28.008394,31.534492,31.462097,27.299746,26.62775,23.742355,22.777586,21.655384,19.546415,22.458822,19.134863,26.69558,24.090641,29.199663,28.016827,29.903502,31.036678,27.951887,26.737253,25.007065,20.629633,20.492104,15.91317,15.886392,15.714239,15.267665,14.616137,16.043095,16.966715,19.383791,22.30977,24.754896,25.773727,30.669355,28.531544,28.820166,26.71277,23.081907,19.100668,17.57782,13.681137,18.703413,15.753423,19.484926,20.215696,23.862751,27.474968,29.047882,27.153383,26.013746,21.730694,23.248692,19.409225,22.247932,17.173735,22.111872,18.474117,24.934345,22.659702,24.276722,29.744572,28.925797,33.54281,33.813137,30.913973,28.961033,29.399837,27.435682,27.473814,28.105234,27.328703,29.804981,26.951904,31.680672,34.617992,34.830875,37.22852,33.81545,36.113434,33.981953,34.709347,35.865482,33.42802,35.471775,35.7692,35.021564,34.27924,33.019554,30.729683,32.78943,30.003397,33.01416
4,12.379716,7.9827447,7.056135,3.754067,0.0,6.0173354,5.0683875,10.204298,12.474698,15.724338,18.327116,23.186613,23.54708,20.438635,23.817715,20.247377,21.063362,21.400284,23.045815,23.97901,24.405302,27.908989,28.010658,23.866701,23.092978,20.224234,19.067955,17.917818,15.845515,18.864746,15.984473,23.463137,21.487011,26.446682,25.68424,27.684017,28.494177,25.573221,23.902935,21.909836,17.922962,17.268677,12.552738,12.452214,12.337958,11.646502,11.863821,13.640271,15.112452,17.275837,20.702852,22.714453,24.449747,29.282785,27.148874,27.035252,25.046776,21.12456,17.200449,15.557747,11.535179,15.593715,13.013132,16.391518,17.732845,21.157768,24.850458,26.98116,24.920725,23.406368,19.03954,20.117525,16.142118,18.787195,13.767502,18.750952,15.418049,22.225628,19.88829,22.063986,27.277884,26.390202,30.8691,30.801392,27.70478,25.645784,25.879957,23.880306,23.75591,24.471058,23.733238,26.376148,23.710043,28.55378,31.283543,31.37832,33.656143,30.15401,32.470776,30.237318,31.087502,32.278656,29.931704,32.07836,32.511482,31.882261,30.990404,30.089931,27.461277,29.791763,26.991747,30.196768
5,14.365227,11.04505,7.660487,6.494411,6.0173354,0.0,7.33148,7.41006,11.229995,14.377214,15.562011,21.58341,21.607136,18.357428,22.504396,20.016058,21.261124,22.701023,24.200428,26.16821,26.858177,30.466892,30.876635,27.160313,26.533403,23.487814,21.86619,19.718515,17.103193,19.009346,14.533218,21.90027,18.29171,23.692045,21.932682,23.687212,25.14735,22.043655,21.419117,20.22777,15.379097,16.910946,12.26842,14.04612,15.687966,15.354626,17.191944,19.283312,20.81138,22.254656,25.993456,27.258017,28.925789,33.905746,31.002882,30.611403,28.179836,24.155518,20.836529,18.145689,15.568389,19.112993,18.05764,21.239714,23.25461,26.29717,30.151428,32.68933,30.357899,28.566069,24.241993,24.792776,20.718239,22.589151,17.526049,21.598597,17.44775,23.76357,20.225952,21.917276,27.099487,25.100512,29.822348,30.468342,27.78244,26.565529,26.481236,25.892727,25.949467,27.496714,27.104433,30.283386,28.022112,33.043774,35.186874,35.085407,36.91803,33.0146,35.39113,32.114594,33.25622,33.195343,31.475256,32.793476,32.737766,32.675037,32.287025,31.807978,29.845524,32.666363,30.467031,34.072784
6,17.410368,12.930396,11.798819,8.197286,5.0683875,7.33148,0.0,7.180863,7.832815,10.982587,14.077512,18.417664,18.835512,15.963739,19.283308,15.698056,17.009296,17.431723,20.238783,20.980093,22.423119,25.711557,26.548065,22.486988,21.133003,18.628544,16.20799,15.043874,12.060784,15.523627,12.084717,19.736403,18.332306,22.501116,22.48224,24.915886,25.858936,23.418795,21.50065,19.421753,16.01164,15.67844,10.32884,11.451871,11.916358,9.104785,12.166809,13.357112,14.728096,15.369356,19.478142,20.216047,22.438828,27.283255,24.518366,23.852602,21.691973,17.496378,14.095005,11.691471,8.762592,11.817228,11.211676,14.745186,17.101566,20.917768,24.197601,27.047949,25.362698,23.327469,18.888601,18.920286,14.548,15.842799,10.489473,14.610876,10.67963,17.434765,14.834998,17.197817,22.276014,21.442446,25.858557,25.771557,22.75116,20.790276,21.285309,19.573902,20.09965,21.20882,21.171783,24.267443,22.359549,27.260489,29.683472,29.283585,31.165283,27.391901,29.276608,26.671593,27.037704,27.8032,25.394285,27.28479,27.585842,26.93481,26.20275,25.347885,23.050913,25.59549,23.214754,26.752151
7,21.28517,17.526176,14.462288,12.642685,10.204298,7.41006,7.180863,0.0,5.6400914,7.608046,9.217322,15.634415,14.571631,11.068368,15.11136,12.9950695,14.63428,16.721584,18.989923,21.246887,22.965101,26.29493,27.572456,24.269806,23.219501,20.547102,17.697357,15.039618,11.614405,13.015219,7.3753214,14.888441,11.771689,16.576496,15.659398,17.967587,19.374813,16.909573,15.825899,14.5840645,10.512686,12.879579,7.854946,11.721535,14.513458,12.936898,17.629387,19.614199,21.46075,21.536707,25.962114,25.755943,28.338196,33.096878,29.697937,28.450317,26.009893,21.70889,19.320675,15.916364,14.889476,15.94468,17.25355,19.672935,22.947683,25.676926,29.223612,32.780468,30.526108,28.035692,23.831305,23.073458,18.922203,19.203133,14.633215,17.152533,13.025669,18.845726,14.43896,16.762888,21.215065,18.488413,23.048496,23.549679,20.887299,20.142462,19.721403,20.213953,20.597767,22.91973,23.245525,27.01591,25.74456,30.775482,32.18601,31.533455,32.710934,28.443947,30.495602,26.401232,27.480818,26.496569,25.242237,26.037159,25.814762,26.227701,26.01928,26.322775,24.539629,27.997381,26.4327,30.502325
8,24.39585,20.130888,18.17416,14.936652,12.474698,11.229995,7.832815,5.6400914,0.0,3.7582297,6.4510565,10.905782,11.334484,8.958944,13.194531,11.021726,13.817398,15.421851,19.70511,20.907059,23.778011,26.64954,28.55041,25.11239,23.292814,21.31738,17.329163,15.547216,11.2358465,13.809864,8.013486,15.252041,13.523059,16.201351,16.826069,19.85295,21.591967,19.970627,18.593609,17.183212,14.436429,16.225573,11.127366,14.682539,16.623337,12.816501,18.413885,19.187033,20.265259,18.982094,23.461767,22.246178,24.659336,29.326378,25.349638,23.852636,21.219105,17.033436,15.413723,11.511475,12.240149,12.963051,15.825199,18.831808,22.199085,25.897919,28.66878,32.27776,30.886438,28.328676,24.117884,22.883045,18.563334,17.629509,12.952435,14.042929,8.9592495,13.719858,9.29935,11.200674,15.978622,14.099775,18.762909,19.457651,17.108551,16.30697,17.065464,17.354456,19.115572,21.365744,22.538803,26.318424,25.66875,30.44461,32.04203,30.936136,31.930952,27.700502,28.923601,25.118181,24.903719,23.853909,21.945723,22.530302,22.082457,21.881994,21.982056,21.508062,20.627113,23.711853,22.647337,26.698292
9,27.777754,23.548923,21.366295,18.442486,15.724338,14.377214,10.982587,7.608046,3.7582297,0.0,4.698831,8.753749,7.8544984,5.422106,9.510952,7.9325237,11.21311,13.3131485,17.980906,19.352816,22.736,25.326544,27.663174,24.638132,22.709618,21.03187,16.584131,14.590216,10.164428,12.003308,6.1480203,12.2596,11.347313,12.921687,14.402002,17.65876,19.264988,18.217842,16.66141,15.365122,13.614827,15.638407,11.290807,15.277865,17.60996,13.791176,20.173264,21.018116,22.303322,20.557169,25.153742,23.254107,26.137564,30.505123,26.439663,24.47035,21.976248,17.853392,16.95998,13.092544,14.563739,13.532257,17.480145,19.707708,23.552374,26.764729,29.361576,33.41053,31.970373,29.137093,25.170412,23.331366,19.27423,17.480772,13.668011,13.42604,9.059117,12.669934,7.5006027,10.027346,13.770504,11.071264,15.584829,16.156992,13.843002,13.578885,14.019461,15.3797455,17.341526,20.100027,21.68692,25.695866,25.633854,30.266088,31.345879,29.966505,30.51887,26.148441,27.166744,22.820498,22.615664,20.78456,19.333065,19.421186,18.806347,19.074608,19.345901,19.617743,18.891544,22.444963,21.882528,26.144974
10,29.657629,25.70506,23.10392,20.4547,18.327116,15.562011,14.077512,9.217322,6.4510565,4.698831,0.0,7.354275,6.7319226,5.245833,10.538608,11.094943,14.509508,17.23861,21.534555,23.42523,26.782848,29.355766,31.754948,28.950256,27.16744,25.405106,21.058104,18.731476,14.47177,15.334799,8.764022,13.499987,10.718598,11.7222805,12.375035,15.711203,18.384998,17.541996,17.206327,16.852577,14.701522,18.34151,14.372259,18.869091,21.654325,18.304266,24.43537,25.356808,26.474632,24.683653,29.169476,27.161352,29.563272,33.997837,29.469055,27.563103,24.77092,20.956984,20.426817,16.27184,18.256462,17.999594,21.846802,24.348162,28.083828,31.370417,34.04163,38.020683,36.54846,33.749153,29.735191,27.991112,23.914341,22.162748,18.306414,17.899382,13.336447,15.61228,10.244508,10.957254,14.331692,10.420594,15.1397915,16.96609,15.661261,16.475601,16.916313,19.337622,21.469938,24.480038,26.17357,30.250595,30.2538,34.8958,35.80745,34.376053,34.71553,30.27041,31.203426,26.424664,26.19939,23.3856,22.438473,21.607046,20.358181,21.006037,21.940065,22.19972,22.475681,25.926313,25.865278,30.083658
11,34.891068,30.600166,28.839893,25.33919,23.186613,21.58341,18.417664,15.634415,10.905782,8.753749,7.354275,0.0,5.9760976,8.589126,11.524723,12.648893,16.586422,18.430143,24.304054,24.979214,29.342585,31.234491,34.234444,31.511112,29.06568,28.147886,23.046488,21.75119,17.431265,18.976257,13.926629,16.880592,16.355122,14.43473,17.093409,20.627283,23.168287,23.274372,22.523977,21.948584,21.055964,23.73721,19.912212,23.8609,25.900467,21.207657,27.60473,27.456894,27.826416,24.689026,28.837107,25.54962,27.652302,31.54004,26.440573,24.11546,21.312357,18.29285,19.362808,15.432054,19.327644,18.243296,23.352404,25.937809,29.57266,33.478542,35.210167,39.180424,38.62127,35.80492,32.0279,29.808279,25.949287,22.991339,19.85666,17.513315,13.39828,11.8823395,7.5975156,5.7633686,7.643791,4.8000307,9.460845,12.214407,12.291751,13.677468,15.814931,18.270529,21.923334,24.691105,27.286192,31.138083,31.932276,36.037647,36.97744,35.043972,35.03053,30.83587,30.658651,26.37791,24.476532,21.323399,19.788012,18.186441,16.347692,16.178202,17.947071,17.241434,19.442247,22.183044,23.236567,27.157982
12,35.45949,31.322924,28.887022,26.166122,23.54708,21.607136,18.835512,14.571631,11.334484,7.8544984,6.7319226,5.9760976,0.0,4.105372,6.080547,8.861994,12.474354,15.233339,20.208576,21.731606,25.931812,27.780107,30.874338,28.709011,26.62684,25.60603,20.704897,18.701347,14.826807,14.9238205,10.45997,11.336036,11.487913,8.638318,12.111501,15.637428,17.655071,18.186115,17.250435,16.912683,16.92127,19.84247,17.080547,21.335285,24.0338,20.313839,27.156492,27.818235,28.996435,26.41176,30.888752,27.834846,30.832376,34.64965,30.122812,27.544098,25.13153,21.658575,22.217512,18.439623,21.289898,18.912678,24.039255,25.571821,29.742992,32.534443,34.6501,39.130035,37.879017,34.77413,31.221287,28.646553,25.094234,22.083567,19.65017,17.31231,14.2765465,14.168084,9.1716,10.285528,10.688301,5.2522864,9.140427,10.812057,10.140045,12.273392,12.559149,16.574825,19.252619,22.666967,25.082666,29.208008,30.200954,34.36075,34.59032,32.679462,32.308315,27.900549,28.17156,22.969833,22.264286,18.195923,17.938644,16.03506,14.337013,15.71726,17.098156,18.464657,19.310528,23.118595,23.983648,28.25179
13,32.226692,28.220469,25.498323,23.18678,20.438635,18.357428,15.963739,11.068368,8.958944,5.422106,5.245833,8.589126,4.105372,0.0,5.35914,6.9194536,10.217354,13.42888,17.583696,19.692995,23.338202,25.585823,28.328695,26.052828,24.29551,22.838024,18.327774,15.803387,11.949759,11.740659,6.507851,8.759203,8.173092,7.6782045,10.1501255,13.615711,15.301654,15.167154,13.963644,13.41734,12.932294,15.979018,13.160397,17.610304,20.621355,17.560905,24.288986,25.473434,27.059292,25.156261,29.784407,27.396618,30.614191,34.676792,30.53134,28.165142,25.807343,21.91155,21.65304,17.887066,19.725985,17.549196,22.02622,23.398235,27.624771,30.053116,32.62527,37.107178,35.40437,32.308746,28.665274,26.314621,22.686092,20.302511,17.575296,16.270748,13.154105,15.110483,9.768747,12.045411,13.735916,9.061872,12.968371,13.761086,11.9708395,13.184692,12.55961,16.084845,17.83627,21.299715,23.178051,27.398188,27.942015,32.37788,32.654358,31.03854,30.943306,26.42317,27.343184,22.0341,22.271353,18.85345,18.658924,17.613247,16.536383,17.990679,18.685747,20.298374,19.920218,24.02372,24.15368,28.548986
14,35.791077,31.734453,29.128246,26.958738,23.817715,22.504396,19.283308,15.11136,13.194531,9.510952,10.538608,11.524723,6.080547,5.35914,0.0,5.016962,7.411533,10.700234,14.814937,16.76994,20.875736,22.514305,25.730555,24.119999,22.300114,21.426685,16.79863,14.490075,11.562474,10.2848,8.5164175,6.1670055,9.689143,6.7562656,11.367641,14.421936,14.743049,15.584331,13.370067,12.513431,14.208178,15.959625,14.586959,18.388016,21.229982,18.363234,25.330128,26.5229,28.365833,26.223495,30.795563,27.945868,31.809834,35.36255,31.614143,28.83251,26.967455,23.237118,23.407822,20.19258,22.043533,18.176836,23.175198,23.418747,27.953257,29.573101,31.810436,36.70974,34.970394,31.63897,28.506313,25.524546,22.54162,19.393818,18.139563,15.690984,14.437008,15.433896,11.061596,14.166296,13.985533,9.586482,11.692181,10.931659,8.66402,10.423415,8.420531,13.414179,14.8644085,18.698921,20.912287,25.122274,26.40283,30.407682,29.992083,28.096182,27.434977,22.946505,23.611443,17.815365,18.324533,14.078358,14.856566,13.448851,12.624798,15.009609,15.422061,18.532413,17.603733,22.199444,22.67916,27.07977
15,32.3627,28.176136,26.006933,23.646982,20.247377,20.016058,15.698056,12.9950695,11.021726,7.9325237,11.094943,12.648893,8.861994,6.9194536,5.016962,0.0,3.9427216,6.551519,11.685484,12.969265,17.105343,19.03324,22.045017,19.88587,17.871302,16.925692,12.0859165,10.086261,6.78617,6.978816,6.4785423,7.4056396,11.288265,11.006608,14.532259,17.446894,17.267462,17.20735,14.074808,12.050594,13.333796,13.350806,11.356577,14.461897,16.746046,13.496231,20.48678,21.614172,23.57598,21.660654,26.251537,23.763197,27.893698,31.48469,28.206345,25.574251,23.928812,19.944187,19.585554,16.771648,17.915339,13.579573,18.370554,18.4072,22.956076,24.623838,26.893274,31.736977,30.021242,26.728233,23.528051,20.598892,17.532236,14.491906,13.235211,11.152576,10.416516,12.973426,9.127617,13.425895,14.405388,11.704655,14.322142,12.716003,9.178944,8.746092,6.9010253,9.775697,10.933535,14.515749,16.512362,20.7398,21.714054,25.890934,25.923067,24.187336,24.034853,19.531773,20.487804,15.355266,15.91636,13.608096,13.169422,13.499229,13.65271,14.965448,14.44107,17.006603,14.760231,19.386992,19.042965,23.494307
16,32.744865,28.742989,26.506756,24.656605,21.063362,21.261124,17.009296,14.63428,13.817398,11.21311,14.509508,16.586422,12.474354,10.217354,7.411533,3.9427216,0.0,4.105884,7.8162723,9.660811,13.547196,15.446875,18.463284,16.710678,15.019022,14.106869,9.754691,7.354663,5.804117,4.2220964,7.807383,6.801649,12.137724,12.463725,15.734327,18.096132,16.864052,16.78401,12.83637,10.224406,12.679358,11.196507,10.677103,12.91525,15.177009,13.043004,19.681437,21.283924,23.747158,22.368412,26.860998,24.736784,29.301638,32.66892,30.014967,27.390581,26.125751,22.130909,21.439564,19.148497,19.441502,14.472424,18.614935,17.547789,22.225409,22.819706,25.250738,30.340769,28.17966,24.752613,21.934855,18.777742,16.306503,13.475145,13.351344,11.7115,12.493592,15.657952,12.592289,17.12663,17.865923,15.368698,17.415417,15.100949,11.2722,10.361769,6.991234,9.397978,8.608626,12.445835,13.966004,18.236773,19.306107,23.388847,22.932283,21.313747,21.052935,16.47407,18.016245,12.546451,14.528837,12.805047,13.049345,14.101905,14.94739,16.61332,15.419572,18.796772,15.344674,20.208979,19.433355,23.780836
17,32.97771,28.861893,27.248775,25.104742,21.400284,22.701023,17.431723,16.721584,15.421851,13.3131485,17.23861,18.430143,15.233339,13.42888,10.700234,6.551519,4.105884,0.0,7.1274967,6.5822554,11.295347,12.812856,16.042208,14.036073,11.772411,11.568651,6.6791067,6.0464683,5.691842,6.4090385,10.8612585,10.831087,16.13068,16.39171,19.821924,22.193838,20.804165,20.638973,16.451561,13.501516,15.852771,12.953235,12.327364,13.190392,14.256231,11.549214,17.866997,19.009798,21.404615,19.858046,24.1226,21.907625,26.81031,29.811829,27.686172,25.019407,24.20299,20.38797,19.737213,18.19258,18.238323,12.301104,16.456373,14.651938,19.319725,19.759476,21.72525,26.916536,25.065304,21.601223,19.076704,15.54991,13.518023,10.031002,11.2371235,8.994687,11.568022,14.582359,12.932804,17.70065,18.323805,17.135073,18.813677,15.797963,11.642686,9.395894,6.5542884,6.1572204,4.611287,8.3664255,10.214234,14.439696,15.874302,19.718292,19.432262,17.654783,17.564734,13.06386,14.403504,9.777788,11.37622,11.558129,10.819989,13.242073,14.838264,15.734163,13.792437,17.002146,12.468624,17.240618,16.03993,20.253672
18,33.225998,29.727709,27.61977,26.734856,23.045815,24.200428,20.238783,18.989923,19.70511,17.980906,21.534555,24.304054,20.208576,17.583696,14.814937,11.685484,7.8162723,7.1274967,0.0,5.2268915,6.530868,8.699252,11.217159,10.473261,10.061332,9.126587,7.7242036,5.554292,8.927343,6.400129,13.340461,11.649491,16.902391,18.461172,20.794882,22.168415,19.469254,19.023298,14.2531395,10.98994,14.461619,9.7310095,12.155492,11.664565,13.143129,13.793139,18.555914,20.986729,24.24377,24.10187,28.128359,26.989452,32.045177,34.982,33.57658,31.176981,30.557302,26.647572,25.282179,23.958715,22.74549,17.471199,19.755716,16.73421,21.111856,19.351168,22.118906,27.402317,24.298752,20.788347,18.96761,15.733904,14.880365,13.331776,15.150233,14.945426,17.522648,21.590973,19.562494,24.318197,25.14949,23.12319,24.774778,21.808485,17.858551,16.226032,12.398475,12.536505,8.18565,10.849113,10.355742,14.094894,14.933011,18.65737,17.26431,16.258596,16.12852,11.778227,15.039903,10.222222,15.053123,15.504036,16.322342,18.658213,20.42615,22.086098,19.980625,23.825605,18.750174,23.359053,21.632866,25.423674
19,34.30362,30.553583,29.248255,27.718206,23.97901,26.16821,20.980093,21.246887,20.907059,19.352816,23.42523,24.979214,21.731606,19.692995,16.76994,12.969265,9.660811,6.5822554,5.2268915,0.0,5.4316487,6.279883,9.680166,8.407675,6.527653,7.4404254,5.343012,6.533599,9.818184,9.765107,16.042688,15.315859,20.844614,21.71185,24.726881,26.518833,24.174599,23.861443,19.170269,15.893009,18.853401,13.9671,15.077301,13.846266,13.763323,13.068638,17.427008,18.945402,21.864964,21.255297,24.905111,23.457449,28.767612,31.178314,30.283606,27.81232,27.687708,24.145355,23.066563,22.504593,21.404375,15.266969,17.69855,13.954296,18.195173,16.456549,18.311033,23.759335,21.3397,17.766663,16.393133,12.516518,12.409146,9.882045,13.375002,12.325034,16.391941,19.743221,19.067488,23.848139,24.391802,23.614513,24.8826,21.347975,17.268879,14.701551,11.721518,9.587575,4.37839,5.8659105,5.632548,9.447601,11.27226,14.532623,13.357872,11.842257,11.880385,7.3990464,10.363161,7.071444,11.195394,13.823403,13.546289,17.014975,19.354795,20.179794,17.500336,20.998459,15.192372,19.398684,17.377304,20.834675
20,33.291748,30.054615,28.713535,28.008394,24.405302,26.858177,22.423119,22.965101,23.778011,22.736,26.782848,29.342585,25.931812,23.338202,20.875736,17.105343,13.547196,11.295347,6.530868,5.4316487,0.0,3.819247,4.996091,4.3565063,5.245756,5.24957,7.674091,8.247304,12.660794,12.02473,18.608221,18.135967,22.972689,24.93906,27.107594,28.388947,25.546291,24.760218,20.007061,16.669178,19.41632,13.433931,15.758973,13.1559725,12.60336,14.323662,16.84554,19.206999,22.66012,23.282259,26.597977,26.234234,31.461138,33.86786,33.603363,31.505308,31.495533,27.88602,26.13803,25.83469,23.696873,18.393167,19.14749,14.740142,18.332163,14.809262,17.388916,22.612505,19.153217,15.705081,15.009104,11.81834,12.794566,12.404867,15.713309,16.360605,20.09789,24.436848,23.5545,28.365934,29.441267,28.376638,29.957403,26.601185,22.514853,20.026947,16.936451,14.821938,9.672833,9.777913,7.1332006,9.396041,9.778496,12.94555,11.328312,11.098257,11.910935,8.529053,12.902078,11.036502,15.969628,18.869873,18.893005,22.35573,24.681145,25.611425,22.902882,26.217983,20.223938,24.059969,21.477661,24.507442
21,36.870876,33.58484,32.418827,31.534492,27.908989,30.466892,25.711557,26.29493,26.64954,25.326544,29.355766,31.234491,27.780107,25.585823,22.514305,19.03324,15.446875,12.812856,8.699252,6.279883,3.819247,0.0,4.2359657,6.0242705,6.414324,8.203432,10.020408,11.304255,15.428728,14.740148,21.463493,20.126045,25.599049,26.792952,29.444593,30.726887,27.693687,27.336145,22.53211,19.340675,22.6323,16.904345,19.286201,16.920252,16.202848,17.312435,19.758522,21.606321,24.797127,25.013514,28.034962,27.270323,32.65793,34.57291,34.590656,32.314125,32.625187,29.31827,27.99095,27.951647,26.184832,20.342209,21.488419,16.757725,20.116112,16.259151,17.909885,23.190813,20.14081,16.763556,16.872631,13.3503275,15.073859,13.934335,18.09977,17.822802,22.211046,25.669727,25.307283,30.081003,30.52994,29.779179,30.794123,27.030525,23.084936,20.598892,17.473904,15.27907,10.125134,9.654823,7.4049788,8.586601,10.372062,12.105803,9.217804,8.5292,8.530305,5.5537524,10.173069,9.2668915,14.517831,17.980799,18.29392,21.905085,24.513441,25.461184,22.532537,26.229118,20.075869,23.719385,21.384089,24.047523
22,35.769764,32.875698,31.850819,31.462097,28.010658,30.876635,26.548065,27.572456,28.55041,27.663174,31.754948,34.234444,30.874338,28.328695,25.730555,22.045017,18.463284,16.042208,11.217159,9.680166,4.996091,4.2359657,0.0,4.5999,7.1087046,8.124066,11.962581,13.11488,17.533487,16.953403,23.537596,22.838427,27.688084,29.667912,31.759092,32.81064,29.648262,28.874294,24.148302,20.942348,23.749214,17.525478,20.222961,17.00952,15.772982,18.166641,19.185156,21.439621,24.871155,25.946304,28.65821,28.721336,33.961132,35.883636,36.368126,34.418293,34.80036,31.46289,29.645187,29.841286,27.358437,22.17423,22.153383,17.163853,19.869337,14.888074,16.973446,21.850363,18.096254,14.994499,15.706169,12.975614,15.359586,15.619878,19.506374,20.322746,24.477467,28.643362,28.22709,33.01474,33.963947,33.170883,34.522755,30.925278,26.8991,24.290295,21.295204,18.781698,13.659343,12.694063,9.474595,9.490586,9.7171335,11.144558,8.380298,9.225944,10.348571,8.874561,13.466732,13.488858,18.496853,22.195183,22.30633,26.028122,28.597801,29.420475,26.476267,29.795416,23.524565,26.87441,24.075647,26.456524
23,31.7927,28.716442,27.99469,27.299746,23.866701,27.160313,22.486988,24.269806,25.11239,24.638132,28.950256,31.511112,28.709011,26.052828,24.119999,19.88587,16.710678,14.036073,10.473261,8.407675,4.3565063,6.0242705,4.5999,0.0,3.589792,3.8917308,8.581299,10.311313,14.51325,15.022441,21.0009,21.748129,26.065443,28.480766,30.45213,31.83021,29.204693,28.060415,23.421808,20.006744,21.952831,15.668483,17.314302,13.73461,11.786157,13.914991,14.64075,16.85891,20.343603,21.616755,24.414093,24.79224,29.899492,32.104507,32.51326,30.77083,31.036207,27.610823,25.48169,25.796568,22.991581,18.175718,17.652308,12.700697,15.483063,10.956585,13.64911,18.662085,14.936814,11.572733,11.462923,8.699044,10.833928,11.755005,15.327529,16.880411,20.813581,25.507988,25.198288,29.91369,31.440235,30.948566,32.7577,29.431097,25.281878,22.317154,19.917114,16.614075,11.86322,10.545633,6.802514,7.423753,6.23142,9.524213,8.970605,9.70789,11.87962,9.6753845,13.887964,13.951263,17.944418,21.94846,21.17252,25.135303,27.57617,27.916212,25.035213,27.580265,21.349167,24.525028,21.319332,23.842165
24,31.935205,28.470861,27.971508,26.62775,23.092978,26.533403,21.133003,23.219501,23.292814,22.709618,27.16744,29.06568,26.62684,24.29551,22.300114,17.871302,15.019022,11.772411,10.061332,6.527653,5.245756,6.414324,7.1087046,3.589792,0.0,3.6545732,6.1399302,9.073325,12.75613,14.079001,19.756166,20.797373,25.380644,27.284105,29.716915,31.450882,29.175625,28.21745,23.582106,20.1154,22.021687,16.16431,16.90072,13.851872,11.799983,12.179742,13.823632,15.286347,18.436567,18.976215,21.891184,21.7154,26.95732,29.09245,29.330355,27.43496,27.7611,24.436352,22.60424,23.034056,20.65667,15.27103,15.440347,10.456829,13.710778,10.400123,12.421462,17.790499,14.969422,11.412358,10.763813,7.025209,8.829829,8.564512,12.812259,13.678815,18.065517,22.299446,22.425482,27.085293,28.451408,28.411343,30.099476,26.684525,22.552397,19.329592,17.389572,13.432386,9.022616,7.147037,3.3085983,4.978415,4.9455566,8.809923,8.977177,8.704469,10.854262,8.094575,11.637767,11.987581,15.038198,19.469397,18.132181,22.32068,24.810812,24.800798,21.860233,24.133125,17.864853,20.94566,17.741266,20.36012
25,28.861221,25.52183,24.72455,23.742355,20.224234,23.487814,18.628544,20.547102,21.31738,21.03187,25.405106,28.147886,25.60603,22.838024,21.426685,16.925692,14.106869,11.568651,9.126587,7.4404254,5.24957,8.203432,8.124066,3.8917308,3.6545732,0.0,5.464618,7.1362243,11.035008,12.2461605,17.646954,19.380167,23.230682,25.921373,27.768742,29.374079,27.189873,25.839373,21.339573,17.854847,19.195656,13.148354,13.908991,10.422698,8.418836,10.088315,11.657811,14.055506,17.633314,18.806917,22.051998,22.391733,27.379496,30.049442,29.95748,28.256212,28.197742,24.53728,22.2253,22.261583,19.41012,14.828499,14.406597,9.948197,13.400625,10.361952,13.638541,18.670279,15.2147665,11.752585,10.146919,7.307238,7.867489,9.002753,11.754803,13.861815,17.270887,22.468336,21.872433,26.543657,28.490149,27.944843,30.136173,27.14399,22.95858,19.951828,17.85691,14.489626,10.221006,9.448468,6.211531,8.447257,6.815799,11.44619,12.014563,12.200104,14.290991,11.246732,14.952893,14.10104,17.447506,20.983122,19.798325,23.61377,25.797749,25.988787,23.332382,25.460052,19.518873,22.848337,19.607214,22.558275
26,29.470633,25.569366,24.636911,22.777586,19.067955,21.86619,16.20799,17.697357,17.329163,16.584131,21.058104,23.046488,20.704897,18.327774,16.79863,12.0859165,9.754691,6.6791067,7.7242036,5.343012,7.674091,10.020408,11.962581,8.581299,6.1399302,5.464618,0.0,4.149946,6.7635603,9.114392,13.981126,15.94081,20.152142,22.024805,24.510557,26.603266,24.96169,23.971912,19.582237,16.163162,17.572342,12.694575,12.117573,10.394905,9.497587,7.8089395,12.401962,13.86922,16.851707,16.58187,20.454674,19.603436,24.682028,27.585213,26.612034,24.522137,24.17155,20.377829,18.628788,18.178226,16.394938,10.798974,12.528229,9.192793,13.705819,13.201574,15.64454,20.811497,18.510695,15.043127,12.573748,9.111233,7.5918465,5.74132,8.319235,8.953231,12.527488,17.26052,16.618628,21.341986,23.046692,22.662067,24.796724,21.85466,17.676172,14.5871525,12.860672,9.366353,5.904633,6.3582044,5.5939765,9.610629,9.70927,14.1919985,14.848915,13.864909,15.1665745,11.223399,13.729025,11.70845,13.842157,16.763786,15.126335,18.761227,20.760393,20.80177,18.333544,20.372984,14.763059,18.522673,15.7648325,19.367722
27,28.503345,24.742207,23.032806,21.655384,17.917818,19.718515,15.043874,15.039618,15.547216,14.590216,18.731476,21.75119,18.701347,15.803387,14.490075,10.086261,7.354663,6.0464683,5.554292,6.533599,8.247304,11.304255,13.11488,10.311313,9.073325,7.1362243,4.149946,0.0,4.5088215,5.3396187,10.780584,12.580916,16.425001,18.89974,20.892176,22.781212,21.056091,19.898672,15.527547,12.092969,13.507659,8.730499,8.659617,7.7514186,8.679227,8.269121,13.583727,15.908913,19.102182,19.120684,23.312906,22.574633,27.370356,30.693605,29.181145,27.096613,26.28573,22.196564,20.323206,19.055616,17.35083,12.614223,14.465004,12.118804,16.616184,16.117039,19.213142,24.21228,21.396873,18.00473,15.245637,12.419499,10.336034,9.341582,9.913868,10.993492,12.983096,18.234991,16.306479,21.051466,22.954723,21.510534,23.97706,21.472967,17.36045,15.030517,12.542032,11.04231,7.7953024,9.833279,9.267461,13.2963915,13.082246,17.691233,17.85007,17.0396,17.942806,13.692278,16.547182,12.984387,15.963637,17.261906,16.500935,19.275919,20.853209,21.58639,19.566233,22.050959,17.08253,21.304007,19.010777,22.910572
28,27.461418,23.372301,21.588648,19.546415,15.845515,17.103193,12.060784,11.614405,11.2358465,10.164428,14.47177,17.431265,14.826807,11.949759,11.562474,6.78617,5.804117,5.691842,8.927343,9.818184,12.660794,15.428728,17.533487,14.51325,12.75613,11.035008,6.7635603,4.5088215,0.0,4.9466844,7.3163695,11.063531,14.061806,16.383102,18.47745,20.870943,20.055735,18.88884,15.095623,12.047085,12.435305,9.7119875,7.2665324,8.509366,10.061068,7.3328385,14.053272,15.797141,18.419117,17.724663,22.267532,21.065592,25.468838,29.18553,26.884161,24.765734,23.479843,19.222004,17.528883,15.561537,14.595498,10.325738,13.329041,12.682201,17.229488,18.410007,21.285551,26.00616,23.7916,20.57046,17.192053,14.660442,11.437672,9.791638,8.310279,8.983894,9.28236,14.7905,12.173493,16.813238,19.16772,17.634342,20.60055,18.685926,14.744542,12.61981,10.995646,10.083651,9.089368,11.60129,12.198208,16.316513,16.193268,20.875637,21.544968,20.44378,21.254963,16.915482,18.921003,15.051542,16.614367,16.983181,15.711305,17.884335,18.920235,19.406315,17.921936,19.736698,15.7591305,19.964231,18.087744,22.297392
29,29.897278,26.187849,23.647547,22.458822,18.864746,19.009346,15.523627,13.015219,13.809864,12.003308,15.334799,18.976257,14.9238205,11.740659,10.2848,6.978816,4.2220964,6.4090385,6.400129,9.765107,12.02473,14.740148,16.953403,15.022441,14.079001,12.2461605,9.114392,5.3396187,4.9466844,0.0,6.947559,7.3666754,11.3379755,13.756667,15.65188,17.530895,15.91767,15.013749,10.75488,7.5571146,9.594616,7.0059133,7.2823024,9.271699,12.156059,11.633284,17.679771,20.081995,23.025017,22.610224,27.100437,25.86172,30.365442,33.976254,31.646667,29.364405,28.065392,23.852757,22.388811,20.167412,19.38059,15.217324,18.056782,16.81095,21.356112,21.374146,24.499624,29.454292,26.653059,23.302011,20.3772,17.709045,15.217739,13.7394495,13.152455,13.34275,13.7762,18.440151,15.15075,19.660036,21.27515,18.545073,21.119022,19.174831,15.406806,14.304561,11.142155,12.397553,10.31889,13.6177,13.967155,18.15453,18.358511,22.815594,22.471746,21.406742,21.616606,17.102673,19.58427,14.470777,17.502197,16.571888,16.817722,18.25414,19.167376,20.745419,19.421535,22.453695,18.572536,23.246895,21.812298,26.052525
30,27.54903,23.701174,20.796509,19.134863,15.984473,14.533218,12.084717,7.3753214,8.013486,6.1480203,8.764022,13.926629,10.45997,6.507851,8.5164175,6.4785423,7.807383,10.8612585,13.340461,16.042688,18.608221,21.463493,23.537596,21.0009,19.756166,17.646954,13.981126,10.780584,7.3163695,6.947559,0.0,7.7999506,7.4703536,10.9596195,11.866814,14.491639,14.852795,13.4660225,11.054411,9.343563,8.035735,9.860763,6.676082,11.199526,14.555784,12.734752,19.082438,21.092323,23.373802,22.61588,27.302727,25.984848,29.602152,33.810013,30.507542,28.463476,26.419521,22.105946,20.66331,17.412838,17.378212,15.23121,18.36764,19.171164,23.39723,25.09232,28.28394,32.728798,30.374496,27.319742,23.647497,21.6526,18.07251,16.819681,13.957105,14.478187,12.018312,16.745697,12.051658,15.621993,18.326689,14.855484,18.604523,18.225613,15.220675,14.911825,13.3132,15.226276,15.31121,18.488277,19.365944,23.549505,23.346575,28.103422,28.528378,27.419212,27.849398,23.335785,25.216496,20.225798,21.753807,19.877668,19.509827,19.946035,19.859468,21.107775,20.75848,22.555529,20.346798,24.626598,23.605885,27.986996
31,34.612514,30.99428,27.827896,26.69558,23.463137,21.90027,19.736403,14.888441,15.252041,12.2596,13.499987,16.880592,11.336036,8.759203,6.1670055,7.4056396,6.801649,10.831087,11.649491,15.315859,18.135967,20.126045,22.838427,21.748129,20.797373,19.380167,15.94081,12.580916,11.063531,7.3666754,7.7999506,0.0,6.8818097,6.8797545,9.619159,11.583744,10.247501,10.801682,7.5995746,6.6721587,9.796009,11.466753,12.006934,15.627011,19.150232,18.192047,24.616219,26.780207,29.348034,28.246855,32.871223,30.862284,35.062244,38.725826,35.56023,32.975273,31.284412,27.244465,26.58723,23.589037,24.12836,20.32547,24.201849,23.648901,28.24723,28.661547,31.549429,36.575985,33.967644,30.582863,27.668768,24.862183,22.265,20.066208,19.14946,18.044197,17.40696,20.229092,15.911422,19.523983,20.031212,15.62776,17.699856,16.587118,13.917603,14.889035,11.381882,15.76464,15.089404,19.027056,20.242764,24.463373,25.318794,29.465132,28.550785,27.098421,26.481476,21.935661,23.698578,17.444422,20.033695,16.352558,18.014606,17.414238,17.290628,20.065573,19.781563,23.511002,21.225744,26.116076,25.851927,30.248926
32,31.796982,28.546886,24.756142,24.090641,21.487011,18.29171,18.332306,11.771689,13.523059,11.347313,10.718598,16.355122,11.487913,8.173092,9.689143,11.288265,12.137724,16.13068,16.902391,20.844614,22.972689,25.599049,27.688084,26.065443,25.380644,23.230682,20.152142,16.425001,14.061806,11.3379755,7.4703536,6.8818097,0.0,6.666686,4.8477936,7.0312552,8.083215,7.064509,6.897515,7.9354696,7.084036,12.349473,11.69806,16.34948,20.459743,19.912525,25.86266,28.297853,30.717798,30.066002,34.75368,33.297855,36.807396,41.023945,37.403976,35.233467,33.01232,28.842045,27.742235,24.173536,24.533024,22.621948,25.780045,26.363842,30.625734,31.69598,35.098133,39.689404,36.91549,33.793873,30.350948,28.307774,25.06739,23.810158,21.384449,21.486553,19.090647,22.634373,17.454855,20.08091,21.80928,16.710192,19.89584,20.325989,18.303274,19.48183,17.077106,20.897423,20.674782,24.341763,25.209127,29.44089,29.488083,34.09515,33.762398,32.642582,32.507137,27.94158,29.953093,24.001959,26.269253,22.720255,23.787622,22.95726,22.258614,24.643202,24.88616,27.552153,26.024857,30.582483,30.152973,34.599216
33,37.561462,33.96572,30.570843,29.199663,26.446682,23.692045,22.501116,16.576496,16.201351,12.921687,11.7222805,14.43473,8.638318,7.6782045,6.7562656,11.006608,12.463725,16.39171,18.461172,21.71185,24.93906,26.792952,29.667912,28.480766,27.284105,25.921373,22.024805,18.89974,16.383102,13.756667,10.9596195,6.8797545,6.666686,0.0,5.4859257,8.293214,9.512155,11.134136,10.854499,11.888119,13.272947,17.223766,16.723715,21.137997,24.815355,23.13179,29.773375,31.574158,33.6542,32.017136,36.67493,34.1978,37.807655,41.62573,37.65186,35.030594,32.889214,29.110224,29.023706,25.425472,27.01641,24.099775,28.502762,28.912159,33.41271,34.680725,37.426727,42.306602,40.04877,36.735283,33.528484,30.840002,27.8096,25.337177,23.653608,22.064255,20.15475,21.5688,16.657791,18.78512,18.748993,13.098902,15.04437,15.660816,14.62125,17.044264,14.722069,19.999788,20.704487,24.670767,26.410051,30.665949,31.642765,35.811928,35.058266,33.394737,32.591175,28.0742,29.210938,22.903666,24.34992,19.3618,21.111969,19.034992,17.73659,20.764292,21.610159,24.85404,24.321978,28.898167,29.425783,33.832813
34,35.721424,32.59274,28.665983,28.016827,25.68424,21.932682,22.48224,15.659398,16.826069,14.402002,12.375035,17.093409,12.111501,10.1501255,11.367641,14.532259,15.734327,19.821924,20.794882,24.726881,27.107594,29.444593,31.759092,30.45213,29.716915,27.768742,24.510557,20.892176,18.47745,15.65188,11.866814,9.619159,4.8477936,5.4859257,0.0,3.5586436,6.888331,7.5128827,9.452971,11.620941,11.385588,16.909555,16.534067,21.187532,25.305592,24.542532,30.626144,32.908802,35.15582,34.17278,38.863228,37.037415,40.380096,44.55623,40.56898,38.274822,35.91022,31.940413,31.278025,27.489742,28.467382,26.613817,30.183975,30.91828,35.224236,36.40895,39.67682,44.3368,41.664013,38.49912,35.09309,32.913574,29.691078,28.081062,25.733103,25.263811,22.695417,25.200846,19.913473,21.773254,22.77947,17.049456,19.694462,20.834568,19.704048,21.741402,19.45814,24.12799,24.324636,28.172325,29.35511,33.614456,33.968273,38.444324,37.859898,36.562595,36.084175,31.53051,33.2345,26.968931,28.992403,24.47554,26.057985,24.350983,23.130339,25.934166,26.704126,29.544027,28.810148,33.338017,33.43897,37.88861
35,37.010384,34.20731,29.995832,29.903502,27.684017,23.687212,24.915886,17.967587,19.85295,17.65876,15.711203,20.627283,15.637428,13.615711,14.421936,17.446894,18.096132,22.193838,22.168415,26.518833,28.388947,30.726887,32.81064,31.83021,31.450882,29.374079,26.603266,22.781212,20.870943,17.530895,14.491639,11.583744,7.0312552,8.293214,3.5586436,0.0,4.7755375,5.72995,9.146806,12.104165,12.048525,17.742819,18.211897,22.62232,26.91976,26.878918,32.65485,35.261,37.722755,37.0584,41.748722,40.140835,43.571434,47.769817,43.91388,41.647762,39.32281,35.29443,34.461346,30.728148,31.381636,29.55364,32.807545,33.291008,37.578907,38.316467,41.78608,46.470047,43.479572,40.323715,37.04575,34.9508,31.91394,30.582092,28.393515,28.19931,25.84448,28.625944,23.369339,25.322968,26.280731,20.511095,22.91174,23.930893,22.792196,24.831408,22.165495,26.891582,26.592945,30.449253,31.35696,35.554058,35.80913,40.250694,39.410877,38.263363,37.712093,33.22151,35.20289,28.80219,31.384733,26.805214,28.778784,27.085163,25.960754,29.011896,29.68218,32.82454,31.834408,36.475483,36.475544,40.928043
