,0,1,2,3,4,5,6,7,8,9,10,11,12,13,14,15,16,17,18,19,20,21,22,23,24,25,26,27,28,29,30,31,32,33,34,35,36,37,38,39,40,41,42,43,44,45,46,47,48,49,50,51,52,53,54,55,56,57,58,59,60,61,62,63,64,65,66,67,68,69,70,71,72,73,74,75,76,77,78,79,80,81,82,83,84,85,86,87,88,89,90,91,92,93,94,95,96,97,98,99,100,101,102,103,104,105,106,107,108,109
0,0.0,4.7203813,6.7355485,8.957299,12.195418,13.615286,17.279728,21.402256,22.676283,27.324047,30.40486,34.53178,32.422657,30.262623,26.275446,24.271461,20.054365,19.82045,15.460809,14.238223,11.601948,11.856374,12.54599,10.540926,13.353014,16.42794,18.566269,17.08989,18.32646,16.605904,19.63012,17.382292,24.163712,20.599094,25.18872,26.63563,27.064783,27.235641,22.580652,19.001354,24.691164,21.414392,23.466461,23.070122,21.720245,21.60852,22.599667,21.061937,24.85682,28.898197,29.2692,28.152582,30.453175,32.184486,29.323975,32.141594,29.580944,31.033388,35.221714,32.00283,28.412582,28.908169,26.082945,25.640337,22.922724,22.855474,24.195042,29.581762,31.052979,32.516006,32.620842,35.382885,33.156662,37.49262,35.901108,39.92525,39.483044,42.318474,44.52024,44.325172,39.88062,37.429485,33.63337,31.436077,28.550373,26.561516,22.26672,18.001427,17.479273,13.7471,14.03425,16.954878,16.084063,16.561937,19.896986,20.351889,20.859806,24.033049,24.810394,26.097513,29.862236,33.192158,37.925564,36.68488,36.335796,37.172245,30.896042,33.06218,29.885302,30.563547
1,4.7203813,0.0,5.254864,6.2610755,8.704514,11.701248,13.918717,19.046768,19.919489,24.985138,28.154787,32.230576,30.621822,28.738186,24.773628,22.467386,18.54834,17.561783,13.562046,11.312583,10.126999,8.841971,11.445203,8.836376,13.003616,15.549367,16.218836,14.962652,15.397947,15.074694,16.970076,16.249498,22.935307,20.095968,24.631569,26.352293,27.476152,27.29238,22.803905,19.040266,23.950499,20.384855,21.673824,20.588217,20.028225,19.071012,20.656044,18.164654,22.41493,26.140728,26.84789,25.123495,28.252163,29.549309,27.01219,29.926058,26.867647,28.567846,32.461098,29.226524,25.70718,25.83952,22.639282,22.47833,19.189732,20.147236,20.853037,26.217333,27.18732,28.876333,28.593506,31.545517,29.329659,33.75131,32.278942,36.2584,35.874306,38.841877,41.295387,41.035793,36.41922,33.709656,30.056923,27.652637,24.959255,22.699644,18.14128,13.899471,12.989096,9.216723,9.398146,12.770265,11.874101,12.850954,15.494967,15.705176,16.278505,19.31429,20.24051,21.556025,25.38282,28.835466,33.57735,32.478703,32.256817,32.873795,26.530626,28.504745,25.317652,25.866407
2,6.7355485,5.254864,0.0,5.0332294,7.0225677,7.818231,11.6093025,15.2826185,17.164534,21.194597,25.22597,28.996748,26.737762,25.036654,20.62952,19.09076,14.975662,15.073175,11.402485,10.94736,10.259908,11.73155,14.473824,13.212744,17.076637,18.950842,19.79256,17.450073,16.991459,16.077698,16.552673,15.1733465,20.552065,16.697172,21.590872,22.640345,24.072655,24.46431,19.978642,16.713137,22.291132,19.811872,20.652563,20.892616,21.384684,20.74369,23.170145,21.10784,25.545162,29.026127,29.111937,26.78092,29.590038,30.04827,26.93791,29.292654,25.985538,26.911777,30.595892,26.815165,23.381088,22.998415,20.07196,19.154886,16.599724,16.132162,17.823002,23.15632,24.791271,26.052292,26.539614,29.265991,27.416819,31.816368,30.677727,34.82281,34.935028,37.951168,40.429314,40.810265,36.658043,33.763798,30.394278,27.640282,25.344976,22.187452,19.055126,14.187486,14.449067,11.44953,12.125138,16.495659,14.898515,15.069652,17.027931,17.18387,16.320908,20.596466,20.344723,22.696163,25.460901,29.342049,33.846024,33.312595,33.60871,34.64347,28.222107,30.25308,27.480192,27.385658
3,8.957299,6.2610755,5.0332294,0.0,3.7246642,6.1070395,8.52841,13.309069,13.90149,19.194347,21.940983,26.084944,24.58101,22.58782,18.881802,16.260002,12.443626,11.323133,7.3837237,5.9765887,5.8400826,7.781101,10.966517,10.783584,14.585795,15.449387,15.86204,12.975002,12.10071,11.410985,11.6435795,10.914913,16.891558,14.329906,18.753462,20.616743,22.170956,21.788929,17.51443,13.846212,18.413803,15.405598,16.071478,15.884121,16.58991,15.828905,18.59308,16.70507,21.156775,24.473175,24.296146,21.856634,24.605814,25.03601,22.01202,24.52865,21.315845,22.615475,26.519886,23.197311,19.639948,20.129408,17.3805,17.526081,15.5957985,16.42577,18.320793,23.439598,23.980045,24.756466,24.645998,26.946423,24.415268,28.64742,26.980219,31.030138,30.73526,33.62851,35.95713,36.110085,31.906195,29.215832,25.674122,23.15539,20.613514,17.991203,14.776199,10.047803,10.995691,8.505079,10.572868,14.630695,14.628615,16.168154,16.833351,15.998349,15.054385,18.358671,17.464651,19.228577,22.10189,25.464975,30.011566,29.118216,29.25272,30.68422,24.37148,26.955177,24.586485,24.984966
4,12.195418,8.704514,7.0225677,3.7246642,0.0,5.3317137,5.2203135,10.942472,11.389329,16.716444,19.918613,23.826517,22.62808,21.06257,17.29388,14.718087,11.42676,9.80966,7.14048,5.458354,7.982668,9.056372,13.283753,13.011403,17.13189,17.517776,16.800661,14.011432,11.954849,12.636971,10.728491,11.735417,16.485323,14.484889,18.706419,20.48824,22.752392,22.286198,18.39258,15.038174,18.759949,16.091095,15.672703,15.312561,17.286173,15.841748,19.34099,16.829983,21.522282,24.325586,24.25149,21.042196,24.421362,24.061272,21.21447,23.532045,19.707905,20.915318,24.343145,20.767712,17.361235,17.140139,14.022407,14.2336645,12.021427,13.609626,15.1993885,20.165033,20.36243,21.164295,20.93658,23.346384,20.963287,25.311218,23.925137,28.012491,28.005548,31.064213,33.668816,34.019955,29.851028,26.812887,23.58442,20.67716,18.590908,15.166487,12.511345,7.5160193,8.901388,7.4566593,9.626417,14.076305,13.829292,15.377064,14.897686,13.7065115,11.990548,15.643241,14.17456,16.525713,18.868868,22.57567,27.01061,26.533777,27.037313,28.40437,22.063175,24.438015,22.299776,22.261288
5,13.615286,11.701248,7.818231,6.1070395,5.3317137,0.0,6.1149573,7.8208146,9.7988825,13.713356,17.490623,21.222942,19.035728,17.305237,13.081969,11.310764,7.3437543,7.8878174,5.5791616,7.8382163,9.110592,13.0480795,16.012789,16.70893,20.1603,20.349503,20.66071,17.020817,15.053273,14.072317,11.783213,10.728871,13.7596655,10.196464,14.897474,15.942051,18.2978,18.481794,14.551788,11.872851,16.568739,15.359918,14.947364,16.600794,18.904516,18.434336,22.085045,20.676346,25.073116,27.859453,26.997082,23.81494,26.150152,25.325373,21.72863,23.34363,19.787579,19.941668,23.401655,19.379707,16.015125,15.836667,13.68066,13.021748,12.837962,12.020932,15.49004,20.143826,21.100422,21.011215,21.797548,23.553186,21.407804,25.468023,24.202326,28.385864,28.732882,31.632837,33.97053,34.961018,31.456707,28.58179,25.564264,22.672276,20.842134,17.130291,16.279596,11.515255,13.860837,12.7569475,14.874943,19.384079,18.817846,19.732437,19.494902,18.498074,16.005249,20.23933,17.804102,20.665567,21.95548,25.634832,29.69574,29.540289,30.3404,32.279354,26.139153,28.73202,27.020658,26.70794
6,17.279728,13.918717,11.6093025,8.52841,5.2203135,6.1149573,0.0,6.8917055,6.6522207,12.097864,15.39546,19.030825,18.260136,17.111734,13.65635,10.999401,8.904978,6.7477865,6.927812,6.817163,10.858359,12.634194,16.794102,17.311888,21.130474,20.634417,19.267906,16.07313,12.791277,14.106507,9.436553,11.914504,14.152306,13.153658,16.668074,18.341703,21.429476,20.795015,17.66654,15.030796,17.393873,15.729672,13.862025,14.160037,17.86186,16.20248,20.574694,18.231861,22.779543,24.81966,24.290545,20.217972,23.634584,22.0067,19.088625,20.774704,16.369816,17.035818,19.868996,15.948123,12.751046,11.944334,8.862501,9.544289,8.821419,10.99279,13.178269,17.358095,16.843847,16.801662,16.637186,18.513704,16.039629,20.310919,19.082232,23.246187,23.626984,26.75456,29.497171,30.355587,26.615915,23.334661,20.610716,17.327662,15.981686,11.507486,11.225269,6.871911,9.838004,10.462318,12.836693,16.98945,16.97987,18.551264,16.60234,14.783429,11.717626,15.30668,12.000898,15.091451,15.874222,19.676142,23.684362,23.784996,24.873587,26.704933,20.667768,23.14461,21.863281,21.359837
7,21.402256,19.046768,15.2826185,13.309069,10.942472,7.8208146,6.8917055,0.0,4.7050796,5.9559073,11.207389,14.097751,12.021059,11.268724,7.0552936,6.234375,5.407113,6.5827208,9.128085,12.06313,14.987068,18.67572,21.95882,23.188059,26.551926,25.820929,25.19533,21.33183,18.096006,18.0789,12.875365,13.638131,12.084301,10.191318,13.1986885,13.564533,17.460464,17.574995,15.259306,14.1963625,16.446451,17.04456,14.616322,17.28038,21.58787,20.819736,25.361217,24.024231,28.212223,30.0093,28.658163,24.478165,26.772655,24.195597,20.602757,21.043589,16.877798,15.736154,17.917093,13.120089,10.470657,8.767534,7.782025,6.769695,10.287042,9.071629,13.641373,16.630764,16.881952,15.230769,16.653473,17.29924,15.481883,19.08357,18.361612,22.511862,23.673117,26.56047,29.030106,30.951443,28.323492,25.197912,23.1477,19.894865,19.318727,14.53707,16.854746,13.32189,16.626003,17.299892,19.537958,23.852365,23.412367,24.334167,22.46621,20.898945,17.104345,21.164806,16.930569,20.531214,19.657179,23.282139,26.448677,27.233788,28.86087,31.305586,25.794107,28.30261,27.665186,26.682667
8,22.676283,19.919489,17.164534,13.90149,11.389329,9.7988825,6.6522207,4.7050796,0.0,7.0919805,8.748404,12.49914,12.263527,11.078829,8.96096,5.551075,6.3793035,4.3513794,8.430757,10.585727,14.1658745,17.375612,20.553562,22.281645,25.329514,23.899942,22.746956,18.856213,15.159111,15.780714,9.501572,11.880045,10.000563,10.768686,12.583637,14.210549,17.968458,17.009369,15.191171,13.846553,14.203402,14.415531,11.150832,13.378393,18.375286,17.375933,22.163502,21.002825,24.893915,26.25591,24.695353,20.294498,22.582918,19.642563,16.245878,16.723034,12.293717,11.565088,14.021985,9.712063,6.538017,6.6998615,6.1673713,8.039797,11.5093975,12.627962,16.109919,18.813042,17.640615,15.704878,15.943075,16.023287,13.031482,16.427832,14.818275,18.949726,19.557768,22.388485,24.787264,26.431917,23.69239,20.7067,18.546816,15.463315,14.854199,10.4565,13.621546,11.10398,14.910601,16.373976,19.104818,22.77746,23.359585,25.074614,22.585623,20.401747,16.890606,19.675385,14.913906,17.741497,16.735043,19.641207,22.778353,23.199995,24.71633,27.562916,22.352922,25.32674,25.17553,24.673521
9,27.324047,24.985138,21.194597,19.194347,16.716444,13.713356,12.097864,5.9559073,7.0919805,0.0,7.956712,9.082061,6.926304,7.794113,5.170561,6.574044,9.073689,10.37191,14.155189,17.1902,20.261301,23.993656,27.135971,28.715103,31.880016,30.68613,29.795473,25.838036,22.242825,22.415304,16.430378,17.614813,13.319694,12.847369,13.919615,13.510104,18.032564,18.17147,17.329573,17.49011,18.063374,19.96981,16.68982,19.980206,25.044302,24.34884,29.118683,28.086693,31.93644,33.11838,31.367262,26.838755,28.72983,25.078957,21.616621,20.985565,16.933226,14.533076,15.196413,10.03091,8.954753,5.890887,7.783512,6.8270407,12.874725,11.381732,15.889732,17.051514,16.752632,13.52287,15.594841,14.71579,13.430031,15.963053,15.810029,19.604265,21.495817,24.12617,26.478785,29.257614,27.627935,24.578106,23.437729,20.26388,20.665783,15.839544,20.100512,17.643759,21.139286,22.490705,24.742336,28.818987,28.50449,29.406578,26.88499,25.10609,20.913567,24.53113,19.508709,23.17291,20.837551,24.007282,26.216751,27.660614,29.809221,32.64823,27.87002,30.29765,30.44585,29.134218
10,30.40486,28.154787,25.22597,21.940983,19.918613,17.490623,15.39546,11.207389,8.748404,7.956712,0.0,4.8041806,6.935813,5.84128,8.789458,6.753428,11.056717,10.730124,15.183695,18.0777,20.849623,24.785189,26.975216,29.626884,31.877665,29.65799,28.805412,24.585218,21.006384,20.894234,14.798615,16.264381,9.763002,13.033856,11.343877,12.442354,16.422586,15.015514,15.76851,16.468622,13.856473,16.651411,12.647496,16.57314,21.937614,21.805923,26.422575,26.566101,29.499126,30.067444,27.442602,23.196749,23.742018,19.450953,15.956409,14.26715,11.192267,7.582966,8.288826,4.383736,4.3498006,7.443122,11.146668,13.107032,18.622202,18.813808,22.772892,23.949053,22.282173,18.660425,19.267643,17.032108,14.031534,15.001767,12.9658,16.117256,16.933535,18.792234,20.241543,23.11238,22.27086,20.195026,19.145378,17.042654,17.430254,14.580299,19.868767,18.843273,22.787376,24.645592,27.576078,30.847704,31.90629,33.75922,30.935438,28.524391,24.887306,26.935383,21.52742,23.744474,21.334433,22.79611,24.51626,25.205952,27.033236,30.867577,26.966518,30.263853,31.203335,30.79624
11,34.53178,32.230576,28.996748,26.084944,23.826517,21.222942,19.030825,14.097751,12.49914,9.082061,4.8041806,0.0,5.498423,6.902887,10.5288725,10.566692,14.887571,15.153897,19.6204,22.529766,25.457314,29.284805,31.694345,34.184067,36.59383,34.419365,33.378376,29.272593,25.558867,25.683714,19.45042,21.007395,14.219498,16.867243,14.939854,14.985399,19.091011,18.185587,19.525084,20.748472,18.184107,21.364628,17.361767,21.118881,26.615702,26.346714,31.010395,30.986801,33.891544,34.166386,31.575222,27.14271,27.741446,22.956419,19.894922,17.667301,14.8726225,10.970057,9.361195,6.0994544,8.262627,8.743106,13.085726,14.39058,20.474491,20.202961,24.05915,24.2057,22.500706,18.208784,19.33909,16.239042,14.22329,14.065629,13.066446,15.526523,17.286335,18.850788,20.249538,23.9479,24.013556,21.916601,21.774399,19.651903,20.820984,17.68645,23.583654,22.761314,26.57815,28.624763,31.341724,34.70403,35.43584,37.01324,33.899563,31.5557,27.59319,29.765821,24.142744,26.690262,23.409086,24.834782,25.778553,27.166637,29.433426,33.216442,29.786266,32.704952,33.98639,33.134808
12,32.422657,30.621822,26.737762,24.58101,22.62808,19.035728,18.260136,12.021059,12.263527,6.926304,6.935813,5.498423,0.0,3.8416517,6.436988,8.864566,12.611181,14.489311,18.453665,22.139229,24.538328,29.068796,31.398653,33.714947,36.26181,34.601665,34.215363,29.871431,26.493332,25.840569,20.199545,20.417273,13.749357,14.272421,13.048952,11.702102,16.09604,16.326895,17.269926,18.914469,18.070812,21.609451,18.324183,22.77614,27.75533,27.821386,32.397488,32.375515,35.6622,36.575474,34.067814,29.86686,30.442614,26.350714,22.68357,20.905724,18.113096,14.413633,14.258681,10.238266,10.725226,10.171451,13.76728,13.513904,19.740294,17.78848,22.493975,22.970587,22.573622,18.56004,20.735416,18.483791,17.1812,18.029781,17.565037,20.499718,22.364634,24.173157,25.640272,29.136011,28.769796,26.490353,25.797823,23.355087,23.961197,20.231337,25.25477,23.3399,27.117332,28.512426,31.070171,34.972095,35.076122,36.152714,33.69545,31.78002,27.676498,30.862665,25.565756,28.710285,25.97689,28.234852,29.756006,31.123987,33.277767,36.77645,32.645245,35.450684,36.116024,35.05953
13,30.262623,28.738186,25.036654,22.58782,21.06257,17.305237,17.111734,11.268724,11.078829,7.794113,5.84128,6.902887,3.8416517,0.0,5.3980136,6.462265,10.247935,12.236985,15.984431,19.960571,21.871523,26.81734,28.65058,31.311445,33.508503,31.729603,31.766306,27.227478,24.157188,22.90446,17.789677,17.269201,10.2121315,11.041608,9.256298,8.303112,12.651034,12.558276,13.598518,15.409942,14.3898945,18.222393,15.2646055,20.211922,24.795237,25.292833,29.651064,30.111443,33.22757,34.353127,31.610825,27.79608,27.850443,24.200262,20.182882,18.53218,16.204754,12.5976305,13.699851,10.096785,9.642604,10.993128,14.25365,14.512107,20.317186,18.573763,23.490547,24.770325,24.378223,20.758944,22.492826,20.585482,18.516356,19.698984,18.399061,21.499567,22.649239,24.365984,25.538479,28.610647,27.981361,26.018028,24.776228,22.631472,22.643017,19.515972,24.021954,21.980396,25.879744,27.027443,29.826935,33.627922,34.090645,35.42714,33.302486,31.32711,27.53704,30.559391,25.440367,28.182419,26.11279,28.151102,30.075377,30.851849,32.62049,36.30981,32.004475,35.19601,35.689705,35.07986
14,26.275446,24.773628,20.62952,18.881802,17.29388,13.081969,13.65635,7.0552936,8.96096,5.170561,8.789458,10.5288725,6.436988,5.3980136,0.0,4.998017,7.015466,10.185792,13.293692,17.403648,19.3417,24.223436,26.532822,28.570097,31.266493,30.139774,30.23257,25.84396,22.861462,21.692238,16.801056,16.0382,11.034304,9.159076,10.09685,8.721313,13.230525,14.013712,13.268855,14.237978,15.579492,18.364595,15.899665,20.332159,24.639324,24.804249,29.207872,28.98899,32.66337,34.27444,32.091507,28.181438,29.100246,26.021818,21.954336,21.216179,18.077257,15.371975,17.036566,12.469783,10.923432,10.407644,12.229936,11.21839,16.502197,13.813385,19.095518,20.92364,21.415258,18.480677,20.675728,19.85974,18.284622,20.581198,19.824224,23.493929,24.88229,27.16708,28.942379,31.654573,30.18953,27.653399,26.037804,23.31091,23.039091,19.003693,22.550097,19.58817,23.209904,23.893187,26.358028,30.578838,30.358963,31.231638,29.512432,27.924,24.056147,27.890778,23.215452,26.548819,24.958963,27.895926,30.379917,31.285482,33.050037,36.168957,31.204441,34.03753,33.92137,33.01231
15,24.271461,22.467386,19.09076,16.260002,14.718087,11.310764,10.999401,6.234375,5.551075,6.574044,6.753428,10.566692,8.864566,6.462265,4.998017,0.0,4.3796773,5.8634067,9.65768,13.548533,15.688244,20.433754,22.559258,24.965624,27.41079,25.868412,25.78848,21.337765,18.27266,17.209991,12.0418215,11.785138,6.8671613,7.0799594,7.8434057,8.826547,12.885502,12.295922,11.196222,11.269503,11.592771,13.800899,10.99923,15.354519,19.787422,19.948097,24.377207,24.366877,27.855999,29.395746,27.110323,23.29356,24.12904,21.238188,17.123966,16.752924,13.550281,11.420053,14.161343,10.062047,7.41863,9.153937,10.669354,11.362362,15.960134,15.071386,19.713652,22.159603,21.73178,19.121656,20.211332,19.502422,16.812378,19.310417,17.583378,21.36928,21.982656,24.272257,25.968548,28.108232,26.20383,23.859877,21.783463,19.31027,18.577127,15.187968,18.505795,15.905733,19.762602,20.66254,23.520086,27.327888,27.885315,29.404833,27.51552,25.553783,22.092205,25.141907,20.462162,23.10151,22.023985,24.480162,27.26749,27.572266,28.988766,32.30533,27.359823,30.609436,30.562578,30.206043
16,20.054365,18.54834,14.975662,12.443626,11.42676,7.3437543,8.904978,5.407113,6.3793035,9.073689,11.056717,14.887571,12.611181,10.247935,7.015466,4.3796773,0.0,4.5257907,6.3706794,10.834563,12.334941,17.491291,19.554224,21.68801,24.26373,23.252157,23.659388,19.224798,16.668928,15.04615,11.0547495,9.541616,7.7332687,4.888855,8.421963,9.464608,12.733064,12.619643,9.909691,8.89498,11.73066,12.841098,11.261365,15.151091,18.648232,18.913298,23.03658,22.848484,26.628399,28.765936,26.817377,23.384453,24.47641,22.554512,18.375706,18.844086,15.709154,14.543591,17.915068,13.945192,10.814695,11.994305,12.001033,12.048877,15.193485,13.918395,18.59239,21.950842,22.193577,20.445082,21.544895,21.76066,19.201456,22.354404,20.694668,24.680058,25.088804,27.568335,29.396872,31.056227,28.536186,26.095516,23.489967,20.931396,19.56413,16.171585,17.886108,14.356316,17.904182,18.035547,20.78394,24.837027,25.113235,26.455135,25.27755,23.645765,20.524,24.038267,20.093184,22.776909,22.683975,25.574337,28.93778,28.941471,30.041895,32.968628,27.499456,30.66775,29.985085,29.747566
17,19.82045,17.561783,15.073175,11.323133,9.80966,7.8878174,6.7477865,6.5827208,4.3513794,10.37191,10.730124,15.153897,14.489311,12.236985,10.185792,5.8634067,4.5257907,0.0,4.573411,7.7409325,10.416695,14.63285,17.053719,19.296913,21.90605,20.435806,20.086205,15.775848,12.683476,12.061804,6.8205233,7.6067314,7.4127913,7.874367,10.294474,12.693838,15.651179,14.431288,11.91031,9.873548,10.97754,10.627783,8.286897,11.073742,15.174011,14.870834,19.308437,18.829878,22.604929,24.497845,22.69093,18.998257,20.60245,18.654177,14.789907,15.811689,12.209309,12.070053,15.806687,12.364611,8.768556,10.887096,10.31613,11.869223,14.251632,14.981466,18.63262,22.083548,21.326002,19.834642,19.939024,20.257717,16.990156,20.280565,18.083506,22.06656,21.970295,24.545088,26.510794,27.660662,24.66183,22.184437,19.309147,16.79982,15.161315,12.102032,13.615054,10.5914755,14.411297,15.126408,18.20581,21.773829,22.78699,24.76429,23.048065,20.9703,18.149403,20.755156,16.72128,18.810875,19.02266,21.549438,25.110811,24.752174,25.663012,28.624437,23.20544,26.60201,26.07101,26.195856
18,15.460809,13.562046,11.402485,7.3837237,7.14048,5.5791616,6.927812,9.128085,8.430757,14.155189,15.183695,19.6204,18.453665,15.984431,13.293692,9.65768,6.3706794,4.573411,0.0,4.84018,6.163901,11.201441,13.283054,15.412782,18.013977,17.084476,17.48971,13.167149,11.044495,9.388114,6.862477,5.44716,9.576848,8.229976,11.904561,14.346646,16.32481,15.348348,11.69537,8.425156,11.715481,9.903362,9.556764,11.412215,13.78186,13.784249,17.569332,17.097164,21.04921,23.67695,22.209978,19.267181,20.880117,20.233334,16.460691,18.25888,15.233632,15.844166,20.00198,16.877293,13.244204,15.128592,13.746551,14.738652,15.557256,16.104908,19.445341,23.69046,23.489761,22.792133,22.831741,23.85219,20.71421,24.328342,22.126429,26.106695,25.716396,28.302006,30.215569,30.855131,27.375565,25.033012,21.65775,19.363426,17.01532,14.578959,13.913254,10.033432,13.187594,12.754549,15.820507,19.445879,20.436726,22.415829,21.643318,19.922195,17.83508,20.602177,17.677992,19.426043,20.896349,23.574337,27.62236,26.800535,27.230862,29.795868,23.993105,27.353662,26.13722,26.598812
19,14.238223,11.312583,10.94736,5.9765887,5.458354,7.8382163,6.817163,12.06313,10.585727,17.1902,18.0777,22.529766,22.139229,19.960571,17.403648,13.548533,10.834563,7.7409325,4.84018,0.0,4.805511,6.9309673,10.222575,11.728772,14.843315,13.9605055,13.332366,9.607335,7.222539,7.566626,5.774453,7.4169226,13.22326,13.01641,16.286129,19.063108,20.921638,19.558765,16.001947,12.32901,14.645185,11.167349,10.953145,10.078049,11.929454,10.776897,14.505347,12.923574,17.278461,20.03188,19.340654,16.395271,19.14288,19.122007,16.19838,18.828466,15.57342,17.35609,21.403269,18.738243,15.155636,16.801567,14.512958,16.104944,15.30111,17.47457,19.487293,23.971289,23.214321,23.272562,22.468733,24.063343,20.730927,24.598854,22.287594,26.15666,25.393736,28.123451,30.286491,30.25116,26.066422,23.59266,19.921526,17.666698,14.909045,12.972439,10.253394,6.289684,8.862573,8.371869,11.728847,14.860614,16.524067,19.131905,18.188921,16.251215,14.992999,16.877913,14.802921,15.800386,18.37001,20.94439,25.389465,24.155039,24.217567,26.290909,20.277678,23.573574,21.999083,22.86892
20,11.601948,10.126999,10.259908,5.8400826,7.982668,9.110592,10.858359,14.987068,14.1658745,20.261301,20.849623,25.457314,24.538328,21.871523,19.3417,15.688244,12.334941,10.416695,6.163901,4.805511,0.0,6.5390673,7.34572,9.750316,11.936499,11.464334,12.868768,8.831999,8.752982,5.927817,8.532201,6.3554277,13.922796,12.821709,16.27076,19.074266,19.908998,18.67581,14.62747,10.530894,14.142521,10.2582855,11.989964,11.7706,11.344343,11.633717,14.021078,13.7053,17.502697,20.957943,20.012417,18.314922,19.885649,21.000324,17.8074,20.55495,18.319004,19.998661,24.543442,22.145906,18.495804,20.739897,18.84509,20.027084,19.362816,20.553207,22.977018,27.7499,27.549768,27.618395,27.116753,28.652487,25.32083,29.053835,26.547466,30.347565,29.33702,31.81831,33.585735,33.378822,29.292105,27.309622,23.372034,21.641685,18.487425,17.445187,14.361679,10.77572,12.485681,10.761447,13.755474,16.532122,18.267435,20.720713,20.978273,19.510056,18.853619,20.791183,19.380054,20.000065,23.018772,25.304192,29.783794,28.154732,27.811485,29.937992,24.048233,27.474138,25.61875,26.860733
21,11.856374,8.841971,11.73155,7.781101,9.056372,13.0480795,12.634194,18.67572,17.375612,23.993656,24.785189,29.284805,29.068796,26.81734,24.223436,20.433754,17.491291,14.63285,11.201441,6.9309673,6.5390673,0.0,5.3615885,5.1205893,8.820022,8.954362,8.158146,6.428072,6.9804626,8.087763,10.775345,11.889673,19.22412,18.954014,22.230947,25.183483,26.318146,24.840158,21.023893,16.944782,19.423918,14.687647,15.843001,13.024517,11.98167,10.4358635,12.064586,9.51965,13.855735,17.484003,18.014956,16.481827,19.675476,21.433575,19.50859,22.922142,20.350721,23.000843,27.140814,25.069008,21.586618,23.249105,20.501162,22.080963,19.76659,22.532667,23.391949,28.230762,27.472271,28.442417,27.080727,29.282646,25.974792,29.914963,27.505512,31.098932,29.82228,32.463364,34.5774,33.648617,28.815159,26.64348,22.613472,20.949783,17.651974,17.146532,11.826248,9.145406,8.703792,6.374076,9.081942,10.521894,13.3649645,16.6742,16.88727,15.359438,16.146584,16.742676,16.935514,16.504726,20.849579,22.97656,27.758537,25.7503,24.958698,26.16812,20.191214,23.21346,20.747028,22.503908
22,12.54599,11.445203,14.473824,10.966517,13.283753,16.012789,16.794102,21.95882,20.553562,27.135971,26.975216,31.694345,31.398653,28.65058,26.532822,22.559258,19.554224,17.053719,13.283054,10.222575,7.34572,5.3615885,0.0,4.8168416,4.90727,4.535964,7.3928604,5.352497,8.738645,6.9001007,12.733978,11.856071,19.807177,19.709368,22.507353,25.720707,25.933945,24.223526,20.47511,16.38223,18.74561,13.6415,16.22294,13.740165,10.344136,10.52733,10.220612,10.094007,12.976487,17.197838,17.147043,17.194202,18.76578,21.754812,19.732603,23.254976,21.83305,24.532585,29.156523,27.6358,24.11713,26.755264,24.582829,26.267532,24.639612,26.81495,28.257164,33.148888,32.50667,33.13435,31.885437,33.70019,30.08728,33.7255,30.866802,34.29939,32.579384,34.848595,36.42587,35.21534,30.568216,29.100159,24.79919,23.86805,20.161991,20.813831,15.898843,13.861278,13.859159,11.692062,14.067419,14.676528,17.858797,21.06333,21.929922,20.55416,21.5081,21.826416,21.934675,20.99638,25.350382,26.804901,31.463917,28.917667,27.65669,29.249763,23.772467,27.202223,24.93152,27.204872
23,10.540926,8.836376,13.212744,10.783584,13.011403,16.70893,17.311888,23.188059,22.281645,28.715103,29.626884,34.184067,33.714947,31.311445,28.570097,24.965624,21.68801,19.296913,15.412782,11.728772,9.750316,5.1205893,4.8168416,0.0,4.8905625,7.398609,8.306261,8.554026,11.098176,11.0869255,15.520434,15.4692745,23.30198,22.533176,25.934399,28.8017,29.353773,28.02677,23.997541,19.856861,22.88094,17.950533,19.986681,17.156199,14.536019,13.642946,13.445072,11.4168625,14.75343,18.905973,19.94005,19.645952,22.360245,25.126194,23.443106,27.024027,24.97299,27.721827,32.029613,30.086884,26.571928,28.29147,25.482355,26.781887,24.03941,26.46385,27.087605,32.14637,31.755445,33.08578,31.76313,34.205914,31.005884,34.97956,32.56184,36.08634,34.645805,37.190254,39.168133,37.918144,32.955204,31.04992,26.909729,25.575018,22.123955,22.107248,16.367672,14.052133,12.782176,9.758896,11.046544,11.245822,14.023647,17.10598,18.690329,17.843834,19.558767,19.93606,21.195839,20.392025,25.251448,27.21468,32.03196,29.721758,28.521955,29.295443,23.570965,26.29103,23.346586,25.433384
24,13.353014,13.003616,17.076637,14.585795,17.13189,20.1603,21.130474,26.551926,25.329514,31.880016,31.877665,36.59383,36.26181,33.508503,31.266493,27.41079,24.26373,21.90605,18.013977,14.843315,11.936499,8.820022,4.90727,4.8905625,0.0,4.438613,8.164351,8.849868,12.795387,11.53131,17.516523,16.609032,24.586184,24.263727,27.119297,30.254673,30.145365,28.527334,24.731737,20.695366,23.20893,18.070835,20.924643,18.079361,13.901531,14.051172,12.215965,11.993123,13.83713,18.274908,18.984861,20.035,21.55483,25.318645,23.801994,27.47685,26.331675,29.236052,33.836555,32.454147,28.961807,31.476337,29.088049,30.662777,28.454628,30.716892,31.713417,36.741653,36.218212,37.253197,35.85698,37.959446,34.429256,38.126347,35.29581,38.626034,36.749077,38.96915,40.51071,38.919033,34.06803,32.76789,28.434725,27.74349,23.985723,24.995525,19.45351,17.782475,16.899506,14.335331,15.805156,15.297435,18.588299,21.722519,23.392914,22.438879,24.22852,24.111933,25.204323,23.828907,28.733774,30.029148,34.730213,31.90857,30.268139,31.332357,26.122879,29.215425,26.53926,29.143837
25,16.42794,15.549367,18.950842,15.449387,17.517776,20.349503,20.634417,25.820929,23.899942,30.68613,29.65799,34.419365,34.601665,31.729603,30.139774,25.868412,23.252157,20.435806,17.084476,13.9605055,11.464334,8.954362,4.535964,7.398609,4.438613,0.0,5.8101306,5.7771115,10.226189,8.887336,15.172044,14.716689,22.348553,23.117002,25.271666,28.805552,28.704723,26.568933,23.249804,19.335104,20.558903,15.177621,18.00205,14.729735,9.917659,10.430002,7.975728,9.126715,10.329789,14.747187,14.854259,16.292706,17.23434,21.295223,19.988585,23.735903,23.061733,26.192266,30.830296,30.008228,26.655664,29.821331,27.839529,29.954561,28.401821,31.00118,32.2637,37.023705,35.96521,36.54556,34.91278,36.544228,32.649944,35.99929,32.805325,35.904667,33.68914,35.662605,36.9308,35.156887,30.42812,29.50816,25.10037,24.863228,20.952497,22.797205,17.690742,16.805216,16.541082,14.880717,17.072348,16.46831,20.48343,24.051088,24.76834,23.228266,24.650246,23.982967,24.374332,22.543488,27.178154,27.839676,32.358532,29.235783,27.430456,29.020134,24.178955,27.792389,25.712029,28.612776
26,18.566269,16.218836,19.79256,15.86204,16.800661,20.66071,19.267906,25.19533,22.746956,29.795473,28.805412,33.378376,34.215363,31.766306,30.23257,25.78848,23.659388,20.086205,17.48971,13.332366,12.868768,8.158146,7.3928604,8.306261,8.164351,5.8101306,0.0,4.9192853,7.8276825,10.08882,14.084971,16.099665,23.110945,24.601612,26.705473,30.34409,31.041466,28.716423,25.616272,21.694775,22.074848,16.622301,18.07244,13.354319,10.099316,8.185785,6.5644603,4.034427,6.468494,10.641762,12.095523,12.622124,15.585413,19.089443,18.699108,22.657143,21.289085,24.916954,29.017212,28.345648,25.219606,27.93664,25.606813,28.151035,26.08725,29.77305,30.23848,34.66645,32.933144,33.7756,31.542969,33.329357,29.436975,32.751575,29.669245,32.560596,30.280174,32.394325,34.021843,31.953209,26.789896,25.568445,21.291468,20.995134,17.238615,19.350496,13.5388365,13.881017,12.943271,12.249897,14.344794,12.747665,17.637676,21.75419,21.430944,19.458717,21.238453,19.429508,20.199324,17.614311,22.60471,22.956121,27.487593,24.25245,22.320314,23.469456,18.695717,22.192034,20.172684,23.372625
27,17.08989,14.962652,17.450073,12.975002,14.011432,17.020817,16.07313,21.33183,18.856213,25.838036,24.585218,29.272593,29.871431,27.227478,25.84396,21.337765,19.224798,15.775848,13.167149,9.607335,8.831999,6.428072,5.352497,8.554026,8.849868,5.7771115,4.9192853,0.0,4.477536,5.1877155,9.859994,11.227359,18.300255,19.848665,21.816116,25.49064,26.14717,23.803734,20.738731,16.868088,17.236729,11.811942,13.468375,9.4859705,6.317547,5.3093667,5.7527895,5.6214533,8.733648,12.51779,12.191073,11.842025,13.870254,16.756796,15.310056,19.092533,17.738207,20.994825,25.430098,24.56884,21.292826,24.426735,22.513878,25.0082,23.8208,26.88964,28.172892,32.597237,31.082079,31.369448,29.581875,30.979029,26.97046,30.242561,27.037758,30.160158,28.056019,30.16687,31.661318,30.149101,25.396412,24.13188,19.76499,19.234013,15.370545,17.051462,12.3106785,11.771083,12.236941,11.63266,14.586344,14.636786,18.758684,22.538708,22.061563,19.949709,20.677074,19.921085,19.409822,17.693544,21.859419,22.534235,27.025969,24.149506,22.721722,24.71444,19.612722,23.52886,21.929607,24.562288
28,18.32646,15.397947,16.991459,12.10071,11.954849,15.053273,12.791277,18.096006,15.159111,22.242825,21.006384,25.558867,26.493332,24.157188,22.861462,18.27266,16.668928,12.683476,11.044495,7.222539,8.752982,6.9804626,8.738645,11.098176,12.795387,10.226189,7.8276825,4.477536,0.0,5.8094344,6.376736,10.130949,16.077295,18.147303,20.008503,23.630453,25.011093,22.646944,19.840834,16.194086,15.969861,11.054463,11.127744,6.624433,6.9394903,4.0519123,7.887679,6.186155,10.224384,12.837186,12.329162,9.940799,13.196546,14.4766245,12.905766,16.53009,14.237639,17.530811,21.653196,20.605902,17.410645,20.301197,18.35876,21.16619,20.238132,23.740446,24.955688,29.041756,27.150272,27.227705,25.311852,26.564672,22.50909,25.78698,22.662014,25.866663,23.977402,26.298704,28.102898,26.918179,22.159464,20.413336,16.177383,15.137034,11.434076,12.584811,8.249579,8.046907,9.397303,10.033509,13.399577,14.11325,17.93826,21.682268,20.216833,17.688875,17.7083,16.975727,15.564267,14.131826,17.742908,18.598455,23.081978,20.58487,19.648758,21.903048,16.528997,20.568872,19.390993,21.612892
29,16.605904,15.074694,16.077698,11.410985,12.636971,14.072317,14.106507,18.0789,15.780714,22.415304,20.894234,25.683714,25.840569,22.90446,21.692238,17.209991,15.04615,12.061804,9.388114,7.566626,5.927817,8.087763,6.9001007,11.0869255,11.53131,8.887336,10.08882,5.1877155,5.8094344,0.0,7.079519,6.216818,13.5540695,14.991472,16.79669,20.488321,20.97452,18.656485,15.567261,11.754421,12.354294,7.0603695,9.393483,7.6176333,5.4471273,6.748864,8.794187,10.234392,13.024126,16.261646,14.596043,13.636572,14.241007,16.190443,13.380625,16.626934,15.436294,17.932446,22.74866,21.605627,18.182299,21.78997,20.491316,22.744244,22.671297,24.75727,27.035583,31.398626,30.264864,29.925127,28.762619,29.7019,25.695244,28.852165,25.606441,28.942892,27.12444,29.16884,30.450693,29.632484,25.51604,24.272373,20.0303,19.262932,15.595983,16.541595,13.545895,11.939913,13.819977,13.227721,16.56914,17.989218,21.17762,24.426495,23.971127,21.904333,21.59558,22.004303,20.334694,19.652388,22.778898,23.806343,28.090023,25.690374,24.802637,27.467604,22.267231,26.35497,25.111526,27.149021
30,19.63012,16.970076,16.552673,11.6435795,10.728491,11.783213,9.436553,12.875365,9.501572,16.430378,14.798615,19.45042,20.199545,17.789677,16.801056,12.0418215,11.0547495,6.8205233,6.862477,5.774453,8.532201,10.775345,12.733978,15.520434,17.516523,15.172044,14.084971,9.859994,6.376736,7.079519,0.0,6.459501,10.172082,12.7984085,14.278498,17.809265,19.753174,17.456118,15.039986,11.997829,11.251196,7.894878,6.075519,4.897408,9.025547,8.079913,12.705948,12.371807,15.863462,17.722437,15.990359,12.56909,14.553715,13.69421,10.511503,13.080106,10.013598,12.25053,16.604227,14.951247,11.526579,14.933149,13.822888,16.64389,17.440153,20.039076,22.379025,26.067396,24.359522,23.484047,22.264227,22.796751,18.712322,21.829615,18.722046,22.263777,20.932398,23.309275,25.077011,24.976215,21.089859,19.093416,15.324892,13.647452,10.693278,10.13943,9.467494,8.043832,11.503735,12.607984,16.145128,18.378084,20.958733,23.98963,22.128017,19.581867,18.023367,18.711031,15.460168,15.637294,17.286272,18.652235,22.658178,21.082167,21.109854,24.14723,18.875761,22.902645,22.389194,23.633598
31,17.382292,16.249498,15.1733465,10.914913,11.735417,10.728871,11.914504,13.638131,11.880045,17.614813,16.264381,21.007395,20.417273,17.269201,16.0382,11.785138,9.541616,7.6067314,5.44716,7.4169226,6.3554277,11.889673,11.856071,15.4692745,16.609032,14.716689,16.099665,11.227359,10.130949,6.216818,6.459501,0.0,8.026189,8.824375,10.781377,14.305717,15.074378,13.065595,9.767242,6.0802784,7.8200765,4.7622533,6.4726295,8.972988,9.918889,11.448967,14.529046,15.809966,18.817675,21.514544,19.247726,17.312878,17.340883,17.556461,13.508507,15.51705,13.983272,15.001113,19.880613,17.995401,14.48942,18.159294,17.608912,19.320976,20.630932,21.411083,24.798763,28.893337,28.26768,27.22585,26.91016,27.370565,23.645506,26.681969,23.712059,27.306702,26.142214,28.217457,29.457163,29.662634,26.351526,24.85951,21.11119,19.79182,16.843555,16.309765,15.517387,12.898672,15.931086,15.547508,18.913095,21.615305,23.670696,26.205166,25.59376,23.642786,22.141508,23.861158,21.038893,21.671535,23.47758,25.098463,29.034904,27.455183,27.334612,30.42833,25.122433,29.094263,28.172943,29.391233
32,24.163712,22.935307,20.552065,16.891558,16.485323,13.7596655,14.152306,12.084301,10.000563,13.319694,9.763002,14.219498,13.749357,10.2121315,11.034304,6.8671613,7.7332687,7.4127913,9.576848,13.22326,13.922796,19.22412,19.807177,23.30198,24.586184,22.348553,23.110945,18.300255,16.077295,13.5540695,10.172082,8.026189,0.0,6.4125056,4.541535,8.504727,10.479659,7.9562716,7.3155084,7.3374686,4.746153,8.068127,6.1192036,11.893298,15.219758,16.63842,20.370459,21.867981,24.513731,26.17118,23.132616,20.370745,19.54719,17.566519,12.929811,12.71259,11.422282,10.02279,14.469163,12.583212,9.804058,14.407496,15.830509,17.556791,21.235188,21.132757,25.444458,28.408625,27.577034,25.20375,25.50717,24.657099,21.072752,23.129276,20.218653,23.547209,22.895098,24.580238,25.411367,26.7999,24.878748,23.56375,20.781776,19.451843,17.714352,16.572916,18.919718,16.972778,20.800919,21.430948,24.761421,27.853262,29.504896,31.713182,30.238235,28.05307,25.44064,27.477514,23.235632,24.560068,24.468143,25.831749,28.80782,27.999685,28.63202,32.45546,27.817589,31.801826,31.813696,32.43263
33,20.599094,20.095968,16.697172,14.329906,14.484889,10.196464,13.153658,10.191318,10.768686,12.847369,13.033856,16.867243,14.272421,11.041608,9.159076,7.0799594,4.888855,7.874367,8.229976,13.01641,12.821709,18.954014,19.709368,22.533176,24.263727,23.117002,24.601612,19.848665,18.147303,14.991472,12.7984085,8.824375,6.4125056,0.0,5.0792084,6.3686376,8.359693,8.411445,5.142154,5.1865664,9.160319,11.402901,11.157179,16.06414,18.45272,19.799461,23.282618,24.196714,27.472473,29.861095,27.391815,24.75885,24.611113,23.299034,18.74429,19.017675,17.141388,15.785924,19.697441,16.530422,13.59257,16.052982,16.661867,16.820631,20.006601,18.28531,23.165825,26.603518,27.051113,25.15446,26.31172,26.217506,23.451172,26.196491,24.119389,27.859785,27.863234,29.938286,31.182117,32.753113,30.538864,28.701447,25.855246,23.892754,22.108362,19.767387,21.134857,17.776089,21.236095,20.916725,23.817856,27.637703,28.256292,29.707113,29.107788,27.555298,24.827732,28.109587,24.40216,26.576044,26.857931,29.270779,32.627724,32.187603,32.94772,36.195114,30.870615,34.39886,33.698208,33.87684
34,25.18872,24.631569,21.590872,18.753462,18.706419,14.897474,16.668074,13.1986885,12.583637,13.919615,11.343877,14.939854,13.048952,9.256298,10.09685,7.8434057,8.421963,10.294474,11.904561,16.286129,16.27076,22.230947,22.507353,25.934399,27.119297,25.271666,26.705473,21.816116,20.008503,16.79669,14.278498,10.781377,4.541535,5.0792084,0.0,4.2919927,6.070584,4.478592,4.6769357,7.1313353,6.803611,11.24366,10.464528,16.27525,18.943281,20.74956,24.162237,25.859499,28.525896,30.422087,27.30839,24.823103,23.622873,21.807974,17.132097,16.480412,15.639963,13.520327,17.326561,15.106915,12.828345,16.560781,18.31048,19.123644,23.236002,21.861422,26.783892,29.645178,29.52112,26.947071,27.955475,27.006115,23.938221,25.870594,23.39033,26.67903,26.434923,27.995789,28.641926,30.457148,28.991247,27.726372,25.163311,23.75308,22.199242,20.65121,23.036385,20.56511,24.3112,24.523243,27.675589,31.13444,32.293056,34.07622,33.027622,31.141047,28.32598,31.014622,26.803867,28.57755,28.327034,30.009233,32.878532,32.333614,33.09885,36.893234,32.15909,36.006313,35.87456,36.25198
35,26.63563,26.352293,22.640345,20.616743,20.48824,15.942051,18.341703,13.564533,14.210549,13.510104,12.442354,14.985399,11.702102,8.303112,8.721313,8.826547,9.464608,12.693838,14.346646,19.063108,19.074266,25.183483,25.720707,28.8017,30.254673,28.805552,30.34409,25.49064,23.630453,20.488321,17.809265,14.305717,8.504727,6.3686376,4.2919927,0.0,4.5928555,6.023485,6.6536965,9.848771,11.030801,15.388098,14.579867,20.28437,23.061089,24.720991,28.216013,29.627779,32.534515,34.50676,31.5158,28.845745,27.872496,25.814676,21.187748,20.254292,19.13544,16.475382,19.500528,16.69548,14.8746805,17.417103,19.391405,19.31723,23.848091,21.35305,26.702477,29.245615,29.74468,26.977373,28.674229,27.654722,25.217562,27.078255,25.190283,28.495358,28.823954,30.4323,31.169832,33.47008,32.315224,30.828348,28.583384,26.864237,25.665352,23.41061,26.096018,23.232624,26.929026,26.989155,29.894688,33.744553,34.303474,35.610302,34.718937,33.089523,29.941473,33.260647,28.965406,31.310999,30.684576,32.788013,35.50437,35.41269,36.471962,40.148205,35.302963,38.884758,38.68136,38.649464
36,27.064783,27.476152,24.072655,22.170956,22.752392,18.2978,21.429476,17.460464,17.968458,18.032564,16.422586,19.091011,16.09604,12.651034,13.230525,12.885502,12.733064,15.651179,16.32481,20.921638,19.908998,26.318146,25.933945,29.353773,30.145365,28.704723,31.041466,26.14717,25.011093,20.97452,19.753174,15.074378,10.479659,8.359693,6.070584,4.5928555,0.0,4.059288,5.4788094,9.56648,11.06794,15.561776,15.97274,21.721151,23.405357,25.757853,28.600607,30.726555,33.239902,35.46117,32.224773,30.292635,28.50347,27.204107,22.511797,21.712124,21.516714,19.213648,22.681051,20.526175,18.597267,21.732136,23.528593,23.581863,27.694418,25.18397,30.509096,33.38749,34.018814,31.433054,33.002316,32.073845,29.416473,31.252544,29.043365,32.231266,32.150402,33.523457,33.875652,35.867676,34.73735,33.67455,31.131498,29.818256,28.192707,26.640762,28.698578,25.822517,29.364508,29.036308,32.000576,35.650867,36.451347,37.85598,37.454403,35.90658,33.128532,36.300903,32.329094,34.29761,34.18557,36.044285,38.918987,38.400208,39.110474,42.893097,38.05822,41.871613,41.51843,41.841507
