,0,1,2,3,4,5,6,7,8,9,10,11,12,13,14,15,16,17,18,19,20,21,22,23,24,25,26,27,28,29,30,31,32,33,34,35,36,37,38,39,40,41,42,43,44,45,46,47,48,49,50,51,52,53,54,55,56,57,58,59,60,61,62,63,64,65,66,67,68,69,70,71,72,73,74,75,76,77,78,79,80,81,82,83,84,85,86,87,88,89,90,91,92,93,94,95,96,97,98,99,100,101,102,103,104,105,106,107,108,109,110
0,0.0,4.771058,6.7946243,9.367056,12.519549,14.335728,17.576025,21.54932,23.425146,27.337845,32.09809,34.815746,34.759857,32.906418,29.278137,26.627693,22.787018,21.293137,17.173437,14.521096,12.002069,10.07681,10.107691,6.861693,9.916615,13.566624,15.552672,15.497326,17.20057,16.94444,20.303394,19.906214,27.06447,24.613335,28.998018,31.042458,31.827208,31.408752,26.887516,22.731947,27.313456,23.051844,25.153429,22.943676,20.919842,20.290396,19.93488,20.769411,20.066578,23.524426,25.853645,24.202806,27.329163,29.507084,27.391582,31.05035,29.988373,33.250175,37.854946,37.04507,33.614647,34.497433,31.35005,33.41957,30.818596,36.41279,35.083138,31.956257,30.497105,26.99956,28.46875,26.178734,25.452616,27.69234,28.806978,31.682882,33.441517,35.966522,36.869102,41.352394,40.01354,37.27331,36.86912,32.90005,32.425877,27.076677,26.254297,21.414017,22.664576,21.164032,22.358856,23.36255,23.267244,27.507175,28.034185,29.361128,29.193882,30.344154,33.84461,31.982023,37.011765,35.397247,40.802666,45.27594,40.835194,37.71079,34.77797,30.463488,29.300194,25.762144,23.737583
1,4.771058,0.0,5.269912,6.28688,8.763243,12.020277,13.824342,18.75546,20.06369,24.604733,28.926615,31.62241,32.10476,30.4019,27.186226,24.207558,20.821924,18.659422,15.097778,11.561556,10.62155,6.75602,9.259494,5.3080907,10.013861,12.710159,12.916774,13.111657,13.92375,15.126349,17.293955,18.29926,25.031021,23.335993,27.502699,29.735785,31.111757,30.421562,26.111982,21.876183,25.753569,21.42724,22.766827,19.992538,18.86017,17.371866,17.79746,17.61429,17.342499,20.268667,22.582298,20.402575,24.28554,26.198656,24.30941,28.040514,26.505829,29.777506,34.164425,33.03224,29.59436,30.0568,26.802553,28.722704,26.151047,31.66286,30.387932,27.401073,25.942556,22.412727,23.829506,21.724407,20.989607,23.566795,24.776325,27.930372,29.922552,32.399445,33.7319,38.063927,36.71514,34.257206,33.62553,29.490234,28.974817,23.583979,22.149752,17.229033,18.148619,16.66746,17.665316,18.859758,18.8995,22.965393,23.401463,24.610731,24.449888,25.650785,29.190779,27.551243,32.528572,31.244059,36.622524,41.065994,36.61827,33.521942,30.297329,26.157995,24.823652,21.20231,19.256245
2,6.7946243,5.269912,0.0,5.1294856,7.0952673,8.319437,11.743633,15.129948,17.468328,20.809565,26.023668,28.330513,28.482712,26.95858,23.148928,20.82203,17.072067,15.803714,12.204865,10.133134,9.160261,8.427559,11.439646,9.309236,13.791572,15.964416,16.546604,15.296009,15.162587,15.559252,16.695,16.734692,22.68416,19.940134,24.540947,26.183628,27.711382,27.584656,23.150318,19.306908,24.039288,20.558191,21.707022,20.30938,20.114458,19.066666,20.479591,20.640757,21.321733,24.151892,25.82193,22.73641,26.663403,27.68273,25.064425,28.462725,26.478405,29.175478,33.80516,32.397278,28.786003,30.061598,27.348858,29.444956,27.901644,33.00821,32.178833,29.741188,27.632492,23.50979,24.213388,21.154486,20.01055,21.659782,22.621185,25.192808,26.885284,29.56945,30.454987,35.057007,34.18423,31.607834,31.544043,27.5686,27.684418,21.974955,21.958923,17.209158,19.004396,18.587389,19.668432,21.667494,22.069221,25.55974,25.668995,26.074911,25.507612,25.975044,28.978252,26.909203,31.797104,29.77041,35.070396,39.412224,34.842186,31.757738,29.243912,24.79473,23.817617,20.663301,18.445934
3,9.367056,6.28688,5.1294856,0.0,3.799733,6.272316,8.547852,13.06105,14.215098,18.97588,22.97184,26.017384,26.136976,24.241919,21.255405,18.014095,14.747292,12.399611,8.896995,5.455812,5.6076603,4.1355305,8.48229,7.747191,12.083049,12.894115,12.75182,10.8004,10.107961,10.974257,11.761273,12.683533,18.875227,17.347101,21.401688,23.678673,25.33648,24.574106,20.411335,16.28527,20.035,16.195591,17.079626,15.218437,15.343707,14.097439,16.07034,16.171074,17.5885,20.327377,21.410685,18.021898,21.791702,22.593327,19.939137,23.367802,21.495525,24.388807,29.022842,27.959768,24.457357,25.894535,23.2211,25.75344,24.271626,29.789463,29.405771,27.350868,25.913769,21.980925,22.411684,19.764542,17.687328,20.109657,20.31848,23.439774,24.835394,27.022263,27.99618,32.29136,30.744474,28.120619,27.607538,23.574993,23.237741,17.754778,17.390575,12.680435,14.801989,14.49444,16.38197,18.485783,19.70563,22.9782,22.494392,23.267523,22.087742,22.506372,25.801321,23.20743,28.328903,26.265057,31.709888,36.287483,32.10019,28.869534,26.561644,21.71324,21.263308,17.647865,16.450626
4,12.519549,8.763243,7.0952673,3.799733,0.0,5.322775,5.0936637,10.468417,11.348369,16.272943,20.228916,22.95103,23.641565,22.098299,19.312895,16.122608,13.40206,10.710555,8.48908,5.101148,7.9838624,6.4066324,11.699822,10.855062,15.307376,15.651325,14.275354,12.4313345,10.3209715,12.5074835,11.061853,13.306104,18.140408,17.007998,20.882505,22.969027,25.282948,24.564554,20.707232,16.931856,20.143026,16.843012,16.675596,14.895045,16.465727,14.548285,17.494617,16.658447,18.619705,20.622887,21.502,17.356499,21.87184,22.020826,19.42754,22.687618,20.038937,22.602434,27.030443,25.377665,21.762907,23.007118,20.459717,22.805222,21.863955,26.959845,26.765308,25.081944,23.29572,19.127787,19.151388,16.24225,13.978022,16.318878,16.59942,19.783247,21.40293,23.705294,25.035612,29.309418,28.068296,25.764986,25.286478,21.122591,21.108316,15.3902645,14.951736,10.261308,12.37495,12.794397,14.272383,16.93594,18.309286,20.994295,20.351496,20.516844,19.237392,19.339447,22.373518,19.927015,24.92837,22.9416,28.32624,32.80458,28.47008,25.284037,22.883053,18.129229,17.56422,14.114184,12.801606
5,14.335728,12.020277,8.319437,6.272316,5.322775,0.0,6.2010007,7.402491,9.862632,13.195981,18.020844,20.759766,20.426195,18.68742,15.183069,12.509791,8.932313,7.645549,4.779619,5.326209,6.9359474,9.677825,13.392844,13.860389,17.764484,17.950983,17.818789,14.732663,12.6897955,12.760851,11.097104,11.003279,15.064677,12.497336,16.920725,18.485954,20.696415,20.51794,16.465218,13.116289,17.437025,15.190389,15.262783,15.561642,17.391022,16.630077,19.817844,20.05637,22.485662,24.825626,25.069061,20.717844,24.379362,23.850058,20.415352,23.145813,20.59535,22.49942,27.28964,25.871668,22.253313,24.84394,23.084501,25.835548,25.815975,30.655117,30.9755,29.77505,27.806139,23.433271,22.85173,19.303482,16.387114,17.604818,16.988798,19.367804,20.101257,22.335648,22.696474,27.242466,26.16821,23.419563,23.60404,19.83909,20.392899,14.65745,16.503832,12.66611,15.8512335,17.044048,18.929422,21.810501,23.475803,25.8638,24.891628,24.706264,22.905727,22.28117,24.74495,21.470171,26.336637,23.238764,28.496412,32.94025,28.790709,25.583603,24.464733,19.191317,19.544641,16.704859,15.686266
6,17.576025,13.824342,11.743633,8.547852,5.0936637,6.2010007,0.0,6.7716303,6.567604,12.065551,15.4017,18.082518,19.171436,17.873951,15.699915,12.379097,10.786173,7.623315,7.8797927,6.1772594,10.715089,10.445858,15.550097,15.511677,19.609085,19.122385,17.036982,14.6753,11.183221,13.853415,9.6896105,12.992628,15.555679,15.21046,18.48734,20.38496,23.426956,22.66662,19.41916,16.311255,18.557344,16.291752,14.783214,13.822215,17.224684,15.105054,19.205227,17.899868,20.804085,22.077593,22.155682,17.116669,21.816488,20.780613,17.972193,20.689434,17.18067,19.039757,23.297256,21.130163,17.421082,19.138409,17.235685,19.743238,20.071028,24.58222,25.118338,24.365305,22.461554,18.182993,17.203302,13.965716,10.49968,12.548952,11.915458,15.177689,16.535841,18.66655,20.161154,24.324564,23.200495,21.15151,20.739769,16.541298,16.991514,11.111456,11.491205,7.651834,10.45656,12.41207,13.876393,17.18503,19.176996,20.77637,19.503386,18.892744,16.899725,16.111889,18.591267,15.611556,20.509647,18.061619,23.41129,27.884396,23.635822,20.406492,18.623867,13.478013,13.60324,10.526334,10.032388
7,21.54932,18.75546,15.129948,13.06105,10.468417,7.402491,6.7716303,0.0,4.709343,5.9148645,11.264147,13.397083,13.474779,12.418247,9.216076,7.153068,5.710529,5.377682,7.732879,10.056241,13.324895,15.796095,19.936396,20.660599,24.520016,23.996675,22.855396,19.587095,16.204111,17.063429,12.408094,13.372551,13.089169,11.262877,14.668617,15.351317,18.938107,19.051245,16.14829,14.386874,17.23305,16.937807,15.113128,16.829199,20.761162,19.694078,24.034836,23.556496,26.850077,28.293608,27.790588,22.543427,26.439156,24.470499,20.897358,22.705547,19.045876,19.57732,23.929312,21.66556,18.073568,21.43326,20.81614,23.471407,25.170252,28.868904,30.02663,29.959435,27.648842,23.202393,21.432034,17.45296,13.6319475,13.458482,11.514166,13.043978,13.000848,15.1898,15.396029,20.067984,19.681822,17.322107,18.12175,14.6172285,16.399511,10.838322,14.60002,12.574604,15.96868,18.62318,20.132616,23.604584,25.702604,26.827566,25.310486,24.028595,21.631369,19.840158,21.112833,17.390419,21.580912,17.621307,22.455294,26.632685,22.58422,19.496296,19.711218,14.33847,15.705543,14.173969,13.871005
8,23.425146,20.06369,17.468328,14.215098,11.348369,9.862632,6.567604,4.709343,0.0,7.264146,8.900141,12.260449,12.976071,11.602595,10.606103,6.9493637,7.7239413,4.9491215,8.822421,10.033455,14.26532,15.858664,20.095499,21.159618,24.693686,23.438015,21.48733,18.277369,14.251946,15.993845,9.954773,12.761629,11.564246,12.239682,14.302307,15.825825,19.60525,18.849623,16.632463,14.818711,15.772898,15.428489,12.552183,13.816223,18.710875,17.22871,22.066395,21.104036,24.867832,25.786978,24.767385,19.258081,23.111996,20.612524,17.251268,18.827532,14.742032,15.162628,19.363735,17.050535,13.430135,16.962704,16.587044,19.57784,21.638054,25.377651,26.998262,27.406136,25.700413,21.649452,19.617588,16.356543,11.705312,12.538996,9.566389,12.109418,11.876421,13.201802,14.06554,18.116783,16.804758,14.652964,14.614303,10.660244,12.081456,6.366348,10.197575,9.218104,12.709427,15.871839,17.681942,21.153172,23.779581,24.40024,22.386051,21.231655,18.264627,16.231678,17.61526,13.270072,17.709206,13.740773,18.887922,23.40486,19.749084,16.461163,16.793,10.964548,13.140379,11.335599,12.499822
9,27.337845,24.604733,20.809565,18.97588,16.272943,13.195981,12.065551,5.9148645,7.264146,0.0,7.575754,8.1384945,8.164819,8.378357,5.5892043,6.299916,7.8304825,9.199623,12.782164,15.672654,18.870596,21.607796,25.634739,26.555317,30.325197,29.554497,28.234241,24.83149,21.146187,21.924446,16.525398,17.300743,14.138558,12.672702,14.754933,14.181625,18.524902,19.144444,17.403215,17.12312,19.028246,20.25646,17.660137,20.458115,25.132624,24.194595,28.883108,28.274874,31.921427,32.97548,32.029922,26.510204,30.201063,27.392937,23.79459,24.768154,20.723465,19.978983,23.705399,20.961012,17.754658,21.795084,22.284956,24.721258,27.654009,30.328236,32.08015,32.805294,30.291859,25.973469,23.477121,19.420671,15.489432,13.845929,10.834715,10.496784,8.839049,10.78731,10.072601,14.992779,15.703757,13.778321,15.615078,13.061055,16.061958,11.82434,16.863646,16.391354,19.566305,22.81006,24.05789,27.678225,29.92063,30.292946,28.508339,26.548252,23.876745,21.302032,21.385784,17.518423,20.60233,15.818435,19.712702,23.35449,19.640247,16.91891,18.87603,14.026715,16.282179,16.198692,16.389725
10,32.09809,28.926615,26.023668,22.97184,20.228916,18.020844,15.4017,11.264147,8.900141,7.575754,0.0,5.522446,5.812147,5.5449743,8.698149,7.514268,11.688863,11.460505,16.06999,18.450056,22.15596,24.512455,28.243841,29.838726,33.033398,31.295078,29.337559,25.832424,21.70712,22.831863,16.405447,18.241941,12.681363,14.533478,14.044894,14.200778,18.74115,18.26567,18.127838,18.472338,17.564371,19.702396,15.852401,19.00791,24.641464,23.688839,28.783943,27.933695,32.190315,32.604374,30.720507,25.12907,28.071695,24.219273,20.90094,20.79429,16.5346,14.458891,17.36995,14.711394,12.202392,17.410791,19.17362,21.983812,25.895773,28.145065,30.84481,32.51897,30.919403,27.30638,24.371758,21.403767,16.70421,15.931924,11.410618,11.536549,8.335758,7.1087265,6.0993705,9.563244,8.447704,6.7431626,8.278538,6.453778,10.22996,8.643733,14.368437,16.165926,19.107128,22.811714,24.451412,27.886269,30.816391,30.39428,27.880367,26.050488,22.557009,19.439802,19.008684,14.146107,16.50036,10.841105,14.239769,18.155104,15.86814,13.147376,16.920763,12.128304,16.018795,16.26741,18.360243
11,34.815746,31.62241,28.330513,26.017384,22.95103,20.759766,18.082518,13.397083,12.260449,8.1384945,5.522446,0.0,5.4931936,8.278828,10.163784,11.324752,14.881418,15.44574,19.80548,22.176981,25.946722,28.057934,32.256516,33.293472,36.927402,35.608402,33.490837,30.286041,26.10285,27.565456,21.195536,23.020214,17.785334,18.429531,18.448812,17.583788,22.251324,22.525814,22.342104,22.921352,22.776657,24.91429,21.242725,24.106863,29.70804,28.460287,33.56159,32.336166,36.392605,36.616535,35.085896,29.37524,32.90723,29.137794,26.08124,26.065403,21.555428,19.358334,21.53382,17.99334,15.748472,19.88847,21.835629,23.784826,28.197224,29.389923,32.011265,33.9142,31.620308,27.927725,24.651726,21.342037,17.384197,15.08915,11.032623,9.021095,4.7915626,3.8673434,2.5096037,7.2263975,9.766014,9.885898,12.242514,11.297626,15.192153,13.582354,18.399075,19.906452,22.348713,26.12647,27.017294,30.598564,33.11843,32.334553,30.111338,27.504206,24.479834,21.105309,19.664822,15.968493,17.062109,11.815585,13.769109,16.552916,13.798506,11.818912,16.279879,12.911988,16.224266,17.749807,19.091536
12,34.759857,32.10476,28.482712,26.136976,23.641565,20.426195,19.171436,13.474779,12.976071,8.164819,5.812147,5.4931936,0.0,3.8185313,6.68535,8.942959,12.744853,14.4319515,18.614584,21.970688,24.970236,28.255968,31.70272,33.380173,36.633728,35.192966,33.883427,30.074724,26.25846,26.519966,20.728035,21.045977,14.847409,14.962303,14.368591,12.758445,17.354118,18.013737,18.321058,19.771002,19.729122,22.781904,19.535398,23.645311,28.83807,28.415136,33.324074,32.976986,37.14398,37.903233,36.099792,30.573843,33.280727,29.475157,25.838371,25.542116,21.744514,19.428236,22.203434,19.881681,17.774014,23.020336,24.913994,27.524418,31.536947,33.518417,36.146435,37.776863,35.7468,31.89141,28.896938,25.42459,21.150202,19.367249,15.299629,13.910428,9.984518,9.04074,4.9750457,8.825272,9.848047,8.162356,11.562068,11.468412,15.241243,13.970582,20.045761,21.371956,24.520578,28.12967,29.701162,33.224075,35.955013,35.693726,33.363373,31.313953,28.039154,24.874523,24.069195,19.623505,21.369509,15.711395,17.917614,20.85995,18.871576,16.800312,21.239565,17.076084,20.591053,21.267603,22.636826
13,32.906418,30.4019,26.95858,24.241919,22.098299,18.68742,17.873951,12.418247,11.602595,8.378357,5.5449743,8.278828,3.8185313,0.0,5.5608625,6.318716,10.438378,12.029389,16.145151,19.722893,22.424849,26.097677,29.079998,31.180136,34.094307,32.431194,31.427893,27.356411,23.73496,23.47474,17.955132,17.760866,11.145524,11.736396,10.653115,9.52175,14.141349,14.399428,14.789854,16.321657,15.956026,19.245462,16.126953,20.70927,25.688486,25.648907,30.432663,30.513287,34.74399,35.7446,33.754322,28.407118,30.60791,26.860104,22.966667,22.62299,19.255327,17.143486,20.469318,18.947031,16.76385,22.50119,24.170197,27.263523,30.840649,33.509884,36.108276,37.51374,35.86942,32.031487,29.298826,25.972307,21.370857,20.388634,16.211744,15.812617,12.304525,11.356034,8.005151,11.307994,10.279802,7.177875,10.142737,9.829811,13.12572,11.880777,18.413986,19.679583,23.16993,26.609224,28.66725,32.062077,34.991974,35.05409,32.60894,31.078205,27.60141,24.679811,24.507704,19.533209,21.982756,16.25926,19.172274,22.681517,20.842772,18.394344,22.37922,17.523659,21.186804,21.103619,22.746727
14,29.278137,27.186226,23.148928,21.255405,19.312895,15.183069,15.699915,9.216076,10.606103,5.5892043,8.698149,10.163784,6.68535,5.5608625,0.0,5.021655,7.0049424,10.192572,13.456549,17.537783,19.709312,23.804615,26.846,28.568825,31.798868,30.792316,30.30659,26.268126,22.99893,22.396181,17.66709,16.602806,11.961577,9.599376,10.9438715,9.211678,13.602062,14.832595,13.700341,14.736461,16.699669,19.20274,17.042688,21.320147,25.601904,25.608032,30.087418,30.386683,34.201725,35.670483,34.300797,29.011847,31.69967,28.680662,24.59242,25.051794,21.756613,20.60617,24.547451,22.80355,20.010857,25.106192,25.967527,28.898077,31.833614,34.86282,36.859493,37.628204,35.458958,31.199387,28.79385,24.867798,20.724138,19.396252,16.082521,15.578174,12.934658,13.662863,10.968797,15.385681,15.479862,12.632297,15.202429,13.768009,16.716595,13.5564,19.71968,19.592379,23.26242,26.38415,28.258223,31.742537,34.248783,34.870953,32.878643,31.333046,28.335838,25.758307,25.96811,21.460745,24.49162,19.136906,22.644266,26.198,23.355352,20.765738,23.659706,18.623915,21.423975,21.04892,21.627073
15,26.627693,24.207558,20.82203,18.014095,16.122608,12.509791,12.379097,7.153068,6.9493637,6.299916,7.514268,11.324752,8.942959,6.318716,5.021655,0.0,4.4810534,5.8747616,9.845872,13.577269,16.163584,19.968477,22.939287,24.954367,27.941202,26.531677,25.801012,21.70456,18.304737,17.881887,12.771597,12.339894,7.91442,7.340206,8.669355,9.13006,13.307271,13.211951,11.667581,11.6509495,12.835789,14.745389,12.244258,16.310848,20.775766,20.703434,25.280775,25.5638,29.513628,30.945541,29.400227,24.17855,26.686802,23.724178,19.611645,20.25873,17.039324,16.382978,20.760218,19.436138,16.45496,21.605906,22.147663,25.46498,27.974028,31.597008,33.595474,34.241425,32.608418,28.542929,26.366348,22.89175,18.326033,18.172523,14.647491,15.533697,13.450214,13.900216,12.310204,16.395773,14.927543,11.673972,13.006452,10.6256,12.808358,9.082859,15.28201,15.179121,19.048578,22.07438,24.363796,27.697966,30.469637,31.217646,29.046303,28.007189,24.78398,22.46714,23.328514,18.411245,22.13755,17.009478,21.293198,25.478601,22.684677,19.689156,21.91303,16.28426,19.236479,18.056828,19.222622
16,22.787018,20.821924,17.072067,14.747292,13.40206,8.932313,10.786173,5.710529,7.7239413,7.8304825,11.688863,14.881418,12.744853,10.438378,7.0049424,4.4810534,0.0,4.4770064,6.525918,10.975597,12.717164,17.17259,19.887785,21.782482,24.851995,23.93987,23.869005,19.738321,16.917656,15.859451,12.0713,10.406457,8.994924,5.6396794,9.4732895,10.097219,13.315023,13.610285,10.6016445,9.551512,12.993576,13.837175,12.642777,16.209349,19.631926,19.792902,23.873997,24.57788,28.090101,30.051153,29.002693,24.081009,26.699594,24.533768,20.328993,21.655485,18.899462,19.162724,23.914505,22.77767,19.543898,24.10502,23.90094,27.168262,28.860966,33.006054,34.468964,34.472614,32.664383,28.375984,26.686428,22.96509,18.83725,18.906807,16.277826,17.465137,16.212816,17.458975,16.201479,20.597824,19.394848,16.130981,17.256315,14.520656,16.08402,11.46583,16.661106,15.2079735,19.187088,21.660475,23.989708,27.22034,29.671116,31.065023,29.26758,28.530134,25.708212,23.896399,25.305614,20.770748,24.978434,20.322014,24.96533,29.230051,25.950546,22.864513,24.124773,18.428728,20.591887,18.847229,19.20937
17,21.293137,18.659422,15.803714,12.399611,10.710555,7.645549,7.623315,5.377682,4.9491215,9.199623,11.460505,15.44574,14.4319515,12.029389,10.192572,5.8747616,4.4770064,0.0,4.6367908,7.713928,10.745126,14.106181,17.27366,19.151028,22.207928,20.90631,20.11963,16.15229,12.856326,12.770699,7.9608088,8.383723,8.373473,7.985573,10.8839,12.895766,15.957913,15.160692,12.259775,10.00011,12.073386,11.632854,9.840595,12.253387,16.163645,15.753808,20.14238,20.390423,24.060259,25.77497,24.663595,19.641804,22.518799,20.43387,16.436785,18.142538,15.173378,16.06413,20.916449,19.80867,16.422125,20.530798,19.940197,23.35766,24.695698,29.187454,30.620693,30.574762,29.175962,25.113638,23.580912,20.352417,15.977861,17.075686,14.460786,16.714163,16.05243,17.147556,16.909765,20.99022,19.086298,16.056044,16.161871,12.669413,13.44515,8.159691,12.4876995,10.826111,14.885037,17.334839,19.886787,23.0335,25.695286,27.053326,25.119736,24.70329,21.76508,20.203123,22.108397,17.523796,22.17468,18.042011,23.135904,27.728224,24.427814,21.145468,21.665396,15.774362,17.848965,15.480583,16.35564
18,17.173437,15.097778,12.204865,8.896995,8.48908,4.779619,7.8797927,7.732879,8.822421,12.782164,16.06999,19.80548,18.614584,16.145151,13.456549,9.845872,6.525918,4.6367908,0.0,4.9187665,6.360891,10.856185,13.392281,15.396735,18.35047,17.501194,17.659044,13.591524,11.341607,10.137314,7.977935,6.5724964,10.523012,8.63739,12.63128,14.841038,16.837967,16.142525,12.244452,8.752381,12.658582,10.77643,10.867958,12.385067,14.551715,14.59415,18.134369,19.080273,22.16585,24.57218,23.968973,19.571394,22.231041,21.168451,17.221926,19.553562,17.446796,19.184414,24.217752,23.546923,20.16255,23.697115,22.41758,25.777794,26.116972,31.201052,32.084785,31.335453,29.98984,25.883747,24.999517,21.805273,18.03479,19.53071,17.789574,20.243631,20.104414,21.567577,21.359152,25.56579,23.662443,20.493694,20.496159,17.021751,17.23107,12.033287,14.934423,12.002533,15.868759,17.382982,20.097797,22.90281,25.23105,27.37387,25.835665,25.973654,23.480093,22.577705,25.05991,20.896894,25.838837,22.190306,27.439463,32.07854,28.561094,25.253805,25.013336,19.258543,20.602886,17.66995,17.845879
19,14.521096,11.561556,10.133134,5.455812,5.101148,5.326209,6.1772594,10.056241,10.033455,15.672654,18.450056,22.176981,21.970688,19.722893,17.537783,13.577269,10.975597,7.713928,4.9187665,0.0,4.97005,6.395035,10.130158,11.503822,14.793548,13.946484,13.224858,9.792154,7.3993654,8.138116,6.636385,8.29063,13.742691,13.322687,16.746534,19.413235,21.365538,20.172735,16.44263,12.454321,15.199307,11.74487,11.8595495,10.704923,12.350604,11.305164,14.687399,14.928863,17.71105,20.056887,19.951454,15.744256,19.088614,18.828476,15.58259,18.661024,16.588202,19.21869,24.020395,23.241724,19.812176,22.136093,20.046219,23.199451,22.597105,28.117067,28.559704,27.351408,26.314114,22.448986,22.109695,19.501448,16.159811,18.684273,17.67434,20.913992,21.609041,23.208635,23.918259,27.938257,25.853514,23.085781,22.398148,18.460173,17.987125,12.664492,13.165859,9.112126,12.387046,13.1478405,15.902607,18.431688,20.645773,23.138918,21.812696,22.44993,20.309116,20.098438,23.225195,19.674953,24.887407,22.230293,27.703314,32.445885,28.735857,25.393932,23.973595,18.540674,19.132992,15.521991,15.60496
20,12.002069,10.62155,9.160261,5.6076603,7.9838624,6.9359474,10.715089,13.324895,14.26532,18.870596,22.15596,25.946722,24.970236,22.424849,19.709312,16.163584,12.717164,10.745126,6.360891,4.97005,0.0,6.4759994,7.351784,9.728678,12.233175,11.926505,13.355003,9.607134,9.494604,7.2492948,9.629327,7.9699626,15.15357,13.555488,17.377888,20.007147,20.944733,19.9421,15.697429,11.332696,15.4158325,11.551844,13.484417,12.903673,12.330283,12.691755,14.581005,16.318554,18.360956,21.59583,21.718437,18.505985,20.7617,21.230885,17.852304,20.927427,19.892586,22.664043,27.652096,27.496983,24.219229,26.819149,24.68729,27.912836,26.856827,32.661118,32.859985,31.241816,30.316975,26.51194,26.548773,23.902992,20.917671,23.226696,22.357515,25.305727,25.789377,27.414446,27.577824,31.707613,29.514906,26.361444,25.88547,22.27881,21.677013,16.762127,17.681885,13.777242,16.834038,16.897215,19.769964,21.806427,23.702972,26.79149,25.73675,26.801065,24.88416,24.926868,28.167618,24.578325,29.801018,26.963696,32.40286,37.158604,33.52247,30.178925,28.91789,23.460627,24.027294,20.418718,20.168974
21,10.07681,6.75602,8.427559,4.1355305,6.4066324,9.677825,10.445858,15.796095,15.858664,21.607796,24.512455,28.057934,28.255968,26.097677,23.804615,19.968477,17.17259,14.106181,10.856185,6.395035,6.4759994,0.0,5.7494993,5.3971896,9.175901,9.286172,8.6203785,7.098399,7.274026,8.871781,10.876946,12.682072,19.493456,19.11889,22.558308,25.411978,26.841928,25.49689,21.583632,17.203596,19.906721,15.30102,16.40274,13.252702,12.448508,10.879748,12.240579,12.322033,13.517365,16.490011,17.643845,14.847931,18.30916,19.771852,17.60886,21.312399,20.01743,23.442537,27.909857,27.33109,24.064112,25.076147,22.080242,24.740482,22.55678,28.58212,28.129671,25.901741,25.261065,21.861525,22.628908,20.799583,18.660725,21.874142,21.92972,25.511988,26.909246,28.726393,29.917048,33.87078,31.730244,29.140905,28.084337,24.031805,23.013573,18.054249,16.544199,11.886763,13.486094,12.33617,14.760516,16.26086,17.72558,21.273008,20.683146,22.255638,21.033901,21.939331,25.70686,23.143526,28.37693,26.767265,32.259605,36.971428,33.08716,29.821232,27.228233,22.467682,22.057192,18.017166,17.493227
22,10.107691,9.259494,11.439646,8.48229,11.699822,13.392844,15.550097,19.936396,20.095499,25.634739,28.243841,32.256516,31.70272,29.079998,26.846,22.939287,19.887785,17.27366,13.392281,10.130158,7.351784,5.7494993,0.0,4.8591213,5.093955,4.993857,8.151053,6.216242,9.355958,7.811296,13.126805,12.905778,20.764158,20.319103,23.481665,26.61396,27.070137,25.505,21.557257,17.047297,19.799833,14.7045355,17.27504,14.381567,11.065346,11.258678,10.4354,12.775762,13.16183,17.192001,18.150635,16.797651,18.35308,20.622328,18.446562,22.050753,22.07722,25.729263,30.318027,30.68038,27.698744,29.153194,26.266703,29.244236,26.712523,33.10247,32.670437,30.284323,30.221712,27.169405,28.12634,26.51313,24.242096,27.47195,27.179981,30.693356,31.677336,33.21462,33.90783,37.75777,35.10311,32.127617,30.98377,27.267761,25.818983,21.498049,20.372034,16.27357,18.00897,16.458029,19.357754,20.175117,21.650995,25.509375,24.88692,27.098757,25.758812,26.810852,30.736036,27.796782,33.092896,31.252018,36.745358,41.582798,38.039158,34.712833,32.491703,27.51651,27.485094,23.367653,23.176966
23,6.861693,5.3080907,9.309236,7.747191,10.855062,13.860389,15.511677,20.660599,21.159618,26.555317,29.838726,33.293472,33.380173,31.180136,28.568825,24.954367,21.782482,19.151028,15.396735,11.503822,9.728678,5.3971896,4.8591213,0.0,4.9420133,7.455937,8.707021,9.10248,11.415265,11.929676,15.785637,16.612381,24.089504,23.255249,26.85941,29.683435,30.574818,29.318836,25.203459,20.726517,23.837505,18.903418,20.841347,17.468697,14.981051,13.964599,13.260239,13.989157,13.381824,17.023016,19.095684,17.799414,20.588127,23.125528,21.45559,25.264614,24.636782,28.31211,32.694916,32.375454,29.215889,29.838436,26.537848,28.909027,25.913416,32.050343,31.008753,28.086746,27.633984,24.604555,26.051624,24.542072,23.160646,26.371416,26.919506,30.44425,32.047394,34.019577,35.189346,39.223076,37.093937,34.424217,33.360443,29.35954,28.184095,23.39329,21.573793,16.95574,17.920359,15.914534,17.868748,18.485863,19.117474,23.356539,23.393616,25.47386,24.883335,26.308475,30.251764,28.1329,33.308365,32.020504,37.49363,42.17088,38.195656,34.976627,31.9875,27.535416,26.716957,22.67537,21.708084
24,9.916615,10.013861,13.791572,12.083049,15.307376,17.764484,19.609085,24.520016,24.693686,30.325197,33.033398,36.927402,36.633728,34.094307,31.798868,27.941202,24.851995,22.207928,18.35047,14.793548,12.233175,9.175901,5.093955,4.9420133,0.0,4.419365,8.328379,9.186634,13.013898,12.319227,17.730793,17.900642,25.774454,25.364136,28.517826,31.66347,31.95461,30.36595,26.438097,21.955162,24.549484,19.296316,21.948965,18.375998,14.310922,14.198738,11.729246,13.788665,12.347087,16.634928,18.559727,18.582598,19.903484,23.177473,21.81807,25.541178,25.904924,29.823624,34.13081,34.54038,31.667547,32.39873,29.110312,31.705153,28.333912,34.78822,33.7939,30.80988,31.056013,28.472483,30.047737,28.930832,27.342129,30.808334,31.032679,34.681778,36.025276,37.69007,38.65826,42.49231,39.848587,36.99625,35.683388,31.895267,30.253458,26.058615,24.109636,19.934395,20.8428,18.482588,20.877703,20.884443,21.672039,26.006386,25.921806,28.628784,27.896574,29.51679,33.667355,31.314522,36.531223,35.259216,40.726368,45.516747,41.879192,38.61511,35.791534,31.232056,30.70332,26.506433,26.029028
25,13.566624,12.710159,15.964416,12.894115,15.651325,17.950983,19.122385,23.996675,23.438015,29.554497,31.295078,35.608402,35.192966,32.431194,30.792316,26.531677,23.93987,20.90631,17.501194,13.946484,11.926505,9.286172,4.993857,7.455937,4.419365,0.0,5.8337636,5.9298987,10.373494,9.457865,15.217566,15.765105,23.420603,23.997456,26.493942,30.015358,30.274092,28.213255,24.695942,20.265833,21.764738,16.319862,18.929296,14.971073,10.305892,10.5199,7.4682565,10.464783,9.764778,14.2138405,15.251021,15.459256,15.88794,19.21727,17.960825,21.603289,22.470055,26.502884,30.684904,31.582405,28.970749,29.893698,26.79421,29.72961,26.508177,33.16381,32.621067,30.082191,30.86725,28.479961,29.751272,28.900393,26.730247,30.48197,30.150162,33.972187,35.0025,36.239933,37.153522,40.652565,37.517494,34.659344,33.02625,29.408619,27.36453,23.768291,21.645693,18.029282,19.046309,16.784422,19.841475,19.809597,21.335049,25.276482,24.636889,27.608366,26.356352,27.87027,32.093094,29.343925,34.554893,33.235332,38.636505,43.507015,40.28642,36.996265,34.510014,29.794004,29.738869,25.440666,25.727821
26,15.552672,12.916774,16.546604,12.75182,14.275354,17.818789,17.036982,22.855396,21.48733,28.234241,29.337559,33.490837,33.883427,31.427893,30.30659,25.801012,23.869005,20.11963,17.659044,13.224858,13.355003,8.6203785,8.151053,8.707021,8.328379,5.8337636,0.0,4.9779024,7.7722025,10.361799,13.721645,16.673964,23.376118,24.87208,27.104164,30.71422,31.760088,29.502047,26.289145,21.927181,22.494547,17.150694,18.36976,13.088723,10.139327,7.892181,6.0948305,5.618218,5.1543727,9.045311,10.526321,10.406838,12.404269,15.849797,15.473432,19.377813,19.544964,23.754976,27.452242,27.88023,25.346247,25.2939,21.850079,24.474537,20.860683,27.535625,26.924511,24.44668,25.60136,23.60157,24.955797,24.761326,22.775414,26.995405,26.859745,30.988733,32.37992,33.535522,35.10099,38.33122,35.24371,32.878242,30.875639,27.033207,24.833273,21.362144,17.837349,14.335227,14.350243,11.537358,14.508916,14.156017,15.957247,19.675043,18.92856,22.150824,21.023262,22.884367,27.26471,25.046463,30.08902,29.512686,34.790318,39.55566,36.35993,33.184505,30.143314,25.926588,25.560099,21.20676,21.828602
27,15.497326,13.111657,15.296009,10.8004,12.4313345,14.732663,14.6753,19.587095,18.277369,24.83149,25.832424,30.286041,30.074724,27.356411,26.268126,21.70456,19.738321,16.15229,13.591524,9.792154,9.607134,7.098399,6.216242,9.10248,9.186634,5.9298987,4.9779024,0.0,4.5556717,5.3874745,9.629368,11.777632,18.69403,20.179213,22.28757,25.956417,26.83915,24.554167,21.35725,17.023407,17.633736,12.267991,13.848288,9.333451,6.201219,5.1484413,5.2920876,7.2274575,9.290563,12.754312,12.635648,10.967421,12.264605,14.467532,12.715113,16.501698,16.748531,20.741669,24.98042,25.697857,23.052103,24.238352,21.397497,24.651823,22.139193,28.733992,28.785978,26.946674,27.673004,25.089598,25.759031,24.839174,22.018023,25.853046,25.02052,28.927488,29.757965,30.729809,31.753149,35.043148,31.792774,29.085238,27.296309,23.621504,21.525888,18.005144,15.803728,12.464566,13.891455,12.303489,15.972732,16.636286,19.030933,22.259747,20.959728,23.558279,21.666769,22.75337,26.852003,23.70305,28.927603,27.440874,32.814564,37.709625,34.667873,31.366758,29.221853,24.332142,24.701313,20.431555,21.35886
28,17.20057,13.92375,15.162587,10.107961,10.3209715,12.6897955,11.183221,16.204111,14.251946,21.146187,21.70712,26.10285,26.25846,23.73496,22.99893,18.304737,16.917656,12.856326,11.341607,7.3993654,9.494604,7.274026,9.355958,11.415265,13.013898,10.373494,7.7722025,4.5556717,0.0,5.9606705,6.028751,10.412682,16.052322,18.100132,20.026867,23.606844,25.190035,22.9268,19.98403,15.916179,16.015629,11.259295,11.31783,6.482172,7.043409,4.2284894,8.086411,7.7492824,11.261829,13.41589,12.716822,9.042585,11.878189,12.593607,10.392683,14.186322,13.243999,17.070393,21.355589,21.544794,18.715235,20.019184,17.358,20.773977,18.99618,25.354647,25.82685,24.547392,25.00168,22.192444,22.336624,21.281055,17.999363,21.839314,20.707405,24.674105,25.466852,26.341148,27.581814,30.781654,27.643057,25.156729,23.320503,19.46381,17.520365,13.741409,11.351445,7.98705,9.906944,9.268295,13.192961,14.646608,17.55112,20.083675,18.349524,20.375572,18.031952,18.683193,22.614582,19.233475,24.486897,22.895445,28.284817,33.175114,30.122908,26.818762,24.83433,19.841892,20.4507,16.250086,17.610258
29,16.94444,15.126349,15.559252,10.974257,12.5074835,12.760851,13.853415,17.063429,15.993845,21.924446,22.831863,27.565456,26.519966,23.47474,22.396181,17.881887,15.859451,12.770699,10.137314,8.138116,7.2492948,8.871781,7.811296,11.929676,12.319227,9.457865,10.361799,5.3874745,5.9606705,0.0,6.932436,6.6460433,13.985474,15.318707,17.250275,20.972946,21.556923,19.262096,16.051514,11.761152,12.583758,7.244634,9.688566,7.4817615,5.136539,6.8142414,8.67002,11.552009,14.434868,17.600204,16.543535,13.95985,14.441118,15.087856,11.825163,14.98346,15.330364,18.734264,23.505976,24.550428,21.86773,24.47669,22.432661,26.167454,24.809423,31.101889,31.750471,30.49504,30.80194,27.746056,27.762085,26.12807,22.583834,25.787071,24.200592,27.683105,27.8023,28.54204,28.82186,32.159794,28.77358,25.634218,24.209946,20.877964,19.04161,15.607042,15.459153,12.719991,15.511119,15.225845,19.09195,20.508003,23.21166,25.991745,24.306498,26.251535,23.753565,24.020302,27.644514,23.608643,28.839073,26.321281,31.662416,36.606674,33.785393,30.41477,29.356113,23.878614,25.050957,21.100763,22.251633
30,20.303394,17.293955,16.695,11.761273,11.061853,11.097104,9.6896105,12.408094,9.954773,16.525398,16.405447,21.195536,20.728035,17.955132,17.66709,12.771597,12.0713,7.9608088,7.977935,6.636385,9.629327,10.876946,13.126805,15.785637,17.730793,15.217566,13.721645,9.629368,6.028751,6.932436,0.0,6.5699177,10.211741,12.960823,14.362006,17.935001,19.900772,17.633045,15.086905,11.616095,11.100887,7.7102494,6.1801567,4.6135345,8.762909,7.941462,12.638614,12.98007,17.037405,18.752218,17.13168,12.557818,14.678131,13.197081,9.374075,12.111289,10.2992525,13.14983,18.057829,18.25545,15.286669,18.398952,16.933535,20.852732,20.811806,26.458258,27.76754,27.40042,27.354221,24.109045,23.291689,21.483738,17.22344,20.226826,17.971493,21.46077,21.373682,21.848742,22.436481,25.600912,22.308933,19.495872,17.957115,14.276584,12.717499,8.741262,9.243635,7.358336,11.085389,12.488988,16.199518,18.520836,21.720266,23.41109,21.183905,22.196024,19.074514,18.514498,21.644363,17.132793,22.290232,19.438063,24.771606,29.708431,26.94925,23.582104,23.002312,17.348577,19.118477,15.533913,17.434814
31,19.906214,18.29926,16.734692,12.683533,13.306104,11.003279,12.992628,13.372551,12.761629,17.300743,18.241941,23.020214,21.045977,17.760866,16.602806,12.339894,10.406457,8.383723,6.5724964,8.29063,7.9699626,12.682072,12.905778,16.612381,17.900642,15.765105,16.673964,11.777632,10.412682,6.6460433,6.5699177,0.0,8.040865,8.782088,10.749785,14.344818,15.090575,13.0648365,9.678956,5.5375504,7.473854,4.368358,6.4134703,9.029015,10.106715,11.87714,14.965931,17.296665,20.733612,23.418413,21.900131,18.242641,18.938313,17.82925,13.486334,15.440838,14.978545,17.044085,22.206387,23.062387,20.288172,24.382755,23.335493,27.286205,27.356915,32.97371,34.216488,33.63727,33.286133,29.718023,28.944996,26.492344,22.32603,24.506075,22.12103,24.858429,24.12935,24.66085,24.043264,27.496334,24.297813,20.741175,20.058327,17.181341,16.201195,12.717016,15.447783,13.61377,17.463058,18.57682,22.203108,24.437016,27.309214,29.489498,27.511246,28.491018,25.511873,24.79334,27.614182,22.840864,27.814837,24.121813,29.247055,34.07654,31.420834,28.079357,28.320597,22.421486,24.416407,21.158716,22.398472
32,27.06447,25.031021,22.68416,18.875227,18.140408,15.064677,15.555679,13.089169,11.564246,14.138558,12.681363,17.785334,14.847409,11.145524,11.961577,7.91442,8.994924,8.373473,10.523012,13.742691,15.15357,19.493456,20.764158,24.089504,25.774454,23.420603,23.376118,18.69403,16.052322,13.985474,10.211741,8.040865,0.0,6.431982,4.56232,8.481947,10.594757,8.205854,7.385857,7.2952514,5.0550256,8.340262,6.1682596,12.091022,15.775637,17.041979,21.11884,22.599655,26.760406,28.548,26.226452,21.792843,22.393354,19.410828,14.8499775,14.953538,13.586605,13.449247,18.329311,19.183605,16.884838,22.509024,22.931812,26.995092,28.744083,33.329388,35.489563,36.00146,35.48344,31.913984,30.197498,27.558447,22.731686,23.972446,20.367767,22.222517,20.209702,19.733528,18.13108,20.93971,17.360462,13.472934,13.298465,11.575959,11.475023,9.80199,15.275506,15.675669,19.696196,22.0783,25.422037,28.139223,31.405727,32.522713,30.001768,30.125511,26.50264,24.721216,26.436674,20.943758,25.074293,20.315048,24.68735,29.225588,27.391428,24.2894,26.33665,20.483559,23.690115,21.521845,23.548988
33,24.613335,23.335993,19.940134,17.347101,17.007998,12.497336,15.21046,11.262877,12.239682,12.672702,14.533478,18.429531,14.962303,11.736396,9.599376,7.340206,5.6396794,7.985573,8.63739,13.322687,13.555488,19.11889,20.319103,23.255249,25.364136,23.997456,24.87208,20.179213,18.100132,15.318707,12.960823,8.782088,6.431982,0.0,5.0959663,6.4804897,8.318117,8.375636,4.9765935,5.2438655,9.123438,11.311568,11.184673,16.182888,18.728262,20.1115,23.68411,25.482582,29.074322,31.43505,29.892765,25.498037,26.769163,24.571325,20.007385,20.827217,19.274355,19.448792,24.354095,24.438107,21.679792,26.91765,26.935118,30.653389,32.166225,36.738472,38.40727,38.424164,37.153038,33.071125,31.519724,28.115868,23.77699,24.254107,21.283575,22.520544,20.706656,21.190796,19.131681,22.882856,20.734632,16.869059,17.89875,16.029879,16.935759,13.705442,19.192408,18.212128,22.376099,24.547077,27.509142,30.425955,33.15861,34.777958,32.75977,32.58254,29.463634,27.767567,29.40658,24.37287,28.597246,23.699047,28.148907,32.47561,29.899235,26.830458,28.621792,22.770126,25.367811,23.339314,24.205648
34,28.998018,27.502699,24.540947,21.401688,20.882505,16.920725,18.48734,14.668617,14.302307,14.754933,14.044894,18.448812,14.368591,10.653115,10.9438715,8.669355,9.4732895,10.8839,12.63128,16.746534,17.377888,22.558308,23.481665,26.85941,28.517826,26.493942,27.104164,22.28757,20.026867,17.250275,14.362006,10.749785,4.56232,5.0959663,0.0,4.3097787,6.1349893,4.6090055,4.698877,7.3378134,6.9921184,11.389906,10.432936,16.457067,19.475845,21.174332,24.90399,26.789486,30.777477,32.823307,30.601198,26.273066,26.712584,23.80555,19.221674,19.06359,17.95414,17.315853,21.874405,22.694038,20.5521,26.444653,27.120441,31.070406,33.06394,37.43647,39.61474,40.138596,39.30333,35.514515,33.68636,30.647522,25.925762,26.50653,22.877867,24.012419,21.533525,21.069725,18.519356,21.361376,18.332163,14.237451,15.140202,14.337706,15.0110235,13.627168,19.574907,19.814667,23.90721,26.323753,29.534475,32.360867,35.48211,36.686707,34.269066,34.16296,30.61576,28.652971,30.0313,24.56803,28.381046,23.214659,27.169556,31.390142,29.660627,26.734331,29.372225,23.61269,26.87549,25.07283,26.721905
35,31.042458,29.735785,26.183628,23.678673,22.969027,18.485954,20.38496,15.351317,15.825825,14.181625,14.200778,17.583788,12.758445,9.52175,9.211678,9.13006,10.097219,12.895766,14.841038,19.413235,20.007147,25.411978,26.61396,29.683435,31.66347,30.015358,30.71422,25.956417,23.606844,20.972946,17.935001,14.344818,8.481947,6.4804897,4.3097787,0.0,4.6705103,6.0986867,6.776146,10.274829,11.2426405,15.542454,14.576985,20.458683,23.58554,25.12284,28.913946,30.65776,34.58182,36.62298,34.5716,30.035748,30.849216,27.844929,23.304352,23.07179,21.559217,20.4493,24.69605,24.996883,22.861177,28.853031,29.794426,33.511,35.916134,39.866463,42.081287,42.723183,41.45046,37.452847,35.407337,31.985092,27.412157,27.23589,23.613564,23.968369,21.113586,20.737299,17.464056,20.404016,18.313923,14.364398,16.312284,16.044043,17.594542,16.143486,22.522861,22.730915,26.817535,29.454681,32.35338,35.394985,38.352875,39.446358,37.12875,36.584282,33.136513,30.90078,31.81151,26.499847,29.91811,24.43923,27.959236,31.795998,30.038603,27.335129,30.493067,24.962889,28.237217,26.954035,28.25167
