,0,1,2,3,4,5,6,7,8,9,10,11,12,13,14,15,16,17,18,19,20,21,22,23,24,25,26,27,28,29,30,31,32,33,34,35,36,37,38,39,40,41,42,43,44,45,46,47,48,49,50,51,52,53,54,55,56,57,58,59,60,61,62,63,64,65,66,67,68,69,70,71,72,73,74,75,76,77,78,79,80,81,82,83,84,85,86,87,88,89,90,91,92,93,94,95,96,97,98,99,100,101,102,103,104,105,106,107
0,0.0,4.74702,6.6766367,9.354948,12.464881,13.693339,17.494347,20.495903,22.98016,26.181091,31.222973,33.616318,34.192574,32.64865,28.401762,26.484598,22.403557,21.853333,17.42074,15.850656,13.43317,11.907562,12.268392,9.182404,12.593721,16.20002,19.035336,18.709557,21.06196,19.75748,24.05712,22.548063,29.846992,27.390778,31.525078,33.697273,33.878513,33.422092,28.91478,24.9697,29.742052,25.701551,28.32335,26.501083,24.030008,23.91961,23.512705,22.496721,25.044468,28.602612,31.191456,30.290691,33.326767,35.997917,33.615406,33.846317,34.57388,36.46759,41.61565,39.726067,36.25561,37.96978,35.054558,36.75142,34.143597,37.029854,33.2635,34.873238,32.690144,31.272787,30.813002,30.102741,27.968887,32.010834,31.27603,35.535103,36.708614,38.233944,40.69385,42.581036,40.594467,37.164032,35.898663,32.204002,31.10226,27.131298,24.188583,20.407295,18.784264,18.872051,17.426258,21.238876,22.809038,23.908361,26.598864,29.644432,30.1514,35.07798,34.598015,39.02533,41.433628,41.85623,39.04734,39.79811,33.835262,34.46202,30.2956,30.109114
1,4.74702,0.0,5.2533736,6.2876287,8.824622,11.650085,14.009225,18.246822,20.001032,24.140375,28.672989,31.118345,32.131557,30.669321,26.883402,24.454042,20.771713,19.480991,15.365124,12.809341,11.718425,8.351607,10.57832,6.7854466,11.3710785,14.421274,15.9832535,15.887753,17.65184,17.475143,20.940607,20.598993,27.68314,25.801075,29.892206,32.226864,32.98046,32.290596,27.890783,23.821478,28.041346,23.834808,25.864393,23.522802,21.700418,20.88509,21.05623,19.134928,22.189062,25.405388,28.149502,26.876085,30.594553,32.844658,30.971664,31.340614,31.490267,33.537674,38.663006,36.34103,32.867397,34.166748,31.175907,32.57531,30.008434,32.54446,28.778059,30.202515,28.03211,26.5341,26.111025,25.5087,23.528917,27.715555,27.250654,31.523458,32.99704,34.531067,37.2913,39.259907,37.26087,33.96012,32.34095,28.720102,27.27545,23.612545,20.026073,16.359041,14.327048,14.390024,12.931465,16.861614,18.204828,19.234278,22.210821,25.283373,26.056314,30.956005,30.845076,35.216637,37.504375,37.69686,34.863567,35.315742,29.453775,29.874994,25.678175,25.460268
2,6.6766367,5.2533736,0.0,5.0590014,6.97302,7.8335857,11.470122,14.155764,16.815924,19.80578,25.137938,27.159245,28.127047,26.924694,22.6765,20.935474,17.050158,16.667847,12.832294,11.62154,10.732033,9.575126,12.591953,10.478197,15.050352,17.47486,19.003984,17.635372,18.61016,17.758034,20.397518,19.145548,25.58806,22.690554,27.228891,29.005037,29.835161,29.696594,25.133677,21.305876,26.454285,23.007639,24.875769,23.729074,22.708633,22.26563,23.210932,21.645704,25.29357,28.585505,30.8168,28.703276,32.51375,34.086594,31.85135,31.684923,31.651123,33.108658,38.23214,35.949993,32.42899,34.484596,32.016674,33.548935,31.925184,33.843254,30.938156,31.52337,30.086515,27.871641,26.953592,25.382368,22.6298,26.361609,25.200085,29.41102,30.326166,31.931095,34.214924,36.24359,34.585865,31.347866,30.284918,26.775684,25.61642,22.194502,19.213112,16.395208,15.021652,16.390816,15.906869,19.816763,20.123829,20.06237,23.644526,25.603027,26.36164,30.583445,30.163551,34.101383,36.21731,36.784973,33.808655,35.11604,28.832134,29.665262,25.815907,25.425331
3,9.354948,6.2876287,5.0590014,0.0,3.7525916,5.957847,8.581663,12.609315,14.097138,18.600813,22.588835,25.431395,26.13006,24.505833,20.985243,18.245838,14.714322,13.195465,9.206502,6.8828716,6.68242,4.8506203,8.891388,7.8716416,12.33373,13.768937,14.69455,12.856086,13.566379,12.997155,15.523716,14.9146,21.604834,19.665302,23.807814,26.095648,27.129936,26.458714,22.09852,18.070557,22.382484,18.589201,20.272373,18.72789,17.893456,17.282476,18.560778,16.979883,20.903452,24.175718,26.122599,23.75138,27.624706,29.039103,26.87794,26.775988,26.659323,28.261164,33.39367,31.114096,27.599691,29.585464,27.08687,28.808212,27.274454,29.503296,26.900217,27.702585,26.80856,24.920036,24.491726,23.10531,20.097092,24.255322,22.991085,27.237652,28.26598,29.396528,32.00739,33.618687,31.38402,27.941238,26.552168,22.86173,21.781347,17.855967,15.143599,11.694257,10.800279,12.320234,12.699861,16.2199,16.295845,16.404085,19.18053,21.18496,21.633486,26.126694,25.554636,29.785053,32.147106,32.716377,29.915474,31.164013,25.001686,26.183987,22.18355,22.474808
4,12.464881,8.824622,6.97302,3.7525916,0.0,5.3260427,5.2006183,10.3763895,11.302717,16.281359,20.159298,22.676714,23.962849,22.675682,19.455942,16.648745,13.667648,11.827199,8.941146,6.3102093,8.561542,6.242139,11.603768,10.675779,15.149679,16.01354,15.720158,13.814571,13.294843,13.837336,14.596516,15.0009,20.736383,18.88857,23.144756,25.206932,26.856714,26.294067,22.078428,18.241098,22.314846,18.909737,19.755367,18.306726,18.64996,17.466835,19.600742,17.295067,21.725576,24.528772,26.422546,23.41402,27.944792,28.6208,26.899492,26.707335,25.865206,27.314255,32.35353,29.60969,26.099543,27.945127,25.645918,27.010298,25.988266,27.399582,25.195982,25.293888,24.69271,22.303324,21.570026,19.756104,16.525446,20.565676,19.275558,23.530146,24.641443,25.91559,28.617321,30.449705,28.481682,25.274557,23.773815,20.273361,18.850643,15.619895,12.24019,9.800812,8.731598,11.157959,12.052771,15.414481,14.593379,13.830743,17.46896,18.796816,19.658611,23.65551,23.43474,27.297155,29.37071,29.840874,26.89054,28.218107,21.918886,22.997486,19.183485,19.213463
5,13.693339,11.650085,7.8335857,5.957847,5.3260427,0.0,6.2146297,7.062091,9.680358,12.929661,17.541037,20.15005,20.608017,19.177057,15.241061,13.114152,9.379031,9.045697,5.983938,6.7382483,7.5354176,9.358066,13.006482,13.486043,17.413836,18.103806,18.811035,15.747366,15.268017,13.950743,14.795501,13.017347,18.342506,15.149746,19.83705,21.428965,22.725458,22.689684,18.230255,14.621941,19.930088,17.392656,18.61263,18.835747,19.266666,19.133135,21.335617,20.274033,24.608788,27.78025,29.016743,25.698977,29.532578,29.991156,27.475832,26.67948,26.269268,27.029902,32.03255,29.853542,26.371662,29.327444,27.61232,29.495409,29.228909,30.69378,29.304407,29.13255,29.274271,26.724823,25.869667,23.42001,19.45625,22.93037,20.645067,24.677889,24.892017,25.877071,27.884375,29.37038,27.398594,23.982126,23.347712,19.830158,19.295029,15.705598,14.362263,12.469473,12.845518,15.68471,17.08387,20.197977,19.136019,17.97973,21.047588,21.463446,21.760393,25.175318,24.115725,27.700457,29.862238,30.96047,28.086803,30.476936,23.977377,25.818508,22.424751,22.7078
6,17.494347,14.009225,11.470122,8.581663,5.2006183,6.2146297,0.0,6.8274045,6.40805,12.170805,15.392566,17.802425,19.462536,18.462475,15.840011,12.894043,10.949219,8.818945,8.187825,6.744819,10.780109,9.958527,15.201401,15.271493,19.29717,19.284876,18.1221,15.525813,13.513364,14.540929,12.873617,13.914891,17.867395,16.048094,20.301647,21.978817,24.352602,23.97514,20.085419,16.735668,20.481106,18.003948,17.777414,17.218939,19.162664,17.820389,21.01053,18.637903,23.487206,25.851954,27.177963,23.210072,28.089529,27.652256,26.144005,25.557209,23.960756,24.866697,29.691593,26.635235,23.19369,25.40325,23.742182,24.9625,25.137577,25.565979,24.570541,23.628347,24.129631,21.171232,20.166386,17.441984,13.295911,16.896267,14.840546,18.990658,19.743132,20.846773,23.462955,25.255123,23.42471,20.374046,19.023508,15.740848,14.305697,11.860884,8.879448,8.632094,8.784163,12.41684,14.45182,17.002365,14.868078,12.708268,16.628117,16.315485,17.288307,20.212952,19.967379,23.2092,25.00167,25.688438,22.636986,24.70015,18.157265,19.727684,16.485376,16.608337
7,20.495903,18.246822,14.155764,12.609315,10.3763895,7.062091,6.8274045,0.0,4.73154,5.998156,11.257552,13.148921,14.120101,13.442818,9.692606,8.40924,6.3327923,7.271515,8.412758,10.577508,13.074942,15.105813,19.144657,20.055353,23.831577,23.815516,23.556087,20.054436,18.11897,17.411278,15.468472,14.146803,16.296438,12.36585,17.25235,17.747486,20.109818,20.753632,16.812677,14.332447,19.424788,18.561695,18.376661,20.043146,22.297903,21.991833,25.251656,24.00955,28.736816,31.381489,32.068466,27.747835,31.92521,31.037754,28.790396,27.451437,26.135538,26.014244,30.576153,28.106092,24.839582,28.344744,27.555851,29.176926,30.359089,30.514395,30.50396,29.045067,30.294922,27.040857,25.721706,22.211462,17.493965,19.807936,16.461758,19.967201,19.272322,20.119268,21.498062,23.006939,21.6082,18.567768,18.697649,15.812406,15.620464,13.582055,13.446225,14.132129,15.320326,19.017403,21.18656,23.698187,21.431374,18.923243,22.3712,20.909586,21.355755,23.07246,21.9338,24.318115,25.91101,27.407879,24.456116,27.94592,21.3933,23.718935,21.33553,21.463758
8,22.98016,20.001032,16.815924,14.097138,11.302717,9.680358,6.40805,4.73154,0.0,7.297392,8.98575,11.826555,13.199048,12.337641,10.567516,7.5909157,7.637028,6.1230464,8.989318,10.115867,13.933534,15.193418,19.518084,20.719736,24.18123,23.464314,22.21477,18.734827,15.8772,16.255304,12.593702,13.038474,14.064223,11.817215,15.949086,16.879679,19.968647,20.006683,16.657288,14.324174,17.812595,17.017292,15.7892885,17.196085,20.489874,19.667072,23.531435,21.915855,26.788687,28.956495,29.383959,24.611628,29.145905,27.600136,25.87138,24.581264,22.57236,22.44135,26.860312,23.960016,20.743706,24.022148,23.451565,24.894896,26.601786,26.332685,26.95568,25.160873,27.08264,23.893843,22.828194,19.307138,14.348188,16.732916,13.213865,16.65885,16.176125,16.537739,18.506111,19.746248,17.84181,14.715635,14.269695,11.3017645,10.893495,9.302275,9.561904,11.440845,13.227323,17.119938,19.910486,21.724411,18.869503,15.951159,18.971327,16.736193,17.185635,18.427593,17.436436,19.69407,21.274363,22.70207,19.775642,23.354301,16.861965,19.534727,17.395718,18.00013
9,26.181091,24.140375,19.80578,18.600813,16.281359,12.929661,12.170805,5.998156,7.297392,0.0,7.716273,7.883822,9.090823,9.706308,6.286944,7.6653585,8.187959,10.426565,13.272165,16.019466,18.505747,20.962881,24.815447,26.010845,29.641775,29.353241,28.887268,25.135813,22.706686,21.961514,18.886341,17.420868,16.901846,12.400823,16.825518,15.911247,18.887411,20.359097,17.194054,16.09081,20.817558,21.431335,20.506758,23.361126,26.441563,26.29409,29.932306,28.881168,33.647694,36.05003,36.30316,31.504383,35.57065,33.863327,31.658936,29.877262,28.17333,27.239418,31.220821,28.841331,25.942575,29.960573,29.98722,31.485476,33.697014,33.035645,34.0386,31.782274,33.790173,30.185972,28.589125,24.466166,19.538843,20.552986,16.428123,18.93672,17.02453,17.578373,17.781939,19.12167,18.517681,16.070461,17.411709,15.53684,16.009905,15.4988575,16.671234,18.664461,20.238518,24.107246,26.547506,28.728222,25.959904,22.864536,26.227652,23.59614,23.982195,24.240915,22.895714,24.02697,25.041403,27.00075,24.183565,28.657791,22.45734,25.13389,23.73392,23.762794
10,31.222973,28.672989,25.137938,22.588835,20.159298,17.541037,15.392566,11.257552,8.98575,7.716273,0.0,5.6760597,5.0737233,4.9441285,7.308092,6.4353824,10.379959,10.794701,15.327273,17.81218,20.90506,23.463234,26.898592,28.951475,31.848385,30.532219,29.2827,25.247162,21.977488,21.681887,16.80173,16.408436,12.659022,10.399994,12.86303,11.843147,16.053467,16.91391,15.243678,15.236918,17.45083,19.282051,16.95649,20.655647,24.97846,24.812056,29.006292,28.271639,32.881767,34.76111,34.18182,28.832628,32.60088,29.793627,27.898308,25.779167,23.452106,21.767294,25.047039,22.736433,20.309551,24.802338,25.778294,27.392536,30.79807,29.777807,32.193,29.622673,32.95029,29.741255,28.714415,24.744398,19.720615,20.40578,15.930484,17.472435,15.038419,13.805743,13.93965,13.577295,11.617434,8.739096,10.952947,9.835343,11.6862545,12.116427,15.719935,18.606022,21.197195,24.99013,28.22217,29.411358,26.133913,22.884314,24.76535,20.90455,20.645056,19.492952,17.51677,17.700155,18.6863,21.258955,18.992044,24.392056,18.990168,22.634928,22.046642,23.097458
11,33.616318,31.118345,27.159245,25.431395,22.676714,20.15005,17.802425,13.148921,11.826555,7.883822,5.6760597,0.0,5.5294824,8.491016,9.652849,11.088167,14.146995,15.327139,19.394484,21.711678,24.914618,26.988956,30.994186,32.43807,35.83741,34.93979,33.611385,29.871899,26.599249,26.652798,21.891333,21.657928,18.307035,15.406371,18.084444,16.256279,20.288185,21.816883,20.158108,20.255533,23.048529,24.81659,22.57947,25.93214,30.237083,29.78198,34.00778,32.76521,37.55076,39.306026,39.054924,33.67132,37.852318,34.92246,33.35154,31.325733,28.712044,27.042526,30.0341,27.401218,25.162275,29.15745,30.185732,31.234268,34.75166,32.86986,35.281013,32.024433,35.13848,31.359694,29.714083,25.226385,20.424225,19.927597,15.342114,16.096035,12.823222,12.3516655,11.115215,11.904954,12.414362,11.38425,13.896911,13.905617,14.852947,16.73262,18.926874,22.428446,24.377724,28.282082,31.175797,32.605164,29.145445,25.448364,28.363237,24.30854,24.70748,22.962872,21.77283,21.048702,21.078491,23.38251,20.928469,26.326672,21.129124,24.119938,24.1249,24.286787
12,34.192574,32.131557,28.127047,26.13006,23.962849,20.608017,19.462536,14.120101,13.199048,9.090823,5.0737233,5.5294824,0.0,3.8159971,6.7493234,8.943838,12.581088,14.424239,18.66261,21.834173,24.276188,27.505466,30.6075,32.785385,35.6756,34.51386,33.74011,29.497257,26.516096,25.52816,21.183548,19.67558,15.273233,11.925023,13.917424,11.310371,15.223851,17.148134,16.020185,17.03333,19.702442,22.398268,20.429138,24.864422,28.904482,29.198769,33.198166,32.896076,37.4059,39.463753,38.715374,33.420082,36.750195,33.92388,31.66798,29.252022,27.303028,25.135223,27.970222,26.26641,24.163025,29.06152,30.36029,32.097855,35.70328,34.657333,37.246387,34.577953,37.95305,34.625046,33.41748,29.243662,24.258806,24.446426,19.856203,20.863937,17.734125,16.481483,15.211391,14.420999,13.441493,11.485545,14.783763,14.385747,16.528603,16.99506,20.747843,23.419058,25.972984,29.789165,32.909687,34.295223,31.1096,27.863684,29.812927,25.929724,25.55051,24.096876,21.870586,21.483452,22.163958,25.033709,23.035177,28.769997,23.700579,27.308023,26.979961,27.833107
13,32.64865,30.669321,26.924694,24.505833,22.675682,19.177057,18.462475,13.442818,12.337641,9.706308,4.9441285,8.491016,3.8159971,0.0,5.558905,6.3754606,10.3808155,12.002186,16.29845,19.69907,21.819046,25.504465,28.076767,30.677883,33.191425,31.80066,31.232712,26.784042,23.966051,22.517546,18.4129,16.392288,11.668608,8.351346,10.114655,7.7799044,11.853591,13.462012,12.329166,13.506761,15.947061,18.860142,17.044495,21.862574,25.711271,26.344675,30.197613,30.365429,34.68591,36.89024,35.9214,30.749332,33.66024,31.035955,28.429895,25.911852,24.363417,22.161173,25.190502,23.895475,21.692186,26.959646,28.181389,30.340544,33.762417,33.383408,35.872025,33.725357,37.132595,34.185776,33.345627,29.51626,24.466759,25.337736,20.87095,22.333776,19.669065,18.16831,17.624199,16.427763,14.180608,11.240077,14.206474,13.084384,15.712215,15.005534,19.534311,21.577051,24.477657,28.149044,31.405626,32.68823,29.722284,26.854773,28.136948,24.547678,23.71373,22.789352,20.023754,20.324472,21.64694,24.63168,22.787222,28.392212,23.254223,27.156166,26.417984,27.752983
14,28.401762,26.883402,22.6765,20.985243,19.455942,15.241061,15.840011,9.692606,10.567516,6.286944,7.308092,9.652849,6.7493234,5.558905,0.0,5.0642705,6.8076696,10.172565,13.475597,17.374735,18.87145,22.85556,25.460325,27.69482,30.568758,29.818192,29.91701,25.532467,23.346123,21.35471,18.590855,15.530345,13.493893,8.004452,11.964816,10.246285,12.886445,14.900935,12.164445,12.301668,17.040262,18.930943,18.260204,22.533611,25.440792,26.207005,29.643887,29.75546,34.16052,36.814137,36.374386,31.59802,34.6485,32.897102,29.962698,27.68698,26.675886,25.099586,28.800022,27.428738,24.771505,29.770311,30.261433,32.458763,35.009613,35.065315,36.56928,34.773888,37.335888,34.23066,33.138157,29.297743,24.234676,25.52893,21.225637,23.421938,21.122925,20.61105,20.342384,20.263494,18.650167,15.65652,17.860039,15.926056,17.746168,16.155523,19.42862,20.714432,23.128881,26.829243,29.632706,31.554562,28.99151,26.33349,28.38886,25.661839,25.147808,25.34081,22.90287,24.092564,25.59226,28.18483,25.89627,30.94126,25.104824,28.535778,27.135574,27.989601
15,26.484598,24.454042,20.935474,18.245838,16.648745,13.114152,12.894043,8.40924,7.5909157,7.6653585,6.4353824,11.088167,8.943838,6.3754606,5.0642705,0.0,4.4469066,5.762841,9.933755,13.451497,15.491248,19.222929,21.79814,24.320797,26.911024,25.727844,25.416845,20.99371,18.53619,16.856756,13.565455,11.117375,9.369661,5.033791,9.3692665,9.51253,12.550003,13.171091,10.14068,9.284036,13.229505,14.532475,13.526466,17.521225,20.707241,21.291372,24.911451,24.972498,29.365492,31.898478,31.367239,26.540018,29.683376,27.930511,25.125692,23.001066,21.860321,20.601892,24.64426,23.06869,20.197596,25.072348,25.35614,27.699574,30.098684,30.513563,31.980217,30.530447,33.209446,30.478062,29.802197,26.372663,21.341719,23.296915,19.253143,21.827,20.19125,19.393679,20.147194,19.881514,17.203896,13.509893,14.779012,12.074457,13.945066,11.387492,15.210545,16.21689,19.022114,22.613073,25.70019,27.280169,24.717535,22.29535,23.70871,21.115414,20.342655,21.005678,18.42479,20.33174,22.321285,24.755655,22.511795,27.203938,21.342562,24.964125,23.244987,24.614807
16,22.403557,20.771713,17.050158,14.714322,13.667648,9.379031,10.949219,6.3327923,7.637028,8.187959,10.379959,14.146995,12.581088,10.3808155,6.8076696,4.4469066,0.0,4.5182767,6.7146273,10.911978,12.066693,16.305737,18.654871,21.007301,23.765244,23.091997,23.490068,19.130322,17.46221,15.101484,13.560803,10.006753,11.434567,6.462667,11.550223,12.279399,14.046329,14.634572,10.536215,8.348167,14.0551,14.145276,14.428125,17.65441,19.690481,20.487623,23.555952,23.723963,28.046085,31.004505,30.892054,26.581173,29.64681,28.787004,25.681337,23.838894,23.330479,22.670473,27.1421,25.669933,22.54172,27.08575,26.713179,29.154177,30.665987,31.69174,32.241287,31.335617,33.248665,30.60815,29.900963,26.719915,21.853888,24.364187,20.703386,23.84748,22.677057,22.480238,23.510912,23.789034,21.3384,17.6497,18.388742,15.237912,16.44617,12.996176,15.533965,15.353784,17.718203,21.141653,23.801065,25.895292,23.873484,21.913742,23.677067,22.103128,21.475998,23.24212,20.899406,23.562729,25.754593,27.863722,25.42624,29.494114,23.295229,26.49013,24.128948,25.244705
17,21.853333,19.480991,16.667847,13.195465,11.827199,9.045697,8.818945,7.271515,6.1230464,10.426565,10.794701,15.327139,14.424239,12.002186,10.172565,5.762841,4.5182767,0.0,4.739057,7.751279,10.19589,13.575939,16.242186,18.73821,21.298727,20.124859,19.780367,15.459079,13.249107,11.704994,9.219382,7.234968,9.63454,7.38521,11.550218,13.515552,15.694867,15.160785,11.4083,8.459429,12.39661,11.443223,11.178696,13.540393,16.071732,16.3707,19.81375,19.618847,24.069004,26.795017,26.676395,22.216389,25.644257,24.68212,21.94444,20.38054,19.505568,19.31071,24.03081,22.158607,18.855871,22.987402,22.351252,24.780365,26.151043,27.34845,27.873323,27.18514,29.21925,26.884354,26.543621,23.753386,19.02328,22.043528,18.752031,22.091587,21.535852,21.154266,22.970823,23.183601,20.14591,16.235985,16.000025,12.362539,13.24459,8.956007,11.5927725,11.157894,13.947306,17.317446,20.330994,22.012379,19.869003,18.058151,19.282093,17.81912,17.073307,19.310417,17.093185,20.349619,22.824408,24.646128,22.245073,25.838478,19.704096,22.942417,20.332422,21.884087
18,17.42074,15.365124,12.832294,9.206502,8.941146,5.983938,8.187825,8.412758,8.989318,13.272165,15.327273,19.394484,18.66261,16.29845,13.475597,9.933755,6.7146273,4.739057,0.0,4.6912785,5.6275387,9.852708,12.041065,14.508499,17.1363,16.48386,17.038225,12.853381,11.919057,9.468556,9.951271,7.06674,12.768989,10.525468,14.621095,16.95498,18.142925,17.440987,13.174332,9.301155,13.994316,11.517794,12.820344,13.854723,14.645357,15.1894,17.76235,17.75729,21.985985,25.211061,25.578688,21.905697,25.10204,25.270037,22.275026,21.146873,21.061043,21.56833,26.566853,24.904089,21.480371,25.08873,23.719524,26.24219,26.490961,28.52156,27.960438,28.071655,29.203728,27.186325,26.970272,24.700672,20.403301,24.014944,21.31456,25.073708,25.011662,25.071901,27.124802,27.678673,24.744757,20.858606,20.256634,16.44995,16.781595,11.991181,12.9524765,10.658062,12.751372,15.594344,18.036217,20.239704,18.9417,17.977367,19.269321,19.223269,18.572008,21.999744,20.067263,23.985376,26.644396,28.121187,25.66145,28.476585,22.283806,24.990837,21.72205,23.085459
19,15.850656,12.809341,11.62154,6.8828716,6.3102093,6.7382483,6.744819,10.577508,10.115867,16.019466,17.81218,21.711678,21.834173,19.69907,17.374735,13.451497,10.911978,7.751279,4.6912785,0.0,5.0018587,5.8585677,9.448263,11.24029,14.155858,13.452489,13.114784,9.5757675,8.55016,8.030426,8.793411,8.922206,15.1825075,14.448578,18.000961,20.74077,22.214375,21.021782,17.092443,13.130758,16.280485,12.637239,13.604726,12.469505,13.019131,12.451184,15.054884,13.936017,18.420755,21.46414,22.40691,18.97449,22.884737,23.382519,21.10045,20.643696,20.182556,21.509855,26.62283,24.401972,20.887184,23.406479,21.36539,23.534147,23.002264,25.227335,23.933105,24.445047,25.03747,23.298668,23.33745,21.670296,17.91749,22.09738,20.189777,24.188143,24.912146,25.213055,27.924686,28.800991,25.838522,22.119839,20.622625,16.741844,16.177696,11.446254,10.422894,6.8533564,8.391717,10.955299,13.37897,15.57358,14.49772,14.031113,15.376683,16.298103,16.023813,20.297821,19.11273,23.48317,26.1457,27.035631,24.504572,26.33581,20.260824,22.403255,18.654593,20.027216
20,13.43317,11.718425,10.732033,6.68242,8.561542,7.5354176,10.780109,13.074942,13.933534,18.505747,20.90506,24.914618,24.276188,21.819046,18.87145,15.491248,12.066693,10.19589,5.6275387,5.0018587,0.0,6.315953,6.659863,9.520445,11.739888,11.58009,13.364977,9.683144,10.7656555,7.60725,11.594691,9.127641,16.630856,15.288437,18.736023,21.576004,22.01522,20.849455,16.647936,12.482883,16.428093,12.474725,14.9986725,14.289013,12.870015,13.6175585,14.803048,15.150877,18.77387,22.499605,23.372925,20.842516,23.574785,25.075182,21.985567,21.4974,22.238016,23.561962,28.692368,27.270077,23.842749,26.713364,24.577305,27.189053,26.140003,29.239288,27.532526,28.730427,28.942135,27.595345,27.768303,26.361477,22.776573,26.959703,25.00192,29.01005,29.51856,29.783564,32.20117,32.886856,29.796604,25.879068,24.780897,20.838083,20.771519,15.60974,15.370618,11.312834,12.482267,14.065234,15.7112055,18.178835,18.099869,18.417366,19.157196,20.733843,20.034521,24.611689,22.951431,27.533216,30.440083,31.530287,29.163488,31.045807,25.116339,27.30609,23.455132,24.845284
21,11.907562,8.351607,9.575126,4.8506203,6.242139,9.358066,9.958527,15.105813,15.193418,20.962881,23.463234,26.988956,27.505466,25.504465,22.85556,19.222929,16.305737,13.575939,9.852708,5.8585677,6.315953,0.0,5.9278455,5.705954,9.3649025,9.792951,9.905993,8.326324,9.387893,9.764988,12.776041,13.515598,20.539188,20.063772,23.45866,26.383184,27.479061,26.116846,22.151,18.020218,20.879244,16.386852,17.967766,15.2053385,13.976835,12.891568,14.021459,12.149313,16.082403,19.336555,21.308641,19.1801,23.081594,24.779964,22.905071,23.208496,23.143286,25.247164,30.355713,28.077385,24.624878,26.067186,23.212975,25.044147,23.011065,25.933134,23.11749,24.624521,23.827457,22.671011,22.953781,22.283976,19.606035,24.196667,23.277088,27.455519,28.837803,29.561932,32.60627,33.854412,31.046505,27.486137,25.55178,21.746637,20.596897,16.211655,13.489454,8.869309,8.117062,8.710407,9.572047,12.49498,12.9804325,14.000154,15.425986,18.21169,18.341082,23.488491,22.97102,27.673052,30.316448,30.664635,28.133184,28.819586,23.105104,24.326902,20.068947,21.061277
22,12.268392,10.57832,12.591953,8.891388,11.603768,13.006482,15.201401,19.144657,19.518084,24.815447,26.898592,30.994186,30.6075,28.076767,25.460325,21.79814,18.654871,16.242186,12.041065,9.448263,6.659863,5.9278455,0.0,4.890785,5.1604495,5.432553,8.766651,7.0554094,10.53803,8.530465,14.30908,13.57676,21.3751,21.290691,24.01756,27.346863,27.53493,25.792656,22.011662,17.909428,20.294275,15.331523,18.149012,15.367621,11.925823,12.265592,11.484536,11.86102,14.327543,18.38129,19.969496,19.012268,21.291601,24.199635,21.538477,21.990225,23.253164,25.518581,30.55656,29.199589,25.915583,27.616875,24.66892,27.157515,24.617348,28.820448,25.888487,28.361155,27.612675,27.259909,28.043938,27.789694,25.182886,29.825027,28.74739,32.838913,34.01622,34.361004,37.27657,38.029377,34.707222,30.838188,29.08338,25.13119,24.610224,19.432335,18.135366,13.023842,13.126339,12.738883,13.300565,15.48548,16.939669,18.812565,18.529743,21.813608,21.110516,26.653627,25.470215,30.578787,33.657066,34.2222,32.053066,32.761005,27.44132,29.013044,24.737713,26.265457
23,9.182404,6.7854466,10.478197,7.8716416,10.675779,13.486043,15.271493,20.055353,20.719736,26.010845,28.951475,32.43807,32.785385,30.677883,27.69482,24.320797,21.007301,18.73821,14.508499,11.24029,9.520445,5.705954,4.890785,0.0,4.934838,7.6547246,9.859636,10.156657,13.077453,12.760721,17.457344,17.565514,25.154238,24.645973,27.868404,30.93349,31.435884,29.976883,25.985418,21.81724,24.654337,19.783827,22.134333,18.919926,16.041533,15.389077,14.698186,13.427507,15.888767,19.481785,22.015642,21.369349,24.413643,27.316267,25.348331,26.070032,26.773758,29.238855,34.28596,32.383522,29.04395,30.10124,26.850529,28.70408,25.632725,29.3674,25.579828,28.021013,26.274603,25.790844,26.316465,26.366886,24.37104,29.031088,28.531971,32.742725,34.31401,35.176857,38.253864,39.55948,36.714413,33.10362,31.13324,27.302294,26.167042,21.661425,18.889135,14.050596,12.74537,11.783335,10.924515,13.90265,15.941294,18.049719,18.941338,22.744417,22.789366,28.359993,27.894815,32.836254,35.599163,35.78762,33.369255,33.52486,28.158106,28.993788,24.575665,25.419233
24,12.593721,11.3710785,15.050352,12.33373,15.149679,17.413836,19.29717,23.831577,24.18123,29.641775,31.848385,35.83741,35.6756,33.191425,30.568758,26.911024,23.765244,21.298727,17.1363,14.155858,11.739888,9.3649025,5.1604495,4.934838,0.0,4.2291737,8.504969,9.553897,13.627257,12.7044735,18.475851,18.437008,26.158375,26.409447,28.942831,32.393105,32.453693,30.5513,26.923521,22.881994,24.773378,19.598307,22.40864,18.772118,14.593079,14.51709,12.330708,12.404595,13.38763,17.352383,19.681866,20.139364,22.021767,25.844378,23.671036,24.720484,26.197983,28.941235,33.80716,32.45514,29.321526,30.208944,26.802383,29.011246,25.431637,30.165863,26.27682,29.55369,27.918898,28.227287,29.309114,29.827955,27.97307,32.75396,32.267723,36.380936,37.95567,38.460884,41.618473,42.521137,39.20688,35.4278,33.362118,29.47424,28.645521,23.695152,21.69563,16.475203,15.7528715,14.120077,13.450377,15.365272,17.995085,20.77947,20.154613,24.412987,23.887436,29.787313,29.01505,34.268116,37.33609,37.542347,35.459675,35.390797,30.505304,31.536648,27.102644,28.493587
25,16.20002,14.421274,17.47486,13.768937,16.01354,18.103806,19.284876,23.815516,23.464314,29.353241,30.532219,34.93979,34.51386,31.80066,29.818192,25.727844,23.091997,20.124859,16.48386,13.452489,11.58009,9.792951,5.432553,7.6547246,4.2291737,0.0,5.600577,6.303252,10.73432,9.936388,15.739372,16.276724,23.66793,24.83496,26.763884,30.50965,30.6508,28.343706,25.126854,21.23506,22.021393,16.688526,19.334473,15.267189,10.725514,10.729273,8.123574,9.063423,9.8559885,14.095582,15.865555,16.279182,17.835789,21.731594,19.523453,20.716778,22.341051,25.230698,29.975729,28.80707,25.80543,26.62955,23.258509,25.758379,22.303543,27.477024,24.086596,27.56624,26.61641,27.250689,28.711496,29.295414,27.29506,32.102165,31.486921,35.430515,36.956112,37.05875,40.30207,40.817802,37.123158,33.289265,31.08503,27.230541,26.622583,21.463556,20.16831,14.854585,14.886544,13.216856,13.532678,14.5071,16.811764,19.682968,17.846045,22.014591,21.0076,26.979671,25.971256,31.35994,34.607983,34.860912,33.049675,32.98662,28.447191,29.814428,25.494287,27.465303
26,19.035336,15.9832535,19.003984,14.69455,15.720158,18.811035,18.1221,23.556087,22.21477,28.887268,29.2827,33.611385,33.74011,31.232712,29.91701,25.416845,23.490068,19.780367,17.038225,13.114784,13.364977,9.905993,8.766651,9.859636,8.504969,5.600577,0.0,4.9415736,7.7690854,10.204669,13.770291,16.620028,23.088379,25.115421,26.853224,30.660389,31.559572,29.067884,26.14761,22.351788,22.209536,16.94245,18.309532,13.042271,10.066393,7.854727,6.641897,3.9897232,6.3017364,9.834102,12.209009,12.058548,15.253343,18.431293,17.479729,19.097984,19.574165,22.877651,27.487917,25.572107,22.634888,22.45939,18.743748,20.756895,16.959066,22.037832,18.492596,22.128164,21.291273,22.25632,24.090973,25.106571,23.55528,28.382189,28.227612,31.972435,33.894863,33.92855,37.534893,38.104706,34.414326,30.859694,28.106054,24.48502,23.395576,18.83779,16.813438,11.775944,11.579396,9.159745,10.047576,9.785034,11.994887,15.2781,12.633199,17.317715,16.552958,22.680578,22.330727,27.67494,30.755428,30.57855,28.852936,28.12195,24.052324,25.09625,20.806316,23.021126
27,18.709557,15.887753,17.635372,12.856086,13.814571,15.747366,15.525813,20.054436,18.734827,25.135813,25.247162,29.871899,29.497257,26.784042,25.532467,20.99371,19.130322,15.459079,12.853381,9.5757675,9.683144,8.326324,7.0554094,10.156657,9.553897,6.303252,4.9415736,0.0,4.5193563,5.2710547,9.631778,11.705134,18.388597,20.319147,22.002733,25.822313,26.623549,24.16546,21.20775,17.43652,17.435837,12.171835,13.835277,9.351385,6.41489,5.305254,5.79431,5.79502,9.229304,12.896569,13.785222,12.033409,14.915979,17.322397,15.2536545,16.113253,16.84008,19.610193,24.509312,22.914228,19.773296,20.881994,17.791195,20.478514,18.083776,22.722168,20.48426,23.2032,23.439848,23.665354,25.130575,25.230341,22.735754,27.413458,26.47423,30.212875,31.591017,31.353062,34.633358,34.902195,31.036999,27.23933,24.906475,21.097448,20.586067,15.375213,14.702855,9.552302,10.797145,10.0792465,12.213583,12.598793,13.377948,15.462465,13.079683,16.375088,15.058684,20.880037,19.703934,25.075289,28.346186,28.725096,26.964106,27.30382,22.694603,24.561264,20.462147,22.91719
28,21.06196,17.65184,18.61016,13.566379,13.294843,15.268017,13.513364,18.11897,15.8772,22.706686,21.977488,26.599249,26.516096,23.966051,23.346123,18.53619,17.46221,13.249107,11.919057,8.55016,10.7656555,9.387893,10.53803,13.077453,13.627257,10.73432,7.7690854,4.5193563,0.0,5.909014,6.112946,10.52352,15.896169,18.393644,19.963112,23.67348,25.181856,22.74267,20.043373,16.526508,15.9649,11.268324,11.427132,6.5760984,7.1024947,4.3867483,8.099559,6.439192,11.033537,13.570639,14.010022,10.473091,14.752668,15.518142,14.072632,14.637887,14.050095,16.678417,21.625385,19.363815,16.08047,17.19329,14.332975,16.9024,15.503266,19.29677,17.991804,19.891966,21.007723,20.835655,22.246737,21.994219,19.23003,23.74753,22.680555,26.223764,27.593628,27.16093,30.551563,30.744652,26.85051,23.184021,20.604738,16.887846,16.228065,11.227072,10.731587,6.0891194,8.45473,8.7427435,12.058462,11.937886,11.255114,12.432456,9.82021,12.149179,10.758462,16.447771,15.394206,20.698738,23.886486,24.247179,22.450647,22.994629,18.305489,20.46434,16.57339,19.350592
29,19.75748,17.475143,17.758034,12.997155,13.837336,13.950743,14.540929,17.411278,16.255304,21.961514,21.681887,26.652798,25.52816,22.517546,21.35471,16.856756,15.101484,11.704994,9.468556,8.030426,7.60725,9.764988,8.530465,12.760721,12.7044735,9.936388,10.204669,5.2710547,5.909014,0.0,6.934256,6.6268883,13.733105,15.465442,16.999453,20.84673,21.405663,18.980076,15.973141,12.257486,12.507314,7.307556,9.72486,7.4672747,5.3898196,6.8647265,8.57595,10.371677,13.630076,17.154562,16.92714,14.1552725,16.219498,17.697367,14.413324,14.166521,15.326295,17.167114,22.232025,21.207964,17.98162,20.651627,18.479378,21.728971,20.769608,24.841776,23.84111,25.704674,26.861254,26.471493,27.561058,26.789406,23.431915,27.7546,25.955477,29.568478,30.254183,29.682377,32.477535,32.342945,28.300287,24.241734,22.569231,18.645863,18.992159,13.186632,14.522442,10.110699,12.659577,13.470941,16.161274,16.936783,16.732433,17.64845,15.704828,17.337328,15.507078,20.500982,18.325575,23.485312,26.905375,27.953938,26.230852,27.77058,22.78236,25.468292,21.77352,24.3488
30,24.05712,20.940607,20.397518,15.523716,14.596516,14.795501,12.873617,15.468472,12.593702,18.886341,16.80173,21.891333,21.183548,18.4129,18.590855,13.565455,13.560803,9.219382,9.951271,8.793411,11.594691,12.776041,14.30908,17.457344,18.475851,15.739372,13.770291,9.631778,6.112946,6.934256,0.0,6.7280393,10.013351,13.152565,14.287128,17.925556,19.867825,17.474588,15.152012,12.221367,11.07145,7.740706,6.2595506,4.628618,8.7264805,8.0313635,12.3363905,12.17776,16.34134,18.529345,17.818705,13.089849,16.696,15.684783,13.497351,12.696256,11.50321,12.784168,17.890577,15.786336,12.312492,15.405298,14.016235,17.05064,17.882492,20.458195,21.044233,21.58721,24.065712,23.134695,24.09405,22.75691,19.002254,22.840288,20.724514,23.891293,24.43824,23.420298,26.340942,25.95828,21.743677,17.814423,15.779346,11.929683,12.380949,6.57857,9.660512,7.452059,11.26743,13.258616,16.965658,17.058409,15.170605,14.652558,12.6815605,12.100613,10.029578,14.0552845,11.690221,16.66967,20.012972,21.190828,19.476545,21.614162,16.617538,19.928297,16.880337,19.873468
31,22.548063,20.598993,19.145548,14.9146,15.0009,13.017347,13.914891,14.146803,13.038474,17.420868,16.408436,21.657928,19.67558,16.392288,15.530345,11.117375,10.006753,7.234968,7.06674,8.922206,9.127641,13.515598,13.57676,17.565514,18.437008,16.276724,16.620028,11.705134,10.52352,6.6268883,6.7280393,0.0,7.9073606,8.919219,10.588315,14.269476,14.997062,12.8977995,9.63606,6.033909,7.4920945,4.5278554,6.5162587,9.063328,10.131158,11.953136,14.633655,16.312258,19.853342,22.970158,22.113127,18.288078,20.18833,20.092274,16.32115,14.713151,15.450239,15.671801,20.605106,19.927753,16.744587,21.099323,20.187428,23.56021,24.293283,27.183695,27.527082,28.172047,30.27249,29.070255,29.62135,27.807533,23.59008,27.204533,24.416954,27.690054,27.470322,26.529348,28.615143,28.049921,24.00673,19.77678,19.11727,15.303746,16.720108,10.971869,14.626966,12.140407,15.459854,17.644587,20.75241,21.799463,20.534222,20.080547,19.018225,18.655771,16.701777,20.076075,17.01785,21.34977,24.645203,26.474186,24.739836,27.740881,22.413515,25.874277,22.88696,25.363585
32,29.846992,27.68314,25.58806,21.604834,20.736383,18.342506,17.867395,16.296438,14.064223,16.901846,12.659022,18.307035,15.273233,11.668608,13.493893,9.369661,11.434567,9.63454,12.768989,15.1825075,16.630856,20.539188,21.3751,25.154238,26.158375,23.66793,23.088379,18.388597,15.896169,13.733105,10.013351,7.9073606,0.0,6.378858,4.6064625,8.436846,10.612596,8.24842,7.4688377,7.4981365,5.0070834,8.109432,5.867546,11.769249,15.350611,16.769903,20.259941,21.735487,25.245497,27.528395,25.790031,21.029514,22.702112,20.586193,17.182156,14.530624,14.108194,12.281128,16.272951,16.014883,13.462805,19.24628,20.006302,23.343079,26.015907,27.6916,29.863419,29.412933,32.885128,31.376375,31.811152,29.395527,24.823172,27.396877,23.920797,26.21441,25.11796,23.20002,24.590143,22.913296,18.36829,14.161022,14.547186,11.64181,14.613996,10.406048,16.53147,16.414747,20.186123,22.87478,26.490976,26.954397,24.72558,23.286781,21.963026,19.54522,17.236385,18.20192,14.185297,17.029324,20.158112,22.826775,21.636591,25.972914,21.358952,25.634983,23.866083,26.635279
33,27.390778,25.801075,22.690554,19.665302,18.88857,15.149746,16.048094,12.36585,11.817215,12.400823,10.399994,15.406371,11.925023,8.351346,8.004452,5.033791,6.462667,7.38521,10.525468,14.448578,15.288437,20.063772,21.290691,24.645973,26.409447,24.83496,25.115421,20.319147,18.393644,15.465442,13.152565,8.919219,6.378858,0.0,5.1191435,6.4339194,8.366185,8.419848,5.144794,5.1659617,9.086219,11.407613,11.117823,16.200882,18.763906,20.28504,23.444002,24.646797,28.517258,31.302467,30.23672,25.717916,27.778942,26.333744,22.77303,20.319855,20.171095,18.628868,22.59799,22.083475,19.386139,24.862812,25.261757,28.250298,30.521877,31.85929,33.388855,32.623302,35.45406,33.29048,33.08197,30.092432,25.187124,27.53018,23.65612,26.204111,24.648767,23.400648,24.142832,23.141565,19.696629,15.699789,17.004526,14.151996,16.674675,12.937539,17.804684,17.735956,20.96981,24.127205,27.313099,28.67395,26.537167,24.75953,24.993101,22.819626,21.278673,22.38313,19.002855,21.40232,23.953789,26.627628,24.851967,29.4798,24.027813,27.956984,26.028019,27.971516
34,31.525078,29.892206,27.228891,23.807814,23.144756,19.83705,20.301647,17.25235,15.949086,16.825518,12.86303,18.084444,13.917424,10.114655,11.964816,9.3692665,11.550223,11.550218,14.621095,18.000961,18.736023,23.45866,24.01756,27.868404,28.942831,26.763884,26.853224,22.002733,19.963112,16.999453,14.287128,10.588315,4.6064625,5.1191435,0.0,4.330438,6.0611663,4.4512963,4.5980697,7.1003304,6.5752387,11.012076,10.043561,16.10394,18.962265,20.88175,23.979073,25.851192,29.24911,31.775694,29.986336,25.43919,26.61948,24.675272,20.90074,18.00507,18.160091,15.844753,19.133924,19.583296,17.442543,23.463352,24.49391,27.822123,30.617838,32.177788,34.410767,33.792843,37.235085,35.48507,35.65988,32.903835,28.11773,30.346954,26.50079,28.608498,26.934784,25.000586,25.620531,23.70795,19.565302,15.609617,17.114395,14.759755,17.978682,14.388765,20.318995,20.308113,23.922571,26.782799,30.238142,31.040417,28.875664,27.2915,26.418291,23.921703,21.758595,22.31801,18.280075,20.36892,23.152098,26.148195,24.997017,29.820623,25.162067,29.469774,27.884258,30.371376
35,33.697273,32.226864,29.005037,26.095648,25.206932,21.428965,21.978817,17.747486,16.879679,15.911247,11.843147,16.256279,11.310371,7.7799044,10.246285,9.51253,12.279399,13.515552,16.95498,20.74077,21.576004,26.383184,27.346863,30.93349,32.393105,30.50965,30.660389,25.822313,23.67348,20.84673,17.925556,14.269476,8.436846,6.4339194,4.330438,0.0,4.6147127,5.9817805,6.7304573,9.929438,10.85477,15.245681,14.192689,20.156878,23.175936,24.94145,28.147522,29.758175,33.351818,35.853725,34.167152,29.465742,30.862106,28.650919,25.070389,22.121048,21.943283,19.304869,22.071232,22.424564,20.525604,26.575607,27.920254,30.972569,34.146313,35.106064,37.595512,36.461517,40.01299,37.861267,37.68656,34.493805,29.542652,31.213976,27.033945,28.783281,26.537989,24.585535,24.443792,22.391762,18.861414,15.371482,17.84506,16.159842,19.480337,16.901566,22.6362,23.268007,26.711107,29.869787,33.26418,34.28246,31.88414,29.876854,29.642721,26.69808,24.853674,24.697506,20.855234,22.032928,24.283054,27.513231,26.310804,31.650652,26.968918,31.26945,30.066647,32.206345
36,33.878513,32.98046,29.835161,27.129936,26.856714,22.725458,24.352602,20.109818,19.968647,18.887411,16.053467,20.288185,15.223851,11.853591,12.886445,12.550003,14.046329,15.694867,18.142925,22.214375,22.01522,27.479061,27.53493,31.435884,32.453693,30.6508,31.559572,26.623549,25.181856,21.405663,19.867825,14.997062,10.612596,8.366185,6.0611663,4.6147127,0.0,3.9870248,5.5446715,9.648773,10.955117,15.462037,15.601794,21.62513,23.60577,26.056854,28.61789,30.98794,34.17054,37.01331,35.192806,30.994146,31.578777,30.027008,25.825699,22.812382,23.674381,21.157623,23.877502,25.029816,23.19541,29.326494,30.451109,33.851967,36.571404,38.23671,40.362713,39.75509,43.046215,41.138355,41.10009,38.104534,33.181343,35.179325,31.086037,33.082813,30.938522,29.12094,28.983957,26.971102,23.440985,19.922482,22.201826,20.238033,23.473812,20.165976,25.766531,25.589586,29.003363,31.911005,35.12955,36.29459,34.331924,32.759735,32.227123,29.876066,27.791996,28.271845,24.233175,25.901413,28.414774,31.607582,30.487247,35.59456,30.871845,35.13868,33.593773,35.817787
