,0,1,2,3,4,5,6,7,8,9,10,11,12,13,14,15,16,17,18,19,20,21,22,23,24,25,26,27,28,29,30,31,32,33,34,35,36,37,38,39,40,41,42,43,44,45,46,47,48,49,50,51,52,53,54,55,56,57,58,59,60,61,62,63,64,65,66,67,68,69,70,71,72,73,74,75,76,77,78,79,80,81,82,83,84,85,86,87,88,89,90,91,92,93,94,95,96,97,98,99,100,101,102,103,104,105,106,107,108,109
0,0.0,4.325421,6.2630396,9.426165,12.126356,13.576333,17.503422,21.536375,24.454056,27.973955,30.25764,33.841393,35.90536,35.009323,36.23173,31.160776,32.90106,28.864798,31.170797,29.266726,31.795202,32.907623,31.097513,33.846867,31.358301,28.723324,27.109798,23.039814,20.950327,19.527197,23.313204,19.825716,25.498474,29.228676,30.193514,33.476494,33.43132,30.05539,28.876389,26.135012,24.972143,23.91466,20.915573,23.783878,20.214117,26.643156,22.514313,27.465721,27.397186,29.966953,27.78744,22.111803,26.508387,29.145212,24.638853,26.982399,22.23353,26.771559,25.863207,23.859327,27.948727,27.951765,28.35882,32.3164,29.668749,34.258053,35.37972,34.640705,37.027752,37.783394,34.95755,36.33921,30.598167,35.67872,32.19795,34.392773,35.87619,31.628159,36.19666,31.360287,33.69767,33.560917,29.769526,26.144716,24.858826,21.143452,20.63726,16.363436,15.608977,13.067081,14.523415,16.54146,14.044258,19.605228,20.724127,24.534409,24.497988,28.28844,27.170444,32.294037,30.643099,35.675373,38.518356,35.9159,32.618614,32.511845,26.086094,25.078379,21.869938,20.206743
1,4.325421,0.0,5.380809,6.470896,8.922787,11.8604765,14.317922,19.334297,21.715271,25.859753,27.694313,31.758108,33.380634,32.168087,33.11079,27.902119,29.283823,25.136633,27.166273,25.100763,27.539495,28.593153,26.83988,29.61942,27.242098,24.71135,23.255808,18.962496,16.696598,15.505053,19.171778,16.401531,22.124338,25.670456,26.909771,30.00639,30.077827,26.895403,25.463522,22.490398,21.963692,20.4544,18.31229,20.868652,18.280333,24.77426,21.115614,26.305712,26.434788,29.313414,27.003605,21.758957,26.598877,29.226337,24.933634,26.843204,21.847834,25.705282,24.294224,22.25731,25.570597,25.329754,25.278244,29.272316,26.074572,30.590014,31.52682,30.62707,32.936665,33.529537,30.899593,32.334183,26.794075,32.03625,28.760094,31.21243,32.792625,28.799202,33.63705,28.914848,31.591387,31.853098,27.866415,24.108871,22.218708,19.12403,17.519949,13.469205,11.888386,9.185434,10.244643,12.528215,10.081517,15.53066,16.659563,20.545975,20.447071,24.450512,23.48915,28.499876,27.303757,32.297844,35.219875,32.912178,29.551985,29.630512,23.025337,22.633003,19.082558,18.214975
2,6.2630396,5.380809,0.0,5.285686,6.8564596,7.842886,11.86777,15.379036,18.531807,21.798399,24.297451,27.70332,30.038902,29.122217,30.801615,25.774517,27.827915,24.108662,26.641602,25.344206,28.003633,29.649097,27.79983,31.008183,28.960735,26.429327,26.033972,21.983913,19.355194,19.08089,21.9142,20.346975,25.990314,29.115597,29.949696,32.895424,32.383602,29.276041,27.158325,23.931686,23.056717,20.772608,17.838533,19.716105,16.212896,21.74794,17.681313,22.405357,21.876715,25.022535,23.283625,17.239876,21.987865,25.168625,21.339436,23.570938,18.979612,22.93229,22.263182,21.300337,24.200838,25.09354,25.351524,29.88809,27.403946,31.354496,33.04152,32.592,34.21642,34.64835,31.618284,32.29775,26.500647,31.39087,27.627024,29.856455,30.871002,26.45558,30.858952,25.749071,27.99185,27.734165,24.092499,20.364683,19.301298,15.515702,15.371489,11.653718,11.442955,10.377101,11.780104,12.320132,11.48072,16.446585,16.702587,20.435253,20.127382,23.34324,21.872301,27.114672,24.92074,29.944494,32.685894,29.884592,26.638708,26.551414,20.196821,19.041376,16.137539,14.27669
3,9.426165,6.470896,5.285686,0.0,3.8699336,6.188985,8.771413,13.521024,15.589698,19.976507,21.466743,25.745884,27.041195,25.974476,26.868868,21.774279,23.546858,19.578512,22.273993,20.821129,23.926483,25.561506,24.338957,27.767971,26.186718,24.052628,23.838388,19.080248,15.785436,15.628349,17.552832,16.468033,21.878786,24.639889,25.20432,28.033169,27.315557,24.305086,21.961882,18.69172,17.93571,15.5087,12.99138,14.897184,12.332663,18.459742,15.065172,20.310146,20.721624,23.666042,21.307611,16.61808,21.750029,24.279129,20.44682,21.917,16.959423,20.076738,18.621483,17.323582,19.720644,20.197805,20.202873,24.714302,22.138783,26.085981,27.840157,27.57774,29.183731,29.960804,26.597464,27.47077,21.547874,26.492159,22.88015,25.170053,26.545574,22.406555,27.178694,22.470215,25.198473,25.66605,21.539398,17.804295,15.793791,12.81338,11.263684,7.092126,6.547854,5.44292,7.811128,8.93854,9.95253,14.034072,13.724209,17.76919,16.808388,20.325323,18.449547,23.75542,21.71359,26.751719,29.727694,27.5123,24.074238,24.9421,18.14874,18.275824,15.237311,14.624372
4,12.126356,8.922787,6.8564596,3.8699336,0.0,5.714235,5.4218097,10.893494,12.916729,17.341978,18.971731,23.210693,24.75939,23.361612,24.69231,19.463476,21.162214,17.406282,19.803,18.679665,21.46128,23.374022,21.80218,25.36495,23.90605,21.758783,22.329363,18.066824,14.866022,15.698251,17.24038,17.839365,23.001781,25.370245,26.292019,28.741674,28.065784,25.431093,22.554674,18.89493,18.999067,15.449739,13.963688,14.622679,13.020431,17.938126,14.963143,19.785261,19.600641,23.220423,21.406237,16.532804,21.756409,24.778305,21.65338,23.001863,18.387424,20.77785,19.423578,18.913416,19.953894,20.904774,20.44724,25.215792,22.248886,25.643538,27.436888,27.041878,28.109707,28.27457,25.266932,25.63527,20.029903,24.999905,21.37643,23.966753,24.93573,20.854536,25.60789,20.650034,23.42995,23.86675,19.951353,16.048492,13.93068,11.454245,9.260676,6.585713,5.355698,6.358195,7.045113,6.132838,8.297345,11.525426,10.740691,14.571865,13.699969,16.879826,15.178364,20.45509,18.529734,23.559645,26.446127,24.093624,20.702944,21.225903,14.457512,14.619323,11.41184,11.238102
5,13.576333,11.8604765,7.842886,6.188985,5.714235,0.0,7.1701374,8.479602,11.528001,14.737103,16.926079,20.450502,22.470078,21.908182,23.661161,18.984879,21.739878,18.549644,21.978374,21.66233,25.041967,27.346052,26.235006,30.076408,29.025866,27.05377,27.939701,23.540073,20.059923,20.7286,21.638325,21.724943,26.753801,28.948462,28.967012,31.521368,30.096903,27.300983,24.255878,20.933937,19.71484,16.509737,13.080099,13.683952,9.932045,14.163559,10.300714,14.932647,14.685748,17.985786,16.297802,10.902218,16.106377,19.201038,16.212767,17.815683,13.561953,16.348007,15.925732,16.361525,17.843937,19.95033,20.403215,25.402117,23.977278,26.99283,29.690702,30.066862,30.77912,31.458738,27.574455,27.45235,21.353344,25.541965,21.350075,23.17751,23.76657,19.091825,23.192146,18.033403,20.190126,20.085264,16.281685,12.589738,11.824034,7.688304,9.00514,6.1269884,8.5751,10.071125,12.176672,11.144857,13.976591,16.899902,15.474261,18.975048,17.614103,19.828722,17.080845,22.512684,18.951818,23.915257,26.651827,23.932228,20.653189,21.72442,15.392023,14.850114,13.159507,11.541658
6,17.503422,14.317922,11.86777,8.771413,5.4218097,7.1701374,0.0,6.966847,7.902631,12.835643,13.987585,18.51968,19.80811,18.126291,19.709549,14.475161,16.326994,13.046559,15.613101,15.394363,18.288456,20.785036,19.470821,23.427797,22.73265,21.030338,22.866095,18.973782,15.602094,17.526966,17.59203,20.138254,24.569252,26.104197,26.850899,28.752707,27.688047,25.577808,21.933365,18.062492,18.76595,14.00254,13.56443,12.378177,12.291351,15.167132,13.312089,17.37767,17.012224,21.069468,19.712315,15.742127,20.81964,23.886972,21.788874,22.571804,18.571684,19.544373,18.210619,18.807013,17.875618,19.581793,18.724504,23.740679,20.975262,23.333384,25.605783,25.53465,25.660774,25.460052,22.335876,21.844893,16.474804,21.061977,17.319353,20.036474,20.474697,16.511246,21.163977,16.149258,19.079235,19.80332,16.029772,12.151533,9.629195,8.590162,5.289082,6.092345,5.7459464,9.225995,9.182751,5.9664845,10.864321,11.469278,9.117525,12.1984825,10.603747,12.688225,10.244964,15.649279,13.144378,18.185215,21.064074,18.788334,15.352095,16.417292,9.548778,10.725425,8.1849785,9.276903
7,21.536375,19.334297,15.379036,13.521024,10.893494,8.479602,6.966847,0.0,4.564235,6.5255547,9.299207,12.4567585,15.131274,14.323965,17.401663,13.2017145,16.539766,14.813165,18.183327,19.396215,22.424755,25.435629,24.39961,28.507504,28.322733,26.819637,29.323511,25.75847,22.396233,24.400837,23.968948,26.499403,30.752804,31.976501,32.04271,33.81167,32.041393,30.039051,26.050045,22.49746,22.307121,17.587793,15.893825,13.708016,12.3981,11.874627,10.195028,12.352135,10.718336,15.412249,15.301983,11.286377,15.659971,19.239058,18.562502,19.317402,16.66564,16.901558,16.934822,19.337881,17.59859,21.015114,20.871765,26.05806,24.863085,26.250622,29.491259,30.173378,29.49073,29.379381,25.688843,24.114832,18.850258,22.033918,17.748083,19.5473,18.8127,14.241423,17.566349,11.899635,13.784324,13.545825,10.459538,6.6938286,6.9299874,5.089739,7.3508053,9.593807,11.874895,15.320583,16.049469,12.867286,17.426056,17.866697,15.162451,17.199755,15.465539,15.506727,12.10612,16.94325,12.026809,16.603384,18.968603,15.853859,12.806898,14.2568,8.937514,8.702341,9.341535,8.648366
8,24.454056,21.715271,18.531807,15.589698,12.916729,11.528001,7.902631,4.564235,0.0,6.131651,6.0932612,11.034643,11.953591,10.595116,13.063096,8.652728,12.039186,10.728642,14.306848,16.06672,19.305012,22.476547,22.063288,26.283228,26.717579,25.704777,28.608837,25.013573,21.530907,23.879768,22.45158,25.929354,29.52251,30.145767,30.059002,31.414015,29.459812,27.888268,23.572916,20.09276,20.428862,15.254093,14.833753,11.486374,12.3363495,10.698481,10.919482,12.736108,12.262881,16.383003,15.907378,14.024507,18.078392,20.80391,20.446184,20.388594,17.892748,16.791414,16.142847,18.704498,15.390099,18.76607,18.13144,23.174324,22.017254,22.686232,26.103292,27.021149,25.829983,25.729546,21.87793,19.915827,14.925237,17.708889,13.516439,15.457226,14.5877285,10.368256,14.086323,8.758389,11.516698,12.539784,9.116676,5.818992,3.9470541,6.17313,5.8512993,10.053562,11.981681,15.85893,16.330431,13.092725,18.508953,17.735529,14.502858,16.05133,13.704606,13.156908,9.024458,13.570995,8.206159,12.8030205,15.4545355,13.138253,9.849032,12.943509,7.84427,9.938403,10.67364,11.750821
9,27.973955,25.859753,21.798399,19.976507,17.341978,14.737103,12.835643,6.5255547,6.131651,0.0,5.061222,5.9860787,9.943936,9.7053175,14.283195,11.807983,15.679455,15.797177,19.04898,21.454872,24.22386,27.563236,26.899788,31.010412,31.515087,30.440073,33.735832,30.59669,27.323425,29.746021,28.530313,31.900194,35.624065,36.25826,36.027386,37.342957,35.168854,33.639168,29.286709,25.985935,25.909323,21.008308,19.825317,16.519056,16.154062,12.228303,12.511809,11.762582,9.262084,13.974232,15.317737,13.356372,16.02149,19.337442,20.451395,20.569809,19.439333,18.07315,18.76609,22.378103,19.018505,23.289434,23.142128,28.063036,27.68356,27.838701,31.579563,32.723946,31.095554,30.745024,27.020065,24.385323,20.05606,21.729717,17.639376,18.735554,16.710035,12.648302,14.118044,8.703321,9.255227,8.439233,7.247696,5.6740847,8.14076,8.924334,11.726756,15.182728,17.60288,21.315817,21.870806,18.37983,23.266848,22.701975,19.584316,20.572561,18.672033,17.023523,13.394164,16.7265,10.550229,13.648807,15.242698,11.840155,9.701097,12.052912,9.86815,9.887546,12.777632,12.539251
10,30.25764,27.694313,24.297451,21.466743,18.971731,16.926079,13.987585,9.299207,6.0932612,5.061222,0.0,6.0737324,5.974906,5.2869105,9.237851,7.3286395,11.440871,12.395027,15.859987,18.7494,21.798569,25.166258,25.309416,29.462067,30.565962,29.985165,33.43471,30.111559,26.687782,29.225245,27.100927,31.040382,34.089226,34.15199,33.61533,34.550636,32.11968,30.997793,26.454754,23.427765,23.617197,18.653997,18.432371,14.317427,15.705747,10.884596,12.997852,12.239573,11.706694,15.1893215,15.710845,15.928882,18.548248,20.710978,21.837408,21.114157,20.026161,17.418314,17.393631,21.071888,16.310383,20.504084,20.028456,24.619165,24.583517,23.977032,27.960262,29.471106,27.39237,27.295639,23.252422,20.280142,16.329702,17.168259,13.264422,14.118143,11.772801,8.196146,9.692879,4.7502203,6.5835004,8.145219,6.281392,5.9623065,6.607451,10.042308,11.20298,15.475382,17.750406,21.615128,22.167938,18.937218,24.443876,23.099115,19.669163,20.413445,17.96389,16.043512,11.901237,14.549209,8.065484,10.57107,12.484221,10.49714,8.267532,12.841862,10.868319,12.920198,15.182606,16.170177
11,33.841393,31.758108,27.70332,25.745884,23.210693,20.450502,18.51968,12.4567585,11.034643,5.9860787,6.0737324,0.0,6.459489,7.6210847,12.953694,12.881786,16.676758,18.278084,21.295673,24.430302,27.018236,30.457636,30.258545,34.28037,35.344288,34.65002,38.380543,35.437874,32.187046,34.78706,32.968502,36.78362,40.04643,40.206676,39.641396,40.594566,38.067955,36.92774,32.411644,29.45917,29.356112,24.595726,23.731997,19.896502,20.165773,14.354862,16.067904,13.392436,11.153641,14.57092,16.834414,16.955362,18.1123,20.657602,23.083965,22.581121,22.656155,20.083805,21.175823,25.472122,21.068342,25.75176,25.66662,30.138767,30.56312,29.727713,33.827473,35.40848,33.084965,32.714787,28.935059,25.583256,22.20114,22.396568,18.793158,19.029268,15.987968,13.046365,12.126351,8.498437,6.9353113,5.670562,7.7603035,9.15295,11.965347,13.841494,16.609442,20.409369,22.95515,26.749306,27.321928,23.831057,28.935226,27.825298,24.517303,24.935783,22.904436,20.3707,16.818453,18.686134,12.397879,13.359692,13.905045,11.033587,10.478917,13.587884,14.037041,14.450443,17.94132,17.990793
12,35.90536,33.380634,30.038902,27.041195,24.75939,22.470078,19.80811,15.131274,11.953591,9.943936,5.974906,6.459489,0.0,3.772809,7.1998587,9.216096,12.732502,15.267869,18.40205,21.85997,24.784698,28.113977,28.909592,32.915485,34.592598,34.428265,38.140602,34.896805,31.473879,34.052402,31.295212,35.49369,37.965412,37.499557,36.49487,37.030354,34.182453,33.50478,28.911098,26.434443,26.47683,21.964912,22.015068,17.604843,19.544653,13.1836405,16.600212,14.257403,14.361734,16.380426,17.354223,19.63876,21.042133,22.229773,24.390966,22.967377,22.992626,19.170639,19.418028,23.633102,17.872883,22.307028,21.957865,25.828873,26.851643,25.13552,29.50346,31.575926,28.822845,28.938768,24.72768,21.128836,18.32527,17.238571,14.13831,13.677077,10.142995,8.564669,6.421294,5.4956098,4.8751,7.553437,8.128081,10.342174,11.424508,15.093457,16.434893,20.649899,23.073496,26.870296,27.547228,24.501709,30.147394,28.420185,24.895,25.234364,22.657084,20.167429,16.245516,17.387096,11.472416,11.444861,12.296237,11.6821785,11.025386,16.103373,16.01724,18.17302,20.824053,21.885195
13,35.009323,32.168087,29.122217,25.974476,23.361612,21.908182,18.126291,14.323965,10.595116,9.7053175,5.2869105,7.6210847,3.772809,0.0,5.842543,6.8983674,9.87918,12.69451,15.239551,18.86194,21.41269,24.784964,25.445604,29.384861,31.14659,31.079344,35.00967,32.082584,28.870472,31.718563,28.898886,33.6787,36.046585,35.497673,34.92911,35.30871,32.800144,32.283722,27.599136,24.863373,25.666069,20.68675,21.646267,17.056427,19.784328,14.505729,17.590828,16.323671,16.202024,18.967964,19.591925,20.934206,23.081644,24.708687,26.275454,25.078197,24.367037,20.951769,20.611607,24.28872,18.41733,22.28639,21.33831,25.281748,25.36624,23.624037,27.59134,29.287327,26.401974,25.98978,22.291988,18.518234,16.154902,15.510467,12.649331,13.137038,9.807351,8.618657,8.406501,6.7744255,7.9313283,10.426702,10.052502,10.9649725,10.858386,15.066459,15.084224,19.715464,21.482784,25.385912,25.566519,22.295437,27.921616,25.669926,22.110443,22.057781,19.544168,16.715466,13.031783,13.686596,8.007487,7.715421,8.929471,8.645474,7.7537227,13.272444,13.329859,16.162258,18.568853,20.31425
14,36.23173,33.11079,30.801615,26.868868,24.69231,23.661161,19.709549,17.401663,13.063096,14.283195,9.237851,12.953694,7.1998587,5.842543,0.0,5.4203477,7.0317254,10.533381,13.177663,16.753937,19.776667,22.845291,24.582552,28.424582,30.63997,31.026485,34.64887,31.342005,27.991163,30.628136,26.995127,31.87961,33.449703,32.337624,31.313347,31.323046,28.53077,28.444134,23.79154,21.62263,22.560604,18.069332,19.978146,15.20455,19.41008,14.613379,18.57863,17.979963,19.416328,21.208216,20.692055,23.344055,25.702404,26.346382,27.42092,25.616734,24.690361,20.607603,19.356253,22.520876,15.771702,18.916985,17.61551,20.818249,21.414232,18.854326,23.060463,25.267502,22.10738,22.439255,18.116112,14.321672,12.473657,10.35157,8.234958,8.063651,4.505684,6.22256,6.4946046,8.032622,10.26534,14.00974,12.558776,13.522267,11.950172,16.859915,15.621311,20.070553,21.621328,25.251757,25.606379,23.042782,28.874336,26.328747,22.792778,22.893204,19.958174,17.755606,14.004955,14.242311,10.146948,9.595858,11.317983,12.9816065,11.801487,17.658838,16.651974,20.351484,21.821894,24.051468
15,31.160776,27.902119,25.774517,21.774279,19.463476,18.984879,14.475161,13.2017145,8.652728,11.807983,7.3286395,12.881786,9.216096,6.8983674,5.4203477,0.0,4.446139,6.062986,9.648545,12.794185,16.233816,19.42659,20.654938,24.739414,26.466993,26.515959,29.893497,26.405619,22.97169,25.621271,22.393173,27.212532,29.275126,28.622755,28.058922,28.458769,26.070747,25.541162,20.839842,18.02051,19.268488,14.107426,16.187822,11.468579,15.804928,12.668442,15.68112,16.526564,17.736021,20.364336,19.395428,20.597874,23.882408,25.150257,25.322235,24.036592,22.11989,19.022055,17.366095,19.909657,13.948123,16.747877,15.163555,19.218344,18.5801,17.224857,21.062536,22.686672,20.24132,20.384914,16.092438,13.025928,9.435214,10.040279,6.523504,8.484084,7.0638056,5.5484066,9.390762,7.535141,11.090842,14.340803,11.543021,10.851254,7.9236503,12.959563,10.541625,15.18288,16.36223,20.072931,20.258034,17.623133,23.459745,21.074463,17.549158,18.034403,15.0127945,13.458998,9.260168,11.043524,6.6198874,8.754041,11.633637,12.185959,9.684564,15.195533,12.416606,16.421932,17.165136,19.601753
16,32.90106,29.283823,27.827915,23.546858,21.162214,21.739878,16.326994,16.539766,12.039186,15.679455,11.440871,16.676758,12.732502,9.87918,7.0317254,4.446139,0.0,4.5329266,6.149803,9.797161,12.80113,15.874548,17.680576,21.542688,23.765297,24.292904,27.86211,24.73538,21.63205,24.540033,20.738693,26.453806,27.826813,26.6712,26.4604,26.348572,24.296371,24.329613,19.637806,16.92031,19.343575,14.1706505,17.86781,13.346179,18.704151,16.602753,19.526468,20.831886,22.122984,24.762989,23.56219,24.6753,28.189774,29.394295,29.262306,27.92033,25.668755,22.646273,20.440878,22.242376,16.176422,17.771652,15.343806,18.701754,17.06007,15.030749,18.2542,19.597635,16.621256,16.271685,12.51335,8.936763,7.0704036,7.5011597,5.907827,8.866321,8.298818,9.02738,12.556194,11.873666,15.286341,18.622797,15.986999,15.141409,11.739297,16.627375,12.847623,17.323706,17.482626,20.956072,20.53627,18.089296,23.710873,20.456154,17.04304,16.880024,13.857124,12.148766,8.909521,8.985623,7.5215607,8.412934,11.320093,13.195425,11.055318,16.219837,13.837498,18.460226,18.636372,21.825676
17,28.864798,25.136633,24.108662,19.578512,17.406282,18.549644,13.046559,14.813165,10.728642,15.797177,12.395027,18.278084,15.267869,12.69451,10.533381,6.062986,4.5329266,0.0,4.9235744,6.9945507,11.128361,14.050559,15.645448,19.726976,21.398594,21.610106,24.589226,20.908274,17.521763,20.226013,16.597763,22.036919,23.741701,22.975159,22.951038,23.25763,21.44616,21.024435,16.375975,13.175412,15.791115,10.26178,14.350098,10.283656,15.824535,15.549525,17.672817,20.152155,21.654963,24.428926,22.652615,23.030916,27.115011,28.431488,27.484816,26.421257,23.438953,21.18036,18.549116,19.544342,14.416955,15.32485,12.707538,16.589634,14.011283,13.349695,16.279894,17.24319,15.303611,15.395044,11.25566,9.3296,4.7585645,8.490478,6.0140452,9.7860775,10.666845,9.866842,14.689228,12.871456,16.718023,19.788414,16.302967,14.524121,10.288522,14.578853,9.600915,13.619918,13.292818,16.58789,16.197319,14.160413,19.77198,16.859068,13.568816,14.20607,10.949571,10.83653,7.405347,9.57686,8.605097,11.460586,14.682032,15.591347,12.720777,17.13429,12.970188,17.523941,16.732258,19.900097
18,31.170797,27.166273,26.641602,22.273993,19.803,21.978374,15.613101,18.183327,14.306848,19.04898,15.859987,21.295673,18.40205,15.239551,13.177663,9.648545,6.149803,4.9235744,0.0,4.091226,6.7247744,9.821257,11.691392,15.54639,17.793003,18.53761,22.068853,19.29571,16.655603,19.903664,16.007202,22.68154,23.774103,22.595303,23.418951,23.151005,22.08257,22.26528,17.868301,14.744363,18.66325,13.3999605,18.43757,14.827245,20.393658,20.425182,22.37789,24.849861,25.926956,29.030546,27.477097,27.424217,31.615232,33.204777,32.23835,31.29599,28.17664,26.093313,23.383091,24.021076,19.051264,19.25359,16.1287,19.194841,15.308871,14.171334,15.741017,15.778936,13.252142,11.749563,9.535118,7.2543406,6.4893765,9.787832,9.515275,13.25926,13.957437,14.2490635,18.491114,17.052233,20.694288,23.669708,20.607986,18.802547,14.750346,18.842173,13.449855,17.248472,15.831652,18.810469,17.423885,15.267981,20.227816,16.13642,13.114075,12.46332,9.59807,8.893941,7.5513997,7.159765,9.729672,11.344111,14.247209,15.935107,13.5671425,17.17644,13.958423,18.828304,17.714163,21.610828
19,29.266726,25.100763,25.344206,20.821129,18.679665,21.66233,15.394363,19.396215,16.06672,21.454872,18.7494,24.430302,21.85997,18.86194,16.753937,12.794185,9.797161,6.9945507,4.091226,0.0,4.9079494,7.2580523,9.431947,13.253492,15.148447,15.8891945,18.764542,15.626746,13.012686,16.176157,12.071433,19.064674,19.967896,18.869633,20.193527,20.018862,19.516167,19.603973,15.544731,12.258558,16.884295,11.9940405,17.612408,14.886164,20.397615,21.881401,23.279482,26.519447,27.799646,30.873098,28.88152,28.403307,32.94,34.506332,32.899666,32.125,28.482391,26.979506,23.908089,23.681038,19.625658,18.86918,15.519691,18.331991,13.21753,13.186174,13.724673,12.953927,11.48002,10.140985,8.397971,8.351655,7.0435524,11.654593,11.559401,15.363779,16.873255,16.792583,21.5229,19.803352,23.621803,26.504528,23.008667,20.76069,16.390776,19.818497,13.779018,16.629454,14.364418,16.692001,14.9808655,13.615042,17.991531,13.856552,11.382263,11.188584,8.493199,9.780044,9.319895,9.92068,12.928703,15.18792,18.115051,19.436674,16.828312,19.78893,15.66895,20.284655,18.296366,22.198238
20,31.795202,27.539495,28.003633,23.926483,21.46128,25.041967,18.288456,22.424755,19.305012,24.22386,21.798569,27.018236,24.784698,21.41269,19.776667,16.233816,12.80113,11.128361,6.7247744,4.9079494,0.0,3.4637501,5.4225383,8.919791,11.554189,12.948703,16.665186,15.089809,13.74485,17.373585,13.748893,21.376871,21.902666,20.651777,22.874815,22.269705,22.540443,23.033804,19.410084,16.355776,21.380842,16.736557,22.32675,19.700026,24.960716,26.30883,27.573284,30.660109,31.431087,34.88252,33.228775,32.271984,36.845844,38.776855,37.27986,36.676212,33.01469,31.652967,28.7128,28.517355,24.497004,23.72482,20.298187,22.71821,17.15931,16.81798,16.235832,14.4688225,12.687473,9.121897,10.644301,10.342296,11.519836,15.17314,15.773309,19.511042,20.570349,20.863045,25.213903,23.498436,27.13377,29.832983,26.722242,24.447365,20.327757,23.66725,17.691517,20.569054,17.79313,19.906511,17.39535,15.739026,19.143005,14.062271,12.171616,10.394122,8.877493,9.359166,11.028485,9.66728,14.758927,16.12438,18.549904,20.155434,18.061321,20.009731,16.953815,21.482359,19.389013,23.725061
21,32.907623,28.593153,29.649097,25.561506,23.374022,27.346052,20.785036,25.435629,22.476547,27.563236,25.166258,30.457636,28.113977,24.784964,22.845291,19.42659,15.874548,14.050559,9.821257,7.2580523,3.4637501,0.0,4.8027573,6.9350934,9.934467,11.948853,15.12416,13.992175,13.357361,16.74392,13.013608,20.77267,20.601269,19.070524,21.807384,20.890888,21.785904,22.575039,19.475286,16.79095,22.196064,18.18277,24.063704,21.893932,27.210865,29.102484,30.267962,33.617847,34.559498,37.91793,36.040718,35.071,39.75382,41.580482,39.808968,39.203693,35.345715,34.139862,30.976736,30.311594,26.632866,25.245466,21.68229,23.525555,17.423195,17.296818,15.641933,13.078278,11.82501,7.7367115,10.940376,11.776113,13.5964365,17.151516,18.255157,21.893099,23.30741,23.805468,28.223982,26.692135,30.390133,33.159943,29.923815,27.589365,23.352413,26.511993,20.363197,22.748852,19.614109,21.16936,18.477757,17.481493,20.122063,15.035747,13.877625,12.170563,11.225934,12.377509,14.345881,13.011207,18.220331,19.478586,21.789606,23.529507,21.501911,23.23027,20.13234,24.506283,22.093561,26.406004
22,31.097513,26.83988,27.79983,24.338957,21.80218,26.235006,19.470821,24.39961,22.063288,26.899788,25.309416,30.258545,28.909592,25.445604,24.582552,20.654938,17.680576,15.645448,11.691392,9.431947,5.4225383,4.8027573,0.0,4.262782,6.222553,7.7718263,12.039945,12.070182,12.184499,16.01756,13.759224,21.257696,22.03253,21.352243,24.593596,24.191286,25.323608,25.588419,22.539667,19.372095,24.47626,20.08488,25.29781,23.3044,27.846956,29.98349,30.540054,33.991215,34.281094,38.129745,36.583164,34.624573,39.43822,41.833397,40.006847,39.830925,35.825264,35.18239,32.33519,31.79809,28.611809,27.680817,24.373205,26.87723,20.712486,21.278732,19.923252,17.234037,16.50772,12.511031,15.315229,15.669948,16.448086,20.520908,20.798883,24.616755,25.638056,25.41196,29.914175,27.565378,31.134876,33.418663,30.31166,27.611782,23.65511,26.251644,20.258854,22.485275,18.976654,20.503136,17.20357,15.690075,17.499313,11.9973755,11.354591,8.780513,9.078839,10.413978,13.588247,12.522096,18.027416,19.682278,21.871428,22.85323,20.830309,21.365347,18.335833,22.199316,19.451736,23.834814
23,33.846867,29.61942,31.008183,27.767971,25.36495,30.076408,23.427797,28.507504,26.283228,31.010412,29.462067,34.28037,32.915485,29.384861,28.424582,24.739414,21.542688,19.726976,15.54639,13.253492,8.919791,6.9350934,4.262782,0.0,4.168822,7.1440287,11.126688,12.912179,14.261136,17.72802,15.848113,23.129179,23.287792,22.42975,26.20043,25.472301,27.20193,27.771166,25.198761,22.373497,27.699783,23.730585,29.100115,27.323343,31.889412,34.21401,34.73498,38.248234,38.49716,42.384674,40.820454,38.76315,43.6178,46.05058,44.122746,43.98175,39.88317,39.328964,36.388885,35.62056,32.565468,31.306011,27.896767,29.96159,23.510742,24.021044,21.891497,18.65209,18.151325,13.648743,17.812435,18.523169,20.125385,23.89171,24.625992,28.380808,29.469536,29.519062,33.933346,31.753618,35.29934,37.590073,34.55198,31.861153,27.917364,30.449053,24.442068,26.43949,22.723436,23.849258,20.365686,19.236534,20.133585,14.756704,14.870515,12.165763,13.082961,14.237781,17.727682,16.148603,22.00453,23.237764,25.140457,26.32555,24.579128,24.699844,22.177132,25.81369,22.987524,27.346745
24,31.358301,27.242098,28.960735,26.186718,23.90605,29.025866,22.73265,28.322733,26.717579,31.515087,30.565962,35.344288,34.592598,31.14659,30.63997,26.466993,23.765297,21.398594,17.793003,15.148447,11.554189,9.934467,6.222553,4.168822,0.0,3.2778547,7.289663,10.246489,12.484488,15.769528,15.201179,21.770882,22.511343,22.393215,26.548746,26.305098,28.318787,28.423475,26.137661,23.126713,28.187216,24.372145,29.228226,27.968184,31.878683,34.87784,34.81737,38.664444,38.69484,42.741222,41.151024,38.40753,43.41215,46.092514,43.842842,44.028034,39.679897,39.72442,36.877216,35.851204,33.54457,32.256584,29.062544,31.412565,24.787048,26.125517,24.008574,20.602104,20.910135,17.009,20.514957,21.557497,22.120419,26.475382,26.657942,30.493351,31.670887,31.11862,35.79031,33.05433,36.59918,38.59207,35.40718,32.384686,28.545378,30.43132,24.532408,25.923721,21.881826,22.542618,18.77155,17.92318,17.664173,12.633437,13.692951,11.336639,13.02922,15.067738,18.683235,18.055185,23.432055,25.312607,27.345484,27.887007,25.91095,25.436884,22.377544,25.444822,22.134726,26.22374
25,28.723324,24.71135,26.429327,24.052628,21.758783,27.05377,21.030338,26.819637,25.704777,30.440073,29.985165,34.65002,34.428265,31.079344,31.026485,26.515959,24.292904,21.610106,18.53761,15.8891945,12.948703,11.948853,7.7718263,7.1440287,3.2778547,0.0,5.604656,8.805465,11.222532,14.478937,14.933001,20.885729,22.395433,22.898146,27.04788,27.258337,29.188744,28.860916,26.576689,23.323362,28.018879,24.139757,28.442396,27.447197,30.771214,34.089565,33.59776,37.58801,37.3823,41.56201,40.041786,36.771397,41.830776,44.7322,42.343872,42.784557,38.33709,38.794254,36.12106,35.074516,33.242638,32.154423,29.19511,31.927345,25.397848,27.230583,25.459404,22.204836,22.820095,19.338951,22.085434,23.08729,22.773687,27.500391,27.143883,31.008533,32.131737,31.065033,35.853977,32.65769,36.140026,37.854633,34.62532,31.38657,27.722439,29.112328,23.436928,24.475636,20.326223,20.81469,16.88322,15.993782,15.0211,10.260088,11.9186535,9.878693,12.106143,14.645398,18.22778,18.364607,23.204016,25.581566,27.708593,27.698547,25.55043,24.661165,21.205807,23.799875,20.204243,24.049667
26,27.109798,23.255808,26.033972,23.838388,22.329363,27.939701,22.866095,29.323511,28.608837,33.735832,33.43471,38.380543,38.140602,35.00967,34.64887,29.893497,27.86211,24.589226,22.068853,18.764542,16.665186,15.12416,12.039945,11.126688,7.289663,5.604656,0.0,6.029368,9.99595,11.871522,13.720626,18.12954,19.501392,20.61813,25.237862,25.775454,28.304771,27.704111,26.25657,23.355253,27.796535,24.8656,28.858995,28.771091,31.663206,36.0463,35.13411,39.653385,39.774536,43.700188,41.746395,38.29991,43.50565,46.213184,43.22826,43.807285,39.017235,40.02242,37.151306,35.36886,34.530373,32.79823,30.010408,32.397808,25.64659,28.35483,26.060452,22.478806,24.253645,21.646168,24.098211,26.039112,25.151697,30.209146,29.797272,33.56716,35.20056,33.900887,39.00042,35.72815,39.338398,41.06102,37.454266,34.02164,30.236273,31.066864,25.394201,25.40237,20.984575,20.394068,16.602045,17.134396,14.738073,11.593881,14.236447,13.685516,15.589572,19.117432,22.069355,23.031082,27.309322,30.170694,32.5492,32.408607,29.958265,29.29784,25.03764,27.325075,23.303188,26.605364
27,23.039814,18.962496,21.983913,19.080248,18.066824,23.540073,18.973782,25.75847,25.013573,30.59669,30.111559,35.437874,34.896805,32.082584,31.342005,26.405619,24.73538,20.908274,19.29571,15.626746,15.089809,13.992175,12.070182,12.912179,10.246489,8.805465,6.029368,0.0,4.25034,5.9701905,8.157226,12.381238,14.403247,15.956996,20.164322,21.223879,23.379305,22.325428,20.884256,17.927399,22.02505,19.454887,23.229322,23.592627,26.372276,31.286854,30.316427,35.119553,35.759514,39.28568,36.928898,33.865063,39.101925,41.41047,38.16548,38.613003,33.719208,34.784805,31.751879,29.64194,29.240881,27.25244,24.656452,27.108667,20.534842,23.891731,21.998365,18.83514,21.172285,19.790262,20.745136,23.12967,21.115486,26.476772,25.717705,29.326296,31.334896,29.767385,35.07665,31.849026,35.56952,37.434628,33.474224,30.029318,26.069445,26.720272,20.974314,20.44066,16.018602,15.028036,11.559595,13.111494,11.355872,9.017801,11.387648,12.447739,13.294206,17.735815,19.557856,21.59193,24.875542,28.310484,31.078108,30.870808,28.003017,28.245893,22.96842,25.480415,21.372662,24.402077
28,20.950327,16.696598,19.355194,15.785436,14.866022,20.059923,15.602094,22.396233,21.530907,27.323425,26.687782,32.187046,31.473879,28.870472,27.991163,22.97169,21.63205,17.521763,16.655603,13.012686,13.74485,13.357361,12.184499,14.261136,12.484488,11.222532,9.99595,4.25034,0.0,4.0611296,5.279371,10.094751,12.916382,14.525998,17.943169,19.336662,20.80098,19.418913,17.530987,14.265205,18.104189,15.332933,18.992231,19.388735,22.19786,27.187887,26.283031,31.140617,32.05429,35.3699,32.861225,30.118591,35.332012,37.42575,34.193726,34.508404,29.645658,30.583166,27.508488,25.437748,25.03414,23.142626,20.665972,23.43184,17.157522,20.753645,19.55075,17.007679,19.271807,18.62713,18.307867,20.633877,17.72275,23.247614,22.117846,25.62354,27.735943,25.95501,31.33425,28.113071,31.864042,33.805313,29.69421,26.289248,22.247377,22.903252,17.105066,16.46343,12.115234,11.268889,8.049476,9.976952,9.651025,7.6889834,9.154916,11.281509,11.178439,15.948728,16.873234,19.613081,22.080553,25.838432,28.805305,28.526867,25.443441,26.298273,20.511835,23.21378,19.245539,22.140615
29,19.527197,15.505053,19.08089,15.628349,15.698251,20.7286,17.526966,24.400837,23.879768,29.746021,29.225245,34.78706,34.052402,31.718563,30.628136,25.621271,24.540033,20.226013,19.903664,16.176157,17.373585,16.74392,16.01756,17.72802,15.769528,14.478937,11.871522,5.9701905,4.0611296,0.0,5.5043807,6.6594195,10.116083,12.732604,16.190329,18.138212,19.898058,18.075644,17.073103,14.341357,17.480373,15.954379,18.945995,20.300709,22.519491,28.33529,27.101635,32.28439,33.521164,36.483402,33.61469,30.888443,36.091423,37.90451,34.19873,34.589043,29.524096,30.918005,27.731308,24.989471,25.611101,23.181217,21.046154,23.435093,17.368952,21.712376,20.3034,17.823414,20.928396,21.109182,20.370266,23.247004,19.933577,25.412844,24.221249,27.45589,29.917252,27.974352,33.42525,30.249601,33.98572,35.895954,31.572256,28.142338,24.174711,24.312513,18.89071,17.259398,13.114921,11.047419,8.741583,12.084333,10.828933,10.796419,12.528431,15.13196,14.943715,19.784052,20.284998,23.373844,25.352758,29.3062,32.36612,32.00242,28.796389,29.808992,23.700703,26.09875,22.053139,24.405174
30,23.313204,19.171778,21.9142,17.552832,17.24038,21.638325,17.59203,23.968948,22.45158,28.530313,27.100927,32.968502,31.295212,28.898886,26.995127,22.393173,20.738693,16.597763,16.007202,12.071433,13.748893,13.013608,13.759224,15.848113,15.201179,14.933001,13.720626,8.157226,5.279371,5.5043807,0.0,7.762077,8.9448805,9.726845,12.839223,14.113724,15.5540905,14.36549,12.734486,9.990809,14.344464,12.570134,17.101719,17.703087,21.365374,26.403816,26.108755,30.9677,32.69634,35.3918,32.39639,30.819235,35.88057,37.249588,33.95196,33.763443,28.987438,29.376503,25.82935,23.28548,22.704502,19.915583,17.200186,19.143257,12.569087,16.503075,14.88948,12.460972,15.470903,16.112335,15.021438,18.251844,15.41183,20.636703,20.063337,23.274261,25.97329,24.746758,30.121037,27.690697,31.585024,34.017216,29.698229,26.661413,22.303368,23.48884,17.546019,16.909477,13.1789875,12.249043,10.468002,12.933016,14.015778,12.32992,12.702307,14.786185,13.677397,18.07766,18.188194,20.71306,22.936188,26.429485,29.520723,29.85126,26.73888,28.635853,22.834175,26.097473,22.53872,25.42914
31,19.825716,16.401531,20.346975,16.468033,17.839365,21.724943,20.138254,26.499403,25.929354,31.900194,31.040382,36.78362,35.49369,33.6787,31.87961,27.212532,26.453806,22.036919,22.68154,19.064674,21.376871,20.77267,21.257696,23.129179,21.770882,20.885729,18.12954,12.381238,10.094751,6.6594195,7.762077,0.0,5.7231297,9.514953,11.61598,14.550242,16.043629,13.463386,13.785416,12.271075,13.942293,14.724058,16.884987,19.447168,21.29113,27.832434,26.651966,32.036877,34.15183,36.238533,32.70852,30.898373,35.85777,36.811634,32.639698,32.73896,27.646404,29.136562,25.639954,21.928602,23.71474,20.330687,18.753113,20.295244,15.128395,20.322618,19.06025,17.365286,21.32321,23.154743,21.135298,24.663092,20.735823,25.769005,24.608538,27.202568,30.255775,28.35812,33.73559,31.084448,34.78503,36.90408,32.295662,29.157288,25.226538,25.11627,20.280922,17.751465,14.649782,11.7727165,11.74129,15.893962,15.524064,16.59801,17.610756,20.692337,19.749662,24.445908,23.924248,27.388239,28.449036,32.49309,35.71571,35.5272,32.170624,34.044994,27.588516,30.036386,26.305645,28.113977
32,25.498474,22.124338,25.990314,21.878786,23.001781,26.753801,24.569252,30.752804,29.52251,35.624065,34.089226,40.04643,37.965412,36.046585,33.449703,29.275126,27.826813,23.741701,23.774103,19.967896,21.902666,20.601269,22.03253,23.287792,22.511343,22.395433,19.501392,14.403247,12.916382,10.116083,8.9448805,5.7231297,0.0,4.371913,7.5379467,9.950506,12.6388035,10.962523,12.589275,12.445099,14.915042,16.585371,19.909098,22.07621,24.979809,30.997265,30.531734,35.683678,38.205254,40.02856,36.31955,35.38598,40.22023,40.748436,36.74315,36.395897,31.528337,32.323048,28.47364,24.600353,25.697166,21.521105,19.511152,19.64722,14.143899,18.966602,16.48665,14.404151,19.06064,21.428543,19.954262,24.18465,21.414755,25.834875,25.652008,28.08014,31.466639,30.424126,35.656593,33.79407,37.613438,40.17367,35.585793,32.76859,28.559172,29.197819,24.009192,22.138346,19.183828,16.880264,16.627525,20.33263,20.401917,20.353802,21.185621,23.613483,22.538065,26.937937,26.611242,29.277596,30.998796,34.495285,37.654118,38.136517,34.940613,37.231285,31.149988,34.157444,30.56708,32.839436
33,29.228676,25.670456,29.115597,24.639889,25.370245,28.948462,26.104197,31.976501,30.145767,36.25826,34.15199,40.206676,37.499557,35.497673,32.337624,28.622755,26.6712,22.975159,22.595303,18.869633,20.651777,19.070524,21.352243,22.42975,22.393215,22.898146,20.61813,15.956996,14.525998,12.732604,9.726845,9.514953,4.371913,0.0,5.1997294,6.1489673,9.608436,9.2182045,10.956075,11.56954,14.877694,16.534586,20.845665,22.34865,26.202766,31.49018,31.693928,36.525433,39.270596,40.977913,37.27453,37.046265,41.77215,42.06966,38.41671,37.690067,33.08743,33.14738,29.105003,25.481047,25.573215,21.135,18.675774,17.988516,12.221301,16.326376,13.052287,10.79535,15.702296,18.505816,17.2545,21.81267,19.978802,23.814096,24.368206,26.680105,30.185698,29.840883,34.87924,33.64216,37.516113,40.41752,35.934288,33.417267,29.024916,30.371647,24.917688,23.77842,20.991182,19.366846,18.97508,22.1256,22.982868,21.990698,22.376877,24.30129,22.963612,26.927292,26.604246,28.626265,30.712751,33.708885,36.77508,37.790707,34.76944,37.46281,31.783104,35.26875,31.936457,34.599976
34,30.193514,26.909771,29.949696,25.20432,26.292019,28.967012,26.850899,32.04271,30.059002,36.027386,33.61533,39.641396,36.49487,34.92911,31.313347,28.058922,26.4604,22.951038,23.418951,20.193527,22.874815,21.807384,24.593596,26.20043,26.548746,27.04788,25.237862,20.164322,17.943169,16.190329,12.839223,11.61598,7.5379467,5.1997294,0.0,3.8083184,5.462812,4.5207872,7.9164467,10.1899185,12.018239,15.21371,18.955547,20.745005,24.549284,29.64483,30.17734,34.80157,38.112274,39.177483,35.17547,35.866688,40.25678,39.917007,36.29991,35.204605,30.904642,30.597145,26.437248,22.561396,22.857887,17.92034,15.89216,14.230288,9.999913,14.23873,11.831512,11.353339,15.963692,20.029371,17.284023,21.792755,19.4426,22.56775,23.100395,24.751934,28.545885,28.34307,33.0935,32.39352,36.127796,39.18277,34.66748,32.528603,28.290394,29.681004,24.782972,23.523884,21.609987,20.142141,20.706812,23.838144,25.494146,24.890274,24.731636,26.97449,25.124687,28.821108,27.705032,29.985939,31.202318,34.161808,37.26775,38.378555,35.330063,38.661312,32.903706,36.437096,33.473164,35.846962
35,33.476494,30.00639,32.895424,28.033169,28.741674,31.521368,28.752707,33.81167,31.414015,37.342957,34.550636,40.594566,37.030354,35.30871,31.323046,28.458769,26.348572,23.25763,23.151005,20.018862,22.269705,20.890888,24.191286,25.472301,26.305098,27.258337,25.775454,21.223879,19.336662,18.138212,14.113724,14.550242,9.950506,6.1489673,3.8083184,0.0,4.5449963,6.375593,8.974715,11.4855995,14.201406,16.791662,21.30884,22.408913,26.89987,31.332157,32.33386,36.677113,39.99569,41.111458,37.23268,38.260036,42.60607,42.238426,38.9357,37.63622,33.53623,32.720074,28.505161,25.00166,24.358147,19.466415,17.008219,14.709752,10.302024,13.260837,9.782154,9.099986,13.73995,18.002344,15.8341255,20.543016,19.344467,21.88707,23.170965,24.79477,28.56975,29.01053,33.561165,33.32637,37.08989,40.374844,36.01237,34.066975,29.708374,31.64298,26.484516,25.842403,23.84463,22.80606,22.98211,25.704174,27.61267,26.29054,25.981369,27.72373,25.850206,29.182575,28.287523,29.907404,31.625792,34.100822,37.070976,38.62418,35.77327,39.250088,33.91507,37.774525,34.943897,37.668907
36,33.43132,30.077827,32.383602,27.315557,28.065784,30.096903,27.688047,32.041393,29.459812,35.168854,32.11968,38.067955,34.182453,32.800144,28.53077,26.070747,24.296371,21.44616,22.08257,19.516167,22.540443,21.785904,25.323608,27.20193,28.318787,29.188744,28.304771,23.379305,20.80098,19.898058,15.5540905,16.043629,12.6388035,9.608436,5.462812,4.5449963,0.0,3.867022,6.059599,9.660511,11.327236,14.512828,18.715145,19.650005,24.267075,28.191963,29.576221,33.604324,37.2635,37.963245,33.99274,35.750435,39.802383,39.040993,35.97495,34.366585,30.608604,29.310726,25.071817,21.729853,20.744276,15.712251,13.457677,10.443467,7.577834,10.26982,8.313136,9.70271,13.333933,18.36006,14.692371,19.03379,17.269571,19.183386,20.359388,21.453754,25.370111,25.930626,30.202324,30.388552,34.010914,37.405186,33.100647,31.500723,27.306484,29.401445,24.706732,24.236322,22.965866,22.33431,23.099487,25.537922,28.238771,27.058752,26.215328,28.143278,25.846395,28.840511,27.277576,29.093336,30.020283,32.431683,35.40233,36.989075,34.155987,38.12671,32.84288,36.73716,34.29966,36.828796
