,0,1,2,3,4,5,6,7,8,9,10,11,12,13,14,15,16,17,18,19,20,21,22,23,24,25,26,27,28,29,30,31,32,33,34,35,36,37,38,39,40,41,42,43,44,45,46,47,48,49,50,51,52,53,54,55,56,57,58,59,60,61,62,63,64,65,66,67,68,69,70,71,72,73,74,75,76,77,78,79,80,81,82,83,84,85,86,87,88,89,90,91,92,93,94,95,96,97,98,99,100,101,102,103,104,105,106,107,108
0,0.0,4.331552,7.09135,9.729782,12.425074,14.247844,17.16622,22.364414,24.66191,27.128574,31.576992,31.87396,36.800793,36.550735,32.516804,29.688843,25.701788,23.625084,18.33433,18.378756,14.914741,14.282576,12.16038,16.27001,19.010328,19.141956,22.298262,22.459894,26.967752,24.606958,32.912647,28.70044,35.85882,34.812336,37.019188,40.29943,38.176674,36.963997,33.170887,30.594835,33.48515,29.413834,33.429443,31.568922,26.631088,29.317863,24.495789,26.310255,23.935266,26.153933,29.334549,30.896587,35.542416,37.80469,38.557358,34.923965,35.845184,37.716,42.004883,41.982197,38.59113,36.246967,41.287704,41.253838,45.192318,41.482807,38.03472,43.394257,40.497875,37.242283,38.699974,39.017654,36.59427,32.89975,33.852192,31.757551,33.169006,36.8969,37.696743,42.4067,39.302673,44.258564,43.652477,39.321056,35.68492,32.21458,29.58923,25.909739,21.406372,20.030432,18.398693,16.492393,18.531073,22.246944,25.024853,24.263083,29.170403,29.20721,35.271683,35.489372,40.640305,42.01285,41.156055,38.784904,36.99513,33.100033,32.195007,28.050638,28.950006
1,4.331552,0.0,4.3493934,6.6201267,8.515764,10.97486,13.633039,18.55027,21.00765,23.134659,27.749035,28.377691,33.035484,32.694225,28.697659,25.667639,21.724733,19.379726,14.330204,14.113969,10.944979,10.153645,8.669084,12.824155,15.236953,15.540714,18.284939,18.545845,22.936481,20.852684,29.100231,25.142008,32.374893,31.516787,33.930183,37.30119,35.521626,34.274574,30.313553,27.521456,30.340818,26.104685,29.915121,27.883923,23.171223,25.514225,21.063549,22.638063,20.620644,22.472313,25.54373,26.93042,31.666487,33.724472,34.69115,31.153172,31.82879,33.77556,37.965427,38.020027,34.695076,32.123672,37.06975,36.959347,40.928772,37.357574,33.77403,39.114765,36.34349,33.07367,34.679523,34.956535,32.69742,28.854483,30.08338,27.718973,29.400192,32.9578,33.653088,38.322277,35.081448,39.99768,39.33223,34.991383,31.360334,27.888346,25.278322,21.608667,17.11857,15.876104,14.560291,13.162529,15.518044,18.72081,21.263483,20.447645,25.13519,25.046635,31.134447,31.228947,36.40017,37.788387,37.036266,34.648552,33.116108,29.09433,28.472195,24.328964,25.57585
2,7.09135,4.3493934,0.0,4.9748635,7.170381,7.2399783,11.4263315,15.5684185,18.346684,20.650269,25.000128,25.76503,30.453352,30.826323,27.266054,24.305086,20.58087,18.55802,14.393099,14.096583,12.266601,10.962963,11.115085,15.0813,16.789545,17.331217,18.9755,18.904486,22.735252,20.555428,28.310463,24.130344,31.25121,29.764729,32.57456,35.471073,33.881546,33.0872,28.856497,26.155754,29.672583,25.800852,29.516739,27.844233,23.75544,25.990683,22.375404,24.023617,22.71281,23.968828,26.763277,27.666655,32.576996,34.03293,35.493073,32.125717,32.07821,33.88267,38.045227,37.786316,34.324787,31.66254,36.2963,35.94112,39.789963,36.23055,32.3881,37.448677,34.277805,30.945236,32.000904,32.265877,29.669838,26.146322,26.923613,25.236443,26.802116,30.650208,31.828827,36.50577,33.268925,38.486942,37.840286,33.737144,29.93054,26.741678,23.908575,20.679518,16.817612,15.569801,15.2951765,14.135341,17.370247,19.640686,21.645533,21.39598,25.435434,25.214203,31.220388,30.88269,36.099045,37.392696,36.927082,34.30686,33.458206,28.788288,28.55794,24.272087,25.358448
3,9.729782,6.6201267,4.9748635,0.0,3.7728481,6.578,7.4762573,13.496342,15.058062,17.980568,22.175093,22.155642,27.190401,27.05247,23.222042,20.638866,16.770704,15.704553,10.987232,12.121051,10.540839,10.654778,11.206579,14.024029,15.650409,15.29103,16.406096,15.460772,19.226887,16.386295,24.161993,19.654787,26.74405,25.330288,27.886398,30.959385,29.211754,28.251024,24.122662,21.441784,24.88402,21.132431,25.028065,23.67541,19.60931,22.397844,18.902271,21.484453,20.720976,22.417973,24.992634,25.267342,30.243567,31.501005,32.74109,29.216097,28.973963,30.356527,34.858223,34.09088,30.413124,28.329075,33.222015,33.27729,36.88041,32.763233,29.54957,34.902905,31.463785,28.33381,29.731398,30.570864,28.05581,24.662476,26.34426,24.666128,27.203575,30.66826,31.72281,36.194416,32.29217,37.35434,36.04917,31.864845,27.946856,25.057713,21.618975,19.481295,15.433017,15.418716,15.708274,15.808657,18.572346,20.412554,22.091963,21.010405,24.671917,23.68558,29.837631,28.963326,34.23685,35.94722,35.85448,33.46798,33.070732,28.634508,29.050648,25.002422,26.903305
4,12.425074,8.515764,7.170381,3.7728481,0.0,6.119142,5.436432,10.946796,12.702532,14.985009,19.519886,20.023699,24.614168,24.2075,20.341702,17.401726,13.537187,11.988797,7.6460757,8.532907,7.891479,8.104342,9.788856,11.837113,12.813291,12.605842,13.004744,12.187245,15.7822485,13.414492,21.165447,17.121777,24.318157,23.329365,26.083754,29.358696,28.0605,26.965982,22.72554,19.744642,22.876919,18.84173,22.405825,20.7261,16.938805,19.186226,16.195808,18.370485,18.051083,19.282816,21.666475,21.760178,26.767954,27.859152,29.285227,25.888525,25.451897,26.972437,31.325127,30.74909,27.201212,24.794989,29.618223,29.603539,33.292046,29.375797,25.989798,31.382246,28.201656,25.044432,26.76115,27.521341,25.307224,21.636364,23.772999,21.599564,24.487028,27.643646,28.46531,32.86131,28.82002,33.765266,32.40726,28.163635,24.282866,21.341808,17.941378,15.824215,11.806622,12.213137,13.019236,13.919837,16.626366,17.761097,19.085148,17.878065,21.17944,20.030842,26.155758,25.197237,30.470776,32.200806,32.175224,29.822508,29.620459,25.201187,25.8999,21.992834,24.276323
5,14.247844,10.97486,7.2399783,6.578,6.119142,0.0,6.783918,8.717954,11.860572,14.152293,18.147049,19.277885,23.729683,24.857779,21.981915,19.130054,15.976771,14.639136,12.572899,12.365897,13.072941,11.822084,14.201112,16.904345,17.32631,17.922493,17.515179,16.850988,19.394688,17.374422,23.867382,19.777527,26.4912,24.427137,27.841198,30.189945,29.218842,28.942598,24.370699,21.681536,25.859058,22.5322,25.758564,24.554068,21.762875,23.526932,21.591684,23.250507,23.300152,23.638926,25.757936,25.657965,30.654615,31.069746,33.2028,30.198267,28.976294,30.471422,34.495457,33.757015,30.211412,27.474718,31.564587,30.962334,34.5294,30.990473,26.94986,31.633741,27.978756,24.65295,25.1938,25.62635,22.761072,19.625223,20.439442,19.512117,21.649172,25.469648,27.13209,31.603626,27.997763,33.439575,32.50309,28.74733,24.741385,22.17312,18.897346,16.982033,14.397634,13.962777,15.612712,15.834565,19.543034,20.01032,20.858206,20.937124,23.540424,22.753595,28.442701,27.240227,32.400684,33.71654,33.86192,31.098793,31.533255,26.222721,27.018948,22.901203,24.389557
6,17.16622,13.633039,11.4263315,7.4762573,5.436432,6.783918,0.0,7.6172585,7.7301445,11.096132,14.971613,14.778756,19.755686,19.699654,16.181469,13.825318,10.340161,10.765852,8.376737,10.385515,11.640741,12.292724,14.714602,15.764296,15.97449,15.370792,14.05889,12.07862,14.265799,11.298549,17.800253,13.254884,20.114166,18.409328,21.478025,24.333307,23.234566,22.54676,18.067015,15.197196,19.128084,15.842325,19.249197,18.426748,15.836418,18.235754,16.733255,19.538534,20.393126,21.277649,23.014261,22.041088,27.009048,27.207523,28.936419,25.742418,24.305225,25.198877,29.69691,28.294586,24.460133,22.568104,27.12155,27.215792,30.45,26.06331,23.058239,28.307323,24.41534,21.443794,22.846132,24.2051,21.744095,18.703032,21.26979,19.971287,23.58549,26.524033,27.706219,31.770344,27.215473,32.204433,30.264437,26.324234,22.253588,20.118055,15.974502,15.854158,13.044057,14.511946,16.515265,18.158232,20.9211,21.055857,21.583704,20.383709,22.46602,20.594198,26.37015,24.48274,29.652147,31.6031,32.211777,29.90533,30.783834,26.129313,27.693352,24.077415,26.674305
7,22.364414,18.55027,15.5684185,13.496342,10.946796,8.717954,7.6172585,0.0,5.175939,5.6479716,9.67791,12.207088,15.52317,17.113226,15.21438,12.322866,10.601338,10.21501,12.202114,11.976503,15.359378,14.682566,18.380728,19.21024,18.136127,18.676487,15.85141,14.752243,14.97044,14.012484,17.896254,14.909985,20.605194,18.581217,22.663322,24.633293,24.86994,24.898472,20.209528,17.42699,21.52124,18.829718,20.828148,19.94665,19.210958,19.764038,20.29587,21.474052,23.156012,22.336603,23.374496,22.012342,26.709745,25.830334,28.674658,26.32657,23.743242,24.883228,28.460125,27.361652,23.993261,21.044424,24.285688,23.421787,26.642685,23.32034,19.046759,23.327648,19.3766,16.069393,16.530457,17.276335,14.568515,11.53197,13.660811,12.974626,16.667225,19.61942,21.370987,25.294989,20.953217,26.320024,24.802237,21.426899,17.313238,15.73503,11.981522,12.6028,12.38774,13.528113,16.92806,18.843851,22.114176,20.620129,20.006289,20.087677,20.559322,18.95018,23.769457,21.483574,26.329704,27.747648,28.679535,26.002447,27.988419,22.514124,24.689293,21.334524,23.620167
8,24.66191,21.00765,18.346684,15.058062,12.702532,11.860572,7.7301445,5.175939,0.0,4.970985,7.3823433,7.666506,12.184647,13.267459,11.235038,9.49151,8.223548,10.58048,12.516916,13.910427,17.11751,17.518494,20.852997,21.012537,20.062965,19.712584,16.452526,14.2189865,13.646073,11.772529,14.401429,10.803269,16.023222,13.519008,17.600668,19.513252,19.705708,19.814766,15.124668,12.486884,16.966837,15.039565,16.996002,17.041553,17.034798,18.209288,19.360546,21.593695,23.830528,23.55626,24.27809,22.141556,26.68167,25.450907,27.954473,25.52042,22.553713,22.881481,26.887026,24.826464,21.077587,19.249493,22.681383,22.482958,25.109135,20.784433,17.744131,22.296852,17.639946,14.858696,15.652446,17.618124,15.0510235,12.964219,16.228745,16.038877,20.488894,22.75653,24.311998,27.714268,22.719912,27.61685,25.143816,21.888243,17.797417,17.03099,12.51915,15.167283,14.824302,17.010952,20.268572,22.643671,25.436653,24.075603,23.429752,22.678041,22.838469,20.42551,25.09385,22.124514,26.804937,28.744085,30.159975,27.88635,30.296873,25.383322,28.027447,25.035515,27.842505
9,27.128574,23.134659,20.650269,17.980568,14.985009,14.152293,11.096132,5.6479716,4.970985,0.0,5.1523557,8.875891,10.718949,11.900466,10.695632,7.930812,8.061675,9.036744,13.348383,13.485244,17.644917,17.616495,21.450987,21.123526,19.398958,19.62285,15.590357,14.160012,12.496171,12.486087,13.749148,12.107585,16.584452,15.104095,19.358416,21.285576,22.385363,22.375252,17.945366,15.191301,18.597486,16.45087,17.325115,16.700285,17.574509,17.253359,19.50844,20.462442,23.143888,21.847174,22.076727,19.773603,24.019075,22.268202,25.375032,23.498846,20.04487,20.76143,24.045774,22.594694,19.386225,16.50934,19.201395,18.403492,21.284239,17.879025,13.75713,18.031063,13.868164,10.677339,11.848004,13.288158,11.316134,8.455031,12.637737,11.670149,16.614597,18.286572,19.626266,22.852121,17.763584,22.657282,20.337229,17.156961,13.061795,12.555757,8.338024,11.804634,13.049008,15.320152,19.090782,21.855433,24.48381,22.17973,20.85437,20.521664,19.62805,17.283932,21.255169,18.119839,22.589594,24.282724,25.831219,23.48419,26.425467,21.413342,24.469265,21.904072,24.81884
10,31.576992,27.749035,25.000128,22.175093,19.519886,18.147049,14.971613,9.67791,7.3823433,5.1523557,0.0,5.881473,6.022547,9.335722,10.335144,9.479553,11.233602,13.587416,17.973553,18.53378,22.634295,22.748669,26.530653,26.116722,24.364388,24.380554,20.107782,18.305458,15.795796,15.668676,14.339312,13.256039,15.574455,13.195651,17.73008,18.505283,20.36739,21.091583,16.955954,14.947029,18.602413,17.855898,17.962843,18.401196,20.501759,20.157139,23.271154,24.499878,27.582197,26.232058,26.056091,23.208122,26.967714,24.443707,27.687538,26.236614,22.077522,22.060776,25.008005,22.748535,19.638575,17.590317,19.177933,18.378738,20.267487,16.752438,13.417518,16.53603,11.251826,8.766198,8.503257,11.1782255,8.92426,8.480444,12.550605,13.428507,18.32027,19.43598,21.165953,23.596203,18.419,22.916435,20.056751,17.852737,14.18835,15.164982,11.407619,16.150911,18.01123,20.33764,24.179216,26.943903,29.583355,27.073013,25.477827,25.235342,23.688951,21.143608,24.227816,20.507324,24.26766,25.963854,28.089806,25.939209,29.717436,24.856663,28.325123,26.146393,28.958944
11,31.87396,28.377691,25.76503,22.155642,20.023699,19.277885,14.778756,12.207088,7.666506,8.875891,5.881473,0.0,6.197764,8.318861,8.87083,10.103737,11.496055,15.65923,18.597198,20.470877,23.874138,24.710064,27.9938,27.522913,26.30504,25.54639,21.613077,18.87917,16.615889,15.02984,13.1877,10.795124,12.203225,8.275342,12.835836,13.244229,14.686754,15.762193,11.634061,10.268104,14.751381,15.1982565,15.69558,17.400333,19.539927,20.444813,23.220211,25.760946,28.818047,28.418427,28.397448,25.289883,29.088846,26.79734,29.319536,27.458786,23.50407,22.66887,26.351662,23.016026,19.328318,18.963604,21.227026,21.426714,22.695217,17.798088,16.46537,19.990654,14.33947,12.879001,13.022407,16.455648,14.268713,14.361327,18.125593,19.186493,24.033543,25.308704,26.926153,29.292686,23.928612,28.040298,24.590437,22.312412,18.762943,19.683472,15.373282,20.207987,20.929705,23.64537,27.105186,29.85946,32.35661,30.522133,29.379654,28.425055,27.482988,24.507692,28.037819,24.171682,27.980642,30.16725,32.389706,30.547976,34.041462,29.589794,32.958363,30.624561,33.677345
12,36.800793,33.035484,30.453352,27.190401,24.614168,23.729683,19.755686,15.52317,12.184647,10.718949,6.022547,6.197764,0.0,6.125861,9.834915,11.256645,14.265345,17.729677,22.205383,23.328827,27.363285,27.95178,31.580639,30.665426,28.836447,28.428453,23.859116,21.6563,18.259354,18.195791,13.965967,14.099952,13.356256,10.894577,15.067474,14.766401,17.73762,18.89997,15.673908,14.610679,17.49127,18.302979,17.269485,18.794302,22.262312,21.792824,25.86933,27.402687,30.987608,29.728197,29.049229,25.551306,28.62957,25.422699,28.469688,27.462107,22.746552,21.766922,24.358835,21.103073,18.234467,17.555456,18.085932,17.81496,18.31907,14.36279,13.061758,15.064355,9.097614,8.639917,8.207928,12.265614,11.165833,12.505294,16.622562,17.910164,22.826082,23.027802,24.481022,25.94391,20.604397,24.018904,20.245428,18.935581,16.076405,18.259434,14.912172,20.720268,22.803226,25.568325,29.349972,32.40275,34.707478,32.048695,30.25535,29.632084,27.496132,24.522371,26.742811,22.479403,25.385263,27.34526,30.055487,28.419899,32.812206,28.624027,32.504257,30.854975,33.929005
13,36.550735,32.694225,30.826323,27.05247,24.2075,24.857779,19.699654,17.113226,13.267459,11.900466,9.335722,8.318861,6.125861,0.0,5.093017,7.967696,11.649739,15.766329,20.12304,21.78167,25.593733,26.87412,30.1679,28.45918,26.589237,25.65207,20.950916,18.475286,14.45511,14.689015,8.469422,10.241188,8.145913,8.187731,11.538347,12.951263,15.88195,15.849472,13.183876,11.794257,12.797934,13.6933365,11.705708,13.434838,17.760132,17.067814,21.76573,23.517399,27.431353,26.494696,25.521069,21.608686,24.319075,21.167889,23.620113,22.561125,17.867344,16.289412,19.284521,15.474147,12.321925,12.669486,13.934393,14.845776,15.267705,9.785618,10.437486,13.934358,9.09704,9.209872,11.798325,15.514851,15.50785,15.340826,20.508879,20.090052,25.481762,25.260698,25.770329,27.194778,21.421412,24.09728,19.642027,17.669643,15.064377,17.086706,13.601335,19.82698,21.422476,24.83286,28.26233,31.748924,33.371876,30.844042,29.154114,27.664755,25.500463,21.999546,24.148132,19.746109,22.569145,25.153034,27.90331,26.811758,30.864038,27.61523,31.558857,30.230318,33.904434
14,32.516804,28.697659,27.266054,23.222042,20.341702,21.981915,16.181469,15.21438,11.235038,10.695632,10.335144,8.87083,9.834915,5.093017,0.0,4.3450274,7.340585,12.102781,15.651864,17.857758,21.266418,22.97291,25.942047,24.054106,22.444235,21.129143,16.675774,13.813938,10.115612,9.717716,4.403903,5.3901567,6.2341695,7.555744,10.562045,13.799203,15.402225,14.353466,11.19089,8.760528,9.430449,8.9624815,7.769889,9.075274,12.796066,12.753712,16.92158,19.268599,22.99979,22.655174,22.028578,18.29525,21.523544,19.241117,21.144531,19.328764,15.336798,14.012589,18.114855,14.619596,10.660801,10.971383,14.335697,15.735355,17.183002,11.274976,11.52085,16.593304,12.628306,11.693784,15.044179,18.19073,17.856993,16.373573,21.712025,20.338915,25.806433,26.064528,26.286884,28.369415,22.527082,25.53844,21.374994,18.373316,15.316543,16.126955,12.016392,17.53544,18.066795,21.727972,24.779266,28.305775,29.684568,27.657734,26.400316,24.35483,22.97136,19.310158,22.438934,18.431147,22.021002,24.887533,27.150385,26.044744,29.21673,26.131287,29.697338,28.06808,31.959269
15,29.688843,25.667639,24.305086,20.638866,17.401726,19.130054,13.825318,12.322866,9.49151,7.930812,9.479553,10.103737,11.256645,7.967696,4.3450274,0.0,4.1162343,7.9497814,12.410493,13.946119,17.743162,19.143806,22.351171,20.504065,18.642136,17.749218,13.071144,10.714851,7.025557,7.6708517,5.934958,6.417135,10.2737465,11.370851,14.573142,17.888403,19.127499,17.987959,14.368463,11.361714,12.416233,10.09689,9.824599,9.106273,11.603355,10.846422,14.708924,16.276932,19.880981,19.103384,18.659311,15.27366,19.030386,17.107903,19.430946,17.442108,13.70906,13.550865,17.550137,15.368702,11.752378,9.9285,13.865977,14.593573,17.13643,12.2511425,10.352553,16.045431,12.685883,10.711138,14.422016,16.758505,16.420898,13.863522,19.247667,17.037416,22.44842,22.889874,22.95685,25.478916,19.746899,23.19732,19.603186,15.99486,12.501676,12.468416,8.061246,13.224981,13.819254,17.457212,20.604343,24.173695,25.59249,23.39684,22.098843,20.221449,18.929562,15.4228945,19.051176,15.34403,19.54499,22.21374,24.107122,22.698723,25.546015,22.14951,25.561178,23.778393,27.654913
16,25.701788,21.724733,20.58087,16.770704,13.537187,15.976771,10.340161,10.601338,8.223548,8.061675,11.233602,11.496055,14.265345,11.649739,7.340585,4.1162343,0.0,5.441877,8.474275,10.619013,14.010227,15.651747,18.640463,17.020864,15.574296,14.468754,10.295649,7.5001025,5.6065674,4.5607667,8.044955,5.9823976,12.27175,12.94576,15.901395,19.620499,19.944107,18.53189,14.593713,11.206014,12.790425,9.232525,10.701855,9.346734,9.542052,10.007469,12.1191225,14.339341,17.337198,17.217295,17.481195,14.787068,19.191174,18.310328,20.191168,17.511446,14.876887,15.258066,19.709469,18.012705,14.271532,12.396065,17.102612,17.806095,20.78082,16.064356,13.891753,19.718792,16.522167,14.1460085,17.437773,19.386711,18.508852,15.375326,20.235447,17.74193,22.823244,23.939735,24.074284,27.182064,21.721035,25.589123,22.526497,18.51178,14.803193,13.602522,9.037952,12.291063,11.403868,15.011817,17.804272,21.193272,22.674728,21.121803,20.389809,18.255756,18.121346,14.855889,19.590616,16.605959,21.35113,23.935654,25.279251,23.67574,25.627266,22.059748,24.899763,22.593739,26.395554
17,23.625084,19.379726,18.55802,15.704553,11.988797,14.639136,10.765852,10.21501,10.58048,9.036744,13.587416,15.65923,17.729677,15.766329,12.102781,7.9497814,5.441877,0.0,6.4350677,6.20636,10.517135,11.475048,14.893171,13.188912,11.116013,11.019922,6.580479,5.9359536,5.6570473,7.189887,12.1591425,11.253236,17.353703,18.308773,21.305403,24.996477,25.36504,23.902847,19.967182,16.547255,17.820345,13.611455,14.959737,12.234171,11.137749,10.198693,11.329135,11.579556,14.115531,13.096961,13.712743,11.990915,16.82477,16.638664,18.88377,16.245998,14.386655,16.143871,19.906693,19.771215,16.792812,13.236567,17.775171,17.738491,21.572117,18.227345,14.571656,20.262903,18.181717,15.284339,18.647606,19.45377,18.849998,14.669193,19.064638,15.289302,19.860235,21.08984,20.81028,24.380234,19.436201,23.506115,21.379473,16.921644,13.253724,10.61627,6.9239764,7.4011183,6.0260234,9.774293,12.679238,16.280758,17.674532,15.746459,14.957036,13.0211115,13.19768,10.4393015,15.895998,13.84497,19.0375,21.186237,21.862705,19.938526,21.15997,17.332237,19.771719,17.272491,21.108438
18,18.33433,14.330204,14.393099,10.987232,7.6460757,12.572899,8.376737,12.202114,12.516916,13.348383,17.973553,18.597198,22.205383,20.12304,15.651864,12.410493,8.474275,6.4350677,0.0,4.5242305,5.769872,8.251735,10.422835,9.115576,8.776342,7.4397206,6.020759,4.551074,8.639609,7.0811725,15.220746,12.488128,19.56805,20.245998,22.574656,26.674755,25.915796,24.074238,20.25056,16.875916,18.284882,13.495882,16.44473,13.8782835,10.019373,11.610313,9.069776,11.277866,12.086642,13.2679205,15.146755,14.600198,19.564388,20.72804,21.811491,18.325994,18.044542,19.610516,24.027079,23.705029,20.388977,17.969357,23.21421,23.704315,27.409132,23.448124,20.66454,26.526573,24.140701,21.329084,24.36344,25.375528,24.19359,20.160376,23.861418,20.490458,24.42692,26.387089,26.266329,30.182484,25.56541,29.711386,27.747606,23.208946,19.65075,16.729788,13.347282,12.111506,7.8868175,10.567931,11.743916,14.606379,15.813166,15.847254,16.513937,13.870816,16.382265,14.25485,20.355474,19.171871,24.35537,26.567366,26.725376,24.91939,24.855967,21.447187,22.819445,19.747086,23.232197
19,18.378756,14.113969,14.096583,12.121051,8.532907,12.365897,10.385515,11.976503,13.910427,13.485244,18.53378,20.470877,23.328827,21.78167,17.857758,13.946119,10.619013,6.20636,4.5242305,0.0,4.7650185,5.3369694,8.743971,7.693179,6.2318187,6.9874363,5.539585,6.8835063,10.127599,10.491091,17.611132,15.78773,22.583078,23.286308,26.03348,29.900608,29.575798,27.94882,23.970007,20.544626,22.014162,17.2727,19.574362,16.532387,13.308662,13.304508,11.349995,11.190719,11.623705,11.376324,13.442146,13.711193,18.675953,19.94391,21.582748,18.512348,18.295866,20.617117,24.30645,24.87695,22.065529,18.539473,23.242489,23.079514,27.19881,24.218496,20.411436,25.907799,24.124949,21.03612,23.94347,24.200556,23.227757,18.728037,21.951723,17.90813,21.28605,23.284649,22.968355,27.111225,23.01799,27.276644,26.038685,21.464193,18.051847,14.510519,12.077972,8.80731,3.8874662,6.062726,7.5519214,10.767458,12.231839,11.609409,12.163706,10.107595,12.899593,11.590266,17.79375,17.27796,22.506783,24.229635,23.974316,21.859825,21.430714,17.62773,18.649746,15.351099,18.721684
20,14.914741,10.944979,12.266601,10.540839,7.891479,13.072941,11.640741,15.359378,17.11751,17.644917,22.634295,23.874138,27.363285,25.593733,21.266418,17.743162,14.010227,10.517135,5.769872,4.7650185,0.0,3.756996,4.7528267,4.1437907,5.206923,5.151969,7.4669933,8.690298,13.194515,12.581271,20.625177,18.230787,25.256153,25.996265,28.276329,32.39663,31.464474,29.566767,25.806252,22.491169,23.774755,18.831234,21.758007,18.730553,14.242739,15.295266,11.302515,11.85764,10.590769,12.019089,14.864036,16.004389,20.749313,22.898586,23.75478,20.28485,21.126724,23.38751,27.317884,27.935972,25.065882,22.08954,27.163435,27.319029,31.398565,28.155972,24.828745,30.46949,28.671118,25.655396,28.548632,28.901112,27.748276,23.322657,26.235176,22.352093,25.297163,27.563744,27.206085,31.44715,27.596582,31.742529,30.596539,25.957588,22.686356,19.058546,16.766325,13.232101,8.070861,8.732322,7.8685837,9.92021,10.753096,12.162406,13.954014,11.433656,15.69078,14.857328,21.06064,21.118603,26.216034,27.969736,27.345465,25.41814,24.046911,20.85585,21.053322,17.633812,20.60592
21,14.282576,10.153645,10.962963,10.654778,8.104342,11.822084,12.292724,14.682566,17.518494,17.616495,22.748669,24.710064,27.95178,26.87412,22.97291,19.143806,15.651747,11.475048,8.251735,5.3369694,3.756996,0.0,4.208697,5.8578506,6.155615,7.969505,9.612671,11.413466,15.303078,15.181545,22.806854,20.5125,27.538141,27.89636,30.600582,34.40059,33.686954,32.108376,28.083097,24.75296,26.528488,21.72801,24.461903,21.441986,17.472378,17.938606,14.652107,14.230618,12.936056,13.216098,16.036488,17.530825,22.220839,24.163681,25.544046,22.421976,22.969458,25.524147,29.05745,29.979826,27.259674,23.706942,28.326815,27.969913,32.224842,29.50984,25.469952,30.741615,29.032255,25.794664,28.26238,28.132051,26.860722,22.319174,24.539154,20.62425,22.903545,25.491253,25.305342,29.768055,26.413725,30.8276,30.255013,25.752089,22.48687,18.648584,16.831427,12.268328,7.4824834,6.395151,5.269884,6.6495733,8.673944,9.955074,11.9064865,10.605078,15.01487,14.974353,21.001328,21.37322,26.44728,27.759638,26.918531,24.640518,23.164858,19.36524,19.161009,15.324161,17.74491
22,12.16038,8.669084,11.115085,11.206579,9.788856,14.201112,14.714602,18.380728,20.852997,21.450987,26.530653,27.9938,31.580639,30.1679,25.942047,22.351171,18.640463,14.893171,10.422835,8.743971,4.7528267,4.208697,0.0,4.5964856,7.0092716,8.068773,11.633964,13.360387,17.84209,17.298918,25.375952,22.877234,29.960127,30.504993,32.805733,36.84572,35.72323,33.88528,30.105452,26.865927,28.322874,23.396315,26.44431,23.373722,18.663177,19.677965,15.215985,15.126191,12.663588,14.1231,17.347698,19.404106,23.827312,26.431192,27.178705,23.810717,25.163322,27.685366,31.351873,32.36843,29.665106,26.492699,31.405796,31.333805,35.566727,32.671204,29.035513,34.47271,32.84744,29.699677,32.316605,32.296097,31.013426,26.503517,28.697718,24.803913,26.90062,29.502996,29.164516,33.60397,30.369967,34.579643,34.002224,29.415606,26.291887,22.402864,20.652376,16.135199,11.19879,10.140951,7.589817,7.568801,8.252837,11.456797,14.215909,12.419216,17.580214,17.725206,23.663061,24.430206,29.371216,30.755283,29.6465,27.605894,25.406527,22.312883,21.545393,17.88451,20.029327
23,16.27001,12.824155,15.0813,14.024029,11.837113,16.904345,15.764296,19.21024,21.012537,21.123526,26.116722,27.522913,30.665426,28.45918,24.054106,20.504065,17.020864,13.188912,9.115576,7.693179,4.1437907,5.8578506,4.5964856,0.0,3.499683,3.8480213,8.277847,10.549404,14.972237,15.09062,22.81101,21.085947,27.816174,29.16192,31.149336,35.53881,34.62779,32.43215,28.956844,25.641268,26.19857,21.078808,23.714045,20.232224,15.51342,16.002989,11.419195,10.734502,8.069253,9.966202,13.237519,15.387532,19.633707,22.57291,22.924265,19.484495,21.303858,23.908796,27.48386,28.77071,26.333925,23.239046,28.28621,28.521189,32.711548,29.87653,26.678427,32.267193,31.1268,28.226042,31.465197,31.597471,30.825815,26.21374,29.176664,24.764103,27.435324,29.369652,28.499594,32.624123,29.094614,32.7773,31.873178,27.164007,24.327948,20.476519,18.93489,14.8101015,9.83845,10.0326605,7.6688104,9.50108,8.582275,10.814111,13.160803,9.998016,15.020482,14.7201605,20.583422,21.43349,26.217499,27.872313,26.788631,25.148308,22.840473,20.579285,20.16628,17.130825,20.12017
24,19.010328,15.236953,16.789545,15.650409,12.813291,17.32631,15.97449,18.136127,20.062965,19.398958,24.364388,26.30504,28.836447,26.589237,22.444235,18.642136,15.574296,11.116013,8.776342,6.2318187,5.206923,6.155615,7.0092716,3.499683,0.0,3.6359732,6.10765,9.338461,13.029366,14.172901,21.174238,20.157032,26.61412,28.20476,30.403519,34.730156,34.267975,32.143093,28.607525,25.197844,25.589752,20.492493,22.571484,18.826515,14.848417,14.255034,10.864363,8.789361,7.0860977,7.2757306,10.377829,12.527414,16.857533,19.568754,20.330853,17.179583,18.688765,21.584326,24.8027,26.426971,24.249847,20.641838,25.40576,25.43139,29.724228,27.318073,23.829988,29.260344,28.496574,25.62288,29.02364,28.960571,28.519667,23.800558,26.95668,22.179152,24.968987,26.52882,25.40399,29.39897,25.878048,29.389881,28.564184,23.86209,21.188753,17.259296,16.14653,11.789851,7.1663713,7.777588,6.037667,9.172795,8.240148,8.723413,10.394027,6.856126,11.573648,11.257143,17.127764,18.046577,22.815006,24.395956,23.328983,21.66456,19.55276,17.250189,17.154547,14.338138,17.78365
25,19.141956,15.540714,17.331217,15.29103,12.605842,17.922493,15.370792,18.676487,19.712584,19.62285,24.380554,25.54639,28.428453,25.65207,21.129143,17.749218,14.468754,11.019922,7.4397206,6.9874363,5.151969,7.969505,8.068773,3.8480213,3.6359732,0.0,5.1319966,7.35962,11.658686,12.105265,19.466063,18.22092,24.632832,26.471334,28.238358,32.80827,32.069553,29.682867,26.422266,23.093487,23.07349,17.906075,20.244219,16.591675,11.973893,12.217548,7.7224393,7.2207327,5.4857864,7.8610163,10.765327,12.227708,16.59523,19.427544,19.579493,15.970272,17.756594,20.201782,23.950304,25.08274,22.660015,19.808424,25.046587,25.61318,29.649696,26.59388,23.880693,29.637377,28.60109,25.935932,29.57098,30.006826,29.513168,25.00074,28.61191,24.11758,27.42302,28.910252,27.852026,31.685926,27.70528,31.088196,29.684067,24.929876,22.171516,18.587198,16.832626,13.710229,9.008267,10.677295,9.49014,12.374652,11.431256,12.333012,13.832265,9.908563,13.92721,12.709529,18.582851,18.980812,23.74076,25.768167,25.022326,23.66581,21.86804,19.965527,20.285664,17.717968,21.339066
26,22.298262,18.284939,18.9755,16.406096,13.004744,17.515179,14.05889,15.85141,16.452526,15.590357,20.107782,21.613077,23.859116,20.950916,16.675774,13.071144,10.295649,6.580479,6.020759,5.539585,7.4669933,9.612671,11.633964,8.277847,6.10765,5.1319966,0.0,3.9165025,6.9566402,8.727035,15.110489,14.619351,20.702057,22.71668,24.794485,29.20702,29.049988,26.847517,23.472424,20.056963,19.992376,14.987733,16.630848,12.8476715,9.586369,8.524449,6.8028617,5.8398776,7.559962,7.5582175,9.135033,8.911843,13.844898,15.612234,16.541378,13.186227,13.664764,16.091375,19.858017,20.763533,18.288483,15.006572,20.15944,20.655819,24.66572,21.614912,18.756319,24.551584,23.523104,20.944492,24.798477,25.36331,25.146616,20.733904,24.884039,20.367826,24.288599,25.336544,24.26505,27.836496,23.403028,26.732677,24.929935,20.191177,17.326077,14.027097,11.986696,10.042569,6.3441544,9.657356,10.443676,14.222683,14.070053,13.100968,13.264902,9.606851,11.59213,9.216496,15.21009,14.684309,19.657295,21.911823,21.741661,20.342415,19.761059,17.433138,18.856136,16.603306,20.715408
27,22.459894,18.545845,18.904486,15.460772,12.187245,16.850988,12.07862,14.752243,14.2189865,14.160012,18.305458,18.87917,21.6563,18.475286,13.813938,10.714851,7.5001025,5.9359536,4.551074,6.8835063,8.690298,11.413466,13.360387,10.549404,9.338461,7.35962,3.9165025,0.0,4.9412484,4.95001,12.27844,11.0182705,17.377037,19.261656,21.155561,25.654886,25.277239,23.019371,19.67855,16.288017,16.294214,11.256873,13.394708,10.087274,6.476553,7.090689,5.611623,7.86403,10.063978,11.072902,12.213722,10.849603,15.646903,16.781713,17.525599,13.966575,13.755943,15.268972,19.769482,19.581951,16.47915,14.185279,19.719908,20.66751,24.261713,20.274706,18.158054,24.205227,22.430433,20.021332,23.818878,25.009356,24.509485,20.517132,24.97389,21.14929,25.542612,26.71298,26.035814,29.48902,24.590006,28.050152,25.638214,21.033455,17.871027,15.232209,12.114015,11.978324,8.677397,12.268538,13.513691,17.034916,17.364786,16.710903,16.847763,13.462518,14.987191,12.088735,17.770763,16.339466,21.280079,23.866781,24.22337,22.900639,23.031292,20.502014,22.339705,20.012661,24.054352
28,26.967752,22.936481,22.735252,19.226887,15.7822485,19.394688,14.265799,14.97044,13.646073,12.496171,15.795796,16.615889,18.259354,14.45511,10.115612,7.025557,5.6065674,5.6570473,8.639609,10.127599,13.194515,15.303078,17.84209,14.972237,13.029366,11.658686,6.9566402,4.9412484,0.0,4.8330264,8.220789,8.96087,14.09382,16.641254,18.673174,23.028234,23.448679,21.316137,18.160675,14.860293,14.266572,9.861844,10.394095,6.8960586,6.7433004,4.853888,8.1774845,9.308685,12.988534,12.663584,12.473863,9.478829,13.833601,13.598855,14.949581,12.0120945,10.107747,11.214548,15.700677,15.118532,12.00124,9.421001,14.937274,16.081388,19.451279,15.338087,13.537752,19.648195,18.058977,16.017265,20.292545,21.747316,21.790981,18.143124,23.253004,19.514168,24.44449,24.897781,24.071905,26.963911,21.656607,24.680656,21.670746,17.24517,14.245624,12.477834,9.202832,11.466058,10.323846,14.335672,16.465466,20.321772,20.739313,19.00434,18.215511,15.185354,14.818685,11.150938,15.779245,13.270531,17.93936,20.818783,21.841024,20.754076,22.045103,19.666971,22.39695,20.70819,24.994808
29,24.606958,20.852684,20.555428,16.386295,13.414492,17.374422,11.298549,14.012484,11.772529,12.486087,15.668676,15.02984,18.195791,14.689015,9.717716,7.6708517,4.5607667,7.189887,7.0811725,10.491091,12.581271,15.181545,17.298918,15.09062,14.172901,12.105265,8.727035,4.95001,4.8330264,0.0,8.513663,6.123805,12.758233,14.425648,16.242645,20.740728,20.346,18.15061,14.774038,11.390994,11.61491,6.822784,9.380748,7.3390846,5.29954,7.5388637,8.231461,11.874024,14.598662,15.653389,16.21404,13.7790785,18.15209,18.231222,19.066114,15.745051,14.310265,14.581781,19.593811,17.987335,14.184571,13.198597,18.70537,20.068048,23.00777,18.013721,16.85425,22.919453,20.25304,18.187965,21.819675,23.778227,23.05389,19.786146,24.58222,21.689056,26.584633,27.70418,27.458502,30.615765,25.245617,28.735817,25.627287,21.377846,18.021091,16.39965,12.369012,14.445314,12.21127,15.917839,17.80079,21.184488,22.010689,21.206778,21.03415,18.029947,18.746386,15.406464,20.475473,18.02516,22.721718,25.575565,26.599586,25.350471,26.463676,23.679832,26.09488,23.833048,27.829653
30,32.912647,29.100231,28.310463,24.161993,21.165447,23.867382,17.800253,17.896254,14.401429,13.749148,14.339312,13.1877,13.965967,8.469422,4.403903,5.934958,8.044955,12.1591425,15.220746,17.611132,20.625177,22.806854,25.375952,22.81101,21.174238,19.466063,15.110489,12.27844,8.220789,8.513663,0.0,5.729865,6.3198266,10.211722,11.629269,15.864364,17.08605,15.061022,12.745726,10.260726,8.385583,6.9504585,4.4165583,4.9726386,9.823266,9.312535,14.110904,16.491524,20.44281,20.379189,19.50504,15.55624,18.387995,16.445139,17.624393,15.643841,12.0070915,10.280361,14.95435,11.455837,7.201184,8.443706,12.88515,15.1153755,16.679539,10.628921,11.966728,17.478155,14.837239,14.167065,18.317217,21.101982,21.303658,19.26864,24.822733,22.55379,28.01059,27.969782,27.56755,29.570024,23.752579,26.16927,21.89977,18.5571,15.967454,16.394484,12.794514,17.79648,17.875895,21.812458,24.398657,28.152073,28.890287,26.995876,25.855915,23.168602,21.836636,17.934105,20.908459,17.134916,20.549166,23.766102,25.869886,25.214703,27.900787,25.687151,29.133936,27.826609,32.04003
31,28.70044,25.142008,24.130344,19.654787,17.121777,19.777527,13.254884,14.909985,10.803269,12.107585,13.256039,10.795124,14.099952,10.241188,5.3901567,6.417135,5.9823976,11.253236,12.488128,15.78773,18.230787,20.5125,22.877234,21.085947,20.157032,18.22092,14.619351,11.0182705,8.96087,6.123805,5.729865,0.0,7.262849,8.33551,10.313341,14.636796,14.579838,12.719624,9.216403,5.930639,6.9135046,4.630882,6.440399,7.662424,9.195114,11.276236,13.665541,17.391712,20.520515,21.300373,21.338034,18.13778,21.893745,20.790144,21.867592,19.150526,16.437967,15.358967,20.32473,17.109655,12.807866,13.533467,18.188454,19.86396,21.77684,15.829124,15.995137,21.551537,17.834383,16.439291,19.598722,22.473879,21.585346,19.502806,24.482529,22.819426,28.075665,28.991837,29.21242,31.87755,26.162104,29.521465,25.714846,22.155699,18.839657,18.540709,14.103676,18.151426,17.11281,20.76988,23.220757,26.524906,27.772133,26.640102,26.076395,23.500902,23.36243,19.77749,23.990658,20.626118,24.780031,27.759794,29.496395,28.337708,30.51949,27.51253,30.504858,28.407984,32.314823
32,35.85882,32.374893,31.25121,26.74405,24.318157,26.4912,20.114166,20.605194,16.023222,16.584452,15.574455,12.203225,13.356256,8.145913,6.2341695,10.2737465,12.27175,17.353703,19.56805,22.583078,25.256153,27.538141,29.960127,27.816174,26.61412,24.632832,20.702057,17.377037,14.09382,12.758233,6.3198266,7.262849,0.0,5.6138086,5.583877,9.843449,11.2990265,9.493542,8.204471,7.321665,5.1721134,8.116417,5.8260746,9.750498,13.995398,15.008418,18.93942,22.281305,25.968616,26.433205,25.711136,21.79162,24.382298,22.242294,23.12413,21.291405,17.740576,15.183169,19.47816,14.682966,10.671374,13.886623,17.007164,19.392962,19.731874,13.147497,15.984083,20.40153,16.708342,16.80429,19.87326,23.447065,23.196577,22.328897,27.5612,26.519175,31.989433,32.124573,32.24854,34.017857,28.144629,30.554926,25.943249,23.318243,20.79949,21.854092,18.000353,23.344978,23.32334,27.123558,29.786432,33.308277,34.366425,32.77137,31.760557,29.188732,28.04021,24.181509,27.051886,23.068264,26.090538,29.268414,31.67972,31.043041,34.081463,31.650747,35.184116,33.702026,37.755016
33,34.812336,31.516787,29.764729,25.330288,23.329365,24.427137,18.409328,18.581217,13.519008,15.104095,13.195651,8.275342,10.894577,8.187731,7.555744,11.370851,12.94576,18.308773,20.245998,23.286308,25.996265,27.89636,30.504993,29.16192,28.20476,26.471334,22.71668,19.261656,16.641254,14.425648,10.211722,8.33551,5.6138086,0.0,4.587584,6.693375,8.070928,8.151565,5.213219,5.2684097,7.9301453,10.847644,10.581079,14.055732,17.097998,18.775877,21.869894,25.46566,28.802853,29.278105,28.971354,25.35144,28.538647,26.389534,27.792318,25.80054,22.15015,20.098787,24.296358,19.747335,15.775297,17.909801,20.695524,22.334442,22.769524,16.530178,18.111824,22.087856,17.19319,16.94019,18.65911,22.494722,21.350128,21.165752,25.735098,25.821741,31.07153,31.778967,32.632153,34.640026,28.882418,32.007587,27.689882,25.286415,22.283636,23.354628,19.059093,24.301859,24.27551,27.703983,30.625275,33.771885,35.482937,34.042706,33.13003,31.082338,30.246681,26.649656,29.99247,25.966156,29.36265,32.226696,34.632,33.510693,36.742706,33.43476,36.897522,34.93686,38.605255
34,37.019188,33.930183,32.57456,27.886398,26.083754,27.841198,21.478025,22.663322,17.600668,19.358416,17.73008,12.835836,15.067474,11.538347,10.562045,14.573142,15.901395,21.305403,22.574656,26.03348,28.276329,30.600582,32.805733,31.149336,30.403519,28.238358,24.794485,21.155561,18.673174,16.242645,11.629269,10.313341,5.583877,4.587584,0.0,5.2981358,5.785546,4.4632573,4.6737676,6.451644,6.2371626,10.890879,10.265651,14.504807,17.637957,19.763617,22.698812,26.77613,30.081495,31.053925,30.664845,26.950998,29.742954,27.793842,28.513779,26.478941,23.224482,20.609278,24.913147,19.882711,16.041225,19.463295,22.362028,24.611902,24.6262,18.120256,20.936316,24.884714,20.506693,20.675797,22.748276,26.632196,25.758165,25.523512,30.244204,30.075539,35.40191,35.95504,36.5487,38.422104,32.593357,35.303707,30.725016,28.332031,25.623844,26.684,22.524134,27.675985,27.279072,30.882082,33.490337,36.70926,38.0694,36.894917,36.141987,33.64788,32.955128,29.190035,32.415157,28.454082,31.585573,34.693962,37.118847,36.330853,39.3558,36.58229,40.00636,38.189514,42.05748
35,40.29943,37.30119,35.471073,30.959385,29.358696,30.189945,24.333307,24.633293,19.513252,21.285576,18.505283,13.244229,14.766401,12.951263,13.799203,17.888403,19.620499,24.996477,26.674755,29.900608,32.39663,34.40059,36.84572,35.53881,34.730156,32.80827,29.20702,25.654886,23.028234,20.740728,15.864364,14.636796,9.843449,6.693375,5.2981358,0.0,4.5928164,6.8626046,7.643879,10.234717,11.5298605,16.003054,15.25799,19.39672,22.704683,24.579037,27.700777,31.575901,34.937107,35.624413,35.179375,31.388166,34.14869,31.751297,32.86705,31.134813,27.44307,24.789354,28.599676,23.393867,19.906658,23.133118,25.107038,26.996313,26.45157,20.3458,23.137354,26.109,21.22958,21.801847,22.808222,26.931503,25.828133,26.572897,30.788929,31.597094,36.739597,37.28726,38.304626,39.90021,34.21316,36.933983,32.33757,30.558796,27.939188,29.502436,25.416021,30.894957,30.96783,34.382675,37.284462,40.376163,42.097664,40.73082,39.8008,37.710655,36.740387,33.06914,36.02655,31.831572,34.72261,37.625793,40.30403,39.390526,42.919857,39.784252,43.387424,41.54163,45.19146
36,38.176674,35.521626,33.881546,29.211754,28.0605,29.218842,23.234566,24.86994,19.705708,22.385363,20.36739,14.686754,17.73762,15.88195,15.402225,19.127499,19.944107,25.36504,25.915796,29.575798,31.464474,33.686954,35.72323,34.62779,34.267975,32.069553,29.049988,25.277239,23.448679,20.346,17.08605,14.579838,11.2990265,8.070928,5.785546,4.5928164,0.0,3.996012,5.6765957,9.081214,10.867963,15.2664385,15.669105,19.800043,22.063723,24.862556,26.99846,31.509462,34.449818,35.749584,35.678963,32.18426,35.244896,33.435837,34.17684,31.964327,28.86928,26.356642,30.696434,25.634047,21.82655,25.092772,27.896097,29.915451,29.835667,23.475475,25.952871,29.573862,24.663906,24.75187,25.896366,29.888134,28.405804,28.700651,32.78864,33.444576,38.522255,39.515503,40.579567,42.594967,36.874783,39.94114,35.500526,33.265545,30.346006,31.354252,26.972588,31.86079,31.193884,34.52137,37.092575,39.96171,41.66514,40.85161,40.32121,38.007034,37.71499,34.090946,37.659325,33.730694,37.0402,40.039246,42.44382,41.443283,44.458096,41.270546,44.568043,42.412437,46.036655
