,0,1,2,3,4,5,6,7,8,9,10,11,12,13,14,15,16,17,18,19,20,21,22,23,24,25,26,27,28,29,30,31,32,33,34,35,36,37,38,39,40,41,42,43,44,45,46,47,48,49,50,51,52,53,54,55,56,57,58,59,60,61,62,63,64,65,66,67,68,69,70,71,72,73,74,75,76,77,78,79,80,81,82,83,84,85,86,87,88,89,90,91,92,93,94,95,96,97,98,99,100,101,102,103,104,105,106,107,108
0,0.0,3.9230714,5.1427813,9.042184,10.813831,13.751387,16.07103,18.947065,23.197681,25.08068,29.155237,33.440056,36.57949,35.895126,33.811115,30.029352,27.444122,23.66074,22.266321,18.191488,15.390444,14.221127,10.283763,12.682352,8.604844,12.43282,15.8693495,17.105562,17.899437,19.600117,19.921291,23.12241,23.039162,30.11998,27.697489,32.127033,34.126915,35.08231,34.703598,30.172657,26.145033,30.542936,26.338259,28.198282,25.80757,24.156479,23.01116,23.155201,21.168701,24.492245,27.598606,29.802954,29.93485,33.456696,36.81438,34.710735,37.466892,35.289295,37.471245,42.37796,39.64744,36.295532,38.00242,34.838413,37.07313,34.005104,38.20381,35.229996,33.032078,34.30451,30.916447,35.302494,35.13595,32.945625,36.6132,35.69652,39.80263,41.439774,43.162075,46.075954,46.947662,41.98345,38.62038,35.0893,32.52886,31.8574,26.749079,24.814114,19.890219,19.181324,17.403542,16.85481,20.066536,21.522587,22.917133,27.944471,25.02887,25.453997,24.58248,24.501305,24.090977,24.579313,27.352118,27.997477,28.478779,33.14481,30.530298,34.805702,34.50929
1,3.9230714,0.0,4.6469646,6.8000045,8.205714,11.612304,13.024356,16.640482,20.29299,22.337818,26.17892,30.376837,33.627224,32.57135,30.337574,26.579481,23.979694,20.088154,18.870491,14.598845,12.277166,10.607917,7.8663397,10.366551,7.504975,11.573942,14.510587,16.369076,16.074633,17.628492,17.208746,20.436108,19.668541,26.679317,23.96362,28.457756,30.36849,31.232183,30.958183,26.38334,22.409107,27.129293,23.187994,25.163689,23.408703,21.913557,21.186989,21.768635,20.28754,23.972267,27.052866,28.70674,28.596153,31.918934,35.027203,32.46318,35.011112,32.88225,34.779366,39.69888,37.214878,33.870766,36.10416,33.20555,35.80973,33.15176,37.587402,35.0883,33.005898,33.868225,30.016153,34.083866,33.808945,31.16743,34.8074,33.48264,37.609467,38.955944,40.54741,43.28299,43.96923,38.98635,35.508274,32.041515,29.735752,29.309698,24.015615,22.89066,17.877735,17.931662,16.53463,16.839045,20.439613,22.371017,24.631811,28.980915,25.393261,26.008366,24.27116,24.857437,23.697206,24.982395,28.276873,28.639847,28.672583,33.21667,29.985905,34.27216,33.543236
2,5.1427813,4.6469646,0.0,5.1345744,6.3151374,8.760888,11.695013,13.952295,18.537529,20.252563,24.540012,28.813429,31.834358,31.534557,29.674477,25.973175,23.35702,19.839012,18.25405,14.724879,11.7020035,12.001828,7.7834954,12.303815,8.867428,13.644336,15.94978,16.169537,16.226748,16.789806,17.841246,19.667503,20.277765,26.696247,24.421482,28.873837,30.784174,32.292385,31.92081,27.51392,23.583004,27.73759,23.855928,25.01107,22.791595,22.282116,20.690878,21.941042,19.399244,23.256203,26.822077,28.698349,27.861486,32.03409,34.71539,32.47614,34.975735,32.255802,34.249874,39.056137,36.019264,32.64698,34.59477,31.700224,33.94995,31.55815,35.34081,32.631382,30.04145,30.667673,26.990171,31.19274,30.627401,28.328402,31.785526,30.836895,34.86286,36.52359,38.401337,41.30522,42.442017,37.659245,34.274693,30.769514,28.082623,27.597248,22.363752,20.492512,15.757737,15.169228,14.238072,14.099461,17.059057,19.507359,21.525724,25.698475,22.00809,22.128942,20.493528,20.606731,19.447586,20.39744,23.63074,24.108166,24.21702,28.940825,26.037043,30.370638,29.992008
3,9.042184,6.8000045,5.1345744,0.0,5.021674,6.9753795,7.7846293,11.5641,14.63297,17.24289,20.437534,25.523928,28.092924,27.572386,25.879313,21.70421,19.735323,15.972086,15.304969,12.037695,10.4590845,10.930329,9.346874,14.077348,12.191604,16.808987,18.589785,19.27034,18.065876,17.934797,18.27334,19.22899,19.005081,24.56022,21.373209,26.156576,27.483473,29.176434,29.326872,24.874882,21.297796,26.167212,23.121761,24.033081,23.027384,23.296568,22.099941,24.16674,22.025145,26.249563,29.840155,31.099255,29.718018,33.83442,35.964653,33.127487,35.191715,32.28465,33.707054,38.41607,35.54013,32.19888,34.9901,32.620064,35.21422,33.626976,37.29409,35.10982,32.345997,32.174744,27.991112,31.667124,30.494246,27.641266,30.629206,29.08976,32.913963,34.108402,36.144325,38.603962,39.916813,35.42197,31.713602,28.431034,26.12307,26.3812,20.681726,20.239233,15.808738,16.248566,16.430607,17.14034,19.9124,23.093943,25.54962,28.999514,24.641428,24.472282,21.795591,22.197119,19.629984,21.051937,24.464596,25.281647,24.87502,29.74328,26.404694,30.754887,30.089909
4,10.813831,8.205714,6.3151374,5.021674,0.0,3.6798875,6.133743,8.486196,12.884027,14.319811,18.92273,22.670233,25.994902,25.505644,23.530342,20.16937,17.187965,13.922831,11.987289,8.849086,5.9219007,7.866838,5.6598086,11.101529,10.073407,14.523697,15.270334,15.349691,13.647012,13.021249,13.823112,14.351127,14.912755,20.657236,18.473618,22.86213,24.76671,26.601303,26.18492,21.93562,18.157232,22.149137,18.798208,19.457933,18.069168,18.645533,17.247019,19.728914,17.558914,21.935158,25.577166,26.567879,24.866598,29.121162,31.03815,28.262775,30.34014,27.348509,28.913158,33.644978,30.70716,27.349802,30.019838,27.628838,30.314016,28.839113,32.647705,30.753048,28.240469,28.02067,23.632843,27.231537,26.410757,23.457048,26.842949,25.370756,29.44159,30.800802,32.51903,35.298874,36.277897,31.497345,28.02665,24.556807,22.03661,21.871378,16.373772,15.586134,10.93505,11.707525,12.004576,13.420845,16.559816,19.865438,23.231976,25.904905,21.122932,21.48739,18.286427,19.663416,17.198402,19.760899,23.919113,23.616035,22.870611,27.133135,23.184929,27.436815,26.340193
5,13.751387,11.612304,8.760888,6.9753795,3.6798875,0.0,5.3362093,5.2002034,10.55881,11.584114,16.553816,20.30605,23.379894,23.54115,21.956558,18.749662,15.868688,13.21737,11.097605,9.414459,6.777345,10.384752,8.470257,14.0476885,13.13239,17.518412,17.74764,16.868713,15.088372,13.35176,15.136286,13.912142,15.556056,20.129332,18.304913,22.515566,24.259779,26.679634,26.273062,22.329905,18.862347,22.280928,19.384285,19.15074,17.828192,19.560404,17.65848,20.877388,18.171442,22.611399,26.48816,27.364481,24.916063,29.711214,31.03054,28.369814,30.20675,26.702404,28.122377,32.64889,29.32575,26.003313,28.703716,26.56956,29.066214,28.18799,31.378275,29.616774,26.710287,25.919762,21.458391,24.867014,23.577572,20.667963,23.74582,22.378422,26.325012,27.817556,29.79122,32.608948,33.98425,29.466345,26.034088,22.620132,19.871874,19.890913,14.396977,13.469251,9.512816,10.233951,11.696775,13.182748,15.513165,19.440912,22.858742,24.832928,19.705698,19.62854,15.894023,17.260714,14.054218,16.954695,21.320488,20.932213,19.885775,24.158886,20.131481,24.389647,23.360611
6,16.07103,13.024356,11.695013,7.7846293,6.133743,5.3362093,0.0,6.1507626,7.2844615,10.001104,13.173167,17.837524,20.649717,19.918987,18.18267,14.31823,12.055629,8.660378,8.0554085,6.4273677,6.9372115,9.399786,10.824375,15.317402,15.62978,19.611942,19.761421,20.095953,17.261673,15.673828,15.705915,14.490541,14.1128235,17.876518,14.614381,19.3151,20.398067,22.728748,22.95223,18.856113,15.799781,20.353428,18.459772,18.450174,18.870163,20.69818,19.779764,23.186543,21.502039,26.012356,29.567268,29.808939,27.38681,31.522018,32.57009,29.164768,30.562105,27.298359,28.022907,32.471424,29.734632,26.51966,30.241089,28.659912,31.665009,31.33132,34.792473,33.61646,30.951374,29.712667,24.85754,27.569777,25.959055,22.328125,24.950777,22.660587,26.387003,27.086983,28.979418,31.17034,32.38614,28.042345,24.175158,21.055943,19.103456,20.059288,14.11878,15.640245,12.17258,14.249951,15.931099,18.011127,20.584957,24.477964,28.130852,29.909561,24.57303,24.583916,20.314322,22.02426,18.023043,21.180618,25.442562,25.3568,23.96624,28.106384,23.685017,27.746399,26.248512
7,18.947065,16.640482,13.952295,11.5641,8.486196,5.2002034,6.1507626,0.0,6.8088665,6.6402826,12.310341,15.500688,18.507645,19.211428,17.997358,15.356169,12.460729,11.048949,8.747282,9.541429,8.345681,12.892219,12.4853115,17.499607,17.515352,21.460102,20.847256,19.489367,17.002697,14.06236,16.126762,12.663057,15.0138645,17.522655,16.19874,19.952564,21.43622,24.543509,24.155075,20.773113,17.941433,20.541573,18.645287,17.267214,16.794159,20.034985,18.068327,22.239649,19.614367,24.02961,27.888174,28.165817,24.796682,29.816002,30.172148,27.342314,28.632908,24.631544,25.547464,29.721495,26.205225,23.019573,26.225134,24.759657,27.307335,27.552206,30.15125,29.067535,26.017357,24.224018,19.409851,22.003511,20.066904,16.714962,19.285282,17.548248,21.356085,22.703249,24.818426,27.543762,29.193943,24.981583,21.534777,18.274569,15.498228,16.076464,10.567402,10.798327,8.589179,10.282134,13.206942,15.298507,16.838223,21.22544,25.074884,25.73972,20.098036,19.820547,14.973902,17.033283,12.547976,16.571571,21.277477,20.40174,18.602737,22.311773,17.661777,21.649673,20.168821
8,23.197681,20.29299,18.537529,14.63297,12.884027,10.55881,7.2844615,6.8088665,0.0,4.6969757,6.052082,11.3840275,13.466876,13.435503,12.559523,8.995967,7.7136645,6.8004394,7.336995,9.897617,11.792302,15.092386,17.15365,21.360453,22.26102,25.948425,25.295376,24.944345,21.600803,18.802597,19.243353,15.539034,15.795856,16.034985,13.102869,17.03961,17.228655,20.701519,21.25915,18.157934,16.42676,19.845154,19.664932,18.150717,19.89599,23.438564,22.445343,26.81189,25.114534,29.532854,33.07629,32.685253,29.213339,33.560787,33.374393,29.789474,30.381514,26.558437,26.437405,30.227257,27.376928,24.49865,28.925238,28.32866,31.301615,32.39314,34.98458,34.60424,31.729,29.291227,24.251947,25.776724,23.242483,19.19149,20.633266,17.647333,20.759361,20.871809,23.075815,24.751957,26.531046,22.94149,18.909424,16.344635,14.856065,17.058191,11.569067,15.078043,13.911359,16.546406,19.499027,21.934832,23.574514,27.953617,31.87922,32.31797,26.562273,26.192074,21.005116,23.103426,17.882227,21.749949,26.071032,25.723326,23.577072,27.047373,22.262672,25.772476,23.878656
9,25.08068,22.337818,20.252563,17.24289,14.319811,11.584114,10.001104,6.6402826,4.6969757,0.0,7.1863832,8.8759775,12.134588,12.9485855,12.071451,10.573125,7.833394,8.856009,7.3025246,11.039831,12.053467,16.187695,17.684635,21.718315,22.865917,26.225147,24.894476,23.756104,20.373043,16.858994,18.124338,13.019816,14.834865,14.056084,13.098052,15.985411,16.839846,20.684467,20.500994,18.022533,16.398216,18.107275,17.997066,15.531806,17.0091,21.450176,20.09101,24.89292,23.038649,27.256292,30.763659,30.137604,26.108196,30.72379,29.985682,26.66657,27.089478,22.887344,22.785625,26.385618,23.162846,20.336246,24.637438,24.281359,27.135405,28.742523,30.96767,30.960732,28.186684,25.386145,20.273891,21.361681,18.828606,14.605437,16.164198,13.172082,16.607422,17.089615,19.134249,21.373848,23.078032,19.261484,15.552257,12.707676,10.602195,12.660617,7.554508,11.305518,11.501317,14.2955,17.728283,20.411552,21.65762,26.035234,30.340761,29.876865,23.970222,23.811514,18.228403,21.038166,15.9025545,20.607485,25.288483,24.002853,21.527248,24.19111,18.94197,22.13482,19.807312
10,29.155237,26.17892,24.540012,20.437534,18.92273,16.553816,13.173167,12.310341,6.052082,7.1863832,0.0,7.8580346,8.00544,8.330319,8.8915415,6.030764,7.5537305,9.21447,10.99348,14.671254,17.27857,20.307844,22.995667,26.819368,28.124695,31.58459,30.614138,30.247534,26.587778,23.47388,23.66649,19.172628,19.135479,16.761698,13.956782,16.790833,15.758413,19.833233,20.939714,18.88481,18.489668,21.17925,22.45969,20.283916,23.171213,27.371786,26.647253,31.322624,29.911888,34.177715,37.553593,36.680088,32.769234,36.8946,35.912853,32.123863,32.032616,28.135885,27.189304,30.255644,27.71042,25.310024,30.314287,30.564035,33.53886,35.59859,37.673717,37.93528,35.089226,31.924622,26.935787,27.411861,24.31592,20.101011,20.267336,16.596832,18.656809,17.721205,20.067213,20.754284,22.963947,20.422335,16.305984,14.810558,14.454711,17.778767,13.552661,18.357244,18.533203,21.358433,24.658476,27.239792,28.490316,32.964535,36.985332,36.729424,30.879822,30.343895,24.849613,27.073837,21.429966,25.384304,29.451153,29.084902,26.555845,29.408314,24.612917,27.468979,25.303207
11,33.440056,30.376837,28.813429,25.523928,22.670233,20.30605,17.837524,15.500688,11.3840275,8.8759775,7.8580346,0.0,5.589291,6.1151605,6.4110284,9.119247,8.211777,12.301954,12.270429,16.991386,19.272858,22.59438,25.395864,28.395853,30.489977,33.19223,31.22288,30.369999,26.364902,22.717072,23.050724,17.318705,18.100922,12.977558,13.107541,13.506712,13.025919,17.603857,17.71605,17.215174,17.685364,17.66153,20.025257,16.68173,20.288712,25.381084,24.843258,29.847538,28.936796,32.715145,35.654293,34.038563,29.573689,33.328907,31.301199,27.570972,26.770365,22.781008,21.152882,23.473736,21.149942,19.276346,24.69636,25.854822,28.897243,31.9862,33.74191,35.01504,32.786133,29.15041,24.18343,23.388483,20.613733,16.067736,15.882331,11.467181,13.283376,11.620802,12.97629,13.86094,15.348895,12.576078,8.5432,7.5985227,8.3525095,12.389126,10.56512,16.44164,18.343908,21.533827,24.98775,28.027903,29.090897,33.257587,37.932655,36.445686,30.526611,30.586313,24.746904,28.073338,22.921965,27.85948,32.349644,30.670841,27.758486,29.163656,23.751652,25.725788,22.626001
12,36.57949,33.627224,31.834358,28.092924,25.994902,23.379894,20.649717,18.507645,13.466876,12.134588,8.00544,5.589291,0.0,5.5767612,8.599103,10.334476,11.926541,15.506569,16.551605,21.028444,23.48455,26.776438,29.483894,32.93749,34.657917,37.737206,36.10401,35.2287,31.399815,27.752773,28.232328,22.629225,23.258568,18.256886,17.409153,18.0281,16.477755,21.00845,21.882784,21.530807,22.32403,22.923904,25.459282,22.254925,25.75408,30.837116,30.140633,35.164272,33.939663,37.808254,40.91708,39.4673,34.901306,38.848206,36.707684,33.081913,32.16015,28.121712,26.33602,28.190317,25.863808,24.272598,29.478855,30.823149,33.54946,36.888203,38.090775,39.27467,36.650455,32.6528,27.97879,26.985323,23.526407,19.484625,18.06966,13.960255,14.2829,11.9010105,14.137804,13.611708,16.48878,15.638858,12.202711,12.502242,13.41938,17.409061,15.718729,20.964832,22.869345,25.710405,29.357685,32.10702,32.78644,37.19573,41.46824,39.999054,34.159313,33.652607,27.919783,30.58858,24.991615,29.326706,33.287148,32.24236,29.272005,30.80638,25.980656,27.717243,25.091269
13,35.895126,32.57135,31.534557,27.572386,25.505644,23.54115,19.918987,19.211428,13.435503,12.9485855,8.330319,6.1151605,5.5767612,0.0,3.7750928,6.825043,9.135507,12.897334,14.773062,19.056229,22.369213,24.791264,28.564579,31.275518,33.595547,36.29061,34.63345,34.601624,30.31982,27.165607,26.47018,21.680939,20.750118,15.314625,13.503174,13.915642,11.546701,15.901819,17.319714,17.129015,18.575481,19.743307,22.932108,20.364017,24.85341,29.316885,29.403397,34.14543,33.708874,37.61331,40.421547,38.656693,34.592285,37.771343,35.90736,31.71048,30.683908,27.294403,25.193203,27.2745,25.858164,24.229778,30.041777,31.334959,34.610634,37.591568,39.6667,40.96882,38.794098,35.246067,30.2418,29.486052,26.674278,22.17326,21.690676,17.261118,18.290989,15.713468,16.840002,16.075205,17.300308,15.686648,11.701503,12.029761,13.9431,18.0,15.822871,22.044458,23.190422,26.576715,29.808851,32.882988,34.297535,38.50891,43.09956,42.084602,36.13905,36.113037,30.325487,33.349213,27.937706,32.475643,36.72227,35.67439,32.849617,34.673805,29.46464,31.533257,28.5991
14,33.811115,30.337574,29.674477,25.879313,23.530342,21.956558,18.18267,17.997358,12.559523,12.071451,8.8915415,6.4110284,8.599103,3.7750928,0.0,5.506789,6.4199452,10.374988,12.130851,16.301432,19.852417,21.89435,26.07822,28.309864,30.974562,33.37059,31.603699,31.91523,27.441366,24.547792,23.312752,18.956669,17.352839,11.908852,9.815588,10.257136,8.060546,12.507255,13.78197,13.365767,14.864062,16.208948,19.487656,17.260893,22.098831,26.197737,26.647776,31.207285,31.17532,35.048126,37.68286,35.797855,32.035618,34.859932,33.25821,28.832035,27.912025,24.828379,22.794283,25.26229,24.153996,22.347338,28.328222,29.408806,32.9705,35.592255,38.219517,39.50599,37.62962,34.459705,29.288673,28.807644,26.510622,21.789663,22.11578,17.670513,19.443905,17.242855,17.872948,17.726974,18.011665,15.287314,11.04195,10.683898,12.69281,16.481045,13.943388,20.49436,21.204756,24.853378,27.782564,31.03578,32.866135,36.872906,41.674892,40.87672,34.92351,35.269424,29.51377,32.83349,27.722721,32.476746,36.985256,35.72183,33.010803,34.924095,29.446625,31.743683,28.621351
15,30.029352,26.579481,25.973175,21.70421,20.16937,18.749662,14.31823,15.356169,8.995967,10.573125,6.030764,9.119247,10.334476,6.825043,5.506789,0.0,5.0788145,6.9830046,10.28316,13.677058,17.52089,19.293804,23.467342,26.193317,28.358046,31.230583,30.13478,30.771303,26.538303,24.0066,22.71629,19.18546,17.160866,14.152797,9.9182625,12.741686,10.808871,14.482055,16.278831,14.305105,14.761557,18.199423,20.359203,18.915337,23.041725,26.5585,26.818287,31.158821,30.765867,34.96409,37.90615,36.56369,33.164753,36.32878,35.492275,31.10168,30.77818,27.633492,26.23374,29.33325,27.811844,25.541857,31.177742,31.578241,35.089787,36.987434,39.854485,40.446148,38.182365,35.35337,30.124022,30.492096,28.021133,23.41018,24.077345,19.962679,22.149603,20.558111,21.95488,22.1357,23.105131,20.236721,15.89119,14.704283,15.5342865,18.957502,14.83307,20.727116,20.345686,23.786541,26.567223,29.54479,31.552193,35.707157,40.118595,40.13226,34.229496,34.273735,28.749712,31.463736,26.183191,30.380344,34.66813,34.125618,31.68646,34.456814,29.288128,32.157772,29.54688
16,27.444122,23.979694,23.35702,19.735323,17.187965,15.868688,12.055629,12.460729,7.7136645,7.833394,7.5537305,8.211777,11.926541,9.135507,6.4199452,5.0788145,0.0,4.4200845,5.838085,9.968709,13.522685,15.668731,19.713743,22.18273,24.631376,27.225029,25.73149,26.151917,21.80738,19.153908,17.939775,14.143062,12.444146,9.82928,6.454784,9.685328,9.54296,13.258826,13.876339,11.451205,11.064614,13.949381,15.589009,14.000407,17.96771,21.563326,21.799732,26.197691,25.915924,30.035322,32.90025,31.496967,28.106077,31.285736,30.557463,26.23111,26.128813,22.93681,21.88447,25.399233,23.703735,21.18791,26.68655,26.827993,30.453615,32.10665,35.274086,35.87934,33.889957,31.351362,26.035385,26.603561,24.676208,19.96028,21.472239,17.53871,20.509283,19.548523,20.560019,21.700922,22.103516,18.152725,13.875758,11.697477,11.915379,14.784092,10.298237,16.33241,15.86246,19.544825,22.183052,25.38016,27.594193,31.534569,36.248882,36.10902,30.206287,30.675014,25.146795,28.353556,23.545076,28.201277,32.868076,31.696436,29.296793,31.810726,26.32433,29.268616,26.412134
17,23.66074,20.088154,19.839012,15.972086,13.922831,13.21737,8.660378,11.048949,6.8004394,8.856009,9.21447,12.301954,15.506569,12.897334,10.374988,6.9830046,4.4200845,0.0,4.4805455,6.738508,10.869207,12.313029,16.692583,19.244295,21.469208,24.274517,23.341831,24.318136,20.143967,18.141031,16.489388,14.1385765,11.589488,11.878301,7.096723,11.82248,12.002841,14.665036,15.483723,11.894181,10.364561,15.097126,15.574193,15.118382,18.342731,20.952423,21.262163,25.195145,24.87919,29.177904,32.140656,31.14884,28.343006,31.498686,31.564644,27.262974,27.690039,24.763878,24.254725,28.230095,26.493187,23.700659,28.806694,28.325197,31.960016,32.80257,36.40698,36.45721,34.384155,32.389973,27.097843,28.433178,26.715601,22.196802,24.212423,20.67915,23.967783,23.424046,24.650362,25.995142,26.471964,22.324379,18.12306,15.636513,15.257634,17.449396,12.111738,17.049583,15.238388,18.731884,20.885496,23.884483,26.517704,30.359966,34.822914,35.498547,29.745886,30.204218,25.046421,27.85636,23.278137,27.476519,32.03281,31.306318,29.25169,32.403664,27.1591,30.558369,28.065054
18,22.266321,18.870491,18.25405,15.304969,11.987289,11.097605,8.0554085,8.747282,7.336995,7.3025246,10.99348,12.270429,16.551605,14.773062,12.130851,10.28316,5.838085,4.4805455,0.0,4.7520504,7.72289,10.347122,13.95378,16.574736,18.888391,21.545256,20.13036,20.493332,16.296999,13.87498,12.853317,9.769192,8.520296,9.925747,7.4893665,11.57786,13.207723,15.899408,15.570961,12.0598545,9.595295,12.9877615,12.4591465,11.620466,14.082549,17.037216,16.977589,21.153963,20.642185,24.911743,27.935572,26.982061,23.986622,27.45523,27.541798,23.503891,24.198927,21.032835,21.007595,25.259447,23.12724,20.125734,24.845476,24.079702,27.67331,28.346865,32.02704,32.046764,30.11572,28.30858,23.00948,24.542656,23.251701,18.820217,21.487371,18.349478,22.135992,22.210384,23.237408,25.328396,25.601479,20.879156,17.019539,13.890464,12.66261,14.028845,8.413112,12.874373,10.98236,14.676599,16.839802,20.041605,22.705425,26.4193,31.150478,31.522522,25.758848,26.534157,21.371145,24.61145,20.496117,25.094564,29.935255,28.58202,26.538761,29.356777,23.92165,27.314316,24.687344
19,18.191488,14.598845,14.724879,12.037695,8.849086,9.414459,6.4273677,9.541429,9.897617,11.039831,14.671254,16.991386,21.028444,19.056229,16.301432,13.677058,9.968709,6.738508,4.7520504,0.0,4.679725,5.791528,10.218408,12.54468,14.86566,17.55568,16.714579,17.947306,13.942606,12.706651,10.815978,10.432146,7.9835362,12.716608,9.702996,14.235344,16.107157,17.756617,17.439817,13.169887,9.65252,14.407242,12.469412,13.230781,14.62995,15.9283085,16.14047,19.46349,19.157036,23.493402,26.469227,25.946985,23.848507,27.023357,28.085546,24.144012,25.42357,22.801613,23.344206,27.952677,25.990805,22.843851,27.013819,25.584232,29.166527,28.827353,33.103855,32.57117,30.77295,29.745708,24.627089,26.914808,26.088692,22.002918,25.165733,22.457754,26.436123,26.792107,27.818277,30.045279,30.16886,25.243092,21.515982,18.297058,16.88593,17.53572,11.956868,14.707152,11.213613,14.44426,15.593657,18.553436,21.883245,25.21303,29.716259,31.028841,25.593456,26.567642,22.04619,24.918331,21.46185,25.508219,30.205397,29.160374,27.573986,30.876286,25.76173,29.493092,27.207832
20,15.390444,12.277166,11.7020035,10.4590845,5.9219007,6.777345,6.9372115,8.345681,11.792302,12.053467,17.27857,19.272858,23.48455,22.369213,19.852417,17.52089,13.522685,10.869207,7.72289,4.679725,0.0,5.001679,6.257478,9.730301,11.280938,14.358452,13.516624,13.867693,10.458141,9.185612,8.909386,8.976431,9.078893,15.027553,13.634701,17.557178,20.002344,21.720154,20.81613,16.77559,12.908777,16.278328,12.965099,13.629259,12.925408,13.896053,13.156203,16.33284,15.204709,19.655085,22.952187,23.022392,21.0042,24.799603,26.295568,23.020744,24.850723,22.02491,23.35366,28.135784,25.611635,22.293167,25.502972,23.440315,26.667059,25.674307,29.951303,28.897028,27.014015,26.492804,21.633652,24.59309,24.16721,20.628141,24.315258,22.372036,26.618702,27.678865,28.795828,31.60626,31.887697,26.763212,23.41795,19.876686,17.635698,17.327393,11.983602,12.414422,7.89938,10.469018,11.1223135,13.942795,17.454218,20.628523,25.098537,26.627401,21.375124,22.508883,18.443823,21.237373,18.568155,22.458666,27.19284,25.859243,24.562805,27.883032,23.020819,26.906048,24.931879
21,14.221127,10.607917,12.001828,10.930329,7.866838,10.384752,9.399786,12.892219,15.092386,16.187695,20.307844,22.59438,26.776438,24.791264,21.89435,19.293804,15.668731,12.313029,10.347122,5.791528,5.001679,0.0,6.3288565,7.1393723,9.82497,12.106237,11.870762,14.286668,10.810659,11.486639,8.738055,11.84659,9.23511,16.388285,14.081786,18.164488,20.540464,21.240635,20.534925,16.087646,11.972899,16.583906,13.060288,15.283045,15.136042,14.243921,14.758209,16.66481,16.764402,20.878304,23.611158,23.61298,22.719336,25.405571,27.616236,24.036558,26.010687,24.081978,25.34598,30.230467,28.438328,25.22248,28.545967,26.376518,29.840244,28.289503,33.23383,32.14772,30.729654,30.714521,25.980904,28.972284,28.884022,25.283281,29.038628,26.873228,31.085077,31.827293,32.68848,35.2367,35.063183,29.815207,26.400621,23.023048,21.348972,21.112902,16.019632,16.972782,12.400308,14.708392,14.301661,16.82912,20.894835,23.399399,27.665783,29.906626,25.078348,26.500183,22.933449,25.540337,23.255259,26.74101,31.249298,30.21195,29.162449,32.62405,27.886276,31.77435,29.774614
22,10.283763,7.8663397,7.7834954,9.346874,5.6598086,8.470257,10.824375,12.4853115,17.15365,17.684635,22.995667,25.395864,29.483894,28.564579,26.07822,23.467342,19.713743,16.692583,13.95378,10.218408,6.257478,6.3288565,0.0,5.810377,5.191011,9.115385,9.628247,10.304438,8.849951,9.785614,10.088507,12.895911,13.3744545,20.509415,19.332773,23.143686,25.794304,26.973257,25.90812,21.734838,17.575182,20.834509,16.456276,18.003134,15.624397,14.594044,13.505091,14.908845,13.347778,17.487545,20.785757,21.912975,21.116056,24.788713,27.452318,24.922829,27.454351,25.12256,27.194754,32.10474,29.512396,26.175486,28.267502,25.398933,28.167854,25.810545,30.424122,28.464777,26.72966,27.376835,23.21732,27.045202,27.225166,24.466862,28.524256,27.290174,31.625092,33.140045,34.298775,37.39919,37.67683,32.417217,29.323185,25.691067,23.162455,22.165108,17.384132,15.824735,10.71835,11.25466,9.809423,11.404344,15.583919,17.79713,21.626781,24.50296,20.155321,21.525639,18.935484,20.937386,19.780676,22.59179,26.862635,25.753489,25.218794,28.845392,24.77763,28.819769,27.463211
23,12.682352,10.366551,12.303815,14.077348,11.101529,14.0476885,15.317402,17.499607,21.360453,21.718315,26.819368,28.395853,32.93749,31.275518,28.309864,26.193317,22.18273,19.244295,16.574736,12.54468,9.730301,7.1393723,5.810377,0.0,4.935102,5.1162696,5.1986012,8.99738,7.2327113,10.476462,8.325803,13.940442,12.889039,20.84766,20.062405,23.302721,26.337896,26.586105,25.163128,21.107988,16.901794,19.864464,14.980375,17.830898,15.536128,12.339806,12.719899,12.4231615,12.889092,16.272078,18.591047,19.39771,19.96271,22.180386,25.641146,22.990124,25.768295,24.513672,26.712324,31.676493,29.879894,26.714901,28.67613,25.676052,28.732798,25.768442,31.275331,29.601551,28.81142,30.034853,26.022017,29.633717,30.535095,27.69304,32.05394,30.666,35.078003,36.381886,36.98792,40.061363,39.58199,34.012917,31.15076,27.592943,25.495428,24.1716,20.04402,18.941706,14.137791,15.047093,12.745815,14.485292,19.05986,20.167202,24.20301,27.106094,23.25811,25.377398,23.108515,25.580935,24.956026,27.965664,32.249924,30.770603,30.275986,33.41909,29.16833,32.943417,31.222746
24,8.604844,7.504975,8.867428,12.191604,10.073407,13.13239,15.62978,17.515352,22.26102,22.865917,28.124695,30.489977,34.657917,33.595547,30.974562,28.358046,24.631376,21.469208,18.888391,14.86566,11.280938,9.82497,5.191011,4.935102,0.0,4.8578963,7.3637333,9.185463,9.693091,12.403374,12.321915,16.735226,16.904192,24.588224,23.575527,27.186827,30.015005,30.669426,29.452131,25.279749,21.049215,24.15618,19.295176,21.533392,18.52508,15.929838,15.131914,14.723328,13.586852,16.882332,19.686739,21.480148,21.976614,24.987497,28.566069,26.522902,29.467014,27.77027,30.232101,35.167767,32.802143,29.54686,30.973593,27.6688,30.188484,26.847557,31.83877,29.413204,28.12265,29.681072,26.094082,30.252556,30.974962,28.628998,32.913578,31.982231,36.36441,38.032288,39.05045,42.28075,42.33494,36.92081,34.00628,30.354597,27.833048,26.456326,22.113115,19.946182,14.952415,14.694949,12.003821,12.523378,16.88179,17.814941,20.983482,24.833977,21.492252,23.202423,21.771723,23.342007,23.294477,25.418568,29.249638,28.213299,28.181993,31.754238,28.193647,32.15478,31.06006
25,12.43282,11.573942,13.644336,16.808987,14.523697,17.518412,19.611942,21.460102,25.948425,26.225147,31.58459,33.19223,37.737206,36.29061,33.37059,31.230583,27.225029,24.274517,21.545256,17.55568,14.358452,12.106237,9.115385,5.1162696,4.8578963,0.0,4.324688,8.331831,9.327928,13.319233,12.22098,17.964382,17.626852,25.566671,25.12693,28.17901,31.34017,31.4209,29.839169,25.921078,21.763626,24.237064,19.06848,21.971067,18.765411,14.722265,14.759113,12.790036,13.121717,15.470599,17.348541,19.074888,20.773018,22.646805,26.894274,25.050823,28.224407,27.341848,30.000284,34.88696,33.03774,29.957195,31.034258,27.576218,30.161901,26.259346,31.856773,29.612556,29.12782,31.20581,27.851524,31.858229,33.20468,30.917408,35.4594,34.543354,38.98725,40.60285,41.199417,44.502377,44.00913,38.374775,35.73868,32.129047,29.81731,28.079685,24.355219,22.241287,17.545404,17.454283,14.248147,14.890388,19.35707,19.331703,22.655273,26.329632,23.486834,25.822596,24.677748,26.670694,27.106987,29.469805,33.35181,31.870193,31.852673,34.925564,31.25029,34.951626,33.6015
26,15.8693495,14.510587,15.94978,18.589785,15.270334,17.74764,19.761421,20.847256,25.295376,24.894476,30.614138,31.22288,36.10401,34.63345,31.603699,30.13478,25.73149,23.341831,20.13036,16.714579,13.516624,11.870762,9.628247,5.1986012,7.3637333,4.324688,0.0,5.7661667,5.8227634,10.260362,8.995122,14.956059,15.055526,22.764206,23.263138,25.712355,29.219818,29.323376,27.3025,23.769924,19.716303,21.11043,15.735819,18.582401,15.05545,10.563228,10.881281,8.643555,9.923827,12.25752,13.966595,15.124879,16.74715,18.4423,22.60835,20.749678,23.971066,23.240559,26.007055,30.839743,29.129698,26.146376,27.105318,23.69038,26.446129,22.663786,28.55309,26.792772,26.728657,28.69203,25.240852,28.923874,30.61536,28.280735,32.96044,32.05425,36.50385,38.10838,38.37638,41.785656,40.96204,35.228615,32.889503,29.309246,27.051886,24.998219,21.888702,19.778917,15.530369,15.79057,12.630051,14.007089,18.507814,18.48007,22.645494,25.276472,22.115723,24.89172,23.320498,26.053078,26.443203,29.487188,33.7381,31.609154,31.277784,33.76983,29.692863,33.124844,31.382647
27,17.105562,16.369076,16.169537,19.27034,15.349691,16.868713,20.095953,19.489367,24.944345,23.756104,30.247534,30.369999,35.2287,34.601624,31.91523,30.771303,26.151917,24.318136,20.493332,17.947306,13.867693,14.286668,10.304438,8.99738,9.185463,8.331831,5.7661667,0.0,4.981931,7.8732114,10.152526,13.807131,16.42196,23.284937,24.720078,26.92301,30.581682,31.422901,29.145681,25.934673,21.960636,22.24974,16.866392,18.387217,13.395286,10.335686,8.34137,6.725569,4.889744,7.713631,10.743834,12.80248,13.375697,16.804527,20.52495,19.630049,22.99037,21.457565,24.705889,29.370665,26.8399,23.838465,23.833569,20.034885,22.171597,18.109968,23.538393,21.348074,21.090492,23.334784,20.31599,24.339628,26.303167,24.637005,29.422321,29.215534,33.622562,35.750633,36.135353,39.940216,39.453846,33.838203,31.850632,28.178217,25.351578,22.760632,20.26825,16.55706,12.879815,11.991415,8.2745285,9.214155,13.40316,13.030327,17.640852,19.650665,16.583288,19.63231,18.51896,21.344273,22.521116,25.557716,29.795458,27.081497,26.830038,28.846815,25.056366,28.283943,26.787508
28,17.899437,16.074633,16.226748,18.065876,13.647012,15.088372,17.261673,17.002697,21.600803,20.373043,26.587778,26.364902,31.399815,30.31982,27.441366,26.538303,21.80738,20.143967,16.296999,13.942606,10.458141,10.810659,8.849951,7.2327113,9.693091,9.327928,5.8227634,4.981931,0.0,4.5132365,5.18825,9.544337,11.469655,18.45533,19.900948,21.991316,25.68072,26.4528,24.169987,20.974197,17.04566,17.368168,12.007631,13.780514,9.580985,6.577268,5.6203647,6.183518,6.439548,10.1683655,12.845697,13.226832,12.862105,15.962129,19.00815,16.922012,19.933455,18.32587,21.105219,25.965542,23.781542,20.682337,21.83635,18.595074,21.5651,18.625664,24.250101,22.995262,22.674868,23.91851,20.034771,23.427185,25.036352,22.562906,27.266903,26.393211,30.833534,32.522194,32.732903,36.281956,35.545765,29.848299,27.668285,24.03798,21.560423,19.293188,16.521193,14.180906,10.375794,11.111244,8.6275625,11.214939,15.479731,16.348413,21.436413,22.723143,18.644793,21.47013,18.983812,22.46348,22.380371,26.193968,30.853096,28.188913,27.395426,29.445267,24.886105,28.153898,26.061628
29,19.600117,17.628492,16.789806,17.934797,13.021249,13.35176,15.673828,14.06236,18.802597,16.858994,23.47388,22.717072,27.752773,27.165607,24.547792,24.0066,19.153908,18.141031,13.87498,12.706651,9.185612,11.486639,9.785614,10.476462,12.403374,13.319233,10.260362,7.8732114,4.5132365,0.0,5.917435,6.064967,10.397442,16.098316,18.164238,20.060253,23.705667,25.180935,22.865667,19.965036,16.306267,15.922325,11.128582,11.3364,6.633674,7.0782714,4.3114834,8.238095,6.79529,11.051686,14.3171625,14.26847,11.956414,16.36266,18.116594,15.948571,18.540531,15.8726225,18.524446,23.323439,20.518223,17.27031,18.686357,15.71415,18.751581,16.846012,21.820385,20.92234,20.106585,20.528057,16.187174,19.36886,20.688951,18.068424,22.755398,21.937738,26.376842,28.193317,28.499903,32.173626,31.704357,26.1212,24.005981,20.31886,17.516209,15.127306,12.490762,9.692423,6.3612275,7.6564674,6.5584683,10.0537615,13.651573,15.487096,20.967129,21.22508,16.3813,18.984667,15.626654,19.628511,19.009401,23.39292,28.30253,25.322397,24.142206,25.909418,20.98161,24.16701,21.843122
30,19.921291,17.208746,17.841246,18.27334,13.823112,15.136286,15.705915,16.126762,19.243353,18.124338,23.66649,23.050724,28.232328,26.47018,23.312752,22.71629,17.939775,16.489388,12.853317,10.815978,8.909386,8.738055,10.088507,8.325803,12.321915,12.22098,8.995122,10.152526,5.18825,5.917435,0.0,6.923816,6.4803576,13.81566,15.137103,17.053078,20.772837,21.314346,19.041069,15.8262415,11.958834,12.495775,7.2200775,9.762573,7.8024626,5.5249176,7.026967,9.138517,10.807263,14.333865,16.443487,15.504075,14.548324,16.758419,18.951084,15.5415325,17.912077,16.452919,18.418552,23.385942,21.830183,18.758244,21.314821,18.908842,22.595888,20.840513,26.438307,26.052252,25.73937,26.097652,21.596529,24.168188,25.342596,22.055973,26.47173,24.791697,29.151154,30.23009,30.203644,33.348106,32.26001,26.516857,24.089235,20.602552,18.760891,17.090677,14.044447,13.937635,10.529518,12.937126,11.917895,15.170487,19.205292,20.82136,26.06909,26.902891,22.238512,24.777699,21.276102,25.12639,23.883635,28.246113,33.150993,30.647188,29.397213,31.459204,26.318483,29.524775,26.904732
31,23.12241,20.436108,19.667503,19.22899,14.351127,13.912142,14.490541,12.663057,15.539034,13.019816,19.172628,17.318705,22.629225,21.680939,18.956669,19.18546,14.143062,14.1385765,9.769192,10.432146,8.976431,11.84659,12.895911,13.940442,16.735226,17.964382,14.956059,13.807131,9.544337,6.064967,6.923816,0.0,6.7085376,10.297451,13.114389,14.467954,18.106735,20.005342,17.669283,15.205146,12.160948,11.005467,7.5952015,6.0970755,4.484369,8.541399,7.7545595,12.567363,12.351376,16.11384,18.85075,17.567516,14.227098,18.030132,18.233849,14.846591,16.34606,13.091361,14.612652,19.417973,16.856604,13.549892,16.861666,15.203574,18.948133,18.944832,23.371756,23.624308,22.699062,21.753887,16.717524,18.55085,19.142345,15.437892,19.68493,17.888378,22.241058,23.429688,23.49034,26.840437,26.137959,20.513674,18.160278,14.503888,12.121175,10.328291,7.436717,7.9650874,6.5368423,10.048874,11.210559,14.930068,17.781092,20.436378,25.960402,25.402601,19.975407,22.064697,17.449623,21.8753,19.760565,24.875135,30.020765,27.106419,25.27095,26.791689,21.168268,24.080036,21.039814
32,23.039162,19.668541,20.277765,19.005081,14.912755,15.556056,14.1128235,15.0138645,15.795856,14.834865,19.135479,18.100922,23.258568,20.750118,17.352839,17.160866,12.444146,11.589488,8.520296,7.9835362,9.078893,9.23511,13.3744545,12.889039,16.904192,17.626852,15.055526,16.42196,11.469655,10.397442,6.4803576,6.7085376,0.0,8.021954,8.753428,10.724366,14.308651,15.051965,13.052425,9.655424,5.9393344,7.5168266,4.5089045,6.601593,9.2116995,10.027969,11.829722,15.0614805,16.546782,20.157946,22.216192,20.541378,18.617033,20.538239,21.32002,16.859825,17.991001,16.221468,16.736122,21.494925,20.450485,17.52579,21.816412,20.611124,24.719162,24.495825,29.500189,29.871656,29.229095,28.45922,23.41589,25.01665,25.338575,21.210041,24.918777,22.247984,26.318644,26.585361,26.45633,28.968853,27.734308,22.164587,19.242443,16.034475,15.125684,14.722356,11.200289,14.219372,11.881746,15.523371,16.068272,19.633444,23.182123,25.676575,30.974276,31.31553,26.04036,28.039865,23.526842,27.526958,24.927313,29.730698,34.771297,32.555798,30.794584,32.896206,27.293653,30.382193,27.336222
33,30.11998,26.679317,26.696247,24.56022,20.657236,20.129332,17.876518,17.522655,16.034985,14.056084,16.761698,12.977558,18.256886,15.314625,11.908852,14.152797,9.82928,11.878301,9.925747,12.716608,15.027553,16.388285,20.509415,20.84766,24.588224,25.566671,22.764206,23.284937,18.45533,16.098316,13.81566,10.297451,8.021954,0.0,6.412068,4.550416,8.501101,10.542924,8.114441,7.337026,7.437669,4.695273,8.146508,6.0853863,12.0369005,15.378262,16.839142,20.88705,22.171944,25.444023,27.320177,24.84579,21.706383,23.473227,22.28832,17.472757,16.923914,14.668945,13.2378845,17.038244,16.596415,14.335975,20.160446,20.607843,24.810946,26.504793,30.509127,32.020473,31.368984,29.37822,24.223139,24.2239,23.942839,19.326292,21.935915,18.412004,21.75286,21.05064,20.27817,22.1608,20.340033,14.96098,12.012664,9.508184,10.3880205,11.385016,9.790984,15.448835,15.622966,19.56633,21.339245,25.034998,27.689335,30.652092,36.130306,35.24889,29.632807,31.311321,26.034533,30.400482,26.933023,32.27485,37.37444,34.89799,32.53413,33.86792,27.91852,30.279335,26.64017
34,27.697489,23.96362,24.421482,21.373209,18.473618,18.304913,14.614381,16.19874,13.102869,13.098052,13.956782,13.107541,17.409153,13.503174,9.815588,9.9182625,6.454784,7.096723,7.4893665,9.702996,13.634701,14.081786,19.332773,20.062405,23.575527,25.12693,23.263138,24.720078,19.900948,18.164238,15.137103,13.114389,8.753428,6.412068,0.0,5.104608,6.4944263,8.430823,8.47066,5.1023335,5.0995827,9.000497,11.3071995,11.171985,16.207302,18.526283,20.023775,23.732735,24.763027,28.55029,30.760098,28.848612,26.26787,28.183594,27.842304,22.985893,22.861696,20.796253,19.629257,23.408192,22.865244,20.457855,26.120838,26.14616,30.24933,31.391178,35.520252,36.383392,35.19897,33.30838,27.987495,28.627052,27.69516,22.954992,25.244549,21.43198,24.66439,23.654295,23.69842,24.911644,23.907463,19.267036,15.466213,13.30248,14.142778,16.060295,12.359796,18.193806,17.062998,21.031628,22.76685,26.255508,29.225607,32.527622,37.60828,37.696873,31.985275,33.204754,27.952791,31.64053,27.603968,32.42763,37.30579,35.74766,33.53917,35.838463,30.121752,33.03689,29.853224
35,32.127033,28.457756,28.873837,26.156576,22.86213,22.515566,19.3151,19.952564,17.03961,15.985411,16.790833,13.506712,18.0281,13.915642,10.257136,12.741686,9.685328,11.82248,11.57786,14.235344,17.557178,18.164488,23.143686,23.302721,27.186827,28.17901,25.712355,26.92301,21.991316,20.060253,17.053078,14.467954,10.724366,4.550416,5.104608,0.0,4.294151,6.1093955,4.5737095,4.6709414,7.2186327,6.771909,11.275977,10.4004135,16.41803,19.092674,20.97449,24.695286,26.264301,29.58727,31.338045,28.781393,25.99597,27.235983,26.106585,21.069622,20.18773,18.552904,16.557198,19.727646,20.061316,18.211115,24.254173,24.980461,29.197453,30.98066,34.993637,36.569225,35.86692,33.75446,28.563847,28.415174,27.795618,23.062412,25.120258,21.18798,24.042913,22.630093,21.83478,22.815052,20.814953,16.131168,12.910858,11.458591,13.403491,15.267033,13.453795,19.573608,19.472576,23.480148,25.257244,28.91215,31.697094,34.780277,40.155937,39.546703,33.874573,35.376297,30.01273,34.157402,30.291468,35.47806,40.475666,38.396057,35.988647,37.579784,31.669277,34.065727,30.468761
36,34.126915,30.36849,30.784174,27.483473,24.76671,24.259779,20.398067,21.43622,17.228655,16.839846,15.758413,13.025919,16.477755,11.546701,8.060546,10.808871,9.54296,12.002841,13.207723,16.107157,20.002344,20.540464,25.794304,26.337896,30.015005,31.34017,29.219818,30.581682,25.68072,23.705667,20.772837,18.106735,14.308651,8.501101,6.4944263,4.294151,0.0,4.602844,6.0130615,6.703123,9.968411,11.011064,15.4296,14.537845,20.446299,23.231346,24.975615,28.771807,30.120605,33.611244,35.50507,33.040527,30.17438,31.525385,30.276611,25.26181,24.180899,22.470648,20.164515,22.822128,23.228823,21.59206,27.797127,28.777256,32.88748,34.946896,38.665688,40.242317,39.25895,36.828186,31.594269,31.268333,30.118544,25.305634,26.711885,22.456612,24.790339,22.787497,22.214788,22.358791,20.661415,16.90225,13.392321,12.818913,15.329858,17.99674,15.963893,22.474539,22.439224,26.438496,28.487345,32.05743,34.713264,38.07754,43.295517,42.781063,36.990692,38.156475,32.635727,36.507683,32.15283,37.168835,42.00397,40.321915,37.819656,39.611423,33.79822,36.183666,32.687668
