,0,1,2,3,4,5,6,7,8,9,10,11,12,13,14,15,16,17,18,19,20,21,22,23,24,25,26,27,28,29,30,31,32,33,34,35,36,37,38,39,40,41,42,43,44,45,46,47,48,49,50,51,52,53,54,55,56,57,58,59,60,61,62,63,64,65,66,67,68,69,70,71,72,73,74,75,76,77,78,79,80,81,82,83,84,85,86,87,88,89,90,91,92,93,94,95,96,97,98,99,100,101,102,103,104,105,106,107,108,109,110
0,0.0,4.2522182,6.3034863,9.729659,12.145275,14.825751,17.826572,21.863697,24.83709,27.667852,31.45574,30.266954,27.531174,26.513855,21.718435,20.792006,16.598059,16.003784,14.198345,11.388043,13.578654,10.244907,14.935083,17.231127,17.739649,15.5945425,21.083794,22.341936,17.201403,21.701998,18.656252,25.810076,23.221355,29.577831,29.190271,32.17809,33.61548,31.76534,31.850374,28.686121,29.644213,23.052298,24.504253,18.873222,23.411524,18.816002,21.431166,21.485594,23.249374,26.009441,26.367413,30.471361,31.188068,35.388573,33.174885,34.79008,31.224735,31.00217,35.24791,32.498447,29.248066,34.097473,31.642519,33.260914,38.395264,35.418575,39.10826,37.768185,41.734695,38.230686,33.965637,33.181274,29.75059,30.045866,26.052021,23.088938,21.477638,21.736746,19.846,21.919174,18.09332,16.644361,17.010489,17.230143,21.156536,18.590765,24.620598,26.030891,28.757664,31.288307,34.554386,37.849327,40.589775,42.785065,43.11363,44.67331,43.213913,40.973648,38.698524,36.21936,35.11129,30.70882,30.919989,29.382215,27.924732,28.311361,25.673151,26.229347,28.046656,27.172445,30.824842
1,4.2522182,0.0,5.2399535,6.8447175,8.850118,12.549233,14.503948,19.383944,21.683737,24.854937,28.324799,27.562054,25.232079,23.876383,19.344933,17.605885,13.799655,12.395305,10.9408,7.372101,9.806628,7.4465723,12.111534,13.68072,14.915914,12.791764,17.849041,18.637976,13.049278,17.50292,14.430494,21.752064,19.49516,25.693237,25.552021,28.588411,30.019842,28.14539,27.90075,24.784597,25.470676,18.935375,20.299404,14.7406645,19.393257,15.210046,18.19026,18.636663,20.816168,23.53131,23.71697,28.053585,28.966328,32.837715,30.183586,31.859089,27.979303,27.99729,32.147537,29.141565,25.80709,30.32331,27.710402,29.185535,34.314743,31.204018,34.885834,33.522522,37.52216,34.04993,29.781134,29.15614,25.703053,26.327078,22.491144,19.572777,18.404623,18.906292,17.555336,20.016733,16.535887,14.29382,14.326246,13.963332,17.598057,14.931976,20.707676,22.165806,24.738777,27.452852,30.613094,34.015587,36.746876,39.005707,39.31565,40.94585,39.411602,37.378407,35.155315,32.788914,31.922028,27.571514,28.275167,27.129074,25.803673,25.876213,23.815557,23.4736,25.674376,24.42961,28.24024
2,6.3034863,5.2399535,0.0,5.212531,6.8370724,8.877498,12.18174,15.661697,18.950323,21.49855,25.539951,24.327192,21.546398,20.845839,15.98369,15.546202,11.783478,11.423231,11.535942,9.421928,13.162838,11.87872,16.786612,17.798676,19.497475,16.777802,21.404037,21.82286,15.552601,19.727594,15.679572,23.112309,19.614958,26.108822,24.834927,28.15903,28.989637,26.782646,27.364973,23.97288,25.818243,18.896923,21.06037,15.9885235,20.81231,17.284344,19.701658,20.797846,22.737082,24.803036,24.271322,28.547665,28.55997,32.91296,30.429857,32.674484,29.206493,29.702465,34.140553,31.508512,28.069124,32.382282,29.20309,30.90393,35.46627,32.30897,36.143326,34.371414,37.88004,34.132267,29.928114,28.53827,25.480452,24.805393,21.252058,17.81747,16.402637,17.363474,15.835102,18.533382,15.414259,13.31947,15.290452,14.28205,17.575382,14.135917,20.515747,21.057117,24.099371,26.134172,29.667469,32.700554,35.367867,37.463833,37.976543,39.60486,38.61807,36.093014,34.331383,31.624819,31.203796,26.544836,27.125586,25.984795,23.885462,23.764975,20.650347,20.797718,22.214855,21.143923,24.65094
3,9.729659,6.8447175,5.212531,0.0,3.8541863,6.1507626,8.984642,13.186549,15.556297,18.918322,22.04732,20.89799,18.552725,17.071398,12.555845,11.063191,7.091135,6.613471,6.585378,5.775244,9.927542,10.148261,14.840155,15.508249,18.646223,16.790167,20.532421,20.024359,12.907327,16.26484,11.665677,18.373043,14.479342,21.054409,19.84042,23.049662,24.112883,22.164219,22.729671,19.495798,21.439856,14.893527,17.653917,13.434686,18.555712,16.380354,19.43239,21.0782,23.582779,25.59931,24.84606,29.37107,29.626266,33.439545,30.26622,32.599796,28.619661,29.495838,33.625114,30.47687,26.985518,30.456785,26.989809,28.126219,32.656105,28.853361,32.58199,30.491632,34.052887,30.014015,25.894215,25.006609,22.337189,21.80096,19.36225,15.506354,15.53302,17.381403,16.913855,20.177975,17.74394,14.67523,16.226889,14.166337,16.475313,12.366693,18.087551,17.67236,20.344816,22.404211,25.507677,28.610447,31.695078,34.09594,34.952896,36.938976,36.131958,33.974625,32.6531,30.100533,30.45271,25.86915,27.389359,26.939455,24.885517,24.128086,21.59217,20.116444,21.680716,19.615084,23.036924
4,12.145275,8.850118,6.8370724,3.8541863,0.0,5.3153653,5.7079196,10.899602,12.862585,16.06835,19.53691,19.045574,17.052816,15.795718,11.569538,9.655347,7.3259563,5.2874236,8.284741,6.743895,10.896205,12.285642,16.16547,15.635383,18.661026,16.241636,19.304672,18.5429,11.507344,14.7476015,10.049098,17.40272,13.84149,20.037003,18.630297,22.17788,22.701656,20.297323,20.651146,17.205055,19.222403,12.260786,14.951329,10.898362,15.847988,14.171605,16.830538,18.949469,21.410446,22.999489,21.853336,26.361797,26.393078,30.141752,26.891815,29.444448,25.610806,26.787724,30.982635,28.061705,24.552902,27.877008,24.155163,25.54802,29.736073,26.204075,30.040646,27.966547,31.286556,27.403152,23.246563,21.848066,19.063635,18.324541,15.575206,11.752126,11.712178,13.754564,13.659275,17.12132,15.236292,11.830294,13.874222,11.23066,13.064413,8.716698,14.624955,14.369953,17.32978,19.369356,22.838037,25.92863,28.64868,30.865843,31.515762,33.359364,32.524654,30.239656,28.899212,26.29211,26.722784,22.10757,23.765572,23.527336,21.421497,20.472225,18.251127,16.362509,18.198917,16.165604,19.827614
5,14.825751,12.549233,8.877498,6.1507626,5.3153653,0.0,6.109859,7.387627,10.892018,13.5855665,17.140297,15.497056,12.767272,12.014121,7.1704226,7.710018,5.2494507,6.716349,9.803385,10.800847,14.910303,16.092447,20.424822,20.334793,23.780264,21.535376,24.534,23.510157,16.304436,18.780344,13.647671,19.492334,14.367382,20.638845,17.879354,21.393633,21.47977,19.085012,20.767048,17.3321,20.82713,14.451777,18.138319,15.341418,20.075832,19.19929,21.576548,23.940546,26.256119,27.491615,25.92333,30.274809,29.636875,33.597176,30.430449,33.366726,29.8057,31.318193,35.52816,32.735416,29.24386,32.103725,28.028097,29.238327,32.876293,29.00223,32.7613,30.156517,32.966892,28.639637,24.791319,23.023252,21.167238,18.892235,17.538397,13.085134,13.625616,16.389196,16.389277,19.890701,18.482302,15.46805,18.54832,15.723403,16.908588,12.183298,17.571102,15.500503,18.530426,19.494844,22.89465,25.413912,28.432682,30.660276,31.8707,33.941765,33.90922,31.321463,30.800493,27.96852,29.210283,24.486341,26.248755,26.18541,23.370995,22.05452,18.740314,16.9242,17.409233,15.007946,17.84984
6,17.826572,14.503948,12.18174,8.984642,5.7079196,6.109859,0.0,6.790307,7.3561077,10.736415,14.037271,14.221992,12.968379,11.769926,8.679206,6.304298,7.4200926,5.2790523,10.849685,10.7634735,14.250166,16.917978,19.966152,18.40655,21.94133,19.606289,21.300005,19.691982,12.988713,14.700319,9.907071,15.9543495,12.036856,17.36646,15.044822,18.9041,18.534647,15.624551,16.329166,12.69444,15.757424,9.0786085,12.625347,10.807418,14.928611,15.388766,17.47036,20.40084,22.853947,23.651863,21.745068,26.083755,25.618952,28.983757,25.377115,28.394865,24.727951,26.634235,30.617441,27.851454,24.435028,26.717472,22.404463,23.650259,26.94248,23.253347,27.066355,24.547426,27.240887,23.174505,19.23273,17.171068,15.09691,13.143512,11.74025,7.262366,8.978237,12.2570715,13.443886,17.143023,16.664186,13.040883,15.708201,12.113655,11.944269,7.1521926,11.637094,9.548602,12.765751,14.114937,17.845139,20.656515,23.26834,25.429234,26.302494,28.298891,27.973482,25.590384,24.97458,22.295118,23.794363,19.245228,21.704708,22.26488,19.839779,18.075851,16.231144,12.692735,14.278519,11.351298,14.854708
7,21.863697,19.383944,15.661697,13.186549,10.899602,7.387627,6.790307,0.0,5.3598638,6.417862,10.67544,9.33262,7.0508833,7.7147846,5.109666,7.423534,9.517998,10.474709,15.29104,16.601551,20.311287,22.543236,26.14901,25.009874,28.646643,26.185207,28.013718,26.37749,19.75164,21.045683,16.224709,20.635475,15.475657,20.225843,16.162708,19.858908,18.470318,15.395495,17.986204,14.6048,19.429016,14.131346,18.129976,17.399426,21.016106,21.858181,23.407423,26.464956,28.583227,28.885586,26.485264,30.441628,29.009554,32.654186,29.403143,32.87684,29.8284,32.074116,36.094234,33.727436,30.409727,32.28509,27.696808,28.903643,31.278765,27.572998,31.19652,28.172548,29.937435,25.577017,22.264988,19.418287,18.715582,14.449352,14.908202,10.518595,12.172357,15.752468,16.793888,20.227354,20.368065,17.469528,21.296412,17.845062,17.329943,12.918629,16.469114,12.591796,15.664909,15.1099,18.780201,20.465809,23.074633,24.967701,26.477095,28.584986,29.423885,26.493286,27.00141,24.03576,26.475069,21.96699,24.262081,24.963789,21.658567,19.517,16.257662,13.183212,12.410793,9.150109,11.021866
8,24.83709,21.683737,18.950323,15.556297,12.862585,10.892018,7.3561077,5.3598638,0.0,4.724132,6.7028475,7.558923,7.91716,7.031734,7.4427214,6.6098905,10.926545,10.628171,15.85906,17.283094,20.253485,23.45123,26.128313,24.234865,28.271805,26.267948,27.012508,24.7215,18.639013,18.715408,14.473988,17.336958,12.892764,16.28233,12.193833,15.967111,14.079493,10.640705,12.954952,9.663273,14.829705,10.764301,14.850077,15.896304,18.69615,21.046057,22.59701,25.968546,28.31003,28.400763,25.873327,29.76954,28.678997,31.524216,27.728685,31.156597,27.871416,30.460085,34.018513,31.453297,28.304491,29.195572,24.44595,25.20105,27.09244,23.113216,26.551228,23.298077,24.811337,20.357853,17.259056,14.48184,14.495107,10.03918,12.452504,8.448515,12.015386,15.873599,17.935673,21.39225,22.09989,18.778027,21.799095,17.944742,16.22537,12.288126,13.684749,8.3996935,10.899589,9.895827,13.424138,15.1901865,17.978445,20.136915,21.845531,24.26742,25.18503,22.73457,23.683998,21.04226,24.264969,20.198433,23.43517,24.8709,22.065819,19.44893,17.777,12.8411665,12.908962,8.596796,10.347266
9,27.667852,24.854937,21.49855,18.918322,16.06835,13.5855665,10.736415,6.417862,4.724132,0.0,5.951402,7.0806704,7.5648994,8.895354,9.878725,10.983296,14.810427,14.870209,20.170334,21.318825,24.544035,27.496666,30.371565,28.391031,32.04091,29.571943,30.312704,28.213995,22.507465,22.786156,18.76153,21.799118,17.558441,20.43098,16.035425,19.553404,16.923157,13.366716,16.083176,13.184039,18.374413,14.744228,18.284737,19.35824,21.669817,23.933704,24.808159,28.259312,30.21072,29.788324,26.868153,30.344376,28.510666,31.505962,28.141167,31.88065,29.279713,32.075775,35.70866,33.706875,30.682463,31.549568,26.735685,27.847792,28.992123,25.640375,28.98276,25.773472,26.516317,22.413229,19.781525,16.03352,16.525528,10.743847,13.321046,10.122019,12.749032,16.40623,18.40258,21.484226,22.825544,20.062565,23.79342,20.10085,18.192562,14.781733,15.938116,11.032009,13.549203,11.486405,15.204805,15.997031,17.870808,19.345139,21.014517,23.121763,24.686996,21.623344,23.11747,20.244516,23.821186,19.88886,22.789572,24.310804,21.04906,18.23626,16.074903,11.522217,10.058713,5.893256,6.0208235
10,31.45574,28.324799,25.539951,22.04732,19.53691,17.140297,14.037271,10.67544,6.7028475,5.951402,0.0,4.9544096,8.40402,8.244689,11.78877,11.885716,16.580053,16.791014,21.556116,23.54164,26.125996,29.623817,31.951609,29.819012,34.097115,32.350597,32.42752,29.72664,24.262869,23.363726,19.794243,20.406609,16.409618,17.54645,12.696208,15.568933,12.178722,8.84859,12.456154,10.613333,16.33484,15.062165,18.737553,21.355862,23.199732,26.613184,27.831688,31.385323,33.63628,33.27329,30.431543,33.898262,32.47594,34.73956,30.88882,34.458145,31.531227,34.530113,37.62823,35.25101,32.409134,32.17771,27.33775,27.628115,28.237782,24.258661,27.104158,23.408325,23.644384,19.17941,17.348436,14.356318,16.371819,10.841763,15.936964,13.273178,17.115168,20.829206,23.29317,26.439354,27.820908,24.70586,27.71473,23.809559,21.332867,18.131525,17.700783,11.596631,12.518211,9.300484,11.441499,11.391324,14.127764,16.145077,18.809774,21.60491,23.7874,21.548042,23.979658,21.66563,26.159107,22.856493,26.521612,28.57051,25.750458,22.710873,21.521223,16.163094,15.211317,10.971412,10.138124
11,30.266954,27.562054,24.327192,20.89799,19.045574,15.497056,14.221992,9.33262,7.558923,7.0806704,4.9544096,0.0,4.131236,4.7093906,8.93853,10.922295,14.884644,16.422794,20.555075,23.256329,26.167261,29.145529,32.112057,30.710705,35.173775,33.475494,34.317787,31.84665,25.614456,25.232622,20.986542,21.89468,16.655151,18.883728,13.466007,16.153688,13.367448,10.798335,15.30573,13.332451,19.339193,17.271315,21.52004,23.202475,25.912308,28.543377,30.144697,33.52733,35.847534,35.826958,33.147404,36.84614,35.346165,38.140194,34.455193,38.03297,34.971695,37.73865,41.124027,38.575222,35.533066,35.83616,31.030754,31.334644,32.522976,28.23428,31.174044,27.418028,28.045877,23.315536,21.29034,18.81754,20.357279,15.138857,19.236685,15.736185,19.07119,22.884127,24.784195,28.087286,28.930874,25.882101,29.240551,25.439314,23.724852,19.831135,20.812712,14.880044,16.240381,13.666271,15.5783205,15.655177,18.848011,20.92921,23.728945,26.50279,28.701796,26.317875,28.532753,26.02287,30.123453,26.419537,29.6618,31.264616,28.086035,25.288242,22.966597,18.555775,16.989601,12.964106,12.021314
12,27.531174,25.232079,21.546398,18.552725,17.052816,12.767272,12.968379,7.0508833,7.91716,7.5648994,8.40402,4.131236,0.0,3.997119,6.204693,10.048891,12.912717,15.188664,19.061941,21.772562,25.094797,27.507002,31.038626,30.124147,34.395306,32.470882,33.999046,31.909933,25.230936,25.598743,20.883305,22.96557,17.146564,20.669355,15.428518,18.343132,16.278824,13.818547,18.053005,15.576153,21.406792,18.077393,22.483076,23.067953,26.391466,28.128794,29.836704,33.030643,35.277576,35.470673,32.922176,36.748108,35.14788,38.45876,35.03321,38.616432,35.569733,38.093414,41.80882,39.28791,36.081936,37.09388,32.348896,32.956745,34.687454,30.47001,33.668545,30.085724,31.157831,26.42022,23.93679,21.417126,22.18852,17.15216,19.947779,15.941891,18.517708,22.240389,23.589254,26.919756,27.340216,24.4768,28.179554,24.585327,23.56696,19.290993,21.559721,16.231318,18.265774,16.359995,18.829096,19.387144,22.508554,24.51362,26.995646,29.554178,31.442429,28.746235,30.447628,27.68353,31.190985,27.094149,29.829052,30.962229,27.534668,25.039358,21.844988,18.389301,16.563765,12.95844,12.496529
13,26.513855,23.876383,20.845839,17.071398,15.795718,12.014121,11.769926,7.7147846,7.031734,8.895354,8.244689,4.7093906,3.997119,0.0,5.0356326,7.2296553,10.60991,12.843609,16.33421,19.508892,22.430458,25.146902,28.350336,27.45123,32.087257,30.653313,31.968607,29.63473,22.902739,22.841257,18.202024,19.435545,13.4492445,16.93099,11.708939,14.606509,13.017335,10.870987,15.075567,12.726646,18.479912,15.588035,20.188099,21.097248,24.505253,26.549608,28.681414,31.83483,34.357224,34.83221,32.520298,36.555996,35.479763,38.50421,34.717503,38.079025,34.589767,37.036404,40.55762,37.645287,34.439964,35.2027,30.5398,30.759771,32.79987,28.141111,31.254837,27.598536,29.04277,24.09139,21.525898,19.784798,20.554626,16.341536,19.455479,15.32341,18.548542,22.361435,23.924084,27.454777,27.614046,24.357555,27.429823,23.726133,22.644754,18.271868,20.215044,14.668839,16.26406,14.79432,16.760256,17.77301,21.517836,23.98685,26.576784,29.402327,30.966671,28.760313,30.2926,27.753857,31.251905,27.21561,30.33247,31.583336,28.52511,26.022644,23.446365,19.34676,18.428228,14.376608,14.686186
14,21.718435,19.344933,15.98369,12.555845,11.569538,7.1704226,8.679206,5.109666,7.4427214,9.878725,11.78877,8.93853,6.204693,5.0356326,0.0,5.398915,6.813763,9.672086,13.0891,15.896121,19.336483,21.437765,25.213884,24.74765,29.0203,27.283888,29.341742,27.509903,20.391607,21.342648,16.26189,19.409286,13.263302,18.3776,14.041607,17.315166,16.595263,14.330359,17.529442,14.537358,19.571825,14.963212,19.478405,18.899834,22.981363,23.882193,26.145931,29.024687,31.474619,32.2502,30.188904,34.38465,33.39417,36.89926,33.36975,36.626667,33.10201,35.197212,39.05893,36.178085,32.81009,34.465385,29.96717,30.605526,33.354786,28.93451,32.378086,29.094053,31.150877,26.36481,23.173754,21.352812,21.001553,17.369719,18.662752,14.103409,16.372362,19.945358,20.893227,24.462729,24.033289,20.889437,24.114122,20.694538,20.482332,15.769709,19.240746,14.84581,17.233837,16.78861,19.52595,21.23749,24.718302,27.09246,29.129234,31.653032,32.60511,30.137295,30.851765,28.10094,30.727608,26.29836,28.859966,29.563822,26.458006,24.38462,21.232317,18.072372,17.478859,13.966417,15.346629
15,20.792006,17.605885,15.546202,11.063191,9.655347,7.710018,6.304298,7.423534,6.6098905,10.983296,11.885716,10.922295,10.048891,7.2296553,5.398915,0.0,4.963254,5.7270403,9.7870865,12.471941,15.303932,18.275963,21.252798,20.258024,24.87516,23.612196,25.052858,22.845387,15.8582,16.208857,11.267966,14.079416,8.240613,13.666533,10.24272,13.8502,13.784617,11.555391,13.508147,10.371586,14.677848,10.0291815,14.63953,14.534602,18.52369,20.022705,22.6617,25.56754,28.321575,29.297112,27.477438,31.828186,31.515907,34.492596,30.526436,33.483982,29.492897,31.539976,35.110363,31.855923,28.532108,29.863419,25.474808,25.783356,28.878492,24.186409,27.616573,24.449814,27.01019,22.25273,18.7817,17.718687,17.009336,14.72883,16.014227,11.625138,14.743475,18.279129,19.71752,23.412037,22.930412,19.277962,21.484053,17.871399,17.295677,12.733142,15.449919,11.219581,13.194055,13.733582,16.221724,18.712105,22.406551,25.107641,26.910778,29.54076,29.88561,27.983282,28.305696,25.878191,28.368181,24.142212,27.197584,28.151245,25.6819,23.577946,21.668476,17.521826,18.260437,14.407369,16.665953
16,16.598059,13.799655,11.783478,7.091135,7.3259563,5.2494507,7.4200926,9.517998,10.926545,14.810427,16.580053,14.884644,12.912717,10.60991,6.813763,4.963254,0.0,4.5308814,6.31782,9.545342,12.8318405,14.7690325,18.593945,18.654827,23.077671,21.888939,24.360693,22.737017,15.317039,16.768248,11.587998,15.660789,9.893737,16.385199,13.900444,17.056688,17.866215,16.152733,17.763885,14.748095,18.099096,12.72688,16.855032,15.035373,19.78511,19.837116,22.87407,25.27108,28.022224,29.526945,28.16428,32.6742,32.588375,35.97831,32.27583,34.996784,30.892061,32.453728,36.253193,32.883934,29.445045,31.59791,27.561094,28.038528,31.853867,27.260754,30.774971,27.932377,30.993315,26.363373,22.660969,21.930069,20.509829,18.925179,18.834162,14.391852,16.331497,19.366686,19.991308,23.628399,22.266571,18.792269,20.821497,17.745214,18.397453,13.6942625,17.878918,15.019302,17.217747,18.368446,20.889463,23.573057,27.256191,29.938562,31.541775,34.025143,34.01928,32.037273,31.805485,29.29776,31.027159,26.56977,29.044296,29.411503,26.976572,25.38013,22.89526,19.89571,20.734066,17.505213,20.107067
17,16.003784,12.395305,11.423231,6.613471,5.2874236,6.716349,5.2790523,10.474709,10.628171,14.870209,16.791014,16.422794,15.188664,12.843609,9.672086,5.7270403,4.5308814,0.0,5.717375,6.855168,10.014497,12.895201,15.959453,15.094706,19.43272,18.12828,20.110512,18.353323,10.995668,12.548124,7.31495,12.91614,8.603506,14.925104,13.541971,16.968817,17.808037,15.780315,16.116539,12.912714,15.1574,8.996996,12.677233,10.513719,15.287875,15.4880295,18.60793,21.076986,23.945944,25.465496,24.20729,28.762398,29.058256,32.14304,28.278728,30.82076,26.549576,28.069696,31.785316,28.35894,24.9255,27.13639,23.184376,23.78313,27.832834,23.480621,27.11427,24.60638,27.963163,23.6774,19.680914,19.046827,16.953451,16.413538,15.510265,11.461175,13.455555,16.239258,17.168377,20.794363,19.529629,15.751683,17.10522,13.881256,14.341769,9.873227,13.88577,12.049879,14.276445,16.28232,19.038435,22.206608,25.518198,28.139154,29.26255,31.558289,30.984999,29.209108,28.467562,26.126968,27.47484,23.148098,25.757318,26.218937,24.260242,22.732914,21.183144,17.749296,19.551619,16.454153,19.713541
18,14.198345,10.9408,11.535942,6.585378,8.284741,9.803385,10.849685,15.29104,15.85906,20.170334,21.556116,20.555075,19.061941,16.33421,13.0891,9.7870865,6.31782,5.717375,0.0,5.1399612,7.169054,9.136198,12.614376,13.380944,18.088236,17.892633,20.545042,19.09518,11.908072,13.593819,9.204618,13.38846,9.455594,15.952882,15.639264,18.210287,20.202328,19.115406,19.283842,16.706902,18.072067,13.023001,16.061285,13.357098,18.226532,17.571455,21.322277,23.087336,26.103403,28.296164,27.691927,32.319923,33.157936,36.196087,32.358334,34.454956,29.860332,30.869177,34.392735,30.540197,27.175251,29.589094,26.194925,26.359636,31.051521,26.406084,29.77918,27.458883,31.318502,27.025785,23.139778,23.536594,21.402449,21.709997,20.77085,17.00452,18.652756,20.96326,21.402962,24.835545,22.806461,19.237856,19.66911,17.19026,18.471252,14.517651,18.453123,17.16828,18.784113,21.071741,23.103651,26.367748,30.084494,32.9502,34.20791,36.636192,35.859028,34.43277,33.49158,31.34175,32.35119,28.137882,30.560556,30.729876,29.046072,27.845966,26.19325,23.26734,25.087593,22.09887,25.249033
19,11.388043,7.372101,9.421928,5.775244,6.743895,10.800847,10.7634735,16.601551,17.283094,21.318825,23.54164,23.256329,21.772562,19.508892,15.896121,12.471941,9.545342,6.855168,5.1399612,0.0,4.2689843,6.208541,9.676175,9.890222,13.745103,12.917171,16.055786,15.220609,8.189969,11.452136,7.741755,14.438917,12.396728,18.386337,18.737482,21.609974,23.317028,21.748787,21.083227,18.26289,18.6213,12.694866,14.506618,10.14784,15.118819,13.149373,16.944372,18.339949,21.28957,23.722435,23.470318,28.080893,29.2488,32.32098,28.720663,30.542873,26.003178,26.644482,30.32755,26.641817,23.245253,26.46621,23.419033,24.123848,29.189394,25.269615,28.821138,27.103617,31.198313,27.467024,23.297392,23.398613,20.359652,21.478075,18.992666,15.863506,16.499302,18.00706,18.093525,21.236744,18.849375,15.389081,15.051917,13.100157,15.141945,11.900474,16.370945,16.90032,18.828285,21.742281,24.292484,27.839363,30.945238,33.535767,34.164722,36.18876,34.795433,33.304157,31.599207,29.4991,29.619883,25.461594,27.422365,27.249077,26.012411,25.253485,24.085,21.708088,24.210829,21.87347,25.58672
20,13.578654,9.806628,13.162838,9.927542,10.896205,14.910303,14.250166,20.311287,20.253485,24.544035,26.125996,26.167261,25.094797,22.430458,19.336483,15.303932,12.8318405,10.014497,7.169054,4.2689843,0.0,4.7700105,5.9631915,6.375724,11.049509,11.743796,14.284423,13.275304,7.319085,9.858301,7.9307904,13.1299095,12.818974,17.910036,19.500355,21.856833,24.13238,23.033012,21.61562,19.311924,18.46081,13.678854,14.600807,10.698937,14.943009,13.199621,17.358019,18.312563,21.458218,24.228386,24.455536,28.983437,30.800865,33.32525,29.52869,30.877466,25.999784,26.347727,29.558825,25.447912,22.248531,25.194815,22.681246,22.900156,28.375288,24.365358,27.631071,26.24717,30.738241,27.277239,23.227507,24.21454,21.094862,23.311989,21.00428,18.440039,19.389837,20.618069,20.92402,23.844585,21.448572,18.028315,16.481195,14.931729,16.723827,14.345936,17.599865,18.63962,19.878323,23.219137,25.185953,28.928473,32.089844,34.81582,35.348263,37.412556,35.65485,34.68394,32.768227,31.03036,30.985252,27.218147,29.37803,29.33096,28.623783,27.921265,27.452543,24.727627,27.61101,25.157953,28.901525
21,10.244907,7.4465723,11.87872,10.148261,12.285642,16.092447,16.917978,22.543236,23.45123,27.496666,29.623817,29.145529,27.507002,25.146902,21.437765,18.275963,14.7690325,12.895201,9.136198,6.208541,4.7700105,0.0,5.4235086,8.602365,11.3795,11.957547,15.977106,16.079475,11.0053425,14.305409,12.433231,17.759178,16.864595,22.31013,23.571299,25.885983,28.233568,27.143618,26.13547,23.695574,23.19405,18.070593,19.021482,14.369547,18.653124,15.543303,19.466557,19.750118,22.553013,25.676693,26.284033,30.716066,32.521496,35.45964,32.1239,33.318882,28.68633,28.587114,31.987938,28.11247,24.971123,28.649353,26.476406,26.993637,32.60784,28.900003,32.170807,30.941774,35.45029,32.024014,27.943884,28.689157,25.420937,27.313856,24.446308,21.75078,21.921934,22.771862,22.343412,24.987413,21.92515,19.058903,17.538147,16.832893,19.567879,17.233446,21.402353,22.69917,24.291199,27.49653,29.69663,33.368134,36.53559,39.195732,39.689476,41.64701,39.856922,38.641987,36.50098,34.614967,34.10178,30.18435,31.738972,31.170227,30.404324,30.111435,29.07166,27.313343,29.982187,27.923346,31.70513
22,14.935083,12.111534,16.786612,14.840155,16.16547,20.424822,19.966152,26.14901,26.128313,30.371565,31.951609,32.112057,31.038626,28.350336,25.213884,21.252798,18.593945,15.959453,12.614376,9.676175,5.9631915,5.4235086,0.0,4.956057,7.7816815,10.507885,13.195833,13.18997,10.348715,12.653516,12.870323,16.814949,17.966362,22.142159,24.62371,26.536058,29.194752,28.38968,26.44498,24.499191,22.65058,18.678514,18.503082,14.466988,17.61479,14.9233055,18.94656,18.787731,21.73039,25.064947,26.1484,30.38246,32.921577,35.100597,31.55883,32.189213,27.272955,26.862206,29.62779,25.376537,22.567245,25.881916,24.422943,24.503412,30.420055,26.910957,29.817978,29.124794,33.95375,31.04555,27.147398,28.659775,25.238844,28.337263,25.50239,23.556099,24.021936,24.554193,24.5202,26.91242,24.106607,21.207335,18.42879,18.02302,20.26124,18.938818,21.725107,23.759514,24.690369,28.349266,30.050743,33.910812,36.903255,39.592308,39.82483,41.712437,39.431458,38.798786,36.348484,34.91024,34.14978,30.76571,32.554768,32.21057,32.11362,31.843075,31.799913,29.522644,32.732132,30.59758,34.49301
23,17.231127,13.68072,17.798676,15.508249,15.635383,20.334793,18.40655,25.009874,24.234865,28.391031,29.819012,30.710705,30.124147,27.45123,24.74765,20.258024,18.654827,15.094706,13.380944,9.890222,6.375724,8.602365,4.956057,0.0,5.745005,8.34306,9.219498,8.407329,6.5360756,8.401691,10.044124,14.245351,16.628666,20.049957,22.875433,24.964235,27.261396,26.2008,23.614035,21.75048,19.160172,15.489452,14.389195,10.709803,13.044626,11.046804,15.096073,15.239081,18.418186,21.494053,22.453371,26.64172,29.383924,31.088087,27.283836,27.846943,22.770525,22.551058,25.15145,20.758543,17.916636,20.96761,19.494574,19.600498,25.54362,22.29803,25.24526,24.810358,29.648785,27.108181,23.203156,24.733053,21.090387,24.855349,21.891068,20.598576,21.248869,21.623932,22.095835,24.419394,22.18185,19.060986,15.780694,15.103332,16.639488,16.066582,17.767172,20.475191,21.136166,25.06382,26.754902,30.701159,33.2925,35.83531,35.76318,37.495415,34.9427,34.52444,31.906677,30.691397,29.884584,26.812954,28.877998,28.863726,29.111113,28.705585,29.475456,26.672909,30.281904,28.17657,32.150814
24,17.739649,14.915914,19.497475,18.646223,18.661026,23.780264,21.94133,28.646643,28.271805,32.04091,34.097115,35.173775,34.395306,32.087257,29.0203,24.87516,23.077671,19.43272,18.088236,13.745103,11.049509,11.3795,7.7816815,5.745005,0.0,4.9764056,6.4315586,8.245427,9.877218,12.531589,14.656001,19.569578,22.111101,25.472765,28.234892,30.486216,32.55068,31.212997,28.461882,26.465239,23.631662,19.689455,17.789345,13.386049,14.672118,10.839449,14.014858,12.762842,15.405378,18.96786,20.800125,24.540644,27.819471,29.40751,26.23234,26.143614,21.445448,20.331846,22.863602,18.900906,16.407055,20.665005,20.199194,20.978855,26.96959,24.903824,27.75174,28.039461,32.819355,30.927118,27.042753,28.173529,24.03675,28.104063,23.999712,23.39818,23.003803,22.4073,22.317156,23.877817,21.31516,18.998415,14.649441,15.439018,17.680548,18.275776,20.102158,24.062555,24.974415,29.012848,31.05436,35.00674,37.07196,39.29657,38.695507,39.98029,36.912926,36.4278,33.084614,31.998514,30.112911,27.366852,28.622301,28.085932,28.95438,29.173048,30.319456,28.42396,32.31971,30.9141,35.10595
25,15.5945425,12.791764,16.777802,16.790167,16.241636,21.535376,19.606289,26.185207,26.267948,29.571943,32.350597,33.475494,32.470882,30.653313,27.283888,23.612196,21.888939,18.12828,17.892633,12.917171,11.743796,11.957547,10.507885,8.34306,4.9764056,0.0,5.8124127,8.5269375,9.127409,13.059024,14.200971,20.791204,22.454573,26.408401,28.351683,31.112026,32.613514,30.745964,28.3429,25.882082,23.71824,18.705471,16.909117,11.540042,13.084361,7.647577,10.345087,8.960597,11.48258,15.08101,16.784405,20.658329,23.580208,25.7511,22.934097,23.175413,18.868382,17.820436,21.182259,17.909475,15.05816,20.27053,19.312984,20.997177,26.63605,25.03303,28.270947,28.428083,32.855293,30.929756,26.848574,27.015802,22.603329,26.069483,21.113394,20.650932,19.41408,18.34203,17.8471,19.16222,16.456831,14.435731,9.941562,11.359649,14.295657,15.207438,17.831469,22.2858,23.80854,27.663296,30.360853,34.204388,35.930454,37.87938,37.074417,38.105656,35.105312,34.087666,30.549238,29.169111,26.88788,23.874537,24.595728,23.707617,24.496971,24.987537,25.994043,24.759926,28.652689,27.760777,32.050423
26,21.083794,17.849041,21.404037,20.532421,19.304672,24.534,21.300005,28.013718,27.012508,30.312704,32.42752,34.317787,33.999046,31.968607,29.341742,25.052858,24.360693,20.110512,20.545042,16.055786,14.284423,15.977106,13.195833,9.219498,6.4315586,5.8124127,0.0,4.0317287,9.358923,11.339649,14.410369,19.550707,22.747969,25.32455,27.98636,30.496021,31.882761,30.114496,26.879179,24.913307,21.599592,17.964409,14.8797,11.1401005,10.34419,6.9034624,8.938681,7.6651583,10.47968,13.591852,15.410916,18.921934,22.546494,23.48452,20.160435,19.865385,15.093733,14.015628,16.57972,12.685694,10.037953,14.849214,14.602897,16.086813,21.794315,20.77393,23.67878,24.462393,28.921347,27.718693,23.94799,24.594828,20.144793,24.770802,20.143448,20.705006,20.092176,18.93956,19.359097,20.493614,18.846333,16.638773,11.672902,12.538985,13.79097,15.93203,16.286835,21.394863,22.164896,26.26753,28.49388,32.357426,33.65006,35.47637,34.318375,35.19107,31.711164,31.335714,27.563644,26.760668,24.419937,22.221098,23.49876,23.262144,24.748777,24.973557,27.251886,25.081995,29.40173,28.356022,32.55668
27,22.341936,18.637976,21.82286,20.024359,18.5429,23.510157,19.691982,26.37749,24.7215,28.213995,29.72664,31.84665,31.909933,29.63473,27.509903,22.845387,22.737017,18.353323,19.09518,15.220609,13.275304,16.079475,13.18997,8.407329,8.245427,8.5269375,4.0317287,0.0,7.4518437,7.8893027,11.821916,15.999773,19.789055,21.723679,24.662504,27.015314,28.401049,26.777832,23.255419,21.553436,17.824171,14.925819,11.530635,9.017711,7.623913,6.8326635,9.476792,9.691287,12.830253,15.251489,16.300426,20.002905,23.35931,23.99169,20.010923,20.082642,14.870767,14.65338,16.888985,12.410914,9.560468,12.891551,11.988963,12.851699,18.76932,17.09988,20.037771,20.622162,25.204454,23.885399,20.166473,21.247784,17.002575,22.023342,18.217346,18.774847,19.057833,18.524984,19.631758,21.245567,20.106533,17.301655,12.992371,12.620801,12.754483,14.617803,13.889474,18.600504,18.900373,23.09178,24.953188,28.846815,30.263226,32.24348,31.267405,32.379044,29.032532,28.950243,25.577158,24.896076,23.33656,21.17934,23.276237,23.648157,24.893568,24.58518,27.036081,23.936491,28.24484,26.71102,30.758198
28,17.201403,13.049278,15.552601,12.907327,11.507344,16.304436,12.988713,19.75164,18.639013,22.507465,24.262869,25.614456,25.230936,22.902739,20.391607,15.8582,15.317039,10.995668,11.908072,8.189969,7.319085,11.0053425,10.348715,6.5360756,9.877218,9.127409,9.358923,7.4518437,0.0,4.929701,5.2329407,12.160593,13.757517,17.478668,19.32032,22.115215,23.514734,21.738672,19.29075,16.900331,14.928265,9.913261,8.838321,4.205539,7.7080407,6.7482533,10.862556,12.464521,15.808528,18.079666,18.064306,22.524796,24.592062,26.54663,22.492968,23.805069,18.83219,19.479383,22.687626,18.699883,15.371563,18.335592,15.615309,16.399382,21.816128,18.588327,22.109783,21.226614,25.616663,22.865936,18.669077,19.17992,15.3068,18.62489,15.385722,14.1451435,14.943073,15.605053,16.620665,19.27695,17.755688,14.147231,11.725571,9.775465,10.516548,9.736468,11.414609,14.342192,15.47285,19.349228,21.69053,25.578949,27.83845,30.177801,30.014889,31.663605,29.348192,28.505758,26.068974,24.576513,24.146187,20.762852,23.14465,23.463034,23.372307,22.616201,23.538076,20.264528,23.959394,21.86778,25.884487
29,21.701998,17.50292,19.727594,16.26484,14.7476015,18.780344,14.700319,21.045683,18.715408,22.786156,23.363726,25.232622,25.598743,22.841257,21.342648,16.208857,16.768248,12.548124,13.593819,11.452136,9.858301,14.305409,12.653516,8.401691,12.531589,13.059024,11.339649,7.8893027,4.929701,0.0,5.238197,8.376191,12.045087,13.99882,16.8636,19.183266,20.745783,19.380203,16.081753,14.422851,11.101106,8.348092,6.408181,6.12501,7.2883577,9.834744,13.343771,15.271558,18.624876,20.44249,20.198282,24.39809,26.615452,27.753504,23.18723,24.403873,19.175364,20.256725,22.67468,18.251589,15.254556,16.431093,13.561069,13.214932,18.601763,14.609323,17.897593,16.89619,21.53832,18.833052,14.842812,16.466688,13.087407,17.377296,15.639053,14.847377,16.902586,18.020163,19.803562,22.503675,21.66943,17.947351,15.649943,13.296942,12.440908,11.9659195,11.09316,13.258019,13.169128,17.260414,18.697517,22.67179,25.035751,27.578945,27.553396,29.449116,27.120092,26.959154,24.933834,23.885942,24.209211,21.377323,24.568342,25.565523,25.64621,24.42852,25.982607,21.655628,25.359552,22.739723,26.415318
30,18.656252,14.430494,15.679572,11.665677,10.049098,13.647671,9.907071,16.224709,14.473988,18.76153,19.794243,20.986542,20.883305,18.202024,16.26189,11.267966,11.587998,7.31495,9.204618,7.741755,7.9307904,12.433231,12.870323,10.044124,14.656001,14.200971,14.410369,11.821916,5.2329407,5.238197,0.0,8.430301,8.719964,12.893928,14.164818,17.10914,18.439627,16.722507,14.70328,12.188186,11.219447,5.834703,7.1202254,5.4311795,9.440772,10.907237,14.497264,16.85931,20.11093,21.818323,21.049849,25.543385,26.919182,28.958744,24.606998,26.5042,21.636644,22.99372,26.107079,22.149961,18.867567,20.593561,17.04182,17.22045,21.945374,17.65521,21.214178,19.37462,23.477581,19.898945,15.704267,16.293043,13.310585,15.649995,14.17919,11.920802,14.197974,16.100836,17.676008,20.892828,19.879234,15.915912,15.088936,12.056714,11.682743,9.207843,10.54656,11.004449,11.983512,15.5097275,17.623913,21.439425,24.292967,26.942278,27.422411,29.542671,27.966227,27.070635,25.59518,23.927013,24.758348,21.150114,24.219557,25.035076,24.242964,22.83644,23.22662,19.043344,22.170338,19.276258,22.909067
31,25.810076,21.752064,23.112309,18.373043,17.40272,19.492334,15.9543495,20.635475,17.336958,21.799118,20.406609,21.89468,22.96557,19.435545,19.409286,14.079416,15.660789,12.91614,13.38846,14.438917,13.1299095,17.759178,16.814949,14.245351,19.569578,20.791204,19.550707,15.999773,12.160593,8.376191,8.430301,0.0,6.68481,6.020764,10.243956,11.504612,13.965849,13.8564205,10.671582,10.31838,7.51268,8.830644,9.913455,12.689934,14.223587,17.842955,21.173874,23.487404,26.802622,28.298445,27.515087,31.669176,33.297997,34.364376,29.518106,31.161377,26.096195,27.740837,29.743872,25.292973,22.62901,22.05487,18.792643,17.087284,21.1132,15.438091,17.976429,15.495338,19.743254,15.791419,12.554976,15.638321,14.551808,17.524063,18.944237,17.181715,20.83629,23.166765,25.351633,28.54542,28.025766,24.04324,23.007975,19.965057,18.497305,16.555185,15.194615,13.637127,12.265123,15.285575,14.992934,18.66239,22.256987,25.450844,26.608986,29.333725,28.121365,28.365955,27.869244,26.884111,28.886198,26.09692,30.032125,31.568266,30.947392,29.043736,29.945492,24.685633,27.442562,23.781784,26.544897
32,23.221355,19.49516,19.614958,14.479342,13.84149,14.367382,12.036856,15.475657,12.892764,17.558441,16.409618,16.655151,17.146564,13.4492445,13.263302,8.240613,9.893737,8.603506,9.455594,12.396728,12.818974,16.864595,17.966362,16.628666,22.111101,22.454573,22.747969,19.789055,13.757517,12.045087,8.719964,6.68481,0.0,6.712106,6.7572284,9.23093,11.411055,10.918645,10.433912,8.831606,10.3223095,8.7031975,12.382448,13.780427,16.984379,19.574566,22.930706,25.519169,28.72988,30.164944,28.959753,33.354946,34.16331,36.155006,31.596762,33.86472,29.129393,30.949617,33.710636,29.647812,26.599512,26.920393,23.061388,22.170057,25.805397,20.273676,23.183378,20.109428,23.529573,18.804039,15.49917,16.918522,16.2906,16.783884,18.62569,15.435004,19.17324,22.192118,24.047802,27.605299,26.922787,22.935505,23.280462,19.88122,18.927374,15.469154,16.076376,12.705591,12.614662,14.46534,15.029006,18.222294,22.426405,25.666218,27.447487,30.36508,30.044538,29.385345,29.455252,27.796133,30.216255,26.67927,30.352127,31.641033,30.130713,28.085241,27.638496,22.731236,24.570105,20.613194,23.04542
33,29.577831,25.693237,26.108822,21.054409,20.037003,20.638845,17.36646,20.225843,16.28233,20.43098,17.54645,18.883728,20.669355,16.93099,18.3776,13.666533,16.385199,14.925104,15.952882,18.386337,17.910036,22.31013,22.142159,20.049957,25.472765,26.408401,25.32455,21.723679,17.478668,13.99882,12.893928,6.020764,6.712106,0.0,5.6253805,5.6828074,8.460991,9.471588,7.071293,8.157686,7.681015,11.136275,13.486765,17.206186,18.714806,22.860535,25.865255,28.562326,31.777637,32.8745,31.590967,35.645966,36.69711,37.780083,32.87636,34.93245,30.17527,32.277294,34.229465,30.039131,27.469696,26.186953,22.533625,20.61292,23.333286,17.306528,19.352762,15.911883,19.032146,14.291743,12.081688,15.187662,15.884119,17.258139,20.676012,18.575459,22.939186,25.880854,28.334457,31.706324,31.611917,27.601376,27.468113,24.014977,22.06732,19.581024,17.908592,14.246801,12.317296,13.769438,12.209225,15.15605,19.505781,22.978914,25.007586,28.199017,27.984793,28.280483,28.92197,27.908903,31.002674,28.278055,32.56387,34.45919,33.35287,31.005775,31.534256,25.805727,27.773176,23.627604,25.518682
34,29.190271,25.552021,24.834927,19.84042,18.630297,17.879354,15.044822,16.162708,12.193833,16.035425,12.696208,13.466007,15.428518,11.708939,14.041607,10.24272,13.900444,13.541971,15.639264,18.737482,19.500355,23.571299,24.62371,22.875433,28.234892,28.351683,27.98636,24.662504,19.32032,16.8636,14.164818,10.243956,6.7572284,5.6253805,0.0,3.9434288,4.6639457,4.9624515,6.1490483,6.168838,9.8005085,11.306837,15.02303,18.294483,20.46773,24.288748,27.023844,30.049355,33.102245,33.908924,32.15128,36.237743,36.540176,38.170696,33.490112,36.08911,31.722223,34.108265,36.56688,32.796368,29.99212,29.178894,24.981745,23.738298,25.928509,20.218061,22.617628,18.796072,20.974218,15.792676,13.617477,14.920516,16.234293,15.3798485,19.587515,16.760767,21.286465,24.721285,27.12028,30.645622,30.77215,26.856796,27.824205,24.069914,22.118492,18.86813,18.005518,12.829542,11.715119,11.702079,10.809811,13.060738,17.830608,21.250511,23.821337,27.142569,27.787506,27.338854,28.614199,27.123919,30.742445,27.617619,31.793648,33.673832,31.910416,29.338251,29.058964,23.412798,24.53686,20.15664,21.461916
35,32.17809,28.588411,28.15903,23.049662,22.17788,21.393633,18.9041,19.858908,15.967111,19.553404,15.568933,16.153688,18.343132,14.606509,17.315166,13.8502,17.056688,16.968817,18.210287,21.609974,21.856833,25.885983,26.536058,24.964235,30.486216,31.112026,30.496021,27.015314,22.115215,19.183266,17.10914,11.504612,9.23093,5.6828074,3.9434288,0.0,4.311871,7.114825,7.8344655,9.352194,11.68056,14.665379,17.885695,21.47605,23.355598,27.38926,30.24327,33.159073,36.287365,37.17686,35.540558,39.577457,40.066917,41.425034,36.62802,39.06118,34.591396,36.9439,39.076874,35.12472,32.498215,31.16666,27.226608,25.470655,27.444496,21.518215,23.348982,19.469475,21.466028,16.391336,15.046846,17.256163,19.0266,18.609257,23.162773,20.58507,25.155354,28.533436,30.97478,34.479088,34.569664,30.623436,31.319653,27.6411,25.654573,22.59862,21.363514,16.380388,14.723482,14.560926,12.517203,14.206497,19.123505,22.645267,25.486244,28.964872,29.744154,29.76434,31.29421,30.079546,33.876373,31.022488,35.34092,37.33583,35.696697,33.090042,32.956585,27.21691,28.28913,23.877962,24.900333
