,0,1,2,3,4,5,6,7,8,9,10,11,12,13,14,15,16,17,18,19,20,21,22,23,24,25,26,27,28,29,30,31,32,33,34,35,36,37,38,39,40,41,42,43,44,45,46,47,48,49,50,51,52,53,54,55,56,57,58,59,60,61,62,63,64,65,66,67,68,69,70,71,72,73,74,75,76,77,78,79,80,81,82,83,84,85,86,87,88,89,90,91,92,93,94,95,96,97,98,99,100,101,102,103,104,105,106,107,108,109,110
0,0.0,4.3579173,6.7481594,9.371672,12.679665,15.303983,18.187904,22.38585,25.673613,28.699774,33.99443,33.56019,36.705124,38.312046,33.65487,29.692003,28.233995,23.152075,22.874235,17.174837,17.698586,14.802983,14.9695215,17.147505,15.065048,11.779982,16.954725,19.493376,19.567,23.14217,24.014462,30.407022,30.483574,34.69904,34.699333,38.19148,38.503445,35.819057,35.35981,32.06181,31.795155,25.318033,24.287107,20.056372,19.232887,14.004095,14.044959,10.545035,15.635069,16.569035,19.777485,22.0869,26.019014,27.616611,28.281996,26.141733,26.830538,29.5484,34.669807,31.875889,28.938444,26.982565,22.970915,22.775963,21.385372,21.834204,18.308546,13.181958,11.659266,17.04352,15.9844,19.589083,22.229572,25.324795,27.864035,31.901283,35.041492,37.232334,39.49602,41.356705,41.97777,39.68936,34.90663,31.628149,28.850262,26.882381,23.298634,20.696585,17.195854,15.535281,12.941714,15.715557,12.879985,17.00513,20.502127,21.618673,24.837557,24.468597,28.31839,30.757814,34.457134,34.584347,39.619957,40.147778,38.648853,36.110325,33.42396,29.019428,28.259867,23.875992,23.802061
1,4.3579173,0.0,5.190297,6.4848027,9.388029,13.000202,14.632722,19.55667,22.366941,25.732473,30.613646,30.376715,33.323788,34.627968,30.080353,25.99761,24.851963,19.517963,19.97387,14.38346,15.517682,13.401377,14.506124,16.127977,15.231959,11.365904,16.815207,18.392624,17.52044,20.837286,21.50607,27.424353,27.514866,31.414875,31.266357,34.806683,34.89173,32.05109,31.585289,28.25753,28.160145,21.71225,20.710993,16.617634,15.86588,11.196167,11.029785,9.383805,14.105147,16.00937,17.719036,21.158827,24.712934,25.471636,26.114717,23.834467,23.97701,26.398346,31.546734,28.42771,25.412151,23.64433,19.817034,19.65412,19.243479,19.134325,15.160228,10.966987,8.142769,13.035858,11.723149,15.537725,18.114912,21.363287,23.790335,28.017086,31.032087,33.40141,35.505802,37.305767,37.95259,35.523113,30.71062,27.530968,24.58693,22.75061,18.993584,16.411098,12.838292,11.308218,8.806922,11.94265,9.789479,13.871894,17.54159,18.022543,21.038471,20.308893,24.13814,26.441366,30.180891,30.338705,35.31483,35.926067,34.46038,31.972885,29.340694,24.924349,24.370642,19.948668,20.312042
2,6.7481594,5.190297,0.0,5.2775126,6.9206047,10.217415,12.397422,16.356255,19.872402,22.344755,27.960133,27.092012,30.39115,32.150826,27.334805,23.71342,21.832438,17.145145,16.350906,10.601175,11.574999,8.519686,10.152224,13.003405,13.10546,10.636984,16.5833,17.83829,16.38492,20.899828,19.976873,26.75974,25.639551,30.338306,29.542542,33.186417,33.201454,30.565767,30.72248,27.287462,28.01531,20.959206,21.053728,15.973131,17.17043,12.377127,14.152848,11.766469,16.225416,19.012457,20.30707,23.618189,27.60247,28.585825,28.305601,25.566359,26.215244,28.143986,33.64864,30.725313,27.41505,26.695335,23.118528,23.513401,23.596012,23.634726,19.409689,15.918496,12.308616,16.07052,12.73238,17.096548,18.302076,22.067747,23.619238,28.28531,30.865927,33.017563,35.1214,37.32836,38.578842,36.2998,31.40142,28.544634,25.098385,24.369867,19.587347,18.16157,13.918392,13.049464,9.860528,10.345687,8.435589,11.566605,14.721846,16.039766,19.361494,19.465263,23.415756,26.2256,29.64799,29.675829,34.943005,35.02546,33.360863,30.702839,27.983326,23.577477,22.388496,18.126299,17.503616
3,9.371672,6.4848027,5.2775126,0.0,4.202307,6.5754604,9.308843,13.414778,16.41058,19.898962,24.818823,24.881763,27.811245,29.562754,25.18451,20.811117,19.70864,14.425744,14.519514,9.330619,9.645723,9.078818,9.979296,10.416418,11.077422,7.670841,13.20295,13.563205,11.656695,15.759704,15.297272,21.730497,21.26171,25.60099,25.349987,28.87027,29.187563,26.609612,26.292637,22.973623,23.123016,16.260977,16.00338,11.051055,12.080173,7.323785,10.118241,8.417792,11.922754,15.609005,15.732667,19.488007,23.309744,24.07575,23.37114,20.49483,21.240797,23.039446,28.63651,25.976934,22.59006,22.425344,18.982117,20.096773,20.385952,21.291897,17.434025,14.583601,11.286878,13.4812155,9.155582,12.829345,14.095286,17.429367,19.38564,23.56575,26.462456,28.42009,30.76942,32.93165,34.037243,32.071106,27.261814,24.176332,21.24817,20.313604,16.03466,15.065314,11.277441,11.754383,9.497598,10.038238,10.535441,12.929924,16.006615,16.03017,18.7674,17.666853,21.65049,23.477573,27.193432,26.534832,31.855953,32.033257,30.830069,27.943663,26.127066,20.90496,20.626215,16.170525,16.550547
4,12.679665,9.388029,6.9206047,4.202307,0.0,5.6965446,5.568302,10.319188,13.198073,16.35102,21.376616,21.069,24.064535,25.719103,21.17664,17.076197,15.717783,10.55238,10.731312,5.549672,7.172927,7.443077,10.053859,10.773273,13.266915,10.879061,16.024834,15.404296,12.199855,16.502949,14.527293,20.762001,19.298283,23.799166,22.753431,26.440376,26.323128,23.64769,23.875904,20.41677,21.547243,14.331293,15.113626,9.755294,12.573743,9.394882,12.367347,12.22227,14.920348,19.122084,18.065058,22.418867,25.915281,26.005104,24.986914,21.903772,22.24502,23.36811,28.98667,26.06931,22.560654,23.07664,20.141256,21.30162,22.671026,22.81296,18.618296,16.97684,12.748506,13.67812,8.10725,12.264495,12.112447,16.091057,17.045763,21.883207,24.196201,26.285355,28.348845,30.69544,32.236965,30.121235,25.249146,22.61796,19.041145,19.160482,13.911732,13.894026,9.745842,10.810687,8.578259,6.887342,8.923984,9.9347,12.546644,12.349195,14.998985,14.211401,18.200804,20.386185,23.843939,23.292313,28.708937,28.626188,27.22459,24.338226,22.338942,17.258593,16.623837,12.244195,12.371827
5,15.303983,13.000202,10.217415,6.5754604,5.6965446,0.0,7.081638,7.851265,11.504659,14.620433,19.806381,20.05582,23.036818,25.526468,21.415817,17.03083,15.753386,11.352276,10.14792,6.780761,4.5755405,7.259827,7.303618,5.5507727,9.258479,8.373726,12.298279,10.984923,7.600125,13.012803,10.114649,17.524391,15.788987,21.019316,20.45893,23.897335,24.54847,22.484121,22.562778,19.375551,20.059517,12.948917,14.153396,8.426753,12.365796,9.065512,13.849802,12.182769,13.751663,18.355965,17.251932,20.635668,24.551582,25.45729,23.28506,19.917429,21.46449,22.395933,28.214262,26.261679,22.674932,24.249859,21.450138,23.567741,24.307604,25.931273,22.358467,20.37596,17.097746,17.5713,11.632755,14.274481,13.503953,16.550543,17.49133,21.380125,23.877083,25.15614,27.75032,30.384989,32.119682,30.781065,26.171196,23.436743,20.644909,20.982588,16.454456,17.401165,14.011865,15.890388,14.081591,12.157501,14.446325,14.9491,16.825838,16.677526,18.89093,17.800407,21.572786,22.917122,26.292133,24.741507,30.293797,29.83936,28.911674,25.641972,24.79739,19.012371,18.871122,14.917617,14.903496
6,18.187904,14.632722,12.397422,9.308843,5.568302,7.081638,0.0,6.536831,8.073108,11.683329,16.020538,16.061644,18.758083,20.267557,15.942796,11.546192,10.656845,5.1218987,6.920477,4.9053497,7.0194893,9.983034,12.872797,12.314542,16.308908,14.590102,18.59312,16.595463,12.110994,15.741866,12.308012,17.460106,15.142914,19.434183,17.700506,21.478617,21.00223,18.264023,18.897816,15.383622,17.483915,10.222574,12.372546,7.2918077,12.159985,11.444413,14.647945,16.034721,17.300306,22.083761,19.370764,24.247847,27.176115,26.459476,24.836681,21.585817,21.546482,21.69051,27.188797,24.289286,20.726576,22.489187,20.410326,22.042229,24.505629,24.457415,20.457253,20.31537,15.9693575,14.727805,8.279276,11.27837,8.85923,13.013158,12.634774,17.844133,19.510122,21.558954,23.415281,25.977255,27.991978,25.988209,21.208645,19.110199,15.212278,16.72557,10.967777,12.877341,9.544861,12.083037,11.059668,7.5954223,11.885433,10.848572,12.187688,10.670239,12.222476,10.826028,14.524952,16.19628,19.418781,18.359545,23.904812,23.508215,22.253498,19.172064,17.823025,12.253351,12.025664,7.89088,8.740588
7,22.38585,19.55667,16.356255,13.414778,10.319188,7.851265,6.536831,0.0,4.7759504,6.790076,12.290937,12.269725,15.287809,18.154388,14.208523,10.308835,8.6946535,6.4773507,4.1924996,6.8458467,5.694709,10.516464,12.150649,10.578195,15.846868,16.015759,18.774258,16.057392,11.359122,15.601202,9.787606,15.618244,11.241776,16.929121,14.62359,18.224718,18.260923,16.444853,17.75952,14.644946,17.351122,10.589706,14.175496,9.357378,15.532584,14.942996,19.33932,19.450096,20.013115,25.01214,22.279602,26.234041,29.443863,29.341824,26.514818,23.008314,24.01241,23.600702,29.115059,27.176268,23.614613,26.621805,24.856401,27.204727,29.30381,30.20637,26.53753,26.07769,22.113817,20.887205,14.362776,16.28385,12.983896,15.993937,14.668357,18.886988,20.003067,20.987932,23.140884,26.23805,28.916924,27.770596,23.459585,21.78455,18.503586,20.898623,15.790814,18.696154,15.908763,18.618172,17.444202,13.4604645,17.347399,15.67816,15.886198,15.071689,16.146627,15.3650675,18.358797,19.480711,22.00799,19.973234,25.511406,24.287477,23.37579,19.9524,19.82673,14.201281,13.907169,11.314372,10.886869
8,25.673613,22.366941,19.872402,16.41058,13.198073,11.504659,8.073108,4.7759504,0.0,5.7085786,8.475814,9.984975,12.042962,14.402327,11.21483,6.427627,6.811922,5.3744955,6.6316915,10.401417,10.296747,14.994588,16.805864,14.634629,19.68222,19.315718,21.506247,18.13154,13.100317,15.686116,9.991651,13.231994,8.587332,13.28749,10.366989,14.131029,13.750562,11.706287,13.205227,10.104843,13.654809,7.7629905,12.193063,9.0880575,15.242854,16.420511,20.253683,21.721176,21.463308,26.574,22.68079,27.120062,29.613914,28.667736,25.73823,22.355728,22.725203,21.569675,26.69045,24.72976,21.330526,25.050798,24.010208,26.521698,29.365828,30.028967,26.659607,27.238718,23.359486,20.86394,14.657197,15.429088,11.114276,13.4426985,11.043174,15.070561,15.583618,16.537283,18.489344,21.657743,24.576193,23.544815,19.476429,18.2845,15.172433,18.395676,13.781657,17.649502,15.876901,19.160038,18.81913,14.994039,19.599127,17.538397,17.464407,15.537087,15.541047,13.874384,16.154982,16.2323,18.534283,15.868091,21.290052,19.983873,19.46488,15.920147,16.862806,10.928737,11.762151,10.072493,10.964509
9,28.699774,25.732473,22.344755,19.898962,16.35102,14.620433,11.683329,6.790076,5.7085786,0.0,7.01173,5.656417,8.961297,12.532833,8.9840145,7.2285485,4.997858,8.241914,6.2329097,11.876709,11.690502,15.781372,17.854092,16.702879,22.16306,22.757814,25.144169,22.035357,17.287985,20.599459,14.17483,17.62966,11.567054,16.580837,12.389074,15.6915655,14.811987,13.576012,16.436499,13.906433,18.37495,13.350581,17.873636,14.546408,20.799948,21.297117,25.347952,26.127428,26.37726,31.453234,28.065641,32.191677,34.979195,34.302948,31.193054,27.762243,28.380917,27.123877,32.114788,30.249989,26.91842,30.682148,29.625483,31.965836,34.816494,35.19129,31.51581,31.88416,27.609219,25.615135,19.33528,20.774498,16.391918,18.942835,15.915366,19.873165,19.439621,20.03611,21.461136,24.850489,28.358707,27.41796,23.680637,23.14822,19.702316,23.557089,18.516375,22.38889,20.184948,23.024092,22.221355,17.459412,21.695465,18.819626,17.67859,16.606533,16.523376,16.388124,18.167845,19.113564,20.41308,18.15084,23.225336,21.134169,20.194502,16.87845,17.478985,13.042356,12.3652,12.103776,11.096462
10,33.99443,30.613646,27.960133,24.818823,21.376616,19.806381,16.020538,12.290937,8.475814,7.01173,0.0,5.3902144,4.541062,7.6054826,7.3109236,6.263724,8.020362,11.639087,12.505015,17.789865,17.865705,22.30101,24.219376,22.155931,27.422894,27.577103,29.19032,25.407408,20.57108,22.096338,16.262583,16.27618,10.523157,12.972987,7.58341,10.266659,8.357911,7.7234397,11.545596,10.143004,15.48652,13.311502,17.911331,16.802568,22.428282,24.579065,28.098694,30.059378,29.337328,34.435204,29.879923,34.250732,36.173615,34.636406,31.3134,28.16967,28.204182,26.01814,30.162401,28.604063,25.721893,30.367817,30.267973,32.839813,36.36254,36.675827,33.534637,34.963448,30.989378,27.718203,22.06347,22.116669,17.183308,18.361515,14.306195,16.880684,15.120201,15.092658,15.9289255,19.416574,23.416874,23.010633,20.170677,20.610598,17.989193,22.661776,18.931026,23.582466,22.668816,26.001446,26.071747,21.798399,26.56285,23.586193,22.383076,20.213707,18.93426,17.749638,18.265244,17.471664,17.97599,14.6367235,18.878084,16.372068,16.373554,13.100602,16.014118,12.156098,13.173417,14.402624,14.962688
11,33.56019,30.376715,27.092012,24.881763,21.069,20.05582,16.061644,12.269725,9.984975,5.656417,5.3902144,0.0,4.053569,7.837706,5.2054415,7.2704525,5.9465804,11.526302,10.830448,16.51213,17.048843,20.721497,23.228004,22.353706,27.814907,28.284105,30.68577,27.414097,22.577185,25.248182,19.003174,20.762695,14.646682,18.147848,12.90919,15.584225,13.519804,12.666812,16.616673,14.763163,20.22183,16.68553,21.326939,18.987389,24.984156,26.190027,29.80017,31.26888,31.394281,36.495556,32.61766,37.056305,39.446766,38.178646,35.144295,31.857376,31.944857,30.168688,34.634003,32.637592,29.57427,33.617283,33.094902,35.263115,38.749374,38.52692,34.870064,35.961407,31.48304,28.908705,23.06243,24.190105,19.367798,21.591476,17.594921,21.28787,19.608011,20.130892,20.63564,23.999292,28.014107,27.053284,23.892502,24.335665,20.800514,25.53965,20.7366,25.029507,23.348368,26.161413,25.729662,20.752361,25.119204,21.597126,19.688456,18.273552,17.196154,17.463215,18.039734,18.792316,18.88685,16.767105,21.04691,18.300673,17.266787,14.377535,15.498472,12.860688,11.977662,13.713402,12.726858
12,36.705124,33.323788,30.39115,27.811245,24.064535,23.036818,18.758083,15.287809,12.042962,8.961297,4.541062,4.053569,0.0,4.7422943,5.4947114,8.167705,8.846884,13.954745,14.368017,19.925802,20.475067,24.409857,26.796144,25.436386,30.840866,31.120968,33.138805,29.542192,24.674088,26.526834,20.585888,20.775663,15.002014,17.11512,11.5788,13.576349,10.878183,10.540061,14.892582,13.796169,19.486559,17.435299,22.001675,20.695303,26.359413,28.327845,31.6937,33.710236,33.358833,38.465145,34.02907,38.56188,40.51796,38.825558,35.695793,32.574947,32.37681,30.146162,34.113136,32.294575,29.506327,33.96095,33.933815,36.206043,40.017773,39.76763,36.401108,38.01896,33.709797,30.514074,25.004215,25.452461,20.437775,21.959137,17.546625,20.43241,18.01331,18.190792,18.212345,21.528284,25.798931,25.13866,22.582487,23.604843,20.559435,25.657473,21.595697,26.215023,25.18804,28.229889,28.227734,23.53423,28.141132,24.62929,22.76302,20.814144,19.165842,18.864828,18.735172,18.526018,18.05559,15.433427,18.996387,15.9300585,15.451318,12.763953,15.269124,13.241718,13.296337,15.689989,15.538331
13,38.312046,34.627968,32.150826,29.562754,25.719103,25.526468,20.267557,18.154388,14.402327,12.532833,7.6054826,7.837706,4.7422943,0.0,5.3190255,8.826121,10.649841,15.186536,16.94618,22.043009,23.283424,27.046255,29.879742,28.628218,33.90067,33.59556,35.85021,32.235786,27.23913,28.544016,23.251677,22.489435,17.651274,18.430511,13.048993,14.783428,11.117607,10.158491,14.548535,13.756569,19.678326,18.497395,22.704416,22.162008,27.255442,29.82651,32.535107,35.394592,34.982143,40.01202,35.160683,40.14708,41.656803,39.295444,36.61842,33.71638,32.788326,30.330074,33.815113,31.599403,29.094717,33.392845,33.789,35.743248,40.11518,39.213863,35.967216,38.304672,33.972843,30.223589,25.387054,25.510105,20.471958,21.762709,16.956474,19.795845,16.637619,17.334509,16.411776,19.352596,23.670721,22.599499,20.41562,22.143223,19.018671,24.50246,20.844107,25.518707,25.089308,28.06346,28.537325,24.123747,28.831814,25.1865,23.23543,20.684175,18.312521,17.763742,16.661556,15.972852,14.628881,12.303196,15.020056,11.695994,11.171949,9.015236,12.17752,11.72096,12.223042,15.5522375,16.11153
14,33.65487,30.080353,27.334805,25.18451,21.17664,21.415817,15.942796,14.208523,11.21483,8.9840145,7.3109236,5.2054415,5.4947114,5.3190255,0.0,5.638647,5.825985,10.865531,12.244035,17.199705,18.822771,22.189085,25.384003,24.761068,30.02321,29.679672,32.53985,29.331762,24.293566,26.468163,20.983194,21.956564,16.837877,19.14798,13.933316,16.720247,13.705104,11.865282,15.852985,13.882885,19.732477,16.591293,20.896982,19.180515,24.600468,26.38487,29.202053,31.664846,31.86878,36.89327,32.631756,37.68397,39.657433,37.672745,35.255474,32.16099,31.401262,29.515892,33.65467,31.044924,28.166096,31.856365,31.647017,33.37671,37.486935,36.42495,32.76276,34.61047,29.99306,26.87498,21.701359,22.68328,17.78254,20.094315,15.653229,19.848745,17.664457,19.007992,18.765995,21.790272,25.720057,24.09301,20.930332,21.87365,17.86122,23.01364,18.219978,22.557526,21.362736,24.06241,24.127293,19.356752,23.901796,20.13887,18.093405,15.861851,13.900411,14.044007,13.742425,14.535781,14.047369,12.569971,16.635021,13.948668,12.389526,9.734891,10.426193,9.026458,8.094889,11.163637,10.986833
15,29.692003,25.99761,23.71342,20.811117,17.076197,17.03083,11.546192,10.308835,6.427627,7.2285485,6.263724,7.2704525,8.167705,8.826121,5.638647,0.0,4.438232,6.579115,9.577874,13.962009,15.326999,19.276072,22.084759,20.726149,25.75988,25.008131,27.609648,24.273645,19.199379,21.018206,15.958115,16.973127,12.535707,15.047521,10.598627,14.087675,11.851367,9.195662,12.176582,9.414761,14.850712,10.988548,15.290271,13.688009,19.048609,21.124811,23.97788,26.612486,26.465767,31.493433,27.04818,32.112663,34.020443,32.09809,29.660912,26.552301,25.855247,24.117887,28.531061,25.985209,22.936447,26.687263,26.347176,28.351318,32.230938,31.69762,28.242916,29.959476,25.678156,22.34823,16.943167,17.502876,12.5308485,14.7629175,10.621824,15.124888,13.885511,15.448035,16.065609,19.167189,22.641428,21.073156,17.33314,17.460222,13.604123,18.32068,13.613127,18.113268,17.055136,20.21322,20.45769,16.245222,21.145452,18.116024,17.1013,14.371165,12.9306135,11.49056,12.276713,12.230111,13.365981,10.935067,16.104116,14.305754,13.414956,9.955291,11.18778,6.3330026,7.320016,8.266393,9.623139
16,28.233995,24.851963,21.832438,19.70864,15.717783,15.753386,10.656845,8.6946535,6.811922,4.997858,8.020362,5.9465804,8.846884,10.649841,5.825985,4.438232,0.0,5.9389343,6.4482956,11.48961,13.0095625,16.43839,19.589476,19.13886,24.361504,24.088337,27.219883,24.325855,19.361292,22.352703,16.72689,19.537868,14.394368,18.26272,13.815646,17.32137,15.424784,13.263058,16.32866,13.485768,18.54098,13.486673,17.779234,14.762288,20.578917,21.471132,24.70929,26.461264,27.040215,32.057903,28.417679,33.24718,35.7217,34.36725,31.953548,28.669111,28.412762,27.138882,31.94012,29.339043,26.092482,29.374578,28.485907,30.297678,33.785458,33.175743,29.29672,30.325352,25.693857,23.324732,17.51122,19.188293,14.621392,17.69224,14.173047,19.06789,18.231709,19.712015,20.476269,23.60405,27.048752,25.37368,21.445726,21.272223,17.045328,21.322735,15.788064,19.68708,17.631847,20.284061,19.807817,14.852657,19.346313,15.944507,14.43335,12.685717,11.9625225,12.10822,13.506658,15.069918,16.113472,14.660401,19.75802,17.823679,16.29052,13.1842785,12.747268,8.889334,7.453696,8.006697,7.14854
17,23.152075,19.517963,17.145145,14.425744,10.55238,11.352276,5.1218987,6.4773507,5.3744955,8.241914,11.639087,11.526302,13.954745,15.186536,10.865531,6.579115,5.9389343,0.0,5.551365,7.829735,9.91907,13.421397,16.570822,15.841011,20.516558,19.338358,22.789806,20.150806,15.2246,18.156878,13.639042,17.208393,13.686294,17.552835,14.583832,18.407587,17.197252,14.392434,15.963921,12.510259,16.198755,9.785964,13.302445,9.653371,15.116865,15.852006,18.819445,20.900978,21.58197,26.510645,22.96862,28.043785,30.52779,29.195433,27.245867,24.007088,23.582045,22.858574,27.974405,25.068703,21.652914,24.290691,22.997883,24.71921,27.986603,27.495916,23.612482,24.457119,19.970758,17.654552,11.631706,13.576649,9.467017,13.234607,10.929432,16.437199,16.921564,18.953512,20.28843,23.08747,25.736486,23.748814,19.22056,18.05056,13.733934,16.91333,11.016572,14.421625,12.057218,14.92981,14.5437975,10.232425,15.060696,12.601543,12.514273,10.207882,10.362478,9.0639105,11.883607,13.35442,15.871198,14.544962,20.113468,19.19908,17.866476,14.671684,13.743821,8.155726,7.8699675,5.000015,6.179701
18,22.874235,19.97387,16.350906,14.519514,10.731312,10.14792,6.920477,4.1924996,6.6316915,6.2329097,12.505015,10.830448,14.368017,16.94618,12.244035,9.577874,6.4482956,5.551365,0.0,5.762158,6.7068195,10.128285,13.159769,13.257851,18.411201,18.479134,22.035097,19.770374,15.192888,19.504808,13.939129,19.261103,14.548973,19.850557,16.657879,20.33821,19.58349,17.537857,19.58004,16.371065,19.987865,13.322331,17.00666,12.262739,18.205652,17.455456,21.324255,21.699919,22.93795,27.82641,25.302261,29.592915,32.78467,32.392254,29.99613,26.552929,27.071331,26.63905,32.044815,29.607138,26.077108,28.716759,26.967155,28.816153,31.316008,31.338957,27.268936,27.028347,22.500483,21.475063,15.128214,17.792164,14.299721,17.952534,16.003677,20.980087,21.496387,22.90045,24.492014,27.574928,30.487507,28.88073,24.492155,23.250845,19.20692,22.119894,16.264854,19.105173,15.956805,18.207499,16.817303,11.915972,15.739153,13.175568,12.587542,12.172068,13.290631,13.663121,16.50808,18.650831,20.721863,19.453974,24.919355,23.504103,22.011528,18.845415,17.712809,13.024482,11.480079,9.33097,7.522726
19,17.174837,14.38346,10.601175,9.330619,5.549672,6.780761,4.9053497,6.8458467,10.401417,11.876709,17.789865,16.51213,19.925802,22.043009,17.199705,13.962009,11.48961,7.829735,5.762158,0.0,4.212152,5.697627,9.582118,10.898935,15.066581,14.364591,18.975061,17.710674,13.788802,18.63863,14.570025,20.947676,17.708546,22.899137,20.730574,24.48641,24.040731,21.63745,22.845419,19.398928,21.861444,14.539135,16.90374,11.365926,16.151127,13.934887,17.506046,17.251873,19.469704,23.98839,22.480463,26.695662,30.223652,30.227362,28.515217,25.187704,25.722313,26.138409,31.762218,29.020699,25.436378,26.936821,24.497307,25.911161,27.796705,27.746346,23.460117,22.37188,17.830805,18.054926,11.96714,15.712544,13.747066,17.892262,17.349176,22.530933,23.962578,25.786158,27.61204,30.367512,32.64096,30.679468,25.93605,23.986204,19.929716,21.526337,15.583053,16.980291,13.006455,14.471436,12.356312,8.053783,10.952303,9.648174,10.560007,10.913535,13.345164,13.690805,17.351831,20.008923,22.77934,22.11863,27.647707,26.879765,25.241966,22.255495,20.247694,15.501866,13.977768,10.343933,8.898991
20,17.698586,15.517682,11.574999,9.645723,7.172927,4.5755405,7.0194893,5.694709,10.296747,11.690502,17.865705,17.048843,20.475067,23.283424,18.822771,15.326999,13.0095625,9.91907,6.7068195,4.212152,0.0,5.039332,6.7676396,7.089156,11.888167,12.26046,16.166489,14.77968,11.139708,16.614996,12.107316,19.384972,16.03166,21.817335,20.137781,23.687418,23.907558,21.978788,22.959274,19.723257,21.649113,14.430365,16.81268,11.07496,16.11164,13.441886,17.926392,16.509747,18.325335,22.89718,21.703007,25.1601,29.031103,29.719501,27.389378,23.943014,25.313503,25.791296,31.551731,29.45651,25.833559,27.765263,25.227453,27.168434,28.416798,29.39033,25.456285,23.803028,19.873184,20.27073,14.0197735,17.115234,15.268443,18.778801,18.557745,22.993444,24.718693,25.970383,28.237122,31.145857,33.435192,32.00714,27.418734,25.243471,21.826258,23.201206,17.868965,19.44195,15.751399,17.509508,15.419711,11.910283,14.381069,13.690122,14.624457,15.081523,17.309,17.233702,20.818102,22.819817,25.663345,24.328306,29.925886,28.9972,27.73438,24.498446,23.315048,18.057056,17.049002,13.642034,12.419192
21,14.802983,13.401377,8.519686,9.078818,7.443077,7.259827,9.983034,10.516464,14.994588,15.781372,22.30101,20.721497,24.409857,27.046255,22.189085,19.276072,16.43839,13.421397,10.128285,5.697627,5.039332,0.0,4.8999224,8.8169155,11.93391,12.30402,17.243683,17.167046,14.568682,20.228363,16.64098,24.120218,21.062943,26.79141,25.076485,28.671864,28.711933,26.630648,27.684145,24.341707,26.218546,18.876095,20.72225,14.901721,18.905733,15.089157,18.938353,16.601683,19.653648,23.58978,23.6573,26.826832,31.017794,32.06648,30.331966,27.043621,28.357899,29.348434,35.12701,32.734444,29.146654,30.194725,27.21678,28.573479,29.37249,29.920115,25.693747,23.24735,19.20932,21.014921,15.4989195,19.463366,18.471642,22.357729,22.479628,27.25265,29.074696,30.624006,32.75172,35.545506,37.68821,35.914272,31.161394,28.882679,25.157238,26.093634,20.515886,21.130571,16.881939,17.545044,14.703222,11.590386,12.239557,12.237524,13.48884,15.232665,18.206772,19.020525,22.76263,25.602997,28.426832,27.800997,33.339607,32.543762,30.887714,27.901754,25.77272,21.197235,19.477783,15.936676,13.99024
22,14.9695215,14.506124,10.152224,9.979296,10.053859,7.303618,12.872797,12.150649,16.805864,17.854092,24.219376,23.228004,26.796144,29.879742,25.384003,22.084759,19.589476,16.570822,13.159769,9.582118,6.7676396,4.8999224,0.0,5.5190306,7.7400994,9.67576,13.802917,14.265003,12.84857,18.776073,15.663713,23.675009,21.085073,27.024904,26.054747,29.377054,30.089022,28.380655,29.01871,25.897306,26.984846,19.94419,21.393406,15.708212,19.245724,14.824972,19.24053,15.439783,18.207096,21.835512,22.66875,24.76818,29.358393,31.283068,29.12511,25.865425,28.032707,29.28647,35.108353,33.35428,29.804783,30.98995,27.827644,29.600603,29.538042,31.188246,27.411366,24.260162,21.078419,23.171925,17.785482,21.133053,20.573353,23.837965,24.51287,28.530792,30.780525,31.869139,34.42487,37.249626,39.22997,37.91533,33.291073,30.686739,27.622889,28.083254,23.188446,23.724901,19.765955,20.631672,17.912611,15.71955,16.195717,16.878853,18.366781,19.884937,22.731066,22.995388,26.790648,29.041376,32.074867,30.91058,36.507286,35.711315,34.40906,31.217556,29.742771,24.631792,23.44653,19.836246,18.312963
23,17.147505,16.127977,13.003405,10.416418,10.773273,5.5507727,12.314542,10.578195,14.634629,16.702879,22.155931,22.353706,25.436386,28.628218,24.761068,20.726149,19.13886,15.841011,13.257851,10.898935,7.089156,8.8169155,5.5190306,0.0,5.5019183,7.8052497,10.103812,9.351244,7.860478,13.80596,10.79161,18.881445,16.949718,22.716637,22.563366,25.606659,26.90503,25.470417,25.54518,22.711586,23.01373,16.527197,17.741354,12.549641,16.073086,12.305197,17.425951,13.866751,15.144426,19.21079,19.216097,21.024565,25.493204,27.5375,24.70359,21.35817,24.046017,25.112123,30.889078,29.739386,26.24581,28.095978,25.198858,27.65131,27.49118,30.078571,26.851524,24.091024,21.488373,22.550653,16.941744,19.137526,18.475155,20.896166,21.895487,25.011377,27.575727,28.21037,31.127254,33.919216,35.73772,34.93405,30.561184,27.778917,25.494844,25.768423,21.712881,22.718819,19.462572,21.171246,19.138077,17.302631,18.911789,19.539143,21.143394,21.611395,23.913336,23.132364,26.816254,28.034739,31.263336,29.341658,34.89121,34.162666,33.408073,30.003094,29.564936,23.742617,23.512833,19.906744,19.342873
24,15.065048,15.231959,13.10546,11.077422,13.266915,9.258479,16.308908,15.846868,19.68222,22.16306,27.422894,27.814907,30.840866,33.90067,30.02321,25.75988,24.361504,20.516558,18.411201,15.066581,11.888167,11.93391,7.7400994,5.5019183,0.0,4.939847,6.527517,8.399061,9.839192,14.846337,14.227649,21.871096,21.26275,26.506376,27.13674,30.012388,31.596355,30.115929,29.658062,26.911293,26.290073,20.206736,20.297592,15.653274,17.284735,12.449899,16.954775,11.599439,13.312888,16.226702,18.068811,18.550787,23.491098,26.545261,24.125765,21.165806,24.330688,26.166426,31.784073,30.891108,27.6017,28.611341,25.263548,27.548023,26.195238,29.510052,26.703289,22.904861,21.33224,23.417542,18.871485,20.93059,21.508255,23.581516,25.502346,28.192133,31.306797,31.97035,35.072342,37.610462,38.928844,38.15054,33.788944,30.580832,28.74059,28.020266,24.633764,24.704962,21.556166,22.697914,20.565248,20.06069,20.630348,22.321032,24.521751,25.201002,27.799812,26.853025,30.700785,31.871792,35.401352,33.61212,39.09901,38.699326,38.003445,34.655533,34.052975,28.183613,28.097113,24.150934,23.81803
25,11.779982,11.365904,10.636984,7.670841,10.879061,8.373726,14.590102,16.015759,19.315718,22.757814,27.577103,28.284105,31.120968,33.59556,29.679672,25.008131,24.088337,19.338358,18.479134,14.364591,12.26046,12.30402,9.67576,7.8052497,4.939847,0.0,5.9487743,8.00627,9.081945,13.261367,14.110864,21.091991,21.446207,25.99088,26.872238,29.903824,31.2351,29.31319,28.459198,25.584143,24.550768,18.47865,17.719332,13.388782,13.662004,8.228581,12.207224,6.7283926,9.165425,12.248672,14.125702,15.446712,20.213812,22.81796,21.182892,18.377716,20.908073,23.13546,28.706041,27.358492,24.135134,24.423746,20.849924,22.859177,21.446398,24.612917,21.883284,18.028303,16.75423,18.95689,15.117531,17.08699,18.559471,20.596563,23.147009,25.921162,29.352081,30.453938,33.446507,35.679417,36.587322,35.47562,31.018497,27.572287,25.816263,24.410915,21.399809,20.78535,17.85239,18.792137,16.939667,17.521982,17.973263,20.277962,23.025146,23.226954,25.794031,24.369604,28.260355,29.282846,33.082024,31.557585,36.915203,36.94622,36.255173,33.058407,32.23993,26.383211,26.609583,22.345547,22.676847
26,16.954725,16.815207,16.5833,13.20295,16.024834,12.298279,18.59312,18.774258,21.506247,25.144169,29.19032,30.68577,33.138805,35.85021,32.53985,27.609648,27.219883,22.789806,22.035097,18.975061,16.166489,17.243683,13.802917,10.103812,6.527517,5.9487743,0.0,4.584973,8.83113,11.306419,13.701544,19.810692,21.24254,25.276087,27.194054,29.67049,31.727818,30.301973,28.886549,26.525248,24.46742,19.633783,18.400917,15.33633,14.899432,10.792843,14.653729,9.433872,8.895474,11.208838,13.207479,12.405369,17.410465,21.11768,18.569473,15.988479,19.7608,22.032509,27.272324,27.037308,24.105595,24.954075,21.694092,24.415277,22.266933,26.861858,25.04287,21.378355,21.13556,22.570143,19.023716,19.671787,21.134502,22.025814,24.917257,26.39836,30.133883,30.572779,33.949333,36.09108,36.741474,36.33131,32.309322,28.713,27.978315,26.285694,24.403744,24.159777,22.010725,23.465912,22.120146,22.744495,23.704576,25.799076,28.388245,28.227158,30.448404,28.498293,32.195377,32.394634,36.22919,34.03722,39.23537,39.25976,39.070045,35.72964,35.80934,29.561237,30.400213,26.353193,27.04911
27,19.493376,18.392624,17.83829,13.563205,15.404296,10.984923,16.595463,16.057392,18.13154,22.035357,25.407408,27.414097,29.542192,32.235786,29.331762,24.273645,24.325855,20.150806,19.770374,17.710674,14.77968,17.167046,14.265003,9.351244,8.399061,8.00627,4.584973,0.0,5.076937,7.2109103,9.432111,15.2958765,16.885103,20.75337,22.868902,25.201727,27.412708,26.15661,24.632956,22.45738,20.301329,15.846867,14.877405,12.245173,12.553893,9.91916,14.455525,11.121537,9.216921,12.872984,12.385106,12.676742,17.040873,19.912144,16.493422,13.451671,17.338907,18.946089,24.320648,24.29859,21.26258,23.1314,20.396633,23.633444,22.389627,26.86446,25.04207,22.404396,21.671997,21.88112,17.696886,17.690094,18.399115,18.860672,21.460693,22.53513,26.161125,26.325941,29.786974,32.01025,32.82588,32.689075,28.83488,25.399368,24.910927,23.680183,21.977322,22.523886,20.755959,22.906847,21.952385,21.960518,23.878489,25.322239,27.592709,26.919134,28.70561,26.403128,29.870869,29.563183,33.278854,30.667603,35.789078,35.693096,35.75952,32.34543,33.019363,26.590853,27.826561,24.06666,25.086937
28,19.567,17.52044,16.38492,11.656695,12.199855,7.600125,12.110994,11.359122,13.100317,17.287985,20.57108,22.577185,24.674088,27.23913,24.293566,19.199379,19.361292,15.2246,15.192888,13.788802,11.139708,14.568682,12.84857,7.860478,9.839192,9.081945,8.83113,5.076937,0.0,5.9932017,5.2002273,12.208249,12.762458,17.100554,18.482716,21.191078,22.986923,21.504946,20.352224,17.894028,16.571432,11.221226,11.188466,7.6904936,10.034326,8.437747,13.568457,12.053837,10.659342,15.41601,13.189411,15.585845,19.271336,20.689339,17.314714,13.843339,16.661146,17.497854,23.20238,22.527124,19.163586,21.681398,19.290125,22.506138,22.590422,26.003212,23.633848,21.927197,20.15209,19.501743,14.37693,14.514825,14.1678915,15.076173,16.99597,18.736506,21.990711,22.384256,25.660583,28.09752,29.34107,28.955408,24.91209,21.77089,20.719315,20.310547,17.889286,19.180279,17.319164,19.947628,19.143124,18.32084,21.037952,21.784885,23.719515,22.704947,24.206913,21.868795,25.225979,24.94012,28.512466,25.877525,31.108555,30.850733,30.821112,27.378845,28.084492,21.644499,22.900028,19.308437,20.444067
29,23.14217,20.837286,20.899828,15.759704,16.502949,13.012803,15.741866,15.601202,15.686116,20.599459,22.096338,25.248182,26.526834,28.544016,26.468163,21.018206,22.352703,18.156878,19.504808,18.63863,16.614996,20.228363,18.776073,13.80596,14.846337,13.261367,11.306419,7.2109103,5.9932017,0.0,6.874363,9.151867,12.884101,14.958389,17.983044,20.01913,22.282232,20.955856,18.620457,16.86305,13.621775,10.811157,8.952827,9.045014,8.622276,9.897844,13.5408945,13.756433,10.158298,14.444274,10.270176,12.607943,15.11724,16.019941,11.875622,8.3693695,11.70659,12.332916,17.773449,17.939684,14.9382305,18.085472,16.367369,20.241123,20.289637,24.556648,23.212158,22.338871,21.54892,19.735077,15.822054,14.014011,14.232252,13.227831,16.054802,15.894576,19.773464,19.782093,23.330431,25.282404,25.822086,25.975426,22.48425,19.06932,19.527308,18.300426,17.889723,19.186167,18.717993,21.698458,21.789757,21.791399,24.832663,25.704422,27.769167,25.989014,26.929947,23.669817,26.57123,25.078375,28.760447,25.633415,30.324886,30.490509,31.096754,27.77631,29.376987,22.853888,25.11929,21.808449,23.912498
30,24.014462,21.50607,19.976873,15.297272,14.527293,10.114649,12.308012,9.787606,9.991651,14.17483,16.262583,19.003174,20.585888,23.251677,20.983194,15.958115,16.72689,13.639042,13.939129,14.570025,12.107316,16.64098,15.663713,10.79161,14.227649,14.110864,13.701544,9.432111,5.2002273,6.874363,0.0,8.106444,7.5942183,12.278756,13.534499,16.102308,18.100471,16.999468,15.996394,13.84221,13.001564,8.343038,9.846443,7.5162296,11.576338,12.218865,16.932617,16.831137,14.974751,19.821726,16.25355,19.080435,21.938656,22.451042,18.442148,14.919662,17.29911,16.907944,22.36934,21.956585,18.635468,22.454256,20.927444,24.415709,25.470095,28.482737,26.143873,25.478374,23.262775,21.453047,15.912506,15.375456,13.458388,13.803143,14.54304,15.762104,18.42601,18.286882,21.61412,24.321943,26.057404,26.089533,22.374573,19.782873,18.917494,19.638847,17.31742,19.849443,18.51075,21.744583,21.343073,19.584671,23.201149,22.996431,24.266008,22.763548,23.589844,21.062346,23.903671,23.00832,26.176006,22.934805,28.022417,27.415335,27.714918,24.17314,25.775444,19.298803,20.980658,18.153482,19.49577
31,30.407022,27.424353,26.75974,21.730497,20.762001,17.524391,17.460106,15.618244,13.231994,17.62966,16.27618,20.762695,20.775663,22.489435,21.956564,16.973127,19.537868,17.208393,19.261103,20.947676,19.384972,24.120218,23.675009,18.881445,21.871096,21.091991,19.810692,15.2958765,12.208249,9.151867,8.106444,0.0,6.779588,5.942082,10.136158,11.292878,14.061501,13.541017,10.833827,10.315213,7.072455,8.316027,8.915773,11.376845,13.452373,16.955702,20.193468,22.04745,18.818203,23.193607,17.78569,20.807325,21.870438,20.909601,16.356739,13.477009,14.919201,12.788781,17.102295,17.698658,15.067262,20.475605,20.468176,24.402641,26.253,29.37283,27.97377,28.756071,27.089535,23.648195,19.256235,16.725897,14.436864,12.295411,12.729001,10.724183,13.346648,12.026523,15.777559,18.104265,19.495436,20.601873,17.998669,15.843281,16.943779,17.822994,17.822538,21.048258,21.418854,25.141562,25.786861,24.43016,28.652395,28.141901,29.20535,26.698097,26.511583,23.001177,24.829195,22.16226,24.987898,20.829428,24.918531,24.584564,25.92859,22.624735,25.889933,19.71164,22.760035,20.90911,23.366796
32,30.483574,27.514866,25.639551,21.26171,19.298283,15.788987,15.142914,11.241776,8.587332,11.567054,10.523157,14.646682,15.002014,17.651274,16.837877,12.535707,14.394368,13.686294,14.548973,17.708546,16.03166,21.062943,21.085073,16.949718,21.26275,21.446207,21.24254,16.885103,12.762458,12.884101,7.5942183,6.779588,0.0,6.5192294,6.4421973,8.776345,10.9880495,10.792895,10.519393,9.278292,10.282811,8.471379,11.936578,11.656447,16.36884,18.65869,22.72771,23.902063,21.908669,26.776085,22.175465,25.464352,27.403782,26.768633,22.521069,19.317972,20.690012,18.802555,23.356428,23.1127,20.14506,25.217543,24.813454,28.30256,30.537844,32.78478,30.461668,31.015335,28.286617,25.29613,19.727156,18.63856,15.007818,14.688089,13.169207,13.527776,14.470158,13.369253,16.425861,19.59132,22.280313,22.897167,19.932095,18.612127,17.922829,20.424421,18.324661,22.236263,21.601091,25.262827,25.340378,22.580202,27.017462,25.63888,25.943068,23.867659,23.64733,21.102587,22.89526,21.179361,23.408928,19.390198,23.959448,22.712526,23.52599,19.998735,23.015295,17.078981,19.263657,18.010244,19.505013
33,34.69904,31.414875,30.338306,25.60099,23.799166,21.019316,19.434183,16.929121,13.28749,16.580837,12.972987,18.147848,17.11512,18.430511,19.14798,15.047521,18.26272,17.552835,19.850557,22.899137,21.817335,26.79141,27.024904,22.716637,26.506376,25.99088,25.276087,20.75337,17.100554,14.958389,12.278756,5.942082,6.5192294,0.0,5.552186,5.5531015,8.588275,8.979822,6.550769,7.562751,6.64028,10.134435,12.279496,14.806934,17.823856,21.682991,24.739437,27.158558,24.309742,28.830296,23.168488,26.606646,27.337708,25.647518,21.40144,18.829245,19.315832,16.37292,19.673573,20.026325,17.769413,23.648998,24.320004,27.964645,30.708527,32.957954,31.369204,32.903816,30.678034,26.643572,22.132076,19.698679,16.236773,14.167196,12.574608,10.129443,10.588744,8.149523,11.5826025,14.381729,16.82055,18.376858,16.521793,15.741237,16.711767,19.150236,18.983913,23.083439,23.721237,27.59702,28.44072,26.309074,30.99066,29.662905,30.040998,27.23663,26.34924,22.999826,23.996017,20.846367,22.796938,18.16192,21.64555,20.79595,22.56423,19.410902,23.694918,18.25184,21.524046,20.864067,23.302153
34,34.699333,31.266357,29.542542,25.349987,22.753431,20.45893,17.700506,14.62359,10.366989,12.389074,7.58341,12.90919,11.5788,13.048993,13.933316,10.598627,13.815646,14.583832,16.657879,20.730574,20.137781,25.076485,26.054747,22.563366,27.13674,26.872238,27.194054,22.868902,18.482716,17.983044,13.534499,10.136158,6.4421973,5.552186,0.0,3.8319104,4.5882688,4.88709,5.8290014,5.941125,9.3855095,10.358707,14.080642,15.153995,19.555017,22.896235,26.166462,28.577276,26.60673,31.476418,26.134792,30.132614,31.340235,29.56872,25.766016,22.924341,23.050957,20.320213,23.93779,23.31077,20.773512,26.249481,26.702166,29.890451,33.161087,34.470818,32.20332,33.86614,30.829355,26.89948,21.831266,20.31906,15.901931,15.146327,11.943122,11.76897,10.612483,9.1361475,11.284761,14.741911,18.260696,18.979979,16.736248,16.755825,16.126328,19.916597,18.239376,22.851841,22.975273,26.762392,27.390707,24.334335,29.210163,27.149246,26.885893,24.16851,22.98164,20.280775,20.94867,18.394217,19.705252,15.217131,19.006756,17.398962,18.736008,15.456863,19.712164,14.764798,17.552713,17.717382,19.673286
35,38.19148,34.806683,33.186417,28.87027,26.440376,23.897335,21.478617,18.224718,14.131029,15.6915655,10.266659,15.584225,13.576349,14.783428,16.720247,14.087675,17.32137,18.407587,20.33821,24.48641,23.687418,28.671864,29.377054,25.606659,30.012388,29.903824,29.67049,25.201727,21.191078,20.01913,16.102308,11.292878,8.776345,5.5531015,3.8319104,0.0,4.1482515,6.6229033,6.747306,8.5661745,10.707401,13.539337,16.67858,18.444584,22.33859,25.957378,29.13861,31.571878,29.195295,33.902607,28.357025,31.994555,32.846733,30.99429,26.909271,24.335634,24.550581,21.460035,24.376333,24.401205,22.27425,28.10829,28.941006,32.296608,35.518223,37.1109,35.176575,36.9888,34.210358,30.082186,25.288137,23.373827,19.17141,17.775484,14.793877,13.226815,11.650086,8.972523,10.957123,14.1864195,17.739101,19.32207,18.008732,18.404356,18.64231,22.28237,21.409164,25.997564,26.4591,30.291182,31.052504,28.131126,33.011646,30.96824,30.660011,27.892284,26.55,23.769138,24.127737,21.11267,22.073175,17.363146,20.300476,18.638983,20.517332,17.566547,22.448862,18.00864,20.945074,21.401232,23.383345
