,0,1,2,3,4,5,6,7,8,9,10,11,12,13,14,15,16,17,18,19,20,21,22,23,24,25,26,27,28,29,30,31,32,33,34,35,36,37,38,39,40,41,42,43,44,45,46,47,48,49,50,51,52,53,54,55,56,57,58,59,60,61,62,63,64,65,66,67,68,69,70,71,72,73,74,75,76,77,78,79,80,81,82,83,84,85,86,87,88,89,90,91,92,93,94,95,96,97,98,99,100,101,102,103,104,105,106,107,108,109,110
0,0.0,4.291378,6.79617,9.708306,12.414469,15.2970295,17.943829,22.158926,25.285124,29.227459,31.23552,36.735523,32.903534,30.940325,26.587406,24.288685,20.187788,18.784515,15.086521,13.619792,12.67226,10.924217,15.283584,16.352854,19.33793,21.59839,19.662283,20.116251,20.760078,20.061602,23.338888,20.791954,27.402985,24.983898,29.92422,30.852695,31.931297,33.04753,28.891565,29.90577,25.910704,28.60883,26.321737,27.524887,28.188534,30.495592,32.61759,35.579723,40.49313,39.35995,35.299133,39.013565,42.093273,40.226364,37.020638,35.142685,31.483894,28.461552,28.703075,25.120794,26.671522,26.295439,23.951818,27.028963,20.517681,23.299326,21.661077,18.040386,22.522177,20.849495,24.8092,26.943647,22.903088,28.480803,28.031242,28.096087,31.847292,30.940989,36.278923,35.513508,38.82212,41.65431,37.558792,36.799026,33.22827,35.934517,31.658342,31.918005,31.287907,29.75086,30.953072,27.558525,32.45535,34.597363,36.959045,35.705135,36.840416,35.838932,37.72614,35.86363,39.277737,35.798,39.49261,41.207504,39.823597,37.30335,36.099636,31.327673,29.934422,25.76767,25.578142
1,4.291378,0.0,5.3884172,6.453881,8.852564,12.8033695,14.385988,19.233973,21.86915,26.257584,27.96139,33.513107,30.215017,28.179949,24.212046,21.343716,17.599396,15.474229,11.962742,9.763204,9.13112,7.32589,11.930085,13.389167,15.938618,18.016922,15.536936,16.177326,16.702147,16.41705,19.631796,17.877464,24.501425,22.878328,27.634876,28.97903,30.135603,30.902693,26.575018,27.137945,23.11375,25.27864,22.667568,23.647516,24.177496,26.224365,28.435715,31.31271,36.22009,35.12317,31.107843,34.874325,37.94914,36.165783,33.09741,31.236052,27.46341,24.432112,24.545288,21.123857,22.46597,22.29305,20.034643,23.488861,17.309525,20.117105,19.296314,16.146574,20.792913,19.932873,22.879625,24.758383,19.997269,25.522497,24.703856,24.419365,28.10593,26.916023,32.280933,31.363789,34.654606,37.42698,33.30909,32.568768,29.073519,31.804592,27.701632,28.088345,27.74065,26.424221,27.992544,24.907547,29.891178,31.786339,34.253902,32.533318,33.442734,32.25698,33.91963,32.07799,35.204227,31.79258,35.378834,37.05637,35.81213,33.318806,32.342335,27.449549,26.436857,22.142244,22.460482
2,6.79617,5.3884172,0.0,5.295282,6.885109,9.156318,11.956988,15.633545,19.179182,22.692808,25.112404,30.531345,26.557594,24.9232,20.25101,18.311457,14.28086,13.019784,10.354827,9.47173,10.84179,10.739495,15.256222,17.665451,19.901993,21.42556,18.070972,17.963892,17.259937,16.651602,18.626732,16.794977,22.43519,20.262297,25.194677,26.061058,27.85802,29.069578,25.252892,25.987812,22.801702,24.66508,23.322693,23.550488,25.420856,26.94495,29.640759,32.441067,37.003784,36.557453,32.864338,36.16771,39.667984,38.437725,35.658516,34.018864,29.81173,27.021875,26.576826,23.400686,23.09443,23.077185,20.149467,23.113554,17.198551,18.535448,17.462755,13.688322,17.71186,15.745494,19.152147,20.69813,16.741438,22.300383,21.755302,22.321589,25.982931,25.578993,30.87944,30.495993,33.90915,37.04742,33.09492,32.42582,28.67955,31.985968,27.303991,28.406881,27.58873,26.732525,27.946726,25.186909,29.903654,32.148453,34.054592,32.310078,33.895454,31.93251,33.92323,31.162306,34.681488,30.770514,34.47159,36.178246,34.312843,31.81333,30.091763,25.661987,23.667055,19.69754,19.044237
3,9.708306,6.453881,5.295282,0.0,3.8840773,6.748478,9.1064205,13.277629,15.801976,20.200953,21.70084,27.24113,23.901669,21.749199,18.023512,14.924813,11.237702,9.176135,5.650886,4.468812,6.0121026,7.160995,11.054065,14.231253,16.254879,17.177637,14.251367,12.965378,12.234018,11.377995,13.80188,12.035756,18.201078,16.823488,21.493513,22.960962,24.407587,25.120462,20.969887,21.35831,17.903189,19.640657,18.036886,18.472391,20.33667,22.49914,24.85887,28.100414,32.569653,32.334373,28.530386,31.306002,35.0321,34.102257,31.09022,29.749731,25.256416,22.98854,22.767069,20.448168,19.896267,20.70532,18.152287,22.058458,17.067978,18.283216,18.794605,15.887358,19.843555,18.75239,20.683535,21.43925,16.417578,21.745008,20.135311,20.209108,23.504942,22.26522,27.859535,26.752857,30.385303,33.360664,29.146797,28.073462,24.195877,27.145185,22.42037,23.219555,22.430023,21.507113,22.907497,20.2733,25.066807,27.112404,29.172695,27.234974,28.647432,26.839008,28.80459,26.387514,30.043291,26.369997,30.300488,32.219257,30.722198,28.003136,27.085297,21.98002,20.747509,16.609589,16.665014
4,12.414469,8.852564,6.885109,3.8840773,0.0,5.991862,5.58495,10.68578,13.142632,17.588598,19.369299,24.894217,21.942614,20.171694,16.404848,13.270855,10.244722,7.236967,5.9997306,4.048348,7.985821,9.235846,12.644415,15.788644,16.912794,17.60747,13.316002,12.8433275,11.140956,11.298146,12.393201,12.504028,17.59724,17.127724,21.490963,23.10707,25.058605,25.621359,21.691496,21.54415,18.655134,19.272106,17.797209,17.268908,19.440418,20.369238,23.309074,26.009993,30.373093,30.27866,26.798752,29.835096,33.490356,32.67413,30.201094,28.782375,24.27342,21.806702,20.984707,18.596912,17.046236,17.77587,14.908963,18.614687,14.084025,14.653284,15.682068,13.229468,16.90354,16.50441,17.486088,18.101105,12.701756,17.97563,16.394447,16.415707,19.83823,18.911022,24.376507,23.683294,27.191437,30.309856,26.294022,25.570442,21.82785,25.308224,20.739668,22.293747,21.854576,21.59049,23.354961,21.382696,26.002806,27.819792,29.739382,27.173553,28.50386,26.024399,27.691423,24.748676,27.90021,23.990421,27.607615,29.323475,27.597544,25.06497,23.7364,18.991648,17.602612,13.367029,13.688798
5,15.2970295,12.8033695,9.156318,6.748478,5.991862,0.0,6.801767,7.4907036,11.048814,14.282759,16.38546,21.728148,17.60884,15.778157,11.421298,9.251951,5.1508565,5.1394544,4.842712,7.305582,10.703614,13.205779,16.042572,19.818537,21.314146,21.403618,18.009462,15.545081,13.132684,11.755204,11.619807,10.054043,13.864909,12.147993,16.779423,17.810812,20.18205,21.284447,17.988892,18.387997,16.532022,17.462612,18.023132,17.284773,21.119154,22.699585,25.415419,28.614767,32.351677,33.154667,29.890625,31.622658,35.926624,35.91569,33.276848,32.409714,27.462126,25.874458,25.076061,23.59684,20.894156,22.279055,19.287888,22.715635,19.01714,18.117172,19.236933,16.45261,19.019283,17.113306,18.346315,17.791716,13.695039,18.412094,16.442728,17.652592,20.40715,19.948513,25.387148,24.6817,28.51924,31.853529,27.872477,26.69209,22.508812,25.997911,20.544252,22.283215,20.781069,20.651825,21.497492,19.683163,23.768425,26.134182,27.316143,25.280193,27.601852,24.715946,27.122292,23.498375,27.787992,23.576742,27.73372,29.790892,27.581415,24.764366,23.196787,18.560902,16.124767,12.72249,11.291239
6,17.943829,14.385988,11.956988,9.1064205,5.58495,6.801767,0.0,6.443623,8.141231,12.688907,14.519137,19.931082,17.632244,16.278538,13.023532,9.738895,8.46588,4.6848865,7.614512,6.9632344,11.610449,13.564195,15.784233,19.138206,19.31511,19.231455,14.195124,13.4454155,10.235831,11.145975,9.6805105,12.242664,15.09913,16.032309,19.598612,21.43106,23.934483,24.225933,20.81616,19.965523,18.213545,17.270973,16.686401,14.72781,17.958454,17.52845,21.025545,23.26574,27.082035,27.683577,24.79164,27.353426,31.219975,31.042315,29.19222,28.057072,23.352892,21.320145,19.791216,18.258419,14.551978,15.886791,12.827957,16.307512,13.750788,12.389151,14.979372,13.646214,16.057463,16.395624,15.421594,14.896287,9.094111,13.59853,11.216186,11.403182,14.52189,13.913964,19.315664,18.945887,22.502396,25.859987,22.068863,21.516178,17.778408,21.899733,17.287918,19.916433,19.628246,20.341885,22.296953,21.376059,25.45107,27.016823,28.517897,25.26415,26.722946,23.26077,24.714676,20.913364,23.74055,19.468575,22.890612,24.523514,22.398724,19.941637,18.22112,13.777562,12.081698,7.84482,8.562922
7,22.158926,19.233973,15.633545,13.277629,10.68578,7.4907036,6.443623,0.0,5.015542,7.077862,10.030449,15.155671,11.619509,10.7809725,6.7997055,5.2613244,5.5278296,5.5589643,10.015908,11.797312,16.031279,18.709572,20.652739,24.439734,24.843443,24.274181,19.937092,17.738743,14.018226,13.733877,10.415997,12.309889,12.095967,12.727645,15.726082,16.951813,20.266872,20.969185,18.674927,18.005026,17.943928,16.584743,18.365896,15.787732,20.751026,20.483406,23.793848,26.206722,29.096844,30.76292,28.362316,29.536839,33.962967,34.69933,32.950157,32.366467,27.374447,26.201275,24.581253,23.921885,19.08211,20.901663,17.867514,20.582764,19.10688,16.201084,18.724792,17.267496,18.230202,17.310179,16.03423,13.844758,10.25878,13.204378,10.369714,12.399784,14.276057,14.714597,19.577124,19.54267,23.261118,26.861645,23.408964,22.547478,18.565546,22.825106,17.50808,20.71105,19.4515,20.71029,21.799313,21.510132,24.715921,26.646578,27.210346,24.226578,26.684408,22.433762,24.493256,19.593409,23.368088,18.683708,22.430153,24.299856,21.401264,18.79105,16.378345,12.705448,9.077487,6.736231,3.8597772
8,25.285124,21.86915,19.179182,15.801976,13.142632,11.048814,8.141231,5.015542,0.0,5.977402,6.3916626,11.843436,10.474547,9.192387,8.402937,4.8776436,8.015054,6.807218,11.609691,12.979053,16.86811,19.729944,20.608616,24.341667,24.09342,22.910843,18.846952,16.224432,12.138974,12.394315,7.636752,11.847014,10.124715,13.138676,14.821155,16.909138,19.837711,19.69498,17.446331,15.816729,16.25813,13.469816,15.424276,11.99527,17.336948,16.644293,19.822935,22.1945,24.623074,26.757416,24.662254,25.168476,29.733892,30.954561,29.432848,29.19331,24.170073,23.640402,21.932032,22.342802,16.809822,19.423695,17.03741,20.148348,20.061043,17.148375,20.870228,20.306892,21.268135,21.417294,19.035154,16.540792,12.353086,14.037028,9.926331,10.884093,11.648771,11.008013,15.964936,15.182479,19.106836,22.573698,19.028187,17.865135,13.838286,18.109259,12.901572,16.614363,15.702783,17.645428,19.140781,19.735813,22.516342,23.902409,24.452942,20.779837,22.912004,18.225521,19.939556,14.821879,18.3719,13.676955,17.557402,19.605947,16.96295,14.101601,12.653825,8.066356,5.665859,3.6800709,3.9822624
9,29.227459,26.257584,22.692808,20.200953,17.588598,14.282759,12.688907,7.077862,5.977402,0.0,5.0917854,8.740505,5.928328,6.9746933,6.1791687,7.159735,10.627312,11.54693,16.217688,18.173988,22.169378,25.07754,26.30339,30.123022,30.028418,28.879541,24.715961,22.148706,18.086796,17.962786,13.146673,16.159363,12.312883,14.5163555,15.32153,16.382435,20.163736,20.535294,19.648811,18.342014,20.143877,17.30917,20.598125,17.02674,22.774485,21.602652,24.795652,26.716558,28.373787,31.104992,29.582355,29.527687,34.142467,35.828392,34.682255,34.612312,29.67128,29.296024,27.339193,27.731918,21.648888,23.9564,21.345915,23.396807,23.802855,19.80718,23.096,22.524584,22.28137,21.749239,19.010996,15.430597,13.661096,13.733393,10.279515,12.901635,12.666708,13.90394,17.37255,17.728065,21.177385,24.785814,22.05156,21.183313,17.620342,21.931507,16.980639,21.01829,19.624928,21.909254,22.688396,23.691317,25.68971,27.300386,27.014055,23.680666,26.474323,21.251951,23.171478,17.252964,20.830673,16.067854,19.382301,21.19365,17.625248,15.231048,12.276968,10.447896,5.677058,7.5828,4.377067
10,31.23552,27.96139,25.112404,21.70084,19.369299,16.38546,14.519137,10.030449,6.3916626,5.0917854,0.0,5.567769,6.156322,5.539398,8.77631,7.5788474,12.068228,12.528955,16.920378,18.890408,22.311356,25.442122,25.760332,29.56525,29.17178,27.486948,24.123938,20.772612,16.797438,16.58965,11.320645,15.032631,9.79864,13.878523,13.347704,15.272099,18.381065,17.906582,17.164827,15.113781,17.547369,13.748938,17.609089,13.784174,19.818651,19.09241,21.650898,23.916674,25.035099,28.268438,26.89132,25.761993,30.64169,32.875843,31.642563,32.038494,27.05953,27.503681,25.800154,27.217035,21.122082,24.146852,22.191032,24.875328,25.855972,22.367802,26.330954,26.044437,26.29163,26.231333,23.343353,19.965563,17.247097,17.24448,13.047612,14.3869295,13.257312,12.929769,16.357191,15.415072,19.107937,22.355354,19.414719,17.848047,14.202731,17.915764,12.960823,16.9991,15.534629,18.281252,19.082714,20.858408,22.259909,23.449455,23.013525,19.311739,22.02452,16.548197,18.443151,12.385014,16.453226,11.926892,15.76283,18.035166,15.04012,12.146371,11.180322,8.205161,6.0852456,8.413017,7.781479
11,36.735523,33.513107,30.531345,27.24113,24.894217,21.728148,19.931082,15.155671,11.843436,8.740505,5.567769,0.0,6.7521853,7.9326,12.497602,12.776786,17.221375,18.078865,22.402895,24.446098,27.773243,30.937174,31.033062,34.790276,34.20441,32.29243,29.103165,25.736038,21.850775,21.67726,16.398376,19.936125,13.590564,17.663076,15.76264,17.21282,20.268429,19.596695,20.095512,17.899622,21.38427,17.1736,21.638567,17.707329,23.58785,22.382095,24.60839,26.38357,26.415634,30.357428,29.699709,27.62703,32.440323,35.342426,34.57038,35.324547,30.578863,31.509743,29.680063,31.603132,25.112236,28.197975,26.49791,28.661888,30.479483,26.52892,30.627207,30.66716,30.314268,30.307722,26.914408,23.049515,21.399895,20.18063,16.31075,17.78624,15.539412,15.758474,17.498587,16.893766,19.90858,22.831625,20.770432,19.284431,16.494051,19.65469,15.709508,19.764647,18.303383,21.474934,21.883528,24.396378,24.793352,25.687021,24.527327,20.901806,23.737785,17.939793,19.549377,13.30392,16.707106,12.8979,15.730453,17.768972,14.5167465,12.261679,11.442637,11.044259,9.566464,13.201864,12.463574
12,32.903534,30.215017,26.557594,23.901669,21.942614,17.60884,17.632244,11.619509,10.474547,5.928328,6.156322,6.7521853,0.0,3.8555431,6.684193,9.31941,12.972381,15.274958,19.280622,22.0435,25.461786,28.720316,29.58989,33.612713,33.786156,32.319878,29.067308,25.42171,21.566055,20.57213,15.854966,17.494354,11.606615,13.451805,12.5922575,12.946238,16.908588,17.42597,17.964533,16.94479,20.134634,17.469006,22.255222,19.057823,25.328987,25.174585,27.64183,30.069986,31.081032,34.41736,33.008583,31.670994,36.662796,38.979332,37.56141,37.986515,32.906273,33.267456,31.647554,32.64119,26.676853,29.359037,26.963552,29.2254,29.600698,25.726103,28.864454,27.986408,27.700132,26.447462,24.246716,20.443138,19.423588,19.308025,16.038635,18.570799,17.683563,18.496283,21.452581,21.228844,24.656471,27.956701,25.356644,23.878853,20.319483,23.780186,18.653494,22.179274,19.913168,22.214302,22.025887,23.490278,24.43016,26.236813,25.070282,22.433685,26.003935,20.77846,23.296694,17.348944,21.952793,17.70382,21.298035,23.435047,20.043533,17.5481,15.594362,14.100526,10.52484,12.936904,10.058629
13,30.940325,28.179949,24.9232,21.749199,20.171694,15.778157,16.278538,10.7809725,9.192387,6.9746933,5.539398,7.9326,3.8555431,0.0,6.0923953,6.93012,10.761952,13.137523,16.700972,19.691462,22.682707,26.088198,26.634758,30.707287,31.01414,29.41976,26.765793,22.511795,18.860594,17.426653,12.968029,14.040162,7.782236,10.105567,9.107699,10.175562,13.801008,14.056837,14.194084,13.14276,16.31203,13.872252,18.91328,16.126812,22.494818,23.298834,25.367117,28.384436,29.647066,32.842216,31.067694,29.502218,34.67283,36.93709,35.080708,35.61605,30.413355,31.009645,29.748594,30.949713,25.47455,28.422699,26.197556,29.102697,29.054731,25.803288,29.041431,27.944935,28.336418,27.086311,25.34014,21.964443,19.886108,20.637085,16.959778,18.923464,18.374884,18.196335,21.877031,20.801424,24.579447,27.733976,24.625235,22.670828,18.748152,21.777485,16.2212,19.216724,16.595694,18.626686,18.286287,19.649706,20.65507,22.560081,21.536074,19.034016,22.72916,17.82136,20.701899,15.158897,20.548943,16.45516,20.707937,23.196281,20.378613,17.43959,16.569513,13.567113,10.951688,12.351816,10.10046
14,26.587406,24.212046,20.25101,18.023512,16.404848,11.421298,13.023532,6.7997055,8.402937,6.1791687,8.77631,12.497602,6.684193,6.0923953,0.0,5.3863845,7.134949,10.397098,13.886011,16.961632,20.428104,23.572853,25.147495,29.219418,29.961758,29.01093,25.652622,22.153564,18.532103,17.11627,13.433088,13.592822,10.275792,9.860411,11.670571,11.823631,15.888518,17.152634,16.384995,16.2417,17.92348,16.751707,20.632353,18.211777,24.15759,24.755114,27.448896,30.314142,32.418762,34.900658,32.736412,32.48715,37.403183,38.909668,36.958733,36.92754,31.722095,31.384457,30.004154,30.0678,24.980124,27.22913,24.39267,26.9815,25.86458,22.617989,24.939016,23.24036,23.593704,21.588655,20.699564,17.648907,16.040016,17.72006,14.919471,17.591373,18.242685,18.895775,23.0853,22.830893,26.599974,30.106318,26.879381,25.474447,21.398205,25.100363,19.364374,22.356428,20.011059,21.394932,21.316177,21.495457,23.587196,25.923182,25.464123,23.250978,26.733992,22.25747,25.050144,19.723543,24.649378,20.122929,24.21208,26.403542,23.24829,20.495348,18.304447,15.354983,11.3252945,11.40699,7.551338
15,24.288685,21.343716,18.311457,14.924813,13.270855,9.251951,9.738895,5.2613244,4.8776436,7.159735,7.5788474,12.776786,9.31941,6.93012,5.3863845,0.0,4.541769,6.224595,10.025403,12.8481865,16.14629,19.419449,20.426563,24.484001,24.98137,23.82053,20.752836,16.914768,13.265645,11.919401,8.054332,9.1333275,6.9099765,8.442136,10.699401,12.443837,15.487049,15.862729,13.776942,12.973297,13.729211,12.224424,15.400264,13.04353,18.843643,19.918797,22.407888,25.618483,28.06385,30.26441,27.799944,27.669664,32.576614,33.906307,31.727053,31.701056,26.454124,26.240551,25.090036,25.471357,20.751436,23.371704,20.901375,24.281893,23.169598,20.696678,23.648045,22.215492,23.457752,22.388058,21.26571,18.822105,15.28579,17.654902,14.068262,15.54824,16.440628,15.764722,20.697018,19.532875,23.581669,26.898981,23.175356,21.465612,17.147114,20.63227,14.751345,17.47877,15.421276,16.697857,17.238127,17.353523,20.007126,22.032204,22.237198,19.500126,22.45017,18.236446,20.858894,16.059202,21.001368,16.612822,21.084593,23.475197,20.997517,17.910679,16.8882,12.319081,9.834871,8.475301,6.6653423
16,20.187788,17.599396,14.28086,11.237702,10.244722,5.1508565,8.46588,5.5278296,8.015054,10.627312,12.068228,17.221375,12.972381,10.761952,7.134949,4.541769,0.0,4.580423,6.8056393,10.240183,13.396428,16.56387,18.309753,22.388927,23.521145,22.872816,19.925728,16.256264,13.179273,11.297489,9.399833,8.045902,9.2567425,8.054923,12.135438,13.326442,16.07614,17.050194,14.337196,14.486466,13.94181,14.129592,16.33863,15.027779,20.073944,21.817455,24.286158,27.72156,30.787376,32.379036,29.444675,30.0115,34.75379,35.511173,32.944096,32.599457,27.388905,26.651709,25.782421,25.369688,21.63257,23.768559,21.023752,24.527267,22.115217,20.334639,22.393644,20.202362,22.015963,20.252026,20.406511,18.713982,15.05284,18.627102,15.778323,17.293709,19.100239,18.51432,23.78739,22.755726,26.78498,30.11623,26.19661,24.605148,20.237562,23.598469,17.728886,19.75333,17.67157,18.05049,18.462011,17.442587,20.803179,23.215176,23.803402,21.700188,24.570086,21.147066,23.891462,19.76058,24.689774,20.422865,24.892202,27.210182,24.868204,21.839457,20.597555,15.908239,13.340205,10.903238,8.899946
17,18.784515,15.474229,13.019784,9.176135,7.236967,5.1394544,4.6848865,5.5589643,6.807218,11.54693,12.528955,18.078865,15.274958,13.137523,10.397098,6.224595,4.580423,0.0,4.9220285,6.7927947,10.6828575,13.624071,15.22223,19.128576,19.763428,19.172167,15.579518,12.629564,9.316806,8.543299,6.8376184,7.9339724,10.783873,11.453256,15.094766,17.038666,19.316069,19.615238,16.1986,15.584059,14.048836,13.569226,14.0940075,12.556281,16.816515,18.009043,20.770723,23.945457,27.42673,28.553595,25.500595,26.844452,31.268461,31.626162,29.221792,28.598724,23.513168,22.379284,21.385773,20.797285,17.225683,19.335018,16.729076,20.60597,18.278908,17.002508,19.573132,17.877064,20.195276,19.599337,19.137796,17.970924,12.961747,16.895191,13.844258,14.395067,16.63612,15.4482355,21.033714,19.838108,23.799835,27.042778,22.973495,21.623743,17.394339,20.942667,15.525204,17.664307,16.504635,16.973166,18.370726,17.387796,21.283909,23.154358,24.400717,21.576935,23.590706,20.269817,22.37415,18.627888,22.6674,18.486414,22.676546,24.810608,22.830381,19.903141,18.96237,13.780712,12.20614,8.578657,8.498642
18,15.086521,11.962742,10.354827,5.650886,5.9997306,4.842712,7.614512,10.015908,11.609691,16.217688,16.920378,22.402895,19.280622,16.700972,13.886011,10.025403,6.8056393,4.9220285,0.0,4.1680703,6.615132,9.790944,11.734997,15.747907,17.256964,17.046312,14.626761,11.133739,9.290008,7.324792,8.895596,6.69185,12.568182,11.78361,16.137154,17.981281,19.426798,19.86283,15.782773,15.908311,12.97319,14.338347,13.865373,13.98041,17.145525,19.860289,21.96938,25.713282,29.639847,30.212599,26.605425,28.149923,32.458233,32.356537,29.278887,28.542402,23.545801,22.29112,22.022871,21.064587,19.15493,21.020311,18.655447,22.938435,19.416044,19.460081,21.248957,18.922756,22.10567,21.059385,21.859219,21.447113,16.363781,20.97508,18.341764,18.569408,21.121258,19.482096,25.210835,23.57787,27.5355,30.522173,26.186827,24.586966,20.365122,23.162655,17.865847,18.762552,17.431152,16.784117,17.952732,15.817283,20.314278,22.428131,24.137936,22.066809,23.9146,21.723934,24.033005,21.335419,25.656113,21.950546,26.314533,28.558147,27.05492,24.042765,23.639318,18.111162,17.075891,13.315015,13.335725
19,13.619792,9.763204,9.47173,4.468812,4.048348,7.305582,6.9632344,11.797312,12.979053,18.173988,18.890408,24.446098,22.0435,19.691462,16.961632,12.8481865,10.240183,6.7927947,4.1680703,0.0,4.663002,6.9407015,9.304776,12.920881,14.051283,14.286463,11.005286,9.107515,7.821012,7.5706034,9.899876,9.714247,15.695811,15.784054,19.857014,21.95438,23.307655,23.432413,19.119734,18.790688,15.347215,16.198858,14.116437,14.23666,16.038868,18.105232,20.451994,23.765789,28.155323,28.074999,24.32413,26.899504,30.710909,30.013271,27.104513,25.932425,21.238157,19.275229,18.958864,17.364359,16.261839,17.716297,15.507625,19.992933,16.110544,17.072548,18.88498,16.908794,20.61678,20.505976,21.061026,21.3032,15.530336,20.376526,18.020521,17.499237,20.46976,18.570278,24.26638,22.70732,26.401237,29.246712,24.919973,23.703793,19.844189,22.706959,18.14688,19.028881,18.61335,17.998066,19.913425,17.81986,22.579624,24.217312,26.414541,23.883802,24.95528,22.970085,24.649132,22.367657,25.733442,22.218441,26.11562,28.074049,26.868294,24.101948,23.761915,18.283644,17.865591,13.604772,14.652615
20,12.67226,9.13112,10.84179,6.0121026,7.985821,10.703614,11.610449,16.031279,16.86811,22.169378,22.311356,27.773243,25.461786,22.682707,20.428104,16.14629,13.396428,10.6828575,6.615132,4.663002,0.0,3.6236591,5.439984,9.270067,11.396107,11.832064,10.810559,8.018808,8.8723755,7.7197385,12.092126,10.253026,17.387691,17.089655,21.090937,23.295765,23.810188,23.752861,19.040842,19.04379,14.619354,16.673254,13.669009,15.276482,15.894156,19.512178,20.934538,24.812069,29.372055,28.901066,24.731958,27.141281,30.821764,29.834093,26.247276,25.133509,20.631775,18.925888,19.511765,18.126686,18.607386,20.114685,18.527884,23.306921,19.119349,21.00796,22.542824,20.436152,24.546284,24.289778,25.387575,25.868261,20.108944,24.984343,22.562857,21.7616,24.581018,22.121344,27.819546,25.659779,29.342592,31.836664,27.311926,25.73206,21.968416,23.925055,19.660656,19.34696,18.88895,17.358433,19.143496,16.282547,21.315878,22.898024,25.552053,23.612383,24.330917,23.467405,25.20571,23.997198,27.545942,24.60388,28.643566,30.746845,30.076445,27.200178,27.591177,21.742546,21.927214,17.7699,18.96408
21,10.924217,7.32589,10.739495,7.160995,9.235846,13.205779,13.564195,18.709572,19.729944,25.07754,25.442122,30.937174,28.720316,26.088198,23.572853,19.419449,16.56387,13.624071,9.790944,6.9407015,3.6236591,0.0,4.6596503,7.1205215,9.665831,11.120169,10.147002,9.432928,11.102729,10.850532,15.218582,13.8691025,20.976164,20.634817,24.70593,26.851849,27.329103,27.28751,22.52878,22.531662,17.925343,19.952026,16.264238,17.982609,17.575844,20.787539,22.209867,25.70123,30.575426,29.4875,25.197695,28.418398,31.587744,29.986952,26.440153,24.911589,20.926712,18.567432,19.337677,17.16587,18.922009,19.806206,18.425959,23.049252,18.274323,21.090628,22.119923,20.04635,24.540554,24.617407,26.013195,27.08104,21.254637,26.301271,24.304348,23.220669,26.329548,23.908514,29.449791,27.457502,30.880234,33.239994,28.804758,27.527634,24.091827,25.986883,22.27329,21.844645,21.841768,20.221731,22.219124,19.247519,24.31584,25.697542,28.603134,26.656488,26.950262,26.3898,27.797283,26.904911,29.91426,27.1321,30.842716,32.73257,32.224155,29.540535,29.842735,24.182745,24.490868,20.164005,21.571543
22,15.283584,11.930085,15.256222,11.054065,12.644415,16.042572,15.784233,20.652739,20.608616,26.30339,25.760332,31.033062,29.58989,26.634758,25.147495,20.426563,18.309753,15.22223,11.734997,9.304776,5.439984,4.6596503,0.0,4.195174,6.532086,7.145098,8.804735,6.6910563,9.846611,9.645382,14.678073,13.6759405,20.657976,21.174633,24.569553,27.170485,27.072538,26.448929,21.51825,21.135134,16.163475,18.107126,13.432325,15.974658,14.40749,18.733683,19.268658,23.220438,28.009615,26.823784,22.334164,25.090405,28.208242,26.660215,22.652122,21.404152,17.433712,15.772267,17.268604,16.23792,18.52314,20.039627,19.432169,24.488503,20.689095,23.510592,25.333673,23.80152,28.157621,28.650793,29.396715,30.10862,23.950583,28.558645,25.999012,24.440435,27.06432,23.872694,29.316263,26.581398,29.972452,31.923632,27.349566,25.682785,22.449898,23.47944,20.307487,19.011932,19.35721,17.384682,19.690119,16.826118,21.79624,22.671669,25.968935,23.972054,23.638386,23.818256,24.955812,25.02969,27.844358,25.705706,29.396656,31.396353,31.502567,28.758821,30.00273,23.99664,25.2463,21.115997,23.140694
23,16.352854,13.389167,17.665451,14.231253,15.788644,19.818537,19.138206,24.439734,24.341667,30.123022,29.56525,34.790276,33.612713,30.707287,29.219418,24.484001,22.388927,19.128576,15.747907,12.920881,9.270067,7.1205215,4.195174,0.0,4.1368666,6.2774863,9.376008,9.511209,13.12553,13.557334,18.454641,17.825607,24.722153,25.33959,28.661661,31.30016,31.03967,30.304813,25.346586,24.899035,19.819103,21.679306,16.419733,19.104153,16.323467,20.327917,20.522615,24.055075,29.04013,27.128548,22.538244,25.985594,28.395615,26.14254,22.074139,20.442057,17.346811,15.236801,17.247164,15.81901,19.687876,20.709064,20.633722,25.51894,21.611261,25.235523,26.802153,25.512516,30.088123,30.994669,31.809078,32.93118,26.68513,31.272896,28.958319,27.044697,29.757414,26.435741,31.607563,28.85268,31.911665,33.552456,29.10773,27.66268,24.905018,25.577234,23.201885,21.60496,22.46055,20.388372,22.870827,20.026215,24.835407,25.356815,28.932064,26.970053,26.041525,26.742643,27.44842,28.109066,30.289896,28.539118,31.840178,33.629616,34.08922,31.549267,32.964035,27.109959,28.681538,24.494549,26.801472
24,19.33793,15.938618,19.901993,16.254879,16.912794,21.314146,19.31511,24.843443,24.09342,30.028418,29.17178,34.20441,33.786156,31.01414,29.961758,24.98137,23.521145,19.763428,17.256964,14.051283,11.396107,9.665831,6.532086,4.1368666,0.0,3.4260447,6.8404207,8.740561,12.399358,13.948605,18.230967,19.058327,25.295103,26.824282,29.757147,32.683014,32.56807,31.503803,26.61306,25.58751,20.79554,21.640965,15.7972555,18.019945,14.228242,17.432537,17.538542,20.591042,25.676544,23.379189,18.809908,22.867899,24.835197,22.274109,18.480177,16.563774,13.7658825,11.26713,13.465437,12.370767,16.87346,17.952517,18.528625,23.44883,20.436815,24.138187,26.292,25.703684,30.086473,31.748522,31.765657,32.815304,26.336176,30.46253,28.037388,25.611105,28.098663,24.465649,29.276379,26.393633,29.134413,30.483921,26.17533,24.94383,22.679771,23.174927,21.647804,20.172134,21.789877,20.175922,23.21975,21.058012,25.643581,25.66209,29.327442,26.72225,25.216206,25.767282,25.855085,26.779129,28.082178,26.673351,29.484306,31.04317,31.862263,29.562458,31.297174,25.645393,27.835382,23.767313,26.688192
25,21.59839,18.016922,21.42556,17.177637,17.60747,21.403618,19.231455,24.274181,22.910843,28.879541,27.486948,32.29243,32.319878,29.41976,29.01093,23.82053,22.872816,19.172167,17.046312,14.286463,11.832064,11.120169,7.145098,6.2774863,3.4260447,0.0,6.945161,6.9353557,10.828722,12.38899,16.50571,17.715818,23.44762,25.540365,27.990673,31.135519,30.837008,29.459232,24.645414,23.309723,18.664299,19.12345,12.997779,15.432795,11.141318,15.149046,14.677004,18.248703,23.119293,21.158575,16.517015,19.843456,22.129496,20.034122,15.908918,14.477163,11.104546,9.658865,12.19046,12.576906,16.208704,18.037075,18.821608,23.970108,21.750027,24.85384,27.604057,27.185337,31.313263,32.978516,32.559673,33.160236,26.611494,30.404694,27.541393,25.028881,27.089737,23.072157,27.833477,24.484566,27.310783,28.500782,24.08373,22.487955,20.240122,20.250381,18.932697,17.070684,18.877947,17.294525,20.52717,18.749762,23.087658,22.804338,26.517538,23.730284,21.963144,22.692163,22.646538,23.970976,25.263014,24.175167,27.054045,28.753052,29.834118,27.448948,29.720718,23.903515,26.545685,22.737782,25.871122
26,19.662283,15.536936,18.070972,14.251367,13.316002,18.009462,14.195124,19.937092,18.846952,24.715961,24.123938,29.103165,29.067308,26.765793,25.652622,20.752836,19.925728,15.579518,14.626761,11.005286,10.810559,10.147002,8.804735,9.376008,6.8404207,6.945161,0.0,6.8291616,8.417412,11.616107,14.231837,17.11831,22.282265,24.561203,27.39772,30.359407,31.067629,30.070894,25.484879,23.946629,20.029703,19.417707,14.159843,14.553588,11.7883005,12.484128,14.226501,16.486841,21.702467,19.879583,15.721412,20.422274,22.735712,20.674345,18.086952,16.053242,12.392772,8.986049,9.24138,7.603474,10.316367,11.654052,11.974268,17.127693,14.985535,17.978743,20.943882,20.993538,24.88235,27.16822,26.170841,26.954433,20.360256,24.039673,21.589705,18.910866,21.428398,17.983055,22.756477,20.368057,23.088772,24.832785,20.611536,19.906029,17.609457,19.309029,17.638391,17.689087,19.634153,19.188187,22.607286,21.312283,25.812794,25.920034,29.086458,25.550646,24.431425,23.428637,23.295122,22.961767,23.720354,21.698784,24.19308,25.518631,25.89862,23.793707,24.985844,19.729076,21.891413,17.84429,21.191954
27,20.116251,16.177326,17.963892,12.965378,12.8433275,15.545081,13.4454155,17.738743,16.224432,22.148706,20.772612,25.736038,25.42171,22.511795,22.153564,16.914768,16.256264,12.629564,11.133739,9.107515,8.018808,9.432928,6.6910563,9.511209,8.740561,6.9353557,6.8291616,0.0,4.1447845,5.6763053,9.636259,11.339815,16.764997,19.086046,21.559605,24.692553,24.867172,23.663527,18.971535,17.51195,13.308249,13.270922,7.99416,9.695761,8.143951,12.460635,13.111776,17.345694,21.84551,21.349377,17.097324,19.200289,22.849607,22.119139,18.513554,17.75211,12.890253,12.123311,13.052167,13.743376,14.059092,16.723259,16.44444,21.78098,19.773321,21.463646,24.634127,23.925406,27.59316,28.708231,28.047266,27.972664,21.59475,25.318598,22.038858,20.085806,22.009542,18.218658,23.550802,20.322819,23.812057,25.691679,21.026642,19.101961,15.817216,16.852978,13.790836,12.87629,13.863391,12.809504,15.9623375,14.485148,19.03675,19.36976,22.49025,19.359774,18.760424,18.106127,18.836777,18.73802,21.171305,19.145693,22.781775,24.852793,25.172043,22.404825,24.270483,18.129158,20.272985,16.5205,19.35863
28,20.760078,16.702147,17.259937,12.234018,11.140956,13.132684,10.235831,14.018226,12.138974,18.086796,16.797438,21.850775,21.566055,18.860594,18.532103,13.265645,13.179273,9.316806,9.290008,7.821012,8.8723755,11.102729,9.846611,13.12553,12.399358,10.828722,8.417412,4.1447845,0.0,4.156255,5.9762177,9.545612,13.903055,16.73859,19.120724,22.22959,23.00908,21.935186,17.58208,15.846913,12.586759,11.43187,7.632721,7.34018,8.327646,11.084171,12.819635,16.723286,20.884716,21.139526,17.395302,19.15477,23.225761,23.10044,20.177877,19.569881,14.442616,13.722805,13.5766325,14.320216,12.4944105,15.506133,14.661114,19.836033,18.376982,19.019545,22.589277,22.003132,25.175413,26.254597,25.094402,24.571098,18.321012,21.743708,18.217398,16.49672,18.281755,14.70644,20.25738,17.310322,21.064959,23.366741,18.733711,16.895658,13.148296,15.2123,11.281371,11.767342,12.459819,12.3996,15.467354,14.667928,18.948185,19.527708,22.066118,18.478027,18.540344,16.594307,17.525911,16.149296,18.838816,16.102974,19.943472,22.073593,21.851711,18.985853,20.429924,14.25963,16.142029,12.427961,15.339205
29,20.061602,16.41705,16.651602,11.377995,11.298146,11.755204,11.145975,13.733877,12.394315,17.962786,16.58965,21.67726,20.57213,17.426653,17.11627,11.919401,11.297489,8.543299,7.324792,7.5706034,7.7197385,10.850532,9.645382,13.557334,13.948605,12.38899,11.616107,5.6763053,4.156255,0.0,5.4105296,5.770579,11.374439,13.4255495,16.025764,19.059013,19.466333,18.539803,13.951346,12.751875,8.970317,9.275903,6.7001734,7.8124475,10.170187,14.531736,15.564141,20.08269,23.854277,24.507244,20.730764,21.42987,25.902443,26.13429,22.69366,22.468624,17.256577,17.146685,17.4612,18.222214,16.59721,19.523083,18.362204,23.407846,21.354889,21.797607,24.896992,23.647373,26.850515,27.01611,26.55885,25.818966,19.993595,23.688133,20.111597,19.122087,20.803223,17.568787,23.200487,20.193071,24.175224,26.543047,21.890156,19.60348,15.505073,17.110676,12.294794,12.03218,11.330288,10.458393,12.736303,11.24746,15.806538,16.975163,19.370146,16.549376,17.400843,15.850282,17.711063,16.369787,20.398352,17.631645,22.075325,24.540087,24.116438,20.962736,22.387562,16.063868,17.257923,13.816487,15.696955
30,23.338888,19.631796,18.626732,13.80188,12.393201,11.619807,9.6805105,10.415997,7.636752,13.146673,11.320645,16.398376,15.854966,12.968029,13.433088,8.054332,9.399833,6.8376184,8.895596,9.899876,12.092126,15.218582,14.678073,18.454641,18.230967,16.50571,14.231837,9.636259,5.9762177,5.4105296,0.0,6.8112054,8.351177,12.111186,13.88105,17.017212,18.305113,17.31411,13.629113,11.639658,10.175835,7.792561,8.00486,5.7756953,10.892368,13.148379,15.024191,18.93244,21.984655,23.581991,20.567837,20.660032,25.4634,26.459396,23.870348,23.885176,18.574411,18.725761,18.096882,19.322487,15.585666,18.88504,17.44668,22.000854,21.172604,20.227564,23.975698,23.18419,25.517076,25.854416,24.398973,22.868723,17.445204,20.210762,16.149738,15.469112,16.479576,13.49262,19.017015,16.24549,20.419508,23.127825,18.697142,16.464775,12.033184,14.673771,9.057734,10.835034,9.963064,10.944124,13.121964,13.24256,16.726158,17.799717,19.321281,15.668336,17.10334,13.768467,15.641884,12.587556,16.819649,13.291593,17.919834,20.45578,19.461159,16.201998,17.364319,11.078629,12.17496,9.338651,11.397936
31,20.791954,17.877464,16.794977,12.035756,12.504028,10.054043,12.242664,12.309889,11.847014,16.159363,15.032631,19.936125,17.494354,14.040162,13.592822,9.1333275,8.045902,7.9339724,6.69185,9.714247,10.253026,13.8691025,13.6759405,17.825607,19.058327,17.715818,17.11831,11.339815,9.545612,5.770579,6.8112054,0.0,7.486322,7.8266125,10.986154,13.6517935,14.144952,13.83351,9.419805,9.329819,6.4979515,8.457225,9.828812,10.608199,14.851603,19.176558,20.197575,24.803486,27.972046,29.338434,25.86193,25.560953,30.467411,31.278496,27.805641,27.915945,22.630297,22.86521,23.040413,23.699076,21.335297,24.1918,22.458677,27.080198,24.75809,24.368258,27.017006,25.128893,27.898138,26.88691,27.01045,25.740368,20.87432,24.517609,20.97357,21.091974,22.534985,20.112274,25.665678,23.019558,27.210552,29.867882,25.39378,22.89742,18.471054,20.213379,14.478753,14.483646,12.045444,11.101791,11.530916,9.737346,13.823432,16.0915,17.505985,15.746283,18.162157,16.255451,19.226,17.017227,22.447618,19.291395,24.222479,26.945782,25.886538,22.52205,23.404615,17.398315,17.283962,14.55848,14.793485
32,27.402985,24.501425,22.43519,18.201078,17.59724,13.864909,15.09913,12.095967,10.124715,12.312883,9.79864,13.590564,11.606615,7.782236,10.275792,6.9099765,9.2567425,10.783873,12.568182,15.695811,17.387691,20.976164,20.657976,24.722153,25.295103,23.44762,22.282265,16.764997,13.903055,11.374439,8.351177,7.486322,0.0,6.059426,5.6810246,9.035426,10.494607,9.724764,7.5728993,6.1900826,8.530627,7.0244865,12.318046,11.026156,17.098701,20.195938,21.274122,25.479275,27.381012,30.013302,27.433344,25.635883,30.98232,32.940567,30.136421,30.83034,25.487555,26.515821,26.112724,27.667652,23.580965,26.895084,25.153543,29.20254,28.319305,26.512772,29.805737,28.406218,30.087822,29.043959,28.104498,25.679642,21.85141,24.031164,20.002384,20.741215,20.910395,18.96035,23.708275,21.168283,25.337929,28.057838,24.077421,21.343704,16.970098,18.81864,12.74912,13.980729,10.644092,11.602618,11.085246,11.918653,13.555488,15.667217,15.440716,13.206176,16.855251,13.2093115,16.705841,12.924182,19.277811,15.930689,21.010002,23.931974,22.40006,18.972752,19.949312,14.738808,14.289838,13.548015,13.066827
33,24.983898,22.878328,20.262297,16.823488,17.127724,12.147993,16.032309,12.727645,13.138676,14.5163555,13.878523,17.663076,13.451805,10.105567,9.860411,8.442136,8.054923,11.453256,11.78361,15.784054,17.089655,20.634817,21.174633,25.33959,26.824282,25.540365,24.561203,19.086046,16.73859,13.4255495,12.111186,7.8266125,6.059426,0.0,5.098076,6.2492747,8.089263,9.405249,7.507287,9.048888,10.202819,11.769268,16.187328,15.973596,21.465315,25.05979,26.273834,30.626072,32.993797,35.223003,32.27404,31.032673,36.288105,37.807327,34.620968,35.04477,29.689596,30.20388,30.006044,30.705366,27.259422,30.075285,27.856827,31.78892,29.710058,28.128035,30.426632,28.177507,30.000233,27.803019,28.175117,26.050013,22.861263,25.799973,22.461222,23.862514,24.73249,23.454096,28.453493,26.445396,30.632338,33.566006,29.541424,27.027739,22.569483,24.581902,18.47491,19.227467,15.735723,15.530552,14.160547,13.314864,15.297747,18.345793,17.989922,17.384102,21.337606,18.652893,22.371084,18.967987,25.310509,21.822197,26.840714,29.663027,27.795868,24.45108,24.521284,19.617985,17.94014,16.73572,14.94908
34,29.92422,27.634876,25.194677,21.493513,21.490963,16.779423,19.598612,15.726082,14.821155,15.32153,13.347704,15.76264,12.5922575,9.107699,11.670571,10.699401,12.135438,15.094766,16.137154,19.857014,21.090937,24.70593,24.569553,28.661661,29.757147,27.990673,27.39772,21.559605,19.120724,16.025764,13.88105,10.986154,5.6810246,5.098076,0.0,3.7970407,5.138551,5.4883757,6.052254,6.963103,10.692477,11.03937,16.830877,16.303835,22.12757,25.743156,26.483978,30.865353,32.458096,35.319736,32.773857,30.377998,35.839226,38.044,34.996006,35.909138,30.590395,31.84674,31.65263,33.154385,29.22487,32.452324,30.543661,34.450703,33.214,31.264421,34.103573,32.257603,33.7497,31.84414,31.53228,28.902182,25.937222,28.065924,24.34147,25.66182,25.723866,24.2516,28.707428,26.354803,30.439754,33.122036,29.329762,26.473867,22.238655,23.657217,17.804646,18.443888,14.509449,14.851503,12.764203,13.3450775,13.626719,16.444244,15.072808,14.69665,19.235378,16.298506,20.284119,16.886116,23.628464,20.619888,25.60946,28.580856,26.889183,23.550068,24.290806,19.760168,18.620583,18.441008,16.926617
35,30.852695,28.97903,26.061058,22.960962,23.10707,17.810812,21.43106,16.951813,16.909138,16.382435,15.272099,17.21282,12.946238,10.175562,11.823631,12.443837,13.326442,17.038666,17.981281,21.95438,23.295765,26.851849,27.170485,31.30016,32.683014,31.135519,30.359407,24.692553,22.22959,19.059013,17.017212,13.6517935,9.035426,6.2492747,3.7970407,0.0,4.485489,6.9130473,8.8019,10.541133,13.956129,14.814852,20.465338,19.937595,25.791742,29.224634,30.167725,34.442062,36.0341,38.93105,36.408913,34.13212,39.58876,41.767895,38.736076,39.571278,34.234306,35.291447,35.01635,36.19925,32.18826,35.211945,33.03389,36.68598,35.17503,32.99615,35.4233,33.284405,34.519043,32.01136,32.118435,29.384222,27.147354,29.241947,25.878305,27.693758,27.84017,26.918402,31.25646,29.32708,33.363064,36.195107,32.546265,29.853521,25.62795,27.287657,21.414808,22.232683,18.303587,18.54177,16.226421,16.432215,16.530678,19.577343,17.870626,18.1354,22.812428,19.944546,23.938774,20.322079,26.995504,23.821867,28.686258,31.572517,29.53269,26.305613,26.441532,22.419716,20.526531,20.57548,18.294569
