,0,1,2,3,4,5,6,7,8,9,10,11,12,13,14,15,16,17,18,19,20,21,22,23,24,25,26,27,28,29,30,31,32,33,34,35,36,37,38,39,40,41,42,43,44,45,46,47,48,49,50,51,52,53,54,55,56,57,58,59,60,61,62,63,64,65,66,67,68,69,70,71,72,73,74,75,76,77,78,79,80,81,82,83,84,85,86,87,88,89,90,91,92,93,94,95,96,97,98,99,100,101,102,103,104,105,106,107,108,109,110
0,0.0,4.297416,7.1049514,9.616305,12.505298,15.053,17.676796,23.274494,24.922709,27.89562,32.26132,33.706028,35.951733,32.288612,27.233746,26.414684,22.3853,21.694975,15.959874,17.873644,14.8241415,15.889745,14.523694,17.10358,19.72318,18.377628,20.857346,19.852262,24.195995,20.870346,29.060808,24.184944,30.878326,29.651804,31.195374,34.387943,31.724365,30.506319,27.347939,25.074135,28.02402,24.442307,28.800104,27.641964,22.673159,26.353361,21.556757,23.920532,21.92289,24.96913,27.62921,28.868412,33.094677,34.918987,35.93016,32.20192,33.262157,34.760456,39.254875,39.158997,35.349613,33.907745,39.36686,39.95289,43.512615,38.971878,36.500557,42.344944,38.748943,35.58836,36.7089,36.441914,34.492847,30.360506,30.71626,26.265574,25.388285,23.800755,19.799532,19.486387,18.901142,18.715673,23.689692,22.864714,21.366577,22.638897,28.1838,26.407393,24.86258,28.37829,30.842278,30.366127,30.679007,34.458355,36.38474,37.06323,41.313175,43.695797,42.778908,42.017555,43.79001,38.32109,41.449127,40.186043,40.540955,37.005733,39.192875,33.312183,34.352654,31.824375,31.773327
1,4.297416,0.0,4.5606494,6.453553,8.634313,12.296862,13.859108,19.787458,21.476772,24.117832,28.692833,30.004316,32.68476,28.87662,23.729511,22.698578,18.72762,17.84197,12.521474,14.221668,11.869356,12.701594,12.315906,14.868403,16.967493,15.92481,17.71641,16.721842,20.84228,17.738863,25.883797,21.11983,28.027203,26.737074,28.73539,31.862349,29.658262,28.55763,24.99567,22.46398,25.674538,21.947964,26.1068,24.833755,20.227238,23.47979,19.27037,21.288805,20.012383,22.584114,24.965883,25.923063,30.411047,31.826006,33.26363,29.69603,30.249792,31.845821,36.223286,36.190273,32.429115,30.569569,35.85805,36.214653,39.85751,35.549732,32.710083,38.450695,34.885918,31.660896,32.665054,32.262745,30.358568,26.2336,26.535032,22.009048,21.232382,19.552969,15.578448,15.594069,14.735913,15.101977,19.890446,19.182499,17.52414,18.516771,24.157213,22.702036,21.042187,24.326214,26.920485,26.803839,26.851845,30.426962,32.576706,33.33726,37.447773,39.716057,38.66508,37.865612,39.53286,34.0604,37.168243,35.905495,36.258137,32.72252,34.995224,29.095081,30.260187,27.824596,27.944723
2,7.1049514,4.5606494,0.0,5.1129937,6.9764132,8.687501,12.017575,16.629593,19.019968,21.595404,25.981558,28.002466,30.691998,27.621817,22.347496,22.036098,18.361547,18.449257,14.073515,16.08759,14.911085,15.583327,16.104408,18.433413,20.003754,18.976126,19.73991,18.13574,21.542707,18.02733,25.43877,20.165834,26.7039,24.57681,26.754847,29.312263,27.017841,26.450636,22.742693,20.54827,24.591955,21.569506,25.722626,25.131277,21.24154,24.661785,21.295761,23.752932,23.128527,25.581064,27.77708,28.165735,32.88025,33.78715,35.483612,31.97188,31.846764,33.12951,37.638557,37.128204,33.13538,31.35156,36.37413,36.55953,40.00873,35.597065,32.648594,38.109432,34.026676,30.875599,31.28235,31.159569,28.775227,25.09906,24.707396,20.97573,19.163197,18.197807,14.161208,13.963756,14.682473,15.581498,20.390028,20.65373,19.025934,19.186232,24.896381,24.384478,22.412457,25.012787,28.011482,28.604065,27.74172,31.030361,33.76625,34.43416,38.282436,40.20975,38.89621,37.654053,39.028217,33.325794,35.91889,34.457848,35.159645,31.697989,34.638306,28.973804,30.282398,28.409845,28.404875
3,9.616305,6.453553,5.1129937,0.0,3.7620604,6.7208514,8.322735,14.129678,15.322294,18.487133,22.732588,24.143635,26.450356,23.025663,17.856844,17.539322,13.751559,14.477491,10.108872,13.088437,12.554459,14.127667,15.17352,16.267239,17.378706,15.8423195,15.866741,13.669518,16.856384,13.050061,20.487728,15.251864,21.930817,20.334421,22.391773,25.419107,23.343554,22.352434,18.621004,16.10636,19.745256,16.495316,20.649885,20.056927,16.286627,19.86566,16.848183,19.863905,19.654272,22.264866,24.518515,24.34694,29.057793,29.832258,31.323927,27.746283,27.408026,28.405756,33.088673,32.27942,28.18248,26.713423,31.82475,32.277023,35.535282,30.837183,28.310125,33.92215,29.806417,26.751945,27.614767,27.80399,25.542372,21.585552,22.074547,18.146332,17.224958,16.793945,13.048457,14.579057,13.943712,16.431995,20.35064,19.876053,17.355995,17.078531,23.177397,22.262964,19.42792,22.09783,25.375427,25.659632,24.040075,27.913774,30.619026,30.743382,34.758667,36.7159,35.799686,34.270786,36.225574,30.3917,33.29424,32.272663,33.278034,29.830652,33.0561,27.011967,29.062548,27.011541,27.93273
4,12.505298,8.634313,6.9764132,3.7620604,0.0,6.24024,5.278346,11.507679,13.018877,15.498596,20.106808,21.4752,24.498777,21.000961,15.697517,15.129052,11.582678,12.1079035,9.153886,11.438249,12.183702,13.147011,15.180604,16.233725,16.6554,15.693954,14.794432,12.767116,15.304952,12.048793,18.996128,14.032722,20.793344,18.97629,21.697084,24.447523,23.012337,22.315084,18.14714,15.42254,19.435467,16.21881,19.897764,19.210865,16.19235,18.961174,16.919285,19.234035,19.84957,21.730766,23.53278,23.087196,27.978386,28.241508,30.265177,26.985935,26.042788,27.18045,31.60407,30.927486,26.97146,24.918592,29.703663,29.788586,33.162434,28.853554,25.754559,31.156874,27.059978,23.903234,24.465046,24.433783,22.15851,18.283873,18.479944,14.550109,13.521766,13.068189,9.412035,11.49169,10.845263,14.078862,17.492802,17.409304,14.902253,14.063093,20.081873,19.806437,16.97365,19.112774,22.52739,23.398632,21.472115,24.89254,27.920008,28.23292,31.981922,33.754086,32.582462,31.025253,32.719265,26.882214,29.668964,28.560703,29.5466,26.106094,29.45543,23.50374,25.621235,23.808916,24.801601
5,15.053,12.296862,8.687501,6.7208514,6.24024,0.0,7.126694,8.964362,11.3069935,14.4146185,18.083086,20.7228,22.934494,20.969246,15.863984,17.005724,14.2498455,16.653997,14.514313,17.33827,18.20942,19.383402,21.224867,22.163536,22.616676,21.273066,19.986992,17.225447,18.830425,14.874554,20.090027,14.373086,19.842808,16.696169,19.134706,21.032644,18.984055,19.038885,15.019607,13.2491865,18.355375,16.693823,20.411362,21.058594,18.933008,22.34691,20.95019,24.240986,24.933285,27.189049,29.065374,28.102642,32.925762,32.906677,34.738617,31.401852,30.029476,30.49144,35.186905,33.645897,29.345016,28.056503,32.511116,32.686855,35.505886,30.76668,28.186174,33.1476,28.257742,25.462858,25.30692,26.070255,23.051619,20.054483,19.467648,17.268667,14.760251,15.957966,12.790847,14.391804,15.772028,18.930412,22.352348,23.065353,20.70099,19.263975,25.0195,25.436525,22.293604,23.746803,27.470066,28.739326,25.776176,29.07097,32.559074,32.475765,35.96265,37.330612,36.08713,33.83616,35.37364,29.303564,31.317644,30.104122,31.753016,28.546492,32.8091,27.290556,29.632149,28.475353,29.351213
6,17.676796,13.859108,12.017575,8.322735,5.278346,7.126694,0.0,7.522993,8.085458,10.468804,15.070065,16.199852,19.472637,16.100346,10.764793,10.620473,7.8253965,9.930963,9.800666,11.993645,14.417951,15.42739,18.270296,18.3738,17.83523,16.959074,14.435225,11.918811,12.700815,9.785923,14.935767,10.18311,16.537338,14.5184555,17.815376,20.328537,19.688702,19.206514,14.725645,11.856085,16.152523,13.487908,16.432213,16.199835,14.748477,16.831379,16.603624,18.90996,20.655642,22.0083,23.356441,21.972229,26.8612,26.357334,28.648104,25.67874,23.750702,24.48807,28.825525,27.692808,23.705683,21.607,25.908827,25.849575,28.945864,24.656963,21.49172,26.602762,22.153036,19.098671,19.438965,19.787296,17.291899,13.587166,14.032627,10.75795,9.9945135,10.972388,8.556936,12.231253,11.444306,16.05121,18.056664,18.129576,15.224927,13.171747,18.889027,19.27908,15.721606,16.846222,20.692064,22.083242,18.712612,22.016825,25.523632,25.391407,28.83635,30.249527,29.122822,26.996355,28.849611,22.816845,25.429775,24.59334,26.092028,22.810658,26.87121,20.992523,23.872166,22.495806,24.227957
7,23.274494,19.787458,16.629593,14.129678,11.507679,8.964362,7.522993,0.0,5.1359687,5.9555526,9.6647415,13.039047,16.478266,15.576144,11.091898,13.102606,12.5135355,15.803898,17.190483,19.0226,21.84906,22.482815,25.538239,25.811758,25.02708,24.314333,21.247326,18.594744,17.922062,15.373665,17.06871,12.674801,16.327545,12.181688,16.117691,16.687834,16.63297,17.679329,13.158761,11.665436,17.188704,16.728714,18.71205,19.92428,20.242619,22.028784,23.121162,25.56478,27.78287,28.8861,29.881989,27.928738,32.67543,31.407715,33.972622,31.373741,28.527166,28.673775,32.76734,30.899403,26.92557,25.109514,28.290579,27.809828,30.231369,26.206245,23.038065,26.912153,21.616615,19.109468,17.722807,18.859241,15.287021,13.605654,11.98964,12.235088,8.916781,12.4324665,11.530897,14.392634,16.028364,20.432734,21.895893,23.29629,20.966766,18.119484,22.717758,24.593754,21.213005,20.849783,24.80628,27.23821,22.760876,24.96335,29.206457,28.924099,31.504772,32.098995,30.526133,27.571032,28.679174,22.603449,23.755058,22.624315,24.9865,22.204792,27.482376,22.705448,25.690355,25.540615,26.999594
8,24.922709,21.476772,19.019968,15.322294,13.018877,11.3069935,8.085458,5.1359687,0.0,4.9990897,7.654008,9.484123,12.079741,10.66993,6.2986093,9.319782,9.564595,14.069665,16.174072,18.443102,21.553677,22.78377,25.831131,25.18459,24.078987,22.996504,19.347897,16.32372,14.682665,12.315869,12.272059,8.281585,11.254329,7.592521,11.767718,13.106844,13.66458,14.0688925,9.536279,7.6377172,12.593935,12.530416,13.881249,15.498093,16.797121,18.366703,20.35977,23.163996,25.728716,26.872835,27.84773,25.321003,29.791346,28.382164,30.578415,28.027925,24.918945,24.561804,28.787138,26.424164,22.343521,21.1199,24.261852,24.21119,26.246693,21.712233,19.331398,23.382915,17.895824,15.628666,15.073728,16.944456,13.669816,11.608021,12.003576,12.06087,10.983008,14.507157,14.039845,17.868114,17.933903,22.928394,23.854456,24.316591,21.35701,18.407917,23.032608,24.219954,20.133884,19.805233,23.853888,25.734917,20.43311,23.349182,27.361233,26.317001,29.067455,29.707321,28.777235,25.45585,27.483545,21.37806,23.042871,22.694595,25.354914,22.702421,27.985619,22.878729,26.583944,26.095425,28.457508
9,27.89562,24.117832,21.595404,18.487133,15.498596,14.4146185,10.468804,5.9555526,4.9990897,0.0,5.2283874,7.5961275,12.434905,11.596013,8.323787,10.371092,11.693759,15.102163,18.526358,19.742384,23.470625,23.998713,27.51677,27.103354,25.576956,25.161432,21.157541,18.784592,16.626234,15.470304,14.534195,12.105787,14.215832,10.739524,15.274796,15.546992,17.153198,18.116837,13.863146,12.335787,16.706888,16.62346,17.144403,18.343233,20.203909,20.670696,23.324902,25.093462,28.171625,28.534203,28.953178,26.359274,30.798117,28.782108,31.652151,29.623928,25.939957,25.863613,29.407465,27.427427,23.869738,21.736591,23.966457,23.136625,25.250793,21.791378,18.349539,21.50878,16.113676,13.838851,11.903823,13.442363,9.708936,8.933133,7.6773853,9.783102,8.065536,12.37237,13.228579,16.916185,17.437244,22.414108,22.450245,23.587938,21.124428,17.686749,21.258652,23.540201,19.963303,18.514204,22.41558,25.21249,19.767462,21.409416,25.86946,25.230263,27.252008,27.410376,25.915627,22.479334,23.738338,17.722197,18.689947,18.089071,20.95436,18.53275,24.225086,19.821299,23.484764,23.704283,25.96427
10,32.26132,28.692833,25.981558,22.732588,20.106808,18.083086,15.070065,9.6647415,7.654008,5.2283874,0.0,5.3947988,8.987412,10.858611,9.825657,13.030915,15.251707,19.287628,22.88564,24.394358,28.1286,28.915047,32.367764,31.627192,30.008541,29.358522,25.116169,22.50337,19.680407,18.626581,15.433872,13.955242,13.3085375,9.342348,13.549397,12.376656,15.069365,16.691814,13.265811,12.890089,16.658987,18.06583,17.67369,19.811531,22.74667,23.131538,26.500797,28.633696,31.873821,32.308304,32.66436,29.620832,33.709373,31.379284,33.989506,32.1685,28.092354,27.35565,30.74411,28.034386,24.58075,23.240202,24.639503,23.935934,25.129044,21.657557,19.167595,21.255604,15.435435,14.204885,11.638498,14.418022,10.663694,11.651476,10.760067,14.247402,12.87912,17.326164,18.427414,21.945993,22.642967,27.613815,27.454573,28.568457,26.032629,22.521431,25.675722,27.990278,24.227016,22.446001,26.2247,28.962887,22.861643,24.362013,28.78668,27.581726,29.161484,28.851316,27.630125,23.551355,24.922657,19.323084,19.457806,19.332117,22.8514,21.072824,27.111214,23.383364,27.277712,27.845055,30.341627
11,33.706028,30.004316,28.002466,24.143635,21.4752,20.7228,16.199852,13.039047,9.484123,7.5961275,5.3947988,0.0,6.4207106,6.7343726,7.7772875,10.294442,13.645457,17.48582,22.009644,23.240883,27.294764,28.231146,31.759851,30.347101,28.301836,27.710083,23.017954,20.671568,16.949692,17.01747,11.996782,12.617233,11.094706,9.470644,13.364212,13.3457365,16.724169,17.325436,14.293178,13.34345,15.365378,16.459785,14.909528,16.668072,20.568619,19.925282,24.280504,25.944578,29.635866,29.64066,29.677246,26.210476,29.884598,27.209866,29.760153,28.318851,23.845297,22.881424,25.905611,23.120323,20.012854,18.632292,19.482643,18.85437,19.789663,16.411293,14.149328,16.112036,10.190151,9.260653,7.5409503,11.043344,8.222004,9.049675,10.563004,13.418293,14.231362,18.076618,19.597403,23.741592,23.093796,28.37263,27.52026,27.855244,25.020079,21.499346,24.180492,26.013117,22.00157,19.96986,23.542238,25.916544,19.284458,20.962729,25.088203,23.316666,24.803751,24.465626,23.815727,19.50528,21.796583,16.37851,17.283827,18.094078,21.570118,19.938421,25.578646,21.68073,26.104002,26.360943,29.648678
12,35.951733,32.68476,30.691998,26.450356,24.498777,22.934494,19.472637,16.478266,12.079741,12.434905,8.987412,6.4207106,0.0,6.3639855,9.715522,13.265129,16.354801,21.036694,24.73099,26.79109,30.369421,31.963512,35.079338,33.209377,31.396172,30.152267,25.622269,22.757961,18.934345,18.441153,11.755503,12.933028,7.8843794,7.2425523,9.218507,8.776026,12.963716,13.342594,11.904538,12.151701,12.521526,15.438744,13.084808,16.18932,20.795841,20.769009,25.260735,27.923098,31.30686,31.931307,32.3219,28.563595,31.791088,29.397726,31.0024,29.389874,25.141499,23.218058,26.582926,22.665363,19.32026,19.852865,20.644175,21.044085,20.849508,16.380438,16.639841,18.371485,12.646937,12.930006,12.659816,16.578297,14.397493,14.793365,16.924063,19.113865,19.942995,23.769783,24.669165,28.876528,28.114223,33.45556,33.08047,32.95785,29.739328,26.504313,29.68434,30.735458,26.278828,24.88958,28.43497,29.987093,23.15354,25.739025,29.32949,26.768133,28.51344,28.266088,28.42472,23.928293,26.945004,21.954569,22.920042,24.118715,27.690994,26.21564,31.704897,27.662758,32.220726,32.157467,35.656918
13,32.288612,28.87662,27.621817,23.025663,21.000961,20.969246,16.100346,15.576144,10.66993,11.596013,10.858611,6.7343726,6.3639855,0.0,5.3388867,7.6179166,11.031405,15.37655,19.416016,21.253256,24.906527,26.583511,29.662817,27.44212,25.443117,24.265333,19.584982,16.95483,12.782814,13.055935,5.870494,8.600785,5.9100227,7.997927,10.50763,12.797392,15.630648,14.656278,12.286341,10.790098,10.3512335,11.2447195,8.607521,10.564035,15.320469,14.612349,19.433596,21.678545,25.249727,25.646423,25.978992,22.203533,25.498735,23.253347,24.907263,23.189623,19.000639,17.394278,21.057344,17.62883,13.991445,13.909186,15.699391,16.38066,17.112217,11.972555,11.735085,15.2531185,9.877924,9.032212,10.863891,13.989471,12.576713,11.063706,14.901231,15.257722,17.54758,20.516201,21.274357,25.865742,23.949593,29.361816,28.809803,27.96179,24.494547,21.511925,24.83277,25.150671,20.508133,19.54434,23.039677,24.042778,17.301695,20.677319,23.920343,21.262936,23.678064,24.057661,24.531174,20.549046,24.281042,19.031155,21.366234,22.703173,25.64775,23.712803,28.513828,23.698284,28.378115,27.649595,31.499159
14,27.233746,23.729511,22.347496,17.856844,15.697517,15.863984,10.764793,11.091898,6.2986093,8.323787,9.825657,7.7772875,9.715522,5.3388867,0.0,4.4496512,6.7025795,11.634273,15.078753,17.161596,20.687307,22.284784,25.372616,23.667185,21.991282,20.815916,16.432552,13.518983,10.319085,9.39259,6.2825084,5.0447836,7.4065733,7.292156,10.8816185,13.621337,15.163232,14.284809,10.587555,8.0349655,9.900723,9.2575445,8.96268,10.191813,13.0792675,13.421318,16.934282,19.42741,22.621813,23.362726,24.053022,20.874546,24.910366,23.215565,25.162672,22.878431,19.337309,18.595978,22.759562,20.166601,16.151499,15.141462,18.259153,18.650745,20.496922,15.5601,13.8226795,18.355043,13.161252,10.990697,12.231629,14.393576,12.266018,9.397442,12.6152725,11.811432,13.556512,16.33901,16.482006,21.02194,19.3005,24.657806,24.71017,24.067152,20.606543,17.70163,21.883043,22.226105,17.59922,17.226715,21.10114,22.276537,16.220364,19.874739,23.402864,21.548061,24.493774,25.2993,25.170958,21.743254,24.898146,19.049314,21.631886,22.213522,24.796461,22.29689,27.081017,21.689058,26.022415,25.066938,28.421932
15,26.414684,22.698578,22.036098,17.539322,15.129052,17.005724,10.620473,13.102606,9.319782,10.371092,13.030915,10.294442,13.265129,7.6179166,4.4496512,0.0,4.119766,7.8225994,12.430298,13.749964,17.67053,19.06384,22.32443,20.36156,18.298012,17.511293,12.774664,10.492402,6.792421,7.595905,6.241651,6.596769,10.632513,11.682481,14.908958,18.001562,19.41465,18.159422,14.526342,11.535165,12.565685,10.164426,9.898405,9.093728,11.453048,10.523059,14.332949,15.764538,19.371038,19.514523,19.913605,16.755497,20.930544,19.178015,21.510778,19.357183,15.77557,15.725176,19.67862,17.982216,14.2980795,12.013024,15.652923,15.866693,18.514044,14.070842,11.30057,16.662378,12.461004,9.606207,11.927284,12.969381,11.817664,7.645827,12.051543,9.546545,12.937466,14.618073,14.972999,19.721989,16.869612,22.231972,21.780342,20.55385,16.967207,14.176885,18.165337,18.05912,13.344857,13.109746,16.90178,17.837854,11.895233,15.948232,19.244732,17.555918,20.844519,22.046253,22.003742,19.14375,22.566675,16.83529,20.282812,20.975313,22.962904,20.268814,24.32746,18.536718,22.906115,21.497252,25.176716
16,22.3853,18.72762,18.361547,13.751559,11.582678,14.2498455,7.8253965,12.5135355,9.564595,11.693759,15.251707,13.645457,16.354801,11.031405,6.7025795,4.119766,0.0,5.3944674,8.541127,10.5481205,14.039434,15.730067,18.75036,16.990522,15.36855,14.279456,10.042895,7.267247,5.4097495,4.424974,8.224998,6.0547028,12.38814,13.046221,15.962231,19.501839,19.945646,18.440443,14.585594,11.203724,12.764697,9.15457,10.649161,9.272443,9.303329,9.703221,11.705295,13.668335,16.642088,17.39596,18.355265,15.872457,20.447088,19.535456,21.609213,18.86929,16.322008,16.762785,21.13012,19.874754,15.982422,13.857115,18.409006,18.848701,21.846712,17.272709,14.672549,20.373905,16.514221,13.54772,15.682154,16.243752,14.925335,10.373356,13.876083,10.033948,12.895147,13.791105,13.085743,17.684147,14.549626,19.7169,20.072805,18.577616,14.806763,12.568507,17.601723,16.8371,12.109825,13.194692,17.01107,17.455172,12.784497,17.33089,20.305298,19.110369,22.91284,24.559134,24.397827,22.124226,25.301226,19.534939,23.13957,23.39926,24.97847,21.942917,25.603302,19.381191,23.26639,21.37786,24.622072
17,21.694975,17.84197,18.449257,14.477491,12.1079035,16.653997,9.930963,15.803898,14.069665,15.102163,19.287628,17.48582,21.036694,15.37655,11.634273,7.8225994,5.3944674,0.0,6.360393,6.0700293,10.401743,11.418548,14.827261,13.044086,10.857872,10.780923,6.3727717,5.781911,5.6379786,7.164357,12.270086,11.298758,17.471926,18.372469,21.333384,24.843515,25.29916,23.754568,19.90373,16.48806,17.775486,13.532417,14.917784,12.215538,10.9348545,9.905343,10.914647,10.582204,13.830097,13.562955,14.129271,12.34831,17.265057,16.583124,19.29092,16.765783,14.747998,16.454403,20.140615,20.329697,17.224669,13.706235,18.393564,18.40008,22.211878,18.733332,15.118725,20.949337,18.345316,15.084469,17.466604,16.74941,16.324045,11.401831,14.806459,9.391456,13.361919,12.444168,11.852851,16.182222,11.540565,16.35538,16.136597,13.789036,9.848163,8.127504,13.17875,11.5935135,6.9103675,9.078591,12.566667,12.690859,9.601419,14.145821,16.625362,16.29726,20.37875,22.513834,22.176647,20.95758,23.91284,18.611681,22.830387,22.946507,23.63078,20.407248,22.887728,16.345535,19.788225,17.213882,20.53293
18,15.959874,12.521474,14.073515,10.108872,9.153886,14.514313,9.800666,17.190483,16.174072,18.526358,22.88564,22.009644,24.73099,19.416016,15.078753,12.430298,8.541127,6.360393,0.0,4.4762826,5.77558,8.3450775,10.527603,9.077167,8.618655,7.1703396,5.780787,4.5328083,8.706797,7.285244,15.442022,12.722368,19.752493,20.408976,22.66782,26.608557,25.908522,24.033726,20.392672,17.00421,18.42737,13.621289,16.57147,14.000825,9.99552,11.516794,8.785093,10.095875,11.083927,12.698492,14.644032,14.253763,19.022432,19.822355,21.46477,18.100178,17.872248,19.537354,23.783136,23.91757,20.459053,18.13409,23.501078,24.09072,27.737333,23.604546,20.955584,26.98255,24.166746,21.026503,23.317633,22.888523,21.991142,17.162058,19.760756,14.3568735,16.723396,15.382511,13.086912,16.425798,12.072388,15.738967,17.405386,14.748901,11.003674,11.091473,16.924566,14.322335,10.7174835,14.357817,17.23247,16.33472,15.171427,19.874008,21.690279,21.552744,25.984165,28.432854,28.20005,27.263037,30.098644,24.803476,28.85274,28.62919,29.174915,25.782263,28.001286,21.443113,24.089264,21.139162,23.514282
19,17.873644,14.221668,16.08759,13.088437,11.438249,17.33827,11.993645,19.0226,18.443102,19.742384,24.394358,23.240883,26.79109,21.253256,17.161596,13.749964,10.5481205,6.0700293,4.4762826,0.0,4.746374,5.4147997,8.7971525,7.6717534,6.128288,6.8262687,5.4449167,6.918056,10.129111,10.578096,17.662666,15.868601,22.647467,23.315155,26.014069,29.704782,29.460077,27.793364,23.959885,20.529142,22.016935,17.269548,19.555006,16.535526,13.226804,13.0902195,11.101521,9.798887,11.364407,11.329236,12.485276,12.726437,17.573622,18.162174,20.574253,17.767342,17.455969,19.88584,23.34221,24.396801,21.579514,18.163588,23.11663,23.167847,27.25977,24.082092,20.554493,26.344065,24.242697,20.955812,23.165936,21.957304,21.59634,16.792706,19.223818,13.333739,16.331291,13.952626,12.225943,15.286039,9.846223,13.150205,13.930232,10.612783,6.7816844,7.64179,13.03835,10.028314,7.172533,11.268384,13.604039,12.818025,13.055643,17.0414,18.597807,19.251884,23.512877,26.086657,25.569847,25.306149,27.777407,22.919106,27.172146,26.848145,26.805933,23.40558,24.80237,18.30584,20.522833,17.235357,19.596601
20,14.8241415,11.869356,14.911085,12.554459,12.183702,18.20942,14.417951,21.84906,21.553677,23.470625,28.1286,27.294764,30.369421,24.906527,20.687307,17.67053,14.039434,10.401743,5.77558,4.746374,0.0,3.775475,4.8341637,4.1235943,5.127688,4.972888,7.401391,8.844207,13.28436,12.825332,20.794888,18.47833,25.449594,26.166716,28.396898,32.350063,31.490808,29.584682,26.00839,22.667505,23.978655,19.026434,21.91503,18.882689,14.350153,15.249302,11.255929,10.482902,9.916229,11.095451,13.159639,14.550924,18.907532,20.53317,22.153305,18.96569,19.917154,22.352262,25.966373,27.131844,24.273907,21.50859,26.795109,27.212793,31.218246,27.748608,24.79187,30.72178,28.646164,25.43059,27.756962,26.680946,26.197798,21.388765,23.626968,17.806864,20.14814,17.617075,15.158027,17.294786,12.348158,14.161889,16.125025,12.593356,9.631353,11.654676,16.692959,13.055421,11.263707,15.692279,17.481926,15.894667,17.229828,21.33403,22.310652,23.00274,27.449165,30.25012,29.905256,29.88044,32.37765,27.632679,31.872898,31.441002,31.266592,27.832556,28.908863,22.548431,24.23422,20.73151,22.45604
21,15.889745,12.701594,15.583327,14.127667,13.147011,19.383402,15.42739,22.482815,22.78377,23.998713,28.915047,28.231146,31.963512,26.583511,22.284784,19.06384,15.730067,11.418548,8.3450775,5.4147997,3.775475,0.0,4.1640196,5.784297,6.0720124,7.8436213,9.601802,11.58515,15.395948,15.442973,22.988913,20.789785,27.763258,28.118904,30.768143,34.406418,33.771923,32.17305,28.32335,24.975323,26.749619,21.935879,24.611917,21.577824,17.568466,17.831722,14.584823,12.757468,12.691921,12.669197,13.9527645,15.742125,20.065624,21.35161,23.618435,20.900381,21.543434,24.339619,27.452625,29.060974,26.495838,23.048073,27.92313,27.842442,32.104786,29.263895,25.593655,31.222597,29.397772,26.065819,28.008545,26.435297,26.088505,21.47681,23.150341,17.266745,19.458603,16.219748,13.981721,15.48166,10.247883,11.151997,12.891853,9.238331,7.0269012,9.8604555,14.28875,10.965011,10.509674,14.642273,15.992805,15.0011215,17.262728,20.407385,21.423475,22.867693,26.958519,29.682322,28.889675,29.286905,31.214342,26.746567,30.863174,30.159157,29.559977,26.125813,26.674097,20.585304,21.638428,18.088673,19.282433
22,14.523694,12.315906,16.104408,15.17352,15.180604,21.224867,18.270296,25.538239,25.831131,27.51677,32.367764,31.759851,35.079338,29.662817,25.372616,22.32443,18.75036,14.827261,10.527603,8.7971525,4.8341637,4.1640196,0.0,4.600947,7.015737,8.033314,11.658303,13.598236,17.98503,17.64097,25.612799,23.240206,30.257015,30.79959,33.05586,36.93593,35.895912,34.06236,30.474337,27.197113,28.670155,23.725992,26.703714,23.60403,18.888788,19.689552,15.314616,13.793503,12.245381,13.0040865,14.863942,17.375982,21.184217,23.244566,24.833456,21.895107,23.47262,26.246801,29.435715,31.141052,28.598265,25.64412,30.77185,31.020002,35.197693,32.12841,28.949375,34.727,32.97653,29.712856,31.880627,30.444613,30.081188,25.395908,27.172098,21.31485,23.293943,20.13458,17.562727,18.572306,13.904125,13.837794,16.208366,12.570721,10.980283,14.010867,18.110388,14.317452,14.134635,18.510914,19.543682,17.828066,20.637653,24.059355,24.580482,25.902197,30.169945,33.08953,32.545494,33.092236,35.182083,30.812141,34.998943,34.321037,33.670933,30.249329,30.57505,24.592682,25.407274,21.731916,22.617413
23,17.10358,14.868403,18.433413,16.267239,16.233725,22.163536,18.3738,25.811758,25.18459,27.103354,31.627192,30.347101,33.209377,27.44212,23.667185,20.36156,16.990522,13.044086,9.077167,7.6717534,4.1235943,5.784297,4.600947,0.0,3.5146158,3.8462727,8.285463,10.728624,15.045639,15.310271,22.879763,21.28588,27.965666,29.284052,31.239779,35.45179,34.63558,32.43211,29.13391,25.782928,26.373583,21.247835,23.833727,20.35308,15.63692,15.962811,11.475008,9.44733,7.711579,8.6143875,10.926398,13.3564005,17.008644,19.390375,20.525177,17.435099,19.390776,22.132706,25.342798,27.09586,24.714603,22.044209,27.321238,27.95205,31.970188,28.772036,26.163868,32.077404,30.636944,27.55635,30.332453,29.104897,29.068329,24.213688,26.883482,20.966932,23.821972,21.10953,18.955008,20.95731,15.722254,16.917582,18.371641,14.104046,11.543715,14.16739,18.24534,13.606195,12.497391,17.224293,18.236774,15.572439,18.121784,22.303593,22.384398,23.073366,27.649279,30.7521,30.78955,31.228035,33.984394,29.694386,34.226044,34.019535,33.578667,30.253113,30.671316,24.447693,25.945633,22.076748,23.9495
24,19.72318,16.967493,20.003754,17.378706,16.6554,22.616676,17.83523,25.02708,24.078987,25.576956,30.008541,28.301836,31.396172,25.443117,21.991282,18.298012,15.36855,10.857872,8.618655,6.128288,5.127688,6.0720124,7.015737,3.5146158,0.0,3.6548815,6.07094,9.389967,12.956597,14.208648,21.030836,20.145979,26.573431,28.125357,30.303434,34.437756,34.08935,31.93652,28.549238,25.116993,25.536232,20.44143,22.474257,18.75449,14.779929,14.022082,10.745148,7.3300033,7.395488,6.598677,8.218979,10.361879,14.34333,16.270098,17.93568,15.156055,16.57642,19.570347,22.47751,24.486853,22.364231,19.171967,24.228601,24.682894,28.802975,25.97728,23.103144,28.901648,27.789923,24.74084,27.65565,26.253487,26.545547,21.725628,24.714537,18.78933,22.272453,19.582886,18.027748,20.522696,14.83231,16.690382,17.148912,12.576916,9.610048,11.98051,15.641494,10.702721,9.33568,14.09451,14.96808,12.124433,14.747252,18.915503,18.894821,19.576714,24.135784,27.25126,27.359015,27.878593,30.746498,26.636806,31.311182,31.297497,30.810726,27.581585,27.876854,21.64252,23.412048,19.485912,21.921427
25,18.377628,15.92481,18.976126,15.8423195,15.693954,21.273066,16.959074,24.314333,22.996504,25.161432,29.358522,27.710083,30.152267,24.265333,20.815916,17.511293,14.279456,10.780923,7.1703396,6.8262687,4.972888,7.8436213,8.033314,3.8462727,3.6548815,0.0,5.1017613,7.426438,11.676947,12.160825,19.420023,18.236921,24.641441,26.404158,28.152227,32.530025,31.874945,29.477898,26.37093,23.010168,23.068705,17.90016,20.247475,16.641327,11.985586,12.188234,7.7150693,6.0879517,5.0020843,6.697871,9.449331,10.82228,14.751974,16.994703,17.84956,14.440343,16.190567,18.635063,22.214003,23.572685,21.012896,18.697096,24.178808,25.129826,28.92818,25.361261,23.232225,29.283792,27.746744,24.809313,27.918364,27.041618,27.038185,22.119265,25.365108,19.607819,22.874886,20.763378,18.845455,21.61594,16.33532,18.642258,19.733004,15.556655,12.241579,14.005964,18.412344,13.812877,11.415022,16.083366,17.52935,14.649865,15.98302,20.883663,21.07844,21.049706,25.83294,28.904045,29.300138,29.316292,32.558033,28.099405,32.729927,32.835117,32.766907,29.504938,30.407696,23.986399,26.172369,22.431604,24.985746
26,20.857346,17.71641,19.73991,15.866741,14.794432,19.986992,14.435225,21.247326,19.347897,21.157541,25.116169,23.017954,25.622269,19.584982,16.432552,12.774664,10.042895,6.3727717,5.780787,5.4449167,7.401391,9.601802,11.658303,8.285463,6.07094,5.1017613,0.0,3.882089,6.930921,8.659033,14.978774,14.51646,20.63321,22.568707,24.629505,28.845884,28.785088,26.53382,23.277718,19.845509,19.834724,14.821003,16.496235,12.778446,9.409081,8.33367,6.511427,4.7452,7.4978423,7.649586,9.220467,8.48932,13.247583,14.224947,15.826634,12.644724,12.732671,15.016002,18.774015,19.748213,17.01495,14.185785,19.618141,20.43103,24.220373,20.626844,18.226524,24.3112,22.645958,19.71678,22.94212,22.190805,22.297422,17.392044,21.123318,15.586946,19.475048,17.91787,16.691595,20.3069,14.984039,18.548843,18.776163,14.983605,11.064909,11.502321,15.969465,12.034145,8.149467,12.2974205,14.388035,12.076921,11.534272,16.871035,17.642004,17.125656,21.887238,24.730515,25.16495,24.71134,28.189764,23.553843,28.20362,28.558203,28.811214,25.652311,27.073997,20.561804,23.46913,20.057186,23.321735
27,19.852262,16.721842,18.13574,13.669518,12.767116,17.225447,11.918811,18.594744,16.32372,18.784592,22.50337,20.671568,22.757961,16.95483,13.518983,10.492402,7.267247,5.781911,4.5328083,6.918056,8.844207,11.58515,13.598236,10.728624,9.389967,7.426438,3.882089,0.0,4.9268346,4.9129543,12.209594,10.942196,17.30853,19.119677,20.99339,25.29956,25.023968,22.724998,19.5147,16.103083,16.168142,11.126913,13.299582,10.06129,6.3413997,6.993091,5.3715916,7.264779,9.4457245,10.927669,12.766848,11.29239,15.870357,16.524672,17.743578,14.287021,13.809471,15.1477785,19.637543,19.520763,16.041855,14.104551,19.713768,20.790035,24.174252,19.750551,17.863384,24.053015,21.546534,18.685932,21.75852,21.653337,21.19577,16.33009,20.04405,14.959464,18.312876,17.574041,16.069828,19.984709,15.419097,19.521488,20.298895,17.22928,13.202016,12.848365,17.99923,14.965039,10.56295,13.967481,16.782715,15.193747,13.032276,18.555624,20.002905,18.988907,23.637878,26.164812,26.579622,25.414204,28.98438,23.863573,28.204319,28.546606,29.32997,26.15469,28.427984,21.867521,25.132082,22.145079,25.337465
28,24.195995,20.84228,21.542707,16.856384,15.304952,18.830425,12.700815,17.922062,14.682665,16.626234,19.680407,16.949692,18.934345,12.782814,10.319085,6.792421,5.4097495,5.6379786,8.706797,10.129111,13.28436,15.395948,17.98503,15.045639,12.956597,11.676947,6.930921,4.9268346,0.0,4.791058,8.111503,8.877159,14.083021,16.545351,18.602835,22.738783,23.314402,21.106024,18.009565,14.701096,14.141918,9.727108,10.277543,6.848066,6.603731,4.648215,7.9394855,9.143945,12.741496,13.1210785,13.995919,11.036547,15.335439,14.743476,16.332123,13.4755125,11.227007,11.929391,16.443,15.715623,12.112827,9.887226,15.285963,16.403143,19.539427,14.962044,13.17498,19.364971,16.800049,14.126646,17.632753,17.873722,17.702682,13.047192,17.612492,13.308662,17.369059,17.452618,16.94883,21.42236,17.10467,21.868387,21.709557,19.00155,14.9823265,13.563261,17.903444,15.642211,10.703156,12.644059,15.727494,14.652425,10.366995,16.072977,17.87759,16.067753,20.474224,22.675838,23.367767,21.628979,25.635696,20.537462,24.870335,25.6748,26.849508,23.959965,26.66503,20.341715,24.285698,21.741125,25.581787
29,20.870346,17.738863,18.02733,13.050061,12.048793,14.874554,9.785923,15.373665,12.315869,15.470304,18.626581,17.01747,18.441153,13.055935,9.39259,7.595905,4.424974,7.164357,7.285244,10.578096,12.825332,15.442973,17.64097,15.310271,14.208648,12.160825,8.659033,4.9129543,4.791058,0.0,8.549276,6.0836544,12.697106,14.308978,16.106636,20.414194,20.145021,17.901093,14.65207,11.249915,11.517659,6.7265115,9.31643,7.33599,5.2019973,7.489423,8.047861,11.580803,13.779686,15.560348,17.225634,14.974445,19.307123,19.285116,20.386747,17.049873,15.562122,15.77967,20.71165,19.311771,15.140826,14.171053,19.466814,20.674782,23.465353,18.27801,16.94115,22.940514,19.425903,16.776535,19.518717,20.267021,19.162903,14.643894,18.295307,14.253293,16.930618,17.443178,16.041126,20.2947,16.840721,21.531158,22.493584,20.316105,16.342537,15.009395,20.333092,18.417276,13.666803,15.901283,19.328175,18.610548,14.745411,20.087666,22.293169,20.761272,25.056553,27.08838,27.44884,25.413967,29.024364,23.476625,27.317797,27.717356,29.177034,26.118635,29.38927,22.997917,26.707571,24.342281,27.560024
30,29.060808,25.883797,25.43877,20.487728,18.996128,20.090027,14.935767,17.06871,12.272059,14.534195,15.433872,11.996782,11.755503,5.870494,6.2825084,6.241651,8.224998,12.270086,15.442022,17.662666,20.794888,22.988913,25.612799,22.879763,21.030836,19.420023,14.978774,12.209594,8.111503,8.549276,0.0,5.9391828,6.599067,10.497658,11.944421,15.936804,17.411932,15.236869,12.950995,10.493117,8.458271,6.9805512,4.2811747,4.726824,9.683758,9.055759,13.834387,16.525103,19.83489,20.632452,21.357885,17.676422,20.96199,19.486353,20.48603,18.192532,14.749455,13.19955,17.770372,14.600907,10.241076,10.704293,14.42804,16.025877,17.443602,11.460938,11.892039,17.035393,13.002159,11.484687,14.793118,16.864576,16.078629,12.892111,17.516348,15.753336,18.869251,20.804226,20.826567,25.51083,22.583515,27.824888,27.640186,25.87207,22.03152,19.72952,23.657825,22.663427,17.731064,18.036982,21.389269,21.20355,15.136458,19.919321,22.36935,19.541248,22.98367,24.22741,25.208675,22.035583,26.334108,21.123337,24.498236,25.7782,28.065088,25.705667,29.680382,24.077272,28.614866,27.01499,31.002562
31,24.184944,21.11983,20.165834,15.251864,14.032722,14.373086,10.18311,12.674801,8.281585,12.105787,13.955242,12.617233,12.933028,8.600785,5.0447836,6.596769,6.0547028,11.298758,12.722368,15.868601,18.47833,20.789785,23.240206,21.28588,20.145979,18.236921,14.51646,10.942196,8.877159,6.0836544,5.9391828,0.0,7.194557,8.260697,10.232617,14.3603,14.490801,12.553833,9.14271,5.865049,6.824095,4.570015,6.376984,7.622996,9.115272,11.20967,13.481196,17.23611,19.663961,21.338148,22.700932,19.842947,23.864687,23.070627,24.204943,21.262028,18.747507,17.907999,22.792875,20.117435,15.617664,15.634006,19.892216,21.050173,22.968805,17.289934,16.612165,21.838787,17.175314,15.0570965,17.06402,18.944714,17.086863,13.582503,16.849768,14.732965,16.411629,18.473593,17.563604,21.930761,19.813534,24.889664,25.755482,24.50554,20.742447,18.557344,23.557379,22.815512,17.992601,18.922945,22.70308,22.885687,17.625984,22.308746,25.221577,23.247393,26.898155,28.249271,28.507835,25.515112,29.019318,23.228115,26.25582,26.764013,29.023535,26.272318,30.587957,24.692945,28.791763,27.211246,30.443264
32,30.878326,28.027203,26.7039,21.930817,20.793344,19.842808,16.537338,16.327545,11.254329,14.215832,13.3085375,11.094706,7.8843794,5.9100227,7.4065733,10.632513,12.38814,17.471926,19.752493,22.647467,25.449594,27.763258,30.257015,27.965666,26.573431,24.641441,20.63321,17.30853,14.083021,12.697106,6.599067,7.194557,0.0,5.55877,5.608849,9.618879,11.333779,9.3728695,8.021128,7.205852,4.9346814,8.014491,5.8020434,9.755602,13.9268465,15.046097,18.783548,22.490154,25.228298,26.6806,27.714956,24.174631,27.403841,25.99327,26.696293,24.322216,21.080511,19.001373,23.463655,19.422129,15.141924,16.822945,19.55219,21.065666,21.514557,15.4779,16.73784,20.586702,15.540701,14.839732,16.654604,19.762056,17.973368,16.05594,19.405018,19.177479,20.721514,23.68376,23.504517,27.906567,26.236988,31.490377,31.865002,30.81554,27.10737,24.555992,28.790112,28.443407,23.561295,23.607002,27.22309,27.546385,21.320923,25.542334,28.452229,25.657866,28.630386,29.365072,30.091028,26.29331,30.130308,24.76596,27.108969,28.204956,31.140154,28.986404,33.803684,28.593094,33.10469,32.030132,35.637646
33,29.651804,26.737074,24.57681,20.334421,18.97629,16.696169,14.5184555,12.181688,7.592521,10.739524,9.342348,9.470644,7.2425523,7.997927,7.292156,11.682481,13.046221,18.372469,20.408976,23.315155,26.166716,28.118904,30.79959,29.284052,28.125357,26.404158,22.568707,19.119677,16.545351,14.308978,10.497658,8.260697,5.55877,0.0,4.5530896,6.476143,8.094307,8.019716,4.968366,5.1647058,7.7766857,10.747458,10.531047,13.999612,16.966955,18.697302,21.628748,25.332113,27.909048,29.442759,30.541107,27.350925,31.130964,29.65773,30.9439,28.459637,25.188404,23.641783,28.030602,24.39498,20.16772,20.85355,23.48631,24.28697,25.081713,19.668482,19.546091,23.04735,17.342104,16.2959,16.535648,19.67866,16.902502,15.597352,17.389608,18.079166,18.106936,21.686058,21.401018,25.391142,24.910524,30.036676,30.791235,30.60488,27.226355,24.40463,28.833433,29.340414,24.721304,24.466854,28.369219,29.510084,23.407772,26.960855,30.524925,28.378548,31.091406,31.564165,31.524075,27.598598,30.541687,24.829138,26.418695,26.910208,30.06864,27.872835,33.249367,28.302107,32.52582,31.92856,34.93764
34,31.195374,28.73539,26.754847,22.391773,21.697084,19.134706,17.815376,16.117691,11.767718,15.274796,13.549397,13.364212,9.218507,10.50763,10.8816185,14.908958,15.962231,21.333384,22.66782,26.014069,28.396898,30.768143,33.05586,31.239779,30.303434,28.152227,24.629505,20.99339,18.602835,16.106636,11.944421,10.232617,5.608849,4.5530896,0.0,5.1350174,5.7981305,4.303048,4.4063573,6.317063,6.1373024,10.81232,10.345222,14.531423,17.536377,19.79838,22.495811,26.841103,29.039883,31.035414,32.395798,29.141603,32.557922,31.396887,31.993353,29.36532,26.474089,24.409472,28.991146,24.812992,20.50836,22.40139,25.097801,26.483986,26.772903,20.875431,22.035917,25.481478,20.057419,19.456114,20.241322,23.572767,21.081057,19.706371,21.879818,22.286716,22.517332,25.924675,25.341263,29.285772,28.62398,33.6675,34.683167,34.15169,30.586287,28.030882,32.654484,32.635887,27.845161,27.993788,31.80678,32.400528,26.353468,30.381952,33.583893,31.034302,33.932205,34.51953,34.922855,30.961472,34.30853,28.765915,30.477583,31.189957,34.38082,32.233166,37.495705,32.42928,36.729336,35.906425,39.05104
35,34.387943,31.862349,29.312263,25.419107,24.447523,21.032644,20.328537,16.687834,13.106844,15.546992,12.376656,13.3457365,8.776026,12.797392,13.621337,18.001562,19.501839,24.843515,26.608557,29.704782,32.350063,34.406418,36.93593,35.45179,34.437756,32.530025,28.845884,25.29956,22.738783,20.414194,15.936804,14.3603,9.618879,6.476143,5.1350174,0.0,4.773949,6.769019,7.2967362,9.985238,11.264105,15.744631,15.08605,19.18633,22.406525,24.364199,27.293568,31.362246,33.75763,35.529415,36.698555,33.374477,36.87243,35.33319,36.285,33.89577,30.599087,28.539148,32.767185,28.510767,24.490238,26.054453,28.011547,28.956526,28.917637,23.605238,24.432974,26.946348,21.23722,21.025404,20.69149,24.323978,21.441307,21.175303,22.359163,24.019676,23.420607,27.375103,27.140818,30.791471,30.954388,35.956196,36.856144,36.94369,33.64119,30.765749,35.06162,35.77399,31.165648,30.727867,34.59088,35.80118,29.488787,32.81118,36.40202,34.001637,36.37763,36.504406,36.56372,32.270786,35.063698,29.662256,30.513342,31.08053,34.62292,32.793808,38.501614,34.026035,38.25142,37.97833,40.89509
