,0,1,2,3,4,5,6,7,8,9,10,11,12,13,14,15,16,17,18,19,20,21,22,23,24,25,26,27,28,29,30,31,32,33,34,35,36,37,38,39,40,41,42,43,44,45,46,47,48,49,50,51,52,53,54,55,56,57,58,59,60,61,62,63,64,65,66,67,68,69,70,71,72,73,74,75,76,77,78,79,80,81,82,83,84,85,86,87,88,89,90,91,92,93,94,95,96,97,98,99,100,101,102,103,104,105,106,107,108,109,110
0,0.0,4.229361,5.615616,9.460648,11.889612,13.689265,17.354942,19.332907,21.824844,25.065762,27.4794,30.748486,32.48525,34.53193,32.197254,27.50257,28.224567,23.821583,28.10275,22.545069,24.959219,23.671766,28.324522,26.350174,23.270905,25.80708,23.790176,27.818417,28.037205,32.119064,32.41808,38.20513,40.37946,42.41515,39.69404,35.051006,38.086224,40.41646,35.39509,33.435577,38.514,36.718956,32.28481,34.47254,38.61314,34.200474,30.342594,35.75657,37.840134,41.366352,39.59743,34.499508,40.229668,41.552326,37.21433,33.85402,33.64852,32.52664,37.05334,40.231094,36.551964,37.618153,40.754333,44.291798,41.895737,38.488155,40.139767,38.68723,34.049385,33.967335,34.775604,32.919224,28.960411,28.546906,26.990131,27.79399,23.968285,21.998775,19.872732,19.220034,15.720265,14.672056,12.353105,16.081945,17.263144,12.62462,17.315645,19.654263,16.51997,16.873413,20.38386,20.517027,23.916204,25.998549,27.706516,27.609047,28.878525,24.549381,27.78006,23.755466,29.327223,24.939568,28.243069,30.249624,26.399466,24.425423,20.517723,20.006067,14.634422,15.68541,11.213588
1,4.229361,0.0,5.2762437,6.6085167,9.387162,12.198506,15.676166,16.93748,20.119728,22.793545,25.563213,28.625298,30.74304,33.21193,31.371735,26.78134,28.173937,24.063286,29.058744,23.814005,26.796692,25.97179,30.889668,28.47498,25.236,27.41842,24.679264,28.659187,28.194372,32.52463,31.76122,38.02048,39.556793,41.951176,39.104164,34.432106,37.65655,40.302414,35.469875,33.46851,38.778316,37.39396,32.943146,35.21945,39.542717,35.567703,31.694649,37.10221,39.55281,42.792835,40.974125,36.484253,42.182323,43.16581,38.93056,35.471,34.766186,33.59891,38.42204,41.334507,37.11366,38.347065,41.23922,44.723278,42.059788,38.433495,39.872066,38.02938,33.678143,33.984913,34.11023,31.86484,28.450027,28.193726,27.124718,28.08984,24.119432,22.47746,20.926434,20.531626,17.457685,17.316784,14.13632,17.250029,19.129026,14.419721,17.596275,21.00866,18.346628,18.087452,21.761852,22.584137,26.127735,28.486748,29.826723,29.38323,30.173624,25.617249,28.220522,23.778456,28.96829,24.022465,26.713818,28.351316,24.213724,22.703432,18.07008,18.781878,13.334912,14.909928,10.94925
2,5.615616,5.2762437,0.0,5.1469355,6.8905926,8.230031,11.752031,14.252516,16.579601,20.06559,22.623426,25.679733,27.541391,29.680696,27.935366,22.835842,23.90565,19.54065,24.439508,19.07107,21.955973,21.432589,26.397442,23.487875,20.172062,22.238127,19.521788,23.573624,23.262386,27.582476,27.281448,33.319717,35.220966,37.60039,35.09522,30.515692,33.859367,36.054893,31.09008,29.394087,34.709652,32.782425,28.480043,31.174807,35.25034,30.912365,27.359064,33.136402,35.3207,38.514297,36.30978,32.024395,37.48561,38.312405,33.95799,30.358858,29.719315,28.388601,33.190353,36.219006,32.033455,33.11244,36.040283,39.555,37.028564,33.451103,34.930466,33.29446,28.787434,28.929321,29.411417,27.39085,23.61311,23.424644,22.021303,23.134249,19.257019,17.308977,16.063696,15.304354,12.418375,12.799868,9.141564,12.096704,14.363465,10.499603,13.273621,16.782457,14.852038,15.404931,19.094446,20.387789,23.028404,25.184708,26.06222,25.284214,25.909243,21.840532,24.41134,20.32457,25.703259,20.806158,24.088785,25.932583,22.118292,20.19561,16.212566,15.365447,10.032184,10.448755,6.215583
3,9.460648,6.6085167,5.1469355,0.0,3.9260309,6.2853875,9.607556,11.527924,14.870838,17.599644,20.785809,23.355417,25.834427,28.559032,27.741814,22.678497,24.64663,20.75585,26.423758,21.59472,24.94537,25.03032,30.106295,26.565704,23.13971,24.67787,21.242924,25.135448,23.917095,28.507687,26.770626,33.372345,34.406155,37.383274,34.900795,30.386375,34.03678,36.470497,31.798998,30.218752,35.775528,34.200615,30.034346,32.95779,37.10616,33.230976,29.869707,35.6465,38.13036,40.936844,38.542446,35.096542,40.333916,40.693153,36.440506,32.680443,31.518309,29.98795,35.02083,37.818295,32.972755,34.049435,36.553207,40.01707,37.28715,33.42007,34.41043,32.272587,28.2839,28.78432,28.251722,25.809147,22.88324,22.677185,22.190079,23.28474,19.297853,18.116861,17.528503,17.505503,15.361033,16.815893,12.800476,14.713264,17.796627,14.42866,15.03475,19.71936,18.548098,18.555407,22.254526,24.22007,26.84373,29.177956,29.600595,28.398779,28.414457,24.345758,26.029507,21.621857,26.345842,20.731152,23.135975,24.375223,20.224707,19.034626,14.007884,14.855372,9.840931,10.495747,7.9332185
4,11.889612,9.387162,6.8905926,3.9260309,0.0,5.5859594,6.9077153,7.791293,11.095608,13.826371,16.896349,19.597412,21.968502,24.687025,23.904102,18.948416,21.185194,17.610052,23.591185,19.2498,23.05467,23.498108,28.677475,25.196262,21.878254,23.055292,18.991598,22.602043,20.96244,25.544857,23.331028,30.048983,30.872044,33.778618,31.147589,26.621138,30.2806,32.86918,28.32843,26.682848,32.2852,31.048014,26.884497,29.760975,33.981495,30.555204,27.177786,32.809017,35.544037,38.094666,35.791584,32.85004,38.056244,38.19932,34.20769,30.617313,28.964275,27.725204,32.967552,35.258,30.194056,31.748606,34.225464,37.4893,34.415695,30.566881,31.876337,29.603191,25.579287,26.690008,26.087122,23.273254,20.506407,21.174591,20.339056,22.212988,18.455774,16.814808,17.506897,16.57773,15.168272,17.029007,12.426558,13.221331,16.393131,13.254642,12.227278,17.468325,16.911367,16.603895,20.162813,22.744349,25.098774,27.562,27.56884,26.086937,25.709719,21.617636,22.79066,18.302488,22.723824,16.957901,19.25847,20.497686,16.420315,15.171577,10.302592,11.049293,6.341336,7.426381,6.1716175
5,13.689265,12.198506,8.230031,6.2853875,5.5859594,0.0,4.7527313,9.785067,11.64448,15.328979,18.363743,20.474869,22.811834,25.224386,25.113356,19.336763,21.14141,17.21827,22.821983,18.27229,21.378832,22.208021,27.086332,22.534777,19.072649,20.059734,16.529825,20.363197,18.955162,23.611614,21.962523,28.402433,29.626644,32.920464,31.111095,26.880856,30.818853,32.543793,27.861073,26.92579,32.469162,30.126534,26.397753,30.050877,33.713993,29.46657,26.850773,33.04075,35.12274,37.681175,34.60877,31.854591,36.480698,36.411438,32.021782,27.968521,26.793062,24.777258,29.749695,32.73989,27.69561,28.312984,30.605768,34.148823,31.669703,27.72161,28.358576,26.330385,22.400642,22.605944,22.085531,19.922855,16.807264,16.395538,16.088823,17.174814,13.257435,12.33155,12.593205,12.8532915,11.801153,14.628337,10.671158,11.235037,15.189645,14.013383,12.800112,17.688198,18.005129,18.905779,22.292316,24.806484,26.165113,28.12982,27.793224,26.027576,25.573847,22.504559,23.696745,19.97618,24.446192,18.867203,21.654161,22.85514,19.280771,17.896221,13.888306,12.884963,9.272489,7.215441,6.785892
6,17.354942,15.676166,11.752031,9.607556,6.9077153,4.7527313,0.0,6.246823,7.1871986,10.977535,13.92045,15.830381,18.163376,20.646019,21.048223,15.306408,17.661247,14.396945,20.436197,16.844187,20.468536,21.919046,26.786898,22.205002,18.98185,19.274673,14.823188,18.086628,15.79339,20.488848,17.75253,24.502844,25.230955,28.678747,26.826534,22.683262,26.757244,28.587622,24.174583,23.336233,28.94068,26.992361,23.425055,27.158905,30.805008,27.213913,24.780888,30.754309,33.12262,35.23017,32.161198,30.333403,34.74629,34.25506,30.239687,26.380093,24.452791,22.721191,27.956747,30.230862,24.724688,25.906227,28.000614,31.262373,28.313404,24.29275,25.16327,22.808214,18.993103,20.14833,19.20698,16.393196,13.780043,14.729417,14.226218,16.45584,13.095505,11.80931,14.176743,13.373592,13.616418,16.847513,12.568761,11.43366,15.397989,14.853115,11.264161,16.722582,18.037819,18.573217,21.606737,24.830761,25.756916,27.812742,26.858944,24.657726,23.542938,20.703157,20.950706,17.35096,21.07101,15.320774,17.736677,18.70964,15.452684,14.231147,10.899386,9.545448,7.8655157,5.3435917,7.9190454
7,19.332907,16.93748,14.252516,11.527924,7.791293,9.785067,6.246823,0.0,4.6228266,6.075781,9.479806,11.848337,14.49694,17.636267,17.962437,13.455128,16.89377,14.812465,21.281504,18.695438,23.093765,24.507767,29.522863,25.892738,22.969238,23.096497,17.952871,20.494623,17.491758,21.8815,17.643414,24.744867,24.44803,27.65541,24.9091,20.596842,24.466455,27.348888,23.457937,21.965118,27.603605,27.189741,23.41622,26.339535,30.477758,28.268871,25.303331,30.448196,33.63235,35.36003,33.06282,31.754065,36.474766,35.885357,32.54273,29.2811,26.505405,25.686907,31.158648,32.314995,26.586313,28.920038,30.934795,33.680553,29.935698,26.05303,27.566996,24.766193,21.267473,23.780859,22.376879,18.671276,17.149473,19.514277,18.720016,21.81075,18.87081,17.162643,20.156578,18.407495,18.667704,21.32224,16.568312,15.180644,18.356134,16.583107,11.955532,17.773716,18.887684,18.06185,20.872166,24.583775,26.11328,28.641373,27.61753,25.431694,23.940523,20.344229,19.736786,15.4843,18.223576,12.018768,13.060006,13.60984,9.765502,9.255885,4.9564815,6.7643085,6.73639,7.5669956,10.423411
8,21.824844,20.119728,16.579601,14.870838,11.095608,11.64448,7.1871986,4.6228266,0.0,4.9000907,6.8684573,9.397504,11.260108,13.825484,14.301084,9.211888,12.712681,11.12197,17.491297,15.745747,20.130068,22.040255,26.779976,23.093021,20.494982,20.09834,14.678922,16.619831,13.2296915,17.46799,13.072301,20.136337,20.083977,23.172695,20.620987,16.36368,20.391335,22.921902,19.012037,17.811811,23.440153,22.812586,19.275595,22.497171,26.374432,24.30976,21.747732,26.8772,29.946169,31.402477,28.905874,28.225859,32.597233,31.736395,28.599493,25.495102,22.369024,21.749182,27.23054,27.984991,22.171806,24.836826,26.851288,29.409811,25.486794,21.704529,23.648617,20.988245,17.271055,20.283247,19.275816,15.522373,13.846727,17.248756,15.786719,19.627516,17.32412,15.1588,19.26303,16.758696,17.927938,20.813803,16.34585,13.8111725,16.737415,16.2872,10.211079,15.64908,17.86821,17.4392,19.697529,23.75539,24.354776,26.641117,25.028587,22.471575,20.515612,17.653101,16.390022,12.852779,15.087118,9.175822,10.835532,11.7083,9.105203,7.860376,7.061432,4.8277,7.859504,7.1631308,11.369348
9,25.065762,22.793545,20.06559,17.599644,13.826371,15.328979,10.977535,6.075781,4.9000907,0.0,3.9906025,5.874675,8.744306,12.356721,13.872703,10.620771,14.946975,14.700172,20.79069,19.912968,24.421902,26.379524,31.03475,27.643969,25.208477,24.628317,19.124561,20.500164,16.652756,20.37054,14.459385,21.468319,20.0339,23.294247,20.347433,16.394302,20.24881,23.454435,20.403763,19.037607,24.40886,24.94587,21.684935,24.350685,28.290789,27.34789,24.79473,29.179874,32.684574,33.66976,31.570734,31.613924,35.8545,34.731426,32.101357,29.331272,25.728895,25.458546,30.864912,30.919382,24.91683,27.992332,29.601627,31.744167,27.431965,23.7506,25.597897,22.483143,19.618488,23.341547,21.496973,17.242323,16.97664,20.676329,19.773798,23.624872,21.52574,19.766327,23.935253,21.639166,22.782682,25.59905,21.015686,18.633837,21.355494,20.393564,14.344389,19.590334,21.634256,20.478743,22.500069,26.737162,27.651855,30.131613,28.42675,25.86233,23.591274,20.60139,18.515968,14.966561,15.654442,9.93922,9.062749,8.5839815,5.8287373,6.6317167,6.206589,7.7151146,11.131331,11.72017,15.487334
10,27.4794,25.563213,22.623426,20.785809,16.896349,18.363743,13.92045,9.479806,6.8684573,3.9906025,0.0,4.118846,5.317117,8.677425,10.113486,8.025556,12.54046,13.504182,18.998062,19.204319,23.702482,25.825499,30.186346,27.310675,25.282711,24.411509,18.879244,19.493135,15.526496,18.585106,12.428154,18.96514,17.358849,20.07046,16.716137,12.787942,16.465128,19.978252,17.318888,15.814958,20.961914,22.18652,19.126877,21.406174,25.282484,25.159906,22.72153,26.501705,30.209558,30.824396,29.043505,29.69284,33.7562,32.482574,30.364536,28.07771,24.050251,24.388218,29.688154,28.98475,23.134766,26.887108,28.51107,30.243534,25.56961,22.241966,24.77203,21.825329,18.969719,23.300802,21.887566,17.659315,17.475142,21.961948,20.439373,24.811348,23.189388,21.001862,25.685493,22.711514,24.234146,26.879452,22.473042,19.581762,21.717375,21.177238,14.598487,19.087406,21.596146,20.28886,21.690922,26.140867,26.598248,29.003792,26.938234,24.250307,21.61464,18.990387,16.10683,13.188152,12.577242,7.710541,5.918194,5.374755,4.8069882,5.32955,8.424227,8.212189,12.963514,13.538682,17.498236
11,30.748486,28.625298,25.679733,23.355417,19.597412,20.474869,15.830381,11.848337,9.397504,5.874675,4.118846,0.0,3.9935813,8.09539,11.902918,10.4708805,14.897694,16.372879,21.488327,22.159397,26.387907,28.830366,32.969364,29.653028,27.70191,26.475199,21.040548,21.287336,16.926313,19.652462,12.325705,18.629076,15.797231,19.263369,16.515873,13.460792,17.198557,20.302492,18.405237,17.581594,22.31168,23.518919,21.141024,23.658838,27.033396,27.203785,25.39307,29.022652,32.546734,32.744812,30.666094,32.14056,35.636215,33.92285,31.982464,29.665627,25.473284,25.56493,30.643646,29.718487,23.60477,27.110865,28.157413,29.64181,24.957554,21.600183,23.548437,20.234377,18.342712,22.982433,20.741863,16.316309,17.409145,21.948462,21.126509,25.335289,24.088106,22.503683,27.422094,24.941652,26.791794,29.789011,25.51269,22.485256,24.896067,24.833733,18.144838,22.597399,25.401716,24.309107,25.662668,30.133514,30.31776,32.572666,30.249174,27.366386,24.45481,22.463684,19.195059,16.891394,15.563202,11.494516,9.060545,7.232126,7.8068933,9.319756,11.577843,11.975489,16.457415,16.505816,20.673927
12,32.48525,30.74304,27.541391,25.834427,21.968502,22.811834,18.163376,14.49694,11.260108,8.744306,5.317117,3.9935813,0.0,4.192315,8.542156,8.649987,12.704022,15.266058,19.523613,21.188217,25.260239,27.80963,31.593119,28.80352,27.265373,25.810518,20.511644,20.04581,15.781645,17.715982,10.547586,16.011524,13.1761465,15.886445,12.704673,9.786082,13.316919,16.614779,15.172385,14.3368,18.69516,20.498693,18.425753,20.566294,23.7541,24.677984,23.069881,26.087246,29.699656,29.545704,27.75526,29.792242,33.059925,31.228695,29.790565,27.972828,23.461924,24.15706,29.048012,27.409334,21.57933,25.72417,26.847464,27.927917,22.938461,20.0332,22.767897,19.810936,17.806217,22.854883,21.301973,17.147512,17.979252,23.08984,21.575827,26.19109,25.347992,23.31752,28.5749,25.477533,27.611681,30.401379,26.35199,22.946066,24.79215,25.154259,18.22972,21.85381,25.030193,23.931728,24.718485,29.263596,28.949821,31.05649,28.417408,25.45861,22.266823,20.78759,16.901756,15.465563,12.984616,10.3779125,7.8188796,6.367296,8.934114,9.678171,13.705376,12.7368765,17.87959,17.86063,22.090626
13,34.53193,33.21193,29.680696,28.559032,24.687025,25.224386,20.646019,17.636267,13.825484,12.356721,8.677425,8.09539,4.192315,0.0,6.2761765,8.069426,10.988266,14.647905,17.623598,20.399553,24.074118,26.78439,30.05332,27.708445,26.657696,24.906725,19.960276,18.664461,14.654479,15.520366,8.956543,12.929211,10.3014,12.027909,8.520208,5.9848733,9.375573,12.518867,11.681662,11.177381,14.9418,17.136301,15.648947,17.537245,20.271027,21.909824,20.783031,23.181152,26.69232,26.111757,24.457067,27.240183,30.069529,28.034966,27.130428,25.83636,21.060745,22.322828,26.871948,24.4977,19.045412,23.739513,24.87765,25.510386,20.299599,17.962326,21.450502,18.993345,16.963617,22.250975,21.448477,17.764086,18.342009,23.840168,21.732174,26.609734,26.268654,23.929436,29.458593,25.892605,28.367674,30.990671,27.32217,23.557884,24.854805,25.8827,18.907011,21.518244,25.137938,24.263205,24.469082,28.98076,27.971273,29.790201,26.765862,23.698427,20.208973,19.618704,15.179284,15.035843,11.528817,10.933858,9.197805,8.68787,12.046675,11.955446,16.846268,14.565793,19.979666,19.636654,23.870403
14,32.197254,31.371735,27.935366,27.741814,23.904102,25.113356,21.048223,17.962437,14.301084,13.872703,10.113486,11.902918,8.542156,6.2761765,0.0,6.323841,7.8183575,11.855013,14.132387,17.16124,20.984526,23.173069,26.425642,25.334284,24.51965,23.21018,18.45892,17.208033,14.236841,14.884165,11.266138,14.491565,14.274391,13.933085,9.165092,4.9417834,7.043777,11.578535,9.647897,7.160693,11.425731,14.661417,12.100325,12.750155,16.46338,18.519997,16.358742,18.193884,22.300184,22.12051,21.440863,23.242067,26.902895,25.58031,24.844673,24.068033,19.43149,21.576384,26.20523,23.724007,19.160786,24.464802,26.474613,27.250683,22.118744,20.194843,24.617651,22.826822,19.626081,24.385555,24.823517,21.496374,20.533592,25.915277,22.78329,27.850697,27.190792,23.990078,29.158545,24.734064,26.818691,28.706772,25.15371,21.52796,21.881092,22.474371,16.008942,17.522804,20.85551,19.615156,19.204355,23.640732,22.62559,24.556677,21.678123,18.918993,15.622093,14.475763,9.793921,10.075019,5.4198737,7.4073825,7.1113706,8.716845,11.848628,10.371798,16.244331,12.892182,18.197561,18.491096,22.10385
15,27.50257,26.78134,22.835842,22.678497,18.948416,19.336763,15.306408,13.455128,9.211888,10.620771,8.025556,10.4708805,8.649987,8.069426,6.323841,0.0,4.5320144,6.7840667,11.182491,12.677032,16.809198,19.234848,23.047338,20.736334,19.37866,18.160402,12.950559,12.553661,9.13324,11.457039,7.91049,13.364781,14.259673,15.539829,12.331562,7.7332625,11.511087,14.082038,10.173527,8.666085,14.250599,14.483712,11.153714,13.964447,17.692564,17.135933,14.936469,18.988108,22.359894,23.091347,21.103546,21.782919,25.739979,24.56971,22.554392,20.66226,16.475355,17.541676,22.73526,21.693785,16.40546,20.845085,23.130512,24.777102,20.11264,17.317524,21.198906,19.339043,15.3225975,19.51284,20.06817,16.823044,14.982908,20.074112,16.898159,21.880657,20.960821,17.76382,22.920643,18.730143,20.907711,23.188246,19.589594,15.813937,16.848759,17.961767,11.016259,13.554074,17.26095,16.865051,17.370815,21.810337,20.815395,22.703436,20.0128,16.998865,13.987817,12.588199,9.206585,8.1977,7.7788024,5.406972,8.108718,10.112557,11.052346,8.768538,13.234404,8.331348,13.525451,12.813466,16.765263
16,28.224567,28.173937,23.90565,24.64663,21.185194,21.14141,17.661247,16.89377,12.712681,14.946975,12.54046,14.897694,12.704022,10.988266,7.8183575,4.5320144,0.0,4.8770204,6.890021,9.800873,13.37032,15.905233,19.194174,17.542307,16.79251,15.419124,10.899095,9.586606,7.453703,8.570816,8.671777,12.022696,14.7710085,14.804185,12.007613,7.8626404,10.68871,12.196119,7.331228,5.8199325,11.334932,10.5613,6.7544365,10.051438,13.662987,12.637473,10.528522,14.821753,17.914019,18.827114,16.75971,17.287512,21.27072,20.287373,18.362272,16.880718,12.669756,14.483957,19.444242,18.16059,13.648906,18.497751,21.27354,22.820127,18.368383,16.18024,20.795694,19.771591,15.293581,18.973337,20.789265,18.351803,15.655587,20.623688,16.593073,21.6199,21.128063,17.448961,22.517708,17.700535,20.116201,21.96113,19.081114,15.051327,15.087235,17.218773,10.931531,11.4168005,15.715153,15.961408,15.75602,19.922272,17.907978,19.351091,16.235407,13.025768,9.731001,9.630352,6.137258,7.507137,7.5523634,8.0075245,11.654079,14.071034,15.17807,12.476044,16.84971,11.052727,15.487283,14.327721,17.754324
17,23.821583,24.063286,19.54065,20.75585,17.610052,17.21827,14.396945,14.812465,11.12197,14.700172,13.504182,16.372879,15.266058,14.647905,11.855013,6.7840667,4.8770204,0.0,6.4693375,5.9273,10.284025,12.565004,16.692251,14.384537,12.952141,12.218594,7.2867084,7.845548,6.7197886,9.643768,10.956602,15.177921,18.325644,19.076668,16.756088,12.592951,15.55269,16.780788,11.638886,10.385575,15.589569,13.509241,9.31275,12.916498,16.568672,13.491478,10.741073,16.466341,19.026323,20.92775,18.461432,17.115084,21.758028,21.39022,18.3677,15.981166,12.858562,13.651767,18.965929,19.249662,14.86545,18.571505,21.749174,24.051128,20.29045,17.643366,21.593924,20.64622,15.582371,18.137037,20.249485,18.083618,14.290513,18.383844,14.128697,18.810915,17.737135,13.693727,18.255898,13.252794,15.357647,17.150461,14.211937,10.1945305,10.41149,12.7582855,6.625532,7.5111146,11.905137,12.887648,13.466955,17.389376,15.734912,17.276508,14.778916,11.790175,9.589831,8.322365,7.584735,7.045943,10.38112,8.711021,13.430015,16.066147,15.786544,12.6972,15.533843,9.050612,12.165431,10.426933,13.426305
18,28.10275,29.058744,24.439508,26.423758,23.591185,22.821983,20.436197,21.281504,17.491297,20.79069,18.998062,21.488327,19.523613,17.623598,14.132387,11.182491,6.890021,6.4693375,0.0,5.940673,7.4918857,10.090785,12.521411,11.86955,12.125126,10.853392,8.498478,6.460444,8.251957,7.8331494,13.1745205,14.158128,18.933863,18.064775,16.448933,13.446148,14.991554,14.6967125,9.601419,9.089159,12.449475,8.775087,4.8012767,8.679309,11.272965,7.0776334,4.921379,11.109962,12.821852,14.885313,12.240481,10.872012,15.373683,15.229698,12.602855,11.348118,8.211375,10.757205,15.115303,14.579413,12.04671,16.301086,19.91887,21.698574,18.330103,16.931793,21.752947,21.907364,16.944546,18.993864,22.483095,21.28859,17.3419,21.315636,16.412067,20.870125,20.778282,16.63133,20.90176,15.509331,17.972227,18.990143,17.529062,13.625069,12.076787,15.863319,11.767724,9.003635,13.642803,15.329094,14.470807,17.599907,14.027598,14.465237,10.916617,7.4482756,4.469622,7.57142,7.1530495,10.262719,12.2001,13.584827,17.988358,20.709246,21.334627,18.245775,21.779716,15.355236,18.187168,16.387716,18.681263
19,22.545069,23.814005,19.07107,21.59472,19.2498,18.27229,16.844187,18.695438,15.745747,19.912968,19.204319,22.159397,21.188217,20.399553,17.16124,12.677032,9.800873,5.9273,5.940673,0.0,4.831843,6.674118,11.136489,9.332636,8.15681,8.351695,5.7267585,7.1607647,9.370502,11.3329735,15.6498,18.444038,22.773388,22.98764,21.24244,17.55833,19.833212,20.189594,14.928828,14.009623,18.113867,14.619211,10.667528,13.965469,16.971046,11.851846,8.958,15.515942,16.938833,19.883282,17.245205,13.690218,18.856718,19.435303,15.636091,13.06392,11.691073,12.296738,16.995697,18.46352,15.641362,18.374641,22.149195,24.76846,21.979635,19.819426,23.65912,23.538218,18.193382,19.20836,22.530249,21.36559,16.613796,19.451733,14.643244,18.46466,17.46708,13.004692,16.290218,10.659253,12.43223,13.195295,11.6807995,8.04191,6.1498833,10.450223,7.7029157,4.56846,9.139299,11.836183,12.128652,14.868889,12.248402,13.070914,10.91458,8.331443,7.89732,7.6004734,9.882439,10.278386,14.625472,13.867414,18.869965,21.716316,21.076757,17.79636,19.777237,13.356784,14.478915,12.368023,13.706703
20,24.959219,26.796692,21.955973,24.94537,23.05467,21.378832,20.468536,23.093765,20.130068,24.421902,23.702482,26.387907,25.260239,24.074118,20.984526,16.809198,13.37032,10.284025,7.4918857,4.831843,0.0,3.6535554,6.791447,5.099694,5.567904,5.8016133,7.0325274,7.490982,11.463256,12.112478,18.300419,19.643808,24.805216,24.611467,23.644962,20.60579,22.463148,21.788546,16.766848,16.57332,19.619974,14.859764,11.980732,15.225849,16.998787,10.451526,9.021216,15.408556,15.337564,18.68272,15.501493,10.929217,15.630134,16.68383,12.295916,9.650697,10.052822,10.478816,14.080913,16.367233,15.060509,16.891006,20.932682,23.576532,21.67177,20.122442,23.869991,24.532547,19.292883,19.262909,23.539818,23.27362,18.247978,20.37833,15.360722,18.452707,18.143131,13.901385,16.42476,11.026378,13.009099,13.164709,13.440477,10.4001255,7.7154474,13.209594,12.226834,8.2299,11.799899,15.198365,15.0030155,16.672188,12.919999,12.50061,10.242107,8.094996,8.686177,10.633215,13.219457,14.701125,18.55511,18.529755,23.461823,26.269602,25.828295,22.580639,24.50585,18.103725,18.868656,16.377007,17.21735
21,23.671766,25.97179,21.432589,25.03032,23.498108,22.208021,21.919046,24.507767,22.040255,26.379524,25.825499,28.830366,27.80963,26.78439,23.173069,19.234848,15.905233,12.565004,10.090785,6.674118,3.6535554,0.0,5.2521462,6.330395,6.7674174,8.414663,10.029205,11.101895,14.8604,15.669591,21.609434,23.12436,28.21943,27.835573,26.530092,23.318823,24.938465,24.616083,19.637672,18.969198,21.842205,17.601807,14.504868,16.852097,18.837994,12.540135,10.3332615,16.09783,15.940321,19.8217,17.41434,11.411979,16.707659,18.551226,14.380186,12.31364,13.335497,13.910122,16.955374,19.357622,18.60216,20.293537,24.362524,27.00561,25.243078,23.77318,27.462286,28.104172,22.834473,22.617537,26.841274,26.525936,21.389748,23.121025,18.264359,20.914185,20.210127,15.975734,17.444645,12.18003,13.101243,12.086457,12.986509,10.9814825,7.2418456,12.060819,12.986332,8.089739,10.26993,13.997659,13.649681,14.393855,10.616385,9.87698,8.665653,7.7663527,9.854292,10.859468,14.561278,15.671918,20.041582,20.098547,25.153393,28.140553,27.417261,24.045424,25.6522,19.484795,19.488697,17.473866,17.404228
22,28.324522,30.889668,26.397442,30.106295,28.677475,27.086332,26.786898,29.522863,26.779976,31.03475,30.186346,32.969364,31.593119,30.05332,26.425642,23.047338,19.194174,16.692251,12.521411,11.136489,6.791447,5.2521462,0.0,6.855598,9.373641,10.275576,13.597055,13.450035,17.803429,17.353886,24.44264,24.506538,30.177765,29.15221,28.436947,25.902206,26.953382,25.773335,21.288343,21.14773,22.838305,17.963364,16.023438,17.891851,18.565454,11.895897,11.334834,15.802778,14.029886,18.076056,15.622827,8.8253565,13.155841,15.730828,11.744767,10.803926,13.260259,14.230878,15.563047,17.957838,18.996449,20.214972,24.28872,26.568607,25.514423,24.851715,28.642935,29.956812,24.972694,24.288506,29.163189,29.455116,24.405558,25.963976,21.055016,23.309032,23.34737,19.454788,20.684462,15.936291,17.130228,15.874783,17.729393,15.878943,12.342404,17.129251,18.105885,13.035411,15.04287,18.59198,17.58402,17.65656,12.950746,10.88639,9.441836,9.255053,11.595705,14.3823185,17.655762,19.831034,23.432304,24.405924,29.338669,32.311115,32.018597,28.65931,30.678192,24.383677,24.70164,22.553482,22.5781
23,26.350174,28.47498,23.487875,26.565704,25.196262,22.534777,22.205002,25.892738,23.093021,27.643969,27.310675,29.653028,28.80352,27.708445,25.334284,20.736334,17.542307,14.384537,11.86955,9.332636,5.099694,6.330395,6.855598,0.0,3.5247645,3.8910646,8.737843,9.403706,13.731609,14.171808,20.804873,21.651197,27.070297,27.243572,27.100525,24.438383,26.469978,25.080853,20.282661,20.777763,23.51188,17.8379,15.934136,19.534246,20.425573,13.259363,13.365848,19.327927,18.142725,21.419044,17.453402,13.029719,16.184015,17.225712,12.074827,8.502626,11.094056,9.884348,12.175701,16.23297,15.726996,15.706708,19.679754,22.693026,21.936344,20.540625,23.447266,24.66,19.693808,18.231594,23.06684,23.726816,18.50055,19.388723,14.658834,16.502008,16.75596,13.163145,14.613882,10.253355,12.441847,12.604043,14.399484,12.008872,10.010159,16.011742,15.912446,12.660153,15.552668,19.363794,19.515017,20.611801,16.912834,15.922908,14.176851,12.587951,13.385629,15.715973,18.184534,19.555403,23.388844,22.943226,27.802673,30.420128,29.792131,26.688457,28.023954,21.785337,22.004774,18.885645,19.409271
24,23.270905,25.236,20.172062,23.13971,21.878254,19.072649,18.98185,22.969238,20.494982,25.208477,25.282711,27.70191,27.265373,26.657696,24.51965,19.37866,16.79251,12.952141,12.125126,8.15681,5.567904,6.7674174,9.373641,3.5247645,0.0,3.331466,6.870454,9.101372,12.744711,14.351372,19.891472,21.892492,26.808664,27.58568,27.141804,24.054388,26.542706,25.688921,20.64378,20.86389,24.339743,19.099289,16.592163,20.45045,22.03817,15.220128,14.5062,20.921726,20.476976,23.719048,19.870289,15.648033,19.3168,20.122532,15.031022,11.106107,12.711728,10.983581,14.28893,18.377924,16.676056,16.675634,20.487305,23.814447,22.73226,20.699266,23.241014,23.953287,18.837353,17.42301,21.707375,22.045506,16.6547,17.256207,12.687243,14.493706,14.057061,10.237515,11.526394,6.815669,9.011655,9.673412,11.113782,8.742369,7.422242,13.480217,13.464129,11.160439,13.861738,17.687925,18.47833,19.829779,16.958733,16.590076,15.2085905,13.51194,14.146497,15.289733,17.849028,18.31254,22.634499,21.302029,26.169191,28.713173,27.65351,24.61917,25.363377,19.357075,19.094074,15.807596,16.168587
25,25.80708,27.41842,22.238127,24.67787,23.055292,20.059734,19.274673,23.096497,20.09834,24.628317,24.411509,26.475199,25.810518,24.906725,23.21018,18.160402,15.419124,12.218594,10.853392,8.351695,5.8016133,8.414663,10.275576,3.8910646,3.331466,0.0,5.5465484,6.5896144,10.500446,11.57848,17.571356,18.996748,24.083937,24.871666,24.873127,22.147482,24.653465,23.321594,18.455383,19.20033,22.47959,16.805893,14.850435,19.168926,20.310232,13.515554,13.703962,20.080042,19.497074,22.268524,17.893057,14.874346,17.81784,18.001799,12.887169,8.555884,9.890125,7.697706,11.315374,15.38051,13.46583,13.374069,17.21765,20.500193,19.434795,17.502548,20.154224,21.08162,16.04156,14.68032,19.29619,19.85131,14.609699,15.704578,10.850383,13.18422,13.52747,9.8668,12.483499,8.057624,11.22266,12.661417,13.476977,10.345194,9.658064,15.71835,14.254293,12.311648,15.829973,19.347744,19.91488,21.752918,18.511734,18.108147,16.006357,13.753795,13.578451,15.598768,17.282427,18.295862,21.927998,20.865673,25.521103,27.89898,27.250904,24.345264,25.572811,19.405045,19.978537,16.458178,17.671059
26,23.790176,24.679264,19.521788,21.242924,18.991598,16.529825,14.823188,17.952871,14.678922,19.124561,18.879244,21.040548,20.511644,19.960276,18.45892,12.950559,10.899095,7.2867084,8.498478,5.7267585,7.0325274,10.029205,13.597055,8.737843,6.870454,5.5465484,0.0,4.254473,6.1983247,9.13895,13.217307,16.311787,20.564339,21.86739,21.175396,17.882536,20.907944,20.465399,15.354452,15.644062,19.923687,15.342251,12.482717,17.078619,19.247675,13.707661,12.760123,19.362709,20.143919,22.509853,18.589622,16.529165,20.240633,19.929207,15.537066,11.691839,10.445078,9.018479,14.201365,16.72651,12.869249,14.331853,17.837242,20.972878,18.63584,15.916993,18.887438,18.813114,13.452225,13.738962,17.168335,16.52415,11.423882,13.921343,8.981664,12.927076,12.420564,8.185509,12.586629,7.600093,10.889923,13.222068,11.927451,7.7410016,8.37606,13.456421,9.860477,9.65002,13.788208,16.529676,17.484848,20.293522,17.872541,18.418402,16.12193,13.330237,12.169094,12.900482,13.737233,13.932567,17.519758,15.684945,20.206509,22.482904,21.758158,18.940237,20.29289,14.099174,15.343488,11.857912,14.066232
27,27.818417,28.659187,23.573624,25.135448,22.602043,20.363197,18.086628,20.494623,16.619831,20.500164,19.493135,21.287336,20.04581,18.664461,17.208033,12.553661,9.586606,7.845548,6.460444,7.1607647,7.490982,11.101895,13.450035,9.403706,9.101372,6.5896144,4.254473,0.0,4.5938754,5.3265862,11.451565,12.883001,17.85998,18.508049,18.310856,15.666609,18.28482,17.027388,12.12195,13.14864,16.73866,11.480216,9.445665,14.427858,15.830202,10.428948,10.730685,16.898558,17.38252,19.202972,14.88713,14.208516,17.143324,16.269114,12.2858515,8.879355,6.4413447,5.878304,11.263456,12.753982,8.918773,11.381807,15.036814,17.694029,15.095107,12.939557,16.795212,17.202848,11.989341,12.921032,16.90119,16.497398,11.99766,15.400255,10.377229,14.6852455,15.188121,11.471077,16.208939,11.556757,14.997328,17.067638,16.051607,11.856542,11.760443,16.829508,12.656862,11.610794,16.241722,18.703033,18.916697,21.874466,18.659695,18.85563,15.784537,12.594224,10.6025915,13.0075865,12.804282,14.426733,16.756447,16.204065,20.420595,22.621998,22.746452,20.009617,22.414421,16.089249,18.40851,15.250715,17.898205
28,28.037205,28.194372,23.262386,23.917095,20.96244,18.955162,15.79339,17.491758,13.2296915,16.652756,15.526496,16.926313,15.781645,14.654479,14.236841,9.13324,7.453703,6.7197886,8.251957,9.370502,11.463256,14.8604,17.803429,13.731609,12.744711,10.500446,6.1983247,4.5938754,0.0,4.700618,7.1604977,10.525024,14.380165,15.978723,15.545328,12.638731,16.012056,15.341225,10.62128,11.688231,16.080832,12.047213,9.926789,14.988457,16.91026,13.204945,13.075728,18.745737,20.116856,21.302689,17.300608,17.8273,20.67561,19.2436,15.970848,12.911106,9.427338,8.882569,14.285447,14.832634,9.333342,12.434828,15.260338,17.73391,14.222569,11.219006,14.9646,14.408581,9.206356,11.800509,14.426884,13.04935,9.272317,13.908863,9.557399,14.581976,14.837901,11.58994,17.144176,13.066159,16.468855,19.178043,17.110285,12.760489,13.799208,17.808002,12.149097,13.004057,17.622677,19.313492,19.876572,23.472681,20.98961,21.770803,18.710121,15.368277,12.703507,14.02942,12.528051,13.399741,14.945022,13.572625,17.165764,18.96053,19.238995,16.885109,19.451242,13.532899,16.738853,13.682029,17.253164
29,32.119064,32.52463,27.582476,28.507687,25.544857,23.611614,20.488848,21.8815,17.46799,20.37054,18.585106,19.652462,17.715982,15.520366,14.884165,11.457039,8.570816,9.643768,7.8331494,11.3329735,12.112478,15.669591,17.353886,14.171808,14.351372,11.57848,9.13895,5.3265862,4.700618,0.0,8.10304,7.627643,13.006284,13.296674,13.75035,12.035303,14.478907,12.385852,8.10058,10.395065,13.366951,8.17146,7.751747,12.911875,13.55861,10.201931,11.701224,16.467718,17.24015,17.791294,13.359524,15.46221,17.216787,15.198578,12.6361885,10.503387,6.0004277,6.9496074,11.541624,10.589462,5.2901535,9.988305,12.922569,14.641133,10.916084,9.102262,14.057608,14.447228,9.9009285,12.560376,16.007801,15.34124,12.308991,16.879726,12.53448,17.202625,18.305304,15.26284,20.595839,16.42704,19.978449,22.280989,20.837389,16.50572,16.654154,21.114206,15.840183,15.326761,20.141424,21.892078,21.713448,25.118073,21.778809,22.046461,18.430906,14.991027,11.920796,14.993377,12.95421,15.422854,15.80145,16.172602,19.457209,21.231539,22.33456,20.019176,23.400154,17.44901,20.996649,18.198027,21.584324
30,32.41808,31.76122,27.281448,26.770626,23.331028,21.962523,17.75253,17.643414,13.072301,14.459385,12.428154,12.325705,10.547586,8.956543,11.266138,7.91049,8.671777,10.956602,13.1745205,15.6498,18.300419,21.609434,24.44264,20.804873,19.891472,17.571356,13.217307,11.451565,7.1604977,8.10304,0.0,7.207529,8.057316,11.099783,10.755444,8.590116,12.598026,12.344584,9.441751,11.017545,15.148816,13.319764,12.341362,16.545212,18.300377,17.275059,17.423908,21.558651,23.664059,23.634686,20.164728,22.755615,24.903004,22.626596,20.669077,18.480877,14.092626,14.200924,18.788082,17.542137,11.324986,15.178793,16.489656,17.880121,13.162748,9.980448,13.603727,11.760957,8.424547,13.517389,13.844479,11.149029,10.572237,16.236353,13.641991,18.550522,19.00522,16.834715,22.66384,19.376326,22.610962,25.632195,22.850647,18.657198,20.180178,23.071114,16.38154,18.41441,22.828686,23.479996,23.955269,28.09963,26.069408,27.214962,23.925957,20.50217,17.123114,18.070164,14.741356,15.448772,14.523223,13.260462,14.761812,15.463068,16.897552,15.610589,19.03388,14.583404,19.14495,16.887915,21.21722
31,38.20513,38.02048,33.319717,33.372345,30.048983,28.402433,24.502844,24.744867,20.136337,21.468319,18.96514,18.629076,16.011524,12.929211,14.491565,13.364781,12.022696,15.177921,14.158128,18.444038,19.643808,23.12436,24.506538,21.651197,21.892492,18.996748,16.311787,12.883001,10.525024,7.627643,7.207529,0.0,6.229721,6.4517784,9.100597,9.939921,11.894732,8.556877,7.700676,11.247676,12.651486,9.817869,11.629602,15.404481,15.076838,15.077754,17.1653,19.892962,21.03298,19.937464,16.085144,20.851274,21.227262,18.087475,17.426098,16.502687,11.889447,13.030194,15.915486,12.675503,7.5562043,12.36422,13.138935,13.034579,7.7339816,6.883127,12.148721,12.099286,10.1443,14.572099,16.303862,15.25559,14.91009,20.081455,17.135458,21.636833,23.191254,21.057987,26.758423,23.249304,26.86753,29.525173,27.614277,23.254301,23.85997,27.689028,21.556137,21.905159,26.656122,27.670528,27.327108,31.132973,27.993004,28.43628,24.57616,21.145052,17.544867,20.46713,16.895506,19.492033,17.588665,18.586605,20.075472,20.872871,23.157108,21.751997,25.856817,21.000004,25.538221,23.168348,27.186672
32,40.37946,39.556793,35.220966,34.406155,30.872044,29.626644,25.230955,24.44803,20.083977,20.0339,17.358849,15.797231,13.1761465,10.3014,14.274391,14.259673,14.7710085,18.325644,18.933863,22.773388,24.805216,28.21943,30.177765,27.070297,26.808664,24.083937,20.564339,17.85998,14.380165,13.006284,8.057316,6.229721,0.0,5.665404,8.207762,9.96116,12.18157,10.415159,11.298502,13.929688,15.534142,15.067595,16.288155,19.351097,19.62746,20.783411,22.136698,24.469635,26.330866,24.902966,21.763924,26.615854,27.246151,24.06216,23.648575,22.593155,17.979893,18.725529,21.795025,18.697973,13.523193,17.437922,17.236225,16.80546,11.684239,10.342081,13.660536,12.113037,12.062483,17.308863,16.954885,14.909746,16.525305,21.854618,20.064026,24.459871,25.718243,24.147732,29.993727,26.983114,30.426947,33.43247,30.859064,26.616905,27.848698,30.864079,24.135084,25.654284,30.163855,30.54954,30.49512,34.66933,32.222725,33.12026,29.412582,25.993477,22.259958,24.139477,19.96856,21.661478,18.817802,19.179056,19.098381,18.885004,21.658476,21.188196,25.282265,21.748615,26.704037,24.786684,29.180088
33,42.41515,41.951176,37.60039,37.383274,33.778618,32.920464,28.678747,27.65541,23.172695,23.294247,20.07046,19.263369,15.886445,12.027909,13.933085,15.539829,14.804185,19.076668,18.064775,22.98764,24.611467,27.835573,29.15221,27.243572,27.58568,24.871666,21.86739,18.508049,15.978723,13.296674,11.099783,6.4517784,5.665404,0.0,5.2929378,9.072477,9.169222,5.78108,8.928957,11.82426,11.413225,12.02853,14.289335,16.202625,15.61387,18.369722,20.11925,21.021757,22.824312,20.695326,18.313608,24.085114,24.261429,21.010029,21.74494,21.842094,17.063395,19.073393,21.52034,17.07071,13.406202,18.347677,18.61114,17.431814,12.2600975,12.559709,17.086533,16.586098,15.853414,20.660442,21.513039,19.874855,20.497066,25.885126,23.24124,27.83607,29.168056,26.975357,32.745632,29.0233,32.426304,34.92135,32.618732,28.295057,28.702492,31.820072,25.392277,25.782984,30.317423,30.606565,29.859919,33.83282,30.889925,31.52334,27.587782,24.336514,20.522074,23.133352,18.698603,21.516453,17.878744,20.050962,20.19649,20.47171,23.785324,22.908903,27.821386,23.767706,28.876947,27.277214,31.407303
34,39.69404,39.104164,35.09522,34.900795,31.147589,31.111095,26.826534,24.9091,20.620987,20.347433,16.716137,16.515873,12.704673,8.520208,9.165092,12.331562,12.007613,16.756088,16.448933,21.24244,23.644962,26.530092,28.436947,27.100525,27.141804,24.873127,21.175396,18.310856,15.545328,13.75035,10.755444,9.100597,8.207762,5.2929378,0.0,4.7547264,4.2683043,4.6048937,7.1651297,8.400178,8.826559,11.821982,12.574781,13.58213,14.428896,17.898623,18.301195,18.943283,21.820845,20.060051,18.71592,23.441677,24.887527,22.322128,22.856232,22.917225,17.922485,20.37434,23.68339,19.592539,15.667001,21.17953,22.206823,21.682224,16.376942,15.845999,20.58685,19.508808,17.778667,22.843727,23.545624,21.116625,21.237005,26.869255,23.920927,28.869179,29.494576,26.823286,32.515293,28.367514,31.353516,33.59015,30.824059,26.657114,26.911402,29.173054,22.668612,23.230799,27.420551,27.107105,26.260946,30.386938,27.976978,29.027657,25.322487,22.220621,18.39249,20.00371,15.164998,17.666588,13.265041,15.990491,15.725195,16.16928,19.787569,18.869698,24.279356,20.524826,25.834362,24.948017,28.9518
35,35.051006,34.432106,30.515692,30.386375,26.621138,26.880856,22.683262,20.596842,16.36368,16.394302,12.787942,13.460792,9.786082,5.9848733,4.9417834,7.7332625,7.8626404,12.592951,13.446148,17.55833,20.60579,23.318823,25.902206,24.438383,24.054388,22.147482,17.882536,15.666609,12.638731,12.035303,8.590116,9.939921,9.96116,9.072477,4.7547264,0.0,4.393327,7.2661695,6.067271,5.6405716,9.03592,11.527819,10.418192,11.929385,14.314455,16.595444,15.85446,17.589436,20.966629,20.159718,18.749853,21.96259,24.557436,22.581436,22.208313,21.652037,16.726852,18.955244,23.100674,20.002195,15.444209,20.921476,22.568836,22.902203,17.656567,16.173891,20.877237,19.454168,16.69373,21.654501,22.374325,19.531487,18.930315,24.539373,21.38007,26.467274,26.534893,23.575949,29.118528,24.81942,27.509771,29.672005,26.613544,22.575882,22.933376,24.735273,18.143015,19.108597,23.134684,22.662325,22.094093,26.375362,24.426748,25.815992,22.393118,19.285501,15.564232,16.179857,11.362004,13.157619,9.124532,11.274233,11.554722,12.558136,15.732819,14.415189,19.843445,15.861392,21.163538,20.496792,24.414557
