,0,1,2,3,4,5,6,7,8,9,10,11,12,13,14,15,16,17,18,19,20,21,22,23,24,25,26,27,28,29,30,31,32,33,34,35,36,37,38,39,40,41,42,43,44,45,46,47,48,49,50,51,52,53,54,55,56,57,58,59,60,61,62,63,64,65,66,67,68,69,70,71,72,73,74,75,76,77,78,79,80,81,82,83,84,85,86,87,88,89,90,91,92,93,94,95,96,97,98,99,100,101,102,103,104,105,106,107,108,109,110,111,112,113,114
0,0.0,4.235403,6.4797964,9.360352,12.284036,13.928268,17.40384,21.827513,24.568584,27.845062,30.982996,34.159092,32.595184,32.44013,26.687666,26.147808,22.144932,21.099894,17.558115,16.65455,15.37211,10.787645,15.451683,18.035751,20.672888,19.121655,24.586916,27.451473,26.27335,31.273754,31.824293,37.947872,41.222633,41.023026,45.141613,46.23655,48.02149,46.32828,43.35347,41.756393,36.75655,37.776253,32.181995,34.639843,28.386902,27.388603,24.131435,23.591028,23.574923,22.216799,25.18054,23.081549,25.568525,30.31047,29.21151,31.957144,33.079098,35.505394,40.868355,39.58103,36.23996,38.311684,33.04458,34.615433,32.87414,35.506676,33.44913,28.781881,33.283554,30.738132,33.169,32.695133,29.927818,34.66631,32.872444,38.45416,38.470123,41.144196,41.445183,43.278755,42.067192,37.420063,35.930794,31.81231,29.998547,26.371725,25.542307,20.191355,19.872044,17.575895,20.918787,23.132399,26.249802,28.372189,32.04168,31.215506,34.554993,34.590363,34.14727,33.97415,31.473032,29.748535,29.802256,26.229704,26.548624,23.310984,21.968288,20.278563,17.632086,19.188782,22.417171,23.273779,25.308233,27.641579,27.938211
1,4.235403,0.0,5.3715897,6.2792096,8.7991295,11.809665,14.118922,19.29963,21.55483,25.10691,28.03377,31.36156,30.218306,30.07644,24.539337,23.330917,19.631357,17.933746,14.62432,13.017254,11.891179,7.2625403,12.209241,14.105072,16.850466,14.968446,20.610088,23.341034,22.042896,27.039612,27.67757,33.762096,37.11828,37.074974,41.109142,42.321556,44.113426,42.39705,39.57002,37.89866,32.956776,33.771973,28.19053,30.5338,24.328995,23.3048,20.136417,19.930212,20.041718,19.350943,22.284697,20.79505,23.490833,27.870644,26.937346,29.783237,30.400734,32.737553,38.202892,36.503517,33.071148,35.09894,29.878605,31.269142,30.021841,32.210472,30.26764,25.541832,29.723299,26.83511,29.339233,28.714632,26.109169,30.841734,29.21975,34.788265,34.948845,37.758514,38.0731,39.783115,38.75973,34.12833,32.40664,28.342142,26.254267,22.864885,21.563366,16.155914,15.766598,13.425009,16.922022,19.327936,22.272215,24.42279,28.082417,27.37526,30.81581,31.10178,30.797497,30.365887,28.299566,26.179071,26.775156,23.25511,23.845686,21.005283,19.957964,18.811369,15.201888,16.188408,19.857525,19.781921,22.182024,24.139765,24.774029
2,6.4797964,5.3715897,0.0,5.416915,7.1610055,7.8770885,11.594264,15.450475,18.49477,21.492682,24.80139,27.841719,26.168726,26.171555,20.33054,20.169424,16.20727,15.574365,12.54359,12.183531,12.519346,9.458198,14.718569,15.631487,19.821848,17.384666,23.543108,25.556343,23.105814,28.15384,28.214483,34.170612,37.094017,36.19342,40.3462,41.19234,42.816208,41.16592,37.886982,36.479317,31.374386,33.01108,27.400705,30.529335,24.075321,24.283495,20.451033,20.940083,19.723787,19.007444,20.876749,19.092287,20.819664,25.51568,23.816788,26.191864,27.520329,29.689308,35.17789,34.079914,30.64221,33.399612,28.416481,30.487307,29.370049,32.276764,31.006798,26.862675,31.178123,28.14718,29.817942,28.719925,25.30125,29.89791,27.527506,33.138905,32.709763,35.270863,35.444168,37.387943,36.01307,31.34758,30.19299,26.015814,24.578884,20.74257,20.763037,15.769059,16.30885,15.24396,18.860842,21.073414,23.223768,26.342327,29.298885,28.101181,31.35284,31.76052,30.686222,30.08059,27.274746,25.134432,24.7471,20.685226,20.566496,17.534584,16.547129,15.866358,13.125065,14.60776,18.94509,19.6585,22.476147,24.900196,26.173439
3,9.360352,6.2792096,5.416915,0.0,4.418301,6.4330854,9.483259,13.993189,15.853053,19.746975,22.32822,25.784266,24.764523,24.25579,19.012928,17.309208,13.57876,11.892073,8.3652,7.4365015,7.1034274,4.846397,9.787311,10.493357,15.171494,13.256896,19.298286,21.017315,19.24476,24.154688,25.003012,30.633738,33.95082,33.36602,37.05611,38.31808,39.65726,37.70234,34.729504,32.93168,28.31054,28.961742,23.434685,26.058607,19.716558,19.346107,15.52912,15.559904,14.586338,13.930361,16.253212,14.889752,17.381186,21.667112,20.705135,23.641222,24.139458,26.5534,31.958704,30.343496,26.987295,29.041403,23.859337,25.5678,24.43946,27.035376,25.646166,21.463179,25.77923,22.921576,24.627111,23.895876,20.763592,25.484673,23.673885,29.211718,29.491848,32.1066,32.73635,34.723816,33.8834,28.967527,27.921556,23.775888,21.579803,18.636011,17.391546,12.072755,13.429909,12.318752,16.381254,19.167242,20.846716,23.736313,26.827745,26.098806,29.607412,30.606863,29.92129,28.697033,26.889269,23.740814,24.46319,20.285881,20.33482,18.318556,18.064856,18.48584,14.4871435,14.800456,19.956448,18.772429,22.310425,23.83075,25.629885
4,12.284036,8.7991295,7.1610055,4.418301,0.0,5.9011045,5.4354124,11.142999,12.93068,16.576721,19.379372,22.745388,21.977636,21.966755,16.74818,15.054349,11.922709,9.775987,7.780625,5.890331,8.108803,7.492471,11.760545,10.219653,15.184597,12.024155,18.322123,19.548222,16.41365,21.378668,21.51316,27.244436,30.244047,29.409946,33.35891,34.401848,35.938267,34.198524,31.109762,29.556578,24.564445,25.906939,20.281986,23.431198,16.96605,17.67479,13.752981,15.394783,13.842575,14.801973,16.071999,15.745053,17.591694,21.358603,19.925707,22.403288,22.692123,24.628334,30.299782,28.440424,24.816824,27.61366,22.81771,24.671957,24.65811,26.79706,25.9993,22.080034,25.663212,21.970411,23.418772,21.849117,18.474789,23.039806,20.827808,26.458538,26.252785,29.048874,29.286812,31.064753,30.065,25.34936,23.898693,19.766901,17.78356,14.455692,13.691574,8.652562,9.981091,9.932655,13.730192,16.216024,17.363827,20.863125,23.436203,22.395998,25.776772,26.840887,25.864023,24.545599,22.616995,19.408491,20.077257,15.938671,16.20997,14.401954,14.372846,15.334986,10.878537,10.72431,16.270695,14.813287,18.651691,20.199984,22.449627
5,13.928268,11.809665,7.8770885,6.4330854,5.9011045,0.0,7.0244436,8.451968,11.288178,14.506485,17.458376,20.580515,18.96785,18.533623,12.949539,12.484553,8.361805,8.565638,6.1568975,7.9107876,10.199215,10.70589,14.591615,13.7785635,19.504566,17.097315,23.170212,23.882965,20.762672,25.412556,25.548851,30.733545,33.436726,31.748203,35.434124,36.252327,37.281075,35.388252,31.880041,30.412558,25.747746,27.397636,22.030954,25.63133,19.265915,20.683714,16.266703,17.402752,14.526397,14.185156,14.435952,13.00609,13.740342,18.236217,16.111282,18.365177,19.732958,21.870865,27.329334,26.460274,23.10842,26.192604,21.497519,24.141397,23.43599,26.834131,26.506699,23.351675,27.50356,24.513247,24.97028,23.565386,19.396801,23.726698,20.906784,26.375645,25.89787,28.13648,28.649048,30.965797,29.765081,24.774832,24.637383,20.428741,19.10617,15.883032,16.461151,12.369669,15.017681,15.623642,19.375786,21.777796,22.31317,26.199154,28.300661,27.063517,30.246548,31.492872,29.9469,28.381413,25.93939,22.598,22.262407,17.441225,16.423294,14.772142,15.065518,16.727251,13.792298,14.221016,20.005264,19.34519,23.33333,25.133165,27.711246
6,17.40384,14.118922,11.594264,9.483259,5.4354124,7.0244436,0.0,6.852728,8.306003,11.521721,14.47814,17.688381,17.174574,17.593737,12.693937,11.072423,9.025333,6.970754,7.760564,6.615695,10.913168,12.255918,15.415855,12.172363,17.463364,13.776455,19.635017,19.772673,15.122898,19.677698,18.992027,24.30519,26.748644,25.127995,29.153376,29.874964,31.323305,29.718397,26.317268,25.058853,19.832588,22.119093,16.583649,20.613207,14.236097,16.81183,12.724582,15.999246,13.209954,15.53808,15.080405,15.774032,16.458565,19.45922,17.382113,19.153135,19.324745,20.658428,26.491814,24.615097,20.805096,24.570581,20.434792,22.711838,23.841692,25.840656,26.004242,22.890633,25.751347,21.535507,22.058062,19.544899,15.539719,19.652605,16.674536,22.286264,21.404861,24.200607,24.127922,25.892267,24.71274,20.056602,18.722399,14.536385,13.052936,9.381323,10.08308,6.75578,9.272908,11.33743,14.306669,16.257292,15.948615,20.335463,21.801607,20.363174,23.423456,24.871511,23.260195,21.44672,19.391268,15.656301,15.990102,11.436918,11.342754,10.5702305,11.479331,14.047459,9.893528,8.874268,15.006269,13.069701,17.493446,18.859539,22.031069
7,21.827513,19.29963,15.450475,13.993189,11.142999,8.451968,6.852728,0.0,4.572718,6.133129,9.691322,12.419523,10.927572,11.28319,5.882967,6.4969845,4.99869,6.746618,9.139789,10.903279,15.118378,17.389465,20.158401,17.175817,22.977915,19.879623,25.328192,24.719976,19.934595,23.733097,22.813929,27.064978,28.832623,25.938072,29.546577,29.82,30.59642,28.933722,24.946514,24.012815,19.268549,22.358145,17.539827,22.23805,16.52744,20.335966,16.072304,19.215237,14.997016,16.733305,14.358025,14.821127,13.451101,16.20735,12.829698,13.4813385,14.819711,15.771292,21.505278,20.764585,17.17323,21.977226,18.597147,21.887283,23.059744,26.07584,27.203608,25.260468,28.195784,24.538607,23.672491,20.980955,16.079115,19.351032,15.313506,20.442776,18.755625,20.796812,20.830095,23.229483,21.699945,16.807798,17.374924,13.340662,13.26191,10.194222,13.1721,12.050064,15.456405,18.007246,20.754236,22.466667,21.280508,26.006475,26.62397,24.947004,27.533678,29.259619,26.91229,24.720848,22.229477,18.414206,17.427645,12.3846245,10.265188,10.708865,12.490398,16.303896,14.144891,13.615279,19.372883,18.216534,22.58466,24.035042,27.645353
8,24.568584,21.55483,18.49477,15.853053,12.93068,11.288178,8.306003,4.572718,0.0,4.8647056,6.4940276,10.057182,10.114462,9.835474,6.809048,3.3660398,5.0519047,5.131313,9.22657,10.603565,14.868627,18.212914,19.853079,16.096272,21.68581,18.925278,23.624493,22.315252,17.660177,20.834621,20.30789,23.843853,25.70798,22.835732,25.922117,26.508965,26.929684,24.980368,21.17359,19.907196,15.6579685,18.086363,13.5079,18.163694,12.898521,17.240284,13.255907,16.845041,12.316149,15.055964,11.886291,13.666024,12.35084,13.729361,10.962043,11.829977,11.681736,12.490266,18.356043,16.825138,13.061278,17.824327,14.704819,17.888597,19.906021,22.384806,23.979525,22.570427,24.897,21.204536,19.786388,16.878849,11.855816,14.846306,10.786755,15.954899,14.735235,16.910421,17.405571,19.880812,18.98456,13.751382,14.629442,10.754811,9.9250345,8.606909,10.625113,10.819599,14.886353,17.837759,20.291637,22.080738,20.140282,24.684095,24.978437,23.65151,26.229431,28.501812,26.433556,23.646435,22.216667,17.532915,17.708483,13.107268,11.46663,13.302142,15.49308,19.57588,16.71027,15.343716,21.0738,18.485914,23.161552,23.776323,27.796371
9,27.845062,25.10691,21.492682,19.746975,16.576721,14.506485,11.521721,6.133129,4.8647056,0.0,4.4268775,6.4592295,5.9016414,7.212506,5.176695,5.916548,8.410624,9.935261,13.751956,15.228735,19.59988,22.603037,24.607084,20.793404,26.244036,23.133791,27.762064,26.264603,20.91877,23.67435,22.22957,25.276808,26.25806,22.431566,25.638075,25.522064,25.884386,24.351955,20.050783,19.5611,15.203764,19.254526,15.468765,20.608751,16.152681,21.263077,17.617098,21.552908,16.989092,19.695265,16.056791,17.682568,15.376149,16.254234,12.63589,11.762341,12.500083,12.040269,17.627943,16.905214,13.338626,19.360708,17.452967,20.926918,23.44276,25.950897,28.069115,27.103388,29.071478,25.264505,23.413485,20.016169,15.064488,16.933805,12.171575,16.410748,13.653477,15.359099,15.049557,17.60209,15.94665,11.076055,12.8324795,9.452898,10.713193,9.147438,13.310675,14.657858,18.129044,21.458437,23.455513,24.721466,22.392456,27.270775,26.823616,25.056644,27.087065,29.242355,26.524504,23.79579,21.756384,17.614086,16.535486,12.180184,9.567138,12.283273,14.844294,19.450779,17.786472,16.62595,21.70503,19.958475,24.290533,25.186726,29.3582
10,30.982996,28.03377,24.80139,22.32822,19.379372,17.458376,14.47814,9.691322,6.4940276,4.4268775,0.0,3.8958375,5.9711556,5.8701806,7.6076474,5.9021406,10.031553,11.075959,15.253768,16.778734,20.846498,24.55645,25.697697,21.630285,26.83144,24.232922,28.12998,26.036657,21.143843,23.119156,22.147491,24.162992,25.088326,21.11897,23.47037,23.596645,23.284359,21.3998,17.212059,16.44955,13.228928,16.513266,13.65097,18.480589,15.094298,20.425873,17.260094,21.10266,16.41378,19.41915,15.087582,17.481625,14.931772,14.313022,11.256242,10.065279,9.430553,8.260147,13.774989,12.632154,9.093976,15.472976,14.447525,17.930984,21.12194,23.323877,26.04028,25.87036,27.300844,23.823801,21.209198,17.820438,13.008838,13.897126,9.091808,12.547061,10.001358,11.343025,11.81871,14.790973,13.924022,8.661198,11.851372,9.336088,10.145185,10.834467,13.803675,16.059475,19.894632,23.30974,25.143497,26.500803,23.650595,28.225306,27.494846,26.091156,28.030376,30.646067,28.181715,24.97311,23.88204,19.18736,19.017237,15.249365,13.093133,16.347271,18.993925,23.627157,21.567913,20.019054,25.061241,22.402063,26.86665,27.114311,31.530416
11,34.159092,31.36156,27.841719,25.784266,22.745388,20.580515,17.688381,12.419523,10.057182,6.4592295,3.8958375,0.0,4.273537,5.488839,9.117072,9.426131,13.292333,14.848824,18.92665,20.549168,24.679111,28.25972,29.563757,25.482817,30.62423,27.88454,31.702534,29.480684,24.308643,25.948256,24.489458,25.984303,26.231655,21.608107,23.771961,23.343039,22.792793,21.251015,16.80315,16.74484,13.985013,18.16424,16.186283,21.018585,18.339767,23.930418,20.98726,24.92369,20.245754,23.15056,18.638474,20.871048,17.83012,16.873432,13.544986,11.173853,11.167142,8.869309,13.3521,13.110029,10.278251,17.110008,17.151236,20.66287,24.071552,26.259346,29.313251,29.490566,30.6768,27.238909,24.345541,20.794151,16.268139,16.320175,11.563367,13.650264,9.931158,10.347302,10.13006,13.247279,11.840159,7.3092065,11.799407,10.354779,12.428947,13.127337,16.880371,19.575247,23.127361,26.70322,28.296377,29.366093,26.29244,30.975018,29.768211,28.151642,29.680334,32.236958,29.406193,26.237848,24.900719,20.656357,19.784634,16.50267,13.997056,17.58984,20.31789,25.10315,23.754961,22.334747,26.905857,24.715696,28.910305,29.261635,33.740147
12,32.595184,30.218306,26.168726,24.764523,21.977636,18.96785,17.174574,10.927572,10.114462,5.9016414,5.9711556,4.273537,0.0,3.8611717,6.35632,9.3809185,12.186082,14.850989,18.397879,20.568987,24.682512,27.832935,29.733826,26.182478,31.724602,28.876486,33.325092,31.559492,26.363752,28.636124,27.11443,29.316322,29.702827,25.143522,27.726343,27.154875,26.85609,25.44659,20.941563,20.948986,17.729898,22.026594,19.414152,24.373592,20.874332,26.135733,22.674294,26.249523,21.407158,23.544989,19.224169,20.559404,17.11149,17.184715,13.054106,10.27751,12.15712,10.570353,15.00127,15.900699,13.267428,19.784245,19.163797,23.024,25.494446,28.479233,31.198538,31.046526,32.927105,29.628204,27.041044,23.783707,18.930847,19.736658,14.950528,17.631159,14.185437,14.506053,14.194149,17.191118,15.241244,11.155839,14.983321,12.927058,15.116447,14.430372,18.751884,20.473917,24.010017,27.354067,29.316715,30.48071,27.924137,32.80971,31.961353,30.118595,31.777016,33.977154,30.920845,28.148483,25.954319,22.212776,20.427788,16.622847,13.492441,16.340137,18.861607,23.51816,22.828327,21.973265,26.646542,25.41381,29.520117,30.47966,34.72028
13,32.44013,30.07644,26.171555,24.25579,21.966755,18.533623,17.593737,11.28319,9.835474,7.212506,5.8701806,5.488839,3.8611717,0.0,6.146541,7.859081,10.858125,13.808196,17.137148,19.796604,23.503044,27.040506,28.479778,25.231207,30.86367,28.56496,32.852673,31.00539,26.515896,28.741837,27.954786,29.994621,30.827152,26.602318,28.687199,28.574429,27.861364,26.000782,21.766417,21.215883,18.723555,21.770758,19.264236,23.773075,20.374804,25.171808,21.67434,24.609526,19.624907,21.23793,16.617594,17.85419,14.05284,13.678135,9.561516,6.475949,8.652299,7.4595923,11.999183,13.304246,10.975148,16.97546,16.277409,20.338945,22.343605,25.765293,28.566479,28.782436,30.874205,28.149998,25.274786,22.559982,17.689497,18.528625,14.1226225,16.66789,14.263251,14.266286,15.081893,18.43126,17.244087,12.719216,16.944595,14.759977,15.985835,15.960732,19.231,20.561598,24.569523,27.663954,29.951872,31.48415,29.022259,33.67728,33.17196,31.655256,33.598316,36.01261,33.29435,30.326443,28.579025,24.363766,23.25617,19.184235,16.270628,18.852684,21.284143,25.798532,24.584621,23.682882,28.833908,27.10697,31.488218,32.22468,36.47388
14,26.687666,24.539337,20.33054,19.012928,16.74818,12.949539,12.693937,5.882967,6.809048,5.176695,7.6076474,9.117072,6.35632,6.146541,0.0,6.0864096,6.6904483,10.336251,13.00542,15.74201,19.591953,22.380152,24.67993,21.853577,27.755213,25.089458,30.153801,29.04206,24.393732,27.560848,26.651495,29.955244,31.237322,27.543438,30.549576,30.529634,30.622131,28.898891,24.64017,23.96061,20.115993,23.422596,19.577831,24.342033,19.553108,23.85848,19.777739,22.63237,17.837269,19.07808,15.45563,15.817561,12.727449,14.596775,10.223022,9.141678,11.828724,12.190863,17.412796,17.96591,14.939602,20.36128,18.016577,21.929821,23.121082,26.773655,28.664011,27.747381,30.566849,27.473408,25.603233,22.971586,17.854559,20.110167,15.678232,19.780645,17.604877,18.67153,18.965128,21.895535,20.264923,15.475747,17.936958,14.624829,15.4828825,13.645855,17.1759,17.149672,20.89222,23.63752,26.274118,27.90895,26.207329,30.991714,31.101717,29.39871,31.661638,33.62367,30.936993,28.46698,25.99463,22.165941,20.651932,15.918183,12.938229,14.327794,16.398428,20.561852,19.398611,18.972904,24.359863,23.373198,27.67976,29.0068,32.871876
15,26.147808,23.330917,20.169424,17.309208,15.054349,12.484553,11.072423,6.4969845,3.3660398,5.916548,5.9021406,9.426131,9.3809185,7.859081,6.0864096,0.0,4.445712,6.031044,9.730539,12.066062,15.774554,19.536877,20.728083,17.376747,23.070047,20.916843,25.355795,23.852116,19.859915,22.718794,22.690598,25.690409,27.592747,24.5919,27.112387,27.81439,27.71371,25.500954,21.742685,20.286657,16.920153,18.641485,14.641101,18.907036,14.184918,18.228025,14.305663,17.140259,12.229,14.255606,10.272065,11.970484,9.809591,10.72105,7.681348,8.598939,8.532462,9.749118,15.531325,14.463371,10.996539,15.578725,12.55835,16.197163,17.845734,20.944159,22.855892,22.055975,24.564262,21.534214,19.529303,17.098387,11.991747,14.605443,10.698883,15.33269,14.555707,16.146141,17.314005,20.198164,19.604141,14.236091,16.265705,12.822801,11.99716,11.667288,13.1679945,13.34418,17.702877,20.42094,23.06144,25.040068,23.058382,27.404997,27.734264,26.598236,29.173382,31.607996,29.594603,26.653988,25.422771,20.630161,20.825005,16.28152,14.343965,16.242254,18.423264,22.500954,19.83207,18.619038,24.402512,21.784954,26.49164,26.985926,31.028471
16,22.144932,19.631357,16.20727,13.57876,11.922709,8.361805,9.025333,4.99869,5.0519047,8.410624,10.031553,13.292333,12.186082,10.858125,6.6904483,4.445712,0.0,4.513416,6.4643774,9.699587,13.114228,16.312378,18.161291,15.696079,21.729008,19.644747,24.742315,23.970297,20.397154,23.996744,24.185604,28.008965,30.28647,27.727074,30.626698,31.405401,31.631147,29.465525,25.78384,24.26508,20.48371,22.029951,17.438423,21.428375,15.908246,18.90155,14.5215645,16.519087,11.905388,12.673628,9.873646,10.024114,8.496409,11.560493,8.6251,10.504802,11.555866,13.514255,19.018108,18.323559,15.07516,18.773771,14.834553,18.262085,18.582085,22.24382,23.324045,21.749079,25.136087,22.31445,21.102528,19.254435,14.346477,17.816278,14.416409,19.385832,18.864489,20.583311,21.623117,24.394423,23.563532,18.271074,19.650078,15.801645,14.73497,13.177059,14.347612,12.741488,16.942688,19.00466,22.196136,24.447447,23.30717,27.562574,28.58022,27.42272,30.288052,32.360207,30.47452,27.957373,26.236067,21.832466,21.760078,16.84547,14.9866705,15.63408,17.287971,20.76084,18.053524,17.38684,23.41927,21.438255,26.050968,27.016449,30.629347
17,21.099894,17.933746,15.574365,11.892073,9.775987,8.565638,6.970754,6.746618,5.131313,9.935261,11.075959,14.848824,14.850989,13.808196,10.336251,6.031044,4.513416,0.0,4.4257464,6.038903,9.89562,13.6236,14.899786,11.619216,17.517351,15.382176,20.28586,19.464638,16.068483,19.77174,20.369228,24.408655,27.128834,25.27245,28.191357,29.364157,29.839645,27.58857,24.316147,22.46108,18.54993,19.31579,14.281892,17.899185,11.972905,14.570397,10.129567,12.606778,8.269927,10.424578,8.477339,9.88568,10.247323,12.594927,11.105861,13.618902,13.049816,15.022908,20.625065,18.715246,15.192261,18.195131,13.776634,16.425587,17.284193,19.927523,20.637486,18.514774,21.593346,18.288645,17.623632,15.721117,11.124922,15.251274,12.529511,17.947466,18.115734,20.429028,21.499655,23.880388,23.466,18.18727,18.502546,14.57601,12.377375,11.242385,10.703245,8.638576,13.103675,15.132254,18.266167,20.690918,19.528717,23.487366,24.75757,23.919882,27.007706,29.225645,27.83253,25.201244,24.199295,19.415585,20.459986,15.880194,14.974876,15.73707,17.332525,20.57133,16.81518,15.5527115,21.62115,18.590971,23.342121,23.808142,27.419683
18,17.558115,14.62432,12.54359,8.3652,7.780625,6.1568975,7.760564,9.139789,9.22657,13.751956,15.253768,18.92665,18.397879,17.137148,13.00542,9.730539,6.4643774,4.4257464,0.0,4.2905145,6.7218895,10.09341,11.743815,9.971098,16.064867,14.526423,19.822063,19.814497,17.531511,21.683012,22.813549,27.309978,30.426588,29.077808,32.04846,33.395454,33.97481,31.660929,28.568806,26.56397,22.713594,22.944489,17.816877,20.75773,14.688286,15.650041,11.184065,11.89916,8.497178,8.525318,8.625286,8.244191,10.011512,13.663931,12.747144,15.901562,15.845955,18.381826,23.682972,22.05825,18.837072,20.907848,15.878102,18.174995,17.570957,20.688862,20.47169,17.626947,21.655767,18.963184,19.076155,18.118752,14.137595,18.604944,16.541458,21.86078,22.43925,24.685324,25.902576,28.294874,27.870955,22.601967,22.75077,18.744318,16.393797,14.802892,13.64817,9.889034,13.794277,14.656907,18.401241,21.20482,21.001501,24.509424,26.564777,25.909729,29.25935,31.18301,30.102129,27.837029,26.660213,22.24382,23.259033,18.621332,17.884125,17.642265,18.652277,21.061821,17.167473,16.444744,22.514404,19.939,24.45967,25.195204,28.259922
19,16.65455,13.017254,12.183531,7.4365015,5.890331,7.9107876,6.615695,10.903279,10.603565,15.228735,16.778734,20.549168,20.568987,19.796604,15.74201,12.066062,9.699587,6.038903,4.2905145,0.0,4.6415343,7.9280467,9.483162,6.467223,12.463913,10.335481,15.876812,16.160765,13.8268175,18.303524,19.523935,24.46076,27.843561,27.147957,30.340143,31.860947,32.848896,30.66479,27.888203,25.83028,21.670488,21.678905,16.259512,18.86092,12.54197,12.890874,8.610822,10.032516,7.9528313,9.620259,10.774488,11.441002,13.8592615,16.784225,16.274624,19.317722,18.562166,20.78124,26.215855,23.840702,20.396442,22.325241,17.33836,18.893347,19.010971,20.916096,20.296528,16.726248,20.232399,16.788296,17.810022,16.632036,13.329753,18.05541,16.493017,21.965006,22.697388,25.40785,26.337648,28.28536,27.979874,22.953856,22.04224,18.086493,15.19208,13.543964,11.15812,6.404151,9.889706,10.458356,14.218513,17.14462,17.201397,20.426624,22.805685,22.340857,25.847713,27.7063,27.042862,24.893848,24.160536,19.763844,21.544802,17.392618,17.517317,17.177742,18.006271,20.038172,15.355793,14.180941,19.997738,16.720943,21.171474,21.598598,24.506742
20,15.37211,11.891179,12.519346,7.1034274,8.108803,10.199215,10.913168,15.118378,14.868627,19.59988,20.846498,24.679111,24.682512,23.503044,19.591953,15.774554,13.114228,9.89562,6.7218895,4.6415343,0.0,5.050284,5.096263,4.648799,10.150916,9.765941,14.777318,15.778526,15.489903,19.805326,21.981901,26.821793,30.66756,30.612907,33.48249,35.357018,36.24386,33.864876,31.462355,29.09575,25.42351,24.390148,19.245905,20.797493,14.982574,13.3403,9.799621,8.541531,8.406188,8.096577,11.403031,11.250116,14.918521,18.000126,18.423355,22.016006,21.101759,23.767113,28.812971,26.377823,23.280807,24.026615,18.644182,19.55336,18.47784,20.338354,18.704424,14.423837,18.696054,16.193441,17.985964,18.023367,15.637935,20.400646,19.72829,24.892944,26.349047,28.965374,30.2696,32.23782,32.222836,27.156204,26.29165,22.462065,19.22949,18.004686,14.804756,9.8511095,12.365209,11.4400015,15.398909,18.682665,19.478662,21.75806,24.863516,24.886189,28.573496,30.348318,30.228815,28.232464,27.869055,23.595444,25.750391,21.789618,22.06654,21.410625,21.931835,23.344538,18.557457,17.641964,23.079853,19.762262,23.86074,24.0892,26.452297
21,10.787645,7.2625403,9.458198,4.846397,7.492471,10.70589,12.255918,17.389465,18.212914,22.603037,24.55645,28.25972,27.832935,27.040506,22.380152,19.536877,16.312378,13.6236,10.09341,7.9280467,5.050284,0.0,5.3175545,7.479587,11.057724,10.299176,15.708128,17.874973,17.644674,22.335907,24.094563,29.563272,33.374325,33.575798,36.91004,38.62172,39.92727,37.794525,35.327885,33.175175,28.993052,28.5184,23.176325,24.827072,18.899754,17.045668,13.946593,12.82142,13.414396,12.686759,16.21632,15.303834,18.812033,22.51326,22.519289,25.926308,25.590286,28.189463,33.39383,31.177488,27.960438,29.036575,23.66409,24.58382,23.25487,25.093166,23.021118,18.29218,22.572151,20.040653,22.492933,22.452728,20.243893,25.024923,24.143059,29.472933,30.530024,33.283756,34.216587,36.038963,35.67896,30.766748,29.40991,25.458626,22.54038,20.414597,17.676695,12.182462,13.1149,10.969921,15.01676,18.184074,20.160067,22.11078,25.762611,25.64806,29.355698,30.523,30.547073,29.203827,28.330446,24.875502,26.648731,22.891857,23.440405,21.851448,21.719746,22.071404,17.429174,17.15029,21.949022,19.626005,23.058945,23.840511,25.39222
22,15.451683,12.209241,14.718569,9.787311,11.760545,14.591615,15.415855,20.158401,19.853079,24.607084,25.697697,29.563757,29.733826,28.479778,24.67993,20.728083,18.161291,14.899786,11.743815,9.483162,5.096263,5.3175545,0.0,5.5723505,7.6914353,9.382995,13.099477,15.07795,16.798916,20.80255,23.715618,28.503937,32.751514,33.519917,36.187565,38.386513,39.372684,36.94107,35.000008,32.428513,29.053944,27.205137,22.34969,22.879333,17.740921,14.372338,12.179259,9.220477,11.485945,10.50166,14.97329,14.657923,18.927359,21.744122,22.835495,26.651314,25.43875,28.227861,32.99892,30.278307,27.392849,27.255573,21.831509,21.912592,20.276297,21.384445,18.68912,13.618872,17.978073,16.214645,19.099432,20.047012,18.814709,23.422876,23.57816,28.43666,30.417532,33.111458,34.540684,36.320137,36.55434,31.610037,30.375462,26.719296,23.165596,22.209793,18.231705,13.302768,14.587061,12.361006,15.970783,19.370464,20.922037,22.054026,25.861616,26.4038,30.196404,31.808533,32.357807,30.60105,30.736818,26.696804,29.38169,25.84093,26.526295,25.643335,25.88169,26.670752,21.683208,20.815096,25.597094,22.08816,25.665165,25.567057,27.267466
23,18.035751,14.105072,15.631487,10.493357,10.219653,13.7785635,12.172363,17.175817,16.096272,20.793404,21.630285,25.482817,26.182478,25.231207,21.853577,17.376747,15.696079,11.619216,9.971098,6.467223,4.648799,7.479587,5.5723505,0.0,6.1030493,5.7719617,10.240059,11.160946,11.570282,15.696047,18.398386,23.147966,27.289005,27.948542,30.667871,32.82608,33.895935,31.558361,29.6358,27.136051,23.631403,21.944235,16.957579,17.74674,12.345992,9.595487,7.02867,6.344428,8.112401,9.998445,13.060246,14.28581,17.927246,19.993475,20.789398,24.256916,22.507956,24.838543,29.841202,26.63814,23.481165,23.917496,18.843664,18.957323,18.945654,19.317698,17.561562,12.935449,16.093052,12.756175,15.407518,15.352671,14.025044,18.648487,18.736965,23.6656,25.4862,28.395319,29.603634,31.155994,31.474428,26.710346,25.12596,21.639227,17.881784,17.34053,12.830092,8.318526,10.064877,8.90258,12.293387,15.656331,16.25975,17.89471,21.16192,21.641747,25.388712,27.356592,27.772165,25.646107,26.179312,21.72349,24.859152,21.56313,22.492645,22.273851,22.909538,24.351398,19.063686,17.49808,22.42746,18.000698,21.987162,21.447748,23.828243
24,20.672888,16.850466,19.821848,15.171494,15.184597,19.504566,17.463364,22.977915,21.68581,26.244036,26.83144,30.62423,31.724602,30.86367,27.755213,23.070047,21.729008,17.517351,16.064867,12.463913,10.150916,11.057724,7.6914353,6.1030493,0.0,5.0493608,5.5024624,8.014787,11.628703,14.812942,18.456089,22.889772,27.467367,29.375576,31.776627,34.33622,35.630463,33.360924,32.184658,29.531898,26.465391,23.81473,19.483316,18.807281,14.85277,10.097346,10.265959,8.718731,12.6853695,14.5293865,18.07061,19.528172,23.4991,25.048225,26.387177,29.916447,27.666107,29.883844,34.606396,30.86496,27.901655,27.539293,22.78276,21.861313,22.021946,20.915258,18.324118,13.197066,15.110664,11.990194,16.205784,16.885773,17.328794,21.375423,22.522882,26.860939,29.200043,32.262886,33.44964,34.55849,35.232693,30.865932,28.596685,25.562681,21.502289,21.471384,16.116598,12.487902,12.34435,9.968133,11.926951,15.110173,16.344898,16.103441,20.118427,21.439945,25.176416,27.029995,28.439217,26.557343,28.071854,23.94866,27.952597,25.489328,27.042093,26.808933,27.238003,28.14586,22.625326,20.873837,24.72701,19.742744,22.931158,21.604467,23.235718
25,19.121655,14.968446,17.384666,13.256896,12.024155,17.097315,13.776455,19.879623,18.925278,23.133791,24.232922,27.88454,28.876486,28.56496,25.089458,20.916843,19.644747,15.382176,14.526423,10.335481,9.765941,10.299176,9.382995,5.7719617,5.0493608,0.0,6.33066,8.4589205,8.560429,12.910816,15.233939,20.58905,24.780104,26.2843,29.394531,31.528452,33.24401,31.318577,29.742428,27.496029,23.579914,22.241108,17.360685,17.837858,12.9950695,10.15323,9.332857,10.502958,12.8075905,15.67144,18.268982,19.891926,23.212633,25.05188,25.527077,28.605972,26.704393,28.541004,33.708965,30.086857,26.719185,27.589489,23.02729,22.785858,23.780699,23.063393,21.336535,16.639719,18.318142,13.954876,17.496975,16.713377,16.290009,20.46763,20.726963,25.495214,26.970526,30.252115,30.866112,31.815523,32.05658,27.865234,25.093412,21.937622,18.204576,17.43604,12.490971,8.609336,7.4370985,5.020959,7.2629557,10.614597,11.949911,12.678956,16.560873,17.322508,21.120502,22.78549,23.838266,22.1218,23.198282,19.307539,23.128086,20.836073,22.654999,22.292934,22.646915,23.519464,17.942547,16.015785,19.731874,14.720019,18.022532,16.967367,18.85824
26,24.586916,20.610088,23.543108,19.298286,18.322123,23.170212,19.635017,25.328192,23.624493,27.762064,28.12998,31.702534,33.325092,32.852673,30.153801,25.355795,24.742315,20.28586,19.822063,15.876812,14.777318,15.708128,13.099477,10.240059,5.5024624,6.33066,0.0,4.3067856,9.085164,11.122178,14.9814,19.089115,23.749838,26.53137,28.82686,31.520899,33.154755,31.161333,30.525658,27.998343,25.081373,22.239492,18.487284,17.113136,14.396074,9.752068,11.653066,11.977652,15.698446,18.818726,21.533909,23.756168,27.331028,28.265533,29.4944,32.667355,29.973198,31.687986,36.359486,32.10249,29.093504,28.903631,24.828985,23.505762,24.940609,22.667452,20.56307,16.064936,16.004223,11.835253,16.398075,16.38488,17.86883,21.194532,22.77599,26.616016,28.904226,32.179363,33.01495,33.562122,34.43384,30.659222,27.597118,25.136234,21.023054,21.50589,15.728087,13.586172,12.238598,10.362841,10.267631,12.695819,13.4796915,11.903849,15.921547,17.86207,21.402578,23.372622,25.424654,23.546211,26.063463,22.133629,26.926945,25.40535,27.528893,27.697065,28.209356,29.141766,23.557686,21.323406,24.23269,18.472998,21.117506,18.857729,20.387274
27,27.451473,23.341034,25.556343,21.017315,19.548222,23.882965,19.772673,24.719976,22.315252,26.264603,26.036657,29.480684,31.559492,31.00539,29.04206,23.852116,23.970297,19.464638,19.814497,16.160765,15.778526,17.874973,15.07795,11.160946,8.014787,8.4589205,4.3067856,0.0,7.1705766,7.799485,12.591087,15.752997,20.56372,23.36974,25.158775,28.078272,29.427032,27.286629,26.92804,24.243803,21.906954,18.350876,15.143562,13.077687,11.389632,6.6045604,9.807358,11.02225,14.351764,18.312624,20.211166,23.139631,26.357264,26.52684,27.932795,30.912106,27.728394,29.181036,33.57174,29.003487,26.153214,25.746103,22.17832,20.56129,22.869984,19.947552,18.493923,14.805094,13.607112,8.63049,12.917278,12.612781,14.831854,17.593922,19.697874,23.02568,25.642036,28.853134,29.839016,30.276602,31.506933,27.895964,24.977371,22.910362,18.60876,20.069593,13.948231,13.190686,12.692394,12.173576,11.866108,13.977899,13.222906,12.081337,14.982666,17.090906,20.44032,23.03295,24.909792,22.42608,25.51357,21.009165,26.153751,24.739521,26.750038,27.614471,28.534899,30.117939,24.59985,22.019436,25.200731,18.888739,21.938559,19.244183,21.551292
28,26.27335,22.042896,23.105814,19.24476,16.41365,20.762672,15.122898,19.934595,17.660177,20.91877,21.143843,24.308643,26.363752,26.515896,24.393732,19.859915,20.397154,16.068483,17.531511,13.8268175,15.489903,17.644674,16.798916,11.570282,11.628703,8.560429,9.085164,7.1705766,0.0,5.082654,6.9838157,12.110244,16.253275,17.993233,20.979261,23.200865,25.084274,23.389698,22.225769,20.1499,16.414772,15.087098,10.823566,11.196196,7.797431,7.694298,8.651376,13.037234,13.982042,18.924965,19.483135,22.598228,24.82671,25.229828,25.485867,27.754976,25.022247,25.878403,30.801136,26.493282,23.10704,24.561045,21.352144,20.895218,24.153454,22.21857,21.998264,18.823738,18.288336,12.477184,14.811661,12.062063,12.460292,15.303588,15.865242,19.826218,21.073418,24.583242,24.765339,25.032753,25.669153,22.260155,18.683317,16.515219,12.566932,13.522151,7.7175937,8.515758,7.5716157,9.240209,8.351843,9.841869,7.363702,8.869063,10.486884,11.504647,14.98858,17.768578,18.75239,15.98785,18.662355,13.893293,19.039371,17.876486,20.123178,21.294191,22.396917,24.376955,19.117147,16.174112,19.29057,12.687005,16.248785,13.724946,17.109158
29,31.273754,27.039612,28.15384,24.154688,21.378668,25.412556,19.677698,23.733097,20.834621,23.67435,23.119156,25.948256,28.636124,28.741837,27.560848,22.718794,23.996744,19.77174,21.683012,18.303524,19.805326,22.335907,20.80255,15.696047,14.812942,12.910816,11.122178,7.799485,5.082654,0.0,5.5366006,8.10196,12.8159,15.73842,17.764389,20.52369,22.283995,20.59187,20.396536,18.176691,15.6625185,12.9461355,10.494667,8.925805,8.95989,8.770335,11.512819,15.529656,16.74417,21.939796,22.091948,25.740826,27.809475,27.319681,27.977295,30.041862,26.66982,27.150595,31.498499,26.686018,23.686232,24.541859,22.230099,21.074547,25.194695,22.10727,22.294905,19.94537,17.870234,12.093861,14.053559,11.152117,13.266322,14.62722,16.311018,18.965706,20.747028,24.15516,24.406775,24.157473,25.441202,22.710762,18.975115,17.854618,13.9476595,16.328821,10.782411,13.153766,12.519872,14.152028,12.568194,13.231871,9.946858,9.904889,10.005511,11.952749,14.677454,18.042135,19.542282,16.362862,20.4085,15.661463,21.362959,20.971588,23.264904,25.074127,26.410856,28.641735,23.60737,20.514246,23.048603,16.247673,19.231958,15.867023,19.245161
30,31.824293,27.67757,28.214483,25.003012,21.51316,25.548851,18.992027,22.813929,20.30789,22.22957,22.147491,24.489458,27.11443,27.954786,26.651495,22.690598,24.185604,20.369228,22.813549,19.523935,21.981901,24.094563,23.715618,18.398386,18.456089,15.233939,14.9814,12.591087,6.9838157,5.5366006,0.0,6.499554,9.791343,12.145581,15.593326,17.50141,20.12967,19.210796,18.507322,17.191,13.427278,13.418082,10.856401,11.489892,10.837918,13.075376,14.417231,19.367882,19.550165,24.904558,24.450123,27.97289,29.403414,29.178627,28.975073,30.41596,27.531301,27.471579,32.088608,27.596601,24.308962,26.559494,24.634491,24.245047,28.70827,26.259054,26.923433,24.631403,23.02304,17.15726,18.407038,14.536134,15.286261,16.349646,16.666256,19.423693,19.746998,23.315872,22.600285,21.891962,22.569077,20.504187,15.773268,15.043746,12.097214,13.826839,9.856827,13.393043,12.014936,14.585565,12.294576,11.757927,7.2287273,8.772417,6.5596676,7.4228835,9.764123,13.379811,14.340941,10.914783,15.285584,10.825275,16.755083,17.33638,20.03611,22.037725,23.379745,25.655859,21.147255,17.919704,19.55436,12.915915,15.502894,12.018629,15.995483
31,37.947872,33.762096,34.170612,30.633738,27.244436,30.733545,24.30519,27.064978,23.843853,25.276808,24.162992,25.984303,29.316322,29.994621,29.955244,25.690409,28.008965,24.408655,27.309978,24.46076,26.821793,29.563272,28.503937,23.147966,22.889772,20.58905,19.089115,15.752997,12.110244,8.10196,6.499554,0.0,4.8984404,9.203701,10.631041,13.394614,15.667322,14.81914,15.592748,14.254008,12.742846,11.126085,11.609437,10.472474,13.329297,15.641631,17.949211,22.562178,22.713312,28.23133,27.193499,31.239302,32.36416,31.094133,31.302078,32.42439,28.871796,28.320671,32.06174,27.14658,24.476791,26.089468,25.405312,24.433811,29.775312,26.370348,27.706356,26.51787,23.6279,18.279167,18.54884,14.662662,16.69691,15.895408,17.282665,18.101976,18.951822,22.133791,21.548325,20.171457,21.79468,20.745153,16.396488,17.149536,14.563664,17.895445,14.375238,18.73532,18.199184,20.753992,18.586098,18.040794,13.616371,14.018072,10.888296,12.235704,12.922589,16.849527,17.923338,14.191279,19.43654,15.230546,20.879156,21.904675,24.233723,26.98602,28.665394,31.380848,27.179604,23.930317,25.46789,19.07732,21.331697,17.617397,21.373764
32,41.222633,37.11828,37.094017,33.95082,30.244047,33.436726,26.748644,28.832623,25.70798,26.25806,25.088326,26.231655,29.702827,30.827152,31.237322,27.592747,30.28647,27.128834,30.426588,27.843561,30.66756,33.374325,32.751514,27.289005,27.467367,24.780104,23.749838,20.56372,16.253275,12.8159,9.791343,4.8984404,0.0,5.924288,7.504231,9.476516,12.563247,12.800004,13.846541,13.614788,12.3864355,12.678654,14.10757,13.952652,16.862446,20.105011,21.941864,26.87199,26.460032,32.032146,30.466175,34.534153,35.127502,33.690678,33.46295,34.005016,30.638369,29.528873,33.004173,28.327623,25.794725,28.11985,28.134308,27.519386,33.214058,30.020796,31.81827,30.9592,28.083546,22.84316,22.546906,18.333185,19.785488,18.332779,19.039484,19.111858,18.924398,21.840565,20.50062,18.40539,19.89801,20.072607,15.429552,17.259613,15.857902,19.10391,17.036695,21.929182,21.364962,24.296736,21.973577,20.929852,16.307323,17.185932,13.050475,13.564251,12.941396,16.717281,17.168905,13.433892,18.798254,15.36107,20.415932,22.28086,24.556995,27.678802,29.462847,32.34497,28.776201,25.57633,26.483856,20.715673,22.482674,18.956594,22.764318
33,41.023026,37.074974,36.19342,33.36602,29.409946,31.748203,25.127995,25.938072,22.835732,22.431566,21.11897,21.608107,25.143522,26.602318,27.543438,24.5919,27.727074,25.27245,29.077808,27.147957,30.612907,33.575798,33.519917,27.948542,29.375576,26.2843,26.53137,23.36974,17.993233,15.73842,12.145581,9.203701,5.924288,0.0,5.607224,5.60104,9.009131,9.69042,9.20689,10.1195135,8.154217,11.44495,12.919728,14.6372595,16.719345,21.441847,22.229464,27.559767,26.05496,31.541063,29.159304,33.139,32.95424,31.421846,30.582052,30.465418,27.473412,25.842566,29.231953,25.060242,22.503035,25.963425,26.465893,26.645617,32.484142,30.158117,32.554417,32.04549,29.815329,24.634981,23.432447,18.69952,18.80966,17.013529,16.434696,16.25905,14.642265,17.382837,15.327165,12.976654,14.123069,14.933701,10.372971,13.143031,13.036699,16.374664,16.07474,21.50408,21.708189,25.26108,23.564869,22.701519,17.91281,20.293653,16.269,15.636694,15.039303,18.566067,17.491802,13.502979,17.432379,13.783002,17.633968,19.35071,21.044767,24.729053,26.83189,30.283213,27.367903,24.32232,25.610912,20.59501,22.828758,20.193329,24.513153
34,45.141613,41.109142,40.3462,37.05611,33.35891,35.434124,29.153376,29.546577,25.922117,25.638075,23.47037,23.771961,27.726343,28.687199,30.549576,27.112387,30.626698,28.191357,32.04846,30.340143,33.48249,36.91004,36.187565,30.667871,31.776627,29.394531,28.82686,25.158775,20.979261,17.764389,15.593326,10.631041,7.504231,5.607224,0.0,4.0020885,5.2080946,5.7294817,8.060392,8.644382,10.45164,10.892707,14.596327,14.772519,18.720736,22.921043,24.350056,29.180252,27.851542,33.274994,30.676908,34.958607,34.72917,32.38993,32.122643,31.971668,28.386724,26.583887,29.01282,24.52645,22.724005,25.1554,26.607555,26.225956,32.46604,29.46399,32.26706,32.581383,29.576096,25.03784,23.20495,18.911963,19.972826,16.992384,17.55762,15.618284,15.085631,17.101177,15.7835045,13.166551,15.642386,16.923,13.908892,16.975266,16.462194,20.686575,19.702757,25.124971,25.793089,29.16239,27.596193,27.020742,22.23936,23.942505,20.109274,20.18224,19.625725,23.283447,22.7256,18.797554,23.023193,19.229477,23.104984,24.442791,25.793814,29.669384,31.912083,35.542564,32.447365,29.366041,31.022985,25.700268,28.08205,25.15248,29.350113
