,0,1,2,3,4,5,6,7,8,9,10,11,12,13,14,15,16,17,18,19,20,21,22,23,24,25,26,27,28,29,30,31,32,33,34,35,36,37,38,39,40,41,42,43,44,45,46,47,48,49,50,51,52,53,54,55,56,57,58,59,60,61,62,63,64,65,66,67,68,69,70,71,72,73,74,75,76,77,78,79,80,81,82,83,84,85,86,87,88,89,90,91,92,93,94,95,96,97,98,99,100,101
0,0.0,5.2403874,7.2156534,9.390433,11.904678,16.048223,16.690262,21.168049,24.312418,26.392656,31.200226,33.440758,33.18485,33.39012,28.868578,28.388777,26.121561,25.496618,25.86124,22.838984,25.41254,23.540884,25.203388,23.784393,19.973282,16.163788,18.36395,22.568167,22.140612,27.188282,30.009542,33.495853,35.366226,39.849937,40.71436,44.248096,47.604595,43.733994,42.745514,40.183174,37.860245,34.067745,31.366863,29.529505,26.045937,23.089973,17.831022,21.586885,25.918804,27.295414,30.417114,33.411697,36.660995,38.481503,37.497482,41.146156,40.806374,36.69475,41.47077,38.223003,36.186066,37.45874,34.87632,36.41107,33.288254,32.752502,28.78827,27.272402,27.449766,29.569254,30.12339,31.71081,35.278122,34.52016,39.29699,40.784832,44.732845,45.26716,47.108418,45.507484,41.212296,42.186825,36.31517,34.520832,30.266018,30.160952,26.571995,25.9687,22.77027,21.13691,19.03033,20.821701,19.892254,26.37799,22.831161,20.416391,24.997002,27.514448,26.031952,24.565277,30.566261,29.132645
1,5.2403874,0.0,5.8143806,8.191194,11.116094,13.190283,16.085577,18.971416,22.968786,24.768576,29.164362,31.993164,31.084335,31.226162,26.735266,27.044529,24.554855,24.969656,25.341812,23.136127,26.275629,24.227432,26.915178,25.604897,22.699604,18.320744,20.839792,24.367825,23.165438,28.392094,30.50874,33.63298,35.665497,39.851234,40.91733,44.10763,47.727528,44.289528,43.50556,40.8717,38.905827,35.319004,32.629467,31.311699,27.53592,25.778776,20.14603,24.674152,28.841827,29.289103,32.66929,35.234825,38.713654,39.705364,38.618614,41.931614,41.542076,37.378853,41.96227,38.170704,36.928196,37.51144,35.511967,36.896328,34.398556,33.44681,29.496613,27.149317,27.652384,28.888733,30.007322,30.940134,34.703033,33.235554,38.328373,39.463573,43.271458,43.640278,45.649815,44.12573,40.058414,41.382473,35.37803,33.952145,29.400923,30.223227,26.03911,26.202047,22.692984,21.583738,18.731651,19.571564,17.681559,24.138575,19.66328,17.720959,22.620714,24.358183,22.664175,21.756214,27.581078,26.88745
2,7.2156534,5.8143806,0.0,5.887125,6.525525,9.532207,11.342832,14.428007,18.336279,19.812624,24.47111,27.184341,26.662113,27.204243,22.930656,23.168583,21.443464,21.594927,23.010588,20.831747,24.467638,23.501152,25.753014,23.489948,20.985947,16.490292,17.709044,20.910583,18.90974,24.488436,25.563267,29.14428,30.547613,35.07869,35.702366,39.007988,42.682823,39.197144,38.71897,36.261303,33.987747,30.90716,27.823532,27.036558,22.817604,22.051556,15.932465,20.394629,24.410336,24.22747,27.984377,30.080107,33.905884,34.658695,34.025925,37.305943,37.369648,33.517277,38.57651,35.30056,34.447994,35.506435,33.923336,35.887836,33.51768,33.432392,29.644989,27.37171,26.850035,27.583576,28.076,28.737185,31.903742,30.526154,35.079433,35.968246,39.75511,39.825703,41.498737,39.707497,35.49767,37.19964,31.20211,30.047388,25.817682,27.201313,23.231934,23.872124,21.127432,20.84983,18.471416,18.803574,18.252777,24.505192,20.253044,16.834349,21.427324,23.856546,21.258738,19.473093,25.271023,23.97252
3,9.390433,8.191194,5.887125,0.0,4.266643,8.04291,8.654223,13.037428,15.708375,18.365335,22.942207,24.990282,24.500597,24.322012,19.674345,19.2625,16.833073,16.818882,17.525005,15.4023285,19.038656,17.866402,20.636578,18.715935,16.969442,12.185537,14.397363,17.032726,15.439999,20.561422,22.852625,25.59755,28.104082,31.957014,33.43722,36.522324,40.021706,36.658524,35.663486,32.925896,31.299444,27.544321,25.135178,23.905634,20.265728,19.361979,13.911911,19.478891,23.145657,22.931044,25.984919,28.582483,31.758629,32.30495,30.828018,34.012154,33.462383,29.271563,33.854736,30.157915,29.21113,29.938278,28.333235,30.153366,27.98541,27.76951,24.039505,21.584976,21.051296,21.784506,22.449821,23.256697,26.73899,25.494947,30.3572,31.632513,35.528046,36.05454,38.053528,36.62173,32.484173,33.4121,27.464115,25.83806,21.341982,22.148575,18.023258,18.441336,15.379015,15.157266,12.661635,12.97782,12.918229,19.091488,15.586106,11.850616,16.24022,19.204288,17.275024,15.347251,21.363937,19.743645
4,11.904678,11.116094,6.525525,4.266643,0.0,6.3449936,4.9971414,9.851802,12.409245,14.727186,19.569975,21.568388,21.414614,21.667364,17.281595,16.89758,15.372227,15.185054,17.099543,15.175271,19.240881,19.158422,21.430733,18.652346,17.374445,12.780752,13.423019,15.544862,12.918629,18.462559,19.490963,22.730513,24.57254,28.793653,29.823683,33.011322,36.612392,33.227337,32.573093,30.008703,28.07561,24.874964,22.026505,21.426659,17.262281,17.58631,11.692236,17.141396,20.57619,19.615196,23.089388,25.154238,28.72033,28.960648,27.95961,31.090113,31.014915,27.150131,32.20006,28.99863,28.516712,29.646227,28.502281,30.807838,28.820795,29.325308,25.829897,23.48618,22.111334,22.268951,22.352102,22.792282,25.627285,24.398989,28.701859,29.66644,33.510353,33.702385,35.377575,33.674458,29.407799,30.790787,24.822176,23.541182,19.379131,20.92113,17.04133,18.067183,15.931472,16.59064,14.690323,14.394081,15.39099,20.972065,17.645681,12.986136,16.806046,20.123732,17.346794,14.687323,20.452982,18.349403
5,16.048223,13.190283,9.532207,8.04291,6.3449936,0.0,7.3527675,6.149025,10.868582,12.268493,16.189505,19.317568,17.969933,18.23967,14.027151,15.397733,13.867229,15.768077,17.888899,17.577475,22.124569,21.979294,25.283852,22.794807,22.598389,17.955,18.851477,19.87814,16.394163,21.530798,21.040466,23.53985,25.37129,28.994303,30.196924,32.748512,36.701736,34.084137,33.853058,31.323929,29.953058,27.373169,24.64864,24.97629,20.712774,22.699074,17.134119,22.569757,25.534622,23.42253,27.039799,28.270588,32.033943,31.030268,30.040987,32.507797,32.474365,28.782375,33.436947,29.649609,30.485802,30.661573,30.50247,32.616444,31.555513,31.64021,28.347694,25.090475,24.032482,22.723976,23.507885,22.761515,25.586737,23.199017,27.726027,27.963406,31.496708,31.295824,33.132618,31.491354,27.63854,29.733543,23.690718,23.233398,18.853031,22.158716,17.636505,20.022655,17.83785,19.355438,16.785376,14.874657,14.85149,19.686323,15.248381,10.842229,14.675959,16.782974,12.996394,10.890582,16.223751,15.330584
6,16.690262,16.085577,11.342832,8.654223,4.9971414,7.3527675,0.0,7.303614,7.8444505,10.693112,15.634498,16.955635,17.296253,17.558697,13.388472,12.493107,11.846741,11.318934,14.371223,13.020221,17.427387,18.528322,20.524757,17.129677,17.146711,13.06966,12.457849,13.049196,9.250621,14.719615,14.736986,17.90234,19.70479,23.833036,24.936125,28.04332,31.655817,28.388485,27.817858,25.280846,23.492458,20.594412,17.732704,17.765676,13.456415,15.599308,10.336578,15.838873,18.439693,16.381092,19.757647,21.373726,24.910095,24.485723,23.473095,26.390303,26.478106,22.829065,28.066301,25.192081,25.330776,26.6498,26.143013,28.86984,27.334757,28.534204,25.453924,23.152554,20.882385,20.247437,19.747643,19.735018,21.877722,20.744453,24.476984,25.282896,29.100527,29.181837,30.677698,28.900724,24.55332,25.971874,20.040907,18.914423,15.069497,17.274374,13.722765,15.478026,14.480985,16.26355,15.086095,14.033911,16.374027,20.85113,18.371826,12.991788,15.555132,19.414675,16.27421,12.808758,17.974257,15.06674
7,21.168049,18.971416,14.428007,13.037428,9.851802,6.149025,7.303614,0.0,5.9476357,6.163574,10.198412,13.410272,12.285982,13.189643,9.676622,11.5801735,11.846471,13.923565,17.46026,17.906275,22.621891,23.728554,26.5453,23.385414,24.16848,20.058674,19.601227,19.379278,14.868521,19.534151,16.890331,19.368523,20.420431,24.0166,24.851923,27.19663,31.310951,29.018267,29.2813,27.008024,25.665073,24.049835,21.138876,22.586512,18.160027,22.161465,17.192778,22.057758,24.161036,20.774414,24.471899,24.720282,28.680387,26.718307,26.183094,28.197878,28.69356,25.592224,30.486227,27.299385,29.092781,29.513597,30.208786,32.816334,32.25103,33.150658,30.313921,27.19569,25.18583,22.961624,23.05588,21.592663,23.316628,20.82608,24.35212,23.977968,27.293955,26.577976,27.993427,26.046837,22.157955,24.961096,19.03757,19.358212,15.698505,20.358828,16.430574,19.747316,18.90972,21.44833,19.66102,17.163935,18.489264,22.037048,18.543467,13.576188,15.710236,18.148813,13.624725,10.56073,14.446556,12.824913
8,24.312418,22.968786,18.336279,15.708375,12.409245,10.868582,7.8444505,5.9476357,0.0,4.5169883,8.493614,9.307886,9.626792,9.984078,6.6057386,6.543077,8.422742,9.513091,13.999438,14.889225,19.37828,21.566357,23.802565,20.314442,22.20117,18.8705,17.63266,16.010702,11.227026,14.80554,11.56218,13.460178,15.033007,18.25839,19.623104,21.941582,25.887253,23.561113,23.5484,21.178423,20.220743,18.604555,16.106543,17.919842,14.020543,19.204926,15.622384,20.22692,21.396095,17.449621,20.422035,20.5578,23.975252,21.505022,20.564203,22.39023,22.796577,19.834759,24.788488,22.047716,24.19004,24.954617,26.084375,29.069506,28.800655,30.450724,28.09623,25.385836,22.489002,19.897882,19.176956,17.54194,18.388144,16.442223,19.187376,18.992775,22.471024,21.973906,23.279161,21.3778,17.183123,19.430183,13.473371,13.631336,10.466564,15.479022,12.384874,16.057707,16.531225,19.774137,18.968348,16.409876,19.26843,21.726269,19.865013,14.54096,15.028271,18.444626,14.557424,10.686488,13.555572,10.20877
9,26.392656,24.768576,19.812624,18.365335,14.727186,12.268493,10.693112,6.163574,4.5169883,0.0,5.178724,7.7060084,7.687732,9.639839,8.025292,9.739355,12.304088,13.859861,18.4102,19.391695,23.849041,26.064022,28.215132,24.56799,26.184511,22.808706,21.190105,19.787178,14.780735,18.350168,13.282586,15.607684,15.506055,19.025177,19.345123,21.468086,25.714624,23.766172,24.594849,22.688437,21.384003,20.992805,18.020998,20.689495,16.46639,22.297161,18.423004,22.314943,23.352764,18.801218,22.285557,21.412424,25.397137,22.378212,22.402456,23.846865,24.984003,22.703396,27.757181,25.472174,28.10526,28.892145,30.345165,33.387947,33.239994,34.945393,32.603485,29.80828,26.980553,24.166986,23.477777,21.514484,21.88692,19.638927,21.688452,20.695303,23.680908,22.408688,23.199024,20.856297,16.86528,20.452515,14.932263,16.19228,13.907793,19.503155,16.713772,20.508543,21.031168,24.217085,23.228575,20.573832,22.91726,25.411476,22.947407,17.870983,18.562641,21.257061,16.777475,13.365798,15.286557,12.8389435
10,31.200226,29.164362,24.47111,22.942207,19.569975,16.189505,15.634498,10.198412,8.493614,5.178724,0.0,5.2050166,3.431121,6.685337,7.8599014,10.88721,14.072667,16.488075,20.861067,22.740963,27.04469,29.421953,31.810951,28.352053,30.57597,27.358847,25.827242,23.867985,18.957127,21.575197,15.668081,16.698572,16.261322,18.525707,18.88983,19.978243,24.357595,23.469692,24.788797,23.179827,22.593952,23.070044,20.60719,23.870974,20.19399,26.626738,23.294357,26.97561,27.551573,22.558882,25.642702,24.089893,27.777515,23.684538,23.793161,24.324696,25.596605,23.92378,28.338144,26.1052,29.827597,30.07109,32.366867,35.32979,35.87205,37.571217,35.57432,32.52986,29.68963,26.026093,25.486765,22.730991,22.448973,19.630283,20.880642,18.927317,21.228533,19.268162,19.821342,17.399912,14.078072,18.665176,13.888261,16.350935,14.949358,21.45654,19.014376,23.329351,24.190975,27.75055,26.764505,23.581692,25.777107,27.26413,25.013119,20.464872,20.279058,22.196741,17.644379,14.820424,14.658018,13.005933
11,33.440758,31.993164,27.184341,24.990282,21.568388,19.317568,16.955635,13.410272,9.307886,7.7060084,5.2050166,0.0,4.3437304,6.2363577,8.493601,9.406139,13.633116,14.973068,19.549248,21.593948,25.398552,28.489697,30.282845,26.698847,29.58107,27.050102,25.012547,22.198832,17.561085,18.877724,12.323591,12.383309,11.8597,13.39805,14.159081,15.040331,19.351368,18.582405,19.819551,18.289803,18.162924,19.07875,17.155783,20.818775,17.92931,24.962275,22.827211,26.02901,25.827625,20.577538,22.865791,21.05985,24.119017,19.419436,19.331837,19.418428,20.795483,19.6174,23.933342,22.422365,26.461063,27.059162,29.703785,32.921333,33.674538,35.973915,34.400906,31.802355,28.38086,24.637867,23.415934,20.643272,19.348549,17.237953,17.217499,15.245141,17.529661,15.63063,15.822121,13.246364,9.344589,13.864293,9.444964,12.346563,12.348078,18.695166,17.402225,21.59847,23.417185,27.238413,26.96517,23.96071,27.047062,27.91558,26.79186,22.085745,21.032509,23.59921,19.724064,16.53808,15.896688,13.090125
12,33.18485,31.084335,26.662113,24.500597,21.414614,17.969933,17.296253,12.285982,9.626792,7.687732,3.431121,4.3437304,0.0,3.6363888,6.6572456,9.749754,13.134863,15.881475,19.964176,22.447536,26.5341,29.031681,31.560722,28.348274,31.136864,28.127909,26.803413,24.350258,19.692451,21.54702,15.963494,15.787184,16.112589,17.217167,18.389118,18.848516,23.10591,22.73717,23.836935,22.15023,22.330214,22.726469,20.910484,24.139067,21.041182,27.557034,24.782486,28.631466,28.94661,23.960304,26.499004,25.048838,28.193007,23.674265,23.244896,23.3178,24.22791,22.6448,26.469364,24.049406,28.348207,28.17343,30.948895,33.81243,34.81773,36.510864,34.809517,31.690098,28.793396,24.635792,24.155273,20.972288,20.344803,17.270132,18.179806,15.894152,18.001455,16.008682,16.8037,14.653991,11.640056,16.084564,11.579373,14.435763,13.411063,20.242535,18.06394,22.612051,23.754854,27.568592,26.740211,23.291012,25.67027,26.333706,24.681664,20.423174,19.413116,21.160397,16.978209,14.351125,12.984234,11.35557
13,33.39012,31.226162,27.204243,24.322012,21.667364,18.23967,17.558697,13.189643,9.984078,9.639839,6.685337,6.2363577,3.6363888,0.0,4.831307,7.850197,10.879551,14.104747,17.647383,20.68329,24.580833,26.982578,29.787966,26.955063,30.181614,27.2871,26.415842,23.673496,19.402754,20.73316,16.283588,15.052402,16.765165,16.95216,19.23251,19.412092,23.399536,23.17372,23.675974,21.680037,22.561832,22.280897,21.117771,23.887411,21.29997,27.441801,25.047487,29.296225,29.602022,24.928905,26.989399,26.066923,28.67199,24.198704,22.942526,22.893953,23.107428,21.192486,24.407795,21.401516,25.998964,25.295296,28.334902,30.99924,32.361923,33.87194,32.369648,29.126617,26.31504,21.766708,21.515753,18.00001,17.445505,13.984301,15.239305,13.033085,15.349242,13.878563,15.422891,13.918093,11.133706,14.45871,9.790005,12.399176,11.09536,18.05358,15.829781,20.536304,21.713043,25.6765,24.91541,21.240307,23.728334,23.66939,22.610912,18.663614,16.90989,18.584358,14.9008665,12.442069,10.205571,8.437033
14,28.868578,26.735266,22.930656,19.674345,17.281595,14.027151,13.388472,9.676622,6.6057386,8.025292,7.8599014,8.493601,6.6572456,4.831307,0.0,4.8904395,6.768781,10.545991,13.983595,16.718927,20.938927,22.910275,26.003614,23.287554,26.170166,22.965714,22.577114,20.278702,16.113369,18.196043,15.234194,14.696967,17.334427,18.45252,20.95572,21.982134,25.891367,24.780043,24.700314,22.280254,22.754313,21.325926,19.96965,21.9289,19.0466,24.323889,21.477345,26.30499,27.145695,23.072197,25.314684,25.243864,27.95492,24.427904,22.762365,23.548208,23.33052,20.527105,24.1299,20.49475,24.137407,23.5179,25.809307,28.376423,29.259974,30.454433,28.579996,25.233295,22.651634,18.54329,18.576717,15.544852,16.177982,12.784136,15.72467,14.739493,17.862991,17.313484,19.268873,17.962091,14.632927,16.801945,11.155341,12.208829,9.077379,15.624223,12.396205,17.036419,17.578838,21.367582,20.347052,16.723036,19.178696,19.790878,18.43778,14.086588,12.840289,15.138379,11.308531,8.159939,8.0090475,5.2027607
15,28.388777,27.044529,23.168583,19.2625,16.89758,15.397733,12.493107,11.5801735,6.543077,9.739355,10.88721,9.406139,9.749754,7.850197,4.8904395,0.0,4.5113325,6.273027,10.31114,12.944811,16.851255,19.5023,21.99231,19.111288,22.49609,19.88494,19.165848,16.208921,12.447048,13.6223345,11.734912,10.606896,14.480034,15.482087,18.65019,20.080612,23.608757,21.937975,21.171066,18.448284,19.101357,16.917837,16.064735,17.58416,15.3459215,20.490313,18.616074,23.295029,23.752817,19.976513,21.536385,21.995684,24.110683,20.951437,18.628899,19.725523,19.086596,15.897383,19.74087,16.302402,19.513783,19.47258,21.555079,24.445513,25.133984,26.895023,25.212477,22.420963,19.177107,15.418155,14.609341,12.012188,12.298818,10.016703,12.814342,12.921966,16.657133,16.897118,18.849434,17.710018,13.880528,14.56244,8.573542,8.210208,4.517828,10.935191,8.325898,12.878097,14.320177,18.308657,18.09806,14.975766,18.61097,19.122856,18.99261,14.290851,12.550718,16.156427,13.436447,9.798309,10.669083,6.047214
16,26.121561,24.554855,21.443464,16.833073,15.372227,13.867229,11.846741,11.846471,8.422742,12.304088,14.072667,13.633116,13.134863,10.879551,6.768781,4.5113325,0.0,5.1259427,7.331013,10.393149,14.493259,16.240114,19.5995,17.417852,20.682247,17.73784,18.20734,15.784508,12.818635,14.37951,14.877014,13.843009,18.414946,19.368036,22.848473,24.351328,27.678333,25.854794,24.608114,21.64707,22.405497,19.217793,18.651533,19.074917,17.012335,20.634415,18.483925,23.870977,24.90387,21.99624,23.468279,24.790644,26.696814,24.30581,21.45702,22.905828,21.578884,17.706585,20.96283,16.464148,18.919027,18.189053,19.725048,22.133263,22.742558,23.754442,21.813507,18.575033,15.899214,12.118265,12.278478,9.910191,12.014329,9.386013,14.066977,14.953129,18.794256,19.667126,22.15964,21.469114,17.97613,17.896152,12.237672,10.888525,5.9794273,10.406676,6.119997,10.650304,10.928193,14.850419,14.187127,10.694749,14.226868,14.673422,14.721274,10.180336,8.171464,12.25664,10.25211,6.721665,8.998341,4.5957656
17,25.496618,24.969656,21.594927,16.818882,15.185054,15.768077,11.318934,13.923565,9.513091,13.859861,16.488075,14.973068,15.881475,14.104747,10.545991,6.273027,5.1259427,0.0,5.0531507,6.77462,10.65622,13.548003,15.72649,12.944062,16.611538,14.4185505,14.175871,11.044314,8.696193,9.38903,11.770076,10.938081,16.069239,17.42426,20.949677,23.046713,25.96233,23.394108,21.589106,18.46588,18.937359,14.900476,14.633093,14.303306,12.8618555,16.034073,14.961096,19.99114,20.657875,18.236654,19.075134,21.034958,22.446684,20.828825,17.59722,19.661783,18.140827,13.868069,17.801456,14.0437765,15.219102,15.832135,16.587473,19.57874,19.478024,21.404545,19.529911,17.297882,13.64575,11.194916,9.751918,8.964328,10.576596,10.217049,13.91881,15.784098,19.862217,21.114204,23.224243,22.429092,18.519331,17.525766,12.1444435,9.450285,5.1192865,6.511053,3.1021128,6.8423724,8.630067,12.557681,13.1367035,10.997457,15.708602,16.682352,17.618717,12.885521,11.396768,16.224106,14.898779,11.334949,14.074328,9.492027
18,25.86124,25.341812,23.010588,17.525005,17.099543,17.888899,14.371223,17.46026,13.999438,18.4102,20.861067,19.549248,19.964176,17.647383,13.983595,10.31114,7.331013,5.0531507,0.0,4.6198936,7.5138235,9.584984,12.769036,11.46161,15.619281,13.799769,15.088812,12.316344,11.878917,11.705017,16.276611,14.734948,20.496576,21.080652,25.187817,27.012085,29.541348,27.118172,24.73188,21.465244,22.527376,17.726307,18.332413,16.907818,16.439768,17.733898,17.266842,22.507984,23.385443,21.953655,22.182964,24.881374,25.596664,24.527868,20.58224,22.583096,20.129574,15.445624,17.944529,13.058232,13.268969,12.829377,12.978948,15.374973,15.465766,16.715193,14.90357,12.416093,8.879618,6.348351,5.673157,5.9719687,9.62691,9.709723,14.513389,17.20151,21.197037,23.198952,25.806322,25.595774,22.15102,20.147497,15.467098,12.229894,8.186936,6.1724086,2.333228,3.7909148,4.8281436,9.009197,9.96817,8.0006275,13.099138,13.057949,15.489065,11.855492,9.560401,14.498369,14.828315,12.191797,14.885232,11.082201
19,22.838984,23.136127,20.831747,15.4023285,15.175271,17.577475,13.020221,17.906275,14.889225,19.391695,22.740963,21.593948,22.447536,20.68329,16.718927,12.944811,10.393149,6.77462,4.6198936,0.0,4.736886,7.0602236,9.322302,7.365929,11.033453,9.332059,10.819529,8.645369,9.47705,9.880461,16.049484,15.770044,20.998707,22.567335,26.083826,28.55133,30.983307,27.860693,25.355963,22.136892,22.358778,17.040562,17.254244,14.861663,14.376401,13.983615,13.689859,18.901342,20.113773,19.640486,19.833614,23.260283,24.008095,24.100304,20.401644,23.163681,20.95982,16.16271,19.434427,15.536664,13.855196,14.864743,13.342136,15.912033,14.449885,16.030855,13.595462,12.101364,8.438941,9.099501,7.7289395,10.015806,13.142766,14.104342,18.274887,21.077929,25.12888,26.99818,29.2833,28.759546,24.93896,23.109934,18.347412,14.935596,11.284216,7.9110837,5.6972914,3.1354077,3.2303944,6.238695,8.122385,8.216155,13.395547,15.034321,16.927647,13.027111,12.353907,17.427948,17.549585,14.717118,18.539719,14.722786
20,25.41254,26.275629,24.467638,19.038656,19.240881,22.124569,17.427387,22.621891,19.37828,23.849041,27.04469,25.398552,26.5341,24.580833,20.938927,16.851255,14.493259,10.65622,7.5138235,4.736886,0.0,4.938504,5.3950753,5.136561,9.997435,10.318368,12.022362,9.6831255,12.416303,10.993836,18.606339,17.729485,23.266325,24.25004,28.087662,30.47667,32.345753,29.131884,26.030308,22.816532,23.416315,17.548174,18.727476,15.41121,16.372276,14.518965,15.955798,20.31503,21.082342,21.50232,20.6582,24.662874,24.418547,25.173523,20.910494,23.68676,20.832878,16.007244,18.275536,14.693503,11.153879,12.65576,9.665781,12.177992,9.938341,12.203808,10.227395,10.301893,5.911618,8.94715,6.767757,10.77751,13.59272,15.808592,19.380507,22.80699,26.698578,29.06884,31.371984,31.164373,27.562168,24.792406,20.85029,16.967716,14.255521,8.702187,8.854915,4.1204596,5.3752546,6.160704,9.682494,11.033054,15.954872,16.71735,19.82209,16.794489,15.660271,20.473976,21.432674,18.958294,22.297464,18.551575
21,23.540884,24.227432,23.501152,17.866402,19.158422,21.979294,18.528322,23.728554,21.566357,26.064022,29.421953,28.489697,29.031681,26.982578,22.910275,19.5023,16.240114,13.548003,9.584984,7.0602236,4.938504,0.0,5.620018,7.886052,10.511279,10.126238,13.742074,13.024533,15.622141,15.457207,22.75078,22.17845,27.644093,28.795204,32.6029,34.969498,37.02937,33.89554,30.90317,27.67295,28.18317,22.369965,23.191755,19.839853,20.219395,17.498728,17.926752,22.723728,24.2281,25.107101,24.721914,28.87721,28.949047,29.895695,25.785904,28.572357,25.700945,20.856903,22.714876,18.503702,15.066855,15.337806,11.854354,12.878276,10.276975,10.235,6.9988217,6.542989,4.393622,9.2724,9.28937,13.020956,16.90683,18.290056,22.754772,26.074734,29.933403,32.356396,34.961468,34.856075,31.340845,28.811214,24.591976,20.921213,17.521904,12.885324,11.601451,7.6950626,5.3373084,2.781546,6.4560013,9.130834,13.064813,14.141374,17.393736,15.422216,14.896431,19.19626,20.904005,19.134012,22.940771,19.97575
22,25.203388,26.915178,25.753014,20.636578,21.430733,25.283852,20.524757,26.5453,23.802565,28.215132,31.810951,30.282845,31.560722,29.787966,26.003614,21.99231,19.5995,15.72649,12.769036,9.322302,5.3950753,5.620018,0.0,4.7601414,7.588862,9.856254,12.166556,11.295591,15.386933,14.074434,22.349646,22.060862,27.159803,28.489115,31.99746,34.681057,36.26811,32.66986,29.35044,26.294048,26.47333,20.383278,21.565977,17.38912,18.82155,14.693586,16.922224,20.468685,21.419645,23.232033,21.980234,26.666054,26.020523,27.97471,23.864271,27.006294,24.152494,19.57388,21.584227,18.80075,13.7701845,15.883078,11.328692,13.002083,8.792556,10.952485,8.730542,10.966719,8.071833,13.172537,11.471342,15.83071,18.51319,21.059904,24.39364,27.978952,31.799843,34.27196,36.47877,36.247643,32.579647,29.672386,25.950333,22.000546,19.5449,13.728737,14.189272,9.498344,9.467958,7.536597,11.355115,14.2765665,18.394922,19.729414,22.845148,20.35266,19.930609,24.509157,25.78152,23.514523,27.289204,23.729218
23,23.784393,25.604897,23.489948,18.715935,18.652346,22.794807,17.129677,23.385414,20.314442,24.56799,28.352053,26.698847,28.348274,26.955063,23.287554,19.111288,17.417852,12.944062,11.46161,7.365929,5.136561,7.886052,4.7601414,0.0,5.6170683,7.6402454,8.185334,6.5600114,10.911049,9.738832,17.985222,18.366491,22.967636,24.912441,27.951319,30.937653,32.68954,28.8217,25.779844,22.78811,22.398708,16.433666,17.0993,12.956537,14.092606,10.243516,12.682311,16.183935,16.98322,18.492594,17.443731,22.05786,21.800146,23.780119,20.076124,23.527853,21.261547,16.756538,20.037205,17.896122,13.538933,16.5897,13.069341,15.797126,12.312627,15.212716,13.0408325,14.194785,10.495559,14.059214,11.582911,15.371829,17.421972,19.917004,22.83942,26.107166,30.034645,32.098618,33.967857,33.36533,29.414143,27.007603,23.023647,19.238424,16.952188,11.640405,12.2223015,8.02952,9.0796385,8.58298,11.980598,14.257873,18.871443,20.909836,23.149084,19.625708,19.485485,24.44707,24.776142,21.92114,25.863686,21.857649
24,19.973282,22.699604,20.985947,16.969442,17.374445,22.598389,17.146711,24.16848,22.20117,26.184511,30.57597,29.58107,31.136864,30.181614,26.170166,22.49609,20.682247,16.611538,15.619281,11.033453,9.997435,10.511279,7.588862,5.6170683,0.0,4.8168206,6.0984654,8.172416,12.456621,13.204064,20.668484,22.32296,26.00194,28.913883,31.190802,34.61663,36.55217,32.3,29.601444,26.814327,25.523228,19.920258,19.590061,15.340489,15.513312,9.489046,10.954193,14.013021,15.885638,18.699795,18.325401,23.241629,23.591457,26.518263,23.65329,27.509068,25.839165,21.587183,25.373003,23.471807,19.060244,22.085812,18.212517,20.436975,16.276356,18.285463,15.449636,16.781973,14.342738,18.48432,16.707401,20.337986,22.746027,24.773705,28.020365,31.03812,35.04172,36.82362,38.580177,37.67487,33.477146,31.720541,27.33589,23.851126,21.195679,16.794476,16.453499,12.793085,12.301999,10.385725,12.886109,16.118908,19.77623,23.19691,24.44139,20.993746,22.102991,26.874325,26.93169,24.162313,28.923012,25.204739
25,16.163788,18.320744,16.490292,12.185537,12.780752,17.955,13.06966,20.058674,18.8705,22.808706,27.358847,27.050102,28.127909,27.2871,22.965714,19.88494,17.73784,14.4185505,13.799769,9.332059,10.318368,10.126238,9.856254,7.6402454,4.8168206,0.0,5.267848,8.273616,10.7817,13.388049,19.693594,21.711304,25.28771,28.531052,30.704176,34.07969,36.53351,32.49971,30.259134,27.382463,26.008665,20.781912,19.73821,16.355787,15.082501,10.65157,9.210012,13.994197,16.697863,18.502022,19.318117,23.642036,24.96212,27.07892,24.517792,28.239723,26.853645,22.43633,26.601622,23.942059,20.663889,22.899263,19.75012,21.914858,18.437033,19.63549,16.278305,16.20239,14.204723,17.438618,16.393148,19.308508,22.240759,23.32983,27.23287,29.840725,33.923275,35.40815,37.2954,36.24891,31.98479,30.923552,25.92586,22.824617,19.417576,16.38338,14.64401,11.993138,10.346742,8.73775,9.931539,12.855448,16.104189,20.363857,20.636642,16.930555,18.750483,23.373741,23.035517,20.32699,25.524647,22.143147
26,18.36395,20.839792,17.709044,14.397363,13.423019,18.851477,12.457849,19.601227,17.63266,21.190105,25.827242,25.012547,26.803413,26.415842,22.577114,19.165848,18.20734,14.175871,15.088812,10.819529,12.022362,13.742074,12.166556,8.185334,6.0984654,5.267848,0.0,4.9308457,7.6199045,10.312824,16.05879,18.90236,21.568718,25.395227,26.907389,30.623741,32.95324,28.57031,26.53577,23.91942,21.858072,17.007671,15.426159,12.050098,10.555461,5.6102443,4.926013,9.089222,11.472778,13.41663,14.237373,18.61348,20.110556,22.650948,20.689222,24.687225,23.946629,20.01499,24.99836,23.471104,20.384125,23.616207,20.924662,23.808187,20.453106,22.810987,19.969435,20.197584,17.217089,19.75405,17.742508,20.361912,22.229635,23.720148,26.64772,29.043224,33.05626,34.230026,35.622665,34.257023,29.807392,29.002499,24.228779,21.315716,18.714342,15.960296,15.16269,13.007015,13.066679,12.765065,14.326547,16.353453,20.153187,24.139692,24.271145,19.813406,21.312895,26.198254,25.106094,21.809856,26.677317,22.744799
27,22.568167,24.367825,20.910583,17.032726,15.544862,19.87814,13.049196,19.379278,16.010702,19.787178,23.867985,22.198832,24.350258,23.673496,20.278702,16.208921,15.784508,11.044314,12.316344,8.645369,9.6831255,13.024533,11.295591,6.5600114,8.172416,8.273616,4.9308457,0.0,5.078361,5.500701,12.509206,14.492864,17.837572,21.021606,23.073967,26.554764,28.681253,24.458204,22.11348,19.343353,17.829166,12.5522375,11.718074,8.16142,7.771565,5.4269133,7.3949533,10.932236,11.602866,12.168734,12.00885,16.25267,17.099009,18.933788,16.290499,20.136925,19.10988,15.090151,20.135374,18.90045,16.14803,19.688457,17.621462,20.981667,18.275713,21.3991,19.170208,19.358395,15.4676695,17.188847,14.440874,16.865898,17.994959,19.969215,22.259203,24.787731,28.734653,30.056047,31.388823,30.1805,25.841679,24.510895,20.112616,16.947859,14.962187,11.681411,11.957829,9.901024,11.604382,12.580488,14.772906,15.960827,20.591896,23.432766,24.348581,19.710617,20.087118,25.18381,24.161552,20.642187,24.70341,20.32926
28,22.140612,23.165438,18.90974,15.439999,12.918629,16.394163,9.250621,14.868521,11.227026,14.780735,18.957127,17.561085,19.692451,19.402754,16.113369,12.447048,12.818635,8.696193,11.878917,9.47705,12.416303,15.622141,15.386933,10.911049,12.456621,10.7817,7.6199045,5.078361,0.0,5.780115,8.982078,11.942859,14.625979,18.467989,20.09827,23.59431,26.325499,22.349186,20.780523,18.088472,16.288681,12.155727,10.018016,8.74269,5.629584,8.217452,6.933543,11.32778,12.185343,10.4937525,11.979922,14.795566,16.961935,17.41209,15.5290365,19.052904,18.787727,15.076648,20.73838,19.25731,18.260042,21.146688,20.26673,23.712137,21.83169,24.610477,22.277529,21.440725,17.657778,17.849937,15.493485,16.59629,17.465502,18.442158,20.72102,22.503475,26.427378,27.173128,28.350473,26.798958,22.289473,22.006363,17.01027,14.602499,12.330308,11.620491,10.818438,10.928008,12.487577,14.540042,15.699188,15.665241,20.064283,23.077967,23.077187,17.874487,18.418646,23.335499,21.39391,17.563913,21.51371,17.126629
29,27.188282,28.392094,24.488436,20.561422,18.462559,21.530798,14.719615,19.534151,14.80554,18.350168,21.575197,18.877724,21.54702,20.73316,18.196043,13.6223345,14.37951,9.38903,11.705017,9.880461,10.993836,15.457207,14.074434,9.738832,13.204064,13.388049,10.312824,5.500701,5.780115,0.0,8.53228,9.313761,13.2616005,15.720854,18.261889,21.4668,23.42915,19.424175,16.908207,13.996783,13.096632,7.6448874,7.752641,5.207533,6.2680073,8.820612,11.279315,13.89528,13.069853,11.631726,10.648683,13.866616,14.161003,14.592276,11.296077,14.858234,13.804141,9.890964,15.491269,14.979472,13.482365,17.270628,16.57964,20.426105,18.854963,22.61637,21.12879,21.051233,16.5156,16.707539,13.277642,14.782301,14.470688,16.856133,17.927473,20.33594,24.114193,25.390343,26.473387,25.316603,21.08969,19.37235,15.506068,12.296637,11.602244,8.624397,10.50087,9.682947,13.070832,15.378315,17.632826,17.68303,22.720411,24.418774,25.782736,20.998394,20.281647,25.31678,24.086695,20.377966,23.272484,18.52301
30,30.009542,30.50874,25.563267,22.852625,19.490963,21.040466,14.736986,16.890331,11.56218,13.282586,15.668081,12.323591,15.963494,16.283588,15.234194,11.734912,14.877014,11.770076,16.276611,16.049484,18.606339,22.75078,22.349646,17.985222,20.668484,19.693594,16.05879,12.509206,8.982078,8.53228,0.0,5.678256,5.6529055,10.341663,11.1406555,14.775036,17.67793,13.838538,13.224456,11.0646715,8.914403,7.945475,4.984844,8.699134,6.526772,14.032582,14.260351,15.97451,14.642973,9.840381,10.829446,10.331844,12.760973,10.161032,9.502417,12.079516,13.519496,11.768516,17.998985,18.327541,19.557018,22.58688,23.53882,27.413956,26.741926,30.286743,28.785042,27.826307,23.486273,21.985561,19.080637,18.63892,17.145172,18.122715,17.847885,18.527004,21.79745,21.720488,21.863985,19.811049,15.247985,15.725903,11.776912,10.865217,11.577066,13.316721,14.222123,16.02728,19.028349,22.0915,23.32051,22.145914,26.644125,28.404314,28.57208,23.282331,22.651543,27.083162,24.445095,20.467838,22.358418,17.770325
31,33.495853,33.63298,29.14428,25.59755,22.730513,23.53985,17.90234,19.368523,13.460178,15.607684,16.698572,12.383309,15.787184,15.052402,14.696967,10.606896,13.843009,10.938081,14.734948,15.770044,17.729485,22.17845,22.060862,18.366491,22.32296,21.711304,18.90236,14.492864,11.942859,9.313761,5.678256,0.0,6.477631,6.913891,10.603652,12.849431,15.320061,12.482363,10.876038,8.016554,8.898566,7.4287267,7.968838,10.694787,10.817134,17.217314,18.344957,20.589287,19.037453,14.9113455,14.478559,14.282385,14.880417,11.058381,8.160191,9.27248,9.415329,7.571383,13.111686,13.444833,15.989557,18.482376,20.484802,24.31498,24.602406,28.269138,27.403385,26.37602,21.838316,19.461983,16.36834,15.27288,12.621718,14.05891,12.606856,13.545035,16.762138,17.23569,17.655449,16.236774,12.056338,10.758737,7.5521674,5.999353,8.71806,10.398675,12.539053,14.689662,18.429113,21.978676,23.503727,21.874327,26.642763,27.076351,28.236984,23.43048,21.596674,25.84641,23.852388,20.173143,20.83466,16.162996
32,35.366226,35.665497,30.547613,28.104082,24.57254,25.37129,19.70479,20.420431,15.033007,15.506055,16.261322,11.8597,16.112589,16.765165,17.334427,14.480034,18.414946,16.069239,20.496576,20.998707,23.266325,27.644093,27.159803,22.967636,26.00194,25.28771,21.568718,17.837572,14.625979,13.2616005,5.6529055,6.477631,0.0,6.206993,5.495566,9.296537,12.309793,8.762648,9.452497,8.338332,6.438648,9.319163,7.6173697,12.399938,11.488768,18.947287,19.6501,20.503456,18.426044,13.17272,13.491353,10.932642,12.7826805,7.5654974,8.480596,9.208259,12.178211,12.483964,18.047567,19.586676,21.942883,24.841318,26.670372,30.588556,30.52255,34.348255,33.27431,32.31438,27.83301,25.69459,22.688488,21.599787,18.967588,19.91097,17.957493,17.784208,20.235092,19.533518,18.746168,16.375166,12.158947,13.225321,11.1121235,11.651308,14.209442,16.7029,18.271708,20.472239,23.853403,27.180325,28.459232,26.916458,31.384478,32.515903,32.832256,27.68013,26.523949,30.566484,27.76336,23.949589,24.64123,20.311895
33,39.849937,39.851234,35.07869,31.957014,28.793653,28.994303,23.833036,24.0166,18.25839,19.025177,18.525707,13.39805,17.217167,16.95216,18.45252,15.482087,19.368036,17.42426,21.080652,22.567335,24.25004,28.795204,28.489115,24.912441,28.913883,28.531052,25.395227,21.021606,18.467989,15.720854,10.341663,6.913891,6.206993,0.0,5.7537374,6.3277483,8.539925,7.04553,6.865824,5.784418,8.130715,10.838206,11.743036,15.582063,16.142164,22.964333,24.38475,25.665169,23.394316,18.693975,17.911394,15.879049,15.914638,9.948411,8.788495,6.688699,8.945483,10.613675,14.422695,16.578402,20.26422,22.535116,25.421366,29.171425,30.059488,33.983067,33.567806,32.598297,28.032692,25.153666,22.105886,20.413948,16.643145,17.882168,14.208783,13.7726755,15.503692,15.069462,14.030228,12.304045,8.994503,8.066544,8.760707,9.747388,14.040614,16.38776,18.858894,21.221157,25.092201,28.741074,30.255846,28.34654,32.960835,32.866146,34.046196,29.392004,27.203949,30.921303,28.696482,25.250643,24.656048,20.506983
34,40.71436,40.91733,35.702366,33.43722,29.823683,30.196924,24.936125,24.851923,19.623104,19.345123,18.88983,14.159081,18.389118,19.23251,20.95572,18.65019,22.848473,20.949677,25.187817,26.083826,28.087662,32.6029,31.99746,27.951319,31.190802,30.704176,26.907389,23.073967,20.09827,18.261889,11.1406555,10.603652,5.495566,5.7537374,0.0,4.5383472,7.396526,4.793089,7.866993,8.633613,7.7802467,12.84932,12.137039,16.862436,16.642702,23.895245,24.956112,25.227507,22.684004,17.460346,17.272858,13.6729,14.675382,8.234211,10.438931,8.998519,13.030429,15.128233,19.554049,22.105114,25.143805,27.90199,30.31756,34.200348,34.571415,38.60398,37.878998,36.978638,32.41903,29.917429,26.86447,25.412313,22.044233,22.99565,19.767643,18.898167,20.33832,19.073614,17.25608,14.72512,11.563844,13.007955,13.218756,14.717262,18.25488,20.932146,22.922812,25.243282,28.850096,32.29993,33.649414,31.913116,36.35726,37.02264,37.490128,32.487263,30.973574,34.697887,31.854923,28.232832,28.050116,24.047943
35,44.248096,44.10763,39.007988,36.522324,33.011322,32.748512,28.04332,27.19663,21.941582,21.468086,19.978243,15.040331,18.848516,19.412092,21.982134,20.080612,24.351328,23.046713,27.012085,28.55133,30.47667,34.969498,34.681057,30.937653,34.61663,34.07969,30.623741,26.554764,23.59431,21.4668,14.775036,12.849431,9.296537,6.3277483,4.5383472,0.0,4.433517,5.939594,9.104847,10.263807,11.3242,16.034864,16.127575,20.593508,20.663097,27.870598,28.935951,29.577557,27.082098,21.915558,21.552591,18.125078,18.586077,12.030035,13.2998295,10.515904,13.970647,16.665005,19.832838,22.438179,26.408154,28.543383,31.658754,35.36431,36.357803,40.29396,39.870052,38.775444,34.276913,31.181822,28.313688,26.322353,22.479507,23.157764,19.077118,17.55236,18.108877,16.45886,14.005127,11.606883,9.691092,11.168573,13.184994,15.4189825,19.513895,22.629353,24.731627,27.385223,31.082157,34.771225,36.0621,33.958523,38.317547,38.316143,39.024433,34.316406,32.295116,35.619576,32.908043,29.576057,28.460596,24.827087
36,47.604595,47.727528,42.682823,40.021706,36.612392,36.701736,31.655817,31.310951,25.887253,25.714624,24.357595,19.351368,23.10591,23.399536,25.891367,23.608757,27.678333,25.96233,29.541348,30.983307,32.345753,37.02937,36.26811,32.68954,36.55217,36.53351,32.95324,28.681253,26.325499,23.42915,17.67793,15.320061,12.309793,8.539925,7.396526,4.433517,0.0,5.2889376,8.105466,10.329615,12.0787115,17.047064,17.979794,22.04153,23.008432,29.731705,31.591202,31.749102,28.802172,24.06931,22.876966,19.521452,18.839336,12.563661,13.699216,10.073463,13.546068,17.290577,19.53971,23.216288,26.95076,29.350103,32.50659,36.18769,37.283527,41.54053,41.474194,40.779194,36.136208,33.256905,30.113846,28.382072,24.129301,25.451523,20.711472,19.547716,19.652212,18.43239,15.763218,14.062566,13.09233,12.96031,16.206987,17.884413,22.41182,24.568651,27.346634,29.536903,33.54624,37.122204,38.762527,36.87735,41.45709,41.169773,42.360336,37.750397,35.48604,38.919548,36.54794,33.242603,32.03628,28.307558
37,43.733994,44.289528,39.197144,36.658524,33.227337,34.084137,28.388485,29.018267,23.561113,23.766172,23.469692,18.582405,22.73717,23.17372,24.780043,21.937975,25.854794,23.394108,27.118172,27.860693,29.131884,33.89554,32.66986,28.8217,32.3,32.49971,28.57031,24.458204,22.349186,19.424175,13.838538,12.482363,8.762648,7.04553,4.793089,5.939594,5.2889376,0.0,4.5128527,6.961938,7.0732994,12.652941,13.26291,17.34362,18.451017,24.96166,27.122868,26.805653,23.67534,19.132298,17.698387,14.351271,13.589492,7.290512,9.268654,6.6250696,11.138416,14.548088,18.155294,21.989948,24.629465,27.81885,30.195292,34.09045,34.50583,38.950542,38.63152,38.24641,33.494053,31.31503,27.889866,26.811237,22.966513,24.74927,20.793524,20.420877,21.53261,20.78868,18.812971,16.88023,14.4820385,14.173935,15.767967,16.571089,20.685944,22.095066,24.96667,26.664577,30.674248,33.96309,35.770687,34.34118,39.077732,39.41843,40.49984,35.61697,33.80494,37.710243,35.31191,31.708536,31.461435,27.2891
38,42.745514,43.50556,38.71897,35.663486,32.573093,33.853058,27.817858,29.2813,23.5484,24.594849,24.788797,19.819551,23.836935,23.675974,24.700314,21.171066,24.608114,21.589106,24.73188,25.355963,26.030308,30.90317,29.35044,25.779844,29.601444,30.259134,26.53577,22.11348,20.780523,16.908207,13.224456,10.876038,9.452497,6.865824,7.866993,9.104847,8.105466,4.5128527,0.0,3.3010762,5.6411777,9.718516,11.80733,14.9351635,17.135735,22.884357,25.821857,25.68844,22.468765,18.638613,16.294369,14.226586,12.175993,6.799791,6.0541663,2.4283147,6.902302,10.77178,14.113201,18.515491,20.638884,24.138584,26.332281,30.217323,30.621742,35.25464,35.188786,35.153954,30.313633,28.458996,24.784534,24.124205,20.158854,22.68302,18.692236,19.179049,20.630592,20.751837,19.41409,18.08746,15.549149,13.490742,15.104665,14.827763,19.078606,19.218866,22.740507,23.862553,28.130053,31.268948,33.430904,32.275005,37.24072,37.310764,38.979584,34.273304,32.21513,36.34602,34.482517,30.904642,30.859793,26.446539
39,40.183174,40.8717,36.261303,32.925896,30.008703,31.323929,25.280846,27.008024,21.178423,22.688437,23.179827,18.289803,22.15023,21.680037,22.280254,18.448284,21.64707,18.46588,21.465244,22.136892,22.816532,27.67295,26.294048,22.78811,26.814327,27.382463,23.91942,19.343353,18.088472,13.996783,11.0646715,8.016554,8.338332,5.784418,8.633613,10.263807,10.329615,6.961938,3.3010762,0.0,5.152591,7.247942,9.901851,12.681185,14.9756775,20.639921,23.5132,23.955954,21.050138,17.3449,15.066615,13.858388,12.05438,7.2197323,4.1222687,1.2784091,4.582715,7.645357,11.72492,15.607476,17.695358,21.158558,23.293236,27.205223,27.60375,32.1273,31.991135,31.871145,27.041845,25.182562,21.505075,20.911537,17.085796,19.732977,16.136728,17.048477,19.004812,19.507486,18.757776,17.583954,14.603487,12.029609,12.836419,11.95057,16.067747,15.919264,19.50462,20.582811,24.870382,28.04406,30.2141,29.058258,34.059834,34.084343,35.869358,31.227564,29.113625,33.32907,31.640665,28.07436,28.208776,23.687494
