,0,1,2,3,4,5,6,7,8,9,10,11,12,13,14,15,16,17,18,19,20,21,22,23,24,25,26,27,28,29,30,31,32,33,34,35,36,37,38,39,40,41,42,43,44,45,46,47,48,49,50,51,52,53,54,55,56,57,58,59,60,61,62,63,64,65,66,67,68,69,70,71,72,73,74,75,76,77,78,79,80,81,82,83,84,85,86,87,88,89,90,91,92,93,94,95,96,97,98,99,100,101,102,103,104,105,106,107,108,109,110,111
0,0.0,4.0081606,7.8462887,9.722929,13.253527,15.442107,18.160164,21.284496,24.32101,27.264732,29.731485,33.46411,35.560387,33.331932,37.301914,32.706093,35.38637,32.590908,37.257732,34.699368,36.59858,39.457653,40.81495,38.46906,38.182514,37.17983,32.048733,30.859985,27.80547,30.295074,34.024406,29.545734,30.436079,35.224735,32.776257,31.64904,34.12594,34.473785,30.07894,27.42668,26.004337,24.823729,21.320332,23.47072,18.285921,22.676023,16.662067,22.86133,20.540262,14.3988695,15.828684,22.183928,17.965677,12.693206,17.841082,15.695969,20.036198,22.316065,26.305761,26.77587,27.196402,29.326,33.224693,33.696735,38.215576,36.74638,42.073437,43.826008,39.810135,42.556847,40.060547,37.152588,33.01544,32.871532,28.58739,29.742052,25.517654,26.505415,21.952536,25.089823,20.941628,18.721447,22.196194,22.661339,26.971983,24.901161,30.646198,32.551636,35.161636,38.299114,39.650887,43.23717,42.302647,43.861523,41.388607,42.198013,38.08541,40.40298,35.698193,39.807106,37.606266,33.168312,31.850998,36.375202,39.235985,39.224777,36.244728,40.561047,35.21854,38.47303,36.988308,38.85067
1,4.0081606,0.0,5.20977,6.1568117,9.555833,12.3752575,14.512687,18.190054,21.012001,24.062696,26.394466,30.37613,32.21546,29.84473,33.99426,29.512476,32.215473,29.724762,34.31497,32.23422,34.20805,37.2334,38.657513,36.69895,36.789986,35.89337,30.684881,29.130615,25.938728,28.195055,31.600718,26.821688,27.543335,32.10508,29.4513,28.113068,30.433979,30.607079,26.297712,23.671757,22.400904,21.422005,18.22275,20.78481,16.004541,21.357128,15.324584,22.301163,20.483803,14.583375,15.927162,22.739527,19.193865,14.124857,19.389658,16.934395,20.29231,22.872646,27.068052,27.129713,26.923458,29.66895,33.36906,33.49683,38.041534,36.01427,41.474445,42.912827,38.700874,41.51314,38.870697,35.79122,31.840185,31.124836,26.944954,27.621632,23.321203,24.092077,19.511751,22.799374,18.684336,17.115883,20.615732,21.079876,25.146318,23.484663,28.749638,31.064056,33.30864,36.585945,37.777756,41.299923,40.42122,41.75085,39.435543,40.26032,36.289986,38.756943,33.779842,38.126938,36.40802,31.899082,30.0559,34.66261,37.454887,37.04007,34.052914,38.075493,32.743195,35.752693,34.396904,35.979702
2,7.8462887,5.20977,0.0,5.1898837,6.957689,9.015239,11.743218,14.567429,18.203083,20.226028,23.349312,26.58746,29.169325,27.226627,31.816986,27.853645,31.092323,29.006788,34.126324,32.45132,35.0355,38.108646,39.998318,38.567883,38.93678,38.40076,33.248203,30.975927,28.142368,30.48557,33.462803,27.908018,29.217558,33.144905,29.763151,28.018349,30.044374,29.710815,25.362108,22.45577,22.377945,20.728487,18.98188,21.163042,17.781677,23.324127,17.625065,24.668083,23.841145,18.123978,18.049742,25.357548,22.755024,17.289314,21.489151,18.422398,21.276947,23.352852,28.090855,26.955769,27.138224,30.690628,33.998333,33.579094,38.635612,36.015965,41.481747,42.887115,38.7654,42.20529,39.72849,36.76688,32.462128,31.50776,27.110752,27.107576,22.529293,22.300913,17.62582,19.998655,15.591969,13.947924,18.062923,19.423506,23.439959,22.800909,27.70675,30.685982,32.932526,36.46394,37.908447,41.33743,39.74634,40.65742,38.12603,38.49691,34.482456,36.471203,31.48171,35.186165,33.98413,29.665398,27.15139,31.370375,33.936962,33.595135,30.862583,35.159153,30.38581,33.503864,32.755287,34.43678
3,9.722929,6.1568117,5.1898837,0.0,3.875944,6.690369,8.5156145,12.348035,14.869978,18.200048,20.258238,24.459547,26.07045,23.703798,27.907648,23.571922,26.49557,24.278574,29.1574,27.497643,29.932692,33.053154,34.878,33.55703,34.09587,33.610798,28.47318,26.046774,23.180222,25.461975,28.333815,22.718184,24.230099,28.123514,24.76854,23.210129,25.49491,25.606646,20.99007,18.103224,17.601677,15.888288,13.80615,16.099167,12.818999,18.804403,13.330531,20.696762,20.279884,15.1683855,15.222113,22.439842,20.509893,15.744701,20.162706,17.25048,18.907606,21.574846,26.03813,25.220434,24.311455,28.031479,31.249796,30.768997,35.45399,32.60301,38.145138,39.224304,34.889755,38.03402,35.37338,32.246555,28.304998,26.966366,22.816448,22.752602,18.325924,18.606365,14.057178,17.390888,13.481081,12.955187,16.150732,16.611063,20.259304,19.334042,23.880018,26.789904,28.673594,32.15634,33.336823,36.74738,35.59787,36.589096,34.35043,35.08068,31.267832,33.815575,28.600842,33.16279,32.007256,27.485533,25.067924,29.751875,32.477238,31.623007,28.615877,32.3291,27.052944,29.88741,28.744528,30.195288
4,13.253527,9.555833,6.957689,3.875944,0.0,4.5529156,5.0357285,9.422422,12.000225,14.896536,17.177048,21.294657,22.966375,20.654285,25.284151,21.387465,24.570616,22.93019,27.880726,26.915066,29.623392,32.84325,34.874638,34.10849,35.03543,34.766785,29.735577,26.847286,24.122746,26.134071,28.453705,22.427929,23.960316,27.23607,23.416082,21.454632,23.368973,23.01768,18.528177,15.545764,15.969979,14.175203,13.493677,15.867994,14.045328,20.357143,15.5076,22.806093,23.008015,18.383423,18.012392,25.176764,23.859312,19.265587,23.259312,20.186848,21.133295,23.638004,28.225744,26.766588,25.643646,29.919477,32.780807,31.879404,36.66676,33.25794,38.78378,39.600956,35.23403,38.616444,35.960823,32.817554,28.991653,27.12723,23.132755,22.31941,17.88942,17.404211,13.043771,15.87478,12.127295,12.497054,15.667699,16.512114,19.661673,19.655499,23.374743,26.852106,28.362667,31.992579,33.118134,36.372505,34.987568,35.580246,33.42013,33.95087,30.311316,32.731472,27.361374,31.764551,31.282642,26.897465,23.755583,28.226799,30.7353,29.539698,26.690058,30.185392,25.258802,27.848917,27.146257,28.336432
5,15.442107,12.3752575,9.015239,6.690369,4.5529156,0.0,4.7864447,5.8521347,9.382547,11.8772955,14.558603,18.049114,20.38409,18.637909,23.086525,19.379005,23.017145,21.250776,26.892265,25.644129,28.959122,31.982416,34.496433,33.933205,34.79942,34.904984,30.085218,26.674469,24.64678,27.100277,29.297018,22.762796,25.590212,28.361078,24.022797,22.170609,24.209372,23.9994,19.132044,15.819074,17.231133,13.913035,14.459295,15.3575325,14.854104,20.092234,15.897825,22.430902,23.543316,19.238132,17.464981,24.613735,24.252565,19.56606,22.375523,19.03477,19.303457,21.29843,26.096712,23.785305,22.950308,27.721085,30.204628,28.92535,34.052895,30.346397,35.7859,36.69471,32.526264,36.43493,34.0575,31.189882,26.909796,25.237835,20.98517,19.886145,15.295246,14.057107,9.624669,11.668201,7.681713,8.261149,11.412468,12.800857,15.946623,16.62464,20.240715,24.020952,25.785282,29.527252,31.035545,34.244312,32.146492,32.585865,30.116455,30.31395,26.534258,28.61032,23.345692,27.388231,26.948679,22.660404,19.370413,23.75392,26.280277,25.295977,22.46858,26.354652,21.64374,24.61749,24.190264,25.851522
6,18.160164,14.512687,11.743218,8.5156145,5.0357285,4.7864447,0.0,5.8553667,7.321981,10.509809,12.281107,16.764385,18.01221,15.664367,20.489874,16.97904,20.40121,19.346325,24.396036,24.123304,27.196737,30.427496,32.77159,32.693405,34.045788,34.13786,29.384584,25.871132,23.589748,25.40095,27.015385,20.499197,22.617956,24.94959,20.502888,18.274118,19.939398,19.398947,14.77337,11.572712,13.372114,10.840727,12.288811,14.085537,14.470395,20.522186,16.843044,23.589455,24.76775,21.052593,20.03313,26.816706,26.571663,22.477169,25.794718,22.699963,22.39527,24.780745,29.255278,27.208424,25.499928,30.354263,32.681675,31.282322,35.98174,31.913208,37.337353,37.753914,33.37299,36.943024,34.324192,31.220028,27.639877,25.149334,21.500402,19.79354,15.614776,14.356118,10.6909485,13.065373,10.284396,12.296467,14.488558,15.25907,17.416012,18.406712,20.835775,24.84891,25.80671,29.523874,30.550337,33.57549,31.98306,32.15045,30.170439,30.586725,27.265856,29.72165,24.206203,28.732561,28.983398,24.777393,21.00795,25.352245,27.668491,25.897558,23.123083,26.068495,21.373346,23.577278,23.230001,24.11554
7,21.284496,18.190054,14.567429,12.348035,9.422422,5.8521347,5.8553667,0.0,4.9771514,6.109076,9.22629,12.199286,14.916001,13.745287,18.447577,15.662653,19.798544,18.841618,24.718792,24.251093,28.1063,31.020472,33.977135,34.21831,35.500305,36.054386,31.627714,27.55812,26.15913,28.421259,29.832895,22.887085,26.3854,28.017197,23.038338,20.953194,22.558027,22.021265,17.314806,13.978897,17.059824,12.943195,15.851028,15.820426,17.635744,22.255085,19.356394,25.057968,27.155006,23.701399,21.272335,27.884773,28.590746,24.343525,26.317284,22.984268,22.032722,23.61676,28.263098,25.049723,23.867891,29.288645,31.035639,29.091469,34.22343,29.735619,34.938526,35.452835,31.427544,35.74252,33.555145,30.885033,26.77119,24.539722,20.689054,18.456594,14.304116,11.530936,8.426471,8.493964,6.1185827,9.012592,10.657904,12.427164,14.112285,16.481829,18.34241,22.855865,24.070461,27.90435,29.454916,32.32504,29.634428,29.430624,27.01222,26.793863,23.350655,25.112099,19.777845,23.480152,24.132217,20.249043,15.888223,19.830875,22.010359,20.448032,17.851389,21.397972,17.373476,20.079376,20.46115,21.968945
8,24.32101,21.012001,18.203083,14.869978,12.000225,9.382547,7.321981,4.9771514,0.0,5.9448795,5.467289,10.647581,11.250786,9.336805,13.811378,10.821285,14.916147,14.382221,20.038746,20.18043,24.057209,26.986235,29.999077,30.749517,32.40717,33.153774,29.027693,24.663767,23.54773,25.470455,26.282988,19.274956,23.11341,24.026203,18.811245,16.789467,18.384233,18.183275,13.337357,10.086097,13.7782755,9.186201,13.554734,13.033642,16.482243,20.782158,19.024244,24.14715,26.775421,24.313562,22.056324,27.956951,29.336357,25.91005,27.848438,24.840214,22.859083,24.756855,28.873173,25.954758,23.66789,29.157648,30.572056,28.46193,33.024,28.15266,33.25263,33.23299,29.050926,33.058712,30.734043,27.96749,24.509834,21.546352,18.380367,15.465549,11.996248,9.226447,7.7192183,8.490423,8.486232,12.399694,12.347259,12.782858,13.051967,15.635571,15.966432,20.616993,20.994658,24.758938,25.917503,28.587864,26.300219,25.904982,23.974741,24.111824,21.18101,23.58752,18.03818,22.724714,23.802067,19.98526,15.659657,19.807241,21.938284,19.475428,16.695782,18.945862,14.466845,16.418636,16.597195,17.53252
9,27.264732,24.062696,20.226028,18.200048,14.896536,11.8772955,10.509809,6.109076,5.9448795,0.0,5.487808,6.518791,10.072751,10.035826,15.142418,14.199316,18.546812,18.895052,24.439394,25.102505,29.22626,31.987091,35.216087,36.286964,38.003666,38.899845,34.88651,30.418583,29.468899,31.34366,31.931274,24.963123,28.568369,29.028238,23.677778,21.335886,22.169281,21.042978,17.134949,14.2910385,18.75786,14.804668,19.360212,18.941734,22.221296,26.458166,24.45847,29.584274,32.222027,29.318947,26.709784,32.88018,34.17407,30.206705,31.791159,28.50823,26.90043,28.179003,32.593975,28.803106,27.397886,33.13769,34.24559,31.788162,36.746864,31.650887,36.462864,36.52389,32.736137,37.26789,35.27653,32.82344,29.125443,26.359608,23.191635,20.00347,16.776787,12.982628,11.96952,10.125055,10.203367,13.607727,14.062935,15.8764715,15.966812,19.599169,19.543783,24.482296,24.954071,28.690056,30.1281,32.508736,29.364498,28.361015,26.185863,25.473366,22.691984,23.945549,18.858149,21.760746,23.881168,20.77883,15.447627,18.252962,19.687637,17.29886,15.3688345,18.043867,15.505139,17.403858,18.997149,19.978117
10,29.731485,26.394466,23.349312,20.258238,17.177048,14.558603,12.281107,9.22629,5.467289,5.487808,0.0,6.4577703,5.842645,4.8589916,9.77167,8.973219,13.246977,14.189118,19.366499,20.635885,24.745867,27.416307,30.703012,32.271683,34.305065,35.412514,31.797306,27.11209,26.559917,28.126862,28.122551,21.285357,25.310762,24.993866,19.523678,17.42477,18.262058,17.674273,13.74456,11.282771,16.070572,11.878262,17.409262,16.363907,20.979979,24.609423,23.75399,28.127516,31.25992,29.341011,26.845592,32.24299,34.2038,31.049803,32.537395,29.590769,27.035526,28.60354,32.450188,29.045486,26.576637,32.270805,33.052166,30.488823,34.797916,29.40965,34.058067,33.579426,29.678099,33.837025,31.748928,29.265507,26.278261,22.88355,20.511724,16.763424,14.494206,10.9549,11.584342,10.547276,12.257712,16.35807,15.484152,15.986029,14.812954,18.435007,16.869059,21.758213,21.361607,24.931808,25.960323,28.088816,25.382183,24.195917,22.578716,22.303555,20.127218,22.15525,16.923487,21.043428,23.384176,20.33033,15.4010725,18.537313,20.02695,16.704985,14.481585,15.460331,12.310185,13.2068615,14.593492,14.903678
11,33.46411,30.37613,26.58746,24.459547,21.294657,18.049114,16.764385,12.199286,10.647581,6.518791,6.4577703,0.0,6.4155707,8.994303,12.582473,13.870479,17.980457,19.2264,24.38588,25.625713,30.045004,32.372902,35.963726,37.722046,39.649624,40.98981,37.563446,32.738674,32.556797,34.331467,34.286144,27.472322,31.72825,31.140118,25.658556,23.56635,24.005985,22.938387,19.720886,17.510092,22.456984,18.294704,23.667316,22.30462,26.777496,29.972454,29.04238,33.125244,36.469624,34.269554,31.147635,36.625935,38.783577,35.22511,36.03409,32.889263,30.4415,31.27684,35.27645,30.932459,29.35625,35.26296,35.586014,32.62355,37.293682,31.72559,35.92444,35.582695,32.263863,37.045883,35.45392,33.45462,30.093355,27.163227,24.717833,20.905886,18.862549,14.541581,15.51383,12.345834,14.410084,17.947994,17.037455,18.581076,17.143578,21.6867,19.806492,24.778307,24.65962,28.09413,29.573158,31.37015,27.545996,25.760565,23.762192,22.429436,20.469217,21.022667,16.65764,18.4837,22.006355,19.964113,14.323893,15.622309,16.181726,12.873389,11.865965,13.241121,12.88436,13.899842,16.833698,17.605846
12,35.560387,32.21546,29.169325,26.07045,22.966375,20.38409,18.01221,14.916001,11.250786,10.072751,5.842645,6.4155707,0.0,4.02167,6.5642734,9.30174,12.696977,15.089554,19.18447,21.513395,25.618465,27.885288,31.343933,33.705585,36.065197,37.52145,34.51319,29.640371,29.674511,30.886324,30.101309,23.722692,27.882765,26.384935,20.994469,19.110006,19.25091,18.555124,15.85768,14.43942,19.421005,15.771127,21.726648,20.217493,25.645035,28.545176,28.56843,32.1463,35.72146,34.411976,31.758612,36.556824,39.08875,36.31283,37.402107,34.595024,31.472887,32.806133,36.259205,32.607143,29.864723,35.568714,35.73435,32.828228,36.674484,30.923634,34.977486,33.97247,30.44636,34.550793,32.736282,30.600681,28.263474,24.550694,23.12173,18.882278,17.91037,14.360856,16.386086,14.640607,17.330538,21.418304,19.864143,20.148363,17.866528,21.941168,18.742609,23.440186,22.208118,25.348,26.131914,27.577223,24.635918,22.63074,21.567041,20.963284,19.888113,21.55465,17.084099,20.527157,24.009048,21.873106,16.985025,18.897533,19.617403,15.440944,14.073245,12.878377,11.760654,10.849072,13.515099,12.871031
13,33.331932,29.84473,27.226627,23.703798,20.654285,18.637909,15.664367,13.745287,9.336805,10.035826,4.8589916,8.994303,4.02167,0.0,5.917277,6.895061,10.282718,12.71431,16.614729,19.176744,22.966072,25.538315,28.715528,30.954985,33.421223,34.666695,31.485815,26.762835,26.433052,27.40454,26.599602,20.236652,23.99893,22.633383,17.209854,15.180679,15.433729,14.915474,11.874054,10.491786,15.451695,12.157331,18.193563,17.133993,22.51607,25.84947,25.809454,29.687832,32.998154,31.783106,29.645477,34.450043,36.707756,34.127728,35.734596,33.03682,30.0213,31.803602,35.210644,32.153763,28.990772,34.510185,35.032833,32.42808,36.08591,30.525257,34.879032,33.840904,29.94039,33.59796,31.428165,28.932339,26.86659,22.853378,21.475897,17.373175,16.236765,13.376158,14.968952,14.509051,16.701647,20.891474,19.597319,19.422434,17.50756,20.889124,18.09956,22.665329,21.292116,24.504019,24.941784,26.626152,24.53389,22.983786,22.16675,22.23142,20.944702,23.376959,18.45249,22.952328,25.712458,22.98823,18.443161,21.264332,22.462109,18.493746,16.550701,15.663236,12.951424,12.144048,13.566307,12.484101
14,37.301914,33.99426,31.816986,27.907648,25.284151,23.086525,20.489874,18.447577,13.811378,15.142418,9.77167,12.582473,6.5642734,5.917277,0.0,5.518854,7.0195384,10.425153,13.259692,16.314142,20.138792,22.141037,25.577589,28.443289,31.072433,32.73791,30.33301,25.448523,26.037361,26.887373,25.47949,19.728582,24.360903,22.060799,16.987837,15.933925,16.35625,16.943523,14.407509,13.812745,17.832827,14.444408,20.245964,18.054462,24.300209,26.159115,27.452854,29.926805,33.849632,33.65979,31.260416,34.99348,38.11102,36.301006,37.28089,34.944332,31.061543,32.70252,35.40133,32.49096,28.699879,33.983482,33.889572,31.108637,33.993275,28.250395,32.023182,30.420147,26.788261,30.13335,28.188387,26.052427,24.786808,20.519302,20.301924,15.935354,16.451046,14.194866,17.266598,16.786636,19.995022,24.206589,21.875977,20.899675,17.860128,21.127714,16.702148,20.659536,18.34232,20.995275,21.092735,22.178959,20.22545,18.248766,18.17805,18.556833,18.324476,21.155296,16.899223,21.844463,24.73194,22.54173,18.900713,21.399948,22.457726,18.118093,16.299398,13.463996,11.070832,8.415234,9.688038,7.3621078
15,32.706093,29.512476,27.853645,23.571922,21.387465,19.379005,16.97904,15.662653,10.821285,14.199316,8.973219,13.870479,9.30174,6.895061,5.518854,0.0,4.462678,5.8765216,10.579449,12.3577175,16.413073,18.857649,22.25062,24.417706,26.804522,28.252424,25.42074,20.52894,20.88436,22.085289,21.282677,14.97816,20.21223,18.876148,13.645935,12.865619,14.464684,15.899075,11.932128,10.663393,13.862141,9.630313,15.112934,12.558188,18.873169,20.69228,21.989058,24.523584,28.346966,28.229881,25.997808,29.694279,32.691906,31.06213,32.23535,30.03156,26.171852,28.155552,30.821629,28.463081,24.368374,29.500113,29.850225,27.419046,30.377134,24.929089,29.249083,27.96759,23.842754,27.030148,24.712252,22.152578,20.561945,16.244833,15.568998,11.400391,11.547354,10.165821,12.978295,13.849325,16.688015,20.803465,18.479147,16.887445,14.268461,16.689898,13.017504,16.945238,15.001661,18.070545,18.23488,20.087051,18.692766,17.756252,17.291328,18.369972,17.197565,20.835468,15.888353,22.034142,23.67432,20.635916,17.548798,21.263325,23.075287,19.344172,16.665543,15.343162,10.553198,9.630122,8.701101,7.5879064
16,35.38637,32.215473,31.092323,26.49557,24.570616,23.017145,20.40121,19.798544,14.916147,18.546812,13.246977,17.980457,12.696977,10.282718,7.0195384,4.462678,0.0,4.663163,6.4928827,9.8108015,13.247716,15.525482,18.761295,21.549973,24.318026,25.900032,23.657303,18.894045,19.644526,20.250544,18.664566,13.26703,18.484964,16.206106,11.500617,11.605992,13.182068,15.498507,12.364084,12.1875,14.265057,11.262715,16.006304,13.384459,19.886423,20.961353,23.199469,24.887491,28.784487,29.52096,27.70881,30.541103,33.807713,32.907326,34.123005,32.287296,28.088428,30.27501,32.354176,30.608778,25.897024,30.532627,30.70417,28.450396,30.54139,25.253868,29.209202,27.416338,23.296658,25.612827,23.14782,20.555655,20.194569,15.402144,16.054726,12.19054,13.6551695,13.473789,16.459507,17.860773,20.696096,24.690533,22.181723,20.05615,17.212212,18.867132,14.604942,17.522831,14.609844,16.988585,16.282879,17.705925,17.597597,16.747725,17.295015,19.073076,18.69982,22.791067,18.374168,24.810444,26.281849,23.446556,21.072224,24.685946,26.43515,22.594063,20.03991,17.761478,13.254794,11.288305,9.395286,6.699297
17,32.590908,29.724762,29.006788,24.278574,22.93019,21.250776,19.346325,18.841618,14.382221,18.895052,14.189118,19.2264,15.089554,12.71431,10.425153,5.8765216,4.663163,0.0,6.622808,6.5309167,10.829735,13.251434,16.757973,18.68943,20.99069,22.56758,20.06543,15.094769,16.15218,17.525478,16.80336,10.907086,17.412682,16.350695,11.96762,12.633138,15.254276,18.02165,13.913987,12.99498,14.025053,10.044686,13.669708,9.925636,16.51885,16.662697,19.346233,20.426645,24.568907,25.586178,23.547539,26.006918,29.544443,28.923326,29.84034,28.204575,23.769424,26.023611,27.875353,26.488997,21.532572,25.991282,26.314774,24.269611,26.365057,21.298555,25.583063,24.100864,19.689056,22.065361,19.433554,16.63154,15.793477,11.057531,11.461488,7.850367,9.731128,10.749266,13.7602825,15.904434,18.627407,22.28572,19.497154,16.77377,14.066427,14.845778,10.95494,13.474316,10.904841,13.6207285,13.236687,15.430167,15.397,15.505142,15.530626,17.74719,16.693577,21.241995,16.680855,23.728762,24.180304,20.928886,19.37418,23.603308,25.819683,22.553923,19.543911,18.244902,12.550318,11.927251,8.690127,7.9674973
18,37.257732,34.31497,34.126324,29.1574,27.880726,26.892265,24.396036,24.718792,20.038746,24.439394,19.366499,24.38588,19.18447,16.614729,13.259692,10.579449,6.4928827,6.622808,0.0,6.0859666,7.5578003,9.701441,12.512995,15.838002,18.996176,20.656658,19.242252,14.92463,16.291912,16.196142,13.805362,10.327257,15.667526,12.817601,9.928869,11.859182,13.953544,17.537455,15.045662,15.610871,15.538919,13.899784,16.639965,13.90869,19.899889,19.59025,23.100863,23.38227,27.206831,29.203096,28.040024,29.488693,33.024506,33.26489,34.50617,33.294636,28.785769,31.29232,32.48475,31.883213,26.433071,30.097197,30.25116,28.529057,29.385214,24.764837,28.333574,26.122135,21.950201,22.719069,19.903826,17.13035,18.539562,13.533542,15.835805,13.21284,15.849189,17.362602,20.153805,22.502298,25.080376,28.71663,26.059055,23.17856,20.481533,20.702698,16.618496,17.829866,14.229984,15.479797,13.486775,14.624914,16.9668,17.041273,18.5634,21.345892,21.419563,26.091713,22.21746,29.126762,29.764805,26.889023,25.651808,29.538252,31.504725,27.930477,25.23627,22.79954,18.007496,16.096478,12.952587,10.405412
19,34.699368,32.23422,32.45132,27.497643,26.915066,25.644129,24.123304,24.251093,20.18043,25.102505,20.635885,25.625713,21.513395,19.176744,16.314142,12.3577175,9.8108015,6.5309167,6.0859666,0.0,4.916559,6.9471846,10.651685,12.482782,14.809159,16.7062,15.148012,10.361577,12.826311,14.074062,13.172851,9.401244,16.444132,15.487395,13.0503845,15.148517,18.144289,21.795399,18.183325,17.802326,17.06545,14.265208,15.576886,11.530769,17.115797,14.932939,19.351068,18.243658,22.566738,25.131893,23.533024,24.132435,28.256828,28.983276,29.56398,28.700563,23.799377,26.223045,26.901522,26.775555,21.046286,24.27655,24.434574,22.982857,23.600023,19.33592,23.128778,21.251938,16.783237,17.50572,14.459205,11.392991,12.575027,7.6134405,10.498621,9.015963,12.44505,15.193886,17.963083,20.739828,23.245518,26.35804,23.324537,19.859783,17.306849,16.39913,12.801107,12.809882,9.519856,10.715931,8.966488,11.272136,13.798485,15.161497,16.066021,19.299257,18.753077,23.762228,20.069426,27.34999,26.831116,23.713497,23.600765,27.903982,30.288782,27.402727,24.352737,22.855154,17.21144,16.559582,12.423048,11.856921
20,36.59858,34.20805,35.0355,29.932692,29.623392,28.959122,27.196737,28.1063,24.057209,29.22626,24.745867,30.045004,25.618465,22.966072,20.138792,16.413073,13.247716,10.829735,7.5578003,4.916559,0.0,3.5335426,6.0059566,8.3672695,11.441044,13.210994,12.508207,8.730177,11.37591,11.457527,9.679429,8.804619,14.655303,13.44165,12.841003,15.71024,18.61957,22.71911,19.819729,20.06475,18.232409,16.876028,17.029268,13.90976,18.404766,15.849526,20.711971,18.971493,22.707169,26.08077,25.390038,25.10882,28.980356,30.494429,31.456657,31.017162,26.32084,29.041033,29.207962,29.988071,24.048508,26.398134,26.740267,25.841602,25.547638,22.112122,25.479242,23.390833,19.133533,18.278465,14.963626,11.788789,14.743357,10.445084,13.910547,13.472359,16.612972,19.758425,22.038534,25.26524,27.397919,30.344807,27.584404,24.002512,21.845917,20.308516,17.376106,16.628166,13.445497,13.624707,10.92666,12.576443,16.942966,18.599388,20.086187,23.56489,23.317167,28.361048,24.895638,32.16134,31.456724,28.345785,28.44884,32.799057,35.19311,32.286922,29.263475,27.584661,22.09265,21.171986,17.111559,16.002102
21,39.457653,37.2334,38.108646,33.053154,32.84325,31.982416,30.427496,31.020472,26.986235,31.987091,27.416307,32.372902,27.885288,25.538315,22.141037,18.857649,15.525482,13.251434,9.701441,6.9471846,3.5335426,0.0,4.310863,7.468738,10.376151,12.733574,13.375274,10.249922,13.696441,13.813852,11.987699,12.247264,17.746717,16.272566,16.107935,19.029322,21.745014,25.847143,23.147327,23.427336,21.753428,20.233175,20.416784,17.028767,21.373726,17.928425,23.243263,20.501675,24.432379,28.303162,27.396843,26.313482,30.64056,32.574432,33.018414,32.83088,27.834679,30.296827,29.923914,30.86265,24.823044,26.708324,26.59538,25.74735,24.661026,21.520435,24.213522,21.766766,17.909561,16.201906,13.093144,10.483527,14.638778,10.924022,15.206105,15.098258,18.796225,21.940622,24.570286,27.508917,29.917011,32.784782,29.713228,26.00927,23.552406,21.940731,18.58718,17.063522,13.602682,12.778709,9.510016,10.440042,15.840825,17.744696,19.697548,23.39374,23.630371,28.646551,25.781803,32.89179,32.031647,29.271519,29.896877,33.99756,36.31439,33.49671,30.596489,28.572964,23.418007,22.30693,18.143787,17.120977
22,40.81495,38.657513,39.998318,34.878,34.874638,34.496433,32.77159,33.977135,29.999077,35.216087,30.703012,35.963726,31.343933,28.715528,25.577589,22.25062,18.761295,16.757973,12.512995,10.651685,6.0059566,4.310863,0.0,5.04043,8.627746,10.521733,12.167291,10.626834,13.599997,12.672473,10.329917,13.080067,17.023209,15.607462,16.888376,20.114412,22.701197,26.976942,24.770893,25.411154,22.9959,22.45255,21.835382,19.197178,22.66008,19.257404,24.564821,21.635094,24.878418,29.197666,29.06042,27.47448,31.386108,33.8444,34.6892,34.787365,30.102806,32.814148,32.18551,33.781662,27.711412,29.002562,29.173903,28.7744,27.232834,24.772615,27.278366,24.882673,21.22068,18.59203,15.460808,12.942769,17.614193,14.419173,18.480448,18.829056,22.158611,25.548782,27.75653,31.076445,33.142445,35.886963,33.09786,29.35348,27.26774,25.264296,22.512762,20.826942,17.669693,16.694498,13.395695,14.0306,19.890255,21.87396,23.940012,27.667307,27.88765,32.913395,30.004988,37.156292,36.168644,33.29319,33.929913,38.1635,40.530655,37.702053,34.762047,32.784878,27.574675,26.428768,22.332396,21.06856
23,38.46906,36.69895,38.567883,33.55703,34.10849,33.933205,32.693405,34.21831,30.749517,36.286964,32.271683,37.722046,33.705585,30.954985,28.443289,24.417706,21.549973,18.68943,15.838002,12.482782,8.3672695,7.468738,5.04043,0.0,3.8588169,5.52554,7.76858,7.762999,10.965801,10.612271,10.052553,13.298441,17.082293,17.32239,18.803383,21.941235,24.961636,29.224775,26.488506,26.734245,23.719177,23.106768,21.256033,18.715425,20.867668,16.51493,22.050817,18.20535,21.033371,25.922188,26.157347,23.728973,27.520887,30.59105,31.3907,31.902102,27.463888,30.300716,29.265146,31.681444,25.68493,26.177105,26.779984,26.999924,25.229374,23.667511,26.354536,24.525537,20.79518,17.757969,14.414147,11.652421,16.160776,14.032564,17.604288,19.081816,21.979225,25.941422,27.569836,31.319984,32.91887,35.17091,32.57404,28.671774,27.197004,24.332575,22.775103,20.52461,18.281965,17.374035,14.62808,16.008942,21.54485,24.150852,25.615957,29.35738,28.97992,34.01619,31.045174,38.261272,36.555878,33.40343,34.504612,39.048416,41.683044,39.285088,36.12906,34.924973,29.240383,28.827513,24.522867,23.987032
24,38.182514,36.789986,38.93678,34.09587,35.03543,34.79942,34.045788,35.500305,32.40717,38.003666,34.305065,39.649624,36.065197,33.421223,31.072433,26.804522,24.318026,20.99069,18.996176,14.809159,11.441044,10.376151,8.627746,3.8588169,0.0,3.1166258,6.8323765,8.210285,11.642148,12.153058,12.843751,15.725766,19.599922,20.607517,21.944832,24.94922,28.161179,32.360497,29.27454,29.20375,26.093353,25.13736,22.748074,20.033184,21.38287,16.022848,21.756132,16.781555,19.465528,24.871634,25.075558,21.652168,25.659807,29.291348,29.65007,30.562445,26.160791,28.861929,27.267654,30.280876,24.411722,24.083654,24.751661,25.446363,23.187342,22.49184,24.95732,23.486244,20.004873,16.466496,13.271394,10.860453,15.311479,14.40521,17.712868,19.99574,22.771933,26.997883,28.418318,32.221077,33.65459,35.513954,32.889107,28.88282,27.685043,24.286655,23.380135,20.50439,18.91757,17.766338,15.465374,17.040842,22.329859,25.364523,26.508247,30.241522,29.627699,34.564068,31.848526,38.93796,36.674374,33.530453,35.181377,39.77011,42.53266,40.5073,37.286873,36.49742,30.698729,30.727814,26.31694,26.328009
25,37.17983,35.89337,38.40076,33.610798,34.766785,34.904984,34.13786,36.054386,33.153774,38.899845,35.412514,40.98981,37.52145,34.666695,32.73791,28.252424,25.900032,22.56758,20.656658,16.7062,13.210994,12.733574,10.521733,5.52554,3.1166258,0.0,5.2424464,8.521242,10.866765,10.997955,12.28548,15.894523,18.787024,20.437157,22.242865,25.20969,28.44186,32.60967,29.597967,29.567953,26.002691,25.546427,22.497818,20.38585,20.847916,15.782524,21.138693,16.36618,18.222567,23.770874,24.658781,21.133772,24.510708,28.41117,29.237097,30.300026,26.371138,29.307882,27.769983,31.194456,25.494595,24.914047,26.051182,27.044607,24.99215,24.603128,27.296885,26.10693,22.55647,19.17056,15.982403,13.447475,17.262823,16.4645,19.197243,21.653912,23.937332,28.282406,29.240192,33.34843,34.396637,36.082752,33.799736,29.85464,29.086813,25.442842,25.1826,22.51528,21.24573,20.421415,18.285875,20.040743,25.153244,28.168005,29.14575,32.815,31.942005,36.87769,33.910778,41.05561,38.69658,35.333385,36.846783,41.616066,44.466156,42.484207,39.176956,38.662186,32.67218,32.855396,28.48756,28.4702
26,32.048733,30.684881,33.248203,28.47318,29.735577,30.085218,29.384584,31.627714,29.027693,34.88651,31.797306,37.563446,34.51319,31.485815,30.33301,25.42074,23.657303,20.06543,19.242252,15.148012,12.508207,13.375274,12.167291,7.76858,6.8323765,5.2424464,0.0,5.0919366,6.0182476,7.2158422,10.211126,12.401686,15.424521,18.182755,19.387001,22.003107,25.469742,29.4222,25.99244,25.655262,21.889078,21.420599,17.76071,16.029995,15.741663,11.119125,16.107985,12.220958,13.827125,18.971128,20.175673,17.624681,20.449692,23.867891,25.350624,26.12354,22.59188,25.89395,25.072453,28.33053,22.806578,22.82157,24.629742,25.539953,24.681095,23.811056,27.422298,26.693829,22.595846,20.520958,17.059448,13.804569,15.962277,14.841726,16.417633,18.932863,20.375038,24.789629,25.135931,29.56921,30.156206,31.711908,29.837297,26.0381,25.816767,22.035242,22.644426,20.65852,19.92547,20.05416,18.47563,20.958136,25.108072,27.972633,28.381298,31.798958,30.318634,35.214073,31.673288,38.876755,36.543934,32.78109,33.860977,38.891758,41.856968,39.94493,36.508617,36.578876,30.270763,30.879301,26.66223,26.869219
27,30.859985,29.130615,30.975927,26.046774,26.847286,26.674469,25.871132,27.55812,24.663767,30.418583,27.11209,32.738674,29.640371,26.762835,25.448523,20.52894,18.894045,15.094769,14.92463,10.361577,8.730177,10.249922,10.626834,7.762999,8.210285,8.521242,5.0919366,0.0,4.583917,7.2218037,9.514313,8.992115,14.236502,16.346285,16.260817,18.733627,22.326723,26.220415,22.410053,21.8476,18.76899,17.394564,14.703364,11.949608,13.384055,8.850036,14.341913,11.23114,14.387716,18.612438,18.681675,17.377575,20.87908,23.253592,24.444418,24.612644,20.477606,23.667982,23.438337,25.673965,19.906902,21.08509,22.565865,22.774553,22.622272,20.647856,24.66972,23.78203,19.318308,18.2733,14.659522,10.946955,12.478947,10.326172,11.971786,14.012575,15.734369,20.045948,20.840807,25.05117,26.048922,27.982761,25.779398,21.949524,21.277628,17.936937,17.886423,16.32659,15.312242,15.910945,14.507047,17.31846,20.869345,23.504063,23.777918,27.106234,25.603367,30.542524,26.838049,34.112915,32.112278,28.365162,29.17154,34.144836,37.039536,34.976006,31.566967,31.515568,25.219383,25.797955,21.60508,21.899813
28,27.80547,25.938728,28.142368,23.180222,24.122746,24.64678,23.589748,26.15913,23.54773,29.468899,26.559917,32.556797,29.674511,26.433052,26.037361,20.88436,19.644526,16.15218,16.291912,12.826311,11.37591,13.696441,13.599997,10.965801,11.642148,10.866765,6.0182476,4.583917,0.0,4.289431,8.255964,7.4933686,11.089222,14.573545,14.74824,16.90472,20.528772,24.220615,20.451498,19.911821,16.075064,15.677423,11.764388,10.560378,10.388383,7.9314837,11.987228,10.961897,12.703567,16.240253,17.453054,17.243782,19.385883,21.395079,23.765575,23.74546,20.535381,24.154474,24.573149,26.89327,21.570093,22.963833,25.109594,25.446552,26.006073,24.035955,28.45822,27.862906,23.280334,22.689503,19.105497,15.369862,15.974021,13.722717,14.099394,15.818775,16.327793,20.490477,20.365887,25.044806,25.328606,27.13071,25.662443,22.151476,22.224867,18.905127,19.815248,19.13159,18.499733,19.72924,18.547869,21.44203,24.579573,26.924603,26.95243,30.02614,28.149487,32.972443,28.746984,35.986187,34.147556,30.065224,30.25805,35.445087,38.391056,36.288746,32.811405,33.17397,26.726227,27.475245,23.603374,23.718653
29,30.295074,28.195055,30.48557,25.461975,26.134071,27.100277,25.40095,28.421259,25.470455,31.34366,28.126862,34.331467,30.886324,27.40454,26.887373,22.085289,20.250544,17.525478,16.196142,14.074062,11.457527,13.813852,12.672473,10.612271,12.153058,10.997955,7.2158422,7.2218037,4.289431,0.0,4.686334,7.2374377,8.221498,11.607002,13.232872,15.747334,19.036154,22.917097,19.981922,20.146418,15.805866,16.811981,13.12699,13.016966,13.1142,12.125436,15.4540415,15.100028,16.13805,19.514662,21.35486,21.228008,22.848482,24.901588,27.743038,27.707497,24.745996,28.40741,28.843515,31.151476,25.783285,27.166595,29.186855,29.469263,29.715425,27.663395,31.845789,30.880333,26.362886,25.2696,21.634434,17.951885,19.491446,16.724081,17.72483,18.837664,19.546713,23.394722,23.37873,28.021048,28.334814,30.403492,29.109018,25.745674,25.62288,22.719627,23.033827,22.564333,21.30658,22.30522,20.550474,23.004084,26.817001,28.9096,29.4206,32.598846,31.09542,36.00636,31.719126,39.03344,37.601818,33.596157,33.42875,38.534294,41.350056,38.905117,35.51484,35.385147,29.124199,29.323048,25.555973,24.9712
30,34.024406,31.600718,33.462803,28.333815,28.453705,29.297018,27.015385,29.832895,26.282988,31.931274,28.122551,34.286144,30.101309,26.599602,25.47949,21.282677,18.664566,16.80336,13.805362,13.172851,9.679429,11.987699,10.329917,10.052553,12.843751,12.28548,10.211126,9.514313,8.255964,4.686334,0.0,7.0703764,7.239845,8.253408,10.979872,14.023968,16.860174,21.024113,18.928556,19.793018,15.770424,17.326363,15.008955,14.814159,16.466373,15.918339,19.393476,19.175146,20.711668,23.94044,25.4226,25.462704,27.422865,29.258446,31.956736,31.730648,28.421663,31.934614,32.408012,34.257076,28.660017,30.40375,31.953281,31.863174,31.850628,29.322851,33.196625,31.693136,27.270458,25.947287,22.357037,18.813282,21.201,17.687824,19.518427,19.807125,21.120005,24.551737,25.156614,29.445545,30.238665,32.792965,31.263594,27.95674,27.201868,24.958822,24.107243,23.85267,21.748869,22.486715,20.169277,22.05974,26.383911,28.081337,29.170874,32.433945,31.501377,36.48208,32.29146,39.634815,38.76819,35.015583,34.54198,39.40188,41.99491,39.127388,35.90983,35.006077,29.11857,28.591587,24.94125,23.608505
31,29.545734,26.821688,27.908018,22.718184,22.427929,22.762796,20.499197,22.887085,19.274956,24.963123,21.285357,27.472322,23.722692,20.236652,19.728582,14.97816,13.26703,10.907086,10.327257,9.401244,8.804619,12.247264,13.080067,13.298441,15.725766,15.894523,12.401686,8.992115,7.4933686,7.2374377,7.0703764,0.0,7.4728284,8.9328,7.4938154,9.777961,13.400166,17.260122,13.73364,13.769943,10.443159,10.511555,9.0549755,8.147304,11.5434675,12.355102,15.127677,16.485498,18.874357,20.794367,21.256594,22.90009,25.05459,25.63034,28.207478,27.307598,23.90355,27.306501,28.651554,29.471985,24.164722,27.043951,28.634325,27.990824,29.2078,25.811981,30.323326,29.150122,24.42207,24.707424,21.196491,17.457895,18.043367,13.989814,14.5966015,14.083841,14.685092,17.776276,18.29059,22.512608,23.34064,26.121935,24.602215,21.520529,20.796799,19.105143,18.344238,19.167116,17.433071,19.235682,17.775755,20.287304,22.984568,24.339329,24.721527,27.54963,26.102262,30.895054,26.259802,33.50411,32.881443,28.961792,27.958765,32.87672,35.480373,32.652386,29.385002,28.961447,22.896193,22.811527,19.423542,18.524317
32,30.436079,27.543335,29.217558,24.230099,23.960316,25.590212,22.617956,26.3854,23.11341,28.568369,25.310762,31.72825,27.882765,23.99893,24.360903,20.21223,18.484964,17.412682,15.667526,16.444132,14.655303,17.746717,17.023209,17.082293,19.599922,18.787024,15.424521,14.236502,11.089222,8.221498,7.239845,7.4728284,0.0,5.73307,7.920095,9.724316,12.27649,15.838948,14.0631275,15.202887,10.369877,13.985099,11.416241,13.63646,14.480199,17.204079,18.455315,21.017944,21.68918,23.150852,25.2205,27.134113,27.811464,28.424013,32.245556,31.42857,29.091227,32.819122,34.33579,35.63633,30.640806,33.146057,35.205498,34.907993,36.048855,33.04686,37.546886,36.381805,31.693932,31.454388,27.858398,24.117502,25.116045,21.335411,21.770731,21.355345,21.261332,23.959627,23.608028,28.024149,28.06778,30.660906,30.053205,27.421318,27.3321,25.659159,25.533825,26.55962,24.89838,26.576746,24.826433,27.025639,30.220694,31.394363,31.990864,34.741158,33.32716,38.011444,33.15713,40.244648,39.871826,35.81612,34.302204,39.227604,41.7497,38.760372,35.587246,35.17769,29.367323,29.03181,26.101347,24.61129
33,35.224735,32.10508,33.144905,28.123514,27.23607,28.361078,24.94959,28.017197,24.026203,29.028238,24.993866,31.140118,26.384935,22.633383,22.060799,18.876148,16.206106,16.350695,12.817601,15.487395,13.44165,16.272566,15.607462,17.32239,20.607517,20.437157,18.182755,16.346285,14.573545,11.607002,8.253408,8.9328,5.73307,0.0,5.4831433,8.081406,9.647489,13.715831,13.245626,15.305934,11.791537,15.187318,14.821381,16.035152,18.755842,20.885996,22.870234,24.876398,26.380814,28.096365,29.462635,31.245762,32.66238,33.217445,36.538437,35.577747,32.62748,36.109875,37.551155,38.32947,33.056953,35.917202,37.397064,36.67237,37.529343,34.013412,38.134487,36.42166,31.905653,31.558987,28.105543,24.600227,26.304487,21.909115,23.188282,21.956877,22.657726,24.84334,25.403158,29.21071,29.988071,33.11858,32.047993,29.436708,28.51235,27.579176,26.081549,27.264069,24.757765,26.14673,23.951433,25.517271,28.985188,29.646255,30.842659,33.6097,32.882324,37.563885,32.944923,39.95444,40.2265,36.55489,34.800056,39.335556,41.55792,38.111233,35.198505,33.82699,28.596994,27.38829,24.686405,22.353104
34,32.776257,29.4513,29.763151,24.76854,23.416082,24.022797,20.502888,23.038338,18.811245,23.677778,19.523678,25.658556,20.994469,17.209854,16.987837,13.645935,11.500617,11.96762,9.928869,13.0503845,12.841003,16.107935,16.888376,18.803383,21.944832,22.242865,19.387001,16.260817,14.74824,13.232872,10.979872,7.4938154,7.920095,5.4831433,0.0,3.3613095,6.2257776,10.438419,8.551359,10.321202,7.898531,10.355184,11.705101,12.500611,16.496649,19.297705,20.842785,23.597498,25.711323,26.664272,27.195402,29.88258,31.562704,31.313951,34.359283,32.954132,29.88692,33.15064,35.10617,35.08751,30.084244,33.66867,35.027355,33.878475,35.455757,31.361437,35.74759,34.191303,29.594135,30.26155,26.947086,23.455757,24.160225,19.513063,20.143099,18.172964,18.486301,20.060356,20.749987,24.218178,25.179134,28.568521,27.438734,25.100918,24.026197,23.756897,22.029089,23.987545,21.626574,23.612276,21.962542,23.78409,26.107649,26.410576,27.189686,29.588577,28.643194,33.106853,28.272139,35.09265,35.683113,32.031967,29.833801,34.26503,36.41043,32.915207,30.04651,28.838936,23.673811,22.589224,20.239126,18.020493
35,31.64904,28.113068,28.018349,23.210129,21.454632,22.170609,18.274118,20.953194,16.789467,21.335886,17.42477,23.56635,19.110006,15.180679,15.933925,12.865619,11.605992,12.633138,11.859182,15.148517,15.71024,19.029322,20.114412,21.941235,24.94922,25.20969,22.003107,18.733627,16.90472,15.747334,14.023968,9.777961,9.724316,8.081406,3.3613095,0.0,3.7790115,7.5012755,5.27474,7.471106,5.7845592,8.950124,11.249566,12.777988,16.657236,20.510632,21.19049,24.881924,26.839834,27.035507,27.490324,30.94937,32.279694,31.415194,34.694557,32.98041,30.264185,33.472637,35.886982,35.460228,30.823643,34.780655,36.251167,34.94597,37.043022,32.727695,37.309605,35.921577,31.300463,32.496487,29.258322,25.78008,25.861681,21.257454,21.254944,18.93237,18.57003,19.507643,19.830963,23.077612,23.783236,27.25254,26.503473,24.60869,23.758741,23.96035,22.474493,25.044582,22.96089,25.325146,24.031984,25.951475,27.584423,27.600918,28.07302,30.11056,28.954992,33.139027,28.078064,34.59533,35.502846,31.812803,29.068468,33.39753,35.44101,31.897936,29.128302,28.16917,23.231724,22.267717,20.473766,18.304018
