,0,1,2,3,4,5,6,7,8,9,10,11,12,13,14,15,16,17,18,19,20,21,22,23,24,25,26,27,28,29,30,31,32,33,34,35,36,37,38,39,40,41,42,43,44,45,46,47,48,49,50,51,52,53,54,55,56,57,58,59,60,61,62,63,64,65,66,67,68,69,70,71,72,73,74,75,76,77,78,79,80,81,82,83,84,85,86,87,88,89,90,91,92,93,94,95,96,97,98,99,100,101,102,103,104,105,106,107,108,109,110,111
0,0.0,4.583141,6.665191,9.824596,13.125384,15.366787,18.234001,22.62093,24.19315,28.082333,31.382406,34.191513,32.85651,30.342295,30.599785,25.333738,25.138874,21.147253,22.539318,18.665787,17.10947,19.292795,16.516941,20.961796,23.846636,23.686192,23.683453,21.47674,24.854979,22.079397,29.138388,25.891335,33.292824,30.968622,35.362362,37.49066,40.848953,39.847267,34.120903,29.870028,33.176243,28.171196,30.36043,27.523455,29.619522,27.917099,29.839436,28.399893,33.309948,33.461216,36.240353,34.41289,38.031612,39.297855,37.41532,34.06637,35.724857,35.43558,39.99612,41.785393,40.119167,35.801846,41.09453,40.394093,38.284687,33.40128,35.595673,32.298176,28.947449,25.236864,25.441969,20.119287,21.880434,19.000101,22.843666,20.43008,25.365332,25.635532,26.375372,29.496016,31.987,32.40195,30.470028,26.092813,24.316008,21.498266,20.985016,18.086475,16.122818,17.638186,17.013441,18.712805,22.328041,19.811012,15.726797,20.369024,20.884806,17.177761,16.863567,21.952282,21.429014,16.790401,20.96715,24.08107,24.632086,27.781273,27.94904,31.515976,28.85652,32.70682,31.283138,35.830624
1,4.583141,0.0,5.577014,6.2484417,9.771009,13.439942,14.760087,19.85866,20.93113,24.8225,28.246504,30.656567,28.9183,26.302227,26.267887,21.107008,20.652954,16.787643,17.964596,14.331422,12.821091,15.369259,13.251349,17.860516,20.314993,20.227457,19.57815,17.869032,20.894783,18.600143,25.660303,22.915974,30.181341,28.537064,32.779167,35.116055,38.51288,37.487484,31.988754,27.71991,30.50291,25.569218,27.210726,24.475874,25.98962,24.584742,25.994755,24.241446,29.149164,29.335737,31.995768,30.156828,33.87231,35.025326,33.393387,30.028297,31.867056,31.53045,35.894768,38.00268,36.213284,32.254055,37.7068,36.979385,34.79948,30.163769,32.795586,29.70897,26.110703,22.721445,22.468801,17.477915,19.02538,16.868174,20.150013,18.682602,23.892143,23.78326,25.11349,27.869015,29.917149,29.897326,27.499062,23.380806,21.17384,18.65808,17.3886,15.322855,12.726441,14.983879,14.8040085,17.149635,20.911194,19.134296,14.446124,18.585682,20.028112,17.002455,15.482073,20.697798,21.266535,16.797695,19.62117,23.710003,24.701918,27.36759,27.074665,31.115088,27.592419,31.518066,29.907612,34.298252
2,6.665191,5.577014,0.0,5.368654,7.3656006,9.462923,12.637241,16.765656,19.204367,22.675638,26.53971,29.300915,28.311958,25.544651,26.689342,21.588697,21.783403,18.453606,19.929909,17.560577,16.237448,19.566984,18.270348,22.886911,24.949072,24.906214,23.328287,22.036446,23.740065,21.559526,27.57473,24.233578,31.336956,29.210789,33.772457,35.30557,39.310448,39.031498,33.456524,29.503098,32.544098,28.317467,29.952194,27.983671,29.093678,28.689716,29.890333,27.781433,32.57362,32.403812,34.70037,32.281002,35.702187,36.22503,34.7767,31.69547,33.876152,34.147446,38.485523,40.91049,39.584072,35.69262,41.375492,40.9734,38.954124,34.43055,37.469154,34.60391,30.689608,27.39425,26.569416,21.471727,22.081264,19.294834,21.651833,19.390429,24.10729,23.244856,23.768234,26.260809,28.918047,28.555052,27.155428,23.33221,21.805967,19.947515,18.94741,18.029484,16.60615,19.571526,20.008368,22.25411,25.750359,23.85165,19.24223,22.715088,23.937767,20.87505,18.844028,23.837563,24.32004,18.801426,21.476767,25.631584,26.004663,28.768984,28.926407,33.59053,30.424715,34.695873,33.618694,38.051315
3,9.824596,6.2484417,5.368654,0.0,3.8099687,8.087437,8.541119,13.704104,14.975551,18.69723,22.411594,24.811886,23.384922,20.67955,21.461685,16.292892,16.551443,13.133001,15.1762,12.881847,12.653519,16.112011,15.564841,20.025925,21.451588,21.183447,18.843843,17.789238,18.679602,16.84557,22.57751,19.662603,26.586458,25.111698,29.465374,31.272581,35.20621,34.850533,29.540447,25.621077,28.145021,24.10594,25.260305,23.571945,24.176313,24.324244,25.286146,23.121006,27.785229,27.333494,29.514473,26.95895,30.345795,30.870943,29.448044,26.364012,28.625227,28.953947,33.23179,35.786427,34.59044,30.843018,36.630356,36.360924,34.441376,30.103191,33.563183,31.023384,26.817987,23.875143,22.462185,17.772896,17.87795,15.794598,17.402212,16.212679,21.119078,19.986633,21.326166,23.460186,25.466318,24.793137,22.729355,19.112497,17.130764,15.589235,13.940416,14.0213175,12.583548,16.27121,17.47686,20.001482,23.286463,22.110296,17.258375,19.76038,21.745426,19.506561,16.303835,21.105406,22.66471,17.54335,18.637564,23.661957,24.519678,26.684965,26.338017,31.396358,27.440409,31.732859,30.578867,34.792656
4,13.125384,9.771009,7.3656006,3.8099687,0.0,6.2190585,5.5271845,10.788455,12.80334,16.024418,20.28084,22.509212,21.292717,18.334728,19.831343,15.011667,15.508517,13.0057955,14.784452,14.046589,13.851052,17.732367,18.077879,22.32635,23.258686,23.14957,19.993095,19.697515,19.48129,18.279497,22.992876,20.238937,26.652445,25.446732,29.765362,31.15328,35.437943,35.538315,30.464264,26.847567,29.07846,25.648062,26.36128,25.245487,25.152773,26.053514,26.442905,23.86375,28.291447,27.718328,29.499004,26.625713,29.833906,29.78128,28.777428,25.95191,28.564823,29.234558,33.212086,36.194622,35.166336,31.852386,37.751743,37.621307,35.75357,31.771202,35.610584,33.34304,28.996365,26.39599,24.528252,20.265486,19.758863,17.955551,18.48061,17.568407,22.029097,20.156782,21.326296,22.88053,24.89816,23.588171,21.929195,18.94031,17.194994,16.54369,14.54075,16.1025,15.026927,19.099422,20.606312,23.264128,26.424833,25.52132,20.667776,22.637743,24.846014,22.902079,19.250587,23.747587,25.664406,20.387104,20.735477,26.03798,26.76314,28.675882,28.337511,33.805717,29.697906,34.08321,33.1062,37.16765
5,15.366787,13.439942,9.462923,8.087437,6.2190585,0.0,6.8290086,7.880074,11.453327,14.353885,18.215652,21.463825,21.712503,19.311602,22.147947,17.404621,19.267738,16.795692,19.959757,18.953926,19.760517,23.405712,23.34022,27.64404,28.614616,28.070528,24.884325,23.863863,22.772718,20.893456,24.311342,20.414831,26.562063,24.16495,28.824703,29.208523,33.95903,34.826443,29.59495,26.436275,29.328806,26.712177,27.985748,27.663378,27.921955,29.624979,30.749794,28.620253,32.81597,31.474096,33.088745,29.628916,32.16922,31.866583,30.391827,27.960608,30.441263,31.848335,36.16306,38.785015,38.681667,34.77303,40.65807,41.07899,39.646645,35.408436,39.295223,37.175842,32.57478,29.763622,27.613298,22.95482,21.643248,18.704481,18.656616,16.285982,19.74457,17.391691,17.366043,18.84663,21.719736,20.619114,20.44082,17.519688,17.111473,16.8057,16.276129,17.766102,18.54642,22.512001,24.500525,26.57878,29.236372,27.905024,23.449234,24.794086,26.270296,24.231169,20.520374,24.467312,25.910126,19.864187,20.261988,25.036795,25.001554,26.991344,27.27769,33.12061,29.837849,34.47575,34.260895,38.385323
6,18.234001,14.760087,12.637241,8.541119,5.5271845,6.8290086,0.0,6.2772703,7.6312222,10.572019,15.009171,17.054893,16.11934,13.242671,15.659189,11.194238,12.808201,11.291474,14.116498,14.577001,15.916267,19.600557,20.77068,24.531628,24.660389,24.262756,20.119268,20.20458,18.053814,17.436401,20.25908,17.70846,23.209387,22.436111,26.540659,27.496483,32.059826,32.68249,28.057993,24.958105,26.692379,24.289684,24.457127,24.371305,23.486973,25.725842,25.85203,23.270672,27.142488,25.864681,27.13051,23.66234,26.337997,25.74056,24.86935,22.456161,25.320185,26.618723,30.413122,33.609436,33.242916,30.148727,36.09567,36.41228,34.8923,31.27551,35.626328,33.904903,29.259861,27.158752,24.492474,20.91058,19.282324,17.968122,16.781212,16.637085,20.303038,17.590658,19.004057,19.669653,21.215141,19.177332,17.683321,15.606545,14.178094,14.8269005,12.645369,16.15804,16.20588,20.637949,22.962769,25.503447,28.11137,27.73187,23.090387,23.732948,26.24517,25.079311,20.56974,24.27962,26.943537,21.871841,20.607038,26.30253,27.047693,28.29806,27.778269,33.76681,29.349236,33.775764,33.151314,36.87594
7,22.62093,19.85866,16.765656,13.704104,10.788455,7.880074,6.2772703,0.0,5.560019,6.801163,11.237707,14.19166,15.224567,13.121838,17.357147,13.837509,16.743103,15.88963,19.455976,20.133718,22.094326,25.631186,26.730988,30.428587,30.398478,29.718266,25.368742,25.163023,21.91937,21.10533,21.96882,18.763475,23.188547,21.707876,25.841532,25.540956,30.668737,32.300613,27.92489,25.590649,27.52072,26.360212,26.670576,27.62309,26.660433,29.914534,30.37495,28.09803,31.493097,29.485056,30.31753,26.258738,28.0295,26.832722,25.802467,24.088549,26.913227,29.074766,32.85588,35.880917,36.490456,33.208466,39.050285,39.94016,38.87534,35.32426,39.845814,38.440487,33.596237,31.56125,28.504696,24.971586,22.49701,20.62228,18.346788,17.464706,19.64546,16.02987,16.413698,16.132702,18.113703,15.537454,15.910807,14.829758,14.972355,16.58899,15.642306,19.54165,21.043344,25.382648,28.12818,30.281061,32.415436,31.900944,27.60022,27.511253,29.580582,28.58639,23.898815,26.884651,29.41722,24.00606,22.214472,27.498276,27.653355,28.617895,28.513319,34.911797,31.061815,35.61386,35.70513,39.280838
8,24.19315,20.93113,19.204367,14.975551,12.80334,11.453327,7.6312222,5.560019,0.0,4.374782,7.4993844,10.232649,10.681656,9.252938,13.061351,9.579103,13.363595,12.640792,17.262854,17.745495,20.995844,23.92276,25.270351,28.451271,27.927893,26.879568,22.28405,21.984118,17.68474,17.17896,16.77801,14.040439,17.856514,17.13131,20.911526,21.032858,25.939203,27.382685,23.3736,21.230165,22.543818,21.871439,21.73368,23.23683,21.894323,25.838188,26.388376,24.521309,27.489958,24.92023,25.629278,21.358562,22.8145,21.828268,20.406391,18.767513,21.496914,23.890179,27.748356,30.58388,31.603304,28.24704,33.994465,35.1421,34.354927,30.980253,35.673546,34.65537,29.73737,28.112871,24.630665,21.82438,18.753176,17.713352,14.342219,14.8730545,16.759445,13.093707,14.793939,14.127566,14.791569,11.971585,10.947152,10.388985,10.24976,12.752334,11.638235,16.565712,18.629292,22.865479,26.099428,28.076178,29.706173,29.75779,25.770475,24.650448,27.068403,26.872364,21.700819,23.980164,27.250801,22.698862,19.512222,25.112566,25.73923,26.030909,25.405308,31.844574,27.46302,31.82188,31.92223,35.14732
9,28.082333,24.8225,22.675638,18.69723,16.024418,14.353885,10.572019,6.801163,4.374782,0.0,5.3471093,7.424985,9.219986,8.141447,13.31051,11.531618,15.247717,15.745925,19.634832,21.168606,24.205746,27.215328,28.998568,32.002586,31.175676,30.268085,25.312395,25.569693,20.71052,20.81521,19.24936,17.130482,19.499794,19.276361,22.533699,21.939558,27.02244,29.061419,25.683311,24.13626,24.964615,25.10098,24.50731,26.52397,24.597622,29.049345,29.093328,27.018553,29.514872,26.842148,26.996668,22.544846,23.444023,21.620792,20.830729,19.870293,22.793972,25.565271,28.826942,31.981445,33.296585,30.538027,36.127453,37.442135,36.787476,33.885086,38.772987,38.036938,33.15272,31.854824,28.182928,25.830988,22.582533,21.8408,18.005724,18.739414,19.855982,15.8233595,17.064735,15.422708,15.761097,11.947027,12.070988,13.11989,13.527293,16.596823,15.424748,20.727877,22.71829,26.962664,30.21098,32.257206,33.81889,34.02454,30.067102,28.773079,31.25482,31.195799,25.979961,28.01219,31.380259,26.87974,23.452906,28.896612,29.38526,29.424433,28.835047,35.34711,31.01448,35.263718,35.528248,38.49832
10,31.382406,28.246504,26.53971,22.411594,20.28084,18.215652,15.009171,11.237707,7.4993844,5.3471093,0.0,4.7539706,8.573899,9.746841,14.274167,13.277474,17.527983,17.9052,22.600643,23.540724,27.465141,29.95195,31.566149,34.24445,33.200024,31.865301,27.040466,26.806583,21.212706,21.162867,17.689472,15.614907,16.253174,16.026077,18.709055,17.407095,22.55514,25.158903,22.40239,21.69618,22.19663,23.570946,22.921286,25.848265,23.939394,29.137035,29.68748,28.306868,30.250603,26.82065,26.755285,22.061008,21.989777,20.254263,18.746284,18.444988,20.871275,24.274189,27.610048,30.155903,32.463425,29.38287,34.615475,36.483387,36.366405,33.561737,38.43684,38.11364,33.207207,32.16192,28.20563,26.349514,22.496473,21.931479,17.22126,18.322245,18.076715,13.956818,15.384724,12.807389,11.939631,7.5489283,8.410464,11.153382,12.626422,16.303045,16.089441,21.332844,24.308294,28.175753,31.803856,33.41018,34.322845,34.743614,31.327019,29.07085,31.346228,31.87211,26.540142,27.587696,31.159067,27.263689,22.88886,27.897476,28.338491,27.708729,27.039267,33.530987,29.402912,33.422367,34.16909,36.72909
11,34.191513,30.656567,29.300915,24.811886,22.509212,21.463825,17.054893,14.19166,10.232649,7.424985,4.7539706,0.0,5.201259,7.4607453,11.851324,12.75731,16.572193,18.165373,22.050076,23.998743,27.903952,30.189192,32.419388,34.63715,33.089962,31.921577,26.722445,27.283672,21.147608,22.122341,17.873194,17.338436,16.6989,18.176805,19.924175,19.05803,23.660358,26.07112,24.150543,23.661428,23.108753,24.805744,23.24578,26.386627,23.571304,29.113272,28.83472,27.243677,28.562195,25.153381,24.497065,19.82593,19.344933,16.83234,16.245966,16.538145,19.245703,22.698881,25.187668,28.24298,30.511995,28.388086,33.413033,35.247543,35.153976,33.055138,38.14092,38.17492,33.431793,32.956512,28.830639,27.830692,24.026098,24.431347,19.489143,21.683292,21.668242,17.8378,19.796644,17.183666,15.52547,11.106431,10.580109,14.093092,14.708714,18.662169,17.568874,23.43665,25.811544,29.644396,33.237183,35.03815,35.923904,36.818626,33.387306,30.947878,33.6774,34.535927,29.085476,30.039845,34.053513,30.63765,25.895388,31.128443,31.934275,31.040182,29.96814,36.272903,31.629473,35.348927,35.81174,38.001266
12,32.85651,28.9183,28.311958,23.384922,21.292717,21.712503,16.11934,15.224567,10.681656,9.219986,8.573899,5.201259,0.0,3.7953947,6.7482247,8.896022,12.155076,14.54935,17.80752,20.308937,24.237162,26.215193,28.873344,30.675806,28.79205,27.778618,22.381521,23.580599,17.308153,19.169512,15.281773,16.090858,15.758712,18.573439,20.077152,20.588572,24.547134,25.963758,24.07972,23.05948,21.857756,22.87378,20.631105,23.366808,19.910892,25.30231,24.327255,22.491604,23.622988,20.461731,19.69783,15.134307,15.190497,12.650353,12.7038965,12.578465,15.770491,18.729572,20.89724,24.517345,26.102959,24.577059,29.707178,31.176489,30.815435,29.059504,34.25553,34.354904,29.770697,29.657494,25.545538,25.166466,21.692396,23.043468,18.340046,21.591755,22.520971,19.21582,22.007278,20.10958,18.251122,14.423759,11.72419,14.50345,13.696217,17.468636,15.261495,21.509497,23.027893,26.777868,30.218029,32.242664,33.245975,34.54348,31.038176,28.676918,31.905588,32.955673,27.498857,28.65352,33.03625,30.099154,25.294155,30.921019,32.246296,31.3892,29.862373,35.90067,30.593422,34.119797,33.996357,36.09269
13,30.342295,26.302227,25.544651,20.67955,18.334728,19.311602,13.242671,13.121838,9.252938,8.141447,9.746841,7.4607453,3.7953947,0.0,5.70621,7.0081177,9.824884,12.526964,15.112956,18.193245,21.496035,23.860397,26.675026,28.718664,27.000261,26.31103,20.7874,22.369547,16.715721,18.639118,16.392084,16.874844,18.027847,20.389528,22.48877,23.277735,27.380651,28.50198,26.028643,24.414093,23.647833,23.716394,21.676981,23.657675,20.327229,25.042805,23.729588,21.308723,22.990881,20.50576,20.040995,15.76076,16.830704,14.492959,14.983688,14.111758,17.573164,19.908932,22.14109,26.129015,26.868038,25.467003,30.882761,31.901188,31.099316,29.177467,34.34741,34.08621,29.507954,29.152561,25.277529,24.46993,21.44727,22.621178,18.543762,21.475235,23.20637,19.896194,22.549685,21.110079,19.97877,16.25698,13.648352,15.354602,14.022238,17.340519,14.498022,20.749243,21.553148,25.571056,28.734686,31.072697,32.543697,33.66813,29.79067,28.116693,31.463682,32.101303,26.74065,28.56758,32.779854,29.444708,25.274986,31.162045,32.493103,32.084072,30.651545,36.727608,31.342707,35.062588,34.63358,37.066936
14,30.599785,26.267887,26.689342,21.461685,19.831343,22.147947,15.659189,17.357147,13.061351,13.31051,14.274167,11.851324,6.7482247,5.70621,0.0,5.501602,6.507601,10.231592,12.044513,15.363816,19.07114,20.603624,23.818146,25.084417,22.831526,22.138166,16.521826,18.746666,12.850016,15.944484,13.804928,16.054607,16.902594,20.580761,22.03291,24.042328,27.244312,27.370182,25.267918,23.406998,21.781971,21.390871,18.55272,20.170507,16.106136,20.687716,18.639977,16.225292,17.431307,15.025446,14.447215,10.403783,12.214162,10.472766,11.403241,9.947053,13.597549,15.155492,16.999931,21.36859,21.462517,20.698503,26.031029,26.73941,25.783388,24.334259,29.563925,29.545006,25.238916,25.480322,21.621876,21.911453,19.262068,21.69082,17.917442,22.032928,24.235455,21.71725,25.132126,24.178633,22.49182,19.446312,15.327182,16.574457,14.1313,16.964533,13.331774,19.445166,19.450783,22.995937,26.02895,28.396282,29.695887,31.409395,27.78415,25.846071,29.641262,30.753017,25.528202,27.128195,31.736412,29.357172,24.91901,30.851336,32.73705,32.124317,30.173275,35.722187,29.773064,33.048832,32.083485,34.18871
15,25.333738,21.107008,21.588697,16.292892,15.011667,17.404621,11.194238,13.837509,9.579103,11.531618,13.277474,12.75731,8.896022,7.0081177,5.501602,0.0,4.4418936,5.6746626,9.730724,11.443865,15.528427,17.477283,19.994982,22.004095,20.464794,19.559814,14.240845,15.408727,10.178248,12.067602,11.9884615,12.676594,15.846818,18.134628,20.628513,22.808474,26.35062,26.283947,23.073107,20.498018,19.99553,18.535257,16.717552,17.634277,14.75557,18.648417,17.760664,15.504811,18.095125,15.847723,16.501913,12.63721,15.192921,14.792241,14.086074,11.60653,14.816342,16.134851,19.428007,23.005272,22.923706,20.669249,26.46786,27.053982,25.897709,23.290865,28.294409,27.631363,22.999464,22.387941,18.708689,17.770449,15.219497,16.934956,13.717741,17.302202,20.21245,17.892838,21.280237,21.044548,20.074537,17.648214,13.436958,13.11904,10.201477,12.423589,8.510603,14.604619,14.743752,18.670914,21.787546,24.163841,25.744768,26.980148,23.09106,21.580114,25.187363,25.870579,20.639917,22.76187,27.072798,24.229355,20.303877,26.384754,28.176113,28.009895,26.280113,31.961931,26.219208,29.895475,28.93412,31.633595
16,25.138874,20.652954,21.783403,16.551443,15.508517,19.267738,12.808201,16.743103,13.363595,15.247717,17.527983,16.572193,12.155076,9.824884,6.507601,4.4418936,0.0,4.869703,5.7632227,9.226424,12.564681,14.304319,17.564577,19.138477,17.267994,16.885054,11.255246,13.801353,9.624565,12.577536,14.072226,15.680346,18.972336,21.734661,23.974648,26.675144,29.796257,29.167168,26.07818,23.203377,22.381687,20.156961,17.9706,17.916368,14.676737,17.478193,15.4056225,12.2925005,15.131788,14.006217,14.791445,11.891394,15.426252,15.272199,15.457996,12.678711,15.86015,16.075586,18.700958,22.783947,21.49054,20.148525,25.865423,25.789299,24.10574,21.90727,26.840666,26.054201,21.782005,21.477306,18.202957,17.810453,16.230305,18.620192,16.379543,20.154078,23.649544,21.74337,25.190573,25.264126,24.38043,22.08261,17.707952,17.080584,13.732721,15.120031,10.599891,15.830504,14.33837,18.020916,20.56536,23.328444,25.273031,26.785248,22.767185,21.86354,25.83091,26.43713,21.586903,24.100239,28.397907,25.918987,22.530638,28.604816,30.670998,30.696817,28.779085,34.026226,28.006432,31.41657,29.870735,32.510803
17,21.147253,16.787643,18.453606,13.133001,13.0057955,16.795692,11.291474,15.88963,12.640792,15.745925,17.9052,18.165373,14.54935,12.526964,10.231592,5.6746626,4.869703,0.0,6.446931,5.836796,10.434216,12.160745,14.346442,16.567997,15.462673,14.581042,9.675162,10.47565,7.319028,8.72026,12.427644,12.862989,17.782303,19.487719,22.30151,25.274347,28.359035,27.413324,23.580362,20.163626,20.191502,17.025232,15.795991,15.0346,13.13577,15.178115,14.638412,12.32056,16.11702,14.8188305,16.581852,13.8517275,17.443064,18.264093,17.145956,13.878735,16.418459,16.489202,20.2724,23.403446,22.260166,19.476795,25.391417,25.33687,23.662048,20.392414,25.004492,23.708078,19.160463,18.065042,14.975513,13.498052,12.132251,14.0937,12.706842,16.134233,20.20499,18.853872,22.346,23.122232,22.638468,21.147787,16.665318,14.736403,11.059044,11.327986,6.7027583,11.187719,9.672327,13.63565,16.397312,19.046564,21.093409,22.264925,18.13682,17.420704,21.245964,21.637154,16.809004,19.642992,23.732016,21.179714,18.177126,24.229458,26.326174,26.640509,24.819601,29.970104,24.125847,27.743208,26.18025,29.247614
18,22.539318,17.964596,19.929909,15.1762,14.784452,19.959757,14.116498,19.455976,17.262854,19.634832,22.600643,22.050076,17.80752,15.112956,12.044513,9.730724,5.7632227,6.446931,0.0,6.403376,7.4670424,9.368999,13.234772,14.779495,13.175321,13.658063,8.505165,12.096786,11.022523,13.665531,17.745253,19.138304,23.43661,25.78337,28.259905,31.36363,34.262897,33.083298,29.61204,26.185413,25.734484,22.305157,20.523178,19.00601,16.493391,17.134838,14.4938135,10.574606,14.47953,15.16685,16.641228,15.200131,19.426807,19.85289,20.210705,17.11845,19.84403,18.974955,21.372042,25.346243,22.720356,21.691067,27.232876,26.307943,23.922832,21.623484,26.02198,24.624083,20.848408,20.306892,18.006666,17.366283,17.259016,19.623713,18.985477,22.253963,26.57107,25.194067,28.492687,29.208008,28.829563,26.933052,22.612125,21.092999,17.471636,17.654716,13.055716,16.508713,13.075582,16.372543,17.885094,21.128038,23.774008,25.182577,20.911976,21.314953,25.370836,25.472246,21.369305,24.6453,28.492369,26.144995,23.954388,29.850342,32.058804,32.604458,30.715405,35.441017,29.461103,32.73106,30.584295,33.468975
19,18.665787,14.331422,17.560577,12.881847,14.046589,18.953926,14.577001,20.133718,17.745495,21.168606,23.540724,23.998743,20.308937,18.193245,15.363816,11.443865,9.226424,5.836796,6.403376,0.0,5.853094,6.6075826,8.573079,10.855417,10.303065,9.732479,6.0117292,6.7419305,8.211895,9.02286,15.504874,16.08084,21.588379,23.035374,25.796906,29.362785,31.902027,30.166887,26.108604,22.177603,22.44471,17.93762,17.1653,14.61032,13.787456,13.134351,12.610317,10.287012,15.050376,15.202721,17.774626,16.473478,20.643703,22.245651,21.13538,17.579996,19.476,18.347214,22.014437,24.73392,22.387585,19.61154,25.227196,24.35308,22.069952,18.446388,22.365284,20.37028,16.302877,14.84602,12.95632,11.33648,12.067874,14.3230915,15.062343,18.05737,22.819403,22.372295,25.793684,27.273197,27.079327,26.20126,21.626999,18.938282,15.126163,13.907037,9.890616,11.163899,6.839992,10.008991,11.714152,14.857862,17.570217,18.796652,14.5329,15.110684,19.108978,19.173624,15.335278,18.790012,22.419765,20.5428,18.809242,24.386711,26.77841,27.528036,25.620384,29.897808,24.090704,27.354057,25.051117,28.30051
20,17.10947,12.821091,16.237448,12.653519,13.851052,19.760517,15.916267,22.094326,20.995844,24.205746,27.465141,27.903952,24.237162,21.496035,19.07114,15.528427,12.564681,10.434216,7.4670424,5.853094,0.0,4.279918,6.990201,9.817873,10.188041,11.258487,9.050085,10.947125,13.895295,14.684946,21.337675,21.655962,27.356056,28.552622,31.540058,34.91493,37.654526,35.976078,31.763912,27.712912,28.239271,23.497377,22.898535,19.924625,19.240454,17.543926,16.143925,13.04032,17.828352,19.350296,21.739517,21.026066,25.421,26.617994,26.232834,22.788359,24.888914,23.483631,26.486885,29.583551,26.407967,24.489542,29.797413,28.33228,25.552402,22.35528,25.687555,23.26193,19.984093,18.415844,17.593374,15.698067,17.325768,18.843801,20.33112,22.429722,27.510267,26.948938,29.89857,31.54727,31.891224,30.809551,26.700462,23.934708,20.33345,19.004198,15.185985,15.819695,10.749709,13.187671,13.186623,16.776987,20.322084,21.059814,16.550825,18.877058,22.503466,21.695929,18.841753,23.007318,25.864658,23.582548,23.205704,28.501875,30.687794,31.97701,30.348434,34.37038,28.911697,32.122253,29.556366,32.952362
21,19.292795,15.369259,19.566984,16.112011,17.732367,23.405712,19.600557,25.631186,23.92276,27.215328,29.95195,30.189192,26.215193,23.860397,20.603624,17.477283,14.304319,12.160745,9.368999,6.6075826,4.279918,0.0,4.721982,5.835539,5.96566,7.3870435,6.791053,8.831782,13.264289,14.299177,21.195715,22.22588,27.562073,29.178514,31.718952,35.607018,37.762196,35.51736,31.596058,27.522804,27.652977,22.596386,21.812744,18.224499,17.744694,14.855914,13.290537,10.702749,15.456701,17.53803,20.273144,20.384493,24.88129,26.706615,26.158749,22.627085,24.238451,22.173431,25.003115,27.697569,23.990726,22.21611,27.121529,25.259539,22.268372,19.162224,22.082363,19.556664,16.776028,15.573564,15.349899,14.475172,16.807117,19.155073,20.984236,23.634506,28.630438,28.577469,31.858906,33.61562,33.574097,32.797585,28.206635,25.422537,21.61239,19.989887,16.326637,16.18859,10.697391,11.779746,11.183216,14.686737,18.021364,19.348675,15.430168,17.540522,21.355314,21.049404,18.681736,22.358496,25.328285,24.14089,23.586163,28.527567,31.057964,32.12546,30.187954,33.57571,27.944223,30.652084,27.664091,30.771646
22,16.516941,13.251349,18.270348,15.564841,18.077879,23.34022,20.77068,26.730988,25.270351,28.998568,31.566149,32.419388,28.873344,26.675026,23.818146,19.994982,17.564577,14.346442,13.234772,8.573079,6.990201,4.721982,0.0,4.6268954,7.4016185,7.840317,9.611138,8.871076,14.7878685,14.350777,22.133974,22.356222,28.321886,29.109312,31.891432,35.846085,37.84833,35.37562,31.042488,26.72413,27.539337,21.91526,22.063932,17.91376,18.81854,15.065481,15.248705,13.902982,18.619726,20.241842,23.349777,23.355457,27.665718,29.885542,28.649933,25.00736,26.220537,24.206886,27.662405,29.59529,26.216509,23.407705,28.138193,26.345615,23.516584,19.581598,21.743263,18.612051,15.991471,13.79918,14.543372,12.605828,15.853128,17.483982,20.49798,22.388868,27.547659,28.088196,31.158405,33.42513,33.697155,33.5261,29.099663,25.673485,22.062368,19.637333,16.83691,14.905268,9.26655,9.13936,7.343311,10.871812,14.686923,15.444528,11.564931,14.791578,18.097595,17.317957,15.889453,19.820896,22.08427,21.190567,21.630236,25.953363,28.445917,29.861345,28.108854,30.979269,25.842638,28.489326,25.421125,28.861958
23,20.961796,17.860516,22.886911,20.025925,22.32635,27.64404,24.531628,30.428587,28.451271,32.002586,34.24445,34.63715,30.675806,28.718664,25.084417,22.004095,19.138477,16.567997,14.779495,10.855417,9.817873,5.835539,4.6268954,0.0,3.9278326,5.1026974,9.030564,9.103632,15.394723,15.77222,23.008293,24.234478,29.427221,30.950037,33.141014,37.51183,38.969204,36.031803,32.245453,28.096184,28.203728,22.627073,22.216072,17.744864,18.362001,13.599556,13.043143,12.209313,16.34703,18.723534,21.900457,22.830635,27.169882,29.76887,28.724228,25.153036,26.004225,23.33026,26.201788,27.92779,23.8518,21.732,25.851225,23.523249,20.399857,17.023037,18.675684,15.589132,13.89951,12.682274,14.040886,13.923563,17.392,20.03081,22.770277,25.404041,30.297,31.037334,34.43547,36.553745,36.355553,36.185577,31.33033,28.230665,24.44218,22.18464,19.266918,17.509254,12.092357,10.875694,8.774261,11.659323,14.755433,16.470251,13.682993,16.054981,19.555079,19.550734,18.452913,21.560177,24.09245,24.281105,24.175722,28.230146,31.030273,32.06563,29.960121,32.253353,26.863024,28.86964,25.366508,28.250746
24,23.846636,20.314993,24.949072,21.451588,23.258686,28.614616,24.660389,30.398478,27.927893,31.175676,33.200024,33.089962,28.79205,27.000261,22.831526,20.464794,17.267994,15.462673,13.175321,10.303065,10.188041,5.96566,7.4016185,3.9278326,0.0,3.214641,6.4858537,8.340193,13.609662,15.104709,21.443193,23.539093,27.978447,30.275852,32.05539,36.536766,37.849503,34.897854,31.600517,27.708204,27.108456,21.986343,20.771791,16.644741,16.247839,11.821197,9.8030405,8.638263,12.5411005,15.33583,18.376217,19.712212,24.091726,26.699648,25.995325,22.5398,23.401903,20.46658,22.82417,24.862684,20.442934,19.101595,23.190563,20.738964,17.46845,14.780274,17.04489,14.599668,12.829454,12.730228,13.314065,14.504761,17.32249,20.763325,22.622305,26.025566,30.655119,31.141714,34.821228,36.562202,35.935345,35.467888,30.33923,27.75927,23.828993,22.101978,18.759596,18.060268,12.956752,12.244092,11.244415,13.964047,16.389288,18.746992,16.098751,17.260853,21.195583,21.819695,20.005644,22.62911,25.819584,26.13753,25.062828,29.45687,32.393932,33.00621,30.641542,33.157967,27.324085,29.200531,25.70935,28.169235
25,23.686192,20.227457,24.906214,21.183447,23.14957,28.070528,24.262756,29.718266,26.879568,30.268085,31.865301,31.921577,27.778618,26.31103,22.138166,19.559814,16.885054,14.581042,13.658063,9.732479,11.258487,7.3870435,7.840317,5.1026974,3.214641,0.0,5.742187,5.788863,11.531967,12.626472,18.991001,21.09387,25.464834,27.677223,29.332441,33.94847,35.047863,31.941713,28.658525,24.780005,24.175522,18.951008,17.882103,13.559808,13.640164,8.821885,8.067645,8.1759,12.072396,13.951305,17.290663,18.404646,22.585499,25.549862,24.289145,20.781654,21.317421,18.415451,21.315638,22.8373,18.907356,16.654423,20.879196,18.721184,15.733439,12.272511,14.729463,12.23015,9.84652,9.63544,10.123574,11.717643,14.570705,18.2999,20.182146,23.768934,28.208477,28.952282,32.74794,34.537907,33.74647,33.5585,28.317106,25.64469,21.758625,19.860273,16.86934,15.75885,11.100485,9.894062,9.480488,11.835949,13.785066,16.461363,14.104933,14.486014,18.530035,19.588837,17.628622,19.818327,23.217402,23.944963,22.495659,26.749182,29.793222,30.208881,27.731682,30.139162,24.233423,26.034092,22.560236,25.011272
26,23.683453,19.57815,23.328287,18.843843,19.993095,24.884325,20.119268,25.368742,22.28405,25.312395,27.040466,26.722445,22.381521,20.7874,16.521826,14.240845,11.255246,9.675162,8.505165,6.0117292,9.050085,6.791053,9.611138,9.030564,6.4858537,5.742187,0.0,5.4291453,7.712339,10.361627,15.7926655,18.219326,22.318169,25.01471,26.783173,31.014355,32.68486,30.242237,27.05068,23.393644,22.485317,18.06146,16.23974,13.18175,11.491822,9.546477,7.132992,4.737595,9.641845,10.859816,13.786505,14.013838,18.450403,20.784765,19.978085,16.46244,17.772644,15.437052,18.3049,20.938627,17.513203,15.729748,20.8531,19.34962,16.673923,13.794189,17.750216,16.170883,12.724416,12.736159,11.115279,12.307142,13.528596,17.373192,17.86057,21.919691,26.224695,26.167477,30.03133,31.302153,30.372774,29.548113,24.337366,22.231321,18.242418,17.243273,13.376824,14.418745,10.245196,11.322504,12.497142,15.262293,17.246016,19.617437,16.39486,16.091944,20.449738,21.467106,18.14303,20.534067,24.556244,24.16838,21.812183,26.956038,29.797405,30.017544,27.591953,31.095137,24.857386,27.274616,24.404257,26.90155
27,21.47674,17.869032,22.036446,17.789238,19.697515,23.863863,20.20458,25.163023,21.984118,25.569693,26.806583,27.283672,23.580599,22.369547,18.746666,15.408727,13.801353,10.47565,12.096786,6.7419305,10.947125,8.831782,8.871076,9.103632,8.340193,5.788863,5.4291453,0.0,6.905224,6.900735,13.968898,15.416765,20.33993,22.075102,24.078552,28.501034,29.936478,27.187014,23.47515,19.480587,19.312937,14.042079,13.397856,9.429997,9.9954405,7.0182514,8.653519,9.025597,13.223061,13.017957,16.386484,16.0686,19.956533,22.851765,20.819849,17.178974,17.816866,15.800289,19.908176,21.270708,18.846952,14.998105,20.167519,19.138575,16.986412,12.506359,15.984303,13.8470335,9.6266575,8.24363,6.693553,6.9769235,9.028615,12.870154,14.4031725,18.140617,22.494509,23.179798,27.030495,28.796711,28.006771,27.983637,22.814266,19.92946,16.095327,14.082488,11.302141,10.222187,6.3346934,6.265841,8.301001,10.52099,12.177213,14.504211,11.54459,10.668804,15.038252,16.306,13.117388,15.277433,19.227688,19.39541,17.17833,21.918283,24.879917,25.161186,22.733437,25.918104,19.843819,22.331263,19.456425,22.377655
28,24.854979,20.894783,23.740065,18.679602,19.48129,22.772718,18.053814,21.91937,17.68474,20.71052,21.212706,21.147608,17.308153,16.715721,12.850016,10.178248,9.624565,7.319028,11.022523,8.211895,13.895295,13.264289,14.7878685,15.394723,13.609662,11.531967,7.712339,6.905224,0.0,4.7631383,8.116568,10.933613,14.623185,17.513758,19.135395,23.329296,25.069891,22.956516,19.803907,16.461386,15.310192,11.756366,9.578616,8.367461,5.95652,8.49431,9.114321,9.089151,12.0525675,9.598793,12.234729,10.328771,13.849529,16.46982,14.171761,10.51087,11.6467905,10.645555,15.228515,17.21973,16.226683,12.395348,18.307156,18.40727,17.087229,13.494452,18.28472,17.523058,12.840714,12.641487,8.848603,9.927322,8.42164,12.781026,11.388894,16.441448,19.874224,19.711536,23.911837,24.81095,23.301483,22.694344,17.183985,15.375289,11.46269,11.106379,7.651091,10.254504,9.409255,11.364774,14.589565,16.366428,17.137896,19.407316,16.541868,13.9638405,18.168396,19.962608,15.390751,16.594238,21.387873,20.905407,16.784971,22.212372,24.975456,24.508673,21.954365,26.206028,19.782295,22.597736,20.642809,23.073187
29,22.079397,18.600143,21.559526,16.84557,18.279497,20.893456,17.436401,21.10533,17.17896,20.81521,21.162867,22.122341,19.169512,18.639118,15.944484,12.067602,12.577536,8.72026,13.665531,9.02286,14.684946,14.299177,14.350777,15.77222,15.104709,12.626472,10.361627,6.900735,4.7631383,0.0,8.15146,8.521918,14.043997,15.247038,17.605923,21.756704,23.602983,21.431509,17.321625,13.372964,13.636863,8.959416,8.852337,7.0168257,7.860322,9.312153,12.319602,12.975658,16.295975,13.881733,16.668642,14.5981455,17.505472,20.172808,17.08854,13.611384,14.23092,13.812476,19.025578,20.02094,19.699762,14.5242605,20.196318,20.58882,19.55403,14.901939,18.977398,17.650055,12.686508,11.080593,7.460598,6.1237135,3.855392,8.078314,7.7453103,12.358474,16.143524,16.651724,20.746008,22.267693,21.198185,21.404596,16.21976,13.23015,9.509721,7.6241035,5.596383,5.7089,6.527712,8.383841,12.25812,13.491476,14.088471,15.773432,12.951204,9.94675,13.884183,15.597322,10.780189,12.025165,16.752865,16.205275,12.159651,17.578175,20.341341,20.116299,17.7045,22.064394,15.87453,19.174006,17.471828,20.572893
30,29.138388,25.660303,27.57473,22.57751,22.992876,24.311342,20.25908,21.96882,16.77801,19.24936,17.689472,17.873194,15.281773,16.392084,13.804928,11.9884615,14.072226,12.427644,17.745253,15.504874,21.337675,21.195715,22.133974,23.008293,21.443193,18.991001,15.7926655,13.968898,8.116568,8.15146,0.0,5.8112755,6.550781,10.434452,11.191692,15.513108,17.050182,15.37541,12.730274,10.510333,8.372903,8.011102,5.4373455,8.923293,7.139074,12.899366,15.145971,16.280506,17.612814,13.262713,14.702165,11.373575,12.197933,14.85475,10.533227,7.9238753,7.8142514,9.581396,15.018222,15.563859,17.66831,12.532318,17.873812,19.737413,19.9641,16.579733,21.189692,21.351856,16.658527,16.57435,12.25714,13.211389,9.273183,12.665208,8.480614,14.173097,15.427168,15.242082,19.70839,19.900007,17.268368,17.160694,11.359778,10.662658,8.007308,9.2073,8.649917,11.797007,14.55803,16.267683,20.165895,20.87492,20.35988,22.363718,20.433464,16.099045,19.263891,21.7946,16.80717,16.026125,21.08045,20.861588,14.912607,19.788498,22.260462,20.688665,18.036982,22.832764,16.70607,19.553888,19.029339,20.875536
31,25.891335,22.915974,24.233578,19.662603,20.238937,20.414831,17.70846,18.763475,14.040439,17.130482,15.614907,17.338436,16.090858,16.874844,16.054607,12.676594,15.680346,12.862989,19.138304,16.08084,21.655962,22.22588,22.356222,24.234478,23.539093,21.09387,18.219326,15.416765,10.933613,8.521918,5.8112755,0.0,7.433167,6.9680176,10.180442,13.512761,16.234951,15.440759,10.936451,7.9191675,9.0385475,8.112117,8.910213,11.327826,11.792775,16.109016,19.23539,19.99069,22.291555,18.454866,20.142662,16.608702,17.571127,19.478851,15.31984,13.022686,13.39809,15.378978,20.807728,21.217566,23.289993,17.687101,22.905628,24.713568,24.807753,20.627806,24.740395,24.20068,19.307793,17.942698,14.100963,12.592023,8.118212,8.894493,3.476028,8.619514,9.804275,9.681697,14.15364,14.910868,13.028349,13.748465,8.6577635,5.8350973,3.8148026,4.452184,6.719269,8.966318,13.490933,15.656259,19.717497,20.219381,19.943636,20.912624,18.743088,14.757466,17.081438,18.951994,13.705861,13.176885,17.714626,16.363066,10.2789,15.479298,17.464622,16.252684,14.180694,19.952295,14.579377,18.434328,18.655783,21.389982
32,33.292824,30.181341,31.336956,26.586458,26.652445,26.562063,23.209387,23.188547,17.856514,19.499794,16.253174,16.6989,15.758712,18.027847,16.902594,15.846818,18.972336,17.782303,23.43661,21.588379,27.356056,27.562073,28.321886,29.427221,27.978447,25.464834,22.318169,20.33993,14.623185,14.043997,6.550781,7.433167,0.0,6.3945575,5.380002,9.311921,10.948615,10.596444,8.986457,9.144838,6.6459637,10.552056,9.281726,14.021995,12.98468,18.808954,21.328682,22.61281,23.393826,18.632647,19.278381,15.583912,14.516272,16.377274,11.462085,10.846908,10.055871,13.40789,18.098675,17.756582,21.647081,16.627672,20.846588,23.647894,24.696321,21.708498,25.934563,26.527504,22.076965,21.96296,17.84018,18.388159,14.03807,15.865025,10.752967,15.17313,14.0576935,13.603807,17.70758,16.991817,13.275468,13.647771,8.547083,9.74888,9.640153,11.856851,13.147137,16.078089,20.085793,21.77813,25.795528,26.060442,25.036348,26.665407,25.210537,20.435308,22.654423,25.298893,20.41772,18.629631,23.238491,22.944489,16.411358,20.273663,22.135569,19.759996,17.43517,22.471106,17.391325,20.057644,20.868464,22.151518
33,30.968622,28.537064,29.210789,25.111698,25.446732,24.16495,22.436111,21.707876,17.13131,19.276361,16.026077,18.176805,18.573439,20.389528,20.580761,18.134628,21.734661,19.487719,25.78337,23.035374,28.552622,29.178514,29.109312,30.950037,30.275852,27.677223,25.01471,22.075102,17.513758,15.247038,10.434452,6.9680176,6.3945575,0.0,4.925222,6.947391,10.112527,10.829728,6.5003285,6.4872546,8.206827,11.103497,12.47814,16.187012,16.936594,21.675474,25.172127,26.371399,28.036196,23.649052,24.81498,21.09493,20.640842,22.22727,17.56454,16.569683,16.172506,19.094236,24.17493,23.625364,27.182692,21.407106,25.666468,28.31536,29.20308,25.315489,29.04085,28.985445,24.394468,23.214111,19.574394,18.37183,13.992425,13.605553,8.875814,11.0060215,8.250396,8.385446,12.164662,12.022049,8.791238,11.105603,7.716462,6.959298,8.871036,10.139176,13.437547,14.8885765,20.044962,21.747408,25.762478,25.658308,24.648615,25.343042,24.010328,19.50232,20.667387,22.78801,18.145777,16.165216,19.91484,18.94386,12.582745,15.7437525,16.912699,14.565205,12.966524,18.780642,14.925531,18.36043,20.063934,22.104828
34,35.362362,32.779167,33.772457,29.465374,29.765362,28.824703,26.540659,25.841532,20.911526,22.533699,18.709055,19.924175,20.077152,22.48877,22.03291,20.628513,23.974648,22.30151,28.259905,25.796906,31.540058,31.718952,31.891432,33.141014,32.05539,29.332441,26.783173,24.078552,19.135395,17.605923,11.191692,10.180442,5.380002,4.925222,0.0,5.4264817,6.1176853,6.5541396,5.1227303,7.7123866,6.5715375,11.872377,12.24945,16.81306,17.092422,22.265007,25.647457,27.36268,28.19948,23.431896,24.215345,20.785395,19.412014,21.29295,16.325481,16.093145,14.806653,17.930822,22.545012,21.20337,25.663155,20.094849,23.515846,26.684816,28.153776,24.880737,28.46808,29.068213,24.83962,24.398386,20.687725,20.785807,16.510849,17.248505,12.6848545,15.628602,12.794873,13.199049,16.659359,15.976917,11.995265,13.923345,10.520538,11.3658905,12.669086,14.147074,16.792765,18.387108,23.178297,24.414341,28.401865,28.087101,26.53426,27.77654,26.986683,21.892467,23.147825,25.908417,21.537384,18.79852,22.745502,22.880703,16.34832,18.748268,20.160496,17.146582,15.126515,19.834763,15.993022,18.3569,20.238346,21.241985
35,37.49066,35.116055,35.30557,31.272581,31.15328,29.208523,27.496483,25.540956,21.032858,21.939558,17.407095,19.05803,20.588572,23.277735,24.042328,22.808474,26.675144,25.274347,31.36363,29.362785,34.91493,35.607018,35.846085,37.51183,36.536766,33.94847,31.014355,28.501034,23.329296,21.756704,15.513108,13.512761,9.311921,6.947391,5.4264817,0.0,5.569684,9.603792,8.90645,11.838365,11.955096,16.863821,17.465673,21.928396,22.014355,27.35013,30.47402,31.75689,32.704105,27.927988,28.390514,24.54432,22.840689,23.807222,19.274412,19.587482,18.849682,22.448355,26.688694,25.743181,30.421055,25.252071,28.65306,31.902918,33.37316,30.200024,33.877464,34.399647,30.069601,29.389826,25.672726,25.119162,20.737793,20.510681,15.778008,17.360842,13.385193,12.862315,15.165861,13.461884,9.072135,11.299613,10.286803,12.2329,14.869168,16.898512,19.797518,21.824118,26.888151,28.58509,32.606655,32.405136,31.091028,31.900097,30.866438,26.147646,27.056276,29.341238,24.942978,22.51984,25.90307,25.157358,19.031403,21.06295,21.644873,18.723597,17.589586,22.583874,19.879137,22.439518,24.827324,25.939344
