,0,1,2,3,4,5,6,7,8,9,10,11,12,13,14,15,16,17,18,19,20,21,22,23,24,25,26,27,28,29,30,31,32,33,34,35,36,37,38,39,40,41,42,43,44,45,46,47,48,49,50,51,52,53,54,55,56,57,58,59,60,61,62,63,64,65,66,67,68,69,70,71,72,73,74,75,76,77,78,79,80,81,82,83,84,85,86,87,88,89,90,91,92,93,94,95,96,97,98,99,100,101,102,103,104,105,106,107,108,109,110
0,0.0,3.7778726,7.1854706,9.905797,12.817059,13.825903,17.38974,21.630148,24.332628,27.280888,31.220734,33.824806,34.21086,31.5454,26.414515,26.944513,23.687634,24.83781,20.507118,23.102837,21.969135,22.472467,22.806036,25.429466,27.110094,26.075008,26.698353,24.610798,27.542671,23.599493,30.067606,24.329273,30.001926,26.897354,28.852417,30.430803,27.691916,27.865894,24.477629,23.113712,27.813183,25.872993,30.004732,30.293777,26.95476,30.810171,27.77748,31.03733,30.349857,32.41075,34.153515,34.330746,39.25124,39.828373,42.017857,38.682945,37.956882,39.142212,43.873585,43.97265,38.979256,37.637962,42.46313,42.9117,46.04269,40.383522,39.198322,45.108265,40.79864,38.847523,41.742645,41.866787,39.24864,35.15011,36.200535,32.67831,36.89488,35.43995,36.425602,38.18595,35.277702,38.851852,35.18595,32.722374,29.668474,29.863258,24.941885,27.803055,24.663382,25.12621,26.375397,25.90476,23.28138,20.38878,17.569313,15.775647,14.207693,13.190948,16.244057,19.039934,21.04719,23.932802,26.342463,29.104782,31.387012,29.71201,34.808468,29.601877,32.224796,30.7112,33.609455
1,3.7778726,0.0,3.975293,6.1523857,9.140968,10.346477,13.62659,18.13053,20.620096,23.668299,27.601128,30.10919,30.437023,27.801144,22.691465,23.393713,20.26371,21.855877,17.937338,20.823263,20.232649,21.00226,21.809324,23.932333,25.274456,24.10718,24.156206,21.788378,24.350405,20.339508,26.455967,20.686842,26.283398,23.154078,25.220707,26.861534,24.295702,24.444506,20.882765,19.433365,24.257128,22.424496,26.453024,26.894361,23.912275,27.708513,25.148214,28.568748,28.280884,30.255262,31.979942,31.76867,36.726395,37.085243,39.257908,35.938374,34.935802,35.92587,40.729725,40.597202,35.49487,34.32538,39.167843,39.79951,42.799454,36.990547,36.118546,42.073277,37.927452,36.081097,39.239174,39.50922,37.058174,32.801632,34.107487,30.172802,34.4121,32.70455,33.391567,35.093105,31.950401,35.42767,31.648277,29.142982,26.188667,26.588026,21.714409,25.036278,22.180183,23.045353,24.654213,24.482697,22.21378,19.715267,17.568037,14.423087,12.541289,10.831925,13.215886,16.416245,17.80928,20.954042,23.124947,25.768116,28.27627,26.832573,32.10018,27.053352,30.046389,28.684687,31.97549
2,7.1854706,3.975293,0.0,4.8662333,6.8090367,7.09786,10.968616,14.522554,17.50772,20.165663,24.22879,26.86663,27.741283,25.143183,19.974874,20.743544,17.979053,19.745985,16.847965,19.465618,19.776932,20.289751,21.836535,23.75605,24.564465,23.674932,22.968256,20.5929,22.554878,18.857681,24.323614,18.729239,24.213064,20.78781,23.407404,24.758005,22.76131,23.20312,19.231386,17.660343,22.876507,21.176725,24.836205,25.345491,23.02937,26.317596,24.560522,27.637634,28.00663,29.460983,30.855392,30.289068,35.314423,35.22113,37.71061,34.623882,33.07179,34.00119,38.695446,38.41445,33.278248,31.938517,36.500534,37.119072,39.883614,33.997284,33.31697,39.13282,34.88035,33.263123,36.44176,37.02774,34.526974,30.291508,31.36526,27.195538,31.162281,29.203533,29.867476,31.349106,28.410269,31.76775,28.042795,25.751083,22.856922,23.420187,18.469015,22.19979,19.908651,20.695995,22.796425,22.481104,20.33762,18.468838,17.005283,12.716583,11.623024,8.3224945,10.398568,13.096861,14.006656,17.337193,19.294699,21.942919,24.428665,23.00948,28.428732,23.670036,26.744968,25.738842,29.138218
3,9.905797,6.1523857,4.8662333,0.0,3.7624757,6.306835,7.689118,13.361074,14.9679785,18.366291,22.22469,24.383627,24.381924,21.76728,16.755741,17.863955,15.002867,17.633,14.6383505,18.093735,18.46298,19.81952,21.28661,22.32692,23.056906,21.574604,20.576591,17.647703,19.40517,15.232426,20.55658,14.706933,20.13946,17.111652,19.284433,21.22719,18.971874,18.905186,15.052349,13.361932,18.31477,16.702957,20.540466,21.313515,19.04849,22.771198,21.131454,24.911182,25.298117,27.185581,28.928488,27.997578,32.91436,32.946465,34.94891,31.63479,30.218159,30.782728,35.737617,35.153755,29.854069,29.137411,34.07353,35.104893,37.88022,31.815058,31.57898,37.617622,33.91282,32.238388,35.904526,36.365925,34.328117,29.82295,31.723772,27.089323,31.378553,29.253038,29.2698,30.911274,27.191534,30.47233,26.457409,23.772264,21.063154,21.886795,17.297287,21.471312,19.208565,20.965504,23.091593,23.598469,22.138206,20.381493,19.419647,14.528715,12.084637,9.676784,9.827313,13.923173,13.795108,17.354725,18.947668,21.244625,24.224989,23.34249,28.79402,24.126085,27.804724,26.679457,30.641638
4,12.817059,9.140968,6.8090367,3.7624757,0.0,6.2446065,4.93439,11.199798,12.689464,15.565613,19.889746,21.564516,21.96955,18.795511,13.61531,14.326134,11.483121,14.119668,11.93924,15.205686,16.335213,17.621489,19.646763,20.311844,20.557701,19.278109,17.650076,14.767438,16.135508,12.308245,17.561579,11.9870205,17.906708,15.234805,17.969378,20.206446,18.674232,18.40322,14.133355,11.813975,16.666708,14.59066,18.129066,18.570442,16.669052,19.832937,18.779097,22.139614,23.06763,24.493433,25.99066,24.808538,29.750418,29.523865,31.724594,28.58366,26.850843,27.479507,32.326668,31.811615,26.592485,25.59267,30.418922,31.389381,34.156437,28.137266,27.831465,33.85713,30.17553,28.528267,32.27237,32.808384,30.86368,26.320566,28.365059,23.554008,27.884594,25.754013,25.663074,27.49393,23.62932,27.13596,23.321081,20.385508,17.476364,18.147507,13.59439,17.84486,15.851435,17.861105,20.229662,20.971703,19.945011,18.690933,18.488997,12.831381,10.538582,7.80234,6.552884,10.976049,10.8005495,14.019861,15.8501215,18.337915,21.049807,20.198956,25.46405,20.769794,24.655872,23.531532,27.733196
5,13.825903,10.346477,7.09786,6.306835,6.2446065,0.0,6.6467166,8.129072,10.980078,14.045245,17.494762,20.629253,21.53393,19.885183,15.1079645,17.066105,15.468936,18.759094,17.835266,20.672531,22.282215,23.142715,25.43851,26.34011,26.365126,25.314928,23.226217,20.321726,20.718346,17.219227,20.300678,14.926867,19.003902,14.746856,17.75132,18.332458,16.973948,18.062729,13.877971,12.802789,18.596016,18.121872,20.985258,22.39081,21.697002,24.55942,24.441214,27.74057,29.067467,30.221634,31.438643,29.892887,34.791348,34.003162,36.448395,33.557312,31.14775,31.375286,36.136005,34.998695,29.541145,28.878542,33.18695,34.3573,36.45681,30.11456,30.66217,36.307102,32.478947,31.420214,35.097485,36.25734,34.125942,29.78582,31.052296,26.03598,29.476704,26.636417,26.481142,27.215816,24.06784,26.57687,22.338099,20.579187,18.484085,20.154074,15.633641,20.953066,20.086306,21.529575,24.441576,24.486107,23.07964,22.30041,21.97778,16.311865,15.486155,11.091347,10.45916,12.727722,10.08562,14.688111,14.820463,16.531038,20.072412,19.545845,25.57055,22.023792,25.716078,25.580225,29.490875
6,17.38974,13.62659,10.968616,7.689118,4.93439,6.6467166,0.0,7.858492,7.9787884,11.266009,15.301014,16.828703,17.069971,14.255045,9.2201605,10.991558,9.257523,13.392767,13.193674,16.400272,18.50475,20.00291,22.470911,22.304235,21.908894,20.538403,17.797846,14.568258,14.389223,10.883864,13.834796,8.3858795,13.453755,10.474001,13.660165,15.800966,14.9768,14.821791,10.262281,7.8326817,13.0473175,11.835129,14.615661,15.759023,15.392248,18.055538,18.520672,21.956736,23.672323,24.80995,26.14439,24.168392,28.908451,28.154875,30.246197,27.279877,24.888592,24.922998,29.829533,28.64944,23.16922,22.760166,27.457037,28.89913,31.196909,24.83977,25.50289,31.418741,28.193121,26.938917,31.09265,31.994524,30.43158,25.849249,28.16185,22.77744,26.745731,24.047432,23.213959,24.64189,20.381227,23.354378,19.18907,16.351042,14.02748,15.5661335,11.646873,17.038446,16.257883,18.810764,21.646566,22.714495,22.298273,21.802008,22.315598,16.136635,14.261543,11.22181,8.227174,11.84075,9.076581,12.758496,13.23205,14.954755,18.337786,18.263891,23.708723,19.9339,24.26837,23.699312,28.24523
7,21.630148,18.13053,14.522554,13.361074,11.199798,8.129072,7.858492,0.0,5.162309,6.2784095,9.938177,13.268759,15.672821,14.530037,10.64938,13.143418,13.588256,17.335049,19.230103,21.24288,24.314762,24.962463,28.113312,28.198349,27.200718,26.547134,23.065125,20.395649,18.91513,16.877981,16.779818,13.217772,15.484598,11.102024,15.317704,15.100313,15.9552555,17.402061,13.12284,12.069413,17.261122,17.482239,18.654617,20.278826,21.597668,22.922195,24.843569,27.293756,29.847595,30.02881,30.598198,28.172077,32.720848,30.953413,33.70721,31.463326,27.930902,27.702154,32.014378,30.296991,24.959906,24.345964,27.780647,29.192223,30.475992,23.995415,25.583868,30.66582,27.172081,26.847044,30.722752,32.56979,30.791721,26.685625,27.828775,22.279308,24.786257,21.15707,20.22213,20.159235,17.107328,18.812782,14.415861,13.404754,12.250159,14.985674,11.608267,17.889893,18.996975,20.63396,24.195898,24.43584,23.952608,24.520514,25.521488,19.130112,19.162024,14.554681,11.961834,12.285329,6.07038,10.704588,8.302956,8.798682,13.152616,13.691869,19.851194,17.970259,22.00529,22.868721,27.041132
8,24.332628,20.620096,17.50772,14.9679785,12.689464,10.980078,7.9787884,5.162309,0.0,4.9787126,7.4430146,9.869082,10.853554,10.239731,7.2021565,10.982282,12.211854,16.958267,19.25694,21.718405,24.829592,26.104847,29.098526,28.396284,27.254002,26.139257,22.291948,19.252483,16.98155,15.005852,12.969182,9.968496,10.554959,6.0989327,10.495992,10.695337,12.167462,13.2082615,9.183889,8.359586,12.852424,13.978055,14.439604,16.765768,19.035566,20.32315,22.971138,25.88539,28.60595,29.052935,29.866936,26.962156,31.190006,29.428778,31.581425,29.238798,25.679932,24.806028,29.327211,27.002567,21.422579,21.853283,25.569292,27.615702,28.718037,22.0106,24.48766,29.656149,27.034548,26.747583,31.126253,32.841167,31.668596,27.41929,29.432293,23.590218,26.297558,22.61038,20.755203,20.809635,16.70694,17.958595,13.087438,11.598652,11.319673,14.652412,12.468776,18.816221,20.079357,22.560806,25.958683,26.924458,26.986233,27.492184,28.669306,22.174625,21.307207,17.574137,14.158554,15.557272,9.68545,13.379409,10.71761,10.13185,14.829,16.217941,21.795994,20.243662,24.679089,25.341106,29.890644
9,27.280888,23.668299,20.165663,18.366291,15.565613,14.045245,11.266009,6.2784095,4.9787126,0.0,5.41648,7.2737107,11.032888,9.988356,7.9305463,10.526402,12.839002,16.662775,20.34714,21.850967,25.631725,26.385054,29.831802,29.092209,27.440502,26.900105,22.588547,20.176804,17.27728,16.596329,13.661489,12.417401,12.79616,9.72566,14.167074,14.042142,16.511631,17.523333,13.792338,12.659879,16.184666,16.747898,16.36538,17.975765,20.834211,20.892529,24.315203,26.160475,29.47704,29.08511,29.290071,26.18666,30.211317,27.829262,30.507135,28.754946,24.543962,23.811314,27.727278,25.492899,20.361847,20.054363,22.847923,24.643755,25.300598,18.728224,21.39436,26.042505,23.286158,23.468351,27.652714,29.81079,28.642534,24.739584,26.291288,20.459347,22.409729,18.40368,16.340826,15.941664,12.210465,13.219233,8.48908,7.618164,7.937785,11.695101,10.482104,16.620432,19.02755,21.110355,24.740444,25.512617,25.928326,27.170078,28.956337,22.445316,22.42872,18.543606,14.970338,14.832262,8.635026,10.997703,7.092801,5.5333953,10.204192,12.149224,17.424456,16.918224,21.212698,22.455927,26.86646
10,31.220734,27.601128,24.22879,22.22469,19.889746,17.494762,15.301014,9.938177,7.4430146,5.41648,0.0,5.3943686,8.930569,11.021036,11.208258,14.533667,17.316458,21.500519,25.23133,26.949768,30.679045,31.63418,35.00046,34.030766,32.34514,31.5989,27.159431,24.580381,21.237612,20.599361,15.915173,15.493652,13.216354,9.995446,13.5666895,11.792875,15.367305,17.03857,14.406063,14.472967,17.245014,19.223581,18.029167,20.489563,24.196974,24.210077,28.167728,30.29231,33.698093,33.435024,33.69057,30.266365,33.909306,31.307335,33.60816,32.0174,27.609709,26.199059,29.91099,26.846102,21.808598,22.58224,24.821995,27.135374,26.964462,20.50485,24.404839,28.395628,26.391506,27.072943,31.291698,33.705765,32.86719,29.197763,30.717209,24.939224,26.218958,21.921371,19.291574,17.791798,14.594899,13.47666,8.4262705,9.685442,11.915533,15.970052,15.685164,21.569075,24.252287,26.40057,30.025616,30.82183,31.270052,32.55729,34.264996,27.753336,27.629713,23.654463,20.19123,20.141727,13.729665,16.159632,11.613169,8.50635,13.216989,15.918682,20.714537,21.478987,25.521559,27.211422,31.448582
11,33.824806,30.10919,26.86663,24.383627,21.564516,20.629253,16.828703,13.268759,9.869082,7.2737107,5.3943686,0.0,6.1326127,7.407152,9.731902,12.302158,15.909487,19.766808,24.318419,25.703192,29.671877,30.78421,34.1739,32.576942,30.530447,29.808203,25.020315,22.7374,18.659554,19.044815,12.773708,14.368457,11.321105,10.532174,13.678367,13.354885,17.240849,17.812416,15.523458,14.991243,16.088219,17.68667,15.430829,17.465065,21.998098,21.0541,25.856907,27.48383,31.265865,30.67496,30.758732,26.980122,30.121048,27.2913,29.330706,28.05193,23.409264,21.648367,25.064869,21.72622,16.931767,18.048811,19.996267,22.665611,22.281363,15.85366,20.423082,24.232792,23.051807,23.817905,28.291471,30.589943,30.335487,26.77569,28.944601,23.184282,24.513716,20.475565,17.104862,16.183321,11.946777,10.839163,6.2563887,6.45559,9.761905,13.670229,14.957418,20.009941,23.073677,25.638897,29.031282,30.382124,31.470526,32.975517,35.12941,28.66603,28.247543,25.050049,21.0491,21.18246,15.569396,16.71785,12.85557,10.133708,13.461994,16.427475,20.01172,20.925112,25.114676,26.523129,30.965326
12,34.21086,30.437023,27.741283,24.381924,21.96955,21.53393,17.069971,15.672821,10.853554,11.032888,8.930569,6.1326127,0.0,6.1415195,9.864914,13.253915,16.382484,21.002153,24.672148,26.852976,30.256136,32.054108,34.958298,32.928875,31.196035,29.79856,25.272913,22.474735,18.459002,18.202831,10.939251,12.754608,7.0184355,7.8121533,9.0848675,9.5093565,13.444705,13.287523,12.28222,12.429764,11.842615,14.766063,11.945157,15.112992,20.029694,19.805153,24.5134,27.132652,30.493355,30.706573,31.408943,27.549662,30.476051,28.23543,29.280416,27.50365,23.52595,21.097773,25.066467,21.142096,15.928819,18.779148,21.672512,24.945631,24.881117,18.563623,23.26909,27.4626,26.987774,27.30506,32.11754,33.88683,33.985126,30.122564,33.10102,27.280107,29.364862,25.67306,22.251774,21.962112,17.13205,16.474064,12.298367,11.282608,13.69933,17.222235,18.185425,23.244078,25.4532,28.647074,31.731655,33.56757,34.64379,35.582775,37.384247,30.946808,29.57995,26.941032,22.833488,24.268229,18.915548,20.73317,17.588692,15.456748,19.161375,21.81346,25.568876,25.600853,30.070427,30.888706,35.605137
13,31.5454,27.801144,25.143183,21.76728,18.795511,19.885183,14.255045,14.530037,10.239731,9.988356,11.021036,7.407152,6.1415195,0.0,5.289672,7.47843,10.878683,15.123527,19.210701,21.07012,24.61135,26.377611,29.321367,27.111376,25.209705,23.958677,19.2843,16.726452,12.4681425,12.878434,5.471269,8.51643,5.881469,8.32686,10.734814,13.292547,15.956998,14.850515,12.563732,10.994812,10.315565,10.998209,8.249118,10.107307,14.957988,14.139486,19.029732,21.1825,24.736008,24.675713,25.296057,21.483004,24.628357,22.520853,23.819809,21.90737,17.931381,15.999908,20.347153,17.243567,11.627839,13.517852,17.30032,20.264627,21.135881,14.608876,18.287996,23.23453,22.42826,22.202633,27.145212,28.531351,28.632542,24.579435,28.015049,22.252172,25.032637,21.872343,18.68158,19.675014,14.042578,15.346364,11.747537,8.45613,9.423685,12.190376,13.424585,17.840424,19.819973,23.264723,26.110834,28.272081,29.649054,30.593866,32.64329,26.3845,24.875475,22.916695,18.553503,20.176321,15.981838,16.896448,15.0583935,14.174501,16.950012,19.01307,22.358555,21.337353,25.951426,26.151556,31.03458
14,26.414515,22.691465,19.974874,16.755741,13.61531,15.1079645,9.2201605,10.64938,7.2021565,7.9305463,11.208258,9.731902,9.864914,5.289672,0.0,4.448291,6.7564783,11.674425,15.070254,17.257479,20.674358,22.3234,25.301617,23.661789,22.083841,20.872528,16.502045,13.625376,10.353403,9.515752,6.168706,5.121559,7.3531303,7.376225,10.975051,13.773888,15.305056,14.403345,10.772956,8.236617,9.969165,9.269828,8.881231,10.125532,13.112495,13.408821,16.96135,19.45272,22.610516,22.79603,23.596268,20.344707,24.314016,22.643032,24.480722,22.121693,18.598059,17.69038,22.382824,20.339296,14.735947,15.08984,19.476065,21.671858,23.340391,16.752333,18.8818,24.491636,22.502897,21.772612,26.539976,27.750404,27.185602,22.790073,25.94583,20.109724,23.537224,20.518187,18.199894,19.64903,14.235964,16.772003,12.865298,9.122143,7.959351,10.407404,9.688201,14.897552,16.127167,19.488764,22.449654,24.36512,25.320423,25.95382,27.73014,21.402689,19.86386,17.704468,13.3913765,15.430302,11.558725,13.024903,12.065597,12.361112,15.350362,16.624409,20.810919,18.56141,23.299183,23.162445,28.098362
15,26.944513,23.393713,20.743544,17.863955,14.326134,17.066105,10.991558,13.143418,10.982282,10.526402,14.533667,12.302158,13.253915,7.47843,4.448291,0.0,4.10968,7.7809,12.382326,13.760031,17.592464,19.040232,22.20199,20.310652,18.348087,17.512056,12.794316,10.545201,6.8379383,7.670107,6.1241174,6.661086,10.642384,11.758144,15.012502,18.171144,19.538006,18.265038,14.667975,11.673584,12.644923,10.17686,9.892953,9.073298,11.473997,10.565237,14.339728,15.785993,19.341116,18.913336,19.401403,16.140654,20.228075,18.51584,20.731487,18.512918,14.90356,14.685442,19.2313,18.062784,12.921594,11.861012,16.503382,18.213814,20.518194,14.290898,15.241925,21.20073,19.031382,17.884726,22.662024,23.580717,23.094767,18.633621,22.203054,16.526318,20.42806,18.024212,15.944559,18.419184,12.833072,16.587107,13.79352,9.238058,6.648458,7.3238807,7.334681,11.171804,12.42865,16.040113,18.759768,21.0408,22.47798,23.337685,25.556448,19.509901,18.070261,16.734749,12.292048,14.037,11.890786,11.709672,12.225555,13.444828,14.97261,15.705871,18.935514,15.997282,20.689537,20.029415,25.039253
16,23.687634,20.26371,17.979053,15.002867,11.483121,15.468936,9.257523,13.588256,12.211854,12.839002,17.316458,15.909487,16.382484,10.878683,6.7564783,4.10968,0.0,5.4020057,8.483981,10.584866,13.964245,15.697613,18.615183,16.940434,15.422158,14.306674,10.109214,7.3417315,5.464037,4.510751,8.126431,6.107467,12.392028,13.097457,16.062117,19.641161,20.068184,18.550303,14.713647,11.321735,12.832346,9.181983,10.6426,9.270953,9.36394,9.802865,11.767019,13.816122,16.707016,16.854475,17.817997,15.24543,19.82746,18.934254,21.051405,18.29719,15.701889,16.146223,20.906635,20.452,15.517599,14.1421175,19.222593,20.484201,23.409998,17.609709,17.399353,23.62067,21.02142,19.296984,23.799507,24.207726,23.387774,18.70269,22.363039,17.020119,21.631763,19.752628,18.437471,21.29781,16.076735,20.243778,17.41842,13.012192,9.833823,9.569236,7.760383,10.967015,10.499161,14.344151,16.726316,19.127352,20.272038,20.529842,22.402948,16.54119,14.456002,13.80504,9.50371,12.424391,11.768742,11.874943,13.695731,15.736069,17.229223,17.23042,20.699913,16.561033,21.126114,19.789087,24.761477
17,24.83781,21.855877,19.745985,17.633,14.119668,18.759094,13.392767,17.335049,16.958267,16.662775,21.500519,19.766808,21.002153,15.123527,11.674425,7.7809,5.4020057,0.0,6.398101,6.133588,10.395198,11.490539,14.798921,13.02334,10.893399,10.75613,6.32781,5.7196817,5.5320563,7.141806,12.043006,11.331631,17.425007,18.442522,21.418898,24.997334,25.445936,23.85992,20.051195,16.620388,17.789057,13.498211,14.82509,12.077258,10.87296,9.873803,10.867401,10.686135,13.863001,12.895273,13.275338,11.279733,16.205442,15.527562,18.338589,15.891295,13.700359,15.461923,19.504023,20.415236,16.602741,13.499371,18.182222,18.419476,22.083368,17.323385,15.166114,21.394407,18.342072,15.955379,20.01524,19.875385,18.895416,14.170263,18.186771,13.519352,18.75857,17.979605,17.44088,21.249176,16.57484,21.605253,19.899971,15.415003,11.628947,9.32705,8.052966,7.5661244,5.914069,10.114328,11.889534,14.833132,16.613003,17.138292,19.619097,14.516504,12.844966,13.569536,9.94702,11.895927,13.753284,12.024223,15.396878,18.150824,18.151884,17.38372,19.552523,14.485116,18.546732,16.331392,21.16536
18,20.507118,17.937338,16.847965,14.6383505,11.93924,17.835266,13.193674,19.230103,19.25694,20.34714,25.23133,24.318419,24.672148,19.210701,15.070254,12.382326,8.483981,6.398101,0.0,4.5319457,5.759466,8.226933,10.386184,9.2059145,8.857148,7.5467706,6.225849,4.8347187,8.886453,7.3511934,15.430489,12.72631,19.763617,20.348705,22.716858,26.629473,25.931437,24.095476,20.401379,16.990887,18.50632,13.738357,16.68093,14.193217,10.331544,11.950048,9.304563,10.883152,11.767809,12.678017,14.31842,13.893002,18.803143,19.537176,21.537167,18.338387,17.881819,19.734266,24.052826,25.200138,21.304943,18.96723,24.055418,24.272661,28.195984,23.584852,21.262691,27.431484,24.309454,21.62709,25.184408,24.450281,23.15989,18.596878,22.284922,18.426634,23.898932,23.429344,23.423637,27.080423,22.603014,27.49342,25.2217,20.876955,17.127193,15.382921,12.726965,12.667414,8.74475,12.08242,12.758854,15.516805,16.336288,15.282163,16.605127,12.340301,8.816674,11.517545,9.27013,13.050457,16.103294,15.5898,19.373663,22.420868,23.060719,21.895042,24.715046,18.931282,22.578487,19.81526,24.197887
19,23.102837,20.823263,19.465618,18.093735,15.205686,20.672531,16.400272,21.24288,21.718405,21.850967,26.949768,25.703192,26.852976,21.07012,17.257479,13.760031,10.584866,6.133588,4.5319457,0.0,4.7429333,5.409605,8.734453,7.651342,6.114899,6.8444138,5.4948983,6.8920436,10.139882,10.59327,17.55454,15.946463,22.678299,23.41538,26.15704,29.884613,29.648281,27.957304,24.133724,20.678375,22.100222,17.329231,19.571892,16.536308,13.292368,13.224978,11.209476,10.209739,11.668962,10.890993,11.535016,11.714297,16.635252,17.218128,19.941029,17.354174,16.806282,19.410187,22.970215,24.888107,21.746943,18.299093,22.71553,22.197222,26.37242,22.510145,19.098063,24.955017,21.50788,18.555477,21.58588,20.579409,19.099264,14.712319,18.383545,15.237046,20.829947,21.112133,21.617926,25.731853,21.770636,27.061033,25.581175,21.275011,17.298111,14.61443,12.570303,10.271216,5.6868296,8.667776,8.621703,11.882104,13.438021,13.01126,15.257117,11.702179,9.552455,12.594316,10.758289,12.882562,17.04487,15.198921,19.614779,22.936535,22.538565,20.988329,22.765636,16.702011,19.80824,16.546825,20.69111
20,21.969135,20.232649,19.776932,18.46298,16.335213,22.282215,18.50475,24.314762,24.829592,25.631725,30.679045,29.671877,30.256136,24.61135,20.674358,17.592464,13.964245,10.395198,5.759466,4.7429333,0.0,3.7665632,4.7626123,4.151587,5.1648836,5.046934,7.4563727,8.718572,13.2153635,12.688607,20.613111,18.406673,25.354681,26.106966,28.384737,32.363533,31.507536,29.581917,25.999168,22.63085,23.90765,18.951492,21.82152,18.8054,14.3192625,15.338529,11.33092,11.000722,10.388097,10.982004,12.522977,13.90279,18.37287,19.969093,21.977928,19.023241,19.706518,22.35057,25.945679,28.103083,25.084148,22.063202,26.710958,26.197859,30.558092,26.905895,23.399286,29.158484,25.896198,22.779646,25.47627,23.986404,22.532375,18.495842,22.016123,19.557812,25.12977,25.663746,26.335718,30.433775,26.470345,31.707182,30.000761,25.667385,21.741959,19.27648,16.92707,14.925073,10.126746,12.170588,11.06444,13.9760685,14.884294,13.214312,14.437965,12.454993,9.214392,13.828,13.122119,15.958339,20.488152,19.228994,23.694891,27.0732,26.971441,25.302156,27.254276,20.995234,23.764605,20.23242,23.886225
21,22.472467,21.00226,20.289751,19.81952,17.621489,23.142715,20.00291,24.962463,26.104847,26.385054,31.63418,30.78421,32.054108,26.377611,22.3234,19.040232,15.697613,11.490539,8.226933,5.409605,3.7665632,0.0,4.1369963,5.8313484,6.1132545,7.8836656,9.674031,11.499366,15.390715,15.357448,22.846115,20.760815,27.71479,28.113852,30.799212,34.462353,33.82503,32.20476,28.355337,24.98209,26.719252,21.893782,24.561127,21.542784,17.568027,17.971167,14.671631,13.295849,13.159473,12.57992,13.145652,14.9261,19.301418,20.549458,23.216454,20.78875,21.100052,24.076088,27.212639,29.669643,26.91079,23.248028,27.33101,26.316374,30.661072,27.344437,23.287645,28.71482,24.947056,21.81462,23.908747,22.422474,20.485504,16.76658,19.592663,17.829811,23.244114,24.213556,25.470402,29.641275,26.293457,31.692,30.372822,26.26225,22.181017,19.362179,16.937502,14.027338,9.110699,9.870628,8.060614,10.6582,11.586353,10.049582,11.823612,10.686519,8.81937,13.400396,13.347342,15.037901,20.43122,18.561474,23.437712,27.071072,26.374292,24.305954,25.790703,19.330677,21.499313,17.706179,20.906408
22,22.806036,21.809324,21.836535,21.28661,19.646763,25.43851,22.470911,28.113312,29.098526,29.831802,35.00046,34.1739,34.958298,29.321367,25.301617,22.20199,18.615183,14.798921,10.386184,8.734453,4.7626123,4.1369963,0.0,4.6011405,6.9897823,7.9966083,11.642409,13.398074,17.86628,17.41896,25.366447,23.078867,30.078314,30.653824,32.94232,36.8472,35.799995,33.941757,30.35152,27.049871,28.489754,23.54713,26.524883,23.453613,18.75868,19.719488,15.29157,14.268729,12.698762,13.076495,14.26877,16.765179,20.669775,22.677906,24.706621,22.044224,23.278313,26.258854,29.39196,32.040825,29.434408,26.099993,30.389242,29.427141,33.926865,30.792686,26.700037,32.07777,28.606323,25.350882,27.300772,25.422138,23.69896,20.25916,23.176426,21.811697,27.199312,28.31496,29.531076,33.7375,30.24829,35.616875,34.15402,29.940731,25.916822,23.213667,20.779629,18.08753,13.17964,13.928624,11.73299,14.031336,14.552743,12.215174,12.909702,13.249019,10.686987,15.951638,16.384958,18.622108,23.949251,22.47027,27.270206,30.866982,30.404379,28.364931,29.922457,23.451181,25.484194,21.595346,24.460707
23,25.429466,23.932333,23.75605,22.32692,20.311844,26.34011,22.304235,28.198349,28.396284,29.092209,34.030766,32.576942,32.928875,27.111376,23.661789,20.310652,16.940434,13.02334,9.2059145,7.651342,4.151587,5.8313484,4.6011405,0.0,3.5036798,3.8013117,8.284639,10.583759,14.974935,15.165961,22.705431,21.223743,27.871536,29.225937,31.217808,35.472412,34.63846,32.40713,29.112478,25.739033,26.286095,21.159071,23.740091,20.26959,15.563478,16.031574,11.479597,9.923021,8.161459,8.698722,10.487242,12.939255,16.663826,19.059464,20.559015,17.70213,19.424454,22.37496,25.485222,28.233805,25.91718,22.81295,27.281195,26.53638,31.142769,28.208464,24.239882,29.680864,26.891602,23.548761,25.92106,23.826853,22.796963,19.19163,23.096144,21.367327,26.888151,27.933027,28.567596,32.9482,28.954758,34.263283,32.89527,28.421238,24.602613,21.844446,20.1896,17.378942,12.829653,14.679124,12.713817,15.941304,17.304852,15.720238,17.000448,16.093494,13.113012,17.921366,17.215307,19.82741,24.36387,22.770338,27.23749,30.532862,30.155779,28.536057,29.867493,23.722906,26.190416,22.385754,25.7252
24,27.110094,25.274456,24.564465,23.056906,20.557701,26.365126,21.908894,27.200718,27.254002,27.440502,32.34514,30.530447,31.196035,25.209705,22.083841,18.348087,15.422158,10.893399,8.857148,6.114899,5.1648836,6.1132545,6.9897823,3.5036798,0.0,3.618474,6.1180544,9.347024,12.994856,14.192021,20.957823,20.21434,26.60356,28.196922,30.412474,34.597942,34.223072,32.04391,28.665663,25.213066,25.587,20.480122,22.508526,18.78423,14.818947,14.195968,10.8311,7.8537993,7.7803693,6.500148,7.555733,9.79515,13.773215,15.797821,17.74125,15.192382,16.455835,19.629738,22.48612,25.396093,23.333982,19.805414,24.011288,23.10847,27.737526,25.032156,20.8405,26.200644,23.500813,20.13179,22.57804,20.501665,19.66115,15.990274,20.25926,18.470686,23.957697,25.107677,25.61946,30.133867,26.172134,31.525944,30.50437,26.016775,22.250763,19.216887,18.1641,14.739723,10.615941,12.739199,10.882615,14.575574,16.60451,15.855442,17.91891,16.288176,13.906627,18.059599,16.730124,18.818111,23.128603,21.01993,25.415077,28.612022,27.889465,26.37694,27.25289,21.345877,23.846527,20.091629,23.606468
25,26.075008,24.10718,23.674932,21.574604,19.278109,25.314928,20.538403,26.547134,26.139257,26.900105,31.5989,29.808203,29.79856,23.958677,20.872528,17.512056,14.306674,10.75613,7.5467706,6.8444138,5.046934,7.8836656,7.9966083,3.8013117,3.618474,0.0,5.1155796,7.3627534,11.642951,12.114952,19.311707,18.279673,24.634825,26.439451,28.235813,32.66235,31.996931,29.57421,26.470427,23.08669,23.093782,17.92349,20.241726,16.624847,12.0027075,12.287643,7.790272,6.5373087,5.391066,6.521074,9.033627,10.455954,14.444165,16.747633,17.896019,14.671449,16.31216,18.977055,22.43462,24.87227,22.394964,19.684752,24.49233,24.172766,28.701868,25.520071,22.054602,27.722036,25.38299,22.14611,25.114025,23.215818,22.619942,18.688545,23.183838,20.731628,26.28969,26.937317,27.012686,31.328169,26.883488,32.0187,30.52328,25.914757,22.313202,19.76155,18.531141,16.228506,12.171353,14.982114,13.756937,17.338861,18.995066,17.846762,19.376219,17.244556,13.96709,18.110523,16.51221,19.498116,23.158426,21.735872,25.767567,28.758318,28.666878,27.447548,28.937601,23.143213,26.123318,22.62853,26.468683
26,26.698353,24.156206,22.968256,20.576591,17.650076,23.226217,17.797846,23.065125,22.291948,22.588547,27.159431,25.020315,25.272913,19.2843,16.502045,12.794316,10.109214,6.32781,6.225849,5.4948983,7.4563727,9.674031,11.642409,8.284639,6.1180544,5.1155796,0.0,3.8874514,6.915935,8.681915,14.86608,14.609559,20.651295,22.647518,24.750967,29.026731,28.950487,26.672215,23.434607,19.986162,19.905964,14.880169,16.512375,12.76573,9.452228,8.435933,6.576785,5.035589,7.6031995,7.065468,8.60825,7.799112,12.608396,13.714303,15.446069,12.338396,12.451453,14.903689,18.713333,20.672943,17.819506,14.932849,19.893385,19.880919,24.205212,20.577188,17.566692,23.518328,21.277367,18.281097,21.889559,20.563303,20.163784,15.832933,20.65698,17.300117,22.760973,22.928703,22.514755,26.735214,22.029613,27.064016,25.63488,20.9797,17.506767,14.98879,14.361546,12.378939,9.325589,13.031671,12.921556,16.641607,18.69136,18.439142,20.601158,17.023746,14.293053,17.080847,14.390682,17.04549,19.76672,18.1307,21.721487,24.432076,24.3316,23.472385,24.956394,19.655354,23.110971,20.102606,24.455585
27,24.610798,21.788378,20.5929,17.647703,14.767438,20.321726,14.568258,20.395649,19.252483,20.176804,24.580381,22.7374,22.474735,16.726452,13.625376,10.545201,7.3417315,5.7196817,4.8347187,6.8920436,8.718572,11.499366,13.398074,10.583759,9.347024,7.3627534,3.8874514,0.0,4.945854,4.93776,12.173592,11.049673,17.370926,19.21127,21.140608,25.495981,25.196472,22.878632,19.672384,16.241255,16.267939,11.21283,13.361035,10.111333,6.425276,7.1522985,5.440172,7.459629,9.47378,10.396493,12.320186,10.842956,15.491979,16.23984,17.59591,14.153191,13.752561,15.27801,19.835882,20.832106,17.053188,15.183825,20.64593,21.305952,25.23562,20.753143,18.856043,25.064888,22.861156,20.222858,24.262463,23.424288,22.929773,18.372047,22.928297,18.81733,24.169827,23.60715,22.830889,26.595634,21.531519,26.220125,24.11179,19.470707,16.166275,14.475074,13.271914,13.140726,10.420226,14.444599,15.133999,18.457058,19.98722,19.486351,21.207027,16.861498,13.625895,15.742233,12.632899,16.120676,17.896553,17.184853,20.249588,22.728687,23.430628,22.868612,25.25119,20.154871,24.086817,21.529554,26.160646
28,27.542671,24.350405,22.554878,19.40517,16.135508,20.718346,14.389223,18.91513,16.98155,17.27728,21.237612,18.659554,18.459002,12.4681425,10.353403,6.8379383,5.464037,5.5320563,8.886453,10.139882,13.2153635,15.390715,17.86628,14.974935,12.994856,11.642951,6.915935,4.945854,0.0,4.7963185,7.9931836,8.9408245,14.079616,16.588924,18.67989,22.89533,23.415636,21.179153,18.111372,14.794372,14.175451,9.720108,10.266347,6.8022285,6.559743,4.700648,7.8797054,9.108619,12.62653,12.520593,13.650722,10.638708,14.883476,14.451334,15.917165,12.914044,10.87834,11.600277,16.460764,16.673038,12.436895,10.855394,16.490746,17.746832,21.239367,16.32159,15.433947,21.662657,20.00771,17.844519,22.430426,22.142307,22.099327,17.572826,22.29001,17.552408,22.39224,21.298552,19.733896,23.26236,17.794567,22.140348,20.141727,15.411033,12.6106615,11.290817,11.457994,12.073159,11.31546,15.528546,16.959604,20.194794,22.080194,22.360008,24.538952,19.489813,17.00397,17.822428,13.8967905,16.63487,16.892986,16.013878,18.111141,19.958885,20.713263,20.791948,22.989208,18.898792,23.161518,21.27103,26.15117
29,23.599493,20.339508,18.857681,15.232426,12.308245,17.219227,10.883864,16.877981,15.005852,16.596329,20.599361,19.044815,18.202831,12.878434,9.515752,7.670107,4.510751,7.141806,7.3511934,10.59327,12.688607,15.357448,17.41896,15.165961,14.192021,12.114952,8.681915,4.93776,4.7963185,0.0,8.538111,6.172727,12.7458725,14.381659,16.23125,20.589643,20.287098,18.021255,14.780483,11.360594,11.584891,6.760446,9.334831,7.349128,5.207451,7.5567846,8.029899,11.654841,13.730339,15.02999,16.854786,14.615716,19.015245,19.076494,20.249472,16.842173,15.492043,15.857905,20.963732,20.700235,15.899829,15.301344,20.957056,22.383059,25.657005,20.252827,19.84273,26.116003,24.051441,21.971622,26.448793,26.262068,25.749552,21.070208,25.279045,20.372492,25.31522,23.845266,22.522217,25.583105,20.190575,24.238857,21.359394,16.88959,14.076284,13.65848,12.141879,14.318059,12.685571,16.741665,18.34553,21.176538,22.29376,21.875017,23.308727,18.06061,14.865571,15.49021,11.755907,15.695086,15.676155,16.11627,18.101898,20.03804,21.731771,21.707848,25.014305,20.576635,24.979658,23.154543,28.03367
30,30.067606,26.455967,24.323614,20.55658,17.561579,20.300678,13.834796,16.779818,12.969182,13.661489,15.915173,12.773708,10.939251,5.471269,6.168706,6.1241174,8.126431,12.043006,15.430489,17.55454,20.613111,22.846115,25.366447,22.705431,20.957823,19.311707,14.86608,12.173592,7.9931836,8.538111,0.0,6.0032244,6.7208486,10.580737,12.124864,16.199615,17.59437,15.4179125,13.127631,10.645508,8.651757,7.043562,4.4142866,4.7042055,9.644903,8.929306,13.730335,16.289907,19.583763,19.9657,21.05179,17.399471,20.63265,19.315416,20.078465,17.536978,14.429795,12.78357,17.849794,15.56459,9.829465,11.596034,16.7412,19.474445,21.441002,15.445217,17.666933,23.266432,22.523998,21.48535,26.49119,27.10504,27.366592,23.065283,27.275593,21.810751,25.548168,23.184963,20.446665,22.577143,16.672367,19.269224,16.277876,12.107765,11.363089,12.573449,13.4510355,16.732916,17.586273,21.529203,23.788046,26.497822,28.054438,28.555159,30.505293,24.655138,22.385897,21.595278,17.25039,19.83051,17.2034,17.714964,17.461967,17.719154,19.900057,21.230024,24.241764,21.897413,26.53865,25.834335,30.837008
31,24.329273,20.686842,18.729239,14.706933,11.9870205,14.926867,8.3858795,13.217772,9.968496,12.417401,15.493652,14.368457,12.754608,8.51643,5.121559,6.661086,6.107467,11.331631,12.72631,15.946463,18.406673,20.760815,23.078867,21.223743,20.21434,18.279673,14.609559,11.049673,8.9408245,6.172727,6.0032244,0.0,7.1871495,8.23546,10.28031,14.449216,14.540495,12.595911,9.187411,5.896396,6.8494945,4.559317,6.3528733,7.6544356,9.169086,11.271853,13.526021,17.31581,19.659063,20.867281,22.421768,19.575441,23.643679,22.914663,24.042517,20.97576,18.611683,17.81795,23.023449,21.340496,15.719045,16.559313,21.820614,23.999443,26.306013,20.082157,21.470547,27.449043,25.616703,24.295885,29.062836,29.626816,29.127619,24.511408,28.205389,22.660072,26.83106,24.35654,22.388317,24.37217,18.872528,21.771662,17.976479,14.104283,12.44092,13.856278,12.422501,16.806635,16.563002,20.320305,22.720322,25.006172,25.798851,25.67368,26.952705,20.996063,18.356321,17.2078,13.173711,16.72287,14.15902,15.954687,16.122385,17.006075,19.94929,20.726603,24.912243,21.657572,26.358345,25.495144,30.468433
32,30.001926,26.283398,24.213064,20.13946,17.906708,19.003902,13.453755,15.484598,10.554959,12.79616,13.216354,11.321105,7.0184355,5.881469,7.3531303,10.642384,12.392028,17.425007,19.763617,22.678299,25.354681,27.71479,30.078314,27.871536,26.60356,24.634825,20.651295,17.370926,14.079616,12.7458725,6.7208486,7.1871495,0.0,5.514723,5.6599874,9.776491,11.393417,9.4217005,8.078989,7.2486887,4.9939384,7.989058,5.7525554,9.731185,13.912438,14.978105,18.742662,22.379684,25.069708,26.140072,27.520351,24.029356,27.267622,25.981153,26.507692,23.894451,20.97132,18.845705,23.72513,20.520786,14.782964,17.692303,22.174633,25.259825,26.445602,20.131176,23.454365,28.662834,27.893469,27.30574,32.287212,33.29696,33.323215,29.005316,32.675503,26.9207,30.216543,27.145548,24.256018,25.228252,19.705894,20.8738,16.754759,13.936743,14.408383,17.025265,17.010494,21.787436,22.677572,26.365349,28.99992,31.251684,32.224415,32.46805,33.881866,27.723774,25.404852,23.674557,19.608898,22.409546,18.232565,20.303516,18.705246,17.992466,21.60562,23.422201,27.481367,25.785206,30.50883,30.377924,35.339947
33,26.897354,23.154078,20.78781,17.111652,15.234805,14.746856,10.474001,11.102024,6.0989327,9.72566,9.995446,10.532174,7.8121533,8.32686,7.376225,11.758144,13.097457,18.442522,20.348705,23.41538,26.106966,28.113852,30.653824,29.225937,28.196922,26.439451,22.647518,19.21127,16.588924,14.381659,10.580737,8.23546,5.514723,0.0,4.5357995,6.557494,8.11717,8.002438,4.999875,5.186037,7.7338862,10.685927,10.4347,13.963337,16.96243,18.675335,21.62335,25.34702,27.856775,28.9239,30.211857,27.025473,30.818493,29.399694,30.599869,27.975899,24.845963,23.22874,28.05504,25.10815,19.330738,21.284462,25.489393,28.201775,29.27584,22.622997,25.757477,31.00265,29.369514,28.940573,33.708996,35.068695,34.49431,30.122454,33.02406,27.135853,30.19294,26.716036,24.252934,24.601671,19.718065,20.613583,15.800612,13.839899,14.207675,17.408298,16.195316,21.985298,22.884327,26.076763,29.095453,30.7224,31.114614,31.29143,32.36863,26.021898,24.157711,21.417953,17.75152,20.265785,15.195658,18.363869,16.14265,15.258088,19.70094,21.41958,26.40406,24.800076,29.440872,29.706959,34.505047
34,28.852417,25.220707,23.407404,19.284433,17.969378,17.75132,13.660165,15.317704,10.495992,14.167074,13.5666895,13.678367,9.0848675,10.734814,10.975051,15.012502,16.062117,21.418898,22.716858,26.15704,28.384737,30.799212,32.94232,31.217808,30.412474,28.235813,24.750967,21.140608,18.67989,16.23125,12.124864,10.28031,5.6599874,4.5357995,0.0,5.207828,5.8138275,4.30331,4.447353,6.3669066,6.1702914,10.840093,10.328826,14.564705,17.592115,19.80222,22.537052,26.856518,28.99221,30.59734,32.24442,29.040033,32.517075,31.43425,31.952711,29.123753,26.48319,24.436153,29.360209,26.060675,20.378212,23.309763,27.702682,30.746517,31.78034,25.330269,28.734465,33.92956,32.82335,32.311115,37.206955,38.346462,38.04849,33.638092,36.919132,31.07453,34.286907,30.917206,28.26277,28.656235,23.602535,24.210274,19.513346,17.618374,18.229828,21.25647,20.297392,25.773912,26.340117,29.78352,32.562626,34.44428,34.868565,34.757336,35.613625,29.455885,27.066793,24.801378,21.274685,24.313662,19.561733,22.745579,20.673618,19.679853,24.114716,25.916016,30.754654,29.105122,33.78688,33.870567,38.73469
35,30.430803,26.861534,24.758005,21.22719,20.206446,18.332458,15.800966,15.100313,10.695337,14.042142,11.792875,13.354885,9.5093565,13.292547,13.773888,18.171144,19.641161,24.997334,26.629473,29.884613,32.363533,34.462353,36.8472,35.472412,34.597942,32.66235,29.026731,25.495981,22.89533,20.589643,16.199615,14.449216,9.776491,6.557494,5.207828,0.0,4.681116,6.765121,7.318646,10.043821,11.369127,15.82777,15.169718,19.309923,22.528522,24.460941,27.402283,31.466778,33.79378,35.139187,36.5454,33.258934,36.80321,35.32545,36.187904,33.62127,30.517912,28.412754,33.056973,29.455309,23.87961,26.690275,30.455902,33.50522,33.978554,27.44221,31.360693,36.1563,34.89837,34.814472,39.575787,41.154198,40.66901,36.409145,39.11738,33.193768,35.796036,31.991972,29.312284,28.834005,24.461267,24.084066,19.148539,18.508467,19.813784,23.38142,22.347317,28.313745,29.376572,32.43936,35.54515,36.99879,37.180416,37.28135,38.07933,31.774803,29.950686,26.882809,23.617546,25.968159,20.347765,23.967445,20.93792,19.190374,24.079063,26.182991,31.321693,30.481998,34.988346,35.658707,40.327328
