,0,1,2,3,4,5,6,7,8,9,10,11,12,13,14,15,16,17,18,19,20,21,22,23,24,25,26,27,28,29,30,31,32,33,34,35,36,37,38,39,40,41,42,43,44,45,46,47,48,49,50,51,52,53,54,55,56,57,58,59,60,61,62,63,64,65,66,67,68,69,70,71,72,73,74,75,76,77,78,79,80,81,82,83,84,85,86,87,88,89,90,91,92,93,94,95,96,97,98,99,100,101,102,103,104,105,106,107,108,109,110,111,112,113
0,0.0,4.203731,7.022305,10.228905,12.650663,15.653718,17.699228,22.41481,25.555973,27.026415,31.981531,34.566093,36.624367,34.13151,29.165861,29.382893,27.184345,27.559048,25.506508,26.18817,26.580978,25.133322,27.037313,30.458033,31.176151,31.904388,31.293463,30.27395,32.037224,29.683748,34.291027,29.80863,34.752163,30.619272,34.23615,33.899475,33.140377,34.781296,30.577425,29.148996,34.667015,33.028625,36.08339,36.182625,34.21598,36.435005,34.824066,36.585503,36.792385,37.643005,38.281586,38.799168,43.63885,43.248753,47.044914,44.776093,43.011356,45.07074,48.41809,48.92498,44.73878,41.7712,45.250336,43.9977,47.608055,43.875637,40.18869,44.41603,39.758053,36.7124,35.73106,33.03841,30.193771,27.694698,26.900019,31.242508,29.731556,31.53506,33.903404,38.214443,39.37204,44.24195,43.95415,40.67688,36.516624,35.47077,33.21632,32.248528,27.905144,27.633055,27.472824,24.002314,26.876003,21.197569,19.466248,18.413479,17.721203,17.472122,17.715054,18.42958,14.56999,18.325544,19.020786,21.292566,24.54841,27.327421,30.381815,31.39262,28.656372,33.54736,29.092003,31.54485,32.538223,31.835947
1,4.203731,0.0,4.3907847,6.7186403,8.603226,12.452694,13.617353,18.757763,21.647135,23.12563,28.124977,30.522833,32.50745,29.973913,25.040241,25.277897,23.237173,23.825869,22.264153,23.049444,23.938591,22.677864,25.012417,28.012974,28.45159,29.086952,27.995735,26.844173,28.262997,26.016752,30.25544,25.935186,30.783037,26.732801,30.500423,30.268326,29.781757,31.360052,27.026691,25.464502,30.950123,29.33309,32.202396,32.333755,30.693432,32.745174,31.55304,33.328384,33.897682,34.62511,35.220875,35.416206,40.30151,39.72049,43.532658,41.285717,39.292572,41.218517,44.617813,44.950134,40.69163,37.820442,41.36354,40.26194,43.82435,39.89333,36.41042,40.80373,36.150486,33.090824,32.42985,29.820108,26.876045,24.060965,23.030119,27.188696,25.575813,27.338816,29.708612,34.035294,35.1816,40.043133,39.786575,36.557213,32.429787,31.490744,29.320795,28.623384,24.483156,24.51219,24.77706,21.5751,25.001448,19.534094,17.538042,17.162992,16.115536,15.125766,14.765042,15.123567,10.922686,14.313438,15.173344,17.103643,20.583109,23.30119,26.34317,27.528673,24.838266,29.977068,25.541447,28.367075,29.420174,29.167448
2,7.022305,4.3907847,0.0,4.968113,6.946716,8.997552,11.770326,15.530025,18.983866,20.438433,25.248194,28.150705,30.435783,28.53114,23.799126,24.80716,23.157547,24.684319,23.555168,24.900454,26.086203,25.296076,27.764488,30.351278,30.697262,30.983408,29.420473,27.787218,28.684832,26.182035,29.487568,25.06504,29.120848,24.56757,28.198431,27.358028,26.913382,28.915834,24.79803,23.719645,29.46338,28.570093,31.260593,31.986156,30.904726,33.148636,32.45801,34.71199,35.583336,36.46763,37.17467,36.907375,41.867355,41.040916,44.77416,42.450752,40.137684,41.67956,45.309147,45.123524,40.55761,38.161636,41.878696,41.133793,44.4711,39.999943,37.146305,41.70763,36.89048,33.95946,33.66749,31.43564,28.222605,25.076588,23.415585,27.168472,24.725689,26.458996,28.273918,32.355896,34.15372,38.7764,39.07371,36.22834,32.326168,31.802946,29.94097,29.874315,26.148079,26.701181,27.450634,24.596731,28.400955,23.134293,20.89467,20.753117,19.095348,17.54195,16.38116,16.909147,12.683026,14.769398,16.239182,16.540754,20.942753,22.866713,25.624413,27.470476,25.16511,30.806007,26.8314,30.163513,31.475132,31.734251
3,10.228905,6.7186403,4.968113,0.0,3.8559153,6.3433967,8.316816,13.482985,15.8319025,18.225246,22.82688,25.349478,27.10085,24.663881,19.712633,20.733576,18.775621,20.663502,19.2534,21.131847,22.269802,22.00644,24.447334,26.626566,27.031694,26.947096,25.299887,23.343437,24.3061,21.491982,25.091076,20.37811,24.784885,20.458244,24.014383,23.78027,23.08692,24.687773,20.428982,19.10962,24.77859,23.72825,26.599646,27.338224,26.11964,28.626543,27.859203,30.498785,31.364191,32.540894,33.5213,33.106956,38.1473,37.496895,40.942043,38.38271,36.227432,37.64286,41.556778,41.273262,36.5929,34.478382,38.62851,38.178574,41.702824,37.082043,34.408558,39.413246,34.967567,31.893108,32.24273,29.826967,26.824884,23.142889,21.332256,24.302246,21.980331,22.959343,25.057423,29.158972,30.989098,35.54149,35.808525,32.906254,28.948416,28.169744,26.765215,26.389292,22.743805,23.874582,24.759195,22.409157,26.39947,21.411276,18.697056,18.773832,16.343029,14.184058,12.369002,13.296991,9.834862,11.096322,13.919972,13.480843,18.51879,20.749252,23.500088,25.640436,23.282793,29.093323,24.692148,28.439276,29.265238,30.049793
4,12.650663,8.603226,6.946716,3.8559153,0.0,6.210969,5.0526915,10.885114,13.114464,14.998819,19.85033,22.123201,24.002333,21.697586,16.905539,17.898075,16.473225,18.48862,18.24905,19.847599,21.779638,21.473684,24.431522,26.148134,26.057814,26.100174,23.79293,21.914896,22.206474,19.891645,22.61533,18.473152,22.542479,18.330297,22.279299,21.998117,22.033936,23.655792,19.228556,17.706324,23.254519,22.243067,24.624304,25.320463,24.752296,26.705566,26.693888,28.977793,30.392641,31.124811,31.823545,31.041653,36.009907,34.983734,38.604805,36.272606,33.708096,35.0211,38.779465,38.35238,33.68814,31.50769,35.44804,35.024086,38.360764,33.613865,31.117125,36.05392,31.486671,28.505224,28.9749,26.818596,23.67182,19.89208,17.810604,20.800306,18.289425,19.61644,21.620995,25.796041,27.48607,32.110218,32.357246,29.521336,25.645145,25.176256,23.64688,23.894087,20.664125,21.8976,23.311743,21.220028,25.61165,21.100847,18.577248,19.432438,17.322063,14.719194,12.471288,12.342017,8.522656,8.623409,11.050682,9.933247,15.078448,16.97978,19.68947,21.916834,19.699001,25.662563,21.620926,25.588486,26.724876,27.83044
5,15.653718,12.452694,8.997552,6.3433967,6.210969,0.0,6.9555736,8.520089,11.334756,14.041479,18.008213,21.225906,23.291822,21.910133,17.545687,19.889994,18.772825,22.07934,21.584639,24.099537,25.69336,26.074562,28.649988,30.076551,30.251738,29.684181,27.326986,24.749098,24.739807,21.727818,23.441378,18.831768,21.590626,16.514956,19.763514,18.5462,18.013645,20.303457,16.458593,16.05815,21.951963,22.226086,24.604403,26.325,26.177002,28.814898,28.984753,32.205906,33.574368,34.881805,35.969093,34.837086,39.833397,38.81826,42.04396,39.435314,36.82769,37.588985,41.784348,40.689198,35.62213,34.349976,38.70561,38.851574,41.98016,36.626316,35.019375,40.208473,35.71652,32.90528,33.891727,32.06067,28.85255,24.825089,22.204374,24.17579,20.683558,21.353771,22.456087,26.004383,28.869053,32.901917,34.040176,31.818298,28.35542,28.241325,27.448418,28.041248,25.261429,27.096693,28.637459,26.884855,31.228964,26.720589,23.904749,24.357569,21.513933,18.850925,16.223701,17.067898,14.192752,13.26414,16.571379,13.547654,19.536753,20.405548,22.50205,25.620499,23.969566,30.229486,26.635096,30.963345,32.061665,33.577927
6,17.699228,13.617353,11.770326,8.316816,5.0526915,6.9555736,0.0,7.5661173,8.42535,10.6763315,15.32429,17.25905,18.96693,16.762999,12.153669,13.741554,13.032205,16.057053,17.016663,18.942652,21.517801,21.762972,24.97054,25.805075,25.318062,25.035242,21.952087,19.71431,19.05593,16.928679,18.219303,14.491092,17.826052,13.652843,17.837807,17.657757,18.304535,19.827772,15.3572035,13.769707,19.13459,18.543623,20.381113,21.426134,21.76942,23.45386,24.388268,26.829678,28.827562,29.448603,30.138453,28.715874,33.60585,32.271862,35.733025,33.423965,30.480833,31.365551,35.28031,34.364628,29.491035,27.784302,31.909426,31.936775,35.072437,29.859596,28.071442,33.27282,28.880104,26.026934,27.254555,25.463955,22.353306,18.13119,15.425285,17.280281,14.163194,15.065498,16.793722,20.866438,22.865286,27.316952,27.86205,25.311968,21.678358,21.58432,20.560038,21.528416,19.160934,21.10416,23.18698,21.896324,26.589663,22.883955,20.325323,21.797752,19.449425,16.30326,13.335902,12.724312,10.118481,7.478393,10.527481,6.6031423,12.701615,13.785442,16.08713,19.012362,17.253647,23.492258,19.90962,24.431423,25.568972,27.482336
7,22.41481,18.757763,15.530025,13.482985,10.885114,8.520089,7.5661173,0.0,5.1699758,5.8575454,9.871864,13.490027,16.402617,16.6772,13.792252,17.026237,17.762177,21.763624,23.587025,25.738071,28.54309,29.05652,32.277317,32.730217,32.06061,31.524263,27.949287,25.385906,23.684544,21.722366,20.271095,17.418589,17.734049,12.652372,16.287104,13.953105,15.647222,18.376196,14.932246,14.907697,20.013826,21.291092,22.12981,24.347916,26.087803,27.627005,29.623707,32.357445,34.81084,35.38715,36.002556,33.92787,38.563004,36.696247,40.015244,37.89069,34.35689,34.48365,38.40352,36.52833,31.391872,30.626814,34.508335,35.08368,37.4553,31.509506,31.092096,36.02107,31.410313,29.12983,30.661934,29.810305,26.43072,22.43167,19.030489,20.013376,15.298218,16.447933,16.102247,19.079237,22.570004,26.178787,28.018366,26.599522,23.90788,24.962141,24.414337,26.743004,25.369854,27.543608,30.06637,29.012962,33.821297,30.303682,27.853659,29.331747,26.898031,23.751314,20.668995,20.186527,17.56684,14.671435,16.84066,11.587136,17.090141,15.849491,16.90142,20.850515,20.276394,26.599485,24.565338,29.249853,30.994944,33.298683
8,25.555973,21.647135,18.983866,15.8319025,13.114464,11.334756,8.42535,5.1699758,0.0,5.0151687,7.602537,10.056667,12.02728,11.813325,9.202181,13.051603,14.223043,18.841509,21.110935,23.550592,26.485981,27.507462,30.66162,30.435638,29.619722,28.73379,24.858824,22.040775,19.81875,17.940664,15.453266,12.985848,12.585626,7.6863675,11.627762,10.160013,12.375348,14.452673,10.911815,10.660556,15.217936,16.751047,17.163673,19.638603,21.93093,23.372362,25.870369,28.807093,31.493477,32.157806,32.92242,30.49649,35.0128,33.18369,36.129974,33.88564,30.359411,30.15606,34.324135,32.166344,26.881014,26.645155,30.925156,31.947906,34.3677,28.219372,28.287704,33.591118,29.540028,27.254715,29.560328,28.688957,25.693192,21.372728,17.900293,17.4077,12.771888,12.571606,12.1739855,15.027759,18.75367,22.155737,24.08685,22.78379,20.272657,21.298693,21.494707,23.850452,23.10306,25.848036,28.593555,28.226286,33.007614,30.112534,27.561098,29.313776,26.637276,23.243979,19.878231,19.334555,17.917473,13.960125,16.714628,10.603661,15.936335,14.631841,15.276441,19.54259,19.16995,25.294592,23.186134,28.122314,29.392866,32.265125
9,27.026415,23.12563,20.438433,18.225246,14.998819,14.041479,10.6763315,5.8575454,5.0151687,0.0,5.2827387,8.115264,11.5503645,12.886771,11.569528,14.852045,16.902512,20.906286,24.188078,25.927317,29.395557,29.984373,33.49982,33.26628,32.03993,31.563894,27.322556,24.968489,22.211756,21.24099,17.746014,16.634933,15.457113,11.478894,15.211513,13.049542,16.295567,18.560297,15.495349,15.254373,19.102243,20.571745,20.23468,22.414423,25.319208,25.884935,29.04415,31.22271,34.34039,34.355614,34.61806,31.971018,36.222103,33.833866,37.144375,35.4151,31.344587,31.081455,34.69385,32.398376,27.369732,26.881714,30.350695,31.217342,33.08433,26.85958,27.26245,31.98681,27.525644,25.639812,27.687,27.470121,24.232449,20.37294,16.674446,16.538422,11.269752,12.639936,11.175178,13.759832,17.394897,20.774702,22.895697,21.984123,19.913239,21.746363,21.43578,24.843206,24.553986,26.894552,29.960478,29.510704,34.42146,31.756582,29.59997,31.691912,29.564259,26.240276,23.066204,21.818892,19.775192,15.981529,17.267588,11.334236,15.443697,12.749635,12.763957,17.185581,17.464037,23.44451,22.507977,27.267347,29.240168,32.091404
10,31.981531,28.124977,25.248194,22.82688,19.85033,18.008213,15.32429,9.871864,7.602537,5.2827387,0.0,4.8270936,8.603299,12.1251955,12.770775,16.610703,19.221806,23.66787,27.189888,29.207222,32.654324,33.651188,37.030083,36.306522,35.012882,34.19519,29.758406,27.16836,23.866665,23.010548,17.835573,17.6445,14.225764,10.942843,13.448083,10.479607,14.731008,17.01344,15.154387,15.718061,18.37036,20.933306,19.754255,22.60758,26.369997,26.8306,30.612236,33.049885,36.3796,36.50157,36.868084,33.787357,37.73036,35.199635,38.05456,36.356754,32.141384,31.216063,34.908142,31.884136,26.780163,27.326822,30.814274,32.31164,33.71557,27.130112,28.70761,33.37755,29.397995,27.896152,30.538074,30.71853,27.749687,23.96765,20.247454,18.767607,13.517597,13.764177,10.8343525,11.606268,16.468857,18.625359,21.786596,21.87778,20.742056,23.049185,23.540995,27.321331,27.75585,30.46233,33.69263,33.689346,38.54973,36.231377,34.003212,36.13687,33.768806,30.34663,27.016659,25.958494,24.48574,20.336632,21.901804,15.745199,19.347382,16.123234,15.189738,19.817453,20.759348,26.221096,25.914047,30.698345,32.521553,35.793545
11,34.566093,30.522833,28.150705,25.349478,22.123201,21.225906,17.25905,13.490027,10.056667,8.115264,4.8270936,0.0,4.374766,8.853212,11.219346,14.508654,17.832737,21.990093,26.292248,28.000092,31.731876,32.840336,36.275963,35.016262,33.386726,32.57075,27.825811,25.466955,21.552847,21.496452,15.070808,16.430927,12.301913,10.962447,13.296584,11.852597,16.372517,17.652538,15.9257145,15.905689,17.233385,19.47721,17.42409,19.958723,24.415857,24.096352,28.59651,30.570547,34.272778,34.03683,34.210117,30.786297,34.36689,31.607075,34.295246,32.84205,28.399834,27.184628,30.686693,27.416712,22.430473,23.277227,26.596481,28.399982,29.568584,22.87918,25.068739,29.71416,26.221258,24.942379,28.133415,28.554409,25.981295,22.321789,18.746943,16.039425,11.255868,10.785232,6.9538555,6.8105536,11.891357,13.805311,17.080654,17.522594,16.954653,19.645523,20.56852,24.77891,26.019382,28.867676,32.326977,32.86026,37.615665,35.99997,33.959583,36.44279,34.261864,30.796307,27.503326,26.04869,25.238935,20.69681,21.899553,15.900262,18.274136,14.743921,13.121588,17.632803,19.006716,23.817513,23.9862,28.686077,30.323414,33.986317
12,36.624367,32.50745,30.435783,27.10085,24.002333,23.291822,18.96693,16.402617,12.02728,11.5503645,8.603299,4.374766,0.0,5.9259343,9.979139,12.982612,16.481949,20.670113,25.048452,26.879004,30.497913,31.971735,35.196762,33.44155,31.76807,30.670925,25.890713,23.459835,19.239117,19.436464,12.001912,14.432497,9.306796,9.978152,11.543685,11.651366,15.9275675,16.218052,14.90252,14.6394205,14.53037,16.81421,14.062414,16.676815,21.640373,21.096579,25.97345,28.028055,31.815275,31.679111,32.006992,28.360008,31.717709,29.101673,31.307764,29.738083,25.428656,23.835524,27.585596,24.023434,18.903208,20.485394,24.236044,26.513176,27.78119,21.0733,23.700876,28.650265,25.907751,24.609808,28.379017,28.634586,26.53422,22.77361,19.48728,15.624548,11.844726,9.604849,5.921321,4.393439,9.837147,11.155224,14.535766,15.182777,15.005976,17.519537,19.296558,23.223236,24.978888,28.171175,31.620115,32.65815,37.214573,36.061493,33.980614,36.52802,34.21925,30.737757,27.437084,26.066927,26.08946,21.290047,22.8442,17.018702,18.977365,16.001898,14.337671,18.503805,19.805336,24.10575,24.015251,28.691898,29.762655,33.75136
13,34.13151,29.973913,28.53114,24.663881,21.697586,21.910133,16.762999,16.6772,11.813325,12.886771,12.1251955,8.853212,5.9259343,0.0,5.2753563,7.5039053,10.964131,15.103524,19.45131,21.307903,24.8357,26.487259,29.579165,27.626888,25.979387,24.78138,20.031902,17.569681,13.334488,13.661173,6.278213,9.261352,6.10336,8.288598,10.677247,12.983709,16.003445,15.332238,13.006936,11.435123,11.038553,11.816469,9.260071,11.173677,15.930375,15.346279,20.1043,22.190722,25.906538,25.894733,26.41865,22.92546,26.589931,24.400085,26.58429,24.629211,20.667772,19.518124,23.767164,20.886995,15.47951,16.48117,21.153479,23.238811,25.406685,19.077227,20.596884,26.231194,23.82452,21.945295,25.877947,25.389671,23.63337,19.531548,16.648275,12.356953,9.88778,5.6807146,5.2034407,6.909576,9.4167,12.290392,13.758265,12.792321,11.366204,12.8020735,14.983313,18.00677,19.668734,23.136835,26.432892,27.753332,32.12328,31.226868,29.106964,31.686987,29.372862,25.939644,22.742996,21.346703,22.20085,17.310783,19.24339,13.955574,15.68443,14.109123,13.298913,16.917795,17.38784,21.66467,20.35154,25.094795,25.47115,29.5159
14,29.165861,25.040241,23.799126,19.712633,16.905539,17.545687,12.153669,13.792252,9.202181,11.569528,12.770775,11.219346,9.979139,5.2753563,0.0,4.528973,6.8392363,11.688893,15.269369,17.473295,20.817368,22.360823,25.476696,24.088217,22.78415,21.659721,17.219131,14.48453,11.2165,10.397938,6.580289,5.981207,7.241865,6.9109054,10.726128,13.13912,15.094977,14.677693,11.008572,8.523552,10.404188,9.968007,9.545588,10.945793,13.974612,14.449857,17.900188,20.413235,23.620457,23.993397,24.768843,21.929577,26.265932,24.58095,27.148026,24.801903,21.3686,21.124228,25.548931,23.61894,18.325876,18.108532,23.064348,24.419243,27.304182,21.445375,21.421711,27.315226,24.401226,21.924417,25.23992,24.018768,21.98502,17.47018,14.628387,11.7812395,9.332187,5.8936467,7.968008,11.438537,13.262389,17.07,17.709984,15.6147175,12.745553,12.991451,14.299656,16.196299,16.557335,20.017555,23.018354,23.871038,28.349253,26.841593,24.487127,26.850693,24.376026,20.904417,17.629555,16.427952,17.229574,12.3607435,15.051263,9.75723,12.787563,12.558573,13.0381565,16.51194,15.964169,21.048485,18.394388,23.326443,23.557734,27.161213
15,29.382893,25.277897,24.80716,20.733576,17.898075,19.889994,13.741554,17.026237,13.051603,14.852045,16.610703,14.508654,12.982612,7.5039053,4.528973,0.0,4.11144,7.7058735,12.477967,13.907349,17.687632,19.07244,22.3438,20.632677,18.932676,18.101786,13.331114,11.183561,7.4895034,8.171389,6.0003686,6.8232417,10.24111,11.237457,14.662929,17.58593,19.264662,18.391417,14.691767,11.647564,12.679951,10.367908,10.043698,9.433136,11.941988,11.306572,14.961682,16.540487,20.050056,19.892057,20.409636,17.581947,21.99146,20.338717,23.157677,20.910633,17.4958,17.81145,22.058283,20.848103,15.913913,14.67546,19.698786,20.705742,24.037785,18.748056,17.847198,23.914959,21.35105,18.630882,22.047335,20.471443,18.90326,14.465146,12.300131,9.037012,8.82982,5.2444463,9.276859,13.044237,12.874808,17.20866,16.506113,13.435387,9.789746,9.042704,10.269749,11.67799,12.388499,15.949679,19.070593,20.364857,24.681986,23.84366,21.789005,24.514702,22.507866,19.189165,16.28564,14.419472,16.002338,11.312338,13.246845,9.5182495,10.578322,11.4907255,12.334045,14.70478,13.708039,18.098457,14.887656,19.643648,19.41747,23.16761
16,27.184345,23.237173,23.157547,18.775621,16.473225,18.772825,13.032205,17.762177,14.223043,16.902512,19.221806,17.832737,16.481949,10.964131,6.8392363,4.11144,0.0,5.3438168,8.59357,10.734501,14.0401535,15.694053,18.734272,17.26773,16.027649,14.97463,10.719068,8.079943,6.079532,5.0774903,7.883383,5.9184027,11.911583,12.355349,15.626945,18.901842,19.608696,18.519798,14.4894495,11.039816,12.678149,9.224271,10.619173,9.4889345,9.810375,10.450548,12.397237,14.64334,17.452824,17.952497,18.973532,16.870571,21.695095,20.82962,23.493423,20.769321,18.26326,19.13974,23.571306,23.017256,18.335514,16.780201,22.022236,22.672356,26.4932,21.813044,20.0402,26.140081,23.69261,20.652859,23.617714,21.354578,19.914946,15.426002,13.809023,11.81893,12.098545,9.261042,13.240551,17.019125,16.931631,21.185581,20.256865,16.899982,12.986101,11.117262,11.978443,11.338471,10.621086,14.360101,16.902582,18.04361,22.192797,21.014925,18.65636,21.101675,18.796879,15.494924,12.612165,11.176275,13.600991,9.3052435,12.277479,9.6953745,11.469517,13.802241,15.375883,17.310314,15.593725,19.978607,15.597188,20.121847,19.30728,22.618713
17,27.559048,23.825869,24.684319,20.663502,18.48862,22.07934,16.057053,21.763624,18.841509,20.906286,23.66787,21.990093,20.670113,15.103524,11.688893,7.7058735,5.3438168,0.0,6.4507704,6.3621554,10.571105,11.670588,15.042571,13.328998,11.443998,11.200062,6.640919,5.929881,5.3447423,6.883278,11.50162,10.861563,16.788406,17.672525,20.888174,24.218515,24.914537,23.704185,19.718672,16.213709,17.387175,13.135228,14.427304,11.7516775,10.697098,9.876403,10.926074,11.206653,14.122244,13.718085,14.301407,12.7596,17.769302,17.201067,20.301077,17.802435,15.731592,17.656647,21.446413,22.09251,18.324131,15.381649,20.10309,19.968998,24.294792,20.763203,17.610367,23.496054,21.456686,18.17255,20.774923,17.891945,17.140707,13.15873,12.877943,11.583233,13.932094,12.014163,16.461893,20.311846,18.801428,23.296455,21.21084,17.133766,12.865934,9.820659,9.694893,6.876435,5.3913646,9.316795,11.839766,13.576973,17.444172,17.198912,15.371818,18.309458,16.90117,14.083289,12.169985,9.751728,13.098209,10.032643,11.397453,11.599813,10.898201,14.507747,16.432945,16.921125,14.6314,17.791258,12.532808,16.360577,14.7512245,17.92755
18,25.506508,22.264153,23.555168,19.2534,18.24905,21.584639,17.016663,23.587025,21.110935,24.188078,27.189888,26.292248,25.048452,19.45131,15.269369,12.477967,8.59357,6.4507704,0.0,4.4868455,5.6562366,8.024909,10.341452,9.371266,9.268527,8.139508,6.5821157,5.0573983,8.856107,7.195573,15.16164,12.30212,19.350788,19.619843,22.35647,25.91714,25.408567,23.98456,20.014288,16.563429,18.20437,13.525774,16.466269,14.091592,10.336148,12.052514,9.472664,11.518271,12.1718855,13.684958,15.483081,15.458642,20.479725,21.220406,23.565489,20.395046,19.86604,21.959871,26.013704,27.005125,23.350033,20.897034,25.837204,25.630087,30.180296,27.033325,23.662657,29.373627,27.483337,24.099342,26.135597,22.737629,22.029053,18.248814,18.16357,17.827808,19.460165,17.454695,21.683392,25.502876,24.732685,29.006378,27.23966,23.310806,19.174763,15.954403,16.017826,11.976957,8.621832,11.561813,12.115512,13.202539,16.247952,15.07375,12.477705,14.384692,12.058378,9.495187,8.070007,7.564786,12.319372,10.864365,13.735607,14.741004,15.682877,19.775362,22.083345,22.779652,20.148256,23.503254,17.63369,20.860615,18.702871,20.820707
19,26.18817,23.049444,24.900454,21.131847,19.847599,24.099537,18.942652,25.738071,23.550592,25.927317,29.207222,28.000092,26.879004,21.307903,17.473295,13.907349,10.734501,6.3621554,4.4868455,0.0,4.772531,5.370719,8.781307,7.741726,6.4062424,7.075854,5.494128,6.7903724,9.968827,10.337899,17.269142,15.580217,22.27152,22.763418,25.814856,29.218925,29.18323,27.89196,23.8337,20.32621,21.818499,17.07949,19.337996,16.350752,13.108372,13.154722,11.047139,10.615057,11.569033,11.599449,12.576629,13.141277,18.055471,18.753693,21.628296,18.981594,18.472395,21.21357,24.519485,26.247627,23.244804,19.839544,24.044773,23.192057,27.884151,25.528372,21.312555,26.604458,24.879038,21.452492,23.060822,19.359653,19.12412,15.946436,16.741642,16.948977,19.613447,18.276423,22.722994,26.661222,25.01048,29.50429,27.06569,22.78823,18.563635,15.093555,14.306115,9.450875,5.233589,7.409799,7.6973624,9.371217,12.319743,12.212503,10.428624,13.163428,12.281743,10.380924,10.025993,8.019785,12.564024,11.834314,12.954192,15.498021,14.711698,19.249636,21.660063,21.429401,18.568989,20.981548,14.860346,17.34336,14.764209,16.5921
20,26.580978,23.938591,26.086203,22.269802,21.779638,25.69336,21.517801,28.54309,26.485981,29.395557,32.654324,31.731876,30.497913,24.8357,20.817368,17.687632,14.0401535,10.571105,5.6562366,4.772531,0.0,3.7302027,4.8041873,4.3978014,5.591416,5.4600677,7.534181,8.489543,13.012457,12.285605,20.286951,17.83991,24.845308,25.261223,27.890995,31.51316,30.78843,29.265568,25.405956,22.020096,23.425894,18.536428,21.462347,18.550688,14.035309,15.212674,11.096321,11.496799,10.410029,11.941247,13.822325,15.417575,19.978123,21.607597,23.762562,20.730476,21.325642,24.086655,27.508936,29.46449,26.620697,23.593126,27.958334,27.169445,31.959887,29.890081,25.689054,30.86311,29.440056,26.035467,27.464102,23.59108,23.513325,20.529228,21.359495,21.651848,24.053032,22.435513,26.807886,30.646412,29.293982,33.59389,31.260971,27.068098,22.966225,19.338516,18.930885,13.728468,9.818766,11.162763,9.865752,11.066492,12.526158,12.134249,10.064376,11.588551,10.283044,9.335971,10.016631,9.713856,14.56361,14.771063,16.58389,19.2033,19.175823,23.765797,26.24923,26.157305,23.239824,25.618927,19.422209,21.475159,18.553215,19.708189
21,25.133322,22.677864,25.296076,22.00644,21.473684,26.074562,21.762972,29.05652,27.507462,29.984373,33.651188,32.840336,31.971735,26.487259,22.360823,19.07244,15.694053,11.670588,8.024909,5.370719,3.7302027,0.0,4.222731,5.9265733,6.3112674,8.001635,9.600846,11.254841,15.160972,14.968131,22.47553,20.21051,27.157654,27.22161,30.24226,33.512848,33.04302,31.848509,27.747023,24.354671,26.225983,21.470882,24.195807,21.272387,17.261742,17.826035,14.373683,13.682462,12.91533,13.30555,14.335093,16.331915,20.718864,22.09178,24.794813,22.256973,22.590435,25.671896,28.578127,30.860935,28.256618,24.628284,28.39927,27.080738,31.846085,30.14947,25.37984,30.133778,28.449614,25.01628,25.795048,21.719448,21.688131,19.173536,20.468563,21.650196,24.290346,23.396906,27.81633,31.878828,30.24346,34.814014,32.25839,27.900604,23.673138,20.18512,18.982033,13.8845625,9.378361,9.350148,7.1944156,7.675581,8.964464,8.534212,6.960098,9.057501,9.150448,8.833838,10.332898,9.198851,13.484784,14.609419,15.392272,19.15284,18.458714,23.33307,26.029156,25.438618,22.294165,24.341646,18.016455,19.499512,16.678013,17.096607
22,27.037313,25.012417,27.764488,24.447334,24.431522,28.649988,24.97054,32.277317,30.66162,33.49982,37.030083,36.275963,35.196762,29.579165,25.476696,22.3438,18.734272,15.042571,10.341452,8.781307,4.8041873,4.222731,0.0,4.60511,7.048359,8.039726,11.591846,13.140906,17.665928,17.054178,25.08015,22.559685,29.60938,29.838034,32.47763,35.99919,35.071682,33.616966,29.758636,26.45899,28.021622,23.152065,26.186525,23.206482,18.452108,19.541214,14.945671,14.586494,12.397033,13.752316,15.396095,18.054478,22.030823,24.139378,26.184898,23.397867,24.6149,27.700293,30.647013,33.143246,30.74958,27.41207,31.309319,30.09443,34.93511,33.520943,28.81729,33.50153,32.222275,28.842842,29.65822,25.533037,25.739893,23.35354,24.661383,25.585423,28.199066,26.95015,31.354458,35.27925,33.73805,38.110863,35.54709,31.239408,27.142675,23.455048,22.657078,17.21363,13.149028,13.158787,10.491568,11.041029,10.654526,10.549454,9.193207,9.751649,9.656551,10.399112,12.443174,12.469412,16.788485,18.15854,19.409792,22.944107,22.615238,27.446808,30.09856,29.589548,26.48334,28.374023,22.098448,23.302643,20.147903,20.280046
23,30.458033,28.012974,30.351278,26.626566,26.148134,30.076551,25.805075,32.730217,30.435638,33.26628,36.306522,35.016262,33.44155,27.626888,24.088217,20.632677,17.26773,13.328998,9.371266,7.741726,4.3978014,5.9265733,4.60511,0.0,3.5398724,3.7518015,8.248777,10.345454,14.828512,14.879264,22.593111,20.867758,27.62136,28.679142,31.024862,34.972675,34.24312,32.38923,28.8037,25.406693,26.049055,20.942583,23.56608,20.140312,15.361698,15.89117,11.178669,10.221133,7.8297067,9.389041,11.555114,14.142135,18.022314,20.45406,22.028193,19.0364,20.65008,23.683851,26.688812,29.248985,27.103949,24.001787,28.058025,27.157784,32.02693,30.751478,26.37463,31.20859,30.551361,27.295233,28.760149,24.824549,25.401873,22.925932,24.200665,24.096539,27.107384,25.272007,29.683418,33.276424,31.423244,35.472424,32.713734,28.478224,24.659128,20.7302,20.55043,14.764331,11.718412,12.526104,10.558113,12.634359,12.583307,13.849268,12.658449,13.982054,13.465333,13.279072,14.342053,13.97136,18.722208,18.947493,20.293896,23.091757,22.36744,26.908596,29.204376,28.707281,25.890318,27.388716,21.395315,22.721344,19.134565,20.104319
24,31.176151,28.45159,30.697262,27.031694,26.057814,30.251738,25.318062,32.06061,29.619722,32.03993,35.012882,33.386726,31.76807,25.979387,22.78415,18.932676,16.027649,11.443998,9.268527,6.4062424,5.591416,6.3112674,7.048359,3.5398724,0.0,3.5369532,6.1992297,9.353006,13.067523,14.177485,21.106428,20.184288,26.64272,27.988749,30.532385,34.441456,34.195587,32.394608,28.740356,25.240555,25.690214,20.570765,22.631039,18.90994,14.869918,14.269292,10.733975,8.226967,7.352625,7.061755,8.541514,11.019805,15.053593,17.17493,19.161453,16.481201,17.706106,20.95659,23.663397,26.397196,24.471975,20.977806,24.742233,23.689173,28.562029,27.494772,22.963438,27.702955,27.201817,24.007765,25.58451,21.72716,22.551113,20.26944,21.767673,21.44875,24.91682,23.212557,27.65787,31.199408,28.896513,32.96995,29.92262,25.597675,21.84188,17.873148,17.524553,11.601674,9.035356,9.796602,8.31175,11.281351,11.673369,13.820322,13.0493555,15.226032,15.147004,14.500814,15.160155,13.871119,18.45356,18.221424,18.923061,21.775217,20.250336,24.679623,26.821499,26.00854,23.29837,24.323215,18.528309,19.694065,15.944449,17.291437
25,31.904388,29.086952,30.983408,26.947096,26.100174,29.684181,25.035242,31.524263,28.73379,31.563894,34.19519,32.57075,30.670925,24.78138,21.659721,18.101786,14.97463,11.200062,8.139508,7.075854,5.4600677,8.001635,8.039726,3.7518015,3.5369532,0.0,5.1747694,7.356909,11.652483,12.129413,19.451946,18.279573,24.723814,26.319815,28.462605,32.643784,32.10739,30.032364,26.641596,23.214094,23.245829,18.063686,20.34684,16.699673,12.062798,12.225692,7.6587234,6.698657,5.0114164,6.983731,9.697199,11.426942,15.586387,17.909664,19.24106,15.951291,17.4511,20.252739,23.588816,25.868303,23.607689,20.844572,25.252693,24.775953,29.602049,28.047285,24.159733,29.291788,28.875856,25.707602,27.777645,24.120798,24.7154,21.961916,22.957745,22.006636,25.064196,22.746529,27.083786,30.417612,28.515957,32.324806,29.599894,25.490726,21.862568,17.86368,18.288445,12.576102,10.482026,12.311316,11.438852,14.148268,14.936373,16.330027,14.938455,16.703157,15.683393,14.711457,14.903327,14.301346,19.169273,18.421238,20.007359,21.95643,21.208973,25.384014,27.381084,27.109238,24.575897,26.10257,20.410072,22.177172,18.603088,20.416485
26,31.293463,27.995735,29.420473,25.299887,23.79293,27.326986,21.952087,27.949287,24.858824,27.322556,29.758406,27.825811,25.890713,20.031902,17.219131,13.331114,10.719068,6.640919,6.5821157,5.494128,7.534181,9.600846,11.591846,8.248777,6.1992297,5.1747694,0.0,3.9080884,6.8964486,8.655563,14.954804,14.593938,20.675806,22.494314,24.903881,28.960258,29.035318,27.115547,23.614765,20.099867,20.05392,15.000027,16.61426,12.841052,9.524383,8.462087,6.571177,5.3498964,7.551765,7.598805,9.280932,8.996876,13.946838,15.074329,17.117329,13.993764,13.990344,16.575766,20.224222,21.95292,19.204716,16.32181,21.020473,20.804413,25.532152,23.327175,19.788189,25.316135,24.62244,21.471754,24.040953,20.74422,21.08855,17.974813,18.627096,17.050793,20.174328,17.742485,22.082275,25.392424,23.358826,27.260088,24.575035,20.44858,16.736675,12.793828,13.421141,8.106207,6.958063,10.069894,10.926145,13.861756,16.057766,17.214808,15.724447,18.257055,17.097687,15.1911,14.382899,12.891493,17.390162,15.541464,16.917345,18.097141,17.02081,20.802086,22.55446,22.444723,20.16465,21.909554,16.544048,19.006842,15.898227,18.659948
27,30.27395,26.844173,27.787218,23.343437,21.914896,24.749098,19.71431,25.385906,22.040775,24.968489,27.16836,25.466955,23.459835,17.569681,14.48453,11.183561,8.079943,5.929881,5.0573983,6.7903724,8.489543,11.254841,13.140906,10.345454,9.353006,7.356909,3.9080884,0.0,4.975569,4.9317193,12.276866,11.056682,17.424309,19.121288,21.327734,25.493269,25.315218,23.3161,19.873205,16.387653,16.376438,11.291048,13.41184,10.121281,6.3612175,7.100912,5.262723,7.583916,9.465313,10.872107,12.925797,11.965984,16.855682,17.657629,19.412575,15.978333,15.545557,17.34913,21.706703,22.550098,19.013569,17.037945,22.368885,22.708544,27.215548,24.123474,21.365713,27.257236,26.167942,23.023756,25.867016,22.82316,22.603233,18.904713,18.789274,16.883266,19.059122,16.107971,20.270798,23.526539,22.30502,26.09037,24.07811,20.274954,16.573355,13.015837,14.245537,10.106663,8.939033,12.61138,13.795974,16.06486,18.799503,18.915083,16.8045,18.992956,16.952263,14.541646,12.990072,12.162151,16.590384,14.119717,16.586435,16.59096,16.792282,20.217995,21.906279,22.603329,20.483618,23.184517,17.95648,21.183115,18.65453,21.591835
28,32.037224,28.262997,28.684832,24.3061,22.206474,24.739807,19.05593,23.684544,19.81875,22.211756,23.866665,21.552847,19.239117,13.334488,11.2165,7.4895034,6.079532,5.3447423,8.856107,9.968827,13.012457,15.160972,17.665928,14.828512,13.067523,11.652483,6.8964486,4.975569,0.0,4.7416,8.090261,8.993782,14.118766,16.564749,18.85337,22.955898,23.600706,21.669695,18.401972,15.001599,14.340812,9.806259,10.350002,6.8184943,6.5240107,4.782076,7.8875017,9.201475,12.738496,12.901103,14.089323,11.566256,16.211176,15.85609,17.867426,14.840559,12.9154825,14.030287,18.642399,18.682016,14.616513,12.967997,18.610905,19.492067,23.651768,19.865889,17.974825,24.105827,23.008408,20.114481,23.615433,21.225178,20.875212,17.028343,16.412786,13.22958,15.397202,11.900783,15.925351,18.89858,17.44776,21.126356,19.171854,15.516206,12.004269,8.746823,10.891213,8.555824,9.533852,13.544023,15.872943,18.282578,21.57977,21.898962,20.00308,22.636145,20.763777,17.973907,15.855982,14.348895,17.89419,14.337699,16.331322,15.070689,14.830317,17.283396,18.382607,19.361418,17.833735,20.532524,16.260159,19.978016,18.037643,21.743107
29,29.683748,26.016752,26.182035,21.491982,19.891645,21.727818,16.928679,21.722366,17.940664,21.24099,23.010548,21.496452,19.436464,13.661173,10.397938,8.171389,5.0774903,6.883278,7.195573,10.337899,12.285605,14.968131,17.054178,14.879264,14.177485,12.129413,8.655563,4.9317193,4.7416,0.0,8.515332,6.1702404,12.75183,14.311638,16.406733,20.608475,20.439734,18.464529,15.02392,11.551183,11.648012,6.778994,9.280497,7.2219453,5.037925,7.472379,7.9408793,11.707095,13.853277,15.463728,17.362732,15.583918,20.32487,20.428274,22.139359,18.745378,17.41514,18.258663,23.135248,22.838087,18.409367,17.473957,23.219368,24.156178,28.245035,24.086197,22.368475,28.530169,26.944143,23.927757,27.098902,24.53969,23.686874,19.465155,18.386171,15.978782,16.842724,13.3199415,17.042162,20.14981,19.970976,23.57539,22.471119,19.199938,15.6865225,13.000888,14.782273,12.498521,11.82432,15.768005,17.557138,19.253372,22.64456,21.89624,19.38803,21.398094,18.701,15.725449,13.210474,12.820965,16.444633,12.963072,16.358505,14.545014,16.156097,18.742645,20.163864,21.846876,20.117355,23.797935,19.119272,23.133474,21.404783,24.649414
30,34.291027,30.25544,29.487568,25.091076,22.61533,23.441378,18.219303,20.271095,15.453266,17.746014,17.835573,15.070808,12.001912,6.278213,6.580289,6.0003686,7.883383,11.50162,15.16164,17.269142,20.286951,22.47553,25.08015,22.593111,21.106428,19.451946,14.954804,12.276866,8.090261,8.515332,0.0,5.943769,6.6258883,10.478932,12.142414,16.219175,17.713266,15.826812,13.343445,10.738575,8.834238,7.125596,4.646725,4.973255,9.818538,9.334445,14.0384655,16.549122,20.06057,20.515585,21.555935,18.237122,22.07372,20.728535,22.33058,19.710411,16.627022,15.78765,20.740416,18.597563,13.245085,14.1367855,19.852123,21.916763,24.94103,19.505161,20.035288,26.123945,24.600159,22.302893,26.381805,25.087517,24.004322,19.839493,17.81484,13.391767,13.129352,8.286201,10.539927,12.435265,12.849153,15.652515,15.548706,13.46142,11.280125,10.6329975,13.714745,14.741528,16.395662,20.287542,23.156162,25.034184,28.908718,28.498009,26.303724,28.771114,26.329798,23.079008,20.137016,19.046076,21.263416,16.646912,19.159788,15.16106,16.447458,16.682404,16.684746,19.272385,18.910528,22.54804,19.933952,24.384747,23.631548,27.701942
31,29.80863,25.935186,25.06504,20.37811,18.473152,18.831768,14.491092,17.418589,12.985848,16.634933,17.6445,16.430927,14.432497,9.261352,5.981207,6.8232417,5.9184027,10.861563,12.30212,15.580217,17.83991,20.21051,22.559685,20.867758,20.184288,18.279573,14.593938,11.056682,8.993782,6.1702404,5.943769,0.0,7.167315,8.197043,10.375861,14.458625,14.647106,12.951918,9.4163885,6.050418,6.804891,4.396666,6.275113,7.6005216,9.064664,11.377121,13.532417,17.420553,19.868055,21.331951,22.943039,20.537086,25.028034,24.353619,26.132883,23.030716,20.7575,20.632921,25.667248,24.12996,18.944603,19.141548,24.861898,26.347591,29.784115,24.524014,24.06738,30.24398,28.07183,25.343637,28.73458,26.852596,25.325106,20.786026,18.643356,15.851175,14.7760515,10.87354,13.418239,16.160864,17.59853,20.832468,21.063826,18.706623,15.744992,14.559004,16.582401,16.425703,16.252537,20.12023,22.43868,23.611177,27.56781,26.121548,23.42254,25.314892,22.266493,18.933455,15.73653,15.578244,17.761074,13.42137,17.279839,13.246111,16.408285,17.55471,18.461441,21.33605,20.248978,24.8613,21.146133,25.781998,24.999783,28.468773
32,34.752163,30.783037,29.120848,24.784885,22.542479,21.590626,17.826052,17.734049,12.585626,15.457113,14.225764,12.301913,9.306796,6.10336,7.241865,10.24111,11.911583,16.788406,19.350788,22.27152,24.845308,27.157654,29.60938,27.62136,26.64272,24.723814,20.675806,17.424309,14.118766,12.75183,6.6258883,7.167315,0.0,5.582157,5.7618837,9.982708,11.662137,9.930546,8.400733,7.384557,5.2938204,8.075621,5.931259,9.87071,14.052212,15.25289,19.00211,22.56273,25.537514,26.653307,27.9766,24.803532,28.622248,27.268114,28.666164,25.98315,22.994286,21.65618,26.590162,23.6676,18.181274,20.062962,25.447067,27.769466,30.272968,24.237913,25.60243,31.483013,29.439615,27.342415,31.244467,30.2637,28.594532,24.230555,21.495405,17.648607,15.352743,11.09714,11.1412735,11.949073,15.049211,16.834606,18.631636,17.836527,16.383959,16.74921,19.427128,20.992083,22.006659,25.833778,28.61943,29.93463,34.06812,32.80141,30.231192,32.25834,29.25017,25.850346,22.528328,22.188866,23.583448,18.887594,22.147966,16.851797,19.908579,19.22164,18.94898,22.597202,22.593603,27.100428,24.887476,29.659758,29.445257,33.344353
33,30.619272,26.732801,24.56757,20.458244,18.330297,16.514956,13.652843,12.652372,7.6863675,11.478894,10.942843,10.962447,9.978152,8.288598,6.9109054,11.237457,12.355349,17.672525,19.619843,22.763418,25.261223,27.22161,29.838034,28.679142,27.988749,26.319815,22.494314,19.121288,16.564749,14.311638,10.478932,8.197043,5.582157,0.0,4.5398297,6.5515814,8.255902,8.35954,5.2567,5.1035805,7.8335657,10.6506605,10.56425,14.057156,16.950666,18.869974,21.67254,25.425146,28.059504,29.313599,30.612785,27.855392,32.129402,30.73676,32.726936,30.043583,26.98517,26.163221,30.938978,28.33711,22.83693,23.864653,28.986448,30.792578,33.372673,27.188282,27.9673,33.770542,30.845867,28.566763,31.843641,30.771578,28.504675,23.976227,20.867455,18.373457,14.898668,11.979571,11.81229,13.554818,17.448662,19.917454,21.995699,20.983644,18.939234,19.463614,21.154528,22.81822,22.828981,26.360231,29.033987,29.591938,34.013428,31.853926,29.09361,30.826557,27.657593,24.198753,20.708614,20.670918,21.08254,16.609552,20.236057,14.419774,18.900127,18.144485,18.329294,22.420925,22.163712,27.563152,25.117058,30.091892,30.387522,33.84968
34,34.23615,30.500423,28.198431,24.014383,22.279299,19.763514,17.837807,16.287104,11.627762,15.211513,13.448083,13.296584,11.543685,10.677247,10.726128,14.662929,15.626945,20.888174,22.35647,25.814856,27.890995,30.24226,32.47763,31.024862,30.532385,28.462605,24.903881,21.327734,18.85337,16.406733,12.142414,10.375861,5.7618837,4.5398297,0.0,5.238855,6.0037804,4.7841687,4.6819196,6.4497824,6.4412217,11.054479,10.555828,14.819943,17.882633,20.18978,22.933088,27.190556,29.619024,31.289406,32.886353,30.020771,34.039974,32.870598,34.256584,31.390144,28.647478,27.349236,32.333553,29.318487,23.848856,25.802288,31.1126,33.354404,35.788307,29.584501,30.942974,36.765953,34.284096,32.147137,35.720333,34.707886,32.638752,28.14011,25.111906,22.104357,18.86745,15.464818,14.832383,15.397967,19.63244,21.092028,23.641413,23.189991,21.714876,22.196117,24.479134,25.917063,26.20925,29.936699,32.491474,33.29824,37.525494,35.502525,32.633656,34.17403,30.736044,27.363764,23.91735,24.301178,25.105251,20.747898,24.597956,18.910667,23.229153,22.401968,22.304974,26.401155,26.333065,31.45924,29.119967,34.041813,34.069584,37.684784
