,0,1,2,3,4,5,6,7,8,9,10,11,12,13,14,15,16,17,18,19,20,21,22,23,24,25,26,27,28,29,30,31,32,33,34,35,36,37,38,39,40,41,42,43,44,45,46,47,48,49,50,51,52,53,54,55,56,57,58,59,60,61,62,63,64,65,66,67,68,69,70,71,72,73,74,75,76,77,78,79,80,81,82,83,84,85,86,87,88,89,90,91,92,93,94,95,96,97,98,99,100,101,102,103,104,105,106,107,108,109,110
0,0.0,4.3248777,5.8642173,9.457933,12.440025,13.664896,18.182259,21.435886,24.662512,27.168242,31.297691,33.785526,37.82944,40.240383,40.784737,37.843956,34.436207,30.10457,31.040339,25.387436,28.071459,24.412766,19.925207,19.78248,15.031135,10.866424,14.412939,18.618301,21.124428,23.29847,26.546839,32.539246,34.89748,37.423523,40.262196,42.133778,46.23227,46.351105,45.081722,41.108727,42.62964,39.343277,34.07392,35.21026,29.543873,30.194704,26.030426,25.14813,22.986937,24.171862,26.071259,28.566435,32.3646,32.461536,29.767939,29.707712,28.26213,25.926327,27.720213,25.76373,22.210238,17.88749,16.863045,12.810204,14.72211,15.46472,13.715389,18.535463,20.162651,23.214943,22.654129,25.683813,26.232939,29.14465,30.973589,32.25051,34.624363,32.781208,36.733185,38.99987,38.240322,33.384285,33.48733,29.374443,27.853708,24.195946,23.13119,18.00824,17.75495,15.191336,18.360357,20.889456,23.26493,28.028643,28.369673,32.764595,33.296406,37.969128,39.168114,41.06331,43.223618,38.68993,40.9581,41.105034,38.722347,38.063606,35.377537,33.2936,32.921104,29.161282,30.710009
1,4.3248777,0.0,5.3636527,6.6507125,9.654356,12.23069,15.718212,19.80805,22.812893,25.664967,29.762506,32.42291,36.534615,39.242027,40.027374,37.512978,34.32848,29.874315,31.611067,26.042738,29.06218,25.621878,21.515678,21.37745,16.682217,12.351904,14.61367,18.627045,20.924307,22.864012,26.038841,31.596088,34.244465,36.217754,39.593193,40.941643,44.894142,44.55932,43.060333,39.074196,40.328724,36.71353,31.623707,32.19157,26.469723,26.647665,22.424625,21.308414,19.467203,20.19636,21.898296,24.292095,28.100157,28.143332,25.498177,25.593496,24.324568,22.12698,24.32839,22.795158,19.283112,14.457084,13.417758,8.862578,11.489454,12.026759,11.292026,16.079807,18.454475,21.17581,20.750463,23.12509,23.961843,26.313393,28.510923,29.297022,31.905802,30.063019,34.006134,36.6327,35.980946,31.159233,31.65026,27.463072,26.010832,22.318596,21.52716,16.267857,16.785658,14.605007,18.213154,21.162794,22.708057,27.877089,27.475002,31.803942,31.955832,36.61842,37.673813,39.167645,41.23917,36.40606,38.2913,38.186405,35.739586,35.379715,32.569767,30.986273,30.808205,27.374548,29.316513
2,5.8642173,5.3636527,0.0,5.253653,7.2043195,8.125173,12.693271,15.594348,18.955803,21.335932,25.529846,27.97869,32.101738,34.557194,35.171703,32.455566,29.158518,24.746855,26.279179,20.698048,23.799482,20.58244,16.36792,16.901876,11.985124,7.5321946,10.321619,13.594091,16.422884,17.932013,21.694407,27.086172,29.877234,31.962181,35.11388,36.68284,40.796654,40.945385,39.495636,35.557133,36.924164,33.762245,28.42094,29.77689,24.136038,25.225943,21.233458,20.82896,19.049995,21.126564,22.636171,25.812513,29.2801,29.854696,27.336575,26.680435,24.550009,22.551756,24.084595,22.336624,17.78703,14.104135,12.344002,9.464743,9.898743,11.678939,10.478923,14.502834,16.350424,18.848875,17.442745,20.661312,20.65841,23.758348,25.231531,26.70882,28.997246,27.323734,31.429827,33.512062,33.008846,28.06858,27.889515,23.724838,22.01855,18.508198,17.279806,12.178082,12.192697,10.226966,13.592792,16.248419,18.078955,23.094696,22.88361,27.322723,27.604427,32.411705,33.402153,35.344707,37.37379,32.918217,35.25989,35.513382,33.246178,32.46442,30.111027,27.67681,27.582657,23.756744,25.613329
3,9.457933,6.6507125,5.253653,0.0,4.016678,6.3587537,9.22976,13.893739,16.415855,19.736652,23.54675,26.527514,30.400358,33.38487,34.611378,32.165184,29.447628,24.830132,27.296673,21.989544,25.032553,21.837051,18.693184,18.354708,14.209359,10.484856,10.320011,13.805307,15.580705,17.445896,20.23494,25.478716,28.206312,29.875074,33.515095,34.582283,38.438683,37.947212,36.460506,32.462982,33.841312,30.24235,25.150755,25.967558,20.405949,21.14699,17.545053,17.110806,16.764408,18.218441,18.61544,21.862886,25.123047,25.384592,22.589525,21.617619,19.472483,17.323668,18.916676,17.351603,13.008228,8.88718,7.5419345,4.925436,7.15442,9.879107,11.027045,14.320925,17.25027,18.923206,17.085684,19.377483,19.143475,21.430351,22.83188,23.466276,25.612513,23.5655,27.458294,30.01551,29.338406,24.50857,25.10762,20.95562,19.860622,15.896854,16.027227,11.090998,12.778545,12.155965,15.692877,18.475834,19.16012,24.505232,23.091852,27.454489,26.957262,31.960564,32.34641,33.98761,35.43679,30.83957,32.554398,32.40903,30.381672,30.04852,28.024652,25.965038,26.582367,23.177181,25.794413
4,12.440025,9.654356,7.2043195,4.016678,0.0,5.169206,6.4064074,10.733249,13.592522,16.529243,20.571337,23.303598,27.460295,30.395092,31.48134,29.524147,26.791946,22.28168,25.328533,20.290947,23.81692,21.345093,18.359907,19.012663,14.957915,11.52722,11.032612,12.66343,14.874936,15.4496,19.078894,23.19746,26.593958,27.55167,31.620811,32.23617,36.10458,35.631413,33.778584,29.850222,30.7838,27.241499,22.08966,22.843668,17.11675,18.030308,14.235168,14.134984,13.690393,16.017984,16.509022,20.238544,23.242464,24.136124,21.840918,20.687428,18.059113,16.611574,18.290096,17.347116,11.939659,8.600255,5.6844134,5.206044,3.7577858,7.458411,9.200606,11.287277,14.335851,15.471372,13.280078,15.471143,15.143308,17.478252,19.017366,19.864632,22.336397,20.728714,24.938335,27.385935,27.197533,22.270931,22.488773,18.218334,16.58722,13.115283,12.518083,7.5322523,9.724209,9.752295,13.202491,16.117086,16.028954,21.48993,19.638807,23.880169,23.28395,28.180893,28.660376,30.102585,31.75959,26.999462,28.808443,28.77031,26.591463,26.15401,24.065323,21.982555,22.589058,19.265175,22.037777
5,13.664896,12.23069,8.125173,6.3587537,5.169206,0.0,5.6610537,8.379749,11.051324,14.079393,17.832485,20.774828,24.511927,27.346758,28.61573,25.890862,23.30258,18.622965,21.224243,16.125252,19.164068,16.39928,13.986354,14.188531,10.711408,8.388462,6.320909,7.7906137,9.79912,11.090905,14.383164,19.370083,22.284105,24.026676,27.490688,28.75391,32.78326,32.821297,31.44278,27.49077,29.123272,26.125275,20.741682,22.74105,17.546087,19.713417,16.934347,17.638012,17.88457,20.718807,20.578976,24.562162,27.174305,27.983664,25.413387,23.466467,20.286179,18.529072,18.935698,17.15755,11.594337,10.305818,8.381591,9.5578985,8.387448,12.324268,13.281712,14.875429,17.11182,17.999147,14.548343,17.625687,15.79758,18.898643,18.87332,20.31128,21.717646,19.77883,23.773481,25.566095,25.020876,20.067816,19.828072,15.724715,14.557413,10.5797615,10.9002285,6.8429837,8.743835,9.866844,12.422009,14.418198,14.862025,19.869133,18.152515,22.596628,21.910141,27.231255,27.185087,29.458395,30.530926,26.559193,28.733555,29.002821,27.423792,26.602852,25.527052,22.267292,23.363125,19.605122,22.362286
6,18.182259,15.718212,12.693271,9.22976,6.4064074,5.6610537,0.0,6.229413,7.5846105,11.444419,14.82437,18.078264,21.777773,25.105274,26.837547,24.984285,23.033909,18.498354,22.433832,18.186298,21.40886,19.510044,18.138538,18.47132,15.822092,13.994942,11.017459,10.766101,11.667207,11.693561,14.4085865,17.620617,21.118876,21.549747,25.973354,26.178883,29.904696,29.247349,27.426517,23.475748,24.628979,21.162922,15.957645,17.291256,11.998142,14.160177,11.990254,13.21001,15.017444,17.80644,16.603432,20.874868,22.896843,23.955896,21.682325,19.276651,15.629195,14.549892,14.947355,14.134647,7.738137,7.9123187,5.510625,9.542832,7.5017557,11.592248,14.230189,14.278578,17.127335,16.852907,13.027783,14.76074,12.522793,14.582219,14.426208,15.061242,16.578087,14.636146,18.793562,21.043207,20.847837,15.892726,16.187923,11.964299,11.025013,7.06412,8.742811,6.156451,9.895285,12.235547,14.492199,16.540861,15.311046,20.319244,17.170021,21.169971,19.60154,24.853306,24.292973,25.988659,26.655094,22.377352,23.934607,23.871264,22.429241,21.99957,21.281466,18.44512,20.297226,17.236425,20.757956
7,21.435886,19.80805,15.594348,13.893739,10.733249,8.379749,6.229413,0.0,4.5110865,5.8686495,10.139465,12.657052,16.862776,19.66272,20.917591,19.138357,16.937782,12.530995,16.896938,13.276757,16.9148,16.347565,15.48541,17.368671,15.35561,14.647406,12.119151,8.44745,10.181928,7.1368613,12.000981,13.238893,17.757753,17.709368,22.06236,22.310665,26.364508,26.644934,24.629786,20.901457,21.823776,19.42054,13.8777075,16.744099,12.190918,15.797604,14.209645,16.236286,17.192211,21.263552,20.643532,25.13732,26.75317,28.523153,26.826067,24.263437,20.24883,19.837488,19.657654,18.947464,12.594187,14.096091,11.5343685,15.092376,11.365188,14.903531,16.328384,15.114725,16.651754,15.753858,10.718646,13.462532,9.572157,13.065669,11.338156,13.840896,14.891016,14.001338,18.396683,19.332958,19.8737,14.951945,13.238474,9.089321,6.4720488,4.388237,3.1954675,4.693901,7.25438,11.0309515,11.602432,12.567461,10.649424,14.938091,11.476265,15.494432,13.9983015,19.483206,18.91773,21.315233,22.199318,18.503708,21.076721,21.81295,20.537012,19.211517,19.19074,14.86859,16.75001,13.208056,16.517076
8,24.662512,22.812893,18.955803,16.415855,13.592522,11.051324,7.5846105,4.5110865,0.0,5.0963893,7.323414,11.009366,14.241421,17.73314,19.97434,18.21945,17.166655,12.96646,17.823866,15.1505,17.905746,17.446772,17.943802,18.767746,17.79553,17.719357,13.925901,10.595366,10.311998,7.9987035,10.131577,10.455684,14.739052,14.2034,18.989677,18.79934,22.631727,22.47362,20.61813,16.760479,18.16281,15.671244,10.167705,13.665009,10.142783,14.458016,14.461832,16.91668,19.385796,22.949076,21.188618,25.64566,26.689642,28.21371,26.38172,23.160137,18.862309,18.546812,17.46056,16.830261,11.021634,14.282175,12.639791,17.109612,14.2550535,17.937418,20.120985,18.765787,20.628975,19.285023,14.237835,15.945057,11.518964,13.792722,10.581727,12.1878805,11.789543,10.207033,14.256894,15.096234,15.386075,10.458678,9.090158,4.833752,4.381674,0.57409275,6.301415,8.936379,11.762856,15.5219555,16.026794,16.642384,14.458376,17.998848,13.828373,17.155977,14.658848,20.152689,18.377468,20.847658,20.42166,17.32906,19.242788,19.71944,19.32213,18.309534,19.558697,15.186432,18.198242,15.403745,19.100794
9,27.168242,25.664967,21.335932,19.736652,16.529243,14.079393,11.444419,5.8686495,5.0963893,0.0,4.8551016,6.7952647,11.198742,13.942262,15.423237,14.286964,12.899992,9.212996,14.7342205,13.097381,16.293253,17.29012,17.839676,20.116215,19.256643,19.502539,16.69496,11.786435,12.541048,7.793122,11.851651,9.213586,14.749159,13.196354,17.958996,17.487574,21.528223,22.254633,19.958902,16.5736,17.167494,15.810724,10.538843,14.696647,11.919265,16.473207,16.365269,19.034763,20.516321,24.8644,23.828957,28.341228,29.235302,31.3661,30.085,27.10893,22.807657,23.010302,22.174393,21.843433,15.995226,18.824183,16.578627,20.645918,16.712471,19.865223,21.298618,19.09795,20.007135,18.209366,12.888612,14.930462,9.820564,12.896277,8.791158,12.213026,11.971184,12.082553,16.096397,15.767444,17.097258,12.775089,9.358097,6.274248,2.4565175,5.59666,4.978576,9.945802,11.414791,15.436698,14.761064,14.574573,11.662113,14.060301,9.476265,12.360231,9.803165,15.386801,13.752704,16.744963,16.890553,14.186978,17.176031,18.456024,17.937805,16.084023,17.657343,12.245705,15.057852,12.164178,15.4679165
10,31.297691,29.762506,25.529846,23.54675,20.571337,17.832485,14.82437,10.139465,7.323414,4.8551016,0.0,4.4406495,6.9600525,10.559607,13.35641,12.36071,12.720551,9.997676,15.542893,15.340839,17.404198,18.831184,20.672476,22.222054,22.353176,23.217836,19.659245,14.895813,14.281487,10.246265,11.573582,6.00585,11.612779,8.667152,13.988599,12.79062,16.716402,17.488083,15.3206215,12.046729,13.159836,12.678619,8.096552,13.450692,12.6920395,17.611412,18.89769,21.825375,24.252302,28.268326,26.463606,30.874384,31.23006,33.208138,31.909113,28.432924,24.005949,24.347881,22.711864,22.443668,17.464357,21.384563,19.770365,24.29199,20.869516,24.136404,25.944195,23.670498,24.68326,22.614805,17.391176,18.760975,13.540508,15.501388,10.115614,12.693043,10.421844,10.500081,13.434342,11.961328,13.44312,9.942724,5.3360653,4.6397715,4.5583515,7.886049,9.787553,14.569142,16.217129,20.237976,19.458683,18.91102,16.067968,17.478775,12.832551,14.526915,11.161275,16.154156,12.919791,16.268646,14.586129,13.430798,15.868877,17.165464,17.860142,16.131374,19.274944,13.857765,17.539297,15.534368,18.773008
11,33.785526,32.42291,27.97869,26.527514,23.303598,20.774828,18.078264,12.657052,11.009366,6.7952647,4.4406495,0.0,5.3466883,7.491131,9.354241,9.780225,10.195508,8.961521,14.568605,15.54137,17.775349,20.283657,21.987965,24.515173,24.58697,25.513443,22.669409,17.268316,17.399984,12.417699,14.887532,8.147036,13.818734,10.087756,14.797462,13.171325,16.96159,18.543987,15.948022,13.529914,13.468935,14.187606,10.563221,15.499118,15.173772,19.877823,20.963936,23.926136,25.6401,30.092657,28.822021,33.213696,33.466286,35.882168,35.0067,31.772308,27.395342,28.080488,26.750944,26.715782,21.533089,25.07222,23.041176,27.318638,23.262436,26.121641,27.45883,24.640709,24.982262,22.61307,17.580086,18.929707,13.74753,15.880132,10.421997,13.96753,12.187765,13.597163,16.344612,14.201601,16.49661,13.754224,8.832691,8.947923,7.263626,11.581029,11.25365,16.509895,17.36122,21.27791,19.788036,18.728382,15.502049,15.59467,11.001353,11.447148,7.953688,12.37533,8.852286,12.885346,11.630145,11.345955,14.747885,16.793459,17.383883,14.971013,18.39067,12.499276,15.820094,14.177697,16.761068
12,37.82944,36.534615,32.101738,30.400358,27.460295,24.511927,21.777773,16.862776,14.241421,11.198742,6.9600525,5.3466883,0.0,4.4139533,8.756897,8.944906,11.738102,11.612966,16.255003,18.335161,19.29593,21.981718,24.821476,26.549908,27.54868,29.064281,25.592365,20.43186,19.488571,15.401492,15.593818,7.394169,11.506873,6.3389664,10.716429,8.14294,11.773989,14.047737,12.017444,10.320394,11.20801,13.506019,11.473998,16.839588,18.068306,22.834175,24.841108,27.901823,30.331394,34.4666,32.573734,36.870003,36.768185,38.91388,37.886154,34.225433,29.814722,30.427744,28.371355,28.200542,23.883858,28.173124,26.696344,31.251715,27.710018,30.815271,32.40515,29.76959,30.277039,27.906591,22.861183,23.997662,18.820152,20.354269,14.529297,17.020521,13.702821,14.702888,15.924306,12.475252,14.564172,13.31729,8.346744,10.755025,11.248181,14.793999,16.064878,21.135664,22.19932,26.15276,24.702198,23.418085,20.571733,20.225605,16.082792,16.023441,12.636313,15.922446,11.251924,15.294679,11.794469,13.828899,16.242548,18.1292,19.924345,17.851171,22.32833,16.843517,20.527187,19.362026,21.822315
13,40.240383,39.242027,34.557194,33.38487,30.395092,27.346758,25.105274,19.66272,17.73314,13.942262,10.559607,7.491131,4.4139533,0.0,4.889962,6.4045577,10.005,11.6851015,15.401154,18.66607,19.349327,22.898026,25.797134,28.165949,29.322805,31.080437,28.135431,22.542475,22.040865,17.495085,18.352934,10.307094,13.843218,9.533231,11.863883,9.91759,13.071225,16.49829,14.700383,13.930258,14.225383,17.246397,15.583217,20.675583,21.816092,26.491266,28.173378,31.203878,33.023834,37.484737,36.04146,40.363895,40.318584,42.69938,41.837963,38.327065,33.924187,34.588085,32.67779,32.44424,27.908504,31.929153,30.195349,34.510883,30.61756,33.546944,34.658653,31.853413,31.815826,29.439754,24.564432,25.963617,20.927313,22.806206,17.23556,20.305494,17.46771,18.922716,20.164402,16.521177,18.727522,17.722557,12.735177,14.815946,14.510825,18.293365,18.453255,23.613018,24.028591,27.81087,25.814735,24.019243,21.316648,19.796598,16.405273,15.4427185,12.745269,14.9039755,10.3945055,15.005003,11.967556,15.1619425,18.179163,20.54718,22.178762,19.66808,24.052412,18.399252,21.447552,20.378387,22.058174
14,40.784737,40.027374,35.171703,34.611378,31.48134,28.61573,26.837547,20.917591,19.97434,15.423237,13.35641,9.354241,8.756897,4.889962,0.0,6.032797,8.263296,11.468516,14.428835,18.255028,19.32682,23.534027,25.829477,29.182074,29.990332,31.642178,29.53031,23.558554,23.933752,18.742678,21.059711,13.7150755,17.619041,14.138452,15.898527,14.671558,17.650011,21.248482,19.213411,18.549501,18.08658,20.92834,18.942333,23.654585,24.166288,28.652052,29.667383,32.57934,33.489502,38.331352,37.59985,41.93854,42.088997,44.805244,44.18995,41.025574,36.668194,37.429985,35.973866,35.780224,30.717579,34.16537,31.98574,35.91437,31.518518,34.09739,34.620197,31.585245,30.90771,28.55647,24.039068,25.70724,21.031345,23.358816,18.414648,22.2172,20.357792,22.306732,24.14057,20.822807,23.280846,21.821795,16.710962,17.954306,16.467196,20.530058,19.151218,24.241362,23.92413,27.396557,24.86702,22.687943,20.031113,17.360016,14.852279,12.933361,11.326851,12.257494,8.913739,13.858219,12.669887,15.700326,19.553179,22.350203,23.289043,20.303057,24.014507,18.276625,20.344696,19.276964,20.023396
15,37.843956,37.512978,32.455566,32.165184,29.524147,25.890862,24.984285,19.138357,18.21945,14.286964,12.36071,9.780225,8.944906,6.4045577,6.032797,0.0,4.843487,7.8374677,9.627383,13.954446,13.989028,18.251942,21.296164,24.16005,25.661085,27.948215,25.64564,19.774235,19.70716,15.101965,16.685135,10.387355,13.392788,11.999476,12.361782,13.314874,17.077152,21.175856,20.193104,18.85615,20.036041,22.336843,19.487816,24.878843,24.710041,29.506897,30.222023,33.03445,34.01298,38.762844,37.942455,42.42008,42.977104,45.2547,44.04789,40.71306,36.297543,36.42117,34.63236,33.746056,28.835052,32.302452,30.418085,34.145535,30.26775,33.3138,33.653694,31.421196,30.942741,29.21644,24.291954,26.837994,21.906866,24.972616,19.9714,23.746307,21.606232,22.456404,24.35196,21.186613,22.6,20.723612,15.684152,16.654604,15.780429,18.719032,18.089005,22.705452,22.272568,25.69668,23.264332,20.8282,19.191746,16.991434,15.155885,14.893928,13.670559,16.385733,13.570056,18.735998,17.415936,19.513437,23.243946,25.666843,26.555052,23.792559,27.098484,21.000393,23.137953,20.991121,22.02464
16,34.436207,34.32848,29.158518,29.447628,26.791946,23.30258,23.033909,16.937782,17.166655,12.899992,12.720551,10.195508,11.738102,10.005,8.263296,4.843487,0.0,4.7532096,6.2828026,10.319741,11.467173,15.952454,17.960016,21.822826,22.662268,24.686674,23.221678,17.115381,18.112339,12.927808,16.442823,11.800083,15.627845,15.040937,16.07927,17.347494,21.394447,25.017391,23.666445,21.79475,22.65438,24.142504,20.451565,25.539116,24.278587,28.8843,28.730558,31.318424,31.46557,36.442234,36.277405,40.777973,41.72936,44.13066,42.952686,39.991436,35.667107,35.68815,34.414074,33.4552,27.996815,30.720888,28.456686,31.681564,27.516035,30.339636,30.134853,28.025558,27.171173,25.761303,21.026886,24.14868,19.559916,23.30713,19.090708,23.40086,22.274183,23.162987,25.879799,23.413094,24.851044,22.096107,17.152372,16.892223,14.913787,17.616753,15.604867,19.802513,18.702202,21.807844,19.05639,16.360188,15.064417,12.492976,11.586378,11.857814,11.761578,14.88278,13.599984,18.657637,18.935276,19.70824,23.969612,26.444553,26.508001,23.571007,25.828022,19.668484,20.99082,18.22504,18.796392
17,30.10457,29.874315,24.746855,24.830132,22.28168,18.622965,18.498354,12.530995,12.96646,9.212996,9.997676,8.961521,11.612966,11.6851015,11.468516,7.8374677,4.7532096,0.0,5.843597,7.137087,9.327148,12.765771,14.479042,18.035973,18.547684,20.392519,18.615273,12.507097,13.589229,8.197927,12.482533,9.336245,13.684715,13.868695,15.774999,17.283064,21.668102,24.544525,23.202475,20.624918,21.914305,22.447027,18.026949,23.054287,21.068943,25.655321,25.226799,27.703093,28.022718,32.80868,32.52266,37.04695,38.217533,40.371582,38.932655,35.990128,31.70901,31.469633,30.265276,29.131792,23.580334,26.143982,23.959995,27.14803,23.243198,26.31686,26.310131,24.595896,24.207762,23.056353,18.02836,21.419308,16.73576,20.731735,16.74066,20.854046,19.966389,20.255848,23.360987,21.566162,22.58359,19.15916,14.631632,13.480107,11.452834,13.361095,11.646015,15.549703,14.750857,18.060726,15.782364,13.519369,12.362121,11.5423,9.912988,11.920688,11.373778,15.923586,14.703592,19.39845,19.70704,19.261282,23.258987,25.338932,25.1526,22.531168,24.345455,18.254223,19.82769,16.496424,17.818724
18,31.040339,31.611067,26.279179,27.296673,25.328533,21.224243,22.433832,16.896938,17.823866,14.7342205,15.542893,14.568605,16.255003,15.401154,14.428835,9.627383,6.2828026,5.843597,0.0,5.6559906,5.564587,10.491031,12.68005,16.667149,17.98724,20.67966,19.720581,13.989724,15.185486,11.121685,14.647197,13.336761,15.86867,17.642883,17.659683,20.51237,24.784645,28.39777,27.702665,25.353758,27.113003,27.963804,23.634897,28.779394,26.641628,31.164423,30.373669,32.64354,32.430527,37.24871,37.33613,41.84078,43.317627,45.331356,43.656662,40.796,36.59563,35.96794,34.680733,33.04134,27.693151,29.8796,27.814917,30.372799,26.788336,29.832106,29.104631,28.02056,27.18742,26.6673,22.016245,25.999575,21.742704,26.085789,22.469915,26.625992,25.726423,25.745914,28.654264,26.686897,27.264603,24.019772,19.6807,18.695093,17.035095,18.126133,16.376612,19.234056,17.637148,20.154806,17.513607,14.537216,15.069154,13.255975,13.912326,15.710494,16.282488,20.051748,19.397566,24.266502,24.747328,24.789524,28.933722,31.112644,30.896036,28.169632,29.711006,23.65861,24.632744,21.052858,21.572428
19,25.387436,26.042738,20.698048,21.989544,20.290947,16.125252,18.186298,13.276757,15.1505,13.097381,15.340839,15.54137,18.335161,18.66607,18.255028,13.954446,10.319741,7.137087,5.6559906,0.0,4.885327,7.26469,7.6633997,12.326449,12.665987,15.064017,14.540247,8.923881,11.203849,7.560651,12.629401,13.992794,16.838797,19.168242,20.159101,22.918213,27.379902,30.15903,29.290462,26.329607,28.173407,27.984932,23.00417,27.66764,24.52163,28.69275,27.21665,29.150496,28.633722,33.242077,33.575058,38.008144,39.880104,41.674873,39.784966,37.1991,33.199383,32.25901,31.350138,29.522886,23.991158,25.439945,23.322733,25.367842,22.056835,25.150595,24.246494,23.807644,23.257051,23.298908,18.756426,23.158873,19.344875,23.972929,21.214561,25.14167,24.931074,24.466265,27.89013,26.828045,27.079662,23.103903,19.495554,17.382103,15.445557,15.303994,13.291708,14.870132,13.083017,15.2824,13.099632,10.546169,12.017552,12.126002,12.871754,16.098202,16.749277,21.322346,21.20604,25.553091,26.543407,25.279503,29.23606,31.050888,30.315022,27.886675,28.554861,22.876673,23.620922,19.500607,20.387753
20,28.071459,29.06218,23.799482,25.032553,23.81692,19.164068,21.40886,16.9148,17.905746,16.293253,17.404198,17.775349,19.29593,19.349327,19.32682,13.989028,11.467173,9.327148,5.564587,4.885327,0.0,5.179816,8.632968,11.5719795,13.817436,17.28552,16.174526,11.406961,12.060275,10.123407,12.422985,14.327446,15.490491,19.020742,18.516975,22.298946,26.607416,29.891222,29.755577,27.01665,29.567278,29.838938,25.19391,30.289118,27.691866,32.090004,31.080917,33.102818,33.060547,37.474224,37.412334,41.84719,43.636734,45.164207,42.990887,40.103077,36.057236,34.842136,33.385147,31.152548,26.244003,28.162146,26.55209,28.685757,25.977695,29.328075,28.567104,28.442581,28.046803,28.141165,23.513247,27.792793,23.727104,28.145655,24.823019,28.500336,27.532202,26.70261,29.53662,28.040405,27.798336,24.319435,20.788515,19.40783,18.469313,18.061182,17.374077,19.028648,17.624432,19.738464,17.789043,15.244319,16.889915,16.52331,17.242575,19.996195,20.345734,24.747242,23.964876,28.687931,28.863726,28.430134,32.213932,34.019066,33.79671,31.40856,32.68206,26.830612,27.966763,24.019442,24.95691
21,24.412766,25.621878,20.58244,21.837051,21.345093,16.39928,19.510044,16.347565,17.446772,17.29012,18.831184,20.283657,21.981718,22.898026,23.534027,18.251942,15.952454,12.765771,10.491031,7.26469,5.179816,0.0,5.694236,6.4515676,9.535906,13.570402,12.144177,8.931395,9.04488,9.749666,10.9581,15.79568,16.255547,20.672016,20.415173,24.386368,28.662418,31.303413,31.400736,28.267994,31.246239,30.79813,25.892607,30.653275,27.559202,31.657352,30.398088,32.123363,32.25441,36.18667,35.985237,40.27919,42.340874,43.419933,40.84382,38.023136,34.207428,32.495865,31.030561,28.350595,23.866312,25.366503,24.191996,25.878036,24.06816,27.617052,26.96188,27.684696,27.81151,28.389734,23.905355,28.23978,24.494713,28.813988,25.95343,29.09461,28.26979,26.748074,29.60097,28.76319,27.90137,24.131777,21.539936,19.635763,19.20366,17.442003,17.65703,18.062014,17.048426,18.752956,17.708414,15.941547,18.147379,19.192448,19.639685,23.11092,23.212547,28.121412,27.320715,31.746824,31.824163,30.740402,34.14288,35.556236,35.21767,33.19763,34.104797,28.612642,29.866222,25.714521,27.091082
22,19.925207,21.515678,16.36792,18.693184,18.359907,13.986354,18.138538,15.48541,17.943802,17.839676,20.672476,21.987965,24.821476,25.797134,25.829477,21.296164,17.960016,14.479042,12.68005,7.6633997,8.632968,5.694236,0.0,6.4108915,6.0006323,9.315882,10.291231,7.751223,10.3672695,10.62114,14.290019,19.149181,20.797945,24.429996,25.153833,28.498432,32.90882,35.1868,34.70146,31.34535,33.70524,32.70032,27.40364,31.532572,27.548697,31.128569,28.927576,30.240679,29.373762,33.329624,33.937275,38.09489,40.57633,41.77703,39.33951,37.101208,33.555313,31.846779,31.187975,28.689867,23.69557,23.95122,22.295366,23.03501,21.045908,24.137608,22.729567,23.932432,23.773466,24.968472,21.138296,25.83187,22.935038,27.538832,25.79918,29.094667,29.30012,28.006996,31.50647,31.276396,30.74793,26.429935,24.004396,21.246738,19.837978,17.849108,16.606356,15.675169,13.855523,14.52878,13.64134,12.209799,15.447924,17.183651,18.492855,22.402205,23.184414,27.995575,28.196815,32.15773,33.27852,31.265207,34.853264,36.23273,35.180058,33.16635,33.031055,27.981165,28.453085,24.026892,25.038303
23,19.78248,21.37745,16.901876,18.354708,19.012663,14.188531,18.47132,17.368671,18.767746,20.116215,22.222054,24.515173,26.549908,28.165949,29.182074,24.16005,21.822826,18.035973,16.667149,12.326449,11.5719795,6.4515676,6.4108915,0.0,5.22194,9.654304,8.360393,8.992466,8.843956,12.418424,12.805378,19.779076,19.883879,24.608742,24.825686,28.652962,32.81022,34.671227,34.853863,31.362474,34.535698,33.23885,28.140541,32.228146,28.493374,31.983475,30.262026,31.482595,31.602758,34.838726,34.649048,38.64233,41.097073,41.632248,38.623985,36.081783,32.712368,30.407335,29.174875,26.028625,22.182325,22.721006,22.096355,22.85417,22.339437,25.879618,25.237776,27.087545,27.776207,29.001593,25.014496,29.27721,26.211071,30.302988,28.27133,30.769577,30.357338,28.206966,31.12725,31.16729,29.763062,25.708452,24.27308,21.760305,21.650759,18.565123,19.42375,18.126648,17.533615,18.385752,18.539564,17.839888,20.542315,22.904623,23.244148,27.278254,27.293056,32.51203,31.91247,35.897236,36.1046,34.224865,37.219875,38.198273,37.58827,35.992176,36.27986,31.392553,32.56798,28.295797,29.98384
24,15.031135,16.682217,11.985124,14.209359,14.957915,10.711408,15.822092,15.35561,17.79553,19.256643,22.353176,24.58697,27.54868,29.322805,29.990332,25.661085,22.662268,18.547684,17.98724,12.665987,13.817436,9.535906,6.0006323,5.22194,0.0,4.5249543,5.7881255,7.5200744,9.562552,12.265892,14.786379,21.292236,22.632378,26.448168,27.714808,30.831594,35.1197,36.58725,36.153103,32.47004,35.019283,33.205074,27.818968,31.27694,26.815979,29.806643,27.326878,28.19582,27.59723,30.79122,31.209568,35.08804,37.850574,38.524216,35.697025,33.66166,30.513012,28.312006,27.870573,25.065256,20.623875,20.03936,18.919806,18.918533,18.249054,21.44733,20.386198,22.628895,23.314096,24.948097,21.503412,25.849272,23.510618,27.664045,26.59164,29.098698,29.574213,27.660503,31.150373,31.740862,30.732048,26.204113,24.892391,21.66531,20.75554,17.518631,17.302263,14.831447,13.921381,13.994332,14.707684,14.735902,17.729668,20.904282,21.441063,25.778496,26.109133,31.275957,31.35741,34.851994,35.832394,33.12826,36.165005,37.058624,35.865147,34.350353,33.801674,29.400352,30.05596,25.690102,27.274342
25,10.866424,12.351904,7.5321946,10.484856,11.52722,8.388462,13.994942,14.647406,17.719357,19.502539,23.217836,25.513443,29.064281,31.080437,31.642178,27.948215,24.686674,20.392519,20.67966,15.064017,17.28552,13.570402,9.315882,9.654304,4.5249543,0.0,5.8193645,8.7363825,11.620037,13.740342,17.161507,23.267483,25.323524,28.439203,30.505032,33.017384,37.298107,38.298096,37.42911,33.61138,35.68631,33.356853,27.875254,30.615065,25.604755,27.984407,24.880602,25.339247,24.2188,27.161552,28.03295,31.717121,34.750954,35.43668,32.725468,31.169916,28.32779,26.18334,26.455078,23.979288,19.3076,17.601704,16.168055,15.295027,14.781605,17.606094,16.314564,19.111757,20.042692,22.064867,19.264284,23.432674,21.896664,25.850891,25.724483,27.984514,29.19646,27.395409,31.22456,32.37458,31.594692,26.80525,25.845156,22.138088,20.775354,17.36658,16.530703,12.853937,12.007269,11.18641,12.879521,13.957917,16.812086,20.822824,21.233253,25.728884,26.151068,31.229868,31.763475,34.71102,36.201286,32.780125,35.659065,36.363266,34.714474,33.40632,32.133316,28.360884,28.65726,24.360905,25.987125
26,14.412939,14.61367,10.321619,10.320011,11.032612,6.320909,11.017459,12.119151,13.925901,16.69496,19.659245,22.669409,25.592365,28.135431,29.53031,25.64564,23.221678,18.615273,19.720581,14.540247,16.174526,12.144177,10.291231,8.360393,5.7881255,5.8193645,0.0,6.166825,6.8911767,10.795065,12.336388,19.239183,20.736443,24.064568,26.200405,28.651915,32.7545,33.407177,32.847973,28.967329,31.535336,29.13499,23.832756,26.803974,22.303217,25.057371,22.908674,23.778282,24.185612,26.913542,26.557785,30.425241,33.0039,33.41973,30.41559,28.135576,24.974018,22.650414,22.095968,19.297665,14.934089,14.564549,13.884224,14.58261,14.559135,18.289373,18.497776,20.58667,22.231121,23.415426,19.71328,23.344915,20.905867,24.402796,23.363895,25.099485,25.498129,23.139412,26.534067,27.697556,26.470766,21.843372,21.397236,17.92259,17.61423,13.529062,14.775603,11.999181,12.683167,13.562598,15.213787,16.099812,17.77814,21.859999,20.970036,25.415766,24.922235,30.398426,29.964216,33.045647,33.557655,30.485348,32.906418,33.38317,32.335793,31.269331,30.882595,26.895283,28.16554,24.125465,26.521114
27,18.618301,18.627045,13.594091,13.805307,12.66343,7.7906137,10.766101,8.44745,10.595366,11.786435,14.895813,17.268316,20.43186,22.542475,23.558554,19.774235,17.115381,12.507097,13.989724,8.923881,11.406961,8.931395,7.751223,8.992466,7.5200744,8.7363825,6.166825,0.0,4.703945,5.067016,9.41255,14.5657,17.102962,19.812702,22.088371,24.371334,28.70499,29.974419,29.102808,25.42088,27.641294,25.92367,20.50757,24.242023,20.126131,23.678797,21.867373,23.370522,23.59415,27.318163,27.112852,31.382694,33.557278,34.69443,32.264694,29.733261,26.017689,24.480692,23.750383,21.582869,16.211197,17.07328,15.4398,17.343208,15.248056,18.965937,18.974953,19.64057,20.566027,21.053125,16.579496,20.575224,17.267979,21.320309,19.458195,22.108501,22.299631,20.67509,24.315388,24.675648,24.145025,19.499617,17.712008,14.383522,13.289294,10.407043,10.467428,9.574745,9.565621,11.764365,12.0116825,11.922703,13.092578,16.505394,15.490351,19.789227,19.377108,24.817774,24.361113,27.810675,28.446962,25.815496,28.782743,29.738522,28.795689,27.225632,27.305706,22.567694,23.861214,19.714043,21.916199
28,21.124428,20.924307,16.422884,15.580705,14.874936,9.79912,11.667207,10.181928,10.311998,12.541048,14.281487,17.399984,19.488571,22.040865,23.933752,19.70716,18.112339,13.589229,15.185486,11.203849,12.060275,9.04488,10.3672695,8.843956,9.562552,11.620037,6.8911767,4.703945,0.0,5.944408,5.562302,12.673706,13.889719,17.457747,19.313192,21.946205,26.085455,27.1549,26.875069,23.162874,26.16699,24.513079,19.422972,23.47991,20.09445,23.888866,22.998535,24.693657,26.052794,29.327385,28.208784,32.432117,34.296257,35.030014,32.261963,29.201872,25.393911,23.574566,21.985834,19.380085,14.885771,16.927296,16.242477,18.80958,17.651947,21.70782,22.483994,23.163284,24.555935,24.734247,20.01571,23.442703,19.674446,23.13055,20.473738,22.4877,21.685354,19.379112,22.32168,22.557575,21.325502,17.013807,15.814571,13.079565,13.579901,10.111176,12.7280445,12.627099,13.636362,16.134777,16.57955,16.420536,17.088924,20.170261,18.452972,22.434814,21.296473,26.878561,25.49485,29.11709,28.70003,26.627434,29.101278,29.824911,29.53912,28.229464,29.126162,24.33,26.401705,22.600307,25.236786
29,23.29847,22.864012,17.932013,17.445896,15.4496,11.090905,11.693561,7.1368613,7.9987035,7.793122,10.246265,12.417699,15.401492,17.495085,18.742678,15.101965,12.927808,8.197927,11.121685,7.560651,10.123407,9.749666,10.62114,12.418424,12.265892,13.740342,10.795065,5.067016,5.944408,0.0,7.2193203,9.846773,13.308453,15.203754,17.829353,19.714657,24.11228,25.648493,24.61841,21.113848,23.225824,22.082373,16.82109,21.239471,17.95797,22.174805,21.235106,23.31329,24.125498,28.218449,27.571575,32.028244,33.653275,35.135357,33.04426,30.11837,26.027372,25.052557,23.89185,22.189938,16.678751,18.848454,17.098207,20.109085,17.24507,20.94382,21.43516,20.92276,21.662235,21.244162,16.151407,19.734968,15.467314,19.391254,16.341522,19.353682,18.865622,17.667114,21.150204,20.806742,20.708656,16.29842,13.555542,10.705478,9.581203,8.079064,8.461237,10.302273,10.65433,13.971535,13.3408575,12.571099,12.306109,14.7997465,12.740773,16.560486,15.544429,21.058321,19.941473,23.71128,23.842104,21.826368,24.920273,26.125952,25.63142,23.827366,24.807734,19.50401,21.377176,17.545355,19.95217
30,26.546839,26.038841,21.694407,20.23494,19.078894,14.383164,14.4085865,12.000981,10.131577,11.851651,11.573582,14.887532,15.593818,18.352934,21.059711,16.685135,16.442823,12.482533,14.647197,12.629401,12.422985,10.9581,14.290019,12.805378,14.786379,17.161507,12.336388,9.41255,5.562302,7.2193203,0.0,8.274763,8.414737,12.435238,13.971023,16.734936,20.759153,22.01054,22.18333,18.672207,22.28759,21.307238,16.812925,21.608585,19.575527,23.920488,24.234488,26.411942,28.661366,31.98351,30.146801,34.43373,35.69385,36.48538,33.847736,30.233385,26.142872,24.678617,22.25818,19.886423,16.041088,19.605873,19.233168,22.738754,21.35389,25.455246,26.753113,26.670523,28.060495,27.55152,22.422312,25.294239,20.793015,23.739302,19.856873,21.659605,19.603817,17.225191,19.320345,18.707497,17.24155,13.614256,12.05509,10.680852,12.574956,10.1487665,14.11472,15.811584,17.186687,20.35205,20.299301,19.680323,19.465607,21.687386,19.19047,22.455374,20.58266,26.017416,23.594645,27.495478,25.944635,24.893568,27.078478,27.848957,28.382273,27.070948,29.133148,24.011866,26.844032,23.549627,26.406595
31,32.539246,31.596088,27.086172,25.478716,23.19746,19.370083,17.620617,13.238893,10.455684,9.213586,6.00585,8.147036,7.394169,10.307094,13.7150755,10.387355,11.800083,9.336245,13.336761,13.992794,14.327446,15.79568,19.149181,19.779076,21.292236,23.267483,19.239183,14.5657,12.673706,9.846773,8.274763,0.0,5.8935785,5.4203935,8.883665,9.869903,14.271805,16.26417,15.69449,12.708636,15.708408,16.199636,12.487313,18.177513,17.813282,22.723055,24.039946,26.820171,29.270203,33.14776,31.204308,35.608006,36.134285,37.66103,35.840145,32.074116,27.668377,27.339834,24.964687,23.807344,19.584675,23.832458,22.796402,27.073845,24.35278,28.032011,29.514112,27.973324,28.881857,27.33293,21.981152,24.097437,18.917759,21.34152,16.109446,18.411932,15.425473,14.483809,16.19131,13.917766,13.99712,11.337874,7.115071,8.049201,9.753924,10.878341,13.736068,17.797113,19.02586,22.859758,21.89982,20.755587,19.03775,19.848835,16.339338,18.15471,15.464838,20.243654,16.758657,20.922848,18.493145,18.772408,21.12587,22.420654,23.625467,21.905651,25.247108,19.673208,23.061653,20.641102,23.4044
32,34.89748,34.244465,29.877234,28.206312,26.593958,22.284105,21.118876,17.757753,14.739052,14.749159,11.612779,13.818734,11.506873,13.843218,17.619041,13.392788,15.627845,13.684715,15.86867,16.838797,15.490491,16.255547,20.797945,19.883879,22.632378,25.323524,20.736443,17.102962,13.889719,13.308453,8.414737,5.8935785,0.0,6.329078,5.6818104,9.270933,13.0553465,15.418553,16.57201,14.036938,18.414463,19.239548,16.433401,21.9574,22.124048,26.873152,28.53802,31.201616,34.09214,37.577656,35.193546,39.46983,39.9699,40.98208,38.71298,34.634464,30.36303,29.53587,26.436443,24.660244,21.674166,26.275772,25.982506,30.137987,28.296082,32.242714,33.80657,32.841824,33.959236,32.706707,27.356451,29.594685,24.501919,26.78546,21.588486,23.25403,19.640863,17.877136,18.36638,15.856281,14.519663,13.115901,10.553411,12.299259,15.118581,15.020848,18.89226,22.235458,23.544014,27.1458,26.397205,25.159952,24.133684,24.898388,21.916416,23.786106,21.256765,25.833767,22.072887,26.303738,23.105822,24.08997,25.927856,26.943346,28.658123,27.221313,30.838518,25.433918,28.935268,26.474562,29.206678
33,37.423523,36.217754,31.962181,29.875074,27.55167,24.026676,21.549747,17.709368,14.2034,13.196354,8.667152,10.087756,6.3389664,9.533231,14.138452,11.999476,15.040937,13.868695,17.642883,19.168242,19.020742,20.672016,24.429996,24.608742,26.448168,28.439203,24.064568,19.812702,17.457747,15.203754,12.435238,5.4203935,6.329078,0.0,6.121382,4.7273965,8.946283,11.003823,10.946898,8.612794,12.4091,14.080428,12.201242,17.799953,19.175665,23.966417,26.345274,29.292328,32.48831,36.078636,33.512,37.742535,37.70262,39.159252,37.494385,33.406044,29.034637,29.032827,26.163496,25.378292,22.092499,26.981512,26.320126,30.97595,28.455423,32.061264,33.990402,32.131676,33.20305,31.260653,26.000792,27.380194,22.172962,23.666967,17.948217,19.410866,15.25307,14.479237,14.614869,11.12492,11.26204,10.651966,6.903937,10.273873,12.987382,14.636387,18.058397,22.372002,23.940685,27.869455,26.961136,25.867226,23.738558,24.203455,20.304707,21.266155,18.020063,21.982143,17.497568,21.296663,17.304867,18.929932,20.403072,21.523804,23.72357,22.303675,26.690628,21.503244,25.452671,23.839767,26.716608
34,40.262196,39.593193,35.11388,33.515095,31.620811,27.490688,25.973354,22.06236,18.989677,17.958996,13.988599,14.797462,10.716429,11.863883,15.898527,12.361782,16.07927,15.774999,17.659683,20.159101,18.516975,20.415173,25.153833,24.825686,27.714808,30.505032,26.200405,22.088371,19.313192,17.829353,13.971023,8.883665,5.6818104,6.121382,0.0,5.6573625,8.865198,12.878813,14.593144,13.393414,17.538849,19.825603,18.293432,23.845165,25.11541,29.9171,32.087997,34.95482,37.905376,41.578236,39.126713,43.385582,43.51006,44.768917,42.823498,38.647747,34.33189,33.92226,30.732113,29.359205,26.528692,31.340801,30.896599,35.248665,33.005783,36.78518,38.325176,36.85487,37.678802,36.052055,30.718159,32.65847,27.417582,29.397284,23.740362,25.483469,21.368227,20.380112,20.11367,16.496828,15.824066,15.884254,12.809554,15.736598,18.269283,19.36986,22.600183,26.616196,27.709099,31.434153,30.245699,28.65203,27.26008,27.070967,24.079548,24.96397,22.312796,25.978115,21.63366,25.94079,21.916586,24.361635,26.087097,27.37336,29.667171,28.066221,32.43895,26.980356,30.599932,28.67843,31.11078
35,42.133778,40.941643,36.68284,34.582283,32.23617,28.75391,26.178883,22.310665,18.79934,17.487574,12.79062,13.171325,8.14294,9.91759,14.671558,13.314874,17.347494,17.283064,20.51237,22.918213,22.298946,24.386368,28.498432,28.652962,30.831594,33.017384,28.651915,24.371334,21.946205,19.714657,16.734936,9.869903,9.270933,4.7273965,5.6573625,0.0,4.485316,8.274378,9.201278,8.706674,12.386789,15.454091,15.148285,20.329865,22.703756,27.32859,30.171618,33.19236,36.561493,40.119102,37.370205,41.49455,41.128452,42.61904,41.114826,36.907562,32.604702,32.805294,29.723259,29.11319,26.323519,31.39566,30.836752,35.58122,33.0351,36.55943,38.529785,36.453495,37.401752,35.255417,30.07285,31.192919,26.001316,27.143318,21.260502,22.49492,17.935593,17.597128,16.72987,12.455436,12.802957,13.857663,10.7498045,14.61526,17.21797,19.244171,22.436512,26.947338,28.417252,32.35926,31.2498,29.94947,27.713982,27.583935,23.785767,24.046553,20.769089,23.874514,18.927752,22.570452,17.66245,20.663904,21.735947,22.922064,25.734455,24.35087,29.34977,24.34806,28.377134,27.235481,29.890097
