,0,1,2,3,4,5,6,7,8,9,10,11,12,13,14,15,16,17,18,19,20,21,22,23,24,25,26,27,28,29,30,31,32,33,34,35,36,37,38,39,40,41,42,43,44,45,46,47,48,49,50,51,52,53,54,55,56,57,58,59,60,61,62,63,64,65,66,67,68,69,70,71,72,73,74,75,76,77,78,79,80,81,82,83,84,85,86,87,88,89,90,91,92,93,94,95,96,97,98,99,100,101,102,103,104,105,106,107,108,109,110,111
0,0.0,4.5684223,6.8185315,9.097212,12.359873,13.769602,17.733934,22.688482,24.403923,28.216438,30.269629,34.382492,31.743824,29.518585,25.63008,23.428478,19.449385,18.679073,12.49052,13.567992,11.949438,9.891743,11.391271,15.12595,16.28811,17.304781,18.609129,17.617384,21.479794,17.960632,25.326908,21.380043,28.643703,27.749012,28.861557,30.69806,27.119566,27.293499,22.735397,20.294214,25.010012,20.701744,24.774183,24.739302,22.13369,25.942606,26.645208,28.958494,31.168398,32.29894,36.080864,37.82377,39.419,43.34647,41.64886,40.617085,39.09831,35.841774,33.352848,30.401167,29.5205,25.819391,25.986008,23.005949,25.269726,18.793747,22.25502,22.84391,21.04242,18.965027,21.258467,17.944715,21.022617,19.990677,22.514404,23.48965,25.097588,30.23409,26.943256,32.311356,29.629843,35.722206,32.93756,28.510176,27.244795,23.634554,23.9682,20.148441,17.341967,19.04732,17.51033,17.513882,18.052805,20.162685,22.079159,25.800043,27.20748,31.022518,28.599339,32.677296,28.561375,33.333725,31.034906,35.27819,36.52826,37.344807,34.877472,35.43189,30.246265,31.258865,27.241385,28.375792
1,4.5684223,0.0,4.8655086,5.8017993,8.412823,11.258842,13.882116,19.64587,21.168564,25.07895,27.362562,31.61053,29.12675,27.14813,23.169071,20.67138,16.779922,15.378719,10.230713,10.134079,9.906067,7.34595,10.342324,13.297426,13.521549,15.134149,15.569565,15.218903,18.864735,15.982213,23.277264,19.711094,27.452217,26.180748,28.016863,29.98113,27.007994,27.343721,22.669884,20.04957,24.625479,20.532227,23.620058,23.661003,21.010216,23.829802,24.6213,26.115644,28.91368,29.452028,33.38294,34.90783,36.08026,40.24497,38.119896,37.068836,35.329334,32.072784,29.361252,26.518888,25.218334,21.705162,21.56957,18.655964,21.054842,14.895065,18.786695,19.618671,17.302063,14.924101,16.832596,13.398227,16.479868,15.717341,18.311945,19.640553,21.421137,26.92702,24.038624,29.384941,27.417633,33.492905,30.975636,26.40012,24.667852,21.257853,20.794233,17.248884,13.589621,15.06005,13.454189,13.211114,13.650796,15.813088,17.595787,21.36373,23.016705,26.752602,24.149656,28.402876,24.41561,29.14146,27.228004,31.48946,32.871704,33.5031,31.198284,31.529879,26.544067,27.562296,23.476242,25.0236
2,6.8185315,4.8655086,0.0,5.0253005,7.1725254,7.5443306,12.039885,16.225243,18.536459,22.06518,24.863512,28.906462,25.68469,23.878668,19.50894,17.809942,14.019152,13.645253,9.01728,10.908954,11.659787,10.371847,13.629144,15.729655,15.626393,16.540976,15.70687,14.402994,17.287573,13.603463,20.571712,15.928893,23.835478,21.922972,23.767532,25.458242,22.56813,23.254887,18.684856,16.406225,21.371578,18.09058,21.278202,22.147247,20.42432,22.725245,24.74644,25.792858,29.20886,29.860928,33.39207,35.62177,36.303394,40.664776,38.64152,38.04837,36.135098,33.303963,30.396051,27.04913,26.191994,21.869658,21.134413,17.68693,19.304102,12.547707,15.599838,16.506765,15.462724,13.685186,16.353338,13.523261,17.29976,16.328074,19.846403,20.798435,23.642866,28.62702,26.437307,31.758919,30.007223,35.732048,32.681183,28.004456,25.91601,23.1201,21.71965,19.867268,15.363831,17.464708,16.265667,15.563075,15.2318,15.834846,17.021088,20.805285,21.305021,25.100122,23.2755,27.02551,23.298183,28.301184,26.33465,31.134,32.009045,32.382977,29.766037,29.782156,24.598143,25.08005,20.967915,21.74093
3,9.097212,5.8017993,5.0253005,0.0,3.8040082,6.442211,8.841971,14.496775,15.563296,19.574522,21.583569,25.83066,23.58727,21.494482,17.79028,14.945058,11.046341,9.6824465,4.950217,5.914106,7.404317,6.803788,10.505105,11.485875,10.907189,11.819649,10.753333,9.941769,13.194169,10.438776,17.604183,14.560194,22.29157,21.320892,23.433985,25.756378,23.2594,23.40234,18.722143,15.877672,20.022224,16.244892,18.445417,18.7547,16.556044,18.509338,20.083618,21.036802,24.407719,24.912405,28.561808,30.627651,31.433533,35.728153,33.77077,33.14469,31.346535,28.522608,25.778986,22.337578,22.028801,17.443415,17.657917,14.61904,17.260462,11.816141,15.372168,17.439272,15.962075,13.588273,14.844266,11.084488,14.113711,12.081083,15.625216,16.035143,19.097979,23.698778,21.659075,26.949194,25.321484,30.900816,27.859135,23.155254,20.93675,18.270182,16.698498,15.264134,10.688289,13.432471,12.992887,13.036827,13.450276,14.834814,14.442427,19.170343,20.057508,23.271399,20.562614,24.032852,19.659838,24.496494,22.09244,26.614326,27.665472,28.33468,25.82131,26.367289,21.164728,22.390942,18.535786,20.18631
4,12.359873,8.412823,7.1725254,3.8040082,0.0,5.7981467,5.4697742,11.96415,13.052015,16.999453,19.562717,23.855366,21.525274,19.886705,15.979403,13.144001,9.661957,7.673643,6.4347916,5.9279103,9.516387,8.985431,13.040773,13.121185,11.500159,12.789294,10.164817,10.059505,12.29569,10.458397,16.797106,13.996822,21.95202,20.29294,23.14231,25.371813,23.579851,24.028755,19.532707,16.872093,20.755035,17.702803,18.810888,19.457142,17.634142,18.18398,20.17883,19.954622,24.123266,23.954306,27.58776,29.55819,29.71111,34.30007,31.875744,31.353716,29.246525,26.570227,23.50311,20.09531,19.319025,14.753885,14.170287,10.9332285,13.472718,8.403396,12.220023,14.62395,12.982379,10.544058,11.384501,7.8058257,11.09715,9.4441,13.453674,14.238723,17.788166,22.563042,21.249674,26.32275,25.55407,30.897081,28.110094,23.39395,20.665956,18.522123,15.773509,15.3179865,9.74693,12.127087,11.821814,11.318071,11.191891,11.795694,10.759741,15.572737,16.330889,19.473534,16.82874,20.405293,16.32984,21.247335,19.414043,24.152313,25.198858,25.509167,23.107225,23.190266,18.190275,19.178217,15.171336,17.126532
5,13.769602,11.258842,7.5443306,6.442211,5.7981467,0.0,6.9781165,9.032593,11.364283,14.702817,17.588648,21.500376,18.153177,16.39249,12.017685,10.438399,6.910435,7.768019,6.53861,9.836046,12.364209,12.933311,16.357613,16.383478,15.362462,15.369663,12.342888,10.263466,11.40717,7.746193,13.671794,9.000479,17.219088,15.144568,17.673754,19.74868,17.815619,18.464552,14.058704,11.757545,16.097408,14.035916,15.626109,17.354267,16.83416,17.359316,20.857544,20.77775,25.113413,25.598633,28.532356,31.526052,31.473455,36.006634,34.15006,34.207756,32.165062,30.05835,27.102865,23.097229,23.41919,17.935595,17.204819,13.614974,14.907815,9.533747,11.256487,13.987497,14.570053,13.208956,15.004925,12.539745,16.001978,13.920351,18.349453,18.244368,22.538332,26.220272,25.32447,30.306263,29.181284,34.083374,30.504347,25.85837,23.166462,21.60177,18.653526,19.709005,14.542497,17.570625,17.581419,17.034985,16.510735,15.838701,14.24421,18.76261,17.856047,20.834488,19.319996,21.753874,17.910778,22.97781,20.600435,25.818518,26.06057,26.278852,23.349394,23.375166,17.97473,18.350307,14.588324,15.056409
6,17.733934,13.882116,12.039885,8.841971,5.4697742,6.9781165,0.0,7.7861485,8.119445,11.99056,14.886909,19.139967,16.995043,15.804009,12.164695,9.144789,6.881046,4.472447,8.778756,8.260921,12.774546,13.240877,16.997803,15.728597,13.317772,14.117684,9.516684,9.689741,9.7709255,9.554047,13.797473,12.109338,19.537397,17.582008,21.18798,23.509174,22.76745,23.29046,19.27086,16.872433,19.837185,17.901308,17.288588,18.415804,17.458572,15.964652,18.897755,17.101309,22.2863,21.507395,24.726303,27.017185,26.269598,31.130259,28.492088,28.439415,26.063372,23.986,20.723566,16.951075,16.725994,11.409137,10.248188,6.837257,9.288831,6.854823,9.547763,13.271042,12.542597,10.63113,10.225508,7.709411,10.136292,7.959258,12.565139,12.711132,17.380352,21.16654,21.185785,25.731115,25.869783,30.451849,27.588491,23.02473,19.715008,18.751337,14.4206085,16.499537,10.682253,13.132713,13.77407,13.1936,12.692397,11.907737,8.076393,13.346404,13.034975,15.327664,12.789496,15.435543,11.3516655,16.418781,14.743538,19.90274,20.576138,20.530512,18.044022,17.818857,12.820374,13.735324,9.843066,12.317302
7,22.688482,19.64587,16.225243,14.496775,11.96415,9.032593,7.7861485,0.0,4.8835135,6.304136,11.105095,14.467519,10.29943,10.004856,5.2247305,5.6586084,6.4097986,8.263907,13.239313,15.097596,18.883448,20.0181,23.468008,22.061903,20.02777,19.783777,14.792927,13.362097,11.081817,10.323411,10.820049,7.979472,14.326751,10.702088,15.116125,17.002794,17.535925,18.60177,15.63648,14.382472,16.652634,17.144964,15.640426,18.363455,19.414837,16.665676,21.600544,19.083961,24.772846,24.313915,26.332504,29.809887,28.199112,33.036263,30.872404,31.731136,29.296227,28.254732,25.117632,20.919882,21.832043,16.098255,14.251516,11.15713,10.614142,9.709829,8.166072,12.542745,14.901851,14.617617,15.10752,14.474732,16.875511,14.980619,19.437178,18.817404,24.065268,26.442678,27.368471,31.475498,31.711031,35.482796,31.95113,27.67125,24.278936,24.329416,19.51732,23.410986,18.027908,20.72056,21.51222,20.680403,19.605627,17.22984,13.169423,16.95225,13.978345,15.3859825,15.163243,15.4548235,12.786026,17.429903,15.732606,21.360184,20.67728,20.028612,16.95564,15.983688,10.974346,10.070002,6.9572525,6.3552103
8,24.403923,21.168564,18.536459,15.563296,13.052015,11.364283,8.119445,4.8835135,0.0,4.361363,7.1232257,11.146051,9.250516,8.261964,6.2207317,3.2690945,5.8258195,6.6649513,13.224598,14.281248,18.080452,19.783195,22.82484,20.521269,18.22635,17.640945,12.26058,11.370584,7.9612145,9.528404,8.402176,9.315261,14.086287,12.6540165,16.658228,19.261293,19.939003,20.184843,17.318531,15.593709,16.58582,16.71089,13.744209,15.864734,16.868267,12.886061,17.758125,14.519009,20.439215,19.73313,21.565538,25.110693,23.41086,28.198729,26.21899,27.250647,24.962526,24.211842,21.367949,16.920229,19.015676,12.850321,12.434495,10.398432,11.243436,12.414644,11.910953,16.505854,17.88687,17.025404,16.236134,14.994,16.214401,13.308581,17.393608,15.834956,21.334753,22.626472,24.11728,27.81953,28.306763,31.531664,27.983858,23.937714,20.42539,21.155655,15.939881,21.094353,16.352606,19.294315,20.827866,20.630028,20.175966,18.61246,13.224431,17.679033,15.40036,15.738787,14.300429,13.582283,9.774679,14.060998,11.304188,16.840689,16.066027,15.828655,12.613041,12.684923,7.1493464,8.120008,6.3208094,7.9669914
9,28.216438,25.07895,22.06518,19.574522,16.999453,14.702817,11.99056,6.304136,4.361363,0.0,6.028562,8.703035,5.647419,6.4169855,5.452833,5.96825,9.505036,11.013599,17.318027,18.632427,22.396648,24.104408,27.158398,24.825998,22.528494,21.83285,16.45912,15.441433,11.591839,13.039103,9.749913,10.799321,13.606716,11.350043,15.766971,17.942158,19.720814,20.258896,18.283619,17.292768,17.61249,19.051918,15.518288,18.205753,20.043295,15.396371,20.739363,16.907406,22.91062,22.040958,23.13703,26.995281,24.569391,29.291334,27.369774,28.877851,26.498161,26.374308,23.58921,19.30519,21.518896,15.79519,14.7106085,13.064545,12.543665,14.816677,12.947472,17.366995,19.680872,19.443092,18.747482,18.353474,19.502092,17.108854,20.970436,19.44581,24.939865,25.717484,27.761093,31.068308,31.90764,34.636055,31.059217,27.296831,23.757826,24.976883,19.564737,25.220116,20.551163,23.262768,24.77198,24.338184,23.563818,21.302736,15.89952,19.421572,16.135366,15.678947,15.492231,13.365825,11.117522,14.481645,12.441451,17.729061,16.169056,15.290187,12.035525,11.242552,6.7274604,5.913967,6.120809,5.8668194
10,30.269629,27.362562,24.863512,21.583569,19.562717,17.588648,14.886909,11.105095,7.1232257,6.028562,0.0,4.411918,6.837967,5.4929132,8.782015,7.1921477,10.940196,12.191486,18.18363,19.418571,22.494635,24.913376,27.233383,24.164143,22.07731,20.63387,15.67059,14.653948,10.094971,13.109952,7.4878592,12.424568,12.622732,13.635261,16.758055,19.725456,21.304203,20.77548,19.114395,17.823118,16.487772,17.820492,12.786016,14.834753,17.134869,11.346018,16.8091,12.744496,18.334002,17.831785,18.09665,22.603292,20.416805,24.686003,23.727077,25.648037,23.80955,24.210583,22.197916,17.65027,21.75357,15.774371,16.851517,16.147392,16.999372,19.464916,18.470861,23.01775,24.753475,23.993088,22.730381,21.483744,21.84392,18.357014,21.657473,18.91689,24.358215,23.427155,25.875502,28.654783,29.278284,31.146473,27.191334,23.933865,20.638308,22.704775,17.574942,24.398443,20.929693,24.09404,26.260977,26.591015,26.531403,25.254812,19.299206,23.491272,21.02313,20.06428,18.716711,15.853319,12.508117,14.700691,10.683641,15.002885,12.868099,13.113242,9.574235,11.341447,7.3079357,9.337336,10.8995905,11.818367
11,34.382492,31.61053,28.906462,25.83066,23.855366,21.500376,19.139967,14.467519,11.146051,8.703035,4.411918,0.0,6.6136713,6.495596,11.196106,11.096617,14.972793,16.563778,22.336557,23.795198,26.719574,29.244429,31.444191,28.292517,26.297874,24.667948,19.898071,18.754469,14.173589,16.930584,10.302006,15.247407,13.155164,14.54728,17.226246,19.908318,22.28354,21.683233,20.95014,20.224815,18.009872,20.36221,14.942386,17.192425,20.172361,14.214993,19.643116,15.491417,20.52415,20.091864,19.364033,24.191992,21.530775,25.36073,24.87971,27.313429,25.635916,26.697,24.995028,20.688631,25.104313,19.521862,20.455338,20.01418,20.321411,23.233433,21.650045,26.050886,28.269577,27.796423,26.564022,25.653639,25.93307,22.604103,25.716616,22.871115,28.201483,26.591812,29.439882,31.770235,32.549686,33.775192,29.746607,26.941694,23.824118,26.3311,21.32677,28.474047,25.25051,28.35363,30.581135,30.877743,30.726046,29.175867,23.176678,26.92968,24.015207,22.535315,21.810694,18.049051,15.707967,16.909307,13.371042,16.739574,13.835464,13.83058,10.649364,12.283106,10.038719,11.193882,13.864865,13.914935
12,31.743824,29.12675,25.68469,23.58727,21.525274,18.153177,16.995043,10.29943,9.250516,5.647419,6.837967,6.6136713,0.0,3.892251,6.2956753,9.068097,12.843427,15.405231,20.796427,23.037502,26.22914,28.308887,31.046507,28.695435,26.789196,25.507809,20.506247,18.73703,14.593458,15.512372,10.03796,11.536692,10.717506,8.982362,12.760841,14.748593,17.557726,17.933168,17.26959,17.154312,16.187504,19.233868,15.251852,18.600266,21.607481,16.907984,22.889826,19.457603,24.8834,24.652582,24.79823,29.408852,26.950348,31.192104,30.09666,32.111614,30.03582,30.450182,28.064713,23.6809,26.692335,20.890434,20.262976,18.708132,17.900904,19.672552,17.158281,21.208082,24.364538,24.43653,24.179873,23.788128,25.09958,22.452908,26.305761,24.342138,29.879642,29.84307,32.01279,35.1241,35.626762,37.844482,33.773186,30.334848,27.075949,28.666943,23.614574,29.707472,25.428059,28.482525,30.074242,29.757141,29.014233,26.671017,21.501085,24.8262,21.096302,20.414228,20.8587,17.990843,16.28414,18.834385,16.376274,20.994144,18.642294,17.908386,14.620031,14.281111,11.026369,9.967062,11.420072,9.440582
13,29.518585,27.14813,23.878668,21.494482,19.886705,16.39249,15.804009,10.004856,8.261964,6.4169855,5.4929132,6.495596,3.892251,0.0,5.46561,6.867985,10.498993,13.36134,18.145836,20.745497,23.46654,25.855522,28.26373,25.834381,24.218027,22.5679,17.917732,15.741292,11.60199,12.452288,6.2777276,9.086995,7.915523,8.413206,11.387637,14.261037,16.138569,15.833036,14.775806,14.248129,12.851106,15.612162,11.37031,14.739054,17.904453,13.508322,19.671532,16.971985,22.007801,22.36437,22.59901,27.45811,25.700224,29.770294,29.132189,31.006947,29.212431,29.385855,27.224792,22.586222,26.150982,19.920303,20.23214,18.567303,18.675385,19.598267,17.849508,22.097507,24.821636,24.46366,24.2406,23.11714,24.444885,21.17721,25.074537,22.702276,28.225319,27.96146,29.763985,33.04607,33.008434,35.29817,30.913963,27.44755,24.406353,25.894434,21.286852,27.336866,23.440392,26.890654,28.623577,28.66389,28.292356,26.586344,21.410759,25.468163,22.342617,22.093285,21.666039,19.35897,16.484066,19.395245,15.87177,20.463684,18.337961,18.355286,14.849086,15.658605,11.490447,11.771381,12.488503,11.409138
14,25.63008,23.169071,19.50894,17.79028,15.979403,12.017685,12.164695,5.2247305,6.2207317,5.452833,8.782015,11.196106,6.2956753,5.46561,0.0,5.042588,7.6505466,10.89919,15.361242,18.177376,21.265894,23.075527,26.00848,24.277473,22.612087,21.545311,16.771486,14.51784,11.293065,10.57165,7.891803,5.9849634,9.596629,6.473507,10.834726,13.126206,14.371452,15.048325,13.017988,12.393038,13.240226,15.25634,12.884663,16.347595,18.640799,15.455444,21.275463,18.948832,24.31339,24.462955,25.64048,29.93387,28.331627,32.815643,31.45472,32.82345,30.693768,30.206114,27.50325,22.980597,25.203766,19.057495,18.217062,15.675345,15.265017,14.883346,12.895517,16.969538,19.953676,19.801205,20.275263,19.409449,21.507206,18.89533,23.23274,21.74278,27.208443,28.398447,29.604614,33.46598,33.368362,36.54752,32.439705,28.459793,25.273432,25.895948,21.277687,26.134695,21.39832,24.614172,25.781502,25.339994,24.558083,22.430622,18.058306,21.90698,18.62731,19.315052,19.293537,18.25863,15.561819,19.51354,16.87096,22.196123,20.747965,20.36867,16.956871,16.67847,11.857021,11.147946,9.994765,8.207512
15,23.428478,20.67138,17.809942,14.945058,13.144001,10.438399,9.144789,5.6586084,3.2690945,5.96825,7.1921477,11.096617,9.068097,6.867985,5.042588,0.0,4.0030723,6.560259,11.889859,14.047644,17.179695,19.266413,21.99447,19.78623,17.972033,16.829477,11.899657,9.963612,6.426293,7.0959854,5.5231566,6.5561576,11.278637,10.811289,14.207464,17.173365,17.423912,17.311197,14.384349,12.567747,13.340353,13.568649,10.694358,13.17875,14.637465,11.221058,16.623402,14.367993,19.766203,19.861605,21.508432,25.522005,24.389896,28.891163,27.529655,28.613846,26.632524,25.846762,23.291437,18.639845,21.31209,14.866105,15.212598,12.998967,14.115064,13.958381,13.557184,18.001896,19.638275,18.6989,18.418995,16.668217,18.207678,14.821994,19.009113,17.06537,22.531488,23.52987,24.613657,28.509346,28.326262,31.578236,27.555693,23.49721,20.27562,20.879072,16.263454,21.315365,16.920906,20.376314,21.918655,21.973383,21.746552,20.55595,15.626166,20.3626,18.194534,18.872906,17.40358,16.81995,12.750806,16.906912,13.376004,18.641413,17.718138,17.967485,14.574497,15.346071,9.826208,10.979042,9.438476,10.119894
16,19.449385,16.779922,14.019152,11.046341,9.661957,6.910435,6.881046,6.4097986,5.8258195,9.505036,10.940196,14.972793,12.843427,10.498993,7.6505466,4.0030723,0.0,4.071446,7.9956737,10.698108,13.638626,15.589814,18.408133,16.664646,15.115252,14.135674,9.659322,7.250966,5.5629754,4.0762997,7.3392982,6.1012244,12.9107685,12.451824,15.321566,18.258339,17.431282,17.298174,13.525234,11.08783,13.162454,11.947486,10.749975,12.70866,13.164161,11.519198,16.123562,15.053768,19.929302,20.34949,22.65341,26.270803,25.83628,30.297522,28.867897,29.478674,27.575245,26.175152,23.551538,19.011488,21.088694,14.708664,15.207479,12.487016,14.254071,12.307064,12.987902,17.109203,18.13524,16.807817,16.960173,14.537963,16.566784,13.093047,17.480877,15.8884325,21.058954,22.926706,23.157022,27.558346,26.846455,30.76451,26.78861,22.424692,19.408396,19.15292,15.196453,18.963596,14.382794,18.035275,19.27785,19.400768,19.340786,18.694447,14.575412,19.695072,18.250246,19.776508,17.839872,18.530956,14.041229,18.672583,15.214626,20.401937,20.105082,20.604752,17.408438,18.243076,12.607415,13.889512,11.295081,12.317445
17,18.679073,15.378719,13.645253,9.6824465,7.673643,7.768019,4.472447,8.263907,6.6649513,11.013599,12.191486,16.563778,15.405231,13.36134,10.89919,6.560259,4.071446,0.0,7.1667323,7.6719093,11.463627,13.157066,16.174223,14.082148,11.934796,11.608523,6.5651994,5.8840427,5.3133397,6.06055,10.0949745,10.154766,16.69525,16.329428,19.38157,22.282175,21.423016,21.25972,17.31415,14.608243,16.688215,14.519403,13.227392,14.072195,13.272057,11.540125,14.841432,13.435642,18.436352,18.238544,21.192549,24.049702,23.721104,28.326252,26.416428,26.625996,24.632101,22.83361,20.080378,15.7394085,17.35883,11.121576,12.079523,9.651247,12.569562,11.186242,13.091631,17.161777,16.968279,15.089857,14.415981,11.459538,12.915402,9.084059,13.421063,11.966085,17.079775,19.467958,19.61612,24.086426,23.72214,27.904768,24.439976,19.94484,16.721882,16.214596,11.94023,15.399449,10.545295,14.08198,15.532385,15.868263,16.12996,16.123846,11.674881,17.21302,16.756023,18.272312,15.370775,16.768446,11.7518215,16.456898,13.208499,18.201046,18.591942,19.206514,16.401466,17.355688,11.913716,13.883932,10.984656,13.414287
18,12.49052,10.230713,9.01728,4.950217,6.4347916,6.53861,8.778756,13.239313,13.224598,17.318027,18.18363,22.336557,20.796427,18.145836,15.361242,11.889859,7.9956737,7.1667323,0.0,5.4128933,6.377564,8.261544,10.832001,10.246405,9.817393,9.184533,7.703392,5.473164,8.992651,6.096526,13.426117,11.658726,18.560682,18.91762,20.634405,23.501022,21.086378,20.577284,15.981932,12.775677,16.058353,11.989312,13.710892,13.810126,11.777219,13.851905,15.835141,17.211012,20.376413,21.433512,24.706257,27.37616,28.38645,32.46487,31.147879,30.878567,29.355856,26.934784,24.567053,20.582863,21.849,16.336967,17.755589,15.075933,18.06096,13.95167,16.714111,19.732542,19.083996,16.874596,17.43129,13.585624,15.825339,12.315123,16.041553,15.000677,18.78756,21.90441,20.270937,25.403116,23.452578,28.488544,24.76479,20.122314,17.92367,15.85192,14.171722,14.54666,10.690153,14.577135,15.263913,16.022474,16.831064,18.090425,15.924608,21.29908,21.61806,24.102633,21.1672,23.547354,18.558794,23.2057,19.75445,24.168404,24.87408,25.956646,23.201809,24.502724,19.050089,20.86492,17.639282,19.312496
19,13.567992,10.134079,10.908954,5.914106,5.9279103,9.836046,8.260921,15.097596,14.281248,18.632427,19.418571,23.795198,23.037502,20.745497,18.177376,14.047644,10.698108,7.6719093,5.4128933,0.0,4.842724,5.708639,8.936956,7.5901313,5.6928205,6.9937096,5.5871053,6.8163795,10.382522,10.037522,16.375578,15.864234,22.714447,22.846561,25.196455,28.067776,26.103285,25.707659,21.194378,18.015903,20.859793,16.770082,17.38723,16.737988,13.779627,14.977198,15.414949,16.13103,19.32767,19.43552,23.380533,24.967087,25.996647,30.179996,28.215687,27.427425,25.801508,22.890858,20.419876,17.00879,17.399136,12.763528,14.634903,12.65431,16.573402,13.509217,17.252302,20.171864,18.169147,15.394424,14.789061,10.365808,11.571307,7.9461894,11.008762,10.508874,13.697281,17.81052,15.936976,21.15981,19.823633,25.233927,22.401466,17.683805,15.251208,12.711909,10.8878765,9.914305,5.3680377,9.186541,10.150155,11.436184,12.922573,15.291933,13.0825205,18.523483,20.052788,22.367744,18.519402,21.5839,16.494638,20.806845,17.924093,21.79165,23.241934,24.344118,22.145311,23.43032,18.513472,20.7805,17.508883,20.30239
20,11.949438,9.906067,11.659787,7.404317,9.516387,12.364209,12.774546,18.883448,18.080452,22.396648,22.494635,26.719574,26.22914,23.46654,21.265894,17.179695,13.638626,11.463627,6.377564,4.842724,0.0,3.6856055,4.8197465,4.257175,5.120874,5.3710456,7.857072,8.09544,12.59994,11.549975,18.258026,17.848843,24.078978,25.154015,26.67925,29.696318,27.050936,26.190716,21.625092,18.281336,21.01143,15.995708,17.704172,16.295038,12.547097,15.820721,15.189151,17.725872,19.441431,20.51613,24.414076,25.960331,27.967363,31.602554,30.330095,29.366693,28.246273,25.193039,23.301296,20.054142,21.025772,16.709688,19.29786,17.490131,21.384907,17.774471,21.458485,24.13365,22.18989,19.409966,19.219927,14.722008,15.828839,12.306375,14.421399,13.475417,15.562106,19.083557,16.115366,21.455982,18.76895,24.446161,21.329912,16.758852,15.321083,11.940598,12.468578,9.799403,8.119552,11.687243,12.464134,14.350824,16.318903,19.337822,17.82161,23.119053,24.793785,27.207285,23.308857,26.264168,20.981083,25.059967,21.618301,24.990692,26.461308,28.017168,25.784115,27.615427,22.612099,25.111607,22.011257,24.524725
21,9.891743,7.34595,10.371847,6.803788,8.985431,12.933311,13.240877,20.0181,19.783195,24.104408,24.913376,29.244429,28.308887,25.855522,23.075527,19.266413,15.589814,13.157066,8.261544,5.708639,3.6856055,0.0,4.228584,6.0697317,6.493849,8.368552,10.357832,11.124887,15.39949,14.112367,21.081839,19.86325,26.7437,27.031174,28.829119,31.561472,28.863842,28.38435,23.706137,20.503857,23.821072,18.968683,20.975874,19.857473,16.224047,19.196997,18.542503,20.59581,22.555073,23.15816,27.292347,28.368313,30.189535,33.972137,32.207092,30.958582,29.63949,26.273499,24.119785,21.342924,21.099754,17.575005,19.387533,17.459576,21.202238,17.035099,21.165005,23.252699,20.679012,17.773342,17.81203,13.3571005,14.70267,12.266018,14.031364,14.276337,15.619779,20.383402,17.09955,22.484331,20.139065,26.195314,23.732805,19.22354,17.76862,14.060946,14.540218,10.318365,8.139358,10.529705,10.329397,11.958868,13.95279,17.42336,17.110718,21.91686,24.110046,26.927095,23.095804,26.780626,21.894924,26.0633,23.347408,26.780645,28.503225,29.772387,27.71282,29.0509,24.210356,26.369667,22.893818,25.44752
22,11.391271,10.342324,13.629144,10.505105,13.040773,16.357613,16.997803,23.468008,22.82484,27.158398,27.233383,31.444191,31.046507,28.26373,26.00848,21.99447,18.408133,16.174223,10.832001,8.936956,4.8197465,4.228584,0.0,4.58237,7.0902553,8.1197405,12.119818,12.781233,17.30534,16.211266,22.939241,22.370844,28.527277,29.685066,30.973368,33.905033,30.89957,29.982836,25.399738,22.104528,24.954002,19.585304,21.873901,20.047224,15.874503,19.90056,18.177618,21.360767,22.1089,23.284256,27.367296,28.22059,30.818823,34.09388,32.87327,31.456936,30.593111,27.155169,25.558455,22.963667,23.360895,20.067507,22.724619,21.15763,25.127508,21.21448,25.251892,27.426912,24.897648,21.977966,21.865366,17.358938,18.191196,15.407283,16.456764,16.082798,16.612766,20.562523,16.544115,21.784986,18.4236,24.53406,22.035202,17.846134,17.253729,13.089963,15.32023,10.191755,10.495403,12.794543,12.957029,15.180355,17.582876,21.44147,20.98428,25.849844,28.179068,30.804955,26.713129,30.14029,24.979033,28.830647,25.634544,28.518856,30.329124,32.00956,30.019701,31.902548,27.09963,29.64158,26.439438,29.0512
23,15.12595,13.297426,15.729655,11.485875,13.121185,16.383478,15.728597,22.061903,20.521269,24.825998,24.164143,28.292517,28.695435,25.834381,24.277473,19.78623,16.664646,14.082148,10.246405,7.5901313,4.257175,6.0697317,4.58237,0.0,3.5491543,3.883849,8.714448,10.125754,14.371185,14.52381,20.411272,21.195133,26.74262,28.46316,29.924337,33.15454,30.615335,29.451126,25.033882,21.623466,23.659025,18.45042,19.53539,17.291492,12.880878,16.237751,13.916711,17.037493,17.638208,18.716436,22.82336,23.662077,26.332289,29.537539,28.481213,27.181108,26.450853,23.199726,21.853607,19.073166,20.42173,16.837084,20.426111,19.382809,23.719814,21.015533,24.837921,27.642221,25.304016,22.352968,21.469757,16.891378,16.956375,13.239667,14.088092,12.645279,13.566732,16.476017,12.801092,18.053581,14.822963,20.675867,17.895403,13.511932,12.697372,8.668375,11.003297,6.87215,8.140521,11.248882,12.617124,15.293431,17.886007,21.579283,19.774055,25.027308,27.214525,29.233253,24.78798,27.589626,22.129543,25.596287,21.9772,24.467447,26.29994,28.238668,26.358242,28.697649,24.08941,27.109488,24.383356,27.366974
24,16.28811,13.521549,15.626393,10.907189,11.500159,15.362462,13.317772,20.02777,18.22635,22.528494,22.07731,26.297874,26.789196,24.218027,22.612087,17.972033,15.115252,11.934796,9.817393,5.6928205,5.120874,6.493849,7.0902553,3.5491543,0.0,3.7103405,6.4241395,9.066355,12.802448,13.755612,19.270374,20.316265,26.136314,27.388498,29.390226,32.582027,30.514326,29.595942,25.19911,21.837248,23.85062,19.143612,19.382683,17.478046,13.430992,15.281938,13.338861,15.152002,16.733559,16.960688,21.281174,21.951591,24.025694,27.618347,26.012033,24.724207,23.671188,20.38963,18.703842,15.895454,16.950684,13.375993,16.98391,16.194733,20.691948,18.712435,22.571772,25.532213,23.03297,20.049654,18.648193,14.131112,13.74861,9.830714,10.64579,9.2102995,10.651715,14.135554,11.11884,16.485046,14.421985,20.164793,17.713018,13.122556,11.38483,7.816983,8.400328,4.8497868,4.7495356,8.258816,10.17487,12.864718,15.433666,18.987581,16.65791,21.93744,24.22473,26.019705,21.408342,24.23153,18.835997,22.231266,18.930851,21.496218,23.478027,25.221594,23.484373,25.615332,21.213552,24.263659,21.57779,24.892784
25,17.304781,15.134149,16.540976,11.819649,12.789294,15.369663,14.117684,19.783777,17.640945,21.83285,20.63387,24.667948,25.507809,22.5679,21.545311,16.829477,14.135674,11.608523,9.184533,6.9937096,5.3710456,8.368552,8.1197405,3.883849,3.7103405,0.0,5.5847096,7.144605,10.985051,12.024519,17.109905,18.84224,23.832655,25.939362,27.477133,30.884964,28.73156,27.422537,23.205355,19.797993,21.2115,16.350693,16.44993,14.130537,9.856383,12.441109,10.355194,13.283585,14.282611,15.439842,19.379236,20.777294,23.205933,26.5327,25.676012,24.770227,24.01758,21.183146,19.87228,16.533432,18.949802,14.546183,18.63863,17.755997,22.116142,20.19775,23.574022,26.88036,25.047764,22.249136,21.072454,16.638016,16.518663,12.01864,13.368394,10.851757,13.034481,14.729329,12.109885,17.181435,14.408462,19.586742,16.155668,11.51866,10.045074,6.9702826,8.080827,7.2577324,7.7497396,11.707767,13.789664,16.306946,18.633488,21.693213,18.757563,24.318232,25.984707,27.55892,23.137327,25.228325,19.551682,22.895754,18.768028,21.304882,22.878298,24.95011,22.944206,25.59209,20.96268,24.23428,21.90625,24.931398
26,18.609129,15.569565,15.70687,10.753333,10.164817,12.342888,9.516684,14.792927,12.26058,16.45912,15.67059,19.898071,20.506247,17.917732,16.771486,11.899657,9.659322,6.5651994,7.703392,5.5871053,7.857072,10.357832,12.119818,8.714448,6.4241395,5.5847096,0.0,4.1354003,6.5736194,8.853331,13.206346,15.174166,20.514147,21.861502,24.13198,27.4439,26.027332,25.119352,21.043453,17.840206,19.226822,15.498479,14.322664,13.125051,10.303575,9.980646,10.30553,10.570577,14.021899,14.160786,17.892357,19.938725,20.98408,25.066225,23.59028,23.205635,21.824112,19.453388,17.43638,13.377686,15.91668,10.315505,13.981608,12.944133,17.143335,16.127028,19.018116,22.7528,21.399435,18.866734,17.411102,13.421066,13.409701,8.436601,11.138233,8.369909,12.684588,14.471944,13.718818,18.445272,17.349602,21.82516,18.426882,13.780955,10.866106,9.7134905,6.545443,9.610216,6.764433,11.061712,13.376408,15.114382,16.714413,18.634108,14.540714,20.27841,21.274523,22.525919,18.358221,20.0035,14.305704,18.00443,13.940362,17.404613,18.646685,20.275549,18.028929,20.285526,15.479743,18.65262,16.39025,19.54226
27,17.617384,15.218903,14.402994,9.941769,10.059505,10.263466,9.689741,13.362097,11.370584,15.441433,14.653948,18.754469,18.73703,15.741292,14.51784,9.963612,7.250966,5.8840427,5.473164,6.8163795,8.09544,11.124887,12.781233,10.125754,9.066355,7.144605,4.1354003,0.0,4.586545,5.112905,10.395225,11.840305,17.074387,18.821785,20.582159,23.970808,22.243994,21.15913,17.06616,13.810706,15.24154,11.421333,10.799409,10.088779,7.9234962,8.632349,10.68875,11.847776,15.113082,16.253872,19.300196,22.291483,23.354666,27.282942,26.377346,26.393486,25.11044,23.111166,21.163279,16.816765,19.6555,13.6173935,16.513638,14.752639,18.258604,16.293034,18.600245,22.389277,21.88975,19.668169,19.078978,15.283225,16.25853,11.610456,14.956411,12.427431,16.800945,18.20821,17.395023,22.07181,20.358055,24.615387,20.521088,16.002642,13.518901,12.531821,10.1371565,13.084485,10.221285,14.59619,16.417957,17.78184,18.98293,20.31604,16.486158,22.218002,22.417002,23.912819,20.460142,21.741463,16.203651,20.24576,15.843722,19.795357,20.365625,21.934034,19.199306,21.409208,16.112396,18.866821,16.576328,18.84788
28,21.479794,18.864735,17.287573,13.194169,12.29569,11.40717,9.7709255,11.081817,7.9612145,11.591839,10.094971,14.173589,14.593458,11.60199,11.293065,6.426293,5.5629754,5.3133397,8.992651,10.382522,12.59994,15.39949,17.30534,14.371185,12.802448,10.985051,6.5736194,4.586545,0.0,5.1593323,6.6581326,10.070681,14.219125,16.108881,18.278538,21.764572,20.93516,19.89712,16.396248,13.581469,13.961487,11.78685,8.956846,9.254356,9.075446,6.3286,10.643422,9.820182,14.374007,15.100591,17.401623,21.12052,21.279612,25.414755,24.552801,25.177711,23.723635,22.447811,20.450167,15.722954,19.347383,12.80402,15.481109,13.971402,16.92415,16.376154,17.67908,21.950476,22.20346,20.399233,19.513336,16.45179,17.196558,12.600632,16.155052,13.22926,18.345137,18.74081,19.210482,23.268454,22.366564,25.754137,21.52319,17.346535,14.390887,14.797451,10.948899,16.074549,12.921502,16.984919,19.071066,20.09642,20.868883,21.289911,16.4138,21.965036,21.313005,22.106535,19.07906,19.184032,13.798463,17.596527,12.820532,17.134266,17.029001,18.44409,15.410775,17.741547,12.402459,15.280314,13.749643,15.868933
29,17.960632,15.982213,13.603463,10.438776,10.458397,7.746193,9.554047,10.323411,9.528404,13.039103,13.109952,16.930584,15.512372,12.452288,10.57165,7.0959854,4.0762997,6.06055,6.096526,10.037522,11.549975,14.112367,16.211266,14.52381,13.755612,12.024519,8.853331,5.112905,5.1593323,0.0,7.425456,6.8370605,12.751799,14.008162,15.638235,18.9264,17.194456,16.338728,12.244308,9.174651,11.148024,8.486088,8.3698635,9.722335,9.800464,10.022903,14.204483,14.778475,18.565023,19.895672,22.218397,25.975874,26.414196,30.464165,29.66116,30.13776,28.644928,27.067007,24.856892,20.283983,22.927792,16.547543,18.106424,15.601633,17.943886,15.294024,16.511492,20.312237,21.02704,19.407194,19.718493,16.621393,18.558609,14.5633545,18.620274,16.570875,21.3499,22.854654,22.428009,27.004692,25.413097,29.4276,25.048218,20.704762,18.210545,17.593409,14.797383,18.01019,14.341759,18.469831,19.79868,20.446243,20.90612,21.107033,17.463118,22.85589,21.93372,23.616615,21.250765,22.110123,17.177965,21.587297,17.439026,22.107342,21.943724,23.025728,19.848005,21.441608,15.831752,17.640045,15.287595,16.310635
30,25.326908,23.277264,20.571712,17.604183,16.797106,13.671794,13.797473,10.820049,8.402176,9.749913,7.4878592,10.302006,10.03796,6.2777276,7.891803,5.5231566,7.3392982,10.0949745,13.426117,16.375578,18.258026,21.081839,22.939241,20.411272,19.270374,17.109905,13.206346,10.395225,6.6581326,7.425456,0.0,7.219311,7.903615,11.0680895,12.674986,16.359447,16.315414,15.05595,12.736741,10.942017,9.540465,10.34674,5.7921486,8.788047,11.689821,8.273467,14.456979,13.374371,17.644447,18.907286,19.73487,24.57013,24.104181,27.947365,27.757442,29.153763,27.75598,27.316008,25.449646,20.616325,24.644995,18.051882,19.75244,17.990173,19.534939,19.166245,18.863176,23.174608,24.919712,23.844046,23.595545,21.338093,22.610065,18.518852,22.326494,19.484652,24.768656,24.452456,25.449903,29.100094,28.17913,30.826471,26.09962,22.446924,19.769655,20.82058,17.10198,22.682066,19.460676,23.429846,25.31448,25.930855,26.184664,25.604136,20.678938,25.675728,23.68427,24.115934,22.38843,21.229103,16.850489,20.266636,15.590127,19.977406,18.624805,19.666954,16.186604,18.243187,13.178793,15.012756,14.529472,14.851827
31,21.380043,19.711094,15.928893,14.560194,13.996822,9.000479,12.109338,7.979472,9.315261,10.799321,12.424568,15.247407,11.536692,9.086995,5.9849634,6.5561576,6.1012244,10.154766,11.658726,15.864234,17.848843,19.86325,22.370844,21.195133,20.316265,18.84224,15.174166,11.840305,10.070681,6.8370605,7.219311,0.0,8.2873,7.340366,9.424983,12.355983,11.375884,11.410113,8.049672,6.640106,8.892798,10.002522,9.719107,13.224356,15.283097,14.294674,19.781359,19.303635,23.685402,24.824759,26.3698,30.727129,30.248466,34.442772,33.591618,34.600212,32.819347,31.792362,29.30172,24.6488,27.01031,20.602896,20.63813,17.687693,18.27612,15.636009,14.868125,18.47902,20.960138,20.340267,21.476473,19.611826,22.201096,19.099525,23.548212,21.94106,27.092186,28.596834,28.78506,33.152344,31.996311,35.672367,31.17814,27.025108,24.347546,24.218904,20.76054,24.509947,20.169437,23.886553,24.849941,24.739954,24.352762,23.100765,19.63608,24.149332,21.73372,23.331625,22.548216,22.629854,18.935673,23.3376,19.897034,25.065825,24.072554,24.408142,20.949461,21.529547,16.166704,16.405386,14.402384,13.3530655
32,28.643703,27.452217,23.835478,22.29157,21.95202,17.219088,19.537397,14.326751,14.086287,13.606716,12.622732,13.155164,10.717506,7.915523,9.596629,11.278637,12.9107685,16.69525,18.560682,22.714447,24.078978,26.7437,28.527277,26.74262,26.136314,23.832655,20.514147,17.074387,14.219125,12.751799,7.903615,8.2873,0.0,7.1774087,5.90353,9.748232,10.306304,8.724583,8.863799,9.38011,6.277896,11.2072,8.731369,12.931228,17.013775,15.166356,21.245165,20.83637,24.383114,26.204084,26.302408,31.610518,31.02328,34.514584,34.813404,36.551086,35.20607,35.05923,33.183098,28.36733,32.17122,25.614603,26.436922,24.181414,24.60082,23.387714,21.901186,25.596088,28.646824,28.238016,28.972086,27.23221,29.245485,25.633978,29.74812,27.23103,32.512035,32.310265,33.14037,36.850216,35.5393,38.0615,32.97445,29.557869,27.249311,28.146091,24.900637,29.993626,26.581106,30.56667,32.04878,32.29988,32.132576,30.87287,26.64317,31.0796,28.154451,28.784138,28.28452,26.813042,23.414787,26.778406,22.653238,27.028515,25.088001,25.70722,22.180683,23.50274,19.003662,19.38801,19.199884,17.544659
33,27.749012,26.180748,21.922972,21.320892,20.29294,15.144568,17.582008,10.702088,12.6540165,11.350043,13.635261,14.54728,8.982362,8.413206,6.473507,10.811289,12.451824,16.329428,18.91762,22.846561,25.154015,27.031174,29.685066,28.46316,27.388498,25.939362,21.861502,18.821785,16.108881,14.008162,11.0680895,7.340366,7.1774087,0.0,5.0167212,6.6679125,8.816939,10.105535,9.792829,10.957171,11.3856125,15.340938,14.130953,18.293415,21.449041,19.323368,25.419168,24.01085,28.693165,29.587738,30.296057,35.095535,33.748264,37.897003,37.1197,38.691185,36.751003,36.393387,33.841938,29.23531,31.640371,25.42716,24.565313,21.781168,20.929111,19.410305,16.838762,19.989296,23.905588,24.188444,25.53904,24.766651,27.373514,24.836735,29.290575,27.771717,33.169598,34.249985,35.145157,39.141556,38.466484,41.60762,37.04134,33.172764,30.345245,30.829733,26.822199,31.35084,26.791,30.224075,31.148129,30.62907,29.724096,27.422134,23.863464,27.384174,23.710453,24.685019,25.363253,24.272953,21.992828,25.782406,23.041883,28.151855,26.354975,26.035492,22.58625,22.31928,17.972486,16.779373,15.9722595,12.948328
34,28.861557,28.016863,23.767532,23.433985,23.14231,17.673754,21.18798,15.116125,16.658228,15.766971,16.758055,17.226246,12.760841,11.387637,10.834726,14.207464,15.321566,19.38157,20.634405,25.196455,26.67925,28.829119,30.973368,29.924337,29.390226,27.477133,24.13198,20.582159,18.278538,15.638235,12.674986,9.424983,5.90353,5.0167212,0.0,3.9625025,5.3351254,5.716983,7.4272957,9.749922,9.014186,14.09474,13.732567,17.957886,21.603292,20.45613,26.458185,26.028782,29.8919,31.527985,31.924788,37.06741,36.255665,40.00604,39.889732,41.529922,39.90614,39.568195,37.308857,32.566975,35.496265,29.070967,28.841417,26.05058,25.611652,23.48771,21.294996,24.21313,28.051453,28.186167,29.7575,28.549526,31.234674,28.308456,32.72952,30.876232,36.164536,36.866203,37.436035,41.480377,40.173805,43.183865,38.210697,34.529327,32.122177,32.538418,29.223627,33.582264,29.530905,33.287476,34.252537,34.000652,33.348545,31.46241,28.109625,31.940193,28.502367,29.61722,30.021053,28.96549,26.270044,30.007442,26.664604,31.49716,29.60614,29.70525,26.19009,26.540373,22.120623,21.411255,20.718298,17.935432
35,30.69806,29.98113,25.458242,25.756378,25.371813,19.74868,23.509174,17.002794,19.261293,17.942158,19.725456,19.908318,14.748593,14.261037,13.126206,17.173365,18.258339,22.282175,23.501022,28.067776,29.696318,31.561472,33.905033,33.15454,32.582027,30.884964,27.4439,23.970808,21.764572,18.9264,16.359447,12.355983,9.748232,6.6679125,3.9625025,0.0,5.0784245,7.304416,9.809254,12.639084,12.650793,17.593155,17.672628,21.887117,25.429451,24.30638,30.326725,29.696606,33.75829,35.230656,35.642117,40.74425,39.681416,43.53947,43.223618,44.898266,43.120174,42.801243,40.363354,35.697765,38.207417,31.936882,31.104883,28.150328,27.12127,24.80917,22.09043,24.435719,28.788465,29.329422,31.289469,30.52477,33.473137,30.98225,35.494713,33.97222,39.272564,40.31875,40.901608,45.01836,43.83301,46.971607,42.07316,38.32083,35.82886,36.140583,32.686905,36.838474,32.476402,36.04233,36.762962,36.21008,35.25138,32.91987,30.008114,33.333096,29.521772,30.746613,31.791773,30.776186,28.657675,32.408924,29.567604,34.535683,32.573658,32.34326,28.893717,28.687206,24.558268,23.206617,22.476212,19.058235
