,0,1,2,3,4,5,6,7,8,9,10,11,12,13,14,15,16,17,18,19,20,21,22,23,24,25,26,27,28,29,30,31,32,33,34,35,36,37,38,39,40,41,42,43,44,45,46,47,48,49,50,51,52,53,54,55,56,57,58,59,60,61,62,63,64,65,66,67,68,69,70,71,72,73,74,75,76,77,78,79,80,81,82,83,84,85,86,87,88,89,90,91,92,93,94,95,96,97,98,99,100,101,102,103,104,105,106,107
0,0.0,4.7229886,6.9101253,9.513044,12.85083,14.237698,17.946436,21.223202,23.685926,27.175743,31.733355,34.685337,32.759563,31.04769,26.354895,25.134933,21.15345,21.349724,17.63765,17.407436,16.081057,11.334005,14.966356,17.755003,17.609972,18.505526,21.208687,22.899609,22.624496,27.277336,27.731396,32.03478,37.241936,38.506542,41.25213,44.14135,46.309353,44.57282,41.217922,37.314514,38.310436,33.623234,33.415146,28.151709,27.92955,24.52484,25.228342,19.755096,21.945894,19.201775,22.103909,22.74363,24.881357,24.014954,28.85674,31.467209,29.777573,33.89325,35.34458,34.707455,32.316513,32.29066,31.219599,33.439426,35.8909,36.98951,35.54742,39.20602,36.265537,38.45426,35.238155,38.346523,35.190887,38.70821,37.073242,39.419807,40.607494,39.574703,43.61632,43.753384,39.633514,38.892433,35.00996,32.593777,32.423103,26.817417,27.610498,22.906082,23.814217,22.694227,23.573038,23.644896,25.455805,27.320618,24.127247,27.481216,25.589895,31.252256,29.884079,34.044117,33.963673,30.818201,32.08426,27.360577,30.735281,30.531935,30.698137,32.985657
1,4.7229886,0.0,5.248087,6.459549,9.175519,12.026983,14.365396,18.69936,20.599077,24.748104,29.173172,32.148636,30.856627,29.306156,24.879463,23.247562,19.718914,19.183325,15.933878,14.883301,14.956916,9.44215,13.732414,15.526573,14.711658,15.27373,17.297207,18.970776,18.644043,23.530111,24.011871,28.567453,33.7134,35.491375,37.84329,40.957726,43.070244,41.066765,37.95162,34.1012,34.515503,29.765015,29.507074,23.98143,23.693771,20.159924,20.82984,15.285934,17.32191,14.554067,17.456472,18.157127,20.493196,20.014874,24.637465,27.261684,25.703098,29.891853,31.733196,30.91113,28.486109,27.971394,26.808798,28.86208,31.258862,32.51128,31.31318,35.095974,32.54387,34.832474,31.953619,35.282604,32.24472,36.081203,34.50161,37.225796,38.349632,37.635624,41.71996,41.772053,37.40177,36.23777,32.519585,29.783588,29.707705,23.931267,24.599531,20.023378,20.705875,20.036955,21.019533,21.687847,23.100813,24.76701,22.122087,25.27862,23.646944,29.206377,27.608507,32.31042,32.52061,29.612394,30.639471,26.295351,28.785002,28.914082,28.502499,31.069647
2,6.9101253,5.248087,0.0,5.0725093,7.352567,8.15285,11.948048,14.7081,17.471989,20.551153,25.6533,28.19597,26.635775,25.308945,20.517563,19.636948,16.102427,16.506645,13.905913,14.090115,14.622542,10.441532,15.873477,17.898458,18.021217,17.134119,19.777292,20.245522,18.736488,24.084578,23.01444,28.20616,32.381706,34.182415,36.614616,39.432125,42.02039,40.210762,37.20397,33.56201,33.911144,29.6555,28.66664,23.513622,24.512056,20.697546,22.475645,16.770817,19.283077,16.481653,18.153282,17.753084,19.672668,17.773176,22.796825,25.330282,23.669422,27.633001,28.788269,28.619656,26.531488,26.772497,26.357555,28.93946,31.949133,33.62175,32.972897,36.375126,34.17516,35.844,33.196465,36.039524,32.483494,36.098587,33.904194,36.511467,37.07345,36.014713,39.870213,39.422092,34.86363,33.892254,30.2035,27.77614,28.256111,22.260145,24.278414,20.005754,21.736252,21.772928,23.576996,23.79847,24.51691,25.43186,22.509094,24.560589,22.26315,27.363277,25.121311,29.609167,30.140583,27.365974,28.909796,25.213175,27.991518,28.865778,28.873003,31.920784
3,9.513044,6.459549,5.0725093,0.0,3.743964,6.148843,8.652441,12.822747,14.469395,18.985552,22.842075,26.106224,24.752182,23.0678,18.94303,16.905615,13.583946,12.784128,9.981294,9.262365,10.616784,6.3925204,12.102999,13.546218,14.067848,12.362231,15.491248,15.477807,13.997459,19.150202,18.469004,23.31552,27.9336,29.578833,32.068237,34.98332,37.352734,35.535763,32.41181,28.683434,29.268267,24.887003,24.207357,19.17221,19.972517,16.37678,18.3565,12.795492,16.201057,14.41746,16.39386,15.00529,18.48047,16.506933,20.961758,23.19084,20.766466,24.868074,26.308273,25.311924,22.855167,23.29809,22.452211,25.211594,28.247068,29.495079,28.576376,31.7389,29.340862,30.875124,28.168068,30.96725,27.438345,31.11684,29.057882,31.785383,32.52416,31.705002,35.687134,35.50643,31.027332,29.89096,26.173857,23.530008,23.695024,17.785364,19.300543,14.975473,16.696592,16.936945,19.034845,19.269073,19.653397,20.430305,17.715973,19.831068,17.854124,23.126368,21.230324,26.01655,26.446165,23.724182,24.864708,21.157217,23.37306,24.242722,23.969881,27.101997
4,12.85083,9.175519,7.352567,3.743964,0.0,5.3135114,5.205282,10.41571,11.53714,16.439734,20.368677,23.435207,22.723946,21.36218,17.524702,15.3932085,12.880224,11.579561,10.12277,9.005402,12.151657,8.750336,14.172745,14.641088,14.82211,12.287146,14.640351,13.919359,11.676862,17.278532,15.785532,21.2451,25.2907,27.532196,29.598774,32.62362,35.126175,33.1094,30.310894,26.764019,26.648409,22.45055,21.348114,16.180004,17.613144,13.760231,16.308197,10.858312,14.216542,12.61837,13.743179,11.620672,15.246435,12.959728,17.273003,19.454037,17.080385,21.199596,22.80045,21.874613,19.523426,19.745113,19.169535,22.006123,25.266552,26.874886,26.484003,29.582289,27.782995,29.147043,26.93821,29.724009,26.168062,30.028347,27.810253,30.83701,31.274832,30.653513,34.533394,34.067017,29.293674,27.785965,24.30684,21.460363,22.000078,15.88433,17.895136,14.0848,15.962944,17.022736,19.407207,20.029999,19.752367,19.971962,17.873507,19.17944,17.289536,22.038996,19.624853,24.829638,25.693974,23.350552,24.421824,21.493912,22.836075,24.309668,23.632257,27.121449
5,14.237698,12.026983,8.15285,6.148843,5.3135114,0.0,6.206627,7.1292033,9.873985,13.202758,17.581593,20.488636,18.837492,17.363695,12.949426,11.587848,8.536141,8.958506,8.063253,9.40609,11.759535,10.512704,16.06222,17.374647,18.758396,15.634878,19.046085,17.490599,14.529773,19.77138,16.872639,22.351843,25.454224,27.09641,29.632595,32.112175,35.067657,33.53161,30.616041,27.27279,27.759825,24.22293,22.572498,18.417969,20.958086,17.358076,20.636564,15.570797,19.236044,17.773272,18.263964,15.323712,18.45163,14.575111,19.019434,20.852861,18.0162,21.670258,22.120852,21.807617,19.802853,21.497252,21.651415,25.069984,28.7979,30.438288,30.206041,32.719833,30.847834,31.495821,29.21799,31.274092,27.18121,30.472343,27.637165,30.203747,30.145008,28.946833,32.573433,31.72176,26.98137,26.042158,22.430569,20.224388,21.20186,15.182092,18.66915,15.242765,18.263733,19.492294,22.427412,22.187468,21.576649,21.225471,18.477812,18.733036,15.9473915,20.230005,17.371262,21.930817,22.89578,20.52228,22.27344,19.818224,22.032757,24.012707,24.194162,27.883617
6,17.946436,14.365396,11.948048,8.652441,5.205282,6.206627,0.0,6.8179355,6.6274557,12.238154,15.705678,18.703135,18.651062,17.596493,14.471001,12.101904,11.023758,9.172464,10.029851,9.209373,13.838435,12.321277,17.16903,16.8978,17.445961,13.688912,15.678386,13.422191,9.783105,15.392365,11.99593,18.1741,21.013504,23.734417,25.449514,28.385578,31.196077,29.152836,26.709126,23.51527,22.82238,19.244123,17.337662,12.697257,15.694438,11.93808,15.709985,11.29188,14.763627,14.077048,13.743272,9.678792,13.737636,10.061812,13.693661,15.374261,12.35086,16.325287,17.699594,16.780392,14.583758,15.447997,15.550773,18.920675,22.742336,24.649063,24.94608,27.478876,26.371592,27.052477,25.4722,27.796053,24.004969,27.780052,25.140125,28.342493,28.217072,27.694912,31.325802,30.421206,25.349255,23.526377,20.357233,17.459995,18.62639,12.454212,15.685984,13.022723,15.571546,17.733036,20.691854,21.295559,20.000927,19.193546,17.732346,17.471085,15.52447,19.201424,16.061682,21.565437,22.996294,21.233112,22.306393,20.664196,21.019135,23.437727,22.574184,26.532251
7,21.223202,18.69936,14.7081,12.822747,10.41571,7.1292033,6.8179355,0.0,4.634885,6.1693754,11.319979,13.5119095,12.610826,11.977894,8.184699,7.651353,7.628722,8.343667,11.049339,12.681047,16.368238,16.590523,21.570276,22.042658,23.499485,19.405083,22.14926,19.297188,15.190926,20.008389,14.778857,20.811935,21.68114,23.906244,25.894245,28.017155,31.543055,30.08177,27.803246,25.148035,24.801815,22.440653,19.609682,16.686293,20.985386,17.690332,21.964054,18.006496,21.39539,20.537893,19.462303,15.108466,17.698122,12.244249,15.664723,16.721237,13.551951,16.369167,15.771409,16.290178,15.053259,17.871843,19.268621,23.104069,27.383429,29.515326,30.25594,32.06616,31.192049,30.980703,29.590998,30.985441,26.658195,29.668858,26.212774,28.862797,27.838137,26.633633,29.712204,27.984032,22.783646,21.566963,18.546614,16.66265,18.809078,13.180685,18.46179,16.690933,20.279112,22.623066,26.037714,25.874046,24.194979,22.678017,20.75263,18.943598,16.037071,18.32965,14.150769,18.71498,20.684048,19.301172,21.268602,20.86544,21.858963,25.10435,25.149971,29.336246
8,23.685926,20.599077,17.471989,14.469395,11.53714,9.873985,6.6274557,4.634885,0.0,7.051785,9.124968,12.28917,12.577871,11.81079,10.027887,7.612853,9.122514,7.613879,11.32327,11.874372,16.52267,17.163832,21.420738,21.0393,22.435625,17.849752,20.133396,16.579573,12.162732,16.405813,10.479353,16.61957,17.163279,19.817646,21.474531,23.823076,27.245426,25.596657,23.481209,20.939602,20.206438,18.048706,15.022148,12.586088,17.396105,14.561292,19.176476,16.180105,19.669504,19.744734,18.479303,13.290305,16.896973,11.797847,13.864321,14.3250265,10.141972,12.992592,12.877388,12.236807,10.603839,13.905177,15.237574,19.29766,23.674593,25.607563,26.49149,27.931309,27.361141,26.859234,25.855728,27.119434,22.896408,26.019794,22.622908,25.598373,24.531195,23.782772,26.89456,25.27168,19.923845,18.105017,15.302166,12.918534,15.187835,9.671679,15.045763,14.169284,17.648619,20.563938,24.087437,24.154882,21.915115,19.917658,18.805769,16.373304,14.071705,15.742096,11.501973,16.77979,18.960197,18.029278,19.383633,19.613766,19.285398,22.86295,22.35901,26.685612
9,27.175743,24.748104,20.551153,18.985552,16.439734,13.202758,12.238154,6.1693754,7.051785,0.0,7.776271,7.864343,7.854276,8.896083,6.842862,8.445833,10.9145565,12.125677,15.989138,17.872892,21.606825,22.557575,27.249544,27.485008,29.058645,24.630083,27.048931,23.621883,19.193552,23.25071,16.790712,22.509705,21.145687,23.574507,25.046518,26.545534,30.580963,29.381207,27.76111,25.904114,25.007383,23.938015,20.272953,18.868593,24.115911,21.300423,25.910873,22.783566,25.823734,25.249924,23.301653,18.539545,20.227844,14.222031,16.233667,16.362608,13.430075,14.6651945,12.31631,14.2779665,14.29532,18.14413,20.638878,24.541605,29.052744,31.49625,32.947342,34.110966,33.973965,33.049095,32.32844,33.064896,28.666668,31.18369,27.287022,29.72441,27.8192,26.492975,28.833279,26.226421,20.890577,19.701021,17.556837,16.482544,19.556211,15.165321,21.271196,20.73489,24.50274,27.315084,30.91968,30.67548,28.455162,26.265112,24.804811,21.709074,18.846897,19.231525,14.359378,17.960958,20.699062,20.284637,22.459244,23.6723,24.006561,27.993921,28.146833,32.487568
10,31.733355,29.173172,25.6533,22.842075,20.368677,17.581593,15.705678,11.319979,9.124968,7.776271,0.0,5.4699564,5.976542,5.915581,8.970147,7.895619,12.264756,12.009473,16.750452,18.354084,22.116138,24.585188,28.058187,27.716587,29.9332,24.914112,27.551302,23.242754,18.938393,21.16329,14.300945,18.289228,15.377379,16.911322,18.580034,19.407343,23.636288,23.00302,21.440508,20.210274,20.021704,20.19535,16.511375,17.493391,22.97054,21.368896,26.146515,24.318216,27.842422,28.484941,26.836407,21.309547,24.436054,19.030334,19.466858,18.57198,14.2564945,14.499424,11.677247,11.574323,11.540471,17.36185,19.581133,23.762909,28.227053,29.826006,31.074867,31.090176,30.942667,28.992258,28.59982,28.304243,23.849731,25.578611,21.371292,23.492609,20.977844,19.744644,21.645569,18.78253,13.355932,12.08841,10.490318,10.279841,13.8585205,11.654274,17.910683,19.040022,22.937803,26.15232,29.993963,29.37538,26.386417,23.342764,22.600965,18.02939,15.731271,13.850658,8.978952,11.832359,15.09987,15.8221655,17.47223,20.446892,19.424631,24.041254,24.240927,28.554422
11,34.685337,32.148636,28.19597,26.106224,23.435207,20.488636,18.703135,13.5119095,12.28917,7.864343,5.4699564,0.0,5.461516,8.227097,10.829082,12.020947,16.074772,16.665142,21.26568,23.004951,26.82973,28.779997,32.74628,32.49869,34.36942,29.493513,31.695845,27.552069,23.104975,25.707447,18.602324,22.954836,18.996155,21.183598,21.998241,22.498987,26.937311,26.253637,25.45288,24.738695,23.568352,24.253696,20.105936,21.032106,26.805954,24.973103,29.751213,27.859753,30.835056,31.064943,28.726086,23.449934,25.256535,19.585352,19.636238,18.481853,15.368073,14.514749,10.347497,12.618919,13.935853,19.08403,22.163706,26.021929,30.516926,32.75005,34.673187,34.751114,35.273087,33.338436,33.389,33.13729,28.858479,30.56111,26.362988,28.420177,25.544298,24.308706,25.600967,22.108261,16.961916,15.757621,15.179591,15.308215,19.031176,16.922205,23.100891,24.14253,27.909445,31.182503,34.95176,34.549435,31.63361,28.652773,27.950937,23.490648,21.142584,19.1648,14.377301,16.36421,19.76761,20.72964,22.605547,25.738491,24.853687,29.500843,29.656206,33.977444
12,32.759563,30.856627,26.635775,24.752182,22.723946,18.837492,18.651062,12.610826,12.577871,7.854276,5.976542,5.461516,0.0,3.6470947,6.8052917,9.09907,12.898003,14.629414,18.911486,21.537266,24.435562,27.032206,30.937311,31.332045,33.793064,28.976501,32.10321,28.110676,23.793163,26.545437,19.886354,23.961391,21.162306,22.041386,24.009033,24.24664,28.609463,28.409098,26.820734,25.685364,25.928127,26.094837,22.474188,23.038301,28.431719,26.425863,31.183918,28.650784,32.19907,32.200497,30.519917,25.35426,27.666712,21.77341,22.955235,22.351013,18.802734,18.899343,15.290177,16.759552,17.188904,22.626247,25.103773,29.234499,33.755318,35.593693,36.836845,37.014355,36.670162,34.76853,34.093117,33.68057,29.067232,30.43048,26.053001,27.563719,24.822464,22.889578,24.28923,20.968914,16.187197,16.180296,14.704086,15.425737,18.74904,16.52142,22.908333,23.427515,27.607855,30.46027,34.34509,33.376144,30.719135,27.90665,26.431839,22.071407,19.134811,17.401342,12.830031,13.796207,16.875391,17.4706,19.98221,22.892447,23.214725,27.662722,28.59495,32.781704
13,31.04769,29.306156,25.308945,23.0678,21.36218,17.363695,17.596493,11.977894,11.81079,8.896083,5.915581,8.227097,3.6470947,0.0,5.4599094,6.4570985,10.311157,12.011274,16.175585,19.019938,21.515417,24.64335,28.19416,28.71851,31.533693,26.69634,30.278881,26.283974,22.168287,24.674446,18.459476,22.092236,20.148384,20.283535,22.926086,23.210806,27.374521,27.34452,25.224361,23.76927,24.878626,24.706942,21.5392,22.072195,27.105127,25.23168,29.905443,27.305841,31.233858,31.416637,30.252918,25.044367,28.09251,22.374949,23.877823,23.459978,19.362467,20.033016,17.038538,17.453455,17.188618,22.828127,24.744902,29.012123,33.463833,34.874516,35.615784,35.754242,34.868916,32.963394,31.888056,31.38186,26.647778,27.870832,23.490088,24.814098,22.32303,20.178537,21.906416,19.019768,14.33744,14.7398,12.551934,13.380576,16.315723,14.16851,20.440956,20.851645,25.16463,27.824377,31.748781,30.490667,27.879585,25.10015,23.376204,19.010332,15.92109,14.303685,9.977552,10.766767,13.602026,13.922695,16.57252,19.353024,20.03458,24.365744,25.586893,29.681782
14,26.354895,24.879463,20.517563,18.94303,17.524702,12.949426,14.471001,8.184699,10.027887,6.842862,8.970147,10.829082,6.8052917,5.4599094,0.0,5.0372753,6.975853,10.130098,13.524382,16.775381,19.003727,21.339233,25.593292,26.625439,29.19803,24.766968,28.486729,25.095161,21.026289,24.613718,18.855639,23.495123,22.96385,23.637878,26.344639,27.2802,31.240034,30.77137,28.375118,26.28707,27.19519,25.999659,23.016237,22.034477,26.720251,24.146605,28.644585,25.150452,29.00662,28.510927,27.561947,22.891062,25.543913,19.769833,22.387367,22.677816,19.038754,20.581837,18.206766,19.07257,18.44621,23.135134,24.87507,29.05639,33.495094,35.196598,35.78596,36.685017,35.52629,34.344486,32.851128,33.083366,28.340878,30.177862,26.071978,27.704634,25.878752,23.78676,26.109577,23.755253,19.056704,19.172333,16.343777,16.195929,18.711372,14.886176,21.00876,20.172935,24.455761,26.73229,30.507624,29.381353,27.357965,25.228085,22.88344,19.690172,16.178463,16.582952,12.336061,14.434823,16.59242,15.7387705,18.612219,19.691565,21.458305,25.212044,26.417126,30.50403
15,25.134933,23.247562,19.636948,16.905615,15.3932085,11.587848,12.101904,7.651353,7.612853,8.445833,7.895619,12.020947,9.09907,6.4570985,5.0372753,0.0,4.4542336,5.683703,9.838327,12.678449,15.342852,18.201326,21.876461,22.482668,25.25818,20.562475,24.434137,20.780445,16.858181,19.958162,14.554291,18.774313,19.105259,19.502108,22.534943,23.804121,27.444695,26.878021,24.113092,21.70013,23.08761,21.563536,19.024914,18.159014,22.526548,20.307005,24.76121,21.652369,25.865845,25.982525,25.47382,20.51497,24.29976,19.02982,21.330498,21.548542,17.150738,19.152647,17.624495,17.021784,15.62051,20.459341,21.540445,25.810263,30.117626,31.316423,31.49701,32.25739,30.771984,29.565615,27.899286,28.142447,23.39664,25.367048,21.397144,23.257763,21.825167,20.021345,22.871952,21.136946,16.328367,16.105034,12.706027,11.985159,14.081657,9.991968,16.013134,15.338791,19.681063,22.06887,25.922998,24.765627,22.514122,20.236893,18.08404,14.728723,11.3276615,12.131453,7.9829063,11.3998785,13.328468,12.199096,14.5865755,15.459395,16.689434,20.473906,21.444695,25.588015
16,21.15345,19.718914,16.102427,13.583946,12.880224,8.536141,11.023758,7.628722,9.122514,10.9145565,12.264756,16.074772,12.898003,10.311157,6.975853,4.4542336,0.0,4.5479355,6.651612,10.357577,12.033448,14.748005,18.704084,19.98516,22.900219,18.6599,23.064642,20.075544,16.615171,20.23925,16.025944,20.290962,22.104267,22.30251,25.633764,27.184544,30.48967,29.824705,26.673634,23.767677,25.563475,23.20987,21.26789,19.357141,22.902632,20.329334,24.371008,20.529293,24.90909,24.609371,24.758163,20.417234,24.292196,19.392294,22.570148,23.35591,19.236164,21.911089,20.979979,20.314688,18.518913,22.545029,23.097244,27.206991,31.317661,32.39358,32.086197,33.349125,31.2789,30.631313,28.374746,29.073822,24.397831,26.59393,22.992924,24.782974,24.025393,22.152514,25.378454,24.229937,19.812414,19.785807,16.03426,14.984931,16.247105,11.499159,16.510628,14.57025,18.809536,20.536957,24.21338,22.879345,21.281467,19.720766,16.77692,14.782777,11.116571,13.831454,10.805172,14.113477,15.126722,12.986523,15.4388685,14.535136,17.117636,20.04461,21.277424,25.165146
17,21.349724,19.183325,16.506645,12.784128,11.579561,8.958506,9.172464,8.343667,7.613879,12.125677,12.009473,16.665142,14.629414,12.011274,10.130098,5.683703,4.5479355,0.0,4.7628484,7.016566,10.172756,12.973947,16.358553,16.80077,19.653496,14.996168,19.248962,15.882357,12.450393,15.722154,11.849727,15.94195,18.570402,18.960403,22.214043,24.20364,27.174805,26.231258,22.96031,19.792866,21.581945,18.873077,17.30348,15.336033,18.608965,16.352345,20.392889,17.072424,21.659863,22.0302,22.376345,17.753609,22.51491,18.200846,20.81524,21.46237,16.909689,19.856703,19.710886,17.968964,15.610927,19.415411,19.406218,23.493618,27.456928,28.193464,27.682093,28.874033,26.73201,26.135448,23.900032,24.783073,20.198565,22.773521,19.41988,21.691324,21.317528,20.0076,23.620918,22.934572,18.405935,17.744871,13.866505,11.980032,12.771235,7.408133,12.085735,10.23197,14.511588,16.607367,20.395494,19.3207,17.347599,15.579188,13.134965,11.076494,7.8502016,11.304631,8.649421,13.324985,14.24503,12.182433,13.689679,12.586497,13.924511,16.91356,17.472773,21.538393
18,17.63765,15.933878,13.905913,9.981294,10.12277,8.063253,10.029851,11.049339,11.32327,15.989138,16.750452,21.26568,18.911486,16.175585,13.524382,9.838327,6.651612,4.7628484,0.0,4.340471,5.672529,8.787294,12.138183,13.400442,16.617172,12.599203,17.647245,15.243249,12.857025,16.24614,14.36244,17.857649,21.988735,22.0017,25.510057,27.686983,30.201933,29.22794,25.59035,22.006964,24.33383,20.858814,20.149794,17.341833,19.292437,16.914505,20.169954,16.241394,21.002663,21.103048,22.409985,18.65818,23.591557,20.01151,23.242918,24.358019,20.144985,23.557035,23.92789,22.055204,19.419231,22.353224,21.668041,25.415869,28.987688,29.396587,28.196714,29.853615,26.957718,26.993374,24.056023,25.410494,21.086948,23.79098,21.034088,23.120901,23.543585,22.244617,26.150034,26.119144,22.101057,21.686525,17.652205,15.707468,15.560449,10.479216,13.017594,9.611363,13.3911495,14.418693,17.907543,16.539225,15.466834,14.753807,11.341799,11.479041,8.555169,13.7324705,12.488052,16.557293,16.589031,13.753251,15.017813,11.826508,14.536231,16.192596,16.993467,20.557247
19,17.407436,14.883301,14.090115,9.262365,9.005402,9.40609,9.209373,12.681047,11.874372,17.872892,18.354084,23.004951,21.537266,19.019938,16.775381,12.678449,10.357577,7.016566,4.340471,0.0,5.5005126,6.9961805,9.779391,9.892767,12.736993,8.370178,13.349271,11.031695,9.213048,12.605248,12.139026,15.442229,20.674568,21.182259,24.301174,26.996876,29.070808,27.67272,24.068113,20.224007,22.177147,18.054684,17.95605,14.49672,15.51214,13.256087,16.10335,12.398835,17.297508,17.918674,19.64244,16.108389,21.657866,19.009552,21.863857,23.042784,18.908075,22.616974,23.84712,21.31956,18.310448,20.311502,18.92893,22.351503,25.581821,25.726831,24.238823,26.191118,23.179565,23.703186,20.711704,22.690273,18.754084,22.079016,19.916327,22.53799,23.470356,22.827536,26.965363,27.31039,23.266333,22.238346,18.382736,15.737422,15.083695,9.861488,10.618782,6.366983,9.517596,10.641199,14.079836,13.348318,12.269419,11.954438,9.184181,10.574981,8.976537,14.539128,13.761049,18.53136,18.552174,15.959046,16.342278,12.864809,14.165129,15.33599,15.072697,18.59737
20,16.081057,14.956916,14.622542,10.616784,12.151657,11.759535,13.838435,16.368238,16.52267,21.606825,22.116138,26.82973,24.435562,21.515417,19.003727,15.342852,12.033448,10.172756,5.672529,5.5005126,0.0,5.946744,7.089074,9.334169,13.32959,10.432902,16.20725,14.953024,14.234184,16.717339,17.223207,19.386154,24.989021,24.425371,28.159279,30.489105,32.337288,31.39156,27.376799,23.461203,26.52156,22.446682,22.84722,19.762615,20.07644,18.155592,20.25825,16.468403,21.221401,21.519318,23.932005,21.082848,26.365936,23.805334,27.08432,28.40298,24.331783,27.991774,28.916012,26.514854,23.551085,25.793861,24.27292,27.560913,30.532112,30.263353,28.139378,30.023472,26.19751,26.80661,23.10899,24.82448,21.022535,23.693022,21.818108,23.645374,25.04005,23.972029,28.129295,28.965635,25.621002,25.349243,21.29236,19.284185,18.096132,13.923281,13.929226,9.66266,12.100536,11.527836,14.403744,12.474557,12.596706,13.258453,9.116109,12.007624,10.308094,16.273165,16.555426,20.091957,19.246103,16.021944,16.530087,11.468611,14.871262,14.713472,15.607035,18.271345
21,11.334005,9.44215,10.441532,6.3925204,8.750336,10.512704,12.321277,16.590523,17.163832,22.557575,24.585188,28.779997,27.032206,24.64335,21.339233,18.201326,14.748005,12.973947,8.787294,6.9961805,5.946744,0.0,5.797073,8.017912,10.061926,8.617909,13.397335,13.634542,13.4720745,17.131773,18.26065,21.438465,27.314384,27.90535,30.948563,33.800083,35.604107,34.06746,30.412376,26.407183,28.24846,23.583063,23.962181,19.523487,19.136862,16.516817,17.852942,13.150355,17.312868,16.855026,19.817533,18.17695,22.94208,21.364687,25.080969,26.92762,23.699863,27.769758,29.360897,27.296425,24.35163,25.21991,23.520586,26.26261,28.912369,29.080818,27.101946,29.92402,26.455544,28.021202,24.565958,27.27046,23.966059,27.382484,25.874231,28.274906,29.73502,29.036886,33.246964,33.87474,30.055677,29.20531,25.29967,22.728447,21.880676,16.843515,16.607342,11.820297,12.966383,12.082507,14.007413,13.538017,14.543198,16.04797,12.873198,16.420668,15.113549,21.030596,20.53879,24.893978,24.530046,21.495785,22.010378,17.241808,19.74698,19.524597,19.40982,21.946932
22,14.966356,13.732414,15.873477,12.102999,14.172745,16.06222,17.16903,21.570276,21.420738,27.249544,28.058187,32.74628,30.937311,28.19416,25.593292,21.876461,18.704084,16.358553,12.138183,9.779391,7.089074,5.797073,0.0,4.3451333,7.954153,7.949919,13.05246,13.908064,15.247336,17.07432,20.066366,21.49496,28.349495,28.13938,31.427528,34.251392,35.389355,34.03197,30.054848,25.920107,28.666769,23.83712,25.250908,21.395536,19.736332,18.192572,18.56435,15.14536,19.20665,19.69352,23.26763,21.82043,27.151588,26.138855,29.290754,30.904526,27.37563,31.348742,33.191097,30.368395,27.148064,27.987244,25.592968,28.021214,30.102276,29.323334,26.39514,28.950535,24.559456,26.333664,22.249983,24.972614,22.252829,25.388264,24.706789,26.786818,29.02843,28.61665,32.93916,34.35303,31.217958,30.516607,26.668865,24.178633,22.435162,18.590342,16.442364,11.879228,11.652923,9.150455,10.129153,8.935472,11.179626,13.827195,10.743254,15.877463,15.669055,21.632908,22.435123,26.292149,25.265547,22.170546,21.919,16.396606,18.715609,17.095785,16.89109,18.42253
23,17.755003,15.526573,17.898458,13.546218,14.641088,17.374647,16.8978,22.042658,21.0393,27.485008,27.716587,32.49869,31.332045,28.71851,26.625439,22.482668,19.98516,16.80077,13.400442,9.892767,9.334169,8.017912,4.3451333,0.0,4.8720865,4.5879846,9.345701,10.341974,12.606325,13.601441,17.739258,18.606253,25.888659,26.020765,28.887987,31.997572,32.80144,31.158092,27.345802,23.198368,25.57546,20.526398,22.419016,18.576294,16.1067,15.118027,14.962943,12.500247,16.48573,17.844625,21.436977,19.920872,25.668585,25.200375,27.698263,29.123072,25.598837,29.508936,31.81308,28.50157,25.151535,25.471682,22.629824,24.729681,26.470194,25.3486,22.186632,24.78335,20.361803,22.432861,18.446716,21.618647,19.326952,22.886992,22.646345,25.156273,27.58631,27.712002,32.07643,33.619137,30.433004,29.27081,25.69262,22.852268,20.889215,17.365955,14.104292,9.86753,8.252897,5.427527,6.134952,6.198601,8.234046,11.206604,9.458452,14.767293,15.429894,21.060991,21.996756,26.267881,25.427036,22.70756,21.930992,16.973677,17.750046,16.175625,14.870284,16.435455
24,17.609972,14.711658,18.021217,14.067848,14.82211,18.758396,17.445961,23.499485,22.435625,29.058645,29.9332,34.36942,33.793064,31.533693,29.19803,25.25818,22.900219,19.653496,16.617172,12.736993,13.32959,10.061926,7.954153,4.8720865,0.0,5.1988864,6.389298,9.605335,12.745744,14.113143,18.826927,20.177038,27.424185,28.459892,30.642166,34.128098,34.801506,32.676018,29.291763,25.235891,26.482365,21.129866,23.099104,18.466688,15.07262,13.932732,12.485116,10.2030115,13.105086,14.495438,18.601334,18.22494,23.579723,24.242346,26.571276,28.226984,25.412476,29.44785,32.344994,29.129108,25.842268,24.946508,21.827768,23.19903,24.377546,23.433306,20.314667,23.734728,19.803265,22.77344,19.299006,23.254045,21.584063,25.626577,25.690155,28.618963,31.006142,31.461166,35.801315,37.18259,33.691124,32.067047,28.709192,25.515715,23.81757,19.956581,16.64436,12.711692,10.186146,8.000865,7.033577,9.395163,11.380974,14.320703,13.660735,18.532488,19.310694,24.728016,25.164715,29.940653,29.45271,26.913664,26.141605,21.564842,21.702374,20.389374,18.38692,19.866884
25,18.505526,15.27373,17.134119,12.362231,12.287146,15.634878,13.688912,19.405083,17.849752,24.630083,24.914112,29.493513,28.976501,26.69634,24.766968,20.562475,18.6599,14.996168,12.599203,8.370178,10.432902,8.617909,7.949919,4.5879846,5.1988864,0.0,5.896096,6.001843,8.227998,9.950931,13.9164505,15.593071,22.608961,23.641014,25.960447,29.354605,30.35572,28.329538,24.890535,20.821074,22.173965,16.979128,18.560022,14.221289,11.865396,10.546591,10.781763,8.278365,12.639394,14.445854,17.568998,15.628522,21.61966,21.282827,23.391998,24.73237,21.307167,25.228868,27.823376,24.464594,21.128105,21.00053,18.135805,20.241814,22.171206,21.435257,18.826157,21.650036,18.005417,20.081861,16.776072,20.249914,17.806217,21.930513,21.39004,24.492184,26.48532,26.860891,31.16758,32.283962,28.609838,26.935043,23.570372,20.34808,18.79968,14.763794,11.788464,7.697095,5.919378,5.3797307,7.1905074,8.69665,8.825259,10.592012,9.9248295,13.931396,14.599395,19.836428,20.060608,24.993244,24.733097,22.393583,21.662743,17.691187,17.359392,16.908005,14.883276,17.311604
26,21.208687,17.297207,19.777292,15.491248,14.640351,19.046085,15.678386,22.14926,20.133396,27.048931,27.551302,31.695845,32.10321,30.278881,28.486729,24.434137,23.064642,19.248962,17.647245,13.349271,16.20725,13.397335,13.05246,9.345701,6.389298,5.896096,0.0,4.893853,8.749057,9.888593,14.883685,16.539148,23.324753,25.453905,26.716087,30.554829,31.200378,28.558899,25.793549,22.00949,21.813625,16.394257,18.294357,13.338085,9.221386,8.36318,6.117032,5.667902,8.249055,11.24866,14.550011,13.740095,19.443102,20.677649,21.967817,23.331694,20.769644,24.610952,28.056093,24.56101,21.348106,19.503195,16.054665,16.974989,17.990074,17.244564,14.656972,18.45904,15.639888,18.790007,16.400316,20.754074,19.328545,23.925695,23.942919,27.51392,29.494806,30.439938,34.61363,35.632843,31.774519,29.474203,26.617073,23.045168,21.71411,17.923508,14.589397,11.815403,8.850669,9.041644,8.985991,12.30897,12.335908,13.939453,14.834716,18.20786,19.333735,23.862696,23.739347,29.061779,29.180614,27.242283,26.290636,22.97375,21.54129,21.277443,18.339808,20.497255
27,22.899609,18.970776,20.245522,15.477807,13.919359,17.490599,13.422191,19.297188,16.579573,23.621883,23.242754,27.552069,28.110676,26.283974,25.095161,20.780445,20.075544,15.882357,15.243249,11.031695,14.953024,13.634542,13.908064,10.341974,9.605335,6.001843,4.893853,0.0,4.50992,5.339958,10.098469,11.865691,18.52021,20.708937,22.010649,25.805311,26.695229,24.123463,21.32055,17.547325,17.376093,12.013859,13.673971,9.083736,5.8689013,5.2654314,5.8497066,6.0480447,9.953844,13.153355,15.150419,12.449953,18.816223,18.938454,19.771368,20.660269,17.316298,20.958847,24.1411,20.289917,16.956284,15.939836,12.587931,14.422375,16.320826,15.638622,13.599471,16.47864,13.961357,16.011778,13.897098,17.691015,15.592552,20.26066,19.777847,23.535915,25.142942,26.119734,30.200645,31.012674,27.053057,24.63325,21.890402,18.264576,17.04463,13.398954,10.183202,8.17563,5.897573,8.182781,9.9439335,12.342855,10.807554,10.989702,12.361176,14.418997,15.636633,19.575493,19.319242,24.713604,25.059217,23.455801,22.435616,19.953333,17.787134,18.362633,15.323109,18.229015
28,22.624496,18.644043,18.736488,13.997459,11.676862,14.529773,9.783105,15.190926,12.162732,19.193552,18.938393,23.104975,23.793163,22.168287,21.026289,16.858181,16.615171,12.450393,12.857025,9.213048,14.234184,13.4720745,15.247336,12.606325,12.745744,8.227998,8.749057,4.50992,0.0,5.861883,6.5704756,10.649481,16.05642,18.728046,20.058174,23.711521,25.31612,22.826792,20.177525,16.58428,15.978622,11.148188,11.290587,6.237004,6.622736,4.2818403,8.066962,6.7428846,11.033767,13.443053,14.279787,10.147853,16.616499,15.564245,16.48684,17.249767,13.420097,17.151737,19.976511,16.406424,13.101387,12.885111,10.400803,13.350654,16.380043,16.681252,15.881111,18.222858,16.607618,17.623043,16.050436,19.006948,16.031265,20.491962,19.03936,22.846344,23.707523,24.352392,28.290714,28.494715,24.068016,21.575024,18.782656,15.104115,14.677624,10.093186,9.039026,7.3519707,7.6898184,10.833528,13.566571,15.078649,12.98375,12.039549,12.769984,13.227636,13.628624,17.161388,15.961598,21.672626,22.507118,21.09345,20.539005,18.822145,16.779963,18.479326,15.992745,19.641567
29,27.277336,23.530111,24.084578,19.150202,17.278532,19.77138,15.392365,20.008389,16.405813,23.25071,21.16329,25.707447,26.545437,24.674446,24.613718,19.958162,20.23925,15.722154,16.24614,12.605248,16.717339,17.131773,17.07432,13.601441,14.113143,9.950931,9.888593,5.339958,5.861883,0.0,7.1787663,6.6800437,13.739188,15.711672,16.878345,20.685673,21.380346,18.854801,15.997654,12.278756,12.375182,7.062828,9.474174,7.183978,5.1234927,7.0189657,8.906983,10.759564,14.226191,17.70117,18.742315,14.927725,21.322687,20.685005,20.5694,20.668383,16.59511,19.512777,22.398993,17.773653,14.370952,14.420441,11.05183,13.392314,15.570112,14.220915,12.3678055,13.622358,11.288294,11.878921,10.272818,13.314336,10.933759,15.669703,15.120442,19.130745,20.564365,21.95746,25.84968,26.744501,23.030888,20.387686,18.091259,14.49222,12.952873,10.861454,6.6350927,7.5168953,5.9546056,9.579764,11.989659,13.549868,10.53313,8.905171,11.678204,11.889246,13.879127,16.413097,16.608477,21.695179,22.130692,21.157661,19.64514,18.41506,14.726375,15.993022,12.492263,15.773152
30,27.731396,24.011871,23.01444,18.469004,15.785532,16.872639,11.99593,14.778857,10.479353,16.790712,14.300945,18.602324,19.886354,18.459476,18.855639,14.554291,16.025944,11.849727,14.36244,12.139026,17.223207,18.26065,20.066366,17.739258,18.826927,13.9164505,14.883685,10.098469,6.5704756,7.1787663,0.0,6.7300076,9.812589,13.049463,14.093293,17.589376,19.739014,17.392794,15.055847,12.039058,10.959291,7.6814837,5.937647,4.5708365,8.914414,8.503748,12.846084,12.961698,16.517738,18.958511,18.500856,13.212822,19.005362,16.63247,16.291061,15.911778,10.97679,13.583565,15.680573,11.268508,7.8186836,10.122627,8.796602,12.8222685,16.60985,16.976954,17.17831,17.844482,17.22118,16.417963,15.903742,17.359982,13.776711,17.654074,15.305797,19.22308,19.114693,19.896803,23.398184,23.074846,18.43387,15.489959,13.26344,9.478032,9.858509,6.4133067,7.4770103,9.111703,10.94503,14.794223,18.043316,18.770834,15.565535,12.913824,14.265209,11.829244,12.265731,13.435168,11.708098,17.316755,18.77201,18.332495,17.66422,18.03158,14.6523695,17.815536,15.530496,19.683918
31,32.03478,28.567453,28.20616,23.31552,21.2451,22.351843,18.1741,20.811935,16.61957,22.509705,18.289228,22.954836,23.961391,22.092236,23.495123,18.774313,20.290962,15.94195,17.857649,15.442229,19.386154,21.438465,21.49496,18.606253,20.177038,15.593071,16.539148,11.865691,10.649481,6.6800437,6.7300076,0.0,7.8824253,9.090499,10.475602,14.089825,14.958666,12.808283,9.620415,5.964622,7.387991,4.3474946,6.366143,9.004388,10.191807,12.222936,15.010337,16.810205,20.245337,23.522512,23.724314,18.981308,24.988659,23.21969,22.391846,21.647112,16.892815,18.636736,20.565075,15.398333,12.317232,14.587178,12.340985,15.299476,17.934168,16.481775,15.513764,14.538414,13.070467,10.912592,10.461108,10.875743,7.41632,11.355047,9.85174,14.089623,14.750854,16.529648,20.025404,20.786678,17.350037,14.491465,12.910933,9.664699,7.888834,8.910801,5.6549826,9.944534,10.448569,14.082215,16.96894,17.352413,13.465353,10.043871,13.134332,10.315239,12.654733,12.5665655,13.206725,17.468592,18.145786,18.178562,16.26356,17.147236,11.895351,14.569679,11.436173,15.117249
32,37.241936,33.7134,32.381706,27.9336,25.2907,25.454224,21.013504,21.68114,17.163279,21.145687,15.377379,18.996155,21.162306,20.148384,22.96385,19.105259,22.104267,18.570402,21.988735,20.674568,24.989021,27.314384,28.349495,25.888659,27.424185,22.608961,23.324753,18.52021,16.05642,13.739188,9.812589,7.8824253,0.0,6.162209,4.6004233,8.171265,10.668877,8.465265,7.5329914,7.3685765,5.133553,8.208506,6.0099454,11.909201,15.516603,17.015343,20.519756,22.238487,25.129248,28.046198,26.97206,21.632671,26.515232,23.919561,21.972055,20.251335,15.630099,15.510818,16.333014,11.13032,9.467648,13.447946,13.259311,16.333443,19.472685,19.055925,19.970003,18.02972,18.75683,15.529127,16.914179,15.891028,12.960035,14.902599,12.268424,15.782559,14.280046,16.065323,18.220142,17.537846,13.719672,9.831673,10.438904,8.275025,9.020173,11.559206,12.302314,16.486898,18.002514,21.750717,24.79794,25.044403,21.112904,17.418308,19.857443,15.406033,16.656998,13.925853,13.162746,16.420498,18.248968,19.606874,18.20006,21.318077,16.052546,19.98771,17.810415,21.451042
33,38.506542,35.491375,34.182415,29.578833,27.532196,27.09641,23.734417,23.906244,19.817646,23.574507,16.911322,21.183598,22.041386,20.283535,23.637878,19.502108,22.30251,18.960403,22.0017,21.182259,24.425371,27.90535,28.13938,26.020765,28.459892,23.641014,25.453905,20.708937,18.728046,15.711672,13.049463,9.090499,6.162209,0.0,5.107826,6.221765,8.285101,8.403789,5.1196036,5.257533,9.045771,11.47571,11.116297,16.258345,18.97699,20.64829,23.923178,25.31167,28.857952,31.790792,31.391094,26.072626,31.429667,28.474318,27.261517,25.797413,20.84285,21.04832,21.159996,16.42187,14.679028,19.229548,18.640846,21.781338,24.648413,23.423584,23.20406,20.761066,20.048988,16.143648,16.545568,14.018682,10.615531,10.708241,7.309779,10.039788,8.149698,10.28366,12.453054,12.711667,10.194355,7.428049,8.087457,7.542449,6.5470915,11.988928,11.967976,16.58231,18.367548,21.608967,24.749716,24.090033,20.032188,16.01906,18.266415,13.130476,14.819555,10.711755,11.959091,13.370335,14.370139,16.173079,14.091743,18.070496,12.342646,16.296282,14.884404,18.11882
34,41.25213,37.84329,36.614616,32.068237,29.598774,29.632595,25.449514,25.894245,21.474531,25.046518,18.580034,21.998241,24.009033,22.926086,26.344639,22.534943,25.633764,22.214043,25.510057,24.301174,28.159279,30.948563,31.427528,28.887987,30.642166,25.960447,26.716087,22.010649,20.058174,16.878345,14.093293,10.475602,4.6004233,5.107826,0.0,4.23182,6.099675,4.4458632,4.5391407,6.941013,6.32009,10.860545,10.033637,16.116144,18.933302,20.990341,24.060335,26.237331,29.083952,32.24275,31.30519,26.082434,30.969196,28.481628,26.339092,24.443832,20.031654,19.472076,19.954796,14.995905,13.843075,17.554043,17.210527,19.740118,22.28556,21.20656,21.857033,18.917166,19.686764,15.601832,17.46167,15.251081,13.061564,13.661098,11.475936,14.326857,12.523822,14.971525,16.339853,16.029327,13.501312,9.969422,11.79562,10.8614435,10.86909,15.076942,14.999441,19.613226,20.829508,24.330843,27.177172,27.182074,23.125036,19.291029,22.085722,17.428246,19.13382,15.466973,15.736503,17.620949,19.106594,21.000029,19.12784,22.91594,17.124151,20.822338,18.73946,21.795347
35,44.14135,40.957726,39.432125,34.98332,32.62362,32.112175,28.385578,28.017155,23.823076,26.545534,19.407343,22.498987,24.24664,23.210806,27.2802,23.804121,27.184544,24.20364,27.686983,26.996876,30.489105,33.800083,34.251392,31.997572,34.128098,29.354605,30.554829,25.805311,23.711521,20.685673,17.589376,14.089825,8.171265,6.221765,4.23182,0.0,4.5643215,5.864362,6.529008,9.724928,10.517519,15.003324,14.029111,20.025827,23.051718,24.956398,28.163618,30.081572,33.110695,36.134743,35.143097,29.779581,34.514614,31.599445,29.533367,27.514053,23.099966,22.150824,21.827374,17.434065,16.789408,21.106424,21.179276,23.791777,26.37803,25.328022,25.951094,22.756926,23.359526,18.984785,20.66656,17.718786,15.549322,14.902535,12.434603,14.130392,11.372448,13.673004,13.934962,13.278546,11.781466,8.895983,11.8553,12.270025,12.477101,17.44222,17.92672,22.552776,24.125711,27.4776,30.435715,30.033142,25.951895,21.990686,24.464838,19.334204,20.806826,16.152983,16.697338,17.162983,18.624771,21.106657,19.279634,23.93006,18.329294,22.169891,20.74051,23.551159
36,46.309353,43.070244,42.02039,37.352734,35.126175,35.067657,31.196077,31.543055,27.245426,30.580963,23.636288,26.937311,28.609463,27.374521,31.240034,27.444695,30.48967,27.174805,30.201933,29.070808,32.337288,35.604107,35.389355,32.80144,34.801506,30.35572,31.200378,26.695229,25.31612,21.380346,19.739014,14.958666,10.668877,8.285101,6.099675,4.5643215,0.0,4.020974,5.5159874,9.619158,10.957155,15.48707,15.7459,21.753765,23.74223,26.284033,28.866278,31.443012,34.28777,37.693573,37.008038,31.93165,36.928776,34.573284,32.358795,30.38572,26.097273,25.337315,25.599813,20.859835,19.919985,23.39862,22.796432,24.851501,26.758038,24.941269,25.107615,21.255836,21.801805,17.057,19.157137,15.652878,14.671646,13.403526,12.309802,13.754434,11.987054,15.090827,15.279048,15.8099985,15.396993,12.970159,15.446915,15.543758,14.79121,20.070543,19.133036,23.938532,24.78729,27.88145,30.416525,30.116093,26.063015,22.269949,25.330938,20.754353,22.901766,18.631115,20.020857,20.473856,21.352089,23.654024,21.291828,25.517948,19.452978,22.5347,20.67758,22.78927
