,0,1,2,3,4,5,6,7,8,9,10,11,12,13,14,15,16,17,18,19,20,21,22,23,24,25,26,27,28,29,30,31,32,33,34,35,36,37,38,39,40,41,42,43,44,45,46,47,48,49,50,51,52,53,54,55,56,57,58,59,60,61,62,63,64,65,66,67,68,69,70,71,72,73,74,75,76,77,78,79,80,81,82,83,84,85,86,87,88,89,90,91,92,93,94,95,96,97,98,99,100,101,102,103,104,105,106,107
0,0.0,4.3288894,6.826225,10.225238,12.583449,15.231211,17.977606,21.687725,25.3182,28.259325,31.238468,36.076656,33.459755,32.277187,27.185339,26.144806,22.79249,21.177221,18.740147,16.22646,16.375813,13.864732,17.972805,17.387375,19.198864,22.028635,17.312546,23.638575,24.196434,26.208405,28.288683,30.39898,34.7639,35.674572,38.130775,41.168606,41.303673,40.173275,35.491096,33.590366,29.85783,29.295456,23.260477,24.426186,18.336224,17.628653,17.363956,14.234441,15.229877,17.619371,20.734976,21.581486,23.498386,25.873283,28.919792,29.474566,27.013231,30.981686,31.099775,34.103607,32.174576,35.7831,33.68615,36.25513,31.401985,26.965097,28.379787,24.35061,28.22634,26.267721,30.692749,32.39398,31.893717,36.81679,35.951813,40.16839,40.43196,36.791527,41.980476,37.78547,40.542988,42.24534,37.630066,34.236214,30.27075,29.828707,24.420538,22.987461,18.920141,18.467705,15.862594,16.643566,16.776365,20.061022,21.04922,25.69483,27.528524,30.434341,33.061634,37.24565,41.68655,41.836323,38.831787,42.425148,36.32622,39.777428,36.934273,39.26138
1,4.3288894,0.0,5.33966,6.968184,8.952089,12.707026,14.388581,18.875254,22.006662,25.55026,28.148348,33.14009,30.904583,29.565739,24.88384,23.193048,20.176523,17.914413,15.7257395,12.681467,13.246182,10.842399,14.770975,14.662617,15.9831,18.580114,13.446054,19.865122,20.273954,22.616823,24.466627,27.16519,31.27525,32.66284,34.857307,38.07702,38.006416,36.64236,32.022964,29.868534,26.415594,25.386179,19.502047,20.379683,14.252004,13.698805,13.057763,10.458995,12.249655,14.43891,16.954632,18.423706,20.613577,22.533104,25.405638,25.671469,23.15936,26.9082,27.171062,30.511526,28.410984,32.291737,30.430853,33.377644,28.879648,24.110487,26.199041,22.536924,26.323195,24.61388,28.39862,29.91425,28.799135,33.79228,32.523396,36.687984,36.713245,32.871517,37.95417,33.62541,36.3099,37.941875,33.338467,29.924006,26.006268,25.500263,20.137514,18.703794,14.70336,14.592593,12.276002,13.481522,13.465995,16.791655,17.321276,21.972012,23.59984,26.448692,29.077507,33.135868,37.63056,37.729557,34.730804,38.518772,32.4511,36.014225,33.391644,35.83454
2,6.826225,5.33966,0.0,5.1697583,6.955475,8.621521,11.959108,14.9386015,18.80533,21.526623,24.550762,29.419802,26.635592,25.496948,20.37775,19.482306,16.234,14.856388,13.051625,11.077417,12.607055,11.520661,16.068588,17.13592,18.873812,21.011282,14.881748,20.506075,20.041664,21.963785,23.247585,25.582357,29.226551,30.047241,32.173042,35.07675,35.00851,34.060707,29.223003,27.557451,23.444025,23.489264,17.28617,19.139965,13.288631,13.905475,14.387067,13.408971,14.875949,18.115917,19.80812,20.463232,23.83695,25.89922,27.93121,28.023754,24.658573,28.038374,27.697317,30.879541,27.779976,31.492287,29.10204,31.645887,27.275236,22.346348,23.544426,19.693146,22.902351,20.369923,24.786873,26.023268,25.856052,30.498724,29.812712,34.047024,34.475433,31.146189,36.561493,32.68441,35.791653,37.90847,33.342587,30.004011,25.661016,26.191826,20.241186,20.097849,16.384087,17.147396,15.73874,16.348007,15.150306,18.289038,17.661171,22.717308,23.472971,26.828419,28.439259,32.865295,37.447983,36.987984,33.80728,36.838833,30.580019,33.702526,30.609325,32.750652
3,10.225238,6.968184,5.1697583,0.0,3.8300905,6.3660364,9.112724,13.030907,16.044836,19.929302,22.063477,27.506174,24.790985,23.063908,18.728197,16.57055,13.417964,11.173035,8.79879,6.122413,7.736902,7.1712985,11.470174,13.323698,14.882436,16.588402,10.129564,15.394625,14.915948,16.852602,18.341333,20.797832,24.6411,25.825745,28.001385,31.147434,31.178091,29.964947,25.350344,23.48175,19.959375,19.565239,13.55597,15.612143,9.22667,11.963915,10.978844,12.033001,14.887749,17.053541,17.639147,19.84078,23.10269,24.104797,26.12333,25.580698,22.471817,25.175158,25.307993,29.247007,25.688614,29.977348,28.020813,31.180414,27.537607,22.103642,24.216873,21.025665,23.763018,21.249264,24.775623,25.334702,24.446712,28.922531,27.561945,31.683712,31.63198,27.942186,33.200752,28.962791,31.97604,33.83786,29.404623,25.834505,21.581036,21.992245,16.402184,16.465199,13.372983,15.097841,14.222033,15.844389,14.70932,17.685492,16.10713,20.987476,21.09659,24.287556,25.685322,29.755205,34.516453,33.710415,30.450891,33.773167,27.42432,30.495417,27.728077,29.732697
4,12.583449,8.952089,6.955475,3.8300905,0.0,5.8344903,5.595871,10.467678,13.10695,17.16829,19.324562,24.523064,22.50535,21.05939,16.94166,14.604939,12.316405,9.3732395,8.782125,5.8943305,9.390466,9.660319,13.121693,15.447607,16.170757,17.412426,10.629616,15.43342,14.151401,16.671095,17.078838,20.699282,23.54152,25.28218,26.780323,29.994938,29.471476,28.11156,23.335545,21.205637,17.520742,16.766613,10.68621,12.296621,6.3615065,8.710689,8.8899555,10.729686,13.228628,15.914441,15.851093,17.373127,21.321537,22.434322,23.742928,23.194542,19.567488,22.182777,21.947426,25.74259,21.975481,26.19966,24.206305,27.412848,23.941393,18.414806,20.817093,17.950886,20.61908,18.582436,21.499037,22.194561,20.85062,25.518946,24.061998,28.204943,28.20938,24.557842,29.866243,25.813236,28.907398,31.024284,26.503891,23.152239,18.747139,19.590977,13.537366,14.174386,11.153911,13.198069,13.141137,14.162531,12.339461,14.996811,12.766872,17.708529,17.54695,20.908909,22.100163,26.348627,31.060694,30.317926,27.085331,30.327183,24.04372,27.303904,24.560528,26.891006
5,15.231211,12.707026,8.621521,6.3660364,5.8344903,0.0,7.031795,7.597649,11.436294,14.380656,16.775068,22.191442,18.780373,17.158796,12.468665,11.031002,7.6296506,6.805344,6.013481,6.401476,9.653066,11.331522,15.013537,17.974092,19.53154,20.475681,13.7988405,17.038969,15.184931,16.431364,16.655914,18.774271,21.49012,22.054314,23.894157,26.634588,26.535742,25.837687,20.962938,19.786386,15.40945,16.645178,10.60405,14.164732,9.3930855,13.628268,14.017755,16.563826,18.858498,21.747723,21.446669,22.756613,27.040825,28.072533,29.053297,28.274187,24.364647,26.352736,25.788471,29.494816,24.70849,28.743185,26.309746,29.037235,25.980188,20.459362,21.662767,18.788702,20.308483,16.811712,20.540808,20.33968,20.519278,24.310537,23.561628,27.663399,28.039165,25.073221,30.622969,27.069181,30.55388,32.993122,28.769962,25.450047,20.854609,22.690798,16.832552,18.648117,16.373436,18.850098,18.954628,19.90169,17.785526,20.219332,17.324633,22.161247,21.012318,24.611008,24.531013,28.847467,33.5995,32.013687,28.589716,30.849493,24.374447,26.740726,23.435518,24.967266
6,17.977606,14.388581,11.959108,9.112724,5.595871,7.031795,0.0,6.4929643,7.868091,12.430489,14.193949,19.258717,18.00252,16.76001,13.435,10.605045,9.984323,6.394667,8.879465,7.356959,11.95217,13.527361,15.89547,19.004642,19.093262,19.469141,12.893065,15.77708,13.174373,15.845209,14.509356,19.23964,20.448559,22.71234,23.2565,26.432247,25.238117,23.806236,18.883482,16.623653,12.6824465,11.893009,5.859571,7.686652,4.439032,7.953324,9.5433855,13.23964,15.259901,18.05472,16.63325,17.514647,22.28306,23.07431,23.141397,22.242678,17.930334,19.651375,18.828749,22.584688,17.756445,21.997765,19.932856,23.232426,20.629059,14.862458,17.529512,15.632089,17.32994,15.59003,17.260237,17.469156,15.606936,20.140112,18.496086,22.625198,22.67742,19.234436,24.697454,21.044313,24.423702,27.00328,22.574163,19.553423,14.89414,16.979507,10.666572,13.127085,11.353423,14.2013235,15.5000305,15.935794,13.293999,14.951988,11.066386,15.553621,14.002537,17.638254,17.624222,22.037683,26.743134,25.54161,22.22537,24.988008,18.656013,21.828264,19.015371,21.522459
7,21.687725,18.875254,14.9386015,13.030907,10.467678,7.597649,6.4929643,0.0,4.9279556,6.9116845,9.673687,14.687277,12.118835,11.249004,7.0893884,6.041875,6.2048717,5.844921,9.79441,10.964047,15.186696,17.581327,20.188292,23.699766,24.384644,24.568947,18.07337,19.7236,16.535976,17.97614,15.865781,19.318516,19.407,20.53061,20.774553,23.243998,22.00828,21.435297,16.255228,15.259396,9.976483,12.231371,7.3841724,11.071943,10.288209,13.955069,15.978623,19.559486,21.103943,24.403198,22.995739,23.11874,28.309896,29.307167,28.848957,27.911324,23.241144,24.356585,22.891773,26.039194,20.20409,23.737682,21.016092,23.391977,21.402529,16.03639,16.8518,15.240793,15.176803,11.8384,14.076957,13.098653,13.44317,16.78059,16.394487,20.470625,21.29426,19.128752,24.831362,22.265936,26.098074,29.23617,25.258911,22.642778,17.989967,21.310785,15.539822,18.979206,17.731833,20.593992,21.91003,21.997784,19.037485,20.435314,16.300041,20.369995,17.895132,21.652863,19.982386,24.460213,28.935232,26.837093,23.4406,24.598595,18.288805,20.2372,16.518303,18.19994
8,25.3182,22.006662,18.80533,16.044836,13.10695,11.436294,7.868091,4.9279556,0.0,6.106564,6.369257,11.867015,10.832106,9.657509,8.399242,5.1377764,8.12829,6.5548596,11.468498,12.4864645,16.658072,19.375626,20.95767,24.742357,24.794928,24.362114,18.48114,18.804335,15.06799,16.641722,13.264709,17.80366,16.456612,18.585526,17.826721,20.51866,18.588915,17.559729,12.428409,10.922192,5.860435,7.7246914,4.951916,8.225377,10.273632,14.272787,15.974797,20.58727,22.33218,24.999783,22.64496,23.160421,28.292282,28.614006,27.552517,26.177553,21.597397,21.720827,20.27117,23.67501,17.257887,21.01741,18.80764,21.658215,20.840208,15.532593,17.311703,16.930077,16.272457,14.088196,14.056764,12.28121,10.965931,13.908819,12.472234,16.400751,16.758139,14.41692,20.06822,17.58776,21.48775,24.742086,21.0065,18.654024,14.187493,18.190632,13.198545,17.4737,17.356798,20.620806,22.622084,22.840313,19.891577,20.6677,15.849688,18.979877,15.506298,18.939817,16.349335,20.454708,24.895006,22.336185,18.90023,19.95027,13.569805,15.476382,12.015701,13.962381
9,28.259325,25.55026,21.526623,19.929302,17.16829,14.380656,12.430489,6.9116845,6.106564,0.0,4.866861,8.081876,6.4212074,7.474305,5.8404984,7.2340426,10.361595,11.2401,15.766372,17.417097,21.524527,24.213205,26.356575,30.087141,30.479929,30.245373,24.126854,24.686543,20.971788,22.081802,18.662395,22.155638,20.045336,21.077644,19.868778,21.572788,19.350185,19.310495,14.3993435,14.290706,8.998978,12.703304,11.038638,13.761341,15.826445,18.671322,21.351662,25.182915,26.185736,29.63283,27.67261,26.944271,32.5193,33.4924,32.01141,30.994968,26.006548,26.268232,24.076916,26.389229,19.849634,22.382957,19.414288,20.915966,20.372778,15.987354,15.681697,15.665926,13.390898,10.352963,10.309914,7.3914533,9.377049,10.853209,11.749676,15.41958,17.091362,16.566494,22.03008,21.009233,25.009243,28.73636,25.354315,23.629316,19.436655,23.79575,18.858973,23.109392,22.645906,25.52362,27.411903,26.987837,23.702541,24.337952,19.789633,22.800613,19.381945,22.882778,19.571802,23.798477,27.675457,24.925228,21.760145,21.140587,15.564537,16.304955,11.992272,13.2713
10,31.238468,28.148348,24.550762,22.063477,19.324562,16.775068,14.193949,9.673687,6.369257,4.866861,0.0,6.255255,5.713222,5.4826617,7.92348,6.9248676,11.322955,11.772511,16.435501,18.30951,22.092867,25.140379,26.467909,30.44391,30.542068,29.790777,24.322062,23.59218,19.620163,20.374924,16.225407,19.798447,16.43427,17.952705,15.892527,17.6261,14.898006,14.667343,9.94186,10.092466,5.5704203,9.939284,10.680703,13.219293,16.508572,20.223656,22.10549,26.8153,28.307428,31.053072,28.413214,28.518286,33.81482,34.036392,32.349995,30.842192,26.212421,25.53202,23.670353,26.432076,19.50127,22.336195,20.07228,22.088816,22.63266,18.291008,18.963964,19.61532,17.287365,15.014762,13.584116,9.931402,10.124458,10.196826,9.7888,12.895595,13.905184,13.496453,18.651663,17.8026,21.78402,25.446892,22.559834,21.019506,17.27401,22.012413,18.163906,22.846886,23.292294,26.563093,28.793165,28.8002,25.704296,26.092606,21.140709,23.49448,19.36304,22.38706,18.315536,21.81193,25.61976,22.13324,18.9506,17.966038,12.471648,12.361881,8.157253,8.800385
11,36.076656,33.14009,29.419802,27.506174,24.523064,22.191442,19.258717,14.687277,11.867015,8.081876,6.255255,0.0,6.7534704,9.233383,12.149653,12.9811125,17.154863,17.831177,22.552628,24.250175,28.211235,31.132288,32.54781,36.46029,36.374763,35.600147,30.151066,29.498964,25.477798,26.36801,21.896507,25.558153,21.280914,22.705042,19.750387,20.638151,17.101452,17.333982,13.784447,14.381898,11.322767,14.642734,16.26482,17.694527,21.85271,24.30013,26.98319,31.283297,32.10122,35.195225,32.488716,31.51545,37.071377,37.607037,35.160564,33.879505,29.020206,28.075558,25.522356,27.114754,20.293,21.721815,19.269936,20.087128,21.803743,18.83411,18.43016,20.228048,16.632505,15.382627,12.015503,7.5627065,8.946829,5.666949,7.7409663,9.561895,12.029354,13.925045,18.19179,19.21233,22.96576,27.047615,24.703905,24.133879,20.989704,25.97646,22.540497,27.270027,27.813972,30.762365,33.234703,32.630013,29.303307,29.185055,24.365822,25.980839,21.727365,24.428778,19.56361,22.746574,25.638393,22.076021,19.48812,16.618979,12.918632,11.588388,7.4329257,7.7831335
12,33.459755,30.904583,26.635592,24.790985,22.50535,18.780373,18.00252,12.118835,10.832106,6.4212074,5.713222,6.7534704,0.0,3.8867822,6.7862015,9.2600975,12.696074,14.94905,18.997656,21.591938,25.08628,28.21702,30.006067,33.984177,34.61151,34.059746,28.375242,27.787731,23.96286,24.07949,20.432411,22.44213,19.190077,19.083788,17.316607,17.895815,15.710528,16.784117,12.732277,14.376603,10.166119,15.411758,15.431107,18.584633,20.9085,24.697454,26.768019,31.085255,32.412197,35.59884,33.38359,33.13553,38.608395,39.20036,37.637882,36.3057,31.52961,31.117456,29.071386,31.427357,24.573301,26.824778,24.116804,25.210943,25.639608,21.81669,21.021637,21.423206,18.303043,14.921623,14.490177,10.1597,13.420831,11.995578,13.611188,15.993349,17.787275,18.528345,23.256453,23.103722,27.02414,30.72908,28.102375,26.637379,22.938295,27.62581,23.58865,28.132565,28.173742,31.33512,33.257957,33.14749,29.951162,30.576836,25.864166,28.561579,24.6732,27.833567,23.715395,27.224354,30.76636,27.13212,24.135399,22.214073,17.48797,16.359716,12.124416,11.172495
13,32.277187,29.565739,25.496948,23.063908,21.05939,17.158796,16.76001,11.249004,9.657509,7.474305,5.4826617,9.233383,3.8867822,0.0,6.0248384,6.7026877,10.222622,12.586025,16.317028,19.228004,22.341022,25.671738,27.136288,31.208029,31.915155,31.213306,25.824406,24.712217,20.945887,20.657185,17.179771,18.646778,15.58427,15.294139,13.90467,14.8093195,13.156982,14.126385,9.831944,11.749963,7.679392,13.450868,13.541248,17.238855,19.122614,23.86424,25.161594,29.896158,31.750435,34.49301,32.15276,32.769276,37.94936,38.12373,36.938892,35.342514,30.885584,30.318592,28.773174,31.79064,24.89396,27.81091,25.44368,27.201073,27.451845,23.065334,23.064848,23.104439,20.647848,17.099112,17.147165,13.14819,15.189095,14.457954,14.860484,17.366318,18.379347,18.300806,23.065022,22.182758,26.064928,29.436947,26.823214,24.966549,21.26493,25.759224,21.997477,26.494217,26.74077,30.150372,31.985826,32.371647,29.408728,30.245937,25.442509,28.290522,24.352785,27.442066,23.57048,26.868095,30.72502,26.91359,23.7331,22.489717,17.303173,16.296944,12.397413,11.143808
14,27.185339,24.88384,20.37775,18.728197,16.94166,12.468665,13.435,7.0893884,8.399242,5.8404984,7.92348,12.149653,6.7862015,6.0248384,0.0,5.471932,6.845933,10.021995,13.375811,16.154547,19.51818,22.463465,24.856478,28.64183,29.748123,29.653456,23.554897,23.930464,20.522297,20.69006,18.212599,19.806967,18.74055,18.29342,18.271496,19.643158,18.669338,19.276342,14.475253,15.311195,10.010047,14.940275,12.357271,16.504738,16.691843,20.97634,22.700703,26.577887,28.168854,31.45594,29.88728,30.046955,35.32326,36.158134,35.45165,34.29935,29.621422,30.075743,28.438175,31.334837,24.886118,27.880728,24.997458,26.615437,25.55915,20.891243,20.371508,19.350895,17.575884,13.087372,15.224492,12.401029,15.211937,16.20287,17.05178,20.432835,21.765236,20.986282,26.365423,24.825323,28.803175,32.162346,28.846472,26.559788,22.253153,26.239822,21.290743,25.237484,24.504866,27.563953,28.90906,29.086637,26.092875,27.36603,23.056108,26.716228,23.589975,27.157305,24.285795,28.346489,32.511814,29.486351,26.158945,25.787125,19.995539,20.254858,16.077595,16.120731
15,26.144806,23.193048,19.482306,16.57055,14.604939,11.031002,10.605045,6.041875,5.1377764,7.2340426,6.9248676,12.9811125,9.2600975,6.7026877,5.471932,0.0,4.5417604,5.8863854,9.9188,12.550963,15.898827,19.116127,20.748558,24.74236,25.462906,24.99845,19.290749,18.908583,15.306785,15.578743,12.784152,15.182986,14.204803,14.887285,14.903451,17.220308,16.223072,15.942299,10.866588,10.82598,5.6557446,10.156176,7.7820106,12.316538,12.7500925,18.113848,18.897696,23.62229,25.846514,28.35368,26.250776,27.46796,32.35741,32.48988,31.937763,30.390179,26.125734,26.147501,25.078995,28.732248,22.267088,26.02759,23.79503,26.372665,25.560118,20.345139,21.382952,20.564404,19.564621,16.096506,17.192589,14.589099,15.024777,16.684835,15.87768,19.343752,19.718283,17.871983,23.219395,20.82952,24.691362,27.694925,24.345362,21.73306,17.46984,21.294798,16.797781,20.85775,20.706964,24.143673,25.713945,26.44319,23.727133,24.943155,20.338516,23.767258,20.389666,23.703274,21.033398,24.738855,29.182545,26.083328,22.61921,23.182177,16.982344,17.742338,14.158686,14.572252
16,22.79249,20.176523,16.234,13.417964,12.316405,7.6296506,9.984323,6.2048717,8.12829,10.361595,11.322955,17.154863,12.696074,10.222622,6.845933,4.5417604,0.0,4.6119633,6.6489067,9.9572935,12.816781,15.95051,18.187092,22.003942,23.334394,23.296106,17.344336,17.765314,14.799264,14.790779,13.554134,14.749326,15.819761,15.684862,17.098663,19.43234,19.386965,19.216478,14.414906,14.322917,9.75433,13.241401,9.140507,14.013454,12.132099,17.895578,18.16061,22.364014,24.84556,27.368364,25.90431,27.493937,32.10552,32.42423,32.60235,31.217026,27.160978,27.818604,27.075083,30.931015,24.932892,28.905848,26.560913,29.17756,27.531187,22.103018,23.004116,21.293304,21.044813,16.999975,19.55174,17.605457,18.444511,20.687046,20.052008,23.701368,24.059666,21.831596,27.230623,24.323671,28.059425,30.752678,27.16068,24.114237,19.704039,22.767756,17.858757,21.165367,20.338451,23.602863,24.55861,25.601233,23.161825,24.93427,20.865292,24.931374,22.271786,25.72297,23.94121,27.81503,32.456955,29.721138,26.211777,27.351145,20.99897,22.124193,18.634964,19.079838
17,21.177221,17.914413,14.856388,11.173035,9.3732395,6.805344,6.394667,5.844921,6.5548596,11.2401,11.772511,17.831177,14.94905,12.586025,10.021995,5.8863854,4.6119633,0.0,4.918025,6.7051964,10.426101,13.433051,15.250624,19.111403,19.841969,19.68081,13.608876,14.28704,11.15578,12.219268,10.80304,13.944918,15.248978,16.65656,17.727474,20.755085,20.247795,19.223885,14.375435,13.000588,8.996624,10.345948,5.171394,9.91535,7.671929,13.912871,13.774879,18.451885,21.189402,23.29488,21.502031,23.529379,27.940363,27.971268,28.184258,26.697697,22.819723,23.481964,23.03203,27.231766,21.548431,25.928856,23.984087,27.184698,25.47486,19.79157,21.798716,20.231245,20.68949,17.670233,19.460796,18.106085,17.321144,20.427326,18.86139,22.661291,22.528854,19.468725,24.846031,21.306576,24.872856,27.351776,23.485306,20.243357,15.736846,18.433472,13.357975,16.558084,15.893218,19.312782,20.500574,21.72378,19.421083,21.088465,16.929626,20.880617,18.346346,21.674572,20.452488,24.271437,29.055967,26.721996,23.21162,25.263294,18.76641,20.747759,17.757841,19.034927
18,18.740147,15.7257395,13.051625,8.79879,8.782125,6.013481,8.879465,9.79441,11.468498,15.766372,16.435501,22.552628,18.997656,16.317028,13.375811,9.9188,6.6489067,4.918025,0.0,4.1226997,6.1756816,9.430814,11.591415,15.357763,16.855627,17.045826,11.131387,12.3126955,10.351437,10.713385,11.566043,12.881653,16.388882,17.075527,19.425333,22.470098,22.898476,21.939852,17.57458,16.387056,13.244289,14.214092,9.228867,13.329853,8.873867,15.422304,13.94009,18.122576,21.448496,23.035248,21.830336,24.81149,28.53975,28.398983,29.538887,28.056007,24.789095,25.821253,25.97505,30.497272,25.372856,29.977055,28.172018,31.500277,29.29975,23.552359,25.600952,23.429153,24.482985,21.152342,23.789148,22.677216,22.12187,25.326797,23.738077,27.493956,27.16478,23.81964,28.985737,24.977428,28.262857,30.229408,26.377531,22.741602,18.488878,20.142418,15.433669,17.502878,16.417213,19.634438,20.056896,21.990377,20.311249,22.522238,19.097775,23.343803,21.516304,24.65844,24.253485,27.85219,32.735523,30.599606,27.118061,29.65752,23.194551,25.204466,22.44091,23.443419
19,16.22646,12.681467,11.077417,6.122413,5.8943305,6.401476,7.356959,10.964047,12.4864645,17.417097,18.30951,24.250175,21.591938,19.228004,16.154547,12.550963,9.9572935,6.7051964,4.1226997,0.0,4.6174436,6.8940177,9.289382,12.759379,13.792833,14.303727,7.7628756,10.72473,9.339818,11.089404,12.259857,14.99703,18.61119,20.206451,22.240782,25.586561,25.646038,24.225622,19.86295,17.918713,15.086007,14.538843,9.118915,11.939728,6.0654306,12.191522,10.122285,14.122441,17.683538,18.976198,17.926893,21.223469,24.637114,24.50356,25.960405,24.61795,21.582579,23.065786,23.481117,28.087812,23.646416,28.387241,26.818123,30.422009,27.856064,22.09762,24.783781,22.48866,24.295303,21.705975,24.135294,23.714813,22.304743,26.21233,24.246216,28.116299,27.604832,23.764372,28.843786,24.442242,27.48139,29.23273,25.089212,21.354876,17.141634,18.009796,13.01223,14.223208,12.676779,15.722499,15.982527,18.119228,16.735474,19.07577,16.093239,20.404615,19.23717,22.2499,22.761156,26.381092,31.279678,29.769257,26.394123,29.657303,23.258366,25.975893,23.518232,25.171381
20,16.375813,13.246182,12.607055,7.736902,9.390466,9.653066,11.95217,15.186696,16.658072,21.524527,22.092867,28.211235,25.08628,22.341022,19.51818,15.898827,12.816781,10.426101,6.1756816,4.6174436,0.0,3.6900566,5.727369,9.236321,11.212267,11.9061575,6.5585375,9.223169,9.47359,10.152814,13.226312,14.19285,19.309391,20.419317,23.298681,26.624004,27.400942,26.000639,22.163532,20.434296,18.35122,17.810976,13.14534,15.811826,10.0147915,15.760544,12.4702635,15.9523535,19.999516,20.394897,19.673138,24.012093,26.579453,25.96694,28.175938,26.679659,24.420052,25.817451,26.82031,31.719759,27.603806,32.51015,31.177195,34.918747,32.313114,26.57638,29.323524,26.861584,28.795305,25.983372,28.67751,28.104355,26.800827,30.512068,28.407179,32.13299,31.36359,27.368776,32.154194,27.455168,30.20915,31.453299,27.545534,23.58484,19.845194,19.928806,15.963591,16.328241,14.985154,17.756699,17.395235,20.282711,19.612196,22.152903,19.728031,23.836285,22.958614,25.617796,26.466276,29.663254,34.563976,33.014893,29.693954,33.216244,26.919691,29.450235,27.23723,28.530352
21,13.864732,10.842399,11.520661,7.1712985,9.660319,11.331522,13.527361,17.581327,19.375626,24.213205,25.140379,31.132288,28.21702,25.671738,22.463465,19.116127,15.95051,13.433051,9.430814,6.8940177,3.6900566,0.0,4.7452803,6.735292,9.167975,10.808128,5.9013762,10.560924,11.78257,12.954131,16.287407,17.484144,22.76962,24.012453,26.913052,30.281456,31.015945,29.505478,25.659475,23.708012,21.601429,20.593884,15.717643,17.68452,11.393283,15.74594,12.111503,14.305968,18.419853,18.449776,18.454985,23.001772,24.977024,24.519339,27.336952,26.119614,24.25418,26.19533,27.407621,32.19962,28.775892,33.630997,32.371155,36.13518,33.087387,27.486044,30.36263,27.611055,30.10608,27.577782,30.508192,30.42305,28.941868,33.04502,30.92377,34.740765,33.973427,29.789408,34.517708,29.650087,32.207817,33.259476,29.211239,25.243982,21.665964,21.05489,17.116156,16.448555,14.5010395,16.599707,15.54328,18.696669,18.583176,21.36583,19.781532,23.923876,23.811954,26.328182,27.935701,31.14571,35.985954,34.931934,31.719778,35.622288,29.397963,32.28088,30.140789,31.726254
22,17.972805,14.770975,16.068588,11.470174,13.121693,15.013537,15.89547,20.188292,20.95767,26.356575,26.467909,32.54781,30.006067,27.136288,24.856478,20.748558,18.187092,15.250624,11.591415,9.289382,5.727369,4.7452803,0.0,4.208971,5.8883724,6.6163864,4.414924,7.003224,9.616609,10.578054,14.693472,15.7742195,21.366507,23.155891,26.045107,29.612604,30.468933,28.598326,25.356186,23.161568,22.177711,20.415894,16.690002,18.113052,12.694998,17.40022,12.68523,15.7746315,20.309717,19.143194,18.353184,24.095192,25.414345,23.911484,26.87636,25.16015,24.086555,25.338184,27.19545,32.429367,29.166117,34.282524,33.563473,37.718998,35.189682,29.573536,33.05578,30.755842,33.096222,30.869898,33.09183,32.71258,30.575556,34.475662,31.774698,35.298485,34.02154,29.534185,33.74423,28.551693,30.690725,31.173914,27.45367,23.379923,20.450619,19.128197,16.601633,15.566712,14.735924,17.082727,16.38324,20.116951,20.393635,22.79355,21.054796,24.485312,24.14768,26.108171,27.803394,30.331945,35.095715,33.96665,30.893927,35.19582,29.267033,32.104206,30.540579,32.018898
23,17.387375,14.662617,17.13592,13.323698,15.447607,17.974092,19.004642,23.699766,24.742357,30.087141,30.44391,36.46029,33.984177,31.208029,28.64183,24.74236,22.003942,19.111403,15.357763,12.759379,9.236321,6.735292,4.208971,0.0,4.03856,6.351571,6.9443355,10.255214,13.414054,14.454576,18.68612,19.602367,25.378088,27.119827,30.131475,33.687393,34.623703,32.698517,29.530897,27.241823,26.273933,24.265558,20.440807,21.414125,15.810372,19.291168,14.412467,16.06173,20.512228,18.671165,18.642742,24.676977,25.112978,23.571453,27.267038,25.80137,25.367151,27.030664,29.16974,34.283813,31.732618,36.776985,36.178844,40.353252,37.481426,32.03197,35.605816,33.079193,35.855305,33.81773,36.25362,36.22124,33.982056,38.145977,35.4272,38.991795,37.685345,33.058277,37.13606,31.814362,33.700886,33.90013,30.177908,26.159239,23.53574,21.536083,19.33247,17.339586,16.135592,17.649553,16.220453,20.230774,21.193249,23.712198,22.84661,26.134672,26.501585,28.220526,30.590628,33.008144,37.650593,36.962227,34.03114,38.654205,32.846096,35.911655,34.43637,36.07981
24,19.198864,15.9831,18.873812,14.882436,16.170757,19.53154,19.093262,24.384644,24.794928,30.479929,30.542068,36.374763,34.61151,31.915155,29.748123,25.462906,23.334394,19.841969,16.855627,13.792833,11.212267,9.167975,5.8883724,4.03856,0.0,3.2702887,6.355877,9.273972,12.638574,14.469944,18.184792,20.258743,25.398203,27.939322,30.418139,34.17575,34.707508,32.422348,29.415968,26.698582,26.221521,23.358675,20.137863,20.213764,15.3167,18.11003,12.78214,14.665974,19.210485,16.527155,15.909902,22.58666,22.54034,20.358885,24.09705,22.438189,22.569473,24.005611,26.523344,31.73687,29.661901,34.736183,34.55383,38.961132,36.34179,31.045076,35.152077,32.986977,35.849934,34.390026,36.177986,36.272865,33.33835,37.616737,34.50704,37.90922,36.33351,31.471947,35.18063,29.70643,31.239729,31.13423,27.46733,23.546434,21.383177,18.711174,17.290998,14.655349,14.011332,15.40144,14.30961,18.549948,19.802074,21.93751,21.197071,23.861492,24.391802,25.653885,28.420397,30.446245,34.92551,34.560093,31.831665,36.85892,31.378145,34.710392,33.65023,35.58065
25,22.028635,18.580114,21.011282,16.588402,17.412426,20.475681,19.469141,24.568947,24.362114,30.245373,29.790777,35.600147,34.059746,31.213306,29.653456,24.99845,23.296106,19.68081,17.045826,14.303727,11.9061575,10.808128,6.6163864,6.351571,3.2702887,0.0,6.84566,7.1917987,10.894055,12.612356,16.277195,18.477333,23.363768,26.259197,28.541027,32.358154,32.85955,30.400583,27.764185,24.969555,25.131048,21.974419,19.555773,19.471533,15.384221,18.753387,13.254488,16.223902,20.820244,17.978497,16.46953,23.455814,23.503922,20.726854,24.052765,21.953896,22.288462,23.016909,25.771881,31.233938,28.94764,34.13905,34.21882,38.793552,36.65349,31.327852,35.661743,33.85327,36.40492,35.01796,36.335606,36.12614,32.91204,36.920082,33.527184,36.701725,34.85777,29.936678,33.324543,27.775654,29.111511,28.74733,25.34513,21.407846,19.639967,16.796875,16.320305,13.984879,14.332003,16.215557,15.802705,19.991163,21.030191,22.832712,21.574997,23.818718,23.853779,24.849771,27.308287,28.915627,33.341812,32.74525,30.084034,35.1685,29.89967,33.07739,32.34161,34.13942
26,17.312546,13.446054,14.881748,10.129564,10.629616,13.7988405,12.893065,18.07337,18.48114,24.126854,24.322062,30.151066,28.375242,25.824406,23.554897,19.290749,17.344336,13.608876,11.131387,7.7628756,6.5585375,5.9013762,4.414924,6.9443355,6.355877,6.84566,0.0,6.6334653,8.189997,10.833631,13.583654,16.692709,21.134506,23.73152,25.83952,29.585203,29.74506,27.619059,24.071554,21.38836,20.254103,17.731823,13.9177065,14.485056,9.165129,13.28137,8.338222,12.067761,16.640255,15.550394,14.281078,19.931997,21.549122,20.130836,22.7329,21.060486,19.71458,21.118687,22.871597,28.047758,24.982536,30.071993,29.460367,33.706787,31.20877,25.676683,29.52395,27.463406,29.955404,28.31689,30.03857,29.97445,27.276924,31.491405,28.619404,32.181965,30.905746,26.272705,30.511446,25.304483,27.44367,28.114096,24.101295,20.117472,17.008312,15.606117,12.557992,11.292108,10.3558655,12.937589,12.724145,16.320866,16.428679,18.622805,16.766611,20.076576,19.86564,21.81249,23.791864,26.452276,31.19665,30.401783,27.384075,31.909859,26.05384,29.3125,27.849228,29.82004
27,23.638575,19.865122,20.506075,15.394625,15.43342,17.038969,15.77708,19.7236,18.804335,24.686543,23.59218,29.498964,27.787731,24.712217,23.930464,18.908583,17.765314,14.28704,12.3126955,10.72473,9.223169,10.560924,7.003224,10.255214,9.273972,7.1917987,6.6334653,0.0,4.0714064,5.606221,9.170564,11.77735,16.24163,19.331356,21.384533,25.228167,25.678162,23.293667,20.686176,18.097593,18.572296,15.871771,14.166278,14.980567,11.90023,17.435078,12.66708,17.764494,22.246012,20.765903,18.270695,24.340115,25.95165,23.49286,25.428345,22.952,22.017488,21.851234,23.989758,29.623873,25.887108,31.18433,31.020079,35.505207,34.046974,28.474846,32.51087,31.120428,32.79149,30.997356,31.929173,30.977283,28.03834,31.395512,28.026428,31.05806,29.218225,24.586508,28.191557,22.875305,24.730606,24.908848,21.608807,17.514769,15.18244,13.9177885,13.0869465,13.062537,14.239797,17.47761,18.165964,21.675926,21.517155,23.111097,20.311546,22.768085,21.342318,22.791294,23.727879,25.476143,30.141232,28.522505,25.554264,29.944479,24.440296,27.040073,26.192165,27.53655
28,24.196434,20.273954,20.041664,14.915948,14.151401,15.184931,13.174373,16.535976,15.06799,20.971788,19.620163,25.477798,23.96286,20.945887,20.522297,15.306785,14.799264,11.15578,10.351437,9.339818,9.47359,11.78257,9.616609,13.414054,12.638574,10.894055,8.189997,4.0714064,0.0,4.2163653,5.60257,10.105791,13.336342,16.836449,18.307135,22.2149,22.232594,19.838818,16.889109,14.183213,14.552773,11.87917,10.526459,11.671612,9.624433,15.8633795,11.998872,17.836004,21.976355,21.284977,18.39352,23.610899,26.063,23.961082,25.076653,22.581543,20.841866,20.363703,21.964863,27.498428,23.06478,28.311743,27.977928,32.359146,31.23397,25.637074,29.527687,28.439472,29.671955,27.87791,28.44851,27.241613,24.31745,27.450802,24.10657,27.130714,25.38579,20.90929,24.780344,19.677353,21.942766,22.667496,19.243233,15.200927,12.2764845,12.277125,10.7492,12.199704,13.633644,17.340832,18.621801,21.544453,20.729225,22.096281,18.555958,21.050165,18.903818,20.651703,20.7817,22.78072,27.547152,25.529636,22.3869,26.380157,20.690912,23.156845,22.162958,23.500216
29,26.208405,22.616823,21.963785,16.852602,16.671095,16.431364,15.845209,17.97614,16.641722,22.081802,20.374924,26.36801,24.07949,20.657185,20.69006,15.578743,14.790779,12.219268,10.713385,11.089404,10.152814,12.954131,10.578054,14.454576,14.469944,12.612356,10.833631,5.606221,4.2163653,0.0,5.274502,6.270231,11.009267,13.727936,16.030659,19.779875,20.608757,18.527964,16.13985,14.252559,15.065184,13.665316,12.809393,14.953985,12.958961,19.674656,15.956999,21.574951,25.782808,25.172539,22.499,27.735567,30.180115,28.027771,29.251106,26.682041,25.016903,24.311163,25.864735,31.370623,26.575457,31.74739,31.289888,35.510395,34.565853,28.92036,32.39385,31.242657,32.094723,29.720135,30.562195,28.835997,26.555508,29.085098,25.96634,28.792316,27.055641,22.975481,26.689486,21.876423,24.15623,24.76802,21.869473,17.960316,15.375441,15.771379,14.734271,16.40495,17.74558,21.403603,22.434622,25.461494,24.624964,26.141714,22.52542,25.141645,22.732668,24.517515,24.089317,25.891167,30.571587,28.012121,24.857227,28.290285,22.689003,24.399687,23.344538,23.917065
30,28.288683,24.466627,23.247585,18.341333,17.078838,16.655914,14.509356,15.865781,13.264709,18.662395,16.225407,21.896507,20.432411,17.179771,18.212599,12.784152,13.554134,10.80304,11.566043,12.259857,13.226312,16.287407,14.693472,18.68612,18.184792,16.277195,13.583654,9.170564,5.60257,5.274502,0.0,7.3443575,8.039224,12.273828,12.922319,16.893124,16.690548,14.246422,11.585238,9.154836,10.710296,8.86504,9.875242,11.778846,12.148927,18.65389,16.019924,22.16016,25.870007,25.771965,22.491325,26.859056,29.958609,27.940742,28.151915,25.490204,23.24039,21.894299,22.93928,28.242031,22.848785,27.852962,27.459013,31.61026,31.34345,25.89157,29.383774,28.8775,29.15193,27.1504,27.06946,25.023531,22.372871,24.481054,21.130013,23.720043,21.87734,17.945524,21.66572,17.143316,19.729214,20.863935,18.02768,14.421139,11.633503,13.463121,12.508343,15.55917,17.488295,21.40028,23.174026,25.546349,24.145779,25.1479,20.844515,22.994484,19.743105,21.52421,20.081995,21.805902,26.41825,23.399155,20.171986,23.182962,17.639341,19.145597,18.263481,18.890884
31,30.39898,27.16519,25.582357,20.797832,20.699282,18.774271,19.23964,19.318516,17.80366,22.155638,19.798447,25.558153,22.44213,18.646778,19.806967,15.182986,14.749326,13.944918,12.881653,14.99703,14.19285,17.484144,15.7742195,19.602367,20.258743,18.477333,16.692709,11.77735,10.105791,6.270231,7.3443575,0.0,7.0076294,7.922072,11.2713785,14.574455,16.467089,15.094661,13.61878,13.28997,14.634034,15.217447,15.417802,18.527544,17.450342,24.523943,21.54686,27.212702,31.21728,31.11332,28.431622,33.150578,36.04636,34.045597,34.880863,32.249268,30.22831,29.10981,30.24887,35.532143,29.999956,34.897816,34.203117,38.0572,37.614944,32.0515,34.841183,33.890938,33.916317,30.90664,31.745342,29.183485,27.834879,29.261791,26.587914,28.998646,27.412897,24.195993,27.704561,23.687979,26.15313,26.995153,24.780975,21.311771,18.930155,20.407537,19.523033,22.03686,23.415567,27.192902,28.313593,31.07492,29.860594,31.343908,27.296417,29.957355,26.900867,28.834372,27.285757,28.945847,33.43349,30.015747,26.85887,29.119797,23.785557,24.25719,23.072021,22.469994
32,34.7639,31.27525,29.226551,24.6411,23.54152,21.49012,20.448559,19.407,16.456612,20.045336,16.43427,21.280914,19.190077,15.58427,18.74055,14.204803,15.819761,15.248978,16.388882,18.61119,19.309391,22.76962,21.366507,25.378088,25.398203,23.363768,21.134506,16.24163,13.336342,11.009267,8.039224,7.0076294,0.0,5.7383347,5.3533907,9.264847,10.026668,8.165787,7.8147693,8.23478,11.484233,12.513078,15.24752,17.871073,19.246258,25.807081,23.835865,29.93574,33.449482,33.71272,30.374163,34.27372,37.709515,35.699425,35.45541,32.678696,30.261106,28.278166,28.90184,33.789112,27.701244,32.157578,31.64189,35.26629,35.87633,30.745049,33.412575,33.34393,32.50322,29.930462,29.507753,26.324324,24.760197,25.085917,22.264479,23.927404,22.148523,19.673334,22.598808,19.50056,22.03171,23.284855,21.755781,19.082607,17.175985,19.929863,19.68068,23.274769,25.313334,29.250696,31.099575,33.257065,31.543966,32.42579,27.762798,29.713121,25.771915,27.475111,24.62289,25.792547,29.85782,25.684107,22.694508,23.893797,19.26041,18.683563,18.006538,16.718126
33,35.674572,32.66284,30.047241,25.825745,25.28218,22.054314,22.71234,20.53061,18.585526,21.077644,17.952705,22.705042,19.083788,15.294139,18.29342,14.887285,15.684862,16.65656,17.075527,20.206451,20.419317,24.012453,23.155891,27.119827,27.939322,26.259197,23.73152,19.331356,16.836449,13.727936,12.273828,7.922072,5.7383347,0.0,5.150727,7.1518703,10.290422,10.474186,10.296048,12.359252,13.925543,16.747915,18.21889,21.802,22.185223,29.095469,27.280064,33.0514,36.580303,37.244324,34.400364,38.121647,41.756104,40.113712,40.172024,37.578575,34.90571,33.373142,33.775486,38.51322,32.191776,36.492016,35.489895,38.714462,39.029686,33.840565,35.74006,35.29451,34.184025,30.784035,31.19167,27.691994,27.440155,27.344316,25.410233,27.153229,25.968676,24.153927,27.368898,24.741123,27.483479,28.928778,27.372595,24.67125,22.38283,25.191217,24.143236,27.659216,29.09234,32.988693,34.453648,36.631474,34.828167,36.069256,31.48628,34.025227,30.222399,32.32666,29.413023,31.01654,35.115334,30.83315,27.78309,28.319374,23.590227,22.494946,21.111458,19.065533
34,38.130775,34.857307,32.173042,28.001385,26.780323,23.894157,23.2565,20.774553,17.826721,19.868778,15.892527,19.750387,17.316607,13.90467,18.271496,14.903451,17.098663,17.727474,19.425333,22.240782,23.298681,26.913052,26.045107,30.131475,30.418139,28.541027,25.83952,21.384533,18.307135,16.030659,12.922319,11.2713785,5.3533907,5.150727,0.0,4.012015,5.427139,5.4279723,6.7182283,9.5081005,12.279682,15.030525,18.05485,21.008453,22.911642,29.289011,28.037252,34.033386,37.239243,38.027866,34.745575,37.96687,41.849712,40.16438,39.527893,36.864834,34.023544,31.953196,32.047314,36.45917,29.943432,33.88411,33.084267,36.16634,37.21754,32.404602,34.34245,34.553238,32.960552,30.101185,29.470762,25.677212,25.050827,24.2318,22.127625,23.266304,21.926277,20.6834,23.378044,21.482204,24.17675,25.88169,24.780512,22.692982,20.799076,24.233438,23.644651,27.670462,29.537062,33.468998,35.40649,37.20961,35.156673,35.95563,31.072525,33.03805,28.765432,30.627594,26.979914,28.197285,31.921762,27.25938,24.411089,24.218859,20.145992,18.33203,17.417788,14.909214
35,41.168606,38.07702,35.07675,31.147434,29.994938,26.634588,26.432247,23.243998,20.51866,21.572788,17.6261,20.638151,17.895815,14.8093195,19.643158,17.220308,19.43234,20.755085,22.470098,25.586561,26.624004,30.281456,29.612604,33.687393,34.17575,32.358154,29.585203,25.228167,22.2149,19.779875,16.893124,14.574455,9.264847,7.1518703,4.012015,0.0,4.75562,6.9786587,9.264108,12.745539,15.020549,18.439924,21.39798,24.507841,26.46983,32.787296,31.79262,37.703865,40.799892,41.809532,38.594906,41.561768,45.615677,44.057922,43.29959,40.67839,37.695835,35.589245,35.473057,39.63815,32.9679,36.596897,35.648663,38.375736,39.654938,35.055023,36.514477,36.832104,34.815075,31.727314,31.09046,26.96548,27.03935,25.49126,23.948694,24.690214,23.658508,23.196754,25.600391,24.405243,27.058315,28.868021,28.084766,26.285744,24.48539,28.09496,27.42747,31.560678,33.33042,37.24885,39.168404,40.856335,38.67667,39.476738,34.536453,36.532623,32.15208,34.066654,30.084797,31.26201,34.741463,29.851631,27.161837,26.181063,22.616646,20.102762,19.124617,15.877455
36,41.303673,38.006416,35.00851,31.178091,29.471476,26.535742,25.238117,22.00828,18.588915,19.350185,14.898006,17.101452,15.710528,13.156982,18.669338,16.223072,19.386965,20.247795,22.898476,25.646038,27.400942,31.015945,30.468933,34.623703,34.707508,32.85955,29.74506,25.678162,22.232594,20.608757,16.690548,16.467089,10.026668,10.290422,5.427139,4.75562,0.0,3.6871243,6.5817904,10.1732855,12.868857,16.039564,19.898693,22.415834,25.45926,31.157366,30.715195,36.65155,39.40164,40.580578,37.11933,39.531853,43.796837,42.34414,41.037224,38.473125,35.282433,32.922268,32.467102,36.26739,29.527565,32.813503,31.976469,34.567783,36.337685,32.079376,33.592667,34.414337,32.12787,29.619503,28.123966,23.938221,23.566998,21.5985,19.903164,20.244585,19.17589,19.19114,21.360826,20.79682,23.51998,25.718967,25.05303,23.745241,22.083124,26.165148,25.577394,30.032112,31.992252,35.850655,38.107193,39.416653,37.0389,37.485832,32.39925,33.96779,29.331856,31.107376,26.64651,27.68423,30.89029,25.862202,23.301805,21.7478,18.614428,15.649778,14.939785,11.471577
