,0,1,2,3,4,5,6,7,8,9,10,11,12,13,14,15,16,17,18,19,20,21,22,23,24,25,26,27,28,29,30,31,32,33,34,35,36,37,38,39,40,41,42,43,44,45,46,47,48,49,50,51,52,53,54,55,56,57,58,59,60,61,62,63,64,65,66,67,68,69,70,71,72,73,74,75,76,77,78,79,80,81,82,83,84,85,86,87,88,89,90,91,92,93,94,95,96,97,98,99,100,101,102,103,104,105,106,107,108
0,0.0,3.6904576,7.372041,11.109826,13.947544,15.562878,18.823103,19.827385,23.62392,22.78237,26.674059,25.901634,29.763756,28.786663,36.02712,34.14721,37.927776,39.197353,42.797146,45.02466,47.335014,50.71545,52.862507,48.20368,47.933052,44.600857,44.16449,42.528748,39.98728,42.857254,37.30949,41.52528,36.021152,36.7292,35.705826,33.21249,29.746073,31.09434,31.688107,29.782364,26.441116,30.382381,30.380919,25.39988,25.248333,29.844969,26.85304,22.523537,24.504698,22.592045,28.327879,29.011583,29.551466,30.28571,34.195797,37.898464,35.40255,39.820446,39.886074,34.37359,36.915413,40.948578,43.90601,43.417595,38.411926,38.45022,43.995865,44.016354,40.66956,44.41597,47.087513,45.329594,42.874126,47.508823,42.955402,47.165115,45.270336,40.538742,42.55973,37.088528,36.54987,35.236904,33.335796,34.877953,35.209846,39.208004,39.42445,45.555126,46.95616,50.682976,51.42859,50.014877,55.146915,49.225452,45.926735,42.649834,39.753647,36.064125,34.20677,29.87195,28.147268,24.39978,29.4012,31.531109,35.631153,37.11632,40.681816,43.19601,46.24609
1,3.6904576,0.0,3.9930475,7.804523,11.014392,13.639068,15.9997225,17.915264,21.322927,21.06525,24.928926,24.299006,28.070274,26.713116,33.8859,31.620317,35.318836,36.386635,39.985092,42.039066,44.2209,47.64112,49.694515,44.907673,44.65147,41.353123,41.05856,39.609707,37.148663,40.268505,34.684277,39.290813,34.10558,34.781673,33.303204,30.755308,27.49494,28.632053,28.869444,27.022196,23.789661,27.284182,27.221907,22.304173,21.979712,26.36924,23.394358,19.050085,20.92149,19.23016,24.990202,25.364368,26.09397,26.999144,30.75173,34.422596,32.017433,36.452755,36.573948,31.233461,33.7867,37.909824,40.95811,40.583466,35.642902,35.67539,41.24878,41.38362,37.817894,41.356075,44.190712,42.55654,39.856117,44.343834,39.733486,43.826607,41.851437,37.101696,38.992607,33.510033,32.940434,31.585964,29.79178,31.401562,31.856068,35.794662,36.209534,42.2836,43.838028,47.533577,48.42786,47.04998,52.117134,46.325424,42.975758,39.76021,36.877934,33.227627,31.501774,27.134245,25.831196,22.489117,27.645504,29.52131,33.958748,34.94204,38.568077,40.893494,43.942783
2,7.372041,3.9930475,0.0,4.520051,8.100693,11.769817,12.985845,15.527693,18.410751,18.492239,22.26478,21.541222,25.177105,23.464346,30.56274,28.183807,31.723856,32.8218,36.223736,38.348717,40.392803,43.83439,45.78537,41.0768,40.934074,37.628014,37.550034,36.13299,33.896584,37.15378,31.797926,36.818016,31.926352,32.90479,31.039948,28.19382,25.304167,26.61328,26.23937,24.185667,21.468214,24.667162,24.134985,19.223768,19.171825,23.297403,19.775219,15.757896,18.00354,16.81386,22.504618,22.301897,23.792513,24.900629,28.21009,31.622309,29.105347,33.557835,34.08364,28.968714,31.076115,35.513775,38.531933,38.506733,33.570583,33.3068,38.85991,38.917183,35.05246,38.547054,41.371918,39.674458,36.745228,41.161617,36.624252,40.660896,38.515865,33.818718,35.539463,30.118301,29.342607,27.985285,25.992804,27.655325,28.281633,32.06045,32.720722,38.72386,40.369656,44.098545,44.990425,43.497765,48.43623,42.649574,39.218296,36.06169,33.079926,29.609222,27.772652,23.580677,22.39866,19.36974,24.67972,26.37183,31.1724,31.863575,35.40202,37.69585,40.606457
3,11.109826,7.804523,4.520051,0.0,3.777788,8.471981,8.602124,12.024309,14.48766,15.333571,18.943783,18.74795,22.213133,20.340363,27.232674,24.353323,28.0216,28.78251,32.558746,34.337887,36.572906,39.98109,42.1684,37.244125,36.888763,33.588066,33.263367,31.88659,29.512085,32.83547,27.357906,32.492004,27.826042,28.758392,26.652391,23.790934,21.03236,22.306328,21.73875,19.695335,17.064926,20.273727,19.661339,14.721402,14.836944,19.191696,15.767975,11.603904,14.377961,13.004748,18.554157,18.885876,20.566599,21.364307,24.497292,27.706154,24.905724,29.34386,30.08984,24.894215,26.672127,31.213923,34.146065,34.27097,29.294699,28.870825,34.407658,34.43575,30.533972,34.07581,36.854538,35.16714,32.258335,36.72246,32.20339,36.338196,34.29239,29.61117,31.623472,26.224379,25.713966,24.789217,22.594975,23.853613,24.107992,28.133312,28.419693,34.497437,36.049145,39.756252,40.666084,39.299744,44.370358,38.674114,35.36256,32.15643,29.441687,25.644339,24.281698,19.683111,19.126562,16.639109,21.722979,23.086615,27.877363,28.034893,31.753307,33.766327,36.853817
4,13.947544,11.014392,8.100693,3.777788,0.0,5.4529996,4.9952364,8.631533,10.963652,12.256432,15.720535,16.04802,19.390402,17.64728,24.361757,21.250114,25.14726,25.728645,29.916538,31.485033,34.053688,37.37329,39.90673,34.910297,34.316986,30.995926,30.263617,28.72621,26.14245,29.30769,23.75563,28.747633,24.052591,25.077864,23.043806,20.095062,17.32925,18.920475,18.3534,16.150316,13.628638,17.43546,16.650225,11.583807,12.344473,17.15796,13.785706,9.740993,13.3492775,11.5928955,16.711008,17.96784,19.771338,20.024645,22.965897,25.851837,22.584547,26.950342,28.01477,22.615026,23.810827,28.464487,31.172483,31.463099,26.357847,25.638235,31.1321,30.966629,27.164751,31.005632,33.537376,31.696281,29.023859,33.69643,29.297483,33.660164,31.786747,27.192774,29.65016,24.374752,24.176876,23.833597,21.264555,21.926443,21.590286,25.915813,25.55354,31.748583,33.029526,36.750732,37.51539,36.22933,41.48857,35.766914,32.639458,29.324654,26.905092,22.703915,21.762945,16.723372,16.488659,14.28926,18.957302,20.14667,24.683973,24.635193,28.513573,30.383701,33.663128
5,15.562878,13.639068,11.769817,8.471981,5.4529996,0.0,5.9413576,4.968994,8.937711,9.16654,12.677589,13.626076,17.0874,16.401148,22.973969,20.335703,24.667522,25.36006,30.058493,31.603245,34.80399,37.886677,41.001945,36.18064,35.253403,31.921568,30.39072,28.328037,25.31828,27.704702,22.14871,26.04535,20.575994,21.794249,20.860273,17.970528,14.630497,17.195765,17.572252,15.144833,12.492517,18.040699,17.332926,12.450554,14.185849,19.572338,16.6233,13.1281,17.103071,14.600623,18.946157,21.71993,23.104855,22.483772,25.492294,28.037933,24.199049,28.297546,29.561487,23.710596,24.197617,28.664787,30.87107,31.13948,25.807163,24.742695,30.050817,29.412773,26.259375,30.828604,32.693363,30.447603,28.63564,33.768444,29.711323,34.482582,33.03063,28.690742,31.85989,26.893965,27.133543,27.469912,24.467001,24.344736,23.089535,27.734816,26.181753,32.468723,33.086693,36.80947,37.117275,35.91687,41.49163,35.595387,32.86248,29.34742,27.363293,22.632162,22.047197,16.641985,15.899826,13.164456,16.881601,18.369038,21.811935,22.459814,26.483364,28.47893,32.053364
6,18.823103,15.9997225,12.985845,8.602124,4.9952364,5.9413576,0.0,6.159732,6.711373,9.513714,12.247436,13.364298,16.148098,14.263999,20.389446,16.739601,20.77407,21.023777,25.62343,26.877962,29.73711,32.95728,35.815075,30.755135,29.934916,26.611,25.529554,23.872784,21.183487,24.318066,18.819183,24.023872,19.675158,20.999727,18.659319,15.378922,13.088737,15.146664,13.930633,11.344547,9.710766,13.785449,12.309335,7.231633,9.376762,14.19634,10.688534,7.67309,12.2286215,10.711419,14.553481,16.41596,18.780182,18.549517,20.768406,22.979456,19.15304,23.342388,25.05813,19.770247,19.849285,24.805473,27.200878,27.94287,22.803545,21.5087,26.86923,26.446735,22.529879,26.634338,28.884314,26.855276,24.267122,29.098293,24.90338,29.453722,27.681456,23.273085,26.121025,21.135891,21.212696,21.606947,18.569782,18.453331,17.446753,22.002998,20.989134,27.246597,28.283653,32.025085,32.65641,31.419071,36.80979,31.11687,28.17068,24.789017,22.734245,18.137337,17.8252,12.322929,12.9917555,11.903801,15.744128,16.374239,20.797281,20.056202,24.07993,25.64824,29.076607
7,19.827385,17.915264,15.527693,12.024309,8.631533,4.968994,6.159732,0.0,4.5927486,4.4529386,7.7363377,9.107244,12.305288,11.859453,18.181765,15.852483,20.257704,21.249037,25.90142,27.697166,31.121878,34.054462,37.39505,32.954575,32.038727,28.68373,26.995943,24.50007,21.68068,23.653578,18.752256,22.629576,17.205631,19.455143,18.643751,15.058654,12.431478,16.236193,15.840005,12.677752,11.733258,17.487118,15.7203045,11.3158865,14.458948,19.303303,15.655885,13.637989,18.261457,16.408129,19.736938,22.280174,24.549622,23.808119,25.975016,27.758581,23.460777,27.273531,29.380533,23.886274,22.977436,27.80581,29.54175,30.44835,25.149971,23.254639,28.231482,27.05333,23.814411,28.809313,30.09737,27.373236,25.781643,31.099964,27.518064,32.41994,30.942528,26.973036,30.248472,25.748354,25.881605,26.689396,23.07377,22.422504,20.808157,25.271452,23.302649,29.46574,29.733871,33.538673,33.44135,32.013027,37.559856,31.465342,28.860012,25.287111,23.409796,18.63812,18.032986,12.736695,11.642178,9.227162,12.150777,13.536324,16.861513,17.654388,21.58993,23.767704,27.260063
8,23.62392,21.322927,18.410751,14.48766,10.963652,8.937711,6.711373,4.5927486,0.0,4.670999,5.8689756,7.9881554,10.0760765,8.882183,14.510483,11.448231,15.880568,16.66986,21.446663,23.104795,26.571918,29.476484,32.893616,28.482767,27.550741,24.197922,22.535332,19.977936,17.37028,19.523703,14.999943,19.632917,15.040036,17.837044,16.2751,12.102149,10.715352,14.80248,13.1398,9.4677,10.427705,15.311872,12.565853,8.923324,12.983395,16.931505,12.972753,12.431606,17.210068,16.11744,18.362778,20.481813,23.470598,22.754229,24.048056,25.161592,20.65583,24.214748,26.988235,22.059502,20.101406,25.263592,26.773382,28.25451,23.155838,20.691832,25.424276,24.060719,20.413729,25.403257,26.52661,23.65319,21.818895,27.095993,23.760588,28.620848,27.03357,23.318668,26.558296,22.445396,22.538088,23.760477,19.84378,18.717152,16.842737,21.153992,19.022327,25.089218,25.315334,29.168367,29.012596,27.48011,32.982178,26.897123,24.294321,20.719643,18.990805,14.07149,13.869248,8.32214,8.291414,7.873306,9.831215,10.262884,14.127737,13.79388,17.812782,19.72913,23.197384
9,22.78237,21.06525,18.492239,15.333571,12.256432,9.16654,9.513714,4.4529386,4.670999,0.0,3.8923836,4.72129,7.98094,8.157692,14.490716,13.307275,17.542503,19.312994,23.424524,25.875456,29.355345,32.123962,35.52329,31.734188,31.02884,27.668358,26.083738,23.09247,20.770262,22.15316,18.412355,22.070353,16.807058,20.163282,19.669619,15.571391,13.907362,18.505236,17.462698,13.823364,14.461633,19.865358,17.22676,13.48925,17.340437,21.476873,17.055132,16.292278,21.165098,19.926315,22.744783,24.651314,27.66866,27.047997,28.596712,29.817762,25.326687,28.858639,31.628717,26.56658,24.643515,29.697277,31.029245,32.464565,27.310143,24.784435,29.327217,27.644072,24.38249,29.634405,30.340769,27.141228,25.760738,31.121656,28.090221,32.9705,31.376455,27.818222,30.92247,26.894466,26.694534,27.669235,23.545803,22.68343,21.086754,25.050503,23.048838,28.898392,28.86726,32.74278,32.162075,30.347961,35.687363,29.305178,26.75219,23.190308,21.173208,16.803816,15.592726,11.151485,8.634429,5.871138,7.8782544,9.683007,12.982249,14.713579,18.204725,20.953276,24.080416
10,26.674059,24.928926,22.26478,18.943783,15.720535,12.677589,12.247436,7.7363377,5.8689756,3.8923836,0.0,3.9349449,5.230251,6.4057183,11.358348,10.642149,14.838612,16.73186,20.879963,23.325766,27.082129,29.600437,33.290455,29.83125,29.01911,25.759167,23.867483,20.522951,18.363523,19.121439,16.237904,19.477482,14.5677395,18.669159,18.41263,14.125155,13.378142,18.43024,17.032925,13.296495,15.154638,20.235106,17.179317,14.417855,18.665447,22.22471,17.984993,18.157566,22.9759,21.977615,23.962961,25.969278,29.214022,28.38457,29.395647,30.038122,25.358034,28.470024,31.713295,27.01735,24.159538,29.180075,30.051895,31.887442,26.94003,23.900143,27.945122,25.84762,22.76865,28.226753,28.358912,24.826748,23.843607,29.233845,26.734402,31.614239,30.159353,27.056326,30.293428,26.814161,26.712948,28.143261,23.802832,22.396605,20.376978,24.067213,21.51074,27.020283,26.55917,30.3809,29.419987,27.520214,32.84375,26.421556,24.172356,20.620089,19.008675,14.633409,13.806994,9.921985,7.544327,6.5700893,5.4070263,6.665838,9.178171,11.067886,14.485716,17.319586,20.460226
11,25.901634,24.299006,21.541222,18.74795,16.04802,13.626076,13.364298,9.107244,7.9881554,4.72129,3.9349449,0.0,3.9010508,5.000307,11.157329,11.795922,15.3735075,18.160446,21.238256,24.549717,27.855114,30.448814,33.719826,30.749826,30.40592,27.092484,25.881676,22.510727,20.976082,21.835058,19.546711,23.09773,18.419516,22.602575,22.187605,17.790964,17.102016,21.973282,20.272,16.421555,18.216509,22.996693,19.653315,16.542854,20.714403,24.09053,18.96678,19.287666,24.230371,23.62243,26.106026,27.167397,30.912046,30.54136,31.515303,32.255085,27.741365,31.00956,34.351986,29.802725,27.118965,32.35792,33.392517,35.316498,30.376364,27.384157,31.491154,29.439745,26.07988,31.337555,31.582783,28.031887,26.701193,31.903767,29.426867,34.12432,32.32827,29.201628,31.9182,28.384438,27.735191,28.723093,24.21121,23.3188,22.005884,25.231508,23.544779,28.891687,28.684956,32.583687,31.558832,29.274984,34.19962,27.569159,24.999344,21.581717,19.262484,15.787516,13.601108,10.870825,6.568296,3.7886229,3.7267199,6.466944,10.100561,13.02219,15.581933,19.054413,21.474058
12,29.763756,28.070274,25.177105,22.213133,19.390402,17.0874,16.148098,12.305288,10.0760765,7.98094,5.230251,3.9010508,0.0,3.9234686,7.644205,9.583037,12.637236,15.828528,18.492537,22.024576,25.435518,27.762985,31.19709,28.724138,28.407495,25.230122,23.949623,20.283632,19.216965,19.490114,18.397408,21.657267,17.713915,22.42836,22.05356,17.591099,17.808952,22.817629,20.68646,16.860497,19.63967,23.903303,20.172077,17.941862,22.343805,25.080948,20.062492,21.25274,26.09497,25.796011,27.581667,28.513504,32.548855,32.091892,32.518692,32.708755,28.121017,30.97834,34.77631,30.686567,27.202293,32.410133,33.05231,35.383747,30.71413,27.299469,30.889565,28.511278,25.248411,30.51386,30.255043,26.447239,25.368238,30.432798,28.525028,33.088337,31.343328,28.709503,31.37134,28.424273,27.755348,29.095121,24.41188,23.097301,21.573303,24.315575,22.36122,27.200085,26.650215,30.468262,29.061138,26.581715,31.312302,24.632946,22.307299,18.999214,16.952574,13.9042225,11.798136,10.341275,6.261854,6.2657666,0.8896585,3.3575368,6.676611,10.033983,11.9604435,15.742009,17.832905
13,28.786663,26.713116,23.464346,20.340363,17.64728,16.401148,14.263999,11.859453,8.882183,8.157692,6.4057183,5.000307,3.9234686,0.0,7.2675796,7.7279515,10.766491,13.960762,16.433733,20.080858,23.095327,25.741844,28.821548,26.065128,25.980947,22.686192,22.004745,18.68347,17.909237,19.098726,17.702213,22.165865,18.751589,23.100616,21.776731,17.141468,17.597713,22.116827,19.310717,15.427805,18.435665,21.927656,17.868303,15.640704,19.976067,22.237986,16.752647,18.41147,23.178677,23.388975,25.129284,25.290358,29.745426,29.642075,29.809662,29.984524,25.584702,28.57288,32.444305,28.64724,25.308233,30.763588,31.7093,34.128643,29.527697,26.232285,30.045904,28.001303,24.143866,29.005928,29.249651,25.718723,23.87715,28.724585,26.535519,30.91773,28.841204,26.039373,28.308197,25.245539,24.273869,25.408136,20.6868,19.625061,18.571678,21.142868,19.939104,24.894289,24.866697,28.794071,27.781263,25.206684,29.827902,23.149145,20.330751,17.007494,14.372601,11.458534,8.676278,7.2429504,2.4007783,4.6120033,3.1099622,3.304376,9.345537,10.560773,12.695273,16.058586,18.029808
14,36.02712,33.8859,30.56274,27.232674,24.361757,22.973969,20.389446,18.181765,14.510483,14.490716,11.358348,11.157329,7.644205,7.2675796,0.0,5.91305,6.1940246,10.2993,11.480036,15.528958,18.761555,20.723618,24.215181,22.582077,22.512081,19.646635,18.807583,14.969022,15.4456625,15.303167,16.712034,20.356756,18.759827,23.662476,22.447876,18.102594,20.07491,24.50408,21.185032,17.74476,22.078098,24.548008,20.14741,19.672583,24.046316,25.134983,20.405083,23.280506,27.606253,28.198198,28.66118,28.769283,33.455532,33.123936,32.33478,31.468134,27.091944,29.129602,33.72962,30.89457,26.195127,31.336998,31.480051,34.603333,30.665138,26.71845,29.367111,26.773626,23.274023,27.915215,27.12661,23.21832,21.953043,26.294472,25.394295,29.342892,27.466711,25.816677,27.938225,26.220474,25.34495,27.193981,22.44853,20.518553,19.009008,20.388271,18.583633,22.130848,21.322481,24.960413,23.131086,20.147951,24.283707,17.547623,15.374571,12.42435,10.75881,9.371842,7.590795,9.713767,8.240787,11.825532,7.5449486,4.835972,6.9556155,6.706664,6.3706937,10.150498,11.064637
15,34.14721,31.620317,28.183807,24.353323,21.250114,20.335703,16.739601,15.852483,11.448231,13.307275,10.642149,11.795922,9.583037,7.7279515,5.91305,0.0,4.5896144,6.370532,10.444088,12.806802,16.47602,18.969006,22.707338,19.501286,18.88979,15.7274065,14.467691,10.975059,10.641818,12.019448,11.891236,17.026762,15.821978,20.019033,17.765354,13.37583,15.725101,19.523384,15.689343,12.404685,17.12857,18.837557,14.357186,14.490734,18.725105,19.466898,15.3775,18.494892,22.505056,23.156559,23.056618,23.473051,27.93389,27.46431,26.521065,25.611992,21.190311,23.285892,27.824665,25.058458,20.367558,25.622047,26.016668,29.082874,25.151796,21.326534,24.297253,22.104424,18.069136,22.579569,22.409624,18.845032,16.887629,21.467045,19.94535,24.114088,22.23805,20.199694,22.699621,20.703966,20.26274,22.45789,17.909819,15.524583,13.426776,15.556337,13.223297,17.655098,17.246353,21.132229,20.061077,17.600733,22.547586,16.041777,13.543723,9.991699,8.749483,4.4916162,5.4409895,5.053417,7.255556,11.802269,9.324457,6.3559775,9.807327,6.0566826,8.54339,10.110673,12.602414
16,37.927776,35.318836,31.723856,28.0216,25.14726,24.667522,20.77407,20.257704,15.880568,17.542503,14.838612,15.3735075,12.637236,10.766491,6.1940246,4.5896144,0.0,4.7588186,6.070359,9.645017,12.850601,15.142397,18.719454,16.462233,16.367256,13.474697,13.155131,9.711446,11.309626,12.294336,14.288743,19.18458,19.230694,23.425743,20.96652,16.926384,19.822573,23.223886,18.990341,16.130163,21.133219,21.863462,17.215948,18.080404,22.021181,21.757536,17.684917,21.589943,25.215372,26.454025,25.887096,25.402225,30.3298,30.134216,28.500208,26.996014,22.95537,24.49197,29.455412,27.588669,22.43228,27.517345,27.641048,31.14109,27.752934,23.781057,26.069334,23.82251,19.75959,23.548075,23.052029,19.560158,17.414474,21.13003,20.445055,23.914383,21.807144,20.5835,22.304,21.277636,20.40637,22.667131,18.164162,15.711191,14.190045,14.727847,13.21838,16.192554,15.753301,19.448765,18.037354,14.943717,19.120758,12.413578,9.686864,6.462967,5.063708,4.3775573,4.8808575,8.496046,10.309804,15.08227,12.349024,9.297798,11.960635,8.039422,8.101787,9.193102,10.062218
17,39.197353,36.386635,32.8218,28.78251,25.728645,25.36006,21.023777,21.249037,16.66986,19.312994,16.73186,18.160446,15.828528,13.960762,10.2993,6.370532,4.7588186,0.0,6.6015077,6.623226,10.801598,13.130063,17.318506,13.802493,12.814968,9.91356,8.559193,5.1041307,6.983218,8.88519,11.01654,16.38866,17.669333,21.159668,18.054657,14.581181,18.147871,20.723537,16.199623,14.096911,19.416689,19.07236,14.6594715,16.786032,20.28722,19.328611,16.646269,20.75258,23.76956,25.007025,23.473299,23.497547,27.993534,27.483578,25.41134,23.426743,19.454443,20.446192,25.56557,24.214796,18.565357,23.362036,23.269266,26.970482,23.996553,19.96071,21.83495,19.746141,15.553972,18.957693,18.479445,15.219712,12.76122,16.376345,15.851343,19.296837,17.435757,16.540943,18.701561,18.175913,17.997995,20.925268,16.926569,13.672729,11.185958,11.817023,8.953912,11.863895,11.235556,15.056101,14.019405,11.435126,16.439169,10.241155,7.961986,4.422365,5.9360085,3.3736014,7.9031663,9.424045,13.16243,17.938597,15.608688,12.526404,14.554026,9.0426035,10.055335,8.94768,10.825095
18,42.797146,39.985092,36.223736,32.558746,29.916538,30.058493,25.62343,25.90142,21.446663,23.424524,20.879963,21.238256,18.492537,16.433733,11.480036,10.444088,6.070359,6.6015077,0.0,5.932172,7.487216,9.570464,12.775605,11.680763,12.390976,10.203039,11.624192,9.384814,13.0167465,14.057736,17.539558,22.361164,23.84648,27.621601,24.63975,21.15479,24.572176,27.211086,22.527773,20.32794,25.507975,24.838083,20.244322,22.062342,25.437347,23.853512,20.34166,25.000359,27.890963,29.810543,28.485523,27.00658,32.260174,32.368477,29.829153,27.56509,24.219925,24.951324,30.258669,29.671255,24.171467,28.85926,28.746817,32.67056,30.086493,26.154116,27.631159,25.612757,21.51033,24.013361,23.411236,20.448183,17.867102,20.072287,20.367374,22.656395,20.288834,20.202757,20.777172,21.158468,19.923624,22.296158,18.31648,15.807415,15.034229,13.422706,13.238965,13.821543,13.674359,16.813877,15.38612,11.696581,14.385869,7.9507895,4.4968767,3.372231,3.3170035,7.8889527,8.746711,13.439578,15.720693,20.553806,18.164509,15.211261,17.419626,13.218976,12.006862,11.612921,10.578275
19,45.02466,42.039066,38.348717,34.337887,31.485033,31.603245,26.877962,27.697166,23.104795,25.875456,23.325766,24.549717,22.024576,20.080858,15.528958,12.806802,9.645017,6.623226,5.932172,0.0,4.941011,6.6756954,11.308281,8.367413,7.5134087,5.854914,6.341466,5.4221606,9.937522,11.282413,15.267724,19.873775,22.802631,25.750067,22.303816,19.705023,23.687248,25.387928,20.651695,19.417006,24.695513,22.896763,18.83864,21.915522,24.725088,22.39335,20.6046,25.302,27.473175,29.31692,26.893158,26.064722,30.67161,30.37763,27.29552,24.358088,21.304672,21.104036,26.53658,26.779428,20.770184,24.774021,24.229847,28.4104,26.564192,22.655052,23.2815,21.469397,17.590874,19.188534,18.373232,15.910465,13.2233095,14.534493,15.642616,17.414892,15.475764,16.355343,17.265865,18.702927,18.3855,21.558464,18.382658,15.030548,13.2822895,11.340487,9.741673,8.556833,7.8817425,10.881904,9.742021,6.3746166,10.209833,4.6087127,2.7465456,3.2650259,7.398926,9.249759,12.653524,15.499812,19.1947,24.090998,21.785826,18.673231,20.218584,14.753055,14.3071165,11.994332,11.956081
20,47.335014,44.2209,40.392803,36.572906,34.053688,34.80399,29.73711,31.121878,26.571918,29.355345,27.082129,27.855114,25.435518,23.095327,18.761555,16.47602,12.850601,10.801598,7.487216,4.941011,0.0,3.5814447,6.6392293,4.681468,6.0967073,5.7503047,9.407467,10.051829,14.439211,16.150986,19.805368,24.673279,27.616964,30.411459,26.643755,24.079977,27.922592,29.301851,24.329262,23.192028,28.280937,25.813177,21.765745,24.821976,27.251036,24.180065,22.253208,27.321974,29.048782,31.490034,28.993067,26.95136,31.9653,32.19236,28.634039,25.465342,23.157732,22.7329,28.12257,29.162619,23.552938,27.408068,27.0977,31.295996,29.830359,26.249903,26.796753,25.414598,21.370977,21.970648,21.652058,19.867308,16.648424,16.678001,17.929892,18.534977,16.065207,17.477592,16.840942,19.10544,18.085205,20.850086,18.175611,15.408498,14.999631,11.385109,12.296674,9.537095,10.2621355,12.259451,11.857282,8.643714,9.435169,6.0717163,3.892054,6.7761145,8.90662,12.621097,14.82203,18.521553,21.989069,26.896427,25.085794,22.095629,24.24154,19.181446,18.365614,16.482416,15.51933
21,50.71545,47.64112,43.83439,39.98109,37.37329,37.886677,32.95728,34.054462,29.476484,32.123962,29.600437,30.448814,27.762985,25.741844,20.723618,18.969006,15.142397,13.130063,9.570464,6.6756954,3.5814447,0.0,5.3333488,6.294611,7.263977,8.282089,10.95214,11.668812,16.19618,17.038307,21.617937,25.678356,29.200003,31.999842,28.496346,26.219671,30.265228,31.63883,26.828829,25.85985,31.042532,28.578571,24.697609,27.951721,30.402044,27.315725,25.700666,30.71375,32.402596,34.74247,32.02004,30.245878,35.054577,35.115665,31.419746,27.990644,25.812714,24.938843,30.320772,31.675539,25.8027,29.212027,28.47255,32.812347,31.736137,28.062164,27.960052,26.411785,22.90511,23.213669,22.277302,20.563908,18.013762,17.385616,19.556576,19.6603,17.674292,19.814728,19.200195,22.0281,21.254988,24.111034,21.661701,18.833935,18.168602,14.603208,14.869263,11.073583,10.920705,11.918271,10.868005,7.656254,6.341549,5.00303,5.4684734,8.981279,11.755832,15.433772,17.743362,21.544819,24.84442,29.755377,27.486654,24.427357,25.866035,20.826674,19.454927,17.138323,15.556323
22,52.862507,49.694515,45.78537,42.1684,39.90673,41.001945,35.815075,37.39505,32.893616,35.52329,33.290455,33.719826,31.19709,28.821548,24.215181,22.707338,18.719454,17.318506,12.775605,11.308281,6.6392293,5.3333488,0.0,6.868819,9.708856,11.157349,15.233469,16.437262,20.873198,22.208036,26.292475,30.800722,34.100952,36.843697,33.05037,30.665426,34.532364,35.71862,30.707705,29.715363,34.709404,31.812855,27.91738,30.998346,33.1468,29.564472,27.715126,32.930042,34.261806,37.104042,34.470913,31.591047,36.741325,37.32241,33.334606,29.879372,28.341108,27.463423,32.669632,34.559017,29.181284,32.571934,32.161385,36.413586,35.51852,32.146996,32.206078,31.024273,27.257698,26.978012,26.606304,25.338219,22.283943,21.052689,22.952179,22.297235,19.87073,22.104187,20.187874,23.412786,21.968475,24.20886,22.288454,20.206257,20.68095,16.210217,18.299625,14.261391,15.194269,15.743854,15.470169,12.755814,9.819038,10.210159,9.699123,13.06894,14.477847,19.010262,20.383617,24.68943,27.734394,32.56449,30.817055,27.916119,29.989386,25.305069,23.83981,22.029987,20.066784
23,48.20368,44.907673,41.0768,37.244125,34.910297,36.18064,30.755135,32.954575,28.482767,31.734188,29.83125,30.749826,28.724138,26.065128,22.582077,19.501286,16.462233,13.802493,11.680763,8.367413,4.681468,6.294611,6.868819,0.0,3.784363,5.0285254,9.941484,12.2138815,16.070406,18.599762,21.324907,26.556154,29.770409,31.901016,27.587551,25.462759,29.233593,29.805378,24.735435,24.163084,28.902311,25.391987,21.789145,25.28249,26.99999,23.09404,22.079391,27.20451,28.139948,30.92265,27.903833,25.339252,30.164024,30.601618,26.538103,23.031,21.53528,20.632517,25.83035,27.778915,22.585278,26.008198,25.928406,30.04325,29.108908,26.005816,26.412725,25.679245,21.492027,20.906254,21.344757,20.4856,16.599556,15.449234,16.557272,16.081928,13.286306,15.246784,13.523111,16.754698,15.791622,18.59196,16.929478,14.314177,14.439386,9.885089,12.096277,8.062643,10.259028,11.526872,12.623409,10.620366,10.784154,9.87296,8.356382,10.543635,12.227793,15.211538,17.659582,20.63923,24.652079,29.480736,28.317162,25.412714,28.00462,22.680632,22.454575,20.360865,19.906984
24,47.933052,44.65147,40.934074,36.888763,34.316986,35.253403,29.934916,32.038727,27.550741,31.02884,29.01911,30.40592,28.407495,25.980947,22.512081,18.88979,16.367256,12.814968,12.390976,7.5134087,6.0967073,7.263977,9.708856,3.784363,0.0,3.4520228,6.892869,9.977285,13.503391,16.02784,18.695807,23.600916,27.289896,29.061289,24.730858,23.046474,26.998598,27.267387,22.36832,22.20773,26.952288,23.270782,19.999172,23.970707,25.59218,21.755535,21.596994,26.472084,27.323158,29.736858,26.286602,24.686426,28.943308,28.912636,24.847755,21.113775,19.434055,18.102175,23.379969,25.387878,19.82168,22.898169,22.506598,26.724964,26.018976,22.856823,22.8703,22.150112,18.200092,17.386265,17.625687,16.956036,13.181093,11.725428,13.270138,12.837859,10.501486,12.966422,12.280743,15.700182,15.674547,19.064552,17.493444,14.244766,13.240699,9.509454,9.815415,4.6317472,6.6785517,7.907746,9.511886,8.308286,9.877243,9.281466,8.653255,10.274327,12.960138,14.626238,18.079723,20.172625,24.635962,29.45382,28.079208,25.094858,27.227879,21.496326,21.657206,19.002817,19.199587
25,44.600857,41.353123,37.628014,33.588066,30.995926,31.921568,26.611,28.68373,24.197922,27.668358,25.759167,27.092484,25.230122,22.686192,19.646635,15.7274065,13.474697,9.91356,10.203039,5.854914,5.7503047,8.282089,11.157349,5.0285254,3.4520228,0.0,5.4251885,7.8546906,11.243948,14.348569,16.380272,21.909813,24.942106,26.946875,22.583195,20.459705,24.25636,24.834227,19.79835,19.278906,24.087574,20.792881,17.157022,20.849466,22.72798,19.225573,18.49134,23.401396,24.601566,26.951958,23.889107,22.320131,26.847816,26.857876,23.148422,19.832296,17.588778,16.985678,22.375317,23.609076,18.091585,21.866562,21.826038,25.915077,24.548595,21.261145,22.025751,21.175135,16.743427,16.845646,17.384346,16.192558,12.039388,12.061731,12.482995,13.2987995,10.597675,11.749596,11.6730385,13.934454,13.7095,17.109766,14.902573,11.477374,10.305317,6.9164004,7.1976166,4.419521,6.7689195,9.495292,10.701378,8.952937,11.95208,9.225428,7.36217,7.9033175,10.144494,11.362175,14.853543,16.755856,21.271652,26.060612,24.871552,21.948254,24.460852,18.820595,19.344383,17.105581,17.714775
26,44.16449,41.05856,37.550034,33.263367,30.263617,30.39072,25.529554,26.995943,22.535332,26.083738,23.867483,25.881676,23.949623,22.004745,18.807583,14.467691,13.155131,8.559193,11.624192,6.341466,9.407467,10.95214,15.233469,9.941484,6.892869,5.4251885,0.0,4.1883717,6.7521605,9.619739,11.903921,16.776567,20.469025,22.226213,18.1129,16.493458,20.6528,21.19174,16.552908,16.429604,21.387892,18.524534,15.289639,19.414072,21.491158,18.742512,18.875671,23.14684,24.603483,26.13506,22.78582,23.028303,26.674818,25.865564,22.582127,19.304348,16.328892,15.458136,20.844246,21.483616,15.201408,18.67699,17.999924,22.241617,20.830366,17.112339,17.401447,16.097383,12.057726,12.898456,12.561004,10.8571825,7.246554,8.460925,9.397775,11.507932,10.148352,11.2376175,13.426045,15.055028,16.072393,19.905231,17.544466,13.583637,10.507419,9.718413,5.4377685,4.085723,3.0234387,7.0014167,7.7283273,7.086541,12.34941,9.407822,9.014631,8.353716,11.808478,10.763523,15.538363,16.09456,20.89007,25.522549,23.75445,20.765083,22.256449,16.170984,17.213043,14.19663,15.891585
27,42.528748,39.609707,36.13299,31.88659,28.72621,28.328037,23.872784,24.50007,19.977936,23.09247,20.522951,22.510727,20.283632,18.68347,14.969022,10.975059,9.711446,5.1041307,9.384814,5.4221606,10.051829,11.668812,16.437262,12.2138815,9.977285,7.8546906,4.1883717,0.0,4.5721674,6.6239333,9.956319,14.70925,17.809723,20.424095,16.954947,14.627143,18.808554,20.372976,15.909879,14.986765,20.280184,18.772306,15.066663,18.471941,21.30715,19.582783,18.65147,22.725328,24.98051,26.155918,23.534021,24.154661,27.998259,27.092548,24.458187,21.75278,18.10695,18.019793,23.287973,22.836771,16.536665,20.524702,19.82738,23.890663,21.74303,17.629267,18.403198,16.378407,12.515937,15.064758,14.08262,11.1298485,8.726221,11.681441,12.192906,15.23515,13.997576,14.1857,16.749653,17.354563,18.036646,21.59643,18.432201,14.604448,11.349909,11.543262,6.9798303,8.165192,6.446414,10.199621,9.312617,7.5967584,13.407971,8.615754,7.991691,6.0589385,9.706541,7.929729,12.851477,13.532429,17.87131,22.500336,20.157084,17.094877,18.167263,12.0879135,13.0451355,10.153872,12.215594
28,39.98728,37.148663,33.896584,29.512085,26.14245,25.31828,21.183487,21.68068,17.37028,20.770262,18.363523,20.976082,19.216965,17.909237,15.4456625,10.641818,11.309626,6.983218,13.0167465,9.937522,14.439211,16.19618,20.873198,16.070406,13.503391,11.243948,6.7521605,4.5721674,0.0,5.013148,5.442333,10.950144,13.79156,16.00095,12.386237,10.219018,14.521181,15.969015,11.815007,11.185844,16.363794,15.309849,12.06065,15.558862,18.365602,17.41342,17.20866,20.496305,22.82389,23.334467,20.701565,22.638618,25.742142,24.323713,22.279844,20.025572,15.860371,16.134596,21.00249,19.661652,13.350151,17.4269,16.786724,20.541159,17.877577,13.609035,14.933148,12.775267,8.762142,12.671837,11.879657,8.537917,6.557043,11.363005,10.709032,14.935773,14.28455,13.504091,17.304243,16.90931,18.3131,21.930248,18.854626,14.979454,10.816607,12.933112,6.939083,10.376782,8.756801,12.282876,11.893718,11.352556,17.454395,13.051555,12.43758,9.93358,12.60453,8.665492,13.881371,12.5189085,17.15014,21.290508,19.172823,16.373156,17.21262,11.123411,13.499206,10.809897,14.282834
29,42.857254,40.268505,37.15378,32.83547,29.30769,27.704702,24.318066,23.653578,19.523703,22.15316,19.121439,21.835058,19.490114,19.098726,15.303167,12.019448,12.294336,8.88519,14.057736,11.282413,16.150986,17.038307,22.208036,18.599762,16.02784,14.348569,9.619739,6.6239333,5.013148,0.0,7.036962,8.818175,12.715904,15.608866,13.556141,11.837363,16.141748,18.28108,15.1274,14.372301,19.356392,19.362244,16.449234,19.440681,22.55423,22.189785,21.750025,24.754778,27.41299,27.54784,25.134544,27.536592,30.433285,28.746477,26.935211,24.652828,20.5091,20.458574,25.131216,23.675493,17.292303,20.608002,19.175264,22.916815,20.521671,16.042877,16.278206,13.174788,11.047647,15.231406,12.740417,8.500609,9.461077,13.617637,14.377386,18.17433,18.14787,18.104017,21.843134,21.864027,23.21945,26.816925,23.566189,19.753899,15.761198,17.442682,11.688123,13.5844,10.660619,13.383693,11.529148,11.040942,17.052551,12.808328,13.429146,11.296693,14.600735,11.326735,16.052725,15.30211,18.948036,22.893719,19.648474,16.809488,15.80741,9.886733,11.381139,7.681674,11.478344
30,37.30949,34.684277,31.797926,27.357906,23.75563,22.14871,18.819183,18.752256,14.999943,18.412355,16.237904,19.546711,18.397408,17.702213,16.712034,11.891236,14.288743,11.01654,17.539558,15.267724,19.805368,21.617937,26.292475,21.324907,18.695807,16.380272,11.903921,9.956319,5.442333,7.036962,0.0,7.2504706,8.909805,10.678438,7.237925,5.1341314,9.588802,11.309642,8.262814,7.9282265,12.517759,12.936669,10.704483,13.570814,16.371065,16.904543,17.306927,19.264452,21.80437,21.284918,19.018972,22.638012,24.736475,22.683691,21.694836,20.276283,15.673114,16.551586,20.498808,17.744938,12.037776,15.916646,15.382519,18.360554,14.834451,10.498122,12.76823,10.355774,7.1025558,12.7696295,12.1357,8.735146,8.499195,14.08501,12.404979,17.348717,17.31553,15.611457,20.262678,18.773357,20.700481,24.100456,21.11047,17.538635,13.074606,16.674084,10.665756,15.087621,13.578562,16.655582,16.385176,16.406322,22.58487,18.242842,17.642262,14.7948885,16.719822,11.61975,16.245394,12.962528,17.190958,20.405846,18.490908,16.235743,16.506931,11.242551,14.828679,12.79029,17.174652
31,41.52528,39.290813,36.818016,32.492004,28.747633,26.04535,24.023872,22.629576,19.632917,22.070353,19.477482,23.09773,21.657267,22.165865,20.356756,17.026762,19.18458,16.38866,22.361164,19.873775,24.673279,25.678356,30.800722,26.556154,23.600916,21.909813,16.776567,14.70925,10.950144,8.818175,7.2504706,0.0,6.649206,7.817186,8.172077,8.9141,12.157214,13.880161,13.388694,13.697711,16.884018,18.342089,17.29877,19.69437,22.271217,23.406937,24.288912,25.604338,28.119444,26.897339,24.63757,29.286343,30.527458,27.872385,27.278938,25.830656,21.516373,21.678675,24.95736,22.184357,16.818846,18.858301,17.077505,19.596437,16.807896,12.732632,12.879911,9.248964,10.114776,15.418342,12.783917,9.163315,12.542194,17.199606,16.94956,21.342735,22.369926,21.533499,26.398365,25.455553,27.701555,31.222734,28.348896,24.716677,20.202051,23.44565,17.125002,20.135387,17.487545,19.539764,18.40578,19.152811,25.095741,21.559492,22.140118,19.705044,22.30595,17.680658,22.045715,19.097176,22.31062,24.928009,22.024542,20.03703,17.987532,13.75877,16.615952,14.037537,18.514856
32,36.021152,34.10558,31.926352,27.826042,24.052591,20.575994,19.675158,17.205631,15.040036,16.807058,14.5677395,18.419516,17.713915,18.751589,18.759827,15.821978,19.230694,17.669333,23.84648,22.802631,27.616964,29.200003,34.100952,29.770409,27.289896,24.942106,20.469025,17.809723,13.79156,12.715904,8.909805,6.649206,0.0,5.3696566,7.8058906,6.913466,7.9685717,11.662899,12.33552,11.525115,13.595467,17.439949,16.439753,17.079094,20.060316,22.745533,22.685493,22.97385,26.163269,24.300972,23.417048,28.391708,29.573273,27.00913,27.5277,27.145163,22.4601,23.856539,26.664183,22.443785,18.342386,21.24353,20.527815,22.195578,18.117352,14.638785,16.861032,14.0124,13.760229,19.639666,18.286497,14.900122,16.79294,22.133694,20.62743,25.569452,25.97516,23.994703,28.84622,26.666084,28.549772,31.513632,28.254885,25.191353,21.023699,25.09712,19.451616,23.897974,21.951448,24.696217,23.697401,23.69107,29.761755,25.125086,24.806908,21.732573,23.131739,17.830978,21.10106,17.045738,19.177053,20.658333,18.162088,16.979845,15.057805,12.638539,16.432167,15.619506,20.312077
33,36.7292,34.781673,32.90479,28.758392,25.077864,21.794249,20.999727,19.455143,17.837044,20.163282,18.669159,22.602575,22.42836,23.100616,23.662476,20.019033,23.425743,21.159668,27.621601,25.750067,30.411459,31.999842,36.843697,31.901016,29.061289,26.946875,22.226213,20.424095,16.00095,15.608866,10.678438,7.817186,5.3696566,0.0,5.5267234,7.898804,7.9669847,9.154767,11.63061,12.438297,13.002046,16.198751,16.705685,17.789505,19.69292,22.37486,23.827234,23.478794,25.86648,23.520988,22.061075,28.100801,28.118763,25.005945,25.849777,25.666481,21.345339,22.434885,24.324242,19.950127,16.652563,18.361092,17.572008,18.402876,14.4791765,11.798602,13.882932,11.7009535,12.704642,18.012236,17.091055,14.768947,16.980602,21.91375,20.054289,24.837894,25.82194,23.762688,28.97589,26.743752,29.253635,32.296753,29.693766,26.619349,22.265781,26.634502,20.797398,25.126968,23.358759,25.672354,25.302753,26.038572,32.154922,28.230152,28.04748,25.140556,26.771135,21.31961,25.006472,20.45813,23.201067,24.51487,22.801949,21.717731,20.354374,17.601255,21.45257,20.119518,24.835756
34,35.705826,33.303204,31.039948,26.652391,23.043806,20.860273,18.659319,18.643751,16.2751,19.669619,18.41263,22.187605,22.05356,21.776731,22.447876,17.765354,20.96652,18.054657,24.63975,22.303816,26.643755,28.496346,33.05037,27.587551,24.730858,22.583195,18.1129,16.954947,12.386237,13.556141,7.237925,8.172077,7.8058906,5.5267234,0.0,4.6542945,6.3609123,5.81885,6.6808066,8.488011,9.828201,11.2658,11.795807,13.908964,15.466449,17.317768,19.407547,19.538067,21.475998,19.649834,17.399529,23.162983,23.39403,20.418804,20.696152,20.249048,15.882507,16.986282,19.175442,15.077128,11.211634,13.598958,13.317645,14.671028,10.352234,7.003638,10.397938,8.887595,8.0286875,13.394155,13.555048,11.675154,12.518925,17.536959,14.974501,19.894592,20.65415,18.327229,23.562597,21.303617,23.97904,27.12103,24.825191,21.67347,17.264593,21.702953,15.996129,20.567427,19.367609,21.83452,22.141216,22.937304,29.070236,25.29149,24.760216,21.93008,23.51481,18.07384,22.165092,17.568497,21.329569,23.312098,22.227951,20.757282,20.770113,16.839298,20.873756,19.231297,23.8508
35,33.21249,30.755308,28.19382,23.790934,20.095062,17.970528,15.378922,15.058654,12.102149,15.571391,14.125155,17.790964,17.591099,17.141468,18.102594,13.37583,16.926384,14.581181,21.15479,19.705023,24.079977,26.219671,30.665426,25.462759,23.046474,20.459705,16.493458,14.627143,10.219018,11.837363,5.1341314,8.9141,6.913466,7.898804,4.6542945,0.0,4.459751,7.136435,5.641255,5.050197,8.227108,10.812106,9.582098,10.978417,13.704874,15.874066,16.370396,16.922188,19.711372,18.284258,16.874289,21.591276,22.967693,20.63048,20.833958,20.509747,15.732713,17.582157,20.52587,16.297428,12.16204,16.097008,16.327332,18.194843,13.626255,10.073716,13.8994875,12.112697,9.506376,15.237914,15.510667,12.80398,12.557743,18.092913,15.374847,20.53447,20.460192,17.774652,22.608427,19.968122,21.973745,24.898743,21.967968,18.957678,14.767655,19.311022,14.026562,19.305225,18.353754,21.456469,21.466887,21.453632,27.612648,22.988125,21.930433,18.77199,19.780453,14.131854,17.819801,13.069382,16.682682,18.805077,17.71294,16.21218,16.818058,12.968503,17.272184,16.303087,20.872791
36,29.746073,27.49494,25.304167,21.03236,17.32925,14.630497,13.088737,12.431478,10.715352,13.907362,13.378142,17.102016,17.808952,17.597713,20.07491,15.725101,19.822573,18.147871,24.572176,23.687248,27.922592,30.265228,34.532364,29.233593,26.998598,24.25636,20.6528,18.808554,14.521181,16.141748,9.588802,12.157214,7.9685717,7.9669847,6.3609123,4.459751,0.0,5.4028525,6.602942,5.8604417,5.7111487,10.80546,10.651045,10.241737,12.617362,16.252068,16.680042,15.843742,18.784739,16.49632,16.158655,21.590006,22.303774,19.83198,21.147287,21.778927,17.13037,19.639317,21.686691,16.420193,14.014866,17.700525,18.513407,19.429426,14.319321,11.896235,16.406408,15.153919,13.081933,18.444813,19.230879,16.921728,16.63235,22.033491,18.803232,23.938875,23.796669,20.548704,25.313046,21.915775,23.856627,26.297594,23.474903,21.029064,17.28239,22.227476,17.60217,23.24828,22.622904,25.754292,25.903744,25.827066,31.963358,27.135872,25.786638,22.473045,22.866484,17.101654,19.943146,14.453617,17.218506,18.199554,17.94459,17.19813,18.071543,15.5396595,20.053942,19.81036,24.373463
