,0,1,2,3,4,5,6,7,8,9,10,11,12,13,14,15,16,17,18,19,20,21,22,23,24,25,26,27,28,29,30,31,32,33,34,35,36,37,38,39,40,41,42,43,44,45,46,47,48,49,50,51,52,53,54,55,56,57,58,59,60,61,62,63,64,65,66,67,68,69,70,71,72,73,74,75,76,77,78,79,80,81,82,83,84,85,86,87,88,89,90,91,92,93,94,95,96,97,98,99,100,101,102,103,104,105,106,107,108,109,110
0,0.0,4.346888,6.2505035,9.831006,12.017181,15.198478,17.345057,21.27114,24.90006,27.405657,30.805227,35.477787,31.95039,31.388723,25.76346,25.604618,22.12703,21.652777,19.907227,19.11707,19.918898,19.885153,24.33856,27.249744,29.855602,32.531403,32.771416,32.798355,30.385494,33.696247,30.527506,36.67763,34.078007,39.980976,38.6844,41.17918,43.14446,41.521275,38.960224,35.072556,37.577557,31.825182,34.023968,30.466272,32.96096,31.270054,31.376274,31.588959,28.291973,33.5187,34.947033,30.78556,33.43308,38.00084,38.838276,40.082912,38.327732,39.443443,39.530132,41.683376,40.281696,43.315044,42.313007,46.917015,46.28002,42.80814,46.7634,46.385803,45.58666,44.822517,42.47151,39.40098,35.286438,35.700333,31.098452,30.993969,28.087273,27.450855,26.601137,25.28314,25.728949,26.875006,26.824137,25.50406,24.991488,25.802862,25.211906,28.679953,28.451141,32.0347,32.78059,36.30674,36.076202,35.39068,33.52999,30.146418,31.212124,25.16762,25.737093,21.188313,21.33549,20.884163,20.637962,21.71212,20.274364,19.883595,21.718401,23.009626,23.275082,26.914904,26.719692
1,4.346888,0.0,5.3243694,6.350779,9.062658,12.627393,14.613745,19.013538,22.149727,25.349703,28.22023,33.31597,29.72126,28.752775,23.397184,22.51044,18.953999,18.01278,16.01232,14.91782,15.654782,15.632463,20.080944,23.051832,25.572195,28.242525,28.428932,28.57488,26.262178,29.690388,26.709848,32.97827,30.86658,36.70694,35.7886,38.365402,40.37779,38.864826,35.967224,32.11389,34.35063,28.569942,30.578238,26.795061,29.425081,27.324375,27.7858,27.900486,24.927938,30.053057,31.32707,27.721191,30.437418,34.730415,35.690655,36.65865,34.997055,35.733078,35.783203,38.124733,36.332394,39.485413,38.43125,42.951027,42.540085,38.91033,42.999866,42.855392,41.914463,41.47918,38.769737,35.73541,31.515453,31.771261,27.148344,26.84872,23.840416,23.181831,22.255833,21.073683,21.564146,22.951824,22.813484,21.670778,21.116102,22.419907,21.703157,25.50304,25.548805,29.239277,30.364305,33.753048,33.918755,33.158726,31.640772,28.042492,28.809536,22.742525,23.046263,18.086037,17.981213,17.075886,16.76409,17.8298,16.06361,15.646581,17.425262,18.855482,19.284367,23.079155,23.207632
2,6.2505035,5.3243694,0.0,5.339613,6.585612,9.3506,11.529677,15.036716,18.803633,21.156334,24.612059,29.230103,25.849333,25.403532,19.830576,19.786055,16.662025,16.386156,15.55265,15.278563,17.299397,18.304447,22.576319,25.874151,27.848616,30.174055,29.644135,28.962553,26.040798,28.960333,25.350927,31.320557,28.171413,34.090336,32.590637,35.0333,37.01034,35.430367,33.035404,29.168888,32.033165,26.308681,29.178135,25.70688,28.900978,28.065714,28.245087,29.35872,26.844608,31.99529,32.588882,28.549887,31.96017,36.277615,36.46107,37.55025,35.174183,36.291626,35.802612,37.40938,36.007057,38.674427,37.465908,42.08579,40.929996,37.660656,41.373066,40.722446,40.191017,39.22307,37.26956,34.397343,30.100021,31.117449,26.544174,26.671352,24.35118,23.736172,23.917463,22.562462,23.978224,25.804726,24.770235,23.034029,21.513054,22.604502,20.789698,24.20267,23.352259,26.826963,27.363636,30.63799,30.67486,30.338934,28.512884,25.111261,26.649014,20.365154,21.866499,16.83735,18.707455,17.396229,18.579304,20.37839,18.576603,17.180128,18.53484,18.868158,18.694979,21.835361,21.337124
3,9.831006,6.350779,5.339613,0.0,3.920662,6.691895,9.101034,13.138354,16.056927,19.50528,22.03128,27.314783,23.669098,22.5299,17.379442,16.171164,12.756929,11.827864,10.461349,9.973626,12.086508,13.447472,17.55129,21.011456,22.82371,25.156494,24.404924,23.982029,21.140833,24.247948,20.81409,27.087479,24.625109,30.449198,29.58715,32.09438,34.236996,32.8973,29.992031,26.194561,28.711628,22.924595,25.6195,21.721964,25.296877,23.788622,24.62888,25.589092,23.674322,28.557648,28.899248,25.836382,29.28013,33.112232,33.51351,34.147522,31.94288,32.407955,31.829338,33.724487,31.594334,34.445305,33.079548,37.537785,36.678703,33.070034,36.946888,36.621387,35.78845,35.243793,32.743805,29.838045,25.48293,26.174786,21.550863,21.510029,19.039906,18.601206,18.713839,17.818663,19.368729,21.647799,20.47666,19.094898,17.383453,19.422504,17.203423,21.208385,20.741077,24.358568,25.484158,28.45478,29.179888,28.782219,27.507612,23.822367,24.917887,18.672598,19.810692,14.094744,15.737444,13.44778,14.734723,16.503256,14.036825,12.454618,13.2090225,13.827602,13.613999,17.100489,16.996376
4,12.017181,9.062658,6.585612,3.920662,0.0,6.1246204,5.557562,10.579195,13.24764,16.886248,19.563366,24.746689,21.885681,21.000391,16.146502,14.691578,12.20385,10.689743,10.997209,10.242779,13.577345,15.120327,18.86092,22.067858,23.291054,25.132944,24.246725,22.877193,19.780933,22.547625,19.044344,24.893082,22.226397,28.153103,26.919853,29.635176,31.42692,29.820293,27.012398,23.137665,25.666363,19.89976,22.691662,19.147099,22.649021,22.172583,22.495646,24.174568,22.46604,27.34612,27.261312,23.69532,27.57286,31.467327,31.295477,32.115566,29.459234,30.375534,29.573189,31.02633,29.528255,32.10728,30.903353,35.570133,34.500225,31.37219,35.27263,34.839134,34.498608,34.041813,31.82779,29.336443,24.418407,25.910456,21.32523,21.020535,19.122736,17.952133,19.070744,17.288263,19.529652,21.790016,19.873604,17.84283,15.588605,17.05996,14.433908,18.038158,17.23348,20.800066,21.75057,24.880363,25.378109,24.973328,23.6135,19.957035,21.224468,14.914415,16.51164,10.900794,13.815545,11.639704,14.037055,16.410423,14.619635,12.300015,13.961786,12.922307,13.237168,15.919471,16.035269
5,15.198478,12.627393,9.3506,6.691895,6.1246204,0.0,6.855151,7.3858695,11.010975,13.470868,16.149628,21.16518,17.113943,16.222021,10.801841,10.608203,7.544335,8.473994,8.962757,10.61066,13.89432,16.67347,19.923107,23.72085,24.753918,26.628485,24.62119,23.479252,19.881178,22.109627,17.711782,23.643427,19.761087,25.51686,24.305302,26.428152,28.90602,27.86212,25.468113,21.824915,25.285807,19.723812,23.88358,20.225452,25.049784,24.782312,25.852858,27.872776,27.029926,31.51023,30.861588,28.204582,32.304893,35.678394,35.32136,35.709846,32.796875,33.149136,31.727657,32.733288,30.411757,32.582203,30.720926,34.99163,33.09414,29.652746,32.831047,31.851286,31.253798,29.948277,28.349073,25.530455,21.465511,22.926096,18.594475,19.51067,18.206018,18.513187,19.997091,19.73972,22.27702,25.237823,23.170984,21.570583,18.600887,21.046028,16.953775,20.589808,18.91059,22.058819,22.62679,24.856115,26.142578,26.540966,25.293917,21.860907,23.87216,17.705763,20.415636,14.613135,18.590303,15.294713,18.246426,20.472204,17.662926,15.202946,14.112053,13.600708,11.631464,13.929953,12.479801
6,17.345057,14.613745,11.529677,9.101034,5.557562,6.855151,0.0,6.4713426,8.109568,12.220841,14.646933,19.806494,17.854687,17.136492,13.134092,11.183467,10.39325,8.484822,11.228954,10.927321,15.352736,17.516232,20.40394,23.43733,23.743567,24.883259,23.318142,20.77892,17.200863,19.17139,15.341539,20.502352,17.307608,23.260761,21.674294,24.535288,26.060995,24.323397,21.629335,17.732164,20.539772,14.864016,18.401373,15.301189,19.411901,20.452791,20.560186,23.36927,22.624792,27.052706,26.02136,22.594482,27.089699,30.574146,29.569118,30.29288,26.947742,28.042137,26.598154,27.246288,26.128553,28.148943,26.87457,31.616682,30.003572,27.40585,31.097826,30.419117,30.637466,30.179394,28.44359,26.49927,21.105093,23.653011,19.357536,19.033533,18.233421,16.682333,19.290817,17.17718,20.395292,22.962994,20.040081,17.52696,14.167882,15.490863,11.316932,14.310853,12.553852,15.871206,16.579588,19.459787,20.222208,20.15743,18.94767,15.337206,17.099545,10.8694515,13.783838,8.367948,13.724883,11.011478,15.073073,17.943623,16.477758,13.353088,14.724761,11.727754,11.959413,13.06469,13.187145
7,21.27114,19.013538,15.036716,13.138354,10.579195,7.3858695,6.4713426,0.0,4.902619,6.3764453,9.660707,14.314712,11.730169,11.6639385,7.474063,7.6377025,8.265761,9.064482,12.653755,14.233037,18.512114,21.52783,23.961823,27.365767,27.378942,28.368626,25.746061,23.068604,19.005814,19.951246,15.176298,19.649296,14.389016,20.127182,17.959023,20.16752,22.258554,20.981548,19.185,15.604006,19.833902,14.791574,20.085117,17.436333,22.666214,24.483229,25.009544,28.319605,28.322662,32.347866,30.710451,27.900356,32.61547,35.647358,34.211292,34.648804,30.890133,31.701077,29.538527,29.33216,27.846031,29.098608,27.212177,31.535881,28.691406,26.231653,28.911457,27.358324,27.767681,26.203346,25.687567,23.772757,19.149513,22.30711,18.594023,19.50789,19.738916,19.406847,22.572357,21.606684,25.0935,28.135365,25.022263,22.773617,18.872194,20.670721,15.372849,17.698109,14.680802,17.012518,16.776949,18.442608,19.90895,20.990036,19.758602,16.798449,19.68073,14.229438,18.428766,13.733302,19.715128,16.470978,20.819082,23.581396,21.496658,18.320295,17.670849,14.888856,13.127138,12.918382,11.176449
8,24.90006,22.149727,18.803633,16.056927,13.24764,11.010975,8.109568,4.902619,0.0,5.9914746,6.655256,12.209868,10.979574,10.241631,8.611845,6.2159824,8.991551,8.366237,13.044968,14.1963625,18.683035,21.694935,23.353802,26.343958,25.656149,26.05934,23.139837,19.712225,15.592448,15.848427,11.192352,14.9402075,9.8551855,15.727954,13.796924,16.46507,18.271618,16.948034,14.578359,10.931113,15.0218935,10.081407,15.765147,13.423588,19.013384,21.487806,22.10961,25.884417,26.697607,30.151772,27.910255,25.756182,30.595905,33.07069,31.301846,31.460161,27.50544,28.094278,25.556772,24.982603,23.470146,24.41818,22.496275,26.822937,23.916502,21.758423,24.567583,23.20823,23.969604,23.036467,22.31994,21.030104,15.7227,19.637611,16.298962,16.748037,17.802855,17.004566,21.028547,19.86408,23.773209,26.895359,23.274712,20.991968,16.694841,18.612339,12.697208,14.518996,11.306482,13.227798,13.383263,14.480359,16.743185,17.873127,17.342989,14.4243965,16.948364,12.413755,16.553741,12.528842,18.763672,15.299701,20.104084,22.918737,21.14212,17.745188,17.163963,13.232109,11.9503145,10.2079315,9.283736
9,27.405657,25.349703,21.156334,19.50528,16.886248,13.470868,12.220841,6.3764453,5.9914746,0.0,5.114979,8.093435,7.1728616,8.586689,7.4193034,8.94424,11.896154,13.266722,17.443748,19.359451,23.622274,26.865875,28.695675,31.930447,31.351812,31.81174,28.580635,25.221651,21.07243,20.746862,15.970405,18.499334,11.697827,16.561733,13.371817,15.053462,17.109243,16.032944,15.43742,12.531763,17.744114,14.12008,20.330923,18.774773,24.22901,27.329973,27.745218,31.747086,32.484173,35.987743,33.64245,31.172165,36.123363,38.67844,36.54991,36.845413,32.59199,33.456978,30.648153,29.364042,28.2387,28.506788,26.393967,30.319893,26.35195,24.75241,26.419514,24.06444,25.272348,23.019415,23.943043,22.789894,18.626484,22.81929,20.10745,21.440048,22.842257,22.690952,26.61877,25.807652,29.65413,32.81359,29.255543,26.921974,22.640776,24.210705,18.402424,19.529835,15.6493435,16.635387,15.438622,15.694877,17.693882,19.790169,18.765957,16.767591,20.321333,16.33293,21.236628,17.775312,24.299417,21.093153,25.849924,28.687088,26.762295,23.436132,22.353888,18.987604,16.926424,15.068832,12.818184
10,30.805227,28.22023,24.612059,22.03128,19.563366,16.149628,14.646933,9.660707,6.655256,5.114979,0.0,6.135351,6.039626,6.0398703,8.395642,7.9215746,12.165532,13.091513,17.512981,19.460903,23.530397,26.889183,27.940083,30.909697,29.787735,29.828205,26.116833,22.533207,18.491573,17.366232,12.789847,14.24879,6.9823737,11.526346,8.80729,10.540507,13.055398,12.589062,11.495565,9.1126585,14.375896,11.596871,18.032907,16.693445,22.544146,25.680107,26.583412,30.684076,32.232716,35.122105,32.29588,30.881048,35.762287,37.64083,35.45505,35.278645,31.073002,31.322226,28.143045,26.621067,24.881039,24.779444,22.325182,25.86363,21.566696,19.998878,21.358797,18.95351,20.296469,18.313883,19.281712,18.655943,14.459675,19.200546,17.20792,18.577982,20.811098,20.876236,25.245443,24.872566,28.873703,32.215744,28.448118,26.426895,21.98319,24.050995,17.925364,18.865881,15.243017,15.673379,15.036729,14.114383,17.354572,19.547604,19.414082,17.544937,20.474148,17.429438,21.839735,18.686129,24.897415,21.31702,26.126486,28.807343,26.815317,23.493084,21.805782,18.139751,15.938576,12.895038,10.85924
11,35.477787,33.31597,29.230103,27.314783,24.746689,21.16518,19.806494,14.314712,12.209868,8.093435,6.135351,0.0,6.7263765,9.01402,12.383535,13.692174,17.717426,19.155422,23.453156,25.549864,29.595154,32.99507,34.041157,36.98941,35.744278,35.599754,31.752752,27.934355,24.047407,22.32979,18.22589,18.031841,10.754719,12.753941,8.626105,8.676914,10.804103,10.727973,12.203182,11.358761,16.743896,15.725173,21.986444,21.635464,27.015394,31.007689,31.552948,36.007965,37.666924,40.410786,37.321735,35.693485,40.682095,42.469013,39.772964,39.706074,35.17401,35.75344,32.289585,29.915407,28.89541,27.957685,25.560318,28.573172,23.327333,22.898855,22.976797,19.64249,21.882784,18.927982,21.743906,21.804516,18.72238,23.670565,22.448963,24.083399,26.656166,26.794909,31.27917,30.840445,34.902664,38.182446,34.28755,32.106007,27.63816,29.216337,23.222961,23.333597,19.300932,18.760145,17.058544,15.088106,18.028137,21.029955,20.754002,19.959984,23.44451,21.362314,26.19699,23.834816,30.33385,27.067446,31.98295,34.748466,32.90271,29.549711,27.911564,24.241516,22.011269,18.837894,16.598629
12,31.95039,29.72126,25.849333,23.669098,21.885681,17.113943,17.854687,11.730169,10.979574,7.1728616,6.039626,6.7263765,0.0,3.7321756,6.7316227,9.668412,12.925466,15.698609,19.17694,22.054861,25.604591,29.279144,30.480085,33.874996,33.133617,33.58052,29.54292,26.811949,22.77814,21.851881,17.039751,18.890085,11.679287,14.783301,12.482012,12.3949995,15.911875,16.40376,16.397036,14.772964,20.023487,17.52385,23.91625,22.229082,28.303505,30.769178,32.061993,35.816425,37.17561,40.26238,37.660835,36.35757,41.163998,43.141586,41.23051,40.968742,36.923943,36.89963,33.750767,32.38803,30.051805,29.947926,27.13337,30.104223,25.392035,23.388132,23.743591,20.665457,21.396345,17.809175,19.962454,18.723797,16.484377,20.388657,18.831263,21.340523,23.409622,24.622362,28.397036,28.945219,32.6565,36.217766,32.833958,31.130281,26.802855,29.287766,23.182627,24.62812,21.066315,21.658356,20.765808,19.71352,22.734457,25.191902,24.73704,23.013206,26.246807,22.737467,27.266563,23.502773,29.559725,25.719278,30.233995,32.74933,30.14511,27.039839,24.267456,21.766464,18.442854,16.051691,12.660388
13,31.388723,28.752775,25.403532,22.5299,21.000391,16.222021,17.136492,11.6639385,10.241631,8.586689,6.0398703,9.01402,3.7321756,0.0,5.9651265,7.1873393,10.662787,13.31644,16.605091,19.572649,22.865765,26.593437,27.447447,30.784563,29.946682,30.386507,26.181795,23.753714,19.80593,18.948076,14.131629,16.45497,9.848891,13.180635,12.08627,12.299968,16.1409,16.863585,15.859383,14.154735,18.919182,16.179407,22.330477,20.209393,26.51367,28.32308,30.073631,33.54078,35.13563,38.02976,35.437283,34.738068,39.379112,41.10715,39.50849,38.976017,35.212833,34.70079,31.60664,30.642029,27.591822,27.76358,24.76025,27.620623,23.277464,20.621624,21.276064,18.606739,18.730837,15.573171,16.844624,15.292925,12.9739485,16.679413,15.161877,17.836248,20.020874,21.583769,25.273474,26.26735,29.89007,33.568413,30.285389,28.903395,24.643696,27.628555,21.515688,23.379875,20.289907,21.145876,20.928131,19.924286,23.36927,25.479713,25.379261,23.288658,25.991428,22.39272,26.416069,22.351133,27.94926,23.814417,28.13727,30.466413,27.663979,24.673788,21.394106,19.115122,15.521382,12.94892,9.427864
14,25.76346,23.397184,19.830576,17.379442,16.146502,10.801841,13.134092,7.474063,8.611845,7.4193034,8.395642,12.383535,6.7316227,5.9651265,0.0,5.5880356,6.9104857,10.580733,13.318474,16.481197,19.846,23.52084,25.237528,28.948627,28.828245,29.876503,26.253487,24.321676,20.242088,20.561487,15.407807,19.530348,13.439815,18.116863,16.673517,17.627205,20.965902,20.919735,19.578074,16.900019,21.620296,17.519468,23.445,20.649435,26.762924,27.95647,29.49809,32.57801,33.309685,36.86661,34.92488,33.417515,37.99748,40.393826,39.17272,39.00386,35.416164,35.269897,32.690388,32.36544,29.552227,30.454414,27.780663,31.240942,27.653564,24.605906,26.168268,24.01691,23.77253,21.03475,21.307783,18.945904,16.09956,18.849857,16.033684,18.49964,19.445898,20.893963,23.897795,24.663824,28.005562,31.567104,28.666523,27.16987,23.16407,26.048916,20.280745,22.834845,19.885452,21.624083,21.447142,21.686115,24.291729,25.989346,25.273163,22.688967,25.525202,20.756,24.765991,19.930695,25.395542,21.385395,25.43978,27.795332,24.819725,21.924383,18.940931,17.313837,13.6175375,12.725145,8.984487
15,25.604618,22.51044,19.786055,16.171164,14.691578,10.608203,11.183467,7.6377025,6.2159824,8.94424,7.9215746,13.692174,9.668412,7.1873393,5.5880356,0.0,4.5202136,6.143241,9.863906,12.486633,16.11583,19.717909,20.914272,24.313715,23.78794,24.560184,20.91731,18.74158,14.654395,15.117121,9.977195,14.857042,10.1159315,15.380911,14.938201,16.721216,19.734741,19.518885,16.937859,14.009376,17.838448,13.341006,18.759481,15.555282,21.807152,22.595005,24.452898,27.437365,28.586693,31.812614,29.713814,28.829,33.29176,35.34094,34.27894,33.85899,30.48209,29.957838,27.430395,27.473637,24.242838,25.481184,22.866333,26.512415,23.634077,20.233053,22.671429,21.336939,20.916399,19.552193,18.37656,16.186235,11.911112,14.869505,11.558928,13.326151,14.461561,15.512089,18.943518,19.601986,23.131697,26.751472,23.642544,22.293837,18.21617,21.51636,15.672865,18.528397,16.208626,18.190432,18.918037,19.279743,22.297398,23.466105,23.314697,20.36283,22.368786,17.845644,21.116188,16.264366,21.294893,16.997519,21.11193,23.404707,20.566889,17.561974,14.652927,12.289378,8.84321,7.2198997,4.0268054
16,22.12703,18.953999,16.662025,12.756929,12.20385,7.544335,10.39325,8.265761,8.991551,11.896154,12.165532,17.717426,12.925466,10.662787,6.9104857,4.5202136,0.0,4.693372,6.416032,9.788489,12.940241,16.644424,18.381456,22.178633,22.359247,23.783031,20.536434,19.430183,15.610989,17.127573,12.336462,18.222784,14.441854,19.650562,19.451124,21.182032,24.254797,23.97789,21.265388,18.159542,21.610432,16.63444,21.347042,17.538067,23.453554,23.04387,25.13275,27.38571,27.937784,31.536688,30.071386,29.071959,33.2402,35.605793,35.1498,34.793385,31.863071,31.211565,29.181618,29.959467,26.41485,28.266087,25.770662,29.4508,27.215538,23.289534,26.045069,25.05631,24.013178,22.71744,20.915422,18.001076,14.325139,15.787014,11.814786,13.667927,13.488043,15.091237,17.390919,18.55243,21.540316,25.166555,22.675522,21.657938,18.081001,21.698675,16.497293,20.144787,18.41173,21.008154,21.980375,22.982327,25.579971,26.382679,25.97437,22.69264,24.466919,19.223639,21.957342,16.365215,20.532513,16.169136,19.577814,21.603115,18.248314,15.602761,12.102674,11.3080225,7.249218,8.186512,5.364976
17,21.652777,18.01278,16.386156,11.827864,10.689743,8.473994,8.484822,9.064482,8.366237,13.266722,13.091513,19.155422,15.698609,13.31644,10.580733,6.143241,4.693372,0.0,4.861061,6.44456,10.525977,13.873602,15.456586,18.875458,18.761822,19.953154,17.124765,15.542502,11.754371,13.843174,9.550856,15.955763,13.71414,19.187899,19.295593,21.70389,24.164904,23.475561,20.04903,16.705256,19.204535,13.850917,17.639263,13.502796,19.122522,18.441925,20.489319,22.706587,23.346365,26.875088,25.39652,24.47639,28.599388,30.912735,30.529213,30.173235,27.36982,26.729673,24.91455,26.058895,22.668596,24.911345,22.787115,26.839457,25.384823,21.556467,25.164051,24.856497,24.017035,23.857967,21.18102,18.736399,13.785554,15.428189,11.004263,11.30843,10.776573,11.07384,13.840392,14.155294,17.442562,20.988789,18.19581,17.031813,13.392335,17.146772,12.106382,16.089125,15.053476,17.984436,19.609507,21.046604,23.522955,23.761265,23.635204,20.096884,21.150846,16.049437,18.019073,12.430558,16.18911,11.686157,15.289216,17.44082,14.474743,11.513483,9.092952,6.8524766,4.073877,5.53698,5.649047
18,19.907227,16.01232,15.55265,10.461349,10.997209,8.962757,11.228954,12.653755,13.044968,17.443748,17.512981,23.453156,19.17694,16.605091,13.318474,9.863906,6.416032,4.861061,0.0,4.080122,6.528656,10.243631,12.170177,16.10323,16.831926,18.82276,16.360405,16.476645,13.437624,16.31729,12.807985,19.49877,18.03994,23.13611,23.733074,25.894741,28.625277,28.153717,24.634151,21.421497,23.584703,18.314947,21.342606,16.860102,21.936554,19.633375,22.227192,23.345087,23.556211,27.180159,26.389679,25.919157,29.475388,31.817968,32.24654,31.738857,29.625532,28.502886,27.205185,29.131626,25.082205,27.847048,25.71307,29.461521,28.620285,24.176716,27.861748,27.891296,26.299479,26.219315,22.914356,19.82205,15.867704,15.798049,11.193726,11.686463,9.580118,11.111472,11.935896,13.593844,15.883914,19.504757,17.696877,17.367815,14.682486,18.921803,15.007555,19.49794,19.1803,22.343578,24.19565,25.805902,28.179348,28.183153,28.01063,24.335495,25.047003,19.7398,20.908781,15.02896,17.087215,12.659251,14.777376,16.230822,12.360069,10.2799425,6.001043,7.3641367,4.085946,8.269783,8.363871
19,19.11707,14.91782,15.278563,9.973626,10.242779,10.61066,10.927321,14.233037,14.1963625,19.359451,19.460903,25.549864,22.054861,19.572649,16.481197,12.486633,9.788489,6.44456,4.080122,0.0,4.6993427,7.529985,9.792115,13.350984,14.143967,16.157513,14.608576,14.618084,12.06411,15.582053,13.005176,19.61372,19.267761,24.430197,25.081099,27.666077,29.911089,29.08648,25.20362,21.86663,23.25374,17.869867,19.77101,15.182522,19.408201,16.469538,18.930557,19.651966,19.574009,23.324076,22.84224,22.270847,25.617813,28.086777,28.777552,28.370083,26.547459,25.523901,24.669674,27.083351,23.360811,26.5402,24.878748,28.899479,28.800755,24.568726,28.852629,29.366255,27.98193,28.630548,24.857214,22.154812,17.510206,17.517313,12.897168,11.962924,9.172448,8.981697,9.426147,9.9728985,12.224184,15.681059,13.869204,13.515591,11.283265,15.535141,12.551716,17.27764,17.778593,21.192675,23.466944,25.538452,27.574156,27.054224,26.992355,23.17806,23.237225,18.088097,18.295555,12.573334,13.4277725,9.121958,10.728383,12.167964,8.477506,6.203837,3.8667607,4.869573,5.102022,9.2890215,10.964141
20,19.918898,15.654782,17.299397,12.086508,13.577345,13.89432,15.352736,18.512114,18.683035,23.622274,23.530397,29.595154,25.604591,22.865765,19.846,16.11583,12.940241,10.525977,6.528656,4.6993427,0.0,3.8857138,6.168589,10.276913,12.047704,14.875917,13.825021,15.684916,14.126894,17.916267,16.096952,22.612003,22.973175,27.710001,28.894726,31.27345,33.732864,33.164215,29.145393,26.016514,27.08432,21.970465,23.31747,18.652334,22.380205,18.024885,21.086992,20.651815,20.445242,23.874014,23.982382,24.291824,26.90261,29.078493,30.575447,29.86879,28.806423,27.13494,26.722813,29.778563,25.353865,28.89078,27.196766,30.775826,31.265652,26.547798,30.836975,31.719374,29.700413,30.582275,26.224312,23.169096,19.422462,18.044107,13.755529,12.853125,8.986958,10.043597,7.9087634,10.446386,11.0977955,14.519649,14.024606,14.873062,13.837594,18.321875,16.362259,21.114292,22.113956,25.493025,27.970884,29.948244,32.098625,31.453682,31.511168,27.680973,27.423439,22.464895,22.057434,16.610012,15.912902,12.152681,11.880229,12.105813,7.5573564,7.3171535,2.7634377,8.062437,7.994933,12.3604,13.936167
21,19.885153,15.632463,18.304447,13.447472,15.120327,16.67347,17.516232,21.52783,21.694935,26.865875,26.889183,32.99507,29.279144,26.593437,23.52084,19.717909,16.644424,13.873602,10.243631,7.529985,3.8857138,0.0,4.4534326,7.885011,10.571191,13.788995,14.112503,16.499975,15.75876,19.809137,18.760141,25.00798,26.047302,30.732292,31.982445,34.54623,36.760563,36.014328,31.818195,28.66607,29.224522,24.177378,24.63744,20.083439,22.809118,17.59914,20.549835,19.188122,18.440224,21.845316,22.650871,23.086454,25.071167,27.301083,29.391369,28.732347,28.266106,26.547823,26.741316,30.34092,26.124191,30.003601,28.701292,32.291805,33.437977,28.825325,33.42319,34.65837,32.64465,33.948734,29.273851,26.381996,22.535435,20.9619,16.899096,15.340889,11.218047,11.253323,7.7517414,9.638079,8.866808,11.709015,12.271218,13.68507,13.861992,17.976511,17.351974,22.009018,23.64766,27.116205,29.821835,32.102497,33.961365,32.93518,33.030605,29.165617,28.415895,23.686657,22.43088,17.458052,15.182979,12.307957,10.411507,9.71819,5.207979,6.7968802,5.5842123,10.087291,11.421983,15.544517,17.582277
22,24.33856,20.080944,22.576319,17.55129,18.86092,19.923107,20.40394,23.961823,23.353802,28.695675,27.940083,34.041157,30.480085,27.447447,25.237528,20.914272,18.381456,15.456586,12.170177,9.792115,6.168589,4.4534326,0.0,4.2562647,6.7376223,10.191237,10.558239,14.155842,14.328396,18.277729,18.17201,23.921282,26.047333,30.101902,32.01375,34.483234,36.67547,36.184437,31.73496,28.95244,28.929781,24.42447,24.320063,19.842281,22.387117,16.369926,20.102749,18.301079,18.566177,20.980078,21.496822,23.402939,25.030884,26.388756,28.756042,27.533363,27.502623,24.935877,25.157995,29.071976,24.077423,28.09595,26.742212,29.853025,31.571728,26.73361,31.396063,33.11435,30.77777,32.697887,27.447119,24.753767,21.238688,18.99633,15.536965,13.462737,9.258463,9.7176895,4.8328114,8.867791,7.490693,10.68212,11.452532,13.837618,14.257509,18.820911,18.278137,22.725407,24.718102,27.890385,30.912544,32.770393,35.04046,33.981194,34.51336,30.745655,29.626575,25.547176,23.983486,19.504732,16.973707,13.991455,12.055222,10.866636,7.0251613,8.728293,6.395748,10.685736,12.112487,15.550044,18.079536
23,27.249744,23.051832,25.874151,21.011456,22.067858,23.72085,23.43733,27.365767,26.343958,31.930447,30.909697,36.98941,33.874996,30.784563,28.948627,24.313715,22.178633,18.875458,16.10323,13.350984,10.276913,7.885011,4.2562647,0.0,3.989042,7.601573,9.858957,13.987332,15.323379,19.162312,20.130583,25.182615,28.323057,32.008553,34.199413,36.80193,38.682423,38.12085,33.45257,30.862534,30.1045,26.028416,24.883337,20.739008,22.20305,15.328805,19.19423,16.417498,16.951918,18.521572,19.400314,22.293411,23.153502,23.93598,26.888561,25.391764,26.116983,23.10083,23.881433,28.336073,23.335955,27.618055,26.68024,29.552338,32.113804,27.474665,32.393196,34.612926,32.306904,34.885395,29.256279,26.973173,23.38229,21.056545,18.121302,15.354073,11.56566,10.97015,5.879403,8.871201,5.9278994,8.18129,9.996657,13.277003,14.767992,18.94154,19.492643,23.532217,26.153393,29.154224,32.468876,34.336033,36.530807,35.14726,35.949883,32.275215,30.574615,27.153736,24.823465,21.167017,17.55201,15.362636,12.5645,10.587986,8.310099,10.635875,10.133951,13.182799,15.4819,18.329483,21.358034
24,29.855602,25.572195,27.848616,22.82371,23.291054,24.753918,23.743567,27.378942,25.656149,31.351812,29.787735,35.744278,33.133617,29.946682,28.828245,23.78794,22.359247,18.761822,16.831926,14.143967,12.047704,10.571191,6.7376223,3.989042,0.0,3.6829295,6.4087214,10.657692,12.75871,16.289433,18.095615,22.433369,26.401417,29.615534,32.119473,34.749935,36.399914,35.901684,31.098417,28.806253,27.52296,23.972078,22.31992,18.441717,19.688002,12.669908,17.016666,14.484113,16.222958,16.989862,17.070513,20.943169,21.927965,22.021019,24.695463,22.804155,23.512812,19.98653,20.576132,25.064793,19.709295,24.010359,23.145761,25.834206,28.761698,24.274632,29.328304,31.856493,29.684814,32.77825,26.96458,25.167967,21.339884,19.258734,16.774946,13.388059,10.332787,9.026339,4.9738555,7.787514,5.91968,8.440256,8.922855,12.3120575,13.503621,17.803791,18.18701,21.827093,24.626102,27.288967,30.78336,32.31868,34.74767,33.348232,34.49842,30.987295,29.037685,26.265984,23.847345,20.728558,17.449278,15.126187,13.067757,11.52859,9.991202,11.3898945,10.969496,12.583774,15.226759,17.155272,20.630056
25,32.531403,28.242525,30.174055,25.156494,25.132944,26.628485,24.883259,28.368626,26.05934,31.81174,29.828205,35.599754,33.58052,30.386507,29.876503,24.560184,23.783031,19.953154,18.82276,16.157513,14.875917,13.788995,10.191237,7.601573,3.6829295,0.0,5.143656,8.646343,11.738652,14.731787,17.511602,20.87674,25.717625,28.434826,31.172966,33.86705,35.18309,34.67589,29.762474,27.781092,25.857548,22.92982,20.541004,17.142807,17.765526,10.680904,15.280321,12.859366,15.695902,15.501862,14.8695755,19.754524,20.655697,19.999895,22.478025,20.199772,21.059565,17.014591,17.584963,22.210777,16.683231,21.042372,20.445019,22.943592,26.41525,22.269812,27.482115,30.356962,28.429003,32.06833,26.154785,24.94061,20.866644,19.20221,17.238676,13.355622,11.328771,9.15365,7.091655,8.408328,7.545894,9.452173,8.895744,12.131364,13.2456665,17.243887,17.789757,20.827095,23.884079,26.166637,29.827484,31.103651,33.635513,32.134388,33.618084,30.315838,28.029552,26.023178,23.379686,21.019316,17.872578,15.787837,14.242188,13.012742,12.389998,13.191848,13.311383,13.546443,16.53402,17.556227,21.374596
26,32.771416,28.428932,29.644135,24.404924,24.246725,24.62119,23.318142,25.746061,23.139837,28.580635,26.116833,31.752752,29.54292,26.181795,26.253487,20.91731,20.536434,17.124765,16.360405,14.608576,13.825021,14.112503,10.558239,9.858957,6.4087214,5.143656,0.0,5.9167924,8.48137,11.084496,13.647495,17.057207,21.755302,24.16346,27.21706,29.621075,31.2703,31.134874,26.314928,24.544376,23.048773,20.263174,18.936209,15.309809,17.585796,11.86347,16.709091,15.874544,19.038286,19.32301,17.75051,22.133392,23.969215,23.451763,24.99586,22.695425,22.553108,18.55607,17.934727,21.66191,15.222351,19.120867,17.662529,19.981575,22.701326,18.008966,22.9911,25.695047,23.513186,27.018408,21.066933,19.80415,15.936944,14.100276,12.467817,8.593336,7.433047,6.659501,6.4115357,9.526464,10.464214,13.496226,11.8715515,14.153348,13.587167,18.262094,17.024105,20.192745,22.484287,24.564426,28.025267,28.741543,31.824469,30.839014,32.373466,29.129568,27.420597,25.211319,23.573885,20.635546,19.159399,15.997222,15.918971,15.525481,13.790939,13.60136,11.717851,11.63871,13.47885,13.771228,17.414623
27,32.798355,28.57488,28.962553,23.982029,22.877193,23.479252,20.77892,23.068604,19.712225,25.221651,22.533207,27.934355,26.811949,23.753714,24.321676,18.74158,19.430183,15.542502,16.476645,14.618084,15.684916,16.499975,14.155842,13.987332,10.657692,8.646343,5.9167924,0.0,4.176776,6.182369,9.861143,12.284016,17.614157,20.044586,22.778435,25.556858,26.62417,26.1392,21.206802,19.491575,17.442663,14.993001,13.100665,9.832344,12.21766,8.213936,12.682206,13.639668,17.448025,17.799025,15.045097,18.843987,21.528606,21.0999,21.4315,19.3335,18.118412,14.653406,13.1345,16.214384,10.153916,14.002206,12.734383,16.078007,18.48225,14.632083,20.08497,22.627985,21.511683,25.146286,19.840687,19.401937,14.089415,14.454475,12.644737,8.35403,9.069087,5.744674,9.32522,9.196355,12.031697,14.866758,11.507404,12.26454,10.475152,14.650396,12.75284,15.128721,17.40185,19.079702,22.632841,23.210201,26.287674,25.261124,27.034758,24.018623,22.17366,20.703943,19.24079,17.12593,16.73613,13.672277,15.069321,15.686361,14.855798,13.454464,13.095262,10.224984,12.8592615,11.687139,15.820312
28,30.385494,26.262178,26.040798,21.140833,19.780933,19.881178,17.200863,19.005814,15.592448,21.07243,18.491573,24.047407,22.77814,19.80593,20.242088,14.654395,15.610989,11.754371,13.437624,12.06411,14.126894,15.75876,14.328396,15.323379,12.75871,11.738652,8.48137,4.176776,0.0,4.1501403,5.9795,9.971949,14.041046,17.266054,19.533812,22.380037,23.71045,23.160362,18.349897,16.226873,15.124106,11.816832,11.5423975,7.5224752,11.954766,9.795475,13.45168,15.456643,18.558084,19.906694,17.196238,19.445986,22.886906,23.268404,23.026672,21.4767,19.376001,16.947634,14.917151,16.984543,11.76997,14.876206,13.089915,16.993893,17.913671,14.0015335,19.191248,20.956385,20.098429,22.92579,18.225767,17.485067,11.502605,12.8702345,10.270584,6.4455905,7.7552605,4.6514397,9.756258,9.504299,13.182672,16.460808,12.776405,12.600461,9.49695,13.9093685,10.388593,13.207858,14.617002,16.516195,19.781605,20.386473,23.580816,22.921732,24.40339,21.264383,20.096506,17.940638,17.43593,14.574694,15.673546,11.903717,14.500866,15.820736,14.439128,12.226541,11.382609,7.4517217,9.5647955,7.7698607,11.96812
29,33.696247,29.690388,28.960333,24.247948,22.547625,22.109627,19.17139,19.951246,15.848427,20.746862,17.366232,22.32979,21.851881,18.948076,20.561487,15.117121,17.127573,13.843174,16.31729,15.582053,17.916267,19.809137,18.277729,19.162312,16.289433,14.731787,11.084496,6.182369,4.1501403,0.0,5.157826,6.178466,11.7283,13.897228,16.661484,19.411667,20.476488,20.160244,15.283873,13.848896,12.199816,10.241328,10.151107,7.4184666,12.102321,11.904062,15.027877,17.80131,21.431917,22.251894,18.858816,21.33413,24.940947,24.84047,23.900217,22.174982,19.60579,17.139996,14.255289,15.193717,9.695179,11.844087,9.46576,13.371089,13.78379,10.147441,15.411462,17.278656,16.910892,20.16393,15.742749,15.925055,9.760149,12.351206,10.96633,7.83934,10.744372,8.735553,13.67331,13.465814,17.119404,20.193005,16.33496,15.882967,12.570195,16.188562,12.188773,13.779395,14.601319,15.586365,18.690573,18.41419,22.126413,21.803919,23.669851,20.985935,19.962706,18.737877,18.782745,16.696888,18.686182,15.167594,18.236525,19.714157,18.557455,16.213339,15.154618,11.06796,12.257835,9.035348,12.667964
30,30.527506,26.709848,25.350927,20.81409,19.044344,17.711782,15.341539,15.176298,11.192352,15.970405,12.789847,18.22589,17.039751,14.131629,15.407807,9.977195,12.336462,9.550856,12.807985,13.005176,16.096952,18.760141,18.17201,20.130583,18.095615,17.511602,13.647495,9.861143,5.9795,5.157826,0.0,6.7168136,8.306716,12.203877,14.086537,16.79314,18.579557,18.270185,13.809302,11.58556,12.138513,8.5891285,11.50737,8.13299,14.345504,14.818753,17.41279,20.480705,23.173132,25.03498,22.090313,23.12231,27.224606,28.025152,26.949358,25.780748,22.743093,21.179497,18.370901,18.7818,14.452222,16.042461,13.466874,17.344275,16.017569,12.333163,16.559347,17.114246,16.780762,18.480892,15.005679,14.338809,7.7207804,11.305243,8.807633,7.346094,10.143518,9.306021,14.26538,14.374401,18.289062,21.74102,17.978136,17.043217,13.033254,16.783293,11.447212,13.738673,13.22407,14.670509,17.106825,16.989647,20.730669,20.972393,22.217678,19.320942,19.38774,16.903267,18.225582,14.965668,18.39245,14.267287,18.102274,20.034164,18.173265,15.336457,13.491368,9.274805,8.911852,4.7403316,7.8583717
31,36.67763,32.97827,31.320557,27.087479,24.893082,23.643427,20.502352,19.649296,14.9402075,18.499334,14.24879,18.031841,18.890085,16.45497,19.530348,14.857042,18.222784,15.955763,19.49877,19.61372,22.612003,25.00798,23.921282,25.182615,22.433369,20.87674,17.057207,12.284016,9.971949,6.178466,6.7168136,0.0,7.4647803,8.102692,11.089021,13.766065,14.474691,14.440353,9.694892,9.322628,7.910131,8.166135,10.098769,9.510489,14.419739,16.8674,18.872566,22.644413,26.226068,27.08296,23.243471,24.912079,28.975079,28.902292,26.951181,25.492264,22.048199,20.416712,16.730642,15.537294,11.64463,11.386665,8.342955,11.980809,9.614831,7.536142,11.675865,12.5539255,13.672662,16.503164,13.743721,15.099056,9.176624,13.853647,13.482458,12.06553,15.7015,14.465711,19.52869,19.145819,23.035854,26.06572,21.974394,20.891905,17.07737,19.744179,14.881945,15.124705,14.41046,14.109686,16.352552,14.696215,19.102596,19.629128,21.682558,19.727337,19.525038,19.115908,20.475945,19.003666,22.585268,19.21471,23.107666,25.023092,23.897308,21.146578,19.927135,15.506087,15.617393,11.3089485,13.455378
32,34.078007,30.86658,28.171413,24.625109,22.226397,19.761087,17.307608,14.389016,9.8551855,11.697827,6.9823737,10.754719,11.679287,9.848891,13.439815,10.1159315,14.441854,13.71414,18.03994,19.267761,22.973175,26.047302,26.047333,28.323057,26.401417,25.717625,21.755302,17.614157,14.041046,11.7283,8.306716,7.4647803,0.0,5.9592743,5.9788194,8.7866535,10.770604,10.743206,7.3847623,5.8487434,9.366828,7.931617,13.584599,12.638431,18.49847,21.599129,22.997408,27.113281,29.676537,31.6449,28.25735,28.233414,32.85471,33.81815,31.625914,30.860455,26.865606,26.322956,22.803986,21.179682,18.679604,18.27703,15.543992,18.891718,14.772621,13.201286,15.125254,13.576727,15.136228,15.057874,14.717796,15.166123,9.908043,15.381306,14.255515,14.699751,17.886824,17.546,22.45138,22.177519,26.268538,29.580442,25.5623,23.92066,19.547958,21.981352,16.034115,16.582092,13.949535,13.808634,14.491076,12.674339,17.058249,18.694777,19.777092,17.912817,19.470236,17.794588,20.988546,18.596811,23.880257,20.217306,24.826038,27.227951,25.546566,22.366745,20.672176,16.44258,15.057502,10.76535,10.598903
33,39.980976,36.70694,34.090336,30.449198,28.153103,25.51686,23.260761,20.127182,15.727954,16.561733,11.526346,12.753941,14.783301,13.180635,18.116863,15.380911,19.650562,19.187899,23.13611,24.430197,27.710001,30.732292,30.101902,32.008553,29.615534,28.434826,24.16346,20.044586,17.266054,13.897228,12.203877,8.102692,5.9592743,0.0,5.001099,6.0789933,7.761463,9.387815,6.921302,8.581794,10.277133,11.951299,16.190292,16.329206,21.420113,24.749092,26.322578,30.446877,33.682613,34.91134,31.067823,31.951288,36.349785,36.565403,34.12681,32.954323,29.04212,28.01906,24.11104,21.7538,19.054531,17.4664,14.398478,16.334173,10.829304,10.563526,10.596966,8.292052,11.217377,11.636004,12.446314,14.531568,10.915645,16.34481,16.892696,17.44465,21.312193,21.298693,26.182917,26.322233,30.286507,33.549885,29.51162,28.176083,24.012793,26.391401,20.83638,20.729248,18.430801,17.352453,17.884542,14.778643,19.537968,21.436699,23.079771,21.949957,23.196323,22.744452,25.62405,23.960667,28.859308,25.322622,29.713837,31.906235,30.312984,27.321074,25.27071,21.281027,19.882969,15.371031,15.258463
34,38.6844,35.7886,32.590637,29.58715,26.919853,24.305302,21.674294,17.959023,13.796924,13.371817,8.80729,8.626105,12.482012,12.08627,16.673517,14.938201,19.451124,19.295593,23.733074,25.081099,28.894726,31.982445,32.01375,34.199413,32.119473,31.172966,27.21706,22.778435,19.533812,16.661484,14.086537,11.089021,5.9788194,5.001099,0.0,3.827202,4.892953,5.552595,4.869404,6.2403846,10.019752,11.319487,16.547268,17.06281,22.052303,26.322641,27.153616,31.712763,34.415478,36.147198,32.427483,32.146805,36.87229,37.6664,34.818474,34.182827,29.796967,29.709236,25.863852,23.072433,21.748972,20.142515,17.653656,20.270227,14.835854,15.279004,15.4653015,12.732188,15.890536,15.048331,16.848215,18.31037,14.430799,19.98976,19.676195,20.338364,23.75217,23.335855,28.331373,27.803644,31.958347,35.120926,30.93494,29.049286,24.68227,26.403944,20.660566,20.114887,16.932327,15.558518,15.057026,11.75852,16.220718,18.706482,19.877775,19.1337,21.207262,20.715904,24.411228,22.980848,28.67811,25.432737,30.209545,32.737774,31.32483,28.075497,26.632015,22.298838,20.960531,16.723783,16.095709
35,41.17918,38.365402,35.0333,32.09438,29.635176,26.428152,24.535288,20.16752,16.46507,15.053462,10.540507,8.676914,12.3949995,12.299968,17.627205,16.721216,21.182032,21.70389,25.894741,27.666077,31.27345,34.54623,34.483234,36.80193,34.749935,33.86705,29.621075,25.556858,22.380037,19.411667,16.79314,13.766065,8.7866535,6.0789933,3.827202,0.0,4.483889,7.1060534,8.222182,10.058963,13.550887,15.076515,20.226875,20.632263,25.721388,29.71778,30.790506,35.228546,38.011707,39.69289,35.95262,35.90525,40.59196,41.27097,38.477238,37.711945,33.40746,33.086964,29.173325,26.32054,24.641144,22.797974,20.065,21.931805,15.959741,16.467129,15.345604,11.710889,15.021425,13.095966,16.318787,18.015705,15.485574,20.783564,21.083126,22.328787,25.909853,26.095652,30.924858,30.908081,34.97904,38.28091,34.20759,32.503605,28.138395,30.094582,24.27532,23.913902,20.7096,19.345474,18.626793,15.155923,19.433643,22.157356,23.218056,22.677612,24.94029,24.353373,28.178085,26.51835,32.24027,28.81459,33.533985,35.992603,34.298763,31.111116,29.078957,25.166061,23.278778,19.071012,17.849844
