,0,1,2,3,4,5,6,7,8,9,10,11,12,13,14,15,16,17,18,19,20,21,22,23,24,25,26,27,28,29,30,31,32,33,34,35,36,37,38,39,40,41,42,43,44,45,46,47,48,49,50,51,52,53,54,55,56,57,58,59,60,61,62,63,64,65,66,67,68,69,70,71,72,73,74,75,76,77,78,79,80,81,82,83,84,85,86,87,88,89,90,91,92,93,94,95,96,97,98,99,100,101,102,103,104,105,106,107,108,109,110
0,0.0,4.2411118,6.521356,9.886392,12.217753,14.875526,17.667528,21.582073,24.704151,27.437551,31.430407,31.739891,29.2301,28.255133,23.393267,24.02158,18.90149,19.930178,16.602358,16.606174,17.005484,13.396838,16.642776,17.60215,14.67711,17.411715,16.36752,19.753086,19.197079,23.828985,22.967194,28.995634,32.45847,35.98077,36.800507,40.119686,42.73555,40.300533,38.226086,34.55058,33.69477,28.803444,27.184864,22.132889,22.172709,18.101377,17.913643,16.491789,17.930294,21.283058,23.779251,27.109848,31.103428,33.930397,33.09072,37.28496,35.268017,36.848892,39.83342,41.169384,38.39594,40.509605,35.827515,37.312637,34.90744,34.39937,36.793896,32.765614,33.294426,28.285917,26.756886,27.164402,28.322445,26.680803,29.872686,26.14977,29.848923,32.891457,34.048737,37.653313,36.663395,32.840088,34.653122,31.027357,30.514526,26.506037,27.37905,22.177368,22.592,22.040636,21.834927,25.6072,25.140247,27.494114,28.310957,29.034237,30.744152,29.471693,33.866833,32.952015,39.08058,37.842274,43.384758,43.772488,43.184654,40.24991,38.93377,33.32324,33.07061,28.726763,28.456772
1,4.2411118,0.0,5.3084154,6.617617,8.8853245,12.38242,14.438957,19.097153,21.56895,24.703938,28.293358,29.02057,26.900923,25.603577,20.915817,20.867752,15.847902,16.248468,13.0170355,12.461379,12.985141,9.857339,13.071079,13.541415,11.265286,13.517045,13.1238365,16.242172,15.284378,19.958303,19.350315,25.143307,28.982733,32.177116,33.288105,36.58161,39.15119,36.844776,34.520447,30.731478,30.288517,25.297588,23.833366,18.817297,18.753645,14.540784,14.553941,12.730183,14.187314,17.462067,19.73331,23.239563,27.138557,29.853384,28.89002,33.08689,31.038797,32.671436,35.671192,36.95949,34.22636,36.31322,31.658258,33.256805,30.91929,30.589819,33.1076,29.195393,29.82178,24.78477,22.992167,23.128908,24.160442,22.496538,25.650164,21.991625,25.802975,28.868963,30.182732,33.774326,32.986206,29.106209,30.956291,27.232279,26.499138,22.5691,23.256983,17.990124,18.60256,18.263237,18.831406,22.435574,22.378862,24.914196,25.64426,25.996056,27.632868,25.971365,30.28978,29.149221,35.301083,33.968235,39.45422,39.982937,39.514015,36.62454,35.501682,29.799696,29.882421,25.483788,25.699778
2,6.521356,5.3084154,0.0,5.246008,6.7078276,8.705574,11.700896,15.121375,18.500364,20.998232,25.199581,25.39001,22.90899,22.169693,17.263672,18.265387,13.502661,14.82008,12.813695,13.139119,14.983577,12.51207,16.657822,16.416567,15.332273,16.3379,15.300275,17.383308,14.912112,19.562744,17.6891,24.191933,26.617523,30.53624,31.021027,34.24461,37.055164,34.643284,32.87316,29.506056,28.1875,23.842947,21.591076,16.951141,18.452234,14.360321,15.646313,14.979278,17.301292,20.56321,22.308472,26.329466,29.921227,32.187244,30.43361,34.343094,31.613626,32.933426,35.527798,37.10364,34.116753,37.011425,32.54725,34.389782,32.98115,32.30928,35.23257,31.531559,32.887035,27.74546,25.31251,25.47104,25.527767,24.358063,26.204128,22.278671,25.624573,28.284985,29.131296,32.6944,31.268091,27.47723,28.980242,25.56431,25.600683,21.436848,23.18898,18.687439,19.74451,20.329905,20.613111,24.542501,25.216526,27.06467,27.152544,27.378548,28.388947,26.585957,30.785753,29.530355,35.432953,33.649673,39.202576,39.338844,39.031174,35.887108,35.306377,29.263792,29.421942,25.24836,25.19512
3,9.886392,6.617617,5.246008,0.0,3.861403,6.1930084,8.894088,13.031665,15.4161005,18.757406,21.99561,22.581657,20.529316,19.0309,14.439247,14.279938,9.276781,10.100159,7.6216154,8.245103,10.226979,8.442788,12.887274,12.555422,13.319996,13.515332,14.207217,15.626105,11.700688,16.475056,14.743142,20.877148,23.556326,26.817022,27.971872,30.96245,33.935883,31.902632,29.67427,26.164106,25.683212,21.421576,19.162287,14.946491,16.709555,12.457335,14.331395,12.79486,14.712681,17.420532,18.462831,22.509012,25.737787,27.704536,25.685541,29.436934,26.84975,28.002975,30.765562,32.577835,29.783037,32.810497,28.50875,30.755646,29.34148,29.305244,32.365913,28.938595,30.160748,25.17282,22.445074,21.710587,21.567528,19.766634,21.439049,17.332842,20.592827,23.423174,24.33465,27.934206,26.792831,22.999767,25.037106,21.44904,21.369797,17.078657,19.144258,14.636929,16.608765,17.715654,19.618652,23.018705,24.166172,26.42009,26.5037,26.128277,27.049877,24.52041,28.478542,26.695196,32.587288,30.494764,35.874,36.335655,36.37091,33.309387,33.244114,27.020456,27.914392,23.721558,24.576878
4,12.217753,8.8853245,6.7078276,3.861403,0.0,5.41761,5.5622134,10.796699,12.751247,15.948172,19.533194,20.55054,18.922636,17.73846,13.289042,13.030818,9.014043,8.841838,8.726612,7.8753133,11.129724,10.883502,14.490879,12.704721,13.696661,12.770691,12.637662,13.174473,8.717916,13.354643,11.272668,17.689388,20.334612,23.93032,24.724333,27.931047,30.704563,28.467613,26.41035,22.970219,22.105696,17.811697,15.538237,11.175462,13.391854,9.331431,11.940976,11.427225,14.070933,16.807283,17.695179,22.110914,25.23274,27.019169,24.699148,28.438877,25.295107,26.61986,29.007923,30.53909,27.48858,30.65272,26.348305,28.456457,27.664867,27.11241,30.371607,27.071486,28.914314,23.89002,20.776644,20.51238,19.73798,19.011293,19.94909,16.135342,19.485474,21.92665,22.929825,26.445034,25.16205,21.238888,22.535713,19.011522,18.901615,14.800956,16.663282,12.64123,14.342934,15.94061,17.473677,20.974573,22.662008,24.38987,24.048605,23.547249,24.09842,21.550034,25.445293,23.737112,29.501848,27.37278,32.839706,33.06869,33.027313,29.881311,29.87048,23.578714,24.422232,20.340626,21.141037
5,14.875526,12.38242,8.705574,6.1930084,5.41761,0.0,5.9753613,7.167051,10.62965,13.360738,16.973816,16.899174,14.524165,13.490505,8.651268,9.812092,5.749353,8.154463,8.716267,10.511958,13.677471,13.222156,17.681005,16.64512,18.595373,17.597706,17.982706,18.037745,12.252445,16.307861,12.88321,19.382004,19.850996,23.778488,24.320787,27.016926,30.39533,28.450817,26.834341,23.979733,22.676706,19.64209,16.278772,13.370227,17.30635,13.7614975,16.997974,16.565996,18.975958,21.312786,21.541788,25.877823,28.48806,29.73982,26.744299,29.895136,26.547184,27.15651,29.314867,31.56547,28.588533,32.66366,28.832415,31.45951,31.236519,31.013668,34.488438,31.510536,33.455036,28.584923,25.22122,24.295206,22.919876,21.681118,21.41473,17.203793,19.454731,21.569756,21.757586,25.215496,23.25591,19.695015,21.392931,18.32516,19.431873,14.982856,18.714643,15.7895355,18.425663,20.638205,22.576683,25.94307,27.912136,29.512606,28.922995,28.214783,28.353138,25.489864,29.012522,26.939968,32.280285,29.523739,34.75855,34.836536,35.24489,31.96418,32.848553,26.326576,27.629982,23.924114,24.81723
6,17.667528,14.438957,11.700896,8.894088,5.5622134,5.9753613,0.0,6.707343,7.442148,10.667362,14.245798,15.688433,14.74351,13.776507,10.027168,9.462973,7.796025,6.704376,10.118257,9.180829,13.313785,14.65145,17.747475,15.008899,17.338167,15.004819,14.9485445,13.713306,7.306642,10.700095,6.9791055,13.677364,14.968144,18.981098,19.404455,22.553804,25.456074,23.263102,21.486729,18.442938,17.133116,13.692147,10.602769,7.5016274,11.941253,9.108153,13.06669,13.577848,16.415485,18.485807,18.434835,23.034428,25.462831,26.535934,23.376831,26.60755,22.69219,23.75208,25.514536,27.145615,23.882675,27.81495,23.931833,26.310287,26.72713,25.979279,29.614042,26.877718,29.45541,24.710361,20.973576,20.536165,18.468863,18.657068,17.708103,14.181188,16.831444,18.505709,19.214817,22.534494,20.83551,16.951157,17.521261,14.286849,14.815982,10.836604,13.7286215,11.548104,13.801847,16.592802,18.490442,21.584585,24.213114,25.315079,24.304502,23.271902,23.003933,19.974144,23.30112,21.249853,26.456764,23.753757,29.085392,29.04282,29.32705,26.03478,26.908728,20.371634,21.799154,18.241146,19.450024
7,21.582073,19.097153,15.121375,13.031665,10.796699,7.167051,6.707343,0.0,5.3185678,6.4308724,10.809305,10.448119,8.519158,8.628473,4.908481,7.376784,8.033675,9.484755,13.3450165,14.507961,18.31662,19.250092,23.065596,21.007862,23.74318,21.570364,21.59753,20.20209,13.590375,15.9105625,11.167203,16.970009,14.641014,19.334564,18.919363,21.31667,24.923956,23.04221,22.239248,20.327572,18.011724,16.757986,12.422368,11.923218,17.628504,15.515471,19.60102,20.277353,23.007328,24.87605,24.375576,28.840973,30.765911,31.265924,27.429722,29.879417,25.663612,25.85819,27.045818,29.405302,26.227516,31.209797,28.025837,30.813839,32.028084,31.42757,35.230892,32.871414,35.648735,31.082182,27.181812,26.324512,23.67695,23.587194,21.250322,17.657377,18.762686,19.651712,19.18604,22.176989,19.377052,16.201704,16.686287,14.55944,16.902287,13.086945,17.895288,17.18158,19.940397,23.07203,24.922281,27.968376,30.794783,31.608162,30.287989,29.172258,28.404514,25.30774,28.095665,25.843891,30.256214,26.907547,31.794825,31.377277,32.151367,28.740059,30.666801,24.150627,25.893335,23.026205,24.037024
8,24.704151,21.56895,18.500364,15.4161005,12.751247,10.62965,7.442148,5.3185678,0.0,4.5795703,6.8242764,8.66437,9.092706,8.220547,7.1099544,6.0662065,9.208755,8.332632,13.737756,13.886815,17.760557,19.964186,22.83801,20.061987,23.69166,20.644604,21.273424,18.951588,11.937594,12.873644,8.211285,12.57999,9.780814,14.064432,14.120598,16.493946,20.117357,18.514359,17.28117,15.39457,13.779025,13.106689,8.816876,10.101009,15.856368,14.648157,18.902605,19.61632,22.07396,23.267406,22.080128,26.394054,27.737103,27.741495,23.541052,25.627943,21.072538,21.214554,22.040535,24.308268,21.109638,26.347235,23.517023,26.486525,28.301043,27.860998,31.765333,29.900667,32.90671,28.743713,24.614117,23.441122,20.125444,20.573072,17.130444,14.164587,14.792291,15.082407,14.746932,17.57195,14.948953,11.580568,11.50951,9.328851,11.896205,8.5923815,13.760538,14.498857,17.527542,21.179037,23.783386,26.156746,29.482557,30.196898,28.686722,27.0589,25.960367,22.390444,24.59944,21.978167,25.951584,22.281765,26.912685,26.630287,27.712337,24.398283,26.928993,20.478016,22.930218,20.449312,22.246046
9,27.437551,24.703938,20.998232,18.757406,15.948172,13.360738,10.667362,6.4308724,4.5795703,0.0,5.996236,6.751546,7.5064483,8.633083,8.589874,9.52898,12.911756,12.815207,17.986206,18.274405,22.229588,24.176811,27.245203,24.388443,27.615005,24.586697,24.486471,21.996618,15.534907,15.931335,11.092863,14.8353405,9.704044,14.930803,13.468878,15.595863,19.232607,17.439777,17.40518,16.54828,13.439009,14.287378,9.678815,12.095939,18.231712,17.595436,21.871475,23.23257,25.983107,27.337385,26.271654,30.62497,31.914597,31.787914,27.464308,29.264336,24.432999,24.404646,24.583603,26.7385,23.463129,28.970497,26.490059,29.249552,31.709774,30.793015,34.740715,33.03783,36.441036,32.324947,28.141287,27.39988,23.822916,24.861671,20.99159,18.441847,18.641045,18.278318,17.486408,19.755924,16.525852,13.906955,12.531451,11.687427,14.816637,12.443592,17.220991,18.54378,21.07808,24.729239,26.569374,29.069973,32.534363,32.72298,30.86311,29.346766,27.830734,24.59779,26.505085,24.161022,27.48004,23.718468,28.083437,27.244812,28.354815,24.959919,27.846516,21.664612,23.86481,21.973457,23.250408
10,31.430407,28.293358,25.199581,21.99561,19.533194,16.973816,14.245798,10.809305,6.8242764,5.996236,0.0,4.6684017,8.227979,7.833649,10.549275,9.418523,14.4467945,13.6784,19.109978,19.575989,23.057524,25.724596,28.255882,25.468355,29.73334,26.301054,27.290956,24.40981,17.626375,17.142654,13.127799,14.523739,8.02716,11.359121,10.941758,11.746484,16.088783,15.470883,15.003552,14.775877,13.276101,15.425405,11.533692,15.236619,20.795208,20.518301,24.71138,25.517756,27.688791,28.28603,26.410397,30.306984,30.763964,29.907051,25.115757,26.028334,21.217205,20.469082,20.152786,22.861372,19.997955,26.103199,24.470066,27.73157,30.646162,30.461105,34.406403,33.31585,36.562702,32.98293,28.738497,27.134321,23.124933,23.823345,18.754446,16.83106,15.606564,14.305015,12.82749,14.501979,10.930307,9.094058,7.6695094,8.131819,12.292378,10.977118,16.384315,19.026049,22.171377,26.122725,29.084167,30.873684,34.594807,35.0263,33.212128,31.19545,29.546005,25.76562,26.942457,24.043648,26.632465,22.352013,25.920834,25.435047,27.25613,24.166348,28.06279,22.212341,25.331663,23.86973,26.017897
11,31.739891,29.02057,25.39001,22.581657,20.55054,16.899174,15.688433,10.448119,8.66437,6.751546,4.6684017,0.0,4.3006244,5.310145,9.015169,9.808134,14.60706,15.278872,20.070908,21.551504,24.942205,26.927324,30.12876,27.935274,32.016068,29.041306,29.937084,27.51429,20.514544,20.835072,16.397175,18.876894,12.454023,15.922481,15.1473875,15.497852,19.923412,19.376335,19.449833,19.410683,17.401566,19.445631,15.173831,18.174763,24.084307,23.26734,27.534538,28.21022,30.482002,31.38056,29.714699,33.68849,34.33215,33.59534,28.824366,29.709314,25.181759,24.134583,24.007425,27.104145,24.420414,30.584543,28.921473,32.26005,34.892662,34.801365,38.745792,37.436638,40.52336,36.71881,32.52363,30.834396,27.11039,27.18884,22.507322,20.014563,18.66916,17.70062,15.712821,17.353954,13.366041,12.193518,11.927969,12.422142,16.620737,14.635662,20.473497,22.380486,25.702879,29.519041,32.2894,34.457615,37.966362,38.508156,36.77157,34.976776,33.453266,29.81928,31.276901,28.471647,31.227417,26.987097,30.545921,29.96168,31.75952,28.625086,32.4229,26.492006,29.324823,27.69072,29.44928
12,29.2301,26.900923,22.90899,20.529316,18.922636,14.524165,14.74351,8.519158,9.092706,7.5064483,8.227979,4.3006244,0.0,3.8894207,6.318544,9.154376,12.856076,14.747974,18.75836,20.944124,24.268465,25.51529,29.303358,27.624771,31.307848,28.86381,29.602613,27.7531,20.708763,21.962362,17.258352,21.056358,15.611613,19.52785,18.825132,19.604311,23.9334,23.054136,23.034033,22.504097,20.25745,21.391024,16.86352,18.714703,24.717539,23.243866,27.464943,27.960217,30.331154,31.614386,30.330423,34.444263,35.508316,35.15312,30.613495,31.895447,27.624477,26.710531,27.120058,30.311111,27.579712,33.530056,31.42336,34.734436,36.788563,36.70267,40.620667,38.902966,41.760498,37.628555,33.545593,31.923998,28.649824,28.206242,24.328999,21.176245,20.337784,20.08947,18.235674,20.334263,16.512175,14.961176,15.569448,15.261633,19.139389,16.275486,22.253265,23.119389,26.48874,30.054539,32.57899,35.168083,38.35085,39.09243,37.5482,36.04357,34.819466,31.354607,33.32613,30.653866,33.997288,29.95649,33.915806,33.375526,34.91823,31.661217,34.942085,28.743567,31.201225,29.115543,30.517582
13,28.255133,25.603577,22.169693,19.0309,17.73846,13.490505,13.776507,8.628473,8.220547,8.633083,7.833649,5.310145,3.8894207,0.0,4.9764104,6.0928736,10.403446,12.131983,16.002893,18.462187,21.460794,22.937462,26.529844,25.086699,29.256601,26.797182,28.254326,26.479618,19.180012,20.567757,16.2474,19.79948,15.280398,18.351282,18.687714,19.41007,23.854826,23.270409,22.492035,21.515993,20.31412,20.934504,16.664106,18.262411,23.902157,22.187977,26.315395,26.262348,28.26802,29.263597,27.721941,31.631903,32.510086,32.05642,27.512407,28.71217,24.74089,23.674086,24.44546,27.910976,25.391493,31.270998,29.173534,32.722813,34.42379,34.841732,38.69962,37.023163,39.544502,35.53232,31.51985,29.396954,26.269201,25.218466,21.40784,18.094902,17.006422,17.017984,15.128212,17.48798,13.940362,12.192351,14.013765,13.227661,16.983654,13.864628,20.141932,20.881643,24.661436,28.222807,31.433838,33.78418,36.900227,38.027126,36.716316,35.05197,34.05543,30.304325,32.291336,29.359636,32.916008,28.841215,32.76991,32.644493,34.311543,31.164589,34.433647,28.156809,30.925983,28.60266,30.453548
14,23.393267,20.915817,17.263672,14.439247,13.289042,8.651268,10.027168,4.908481,7.1099544,8.589874,10.549275,9.015169,6.318544,4.9764104,0.0,4.961453,6.7227526,9.485762,12.725839,15.326881,18.503912,19.331934,23.374168,22.10107,25.609436,23.612103,24.683739,23.464241,16.378075,18.73931,14.325646,19.331112,16.426878,20.184336,20.475292,22.086521,26.19642,24.984732,23.958216,22.243769,20.769869,20.06562,15.781988,15.875142,21.340729,18.997362,22.989515,22.878618,25.083609,26.57009,25.612865,29.766584,31.288754,31.450527,27.367775,29.334114,25.494957,25.043913,26.386913,29.45856,26.68222,32.021694,29.219753,32.49157,33.543713,33.699398,37.487236,35.311543,37.684315,33.30049,29.441309,27.718277,25.123732,23.969057,21.328661,17.458654,17.626282,18.53513,17.428919,20.368643,17.377333,14.711692,16.51825,14.667419,17.582317,13.629944,19.408487,18.870134,22.396694,25.606092,28.367502,31.141695,33.906097,35.162746,34.053757,32.727783,32.08012,28.60899,31.195662,28.541601,32.817917,29.147488,33.670094,33.563747,34.764297,31.482613,33.92564,27.41452,29.664274,26.819344,28.290085
15,24.02158,20.867752,18.265387,14.279938,13.030818,9.812092,9.462973,7.376784,6.0662065,9.52898,9.418523,9.808134,9.154376,6.0928736,4.961453,0.0,5.426322,6.106738,10.346985,12.450264,15.441992,17.288609,20.570042,19.01746,23.392103,20.915894,22.890833,21.320986,13.962464,15.889862,12.164719,16.190258,14.345173,16.972044,18.36715,19.926132,23.963745,23.091692,21.256325,19.140045,18.951208,17.94802,14.2183895,14.578971,19.46493,17.312325,21.213701,20.633682,22.38132,23.292295,21.800125,25.732271,26.866673,26.7664,22.551481,24.396408,20.670036,20.184004,21.769049,24.922674,22.318424,27.564985,24.868006,28.370014,29.321045,29.960508,33.711098,31.780243,33.965202,29.870377,25.98858,23.712412,20.992239,19.538301,16.566502,12.73149,12.668808,13.754786,12.92386,16.13164,13.721091,10.593216,13.272623,10.836631,13.41412,9.356298,15.415646,15.250944,19.25298,22.6448,26.327738,28.563993,31.480658,33.005962,32.021584,30.348558,29.776106,25.910076,28.25524,25.272654,29.538664,25.806343,30.168852,30.483604,31.858643,28.763527,31.343275,24.908241,27.64981,24.78824,26.946556
16,18.90149,15.847902,13.502661,9.276781,9.014043,5.749353,7.796025,8.033675,9.208755,12.911756,14.4467945,14.60706,12.856076,10.403446,6.7227526,5.426322,0.0,4.5646515,6.0100145,9.228051,11.9628725,12.678862,16.716183,15.922627,19.631493,18.031483,20.027025,19.481173,12.658801,16.046125,12.858,18.129272,18.232023,21.066523,22.537228,24.629755,28.35592,27.084959,24.994072,22.214535,22.039928,19.634201,16.28349,14.684176,18.72596,15.557418,18.979925,17.804773,19.478523,20.908539,20.132174,24.135769,26.003843,26.652405,23.181475,25.787203,22.661707,22.714367,25.014238,27.848017,25.242893,29.693445,26.333048,29.545345,29.436766,30.084051,33.623863,31.10976,32.802467,28.341608,24.822243,22.746332,21.026419,18.871635,17.809282,13.374903,14.743064,16.925385,16.814976,20.303877,18.533897,15.16023,17.990664,14.917946,16.331106,11.762296,16.58646,14.439169,18.205107,20.918165,24.362188,27.009167,29.307083,31.26407,30.720516,29.452114,29.47706,25.932135,28.954565,26.272104,31.31137,28.111427,32.91417,33.38621,34.31851,31.20658,32.852497,26.3291,28.501493,25.009937,26.810764
17,19.930178,16.248468,14.82008,10.100159,8.841838,8.154463,6.704376,9.484755,8.332632,12.815207,13.6784,15.278872,14.747974,12.131983,9.485762,6.106738,4.5646515,0.0,5.752972,6.379361,9.719653,12.051965,14.880939,12.964597,17.336653,14.883604,17.303331,16.131516,9.065497,12.001252,9.539214,14.126841,15.635932,17.85749,19.856714,22.21045,25.558508,24.284922,21.670141,18.478031,19.074463,16.179682,13.495159,11.923868,15.361002,12.580852,16.014193,14.809224,16.345322,17.355413,16.199469,20.301857,22.021233,22.591286,19.067131,21.890478,18.569675,19.044783,21.412886,23.840042,21.150618,25.306976,21.812973,24.98675,24.948793,25.613907,29.18258,26.826597,28.655527,24.347107,20.673746,18.511618,16.5151,14.7844515,13.547542,9.234184,11.332419,13.672759,14.313767,17.889109,16.750973,12.924444,15.460684,11.868974,12.382229,7.8085346,12.089889,10.074776,14.08954,17.092,21.093027,23.307543,25.898546,27.836805,27.247086,25.693626,25.674133,21.890602,24.753704,21.94016,27.021603,23.92292,28.743212,29.4125,30.297482,27.305447,28.859606,22.43482,24.84866,21.38158,23.662956
18,16.602358,13.0170355,12.813695,7.6216154,8.726612,8.716267,10.118257,13.3450165,13.737756,17.986206,19.109978,20.070908,18.75836,16.002893,12.725839,10.346985,6.0100145,5.752972,0.0,5.1465,6.321439,6.989635,10.818877,10.867741,14.895776,13.884121,17.115665,17.373268,11.745984,15.649548,14.226062,18.86881,21.343657,23.219757,25.524458,27.83369,31.134672,29.899292,27.058744,23.584705,24.52395,20.971167,18.729141,16.048779,18.197096,14.557892,16.93059,14.456726,15.216376,16.419691,15.850354,19.477587,21.685251,22.87158,20.253895,23.427784,21.257286,21.81135,24.895823,27.367329,25.078165,28.459846,24.710817,27.745106,26.411068,27.619663,30.789103,28.012413,28.891521,24.483624,21.481134,18.99308,18.42249,15.102048,16.082039,11.578243,14.11526,17.282173,18.087456,21.689116,21.052427,17.514448,20.815449,17.184351,17.151705,12.829971,15.862751,12.146672,15.837066,17.754974,21.919498,24.240196,25.958706,28.64703,28.718914,27.516207,28.217325,24.721954,27.99746,25.38163,30.906755,28.259064,33.095757,34.087143,34.778713,31.937185,32.849564,26.604586,28.649668,24.753399,26.82657
19,16.606174,12.461379,13.139119,8.245103,7.8753133,10.511958,9.180829,14.507961,13.886815,18.274405,19.575989,21.551504,20.944124,18.462187,15.326881,12.450264,9.228051,6.379361,5.1465,0.0,4.2226076,7.189384,8.997866,6.7769256,11.119168,9.105003,12.557559,12.491413,7.5476823,11.465267,11.354837,15.50964,19.776714,21.430857,23.808048,26.590939,29.284422,27.769676,24.62171,20.70761,22.000742,17.59386,16.307928,12.989283,13.803027,10.303384,12.28697,9.670873,10.512794,11.740428,11.373766,15.480905,18.103775,19.673885,17.441706,21.238178,18.866592,20.251373,23.296999,24.926466,22.424599,25.080975,20.888687,23.484907,21.969635,22.781908,25.920164,22.99976,24.095509,19.551464,16.447292,14.449858,14.028249,11.645827,13.452896,9.544428,13.420982,16.566805,18.22148,21.746218,21.603683,17.71668,20.10783,16.173038,14.978133,11.183008,12.235939,7.524045,10.797978,12.6161175,17.006733,19.131496,20.998835,23.646315,23.73691,22.459631,23.293457,19.858831,23.267883,20.847975,26.633568,24.4394,29.46407,30.518377,30.865295,28.133669,28.462673,22.425617,24.273329,20.249138,22.489607
20,17.005484,12.985141,14.983577,10.226979,11.129724,13.677471,13.313785,18.31662,17.760557,22.229588,23.057524,24.942205,24.268465,21.460794,18.503912,15.441992,11.9628725,9.719653,6.321439,4.2226076,0.0,4.7789063,5.2182145,5.028475,10.020347,9.096164,13.8513775,14.57665,11.155438,14.653897,15.317223,18.652487,23.386984,24.347874,27.228548,29.798182,32.439735,31.177523,27.711905,23.685646,25.640043,21.151798,20.256414,16.976618,16.91719,13.502563,14.458598,10.781615,10.184091,10.769115,10.400106,13.637687,16.33116,18.22066,16.76161,20.64217,19.340536,20.710838,24.257046,25.91614,23.895517,25.89368,21.766966,24.344637,21.833458,23.433758,26.157442,23.201067,23.356377,19.101091,16.676264,13.942808,14.703461,10.742461,14.194981,10.604719,14.366171,17.938232,19.762695,23.189192,23.606157,19.977121,22.991287,19.07826,17.533598,14.140385,14.574437,9.6591835,12.59811,13.483196,18.446163,20.086994,21.324295,24.628368,25.255302,24.026588,25.331871,21.980995,25.309149,22.894026,28.686686,26.768263,31.517181,32.959187,33.32129,30.848227,30.946985,25.270931,27.135025,23.075306,25.463427
21,13.396838,9.857339,12.51207,8.442788,10.883502,13.222156,14.65145,19.250092,19.964186,24.176811,25.724596,26.927324,25.51529,22.937462,19.331934,17.288609,12.678862,12.051965,6.989635,7.189384,4.7789063,0.0,5.275567,7.8836637,10.174172,11.240166,15.011321,16.876225,14.028886,18.216574,18.29509,22.608984,26.833351,28.418179,30.918213,33.559715,36.395084,34.947487,31.771292,27.822268,29.145218,24.563637,23.269566,19.439562,19.555304,15.591299,16.212975,12.530549,12.130784,13.5874815,14.248986,17.127335,20.204914,22.428068,21.356682,25.181551,24.068848,25.276028,28.841877,30.660715,28.607244,30.649927,26.451258,28.849688,26.04941,27.419382,29.959538,26.6625,26.513453,22.082447,20.121504,17.982443,19.199951,15.322723,18.9342,15.147577,18.582952,22.154913,23.612274,27.1204,27.164017,23.589745,26.738684,22.881538,21.80999,18.025152,18.98555,13.841148,16.20234,16.488354,20.371037,22.577654,23.13331,26.567345,27.44987,26.72252,28.29546,25.393738,29.069256,26.954079,32.915997,31.109531,36.028458,37.310757,37.5215,34.929817,34.73863,28.981056,30.399546,26.138533,27.940577
22,16.642776,13.071079,16.657822,12.887274,14.490879,17.681005,17.747475,23.065596,22.83801,27.245203,28.255882,30.12876,29.303358,26.529844,23.374168,20.570042,16.716183,14.880939,10.818877,8.997866,5.2182145,5.275567,0.0,5.222728,7.941209,9.1419,14.187169,16.094398,14.880784,18.247822,19.684809,22.68736,28.196623,28.92921,31.921766,34.58906,36.96504,35.64543,32.011692,27.804373,29.994436,25.054792,24.692015,20.914028,19.639122,16.26205,15.875851,11.50133,9.567361,9.953053,10.682934,12.6260395,15.898678,18.588179,18.553814,22.653051,22.340364,24.009512,27.80824,29.057924,27.3444,28.323477,24.077473,26.130108,22.44291,24.30542,26.38724,23.138853,22.241253,18.211441,16.915312,14.440749,16.756437,12.477558,17.621944,14.812996,18.604248,22.26238,24.317703,27.596245,28.402052,24.884449,27.907812,23.984955,22.00374,19.02035,18.397266,13.132226,14.799044,14.232926,18.841362,20.160923,20.336699,24.271885,25.586601,24.720675,26.683424,23.853226,27.309565,25.299475,31.198109,29.903738,34.538494,36.207817,36.275257,34.049328,33.42177,28.250816,29.681862,25.504534,27.678398
23,17.60215,13.541415,16.416567,12.555422,12.704721,16.64512,15.008899,21.007862,20.061987,24.388443,25.468355,27.935274,27.624771,25.086699,22.10107,19.01746,15.922627,12.964597,10.867741,6.7769256,5.028475,7.8836637,5.222728,0.0,6.205764,4.6316047,10.2689295,11.283643,10.498912,13.374178,15.505988,18.012926,24.230625,24.9747,27.795523,30.726128,32.732117,31.215899,27.564896,23.245373,25.452507,20.258411,20.414747,16.63738,14.755338,11.825802,11.4190855,7.1629157,5.435618,5.872093,6.620606,10.06304,13.654216,16.331303,15.910402,20.370483,19.235394,21.41545,24.853043,25.562973,23.488518,24.374958,19.834528,21.657007,18.468252,19.685133,22.095852,18.807589,18.787897,14.343318,12.306634,10.351487,12.2172365,9.422619,14.333841,11.994173,16.41371,19.737713,22.147696,25.368698,26.169407,22.420143,24.614157,20.654224,18.19056,15.624421,13.921115,8.409038,9.581762,9.245331,14.361678,15.58611,16.507092,20.069725,21.02131,19.889652,21.633173,18.66101,22.136986,20.175873,26.162994,24.987768,29.788908,31.320663,31.22646,28.983036,28.218002,23.075594,24.48965,20.35819,22.727324
24,14.67711,11.265286,15.332273,13.319996,13.696661,18.595373,17.338167,23.74318,23.69166,27.615005,29.73334,32.016068,31.307848,29.256601,25.609436,23.392103,19.631493,17.336653,14.895776,11.119168,10.020347,10.174172,7.941209,6.205764,0.0,4.675854,7.4013844,10.707511,13.002954,16.14058,18.400352,21.535234,28.065472,29.509281,31.695004,35.04018,36.738007,34.73022,31.396847,27.037178,28.475084,22.70788,23.177246,18.425697,15.361221,12.329791,10.131995,6.0118227,4.301378,7.0921702,10.390904,13.041126,17.38297,20.7429,21.20503,25.841648,24.725174,27.22186,30.47074,30.673618,28.408823,28.696077,23.87764,24.78461,21.148897,21.299059,23.16629,19.193266,18.920582,14.134213,13.247251,13.555879,16.191896,14.867344,19.96792,17.883059,22.418158,25.590227,27.991184,31.242128,31.799995,27.903685,29.54409,25.595543,23.1273,20.570747,18.360891,12.724528,11.841005,9.688317,12.096723,14.005311,13.472335,17.270636,18.833893,18.670763,21.103157,19.33525,23.33848,22.326204,28.486057,28.067974,33.100674,34.354225,33.645042,31.425674,29.544777,24.844019,25.14635,20.810513,22.173517
25,17.411715,13.517045,16.3379,13.515332,12.770691,17.597706,15.004819,21.570364,20.644604,24.586697,26.301054,29.041306,28.86381,26.797182,23.612103,20.915894,18.031483,14.883604,13.884121,9.105003,9.096164,11.240166,9.1419,4.6316047,4.675854,0.0,5.940594,7.2802644,9.318876,11.775677,14.620554,17.033371,23.9414,25.102543,27.373644,30.720194,32.24427,30.297337,26.848557,22.458355,24.190144,18.45488,19.268114,14.927676,11.640652,9.131723,7.419169,3.0633001,1.4752212,4.37262,7.0481496,10.831366,14.873738,17.83162,17.707806,22.355604,20.702644,23.367992,26.358053,26.358973,23.94164,24.366938,19.5023,20.524797,17.518696,17.48424,19.845108,16.108852,16.736559,11.745556,9.675733,9.93285,11.8203535,11.49787,15.978219,14.302246,18.948156,21.826189,24.398687,27.520386,28.163345,24.255733,25.484365,21.595036,18.831617,16.695948,13.844268,8.372654,7.210805,5.612502,9.796226,11.373813,12.281058,15.624531,16.575663,15.7294855,17.708357,15.308062,19.17774,17.86125,24.034836,23.436144,28.488409,29.738749,29.143852,26.905115,25.343552,20.484198,21.200754,16.942457,18.913715
26,16.36752,13.1238365,15.300275,14.207217,12.637662,17.982706,14.9485445,21.59753,21.273424,24.486471,27.290956,29.937084,29.602613,28.254326,24.683739,22.890833,20.027025,17.303331,17.115665,12.557559,13.8513775,15.011321,14.187169,10.2689295,7.4013844,5.940594,0.0,4.5086164,9.775121,12.033727,14.530307,17.632275,24.288733,26.451378,27.697948,31.48508,32.66194,30.112547,27.292164,23.110836,23.569891,17.515635,18.550095,13.469958,9.201329,7.090552,3.3473592,3.2912586,5.973379,9.229499,12.179258,15.829434,19.833694,22.733793,22.465145,27.039745,24.679949,27.486938,29.92835,29.530043,26.664764,27.15245,22.197908,22.492573,20.314264,18.60993,20.93484,16.896833,18.553877,13.391932,11.483007,14.034609,15.140008,16.66616,20.052628,18.467688,23.038712,25.462732,27.867163,30.96537,31.082283,27.046381,27.295223,23.613386,21.127508,19.074406,16.151024,11.441922,8.699258,6.805838,5.8214984,9.371151,10.124009,12.290339,12.89624,12.969651,14.97948,13.800859,18.20558,17.869287,23.98866,23.850225,29.220058,29.840307,28.677921,26.26772,23.884735,19.217546,18.729946,14.338092,15.031483
27,19.753086,16.242172,17.383308,15.626105,13.174473,18.037745,13.713306,20.20209,18.951588,21.996618,24.40981,27.51429,27.7531,26.479618,23.464241,21.320986,19.481173,16.131516,17.373268,12.491413,14.57665,16.876225,16.094398,11.283643,10.707511,7.2802644,4.5086164,0.0,7.3787975,8.111824,11.345321,13.483799,20.509552,22.47806,23.636564,27.471905,28.385138,25.823282,22.969122,18.812235,19.39353,13.2855625,14.901446,10.348894,5.167311,4.7591953,2.078485,4.885917,7.6747084,9.704837,11.444294,15.453856,18.825474,21.152323,20.294216,24.643917,21.702353,24.600597,26.608522,25.943106,22.887106,23.554432,18.677011,18.95987,17.808159,15.614849,18.469807,14.8645735,17.598251,12.642507,9.62241,12.412523,12.249165,15.180969,17.372261,16.356339,20.726059,22.658297,25.136034,28.011238,28.146147,24.180738,23.80429,20.316656,17.615297,16.18751,12.604226,8.982916,5.4317627,5.0450587,5.008234,7.97083,10.644296,11.811696,11.392509,10.537963,11.732076,9.784319,14.173293,13.633281,19.746006,19.443989,24.887032,25.390068,24.284702,21.800434,19.705301,14.771257,14.639325,10.214906,11.685342
28,19.197079,15.284378,14.912112,11.700688,8.717916,12.252445,7.306642,13.590375,11.937594,15.534907,17.626375,20.514544,20.708763,19.180012,16.378075,13.962464,12.658801,9.065497,11.745984,7.5476823,11.155438,14.028886,14.880784,10.498912,13.002954,9.318876,9.775121,7.3787975,0.0,4.8127136,5.3988256,9.894879,15.25661,17.704763,19.094988,22.612024,24.55139,22.351484,19.540653,15.547379,15.959403,10.732431,10.269573,6.160409,6.5460315,4.0326524,7.5662727,7.9685125,10.620877,12.183006,12.122039,16.785423,19.370249,20.773308,18.312143,22.144064,18.50491,20.564909,22.577316,23.142273,19.920778,22.50242,18.069195,19.917353,19.804346,18.882725,22.411476,19.58282,22.213829,17.538782,13.702151,13.751113,11.902371,13.324513,13.527647,11.186205,15.118682,17.038322,18.974512,22.123405,21.689596,17.621635,17.819307,14.118144,12.39311,9.69245,8.75616,5.348658,6.5048633,9.508616,12.381184,14.7812805,17.729542,19.057587,18.240423,16.809916,16.900047,13.553666,17.103533,15.094948,20.897543,18.925638,24.40832,24.863604,24.750612,21.800077,21.770191,15.549944,17.030252,13.034246,15.190344
29,23.828985,19.958303,19.562744,16.475056,13.354643,16.307861,10.700095,15.9105625,12.873644,15.931335,17.142654,20.835072,21.962362,20.567757,18.73931,15.889862,16.046125,12.001252,15.649548,11.465267,14.653897,18.216574,18.247822,13.374178,16.14058,11.775677,12.033727,8.111824,4.8127136,0.0,4.980232,5.6851187,12.725052,14.442424,15.882524,19.54164,20.827356,18.607677,15.5131645,11.334215,12.418833,6.894998,8.17326,6.0588264,5.4039,6.509398,9.260159,10.6188345,12.786502,13.360425,12.543866,16.833677,18.687872,19.534721,16.827055,20.3239,16.149397,18.538605,19.901602,19.745432,16.308592,18.721666,14.42982,16.037838,17.095642,15.619858,19.415936,17.222788,20.655437,16.562237,12.353672,12.803367,9.674292,13.181314,12.026678,11.26782,14.714284,15.776086,18.017414,20.666206,20.55442,16.70833,15.758286,12.440406,9.870538,9.012053,5.810056,5.770649,5.696996,9.511106,12.409512,13.746815,17.539091,18.150433,16.765295,14.681472,13.995236,10.055643,12.943875,10.633722,16.198206,14.140959,19.672785,20.07557,19.955837,17.04287,17.283054,11.018416,13.163146,9.685962,12.817248
30,22.967194,19.350315,17.6891,14.743142,11.272668,12.88321,6.9791055,11.167203,8.211285,11.092863,13.127799,16.397175,17.258352,16.2474,14.325646,12.164719,12.858,9.539214,14.226062,11.354837,15.317223,18.29509,19.684809,15.505988,18.400352,14.620554,14.530307,11.345321,5.3988256,4.980232,0.0,6.858882,10.139418,13.57428,14.145125,17.767057,19.874626,17.539274,15.270825,11.853297,11.140903,6.9929066,5.0506215,3.3652375,7.858449,7.650671,11.70875,13.195382,15.874322,17.03835,16.28259,20.765476,22.579954,23.177378,19.812151,22.857351,18.314594,19.893934,21.003502,21.74736,18.19593,21.915926,18.158379,20.269722,21.76764,20.48691,24.332155,22.19748,25.559435,21.322458,17.168642,17.147753,13.940275,16.1983,14.0213175,12.0988245,14.750803,15.56023,16.947065,19.77866,18.672007,14.772536,13.739562,10.562031,9.864885,7.635137,8.381911,8.6092,10.115962,13.768592,15.981646,18.114794,21.669806,22.132614,20.57042,18.853977,17.878788,14.340449,17.02012,14.754632,19.604805,16.817982,22.195768,22.103846,22.365211,19.10414,20.253836,13.674179,15.7517185,12.665936,14.869124
31,28.995634,25.143307,24.191933,20.877148,17.689388,19.382004,13.677364,16.970009,12.57999,14.8353405,14.523739,18.876894,21.056358,19.79948,19.331112,16.190258,18.129272,14.126841,18.86881,15.50964,18.652487,22.608984,22.68736,18.012926,21.535234,17.033371,17.632275,13.483799,9.894879,5.6851187,6.858882,0.0,8.39806,9.088472,10.695882,14.232081,15.257468,13.333031,9.893832,5.690702,7.964124,4.6492987,6.5666437,8.696957,9.921841,11.938449,14.773352,16.20589,17.999456,17.873674,16.123438,19.814104,20.505802,20.261108,16.677523,19.061304,14.062575,16.036724,16.277336,15.975825,12.245802,15.781123,12.555893,14.612608,17.619717,16.269037,20.235388,19.206978,23.084398,19.894033,15.651689,15.465482,11.052992,15.126215,11.396431,11.893268,13.725319,13.3713,15.373156,17.314604,17.174683,13.846981,11.471744,9.04609,6.4451623,8.027567,5.3559155,9.638463,10.397497,14.238227,17.17886,17.704191,21.88948,21.951574,20.083117,17.528776,15.849921,11.647925,12.655564,9.638617,13.505528,10.1873045,15.409685,15.597247,16.210922,13.181618,15.290992,9.116351,12.75961,11.02533,14.6268
32,32.45847,28.982733,26.617523,23.556326,20.334612,19.850996,14.968144,14.641014,9.780814,9.704044,8.02716,12.454023,15.611613,15.280398,16.426878,14.345173,18.232023,15.635932,21.343657,19.776714,23.386984,26.833351,28.196623,24.230625,28.065472,23.9414,24.288733,20.509552,15.25661,12.725052,10.139418,8.39806,0.0,5.993134,4.4750957,7.8063145,10.563001,8.860867,7.7459164,7.35693,5.5062222,8.760446,6.564731,11.876298,16.204395,17.536201,21.282927,22.910263,25.126188,25.402323,23.542566,27.321867,27.673805,26.831379,22.388699,23.581654,18.236183,18.607079,17.675522,18.709457,15.250858,20.706276,19.010784,21.542957,25.364435,24.270592,28.19585,27.509909,31.421574,28.25437,23.990753,23.319075,18.81,21.571928,16.35769,16.004555,15.795156,14.12259,14.260695,15.549636,13.601154,11.246624,6.741817,6.9739437,8.83978,9.9112625,12.233183,16.294334,18.15459,22.115538,24.539871,25.688343,29.823147,29.575512,27.376995,25.097342,22.932652,19.274906,19.745441,17.072853,19.009075,14.823829,18.616924,17.801317,19.350517,16.180727,20.171406,14.649276,18.01972,17.33189,19.834295
33,35.98077,32.177116,30.53624,26.817022,23.93032,23.778488,18.981098,19.334564,14.064432,14.930803,11.359121,15.922481,19.52785,18.351282,20.184336,16.972044,21.066523,17.85749,23.219757,21.430857,24.347874,28.418179,28.92921,24.9747,29.509281,25.102543,26.451378,22.47806,17.704763,14.442424,13.57428,9.088472,5.993134,0.0,5.118938,6.251191,8.382048,8.668184,5.3372865,5.4719334,8.458547,11.477417,11.2188425,15.905771,18.825838,20.428001,23.675854,24.68635,26.161812,25.56798,22.969442,25.995241,25.392756,23.783428,19.141188,19.383001,14.070469,14.122059,12.331486,13.189984,10.035847,15.981477,15.41511,18.341375,22.725042,22.43928,26.183681,26.300861,29.95393,27.596575,23.50528,22.07269,17.281137,20.040422,13.886067,15.013583,13.78843,11.120444,11.607059,11.857541,11.241381,9.798673,4.9990883,6.463519,7.0216007,10.470574,11.564658,16.877184,18.898449,22.800705,26.245039,26.451664,30.680695,30.699099,28.68805,25.93952,23.810108,19.757463,19.24111,16.043,16.886656,12.281456,14.873885,14.846879,17.239586,14.753297,19.605648,15.0556345,19.271547,19.061369,22.415998
34,36.800507,33.288105,31.021027,27.971872,24.724333,24.320787,19.404455,18.919363,14.120598,13.468878,10.941758,15.1473875,18.825132,18.687714,20.475292,18.36715,22.537228,19.856714,25.524458,23.808048,27.228548,30.918213,31.921766,27.795523,31.695004,27.373644,27.697948,23.636564,19.094988,15.882524,14.145125,10.695882,4.4750957,5.118938,0.0,4.2032013,6.1060867,4.817704,4.6841993,6.9745116,5.6466355,10.941589,10.1842575,15.638206,19.215862,21.17684,24.62152,26.415125,28.458647,28.396393,26.301813,29.70755,29.56625,28.295479,23.84346,24.387087,19.031944,19.237438,17.337732,17.825712,14.625743,20.025972,19.286366,21.53827,26.234829,25.005314,28.778128,28.727888,32.872215,30.25411,26.099794,25.520773,20.773525,24.078276,18.378088,18.95401,18.192484,15.792269,15.834346,16.14796,14.529751,13.232578,7.770541,9.637719,11.032801,13.423516,14.758696,19.578897,21.056046,24.92092,27.237389,27.877125,32.18665,31.582644,29.169683,26.69779,24.13867,20.657803,20.158445,17.625391,18.036636,13.713981,16.372147,15.158761,17.17961,14.345393,19.31633,14.912597,18.509169,18.857697,21.447563
35,40.119686,36.58161,34.24461,30.96245,27.931047,27.016926,22.553804,21.31667,16.493946,15.595863,11.746484,15.497852,19.604311,19.41007,22.086521,19.926132,24.629755,22.21045,27.83369,26.590939,29.798182,33.559715,34.58906,30.726128,35.04018,30.720194,31.48508,27.471905,22.612024,19.54164,17.767057,14.232081,7.8063145,6.251191,4.2032013,0.0,4.6527586,6.1499796,6.74322,9.972954,9.786991,15.056454,14.126113,19.545553,23.229733,25.004404,28.49587,29.99387,31.825155,31.51822,29.095076,32.224525,31.618969,29.89295,25.205147,24.983944,19.844398,19.341282,16.802069,17.739004,15.161699,20.928741,21.081625,23.602142,28.5213,27.79624,31.460407,31.775301,35.73625,33.416584,29.313086,28.231325,23.423883,26.246685,20.023932,20.825968,19.146662,16.154152,15.564943,15.006303,13.274455,13.211701,7.8063765,11.040067,13.027661,15.675147,17.577402,22.637924,24.505096,28.41547,31.149033,31.601347,35.91683,35.444706,33.0866,30.496407,27.93475,24.360579,23.505705,20.81891,20.530172,16.094275,17.563843,16.506048,19.124847,16.79834,22.327734,18.537277,22.29828,22.859982,25.561342
