,0,1,2,3,4,5,6,7,8,9,10,11,12,13,14,15,16,17,18,19,20,21,22,23,24,25,26,27,28,29,30,31,32,33,34,35,36,37,38,39,40,41,42,43,44,45,46,47,48,49,50,51,52,53,54,55,56,57,58,59,60,61,62,63,64,65,66,67,68,69,70,71,72,73,74,75,76,77,78,79,80,81,82,83,84,85,86,87,88,89,90,91,92,93,94,95,96,97,98,99,100,101,102,103,104,105,106,107,108,109,110,111,112,113
0,0.0,4.084197,7.533217,10.41463,12.874145,15.753752,18.747047,22.03303,25.37514,27.539871,32.2544,34.899593,31.742373,29.06556,29.26483,26.568495,22.625372,25.787182,19.503767,23.533253,19.54407,20.34687,18.334114,21.220137,24.759178,25.345755,25.977568,28.32459,28.390207,32.213955,32.273445,37.011497,37.684723,39.512417,42.725685,42.315765,45.92932,50.09016,46.772236,46.929623,43.302612,42.808735,39.89541,37.32973,37.359,33.828365,36.986423,33.650707,35.023308,31.634249,34.04112,33.8538,36.619694,38.620495,35.909298,32.540874,33.903233,32.766758,37.419163,34.83887,40.739166,38.753777,41.987907,43.14011,44.209694,48.04178,47.12632,52.15027,53.007572,54.42412,50.954876,52.382755,51.150467,46.172268,49.479336,43.760315,46.467022,42.077667,42.833153,42.183247,41.39837,37.167976,33.980865,31.572876,34.04568,34.959225,37.892242,38.40457,42.95975,44.370815,47.99072,50.258522,49.513863,54.9193,52.04582,48.907978,49.68292,50.570763,46.1061,46.622845,43.02315,40.58547,37.61173,32.321564,32.75111,28.22438,25.364996,25.395615,28.872307,28.61101,33.602646,35.55406,38.745464,41.508064
1,4.084197,0.0,3.550839,7.2267327,9.018476,12.02042,14.848651,18.423637,21.707596,23.738653,28.51653,30.999748,27.78066,25.245972,25.272867,22.866505,18.928036,22.457273,16.223831,20.885548,17.506899,18.607515,17.2389,19.852007,23.262804,23.62758,23.50886,25.68351,25.326084,29.212095,28.64985,33.488796,33.85223,35.842903,38.916653,38.395866,42.021687,46.20257,42.97871,43.235836,39.694622,39.279613,36.64201,34.09252,34.600845,30.977224,34.696632,31.548496,33.312325,30.105158,32.61064,32.553486,35.156086,37.55699,34.4998,31.14479,32.128674,30.82201,35.51787,32.570114,38.446278,35.977974,39.20756,39.994152,41.044716,44.57597,43.763096,48.81483,49.523296,50.92342,47.49319,49.004833,47.948143,42.957447,46.441154,40.80724,43.690556,39.705868,40.316143,40.072716,39.256985,35.279266,32.34281,29.487238,31.595274,32.253067,35.148464,35.279884,39.889362,41.062775,44.711555,46.82947,45.935616,51.320023,48.304565,45.207787,46.036186,47.059837,42.643467,43.36992,39.69134,37.49247,34.259995,29.376297,29.47982,25.142597,22.395649,21.953056,25.40135,24.745214,29.929703,31.675276,34.900585,37.581394
2,7.533217,3.550839,0.0,5.0265827,5.935767,8.60553,11.407204,15.002153,18.385174,20.243008,25.069807,27.546097,24.462093,22.067944,22.164223,20.191341,16.511507,20.496258,14.54164,19.910938,17.234308,18.727499,17.92459,20.039362,23.26828,23.298784,22.496477,24.318392,23.518824,27.279469,26.011656,30.775139,30.853123,32.833282,35.821564,35.11998,38.851433,43.08074,40.053516,40.491863,36.974167,36.819935,34.429424,32.03088,32.98535,29.403793,33.62673,30.75551,32.902653,29.953726,32.57465,32.718704,35.195553,37.957325,34.66054,31.333925,31.938185,30.40662,35.025734,31.728113,37.4705,34.565674,37.652004,38.021603,38.94727,42.11831,41.320667,46.369484,47.007782,48.45611,45.1338,46.80011,45.973347,41.008434,44.737892,39.229267,42.36987,38.831432,39.348457,39.5202,38.749077,35.049065,32.387268,29.117682,30.79862,31.116863,33.99439,33.61165,38.28262,39.135292,42.79518,44.717796,43.592854,48.926395,45.73464,42.72351,43.659306,44.885693,40.5577,41.56726,37.806644,35.92634,32.372948,28.072868,27.719416,23.701714,21.134758,20.041142,23.406181,22.07599,27.53733,28.941038,32.162563,34.731216
3,10.41463,7.2267327,5.0265827,0.0,4.029858,6.422473,9.278274,12.571671,15.181299,17.868723,22.28688,25.037745,22.121458,19.135752,20.516205,17.82347,15.275297,18.818787,13.598674,19.016275,16.19324,18.617064,17.514631,18.443478,21.623407,20.98881,20.434923,21.577335,20.989832,24.0495,23.35059,27.436708,28.288815,29.502058,32.92216,32.508663,36.307644,40.518192,37.48413,37.954937,34.0367,34.409317,31.474592,29.584007,30.022541,26.998674,30.903532,28.360321,30.666237,28.071424,30.978935,31.664753,34.416557,37.423176,34.430313,30.971813,31.37324,29.2737,33.386173,29.99489,35.33621,32.74375,35.171093,35.57083,36.065166,39.39213,38.143982,43.09791,44.19012,45.927345,42.833168,44.751244,43.985924,39.184486,43.225147,37.77053,41.474022,37.918545,39.004578,39.156837,39.26031,35.49012,32.922997,29.497175,30.856907,30.583065,33.986084,32.83646,37.706963,38.305527,41.83905,43.773796,42.350582,47.581795,44.61032,41.789196,43.126972,44.583244,40.442787,41.67076,38.071735,36.1847,32.459,28.722475,27.55137,23.966555,21.352554,19.982096,23.307222,21.53309,26.673761,28.193216,30.871117,33.822334
4,12.874145,9.018476,5.935767,4.029858,0.0,4.4709845,6.266531,10.770671,13.04361,15.37574,19.974943,22.211021,18.895481,16.239162,16.835253,14.606978,11.736707,15.82909,10.763559,16.741962,15.007776,17.337648,17.1721,18.07354,20.883257,20.272688,18.67794,19.811422,18.596928,21.991716,20.338318,24.890629,25.108652,26.915098,29.989992,29.450436,33.15235,37.36792,34.331306,34.82965,31.179356,31.344442,28.930122,26.83435,28.028255,24.697252,29.32232,26.912468,29.545431,27.090717,29.90447,30.509008,32.915234,36.19029,32.805515,29.498125,29.544653,27.50189,31.743832,28.049454,33.420937,30.21393,32.872463,32.876133,33.547405,36.519993,35.596367,40.618324,41.34532,42.925274,39.761375,41.639633,41.006588,36.15075,40.224762,34.87151,38.53376,35.43408,36.18412,36.75248,36.5854,33.155727,30.882645,27.127539,28.13971,27.750502,30.919325,29.596537,34.418736,34.861736,38.44043,40.236095,38.789726,44.031853,40.89881,38.04976,39.31603,40.809486,36.678204,38.022945,34.349476,32.689625,28.799078,25.413906,24.080957,20.698408,18.317604,16.461332,19.683964,17.620487,22.971764,24.307053,27.1497,29.959368
5,15.753752,12.02042,8.60553,6.422473,4.4709845,0.0,3.5751565,6.5432034,9.923237,11.796331,16.523575,19.318815,16.93555,14.590251,16.022076,15.035954,13.37552,17.827793,13.855808,20.041668,18.927559,21.442488,21.452278,21.932674,24.554914,23.568352,21.602009,22.066862,20.411541,23.138378,20.424065,24.302525,24.13039,25.443197,28.490847,27.455503,31.548023,35.881077,33.423355,34.371216,30.674469,31.592537,29.506065,27.91433,29.554195,26.594355,31.553844,29.59954,32.530354,30.425167,33.32775,34.16225,36.486435,39.97218,36.51237,33.275646,33.038765,30.802982,34.783234,30.84475,35.849922,32.295506,34.534843,33.945923,34.25265,36.58246,35.513157,40.419945,41.20024,42.953594,40.09299,42.277863,42.044006,37.338676,41.757507,36.685146,40.66745,38.145714,38.801834,39.79656,39.647312,36.54976,34.541237,30.546064,31.131859,30.382305,33.426777,31.465506,36.254566,36.198288,39.72307,41.16482,39.317787,44.386395,40.947285,38.31511,39.753063,41.584637,37.664913,39.435173,35.679535,34.56632,30.30573,27.83666,25.995008,23.210213,21.211134,18.5877,21.436543,18.132032,23.827097,24.332767,27.077938,29.538689
6,18.747047,14.848651,11.407204,9.278274,6.266531,3.5751565,0.0,5.409094,7.410501,9.150701,13.8684845,16.158981,13.432502,11.265834,12.507412,12.043145,11.007083,15.561994,12.620421,18.774912,18.618282,21.196993,21.799059,21.887419,24.089499,22.93608,20.247187,20.372765,18.226328,20.825336,17.28447,21.23836,20.669285,22.256903,25.10078,24.02902,28.062456,32.393906,29.95811,30.966833,27.39836,28.362675,26.62894,25.101103,27.275288,24.332977,29.740963,28.088423,31.296675,29.487991,32.340237,33.271637,35.3541,39.08393,35.460876,32.37257,31.774961,29.443272,33.261406,29.102985,33.875,29.922659,32.070515,31.092514,31.379942,33.369755,32.445477,37.348755,37.945625,39.655968,36.84181,39.08445,39.016068,34.369812,38.90992,34.020863,38.13789,36.07349,36.622528,37.972847,37.897903,35.125717,33.439075,29.206894,29.34996,28.283646,31.236267,28.828001,33.56911,33.2442,36.7234,38.01175,36.021988,41.026085,37.524162,34.96392,36.49202,38.44982,34.6538,36.61823,32.895733,32.033775,27.603746,25.799608,23.506529,21.234364,19.564192,16.434864,18.967676,15.105427,20.765667,21.02519,23.6602,26.092674
7,22.03303,18.423637,15.002153,12.571671,10.770671,6.5432034,5.409094,0.0,5.4098654,6.053656,10.592342,14.105399,13.366216,11.727424,14.52715,15.289994,15.665921,19.926136,17.821411,23.811075,23.686186,26.460392,26.863873,26.622017,28.791897,27.298092,24.721977,24.22161,22.000328,23.623941,19.52428,22.134607,21.422249,21.917904,24.806484,23.153141,27.666021,32.050014,30.438993,31.989386,28.31889,30.314348,28.771124,27.987247,30.253624,27.935131,33.269794,32.072495,35.418785,33.928753,36.88824,38.08274,40.21413,44.047012,40.516777,37.442818,36.709797,34.171837,37.633633,33.394154,37.698463,33.703304,35.234062,33.774975,33.53582,34.86249,33.61571,38.243782,39.074734,41.054615,38.702213,41.304077,41.652954,37.29323,42.149193,37.609375,42.05689,40.441,41.048164,42.65545,42.744656,40.17872,38.639256,34.326843,34.20196,32.829376,35.73352,32.755623,37.398746,36.589176,39.91596,40.8402,38.41215,43.110233,39.389233,37.166916,38.92716,41.24064,37.76531,40.129356,36.428867,36.067272,31.410807,30.433844,27.745882,26.017696,24.603397,21.14772,23.287468,18.572653,24.099697,23.511082,25.777582,27.784035
8,25.37514,21.707596,18.385174,15.181299,13.04361,9.923237,7.410501,5.4098654,0.0,4.372289,7.3155823,10.34325,9.295829,6.953977,11.527777,11.963994,14.168817,17.452911,17.057512,22.326635,22.8927,25.969688,26.659721,25.55333,27.181093,25.262428,22.339502,21.064148,18.669973,19.407173,15.133068,16.940027,16.715027,16.64608,19.840544,18.625544,23.045084,27.373297,25.619024,27.155293,23.247978,25.6816,23.989985,23.725332,26.000736,24.227354,29.532415,28.88467,32.45393,31.501635,34.468605,36.017567,38.051125,42.117092,38.741158,35.794746,34.69364,31.824892,34.706932,30.377998,34.067543,30.09257,31.016108,29.299871,28.716526,29.914583,28.43699,32.97992,34.0153,36.163265,34.013466,36.79862,37.26856,33.15057,38.219646,33.938023,38.78647,37.491646,38.426975,40.197247,40.958416,38.600536,37.37187,32.96404,32.350636,30.406277,33.53725,29.811047,34.42736,33.30149,36.412052,37.278084,34.60181,39.123585,35.68715,33.685295,35.8116,38.292652,35.1059,37.640102,34.22737,33.931812,29.261312,29.092089,25.65947,24.679869,23.526136,19.91726,21.621925,16.720407,21.31845,20.814531,22.296177,24.688597
9,27.539871,23.738653,20.243008,17.868723,15.37574,11.796331,9.150701,6.053656,4.372289,0.0,5.0653763,8.13126,8.505118,8.301198,11.407045,13.976656,15.937744,19.65339,19.417337,24.825563,25.925262,28.68517,29.75418,29.002647,30.553556,28.824614,25.419388,24.27379,21.437386,22.339071,16.76204,18.553957,16.853333,17.283567,19.612316,17.472134,22.119646,26.49605,25.42424,27.369,24.022552,26.56986,25.878527,25.57758,28.725988,26.777739,32.585033,32.044453,35.736183,34.809074,37.636974,39.0027,40.73955,44.876877,41.195786,38.41469,37.146206,34.49706,37.51505,33.048977,36.69983,32.159855,33.264584,30.967754,30.482933,30.811182,29.740385,34.142517,34.69258,36.672623,34.652817,37.466846,38.29127,34.2555,39.33002,35.36002,40.028534,39.365005,39.786602,42.008205,42.23662,40.294388,39.307846,34.753582,33.900665,32.003937,34.621964,30.828005,35.1833,33.73967,36.83778,37.30791,34.483265,38.839558,34.94684,33.057865,35.041317,37.689175,34.64995,37.456985,33.917473,34.19996,29.344429,29.796942,26.407799,25.776478,25.01813,21.0039,22.31328,16.741495,21.62511,20.142225,21.87628,23.478352
10,32.2544,28.51653,25.069807,22.28688,19.974943,16.523575,13.8684845,10.592342,7.3155823,5.0653763,0.0,4.786626,8.160762,8.81468,12.972713,15.8523035,19.10986,21.956701,22.934652,27.734701,29.219854,32.1477,33.299675,31.984623,33.1742,31.11578,27.615917,25.793573,22.916248,22.710901,16.914885,16.940208,15.256093,14.345809,16.524975,14.103713,18.944715,23.180464,22.842451,25.205727,21.877552,25.41186,24.99189,25.541279,28.770613,27.592146,33.20205,33.294754,37.119827,36.715767,39.524197,41.195114,42.831524,47.123077,43.59879,40.960773,39.40031,36.51969,38.940693,34.464115,37.358273,32.848618,33.17618,30.37432,29.34031,28.92055,27.577492,31.552826,32.300335,34.51852,33.04709,36.174637,37.40122,33.844837,39.137703,35.70525,40.70922,40.610065,41.214855,43.694866,44.395798,42.760273,42.077267,37.483963,36.19472,33.831295,36.454014,31.95428,36.07513,34.125774,36.88824,37.02479,33.784737,37.6718,33.880787,32.459778,34.801716,37.75429,35.221203,38.345844,35.102848,35.75846,30.901497,32.34268,28.404999,28.543652,28.092243,23.997904,24.796043,19.062307,22.893042,20.965282,21.764301,23.163315
11,34.899593,30.999748,27.546097,25.037745,22.211021,19.318815,16.158981,14.105399,10.34325,8.13126,4.786626,0.0,5.633659,8.276132,10.967315,14.938122,18.700933,20.973202,23.074743,27.222467,29.579626,32.271824,33.958874,32.51889,33.243744,31.248053,27.15293,25.180317,21.91459,21.55152,14.755041,14.590256,11.5226145,11.4678955,12.581894,9.694268,14.504548,18.78914,18.59968,21.135437,18.36455,21.847742,22.388458,22.994827,27.045685,25.89803,31.86272,32.28742,36.24785,36.14326,38.71883,40.33866,41.57232,45.987495,42.32091,39.980007,38.074963,35.299328,37.492413,32.951256,35.453083,30.497967,30.776846,27.403605,26.462461,25.281143,24.415579,28.29776,28.508947,30.523779,29.123156,32.243435,33.740627,30.380623,35.655117,32.65679,37.594215,38.197502,38.53252,41.43086,42.08465,40.949043,40.685318,36.028965,34.267277,31.6664,33.929226,29.061975,32.841015,30.52707,33.111626,32.951447,29.559078,33.246437,29.351973,28.100452,30.5142,33.602455,31.36775,34.69861,31.634565,32.695457,27.862835,30.245722,26.008284,26.920458,26.976456,22.744638,22.875761,17.055971,20.001272,17.523016,17.853245,18.914675
12,31.742373,27.78066,24.462093,22.121458,18.895481,16.93555,13.432502,13.366216,9.295829,8.505118,8.160762,5.633659,0.0,4.2473483,5.5212445,9.55031,13.375531,15.444448,17.912249,21.74897,24.463543,26.991484,28.953318,27.576674,28.137058,26.335707,21.924501,20.230782,16.745352,17.127415,9.880221,11.7785425,8.554637,10.780475,12.252079,10.70769,14.717939,19.088623,17.32097,19.077957,16.13443,18.35966,18.63991,18.413544,22.698452,20.912535,27.232357,27.345385,31.301598,31.02776,33.509716,34.96294,36.110504,40.51054,36.751427,34.43434,32.52827,29.854105,32.288307,27.704678,30.603262,25.490183,26.367079,23.347776,22.9854,22.700842,22.186102,26.66015,26.634748,28.384855,26.280874,29.07543,30.08763,26.238167,31.390354,27.904716,32.715733,32.939587,33.263157,36.015354,36.62905,35.355762,35.052616,30.399427,28.688778,26.163105,28.547398,23.897621,27.935898,26.012152,28.870575,29.159649,26.151398,30.416065,26.706875,24.93089,27.204948,29.984747,27.288998,30.308216,27.147352,27.722136,22.914436,24.844301,20.597506,21.377392,21.417547,17.246037,17.40739,11.790307,14.821185,13.087287,13.840719,15.831789
13,29.06556,25.245972,22.067944,19.135752,16.239162,14.590251,11.265834,11.727424,6.953977,8.301198,8.81468,8.276132,4.2473483,0.0,6.4911017,7.244984,11.538138,13.401365,15.514969,19.463966,21.529758,24.42158,25.949686,24.282696,25.01807,23.008188,19.078632,17.24263,14.156682,14.434074,8.603621,10.733519,9.959568,11.055388,13.927609,13.448006,17.259401,21.512451,19.098593,20.381172,16.622362,18.776384,17.613298,17.391981,20.595114,18.916517,24.784021,24.693142,28.560677,28.171652,30.872519,32.514336,34.059444,38.386322,34.914665,32.338673,30.678226,27.745544,30.161219,25.665854,28.77668,24.291166,25.029934,22.761621,22.26672,23.147388,22.039219,26.72282,27.361683,29.351692,27.098051,29.866451,30.434963,26.418451,31.581587,27.615946,32.63474,32.0063,32.901012,35.09588,36.19984,34.366768,33.698025,29.170465,27.840504,25.345755,28.360289,23.917255,28.349115,26.884874,29.82141,30.602407,27.816813,32.287323,29.066751,27.13749,29.483616,32.02747,29.089268,31.748243,28.641672,28.509703,23.885172,24.821306,20.657999,20.785212,20.262962,16.477612,17.30574,12.411033,15.572254,15.157614,15.864922,18.711338
14,29.26483,25.272867,22.164223,20.516205,16.835253,16.022076,12.507412,14.52715,11.527777,11.407045,12.972713,10.967315,5.5212445,6.4911017,0.0,6.309147,8.833513,11.133378,13.64936,17.230568,20.51158,22.568144,25.01038,24.087822,24.53098,23.214705,18.34159,17.439133,13.665516,15.597943,8.30596,13.067417,9.756504,14.057441,15.144687,14.36916,17.31706,21.399963,18.586359,19.514086,17.030668,17.360914,17.7733,16.183931,20.890785,18.011467,24.827147,24.376719,28.239176,27.591034,29.86404,30.904688,31.82596,36.157692,32.106407,29.869347,27.993725,25.67651,28.6589,24.046965,27.623363,22.154999,24.123024,21.545347,22.114042,22.602133,22.773554,27.603197,27.054071,28.297878,25.46151,27.694052,28.195871,23.806602,28.57042,24.58058,28.905346,28.811659,28.767172,31.471298,31.582462,30.266912,29.944166,25.247055,23.632998,21.437742,23.650694,19.597929,23.820288,22.434664,25.665707,26.362276,23.960358,28.775602,25.105648,22.721704,24.5401,26.87872,23.608278,26.236706,22.829014,22.981882,18.160028,19.457775,15.467675,15.963741,16.116707,11.839638,11.972258,6.3298564,10.230829,9.317307,11.31398,13.838088
15,26.568495,22.866505,20.191341,17.82347,14.606978,15.035954,12.043145,15.289994,11.963994,13.976656,15.8523035,14.938122,9.55031,7.244984,6.309147,0.0,5.5566144,6.16148,9.422326,12.393595,15.231944,17.799006,19.872532,18.296663,18.664812,17.078575,12.476078,11.398127,7.9024763,10.39636,5.886245,11.644231,11.561929,14.724794,17.134092,17.789011,20.3039,24.112705,20.292622,20.377285,16.968792,16.762646,15.054288,13.115279,16.260458,13.225793,19.570114,18.77413,22.567871,21.814238,24.337011,25.662605,27.078974,31.373123,27.751266,25.189634,23.55394,20.790709,23.697802,19.166853,23.08617,18.511377,20.414742,19.09249,19.6773,22.011194,21.529428,26.61562,26.862,28.332495,25.217592,27.290344,27.031666,22.41716,27.088413,22.368183,26.99818,25.571716,26.508066,28.326756,29.410452,27.267328,26.480663,21.994396,20.849834,18.55621,21.890291,18.10408,22.89548,22.293413,25.533619,27.050133,25.073133,30.106783,27.384844,24.853067,26.81427,28.712013,25.218426,27.172148,24.090452,22.99617,18.745514,18.48796,14.537953,14.132783,13.390633,10.122983,11.27779,8.3559885,10.914962,12.700788,13.919306,17.730183
16,22.625372,18.928036,16.511507,15.275297,11.736707,13.37552,11.007083,15.665921,14.168817,15.937744,19.10986,18.700933,13.375531,11.538138,8.833513,5.5566144,0.0,5.242225,4.840193,9.294617,11.959674,13.904012,16.299171,15.9676485,16.844707,16.15665,11.674247,12.486993,9.601335,13.978288,10.929257,17.09968,16.444508,20.1835,22.251736,22.507671,25.005692,28.791357,24.933292,24.810923,21.925583,20.712578,19.277384,16.334991,19.19731,15.101416,21.273222,19.435055,22.783691,21.126686,23.48906,24.12005,25.521784,29.522263,25.526175,22.81965,21.651646,19.523876,23.513203,19.192726,24.229156,19.717987,22.882582,22.264194,23.600092,26.296669,26.2853,31.399414,31.269022,32.342316,28.82845,30.378988,29.721659,24.768564,28.779789,23.609007,27.334934,25.21734,25.616634,27.08414,27.169748,24.635504,23.405603,18.922745,18.549078,17.288134,20.333578,18.10863,22.93192,23.14777,26.712717,28.526445,27.221539,32.540234,29.681293,26.720243,28.024075,29.426731,25.384768,26.79209,23.35638,21.746992,17.708044,15.5714655,12.939926,10.795079,9.363637,6.187962,8.780296,7.3935156,11.469531,13.807893,16.336771,19.70596
17,25.787182,22.457273,20.496258,18.818787,15.82909,17.827793,15.561994,19.926136,17.452911,19.65339,21.956701,20.973202,15.444448,13.401365,11.133378,6.16148,5.242225,0.0,6.4334245,6.5886927,10.658579,12.600362,15.338587,13.914578,13.722562,12.831858,7.5502453,8.081635,5.0147557,10.054123,9.161249,15.2932825,15.755459,19.477636,21.522894,22.768867,24.43714,27.762098,23.211454,22.396147,19.53111,17.47132,15.379499,11.975099,14.371784,9.971149,16.205603,14.495315,17.993658,16.764135,19.010124,19.921751,21.206287,25.431557,21.670212,19.101982,17.535614,15.001509,18.542488,14.111758,18.991419,14.651171,17.850029,17.793722,19.390478,22.916483,22.937233,28.01405,27.9871,28.971485,25.28021,26.596107,25.514555,20.560905,24.435774,19.056114,23.046574,20.57596,21.628485,22.866398,23.993025,21.399414,20.413313,16.027636,15.225806,13.293564,17.080185,14.426148,19.40975,19.897318,23.270948,25.510607,24.44849,29.74287,27.645624,24.723091,26.224775,27.392488,23.516682,24.595173,21.717348,19.501122,16.038256,14.088656,10.812545,9.462498,8.259829,6.7148995,8.28452,9.289007,10.139427,13.921091,15.310997,19.41405
18,19.503767,16.223831,14.54164,13.598674,10.763559,13.855808,12.620421,17.821411,17.057512,19.417337,22.934652,23.074743,17.912249,15.514969,13.64936,9.422326,4.840193,6.4334245,0.0,6.3160996,7.456515,9.428404,11.545332,11.768285,13.15388,13.014561,9.532806,11.667874,10.182743,15.115091,14.489651,20.41726,20.727856,24.048992,26.473623,27.050056,29.445238,33.11872,28.962421,28.488737,25.450272,23.82122,21.567616,18.342878,19.83539,15.527331,20.632013,17.975903,20.757856,18.408895,20.816624,21.184036,23.005508,26.653797,22.87557,19.830097,19.31301,17.35692,21.836092,17.985874,23.667063,20.133173,23.655756,24.122334,25.669703,29.280008,29.097868,34.19494,34.3385,35.374096,31.68659,32.937714,31.761915,26.747435,30.267769,24.702204,27.998903,24.71461,25.4778,26.041288,26.222471,22.893547,20.9876,16.92429,17.570158,17.035358,20.46306,19.428886,24.255844,25.249737,28.793108,31.07243,30.25276,35.639015,33.205246,30.110672,31.213614,32.195118,27.96724,28.755426,25.483736,23.05853,19.733416,15.861162,14.405665,10.89174,8.280864,7.4743786,10.809981,11.607182,14.876413,17.974237,20.427507,23.953354
19,23.533253,20.885548,19.910938,19.016275,16.741962,20.041668,18.774912,23.811075,22.326635,24.825563,27.734701,27.222467,21.74897,19.463966,17.230568,12.393595,9.294617,6.5886927,6.3160996,0.0,5.5750737,6.315795,9.666355,9.099535,8.843147,9.4760475,5.5183992,9.059198,8.761458,13.945926,15.537719,21.28747,22.247301,25.815222,27.959036,29.344532,30.843115,33.978157,29.178751,27.936224,25.287935,22.457779,19.892956,16.052937,16.683243,11.964954,16.222172,13.064288,15.452092,12.981051,14.969362,15.09922,16.71304,20.46708,16.708235,13.714922,13.030853,11.097333,15.84393,12.293935,18.369106,15.462756,19.592154,21.087975,23.224703,27.665798,27.78872,32.696022,32.713676,33.412624,29.450993,30.127542,28.309868,23.355171,26.141376,20.343546,23.175701,19.01527,20.271158,20.17888,21.113653,17.406223,15.481657,11.641919,12.465333,12.03368,16.053873,15.791364,20.428421,22.198215,25.507265,28.34368,28.173353,33.49115,31.90247,28.750847,29.72367,30.164251,26.010023,26.085327,23.43795,20.093033,17.85395,13.27389,12.250766,8.868821,6.2507296,8.411316,10.671552,14.109734,14.7285385,19.046806,20.752188,24.657818
20,19.54407,17.506899,17.234308,16.19324,15.007776,18.927559,18.618282,23.686186,22.8927,25.925262,29.219854,29.579626,24.463543,21.529758,20.51158,15.231944,11.959674,10.658579,7.456515,5.5750737,0.0,3.8558724,4.730378,4.6861978,6.5848203,7.625122,7.2543416,10.842659,11.90327,16.398224,19.095335,24.299246,26.029306,28.748512,31.535706,32.847683,34.812675,38.14871,33.475685,32.391006,29.201166,27.016708,23.610334,20.321365,19.56537,15.606383,18.287191,14.648074,16.224697,12.996733,15.407251,15.612274,18.24058,21.289833,18.366726,14.855369,15.377667,13.471146,18.012806,15.310624,21.306513,19.778852,23.283901,25.384388,27.081482,31.974081,31.507534,36.383335,36.99487,37.99358,34.19447,35.020924,33.093845,28.282959,31.04164,25.208647,28.010832,23.085213,24.841494,23.881828,25.030241,20.63504,17.891136,15.038155,16.921587,17.023758,21.071672,21.237686,25.789873,27.68514,30.910799,33.822273,33.595436,38.872143,37.331623,34.23282,35.276535,35.73731,31.562916,31.552954,28.886961,25.436335,23.31417,18.196877,17.730938,13.879306,10.857578,12.840105,15.701714,18.291073,19.924578,23.931406,25.756271,29.687212
21,20.34687,18.607515,18.727499,18.617064,17.337648,21.442488,21.196993,26.460392,25.969688,28.68517,32.1477,32.271824,26.991484,24.42158,22.568144,17.799006,13.904012,12.600362,9.428404,6.315795,3.8558724,0.0,4.257549,6.5624504,7.612798,9.872943,9.469012,13.485493,14.39364,19.164774,21.548239,27.09246,28.340857,31.595232,34.02557,35.28767,37.024,40.241695,35.4667,34.203465,31.44356,28.645586,25.718637,22.001919,21.553389,17.25263,19.778936,15.88833,16.932215,13.365102,15.073704,14.380494,16.599138,19.266787,16.021246,12.619081,13.580313,12.655986,17.747696,15.5396595,21.779226,20.265457,24.430237,26.704506,28.85795,33.701687,33.661922,38.486618,38.71336,39.38899,35.389797,35.83905,33.706116,28.867268,31.055471,25.22754,27.232264,22.045675,23.352154,22.081093,22.556908,17.945011,14.885022,12.442836,15.045899,16.036892,19.587706,20.905561,25.09164,27.465988,30.68799,33.732933,33.962276,39.253082,37.79591,34.548363,35.215298,35.30651,31.013857,30.560684,27.97646,24.20665,22.646076,16.674702,17.288,13.010658,10.044286,13.123492,15.764474,19.353138,20.649845,24.815538,26.87651,30.58039
22,18.334114,17.2389,17.92459,17.514631,17.1721,21.452278,21.799059,26.863873,26.659721,29.75418,33.299675,33.958874,28.953318,25.949686,25.01038,19.872532,16.299171,15.338587,11.545332,9.666355,4.730378,4.257549,0.0,4.7747827,7.359711,9.50384,11.200037,14.829795,16.431711,20.644358,23.811478,28.883139,30.757463,33.362003,36.23979,37.54431,39.54194,42.861458,38.14318,36.963104,33.79452,31.46852,27.910275,24.61257,23.257444,19.533983,21.09072,17.111423,17.670496,13.9002,15.89672,15.521336,18.443914,20.598297,18.242153,14.671378,16.218718,15.041377,19.565075,17.833775,23.77629,23.134184,26.71996,29.348064,31.137486,36.307686,35.811207,40.589314,41.28832,42.217888,38.366802,38.978256,36.79626,32.07715,34.3722,28.538422,30.758692,25.19907,27.00168,25.275028,26.21763,21.352589,18.025505,16.232458,19.004192,19.873417,23.63546,24.76297,29.004972,31.325605,34.46938,37.555298,37.646282,42.896915,41.522026,38.35471,39.190365,39.378845,35.135,34.73574,32.182175,28.41484,26.800869,20.928686,21.364788,17.149603,14.106513,16.72202,19.594553,22.552885,24.256363,28.303658,30.27279,34.1095
23,21.220137,19.852007,20.039362,18.443478,18.07354,21.932674,21.887419,26.622017,25.55333,29.002647,31.984623,32.51889,27.576674,24.282696,24.087822,18.296663,15.9676485,13.914578,11.768285,9.099535,4.6861978,6.5624504,4.7747827,0.0,3.6418984,4.904238,8.088044,11.148917,13.574325,17.02395,21.446842,25.84338,28.536522,30.5789,33.68661,35.42248,37.225967,40.377926,35.540176,34.226295,30.793993,28.710775,24.51018,21.634018,19.36312,16.253996,17.033005,13.194335,13.886962,10.445648,13.074633,13.734776,17.109013,19.729347,17.892372,14.253972,15.299509,13.085224,16.769073,14.959724,20.447905,20.422123,23.261353,26.184233,27.625973,33.156017,32.28719,36.928833,38.03513,39.17798,35.51523,36.285866,34.06965,29.563799,32.09569,26.332085,29.181005,23.578344,26.177734,24.439589,26.610996,21.878384,18.944603,16.972946,19.042747,19.014128,23.402378,23.576412,27.948185,30.00895,32.940323,36.06891,35.922554,41.016167,39.985256,37.031578,38.24973,38.623158,34.64495,34.443768,32.15395,28.429085,26.723677,21.733494,21.177868,17.743967,14.918086,17.136675,19.722282,22.380255,23.40456,27.62642,28.945795,33.136494
24,24.759178,23.262804,23.26828,21.623407,20.883257,24.554914,24.089499,28.791897,27.181093,30.553556,33.1742,33.243744,28.137058,25.01807,24.53098,18.664812,16.844707,13.722562,13.15388,8.843147,6.5848203,7.612798,7.359711,3.6418984,0.0,3.3114839,6.7548304,9.810797,12.665541,15.829558,20.936003,25.149963,28.003029,30.189573,33.05988,35.147,36.491848,39.35093,34.28365,32.64832,29.462431,26.911074,22.674702,19.684368,17.003199,13.993473,14.045817,10.006964,10.423111,6.8798656,9.513392,10.424624,13.830588,16.710384,15.046888,11.505832,12.285675,9.7649765,13.15352,11.635012,17.024696,17.5092,20.356615,23.70059,25.336582,31.119604,30.411919,34.89348,35.908947,36.894543,33.18666,33.72414,31.280989,26.933008,29.152992,23.459713,26.195583,20.362478,23.348732,21.378622,24.21808,19.552515,16.88229,15.139316,16.930738,16.669157,21.21982,21.401407,25.542608,27.762983,30.473886,33.756172,33.812634,38.76539,38.14069,35.254997,36.48404,36.694237,32.891422,32.493435,30.56022,26.641796,25.353666,20.657898,19.976847,17.100777,14.66188,17.245605,19.3073,22.540161,22.549343,27.079664,27.98232,32.284885
25,25.345755,23.62758,23.298784,20.98881,20.272688,23.568352,22.93608,27.298092,25.262428,28.824614,31.11578,31.248053,26.335707,23.008188,23.214705,17.078575,16.15665,12.831858,13.014561,9.4760475,7.625122,9.872943,9.50384,4.904238,3.3114839,0.0,5.595321,7.4749393,10.818962,13.252562,18.982738,22.65375,26.026089,27.692871,30.809208,33.035152,34.441006,37.303806,32.308823,30.768866,27.263433,25.212242,20.517517,18.011816,14.844306,12.40342,12.34162,8.742465,9.894755,7.314382,10.519568,12.335209,15.705013,18.892082,17.404476,14.0388,14.247342,11.048285,13.565389,11.55591,16.386692,16.890348,18.965034,22.170809,23.361101,29.212626,28.123941,32.59108,33.95593,35.208904,31.708162,32.55155,30.29013,26.048,28.729439,23.138178,26.547695,21.119905,24.404982,22.819223,26.109045,21.755852,19.43762,17.297186,18.469952,17.499605,22.310333,21.529478,25.865664,27.650124,30.296234,33.440998,33.126793,37.997566,37.375,34.658253,36.199646,36.696453,33.05574,33.00642,31.068727,27.440086,25.775043,21.84088,20.375072,17.972734,15.646202,17.493822,19.502844,22.02367,22.024988,26.39366,26.96963,31.42681
26,25.977568,23.50886,22.496477,20.434923,18.67794,21.602009,20.247187,24.721977,22.339502,25.419388,27.615917,27.15293,21.924501,19.078632,18.34159,12.476078,11.674247,7.5502453,9.532806,5.5183992,7.2543416,9.469012,11.200037,8.088044,6.7548304,5.595321,0.0,4.105075,5.9885955,9.957772,14.251369,18.79986,21.290094,23.81076,26.44817,28.501955,29.785963,32.700413,27.699516,26.234617,23.04688,20.644247,16.74808,13.596436,12.329233,8.480339,11.531681,8.508492,11.34915,9.592822,12.281861,13.699781,15.96218,19.934704,17.209225,14.164901,13.249928,9.957339,13.229985,9.609252,15.019742,13.355012,16.206097,18.408236,19.96987,25.213171,24.651115,29.404667,30.155241,31.225405,27.537485,28.452297,26.495237,21.888006,24.975576,19.2702,22.988585,18.526701,21.112589,20.640371,23.324667,19.622679,17.9303,14.678287,14.942191,13.384853,18.1768,16.689442,21.336649,22.789186,25.683691,28.627329,28.150352,33.195465,32.19396,29.388882,30.90891,31.559523,27.85394,28.103,25.951591,22.653809,20.541466,17.249403,15.12973,13.183091,11.225348,12.525723,14.201443,16.743084,16.429785,20.830519,21.477694,25.88349
27,28.32459,25.68351,24.318392,21.577335,19.811422,22.066862,20.372765,24.22161,21.064148,24.27379,25.793573,25.180317,20.230782,17.24263,17.439133,11.398127,12.486993,8.081635,11.667874,9.059198,10.842659,13.485493,14.829795,11.148917,9.810797,7.4749393,4.105075,0.0,3.9590328,6.0668874,11.855086,15.409427,18.763672,20.583652,23.455605,25.864426,27.031216,29.831594,24.847363,23.407549,19.833084,18.032772,13.417622,11.048043,9.091406,6.280088,9.536127,7.866787,11.462909,11.040185,13.838934,16.001944,18.161407,22.295256,19.95776,17.21146,15.857588,12.139769,13.960039,10.113808,14.139311,12.514078,14.014473,15.928344,16.844473,22.212831,21.16713,25.88894,27.069267,28.467827,25.076406,26.373241,24.654333,20.312723,23.956427,18.585022,23.131355,19.352049,22.331955,22.273354,25.616133,22.39337,21.16366,17.853756,17.376352,14.972884,19.817791,17.043589,21.679085,22.489773,25.140232,27.873508,26.922668,31.745186,30.890081,28.391254,30.350134,31.343975,28.00409,28.66772,26.695202,23.837458,21.440943,19.470358,16.385887,15.492574,14.027798,14.326266,15.549734,17.051523,16.282898,20.371593,20.297594,24.90375
28,28.390207,25.326084,23.518824,20.989832,18.596928,20.411541,18.226328,22.000328,18.669973,21.437386,22.916248,21.91459,16.745352,14.156682,13.665516,7.9024763,9.601335,5.0147557,10.182743,8.761458,11.90327,14.39364,16.431711,13.574325,12.665541,10.818962,5.9885955,3.9590328,0.0,5.37239,8.330601,12.9654255,15.353752,17.924915,20.461966,22.565964,23.841503,26.83731,21.969444,20.79241,17.375395,15.595888,11.928036,9.147068,9.814528,6.1875763,11.928028,10.873378,14.705905,14.318412,16.806778,18.551214,20.151098,24.488,21.492476,18.950533,17.212042,13.866097,16.128807,11.736525,15.719289,12.347738,14.279155,14.847962,15.90595,20.380459,19.732994,24.709936,25.389511,26.709204,23.242918,24.73536,23.452234,18.846529,22.938293,17.66223,22.389452,19.621426,21.816847,22.645258,25.23881,22.55248,21.682684,17.774921,16.743126,14.071073,18.524046,15.082615,19.931664,20.263958,23.162783,25.576168,24.335354,29.318724,27.94561,25.380983,27.359575,28.600927,25.197992,26.256153,23.987022,21.623775,18.642271,17.421642,13.731797,13.324827,12.281649,11.552542,12.481681,13.329112,12.661117,16.522682,16.599447,21.154428
29,32.213955,29.212095,27.279469,24.0495,21.991716,23.138378,20.825336,23.623941,19.407173,22.339071,22.710901,21.55152,17.127415,14.434074,15.597943,10.39636,13.978288,10.054123,15.115091,13.945926,16.398224,19.164774,20.644358,17.02395,15.829558,13.252562,9.957772,6.0668874,5.37239,0.0,8.093619,9.732805,14.093737,15.07408,18.031416,20.888601,21.803392,24.444357,19.583996,18.326502,14.255535,13.5882435,8.374607,7.732963,6.683711,6.369996,10.50275,11.247379,15.141978,15.994878,18.480785,20.954102,22.601128,26.918932,24.622509,22.327784,20.393364,16.676662,17.283785,13.316764,15.247144,12.79495,12.368807,12.6869135,12.466678,17.305689,15.700487,20.509953,22.042908,23.889862,20.98552,22.958813,21.91759,18.016428,22.554588,18.007376,23.485266,21.29235,24.161482,25.054947,28.638845,26.286003,25.739475,22.145353,20.698938,17.451633,21.86535,17.4359,21.833984,21.5079,23.820871,25.99023,24.241245,28.688438,27.805393,25.791569,28.325624,29.883415,27.120876,28.495193,26.69557,24.732883,21.857986,21.882153,17.672249,18.219734,17.519192,16.500965,16.93505,16.862347,15.45075,18.666656,17.53714,22.180176
30,32.273445,28.64985,26.011656,23.35059,20.338318,20.424065,17.28447,19.52428,15.133068,16.76204,16.914885,14.755041,9.880221,8.603621,8.30596,5.886245,10.929257,9.161249,14.489651,15.537719,19.095335,21.548239,23.811478,21.446842,20.936003,18.982738,14.251369,11.855086,8.330601,8.093619,0.0,6.5696507,7.10099,10.463458,12.489702,14.260084,15.803292,19.195189,14.911404,14.737466,11.148811,11.252305,9.777586,8.821714,12.980638,11.193595,17.55109,18.018677,22.041304,22.33395,24.589756,26.328646,27.337683,31.83384,28.500011,26.393845,24.169315,21.15316,22.844374,18.336342,20.764683,15.952294,16.64264,14.328504,14.399073,16.234276,15.712658,20.78385,21.026127,22.649961,19.77778,22.178272,22.253222,18.07107,23.19258,19.169512,24.441837,24.01693,25.265757,27.545938,29.483898,27.999834,27.880962,23.524984,21.500614,18.31715,21.560928,16.43348,20.8044,19.433329,22.175228,23.429,20.973677,25.643345,23.354567,21.269083,23.804808,25.987696,23.174362,25.456451,22.995163,22.322443,18.300417,19.889914,15.047116,16.409357,16.489326,13.59919,13.356166,10.871316,10.260046,11.824366,11.009898,15.296281
31,37.011497,33.488796,30.775139,27.436708,24.890629,24.302525,21.23836,22.134607,16.940027,18.553957,16.940208,14.590256,11.7785425,10.733519,13.067417,11.644231,17.09968,15.2932825,20.41726,21.28747,24.299246,27.09246,28.883139,25.84338,25.149963,22.65375,18.79986,15.409427,12.9654255,9.732805,6.5696507,0.0,6.474687,5.450519,8.577335,11.687068,12.773528,15.725783,11.8680525,12.125365,7.214584,10.58273,8.443467,10.691042,13.506809,14.205466,18.906796,20.576696,24.480597,25.616194,27.894121,30.199102,31.306957,35.777164,33.038273,31.064066,28.726364,25.370413,25.851013,21.751627,22.5559,18.70581,17.271416,14.335087,12.594397,13.4939,11.5174,16.201849,17.5559,20.022697,18.26078,21.412233,22.08755,19.053692,24.487469,21.533222,27.32515,27.478815,29.314724,31.594597,34.417133,33.15779,33.24028,29.140974,26.889366,23.307522,26.57587,20.81466,24.56517,22.535933,24.493626,25.286386,22.180288,25.905771,24.15035,22.95434,26.106363,28.670446,26.739199,29.334719,27.443476,27.198364,23.46438,25.939825,20.906042,22.764904,22.891888,20.165363,19.76229,16.976564,15.806089,16.432884,14.201078,17.947618
32,37.684723,33.85223,30.853123,28.288815,25.108652,24.13039,20.669285,21.422249,16.715027,16.853333,15.256093,11.5226145,8.554637,9.959568,9.756504,11.561929,16.444508,15.755459,20.727856,22.247301,26.029306,28.340857,30.757463,28.536522,28.003029,26.026089,21.290094,18.763672,15.353752,14.093737,7.10099,6.474687,0.0,6.3072114,6.0145273,7.4697533,8.823018,12.56579,9.296724,10.597655,7.816276,10.326616,11.835576,12.598061,17.701778,17.0029,22.997555,24.22711,28.235302,28.968994,31.008837,32.750828,33.34117,37.884216,34.450874,32.704185,30.174929,27.375328,28.58247,24.202854,25.559431,20.351377,20.15973,16.170986,15.465321,14.220018,14.103343,18.509983,18.108913,19.849838,17.901768,20.927065,22.247581,19.009176,24.374083,21.796133,27.020119,28.276505,28.920746,32.05022,33.65972,33.075798,33.511555,29.092628,26.492596,23.128975,25.402912,19.59763,22.99284,20.384264,22.567383,22.661657,19.253992,23.10695,20.181688,18.895876,21.864304,24.786343,22.895765,26.036276,23.794819,24.52454,20.306618,23.89958,18.846317,21.304699,22.070976,18.604074,17.53211,13.689937,12.65288,11.509534,9.303333,12.203121
33,39.512417,35.842903,32.833282,29.502058,26.915098,25.443197,22.256903,21.917904,16.64608,17.283567,14.345809,11.4678955,10.780475,11.055388,14.057441,14.724794,20.1835,19.477636,24.048992,25.815222,28.748512,31.595232,33.362003,30.5789,30.189573,27.692871,23.81076,20.583652,17.924915,15.07408,10.463458,5.450519,6.3072114,0.0,4.816511,7.3178678,9.2906685,12.64837,10.641647,12.438167,8.30162,13.4264345,13.09607,15.586494,18.829521,19.560438,24.299559,26.023924,29.925394,31.00976,33.321915,35.571125,36.618195,41.11225,38.210968,36.25165,33.888752,30.643509,31.235106,27.098364,27.790949,23.691196,22.155943,18.549953,16.498272,15.355052,13.454354,17.213902,18.396223,21.045643,20.134037,23.645308,25.102242,22.591837,28.068361,25.767775,31.422415,32.289318,33.6962,36.38753,38.784103,37.83839,38.03162,33.76487,31.396908,27.880482,30.697363,24.784702,28.21029,25.624327,27.411922,27.508385,23.89263,27.051775,24.734907,24.037912,27.297249,30.301739,28.77882,31.87412,29.883423,30.411802,26.366701,29.546303,24.481808,26.525084,26.823427,23.525656,23.000366,19.073769,18.603376,17.772804,15.50612,18.135029
34,42.725685,38.916653,35.821564,32.92216,29.989992,28.490847,25.10078,24.806484,19.840544,19.612316,16.524975,12.581894,12.252079,13.927609,15.144687,17.134092,22.251736,21.522894,26.473623,27.959036,31.535706,34.02557,36.23979,33.68661,33.05988,30.809208,26.44817,23.455605,20.461966,18.031416,12.489702,8.577335,6.0145273,4.816511,0.0,4.419921,4.5118003,8.031549,6.737652,9.4790325,7.2185636,12.262079,14.165608,16.473745,20.847107,21.382505,26.463507,28.369162,32.284897,33.507317,35.517044,37.5468,38.111393,42.644455,39.512383,37.8963,35.25489,32.313313,32.82521,28.699959,29.043499,24.357533,22.960087,18.501598,16.727167,13.723939,12.988563,16.19505,16.173986,18.440384,17.8529,21.400457,23.474516,21.399675,26.736774,25.222628,30.568865,32.47741,33.319286,36.580723,38.610073,38.319527,38.959545,34.665623,31.86886,28.289003,30.422438,24.293242,27.078331,23.943275,25.412563,24.893559,20.974155,23.643686,21.03589,20.763735,24.093008,27.335354,26.349611,29.759323,28.000698,29.221838,25.2747,29.534842,24.427542,27.201426,28.037283,24.616978,23.445683,19.51931,18.234644,16.529705,13.627457,15.326024
