,0,1,2,3,4,5,6,7,8,9,10,11,12,13,14,15,16,17,18,19,20,21,22,23,24,25,26,27,28,29,30,31,32,33,34,35,36,37,38,39,40,41,42,43,44,45,46,47,48,49,50,51,52,53,54,55,56,57,58,59,60,61,62,63,64,65,66,67,68,69,70,71,72,73,74,75,76,77,78,79,80,81,82,83,84,85,86,87,88,89,90,91,92,93,94,95,96,97,98,99,100,101,102,103,104,105,106,107,108,109,110,111
0,0.0,4.126283,6.8448997,10.415459,13.521623,15.843184,19.433395,22.84096,26.407738,28.128633,32.618103,34.43706,39.027943,40.94812,40.643173,38.750786,34.09289,30.337889,30.089252,24.919838,26.927746,20.933582,23.471773,19.654493,18.99009,16.793226,22.486727,23.482395,27.950119,27.341612,33.58892,36.458916,40.437702,41.569042,44.465004,46.108765,49.52319,50.100086,47.04561,44.03219,40.93792,39.175495,34.808937,34.437874,28.7942,29.36503,24.336132,24.59254,21.544466,19.885916,21.658972,20.22119,18.853449,22.14994,26.214014,26.60952,27.41022,30.991936,31.832836,35.950706,34.145844,39.51481,41.423462,43.182568,39.28158,41.340534,40.636604,36.96398,34.170727,30.479525,29.11152,33.990795,31.558016,35.851315,34.817883,38.397194,38.210266,41.63709,42.16285,44.21616,47.415337,43.664124,41.022144,37.325993,34.196682,35.21474,30.043242,30.221073,27.463171,26.970963,24.892946,22.588943,22.112291,20.506786,16.60994,16.803526,17.5173,15.92444,18.333338,13.930922,20.38377,17.505316,22.54426,22.954035,24.333317,27.934748,26.68884,32.94405,29.2246,33.58685,33.96545,37.520023
1,4.126283,0.0,4.9555554,7.2457123,9.844026,13.046034,15.857242,19.87281,23.13055,25.299465,29.628185,31.713295,36.229977,38.466354,38.526604,36.809357,32.35323,28.352125,28.84794,23.48569,26.014498,20.37106,22.747751,19.716118,18.052546,15.224688,20.69389,21.492064,25.89984,25.276901,31.512756,34.217934,38.423622,39.204384,42.548294,43.803623,47.036716,47.392864,44.12595,41.243538,37.897285,36.219704,31.820986,31.400661,25.899536,26.22521,21.521559,21.322535,18.99826,17.094456,18.140593,16.780878,15.042446,18.615671,22.415443,22.676249,23.327261,26.932472,27.874363,32.00112,30.04101,35.41956,37.334442,39.061237,35.191612,37.26217,36.65418,33.031155,30.337547,26.576565,25.228548,30.105383,27.79789,31.956633,31.147356,34.587414,34.639164,37.989967,38.739902,40.946163,44.06349,40.147987,37.496403,33.778168,30.63542,31.40126,26.251297,26.202486,23.412191,22.85679,20.80494,18.62904,18.355442,16.975311,13.45908,13.781978,14.521183,13.3616295,15.743627,11.948666,18.35218,16.351433,20.704374,21.863886,23.512175,26.721869,25.131512,31.156162,26.885225,31.268175,31.204744,34.75624
2,6.8448997,4.9555554,0.0,5.3271646,7.9265385,9.595603,13.485378,16.364202,20.140766,21.54658,26.131422,27.767515,32.480946,34.411743,34.144455,32.61429,28.023264,24.284645,24.745964,19.542812,22.440496,16.912241,20.163263,17.845371,16.717482,14.55054,19.723423,19.122345,23.820265,22.21744,28.95513,30.782955,35.23446,35.719193,38.938457,40.16846,43.47631,44.288834,41.13731,38.320328,34.964996,33.758,29.007578,29.375002,23.69506,24.972107,20.547808,21.048742,19.58,18.72745,19.508883,19.175846,17.10408,21.30053,24.359434,24.046358,23.76516,27.239786,27.665085,31.485174,29.412365,34.700603,36.340622,38.497726,34.665176,37.248123,36.864998,33.695816,31.201702,27.22351,25.105597,29.63375,26.57835,30.747066,29.086697,32.553448,31.93702,35.34183,35.57067,37.605434,40.766697,37.13578,34.60927,30.898514,27.951311,29.203012,24.315762,24.970472,22.77093,22.884165,21.482052,20.094492,19.912056,18.106304,15.168271,13.855267,13.270307,11.000526,12.770262,7.4776034,13.990575,11.400376,15.948385,16.944296,18.687273,21.851088,20.28641,26.41193,22.431522,26.820082,27.13356,30.735596
3,10.415459,7.2457123,5.3271646,0.0,3.9784489,6.052611,9.22014,12.877681,16.105648,18.35235,22.567593,24.863422,29.191229,31.532309,31.891186,30.031,25.807892,21.559284,22.679539,17.216133,20.266449,15.387362,17.637264,16.227627,13.651322,10.776246,15.440504,15.026697,19.48572,18.420694,24.78705,27.1304,31.495996,32.04812,35.61558,36.66997,39.841446,40.159714,36.89335,34.02431,30.682945,29.101444,24.603508,24.455751,18.881243,19.753527,15.402021,15.736076,14.761858,14.230161,14.807056,15.336092,13.669483,18.34256,20.903135,21.060276,20.4704,24.109358,25.165714,28.944788,25.821648,31.174206,32.565434,34.479523,30.265032,32.78882,32.11807,29.026142,26.438189,22.482803,20.114105,24.633564,21.579468,25.96134,24.492651,28.254633,27.968786,31.534746,32.280437,34.171085,37.53554,33.822014,30.880594,27.303865,23.946524,25.294136,19.894762,20.733545,18.293644,18.782988,17.862164,17.045237,18.037949,17.2852,15.387321,14.69167,14.059772,12.572341,13.778417,9.086642,14.735105,12.404531,15.749285,17.155643,18.687088,21.492735,19.888977,25.456795,21.07144,25.691542,25.359911,29.196548
4,13.521623,9.844026,7.9265385,3.9784489,0.0,5.377665,6.0544305,10.759967,13.505559,16.229311,20.238848,22.685862,27.017204,29.695532,30.390224,29.042297,25.120329,20.828136,22.980465,17.670364,21.390663,17.304201,19.552969,19.12915,16.078451,13.055121,16.756084,15.621544,19.791834,18.332027,24.644173,26.243458,30.995161,30.845823,34.964443,35.414803,38.31469,38.53582,34.986317,32.40481,28.616215,27.463728,22.767666,22.929647,17.684046,18.453203,15.062812,14.692359,15.376311,14.669883,13.744376,14.508782,12.096557,16.847178,18.642345,18.182924,17.061943,20.566053,21.417967,25.089231,22.024412,27.341116,28.767307,30.827023,26.829292,29.529493,29.209053,26.324604,24.054302,19.970257,17.507185,21.863564,18.83945,22.860775,21.524158,24.909603,24.795542,28.176289,29.028736,31.230148,34.371006,30.441105,27.667135,23.98204,20.793037,21.721746,16.597132,17.121622,14.921611,15.43001,14.729525,14.419554,15.443283,14.750929,13.76712,12.695947,11.715452,10.814823,11.5949545,8.713889,13.175786,12.719492,14.631989,17.142296,19.077873,21.123676,19.024654,24.122557,19.059536,23.492418,22.639318,26.339506
5,15.843184,13.046034,9.595603,6.052611,5.377665,0.0,5.778137,7.069969,10.853524,12.41476,16.793129,18.887362,23.269957,25.49741,25.86491,24.136885,20.02057,15.763484,17.616295,12.327538,16.247381,12.60331,15.285698,15.868445,13.390146,11.557684,14.475608,11.696921,16.163214,13.718009,20.54937,21.672644,26.439217,26.450788,30.174372,30.966698,34.120094,34.768085,31.548729,28.792667,25.373434,24.353653,19.449196,20.30368,14.690456,16.872934,13.549921,14.756315,15.657657,16.585468,16.497334,18.402359,16.683329,21.562752,22.922228,22.563196,20.759848,24.038307,24.690607,27.875088,24.196762,29.246737,30.102304,32.4173,28.197315,31.30362,30.842173,28.505045,26.283646,22.285303,18.904097,22.616669,18.587646,22.894098,20.284382,24.16009,23.087261,26.78711,27.104431,28.676203,32.201855,28.837389,25.847847,22.392918,19.117441,21.244518,16.126484,18.161589,16.687235,18.302332,18.571712,19.031393,20.439438,19.723701,18.910782,17.109732,15.27198,13.37324,13.219192,8.515074,11.877321,9.516379,11.210272,12.847073,14.333936,16.476267,14.831301,19.899775,15.586924,20.329353,20.015963,24.050406
6,19.433395,15.857242,13.485378,9.22014,6.0544305,5.778137,0.0,6.0795283,7.6387773,11.16288,14.608107,17.514423,21.49476,24.549292,25.84058,24.670958,21.374275,16.964138,20.38515,15.581805,19.795156,17.370148,19.091331,20.422796,16.88183,14.338101,16.033796,13.4974985,16.925848,14.936595,20.828745,21.5576,26.575714,25.764526,30.41641,30.280153,32.907303,32.962097,29.23793,26.869385,22.806168,22.021536,17.174236,17.816738,13.023114,14.251403,12.49742,12.182363,15.259571,15.689018,13.754098,16.044893,13.955054,18.592133,18.846516,18.121714,15.699636,18.787014,19.645565,22.669374,18.503908,23.54866,24.397564,26.646452,22.487152,25.658962,25.458353,23.321857,21.451408,17.409021,13.95412,17.482828,13.698422,17.623228,15.6334,19.142097,18.823046,22.333946,23.341574,25.393427,28.66107,24.796124,21.766619,18.194714,14.806664,16.137905,10.880179,12.412881,11.052287,12.908176,13.775701,15.119546,17.071917,17.07758,17.593742,16.149258,14.45306,13.882289,13.386302,11.726327,13.48697,13.916176,13.534054,16.58002,18.355381,19.34864,17.142765,21.01004,15.651933,19.948156,18.387445,22.194242
7,22.84096,19.87281,16.364202,12.877681,10.759967,7.069969,6.0795283,0.0,4.5123124,5.527628,9.792058,12.082568,16.37589,18.947485,19.902464,18.725748,15.375312,11.143667,15.141115,11.080193,15.805054,14.821621,16.997253,19.704998,17.084204,15.94992,16.519867,11.842129,15.028638,11.204693,17.544235,16.574276,21.983644,20.733051,25.187517,25.075861,27.903374,28.67754,25.259666,22.892944,19.020948,19.008009,13.597511,15.9271965,11.1767025,14.542889,13.681872,14.996768,18.314524,20.055153,18.828623,21.719185,19.969662,24.594984,24.53258,23.628468,20.63114,23.202526,23.475084,25.755821,21.463446,25.857922,26.023375,28.700302,24.675121,28.348011,28.249224,26.930325,25.35624,21.582912,17.42027,19.741205,14.902198,18.578772,14.718947,18.42553,16.526684,20.287344,20.312525,21.646317,25.28207,22.17974,19.111042,15.836573,12.712682,15.672247,11.373565,14.77256,14.802261,17.543173,19.158283,20.968264,22.790749,22.416834,22.904192,20.59855,18.103695,16.640577,15.266653,12.812764,12.512239,12.156371,10.160728,12.66944,14.027834,14.26104,12.36423,15.497924,10.806007,15.299021,14.254313,18.414572
8,26.407738,23.13055,20.140766,16.105648,13.505559,10.853524,7.6387773,4.5123124,0.0,5.094474,7.117977,10.657944,14.027883,17.392107,19.380608,18.39777,16.145203,12.022845,17.00252,13.738328,18.08655,18.152357,19.332396,22.620096,19.372494,18.053186,17.480654,13.047801,14.956771,11.762444,16.623663,15.299935,20.689817,18.815256,23.998123,23.138828,25.506683,25.690502,21.913366,19.81184,15.488911,15.661426,10.317388,12.748772,9.179437,12.167362,13.121869,13.825096,18.539791,20.403566,18.415785,21.797457,20.290062,24.54547,23.613253,22.7355,19.289925,21.45805,22.000584,23.814787,18.725515,22.734436,22.475348,25.038975,20.9237,24.715176,24.649343,23.857027,22.636284,19.159176,14.740301,16.15838,11.1064415,14.407091,10.223115,14.06355,12.387862,16.295109,16.986605,18.307327,22.019772,18.745296,15.250376,12.144181,8.511791,11.766256,7.4318275,11.624448,12.361089,15.698969,18.115915,20.66727,23.031868,23.308867,24.57733,22.648773,20.346485,19.585619,18.100155,16.834755,16.022144,16.592041,13.890179,16.622437,17.790112,17.315722,15.464686,17.092068,12.356087,16.063576,13.926845,17.819431
9,28.128633,25.299465,21.54658,18.35235,16.229311,12.41476,11.16288,5.527628,5.094474,0.0,4.867354,6.5731387,10.967311,13.496331,14.741636,14.146092,11.646665,8.192043,13.659653,11.538316,16.140348,17.108288,19.05268,22.875614,20.698715,20.280884,19.69191,14.139077,16.09012,11.332064,16.552277,13.111818,18.923994,16.452063,21.223848,20.413788,23.044996,24.314356,20.975965,19.007832,15.011895,16.311543,10.669824,14.842586,11.569673,15.8479395,16.612377,18.249985,22.320015,24.591274,23.156662,26.433268,24.778,29.188318,28.469435,27.291353,23.73645,25.693117,25.566326,27.025492,22.617792,26.171864,25.675762,28.63255,24.968517,28.98964,29.153074,28.70636,27.629692,24.223227,19.775156,20.790207,15.619327,18.372492,13.265716,16.504183,13.272071,16.954943,16.173172,16.864166,20.704185,18.306078,15.312253,12.577511,10.163981,14.230389,11.693055,15.999458,17.25334,20.49776,22.785385,25.17859,27.052017,26.710842,27.6653,25.010483,22.177763,20.722736,18.779078,17.088573,14.93334,15.1505,11.372753,13.532045,14.41264,13.057407,11.479567,12.195872,8.3308,12.000364,10.731375,14.863459
10,32.618103,29.628185,26.131422,22.567593,20.238848,16.793129,14.608107,9.792058,7.117977,4.867354,0.0,4.455035,6.9129457,10.450589,13.108614,12.8482065,12.171923,9.62484,15.589717,14.695876,18.610071,20.720272,21.799633,26.220596,23.753717,23.425589,21.813177,16.40754,17.019848,12.822654,15.994633,11.290101,16.95571,13.353063,18.888243,17.050516,19.138134,20.090887,16.49698,14.981046,10.560588,12.91857,7.5669355,12.795608,11.549022,15.610118,17.967718,19.385632,24.269897,26.799837,24.998672,28.659296,27.28219,31.370146,29.9667,28.839437,24.966127,26.433767,26.426468,27.247242,22.317747,25.097374,23.957785,26.815474,23.307674,27.405205,27.618164,27.92985,27.28259,24.362915,19.844769,19.63805,14.559462,16.373974,10.6255245,13.48001,9.541761,13.245757,12.589485,12.561668,16.761261,14.798738,11.356518,9.511282,7.427403,12.269995,11.119625,15.839601,17.840933,21.437862,24.330336,27.257257,29.505878,29.62099,31.117296,28.683811,25.949253,24.904837,22.861267,21.818108,19.336065,19.976433,15.879742,17.89453,18.439844,16.473806,15.24684,14.062475,11.181402,13.351248,11.197727,14.649005
11,34.43706,31.713295,27.767515,24.863422,22.685862,18.887362,17.514423,12.082568,10.657944,6.5731387,4.455035,0.0,5.264639,7.4414616,9.265602,10.45553,10.07392,9.25845,15.026851,15.276248,19.161959,21.664293,23.420502,27.930435,26.214876,26.295263,24.977802,19.12555,19.971018,15.031343,18.359983,12.0717325,17.700733,13.362517,18.273228,16.20806,18.309464,20.476645,17.412884,16.372349,12.516885,15.882218,11.036377,16.696672,15.450048,19.873863,21.850544,23.563301,28.084066,30.63897,28.991932,32.454685,30.796988,34.978897,33.707706,32.213943,28.25031,29.547499,28.93892,29.492338,25.345001,27.798643,26.627687,29.827803,26.849266,31.087212,31.618273,32.079727,31.562613,28.585768,24.1309,23.908138,18.918692,20.354357,14.591355,16.539553,11.86265,14.731931,12.468926,11.983711,15.87525,14.861739,12.52273,11.118519,10.660103,15.066829,15.032799,19.443413,21.689646,25.109837,27.829422,30.62826,32.41729,32.033375,33.373993,30.397076,27.313906,25.905241,23.550575,22.620243,19.109503,19.943615,15.144171,16.812346,17.233799,14.330736,13.328655,10.540841,9.083106,10.12311,8.769085,11.938241
12,39.027943,36.229977,32.480946,29.191229,27.017204,23.269957,21.49476,16.37589,14.027883,10.967311,6.9129457,5.264639,0.0,4.445837,8.638475,9.787117,11.807907,11.894744,17.282297,18.504366,21.549297,25.038397,25.914246,30.936779,29.057583,29.347965,27.108517,21.47029,21.144245,16.906006,18.125292,10.906681,15.623225,10.087625,15.442071,12.130626,13.528885,15.635951,12.662404,12.3197975,8.874802,13.451699,10.128363,15.980531,16.55818,20.67133,23.69837,25.43007,30.318512,33.221336,31.536648,35.361744,34.090702,38.055298,36.34196,35.092598,31.011906,32.003483,31.666988,31.757387,27.104212,28.842646,27.05825,29.959654,27.102507,31.209885,31.606035,32.731667,32.504524,30.045551,25.60762,24.401611,19.724545,20.417763,14.600454,16.06461,11.153768,13.478134,11.329142,8.996554,13.36507,13.641304,11.079354,11.433524,11.54231,16.020948,16.858395,21.377672,23.923317,27.567312,30.698029,33.833347,36.02984,36.078472,37.725056,35.024082,32.07798,30.901245,28.582846,27.70552,24.358498,24.989267,20.358,21.640947,21.635244,18.683876,18.196775,14.520415,14.195126,14.322535,12.695718,14.75935
13,40.94812,38.466354,34.411743,31.532309,29.695532,25.49741,24.549292,18.947485,17.392107,13.496331,10.450589,7.4414616,4.445837,0.0,4.7211413,6.946459,10.174002,12.059015,16.470951,18.915945,21.434727,25.506916,26.61004,31.787273,30.61677,31.429895,29.210217,23.282104,22.958881,18.333315,19.372265,11.278561,15.310036,9.686812,13.583511,10.453618,12.150398,15.777603,13.990171,13.764552,11.8554735,16.215492,13.426592,19.193632,19.52099,24.053923,26.635288,28.861578,33.25934,36.403183,35.13809,38.948135,37.67025,41.81558,40.35965,39.093166,35.056774,36.13356,35.599083,35.695255,31.349655,33.072903,31.301598,34.28903,31.53817,35.647133,36.012157,37.11163,36.78504,34.261974,29.755375,28.716358,23.940678,24.831495,18.996504,20.459194,15.485168,17.426664,14.558934,11.731413,15.4966,16.812065,15.000519,15.526769,15.896114,20.31659,21.073252,25.630114,28.062656,31.678473,34.669987,37.645115,39.672916,39.43429,40.795807,37.812943,34.682713,33.123302,30.717327,29.407963,25.759848,25.861813,21.233522,21.69451,21.233334,17.900526,18.089289,13.399532,15.038164,14.524056,14.12052,15.77967
14,40.643173,38.526604,34.144455,31.891186,30.390224,25.86491,25.84058,19.902464,19.380608,14.741636,13.108614,9.265602,8.638475,4.7211413,0.0,5.7698097,8.380342,11.820224,15.083592,18.262623,20.592318,24.64732,26.417938,31.396152,30.998512,32.1715,30.443735,24.25917,24.493979,19.318562,21.193289,13.173878,17.009401,12.373875,14.566529,12.7392435,14.947403,19.380493,18.238731,17.722775,16.276606,20.095827,16.930521,22.614666,22.01711,26.94653,28.718058,31.300638,35.108234,38.26201,37.361,40.964005,39.50421,43.869,42.830616,41.432346,37.501347,38.763733,37.936817,38.22877,34.378872,36.384224,34.886433,38.089176,35.36709,39.559196,39.97804,40.768272,40.243904,37.440525,32.88296,32.374302,27.388859,28.699163,22.81167,24.451895,19.418722,21.382204,18.00334,15.664615,18.905043,20.271006,18.959227,18.965393,19.333336,23.700108,24.118557,28.630953,30.860634,34.337307,37.02287,39.699158,41.3747,40.685238,41.64455,38.304993,34.98473,32.990524,30.52719,28.827213,24.878315,24.54593,19.994705,19.701473,18.946121,15.249494,16.013554,10.631794,14.174708,13.279029,14.335638,15.892436
15,38.750786,36.809357,32.61429,30.031,29.042297,24.136885,24.670958,18.725748,18.39777,14.146092,12.8482065,10.45553,9.787117,6.946459,5.7698097,0.0,5.0433664,8.545212,10.805879,14.68377,16.041134,20.90828,21.868649,27.18042,26.926844,28.571941,26.30162,20.256304,19.976032,15.113588,16.231092,8.492797,11.8843155,8.718769,10.079644,10.191434,13.677001,17.597662,16.874065,15.240851,14.852307,17.254555,14.549385,19.569944,18.804226,23.915867,25.335619,28.51142,31.711905,35.330288,35.13758,38.98761,38.068615,42.56704,41.852154,41.106453,37.475887,39.178425,39.016613,39.793102,35.148586,37.65926,36.197956,39.004025,35.551044,39.49936,39.28238,39.77642,38.836483,36.093296,31.421604,31.177452,26.063643,28.147173,22.310816,25.042997,20.470858,23.208952,20.890676,18.390137,22.377737,23.23725,20.831287,20.674807,19.822617,24.692978,23.758165,28.607866,30.228325,33.845173,36.494972,39.017796,41.147526,40.77866,41.420624,38.51497,35.44265,33.308884,31.199068,28.332808,25.572788,23.755753,20.252857,19.080343,17.64005,15.040773,16.472404,12.839005,15.914798,16.673958,17.61913,20.127897
16,34.09289,32.35323,28.023264,25.807892,25.120329,20.02057,21.374275,15.375312,16.145203,11.646665,12.171923,10.07392,11.807907,10.174002,8.380342,5.0433664,0.0,4.8333106,6.723635,10.2730665,12.257211,16.464643,18.254358,23.173853,23.248365,24.911312,23.406816,17.18992,17.977966,12.470251,15.684063,9.566861,13.862049,12.160664,13.710667,14.758822,18.414248,21.756376,20.489168,18.325792,17.148075,18.737064,14.947973,19.62086,17.353357,22.672943,23.035942,26.359463,28.973612,32.396183,32.484604,36.04369,34.972736,39.645386,39.417824,38.671143,35.29115,37.324436,37.133316,38.370823,33.986645,37.087456,36.08101,38.98512,35.31539,39.27371,39.025536,38.94444,37.690876,34.587708,29.944485,30.50996,25.224258,27.966507,22.26999,25.47754,21.16942,24.344194,22.18507,20.621508,24.644669,24.597498,22.068556,20.986437,19.59457,24.373299,22.562452,27.269117,28.443548,31.84146,34.09265,36.235077,38.11503,37.46403,37.69447,34.71155,31.648546,29.233828,27.27156,23.826399,21.434883,18.94264,15.920658,14.243355,12.666485,10.4882555,12.174119,10.052867,12.924131,14.774467,16.296371,19.458282
17,30.337889,28.352125,24.284645,21.559284,20.828136,15.763484,16.964138,11.143667,12.022845,8.192043,9.62484,9.25845,11.894744,12.059015,11.820224,8.545212,4.8333106,0.0,5.9931564,6.861036,10.002925,13.458272,14.995798,19.871605,19.186752,20.468441,19.006575,12.73416,13.932746,8.184572,12.784613,8.441944,13.587761,12.620052,15.399975,16.43075,20.053583,22.264088,20.289669,17.63939,15.786781,16.414522,11.9919405,16.0862,12.968656,18.276396,18.325417,21.60617,24.226618,27.582087,27.675383,31.263336,30.32441,35.000904,34.867203,34.36919,31.170563,33.43158,33.616497,35.188305,30.466288,33.960194,33.164448,35.864647,31.842031,35.656574,35.198257,34.783707,33.324413,30.137747,25.520205,26.468487,21.168968,24.4061,18.999529,22.786076,19.079927,22.731485,21.420479,20.468506,24.743847,23.782495,20.675251,19.060093,16.815117,21.548267,18.776878,23.447908,24.21453,27.577051,29.745768,31.808598,33.907196,33.50942,33.733013,31.11473,28.29293,26.075043,24.360958,20.674551,19.156765,16.467905,13.950332,12.905416,11.788155,10.761224,11.601567,11.562921,11.984908,15.133061,15.827747,19.614805
18,30.089252,28.84794,24.745964,22.679539,22.980465,17.616295,20.38515,15.141115,17.00252,13.659653,15.589717,15.026851,17.282297,16.470951,15.083592,10.805879,6.723635,5.9931564,0.0,5.508641,5.70643,10.488073,12.08117,16.91573,17.778212,20.160673,18.885962,13.085536,14.409786,9.372986,13.5275135,11.178033,14.358115,15.4691305,16.000107,18.794374,22.84525,25.360413,24.240456,21.241596,20.556149,20.325268,16.782675,19.828245,16.320276,21.446045,20.298481,24.27317,25.421104,29.082651,30.25255,33.678356,33.07515,37.89297,38.414238,38.308174,35.52583,38.126595,38.479935,40.39637,35.716957,39.506428,38.855373,41.4283,37.154713,40.7836,39.979538,39.21756,37.38077,34.164974,29.651876,31.068926,25.866928,29.582829,24.438236,28.537086,24.99901,28.68493,27.321817,26.128334,30.392462,29.70087,26.615469,25.04722,22.657604,27.342436,24.0204,28.554918,28.774536,31.945213,33.737133,35.328094,37.361584,36.788055,36.3391,33.80457,31.113115,28.420591,27.045265,22.081055,21.479742,16.916136,16.064865,13.059671,10.633864,11.085464,13.309296,14.240687,16.08343,19.245213,20.85235,24.537926
19,24.919838,23.48569,19.542812,17.216133,17.670364,12.327538,15.581805,11.080193,13.738328,11.538316,14.695876,15.276248,18.504366,18.915945,18.262623,14.68377,10.2730665,6.861036,5.508641,0.0,5.0406384,6.6059365,9.066193,13.291946,13.373771,15.200229,14.789191,8.990658,11.885039,6.890516,13.384282,13.138131,17.047255,18.162277,19.977875,22.225529,26.084372,27.801506,25.918852,22.749695,21.159304,20.292727,16.104406,18.322025,13.575358,18.304287,16.191166,19.975285,20.782707,24.098185,25.311996,28.495016,27.840424,32.695625,33.519363,33.538162,31.065016,33.92859,34.498684,36.82557,32.204624,36.444355,36.188313,38.64054,34.18545,37.657047,36.78905,35.52099,33.451817,30.022263,25.695349,27.80891,22.749231,26.931627,22.353409,26.746117,23.894682,27.827919,27.071356,26.69328,30.938332,29.33957,26.04064,23.824183,20.871117,25.112064,20.927147,25.051926,24.726833,27.611248,29.056982,30.346457,32.34828,31.820164,31.188442,28.935047,26.496109,23.904959,22.861113,17.514446,18.018215,13.08751,13.23333,10.888026,9.290489,11.120316,12.246282,15.233705,14.954047,19.099934,20.18446,24.265678
20,26.927746,26.014498,22.440496,20.266449,21.390663,16.247381,19.795156,15.805054,18.08655,16.140348,18.610071,19.161959,21.549297,21.434727,20.592318,16.041134,12.257211,10.002925,5.70643,5.0406384,0.0,6.18017,6.545043,11.464312,12.790083,15.811828,14.644004,9.84778,11.603132,8.236784,12.61407,13.900629,16.139372,18.837446,19.217999,22.62642,26.70714,28.358475,27.171795,23.703432,23.214273,21.62883,18.493279,19.935476,15.68727,20.122211,17.689077,22.033453,21.821615,25.638552,27.736439,31.028715,30.949738,35.742737,36.819447,37.341053,35.121845,38.12092,39.023804,41.436172,36.47223,40.714832,40.326897,42.528675,37.81274,41.065796,39.784172,38.482285,36.196777,33.007076,28.752384,30.79758,25.901802,30.258022,25.804123,30.45604,27.683168,31.659575,31.02929,30.135,34.548363,33.325275,29.818945,27.968683,24.885933,29.311613,24.92188,29.131378,28.54629,31.451128,32.867397,34.011112,36.264946,35.93342,35.03217,33.099674,30.882084,28.213068,27.414436,21.53916,22.629774,16.936565,17.872334,14.704471,12.359386,14.584661,16.460176,18.977325,19.670422,23.526999,24.816954,28.793278
21,20.933582,20.37106,16.912241,15.387362,17.304201,12.60331,17.370148,14.821621,18.152357,17.108288,20.720272,21.664293,25.038397,25.506916,24.64732,20.90828,16.464643,13.458272,10.488073,6.6059365,6.18017,0.0,5.5348673,7.363869,9.315479,11.996717,13.101841,9.61315,13.3127575,10.808037,16.656904,18.823187,21.7159,24.009727,25.136549,28.09638,32.06145,33.464325,31.725096,28.284056,26.972958,25.220827,21.473078,22.356617,17.074448,20.724985,16.88241,20.765894,19.459818,22.530287,24.979471,27.570698,27.308641,32.122536,33.88819,34.44528,32.75373,36.051296,36.96311,39.86134,35.424496,40.13957,40.295197,42.48262,37.765945,40.856804,39.635033,37.680614,35.12644,31.64077,27.790937,30.754099,26.157974,30.854557,27.053043,31.713648,29.482962,33.515263,33.116802,33.030922,37.250515,35.305885,31.9152,29.414606,26.121708,29.910397,24.942196,28.439352,27.237686,29.559746,30.285154,30.771595,32.618782,32.002552,30.507198,28.760048,26.856018,24.048222,23.767038,17.182314,19.719559,13.211145,16.003666,12.963432,11.324943,14.970737,16.149431,20.511976,19.979685,24.386164,25.676416,29.794283
22,23.471773,22.747751,20.163263,17.637264,19.552969,15.285698,19.091331,16.997253,19.332396,19.05268,21.799633,23.420502,25.914246,26.61004,26.417938,21.868649,18.254358,14.995798,12.08117,9.066193,6.545043,5.5348673,0.0,5.780742,6.787885,10.533386,9.605054,7.479578,9.748666,9.592008,13.466402,17.860706,19.574308,23.05652,23.849405,27.266771,31.186874,31.854176,30.38051,26.634472,26.053362,23.267391,20.572926,20.227787,15.4720335,18.519684,14.610252,19.005186,17.090681,20.933914,24.049932,27.109083,27.696552,32.301174,33.934593,35.19276,33.669285,37.025047,38.574604,41.472523,36.261734,40.90166,40.824303,42.55368,37.45624,40.202446,38.433033,36.520733,33.78216,30.70414,26.925793,29.646524,25.345583,30.218979,26.775124,31.807663,30.003357,34.15775,34.36741,33.89584,38.36304,36.506653,32.64061,30.513039,26.818802,30.732183,25.374252,28.98533,27.506483,29.988813,30.952091,31.587717,34.11897,34.192165,32.923485,31.84668,30.290552,27.913414,27.780046,21.460663,24.290373,18.267406,20.612783,18.054764,16.357956,19.459211,20.667967,24.248709,23.63397,28.010603,28.7667,32.95014
23,19.654493,19.716118,17.845371,16.227627,19.12915,15.868445,20.422796,19.704998,22.620096,22.875614,26.220596,27.930435,30.936779,31.787273,31.396152,27.18042,23.173853,19.871605,16.91573,13.291946,11.464312,7.363869,5.780742,0.0,5.4265137,9.132085,10.768688,11.227683,14.173792,14.701131,18.829987,23.515617,25.323673,28.761986,29.602985,33.014523,36.92604,37.51716,35.87709,32.139065,31.257635,28.337996,25.471836,24.686289,19.56357,21.713531,16.739307,20.51482,16.973288,19.989931,23.88283,26.11291,26.830475,31.260702,33.697784,35.209694,34.35012,37.96567,39.619915,42.941143,38.176075,43.157204,43.509277,45.129818,40.022533,42.504803,40.666187,38.16787,35.141987,31.96779,28.732857,32.17408,28.319054,33.38385,30.554564,35.547165,34.153572,38.304005,38.64948,38.631294,42.969692,40.714504,36.948044,34.448467,30.664444,34.082703,28.36691,31.314613,29.259771,31.13381,31.396725,31.296154,33.480072,33.376728,31.418625,30.7503,29.667423,27.237288,27.690046,20.90619,25.00816,18.537987,22.300972,19.727581,18.390373,22.261803,23.22389,27.80038,26.73939,31.327362,32.212273,36.417473
24,18.99009,18.052546,16.717482,13.651322,16.078451,13.390146,16.88183,17.084204,19.372494,20.698715,23.753717,26.214876,29.057583,30.61677,30.998512,26.926844,23.248365,19.186752,17.778212,13.373771,12.790083,9.315479,6.787885,5.4265137,0.0,4.2246804,5.728532,7.8688264,10.911278,12.627294,16.627497,22.060835,24.194485,27.318848,29.103748,31.900568,35.53862,35.458916,33.373337,29.666784,28.40915,25.100359,22.362738,20.793926,15.644411,16.948046,11.625929,15.213232,11.60822,14.90198,18.74137,21.323061,22.361063,26.717834,28.877546,30.676441,29.871902,33.493263,35.544884,38.88178,33.746403,38.72558,39.08524,40.427578,35.193176,37.45919,35.465706,32.882412,29.80092,26.726706,23.613178,27.138569,23.607653,28.744438,26.480543,31.533354,30.739994,34.891125,35.833233,36.051167,40.360413,37.7433,33.771244,31.248814,27.190557,30.272419,24.244528,26.921238,24.596287,26.439177,26.813385,26.880428,29.538448,29.986235,28.484243,28.2912,27.45111,25.590223,26.092192,19.997269,24.236305,18.815079,21.946693,20.542362,19.79726,23.167536,23.488571,27.894142,25.814438,30.535795,30.675718,34.93065
25,16.793226,15.224688,14.55054,10.776246,13.055121,11.557684,14.338101,15.94992,18.053186,20.280884,23.425589,26.295263,29.347965,31.429895,32.1715,28.571941,24.911312,20.468441,20.160673,15.200229,15.811828,11.996717,10.533386,9.132085,4.2246804,0.0,5.7223535,8.808398,12.133771,13.94607,18.274551,23.504925,26.182186,28.68935,31.242157,33.43731,36.846443,36.454636,33.909588,30.37265,28.514519,25.249098,22.283712,20.386307,15.121214,15.499648,9.770014,12.353255,8.413828,11.01715,14.768452,17.135921,18.192684,22.504612,24.78007,26.69109,26.156975,29.86058,32.101627,35.608925,30.598375,35.711025,36.323177,37.526962,32.339073,34.423214,32.485012,29.5914,26.436058,23.257658,20.486553,24.452642,21.34281,26.476704,24.870369,29.758196,29.518047,33.574192,34.879856,35.568523,39.688133,36.623806,32.7042,29.94733,25.808163,28.306734,22.078346,24.139381,21.433403,22.905289,22.994211,22.854315,25.58365,26.259958,24.851486,25.083147,24.584759,23.164507,23.909683,18.410824,23.072865,18.568377,21.62831,21.179722,21.079954,24.258108,23.964798,28.595821,25.603544,30.393633,30.08203,34.291283
26,22.486727,20.69389,19.723423,15.440504,16.756084,14.475608,16.033796,16.519867,17.480654,19.69191,21.813177,24.977802,27.108517,29.210217,30.443735,26.30162,23.406816,19.006575,18.885962,14.789191,14.644004,13.101841,9.605054,10.768688,5.728532,5.7223535,0.0,6.280099,7.4123554,11.20833,13.58255,20.02112,21.886093,24.973715,27.367104,29.685616,32.97073,32.082073,29.803213,26.109009,24.920422,20.971357,18.974546,16.253088,11.761166,11.94828,6.8016353,10.739144,7.8620977,12.316233,15.778298,19.262411,20.86705,24.963282,26.36375,28.542566,27.55838,31.006096,33.54813,36.650883,30.78733,35.511143,35.591263,36.5449,31.089727,33.112812,30.778269,28.421955,25.360704,22.665838,19.491253,22.579216,19.368938,24.482023,22.696499,27.872332,27.630163,31.746376,33.339527,33.436146,37.782833,35.10008,30.815857,28.616287,24.313438,27.274092,21.126286,23.825062,21.467293,23.596079,24.504646,25.137089,28.53486,29.732775,29.013113,29.203245,28.461811,27.204508,27.506075,22.398638,26.052397,21.761436,23.726578,23.157757,22.611515,25.202164,25.224976,28.817724,26.265942,30.837963,30.236712,34.43435
27,23.482395,21.492064,19.122345,15.026697,15.621544,11.696921,13.4974985,11.842129,13.047801,14.139077,16.40754,19.12555,21.47029,23.282104,24.25917,20.256304,17.18992,12.73416,13.085536,8.990658,9.84778,9.61315,7.479578,11.227683,7.8688264,8.808398,6.280099,0.0,4.831257,5.2338147,10.115507,14.707213,17.573748,19.909811,22.532621,24.63651,28.099934,27.982231,25.66955,22.06483,20.574951,17.587494,14.548994,13.650349,8.350716,11.301634,7.876003,12.276178,12.40748,16.421535,18.326845,22.032284,22.538351,27.090042,27.929285,29.1112,27.244652,30.42307,32.220562,34.931072,29.262058,33.777805,33.59696,35.174362,30.01806,32.763397,31.049463,29.319468,26.765593,23.702461,19.697569,22.205103,17.871635,22.77464,19.62263,24.743715,23.497063,27.681763,28.565062,28.445496,32.86079,30.52641,26.419952,24.24025,20.217306,23.870764,18.26345,21.874928,20.461054,23.215769,24.650726,25.868155,28.88731,29.510128,29.096664,28.246515,26.73217,25.065575,24.727098,19.687746,22.055058,17.858438,18.826752,18.114523,17.419865,19.474495,19.62845,22.73356,20.609734,25.054848,24.71358,28.921873
28,27.950119,25.89984,23.820265,19.48572,19.791834,16.163214,16.925848,15.028638,14.956771,16.09012,17.019848,19.971018,21.144245,22.958881,24.493979,19.976032,17.977966,13.932746,14.409786,11.885039,11.603132,13.3127575,9.748666,14.173792,10.911278,12.133771,7.4123554,4.831257,0.0,5.845117,6.23624,12.9279585,14.536359,17.71597,20.100197,22.36858,25.657639,24.885578,22.90283,19.091993,18.504364,14.597198,13.023334,10.986006,7.3433185,9.876695,8.21707,12.774075,13.461635,18.052914,19.93737,24.121407,25.173277,29.392694,29.735468,31.267931,29.285957,32.237595,34.367744,36.773552,30.494467,34.603786,33.997036,35.230618,29.906143,32.43971,30.337141,29.052973,26.601494,24.102127,20.068436,21.70647,17.608913,22.258846,19.184313,24.418892,23.325756,27.447853,28.69721,27.990116,32.555912,30.604675,26.195456,24.654476,20.587423,24.461777,19.133905,23.006174,21.815756,24.863527,26.76246,28.368029,31.85691,32.94881,32.915997,32.305702,30.848425,29.427744,28.961596,24.318417,26.244028,22.371561,22.72181,21.990498,21.00865,22.533377,22.932302,25.018335,23.333746,27.396612,26.74943,30.803757
29,27.341612,25.276901,22.21744,18.420694,18.332027,13.718009,14.936595,11.204693,11.762444,11.332064,12.822654,15.031343,16.906006,18.333315,19.318562,15.113588,12.470251,8.184572,9.372986,6.890516,8.236784,10.808037,9.592008,14.701131,12.627294,13.94607,11.20833,5.2338147,5.845117,0.0,7.299853,9.656587,13.1515255,14.945609,17.666775,19.614437,23.18249,23.584614,21.460392,17.923098,16.622993,14.4174385,11.064726,11.903225,7.5003915,12.263022,11.218691,15.310056,17.00091,20.97652,22.02802,25.959024,26.03369,30.60779,30.833054,31.459826,28.93949,31.716085,33.046593,35.227657,29.54169,33.575214,32.961506,34.86564,29.987741,33.14904,31.773216,30.762138,28.683578,25.71522,21.281603,22.822212,17.930046,22.251194,18.01085,22.926281,20.773659,24.900064,25.226055,24.540266,29.078827,27.344748,23.320023,21.564133,17.945082,22.299723,17.62952,22.006058,21.554274,24.807907,26.801321,28.579037,31.47431,31.889584,31.8917,30.412052,28.371141,26.555874,25.629473,21.092236,21.937304,18.226065,17.77497,16.90401,15.880449,16.900932,17.381311,19.202648,17.926586,21.909645,21.695162,25.77294
30,33.58892,31.512756,28.95513,24.78705,24.644173,20.54937,20.828745,17.544235,16.623663,16.552277,15.994633,18.359983,18.125292,19.372265,21.193289,16.231092,15.684063,12.784613,13.5275135,13.384282,12.61407,16.656904,13.466402,18.829987,16.627497,18.274551,13.58255,10.115507,6.23624,7.299853,0.0,8.28932,8.462533,12.361307,14.273174,16.730156,20.000814,19.262024,17.94277,13.992137,14.728922,10.947861,10.776865,9.847173,9.085256,12.489901,13.376837,17.382477,19.247078,23.809525,25.061644,29.478807,30.33804,34.474426,34.195534,35.388115,32.862843,35.373188,37.215042,39.029266,32.571026,36.012314,34.821724,36.160694,31.101913,33.85782,31.907518,31.508709,29.570065,27.43915,23.154837,23.528334,19.234959,23.014662,19.119526,23.995125,22.175617,26.05188,26.942375,25.289621,29.966555,28.91838,24.532854,23.851782,20.319807,24.772442,20.61162,25.08489,24.80288,28.287504,30.752672,32.894356,36.402145,37.454422,37.82302,36.78565,34.93829,33.443066,32.50732,28.282888,28.991108,25.503756,24.7279,23.777727,22.410627,22.949316,23.768835,24.271358,23.680986,27.00027,26.3862,30.106493
31,36.458916,34.217934,30.782955,27.1304,26.243458,21.672644,21.5576,16.574276,15.299935,13.111818,11.290101,12.0717325,10.906681,11.278561,13.173878,8.492797,9.566861,8.441944,11.178033,13.138131,13.900629,18.823187,17.860706,23.515617,22.060835,23.504925,20.02112,14.707213,12.9279585,9.656587,8.28932,0.0,5.875459,5.335168,8.925353,9.961372,13.583398,14.70522,13.330034,10.089366,10.305168,10.091726,8.41518,11.95919,11.959239,16.672102,18.632282,21.966661,25.202524,29.221895,29.325882,33.600933,33.474598,37.77019,36.965946,37.079865,33.781216,35.7534,36.61742,37.753906,31.94584,34.7619,33.238117,35.312416,31.055092,34.52142,33.52099,33.856895,32.61688,30.242388,25.618309,25.262598,20.380548,23.050308,17.767643,21.640614,18.268332,21.737583,21.322529,19.018978,23.650682,23.506058,19.729788,19.540916,17.19009,22.182198,19.835835,24.797852,25.77476,29.53797,32.360493,34.955875,37.894096,38.364735,39.13031,37.15241,34.644554,32.975647,31.352057,28.049858,26.867142,24.509357,22.02671,21.329739,20.04203,18.956884,19.837027,18.35838,18.87946,21.108274,20.710024,23.939936
32,40.437702,38.423622,35.23446,31.495996,30.995161,26.439217,26.575714,21.983644,20.689817,18.923994,16.95571,17.700733,15.623225,15.310036,17.009401,11.8843155,13.862049,13.587761,14.358115,17.047255,16.139372,21.7159,19.574308,25.323673,24.194485,26.182186,21.886093,17.573748,14.536359,13.1515255,8.462533,5.875459,0.0,6.2979064,5.99541,9.230658,12.734741,13.182244,13.495422,10.063604,12.959287,11.515003,12.538394,14.250149,15.448534,19.317158,21.35164,24.961283,27.568348,32.00005,32.69176,37.147682,37.573895,41.73738,40.97268,41.57397,38.469864,40.47826,41.70942,42.826458,36.636917,39.269043,37.51506,39.185715,34.770687,37.873848,36.408054,36.92069,35.595543,33.664352,29.215916,28.535135,24.12171,26.694529,21.92217,25.774418,22.801872,26.006836,25.891176,22.992275,27.507294,27.930296,24.10554,24.497637,22.172224,27.022312,24.625341,29.485353,30.23545,34.001553,36.874096,39.43865,42.697334,43.447845,44.11964,42.430367,40.080406,38.386486,36.912838,33.180134,32.418026,29.438925,27.458075,26.191387,24.457422,23.705206,25.05396,23.446339,24.600933,26.654728,26.395336,29.421862
33,41.569042,39.204384,35.719193,32.04812,30.845823,26.450788,25.764526,20.733051,18.815256,16.452063,13.353063,13.362517,10.087625,9.686812,12.373875,8.718769,12.160664,12.620052,15.4691305,18.162277,18.837446,24.009727,23.05652,28.761986,27.318848,28.68935,24.973715,19.909811,17.71597,14.945609,12.361307,5.335168,6.2979064,0.0,6.235709,4.849407,8.252649,9.917218,9.33292,6.952536,8.778555,10.295523,10.425935,14.289001,16.018835,20.142971,23.05487,25.968803,29.7486,33.712383,33.398277,37.770058,37.593178,41.683758,40.39418,40.30911,36.73159,38.27154,38.952747,39.5398,33.766056,35.851376,33.873127,35.92102,32.118656,35.596355,34.800266,35.819324,35.029186,33.029118,28.498695,27.255842,22.720873,24.382126,19.07425,22.0207,18.340912,21.078142,20.36835,17.1091,21.501673,22.402973,19.005575,19.864346,18.430197,23.257444,22.214863,27.106443,28.665712,32.52331,35.661537,38.58801,41.55255,42.112724,43.252335,41.153854,38.52777,37.023396,35.16326,32.493835,30.60907,28.943851,25.788168,25.34231,24.112286,22.286472,23.151068,20.30693,21.426043,22.611006,21.976208,24.487267
34,44.465004,42.548294,38.938457,35.61558,34.964443,30.174372,30.41641,25.187517,23.998123,21.223848,18.888243,18.273228,15.442071,13.583511,14.566529,10.079644,13.710667,15.399975,16.000107,19.977875,19.217999,25.136549,23.849405,29.602985,29.103748,31.242157,27.367104,22.532621,20.100197,17.666775,14.273174,8.925353,5.99541,6.235709,0.0,5.6334133,9.331414,12.039667,13.640908,11.575001,14.80265,15.401864,16.132866,19.144455,20.450481,24.638435,26.816994,30.312355,33.174553,37.48598,37.907223,42.28293,42.338074,46.58458,45.66678,45.81368,42.40295,44.1463,44.86402,45.599094,39.85386,42.064075,40.105774,42.104877,38.203403,41.567642,40.530064,41.422676,40.40757,38.426975,33.897583,32.904938,28.38557,30.363247,25.164951,28.248173,24.541557,27.177925,26.116133,22.605556,26.73041,28.167973,25.05614,25.938387,24.539461,29.427214,28.087664,33.02609,34.31519,38.140186,41.114136,43.81664,46.77202,47.18957,47.94492,45.772526,43.095676,41.21893,39.429516,36.01324,34.330288,31.703957,29.075623,27.59247,25.709908,24.14348,25.804462,22.87462,25.308279,26.391848,26.582804,29.007359
35,46.108765,43.803623,40.16846,36.66997,35.414803,30.966698,30.280153,25.075861,23.138828,20.413788,17.050516,16.20806,12.130626,10.453618,12.7392435,10.191434,14.758822,16.43075,18.794374,22.225529,22.62642,28.09638,27.266771,33.014523,31.900568,33.43731,29.685616,24.63651,22.36858,19.614437,16.730156,9.961372,9.230658,4.849407,5.6334133,0.0,4.182413,8.077489,9.37473,8.710332,11.54765,13.948002,14.802183,18.629408,20.814587,24.76039,27.866749,30.707731,34.552628,38.533184,38.13141,42.50995,42.264046,46.3015,44.83248,44.58165,40.852024,42.145744,42.59583,42.830795,37.27537,38.87985,36.646217,38.737537,35.34836,38.830738,38.21434,39.627743,39.0921,37.274055,32.81371,31.170197,26.85179,27.939838,22.692726,24.909975,21.000813,23.039597,21.805138,17.887747,21.741856,23.688807,20.939737,22.453476,21.796337,26.40393,26.205963,30.998533,32.87902,36.7429,39.987988,43.035316,45.91274,46.391777,47.64439,45.3528,42.585644,41.039886,39.01149,36.574093,34.18758,32.74288,29.258493,28.67107,27.321392,25.041245,26.11203,22.330986,24.30862,24.67394,24.242142,26.118841
