,0,1,2,3,4,5,6,7,8,9,10,11,12,13,14,15,16,17,18,19,20,21,22,23,24,25,26,27,28,29,30,31,32,33,34,35,36,37,38,39,40,41,42,43,44,45,46,47,48,49,50,51,52,53,54,55,56,57,58,59,60,61,62,63,64,65,66,67,68,69,70,71,72,73,74,75,76,77,78,79,80,81,82,83,84,85,86,87,88,89,90,91,92,93,94,95,96,97,98,99,100,101,102,103,104,105,106,107,108,109
0,0.0,4.372402,6.804197,9.982912,11.445338,13.944166,16.309803,20.687109,23.147245,26.269285,30.419798,34.334896,32.61442,31.157211,26.79937,25.271172,21.21703,21.70214,16.891554,15.6230755,15.340308,13.279002,16.572704,18.014788,18.675795,22.286123,21.111074,22.620184,20.649313,20.31071,21.992146,20.677479,28.010891,23.510784,28.34326,27.304127,30.413746,32.171703,28.971407,27.403698,30.647207,28.780117,28.067314,29.671354,28.550007,28.498877,30.254883,31.015985,29.875805,33.560505,32.277264,29.360428,34.033024,36.215435,32.1797,33.057995,37.657974,36.169846,34.524937,37.592773,41.573223,37.57844,38.670155,42.411884,43.372864,39.59503,39.174667,40.213894,35.097885,32.711037,30.436527,25.734516,24.144293,19.561565,20.039764,16.44651,14.734283,18.075424,12.354065,16.23398,12.776348,15.503133,16.228125,18.372343,16.144789,20.494373,15.810328,21.262926,22.155462,23.406746,26.945816,28.56561,33.243618,32.510136,36.936707,35.849148,32.497757,33.68861,28.37988,29.782677,26.248016,24.905327,25.163685,23.280857,24.246702,29.075169,27.378708,31.14633,33.904533,34.456486
1,4.372402,0.0,4.5876756,6.446332,7.1062155,10.352607,12.018263,16.868559,18.940123,22.295311,26.254898,30.27813,28.770796,27.224648,23.118435,21.243216,17.32863,17.46698,13.221418,11.537982,11.938772,10.316941,13.902736,15.9749365,17.746817,20.53354,18.786154,20.075172,17.146795,17.154604,17.95442,16.97781,24.078146,19.991636,24.720037,23.972021,27.260683,28.786505,25.719675,24.102118,26.921703,25.310131,24.113863,25.918995,25.389809,24.989447,27.386518,28.102293,27.050467,30.40253,28.962217,25.879303,30.666443,32.59789,28.306524,29.430765,33.844486,32.12708,30.458115,33.659096,37.502945,33.33688,34.568466,38.26473,39.11333,35.4957,34.96995,36.21722,31.080004,28.85777,26.556591,21.87783,20.565243,15.77648,17.085194,13.246897,12.75501,16.329336,11.473132,16.392702,13.406765,15.140895,15.165907,16.412136,13.470817,17.358736,12.25571,17.260033,18.127972,19.12658,22.71034,24.297424,28.986021,28.446344,32.75567,31.532372,28.171494,29.326506,24.009567,25.502619,22.014849,20.96716,21.67085,19.881857,21.157381,25.874588,23.597878,27.384634,29.938953,30.351326
2,6.804197,4.5876756,0.0,5.14326,7.2485394,7.4648676,11.634674,14.864903,17.738768,20.640467,24.615862,28.825129,26.427532,24.842573,20.395124,19.093946,14.865302,16.134056,10.836984,11.554996,11.358841,11.112794,15.599461,16.941494,19.084694,21.53,20.614285,20.633083,17.90047,16.73249,17.64923,14.945574,21.969978,16.986023,21.788193,20.528423,23.698734,25.60371,22.66243,21.443659,24.690346,23.570526,23.124125,25.418669,25.25727,25.435621,27.7758,29.226822,28.9605,31.749268,29.713026,27.258133,32.353264,33.46914,29.205318,31.23101,35.04907,32.749073,31.562454,35.081055,38.275673,33.846066,35.798916,39.3324,39.762524,36.750206,35.682034,37.435955,32.100548,29.99991,28.079903,23.139706,22.66993,17.77693,20.063313,16.523352,16.689747,20.562105,16.00656,20.973524,17.726528,19.156109,18.742188,19.925869,16.8058,20.099506,15.088618,18.870308,19.932621,19.944782,23.502983,24.151012,29.120127,28.47176,32.62862,31.213718,27.612068,29.20112,23.899008,26.211994,22.80532,22.8143,24.069033,22.726398,24.37557,28.88918,25.780506,29.547642,31.644558,31.62658
3,9.982912,6.446332,5.14326,0.0,4.447768,6.1917715,9.28066,13.759037,15.304974,19.02317,22.011707,26.88815,24.715334,22.564901,18.92976,16.474916,12.337252,12.562006,7.0991955,6.7533135,6.2698116,6.5762873,11.245888,12.734708,15.802252,17.360582,16.262142,15.873767,12.857269,11.710511,12.754403,10.701505,18.152212,14.06737,18.884783,18.72198,21.504835,22.738575,19.428513,17.681786,20.68399,19.011662,18.358156,20.38371,20.179686,20.306746,22.765938,24.263887,24.273026,26.784985,24.612017,22.359907,27.551596,28.427034,24.327673,26.671179,30.26038,27.972836,27.12555,30.650238,33.623684,29.507256,31.748629,35.29719,35.8417,33.29223,32.5412,34.68866,29.617266,28.036846,25.724094,21.345827,20.945076,15.946592,19.094696,14.770473,16.531565,19.089846,15.566028,20.8563,17.46775,17.585762,16.308779,16.909437,13.676736,16.222996,11.958228,14.737426,16.675755,16.6571,20.456942,21.50348,26.316084,26.510418,30.22244,28.20848,24.58925,25.706575,20.227558,22.63564,18.604956,18.949543,20.031574,19.470741,21.783491,25.939035,22.719463,25.988142,28.130947,27.62857
4,11.445338,7.1062155,7.2485394,4.447768,0.0,5.924913,5.427502,11.237811,12.254007,16.148138,19.4843,23.889164,22.604626,20.786701,17.321156,14.66103,11.107681,10.458513,7.7895904,5.524429,7.8905935,8.277343,11.928339,14.686342,18.23927,19.268799,16.885191,17.248947,12.564557,13.024172,11.646671,11.169234,17.523354,14.379195,18.741009,18.651783,22.117273,23.151974,20.418482,18.788855,20.72388,19.750662,17.708956,20.03736,20.840229,19.907925,23.479683,24.300955,23.713474,26.147573,24.254078,21.14349,26.139791,27.284193,22.57936,24.50159,28.27615,25.948748,24.442907,27.980497,31.307478,26.784903,28.556538,32.101887,32.62498,29.583517,28.737509,30.598396,25.442858,23.700596,21.443703,16.941656,16.581398,11.5960045,15.063088,11.219311,13.542414,16.800535,14.199692,19.74601,17.524586,17.629915,16.471523,16.07637,12.243429,14.381914,9.182408,11.867358,12.86254,12.818864,16.516048,17.767979,22.535019,22.510277,26.434948,24.77959,21.315214,22.456652,17.079248,19.072035,15.634322,15.7209015,17.520666,16.299942,18.341913,22.491188,18.862276,22.502495,24.468468,24.38126
5,13.944166,10.352607,7.4648676,6.1917715,5.924913,0.0,6.7763505,8.16757,10.979545,13.775382,17.35058,21.86409,19.157406,17.395327,13.152294,11.664988,7.434287,9.426419,5.3216934,8.562303,9.687076,11.804464,16.155704,17.844084,21.496105,22.280256,20.996883,19.869196,15.729437,14.511077,13.091018,9.449995,15.18011,10.342223,14.833375,13.680807,17.349632,19.078503,16.777412,15.969353,18.384048,18.581703,17.623028,20.817694,22.331354,22.184519,25.64481,27.387608,27.753735,29.433847,26.819006,24.590254,29.794954,29.844028,25.232231,28.255949,31.145117,28.018398,27.133272,31.01749,33.402634,28.470621,31.15333,34.366207,34.22626,31.986208,30.264688,32.706783,27.327068,25.677446,24.181337,19.373549,20.212866,15.564484,19.622726,16.664017,18.75451,22.669725,19.793406,25.285181,22.743368,23.088758,21.84163,21.70208,17.967335,19.64609,14.85078,16.039616,16.911573,15.377216,18.63925,18.173147,23.256363,22.836792,26.54222,24.792667,21.034119,22.986597,17.906425,21.085602,18.220022,19.769358,22.24051,21.411575,23.56508,27.403234,22.894484,26.486544,27.707697,27.162205
6,16.309803,12.018263,11.634674,9.28066,5.427502,6.7763505,0.0,7.0367107,7.1124883,11.065532,14.566378,18.596523,17.92469,16.4253,13.351609,10.585733,8.182371,6.918365,8.419244,7.1037927,10.851405,12.405719,15.271533,18.349129,22.514347,22.61132,19.714527,19.720222,13.8270235,14.927391,10.781022,10.8732605,14.9269905,12.880847,16.290436,16.244553,20.288568,21.10996,19.309067,18.13559,18.795769,19.19687,16.04238,19.119032,21.554775,19.890438,24.615265,25.257452,24.748083,26.383862,24.337732,20.96028,25.738197,26.328371,21.072428,23.326479,26.523268,23.609556,21.805674,25.575237,28.572905,23.359652,25.249144,28.534136,28.595734,25.650938,24.15318,26.220798,20.875929,19.21476,17.45888,12.803666,13.660131,9.210606,14.005702,11.689776,14.9833975,18.759428,17.568312,23.049025,21.823456,21.672081,20.36203,18.964209,14.885383,15.63708,10.63298,10.8783245,10.554068,8.932703,12.1713,12.566875,17.495453,17.257942,21.16828,19.692207,16.22663,17.77909,12.697007,15.005246,12.776865,13.894403,17.13959,15.758825,17.70221,21.24151,16.32569,20.156105,21.250353,21.190216
7,20.687109,16.868559,14.864903,13.759037,11.237811,8.16757,7.0367107,0.0,5.1288123,5.8807483,10.751066,14.095967,12.069933,11.347329,7.0921845,6.8327103,5.693227,7.773766,10.348306,12.7697315,15.578345,18.117939,21.498005,23.92036,28.193306,28.065466,25.864965,24.79768,19.245567,19.204193,14.674935,12.366223,13.670102,10.925588,13.110966,11.545137,16.397871,17.879496,17.488989,17.587025,17.80738,20.2252,17.717777,21.75801,25.311453,24.106596,28.965767,30.263716,30.488457,31.29865,28.680016,26.00398,30.721975,30.20781,24.981241,28.146187,30.278341,26.491472,25.131159,29.141935,31.055809,25.22211,27.880724,30.566181,29.675863,27.557106,24.739717,27.303646,21.78946,20.186903,19.82011,15.067586,17.567047,14.294545,19.082659,18.134953,20.87949,25.488426,24.10745,29.551891,28.326294,28.515892,27.236916,25.965559,21.905155,22.356653,17.628435,16.809961,15.961228,12.775723,14.598224,12.143061,17.154556,15.90954,19.541912,18.42355,14.82633,17.736744,13.81245,17.264563,16.62741,19.176968,23.14485,21.935595,23.674809,26.705471,20.922535,24.64465,24.595531,24.259481
8,23.147245,18.940123,17.738768,15.304974,12.254007,10.979545,7.1124883,5.1288123,0.0,4.8091497,7.5087066,11.724906,11.280629,9.920137,8.229662,5.2022376,6.360365,5.0941625,11.113442,11.882919,15.288148,17.928335,20.339354,23.068493,27.725634,26.799116,24.074196,23.07353,16.947227,17.807774,11.82904,11.617778,11.315265,11.263975,12.530974,12.791077,17.025703,17.395714,17.071877,16.725136,15.646774,18.099928,14.330602,18.294733,22.583458,20.682428,26.163939,27.056517,27.230492,27.554651,25.047737,22.211653,26.616678,25.89255,20.534723,23.790054,25.549994,21.653534,20.229525,24.258032,26.017036,20.110003,22.878365,25.507061,24.627968,22.790918,20.125673,23.097984,17.837553,16.906534,16.227089,12.399048,15.270279,12.607967,18.009438,17.05812,20.9157,24.471786,24.249966,29.603899,28.705542,28.14417,26.490925,24.50811,20.562086,19.938288,16.176348,13.628048,12.714898,8.780765,10.223423,7.707877,12.719739,12.633999,15.735884,13.929582,10.207939,12.7474985,8.699235,12.387546,12.117962,15.35781,19.707836,18.990925,21.030642,23.36601,17.221304,20.440577,20.041649,19.363344
9,26.269285,22.295311,20.640467,19.02317,16.148138,13.775382,11.065532,5.8807483,4.8091497,0.0,5.962444,8.2212925,7.5009604,7.696193,5.9403987,6.147048,8.696184,9.333932,14.640663,16.4717,19.624313,22.392609,25.064323,27.665262,32.279736,31.420494,28.860987,27.652567,21.675426,22.19385,16.344421,15.209824,13.329271,13.110532,13.166303,12.317494,16.90328,17.653633,18.503742,18.99308,17.532736,21.146894,17.782793,22.008461,26.73658,24.9648,30.474958,31.518354,31.831171,31.858341,29.246258,26.594055,30.77808,29.676373,24.376791,27.726978,28.994717,24.799747,23.392939,27.34521,28.586546,22.37087,25.185547,27.310135,25.796808,24.251163,20.65035,23.61186,18.36955,17.33841,17.820848,14.071653,17.701826,15.855494,20.865211,20.863844,24.215477,28.457064,28.145643,33.446495,32.778896,32.559742,31.077545,29.14365,25.145325,24.603878,20.638077,18.225355,16.723341,12.634447,12.902815,8.624492,12.946069,11.598661,14.485642,13.522988,10.199632,13.790045,11.454376,15.011316,16.104855,19.471575,24.090742,23.110403,24.750067,26.853523,20.453646,23.70087,22.599516,22.102018
10,30.419798,26.254898,24.615862,22.011707,19.4843,17.35058,14.566378,10.751066,7.5087066,5.962444,0.0,6.286917,6.0114164,4.685723,7.7411532,6.23483,10.564054,10.001722,16.391537,18.111729,20.92648,24.097073,26.110443,28.386913,33.269672,31.513828,29.142408,27.28517,21.569962,22.058527,15.751446,15.326273,10.520544,13.125417,11.321914,12.303882,15.597407,15.107201,16.649065,17.228785,14.225666,18.63403,14.986196,19.175789,24.76405,22.939749,28.582285,29.755829,30.67234,29.726704,26.857199,24.929642,28.723932,26.607279,21.755243,25.880302,25.941925,21.264812,20.687704,24.621386,24.65867,18.58878,22.406864,24.034311,22.042732,22.08316,18.35592,22.394928,18.002958,18.264978,18.636518,16.480719,20.250391,18.898338,24.237652,23.830965,28.0059,31.137325,31.487888,36.75738,35.916065,34.966152,33.007378,30.705465,26.992332,25.47307,22.791132,18.777117,17.96075,13.514115,13.122109,8.511133,11.366997,12.035808,12.805033,10.238248,6.9213076,10.344009,9.376636,13.596007,15.01508,19.51783,24.09278,24.147915,26.287045,27.52714,21.01821,23.161823,21.429592,19.920908
11,34.334896,30.27813,28.825129,26.88815,23.889164,21.86409,18.596523,14.095967,11.724906,8.2212925,6.286917,0.0,6.4731083,8.568967,11.186292,11.831402,15.8342705,15.5988035,21.92797,23.35512,26.55994,29.453848,31.438904,34.081688,38.921505,37.336056,34.542534,33.16981,27.119217,28.065598,21.50601,21.390924,16.713472,18.894855,16.889303,16.874588,20.348686,20.171688,22.409834,23.329021,20.173353,24.832388,20.971786,24.954012,30.710268,28.459753,34.378513,35.131405,35.59118,34.63313,32.124737,29.730516,33.010124,31.134214,26.157734,29.55802,29.50196,25.001421,23.729088,27.26243,27.30579,21.012321,23.886171,24.87789,22.315836,22.021423,17.282911,20.743898,16.654707,16.810541,18.586197,16.93388,21.2734,21.138063,25.855082,26.765081,30.492805,34.23071,34.942085,39.99874,39.864475,39.25604,37.595562,35.07252,31.279875,29.783997,26.787777,23.05256,21.103073,16.788908,15.149752,9.792424,10.797262,9.662134,9.691735,9.368788,8.012195,11.887271,13.127731,15.896633,19.079056,22.976513,27.90554,27.284573,28.706459,29.559307,22.95292,25.220682,22.711462,21.982363
12,32.61442,28.770796,26.427532,24.715334,22.604626,19.157406,17.92469,12.069933,11.280629,7.5009604,6.0114164,6.4731083,0.0,3.8546515,6.355189,8.873168,12.6572485,14.136813,19.025965,22.150763,24.56173,27.908232,30.59261,32.569225,37.303238,35.90627,34.01363,31.811747,26.474785,26.181997,20.6275,18.508749,13.72292,14.594783,12.117379,11.154042,14.569355,15.023979,17.716162,19.305021,16.909529,22.0773,19.690983,24.07229,29.463951,28.242134,33.48865,35.124,36.299263,35.383984,32.279858,30.677563,34.620914,32.281628,27.617653,31.880718,31.822838,27.035166,26.643414,30.528702,30.22674,24.223215,28.050846,29.363823,26.96485,27.20023,22.904806,26.671644,22.276707,22.128199,23.257755,20.56852,24.55109,23.124823,28.207794,28.141706,31.683672,35.658173,35.362,40.73471,39.737667,39.277863,37.510513,35.589916,31.7251,30.740562,27.428442,24.165102,23.193167,18.811222,18.460596,13.426268,15.998204,15.218213,15.944991,14.572871,12.062972,15.799895,15.340177,19.365461,20.89449,25.200943,29.790815,29.527842,31.439758,32.97326,26.411552,28.885012,27.029095,25.756363
13,31.157211,27.224648,24.842573,22.564901,20.786701,17.395327,16.4253,11.347329,9.920137,7.696193,4.685723,8.568967,3.8546515,0.0,5.482549,6.218334,10.260326,11.507814,16.342928,19.606018,21.69403,25.225489,27.783234,29.490072,34.26275,32.6249,31.001598,28.453156,23.421553,22.848455,17.514652,15.243551,9.9094515,11.414814,8.589986,8.746625,11.797962,11.763815,14.170525,15.599395,13.066929,18.24109,16.089535,20.49625,25.836649,24.879631,29.916283,31.784422,33.28245,32.233498,28.936811,27.7269,31.816645,29.232273,24.7963,29.463507,29.285799,24.434658,24.530039,28.523174,28.050396,22.317965,26.646507,28.169538,26.019857,26.617432,22.83563,26.970068,22.617815,22.729618,23.18498,20.58059,24.242062,22.34172,27.710032,26.92101,30.808306,34.222073,33.885475,39.320538,37.948597,37.168858,35.173187,33.312607,29.580477,28.436117,25.544224,21.96548,21.693043,17.350817,17.516499,13.046578,15.997126,16.256636,16.938364,14.517762,11.480253,14.716565,13.51222,18.042486,18.695765,23.320269,27.623114,27.863197,30.17974,31.739279,25.316858,27.515062,25.969595,24.214712
14,26.79937,23.118435,20.395124,18.92976,17.321156,13.152294,13.351609,7.0921845,8.229662,5.9403987,7.7411532,11.186292,6.355189,5.482549,0.0,5.079252,7.1505313,10.193139,13.413192,17.395254,19.415167,22.754602,26.019547,27.766369,32.270916,31.42063,29.902403,27.669544,22.660427,21.765326,17.15064,13.719541,11.346492,9.59134,9.005952,6.7825475,11.545783,13.024957,14.379513,15.694625,14.97064,19.2054,17.54052,22.016893,26.480814,25.793303,30.547716,32.494877,33.662582,33.43664,30.233881,28.604872,33.16742,31.342306,26.593958,30.838205,31.65158,27.140295,26.746197,30.852684,31.328556,25.491737,29.261932,31.300152,29.60745,29.06676,25.51269,28.995136,23.97814,23.210026,23.495207,19.717703,23.011707,20.405178,25.519083,24.620417,27.816185,31.973055,30.830734,36.32969,34.79041,34.587112,32.921192,31.545364,27.632906,27.375246,23.532476,21.296934,20.914307,16.936901,17.903519,13.900413,18.016321,17.24,19.372482,17.692165,14.2521515,17.65934,15.096382,19.473352,19.4447,23.327301,27.491245,27.118565,29.225327,31.572464,25.336542,28.313547,27.421581,26.249931
15,25.271172,21.243216,19.093946,16.474916,14.66103,11.664988,10.585733,6.8327103,5.2022376,6.147048,6.23483,11.831402,8.873168,6.218334,5.079252,0.0,4.435005,5.5630293,10.463939,13.469531,15.708063,19.11571,21.84687,23.712545,28.430607,27.152763,25.392193,23.196459,17.961544,17.475622,12.268328,9.893372,7.477293,7.398055,7.4956837,8.03037,11.9667425,12.29794,12.522708,12.852461,11.674244,15.24163,12.754902,17.18375,21.753468,20.782082,25.746103,27.50361,28.662355,28.362823,25.207844,23.542677,28.12016,26.344093,21.591665,25.937878,26.804092,22.39536,22.131638,26.278776,26.906933,21.288315,25.200504,27.502539,26.20626,25.72185,22.822824,26.536032,21.668207,21.282284,20.787067,17.44641,20.379217,17.564354,23.01305,21.477093,25.356468,28.602428,27.937065,33.41823,31.81248,31.055325,29.101948,27.450743,23.678688,22.941444,19.743895,16.777842,16.964758,13.007102,14.400737,11.288175,15.614889,16.07294,18.089529,15.50621,11.705414,14.364573,10.90307,15.544355,14.739297,18.884794,22.86703,22.986807,25.47754,27.640278,21.554358,24.16699,23.557549,22.030188
16,21.21703,17.32863,14.865302,12.337252,11.107681,7.434287,8.182371,5.693227,6.360365,8.696184,10.564054,15.8342705,12.6572485,10.260326,7.1505313,4.435005,0.0,4.725184,6.414355,10.485256,12.265736,15.6454525,18.994598,20.65148,25.12913,24.42509,23.005013,20.867466,16.034876,14.949768,11.049694,7.1906075,8.763122,5.454155,8.401476,8.160353,12.165918,13.210539,12.0740795,11.914161,12.593804,14.756981,13.15821,17.281057,20.704058,20.24689,24.610537,26.580578,27.658276,28.022821,24.896124,23.202335,28.183031,26.94821,22.28746,26.381506,27.97272,23.983957,23.667805,27.796682,29.022015,23.736874,27.357103,30.065943,29.250914,28.205276,25.827158,29.157639,24.053383,23.213242,22.22306,18.234354,20.413568,16.714048,21.91628,19.659733,23.112154,26.471754,25.02582,30.575449,28.493792,27.986765,26.150734,25.035294,21.256834,21.277561,17.598537,15.860055,16.600613,13.410106,15.810643,13.84012,18.641226,18.864063,21.572325,19.17814,15.308303,17.587776,13.161978,17.435785,15.435908,18.822952,22.240479,22.206455,24.76256,27.57649,21.996876,24.951609,25.11131,23.80504
17,21.70214,17.46698,16.134056,12.562006,10.458513,9.426419,6.918365,7.773766,5.0941625,9.333932,10.001722,15.5988035,14.136813,11.507814,10.193139,5.5630293,4.725184,0.0,7.2906895,8.212749,10.986055,14.108179,16.460367,18.681564,23.462631,22.211708,20.01667,18.35162,12.6681795,12.894332,7.276699,6.7913413,8.130633,8.146631,10.409491,11.927485,15.202148,15.146769,13.656498,12.566854,12.143865,13.476909,10.138304,14.019063,17.819307,16.48346,21.520687,22.88917,23.628565,23.911348,21.050251,18.870539,23.709297,22.717688,17.794945,21.702866,23.424286,19.607586,19.047892,23.153105,24.701097,19.509516,22.92412,25.811317,25.339666,24.138994,22.309183,25.660439,20.80829,20.332794,18.776928,15.454543,17.382076,13.90974,19.367777,16.910633,21.169971,23.628752,23.121698,28.548525,26.83976,25.746494,23.670942,21.935772,18.23589,17.476004,14.507256,11.589125,12.567294,9.340105,11.970401,11.067671,15.65696,16.81558,19.324951,16.509874,12.71287,14.163819,9.138356,13.216825,10.731077,14.323173,17.834288,18.130486,20.931787,23.375002,17.828989,20.445795,20.723892,19.276627
18,16.891554,13.221418,10.836984,7.0991955,7.7895904,5.3216934,8.419244,10.348306,11.113442,14.640663,16.391537,21.92797,19.025965,16.342928,13.413192,10.463939,6.414355,7.2906895,0.0,6.4180064,6.408887,9.895109,13.79409,14.852325,19.04539,18.829266,18.060913,15.832419,12.114256,9.999603,9.084431,4.279773,11.2663965,7.106881,11.840377,12.321802,14.869409,15.778006,12.7198,11.239873,13.89023,13.352052,12.945153,15.968656,17.409372,17.75576,20.962143,23.19409,24.31832,25.440357,22.414385,21.00283,26.326029,25.714565,21.594164,25.375761,27.68582,24.434996,24.374449,28.287008,30.06428,25.642721,29.014404,32.169,32.081585,30.741728,29.360903,32.425526,27.458937,26.528814,24.647253,20.673698,21.591976,17.058018,21.680054,17.986488,21.165731,23.602745,21.38934,26.843088,23.855835,23.16565,21.203928,20.816477,17.403687,18.150023,14.8005295,14.409756,16.5476,14.829753,18.240099,18.026186,22.797752,23.512533,26.4544,23.797195,19.985281,21.3605,16.146772,19.75536,16.02116,18.36114,20.465385,20.817982,23.702557,27.02258,22.545967,25.332022,26.54535,25.186094
19,15.6230755,11.537982,11.554996,6.7533135,5.524429,8.562303,7.1037927,12.7697315,11.882919,16.4717,18.111729,23.35512,22.150763,19.606018,17.395254,13.469531,10.485256,8.212749,6.4180064,0.0,4.3525906,6.1309414,8.777255,11.431073,15.904543,15.576962,13.167535,12.679185,7.4151096,8.14359,6.4185157,7.7038264,14.108526,12.541574,16.534441,17.858438,20.485954,20.655191,17.527153,15.280308,16.816498,15.030528,12.73284,14.624949,15.424638,14.464086,18.208998,19.215858,19.21787,21.116718,18.905548,16.26791,21.478533,22.104082,17.699682,20.324593,23.632835,21.244637,20.430674,24.013975,26.871424,22.856329,25.227758,28.75935,29.40188,27.216856,26.796019,29.291658,24.617472,23.703094,21.019733,17.580782,17.429218,12.8334875,17.067154,12.621585,16.478834,17.735477,16.39408,21.72693,19.223827,17.917963,15.787784,14.741166,11.217883,11.773,8.671477,8.703283,11.47818,11.2373705,15.122404,16.7948,21.158667,22.37007,25.482151,22.9261,19.480406,19.906199,14.363385,16.620222,12.074043,12.98847,14.44372,14.738618,17.766575,21.17662,17.492575,20.17016,22.139566,21.177553
20,15.340308,11.938772,11.358841,6.2698116,7.8905935,9.687076,10.851405,15.578345,15.288148,19.624313,20.92648,26.55994,24.56173,21.69403,19.415167,15.708063,12.265736,10.986055,6.408887,4.3525906,0.0,3.9804394,7.578756,8.536451,12.878103,12.733857,11.87897,10.214968,7.3949156,5.4700027,7.9938946,7.318509,14.889609,12.584845,16.923069,18.360472,20.142658,20.351875,16.51903,13.962866,16.672043,13.788675,13.271416,14.568146,13.911705,14.356071,16.618324,18.465826,19.230501,21.182917,18.659735,17.160963,22.48835,22.804985,19.266298,22.280504,25.326256,23.089027,23.051626,26.508404,28.946253,25.522423,28.32186,31.812918,32.511272,30.854237,30.589622,33.31706,28.785332,28.008904,25.276894,21.933325,21.666512,17.011202,20.854986,15.9784775,19.270464,19.905539,17.803795,22.87423,19.358002,17.86878,15.511036,15.4149275,12.644625,13.610499,11.576921,12.066892,15.510234,15.41652,19.2543,20.728973,25.054762,26.44619,29.346375,26.47403,22.951134,23.30973,17.83729,20.3764,15.4107065,16.426847,16.96185,17.91561,21.10513,24.496687,21.36369,23.617287,25.773357,24.416832
21,13.279002,10.316941,11.112794,6.5762873,8.277343,11.804464,12.405719,18.117939,17.928335,22.392609,24.097073,29.453848,27.908232,25.225489,22.754602,19.11571,15.6454525,14.108179,9.895109,6.1309414,3.9804394,0.0,4.835187,6.452714,10.168656,11.100712,9.729887,9.817478,7.840456,7.404222,10.597802,11.27665,18.69621,16.475706,20.867205,22.129662,24.058386,24.329073,20.440756,17.806536,20.471607,17.162647,16.366146,16.969719,15.301221,15.450315,17.123323,18.277708,18.213669,21.091251,19.267208,17.246305,22.315666,23.628527,20.268908,22.2589,26.046738,24.52735,24.065504,27.168324,30.287079,27.218454,29.311186,32.995575,34.119007,31.862585,32.09376,34.325134,29.9011,28.91224,25.86224,22.59526,21.538324,16.860254,19.781706,14.4404,17.172989,17.067816,14.610996,19.392706,15.579844,13.99265,11.715222,12.176451,9.792079,11.764957,9.929937,12.178708,15.631196,16.617435,20.539438,22.781166,26.969965,28.261375,31.425896,28.818798,25.468771,25.565346,20.07306,21.841124,16.744013,16.4857,16.097849,16.743307,19.686108,23.388042,21.233372,23.516687,26.25515,25.330717
22,16.572704,13.902736,15.599461,11.245888,11.928339,16.155704,15.271533,21.498005,20.339354,25.064323,26.110443,31.438904,30.59261,27.783234,26.019547,21.84687,18.994598,16.460367,13.79409,8.777255,7.578756,4.835187,0.0,4.467113,8.297915,8.186623,5.086519,7.251825,6.0811877,7.857992,11.160808,14.10955,20.616066,19.772947,23.66594,25.623644,27.276758,26.970402,23.048618,20.06321,22.042,18.023888,16.628057,16.053776,13.453229,12.99933,14.2442045,14.452206,13.756101,17.20303,16.07299,13.795121,18.48548,20.544481,17.74302,18.940245,23.074327,22.395441,21.947172,24.538813,27.9884,25.764364,27.386862,31.13981,32.76518,30.50802,31.533133,33.597397,29.751177,29.128805,25.622608,23.273373,21.688635,17.581274,20.022251,14.444645,17.65035,15.5484915,14.428534,18.47085,14.978041,12.018506,8.975375,8.76624,7.5486054,8.569239,9.429788,11.090222,15.178412,17.0315,20.738497,23.864231,27.424833,29.335058,32.146008,29.354382,26.370037,25.721556,20.504126,21.450905,15.989273,14.89038,13.144592,14.642384,17.831793,21.030233,19.940844,21.41625,24.61504,23.596498
23,18.014788,15.9749365,16.941494,12.734708,14.686342,17.844084,18.349129,23.92036,23.068493,27.665262,28.386913,34.081688,32.569225,29.490072,27.766369,23.712545,20.65148,18.681564,14.852325,11.431073,8.536451,6.452714,4.467113,0.0,4.9817414,4.6786604,5.565802,5.113757,8.180109,7.3054404,13.117463,14.743546,21.447254,20.294022,24.189503,26.277971,27.198154,26.841314,22.52285,19.411362,22.09857,17.332998,17.442162,16.403425,12.422246,13.603982,12.908477,14.23738,14.778725,17.849949,16.306377,15.608562,20.185757,21.576328,19.733807,21.565502,25.064377,24.360235,24.738876,27.273983,30.069271,28.31512,30.500784,34.118526,35.65647,34.044994,35.028297,37.439022,33.65309,33.190468,29.76266,27.380682,26.033928,21.817598,24.393036,18.799023,21.657772,19.506721,17.795809,21.45078,17.14455,14.191123,11.179236,12.093761,11.741532,12.66699,13.840534,15.040232,19.357927,20.776043,24.487461,27.204174,30.8376,32.90706,35.50777,32.388813,29.28031,28.67267,23.488712,24.92628,19.282602,18.836367,16.93052,18.940487,22.20234,25.198536,24.146072,25.299997,28.376259,26.903582
24,18.675795,17.746817,19.084694,15.802252,18.23927,21.496105,22.514347,28.193306,27.725634,32.279736,33.269672,38.921505,37.303238,34.26275,32.270916,28.430607,25.12913,23.462631,19.04539,15.904543,12.878103,10.168656,8.297915,4.9817414,0.0,5.078329,7.8859105,8.70744,12.987507,12.050379,18.095871,19.314678,26.219982,24.639133,28.687391,30.537825,31.290857,31.102257,26.624428,23.566235,26.646076,21.624798,22.258844,20.8953,16.116293,17.685415,15.627268,16.690186,16.898048,20.511147,19.571266,19.192228,23.13867,25.046394,23.839033,25.008003,28.730146,28.583103,28.947775,31.12847,34.122337,32.816418,34.671024,38.325935,40.110588,38.301178,39.572548,41.719196,38.018696,37.410873,33.866386,31.462626,29.690376,25.500982,27.323048,21.661926,23.619862,20.827175,18.572563,21.223871,16.296598,13.363949,10.821808,13.156777,14.017398,15.689545,17.11784,19.31639,23.43302,25.284763,29.005215,31.929256,35.56294,37.510433,40.26287,37.254498,34.177944,33.528965,28.35522,29.543667,23.928902,22.902063,20.347956,22.144413,25.028214,28.11944,27.931437,29.00263,32.409836,31.14891
25,22.286123,20.53354,21.53,17.360582,19.268799,22.280256,22.61132,28.065466,26.799116,31.420494,31.513828,37.336056,35.90627,32.6249,31.42063,27.152763,24.42509,22.211708,18.829266,15.576962,12.733857,11.100712,8.186623,4.6786604,5.078329,0.0,5.726132,4.617725,10.600267,9.832757,15.880222,17.986563,23.883112,23.500282,26.947659,29.526913,29.850956,29.061117,24.65129,21.37421,23.831963,18.402134,18.994137,16.894386,11.532267,13.391197,10.597873,11.970891,13.162113,16.057823,14.846416,15.374957,19.219887,20.5291,19.971327,21.646835,24.706917,24.610912,25.597286,27.653538,30.087269,29.317959,31.541075,35.016384,36.796463,35.69841,37.150974,39.678463,36.368664,36.274677,32.673996,30.883038,29.446852,25.574802,28.017815,22.445835,25.431513,22.27093,21.187698,24.131075,19.871695,16.284447,13.137324,13.982197,14.735736,14.800169,17.443941,17.876942,22.455645,24.008259,27.489817,30.41702,33.63512,36.186653,38.374672,34.956043,32.061253,31.010813,26.163761,27.370617,21.61213,21.149517,18.487637,21.281738,24.640682,27.031698,26.615995,26.991472,30.152588,28.317398
26,21.111074,18.786154,20.614285,16.262142,16.885191,20.996883,19.714527,25.864965,24.074196,28.860987,29.142408,34.542534,34.01363,31.001598,29.902403,25.392193,23.005013,20.01667,18.060913,13.167535,11.87897,9.729887,5.086519,5.565802,7.8859105,5.726132,0.0,5.7823434,7.638113,9.876252,13.576696,17.479021,23.068733,23.272614,26.670618,29.24659,30.363415,29.529919,25.525633,22.287373,23.83848,19.092161,17.794336,15.907532,11.962766,11.502139,11.230413,10.569712,9.680843,13.597192,13.20428,11.59837,15.5230665,18.03319,16.515291,17.141172,21.132765,21.377977,21.42749,23.361923,26.696585,25.659222,27.087263,30.741877,32.785637,30.963385,32.711437,34.798435,31.626368,31.482635,27.697023,26.261002,24.462961,20.978016,23.101948,17.666006,21.045588,17.343164,17.363092,20.378847,17.123724,13.109579,9.676492,9.05222,9.822714,9.207136,12.764359,13.18434,17.597471,19.784569,23.117683,26.68437,29.614296,32.158573,34.45587,31.357363,28.715073,27.411863,22.650192,23.079098,17.468105,16.082624,13.003498,15.709219,19.026583,21.34169,21.30066,21.668203,25.1031,23.72392
27,22.620184,20.075172,20.633083,15.873767,17.248947,19.869196,19.720222,24.79768,23.07353,27.652567,27.28517,33.16981,31.811747,28.453156,27.669544,23.196459,20.867466,18.35162,15.832419,12.679185,10.214968,9.817478,7.251825,5.113757,8.70744,4.617725,5.7823434,0.0,6.858167,6.0489006,11.685972,14.301059,19.562838,19.876461,22.968328,25.897,26.22243,25.159729,20.939358,17.601515,19.539457,14.226381,14.395821,12.359223,7.518342,9.281419,7.8548574,9.892084,11.862742,13.782241,11.666966,12.268276,16.775286,17.245869,16.19766,18.815119,21.401682,20.670296,21.894297,24.305092,26.344303,25.225248,27.928612,31.311777,32.814083,32.097942,33.264004,36.13664,32.816353,32.95103,29.505367,27.841278,26.909122,23.133537,26.303202,20.964237,24.716158,22.184013,21.595083,25.262323,21.518993,18.053028,14.7286415,14.444033,14.167518,13.281579,15.769761,14.799814,19.544117,20.523157,23.884295,26.519835,29.645555,32.405968,34.323586,30.713224,27.819483,26.752287,22.00096,23.513256,17.749535,18.105724,16.161922,19.293821,22.990404,25.140001,23.843025,24.161873,26.894123,24.710453
28,20.649313,17.146795,17.90047,12.857269,12.564557,15.729437,13.8270235,19.245567,16.947227,21.675426,21.569962,27.119217,26.474785,23.421553,22.660427,17.961544,16.034876,12.6681795,12.114256,7.4151096,7.3949156,7.840456,6.0811877,8.180109,12.987507,10.600267,7.638113,6.858167,0.0,5.310011,5.943401,10.825249,15.720825,16.522125,19.561295,22.328865,23.728497,22.788427,19.235212,16.185976,17.043745,13.294379,10.843058,10.265835,9.285806,7.8729253,11.246933,11.809351,12.217439,13.980124,11.891428,9.795736,15.10217,15.845372,12.569603,15.259992,18.411764,16.935589,17.056028,20.06308,22.738876,20.323431,22.770807,26.326254,27.621756,26.244946,27.035542,29.78036,26.15297,26.152739,22.803434,21.037893,20.365217,16.702637,20.41836,15.510729,20.023453,18.478188,18.594238,23.015526,20.37319,17.397066,14.318052,12.60412,10.666184,9.006837,10.450338,8.205869,12.905509,13.666345,17.078897,19.854717,23.065664,25.653376,27.78552,24.465786,21.55772,20.619495,15.618811,17.00979,11.285788,11.850228,11.207134,13.828713,17.645054,19.939453,17.581102,18.499205,20.971985,19.130117
29,20.31071,17.154604,16.73249,11.710511,13.024172,14.511077,14.927391,19.204193,17.807774,22.19385,22.058527,28.065598,26.181997,22.848455,21.765326,17.475622,14.949768,12.894332,9.999603,8.14359,5.4700027,7.404222,7.857992,7.3054404,12.050379,9.832757,9.876252,6.0489006,5.310011,0.0,7.2112556,8.274554,14.256038,13.891225,17.258917,19.92778,20.590086,19.853905,15.717431,12.534768,14.815738,10.377427,10.546944,10.43376,8.561636,9.970613,11.395769,13.948691,15.87229,17.040964,14.048569,13.930503,19.175655,18.742859,16.235006,19.941473,22.213037,20.152405,21.155445,24.369036,26.095308,23.62977,26.954672,30.278753,31.123041,30.431568,30.645395,33.828148,29.91574,29.833376,26.866331,24.490114,24.310442,20.17893,24.189928,19.213129,23.161457,22.411686,21.28069,25.893276,22.321888,19.795042,16.808357,16.302578,14.4403305,13.924614,14.237681,12.821462,17.172344,17.058334,20.568623,22.273464,25.94794,28.279446,30.387316,26.847805,23.573944,23.216501,18.147306,20.63437,15.155907,16.717619,16.51173,18.88282,22.578705,25.138525,22.349503,23.507149,25.60666,23.443232
30,21.992146,17.95442,17.64923,12.754403,11.646671,13.091018,10.781022,14.674935,11.82904,16.344421,15.751446,21.50601,20.6275,17.514652,17.15064,12.268328,11.049694,7.276699,9.084431,6.4185157,7.9938946,10.597802,11.160808,13.117463,18.095871,15.880222,13.576696,11.685972,5.943401,7.2112556,0.0,6.8740396,10.207297,11.793951,14.249465,17.17889,18.894701,17.885311,15.015262,12.439617,12.356575,10.431226,6.6335216,8.538295,11.089453,9.532585,14.451105,15.67549,16.695656,17.061214,14.186286,12.347051,17.540203,16.80184,12.514787,16.609484,18.627499,15.626593,15.833296,19.599258,21.406519,17.698736,21.09237,24.34432,24.805517,23.94629,23.664122,27.007442,23.000025,23.120855,20.42309,18.337269,18.921614,15.395274,20.255919,16.356163,21.201551,21.36618,21.441502,26.440998,24.240662,21.996157,19.273493,17.346891,14.449348,12.735792,12.210405,8.264625,11.83929,10.57442,13.749951,15.22759,18.75255,21.268536,23.192484,19.681393,16.450438,16.09439,10.938991,13.700909,8.6407175,11.619101,13.367087,15.319031,18.962946,21.052477,16.892502,18.282637,19.592417,17.442568
31,20.677479,16.97781,14.945574,10.701505,11.169234,9.449995,10.8732605,12.366223,11.617778,15.209824,15.326273,21.390924,18.508749,15.243551,13.719541,9.893372,7.1906075,6.7913413,4.279773,7.7038264,7.318509,11.27665,14.10955,14.743546,19.314678,17.986563,17.479021,14.301059,10.825249,8.274554,6.8740396,0.0,7.921232,5.7975535,9.660464,11.783474,13.283874,13.206159,9.826411,7.737072,9.990795,9.152256,9.027772,12.164666,14.193101,14.802404,18.097004,20.704247,22.533722,22.868725,19.431349,18.78897,24.04158,22.620852,18.89645,23.436455,24.980707,21.465727,22.148691,26.073723,27.13707,23.066149,27.0718,30.036026,29.852177,29.381035,28.132086,31.713202,27.16141,26.846027,24.869576,21.66161,22.843527,18.723757,23.707556,19.940657,23.839483,25.406374,23.940216,29.279486,26.29594,24.898905,22.480003,21.674482,18.560282,18.280119,16.205954,14.175565,16.926626,14.863349,17.999554,17.723547,22.020931,23.566854,25.765215,22.456059,18.738075,19.670603,14.712873,18.654425,14.64639,17.851044,19.876219,21.131697,24.43521,27.13565,22.550913,24.615812,25.562908,23.522663
32,28.010891,24.078146,21.969978,18.152212,17.523354,15.18011,14.9269905,13.670102,11.315265,13.329271,10.520544,16.713472,13.72292,9.9094515,11.346492,7.477293,8.763122,8.130633,11.2663965,14.108526,14.889609,18.69621,20.616066,21.447254,26.219982,23.883112,23.068733,19.562838,15.720825,14.256038,10.207297,7.921232,0.0,6.665746,5.1697416,9.575524,10.187441,8.391351,7.5470114,7.0809126,4.339093,8.381969,7.1577916,11.494477,16.308847,16.291956,20.511267,23.058361,25.435974,24.20171,20.414248,20.395544,24.90618,21.915829,18.339268,23.86655,23.655687,19.085508,20.511017,24.529337,23.967392,19.545494,24.634459,26.792421,25.68353,26.763138,24.718378,29.161888,25.158432,25.69174,24.474617,22.254412,24.626225,21.681597,27.199768,24.533625,29.04091,30.707598,30.289862,35.628513,33.30984,31.640701,29.06833,27.458042,24.319908,22.809393,21.383604,17.30865,19.215517,15.814414,17.488419,15.613272,18.89321,21.063108,21.855257,17.92921,14.521776,15.609882,12.337253,17.08182,14.778191,19.597208,22.58907,24.23426,27.502895,29.13454,23.65772,25.023163,24.634176,21.869583
33,23.510784,19.991636,16.986023,14.06737,14.379195,10.342223,12.880847,10.925588,11.263975,13.110532,13.125417,18.894855,14.594783,11.414814,9.59134,7.398055,5.454155,8.146631,7.106881,12.541574,12.584845,16.475706,19.772947,20.294022,24.639133,23.500282,23.272614,19.876461,16.522125,13.891225,11.793951,5.7975535,6.665746,0.0,4.9443254,6.042329,7.967806,8.846243,6.8222237,7.0047107,9.00232,11.222343,11.893329,15.843054,18.880636,19.641874,23.020018,25.905466,27.991697,27.831247,24.156088,23.775812,28.832638,26.7389,22.949331,27.87483,28.756859,24.607273,25.406364,29.497643,29.841581,25.213495,29.665699,32.202236,31.297506,31.31558,29.116894,32.982906,28.255478,27.889584,26.739399,23.22878,25.28747,21.483097,26.69335,23.770008,27.349995,29.969658,28.26463,33.75652,30.933916,30.043993,27.86083,27.10725,23.73753,23.564127,20.819757,18.694084,20.491997,17.481579,19.93244,18.034496,22.370005,23.28198,25.245533,22.163055,18.384417,20.265692,16.133438,20.751081,18.052235,21.913525,24.716347,25.574516,28.587473,31.205193,25.896263,28.217037,28.419397,26.379335
34,28.34326,24.720037,21.788193,18.884783,18.741009,14.833375,16.290436,13.110966,12.530974,13.166303,11.321914,16.889303,12.117379,8.589986,9.005952,7.4956837,8.401476,10.409491,11.840377,16.534441,16.923069,20.867205,23.66594,24.189503,28.687391,26.947659,26.670618,22.968328,19.561295,17.258917,14.249465,9.660464,5.1697416,4.9443254,0.0,4.849567,5.3169765,4.932603,5.6669426,7.4105315,6.8593273,11.516776,12.122714,16.285822,20.422876,21.036442,24.684357,27.630466,30.091385,29.106373,25.233343,25.309784,29.969543,27.02323,23.483257,28.900494,28.810823,24.187717,25.454777,29.51664,28.89383,24.233158,29.24623,31.272297,29.823694,30.804085,28.155447,32.495205,28.147896,28.276884,27.577784,24.664032,27.326456,24.157166,29.611322,27.18177,31.113108,33.66195,32.502575,37.992805,35.43871,34.32155,31.990725,30.84593,27.504482,26.68276,24.392885,21.234081,22.740105,19.150309,20.81047,18.04472,21.680126,22.883856,23.94306,20.584578,17.109076,19.115782,16.128239,21.028898,19.209604,23.802647,26.979916,28.125568,31.162878,33.205166,27.502636,29.392893,28.898048,26.46065
35,27.304127,23.972021,20.528423,18.72198,18.651783,13.680807,16.244553,11.545137,12.791077,12.317494,12.303882,16.874588,11.154042,8.746625,6.7825475,8.03037,8.160353,11.927485,12.321802,17.858438,18.360472,22.129662,25.623644,26.277971,30.537825,29.526913,29.24659,25.897,22.328865,19.92778,17.17889,11.783474,9.575524,6.042329,4.849567,0.0,5.0820136,7.598914,8.802995,10.962482,11.660092,15.804031,16.414845,20.653852,24.393282,24.995945,28.615,31.503536,33.61114,33.124054,29.3931,28.993048,33.827774,31.34586,27.43422,32.459553,32.867943,28.304338,29.012918,33.147804,32.97292,27.885687,32.48028,34.570534,33.009357,33.363327,30.290306,34.254566,29.48781,29.061533,28.772972,25.145893,27.93796,24.632637,29.852451,27.81439,31.090742,34.570038,32.820553,38.374348,35.86025,35.380272,33.409435,32.584354,28.996977,28.850851,25.617556,23.420147,24.351871,20.7333,22.41318,19.15723,23.20627,23.35418,25.004446,22.425789,18.887568,21.60474,18.574453,23.380297,21.97959,26.156567,29.578402,30.036324,32.717186,35.20026,29.350632,31.873476,31.39673,29.499699
36,30.413746,27.260683,23.698734,21.504835,22.117273,17.349632,20.288568,16.397871,17.025703,16.90328,15.597407,20.348686,14.569355,11.797962,11.545783,11.9667425,12.165918,15.202148,14.869409,20.485954,20.142658,24.058386,27.276758,27.198154,31.290857,29.850956,30.363415,26.22243,23.728497,20.590086,18.894701,13.283874,10.187441,7.967806,5.3169765,5.0820136,0.0,3.8532705,6.018837,9.200881,10.230451,14.447265,16.678734,20.451021,23.886673,25.291876,28.107943,31.575993,34.417416,33.423454,29.36714,29.981436,34.700016,31.52076,28.39171,33.951168,33.71526,29.09527,30.652111,34.674984,33.73618,29.284737,34.454998,36.350388,34.72588,35.96886,33.107487,37.47192,33.0756,33.06365,32.58957,29.384724,32.080032,28.716799,34.034313,31.533955,35.046894,37.90873,36.148125,41.649036,38.69097,37.84622,35.6035,34.92548,31.650843,31.240108,28.737347,26.137508,27.728645,24.219023,25.93812,22.900091,26.539043,27.328007,28.360521,25.243061,21.897263,24.143257,21.39181,26.301146,24.468058,28.943201,31.952976,33.064438,36.079056,38.33873,32.675983,34.679073,34.20232,31.752365
