,0,1,2,3,4,5,6,7,8,9,10,11,12,13,14,15,16,17,18,19,20,21,22,23,24,25,26,27,28,29,30,31,32,33,34,35,36,37,38,39,40,41,42,43,44,45,46,47,48,49,50,51,52,53,54,55,56,57,58,59,60,61,62,63,64,65,66,67,68,69,70,71,72,73,74,75,76,77,78,79,80,81,82,83,84,85,86,87,88,89,90,91,92,93,94,95,96,97,98,99,100,101,102,103,104,105,106,107,108,109,110,111
0,0.0,4.356061,6.2863064,9.673508,12.23001,14.572081,17.757006,20.637802,24.536968,27.196182,29.909172,35.09642,30.59225,29.708014,24.12632,24.007769,19.874062,19.766161,16.585966,15.529767,14.615956,12.4520645,16.708754,15.866587,14.647127,17.761368,12.238867,17.718021,19.09942,20.218418,23.38222,23.768553,27.505783,29.251211,31.98207,35.45318,37.883705,36.530293,35.91509,32.578968,35.558594,31.291832,32.235325,30.979713,31.010351,32.3295,30.05035,32.92997,29.119438,34.190872,34.81973,28.232363,32.208344,37.081776,35.991272,38.181973,35.178055,37.47599,36.50407,38.048187,36.071686,38.837727,37.4259,41.902943,40.86071,36.640606,41.448193,40.080418,42.829544,41.78469,43.279945,42.35199,38.040844,39.668224,35.3239,35.292614,34.148163,31.687645,34.309906,30.333187,32.917297,33.75852,31.452282,28.167315,26.487133,25.319366,23.500889,24.278746,22.209217,24.539822,27.066437,23.856102,24.349047,20.18763,19.703114,17.54016,23.58791,18.812569,17.929276,20.72438,20.492615,22.597,23.611774,25.846432,29.882212,28.670849,26.571827,30.282326,27.233578,28.424917,29.263308,28.9043
1,4.356061,0.0,5.2835836,6.708373,8.845171,12.647883,14.421368,18.342766,21.747042,25.100113,27.53763,32.9546,29.031002,27.93569,22.69215,21.733547,17.853354,16.86339,13.919665,12.062,11.502754,9.143989,13.2723055,13.115377,11.572731,14.429828,9.38246,14.764743,15.852995,17.668987,20.372826,21.831486,25.310923,27.780262,30.116602,33.726643,35.771282,34.34498,33.24964,29.713463,32.493343,27.941412,28.702417,27.168232,27.185184,28.101898,25.959724,28.704065,24.964148,30.080925,30.708246,24.359608,28.436304,33.21766,32.296013,34.315292,31.423151,33.441208,32.54863,34.367725,32.224373,35.17678,33.904846,38.396046,37.829124,33.61116,38.63724,37.663654,40.191715,39.601475,40.541904,39.449802,34.906567,36.328217,31.917551,31.599663,30.32757,27.64823,30.21246,26.07921,28.634577,29.439478,27.105598,23.829063,22.275314,21.113256,19.580725,20.64131,19.026781,21.764494,24.587704,21.903025,22.722414,18.65596,17.486307,15.005335,20.900515,15.688385,14.46029,16.798965,16.362036,18.248146,19.37592,21.532995,25.61572,24.528923,22.42623,26.482422,23.323196,24.914803,25.88206,25.958122
2,6.2863064,5.2835836,0.0,5.34693,7.0372715,8.61382,12.107772,14.390967,18.471087,20.922445,23.768108,28.891472,24.579586,23.86075,18.254444,18.229115,14.378562,14.368569,12.1488905,11.510491,12.309868,11.446877,16.097261,16.833572,15.31518,17.425488,11.484717,15.391701,15.4805355,16.587132,18.766092,19.666462,22.191492,24.505167,26.634762,30.27098,32.38883,30.755741,30.184982,26.883926,29.627773,25.67661,26.54275,25.734737,25.815907,28.125296,25.713823,29.425428,26.400026,31.204874,31.067474,24.631462,29.156252,33.64991,31.870483,33.96648,30.44708,32.907356,31.52474,32.559208,30.821663,33.289223,31.83673,36.426792,35.019867,31.061367,35.93702,34.58038,37.601044,36.930676,38.41654,37.853466,33.153095,35.33011,31.16653,30.923243,30.356342,27.674849,31.036682,26.976204,30.087412,31.272673,28.26839,24.728083,22.3088,21.343855,18.520311,19.001642,16.423765,18.512398,21.135927,17.851961,18.824215,14.615847,13.911124,12.639532,18.535868,14.681125,12.887259,16.577044,16.164005,19.550013,19.89672,23.164543,27.728996,26.282917,23.659855,27.12382,23.2546,24.482141,24.565077,24.410576
3,9.673508,6.708373,5.34693,0.0,3.7606719,6.741704,8.933774,12.618648,15.596264,19.395714,21.262669,26.826921,22.980774,21.543612,16.67825,15.148361,11.299306,10.237201,7.428265,6.2300944,7.271282,7.227831,11.72753,13.388248,11.881004,13.123261,7.438413,10.297403,10.190718,11.741776,13.9485855,15.610462,18.629475,21.416296,23.50928,27.159588,29.09182,27.719412,26.613127,23.13448,26.23798,21.752338,23.277538,21.776564,22.782099,24.433397,22.716148,26.34189,23.77367,28.651747,28.348303,22.774755,27.588018,31.736887,30.196793,31.798563,28.291395,29.951328,28.354017,29.633888,26.891088,29.586535,27.95298,32.29942,31.417095,27.079144,31.997416,30.957027,33.527645,33.003048,33.999565,33.118156,28.503662,30.315588,26.05328,25.897108,25.159218,22.722443,25.971426,22.249414,25.44694,26.99802,24.010462,20.7266,18.11821,18.065125,14.851411,16.536823,14.484187,17.151207,20.530956,17.959503,19.903505,15.961803,14.182781,13.307657,18.573696,14.599183,11.358772,14.425467,12.546356,15.8165865,15.361075,18.757694,23.36239,21.41862,18.70422,21.830406,18.168161,19.262781,19.692827,19.603027
4,12.23001,8.845171,7.0372715,3.7606719,0.0,6.0931964,5.615751,10.212139,13.025323,16.975985,19.069124,24.608501,21.441124,20.262426,15.619134,13.780248,10.746703,8.785872,7.8773575,6.0172553,8.977084,9.305779,12.981929,15.365439,13.671104,14.405229,9.996979,11.675499,10.333184,12.54595,13.2446165,16.26494,17.849785,21.536669,22.791492,26.618805,27.997084,26.249105,24.848661,21.222546,23.685225,19.265017,20.063034,18.835781,19.279812,21.376131,19.335773,23.296627,21.015646,25.668026,25.074364,19.436958,24.397251,28.398735,26.603594,28.239893,24.621506,26.496847,24.920193,26.16204,23.936184,26.610535,25.25662,29.863846,29.11064,25.14174,30.35989,29.64931,32.32449,32.45099,33.043938,32.320946,27.192234,29.221804,25.048977,24.339352,23.84946,20.84358,24.480131,20.324446,23.689243,25.121458,21.748146,18.197939,15.398478,14.943969,11.60803,12.847437,10.854725,13.719684,17.135672,14.991646,17.006853,13.326601,11.05648,10.171197,15.053036,11.340383,7.6659117,11.010688,9.457232,13.496189,13.177402,17.044024,21.865187,20.311642,17.40844,20.996555,16.602814,18.3738,18.312553,18.93725
5,14.572081,12.647883,8.61382,6.741704,6.0931964,0.0,6.938153,6.773112,10.569277,13.220165,15.407269,20.670277,16.414349,15.362932,10.099319,9.652897,6.099038,6.968612,6.887464,8.381001,11.370176,13.025911,16.993,19.363981,17.994007,18.372734,13.071709,13.23447,11.328467,11.560511,12.07699,13.13787,13.89329,16.832357,18.262411,22.02003,23.869553,22.144386,21.70499,18.586544,21.623987,18.127224,19.949146,19.560225,20.864483,24.414862,22.549324,27.322153,25.92565,30.155712,28.798332,23.600227,28.797768,32.32048,29.722015,31.245167,26.971155,29.00795,26.686308,26.776663,24.511787,26.409904,24.493397,28.8829,26.816092,22.89675,27.58402,26.080252,29.33189,28.876331,30.500938,30.415688,25.555363,28.478502,24.738537,24.627665,25.01653,22.677883,26.941826,23.544823,27.335943,29.337887,25.589626,22.191193,18.51718,18.926624,13.958089,14.853946,11.513985,12.983765,16.233435,13.158569,15.892044,12.296899,10.824157,12.440299,16.596918,15.0831585,11.078638,15.365466,13.48294,18.36858,16.795101,21.397112,26.29291,24.021545,20.805601,22.857237,18.346516,18.84119,17.741327,17.409512
6,17.757006,14.421368,12.107772,8.933774,5.615751,6.938153,0.0,6.539811,7.9656353,12.602114,14.31976,19.85868,17.759764,16.640781,13.016042,10.2833,9.061101,5.9682307,8.436863,7.3140373,11.723201,13.207886,15.7512245,19.02164,17.423635,17.078812,13.997874,13.321071,10.308201,12.540608,10.859464,15.342301,14.708979,19.503927,19.535473,23.45539,24.060863,21.954525,20.16879,16.455173,18.300013,14.049636,14.525347,13.726645,14.339382,17.581322,15.620414,20.453125,19.472864,23.440287,21.902748,17.139517,22.444187,25.670715,23.24572,24.544338,20.44157,22.20767,20.118504,20.85796,18.776606,21.191599,19.900173,24.679115,23.871082,20.294783,25.732954,25.391388,28.15281,29.057554,29.208971,28.806282,23.15313,25.65778,21.819977,20.60471,20.828133,17.48469,21.90049,17.80796,21.608812,23.347677,19.307213,15.720274,12.025413,12.127662,7.1603003,8.3035755,6.0852723,9.057724,12.956611,11.789965,14.701953,11.981989,8.922121,9.724726,12.512767,10.832678,5.8516264,9.1879225,6.9820323,12.422599,10.983443,15.8568125,20.804081,19.200275,15.947344,19.052483,13.759648,15.816313,14.686199,16.066843
7,20.637802,18.342766,14.390967,12.618648,10.212139,6.773112,6.539811,0.0,5.025793,6.81228,9.655076,14.716593,11.752432,11.459957,7.3149033,6.821293,7.024629,7.216194,10.823941,12.03641,16.147615,18.19402,21.277765,24.373533,22.916803,22.61154,18.566057,17.3419,14.112265,14.580012,12.369741,14.933198,12.034265,16.39459,15.774035,19.665476,20.366123,17.838333,17.2533,14.249545,16.052172,13.582346,14.544848,15.469642,16.367105,21.570555,19.522324,25.082016,24.911396,28.23801,25.92842,21.486816,26.74827,29.442137,26.01181,27.340975,22.573132,24.884024,22.103876,21.238365,19.95851,21.171425,19.471264,24.124016,21.544483,18.568241,23.453598,22.294472,25.960142,26.609098,27.820967,28.360525,22.813955,26.513412,23.366356,22.562576,23.882238,21.118626,26.114223,22.710966,26.760632,28.823242,24.479887,21.072126,16.878567,17.326136,11.601418,11.251006,7.3247967,7.287481,10.516787,8.195831,12.025448,9.899395,8.009121,11.705643,13.339251,14.437043,10.307711,14.4298,13.009912,18.6288,16.607893,21.77906,26.6455,24.683117,21.284704,23.05061,17.710814,18.584066,16.085032,16.67246
8,24.536968,21.747042,18.471087,15.596264,13.025323,10.569277,7.9656353,5.025793,0.0,6.2102003,6.4197564,12.03702,10.934469,9.866466,8.599052,5.4296727,8.195621,6.9968853,11.8235235,12.924555,17.173237,19.711294,21.840622,25.441328,24.118992,23.032177,20.19178,17.560001,13.699622,14.250835,10.363042,14.216492,9.732078,15.231741,13.439575,17.271235,17.068243,14.462578,12.946532,9.642941,11.259871,8.596603,10.320723,11.233052,13.37391,18.682379,17.434587,23.079744,23.951069,26.768265,23.931744,20.912336,26.155064,28.091125,24.663414,25.35318,20.526657,21.985636,18.710487,17.54332,15.433564,16.457413,14.5189495,19.10501,16.799025,13.783695,18.95347,18.391531,21.754194,23.172146,23.6224,24.18754,18.32199,22.164581,19.34535,18.256378,20.086205,17.473984,22.73502,19.89032,24.037237,26.4328,21.940407,18.980284,14.460184,15.973929,9.775887,10.254437,7.667299,7.573376,11.070921,10.746549,14.887516,13.780156,11.384749,14.800154,14.997481,16.548212,12.085174,14.858732,12.55641,17.851036,14.902493,20.165703,24.743479,22.567532,19.169724,20.128141,14.715016,15.462074,12.239818,13.476576
9,27.196182,25.100113,20.922445,19.395714,16.975985,13.220165,12.602114,6.81228,6.2102003,0.0,5.072584,8.4010935,6.9656005,8.317675,7.334581,8.360014,11.338923,12.236196,16.535814,18.176262,22.302212,24.68832,27.40235,30.742453,29.360249,28.66418,25.030148,22.941486,19.32279,19.214657,15.828987,17.935987,12.248092,16.468292,13.922735,17.340097,17.001585,13.727715,13.902203,12.035554,12.39225,12.559634,13.162012,15.8117,16.749445,23.31734,21.491957,27.434433,28.46834,30.828878,27.643066,24.350393,29.346466,31.048588,26.826435,27.81498,22.683414,25.056444,21.695787,19.242468,19.024136,18.852367,17.142866,21.447983,17.464193,15.958473,20.163065,18.87157,23.146862,24.473223,25.878994,27.361902,21.801157,26.411636,24.266842,23.315355,25.681356,23.215216,28.573725,25.778244,29.88294,32.120956,27.507103,24.451618,20.069971,20.859007,15.128349,13.928959,10.606567,8.143985,9.516651,8.555508,12.593082,12.6252775,11.636964,16.290676,15.589121,18.970076,15.4875765,18.933632,17.829988,23.333975,20.864052,26.097935,30.672995,28.715424,25.335358,26.155197,20.814947,21.250547,17.604519,18.29679
10,29.909172,27.53763,23.768108,21.262669,19.069124,15.407269,14.31976,9.655076,6.4197564,5.072584,0.0,5.8415055,6.215198,5.765109,8.370305,7.2796297,11.585576,12.193297,16.703794,18.659834,22.566126,25.445295,27.533003,31.131685,29.958763,28.657234,25.728224,22.470606,18.640982,18.116001,13.968216,16.071611,9.169526,13.7773695,10.15996,13.395085,12.36249,9.079952,8.831018,7.2949963,8.357541,9.2446995,11.762582,13.996592,16.673485,22.68221,21.864105,27.601885,29.32084,31.478367,28.03928,25.95645,30.960104,32.153076,28.190983,28.539736,23.521135,24.803808,20.989481,18.302763,16.617422,16.04075,13.632603,17.316967,12.9419565,11.109428,15.112769,13.910192,18.091663,19.730639,20.880533,22.539534,17.109758,22.005905,20.362225,19.684847,22.558739,20.819925,26.16069,24.290964,28.400084,31.079767,26.553083,24.060225,19.515282,21.450294,15.466767,15.484672,13.104765,11.408085,13.318145,13.317602,17.426441,17.367939,15.85899,20.089525,19.306671,22.199615,18.14594,20.857056,18.730564,23.794983,20.453619,25.592258,29.845222,27.398344,24.092491,23.720293,18.854418,18.524677,14.395071,14.934783
11,35.09642,32.9546,28.891472,26.826921,24.608501,20.670277,19.85868,14.716593,12.03702,8.4010935,5.8415055,0.0,6.6334634,8.167809,12.244517,12.7478075,16.956123,18.011774,22.418583,24.491665,28.367865,31.258764,33.3642,36.967037,35.798424,34.47609,31.51191,28.201632,24.395063,23.62121,19.467623,20.878992,13.515808,16.768478,12.218614,14.150213,12.059706,8.322544,9.672922,10.380458,9.378022,13.062205,14.615507,17.824734,19.95745,26.48939,25.682325,31.432726,33.71124,35.244286,31.378016,29.862896,34.54037,35.13093,30.700565,30.89401,25.861454,27.276451,23.330778,19.52597,19.10684,17.256174,15.17317,17.894196,12.043038,12.57281,14.84349,13.417441,18.028019,20.143997,21.628237,24.19693,19.342646,24.659555,23.97558,23.285198,26.688915,25.219833,30.505785,28.99672,32.98047,35.624584,31.059546,28.77389,24.37418,26.147448,20.553347,19.886145,17.691439,15.149855,15.658214,16.139753,19.720871,20.656412,19.782122,24.358507,22.644567,26.61303,23.074064,25.696388,24.051802,29.036425,25.777796,30.794706,34.831234,32.52387,29.322355,28.562601,23.929329,23.418402,19.037132,19.478813
12,30.59225,29.031002,24.579586,22.980774,21.441124,16.414349,17.759764,11.752432,10.934469,6.9656005,6.215198,6.6334634,0.0,3.9028382,6.646612,9.425469,12.68379,15.238186,18.818594,21.590523,25.064045,27.939121,30.712091,33.898922,32.791843,31.893517,27.929295,25.124226,21.781181,20.327736,17.387794,17.093933,10.670981,12.664004,9.665506,12.21751,12.511632,9.636511,12.124781,12.019102,13.758979,15.241036,17.865458,20.157465,22.54018,28.705881,27.575594,33.403053,34.67824,37.101505,33.80207,31.013939,36.067856,37.58161,33.39308,34.0709,28.949898,30.730238,26.994793,24.038235,22.786587,21.919783,19.41933,22.470459,17.024506,15.538433,17.982454,15.287629,20.124884,20.34165,23.244083,25.462593,21.053288,26.206085,24.786469,24.868742,27.730093,26.447071,31.683338,29.929476,34.085987,36.823444,32.353977,29.696575,25.118568,26.794926,20.67962,20.417416,17.201931,15.086501,16.258123,14.832527,18.517696,18.344864,17.906681,22.579414,22.454725,25.513517,21.708849,25.27638,23.40108,28.74812,25.5622,30.793951,35.241783,32.541546,29.167374,28.549131,23.987738,22.99569,19.100742,18.433111
13,29.708014,27.93569,23.86075,21.543612,20.262426,15.362932,16.640781,11.459957,9.866466,8.317675,5.765109,8.167809,3.9028382,0.0,6.0628905,6.9458137,10.510993,13.003379,16.398726,19.400187,22.605772,25.740688,28.199371,31.444637,30.484465,29.298735,25.66502,22.272135,18.959923,17.191154,14.199605,13.602828,6.8886294,9.173846,6.0838532,9.2524805,10.035915,7.739146,9.81812,9.453545,12.679008,13.290701,17.174206,18.617859,21.98601,27.411097,26.79576,32.396152,33.67352,36.31433,33.1613,30.682833,35.855892,37.420918,33.630344,34.07039,29.083601,30.250359,26.440224,23.937532,21.427853,20.91364,17.986214,20.782248,15.779597,13.172311,15.717386,12.909467,17.466805,17.3072,20.188421,22.111174,17.872915,22.8863,21.366726,21.844868,24.633667,23.811296,28.884117,27.562426,31.700905,34.678555,30.378576,27.96392,23.345684,25.63166,19.35384,20.013136,17.103441,15.748393,17.769726,16.473936,20.47144,19.726545,18.729342,23.012264,23.387735,25.628672,21.329302,24.625061,22.034561,27.106314,23.494364,28.62287,32.950314,29.882805,26.556696,25.381413,21.208607,19.692724,15.896061,14.784446
14,24.12632,22.69215,18.254444,16.67825,15.619134,10.099319,13.016042,7.3149033,8.599052,7.334581,8.370305,12.244517,6.646612,6.0628905,0.0,5.553898,6.7679315,10.259697,12.991312,15.985353,19.19288,21.893274,25.106367,27.980242,26.865477,26.345028,21.77777,19.634666,16.707335,15.237316,13.495385,12.820301,8.767537,11.024155,10.635286,14.130111,15.8129425,13.731296,14.981978,13.311737,16.39732,15.436307,18.35153,19.50938,21.869143,27.204311,25.843777,31.45056,31.735136,34.95408,32.3423,28.559267,33.83081,36.180256,32.532284,33.552612,28.59767,30.478514,27.138577,25.355013,23.347404,23.670555,21.148117,24.824738,20.677507,17.635538,21.128769,18.64555,22.88152,22.33751,25.108988,26.36702,21.824547,26.240953,23.786997,24.075762,26.064362,24.559126,29.570232,27.323534,31.480904,34.108963,29.847132,26.889286,22.408821,23.867718,17.700462,18.020836,14.349853,13.381884,15.662906,13.03592,16.778328,15.125143,14.445981,18.550964,20.081446,21.639185,17.54501,21.593763,19.476847,24.854757,21.961458,27.157072,31.864225,29.071033,25.651434,25.6995,21.130335,20.297642,17.274956,16.267645
15,24.007769,21.733547,18.229115,15.148361,13.780248,9.652897,10.2833,6.821293,5.4296727,8.360014,7.2796297,12.7478075,9.425469,6.9458137,5.553898,0.0,4.5240784,6.0578933,9.795253,12.494565,15.925747,18.989473,21.401703,24.722816,23.681673,22.542896,19.047657,15.830836,12.364117,11.302218,8.319316,9.621295,5.213437,10.048873,9.387782,13.32873,14.410185,12.622014,12.164229,9.454673,13.343285,10.922984,14.8174925,14.950467,18.344969,22.79416,22.101707,27.419006,27.993183,31.2262,28.656918,25.622744,30.941092,33.09331,29.929228,30.531393,25.808893,26.84938,23.459753,22.277029,18.998356,19.860882,17.152388,20.844442,17.83213,13.85945,18.118908,16.477829,19.96258,19.998768,21.621931,22.252329,17.296835,21.29303,18.51472,18.678856,20.523806,19.106653,24.066702,22.093174,26.246504,29.07629,24.909197,22.255617,17.7153,19.9567,13.64923,15.16832,12.389293,12.49021,15.771839,14.30381,18.406633,16.631561,14.78945,18.174555,19.576859,20.34883,15.62004,18.792027,15.724407,20.714426,17.227028,22.362854,26.895632,23.884592,20.487627,20.218273,15.691882,14.813058,11.778978,11.148271
16,19.874062,17.853354,14.378562,11.299306,10.746703,6.099038,9.061101,7.024629,8.195621,11.338923,11.585576,16.956123,12.68379,10.510993,6.7679315,4.5240784,0.0,4.603258,6.2644176,9.57696,12.516868,15.436889,18.451836,21.360682,20.336271,19.657032,15.30407,12.873376,10.10042,8.803332,8.067641,8.196176,7.859778,11.025013,12.351354,16.092924,18.051573,16.721281,16.41373,13.60787,17.64249,14.45823,17.988216,17.484407,20.466476,24.170013,23.237457,28.224785,27.905724,31.737597,29.772036,25.9124,31.259157,34.048965,31.272726,32.182526,27.674366,28.901564,25.916342,25.41508,22.0429,23.482723,20.925055,24.705006,22.189058,17.879183,22.088549,20.3061,23.497198,22.789371,24.673727,24.813465,20.274769,23.598175,20.267982,20.733189,21.783506,20.34429,24.870956,22.571903,26.593542,29.263865,25.3914,22.53904,18.300959,20.16595,14.224876,16.045038,13.040983,13.93697,17.428236,15.112185,18.789537,16.090725,14.374772,17.026155,19.800732,19.339527,14.644917,18.212633,15.113013,19.941666,16.911884,21.819113,26.50197,23.433561,20.091492,20.395998,16.189981,15.383292,13.538167,12.413656
17,19.766161,16.86339,14.368569,10.237201,8.785872,6.968612,5.9682307,7.216194,6.9968853,12.236196,12.193297,18.011774,15.238186,13.003379,10.259697,6.0578933,4.603258,0.0,4.9115634,6.5529346,10.397093,13.284226,15.572679,18.995543,17.845486,16.766722,13.568209,10.72605,7.141196,7.733844,5.628079,9.504326,9.365092,13.932373,14.518761,18.323252,19.447618,17.989273,16.433083,12.911977,16.438108,12.10373,15.203652,13.89811,16.909655,19.852541,19.124609,23.855415,23.574049,27.431293,25.599903,22.052439,27.370066,30.10676,27.719385,28.458935,24.22503,25.062477,22.300169,22.497265,18.75026,20.813265,18.57321,22.633383,21.318432,16.877836,21.800203,20.96798,23.576406,23.745337,24.39735,23.996538,18.903515,21.614216,17.870323,17.683868,18.304216,16.283072,20.7915,18.100046,22.116339,24.695566,20.81149,17.953722,13.766745,15.82674,10.010577,12.647995,10.550842,12.449859,16.426147,15.048218,18.692661,16.099493,13.554972,15.389305,17.897512,16.800327,11.80968,14.531185,10.857424,15.505904,12.319451,17.288057,21.99632,19.123056,15.735172,16.723022,12.066087,12.220623,10.783981,10.9168825
18,16.585966,13.919665,12.1488905,7.428265,7.8773575,6.887464,8.436863,10.823941,11.8235235,16.535814,16.703794,22.418583,18.818594,16.398726,12.991312,9.795253,6.2644176,4.9115634,0.0,4.0849166,6.2708116,9.398754,12.235222,15.132724,14.171143,13.432831,9.2954445,6.880627,4.8227954,4.930895,6.916806,8.563191,11.965528,14.927356,17.043415,20.546778,22.478773,21.597178,20.328678,17.015827,21.067,16.518635,19.81598,17.920254,20.904537,22.715628,22.123013,26.175974,25.043581,29.460182,28.319992,24.347647,29.51786,32.760757,30.931698,31.80044,27.921415,28.622791,26.218382,26.956888,22.80969,25.200277,22.904884,26.64673,25.61165,20.766806,25.297045,24.189308,26.446556,25.733553,26.725029,25.849064,21.546415,23.521154,19.448925,19.92089,19.721045,18.248672,21.905859,19.414015,23.066359,25.57725,22.30386,19.60617,16.063156,17.992609,13.159961,16.166428,14.231496,16.536901,20.44859,18.481867,21.68076,18.415705,16.16011,17.048605,20.79262,18.354067,13.701764,16.338491,12.56822,16.231215,13.508867,17.671324,22.21754,19.047844,15.956767,16.997568,13.50753,13.1574745,13.217377,12.394175
19,15.529767,12.062,11.510491,6.2300944,6.0172553,8.381001,7.3140373,12.03641,12.924555,18.176262,18.659834,24.491665,21.590523,19.400187,15.985353,12.494565,9.57696,6.5529346,4.0849166,0.0,4.504798,6.8580256,9.331433,12.59772,11.335502,10.640283,7.4182134,6.146974,4.378614,7.2968216,8.576815,12.123811,15.092851,18.70879,20.34324,23.927706,25.376535,24.278254,22.405226,18.75331,22.118423,17.054413,19.391985,17.030748,19.324528,20.224287,19.520594,23.07216,21.448513,26.095316,25.399096,21.247286,26.250278,29.724844,28.371483,29.297901,25.823734,26.444595,24.526596,25.992376,22.031828,24.934153,23.111364,27.102352,26.928587,22.251692,27.214748,26.702883,28.674042,28.56107,28.774431,27.544601,22.909552,24.309216,19.9606,19.78426,18.951752,16.779999,20.070702,16.866402,20.291388,22.418282,19.320877,16.474403,13.470383,14.918864,11.115051,14.382492,13.260039,16.277287,20.24007,18.74365,21.567444,18.28216,15.6454525,15.437589,19.311193,15.905801,11.501623,13.316994,9.486555,12.5354185,10.480337,14.276316,18.899311,16.226582,13.250177,15.726001,12.090863,13.075765,13.850736,14.103313
20,14.615956,11.502754,12.309868,7.271282,8.977084,11.370176,11.723201,16.147615,17.173237,22.302212,22.566126,28.367865,25.064045,22.605772,19.19288,15.925747,12.516868,10.397093,6.2708116,4.504798,0.0,3.6690717,6.2445,8.864594,8.003633,7.4496307,3.6264067,3.2980182,5.3049474,7.3989234,10.867922,12.819522,17.657131,20.251942,22.752264,26.028017,27.94373,27.328096,25.56701,22.091785,25.92636,20.754318,23.537113,20.757374,23.349579,23.294065,22.975721,25.80112,23.69645,28.603762,28.44757,24.409567,29.114876,32.787018,31.959946,32.828323,29.699957,29.983444,28.273708,30.060083,25.588509,28.643217,26.69239,30.290453,30.366762,25.356121,29.948519,29.303648,30.882288,30.149632,30.488626,28.8393,24.95959,25.68364,21.22744,21.6462,20.18753,18.763899,21.100037,18.484867,21.379166,23.477238,21.137136,18.77347,16.47673,18.06853,15.129479,18.62198,17.690022,20.73769,24.656734,22.92988,25.566996,22.020298,19.624617,18.948109,23.318718,19.227686,15.328493,16.730034,13.008844,14.622353,12.927419,15.462467,19.492678,16.502115,14.107739,16.163754,14.043203,14.344633,16.179255,15.736451
21,12.4520645,9.143989,11.446877,7.227831,9.305779,13.025911,13.207886,18.19402,19.711294,24.68832,25.445295,31.258764,27.939121,25.740688,21.893274,18.989473,15.436889,13.284226,9.398754,6.8580256,3.6690717,0.0,4.8322773,6.3440456,5.0474157,6.1177936,1.5988683,6.399495,8.709106,11.056625,14.351999,16.398909,21.141224,23.746923,26.257961,29.597652,31.494324,30.734505,28.928953,25.349184,28.846346,23.597227,25.708805,22.928337,24.762678,24.235956,23.602297,25.914,23.053587,28.202328,28.613651,24.085012,28.463982,32.523636,32.08319,33.181133,30.400557,30.89174,29.63298,31.816502,27.783514,31.048374,29.39371,33.17511,33.49687,28.630054,33.390167,32.851643,34.44632,33.81247,34.03142,32.275517,28.326834,28.822104,24.2945,24.433668,22.614374,20.830215,22.716106,19.631903,22.095547,23.65254,21.705734,19.255377,17.661959,18.430435,16.549294,19.661472,18.954214,22.211023,25.94825,24.160471,26.303276,22.595793,20.319847,18.780226,23.577717,18.680857,15.5495615,16.606974,13.640445,14.450334,13.978649,15.687207,19.476746,17.171738,15.207798,18.281836,16.347033,17.311266,19.371675,19.259722
22,16.708754,13.2723055,16.097261,11.72753,12.981929,16.993,15.7512245,21.277765,21.840622,27.40235,27.533003,33.3642,30.712091,28.199371,25.106367,21.401703,18.451836,15.572679,12.235222,9.331433,6.2445,4.8322773,0.0,4.155714,3.5568347,1.4264947,5.6080084,6.8952756,9.519414,12.404373,15.207969,18.076052,22.919867,25.779034,28.062366,31.219656,32.77096,32.250996,29.875738,26.263687,29.647974,24.074526,26.245237,22.76143,24.951014,22.991255,23.140852,24.518784,21.767384,26.819813,27.57976,24.065786,28.064178,31.822308,32.059483,32.738934,30.485868,30.153543,29.155157,31.900904,27.221958,30.79903,29.288263,32.67466,33.921467,28.968225,33.65248,33.64653,34.578213,34.24106,33.664253,31.380201,27.72778,27.316336,22.749266,22.80242,20.273218,18.804787,19.643959,17.020325,18.846825,20.36492,19.171824,17.45626,16.691696,17.992022,17.139675,20.8953,21.093782,24.588285,28.44437,27.304062,29.586525,26.166752,23.533096,21.783258,25.959993,20.903606,17.849886,17.637144,14.218637,13.290556,12.786096,13.035457,16.005306,13.566252,12.321912,15.481142,14.805382,15.985834,18.972311,19.242573
23,15.866587,13.115377,16.833572,13.388248,15.365439,19.363981,19.02164,24.373533,25.441328,30.742453,31.131685,36.967037,33.898922,31.444637,27.980242,24.722816,21.360682,18.995543,15.132724,12.59772,8.864594,6.3440456,4.155714,0.0,1.9645414,3.7744446,6.5184216,9.783762,13.088686,15.333242,18.847294,20.775572,26.232233,28.535032,31.276514,34.346928,36.226322,35.818295,33.67409,30.128351,33.659756,28.136503,30.2806,26.879854,28.826971,26.743504,26.723482,27.76033,24.473799,29.635849,30.834934,26.978405,30.671867,34.7174,35.215282,36.069984,34.008816,33.83581,33.04582,35.88903,31.354979,34.945652,33.43097,36.792637,37.943806,32.918625,37.477978,37.269318,38.208256,37.484325,37.18336,34.818066,31.507704,30.947515,26.423832,26.717249,24.035362,22.797024,23.214596,20.753538,22.153078,23.320978,22.632875,21.028461,20.628647,21.498186,20.98682,24.44646,24.459606,27.929482,31.671104,30.201338,32.192776,28.542986,26.190647,24.084072,28.733158,23.255976,20.722725,20.657312,17.798447,16.620275,16.747683,16.478968,18.891975,16.843615,16.087332,19.092861,18.899311,19.829659,22.921038,22.845366
24,14.647127,11.572731,15.31518,11.881004,13.671104,17.994007,17.423635,22.916803,24.118992,29.360249,29.958763,35.798424,32.791843,30.484465,26.865477,23.681673,20.336271,17.845486,14.171143,11.335502,8.003633,5.0474157,3.5568347,1.9645414,0.0,3.7864168,5.6025453,9.466072,12.373958,14.932917,18.164932,20.461536,25.52924,28.109537,30.656532,33.86539,35.640987,35.040447,32.89,29.263456,32.603462,27.104485,28.962442,25.708195,27.357769,25.498627,25.226309,26.418682,23.032885,28.248697,29.40454,25.276842,29.032812,33.169113,33.55374,34.521114,32.404007,32.445385,31.691618,34.51242,30.275867,33.862915,32.446056,36.007954,37.075275,32.172707,36.905106,36.716904,37.841877,37.30886,37.010586,34.79253,31.161623,30.847603,26.28348,26.336977,23.800068,22.182453,22.92457,20.038818,21.618828,22.693596,21.736998,19.856236,19.382704,19.963692,19.493713,22.768011,22.76644,26.25954,29.9422,28.48869,30.385763,26.75496,24.395092,22.173388,26.839935,21.310051,18.868706,18.83753,16.169466,15.17131,15.546901,15.541878,18.302546,16.48477,15.488425,18.983654,18.223627,19.496681,22.338072,22.481169
25,17.761368,14.429828,17.425488,13.123261,14.405229,18.372734,17.078812,22.61154,23.032177,28.66418,28.657234,34.47609,31.893517,29.298735,26.345028,22.542896,19.657032,16.766722,13.432831,10.640283,7.4496307,6.1177936,1.4264947,3.7744446,3.7864168,0.0,6.727799,7.6740637,10.4629545,13.220727,16.058798,18.851812,23.854458,26.6222,28.952599,32.023514,33.564217,33.152046,30.699152,27.122105,30.536423,24.923784,27.16581,23.53395,25.83038,23.516525,23.873676,24.970165,22.221323,27.227734,28.11771,24.856802,28.711935,32.404793,32.83571,33.419205,31.315165,30.780003,29.85283,32.718605,27.86669,31.49521,29.993628,33.23276,34.674984,29.681147,34.27775,34.352013,35.101665,34.73743,34.026436,31.591127,28.131752,27.448145,22.906624,23.032276,20.30123,19.047075,19.497984,17.140295,18.701077,20.188698,19.310852,17.864275,17.351831,18.7701,18.158884,22.01397,22.355894,25.869184,29.736893,28.673708,30.968195,27.5724,24.914858,23.120073,27.227678,22.123755,19.137383,18.713156,15.272914,13.935364,13.450068,13.218432,15.787703,13.311045,12.40042,15.380225,15.227916,16.313576,19.549013,19.796618
26,12.238867,9.38246,11.484717,7.438413,9.996979,13.071709,13.997874,18.566057,20.19178,25.030148,25.728224,31.51191,27.929295,25.66502,21.77777,19.047657,15.30407,13.568209,9.2954445,7.4182134,3.6264067,1.5988683,5.6080084,6.5184216,5.6025453,6.727799,0.0,6.1520457,8.917007,10.676582,14.478919,15.83224,20.991777,23.209967,26.004635,29.25342,31.366327,30.738266,29.11696,25.64128,29.376719,24.211973,26.619911,23.889475,25.94778,25.586784,25.006008,27.421482,24.635935,29.770435,30.115051,25.59433,30.020376,34.06662,33.53983,34.634796,31.756737,32.254585,30.876114,32.911537,28.75166,31.92268,30.120243,33.80663,33.931103,28.964447,33.56343,32.838253,34.449173,33.53142,33.997944,32.263866,28.533789,29.070383,24.583946,24.989632,23.238518,21.733137,23.622353,20.801186,23.297174,24.980871,23.0545,20.67066,18.934464,19.87464,17.69537,20.819296,19.884441,23.013285,26.757698,24.773777,26.975702,23.189573,21.048405,19.724163,24.632708,19.881083,16.667288,17.998764,14.968995,15.970834,15.256269,17.054247,20.78338,18.255987,16.293335,18.897926,17.159271,17.704786,19.759056,19.294048
27,17.718021,14.764743,15.391701,10.297403,11.675499,13.23447,13.321071,17.3419,17.560001,22.941486,22.470606,28.201632,25.124226,22.272135,19.634666,15.830836,12.873376,10.72605,6.880627,6.146974,3.2980182,6.399495,6.8952756,9.783762,9.466072,7.6740637,6.1520457,0.0,4.101127,5.6062355,9.446489,11.204888,16.605154,18.976162,21.57272,24.587465,26.49013,26.248837,24.32559,21.007187,25.19667,19.975079,23.462729,20.334867,23.75368,23.341623,23.651772,26.355625,24.77605,29.477364,29.133053,25.87325,30.579622,33.885387,33.1288,33.65635,30.545876,30.287178,28.364868,30.0951,24.901121,27.909506,25.72729,28.877668,29.17122,23.922398,28.20388,27.648643,28.81301,27.928545,28.082355,26.18655,22.73503,23.099598,18.673136,19.528606,17.974478,17.28353,19.358315,17.582142,20.442047,22.956032,20.77556,18.906523,16.525719,18.970133,15.815653,19.822601,19.12005,22.057487,26.100348,24.636501,27.609316,24.266996,21.74314,21.47456,25.392927,21.683868,17.480186,18.562008,14.271422,15.554272,13.005895,15.360482,19.044155,15.392563,13.085776,13.89706,12.597819,12.036919,14.349361,13.522214
28,19.09942,15.852995,15.4805355,10.190718,10.333184,11.328467,10.308201,14.112265,13.699622,19.32279,18.640982,24.395063,21.781181,18.959923,16.707335,12.364117,10.10042,7.141196,4.8227954,4.378614,5.3049474,8.709106,9.519414,13.088686,12.373958,10.4629545,8.917007,4.101127,0.0,4.1878514,5.7985296,9.573565,13.432107,16.800264,18.60675,21.859158,23.31398,22.765556,20.629612,17.155643,21.154701,15.931626,19.461409,16.50507,20.139723,20.429642,20.696756,23.999054,23.066671,27.452671,26.544153,23.529709,28.474192,31.45121,30.256092,30.68837,27.278687,27.078371,24.855906,26.257788,21.14866,24.009808,21.803158,25.160643,25.300367,20.186594,24.76069,24.366581,25.76835,25.44408,25.402018,23.829441,19.694193,20.648542,16.257116,16.687094,15.752426,14.584325,17.61272,15.565177,18.987114,21.71323,18.847712,16.729572,13.624252,16.409498,12.403263,16.490156,15.771143,18.560509,22.655266,21.52441,24.776733,21.780788,19.057201,19.356647,22.61399,19.682362,15.051245,16.259012,11.65793,13.922724,10.595219,14.089445,18.2502,14.636835,11.707361,12.460662,9.749908,9.44591,10.896424,10.600658
29,20.218418,17.668987,16.587132,11.741776,12.54595,11.560511,12.540608,14.580012,14.250835,19.214657,18.116001,23.62121,20.327736,17.191154,15.237316,11.302218,8.803332,7.733844,4.930895,7.2968216,7.3989234,11.056625,12.404373,15.333242,14.932917,13.220727,10.676582,5.6062355,4.1878514,0.0,5.3899174,5.718141,11.237354,13.402497,16.046032,19.014956,21.119835,21.027243,19.542418,16.558298,21.338314,16.704315,21.178938,18.634157,22.838953,23.805994,24.157835,27.78598,27.129942,31.392864,30.206139,27.259398,32.32236,35.178474,33.648167,34.047825,30.341524,30.193823,27.592655,28.379578,23.057951,25.417158,22.739443,25.678423,25.019133,19.676376,23.594793,22.543749,24.059996,22.860218,23.691319,22.35992,18.906862,20.269732,16.232304,17.5948,17.227978,17.016464,20.125978,18.91262,22.371712,25.376858,22.511568,20.568655,17.164362,20.184887,15.512641,19.308475,17.936224,20.153156,24.154572,22.587933,26.075594,23.051933,20.696522,21.717375,25.040485,22.685595,17.912626,19.805117,15.34363,18.050884,14.482325,18.05904,22.018997,18.03592,15.216914,14.437876,12.370308,10.414964,11.282236,9.361253
30,23.38222,20.372826,18.766092,13.9485855,13.2446165,12.07699,10.859464,12.369741,10.363042,15.828987,13.968216,19.467623,17.387794,14.199605,13.495385,8.319316,8.067641,5.628079,6.916806,8.576815,10.867922,14.351999,15.207969,18.847294,18.164932,16.058798,14.478919,9.446489,5.7985296,5.3899174,0.0,6.9546204,8.2263775,12.498079,13.326015,16.577482,17.62582,17.103788,14.8965225,11.580584,16.104738,11.342385,16.137783,13.680759,18.436083,20.002327,20.587772,24.664953,24.980984,28.648249,26.79784,24.629398,29.755146,31.996746,30.096392,30.200434,26.297897,25.929142,22.970663,23.384558,17.928062,20.086697,17.35892,20.435986,19.886032,14.652418,19.086056,18.5907,20.195068,20.155067,20.221575,19.203978,14.680932,16.711046,12.813872,13.464764,13.990366,13.329208,17.410723,16.183048,20.059664,23.26218,19.80379,17.891027,13.888595,17.444708,12.128083,15.977996,14.973268,16.886568,20.871487,20.129097,23.955214,21.624422,18.954176,20.57498,22.671951,21.376356,16.366232,17.905916,13.293979,16.545856,12.237661,16.554947,20.618845,16.819458,13.641487,12.547857,9.109295,7.3584533,6.496078,5.7147126
31,23.768553,21.831486,19.666462,15.610462,16.26494,13.13787,15.342301,14.933198,14.216492,17.935987,16.071611,20.878992,17.093933,13.602828,12.820301,9.621295,8.196176,9.504326,8.563191,12.123811,12.819522,16.398909,18.076052,20.775572,20.461536,18.851812,15.83224,11.204888,9.573565,5.718141,6.9546204,0.0,7.514226,7.8758993,11.312189,13.873115,16.670168,17.08538,16.578377,14.486472,19.932463,16.49794,21.875298,20.116673,24.863516,26.944778,27.352232,31.554007,31.55321,35.439693,33.656395,31.00357,36.222088,38.70375,36.572906,36.863415,32.7271,32.670605,29.528227,29.345413,24.049826,25.563843,22.388386,24.777672,22.886309,17.598148,20.540852,18.59562,20.484562,18.380465,20.472935,19.886724,17.090818,19.463032,16.309546,18.404547,19.164295,19.686626,23.238592,22.738781,26.39533,29.696753,26.538685,24.6945,20.78884,24.069082,18.5735,21.854322,19.877218,21.165167,24.856895,23.089643,26.899935,24.240454,22.31147,24.429234,27.244116,26.070717,21.152826,23.6495,19.382872,22.800385,18.829893,22.840796,26.747831,22.588343,19.701061,17.629488,15.610192,12.513402,11.840125,8.427575
32,27.505783,25.310923,22.191492,18.629475,17.849785,13.89329,14.708979,12.034265,9.732078,12.248092,9.169526,13.515808,10.670981,6.8886294,8.767537,5.213437,7.859778,9.365092,11.965528,15.092851,17.657131,21.141224,22.919867,26.232233,25.52924,23.854458,20.991777,16.605154,13.432107,11.237354,8.2263775,7.514226,0.0,6.025684,5.2982793,8.980798,10.549809,9.981983,9.733281,7.987754,13.326728,11.413385,16.904943,16.481287,21.186085,24.908869,25.105122,30.078331,31.11423,34.202255,31.524813,29.418802,34.66385,36.443047,33.49573,33.638065,29.063095,29.274553,25.619036,24.281918,19.7905,20.308262,16.997437,19.517286,16.315378,11.663416,14.809967,12.667926,15.776312,15.047079,17.150452,17.881207,13.811577,17.973879,15.759161,16.934557,19.17414,19.065376,23.677902,22.959892,26.9785,30.26751,26.389557,24.386545,19.91395,23.104422,16.941938,19.241236,17.073416,17.212719,20.390009,19.284904,23.442606,21.816965,19.9846,23.249645,24.529846,25.164278,20.282463,22.919933,19.195076,23.515278,19.339151,24.096853,28.176632,24.528498,21.33949,19.395782,15.995134,13.591662,10.414353,8.300196
33,29.251211,27.780262,24.505167,21.416296,21.536669,16.832357,19.503927,16.39459,15.231741,16.468292,13.7773695,16.768478,12.664004,9.173846,11.024155,10.048873,11.025013,13.932373,14.927356,18.70879,20.251942,23.746923,25.779034,28.535032,28.109537,26.6222,23.209967,18.976162,16.800264,13.402497,12.498079,7.8758993,6.025684,0.0,5.261724,6.885669,10.829486,11.74063,13.289699,13.000671,18.345026,17.204798,22.81959,22.42638,27.206068,30.782658,31.043097,35.919197,36.704155,40.013477,37.47625,35.1495,40.437885,42.392048,39.445667,39.653564,35.04726,35.286182,31.600365,30.093199,25.511265,25.759161,22.272493,24.003246,20.194616,15.834645,17.160675,13.775672,16.739965,13.782961,17.887512,18.930817,16.77267,20.685566,19.02055,21.21772,23.323786,24.079931,28.20224,28.054482,31.918856,35.352745,31.75287,29.88571,25.531961,28.761814,22.645763,24.951403,22.421698,22.391146,25.31917,23.54543,27.52029,25.657007,24.350388,27.702215,29.550549,30.014046,25.202795,28.228323,24.476212,28.662994,24.518412,29.025627,32.981133,28.953287,25.937077,23.28642,20.866793,17.605335,15.191448,11.806454
34,31.98207,30.116602,26.634762,23.50928,22.791492,18.262411,19.535473,15.774035,13.439575,13.922735,10.15996,12.218614,9.665506,6.0838532,10.635286,9.387782,12.351354,14.518761,17.043415,20.34324,22.752264,26.257961,28.062366,31.276514,30.656532,28.952599,26.004635,21.57272,18.60675,16.046032,13.326015,11.312189,5.2982793,5.261724,0.0,3.944522,6.2176557,6.490825,8.496724,9.085859,13.918574,14.074126,19.541035,19.859919,24.600975,28.83394,29.148146,34.260918,35.75682,38.48376,35.443653,33.74198,38.916042,40.311974,37.012714,37.003517,32.291203,32.477463,28.5492,26.402086,22.261555,21.837448,18.351439,19.902006,15.352423,11.664038,12.808518,9.324911,13.188274,11.739351,15.335669,17.203926,14.234783,19.05901,18.045704,19.588158,22.46334,22.919443,27.461218,27.31573,31.263931,34.67193,30.770014,28.976267,24.478188,27.725204,21.548388,23.376902,21.086655,20.46846,23.008986,21.983934,26.099676,24.99372,23.601662,27.398117,28.158012,29.595871,24.878828,27.64181,24.153702,28.5389,24.28082,28.99136,32.88216,29.168959,26.085848,23.453058,20.480701,17.670322,14.189234,11.849949
35,35.45318,33.726643,30.27098,27.159588,26.618805,22.02003,23.45539,19.665476,17.271235,17.340097,13.395085,14.150213,12.21751,9.2524805,14.130111,13.32873,16.092924,18.323252,20.546778,23.927706,26.028017,29.597652,31.219656,34.346928,33.86539,32.023514,29.25342,24.587465,21.859158,19.014956,16.577482,13.873115,8.980798,6.885669,3.944522,0.0,4.6956434,6.927353,9.804641,11.619346,16.057177,16.950304,22.53689,22.87324,27.860497,31.942856,32.543877,37.542297,39.282524,41.860085,38.71046,37.39441,42.50959,43.68324,40.371056,40.17804,35.51476,35.43702,31.407589,29.020275,24.716784,23.900414,20.32718,20.957613,16.112072,12.99769,12.320997,8.053035,11.6322975,9.008071,13.880938,16.335022,14.742936,19.505358,19.302237,21.301605,24.378733,25.455196,29.711807,30.161987,33.97316,37.523464,33.76512,32.248886,27.827848,31.304558,25.218317,27.114391,24.935637,24.18545,26.529854,25.596725,29.666159,28.71288,27.43979,31.315119,31.949074,33.525436,28.809841,31.483345,27.899576,32.09737,27.683043,32.207596,35.85953,31.967707,29.039106,25.737661,23.365875,20.100645,16.774197,14.127339
