,0,1,2,3,4,5,6,7,8,9,10,11,12,13,14,15,16,17,18,19,20,21,22,23,24,25,26,27,28,29,30,31,32,33,34,35,36,37,38,39,40,41,42,43,44,45,46,47,48,49,50,51,52,53,54,55,56,57,58,59,60,61,62,63,64,65,66,67,68,69,70,71,72,73,74,75,76,77,78,79,80,81,82,83,84,85,86,87,88,89,90,91,92,93,94,95,96,97,98,99,100,101,102,103,104,105,106,107,108,109,110,111,112
0,0.0,4.433152,6.504797,9.4235,11.222884,14.715004,16.48148,21.530537,23.500956,27.197325,30.567059,35.109486,32.6576,31.149462,27.115946,24.942396,21.017778,20.764374,15.598083,14.684579,13.36862,10.378296,12.726611,14.129435,14.073951,18.015905,17.061316,19.418232,19.233685,17.689438,23.598827,19.74569,28.040934,24.395971,29.1326,29.044243,32.311775,34.655933,31.20181,29.94729,32.83332,31.90891,26.808405,28.707905,26.185163,27.92024,29.014727,29.974266,28.811598,32.76696,31.650356,28.943419,33.37101,36.1873,32.528465,32.245674,37.49695,37.18256,35.310318,37.39402,42.47883,40.041264,39.415047,43.375618,45.16662,40.86784,40.470306,39.21093,34.90303,35.294373,31.161228,32.697227,34.22383,32.38013,37.402443,35.431458,41.069324,41.14499,41.742275,46.26643,43.302322,38.508347,35.781708,33.852226,29.922762,28.377966,25.511183,23.657215,18.850622,19.075697,16.109669,18.988523,17.48027,14.604319,16.250048,17.91887,12.379482,10.356341,15.332457,16.050873,18.999365,21.068249,21.620974,25.555643,26.731735,28.609129,28.853228,27.555506,25.606382,25.90084,27.947086,26.900436,31.260277
1,4.433152,0.0,4.674866,6.602518,7.2526064,10.948795,12.238208,17.226427,19.244915,22.844484,26.409681,30.801039,28.443155,27.095394,23.052528,20.969076,17.218996,16.965029,12.6432295,11.458104,11.464081,9.144995,11.994414,14.420032,15.81179,18.823133,16.969744,19.203234,17.5578,16.395947,21.520844,17.326946,25.258411,21.2683,26.095251,25.623764,29.266092,31.831776,28.78219,27.90603,30.58255,29.863636,25.192184,26.921719,25.104105,26.519236,28.547215,29.430956,28.273052,31.85672,30.525255,27.498245,32.107246,34.609894,30.455976,30.44502,35.577343,34.821167,32.79223,35.163265,40.1573,37.188194,36.789692,40.787163,42.29644,37.90527,37.91162,37.175552,32.497276,32.582317,28.275705,29.795319,30.922516,29.14783,33.931625,32.00311,37.65747,37.398357,38.388084,42.76755,40.020084,35.075783,32.15186,30.481243,26.42299,25.257736,21.864416,20.516441,15.810091,16.374449,14.047351,17.172747,16.20664,14.349894,15.698999,16.183521,10.82382,7.332515,11.847782,12.137344,15.397784,17.50494,18.568922,22.490013,24.15651,26.395391,25.913734,24.37315,22.031178,21.984297,23.836695,22.593012,26.91301
2,6.504797,4.674866,0.0,5.010954,7.929731,9.003353,12.806434,16.544645,19.15613,22.515333,25.844461,30.509403,27.292585,25.715021,21.428877,19.652607,15.401823,16.108528,10.392425,11.53269,10.720083,9.703288,13.823387,15.303227,16.983429,19.870424,19.07454,19.972515,18.71842,16.31351,21.526276,16.228287,23.748964,19.191576,23.969934,23.392754,26.556513,29.049952,25.952711,25.121836,28.306273,28.085793,23.584631,26.090855,24.06722,26.559603,28.302334,29.966526,29.631025,32.759274,30.864244,28.588743,33.546585,35.342712,31.374496,32.24334,36.94866,35.782974,34.3255,36.99939,41.470688,38.47644,38.78866,42.816063,44.4059,40.291878,40.769684,40.22824,35.561718,35.294987,30.948019,31.809542,32.67139,30.298088,35.08526,32.46276,38.113003,37.27746,37.997585,42.150963,38.957283,34.112324,31.352879,30.04062,26.15397,25.55469,22.10316,21.878069,17.127783,18.79773,17.08635,20.656635,20.296957,18.470102,20.21188,20.617985,15.427828,11.4963455,15.417631,14.856995,18.592508,20.005463,21.994131,25.29163,27.648203,30.325209,29.450712,27.580221,25.148724,24.208717,25.921562,23.92718,28.106932
3,9.4235,6.602518,5.010954,0.0,4.4748406,6.4814525,9.391866,14.050571,15.594618,19.507586,22.062956,27.068441,24.351458,22.345915,18.758596,16.04133,12.052832,11.818448,6.2097116,6.6661477,6.1322403,6.256481,10.714718,12.518398,15.560608,17.263695,16.1211,16.38782,14.319269,11.936361,16.64267,11.352824,19.053059,14.989975,19.764183,19.664618,22.996326,25.405506,22.201279,21.31348,24.060703,23.57372,19.149446,21.346992,19.74436,21.92329,24.231417,25.838074,25.676924,28.42124,26.349289,24.06585,29.153975,30.628578,26.55897,27.79496,32.265335,30.903921,29.624996,32.438442,36.674458,33.68691,34.29344,38.3174,39.99926,36.12796,36.886948,36.484913,31.891306,31.35037,27.057318,27.406857,28.255636,25.578854,30.475935,27.658201,33.29847,32.688545,33.16885,37.454514,34.274643,29.47128,26.802896,25.217213,21.37726,20.613552,17.42957,17.266518,12.551439,14.8754635,13.878624,17.781887,18.416832,17.2554,19.509962,19.548079,15.743656,10.802297,14.065721,12.422544,16.423786,16.540154,19.316162,21.680494,24.658577,27.922417,26.842781,24.619083,22.895851,20.977903,23.226717,20.981125,25.330004
4,11.222884,7.2526064,7.929731,4.4748406,0.0,6.0731497,5.5021367,11.395254,12.415503,16.480549,19.417894,24.077873,22.101946,20.448988,17.065317,14.220984,10.964793,9.859969,7.4043803,5.011413,7.6546035,7.626915,10.732649,13.853666,17.339737,18.484833,15.9554205,17.094238,13.425159,12.652199,16.084343,11.620957,18.808842,14.906863,19.671734,19.192024,23.23031,25.884726,23.225985,22.729836,24.826374,24.200495,20.237396,21.58706,20.887983,21.852789,25.149841,26.057943,25.28384,27.985685,26.191038,23.085468,27.98224,29.676182,25.042507,25.868746,30.490868,29.018158,27.164417,30.019112,34.527184,31.051147,31.361206,35.384323,36.735497,32.58745,33.401657,33.35253,28.441824,27.845999,23.434412,24.215176,24.834703,22.669296,27.309546,25.05294,30.71159,30.179848,31.274296,35.56792,32.949047,27.935217,24.935575,23.371284,19.264515,18.506855,14.731606,14.333984,9.856238,11.820251,11.327768,14.99429,15.836135,15.630663,17.317083,16.414072,13.335495,7.990448,10.097091,8.032353,12.093576,12.385274,15.2514305,17.840118,20.88085,24.189077,22.679918,20.420965,18.465271,16.623253,18.825022,16.825525,21.26946
5,14.715004,10.948795,9.003353,6.4814525,6.0731497,0.0,6.686168,8.188661,10.931603,13.993776,17.098244,21.804863,18.366592,16.71722,12.550493,10.743646,6.541614,8.135339,5.238706,7.9072447,10.126158,11.886037,15.860028,18.11461,21.756952,22.78286,21.109978,20.99172,17.418716,15.514128,18.086407,12.061588,17.40781,11.896004,16.677492,15.187416,19.052217,21.972532,19.896734,20.04399,22.68052,23.133768,20.067366,22.317356,21.9698,24.049847,27.433216,29.16616,29.287327,31.237434,28.740389,26.427658,31.603369,32.25799,27.64208,29.598904,33.51309,31.262064,29.989834,33.30356,37.040195,33.133327,34.41849,38.384876,39.50223,35.628166,37.210625,37.7513,32.71047,31.59493,27.189362,27.312593,27.165028,24.499416,28.629707,25.609037,31.116602,29.296465,30.556053,34.254715,31.285624,26.262743,23.252043,22.726324,18.838766,19.569902,15.170592,17.202744,13.4705,16.59795,16.986845,20.659256,21.793118,21.695742,23.242872,21.969994,18.517645,13.387674,14.612449,12.180207,16.143307,16.17095,19.873562,21.887669,25.60142,29.166372,26.852295,24.3293,21.714159,18.985304,20.32068,17.21807,21.05484
6,16.48148,12.238208,12.806434,9.391866,5.5021367,6.686168,0.0,7.0436096,7.1369004,11.242743,14.402546,18.744362,17.306404,15.9755535,13.040975,10.176236,8.300689,6.576374,8.841907,6.364609,11.003799,12.119523,14.3492155,17.791142,21.86597,22.122114,18.936802,19.835632,14.672073,14.909214,16.043365,12.066836,17.151018,13.173401,17.5642,16.383108,21.039883,23.947428,22.21575,22.419708,23.847486,23.5315,20.693512,21.460173,22.053434,22.24479,26.672445,27.305586,26.51972,28.51392,26.5878,23.167267,27.922106,29.072882,23.8803,25.063013,29.222515,27.091217,25.013226,28.219658,32.415325,28.130058,28.812752,32.760685,33.60118,29.416819,30.907799,31.713062,26.448158,25.325869,20.861198,21.500626,21.286064,19.354755,23.337332,21.267847,26.81966,25.731342,27.585108,31.580479,29.474237,24.277943,20.929321,19.885714,15.647912,15.774805,10.946704,12.010943,8.948868,11.397578,12.635466,15.727254,17.345787,18.446524,19.532747,17.32551,15.616837,10.590822,9.866012,6.499878,10.166038,9.639234,13.634901,15.465862,19.28998,22.994425,20.333689,17.71121,15.372553,12.39506,14.211545,11.610029,15.9720545
7,21.530537,17.226427,16.544645,14.050571,11.395254,8.188661,7.0436096,0.0,5.1506095,6.192476,10.83182,14.421495,11.370368,10.917874,6.811526,6.602928,6.0579643,7.602119,11.539064,12.202404,16.307379,18.252798,21.09612,24.12691,28.277641,28.524258,25.753366,25.955479,20.76511,20.396158,20.49126,15.775352,17.999657,12.77477,16.446997,13.452797,18.264181,21.585089,21.252337,22.501095,24.010033,24.878387,23.407383,24.654934,25.926008,26.719193,31.43696,32.57226,32.3829,33.644173,31.214361,28.325766,33.10155,33.285328,28.008474,30.07761,33.435257,30.455744,28.742102,32.346058,35.71461,30.703388,32.287746,36.026054,36.28264,32.326313,34.70118,36.390377,30.949165,29.279865,24.98873,25.195948,23.843077,21.882444,24.66105,22.221674,27.291515,24.44098,27.141613,30.164646,28.194757,22.970356,19.39332,20.007599,16.189543,18.342192,12.8170185,16.603409,14.870468,17.76503,19.547125,22.38004,24.015795,25.306013,25.98026,23.230494,21.200428,16.607483,15.096184,12.199456,14.911201,14.678586,18.841421,20.193338,24.350536,28.013376,24.323744,21.639402,18.294905,14.758775,14.739189,10.836318,13.760567
8,23.500956,19.244915,19.15613,15.594618,12.415503,10.931603,7.1369004,5.1506095,0.0,4.795389,7.394729,11.663784,10.755121,9.610512,8.254377,5.4709177,7.3481903,5.8274994,12.436318,11.448607,16.015032,18.196932,20.140606,23.277714,27.85604,27.23939,24.087019,24.09933,18.238821,18.756151,17.376768,14.072573,15.244777,11.588253,14.627469,12.467753,17.510462,20.55047,20.24838,21.41638,21.969181,22.316708,21.272467,21.604198,23.647243,23.452785,28.780203,29.46903,29.17318,30.001427,27.687399,24.584902,29.098232,29.067526,23.630299,25.808134,28.83351,25.676064,23.909391,27.595015,30.769966,25.612896,27.366434,31.047514,31.295298,27.540564,30.207077,32.113667,26.804867,24.832216,20.711472,20.432253,18.873138,16.831371,19.524408,17.162695,22.271622,19.882793,22.614332,25.934044,24.317522,19.040283,15.35433,15.527762,11.604759,13.752962,8.115894,12.464251,12.003021,14.990329,17.697695,20.190788,22.600887,24.512596,25.394424,22.462172,21.888943,17.288404,15.153215,11.6386595,13.779347,11.771009,16.571136,16.543396,21.245491,25.352314,21.51514,18.522436,16.335627,11.441347,12.294222,8.165591,11.451331
9,27.197325,22.844484,22.515333,19.507586,16.480549,13.993776,11.242743,6.192476,4.795389,0.0,5.933147,8.306849,6.8671684,7.3877764,6.388388,6.7275677,9.718863,9.919132,16.18292,16.07343,20.507463,22.74622,24.869215,28.007593,32.535625,32.01681,28.859688,28.8539,22.97744,23.416475,21.710947,18.342892,18.072006,14.19768,16.365288,13.096524,17.95899,21.13277,21.929546,23.726006,24.162186,25.13825,24.90681,25.333302,27.71919,27.624578,33.079727,33.850327,33.662914,34.187088,31.779133,28.808214,33.135693,32.72573,27.277212,29.63745,32.221954,28.690384,26.96072,30.718151,33.442516,27.814806,29.886215,33.312485,33.01346,29.36218,32.49192,35.00811,29.61335,27.407015,23.527689,23.288471,20.993113,19.410257,20.903065,18.805683,23.22675,19.628025,23.277525,25.720083,24.591713,19.47144,15.688855,17.167507,13.914367,17.088408,11.703361,16.621128,16.71316,19.449192,22.196903,24.420137,26.658161,28.746529,29.226465,25.886953,25.221012,20.967314,18.323292,15.229829,16.778591,15.43807,19.824917,19.820011,24.349646,28.198454,23.757204,20.922354,18.04424,13.421599,12.697206,8.246627,9.598682
10,30.567059,26.409681,25.844461,22.062956,19.417894,17.098244,14.402546,10.83182,7.394729,5.933147,0.0,5.729245,6.4201207,4.978608,8.408245,6.9656506,11.41265,10.552798,17.585802,17.464283,21.478024,24.308985,26.054365,28.726942,33.61886,32.252247,29.415947,28.508059,22.624977,23.120829,19.870926,17.577824,14.727915,12.622586,13.125192,10.542419,14.950479,17.646517,18.99356,21.019747,20.456856,21.469753,22.406075,22.317318,25.548866,25.146257,30.887154,31.721407,32.072876,31.696655,29.020042,26.63933,30.739122,29.37418,24.202084,27.460186,29.050407,24.965899,23.973099,27.93827,29.658186,24.03221,27.12632,30.325003,30.128502,27.289953,31.074625,33.821815,28.91661,26.215918,22.84543,21.307093,18.63416,16.307291,17.257782,14.291741,18.278696,14.089542,17.563543,19.841543,18.711405,13.65819,9.8842535,12.020364,9.645559,13.890945,9.663615,15.73351,17.047249,20.236912,23.642397,25.801968,28.78552,31.04887,32.0465,28.94628,29.07572,24.567179,22.144875,18.633043,20.112097,17.152765,22.008703,20.356853,25.430906,29.756214,25.437162,22.338663,20.963463,15.224774,15.463678,11.309458,12.09072
11,35.109486,30.801039,30.509403,27.068441,24.077873,21.804863,18.744362,14.421495,11.663784,8.306849,5.729245,0.0,6.586435,8.063503,11.6525755,12.144326,16.44443,15.984182,22.980482,22.6462,26.918104,29.501007,31.04176,33.996933,38.832,37.485855,34.260273,33.750404,27.61527,28.578272,25.077532,23.239817,20.033485,18.218103,18.220772,15.307585,19.128258,21.638014,23.829912,26.163109,25.281134,26.453392,27.875067,27.456423,30.99171,30.111755,36.072304,36.57092,36.635773,36.092163,33.663235,31.024815,34.64467,33.23219,28.019138,30.922195,32.146606,27.93032,26.609127,30.41077,31.808167,25.681372,28.689816,31.458015,30.460108,27.707994,31.895952,35.3822,30.45441,27.580378,24.638723,23.452076,20.03958,18.858736,18.120878,16.418283,19.11548,14.047548,18.982664,20.067093,20.307114,15.950477,12.524366,15.490818,14.043771,18.210546,14.428219,19.872774,21.75503,24.313791,27.80846,29.452776,32.289944,34.96617,35.4356,31.806637,32.331097,28.320787,25.148775,22.021858,22.691385,20.250113,24.509089,22.80807,27.488693,31.426357,26.524948,23.704855,21.969597,16.717047,15.623685,12.077,10.560575
12,32.6576,28.443155,27.292585,24.351458,22.101946,18.366592,17.306404,11.370368,10.755121,6.8671684,6.4201207,6.586435,0.0,3.9243362,6.2477674,8.983724,12.727022,14.084671,19.909927,21.198307,25.020626,27.8768,30.359322,32.98033,37.670273,36.890266,34.31846,33.43436,27.868185,27.670536,25.269749,21.749939,18.964188,15.372953,15.79475,11.655682,15.401784,18.377073,20.7136,23.323807,23.486155,25.44954,26.60381,27.36667,30.202526,30.704794,36.08076,37.38283,37.950882,37.70035,34.806057,32.696182,36.988503,35.52125,30.472404,33.809315,35.43266,31.274988,30.384584,34.34355,35.928783,30.227825,33.374912,36.470497,35.976955,33.078182,36.910797,39.84398,34.74803,32.13105,28.676855,27.552488,24.73106,22.6935,23.207943,20.39477,23.789295,18.52218,22.27351,23.407686,22.232735,17.706074,14.421954,17.605825,15.6869,20.09671,15.649387,21.639095,22.169891,25.425627,28.392706,30.769123,33.262573,35.24734,35.961445,32.725796,31.90103,27.467823,25.12656,21.977905,23.631884,21.89573,26.461195,25.766842,30.54676,34.540455,29.929485,27.046038,24.48286,19.584206,18.571121,14.30817,13.963657
13,31.149462,27.095394,25.715021,22.345915,20.448988,16.71722,15.9755535,10.917874,9.610512,7.3877764,4.978608,8.063503,3.9243362,0.0,5.5130806,6.367458,10.459956,11.516491,17.328434,18.847673,22.315586,25.47858,27.977505,30.263477,35.05989,34.02827,31.813688,30.432734,25.113922,24.603807,22.000708,18.469501,15.125581,11.744622,11.882593,7.9077005,11.904247,14.894809,16.950743,19.494,19.586441,21.546265,22.7995,23.674465,26.521183,27.279154,32.517357,34.046665,34.95062,34.523678,31.430456,29.704517,34.13715,32.414623,27.577337,31.323868,32.814125,28.627867,28.164602,32.196148,33.611626,28.266329,31.713629,34.912735,34.855328,32.190773,35.973625,38.57,33.684536,31.047264,27.580135,25.943295,23.445639,20.712444,21.838387,18.267393,21.984488,17.036139,19.904139,21.516666,19.615257,14.892473,11.673693,14.624349,12.72078,17.237514,13.154219,19.45313,19.905489,23.573353,26.603422,29.223986,31.97764,33.76589,34.921707,32.066998,31.270792,26.503134,24.662357,21.215178,23.278841,20.889633,25.80949,24.722063,29.773108,34.062748,29.829418,26.763138,24.833977,19.47102,19.37887,14.980389,15.614127
14,27.115946,23.052528,21.428877,18.758596,17.065317,12.550493,13.040975,6.811526,8.254377,6.388388,8.408245,11.6525755,6.2477674,5.5130806,0.0,5.099652,7.168608,9.967587,14.400436,16.63896,20.073753,22.913187,25.989716,28.40184,32.855015,32.598988,30.448484,29.53981,24.519436,23.55457,22.48118,17.694447,16.783865,11.546862,13.550846,9.244506,13.578362,16.97688,18.069344,20.23894,21.498194,23.402523,23.441113,25.009928,26.926483,28.291683,33.087753,34.785988,35.444046,35.78353,32.78437,30.785404,35.570354,34.57638,29.603924,32.815113,35.154896,31.437592,30.567982,34.48753,36.722954,31.542278,34.292225,37.77953,37.88597,34.63063,37.82622,40.00559,34.808086,32.596508,28.6701,27.82634,25.82275,23.270725,25.2223,21.930662,26.309486,22.025007,24.711145,26.791086,24.580742,19.695553,16.412283,18.469019,15.643507,19.309397,14.381429,19.932795,19.114908,22.705854,25.052912,27.972607,30.12319,31.465857,32.45807,29.751717,27.951956,23.200563,21.785135,18.657005,21.18662,19.94832,24.593699,24.779343,29.47475,33.476414,29.443054,26.54308,23.69312,19.202206,18.876211,14.450421,15.858597
15,24.942396,20.969076,19.652607,16.04133,14.220984,10.743646,10.176236,6.602928,5.4709177,6.7275677,6.9656506,12.144326,8.983724,6.367458,5.099652,0.0,4.529688,5.367148,11.168287,12.601029,16.099562,19.16426,21.860321,24.175129,28.86662,28.1451,25.994629,24.832132,19.701393,18.909058,17.412643,13.007092,12.361852,7.5800343,10.226618,7.241261,12.263914,15.460058,15.514825,17.144926,18.055817,19.282173,18.951664,20.168571,22.198294,23.237122,28.167852,29.7246,30.394897,30.685122,27.715464,25.704699,30.531199,29.58773,24.646528,27.938612,30.329762,26.757368,26.004932,29.909721,32.249935,27.403706,30.124826,33.72825,34.244923,31.104382,34.128536,35.95303,30.972776,28.787445,24.87092,23.651976,22.0671,19.038147,21.724417,18.095919,22.947401,19.640789,21.605087,24.51914,22.010809,16.88209,13.564732,14.546339,11.265149,14.486485,9.690963,15.2844,14.546361,18.450636,21.039358,24.046001,26.606262,27.981667,29.40112,26.998068,25.768995,20.747324,19.60168,16.054426,18.793299,16.532688,21.536465,21.106794,26.05403,30.365738,26.755144,23.67562,21.792234,16.733913,17.597677,13.287707,15.751858
16,21.017778,17.218996,15.401823,12.052832,10.964793,6.541614,8.300689,6.0579643,7.3481903,9.718863,11.41265,16.44443,12.727022,10.459956,7.168608,4.529688,0.0,4.5915546,7.259255,10.043387,12.984521,15.9657955,19.328537,21.434208,25.824831,25.707708,23.97096,22.887814,18.447302,16.846783,16.993874,11.309593,13.19063,7.2020793,11.372179,9.035537,13.45838,16.61694,15.5727,16.611874,18.555243,19.650417,18.162457,20.144257,21.126247,22.975622,27.208494,29.082941,29.766848,30.643461,27.684626,25.774923,30.896435,30.443665,25.70519,28.694307,31.657112,28.56812,27.788258,31.515495,34.336597,29.966114,32.24744,36.035664,36.897434,33.522556,35.998497,37.251266,32.262722,30.476217,26.317827,25.489788,24.553123,21.443878,24.895512,21.278727,26.454086,23.738928,25.150883,28.392256,25.43665,20.411837,17.369865,17.65625,14.128499,16.285084,11.669051,15.987908,13.832861,17.799,19.593758,23.03245,25.13569,25.863075,27.475096,25.587147,23.421137,18.218939,18.06648,14.77306,18.194084,16.680662,21.387981,21.870663,26.468601,30.593334,27.513397,24.581356,22.414288,18.134518,19.273628,15.286689,18.437262
17,20.764374,16.965029,16.108528,11.818448,9.859969,8.135339,6.576374,7.602119,5.8274994,9.919132,10.552798,15.984182,14.084671,11.516491,9.967587,5.367148,4.5915546,0.0,7.3648834,7.345495,11.079092,14.030422,16.512056,18.9017,23.627918,22.883564,20.647938,19.67869,14.567709,13.852869,13.137994,8.554715,11.061162,6.9173517,11.027086,10.185876,14.768741,17.54662,16.017567,16.561243,17.657722,17.805532,16.016525,17.063646,18.45836,19.285791,24.029413,25.372948,25.734808,26.588268,23.865204,21.521172,26.534824,26.299475,21.364145,24.150585,27.220293,24.281298,23.302845,26.977531,30.011486,25.749882,27.80879,31.64452,32.67445,29.319975,31.672075,32.7906,27.928873,26.137875,22.036085,21.041832,20.376781,17.183933,21.065756,17.619734,23.05625,21.30548,22.487652,26.317902,23.616636,18.498276,15.40678,14.66679,10.727839,12.069628,7.461107,11.424675,9.613614,13.748311,16.05778,19.336048,21.934824,23.051308,24.847689,22.945288,21.816685,16.615705,16.159061,12.488595,15.683793,13.068205,18.04827,17.814432,22.611816,26.9738,24.104359,21.052454,19.799978,15.06002,17.09705,13.470311,17.135653
18,15.598083,12.6432295,10.392425,6.2097116,7.4043803,5.238706,8.841907,11.539064,12.436318,16.18292,17.585802,22.980482,19.909927,17.328434,14.400436,11.168287,7.259255,7.3648834,0.0,5.970166,6.4353046,9.597817,13.644145,14.979746,19.074883,19.379566,18.53678,17.171864,14.230989,11.306478,13.998373,7.429613,13.541734,8.86588,13.639699,13.612996,16.812778,19.227415,16.232729,15.736353,18.423962,18.511675,15.012233,17.605103,16.90834,19.609472,22.621214,24.799234,25.556343,27.18045,24.371008,22.776625,28.118267,28.36506,24.246466,26.787205,30.368902,28.181961,27.585363,30.88124,34.218304,30.941723,32.62098,36.567505,38.17419,34.802586,36.416363,36.59907,32.034863,30.827719,26.656384,25.94595,26.201763,22.806273,27.419367,23.779396,29.261425,27.975292,28.209988,32.205734,28.71893,23.997643,21.501495,20.339954,16.792458,16.988096,13.789889,15.604367,11.800524,15.631276,16.22258,20.182125,21.953646,21.631104,24.030098,23.400219,20.666838,15.342899,17.130367,14.298406,18.291,16.883404,20.9671,21.8988,25.94242,29.908018,28.072803,25.349825,23.949581,20.471529,22.693176,19.546167,23.546064
19,14.684579,11.458104,11.53269,6.6661477,5.011413,7.9072447,6.364609,12.202404,11.448607,16.07343,17.464283,22.6462,21.198307,18.847673,16.63896,12.601029,10.043387,7.345495,5.970166,0.0,4.934728,6.8605886,9.36087,12.037333,16.53519,16.336544,14.026531,13.888718,9.553119,8.661534,11.164036,6.9362493,14.345277,11.616429,16.060404,16.556395,20.373363,22.689877,19.742464,19.006361,20.582523,19.550755,15.634019,16.641727,16.32341,17.084698,20.794714,21.810698,21.505255,23.649517,21.547049,18.750206,23.853428,25.020926,20.482973,21.994627,26.20994,24.538166,23.182903,26.20016,30.27537,27.061113,27.891317,31.904362,33.559135,29.895012,31.033081,30.972374,26.388407,25.454205,21.244028,21.037153,21.79044,18.927094,23.897566,21.124315,26.772867,26.635773,27.075304,31.59041,28.770329,23.941822,21.253649,19.171711,15.256326,14.070223,11.116365,10.741004,6.268366,9.70032,10.393267,14.286997,16.382723,16.601494,19.014576,18.243523,16.711552,11.467933,12.872526,9.884534,13.597877,11.63592,15.4795065,16.337793,20.158724,24.135561,22.664665,20.01866,19.35621,16.164948,19.149305,16.83787,21.290249
20,13.36862,11.464081,10.720083,6.1322403,7.6546035,10.126158,11.003799,16.307379,16.015032,20.507463,21.478024,26.918104,25.020626,22.315586,20.073753,16.099562,12.984521,11.079092,6.4353046,4.934728,0.0,4.0491166,7.6457224,8.577819,12.951379,12.987467,12.323577,11.053726,9.189934,5.8899465,10.97029,6.504609,15.049979,12.936853,17.137299,18.468088,21.368788,23.222673,19.411585,17.905823,20.020958,18.706503,13.791524,15.591355,13.810128,15.87479,18.162888,19.86206,20.152544,22.549688,20.300106,18.451271,23.66416,24.845694,21.189545,22.869423,27.0196,25.802378,25.08472,27.82229,31.70412,29.365656,30.258732,34.22077,36.370693,33.050964,33.86495,33.1643,29.117601,28.429026,24.479088,23.920906,25.213476,21.945993,27.258348,24.088543,29.599463,29.806173,29.36736,34.00173,30.620895,26.177296,24.005384,21.605951,18.167387,16.510939,14.832042,13.952641,9.466652,12.4090185,12.042154,16.071035,17.846708,16.97268,20.129545,20.51945,18.46591,13.5669565,16.341496,13.99806,17.669254,15.866032,19.125324,19.917248,23.323631,27.11634,26.424387,23.95015,23.728565,20.843657,24.0052,21.770298,26.206915
21,10.378296,9.144995,9.703288,6.256481,7.626915,11.886037,12.119523,18.252798,18.196932,22.74622,24.308985,29.501007,27.8768,25.47858,22.913187,19.16426,15.9657955,14.030422,9.597817,6.8605886,4.0491166,0.0,4.762924,6.408195,10.060718,11.150889,10.007806,10.450766,9.448845,7.3923473,13.279907,10.247513,18.848398,16.83836,21.110357,22.262363,25.349415,27.26314,23.44418,21.842752,23.910755,22.312904,17.121616,18.457521,16.278662,17.640041,19.406765,20.474424,19.92807,23.17513,21.604723,19.188778,24.041773,26.163282,22.59957,23.2137,27.961155,27.378473,26.157215,28.481817,32.9715,30.873009,30.974794,34.94043,37.138584,33.52259,33.707584,32.558735,28.576874,28.383224,24.437054,24.615892,26.330715,23.631104,29.036644,26.489424,32.01991,32.68917,32.44041,37.228962,34.110218,29.630112,27.34184,24.733688,21.16024,18.983377,17.322968,15.172948,10.393758,11.874555,10.163519,14.058383,15.058852,13.515865,16.801249,17.837677,15.504959,11.164245,14.797916,13.30219,16.704554,15.752107,17.973997,19.600012,22.167372,25.448206,25.399899,23.301815,23.091295,21.2261,24.4479,22.845028,27.436874
22,12.726611,11.994414,13.823387,10.714718,10.732649,15.860028,14.3492155,21.09612,20.140606,24.869215,26.054365,31.04176,30.359322,27.977505,25.989716,21.860321,19.328537,16.512056,13.644145,9.36087,7.6457224,4.762924,0.0,4.4535546,8.178765,8.258056,5.4305797,7.7630367,7.0757003,7.4002976,12.686487,12.221821,20.439306,19.682436,23.552767,25.14356,28.321163,30.050364,26.20153,24.418564,25.779507,23.470736,18.219246,18.392836,16.3441,16.140223,17.85978,17.838804,16.315771,20.184088,19.412107,16.303776,20.652794,23.658102,20.299488,19.865356,25.027304,25.17802,23.616676,25.421726,30.349201,28.78395,28.159573,32.035015,34.462982,30.886065,30.4882,28.800007,25.22664,25.42565,21.797173,22.216898,24.572165,22.29509,27.83253,25.921436,31.254337,32.899128,32.471077,37.54059,34.79551,30.509947,28.358747,25.148462,21.75347,18.60956,17.890614,14.063605,9.863855,9.738192,7.253216,10.615281,11.827996,10.316386,14.157282,15.752688,14.986735,11.62864,14.879346,13.767045,16.290634,14.868669,16.217834,17.429626,19.339653,22.425344,23.200369,21.359655,22.223194,20.762262,24.48733,23.593058,28.209185
23,14.129435,14.420032,15.303227,12.518398,13.853666,18.11461,17.791142,24.12691,23.277714,28.007593,28.726942,33.996933,32.98033,30.263477,28.40184,24.175129,21.434208,18.9017,14.979746,12.037333,8.577819,6.408195,4.4535546,0.0,5.0993643,4.7532287,5.771663,5.428989,8.538431,6.883138,13.074945,12.838566,20.882053,20.676434,24.197872,26.362469,28.87108,30.202482,25.86998,23.597818,25.142372,22.626606,16.948835,17.546303,14.40661,15.205035,15.35029,15.994672,15.309401,19.157324,18.214388,16.322159,20.616543,23.334005,20.927824,20.960417,25.683462,26.085615,25.279814,26.91346,31.357748,30.529142,30.236645,33.988445,36.80433,33.69418,33.271145,31.212692,28.210957,28.403828,25.092642,24.893225,27.446848,24.68774,30.36324,27.974512,33.130325,34.91975,33.770794,38.864292,35.67581,31.748295,30.020735,26.653034,23.666893,20.42795,20.473656,17.012463,13.115393,13.578444,11.446132,14.438992,15.59292,13.482734,17.606619,19.826494,18.783274,15.61946,19.22182,18.045645,20.71973,19.025356,20.547379,21.260445,23.204174,26.265636,27.341846,25.488848,26.620434,24.860512,28.659689,27.49861,32.0859
24,14.073951,15.81179,16.983429,15.560608,17.339737,21.756952,21.86597,28.277641,27.85604,32.535625,33.61886,38.832,37.670273,35.05989,32.855015,28.86662,25.824831,23.627918,19.074883,16.53519,12.951379,10.060718,8.178765,5.0993643,0.0,5.05428,7.820057,8.864082,13.234998,11.869435,17.96797,17.76164,25.79862,25.422417,29.004751,31.111286,33.47445,34.74667,30.242653,27.788445,29.5826,27.043425,21.235563,21.971243,18.29416,19.235733,18.083826,18.509138,17.473387,21.873056,21.533615,19.912483,23.50385,26.793377,24.994255,24.317696,29.171083,30.178993,29.291903,30.457811,35.099613,34.76157,33.957474,37.57881,40.529907,37.377213,36.368668,33.748745,31.136402,31.803123,28.694717,28.939184,31.782028,29.336124,34.998505,32.871346,37.94579,39.95564,38.73333,43.863464,40.643486,36.804573,35.118164,31.716078,28.754509,25.41364,25.466433,21.697636,17.808956,17.54692,14.605696,16.905901,16.95252,13.770256,17.8572,21.120628,19.659662,17.615795,21.818293,21.40549,23.821724,22.91041,23.572508,24.899948,25.987875,28.350657,30.160543,28.723976,29.80137,28.848223,32.54548,31.711073,36.339893
25,18.015905,18.823133,19.870424,17.263695,18.484833,22.78286,22.122114,28.524258,27.23939,32.01681,32.252247,37.485855,36.890266,34.02827,32.598988,28.1451,25.707708,22.883564,19.379566,16.336544,12.987467,11.150889,8.258056,4.7532287,5.05428,0.0,5.7147284,4.588476,10.376046,9.640598,14.618045,16.110249,23.322027,24.175446,27.17568,29.86295,32.033928,33.000267,28.48344,25.89208,26.985174,23.925867,18.294542,18.21232,14.717779,14.782167,13.470674,13.479774,12.582311,16.856644,16.634935,15.280485,18.742455,21.920494,20.5754,20.06896,24.582335,25.782743,25.290281,26.311275,30.614908,30.77504,30.162535,33.65584,36.87456,34.195187,33.32553,30.624716,28.459814,28.932688,26.195835,25.749447,28.806896,26.130913,31.808115,29.631907,34.398376,36.94554,35.235638,40.458347,37.316242,33.82709,32.483788,28.698368,26.167341,22.37408,23.442892,19.351978,16.255743,16.10741,14.015517,16.086212,17.278599,15.09135,19.375957,22.157455,21.986542,19.511494,22.923958,21.916056,24.127665,22.062702,23.12087,23.212606,24.661915,27.468504,29.26123,27.619139,29.575819,27.91176,31.984566,31.114397,35.640827
26,17.061316,16.969744,19.07454,16.1211,15.9554205,21.109978,18.936802,25.753366,24.087019,28.859688,29.415947,34.260273,34.31846,31.813688,30.448484,25.994629,23.97096,20.647938,18.53678,14.026531,12.323577,10.007806,5.4305797,5.771663,7.820057,5.7147284,0.0,5.910134,7.5188384,9.512854,13.478105,15.4629135,22.80495,23.40264,26.681618,28.878712,31.809134,33.17939,29.178581,27.087837,27.80917,24.798525,19.588299,18.719677,16.58192,14.962053,15.897195,14.667148,12.132007,16.758215,17.016901,13.711715,17.137482,21.076408,18.567057,17.038078,22.34732,23.521973,21.999557,23.02244,28.116,27.594591,26.321463,29.946922,32.820557,29.62784,28.563223,26.049292,23.401787,24.041357,21.118517,21.403952,24.515553,22.52463,28.085115,26.663952,31.548574,34.26245,33.304096,38.58964,36.072655,32.232616,30.465254,26.666288,23.768099,19.763641,20.39872,15.410923,12.513243,11.173027,8.756006,10.40052,11.864572,10.445188,14.630055,16.961138,17.829279,15.6263275,18.34674,17.521612,19.162935,17.136806,17.654102,17.903015,19.013119,21.774239,23.603428,22.088211,24.25414,23.01055,27.140104,26.783808,31.275335
27,19.418232,19.203234,19.972515,16.38782,17.094238,20.99172,19.835632,25.955479,24.09933,28.8539,28.508059,33.750404,33.43436,30.432734,29.53981,24.832132,22.887814,19.67869,17.171864,13.888718,11.053726,10.450766,7.7630367,5.428989,8.864082,4.588476,5.910134,0.0,6.6225085,6.18257,10.113953,12.567786,19.175447,20.674852,23.334454,26.255201,28.427095,29.318752,24.975021,22.508705,23.128973,19.905237,14.505649,13.9023,11.009152,10.458826,10.476197,10.588642,10.248486,13.783148,12.917599,11.436095,15.637886,18.16482,16.412575,16.728264,20.966335,21.655106,21.420797,22.833395,26.81977,26.713966,26.653124,30.217306,33.40177,30.921803,30.61478,28.39885,26.050777,26.041775,23.279545,22.18237,25.04292,21.992481,27.678463,25.233984,29.959583,32.491283,30.65801,35.882004,32.773376,29.339516,28.099216,24.212397,21.85531,17.98394,19.500977,15.633541,13.036324,13.566023,12.617112,14.987546,17.255848,16.119408,20.272375,22.138733,22.49459,19.279366,21.953749,20.267067,22.53676,19.569775,21.405844,20.597492,22.843082,26.280144,27.446917,25.437496,27.647097,25.158976,29.355988,28.219883,32.617577
28,19.233685,17.5578,18.71842,14.319269,13.425159,17.418716,14.672073,20.76511,18.238821,22.97744,22.624977,27.61527,27.868185,25.113922,24.519436,19.701393,18.447302,14.567709,14.230989,9.553119,9.189934,9.448845,7.0757003,8.538431,13.234998,10.376046,7.5188384,6.6225085,0.0,5.2822285,6.426664,9.331758,15.711761,16.927412,19.788816,22.152517,25.146822,26.50477,22.912355,21.209965,21.378908,18.492952,13.983416,12.663419,12.084858,10.002809,13.602061,13.100894,12.002764,14.646809,13.462372,9.9672985,14.861841,17.086758,13.356834,13.889393,18.517345,18.237087,17.130453,19.274986,23.664246,22.174236,22.245338,26.10272,28.7399,25.78181,26.067114,24.785671,21.490576,20.996557,17.718891,16.710138,19.114641,16.179573,21.870274,19.674967,24.763966,27.00284,26.033155,31.253582,28.675568,24.728563,22.966778,19.187845,16.32262,12.4151745,13.351824,9.066319,6.679027,7.6505456,8.337531,11.062794,14.386411,14.779187,18.263002,18.686186,19.730982,15.950239,17.346167,15.046555,17.125729,13.391237,15.971026,14.640596,17.772524,21.830479,22.021109,19.646446,21.787102,18.729586,22.972378,21.82287,26.137989
29,17.689438,16.395947,16.31351,11.936361,12.652199,15.514128,14.909214,20.396158,18.756151,23.416475,23.120829,28.578272,27.670536,24.603807,23.55457,18.909058,16.846783,13.852869,11.306478,8.661534,5.8899465,7.3923473,7.4002976,6.883138,11.869435,9.640598,9.512854,6.18257,5.2822285,0.0,6.758938,6.5055075,14.054161,14.629342,17.68436,20.273724,22.65659,23.8618,19.707512,17.621622,18.677246,16.177195,10.826665,11.363418,9.255791,10.378894,12.535956,13.974915,14.578631,16.76563,14.565541,13.092648,18.28728,19.453558,16.45805,18.271019,22.154129,21.42376,21.240185,23.644547,27.26572,25.874126,26.772978,30.583212,33.260906,30.533901,31.167398,29.991005,26.710873,26.042189,22.660028,21.311249,23.249008,19.66576,25.278358,22.107182,27.265356,28.627655,27.248718,32.237957,28.871239,24.977213,23.410685,20.082447,17.316477,14.39289,14.836935,12.62786,9.3350525,11.812109,11.920802,15.366277,17.982128,17.393024,21.105988,21.898897,21.412376,17.0685,19.391743,16.963526,19.923456,16.805265,19.895725,19.231907,22.605225,26.608797,26.528666,24.043985,25.293701,22.00174,25.848915,23.966719,28.317823
30,23.598827,21.520844,21.526276,16.64267,16.084343,18.086407,16.043365,20.49126,17.376768,21.710947,19.870926,25.077532,25.269749,22.000708,22.48118,17.412643,16.993874,13.137994,13.998373,11.164036,10.97029,13.279907,12.686487,13.074945,17.96797,14.618045,13.478105,10.113953,6.426664,6.758938,0.0,6.8531737,10.077405,13.191774,14.802491,18.037579,20.328604,21.197456,17.716505,16.065992,15.425909,12.332745,8.728538,6.7029624,8.018697,6.2684484,11.531035,12.3268585,13.431482,13.686439,10.838849,9.306387,14.650838,14.379467,10.730521,14.162797,16.938795,15.287228,15.716065,18.619253,21.395992,19.765676,21.611212,25.29796,27.955841,25.855848,27.296547,26.782158,23.724903,22.332766,19.41048,16.708918,18.296356,14.052087,19.517704,15.956868,20.81975,22.64739,20.814013,25.946386,22.851809,19.24124,18.057894,14.13958,12.075514,8.515043,11.006385,9.3496065,8.882124,11.871439,14.013558,16.658037,20.360191,21.097754,24.388313,24.215631,25.093016,20.685677,21.48827,18.406576,20.726713,16.118534,19.938889,17.350506,21.563274,26.132845,25.407852,22.5874,24.710085,20.227108,24.248426,22.238014,26.07486
31,19.74569,17.326946,16.228287,11.352824,11.620957,12.061588,12.066836,15.775352,14.072573,18.342892,17.577824,23.239817,21.749939,18.469501,17.694447,13.007092,11.309593,8.554715,7.429613,6.9362493,6.504609,10.247513,12.221821,12.838566,17.76164,16.110249,15.4629135,12.567786,9.331758,6.5055075,6.8531737,0.0,8.612047,8.136293,11.443392,13.769506,16.363941,17.889973,14.221723,12.897186,14.117842,12.748565,8.76726,10.359115,10.27824,12.325475,15.969894,18.049677,19.336906,20.206337,17.128916,16.016611,21.40478,21.104755,17.352837,20.599411,23.616032,21.48055,21.586906,24.818527,27.65518,25.113361,27.166674,30.993586,33.122158,30.45427,32.14762,32.05439,28.191553,26.784025,23.143778,21.282427,22.040205,17.936472,23.015831,18.995523,24.28724,24.253643,23.285036,27.842737,24.231781,19.969923,18.158136,15.663951,12.714979,11.527882,10.769735,11.655802,9.003307,13.254226,14.778345,18.417543,21.329674,21.484316,24.54811,24.188883,23.30701,18.21402,19.551003,16.313166,19.636553,16.224075,20.57292,19.604996,24.014885,28.462324,27.0854,24.170202,24.58443,20.215887,23.487682,20.67068,24.658659
32,28.040934,25.258411,23.748964,19.053059,18.808842,17.40781,17.151018,17.999657,15.244777,18.072006,14.727915,20.033485,18.964188,15.125581,16.783865,12.361852,13.19063,11.061162,13.541734,14.345277,15.049979,18.848398,20.439306,20.882053,25.79862,23.322027,22.80495,19.175447,15.711761,14.054161,10.077405,8.612047,0.0,6.5237007,5.172679,9.3993635,10.623409,11.288929,8.772554,8.648239,7.4252963,7.1037507,8.100298,8.940038,12.012829,13.666511,18.13204,20.506447,22.882448,21.689743,17.849913,18.097015,22.862545,20.286022,16.924303,22.070988,23.022474,19.443302,20.899054,24.628372,25.510826,22.603443,26.47427,29.831299,31.667984,30.056593,32.99437,33.85248,30.334213,28.05141,25.064262,21.736338,21.360977,16.510893,20.287205,14.97957,19.305767,18.19307,16.331291,20.32668,16.100521,12.265678,11.409373,9.57568,8.616942,9.845886,10.612321,14.457296,14.595173,18.90847,21.663717,24.700745,28.242596,29.164276,31.966162,30.898338,30.741705,25.607115,25.771183,22.07638,24.855597,20.535793,25.512062,23.011177,28.130388,32.96347,30.73814,27.528097,28.287361,22.653048,25.454796,22.036602,24.893723
33,24.395971,21.2683,19.191576,14.989975,14.906863,11.896004,13.173401,12.77477,11.588253,14.19768,12.622586,18.218103,15.372953,11.744622,11.546862,7.5800343,7.2020793,6.9173517,8.86588,11.616429,12.936853,16.83836,19.682436,20.676434,25.422417,24.175446,23.40264,20.674852,16.927412,14.629342,13.191774,8.136293,6.5237007,0.0,4.864663,5.7234335,8.796904,11.14178,9.109086,9.905819,11.38382,12.576356,11.979615,14.2565365,15.76073,18.257217,22.315548,24.802769,26.569298,26.451607,22.892439,22.26984,27.40371,25.818768,21.836689,26.06049,28.040237,24.665205,25.118174,28.921366,30.710993,27.08359,30.315388,33.932346,35.33775,32.88245,35.660095,36.67982,32.406467,30.331226,26.679304,24.469448,23.794168,19.585997,23.294455,18.53929,23.373907,21.06962,20.827894,24.274845,20.398912,15.88796,13.839008,13.529356,11.050112,13.194272,10.852302,15.505731,14.202575,18.773144,21.03352,24.518494,27.403738,28.047495,30.462923,29.149729,27.812807,22.468996,22.770214,19.169983,22.465973,19.347836,24.399437,23.328648,28.346949,32.94179,30.311325,27.15513,26.49651,21.327423,23.403763,19.517246,22.52079
34,29.1326,26.095251,23.969934,19.764183,19.671734,16.677492,17.5642,16.446997,14.627469,16.365288,13.125192,18.220772,15.79475,11.882593,13.550846,10.226618,11.372179,11.027086,13.639699,16.060404,17.137299,21.110357,23.552767,24.197872,29.004751,27.17568,26.681618,23.334454,19.788816,17.68436,14.802491,11.443392,5.172679,4.864663,0.0,4.7915287,5.598704,7.1192927,6.1080713,7.9474673,7.988268,10.193832,11.946158,13.872432,16.345428,18.764969,22.86352,25.543005,27.912642,26.857878,22.98608,23.179167,27.968525,25.33404,21.850859,26.892664,27.836252,23.959675,25.20983,29.098541,29.832886,26.335909,30.423378,33.732353,35.113083,33.340065,36.620564,37.927834,34.018703,31.59672,28.389236,25.3968,24.373966,19.836035,22.858465,17.540375,21.574692,18.773201,17.787807,20.733585,16.365938,12.403813,11.244299,11.583343,10.6585045,13.616506,12.623177,17.797573,17.578367,22.084593,24.757566,27.995127,31.237617,32.10948,34.615974,33.216564,32.359108,27.06075,27.060154,23.344618,26.325243,22.651949,27.824451,25.90729,31.140442,35.90584,33.11858,29.870607,29.681799,24.020807,26.029278,22.069254,24.445257
35,29.044243,25.623764,23.392754,19.664618,19.192024,15.187416,16.383108,13.452797,12.467753,13.096524,10.542419,15.307585,11.655682,7.9077005,9.244506,7.241261,9.035537,10.185876,13.612996,16.556395,18.468088,22.262363,25.14356,26.362469,31.111286,29.86295,28.878712,26.255201,22.152517,20.273724,18.037579,13.769506,9.3993635,5.7234335,4.7915287,0.0,5.049041,8.237918,9.176819,11.69218,12.477353,14.983795,16.303896,18.262882,20.53762,22.753626,27.08925,29.545504,31.428907,30.76997,27.11213,26.620884,31.457367,29.227634,25.204834,29.783216,31.091743,27.098251,27.703306,31.705446,32.78746,28.57328,32.436806,35.792805,36.675888,34.47341,37.905827,39.62925,35.23903,32.77891,29.307276,26.906258,25.370083,21.38602,23.87898,19.024757,23.099022,19.21762,19.65326,21.975142,18.257986,13.905353,11.868121,13.550745,12.015927,15.821446,13.175619,19.074379,18.668343,23.086094,25.736551,28.974049,31.907104,32.92355,34.967056,33.104904,31.827646,26.567518,26.14081,22.50377,25.449448,22.47238,27.657974,26.359324,31.57001,36.172535,32.853455,29.645412,28.544495,23.053898,24.273785,19.989496,21.939337
