,0,1,2,3,4,5,6,7,8,9,10,11,12,13,14,15,16,17,18,19,20,21,22,23,24,25,26,27,28,29,30,31,32,33,34,35,36,37,38,39,40,41,42,43,44,45,46,47,48,49,50,51,52,53,54,55,56,57,58,59,60,61,62,63,64,65,66,67,68,69,70,71,72,73,74,75,76,77,78,79,80,81,82,83,84,85,86,87,88,89,90,91,92,93,94,95,96,97,98,99,100,101,102,103,104,105,106,107,108,109,110,111,112,113
0,0.0,3.8902886,7.7175484,10.242079,12.953223,15.366776,17.882532,22.863796,25.164755,27.824038,32.133686,34.490906,35.770683,31.976252,26.678953,26.356874,22.717978,23.23856,18.118351,20.234934,18.666834,18.796368,18.879892,22.216747,24.232843,23.740906,24.671644,23.11381,26.475378,22.958996,29.921507,24.647394,30.96012,28.221428,30.751646,32.545002,30.325277,30.45702,26.529188,24.627157,29.115808,26.44462,30.45915,30.053146,26.368448,29.732548,26.334396,29.234602,28.310015,31.01782,33.2721,33.58752,38.258976,39.479736,40.93032,37.150627,37.301735,38.481377,43.365818,42.3653,38.319565,37.574287,43.01433,43.574554,47.397354,42.37586,40.675064,46.57325,43.125652,40.662907,42.79619,41.959404,37.77819,36.66594,42.020046,38.22943,43.603714,42.887474,42.531395,44.931614,39.383945,43.12396,38.85722,35.186256,32.403946,31.626438,28.623224,28.942015,24.563276,25.992607,25.767761,24.831337,27.25777,24.975677,24.8812,21.37667,18.452312,16.030611,15.07949,16.804888,16.984848,17.802454,22.147385,21.628939,26.845568,29.714003,32.514626,34.6478,31.978884,37.11824,31.496565,34.708782,33.35294,35.393
1,3.8902886,0.0,4.1192737,6.576256,9.532912,11.481286,14.408182,19.052103,21.436218,24.119648,28.35329,30.867054,32.273968,28.758842,23.443794,23.481249,20.078745,21.180115,16.777544,19.172592,18.43004,18.72676,19.556383,22.427254,24.022108,23.44886,23.572224,21.685537,24.482061,20.886227,27.208008,21.859894,27.88877,24.813824,27.522417,29.042091,27.021883,27.401142,23.33727,21.527458,26.364819,24.05456,27.890007,27.814707,24.70891,27.983976,25.28679,28.338593,28.01583,30.474215,32.522774,32.36756,37.142464,37.99597,39.56666,35.84615,35.52119,36.438694,41.429596,40.03855,35.82846,35.351154,40.820843,41.617634,45.218678,39.883003,38.63349,44.56857,41.16596,38.88098,41.325565,40.762924,36.566704,35.139847,40.403156,36.213,41.45975,40.4372,39.840603,41.999535,36.361324,39.850727,35.44911,31.955019,29.300365,28.852982,25.808495,26.782333,22.765816,24.514587,24.84349,24.096981,26.923483,24.917107,25.425251,22.312702,19.172724,16.670841,15.03904,16.091091,15.414668,15.4679,19.867392,18.578712,24.163372,26.62616,29.30578,31.701136,29.21142,34.645676,29.336027,32.846275,31.875948,34.190487
2,7.7175484,4.1192737,0.0,4.9688363,7.259728,8.39946,12.108067,15.579304,18.581131,20.832956,25.142511,27.932875,29.829422,26.7306,21.440905,21.763367,18.823809,20.243643,17.044806,19.166658,19.439486,19.466858,21.105707,23.729717,24.780893,24.443235,23.738464,21.82797,23.906832,20.59979,26.013887,20.847029,26.461727,22.935925,26.069216,27.076702,25.55458,26.364817,22.088835,20.373095,25.616278,23.692652,27.118805,27.276237,24.953014,27.776821,25.972084,28.746317,29.088112,31.035627,32.719543,32.209476,37.117157,37.48117,39.403664,35.87701,34.934227,35.69945,40.660492,38.95499,34.59465,34.156822,39.455452,40.340946,43.65378,38.020535,37.108532,42.92759,39.355038,37.328846,39.894516,39.742878,35.540077,34.01314,39.231155,34.74419,39.88164,38.455856,37.764175,39.55434,33.918747,37.0805,32.548363,29.344236,26.662916,26.644234,23.293459,25.061316,21.405174,23.167036,24.091482,23.232334,26.415134,24.455803,25.621964,22.993801,19.8916,17.715132,15.194743,15.473855,13.776914,13.501021,17.443367,15.768324,21.481684,23.543396,26.179255,28.625473,26.240726,31.872303,26.93909,30.522959,30.052673,32.401608
3,10.242079,6.576256,4.9688363,0.0,3.8549576,5.9260154,7.979526,13.068623,14.935395,17.892921,21.995121,24.390089,25.71045,22.374796,17.078974,17.610243,14.600224,16.780828,13.822153,16.73978,17.32702,18.15203,19.962057,21.709723,22.581654,21.746006,20.541525,18.096634,19.84154,16.191404,21.37289,16.02671,21.676044,18.390514,21.387594,22.842806,21.28062,21.747704,17.415226,15.512803,20.662315,18.79181,22.255222,22.622145,20.50998,23.559576,22.078505,25.354824,26.00188,28.054745,29.779243,28.82116,33.603687,33.935303,35.5479,31.951126,30.95868,31.43167,36.546154,34.603462,30.218903,30.216116,35.74896,36.96453,40.24758,34.54445,34.035408,40.04359,36.962288,34.906693,37.936134,37.660137,33.552723,31.496527,36.447514,31.679913,36.625935,35.272804,34.25401,36.191868,30.432556,33.68702,29.195105,25.811087,23.471395,23.38962,20.635166,22.442387,19.270575,21.734266,22.88179,22.837063,26.105362,24.951698,26.231056,23.835464,20.457254,17.787832,15.733739,15.665393,13.904643,11.944118,16.504208,13.485972,19.615005,21.388334,23.756903,26.679981,24.594177,30.39805,25.636286,29.742731,29.234005,32.178864
4,12.953223,9.532912,7.259728,3.8549576,0.0,6.185475,5.2531724,10.85775,12.767657,15.111437,19.606512,21.639666,23.260246,19.699905,14.390792,14.505206,11.712114,13.686149,11.916606,14.3213215,15.864289,16.444115,18.949308,20.335688,20.646759,20.10856,18.212778,15.990386,17.207968,14.1666,18.94867,14.110361,19.86835,16.860271,20.37522,21.942661,21.126217,21.498026,16.919624,14.598981,19.566713,17.450552,20.438978,20.512133,18.933659,21.25939,20.502674,23.186686,24.40098,25.88206,27.258612,26.118576,30.995651,30.98829,32.951794,29.568512,28.156713,28.720045,33.69311,31.793137,27.395298,27.079363,32.42717,33.559097,36.74978,31.004967,30.46829,36.403427,33.229557,31.263004,34.344406,34.25082,30.163319,28.051592,32.981777,28.1339,33.081127,31.616846,30.71356,32.627026,26.933374,30.318817,25.938229,22.434431,19.861225,19.72124,16.814344,18.767572,15.806541,18.357204,19.878746,19.994337,23.43411,22.623583,24.337963,22.445793,19.121382,16.686403,14.251004,13.500521,11.225281,8.460359,12.929219,9.664909,15.776113,17.652824,20.108303,22.913359,20.79765,26.580967,21.879736,26.09848,25.71972,28.830431
5,15.366776,11.481286,8.39946,5.9260154,6.185475,0.0,6.905956,8.295834,10.854385,13.753472,17.385132,20.571465,22.404583,20.286385,15.341408,17.106253,15.296661,18.549103,17.537237,20.27024,21.868675,22.622812,25.004925,26.306995,26.630991,25.841934,23.647537,20.985598,21.407217,18.07205,20.95682,15.947208,20.003809,15.610642,18.927315,19.146814,18.139776,19.565916,15.274995,14.157688,19.925219,19.382982,22.078138,23.315453,22.6366,25.263037,25.139164,28.374071,29.80673,31.37724,32.680656,31.066347,35.789146,35.45288,37.2498,33.92366,32.096706,32.01871,37.131565,34.42772,29.841593,30.443396,35.76584,37.38411,40.088264,33.867325,34.32057,40.137333,37.11542,35.527782,38.915184,39.208046,35.223415,32.826828,37.44024,32.126934,36.627926,34.602386,33.102615,34.31278,28.507563,30.892542,26.058535,23.42889,21.55093,22.502398,19.69852,23.084303,20.966665,23.586012,25.562553,25.56708,29.15237,28.191107,30.128859,28.24505,24.996838,22.664186,20.017914,19.202085,16.386795,13.665651,17.113808,12.652939,18.939913,19.350353,21.24054,24.673649,23.136648,29.32365,25.575993,29.882236,30.234747,33.304348
6,17.882532,14.408182,12.108067,7.979526,5.2531724,6.905956,0.0,7.7524114,7.9858603,10.873969,15.01989,16.710903,18.035135,14.623336,9.34782,10.331734,8.447509,12.021728,12.36745,15.024096,17.451168,18.558659,21.385365,21.70305,21.447617,20.58729,17.607216,14.910586,14.675823,11.816273,14.576648,9.979149,14.958477,11.84538,15.666185,17.252638,17.06082,17.403385,12.75456,10.356797,15.34767,13.921374,16.246674,16.921165,16.668783,18.653685,19.277525,22.15243,24.176908,25.306965,26.371346,24.43058,29.088652,28.60538,30.443787,27.237232,25.21713,25.21068,30.273613,27.759949,23.219158,23.582129,28.98274,30.620285,33.447945,27.378258,27.741943,33.697006,31.032602,29.32118,32.986176,33.103443,29.248215,26.490135,30.901844,25.532734,30.012812,28.257341,26.81144,28.512016,22.680178,25.79914,21.334818,17.928026,15.915204,16.243788,14.050854,16.92923,15.341668,18.525663,20.672747,21.539698,25.046831,25.048998,27.128975,25.77285,22.500168,20.074987,17.863806,16.550379,13.974238,9.708169,13.374136,8.042447,14.165887,14.919898,16.776644,20.269238,18.799799,24.774698,20.906263,25.598389,25.643173,29.272476
7,22.863796,19.052103,15.579304,13.068623,10.85775,8.295834,7.7524114,0.0,5.154032,5.772913,9.732742,13.170808,16.214382,15.274712,11.4224205,13.825118,14.096613,17.6277,19.627626,21.449396,24.529404,25.040485,28.300465,28.760899,28.06923,27.624548,24.072632,21.715017,20.30203,18.410156,18.174692,14.995972,17.016577,12.528874,16.736113,16.004301,17.134993,18.95386,14.848814,13.896832,18.999289,19.274626,20.310688,21.813639,23.120821,24.267624,26.16186,28.4818,31.117474,31.576603,32.05264,29.695368,34.213306,32.857185,35.169308,32.504204,29.470886,28.981554,33.67811,30.409208,25.816895,26.576368,31.203459,33.07804,34.997696,28.391655,29.832567,35.17147,32.273983,31.32899,35.07513,36.096523,32.45096,29.699358,33.689434,27.941778,31.764622,28.982126,27.14835,27.532642,21.916983,23.485453,18.510473,16.66554,15.172051,17.30449,14.65397,19.747904,19.383942,22.036497,25.01027,25.388971,29.137373,28.932924,31.721771,30.867783,27.909504,26.095371,23.048014,21.179129,17.589075,13.898655,15.243573,9.531635,14.551389,13.053755,14.165587,18.063742,17.37251,23.640469,21.406284,25.885159,27.222704,30.57166
8,25.164755,21.436218,18.581131,14.935395,12.767657,10.854385,7.9858603,5.154032,0.0,4.9703336,7.370186,9.873622,11.707306,10.778638,7.4024696,10.964034,11.998856,16.44415,19.032372,21.32538,24.436295,25.595112,28.7021,28.38099,27.566252,26.64664,22.745209,19.988136,17.836275,15.952042,14.049646,11.330332,12.039301,7.5169654,11.83621,11.503642,13.125513,14.557896,10.663962,9.856805,14.411156,15.416674,15.889086,17.995157,20.110744,21.265661,23.81406,26.538145,29.438845,29.960693,30.439276,27.583061,31.729149,30.320381,32.142487,29.50492,26.386217,25.362328,30.179348,26.466553,21.863745,23.472376,28.315464,30.690855,32.487072,25.852776,27.981087,33.444332,31.325441,30.37084,34.596886,35.401703,31.995865,28.685856,32.15959,26.18501,29.561737,26.908875,24.514519,25.055918,19.295473,20.858938,15.94327,13.939649,13.448401,15.603232,14.341257,19.198687,19.641937,22.84303,25.778399,26.911009,30.492949,30.945894,33.57583,32.787525,29.708973,27.571812,25.118967,23.303852,20.155111,15.695129,17.410595,11.118538,15.617866,13.695314,14.036319,18.492447,18.376335,24.39025,22.501709,27.31014,28.437244,32.25908
9,27.824038,24.119648,20.832956,17.892921,15.111437,13.753472,10.873969,5.772913,4.9703336,0.0,5.1710205,7.716235,11.573111,11.458803,9.3212805,11.880428,13.81898,17.27675,21.043974,22.373451,26.109428,26.694218,30.245567,29.952812,28.664707,28.287472,24.002798,21.87895,19.231035,18.47545,15.857462,14.54774,14.80709,11.2736635,15.5690155,14.738636,17.31392,18.831064,15.277192,14.349528,18.134007,18.837778,18.559772,20.125391,22.780464,22.867735,26.088215,27.820004,31.163485,30.94477,30.893383,27.998976,32.1345,30.143354,32.602394,30.451649,26.704138,25.846237,30.146984,26.511894,22.06567,23.062372,27.140278,29.290255,30.637756,23.879559,26.174644,31.154394,28.689716,28.167404,32.26505,33.623123,30.369652,27.24577,30.539288,24.56898,27.699768,24.516378,22.311634,22.214987,16.739853,17.805033,12.785901,11.446924,10.678917,13.691509,11.9797,17.806873,18.966871,21.691673,25.079897,26.004583,29.613544,30.160007,33.248238,33.00613,30.234886,28.610865,25.746038,23.468428,19.955969,15.79989,15.96825,10.215198,13.098498,9.998576,9.893859,14.340617,14.634372,20.552013,19.583508,24.162771,25.93772,29.59886
10,32.133686,28.35329,25.142511,21.995121,19.606512,17.385132,15.01989,9.732742,7.370186,5.1710205,0.0,4.8967333,8.810379,11.366126,11.295203,14.666838,17.259485,21.138166,25.149464,26.739841,30.434168,31.317621,34.767155,34.120014,32.77092,32.129436,27.660671,25.3244,22.119686,21.4506,17.00812,16.57049,14.45588,10.991669,14.422241,12.307327,15.886395,17.810768,15.328646,15.392409,18.358078,20.318623,19.242592,21.595528,25.124174,25.142035,28.967299,30.945642,34.49474,34.249004,34.084995,30.76994,34.446335,32.171764,34.28394,32.389957,28.35622,26.82605,30.912012,26.5888,22.360043,24.35552,28.056707,30.72062,31.42915,24.641165,28.051138,32.637665,30.842802,30.693897,35.07752,36.600323,33.69359,30.250727,32.84247,26.753695,29.013405,25.540764,22.64655,21.792282,16.752033,16.333027,11.334822,11.683054,12.660605,16.221472,15.678631,21.49391,23.36383,26.17921,29.62076,30.798452,34.3201,35.107155,38.214745,38.037918,35.245197,33.51881,30.804602,28.55592,25.105335,20.849596,20.95081,15.26809,17.461473,13.61051,12.320259,16.808954,18.010813,23.32763,23.446415,27.900862,29.963501,33.69554
11,34.490906,30.867054,27.932875,24.390089,21.639666,20.571465,16.710903,13.170808,9.873622,7.716235,4.8967333,0.0,5.22739,8.266544,10.253513,13.013072,16.449627,19.94779,24.843124,26.108576,30.038286,31.056046,34.542366,33.295383,31.594162,30.941578,26.147984,24.057508,20.155712,20.37765,14.496284,15.732663,12.658975,11.143412,14.176263,13.160567,17.207449,18.211317,16.135832,15.795424,17.286127,19.102219,17.056702,19.15163,23.47587,22.671494,27.295357,28.797918,32.72413,32.04579,31.56017,27.932112,31.178635,28.57687,30.637344,29.13425,24.7542,22.972893,26.69996,22.223438,18.225285,20.42498,23.737738,26.63252,27.039976,20.321432,24.307827,28.686495,27.486277,27.488916,32.122215,33.62855,31.077742,27.346916,29.318336,23.236986,24.912317,21.431767,18.201792,17.327496,12.36442,11.919888,7.072102,7.6259284,9.866795,13.429158,14.224573,19.56194,22.340193,25.216017,28.656591,30.342756,33.609913,35.001617,38.10206,38.264713,35.591915,33.92007,31.555698,29.187115,26.068192,21.579563,21.365767,16.053593,16.959538,12.982036,10.954974,15.306033,17.030895,21.617752,22.262587,26.717329,28.664248,32.655884
12,35.770683,32.273968,29.829422,25.71045,23.260246,22.404583,18.035135,16.214382,11.707306,11.573111,8.810379,5.22739,0.0,5.9646597,9.874281,12.896786,16.375772,20.26373,24.909344,26.662542,30.233501,31.81988,34.94292,33.166664,31.577616,30.427427,25.709597,23.294418,19.133612,19.241606,12.008582,14.129868,9.046339,9.246837,10.8966675,10.740926,14.906273,15.100545,14.023393,14.002442,13.889303,16.490332,13.716324,16.46571,21.360073,20.74441,25.623144,27.635275,31.50727,31.112646,30.805384,26.875124,29.606094,27.224382,28.481926,26.938532,22.810104,20.379965,24.242096,19.265217,15.40658,18.884035,22.518307,25.947897,26.393873,20.015556,24.454063,28.978924,28.6975,28.484156,33.403454,34.433376,32.09279,27.971567,29.472528,23.460936,24.68887,21.771235,18.022457,17.73408,12.980056,12.879885,9.291323,9.1586685,12.236699,14.813275,16.791471,21.037472,23.922644,27.171812,30.271183,32.457413,35.52622,37.25781,40.021416,40.0136,37.20562,35.1997,33.38291,31.26581,28.58194,23.785152,24.323763,18.836597,20.094984,16.815777,14.963704,19.147673,20.77323,25.023369,25.321735,29.922459,31.346745,35.610477
13,31.976252,28.758842,26.7306,22.374796,19.699905,20.286385,14.623336,15.274712,10.778638,11.458803,11.366126,8.266544,5.9646597,0.0,5.3269334,7.362707,10.919231,14.629629,19.359867,21.066452,24.563875,26.295238,29.305122,27.316637,25.7158,24.501762,19.787205,17.39625,13.171439,13.533539,6.3514695,9.117307,6.0606017,8.003232,10.446621,12.698726,15.553089,14.691454,12.556203,11.109836,10.674341,11.667079,9.021822,10.972159,15.712496,14.936351,19.769125,21.71766,25.559847,25.236004,25.094576,21.2707,24.307705,22.32076,23.605148,21.655579,17.826363,15.860847,20.358196,16.029724,11.566701,14.441871,19.116268,22.272854,23.689096,17.38393,20.709936,25.99154,25.516474,24.68754,29.583143,30.084238,27.50067,23.332495,25.334688,19.335903,21.461771,19.263306,16.075537,17.33955,11.856014,14.308118,10.995521,7.980579,9.745439,10.885627,13.224157,16.344168,18.934818,22.421743,25.195072,27.671814,30.582657,32.502678,34.98787,34.91313,32.098267,30.001884,28.579086,26.601109,24.39393,19.5041,20.542103,15.365987,16.75959,14.76784,13.78707,17.750998,18.59935,22.95248,22.024628,26.824898,27.522772,31.963362
14,26.678953,23.443794,21.440905,17.078974,14.390792,15.341408,9.34782,11.4224205,7.4024696,9.3212805,11.295203,10.253513,9.874281,5.3269334,0.0,4.446943,6.7807746,11.373395,15.213412,17.344683,20.668762,22.332449,25.34306,23.949577,22.73159,21.546438,17.16082,14.428942,11.242715,10.306389,6.810161,5.8097425,7.275665,6.701916,10.51387,12.991814,14.682583,14.098329,10.52388,8.145918,10.140611,9.885592,9.453641,10.896432,13.863791,14.2202215,17.70582,20.157822,23.496923,23.722078,24.064991,20.82619,24.66446,23.308609,24.833092,22.231018,19.110626,18.028755,22.982931,19.502558,14.86728,16.513193,21.797985,24.324356,26.488707,20.200497,22.166985,27.945736,26.561813,25.277185,29.816181,30.103764,26.94682,23.170698,26.255077,20.338924,23.649986,21.692196,19.2893,20.935314,15.101891,18.150269,14.1781645,10.550622,10.265757,10.93397,11.559669,14.7549515,15.99218,19.653927,22.291195,24.402067,27.554277,28.95523,31.312735,30.835566,27.836016,25.581095,23.99706,22.18386,19.910769,14.959064,16.834103,11.224987,14.260196,13.257356,13.447905,17.518915,17.430477,22.631607,20.421625,25.404945,25.795216,30.105072
15,26.356874,23.481249,21.763367,17.610243,14.505206,17.106253,10.331734,13.825118,10.964034,11.880428,14.666838,13.013072,12.896786,7.362707,4.446943,0.0,4.109556,7.395287,12.414627,13.777425,17.477104,18.982847,22.145721,20.442131,18.855968,17.952902,13.250597,11.066683,7.4872117,7.9946837,6.1671157,6.482601,10.0199995,10.936764,14.287856,17.309631,18.766155,17.69229,14.135486,11.17461,12.240964,10.109531,9.75257,9.22837,11.742074,11.018528,14.736915,16.285395,19.899931,19.664019,19.815933,16.687847,20.779568,19.471798,21.394098,18.810022,15.709242,15.362925,20.2234,17.611692,13.1117735,13.402212,18.84524,20.903723,23.576649,17.622684,18.594471,24.6174,23.067245,21.453999,25.879074,25.913126,22.688866,18.948446,22.302881,16.573706,20.431116,18.967134,17.240456,19.684603,14.041658,18.259893,15.003372,10.488544,9.109265,8.100206,9.087957,10.776304,12.125722,15.857114,18.330263,20.785982,23.713385,25.500305,27.78707,27.588156,24.763874,22.693233,21.40069,19.498516,17.706707,12.878967,14.524474,10.100757,11.988278,12.21472,12.905884,16.15012,15.6059675,20.282614,17.450056,22.36865,22.252905,26.670261
16,22.717978,20.078745,18.823809,14.600224,11.712114,15.296661,8.447509,14.096613,11.998856,13.81898,17.259485,16.449627,16.375772,10.919231,6.7807746,4.109556,0.0,5.2100863,8.558882,10.687333,13.91197,15.688057,18.609669,17.202198,16.099756,14.972595,10.824043,8.129804,6.341114,5.0394,8.1375885,5.7652245,11.865042,12.243029,15.41576,18.79896,19.29171,18.051115,14.115536,10.729067,12.512183,9.195213,10.619374,9.566281,9.841998,10.444323,12.378775,14.608374,17.519281,18.020739,18.801567,16.328865,20.795637,20.314718,21.999125,18.863667,16.812578,17.043999,22.084408,20.135258,15.839001,15.676305,21.379164,23.014523,26.233013,20.730925,20.706812,26.914412,25.055471,23.008625,27.028019,26.607628,23.068298,19.723942,23.697111,18.465311,22.899176,21.955875,20.705233,23.469046,17.943068,22.314625,18.976233,14.482864,12.594145,11.109996,11.002735,11.506242,11.071681,14.929415,16.811699,19.124456,22.043705,23.491089,25.377155,24.703249,21.673716,19.281324,18.270786,16.762436,15.409146,10.693783,13.638408,9.674219,12.830158,14.280235,15.713962,18.662178,17.432459,22.256962,18.349724,23.161005,22.45873,26.702553
17,23.23856,21.180115,20.243643,16.780828,13.686149,18.549103,12.021728,17.6277,16.44415,17.27675,21.138166,19.94779,20.26373,14.629629,11.373395,7.395287,5.2100863,0.0,6.691917,6.552734,10.643222,11.851468,15.136002,13.450933,11.69063,11.354737,6.8098507,5.9395313,5.247724,6.730534,11.329468,10.529782,16.379978,17.349646,20.446007,23.90597,24.488148,23.09682,19.264862,15.829928,16.98615,12.886764,14.053949,11.423603,10.592711,9.615643,10.950694,11.192565,14.286902,13.995882,14.51711,12.694634,17.598858,17.33055,19.669147,16.702335,15.0032215,16.426407,20.861654,20.19782,16.496918,14.52952,19.7792,20.515085,24.273546,19.529423,17.956383,24.148037,21.88488,19.413355,22.955082,22.18489,18.469286,15.532668,20.062403,15.541025,20.629126,20.340977,20.122278,23.46143,18.543139,23.618395,20.986324,16.225666,13.543454,10.723029,10.418433,8.14077,6.779432,10.55608,11.958507,14.712417,17.28549,19.211277,20.993423,20.746351,18.03471,16.05059,15.445705,13.826946,13.355027,9.504033,11.798518,10.415882,11.650611,14.588545,16.480139,18.215971,16.423252,20.30342,15.578237,19.977697,18.502522,22.705322
18,18.118351,16.777544,17.044806,13.822153,11.916606,17.537237,12.36745,19.627626,19.032372,21.043974,25.149464,24.843124,24.909344,19.359867,15.213412,12.414627,8.558882,6.691917,0.0,4.6372666,5.636538,8.131407,10.284953,9.471571,9.541634,8.332886,6.8875804,5.2333345,9.044333,7.240284,15.25711,12.312213,19.336891,19.697577,22.303734,26.02511,25.393173,23.845375,19.955748,16.534725,18.266972,13.629658,16.553946,14.190724,10.519683,12.192133,9.698763,11.708884,12.504661,14.235139,16.141079,15.656463,20.368567,21.44232,22.892208,19.256207,19.278393,20.858833,25.456274,25.173227,21.653574,20.137798,25.577406,26.123888,30.237322,25.952597,23.920517,30.039124,27.718475,24.931435,27.835447,26.447756,22.604502,20.42165,25.20474,21.492228,26.665386,26.824532,26.673956,30.101974,25.089603,30.005596,27.012228,22.356339,19.764288,17.319601,16.342066,14.143005,10.7820425,13.6992235,13.590227,15.605357,17.86768,18.84582,19.5294,18.037903,14.854771,11.914588,12.369616,12.104937,12.855998,10.217959,14.412929,13.544991,16.54131,19.915495,22.195936,24.064281,21.855728,25.977238,20.504074,24.477386,22.403677,26.017912
19,20.234934,19.172592,19.166658,16.73978,14.3213215,20.27024,15.024096,21.449396,21.32538,22.373451,26.739841,26.108576,26.662542,21.066452,17.344683,13.777425,10.687333,6.552734,4.6372666,0.0,4.7516055,5.31697,8.731576,7.8882,6.711353,7.3353734,5.7160416,6.864088,10.016646,10.369561,17.305399,15.531213,22.15746,22.753962,25.69966,29.252832,29.134253,27.701582,23.74278,20.272694,21.800055,17.140352,19.30329,16.318436,13.267852,13.183945,11.333243,10.809882,11.959077,12.343415,13.665168,13.877902,18.79237,19.687504,21.919497,18.767204,18.616749,20.902779,24.855083,25.295904,22.125174,19.443144,24.207222,24.052553,28.310774,24.510271,21.519066,27.355093,24.583677,21.652029,24.030575,22.582136,18.618383,17.019268,22.167686,19.087494,24.551397,24.952469,25.529362,29.096205,24.560581,29.763586,27.210896,22.504736,19.427908,16.463217,15.244489,11.698397,7.619111,9.789091,9.082968,11.368222,13.379905,14.819409,15.655689,14.84916,12.081533,9.941796,10.454894,9.751103,11.214399,9.610358,12.550576,13.618887,14.956521,19.062878,21.543001,22.527071,20.018595,23.336744,17.50116,20.966824,18.41351,21.871546
20,18.666834,18.43004,19.439486,17.32702,15.864289,21.868675,17.451168,24.529404,24.436295,26.109428,30.434168,30.038286,30.233501,24.563875,20.668762,17.477104,13.91197,10.643222,5.636538,4.7516055,0.0,3.7958388,4.7942824,4.480824,5.6885533,5.488555,7.4561853,8.348129,12.869013,12.195274,20.165977,17.779974,24.70353,25.323772,27.819855,31.641855,30.875233,29.20423,25.434002,22.045242,23.440533,18.543985,21.378853,18.404856,14.039345,15.086237,11.168411,11.448443,10.604241,12.488341,14.762067,15.845254,20.273684,22.089655,23.577808,20.110315,21.129503,23.487185,27.426321,28.207487,25.270605,22.854704,27.716045,27.489676,31.966272,28.591972,25.396078,31.134098,28.610065,25.500265,27.515717,25.553701,21.768814,20.552368,25.516264,23.020098,28.358852,29.171038,29.746677,33.496357,28.970316,34.19154,31.58495,26.852232,23.959558,21.031855,19.922295,16.37297,12.246781,13.843954,12.161844,13.905947,15.176084,16.070091,15.701256,13.944905,11.086436,8.22559,10.480424,11.175345,13.632868,12.9444065,16.489594,17.537243,19.526217,23.628395,26.144943,27.242025,24.673262,27.950037,21.968582,25.103725,22.19529,25.222624
21,18.796368,18.72676,19.466858,18.15203,16.444115,22.622812,18.558659,25.040485,25.595112,26.694218,31.317621,31.056046,31.81988,26.295238,22.332449,18.982847,15.688057,11.851468,8.131407,5.31697,3.7958388,0.0,4.2180996,5.9730325,6.3414173,8.014901,9.524612,11.1825695,15.078564,14.981776,22.47361,20.260351,27.128548,27.420923,30.311209,33.8085,33.29692,31.929075,27.923712,24.531845,26.339502,21.582998,24.171385,21.163036,17.327688,17.693264,14.484734,13.608413,13.065094,13.9216175,15.608725,17.13712,21.665749,23.166285,25.292326,22.205393,22.850403,25.48923,29.096819,30.088554,27.179369,24.199623,28.596825,27.934885,32.359848,29.094482,25.41514,30.858662,27.75741,24.682684,26.154358,24.369886,20.444244,19.916124,25.201096,23.06133,28.584953,29.290949,30.293997,33.89679,29.564484,34.777363,32.22475,27.585484,24.300999,21.371218,19.682962,15.936702,11.249828,11.855556,9.652011,10.695301,11.832051,12.352621,11.964778,10.339954,7.5762897,5.3329287,7.64042,8.372065,11.534205,12.095863,14.905393,17.27797,18.608164,23.12879,25.886017,26.43868,23.577688,26.494194,20.240591,22.86311,19.756346,22.349894
22,18.879892,19.556383,21.105707,19.962057,18.949308,25.004925,21.385365,28.300465,28.7021,30.245567,34.767155,34.542366,34.94292,29.305122,25.34306,22.145721,18.609669,15.136002,10.284953,8.731576,4.7942824,4.2180996,0.0,4.6257243,7.0266423,7.9681177,11.450989,12.966736,17.486738,16.947268,24.939222,22.507812,29.473482,29.949327,32.44857,36.205162,35.254414,33.640697,29.86174,26.540237,28.058973,23.151632,26.085098,23.02096,18.411469,19.372639,14.963064,14.492992,12.509663,14.360626,16.669573,18.773777,22.799646,24.999256,26.501905,23.250402,24.785067,27.479935,31.01123,32.31841,29.650919,26.842752,31.293982,30.588625,35.18496,32.31347,28.492622,33.854855,31.077263,27.864094,29.11559,26.883541,23.21307,22.864439,27.878052,26.196098,31.569016,32.65544,33.649124,37.456303,33.165894,38.45191,35.936764,31.231724,28.130043,25.126684,23.713457,19.822971,15.337885,15.887616,13.281648,14.1825075,14.554941,14.820218,13.27827,10.924695,8.581737,6.136374,9.977713,11.666345,15.117985,15.88853,19.018679,21.119974,22.78646,27.235386,29.944492,30.606752,27.782076,30.609549,24.367302,26.79771,23.4585,25.780148
23,22.216747,22.427254,23.729717,21.709723,20.335688,26.306995,21.70305,28.760899,28.38099,29.952812,34.120014,33.295383,33.166664,27.316637,23.949577,20.442131,17.202198,13.450933,9.471571,7.8882,4.480824,5.9730325,4.6257243,0.0,3.4966729,3.6698139,8.115475,10.190533,14.632921,14.794963,22.400932,20.787481,27.396797,28.692726,30.879503,35.01896,34.26944,32.252426,28.787725,25.387201,25.982475,20.874239,23.402815,19.915966,15.296716,15.729464,11.201364,10.127772,7.919968,9.925831,12.562017,14.685932,18.449017,20.960833,22.096033,18.813023,20.76965,23.560682,26.911535,28.526598,26.21405,23.368336,27.779509,27.141972,31.840403,29.35945,25.551691,30.941402,28.802105,25.485628,27.057507,24.487019,21.08489,20.264088,24.84448,23.33076,28.438099,29.929615,30.8707,34.96948,30.925018,36.37899,34.262074,29.45759,26.690527,23.353354,22.79438,18.310835,14.641978,15.668671,13.177672,15.26423,15.46428,16.951708,15.808317,14.400848,12.360831,10.219987,13.438847,14.337791,17.296564,16.970745,19.914978,21.438877,22.6189,26.821877,29.198288,29.929075,27.42574,29.956749,24.06928,26.722422,23.306252,26.12072
24,24.232843,24.022108,24.780893,22.581654,20.646759,26.630991,21.447617,28.06923,27.566252,28.664707,32.77092,31.594162,31.577616,25.7158,22.73159,18.855968,16.099756,11.69063,9.541634,6.711353,5.6885533,6.3414173,7.0266423,3.4966729,0.0,3.554901,6.140029,9.291253,12.946909,14.189676,21.001675,20.151041,26.440504,28.008663,30.386568,34.46851,34.185406,32.20021,28.70215,25.224255,25.59982,20.52693,22.469448,18.703661,14.85254,14.131626,10.824835,8.1662035,7.42693,7.6873603,9.708036,11.845714,15.872437,18.017048,19.686287,16.714245,18.207424,21.245197,24.32229,26.128525,23.947456,20.614046,24.715998,23.87481,28.568808,26.239695,22.186855,27.495462,25.335281,22.004107,23.607256,21.069592,17.652842,16.773552,21.387032,19.992014,25.122402,26.686302,27.85289,31.998682,28.221724,33.76559,31.948507,27.157923,24.34453,20.787954,20.467278,15.473238,12.216131,13.1104,10.654499,13.363074,13.507373,15.767351,15.2111635,14.690016,12.899566,11.334724,13.850504,14.024432,16.692875,16.098494,18.338175,20.137825,20.462969,24.672739,26.931206,27.36346,24.950563,27.063519,21.357632,23.932674,20.469337,23.4852
25,23.740906,23.44886,24.443235,21.746006,20.10856,25.841934,20.58729,27.624548,26.64664,28.287472,32.129436,30.941578,30.427427,24.501762,21.546438,17.952902,14.972595,11.354737,8.332886,7.3353734,5.488555,8.014901,7.9681177,3.6698139,3.554901,0.0,5.1405487,7.2695107,11.514069,12.092683,19.28376,18.203218,24.484007,26.282764,28.261112,32.59575,32.023464,29.788918,26.540691,23.12626,23.13383,17.979422,20.194973,16.51768,12.029782,12.149485,7.7447634,6.6943192,5.163287,7.4299316,10.284949,11.694066,15.530275,18.022219,18.890898,15.412231,17.37198,20.024265,23.52435,25.017767,22.763391,20.1413,24.7654,24.446644,29.119944,26.582369,23.156061,28.733112,27.074875,23.797056,25.916101,23.360323,20.089436,18.562696,22.81507,20.95298,25.854034,27.407436,28.082207,32.285145,28.263565,33.733395,31.779388,26.952868,24.510128,21.088804,21.154806,16.652746,13.769772,15.459091,13.5767565,16.36092,16.888823,18.945675,18.404585,17.413332,15.227734,12.979432,15.526158,15.860159,18.176409,16.864346,19.792015,20.531025,21.611618,25.435722,27.518702,28.493622,26.30375,28.886637,23.384645,26.424133,23.247387,26.541311
26,24.671644,23.572224,23.738464,20.541525,18.212778,23.647537,17.607216,24.072632,22.745209,24.002798,27.660671,26.147984,25.709597,19.787205,17.16082,13.250597,10.824043,6.8098507,6.8875804,5.7160416,7.4561853,9.524612,11.450989,8.115475,6.140029,5.1405487,0.0,3.9087954,6.823147,8.711937,14.887872,14.5487795,20.469429,22.44178,24.70314,28.880434,28.894548,26.803059,23.466488,19.992006,19.921722,14.95451,16.47864,12.693825,9.56047,8.382674,6.703302,5.2650766,7.59665,7.7440944,9.335939,8.933567,13.630957,15.013526,16.555159,13.175056,13.684212,16.125513,19.984957,20.88761,18.252844,15.589678,20.507433,20.564348,25.038448,21.870277,18.97388,24.888807,23.249985,20.171623,23.017166,21.012083,17.605986,15.2158785,19.509615,16.671694,21.650038,22.77491,23.192451,27.285603,23.139679,28.594452,26.683315,21.857254,19.49686,16.036282,16.482134,12.133306,10.168005,12.666824,11.969715,15.2933,16.558401,19.038546,19.599491,19.218365,16.855494,14.78098,16.024214,15.386463,16.672987,14.289938,16.75584,16.834044,17.487875,20.926216,22.764963,23.886744,21.978361,24.712585,19.646128,23.17969,20.532503,24.374846
27,23.11381,21.685537,21.82797,18.096634,15.990386,20.985598,14.910586,21.715017,19.988136,21.87895,25.3244,24.057508,23.294418,17.39625,14.428942,11.066683,8.129804,5.9395313,5.2333345,6.864088,8.348129,11.1825695,12.966736,10.190533,9.291253,7.2695107,3.9087954,0.0,4.96263,4.9894366,12.237791,11.043534,17.293467,19.114206,21.181833,25.462502,25.205408,23.05613,19.751038,16.295748,16.324154,11.30214,13.38678,10.092458,6.4508944,7.0997887,5.319084,7.472886,9.477728,10.841077,12.642526,11.341645,15.76908,16.941395,17.912565,14.168839,14.385963,15.945702,20.53761,20.49017,17.335339,15.871181,21.442787,22.22417,26.41324,22.56008,20.711725,26.865313,25.424076,22.589487,25.914978,24.231403,20.824366,17.985163,22.054419,18.405458,23.143341,23.792093,23.500008,27.34067,22.684853,27.844883,25.48043,20.704153,18.695658,15.754173,16.240995,13.244812,11.520718,14.718572,14.702804,17.696688,19.505344,21.50679,22.226284,21.3726,18.581146,15.9847555,16.850967,16.264248,16.940603,13.768877,17.016073,15.70939,17.565586,20.442543,22.1468,24.009203,22.31235,25.839893,21.01004,25.054409,22.918182,26.924215
28,26.475378,24.482061,23.906832,19.84154,17.207968,21.407217,14.675823,20.30203,17.836275,19.231035,22.119686,20.155712,19.133612,13.171439,11.242715,7.4872117,6.341114,5.247724,9.044333,10.016646,12.869013,15.078564,17.486738,14.632921,12.946909,11.514069,6.823147,4.96263,0.0,4.849022,8.101935,8.956915,13.929827,16.470514,18.615345,22.798197,23.340414,21.22015,18.145267,14.807688,14.122411,9.717796,10.196432,6.6660376,6.4690466,4.53016,7.7579155,8.919158,12.572873,12.53667,13.213514,10.369772,14.603239,14.590335,15.874173,12.587723,11.148364,12.068676,16.952803,16.15516,12.64542,11.523374,17.376331,18.751839,22.542776,18.186733,17.299774,23.545057,22.539696,20.072708,24.078901,22.889822,19.76764,16.145206,19.59234,15.102973,19.406132,19.674221,18.909826,22.673918,18.005007,23.13287,21.02518,16.27479,14.750592,11.822706,13.407911,11.036284,11.321273,14.873182,15.880009,19.145235,21.194479,23.615675,25.007486,24.739828,22.08837,19.8475,19.98373,18.720695,18.53021,14.580948,16.87891,14.684541,15.745706,17.721691,18.836185,20.91351,19.810839,23.236555,19.359245,23.704887,22.192333,26.564962
29,22.958996,20.886227,20.59979,16.191404,14.1666,18.07205,11.816273,18.410156,15.952042,18.47545,21.4506,20.37765,19.241606,13.533539,10.306389,7.9946837,5.0394,6.730534,7.240284,10.369561,12.195274,14.981776,16.947268,14.794963,14.189676,12.092683,8.711937,4.9894366,4.849022,0.0,8.491317,6.11869,12.646629,14.263792,16.227142,20.528189,20.235546,18.1215,14.800539,11.35809,11.575959,6.7833023,9.321468,7.305889,5.1103625,7.488842,7.884333,11.604691,13.865326,15.341286,16.84391,14.590674,18.685007,19.18728,19.866295,16.17383,15.463624,15.814814,21.023792,19.63662,15.827571,15.901208,21.912643,23.533318,27.181795,22.474361,22.02225,28.286724,27.063541,24.643198,28.540852,27.384422,24.032646,20.678139,24.390598,19.804564,24.096443,24.023638,22.857224,26.20453,21.039896,25.658327,22.794882,18.248547,16.835703,14.765218,15.434666,14.353127,13.473359,17.190403,18.095436,20.806385,23.17763,24.85552,26.007637,24.990267,21.92613,19.129492,19.227991,18.401266,18.065094,13.945028,17.478907,14.351776,17.285948,19.122198,20.459673,23.188904,21.931986,26.233936,22.037718,26.593082,25.213072,29.423561
30,29.921507,27.208008,26.013887,21.37289,18.94867,20.95682,14.576648,18.174692,14.049646,15.857462,17.00812,14.496284,12.008582,6.3514695,6.810161,6.1671157,8.1375885,11.329468,15.25711,17.305399,20.165977,22.47361,24.939222,22.400932,21.001675,19.28376,14.887872,12.237791,8.101935,8.491317,0.0,5.822443,6.3021975,10.2384815,11.707985,15.85081,17.16902,15.024828,12.812824,10.310067,8.223406,6.7478504,4.1060767,4.6647215,9.537338,9.013551,13.7062025,16.198322,19.773705,19.93618,20.28001,16.55423,19.560436,18.501017,19.058722,16.42184,13.632749,12.0153885,17.272106,13.901568,9.474543,12.003233,17.785006,20.666908,23.138895,17.748514,19.675707,25.510536,25.332333,23.74853,28.489275,28.080797,25.416435,21.211527,23.463419,18.00406,20.7546,19.881447,17.401384,20.134138,15.03534,18.896746,16.427298,12.4557,12.937242,11.94869,14.537856,15.273044,17.082151,20.81009,22.776022,25.724436,28.240242,30.429195,32.299465,31.973959,29.11566,26.726772,26.1606,24.633394,23.329159,18.565813,20.575962,16.186296,17.890007,17.623737,17.539816,20.858906,20.912422,24.932877,22.708883,27.464474,27.123451,31.663656
31,24.647394,21.859894,20.847029,16.02671,14.110361,15.947208,9.979149,14.995972,11.330332,14.54774,16.57049,15.732663,14.129868,9.117307,5.8097425,6.482601,5.7652245,10.529782,12.312213,15.531213,17.779974,20.260351,22.507812,20.787481,20.151041,18.203218,14.5487795,11.043534,8.956915,6.11869,5.822443,0.0,7.155929,8.185748,10.271652,14.422956,14.4678,12.630449,9.2043705,5.87489,6.7952094,4.500058,6.3466716,7.6198387,9.020137,11.184711,13.355939,17.160921,19.772999,20.995127,22.083893,19.133194,22.8415,22.514767,23.113789,19.8294,18.021658,17.100151,22.49673,19.589605,15.236722,17.047035,22.99073,25.423506,28.261684,22.70633,23.880835,29.980389,28.974745,27.129475,31.517363,31.01104,27.797083,24.05181,27.277945,21.889488,25.477636,24.490978,22.352228,24.842455,19.283518,22.902443,19.458353,15.546173,15.120977,14.500363,15.360948,16.598045,16.777842,20.648842,22.420874,24.82756,27.658825,29.092047,30.751377,29.761827,26.579102,23.820118,23.110197,21.947924,20.552065,15.80382,18.994131,14.073366,17.733301,18.007084,18.6852,22.34844,21.769072,26.712961,23.545631,28.44938,27.982859,32.307884
32,30.96012,27.88877,26.461727,21.676044,19.86835,20.003809,14.958477,17.016577,12.039301,14.80709,14.45588,12.658975,9.046339,6.0606017,7.275665,10.0199995,11.865042,16.379978,19.336891,22.15746,24.70353,27.128548,29.473482,27.396797,26.440504,24.484007,20.469429,17.293467,13.929827,12.646629,6.3021975,7.155929,0.0,5.5611653,5.6501775,9.850789,11.391028,9.41479,8.152433,7.236889,4.9569345,7.934968,5.6955266,9.645242,13.789089,14.82124,18.603289,22.054811,25.171991,25.903961,26.483755,22.801159,25.58526,24.494862,24.653082,22.088568,19.430605,17.119328,22.107904,17.762705,13.603019,17.44976,22.716787,26.03072,27.832499,22.101233,25.08594,30.597977,30.496284,29.283545,34.133595,34.056297,31.38314,27.182125,29.281637,23.598352,25.81403,24.299473,21.104986,22.746534,17.583218,19.829422,16.681858,14.03835,15.53035,16.091139,18.092113,20.431816,22.052748,25.833433,28.074411,30.634285,33.481083,35.210926,37.192265,36.524994,33.436718,30.826347,29.898443,28.45137,26.610102,21.679594,23.951965,18.453724,21.251503,19.910982,19.386736,23.479824,23.952114,28.592756,26.928518,31.835432,32.049763,36.51317
33,28.221428,24.813824,22.935925,18.390514,16.860271,15.610642,11.84538,12.528874,7.5169654,11.2736635,10.991669,11.143412,9.246837,8.003232,6.701916,10.936764,12.243029,17.349646,19.697577,22.753962,25.323772,27.420923,29.949327,28.692726,28.008663,26.282764,22.44178,19.114206,16.470514,14.263792,10.2384815,8.185748,5.5611653,0.0,4.5086145,6.5589952,8.077791,8.018507,5.095521,5.145315,7.7344203,10.651657,10.418231,13.895204,16.823502,18.520908,21.44134,25.079407,27.925674,28.888622,29.615452,26.278166,29.687586,28.583706,29.286259,26.54314,23.83081,21.968054,26.998476,22.759819,18.368212,21.507143,26.72865,29.769814,31.547293,25.307718,28.108486,33.686897,32.77515,31.655865,36.325417,36.58657,33.536694,29.641443,32.38159,26.457905,29.173784,27.10457,24.057617,25.088116,19.529474,21.177532,17.015753,14.8643465,15.81251,17.247187,17.903141,21.45665,22.43459,26.124935,28.627678,30.57966,33.806984,34.894024,37.066948,36.139797,32.923058,30.320904,28.801748,27.340155,24.955734,20.123163,22.539455,16.43465,20.347801,18.667974,18.40459,22.894047,23.186834,28.584404,26.799019,31.771353,32.372227,36.606075
34,30.751646,27.522417,26.069216,21.387594,20.37522,18.927315,15.666185,16.736113,11.83621,15.5690155,14.422241,14.176263,10.8966675,10.446621,10.51387,14.287856,15.41576,20.446007,22.303734,25.69966,27.819855,30.311209,32.44857,30.879503,30.386568,28.261112,24.70314,21.181833,18.615345,16.227142,11.707985,10.271652,5.6501775,4.5086145,0.0,5.211795,5.8258967,4.3486195,4.5458083,6.391326,6.2531157,10.898029,10.333802,14.5601015,17.592419,19.729942,22.51746,26.67929,29.29132,30.593987,31.500654,28.03334,30.929983,30.06138,30.040277,27.286879,24.971733,22.62562,27.58715,23.088942,19.106611,23.09527,28.285013,31.637226,33.295193,27.410528,30.559042,36.03531,35.71893,34.578163,39.37628,39.404373,36.554306,32.475185,34.807957,29.038935,31.307066,29.520824,26.181406,27.263884,22.078018,23.41102,19.747135,17.95434,19.480696,20.706335,21.93399,25.005638,26.07862,29.863798,32.139133,34.320602,37.395554,38.631393,40.5703,39.49855,36.224613,33.4174,32.279774,31.041954,28.931143,24.11297,26.791367,20.786621,24.606306,22.940897,22.460262,26.914011,27.380634,32.543037,30.87515,35.845974,36.29029,40.616943
