,0,1,2,3,4,5,6,7,8,9,10,11,12,13,14,15,16,17,18,19,20,21,22,23,24,25,26,27,28,29,30,31,32,33,34,35,36,37,38,39,40,41,42,43,44,45,46,47,48,49,50,51,52,53,54,55,56,57,58,59,60,61,62,63,64,65,66,67,68,69,70,71,72,73,74,75,76,77,78,79,80,81,82,83,84,85,86,87,88,89,90,91,92,93,94,95,96,97,98,99,100,101,102,103,104,105,106,107,108,109,110,111
0,0.0,4.297826,6.978288,9.544106,12.258403,14.204177,16.680248,22.358221,24.108036,27.05592,31.114346,30.525717,35.900524,35.810658,32.06401,29.595703,25.583845,25.548283,19.936588,18.516687,14.89253,14.4375725,12.07015,16.134413,19.062262,19.108383,22.275408,22.254696,26.776827,24.419086,32.641277,28.266264,35.362988,33.973576,36.679398,39.602367,37.818195,36.936768,32.74497,30.165886,33.473476,29.52021,33.411423,31.57888,26.840515,29.320848,24.728323,25.837605,23.453712,25.371181,27.300827,29.217579,33.448467,35.833775,37.010914,33.87092,34.7845,37.19726,40.59409,42.747543,38.85758,37.401,43.22088,44.394707,48.10361,43.936565,42.288788,48.40545,46.603638,43.883305,46.99726,48.120743,45.962936,41.946568,43.848534,40.181973,40.398186,40.53416,37.57385,40.254402,37.883896,42.51725,38.898804,38.803696,34.790817,32.469856,29.78419,28.335665,23.50707,23.565565,19.984339,21.778404,18.847147,22.346037,21.420076,21.42097,25.763748,27.934874,29.135895,33.13258,35.28153,39.09873,39.569904,44.599422,47.969284,47.023415,43.834354,45.55124,38.98381,40.6787,37.308136,36.94401
1,4.297826,0.0,4.5038533,6.353487,8.313342,11.12487,13.044327,18.68852,20.513163,23.173113,27.443674,27.159573,32.333767,32.01249,28.13628,25.49081,21.497892,21.301163,15.833987,14.2401905,10.779692,10.396187,8.51275,12.58845,15.3054495,15.375581,18.158617,18.157152,22.59009,20.430517,28.61298,24.467012,31.617657,30.468435,33.293587,36.346436,34.85397,33.867558,29.603226,26.819633,29.973871,25.872292,29.582218,27.60874,23.05772,25.28187,21.01678,22.013712,20.04964,21.729456,23.605444,25.24676,29.631811,31.79234,33.12562,30.031792,30.677612,33.090755,36.45867,38.609844,34.77803,33.157253,38.95712,40.103676,43.833996,39.755653,38.041443,44.151325,42.458916,39.754406,42.98421,44.0783,42.049507,37.93654,40.012634,36.17755,36.65549,36.69135,33.81108,36.654636,33.984062,38.630524,34.931133,34.637016,30.63844,28.224293,25.676893,24.08992,19.327478,19.531467,16.123316,18.367672,15.815474,19.715656,18.032164,17.720142,21.9515,24.0121,25.07172,28.969114,31.019178,34.864334,35.27959,40.32666,43.726086,42.848167,39.690113,41.517025,34.95265,36.83038,33.54919,33.431602
2,6.978288,4.5038533,0.0,4.9854403,7.088482,7.3203783,11.157602,15.706827,18.070837,20.732746,24.823645,24.878267,30.069338,30.491234,27.064976,24.344227,20.617529,20.339796,15.478435,14.050453,11.957694,10.687367,10.485115,14.706438,16.688831,17.248207,18.95884,18.90291,22.719166,20.718153,28.313383,24.156092,31.141758,29.449224,32.724583,35.268906,34.124947,33.567684,29.098738,26.353378,30.096443,26.318876,29.778147,28.041832,24.196577,26.06848,22.729786,23.518272,22.369057,23.369068,24.78892,26.037237,30.616257,32.159016,34.087593,31.288687,31.205826,33.655247,36.789993,38.997566,35.295708,33.00361,38.60101,39.312496,43.30766,39.62739,37.193115,43.16227,41.52199,38.594513,41.557583,42.31989,40.151653,36.048443,37.5728,33.86949,33.77177,33.822266,30.768028,33.353786,31.217676,35.924202,32.325184,32.635788,28.64736,26.698772,23.65818,23.213669,18.30117,19.248741,16.254957,18.78096,16.356556,19.962719,17.255894,16.125692,21.212265,22.430614,24.413782,27.738976,30.237038,33.609177,34.144817,38.993103,42.17848,41.193905,38.00392,40.146957,33.549496,35.439117,32.4894,32.014633
3,9.544106,6.353487,4.9854403,0.0,3.7235713,6.7481027,7.203322,13.533574,14.624174,17.911467,21.7105,21.006725,26.357046,26.458324,23.010841,20.74425,16.87491,17.354328,11.760671,12.386019,10.603787,10.755428,11.084485,14.229381,16.169237,15.858842,16.898714,15.894661,19.552162,16.827038,24.356821,19.764809,26.702114,24.893974,27.992897,30.614319,29.280672,28.670155,24.23736,21.56389,25.42834,21.877964,25.531559,24.21922,20.472672,22.949392,19.754065,21.600355,20.743603,22.269712,24.090656,24.636818,29.463804,30.742338,32.521618,29.44289,29.052027,31.02686,34.63629,36.271065,32.10783,30.17088,35.800533,36.576935,40.395912,36.29014,34.02754,40.05909,37.920246,35.0273,37.83108,38.908546,36.57812,32.69451,34.474857,31.105532,31.282372,31.81168,29.124744,32.307816,29.813942,34.901035,30.861988,30.712824,26.973381,24.681776,22.378202,21.680044,17.325636,18.792675,16.395311,19.729244,18.08114,22.202398,18.709585,16.924894,21.510534,22.349533,23.777231,26.639402,28.433615,32.003223,31.86455,36.909702,40.277172,39.78505,36.77428,39.476925,32.94487,35.407272,32.718994,32.850994
4,12.258403,8.313342,7.088482,3.7235713,0.0,6.1691003,4.9672933,11.012326,12.348276,15.017622,19.245657,19.13587,24.113087,23.833363,20.136333,17.504572,13.640971,13.7622595,8.46459,8.845786,7.936886,8.230938,9.682649,12.106357,13.454787,13.2412815,13.556418,12.640989,16.087162,13.78599,21.251955,17.10139,24.118818,22.758957,25.994825,28.833464,27.910791,27.113562,22.653782,19.69098,23.19765,19.399103,22.733696,21.136497,17.68062,19.668005,17.00261,18.527601,18.243357,19.346796,21.000092,21.240583,26.13445,27.177069,29.113382,26.157051,25.502195,27.525843,31.024286,32.73449,28.727123,26.568855,32.18266,32.957256,36.810013,32.851444,30.541431,36.582283,34.671967,31.814249,34.847733,35.870354,33.76235,29.691015,31.74523,28.050692,28.627972,28.926872,26.315016,29.648357,26.73492,31.762531,27.677015,27.251417,23.489538,21.06162,18.918732,17.984676,13.759049,15.421193,13.4302,17.124216,16.048126,20.265045,16.185156,14.090788,18.324175,19.036919,20.245665,23.010927,24.712648,28.327765,28.199879,33.26534,36.66925,36.194866,33.201797,35.914204,29.411188,32.00868,29.39176,29.782074
5,14.204177,11.12487,7.3203783,6.7481027,6.1691003,0.0,6.858427,8.780457,11.757352,14.179902,18.020882,18.727972,23.643106,24.794746,22.004555,19.267014,16.169622,15.897765,12.512569,12.209161,12.75316,11.345006,13.594084,16.708422,17.419096,18.145012,17.764305,17.306833,19.74508,18.082438,24.253746,20.39562,26.828453,24.647188,28.487846,30.424416,30.01396,29.915924,25.306805,22.574171,26.800587,23.594358,26.421562,25.10643,22.635527,23.909945,22.310062,23.07923,23.38798,23.567368,24.47144,24.630247,29.448442,29.850307,32.523792,30.117254,28.77228,30.982246,33.88959,35.87281,32.309837,29.19781,34.37198,34.486446,38.716095,35.536064,32.19033,37.8926,36.2478,33.089657,35.696167,36.09055,33.813374,29.754608,30.755686,27.231668,26.67262,26.85113,23.79566,26.458242,24.64182,29.614983,25.886957,26.678957,22.90303,21.465153,18.241457,19.36148,14.9308405,17.307203,15.69598,19.018316,17.711155,21.120378,16.41966,13.555101,19.026186,18.602869,21.42024,23.440407,26.074667,28.80251,29.137793,33.729103,36.691265,35.8606,32.778584,35.692513,29.207468,31.523836,29.310623,28.900736
6,16.680248,13.044327,11.157602,7.203322,4.9672933,6.858427,0.0,7.6774096,7.60282,11.040396,14.695662,14.1878195,19.292587,19.397715,16.187763,14.016072,10.48911,11.494261,6.908704,10.1526,11.139416,11.774746,14.081755,15.607236,16.241182,15.754752,14.479066,12.668615,14.774924,12.099264,18.284418,13.840997,20.431572,18.426968,21.983335,24.376541,23.734804,23.307594,18.73078,15.88058,20.032234,16.949144,20.013994,19.15936,16.839064,18.87233,17.53677,19.667616,20.329628,21.226786,22.721762,21.998438,27.00518,27.2225,29.473711,26.65014,25.072268,26.59567,30.212158,31.390388,27.176682,24.754917,30.063267,30.465687,34.345905,30.422235,27.599007,33.494976,31.170652,28.148094,30.758387,31.765415,29.382998,25.537912,27.340641,24.11439,24.464552,25.274714,22.94469,26.644718,23.867052,29.25497,24.871511,24.527884,21.149178,18.897642,17.210894,17.238869,13.937083,16.637373,15.802079,19.886284,19.51887,23.561174,18.577421,15.54148,19.544775,19.080194,20.486029,22.0685,23.394106,26.634457,25.926065,30.90385,34.24102,34.163982,31.373936,34.859882,28.559118,31.640078,29.63514,30.267422
7,22.358221,18.68852,15.706827,13.533574,11.012326,8.780457,7.6774096,0.0,5.20981,5.6156626,9.675208,12.061966,15.863602,17.251862,15.140841,12.331744,10.7037525,10.341921,10.540032,11.962073,15.226401,14.529616,18.154398,19.403383,18.716381,19.269482,16.466045,15.5332575,15.613034,14.881793,18.28925,15.580552,20.767128,18.644455,22.960531,24.445026,25.197474,25.323465,20.89913,18.166729,22.162514,19.72509,21.313591,20.451496,20.045984,20.283493,21.098536,21.790146,23.775091,23.124985,23.49144,22.155375,26.8849,25.88049,29.157696,27.27808,24.478004,26.155996,28.75828,30.27157,26.990204,23.093266,27.584564,27.084154,31.428185,28.818344,24.600245,29.950647,28.359901,25.051598,27.440516,27.515276,25.327517,21.186512,22.077688,18.465664,18.073885,18.366344,15.643324,19.055122,16.761154,22.179882,17.982153,18.71214,15.411937,14.382145,11.776255,14.548978,12.032553,15.826518,16.38124,20.186111,20.510733,23.600348,17.540535,13.413719,17.446959,15.074978,17.915043,17.91537,20.07304,22.072329,21.835415,26.154491,28.975636,28.59628,25.799038,29.730453,23.654993,26.744656,25.549728,25.811937
8,24.108036,20.513163,18.070837,14.624174,12.348276,11.757352,7.60282,5.20981,0.0,4.9753523,7.170166,7.393479,12.03059,13.253326,11.459599,9.925813,8.515232,10.075372,9.785999,13.933609,16.86294,17.28277,20.486963,21.19355,20.769756,20.448532,17.339485,15.264745,14.78986,12.9857,15.405511,11.923436,16.637926,13.8072405,18.130816,19.45472,20.035004,20.326418,15.903107,13.415076,17.945086,16.304178,17.999521,18.114302,18.20867,19.285887,20.376377,22.340368,24.378569,24.450415,25.325245,23.418736,28.200384,27.05368,29.929367,27.710848,24.707125,25.622938,28.85641,29.475872,25.537788,22.30326,26.702251,26.277374,30.27067,26.998158,23.025806,28.397346,25.855824,22.542006,24.480768,25.09877,22.450727,18.802074,19.972475,17.293907,17.189308,18.613552,16.769373,20.919739,18.421444,24.125528,19.491825,19.48632,16.918758,15.426612,14.445119,16.442013,14.963707,18.700142,19.45178,23.570107,24.108831,27.607306,21.70002,17.770155,21.0411,18.815207,20.620007,20.157297,21.10397,23.29767,21.953981,26.431316,29.443134,29.827864,27.400377,31.926228,26.194288,29.793074,28.849783,29.712467
9,27.05592,23.173113,20.732746,17.911467,15.017622,14.179902,11.040396,5.6156626,4.9753523,0.0,5.2451315,9.003046,11.292453,12.164925,10.506551,7.9298363,8.135052,8.15873,11.070914,13.746624,17.728712,17.759882,21.512674,21.659147,20.422548,20.569893,16.617775,15.225365,13.537983,13.415489,14.189608,12.636314,16.457232,14.706278,19.096409,20.443974,21.972576,22.06875,18.037476,15.426799,18.813856,17.083681,17.647987,17.263594,18.412588,18.082214,20.457706,21.363085,24.194748,23.338514,23.568739,21.242277,25.703506,23.871643,27.225449,25.601694,21.966002,23.000399,25.559166,26.460918,23.243494,19.139912,23.099407,22.299969,26.554766,24.087759,19.483301,24.661934,22.88277,19.520819,21.840326,21.94291,19.83424,15.612887,16.95125,13.25868,13.72381,14.362578,12.484843,16.833689,13.673187,19.327919,14.633863,14.567144,12.018133,10.932281,10.091025,13.099519,12.704687,16.706001,18.401342,22.257421,23.431433,26.422476,20.215643,16.098343,18.487263,15.447472,17.36558,15.937367,17.025412,18.664362,17.543358,21.78265,24.660643,24.911976,22.487442,27.15907,21.625355,25.344683,24.820766,25.843046
10,31.114346,27.443674,24.823645,21.7105,19.245657,18.020882,14.695662,9.675208,7.170166,5.2451315,0.0,5.84758,6.608707,9.548808,10.263993,9.729296,11.297205,12.363126,15.221408,18.832735,22.639437,22.873291,26.504116,26.647303,25.4938,25.383825,21.28416,19.442207,17.13189,16.641209,15.240948,13.944845,15.695106,12.859918,17.355047,17.415339,19.586676,20.441757,16.857727,15.081297,18.799393,18.503286,18.504738,19.267504,21.399948,21.321747,24.261751,25.7127,28.693155,28.019094,28.284327,25.57068,29.806889,27.482073,30.818272,29.339964,25.24689,25.620306,28.132505,28.29758,25.057604,21.090704,24.13426,22.762182,26.755348,24.557833,19.423986,23.85296,21.423363,17.910992,19.055368,18.96344,16.217106,12.737945,12.959631,10.849823,10.216838,12.37189,11.469359,16.043982,13.864286,19.51822,14.870152,15.242546,14.0411625,13.77963,13.833309,17.417501,17.771116,21.757484,23.620722,27.454607,28.670918,31.594326,25.336727,21.14882,23.389946,19.920195,21.822258,19.44217,19.935385,20.73361,18.869022,22.410742,24.888556,25.734905,23.821419,29.221819,24.420311,28.32454,28.482687,29.55891
11,30.525717,27.159573,24.878267,21.006725,19.13587,18.727972,14.1878195,12.061966,7.393479,9.003046,5.84758,0.0,5.8530164,8.739085,9.841027,11.121247,11.830915,14.451423,15.270273,20.481356,23.435684,24.345419,27.406368,27.633608,27.115501,26.32784,22.718737,20.029036,18.275917,16.287313,15.222305,12.321477,13.784751,9.3144245,13.704229,13.355103,14.710338,16.0255,12.31689,11.2097225,16.021936,16.62279,17.374718,19.154001,20.855593,22.14589,24.313887,27.041174,29.469526,29.76261,30.701233,28.054888,32.508854,30.675995,33.411472,31.33368,27.681921,27.58792,30.919655,30.409357,26.300728,23.482689,26.820986,25.909992,29.39081,26.137539,21.899618,26.444014,22.8408,19.524117,20.048342,20.897032,17.494303,15.119178,15.624868,15.109672,14.596573,17.623953,17.146837,21.619759,19.662565,25.261047,20.589523,20.409655,19.295094,18.275778,18.75217,21.110537,21.052197,24.828695,26.138336,30.26835,31.160225,34.618202,28.615095,24.613636,27.169886,24.400467,25.762587,24.0579,23.93284,25.407015,22.925888,26.777157,29.497375,30.791208,29.02876,34.422806,29.556824,33.577847,33.41328,34.6745
12,35.900524,32.333767,30.069338,26.357046,24.113087,23.643106,19.292587,15.863602,12.03059,11.292453,6.608707,5.8530164,0.0,5.9915576,9.759513,11.856215,14.324728,16.416815,19.098495,23.848274,27.385197,28.252047,31.606003,31.305471,30.256733,29.57217,25.306147,22.834404,19.894941,18.960371,15.147066,14.3699875,13.125476,9.515215,13.406974,12.000501,15.063677,16.55632,14.066536,13.548324,16.822048,18.357529,17.621056,19.78414,22.952578,23.308214,26.776838,29.078253,32.16318,31.942093,32.483727,29.269875,33.21954,30.603088,33.50331,31.970543,27.637568,27.040375,29.825357,28.836416,25.322468,22.223173,24.352777,22.820074,26.037771,23.578913,18.738836,22.322102,18.644512,15.322323,14.95907,15.448519,11.843852,10.095576,10.1329,10.937828,10.738264,14.408928,15.178684,19.710215,17.772278,22.849382,18.408709,17.992138,18.122616,17.74338,19.215624,22.01448,23.210867,26.991032,29.034695,32.964554,34.387543,37.50114,31.354307,27.306833,28.96835,25.62224,26.709597,23.85218,23.119884,23.678429,20.66508,23.682718,25.994741,27.82598,26.614086,32.49101,28.511047,32.720993,33.289467,34.864536
13,35.810658,32.01249,30.491234,26.458324,23.833363,24.794746,19.397715,17.251862,13.253326,12.164925,9.548808,8.739085,5.9915576,0.0,5.0750074,8.566009,11.66723,14.034411,17.145842,22.158224,25.59973,27.072588,30.203503,29.07567,27.886103,26.770649,22.292368,19.592361,16.037207,15.358658,9.780307,10.283486,7.5015316,5.963619,9.358266,9.916532,13.057021,13.251543,11.198146,10.314022,11.834342,13.599371,12.028375,14.52624,18.4549,18.67491,22.678135,25.25562,28.513971,28.48705,29.229288,25.669386,29.341475,26.792177,29.158731,27.484491,23.226282,22.080858,25.275047,23.722843,19.841892,17.511543,19.777142,18.878191,21.67645,18.290987,14.370634,18.567764,14.337029,11.231112,12.049149,13.83559,10.989206,8.7280855,11.912843,11.443543,13.952957,16.64075,17.652866,22.522318,19.108103,23.898783,19.281237,17.145035,17.36013,15.928431,18.696653,19.793442,21.771223,25.086666,27.368092,31.260336,33.072273,36.340584,30.535372,26.904083,27.556347,24.827553,24.645256,22.018251,20.139585,21.412521,17.678137,21.214378,24.09297,26.359417,25.286888,30.886635,27.041521,31.492659,31.816122,34.092297
14,32.06401,28.13628,27.064976,23.010841,20.136333,22.004555,16.187763,15.140841,11.459599,10.506551,10.263993,9.841027,9.759513,5.0750074,0.0,4.3727994,7.110898,9.737308,12.686829,17.723331,21.001358,22.75836,25.714773,24.277376,23.118279,21.827816,17.40222,14.586636,11.101099,10.351712,5.5468845,5.764022,6.0398316,6.5579953,9.875569,12.633055,14.4476185,13.500632,10.617372,8.323091,9.37873,9.407592,8.360054,10.03528,13.525918,13.856888,17.624645,20.301403,23.45605,23.599964,24.57088,21.140888,25.032587,23.003803,25.122265,23.066877,19.227377,18.386719,22.103193,20.969063,16.57691,14.475128,18.054573,18.009527,21.03322,16.81257,13.775809,19.161089,15.549177,12.687768,15.178283,17.139149,15.102858,11.842918,15.812317,13.5562315,16.685186,18.402615,18.649431,23.594093,19.376398,24.29187,19.50173,16.756361,15.995278,13.521157,16.343946,16.09277,17.882183,20.891457,23.015875,26.935875,28.772602,32.216927,26.6976,23.385859,23.790556,21.749819,20.979263,19.240452,17.263987,19.625814,16.182623,20.664238,24.09822,25.953718,24.45931,29.447687,25.007904,29.403694,29.092838,31.532766
15,29.595703,25.49081,24.344227,20.74425,17.504572,19.267014,14.016072,12.331744,9.925813,7.9298363,9.729296,11.121247,11.856215,8.566009,4.3727994,0.0,4.1649127,5.564945,9.969269,13.951548,17.700829,19.10453,22.34339,20.915634,19.447947,18.59159,13.91476,11.673901,8.103986,8.495767,6.297499,6.7027326,9.855041,10.631755,14.055681,16.914413,18.48541,17.430696,14.099886,11.200753,12.366763,10.528586,10.029931,9.714886,12.381391,11.784524,15.5537405,17.277645,20.639168,20.22601,20.902836,17.634558,21.761152,19.819366,22.350338,20.407846,16.572454,16.580894,19.99608,19.873163,15.919544,12.812934,17.159801,17.221209,20.851377,17.118397,13.770533,19.623241,17.223633,14.312799,17.609026,18.915646,17.380093,13.220704,17.027615,13.332899,16.514812,17.27261,16.823675,21.615036,16.977797,21.919058,17.130182,14.410523,12.763115,9.860589,12.335771,11.856388,13.549146,16.640474,18.914637,22.773235,24.699396,27.99486,22.418703,19.13157,19.435547,17.433136,16.758474,15.334837,13.946693,16.697285,14.029904,18.967934,22.551405,23.765823,21.830654,26.425255,21.467468,25.7289,25.119616,27.433138
16,25.583845,21.497892,20.617529,16.87491,13.640971,16.169622,10.48911,10.7037525,8.515232,8.135052,11.297205,11.830915,14.324728,11.66723,7.110898,4.1649127,0.0,3.937689,5.84829,10.698373,13.968126,15.657785,18.638088,17.431374,16.422161,15.342508,11.206421,8.525447,6.617696,5.434614,8.097641,5.806629,11.714105,11.986182,15.305468,18.60912,19.224186,17.967215,14.091652,10.749046,12.640833,9.551914,10.804179,9.837376,10.342405,10.886971,12.996036,15.220608,17.920336,18.077505,19.238024,16.605026,21.211578,20.196877,22.418839,19.912148,17.006315,17.555798,21.386948,21.70711,17.385836,14.916649,20.00969,20.567749,24.143602,19.981993,17.41172,23.442522,21.080976,18.322153,21.613297,23.045612,21.340538,17.283567,20.74149,17.056807,19.60188,20.285,19.200981,23.793228,19.373913,24.467731,19.727543,17.430275,14.970899,11.760269,13.038906,11.6951065,11.908566,14.822181,16.338808,20.439014,21.948458,25.63191,20.27785,17.185738,18.140985,16.955378,16.339455,16.308968,15.570452,19.021639,17.023645,22.21665,25.894045,26.69156,24.431728,28.470451,22.951067,26.908901,25.631456,27.682323
17,25.548283,21.301163,20.339796,17.354328,13.7622595,15.897765,11.494261,10.341921,10.075372,8.15873,12.363126,14.451423,16.416815,14.034411,9.737308,5.564945,3.937689,0.0,6.6109056,8.587389,12.731995,13.820555,17.2339,15.8312845,14.162163,13.783755,9.127942,7.7986193,5.5936007,7.060231,9.82298,9.342972,14.619285,15.466228,18.784678,22.005594,22.9686,21.676579,17.949713,14.629186,15.911665,12.4222765,13.054651,10.922703,11.332126,10.223308,12.764796,13.367326,16.54933,15.728714,16.307745,13.693729,18.320713,17.160345,19.859623,17.74448,14.688771,15.985965,19.187153,20.361645,16.81899,13.451285,18.689713,19.227083,23.1373,19.674246,16.864637,22.899958,21.538782,18.8481,22.636232,23.592394,22.409737,17.885672,21.3339,16.760403,19.532999,19.322403,17.897957,22.160915,17.365606,22.109592,17.614838,15.244824,12.228287,8.771282,9.716164,7.8075614,8.277385,11.292767,13.358553,17.273157,19.134655,22.48259,17.020958,13.985628,14.381914,13.146025,12.438524,12.609662,12.4203825,16.042505,14.830834,20.08369,23.750645,24.048126,21.53149,25.138771,19.372585,23.18484,21.744835,23.790619
18,19.936588,15.833987,15.478435,11.760671,8.46459,12.512569,6.908704,10.540032,9.785999,11.070914,15.221408,15.270273,19.098495,17.145842,12.686829,9.969269,5.84829,6.6109056,0.0,6.7355957,8.693437,10.801083,13.259172,12.577781,12.435542,11.187114,8.646527,6.0377154,8.101287,5.58848,12.891763,9.382576,16.431541,16.33932,19.326054,22.85942,22.507967,21.107437,16.945984,13.552528,15.86299,11.741402,14.524447,12.784889,10.2708845,11.981601,11.086127,13.460632,14.819592,15.727633,17.466436,16.09894,21.058683,21.333015,23.149004,20.122679,18.629147,19.962744,23.905666,24.920597,20.58503,18.69231,24.31909,25.319666,28.878942,24.539747,22.636219,28.780378,26.684874,24.060411,27.447325,28.872084,27.116936,23.033474,26.156431,22.315235,24.273264,24.678577,22.905563,27.05775,22.957882,27.994322,23.49323,21.700682,18.48053,15.238038,15.046002,12.838385,10.809286,12.99133,13.039883,17.277617,18.019283,22.181322,17.407232,14.881598,16.767431,16.899069,16.464163,18.257967,18.44334,22.432726,21.33422,26.647266,30.352982,30.578644,27.953257,31.1756,25.109623,28.50612,26.385275,27.977728
19,18.516687,14.2401905,14.050453,12.386019,8.845786,12.209161,10.1526,11.962073,13.933609,13.746624,18.832735,20.481356,23.848274,22.158224,17.723331,13.951548,10.698373,8.587389,6.7355957,0.0,4.7980194,5.335241,8.778369,8.005525,6.882472,7.4870167,5.7386093,6.865686,9.850212,10.296167,17.153145,15.303724,21.925674,22.459133,25.535082,29.076794,29.08042,27.599909,23.553757,20.117361,21.74384,17.1795,19.270628,16.284775,13.416181,13.155359,11.754817,11.047644,12.249513,11.6852255,12.7085285,12.5867,17.481085,18.409634,20.539087,17.965134,17.220638,19.800043,22.743109,25.107576,21.915401,19.352434,25.012362,26.122726,29.932957,26.469955,24.579369,30.595142,29.74645,27.258636,31.204498,32.092613,30.926945,26.344923,29.370564,24.58673,26.593277,25.872488,23.534039,26.913774,22.69141,26.986252,23.14689,21.612593,17.726746,14.70003,13.221163,10.066319,6.1474876,7.0985746,6.3391447,10.6008005,11.42622,15.473383,10.889627,9.155648,10.846513,12.311248,11.921413,15.3796015,16.826637,20.92224,21.258642,26.35442,29.89675,29.230202,26.22761,28.272202,21.876488,24.511042,21.66661,22.870712
20,14.89253,10.779692,11.957694,10.603787,7.936886,12.75316,11.139416,15.226401,16.86294,17.728712,22.639437,23.435684,27.385197,25.59973,21.001358,17.700829,13.968126,12.731995,8.693437,4.7980194,0.0,3.8040571,4.823811,4.4799566,5.732511,5.51761,7.4217706,8.307752,12.78931,12.112492,20.101723,17.512161,24.498749,24.959595,27.64532,31.447735,30.78928,29.11537,25.111973,21.779636,23.393187,18.587753,21.425234,18.478428,14.245407,15.147565,11.601903,11.566416,10.8104,11.702813,13.615245,14.612197,19.205961,21.183487,22.496279,19.440151,19.906626,22.435534,25.703472,27.985392,24.505745,22.861021,28.698082,30.182693,33.7218,29.776863,28.565226,34.66907,33.55585,31.197279,35.11765,36.301334,34.993027,30.569551,33.673378,29.118813,31.016542,30.514687,28.12146,31.451843,27.418827,31.717197,27.918484,26.383528,22.516806,19.419273,17.967348,14.502742,10.565035,10.203544,7.6301694,11.07628,10.728838,15.291071,12.33713,11.89272,13.820196,16.32516,15.653476,19.774744,21.032927,25.373587,25.667355,30.826603,34.445053,33.776806,30.77653,32.438858,26.08627,28.399414,25.143833,26.17841
21,14.4375725,10.396187,10.687367,10.755428,8.230938,11.345006,11.774746,14.529616,17.28277,17.759882,22.873291,24.345419,28.252047,27.072588,22.75836,19.10453,15.657785,13.820555,10.801083,5.335241,3.8040571,0.0,4.2003756,5.9840417,6.407674,8.058042,9.493129,11.152164,14.951214,14.897072,22.344255,19.992895,26.882666,27.040348,30.113535,33.579914,33.206512,31.814526,27.640078,24.293379,26.278841,21.623884,24.172514,21.18249,17.509958,17.705706,14.914087,13.7759495,13.38008,13.122593,14.15928,15.5740385,19.99928,21.77303,23.619648,21.079357,21.29814,24.222736,26.88636,29.65908,26.682816,24.325756,29.95853,31.12429,34.94446,31.592354,29.816175,35.77521,35.070545,32.564037,36.45348,37.23648,35.977688,31.384567,34.057224,29.284302,30.764761,29.901497,27.163193,30.020117,26.352924,30.423035,26.956163,26.017143,21.91748,19.319954,16.95121,14.319311,9.561411,9.146449,5.8685575,9.048826,8.049559,12.481033,9.19845,8.904222,11.8572855,14.405165,14.750804,19.04337,21.20918,25.122517,26.044964,30.945272,34.321743,33.21538,30.040571,31.429691,24.940023,26.841158,23.485086,23.921526
22,12.07015,8.51275,10.485115,11.084485,9.682649,13.594084,14.081755,18.154398,20.486963,21.512674,26.504116,27.406368,31.606003,30.203503,25.714773,22.34339,18.638088,17.2339,13.259172,8.778369,4.823811,4.2003756,0.0,4.6369658,7.075498,8.027963,11.465855,12.976039,17.463417,16.89887,24.918173,22.24534,29.284948,29.542484,32.267574,35.976376,35.1451,33.555542,29.496162,26.241945,28.04103,23.23487,26.190096,23.171188,18.689234,19.514624,15.463631,14.672528,12.877728,13.640647,15.263619,17.40187,21.465996,24.009134,25.17756,22.326494,23.451565,26.316637,29.193172,31.900463,28.765703,27.108433,32.869896,34.36425,37.94814,34.23436,33.039783,39.07201,38.215126,35.846207,39.785923,40.816677,39.515633,35.0187,37.86507,33.20559,34.76077,34.03087,31.326681,34.202824,30.54321,34.57696,31.1249,30.0189,25.96469,23.195293,21.074286,17.939947,13.474188,12.332274,8.580246,10.52163,8.616968,13.079604,11.773582,12.567425,15.004525,18.206966,18.033548,22.720537,24.585726,28.749634,29.594715,34.569134,38.036167,36.96295,33.818237,34.886707,28.501307,30.192427,26.55287,26.985607
23,16.134413,12.58845,14.706438,14.229381,12.106357,16.708422,15.607236,19.403383,21.19355,21.659147,26.647303,27.633608,31.305471,29.07567,24.277376,20.915634,17.431374,15.8312845,12.577781,8.005525,4.4799566,5.9840417,4.6369658,0.0,3.5409372,3.7106645,8.171032,10.229198,14.730735,14.79669,22.549587,20.627758,27.358194,28.466017,30.813585,34.939163,34.236374,32.23923,28.504284,25.175854,26.022734,20.976067,23.593973,20.149994,15.55338,15.931013,11.664147,10.305406,8.287358,9.243771,11.381286,13.540762,17.453394,20.36545,21.031761,17.976889,19.595413,22.415995,25.383005,28.039396,25.00619,23.853659,29.628616,31.503355,34.77652,30.906181,30.386078,36.381832,35.69069,33.62682,37.86828,39.111866,38.14464,33.654823,37.0842,32.26355,34.55373,33.71352,31.364204,34.508865,30.216646,34.039906,30.544268,28.672768,24.834595,21.643705,20.402006,16.004393,12.50662,10.605822,7.511862,9.444736,9.073334,13.453264,12.328505,13.376613,13.946581,17.598598,16.027403,20.917898,22.026653,26.571896,27.215223,32.245075,35.868523,35.00632,32.02282,32.891453,26.766098,28.642,24.950165,26.116129
24,19.062262,15.3054495,16.688831,16.169237,13.454787,17.419096,16.241182,18.716381,20.769756,20.422548,25.4938,27.115501,30.256733,27.886103,23.118279,19.447947,16.422161,14.162163,12.435542,6.882472,5.732511,6.407674,7.075498,3.5409372,0.0,3.5596826,6.178113,9.344846,13.044318,14.230777,21.18058,20.087145,26.469238,27.935806,30.406809,34.50036,34.251816,32.246574,28.575455,25.154766,25.678217,20.645033,22.648743,18.889818,15.035543,14.24534,11.200888,8.318244,7.7693405,6.848306,8.303989,10.403378,14.401767,17.082281,18.113314,15.415953,16.727169,19.852232,22.396774,25.395273,22.834003,21.225857,26.852766,28.666502,32.007412,28.557081,27.902843,33.762638,33.512096,31.515007,35.934444,36.982613,36.303883,31.686205,35.207157,30.113218,32.667374,31.49198,29.220217,32.261154,27.730751,31.24249,27.925316,25.87786,22.07606,18.919182,17.805119,13.000541,9.907594,7.40665,4.9220943,7.0026126,7.998306,12.037681,10.324981,11.415577,10.847255,14.678586,12.621316,17.664898,18.83204,23.33404,24.243351,29.136068,32.6974,31.713642,28.73466,29.415785,23.361599,25.221478,21.54048,22.940908
25,19.108383,15.375581,17.248207,15.858842,13.2412815,18.145012,15.754752,19.269482,20.448532,20.569893,25.383825,26.32784,29.57217,26.770649,21.827816,18.59159,15.342508,13.783755,11.187114,7.4870167,5.51761,8.058042,8.027963,3.7106645,3.5596826,0.0,5.2046466,7.3291383,11.67276,12.137672,19.517431,18.12641,24.53372,26.190506,28.279621,32.62599,32.06642,29.839533,26.351036,23.007406,23.21507,18.09612,20.419617,16.772188,12.251625,12.347195,8.155947,6.802217,5.377415,6.7060833,9.445278,10.785179,14.900413,17.688879,18.114058,14.778413,16.342287,18.931358,22.19671,24.574312,21.391813,20.581146,26.39195,28.473742,31.538845,27.452305,27.317606,33.306572,32.565636,30.682842,35.045376,36.472248,35.671658,31.262943,35.076508,30.282892,33.063248,32.294434,30.286785,33.725296,29.028833,32.83659,29.194077,26.76241,23.188772,19.675035,19.262112,14.148317,11.689973,9.884771,8.133873,10.531665,11.388875,15.503826,13.737736,14.281648,13.80845,17.165478,14.682879,19.250032,19.587427,24.385607,24.620216,29.738377,33.498936,32.95751,30.151802,31.22023,25.304361,27.56279,24.096169,25.87624
26,22.275408,18.158617,18.95884,16.898714,13.556418,17.764305,14.479066,16.466045,17.339485,16.617775,21.28416,22.718737,25.306147,22.292368,17.40222,13.91476,11.206421,9.127942,8.646527,5.7386093,7.4217706,9.493129,11.465855,8.171032,6.178113,5.2046466,0.0,3.9374115,6.8961573,8.736104,15.04949,14.505705,20.498375,22.425924,24.732769,28.936216,28.966223,26.841492,23.394878,19.969248,19.983812,15.043687,16.613379,12.818035,9.669292,8.433944,7.024091,5.4558315,7.742255,7.18209,8.922489,8.081248,12.967735,14.420209,15.671912,12.60474,12.54607,15.026545,18.369682,20.58344,17.36351,15.801178,21.646782,23.497414,26.755201,22.854584,22.242697,28.253668,27.5855,25.633179,30.050539,31.358778,30.693352,26.22592,30.163906,25.288536,28.382421,27.577147,25.845598,29.497515,24.510044,28.357325,24.562227,21.80917,18.430525,14.731116,14.991856,9.594178,8.354818,7.6256237,8.128479,11.4195,13.366807,17.103487,13.695575,13.019927,11.929002,14.124345,11.29391,14.959814,14.844263,19.669567,19.56651,24.778759,28.593569,28.298973,25.595692,27.256382,21.388077,24.218155,21.301857,23.52208
27,22.254696,18.157152,18.90291,15.894661,12.640989,17.306833,12.668615,15.5332575,15.264745,15.225365,19.442207,20.029036,22.834404,19.592361,14.586636,11.673901,8.525447,7.7986193,6.0377154,6.865686,8.307752,11.152164,12.976039,10.229198,9.344846,7.3291383,3.9374115,0.0,5.020929,4.98431,12.348854,10.942698,17.264898,19.023787,21.163975,25.471367,25.236305,23.063871,19.612139,16.211458,16.350739,11.370621,13.499065,10.208475,6.5891685,7.1871405,5.6240163,7.5862346,9.450835,10.405872,12.559707,11.041325,15.803841,16.76384,17.812231,14.431932,13.829478,15.3721485,19.492283,20.762814,16.626781,15.589958,21.522562,23.328022,26.450026,21.887989,21.315825,27.48283,26.010607,23.972166,28.100283,29.759602,28.741789,24.5475,28.566889,24.2064,27.258808,27.073694,25.59623,29.66683,24.773697,29.105867,24.905367,22.06822,18.984316,15.142568,15.9394655,11.29749,10.435487,10.940363,11.396802,15.066572,16.608713,20.61119,16.816029,15.44912,15.213404,16.558022,14.1895485,16.842623,16.121532,20.866783,19.893847,25.289759,29.217081,29.434124,26.91581,29.315742,23.555853,26.81828,24.312378,26.599531
28,26.776827,22.59009,22.719166,19.552162,16.087162,19.74508,14.774924,15.613034,14.78986,13.537983,17.13189,18.275917,19.894941,16.037207,11.101099,8.103986,6.617696,5.5936007,8.101287,9.850212,12.78931,14.951214,17.463417,14.730735,13.044318,11.67276,6.8961573,5.020929,0.0,4.8527446,8.200366,8.925183,13.92519,16.464378,18.61676,22.808443,23.359943,21.213987,18.127434,14.822646,14.178778,9.812006,10.290272,6.7505646,6.5898643,4.6823597,8.041746,9.253441,12.738967,12.510177,13.751813,10.693224,15.081345,14.596327,16.152552,13.359991,11.014716,11.899722,16.05291,16.836203,12.681676,10.964048,16.813887,18.462322,21.623755,17.174643,16.29714,22.470499,21.07944,19.092754,23.405294,25.037758,24.322334,20.119444,24.526093,20.120031,23.808844,23.58779,22.648903,26.93143,21.672129,25.837618,21.570465,18.110281,15.617069,11.605681,13.798677,9.301603,10.719117,11.989674,13.949398,17.461159,19.690567,23.17303,18.768583,16.830173,15.743858,15.911681,13.186012,14.246807,12.459152,17.0474,15.372621,20.788439,24.77774,25.423426,23.19257,26.145853,20.8449,24.609093,22.807,25.58207
29,24.419086,20.430517,20.718153,16.827038,13.78599,18.082438,12.099264,14.881793,12.9857,13.415489,16.641209,16.287313,18.960371,15.358658,10.351712,8.495767,5.434614,7.060231,5.58848,10.296167,12.112492,14.897072,16.89887,14.79669,14.230777,12.137672,8.736104,4.98431,4.8527446,0.0,8.529534,6.006246,12.58348,14.158651,16.20641,20.535975,20.273865,18.133364,14.688457,11.295879,11.610811,6.8897896,9.417966,7.392403,5.257818,7.5902786,8.034071,11.707034,13.759985,15.0376835,17.052582,14.728722,19.248861,19.30089,20.440426,17.174555,15.533892,15.94982,20.541477,20.697803,15.794801,15.028675,20.659832,22.18229,25.151993,20.089693,19.272135,25.434406,23.025833,20.85992,24.531933,26.537964,25.13321,21.340965,25.418055,21.780195,24.823914,25.377771,24.36356,28.8703,24.130142,28.873129,24.303156,21.377783,18.876572,15.120554,16.68987,13.255305,13.252403,14.863393,15.766189,19.67376,21.148336,25.159348,20.772015,18.629704,18.884562,19.109976,17.216581,18.469057,17.081158,21.407011,19.412432,24.801367,28.740198,29.590384,27.374329,30.689985,25.225368,28.984713,27.114937,29.521677
30,32.641277,28.61298,28.313383,24.356821,21.251955,24.253746,18.284418,18.28925,15.405511,14.189608,15.240948,15.222305,15.147066,9.780307,5.5468845,6.297499,8.097641,9.82298,12.891763,17.153145,20.101723,22.344255,24.918173,22.549587,21.18058,19.517431,15.04949,12.348854,8.200366,8.529534,0.0,5.8509564,6.2136865,10.188439,11.592516,15.709802,17.003323,14.8638115,12.795478,10.312165,8.241345,6.8352656,4.187069,4.8170366,9.6755495,9.314899,13.931528,16.615044,19.976818,20.221989,21.36026,17.65394,21.089874,19.328178,20.709635,18.458008,14.921956,13.553704,17.851948,16.357801,11.416344,10.562977,14.768619,15.851588,18.325617,13.0766325,12.002354,17.835976,14.688908,12.729708,16.428787,18.87152,17.871115,14.61333,19.586271,16.658632,20.832455,21.762493,22.048674,26.84311,21.848267,26.146217,21.616371,17.761473,16.94932,13.649147,17.292042,14.963338,17.470068,19.578701,21.863142,25.465155,27.68843,31.10263,26.223541,23.60415,22.819084,21.664051,19.48948,18.349224,15.294991,18.534588,14.915475,19.729502,23.553478,25.498602,24.10037,28.365065,24.156477,28.508177,27.851685,30.885344
31,28.266264,24.467012,24.156092,19.764809,17.10139,20.39562,13.840997,15.580552,11.923436,12.636314,13.944845,12.321477,14.3699875,10.283486,5.764022,6.7027326,5.806629,9.342972,9.382576,15.303724,17.512161,19.992895,22.24534,20.627758,20.087145,18.12641,14.505705,10.942698,8.925183,6.006246,5.8509564,0.0,7.1926494,8.198866,10.348629,14.535023,14.555293,12.659548,9.226454,5.923045,6.9071198,4.60812,6.4852896,7.68039,9.00075,11.284642,13.324704,17.241526,19.563496,20.748156,22.490372,19.584188,23.781687,22.89116,24.245247,21.361275,18.722387,18.095766,22.670986,21.700195,16.490562,15.7883215,20.467382,21.40237,24.126858,18.898552,17.516096,23.30133,19.75201,17.410763,20.229803,22.594212,20.658817,17.559225,21.532822,19.054148,21.956339,23.44864,23.108467,27.958796,23.60174,28.611443,23.806906,20.964664,19.364305,16.12666,18.381945,16.536835,17.321814,19.72674,21.060091,25.0877,26.581844,30.491396,25.55372,22.757753,23.350466,22.476622,21.14587,20.93247,19.04025,22.519648,19.51956,24.534952,28.287169,29.836092,28.044884,32.320087,27.357698,31.526457,30.41188,32.870575
32,35.362988,31.617657,31.141758,26.702114,24.118818,26.828453,20.431572,20.767128,16.637926,16.457232,15.695106,13.784751,13.125476,7.5015316,6.0398316,9.855041,11.714105,14.619285,16.431541,21.925674,24.498749,26.882666,29.284948,27.358194,26.469238,24.53372,20.498375,17.264898,13.92519,12.58348,6.2136865,7.1926494,0.0,5.620398,5.5830436,9.80078,11.224465,9.226753,8.222559,7.272226,4.967063,7.910204,5.687662,9.651313,13.766704,14.968489,18.603525,22.260946,25.11133,25.983515,27.393513,23.801695,27.202614,25.39725,26.591366,24.28443,20.882572,18.986128,23.219757,20.824364,15.843209,15.832921,18.730774,19.270828,21.07375,15.785715,14.693398,19.401184,14.631711,12.7661495,14.671587,17.827688,15.956722,14.207424,18.6523,17.6389,21.129332,23.224688,24.048088,28.977757,24.732767,29.265276,24.6521,21.327879,21.159891,18.504566,21.92292,20.692005,22.789938,25.268349,27.258577,31.090195,32.999493,36.628227,31.539602,28.589851,28.515776,26.991985,25.397844,23.854475,20.917267,23.452415,19.36354,23.487825,26.927597,29.425333,28.401833,33.267555,29.402071,33.867455,33.564384,36.43669
33,33.973576,30.468435,29.449224,24.893974,22.758957,24.647188,18.426968,18.644455,13.8072405,14.706278,12.859918,9.3144245,9.515215,5.963619,6.5579953,10.631755,11.986182,15.466228,16.33932,22.459133,24.959595,27.040348,29.542484,28.466017,27.935806,26.190506,22.425924,19.023787,16.464378,14.158651,10.188439,8.198866,5.620398,0.0,4.554135,6.6324024,7.96289,7.780603,5.2450266,5.1514072,7.7810345,10.658233,10.485755,13.948975,16.79855,18.68177,21.41266,25.249954,27.750822,28.755058,30.206562,26.966356,30.894585,29.162264,30.837942,28.442045,25.01895,23.692959,27.774439,25.883781,21.046267,20.156204,23.179852,23.100735,25.420824,20.795013,18.454645,22.94577,18.092497,15.602322,16.290117,18.88025,15.92672,14.505324,17.46922,17.35964,19.385338,22.257954,22.837234,27.72955,24.388369,29.442883,24.688776,22.477894,22.075148,19.946466,22.403866,22.456104,23.6597,26.693985,28.305286,32.4074,33.84446,37.604687,32.14359,28.755995,29.811209,27.867075,27.340937,25.760542,23.768764,25.952501,22.231752,26.26792,29.440866,31.68813,30.459564,35.715782,31.456848,35.865025,35.613903,37.92668
34,36.679398,33.293587,32.724583,27.992897,25.994825,28.487846,21.983335,22.960531,18.130816,19.096409,17.355047,13.704229,13.406974,9.358266,9.875569,14.055681,15.305468,18.784678,19.326054,25.535082,27.64532,30.113535,32.267574,30.813585,30.406809,28.279621,24.732769,21.163975,18.61676,16.20641,11.592516,10.348629,5.5830436,4.554135,0.0,5.264065,5.715125,4.153485,4.7955756,6.5166035,6.2730703,10.899539,10.303679,14.547136,17.578648,19.844885,22.477495,26.806797,29.123756,30.542973,32.24022,28.894337,32.48722,30.894815,31.992683,29.47081,26.34517,24.430197,28.756174,26.148808,21.09437,21.405725,24.018026,24.313221,25.86241,20.711037,19.595411,23.609846,18.225605,16.472092,16.80844,20.087603,17.43102,16.896048,20.242369,20.63233,23.085264,25.992172,26.902113,31.79484,28.275333,33.06565,28.40841,25.712639,25.613943,23.271471,26.201847,25.55694,27.05436,29.743576,31.330566,35.353176,36.88491,40.743298,35.571598,32.43868,33.080936,31.469666,30.3557,28.885777,26.281374,28.618382,24.5318,28.393744,31.591568,34.21524,33.263313,38.40625,34.489548,38.957195,38.69282,41.323956
35,39.602367,36.346436,35.268906,30.614319,28.833464,30.424416,24.376541,24.445026,19.45472,20.443974,17.415339,13.355103,12.000501,9.916532,12.633055,16.914413,18.60912,22.005594,22.85942,29.076794,31.447735,33.579914,35.976376,34.939163,34.50036,32.62599,28.936216,25.471367,22.808443,20.535975,15.709802,14.535023,9.80078,6.6324024,5.264065,0.0,4.620734,6.615699,7.803244,10.235875,11.525949,15.931822,15.193795,19.312975,22.528727,24.513613,27.35182,31.438948,33.89038,35.065357,36.5469,33.14187,36.79055,34.806923,36.300816,34.046555,30.511795,28.639076,32.5572,29.92457,25.303558,24.981512,26.926142,26.536072,28.107693,23.77743,21.75381,24.92636,19.335,17.445362,16.259115,19.165283,15.867567,16.504005,18.55539,20.402508,21.894209,25.45843,26.717428,31.391136,28.68821,33.428112,28.941437,26.918455,27.266642,25.596397,28.27535,28.72069,30.182587,33.258835,34.93617,39.029903,40.47053,44.226006,38.708477,35.22651,36.281643,34.089886,33.610897,31.559845,29.265131,30.897066,26.78502,30.068556,32.82063,35.58956,34.842785,40.433285,36.776123,41.261295,41.415512,43.796116
